   0.0000000000000000e+00	   2.7604740893238154e-03	   5.6510966676145924e-01	   1.6833275032620199e-01	  -5.7301901293402907e-03	   4.5011943875892324e-01	   5.4736653025050419e-01	  -2.6401283389782693e-01	  -1.3319852494866738e-01	   2.7500649976994296e-01	   5.4495680806672708e-01	   1.9446293239778498e-01	   2.9385908366334035e-01	   2.0007600776323387e-01	  -5.3046532340135809e-02	   5.5637184542393714e-01	   6.5525722898400429e-01	   6.3975208112384507e-01	   5.3544349855976714e-01	   5.9412195573535065e-01	   3.1177265152759936e-01	   2.8812741952212623e-01	   2.3569820960556767e-01	   3.6344303240493986e-01	   1.0759909100912342e-01	   4.0808122535103047e-01	   2.3720496015148154e-01	   4.2821854538928272e-01	   2.1353999558290318e-01	   2.7716934059755677e-01	  -1.4977975838158181e-01	  -4.8652279113365823e-02	   1.8064464317706655e-01	   1.4215989936562309e-01	   2.0852012214942017e-01	   2.0189693575642162e-01	   3.7165585421914460e-01	   2.8645226378347162e-02	   4.6521400439659806e-02	   4.3879537163461380e-02	   2.6458328841414386e-01	  -2.4706521046904767e-01	   2.9066598568436786e-01	   2.9728731582153961e-01	  -3.1955081612121475e-02	   3.2080954207344636e-02	   2.7907483555486284e-01	   3.1830449971749719e-01	   1.2616863896311400e-01	   1.4982421130839757e-01	   9.6829932687952050e-02	   1.6710414095977280e-01	   1.0569819685778162e-01	   6.1027441328428633e-01	   8.7733673057978606e-02	   4.8092663723696916e-01	   1.8464602508964365e+00	   1.4795004530691230e-01	   1.9642437684247063e-01	  -1.7578614792034467e-01	   1.1517871757826514e-01	  -4.0144628348611694e-01	   7.0594547713200895e-01	   9.4167172832500964e-02	   2.4488460701499870e-01	  -1.3390871645486061e-02	   2.5610055878682919e-01	   3.2264324349228413e-01	   6.0019947620480751e-01	   5.1837585359526961e-01	  -1.7703509025689623e-01	   1.8795270374727766e-01	  -2.7870770910390807e-02	   2.7312389968186157e-01	   8.4224163022125612e-02	   4.1990913122226176e-01	   5.0481280653995930e-01	   4.3932888419589433e-01	   4.3148719461968454e-01	   7.9331287089394220e-01	   5.2854307582601301e-01	   8.4792002893761764e-01	   2.6633071606525482e-01	   5.8927510201137490e-01	   2.8815500971077779e-01	   7.5076641878702532e-01	   2.5278528941556322e-01	   3.9796547768177004e-01	  -1.8394784557734339e-01	   8.3740070504962560e-01	   4.7997733752148219e-01	   6.8589849339513831e-01	   1.8958342837794456e-01	   7.8161146817955973e-01	   5.0601803788850142e-01	   3.6638482431696379e-01	   1.0164536678825165e-01	   6.6917411782119474e-01	   3.4533747255635994e-01	   5.6014275496925370e-01	  -1.5568665703787268e-01	   8.0269844616407038e-01	  -1.3887907960652049e-01	   1.0285314992862868e+00	   1.5465290103971449e-01	   5.5305823931686859e-01	  -4.8859771043435329e-01	   5.4109244991902194e-01	   2.1698741066065788e-01	   4.3539547188400723e-01	   5.4469953583830266e-01	   5.0276734055495464e-01	   6.5360131559178269e-01	   5.9820510460634602e-01	   4.4758659564561420e-01	   2.0284291340690017e-02	
   2.7604740893238154e-03	   0.0000000000000000e+00	  -2.6811453959254272e-01	   1.1616585553462260e+00	   7.0070637266760638e-01	   7.9833903993612718e-02	  -4.7289804509875211e-01	   8.8499338016450091e-01	   7.5084296689360097e-01	  -1.5786246068280958e-02	  -1.9398093367196087e-01	   4.4077379816799678e-01	  -4.0402002638424866e-01	   6.0413597093368743e-01	   7.0001151787855409e-01	   4.0393241917105936e-02	   6.1425867162076841e-01	   6.0289832278431854e-01	   5.6811116348867619e-01	   6.9880394045089078e-01	  -1.5809187620396725e-01	  -6.6060304704404389e-03	   9.2192933704182481e-03	   2.7297608377254617e-01	   1.3177078609221415e-01	   1.1752794499734959e-01	   2.2562950185390696e-01	   6.6174810635025019e-02	  -7.8661062457195313e-02	   2.5059720138712840e-02	  -1.8791558941847528e-01	  -2.1010388184934992e-01	   4.7963633039091685e-01	   5.2853928609740553e-01	   4.1207297589707054e-01	   2.1695666898382590e-01	  -4.7854958263645075e-01	   1.1365075109593566e-01	   1.7357127817967044e-01	   6.1612801539793996e-02	  -3.2145766431225248e-01	   3.6344819648230720e-02	   4.3299347767281310e-01	   4.2667603787245972e-01	   3.5386571864877403e-01	   3.3490969609790516e-01	   4.4263330777329701e-01	   3.6361037066467899e-01	   2.5781882938650841e-01	   3.9965298778904779e-01	   2.3426414069649559e-01	   2.1700329038790342e-01	   5.4853974333664768e-01	  -9.3432115062272489e-02	   6.1110399264375026e-01	  -5.2126593141132008e-02	   1.4321019928551987e-01	   1.7922722457012885e+00	  -2.9597810062850932e-01	   7.2289143321456795e-01	  -9.6981729448610110e-02	   6.3861314483234977e-01	   3.5813565827828447e-01	   1.2075256780273644e+00	   2.5164692836619368e-01	   6.9918435994826578e-01	   5.4775835552720031e-01	   5.5496993119762339e-01	   6.2499794633539296e-01	   6.8039675207839301e-01	  -1.1217670026001490e-01	  -4.9409027927970250e-01	   1.4014324347250015e-01	   4.5482727144331069e-02	   3.3650232285125292e-01	  -1.5589036455597416e-01	   3.7403958485604710e-02	  -2.1946236600730279e-01	   2.9574490805635872e-01	   9.8609148237830860e-02	   3.5702292671933378e-01	   1.2515566917892496e-01	   4.2412992244946346e-01	  -4.3235175327526444e-02	   4.7923476914922880e-01	   1.0260583106995004e-01	   5.3330466603969628e-01	   1.3880620824521275e-01	   1.2936348226725269e+00	  -4.2505245437761846e-01	   5.0027632051310744e-01	  -2.0739579042925203e-02	   7.8084963694301024e-01	  -4.7016774234833386e-01	  -7.4798412145963375e-02	  -1.9576527247761888e-01	   2.3037603546589597e-01	  -1.9629347626962995e-01	   3.0659099858615652e-01	   9.1814070696964206e-02	   1.2048604579051381e+00	  -5.3800108361260657e-01	   9.0293363519228254e-01	  -3.6234485026165431e-01	   5.5148246757289987e-01	   1.5260903930461539e-01	   7.7940796893616149e-01	  -7.2069517734639565e-01	  -1.3727737204816112e-01	  -7.5436685343839112e-03	   2.4309631564343320e-01	   4.0701356591274378e-02	   3.7207824689423121e-04	   4.3309722300180008e-02	   1.7121691182775850e-01	   8.3389175690067333e-02	
   5.6510966676145924e-01	  -2.6811453959254272e-01	   0.0000000000000000e+00	   2.0341754806054702e-01	  -3.2119673365714363e-01	   5.3227923430302776e-03	   1.7523682644033050e+00	   3.7213575650613950e-02	  -1.5928757223523832e-01	   3.1886549059034519e-01	   7.5574474892520871e-01	   1.9257834864209250e-01	   8.7551861464877201e-01	   1.1836336501548776e-01	  -2.3644463605719937e-02	   4.1233880045067040e-01	   2.6852205904720017e-01	   4.1068902269063534e-01	   3.6065440227725021e-01	   2.9336123091616673e-01	  -1.1907801156990992e-01	  -1.7035260809419975e-01	   7.9462120749513443e-01	   5.5199929102268230e-01	   6.3679780017366239e-02	   7.6254914941775165e-02	  -1.0014622299229446e-01	  -2.6577888034032580e-02	   6.4501049699699964e-01	   4.9033616571764627e-01	   1.8547124171272072e-01	   1.6409605031314384e-01	   2.0701858045161040e-01	   2.4507145197751345e-01	   2.3670895463643687e-01	   3.4487540228342189e-01	   2.1086774681366893e-01	  -5.1220362251386306e-02	  -1.6661988412058470e-02	  -4.4480259286513231e-02	   2.2238761104247370e-02	  -3.2675862184127447e-01	   3.1629862884185311e-01	   2.6240607550925926e-01	   1.5836274723919455e-01	   2.1296421723913816e-01	   2.3964959207870790e-01	   1.2164457936126005e-01	   4.4059225970211342e-02	  -3.3802919684642919e-02	   5.1735905063499434e-02	   2.9077354618533488e-02	  -1.6937592943871843e-01	   2.8876357473063335e-01	  -2.4022011150229894e-01	   1.6140241768768157e-01	   5.3700579522936853e-01	  -2.2562223015938798e-01	   3.0871419245264231e-01	  -4.2975204579715531e-01	   6.9049920104478180e-01	  -2.5790782453562022e-01	   3.5992974650009829e-01	  -1.1196907927752509e-01	   1.7024461687959203e-01	  -2.1569851901656689e-01	   4.5920211456517583e-02	   6.0554295045998276e-02	   1.6373703867525641e-01	   5.5006394313091359e-02	  -5.5869084412200551e-02	   2.5628126483648300e-01	   3.0685327188835987e-02	   2.9425803380594284e-01	  -4.1168375948022230e-03	   2.7906667240289817e-01	   2.9525476014658603e-01	   2.4583795670417902e-01	   4.1742269256238661e-02	   3.6651649736225261e-01	   8.8084118350124349e-02	   2.6223052101478922e-01	   6.3021750578253641e-02	   5.1967178900096966e-01	   7.4414645899594289e-02	   2.7548260811508746e-01	  -1.7748111291345314e-01	  -7.5559630672819636e-02	  -2.5926237448799722e-01	   6.0107403336059884e-01	  -2.3012160378919561e-03	   2.5121657941338227e-01	   6.1265467389857213e-02	   8.2453083601779131e-01	   1.0782972441176630e-01	   7.6226268478632092e-02	  -1.8946837799047808e-02	   3.1157272421425097e-01	  -8.0579815770259189e-02	  -1.6161508186055103e-02	  -3.0815382441715988e-01	   7.1882877402182055e-01	  -5.6725102176139142e-01	   4.8215346689258659e-01	  -3.0445089964637223e-01	   6.9368209231845954e-03	  -8.0953730395782253e-01	   4.0923874903116503e-01	   8.5771611944094300e-02	   1.3452936348003255e-01	   2.1635536057973823e-01	   1.0056235292390459e-01	   3.5847066641506531e-01	   2.0440620613656496e-01	   3.1005446764633438e-01	   2.7869409358818764e-01	
   1.6833275032620199e-01	   1.1616585553462260e+00	   2.0341754806054702e-01	   0.0000000000000000e+00	   4.7856817769526655e-01	   1.0559414425607396e-02	  -3.3246437772248297e-02	   1.1240049190926049e+00	   6.1051329192225845e-01	   8.0704389221867415e-02	   1.0602179783494205e-01	   5.8256204141043100e-01	  -1.0363895659258453e-01	   6.3733472255769807e-01	   6.3563221703153427e-01	   1.3031571989603041e-01	   8.1031646010852143e-01	   8.6383720608889281e-01	   7.4875449864477583e-01	   8.1215788681180312e-01	  -1.7257153494440705e-01	  -5.3709669374198979e-02	   4.0332387162753008e-01	   6.7816603928541219e-01	   2.7548227604732400e-01	   2.0348774513432802e-01	   2.0613040676623884e-01	   3.6385522596216816e-02	   2.4646116822740494e-01	   2.7621259880265620e-01	   1.1632713107561837e-02	  -1.1525625142487502e-02	   6.5553394938916243e-01	   7.2297123435989463e-01	   6.2765617979549337e-01	   4.6880897297275637e-01	  -2.8910373737568223e-01	   2.3366150279598003e-01	   2.4633826535505976e-01	   1.1815692788074547e-01	  -2.3313218065773900e-01	  -2.0104149714295749e-02	   6.0410898187078177e-01	   5.0680952709261085e-01	   3.6528732129608599e-01	   3.7365956529573546e-01	   5.7157796317595311e-01	   3.8618570188515144e-01	   2.2523553511485073e-01	   3.0930620570235118e-01	   2.5185906270908759e-01	   1.8393423293843081e-01	   4.6249732810249278e-01	   1.1748699796527496e-02	   4.8674026062256792e-01	  -2.3885796085467363e-02	   3.0217298792735159e-01	   1.0311101657915736e+00	  -1.6595873244471565e-01	   4.4951286588098355e-01	   1.7500875399353102e-01	   5.6689284007126994e-01	   4.9144084110648495e-01	   9.8086196927171510e-01	   2.7660551873557804e-01	   5.7532623675325523e-01	   5.2747922391601665e-01	   5.2511345747778693e-01	   6.3937210882455087e-01	   6.0176443719596984e-01	  -1.2464064392120684e-01	  -3.2921973052662418e-01	   1.6077462852670008e-01	   2.2668965247622458e-01	   3.5224872582369887e-01	  -1.2175112163796364e-02	   2.2332594540973100e-01	  -2.2526492803046267e-02	   4.1908117611130846e-01	   2.7590185078112400e-01	   4.3889740002181687e-01	   2.1911527236835390e-01	   4.7393945977801977e-01	   1.1087887893660714e-01	   5.2818238227746894e-01	   1.6631669062494733e-01	   4.5466290885422511e-01	   1.6057634634270998e-01	   1.0099235599526499e+00	  -2.1326378438141250e-01	   5.5045585124254492e-01	   1.0349724170378473e-01	   1.0070619998164039e+00	  -1.4496072248862221e-01	   3.1615459299227565e-02	  -4.4071157904388251e-02	   2.4235506513155960e-01	  -6.8562512535059045e-02	   2.5988617619461213e-01	   6.1836861950373974e-02	   9.1540524481414842e-01	  -2.8461971985816836e-01	   5.2352131093838339e-01	  -2.2120035411773686e-01	   3.6840512648745410e-01	   1.2851371764727312e-01	   3.7934388955084236e-01	  -6.4587150515117386e-01	   1.0719694908717966e-02	   1.5618703216974333e-01	   3.8201018786349539e-01	   1.2669778114143440e-01	   2.0160378107262131e-01	   1.7532871475788223e-01	   3.8624999050910280e-01	   2.8194181305707133e-01	
  -5.7301901293402907e-03	   7.0070637266760638e-01	  -3.2119673365714363e-01	   4.7856817769526655e-01	   0.0000000000000000e+00	   8.3513374695914000e-01	  -3.9068493046245184e-01	   3.8046689736857858e-01	   1.5547026501606342e+00	   5.4354239845766938e-01	   5.9124042429630499e-02	   5.3042616435944312e-01	  -4.3604769923232645e-02	   8.4262749725581421e-01	   1.2217502457737521e+00	   4.9210373810405023e-01	   4.4496568932975672e-01	   2.1735713087215730e-01	   3.5506844946677146e-01	   3.0965420846740538e-01	   3.4113553485349318e-01	   5.6593384805712810e-01	   1.7936106892254544e-01	   3.1409572936430813e-01	   7.7437542725506936e-01	   7.2128973083989956e-01	   1.0929366716269922e+00	   8.0815643657863978e-01	  -5.7664636612595369e-02	  -8.7685942013026014e-02	   2.5899676376251574e-01	   2.6400528867317824e-01	   3.4489028620150891e-01	   2.7750647587673360e-01	   2.9810480867758760e-01	   6.1974803161874044e-02	  -7.1360086718804908e-02	   1.2455219182622822e-01	   4.3262612890787400e-01	   2.9234786911761185e-01	   1.1708581449553979e-01	   1.8936610962253964e-01	   1.6497735560400772e-01	   9.2683800764642027e-02	   1.6042558412197824e-01	   8.9647938815826375e-02	   2.7171407634291483e-01	   1.5354380342859544e-01	   6.0581132028282503e-01	   5.7196504413680815e-01	   5.2629669770754972e-01	   4.4718083833921568e-01	   4.7256554281318719e-01	   3.4841028940847833e-02	   7.3134428441040067e-01	   1.9446264280176304e-01	   8.5463457535044376e-02	   6.0221739836565624e-01	   2.8135489940697073e-01	   1.0242279277231154e+00	   1.6646771290309109e-01	   6.0221951753078817e-01	   3.4024342303799088e-01	   6.7392762452006538e-01	   6.4597649606103658e-01	   9.8736453318409478e-01	   8.6318161450089215e-01	   6.1947519730489786e-01	   4.9821654107980018e-01	   4.3284740451013309e-01	  -4.5898838836851252e-02	  -2.7104828045318563e-01	   1.2345928488484653e-01	  -1.6635585398852759e-01	   1.4828105078545728e-01	  -2.3783471659066657e-01	  -1.8573642489333400e-01	  -3.4635737031926112e-01	   1.9741777693666937e-01	   7.4342597898919824e-02	   4.6123327909061151e-01	   2.3791634625119473e-01	   9.9372647732386477e-01	   1.5074501696129045e-01	   7.1749355909121693e-01	   3.0643564449344080e-01	   1.0683410808684277e+00	   5.4450450269603878e-01	   9.4186126136107318e-01	  -1.9033461110463765e-01	   3.8313129179450883e-01	   1.1042621710184564e-01	   2.4837303095807392e-01	  -5.3596767668575573e-01	  -1.7140543523995461e-01	  -1.5787982427094488e-01	   5.8730734661278115e-02	  -1.4910215220275652e-01	   3.5117100850455202e-01	   2.7553290957910093e-01	   5.0679178147843762e-01	  -5.3208721606786857e-01	   6.3266831940782386e-01	  -2.0179261556902300e-01	   5.8962322212321772e-01	   2.7825102026572368e-01	   7.9317018300107500e-01	  -2.7505240962035749e-01	  -2.9153505950907754e-01	  -1.8582624488629290e-01	   7.8016912549341594e-02	   7.7238714597625243e-03	   4.3428278850509178e-02	   9.8769486475140708e-02	   7.8097150012973113e-02	  -1.9850219445281522e-01	
   4.5011943875892324e-01	   7.9833903993612718e-02	   5.3227923430302776e-03	   1.0559414425607396e-02	   8.3513374695914000e-01	   0.0000000000000000e+00	   8.8426705224863802e-02	  -2.7876329425378665e-01	   5.4397560006424694e-01	   1.0137981759948260e+00	   3.5352294724100419e-01	   3.2226815476703641e-01	   2.8697903800273228e-01	   5.4530434925282845e-01	   5.2659311462487113e-01	   1.0805596257823815e+00	   3.5885864611059143e-01	   1.6278834244836909e-01	   1.2153346008745178e-01	   1.2671439484773239e-01	   6.6921581716489442e-01	   8.6332057632750570e-01	   2.4637123782554277e-01	   3.2083875853123589e-01	   7.0865750263643246e-01	   1.1660309942399401e+00	   1.2008839493210601e+00	   1.6811367847518242e+00	  -7.3474297563193028e-02	  -7.0830273565548815e-02	   2.7729626553305359e-01	   3.7337675313199081e-01	   1.0572117956313777e-05	  -6.6001286821522329e-02	   1.8442311397086583e-01	   9.9655440263257442e-02	   4.5475358822324297e-01	   1.5350774789002825e-01	   4.7945100110455091e-01	   4.4453063331917797e-01	   5.8164884719084398e-01	   2.2060634114257571e-01	  -2.5287438416905537e-02	  -4.0908338239285233e-02	  -5.8493126227617348e-02	  -9.3425485446339537e-02	   8.3787267830260456e-02	   1.1375970101146457e-01	   5.3510536895702610e-01	   3.8947502869625722e-01	   4.0200303814403388e-01	   4.7474967574539662e-01	   1.5938363706879519e-01	   4.1395080333478229e-01	   4.0655575794645410e-01	   6.2483790165184483e-01	   4.8170926624939481e-01	   1.1448637277991269e-01	   6.7482391763454608e-01	   4.4868198889665489e-01	   2.3657240980582017e-01	   1.1770321274024803e-02	   3.8613230008692678e-01	   1.3519630707148211e-01	   6.8269726901280225e-01	   5.0507973503993364e-01	   6.0541504332854568e-01	   5.1063404744695529e-01	   2.9170769358750370e-01	   2.5897413408638437e-01	  -4.0730972172387164e-02	   1.9387624427026012e-01	  -2.0390460844861669e-02	  -4.1615369075528756e-02	  -1.8262818987487085e-04	   1.3277750623233120e-01	   3.7481254719100500e-02	   7.9827112240728096e-02	   2.5682774152277937e-01	   3.6532916537839644e-01	   5.2205776831902817e-01	   6.5624352701706845e-01	   8.7928425664953647e-01	   5.8401955911258563e-01	   5.9690351898338423e-01	   7.9024158813297873e-01	   9.3028871386982359e-01	   7.0054082912813398e-01	   1.7807851657571133e-01	   5.4219212608858003e-01	   2.8922382060848295e-01	   4.6951416285732617e-01	  -1.2894595716777074e-01	   7.2378482660488880e-02	  -9.8139709271598315e-03	  -3.8907746123858195e-02	  -1.6069249770425637e-02	   2.2728255025862687e-01	   4.1476704676232967e-01	   5.7468840287142620e-01	  -1.2738866573132390e-01	   1.1913893896671597e-01	   7.1151681569997960e-02	   4.4548149001840787e-01	   3.7366755120555289e-01	   5.2399053215892999e-01	   7.2668701818275269e-02	   3.8253318736574715e-01	  -2.7554831895136800e-01	  -9.0838138548925515e-02	   2.0439105734677038e-01	   2.1988575674971378e-01	   2.6534181791860634e-01	   3.4592134232813238e-01	   1.8738664011195416e-01	  -3.3266255038737841e-01	
   5.4736653025050419e-01	  -4.7289804509875211e-01	   1.7523682644033050e+00	  -3.3246437772248297e-02	  -3.9068493046245184e-01	   8.8426705224863802e-02	   0.0000000000000000e+00	  -1.2921695036717523e-01	  -2.4011963764703373e-01	   4.2986049177792451e-01	   9.5706596484308182e-01	   2.1502714893759375e-01	   1.2075342168779239e+00	   1.0625532421631510e-01	  -1.0481993397563848e-01	   4.5188271143692732e-01	   1.6259879384732490e-01	   2.8861321188961819e-01	   1.7064374965713627e-01	   1.2282934456383275e-01	  -6.5115363760695613e-02	  -1.6567440587459464e-01	   6.2216269863628848e-01	   3.8097945532585586e-01	   2.9195818433774848e-02	   6.5233725605558249e-02	  -8.1206217544840614e-02	   2.2168674971750214e-02	   5.2791880599481411e-01	   4.0460310762134089e-01	   1.9249240430354078e-01	   1.6467655425300221e-01	   6.7477456230484664e-02	   1.0529786528440974e-01	   1.6992023625144909e-01	   3.4751985617350462e-01	   3.1964193589022916e-01	  -2.7718052790431744e-02	   6.0231483914375914e-03	   2.1581287170794099e-02	   1.3158640008538719e-01	  -2.5249035977194989e-01	   8.9919620748108997e-02	   7.4410201240072638e-02	  -3.1556117370362416e-02	   3.5699382063363178e-02	   6.5536079708689604e-02	   1.5459517306515656e-03	  -1.5514160259500465e-02	  -8.6161684106515382e-02	   5.3046723722469678e-02	   8.6944733464673948e-02	  -2.0784161286727196e-01	   4.0369575858857742e-01	  -2.8385372663518760e-01	   2.4430791926768775e-01	   4.8271430090396772e-01	  -4.2754874809739118e-01	   4.5393675142053069e-01	  -4.3449248736607238e-01	   8.0477572203908354e-01	  -2.9458778407336134e-01	   3.1392946506236713e-01	  -2.2877699861039705e-01	   1.7232303497592166e-01	  -2.2808443119765509e-01	  -2.1950831781761965e-02	   1.6793046577962063e-02	   1.2821763820798793e-02	  -7.6797116448777611e-02	  -1.2029237707709785e-01	   3.1164037334211991e-01	  -5.2611313083191669e-02	   2.8697943051156816e-01	  -1.4456564100145217e-01	   3.0236272391675911e-01	   2.0155681637739156e-01	   2.4805604473139134e-01	   2.4916743423765617e-03	   3.2254124959085306e-01	   9.3258517580325467e-02	   3.1820540970188926e-01	   5.0897904322233845e-02	   5.6696464930850454e-01	   7.5321635980338655e-02	   3.6589230198433348e-01	  -1.7174415779332167e-01	  -8.4744056848267232e-02	  -4.1066146705129403e-01	   8.0946294823875831e-01	  -1.1887070217163782e-01	   2.7135040597921711e-01	  -1.1683645308581829e-01	   9.0346577133037731e-01	   5.7345199189766792e-02	  -1.5779075015316384e-02	  -9.1622927366752233e-02	   3.0873085614433710e-01	  -8.8675584263666632e-02	   3.5564397015616346e-02	  -5.3023927911372537e-01	   8.3458469129062196e-01	  -7.8713354163861204e-01	   5.7982313680072972e-01	  -3.5001930835677530e-01	   4.8097761605777958e-02	  -1.0459656997356854e+00	   6.3187743492144621e-01	  -5.4864046988900702e-03	   1.1988362451385258e-02	   1.4626379138823423e-01	   9.5711570371471655e-02	   3.6434146601108297e-01	   1.9656422527335277e-01	   2.9210958961134026e-01	   2.3411035241347450e-01	
  -2.6401283389782693e-01	   8.8499338016450091e-01	   3.7213575650613950e-02	   1.1240049190926049e+00	   3.8046689736857858e-01	  -2.7876329425378665e-01	  -1.2921695036717523e-01	   0.0000000000000000e+00	   6.2895001547420493e-01	  -2.6321081833883691e-02	   5.1069346203315567e-02	   6.1763537737110696e-01	  -3.4589797841774003e-02	   5.5937333214418961e-01	   6.2430020432764011e-01	  -1.7536438652894840e-01	   3.7359351365603355e-01	   4.0395338848941786e-01	   4.9131219108730545e-01	   4.5685096921714696e-01	  -5.1999519879093925e-01	  -3.5435400085670460e-01	   2.1852481140063076e-01	   3.0316522068029322e-01	   5.7539978576388227e-02	  -1.9780613237011305e-01	  -3.7589479508265078e-02	  -2.9494914568703545e-01	   2.0059270538040436e-01	   2.0879991847815230e-01	  -2.2680851097161892e-02	  -1.0833575158702204e-01	   5.7483240160320459e-01	   6.6056675650788965e-01	   3.8491590697829975e-01	   2.9302882585537932e-01	  -6.6354256602273243e-01	   4.8878177226871634e-02	   1.8553671666764100e-02	  -9.8333222485233407e-02	  -5.4805041065194549e-01	  -1.0564097475496205e-01	   3.6881768717482888e-01	   3.0352244089844788e-01	   2.8949909145948316e-01	   3.0205388993824800e-01	   3.5773604762876748e-01	   1.4202937006951574e-01	   1.3405716429183684e-01	   2.5250253109443815e-01	   2.4813640374633056e-01	   1.4312915599597270e-01	   4.5892054797797871e-01	  -1.9578581858988622e-01	   3.5407532864919461e-01	  -3.2684652537339576e-01	  -1.5438940920172659e-01	   6.6245223492854211e-01	  -1.5547634257280840e-01	   5.2520113510183997e-01	   2.8745164238825549e-01	   9.9827304094686342e-01	   1.9169788004182378e-01	   8.6056801384095749e-01	   7.5586005719105009e-02	   5.0050717034308123e-01	   3.4598421586878447e-01	   2.9373438128035978e-01	   3.6240941131282428e-01	   2.9659363058414606e-01	  -2.4357215083245803e-01	  -6.1629328587806709e-01	   1.4163879942275687e-01	   1.0221139359146242e-01	   1.6979112825650211e-01	  -2.9468731977977564e-01	  -1.2041310962596175e-01	  -4.0299739204767393e-01	   9.3160799741582159e-02	  -1.5989783314180661e-01	   1.6974503769697233e-01	  -1.7034310593989593e-01	   2.4622316400344746e-01	  -1.7625802079753461e-01	   3.4314007753342785e-01	  -1.8118993691082308e-01	   1.6168633111189684e-01	  -1.2609816548811625e-01	   1.0380037480092457e+00	  -6.2190183316242975e-01	   2.3508158588369377e-01	  -2.1188534836407058e-01	   7.9812653515987542e-01	  -4.2022479231155485e-01	  -2.0781042078784906e-01	  -2.9320063246868672e-01	   7.5756399199484140e-02	  -4.2309386074462374e-01	   9.1055492409939098e-03	  -2.2922855476741028e-01	   9.8908580139720903e-01	  -5.5192852990141883e-01	   5.0154672748028228e-01	  -6.4595187271908339e-01	   1.7537323922966092e-01	  -2.0139221460292961e-01	   4.9922442601257017e-01	  -8.7870832590902559e-01	  -5.9803227790080869e-02	  -1.6961838884488342e-01	   1.8155241385367026e-02	  -1.3464688480327305e-01	  -1.1000553556329083e-02	  -1.5159744530849342e-01	   1.0704326762124049e-01	   3.6068356813564817e-01	
  -1.3319852494866738e-01	   7.5084296689360097e-01	  -1.5928757223523832e-01	   6.1051329192225845e-01	   1.5547026501606342e+00	   5.4397560006424694e-01	  -2.4011963764703373e-01	   6.2895001547420493e-01	   0.0000000000000000e+00	   5.7860089177479901e-01	   1.5249381438210821e-01	   7.2034950062850744e-01	   1.2342295513733667e-01	   1.0682393776120553e+00	   1.8827980825851061e+00	   5.0067476930670896e-01	   3.9699742228495416e-01	   2.8073277227919274e-01	   3.4636916626183473e-01	   3.0355412506615070e-01	   1.3479148230981680e-01	   2.9681355342886317e-01	   3.1246506174869731e-01	   4.0540623746565874e-01	   6.8491726294698285e-01	   4.9119345048029373e-01	   8.4000038373854324e-01	   5.5288312974664755e-01	   6.2383415678292399e-02	   2.1927685320413639e-02	   2.8881521688669470e-01	   2.4291820234148073e-01	   3.5236891455367669e-01	   3.2706443728280343e-01	   3.3494636659132504e-01	   9.6598568104992025e-02	  -1.5876383924162318e-01	   1.7430201498861980e-01	   4.6658824659816173e-01	   2.9962796022846772e-01	  -5.4435652027284810e-04	   1.6359454829743303e-01	   2.0988828088921505e-01	   1.1613883856825494e-01	   2.3588343841824322e-01	   1.5647760844724329e-01	   3.0112271331378299e-01	   1.3077495640076112e-01	   5.3225915834248760e-01	   5.3303469092534583e-01	   5.2615494419920539e-01	   4.2523449981990064e-01	   4.6829687956468824e-01	  -1.8114234277477402e-02	   6.5638652608028603e-01	   1.1452368278762452e-01	  -2.4839772406998816e-02	   6.0519759903002346e-01	   2.2654981102837035e-01	   9.6745652172105823e-01	   3.1873438173767643e-01	   7.5911841916009004e-01	   2.9281719943926743e-01	   7.3815656252908612e-01	   6.2894153478569326e-01	   9.6653725566112414e-01	   7.0237239628369741e-01	   5.0140762356602997e-01	   4.2084077248949364e-01	   3.6613520238062058e-01	  -9.7454928107797767e-02	  -3.1711102433115390e-01	   4.2108855527634471e-02	  -2.0057142963296667e-01	   8.1658866682047679e-02	  -3.2375527814681820e-01	  -2.9974321167087992e-01	  -4.7384804334127495e-01	   6.9249724377436511e-02	  -1.0380990453998764e-02	   3.4550009986243574e-01	   1.2049548542309420e-01	   9.4531733165514287e-01	   1.7426577790774350e-01	   6.7818766771527150e-01	   2.0879093835463461e-01	   8.9491410026941831e-01	   3.8337853785466092e-01	   1.1074480704711309e+00	  -2.5532460460905615e-01	   2.7558411642633218e-01	  -5.3411666857720533e-03	   3.1774028981950897e-01	  -5.5031492842426966e-01	  -2.8335924840964510e-01	  -3.0837483557728368e-01	   3.5612570091104578e-02	  -2.8893504922504631e-01	   2.3680159875094173e-01	   1.3000088465591719e-01	   5.7157361304470500e-01	  -5.5839908044888653e-01	   5.2724745124904238e-01	  -3.4420607343054760e-01	   4.3538033623876504e-01	   1.3851347210712572e-01	   6.9329301718119041e-01	  -3.8806264421515002e-01	  -3.1068707171093424e-01	  -2.9827973577550781e-01	  -2.0058014450586130e-03	  -6.1984752232297817e-02	  -1.3081192384109675e-02	  -1.8876952586659328e-02	   5.3742491672594817e-02	  -1.3596443215556966e-01	
   2.7500649976994296e-01	  -1.5786246068280958e-02	   3.1886549059034519e-01	   8.0704389221867415e-02	   5.4354239845766938e-01	   1.0137981759948260e+00	   4.2986049177792451e-01	  -2.6321081833883691e-02	   5.7860089177479901e-01	   0.0000000000000000e+00	   5.2642512766722716e-01	   4.4484746529790531e-01	   6.8220867911612970e-01	   6.0220728633733345e-01	   6.1987969055759806e-01	   1.2551971951836178e+00	   1.6999643611480952e-01	   1.6590469933319102e-01	   1.6550267929818147e-02	   2.0346336058715362e-02	   2.2842670284601840e-01	   2.8423158118579606e-01	   4.5883696988599809e-01	   4.2255373838879345e-01	   5.4055277017918335e-01	   6.5502351923395019e-01	   6.8191238636165075e-01	   7.3929340192703730e-01	   6.7596155274502412e-02	   1.1938275553156483e-01	   3.8194182497483897e-01	   4.3658804368381970e-01	  -9.7336149639571948e-02	  -8.1258143411401904e-02	   7.7392828476976760e-02	   1.3603569855877912e-01	   2.4362698509790276e-01	   8.0081083261105759e-02	   3.4890937314076603e-01	   2.7765511294518630e-01	   2.8847420448061151e-01	   4.2297975677229982e-02	  -6.0439237043920263e-02	  -6.2001032807404814e-02	   5.3014559033548639e-02	   2.9983099588713452e-02	  -4.7037168076909143e-02	  -6.5362684792784370e-02	   4.2695065765671542e-01	   2.9404394908006165e-01	   2.2379809175495868e-01	   2.9011177520477421e-01	  -9.0692585295077566e-02	   1.8634984939712876e-01	   9.5743255909004135e-02	   3.1042027253023008e-01	   3.1827536191792116e-01	   1.7965095999973708e-02	   7.8490361242410456e-01	   4.4107338356563042e-01	   6.3942200153905548e-01	   2.2911888894702415e-01	   1.9481928577644386e-01	   7.4634586911591722e-02	   5.0616199455898292e-01	   4.3306527381930476e-01	   3.2143779825934943e-01	   3.1525033571986544e-01	   6.6513877808897670e-02	   5.4642136076579612e-02	  -1.0748868728386465e-01	   2.0068248279322129e-01	  -2.0969807274624669e-01	  -8.9501433455437568e-02	  -2.0684920082218047e-01	   5.7573135671606032e-02	  -2.2512778097843639e-01	  -6.7129360778320116e-02	   1.0980655297982669e-02	   2.0696344238903874e-01	   2.5169364513004872e-01	   3.6042758667605262e-01	   6.7916184745367780e-01	   6.3018532672529037e-01	   4.1786995475015565e-01	   4.8405922859467071e-01	   5.7856698276036411e-01	   5.2205993561564457e-01	   1.3894000140084581e-01	   4.9545877475138544e-01	   1.0641822962731902e-02	   2.3986428684139743e-01	  -1.1557241102727023e-01	   1.5900161708349772e-01	  -2.9482172024907227e-01	  -2.9456784990753326e-01	  -2.6113644464064678e-01	  -5.7889627954124015e-02	   8.2194785162245876e-02	   2.0780086100818290e-01	  -1.4631948349422672e-01	   2.3407434732599958e-01	  -9.3711825205787053e-02	   3.1974055191013029e-01	   3.7766540929893677e-02	   1.4682278977911828e-01	  -1.1618957168329498e-01	   3.7919940622120896e-01	  -3.2394080142287424e-01	  -3.8383037301917311e-01	  -2.4334637996538955e-02	   5.1577539264257691e-02	   1.8110738000352772e-01	   1.0185807357259763e-01	   1.2461776422241082e-01	  -1.2419516731589061e-01	
   5.4495680806672708e-01	  -1.9398093367196087e-01	   7.5574474892520871e-01	   1.0602179783494205e-01	   5.9124042429630499e-02	   3.5352294724100419e-01	   9.5706596484308182e-01	   5.1069346203315567e-02	   1.5249381438210821e-01	   5.2642512766722716e-01	   0.0000000000000000e+00	   8.6961929466054178e-01	   1.3313787535192882e+00	   6.2426381484948612e-01	   2.6842562355811039e-01	   5.6909574619523406e-01	   5.1727876791908700e-01	   5.0239305277448942e-01	   3.1554474887562622e-01	   2.3649887860741031e-01	   1.2472750646712530e-01	   6.7764178433609837e-02	   6.3681449145697311e-01	   5.0098247141199392e-01	   3.0970646684022290e-01	   3.1149590668533894e-01	   3.4659965142991689e-01	   3.3137751310916808e-01	   5.9226805265877625e-01	   3.6962460630079058e-01	   3.0878893941865676e-01	   2.7307662161626556e-01	   2.9363367842258364e-01	   2.8295322708178905e-01	   3.8830744724726451e-01	   3.7921987046892863e-01	   4.3255913737622687e-01	   1.8660779510264239e-01	   3.3245577901717466e-01	   3.1576858967830945e-01	   2.9827778409192712e-01	  -3.8727819921296786e-02	   6.6519428311244133e-02	  -2.2632207292254476e-02	  -2.2828128465449593e-01	  -1.7874615239045855e-01	   1.7542917829176133e-01	   3.5758048773553180e-02	   1.2948324996107008e-01	   8.6703077532777437e-02	   4.5437988243179261e-01	   4.1026862787910712e-01	   2.4769259174596597e-01	   6.8566649103465016e-01	   1.9860339100248053e-01	   4.6093731360584889e-01	   5.3898114154812826e-01	  -2.4558953598961025e-01	   6.0381445939198231e-01	  -7.9525665310079069e-02	   1.0187623846969796e+00	   1.4379422832977176e-02	   7.4900197500367538e-01	   1.7946822992571815e-01	   5.1907063436478429e-01	   1.9740132180028686e-01	   3.1277404283259047e-01	   2.0311700700811050e-01	   2.5097923763150515e-01	   2.7480206791258087e-02	  -3.0770725315615677e-01	   2.0608587239442214e-02	  -2.1954007915514894e-02	   2.0277612093678060e-01	  -1.5878016103687573e-01	   1.3328363982464819e-01	   1.0480909951458565e-01	   1.8091388878166241e-02	   2.5334470755216376e-01	   4.2226733867297428e-01	   5.6441563507011239e-01	   6.2439534883001602e-01	   5.3647663690021274e-01	   6.6821007967417412e-01	   6.1560136913339614e-01	   7.3446067791304792e-01	   3.1422764295856592e-01	   1.2051722963679265e-01	   1.4098492076971582e-04	   6.3036110609958496e-01	   1.1340805314499613e-01	   3.8107383406425338e-01	   5.3077849940749685e-03	   4.6816103339684378e-01	   2.9451813008265791e-02	  -9.6605277294022157e-02	  -9.5430144308899956e-02	   1.8734901156306474e-01	   1.7080895525315587e-01	   2.5741400562000960e-01	  -3.3229465570198929e-01	   3.7359171943139241e-01	  -5.6907991233394895e-01	   3.4552739585867343e-01	  -6.4715339738907390e-02	   2.6682386954907122e-01	  -5.5894222724107978e-01	   3.6630155670930309e-01	  -1.0362834404539231e-01	  -1.0865987339010486e-01	   1.1725040049864312e-01	   9.7908332400850159e-02	   4.1421416117527404e-01	   2.2902161130244836e-01	   3.4433619624463868e-01	   5.4648961520911470e-02	
   1.9446293239778498e-01	   4.4077379816799678e-01	   1.9257834864209250e-01	   5.8256204141043100e-01	   5.3042616435944312e-01	   3.2226815476703641e-01	   2.1502714893759375e-01	   6.1763537737110696e-01	   7.2034950062850744e-01	   4.4484746529790531e-01	   8.6961929466054178e-01	   0.0000000000000000e+00	   5.2521410401535362e-01	   1.4499383800771970e+00	   8.1621139850844970e-01	   4.0042780887475760e-01	   7.3548275610476355e-01	   6.5571956297728895e-01	   4.4060263755078910e-01	   4.5059360966697282e-01	  -4.9699813566236296e-02	   2.2962902942576427e-02	   4.0171261288708487e-01	   4.6789756229367607e-01	   3.5057184452475326e-01	   2.6719262041423530e-01	   4.7252939357045454e-01	   3.2423500861501364e-01	   3.4207013209623438e-01	   2.5886730804939900e-01	   1.3374948632779915e-01	   9.3479599213136602e-02	   5.0310703580123606e-01	   5.0623289457349574e-01	   5.7628033017497027e-01	   4.0349590755795439e-01	   4.5924996805305512e-02	   3.0172525228944208e-01	   5.1002456070696134e-01	   4.2324386458848362e-01	   1.0542223010582681e-01	   8.1970935544736834e-02	   1.9957877719103589e-01	   1.3751488820533403e-01	  -5.9937540391319620e-02	  -3.1648829508672899e-02	   4.2238669078088947e-01	   2.6066661182468187e-01	   3.0852170344181995e-01	   4.1503131323158327e-01	   7.8636858361471274e-01	   7.2224069596745399e-01	   8.4722674955438837e-01	   5.7191999587496567e-01	   8.2264400872127297e-01	   4.3955684590007205e-01	   3.0107929045440152e-01	   3.2163771183415263e-01	   3.3429227775166875e-01	   5.0081347545858867e-01	   6.2699130297643868e-01	   5.3593241546583126e-01	   8.0006668747871235e-01	   8.6225913012994659e-01	   4.9086113532063969e-01	   6.5805592513441635e-01	   5.9919918804816519e-01	   4.8051923429784527e-01	   4.6094399821061049e-01	   2.8069449541879427e-01	  -5.1532729187486248e-01	  -4.3898826235966570e-01	   5.3290863568663570e-03	   1.1837441319808510e-01	  -1.2457839953159407e-02	  -1.0541853749954359e-01	  -3.8767163322608204e-02	  -2.6059686796400944e-01	   3.3165692326542273e-01	   2.2206973983682848e-01	   7.7073297143020136e-01	   4.9896770686986824e-01	   8.6861497082245021e-01	   3.5453851450434998e-01	   9.8110744147590623e-01	   5.8925532242029077e-01	   7.0923738841967354e-01	   1.5185296739045751e-01	   7.2190793286976018e-01	   1.1884428507748439e-01	   3.6229863959495157e-01	   2.4208698759198463e-01	   4.0308185487425663e-01	  -9.0390077076795791e-02	  -1.6814412733961909e-01	  -2.6759459166671129e-01	   6.8619435208810670e-02	  -4.6225822477339126e-02	   4.1982781443570089e-01	   3.3107325857266912e-01	   2.8414295346202667e-01	  -1.9875114083234699e-01	   2.5979062802635882e-02	  -1.1984135549934001e-01	   2.5828326429414472e-01	   2.6297290693463160e-01	   4.4014230912221099e-02	  -2.2317619119106855e-01	  -2.5340197035294132e-01	  -2.5071457577502543e-01	   1.8312408139349867e-01	   1.1301832794381582e-01	   2.8086372625456907e-01	   1.3668469915507753e-01	   3.6562657339747612e-01	   8.7845012818366999e-02	
   2.9385908366334035e-01	  -4.0402002638424866e-01	   8.7551861464877201e-01	  -1.0363895659258453e-01	  -4.3604769923232645e-02	   2.8697903800273228e-01	   1.2075342168779239e+00	  -3.4589797841774003e-02	   1.2342295513733667e-01	   6.8220867911612970e-01	   1.3313787535192882e+00	   5.2521410401535362e-01	   0.0000000000000000e+00	   4.2825202844976984e-01	   2.5092962167160815e-01	   6.0300564600814410e-01	   1.6487806117722392e-01	   1.9164728530327854e-01	   8.9373218033069482e-02	  -7.5736589506726452e-03	   5.3342610794012750e-02	  -1.8141304750788911e-02	   6.5707940223312522e-01	   3.7935964335880989e-01	   2.5403892301069342e-01	   1.7834753117581376e-01	   2.3160488643788607e-01	   2.3187999382838867e-01	   5.1618691473046741e-01	   3.3370082825200093e-01	   3.6763522147501732e-01	   2.8957772300136791e-01	   9.2832758142252642e-02	   1.0740404401846255e-01	   2.0820785348218651e-01	   2.8390247043997296e-01	   3.4145624012905740e-01	   7.9810882331539823e-02	   1.9929614670157370e-01	   1.7936610968461400e-01	   2.6492089244255579e-01	  -8.9626227522174973e-02	  -4.2062639826415907e-02	  -1.1338384432763286e-01	  -1.5488692909155269e-01	  -1.3293744044652400e-01	   7.4347855167683262e-03	  -1.0555254012452189e-01	   1.2217460900825194e-01	   2.5180314204278208e-02	   2.9974130174553754e-01	   2.7367080230028962e-01	  -4.9290727832385563e-02	   4.1799146112496055e-01	  -8.2133266064847013e-02	   3.0039485656345094e-01	   2.4652920414106980e-01	  -4.6697072450923610e-01	   7.2309608443336881e-01	  -1.2152267965608268e-01	   1.1828333963603217e+00	  -7.6932901568272502e-03	   3.1707816765052210e-01	  -1.0833747965923884e-01	   4.2385328106662656e-01	   4.3718381806116091e-02	   1.3534364247571271e-01	   4.9822593852495697e-02	  -7.1019710801284320e-03	  -1.6031389472514196e-01	  -1.3706176730922881e-01	   1.8959344690456625e-01	  -7.8476559928754838e-02	   1.2021625020547724e-01	  -2.6794126060447065e-01	   7.2345194417824749e-02	  -4.3096052247591457e-02	  -3.7574563294938967e-02	  -6.7896369965382928e-03	   1.9900188758896287e-01	   2.1499736423006507e-01	   3.1294661924992595e-01	   3.4096903463412942e-01	   5.9425296322439558e-01	   3.1550118984975684e-01	   4.2644136870721155e-01	   7.9265133171154079e-02	   3.6414471663371924e-02	  -1.8625175807638156e-01	   5.9428229895059592e-01	  -1.4784828976728381e-01	   2.1377894855544169e-01	  -2.1188403522192650e-01	   4.6652745780059290e-01	  -9.2648909378461347e-02	  -2.3526959056593616e-01	  -2.1966209998911398e-01	   1.0462090647501682e-01	  -6.0789557212402798e-02	   8.5729592971946600e-02	  -4.9829416817489847e-01	   4.4097312296360713e-01	  -6.8201736365140520e-01	   3.4212317436795869e-01	  -2.1978488254358308e-01	   1.0545620951112235e-01	  -5.9265895678444269e-01	   5.5938238369099014e-01	  -1.6042025070725355e-01	  -2.1473916454983466e-01	  -3.8234967530268241e-02	   4.6089014461429351e-04	   2.7586485865036375e-01	   1.0105959012312875e-01	   1.8684726444023961e-01	   2.1685672207271932e-02	
