   0.0000000000000000e+00	   5.1359708859701847e-01	   7.8925907511406490e-01	   3.2724032011789600e-01	   4.6587389010123842e-01	   5.2241925848192938e-01	   7.8290346157975788e-01	   2.7142234070364146e-01	   7.6453126334633104e-01	   8.5316280367919728e-01	   4.0721490413284694e-01	   2.7297088731685926e-01	   6.4823471731056559e-01	   3.8011365355074878e-01	   7.5934305902566612e-01	   6.3544213579630016e-01	   3.1011971676097533e-01	   3.4626822645905808e-01	   6.4933804515436622e-01	   4.1507364130682850e-01	   4.0045705004744098e-01	   4.7290425121235463e-01	   4.9227388314717935e-01	   3.9246091248841086e-01	   3.7527560773835400e-01	   3.8746948965522426e-01	   4.3567180190748267e-01	   4.5497902101630450e-01	   1.1948293598465945e-01	   2.3725048372569726e-01	   1.9278742160943974e-01	   1.8370975409042856e-01	   3.9187079810747966e-01	   3.7142216087482971e-01	   2.4505467016510779e-01	   2.0893026020547772e-01	   3.6691160010345181e-01	   1.7498897916559300e-01	   6.2744601269977063e-01	   3.9851067194171130e-01	   6.8042702858851967e-01	   5.8665114016164477e-01	   5.4549146057281139e-01	   5.3379197218725305e-01	   3.9487412584829035e-01	   2.4903012266616104e-01	   8.1103044338823871e-01	   7.2335714611551161e-01	   7.1143180797885630e-01	   4.3894665408852745e-01	   4.3683303510957561e-01	   5.1692706780851505e-01	   3.5831413683665281e-01	   7.7195633347304604e-01	   5.1098108249894048e-01	   9.3918062603961772e-01	   1.2474417774342090e+00	   3.3269378099442271e-01	   5.6293501630768827e-01	   2.2168790295120244e-01	   5.8012005381773257e-01	   2.5684384959817480e-02	   1.9666805356635031e-01	   1.6548870580175604e-01	   4.2804789592156572e-01	   4.7836926882679054e-01	   5.2868975458658074e-01	   4.1099304743310344e-01	   6.7956468518792978e-01	   5.7765331205369885e-01	  -9.0499950229901913e-02	   1.3711621943632152e-02	   1.9634690345763449e-02	   1.7181355244234159e-01	   2.8273969645049080e-01	   1.1727892178715807e-01	   2.2949772595009044e-01	   2.4930715212178822e-01	   2.7350042834443156e-01	   4.6364088499318945e-01	   4.2552772780022302e-01	   6.2967995502431640e-01	   8.4759210371044924e-01	   8.0405908212525745e-01	   8.7711766088683163e-01	   8.0610036418889042e-01	   5.1331340889522048e-01	   6.7948951594744444e-01	   1.8137458712735427e-01	   1.0100259416307533e+00	   2.9233125577764779e-01	   5.4354256543808754e-01	   3.9143887603242361e-01	   9.6982662957869270e-01	   4.6446975786866192e-02	   1.4344452134378433e-01	   4.0118239389109234e-01	   5.3995558606592764e-01	   4.7657588936486062e-01	   7.0893536169431948e-01	   1.3325641197934834e-01	   8.4458728779823311e-01	   2.2278082775862929e-01	   5.2713095999576820e-01	  -2.7125498623271321e-01	  -1.5916191739170336e-02	   8.6377565640423357e-02	   3.7948450915846610e-01	   6.0923403516007550e-02	   5.0362890480068062e-02	   4.1013407475129583e-02	   4.0468779921287201e-01	   4.3992778212602107e-01	   3.2391389566913653e-01	   8.8999254561696273e-02	  -1.6473897647980085e-01	
   5.1359708859701847e-01	   0.0000000000000000e+00	   7.6454860589020146e-01	   9.8602713576340462e-01	   3.5859030078813747e-01	   2.1994893171995647e-01	   6.2206587267184510e-01	   8.7119202562152553e-01	   3.6946187426402549e-01	   3.1500532420051036e-01	   2.4660163668795357e-01	   3.7058246190279676e-01	   3.2900560775312893e-01	   5.3178743623707392e-01	   4.4209071838942715e-01	   3.0541132477280714e-01	   1.9953176778189241e-01	   2.0337157777039463e-01	   6.8472489245067680e-01	   6.9808308484401160e-01	   2.6470071913876875e-01	  -3.4277559644552813e-02	   6.1698050892625389e-01	   7.2778896924603587e-01	   2.5678837081940975e-01	   1.6868416741215064e-01	   1.7143447799798753e-01	   1.8208315975324429e-01	   1.4243310541466006e-01	   2.7724283145446699e-01	   4.8862818981767092e-01	   4.7329323633520937e-01	   4.2261824993452135e-01	   4.6560717258534545e-01	   1.5895860245540425e-01	   1.5056506204428205e-01	  -3.5562092573677762e-02	   1.5671324219564112e-01	   4.4315202600451264e-01	   3.1808281575071623e-01	   5.4396590534338618e-01	   5.3145515145347844e-01	   4.1655409242341357e-01	   5.2164881979040634e-01	   1.3230482558358786e-01	   1.5788217562363482e-01	   6.5202385441978394e-01	   4.9078462028694164e-01	   2.7506839532840932e-01	   3.8758750440587325e-01	   5.6082654465335779e-01	   5.2990914442597248e-01	   7.8188393727326488e-01	   4.9541072682569520e-01	   7.7757368977921137e-01	   4.6498683308613553e-01	   3.9936471874130564e-01	   8.1797461224078538e-01	   2.1166181778806967e-01	   3.5128492517675403e-01	   2.9968519052265058e-01	   3.9853083785967219e-01	   3.2127046979497909e-01	   3.6330822706279220e-01	   1.0127282580643453e-01	   4.2086059580386947e-01	   3.8052904643671698e-01	   3.5354584692457663e-01	   9.6880117370297458e-01	   9.5153936470069178e-01	  -1.1919339077448559e-02	  -6.5833151927261482e-02	   2.7124298279894769e-02	  -1.0131073602226991e-01	   7.7281174399871061e-02	  -1.6188766086266787e-01	   6.3409070632469949e-02	   1.0066602218828305e-01	   1.1511504919659248e-01	   2.1406824163357219e-01	   2.5293989228880176e-01	   3.3768439480777818e-01	   6.2601367976936018e-01	   3.4099950558086700e-01	   6.1152756452123402e-01	   3.9776610228557735e-01	   6.2652805926425104e-01	   3.3568301972946085e-01	   7.6631286462782056e-01	   3.8184061213476467e-01	   7.4944240369271192e-02	   2.0498083483301030e-01	   5.9005739130292323e-01	   2.7429262854341124e-01	  -1.5826909992175495e-01	  -1.8441256687763367e-02	   4.5192249773885633e-02	   3.7586268536367462e-01	   2.0324022724143040e-01	   2.8191824556999606e-01	   5.0627417117555651e-01	   2.3656452270504805e-01	   2.7796017634522302e-01	   8.7757906122659241e-02	  -1.8261929506461000e-01	  -2.6149673857231259e-01	   1.3017294249904443e-01	   4.5618836442009045e-03	  -7.3659850563957768e-02	  -1.0642624286820523e-01	  -2.4873731562504664e-01	   1.8843993156247479e-01	   2.0571943776451873e-01	   2.3937032498445608e-02	  -1.2356268205707836e-01	  -1.4771235339394428e-01	
   7.8925907511406490e-01	   7.6454860589020146e-01	   0.0000000000000000e+00	   8.9558507723352465e-01	   7.3157283998315314e-01	   6.0623771482735123e-01	   1.4954089726851310e+00	   6.3552995640748511e-01	   7.3322071007901468e-01	   7.4849339461777875e-01	   3.4097373138361603e-01	   3.5383212640671197e-01	   5.5674442574222205e-01	   3.3912655770368044e-01	   6.1483800700710278e-01	   5.5152187915102191e-01	   3.7568973055417904e-01	   5.3883244155097809e-01	   7.1423310731416978e-01	   6.9001463632644378e-01	   4.9952707482126363e-01	   2.8102453776713326e-01	   6.5978016115529969e-01	   5.7378256270653805e-01	   6.4749522630619005e-01	   4.7597103204168600e-01	   4.2876060651065240e-01	   4.5965009808860080e-01	   2.1187131285016464e-01	   3.4139262108695878e-01	   5.3636936094045484e-01	   5.1629943692434832e-01	   7.7678830950481137e-01	   7.4425079038093556e-01	   3.7688796909595068e-01	   4.5437470840806160e-01	  -4.2685931679481391e-02	  -4.5685611415351005e-02	   5.8481731086928057e-01	   4.2779793547259215e-01	   6.0325663564488585e-01	   5.8504884679664348e-01	   4.4774564192131094e-01	   4.5335531160154452e-01	   4.6094133586762681e-01	   3.9205906553309444e-01	   9.7236914002336228e-01	   7.6432214614775029e-01	   6.2992315182845748e-01	   5.5320554206782835e-01	   9.1334582130453534e-01	   8.4336727732106265e-01	   9.2361720322967389e-01	   1.0209577541427763e+00	   8.7662666143536594e-01	   1.1063156810203250e+00	   8.3644991242847999e-01	   6.4788144910515666e-01	   5.4260799853405706e-01	   4.1090492963093905e-01	   6.0816329564409699e-01	   3.7626440975666675e-01	   6.1581848947066553e-01	   5.6004073404288868e-01	   3.3095940613711627e-01	   4.0883745004637484e-01	   7.9047266656083692e-01	   7.5785505448859170e-01	   7.8156225611275665e-01	   7.7407770587555202e-01	   1.6323599338052946e-01	   2.7352225979842104e-01	   2.6011379543368612e-01	   2.9173125732547872e-01	   4.1011696923605467e-01	   3.4797610504680188e-01	   1.6774483423147035e-01	   2.9031890203948690e-01	   4.4595453614171332e-01	   6.4662222140614323e-01	   7.3162764875586150e-01	   7.5577435038448193e-01	   8.6117703537078594e-01	   7.4281048934450711e-01	   1.0004991157700558e+00	   9.0090111718494326e-01	   4.8848500595249550e-01	   4.8077231828471345e-01	   5.1663541336167584e-01	   9.2121039471007637e-01	   4.5206703998502606e-01	   6.1544856856936270e-01	   5.1600765034014129e-01	   7.0358730365013344e-01	  -1.2415730381049682e-01	   1.9390344499252216e-01	   1.5959021310428570e-01	   5.3141923521948675e-01	   7.3874633189436245e-01	   7.1086670167069610e-01	   2.6585598664256216e-01	   3.5418028480167368e-01	   3.7219702245000368e-02	   1.5406679036201273e-01	  -4.9182918107057549e-02	   6.4900098013715365e-02	  -1.1079318509335606e-01	  -8.0346924894526273e-02	  -1.0770194453754227e-01	  -1.9012460870067641e-01	  -2.0775909063424844e-01	   3.7419116984429623e-01	   5.2737888815842282e-01	   1.7436437667806122e-02	  -1.7461182612405224e-01	  -2.9711556218349706e-02	
   3.2724032011789600e-01	   9.8602713576340462e-01	   8.9558507723352465e-01	   0.0000000000000000e+00	   5.1578438670977933e-01	   4.3811408104689359e-01	   8.1160080644152166e-01	   1.7252585207185280e+00	   2.7427927149322762e-01	   4.1778569590135345e-01	   3.7634937922272327e-01	   7.6972004341911948e-01	   5.2360722081422928e-01	   7.6613325732321180e-01	   6.3364308984622730e-01	   5.6979198873786907e-01	   3.5911576436263831e-01	   4.1119487768381002e-01	   8.6222775911826466e-01	   1.0966940250230854e+00	   3.5598212975870502e-01	   6.8143830394846311e-02	   3.3425587805600915e-01	   5.1789438590551595e-01	   1.8262748432572817e-01	   5.0951039372163574e-02	   1.1824754909053818e-01	   2.1560472804134367e-01	   4.2615004919726418e-01	   4.9626191237463391e-01	   5.3888190597315722e-01	   5.8522352505008768e-01	   6.0427421275049231e-01	   7.4046754383884483e-01	  -5.9974325908777243e-02	   1.1660359592500212e-01	  -2.1083155510386156e-01	  -9.6967439210781867e-02	   4.3464863400278386e-01	   3.8109144405655021e-01	   6.0936569714165600e-01	   5.8514222538664140e-01	   7.9853075998085304e-02	   1.4352607910279669e-01	   9.0926246086386428e-02	   1.2525379073533516e-01	   5.0002133876020083e-01	   3.4764721550755301e-01	   2.7486933731391217e-01	   5.1125280323752487e-01	   8.7656582078185030e-01	   7.8587376403526144e-01	   1.3109733768108502e+00	   7.2213161451916241e-01	   1.1103130602549791e+00	   5.9201779717447378e-01	   4.4608409193438131e-01	   1.0062535974546680e+00	   4.4905819390632606e-01	   7.2920969046288808e-01	   5.0201520460220928e-01	   8.9136865897491624e-01	   7.5637390958105588e-01	   9.7668499863468972e-01	  -2.2673695902927082e-01	   4.3269995662862232e-01	   5.0867914421962135e-01	   5.9060373815137623e-01	   8.6343068748723750e-01	   9.6247888814386950e-01	   7.1633244094430670e-02	   5.0149397721529460e-02	   2.4594983943560075e-01	   2.2076298734402922e-01	   2.9947049328119713e-01	   1.7754821792082612e-01	  -5.3731470621489433e-02	   7.9910787878613790e-02	   1.6795355708128648e-01	   2.8792798675577824e-01	   5.9648986246118374e-01	   5.2835017472941792e-01	   7.0004089304332706e-01	   4.0684142318111266e-01	   6.3317361720096033e-01	   5.3128593965454196e-01	   4.2784512840081457e-01	   4.1072639839144964e-01	   8.6244705617826689e-01	   5.4133673917565928e-01	   3.2008602447674928e-01	   3.0898885844598240e-01	   6.7917181936082205e-01	   1.8466289194862176e-01	  -4.3246963724045562e-01	  -1.1543311373691337e-01	  -2.3009258901096752e-01	   5.0996721830756493e-02	   4.6116743518664716e-01	   3.5135088964846528e-01	   9.4917835191831723e-01	   2.4438089155697154e-01	   4.3070368810412368e-01	   1.4725849527067839e-01	  -7.4117348509834313e-02	  -4.5492209407503448e-01	   3.1168198930845502e-02	  -1.1029187145706576e-01	  -3.4080631972470560e-01	  -3.9415745088232301e-01	  -3.5402482798534807e-01	   2.3725959976416116e-02	   2.5839692552540722e-01	  -1.9566404447914629e-01	  -4.5074180357978871e-01	  -8.8075877776404146e-02	
   4.6587389010123842e-01	   3.5859030078813747e-01	   7.3157283998315314e-01	   5.1578438670977933e-01	   0.0000000000000000e+00	   1.3191431741122357e+00	   6.9269314239350432e-01	   4.7078070368725000e-01	   9.1441488665908555e-01	   1.0189267606007260e+00	   2.7094002881390855e-01	   3.0317335298730075e-01	   4.9279959258268646e-01	   3.9249144788098411e-01	   7.0296840050269904e-01	   9.2575118215725072e-01	   4.6987002619693197e-01	   6.6143244110133470e-01	   2.9820071517155750e-01	   3.4188364546101763e-01	   1.0171762705851111e+00	   7.4616665630302148e-01	   3.4649877511741672e-01	   3.3850579557405269e-01	   9.3755006271283892e-01	   8.3096539231822009e-01	   1.0994858608343165e+00	   1.1008815881945657e+00	   3.0128265883359673e-01	   5.5434271220767728e-01	   8.0483900624875915e-01	   7.5344895045248139e-01	   5.5627781803619347e-01	   4.4487002208375348e-01	   2.2428381021492713e-01	   2.9300183647255196e-01	   7.8075739098696056e-02	   2.1099680690690233e-02	   4.3950377826248915e-01	   2.7048278338703952e-01	   6.7676306651390261e-01	   4.3735099106107550e-01	   2.5342256215069581e-01	   3.6452794044390008e-01	   5.0721543767576160e-01	   4.9994328686760292e-01	   5.9449857699947450e-01	   5.7322840879643455e-01	   9.3813554929522736e-01	   8.7544458337737185e-01	   7.0512366669894855e-01	   7.1581026689547156e-01	   6.6910257837031384e-01	   7.6843312462221913e-01	   5.5116853557809742e-01	   7.1126121630912986e-01	   6.0974666325076321e-01	   5.7460834997645438e-01	   4.2403289039220632e-01	   4.3440302289613320e-01	   4.1987800781456597e-01	   4.5106402419198316e-01	   7.1267630612373845e-01	   5.1806114639576795e-01	   1.6273437266592566e-01	   3.2402131069872131e-01	   5.9143505569062782e-01	   6.9668136306113126e-01	   6.5323041777457125e-01	   8.5831818257700809e-01	   3.9459012747646666e-01	   4.5296404399093737e-01	   4.2618507016167073e-01	   2.8235105333511246e-01	   7.2975827803917825e-01	   3.6857852434940974e-01	   3.2437908504551510e-01	   4.0589087466517193e-01	   4.7870275658693245e-01	   6.4727614417335322e-01	   7.9253076776360054e-01	   7.3679003345313954e-01	   7.6171572284380917e-01	   5.5024980578794935e-01	   6.1876599496374518e-01	   6.2443919953960547e-01	   2.6707232506699519e-01	   4.7430500657239855e-01	   2.6350751018983609e-01	   6.9960680624551341e-01	   8.2053816654721534e-01	   9.9164076030649195e-01	   7.1170924139446901e-01	   5.7530128371532008e-01	  -5.2383937408855386e-01	  -1.5717788299962948e-01	  -1.9918365322251755e-01	   6.7235369870506836e-02	   7.1217852162855799e-01	   8.1247100138954853e-01	   2.2424691562009366e-01	   1.2458564292389149e-01	   5.4725765386840434e-03	  -3.4364033306502402e-02	   2.9698422183504720e-02	   4.2154485810662189e-02	  -2.3347373009995104e-01	  -1.6547020603485899e-01	  -5.1993352614357634e-02	  -1.5184242926350769e-01	  -2.1863542070734374e-01	   3.4890892336862261e-01	   1.0201997874711470e+00	   2.5012825022073581e-01	   1.0479921454458606e-01	   2.1206183350633362e-01	
   5.2241925848192938e-01	   2.1994893171995647e-01	   6.0623771482735123e-01	   4.3811408104689359e-01	   1.3191431741122357e+00	   0.0000000000000000e+00	   6.8071899637058153e-01	   4.3903899848790479e-01	   6.0612226273003267e-01	   1.2878031411274706e+00	   1.8657397171159809e-01	   3.1309448571868520e-01	   4.6170806803226794e-01	   3.6007625908844126e-01	   6.1212995170325490e-01	   1.2908605487383431e+00	   4.0974088875777670e-01	   6.8952668715699006e-01	   2.4905213279963653e-01	   3.0982595873342195e-01	   1.2355197883906697e+00	   1.1903896731682830e+00	   1.4234084124093491e-01	   1.8346567467648273e-01	   6.9731635737436837e-01	   6.5783607182781090e-01	   1.0195234987551760e+00	   1.4966715984104317e+00	   2.8309468983990860e-01	   6.0059946841208756e-01	   6.3881305425879253e-01	   6.4993960638046344e-01	   4.2587629739044869e-01	   3.6084631269643258e-01	   2.3129878721305841e-02	   1.5278225844907858e-01	   1.8306140457028736e-01	   1.4969460252299191e-01	   5.0471460787247380e-01	   4.3197365419838069e-01	   8.0010019458600601e-01	   6.5369303010035085e-01	   1.2777402253685277e-01	   2.5502671336033877e-01	   6.0146563534720321e-01	   6.0637185332143118e-01	   5.2848490239970092e-01	   5.9381824635509417e-01	   1.0519122654023467e+00	   1.0275251964094372e+00	   5.8724855236523343e-01	   7.6279916510773460e-01	   6.2499354542564700e-01	   8.8659827057094975e-01	   5.2251517274828263e-01	   9.2114822978557587e-01	   8.4369062092383706e-01	   5.7771255410672251e-01	   5.7749716557256781e-01	   4.9518195579074420e-01	   5.2078656311911398e-01	   4.7454074649895417e-01	   6.6481296075202745e-01	   5.5653062050474178e-01	   6.1445301073857171e-03	   2.5812882196785591e-01	   5.4762943095245997e-01	   6.4400723347146305e-01	   5.2490184960047670e-01	   7.4646969999492185e-01	   2.7114381044924724e-01	   3.4417716984769225e-01	   2.3147393514978554e-01	   3.0575428045364700e-01	   5.6332716567770003e-01	   3.8488397520924933e-01	   1.0067527620332772e-01	   1.9439934079699364e-01	   3.7632224266815023e-01	   5.5766549137369281e-01	   8.7078445717294983e-01	   9.5150391876699181e-01	   8.5225995419972422e-01	   7.9802911388026077e-01	   5.5884048128033481e-01	   8.5405079541795648e-01	   2.2141897785899964e-01	   6.4385988991421605e-01	   7.4334583844123794e-02	   1.0154973831302820e+00	   9.2850645654693209e-01	   9.0124325872812427e-01	   5.6705882751356684e-01	   5.5656424379742986e-01	  -5.3044835250506139e-01	  -1.1316291869642278e-01	  -2.8826945078634009e-01	  -9.8048761255198624e-02	   8.0768398376892259e-01	   7.7437942961637984e-01	   2.1214577297582998e-01	   2.9612315511046056e-01	  -5.8486427341744055e-03	   1.1545732599045905e-01	   7.7720810982753713e-02	   4.8925929487877148e-02	  -1.1139017773590636e-01	  -8.7784502625521565e-02	  -2.2833287619224066e-01	  -1.8401969545925223e-01	  -1.4792436984832483e-01	   2.7394489656261667e-01	   9.7369378312447741e-01	   1.2334277784795167e-01	  -9.5423472041574180e-03	   2.6749318429993951e-01	
   7.8290346157975788e-01	   6.2206587267184510e-01	   1.4954089726851310e+00	   8.1160080644152166e-01	   6.9269314239350432e-01	   6.8071899637058153e-01	   0.0000000000000000e+00	   7.0017267676580874e-01	   7.1252201299818518e-01	   7.4450299148253407e-01	   3.6312139298517432e-01	   5.6750595217846722e-01	   5.8130110983162075e-01	   4.8218864281505269e-01	   7.4760269295221649e-01	   6.8961082492543824e-01	   6.4589141443064380e-01	   8.0328230479689566e-01	   8.2128961343634965e-01	   8.6887008444732050e-01	   6.3592066452188134e-01	   4.3749777718202942e-01	   7.6508729934182185e-01	   6.7835589882303093e-01	   6.2959777020350138e-01	   5.0927185264886532e-01	   3.2609257473738701e-01	   4.6835131270160968e-01	   4.9299691337428370e-01	   6.2587858011590258e-01	   7.4484456581733927e-01	   7.4759022223196769e-01	   8.7787310884474690e-01	   9.1751925730572370e-01	   2.5300916288027564e-01	   3.7123703783486045e-01	   1.7214489095456137e-01	  -7.2638757543444427e-02	   4.3001211240356318e-01	   3.1410649484550029e-01	   7.8084138937657865e-01	   6.4936824238052282e-01	   3.6966910462741998e-01	   4.0186028516951211e-01	   5.2656925224885442e-01	   4.9974914832780237e-01	   8.6785363727322085e-01	   8.5364657436388225e-01	   7.1500150824069308e-01	   6.9672292104646405e-01	   9.8777800120374226e-01	   1.0465266778195916e+00	   9.7136714994749296e-01	   1.2575778564347035e+00	   7.0944256804201100e-01	   1.0272203236667676e+00	   8.1298543554839786e-01	   5.1008124356420603e-01	   3.8856833956282810e-01	   2.7807581168044948e-01	   4.7023538520890351e-01	   3.4715188299451788e-01	   8.2049708350813089e-01	   7.3794439394045841e-01	   2.1836502569486269e-01	   3.4168914636778741e-01	   6.3322726083929870e-01	   7.1013803944766141e-01	   5.7791744102677767e-01	   6.6220313173644363e-01	   3.8918730265567791e-01	   4.8157367658908257e-01	   4.9161414122667502e-01	   6.3175664436334400e-01	   6.4379628659055976e-01	   6.1265220144386778e-01	   3.0923826439962571e-01	   4.7410302107523528e-01	   6.1900750522406245e-01	   8.1155779696452024e-01	   9.5593527133404910e-01	   1.0175248724764077e+00	   1.0725039759072172e+00	   8.0984404441565516e-01	   1.0694642229534237e+00	   1.0843140286154902e+00	   3.0706157024370123e-01	   4.6636567439394422e-01	   2.9830403770186903e-01	   1.0553601280931055e+00	   5.3142625255544529e-01	   6.7888020393518067e-01	   5.1057701072571715e-01	   7.7066026979509261e-01	  -2.2399411570192979e-01	   9.1644419507087752e-02	   7.2194377685387584e-02	   3.2633550229769243e-01	   8.3593765277368215e-01	   7.3567865715299063e-01	   2.1167420724839825e-01	   3.6533576151927560e-01	   6.4061187138696310e-02	   2.2822797244514115e-01	  -7.7653113258128195e-02	   8.4516744031923094e-02	  -2.2218946247669541e-01	  -1.2966965940577024e-01	  -8.6099585579866258e-02	  -1.1442035952079667e-01	  -1.6904914129457826e-01	   4.3545413255322263e-01	   5.6722532196120079e-01	   4.8076532911144367e-02	  -1.7052352523396944e-01	  -4.3272739554863805e-02	
   2.7142234070364146e-01	   8.7119202562152553e-01	   6.3552995640748511e-01	   1.7252585207185280e+00	   4.7078070368725000e-01	   4.3903899848790479e-01	   7.0017267676580874e-01	   0.0000000000000000e+00	   2.4733824138073868e-01	   3.7595314434858046e-01	   4.8877722658577394e-01	   1.0339394784893132e+00	   5.9277597023948070e-01	   1.0617224840115003e+00	   7.0747066397264435e-01	   6.4300969172375178e-01	   4.5118421201231451e-01	   4.7964301737024784e-01	   8.1681627877868945e-01	   1.1249034411764980e+00	   3.5756405250448992e-01	   1.0458932522418365e-01	   2.7131168462636113e-01	   4.4355263611861340e-01	   1.0785368690850564e-01	   3.1208903100302873e-03	   5.5021467268470368e-02	   1.9081934493052116e-01	   6.0712428256462192e-01	   6.6982931197628870e-01	   6.5389452855530905e-01	   6.9878134552843529e-01	   6.2757528845020771e-01	   8.1304327134663379e-01	  -1.5695717158973246e-01	   3.8452856650549275e-02	  -8.1418974188835064e-02	  -1.1639254444250483e-01	   3.9658547031696872e-01	   3.0198597050543263e-01	   7.1421883688043453e-01	   5.2013172343817082e-01	  -4.1180146347311777e-02	   1.2759868906492928e-02	   3.4948949291793277e-02	   3.9834048009077874e-02	   3.6402715798211266e-01	   2.4953350484331077e-01	   2.7921085106453553e-01	   5.2026672728113987e-01	   7.2606938910951835e-01	   7.3756157398879907e-01	   1.0214557344323427e+00	   5.6449205348064768e-01	   9.7850751831408433e-01	   4.6882669867575205e-01	   3.7827773293952593e-01	   1.0235924002610119e+00	   4.5366541782260583e-01	   7.8801832946955930e-01	   5.0512866759401909e-01	   1.0153779733003914e+00	   8.3124614566905197e-01	   1.1507150875694103e+00	  -3.0807547897756954e-01	   4.3082345656804227e-01	   4.7063735764600217e-01	   5.7002194013325114e-01	   7.4278024969227285e-01	   8.8411705594075096e-01	   7.2365783684974830e-02	   2.8737039616941025e-02	   3.1382214765095823e-01	   2.8048927356921294e-01	   3.6252238550976090e-01	   2.1725089630695285e-01	   3.9967286258682164e-02	   1.4994148251665390e-01	   1.2370647614760175e-01	   2.5145991625091585e-01	   5.7136220702754503e-01	   4.6518066143983017e-01	   6.7138986268627254e-01	   2.7889115113090035e-01	   5.0491942954260738e-01	   4.1814602484614566e-01	   3.2285911917613763e-01	   3.4837672569163552e-01	   7.1846578894077606e-01	   4.6474781819088429e-01	   2.6911983131019257e-01	   2.6123625315950350e-01	   6.2727455596858739e-01	   1.1289320385039163e-01	  -5.0214226320340749e-01	  -2.0617382378672255e-01	  -3.0597974809781420e-01	  -1.0446898283284865e-01	   3.7739272197604978e-01	   3.0185889601456622e-01	   1.0652100353505425e+00	   2.7315927130246664e-01	   5.5352545263311137e-01	   2.2684621242833619e-01	  -9.1866645631946825e-02	  -5.3815947679354303e-01	  -3.1425692877723147e-03	  -9.9139678545943868e-02	  -3.2600285483696340e-01	  -3.5688791420995625e-01	  -3.0987310663209450e-01	  -4.0109725009107984e-02	   1.9111321527810163e-01	  -2.2753150406770989e-01	  -4.8396765361448524e-01	  -1.7837984614072339e-01	
   7.6453126334633104e-01	   3.6946187426402549e-01	   7.3322071007901468e-01	   2.7427927149322762e-01	   9.1441488665908555e-01	   6.0612226273003267e-01	   7.1252201299818518e-01	   2.4733824138073868e-01	   0.0000000000000000e+00	   8.6912450808900332e-01	   3.6652385348500982e-01	   3.0922978900618714e-01	   5.1829480496503999e-01	   4.1437487373669912e-01	   7.5776247880885050e-01	   4.9949987986176908e-01	   5.2071972103135911e-01	   5.5302188503130334e-01	   3.2931743567723010e-01	   2.7274751332892400e-01	   5.1267493710346312e-01	   4.2708000790771378e-01	   7.9384546388783095e-01	   6.0208872526554380e-01	   1.0583279874512534e+00	   1.0032271149310905e+00	   7.0826461691566067e-01	   5.6023861020061283e-01	   2.8934027923188066e-01	   3.8006035426300350e-01	   5.2423291089320001e-01	   3.8262856765291520e-01	   5.5296144388501900e-01	   4.1789151125379509e-01	   6.3309743731382140e-01	   6.2288732962678772e-01	   1.7976506685089136e-01	  -1.8603652272046248e-01	   1.9825115967168017e-01	  -1.9196293691847378e-02	   5.1006453776099114e-01	   1.9027321681780557e-01	   6.9875791560198564e-01	   6.5654036672760063e-01	   4.8075101214101845e-01	   3.2034259962611433e-01	   8.5394437722131844e-01	   7.6732220394977435e-01	   6.8076066583752859e-01	   5.2568308068814251e-01	   6.3032579589958682e-01	   5.8618943734700635e-01	   4.1662666065454101e-01	   6.3897089274971131e-01	   3.0241180168809900e-01	   5.2369600880959610e-01	   5.9209708767582958e-01	   2.0664264711159944e-01	   2.7111042623181214e-01	   9.7865043173856747e-02	   4.2309090534561122e-01	   7.0306934258142995e-02	   4.8021425760021097e-01	   2.8161206934543515e-01	   6.4730859588787804e-01	   6.6713598213931513e-01	   6.2799541949038806e-01	   6.7346943069273069e-01	   4.2982192834335264e-01	   4.8485468769804874e-01	   3.4591511577674250e-01	   3.3717923631138180e-01	   5.0476873545178025e-01	   3.6921871881269891e-01	   7.4268152656037234e-01	   3.3045353575980629e-01	   6.6584683055078020e-01	   7.1572753203381512e-01	   5.8245991990885759e-01	   7.9567941431133260e-01	   5.5978201400209915e-01	   6.3688342184305990e-01	   6.0838437892975028e-01	   3.0489131749872600e-01	   9.4541511829239455e-01	   6.5568202437472656e-01	   1.7544110676699695e-01	   1.8878724824324494e-01	   1.8394519721522409e-01	   6.3566228252326940e-01	   3.6600826641244566e-01	   7.6663337088391736e-01	   4.7000261648812069e-01	   9.6826762691804336e-01	  -1.6270765512025048e-01	  -1.7468976594376939e-01	   2.1918269773422297e-01	   4.6489948335665265e-01	   3.5116719656946382e-01	   6.1316374416388575e-01	   5.2068937100952168e-03	   2.8389693857854092e-01	   3.8322136457555589e-03	   5.5152646184059927e-02	  -3.6218980125334244e-01	   9.5404912617073900e-02	  -3.9310853559612940e-01	  -6.3647237388692749e-03	   2.2757004040158549e-01	   8.7017907929204164e-02	  -8.4048113130873944e-02	   5.1196677190450945e-01	   5.9875945929087715e-01	   4.3167656244287489e-01	   2.5591771281101106e-01	  -1.9241323962646356e-01	
   8.5316280367919728e-01	   3.1500532420051036e-01	   7.4849339461777875e-01	   4.1778569590135345e-01	   1.0189267606007260e+00	   1.2878031411274706e+00	   7.4450299148253407e-01	   3.7595314434858046e-01	   8.6912450808900332e-01	   0.0000000000000000e+00	   2.5705659252230550e-01	   2.6933116083013159e-01	   5.3798689497046270e-01	   3.8306697778020976e-01	   6.7264593881421642e-01	   1.0302763853085930e+00	   4.0142519131192583e-01	   5.7703306023504708e-01	   2.3367762198149836e-01	   2.5454968495101582e-01	   8.4441166672004930e-01	   8.1862589266633345e-01	   3.4339666740882741e-01	   4.2642147029964972e-01	   7.9150728424812355e-01	   8.2573874097600486e-01	   9.8077628740482070e-01	   1.0256997702399966e+00	   1.4843399398263687e-01	   3.9637999680942793e-01	   4.1280006953805126e-01	   4.1581987118031716e-01	   4.6865469833061757e-01	   3.7773618811399884e-01	   2.6703090540903895e-01	   3.8848619981586707e-01	   2.3676250252084299e-01	   1.3838168465302059e-01	   4.9821481014415425e-01	   3.5576811636646927e-01	   6.9573650013360921e-01	   5.7690617486656803e-01	   4.5281744087094333e-01	   5.2679450171892972e-01	   5.1263970029805095e-01	   4.4665772849487773e-01	   7.8933934141312445e-01	   6.8389976412208686e-01	   9.0398742856913872e-01	   6.9988167312764271e-01	   5.7121409209685858e-01	   6.1359139723184108e-01	   5.5100257966481436e-01	   1.0262522216239840e+00	   4.9713879616005702e-01	   9.6829870212888625e-01	   1.1159607671634382e+00	   4.1527247848605597e-01	   5.7501499843236326e-01	   3.7322191493606954e-01	   6.0895904990484950e-01	   3.1687978265618544e-01	   4.7474048473532637e-01	   4.2748886076174286e-01	   2.9289647735360752e-01	   5.1565804461253661e-01	   6.2218506668556517e-01	   6.6340841554703267e-01	   5.7176516626495522e-01	   7.3778783196130282e-01	   5.5914411489726132e-02	   1.8634516348676083e-01	   1.8326221028403655e-01	   3.0830203467472117e-01	   5.5707152457908227e-01	   3.7331590090435790e-01	   1.8009324183363579e-01	   3.0541692337244897e-01	   4.3083886223495793e-01	   6.6082286004170132e-01	   7.5343084774674218e-01	   9.6188054457384176e-01	   8.0699873200023853e-01	   8.5543833503796551e-01	   8.7391952612818424e-01	   1.1194760103381893e+00	   3.2129436329072064e-01	   6.2345538065715778e-01	   9.6340285761461572e-02	   1.2644624621274465e+00	   6.8935138281575103e-01	   8.4752107449155345e-01	   5.7552424274517777e-01	   7.6640702051723442e-01	  -2.6296688308816984e-01	  -6.1567003858542149e-02	  -3.4324802209977974e-02	   1.7256369122462284e-01	   6.2500095660309440e-01	   6.5422322139010658e-01	   1.4101592284586179e-01	   4.5429226539090267e-01	   4.0796032489529593e-02	   2.3128577583324367e-01	  -2.8767172243673304e-02	   8.1448874287967515e-02	  -8.9807516327382139e-02	   8.2270952459196328e-02	  -6.7591349976206444e-02	  -1.7290629146261330e-01	  -1.1259158460298314e-01	   3.1036210518064306e-01	   7.2259695716799233e-01	   3.0534890311160900e-01	   1.3573436462063695e-01	   1.2482506826109759e-01	
   4.0721490413284694e-01	   2.4660163668795357e-01	   3.4097373138361603e-01	   3.7634937922272327e-01	   2.7094002881390855e-01	   1.8657397171159809e-01	   3.6312139298517432e-01	   4.8877722658577394e-01	   3.6652385348500982e-01	   2.5705659252230550e-01	   0.0000000000000000e+00	   8.6501427253192442e-01	   1.3920403985437779e+00	   9.6503012372220176e-01	   8.7488424820404198e-01	   3.0153424120107469e-01	   5.1108111145546742e-01	   3.3063653983875518e-01	   4.6420738050167726e-01	   4.0729523641909682e-01	   7.6133391552825364e-02	   1.1743740775894988e-01	   6.1271032614181112e-02	  -1.5910506963483944e-03	   5.7019233988025983e-02	  -8.0085728048396906e-02	   6.9973890756057033e-02	   4.4366197892759980e-02	   5.5256103396283263e-01	   3.7342315440767315e-01	   2.8904523733016468e-01	   3.0358540787032762e-01	   5.0495953900961432e-01	   6.0888978266605309e-01	  -6.9450557501471874e-02	   1.1209601809441826e-02	   1.5293384427276890e-01	  -2.6467188979152412e-01	   2.5408456112356032e-01	  -9.3057191044192009e-02	   4.9770625153076709e-01	   2.0653070883336613e-01	  -1.0696882760918765e-01	  -1.5012881377612050e-01	  -2.2639419164209898e-01	  -2.9633085319655472e-01	   8.2125258974305823e-02	   4.0945141439204455e-02	   2.2867098702770200e-01	   2.5130698545702546e-01	   5.5220482382806535e-01	   4.5230788135084599e-01	   2.9582590382304902e-01	   1.3569448265007258e-01	   4.0853662611035213e-01	   1.8933158865572733e-01	   2.8319491827697318e-01	   3.9828038335524318e-01	   5.4399724394360816e-01	   5.5378406732410479e-01	   7.3648161533310719e-01	   4.9621754929128253e-01	   5.5634361512660524e-01	   4.9275971616387815e-01	  -9.0203354649804016e-02	   1.6213361730234727e-01	   2.3333215948579983e-01	   2.3265445845175539e-01	   2.1545754951750917e-01	   1.6404422502720409e-01	  -1.0189017156176527e-01	  -1.8114348537497463e-01	   3.6857691490385713e-01	   1.6611657970995419e-01	   3.3442750251427161e-01	   1.3454191734492790e-01	   4.2574771914009946e-01	   3.3695240208488120e-01	   2.1524505452084408e-01	   1.2939726779920593e-01	   4.1953102593054326e-01	   7.6457302883853426e-02	   4.4067394414968619e-01	  -1.7051302580632800e-02	   3.3183963549968165e-01	   6.2802984139029100e-02	   8.3152856396788169e-02	  -3.1391407328647557e-02	   3.9804076406641126e-01	   1.3757670885699294e-01	   7.0068794814802909e-02	   1.2935064878291722e-01	   5.1033878174682801e-02	   3.1512025680164785e-02	  -1.7322927533365137e-01	  -1.7208727549956368e-01	  -5.4624357598764765e-02	  -1.0288448994870347e-01	   1.2237807380743851e-01	   2.5495722095449874e-01	   3.2685761522809353e-01	   1.7223545702718107e-01	   2.4322182568977901e-01	   1.1246717678483004e-01	  -1.1536548669556052e-01	  -3.5225654527635808e-01	  -2.1132871635157768e-01	  -1.0633845014276606e-01	  -3.9514660996340677e-02	  -1.1600126601325164e-01	  -2.8352615565225753e-01	  -2.7180385979313691e-02	  -6.3454928740797611e-02	  -2.2354030748508649e-01	  -4.1726768383435692e-01	  -3.8526678871556064e-01	
   2.7297088731685926e-01	   3.7058246190279676e-01	   3.5383212640671197e-01	   7.6972004341911948e-01	   3.0317335298730075e-01	   3.1309448571868520e-01	   5.6750595217846722e-01	   1.0339394784893132e+00	   3.0922978900618714e-01	   2.6933116083013159e-01	   8.6501427253192442e-01	   0.0000000000000000e+00	   9.0567980864573028e-01	   1.6274421255716895e+00	   1.0013606370745536e+00	   5.5892663611658233e-01	   8.4686585886297550e-01	   7.0167082462110697e-01	   7.5402253923155294e-01	   8.6928448179036466e-01	   1.8717933393342748e-01	   1.7916737738583843e-01	   1.9769017172031070e-01	   2.3747095385945316e-01	   2.2869108877207969e-02	  -5.0824162296290172e-02	  -1.1049610307723230e-01	   1.7537011326676066e-02	   1.2652442062162148e+00	   9.4014301024003610e-01	   5.7168435563660047e-01	   5.9283233645356148e-01	   6.5114145749474406e-01	   8.6170889833982867e-01	  -1.9628439778887968e-01	   2.0226417176113676e-02	   4.6599500784356637e-02	  -4.0109767761512100e-01	   5.5793291453717885e-02	  -1.0828696493670412e-01	   6.1129403004692651e-01	   2.8692887630435715e-01	  -1.4706341682082447e-01	  -1.3943933702345382e-01	   8.2987704198291962e-03	   7.2865100468656515e-03	   2.1377950778548721e-01	   2.7005081184825153e-01	   2.8097355112399947e-01	   5.5172386714208099e-01	   7.7586118303411555e-01	   7.5384942923300047e-01	   6.4440063855426821e-01	   4.4451678365914449e-01	   4.5308917257187964e-01	   2.2782010506173941e-01	   3.1478071578379824e-01	   4.8818299824381017e-01	   3.8403442680367011e-01	   5.5621896024080442e-01	   5.3157023236895784e-01	   6.9232229208051832e-01	   1.0087851669665338e+00	   1.1096010712167532e+00	  -3.3586973400423609e-01	   3.7403626735252493e-01	   3.4057148886119820e-01	   4.9592516451669627e-01	   2.9854944682009582e-01	   3.7965720814149828e-01	   1.2572347473252796e-01	   7.3395840593018938e-03	   5.9151739698405925e-01	   5.7465552177558687e-01	   5.4263408347952413e-01	   3.5754254840739064e-01	   2.7012445105443317e-01	   3.5878236183405354e-01	   3.1085482323546892e-01	   2.9125934030015954e-01	   6.8915472057520233e-01	   4.3466142412310121e-01	   5.7256096784611632e-01	   6.6445403926900445e-02	   4.9202449405180271e-01	   3.2898270151198611e-01	  -9.3621918318064642e-02	   3.4777472110456904e-02	   3.1214735785822567e-01	   3.1676194215069986e-01	   3.1289464240355658e-01	   3.0409941740907026e-01	   3.7401343212239097e-01	   1.4035181674822242e-01	  -4.1603827750019845e-01	  -4.1599565562025759e-01	  -1.7171856305990468e-01	  -2.0365727337807751e-01	   3.6173506561791718e-01	   3.5956343885656050e-01	   7.5199719613988203e-01	   2.7597897149169520e-01	   6.0289200657867414e-01	   2.8253361645929059e-01	  -2.6081592327991371e-01	  -5.9877068114403975e-01	  -3.2986949746636657e-01	  -1.9075446670234503e-01	  -1.7914422503813721e-01	  -1.0730130592443787e-01	  -1.3352035794684086e-01	   1.0855508683274083e-01	   1.2399557092993871e-01	  -1.8396537777041788e-01	  -4.7839392068173547e-01	  -4.2450549638547597e-01	
   6.4823471731056559e-01	   3.2900560775312893e-01	   5.5674442574222205e-01	   5.2360722081422928e-01	   4.9279959258268646e-01	   4.6170806803226794e-01	   5.8130110983162075e-01	   5.9277597023948070e-01	   5.1829480496503999e-01	   5.3798689497046270e-01	   1.3920403985437779e+00	   9.0567980864573028e-01	   0.0000000000000000e+00	   1.0249797302243040e+00	   1.0704367766048959e+00	   5.9407644682850536e-01	   4.9251231573877585e-01	   4.5483790261944890e-01	   5.3842667815185641e-01	   5.0428002382745341e-01	   2.8473663645424502e-01	   3.1619379648204488e-01	   5.5081289410891611e-02	   1.3614116071317441e-02	   1.1500799383053803e-01	   2.6165364937648990e-02	   1.9829582949692851e-01	   2.5052984289753238e-01	   5.0502508521315048e-01	   4.7889241986243553e-01	   3.5411326258874964e-01	   3.4949155145386840e-01	   5.7875425464243235e-01	   6.6392430472380970e-01	  -1.1772247644505178e-01	  -4.6286454726721660e-02	   1.2337738715062287e-01	  -1.5292985483158114e-01	   4.3369246442697812e-01	   1.3447551918514170e-01	   7.0063298532719642e-01	   4.2608421401200613e-01	   1.4237135820061541e-02	  -1.8179119045038349e-02	   7.7093900719955227e-02	  -1.5616952350697526e-02	   3.3924474713408265e-01	   2.8003047066411663e-01	   5.2619652163824049e-01	   5.6983096054346705e-01	   8.1088729969301687e-01	   7.8842032980544852e-01	   5.3575571527163501e-01	   4.3422066878067123e-01	   6.1441287232593633e-01	   5.4036457925596382e-01	   6.3183833299725034e-01	   5.5885334638904638e-01	   7.9626674452270441e-01	   6.7741656800219507e-01	   9.9865142912225802e-01	   5.1981903462873302e-01	   7.1070712795423030e-01	   5.8987482546316283e-01	  -9.5804094998670861e-02	   2.3249238666182132e-01	   4.2029966899337079e-01	   4.2384096285669076e-01	   4.3841122534138083e-01	   4.3446538601338930e-01	  -1.3465017488455910e-01	  -1.2287742449248742e-01	   2.3537420346883120e-01	   1.9974883269609761e-01	   3.5641874675301238e-01	   1.6119484660997074e-01	   3.8886783100396183e-01	   3.3279409961113521e-01	   2.1164842033354822e-01	   2.1714920979458988e-01	   5.4730902166589512e-01	   3.1974123196731230e-01	   6.8383850661107315e-01	   2.4085134065959674e-01	   5.0796825191256079e-01	   3.9912936094287860e-01	   1.5116295105963426e-01	   2.0061913869557199e-01	   3.8575807568801229e-01	   5.0513492705805474e-01	   2.8030651431218434e-01	   3.2106283851168199e-01	   1.5300988605978563e-01	   2.4152477754828450e-01	  -2.2057283979800796e-01	  -4.6324616356129396e-02	  -9.5319742604464078e-03	   4.0203194955521562e-02	   4.1878543618511582e-01	   5.5292606503413499e-01	   4.3058556342601789e-01	   4.4031638060423950e-01	   2.7471327226429065e-01	   2.9242150415971818e-01	  -1.7965620439120086e-01	  -3.8974130653834715e-01	  -1.9767648000507210e-01	  -4.8759816361940468e-02	  -1.5711203086403328e-01	  -1.5643953847673256e-01	  -2.7768448546547397e-01	   1.1462845365131552e-01	   1.9813567879123589e-01	  -1.7500305487230597e-01	  -4.4832186233592447e-01	  -3.0149395889778907e-01	
