   0.0000000000000000e+00	   6.3294061089987219e-01	   3.1884387275730203e-01	   5.9837995298429070e-01	   1.9112904020619895e-01	   7.4129236716270849e-02	   4.2129031119760180e-01	   4.3693209664858501e-01	   1.9993589273207707e-01	  -2.8218015223860454e-01	   3.0677909712629919e-01	   3.4422207253459930e-01	   3.2144480611092807e-01	   2.2415172729179186e-01	   1.0899100118467553e-01	  -2.5953384185864070e-01	   7.7718338555680977e-01	   5.0452247218661550e-01	   3.3272438928709569e-01	   2.9185718166099189e-01	   2.7467938393306923e-01	   1.4564745254705547e-01	  -1.5859507805350093e-01	  -1.2717555320545787e-01	   2.4140990258585768e-01	   2.9746863780951938e-01	   2.9501985840373646e-01	   3.9127824917427650e-01	   6.7939471486284086e-01	   3.8932988509732619e-01	   1.5170152672088341e-01	   2.9666245298106783e-02	   2.7511018511325419e-01	   2.2185370417104694e-01	  -2.4611988722211670e-01	  -3.0363939346149538e-01	  -4.6426553508525377e-02	  -6.8434049500138316e-02	   2.7277255461533434e-01	  -3.0848985882688341e-02	   1.0730118658479801e-01	   4.2641202279198087e-01	  -8.9448664257776853e-02	  -1.6493079685059382e-02	   1.1639535764324406e-01	   1.0098686595530033e-01	   3.2655677218550176e-03	  -2.6664030254155226e-02	   1.1025492544164643e-01	   1.5940555975033480e-01	   4.3479534828651301e-02	   2.6503194367801219e-01	   3.0628693140760282e-01	  -1.8407960394282434e-02	   4.3192632353983218e-01	  -4.5572216912384667e-02	   7.8536877926129911e-01	   6.4082013774899571e-01	   6.4723620444503061e-01	   3.9253567179208293e-01	   2.4475245694684333e-01	   4.0958145434704496e-01	   4.7835653388401100e-01	   5.5230852455551782e-01	  -2.1162905327383041e-01	   2.8820144113676216e-01	   2.5699628388673612e-01	   2.2440178955172774e-01	   4.9068084005189949e-01	   2.5528050310958972e-01	   2.6552318200816799e-01	   1.3354419305005821e-01	   5.7539088882301681e-01	   4.0944522032865094e-01	   4.4163736133091103e-01	   2.0709107142174812e-01	  -1.3571844913004746e-01	  -4.0440849374354444e-02	   8.6017395208139558e-01	   4.3957798538962006e-01	   6.3000787352771792e-01	   1.6983465838855463e-01	   2.3394629648642173e-01	  -1.2256383151190467e-02	   2.7155473543298375e-01	  -1.9339942471970972e-01	   1.6746693907715238e-01	  -2.1211611550442055e-01	   3.5092055703791575e-01	  -2.2877090196837851e-01	  -6.9643741536156961e-02	  -2.3078225261183805e-01	  -4.7134818973687674e-02	  -2.6324578003873078e-01	   2.8716203479851299e-01	   2.3480377431134436e-01	   4.7163546149335828e-01	   2.3736820948818710e-01	   2.2208014543696702e-01	   2.9687595782070442e-01	   3.2761287181479165e-01	   2.0905255301114072e-02	   4.4249181297743129e-01	   4.8242960835461945e-01	   1.4667520875056916e-01	  -6.0794457932466739e-02	   1.6855302717261375e-01	   1.9407122902243787e-01	   2.0328806773401700e-01	   1.2249290825745948e-01	  -3.6944254289985753e-02	   2.9555967856762999e-01	  -2.1481193803277551e-02	   3.6325947055769769e-01	   1.7968640399844759e-02	   4.2262786307478914e-02	
   6.3294061089987219e-01	   0.0000000000000000e+00	   1.3264572533616292e-01	   6.3241318451624184e-01	   3.5087961771718940e-01	   1.7358518514124699e-01	   4.1625599300177740e-01	   7.0401071300424378e-01	   6.6486347366829301e-01	  -4.1690182900714523e-01	   2.2510588376631213e-01	   5.5215694110862212e-01	   1.9471035157379335e-01	   4.9790255108876896e-01	   3.5890167242178495e-01	  -3.7412148635645803e-01	   6.1205541943933839e-01	   7.3922689560704802e-01	   3.4630771810130478e-01	   3.9004933240015544e-01	   1.5566044030093626e-01	   1.4589471247330563e-01	  -4.2462587841333860e-01	  -4.7315817093590612e-01	   3.6021697459878421e-01	   7.9486302388565938e-02	   2.1572798582307084e-01	   3.9246981983109908e-01	   5.2088432898165804e-01	   6.8700655079113604e-01	   2.0321196126120070e-01	  -7.6505237344111673e-02	   3.0170840200915938e-01	   1.8801666752442384e-01	  -3.0828608184269241e-01	  -3.6822272478386969e-01	  -1.4691515886809342e-01	  -3.6116108892801507e-01	   4.0790714654170529e-01	  -4.2036190329092904e-01	  -2.4196263782654038e-02	   3.2533608559413041e-01	  -4.6635907289651790e-01	  -3.1090524457704644e-01	   3.6351676033162883e-01	   2.8354397943247556e-01	  -4.0419255628519307e-01	  -4.9376439367005315e-01	   2.0628770744164177e-01	   5.3453180525891020e-01	  -8.1987427497527236e-03	   5.0787749782213243e-01	   2.1726246175616062e-01	  -5.3032704682909582e-01	   6.0823708518687203e-01	  -5.9008212860186016e-01	   2.3647602856121153e-01	   2.2046958818088109e+00	   7.0555419266379193e-01	   1.2743298945372674e+00	   2.4755298932257350e-01	   1.3718162119612822e+00	   1.6037542029058580e-01	   1.2682876156321232e+00	  -1.8326164944580606e-01	   9.0841365780514272e-01	   4.4062247672937377e-01	   4.4919034744500363e-01	   1.0509269119748188e+00	   8.2107543205290356e-01	   4.4940440818129523e-01	   5.8010755541451270e-02	   7.6667626311611770e-01	   8.6969548570792099e-01	   6.6489606848838589e-01	   4.9578054846654607e-01	  -1.2111664578879901e-01	   1.7580592774227369e-01	   8.8405691400711561e-01	   8.0287748402115855e-01	   2.7874750388729752e-01	   9.8631661342162377e-02	   3.0886534078465350e-01	  -3.0065717290737731e-01	   7.1733278901542430e-01	  -6.2785181846528293e-01	   8.8157759858206686e-01	  -2.2712189987311593e-01	   1.1019294925511232e+00	  -9.2255337975282792e-01	  -3.5543232910131828e-01	  -6.6890645724553555e-01	   2.1076316365688470e-02	  -7.4488803502169876e-01	  -7.8197630253881781e-02	  -4.9332300621495490e-02	   8.2276082270812415e-02	  -3.7543622479829858e-01	  -3.2532191160354962e-01	  -3.5446812340005984e-01	   1.0851375817093214e+00	  -4.1789056180655854e-01	   1.0506738868400474e+00	   3.1537441086631834e-01	   4.3837876005279236e-01	  -2.1129359006077531e-02	   8.1699354250356793e-01	   6.3928165010997198e-02	  -3.5497586999396202e-02	  -1.3423221775806510e-01	  -3.0068089570148260e-01	  -3.3678277823307834e-01	  -3.5679067871100995e-01	   2.6173778545831881e-02	  -5.1044421610702009e-02	  -5.5016183630580813e-02	
   3.1884387275730203e-01	   1.3264572533616292e-01	   0.0000000000000000e+00	   6.0381345011396093e-01	   7.0648778100315124e-01	  -5.1736453231329797e-02	   1.0915090462261494e+00	   1.4031898049894273e-01	   4.3802012445144539e-01	  -1.9602239649996114e-01	  -4.1440047596684168e-02	  -3.4696353603107244e-01	   3.4994554887788398e-01	  -1.6865255569485893e-01	   4.7625954064106552e-01	   8.5491351978145877e-02	  -1.2274582398586242e-01	  -2.5371683047471660e-01	   2.8301557407859929e-01	  -8.9793441947136593e-02	   5.4434064626686796e-01	   1.0765174948307468e-02	   7.9171093247737534e-01	   6.6928156939909411e-01	   6.1357145383910749e-01	   3.5630635214675976e-01	   1.6169556384157799e-01	  -5.8192858444585202e-02	   2.0643762306669336e-01	  -3.5694775529758437e-02	   7.3344648108568899e-01	   6.4194845839796288e-01	   3.3802331623640469e-01	   4.6351940568533423e-02	   6.8348792892903099e-01	   3.2428280933842524e-01	   2.4981051233763185e-01	   7.4156505158653643e-02	   6.7189945105973103e-01	  -6.0374784927986147e-02	   3.2511806383919767e-01	  -2.7547547852941466e-02	   6.1902072790301266e-01	   5.1738998690784688e-01	   6.6237713690008260e-01	   5.2916598194432984e-01	   3.9197734560219311e-01	   2.7679072234118307e-01	   4.8031238048577790e-01	   4.3870529697543065e-01	   8.4257598368337538e-01	   6.7576850717542147e-01	   4.2892435436952414e-01	   9.2322837148796189e-02	   6.9012076842663939e-01	  -1.2940700925551937e-01	  -2.1822222812760528e-01	   1.4566733624215122e-01	  -4.2062225041102498e-02	   1.7974694363107888e-01	  -1.2911258386264057e-01	   1.1481598776751495e-01	  -1.6243717166624272e-01	  -1.3553208037862111e-01	   8.1268226543665478e-01	   5.6273970720761401e-01	   7.7195949241576356e-01	   4.6403540723113545e-01	   3.8401729374636739e-01	   2.0135639055577581e-01	   5.1393356327525852e-01	  -1.7714595023923977e-02	   4.0426429055179197e-01	  -2.3864598911650053e-01	   4.6693872898541544e-01	  -5.1753532447918549e-01	   2.3458943656259607e-01	  -3.2343781695589180e-01	   4.2003857700455720e-02	   3.0152784129128668e-02	   1.7845667359388359e-01	  -7.1374085149012362e-02	   2.6653105561823809e-01	  -5.7323176627671633e-02	   7.6511248458540559e-01	  -5.2374657594113125e-02	   4.6622866084043912e-01	  -9.9265018617488016e-02	   3.9137293310104715e-01	  -3.4062975049444894e-01	   1.7670541794253133e-01	   3.4991751753207490e-01	   3.7313777854042446e-01	   2.3208820801244351e-01	   7.2601410004185546e-02	   1.4049761062216581e-01	   1.8569240675992693e-01	   2.1934522492438160e-01	  -3.0336282909627005e-02	   2.5534584064103361e-01	   1.6563199180662375e-01	   1.7329489142251676e-02	   1.9921572085007763e-01	   7.6401912339705322e-02	   3.5653240212237636e-01	   5.4502424180104025e-01	   3.5790199155195013e-01	   3.2963713074384621e-01	   5.9969835992913771e-02	   1.4561320729830940e-01	   3.7344190797246346e-01	   2.1761430302444859e-01	   4.5069294081571520e-01	   1.7397324144037524e-01	   3.9693752918324393e-01	  -1.4241512317947927e-01	
   5.9837995298429070e-01	   6.3241318451624184e-01	   6.0381345011396093e-01	   0.0000000000000000e+00	   5.5834496209485418e-01	   3.4249697531271900e-01	   9.8559001525243495e-01	   1.0620310368021095e+00	   4.9574004395138738e-01	  -2.8630902448057816e-01	   1.7691691972012866e-01	   3.1697442876359505e-01	   2.1174870423542674e-01	   3.2665984183656421e-01	   3.0317849881940340e-01	  -6.8482700132049018e-02	   2.7062369615890641e-01	   2.8018513806275824e-01	   4.7964170213925178e-01	   2.1951872890545654e-01	   1.7567290172115288e-01	   1.4735083178363273e-01	   6.7465339637356042e-02	   4.3421515726331052e-02	   2.6634637402461503e-01	   3.6257757334987095e-02	   1.3448750631029288e-01	   1.4428744069205907e-01	   3.9066140347270306e-01	   4.1327070267325966e-01	   3.0037696683972614e-01	   2.5187417406245322e-01	   5.4839409937496986e-01	   3.5748041561312732e-01	   1.0210878980782404e-01	   8.4597238450644634e-03	   2.8187567987426705e-03	  -5.7785310535138190e-02	   4.8203132655324121e-01	  -1.7837398335954280e-01	   1.1456690722882129e-01	   1.3195760428866310e-01	  -5.1846027576233411e-02	   5.4688727769573585e-02	   3.4016227689402451e-01	   2.3540585889470464e-01	  -1.6908749988090621e-01	  -1.8473826751729425e-01	   1.7302459801939840e-01	   3.2002503800843224e-01	   2.5699273572352255e-01	   6.5268358053676689e-01	   3.4073642930935455e-01	  -2.2705061813565885e-01	   6.0425526247688954e-01	  -3.8975782540255094e-01	  -3.1406728205128680e-02	   5.7523257871453104e-01	   3.1315531539095404e-01	   5.1769894307194542e-01	   3.5354059773705726e-01	   7.5231217756936453e-01	   1.3033691480424939e-01	   5.8935548379236613e-01	   1.9557313771068921e-01	   9.2128856757221389e-01	   7.7016830560062000e-01	   6.6748017995130371e-01	   5.5311107715533026e-01	   4.8424355663324969e-01	   4.6236191265726145e-01	   3.0491191772052023e-01	   5.9818309806062930e-01	   3.9790481172032022e-01	   4.6199171925943877e-01	   1.7696808343544762e-01	   8.1670901006539662e-02	   2.7367355706471721e-02	   4.8205247053839567e-01	   4.4808377579852110e-01	   1.7952097103116821e-01	   9.1125362290039064e-02	   4.5145002284512702e-02	  -2.3131002023019176e-01	   6.4286675802061111e-01	  -2.8788988505751173e-01	   5.0424978427896094e-01	  -2.4416053252153769e-01	   8.1676591932649700e-01	  -5.4716456303638206e-01	   3.1513098329246381e-01	   1.1201043686481665e-01	   6.1756789867630280e-01	   9.1813580693869953e-02	   1.6715794821971328e-01	   2.0404990268925777e-01	   4.9572831530059258e-02	  -8.8683380790487820e-02	  -2.1639284566846531e-01	   6.2351198519518383e-02	   8.0593083697102019e-01	   1.3483764695424044e-01	   6.3321927937363320e-01	   4.2072279029698800e-01	   7.9919329179515430e-01	   5.3097156679989144e-01	   5.5459114211606264e-01	   4.0032984260021898e-01	   1.9565430465502520e-01	   2.5910745337649893e-02	  -1.8005335331743749e-01	   1.5011276215780718e-02	   3.1525254030932098e-01	   4.8382556248592951e-01	   5.0273029838311389e-01	   1.5561141734570667e-02	
   1.9112904020619895e-01	   3.5087961771718940e-01	   7.0648778100315124e-01	   5.5834496209485418e-01	   0.0000000000000000e+00	   3.5984203269960868e-01	   5.9241225029675348e-01	   1.5256237262286787e-01	   7.2100817367185477e-01	  -9.3513745647018379e-02	   1.3946469063020592e-01	   2.8747773248799534e-02	   3.8297344626615559e-01	   7.0165089093954996e-02	   7.8308943094353611e-01	   3.1940680931705129e-01	   1.6405113246426573e-01	   5.7481001236669195e-02	   5.5211868458238600e-01	   3.1684041330430873e-01	   8.9894535193117298e-01	   4.6832422298716075e-01	   4.7716189056250968e-01	   3.1458929880810393e-01	   1.0381619448500523e+00	   3.5702643605567985e-01	   6.1989719053928893e-01	   2.4776439614718501e-01	   4.9341910006159401e-01	   2.9271123943394090e-01	   1.1131689351558858e+00	   7.6234231553093290e-01	   8.9515782858062865e-01	   4.6826101017957794e-01	   4.7622350403061964e-01	   1.8944767113123365e-01	   5.8741062602373717e-01	   1.0708202469182573e-01	   9.2705422293370865e-01	  -1.1231177287845345e-02	   5.5188540425303301e-01	   1.7075416802143406e-01	   1.7549740454783508e-01	   8.0842373857673663e-02	   5.7883080526935049e-01	   4.4035146526839175e-01	   1.0865359289312380e-01	  -6.5735936453578295e-02	   5.6582310837263228e-01	   5.0055605882193355e-01	   7.1968667999963798e-01	   6.5388270577406860e-01	   3.1570461559239710e-01	  -1.6926604767241035e-01	   7.2568275378110492e-01	  -2.7584170798115348e-01	  -2.4871592241110435e-01	   3.6106465074594041e-01	   2.5721988349333430e-01	   5.3132263441210925e-01	   6.9761218128003372e-02	   2.9478365253925132e-01	   3.4442944421176062e-02	   1.5170441642451049e-01	   6.1063628035140505e-01	   6.4361327413117608e-01	   1.1267591794098117e+00	   8.0241123011447379e-01	   6.7818377680328779e-01	   5.4860149967786986e-01	   1.0599074312257790e+00	   2.1720554955514101e-01	   8.5440809420292840e-01	   1.6118558225850549e-01	   9.1583255384534012e-01	  -1.2526612366309969e-01	   6.0290390609818290e-01	   1.1123300993234556e-01	   2.4805044128955983e-01	   6.9703616251095668e-02	   2.4672262901792169e-01	  -4.9890299438413353e-02	   4.6307475539072346e-01	   1.0179844996737807e-01	   8.3759921117774327e-01	  -1.5743015533513058e-01	   6.3129376643734436e-01	   1.9195881572649914e-01	   5.3236276740281996e-01	  -4.1048410084537090e-01	   2.1773064979943779e-01	   1.0497481636242986e-01	   1.5977458238620940e-01	  -1.2532009289175830e-01	   3.6679170554690409e-02	   1.3085130148195567e-01	   2.3049677649218564e-01	   4.7462776983345410e-02	   6.2941321160890823e-02	   1.1055041029352680e-01	   4.0798973746279171e-01	  -3.5845032478112632e-01	   5.1468806269678002e-01	  -2.0420400049856399e-02	   3.8195397317234669e-01	   4.6929568810183109e-01	   5.3756987336230999e-01	   4.4253890935534601e-01	   8.2448024651598381e-02	   2.0581274815575951e-02	   1.6712413638528439e-01	   7.2083254986966841e-02	   2.1541841747014484e-01	  -3.0145627173941543e-02	   2.3731682329164827e-01	   1.4529952953261652e-01	
   7.4129236716270849e-02	   1.7358518514124699e-01	  -5.1736453231329797e-02	   3.4249697531271900e-01	   3.5984203269960868e-01	   0.0000000000000000e+00	   2.7078308152318842e-01	   2.2563867980602870e-01	   2.7923904994585963e-01	   7.4906657032361368e-01	   5.9452792454105741e-01	   5.9738206141024097e-01	   3.7153832417267374e-01	   6.5093721066369570e-01	   4.6310292984773838e-01	   6.0141995336865828e-01	   2.0939921951417742e-01	   2.9425009603949082e-01	   4.6792977857864299e-01	   4.9236984576721476e-01	   3.3187759616052198e-01	   6.2079356760463933e-01	  -5.2539197940548080e-02	  -3.0835628486406377e-02	   3.0876236040401694e-01	   3.7457277887955803e-01	   6.2891719326575823e-01	   8.5719310974312035e-01	   4.5413654837589740e-01	   4.3447776048406006e-01	   3.9869976770568311e-01	   4.9664737398704739e-01	   6.3402533420379059e-01	   6.6625080542335946e-01	  -2.2371264467428859e-01	  -2.1293403464633973e-01	   2.1469176060718467e-01	   1.7647189136580865e-01	   2.9642050437030182e-01	   2.9384822609392131e-01	   3.6732882162132913e-01	   2.6997959095116131e-01	  -2.0829690502551340e-01	  -1.2698284332328832e-01	   3.3953894160025061e-01	   3.5213609968380916e-01	  -4.9963255558563339e-02	  -1.3718900152557892e-01	   4.5664372000541631e-01	   3.8079468685638707e-01	   2.4980893471547036e-01	   4.5474599265163806e-01	  -1.4569744491703707e-01	  -1.1206895685919555e-01	   1.6591216527046076e-02	   1.7253358960329399e-01	   6.7878767596929915e-02	   9.9785772832464745e-02	   4.1864706188266737e-01	   2.8755977339247912e-01	   4.8070293619407550e-01	   1.7801141743342530e-01	   3.4796697291243600e-01	   2.1615244277204226e-01	   5.8043092881860908e-02	   2.0275165229062567e-01	   2.9372161087054616e-01	   4.2305574938110047e-01	   1.6894509109089090e-01	   2.0833797803425869e-01	   5.0850245141203809e-01	   5.7617890911761616e-01	   3.4390641926867926e-01	   4.6811529088529624e-01	   1.8212112990294008e-01	   2.7596846245931084e-01	   1.1867975574902885e-01	   3.0477021867749488e-01	   8.7503682808992039e-02	   2.1997428726113208e-01	  -9.5509342134532618e-02	   2.7223331715362820e-01	   2.4219491907114704e-01	   3.0804062667561388e-01	  -3.9114737353705360e-02	   1.7959813510584532e-01	   2.8039242622179406e-01	   6.1498053143579334e-01	   9.9213413738049108e-03	   5.8278500607251524e-02	   3.4646647347812765e-01	  -7.2751431931827093e-02	  -2.1410573897498144e-02	  -5.0322399155076684e-02	  -9.1865070187574483e-04	   5.8805712389757965e-02	   6.0914264437110316e-02	   1.1172020962321351e-02	   1.6874849562762820e-01	   2.1856489993168211e-02	   3.7527153301200944e-01	   1.7382322163914807e-01	   3.7588116352556489e-01	   1.6020694532169705e-01	   5.1450962186099444e-02	   6.2258080164028981e-04	   2.7236008407623868e-01	   5.8468446978964972e-01	   4.2938608505962893e-02	  -1.2113806301636533e-01	  -1.4727669417481634e-01	  -1.1835373890520012e-01	  -3.7843771004408278e-02	  -3.7489532211865989e-02	  -6.7717375978120511e-02	   6.7227700158401515e-02	
   4.2129031119760180e-01	   4.1625599300177740e-01	   1.0915090462261494e+00	   9.8559001525243495e-01	   5.9241225029675348e-01	   2.7078308152318842e-01	   0.0000000000000000e+00	   5.9102191963732698e-01	   5.8012537487668414e-01	  -8.9332955712844331e-02	   2.8135090236317178e-01	   1.0960277339489788e-01	   5.4565599621479710e-01	   2.0901055044480510e-01	   5.5662300437049339e-01	   1.4827766642145862e-02	   4.0211913922607236e-02	   6.8226138382349269e-02	   5.4739361154187849e-01	   1.8849264818280984e-01	   3.5908415591098941e-01	   8.1604002055109245e-02	   2.7159631654016619e-01	   1.9767834732532885e-01	   3.3445529072436908e-01	   1.4681468304239095e-01	   1.3590920283887664e-01	   1.7637871152189891e-01	   4.5569970803049192e-01	   2.6858440068087985e-01	   5.2303716371617726e-01	   4.4467794840091857e-01	   4.9249604330934627e-01	   2.9597492100994277e-01	   1.7578586664113138e-01	   1.3462192442823533e-03	   6.8784992236471942e-02	  -9.7274071104247642e-02	   6.2453460546027795e-01	  -1.3619293202982219e-01	   2.5141834523189222e-01	   4.4283909851826737e-02	   2.0269612127918929e-01	   1.8313323593152095e-01	   6.8671655161343359e-01	   5.0938267182440866e-01	   7.2506965037436186e-02	  -4.3122546111214709e-02	   4.7298331300446639e-01	   5.4065690084025886e-01	   5.4101912068812530e-01	   8.0462002730522308e-01	   2.8069903039524913e-01	  -1.8110020672727256e-01	   6.1611617083061188e-01	  -3.0260996971058129e-01	  -2.0694617876881924e-01	   3.7540285216542818e-01	   1.9057717825813578e-01	   4.7158919041655933e-01	   2.3819932391914234e-01	   4.8324283805102330e-01	   2.2200551981555468e-02	   2.3450994652832363e-01	   4.7416827592842142e-01	   8.4413462749809842e-01	   7.7731697969998104e-01	   5.6675942191132478e-01	   5.1068143481633688e-01	   3.9054710878301063e-01	   6.1723054584957382e-01	   1.1289348584092251e-01	   5.9237728409210855e-01	   1.3243437274933714e-01	   5.3390267231245780e-01	  -1.0072445700072320e-01	   1.2074306838508835e-01	  -6.2793619616418966e-02	   1.9569119369490767e-01	   2.8878968118898740e-01	   6.0040053532639269e-02	  -1.3778382752337434e-02	   2.4662013229749413e-01	  -1.3945564463540941e-01	   6.6921371066431989e-01	  -2.6940558021894639e-01	   6.5644786805110011e-01	  -1.3254228275156316e-01	   5.8669878692321964e-01	  -5.4620581599776985e-01	   1.8778123369758909e-01	   9.5101015525410892e-02	   4.1202112777315458e-01	   5.8937128738745237e-02	   8.8294377692170065e-02	   1.4494004765457302e-01	   8.8882424269031229e-02	  -6.1781803489260191e-02	  -1.3647619931957680e-01	  -6.5796742400541702e-02	   5.4127322423897672e-01	   4.4606389935462646e-03	   4.9992078782316673e-01	   1.1492995261457532e-01	   3.7074605068485578e-01	   2.9887134107510122e-01	   5.7713344455790061e-01	   4.2358842681401127e-01	   8.7371861186167618e-02	   8.5496742721516014e-02	   3.0692830050555741e-02	  -5.8830165152465169e-03	   2.8711661209979356e-01	   1.5180771037525898e-01	   2.9361441594534909e-01	  -2.4333250447490068e-01	
   4.3693209664858501e-01	   7.0401071300424378e-01	   1.4031898049894273e-01	   1.0620310368021095e+00	   1.5256237262286787e-01	   2.2563867980602870e-01	   5.9102191963732698e-01	   0.0000000000000000e+00	   3.9890944601053724e-01	  -3.8119126223542882e-01	   2.1845647329379783e-01	   4.9851305210995173e-01	   1.4667603512790184e-01	   4.8332946625033363e-01	   7.3455768619860876e-02	  -3.4562773374609601e-01	   2.9837956211940891e-01	   3.9224394168851318e-01	   3.7657444699786147e-01	   1.4101700961657185e-01	  -1.9652395863222710e-01	  -8.4958979757020752e-03	  -2.7537779473926538e-01	  -3.3885634730864139e-01	  -1.6462227427955989e-01	  -3.5816857477036851e-01	  -1.2980564815393208e-01	   7.8822604691624970e-02	   2.4192096201007390e-01	   3.5725775261616532e-01	  -6.5329805860802073e-02	  -1.4392435148682117e-01	   2.3127097973304256e-01	   1.7720725405039803e-01	  -1.6538318768843321e-01	  -1.9272391700363184e-01	  -1.2675633831390792e-01	  -1.7178675314016911e-01	   2.0613386975510070e-01	  -2.2958912994956418e-01	  -1.3108347890417138e-01	   1.7973796251249108e-01	  -2.7943930409680179e-01	  -2.0100269852062333e-01	   6.0769991786176543e-02	  -3.1304932258759605e-02	  -3.1026823164048239e-01	  -3.3125304547513912e-01	  -1.3114167408002592e-01	   1.2760837413474937e-01	  -1.1937054625423010e-01	   2.5546644053756934e-01	   4.3122149325220893e-01	  -3.0355541507475869e-01	   5.1833570612866997e-01	  -5.3083215463207967e-01	  -3.5849598173568337e-02	   5.8563998283217045e-01	   1.5044357580219850e-01	   4.5611766697740591e-01	   4.8791175840880685e-01	   1.0114914619099247e+00	   7.2369151127060299e-02	   7.5821560214814465e-01	  -6.8620698860437757e-02	   7.9718799371014881e-01	   2.8525846279454919e-01	   2.4179659332153286e-01	   3.6404166118059444e-01	   4.0731894163746091e-01	   1.1208746414410464e-01	   1.0934058847766669e-01	   3.7623241384884670e-01	   4.2261099029749716e-01	   2.2107249208546609e-01	   3.7340200055794126e-01	  -2.2583391396582067e-02	   1.4974158914020846e-01	   4.6859895894305181e-01	   4.3495511136155252e-01	   1.1396428456865716e-01	   2.3835218334909824e-02	  -1.4652378702592381e-01	  -2.9629687398717203e-01	   4.2174106284317853e-01	  -5.2510026719843639e-01	   4.5705434319001376e-01	  -4.3837379351655803e-01	   9.1409449108289009e-01	  -5.9600895975473456e-01	   2.8772574320079392e-01	   1.7654293126639426e-02	   7.0022551250790288e-01	  -2.9746603490144181e-03	   3.7608123489777628e-02	   5.2484526785215771e-02	  -1.9706502359180564e-01	  -3.6636789928346197e-01	  -2.4832961247172322e-01	  -1.8967966197878422e-01	   8.2432746060840967e-01	  -1.3674005271442365e-02	   4.9541275040913690e-01	   2.1148439872260050e-01	   6.3218433327219825e-01	   2.0860773252680101e-01	   4.0090066214640641e-01	   7.1116473235306003e-03	   3.4171608584556291e-02	  -9.4932712684400386e-02	  -4.2877086983702506e-01	  -7.1758906973122968e-02	   1.9634612168459711e-01	   3.4349637056349736e-01	   3.3413224253416440e-01	   2.2995573184691608e-02	
   1.9993589273207707e-01	   6.6486347366829301e-01	   4.3802012445144539e-01	   4.9574004395138738e-01	   7.2100817367185477e-01	   2.7923904994585963e-01	   5.8012537487668414e-01	   3.9890944601053724e-01	   0.0000000000000000e+00	  -5.1912603383108914e-02	   1.3878932850523842e-01	   1.5732406174059202e-01	   4.9398144541907896e-01	   3.8486858325662782e-01	   7.1197010583274378e-01	   3.2042395923744686e-02	   8.9836336856720697e-02	   1.1432699138437263e-01	   3.3609128493518386e-01	   2.2891684291444050e-01	   2.3669003586372639e-01	   1.9029886066332651e-02	   5.8870859215175798e-02	  -6.3320961422563118e-02	   5.1902591350530192e-01	   9.9979501274929980e-02	   5.4890416474939710e-02	   8.0123111375897865e-02	   2.1611077626892453e-01	   1.4704320615369751e-01	   5.3106120905390597e-01	   2.6079782781293526e-01	   4.1133499290544429e-01	   1.8758696978388312e-01	   6.4046898532625157e-02	  -2.0820191542202418e-01	  -1.4878729543772160e-02	  -3.8617881579294999e-01	   2.6947750813834115e-01	  -4.9728779792339295e-01	  -4.5340405988973558e-03	  -3.7745364888538399e-02	   6.8931508564230772e-04	  -4.9606678632541479e-02	   4.9787891427453168e-01	   3.6119774244813579e-01	  -7.9441117282403176e-02	  -2.2109117641653697e-01	   4.3345865064817013e-01	   6.1045864509873571e-01	   3.6236072157255478e-01	   4.8407062885787627e-01	   3.8122244735130567e-01	  -2.9289709978032480e-01	   5.7998450029064796e-01	  -6.2470532059945560e-01	  -2.5595470810149989e-01	   6.2048089973510090e-01	   2.4490646435373886e-01	   6.4946751609677134e-01	   1.3857638109751036e-01	   6.9667994148754031e-01	  -1.2921307759557316e-01	   3.6829977039286671e-01	   3.0430018937739167e-01	   7.2201368042961778e-01	   4.6221134616936732e-01	   2.8025536912567600e-01	   6.1593030306488794e-01	   6.4294254796485761e-01	   6.6112916276023559e-01	   2.5311827701601347e-01	   7.0314665122782138e-01	   3.0364764241222525e-01	   7.8424165320680550e-01	   2.3597420455774115e-01	   9.4103458403929821e-02	   2.4500458039826002e-03	   2.6524288804942858e-01	   1.7615813434107680e-01	   1.1801426087999797e-01	  -1.5802756584526950e-01	   8.4975318483060544e-02	  -1.5704038863783526e-01	   7.7095442665367808e-01	  -4.9755262064553929e-01	   7.5390113712855467e-01	  -4.0438694973249249e-02	   7.6655421459591233e-01	  -6.8332366952013845e-01	   1.1555209067945858e-01	  -1.9048722330733042e-02	   3.8011424493307477e-01	  -1.8876591684598729e-01	  -2.2415672488715804e-01	  -3.1486537243711760e-01	  -1.1625001675590568e-01	  -3.6654863799002230e-01	  -2.4998912108958940e-01	  -3.0025140635010583e-01	   7.1037366360022725e-01	  -3.8757646450861566e-01	   6.1586557320015045e-01	  -1.3619023462033752e-01	   3.3238584820141354e-01	   1.6627311330543654e-01	   5.7707386051335652e-01	   1.1993057896090815e-01	  -2.4963518429054396e-01	  -1.6133014610372823e-01	  -8.9251799977782820e-02	  -1.5520636812446370e-01	   3.6482990007996159e-02	   4.9098803721100391e-03	   2.0115410962831407e-01	  -1.3900243635697435e-01	
  -2.8218015223860454e-01	  -4.1690182900714523e-01	  -1.9602239649996114e-01	  -2.8630902448057816e-01	  -9.3513745647018379e-02	   7.4906657032361368e-01	  -8.9332955712844331e-02	  -3.8119126223542882e-01	  -5.1912603383108914e-02	   0.0000000000000000e+00	   5.1135539743447200e-01	   2.5420796545717012e-01	   3.5365465351344794e-01	   3.6890513451567281e-01	   2.5481662809063782e-01	   9.6048547346336222e-01	  -5.8922707009657183e-02	  -7.1340485621255939e-03	   2.1811910588610753e-01	   3.3955195123000198e-01	   1.9259167575835490e-01	   3.4474948052596988e-01	   1.8721879255056789e-01	   2.7198263939825151e-01	   4.0178862071236866e-02	   3.7449012109957014e-01	   2.2766960750958079e-01	   3.8747778504767738e-01	   1.2704510982352396e-01	   6.8824070755793387e-02	   1.9816736635049922e-01	   4.1162453193501791e-01	   2.1551120813553981e-01	   3.6560095491137740e-01	  -1.2956629140765988e-01	  -1.2945979328652640e-01	   1.5462751586938994e-01	   2.3388885889322952e-01	  -1.4235022504821235e-01	   4.3699689180273493e-01	   2.9629532666836322e-01	   2.2022438522064234e-02	  -3.2224546415081053e-02	  -5.7184908187614791e-02	   6.8176668457275949e-02	   1.6216101774986436e-01	   1.8377684930597443e-01	   9.4080980577517570e-02	   3.2570450745981200e-01	   9.5304722292698138e-02	   1.7071989695113932e-01	   7.2981438522500700e-03	  -2.8935168025294394e-01	   2.8250621844098561e-01	  -5.0088205976201705e-01	   6.4818073727122483e-01	   1.3545269972041321e-01	  -5.0265622645187791e-01	   2.6030374815718630e-02	  -3.0417355612604796e-01	   2.3079846096966572e-01	  -4.7884738095319901e-01	   2.9339191344301774e-01	  -3.4162748125201103e-01	   1.5060937301546434e-01	  -4.0467964159348685e-01	  -2.3117667041648232e-01	  -1.3068022097548276e-01	  -2.4551868647395803e-01	  -2.0113389383737604e-01	   1.7321333941756906e-01	   4.2243145597763671e-01	  -1.0350052416190121e-01	   1.8093759226563085e-02	  -9.1334454840068080e-02	   5.9232940642251659e-02	   8.9307653360064340e-02	   2.2946105422517313e-01	  -2.9980909715094661e-01	  -5.7128159161462001e-02	  -1.5778456107845812e-01	   3.7749069231788451e-01	   1.3021653324944255e-01	   6.2064343525578569e-01	  -4.6855894097047751e-01	   6.7978338339505140e-01	  -1.9369787226359694e-01	   9.9142907398135061e-01	  -7.2449255619432473e-01	   6.8701400883583230e-01	   2.1487560473691822e-01	   4.7954667524549854e-02	  -3.2602353752107543e-01	   1.7231932675218387e-01	  -1.4801496624519692e-01	  -1.2313394674250351e-01	  -1.2243273567948385e-01	   1.0848248240095457e-01	   2.7146452983894631e-01	   5.2020627131202177e-03	  -3.0777425349903020e-01	   3.2642467672126280e-01	  -2.5519212291843124e-01	  -1.3992360298796544e-01	  -5.2034516425749255e-01	  -2.6141929509773654e-01	  -3.0303487178972915e-01	   2.5455044703027485e-01	  -1.9786959721912750e-01	  -7.0961396838354174e-02	  -3.3281650976786044e-02	  -1.0457555196589147e-01	  -1.4578906167419522e-01	  -3.4492262548325364e-01	  -4.1048443578804045e-01	  -4.9455201413222349e-02	
   3.0677909712629919e-01	   2.2510588376631213e-01	  -4.1440047596684168e-02	   1.7691691972012866e-01	   1.3946469063020592e-01	   5.9452792454105741e-01	   2.8135090236317178e-01	   2.1845647329379783e-01	   1.3878932850523842e-01	   5.1135539743447200e-01	   0.0000000000000000e+00	   1.1441880325818747e+00	   1.0172398920049290e+00	   9.7641300325180724e-01	   4.3892073024928269e-01	   5.1298506213769213e-01	   6.6298694199448049e-01	   7.3365936958195554e-01	   1.0499200892420042e+00	   9.7228116416693322e-01	   3.3514486337551175e-01	   7.5535701844739800e-01	  -1.0100633451321272e-02	  -1.2333496846543408e-02	   2.5959020481825950e-02	   1.3780344729587471e-01	   4.2271160657347362e-01	   6.8259475595445962e-01	   9.7457940206889204e-01	   5.9509596133856124e-01	   1.7149017495442131e-01	   1.5551120411782385e-01	   6.3429935668698467e-01	   7.9172372355777232e-01	  -2.7128544284839246e-01	  -2.3579466858676321e-01	   4.0631245866668159e-01	   2.9133103793639820e-01	   3.0687140002932911e-01	   5.3072976679774708e-01	   7.1701689256151868e-01	   7.0174942900873671e-01	  -3.8375897492720018e-01	  -4.0793020601805779e-01	   1.3842391001630169e-02	   7.3920068117804993e-02	   1.9794338294718009e-02	  -1.6604351923162625e-01	   1.6077421607182057e-01	   1.3980628206999079e-01	  -5.6221420003371173e-02	   1.5022278505114769e-01	   4.7585302198199743e-03	  -6.8831112229426283e-02	   2.8354529256253959e-02	   2.7307115566341883e-01	   3.5336601489410485e-01	   8.3313832370720112e-02	   3.0310986567650072e-01	   2.0121151455257288e-01	   6.3853214340225473e-01	   9.0577869182654105e-02	   1.0103995148696221e+00	   3.2368531377423487e-01	   9.1567709057629634e-02	   1.2619257316311536e-01	   2.6198353195477024e-02	   1.1294980422107856e-01	   2.8058017623059844e-01	   1.8816962064806778e-01	   4.5073185891985901e-01	   3.1809567879549988e-01	   6.2225666320106976e-01	   6.4810972433749980e-01	   4.7360356301326789e-01	   4.5812414058074269e-01	   2.4910302415953936e-01	   5.8486873334949574e-01	   3.6755867724185248e-01	   3.2758643923420033e-01	   4.2486609835107647e-01	   5.6770334561458147e-01	   6.2826765657566408e-01	   6.6503220656899142e-01	   2.7971079386685867e-02	   2.4219461687307584e-01	   2.4348174032979203e-01	   6.1313310304028001e-01	  -1.0610492569923838e-02	   2.1847935630462442e-01	   1.4800973385322638e-01	  -1.5673328595532610e-01	  -2.1224324123812224e-01	  -9.7377567000802218e-02	  -1.1142027914251597e-01	   4.7956787254219858e-03	  -2.9610353122613318e-02	  -8.0187553994709018e-02	   2.9658446822938289e-01	  -9.2301615726238240e-02	   7.3690155291458170e-02	   8.7874884412671550e-02	   9.1910689083918057e-02	   1.9326407047148143e-02	  -2.1109190685200890e-01	  -2.3701835602674456e-01	  -1.2986234673946339e-02	   1.4623685444124451e-01	  -2.0741814662489247e-01	  -1.5286106786351300e-01	  -2.2952868223592204e-01	  -4.2693183586928946e-02	  -8.9218397470308894e-02	  -2.3824439450752694e-01	  -4.5342505976719394e-01	   1.6475000968971537e-01	
   3.4422207253459930e-01	   5.5215694110862212e-01	  -3.4696353603107244e-01	   3.1697442876359505e-01	   2.8747773248799534e-02	   5.9738206141024097e-01	   1.0960277339489788e-01	   4.9851305210995173e-01	   1.5732406174059202e-01	   2.5420796545717012e-01	   1.1441880325818747e+00	   0.0000000000000000e+00	   4.6968145823413598e-01	   1.2154809948833689e+00	   1.5846668558301893e-01	   2.1135421477046529e-01	   8.4695594695962351e-01	   1.1856759165385697e+00	   7.1208256874933584e-01	   9.3052643935699719e-01	   6.8513805411725803e-02	   5.9264193367748563e-01	  -4.4792379234975765e-01	  -4.4204613818561961e-01	  -1.1345625152530849e-01	  -6.2964655768508765e-02	   2.9028255476027393e-01	   6.3980429550195117e-01	   7.9465755253934112e-01	   8.2439053401289852e-01	  -5.1333616902679013e-02	  -8.0378355399977133e-02	   5.5662178883525448e-01	   7.3295138294651563e-01	  -5.4886603516191779e-01	  -3.6282350325401103e-01	   1.2738778779833090e-01	   1.3617474516312938e-01	   1.6643679747646042e-01	   2.5538188475539209e-01	   3.4403665294559693e-01	   6.1573210294833469e-01	  -7.6431842328453636e-01	  -5.9355388284831379e-01	  -5.7657146612217700e-02	  -3.1116192410245874e-03	  -3.0705530692905858e-01	  -4.1614735456553870e-01	   1.0315384943508988e-02	   1.3900087561550892e-01	  -3.1081291385135890e-01	   1.5367812296257441e-01	  -1.1899943182453289e-01	  -2.9490987152899717e-01	  -3.3145692717561501e-02	   2.9690468500042283e-02	   4.3445343394884384e-01	   3.9419722314655198e-01	   5.4701568270764467e-01	   4.2205163751431390e-01	   7.6852318683630638e-01	   4.4068911235782166e-01	   8.5592525774453276e-01	   8.0754734234598358e-01	  -2.3805531565364804e-01	   2.3776033305399649e-01	   3.2130292002555634e-02	   2.0750521913968453e-01	   3.7357993944239254e-01	   4.1038152055356525e-01	   3.1943709238052947e-01	   4.2556489686766275e-01	   5.5287296517879025e-01	   1.2488285648653379e+00	   3.8479351259570999e-01	   9.2190666199763394e-01	   9.0914580762824507e-02	   7.4303649431465379e-01	   6.0210358774417838e-01	   6.0605331251171357e-01	   2.9176925523789948e-01	   5.4235022546995526e-01	   3.4291466145209532e-01	   2.9349575100840869e-01	  -2.2233034750328628e-02	   7.9016880177802413e-03	   2.4426440057281376e-01	   2.7186223017975009e-01	   1.7184345077648075e-01	  -1.1953498790655013e-04	   3.7441351018525096e-02	  -3.9004367865584277e-01	  -1.4369667321570470e-01	  -2.6497477760858029e-01	  -1.4679138423808819e-01	  -1.7042899374536232e-02	  -9.3678433216380003e-02	  -2.6405868706697166e-01	   4.1247343787573693e-02	  -2.5520689199702079e-01	   3.8746869761539121e-01	   8.9023920388704825e-02	   3.4046581295625056e-01	   2.6020218414695456e-01	   2.9497406540040110e-02	  -2.0254250623968298e-01	   1.6731298493985849e-01	   1.3868748846932633e-01	  -1.3303240059607246e-01	  -2.3161312502347831e-01	  -4.5162110723426330e-01	  -2.1671915252085075e-01	  -2.4414333010747044e-01	  -5.3972005504331851e-02	  -3.7346561237423104e-01	   2.4307690584160030e-01	
   3.2144480611092807e-01	   1.9471035157379335e-01	   3.4994554887788398e-01	   2.1174870423542674e-01	   3.8297344626615559e-01	   3.7153832417267374e-01	   5.4565599621479710e-01	   1.4667603512790184e-01	   4.9398144541907896e-01	   3.5365465351344794e-01	   1.0172398920049290e+00	   4.6968145823413598e-01	   0.0000000000000000e+00	   6.2583295581100418e-01	   7.0469022866027986e-01	   4.6206506452331464e-01	   3.3266942908987346e-01	   2.2871393179611058e-01	   7.9074642247487725e-01	   5.2680039093863185e-01	   5.5038701536323731e-01	   4.4475436758068082e-01	   2.8291832392481409e-01	   2.1835068374975269e-01	   2.6154598316498584e-01	   2.7114366756732805e-01	   2.7670856016166001e-01	   4.1557784412266785e-01	   6.8645652429977666e-01	   2.4665345661024335e-01	   4.7721702786739661e-01	   3.8231626087711879e-01	   5.3161995916443994e-01	   4.9821762609578912e-01	  -4.3768596450332910e-02	  -2.3383032370294532e-01	   3.9006602970947374e-01	   1.9638959826209088e-02	   3.1324286382693806e-01	   1.8771067917976578e-01	   5.7086992775680379e-01	   4.0272715655948832e-01	  -1.8623490055801818e-02	  -1.5650251077726077e-01	   1.8377834912036645e-01	   2.2432755567647447e-01	   2.5479319362938269e-01	   6.1066996456682543e-03	   3.4696296563861556e-01	   3.0198787968115387e-01	   1.9120528273039900e-01	   1.8806131975988319e-01	   2.4636637174005346e-01	   4.8628685496348591e-04	   3.1354231883153161e-01	   7.3428395288111153e-02	   6.2819379691808175e-02	   8.4405120008105919e-02	   9.3219003858215937e-02	   1.9075655350914608e-01	   2.8287777903622524e-01	   7.6517285749747810e-02	   3.8110112767555243e-01	   4.1547079476439507e-02	   4.0590651784868420e-01	   2.2655582119240228e-01	   9.5207456097848336e-02	   5.7229798966164144e-03	   2.6957803680907311e-01	   1.2698261049257981e-01	   6.2327645681852506e-01	   2.2660899792866396e-01	   7.9388426288299596e-01	   2.6743328391215571e-01	   6.3527104681965718e-01	   1.7802581894866962e-01	   1.2619743683396983e-01	   8.9504756886038997e-02	   2.3744523628490571e-01	   6.6536941091659599e-02	   4.8369785143483490e-01	   1.8452617719715128e-01	   5.4580919439322884e-01	   5.0444558800840833e-01	   3.2423813053981448e-01	   5.1421632472929364e-02	   3.3854965777470258e-01	   3.9004928596325100e-01	   1.4727161153896234e-01	   7.1234989865654706e-03	   1.3469946156268445e-01	   6.4923425702131193e-02	  -1.9939112649737179e-02	  -7.6752307382229185e-03	  -2.0190462876658757e-01	  -2.4984666580887499e-01	  -6.6154364801562143e-02	  -9.6469556095487227e-02	   1.7728704685646113e-01	  -1.0519592660824145e-01	   3.8992036241328659e-02	  -1.1662865073696825e-01	   2.7739236059635831e-02	  -3.0972830026039350e-01	  -2.7925176286972048e-01	  -2.1180828682969938e-01	   1.4487792888379930e-02	   3.7170436301541515e-02	  -3.8821262643859311e-01	  -1.5315251869512353e-01	  -6.5095836455533726e-02	   6.4527531963070858e-02	   1.1146888743213854e-01	  -2.8393020227705723e-01	  -3.2535171076011760e-01	  -5.7626084772833604e-02	
