   0.0000000000000000e+00	   2.0618420492190498e-01	   1.0887645090868978e+00	   3.9582457663592502e-01	   1.3653562229729035e-02	   6.0467598624813068e-01	   1.4696151838939304e+00	   3.3876278246046293e-01	   1.9535355336724428e-01	   6.7403404525927790e-01	   6.7877786394892070e-01	   6.7500694986866061e-01	   9.0918548958873857e-01	   4.9390436223744805e-01	   1.0877507587858687e-01	   8.9442984776477608e-01	   6.6406649482398972e-01	   4.3591330463027639e-01	   1.0688816473660825e+00	   1.0061366432528571e+00	   1.6193249927349504e-01	   4.2029766537878011e-01	   3.8903690803808083e-01	   3.5166487286660630e-01	  -7.0981634960254142e-02	   7.3435346889448957e-02	   8.7014502287107290e-02	   6.4361802937265067e-01	   9.6936597651107148e-01	   9.4871595237424489e-01	  -3.5908627712943397e-02	  -2.3477947447074383e-03	   5.3279942974479333e-01	   5.2760712326750059e-01	  -6.1394327128117279e-02	   4.3254076275833320e-01	   8.1440204559147311e-01	   3.0255674149122858e-01	   5.3935240106558602e-01	   9.8491570452132060e-01	   6.7947876621678505e-01	   4.9455564970156135e-01	   3.6627810456941673e-01	   4.6278403248065664e-01	   3.7533510833077877e-01	   5.3294266496279052e-01	   5.7995401233944710e-01	   7.2311793781001998e-01	   4.9404958389123721e-01	   3.6223163217513626e-01	   3.8972599294214327e-01	   2.7458935167277487e-01	   1.0956041600022245e-01	   1.1585741322774057e+00	   3.1135137416618536e-01	   1.3636968148815265e+00	   2.0622569471268677e+00	   1.2138453414529057e-01	   5.5286353322454085e-01	  -2.8985964707841858e-02	   1.1464859776872669e+00	  -5.2000898502629962e-02	   1.1089772974394403e+00	   4.4557521426928912e-02	   3.6205069247920146e-01	  -1.2507296922636302e-01	   2.8021167062866792e-01	   3.6005263346694166e-01	   6.9926195220288834e-01	   5.9650284113036778e-01	   2.1686638169457922e-01	   5.7024258181296017e-01	   5.9145503892794993e-01	   6.5074316575204327e-01	   1.9690338542928515e-01	   4.8686644066159318e-01	   6.9181851041119991e-01	   8.2124486245630957e-01	   6.7763881070571419e-01	   5.0843980091071050e-01	   5.8026850667240704e-01	   5.3221002590526112e-01	   2.0936977681635863e-01	   7.0367561453862493e-01	  -1.4045176299759940e-02	   1.0104487363107248e+00	   1.0771749096061128e-01	   1.1221116258831270e+00	  -2.5218545363062739e-01	   1.1690525555023192e+00	   2.2752673823390129e-01	   4.7258114743263857e-01	   4.2635719708987566e-02	   1.1605874545291255e+00	  -3.3951831751350144e-02	   6.7681992028573473e-02	   4.9037926856409653e-01	   9.0926998914258861e-01	   6.1516964239593197e-01	   7.0479724136933064e-01	   1.9600340589276688e-01	   1.6658792547245440e+00	   3.1910612540309069e-01	   1.3028235070290459e+00	   3.9806161585810612e-01	   4.4842096293891415e-01	   4.7816726011289923e-01	   9.0392350246465514e-01	  -1.9913572032149604e-01	   7.9334230286523102e-02	   3.8974493026212442e-01	   3.8544147109682725e-01	   4.4911577000487490e-01	   6.3181546512231501e-01	   5.2838312930968773e-02	  -2.5852593825483183e-01	
   2.0618420492190498e-01	   0.0000000000000000e+00	   1.3017565913016184e-02	   1.0548889394536529e+00	   1.0012106872318318e+00	   5.6032871564388131e-01	   3.7518336343837798e-02	   1.2599847703172289e+00	   1.0167032220979213e+00	   4.8890172424385203e-01	   6.6136321731556391e-01	   9.5921591269728768e-01	   4.7754731562197456e-01	   7.7097787900762937e-01	   1.0344811708492025e+00	   3.2301112315813468e-01	   8.7780240575138246e-01	   8.0798419507162689e-01	   6.5374157501025065e-01	   6.6730606503941570e-01	   6.3972935968788758e-01	   8.1877228412632119e-01	   1.6787108222959721e-01	   2.5805787058864516e-01	   5.0992884945542594e-01	   6.2424634640366472e-01	   1.0343383374949686e+00	   5.2379187270380623e-01	   6.8126859151396646e-01	   4.8805597882151708e-01	   5.3613451446307003e-01	   5.1472061939399893e-01	   5.1508673755312828e-01	   5.6426074176307917e-01	  -4.7074670218434089e-02	   1.1500043138336774e-01	   4.1826544545111066e-01	   3.8088556652042488e-01	   8.1827773305006990e-01	   2.4443122938609232e-01	   4.7924328386115567e-01	   3.8842112542481655e-01	   3.4645057570879523e-01	   3.0772492497762477e-01	   6.4723188943181342e-01	   5.1514249976253657e-01	   6.4396885112031199e-01	   5.2197112838829729e-01	   8.4322413042422217e-01	   9.3460307224333483e-01	   6.7139091636710446e-01	   8.5719467689172801e-01	   1.1395187325775218e+00	   8.8803118953012322e-02	   1.1789305245494794e+00	  -1.5931197337895383e-02	   4.1135515718806179e-02	   1.7145465539134959e+00	   7.4334760137825040e-01	   1.1664534339398216e+00	   3.4917675771791012e-01	   1.0549297320192561e+00	   1.7576131065298065e-01	   1.2129287469681533e+00	   2.9922119361956295e-01	   8.3585146732102134e-01	   8.0618390131327433e-01	   5.3986722386510433e-01	   9.2897581281799257e-01	   9.5648792309104724e-01	   5.1660486065269262e-01	   4.8987817438204229e-01	   6.3125715036090080e-01	   6.5203039137619490e-01	   7.5439548199466566e-01	   6.0597832228693638e-01	   7.5811284672786305e-01	   4.8603458454832693e-01	   7.5572870210848420e-01	   7.6914861524608039e-02	   6.6606184829659165e-01	   4.4690767967977718e-01	   9.1337449249318348e-01	   5.5521930764718563e-01	   7.8527688040380383e-01	  -1.9688202653514783e-01	   7.5413050064420206e-01	   1.3752484628619061e-01	   1.0610676463062134e+00	  -3.0576084344424553e-01	   7.9761535686170082e-01	   5.9204108386066789e-01	   7.2449047155861002e-01	   2.4685829056085826e-02	  -1.1342960085689802e-01	  -3.7829626196745492e-01	   7.6934764499716302e-01	   1.6218519669002568e-01	   7.1293704816783221e-01	   6.0799641702364493e-01	   1.1715908631582590e+00	   7.5356356395259319e-03	   1.1535225122797441e+00	   3.6487392353894887e-01	   9.0691666584751751e-01	   4.4214039448591758e-01	   8.6783189120895488e-01	   2.0135108207465285e-01	  -5.1749392536851557e-01	   1.4232703406854519e-01	   8.0761937554377194e-01	   7.4588247003130603e-01	   7.3101363127111074e-01	   4.0414258571895639e-01	   3.7401823694041414e-01	  -1.6859157088743865e-01	
   1.0887645090868978e+00	   1.3017565913016184e-02	   0.0000000000000000e+00	   4.9121304197144944e-01	  -1.5713804658523466e-02	   3.7323991364869780e-01	   1.7527061250224314e+00	   2.8044366197492565e-01	   9.0480081854989250e-02	   3.8979570902264038e-01	   3.5078709370162170e-01	   4.1459189576221889e-01	   5.5723334653132828e-01	   4.5154794496843487e-01	   8.5530544557296095e-03	   6.4256903046104530e-01	   4.9938572978532736e-01	   3.8948865982624531e-01	   8.4695252452887959e-01	   7.6458788844155567e-01	   1.6057923204187802e-01	   2.0343276836135982e-01	   9.5981289949499071e-01	   8.0758558202498065e-01	   1.0731849024017684e-01	   6.4255301229094716e-02	   3.8834717514952523e-02	   5.0011774530942976e-01	   6.5498490020080735e-01	   7.7103248812533631e-01	   1.6941648933567106e-02	  -6.1990126734564825e-02	   5.5216421001631510e-01	   5.2304722923178637e-01	   2.6400564269569171e-01	   6.7080378691276032e-01	   7.9988900181004152e-01	   2.6742391575233143e-01	   5.1061812356544878e-01	   8.2922183641983405e-01	   5.2543379013648883e-01	   4.3891737533661879e-01	   5.0262983640483438e-01	   3.6761716505302178e-01	   2.9293279442315845e-01	   3.8784467420135427e-01	   5.9637707021062658e-01	   7.2111406309248693e-01	   1.4888377877696879e-01	   1.8936983912037417e-01	   2.2211180398821942e-01	   2.1879444989398467e-01	   7.4713050623934546e-02	   1.3935581244056543e+00	   3.2028163705331186e-01	   1.3302372906580966e+00	   1.0868632027259695e+00	  -1.9428557501082230e-03	   2.2808174151209082e-01	  -2.3601572418004746e-01	   6.4414132998474960e-01	  -2.1648223529618332e-01	   9.5857499202616758e-01	  -1.3480168275283458e-02	   3.9806996199931133e-01	  -1.8092587529700599e-01	   2.4470120649133315e-01	   4.0027966075282678e-01	   4.6350275204465818e-01	   4.0008878732505432e-01	   1.5325663153199037e-01	   4.0084470877984180e-01	   3.6755759923450221e-01	   5.3946864836756625e-01	   2.6857366941158929e-02	   3.7246572378427489e-01	   4.7595529956643545e-01	   4.7692084161991766e-01	   5.5216916822325102e-01	   4.6499412772189253e-01	   5.2378472763533579e-01	   5.3427534562452239e-01	   1.8090150391193752e-01	   5.9308319042415825e-01	   1.0214697283221127e-01	   1.0955501850477576e+00	   6.6341366295754337e-02	   9.1191016372202660e-01	  -1.3880889351414508e-01	   1.1951004194191006e+00	   2.5737842311613102e-01	   5.5395989075335195e-01	   1.2718621422624279e-01	   1.4266250973792522e+00	   2.0106932251213872e-01	   1.8400590940057313e-01	   4.7619352025325834e-01	   8.5018200783161235e-01	   5.4636940022319425e-01	   6.3711104774097571e-01	   4.4663751023859416e-02	   1.2702924998045078e+00	   9.3601117945011816e-02	   8.1687395176521660e-01	   2.3203052148907999e-01	   5.8514335852815447e-01	   2.8938392231816090e-01	   6.8786060400942894e-01	   1.5899493652600259e-02	   1.3692750936908404e-01	   2.6370161830412897e-01	   3.0060206052151350e-01	   4.1392016366565598e-01	   5.7156655868965489e-01	  -4.1095464313507184e-02	  -2.4283331232136454e-01	
   3.9582457663592502e-01	   1.0548889394536529e+00	   4.9121304197144944e-01	   0.0000000000000000e+00	   6.7352469249147306e-01	   4.9895012709974540e-01	   4.2864405808574862e-01	   1.5256594325109361e+00	   7.0651411514283180e-01	   4.4110503394866502e-01	   7.2367548565067208e-01	   1.0491866384304103e+00	   5.7308059912814957e-01	   1.1320337230547539e+00	   7.1192049054065687e-01	   4.3081781632333865e-01	   1.1756333064020699e+00	   9.4474933453215959e-01	   9.0826940515824595e-01	   9.0234332883213542e-01	   5.7529967037547070e-01	   6.3532787167518412e-01	   7.0687723938257896e-01	   8.2117334515666629e-01	   5.8377907868175372e-01	   5.6288880379623563e-01	   7.3947197675037157e-01	   6.2082765038096122e-01	   8.7102352251150728e-01	   7.2268884801164102e-01	   5.8273070381609160e-01	   4.8583582467658853e-01	   8.2215893422105069e-01	   8.4087792345405643e-01	   2.0687027769622379e-01	   4.1426261545977938e-01	   5.7597620504923253e-01	   3.7610992915684133e-01	   9.0327525198936376e-01	   4.2939582946082488e-01	   5.8778543080061907e-01	   4.6339769712141332e-01	   5.4270082273421949e-01	   3.0376946820706685e-01	   7.0325103921200549e-01	   5.7298191095507145e-01	   8.1588145616527852e-01	   7.1975513529097901e-01	   6.8202894730833374e-01	   8.5469884806105523e-01	   6.7426282227577461e-01	   9.1214046511037805e-01	   9.4172521169208723e-01	   4.3541925271335546e-01	   1.1328546898144225e+00	   2.8207357164711366e-01	   2.5677366087573961e-01	   1.0979756337429589e+00	   7.1208867008350152e-01	   7.6397872065192884e-01	   4.8460018463282989e-01	   6.9005046190329788e-01	   4.6105093855979157e-01	   9.3527176181326976e-01	   4.7603163630693046e-01	   6.6579226532712055e-01	   1.0019377545758754e+00	   8.5430940853965032e-01	   9.0245387585443992e-01	   9.5770688544182014e-01	   4.4794428028406663e-01	   5.2812435000954938e-01	   6.2206557455820621e-01	   7.6750721408437306e-01	   4.8684580685540568e-01	   5.5443095239736939e-01	   7.3904847917350902e-01	   4.4311290067410813e-01	   9.7880566194698282e-01	   1.7104571051025730e-01	   8.6860897636359646e-01	   6.5105553115534565e-01	   7.6899472539118507e-01	   7.2255464680230796e-01	   8.2021542517646928e-01	   1.4429123129430343e-01	   6.9555540315381059e-01	   3.8192329719110918e-01	   8.3756457283567753e-01	   4.3436967410454622e-02	   8.3566521716613629e-01	   7.7273721068159884e-01	   7.4787674867328846e-01	   3.4664772012101019e-01	  -7.5311773502446236e-02	  -3.2511417377419999e-01	   8.5677016194467848e-01	   3.2615504139246965e-01	   8.0757995065269250e-01	   7.4395758015248381e-01	   9.3927421031258573e-01	   2.8439168833476780e-01	   8.8977300955953598e-01	   5.6894166764453558e-01	   8.3002143774067683e-01	   7.7391859064002788e-01	   8.2362162434842312e-01	   4.2951975350830146e-01	  -4.3990877123673144e-01	   1.0444180014673654e-01	   8.2761234511758219e-01	   7.4817020469173456e-01	   7.8901361791335800e-01	   5.1553517418195516e-01	   2.8073783501664401e-01	  -2.7983779038271672e-01	
   1.3653562229729035e-02	   1.0012106872318318e+00	  -1.5713804658523466e-02	   6.7352469249147306e-01	   0.0000000000000000e+00	   8.8754234121563269e-01	  -3.0903512573599967e-02	   8.2776494774627396e-01	   1.6459808289793363e+00	   7.0548916638432191e-01	   4.2108726850304351e-01	   5.8204424834252477e-01	   3.9813133427234532e-01	   5.8004236525466368e-01	   1.4246991581687245e+00	   3.8583354189284663e-01	   5.0588850982899813e-01	   4.6484499007741786e-01	   4.2613887434539349e-01	   3.9871169829514963e-01	   1.0185668680187481e+00	   8.2222392331493976e-01	   2.6599132673656928e-01	   2.8889814045850454e-01	   1.0714678443226366e+00	   1.1516744279147444e+00	   1.7202029049826024e+00	   7.0350349020320369e-01	   4.9106820095774184e-01	   2.4046900997105622e-01	   7.7499562417143131e-01	   6.8506553298832251e-01	   4.6175779271935385e-01	   5.2266520914350800e-01	   1.8741080554046477e-01	   2.2846058934718036e-01	   3.5852277005723798e-01	   3.7546148439643945e-01	   5.0575654031984041e-01	   1.8036856856745265e-01	   4.2287046059712069e-01	   2.7877509730783423e-01	   5.7819232123406183e-01	   4.2715515256505798e-01	   8.6781659544146605e-01	   6.3744134156685528e-01	   7.4943402888031296e-01	   6.1652370242537702e-01	   7.5796679634825959e-01	   9.4865134371923954e-01	   7.0901883849807457e-01	   8.6277797932376010e-01	   1.2775078055154419e+00	   1.1046401984430126e-01	   1.1141630183726356e+00	  -1.4068028926038817e-02	  -1.2513998718162395e-01	   1.0646921330813617e+00	   6.3599078445199930e-01	   9.4746069595988924e-01	   2.9629639326678830e-01	   9.6755230865770026e-01	   1.1020696628565994e-01	   9.3477610651892185e-01	   4.9025582839739978e-01	   8.8896844627844107e-01	   8.3577756083770949e-01	   6.1044918235711676e-01	   6.6648031212855929e-01	   7.7473362209256436e-01	   7.1459579255439920e-01	   5.3684131825285430e-01	   5.8601080621357149e-01	   5.0210796904708244e-01	   9.1297261372543614e-01	   5.5508481994550229e-01	   4.7741699921508285e-01	   3.5278148194753606e-01	   4.6070360902190577e-01	   1.2937194486057220e-03	   5.6567441373352023e-01	   2.4706877252491455e-01	   9.3153554612639511e-01	   4.6133969274923337e-01	   8.7066184741557806e-01	  -2.2138058529626156e-01	   7.3586385653870656e-01	   1.2398068309753484e-01	   1.0984666587513521e+00	  -2.9293365566116764e-01	   8.7452053555354214e-01	   6.7360597257987320e-01	   7.5678028690817967e-01	  -2.1565265662413020e-02	  -6.2282718544691015e-02	  -3.8572945993052199e-01	   7.9883327378499980e-01	   1.8925419595660739e-01	   7.4821501934008428e-01	   6.3332217850189632e-01	   7.5660842431442621e-01	  -1.3651738622568460e-01	   7.8421111087764539e-01	   1.4588920180814791e-01	   7.7662454235466383e-01	   4.3057640719084556e-01	   6.4560475596675593e-01	   4.5348076315964631e-02	  -4.1631650859948810e-01	   2.1775860192822219e-01	   7.4645700542644866e-01	   7.4787887775650985e-01	   7.6103905937039817e-01	   3.2345588252135882e-01	   5.3750232133087028e-01	  -2.3517660436805368e-01	
   6.0467598624813068e-01	   5.6032871564388131e-01	   3.7323991364869780e-01	   4.9895012709974540e-01	   8.8754234121563269e-01	   0.0000000000000000e+00	   4.8540047537827535e-01	   6.4939359685509623e-01	   1.1360508897536825e+00	   1.9569470952096821e+00	   5.8374611371217267e-01	   7.9702234843844166e-01	   8.7858333220678164e-01	   7.6238484009578766e-01	   9.4994245621555051e-01	   1.1713556009221306e+00	   5.2149777849670231e-01	   4.2572963246106788e-01	   7.8087476038812786e-01	   6.8039275567689805e-01	   8.6792581051444584e-01	   9.8128314891301383e-01	   3.6102782954111978e-01	   3.6596812267489437e-01	   6.8985521328072075e-01	   1.0026609649709133e+00	   8.9636533076816849e-01	   1.3822364592376399e+00	   7.6391144368876829e-01	   5.5166870515330368e-01	   5.0763983657912459e-01	   5.5331462046750068e-01	   4.8999584292559739e-01	   5.4590209962938152e-01	   1.7585364537540529e-01	   4.2335681953116194e-01	   5.9157670974594778e-01	   3.9325645129654418e-01	   4.1577179703963346e-01	   6.2197691151086876e-01	   6.4752540981811579e-01	   3.5250345036057046e-01	   7.7082642703108117e-01	   7.5801341942088052e-01	   1.0076062194190019e+00	   9.9238619949858575e-01	   9.9598170306709100e-01	   1.0223014725337543e+00	   9.6687616427608680e-01	   9.5120510251650303e-01	   7.8889660482025747e-01	   7.5062405517071284e-01	   6.5409575762106065e-01	   6.4956865515354234e-01	   7.7478232231266131e-01	   5.8220777234002086e-01	   4.3355849734575097e-01	   4.9897833165271949e-01	   6.9647979221909939e-01	   4.4383157229020942e-01	   8.1472941790042097e-01	   5.2304779162694581e-01	   5.1483348869245227e-01	   4.5474731492666615e-01	   7.4489397503238219e-01	   4.9165553255033195e-01	   6.4449357416592146e-01	   5.7002741390291156e-01	   8.6262346631939579e-01	   8.4133652898253397e-01	   6.0117226475388064e-01	   7.9814430077494092e-01	   8.4368987563370079e-01	   6.9917265779105697e-01	   7.8457677614956978e-01	   6.8506635356781853e-01	   6.2493978507556047e-01	   6.9258314955636702e-01	   5.1856473451536389e-01	   2.6061815784318221e-01	   7.0316782185223214e-01	   4.5780224879976111e-01	   7.0868491156551483e-01	   7.6627139877721595e-01	   4.9576791559506428e-01	   3.7885061807415543e-01	   6.0212415568200917e-01	   7.3379159168922259e-01	   3.0821115621019340e-01	   3.3541417644282823e-01	   6.9874065003738683e-01	   7.5069413159882337e-01	   4.5548929136322214e-01	   4.5173019293294242e-01	  -8.0601331203431312e-02	  -2.6258388820149808e-01	   8.7074977985149382e-01	   6.0685107367771574e-01	   9.9223036871110226e-01	   9.1578522489966152e-01	   5.2794839223009493e-01	   4.3024217641222473e-01	   6.3029771785365574e-01	   5.8175348551034256e-01	   7.3534755516141648e-01	   4.7903215004155575e-01	   6.3596286925183665e-01	   3.8718415999811678e-01	  -4.4197488099705684e-01	   2.3442617457467951e-01	   7.8344515676632631e-01	   7.8151301105960935e-01	   8.1724996194698762e-01	   5.4657703574481353e-01	   5.4299428628889224e-01	  -3.6564644916212335e-01	
   1.4696151838939304e+00	   3.7518336343837798e-02	   1.7527061250224314e+00	   4.2864405808574862e-01	  -3.0903512573599967e-02	   4.8540047537827535e-01	   0.0000000000000000e+00	   3.2991120660470757e-01	   1.1671765751270724e-01	   5.0956460719351315e-01	   5.3966229806430932e-01	   5.6291917666876223e-01	   7.7700002748311781e-01	   4.9125568950128784e-01	   5.0199676364856582e-04	   7.1403634680118411e-01	   5.3313354249623379e-01	   3.5511786523116246e-01	   8.8357078725405291e-01	   7.8920901543710986e-01	   1.0945602944097135e-01	   2.3539710602177016e-01	   6.1471387677687661e-01	   5.1586230170860325e-01	   6.2031693685554003e-03	   5.7436815467141730e-02	   3.9679343785951560e-02	   5.2512113373429448e-01	   7.2517715464675458e-01	   7.4559585994498023e-01	  -7.6386211228577722e-02	  -8.2291065314890624e-02	   5.1613941977602606e-01	   5.1343730324286230e-01	   1.0561650716517269e-01	   5.9387082613968722e-01	   7.2635179700453911e-01	   2.8001141391420320e-01	   4.3736700011001572e-01	   8.4035798083444579e-01	   5.4967193721534069e-01	   3.8485607560315022e-01	   4.2045085488782818e-01	   3.7127091106135485e-01	   3.2300219765904753e-01	   4.2140693077904834e-01	   5.6912395881643207e-01	   7.4326457322561212e-01	   2.7245784046086258e-01	   2.4698039498440838e-01	   2.7066284704616583e-01	   2.1900609707225249e-01	   5.0263956071177666e-02	   1.3789460616085947e+00	   2.7128817785731874e-01	   1.4753484987736221e+00	   1.3888344222215843e+00	  -4.2307028227676069e-03	   3.5720194622120904e-01	  -1.7752834937001599e-01	   9.5318789976594676e-01	  -1.3504070218061651e-01	   1.1601819163189306e+00	  -1.0964110576565798e-02	   4.0671255422979902e-01	  -1.7173787453589731e-01	   2.5047687761278575e-01	   3.8617252533332724e-01	   4.6450911442188680e-01	   4.1597871815211074e-01	   1.5936493856392184e-01	   4.9024089510630176e-01	   4.7675189640212567e-01	   5.7967863734395253e-01	   1.1274967644810654e-01	   4.1537768629376259e-01	   5.3054623564762093e-01	   5.8098319025335909e-01	   5.3041458453687240e-01	   4.1687106791508749e-01	   5.1454808352629833e-01	   4.7395434297848715e-01	   1.3875658534756319e-01	   5.6932183794289126e-01	   2.1136260311819626e-02	   1.1012953741725151e+00	   5.7766246067709331e-02	   1.0071962395626393e+00	  -2.2613684185613406e-01	   1.3233862561913881e+00	   2.5138055571003731e-01	   5.3218649940415430e-01	   8.2510178749427052e-02	   1.5422613240332113e+00	   3.0719398995045957e-02	   5.5809080753210796e-02	   4.2496429869159708e-01	   7.9786077569219005e-01	   5.5548333496962643e-01	   6.5357926006996403e-01	   6.0866545519896328e-02	   1.6767552273444566e+00	   1.3777709623092518e-01	   9.9710300766209825e-01	   2.6963908323260705e-01	   5.0710930568499024e-01	   3.5024236010850229e-01	   7.3096388289850267e-01	  -1.2911314372657065e-01	   9.1823355491336509e-02	   2.9347692565163802e-01	   3.2514666612026982e-01	   4.4821284749756474e-01	   5.9154874555353609e-01	  -4.0482042767406239e-02	  -3.3704900469022270e-01	
   3.3876278246046293e-01	   1.2599847703172289e+00	   2.8044366197492565e-01	   1.5256594325109361e+00	   8.2776494774627396e-01	   6.4939359685509623e-01	   3.2991120660470757e-01	   0.0000000000000000e+00	   9.1672988475468653e-01	   5.8855285096544918e-01	   8.7761318778382313e-01	   1.3056022303714239e+00	   7.0942951547668098e-01	   1.1739710757583766e+00	   8.6502664468748680e-01	   4.2384083789340016e-01	   1.0548679801325638e+00	   7.5468584677926809e-01	   7.5975812741356874e-01	   7.1060661044184459e-01	   6.0311928819380589e-01	   6.8924991109753320e-01	   4.1827572814218628e-01	   4.5964485499796931e-01	   5.9690724001230344e-01	   6.8395710284985900e-01	   9.0313211183884046e-01	   6.1249468912596505e-01	   7.9926265347174374e-01	   5.1011517193606293e-01	   5.3401056131915525e-01	   5.4189530493545257e-01	   6.1671988637027653e-01	   6.8950703285205817e-01	   1.4296467134416846e-01	   3.4599817702630659e-01	   4.4024891558981905e-01	   3.4349357517262741e-01	   7.5144633560737883e-01	   3.4050820625193801e-01	   5.3721068007498651e-01	   3.1297774178650339e-01	   5.5208541004987199e-01	   3.8619124229154478e-01	   8.4404235857121701e-01	   6.6238905270395620e-01	   8.1808286944079089e-01	   7.5461986415960780e-01	   8.8532735852049316e-01	   1.1062833895885515e+00	   7.9364182415250339e-01	   1.0099177043597762e+00	   9.8119466659801657e-01	   3.1478142763542771e-01	   1.1541505638037650e+00	   1.9026906204216382e-01	   1.5551935221982210e-01	   1.1344747908492472e+00	   7.3496557779655236e-01	   9.4217993629647256e-01	   5.9341403150932437e-01	   1.0620094314520698e+00	   4.4053426532073758e-01	   1.0622529383627026e+00	   5.5820447885613533e-01	   8.9746366514903086e-01	   9.9242722393457250e-01	   7.6419714318527387e-01	   8.0725254248019074e-01	   8.7611421124332067e-01	   4.9501335144639380e-01	   6.2608226563931246e-01	   7.6558958306211589e-01	   7.4273092985861933e-01	   7.1868762930851871e-01	   6.6372863189188602e-01	   8.0207481150475490e-01	   5.2341002671800929e-01	   7.8141909568143908e-01	   1.7725972494109121e-02	   7.5571386365862403e-01	   5.0548554791182421e-01	   8.0286211519039508e-01	   5.6472970831883906e-01	   9.4383239099433769e-01	   1.5052019403427007e-03	   7.9385381956423662e-01	   2.5755156245284627e-01	   9.6419645684792943e-01	  -7.9291708105597963e-02	   9.4017785498335082e-01	   7.7906665449462209e-01	   8.2055969220437863e-01	   2.5349727307063785e-01	  -2.8028595979514936e-01	  -5.5440540415450401e-01	   7.5294222253465726e-01	   1.9074029854691557e-01	   8.0521690570127291e-01	   6.9815203354320765e-01	   9.7831539418412117e-01	   1.7847764119028270e-01	   8.7949989432555553e-01	   4.3383551113119906e-01	   7.7672151749947105e-01	   5.4889749081925365e-01	   7.9865293320667086e-01	   2.3922036931628157e-01	  -6.6116746082055589e-01	   7.0451512623585191e-02	   8.3956617507546949e-01	   7.6081406468112456e-01	   8.3529523158536745e-01	   4.2522782033531370e-01	   3.1503788690292178e-01	  -3.7959356694122315e-01	
   1.9535355336724428e-01	   1.0167032220979213e+00	   9.0480081854989250e-02	   7.0651411514283180e-01	   1.6459808289793363e+00	   1.1360508897536825e+00	   1.1671765751270724e-01	   9.1672988475468653e-01	   0.0000000000000000e+00	   1.0158439808939008e+00	   5.7407945914646241e-01	   8.0067877389443742e-01	   6.6830305433510118e-01	   8.6455199828893492e-01	   1.6793320983094424e+00	   6.4269928529431963e-01	   6.1254606817817381e-01	   5.6375052304100504e-01	   5.2157202508278333e-01	   4.8022381546437054e-01	   1.1079946301231263e+00	   1.1169449289249140e+00	   3.0463734587135516e-01	   3.5303470959174449e-01	   1.0370701286972368e+00	   1.3476752958639797e+00	   1.5633124823893865e+00	   9.3338699568752448e-01	   6.6047498540396277e-01	   3.6068702670084063e-01	   7.1902249836177412e-01	   7.2584784376184597e-01	   4.4456087182923387e-01	   4.9356543394329844e-01	   1.4920018875728019e-01	   2.5772897816277118e-01	   5.1249002949131195e-01	   3.5700847788727652e-01	   4.8370184170227748e-01	   2.7805435205320550e-01	   4.6940319161301708e-01	   2.5773485908955152e-01	   7.0258458873324325e-01	   5.7345931514230797e-01	   9.0368410590787618e-01	   7.1165498245384029e-01	   8.9145894533613301e-01	   7.6424372619875514e-01	   9.2547217959475692e-01	   1.0579434662991392e+00	   8.9193628870085595e-01	   9.1393025600714195e-01	   1.1255791729689688e+00	   2.7368184115675231e-01	   1.0534599143919592e+00	   1.1879352260621172e-01	   3.2214928780070373e-02	   9.0330403168532647e-01	   7.0527065924774912e-01	   8.3243720561170842e-01	   4.8829935541011349e-01	   9.2519209987939199e-01	   2.5638530479041843e-01	   8.4635302428974790e-01	   6.6391045833989537e-01	   9.2501319741197596e-01	   7.8686087464712307e-01	   5.3150747832764678e-01	   8.2765437625479521e-01	   8.4863085249743164e-01	   7.5428077534868032e-01	   7.2305697354665699e-01	   8.5911009229819202e-01	   7.4544855205312477e-01	   1.1641686916829077e+00	   8.4153717513975901e-01	   5.9986214571375673e-01	   4.6451392499002903e-01	   5.3930430019146058e-01	   9.9330728958177419e-02	   6.1984992036359232e-01	   3.6871118552424109e-01	   8.3459454400455313e-01	   5.5929900179236580e-01	   8.9986183462679015e-01	  -1.9782782900218350e-02	   6.5696545696232755e-01	   2.8760462018289451e-01	   8.4872397337548544e-01	  -1.3980125148382644e-01	   1.0472252004833642e+00	   8.8379924491968220e-01	   8.9284428552317729e-01	   1.6131988837918848e-01	  -5.1241210880357019e-02	  -3.6373283452122063e-01	   8.4825998016814697e-01	   2.7310811744202734e-01	   8.8513021252266577e-01	   8.0605352205853631e-01	   8.2084736261140967e-01	   2.0003213321607385e-02	   8.0645820866537976e-01	   2.5350899038588837e-01	   8.9210378338436136e-01	   4.7805899056996226e-01	   6.2969640334044419e-01	   8.9338336805235438e-02	  -4.4000146759560621e-01	   2.3981151701739989e-01	   8.4131692492447652e-01	   8.3644925775602663e-01	   9.0833153289593183e-01	   4.5607673495895301e-01	   7.2590082981239246e-01	  -1.4210561812566869e-01	
   6.7403404525927790e-01	   4.8890172424385203e-01	   3.8979570902264038e-01	   4.4110503394866502e-01	   7.0548916638432191e-01	   1.9569470952096821e+00	   5.0956460719351315e-01	   5.8855285096544918e-01	   1.0158439808939008e+00	   0.0000000000000000e+00	   5.7747625298079197e-01	   7.6626350830585865e-01	   9.5653096232856083e-01	   7.8263903681911828e-01	   8.7435793326021605e-01	   1.4060822619722824e+00	   5.2230256162091782e-01	   3.5942323978136836e-01	   7.1264197524196626e-01	   5.9895442749255312e-01	   7.8123582458937313e-01	   9.7727701408743295e-01	   3.5767507758196027e-01	   3.6640733451869167e-01	   5.8690767943621647e-01	   9.3421774735516983e-01	   7.2813207212498754e-01	   1.3990301000555145e+00	   8.2785848322726185e-01	   5.3969865028009889e-01	   4.7099127070627184e-01	   5.6476020538150562e-01	   3.6035432892803132e-01	   4.0608264699315638e-01	   1.0015049696291410e-01	   3.0947660441765645e-01	   5.7132046533449099e-01	   2.2540758226604393e-01	   3.5915222671331565e-01	   5.8308680414739467e-01	   5.7976058984253631e-01	   2.5841923390195454e-01	   7.1683392851892180e-01	   7.4430722822224038e-01	   8.6776007518252407e-01	   8.7029861459623969e-01	   8.4280440259426626e-01	   8.8168072529155062e-01	   9.5602941652554385e-01	   8.2393811336993139e-01	   7.7207170540253778e-01	   6.2208881809468375e-01	   5.1123052711207573e-01	   6.5720048565944311e-01	   6.1346860097074773e-01	   5.7817261828901845e-01	   4.8585930997108823e-01	   3.8064362768141763e-01	   6.5721545468771536e-01	   3.6633089484489512e-01	   8.9449809916818146e-01	   4.3722584560915684e-01	   5.4325583933463883e-01	   3.1134331006798610e-01	   8.0055960447333396e-01	   4.3309931877840702e-01	   5.1929026285696245e-01	   4.1675286375553211e-01	   8.4024583636833361e-01	   7.4209771548553660e-01	   4.7778487787713775e-01	   7.7098724481919367e-01	   8.5677175033762420e-01	   6.7712423862650695e-01	   7.0712322212178025e-01	   6.9739085379839927e-01	   5.9060082046772044e-01	   6.4167166122083796e-01	   5.1034371691737734e-01	   2.4286048874703689e-01	   5.8468535474959071e-01	   3.7348091235628877e-01	   5.4737131256149807e-01	   6.7563157437942856e-01	   4.2545418694641290e-01	   4.1122693311847047e-01	   5.2201735440160013e-01	   8.2521692496545995e-01	   2.0407720317253344e-01	   3.8905632676488716e-01	   6.6054972127097678e-01	   7.2583644023146376e-01	   4.4042334188907195e-01	   4.7892289515448649e-01	  -9.1761081873163369e-02	  -2.2208901683757251e-01	   7.1698469151009248e-01	   5.7001027585811548e-01	   8.5438225757852404e-01	   8.3691817294710491e-01	   5.2435937460256021e-01	   4.5680168137640265e-01	   5.8770422573505743e-01	   5.6484425454107734e-01	   6.4616155049147450e-01	   3.8688548625889940e-01	   5.5858537769740413e-01	   3.9521322602084863e-01	  -3.6622086094223066e-01	   1.7427387480898324e-01	   6.5541994689512595e-01	   6.5369207562235399e-01	   7.3176960330161700e-01	   5.6363017948617711e-01	   6.0480144404678593e-01	  -2.7558070593827849e-01	
   6.7877786394892070e-01	   6.6136321731556391e-01	   3.5078709370162170e-01	   7.2367548565067208e-01	   4.2108726850304351e-01	   5.8374611371217267e-01	   5.3966229806430932e-01	   8.7761318778382313e-01	   5.7407945914646241e-01	   5.7747625298079197e-01	   0.0000000000000000e+00	   1.2401630032368238e+00	   1.4479100040921953e+00	   9.6072239271339099e-01	   5.4837858429334074e-01	   5.2895645891604326e-01	   1.1172698114032222e+00	   5.8190890451747823e-01	   6.8439838035418554e-01	   6.6744721528978501e-01	   3.6823346719626909e-01	   6.0144378123376585e-01	   1.9529343493588447e-01	   2.2831722047217248e-01	   3.2035944192038585e-01	   4.4331078219541931e-01	   4.9585142149403871e-01	   5.4605043941107168e-01	   9.7900740619031235e-01	   5.4832833030149708e-01	   2.9735134245386752e-01	   4.1032205361264984e-01	   5.8903111177557499e-01	   6.6311823007266280e-01	  -5.3816993017218678e-02	   2.9092545739597386e-01	   5.1763194685796332e-01	   3.3852449244813709e-01	   4.4136187658254822e-01	   4.2607714433177812e-01	   5.9042121521762148e-01	   3.5923458640621980e-01	   3.5828268095189614e-01	   3.9981363374361656e-01	   5.9414252331296846e-01	   5.4705466964235749e-01	   5.8422002856606881e-01	   6.3853795582814943e-01	   9.2697484747472436e-01	   8.2124406362287572e-01	   9.7055087029969611e-01	   7.8205417807618893e-01	   6.1817510277263721e-01	   4.3110196369899295e-01	   5.1874689454306355e-01	   3.5549685736637593e-01	   5.2837723965607974e-01	   6.4898389644985832e-01	   1.1538465359894192e+00	   6.5518619704067937e-01	   1.0741153179745362e+00	   6.1277596704339410e-01	   7.3399229659281484e-01	   6.4445393905629289e-01	   5.5711352645844936e-01	   5.2046541594550133e-01	   7.7395300244166509e-01	   6.3588259720823137e-01	   7.1541528126005904e-01	   6.9740715878100967e-01	   6.2461897278353751e-01	   9.7628783586873735e-01	   1.0688293658618306e+00	   8.2123750314258948e-01	   7.0600895594822677e-01	   6.1251419138341201e-01	   8.3185408884702428e-01	   6.8486680599234206e-01	   8.5087652620545318e-01	   2.7778112467714206e-01	   7.2196359846286040e-01	   5.3093601356746123e-01	   3.8317376929619934e-01	   4.6391985591219609e-01	   5.4087620813720094e-01	   3.1049076527373376e-01	   1.9885671031288099e-01	   3.6075792801796180e-01	   2.7454512870670261e-01	   2.0941714789186952e-01	   4.7501252936508942e-01	   5.0292722349740282e-01	   3.8073811007279179e-01	   4.0957874294128421e-01	  -3.9752047801502499e-01	  -4.3670918145739107e-01	   4.3692908315820350e-01	   1.7797078930668897e-01	   5.0640372058126770e-01	   4.9003794636547010e-01	   5.3141198680090740e-01	   4.6244025826464208e-01	   6.1605244320942687e-01	   6.7827339012945032e-01	   6.7653512515425951e-01	   5.5072319282437054e-01	   6.1724177209003228e-01	   4.1302990573056442e-01	  -5.9689909608624614e-01	  -1.0543385927095783e-01	   6.3596519827719311e-01	   4.5556465755253184e-01	   5.1831626372579520e-01	   2.5990814129420775e-01	   2.3509430026739705e-01	  -1.4621419474927155e-01	
   6.7500694986866061e-01	   9.5921591269728768e-01	   4.1459189576221889e-01	   1.0491866384304103e+00	   5.8204424834252477e-01	   7.9702234843844166e-01	   5.6291917666876223e-01	   1.3056022303714239e+00	   8.0067877389443742e-01	   7.6626350830585865e-01	   1.2401630032368238e+00	   0.0000000000000000e+00	   1.1172575888828526e+00	   1.3323429680494949e+00	   7.8665978613064036e-01	   6.9538782793540210e-01	   1.1081183769902843e+00	   9.5801494846935642e-01	   9.2893908364847289e-01	   8.4593977281573463e-01	   6.2367748265140588e-01	   8.8661146835574201e-01	   3.6169852373650663e-01	   4.2592493260778003e-01	   4.5698453712496612e-01	   5.9388674086803217e-01	   7.2954533066516924e-01	   7.4700262424929809e-01	   1.0995224205391725e+00	   8.5393313526480452e-01	   4.1876957311285323e-01	   4.7056581164541239e-01	   6.6204047314635495e-01	   7.4213816586303738e-01	   5.9592644607514497e-02	   4.0101357732932030e-01	   6.2689851260486040e-01	   5.0060945651137023e-01	   6.9782092837828991e-01	   6.0631002098696807e-01	   7.4768374671859861e-01	   4.8419363202937526e-01	   4.6638626322241006e-01	   4.6620679773090762e-01	   7.6425299275398240e-01	   7.2835620823625502e-01	   7.9632920604785618e-01	   8.4704677868933920e-01	   1.0169139656664865e+00	   9.9400865809187489e-01	   8.5924906288956571e-01	   8.8765385026082888e-01	   6.8552484821106507e-01	   4.8775021529085183e-01	   8.2225381533602082e-01	   4.2442185192777743e-01	   4.6587778044550260e-01	   8.2453421913738234e-01	   9.2380134436454941e-01	   7.1828619577519381e-01	   9.1389659325362782e-01	   7.5834056249888415e-01	   6.6222386186496995e-01	   8.6336996115124165e-01	   6.3721118100687590e-01	   6.6193633328078882e-01	   8.3073982540100411e-01	   7.0097098866670893e-01	   8.6789405760766059e-01	   8.4554943249044723e-01	   6.1301384918499402e-01	   8.7891083079353360e-01	   1.0325506133902038e+00	   1.1106105997864868e+00	   7.8987218713341911e-01	   8.0356427615167780e-01	   9.8434032515360992e-01	   7.6709598772998155e-01	   9.1940642526479077e-01	   3.5568834271843597e-01	   9.1778022041270335e-01	   7.3228173530596430e-01	   6.7758451344361637e-01	   6.9320570446228080e-01	   6.7831909471562291e-01	   3.2399552839649115e-01	   5.5342007045867370e-01	   5.3186403738166921e-01	   4.4716458439803203e-01	   2.1489557062810216e-01	   6.4403245821112809e-01	   6.2070698229475818e-01	   4.6361906964476118e-01	   4.1806930507404866e-01	  -2.8068904756550483e-01	  -4.3539292314239303e-01	   7.0895239954015510e-01	   3.4991319792375541e-01	   7.7445923673223072e-01	   6.9945208400312531e-01	   7.3183180856541874e-01	   4.8922564912527788e-01	   8.2474822499214806e-01	   7.3762155967961374e-01	   8.1367228987307150e-01	   5.4754661619317213e-01	   8.2958791699608014e-01	   4.6881110470538850e-01	  -6.5141011549566052e-01	   4.9287294739069960e-02	   8.1918722007917022e-01	   6.4629920388170770e-01	   7.0142585424936899e-01	   5.0064475822087906e-01	   3.4212217122021599e-01	  -2.9074625254652203e-01	
   9.0918548958873857e-01	   4.7754731562197456e-01	   5.5723334653132828e-01	   5.7308059912814957e-01	   3.9813133427234532e-01	   8.7858333220678164e-01	   7.7700002748311781e-01	   7.0942951547668098e-01	   6.6830305433510118e-01	   9.5653096232856083e-01	   1.4479100040921953e+00	   1.1172575888828526e+00	   0.0000000000000000e+00	   1.0235888310365291e+00	   5.7498277998448055e-01	   8.7350345934948037e-01	   8.7853610464109622e-01	   4.8549262805014709e-01	   6.9838757702849685e-01	   6.2903402363263372e-01	   4.4060802315025077e-01	   7.0334048444264896e-01	   3.3702576503276432e-01	   3.3816660229106643e-01	   4.0950039112635972e-01	   5.8943002115599574e-01	   4.7041276645148000e-01	   8.0932166516813620e-01	   9.9453891143911510e-01	   5.9378823257584057e-01	   2.6458319684085763e-01	   4.0133999881226451e-01	   4.6004632549331692e-01	   5.2643170806706741e-01	   3.1330977318478351e-02	   3.6445727604416489e-01	   6.3608987551917551e-01	   2.4673298335969066e-01	   3.5925322812052796e-01	   5.1663842190347031e-01	   5.6988352847637946e-01	   2.6955040437363975e-01	   5.1856016438565122e-01	   5.4245190778918517e-01	   6.2156254349650641e-01	   6.0105754652180687e-01	   6.9132056984791623e-01	   7.9516386877007850e-01	   8.8133771924867388e-01	   7.4378061528904849e-01	   9.6799595286395568e-01	   6.8230072808001485e-01	   4.6690633879286292e-01	   7.0271875561106434e-01	   4.5581324963597658e-01	   5.9549275580045335e-01	   7.1123329874202434e-01	   4.0839955112471304e-01	   8.9846121883596530e-01	   3.8586704959165513e-01	   1.3524420533369899e+00	   4.4263969035401368e-01	   9.1251744893236997e-01	   4.2168231771947534e-01	   8.2683604599092686e-01	   4.3091377959245186e-01	   5.9459230322148271e-01	   4.9599521482027864e-01	   7.2610947329011222e-01	   6.2864333477953083e-01	   5.5407630184488321e-01	   1.0356760878342710e+00	   1.2277181497504779e+00	   8.9831165157055226e-01	   7.2816098001355223e-01	   7.2724308518652891e-01	   7.6492539167790452e-01	   6.7142687321092265e-01	   7.6206632510973393e-01	   3.6440387017563192e-01	   6.9687895515985521e-01	   5.4718033996026105e-01	   3.1989101006572868e-01	   4.9249068111116845e-01	   5.0599461584245098e-01	   5.5921389615680039e-01	   1.6217696688858305e-01	   5.9375329469072557e-01	   1.2568890051111881e-01	   4.4903364174050830e-01	   5.4346764088899568e-01	   6.6329052716904813e-01	   4.1066754381583909e-01	   6.9827536586186045e-01	  -2.3606586127777349e-01	  -3.1133229411180063e-01	   4.9153679375160508e-01	   3.3615566359770105e-01	   6.2521045226098715e-01	   6.4106340158234898e-01	   4.2135800179981781e-01	   6.6252855531755594e-01	   4.7392541761744916e-01	   7.1381731345634736e-01	   6.0336851224154708e-01	   5.8464308013457045e-01	   4.7491806901519812e-01	   4.0288279332597443e-01	  -4.4761832157059167e-01	  -1.1722218642840804e-02	   5.7971286507196595e-01	   4.7829333872834834e-01	   6.0821011417835302e-01	   4.0666919753062142e-01	   3.5835849917415435e-01	  -1.3980686654619523e-01	
