   0.0000000000000000e+00	  -2.7816945751048202e-02	   1.1192294306650337e+00	   4.7630611189441080e-01	  -5.2067818576657411e-02	   1.1659733336706493e+00	   1.3938577705137007e+00	   2.3928220065690345e-01	   1.2549917441689562e-01	   1.0999632133201351e+00	   1.0240189623869429e+00	   5.5882624783901391e-01	   8.7863202699611165e-01	   3.5868757922304961e-01	  -6.3384785379672390e-02	   1.2394734555127396e+00	   5.0659013068604664e-01	   5.4551513864666945e-01	   9.5769655502924134e-01	   5.6960209608382484e-01	   3.9281683475598178e-01	   8.8252472677541893e-01	   5.2746990649982761e-01	   6.9238111251820034e-01	   4.2000402386276769e-01	   8.1728440480491582e-01	   2.9121558893291444e-01	   9.3976131769811055e-01	   3.2743224976331964e-01	   5.2760855811195428e-01	   4.2820891907903780e-01	   6.1476821261846404e-01	   8.1614463838664730e-01	   6.5096402254390784e-01	   4.9943352697725607e-01	   5.4376455273307878e-01	   7.9410230075447508e-01	   8.9130867175849327e-01	   6.1725770306544192e-01	   1.1131918047833407e+00	   6.6501303917869359e-01	   7.2108775495905919e-01	   4.4590955455381498e-01	   5.4599411352204952e-01	   1.4664682695540787e-01	   3.3259155410942298e-01	   5.4014294766066850e-01	   7.1966423779086930e-01	   2.4958322221068852e-01	   1.7577735277995976e-01	   6.3220090125616646e-01	   6.7860366259906613e-01	   2.7014354676605051e-01	   1.4123720001902478e+00	   1.1343207198438934e-01	   1.2494187624987336e+00	   1.9804247671091475e+00	   5.1236917250741372e-02	   5.2924648931911156e-01	  -1.7570829223856285e-01	   7.5878546732653740e-01	  -1.1274892618230667e-01	   9.6755211154439513e-01	   2.9105035109619509e-01	   3.0845992993221838e-01	   1.6091268809365042e-01	   3.3757567839273178e-01	   5.1092786232500309e-01	   5.9190790087637823e-01	   5.4668700276492022e-01	  -6.7637870855419405e-02	   4.0997345215074438e-01	   1.5362498666243785e-01	   4.1285405455542329e-01	   4.8459265692308795e-02	   7.1673133129557121e-01	   3.2244660494873240e-01	   4.3035597805198589e-01	   2.6676383553039107e-01	   9.6594121708636838e-01	   6.6894328039832962e-01	   8.2398034780863860e-01	   4.7998540908850434e-01	   9.8900393865563674e-01	   2.6284163015165096e-01	   1.4938578521375683e+00	   1.5539126392097979e-01	   6.8124700509827019e-01	  -3.3845885610041498e-01	   1.2509167859154879e+00	   3.4003004911085399e-01	   7.2244032874633546e-01	   1.9920411763538090e-01	   9.1608829829754079e-01	   3.7763750203579527e-01	   4.9260488887632703e-01	   2.7661813546241165e-01	   1.1892601428197205e+00	   1.7134721206358847e-01	   6.2282744947917712e-01	  -1.9720064979545623e-01	   1.0466832179514061e+00	  -1.8356626862287800e-01	   7.1079704101527508e-01	   1.3379521798738456e-01	   4.7949996524234395e-01	  -1.5129228684385901e-01	   5.8439428483647415e-01	   1.7004957224445039e-01	   3.4029272816441630e-01	  -1.2068693138383053e-01	   3.7237178395548798e-01	   5.2077827481222938e-01	   2.5106239459650503e-01	  -5.3691652543203544e-02	   6.8202724000263129e-02	
  -2.7816945751048202e-02	   0.0000000000000000e+00	  -6.3899704231496893e-02	   9.3562218074318659e-01	   1.4310291603998562e+00	   1.8005398693430075e-01	  -3.2414981755540917e-01	   1.0624398424903712e+00	   9.0624157935979643e-01	   2.4226424449472533e-01	   3.6725002112859111e-02	   6.7221422272855147e-01	  -8.6207777975305187e-03	   5.3679791674705513e-01	   1.1947073444225629e+00	   1.2448842604528092e-01	   5.7190044788186623e-01	   8.7520067477659991e-01	   6.1823826264797943e-01	   1.0270318891409260e+00	   7.5219426081763585e-01	   3.3186296927887593e-01	   3.8466307842543968e-01	   3.3248475344025519e-01	   5.5796409616084730e-01	   3.5041671485767423e-01	   7.7721290675357435e-01	   4.7863319400525954e-02	   7.9227233530879493e-01	   4.3410523246826566e-01	   6.8178364863293273e-01	   4.9405125382410420e-01	   4.9624935455592944e-01	   4.6723908827041793e-01	   2.7640832737868354e-01	   4.3688748081398082e-02	   2.0598387207708563e-01	  -3.7381442600277454e-02	   4.8445773483205357e-01	   9.0321812702267856e-02	   5.2061954525612020e-01	   4.5954697692029728e-01	   6.0851085755688783e-01	   4.1902263060487344e-01	   8.7707101122110354e-01	   8.3528497648701161e-01	   7.6637688784063729e-01	   4.6723125948771443e-01	   8.8013127193182084e-01	   1.2297198627097969e+00	   6.2740473800687313e-01	   5.0433058923329965e-01	   1.1542772979493321e+00	  -2.6113082694720668e-01	   1.1682969801622678e+00	  -2.0970939268345731e-01	   8.5873238831712748e-03	   2.3478701085472888e+00	   9.3022917116853532e-01	   1.5998525477594332e+00	   5.9317946612419648e-01	   1.3388720950214625e+00	   9.8734560248124451e-02	   7.0984522287754803e-01	   5.3948387553585753e-01	   1.0975806355245419e+00	   1.0722926952517184e+00	   7.2360431370720635e-01	   9.3222074362629559e-01	   7.5037960476788634e-01	   6.5547105441023124e-01	   2.9162814812201510e-01	   9.1310440108000324e-01	   5.2770881692264393e-01	   9.0146054251839236e-01	   1.1690485261368805e-01	   2.6544495829231535e-01	  -4.6221707604073611e-02	   7.3674323088278248e-01	   2.0504393231615964e-01	   3.8351417709676972e-01	   3.8356792037322174e-01	   6.2846163884425965e-01	   3.0852554149743161e-01	   8.6031658606930672e-01	  -1.3280669865960498e-01	   7.5235966510244467e-01	   3.2004584971851591e-01	   1.4355849520176427e+00	  -5.2876979033153382e-01	   9.6111213960339026e-01	  -1.5300536544251819e-02	   7.5808555889053764e-01	  -4.1367745844179055e-01	   4.4939381689375037e-02	   2.8671577057259862e-01	   6.4976195660524416e-01	  -2.6388581513369556e-02	   9.1104142586596504e-01	   2.9937516881078735e-01	   1.0149900699676488e+00	  -3.0672499586014584e-01	   1.1030667187873866e+00	   3.9384803127019108e-01	   6.3143721982083967e-01	   2.6505141614365191e-01	   1.1345380981131126e+00	   1.7952893856537949e-01	   3.1574092941085385e-01	   7.5850915748993830e-02	   1.7127749459412228e-01	   5.4027027880875345e-01	   3.1976416716419009e-01	   1.0299908065279627e-01	   2.6020176130614771e-02	   2.1661213478232738e-01	
   1.1192294306650337e+00	  -6.3899704231496893e-02	   0.0000000000000000e+00	   5.2549141068093186e-01	  -2.8503037677743797e-02	   6.8646644364121301e-01	   1.3452099267166755e+00	   9.9884535932705854e-02	   2.2249746068926041e-01	   8.8554182699320738e-01	   6.8547956002839316e-01	   2.8224396105837823e-01	   8.3701196793268573e-01	   2.1799115766791435e-01	  -3.2227495221107801e-02	   8.5302285451923210e-01	   3.2425397081545254e-01	   3.0167616450515300e-01	   7.4035125504841626e-01	   4.2488510418960690e-01	   1.3277865826709703e-01	   4.2011303977957409e-01	   8.1195094305192494e-01	   8.6366398812143619e-01	   4.0628564696763020e-01	   5.5358597283833588e-01	   7.1326865866335437e-02	   4.7379072013972706e-01	   8.6049515880251698e-02	   2.0913921374400793e-01	   1.5022106484315026e-01	   3.2310799863640477e-01	   5.6643438363546084e-01	   3.1651434945462764e-01	   4.9703650328847093e-01	   5.4995652661399586e-01	   5.0418672861009650e-01	   5.0816616847742424e-01	   4.3303027605761524e-01	   5.9599342817147571e-01	   3.7198538708775264e-01	   3.6060455974454153e-01	   3.6909130050357059e-01	   5.3495650589439736e-01	   4.5179172306850181e-02	   1.9040695545380268e-01	   3.6198337428072980e-01	   4.8623767563845077e-01	   1.0006480250379687e-01	   9.1156322550585603e-02	   4.5761070242402341e-01	   5.4701374319887863e-01	   1.6552051469632575e-01	   1.2097152753460589e+00	   2.2295979103303949e-02	   8.3992438032688532e-01	   1.0799762122193248e+00	  -2.0671592050891412e-02	   2.9124928111538290e-01	  -2.9077376714355346e-01	   6.2898350004987169e-01	  -2.2709604588166718e-01	   6.0426190637531352e-01	   5.9447439522985444e-02	   4.5652666781241386e-01	   1.8707394299705080e-01	   2.0533690810094160e-01	   2.9485032230083524e-01	   5.2375630069207446e-01	   2.8639205032993997e-01	  -1.7726627489720348e-01	   1.7288015562421702e-01	   3.7299003065553074e-02	   1.7074202048884846e-01	  -9.7212242264935717e-02	   4.1337112907008405e-01	   8.0808496339571434e-02	   1.1931446578640618e-01	   2.1745294356617241e-02	   5.1225617281006119e-01	   2.8161511185659593e-01	   4.0190994558028154e-01	   2.1732390999436177e-01	   4.9281270925904008e-01	   1.9795231123051540e-01	   1.0515803636306842e+00	   1.4552047781610089e-01	   3.5098666220542479e-01	  -3.1712957055022795e-01	   9.7668831722851379e-01	   2.2718130051895324e-01	   8.9633249401999748e-01	   1.7312430691522052e-01	   1.1760470258714653e+00	   4.5264936506756476e-01	   1.7298887681710615e-01	   2.7231568508030785e-01	   8.5211666349473902e-01	   9.1728610955484804e-02	   4.7813048541701164e-01	  -2.7808429665780432e-01	   1.0230248051314033e+00	  -2.7097587843415843e-01	   5.8390695913268387e-01	  -1.2359186971197829e-01	   3.2020279190079942e-01	  -3.0295399412629165e-01	   4.8790200258587269e-01	   6.1932617704093487e-02	   3.0159812708035055e-01	  -9.6414459802558541e-02	   2.9532253645068191e-01	   5.8791619498091130e-01	   3.3907904394683019e-01	   1.4761313367141457e-01	   1.3518563142376311e-01	
   4.7630611189441080e-01	   9.3562218074318659e-01	   5.2549141068093186e-01	   0.0000000000000000e+00	   7.1151787696765567e-01	   5.1098395119750584e-01	   2.5302075479273439e-01	   1.2533261718760915e+00	   6.8460203440756817e-01	   6.9626871083726849e-01	   3.7704422018791056e-01	   9.4434246732366756e-01	   2.7595996635934605e-01	   7.5174588214414972e-01	   5.9367788596889437e-01	   5.2179130286526010e-01	   7.4010668656815737e-01	   9.4177174021905108e-01	   9.3901201498292608e-01	   1.1258288488545884e+00	   5.3561505023124778e-01	   5.5962969154154474e-01	   6.8130067555335083e-01	   8.3016853424636350e-01	   6.2538933801814678e-01	   5.8750503858128478e-01	   5.4067012281796145e-01	   2.8105060742520427e-01	   6.9153689164188492e-01	   5.9291710303519951e-01	   5.9640906518684811e-01	   6.6096377497854875e-01	   8.4347897954138373e-01	   6.9968036998600391e-01	   4.5763547758890666e-01	   3.6260607125362981e-01	   3.7973513295500294e-01	   2.4424589562331747e-01	   5.3198173277137528e-01	   3.9548691100610855e-01	   5.9121468415553935e-01	   6.8753761623324183e-01	   7.3591423049932470e-01	   7.0657370844260237e-01	   6.2101848571439133e-01	   7.6085445820645947e-01	   8.4852354844783651e-01	   7.0045770009862296e-01	   5.5239872039135063e-01	   7.5606561277271012e-01	   7.7105358526682466e-01	   6.2371242408248129e-01	   1.0662459594226545e+00	   2.5894442714323618e-01	   8.0698427618982149e-01	   2.0266697845096657e-01	   5.2224240937221811e-01	   9.9984366630318122e-01	   7.7546749873938337e-01	   6.3866522331865816e-01	   8.2782869565142359e-01	   7.8396794523411273e-01	   5.0054937107210662e-01	   6.8942321107366678e-01	   6.1464992507587435e-01	   9.1152686190240573e-01	   8.4070971253780657e-01	   7.6821549221961483e-01	   1.1614103155594162e+00	   8.5619463062146006e-01	   3.4962299629520110e-01	   3.2635645753570436e-01	   7.5451545218961236e-01	   5.8152925239157105e-01	   5.9746008418011720e-01	   3.4276560558538099e-01	   2.8728720227589866e-01	   8.2779905544802718e-02	   6.8155992497563800e-01	   4.6616986422123396e-01	   5.7282767033720494e-01	   6.9511479541281807e-01	   5.5272270370122756e-01	   5.9983769885956173e-01	   8.2821815243596830e-01	   4.0517744988710158e-01	   5.6775835269940922e-01	   3.3446864717689551e-01	   5.9185888499660455e-01	   2.9528986966872669e-02	   9.0999337928068491e-01	   2.5384833584512145e-01	   8.4169570053553844e-01	   1.2439706188989813e-01	   3.2595188412829618e-01	   3.9379797141460193e-01	   6.9751558063789587e-01	   4.0660401664647194e-01	   7.0206524770463818e-01	   4.9132841278188866e-01	   5.2447615837715578e-01	   2.2935937986548616e-01	   4.9393260385958371e-01	   6.2545175516007645e-01	   3.8514840706473852e-01	   3.5524591720466464e-01	   4.6958855181156706e-01	   4.0819864270341638e-01	   2.4585352409683087e-01	   2.0432068153783089e-01	  -1.5889047056345161e-02	   5.1685376018979046e-01	   6.4622491530448856e-01	   3.3979978874686645e-01	   6.6309955079506974e-02	   2.0178503363350953e-01	
  -5.2067818576657411e-02	   1.4310291603998562e+00	  -2.8503037677743797e-02	   7.1151787696765567e-01	   0.0000000000000000e+00	   2.1404845350393018e-01	  -3.1144057944445375e-01	   7.9471300777680431e-01	   1.2092972822760655e+00	   3.3570327474825590e-01	   5.0054530765666079e-02	   5.3713196516231432e-01	   5.0295412011313295e-02	   4.0348506352713953e-01	   1.5089951173592773e+00	   1.1861037255624138e-01	   4.6684462933135096e-01	   6.7886263133468339e-01	   5.2513519704881106e-01	   7.6443855806918526e-01	   7.9386877284032065e-01	   2.8722161022538639e-01	   4.5810749676195284e-01	   3.2498319406689830e-01	   6.0682962986953670e-01	   3.5194487485847903e-01	   9.0228212761270532e-01	   1.0444904501609065e-01	   6.7650605124863261e-01	   3.0183261275965312e-01	   6.3302447234060477e-01	   4.3693453753512868e-01	   4.0500678994377509e-01	   3.0067314703884152e-01	   2.4822770599656951e-01	  -9.9226269210645590e-02	   1.8759725605634228e-01	  -1.0129990439367735e-01	   4.0924478149727250e-01	   4.3872968862761111e-02	   3.9461248350213995e-01	   2.9624432038910303e-01	   6.6822527996079961e-01	   5.1033198183810924e-01	   8.0737577893878965e-01	   8.1218211248443917e-01	   7.6738558075999252e-01	   5.1952721344163988e-01	   9.2976295551062949e-01	   1.2801975726428712e+00	   7.0060261485445052e-01	   6.1533259003467911e-01	   1.0213573490992875e+00	  -2.1361472615167099e-01	   9.4458995772975451e-01	  -2.2482703967248011e-01	  -2.7475181461354869e-02	   1.3585055514398809e+00	   8.1107555761294303e-01	   1.2333775000302953e+00	   5.5307414871685934e-01	   9.5852356518219517e-01	   9.9557388974036945e-02	   4.8191394094484952e-01	   6.2933890121639346e-01	   1.0949226286573439e+00	   9.1439904833564034e-01	   5.7965877942732069e-01	   7.8740019779253390e-01	   5.8078260123090886e-01	   7.2545298838559324e-01	   2.9016380130196939e-01	   8.2152246583976252e-01	   3.7234078501751006e-01	   7.4243118865918756e-01	  -3.8464868770274357e-02	   1.4339041819041401e-01	  -1.7743584844384280e-01	   6.1496239528390584e-01	   1.5435198179448464e-01	   3.3813666607508291e-01	   3.0843002655436375e-01	   6.1029931947226213e-01	   2.4190191739900394e-01	   9.6938542381412374e-01	  -8.6094585646953187e-02	   5.8619291383444505e-01	   3.8770859623382825e-01	   1.1374328480957407e+00	  -4.7760478875597340e-01	   7.5483445546678785e-01	   6.0299770637910220e-02	   4.7854649503872637e-01	  -4.0614114996302630e-01	  -3.8481466630279917e-02	   1.2002209257735208e-01	   5.4204321855390103e-01	  -5.6921616814460077e-02	   6.7179019421695485e-01	   2.1807315710150579e-01	   6.9916647230822004e-01	  -3.2811935827686506e-01	   8.9071217886161003e-01	   3.4051879989993550e-01	   5.7039723082220684e-01	   2.3182056239835405e-01	   8.8251554372214414e-01	   1.0000181894002542e-01	   1.9394301115623447e-01	  -9.6372247830190706e-04	   1.4016877641671519e-01	   4.6451260731843130e-01	   1.9442481836305348e-01	  -4.8251969344094738e-02	  -7.6343164397460819e-02	   8.3042207873850651e-02	
   1.1659733336706493e+00	   1.8005398693430075e-01	   6.8646644364121301e-01	   5.1098395119750584e-01	   2.1404845350393018e-01	   0.0000000000000000e+00	   8.4379975416497555e-01	   3.7503194616557683e-01	   3.7155705786250826e-01	   1.4186813675788961e+00	   6.5549273452813717e-01	   6.1061032518816227e-01	   5.9415909202802730e-01	   4.0321541223352875e-01	   1.8122886306784866e-01	   1.3316386333070966e+00	   7.3519436188682852e-01	   7.5336784408156510e-01	   1.0004129793023526e+00	   7.4306158563418634e-01	   6.6952636925864573e-01	   1.0550281645386643e+00	   6.2581761962877436e-01	   7.9809347012870102e-01	   6.8212322598415320e-01	   1.1642602924323455e+00	   6.3151795114648801e-01	   1.3724252258423513e+00	   4.9227743884228742e-01	   6.6450450660443550e-01	   7.2205738703213007e-01	   8.2265499683837384e-01	   1.0040629945394539e+00	   8.3165402386420717e-01	   5.7873661838201307e-01	   4.8130652947915964e-01	   7.5748130664862612e-01	   7.6522223920002874e-01	   6.1868328189404387e-01	   1.1687703302573822e+00	   6.9748558647910730e-01	   8.6860076265982111e-01	   5.6613401885108605e-01	   6.4117201011356373e-01	   3.7887573619894771e-01	   5.8576720995232479e-01	   7.7136083393511723e-01	   1.0208935604067289e+00	   5.1177901691334948e-01	   4.1134736537776762e-01	   8.5079873854463928e-01	   8.6226358137505688e-01	   4.6133899269193634e-01	   1.0126899489328558e+00	   2.8807474625878449e-01	   9.5680097252139884e-01	   1.2530235676031918e+00	   2.1613715631290800e-01	   5.6259904149411566e-01	   1.5360032008992693e-02	   6.7606894133955342e-01	   4.9851157598426121e-02	   1.0404702155725862e+00	   4.4497899576790634e-01	   3.2515894430302222e-01	   2.8031623222736746e-01	   5.1421200531702072e-01	   7.1659504574166200e-01	   6.8946094604294961e-01	   6.7515041548180998e-01	   1.8989265091559593e-01	   5.8071798649637851e-01	   3.4360818127508780e-01	   5.7452425796236395e-01	   2.4296809569255359e-01	   6.0049033943662189e-01	   3.6854254058028257e-01	   4.3872387488032788e-01	   4.7565421265000712e-01	   1.0210608673427182e+00	   9.3630431732046970e-01	   9.5741631321764431e-01	   6.7188755083584839e-01	   1.1890320187996390e+00	   3.9722579263019003e-01	   1.0523272671837902e+00	   3.4854352135184891e-01	   9.0760295017597770e-01	  -1.4311938188242962e-01	   7.3164892255960456e-01	   4.5582625962179585e-01	   6.0823975858105905e-01	   2.7296515320776871e-01	   5.5331933396096211e-01	   1.3616676940919151e-01	   5.2295488554257941e-01	   2.6604145377438715e-01	   9.6838579438969064e-01	   3.0963058775068053e-01	   6.8863327580072098e-01	  -1.6229588837001912e-02	   6.7292781504327981e-01	   1.0131947419593008e-02	   6.6526194159443108e-01	   3.2321780472068423e-01	   5.0678849408818927e-01	   4.0849395835288294e-02	   3.2486418110101994e-01	   2.4171802833782183e-01	   3.1360988206629986e-01	  -3.8486498380060664e-02	   5.0377497274572303e-01	   5.1009380393571035e-01	   2.4913713865686538e-01	   6.9110587067660644e-03	   1.5707497533903256e-01	
   1.3938577705137007e+00	  -3.2414981755540917e-01	   1.3452099267166755e+00	   2.5302075479273439e-01	  -3.1144057944445375e-01	   8.4379975416497555e-01	   0.0000000000000000e+00	   2.1793843459210614e-02	  -1.6502573396977693e-02	   8.3091644867190229e-01	   8.4239384829311259e-01	   2.7148730323556497e-01	   8.9593921682318223e-01	   1.7290928405755501e-01	  -2.5150732225792349e-01	   9.7727204747802587e-01	   2.9602260872452940e-01	   2.5320959777112750e-01	   5.6903149801450714e-01	   2.9498282993513358e-01	   9.8796203675846989e-02	   5.7406090761683559e-01	   4.0524475845713614e-01	   5.1310242144285978e-01	   2.0658108056822638e-01	   5.5297183644732284e-01	  -1.3335982764850674e-02	   7.3056050960649466e-01	   1.1056012269272160e-01	   3.4902049596759405e-01	   1.8098118021488224e-01	   3.5301661921516747e-01	   5.2844123204159665e-01	   4.1990117759403450e-01	   3.2186304818834310e-01	   4.8457728852993365e-01	   5.2833642288539773e-01	   7.0832333316924156e-01	   3.3389166195881598e-01	   8.1330915423256156e-01	   3.6447156763394178e-01	   4.4704537973663483e-01	   2.3539417755924619e-01	   3.7460636132168090e-01	  -8.5403524973472200e-02	   7.2074134093744302e-02	   2.5690702800898069e-01	   4.5073408446075569e-01	  -5.1359978277400867e-02	  -1.3434796419215281e-01	   2.8528143424779900e-01	   3.6605669328355916e-01	  -1.7242509974975836e-02	   1.5891909046234152e+00	  -1.7548993071091867e-01	   1.1848644812160438e+00	   1.3169964674177477e+00	  -2.5340270892813743e-01	   1.7516728108090038e-01	  -4.8500158303896540e-01	   5.3166075244384992e-01	  -3.5988274534720510e-01	   8.4194197115095160e-01	   1.3137939636710230e-01	   9.2841247872860494e-02	  -1.1244747454549478e-01	   2.8445967756225043e-02	   2.2608340773095742e-01	   3.1692268682538333e-01	   2.8782071063885617e-01	  -2.2496919515613081e-01	   2.6636126636330748e-01	  -9.7398981781503052e-02	   1.9556319467961264e-01	  -1.6958718757872426e-01	   6.3023338298996412e-01	   1.5236562203566451e-01	   3.4272047505556180e-01	   1.9009185730743575e-02	   7.0014586118537014e-01	   3.9088782797249921e-01	   5.4631581875807089e-01	   2.7230518003426057e-01	   6.4497208100230785e-01	  -4.6439966348245015e-02	   1.2455438840051172e+00	  -6.1524516524358516e-02	   3.3307357955950861e-01	  -6.6152399529684280e-01	   1.5919783631049433e+00	   9.1680936382037892e-02	   7.5238287197033504e-01	   2.3088950147251833e-02	   1.3050455315357214e+00	   4.7880179360123554e-01	   3.6559581501671662e-01	   1.2567612481331003e-01	   1.1010625106156249e+00	  -1.2955235931622738e-02	   4.9440105635068388e-01	  -3.8600511211499511e-01	   1.3692986641675442e+00	  -4.0873748755068540e-01	   5.3241534696493231e-01	  -1.5469059549798575e-01	   3.0066553901525744e-01	  -4.2695754935049124e-01	   4.5575616822656317e-01	   1.6246550383049788e-01	   4.2844960858367587e-01	  -1.4348663574540962e-01	   2.3757647443782312e-01	   4.5941846607440995e-01	   2.6181825572800904e-01	   5.9218637722112812e-02	   2.0756677317696929e-02	
   2.3928220065690345e-01	   1.0624398424903712e+00	   9.9884535932705854e-02	   1.2533261718760915e+00	   7.9471300777680431e-01	   3.7503194616557683e-01	   2.1793843459210614e-02	   0.0000000000000000e+00	   6.7634112703996074e-01	   4.5385082526557496e-01	   3.5117947251666093e-01	   1.1559874710274953e+00	   1.6735047214118731e-01	   9.0683423992957657e-01	   7.5313751919734861e-01	   3.3685008478103867e-01	   7.1774055184578811e-01	   9.9855783499704986e-01	   6.2641432768025895e-01	   1.0272294000945257e+00	   6.1458310463025101e-01	   5.8392520055671393e-01	   2.5164001633805544e-01	   3.3585942556513271e-01	   3.9648826437426027e-01	   4.3591090242703789e-01	   5.5752335366840389e-01	   2.2823858299686822e-01	   1.0342401803763237e+00	   8.5834866325494474e-01	   7.9712200311670300e-01	   7.1371534244446333e-01	   7.1942523324055030e-01	   8.5169716627296777e-01	   1.3872279524236164e-01	   3.5078936123969159e-02	   2.1873040556788012e-01	   1.2420827141782963e-01	   3.1762848783236536e-01	   2.5392320979152172e-01	   5.1189545353892651e-01	   6.9394192078065819e-01	   6.3151464302627613e-01	   5.0153776986177001e-01	   7.1599036512434411e-01	   7.8538503922260794e-01	   7.6938779002690738e-01	   5.8358474770998647e-01	   5.8414930113852559e-01	   7.2868477605687754e-01	   5.8927729837935283e-01	   3.9060278030886852e-01	   1.0253923756149816e+00	  -2.3574367404689468e-02	   7.5089055854202813e-01	  -6.8365236000914580e-03	   2.7848591644833720e-01	   1.1450709334293196e+00	   7.3645719253786890e-01	   9.4281114268151567e-01	   7.4604882798182126e-01	   1.2946450060108439e+00	   4.6593533472525250e-01	   1.0871061006160121e+00	   2.4294670533115825e-01	   6.9670036157984838e-01	   7.0536349829905576e-01	   6.2774526694173571e-01	   8.4238278331944094e-01	   9.8343756359564849e-01	   6.0247014569557522e-01	   4.4336344664908506e-01	   9.0825674329608430e-01	   7.1262228236868475e-01	   8.9849291043613522e-01	   4.0210760930546824e-01	   3.2388533832778071e-01	   1.3153571044440771e-01	   8.9158999999784105e-01	   4.4438669161087929e-01	   6.2508092509194668e-01	   7.5759982175486851e-01	   6.8523161265357335e-01	   5.8254176681169700e-01	   6.7914728852697437e-01	   1.1358945626408636e-01	   3.8299964436750011e-01	   1.7504281886312101e-01	   6.9376410993118864e-01	  -2.2168010428194784e-01	   8.8413763535859369e-01	  -4.7880758171815141e-02	   7.4026952753119546e-01	  -2.1586608137717048e-01	   3.0445781842248704e-01	   5.2757434289111060e-01	   5.7755447487934097e-01	   2.0872812553759887e-01	   7.4837921809673946e-01	   3.7792668401364132e-01	   7.5518962658115996e-01	  -9.1520181797575990e-03	   7.0401582590875644e-01	   4.3812197084730298e-01	   5.3805924167545671e-01	   2.5890391703496463e-01	   7.0406228843105390e-01	   2.4448150079143660e-01	   4.0594884759943745e-01	   2.4834169319987537e-01	  -3.2288546290370070e-02	   4.7205812126770874e-01	   3.9712622418552157e-01	   1.0553940345631756e-01	  -1.3456298573661635e-01	   4.4753642542939044e-03	
   1.2549917441689562e-01	   9.0624157935979643e-01	   2.2249746068926041e-01	   6.8460203440756817e-01	   1.2092972822760655e+00	   3.7155705786250826e-01	  -1.6502573396977693e-02	   6.7634112703996074e-01	   0.0000000000000000e+00	   5.5757422809523260e-01	   2.0571251447044087e-01	   6.4426162633847872e-01	   3.2863525057886706e-01	   5.7698654418123729e-01	   1.4928558935825582e+00	   3.8497428197940742e-01	   4.1096438388887802e-01	   6.6958503391979185e-01	   6.3993854446634024e-01	   8.1731859834669651e-01	   6.9268074682170699e-01	   3.2581617669282203e-01	   6.1333171211948645e-01	   4.4064250267143212e-01	   5.4818192674131172e-01	   3.6251558895448072e-01	   6.0914065587817712e-01	   1.9297422820194279e-01	   6.0890326079675416e-01	   3.7028980279532175e-01	   6.1563393168658631e-01	   4.5922206839069474e-01	   4.7950696381934771e-01	   3.2625906460179405e-01	   2.0647791030343030e-01	  -1.0518184568464890e-01	   3.2440692020216244e-01	  -1.3606719925519054e-02	   4.1387042187083201e-01	   1.6484122002657683e-01	   4.0867495620318395e-01	   3.5324794171224577e-01	   5.9015628937540721e-01	   4.6051797462677552e-01	   6.3787659569576027e-01	   6.7616959081730588e-01	   7.4739031919316679e-01	   5.1186195492262154e-01	   9.6566921110283999e-01	   1.0355324528648184e+00	   8.1425022945290060e-01	   7.4093812727400232e-01	   8.2105459573932693e-01	   3.1748587900904006e-02	   7.0749735403700853e-01	   1.6102141207729577e-02	   1.2364753299213435e-01	   8.2871418508184858e-01	   7.5096612467063040e-01	   7.5750980262249734e-01	   7.2747581769775727e-01	   6.5930955728404961e-01	   1.7376567819180949e-01	   4.2901569887404534e-01	   6.3555168451220256e-01	   8.5832849630668751e-01	   6.5839195106097070e-01	   4.1166191236121874e-01	   6.7014788344682241e-01	   5.0902272472091326e-01	   6.5413764717529521e-01	   4.2144431207723021e-01	   7.4073924767710020e-01	   4.6862835164167482e-01	   6.1710151754417608e-01	   1.1203926691147172e-01	   1.9969933746923496e-01	  -6.4430434423911054e-02	   4.4169910352431591e-01	   2.8602322094334570e-01	   2.7427438050030672e-01	   3.2524953062500256e-01	   6.4121135347189095e-01	   3.8459941456295738e-01	   6.9846664324547547e-01	   7.4251252055948888e-02	   5.2647100600816210e-01	   3.9657917855446989e-01	   6.3557465231547883e-01	  -2.0796063962394148e-01	   6.5835322159350662e-01	   2.2885882548277325e-01	   4.0210570494345749e-01	  -1.5007053998848743e-01	   6.1358012382171034e-02	   2.5871578308476878e-01	   5.4151055287958716e-01	   1.8598569522485936e-01	   5.6453637990771977e-01	   2.9223269986937628e-01	   3.9055475232860593e-01	  -1.7469935791342756e-01	   5.0630261871089111e-01	   2.9419203885261402e-01	   3.9937352249194286e-01	   2.2623905370640285e-01	   5.8338985036514490e-01	   1.0347319206725687e-01	   2.1842137155504657e-01	   9.5443218553932160e-02	   3.7072369218083108e-02	   4.1207478977626461e-01	   2.0923148023251972e-01	   3.0766221626198641e-02	   1.2289989629806378e-01	   2.2948863725446911e-01	
   1.0999632133201351e+00	   2.4226424449472533e-01	   8.8554182699320738e-01	   6.9626871083726849e-01	   3.3570327474825590e-01	   1.4186813675788961e+00	   8.3091644867190229e-01	   4.5385082526557496e-01	   5.5757422809523260e-01	   0.0000000000000000e+00	   7.6606384464079813e-01	   7.9540946255236911e-01	   6.9935306505921335e-01	   5.4692356904108375e-01	   2.9993158525760055e-01	   1.3117054780446005e+00	   7.3752488930561133e-01	   7.0718709335815588e-01	   1.1523337104962803e+00	   7.8853901627927714e-01	   5.6361638844665951e-01	   8.4074826477225817e-01	   8.0187774648126253e-01	   9.1163693308053939e-01	   6.5710220946201869e-01	   8.8213911534567269e-01	   5.1593455590084325e-01	   8.6180847195166521e-01	   5.3239049903292268e-01	   5.9827550488209991e-01	   6.5526391564062891e-01	   7.5974698987998202e-01	   9.5289493218354882e-01	   6.8673206122622188e-01	   5.2828490434388853e-01	   3.9530000765277618e-01	   8.1765033550892374e-01	   6.8580397117086145e-01	   7.2641211503080239e-01	   1.0567180571369164e+00	   6.9388418113733052e-01	   7.9495558981598458e-01	   5.6518867075649504e-01	   6.6344143355953733e-01	   3.0498197356937834e-01	   5.1876403406511584e-01	   7.4597033978224248e-01	   9.2104074282306314e-01	   4.9685969964846766e-01	   4.9247808900758450e-01	   9.2534360929085535e-01	   1.0478434381507586e+00	   5.1979584248813859e-01	   9.2409393077722091e-01	   3.7942353858690248e-01	   8.6542998502452662e-01	   1.1609373465961013e+00	   2.8966852542823079e-01	   6.5732266786565385e-01	   1.0825775969946294e-01	   8.7939372843193253e-01	   1.4598976537915925e-01	   9.4736296776864215e-01	   3.9894626620857387e-01	   5.1845909472595253e-01	   4.9269490806271155e-01	   5.2557525132416671e-01	   6.3699021244662934e-01	   7.5013957195457726e-01	   6.4611806855169174e-01	   2.7797415014142351e-01	   5.1950283774191996e-01	   4.3454617783599891e-01	   5.1899681836669254e-01	   2.7416728775059884e-01	   4.6251302657226689e-01	   3.3668570351481647e-01	   3.3425021972502861e-01	   4.5780146758486384e-01	   7.9733039536551265e-01	   7.6140837592592303e-01	   8.1309658132116192e-01	   6.3069902643965292e-01	   1.0117643885440457e+00	   4.9215278191800693e-01	   1.0979984723821778e+00	   3.0950644418848428e-01	   7.2614373778508878e-01	  -4.3175281081980536e-02	   6.7377712187522376e-01	   5.0519084205590148e-01	   6.3746108437520954e-01	   3.2961719498381209e-01	   5.4350542133676560e-01	   2.1911392949398589e-01	   5.0141262897978223e-01	   4.3569487570682580e-01	   1.0112798592594905e+00	   3.6230184292032103e-01	   6.1693796676820289e-01	  -1.6003245012980727e-02	   6.4691077302036826e-01	   6.5922655535177122e-02	   7.3716907532316522e-01	   3.7098369350187732e-01	   6.0850160708065837e-01	   6.9600923626933583e-02	   3.9801022018121324e-01	   1.6255389760656522e-01	   2.4770514728306420e-01	  -3.1700184041430026e-03	   5.3641786585553275e-01	   5.2998805326609066e-01	   2.0847558936062052e-01	   5.5740833617420132e-02	   2.2360418377513164e-01	
   1.0240189623869429e+00	   3.6725002112859111e-02	   6.8547956002839316e-01	   3.7704422018791056e-01	   5.0054530765666079e-02	   6.5549273452813717e-01	   8.4239384829311259e-01	   3.5117947251666093e-01	   2.0571251447044087e-01	   7.6606384464079813e-01	   0.0000000000000000e+00	   7.3251224373223189e-01	   1.3716024809913487e+00	   6.1939739752260869e-01	   1.2389621017464063e-01	   7.1537239936850006e-01	   3.4574149538295906e-01	   4.9155222758451844e-01	   6.0835086306711850e-01	   4.5993088592149906e-01	   2.4577689972697497e-01	   5.1424778476831812e-01	   2.2280394301945616e-01	   2.2685034142249449e-01	   7.4238863439405708e-02	   3.6549013512159323e-01	   1.6086856809790698e-01	   5.1935838521865529e-01	   4.2323210369947029e-01	   4.3661262730898798e-01	   3.5131579284692338e-01	   4.1466954493795083e-01	   4.8036823778173199e-01	   4.4798122795293677e-01	   1.0807916036084886e-01	   2.2303865582690399e-01	   6.4601352508141718e-01	   7.2726571848957744e-01	   5.8378074207888253e-01	   6.6775014638600505e-01	   5.2724153265982054e-01	   5.3968535870650058e-01	   3.1905157750174867e-01	   3.0389890064747849e-01	   3.8285640285860484e-02	   1.7970702022156068e-01	   4.2757740086572904e-01	   4.5765736835565413e-01	   1.4323549483435466e-01	   1.3438767553603700e-01	   3.4817778982384728e-01	   4.5235460485751866e-01	   2.4274985212150910e-01	   7.4892258399659106e-01	   1.6912931615491628e-01	   7.8213011022153334e-01	   8.0217682648549915e-01	   1.0567290105444427e-01	   5.1265047167984168e-01	  -2.1362365627134880e-02	   7.7830352724291663e-01	   3.2989435560645326e-02	   6.2345001027182945e-01	   2.9761449008412999e-01	   1.2141078734298265e-01	   9.1452501636994046e-02	   1.8774965743046770e-01	   2.6954109672438142e-01	   3.7387746137333877e-01	   4.7579122632124060e-01	   6.1456356795454546e-02	   3.6605129423079846e-01	   1.3376659530418183e-01	   2.5112094375706900e-01	   1.8182958917128528e-01	   6.6810769480799737e-01	   3.0262165788022899e-01	   3.6517837356717836e-01	   2.0244870040121571e-01	   5.5562519526658916e-01	   4.3233044398256970e-01	   5.4387510317847787e-01	   5.7221775928542096e-01	   5.9787568516340661e-01	   2.2961265241256351e-01	   6.9816728319004362e-01	   1.0713666476059603e-02	   3.5176519543122997e-01	  -1.7909944463336128e-01	   7.2240350341817372e-01	   3.1516997406684633e-01	   5.2986704355864145e-01	   1.6430972070910296e-01	   5.4679422145636558e-01	   6.2257464118414707e-01	   5.4085829724694878e-01	   3.6191510254774933e-01	   7.7346644401944287e-01	   2.5463672605654641e-01	   5.5542667482307850e-01	  -2.2444879760167080e-02	   6.9949870059240293e-01	  -2.6090519109542069e-02	   5.5275456585736971e-01	   1.1196442205055253e-01	   3.0016003397468455e-01	  -1.1112155204235079e-01	   4.6245364700312180e-01	   3.8387285298453527e-01	   3.4643592010464447e-01	   5.9537478487000632e-02	   4.1483269670691469e-01	   4.6240656770689115e-01	   8.7302453665936100e-02	  -1.7627453495220699e-01	  -1.4823281087168754e-02	
   5.5882624783901391e-01	   6.7221422272855147e-01	   2.8224396105837823e-01	   9.4434246732366756e-01	   5.3713196516231432e-01	   6.1061032518816227e-01	   2.7148730323556497e-01	   1.1559874710274953e+00	   6.4426162633847872e-01	   7.9540946255236911e-01	   7.3251224373223189e-01	   0.0000000000000000e+00	   4.9365694226130508e-01	   1.3685283110261901e+00	   6.0620984257833399e-01	   7.2821577856656561e-01	   6.2956316367954401e-01	   1.0396190257446032e+00	   8.4762660136179258e-01	   1.0044126952606862e+00	   5.9225656611138489e-01	   7.2689530989241369e-01	   2.9283080975560044e-01	   3.9925332800788871e-01	   3.4588555559298501e-01	   4.8133398172058217e-01	   4.2852277187182319e-01	   3.9867079007887302e-01	   9.8740060831832466e-01	   9.1176871287494099e-01	   8.2336860798985967e-01	   7.8803895138938573e-01	   7.8647369849986792e-01	   8.2098267627657684e-01	   1.7429968748863264e-01	   5.4721821508452784e-02	   4.9867130766997003e-01	   4.1210318594630302e-01	   5.1717830649616803e-01	   5.6537557499037838e-01	   6.1841736790133239e-01	   8.1677163999865277e-01	   5.1228185491664036e-01	   4.1235387474488605e-01	   4.8872493011193197e-01	   6.1539811773566022e-01	   6.8876298639147393e-01	   5.5036594284513740e-01	   5.8449874248288447e-01	   6.7449758345477528e-01	   7.3041025378160584e-01	   6.3644815582907810e-01	   7.7207383177579536e-01	   2.4502424418495863e-01	   6.4830524638399856e-01	   3.4785560685905709e-01	   5.2948528139710160e-01	   7.4081875682553855e-01	   9.4150923679294696e-01	   6.3089649067170972e-01	   9.9204527131664078e-01	   8.0098162938220441e-01	   5.7762836711953147e-01	   8.2097181472943748e-01	   3.1327863104862541e-01	   6.5627605725617966e-01	   6.3371761224207390e-01	   5.9310864877745351e-01	   7.1933022446253159e-01	   9.1077108633316062e-01	   5.5821067074285158e-01	   6.0351760323281411e-01	   7.5847558530226766e-01	   7.6001280643079250e-01	   7.2872565506999043e-01	   6.0598502921901365e-01	   4.3072823296748664e-01	   3.0944175235303950e-01	   6.4132256625224782e-01	   6.2749737327498656e-01	   6.4533327502455684e-01	   8.2864533853654887e-01	   7.7591487864454278e-01	   8.9625410113393578e-01	   5.6125363451150401e-01	   3.9996137380416641e-01	   2.7474547584582071e-01	   4.0149505906419763e-01	   3.6712315588812444e-01	   1.2786876192680782e-01	   7.8504633808646174e-01	   1.5548793641435163e-01	   5.8892587632539639e-01	   1.7551112971480799e-02	   3.5074727316722987e-01	   7.8981085106847304e-01	   6.0795478474985276e-01	   5.4698175448104602e-01	   6.1457395430792450e-01	   4.8164483027560934e-01	   4.1983564855913735e-01	   1.7834034170839033e-01	   4.2227937548095595e-01	   5.0081280627983971e-01	   5.2576049732465513e-01	   3.5315538943370012e-01	   4.4044725467409501e-01	   3.3616195575299784e-01	   3.0013002335494676e-01	   2.4020143297564553e-01	  -1.3361696332113807e-01	   4.5445936208726162e-01	   3.4613327214595241e-01	   9.2067081378718468e-02	  -1.0252393955668503e-01	   1.4135147449639823e-01	
   8.7863202699611165e-01	  -8.6207777975305187e-03	   8.3701196793268573e-01	   2.7595996635934605e-01	   5.0295412011313295e-02	   5.9415909202802730e-01	   8.9593921682318223e-01	   1.6735047214118731e-01	   3.2863525057886706e-01	   6.9935306505921335e-01	   1.3716024809913487e+00	   4.9365694226130508e-01	   0.0000000000000000e+00	   4.8368838101045614e-01	   1.9723389886586579e-01	   7.5808912048108679e-01	   1.5981909759658311e-01	   3.3217138020852677e-01	   5.7909186116334710e-01	   4.1459505228503746e-01	   1.6259459654202188e-01	   4.4774843289365773e-01	   3.4903925722898060e-01	   2.8070503991012835e-01	   1.5773203359400542e-01	   3.6499455900563477e-01	   7.5595823572826806e-02	   4.3369826718308846e-01	   2.4544291739859880e-01	   2.6255194711044638e-01	   2.9163238867062707e-01	   3.4263428508208382e-01	   4.3353578199121356e-01	   3.2584409099038097e-01	   1.5509768398086970e-01	   2.0982315247819555e-01	   5.8335523203072259e-01	   5.9152082903567527e-01	   5.6852437248864174e-01	   5.7401346576626400e-01	   4.0731138044536785e-01	   4.1048796729456533e-01	   3.1279949598386697e-01	   2.8771481990258385e-01	   3.7328203676008122e-02	   1.5478060180512249e-01	   3.9522180723672945e-01	   3.9152115613170252e-01	   2.0072556162157429e-01	   1.5646925340053069e-01	   3.3387737992872768e-01	   4.6956713622451918e-01	   1.5507582564423841e-01	   8.1393013176938467e-01	   9.8797714953283683e-02	   7.7023224668384027e-01	   6.7780870551772954e-01	   1.9250543805729898e-02	   4.7443864210615960e-01	  -9.4078590829330455e-02	   8.1400333389988921e-01	  -8.9232233947001319e-02	   3.8756114061647462e-01	   1.0632462151739516e-01	   2.2908324991954068e-01	   9.7529785183748871e-02	   1.5973234204921463e-01	   1.8283572966893413e-01	   3.4197297506576801e-01	   3.1982759097218438e-01	  -1.1386755327083548e-02	   2.6679193540463264e-01	   3.2733109285965033e-02	   1.9453170777401640e-01	   5.7381124634374697e-02	   6.1996783707690684e-01	   2.3838688964431126e-01	   2.5636338548124099e-01	  -1.3488365355779942e-02	   4.5593924821622761e-01	   2.3597851733713421e-01	   3.4875310807945420e-01	   5.0231238907172771e-01	   4.9428309347172195e-01	   1.5323233807860590e-01	   6.5714875056578403e-01	   2.8551852268562525e-02	   3.2583959890658348e-01	  -2.5038304496971941e-01	   7.4754066674816333e-01	   2.2155890342922199e-01	   6.6818369114907006e-01	   5.8910940420279334e-02	   6.2045482509083594e-01	   4.7354831371672951e-01	   4.0846549900979706e-01	   2.6630511358567588e-01	   7.3177428385988286e-01	   1.4742513736033822e-01	   4.7632687122714373e-01	  -1.6839672982779380e-01	   6.2431351351393660e-01	  -1.6554129824949632e-01	   4.4223157546930736e-01	  -7.6849226393392147e-03	   2.7751938828702472e-01	  -1.4929102342513181e-01	   4.7585742453037538e-01	   3.6328836405683007e-01	   3.4631131150554023e-01	   3.4165361682156330e-02	   3.5877078162707848e-01	   3.7504591505348822e-01	   8.6620567017863512e-02	  -6.7634210052612859e-02	  -2.1320852580987170e-03	
