   0.0000000000000000e+00	   1.8336286214621200e-01	   7.5309992106241708e-01	   4.8143004548119606e-01	   1.7297171902758357e-01	   3.1532936795902083e-01	   6.5582821364543642e-01	   3.5108709952638234e-01	   2.7662070117244891e-01	   3.7508087953996522e-01	   7.2086846419904282e-01	   4.2845972840829127e-01	   5.1278090636785012e-01	   3.2492114188509819e-01	   6.7407472819893877e-01	   5.3407678786488255e-01	   9.2984356613137031e-01	   3.9572922447851472e-01	   8.6470947853746061e-01	   7.8276583786466969e-01	   2.0523361459009704e-01	   1.4282138403517863e-01	   5.8136498062155684e-01	   5.2866610469393438e-01	   8.0409672463600215e-02	   9.3682333336621779e-02	   1.5351487736793454e-01	   1.9721225107544541e-01	   5.5142930078452868e-01	   2.0486001119483935e-01	   5.4358521524083470e-01	   6.9694275136017925e-01	   5.9814983124385535e-01	   4.6487041097984588e-01	   2.0312509614805546e-01	   1.0500281020211623e-01	   4.1846634216756318e-01	   1.9665590801353691e-01	   2.8205182204529922e-01	   2.0481436014434068e-01	   5.8166061288894266e-01	   1.9748392054931152e-01	   4.9843159455639069e-01	   6.2253262264715914e-01	   2.6915364209535020e-01	   2.2545832447338676e-01	   4.6995723500673314e-01	   5.5492637879792150e-01	   3.7588728354837736e-01	   2.7318225440041188e-01	   2.8016254305798866e-01	   2.8028950682399828e-01	  -1.1032368203200724e-01	   6.4193157256498723e-01	  -9.3713609009040869e-02	   5.9894285499973154e-01	   9.6813570507919544e-01	  -8.9274392502564220e-03	   5.3248922094018392e-01	  -6.2119372575369453e-02	   4.1989484436564062e-01	   3.3629965768740930e-02	   3.3373225107682869e-01	   4.4502233173280101e-02	   4.0213316095944940e-01	   2.2248731673684180e-01	   3.4959128504316433e-01	   2.2062067420235745e-01	   6.2320933730620953e-01	   5.2610585273201993e-01	   3.5061020354281491e-01	   4.7517647244950656e-01	   7.0707230865942472e-01	  -2.4604132480887175e-01	   7.9862939140509726e-01	   3.2785910363966358e-01	   6.4520997792304458e-01	   6.5358951857545788e-01	   6.5425325355793229e-01	   5.8540981170936868e-01	   4.3077769444108227e-01	   2.7653085096185670e-01	   5.9563809111711297e-01	   7.2377284127491281e-01	   5.6635849777154534e-01	   5.6041365431048584e-01	   4.2063119676977784e-01	   3.7862933499186369e-01	   6.1317835135200919e-03	   6.2576100156154846e-01	   7.2780909806366900e-01	   8.6779455450784559e-01	   4.4369082299136342e-01	   8.5477767923339054e-01	  -8.7315621528327642e-02	  -4.7896839904274565e-03	   6.3910447925592043e-02	   4.3651257800173049e-01	   7.2982538793409116e-02	   7.5386164598671734e-01	   2.7142186969264454e-01	   6.3696377001176674e-01	  -6.8551930030175040e-02	   6.8692408375239145e-01	   1.5011212318186351e-01	   3.4009157076967578e-01	   1.3721819534385901e-01	   4.1461907042482593e-01	   5.6290567125487773e-02	   2.4044326720174319e-01	   3.9119218451158677e-01	   5.0555176355237907e-01	   5.7570863695846686e-01	   5.5431421710602602e-01	   3.0459356102015450e-01	   9.5497079112040514e-02	
   1.8336286214621200e-01	   0.0000000000000000e+00	   7.7112430022670875e-02	   2.4871017365611436e-01	   1.3065558455086759e-01	  -5.0052800647252829e-02	  -3.3549546828238425e-01	   2.3055361300480198e-01	  -1.2588992834505239e-01	  -2.5853420329846444e-01	   1.0570020705601073e-01	  -5.0825322855728598e-02	  -1.6666550004141126e-01	   1.4229460713592088e-02	   1.2924410239502832e-01	  -2.2885150314903219e-01	   4.2356543816614950e-01	   3.3825131987588752e-01	   5.1548434396854947e-01	   5.2457970408483545e-01	   9.8254406926044341e-02	   2.4467799005519042e-01	   3.0893384210277858e-01	   2.5680296385696810e-01	   1.4077914291417087e-01	   2.1374309429468986e-02	   1.1440692520069150e-01	  -7.5532769784311810e-02	   1.2679028021255123e-01	   1.8752011448013137e-01	   2.5356530963243051e-01	   3.6312208508282907e-02	   1.3590411185076390e-01	   2.7689492544902194e-01	   7.7952684065727737e-02	   7.8488113708221910e-02	   6.0729458537875369e-01	   3.4302329958443678e-01	   8.1591753541757317e-01	   3.0620444953706516e-01	   3.6625239476717936e-01	   3.4447309532559295e-01	   6.8172627012689369e-01	   3.7766974733811792e-01	   2.6232979823792396e-01	   1.0729728667299405e-01	   7.3225758385672857e-01	   4.6184152119574162e-01	   1.6460309818787891e-01	   2.2270580453178782e-01	   1.5929692309681226e-01	   2.7076729550130102e-01	   7.0777558218704484e-01	  -2.5718409342874182e-01	   9.5177730554442908e-01	  -7.0666620490445850e-02	  -1.7501944284087762e-02	   1.1940150208897697e+00	  -1.6444311583371898e-01	   2.3789667291982183e-01	  -3.5060599806041154e-01	  -7.4178458895305638e-02	  -2.7346055749124548e-01	  -1.3513392744601721e-01	  -2.3343553639042874e-02	   5.7887686177215354e-02	   6.5939763739704185e-02	   3.5902704434677912e-02	   6.5823422789172326e-01	   3.5412055547424420e-01	   2.3555544956688035e-01	   5.4393967502593710e-01	   4.0707084673230248e-01	  -2.9144137140923199e-01	   4.7486961401414346e-01	  -1.7155983503963832e-02	   7.3521821662087739e-01	   6.2050468513998436e-01	   7.1948844310082183e-01	   2.6101250046816193e-01	   5.0800341156216666e-01	   1.2198926974053839e-01	   6.0536332617830557e-01	   2.1356811821929497e-02	   4.2527917873005405e-01	  -4.1452179705903514e-01	   5.1926013524321935e-01	   1.1991035148571273e-01	   8.2393387069990864e-01	  -5.9007303951664369e-01	   3.4158515500212944e-01	   6.6508353635104614e-02	   3.8694669667409676e-01	   4.5005307518607963e-02	  -2.2475265798291216e-02	  -2.8383627034218501e-02	   5.1014086506216494e-01	   1.2772799064190710e-01	   8.4774820418920283e-01	   4.0732126340648300e-01	   2.8666721752419577e-01	  -3.1224068122034165e-01	   6.0664614415405604e-01	   8.2520670566112009e-02	   4.6585758304557845e-01	   3.8645952984245546e-01	   1.1912549187228234e-01	   1.7510615795278722e-01	  -1.8183934835956525e-02	   2.9262939055123294e-01	   5.6984107190226396e-01	   7.8332886669185953e-01	   7.1359968992670086e-01	   1.4149503533501878e-01	  -1.4346276728719604e-03	  -1.8532562890041258e-02	
   7.5309992106241708e-01	   7.7112430022670875e-02	   0.0000000000000000e+00	   8.9946978741634165e-01	   6.3050561478672107e-01	   6.5681492103121419e-01	   6.7349119444215011e-01	   3.8543937406276341e-01	   4.9017035522319097e-01	   2.6125767571468400e-01	   3.6270491712411645e-01	   3.9102921562818790e-02	   3.3142917646010817e-01	   9.2545298375108637e-02	   6.2986778703552471e-01	   3.5765859472327638e-01	   9.5187847752165933e-02	  -1.6004484441288050e-01	   5.3873508389137126e-01	   2.9217523265608680e-01	   5.2931525790916800e-01	   3.4651022967105277e-01	   1.1207425213569977e+00	   9.1935715919117234e-01	   5.5258328374052634e-01	   5.0502565170265012e-01	   4.8029127500190605e-01	   5.1183399681905617e-01	   7.4103209975264983e-02	  -2.5489771094399949e-01	   8.2430520440915234e-01	   7.0814823250963987e-01	   5.2577650162801803e-01	   4.5520684201011852e-01	   8.1453484086756922e-01	   6.7138946652356823e-01	   3.7527176304190979e-01	   4.5142803648317437e-01	   4.8623182175852486e-01	   4.9856312883083054e-01	   5.9653179519114419e-01	   5.3732031195998287e-01	   4.9911275176441949e-01	   6.1471080654896348e-01	   4.6240871711718179e-01	   3.7263674526426038e-01	   4.4640513213628641e-01	   5.9125321969002664e-01	   3.5910489465094009e-01	   3.7891603407473851e-01	   7.8622292522071102e-01	   2.8980171585485448e-01	   3.2669443330466577e-02	   6.8365422189901182e-01	   1.4669110667805346e-01	   7.2926611889359960e-01	   2.3815549201601766e-01	  -5.2821005950723032e-02	   5.0025850384112147e-01	  -1.6775580779428312e-01	   4.6535496090834316e-01	   1.2996128024463482e-01	  -1.3790529879498784e-01	  -2.2805217659855775e-01	   1.2597319201626380e+00	   8.5499589776387530e-01	   6.9861349717173593e-01	   5.8652668126274521e-01	   3.7167597912668254e-01	   4.3709497908255074e-01	   5.7887379982938603e-01	   5.4177246620328068e-01	   6.3164224868173746e-01	  -2.4937109244229448e-02	   7.1751057359737092e-01	   4.6340443100769113e-01	   4.4771984499650602e-01	   6.6045002903363470e-01	   2.9853017832081319e-01	   4.3532505807864844e-02	  -5.8576044669342478e-02	  -2.0482473447407018e-01	   5.0555722761308131e-01	   3.3662520593513584e-01	   6.3719979917274105e-01	   8.5829759103899128e-01	   7.5073877051860405e-01	   6.6541700619885469e-01	   2.8005379256523466e-01	   6.6345097601749381e-01	   9.8889307933571535e-01	   1.2649709201831234e+00	   8.2334966860025316e-01	   1.6782853277056393e+00	  -1.0799454224006849e-01	  -3.9561392395034888e-02	   7.5999133295015189e-02	   3.1341796736597255e-01	  -7.1203113701958309e-02	   6.0326969807790765e-01	   5.9673511184408189e-02	   3.6510277338557834e-01	  -1.9664286677605883e-01	   3.1651134324071706e-01	   2.2450817369295600e-01	   6.9892877573594758e-01	   4.1386001450152976e-03	   5.5753747896014860e-01	   8.4855677380350741e-02	   1.8029819436588621e-01	   4.3951015781486935e-01	   3.4266161094809566e-01	   3.4690998008340540e-01	   4.3745151050269043e-01	   2.4210485585251275e-02	  -1.7238560879010137e-01	
   4.8143004548119606e-01	   2.4871017365611436e-01	   8.9946978741634165e-01	   0.0000000000000000e+00	   5.7208437079710572e-01	   1.0187880902246320e+00	   5.6483984165746848e-01	   8.7889738025739506e-01	   4.2865172343823077e-01	   4.3122764137823816e-01	   9.3993058989779124e-02	   7.9988585840030990e-02	   7.3193145060108974e-02	   2.0028216698656648e-01	   4.2468780163921294e-01	   5.0012149979809339e-01	   1.8342441435105764e-01	  -1.6527706510667473e-02	   6.1612769506757392e-01	   5.6709189197717869e-01	   6.2456933326779618e-01	   7.1694544107054881e-01	   9.6243907630050474e-01	   1.1888876620159050e+00	   6.9750572355942686e-01	   6.6277353698616515e-01	   5.9047235504772422e-01	   6.9754179071000766e-01	   1.5649095478908556e-01	   1.2631381629294788e-01	   1.1348493527878241e+00	   9.4451898356190045e-01	   6.7476669857482718e-01	   7.0041118145284498e-01	   6.0728328049917057e-01	   5.6359442124304115e-01	   1.3870834847076383e-01	   5.4526069383833486e-01	   4.9319579779509393e-01	   5.9948253211866964e-01	   3.7199308216508281e-01	   8.3578417397483040e-01	   5.1104577694599573e-01	   4.7317930151993898e-01	   3.8925441957781942e-01	   3.2267078072806271e-01	   3.9661583141313200e-01	   4.7263619395291612e-01	   2.8550666897567689e-01	   2.4383919048932831e-01	   4.3703145302747587e-01	   1.5245447630140774e-01	   1.2933956631111285e-01	   4.1540062146221995e-01	   2.0926858964711070e-01	   4.6969210118572347e-01	   2.1830214811794571e-01	   1.5762276396959304e-01	   3.1991442932875380e-01	   1.3346444586424955e-01	   2.4374361363236313e-01	   3.0243469280443569e-01	   7.0797845949148924e-02	   5.1178611659711541e-02	   6.5292984766753859e-01	   6.7168458692110344e-01	   7.5293089010628789e-01	   7.3162875720797171e-01	   4.9359702151972507e-01	   5.8860795035107816e-01	   7.8329437064538487e-01	   7.7382465748027229e-01	   1.0991288674293274e+00	   2.7572210892162125e-01	   1.0426027664329602e+00	   6.8871101017806924e-01	   6.3929792065486690e-01	   8.9537427102586042e-01	   3.8643846210663890e-01	   1.2141399935810797e-01	   1.6600967661379762e-01	   8.4171255803018555e-02	   5.3377671176961083e-01	   5.5909062334685244e-01	   5.1433211088066333e-01	   6.2021981864184372e-01	   6.5765801719471229e-01	   5.5161272381744042e-01	   3.2482628829294352e-01	   3.5717661057319960e-01	   9.3609761778268319e-01	   7.2385792073262989e-01	   1.0416065085546218e+00	   7.1952798020592201e-01	  -2.5891173426423592e-01	  -3.4248955772054168e-01	   6.9816644546332402e-03	   2.4816791729850826e-01	   1.5814571310896861e-01	   4.1801777347728702e-01	   2.6314680909791727e-01	   2.0436227074528723e-01	   1.0822093017717363e-01	   4.1667110610093350e-01	   3.9263074528765612e-01	   6.7398174741639272e-01	   1.5948856215762935e-01	   4.0936422449545562e-01	  -1.1263595535764735e-01	   1.6540311705481713e-02	   4.7902915744696917e-01	   4.0770061228638443e-01	   4.6042145391205247e-01	   3.2895263663705987e-01	   1.1063613845136415e-01	  -1.7120399456433469e-01	
   1.7297171902758357e-01	   1.3065558455086759e-01	   6.3050561478672107e-01	   5.7208437079710572e-01	   0.0000000000000000e+00	   7.3443866361962828e-01	   1.1967238216822593e-01	   5.3743159104831718e-02	   3.8334748870991375e-01	  -1.1438059919000688e-01	  -3.2619675677347665e-01	  -5.4624740345398526e-01	  -2.6258713245661380e-01	  -4.0148998186866708e-01	   1.6587887760866230e-01	  -8.4654195756343475e-02	  -1.8298281722250290e-01	  -5.4253727470348700e-01	   1.9091579843560177e-01	   9.0149675784473110e-02	   9.4006624363371771e-01	   6.8540881203150250e-01	   6.7147082081520881e-01	   6.3008919091657312e-01	   1.0253165761435010e+00	   9.4170246125681256e-01	   1.1867789634707515e+00	   9.7414183551136635e-01	  -2.5851265348213381e-01	  -3.0737250214536177e-01	   7.7683782842456095e-01	   3.9513354495599301e-01	   4.0055358312882844e-01	   3.4509408562445765e-01	   8.9764252389552524e-01	   8.1457021322350787e-01	   2.4813049688159389e-01	   4.4086353351072582e-01	   5.3130025350135190e-01	   7.9247777784091111e-01	   4.9922247537403253e-01	   4.0446953529663388e-01	   3.3206770693990706e-01	   4.2084081332268652e-01	   4.8443947595519465e-01	   3.2477674042549709e-01	   4.4608007195506216e-01	   4.9388980329653054e-01	   1.5354686766264172e-01	   2.1269560395688028e-01	   3.9728269910178937e-01	   6.4608859578377281e-02	  -8.8129959055041306e-03	   1.8537192778810152e-01	   3.2438781105162706e-01	   4.3947770918113693e-01	  -3.9468453505276252e-02	   2.7047831217323064e-02	   8.1350181550081613e-02	  -1.5739274757348140e-01	  -1.2030630771498475e-01	  -1.1212029143054222e-01	  -4.5384800240828704e-01	  -4.6724823381543445e-01	   7.6246611571090395e-01	   4.5806858691599428e-01	   5.8693501105079904e-01	   5.4289323929907329e-01	   4.9268922281729077e-01	   4.4040102459047747e-01	   3.7086268996698379e-01	   4.9750616623574440e-01	   2.8760877342298641e-01	   1.5908745205719521e-01	   3.0780462938576514e-01	   2.0418540717711675e-01	   3.6038166409081951e-01	   3.6919251021431881e-01	   2.0928455219361844e-01	  -2.8975872577343609e-01	  -2.7260320730618237e-01	  -5.1854283787465294e-01	   2.4747904778322749e-01	  -1.2614916791180526e-02	   1.0045289536893806e-01	   3.4940313636605391e-01	   6.6409863766356403e-01	   9.9786358083799653e-01	   1.8384642164298712e-01	   3.3755391951483743e-01	   2.5897260374176678e-01	   2.8330085731851412e-01	   1.8677831933938174e-01	   4.4270898207889187e-01	   8.6578045516135890e-02	  -1.4063153407886869e-01	   2.9653274843665323e-01	   3.8723139126633271e-01	   1.3374478824418881e-01	   2.2806300451911848e-01	  -3.0565224015976827e-01	  -1.0610668810559323e-01	  -2.4086894975856324e-01	   1.3771763208212440e-01	   2.8869121978645051e-01	   4.5902564198761769e-01	   3.3960212630913908e-02	   4.5104213637025170e-01	   2.3313957568910820e-01	   2.3512681645676153e-01	   4.4633704226290027e-01	   8.3491382801938199e-02	  -1.1697324789426301e-01	  -1.8401489019779271e-01	  -3.2132518334150056e-01	  -4.4804340025706785e-01	
   3.1532936795902083e-01	  -5.0052800647252829e-02	   6.5681492103121419e-01	   1.0187880902246320e+00	   7.3443866361962828e-01	   0.0000000000000000e+00	   3.7564736684642597e-01	   4.2605646073481418e-01	   2.2020204917117367e-01	   3.7703039756847345e-01	  -1.5719844497134794e-01	  -1.3907397222816320e-01	  -1.5035866452510593e-01	  -1.0696300850004623e-02	   9.1180703072475056e-02	   2.5912115165377347e-01	   3.4733086237254837e-02	  -3.0764932521435068e-01	   1.5832053263995507e-01	   1.6853474972249460e-01	   9.3722385335447811e-01	   9.6293144670284103e-01	   6.1842120140916201e-01	   7.8793815307326498e-01	   1.0442093744680225e+00	   1.1466256667317365e+00	   8.9981604128023851e-01	   1.2740355427349872e+00	  -5.0449156538964493e-02	  -1.5853778412842165e-01	   9.6416763583202036e-01	   7.9646339299609692e-01	   5.7964865301286361e-01	   5.2057542987723737e-01	   8.1751148171784727e-01	   8.4834081942075035e-01	   4.9644650802028192e-02	   4.6890677047141371e-01	   2.8962247827574578e-01	   5.0700966664926184e-01	   2.5826944935996010e-01	   6.8184274003780088e-01	   3.4621304080109988e-01	   4.6453431896590580e-01	   2.5106852370643640e-01	   2.1490050806551411e-01	   2.6100300008077815e-01	   4.3170171635212296e-01	   4.2958105508690052e-02	   1.5240813746467996e-01	   3.4167415022807379e-01	   1.6667497705546194e-02	  -1.1024086150046311e-01	   3.5992403980546422e-01	  -7.7038095422038710e-03	   4.2447395466273030e-01	   2.9928009610946965e-01	  -1.4428104340818035e-01	   2.7202553840489441e-01	  -2.5055683119027460e-02	   2.2668814207011884e-01	   2.1287730002919442e-01	  -8.1085138443101196e-03	  -8.9430609309471401e-02	   6.9876537656963367e-01	   8.6246981800327172e-01	   8.0443314436349034e-01	   9.5632090040958739e-01	   3.3394793495143665e-01	   5.1459909510037249e-01	   7.7055745356804861e-01	   7.0563726882310074e-01	   5.7671334579866762e-01	   3.3737118109130754e-01	   6.7901242012962049e-01	   7.0682572041616554e-01	   3.5220452634171862e-01	   5.7635834943889774e-01	   2.8768364147693382e-01	  -1.6227220835677891e-01	   6.7400168240224517e-02	  -7.5373763449092010e-02	   4.0637822532352146e-02	   3.2317143663999731e-01	   1.3726946231403359e-01	   6.5862413115418439e-01	   2.9255990429671841e-01	   7.8162003203291652e-01	  -3.7246609564450167e-02	   5.4078288766302607e-01	   5.1933182185988558e-01	   4.8046217181071516e-01	   6.0827032981052542e-01	   5.5592763920781330e-01	  -1.9481827650438936e-02	  -2.9103893817185872e-01	   1.3843863499487147e-01	   2.0689337766080115e-01	  -7.2033005224190177e-02	   2.3315528509432232e-01	   3.9188638481336092e-03	   1.9261713755312954e-01	  -1.9001102010228574e-01	   3.2933963421564000e-01	   1.1580859250119634e-01	   3.2817975757674056e-01	   9.7206009292646681e-03	   3.1245784771865887e-01	   6.0230552958356526e-02	   9.0469381240974533e-02	   4.8634821203880413e-01	   2.3206149738247717e-01	   8.8997584126074183e-02	   2.2655017372398295e-01	  -3.2333353707650350e-02	  -4.0654747603235747e-01	
   6.5582821364543642e-01	  -3.3549546828238425e-01	   6.7349119444215011e-01	   5.6483984165746848e-01	   1.1967238216822593e-01	   3.7564736684642597e-01	   0.0000000000000000e+00	   7.6810865019121388e-01	   8.9112477904466381e-01	   9.2851328576367897e-01	   5.1657647215597058e-01	   5.4618706310065901e-01	   8.1925904542362948e-01	   5.4551695628099961e-01	   6.5651065333807745e-01	   9.0915142452758224e-01	   2.1819413269123994e-01	   2.0563374173658031e-02	   4.6052274895263456e-01	   4.4303587722283094e-01	   1.7984462433842725e-02	  -2.4734747505460496e-03	   2.8328594287615827e-01	   3.0257527684801866e-01	  -4.9949268803789557e-03	   3.2779435552507459e-02	  -9.2347514555941396e-02	   8.0299746767966029e-02	   6.3829236331336947e-01	   2.2085433616346206e-01	   4.0931774787837716e-01	   7.1354994959836371e-01	   6.5707387995595223e-01	   5.4135246562635397e-01	   1.4295819487647574e-01	   9.1478690035553797e-02	  -2.7701308957100945e-01	  -1.3457713278615416e-01	  -2.4264321810464318e-01	  -1.7312785680583958e-02	   6.7411688433053452e-02	   4.6217647403358611e-02	  -9.1002077624826719e-02	   5.0746057839143800e-02	   1.4928492864454362e-01	   1.6241309747239929e-01	  -1.6585423128483745e-01	  -2.1782914532824001e-03	   1.5217802352290186e-01	   2.7157332569379886e-02	   6.6347671134419209e-02	  -5.2888783192181141e-02	  -4.1220112994114044e-01	   5.6775504740486382e-01	  -4.7222375208566580e-01	   3.8517290247119390e-01	   3.4938168958449212e-01	  -3.0241045453130511e-01	   8.2657622112891149e-01	   9.7158276820380529e-02	   8.7450475859453058e-01	   5.2503177678211665e-01	   6.1139098163740058e-01	   5.0269717204811182e-01	   2.8746960852082731e-01	   2.6308876452554852e-01	   4.6968965863868478e-01	   3.5434009337003330e-01	   1.3608250436508929e-01	   3.4068729083936494e-01	   2.2265698461825834e-01	   5.9251214816650535e-02	   5.3809624056571492e-01	   4.2158513906882727e-01	   4.5278262986692974e-01	   7.1124223007161647e-01	   3.1841338091898146e-02	   1.5789090789473970e-01	   5.6927719428670552e-02	   1.1553390396125203e-01	   8.0982167382811276e-02	   1.2730037641469458e-01	   1.6708895979230487e-01	   5.9350284324362923e-01	   1.9765715033548606e-01	   6.6812812511422370e-01	   2.6163006219483042e-02	   7.0544464883424793e-02	  -2.4874933963403717e-01	   8.1107251083665244e-01	   5.0208321262318401e-01	   7.8424732419849807e-01	   3.6505024059049174e-01	   6.7927508855803664e-01	  -1.6281014879520071e-02	  -8.9241823511746185e-02	  -2.7740880464606504e-01	   1.6709822497576976e-01	  -2.2012973325344329e-01	   2.9985406178897056e-01	   4.5142875975986585e-01	   1.1968293039486362e+00	  -1.6581431785266076e-01	   6.8562376739606601e-01	  -2.1612082401365057e-01	   9.8362880342320672e-02	  -2.0453597003898497e-01	   1.4570649029250970e-01	   1.0278252620185727e-01	   1.9159935769417370e-02	  -1.9054618746858865e-01	  -9.0450040189901021e-02	   8.4500543246508741e-02	   2.3168166010084873e-01	  -5.8388684451547219e-02	  -1.1819356200827445e-01	
   3.5108709952638234e-01	   2.3055361300480198e-01	   3.8543937406276341e-01	   8.7889738025739506e-01	   5.3743159104831718e-02	   4.2605646073481418e-01	   7.6810865019121388e-01	   0.0000000000000000e+00	   6.6047041501500858e-01	   9.0733642043561868e-01	   4.1734859115231460e-01	   6.2690333029062895e-01	   4.9409000412109144e-01	   8.4214219046718186e-01	   5.0100491370527167e-01	   7.7925854453457388e-01	   2.8642525089339033e-01	   1.7849358888657427e-01	   6.3905396895685895e-01	   6.6910584700102294e-01	  -3.3291307052704631e-02	   1.5787994958900234e-01	   2.1851926282581280e-01	   3.2290660110429775e-01	   3.0162983694319089e-02	  -1.3679006623075285e-02	  -1.0148941713170201e-01	   2.7524754140094750e-03	   6.3425615789527712e-01	   4.5700548202795899e-01	   4.5464519867517300e-01	   5.8729862910096597e-01	   6.1509188564669781e-01	   6.4181759270285510e-01	  -1.3168224041715967e-02	   1.3408886159764483e-02	  -2.3000967082444487e-01	  -2.5330898355899845e-02	   4.0553057553005881e-02	  -5.6645142155725909e-03	  -7.3509736248353455e-02	   2.6734152744949097e-01	   1.5597506660546193e-01	   3.4243608088211280e-02	   1.7992206996861304e-01	   1.2102249454720415e-01	   4.3700169448717118e-04	   5.7363558255777349e-03	   1.6233609307045219e-01	   1.7844312648061114e-01	   6.4065926973107493e-02	   5.0204298088136118e-02	   1.8484380698659564e-01	   1.6130930483203537e-01	   1.5566356709195409e-02	   3.7200218194864423e-02	   6.5556041665173703e-02	   3.2741756611876888e-01	   5.2800563989662008e-01	   5.6829586157902767e-01	   5.5638743553111225e-01	   9.6442731964194128e-01	   4.8264760550233532e-01	   7.3086497019955665e-01	   3.1894734341629885e-02	   3.9672182434909414e-01	   4.2700169897443907e-01	   4.2412227678551317e-01	   4.1820373059113625e-01	   5.4528631295157692e-01	   4.2655915169394870e-01	   3.0257958569754378e-01	   9.3688906466156008e-01	   5.2307116101895579e-01	   8.4694760354663479e-01	   8.7470243387752589e-01	   2.5296421734146673e-01	   3.9714361540273363e-01	   2.5626970237303381e-01	   1.3063274736104483e-01	   4.2259047121034837e-01	   2.6068158457356405e-01	   3.0397778624946437e-01	   4.8522643538301491e-01	   3.3890448929717465e-01	   1.3819770001941620e-01	   8.4655256726704306e-02	  -1.1339961807391834e-01	   2.7681350427366519e-01	   8.0701200480659777e-02	   7.1381299705124968e-01	   5.5739574672967285e-01	   7.7560741956110402e-01	   3.6819852915565626e-01	  -1.0381232857403547e-01	  -2.6688382787781140e-01	  -1.2773106673431817e-01	  -6.7861515081741347e-02	   1.9625076337465575e-01	   3.3145537923581403e-01	   8.6785430210212855e-01	   5.1981382523757069e-01	   3.6728344320185141e-01	   5.6065906374422703e-01	   2.8621007768600895e-02	   1.8504210913246605e-01	  -6.2997314835656362e-02	  -4.1036762533726678e-02	  -9.6182299167523508e-02	  -2.2349303611110909e-02	  -4.0727621972964353e-02	   2.0983617558355577e-01	   4.9799515608299827e-01	   2.8862034140248499e-01	   3.2220169310707973e-02	  -8.1573768086820611e-02	
   2.7662070117244891e-01	  -1.2588992834505239e-01	   4.9017035522319097e-01	   4.2865172343823077e-01	   3.8334748870991375e-01	   2.2020204917117367e-01	   8.9112477904466381e-01	   6.6047041501500858e-01	   0.0000000000000000e+00	   7.7100159337749530e-01	   3.3270522599532681e-01	   3.7640029844368383e-01	   6.4712858264166917e-01	   4.3734598286858423e-01	   8.2663192091627880e-01	   7.4447686065726004e-01	  -3.6766217188691726e-02	  -1.8317341866571663e-01	   3.6749185374373500e-01	   2.7488860263707221e-01	  -3.4008032670804267e-02	  -3.7461512456462759e-02	   1.6217801684449756e-01	   1.7313262664504353e-01	  -5.0688091489147387e-02	  -5.6833315873950879e-02	  -3.8870550870729943e-02	  -2.6308361449932740e-03	   3.6001009443266357e-01	   1.3438242708803472e-01	   2.3323731364512157e-01	   3.0728603908772889e-01	   2.9543471887979561e-01	   2.4489911953489657e-01	   9.8838798870142811e-02	   3.0501068791707303e-02	  -2.9279215476550458e-01	  -1.8865752914529504e-01	  -1.1843424344433393e-01	   7.1541810560562275e-02	   4.6524208510687129e-02	  -8.9491210027523478e-03	  -4.0179102923976674e-02	  -1.8305774513755065e-03	   3.1053585437364295e-01	   2.4048958083576258e-01	  -8.8207953974997741e-02	  -3.9149242407310630e-02	   2.2182666822189750e-01	   1.8519209068095549e-01	   3.0291968844499882e-02	  -4.0694607105897590e-02	  -2.0740617626922486e-01	   2.3774696778217136e-01	  -1.0840975135623007e-01	   2.6849772822525225e-01	  -1.4417259898447257e-01	   4.6201945390198680e-03	   5.1477989927587753e-01	   1.6291990968967290e-01	   4.9345223887924233e-01	   5.5374197632296096e-01	   1.3682216917125142e-01	   2.8866937496663908e-01	   2.5975078751541542e-01	   1.7412178218956051e-01	   2.6982042764607372e-01	   1.4322174338528598e-01	   2.2805225966004902e-01	   2.8158319526426168e-01	   2.2103707907875522e-02	   6.7388391998000549e-03	   3.3616262299397204e-01	   5.0049723842635796e-01	   2.9165081696727557e-01	   5.0206681086778349e-01	  -4.5147514821690528e-02	   1.0200366030672758e-02	   3.2790850253553987e-02	  -1.1857640562023983e-01	  -1.0746492842514274e-01	  -1.5457820100951400e-01	   2.7581624377354186e-01	   3.0834324103118022e-01	   2.2895147862838178e-01	   3.1080579348805504e-01	   1.6762167839493677e-01	   1.9508703821114505e-02	   5.9933215814948808e-02	   3.5042882440514772e-01	   3.8623796367868662e-01	   5.1242593164274752e-01	   2.6766586273552884e-01	   5.0129217437186246e-01	   1.8309745678389892e-02	  -3.7757067643863738e-02	  -1.7295553942219932e-01	   1.7001709018090130e-01	   4.9205246364186724e-02	   2.9353337196808182e-01	   3.8648218305621640e-01	   5.1884391235121807e-01	  -8.1281339780153367e-02	   3.2779719895993442e-01	  -1.7495645767273155e-01	   1.0748491287173045e-01	  -2.0146701223871805e-01	  -1.0105031087320688e-02	   1.1154458936944855e-01	   4.1598876618463558e-02	  -2.7439337748289705e-01	  -2.0464092990348129e-01	   1.9687471855950905e-02	   5.6867185923854244e-02	  -2.3810286597554231e-01	  -1.5053147460266791e-01	
   3.7508087953996522e-01	  -2.5853420329846444e-01	   2.6125767571468400e-01	   4.3122764137823816e-01	  -1.1438059919000688e-01	   3.7703039756847345e-01	   9.2851328576367897e-01	   9.0733642043561868e-01	   7.7100159337749530e-01	   0.0000000000000000e+00	   4.8185953006706406e-01	   8.0917353135052505e-01	   6.8905497210524980e-01	   8.5084798048118171e-01	   5.2277588829127208e-01	   1.3030098649887443e+00	   2.4846853926298451e-01	   8.7220992812151288e-02	   1.8920015708899732e-01	   2.6576998722404493e-01	  -1.8846170224922215e-01	  -2.4971783513282150e-02	  -1.6448456291713640e-02	   1.1650437175253626e-01	  -2.2470894753013942e-01	  -1.4796476024570984e-01	  -2.7952304897630142e-01	  -5.2530158687870199e-02	   5.4843382211551972e-01	   2.8605198208299265e-01	   1.0504899989613169e-01	   3.8243550948628990e-01	   2.7428052679628223e-01	   2.3141858665516890e-01	  -9.9708750931708404e-02	  -1.2679400581687730e-01	  -3.9448844981744347e-01	  -1.7540291575832836e-01	  -3.2539681482330851e-01	  -1.5745824876957443e-01	  -1.5906159891097366e-01	   5.0725280430618608e-02	  -4.9221442546402788e-02	  -5.9803743800978887e-02	   2.6264863367755222e-02	   7.6531734181080363e-02	  -2.3651806210852816e-01	  -1.0694897957414515e-01	   1.3331438142875776e-01	   1.3975886621094682e-01	  -9.7211595134892068e-02	  -3.3857198441059923e-02	  -2.4972286734288318e-01	   3.7376374416559865e-01	  -4.1036587479690978e-01	   1.5318602862018635e-01	   2.0453753994289042e-01	  -1.1670344849141770e-01	   5.5847332322070709e-01	   2.2248582860295019e-01	   6.9099579090399299e-01	   8.0295340105913249e-01	   5.2109103160960579e-01	   6.0634831897535657e-01	   4.5237307248445116e-02	   2.6728551238945697e-01	   1.7119760086993163e-01	   1.7251708753233014e-01	   4.5824563063615438e-02	   2.4907660349460836e-01	   2.1644058171690847e-01	   8.4319243132206123e-02	   3.5579753639142225e-01	   4.9038762108697953e-01	   4.3103814610486291e-01	   7.2348400032256055e-01	  -8.9937179279196117e-02	   9.2362992620143677e-02	   1.3356134612215814e-01	   4.8691596198044279e-02	   2.5015630957220986e-01	   2.7914789529289818e-01	   4.0879284342218333e-04	   5.7169831484346656e-01	   2.0124843264450659e-01	   4.0862693523686805e-01	  -2.3763415066276125e-01	  -1.7358314022646959e-01	  -2.0357285845603190e-01	   4.4666353692941080e-01	   4.1565947321984131e-01	   4.7346749364884533e-01	   4.3598751657224455e-01	   3.8217035263616506e-01	   8.9501504230372973e-04	  -1.0977891003200650e-01	  -2.6722094420566733e-01	  -4.3951815598740160e-02	  -9.0642191671835085e-02	   2.1121986619347666e-01	   7.1004752584975050e-01	   7.7344869111028747e-01	  -4.4824202503022858e-03	   4.5223328737754664e-01	  -3.2237008234148634e-01	  -8.9309498051603528e-02	  -2.0270510681708265e-01	  -1.8145277026006848e-01	   2.2341502413386612e-02	  -3.1894061152260351e-02	  -2.7711349793513385e-01	  -1.0022770246887396e-01	   1.5224284135725497e-01	   3.6234852336746332e-01	   3.0641613013433856e-02	  -1.0508725176558120e-01	
   7.2086846419904282e-01	   1.0570020705601073e-01	   3.6270491712411645e-01	   9.3993058989779124e-02	  -3.2619675677347665e-01	  -1.5719844497134794e-01	   5.1657647215597058e-01	   4.1734859115231460e-01	   3.3270522599532681e-01	   4.8185953006706406e-01	   0.0000000000000000e+00	   1.1012227673606532e+00	   1.4288450702338784e+00	   1.0073291935213300e+00	   9.9296806196229348e-01	   6.6730610692119918e-01	   5.9348789717298134e-01	   4.2837169250347035e-01	   6.5885607996836970e-01	   4.8722377182458654e-01	  -3.9067299033806763e-01	  -4.4749495420848856e-01	   9.8313098168365975e-02	   2.5148979642716673e-02	  -5.5576494941547039e-01	  -5.7773578842500994e-01	  -4.4560970599806743e-01	  -3.9382239050555101e-01	   6.1373691012136544e-01	   2.0127186203975653e-01	  -2.3490418891861858e-02	   1.5711862451148212e-01	   1.7429041823341107e-01	   1.1875144758334084e-01	  -3.0038792077788201e-01	  -3.4434508421140497e-01	   9.2146584195225159e-02	  -2.4525254918395051e-01	  -4.6744204444446782e-02	  -4.0720983306393627e-01	   1.6903560920596902e-01	  -1.7700105512492958e-01	   2.4825088093454595e-01	   2.2151184087821435e-01	   3.8787060720277544e-02	   4.5094517280850697e-02	   6.8226639746071488e-02	   5.3749272938580138e-02	   2.6988541600012961e-01	   3.5468704082942321e-01	   1.4665714642297450e-01	   3.8487281009465685e-01	   1.2506672514193262e-01	   2.7760539622610636e-01	  -1.0660095318164077e-01	   1.1133816670640943e-01	   1.8735460015339706e-01	   9.2177168958662625e-02	   4.6512113685940115e-01	   1.4223654385706208e-01	   7.5042380283479193e-01	   4.5260581195413024e-01	   4.4024273135894987e-01	   4.0425340326645209e-01	   4.4606517125169692e-02	   1.5616351643076307e-01	  -1.3369373158676321e-02	  -1.0094475673446954e-01	   1.0531199126159721e-01	   1.1053089964910087e-01	   6.0643991120749391e-02	   5.5977712548183442e-02	   3.2997059574476584e-01	  -2.9985487594318905e-01	   4.8163249124757124e-01	   2.0502348415540669e-01	   1.6949669384859004e-01	   2.0701786258403226e-01	   2.2817959014663769e-01	   3.8517006860105918e-01	   4.4910290169563949e-01	   3.3063281231042202e-01	   4.6557849010344332e-01	   3.9696572766983246e-01	   8.0180761436842063e-01	   1.8799955158009032e-01	   8.5031931404117939e-02	  -2.2843406805844552e-01	   2.8055872476784977e-01	   1.0800736705099065e-01	   5.6227165929745093e-01	   6.7767463524739502e-01	   3.9109931006568732e-01	   5.0669024971893251e-01	  -1.1182786331101301e-01	   5.9463007136324755e-02	  -1.4792125276777390e-01	  -1.1898970712926371e-01	  -6.0035654057804212e-03	   5.0371590671979904e-01	   5.5018530422917056e-01	   5.9434713884231771e-01	   1.4413826656075915e-01	   3.5067671570628922e-01	  -5.2398054278366010e-02	   9.7703422549082902e-02	  -5.8320693830387307e-02	   5.9635707798494739e-02	  -1.2620140122669118e-01	  -4.7589758548547221e-03	  -1.0395605449137497e-01	   2.5321272051099064e-01	   5.9885335481744217e-01	   4.9664683879306659e-01	   2.4323602015123777e-01	   1.5258448804414701e-01	
   4.2845972840829127e-01	  -5.0825322855728598e-02	   3.9102921562818790e-02	   7.9988585840030990e-02	  -5.4624740345398526e-01	  -1.3907397222816320e-01	   5.4618706310065901e-01	   6.2690333029062895e-01	   3.7640029844368383e-01	   8.0917353135052505e-01	   1.1012227673606532e+00	   0.0000000000000000e+00	   1.0917406186489567e+00	   1.7642111131845100e+00	   6.7670159925088680e-01	   9.3886886632360977e-01	   5.6833131783401813e-01	   6.0778423847908192e-01	   4.7997242736709000e-01	   4.9233022744715227e-01	  -4.5169175194092243e-01	  -3.3827061546108561e-01	  -2.1352015941228045e-01	  -1.5864360230516425e-01	  -7.2162889637551531e-01	  -6.9832656390730696e-01	  -6.0643477656970912e-01	  -4.5686175165650761e-01	   9.0124718917866198e-01	   5.1819246245919948e-01	  -1.4522959169247487e-01	   1.2487783479139375e-01	   1.2877519379194591e-01	   5.6898319947008620e-02	  -6.3570690256768592e-01	  -6.4025424825465482e-01	  -2.0802880053796030e-01	  -4.8129534169564525e-01	  -3.6291497074996137e-01	  -6.5354530103396880e-01	  -1.6528632566122020e-01	  -2.8131274565103870e-01	  -3.2200851776853771e-02	  -9.2889758921084198e-02	  -2.2745296239739793e-01	  -1.7699411345970084e-01	  -2.1891628401756763e-01	  -2.5430419651376823e-01	   3.4277166443198302e-02	   9.1627482021930384e-02	  -2.1755925774331930e-01	   8.3132550184864568e-02	  -4.8720931505880298e-02	   7.8596027144015312e-02	  -3.8590779032532729e-01	  -1.4225760455897096e-01	   1.8436405881554546e-01	   5.6727621266988090e-02	   3.8761108498201696e-01	   3.4680317976400560e-01	   6.9701346543838982e-01	   6.6861801522604980e-01	   8.2042882305800913e-01	   8.9259632345161388e-01	  -3.2331178647022407e-01	  -2.7512488787301396e-02	  -1.8025367248279150e-01	  -2.0441781645667434e-01	   6.0490487158686566e-02	   7.9863160928893798e-02	   3.5659900814099893e-02	  -7.9042143731120756e-02	   3.2898007274800095e-01	   6.2587375493665220e-02	   3.4736748581939431e-01	   3.9262687761366388e-01	  -5.0736079514226207e-02	   1.0769536637622375e-03	   1.4971034320067489e-01	   4.5837141085705801e-01	   6.3922530156536694e-01	   5.8772181018620229e-01	   1.7129999660662690e-01	   4.9685581439488885e-01	   3.7020341043370936e-01	   7.5342974237703433e-02	  -2.6863530009724046e-01	  -4.7149137855617329e-01	   2.9853687896785292e-02	   6.3300654870560247e-02	   3.7726553218603748e-01	   4.0129501993819505e-01	   3.0099765219913005e-01	   1.9528417465213832e-01	   1.4221856230795334e-02	   3.6450464455244920e-02	  -2.1008337178117797e-01	  -1.9056675763985850e-01	  -1.1925313912614015e-02	   2.5499165703845933e-01	   8.7347304453101671e-01	   6.4091522549188307e-01	   2.1695281299703606e-01	   4.0962557747245798e-01	  -2.7336487004792587e-01	  -1.7472047679883929e-01	  -1.5373852888804529e-01	  -3.1465032024548850e-01	  -9.3052570717693073e-02	  -2.4432227550030862e-02	  -3.4443745279930937e-01	   1.0489028494875860e-01	   5.2884808039453701e-01	   5.1375829330324840e-01	   2.4899625755104357e-01	   1.4996125264842891e-01	
   5.1278090636785012e-01	  -1.6666550004141126e-01	   3.3142917646010817e-01	   7.3193145060108974e-02	  -2.6258713245661380e-01	  -1.5035866452510593e-01	   8.1925904542362948e-01	   4.9409000412109144e-01	   6.4712858264166917e-01	   6.8905497210524980e-01	   1.4288450702338784e+00	   1.0917406186489567e+00	   0.0000000000000000e+00	   1.0827854337426366e+00	   1.0472849606094443e+00	   8.7213299421790658e-01	   3.2083801206109597e-01	   2.3399274524284702e-01	   4.7216432256768043e-01	   3.7145145316422085e-01	  -5.0950394515883024e-01	  -5.5200480049586431e-01	  -4.0460984723360620e-02	  -9.2826118862622806e-02	  -6.1107776696101768e-01	  -6.0996048963707739e-01	  -5.4468503673163582e-01	  -4.2571062881983052e-01	   6.6165446573807984e-01	   2.0679722226014000e-01	  -7.1867658140753049e-02	   1.6230707667285252e-01	   2.5009094085021438e-01	   1.8592281355180057e-01	  -2.9210086057262424e-01	  -3.4365191152376356e-01	  -2.2230816942857534e-01	  -5.0034617660258285e-01	  -2.8060956829285189e-01	  -4.8035638499745009e-01	   3.2416504591135415e-03	  -2.9241650966412036e-01	  -6.1132266096990420e-02	  -4.4742475097095315e-02	   5.9508411584969750e-02	   9.8663934998802091e-02	  -2.2670444719395993e-01	  -2.0043209165377426e-01	   2.5622631219886449e-01	   3.1335634740930862e-01	   4.8987047446758816e-02	   2.4320362567703158e-01	  -8.5354222516545092e-02	   2.6691434721256913e-01	  -2.8496446768496531e-01	   8.3825911367403097e-02	   5.7631871627718698e-02	  -1.0460882733017318e-01	   6.1649310363361043e-01	   2.0003849188240325e-01	   1.0182285328257439e+00	   6.5202074914300823e-01	   5.2885070854794414e-01	   5.7704293172299814e-01	   1.1866503613163559e-02	   1.1363564111947862e-01	   4.7551679053153266e-02	  -5.0411168510803399e-02	  -1.2285186878620832e-02	   1.0013393805624471e-01	  -9.3687796052088684e-02	  -1.5891556232272458e-01	   2.1302354225232656e-01	   1.8742446657791102e-02	   2.9389484545679950e-01	   2.7298554607329106e-01	  -1.0123905881667854e-01	  -5.2492754784757262e-02	   1.8380669263170130e-02	   1.8323272698972182e-01	   2.4218791926529207e-01	   2.0674239223812960e-01	   2.6743341177901581e-01	   3.7738475082768069e-01	   4.9573585162805400e-01	   2.3015979979327189e-01	  -8.1296638605564173e-02	  -3.4221821742989778e-01	   8.5468615130829581e-02	   2.3878837904356548e-01	   3.9325657747886145e-01	   5.9463308289101502e-01	   2.2151012807855142e-01	   4.4919162519910327e-01	  -7.8728761098982289e-02	   3.5633015532578576e-02	  -3.3376593952763883e-01	  -2.0442666944804411e-01	  -1.7141207667308514e-01	   2.8804393809911416e-01	   5.5101044912446850e-01	   7.6874081814669293e-01	  -7.2318184379940795e-03	   3.8780545373083486e-01	  -2.5833770861581651e-01	  -7.1460020915159218e-03	  -2.2034921167352384e-01	  -4.6210722136882432e-02	  -5.8243155578851881e-02	  -7.7319523283408687e-02	  -4.2240253368102831e-01	  -8.0072922723316578e-02	   2.7190864149705929e-01	   2.8599476611718277e-01	   3.2347139356556073e-02	   6.3078230951003872e-02	
