   0.0000000000000000e+00	   3.2705059262047159e-01	   1.1055409040734068e+00	   4.0986012506662017e-01	   5.2826512303141414e-02	  -6.1186679145722761e-02	   1.0758830232091452e+00	   5.6106639575799347e-04	   2.9810125350848604e-01	   1.3324704963877143e-01	   6.7413165563663713e-01	   7.4349489144136208e-02	   6.4074172122436057e-01	  -1.1258840646587392e-01	  -6.0050393293465974e-02	   2.3567064686233102e-01	   6.9728580795131678e-01	   5.1552618755756818e-01	   8.9863085880481652e-01	   5.5557150092701513e-01	   1.2809281253947000e-03	   4.3364127834329969e-02	   9.6574031814144035e-01	   7.2699917108063339e-01	   1.3919927052105896e-01	   1.1901342192048449e-01	  -1.6736219326557764e-02	   8.6852626584519255e-02	   4.7392298498732971e-01	   8.0906374264268166e-02	  -3.2623699969067604e-01	  -3.9986468957946436e-01	   2.0708254019818231e-01	   2.1180631542222228e-01	   5.2686939952014566e-01	   4.1518206741661134e-01	   6.3181575077432195e-01	   1.2838207144383623e-01	   1.1980165501978138e-01	   2.8856914357052404e-01	   3.5924622260048039e-01	   9.5841589888970041e-02	   4.7572179206706472e-01	   5.1244781967978137e-01	   9.4024313663729167e-02	   3.7949019282919599e-01	   5.4846289744764287e-01	   6.4943747786150485e-01	   2.2497605642766599e-01	   2.2739749050747840e-02	   3.8870632907918667e-01	   1.4511917235398802e-01	   6.1445672596252854e-01	   1.2679063295933137e+00	   9.8852909440254016e-02	   7.9055700867121703e-01	   1.1434438552035493e+00	   1.4645913716582365e-01	  -7.3932197207027664e-02	  -4.4524232284698456e-01	   1.4374438490868402e-01	  -1.6579317718730960e-01	   2.8257932367891081e-01	   1.8054626729650172e-01	   2.9118069388555867e-01	  -9.7923752666961905e-02	   1.1151452390052913e-01	   1.8863050678853654e-01	   2.4569716247932663e-01	   3.0459251118785702e-01	  -2.0363490644924420e-01	   1.7336342928160589e-01	   1.2811629674391095e-01	   1.7826500545834983e-01	   3.2070376633814540e-01	   5.1062356297986744e-01	   8.6196742810243740e-02	   8.9010132050592453e-02	   1.0120529370644427e-01	   5.6577217233699539e-01	   2.6458470431497577e-01	   6.2221517690135331e-01	   1.8595197623235005e-01	   3.7551110866841803e-01	   2.1771416636007918e-01	   1.0331827928780855e+00	   6.6283609774017066e-02	   2.0284492744835592e-01	  -9.9167993581896124e-02	   1.3392793004453656e+00	   1.5694744644678280e-01	   6.4120281688603709e-01	   2.0722446866171720e-01	   1.2871158119857680e+00	   1.1709311266873774e-01	   1.5729861455141433e-01	  -7.2557699006379595e-02	  -2.7568526562760876e-02	   1.9635715587460835e-02	   2.5618432066014740e-01	  -4.0142949107267227e-02	   8.5739911314976691e-01	  -1.9467411157901285e-01	   6.7745674503185582e-01	   1.2719975970665462e-01	   4.2815385505818770e-01	  -3.6900026541502245e-01	  -2.0815478806771336e-02	   4.4483332932459950e-02	  -1.2483431555134009e-01	  -2.5603247861200101e-01	  -8.1028842077920452e-02	   1.2755609645186816e-01	  -2.1227788245390164e-01	  -7.9979899226294449e-02	  -6.7671811217404440e-02	
   3.2705059262047159e-01	   0.0000000000000000e+00	   1.2678214088856438e-01	   4.8895100664167263e-01	   8.4347644526332211e-01	   8.6170004113738996e-01	  -6.7643313367138497e-02	   3.6056077250756241e-01	   5.4696831738207230e-01	   6.9585802533615215e-01	  -2.1526061346373951e-01	   5.9252634860279085e-01	  -1.8834573615739975e-01	   2.5075174394360999e-01	   7.2187279705226626e-01	   8.1509748936086379e-01	   5.0020213626911125e-01	   6.4795454658601737e-01	   8.6833964431846244e-01	   1.1338026271332295e+00	   4.1229852964570490e-01	   4.3344801567391078e-01	   1.8795835258986246e-01	   2.7590474763724571e-01	   6.8158961829581366e-01	   6.7325869305424269e-01	   5.6715898765486172e-01	   3.6176296554704729e-01	   3.7638931266136533e-01	   3.7633308179845365e-01	   3.2440975767137009e-01	   4.2956402478197409e-01	   9.6692660568575639e-01	   1.0207727229845835e+00	   4.5168081693214329e-01	   5.7709739316580344e-01	   4.6022117191889034e-01	   8.7805281843320104e-01	   5.5631811469973846e-01	   8.8099964765804573e-01	   7.5543880535760943e-01	   7.2806206990469802e-01	   2.4854855814383681e-01	   3.6849033713683105e-01	   9.0204563297019558e-01	   9.4450639642818213e-01	   5.4876058502603930e-01	   5.0964930117169338e-01	   1.0118695672852491e+00	   8.0044997851509514e-01	   4.3168980242385946e-01	   6.1612542768887835e-01	   6.0340760754761114e-01	   1.4397743954203407e-01	   8.0267126797073707e-01	   6.8589660709631051e-01	   3.8647676229927175e-01	   1.4788899133418467e+00	   4.9722940155783368e-01	   4.4741655355096582e-01	   9.2487154029244401e-02	   1.4597447263458246e-01	   1.0837060366562727e-01	   2.9629821459087319e-01	   3.8242518094831424e-01	   4.6414939977752834e-01	   9.8719529367821801e-01	   1.0506300811269458e+00	   1.4787108493875400e+00	   1.5887071074058261e+00	   2.1547483887058821e-01	  -1.0123861311541185e-01	   4.0389587486045847e-01	   5.8173061628043499e-01	   3.7957787489409323e-01	   6.3920882316671856e-01	   4.7799389928833119e-01	   5.2809873351607750e-01	   5.3428097158965882e-01	   7.1037573097193396e-01	   9.7326312883155752e-01	   1.0867536674270983e+00	   9.9252106820025976e-01	   9.9137200522471347e-01	   1.2033013567259228e+00	   4.0159396661207986e-01	   7.7131541872929166e-01	   8.9480124751947598e-01	   9.5667263850934681e-01	   4.3225726723207619e-01	   5.9973083324628829e-01	   5.9518146000254113e-01	   1.9341939741374548e-01	   6.9420511281747393e-02	   3.2110529011072275e-01	   3.3878946559561074e-01	   5.1841521066459473e-01	   1.7561178372257229e-02	   3.3648889123502890e-01	   1.7368047442919593e-01	   4.0233567207516080e-01	  -2.8931559702745502e-01	   5.4162939368848373e-01	   1.4265094209333221e-01	   5.2992927919704913e-01	   5.2024602946955700e-01	   4.0060759153905079e-01	   1.5878242023915828e-01	   4.0142509563585005e-01	   1.3593675685005947e-02	   8.5463197303408872e-02	  -8.1381691369355469e-02	  -1.1576160074897979e-01	  -4.8061442554629535e-01	  -4.3035185164239104e-01	  -2.3204941343789215e-01	
   1.1055409040734068e+00	   1.2678214088856438e-01	   0.0000000000000000e+00	   6.7127454892701632e-01	   3.3942868259548044e-02	  -1.4650604562129257e-01	   1.7554692695542402e+00	   1.3620362297623090e-01	   3.0001829843583894e-01	  -1.8575132949470361e-02	   6.8507529480403284e-01	   6.6709686870946777e-02	   8.3252174027604409e-01	   2.5797940865402477e-02	  -1.7598770397041791e-01	   7.3680042425945905e-02	   5.5687817077747448e-01	   5.1732304895990522e-01	   7.0414497979107971e-01	   4.3683763020483274e-01	   7.9110763970391060e-02	   3.9047793644329774e-02	   1.9133786383373563e+00	   1.2069956812307796e+00	   2.8650128495637434e-01	   2.8405228485470957e-01	   6.4379955884279347e-02	   1.9896093074663190e-01	   4.9124784951702899e-01	   1.3286561329300817e-01	  -1.1745154924674198e-01	  -2.5576208593420496e-01	   2.2116393307333299e-01	   1.7588657608718472e-01	   8.8118159714527278e-01	   6.4161187544357612e-01	   3.6642037619637596e-01	  -1.0830527080638726e-02	  -8.2509296828429446e-02	   4.5409016023509809e-02	   9.6485058238016952e-02	  -8.0175045157597186e-02	   5.7679391238159017e-01	   6.4205222828274966e-01	   4.3272684363631957e-02	   3.2615484354121926e-01	   5.6227829753412373e-01	   6.8880217363904095e-01	   3.1373059029719416e-02	  -7.7171627451745592e-02	   5.2590906884012611e-01	   1.6459242025284362e-01	   7.2770805503690750e-01	   1.4352019647235721e+00	   3.8014546350574614e-02	   5.6402309882643020e-01	   6.7469030092387849e-01	  -1.0284072898811432e-01	  -3.2713368558455902e-01	  -7.7752062190449300e-01	   1.9191621690293359e-01	  -1.5158970773357106e-01	   2.7923909840573968e-01	   1.9666441436632393e-01	   4.7060607404503563e-01	  -1.5636914113231294e-02	   8.6329153707850853e-02	   1.8444970094266780e-01	  -1.5977522784065085e-02	   4.9440953042879987e-02	  -4.1653681823002144e-02	   3.9005056936101007e-01	   1.7324852967763216e-01	   2.0912665155293070e-01	   2.3396443309541934e-01	   4.9280094749575842e-01	   7.7337784925231037e-02	   1.5240026941564605e-01	   9.3536362814623464e-02	   4.1376440760064370e-01	   5.3836055716602486e-02	   4.9976461640464509e-01	  -1.1038973563358837e-01	   1.6180698864772744e-01	   1.1815794165709591e-01	   1.1526173322633428e+00	  -2.1247953021195445e-01	   6.0680832728038314e-02	  -2.3467481230647769e-01	   1.1030144212095545e+00	   1.8542427355719740e-01	   6.6863028179106498e-01	   4.1016998539448424e-01	   1.6378697310449279e+00	   2.4259722605817330e-01	   3.1232320211216530e-01	  -9.1568766808496183e-02	   6.1921242893447893e-02	  -1.7248322912555517e-02	   1.8323266622639897e-01	  -1.5636114699553566e-01	   1.0103918363428144e+00	  -5.5066380702991313e-01	   4.1524991710767750e-01	  -8.8114231800907383e-02	   2.4828609450698849e-01	  -6.3354135675958989e-01	  -3.3382710482483874e-01	   1.6886522746050217e-01	   9.5426761502995089e-02	  -2.2328419491674129e-01	   1.2016869977188904e-01	   3.7565340372475914e-01	  -2.9241110424343436e-01	  -1.2884846862765187e-01	  -1.0899875924334057e-01	
   4.0986012506662017e-01	   4.8895100664167263e-01	   6.7127454892701632e-01	   0.0000000000000000e+00	   1.1997417576432665e-01	   2.9579723195755686e-01	   6.0872828240737675e-01	   1.1546730701693475e+00	   6.4110659016628879e-02	   2.1719594568935910e-01	   7.1769507417476813e-02	   7.9250630923671717e-01	   2.8638641362461897e-01	   5.9771619883305260e-01	  -9.3437347364688436e-02	   1.9381689729696081e-01	   7.7460998953601812e-01	   5.7624801146510307e-01	   6.9848234280516419e-01	   1.0061393530816234e+00	   2.5394527313147808e-01	   1.5741978594537567e-01	   6.2557414722772153e-01	   1.1839531338439058e+00	   2.5089938446700821e-01	   4.4250619182790973e-01	   2.1103645470103602e-01	   2.0886582922085639e-01	   7.6200214242957409e-01	   6.5314836079014293e-01	   2.6308298424008802e-01	   2.4185311184280250e-01	   7.8951398717730636e-01	   7.4824049194470932e-01	   5.9479562686082277e-01	   9.3363768510588785e-01	   1.1663858918274968e-01	   1.9336460484699572e-01	   6.0942070662197589e-02	   2.3051456914175797e-01	   8.9361016907225699e-02	   1.8777312996753565e-01	   4.4904381846952202e-01	   4.4556186988610907e-01	   3.3912381496021748e-01	   6.4429706157898370e-01	   8.2155897612460094e-01	   6.2891623291953536e-01	   2.9426994784989813e-01	   3.9594685958836368e-01	   6.9105597805337127e-01	   4.8978923585290268e-01	   9.2642059965330958e-01	   6.5877692160727319e-01	   5.2888027838483853e-01	   5.7623466640142884e-01	   3.4146485127648740e-01	   1.7771668958596268e-01	  -2.8400088820886077e-01	  -3.9029524637656310e-01	   1.6183879024125242e-01	   4.9706751102298430e-01	   5.8451461286554995e-01	   1.0199823435675597e+00	   8.3551770546332713e-02	   3.2869697227963635e-01	   2.6930739207430821e-01	   6.2932908734540782e-01	   1.7675468369483463e-01	   2.8518292943624757e-01	   2.9417723289930298e-01	   6.1301573354739861e-02	   4.4447307596800389e-01	   7.0336232705491453e-01	   6.6997629430822292e-01	   8.6948459323069671e-01	   2.9150748546991156e-01	   5.7943091908519717e-01	   4.4570637779278788e-01	   4.2124581341513484e-01	   5.4550238595833889e-01	   8.1834009312805278e-01	   2.2771539752064564e-02	   3.8529190823627069e-01	   3.3684093666060844e-01	   1.2010601145212254e+00	  -1.6346076588273376e-01	   1.7818405914981686e-01	   1.4575000613711861e-01	   6.9667793861768113e-01	   8.0451630737758373e-01	   3.3789554217470819e-01	   1.3145946201837175e+00	   4.2224165725676371e-01	   4.1248879525901028e-01	   5.2332929051281007e-01	   2.5539769401517742e-01	   3.4578025979740556e-01	   5.8450013291294267e-01	   1.1813946930056002e-01	   3.7067556155316111e-01	   3.6208483723815521e-01	  -2.9962199254411331e-01	  -1.1711699069419429e-02	  -1.3917531257539281e-01	  -8.8039507396423786e-02	  -3.4408029809632490e-01	  -4.4659232344545519e-01	   3.7240259222901340e-01	   2.6148164051826445e-01	   1.0062115251709398e-03	   3.1089119789425945e-01	   5.3157010959240225e-01	  -4.1276095411303027e-01	  -4.0012081873982774e-01	  -5.0989532716394961e-02	
   5.2826512303141414e-02	   8.4347644526332211e-01	   3.3942868259548044e-02	   1.1997417576432665e-01	   0.0000000000000000e+00	   1.0049346757193631e+00	  -2.0237789912517670e-01	   8.2025208438337951e-02	   1.2945144017247845e+00	   9.2546894530101631e-01	  -9.8231354249093988e-02	   4.2209125269775871e-01	  -1.1707837798960866e-01	   2.1590236414534364e-01	   1.4594642289204782e+00	   1.2314519689992554e+00	   1.7256681345838068e-01	   4.4720819143443152e-01	   5.2329344704644842e-01	   4.8119902388696079e-01	   5.9641545947905361e-01	   5.5911078557460581e-01	   1.3406325080918507e-01	   9.1314820477036790e-02	   1.2434038514131145e+00	   1.0501465227202889e+00	   9.7265387078261301e-01	   6.5842674684323477e-01	   3.0673822825997460e-01	   2.5575133910270398e-01	   5.8251207196477783e-01	   6.7950484724421312e-01	   5.8037195359932914e-01	   6.1148852000455245e-01	   4.2166222445871215e-01	   3.3104850718660939e-01	   4.0490244833055056e-01	   8.7695277611609512e-01	   7.0600134546784599e-01	   7.5992573535585828e-01	   8.2212356783830898e-01	   7.4085466408285539e-01	   5.3283706769778956e-02	   2.5909288379426432e-01	   6.9999935021223747e-01	   6.5095982622879378e-01	   1.7163203467647303e-01	   2.3788833666552756e-01	   7.2698044279103069e-01	   6.5786602012387918e-01	   2.1594358385930668e-01	   4.5479532630112690e-01	   2.3344359849732133e-01	  -1.3611796983439867e-01	   4.7298093874201297e-01	   2.8241356610719620e-01	   1.6891202717966824e-01	   9.5055468098107498e-01	   7.3750606305981936e-01	   5.5550011394279164e-01	   3.4302122682661051e-01	   3.7080594561588687e-02	   3.5992053999351792e-02	  -7.7233097757674757e-02	   8.4924868304774437e-01	   6.8310529447728385e-01	   9.2537940358831083e-01	   6.6798560150794462e-01	   9.8574324676235126e-01	   9.0231210654134808e-01	   3.0492515079112098e-01	   2.1696185578995195e-01	   5.4137595519111437e-01	   3.6475583546820656e-01	   1.7924776604247766e-01	   3.1345610135699076e-01	   4.6383278348587648e-01	   4.7212036216472414e-01	   4.8082216113328868e-01	   5.0240560140447488e-01	   5.1376702026546606e-01	   5.7886606467468626e-01	   9.8367230456543009e-01	   8.9811797248784964e-01	   1.3012758637642445e+00	   8.1166397379229649e-02	   8.1406382046941062e-01	   9.5371606967574740e-01	   1.0656397231064356e+00	   1.9941326622760608e-01	   2.4249555356449276e-01	   5.8869417651373157e-01	  -1.8591876190545140e-01	  -3.4925863083202099e-02	  -1.2313899326662331e-02	   1.4059591858483690e-02	   1.2492914424442322e-01	  -4.1207138946853383e-01	  -2.1293464735383266e-01	  -4.5889552703257057e-02	   4.7954598431811296e-02	  -5.4082154632636459e-01	   4.7278363597634293e-01	  -6.3109648099066162e-02	   5.1295449287067441e-01	   5.9002229865355948e-01	   6.0875681067715870e-01	   2.8489470488822427e-01	   1.0963458186423451e-01	  -2.5443914544751856e-01	  -1.0819336525044169e-01	  -3.9550149202071089e-01	  -4.3463513822236227e-01	  -5.0496228030405588e-01	  -2.3336592765601899e-01	  -1.6850674390484299e-01	
  -6.1186679145722761e-02	   8.6170004113738996e-01	  -1.4650604562129257e-01	   2.9579723195755686e-01	   1.0049346757193631e+00	   0.0000000000000000e+00	  -3.1902107901433024e-01	   4.6500844074572539e-01	   6.0595017217896563e-01	   1.0570808399922560e+00	  -3.1118328969526360e-01	   6.2901184627596607e-01	  -2.6353125677370765e-01	   5.6246458710152503e-01	   8.8742682886391977e-01	   9.1280148841309439e-01	   2.2237486195851763e-01	   4.8081811585399220e-01	   5.1707344322205151e-01	   6.5931318787425408e-01	   8.5280036562611894e-01	   8.7962542725427428e-01	  -8.2589805178262532e-02	   8.5778441198111316e-02	   8.6361750041899343e-01	   9.8275068462764215e-01	   9.5234616547664319e-01	   7.8298901811978450e-01	   3.6918302572971179e-01	   6.6419614411654171e-01	   9.8935528782840532e-01	   1.1531877984943506e+00	   8.0631404404049134e-01	   8.9969037212584091e-01	   3.7697850577870262e-01	   5.1231269092573639e-01	   7.2800131140645374e-02	   6.4767343703441205e-01	   3.8012015281189560e-01	   6.4741910066892405e-01	   4.8842734585655556e-01	   5.7569891412062379e-01	   3.2926237927145351e-02	   1.4729651676864189e-01	   6.5539703480864087e-01	   6.7481439435881385e-01	   2.4951309629529156e-01	   2.4575355005551783e-01	   5.8536124649633547e-01	   9.3350286532919780e-01	   1.3591118461696605e-01	   5.1770983737579634e-01	   1.9413944916574413e-01	  -1.7820417512825026e-01	   4.9803022588650869e-01	   1.9720139000523804e-01	   7.8930054772129025e-04	   8.8035601157098675e-01	   4.8373964797582741e-01	   4.6142692108509065e-01	   1.4078261868527242e-01	   3.6130988787784235e-01	   3.2796257603593733e-02	   2.0700891693976456e-01	   3.6614083689503724e-01	   8.9156642458896407e-01	   7.9566832822363409e-01	   8.1541777738890631e-01	   8.6911316591531129e-01	   9.0247168333226147e-01	   3.2900880268539850e-01	   7.1996589779353068e-02	   5.8212499056898870e-01	   7.1808526334583211e-01	   3.3163322703896447e-01	   5.3105881764666041e-01	   3.5683564581059507e-01	   5.5568459903335765e-01	   5.3388632557218740e-01	   5.8170843325462251e-01	   6.8510833205418664e-01	   7.2978095984192337e-01	   6.4617017023679135e-01	   7.2191300548373882e-01	   9.7172143969832159e-01	   1.3519710699409818e-01	   5.1140569530902447e-01	   5.8605573990871784e-01	   8.6216261533395333e-01	   1.3554906140999010e-01	   5.7475667819119336e-01	   3.5795951708054013e-01	   1.4002647764759379e-01	  -2.5987697179359254e-01	   7.2984392538256060e-02	   1.8038598371059736e-01	   2.6754746217600833e-01	  -1.0983005958436008e-01	   1.2848226930521853e-01	  -1.4877395650572095e-01	   3.4360084070079788e-01	  -5.4094272640628005e-01	   5.5017766907738697e-01	  -5.8086347236294231e-02	   3.7081042286033444e-01	   2.5075408599791049e-01	   4.7552350967491896e-01	   1.6352558966096142e-01	   1.4687764343556126e-01	  -9.4928519969234390e-02	   6.2289011974455064e-02	  -1.9687900249452892e-01	  -2.8004279225511475e-01	  -3.7564659588772897e-01	  -3.7613800575226242e-01	  -2.3609661977502483e-01	
   1.0758830232091452e+00	  -6.7643313367138497e-02	   1.7554692695542402e+00	   6.0872828240737675e-01	  -2.0237789912517670e-01	  -3.1902107901433024e-01	   0.0000000000000000e+00	   1.8127175178824786e-01	   1.2015042653707425e-01	  -1.5427727733813681e-01	   7.8497078373532947e-01	  -7.5643444203811743e-04	   1.0532811370303856e+00	   2.2479452300329186e-02	  -4.0280038051423134e-01	  -1.1454492730840742e-01	   5.3863892261555479e-01	   3.5497572382688991e-01	   5.3265008199673458e-01	   3.0676987945864131e-01	  -2.6230724713601102e-02	  -3.8193243126135937e-02	   1.3392629338188358e+00	   1.0349268960778979e+00	  -8.7988565286437025e-03	   4.1896323093725756e-02	  -1.2361256275000648e-01	   5.9576290616196730e-02	   4.9972655033315894e-01	   1.1472181587322586e-01	  -2.5076320184641698e-01	  -4.1379060820761948e-01	   8.0024070279292911e-02	   4.8968406611223161e-02	   6.0988075874875225e-01	   4.9777906594497223e-01	   2.9985978950112535e-01	  -1.6917742982607437e-01	  -1.9315231206127609e-01	  -8.8208147224545050e-02	  -2.9461899492893889e-02	  -2.0482123758669604e-01	   5.0984767848025525e-01	   4.7507510591078561e-01	  -1.2880124023636383e-01	   1.5706264840837827e-01	   4.6618070891022156e-01	   5.2707016426386910e-01	  -1.5000826250902993e-01	  -2.4280994031732578e-01	   3.6585963341371797e-01	  -1.5705744556825444e-02	   5.7085564704856717e-01	   1.4898323589268347e+00	  -1.1734221616112207e-01	   4.3241258879776351e-01	   5.9148706102668269e-01	  -3.2417364934347936e-01	  -5.3123991796083625e-01	  -1.0942610830844375e+00	   1.7603371763962766e-01	  -9.4379515846117909e-02	   3.1922123318611967e-01	   2.6367639577698559e-01	   2.5239770377836723e-01	  -1.4958317204672741e-01	  -1.6270469124665593e-01	  -1.6948499529001248e-02	  -2.3317696014011252e-01	  -1.5579071389691973e-01	  -8.3873151166201240e-02	   3.2206336699050220e-01	   1.2446464389271183e-01	   1.4989587635613116e-01	   2.8527598290635092e-01	   4.2097970752738373e-01	   8.1422882389717288e-03	   1.0403441189375923e-01	   4.0220581248127087e-02	   2.9993156846555946e-01	  -3.9254171016617108e-02	   3.5402028238647643e-01	  -2.8746246402684694e-01	   3.0744305379786604e-02	  -1.0627030216999769e-01	   1.0416803908777628e+00	  -4.2353827436338198e-01	  -1.5726912076367239e-01	  -4.6002311972731769e-01	   9.1997319944990585e-01	   7.2476247582267922e-02	   4.1375611285918523e-01	   4.4105221547226781e-01	   1.5827110858280737e+00	   9.6846600564836349e-02	   2.0862081600299195e-01	  -2.4870542060964859e-01	   8.6008969666940202e-02	   8.6231948509607869e-03	   1.5256788191313006e-01	  -1.9003387510348294e-01	   1.3656299625524233e+00	  -7.4543768489390883e-01	   3.3104313574698863e-01	  -2.8857368418782231e-01	   4.3579617591368663e-02	  -8.5648263670920177e-01	  -4.3380436532989058e-01	   5.6444505143858389e-02	   1.8095258007469479e-02	  -3.2660778409037639e-01	   1.2246396363638147e-01	   4.1662124811424550e-01	  -1.6629006568958976e-01	  -2.7456201342734059e-02	   3.8970294605171353e-02	
   5.6106639575799347e-04	   3.6056077250756241e-01	   1.3620362297623090e-01	   1.1546730701693475e+00	   8.2025208438337951e-02	   4.6500844074572539e-01	   1.8127175178824786e-01	   0.0000000000000000e+00	  -4.5939599214538850e-02	   3.5533472819468476e-01	  -1.1909735723299651e-01	   9.5642185543293046e-01	   1.4075566708069359e-01	   1.0895386866800785e+00	  -7.3090190180669749e-03	   1.8868511523158185e-01	   5.6508030441739066e-01	   3.4270732280402777e-01	   4.0581631788595829e-01	   7.3028607470333162e-01	   3.4854331833061730e-01	   2.8287103943493397e-01	   8.9701908500552249e-02	   5.1872129550048629e-01	   6.3200782586202847e-02	   2.9573429744837187e-01	   1.9192522217311955e-01	   1.6847895884911901e-01	   7.4522294555743296e-01	   9.1799063058542218e-01	   4.8786219295023903e-01	   5.2346822576710139e-01	   7.8357318190588132e-01	   8.0410821028035429e-01	   2.8321079310746333e-01	   7.4272628720920775e-01	  -2.1879767612523141e-02	   2.6441117722061264e-01	   1.0628163854891397e-01	   2.5893756037399462e-01	   8.5900902728313008e-02	   3.1668365386214831e-01	   2.8261461478840988e-01	   2.0824991097505147e-01	   3.8589176138361958e-01	   5.5700241007019247e-01	   6.0174551480986027e-01	   3.5091538686953405e-01	   2.7115856332271865e-01	   5.6052054430503684e-01	   4.2122888118715901e-01	   4.1411694551429057e-01	   5.4581003941460016e-01	   1.8624999052669991e-01	   5.4457211313809839e-01	   2.9958737696283233e-01	   6.3056224994389480e-03	   1.4371679299729126e-01	  -2.0284826926322194e-01	  -1.9032503980003329e-01	   2.0686918071226859e-01	   9.2354631485775640e-01	   5.2142816669090919e-01	   1.0747515607676146e+00	  -1.0276039729117990e-01	   5.1005521792849351e-01	   2.0190726153025879e-01	   5.2959106711413084e-01	   1.3694767953423570e-01	   2.2159400022381995e-01	   3.6427527478243837e-01	  -4.5687751675881891e-02	   5.9646858481477216e-01	   8.5801000129559735e-01	   7.7830102194396455e-01	   6.9712961624218206e-01	   4.1986329006918721e-01	   8.0240902558722027e-01	   6.0896150535464244e-01	   3.3873930262516444e-01	   6.2869660259727234e-01	   6.1652967899018107e-01	   5.4674568716272742e-02	   3.7068043706471387e-01	   2.6607628479512924e-01	   5.3882687740787150e-01	  -1.6725002796413060e-01	   4.7578463952227236e-02	   2.6287289954550974e-01	   2.3221803396459606e-01	   8.3027728996511252e-01	   5.2820179658839853e-02	   1.2096849898689985e+00	  -6.7443183876377041e-03	   1.5598787791919205e-01	   3.2305984381760960e-01	   2.5456081429194766e-01	   3.3787989663774237e-01	   7.0612384098082326e-01	   3.9111004930405188e-02	   5.4309084967248245e-01	   4.0095019495348678e-03	  -1.1526791879410307e-01	  -2.8181540737823207e-01	  -2.0658025474268002e-01	  -2.9526108365936421e-01	  -1.2861882636602909e-01	  -3.6471943304386056e-01	   2.0320543610605662e-01	   7.3189909543724341e-02	   5.9330204612422395e-02	   2.5010907409834715e-01	   3.9440460489122281e-01	  -2.4058535894895239e-01	  -3.0618030959673109e-01	   7.7882331690040607e-02	
   2.9810125350848604e-01	   5.4696831738207230e-01	   3.0001829843583894e-01	   6.4110659016628879e-02	   1.2945144017247845e+00	   6.0595017217896563e-01	   1.2015042653707425e-01	  -4.5939599214538850e-02	   0.0000000000000000e+00	   7.6307487900201532e-01	   2.9026524611930282e-01	   1.8425111084592699e-01	   2.7403033683700390e-01	   1.3039297239667952e-01	   1.0569763803084140e+00	   9.0170906171900067e-01	   2.1858624306463645e-01	   4.0113672030221270e-01	   5.3631480320883596e-01	   3.3452413138203818e-01	   4.7677881077084705e-01	   4.5520048981288169e-01	   3.8801127011423914e-01	   1.8094237866725293e-01	   9.3824586314799163e-01	   7.3965334096684510e-01	   7.0396473357005207e-01	   5.9577465681730757e-01	   3.5600926138730954e-01	   1.5891114208221757e-01	   3.5530361705921160e-01	   3.6066116289836014e-01	   4.2019369748326652e-01	   4.4095604947705935e-01	   5.5643690576751592e-01	   3.5600852878804379e-01	   5.5954543606250950e-01	   6.8076121602820572e-01	   5.2339987449428804e-01	   5.4427932005684787e-01	   8.0156651975102744e-01	   5.0011406844562545e-01	   2.6572299994384280e-01	   4.4672125932469781e-01	   5.5053786489110790e-01	   5.5029623780267389e-01	   2.0848828844168885e-01	   3.4416405483969231e-01	   5.2094892578088436e-01	   3.8166071100068960e-01	   2.6357648775602027e-01	   3.3367837575435128e-01	   2.7100904385710273e-01	   1.2498280066403028e-01	   2.4910168346829703e-01	   2.9226970506351246e-01	   3.6256993351024752e-01	   6.2269355800062809e-01	   5.7834273059607300e-01	   2.2318678481331022e-01	   5.6771676618749101e-01	  -1.2262274481759085e-01	   7.2498823627782982e-02	  -1.9655415517223024e-01	   1.3992550314278360e+00	   5.0073745507511158e-01	   6.7379254510520448e-01	   4.1104974283241230e-01	   6.7004099917332027e-01	   6.0890211983082043e-01	   1.1718997108644816e-01	   3.4702249349272946e-01	   4.8682191546007136e-01	   2.3681580984318959e-01	   1.5485881460875686e-01	   2.9410923394557809e-01	   4.2096192279451561e-01	   4.2207502498349331e-01	   3.9021675558018515e-01	   5.1160983425883622e-01	   2.9793041287464211e-01	   5.4566841331344773e-01	   7.0487022665915766e-01	   7.0952573669813979e-01	   9.2805310521498285e-01	   1.7879771926652444e-01	   5.7349311570506023e-01	   6.3605202135106753e-01	   5.8841314628375907e-01	   3.3715574250332875e-01	   7.3944398157022362e-02	   7.6094988762655502e-01	  -2.5638347123491456e-01	   3.2711103855664908e-01	  -1.5030056483029747e-01	  -8.5211474419549543e-02	  -7.3229169866256369e-02	  -4.5607940928566637e-01	  -3.7823466116101451e-01	   1.7215101677781369e-02	  -1.5656527236931161e-01	  -1.8822293471178778e-01	   2.4370625411773061e-01	   1.3162074501347287e-01	   3.9499737810997670e-01	   6.9476893608207846e-01	   3.3029347266747411e-01	   1.8321703574672624e-01	  -3.6812394942058575e-02	  -3.9521751880279488e-01	  -2.5256678896298951e-01	  -4.3299755348132019e-01	  -3.5414593900361058e-01	  -4.4242207450788007e-01	  -1.2653737319542899e-01	  -1.7703413192534712e-01	
   1.3324704963877143e-01	   6.9585802533615215e-01	  -1.8575132949470361e-02	   2.1719594568935910e-01	   9.2546894530101631e-01	   1.0570808399922560e+00	  -1.5427727733813681e-01	   3.5533472819468476e-01	   7.6307487900201532e-01	   0.0000000000000000e+00	   6.2503277515871536e-02	   6.4387161911419188e-01	   1.2496240913198666e-02	   5.3780166657246209e-01	   9.7376692634471895e-01	   1.4451389359408249e+00	   3.0301624217808210e-01	   4.2061160117756508e-01	   6.1929917415805757e-01	   6.3600791086954189e-01	   3.3094752958579304e-01	   3.9003892681510249e-01	   2.3996485849127856e-02	   1.1430537163420090e-01	   6.7207125099159404e-01	   5.9562276573410011e-01	   4.4656228044826601e-01	   2.9089823977606277e-01	   4.2315659756082102e-01	   4.7699894205912785e-01	   4.9872892243141442e-01	   6.3857283997967362e-01	   6.8127970190717935e-01	   8.3943681047625385e-01	   3.2393978239589627e-01	   4.1191908705619235e-01	   3.7968788024131078e-01	   7.4069187002668069e-01	   7.6469798935862854e-01	   8.2479929406488850e-01	   6.2492945756782070e-01	   7.1189792330188706e-01	   8.0544240837023523e-02	   2.5676728737767524e-01	   6.5412698393803914e-01	   8.0276839913949782e-01	   2.2528170254072796e-01	   2.7512959469320408e-01	   7.8601264907473989e-01	   1.1821444472559079e+00	   2.4482705995447984e-01	   5.7562416804437722e-01	   2.4928852868796575e-01	  -4.3360857337209228e-02	   5.7990697755965626e-01	   4.1877059952907458e-01	   2.1373476946215547e-01	   8.7229581080695695e-01	   8.1607170893810799e-01	   5.3298088764524543e-01	   4.7002981251872783e-01	   5.4397044353408319e-01	   1.6448934306292354e-01	   2.0044439756776464e-01	   5.2782098329151828e-01	   1.2485805307218336e+00	   8.2346459683132667e-01	   7.8089631895385947e-01	   8.8548963615481846e-01	   8.9409844259004378e-01	   1.9713158698792529e-01	   5.5610282651231129e-02	   4.2010645802569235e-01	   4.1813578750474423e-01	   3.9328039742045506e-01	   5.0649888831022161e-01	   5.2548476017567647e-01	   5.7052381273192920e-01	   5.8302502861415173e-01	   7.6548627217642773e-01	   8.4901445702321021e-01	   7.5102450104522767e-01	   9.9884545722818596e-01	   1.0730120007069159e+00	   1.0962037683425525e+00	   2.0466161601317878e-01	   8.1508449706586283e-01	   8.6699919763202016e-01	   1.0625525260869948e+00	   3.1629901382257208e-01	   6.1778210681830148e-01	   5.3268111665504758e-01	   1.2198730587334780e-01	  -3.0537705097266752e-02	  -3.3054946273711118e-02	   2.4512584563339893e-02	   2.3082903861360224e-01	  -3.0641476982591476e-01	  -1.9986628942455897e-02	  -6.9017725334495253e-02	   3.1087373547676661e-01	  -3.8087032675580762e-01	   5.6006154839800160e-01	   1.2087463556661104e-01	   7.0170000552228018e-01	   5.7220614575117634e-01	   6.6630600104324633e-01	   5.2878405883798019e-01	  -1.7845078742249235e-02	  -2.3951727831660402e-01	  -2.8441529923502448e-02	  -2.8183818621637813e-01	  -2.7018368918475871e-01	  -2.0225626925989434e-01	  -5.4618354003356046e-02	  -5.0780820053897419e-02	
   6.7413165563663713e-01	  -2.1526061346373951e-01	   6.8507529480403284e-01	   7.1769507417476813e-02	  -9.8231354249093988e-02	  -3.1118328969526360e-01	   7.8497078373532947e-01	  -1.1909735723299651e-01	   2.9026524611930282e-01	   6.2503277515871536e-02	   0.0000000000000000e+00	  -4.7351408525819400e-02	   1.4408934607770545e+00	   1.0483372528836268e-01	  -9.7459737784386408e-02	   6.3840590396336966e-02	   3.6836750081987080e-01	   1.9408849408939885e-01	   2.5579717445090644e-01	  -6.9518243861043494e-02	  -1.7924945699662187e-01	  -1.6230101132497404e-01	   5.1802740445337314e-01	   2.9213223989187254e-01	  -4.8581499099714778e-02	  -1.5018128716098034e-01	  -2.4433416014395282e-01	  -1.1840629373438705e-01	   3.4039137434738087e-01	   3.5486451390349769e-02	  -2.3367737832704188e-01	  -3.3736235241908535e-01	  -1.4627084921545830e-01	  -1.2396760460156607e-01	   2.5441094850249207e-01	   1.1350757440020358e-01	   2.9917836140170495e-01	  -7.5396543452398157e-02	  -2.4939612858749106e-02	  -4.2746603696215468e-02	   9.8346561231287849e-02	  -6.0737182765409660e-02	   3.0127151235405758e-01	   2.4866091639556592e-01	  -1.7884355864471468e-01	  -5.2935706973464641e-02	   5.3621155689969439e-02	   1.2566104893674251e-01	  -1.8001334869926094e-01	  -1.5870493064913527e-01	   2.7079233800813829e-01	   7.6507436735415352e-02	   7.7809466926403198e-02	   5.5219235001953770e-01	  -2.2363269941526537e-01	   2.2634544601679499e-01	   5.9044224506582632e-01	  -2.6513415872432644e-01	  -1.3491767114575313e-02	  -4.6340230530503645e-01	   6.6573871626102421e-01	   4.6020040881576879e-02	   3.7098714143413669e-01	   8.9958623366797691e-02	   3.4738833534070762e-01	  -2.0412997861318533e-02	  -1.5369533167054938e-01	  -2.1164387987837890e-01	  -2.0520496016484360e-01	  -2.3488791881444582e-01	   1.3129837451938475e-02	   4.3345270651818113e-01	   5.7920102289005168e-02	   9.9306721498550448e-04	   2.6891402934544040e-01	   1.9294932421818961e-01	   2.6451574307234847e-02	   4.4390972978938834e-02	   1.8491745446110524e-02	   2.0801136036475065e-01	  -8.4813089546532203e-02	   9.4908679048367556e-02	  -9.5316048109674437e-02	   7.1625772981955037e-03	  -8.9690609505447119e-02	   3.8521121999644997e-01	  -1.5583246490114025e-01	  -1.7645420638512976e-01	  -3.3713757469372702e-01	   4.0102737250307341e-01	  -1.5139882919796566e-01	   2.5085139791877337e-01	   1.8121892082767477e-02	   7.6679109873098950e-01	  -1.5336115320516794e-01	  -1.4765529432290883e-01	  -4.1573946867025174e-01	  -1.4385492720709103e-01	  -2.7752829771254195e-01	   2.0211778892126195e-01	  -3.0949970473594585e-01	   7.1428438046774745e-01	  -4.6299800224137788e-01	   3.6477954766805504e-01	  -4.4458029749708035e-02	   2.2609667301970221e-01	  -2.3536484009502190e-01	   6.3914821024993435e-02	  -1.4775806735853272e-01	  -1.3428919930234179e-01	  -3.5049741285747421e-01	  -1.4939704063447123e-01	   1.6399836371449933e-01	   1.7311609054400762e-01	   3.9773868509448762e-01	   2.5187600806398219e-01	
   7.4349489144136208e-02	   5.9252634860279085e-01	   6.6709686870946777e-02	   7.9250630923671717e-01	   4.2209125269775871e-01	   6.2901184627596607e-01	  -7.5643444203811743e-04	   9.5642185543293046e-01	   1.8425111084592699e-01	   6.4387161911419188e-01	  -4.7351408525819400e-02	   0.0000000000000000e+00	  -1.1896594756650229e-02	   1.0229394577493698e+00	   3.6687144327149368e-01	   6.9412509876989359e-01	   5.2561161650437505e-01	   4.9837045275163050e-01	   4.6703921798257297e-01	   7.6958250274873574e-01	   3.2094242807445267e-01	   3.2506157596257490e-01	   6.1895640857188836e-02	   4.6899992816551650e-01	   3.2982994393759985e-01	   5.3519539729831245e-01	   3.8997866679264293e-01	   2.6802468072383001e-01	   6.3340817835425089e-01	   8.7715300369570637e-01	   4.8451104305115777e-01	   6.3336481107398246e-01	   6.5831741467730731e-01	   7.1228024288239644e-01	   8.7739381867211322e-02	   3.6112849852538609e-01	   2.3522053783443120e-01	   5.5418118548053030e-01	   4.5992089615532616e-01	   5.5317296220743761e-01	   3.9242943495074323e-01	   6.3131148295261541e-01	   6.0628759244502756e-02	   1.4101085075054853e-01	   4.2131439274856319e-01	   6.1365565409797751e-01	   4.4501172713664916e-01	   2.7946855110928737e-01	   5.6249134357482611e-01	   7.7885373647051492e-01	   5.8897452967139841e-01	   7.4050733437712157e-01	   4.4853338231066409e-01	   4.2383009985395251e-02	   7.2313054135123367e-01	   3.9314183704354017e-01	   1.8471135228784016e-01	   4.6685381736157694e-01	   1.6229385249505243e-01	   1.1380745242010439e-01	   2.7798820609180203e-01	   7.4821120912738659e-01	   6.9595234826792685e-01	   8.9860544410965215e-01	  -2.3372204064659119e-02	   5.4509854059237373e-01	   3.0006419081214825e-01	   5.2776804670807564e-01	   3.9113492352802320e-01	   4.6869151924056546e-01	   5.3779370121761860e-01	   1.3500492089487623e-01	   6.5359182312524067e-01	   7.4739199977974979e-01	   8.2477581736325045e-01	   5.6048027901257591e-01	   3.8046247424450330e-01	   6.3358711407969748e-01	   6.5071038583098784e-01	   4.8668049893957538e-01	   9.4083603272053407e-01	   7.7741873829039754e-01	   4.2559399493233335e-01	   7.1680893219229391e-01	   6.8305649183647288e-01	   5.1088953759699662e-01	   1.5608408359488526e-01	   3.8566324446413386e-01	   5.9449394205193740e-01	   2.9820589895656935e-01	   7.5685432216829274e-01	   1.1131685211428240e-01	   7.1035516084562955e-01	  -1.1322308095303049e-01	   2.2348865168179755e-01	   2.9672915951571333e-01	   2.3549656371300232e-01	   1.3847720934382836e-02	   4.1737259123442350e-01	   2.9862981031424440e-02	   5.2252586003966939e-01	  -2.1702936071084789e-01	   8.2670162771347339e-02	  -2.6750008223707045e-01	   1.2256655758381176e-01	   2.1384334344423526e-02	   2.1262489339829696e-01	   2.7149132915983434e-02	   1.6629398044317528e-01	   5.9875690426589717e-02	  -9.7652557600248061e-02	  -6.0697841748392420e-03	   1.7761421951598572e-01	  -2.2976526542796799e-01	  -1.4640209506473803e-01	   1.8135180103046647e-01	
   6.4074172122436057e-01	  -1.8834573615739975e-01	   8.3252174027604409e-01	   2.8638641362461897e-01	  -1.1707837798960866e-01	  -2.6353125677370765e-01	   1.0532811370303856e+00	   1.4075566708069359e-01	   2.7403033683700390e-01	   1.2496240913198666e-02	   1.4408934607770545e+00	  -1.1896594756650229e-02	   0.0000000000000000e+00	   2.4219761940229872e-01	  -1.6126382176433873e-01	  -3.1231997194216071e-02	   4.1680166532712537e-01	   2.0975835566121984e-01	   3.2553543545024566e-01	   3.4806808039503173e-02	  -4.0213757879447462e-02	  -3.4166135364300944e-02	   6.0373280989078371e-01	   4.1003375201179915e-01	  -9.0176915714730022e-02	  -1.0702338258112642e-01	  -1.8457014959174606e-01	  -2.2093462529880998e-02	   5.0620100062350615e-01	   1.5412157524514183e-01	  -1.6322796559491309e-01	  -2.9537726117886931e-01	  -3.8058436428573962e-02	  -2.2771075002086257e-02	   3.8618772114667727e-01	   3.2531077906393341e-01	   2.9127120145297525e-01	  -4.3343127299805669e-02	  -8.8361890693981412e-02	  -3.3318079337128645e-02	   7.3169888034610081e-02	  -6.6306620202335631e-02	   4.4364512918159504e-01	   3.8857395305857162e-01	  -7.7250696392273055e-02	   6.3153814112895321e-02	   2.4838024538788925e-01	   2.7277716181628076e-01	  -2.0337054912988337e-01	  -1.6008097916706643e-01	   3.0290784604453297e-01	   2.2339810094870724e-02	   2.6267217008648791e-01	   7.1313810788937904e-01	  -1.5215188413521374e-01	   2.9738047419199798e-01	   4.7273289731871715e-01	  -3.3711696366827604e-01	  -2.1708063772231467e-01	  -7.0189362719161619e-01	   6.8264326869153813e-01	   1.1503198048609316e-01	   3.8589965799515746e-01	   2.0211032374182994e-01	   3.7374809949021687e-01	  -7.3866904127897733e-03	  -1.7076483900284187e-01	  -1.5275150844818045e-01	  -2.6227228445962325e-01	  -2.5866456165233653e-01	   5.3477787169386601e-02	   4.3570444762898031e-01	   2.2540209012977142e-01	   1.7109894314037594e-01	   3.8092467819080089e-01	   3.3812211740640397e-01	   1.3228906033095758e-01	   2.3948091011306161e-01	   1.1793115280515444e-01	   2.6553248472058816e-01	  -6.1463052063125495e-02	   1.8209411647993726e-01	  -1.8378451865532441e-01	   8.0180149477330018e-03	  -1.1271950198805421e-01	   4.9579231587746397e-01	  -3.1672184181440149e-01	  -2.5035709308555437e-01	  -3.6261317675852811e-01	   4.2175907025704695e-01	  -8.6278824291299336e-02	   2.4707556102691275e-01	   2.0622647271522493e-01	   9.0232075205421702e-01	  -1.7227497643029582e-01	  -8.5296289762263361e-02	  -4.4592547093040580e-01	  -5.9597879742824447e-02	  -1.2759975972233562e-01	   2.0350063587707018e-01	  -2.6153331339335978e-01	   7.9311073732935866e-01	  -6.5687158901999576e-01	   1.6989470325725153e-01	  -3.0810128379483687e-01	   4.1760363600394125e-02	  -4.0870845614819012e-01	  -1.9291583778210428e-01	  -9.0793635091745095e-02	  -1.4114022471613041e-01	  -3.9062920943598195e-01	  -9.9707991870426615e-02	   2.6643074732248939e-01	   2.6307205371749545e-02	   2.4372112737931614e-01	   2.6909681431333232e-01	
