   0.0000000000000000e+00	   5.0066227646260791e-03	   1.4287263171847908e+00	   4.5674778509492553e-01	   6.7977024394533375e-02	   5.9726512466855397e-01	   1.2768155355918949e+00	  -7.1111442056384908e-02	   5.7851784781429105e-01	   7.3433174447698324e-01	   7.5282890947402892e-01	   4.1279955794305917e-01	   1.1428733725657858e+00	   1.9505640787335252e-01	  -1.7544652213406975e-01	   6.2038933211610003e-01	   7.7762485140998039e-01	   3.9153759799175980e-01	   1.0105417458059551e+00	   7.0455564661285508e-01	  -6.2158581524893647e-02	   4.5136143098609566e-01	   1.0838788305447182e+00	   7.1620601517180527e-01	   4.1056830430862057e-01	   4.9523418064422708e-01	  -4.0012437598273587e-01	   9.5408124132641631e-02	   4.7400857565850651e-01	   9.5344630726702115e-02	  -9.3472170623996792e-02	   7.9225582629981889e-02	   8.2380767977714564e-01	   7.7683399806009557e-01	   1.0643522923837476e+00	   8.4641705866792138e-01	   4.3791466416040076e-01	   2.6271085183615667e-01	  -2.1980956657453041e-01	   5.8199698764717966e-01	   1.6169467707706234e-02	   4.6222671888008376e-01	   1.0904167052347689e+00	   9.7255390953277221e-01	   6.0274271060336915e-01	   8.9377143629316402e-01	   8.7936720002436031e-01	   1.0394463697353729e+00	   5.6413948230431199e-01	   5.5796840157753558e-01	   6.8828074354099078e-01	   8.3977794114556314e-01	   2.8082665659855011e-01	   1.1881106636643015e+00	   3.1008529220304953e-01	   8.2219570666815089e-01	   1.5374756747075633e+00	   8.3063975420736860e-02	   3.8456592890170804e-01	  -2.3290140059999875e-01	   6.4900275709096134e-01	  -5.3958790996738082e-01	   1.0555912955048530e+00	  -2.8024887940075982e-01	   8.3620638952810067e-01	  -3.6686023919533940e-02	   7.1111836711805365e-01	   7.1292038543761449e-01	   8.9782954219269595e-01	   8.2407763829757796e-01	   4.8237528983089632e-02	  -8.2040362964375373e-03	   2.6502208397566546e-01	   4.2012217786313943e-01	  -1.5098945120560608e-01	   5.9785729328547821e-01	   5.0779158559189863e-01	   1.4571843718374050e-01	   4.9026321805166484e-01	   1.0681373063153285e+00	   3.7932916298903385e-01	   8.7376257043586536e-01	   3.1303994688632160e-02	   4.2917793110266222e-01	  -1.1262419247914690e-01	   1.0310173927197963e+00	  -4.8001431746653458e-02	   1.8326662497148127e-01	  -2.2464424458611465e-01	   9.6328993106412020e-01	  -4.6029165207481168e-02	   5.5920276408439307e-01	   5.0419668598709000e-02	   7.5489963001616667e-01	  -6.0837640012624643e-02	   2.1206537137656475e-01	   3.1685455407652663e-02	   6.6268243312643293e-01	   2.7034706815187187e-01	   2.8535301123544438e-01	  -8.3848733217048013e-02	   9.6686590878550338e-01	  -1.3621597320326656e-01	   1.0129944854545669e+00	  -4.4293008210858645e-02	   5.6143583616839099e-01	  -6.2033323339723090e-01	   6.0011167799021514e-01	   1.0959156639480964e-01	   8.7872004528196435e-02	   4.5452712742310875e-01	   7.7702883948099558e-02	   4.7979353618397369e-01	   3.5210058051479870e-01	  -2.3092580777359906e-01	  -3.7794654907320585e-01	
   5.0066227646260791e-03	   0.0000000000000000e+00	  -3.0773958458610451e-01	   7.3535455638001512e-01	   9.4565393958107880e-01	  -4.0057048880075796e-01	  -4.0963993080237404e-01	   1.1568355922505771e+00	   5.2069786401136176e-01	   2.2303206219630084e-01	   5.2588187314220258e-01	   8.3668647215648040e-01	   1.1699432578344543e-01	   9.2656099303342643e-01	   8.7811584905988949e-01	   1.8826572682571441e-01	   5.9923461858874327e-01	   9.9690833017101332e-01	   4.2866347065246579e-01	   5.3925662569807964e-01	   5.6632782851658103e-01	  -1.3046130132240066e-01	  -5.9677806987624135e-02	   1.1318744128878538e-01	   1.0879342338719794e-01	  -1.0755624918597378e-01	   2.1579182372807501e-01	  -3.1894695186381594e-01	   6.4909477488691880e-01	   7.0449374950354038e-01	   4.2729358163598946e-01	   3.2025657471692681e-01	   4.6486974322370705e-01	   5.4199116170593264e-01	   6.3875561306552586e-02	  -1.1496938536968284e-02	   2.3866453990615860e-01	  -2.4338766433779448e-02	   7.5287679261971574e-01	   1.7144608326300634e-01	   4.5550074233368520e-01	   3.9510390149966007e-01	   1.0448070112729796e-01	   1.6617053309771926e-01	   5.4845967665767714e-01	   4.1058027137002995e-01	   2.8816485407568865e-01	   1.9506813988548327e-01	   6.1501176796587809e-01	   7.1319278065632419e-01	   4.2245164567129273e-01	   2.8226072716425610e-01	   7.1225745989893718e-01	  -2.6202450970085767e-01	   6.7143233673518232e-01	  -1.2497978839754038e-01	   2.7054629500724980e-01	   1.9917991096814549e+00	   9.3279538775734250e-01	   1.4118003101112171e+00	   3.3319755704957243e-01	   1.1558144318141037e+00	   1.5003568721612640e-01	   1.1387165226029128e+00	   1.8456762401112009e-01	   1.0707040800733150e+00	   6.1655374168243671e-01	   5.0959712918172473e-01	   6.4241078806886165e-01	   5.6110066334960651e-01	   3.2088687092923318e-01	  -2.2280545316009960e-02	   6.9697731257123907e-01	   4.7563619641717281e-01	   6.7398991528941576e-01	  -7.2819285731246727e-02	   1.3863048415618254e-01	  -6.9682494590785987e-02	   8.8352245317113820e-01	   5.6618642758426062e-02	   8.2432709066372256e-01	   2.7429985408201607e-01	   8.2990353892155366e-01	   2.5748967496234115e-01	   1.2581139061569817e+00	  -3.0903525831868611e-01	   1.2170960265112805e+00	   7.0633919062024064e-01	   1.3088204393099079e+00	  -5.9308021411393896e-01	   2.2792223312379467e-01	   1.0457103871158001e-01	   4.4856562814216983e-01	  -5.8474943927434486e-01	   7.9571876361082969e-02	   4.3291201259337296e-02	   4.8310499522085926e-01	  -4.1165676951590992e-02	   3.6684325632658371e-01	   4.6500572595413281e-01	   1.2737608850025079e+00	  -5.7406553600929688e-01	   1.3081641741863217e+00	  -1.1035819996833039e-01	   6.3492752667998842e-01	  -2.0139483776351778e-02	   8.3620616325374675e-01	  -4.3350957156954500e-01	  -1.3004893717553498e-01	   5.1797309644239883e-02	   5.9782079175869300e-02	   2.0456044956832076e-01	  -2.9773906696283609e-01	  -6.8846390692097914e-02	  -4.4004496420937809e-02	   1.4380444143479126e-01	
   1.4287263171847908e+00	  -3.0773958458610451e-01	   0.0000000000000000e+00	   3.6338799500205710e-01	  -9.9752783632671885e-02	   8.6378779470036871e-01	   2.5882985261518736e+00	  -1.6407762920861299e-01	   5.1855981359300685e-01	   7.7247009599832572e-01	   6.2585465894286385e-01	   2.9208536375033345e-01	   1.2158834790315187e+00	   1.1182766270186538e-01	  -2.7318334429971186e-01	   6.9203649388268274e-01	   5.6205318579588892e-01	   1.7869904864729638e-01	   8.3671038443105572e-01	   6.4402913975589826e-01	  -4.9643413378862494e-02	   6.8757469876209587e-01	   1.3262032211665484e+00	   8.4163026975307986e-01	   4.2254588773155105e-01	   6.1740333220828647e-01	  -4.3699206081995351e-01	   2.0666161824325929e-01	   3.4535898528506803e-01	   4.4083867972251285e-02	  -1.4644574565839613e-01	   6.5837857573654540e-02	   6.3102940197299451e-01	   6.1419961734672435e-01	   9.2951029079775405e-01	   8.1347965949100265e-01	   5.1622991712143806e-01	   4.9861996206587783e-01	  -3.1933979700018300e-01	   6.6079925963350594e-01	   3.5689657041273290e-02	   4.6977312761772300e-01	   8.4665194494542928e-01	   7.3733679795682161e-01	   3.5763988781641032e-01	   5.4738323769036412e-01	   7.1248682863051260e-01	   8.5029556420510111e-01	   3.8142742387534134e-01	   3.4285883653677296e-01	   5.7315555221943781e-01	   7.9963369411582452e-01	   1.8677844438533955e-01	   1.6169552507443539e+00	   2.4298216962713662e-01	   1.0993347671082201e+00	   9.7446187888769908e-01	  -1.8586952267733034e-01	   1.9983415149842679e-01	  -4.3257256095674423e-01	   5.7056545633975297e-01	  -7.6246518585652079e-01	   7.5754795737201441e-01	  -4.1267200097955808e-01	   7.8673280034881921e-01	  -2.2975911827443210e-01	   5.0600699020840822e-01	   5.2066447162713414e-01	   5.4887432256357616e-01	   6.1772612786479986e-01	   4.7412363109781364e-02	   2.3209237210571421e-01	   1.5433689596031439e-01	   3.1615470589662087e-01	  -2.4417076825339201e-01	   6.6690156275376256e-01	   5.0777064497950530e-01	   2.8199056879393114e-01	   2.7802038237776239e-01	   9.2758497051917688e-01	   2.6138486781167769e-01	   7.8065896695553139e-01	  -9.0833627057476551e-02	   5.0202167485884674e-01	  -2.6652703056595284e-01	   1.3974872704767585e+00	  -2.5568330244977755e-01	   1.0123429909268623e-01	  -3.6454628682682128e-01	   1.5993832166649122e+00	   3.6561537364639247e-02	   7.2847716657030004e-01	   6.7226867912252936e-02	   1.2561944167296200e+00	   2.4729659412529352e-02	   2.3042101714491256e-01	   4.7519446025064686e-02	   7.8773599318080900e-01	   2.3818324274015429e-01	   2.5066022454728459e-01	  -2.5593868006571968e-01	   1.5436037303532935e+00	  -3.1443229296265540e-01	   1.1820272425881486e+00	  -8.1049673187796253e-02	   6.9646126729340263e-01	  -8.6919432036809230e-01	   8.0034598126149692e-01	   1.7263036720361927e-01	   1.8278555667126656e-01	   5.2690467557754683e-01	   1.3252931684796526e-01	   7.2745746957551849e-01	   5.0162246167636360e-01	  -9.4364291605371978e-02	  -3.1366676977346364e-01	
   4.5674778509492553e-01	   7.3535455638001512e-01	   3.6338799500205710e-01	   0.0000000000000000e+00	   6.7837089467007305e-01	   9.7127419565021536e-02	   2.8748552672861249e-01	   1.0819046181877516e+00	   9.7649077274580054e-01	   8.2796942860694300e-01	   1.1150838359265831e+00	   1.7365209659555230e+00	   8.4253855997043514e-01	   1.6182675887085396e+00	   5.7476972839361107e-01	   9.0278162223351366e-01	   1.0408770889414956e+00	   1.0562092924473840e+00	   1.0090448337754747e+00	   1.1865650513746817e+00	   4.6582091566459427e-01	   3.2852228721036031e-01	   7.3927488957848198e-01	   1.1427264994281121e+00	   3.7728698910654163e-01	   3.2752905009873234e-01	  -1.6618973858934530e-01	  -2.7376312863935648e-01	   8.8319254890100107e-01	   7.2505610895764161e-01	   1.3281162414416064e-01	   1.9087779206116282e-01	   9.3275228822661049e-01	   1.0612178696194072e+00	   7.1754095811713825e-01	   6.3889807304370383e-01	   7.4828547994055528e-01	   5.9957329641297941e-01	   5.4663282607894181e-01	   1.0055245121587337e+00	   8.3773606987761062e-01	   8.5798374981847170e-01	   5.1187837157788640e-01	   5.1987683546968921e-01	   6.6291513927869572e-01	   6.2876736753203766e-01	   8.0784627131559039e-01	   7.3580475939059697e-01	   8.8790051584880281e-01	   1.0225377416453603e+00	   1.1092684145774214e+00	   1.0447760656215215e+00	   1.3043717913408475e+00	   4.8351075797307669e-01	   1.3974288585868484e+00	   6.6841769140904195e-01	   7.4566346322555432e-01	   8.7936139620984555e-01	   9.2725220859073842e-01	   5.6248656070754699e-01	   6.8182355981475906e-01	   3.3954845562842262e-01	   5.1207293338098736e-01	   5.3801912236217764e-01	   8.1733933199357678e-01	   8.2415903940777813e-01	   1.0769713495540418e+00	   1.0715254030321633e+00	   9.0392401299496572e-01	   9.6043898486677115e-01	   2.5862875895600201e-01	   3.7035880789853104e-01	   6.8403757715387525e-01	   5.1658528838005746e-01	   4.7662527696486456e-01	   3.5308440018137249e-01	   4.2192059471076016e-01	   2.3125985508093605e-01	   1.2007394634173498e+00	   4.9202584803853666e-01	   1.4244743928335415e+00	   9.2881670343232547e-01	   8.4185739104474144e-01	   8.8362259941385535e-01	   9.0702550399846760e-01	   4.4973839548078243e-01	   6.9879238177527414e-01	   1.1450981352513538e+00	   7.9476980638417216e-01	   2.0245982570322307e-01	   5.0358583999953921e-01	   8.3002400998870995e-01	   8.7692410460358217e-01	   1.5933078294924502e-01	   2.4044048142234770e-01	   3.2421218836092563e-01	   5.2660290265648968e-01	   5.4008493209200426e-01	   7.2851704598429257e-01	   7.6356457056486560e-01	   8.5530238978163686e-01	   1.3599101612142958e-01	   7.5244188037116477e-01	   5.2609237040392909e-01	   6.6751629671125401e-01	   5.0800302212721837e-01	   2.2978930899784811e-01	   5.5307011066035000e-02	   3.0729069662552233e-02	   3.6614195368693053e-01	   4.0611516507121409e-01	   4.0075725061675765e-01	   2.0125670844315108e-01	   2.4753517649437926e-01	  -1.9130689029482104e-02	  -8.6825361076133506e-02	
   6.7977024394533375e-02	   9.4565393958107880e-01	  -9.9752783632671885e-02	   6.7837089467007305e-01	   0.0000000000000000e+00	   1.4210844856732563e-01	  -1.7877121386561065e-01	   9.5187889501306766e-01	   8.9005138128346262e-01	   5.5787807802732492e-01	   5.1828323953820588e-01	   8.1140508176320869e-01	   2.5589432957513669e-01	   7.8083073345186438e-01	   9.4718239625034861e-01	   4.3346117885728802e-01	   5.7530622243756935e-01	   8.5332463746175802e-01	   4.6025343660951989e-01	   5.6072733645184181e-01	   6.7311586407108770e-01	   2.2489291702156072e-01	   9.1016673017247390e-02	   2.1683909943294735e-01	   3.7937431133937277e-01	   2.6802740538518333e-01	   5.7843117016056278e-01	   1.3565315722789173e-01	   6.3035627406949402e-01	   7.6927408808784903e-01	   5.8960952972064939e-01	   4.7031873922088174e-01	   4.7867337822113737e-01	   5.7504699287198169e-01	   1.2503497911133291e-01	   1.2118593934762506e-01	   1.3734991603215110e-01	   8.1822475454135679e-02	   2.0419935279562693e-01	   1.4891050467237021e-01	   3.0500150643427409e-01	   3.7851599084671333e-01	   2.7619956979908389e-01	   2.9671458162603093e-01	   5.4026486915200489e-01	   3.7473099816705252e-01	   4.3197212956259429e-01	   2.9261426951335190e-01	   6.0414930478670015e-01	   6.0705385160790537e-01	   4.2017776773630677e-01	   3.1380112270744287e-01	   6.5233142485961737e-01	  -8.2759757723231797e-02	   5.6086647018411140e-01	   2.0189085832197112e-02	   3.2294828564568578e-01	   1.0834009898709409e+00	   8.3557736253216330e-01	   8.9887097394478011e-01	   5.2128172466895939e-01	   7.8274898356800815e-01	   2.6407774022890451e-01	   9.8691398813583853e-01	   2.9576505932952796e-01	   6.5276040618540498e-01	   5.2332067497551749e-01	   4.3455147008714945e-01	   4.9436405896018520e-01	   4.8856939070564459e-01	   3.8862976988219711e-01	   1.1488617651702043e-01	   6.6986009884450215e-01	   4.6864345177942102e-01	   6.7013621194688122e-01	   1.8622341364797670e-01	  -2.7336641159414983e-02	  -1.9295424516903917e-01	   8.5171184996212856e-01	   7.4149738851074135e-02	   8.0186977207425802e-01	   3.9467829214946115e-01	   5.9324255212457477e-01	   4.9258319450883803e-01	   9.1791658324121950e-01	  -1.3200133659869737e-01	   6.3504014802097786e-01	   7.2856564099879284e-01	   9.5291081702660052e-01	  -3.1644628064239722e-01	   1.2503850952247109e-01	   2.1910139122269856e-01	   2.9779528622946949e-01	  -3.6490893464348551e-01	  -7.0885428835635181e-03	  -9.0928701933395695e-02	   3.8534986429572771e-01	  -4.8718867237325769e-02	   2.9605986844059307e-01	   3.8579878496978864e-01	   8.1889353240310436e-01	  -3.7085794545800788e-01	   7.9626594936232531e-01	   2.3341195551882837e-02	   3.8986934529328138e-01	  -4.5746360646187888e-02	   3.2407297962495074e-01	  -5.8868137492896300e-01	  -1.9008789129815701e-01	   1.6058047484324778e-01	   2.6251604336155715e-01	   2.9916029607370764e-01	  -2.4344098486816473e-01	  -1.3796958369158430e-01	  -1.7369879423983220e-01	  -7.9275304117420187e-05	
   5.9726512466855397e-01	  -4.0057048880075796e-01	   8.6378779470036871e-01	   9.7127419565021536e-02	   1.4210844856732563e-01	   0.0000000000000000e+00	   9.1699107790745349e-01	  -2.2352801235810199e-01	   5.3538162057392391e-01	   8.5142230010048880e-01	   2.8652989468341866e-01	   8.2335643745841541e-02	   6.2600880764276390e-01	  -6.2174948292309386e-02	  -7.6678333995524303e-02	   6.6566208008771932e-01	   2.4071782216008847e-01	  -2.4288262082446672e-02	   3.8118277200350559e-01	   2.7138896624360354e-01	   1.1403297490539524e-01	   9.7376160207318652e-01	   5.8971033768624292e-01	   3.9506482113558838e-01	   4.7407345273084511e-01	   7.8380596164689320e-01	   2.5563340124726208e-01	   9.8933300514521627e-01	   1.2051709700197835e-01	   7.8743037054828852e-02	   5.4829761709804588e-02	   1.5899268116015094e-01	   2.2317483331832549e-01	   2.7746246128437263e-01	   3.9351484329276110e-01	   5.0403964475336283e-01	   1.9882801505956993e-01	   4.0388961908736165e-01	  -6.5246803720317825e-01	   2.3229795818701982e-01	  -1.1680676021648245e-01	   2.1069681449726846e-01	   5.6737135049013876e-01	   5.0551218529374176e-01	   2.1122843463936741e-01	   2.7024270983563708e-01	   3.8335192765244896e-01	   4.6683699964694025e-01	   1.8449097634502684e-01	   1.0503803420289078e-01	   2.2964013120105692e-01	   3.4303028054114032e-01	  -1.3358189094723692e-02	   6.9659012837672052e-01	   7.8886176787680961e-03	   5.9028982426102750e-01	   3.8155435935444654e-01	  -3.0968156787710283e-01	  -4.5153838592828129e-02	  -4.2978846405053561e-01	   2.5394605913979817e-01	  -5.1559889975717188e-01	   3.8151266676414314e-01	  -3.0937225571713112e-01	   3.7829777817988391e-01	  -2.8288850878596994e-01	   1.2349428620753539e-01	   1.7317117706061713e-01	   1.1026319608316508e-01	   1.9870369654866066e-01	   1.3588333749452652e-01	   3.2905811263238943e-01	   1.3083611406804543e-01	   2.3489766775431484e-01	  -9.8903574444326139e-02	   5.5462789317612715e-01	   1.0076089074494987e-01	   1.0437228701925663e-01	   6.1406458231631621e-02	   4.8021871594008569e-01	   3.3116593409766235e-02	   4.1396569122399257e-01	  -1.8451257852085440e-01	   2.7879325632249946e-01	  -3.8449624249312397e-01	   6.7886742101717457e-01	  -3.6677406475590613e-01	  -1.1741302662410966e-01	  -3.8112581068956158e-01	   7.7324584307633581e-01	   3.0929973299818059e-02	   3.7225638093627039e-01	  -9.3939496268152997e-02	   7.4836518579492251e-01	  -4.9949366952169033e-02	  -4.7582489313661429e-02	   2.5141779167957595e-02	   2.6775436447196055e-01	   9.1244633264759706e-02	   1.9100370413298809e-01	  -3.9108354815029489e-01	   7.9799055748777215e-01	  -4.1717960236156504e-01	   5.5127258370628796e-01	  -2.7156138681231562e-01	   2.8263202389561604e-01	  -9.2890049620271220e-01	   3.6291689906943614e-01	   6.8382527321010841e-02	   1.4531525281582494e-01	   4.2851643858200628e-01	   1.9836609967202873e-01	   4.8047683633881155e-01	   3.1841717703461631e-01	   3.5765583617855527e-02	  -1.2673782561855498e-01	
   1.2768155355918949e+00	  -4.0963993080237404e-01	   2.5882985261518736e+00	   2.8748552672861249e-01	  -1.7877121386561065e-01	   9.1699107790745349e-01	   0.0000000000000000e+00	  -2.3744032124241565e-01	   4.4884067439523023e-01	   7.2039863633712464e-01	   5.5732903347083929e-01	   2.1440510952146652e-01	   1.1415761076319559e+00	   4.9510611639931930e-02	  -2.9661783416900633e-01	   6.8961462026842901e-01	   4.7905890759223524e-01	   1.0014542598130828e-01	   7.0971287505012215e-01	   5.2585272712219400e-01	  -9.7461645457925211e-02	   7.0153381144989679e-01	   1.2104778843888722e+00	   7.8255376969313883e-01	   4.0019461017781188e-01	   6.1350083759721552e-01	  -4.3497432443540041e-01	   2.4781276970303764e-01	   2.8025066680926569e-01	  -1.3657327365698914e-03	  -1.7206182537950857e-01	   3.4856350540603404e-02	   5.1702874528333487e-01	   5.0715109070432940e-01	   8.8084224918611387e-01	   8.0654531794802475e-01	   4.6784171417775616e-01	   4.9576748097211498e-01	  -3.8918436734889555e-01	   6.0935372614422167e-01	   2.6611651339187945e-02	   4.2295650947322022e-01	   8.1518269861703274e-01	   7.2147800263078188e-01	   2.8541996929259406e-01	   4.8155130587130468e-01	   6.4785918843949197e-01	   8.0288484821007300e-01	   3.0718140967078816e-01	   2.6720802690585288e-01	   5.0857550338674673e-01	   7.2957615594280345e-01	   1.1768781706750955e-01	   1.5524174295282496e+00	   1.7007994380201957e-01	   1.0785546847094576e+00	   8.4973810053234600e-01	  -2.8849775563464980e-01	   1.0447713502527795e-01	  -5.3267476532040159e-01	   4.9387229756314044e-01	  -8.6581759684035564e-01	   7.2480464958126289e-01	  -4.8394913087086566e-01	   7.0833795966707580e-01	  -2.6338077546641625e-01	   4.0299277533322764e-01	   4.4012921979645336e-01	   4.2310819042778092e-01	   4.9243895478967992e-01	   4.0817996499784952e-02	   2.5042999428530188e-01	   1.1078266613856402e-01	   2.7082015364244760e-01	  -2.7095481095258811e-01	   6.7295197474439394e-01	   4.5171039991758677e-01	   2.5594999559002585e-01	   1.8724707773763893e-01	   8.7517214030513768e-01	   1.7063935186104343e-01	   7.1578063598508135e-01	  -1.0706722892604609e-01	   4.4714718540281095e-01	  -3.6489306786871317e-01	   1.4368252231222691e+00	  -3.4904749649939082e-01	   2.5684136718671553e-02	  -4.6729199984019748e-01	   1.7380040147295630e+00	   1.6918395512093894e-02	   6.3764737231458901e-01	   1.6793833035358658e-02	   1.2942673260288096e+00	   1.4450175072350614e-02	   2.0823303377554814e-01	  -4.9626732429268574e-03	   7.1783035612496104e-01	   2.0607447997210632e-01	   2.0508396572413223e-01	  -3.4903709382100712e-01	   1.6849581887059215e+00	  -4.1697426891658862e-01	   1.0685917543385641e+00	  -1.6378528346878249e-01	   6.3940395800400529e-01	  -9.7245061357206852e-01	   8.5965052492255623e-01	   1.7715871830800470e-01	   1.6811639157121455e-01	   4.8571614172196931e-01	   1.0095293731350224e-01	   7.2983741019008297e-01	   4.6984710465536567e-01	  -7.3617401510833042e-02	  -3.1894566857020340e-01	
  -7.1111442056384908e-02	   1.1568355922505771e+00	  -1.6407762920861299e-01	   1.0819046181877516e+00	   9.5187889501306766e-01	  -2.2352801235810199e-01	  -2.3744032124241565e-01	   0.0000000000000000e+00	   6.5680362043560303e-01	   4.5395407153728551e-01	   6.5400449940253969e-01	   1.1294957977353430e+00	   2.7730811759360852e-01	   1.5155609347864609e+00	   1.0250285437177851e+00	   4.4495899520646937e-01	   5.7226766982321098e-01	   9.2245557020843516e-01	   4.9915527300081958e-01	   6.8267498715509700e-01	   5.8668677805251956e-01	   3.9179022750864441e-02	   1.2282371856830172e-01	   4.0013006468537637e-01	   1.5819269097586572e-01	   5.1541280320459466e-03	   1.2955137875306305e-01	  -3.3870924768780980e-01	   6.7416855481514137e-01	   8.3952297670170917e-01	   3.7798336260148219e-01	   3.2333290176887997e-01	   4.6322815299962328e-01	   5.9051109407485480e-01	   1.3703101170321227e-01	   1.0101766857544502e-01	   4.4190366732398950e-01	   3.1290253174940441e-01	   8.2177166150236314e-01	   3.8904712638431255e-01	   7.2282064921230149e-01	   6.0006219063268096e-01	   1.4937990313808025e-01	   1.6380797124522822e-01	   5.2127228821814731e-01	   3.0937308111515571e-01	   4.3505278379725865e-01	   2.8840407701325160e-01	   6.8824404128083072e-01	   7.4413927630194088e-01	   5.6682735926236261e-01	   4.4127170167821272e-01	   9.9467566411016595e-01	  -1.0143675455853249e-01	   9.6496902303148768e-01	   1.1126529542677221e-01	   2.2201114009189918e-01	   1.2810623750114358e+00	   9.7414852892724313e-01	   1.3414165756044050e+00	   4.1116860771403863e-01	   1.0575822261125303e+00	   1.0849416177983699e-01	   1.2143855226739766e+00	   2.4413375331016668e-01	   1.0016969288416886e+00	   6.5323869209547514e-01	   5.6624639063599858e-01	   4.4904147923632109e-01	   5.2826025041937708e-01	   4.2957397525004187e-01	   3.3904372627604917e-01	   6.9849881591033181e-01	   4.7021400832947413e-01	   8.0248735357210843e-01	   1.3263112519578282e-01	   1.9207871013655781e-01	   8.0014538120824111e-02	   8.2487742189184010e-01	  -4.1585148653655417e-02	   9.7397201534512501e-01	   3.1931731823395093e-01	   9.3917140232990426e-01	   5.1843975559842526e-01	   1.4214833821716024e+00	  -1.4075644998998971e-01	   1.0184590335408694e+00	   9.5504809542051938e-01	   1.6760509376704087e+00	  -3.6313422234613701e-01	   4.5825996471900154e-01	   3.7687921273016012e-01	   7.0524568112430386e-01	  -3.5336873190773654e-01	   1.4379249471704636e-01	   4.6297184435338833e-02	   5.2948402973152486e-01	   6.9854700334397168e-02	   5.7633029125016011e-01	   6.4759487790676407e-01	   1.3354126785151794e+00	  -3.9685470265193085e-01	   1.3127145761801131e+00	   2.5278356451656242e-02	   7.5846701416728635e-01	   1.0922483804973984e-01	   7.3805396680134328e-01	  -2.9330445283549583e-01	  -1.4871378054338125e-01	   1.9614738150357391e-01	   2.3284300411770481e-01	   4.1159058977161167e-01	  -1.0016400479233881e-01	   1.5409180204487564e-02	   2.7926338805659232e-02	   1.3081308683135229e-01	
   5.7851784781429105e-01	   5.2069786401136176e-01	   5.1855981359300685e-01	   9.7649077274580054e-01	   8.9005138128346262e-01	   5.3538162057392391e-01	   4.4884067439523023e-01	   6.5680362043560303e-01	   0.0000000000000000e+00	   1.3212533559853779e+00	   9.9964728950459458e-01	   9.8128254239985113e-01	   1.0011408948247809e+00	   8.6879301113613239e-01	   7.2119253982144571e-01	   1.1807631101454810e+00	   1.0000573843693690e+00	   7.5975586154674812e-01	   9.5913448227477360e-01	   1.0116364957237136e+00	   6.1277171351919546e-01	   6.4893228298083783e-01	   6.8039408291915526e-01	   7.3665295018278820e-01	   4.6776452892199460e-01	   4.9731867095361765e-01	   1.5500544293724927e-01	   2.1806591790760474e-01	   8.8232959354055862e-01	   7.8400184542797080e-01	   3.3785243848535568e-01	   3.8610083518241622e-01	   8.4456959707556356e-01	   1.0171881488980210e+00	   5.0632196335158630e-01	   5.0656620997657353e-01	   6.4655659974401281e-01	   5.5827829178522992e-01	   1.6911637485743303e-01	   6.5107808854254134e-01	   4.7813728777254316e-01	   8.1752172876621132e-01	   6.2612907071229484e-01	   6.3874686973571415e-01	   6.8158399902634448e-01	   6.8015102430780006e-01	   7.8205054628645443e-01	   7.5261982728250143e-01	   8.5619744887781402e-01	   8.5803091043971980e-01	   8.1306139030425095e-01	   8.3892301980219397e-01	   6.7737701606245360e-01	   4.9335399985874695e-01	   7.3932059158479357e-01	   6.1352619131228070e-01	   7.0060017855133705e-01	   6.5475432800108835e-01	   8.2053013671781472e-01	   4.2945702426513982e-01	   7.3510088464140511e-01	   2.3822955505413010e-01	   4.6622981588805490e-01	   4.6208875942649363e-01	   6.9642738357340117e-01	   5.0303400890065531e-01	   8.0947124553719674e-01	   7.5315999485111484e-01	   7.6627694169781024e-01	   8.8680298189963425e-01	   3.7637197519378329e-01	   3.6992903571935065e-01	   7.4017876765579793e-01	   6.1063462318380368e-01	   3.6239719402895143e-01	   4.7957627365673239e-01	   2.6520415647272810e-01	   8.9711819606294374e-02	   1.0456195610502472e+00	   5.8782867875438538e-01	   9.5944574789324810e-01	   9.0191994305731726e-01	   6.5405622782983974e-01	   7.8630726910330329e-01	   5.0829089164105712e-01	   4.4413951530649592e-01	   4.4020505757976947e-01	   6.6758689788196235e-01	   5.1311593793179233e-01	   2.6168629562092344e-01	   3.2037606544785191e-01	   6.3737593462119935e-01	   4.9106325822842500e-01	   2.3885338303520365e-01	   9.3926375445710641e-02	   1.2379255785098742e-01	   4.1699008358981293e-01	   3.7884262528960483e-01	   4.6472134515648383e-01	   5.9889518793633578e-01	   5.3169488150973132e-01	   2.6723061923187419e-01	   4.7255573658149330e-01	   5.2771582669637029e-01	   3.8697537363204315e-01	   4.1879748140404960e-01	  -6.5021798906428230e-02	  -2.9015171060841699e-02	   4.2690165229110977e-03	   3.1196575565723578e-01	   5.3803026831355727e-01	   3.3186228712337201e-01	   2.0798411286035576e-01	   2.7035639431678393e-01	  -5.6721447465455530e-02	  -1.3500730416495668e-01	
   7.3433174447698324e-01	   2.2303206219630084e-01	   7.7247009599832572e-01	   8.2796942860694300e-01	   5.5787807802732492e-01	   8.5142230010048880e-01	   7.2039863633712464e-01	   4.5395407153728551e-01	   1.3212533559853779e+00	   0.0000000000000000e+00	   9.4695314483677895e-01	   8.3046394828520409e-01	   1.0653740098400561e+00	   6.8075261555879596e-01	   3.7428921835861517e-01	   1.3527510383242991e+00	   8.5047295090864239e-01	   5.3873792083874950e-01	   9.6599060774414569e-01	   8.6760585359245102e-01	   3.0863498957286173e-01	   6.8972053742522088e-01	   8.0186724153258637e-01	   8.7059187290173656e-01	   3.6696958731578477e-01	   4.9151857888767458e-01	   2.4168722722639386e-02	   2.9643442624458349e-01	   6.2095111967435623e-01	   5.0187798864697819e-01	   8.1774907449514142e-02	   1.7170227005974528e-01	   7.2733880664633022e-01	   8.8132368274340056e-01	   6.7146861898208421e-01	   7.3123078161114829e-01	   6.5616983771987036e-01	   6.2590952560461277e-01	   5.6151354906323753e-02	   6.5766757566502154e-01	   3.6384870928714208e-01	   7.0250727987542483e-01	   8.1087435817093811e-01	   7.1542278184699315e-01	   6.8814938101113465e-01	   6.6141385695737454e-01	   9.5813504310728936e-01	   9.5025544637521009e-01	   8.5431135079761522e-01	   7.5842002668947250e-01	   9.3424663435710609e-01	   9.6990582644343271e-01	   6.8552998168880863e-01	   7.8863387879441815e-01	   7.3400407754575614e-01	   9.2181984969331510e-01	   7.8152836941948944e-01	   3.3768475169720974e-01	   6.1092948894616683e-01	   1.7764834210389435e-01	   6.1784849152384935e-01	  -1.5489323562575812e-02	   5.6706440651632395e-01	   1.7119492158286592e-01	   6.2140527466736395e-01	   2.7361116108208022e-01	   7.6681847631588473e-01	   8.0034959078749279e-01	   6.0168385311048611e-01	   7.7929759834775525e-01	   3.7651958711873501e-01	   4.9695131267684606e-01	   6.0875069224834444e-01	   5.9305046955404506e-01	   2.9343105645288303e-01	   6.9404212606955062e-01	   4.0428751090008319e-01	   2.7966070821049344e-01	   7.3490268154070360e-01	   5.8284047419713092e-01	   6.7430162880662348e-01	   8.3023657889203784e-01	   4.4568016175813890e-01	   7.0211993267242123e-01	   2.5061637118857727e-01	   6.8752459001757471e-01	   3.0027131744768154e-01	   4.6542729677523009e-01	   2.5360602358016704e-01	   5.4419080296865951e-01	   4.4202675090862842e-01	   8.2286259614810264e-01	   4.7425328951375501e-01	   5.0796330097481812e-01	   1.8994224252824491e-02	   1.7459438802840621e-02	   2.3515481369940727e-01	   4.4620840802650841e-01	   5.9799778873241149e-01	   7.2962321160627164e-01	   2.8243345901443828e-01	   5.6317546195900570e-01	   2.4629871268858838e-01	   7.8068514455257332e-01	   2.4323763063065731e-01	   4.7578631891259549e-01	  -2.5325906167123508e-01	   2.8117758044108931e-01	  -4.4288966208802127e-02	   2.3080119963344342e-01	   6.2465352485591596e-01	   4.6574495494823415e-01	   4.9212919654355258e-01	   3.7258051190838148e-01	   2.5616387806711560e-03	  -1.6813565978718872e-01	
   7.5282890947402892e-01	   5.2588187314220258e-01	   6.2585465894286385e-01	   1.1150838359265831e+00	   5.1828323953820588e-01	   2.8652989468341866e-01	   5.5732903347083929e-01	   6.5400449940253969e-01	   9.9964728950459458e-01	   9.4695314483677895e-01	   0.0000000000000000e+00	   1.3317951676111606e+00	   1.3125852084333371e+00	   1.0653593174283171e+00	   4.6944924823043166e-01	   1.0314548722172920e+00	   1.8284335601339425e+00	   1.2184773779245395e+00	   1.3390649957863010e+00	   1.3004005880382090e+00	   4.1841304498421672e-01	   4.5720727496220603e-01	   8.8741544169306230e-01	   9.5494107018289398e-01	   5.4948025306829618e-01	   4.9831003092777959e-01	  -2.3475963549502049e-01	  -1.7902004225111903e-01	   1.5297420856125830e+00	   8.9332363236900081e-01	   3.9235608813811024e-01	   5.2156576550379008e-01	   1.1926157319726387e+00	   1.4309864237957142e+00	   7.4502729071305940e-01	   5.8597452132974492e-01	   8.0362670754823473e-01	   5.6360782473235504e-01	   2.8802757854442723e-01	   7.6216590667652895e-01	   6.4772425209253504e-01	   9.4967285190774309e-01	   7.5465249968645309e-01	   8.3596195846676946e-01	   6.6967964740209462e-01	   7.1991483144059953e-01	   9.8627382742367842e-01	   1.0170589883930272e+00	   9.9150835686649075e-01	   9.3634450433370509e-01	   1.1030291871886089e+00	   1.1455916723565720e+00	   9.4123290290900552e-01	   6.7801366886547410e-01	   9.4198747677135042e-01	   7.1067681030757401e-01	   1.0537669377109511e+00	   6.6871642026413358e-01	   9.5237772110817731e-01	   4.0205454801381763e-01	   9.9659870047159349e-01	   1.5667865940163356e-01	   8.4237926922353457e-01	   3.8264037418779379e-01	   8.6012790011523010e-01	   5.5712784396583037e-01	   1.0864799144822945e+00	   1.0073312267500580e+00	   9.4621333891051318e-01	   1.1260155021126617e+00	   4.7129025134808555e-01	   4.8598057756162871e-01	   1.0556086735413479e+00	   9.1950168367938656e-01	   4.9831537703086198e-01	   6.5254034382261283e-01	   7.0296133516472936e-01	   2.7093610274186797e-01	   1.1315773702510037e+00	   8.2395428877527577e-01	   1.0739524967038505e+00	   1.1063422776225968e+00	   6.6497299594749681e-01	   9.0900511192455380e-01	   5.5790933326155079e-01	   5.7037636423039551e-01	   5.3246642999177829e-01	   7.4400854900656144e-01	   4.5196020033936390e-01	   3.6973037568181166e-01	   3.0031603317097755e-01	   8.2877318261934008e-01	   4.8145200911261787e-01	   2.7345232779233847e-01	   9.0091610057955837e-02	   2.0008312706138134e-01	   4.9082435727811485e-01	   6.0159181155609831e-01	   5.7832549739985328e-01	   6.1152182799576216e-01	   5.5861828687939519e-01	   3.4931994933710558e-01	   5.0239650694500626e-01	   6.5698038719049823e-01	   4.5354467949782151e-01	   6.7086964842137387e-01	   1.2617423170560312e-02	   2.2513274750546397e-01	  -3.9429620423401493e-02	   2.9639052195224413e-01	   5.5519528158435349e-01	   3.5245205275049368e-01	   3.3599082322161572e-01	   4.2811146889286783e-01	   1.1031120737246995e-01	  -1.6416482666011117e-02	
   4.1279955794305917e-01	   8.3668647215648040e-01	   2.9208536375033345e-01	   1.7365209659555230e+00	   8.1140508176320869e-01	   8.2335643745841541e-02	   2.1440510952146652e-01	   1.1294957977353430e+00	   9.8128254239985113e-01	   8.3046394828520409e-01	   1.3317951676111606e+00	   0.0000000000000000e+00	   8.1315869136521368e-01	   1.8729274805214169e+00	   6.2438012124973374e-01	   8.8168179492475485e-01	   1.3400626977343697e+00	   1.4334217068354504e+00	   9.8380466638484199e-01	   1.2008894745672922e+00	   5.7769418309707321e-01	   3.6183620398260524e-01	   6.2392716770409562e-01	   9.7113352278116705e-01	   4.3622749659600801e-01	   3.5486168806921620e-01	  -9.5236282329039301e-02	  -2.8915904303597634e-01	   1.1206937016858880e+00	   9.1877007837402314e-01	   3.0052806654959480e-01	   3.4067093090659867e-01	   1.0580549953537863e+00	   1.2358849219812860e+00	   6.4879725676260480e-01	   5.4142928249884248e-01	   7.9023820130071210e-01	   5.6460158505614211e-01	   5.5697082779370211e-01	   8.9435365038889492e-01	   9.2615189922307173e-01	   9.5925909379217733e-01	   5.2575188014962038e-01	   5.4259850279068100e-01	   6.7774775103637352e-01	   5.9988075278381425e-01	   8.8678085879448731e-01	   7.6851302339263561e-01	   1.0582090309998440e+00	   1.0980830210205621e+00	   1.2311749517111414e+00	   1.0971106738811196e+00	   1.6726150320810875e+00	   4.4390961810712731e-01	   1.5784217295800207e+00	   5.8948831824398995e-01	   7.5880748854883118e-01	   1.0787323472364119e+00	   1.0938416187198738e+00	   6.9761649252439573e-01	   7.5146752971149788e-01	   4.4359508947018628e-01	   5.4110869298068665e-01	   6.6831560269243251e-01	   7.7560651273199266e-01	   8.6523657703035761e-01	   1.1053650062931717e+00	   1.0678198227043636e+00	   9.0832908779813903e-01	   1.0435905832226706e+00	   3.9920707711334080e-01	   4.2581415125974109e-01	   9.0619426681649551e-01	   7.0421659222410538e-01	   6.3077652955856045e-01	   3.9123835605398599e-01	   5.4362580796278914e-01	   2.5341156721415048e-01	   1.5028001257938859e+00	   5.1760152754891453e-01	   1.7367482998184021e+00	   9.9336454377181049e-01	   9.5190223834179766e-01	   1.0411843108312613e+00	   1.1066292902032373e+00	   3.9483178029820143e-01	   9.2142673322233770e-01	   1.3532015288330623e+00	   9.2074138889089130e-01	   1.3548421597872917e-01	   4.6740564486063313e-01	   8.1683942544099208e-01	   7.8192516153968750e-01	   6.5269905591219216e-02	   1.3864700908663999e-01	   1.5885797863041734e-01	   5.0817709006748335e-01	   4.6501945171073222e-01	   7.1857595146015552e-01	   7.2387247770513174e-01	   1.0176153053128227e+00	   6.9358076136144781e-02	   8.9505997807344628e-01	   4.9081177621750327e-01	   7.7086633778241653e-01	   5.1465076033583634e-01	   3.0885035242939490e-01	  -2.9170702812092806e-02	  -1.2067426952690323e-01	   2.9976753261647593e-01	   4.6802485683968409e-01	   4.6468668117830958e-01	   2.0139691651395356e-01	   2.8701195995467776e-01	   3.7958933561667275e-02	  -3.3096452689330459e-02	
   1.1428733725657858e+00	   1.1699432578344543e-01	   1.2158834790315187e+00	   8.4253855997043514e-01	   2.5589432957513669e-01	   6.2600880764276390e-01	   1.1415761076319559e+00	   2.7730811759360852e-01	   1.0011408948247809e+00	   1.0653740098400561e+00	   1.3125852084333371e+00	   8.1315869136521368e-01	   0.0000000000000000e+00	   6.2603066750185221e-01	   2.1549356497834987e-01	   1.2437570528381312e+00	   1.1420425263808778e+00	   6.1345946731711520e-01	   1.1358063791524033e+00	   1.0141927355878688e+00	   2.8654015678195732e-01	   7.3813615929419296e-01	   1.4837387501428152e+00	   1.2283277646523993e+00	   6.2976349708754320e-01	   7.3922855392359410e-01	  -3.1400557108392452e-01	   3.7884911564873829e-02	   8.9964123845618826e-01	   5.1807384274535306e-01	   1.6452781563445695e-01	   3.3178072050890706e-01	   9.6515467892248408e-01	   1.0573629813226979e+00	   9.5368352464892547e-01	   7.9025776079761678e-01	   8.3177350432227559e-01	   7.1325882545112718e-01	  -4.3565544415863616e-03	   9.8920316698091326e-01	   4.6756709353176013e-01	   8.6621310123606032e-01	   9.3338175075421481e-01	   9.3697000403461150e-01	   5.5164807376135494e-01	   7.2270247095341600e-01	   9.6554522940850063e-01	   1.0922068451213796e+00	   7.1070244124562187e-01	   6.9306649550663069e-01	   9.1591738383875809e-01	   1.1580361465098050e+00	   5.4848609418235639e-01	   1.1556453149486381e+00	   6.0455875663047753e-01	   1.0116220357548449e+00	   1.1518110130112704e+00	   2.4930637411287396e-01	   5.6546021119899226e-01	  -2.5599825179838033e-04	   8.4219752809922388e-01	  -2.4675051669164200e-01	   8.4930567458445083e-01	   4.9679348047298420e-03	   1.1473970956317054e+00	   2.4911292885201802e-01	   8.0914496436899008e-01	   8.1147368157016520e-01	   7.8041328534397691e-01	   9.0569790138391104e-01	   2.4865700353857878e-01	   4.3064809115788610e-01	   5.3284204988359019e-01	   5.7847560524857378e-01	   9.3444189635778399e-02	   6.9215147912205455e-01	   5.4755565742336632e-01	   2.2141694937213299e-01	   7.3453698544861401e-01	   1.0866515741535592e+00	   7.5837448995576540e-01	   1.2295620159799323e+00	   3.5935736958006059e-01	   8.7972295144852464e-01	   1.7886817079926398e-01	   1.0872369610117723e+00	   1.2382172096144695e-01	   4.9459356658618114e-01	   7.8741499735357309e-02	   8.5248844825045311e-01	   1.6665351015171365e-01	   8.3067917401623315e-01	   3.3313731569635963e-01	   6.6133583521054284e-01	   9.6609366599763921e-02	   2.6938450172157458e-01	   3.1053387155152945e-01	   7.3556817828817400e-01	   4.1649164989317655e-01	   4.1426059260126352e-01	   1.8905017779118977e-01	   7.8078290194063560e-01	   1.1166388643909407e-01	   9.2518282111029126e-01	   2.1828022104167663e-01	   7.8391341817119087e-01	  -3.7119426165012376e-01	   4.7704032091365406e-01	   9.2981281841567315e-02	   2.8687019565636984e-01	   5.6615358562311757e-01	   1.9280808647169526e-01	   4.9347894212448196e-01	   4.7784043231440265e-01	   8.9512471719607918e-03	  -1.7617885297248032e-01	
