   0.0000000000000000e+00	   7.7730920404469694e-01	   9.2199009353128925e-01	   7.2560089586185250e-01	   5.2558581226596390e-01	   5.2588537354547882e-01	   9.3175461327680820e-01	   5.2022576711608359e-01	   3.5421303081245725e-01	   4.6436026776702388e-01	   9.3827082421560781e-01	   4.0975104630090065e-01	   7.6378874041336620e-01	   3.5026830499114991e-01	   2.8420026552427619e-01	   3.0799587851316179e-01	   4.6023600146353150e-01	   2.2791929699631647e-01	   1.0731454327130885e+00	   1.0103703381808782e+00	   1.4775257457961063e-01	   2.5559621964867063e-01	   7.2809767788433633e-01	   5.8152563357207843e-01	   2.1787598288712770e-01	   1.0418848854824153e-01	   1.9765560404980337e-01	   2.9103831501065158e-01	   1.3077253391743124e-01	   3.9202110395637002e-03	  -1.3997499544684705e-01	  -8.8904828197005972e-02	   3.8005611517138349e-01	   3.6727008354329260e-01	   4.7923061869444550e-01	   3.9033188603357816e-01	   2.0754042842648165e-01	   1.7595768401983405e-01	   3.1313710547198798e-01	   2.9772367288037138e-01	   5.3014569506482472e-02	  -2.9988915654070050e-02	   8.1966802357946644e-01	   7.6368195256563332e-01	   7.7938464233902327e-01	   8.3543786087441252e-01	   7.6034665985291694e-01	   7.8040008842907427e-01	   7.2908102959682330e-01	   4.4835982994745299e-01	   5.8479013542241221e-01	   3.5826464171846156e-01	   7.7262106112273632e-01	   6.4419355335734352e-01	   6.4417446832024683e-01	   6.8223448782855600e-01	   9.8017010666696880e-01	   4.3482366030270958e-01	   3.4306766670223893e-01	  -8.1595135561402160e-02	   5.5655842823116464e-01	  -9.1400046080102847e-03	   9.0189695058365910e-02	  -5.5738469743660396e-02	   2.9405227278184298e-01	  -1.7345938360553162e-01	   6.5032468145557676e-01	   5.3498007285630844e-01	   9.5314376820008173e-01	   8.3985507773641588e-01	  -2.3156651366777337e-01	  -2.6929458203113943e-01	  -1.2564320649110826e-03	   6.6217534515840795e-02	   7.4475612126523205e-02	   2.3157722588856750e-01	   2.8760881372808911e-01	   1.4435054783482828e-02	   3.8511656125109911e-01	   3.9867049157640794e-01	   2.9441734103067596e-01	   1.5648677094009045e-01	  -1.0255261925782579e-02	   3.3764872391447848e-01	   5.9154312358455896e-01	   3.7392443712660128e-01	   3.4538497323812350e-01	   3.9314067210714004e-01	   6.5465554276696647e-01	   8.9058455290400029e-01	   5.5869890055894333e-01	   5.2430881932809559e-01	   4.7170654487179320e-01	   6.3462940066553886e-01	  -2.0107164393488119e-01	   1.7644569253734015e-02	  -4.1285778700343813e-02	   5.8740745131529826e-01	   5.0623363056606729e-01	   7.0859483851020955e-01	  -1.4417857033269085e-01	   4.6504780710428428e-01	  -2.2884826786375628e-01	   3.4313439588033623e-01	  -3.5420936157597255e-01	  -2.7767566822082379e-01	  -2.2090808896219857e-01	  -1.6848318775062601e-01	  -8.5731544292969100e-02	  -3.3490245204575658e-01	  -8.0604003606620962e-03	   1.1353109564432215e-01	   1.8248007325318416e-01	  -4.7307314794404261e-02	  -4.2167159057114223e-01	  -5.4515204195774780e-01	
   7.7730920404469694e-01	   0.0000000000000000e+00	   3.3976460368942407e-01	   4.9795635935432980e-01	   5.9652265006633032e-01	   5.7234667548263651e-01	   2.5627310018252314e-01	   2.6452096884121956e-01	   3.7029709314222620e-01	   4.5916707986618188e-01	   5.8904588946835945e-01	   3.7082662727881793e-01	   3.8630193200865148e-01	   3.3995396747670242e-01	   5.1708189331859422e-01	   2.5784275765749837e-01	   7.3039857826338472e-01	   7.1574570727941822e-01	   6.5375365425012055e-01	   7.5596824671749496e-01	   4.8495976979445043e-01	   6.9634635985885296e-01	   3.5297958926682649e-01	   2.5059462791916665e-01	   2.9662998578948074e-01	   1.8346080235504297e-01	   4.3478044872526894e-01	   4.8382891652698318e-01	   2.4726313244804782e-01	   1.5181617758353932e-01	   8.1371807807287602e-02	   8.1875708668504299e-02	   6.0675673749362236e-01	   5.5832022467246722e-01	   4.1591417967289551e-01	   2.4484151871209098e-01	   2.8522001133405317e-01	   4.2478840125115286e-01	   4.9819404134718115e-01	   5.0856501291737466e-01	   2.6495658526575017e-01	   2.8974228849057587e-01	   4.5152523294606006e-01	   4.1628604090051302e-01	   6.0061368814857496e-01	   5.6518270676675408e-01	   5.1459236754316384e-01	   5.3241861571010118e-01	   7.2320088169636654e-01	   5.2340888287431109e-01	   4.6736247347172671e-01	   2.9424064555567647e-01	   5.6794519525457754e-01	   3.4803619193874358e-01	   5.6588964993714386e-01	   3.8758552373745586e-01	   1.0514207149378167e+00	   1.4617067638470149e+00	   5.3038895851701429e-01	   4.2707943736999066e-01	   4.9312454079181978e-01	   3.3582347696947762e-01	   3.1592716625498174e-01	   3.7456765584758800e-01	   1.1032764666481853e-01	   4.6688929470180336e-02	   7.6011068108192548e-01	   5.6780783807322166e-01	   1.1832891201592231e+00	   9.5526654001468447e-01	  -4.1798297841887620e-02	   1.0836279185315434e-02	   2.2216005554774504e-01	   2.6018643744237341e-01	   3.0388248585646227e-01	   3.4272482081449190e-01	   9.4620651837257930e-02	   1.9053521382274383e-02	   5.5426826895613179e-01	   6.7141235225586982e-01	   4.8753286679394481e-01	   2.8628375099503744e-01	   4.4855371656409820e-01	   3.4260630589983060e-01	   4.9359113296723417e-01	   1.7996349453945459e-01	   5.4564865805511098e-01	   5.9428055803442059e-01	   6.8859956730371663e-01	   2.5402405768648378e-01	   5.1166265697584179e-01	   4.7742204978700103e-01	   4.2252735847969641e-01	   3.6805057566864363e-01	   5.0381659007670901e-02	   1.6482327991126025e-01	   3.3972999177846602e-01	   4.0548179882422430e-01	   6.0679473946225571e-01	   5.3094100419926460e-01	   2.7910751775459430e-01	   4.2946064811598889e-01	   3.3740529495751737e-01	   4.5132159967502616e-01	   2.8471032888475585e-02	  -4.2286003698486438e-02	  -4.5707366833703182e-02	  -1.8942692628019864e-01	   1.0673698739026288e-01	  -7.7171376171969619e-02	   2.3274974539259602e-01	   4.2405887964081074e-01	   3.2151184703206043e-01	   2.2131087746147354e-01	  -8.8318343493223803e-02	  -1.2169112367623500e-01	
   9.2199009353128925e-01	   3.3976460368942407e-01	   0.0000000000000000e+00	   1.3361433809187357e+00	   3.6651737525067829e-01	   3.2657572106855448e-01	   1.8084663094046278e+00	   1.0225715263683401e+00	   3.0511015264153651e-01	   3.7193129599811159e-01	   9.0954822420408377e-01	   5.0225911999896788e-01	   9.3980544632365226e-01	   6.0608682838342154e-01	   3.0067526959855889e-01	   4.9443459467268835e-01	   5.6328198332451007e-01	   1.3956669380707570e-01	   1.1006252321703174e+00	   9.4081561155347693e-01	   2.1458001642914518e-01	   2.3026927622296756e-01	   1.7425446270653147e+00	   1.4842651925337740e+00	   4.0742248589136854e-01	   2.9838615096449361e-01	   5.3657394381882587e-03	   1.4605911680636352e-02	   4.4630879297566334e-01	   3.1342125217009326e-01	   1.2015984861752842e-01	   1.8694949890929372e-01	   5.4144622593361458e-01	   5.3602476751380790e-01	   5.1515509108516566e-01	   4.0254047969662338e-01	   5.9197574608243109e-01	   4.6143176415555742e-01	   5.2028540635338361e-01	   4.5722796514849900e-01	   2.4643212376515425e-01	   2.2632574971091254e-01	   9.0408926492140518e-01	   7.7429758751548539e-01	   5.5137635249563255e-01	   7.1349815105759906e-01	   8.5238691479035589e-01	   8.9364261895504038e-01	   6.1137076913844468e-01	   3.7570464024067873e-01	   7.9863508763605773e-01	   5.4775750814523505e-01	   9.2247655862975031e-01	   9.7068691257965600e-01	   8.7544435451994773e-01	   1.0063391914400384e+00	   4.6854933221322703e-01	  -5.9167427476519074e-03	   2.5747813076127495e-02	  -3.4518819150708852e-01	   2.3159182735811307e-01	  -2.6988724039146317e-01	   2.0260556140035191e-01	  -1.1903351092631326e-01	   1.3323888790638358e-01	  -4.3057818140982007e-01	   6.3685324946655852e-01	   6.0118231032611946e-01	   5.0781451083618201e-01	   5.8630656213484100e-01	   1.6222143049558752e-01	  -2.0284394612672285e-02	   1.5603168242375190e-01	   1.8514048630136709e-01	   1.4252443666976719e-01	   2.7739177079175742e-01	   4.9674889955672130e-01	   2.6913109850327799e-01	   6.1591890468331001e-01	   4.2119296267797329e-01	   4.5900391555547421e-01	   3.4375235465046133e-01	   9.2340894928906223e-02	   5.6390112656018898e-01	   5.5204294089365946e-01	   4.6090575679659013e-01	   4.3534709618634071e-01	   2.5021633132195625e-01	   6.5139428520864151e-01	   9.9787835012896908e-01	   1.0847993026620173e+00	   9.8670603104564703e-01	   1.0467165460472321e+00	   1.2401192876999687e+00	   1.9777560289490612e-01	   4.1588422855191925e-01	   2.1843222391910622e-01	   8.4263785002302338e-01	   7.1263208349331542e-01	   1.0064404234024673e+00	   1.4083334026335359e-01	   7.2989324872415307e-01	  -5.2141800634105499e-02	   5.0326252722658560e-01	  -7.9912960311707790e-02	   3.8572702813538047e-03	  -2.6632790472264273e-01	   1.1300777128921211e-01	   1.8118787543016404e-01	   1.1846302145125000e-01	   2.2824646915694130e-01	   3.3411014083881957e-01	   5.9100474184197771e-01	   3.5009118783774645e-01	  -4.6625349104008632e-02	  -2.3063484302760570e-01	
   7.2560089586185250e-01	   4.9795635935432980e-01	   1.3361433809187357e+00	   0.0000000000000000e+00	   6.1253140713559473e-01	   5.3551318080670818e-01	   9.6824778150158608e-01	   1.3147891578736717e+00	   4.4907750664819801e-01	   5.5473876417985479e-01	   1.0225205217826723e+00	   8.2012043898170839e-01	   9.3512983509507808e-01	   1.0495107079549377e+00	   6.2552487814501756e-01	   8.7579798886992555e-01	   8.4249529927768063e-01	   4.4553032557063899e-01	   1.0782892711160028e+00	   1.0394916504911904e+00	   4.8957625685193229e-01	   5.1470597881891256e-01	   1.5567217248256009e+00	   1.6178386100216657e+00	   8.2519921262586682e-01	   7.1305281677468146e-01	   2.0196150702136745e-01	   1.4085981714170265e-01	   6.8691729055879525e-01	   6.8133264035304297e-01	   4.2257198456767819e-01	   4.9201541739582488e-01	   8.8848783686759014e-01	   9.1488186349177236e-01	   7.0004310281914106e-01	   5.6122631975228543e-01	   7.3224652676208357e-01	   8.2773262526134128e-01	   7.0009233474335297e-01	   6.9312359784416644e-01	   4.5482792012284773e-01	   4.8581372693740188e-01	   6.8222464018587359e-01	   6.2566229549221064e-01	   4.1664351045381232e-01	   6.3590688971473008e-01	   6.4880401308850366e-01	   8.3527723443268509e-01	   6.2978961468026418e-01	   5.6037510248124334e-01	   1.0175039104614703e+00	   8.7133047120996221e-01	   1.1222049013109046e+00	   1.0961116821160710e+00	   1.1175301187334581e+00	   1.0906223934951975e+00	   5.4012427839426091e-01	   2.1739848778915186e-01	   2.1211117687656078e-01	   2.0767404522483917e-02	   3.0806197662520973e-01	   3.0822999086815867e-03	   5.2098858521280811e-01	   3.0054044256041673e-01	   1.3354075349232278e-01	  -1.8459399061164472e-01	   8.9956035716535898e-01	   9.5474862476969369e-01	   6.1071000733131453e-01	   8.0430240761437843e-01	   3.4678186456794097e-01	   2.8984585583797695e-01	   4.0389902586241899e-01	   5.0866278798583431e-01	   4.4060501440921518e-01	   5.4325954118251440e-01	   6.1700148945123634e-01	   3.9186499592830143e-01	   9.0317020020741079e-01	   7.2811328535964570e-01	   7.8347252601985373e-01	   6.9393432900614105e-01	   4.0716948552749421e-01	   8.8315497038798685e-01	   8.9535623959305932e-01	   7.6757795352388580e-01	   6.9119952891735081e-01	   4.1524879878642895e-01	   1.0199129555140931e+00	   7.9220438141330718e-01	   1.2562733283966494e+00	   1.1584224672664609e+00	   1.3434272288038316e+00	   1.0890915716208591e+00	   3.1957524611071764e-01	   5.2920779815284846e-01	   3.7112706779517302e-01	   8.4972720951068759e-01	   7.3993043791510460e-01	   9.6251007969693492e-01	   4.4521314344260077e-01	   8.0734071707799449e-01	   2.9240531673807091e-01	   7.2580778281655001e-01	   1.6614128106484016e-01	   1.3124055366946566e-01	  -1.1703853620539195e-01	   9.7187973297699931e-02	   1.6956595299857835e-01	   2.1951116666575970e-01	   2.3967641853584082e-01	   4.2585568639433691e-01	   6.9521078728443331e-01	   5.9096486422619188e-01	   1.8032354822266727e-01	  -3.2596118157924590e-02	
   5.2558581226596390e-01	   5.9652265006633032e-01	   3.6651737525067829e-01	   6.1253140713559473e-01	   0.0000000000000000e+00	   1.2356732032609108e+00	   3.2098578845799197e-01	   4.4662956953334393e-01	   1.3566201369234123e+00	   1.0448950029538988e+00	   7.6612522052621979e-01	   6.4585570553056737e-01	   5.4091354444032402e-01	   5.7878498440160375e-01	   7.1452101526326395e-01	   6.5754642242314709e-01	   3.2782021760731411e-01	   2.6691203689846060e-01	   4.8837978767431284e-01	   5.2668201873462550e-01	   5.7102747039588542e-01	   6.7503674802286606e-01	   5.1687324449551386e-01	   4.1580613035448949e-01	   8.5785783946064331e-01	   5.9035941759201960e-01	   9.7817144323743310e-01	   7.9841229739087227e-01	   2.6137712243801070e-01	   2.1476619552466814e-01	   3.0507182002972810e-01	   3.4233497078534503e-01	   5.0972162221231365e-01	   5.3198352168877172e-01	   9.3734411972572462e-01	   7.0422053352791592e-01	   8.8415593305851817e-02	   3.4675317842466402e-01	   2.1600918545889347e-01	   4.4188290774813438e-01	   1.7131169383738062e-01	   1.5175988446414851e-01	   3.4382073935764595e-01	   3.6227874973742125e-01	   2.9815203905961896e-01	   4.5961311788873593e-01	   2.4605456756433494e-01	   3.9794149093361320e-01	   5.0335322453723097e-01	   5.7725838557053410e-01	   6.5101333001169148e-01	   5.9167456136034646e-01	   6.0000904737121763e-01	   6.0432800446340285e-01	   4.5012190553283055e-01	   4.6345584537439211e-01	   4.7502820521977007e-01	   4.5832047485033300e-01	   5.5790457337618093e-01	   3.0810756102556952e-01	   7.4257213328035954e-01	   3.7272862894751169e-01	   1.4214698300490342e-01	   2.4741493931832054e-01	   5.4511822280705402e-01	   2.8140764763894294e-01	   8.3516260261828812e-01	   8.3804540768937530e-01	   6.0149901828704100e-01	   6.2328679126719333e-01	   4.1817962055314288e-02	   2.3997917010794423e-01	   1.7122233759774372e-01	   2.8805982343465303e-01	   2.6212393455956839e-01	   4.9528483259347839e-01	   4.9344578658222094e-01	   1.9842501837682042e-01	   4.1414064424543851e-01	   4.8309724010362143e-01	   3.8513845166597505e-01	   3.2845661447200797e-01	   3.7776525194730970e-01	   4.4362350276351065e-01	   7.1360879657157084e-01	   5.0191676316705203e-01	   3.4772569175074880e-01	   4.9742861577444564e-01	   6.2470915989021947e-01	   4.0040389030146573e-01	   4.5337741229403872e-01	   4.7471824307262522e-01	   4.3468893751935944e-01	   4.0767400653459041e-01	  -6.1240560132339965e-02	   1.0881808547045052e-01	  -2.1825832933920302e-02	   2.9120764993078457e-01	   2.2167750269837436e-01	   3.2529455581985639e-01	   3.7576434672334696e-01	   4.0445966851288984e-01	   2.9638338191197605e-01	   2.4683038555342871e-01	  -6.2611290206974354e-02	  -2.0216864108337435e-01	  -3.3831984607727167e-01	  -4.0347133134669966e-01	  -7.8567319011406345e-02	  -2.0328037661378490e-01	  -3.3407039244274411e-01	  -7.7993266384250054e-02	   1.9004876478632856e-02	   1.2599406029667365e-01	  -1.2964777779065917e-01	  -2.3296229202137489e-01	
   5.2588537354547882e-01	   5.7234667548263651e-01	   3.2657572106855448e-01	   5.3551318080670818e-01	   1.2356732032609108e+00	   0.0000000000000000e+00	   2.9246109499255318e-01	   3.9688740958120483e-01	   7.8625938432045450e-01	   1.3140603507141784e+00	   5.9929230736405470e-01	   6.3969710152226822e-01	   4.5806942813647478e-01	   5.6861840798360641e-01	   4.8578505056001720e-01	   6.5040765457418148e-01	   2.1494576907829982e-01	   2.4571317492960240e-01	   3.8649130577832935e-01	   4.7535803852262404e-01	   4.1526665140243857e-01	   6.7075045620744567e-01	   4.2623235823189387e-01	   3.8582884619445762e-01	   6.1792713506020003e-01	   5.3613427055275542e-01	   9.4248320634870875e-01	   1.0461319109367457e+00	   3.9311337466344319e-02	   1.7271271947899847e-01	   1.4117535947026882e-01	   1.7511330081192134e-01	   3.2658463603647953e-01	   3.5701430638651716e-01	   7.7620180675873640e-01	   6.3245349441549981e-01	   8.5825424482995794e-02	   3.9733324367833345e-01	   2.0708227932065162e-01	   4.5485763384467187e-01	   3.5616266225898988e-02	   1.5968013864933642e-01	   3.0516861408928808e-01	   2.9784424292826395e-01	   1.9535877497115928e-01	   3.7214429741239413e-01	   1.7662207832953966e-01	   3.5741384980315288e-01	   5.0058528643431366e-01	   6.3938871205090908e-01	   6.3967182099894837e-01	   6.5286372944961757e-01	   6.0554388673030068e-01	   7.2762118335665982e-01	   4.2011879073564318e-01	   5.6887271003072892e-01	   4.7323155733824895e-01	   4.6039945871977422e-01	   5.7803260155028557e-01	   3.1485431292612681e-01	   6.6006516469707022e-01	   3.3053436613935677e-01	   2.6316421786524830e-03	   1.3969909004550027e-01	   4.0936483493721110e-01	   2.2436118011820741e-01	   6.8419419049008645e-01	   7.8593123130893727e-01	   5.0830182255726075e-01	   5.4105344610584072e-01	  -5.7342740360689072e-02	   2.9057787829980991e-01	  -4.5430275826426822e-02	   2.6473928981129541e-01	   1.2296001724175104e-01	   4.3558637126124533e-01	   3.5178074836940465e-01	   1.1279225421043576e-01	   2.3758040778328993e-01	   4.2099792892924037e-01	   2.8887422150681691e-01	   2.3394562244426020e-01	   2.4785328544996366e-01	   4.2148031010449577e-01	   6.6147324602505331e-01	   5.2696626147614190e-01	   4.6789205975962200e-01	   6.4833946201016268e-01	   5.6213897996066398e-01	   5.6761808104068345e-01	   4.2898963747683466e-01	   4.2264397675352439e-01	   4.5213719616463388e-01	   3.9056139225015701e-01	  -7.8674194565857072e-02	   1.6840877080776387e-01	  -6.5898996070768420e-02	   3.1995892376221896e-01	   1.3248880404758723e-01	   2.7693329097496600e-01	   2.9271657613242241e-01	   2.9512930216234257e-01	   2.8412397316881499e-01	   2.4762454141148449e-01	  -1.5828207560889959e-01	  -2.6343204059589953e-01	  -4.5541511588386480e-01	  -4.7534253021384876e-01	  -3.1840800947374653e-02	  -1.6888062441028021e-01	  -3.8081607815684598e-01	  -1.2543764875802210e-01	  -5.2526538906551470e-02	   8.9155549009674692e-02	  -2.2797813073912027e-01	  -3.5148278281814666e-01	
   9.3175461327680820e-01	   2.5627310018252314e-01	   1.8084663094046278e+00	   9.6824778150158608e-01	   3.2098578845799197e-01	   2.9246109499255318e-01	   0.0000000000000000e+00	   9.9790878408027983e-01	   2.6730584066880003e-01	   4.2204433657087681e-01	   8.9068832154213740e-01	   5.0041254856829842e-01	   1.0324649707674085e+00	   4.8850494922062160e-01	   2.2136368891449021e-01	   3.8862549220960435e-01	   3.0605804567072048e-01	  -6.9061299068925178e-02	   9.2584150227802409e-01	   7.3288734935211131e-01	   2.9267150256053347e-02	   4.0706873129359417e-02	   1.3368209815096788e+00	   1.1369093446608896e+00	   2.3351601453383164e-01	   1.1446178621386432e-01	  -3.5970809876862631e-02	  -1.6450971137571640e-02	   3.0749216737450752e-01	   1.3559827907482716e-01	   2.6759882745608317e-02	   8.2954433754688792e-02	   3.3587783442679353e-01	   3.3063595443642352e-01	   3.7581789232202578e-01	   3.3627357659960228e-01	   3.5548479038107944e-01	   2.4541808146411875e-01	   3.9707558245062491e-01	   2.7866343488069673e-01	   5.2138039027523106e-02	   3.9826411395889431e-02	   9.1243344987532771e-01	   7.7708074207448863e-01	   6.1583639452354133e-01	   7.1115368678117219e-01	   8.1069108126572231e-01	   7.8392647092776935e-01	   6.3158809128697857e-01	   3.7913478808586248e-01	   6.6512774746301895e-01	   4.7360037948688971e-01	   7.7809109595381576e-01	   8.0745830379755323e-01	   6.9141536855819119e-01	   8.1845785644250024e-01	   3.3999208439933370e-01	  -9.6029455880339482e-02	   6.4354061820361907e-02	  -3.6300808749745422e-01	   3.6639442007318140e-01	  -1.4716268927556189e-01	   2.9101705469824348e-02	  -2.5630020235722917e-01	   2.3228122616252367e-01	  -3.0150850710234883e-01	   4.7527532296318598e-01	   4.2005455758689147e-01	   3.7250586865864738e-01	   3.9353358241234604e-01	   1.2766724514182396e-02	  -1.7947815958728203e-01	  -1.8915566038023305e-02	   6.0501789341351107e-02	   1.4862855496017163e-03	   1.9676611977913827e-01	   3.7324849357768647e-01	   1.7060831995726913e-01	   3.5763754962817501e-01	   1.8789484971669121e-01	   2.0882548597616782e-01	   1.1066759684223584e-01	  -8.5118845006550703e-02	   3.5487026163167529e-01	   3.8119057440870902e-01	   3.0980992069595653e-01	   2.6356571252894034e-01	   1.0012700031926425e-01	   5.3338656269006057e-01	   9.9480125794874164e-01	   8.7978363536127091e-01	   8.0940934286063349e-01	   8.0631749003948217e-01	   1.0863511301698070e+00	   5.0850766815671390e-02	   2.4771636739963715e-01	   4.4849439434652270e-02	   6.3651137696829785e-01	   6.0744565222436964e-01	   8.7606890678227656e-01	   3.8955433492430580e-02	   6.9629757500612244e-01	  -2.0966644687716954e-01	   3.7703321462556388e-01	  -1.9035896346588035e-01	  -6.9669124597666957e-02	  -2.9615018299939377e-01	   9.4928416474657815e-02	   1.0454759953974740e-01	  -2.8888313076004223e-02	   7.7991951103245055e-02	   2.0779008138031352e-01	   4.7623121078734321e-01	   1.9556475653305835e-01	  -1.4076383286303251e-01	  -2.9173552374644002e-01	
   5.2022576711608359e-01	   2.6452096884121956e-01	   1.0225715263683401e+00	   1.3147891578736717e+00	   4.4662956953334393e-01	   3.9688740958120483e-01	   9.9790878408027983e-01	   0.0000000000000000e+00	   3.3842414259522691e-01	   6.0878638672179330e-01	   9.7265102232366374e-01	   1.0261116874098217e+00	   1.2279646505706330e+00	   1.1744978012436038e+00	   7.2564086316395515e-01	   9.2048493026125811e-01	   4.7331898650691873e-01	   1.9578076642230968e-01	   8.4167525529349341e-01	   6.9190599807901398e-01	   3.1985771977672106e-01	   2.7081268489219396e-01	   1.2142400068994723e+00	   1.2182429253381388e+00	   6.8639887180116810e-01	   5.9729156533881556e-01	   9.3500295095902131e-02	  -1.4427718857714924e-02	   7.0958954524317785e-01	   6.3118587431069872e-01	   5.2928862468273796e-01	   5.6285390539034919e-01	   6.5123901702296205e-01	   6.5025653666904015e-01	   4.8347926087518239e-01	   4.5625620650216070e-01	   6.6281365897955091e-01	   6.3429577817984939e-01	   7.3980588276983628e-01	   4.9088659785179528e-01	   4.2519975395622966e-01	   4.7216919286764941e-01	   7.0811703600412268e-01	   6.5187228749187642e-01	   4.8147009332850593e-01	   6.5719562770465256e-01	   6.2781055004664044e-01	   7.3198922896818108e-01	   7.0709184999531161e-01	   6.8601717574450460e-01	   9.8131161135204359e-01	   9.6036085982015607e-01	   9.0962989674781636e-01	   7.8933428040872378e-01	   9.5105332331688208e-01	   8.1429404986463061e-01	   1.5169515916663326e-01	  -9.9981244577791815e-03	   1.8377220777246139e-01	   7.5744748989158978e-02	   2.9299430645534075e-01	   2.0859443523784185e-01	   2.9226117129356971e-01	   2.0030726200893539e-01	   1.8329083748204866e-01	  -4.0986474565378609e-03	   5.7280663567135781e-01	   6.2550805761282446e-01	   2.4053655808826355e-01	   3.6373091730913731e-01	   4.1081351499794416e-01	   2.9015566987970765e-01	   4.1280901685890403e-01	   5.2730520585904916e-01	   4.2474607672095110e-01	   5.0653502985957788e-01	   5.4911938997529419e-01	   3.6976961130135655e-01	   5.6008853582937901e-01	   3.6483852070382322e-01	   5.1067497011190566e-01	   4.7633662890041861e-01	   3.2228486519919475e-01	   7.0313851650865178e-01	   6.5481529743392630e-01	   5.3217398297496976e-01	   5.3816274379718620e-01	   1.6825262047242034e-01	   8.9749488269610178e-01	   5.6834693078907994e-01	   1.0480481212853920e+00	   8.5210910407257212e-01	   1.0256092243626849e+00	   7.6485187403498023e-01	   3.5317655605510045e-01	   4.3264427552336782e-01	   3.0503730500221382e-01	   5.9939848274121421e-01	   7.3517498884463994e-01	   8.4401055124722668e-01	   4.2010638853628218e-01	   6.7173259375947103e-01	   2.0043925513393199e-01	   4.8088663193205439e-01	   2.0950296657065784e-01	   1.6803677691001903e-01	  -6.8052997488608269e-02	   1.6396089356543855e-01	   2.6398405675101794e-01	   2.3964269865052182e-01	   1.5008993188782199e-01	   3.8398118606995513e-01	   7.2270213756357260e-01	   5.4935032001046069e-01	   2.4152799337220471e-01	   8.6617837536123690e-02	
   3.5421303081245725e-01	   3.7029709314222620e-01	   3.0511015264153651e-01	   4.4907750664819801e-01	   1.3566201369234123e+00	   7.8625938432045450e-01	   2.6730584066880003e-01	   3.3842414259522691e-01	   0.0000000000000000e+00	   8.0152606422992034e-01	   6.3340011901483639e-01	   5.3344735781130159e-01	   4.4888804454150921e-01	   4.5630763537214775e-01	   5.8731952926163478e-01	   5.7446453324117763e-01	   3.5622815230297011e-01	   2.6766455858006377e-01	   3.0674240450128376e-01	   2.8847805924756809e-01	   4.7596823167122593e-01	   5.0166047655657831e-01	   4.4755883546411585e-01	   3.4747619761393045e-01	   7.5436123346139428e-01	   5.1829451409655092e-01	   6.5341200205156102e-01	   5.0221073131068716e-01	   3.6336961789072508e-01	   2.3404827450946836e-01	   2.9293829282019584e-01	   3.1975151115675832e-01	   3.6124868347989125e-01	   3.6863087468428773e-01	   6.8336509498273368e-01	   4.6901988603808192e-01	   9.1558199677750612e-02	   2.5334152248241970e-01	   3.7321966445446504e-02	   3.0628262749034846e-01	   2.9266518787963952e-01	   1.4342115756455281e-01	   3.0854676506702144e-01	   3.3490898003915720e-01	   1.8036484953135815e-01	   3.4172970022707588e-01	   2.3144409258955601e-01	   3.4634759015478528e-01	   2.8915722437352842e-01	   3.4718519759924604e-01	   5.5903506848269346e-01	   4.5240975522148008e-01	   4.9272403463251502e-01	   5.1413260784559989e-01	   2.7084009834068079e-01	   3.3639120409143719e-01	   2.2840379346554149e-01	   1.8893358146597219e-01	   9.9918316387237388e-02	  -2.0939108136457333e-02	   4.1584492938134732e-01	   1.5352738653033496e-01	   2.8283713889397467e-02	   1.1833716948834830e-01	   4.4238119643527118e-01	   1.3919062344867916e-01	   4.3146953977392999e-01	   4.8600308581460694e-01	   3.4011065597509066e-01	   3.5932161922181516e-01	   1.6651597909381732e-01	   2.8366862440751045e-01	   2.4032546262840276e-01	   2.2132265988739497e-01	   1.8414956809900085e-01	   3.1859566206065054e-01	   4.3448723053936184e-01	   1.1879468280868441e-01	   5.0431707778437795e-01	   5.1994150162622776e-01	   4.4644673564143150e-01	   4.3144282506971104e-01	   4.0770560668490791e-01	   4.2861130098115957e-01	   5.4696209618362857e-01	   3.9750674241310047e-01	   1.1187728063118910e-01	   3.9559254298637325e-01	   3.2025942889718534e-01	   2.2997763990574327e-01	   3.3464637031648664e-01	   3.4026353176909291e-01	   2.8835816498650702e-01	   2.9327438999594913e-01	  -8.2158379843840015e-02	  -1.2003918727608420e-02	  -1.0993534868595425e-01	   1.2567931848324632e-01	   9.3622986171277123e-02	   2.1298877267668767e-01	   2.2380304440781718e-01	   2.2336646924072945e-01	   1.4861090578332606e-01	   7.7808146112909773e-02	  -2.3330670587868314e-02	  -8.1142878045266820e-02	  -3.1382630925097782e-01	  -2.3953890528584904e-01	  -1.7129920074754498e-01	  -2.4715223458559410e-01	  -2.8786744550293397e-01	  -1.6921209607489693e-01	  -7.5607789618822960e-02	   2.0744527010938141e-03	  -9.8822663235090882e-02	  -1.9097203256173256e-01	
   4.6436026776702388e-01	   4.5916707986618188e-01	   3.7193129599811159e-01	   5.5473876417985479e-01	   1.0448950029538988e+00	   1.3140603507141784e+00	   4.2204433657087681e-01	   6.0878638672179330e-01	   8.0152606422992034e-01	   0.0000000000000000e+00	   6.4760026341543364e-01	   8.3274850338748252e-01	   6.0677783138545893e-01	   6.9942758263881999e-01	   5.8604256346949168e-01	   7.4332637697518356e-01	   1.7380237029352127e-01	   1.7060991787001561e-01	   3.4697726356374675e-01	   3.4499068436245012e-01	   3.6849495078129624e-01	   4.6764927089640129e-01	   4.9042232797932611e-01	   4.9648659708215115e-01	   5.7249079665492109e-01	   4.7194917905359690e-01	   7.3665257462275902e-01	   6.2705969115252147e-01	   1.5611967155520901e-01	   1.9951639530102594e-01	   1.8341874015009121e-01	   2.1955752449542554e-01	   3.2272339728012700e-01	   3.3507885237324408e-01	   6.2001659163033629e-01	   5.9246079952642150e-01	   1.7594108726154112e-01	   4.9065771778753398e-01	   3.6955084303292046e-01	   5.7838777589558699e-01	   4.6389989753410681e-02	   1.8542787177322020e-01	   3.8979345345489874e-01	   3.8921640424156739e-01	   2.6473361251256128e-01	   4.4117309675324368e-01	   2.9650134044844689e-01	   4.6748777569166733e-01	   5.9535328498853235e-01	   7.4668025062280585e-01	   7.9476579264493696e-01	   8.6504448636368569e-01	   7.6735992925971819e-01	   7.9991653152265207e-01	   5.8569031472263267e-01	   7.3546182374711977e-01	   3.0980687041015703e-01	   3.1139917685866170e-01	   5.1734733217537521e-01	   2.8408024019505945e-01	   6.5101793494767124e-01	   4.4429446760335478e-01	  -8.1469091792263776e-02	   8.3312663722970540e-02	   4.2263221806184370e-01	   2.7646248936934859e-01	   5.7041868523024641e-01	   6.7134495648815862e-01	   3.3572329019099695e-01	   3.7735836429514880e-01	   6.5943178445116764e-03	   2.0204067348892160e-01	   1.1967095184126315e-02	   2.6067594133641075e-01	   2.0530392204584164e-01	   4.7950704970409502e-01	   3.2848673300790310e-01	   5.3403025603884137e-02	   2.7177461056350044e-01	   3.3389132182851655e-01	   2.1138277693178525e-01	   1.9609624790148389e-01	   2.6982481581843654e-01	   3.9695392065173879e-01	   5.7466199338163526e-01	   4.5320197162431125e-01	   3.9753638499223531e-01	   4.1788305953883770e-01	   6.7978900774247175e-01	   6.0693102696729551e-01	   5.5116188119270149e-01	   5.3343272555406629e-01	   4.7306350988188750e-01	   4.3016744598223505e-01	  -5.0190756779174478e-02	   1.8696771627472145e-01	  -3.5996416086407988e-02	   3.6912715465276369e-01	   2.6060751141287858e-01	   4.3320056903387039e-01	   3.6727892890806413e-01	   3.5203261544244874e-01	   2.2097409019097619e-01	   1.7913970006255953e-01	  -5.3823448634064658e-02	  -1.7790023099488259e-01	  -3.0534916284883340e-01	  -2.1668030910811287e-01	   9.6204812635796964e-03	  -1.5976689499245406e-01	  -4.1744540924634621e-01	  -1.3175499386141254e-01	   6.1483657235944698e-02	   1.4054799034207585e-01	  -7.8561561024767801e-02	  -1.3834865054460119e-01	
   9.3827082421560781e-01	   5.8904588946835945e-01	   9.0954822420408377e-01	   1.0225205217826723e+00	   7.6612522052621979e-01	   5.9929230736405470e-01	   8.9068832154213740e-01	   9.7265102232366374e-01	   6.3340011901483639e-01	   6.4760026341543364e-01	   0.0000000000000000e+00	   1.0564406364341454e+00	   1.6415593974350926e+00	   9.2062220305560405e-01	   8.9473036091516511e-01	   7.8651662697392977e-01	   5.0246278762492969e-01	   2.8583687716414757e-01	   1.1659964876401627e+00	   9.6690280916609517e-01	   2.9791195159349620e-01	   3.5944693862976707e-01	   1.1270943562346132e+00	   8.5935504573434041e-01	   6.9747084264145343e-01	   4.6019426904730576e-01	   2.1461988336827850e-01	   1.5361092940755022e-01	   5.2281981819889578e-01	   3.6295025506732581e-01	   3.3436117180191460e-01	   3.7275255525765105e-01	   6.0526660212578076e-01	   6.1983990603038319e-01	   7.9968479825670968e-01	   5.3791757639647797e-01	   3.4915066074772128e-01	   3.7277761270038534e-01	   3.9969995620987037e-01	   3.4816464059632651e-01	   2.5740901668386235e-01	   2.2372584008366841e-01	   9.0585232193667131e-01	   8.5327397770635982e-01	   7.2208342177317020e-01	   8.2095654702903198e-01	   7.3908960348853248e-01	   8.3682970482065655e-01	   8.0347798435477313e-01	   6.0290186796175527e-01	   8.2320272720993271e-01	   6.6222405258674422e-01	   9.7026590161175419e-01	   7.5791788179683484e-01	   7.8062910173798294e-01	   6.5566469388103765e-01	   4.2831990048367491e-01	   2.4097741557504887e-01	   3.1653005209522284e-01	   4.8638627107340619e-02	   6.4440195211435902e-01	   2.4359912065059239e-01	   2.1013672162985000e-01	   1.5171081587064547e-01	   5.6688660270291558e-01	   1.5018632357044079e-01	   7.4140333764699018e-01	   6.8848884876138339e-01	   6.2196636189034482e-01	   5.8331335768680670e-01	   1.4554938157988750e-01	   1.2525652210844473e-01	   3.1364199733294246e-01	   3.3188050817398007e-01	   3.3872311738770799e-01	   4.2903005452976961e-01	   5.3722640472935834e-01	   2.5261165853629663e-01	   5.1012005418336204e-01	   4.7086367220448344e-01	   4.9114326153388127e-01	   3.9287112933311819e-01	   2.8877030911733576e-01	   5.1199342321005037e-01	   9.1367073120020526e-01	   5.8917994442591159e-01	   5.5451341583619096e-01	   4.0194534636866258e-01	   9.4666901034842610e-01	   6.5555455803762153e-01	   7.3225608974959644e-01	   6.8293030054051851e-01	   7.1046206921841748e-01	   6.7309307572314203e-01	   7.2322144545186123e-02	   1.5351453536590715e-01	   1.3573657070097289e-01	   5.2331387193797663e-01	   6.0355269012078183e-01	   6.8142756908635538e-01	   1.4934512435118533e-01	   5.8702900750674281e-01	   8.0207429669818892e-02	   3.7474960808626162e-01	  -3.7467702783564115e-02	  -9.0937419397012255e-03	  -2.7161403831359576e-01	  -3.3085144090737456e-02	   4.8351321971896434e-02	  -7.1363315773515137e-02	   1.3579844044665430e-02	   2.5329756209825860e-01	   4.1487756215633265e-01	   2.3994034400690578e-01	  -7.8948720421517002e-02	  -1.6395099818213177e-01	
   4.0975104630090065e-01	   3.7082662727881793e-01	   5.0225911999896788e-01	   8.2012043898170839e-01	   6.4585570553056737e-01	   6.3969710152226822e-01	   5.0041254856829842e-01	   1.0261116874098217e+00	   5.3344735781130159e-01	   8.3274850338748252e-01	   1.0564406364341454e+00	   0.0000000000000000e+00	   1.0850942934002217e+00	   1.4995405142340152e+00	   1.0119667777530832e+00	   1.1930819406541939e+00	   4.1621390374020639e-01	   3.7367307863575172e-01	   6.5390686288773414e-01	   5.8004997709598660e-01	   3.0265561472150510e-01	   2.9926920849892868e-01	   7.1599044593395833e-01	   7.4921077193083996e-01	   7.7018298086457293e-01	   6.5511182391266187e-01	   3.0175868059795879e-01	   1.5733397540723884e-01	   6.7765023288212944e-01	   7.4248354703618313e-01	   5.7506424392194355e-01	   6.1102328986761267e-01	   6.2639330599485055e-01	   6.8820513763743774e-01	   6.1454533036246772e-01	   5.4710956341845129e-01	   3.5067575252696498e-01	   5.7668281692577894e-01	   3.9891301370707383e-01	   3.9382668065982812e-01	   3.1911000073998719e-01	   3.0171647897068948e-01	   3.9500357217973292e-01	   3.7484170156539770e-01	   2.7532838292696343e-01	   4.0136181973883123e-01	   2.8812287269650017e-01	   4.2655363191958418e-01	   5.1079773505394366e-01	   5.6050122068181141e-01	   7.5318782491736902e-01	   8.1352569895740723e-01	   7.6927598356640425e-01	   6.3736309122823465e-01	   6.1585201185420801e-01	   5.4973825232188789e-01	   1.8072915446045232e-01	   1.8081173681449253e-01	   3.4089301268435213e-01	   2.7081048845468225e-01	   5.5831654689148125e-01	   5.7153190368339091e-01	   3.7431496239605178e-01	   4.9511315107056753e-01	   4.2085544676970665e-01	   3.7978474143772689e-01	   5.2003321424763960e-01	   5.9644839936580363e-01	   3.0212206840076483e-01	   3.6509306716666545e-01	   2.9001819249978700e-01	   4.3379972482860141e-01	   4.1365180748072489e-01	   6.1812678228295448e-01	   5.0977581267340988e-01	   6.0457154858095463e-01	   5.5325908446958338e-01	   3.4895969797388682e-01	   4.8560686171747414e-01	   5.0165768768985930e-01	   5.5718215484911870e-01	   5.8457430250736231e-01	   4.3630285924969597e-01	   6.2132133615856755e-01	   8.8533253378779619e-01	   7.4756240449437139e-01	   5.3410229598077175e-01	   3.5684187504814185e-01	   8.7262963507741176e-01	   4.7057253871088756e-01	   5.3382302980863694e-01	   4.5672932838541402e-01	   5.8302821194567100e-01	   3.9174495841936996e-01	   1.3096059924401982e-01	   2.2680947219119166e-01	   1.2582515227896843e-01	   3.4643263057521334e-01	   3.3577088704815156e-01	   3.6617683080430302e-01	   3.0683102504917320e-01	   3.6730105157534204e-01	   2.3464191855564415e-01	   3.1091700675269779e-01	   1.3293799436298354e-01	   7.0659622601809705e-02	  -1.4849787566744918e-01	  -2.4307669116062240e-02	   1.6539963778139304e-02	   7.5958336645892632e-02	  -1.2006675960341420e-01	   1.4040356557889505e-01	   3.1790094720584139e-01	   3.0801025328477694e-01	   9.2265003794204922e-02	   1.2309802000380052e-02	
   7.6378874041336620e-01	   3.8630193200865148e-01	   9.3980544632365226e-01	   9.3512983509507808e-01	   5.4091354444032402e-01	   4.5806942813647478e-01	   1.0324649707674085e+00	   1.2279646505706330e+00	   4.4888804454150921e-01	   6.0677783138545893e-01	   1.6415593974350926e+00	   1.0850942934002217e+00	   0.0000000000000000e+00	   9.7995416410292346e-01	   8.2914949805765281e-01	   7.9732840746047962e-01	   3.6826146614316568e-01	   1.3188408531075649e-01	   9.6708544396051110e-01	   7.2428376092961722e-01	   1.7925330747057983e-01	   2.0867479797636751e-01	   1.2098443135002579e+00	   9.3751099819701633e-01	   6.2572974127199954e-01	   4.1781169491017517e-01	   1.0757868135412313e-01	   3.7202090946310114e-02	   5.5612328967882274e-01	   3.6805157899027874e-01	   4.1087723570533080e-01	   4.4647241961847833e-01	   5.0286892434256858e-01	   4.8994624577380624e-01	   5.5811121812831044e-01	   3.5766508484372667e-01	   4.3756445542115130e-01	   3.7300211274158201e-01	   4.7867652793083282e-01	   3.3405307276860702e-01	   3.0211765552584902e-01	   2.4312943933969611e-01	   8.7515664798296933e-01	   7.6976799845571064e-01	   7.0494910677228118e-01	   7.2309266357330815e-01	   7.0667805924419635e-01	   7.3675008719462987e-01	   8.4191494525605071e-01	   6.2215151947888547e-01	   7.9449965793160182e-01	   6.5931308784025311e-01	   8.5320461322611429e-01	   6.3797110245353017e-01	   7.6257293401328519e-01	   6.0416804559964288e-01	   2.4206301619170725e-01	   8.5867537675087521e-02	   2.8822552419484615e-01	   5.1927458083445961e-02	   5.5334642940448708e-01	   2.6686118652156565e-01	   1.5792674068782878e-01	   8.4487154244933971e-02	   5.0316864728826238e-01	   1.7241380596119082e-01	   5.6827891981279355e-01	   5.1922118879877033e-01	   3.5196752022172562e-01	   3.3391642718858927e-01	   1.7540160592304915e-01	   1.5128405223969479e-01	   2.8999972593790535e-01	   2.8902048187123669e-01	   2.5796486877306446e-01	   3.1795211774578158e-01	   4.2337084517325840e-01	   1.5001777715115794e-01	   4.0048014861201253e-01	   2.9223012287395483e-01	   4.0641141719960860e-01	   3.1488003176990015e-01	   2.2949735510843244e-01	   4.8283762185076740e-01	   7.5823363753739115e-01	   4.6716599158853689e-01	   4.8086149690590685e-01	   2.1539975015818774e-01	   8.7118559722825040e-01	   6.0732821258652259e-01	   7.5486205246022886e-01	   6.6909266511629928e-01	   7.3695204542234216e-01	   6.8275512220199941e-01	   2.0857755933714089e-01	   2.7536570752469658e-01	   1.7538510892560161e-01	   5.2346679733971258e-01	   6.4654666967789054e-01	   7.0087316945558131e-01	   1.8243734390392685e-01	   6.4400951000798090e-01	   9.0733562081068767e-02	   4.1106580617972605e-01	   6.8743012322384320e-02	   1.0907360967762439e-01	  -1.7892457057450403e-01	   1.2983126431368219e-01	   1.9966430309888999e-01	   6.2103147557228094e-02	   5.2190955611205375e-02	   3.0862068883211036e-01	   5.1366539061910321e-01	   3.0384890579886098e-01	   5.7313148131153964e-02	  -1.5798376150116672e-02	
