   0.0000000000000000e+00	   1.2015134566601204e+00	   6.9426097639677142e-01	   5.5777978217699042e-01	  -3.6918303798930491e-02	   1.7677134873357533e-01	   4.5604196600435298e-01	   3.7750552361427264e-01	  -1.4763382832961908e-01	   6.5609698017145158e-03	   7.4543687724791463e-01	   2.6149822638440073e-01	   6.4559322565409882e-01	   3.1203009809830951e-01	   1.1837753304747969e-01	   8.7498300879767232e-02	   4.7298203965133184e-01	   4.4529874929162538e-01	   7.0997148306171054e-01	   7.1557126059429510e-01	  -1.9765436254389868e-02	  -4.0253574249945877e-02	   4.1192069593402630e-01	   4.7199835134978885e-01	   1.4346618848553583e-01	   2.6218464222913129e-01	   2.9960048473938217e-01	   2.4855438562724408e-01	   3.5506556139901685e-01	   8.8421571552854725e-02	   3.5228856021899971e-02	   1.6682358257392188e-01	   1.4184812592698409e-01	   7.2209335436316066e-02	  -2.6092403803766440e-01	  -1.5444544830468035e-01	   3.2237638098505073e-01	   2.0742653437808606e-01	   2.2666907341914827e-01	   5.0311782671177774e-01	   1.0027499534866005e-01	   2.6724547972081547e-01	   3.6112660820443632e-01	   5.2036193408706399e-01	   5.6897250644056485e-01	   6.3868876350999204e-01	   3.7940067209281125e-01	   5.5665170506052597e-01	   7.5671977930858569e-01	   7.2655556817328271e-01	   5.0507707709871918e-01	   5.6171238770738230e-01	   4.4941720870500146e-01	   2.4809867032983818e-01	   3.7876183829420651e-01	   5.8883211669332014e-01	   1.3360109692115845e+00	   1.0094364918977892e+00	   1.1288486322141509e+00	   1.0527661434780102e+00	   5.2646852188558779e-01	   5.8170744044486933e-01	   3.4606406841449261e-01	  -2.8254751515383567e-02	  -3.4176535115663931e-02	   1.9781205235252697e-01	   4.0743697568097181e-01	   4.1806266122898905e-01	   1.0572280214036394e+00	   8.4000671781389147e-01	  -1.8382176383756033e-01	  -1.8958781575251585e-01	  -2.0559796202980954e-01	  -1.8664713405131389e-01	  -3.3753389234112979e-01	  -1.2435639034584144e-01	  -9.2362873391801603e-02	  -1.9804743109254200e-01	   5.0008472301477025e-01	   3.9131779833820113e-01	   5.3697615013712174e-01	   3.4205862483892546e-01	   3.3919922246368406e-01	   4.0910881373592695e-01	   2.1725885342623688e-01	   3.9082110489960559e-01	   2.2430625605443216e-01	   3.7351730768604452e-01	   2.2975333440970697e-01	   3.2304996072440451e-01	  -2.5518089502109287e-01	  -3.5965951119398820e-01	  -1.6605927168216875e-01	  -4.2516186905072959e-02	   4.5295711343760769e-01	   1.2424137833675737e-01	   4.4746183787604360e-01	   5.0888168987681504e-01	   2.2466994582546196e-02	   6.5012694469640100e-02	   2.3917157034052161e-01	   1.2337364555105906e-01	   4.2951915799039497e-01	   2.8097073472135370e-01	   1.1862885338594270e-01	   4.6206857100424421e-04	   3.0586305445988343e-01	   5.6406121208875004e-01	   2.5395343655945224e-01	   2.5620832036145613e-01	   4.1833026393663114e-01	   3.9832565165496858e-01	   3.8685705968571092e-02	   1.4256209256401664e-01	  -3.4938914569281804e-02	  -1.6708383873728141e-01	
   1.2015134566601204e+00	   0.0000000000000000e+00	   2.9469990828461673e-01	   3.5417736113046527e-01	   4.3324777469487971e-02	   3.2301063327767965e-01	   1.9410472807858797e-01	   2.9562308336707249e-01	  -9.1686403558793261e-02	   1.5079263835134149e-01	   5.0404632130233484e-01	   3.9967504600245984e-01	   2.7447065484439137e-01	   3.6516496812983834e-01	  -4.7004914658421007e-02	   1.0169752973568133e-01	   7.5999393893485556e-01	   7.6847121844838262e-01	   7.2046903295137665e-01	   9.5288432546147495e-01	  -9.1115773031881758e-02	  -1.2366302531236878e-01	   3.4710111117895147e-02	   1.8784524492680493e-01	   1.3472518514496051e-01	   3.3444005971980201e-01	   4.0532972451026905e-01	   5.0197685738443165e-01	   4.7448404049233278e-01	   1.6776574591241505e-01	   1.5179581560025067e-02	   5.0858125111918784e-02	   1.9180032304615603e-02	   2.3333452473957558e-02	  -4.2030774195074616e-01	  -1.9981555281461025e-01	   9.0906842002355853e-02	   1.0695290179352926e-03	   3.1612782173374737e-02	   2.5283836085059908e-01	  -9.0263270031253215e-02	   9.1340323744152810e-02	   2.8696499846597207e-01	   4.5985506835153067e-01	   5.3283882309880481e-01	   6.5663082162378583e-01	   4.1494573647763799e-01	   5.3908255743203171e-01	   6.8727455469466070e-01	   7.6078816688122908e-01	   3.7350420324098660e-01	   4.3676211490618683e-01	   2.3962123238018362e-01	   1.1108926442977338e-01	   2.8769333907337297e-01	   5.3460657258625055e-01	   1.6238406048383975e+00	   1.6600806762606308e+00	   8.8389481565413763e-01	   8.4340332638858029e-01	   5.5494479284460096e-01	   4.9649944955004277e-01	   6.0044844644770146e-01	   2.1701908820972290e-01	  -2.5936058258316536e-01	  -2.8857614462895618e-02	   1.6251027546477215e-01	   2.7325565685729097e-01	   9.3837747337200694e-01	   1.0174170243222713e+00	  -3.0049654838779083e-01	  -1.7349291645625134e-01	  -1.9591099473894641e-01	  -8.7359997245432287e-03	  -2.9477173900351972e-01	   9.2584020584678042e-03	  -6.4290302253429951e-02	  -6.3946066338300731e-02	   7.3657631976402849e-01	   6.4305678298726665e-01	   4.4576383860635610e-01	   4.4395700672896560e-01	   7.3903069480331082e-02	   1.5874851743700930e-01	  -7.2784991241743174e-02	   3.3991661584070193e-01	   3.0995909417406951e-03	   1.4148115992341498e-01	   6.4013574265186030e-02	   3.2524223594635882e-01	  -3.8365830596719253e-01	  -3.9443640921403117e-01	  -2.3289571596053985e-01	  -5.7255966045384136e-03	   5.6489684148750874e-01	   3.9001193628477876e-01	   5.1393340485046279e-01	   5.7917317189633433e-01	  -7.2278194061909398e-02	  -6.1575319123665755e-02	   2.2242509433914848e-01	   2.0913522039678861e-01	   4.7502490382614959e-01	   3.6940074017910213e-01	  -8.5602042627750535e-02	  -1.8233346689582841e-01	   1.3141227436667893e-01	   4.3947137371691558e-01	   3.5682575012397899e-01	   3.8184240122953805e-01	   3.7079647227164719e-01	   3.1087734866853134e-01	   6.3115952516791723e-02	   1.2177009048687851e-01	  -1.6361659473185566e-01	  -2.7453251843175785e-01	
   6.9426097639677142e-01	   2.9469990828461673e-01	   0.0000000000000000e+00	   1.1831750285571956e+00	   1.9468267162650765e-01	   2.2530717745107637e-01	   1.0893025381832286e+00	   9.5775895571023528e-01	   1.8810014697780497e-01	   2.1644213728425571e-01	   1.9398396267945991e-01	   1.9421850342990343e-01	   4.7877688045880906e-01	   2.6012574317343107e-01	   3.5607356170404086e-01	   3.3860384909986674e-01	  -1.5182465985895380e-02	   2.8224111596880021e-02	   5.8792311153228283e-01	   4.7080482350606817e-01	   2.4719774469533173e-01	   2.9666874829827811e-01	   7.3971228177202508e-01	   6.3794084783142202e-01	   3.1305950366304081e-01	   2.5586379773827661e-01	   3.5955132968594172e-01	   2.5173040568643840e-01	   5.2455306427764692e-02	   2.5110937288706653e-01	   2.6432161478036709e-01	   4.0434370692776778e-01	   4.8812488136714022e-01	   5.1559333716264999e-01	   6.0225429729473715e-02	  -5.9433157610413430e-03	   4.8499504486827316e-01	   4.5229011593514107e-01	   5.1183982345133117e-01	   5.9588054383090849e-01	   3.5363014835258194e-01	   4.2272109363163529e-02	   2.8040613070150550e-01	   4.0888524924583802e-01	   3.5479575003808556e-01	   3.4006007332967736e-01	   2.4789432311406934e-01	   3.6310538667727238e-01	   3.8869777743473494e-01	   3.6100995641683736e-01	   4.1575566847289119e-01	   3.4710476516813349e-01	   4.8088791260745956e-01	   3.3945209290523159e-01	   5.7903811109954806e-01	   5.1623447992586757e-01	   3.0082046673020824e-01	   2.0482393670796722e-01	   6.3955962358001339e-01	   7.5363634097335530e-01	   3.8187247061455371e-01	   5.0387311054818951e-01	  -5.7760225977127912e-02	  -6.4723199870692971e-02	   2.9090905576226123e-01	   4.6679865101568602e-01	   7.7249219184522544e-01	   5.9207114754117907e-01	   5.9917172125925711e-01	   4.7054386366658102e-01	   2.6241517665315223e-01	   2.5795655162177877e-01	   1.2191084794873749e-01	   7.2806795653134332e-02	  -6.4105640087676288e-02	  -2.5855486851588960e-02	   3.7102792543030749e-01	   2.1926935446427429e-01	   3.5513441530793244e-01	   2.9020718884542085e-01	   5.3343502598354475e-01	   3.2966291105441015e-01	   6.5916361822723857e-01	   5.0232511076222641e-01	   6.3295277543099959e-01	   4.6983191767878418e-01	   4.0440916291529794e-01	   3.9119052215953709e-01	   6.3621984907061890e-01	   3.0113973101135855e-01	   2.9133402683945669e-01	  -4.3864001581798611e-03	   2.1520628093571320e-01	   8.4518530520801050e-02	   1.8749597728557460e-01	  -6.4688640966042169e-02	   4.9959810597326282e-01	   5.2986671088943693e-01	   5.0778733731810344e-01	   4.9636972027489146e-01	   3.5188992976319217e-01	   7.7210471850074291e-02	   3.8221002492772338e-01	   1.7409239925594036e-01	   4.8475498061309447e-01	   4.8330833010847918e-01	   7.2146935298938508e-01	   4.7473282009982232e-01	   1.5322385319978044e-01	   8.1154316425778958e-02	   4.8615721600876671e-01	   5.4557157355096186e-01	   2.3390760437436792e-01	   3.4839045632783822e-01	   2.4655535520168972e-01	   2.9166375308700948e-01	
   5.5777978217699042e-01	   3.5417736113046527e-01	   1.1831750285571956e+00	   0.0000000000000000e+00	   6.0775438097939623e-02	   4.2389664154793705e-01	   1.2606428613484646e+00	   1.6436551280010345e+00	   1.9647562181055703e-01	   4.6898980278282010e-01	   1.5727879837076170e-01	   3.5933652920299902e-01	   4.1082571068633428e-01	   3.5062983206571502e-01	   2.5294587443843869e-01	   4.3677325339043954e-01	   7.3862146800116102e-02	   7.3022876364072203e-02	   5.8621919041159176e-01	   5.4288295912222506e-01	   1.3587638707136263e-01	   2.4416133267027729e-01	   5.3290824897335098e-01	   5.2479696987342228e-01	   1.1518760991455573e-01	   1.9261012006257450e-01	   2.1908988601779117e-01	   2.9413120702887302e-01	   1.0601554958159187e-01	   3.4689148409585085e-01	   2.4574803852949662e-01	   4.2725458219060530e-01	   2.8975077217200901e-01	   4.0045296594993951e-01	  -5.9024959597837774e-02	  -6.5323090887185561e-02	   1.9707750940098065e-01	   2.8834862190786004e-01	   3.2260656351611522e-01	   5.7133238920565810e-01	   1.5783000544285897e-01	   1.6567080442911108e-02	   1.7456617875538327e-01	   3.3844280161785290e-01	   2.1969220175420923e-01	   2.3357336713212953e-01	   1.2155744996717698e-01	   2.5595911182810305e-01	   2.9841756237380951e-01	   3.5138326206585196e-01	   2.9086601367985315e-01	   3.3488666253827160e-01	   3.4561950254186219e-01	   3.9335999759848411e-01	   4.5800661968118339e-01	   3.9138045197516624e-01	   2.7378284715437351e-01	   2.3021643482817772e-01	   7.1358172304321565e-01	   7.5805036763336031e-01	   5.3109053898302949e-01	   6.7932378965515339e-01	   6.8740800991193396e-02	   2.0437104920056090e-01	   1.6949258441465564e-01	   4.9415782520857088e-01	   6.0796372370676033e-01	   4.9487781112515361e-01	   4.6755957173342927e-01	   4.8592685748381897e-01	   1.5729496524653933e-01	   2.5420976162350306e-01	   6.5873969822603925e-03	   1.0391542748648311e-01	   2.7340580034460042e-02	   1.3525683349869456e-02	   3.0073149534920751e-01	   2.8395755869102030e-01	   3.6404406865309036e-01	   3.7534096318236138e-01	   3.6143177230899909e-01	   3.6570829096989393e-01	   5.6617526741143109e-01	   4.9401974768263468e-01	   2.7501852930228865e-01	   6.0841504224682341e-01	   3.1562673675104902e-01	   4.6917358008328858e-01	   4.8105100698876235e-01	   4.9967481255134905e-01	   2.8522016770310610e-01	   1.0405458422378841e-01	   2.5149328252256775e-01	   2.5519463967265948e-01	   7.2672446376072050e-02	  -6.3183883498757351e-02	   2.7908681669767743e-01	   4.6413348302697610e-01	   4.5121362077461424e-01	   4.2230636985664533e-01	   4.2211930052378654e-01	   3.3583104461956614e-01	   4.6994953774625103e-01	   4.4456531291967744e-01	   5.0744463466113288e-01	   4.5786457942296077e-01	   6.5981233257437122e-01	   6.0396533481227532e-01	   1.3126882571134568e-01	  -1.6994081783443582e-02	   2.6472557854103995e-01	   3.4481891869830483e-01	   2.6165780348638135e-01	   2.7252074564925599e-01	   1.0419229490341515e-01	   1.7524641984306061e-01	
  -3.6918303798930491e-02	   4.3324777469487971e-02	   1.9468267162650765e-01	   6.0775438097939623e-02	   0.0000000000000000e+00	   8.0107247667811310e-01	   6.4952362486593612e-02	   1.4717572157768594e-01	   1.1286155394782844e+00	   7.5012971710928056e-01	  -2.6377779717945971e-01	   2.2282687659701758e-01	  -2.4154363390702530e-01	   2.2940314219464641e-01	   6.8339135133461903e-01	   5.6852400521989854e-01	   1.0733000550296870e-01	   2.5306211039804888e-01	   2.7576489519015546e-01	   4.6156037148288820e-01	   5.1925405167725758e-01	   6.4871543235888574e-01	  -2.0869220737160421e-01	  -2.7434486305502181e-01	   1.3336522523314573e+00	   9.8620009670025444e-01	   1.0195356550437054e+00	   8.8549597280876169e-01	   1.3778324431228212e-01	   3.6755149832106954e-01	   5.3187796295922862e-01	   2.5514774716168609e-01	   8.3024965468323650e-02	   1.7186378626147164e-01	  -2.9477864889238825e-01	  -2.1747615176187840e-01	   3.2666302065884467e-01	   1.5758136225878341e-01	   6.8489521399445988e-02	  -3.3329325714530941e-02	   3.3178719547994295e-01	  -1.7139097254091770e-01	  -7.5601218356455099e-02	   5.6907325903224448e-02	   2.8981918811097840e-01	   1.1953088973507971e-01	   1.2303763755730851e-01	   2.2281801958332992e-01	   2.3186169327632850e-01	   1.9149367076571472e-01	   1.5226165293883459e-01	   1.3118846079087412e-01	  -8.0797637600156028e-02	   4.5128966984910389e-02	   4.0601236932619472e-01	   2.6386939561272510e-01	   8.9610660542698506e-02	   1.5532087494360092e-01	   5.8790152516487997e-02	   1.7892183326556260e-01	   2.3753162157445242e-02	  -3.1181955158053209e-01	   2.4517173340939316e-01	   2.9191925553268067e-01	  -3.0002827753985883e-01	  -4.4203117000479608e-01	   7.8061166451405692e-02	   7.8833987948219275e-02	   2.5149482333835921e-01	   3.9495440721998443e-01	   4.9759211458127628e-01	   6.6815012444800859e-01	   4.5617689897461211e-01	   5.3742623815578860e-01	   2.4804984292782856e-01	   1.8977434760847267e-01	   3.9554186428492499e-01	   3.7072152893040711e-01	   2.9534395065608388e-01	   2.0183630119021440e-01	   1.6999992379932660e-01	   3.6255549670390025e-01	   1.9753710406458216e-01	  -2.5229525670422603e-01	   1.8593823746641175e-01	   1.0016063504442822e-01	   2.5807651309607896e-02	  -1.5274052248775202e-01	   4.3304090006413731e-01	   5.6024499611660186e-02	   1.5101751493056720e-01	  -1.8430514930055919e-01	  -8.0024274115275004e-02	  -3.2697321886005232e-01	  -9.1521745158396089e-02	  -1.3231131028730997e-01	   3.7224339480861979e-01	   1.7242596431615337e-01	   3.3859283487501124e-01	   1.5023420904249785e-01	   2.3016629453624007e-02	  -3.2341453601219800e-01	   1.4945841439093011e-01	  -2.2563664801924743e-01	   1.7073758968029543e-01	   2.6620153195644874e-01	   1.4605516050812389e-01	  -1.0934588042847625e-01	  -7.9193473245062831e-02	  -2.0728998891145456e-01	   2.2343649863756060e-01	   1.8523038773093428e-01	   1.0013100242269143e-02	  -9.3471369314485131e-02	  -1.5138199897332377e-01	   1.3951030186670033e-01	
   1.7677134873357533e-01	   3.2301063327767965e-01	   2.2530717745107637e-01	   4.2389664154793705e-01	   8.0107247667811310e-01	   0.0000000000000000e+00	   3.5856028772618265e-01	   5.4274479608005177e-01	   6.5521003434730851e-01	   1.1676168767936708e+00	   5.6915884067989878e-02	   7.5876756610975837e-01	   3.0336057218779171e-02	   6.5282728965992809e-01	   5.1430364307068543e-01	   8.7381701158211655e-01	   3.6408650709684443e-01	   4.8250860475564616e-01	   5.0004398535583339e-01	   7.3347019527625446e-01	   1.7601595402718098e-01	   3.5975850618535432e-01	  -1.7828880269665975e-01	  -1.9706745052107338e-01	   6.5406929078574394e-01	   9.6514242942803752e-01	   8.2947568515266201e-01	   1.2123786429772159e+00	   4.1835748873041834e-01	   7.4986034684005498e-01	   6.1920349056631907e-01	   4.0857640140367196e-01	  -3.8915952881193365e-02	   6.0929169596799400e-02	  -5.8150539982040850e-01	  -3.9237662973323445e-01	  -6.3103482548395456e-02	  -1.4391855972219156e-01	  -3.0022537106987718e-01	  -1.0804177446418425e-01	   3.3304860110025579e-03	  -1.5329564616190300e-01	  -2.7516448834979151e-01	  -1.0489929789093095e-02	   1.8871966771039206e-01	   6.6488172641166035e-02	  -1.2510994782631635e-01	   1.2138649857004505e-01	   2.5832300553616144e-01	   2.8070871194501712e-01	   1.0523301852755991e-01	   2.2070089430380613e-01	  -2.1328228554689144e-01	   1.0891756213139002e-01	   1.4426731545746455e-01	   1.9792540465471398e-01	   2.9757717969885011e-01	   3.6873359940370526e-01	   4.2515980582776736e-01	   4.1613655847831987e-01	   4.0070038028684013e-01	   1.0188611414243613e-01	   6.4822124376720869e-01	   6.5024258635004795e-01	  -3.9971403753785695e-01	  -2.9071845759849185e-01	   8.8297055860757936e-02	   1.1892753630396573e-01	   2.2820625826131705e-01	   3.9711345749780774e-01	   1.8654368787763223e-01	   4.4538483197725992e-01	   1.1371678875471836e-01	   4.7430103459581729e-01	   2.0356954948038194e-01	   2.2526162892809248e-01	   7.0654439765754307e-02	   1.8710098544379963e-01	   4.8745784170305667e-01	   4.8803119762139735e-01	   2.9672749912420565e-01	   6.4519514626498742e-01	   1.2014036447361753e-01	  -1.5433463454662133e-01	  -1.4983727918353223e-01	   3.2541261372085645e-01	  -1.8433610363399583e-01	  -6.5679288294894070e-02	   5.5791498207715590e-02	   2.4450044165796206e-01	  -1.5019179396872342e-01	  -3.1761488499004698e-01	  -2.7561642738682518e-01	  -2.5145558290155379e-01	  -7.9680483154009343e-02	  -1.1219315563298649e-01	   1.1369063567283470e-01	   1.5792442751536398e-01	   9.3555079944518477e-02	  -1.5726774636044001e-02	   7.3370184463546276e-03	  -5.5358552793022757e-02	   1.5617674324923692e-01	   9.0905214415899521e-02	   1.8621624338404072e-02	   5.7027090530022112e-02	   1.3005923863214541e-01	   5.8291838539999967e-02	  -5.4720650515024359e-03	  -1.0406918400546811e-01	   9.7222931698029095e-03	  -6.9095387739000948e-03	  -1.6866919569527589e-02	  -2.1225023244105148e-01	  -3.7918090613814825e-01	  -4.1061922434476449e-02	
   4.5604196600435298e-01	   1.9410472807858797e-01	   1.0893025381832286e+00	   1.2606428613484646e+00	   6.4952362486593612e-02	   3.5856028772618265e-01	   0.0000000000000000e+00	   1.2737784504891638e+00	   1.7491846434118713e-01	   3.9581479255595442e-01	   2.7417456136937263e-01	   4.1624697910952646e-01	   6.4968804320932583e-01	   4.7028565395625255e-01	   3.5216354575389386e-01	   5.8717143487731371e-01	   1.2887373221976032e-02	   3.1959368841401978e-02	   6.0583009109881369e-01	   4.1316638071631656e-01	   1.2400318783343020e-01	   2.0846079315152222e-01	   4.2393616099400089e-01	   3.5060592980504895e-01	   3.7694377201069329e-02	   6.4030344260809058e-02	   8.6712943948474480e-02	   1.6093791784273581e-01	   1.5805138518982320e-01	   4.4352371126979828e-01	   1.7502536090327064e-01	   2.7198853736278994e-01	   3.7146128716825799e-01	   3.9526202830476292e-01	  -3.7836462106372752e-02	  -2.2266357297726019e-01	   1.9511781135974221e-01	   3.1770358834163825e-01	   3.5273650523823114e-01	   5.6438479515736162e-01	   1.8114652605126533e-01	   6.3166235917072405e-02	   2.8389432080184812e-01	   4.0821973427863278e-01	   2.4979641645617590e-01	   2.7179704881681449e-01	   1.5173789107243860e-01	   2.8567070090396812e-01	   3.1904220593879479e-01	   3.0270770012972953e-01	   4.1254261137801079e-01	   4.4647224648410633e-01	   4.4342554117252697e-01	   5.5742077233121479e-01	   4.7518503965860703e-01	   4.4990068833133645e-01	   1.4371226648043872e-01	   7.9731492056864070e-02	   7.9007450736545648e-01	   7.1091016277410657e-01	   6.2218221451395683e-01	   4.9795812583258503e-01	   1.2203961849261340e-01	   1.1649267245936078e-01	   2.3285782890669693e-01	   4.3527049202121793e-01	   7.7863335829429237e-01	   5.3391268469810060e-01	   3.0891571712615173e-01	   3.0258806967408647e-01	   2.8272271815534311e-01	   3.4533546200610021e-01	   6.0598912485858233e-02	   6.4752811183680772e-02	  -8.6679570181882946e-04	  -8.4727083410216772e-02	   3.3574923919767108e-01	   2.8706448660627004e-01	   4.1433753702352266e-01	   4.8234053531019072e-01	   5.8785505784095815e-01	   5.5495847083385708e-01	   5.5950814528592607e-01	   5.2023653617605947e-01	   4.3792736371617835e-01	   8.1146526063313729e-01	   2.3649649650046067e-01	   4.1126930696386332e-01	   4.6731529902461877e-01	   5.7185855382873818e-01	   4.0430093381459203e-01	   2.9262382048622987e-01	   3.3925104586313803e-01	   3.4867165824030333e-01	   1.3209372907287800e-01	  -2.5919900212724421e-02	   3.0834635706046731e-01	   5.0400908024634361e-01	   6.3414667953860016e-01	   6.5360992201640000e-01	   3.1408603922107892e-01	   3.2278589878918518e-01	   2.3181369844177241e-01	   3.1118973839306752e-01	   4.1751541480833304e-01	   4.6178951200200574e-01	   5.2763170606621967e-01	   2.8603880344134314e-01	   1.7784509065532372e-01	   8.8424474507504805e-02	   3.3537987906893951e-01	   5.4238417587269439e-01	   4.3015480584742183e-01	   3.2829174179676890e-01	   1.3950397574267540e-01	   2.1921094251211615e-01	
   3.7750552361427264e-01	   2.9562308336707249e-01	   9.5775895571023528e-01	   1.6436551280010345e+00	   1.4717572157768594e-01	   5.4274479608005177e-01	   1.2737784504891638e+00	   0.0000000000000000e+00	   3.0554745141551171e-01	   5.5897063543084979e-01	   6.3076931106020848e-02	   5.1622372349787116e-01	   3.0192358074149611e-01	   4.8296871155067367e-01	   1.7653401429422133e-01	   5.1407371198437568e-01	   1.7554568611638233e-01	   1.7267568671787167e-01	   5.6320448896107933e-01	   5.6344650808143715e-01	   9.9498112126200772e-02	   2.2648659090358164e-01	   2.9335865365773173e-01	   2.7713618630203468e-01	   1.5958095725422553e-01	   2.5465220110153541e-01	   1.9845412113593733e-01	   3.4812411754078298e-01	   2.1264098059818939e-01	   5.5577200385857073e-01	   3.6192562248404547e-01	   4.2821733513245158e-01	   3.5733586707987808e-01	   4.9320317496005589e-01	  -9.8933111313871863e-02	  -1.5273478628250395e-01	   8.1110798306723700e-02	   1.8743794007272352e-01	   1.6243695091902008e-01	   3.3310846650831560e-01	   8.1933802536892669e-02	  -3.9755116045906626e-02	   1.3862934399390939e-01	   2.9424770821567553e-01	   2.0772385305841917e-01	   2.0446919915616429e-01	   8.0837741253902459e-02	   2.2437920709567202e-01	   2.6151648748263806e-01	   2.9048975966622276e-01	   2.9351887150835398e-01	   2.8681871794585923e-01	   2.3481173628050056e-01	   3.0259183745652785e-01	   3.1546915551936910e-01	   2.5191937342717180e-01	   2.3274705957439207e-01	   2.2491323756548764e-01	   6.9743319777678503e-01	   7.4330646479792262e-01	   6.6641551297929558e-01	   6.6016865301146321e-01	   1.7187214602657294e-01	   3.7484960826093389e-01	   9.1170666388271732e-02	   3.1467082131449314e-01	   6.2587613816102794e-01	   5.2864443643332648e-01	   3.0103047466322058e-01	   3.7518685063398549e-01	   2.3349019497834905e-01	   3.9003760713160829e-01	   1.3147593201573077e-01	   3.0250527040319380e-01	   1.7780190699869936e-01	   1.8740148587101543e-01	   3.5541176054845824e-01	   4.5297669615431690e-01	   5.4908792238754067e-01	   5.4845262908319536e-01	   4.5113433290673710e-01	   4.6329746837143593e-01	   4.0288386405820042e-01	   3.3006272185803698e-01	   1.9193728977220689e-01	   5.4671411692532090e-01	   8.8995130014471957e-02	   1.8185058225679240e-01	   3.2588568537047646e-01	   3.4248631677741231e-01	   2.3316946857261162e-01	   5.4282817775922032e-02	   2.3627888300511829e-01	   2.1868279312049288e-01	   1.0807911008378210e-01	   7.4616166030672143e-02	   2.1712180439880480e-01	   4.1136591947782719e-01	   4.0873955158815373e-01	   3.3479051838863982e-01	   3.3752264720455399e-01	   2.5937401570071134e-01	   3.3392827953399018e-01	   3.2047365788578697e-01	   3.5019753364463063e-01	   3.7425961028325000e-01	   4.8211877883074206e-01	   3.6643902222677377e-01	   2.3549616446834121e-01	   6.7491681852396360e-02	   2.4352017130290463e-01	   3.2255592386692367e-01	   2.8830433246740805e-01	   2.1059188127438394e-01	   6.5049349344704577e-02	   1.5664440194414839e-01	
  -1.4763382832961908e-01	  -9.1686403558793261e-02	   1.8810014697780497e-01	   1.9647562181055703e-01	   1.1286155394782844e+00	   6.5521003434730851e-01	   1.7491846434118713e-01	   3.0554745141551171e-01	   0.0000000000000000e+00	   8.5352442791190664e-01	  -2.4831619855797737e-01	   2.9453722340465649e-01	  -9.3721259853095873e-02	   2.7090002452582262e-01	   7.4224624159978403e-01	   6.5637768046419587e-01	   6.5803754675245102e-02	   1.8192391575340500e-01	   1.3514107223698449e-01	   3.1219738686241705e-01	   4.4723588772364642e-01	   5.8918658832543791e-01	  -1.3114165830331992e-01	  -1.2803967020602136e-01	   8.5157342920080814e-01	   6.1453368611406967e-01	   5.3800925033300595e-01	   4.7260019610446402e-01	   8.5916680770600010e-02	   5.9201389719404085e-01	   3.9220226179821105e-01	   2.8006961585013784e-01	   1.3377854124526023e-01	   2.1200165200610924e-01	  -1.7119174461847822e-01	  -1.5233461277924484e-01	   3.3284110365184522e-01	   2.7218210725897718e-01	   2.8402841149190932e-02	  -1.0072642670149198e-02	   3.5576266012770230e-01	   3.7722502426193009e-02	   4.1062296378179618e-02	   1.7182255681482422e-01	   3.0913094451440937e-01	   2.0790440485964995e-01	   1.9634878014948284e-01	   3.0480771145365188e-01	   2.7545437108264809e-01	   3.0069058028629181e-01	   2.6358133919231863e-01	   2.4043935468192171e-01	   7.5870371784353494e-03	  -3.3665334395418495e-02	   2.7799745884891741e-01	   1.5283331228134533e-01	  -6.5505237929979823e-02	  -4.1573536594050513e-03	   7.9721990647733110e-02	   1.8353411624100152e-01	   2.0842788874829882e-01	  -9.7583829037538566e-02	   1.6095521018377751e-01	   3.5564644502440451e-01	  -4.1566722793707676e-02	  -1.2304959265553343e-01	   8.3543498854264320e-02	   8.5336995538635038e-02	   1.7278183494896515e-01	   2.8102378055246829e-01	   6.8256566450122769e-01	   8.5317976882997315e-01	   5.1047031413264765e-01	   7.0217292472495874e-01	   4.0891939370654162e-01	   4.4749024836516704e-01	   4.8322587266995920e-01	   5.2200311194583615e-01	   3.0367206293765225e-01	   2.4870024156171902e-01	   2.1962782532247610e-01	   4.0238342618286882e-01	   3.2440595729190724e-01	  -5.6335555143969770e-04	   3.2168398008837473e-01	   1.3752208024012258e-01	   9.4611171204423500e-02	  -1.2540829085730773e-01	   4.0803202843391034e-01	  -1.1997949536021207e-01	   3.0825133908237567e-01	  -6.6903190903101914e-02	  -9.4574511829125921e-02	  -4.0721354987620206e-01	  -1.1380539584003346e-01	  -3.1956003590095550e-01	   1.5945530262107657e-01	   2.6407352412674428e-02	   3.0104487038532357e-01	   1.7493392270818453e-01	  -1.1302984639555193e-01	  -4.8561107111983870e-01	   8.9747569772545818e-02	  -3.9135220538729160e-01	   4.0506402821056742e-01	   4.6158236501604705e-01	   2.8007244405240317e-01	  -3.3995391259645798e-02	  -8.9595671678896496e-02	  -1.7248322057400828e-01	   2.5687473942666167e-01	   1.0252480234845593e-01	  -2.6700696422756912e-02	  -3.4997953277267423e-02	  -2.4085676423963580e-02	   1.3759109552771362e-01	
   6.5609698017145158e-03	   1.5079263835134149e-01	   2.1644213728425571e-01	   4.6898980278282010e-01	   7.5012971710928056e-01	   1.1676168767936708e+00	   3.9581479255595442e-01	   5.5897063543084979e-01	   8.5352442791190664e-01	   0.0000000000000000e+00	  -1.0832376708076531e-01	   7.2725187962826643e-01	  -1.1309784907451010e-02	   6.2415404956969178e-01	   7.0742400038384234e-01	   1.2104344738067292e+00	   2.5304528628668710e-01	   3.4298108240256703e-01	   4.4547854130424624e-01	   6.3232570456528769e-01	   3.6649437218802522e-01	   6.0372580819209865e-01	  -7.4277269034033908e-02	  -4.4437175580004748e-02	   5.5729701600384451e-01	   6.2132805589131401e-01	   5.5336567688621863e-01	   7.3752105676577551e-01	   3.8825850975870801e-01	   7.9776079474716977e-01	   5.9130618894341380e-01	   4.0953164091856897e-01	   1.0906880018150567e-01	   2.5704238298998167e-01	  -4.2403199761259841e-01	  -3.4857349605718829e-01	  -2.7475766209425632e-02	  -4.9405002039781896e-02	  -5.1954221083962020e-02	   6.8047496401093213e-02	   6.7671270790777574e-02	   1.8039559584419215e-02	  -2.7892751447059044e-01	  -7.5946157994563862e-02	   4.2144313557581789e-02	  -4.1609286723870730e-02	  -1.3165740956740385e-01	   2.0351021037517385e-02	   7.2036136173742646e-02	   1.1142196744657637e-01	  -7.2843496549450076e-02	   1.6551284950029513e-02	  -2.9610758856509400e-01	  -3.6685343989578574e-02	   1.4513391417993993e-01	   9.3016207782589289e-02	   5.8802269453542111e-02	   1.1798915350556181e-01	   2.0890137951609902e-01	   1.9957483518093350e-01	   3.7210091955043151e-01	   5.2590021536350381e-02	   4.6396809549187856e-01	   6.6584672915641940e-01	  -1.8308735675376875e-01	  -1.0247605716041823e-01	   6.4206648993431637e-03	   5.4620744061370770e-03	   1.5955783669666357e-01	   3.0367033883936662e-01	   4.4779723763011403e-01	   7.2995424066519243e-01	   4.0679637137653113e-01	   6.8824504388789309e-01	   4.7958436428580897e-01	   3.1587096038429158e-01	   3.4219743128209212e-01	   4.3876606016291464e-01	   3.9314745624791825e-01	   4.4475806428128628e-01	   1.5013816099911773e-01	   5.7842229741347728e-01	   2.9198379909130018e-01	  -4.9442523028091802e-02	  -3.7129286801626443e-02	   3.4933930201397401e-01	   8.0854290275207560e-02	   1.3634774908167169e-01	   1.9748781103561891e-01	   3.0218081092122800e-01	   7.4301881628668159e-02	  -9.3309951192948423e-02	  -1.2846074045809330e-01	  -1.3613547579253904e-01	  -1.5928104307631874e-01	  -1.8944464605414860e-01	   9.8840729565631835e-02	   9.1630028719301301e-02	   2.0521772286124951e-01	   7.2557022673467503e-02	   2.0702122088327782e-02	  -4.2851798629506187e-02	   1.6735545928562762e-01	   5.6324181142442878e-02	   1.6757808065775856e-01	   2.0922254647481647e-01	   2.1054765287546481e-01	   7.1417313438807459e-02	  -1.4980273448650608e-01	  -2.5954032765725893e-01	  -3.1059964655017352e-02	  -3.0141444471341389e-02	  -9.4280303234178187e-02	  -1.6685788431907450e-01	  -2.3577260744234996e-01	   4.9696839650227635e-02	
   7.4543687724791463e-01	   5.0404632130233484e-01	   1.9398396267945991e-01	   1.5727879837076170e-01	  -2.6377779717945971e-01	   5.6915884067989878e-02	   2.7417456136937263e-01	   6.3076931106020848e-02	  -2.4831619855797737e-01	  -1.0832376708076531e-01	   0.0000000000000000e+00	   5.0143510927598278e-01	   1.2427377476574788e+00	   6.3844232635635600e-01	   1.7618701962545641e-01	   1.7600747181745693e-01	   4.6497214802614861e-01	   3.6264907877640379e-01	   5.0968938157965193e-01	   2.3445216480340997e-01	  -2.2793489694937241e-01	  -2.5533378140581542e-01	   3.8504075933624687e-01	   4.3014333554206169e-01	  -7.6374671252524701e-02	   6.7271920618640652e-02	  -5.4897304324680443e-02	  -1.6009864945046519e-02	   6.5907213734527703e-01	   1.6819454267516568e-01	   3.3254341559952480e-02	   2.1575712729956623e-01	   1.4421846390006834e-01	  -1.3652154618744286e-02	  -8.3171848270623641e-02	  -1.2879463602625379e-01	   5.6462959446484939e-02	   7.1614226037914272e-02	  -4.3845817247984836e-02	   3.1639635870424310e-01	  -1.0645439628914452e-01	   4.1194030633706208e-01	   1.6752226031130324e-01	   2.0230091701488592e-01	   1.5507502310811885e-01	   2.6677637010812005e-01	   7.5848416517418235e-02	   2.0209625316430868e-01	   2.8676223173665227e-01	   2.9868350279698785e-01	   2.9818009557862912e-01	   4.8263161053765913e-01	   2.8751629476252571e-01	   2.1614059800724092e-01	  -3.0763249691830051e-02	   1.8839647992224928e-01	   5.3487029813077258e-01	   5.3052432207085265e-01	   5.7390769289233368e-01	   4.7344737823472949e-01	   6.1431484365635292e-01	   5.6099962745314702e-01	   5.5280984935259359e-01	   1.1233906555147397e-01	   2.5157882256501646e-01	   3.7467929562421159e-01	   1.6458709495229143e-01	   1.7130489686434541e-01	   1.6806237235584115e-01	   1.1080955492065850e-01	  -1.5698763381604136e-01	  -2.0022999101968722e-01	  -1.6491645008105457e-01	  -2.1803610668787704e-01	  -1.7510063190505143e-01	  -1.0148272246660185e-01	  -2.2182804550545668e-01	  -2.2041292625898687e-01	   3.3900339551242087e-01	   3.6331675828879995e-01	   5.5222313992600491e-01	   3.7429074275737462e-01	   2.1802133704381974e-01	   4.1741061893230874e-01	   2.2891393249613995e-01	   4.2263514197170643e-01	   2.1324101501516639e-02	   2.2231930158307545e-01	  -8.7977182715103158e-02	   2.3958759876948582e-01	  -2.9155004822838354e-01	  -1.5790623180967522e-01	  -2.5368609312917112e-01	  -3.2505085619351178e-02	   3.4624667447648716e-01	  -2.1088744921717688e-02	   3.7407696558545256e-02	  -1.0205372352074022e-02	  -2.0295352026187857e-01	  -6.4330837267528765e-02	  -1.5462419980851949e-01	  -7.4784348603059931e-03	  -1.4203962875232540e-01	  -8.4331889453946637e-02	  -1.5201696734180958e-01	  -2.9641385514835816e-01	  -1.7976305197177245e-01	   2.8004776099857735e-02	   1.6116645309533040e-02	   2.2044643221423066e-01	   1.4606380279228492e-01	   1.0778885764835111e-01	  -5.7476275516555528e-02	   2.5055749247800206e-02	   3.9833902084757102e-02	  -4.4509498813090287e-01	
   2.6149822638440073e-01	   3.9967504600245984e-01	   1.9421850342990343e-01	   3.5933652920299902e-01	   2.2282687659701758e-01	   7.5876756610975837e-01	   4.1624697910952646e-01	   5.1622372349787116e-01	   2.9453722340465649e-01	   7.2725187962826643e-01	   5.0143510927598278e-01	   0.0000000000000000e+00	   4.3971826914933343e-01	   1.7850648636886328e+00	   3.8226059626882380e-01	   8.9906520303075377e-01	   7.1678282161799001e-01	   6.6034171552226695e-01	   6.5249002855901073e-01	   6.7561707738078824e-01	  -3.4088952912020347e-02	   1.0784864826572896e-01	   4.6325520046436100e-03	   7.3018102002121638e-02	   2.1524597591697225e-01	   4.4120073602527310e-01	   2.2692716134526611e-01	   4.5430059289181240e-01	   1.1032285421454293e+00	   9.8364756303806922e-01	   5.9813575687893628e-01	   5.3771246424217001e-01	   2.2932797765074769e-01	   3.0814434746363967e-01	  -4.5879965398562977e-01	  -4.7041964896728672e-01	  -2.2076181853723320e-01	  -2.0611916275972281e-01	  -2.8321216118595383e-01	   2.2201656610123792e-02	  -1.7870674277361823e-01	   2.2258944684448256e-01	  -2.8622140506042815e-01	  -1.5552547371560208e-01	  -9.1654796823551932e-02	  -3.8976307747012308e-02	  -2.6214183089155496e-01	  -1.0760301767651761e-01	   2.3137047995003932e-03	   6.3947981740079651e-02	  -5.3356548675634718e-02	   8.1378685525621525e-02	  -2.7594688089558728e-01	  -1.8934344878133791e-01	  -1.5535154556946268e-01	  -8.0058840903377337e-02	   3.4186267845602797e-01	   4.4550746049272122e-01	   4.0056733771075925e-01	   3.3820029220715592e-01	   1.0140397290797967e+00	   4.7549321192733196e-01	   1.0610692170056688e+00	   1.0226615363244760e+00	  -8.1191492722597916e-02	   4.5225192249368010e-02	  -6.3801775769501634e-02	  -3.0520758710643199e-02	   6.7154671350064740e-02	   1.2560271405739851e-01	   2.3624442674770826e-01	   4.1149083373263590e-01	   3.5212897793512365e-01	   6.5343378745565595e-01	   4.4427220339003454e-01	   4.9342658145119328e-01	   8.1509677611331488e-02	   3.0413954629557416e-01	   7.5253117881834974e-01	   8.2020747105350822e-01	   4.8178604780421835e-01	   7.5456605534633436e-01	   1.4767284217055493e-01	   5.1309017359970316e-02	  -8.1984810145731654e-02	   4.1763701333195524e-01	  -2.2207172917088913e-01	  -7.0898038806729763e-02	  -1.7703143945075969e-01	   1.6057600270855971e-01	  -2.9673837897783162e-01	  -3.0197225386727061e-01	  -2.7503391412749312e-01	  -9.4810010264990183e-02	   1.5010861999719655e-01	  -3.5972286404557220e-02	  -4.1353292490623805e-02	  -1.0253791422170699e-01	  -1.4237744634737814e-01	  -2.1065472851968284e-01	  -1.0054772421953317e-01	  -2.3146217923337060e-02	  -6.0628494067711397e-02	  -4.3933915267280875e-02	  -2.5325573103218729e-01	  -3.3470510540595783e-01	  -1.3520510306530212e-01	  -1.3987894502355985e-01	  -5.3173822215393157e-02	   8.8121372395995559e-02	  -3.6655436617423293e-02	  -1.2519478362332570e-01	  -1.8922621419028368e-01	  -2.3430917369178433e-01	  -2.5884487408668982e-01	  -3.8433784901395990e-01	
   6.4559322565409882e-01	   2.7447065484439137e-01	   4.7877688045880906e-01	   4.1082571068633428e-01	  -2.4154363390702530e-01	   3.0336057218779171e-02	   6.4968804320932583e-01	   3.0192358074149611e-01	  -9.3721259853095873e-02	  -1.1309784907451010e-02	   1.2427377476574788e+00	   4.3971826914933343e-01	   0.0000000000000000e+00	   5.9341334522737321e-01	   3.4553884616715486e-01	   3.3285734282720025e-01	   1.4990857032370594e-01	   7.6787418056101453e-02	   3.8913810022951645e-01	   1.1926485444009710e-01	  -6.8405848240448305e-02	  -5.6756439716948381e-02	   6.1749547885247302e-01	   6.2305977027583725e-01	  -9.5316446539208857e-02	  -2.8097162720938436e-02	  -1.2312379635697862e-01	  -1.5189348571469649e-01	   4.0001510961089254e-01	   1.9390946805284945e-01	   5.7246707912333522e-02	   2.7652271042103538e-01	   3.0244571373693008e-01	   1.3227463639230150e-01	   4.2908270844604218e-02	  -1.0574199025267796e-01	   1.8658278496829422e-01	   2.3769940294537040e-01	   1.9804292690189348e-01	   5.1775037450590466e-01	   2.7859307195134766e-02	   5.5340368555431030e-01	   2.2790078593032320e-01	   2.7702589056262095e-01	   1.2040004777346439e-01	   2.5119726963128142e-01	   9.7290355335943435e-02	   2.3301697029036569e-01	   2.5476191086414829e-01	   2.6703524857267413e-01	   3.3641936008599577e-01	   4.6378331590174399e-01	   3.7691513196750276e-01	   3.0290207571932437e-01	   8.9941220648629638e-02	   2.3894232460772152e-01	   2.7580734702636411e-01	   2.2649496001302402e-01	   6.8619464059070712e-01	   5.3777337479772780e-01	   7.2710310553738577e-01	   5.9896609739920070e-01	   2.4384664986943999e-01	  -4.5932328747936138e-02	   4.6047202556754924e-01	   6.2879585256391290e-01	   3.6520989156131595e-01	   2.7783597765070411e-01	   1.8920115780826602e-01	   7.5277100106424438e-02	   8.8898321679713802e-02	   9.8529631001081086e-03	  -1.9920911032202285e-02	  -1.4311533351331673e-01	  -5.6426437384555904e-02	  -7.2569778904941068e-02	   2.1591556215199474e-02	  -3.6525769978594878e-02	   2.3810093688384748e-01	   2.6983898922996469e-01	   5.2297728167343072e-01	   3.4279302579005361e-01	   4.8898849878430317e-01	   6.4271572662351262e-01	   4.3263002259139172e-01	   5.2362199249717156e-01	   2.6730917022835110e-01	   4.2822964392040563e-01	   8.7190384826133921e-02	   2.9385666822505929e-01	  -9.9780038900038111e-03	   6.7338219458768001e-02	  -1.1434570275074153e-01	   2.6842895216121092e-02	   2.7823239693097612e-01	  -1.3887799401382581e-01	   7.3965163376860862e-02	   7.7078837719509852e-02	   3.1448426406830141e-02	   1.8621813809427243e-01	  -1.5694873582687993e-01	  -2.3231332821441741e-02	  -1.5282694437829578e-01	  -1.0723243955377215e-01	   1.5190885748612912e-01	   4.5428980017034437e-02	   1.5819204890430316e-02	   1.3297286787155163e-01	  -5.5310974312019714e-02	   1.1559663217218336e-01	   2.7730367435302661e-01	   2.1557739527299125e-01	   2.1165781764203757e-02	   8.6853577708875154e-02	   1.7424795155644879e-01	  -2.9111218924580606e-01	
