   0.0000000000000000e+00	   1.0397514744445617e+00	   5.6831145760872237e-01	   4.5244609408291248e-01	  -6.4339067574628428e-02	   1.5786376044166398e-01	   6.1678589550907448e-01	   6.6726265433593135e-01	   1.8834154400024408e-01	   3.2513159632205996e-01	   9.6790926217863482e-01	   7.2402163872110648e-01	   8.4851543224599812e-01	   7.2201629446439775e-01	   3.3534193408900781e-01	   5.7937666938220700e-01	   7.3490749360652396e-01	   6.7525150651645416e-01	   1.5261906712371660e+00	   1.5871048797099991e+00	   2.0820937648426258e-01	   1.9793915327050896e-01	   4.1494107692010052e-01	   3.0805192934025583e-01	  -1.5279978402998104e-01	  -3.2926511437566558e-02	  -3.4428584614895764e-02	   3.4944701384953411e-02	   8.6868455588407956e-01	   8.5081328425590264e-01	   3.5072017215221246e-01	   4.1779363606183451e-01	   6.8074377163777566e-01	   6.1246215968772133e-01	  -1.5198768930432946e-01	  -2.1610643245166619e-01	   6.2983103754966685e-01	   5.2525568797537270e-01	   2.8848824653714317e-01	   5.9840228608719415e-01	   8.1262708861916022e-01	   6.0838313485091022e-01	   3.7186746914489760e-01	   3.8709085667072068e-01	   2.2503225405212030e-01	   2.6841902462346123e-01	   4.7314085160363806e-01	   5.4537626374426762e-01	   1.8079661453241747e-01	   3.0387122843108227e-01	   4.2615840690244067e-01	   5.0679242066216812e-01	   6.1082003635637350e-01	   5.2383245831025715e-01	   4.6355853278585080e-01	   7.4149081245684656e-01	   1.3863432513620775e+00	   8.3360660765409600e-01	   7.7947032392264459e-01	   1.2673873903360813e-01	   5.4570781809959301e-01	   2.4453547490222588e-01	   9.4741561485139414e-01	   7.3968669067598525e-01	   4.1486758301417535e-02	  -3.1241874719128232e-01	   2.5994320056347786e-01	   2.1817955103119993e-01	   9.9938013925912750e-01	   1.0443374752025787e+00	   6.4411778877582115e-01	   8.4875376301814232e-01	   3.8423888269223000e-01	   4.3525920811709951e-01	   2.3863986965800732e-01	   5.6322376526002094e-01	   5.8962917470988629e-01	   5.5847269007461420e-01	   9.9282868477659703e-01	   7.2828535487719670e-01	   9.0004154846481765e-01	   8.3075716666117816e-01	   5.6641191357055920e-01	   7.5811911505289042e-01	   1.9911851157146807e-01	   5.1659248937995761e-01	   4.8823069353583198e-01	   2.7621995008362099e-01	   1.3767961672275661e-01	   5.3441245995280706e-01	   2.8200762444956184e-01	   1.1442641146965657e-01	   2.9968046789636232e-01	   3.8762547182720219e-01	   3.7170584725936973e-01	   4.1346848703296996e-01	   2.4440354936772593e-01	   4.7319099717903734e-01	   4.5012865178422518e-01	   6.1850277679265142e-01	   5.1362509085252139e-01	   4.6875271766719456e-01	   4.5737944800524288e-01	   7.5018305098862559e-01	   2.8409634547321766e-01	   3.6982528723026004e-01	  -1.7813895663236415e-01	   1.4500561552489566e-01	   2.5367303552468551e-01	  -3.4611670467621025e-01	   4.7316817075802348e-01	   4.5768500956261793e-01	   3.4677683249667618e-01	  -1.1543035825243195e-02	  -1.1252477682347906e-02	  -1.7250842554306639e-01	
   1.0397514744445617e+00	   0.0000000000000000e+00	   3.1565000207273758e-01	   5.5667130123577024e-01	   3.8422362441687030e-01	   4.4447480635079362e-01	   9.8997782029656090e-02	   5.7074927493049155e-01	   4.0191749795873860e-01	   2.8304063348217884e-01	   8.2834870537228500e-01	   4.2198646526678907e-01	   2.7370507143969169e-01	   4.2586779735608143e-01	   7.9637768742859327e-01	   4.0713424089658606e-01	   8.6325169601392804e-01	   4.5766495308507954e-01	   1.0188591734934664e+00	   7.8066475401240609e-01	   6.2205658470334724e-01	   5.2155231874807451e-01	   3.1431196023581276e-01	   2.5931363261432727e-01	   2.0243359421383136e-01	   1.9225078776862156e-01	   3.8119764969941283e-01	   3.3534521858827715e-01	   4.9478623139292410e-01	   6.9589375674237164e-01	   6.2921049371912274e-01	   5.5366307467786990e-01	   5.7665567197942080e-01	   3.2310081962157228e-01	   1.6092614549226059e-02	  -7.6220732642820421e-02	   4.2873060793492029e-01	   4.6109325560963943e-01	   5.1631565532378787e-01	   6.2066144593466699e-01	   5.4310559930202706e-01	   8.9100455362218411e-01	   1.1549977923507171e-01	   4.4354488244873910e-02	   2.0727332871967535e-01	   1.5284052198342823e-01	   3.8784549263819373e-01	   3.6043114975048990e-01	   2.2293461670046444e-01	   2.4806557592697998e-01	   2.4083506860387494e-01	   1.0282289926481940e-01	   4.9631573610281399e-01	   4.8755711702659493e-02	   6.2137669793867545e-01	   3.1127042046328013e-01	   1.0041773015967876e+00	   1.3920958788087860e+00	   6.5433838272124834e-01	   6.4045953168633674e-01	   4.6241851512117099e-01	   4.1746386275045355e-01	   7.0760951770959202e-01	   4.7484814289875721e-01	   2.3212355427473672e-01	   8.4104827127003082e-02	   4.7330889891263861e-01	   2.1798097857089066e-01	   1.0330219037205934e+00	   1.0631052505775240e+00	   7.0235630009049610e-01	   4.0687378087386622e-01	   7.7879760172413848e-01	   5.6977702998677471e-01	   7.5589072958017023e-01	   4.1156055960225046e-01	   2.7035892002728046e-01	   3.1411412942894168e-01	   7.8061645136949975e-01	   4.8119777345179204e-01	   6.1457071113384643e-01	   3.0448321646369747e-01	   9.8153627530186704e-01	   6.7076084849382267e-01	   7.2306454859904712e-01	  -1.2364457473412034e-02	   2.3066737882490779e-01	   6.5850503130022808e-01	   6.5489201241994455e-01	  -7.7122313794840578e-03	   2.1116120130865756e-01	   1.1381490094452193e-01	   3.6909581102302332e-03	  -1.7632584648019389e-01	   3.8999512731285713e-01	   2.7595571286888670e-01	   2.2737727235658184e-01	   1.9451696327761978e-01	   3.7005353991567436e-01	   4.2970190566241451e-01	   4.8537364288960527e-01	  -1.0730060293209064e-01	   6.4830023475545762e-01	   2.5419476936084701e-01	   5.6681208125409555e-01	   4.9481882807610889e-01	   2.2039496351130591e-01	  -2.7798519268529276e-02	   3.5098396683754762e-01	  -3.9610515033436305e-01	   3.8574218426108092e-01	   3.5941854697153747e-01	   3.5346274738728554e-02	  -5.0157896764707693e-02	  -7.6854406826420254e-03	  -1.5827764317766840e-01	
   5.6831145760872237e-01	   3.1565000207273758e-01	   0.0000000000000000e+00	   1.1033172825522335e+00	  -5.3963394817928867e-01	  -2.1300649662893628e-01	   1.2358695064603917e+00	   6.4140912345344725e-01	  -3.6069635709243847e-01	  -2.6283980981470223e-01	   2.4808777355922607e-01	   3.3997817033659444e-01	   7.0345238555536049e-01	   2.7163410114020503e-01	  -1.0115628494670172e-01	   9.6648450498053859e-02	   1.3789945187510930e-02	   1.0560356888774650e-01	   6.0472680855212191e-01	   6.0820556538185000e-01	  -2.3165013835401344e-01	  -3.4704567714658430e-01	   1.6110719254565540e+00	   1.2183036134751188e+00	   2.1027902822196534e-01	   2.9106726531627647e-01	  -4.0039601876981334e-01	  -2.8772826780893190e-01	   3.4966539246500589e-01	   2.6688711549034716e-01	   2.9278151771267946e-01	   3.7123603726216126e-01	   3.2679676777244343e-01	   4.2560462418621753e-01	   2.3300388570670960e-01	   1.1480224260752007e-01	   2.5621300509400968e-01	   9.7029838890076200e-02	  -1.4804401663167818e-01	   9.0409448185422708e-02	   2.9391229205038105e-01	  -6.5223989377527519e-02	   1.6531874000934829e-01	   1.9990347249623189e-02	  -2.5353889475956948e-01	  -2.8532973131497308e-01	  -5.6021234226239496e-02	  -8.0063640587969467e-03	  -3.2259882593437689e-01	  -3.4455904916313534e-01	  -1.1917554616254394e-01	  -3.8542398687953998e-02	   1.6351821409271011e-01	   3.6516910871936314e-01	  -9.1394272376466329e-02	   2.3584982974730767e-01	   4.1218008439902915e-01	   4.1302911157225425e-02	   6.1232578356086276e-01	  -1.1464652807835761e-01	   5.8742910173826646e-01	   2.3344350037606279e-01	   1.4223350149004943e-01	   2.9868934230596257e-02	   5.2897218722745121e-01	   1.4628273844231074e-01	   6.2009109917974502e-02	  -1.2528923965066807e-01	   1.5207186357637623e-01	   2.8788700118048982e-01	   5.5454380207178611e-01	   7.8228518766439215e-01	   1.1964154629015128e-01	   2.4113457767059904e-01	  -1.7902502871163639e-01	   2.1407182986970066e-01	   2.9214624069930878e-01	   2.9538517952550220e-01	   2.9049766208930111e-01	   2.9791349826498370e-01	   2.7897396027243104e-01	   4.3083291082323627e-01	   2.5257729840357072e-02	   1.4952942584498230e-01	  -1.6223195588683711e-01	   5.2625168111759191e-01	   8.5483970246275454e-01	   1.0310814286739654e-01	  -1.6896356883371780e-01	   7.5496115133605290e-01	  -1.7180765835999829e-02	   1.1350885730118479e-01	  -1.4158186702066573e-02	   5.3567889830260607e-01	  -2.2450174762740610e-02	   1.3134031196285698e-01	  -1.6858223778566217e-01	   1.7130204407233435e-01	   3.9235055532907140e-02	   2.2518646247067270e-01	  -1.9581147372889260e-01	   6.0295471626838149e-01	  -1.2538306563599777e-01	   5.7251528503522076e-01	   3.2466365783203488e-01	   5.9143548182578165e-01	  -4.3912530112871828e-01	   5.9740035318650200e-02	  -1.2273810572212199e-01	  -2.3077764976101128e-01	   5.9065524024664161e-02	   4.2076551840974488e-02	  -1.4894668127673247e-01	  -2.5070731743214442e-01	   3.1502797490076279e-01	   1.4017626077363815e-01	
   4.5244609408291248e-01	   5.5667130123577024e-01	   1.1033172825522335e+00	   0.0000000000000000e+00	  -1.9784823420452285e-01	   4.2148555715045402e-02	   5.7223768990465684e-01	   9.7694717332716297e-01	  -1.3048226462706708e-01	  -2.3009121546698014e-01	   4.4601124165174710e-01	   4.5694510051141757e-01	   4.5927312619827776e-01	   4.2832625133922664e-01	   2.3451768813021268e-01	   1.3906170552866529e-01	   8.8831173052647122e-02	   9.8128481641573655e-03	   5.2920449756349608e-01	   4.5073511069827410e-01	   1.1221026398931547e-01	  -3.3766060553001069e-02	   1.1849196701985301e+00	   1.3268332606558015e+00	   4.1762848977349859e-01	   4.3890668672841576e-01	  -7.4129964810774857e-02	  -5.2612568832235924e-02	   2.5779768108520207e-01	   2.8981962581593851e-01	   6.1411175820450625e-01	   6.4827631744551295e-01	   3.8347072688100153e-01	   3.3813228115317606e-01	   1.4909312280740902e-01	   7.0934167914583207e-02	   9.0078643686492141e-02	  -3.4005909467368679e-02	  -7.7052888960979629e-02	   1.1208657768474213e-01	   2.0577831871944235e-01	   1.8368525194423091e-01	  -1.1127639308998297e-01	  -2.4659413409764741e-01	  -2.0443663863551681e-01	  -3.1087873891088369e-01	  -1.8107642853004380e-01	  -1.6745248918366470e-01	  -2.7759881930139108e-01	  -3.0748028302257718e-01	  -2.6797712133214552e-01	  -2.8191118741170473e-01	   4.1750340623268142e-02	  -6.1297257426975137e-02	  -8.9038882979537062e-02	  -7.3470172758238791e-02	   3.9894353210111655e-01	   2.8363918578924519e-01	   6.5819673091801745e-01	   3.6349200441473206e-01	   7.0938696809697011e-01	   7.2962236196295160e-01	   1.7097725015738230e-01	   9.4400361475256739e-02	   6.8110387928899330e-01	   5.9703584796073517e-01	   2.0922349779635982e-01	  -7.4721755364365594e-03	   2.0152745500577804e-01	   3.6049462193351317e-01	   7.3892677422270503e-01	   5.3760002760023395e-01	   3.1883123308341588e-01	   3.5275091345517845e-01	   1.7748446364975073e-01	   1.5684142732923700e-01	   2.4389156751268147e-02	   1.0221556798402548e-01	   2.5078431100436116e-01	   1.4161437451049036e-01	   2.0120411913567154e-01	   1.7839814935660980e-01	   2.8162201199847275e-01	   1.7314214229858760e-01	   2.4600026274883907e-01	   1.3024534268175528e-01	   5.5389565214368852e-01	   4.1125894389178197e-01	   2.2047456685023775e-01	   2.1144742827740043e-01	  -9.5385483466008156e-02	  -6.6144843492562777e-02	  -2.7849761737144757e-01	  -1.5007734936114389e-02	  -6.7192784954506701e-02	   1.5520893356307243e-02	  -3.0438382042675094e-01	  -9.2709949404837969e-02	  -1.2280324952283189e-01	   5.0848746143388260e-02	  -2.2108639397274837e-01	   5.3224311793294003e-02	  -8.1638239359948905e-02	   1.4343152308118856e-01	   5.5242634239050836e-01	   7.0759976542353908e-01	  -8.8142605051040795e-02	  -1.3944233702530087e-01	  -1.2225670539818606e-01	  -2.3136047428928480e-01	  -3.5168638790954665e-02	  -1.0963841182064729e-01	  -3.8893022856630743e-01	  -3.0832452495260892e-01	   2.8248045515791520e-01	   9.7896710226807890e-02	
  -6.4339067574628428e-02	   3.8422362441687030e-01	  -5.3963394817928867e-01	  -1.9784823420452285e-01	   0.0000000000000000e+00	   9.9020509670284129e-01	  -7.2185608999033901e-01	  -6.4682676502219441e-02	   1.0853055625098933e+00	   6.2694413710484842e-01	   1.9566628962028820e-01	  -7.3709310699908326e-02	  -4.5079799262873971e-01	   2.4732278469590239e-03	   1.0403224383966674e+00	   2.8248405180684022e-01	   5.5418938117603478e-01	   2.0525980918519759e-01	  -2.6633205371245302e-02	  -2.0754061656794223e-01	   1.2313824949521690e+00	   1.1660123975843375e+00	  -3.1744883243688493e-01	  -2.7493183914800456e-01	   4.6423034025644871e-01	   3.7411711025215949e-01	   1.6993522785492954e+00	   1.1175687496230482e+00	   9.6994405110417931e-02	   2.6681610033167769e-01	   4.6274794888567805e-01	   3.4049661528224828e-01	   2.9803745491569933e-01	   2.7546130901295044e-02	   2.8069337813759859e-01	   2.6536106938431858e-01	   1.7652452381656158e-01	   3.0071974997669138e-01	   8.8295335699836863e-01	   3.8867045965423497e-01	   2.4248241863896139e-01	   5.8165827540621484e-01	  -6.4137927644840872e-02	  -5.4084529985993980e-02	   4.1047291383764251e-01	   3.1821594590664115e-01	   2.1638684429231503e-01	   9.2284337420131493e-02	   4.5471608200241154e-01	   4.2899028865260930e-01	   1.6955651193846979e-01	  -1.3093885540374892e-01	   5.5096705868408549e-02	  -4.9139718408985067e-01	   4.7826050009464266e-01	  -1.5259063291550906e-01	   1.2305093529980585e-01	   4.9020571778198418e-01	   8.5684597038861041e-02	   6.1171591007939163e-01	   4.4222393951943550e-02	   1.9728147035278465e-01	   2.3610144480915612e-01	   1.7726548148425872e-01	   1.5648905037068911e-01	   3.3202503068176936e-01	   7.1207585056148914e-01	   4.3470450714399356e-01	   3.1251603276983836e-01	   2.0189330601111163e-01	  -9.9006047190028867e-02	  -5.2212779261441256e-01	   5.7038628055131868e-01	   1.6625185200472686e-01	   6.5621265800564521e-01	  -9.8698553656651226e-04	   3.1437411308752654e-02	  -1.7583694644472199e-03	   2.4225933466021124e-01	   1.4613594355992021e-01	   2.0507187885510181e-01	  -2.2182918112309022e-01	   7.5890636795104005e-01	   3.8633071334502594e-01	   9.1478160719950430e-01	  -5.1377724402353797e-01	  -5.0116998192937123e-01	   6.3458144909987790e-01	   9.1027056431794229e-01	  -7.1676832583491157e-01	   2.3414015338673347e-01	   1.8826853739048716e-01	  -7.4957402053188987e-02	  -7.5210881846412625e-01	   3.2844025782269509e-01	   6.8269148057542611e-02	   2.7685100740401936e-01	  -1.1976708112519810e-01	   1.0426090475493720e-01	  -8.9211482177235554e-02	   2.5482781066158422e-01	  -8.5356723480929353e-01	   5.3405755638743813e-01	  -4.4788700786903352e-01	   1.3200011766910927e-01	  -2.7607816832340312e-02	   6.0226196303357260e-01	  -1.1959138238803843e-01	   4.7735680249300827e-01	  -6.2248508625054239e-02	   6.6687190080392533e-02	   9.2687163975420112e-03	  -2.6469276757801294e-02	   3.7604889250903423e-01	  -1.0912011306654322e-01	  -2.4693748655338868e-01	
   1.5786376044166398e-01	   4.4447480635079362e-01	  -2.1300649662893628e-01	   4.2148555715045402e-02	   9.9020509670284129e-01	   0.0000000000000000e+00	  -3.1736157142596594e-01	   9.6053050594059608e-02	   9.2409718235667881e-01	   9.4504589441765185e-01	   2.9932022977691919e-01	   2.7596047919030375e-01	  -8.1407532109773778e-02	   2.2520101674229501e-01	   1.1112172331585837e+00	   8.5035162629210270e-01	   7.4706303110375882e-01	   5.1825131211633713e-01	   2.0839011279495886e-01	   9.9745839324675151e-03	   1.4282370076481108e+00	   1.6232137039809933e+00	   4.8968453783175173e-02	   1.0461754800930732e-01	   5.0271013355785610e-01	   6.2193774293262871e-01	   1.4121275850193471e+00	   1.8496276113588881e+00	   4.3737853908364271e-01	   7.2167893321202325e-01	   7.1319239196579332e-01	   6.4633351112518189e-01	   6.6827146991673503e-01	   4.0087468685154659e-01	   4.5298003291706523e-01	   4.2357540376812725e-01	   4.2293276846272354e-01	   3.8967262918572410e-01	   6.3281596297818288e-01	   5.2847600728178679e-01	   6.4173295106367356e-01	   8.7249686590312470e-01	   5.7691746656755562e-02	   1.4875971897707868e-01	   4.5980003698066452e-01	   4.3653769242756701e-01	   2.0220351435224948e-01	   1.3832782062152099e-01	   4.9027302191857636e-01	   5.7087396458206041e-01	   2.0251237428562330e-01	   1.2497538050186546e-01	   8.0537749957132282e-02	  -2.6091729438581163e-01	   1.9684357424731236e-01	   6.7599763609589886e-02	   3.0211552553888210e-01	   4.8327263435709822e-01	   2.9826567828059480e-01	   3.3994255644433979e-01	   2.0036886876474308e-01	   3.5227858690044517e-01	   4.5270017303480503e-01	   4.2386833257067902e-01	   3.5013007548660235e-01	   3.1900265456907662e-01	   7.8812948792471327e-01	   5.1499921016638572e-01	   4.1353025851653924e-01	   3.5065416777157637e-01	   5.2679781950622272e-03	  -2.4803833183218299e-01	   5.2171004032288260e-01	   3.0406730628143380e-01	   4.9478202392961873e-01	   2.4539123894745235e-01	   2.7705530434695097e-01	   1.8916764393863000e-01	   6.0014658959288447e-01	   4.9738712017923103e-01	   5.0189336464270196e-01	   2.0815392334237989e-01	   7.7485439279318646e-01	   7.9162976438866040e-01	   6.4144777830033717e-01	  -1.8038369468403873e-02	  -6.4230030297743212e-02	   9.0898572611808315e-01	   6.0125693984382722e-01	  -2.0489216887042463e-01	   2.6769073718938184e-02	   8.1618739541860094e-02	  -3.0078267283412274e-01	  -4.1058147371944997e-01	   2.6760775791766023e-01	   1.2391780658040108e-01	   1.2016526636772841e-01	   2.3570779561677487e-03	  -1.0311297129439653e-01	   4.0818463450273873e-02	  -7.7553759614286625e-03	  -3.8363952699371950e-01	   3.2655400644267973e-01	  -1.2288435390822532e-01	   7.4648804226656137e-02	   6.9421059251197043e-02	   2.6370194764596133e-01	  -2.5196503550189264e-01	   4.5257704466800647e-01	  -1.3338179467404385e-01	   5.6351914030492833e-02	   5.4958060892717646e-02	  -3.7786509533058882e-04	   4.4331205081135205e-01	  -9.9754729257171493e-02	  -2.8360637423054241e-01	
   6.1678589550907448e-01	   9.8997782029656090e-02	   1.2358695064603917e+00	   5.7223768990465684e-01	  -7.2185608999033901e-01	  -3.1736157142596594e-01	   0.0000000000000000e+00	   6.6417220924762499e-01	  -2.5602713560850138e-01	  -5.2680175456021112e-02	   3.1270586009411960e-01	   5.4446525964710779e-01	   1.2653121821546633e+00	   5.0689290126862219e-01	  -2.6594376434911893e-01	   2.5583751155797840e-01	   3.7170828487231418e-02	   2.9251916455253868e-01	   5.6350429839350435e-01	   6.9689809707429295e-01	  -4.3955233187679066e-01	  -4.4943037948323977e-01	   9.2576775510375242e-01	   7.9026790250537327e-01	  -1.7060651800408058e-01	   4.0222388393738616e-02	  -5.9052512068841667e-01	  -4.0933725229902929e-01	   5.7990335554420169e-01	   3.5047291131246394e-01	   6.8190599878130309e-02	   2.5889908003623852e-01	   4.0634391627380023e-01	   6.1475637818155171e-01	   1.4880236953387535e-02	  -3.2538833874022385e-02	   4.1653769431793913e-01	   1.7452387986680878e-01	  -1.5066450295045491e-01	   1.2801293527516125e-01	   4.4282869973628880e-01	  -1.1776924726890076e-01	   3.4241839786509753e-01	   2.9459379216728576e-01	  -1.4417174536934199e-01	  -6.6727080942387329e-02	   8.1849987644927930e-02	   1.7512382988392866e-01	  -2.3928354981879107e-01	  -1.3624070136014257e-01	   6.5701745650233484e-02	   2.7091818227832914e-01	   2.9100164604590567e-01	   7.3504123857166870e-01	  -1.1741521140816766e-01	   4.6929861443493148e-01	   4.3764792425198984e-01	  -6.1697961163828197e-02	   5.7497942111114841e-01	  -3.7028275142514927e-01	   6.3704583595916631e-01	   1.8773720435273200e-01	   3.2421125765594272e-01	   2.8058835465016446e-01	   2.7132707618094348e-01	  -1.5325189981387075e-01	  -1.9113475482397908e-02	   6.5376492066808144e-03	   1.4556069129423335e-01	   2.3640222523787985e-01	   3.3513272041629311e-01	   8.5475676347973839e-01	  -6.2683798992955633e-02	   1.3501017531165671e-01	  -3.8375976654357202e-01	   2.9092012118595717e-01	   5.1348110794014135e-01	   4.1316106736707925e-01	   3.7699863896366076e-01	   4.2056682946637841e-01	   4.3701985503377533e-01	   7.6745062620114468e-01	  -9.0417248337668843e-02	   2.4975123402216864e-01	  -3.9302351211113834e-01	   9.5106722927017862e-01	   7.3597959644117694e-01	  -1.1901635561154560e-01	  -4.3896826491304108e-01	   1.2377182042149830e+00	   1.3551809930611144e-01	   1.6594176064108540e-01	   2.6747485076556549e-01	   1.0211582740127516e+00	   3.7579536321749762e-02	   2.1569838584931617e-01	  -9.7276939986876781e-02	   3.1908758116128128e-01	   8.4717997141826526e-02	   2.6831912460991753e-01	  -8.4349988271418957e-02	   1.0156779239445515e+00	  -1.4745455033391808e-01	   7.7426872548097769e-01	   1.1384468092505837e-01	   3.4357695146984063e-01	  -6.7885164824615984e-01	   1.2918020745179148e-01	  -6.9218189127652124e-02	  -2.1599770708117511e-01	   1.4045530015417607e-01	   1.1478181254221996e-01	   1.2607068619829970e-01	  -1.5153158526781255e-01	   1.3612530429730002e-01	  -5.1945871923010645e-02	
   6.6726265433593135e-01	   5.7074927493049155e-01	   6.4140912345344725e-01	   9.7694717332716297e-01	  -6.4682676502219441e-02	   9.6053050594059608e-02	   6.6417220924762499e-01	   0.0000000000000000e+00	   2.1998679663436471e-01	   1.5903446865503476e-01	   8.6825612209534553e-01	   9.9500211615644529e-01	   8.2819401252612335e-01	   1.1272872280263266e+00	   3.0272049175063998e-01	   4.4552061774720420e-01	   3.4331574160768635e-01	   3.3465863600032852e-01	   6.8479871558062522e-01	   7.1835849239900484e-01	   1.4581864148468079e-01	   1.1773589007552972e-01	   6.0820027334677418e-01	   7.4869145169847873e-01	   1.7722551999195677e-02	   1.8115148451767199e-01	  -4.6391461754609523e-02	  -2.5429130246092922e-02	   6.5168880049759625e-01	   5.8190283819785049e-01	   4.8503478095829822e-01	   7.1923350284294596e-01	   7.4062282316715011e-01	   7.3271709823163256e-01	  -1.2180441100184951e-01	  -6.5402994076403514e-02	   3.5158281570477412e-01	   1.8161825869377313e-01	   2.2623191254837727e-01	   4.2776952833993465e-01	   4.8186256174718767e-01	   3.7316286292048861e-01	   1.2783045391182210e-01	   5.1885339717245356e-02	   2.2496085506642959e-02	   3.0898362358809266e-02	   1.3989922320450182e-01	   1.7377806927968559e-01	  -1.3129190635428539e-01	   2.7805859084951198e-02	  -2.7606878045301032e-02	   4.9279963957073207e-03	   3.4189730931392104e-01	   1.9969862278456041e-01	   1.8689467784674327e-01	   2.2909589807982828e-01	   6.5225996042942624e-01	   4.9766550249792862e-01	   8.4033518445549205e-01	   4.0922456579549588e-01	   9.8114952998844651e-01	   1.0337627671139935e+00	   6.1488731470200675e-01	   6.3994412452384197e-01	   3.5342145313673656e-01	   3.3679058482218088e-01	   3.8456502085188332e-01	   4.1380774051534341e-01	   4.8014788380412909e-01	   5.8293851027151533e-01	   6.2996905376666124e-01	   6.6684412462864917e-01	   2.8376608934123076e-01	   3.5175566340484093e-01	   1.7078294235606323e-01	   3.6355650259089278e-01	   2.9865262968498801e-01	   2.9295828817585740e-01	   5.3234738429536499e-01	   3.6827313941331258e-01	   5.2959441733299462e-01	   4.4780960984393853e-01	   4.5720684504818299e-01	   4.8948758997169206e-01	   2.7969737118666987e-01	   3.1520848262801648e-01	   3.3134557819744154e-01	   3.6060679690050912e-01	   2.5194007982248701e-01	   3.1133855379680297e-01	   2.9258175445976253e-01	   5.8388225919824933e-02	   1.7731399517268487e-01	   1.4341430272713737e-01	   1.6981705141415332e-01	   2.6361836601386313e-01	  -4.0321350754804974e-02	   1.3916776904828515e-01	   1.0660800777077355e-01	   2.0089721880787226e-01	   1.5704631204959013e-01	   1.4852773528683338e-01	   1.8245273346819513e-01	   2.8063277279511217e-01	   4.9678905248266081e-01	   5.3299065559155279e-01	  -3.2622507887596693e-02	  -7.5167049635780463e-03	   1.1593534561872074e-01	  -3.3262565725359439e-01	   2.2445738407546018e-01	   6.4731824844680638e-02	   9.9470377564061727e-03	  -6.1711179034381593e-02	   8.2462394608950607e-02	  -1.4530261341651343e-01	
   1.8834154400024408e-01	   4.0191749795873860e-01	  -3.6069635709243847e-01	  -1.3048226462706708e-01	   1.0853055625098933e+00	   9.2409718235667881e-01	  -2.5602713560850138e-01	   2.1998679663436471e-01	   0.0000000000000000e+00	   9.0333541434419973e-01	   4.9184635927651166e-01	   3.2808563104167571e-01	   9.4490306854050299e-02	   3.7992667198078639e-01	   1.0666173400948378e+00	   6.3310844865380322e-01	   7.4204808694732571e-01	   5.3341832252385979e-01	   1.3554568550738216e-01	   1.3633255619457246e-02	   9.0476785073869070e-01	   9.7190046007066278e-01	  -1.6783639884508661e-01	  -1.1987776179456540e-01	   8.6695140080210772e-02	   1.5079543742434420e-01	   9.6368679183947514e-01	   7.9286476642800108e-01	   4.3837844157207501e-01	   5.3863260708920047e-01	   3.4924509866891229e-01	   3.5039610698202461e-01	   5.3043879266134508e-01	   2.9139412564007700e-01	   6.0043568875785686e-02	   4.4635470882485220e-02	   4.2989352488021804e-01	   4.1869470506007428e-01	   8.2063456435274684e-01	   5.4000995223982673e-01	   6.0459642329876395e-01	   6.9721507866478927e-01	   9.8060801789026861e-02	   1.9660341461237485e-01	   5.0824537711811046e-01	   5.4804717756545596e-01	   3.5247160795892529e-01	   2.8953461146295145e-01	   5.6290889356881046e-01	   6.7352577268375013e-01	   3.5754620262902426e-01	   1.6047034862118079e-01	   2.9455704893565193e-01	  -1.3407756597265363e-01	   3.8978730558162106e-01	   5.4945253940102780e-02	   3.5730655938393191e-01	   4.7576544717053187e-01	   3.0924698396213934e-01	   3.9587186785144302e-01	   3.7872350439308988e-01	   4.5400810696419569e-01	   5.3029480236627047e-01	   5.1282170717958409e-01	   1.2829674922734557e-01	   1.0775469561099872e-01	   6.1010356218933370e-01	   4.7568962258041447e-01	   3.9608204697440369e-01	   3.0362377402129365e-01	  -2.4037890808121850e-02	  -2.4627752100142322e-01	   4.1310623043452682e-01	   6.9464503311330181e-02	   4.0103889537222542e-01	   3.0069439196807095e-02	   2.2328461638780350e-01	   4.9622422994080713e-02	   5.6247860663207450e-01	   4.1989079525630962e-01	   5.7662887114831496e-01	   1.6147155027460128e-01	   8.3687512495340788e-01	   7.7438359601119189e-01	   7.7262124001939325e-01	  -1.0674891371208801e-01	  -2.8054274857303535e-01	   6.1061804200096803e-01	   6.6996882876872121e-01	  -2.9893809185109022e-01	   3.5760147506175916e-01	   2.5507070753919525e-01	   6.4539195186962453e-02	  -3.3263930506639972e-01	   3.4907561898679201e-01	   1.0579596346560741e-01	   1.7940009702224755e-01	  -4.9901220928704387e-02	   6.2932773377114573e-02	  -1.0782351482251274e-02	   3.0123108887669481e-01	  -4.3273338912547499e-01	   4.4903836753038517e-01	  -2.0896286481258253e-01	   9.9165510071124147e-02	  -1.8926822042403505e-03	   3.3679176878068934e-01	  -5.8471683003497719e-02	   3.7472493148616254e-01	  -2.7392328797784637e-01	   1.4599698214954629e-01	   6.3150860120704741e-02	   1.6287823153854841e-01	   4.9372992640457147e-01	  -4.4693896696167919e-02	  -3.9103062909030539e-01	
   3.2513159632205996e-01	   2.8304063348217884e-01	  -2.6283980981470223e-01	  -2.3009121546698014e-01	   6.2694413710484842e-01	   9.4504589441765185e-01	  -5.2680175456021112e-02	   1.5903446865503476e-01	   9.0333541434419973e-01	   0.0000000000000000e+00	   3.8671955291021021e-01	   5.0157527727229789e-01	   2.2019309533852166e-01	   4.4045120905941387e-01	   5.7952062391742565e-01	   1.3020492879260377e+00	   8.0389455651943931e-01	   1.0638651011591509e+00	   3.2633042123939615e-01	   2.8623847417710402e-01	   7.1339066500958459e-01	   9.7393708914196464e-01	  -1.1941599281360170e-01	  -1.1347456937990175e-01	  -6.8620608661453100e-02	   1.6013065035009252e-01	   7.0391973116353601e-01	   8.4527766665087001e-01	   7.3135638418715621e-01	   9.3841454103871014e-01	   2.6234077262276090e-01	   3.9285415549999525e-01	   7.9548500042913506e-01	   7.2413719100367424e-01	   1.6618134349301839e-01	   2.2763001031394631e-01	   6.3809716303769648e-01	   5.0140129480287610e-01	   7.3879918807614819e-01	   6.8175476313453565e-01	   8.6117854672771676e-01	   6.4540938817554683e-01	   4.4551065431002251e-01	   7.0328435284303903e-01	   7.4200324076361568e-01	   9.3992413885098003e-01	   5.4166290481961787e-01	   5.5521033543005271e-01	   6.5142786588186596e-01	   9.1255177398492626e-01	   4.9414290454532350e-01	   5.7821823547957285e-01	   2.8240245710629530e-01	   1.7652213153184906e-01	   3.1516038907125354e-01	   4.9529172818440192e-01	   4.1414504009267861e-01	   4.0459555773582245e-01	   2.6815443868513605e-01	   7.7518597292211633e-03	   1.1680788790854790e-01	   1.7375872351092791e-01	   7.6972959750074965e-01	   8.7817125555592779e-01	  -3.2511519895605866e-03	  -1.6231890233162558e-01	   6.0517571381574442e-01	   7.4675628071613998e-01	   5.1086270590463145e-01	   4.1838801378318735e-01	  -1.4699770035327717e-01	  -6.0654405115691604e-02	   2.4985915571818354e-01	   2.2109345206966910e-01	   1.2955989166720477e-01	   4.4137729682456017e-01	   6.6842029125725011e-01	   3.5602405566261169e-01	   7.3128710934589880e-01	   8.9576803226681578e-01	   7.9887824657046735e-01	   6.6125375933693109e-01	   5.6920359491379546e-01	   1.1200598376706326e+00	   2.2953378595030974e-01	   4.0789256167010524e-01	  -1.1037375703629530e-01	   5.0191303742030036e-01	   1.7966471251478536e-01	   1.3375434188727114e-01	   2.1669773630461711e-01	   1.9309138510224855e-01	   1.3539820976693470e-01	   5.9759069300970157e-02	   4.7110115476700987e-01	   3.7996683660844849e-01	   4.2151258677027553e-01	   3.9089348319792094e-01	   1.5640711574963351e-01	   2.6742651121987404e-01	   2.6486810844267394e-01	   5.3655709941101373e-02	   4.3227431033286018e-01	   2.2674851803729051e-01	  -9.9600516175867418e-02	  -7.5633570313603085e-02	  -3.7090107798743673e-02	   2.0272382172418844e-03	   4.8890780337676365e-01	  -6.2250053569187731e-02	   3.5498965529192983e-01	   3.2917757289320049e-01	   4.8816269272203400e-01	   7.4186269009077210e-01	  -1.3786390249210559e-01	  -2.9667112472602325e-01	
   9.6790926217863482e-01	   8.2834870537228500e-01	   2.4808777355922607e-01	   4.4601124165174710e-01	   1.9566628962028820e-01	   2.9932022977691919e-01	   3.1270586009411960e-01	   8.6825612209534553e-01	   4.9184635927651166e-01	   3.8671955291021021e-01	   0.0000000000000000e+00	   9.1930758704636284e-01	   7.2162820408631467e-01	   1.0868586967201954e+00	   6.5944340620213981e-01	   5.8245879464240224e-01	   7.1328567174175372e-01	   4.9176224665806312e-01	   8.0418688191770138e-01	   7.2243802771966237e-01	   4.8714300858266874e-01	   4.3561249558634196e-01	   2.2010334425902045e-01	   2.5792114325505733e-01	  -5.7390297315014618e-02	   6.9826346045491469e-02	   1.6988711696483644e-01	   1.6098440592627908e-01	   8.8051410925385176e-01	   8.5975148234807497e-01	   6.2337931682568826e-01	   6.9497228944772227e-01	   6.8787719248012436e-01	   5.0093772485572308e-01	  -3.6386047227516088e-01	  -3.7500455440928315e-01	   5.0027199083843132e-01	   3.3576289372698537e-01	   3.5997357854840373e-01	   5.4023854512777891e-01	   7.7241561864553765e-01	   7.9385444668899585e-01	   5.0541687896438210e-02	   1.1237988843376268e-01	   2.3109677969072678e-01	   2.2355695489860700e-01	   2.4733486943861369e-01	   2.7480805874636482e-01	   1.7087986133174929e-01	   3.2589754263438730e-01	   2.2768212952208605e-01	   2.2755971376506590e-01	   3.9722713312376873e-01	   1.0938263463176641e-01	   3.4834997080920099e-01	   2.7084626541728068e-01	   1.1731067897922143e+00	   9.2452593809394645e-01	   9.5836854215463241e-01	   5.0368203969672432e-01	   8.8615386505970328e-01	   7.1285292241523046e-01	   9.7325334987940915e-01	   8.5772418087116908e-01	   1.5162591631913896e-02	  -2.6334414024720084e-02	   3.2703319081694210e-01	   2.8821023745195384e-01	   7.7926119719137876e-01	   8.7051763448305630e-01	   6.5196801012862404e-01	   5.0852805387910260e-01	   4.4601029385184343e-01	   3.3318177989623732e-01	   4.4043472855659860e-01	   2.4745082066376040e-01	   3.2954160590866394e-01	   3.0541366771873535e-01	   7.8076461287765464e-01	   4.3717227079856785e-01	   7.1359347540785145e-01	   4.5031819012550695e-01	   8.2417897567843845e-01	   7.2381040243222805e-01	   5.1710057660167619e-01	   1.4106500955273174e-01	   1.6390819921226385e-01	   4.0659047139635174e-01	   4.8055858452261113e-01	   8.7025917463289443e-02	   1.8501968743179295e-01	  -8.5545034494620129e-02	   1.1438866717323289e-01	  -4.4246120388836095e-02	   2.6931119217921301e-01	   1.8221405413786193e-01	   4.0180633329341499e-02	   8.8293314703600176e-02	   1.1840677232411388e-01	   1.7459457288911531e-01	   3.5365007029696999e-01	  -1.4910101586110567e-02	   3.7742598577437131e-01	   1.9488749885562373e-01	   3.4614020405719920e-01	   2.8942302535646125e-01	   1.3276882036750998e-01	  -7.5100169175604378e-03	   2.2960077014129199e-01	  -3.5810235226404069e-01	   2.2550696884358579e-01	   1.3858612869284273e-01	   1.5008313616389812e-01	  -2.8823445169409202e-02	  -1.3109334986537582e-01	  -2.6624544514607462e-01	
   7.2402163872110648e-01	   4.2198646526678907e-01	   3.3997817033659444e-01	   4.5694510051141757e-01	  -7.3709310699908326e-02	   2.7596047919030375e-01	   5.4446525964710779e-01	   9.9500211615644529e-01	   3.2808563104167571e-01	   5.0157527727229789e-01	   9.1930758704636284e-01	   0.0000000000000000e+00	   9.2620340247462551e-01	   1.4418168839210033e+00	   3.0960016196584905e-01	   8.9144675157252529e-01	   4.0470868134423132e-01	   6.2605374044689532e-01	   6.4251521806875389e-01	   7.0671743491419392e-01	   2.2369644875050973e-01	   2.8886934994015789e-01	   3.2596588438585072e-01	   3.9246836646537075e-01	  -2.4318055158958241e-01	   6.7478486703844319e-03	  -1.1459192468703127e-02	   9.2475427921998282e-02	   9.3216564685529979e-01	   9.1177453092563854e-01	   4.0164611074257883e-01	   6.1228634384215552e-01	   8.5293362154552255e-01	   9.1160129128730838e-01	  -2.1689501249528537e-01	  -1.6271094384721763e-01	   4.2305874467451887e-01	   1.5289346632272927e-01	   2.0126752522712138e-01	   3.8716373585439090e-01	   6.6325580994755728e-01	   4.5983336050799134e-01	   1.8236685597032198e-01	   3.0349823491341171e-01	   1.9853334562157166e-01	   3.1032572803635228e-01	   2.1028616761674229e-01	   2.7400700589258364e-01	   8.0571247500824880e-02	   3.0650152827591792e-01	   9.5897114608417794e-02	   3.3201147863031505e-01	   2.3861598134402021e-01	   2.7950609437458690e-01	   2.1639100036331824e-02	   3.9581597155984455e-01	   6.4027592292859514e-01	   4.3054314592169451e-01	   8.3195525978800666e-01	   1.5992965457572975e-01	   7.7090658786021948e-01	   8.0541534135934278e-01	   7.7463423220458849e-01	   1.1120714192848957e+00	   1.0294083567286470e-01	  -4.8208098098330406e-03	   2.8256615355612152e-01	   4.5632217500942168e-01	   4.3177332963515835e-01	   5.3840183454540680e-01	   4.0629372522303475e-01	   5.6625877063162977e-01	   2.9188674193530867e-01	   4.7326607457363917e-01	   1.1717859026522702e-01	   6.1689482833218456e-01	   5.0717963092358453e-01	   3.7064264685984971e-01	   6.3059365820387703e-01	   6.0686673240116340e-01	   6.1123165924507394e-01	   7.3551826755143090e-01	   3.3145743517681753e-01	   7.0916173181904796e-01	   6.8141502733751691e-02	   5.8510420001245200e-01	   1.5015141517768435e-01	   2.2426977451209884e-01	  -2.3470697754001436e-02	   4.1612750700722079e-01	   1.4689056780729340e-01	  -4.7302036572189336e-02	   8.1066318384273556e-02	   2.4070752038219673e-01	   1.6350173527579073e-01	   2.1460557015879989e-01	   2.7622950389336889e-02	   2.2448360027233441e-01	   6.6293325993869182e-02	   2.9608965093216610e-01	   1.7660932430275311e-01	   3.1510905539032730e-01	   1.9517863892537868e-01	   4.8539407681251667e-01	   1.3885792045971784e-01	   2.4456808925414247e-01	  -1.0602976439167622e-01	   1.0999840767447010e-01	   8.5212559059707205e-02	  -2.6939122428198470e-01	   1.9582968556777738e-01	   1.4206312331308635e-01	   2.3692888586539237e-01	   1.2379055454070793e-01	  -2.6540258795270982e-03	  -1.2632044774767431e-01	
   8.4851543224599812e-01	   2.7370507143969169e-01	   7.0345238555536049e-01	   4.5927312619827776e-01	  -4.5079799262873971e-01	  -8.1407532109773778e-02	   1.2653121821546633e+00	   8.2819401252612335e-01	   9.4490306854050299e-02	   2.2019309533852166e-01	   7.2162820408631467e-01	   9.2620340247462551e-01	   0.0000000000000000e+00	   8.3452919154351035e-01	   3.0774643734001007e-02	   5.2813566330069550e-01	   2.5319030161966821e-01	   5.2849876596281309e-01	   6.1577921702315652e-01	   7.6901820131409038e-01	  -1.5236590968371530e-01	  -1.1393867017023042e-01	   6.0666925384775161e-01	   5.3759050459459568e-01	  -3.6544453464674359e-01	  -9.4488032275136441e-02	  -3.8326416408215058e-01	  -2.4650390370234329e-01	   8.1790081694749206e-01	   6.0474839906014044e-01	   1.3427806097418221e-01	   3.3190544777965286e-01	   5.5241640144408732e-01	   7.0255814517488169e-01	  -2.5868799886159577e-01	  -2.9630365023254579e-01	   5.0762946976590229e-01	   2.3938051809098373e-01	  -3.7446094868797540e-02	   3.0927772640605888e-01	   7.0796443181947111e-01	   1.9841798785613321e-01	   2.4631178436650228e-01	   3.3169694383450621e-01	  -8.7288862136392243e-03	   1.1343709676891492e-01	   1.3913017606751135e-01	   2.6633074481413566e-01	  -7.7694231147944021e-02	   1.0760614060082886e-01	   1.4259134634635118e-01	   4.1030457867353781e-01	   3.6053101006779825e-01	   6.2580196302309354e-01	  -4.7233977278250169e-02	   4.6642467529956966e-01	   6.6832211033388811e-01	   1.6940823162920271e-01	   7.6413752896326392e-01	  -1.6049295792199569e-01	   7.7815976759224148e-01	   4.1420626358055007e-01	   5.8475378188899940e-01	   5.7255457196321047e-01	   7.5240216832132265e-02	  -2.4238143893247052e-01	  -1.1094261542787127e-02	   7.0190716503540487e-02	   3.3075261114051741e-01	   4.2296206221682275e-01	   4.0187026368155726e-01	   8.5997129692269314e-01	   1.2458424207983409e-03	   1.5419678233219761e-01	  -2.2617135258646548e-01	   3.0144290663660556e-01	   4.8654951561245385e-01	   3.0303676323041345e-01	   6.4417488031628500e-01	   5.7996524959195284e-01	   6.8330524448175145e-01	   9.1028980448151375e-01	   1.6256021758171441e-01	   5.4147595068720911e-01	  -1.7372003061639399e-01	   8.3714577359352305e-01	   5.7480136873283583e-01	   8.7954595071838892e-02	  -2.1630964569149119e-01	   8.6036784110650233e-01	   1.4281070350816244e-01	   7.0808428417186292e-02	   2.3027688321041306e-01	   7.1531223652530196e-01	   5.9779784200800191e-02	   1.6830266424845336e-01	  -1.4320966674400265e-01	   2.3404783264978790e-01	   1.1906292867382515e-02	   2.3334656997167086e-01	   5.2724884661108883e-02	   7.3037686963950832e-01	  -5.5208640623356418e-02	   6.3859739249789793e-01	   1.0076383526982703e-01	   2.6981334002050056e-01	  -4.1486551632628377e-01	   1.5271312704081466e-01	  -4.5556627790525807e-02	  -3.6113241191817086e-01	   1.4965704433497179e-01	   1.0054187916844502e-01	   1.9380849803509503e-01	  -6.3387359733151086e-02	   5.4303737164446364e-02	  -1.9628497659440758e-01	
