   0.0000000000000000e+00	   5.8301696910131606e-01	   6.3544162025093076e-01	   6.2182061426024993e-01	   5.2014128331556120e-01	   5.8401866233329425e-01	   6.4790201997424157e-01	   5.7542993585120172e-01	   5.0672900445542290e-01	   4.1743264661600649e-01	   5.8174545315037374e-01	   2.3700773009557438e-01	   6.3756590392617518e-01	   2.5526003258507796e-01	   4.4763626795481959e-01	   4.8454188494351919e-01	   2.4524260991490174e-01	   3.1368152038264963e-01	   7.4818451827917243e-01	   7.6592861308998650e-01	   6.2644844504497810e-01	   6.2694722207794540e-01	   4.2890986600014858e-01	   4.0576896491524744e-01	   4.6444634598234386e-01	   4.3907553268175725e-01	   5.5316686608417520e-01	   6.7685656513421999e-01	   4.7673914568140918e-01	   3.8167773666200777e-01	   3.3116550615755153e-01	   3.1392317691884908e-01	   3.5307176550692643e-01	   2.8702369257135885e-01	   3.4125993511406716e-01	   4.8604048869764155e-01	   5.5692858897494202e-01	   2.8795858903995697e-01	   6.1633276919558333e-01	   5.3822671468396233e-01	   5.8540027479704038e-01	   4.3490125863917428e-01	   6.9991817632359388e-01	   7.3945273753119012e-01	   5.7695220015122783e-01	   7.0221299577562424e-01	   6.1110627234341108e-01	   6.2259064088974614e-01	   6.8389500841292605e-01	   5.1509220226468666e-01	   7.1561963539706663e-01	   7.7111214553147478e-01	   4.6946135315301113e-01	   7.5479811883082581e-01	   5.1093400497000174e-01	   7.1292170107573172e-01	   1.1130408452594396e+00	   4.8893935705735486e-01	   6.7029910129215486e-01	   4.1560290855642634e-01	   6.2655396529453633e-01	   2.3399817110837967e-01	   1.7130034253124057e-01	   2.3067056286197990e-03	   1.1890199018650847e-01	   1.5021848442255897e-01	   4.3801062348613090e-01	   4.6413322948402602e-01	   7.8230452800000050e-01	   7.6423615366026476e-01	   5.5406318569681767e-01	   5.1943684884971697e-01	   4.7576134362723732e-01	   3.0784839989307083e-01	   3.7347938324785279e-01	   2.8955081647743042e-01	   6.5983391146124648e-01	   5.3729136736680116e-01	   3.8335054218714404e-01	   5.7415024678403948e-01	   4.7630166525215789e-01	   4.6100174241550373e-01	   5.1095562724190202e-01	   3.3677781546450619e-01	   3.7916499308011181e-01	   6.3100988366677013e-01	   4.5342275130667326e-01	   2.8537567708791506e-01	   3.0754325303611307e-01	   7.9175324532620350e-01	   4.7925249471436371e-01	   4.4396132044138020e-01	   4.1414018871029434e-01	   5.8012913126011600e-01	  -3.7994646728717024e-02	   2.5271934568967402e-01	   3.7661476595897697e-01	   2.4172415148194032e-01	   4.0644310136366962e-01	   3.6240116793907706e-01	   2.4609061834213969e-01	   7.8547538551606799e-01	   3.3063589915749569e-01	   6.0133274403678283e-01	   2.9689766650461807e-01	   3.2392895109075004e-01	   2.1642925893578813e-01	   2.9527905276202010e-01	  -3.2206451997592644e-01	  -3.8849939426433228e-01	   3.2867937532330926e-01	   3.3154917958240449e-01	   6.2130361476805140e-01	   4.0604591649707100e-01	   2.6230174023008773e-01	   9.6024017084810315e-02	
   5.8301696910131606e-01	   0.0000000000000000e+00	   1.7926358224993788e-01	   8.0747481486050288e-01	   4.0651755914067333e-01	   4.0773542217951392e-01	  -5.6174239936301475e-02	   1.1912870522546259e+00	   4.4348724691477320e-01	   2.9237404011653878e-01	   6.7902812689725645e-01	   9.3464206310146114e-01	   5.7134682324249253e-01	   7.5442357287636996e-01	   9.9239741630063238e-01	   5.3050318935954710e-01	   4.0422195119890930e-01	   6.7008686754033620e-01	   1.1137717777415939e+00	   1.2645061982637671e+00	   3.1204014764277538e-01	   5.1152709909151528e-01	   3.4193662235996020e-01	   5.0763626186561761e-01	   3.9242336078308659e-01	   4.4807816891888130e-01	   2.1239453061937186e-01	   2.3938603311895540e-01	   4.7878284414174976e-01	   8.0398825548321873e-01	   3.9768117370256539e-01	   4.1553774855852482e-01	   7.9670482664913034e-01	   7.9718777872771129e-01	   2.5921574429138550e-01	   3.0738930894902566e-01	   5.4967887424850759e-01	   7.5014269948595302e-01	   1.0040684709804575e+00	   8.1228184995025643e-01	   8.2314691712885824e-01	   7.4980836288118891e-01	   5.6509279852638061e-01	   6.7223042131527921e-01	   6.6190153097932647e-01	   8.8409107138548693e-01	   8.5148847428287566e-01	   6.7692950768080140e-01	   1.1345331063274242e+00	   9.0539024299657000e-01	   6.9228172714130443e-01	   5.2974157335431848e-01	   6.3432179773484543e-01	   2.8510190398096136e-01	   1.0228870733246234e+00	   7.4843821923355869e-01	   6.7611619623295183e-01	   1.7794148256079940e+00	   6.3911777028806449e-01	   9.1154567451258373e-01	   4.8449268560328773e-01	   5.9889460223949043e-01	   2.1025371013122549e-01	   5.2826073090599190e-01	   3.0767135525750555e-01	   5.4732205918885923e-01	   7.0514254174201429e-01	   7.4997407800963156e-01	   1.2067604685078697e+00	   1.1289532882610773e+00	   4.4131514077478906e-01	   5.4198525466869585e-01	   7.0182999994467576e-01	   7.1221421477552893e-01	   8.2973557719690960e-01	   6.5552823282837647e-01	   9.3164888519303535e-01	   9.5010970611843848e-01	   7.3556225559439703e-01	   5.0838160614237726e-01	   7.4306613707077696e-01	   1.1557308694917066e+00	   9.7628753055776096e-01	   1.0237077656207036e+00	   8.8361597211020837e-01	   5.3610446921419397e-01	   1.1339073144949703e+00	   8.0099812369496559e-01	   1.1164266065112121e+00	   2.8590006754963621e-01	   6.7665242578171914e-01	   4.8092450361114208e-01	   4.8972591012081423e-01	   1.0901118752183808e-01	   6.1161260156042896e-02	   4.8996507350103807e-01	   6.3007254840031635e-01	   4.9232034210340181e-01	   5.4823701082830545e-01	   5.3624548129554972e-01	   7.5594489537092147e-01	   1.0690368587876990e-01	   8.0668689582940756e-01	   5.9050630187388320e-01	   5.9392997568236749e-01	   3.1892308624641574e-01	   6.7781120625641844e-01	   4.7845305460301835e-01	  -1.3506760235581100e-01	  -1.3341962962511647e-01	   6.0219108043081115e-01	   4.6410500238520724e-01	   4.8016424388074769e-01	   4.2730890414162193e-01	   1.5698936588520504e-01	   3.1091325161692978e-02	
   6.3544162025093076e-01	   1.7926358224993788e-01	   0.0000000000000000e+00	   9.7300884938373167e-01	   2.5983164046014007e-01	   1.7403933899957444e-01	   1.4466395110892944e+00	   4.6655107456469630e-01	   2.6101128331538798e-01	   3.6509903558363680e-03	   1.3217708872334288e-01	  -2.0787958310101279e-01	   3.9564507333831506e-01	  -1.8714325018672309e-01	   2.8837119027892139e-01	   7.5231982720815369e-02	   2.2704960891591311e-01	   3.0562392126323269e-02	   4.1481260653567598e-01	   2.8382379402707780e-01	   4.3339588388831718e-01	   2.5916084765818242e-01	   1.3382596787134475e+00	   9.9991365079605188e-01	   6.9558045375530686e-01	   5.8654958049655104e-01	   4.5957096207487380e-01	   5.5822541997985742e-01	   3.0775346065505688e-01	   8.1425368377019913e-02	   1.9144636731628178e-01	   1.0830603113655815e-01	   2.3118841931968159e-01	   1.5073715436115243e-01	   7.6112501171043501e-01	   6.1976224309881078e-01	   7.4446580461424217e-01	   3.7758063666543834e-01	   5.6398574210995811e-01	   3.7972914234900634e-01	   3.4509941538084887e-01	   3.1837008194569372e-01	   9.4794407790780588e-01	   6.9591996801212064e-01	   7.2499784935908196e-01	   4.4453676623932703e-01	   7.6189722624310940e-01	   6.2789508290164420e-01	   6.1734284435467579e-01	   1.6982072176389013e-01	   9.6067196282181744e-01	   5.8751255824753834e-01	   8.0617692342133640e-01	   8.3576791968998210e-01	   6.4537494378099847e-01	   5.8191315490257567e-01	   3.8325444995548413e-01	   6.4881957906965770e-02	   1.2227460169306699e-01	  -4.4518837616253928e-02	   1.9445058434799908e-01	  -1.4339532021359347e-01	  -7.5308909574751517e-02	  -4.0919122083994913e-01	   4.4902470665362904e-01	   2.9547671732264268e-02	   4.4777249802090430e-01	   3.7769361426642223e-01	   4.2414035619145191e-01	   3.6977060949026996e-01	   1.4663274803505527e-01	   1.9034016620691155e-01	   5.6626949455045969e-02	  -1.3881747669408614e-01	  -8.5419575839454809e-02	  -1.5717604715770980e-01	   4.8298442735309022e-01	   2.7798966948499371e-01	   2.0304371814557839e-01	   2.0759198082370520e-01	   3.0900448274205283e-01	   1.9288003052729408e-01	   5.1030117086927418e-01	   1.7708440562127070e-01	   6.6839828234272958e-01	   5.0412048021631539e-01	   1.8333414013473298e-01	   2.4246075089141109e-01	   4.1252904439632598e-01	   4.9853238277286949e-01	   4.1613368022336406e-01	   3.5192121201076065e-01	   5.2986282316070665e-01	   7.0708446556391957e-01	   8.8571224503765741e-02	   2.0588369163642115e-01	   3.9690174715437143e-01	   1.1142803385155951e-01	   5.0206019310478167e-01	   1.3030552261899736e-01	   8.7294593712839777e-02	   5.6329186639583106e-01	   3.0090408225077442e-02	   2.4741685249921397e-01	   3.3438804929293231e-01	   3.5132819285281880e-01	   1.5627627147499060e-01	  -1.6278542959703029e-02	  -2.1920934046821845e-02	  -2.1649006953699379e-01	   4.2006703618279589e-01	   2.8419425281684957e-01	   6.6751331129336822e-01	   5.9638678260747147e-01	   4.0303388987984406e-01	   2.2237330071730155e-01	
   6.2182061426024993e-01	   8.0747481486050288e-01	   9.7300884938373167e-01	   0.0000000000000000e+00	   4.1094657245202509e-01	   3.8030246807390888e-01	   5.9518207762615793e-01	   1.1637727429062186e+00	   4.1902598197421914e-01	   2.2389629920060758e-01	   3.4602724186021327e-01	   3.0879497362299457e-01	   5.2952093927677946e-01	   2.9516267311235700e-01	   7.8778393570946947e-01	   4.1336407415136811e-01	   1.8621472047352777e-01	   1.9613669338846398e-01	   7.7834102348369583e-01	   7.1956013306956024e-01	   4.0129562150501635e-01	   4.2843124043092451e-01	   1.1749116440086649e+00	   1.4128039479088690e+00	   7.2858638996124425e-01	   7.4832007883980689e-01	   4.1458774265754217e-01	   5.3419020312309606e-01	   2.7407397077231876e-01	   3.4781541008603556e-01	   2.5792860223376524e-01	   2.2034112884101675e-01	   5.5710502734758283e-01	   4.8477520699512811e-01	   7.6899563527258097e-01	   6.8203432308165823e-01	   8.3623262895053996e-01	   7.3968700487828254e-01	   1.0131237074167612e+00	   7.0198094511089781e-01	   6.3309994455904461e-01	   6.0058929543102535e-01	   1.1101131702800795e+00	   9.5893459084650479e-01	   9.8215882135552834e-01	   8.9273956716061642e-01	   1.1748477009239604e+00	   9.9004820850503883e-01	   1.1169580903996461e+00	   6.9464109412908936e-01	   9.7684315117472054e-01	   6.1974142215337735e-01	   8.2460026087349758e-01	   7.3227339625603771e-01	   1.0588605302287111e+00	   8.0797395053104293e-01	   5.2927830002370668e-01	   5.9846493775239562e-01	   5.2066541770425412e-01	   5.2887057271678639e-01	   4.3751632493550729e-01	   2.5737949241566926e-01	   6.0052596658931083e-02	  -5.8332313410385016e-03	   6.9907246550749647e-01	   5.3514498916585018e-01	   9.3600239667886986e-01	   8.6230979499187410e-01	   1.0247229161921385e+00	   9.3875818248704679e-01	   1.9975980548030378e-01	   3.3946367056344273e-01	   2.6315489979555634e-01	   1.7573446168537543e-01	   2.6638956786580648e-01	   1.7703089785781781e-01	   8.2090727396568652e-01	   6.6710718451341666e-01	   3.4681668247423325e-01	   2.4993193035557132e-01	   4.6554226322764275e-01	   6.7292269540604510e-01	   9.5014310465850593e-01	   6.6698023994761479e-01	   1.1686791402086363e+00	   8.0855668166647487e-01	   8.2846892417364126e-01	   7.2651202646655777e-01	   1.0952510282511367e+00	   5.0732520988277041e-01	   8.8303923016496844e-01	   6.3606029684071097e-01	   9.1383910202210816e-01	   5.7776449702036181e-01	   1.5181944055090107e-01	   4.8222086576110312e-01	   6.7721204049307659e-01	   4.1906108095451877e-01	   7.5076582328353347e-01	   5.0059694854188996e-01	   6.3591622105218637e-01	   4.8923082764195808e-01	   6.3154212265706466e-01	   6.6417466266757519e-01	   7.1903877538615368e-01	   5.0362185475055754e-01	   5.2316129978325943e-01	   3.1606571630185276e-01	   9.0497421440103587e-03	  -7.1337909242445097e-02	   7.7136451942291306e-01	   5.2680168797368132e-01	   7.9289740236214890e-01	   7.2534040273147316e-01	   2.7976943177464808e-01	   5.6383623646495601e-02	
   5.2014128331556120e-01	   4.0651755914067333e-01	   2.5983164046014007e-01	   4.1094657245202509e-01	   0.0000000000000000e+00	   1.2190223765914239e+00	   2.7401192346490205e-01	   5.1801811258782060e-01	   1.3950339631434518e+00	   5.1963341874105917e-01	   5.0044106256198362e-01	   4.1369302227014559e-01	   5.8862367752723499e-01	   4.8388761320512719e-01	   8.7107256668154820e-01	   5.8804921261410537e-01	   1.4057489842355600e-01	   2.6335141903123072e-01	   4.6071423862577854e-01	   5.2271308573003561e-01	   9.9323166926011552e-01	   1.0417765935203838e+00	   4.1944750411566156e-01	   4.0602649778156819e-01	   9.2851889605602778e-01	   9.2920059978864977e-01	   1.4368055292529580e+00	   1.3921211579858175e+00	   5.3182958295341454e-01	   6.4597929159658096e-01	   8.3132590660194061e-01	   8.4326363663745596e-01	   5.1339919567122883e-01	   5.0964441238619951e-01	   2.2073058370683327e-01	   3.0549550660855740e-01	   3.7648428965668401e-01	   2.3026530655356425e-01	   4.0176279673726112e-01	   3.1780013781289146e-01	   7.1701775460341743e-01	   4.6842014064549176e-01	   3.3424414256030066e-01	   2.6798968321788974e-01	   3.4226645030791786e-01	   4.3868266135279627e-01	   2.6849659880535759e-01	   3.4658517366639735e-01	   3.9673325355479427e-01	   5.2870175560616395e-01	   2.0811843485740250e-01	   3.5923646252692792e-01	   1.1354004992281379e-01	   2.9443155617544720e-01	   2.0189002869994516e-01	   2.7769614708112245e-01	   5.7227111095435723e-01	   2.9607477745492100e-01	   5.4096043034895713e-01	   5.2194086727954248e-01	   6.5137603845894110e-01	   3.9470877764223272e-01	   3.0464752217543112e-01	   1.9382636586857932e-01	   2.5433072240497268e-01	   3.9397345348596685e-01	   4.5575006018093639e-01	   5.2604127346199658e-01	   4.4298445992480262e-01	   4.2980327323668377e-01	   6.3306935531198683e-01	   7.7648767837239729e-01	   6.2184057132222126e-01	   6.1706765699172172e-01	   5.4002913556732857e-01	   4.4647330757119319e-01	   3.9449495264358037e-01	   3.3657105583967706e-01	   3.3081335583296512e-01	   4.7592302492345362e-01	   4.2923368156663388e-01	   5.5863658002126249e-01	   5.0548404007636938e-01	   4.7859182120925703e-01	   2.9508858247161623e-01	   4.7378095676412185e-01	   5.2912212864678176e-01	   2.9177943608051299e-01	   3.0952455161154563e-01	   4.0057159782536533e-01	   4.2460084767932599e-01	   4.4021000332894428e-01	   3.4136346578849275e-01	   2.7417907315484791e-01	  -2.9800474642288039e-02	   1.6561947746908390e-01	   1.7849484385851327e-01	   2.5370528039806362e-01	   2.3387647500369457e-01	   3.8600496301144788e-01	   2.4348934018599064e-01	   2.7497481293424708e-01	   3.6665672437243590e-01	   4.8716196276586426e-01	   3.5687547615736193e-01	   3.3214737631661806e-01	   4.7457428956523807e-02	   2.6425607605175605e-01	  -1.8669206183046200e-01	  -1.6760524123004483e-01	   3.0447228982702618e-01	   2.8001374202750834e-01	   3.7244825818374766e-01	   2.2820830829770147e-01	   8.5435951147983094e-02	  -2.5673417235420895e-02	
   5.8401866233329425e-01	   4.0773542217951392e-01	   1.7403933899957444e-01	   3.8030246807390888e-01	   1.2190223765914239e+00	   0.0000000000000000e+00	   2.6763101864308364e-01	   5.4457869376519741e-01	   1.0002447999607382e+00	   1.1605800507682054e+00	   3.7561046604591708e-01	   5.8350750122703499e-01	   5.2789729668456120e-01	   7.5346039273050891e-01	   6.8894199663115407e-01	   1.2472786466793260e+00	  -6.2120208309447374e-02	   2.9385664788243870e-01	   5.0632523634454007e-01	   5.5894321567483540e-01	   6.8358139908578641e-01	   8.6370695579578616e-01	   3.1044500984134915e-01	   3.9310319689246492e-01	   7.4467250234514981e-01	   8.8360693157536874e-01	   7.8506240229851942e-01	   9.9762756349878212e-01	   2.6965785418025834e-01	   6.0670812201312574e-01	   6.2838168710126907e-01	   6.8699774819658421e-01	   4.5659001438540209e-01	   4.6079547820274863e-01	   3.8790865034238881e-01	   5.6273497335997980e-01	   3.3150703764220713e-01	   3.7198764316672966e-01	   4.0888383083810592e-01	   5.4127846539259750e-01	   6.6855720545179931e-01	   5.5853615935821366e-01	   2.9495898051534514e-01	   3.0747907745102748e-01	   3.9761600360386401e-01	   6.4244020346769504e-01	   2.9382577028470447e-01	   5.4902732163525370e-01	   4.7292241561949544e-01	   7.5546560119809991e-01	   9.4829027824195056e-02	   2.2377191873676550e-01	  -6.4508524317567165e-02	   4.4860123117946371e-01	   1.4367470987211989e-01	   5.3526199928080076e-01	   7.6923413164239407e-01	   3.5160648196746258e-01	   9.9498198117052539e-01	   8.4238088302955183e-01	   9.5451161288309017e-01	   5.8085232189274549e-01	   3.5502023714012798e-01	   2.3645897242451125e-01	   2.9747043905970993e-01	   5.7339421235070798e-01	   6.5081735078592784e-01	   7.3681232153683518e-01	   6.0298922653548825e-01	   6.3010552783776452e-01	   5.9288000637980431e-01	   8.2960269868104941e-01	   4.6996499240977196e-01	   6.3763533444111997e-01	   5.6194116710465614e-01	   5.9868110161972987e-01	   4.7024958746346357e-01	   4.9383723839978871e-01	   1.7428860287177861e-01	   5.7976834971624480e-01	   2.4244515923858284e-01	   6.1951677991709708e-01	   4.8323455665585846e-01	   5.2462367577152336e-01	   1.3350170120674512e-01	   8.0998021295273459e-01	   6.8048490421094399e-01	   5.9470736675209823e-01	   1.3043062077110232e-01	   8.8211824550918749e-01	   6.5283527015509468e-01	   7.6226868963809813e-01	   4.5439172835465752e-01	   5.1098426303179001e-01	   4.2410383487636094e-02	   4.1462675881073563e-01	   2.8715717732352547e-01	   5.2435672871545780e-01	   3.7091867182611393e-01	   7.9031638119919201e-01	   3.1836861521332355e-01	   5.7428740251580790e-01	   5.4235635343407718e-01	   9.6182574781145336e-01	   3.8822136645018895e-01	   4.2805162342421083e-01	   1.3326853937616248e-01	   5.3949349563748250e-01	  -1.0372746640906343e-01	  -1.6129675304945451e-01	   4.5069336020793349e-01	   5.6456384569789786e-01	   5.1848449287898746e-01	   2.4407018962024374e-01	  -2.6033437548053498e-02	  -1.3571687493301038e-01	
   6.4790201997424157e-01	  -5.6174239936301475e-02	   1.4466395110892944e+00	   5.9518207762615793e-01	   2.7401192346490205e-01	   2.6763101864308364e-01	   0.0000000000000000e+00	   3.0982383148301590e-01	   2.9198793527531242e-01	   1.6468817193192881e-01	   1.9796731486577054e-01	  -2.6605302703851380e-01	   3.5984820449479737e-01	  -1.8360396180037392e-01	   9.4845713646546065e-02	   1.3271161137455903e-01	   1.5035342408521457e-01	   2.0201940095601356e-03	   2.6431839029931314e-01	   1.4897631933629829e-01	   4.6397168771411101e-01	   2.3807006096748123e-01	   9.0822819400462718e-01	   6.8329971095096165e-01	   5.8444556741701226e-01	   4.8845445033928658e-01	   4.5698528631810076e-01	   5.8409068065070202e-01	   2.3949643987095698e-01	   2.8423480787184031e-02	   1.8110329406218323e-01	   1.2476950211230581e-01	   1.4107631867610876e-01	   8.7338865615256528e-02	   6.8000815157673644e-01	   6.6029055933104341e-01	   5.5121015109666016e-01	   2.0916689981007552e-01	   3.1098605931982654e-01	   2.3565209876179230e-01	   2.7386703452579603e-01	   2.0659483179201027e-01	   7.4764197306143310e-01	   5.7740693031928658e-01	   5.6553429399031963e-01	   3.9164776706476800e-01	   5.1188937460443362e-01	   5.3859713994220304e-01	   4.1395685147203626e-01	   9.7254050465782213e-02	   6.3260620808386780e-01	   4.5306352277820172e-01	   4.5157676923582268e-01	   9.6783716582231394e-01	   3.0133328636682644e-01	   4.9236285603106122e-01	   4.2658240692379318e-01	  -1.1900748322153056e-01	   1.4969351208726211e-01	  -9.3070293823028574e-02	   3.4282210221648268e-01	  -6.2214413668794211e-02	   8.9834218987188436e-02	  -3.4483918418528509e-01	   3.9092219051216376e-01	   7.8157136735437435e-03	   3.7348281072198147e-01	   3.3105045668430483e-01	   2.9616204222444942e-01	   2.5604290588917999e-01	   1.9704470433873342e-01	   2.0859144377436045e-01	   5.5894056357582780e-02	  -1.1449194275598255e-01	  -7.5074753685797121e-02	  -1.1229637200876913e-01	   3.7703732120081473e-01	   2.2303656073619299e-01	   7.6199290158193003e-02	   3.1063022994122136e-01	   1.9274027006833816e-01	   9.4031321993441053e-02	   3.0879752659109239e-01	   2.8615559381572411e-02	   3.3491090763511711e-01	   5.1119069768726277e-01	   2.6614886068708914e-02	   9.4676917267717819e-02	   5.2945469605237001e-02	   6.7003328225353709e-01	   3.4420437898325212e-01	   3.8149040150882269e-01	   4.5051913035468627e-01	   8.8933303519218454e-01	   1.5105856158640241e-01	   1.7583479841717825e-01	   3.0594845175306523e-01	   9.6100035163861938e-02	   4.3003178930454378e-01	   1.8229812288314431e-01	  -6.0076290437450483e-02	   7.4661107636517254e-01	  -4.7361339291730406e-02	   2.8359195307819440e-01	   1.6397299119356301e-01	   2.5866907137017359e-01	  -3.1620805994822018e-02	  -1.6716621088103446e-02	  -2.0249736984096076e-02	  -2.0275472683734097e-01	   2.7018532365398878e-01	   2.8184666947601156e-01	   6.5334421691627309e-01	   5.4773399385705179e-01	   2.9344141138255708e-01	   1.3702741419864523e-01	
   5.7542993585120172e-01	   1.1912870522546259e+00	   4.6655107456469630e-01	   1.1637727429062186e+00	   5.1801811258782060e-01	   5.4457869376519741e-01	   3.0982383148301590e-01	   0.0000000000000000e+00	   6.1685928519042832e-01	   4.0938467082956631e-01	   7.2940207210746311e-01	   8.1438957380895349e-01	   7.1174925277085033e-01	   8.0327110463262219e-01	   9.8784843006581513e-01	   5.9515592571718545e-01	   3.6486387213746596e-01	   6.0774176213538600e-01	   1.1687748310085180e+00	   1.1317686087860472e+00	   3.6786458036464054e-01	   4.7818949046525838e-01	   6.1609616693674651e-01	   7.9719492535427061e-01	   4.9638608075196461e-01	   5.3120331636918883e-01	   3.0425194875838779e-01	   3.9304640553377795e-01	   5.1228902130796927e-01	   8.0801881698746647e-01	   4.6049776120855851e-01	   4.6896030205364153e-01	   8.0351544927996421e-01	   8.0014851688850797e-01	   4.0839324552240180e-01	   4.7976254289728654e-01	   6.1327311953802721e-01	   7.1220268685103261e-01	   9.5350486204039153e-01	   7.5345851688812315e-01	   7.6930307055584279e-01	   7.6135517157257238e-01	   7.7075597877663615e-01	   7.6760891963798827e-01	   7.5214768018762612e-01	   9.9593313146433116e-01	   9.9201236440332696e-01	   8.6494981317316011e-01	   1.3395540628532765e+00	   9.7377236222382324e-01	   8.0794791578791425e-01	   5.3380288528918696e-01	   6.9256083349126640e-01	   6.0474508166900687e-01	   1.0862905670805341e+00	   8.5507093107310372e-01	   6.6388876944413144e-01	   9.3774774147949447e-01	   6.7942041210964299e-01	   8.3568816470186313e-01	   5.9878541925910189e-01	   4.7547527996765881e-01	   3.0556608213862291e-01	   4.1142888612052353e-01	   4.3276343219852431e-01	   5.3030966540625235e-01	   8.9310140972180441e-01	   8.9130786931621908e-01	   1.2137492712521025e+00	   1.0369127167807506e+00	   4.5921226270797488e-01	   6.1385417504682405e-01	   6.3904759910866082e-01	   5.9890897195600523e-01	   7.4729277463777422e-01	   6.0012503754324154e-01	   1.0923537281913691e+00	   9.7179999860791766e-01	   6.7611212952950495e-01	   5.4092792578999693e-01	   7.7799471206854087e-01	   1.1029796578816982e+00	   1.1781988132863481e+00	   1.0430926403733385e+00	   8.8340278637886138e-01	   6.3839155284146498e-01	   9.8324391623915353e-01	   7.7208063831372165e-01	   1.0318581164052514e+00	   4.4263767059628356e-01	   1.0591625620024112e+00	   7.3890985039277912e-01	   9.1518625363537720e-01	   4.1029489774780770e-01	   1.7476473675991711e-01	   5.7776372238457363e-01	   7.7519065145014521e-01	   5.7473854793967172e-01	   9.7974627895374222e-01	   7.8378584482000047e-01	   9.6550906734403985e-01	   3.2221374169849937e-01	   9.7697108390856702e-01	   7.6099924557386800e-01	   8.0207198505195010e-01	   4.3666066543255538e-01	   6.7888059656287625e-01	   5.4519272971452049e-01	  -4.9547315025951541e-02	  -1.4130964175322697e-01	   7.2065387661297420e-01	   7.2754384826407148e-01	   8.7320514385672998e-01	   7.0503884199615752e-01	   2.4491441181312681e-01	   1.1645901824453554e-01	
   5.0672900445542290e-01	   4.4348724691477320e-01	   2.6101128331538798e-01	   4.1902598197421914e-01	   1.3950339631434518e+00	   1.0002447999607382e+00	   2.9198793527531242e-01	   6.1685928519042832e-01	   0.0000000000000000e+00	   5.3130718931145060e-01	   6.7097245987760734e-01	   4.2153366185709684e-01	   7.3386943518732872e-01	   4.7061373839028880e-01	   9.9682354189651023e-01	   5.6926951022822658e-01	   2.1883452870941744e-01	   3.2018879956574259e-01	   6.2387968457181486e-01	   6.3861282760749261e-01	   8.0334164550833398e-01	   9.4088237193273350e-01	   4.4324145298225048e-01	   4.0346484020447593e-01	   7.7935155455786731e-01	   7.9083648444621368e-01	   8.9708715522375937e-01	   9.5340864861892738e-01	   6.8319006733471588e-01	   7.5029738899026210e-01	   9.8609217365818758e-01	   1.0554188322033187e+00	   6.1955320004811798e-01	   6.2467420066210844e-01	   2.0012998742315630e-01	   2.7791726037762521e-01	   4.0254494600767887e-01	   2.6372302710868406e-01	   4.7852185393394431e-01	   3.6986439145058170e-01	   6.9512045836439418e-01	   4.8892702936881599e-01	   3.2622398479897863e-01	   2.6566167690983927e-01	   3.3223697122026086e-01	   4.3800159231327773e-01	   2.8821600993370627e-01	   3.3506797148540851e-01	   4.4590898121631073e-01	   6.2373450270574238e-01	   2.5970373415647230e-01	   4.5532413086087498e-01	   1.3358691412226972e-01	   3.2192015961946691e-01	   2.8262575530289757e-01	   3.0587276389576834e-01	   5.3954443227290505e-01	   3.1054814117487467e-01	   5.9033150151767932e-01	   6.2178665270262468e-01	   6.6683746851840842e-01	   4.2815676769628752e-01	   2.7940472073315342e-01	   1.7372309723479357e-01	   2.9700003658417928e-01	   3.8193124210280122e-01	   4.9716641406942175e-01	   5.3012030121340947e-01	   5.1720268588193774e-01	   4.4311263085370700e-01	   7.9476505671997000e-01	   7.5604844099966784e-01	   7.7958867858690672e-01	   7.4321702967587322e-01	   6.6490287622366306e-01	   6.4912316319758823e-01	   5.5228273908053616e-01	   4.4463230455615183e-01	   4.2138908567961941e-01	   4.9944276064036452e-01	   5.1138280694537253e-01	   5.5898771172679107e-01	   6.6148983017761942e-01	   5.8960528594939476e-01	   3.3514415520436835e-01	   3.7803459230375558e-01	   6.1595455731101723e-01	   3.2770872238729942e-01	   3.2374949132455116e-01	   3.6230505534205920e-01	   5.1228475112571381e-01	   5.3314953483262617e-01	   4.3377555177798355e-01	   3.2151398826314265e-01	   7.0378643719685427e-02	   2.5156956042355882e-01	   2.4879885261301588e-01	   2.6373830739481025e-01	   3.3286329206670850e-01	   4.3356170045421405e-01	   3.9881628118804319e-01	   2.5934024828759555e-01	   4.7572576619786072e-01	   5.0220540497261901e-01	   4.7866562966561776e-01	   3.8238991587117166e-01	   2.5022051904452924e-01	   4.5332885261031275e-01	  -1.9892176917132473e-01	  -2.4205233606360477e-01	   2.4345154793044704e-01	   3.0477576624059433e-01	   4.5567021269337671e-01	   3.5408278493959472e-01	   2.0672835388166960e-01	   9.2383286449010185e-02	
   4.1743264661600649e-01	   2.9237404011653878e-01	   3.6509903558363680e-03	   2.2389629920060758e-01	   5.1963341874105917e-01	   1.1605800507682054e+00	   1.6468817193192881e-01	   4.0938467082956631e-01	   5.3130718931145060e-01	   0.0000000000000000e+00	   3.3627356695732807e-01	   5.8828908764986321e-01	   4.5002801917662782e-01	   8.2129809628391304e-01	   3.9815818105409340e-01	   1.6319845209456960e+00	  -2.0074584414503727e-01	   2.6780135443422137e-01	   3.5543184954364426e-01	   4.0525000058206956e-01	   1.5696636021378726e-01	   3.8287359736697391e-01	   1.6357014328917999e-01	   2.8858841420552445e-01	   2.9541898457275861e-01	   4.5184526725805019e-01	   2.0627233991325908e-01	   4.0542932402721005e-01	  -4.4662942026850769e-02	   3.5531600195311447e-01	   2.3390176026279574e-01	   3.3608911237709677e-01	   2.6720884697075253e-01	   2.8627257520242622e-01	   4.4241299878992613e-01	   6.2287184781693250e-01	   1.2409063195316342e-01	   3.4431740337319205e-01	   1.7091851331995178e-01	   4.2273410118312699e-01	   2.8799158778074213e-01	   2.6152751157021137e-01	   9.1709001321522751e-02	   2.0561163931650817e-01	   2.5219554735905503e-01	   6.4918311890722624e-01	   1.8059826274912102e-01	   5.2513014181375739e-01	   3.6854349635848738e-01	   8.2859167449626026e-01	  -3.8564951995140477e-02	   1.0717690556901860e-01	  -2.2522266689407708e-01	   4.6421145691263743e-01	   2.0397024085163020e-03	   6.1289034340773307e-01	   7.1441564731869278e-01	   3.1522666561176016e-01	   1.2118683151849812e+00	   8.8209199112281789e-01	   1.1248965424713404e+00	   6.9131980559339001e-01	   4.5042926011750317e-01	   2.6662859658270616e-01	   3.5750571772752388e-01	   6.2600851282184988e-01	   6.5717137602730813e-01	   7.0751335380387836e-01	   5.6239374324697444e-01	   6.2094517327044996e-01	   3.9213362267582064e-01	   5.1120716047497905e-01	   2.2169584433947603e-01	   5.2594062014692611e-01	   4.4102390760647181e-01	   6.5499986650814535e-01	   4.2609515321022579e-01	   5.1085832224938355e-01	  -2.6020033702230997e-02	   4.7376816931418958e-01	   1.0545483680559289e-02	   4.3290936109497136e-01	   2.6245667190609417e-01	   3.8267798927133523e-01	  -3.3241637035927765e-02	   7.5327077592816849e-01	   5.1913404579271727e-01	   6.8859949452320923e-01	  -7.2497907228125963e-02	   1.0352350829227333e+00	   7.0041900970501558e-01	   9.8031774378540781e-01	   4.5541472730799731e-01	   6.7094687348342119e-01	   3.3196021241322082e-01	   6.8869753866752792e-01	   4.2287574840997832e-01	   7.8741979459491174e-01	   4.1344940870423730e-01	   1.1260066365442487e+00	   3.0017280708653804e-01	   6.9593703454546629e-01	   5.9058777474913382e-01	   1.1735749425938500e+00	   1.8337388291396856e-01	   2.2912183714107745e-01	   1.2539060340430744e-01	   5.6456263933532702e-01	   7.6327276794032645e-02	   6.8995131937600915e-02	   4.2172670828376824e-01	   7.3839940994831865e-01	   5.4886855538248969e-01	   2.6664563741299185e-01	  -2.1348808826699056e-01	  -2.5270244001984421e-01	
   5.8174545315037374e-01	   6.7902812689725645e-01	   1.3217708872334288e-01	   3.4602724186021327e-01	   5.0044106256198362e-01	   3.7561046604591708e-01	   1.9796731486577054e-01	   7.2940207210746311e-01	   6.7097245987760734e-01	   3.3627356695732807e-01	   0.0000000000000000e+00	   7.1273359358449428e-01	   8.2784083339592618e-01	   6.4309761173384472e-01	   6.9140414320077825e-01	   3.6486836516025867e-01	   6.2323989013315273e-01	   6.9960970749255225e-01	   7.6896472803884441e-01	   8.6073864605369610e-01	   3.6821279241783605e-01	   4.9699950353696887e-01	   2.2151143753649949e-01	   2.3657134671252178e-01	   1.9944128050366819e-01	   2.0791954479297137e-01	   2.7349354786445129e-01	   2.8343959553940834e-01	   7.8195789874125954e-01	   8.2977229898262861e-01	   5.5817049221046899e-01	   6.2276508609832826e-01	   7.8482704996999220e-01	   8.3509245760175632e-01	   8.7196415853844689e-02	   2.1779141473404251e-01	   2.8957452494963176e-01	   2.5093643707366375e-01	   4.1428455654741514e-01	   3.0774587923674174e-01	   5.5770366840220964e-01	   3.2989053038515637e-01	   3.6457517805701656e-01	   4.7702353976044876e-01	   3.7702502940402433e-01	   5.3306032322916619e-01	   4.3277338823819639e-01	   3.8268437570926694e-01	   5.3823903911645909e-01	   5.2085734799033057e-01	   4.4935255378042793e-01	   5.5341881027101725e-01	   2.8871148677366543e-01	   3.4352373085785814e-01	   4.2441117327007760e-01	   4.2011632220237399e-01	   6.6602517031337971e-01	   6.5564931764821677e-01	   4.6766387999311543e-01	   4.9510520025565230e-01	   7.0127918159966374e-01	   6.0365306049544221e-01	   7.0806851582515551e-01	   7.0824429936871514e-01	   2.0895490653787652e-01	   3.5558039293206434e-01	   4.7911597255505645e-01	   4.9736124534398685e-01	   6.1034787490298203e-01	   4.8978292983217619e-01	   6.8840958505477934e-01	   5.1044387024240401e-01	   1.1550994342548808e+00	   9.0188058145816163e-01	   1.0790458135685570e+00	   8.5823450782310295e-01	   8.0095020026079811e-01	   6.8993786873980156e-01	   7.0542511422736220e-01	   6.9278013057740084e-01	   8.2883402642772375e-01	   7.8993399633058503e-01	   6.1572339429383383e-01	   6.4753846605979515e-01	   4.6226828787025304e-01	   3.1719164778880243e-01	   5.0295968752496456e-01	   2.2040640397259403e-01	   3.7596133516535662e-01	   2.3583559356295680e-01	   3.9441121578870264e-01	   4.0419781440479607e-01	   3.0652832554231635e-01	   1.6174626848191920e-01	   3.1840371118525701e-01	   3.7984629645150703e-01	   5.2238116585335137e-01	   3.4300151795478900e-01	   4.3541734198197740e-01	   4.2478754279795361e-01	   3.9392807652400874e-01	   1.0539466772280663e-01	   4.9639854893302388e-01	   3.4383736285704242e-01	   2.6684155809006238e-01	   1.5888110113180309e-02	   3.3764156145087842e-01	   3.5070107253307387e-01	  -4.0222217686095504e-02	  -4.3330177931167294e-02	   2.1557294846178887e-01	   3.0763950252167238e-01	   4.0220799194405243e-01	   3.6391594675660416e-01	   1.0145329663284126e-01	   7.7275511551235077e-02	
   2.3700773009557438e-01	   9.3464206310146114e-01	  -2.0787958310101279e-01	   3.0879497362299457e-01	   4.1369302227014559e-01	   5.8350750122703499e-01	  -2.6605302703851380e-01	   8.1438957380895349e-01	   4.2153366185709684e-01	   5.8828908764986321e-01	   7.1273359358449428e-01	   0.0000000000000000e+00	   6.2054212048032320e-01	   1.9095941355594510e+00	   8.0305470628924058e-01	   8.1121450405003692e-01	   2.4626530989215586e-01	   8.0601493890372122e-01	   8.0802620813749715e-01	   9.7836202815304896e-01	   1.5348934229210284e-01	   4.7341400503835884e-01	   2.9604466471784687e-02	   2.2069779510233328e-01	   1.2136554913365889e-01	   2.4734813489502891e-01	   5.3618140830796336e-02	   9.6073853292054395e-02	   3.7566264912754882e-01	   1.0345840590127171e+00	   5.1250950145793084e-01	   6.0567500353111237e-01	   7.8613700296876610e-01	   8.7289980554013347e-01	   8.0176476020693319e-02	   2.3007388451459884e-01	   1.2545741172605204e-01	   4.4270776064063155e-01	   4.7848050456668867e-01	   5.6259173747440783e-01	   5.1130319385253831e-01	   4.9391798893312489e-01	   1.8582735037552836e-01	   3.3490960110320656e-01	   3.3666474803147750e-01	   6.2760002091469957e-01	   3.5999413419123949e-01	   4.4091721200709383e-01	   5.6927216315856943e-01	   8.5893276875057101e-01	   1.0436814629014446e-01	   2.0073152491300705e-01	   1.5539286202113204e-02	   1.1757400690589523e-01	   3.7007212534305456e-01	   5.2138932541013627e-01	   4.7661546867610155e-01	   9.3312143156772964e-01	   7.1354224738881478e-01	   9.6938366674402665e-01	   6.0802075925047805e-01	   7.5851298596088190e-01	   4.8166375430724651e-01	   9.7260341214332346e-01	   1.6503954230071205e-01	   6.4639384314794823e-01	   6.1433541701575778e-01	   6.5596588780666731e-01	   6.9830135086818768e-01	   6.1431587990578129e-01	   5.3299876771151256e-01	   6.5174117062685988e-01	   7.7728022688090392e-01	   1.1158860080750161e+00	   1.1888169929180326e+00	   1.1857907493420896e+00	   6.9328684117032213e-01	   7.9223595873171893e-01	   5.8123525028664835e-01	   5.9793499350786428e-01	   5.0555132743510045e-01	   1.0898997889981652e+00	   6.2447836628929076e-01	   1.0220430148920978e+00	   2.9992664831816818e-01	   4.1770243745523761e-01	   8.5387702520752384e-01	   6.4943484959864928e-01	   4.2256218775322707e-01	   2.6560109046433411e-01	   5.2269509940900138e-01	   5.4902181780923587e-01	   2.8498848989395653e-01	   7.7704235836625985e-03	   2.9657816768318390e-01	   6.5476823623479341e-01	   5.4729475473700895e-01	   7.4433776246199812e-01	   3.8983534974412287e-01	   7.8257600505251035e-01	   5.6824185902680657e-01	   3.2089497196090971e-02	   8.1827955640397221e-01	   6.2416229119299338e-01	   3.7267149591054094e-01	   8.7654126782545153e-02	   4.6544568258760860e-01	   6.3390538835822297e-01	   7.2704395988447301e-02	   7.3640901890016139e-02	   4.9857721714751635e-01	   5.9355252189096730e-01	   3.6609980141156651e-01	   2.4129431829330861e-01	  -1.4187089219915372e-01	  -1.3553941530269545e-01	
   6.3756590392617518e-01	   5.7134682324249253e-01	   3.9564507333831506e-01	   5.2952093927677946e-01	   5.8862367752723499e-01	   5.2789729668456120e-01	   3.5984820449479737e-01	   7.1174925277085033e-01	   7.3386943518732872e-01	   4.5002801917662782e-01	   8.2784083339592618e-01	   6.2054212048032320e-01	   0.0000000000000000e+00	   6.0160334897885792e-01	   9.8297324855592960e-01	   6.4152596190724531e-01	   3.0114447944899608e-01	   4.7161162014868824e-01	   8.5604664514180107e-01	   9.3207619962639243e-01	   4.6720684640026622e-01	   6.6511183332384005e-01	   5.3374385663885315e-01	   5.0585779178504553e-01	   3.6473270394813667e-01	   4.1155228012034739e-01	   3.8692210046820591e-01	   4.7275478439556351e-01	   6.1854989427672535e-01	   6.9734869333870286e-01	   6.0351534988896749e-01	   6.4012137569173144e-01	   5.0411683747605696e-01	   4.8650583010454451e-01	   2.5984560143592994e-01	   3.2303257276472697e-01	   3.8936071769840919e-01	   3.4273814467719205e-01	   6.2880177958324035e-01	   5.2927770250325878e-01	   3.9828168900588828e-01	   3.9905246399025551e-01	   5.6079486604029616e-01	   5.7824448048252153e-01	   4.2040107068566879e-01	   5.9229022009476284e-01	   4.6607728212806043e-01	   5.0851817273760902e-01	   5.5400680403675384e-01	   5.5079737826741915e-01	   4.0970992577118293e-01	   6.0570522754406630e-01	   2.6922914136790738e-01	   5.3935863390384264e-01	   4.4997898190010238e-01	   6.1603708681542790e-01	   4.9012820170635352e-01	   4.0624188746637457e-01	   4.9829000733043383e-01	   4.5902942904575006e-01	   5.1857494985648656e-01	   3.3615576486271775e-01	   1.2100145160589776e-01	   1.3863462107564997e-01	   2.3979035400623683e-01	   2.4387802772756631e-01	   4.6290322117581334e-01	   4.1333422089660349e-01	   6.5448572365318725e-01	   5.1622738920668343e-01	   7.7696995536276803e-01	   6.7477793693540455e-01	   7.7456645406786717e-01	   7.5376590798825371e-01	   8.2663837836427378e-01	   8.7728503393046819e-01	   8.0055019120566884e-01	   6.2117310053260377e-01	   5.4887426246854454e-01	   5.4753201399111184e-01	   4.6442234457132953e-01	   5.6866702435639482e-01	   6.4667628496979568e-01	   6.3831336722188736e-01	   4.0088647244852088e-01	   4.0583451813545846e-01	   5.3735935536297152e-01	   3.0247793187559480e-01	   3.2330221021164302e-01	   3.9818570772004036e-01	   5.1606197958393007e-01	   6.2465418254477556e-01	   3.6397586371163693e-01	   3.9782858144880540e-01	   3.5841361753698897e-01	   5.3325230171052462e-01	   5.7830471970160668e-01	   4.8138703952875578e-01	   4.5226253324907295e-01	   5.1009730231678052e-01	   3.2035238577361241e-01	   3.0661400907326319e-01	   4.8370496165580168e-01	   4.2225475660243728e-01	   3.9463037766790948e-01	   1.8471980952356587e-01	   2.9167934019520614e-01	   4.1528532811653152e-01	   7.5181575633579661e-02	  -2.0951885761612589e-02	   4.4314321218381042e-01	   5.4451898964786816e-01	   6.0192552274635280e-01	   4.5939141364153990e-01	   9.6299481673686460e-02	   5.4411602915448061e-02	
