   0.0000000000000000e+00	   3.3530869829888360e-01	   1.0957521306472113e+00	   8.2026542156051696e-01	  -7.7381047789590138e-02	   5.0055593214044269e-01	   1.1156555523357015e+00	   6.6819410132841461e-01	   2.0845494250904992e-01	   9.5661382504257286e-01	   8.8072877954494744e-01	   7.1734908700080624e-01	   1.0768032706093815e+00	   6.3929146839116746e-01	  -1.0077976348466204e-02	   1.1228686554108549e+00	   8.4550792470218772e-01	   6.0687585922575926e-01	   8.6999787357928149e-01	   9.0321626902498997e-01	   1.8472244272885976e-01	   2.0082552282238395e-01	   8.7222743190251517e-01	   7.6280521777078170e-01	   1.1664367909878628e-01	   1.9636783995712295e-01	  -2.1593361466129665e-01	  -1.6244237039663909e-02	   6.4994868294507968e-01	   6.3192276738376196e-01	   2.3158391527847363e-01	   4.1903878035816544e-01	   9.7880644214595647e-01	   1.0031410335776367e+00	   4.4088400672283551e-01	   6.7186247814348943e-01	   5.7439235637264197e-01	   4.4194905648551341e-01	   4.2131870126291343e-01	   6.7749366729959370e-01	   6.3295454262083894e-01	   5.5949829386337013e-01	   5.5765429106958075e-01	   7.5521028596306605e-01	   4.3938003808738585e-01	   6.1572079744341346e-01	   6.7043557879289439e-01	   1.0172290349107642e+00	   6.5204570542116691e-01	   4.1787533945206989e-01	   6.7439641936821593e-01	   7.4919750122384254e-01	   2.4442747059611930e-01	   1.0686428416059714e+00	   1.8633081899832896e-01	   9.4406178676837726e-01	   1.7221976062461750e+00	   3.1749447685053217e-01	   7.8374032536708371e-01	  -2.3185509816085238e-02	   1.1637561007159822e+00	   1.6230587537567542e-01	   9.8171835987013611e-01	   2.9387214564488862e-01	   6.9110418664356899e-01	   3.2737904634426418e-01	   5.3537531717567788e-01	   6.9763374783613208e-01	   7.4753352400774009e-01	   9.4438925917155458e-01	   3.1795396841779439e-01	   4.5413409173577113e-01	   3.6008897409635932e-01	   3.5342055217629131e-01	   4.3946433767853438e-01	   3.8141143931436128e-01	   7.0957935350599333e-01	   7.5949575479362985e-01	   6.6270823216320229e-01	   7.3006987399752354e-01	   4.8222554954744545e-01	   7.6442331868289315e-01	   3.8775611040279107e-01	   7.8937084170628602e-01	   4.8288280914365500e-01	   1.0325483199114185e+00	   9.8797250224595817e-02	   8.0107403789070175e-01	  -2.1827312029502707e-01	   1.1448454211423558e+00	   4.9272561499816503e-01	   6.4874537028985657e-01	   2.5697058540064727e-01	   7.6319142832383680e-01	   3.3221041463527984e-01	   4.3135134148134308e-01	   4.5174797234074965e-01	   6.9716202509416236e-01	   6.6618468888434523e-01	   6.6796593020013761e-01	   6.4658286141839827e-02	   8.8834284514998285e-01	   1.0552706075948302e-01	   9.0189322906257763e-01	   2.4235232431329218e-01	   1.8205552291241592e-01	   1.2392139710861266e-01	   1.9457477506443724e-01	   3.8579235722113103e-01	   2.3354782754794601e-01	   4.8269291282087023e-01	   5.8973385179390225e-01	   4.2867322881347936e-01	   1.8724431021650392e-01	   3.0675931346870622e-01	   2.2055422371875533e-01	
   3.3530869829888360e-01	   0.0000000000000000e+00	   6.0949980936887964e-02	   4.1658105969157833e-01	   7.0602243036086665e-01	   5.0268695501175531e-01	  -1.0127917719729616e-01	   5.4722028793372279e-01	   7.6702428009020962e-01	   1.4673966009439482e-01	   5.5006466292269074e-01	   5.8545445616772263e-01	   4.2037216350908041e-01	   4.7697722264380682e-01	   8.9249761210473155e-01	   1.8726571530340924e-01	   4.8289811168082047e-01	   6.6532035538891365e-01	   6.9544860940950071e-01	   6.9945422170636340e-01	   5.6680437857781896e-01	   3.8175863514086616e-01	   1.1122257828836858e-01	   1.5635055796841224e-01	   2.8990233054629105e-01	   2.1316491304538368e-01	   5.8439307712683275e-01	   5.0642737221631862e-01	   6.7863926536122532e-01	   5.2303664917521842e-01	   5.0559583830581500e-01	   3.5927515915709490e-01	   5.2374005159905912e-01	   5.7791647890425613e-01	   1.8225464767157132e-01	   1.5268591855871949e-01	   4.2094260218927771e-03	   2.6240844930033780e-01	   4.6839088278202046e-01	   4.5402173021686298e-01	   3.6473276879460997e-01	   5.4650530190048741e-01	   2.1601612513931046e-01	   1.6255899050379932e-01	   1.3212755348415944e-01	   1.1890731646625917e-01	   1.9242245195722316e-01	   2.0438292809881262e-01	   4.2659657987341698e-01	   4.7251239416124285e-01	   1.5713142008876524e-01	   1.6670865968701562e-01	   1.9181880434026288e-01	  -1.0089952071452494e-02	   6.1360033024428284e-01	   1.0850701780657808e-01	   3.9160260208946507e-01	   1.1984058259398993e+00	   5.6435497488792663e-01	   9.7038165929793219e-01	   2.3770330308407633e-01	   8.4033282546379962e-01	   5.5956817930412361e-01	   9.7434617985602090e-01	   1.2015925156120735e-01	   5.5482182474949737e-01	   4.7985472267797502e-01	   3.3162776342819344e-01	   7.0525440647169102e-01	   7.3934795663937614e-01	   4.2807123676477921e-01	   2.9644747489521434e-01	   4.0525881444701894e-01	   4.2206985812573200e-01	   6.1042741289401992e-01	   4.1711710000850405e-01	   2.5522310011728827e-01	   1.0354984206159837e-01	   6.9702119494849135e-01	   3.7737996294912640e-01	   8.3450342948394685e-01	   4.0579684250327575e-01	   6.5554129616025314e-01	   1.7599245772566732e-01	   6.0823552512733359e-01	  -2.0668198202674220e-02	   6.1502649019441058e-01	   3.2960239657351859e-01	   7.6387271470777951e-01	  -5.1082541607967408e-02	   4.6426765372735035e-01	   3.4639479204729740e-01	   3.5959303046249502e-01	   1.0608786681955132e-01	   3.5153512689803512e-01	   5.3262226626703635e-01	   4.5320346070708151e-01	   3.6423732086562099e-01	   5.0987858671792763e-01	   4.5198199739548178e-01	   6.3516611826561076e-01	  -7.4838028559599618e-02	   8.6271386688423801e-01	   3.2779100829092428e-01	   5.7607977795747201e-01	   4.9153057450461457e-01	   5.3800914914653153e-01	   2.9874589551381669e-01	   1.1805387258578266e-01	  -2.1130955579216956e-02	   2.6746404881390923e-01	   4.0599482842313822e-01	   3.9580327301389889e-01	   5.3309577003968323e-01	   6.7830990619123932e-01	   6.6255823711349848e-01	
   1.0957521306472113e+00	   6.0949980936887964e-02	   0.0000000000000000e+00	   1.1067091232373047e+00	  -1.5213073974082988e-01	   2.7514397669356816e-01	   1.6645976177637825e+00	   6.4141286289544841e-01	   1.6665931772866363e-01	   8.8190078128070715e-01	   4.0375314429456044e-01	   4.1121006167093832e-01	   8.1485513626796069e-01	   4.9739280633936339e-01	  -1.6361291334689623e-01	   8.9798237624416732e-01	   3.6726443628358763e-01	   1.0451777836539201e-01	   7.8042472795080509e-01	   8.3275360329271764e-01	   1.8124478582908533e-02	   8.8114916378526295e-02	   1.6796151592463358e+00	   1.3341469797601910e+00	   1.4237384846963366e-01	   2.4281145305687860e-01	  -3.4242226886831434e-01	  -1.8927953237252929e-01	   1.9750049439029319e-01	   1.2517593551441375e-01	   6.2458389354750454e-02	   3.6488123773681880e-01	   6.4507025874471557e-01	   7.4133363333147528e-01	   6.6402584783556662e-01	   9.7478599544601185e-01	   6.8882268857077389e-01	   4.5456785435258712e-01	   3.6299591366255468e-01	   6.2516154751232178e-01	   5.8851616437234422e-01	   3.1363076481349961e-01	   7.1795291024295660e-01	   9.2003910406717160e-01	   4.8291684570578020e-01	   6.7118540332157550e-01	   8.1438649358031578e-01	   1.0710010051772243e+00	   4.2561204726310187e-01	   3.4696360106592972e-01	   7.2942875291289955e-01	   6.2459621007603339e-01	   2.9767741328532393e-01	   1.0147198691109354e+00	   1.5581968198961693e-01	   8.0642718131818014e-01	   7.5326382736007180e-01	  -1.0875561268822252e-01	   4.1021336732223357e-01	  -2.5436722705451031e-01	   7.9961266378154505e-01	   2.5479516813976581e-02	   3.8202834254685047e-01	  -1.5461576363570667e-01	   1.0711848911861106e+00	   4.4121390399313837e-01	   5.9547670299209476e-01	   7.7118651227318247e-01	   8.2057964656114990e-01	   7.8253782755753531e-01	   1.7654433346340989e-01	   3.2158598171607211e-01	   2.0566659755851571e-01	   9.7267505877814672e-02	   3.5375539224384811e-01	   3.9133373377079239e-01	   8.5350104012278627e-01	   9.8571519499367599e-01	   2.9369412224233954e-01	   4.4395583579138043e-01	   1.3973922139622080e-01	   4.3323594991709052e-01	   1.9204253659486228e-01	   4.9577259968879062e-01	   5.1132592931599152e-01	   1.1522591237220889e+00	   2.0698134975979426e-02	   6.0500768558065254e-01	  -2.0793040545861119e-01	   1.1065514250603770e+00	   6.0212913784085598e-01	   6.8294818044716665e-01	   4.6835961757326461e-01	   1.0453532796024982e+00	   4.1455829977964254e-01	   4.1292459887972893e-01	   4.9763595516569820e-01	   6.5894099011141394e-01	   4.5830344223166869e-01	   4.8922022560441192e-01	   1.7368727718141233e-01	   1.3664049379214631e+00	   1.5118896777513510e-02	   8.0542362314366167e-01	   2.3493719762219029e-01	   1.7574743109702129e-01	   1.2522894087865744e-01	   1.6095590602371335e-01	   3.4126015938955362e-01	   3.2969747702011148e-01	   6.2201401539013945e-01	   5.0181447704007509e-01	   4.0775474402909351e-01	   1.8098133436670866e-01	   1.9603711223277745e-01	   1.3057302166004200e-01	
   8.2026542156051696e-01	   4.1658105969157833e-01	   1.1067091232373047e+00	   0.0000000000000000e+00	   1.5691258153079116e-01	   5.4885489548875521e-01	   8.4706065989105861e-01	   1.2716675225059904e+00	   4.8821894840268421e-01	   9.6795668849174143e-01	   4.8071007897369245e-01	   5.8116850755908089e-01	   7.5667103091729848e-01	   6.6359189265898144e-01	   1.2457970611365357e-01	   7.1199626404917971e-01	   3.7082540169541489e-01	   1.3475812322473613e-01	   9.2444686133595766e-01	   1.0107576001734300e+00	   1.4764705240664247e-01	   2.4003022597454360e-01	   9.5748582340541266e-01	   1.2471228601902518e+00	   2.4068474570093262e-01	   3.4317254684936149e-01	   2.1280389364584209e-03	   1.1076739399470231e-01	   2.6181362720184126e-01	   1.4419291364604506e-01	   1.4359941328043035e-01	   4.3400612621795559e-01	   5.6702863058119313e-01	   7.8406397057367894e-01	   5.2918486182820756e-01	   8.5058238747528248e-01	   4.8395030116547300e-01	   4.5761606208267264e-01	   4.1408397136808545e-01	   6.8338431335543559e-01	   5.0684052536400115e-01	   3.7833670472247893e-01	   4.5519676357889288e-01	   5.5538618978778787e-01	   2.1595750432159283e-01	   3.4265203702374242e-01	   5.4245263687438061e-01	   7.3022781853586360e-01	   4.4915089905685274e-01	   4.0223097884030906e-01	   5.6960284196695110e-01	   5.6201030848222255e-01	   4.6588389789146689e-01	   6.0400855342242166e-01	   4.3040661249487627e-01	   6.0755977473758982e-01	   6.1509690176868759e-01	   1.8217279210543413e-01	   4.9617785669252379e-01	   2.0969137326259449e-01	   5.6531010845160512e-01	   4.1866480512030113e-01	   4.5618348587516722e-01	   1.5506476374584155e-01	   6.8378550069645183e-01	   8.4478891414621415e-01	   7.2997327204474238e-01	   8.7582484452730691e-01	   1.0377821525757018e+00	   1.0323979367950940e+00	   3.0499382323810798e-01	   4.5433509300794372e-01	   2.6747157310836500e-01	   2.2867566768381709e-01	   5.3214690822753963e-01	   6.4501777855110976e-01	   6.0655478646668248e-01	   6.3511790335952667e-01	   2.9858927200546542e-01	   2.8477553957144719e-01	   2.7601711408803764e-01	   2.9473453027316193e-01	   2.9636364071847809e-01	   2.3251222872539168e-01	   6.7015659912634273e-01	   6.5371825743300582e-01	   1.6483182732170168e-01	   5.2862908759406291e-01	   2.1473727281430263e-01	   7.4509495192385766e-01	   9.0438013352433089e-01	   7.3397391155493630e-01	   8.3353254326105986e-01	   8.9141741827673271e-01	   3.8770572987170571e-01	   5.5719089394256216e-01	   6.1683665998467152e-01	   6.9468894254055502e-01	   6.3951163865929650e-01	   6.8509988153742785e-01	   7.0221583271133392e-01	   9.3913698474687501e-01	   5.1661507044359434e-01	   1.0185112528718123e+00	   5.3695855602452647e-01	   4.6262819624912616e-01	   5.4276312598319387e-01	   2.4510930928618663e-01	   2.2561791323898836e-01	   1.9286498947576666e-01	   7.3477082039487795e-01	   6.4675666882583760e-01	   7.0437756464513368e-01	   5.3042326916022442e-01	   4.1561280712175219e-01	   4.2697285131046653e-01	
  -7.7381047789590138e-02	   7.0602243036086665e-01	  -1.5213073974082988e-01	   1.5691258153079116e-01	   0.0000000000000000e+00	   8.8635607376952807e-01	  -2.8963128255431142e-01	   2.6993268198061532e-01	   1.0706672515956297e+00	   1.3881981916492020e-01	   1.8537143081870655e-01	   1.4845115360042893e-01	   1.5690819403034537e-01	   1.3577472978613145e-01	   1.0067820090394530e+00	  -1.3629226051604014e-02	   1.3137937495743296e-01	   2.2620671737385420e-01	   1.9085156716017670e-01	   1.9031170274354867e-01	   6.5825460305399641e-01	   5.6033062115350030e-01	  -7.8421635134726636e-02	  -5.3394582387493950e-02	   9.1185047252104301e-01	   7.5634562067787836e-01	   1.2953426757390738e+00	   1.0933573796509464e+00	   3.6881670908345726e-01	   2.3486887800998235e-01	   7.3032011705379329e-01	   4.9076296630347099e-01	   1.4504044108664740e-01	   2.4110103084673934e-01	   1.4023011248490444e-01	  -2.2510675355843630e-02	  -1.7174216152580543e-01	   1.5285431569110897e-01	   2.1038247075261224e-01	   1.5387928264722756e-01	   1.5934688515216341e-01	   2.0566781261033826e-01	   4.6115010037497350e-02	  -5.8981103021825451e-02	   2.3546888848443431e-01	   1.0125941040736532e-01	  -1.4832128795928504e-01	  -1.0757224763108666e-01	   4.2661404677258180e-01	   4.3543730471967562e-01	   2.0778251440991058e-01	  -5.8740196887555489e-02	   1.1475367145346831e-01	  -3.5135194381685375e-01	   3.4437219786960427e-01	  -1.9627061353914774e-01	  -6.4174708930736499e-02	   5.7434775747981148e-01	   4.1347754803103370e-01	   9.1128338489289695e-01	  -9.7103246619291927e-02	   5.6591534591546122e-01	   1.9807996945118958e-01	   4.4441524742422023e-01	   5.4660724786178776e-02	   4.7691971488200535e-01	   4.0602297412936211e-01	   2.5263343692951112e-01	   3.7691817761122692e-01	   3.3649202907515358e-01	   5.0444199701846348e-01	   2.0832602699856020e-01	   2.9786104235041239e-01	   2.4134339775077387e-01	   3.9207292662518389e-01	   2.0685459908182785e-01	  -5.2318419511294303e-02	  -2.2121597803753640e-01	   3.8418562456033040e-01	   9.1894007481629320e-02	   5.2073850925294962e-01	   9.9879773587795762e-02	   4.8782902163961139e-01	   5.2469817979798584e-02	   4.9694159464994347e-01	  -3.2095212625010100e-01	   5.5435364523466590e-01	   2.7799524590396651e-02	   7.4580328113135808e-01	  -3.4894411564707445e-01	   1.7535946796167234e-01	   1.6478189915996336e-01	   1.1389645157604501e-01	  -8.2996410594243245e-02	   2.4445622728044897e-01	   3.6668813254489635e-01	   1.9022171659836146e-01	   7.0770578719440855e-02	   1.0125205535112704e-01	   8.6686626277928308e-02	   4.3511981956471990e-01	  -3.2044330268737181e-01	   5.8527590080144332e-01	   2.1193884446641786e-02	   4.5954323642395434e-01	   5.1068073956408166e-01	   5.0953427255465344e-01	   3.2175808204814721e-01	  -1.4117698603377266e-01	  -8.8898080255983725e-02	   7.1866619233371037e-02	   1.3208302958168655e-01	   2.2145380117448923e-01	   3.6020917725969415e-01	   4.5996480785330551e-01	   3.9566115484131686e-01	
   5.0055593214044269e-01	   5.0268695501175531e-01	   2.7514397669356816e-01	   5.4885489548875521e-01	   8.8635607376952807e-01	   0.0000000000000000e+00	   2.2170167404909014e-01	   5.9141308927563330e-01	   9.1641500061865977e-01	   8.3238049263540181e-01	   5.1198654994829118e-01	   4.1686198415939579e-01	   5.2013454135395132e-01	   3.8939870552393563e-01	   5.0233879788265867e-01	   4.8448581864668039e-01	   4.5860537856621808e-01	   3.6946911643891878e-01	   4.8008352174029689e-01	   5.0440713133681192e-01	   5.0206393649220760e-01	   6.2015417914692106e-01	   2.1746815425811683e-01	   2.5644130424452732e-01	   7.6018640249992697e-01	   8.1538357303503883e-01	   6.2881005718545635e-01	   8.9636148222454237e-01	   5.5238604751869003e-01	   4.2684056213193838e-01	   6.0258862958546111e-01	   5.8242958691583346e-01	   4.3490501031931106e-01	   5.6576167565488600e-01	   2.5509833631906487e-01	   2.7114086008721672e-01	   1.3567726237848840e-01	   3.0886058535388861e-01	   2.8385616611457609e-01	   4.4088603536662019e-01	   3.1513275527688445e-01	   3.8942354746597269e-01	   1.3051970566022361e-01	   1.5528693324374568e-01	   3.5833642460825937e-01	   3.3996027700828796e-01	   1.0032009830012165e-01	   2.9063623837822111e-01	   7.8277439953551486e-01	   4.8137395364356605e-01	   5.0587106177708363e-01	   3.4200394027496095e-01	   2.3630291700827682e-01	   1.6004574405259639e-01	   2.9210384593458349e-01	   3.1043845414706561e-01	   4.9098076845809857e-01	   5.5754684749881300e-01	   9.6635903182452254e-01	   6.6892528400747586e-01	   3.9705883899797073e-01	   4.5698557423000896e-01	   6.1122344388242134e-01	   4.3275095865390983e-01	   2.7873066165194538e-01	   5.0060785832748889e-01	   6.3127411495147490e-01	   6.6110047831288477e-01	   6.6716508181249823e-01	   7.9779190539719769e-01	   5.4549467787185213e-01	   4.3784490540305826e-01	   3.3120514137364299e-01	   3.7825240955019618e-01	   4.1922422470428022e-01	   3.1640337922708162e-01	   1.9294897370014097e-01	   8.0724177402939912e-02	   5.0259611678397564e-01	   2.9911761852483376e-01	   5.8782726692755494e-01	   3.3717328370086630e-01	   4.5203688501387396e-01	   3.2650869352579165e-01	   5.5461163190062257e-01	   1.7443099906970067e-01	   3.2248434751263355e-01	   4.0428616591696237e-01	   3.0936417121073451e-01	   2.8354078674904226e-01	   4.1359820859758623e-01	   4.6955918793292845e-01	   2.1892081192385110e-01	   3.3780100971728877e-01	   2.3391876526701832e-01	   5.2092021052215776e-01	   3.2128660772195755e-01	   4.0033552508156323e-01	   4.5075351624456333e-01	   4.2823704280246166e-01	   3.8234026506721108e-01	   2.2288989485111482e-01	   5.7186529837154554e-01	   5.6954222001421018e-01	   5.0271741540113024e-01	   4.7066217902807472e-01	   5.7451568815331144e-01	   2.5974342540711592e-01	   5.1782033989979707e-02	   4.6131381386868835e-02	   3.2416888335423111e-01	   4.1701373893572169e-01	   4.8667494628999530e-01	   4.1601875961920309e-01	   4.4081283260953180e-01	   3.8402195496888203e-01	
   1.1156555523357015e+00	  -1.0127917719729616e-01	   1.6645976177637825e+00	   8.4706065989105861e-01	  -2.8963128255431142e-01	   2.2170167404909014e-01	   0.0000000000000000e+00	   6.2859887299964512e-01	   7.7053849249447207e-02	   1.0198862721143673e+00	   4.4737807993143047e-01	   5.0200246479593724e-01	   8.4326761210617374e-01	   5.7871393176325581e-01	  -3.0581562619746933e-01	   1.0172243672461228e+00	   3.5769375447941637e-01	   8.7136776833048268e-02	   5.4972446430602850e-01	   6.2066728683554939e-01	  -9.8967555398590965e-02	  -5.3018778316694534e-02	   1.0847745751317244e+00	   9.3687868977879862e-01	  -4.3580496585050303e-02	   6.4467749450940331e-02	  -5.0418330262247535e-01	  -2.7412071431413720e-01	   1.8006553104560705e-01	   1.7297602131193007e-01	  -7.8958225873074578e-02	   2.2164903553864085e-01	   5.0671232907899844e-01	   5.6663720831011211e-01	   4.0765732863984672e-01	   7.3004827644117598e-01	   6.2266201383865605e-01	   3.2039091014953419e-01	   2.7901381345823428e-01	   5.2161302291257272e-01	   4.7912012154760680e-01	   2.3797872463771838e-01	   5.2111859591076448e-01	   7.4864532721384336e-01	   3.7003619323701181e-01	   5.7413506241033019e-01	   6.8456542328438474e-01	   9.1870334814445342e-01	   4.1918218901216681e-01	   2.8397553456100327e-01	   6.4142066763060634e-01	   6.4035642030155748e-01	   2.6600631802936425e-01	   1.1261077511565809e+00	   6.7761427285210660e-02	   8.7151605243028496e-01	   7.4089934359111287e-01	  -2.0943872583195303e-01	   3.9152926101523639e-01	  -3.6267680724850726e-01	   9.2257564454635554e-01	   5.9344395615770432e-03	   4.2899569890089978e-01	  -1.4351477773962099e-01	   8.6872636804594583e-01	   2.7954570013001101e-01	   3.6877003852033308e-01	   5.8931523226994476e-01	   5.0712797763182271e-01	   5.7027912529641056e-01	   9.5396383868749074e-02	   2.4199607056918532e-01	   1.3545774366326657e-01	   5.5922604042276391e-02	   2.2634157475920444e-01	   2.5615689876708964e-01	   6.8321079972640142e-01	   8.4511918072214409e-01	   2.5018750772062798e-01	   4.1467844987199948e-01	   8.4059079207048082e-02	   4.4712511447300146e-01	   1.2620316471306076e-01	   5.8377467701681007e-01	   3.6059130693475266e-01	   1.2989647577600270e+00	  -7.4156518586442038e-02	   5.6905192057734300e-01	  -3.5858557581834510e-01	   1.3114971321563351e+00	   4.4474264399627822e-01	   5.7812385139491385e-01	   3.3557377974838121e-01	   9.0837248664912429e-01	   2.9727393357878018e-01	   2.8281287478484046e-01	   3.7165407652636284e-01	   5.6066502842594290e-01	   3.7760919844644408e-01	   4.3375913366411917e-01	   3.1203618487922562e-02	   1.3858592489591937e+00	  -1.1471004739413430e-01	   7.2331457475420735e-01	   8.3377637959128656e-02	   3.6269785902343761e-02	  -1.3041546543381268e-02	   1.0755687009601408e-01	   3.1833572375497143e-01	   3.3530663859350268e-01	   4.7879438104047262e-01	   3.7817818056563768e-01	   3.1320028381335790e-01	   9.9760711276906666e-03	   3.7643097338876726e-02	  -1.1277741946698562e-03	
   6.6819410132841461e-01	   5.4722028793372279e-01	   6.4141286289544841e-01	   1.2716675225059904e+00	   2.6993268198061532e-01	   5.9141308927563330e-01	   6.2859887299964512e-01	   0.0000000000000000e+00	   6.7854263471419618e-01	   9.9683520227692213e-01	   6.2013356929013097e-01	   9.1905004228227627e-01	   7.3364669809373884e-01	   9.9068934711856427e-01	   2.6411554289702227e-01	   6.6675752684811951e-01	   4.2806554879007414e-01	   1.9533938042084284e-01	   6.7833894007708806e-01	   8.0795168248995064e-01	   7.4332835458588459e-02	   1.6233385448607834e-01	   4.8316761218989024e-01	   6.9544935308661715e-01	   8.5110241489931723e-02	   1.6572897611935689e-01	   8.7279471172955897e-02	   2.0239413240398280e-01	   3.7238389116969473e-01	   2.5966348288313557e-01	   1.2200795361704445e-01	   3.5888310993995864e-01	   3.9381396960803561e-01	   5.8420467379658492e-01	   1.4373144915425826e-01	   4.4899981593590915e-01	   2.1688895936026412e-01	   2.3707190646736187e-01	   3.2427651724635026e-01	   5.0337757783747994e-01	   3.2539348116375838e-01	   2.9095842351164647e-01	   1.6760286222793813e-01	   3.1619330156500258e-01	   2.0177549097848496e-02	   2.1937587298447347e-01	   3.4756117807893183e-01	   4.8212775026008337e-01	   5.0068609858089652e-01	   4.7739210874295046e-01	   3.9266328451588994e-01	   4.4512791399081630e-01	   3.4012231519237174e-01	   3.6614169763307197e-01	   4.0893678254075749e-01	   3.7677561854632424e-01	   4.9689298566008205e-01	   2.5794627986562080e-01	   5.1061425943438887e-01	   3.6771460422676144e-01	   5.9781428391951030e-01	   7.9925112576939872e-01	   5.5056471092303072e-01	   4.2151010424029384e-01	   4.5579231426600991e-01	   8.3942852375511734e-01	   4.4870303364179631e-01	   5.9920703323718960e-01	   6.5711217320273674e-01	   7.8851545916993504e-01	   3.6245240968293357e-01	   4.1485326537338241e-01	   2.7836424617462080e-01	   2.7656470210081385e-01	   4.7941267154041545e-01	   4.6399034617664137e-01	   3.7872182814855787e-01	   3.4421828133979521e-01	   3.9842172524716363e-01	   2.0032109400780346e-01	   4.1529319792837815e-01	   2.6148367453495414e-01	   3.3110549133881229e-01	   1.8691788170258916e-01	   5.8582702193111358e-01	   4.8019824915802700e-01	   1.8798280199157599e-01	   3.8572889920769693e-01	   3.0290701340555698e-01	   4.7777700280334873e-01	   7.9932508601293384e-01	   6.5939238419502577e-01	   8.1731351025488275e-01	   6.2245393939311400e-01	   3.2903838198528490e-01	   6.0680414080949574e-01	   5.0763960114791495e-01	   5.5099623903713524e-01	   5.7378969494707499e-01	   6.2779213804128031e-01	   8.3754813151842467e-01	   6.3143031148748219e-01	   6.6234552808341729e-01	   8.1492009986276559e-01	   5.0120061596795495e-01	   4.5916887813148272e-01	   6.0764480600517845e-01	   3.2049433425075319e-01	   1.8932289074905884e-01	   1.7217403220792138e-01	   5.3708972975928160e-01	   5.6608464257366975e-01	   6.8464429274566752e-01	   4.5642141678010495e-01	   3.9781938447361764e-01	   4.1634163003594593e-01	
   2.0845494250904992e-01	   7.6702428009020962e-01	   1.6665931772866363e-01	   4.8821894840268421e-01	   1.0706672515956297e+00	   9.1641500061865977e-01	   7.7053849249447207e-02	   6.7854263471419618e-01	   0.0000000000000000e+00	   4.8032537166015049e-01	   4.7436936137161245e-01	   5.4105430076674110e-01	   5.3998869833815488e-01	   5.1990385583891952e-01	   8.1775701415326230e-01	   2.6387888038809731e-01	   3.9906182922543565e-01	   2.7845244349869874e-01	   5.3899661118564735e-01	   5.3760607531601501e-01	   4.1907613921053222e-01	   4.2056345674272932e-01	   1.3318873317569840e-01	   1.7489063129765858e-01	   4.4612192094709668e-01	   4.2222551617770709e-01	   6.1274900249301689e-01	   6.0969232914084015e-01	   5.5763202903927811e-01	   3.3322827591901294e-01	   4.1275294543063662e-01	   3.5131929639311443e-01	   2.3145493120954314e-01	   3.7231335460275661e-01	   1.7956507370095895e-01	   2.0589612360051754e-01	   9.4210787726356188e-02	   3.3388790039456012e-01	   4.9171604735604429e-01	   5.0645277331399374e-01	   4.0439427135907913e-01	   4.0967175588009497e-01	   1.1885954936623057e-01	   9.3939225362738923e-02	   1.5681899095265367e-01	   1.6526521717188616e-01	   1.8971116728259502e-01	   2.1436195217485432e-01	   5.6982716601676486e-01	   3.8115641551771878e-01	   3.0580812445940708e-01	   2.6930215268261182e-01	   3.8807046632536407e-01	  -2.2538709607544186e-03	   7.2946945263779128e-01	   2.0094333579905185e-01	   1.6979616947344323e-01	   5.1603226491795995e-01	   5.5725964828974506e-01	   7.4627764485300019e-01	   2.4696559213679839e-01	   7.5186215310258342e-01	   4.8746742365131035e-01	   5.4123469063074525e-01	   2.1276603827770860e-01	   5.1558041759647866e-01	   4.6210269092405942e-01	   4.0012390897422156e-01	   6.9188653249736987e-01	   6.1724438790110780e-01	   4.3484225307547431e-01	   1.9221871479658462e-01	   3.4978542903915261e-01	   3.4365454672176871e-01	   5.5433194416839482e-01	   4.3709729129737723e-01	   2.9480636514054881e-01	   1.4322642513600375e-01	   6.2093905125026416e-01	   2.8403710223062029e-01	   8.1934176970727424e-01	   3.0887168284849698e-01	   6.1770416640099957e-01	   1.4756301297984387e-01	   7.3246420604857709e-01	   2.1910877082060982e-02	   4.9243472489265600e-01	   2.3336495836579568e-01	   7.9479923001049524e-01	   5.4677619054742256e-02	   5.1312223727626327e-01	   3.8355559737786904e-01	   4.4664424877977388e-01	   2.0149206807222264e-01	   4.7186538785353271e-01	   6.8858886937368835e-01	   5.2722929417561570e-01	   4.3384129036432206e-01	   4.1862485693703050e-01	   3.4045155341475497e-01	   7.1212499408377683e-01	   3.9535478282304817e-02	   7.6311065854278592e-01	   3.2727675791387778e-01	   7.1566422502175775e-01	   5.5361334808379259e-01	   7.0951943369020554e-01	   2.1980994838012755e-01	   9.7579593543022952e-02	   2.4734942577904698e-01	   3.9622396934183746e-01	   3.0924355272676940e-01	   4.3855151954439070e-01	   5.3245358763298700e-01	   6.1700548750381612e-01	   5.8502157356393547e-01	
   9.5661382504257286e-01	   1.4673966009439482e-01	   8.8190078128070715e-01	   9.6795668849174143e-01	   1.3881981916492020e-01	   8.3238049263540181e-01	   1.0198862721143673e+00	   9.9683520227692213e-01	   4.8032537166015049e-01	   0.0000000000000000e+00	   5.5493718010118864e-01	   7.0518956748426276e-01	   8.4930661296050158e-01	   8.0275892238951441e-01	   3.7640168900992740e-02	   1.1181318862243068e+00	   4.2149120864047007e-01	   1.4742369326170340e-01	   5.7551967193564080e-01	   7.1650471988900977e-01	   3.6112376906607790e-02	   1.2467813375627798e-01	   5.9289481335127103e-01	   6.7440270417740356e-01	   1.7120252960701141e-01	   2.9875958672106323e-01	  -5.1102996789502884e-02	   1.4648936155273734e-01	   3.2274409837788082e-01	   2.4230644793890777e-01	   6.6489587094053670e-02	   2.9052197238388922e-01	   4.5088053922964966e-01	   5.6578645813719664e-01	   2.0840473021481956e-01	   4.8777417881349128e-01	   3.6047940556024965e-01	   2.5439193774314306e-01	   2.6096203984904098e-01	   5.4778168748085831e-01	   3.4762416352143033e-01	   2.7807567223746676e-01	   2.2919779730996820e-01	   4.0445532371643561e-01	   2.6885820035989932e-01	   4.8659026838629926e-01	   4.0732760313675653e-01	   6.1872089422474119e-01	   6.6013482851913907e-01	   5.0457249433110340e-01	   6.2091236699290053e-01	   6.6556887800351161e-01	   3.1259325167270152e-01	   6.8638570135860844e-01	   1.5441636343781084e-01	   6.9545226926481907e-01	   7.2140415305890215e-01	   7.5061745930594129e-02	   7.8139607552746626e-01	   1.4290824255426510e-01	   8.5458244130653072e-01	   3.9666496314684607e-01	   5.8552995453938605e-01	   1.5155122579637204e-01	   6.4181918864959464e-01	   5.2505436281324558e-01	   4.5236905072527150e-01	   6.7911397169298393e-01	   5.8963208585432336e-01	   8.2468153751583095e-01	   2.2202217553454823e-01	   2.4130607627409606e-01	   1.5464495377151866e-01	   1.4457617739685250e-01	   2.6595280519060199e-01	   2.3027071898407098e-01	   4.2167588589651772e-01	   4.4840210514894457e-01	   3.1765578593568972e-01	   2.7422673777834666e-01	   2.7480839280499336e-01	   3.6965226808497598e-01	   2.5535099115511889e-01	   4.7594417589666571e-01	   4.9978607375487843e-01	   8.2673302705874951e-01	   6.1726583725399901e-02	   6.2710369517015785e-01	  -6.5194760281369238e-02	   9.3851932396644744e-01	   5.9163906937183541e-01	   6.6486795238800867e-01	   4.5992985972257200e-01	   8.0477682020141139e-01	   2.5297715746214833e-01	   4.1238272730745656e-01	   4.0139729901952603e-01	   5.5863153604636129e-01	   5.2912270240210446e-01	   5.9955020301654693e-01	   3.4876213056365124e-01	   9.1316390148650195e-01	   3.1995329108763587e-01	   9.2404670939564115e-01	   2.5301532052590281e-01	   1.8046960193595549e-01	   2.8542390589863187e-01	   8.0662554735308464e-02	   1.5336618988759090e-01	   2.7693516086893766e-01	   5.1561939415884039e-01	   5.2593565568536749e-01	   6.0671684930039194e-01	   2.8129954000534646e-01	   1.8436183252279950e-01	   2.4588413953970001e-01	
   8.8072877954494744e-01	   5.5006466292269074e-01	   4.0375314429456044e-01	   4.8071007897369245e-01	   1.8537143081870655e-01	   5.1198654994829118e-01	   4.4737807993143047e-01	   6.2013356929013097e-01	   4.7436936137161245e-01	   5.5493718010118864e-01	   0.0000000000000000e+00	   1.1303425563258984e+00	   1.3343810098868440e+00	   8.1571492797414324e-01	   5.0555340141893568e-01	   7.8353407800585617e-01	   1.3631258170109342e+00	   1.1196065191419164e+00	   8.8384428913513780e-01	   7.9830565461685055e-01	   4.5552619113363868e-01	   4.5340664885552256e-01	   3.7648263124696935e-01	   3.4921637272505679e-01	   1.4024956388940291e-01	   1.5725425914421332e-01	   7.6031725871031311e-02	   2.2419046442362223e-01	   1.6151836597826026e+00	   1.3419409277146852e+00	   4.7036406930349428e-01	   5.1384392375779842e-01	   7.1441311396450213e-01	   7.9456956134939749e-01	   2.5002367620056154e-01	   3.8374154012151257e-01	   5.3073641827286056e-01	   5.3144812860772939e-01	   7.3437888859851452e-01	   7.9578986797853457e-01	   9.3105607368325460e-01	   9.0001521665528372e-01	   2.6111627873242554e-01	   3.4277780742282410e-01	   2.7402679484966502e-01	   2.8655533930491117e-01	   3.6343624520085777e-01	   5.1121078110275020e-01	   7.1898544010361021e-01	   3.1333967268044299e-01	   5.8847237656526130e-01	   6.9194955701286265e-01	   1.2167901726226416e-01	   4.5758710198991720e-01	   4.7153162472415050e-01	   6.0720355997581099e-01	   7.9659107339681645e-01	   4.7588426434934772e-01	   6.7934691323709107e-01	   1.8659050385629530e-01	   6.9188446543972570e-01	   2.9685329399495614e-01	   1.3357348367697137e+00	   6.8355883846718724e-01	   4.4752418138881594e-01	   3.8544305121624378e-01	   4.0522488421443054e-01	   4.3367722319115887e-01	   5.0309208440433262e-01	   5.8787261087170894e-01	   7.2326206449070851e-01	   5.5864694535677362e-01	   7.7253901642774236e-01	   8.0679331998618864e-01	   8.2207914674461402e-01	   6.5583281690720252e-01	   5.8364305147719875e-01	   5.6702096688351522e-01	   1.1336152849526597e+00	   1.0408267009880832e+00	   1.0831209045468391e+00	   1.1000626316447883e+00	   9.9734743921202118e-01	   7.7417708487939862e-01	   8.1016010995956611e-01	   6.4443310822637090e-01	   5.7567885370938010e-01	   8.3312445764380427e-01	   1.4892487495831624e-01	   4.9530076983767346e-01	   3.1888346564397907e-01	   2.5651864263999291e-01	   1.9227226071487535e-01	   2.3350268773928104e-01	   3.1528503034414879e-01	   4.1690369052658272e-01	   4.6264328486288619e-01	   5.4676475273149494e-01	   4.7358671056528229e-01	   4.1016616548722085e-01	   8.7830406873381353e-02	   2.1226185594136610e-01	   2.0616321553434142e-01	   3.8927664705541043e-01	   3.8741574696873682e-01	   3.4810853704225020e-01	   2.4189205394917468e-01	   3.9464042692711609e-01	   1.6784601509674973e-01	   2.4546055429562222e-01	   3.8395446249390069e-01	   3.6944037154031151e-01	   2.9773817494100485e-01	   2.8940327301135604e-01	   5.9738519420029657e-01	   4.5240061120949504e-01	
   7.1734908700080624e-01	   5.8545445616772263e-01	   4.1121006167093832e-01	   5.8116850755908089e-01	   1.4845115360042893e-01	   4.1686198415939579e-01	   5.0200246479593724e-01	   9.1905004228227627e-01	   5.4105430076674110e-01	   7.0518956748426276e-01	   1.1303425563258984e+00	   0.0000000000000000e+00	   1.1544868553490040e+00	   1.8042931525525823e+00	   4.3419734387056852e-01	   9.2334441592635175e-01	   7.4008127565204029e-01	   6.5388222744447067e-01	   8.3288005694920919e-01	   9.5485535847011804e-01	   2.9688866155146199e-01	   2.4903534627643675e-01	   3.2750569655517875e-01	   4.0885432167717040e-01	  -5.2346366916661384e-02	  -1.8396649295633092e-02	   6.2336016185098458e-02	   1.4369923351931538e-01	   7.5868916169581957e-01	   6.6576779899799288e-01	   1.5870357016059608e-01	   2.4777405168147354e-01	   4.6133006313424485e-01	   5.7361104058341228e-01	   7.0694674558662712e-02	   3.4564459368833050e-01	   4.5173042356543425e-01	   3.8963758821194444e-01	   6.3547220120058312e-01	   7.1798088732198717e-01	   6.5584403209387931e-01	   6.7041504289304499e-01	   2.4151956094431604e-01	   3.3496712517386396e-01	   1.6458529175075459e-01	   2.5526607568198634e-01	   4.7745049254038030e-01	   5.3205171658608186e-01	   6.5952444688768497e-01	   4.4047159672575698e-01	   5.0219490798488220e-01	   6.0644392975345063e-01	   2.2253337651753635e-01	   4.4445008222234406e-01	   5.1544963858993842e-01	   5.6014186323724147e-01	   5.4886251836050393e-01	   3.0370102672238025e-01	   6.5911324453937969e-01	   2.8196865033807567e-01	   6.6381110467452809e-01	   5.9668283103910058e-01	   7.9600867055178803e-01	   5.9308685769879477e-01	   4.1971855714667583e-01	   5.5259108382694189e-01	   3.2873819231233248e-01	   3.8231876156391797e-01	   4.9506127517142828e-01	   6.5738285293965848e-01	   5.0660807837896571e-01	   3.5719901166822315e-01	   4.4680978255510684e-01	   5.0875309243650435e-01	   5.6345310244800784e-01	   4.0540395298404641e-01	   5.1847724444044352e-01	   4.9022301344846142e-01	   7.5855362839678442e-01	   6.5168467516720940e-01	   8.2121877502432616e-01	   8.3904115624098019e-01	   7.2821805940869688e-01	   5.2336542871508485e-01	   7.6003004794352025e-01	   7.1938219515552726e-01	   4.8765715836254464e-01	   7.4622923557551013e-01	   2.3359188444625992e-01	   5.3191093374287468e-01	   5.9045672240173175e-01	   4.6870736611311103e-01	   5.0664522788000244e-01	   4.2415370556444776e-01	   4.8737770166254751e-01	   5.2037443210380552e-01	   6.1806604630965889e-01	   6.1281789796047892e-01	   5.8421900614326638e-01	   5.6917062487316483e-01	   4.2567967483076852e-01	   3.5551663399234879e-01	   4.6218063156582839e-01	   5.4366026106379017e-01	   3.7612424046884496e-01	   3.6187680228904562e-01	   3.0234448159434874e-01	   2.3455887213556814e-01	   2.4888439936554368e-01	   3.7110456984560636e-01	   5.3827539896305787e-01	   4.7847203256628912e-01	   4.8356336987572635e-01	   3.2905571380287879e-01	   4.4162585313076397e-01	   3.7229827358446305e-01	
   1.0768032706093815e+00	   4.2037216350908041e-01	   8.1485513626796069e-01	   7.5667103091729848e-01	   1.5690819403034537e-01	   5.2013454135395132e-01	   8.4326761210617374e-01	   7.3364669809373884e-01	   5.3998869833815488e-01	   8.4930661296050158e-01	   1.3343810098868440e+00	   1.1544868553490040e+00	   0.0000000000000000e+00	   1.0529515828567697e+00	   3.9648880468823428e-01	   1.1648572076234196e+00	   9.0074491605656049e-01	   6.4198058428780780e-01	   1.1262566725634939e+00	   1.1090978868913475e+00	   3.8750520381013959e-01	   3.6730478165218872e-01	   7.5358971134558395e-01	   6.8705736044264232e-01	   1.8372826888762622e-01	   2.3147705008312430e-01	  -1.3691501599284419e-02	   1.2845172825076828e-01	   9.4064665854030405e-01	   7.5454710835750471e-01	   2.9822422846969160e-01	   4.5368018001943433e-01	   8.2411955201868159e-01	   9.4711546090781229e-01	   5.0804708898838302e-01	   7.3082604467581291e-01	   8.0265268397261313e-01	   6.5718727663907128e-01	   8.4376492425659022e-01	   1.0428315185652726e+00	   1.1878811362856221e+00	   8.1939443005396106e-01	   5.2866496430699250e-01	   6.1045280540509994e-01	   4.2580276641840697e-01	   4.6315289121931036e-01	   6.5048090239688361e-01	   8.0901811409652247e-01	   7.5747682928491178e-01	   4.2662369068203293e-01	   7.6770510703374628e-01	   8.4008917078048206e-01	   2.9760670041560566e-01	   7.3563287198683946e-01	   5.3166090196040316e-01	   8.8549563640693951e-01	   8.0310046155209158e-01	   2.4783900708303958e-01	   7.4435891411196820e-01	   1.0383093466153934e-01	   8.4108137842689867e-01	   3.0993113907205327e-01	   1.0163346308127199e+00	   3.6633667265572362e-01	   8.1683621301926379e-01	   5.4100842569011809e-01	   6.0085093570350112e-01	   6.5129947296604351e-01	   7.4003110908276659e-01	   8.3008924852050114e-01	   5.2258541526873359e-01	   3.9478591263008483e-01	   5.4205933311903576e-01	   4.8098729937259327e-01	   7.0148493227360476e-01	   5.8439871292049905e-01	   8.7533422058092947e-01	   9.0857931028503658e-01	   8.6053585206509253e-01	   9.5951012248945244e-01	   7.9219525792922296e-01	   1.0343796025039962e+00	   9.2823968658388278e-01	   8.1179903825946753e-01	   1.0466679303775708e+00	   9.9495930612348893e-01	   5.3960439844457375e-01	   9.7978243492772044e-01	   1.3825277043500958e-01	   8.4714733364930150e-01	   5.5499221025885603e-01	   5.1482710831145373e-01	   4.0874980790571736e-01	   5.8461408842399121e-01	   5.4905175568997655e-01	   5.1873102087845413e-01	   7.0930243344790223e-01	   7.7749895513872558e-01	   5.6480643546957254e-01	   5.4983879545499126e-01	   1.9685348327972213e-01	   5.4216247055246447e-01	   2.2488723326514559e-01	   6.0415630804094822e-01	   4.6611946312555397e-01	   4.0386621654523330e-01	   2.5266649211730668e-01	   3.2013830337322996e-01	   1.9857498188320821e-01	   4.1802001477507300e-01	   6.5815220171439592e-01	   4.9858590484993492e-01	   4.6191585966873805e-01	   3.3483403007798290e-01	   5.8391517228090872e-01	   4.9849529469064791e-01	
