   0.0000000000000000e+00	   1.1430588512626789e+00	   7.7754534505267736e-01	   5.6299674031518476e-01	   5.4099069028779434e-01	   4.9628439949083969e-01	   7.0511473487199061e-01	   5.7310970559440422e-01	   6.3173074182906952e-01	   3.0684380075296175e-01	   8.0320205097360153e-01	   6.2142886683090992e-01	   6.9543110995597213e-01	   5.9126752365314128e-01	   6.7301361322511455e-01	   6.3803668134939862e-01	   6.6813085813699780e-01	   4.6817501094599140e-01	   1.0734502343915846e+00	   1.2270695280001600e+00	   4.2121878794908929e-01	   1.9944214055380188e-01	   6.0614276931517397e-01	   5.7033254337880190e-01	   5.8562782996525342e-01	   6.0540001466768778e-01	   4.1369783573983621e-01	   3.7662024038175801e-01	   2.2489114948260808e-01	   2.3310083797156295e-01	   6.9187710336213537e-01	   6.5121666285517632e-01	   8.5255031858152941e-01	   8.0341540944034939e-01	   6.4173664117768270e-01	   6.5037633092011515e-01	   5.1106886552216590e-01	   5.9584759138062493e-01	   7.1857272844450826e-01	   6.9408710844296517e-01	   6.0702264139958495e-01	   6.1177786214252539e-01	   9.1698037441404123e-01	   8.6516263321026776e-01	   7.9699025135531110e-01	   8.3129055919168704e-01	   8.8755522422560007e-01	   8.5195753257420515e-01	   7.8062006522535321e-01	   7.8767149927919644e-01	   9.1028742805163909e-01	   8.4617359578049622e-01	   8.2968107303993310e-01	   8.0323789758385133e-01	   9.7833737255572240e-01	   9.9885414028110442e-01	   9.4392684264812809e-01	   7.1550137444342210e-01	   7.8249513661036485e-01	   6.1349953213841801e-01	   6.3759549452221242e-01	   5.1528256211324330e-01	   2.2948934655899078e-01	   3.4802989929255579e-01	   3.5826026441017361e-01	   4.6185852723316501e-01	   6.1518944855089996e-01	   5.1754947282377439e-01	   7.4586561658561334e-01	   6.6961444056400832e-01	   5.5138232234311613e-01	   5.6689030487948744e-01	   6.7924285119946970e-01	   6.1404477405575064e-01	   6.8606329781592224e-01	   7.4161815355440752e-01	   8.1079453989283279e-01	   9.5612705635700790e-01	   4.5929490536721251e-01	   4.1706717233646556e-01	   5.7219626494910358e-01	   7.2722786270603756e-01	   8.4817334436713354e-01	   8.7542681708151027e-01	   6.8372004356800131e-01	   8.8933404850632081e-01	   7.2408199500144477e-01	   7.5269457830654285e-01	   8.4052552048294438e-01	   8.2623427480760991e-01	   6.1438784568485771e-01	   4.8247034464485916e-01	   4.7828900079653003e-01	   4.0810177558046101e-01	   4.4207685786971540e-01	   5.5133313356061187e-01	   7.7616017002637727e-01	   7.3502063411341212e-01	   9.3972341327155340e-01	   8.3029192980055555e-01	   3.5289781790081398e-01	   1.8166102656781982e-01	   4.1937465254162476e-01	   4.3246536277340214e-01	   2.1712832686343758e-01	   2.3142390593865919e-01	   2.3931118939438750e-01	   3.1406260049741813e-01	   2.7676580507703069e-01	   3.1303030292704614e-01	   7.2331364697409406e-01	   7.2011142675803563e-01	   6.0853996289022594e-01	   5.2883171877922286e-01	   1.6916001902476466e-01	  -1.0423315206812184e-01	
   1.1430588512626789e+00	   0.0000000000000000e+00	   5.1782359145322998e-01	   6.3097029802769466e-01	   2.8721092122649927e-01	   4.5878153278602868e-01	   4.9915497869612913e-01	   6.1205109218714859e-01	   5.2515222769868286e-01	   4.3511207360957155e-01	   4.9939030111522631e-01	   7.1172015344007145e-01	   4.4816257918995106e-01	   5.1794213450572579e-01	   4.7217816510335342e-01	   6.0757820492777170e-01	   5.9282395879306438e-01	   6.4257730475881136e-01	   7.5392235029846466e-01	   1.1941514859554563e+00	   2.5524356454262165e-01	   1.4140183988256042e-01	   4.2227857398109797e-01	   5.1369930948239806e-01	   4.4871276767456975e-01	   5.0730602847264217e-01	   2.0582988938720831e-01	   1.7467306600984878e-01	   1.7105207820213145e-01	   2.7928872466541649e-01	   4.7861199399457488e-01	   5.2312853735310849e-01	   8.8801815450038224e-01	   9.0322886046452011e-01	   6.3643986328672120e-01	   7.3117224308746498e-01	   4.3726636922926077e-01	   7.0410987197310082e-01	   5.6096106532180678e-01	   7.5483983355546458e-01	   5.1732718874023087e-01	   5.8455187840767131e-01	   8.9750743832109992e-01	   8.3783846671962758e-01	   8.2483493447669265e-01	   8.8415812139216621e-01	   1.0446963337069346e+00	   9.9545635567769697e-01	   8.4471941805187101e-01	   8.9568210737472786e-01	   8.6528996096918709e-01	   8.4611563797537204e-01	   9.8131781791287498e-01	   8.3660300875703086e-01	   1.0594111009677054e+00	   1.0451416695769504e+00	   1.0378370662155714e+00	   1.1456246663508756e+00	   8.3204317579106180e-01	   8.6564891890154794e-01	   4.9274899192916471e-01	   6.1636191222063785e-01	   2.3795646637186146e-01	   3.8949714915296574e-01	   3.0624104834608762e-01	   5.0495869467057086e-01	   6.9081955613124202e-01	   6.8212238754010923e-01	   9.9233632373454239e-01	   1.0896876428459190e+00	   4.0005624621312863e-01	   4.6554003592736865e-01	   4.4675984291197740e-01	   5.7390258841330910e-01	   4.2098097325465134e-01	   5.8060274530955591e-01	   7.1049137729296008e-01	   9.4659815148908644e-01	   4.3297868402985445e-01	   4.5043491148319265e-01	   7.3966826493536741e-01	   9.8678588740241424e-01	   5.8399438808913939e-01	   8.2385289242269222e-01	   6.1724413239625131e-01	   1.0332448590123893e+00	   5.8884217168747588e-01	   6.6766130336382923e-01	   7.6299564500688966e-01	   8.6328134942074453e-01	   7.0813077384410417e-01	   5.0059727433374013e-01	   6.1289008007199497e-01	   3.8843712412567383e-01	   4.0948959214705760e-01	   5.9356331305580523e-01	   8.0778741662198794e-01	   8.2087053490340756e-01	   1.1378215374657263e+00	   8.7813813720707845e-01	   5.1094032675521750e-01	   1.8494868426530736e-01	   5.3180879940821180e-01	   5.3359965447061874e-01	   3.7869173672476891e-01	   2.8143493906083628e-01	   4.4576311149352338e-01	   4.1052142174521372e-01	   3.0480244589908384e-01	   3.5940563734483699e-01	   8.2319358970402912e-01	   7.8600004066041895e-01	   6.2594920906047435e-01	   5.2166552539456512e-01	   1.3511406058805162e-01	  -1.4541936480706144e-01	
   7.7754534505267736e-01	   5.1782359145322998e-01	   0.0000000000000000e+00	   7.8457817079738823e-01	   7.8208854547422557e-01	   3.9030504888387790e-01	   1.3517482563981060e+00	   5.4990799363661280e-01	   8.7329069085431477e-01	   2.6863254573495499e-01	   6.4927646641311343e-01	   2.0818123900278493e-01	   7.0934952930560469e-01	   3.7109838166563902e-01	   9.8362275057344251e-01	   7.2092923306595391e-01	   1.5634418032290354e-01	  -1.5253279548971186e-02	   8.8754789110753785e-01	   6.2796493068915615e-01	   2.7977342694312857e-01	  -2.9520639597761501e-02	   1.4131673530553877e+00	   1.1426746190755088e+00	   8.7661093790203815e-01	   8.3562241525049896e-01	   4.0137023658371895e-01	   3.8022721350545480e-01	  -9.0922939740573749e-02	  -1.6372794425558790e-01	   8.5808424059264843e-01	   6.7894504865443606e-01	   6.1221824074383413e-01	   3.8625850169925180e-01	   9.4871408451061234e-01	   7.7178653669222330e-01	   7.4987120320874345e-01	   6.7018364139445974e-01	   7.6067201816563057e-01	   6.1200759005328775e-01	   4.0133965056988091e-01	   4.7837692488390926e-01	   1.0213087260958096e+00	   8.5010308316751271e-01	   9.3845611153326358e-01	   9.1636208687977283e-01	   9.1749508374126298e-01	   9.4286232847946860e-01	   6.7183980441267910e-01	   6.4386504225209240e-01	   1.0665392808474752e+00	   8.9061544727953867e-01	   6.3421613713881708e-01	   9.4148054000664594e-01	   7.1027364511807745e-01	   9.0653207635496136e-01	   2.7113614300823569e-01	   2.8006930678245845e-01	   4.9848560172618150e-01	   2.9838028820472806e-01	   3.7323270438627271e-01	   3.2964416539653874e-01	  -1.6716921172643287e-01	  -9.2250776063611858e-02	   8.7506881657148217e-01	   5.9616408064639126e-01	   9.3086290180326281e-01	   5.7339830919798462e-01	   4.9405022157633627e-01	   4.1164338377818332e-01	   5.0780225401287793e-01	   3.7442785528918660e-01	   5.1414559797792780e-01	   3.6472836490113980e-01	   6.3016439234188415e-01	   6.1544228683397117e-01	   6.8361724503330923e-01	   6.5807460022432396e-01	   9.6427676897163431e-02	   1.2108279523285716e-01	   2.6005419570607716e-02	   1.8831111545888243e-01	   9.3611576864728119e-01	   3.6618547156602993e-01	   1.1777122643383267e+00	   7.2383842048282387e-01	   8.6267095902372737e-01	   8.8807772101756410e-01	   1.1105055954778360e+00	   9.4708713372381415e-01	   7.6837886130851440e-01	   9.3374894896721983e-01	   7.4569519705431841e-01	   1.0376566978472170e+00	   5.6181134353075202e-01	   5.9967092751639517e-01	   9.0368193188862700e-01	   8.2409136272004413e-01	   6.7812860073505166e-01	   8.2437854795484677e-01	   3.7153893343761080e-01	   4.2761314965841996e-01	   6.8453929463600416e-01	   6.0153014321375220e-01	   3.6412366572151489e-01	   4.9904776378966753e-01	   1.1711859101555443e-01	   3.3161843150350429e-01	   3.3675647461013836e-01	   3.3614934067606894e-01	   1.0081024992070702e+00	   8.2627969755549957e-01	   7.4811517220900303e-01	   9.2446076767341723e-01	   5.6623973803424998e-01	  -7.4598207551506854e-02	
   5.6299674031518476e-01	   6.3097029802769466e-01	   7.8457817079738823e-01	   0.0000000000000000e+00	   3.6292772202000867e-01	   7.6303010891363487e-01	   7.2543510241925246e-01	   1.3871342584590947e+00	   8.6577806940194624e-01	   1.0453659345692181e+00	   2.2296204325135527e-01	   5.3469552464988690e-01	   3.1252039498266737e-01	   6.0098088631013202e-01	   4.5606402793362183e-01	   9.1957212583491210e-01	   2.3685217228539990e-01	   1.3205310256206948e-01	   5.6692977511301379e-01	   6.3797414780070860e-01	   9.9835058018113598e-02	  -9.5173988479177796e-02	   5.5298961876426911e-01	   8.9544796618239331e-01	   3.4589982754956572e-01	   5.1240848547879048e-01	   9.7570979722125653e-02	   8.2132309965351064e-02	  -8.4265286939556816e-02	  -1.2247356584143851e-02	   3.2134500603583294e-01	   5.5642372914745364e-01	   5.4959472238030660e-01	   5.5185648846399338e-01	   6.7628544415113423e-01	   8.8284123865976760e-01	   3.8404956011080738e-01	   5.8592176824305808e-01	   5.0799681868785262e-01	   6.3444018441884531e-01	   2.1884827399778173e-01	   4.1168718301242363e-01	   7.9033522298193692e-01	   7.2838899024628467e-01	   6.1327445885368603e-01	   7.0592865922311399e-01	   8.2280013092148274e-01	   8.7736193703992216e-01	   4.1289233296457756e-01	   5.1096420861311720e-01	   6.4529019779727292e-01	   7.8679353856304646e-01	   7.2189771919896628e-01	   9.0459702422985444e-01	   7.0118617184030096e-01	   8.4932007854783709e-01	   4.0434324536973332e-01	   3.2712321873719102e-01	   5.5738970378234409e-01	   7.6756491986254938e-01	   4.1119355432428750e-01	   9.3779802487608344e-01	  -4.2992288015867047e-02	   1.4107515952696792e-01	   6.3061198212623581e-01	   9.6179593433537558e-01	   7.5666700703812262e-01	   7.7497398935022177e-01	   5.4468303628873915e-01	   5.1893789546160241e-01	   3.6597356120552527e-01	   4.1296019671045686e-01	   3.6386905013292170e-01	   4.8857566745632919e-01	   4.6638896199580804e-01	   7.2106143712722159e-01	   5.7740320900487552e-01	   6.6974412968271335e-01	   1.9237125368470404e-01	   1.4475253479028130e-01	   3.2647360482821264e-01	   3.4048439342715264e-01	   5.4722587164898573e-01	   4.5163429353324425e-01	   7.6879429511899644e-01	   8.8196173151501434e-01	   6.1030473462497181e-01	   6.2939294728459216e-01	   9.7077426308270576e-01	   1.1398688056514912e+00	   9.2233902358576858e-01	   6.9003856597001878e-01	   9.6852516617377893e-01	   5.7589657098548575e-01	   7.2419659686052673e-01	   8.0869467742226564e-01	   8.4124506675878141e-01	   9.5325691025869985e-01	   8.1995777557951322e-01	   8.2620515197344724e-01	   5.9003474081880447e-01	   2.5375325754798284e-01	   7.6829390174585066e-01	   5.8094812704088972e-01	   4.4552055528666307e-01	   3.6920786210488182e-01	   2.5726876646038788e-01	   3.1317103437884086e-01	   5.2857549527587921e-01	   5.0520466507296424e-01	   8.3054628848354040e-01	   7.4944511261893010e-01	   7.9681589317347079e-01	   6.9746007870926929e-01	   4.2225768472510777e-01	  -8.4797139400075702e-02	
   5.4099069028779434e-01	   2.8721092122649927e-01	   7.8208854547422557e-01	   3.6292772202000867e-01	   0.0000000000000000e+00	   6.3218491707763036e-01	   5.2238889977779435e-01	   2.3496705484664387e-01	   9.9879604220937568e-01	   1.8458880732316824e-01	   4.7151222424891498e-01	   1.4538020568097582e-01	   4.9036935598006748e-01	   3.0100359551333367e-01	   7.4048198294471890e-01	   6.0683887412929782e-01	   4.9309725699235724e-02	  -2.3999685551674160e-01	   4.4953367779180620e-01	   3.1773852967876043e-01	   8.8400390633512449e-01	   4.0956572689142834e-01	   8.0061964786013817e-01	   6.6006882924651378e-01	   1.1025142812070046e+00	   9.4329797750544719e-01	   1.2653726693232543e+00	   9.0562424932835650e-01	  -2.1862753682333805e-01	  -2.6684700537926936e-01	   6.6988320953094738e-01	   4.2691135320707452e-01	   3.1005858118509294e-01	   1.0832090715798737e-01	   7.3273442363190122e-01	   5.7769684647771591e-01	   4.7066475678082265e-01	   4.5464330564071476e-01	   6.9014754568788328e-01	   5.1642537986778703e-01	   4.2483632875320254e-01	   5.6682344981368771e-01	   5.1027713586521206e-01	   3.7264528399828506e-01	   6.2392972066732777e-01	   4.6161972137778573e-01	   3.6171550711636374e-01	   3.9012092234647050e-01	   3.0066284927452824e-01	   2.5503899720413770e-01	   5.0559508315734369e-01	   3.4317456788633771e-01	   2.5502378875263798e-01	   4.2625334720090757e-01	   3.5241615760173001e-01	   4.0349233144106550e-01	   1.8024117130865125e-01	   6.7054808034139810e-02	   2.5918119186812194e-01	   1.9487373709913713e-01	   3.5437150967281628e-01	   2.6936056207741899e-01	  -2.0621417212290730e-01	  -1.8121013564262642e-01	   6.7140097669844545e-01	   5.4248716462811553e-01	   6.6550659541297108e-01	   4.8455841228549279e-01	   2.9057483999142580e-01	   1.0989973544429758e-01	   4.6867337434659362e-01	   1.9348166825794980e-01	   5.0033125053474015e-01	   1.9472894849240821e-01	   6.1886898053573480e-01	   4.6692343921224039e-01	   4.1631364429622836e-01	   3.8990343474453337e-01	  -2.8021131708663924e-03	  -6.1596076621175059e-03	  -1.5774101910674809e-01	   1.8054743623605755e-02	   6.2637576586799637e-01	   1.9698586786747441e-01	   6.9148974706157607e-01	   4.1706553581971106e-01	   7.7238031438411447e-01	   6.7442349754075204e-01	   7.3056833941382338e-01	   5.9929045787583302e-01	   3.2040362950959606e-01	   3.6130264835654469e-01	   3.7184393648469760e-01	   5.3631832486676112e-01	   1.8164695706984732e-01	   2.3153381672203835e-01	   4.0353935270825769e-01	   3.6238872583890630e-01	   2.6728450139128956e-01	   3.3471692180992746e-01	   9.6440978056038074e-02	   5.7595603375294548e-02	   3.1137400394754045e-01	   2.6898396648971978e-01	   9.4705664746928334e-02	   3.2762494282007953e-01	  -2.6373977416838657e-02	   6.4237748660300976e-03	   5.5060838001590437e-02	  -7.1363850222451984e-04	   4.5874834059796671e-01	   3.8421623332275101e-01	   3.9701869730007733e-01	   4.6716619990243974e-01	   2.8218796427743220e-01	  -1.8793781201305804e-01	
   4.9628439949083969e-01	   4.5878153278602868e-01	   3.9030504888387790e-01	   7.6303010891363487e-01	   6.3218491707763036e-01	   0.0000000000000000e+00	   3.4133282092614908e-01	   7.6314871083121161e-01	   9.5259204673786646e-01	   9.7461578033670326e-01	   1.4922026948727676e-01	   4.3710823062175697e-01	   2.6260668846069990e-01	   6.0216891171935127e-01	   3.3171882679651421e-01	   7.3987711961482594e-01	   2.4849911793372664e-01	   1.3316727346359730e-02	   3.4981125682863035e-01	   4.2158591817417912e-01	   6.4514363939744102e-01	   5.2198219806396684e-01	   2.9076799655297242e-01	   4.6688545373376755e-01	   4.5493087775290758e-01	   6.1652426788559556e-01	   5.2927035851041448e-01	   6.0191361065967575e-01	  -1.4130550950300425e-01	  -1.4071541614828431e-02	   2.5598933826849013e-01	   3.9283060735945469e-01	   3.1466180021705603e-01	   3.1196934370670726e-01	   4.9052002992199562e-01	   6.5223978601561505e-01	   2.6439927821410858e-01	   4.2685878208833827e-01	   4.0647005161195771e-01	   5.1865917805506956e-01	   3.0293301825559793e-01	   5.2686706385805682e-01	   4.6323917835992479e-01	   4.4481857056136453e-01	   3.5706956941762247e-01	   4.4242572643754474e-01	   4.6899040915636614e-01	   5.1295463392313700e-01	   2.7195284014994481e-01	   4.1213647269839504e-01	   3.7593701422680170e-01	   4.7455322088212870e-01	   5.4631325218718352e-01	   6.4173797142003952e-01	   4.6581095923198140e-01	   5.3247951747174693e-01	   4.1821867827581560e-01	   2.0329883168883731e-01	   4.8284131687855542e-01	   8.1556063710725024e-01	   3.6901554973877904e-01	   8.2113037357978558e-01	  -6.8584775460901151e-02	   1.1399990583446694e-01	   4.1544923191818200e-01	   7.7219581520079650e-01	   4.7365082682998760e-01	   5.7801152275958034e-01	   4.5957175066748657e-01	   2.7536293471470630e-01	   3.2308619198150457e-01	   4.8503205782810305e-01	   3.2889626314083159e-01	   3.3276716177506788e-01	   5.1656295950697206e-01	   5.4751578967757053e-01	   3.7152154609294014e-01	   4.1328533627239450e-01	   1.8050953379407664e-01	   2.4221563389961454e-02	   2.1141901402933833e-01	   1.9679929717941491e-01	   3.1132969457588888e-01	   3.2756767142985610e-01	   3.9528306207020436e-01	   5.2413554441395593e-01	   5.5285478048062342e-01	   4.9600153131028274e-01	   7.7176374310421203e-01	   8.6879731859775533e-01	   6.0879115185201582e-01	   3.8338850304745620e-01	   6.4494947977924955e-01	   3.2142344228103387e-01	   3.2098852758852553e-01	   3.7851548104093857e-01	   4.1866430556606460e-01	   5.1260756016157627e-01	   5.2278242570286981e-01	   5.2418403432219174e-01	   4.0039240140264365e-01	   1.4759987399844229e-02	   5.0166850747073344e-01	   3.6707058816603994e-01	   3.2660906397582823e-01	   2.6918566409775646e-01	   2.2808007874875957e-01	   1.8227865705717797e-01	   3.2654636292811462e-01	   2.3595086965771828e-01	   4.1806925115164328e-01	   4.6692804037187535e-01	   5.5732711354232811e-01	   4.7631422845588467e-01	   2.0297895982143357e-01	  -2.2082669038368852e-01	
   7.0511473487199061e-01	   4.9915497869612913e-01	   1.3517482563981060e+00	   7.2543510241925246e-01	   5.2238889977779435e-01	   3.4133282092614908e-01	   0.0000000000000000e+00	   7.4186382016675390e-01	   5.8457097177985484e-01	   2.6575123837385090e-01	   7.9247153444471408e-01	   3.5532303947179034e-01	   8.6966120703231775e-01	   5.0283741037399055e-01	   7.3105896432851258e-01	   5.4968039511536415e-01	   2.0960776645394849e-01	   1.0212402124700083e-01	   8.3876946067972535e-01	   6.2404003912153616e-01	   2.1083998755018091e-01	   2.2795316068837654e-02	   8.8024535811336091e-01	   7.3589901202190089e-01	   4.6394806234154351e-01	   4.5967538231271954e-01	   1.8443314522293272e-01	   1.8325630614837210e-01	   1.3726235884664353e-01	   2.8921010041099312e-02	   7.5787209263779820e-01	   6.6325179696461056e-01	   6.7394496779491009e-01	   5.4831944108599906e-01	   5.7897218128664651e-01	   5.6775067754891162e-01	   6.8126090668194650e-01	   5.6962690824791651e-01	   4.8681151760534347e-01	   3.6952749034416904e-01	   2.9263537838129833e-01	   3.4174296329175985e-01	   7.5006075542016071e-01	   7.4878171888769662e-01	   6.4301652489674443e-01	   7.3811889495505578e-01	   8.1353146191405823e-01	   8.3004623779998332e-01	   6.5155767259718944e-01	   6.3093990353959173e-01	   8.3266360877642465e-01	   7.9817118333054382e-01	   6.4418510909041182e-01	   8.6958029889395905e-01	   5.9615172896768243e-01	   7.1709706081292812e-01	   1.9537864137021571e-01	   2.4781507760268745e-01	   5.3153955774621964e-01	   3.1838710982519103e-01	   4.6086070970834792e-01	   4.2907652845858757e-01	   2.2018482155286970e-02	   9.2132146293122996e-02	   5.6088775071221442e-01	   4.0660159129456486e-01	   6.4285078684377983e-01	   4.3961540318202219e-01	   3.7139182614890731e-01	   3.9599132857221897e-01	   6.0287216321393422e-01	   5.1691604109165046e-01	   4.9026004805699169e-01	   4.4120370757939598e-01	   5.8797718042392433e-01	   6.6571176141170019e-01	   7.6171534923970241e-01	   7.0432808510957645e-01	   1.1210940934461829e-01	   1.5458311005486858e-01	   1.4102919184808324e-01	   2.5643563339533199e-01	   8.2949274147249241e-01	   3.5888765460219535e-01	   8.0280357745929443e-01	   6.9155499575015311e-01	   5.8809748237521908e-01	   5.4894327460861170e-01	   7.4343025770426241e-01	   7.1218172564821347e-01	   7.2543026062872551e-01	   8.6554433123563113e-01	   6.0241188408562396e-01	   7.7279526406894694e-01	   5.3194544961005430e-01	   5.8022169798539003e-01	   7.6630749398593756e-01	   6.4974162965522086e-01	   6.5259843147514662e-01	   7.8018866005317666e-01	   3.6935242239185001e-01	   3.9881563298007217e-01	   6.0062936866894956e-01	   5.3986353478023696e-01	   3.0446542354721068e-01	   3.4650132673184236e-01	   5.3894620847004200e-02	   2.2319062361271610e-01	   2.8518329826563238e-01	   2.6693571784663583e-01	   7.9108309764920326e-01	   7.5684222935727863e-01	   6.2143420409785133e-01	   6.4661272720558804e-01	   3.2880311017665259e-01	  -1.3498219778078244e-01	
   5.7310970559440422e-01	   6.1205109218714859e-01	   5.4990799363661280e-01	   1.3871342584590947e+00	   2.3496705484664387e-01	   7.6314871083121161e-01	   7.4186382016675390e-01	   0.0000000000000000e+00	   6.2346146927180990e-01	   9.6019593497030753e-01	   3.9555794744604195e-01	   9.2911886803353494e-01	   4.4949171917787212e-01	   9.5134100421485235e-01	   3.5709078460080018e-01	   8.2453745238462894e-01	   3.9686353055775758e-01	   3.0413597252605740e-01	   4.9993070696410896e-01	   5.9226246237849400e-01	   1.0678128294120884e-01	   2.8877550275222749e-02	   3.8997660703386294e-01	   6.5373379453540237e-01	   1.4268276670083879e-01	   3.1117913839293321e-01	  -1.0441457136767173e-02	  -1.5149751287711861e-02	   1.7596713630106192e-01	   2.6487635924428377e-01	   3.1553479436428611e-01	   6.3459212452112768e-01	   5.3560832403969816e-01	   6.4408517216702044e-01	   4.1222452381416258e-01	   6.4693549059644540e-01	   3.5553032943024537e-01	   4.6134586695788610e-01	   2.9855370734348669e-01	   4.2303862353152566e-01	   1.9616700359244635e-01	   3.6601433548787171e-01	   6.1873327623449292e-01	   6.5704155600273084e-01	   4.2829227602440140e-01	   5.5859821596188852e-01	   7.2858781628774905e-01	   7.3139578749098910e-01	   3.9646360196248981e-01	   4.7366837704755071e-01	   4.7922736390972254e-01	   7.2686469912127105e-01	   7.2116557187585217e-01	   7.8622657171783139e-01	   5.8411373025972202e-01	   6.4915283669480173e-01	   3.8448769518024789e-01	   2.7260600332303331e-01	   5.7217449029127898e-01	   7.7765309477368316e-01	   4.9459039726372417e-01	   1.0730050019631614e+00	   1.8952013797116887e-01	   3.8404144558352127e-01	   3.6323401848011755e-01	   7.2797038244529566e-01	   4.7577251911328811e-01	   5.7409284714489528e-01	   3.4653241237659838e-01	   4.0217058950447832e-01	   5.7332008619140751e-01	   6.9212070256539659e-01	   4.4180579485162375e-01	   6.8293710094022608e-01	   5.4429930683762207e-01	   8.3741293082362722e-01	   6.5460112991357278e-01	   7.5196678189707478e-01	   3.2952731631710191e-01	   2.6646748441191120e-01	   5.2593855208086027e-01	   4.7573375650875760e-01	   5.6677979913445020e-01	   5.4276796909163205e-01	   5.3606889129848589e-01	   8.4712402610006499e-01	   4.3382094195786047e-01	   4.0634957371913927e-01	   6.9209108765314720e-01	   8.4868326282291107e-01	   8.4832728407986324e-01	   5.9154652059085855e-01	   8.0656078646317675e-01	   4.0020713330433078e-01	   6.4457586150595758e-01	   7.2082174206335203e-01	   6.6724697162191160e-01	   6.7800212200541432e-01	   7.5899327862764832e-01	   7.1936181506021168e-01	   6.5335212816797883e-01	   2.0287893649183777e-01	   6.5853314505712235e-01	   4.9539712418207621e-01	   3.4441556477731095e-01	   2.1897365650122219e-01	   1.5097595255325333e-01	   2.1541486223405687e-01	   4.3729411461787976e-01	   4.6778549566297106e-01	   5.9772232089902222e-01	   6.2715349865277614e-01	   6.6433655531991143e-01	   5.3624759035977132e-01	   2.1465688210239720e-01	  -1.7765874881787488e-01	
   6.3173074182906952e-01	   5.2515222769868286e-01	   8.7329069085431477e-01	   8.6577806940194624e-01	   9.9879604220937568e-01	   9.5259204673786646e-01	   5.8457097177985484e-01	   6.2346146927180990e-01	   0.0000000000000000e+00	   6.8337029312689801e-01	   3.3635311856667127e-01	   3.4058815541525772e-01	   5.7256313088008004e-01	   5.4171123094579565e-01	   6.8421634995690495e-01	   8.8484113058583347e-01	   7.0443505935403980e-02	  -1.1238481600716096e-01	   4.6581183016769279e-01	   4.7724254643038511e-01	   4.8685262764805470e-01	   1.6650532667522397e-01	   7.2856596382632710e-01	   8.9289393310030674e-01	   8.3349658846717634e-01	   9.8244106936111542e-01	   6.4125255396097458e-01	   6.2120261272163957e-01	  -3.8965406436924027e-01	  -2.9556045190561492e-01	   4.0237588987091089e-01	   3.7832202056094466e-01	   3.8144166765655318e-01	   2.3770993076056712e-01	   8.9435694928030707e-01	   8.7263535527746372e-01	   4.3795116908525084e-01	   5.9497276119410747e-01	   6.6260551468972728e-01	   6.8993763691431675e-01	   3.2175947603972255e-01	   5.8879868234069344e-01	   7.1378250067135829e-01	   5.6639797574367101e-01	   7.0981259345552927e-01	   6.8679020046900074e-01	   5.9830422815279527e-01	   6.8245027754005116e-01	   3.3105075539708634e-01	   4.8475719059341282e-01	   6.7744200389082099e-01	   7.2510284050842977e-01	   4.6065686454742683e-01	   7.8624865846144953e-01	   5.3602723100389715e-01	   7.0072136988890066e-01	   3.3120529701386781e-01	   2.0308777777599255e-01	   4.2201408318867228e-01	   5.2493077056120363e-01	   4.4019327507567974e-01	   6.1356017745898206e-01	  -2.5691924667792310e-01	  -7.7880632056318316e-02	   9.0138750199573459e-01	   9.8172919239127499e-01	   8.4932671009027894e-01	   7.5021630728081357e-01	   4.9473900063164561e-01	   3.2010135366472725e-01	   4.1924343039016460e-01	   3.8466063017656071e-01	   4.2507814593104154e-01	   3.0144593867403363e-01	   5.9049575559211642e-01	   6.3198772800034508e-01	   4.7103775237209389e-01	   5.4545674378605924e-01	   8.0845467918000416e-02	  -4.3040519130102199e-02	   2.7719073976625156e-02	   1.3741806204981066e-01	   5.7012582613008211e-01	   3.1645070168630940e-01	   8.4443453042864158e-01	   7.0670869836196870e-01	   8.1708711807341050e-01	   8.2127173765778827e-01	   1.1063431706796882e+00	   1.1842986624860321e+00	   6.9700111573623191e-01	   6.2512470587436286e-01	   8.8650952547505346e-01	   7.7842385160640959e-01	   4.1705560995941160e-01	   5.0965067209498527e-01	   5.7727848403912052e-01	   7.2729011996482185e-01	   5.6242871212101531e-01	   6.2590852773150552e-01	   3.1670462496232993e-01	   1.4742920056591893e-01	   5.6930117720822404e-01	   4.4392376048347504e-01	   3.1345199784091626e-01	   4.0478575911553455e-01	   1.7155845699947883e-01	   1.4523596613274925e-01	   2.3652731825155898e-01	   1.6024919493604850e-01	   6.9832337145204959e-01	   5.9885372100713841e-01	   6.9825921236098965e-01	   6.7160461425757445e-01	   4.9295060567558080e-01	  -1.2383254105259472e-01	
   3.0684380075296175e-01	   4.3511207360957155e-01	   2.6863254573495499e-01	   1.0453659345692181e+00	   1.8458880732316824e-01	   9.7461578033670326e-01	   2.6575123837385090e-01	   9.6019593497030753e-01	   6.8337029312689801e-01	   0.0000000000000000e+00	  -4.2157202275388279e-02	   4.4703359397423603e-01	   1.5505255470654497e-01	   5.8095459411185868e-01	   2.2234882493255687e-01	   7.7045396552205425e-01	   1.3372897160835331e-01	   6.8038689408134401e-02	   1.8626850534161785e-01	   3.3639972706677290e-01	   9.3346347330615101e-02	   3.6310894932152386e-02	   1.1599579615192113e-01	   4.1080126834370234e-01	   4.7133993414264275e-02	   2.2610805707607043e-01	   2.9650052674760771e-02	   1.0515959633499120e-03	  -1.7715194431811776e-01	  -1.7595169419000061e-02	  -7.4942495895963232e-02	   1.8983500163915851e-01	   2.5287399206016481e-01	   3.0695364621781684e-01	   3.2726958430989145e-01	   5.6801785863870147e-01	   1.4812294016324762e-01	   3.9938975093582196e-01	   2.2254899596281544e-01	   4.2153809077535920e-01	   9.0008816246801959e-02	   3.3349032176715337e-01	   3.7735386876420363e-01	   3.9099602016033352e-01	   2.7146204001790764e-01	   4.0703743459299901e-01	   4.6452642466853400e-01	   5.5623703067403740e-01	   1.6648351944580841e-01	   3.1309603348115678e-01	   2.9342694325577456e-01	   4.7721890580568449e-01	   5.5967298728625692e-01	   6.3522237352413080e-01	   4.6624535019664404e-01	   5.3206174642670412e-01	   3.3746742234548460e-01	   2.3338573849308375e-01	   3.9791284806376698e-01	   8.2305025649596031e-01	   4.3524505244546058e-01	   1.0375700049571017e+00	   8.0668534681178610e-03	   1.5808625358092959e-01	   3.1404071099620301e-01	   6.9869426659886591e-01	   3.7786231012988569e-01	   5.2088956719511970e-01	   4.8006268220669873e-01	   4.3096380615907903e-01	   2.4600817652590729e-01	   3.6269281749609122e-01	   2.0053884579328307e-01	   3.7326509116233275e-01	   3.5637618911485996e-01	   4.9517226823511457e-01	   3.4817770701896028e-01	   4.0211164115761766e-01	   1.4550110330720595e-01	  -9.1208377266975699e-03	   3.0279563478469079e-01	   2.2986774623551554e-01	   1.5713108252700375e-01	   3.0278139668749221e-01	   3.5642038760065881e-01	   5.3640084058866433e-01	   3.0435816367333590e-01	   2.7263549099983547e-01	   6.5814643945618689e-01	   8.3394265730975992e-01	   6.7922550603320275e-01	   4.2137401426877963e-01	   7.4848878619078563e-01	   2.9685524696819088e-01	   5.4039573296916987e-01	   5.7688481872647590e-01	   4.8503229388821034e-01	   6.8295902223680494e-01	   5.7140670998251075e-01	   5.8858248878775554e-01	   4.1446613188131842e-01	   1.2971575278881470e-01	   4.8611396396328732e-01	   4.1562155331806100e-01	   4.0085272364706098e-01	   2.7574242452359188e-01	   2.8298745463170050e-01	   2.5153147145061194e-01	   4.2579494314680044e-01	   4.5415331213280197e-01	   4.9956940024597896e-01	   5.2731193192329839e-01	   6.1935251170954175e-01	   4.1125646647537717e-01	   2.4650438883963144e-01	  -1.0666209982019396e-01	
   8.0320205097360153e-01	   4.9939030111522631e-01	   6.4927646641311343e-01	   2.2296204325135527e-01	   4.7151222424891498e-01	   1.4922026948727676e-01	   7.9247153444471408e-01	   3.9555794744604195e-01	   3.3635311856667127e-01	  -4.2157202275388279e-02	   0.0000000000000000e+00	   6.0351188646834597e-01	   1.0156375238347692e+00	   5.4320343711975061e-01	   8.3407250213381512e-01	   5.2718455615488113e-01	   2.9939491588195588e-01	   1.9040346748857220e-01	   7.5834431945707947e-01	   5.4679745211162167e-01	   2.2640692108355612e-01	   6.5145946184636427e-02	   7.1691183424896754e-01	   5.3031789814702390e-01	   4.6579960917713559e-01	   4.0746486449787062e-01	   2.1957352365698066e-01	   1.6335169772752259e-01	   3.5258459689136357e-01	   2.6276643189482285e-01	   7.6650705287099263e-01	   6.3744031966276860e-01	   4.5177242196274181e-01	   3.7498221520978392e-01	   4.2315059781236164e-01	   3.4025042467764549e-01	   4.4643285188676030e-01	   3.2807932450090388e-01	   2.5304319643438611e-01	   1.5698590322703840e-01	   2.4569021248248557e-01	   2.4584622648137194e-01	   5.8856359324495233e-01	   6.0398255479046448e-01	   6.1459759345700671e-01	   5.6881815979708428e-01	   5.6457103205368386e-01	   5.2980536491499464e-01	   6.7934887900950258e-01	   5.5754943443691674e-01	   5.9386377669252244e-01	   5.5777934553645925e-01	   4.6931293117477241e-01	   5.0628382893899548e-01	   4.0519160707171564e-01	   4.3235702097020223e-01	   1.7342252420744828e-01	   1.7115273226878464e-01	   2.9891227770609208e-01	   1.0496134560340149e-01	   3.0661437614493414e-01	   1.7311938850412803e-01	   1.5548975909507926e-01	   1.8659652316918723e-01	   2.9236784464540355e-01	   1.9580655423390800e-01	   4.0839404125943607e-01	   2.5033800238133613e-01	   1.6612818791606812e-01	   2.4133316482402056e-01	   5.9687231858589762e-01	   5.1888985516040775e-01	   4.0658258364066607e-01	   4.1827439056905424e-01	   3.9551095584460538e-01	   4.8776539627963744e-01	   6.2288048528545104e-01	   6.3675579256200143e-01	   1.5034021484388152e-01	   2.0102621451279820e-01	   2.3575768068809827e-01	   4.1752229524431850e-01	   9.2409260615462951e-01	   5.5703252389125213e-01	   6.7574822628291498e-01	   6.4523371147953346e-01	   3.9168707224038707e-01	   4.1357118687856437e-01	   4.1463509234718726e-01	   3.7124242487498743e-01	   4.3017257799602771e-01	   4.7658665529988647e-01	   3.2186266342320685e-01	   4.0194009768056160e-01	   1.8035005732010492e-01	   1.6534096548172036e-01	   3.8291450494192936e-01	   2.3454948013287785e-01	   4.3751900474017985e-01	   4.4180749578736628e-01	   1.6823988050259148e-01	   1.0290781973032651e-01	   2.6493852104483873e-01	   2.1400495291195207e-01	   9.2202700704529503e-02	   1.6909125943910441e-01	   1.8577502630685310e-04	   9.2070771000230950e-02	   4.8632216625484830e-02	   8.5558405720909669e-02	   4.3848160069248021e-01	   4.4849169744786815e-01	   3.5494877772912459e-01	   3.6909094237522050e-01	   1.1329473062224782e-01	  -2.2733157216836022e-01	
   6.2142886683090992e-01	   7.1172015344007145e-01	   2.0818123900278493e-01	   5.3469552464988690e-01	   1.4538020568097582e-01	   4.3710823062175697e-01	   3.5532303947179034e-01	   9.2911886803353494e-01	   3.4058815541525772e-01	   4.4703359397423603e-01	   6.0351188646834597e-01	   0.0000000000000000e+00	   5.6020997514522008e-01	   1.2867649585999346e+00	   3.4012452589917330e-01	   6.9210269058823426e-01	   6.1891668723315585e-01	   5.6110859308239447e-01	   3.3362354090879087e-01	   5.8762684594397330e-01	   1.8158855129446333e-01	   1.6052588675429288e-01	   1.9235366464228354e-01	   3.7885316646473904e-01	   8.9739003981642279e-02	   2.2121668832250166e-01	   2.3767109059227909e-02	  -2.2114184847217531e-02	   4.6709117464344668e-01	   6.0968667870463888e-01	   3.1423912123781828e-01	   5.5242068327879323e-01	   5.1794316418683184e-01	   6.4826445241839603e-01	   2.1366714100346271e-01	   3.6627612639957519e-01	   2.7087608819779180e-01	   3.7004162031836929e-01	   2.2000326654653998e-01	   3.7957434525945333e-01	   3.5652603741285493e-01	   4.3246467114088938e-01	   4.5147088411461755e-01	   5.2604907652886035e-01	   3.5115641488398935e-01	   4.0250224233869547e-01	   5.3433029735772930e-01	   4.9494915923846927e-01	   3.2679975551635654e-01	   3.4444347449870527e-01	   3.1074778752912779e-01	   5.3006363321155014e-01	   5.4236445089636121e-01	   4.2032819871478877e-01	   5.1427658309263946e-01	   4.6517404869963253e-01	   4.6686429423076203e-01	   3.3795833288945831e-01	   4.9957515621479609e-01	   6.0195318938166853e-01	   5.7164960337697945e-01	   7.1560953347618939e-01	   5.5189339056730236e-01	   7.2507350126705750e-01	   2.6537583888097172e-02	   4.2344947434860580e-01	   2.6560701385288077e-01	   4.1341415964011391e-01	   2.4317449658257120e-01	   3.5488355315488895e-01	   5.8234751139489827e-01	   6.9410134075811336e-01	   4.5264998595205663e-01	   7.0426164241715894e-01	   4.6020990338810169e-01	   7.1103739415384504e-01	   6.2397182478276203e-01	   7.5657486646446137e-01	   5.0958012821190790e-01	   4.7445732765972615e-01	   7.9177206567847347e-01	   7.2847586284193766e-01	   5.3677258447157794e-01	   7.8621531659647670e-01	   3.1334632155017644e-01	   8.2875750239028378e-01	   2.3628455121873404e-01	   2.8391191451875530e-01	   3.6736832262232716e-01	   4.8138072791932113e-01	   5.5454720779532940e-01	   2.8915575650564718e-01	   5.0268372190131561e-01	   1.5000978577819452e-01	   2.8007831127250504e-01	   4.1867117530429471e-01	   3.4987042728187129e-01	   3.2027787430792037e-01	   5.7398008756244856e-01	   4.3088928400864995e-01	   4.8705189810779670e-01	   1.4964337261875313e-01	   3.8560376656863288e-01	   3.4695589162482215e-01	   2.1790193631178589e-01	   1.0282022443618156e-01	   9.9897234854328082e-02	   1.3928139577271972e-01	   1.6646702168998326e-01	   3.0172679510893013e-01	   3.4259600491192704e-01	   3.5561027715013427e-01	   3.8332588031418680e-01	   2.9584800519103721e-01	   1.8722730555616650e-02	  -2.0560237402342196e-01	
   6.9543110995597213e-01	   4.4816257918995106e-01	   7.0934952930560469e-01	   3.1252039498266737e-01	   4.9036935598006748e-01	   2.6260668846069990e-01	   8.6966120703231775e-01	   4.4949171917787212e-01	   5.7256313088008004e-01	   1.5505255470654497e-01	   1.0156375238347692e+00	   5.6020997514522008e-01	   0.0000000000000000e+00	   8.2132560572552571e-01	   7.2114394708556451e-01	   5.1780980410525401e-01	   2.1311436512169166e-01	   1.3577606100083367e-01	   3.9211054009443719e-01	   3.8998596218555115e-01	   2.4240828565293532e-01	   9.9981741070315336e-02	   5.8865629543517595e-01	   4.7909739014911212e-01	   4.2495613243265395e-01	   4.1295071732497135e-01	   2.9654413257027845e-01	   2.9629310786471930e-01	   7.8514215406276150e-02	   1.4270375961055551e-02	   4.6855782974496218e-01	   3.6481799310687307e-01	   4.3659934973789599e-01	   3.2216777887367687e-01	   3.6691550996789768e-01	   3.3219087652075330e-01	   5.7770469919435108e-01	   4.8724646875768662e-01	   4.0632526290739379e-01	   3.1113303067873560e-01	   3.2405397358858301e-01	   3.8525671170775089e-01	   5.2720431914060106e-01	   5.4054239315626940e-01	   4.5090983764242948e-01	   4.8312847188916586e-01	   5.2468686678081089e-01	   5.4191043954605012e-01	   3.7409295995524172e-01	   4.1473666941083792e-01	   5.8632967449418749e-01	   6.1270233441510413e-01	   3.8606468247753212e-01	   5.3872015617387670e-01	   4.6101861507644859e-01	   4.9036791638857746e-01	   1.9019071679263619e-01	   1.9409712677061575e-01	   3.0982136734773169e-01	   1.2041457718807753e-01	   6.4062072648256352e-01	   3.2460827053991154e-01	   1.3194177473886631e-01	   1.3970328348938679e-01	   4.0288189770836452e-01	   2.9731639923789094e-01	   3.7959352665283930e-01	   2.5794806656452762e-01	   2.3856677308290375e-01	   2.6797626024785381e-01	   5.9995311540919916e-01	   5.5761609064658502e-01	   3.7864278001948543e-01	   3.7742864892892658e-01	   5.0303821455453912e-01	   5.8014084304291225e-01	   5.8040871684827877e-01	   5.8709167722484290e-01	   1.8191572555111385e-01	   1.0856824217903552e-01	   1.4416636458683829e-01	   2.5528057817343569e-01	   5.6095211416427848e-01	   3.3022158552267022e-01	   5.5205867373599471e-01	   5.3352952631397754e-01	   3.5064840258438418e-01	   3.5980073397874057e-01	   5.2566789638484823e-01	   4.7253117367987596e-01	   5.0080013492607423e-01	   5.5640588175536987e-01	   4.8887123396042609e-01	   6.1461653941971228e-01	   2.2165702506543744e-01	   2.5606224774028663e-01	   4.6833879326766492e-01	   4.1573554820928854e-01	   4.5884842731875936e-01	   5.0307451147381355e-01	   1.8268350706743175e-01	   2.7097905248198240e-01	   3.2839667166644559e-01	   3.6998453121420943e-01	   1.8714993820346532e-01	   2.8448697181058791e-01	  -2.0881971338618330e-02	   1.5052762920815985e-01	  -5.3333883623928584e-03	   8.9502069284265448e-02	   5.6403424434487537e-01	   4.7694680485151841e-01	   5.0077518490209028e-01	   4.6960817024814938e-01	   2.8166059690712658e-01	  -1.3256678071166855e-01	
