   0.0000000000000000e+00	   1.1964089444767378e+00	   6.5494775505222702e-01	   7.7062764749376189e-01	   2.1139433370449995e-01	   3.7875732384350624e-01	   4.6514082648759214e-01	   3.4427764162302898e-01	   1.7502938106741212e-01	   2.6602390513781360e-01	   6.3169057670792939e-01	   5.2557085451720420e-01	   3.8342603669124631e-01	   4.1351644993697906e-01	   3.3107833785051211e-01	   3.5579859279430293e-01	   5.3554029973600392e-01	   5.0047304562736872e-01	   1.0348854113512034e+00	   9.7455746870329663e-01	   4.4116418294008308e-01	   4.5590246029432169e-01	   4.4804371132941168e-01	   4.5436112451066818e-01	   3.0025378386774060e-01	   3.2021315450245214e-01	   2.6539931444964726e-01	   2.7649772570432735e-01	   3.9662258738154410e-01	   4.2973542088480543e-01	   3.7836915889691769e-01	   4.4960827400940195e-01	   5.8943192034544789e-01	   5.3402697656266196e-01	   9.5095156704302714e-02	   9.6271950304934711e-02	   4.3136453468086366e-01	   2.1392923004153928e-02	   3.4216368531757385e-01	   5.2327579848565242e-01	   3.7891586839340258e-01	   3.8135962352597430e-01	   4.4442567556616569e-01	   3.7436888340933033e-01	   4.0158842414668516e-01	   3.6888827199607921e-01	   8.3795424282538344e-01	   5.5602379596253149e-01	   7.1247617407786967e-01	   6.0987516549027609e-01	   9.1371878768231196e-01	   4.0954805110154724e-01	   8.2477820700233273e-01	   6.6756135462973132e-01	   7.1195850773756697e-01	   8.4534931369707966e-01	   1.0195175193521617e+00	   9.7101604596775049e-01	   7.6668885489353933e-01	   5.7316089453823271e-01	   5.4032642986027624e-01	   4.8453145354249094e-01	   3.9163883968373336e-01	   5.2626632005976703e-01	   1.2793870174844305e-01	   2.5017992810133066e-01	   2.6946471848612397e-01	   1.4269404054716037e-01	   7.3333903189190996e-01	   7.4978889719333597e-01	   2.0744190540411056e-01	   3.6677878225344046e-01	   3.9194189414225977e-01	   7.8236798974527200e-01	   4.3996333888300970e-01	   5.8985143300520426e-01	   2.2522153888085039e-01	   5.9054693089150534e-01	   6.3337659936610669e-02	   3.4815453111279931e-01	   3.5882340531658657e-01	   4.2735134116102080e-01	   5.2922662183631353e-01	   3.6091549756441588e-01	   4.2539360440301577e-01	   5.1408382126554852e-01	   4.4238571282441935e-01	   3.8939122710100299e-01	   6.8410327846040841e-01	   7.5608121863631150e-01	   8.0069156372730188e-01	   9.1786637360901446e-01	   5.7416704642536232e-01	   6.6047086305264080e-01	   2.2228373412515584e-01	   4.5363107830073213e-01	   5.4071110413109602e-01	   5.9893104646982709e-01	   1.0599593255226460e+00	   8.8395033929516242e-01	   5.3105461888327321e-01	   5.2994419919466207e-01	   5.7196108560027537e-01	   4.2979780028896841e-01	   2.3089308400225472e-01	  -1.9051261843075498e-02	   6.2264118188174777e-01	   6.6505748703089296e-01	   2.9851562860687986e-01	   6.3282657419100785e-01	   5.0983500277010751e-01	   7.8422355836500102e-01	   4.9639460218368747e-01	   3.7813069680429379e-01	   2.9116030199639092e-01	   1.6782275358048665e-01	
   1.1964089444767378e+00	   0.0000000000000000e+00	   4.6774461784666538e-01	   6.7993713749825180e-01	   2.1370996121487881e-01	   3.2919827450305078e-01	   2.9393903587612302e-01	   3.1217325889393838e-01	   1.5381948302328746e-01	   2.4052861218348121e-01	   5.4486498463848010e-01	   5.8473611212261567e-01	   3.1604401548605349e-01	   4.0424727557748863e-01	   4.2931225442170573e-01	   3.3098643425389823e-01	   6.7455260554237861e-01	   6.9309862226956309e-01	   1.1178742753766622e+00	   1.1640634749238510e+00	   4.0296281605867462e-01	   5.6161581395510662e-01	   3.6878234573835822e-01	   3.7053929326773449e-01	   1.2705019175140544e-01	   2.1025111486398884e-01	   2.3548699071527168e-01	   3.0804796201841073e-01	   4.3639999244399852e-01	   4.7031650968326943e-01	   3.9443523902892780e-01	   4.8731674873379244e-01	   6.2720516644980107e-01	   6.4485727139543902e-01	   6.5170404872189183e-02	   1.2718169503508944e-01	   2.7883406872466482e-01	   1.1830456662403545e-01	   2.5488720902566364e-01	   4.0750315294135203e-01	   6.1093399524428105e-01	   3.9784134500433649e-01	   4.5166830306680350e-01	   4.0978912894911840e-01	   4.7684693809208345e-01	   4.2665328632290178e-01	   7.4555939431990081e-01	   5.5689242289485574e-01	   6.3706841905808320e-01	   5.1998879778718310e-01	   7.6708806633305926e-01	   2.9968989630572818e-01	   7.0294273033057353e-01	   5.9637195927443754e-01	   6.2960794021909117e-01	   7.2449664921235568e-01	   9.0517819662452614e-01	   1.1612095170025079e+00	   6.2589669053753327e-01	   5.1277913349463144e-01	   3.4127375177226277e-01	   4.2499398778448100e-01	   3.9306216275437822e-01	   5.8008097584630391e-01	   1.8055368361273950e-02	   1.1179944501109562e-01	   2.5295192079464479e-01	   1.6430948169980530e-01	   7.1231733507428696e-01	   6.7640873095014287e-01	   1.3639454959939348e-01	   3.0652678582439102e-01	   5.9214081625284642e-01	   8.6478733111827943e-01	   6.2087860744358847e-01	   7.5548136792698450e-01	   2.9228751157524535e-01	   5.5803740183885420e-01	   2.7156515481625065e-01	   4.1472695978701596e-01	   5.2743897526221928e-01	   5.2061628353061140e-01	   6.3815459758363657e-01	   3.8448377775423237e-01	   4.0650540333793161e-01	   3.8854176223556297e-01	   4.7308098652021724e-01	   3.3494204133147010e-01	   6.4990148809189718e-01	   5.5603531597595701e-01	   5.9985801567889152e-01	   6.9832828456170326e-01	   3.8478804001490141e-01	   5.0889058241719876e-01	   2.9977712207261131e-01	   2.8051827912239546e-01	   5.8675893066250784e-01	   4.9366392715403995e-01	   9.0476895502442412e-01	   8.0236878649391075e-01	   3.9316865980096083e-01	   4.5977312678748872e-01	   4.4878298866081057e-01	   3.0829810601000546e-01	   9.6540558897033418e-02	  -1.7257906915635479e-01	   4.7649017466228655e-01	   5.3277207649402392e-01	   2.2003633412484797e-01	   5.2141265846477935e-01	   4.9968053286536418e-01	   6.9161974942194560e-01	   4.1792560324889960e-01	   4.0905871658074949e-01	   2.7463970654422820e-01	   1.8227252873669622e-01	
   6.5494775505222702e-01	   4.6774461784666538e-01	   0.0000000000000000e+00	   8.9244169125205930e-01	   5.2242165238813898e-01	   4.9440739044093679e-01	   9.8792138849912581e-01	   4.6632136656932122e-01	   4.1353924519395774e-01	   3.0492521656423305e-01	   4.4698189223889384e-01	   2.9954978885197014e-01	   3.5941125423265941e-01	   3.0147156012387288e-01	   4.9498147853089947e-01	   3.8810277691066208e-01	   2.7451009498420731e-01	   2.2109577423344404e-01	   8.3760050821128829e-01	   7.2797140927207860e-01	   5.3253147357879393e-01	   3.7509180659223074e-01	   6.9122994757415190e-01	   5.3710636510989107e-01	   5.9357477520468660e-01	   4.3528798866057972e-01	   4.3549814042001916e-01	   2.9238978940675403e-01	   3.5634620476841583e-01	   2.7011678975773679e-01	   8.4625077229868340e-01	   6.6948925099958700e-01	   6.8316749942429877e-01	   5.7119761883365194e-01	   2.5700940877387268e-01	   2.0868506915486965e-01	   8.3887457530641765e-02	  -1.6806631256106838e-01	   4.3255088114747975e-01	   2.2893173183689408e-01	   1.4240659026338978e-01	  -6.0129104189418067e-02	   3.0601286032764230e-01	   4.4335807979340747e-01	   5.1117076950892804e-01	   5.1038603710668740e-01	   7.1650098120318417e-01	   5.4152767851217010e-01	   4.4275935260644117e-01	   4.3955049916181388e-01	   6.4090387805582494e-01	   3.2596569711007489e-01	   4.8173197786410349e-01	   3.9301204316939320e-01	   5.8766697524203448e-01	   6.2344115538686351e-01	   3.0395203210891991e-01	   3.8091693989936515e-01	   4.9350091856111933e-01	   4.4819479734534395e-01	   4.7040099927041445e-01	   3.6709058954365320e-01	   2.7718404828313059e-01	   3.0146499354013406e-01	   2.5947600349372590e-01	   2.7753738064022154e-01	   6.8502074819946879e-01	   4.6263076217810289e-01	   6.0360431316734708e-01	   6.4070971483634587e-01	   1.1881819692233675e-01	   7.3250892004317364e-02	   4.0033945191828646e-01	   3.6491189726491163e-01	   5.5333342761955051e-01	   4.1775141159617518e-01	   2.7313003692874332e-01	   2.6912226616269391e-01	   1.9032624275653243e-01	   2.7507572564154548e-01	   3.3602118389756497e-01	   4.4979304103359286e-01	   4.8559063484955467e-01	   3.8673998818480526e-01	   4.1458156209344255e-01	   4.5620103589997840e-01	   3.8360878927803843e-01	   2.1891826941269352e-01	   6.9775568633059437e-01	   6.0668900600275266e-01	   6.3899906580645505e-01	   8.0443708327610775e-01	   4.7487174525561604e-01	   6.4790020799117221e-01	   1.7105106858083089e-02	   1.0836976271683905e-01	   4.6478003005838059e-01	   3.6931521069873074e-01	   5.2338908014181318e-01	   4.3543004050780981e-01	   4.6744776254553738e-01	   8.3787852611561298e-01	   4.8935180148927448e-01	   6.5626345448887613e-01	  -1.9615033553706324e-02	  -6.6357681703245255e-02	   2.6236010446893249e-01	   5.7734714863266634e-01	   5.7245950587661978e-02	   3.8824472547886524e-01	   3.9309189468913158e-01	   4.8622214513991535e-01	   3.8167543379250479e-01	   2.8945625230078748e-01	   8.2241790818123259e-02	  -8.1926074027199564e-02	
   7.7062764749376189e-01	   6.7993713749825180e-01	   8.9244169125205930e-01	   0.0000000000000000e+00	   4.4372594568192120e-01	   5.7630204349060199e-01	   8.9543212108709958e-01	   1.0422608181297470e+00	   4.3595781688931412e-01	   5.3591288191940012e-01	   6.0810964935438971e-01	   7.2875926512708900e-01	   4.7231800886261938e-01	   6.8852193789679073e-01	   5.8576278592472719e-01	   7.0935438284254848e-01	   3.9135173375231980e-01	   3.5653490412517236e-01	   9.1043795590437693e-01	   8.8762498881676222e-01	   4.7117732701258591e-01	   5.2649295259437590e-01	   6.0244708555509896e-01	   7.0275464506146224e-01	   4.2695545652899269e-01	   5.0162922377894381e-01	   2.8794255008204239e-01	   2.4935899207331533e-01	   4.4107314215599841e-01	   4.8347125251154849e-01	   6.7329044334077581e-01	   7.4427328573682183e-01	   6.1740217023158384e-01	   7.0159001744279015e-01	   1.2698223464435757e-01	   2.2598448325606776e-01	   1.8288929975872031e-01	  -7.6024950527511070e-02	   4.7271534463443532e-01	   3.4683512544804934e-01	   3.7655560397584353e-01	   2.1616481445961147e-01	   2.7924867039475731e-01	   3.2757929708832073e-01	   4.5282243568133024e-01	   5.4288453455719776e-01	   7.3773429716127570e-01	   5.0476885505057045e-01	   5.4279027966728111e-01	   7.1422116892519771e-01	   8.5230577373487637e-01	   4.5397853876902089e-01	   6.6304831559142163e-01	   4.4865660575028454e-01	   6.2877852445926086e-01	   6.3360268692757926e-01	   4.7929093579279802e-01	   6.5631289365946710e-01	   7.0997322229579518e-01	   7.2427849858904625e-01	   7.6751693431014778e-01	   9.0773609391653665e-01	   3.6428067578744838e-01	   5.3985782242485514e-01	   2.4595421861857014e-01	   6.2685659113968606e-01	   6.2193674314433700e-01	   5.1593515376328047e-01	   6.9794552626269402e-01	   8.0873768871452034e-01	   7.7514662307846732e-02	   2.9775971385704147e-01	   5.2379286230849953e-01	   5.9035939809651528e-01	   7.0163235863458184e-01	   6.3519608850945497e-01	   4.1069205536082753e-01	   6.2597920178343713e-01	   1.9782575818090728e-01	   2.4837458850750771e-01	   4.7896248542282693e-01	   5.2299908389532068e-01	   7.4612612457251470e-01	   6.9087359295032202e-01	   4.7516371684366510e-01	   5.0219189447503143e-01	   4.8573195571253291e-01	   3.7133791249613918e-01	   9.1683321793195982e-01	   8.7111473173309739e-01	   1.1478732539387277e+00	   1.0243969810299773e+00	   9.0374997668730717e-01	   7.3198548763390536e-01	   1.6537630938697734e-01	   2.5212744869160048e-01	   5.6138812630166468e-01	   4.3968216596968590e-01	   8.4469663222645031e-01	   6.1873449560152216e-01	   8.8715791267288435e-01	   9.2350633420490014e-01	   8.7910661335825235e-01	   5.7896684499388318e-01	  -6.2057328447451598e-02	  -3.6208919456759781e-01	   4.0114527403634892e-01	   7.4469215213272233e-01	   2.6224310831437753e-01	   4.7400611611567334e-01	   3.4410254793517953e-01	   5.6266399536681955e-01	   6.7671619885232193e-01	   3.3810625960520724e-01	   3.6638611819854595e-02	  -6.5943488175315298e-02	
   2.1139433370449995e-01	   2.1370996121487881e-01	   5.2242165238813898e-01	   4.4372594568192120e-01	   0.0000000000000000e+00	   8.6542524473299920e-01	   7.9207117856539488e-01	   6.0372714210025868e-01	   1.3151235301587929e+00	   8.6326158557600086e-01	   5.6961042494036707e-01	   4.1218787009774804e-01	   7.2448684224567372e-01	   5.0472053841280595e-01	   7.7806988949590616e-01	   7.4034348936601058e-01	   1.2717698784616702e-01	   1.0919562028408737e-01	   3.1887982842029561e-01	   3.0454233563566707e-01	   6.3867128216501157e-01	   4.0128924308914071e-01	   5.8205038212315263e-01	   4.3747723878015193e-01	   4.0344009934135339e-01	   3.2313027768644670e-01	   7.2511126271713344e-01	   3.8429305274175163e-01	   1.8642540130706015e-01	   1.7732598011322886e-01	   5.3524722415138482e-01	   3.9556202816723585e-01	   3.9036307645340862e-01	   4.1223775567259802e-01	   2.4852128504622217e-01	   3.2604942026178491e-01	  -2.0628842460951433e-01	  -3.9462851032303417e-02	   2.3200038806113354e-01	  -1.3032675455311954e-01	   1.8938307775034180e-01	  -2.4193245264277463e-01	   3.0809500643013427e-01	   3.3131450224240860e-01	   4.4990014741527679e-01	   4.1268514405471740e-01	   4.2771286917348739e-01	   2.6621819334106878e-01	   3.8924640512344211e-01	   3.2205243871901462e-01	   3.5285594887042787e-01	   1.5679304427058136e-01	   2.9600817578616467e-01	   3.0252352869154464e-01	   1.7064692807277659e-01	   8.7669605671454570e-02	   2.0161817657515489e-02	   1.6029252521651866e-01	   2.6325625651707130e-01	   2.1262299846165530e-01	   5.8859952480100242e-01	   3.7065665857653252e-01	  -8.4715946663958638e-02	  -1.9384772054165972e-02	   4.7322135303108392e-01	   5.2689541189736233e-01	   2.9106717081837585e-01	   2.0386944646787286e-01	   4.3394605126115182e-01	   4.2107057782010548e-01	   3.8752281467396371e-01	   3.1712734637020695e-01	   4.4560971121117127e-01	   2.3363430017246384e-01	   7.2843343996894927e-01	   4.2546774420297978e-01	   4.5012383158660196e-01	   2.8040675366763335e-01	   2.8718158410893624e-01	   1.7066759572376664e-01	   1.6919889648276171e-01	   2.4409865585271368e-01	   3.0295390442153480e-01	   1.6324366267838872e-01	   2.7533037474005417e-01	   2.0997483687689847e-01	   2.9906134872825207e-01	   1.2744440872599938e-01	   3.9338891511464918e-01	   3.6204123236135549e-01	   3.8698654834566354e-01	   4.9751319282300099e-01	   4.0713201722411352e-01	   5.5357345361597499e-01	   3.2688559462280747e-02	  -1.6154118184900601e-01	   1.5804198658976856e-01	   3.8953807679611346e-02	   1.8362842835189402e-01	   9.8071406792770793e-02	   3.9382153524485131e-01	   5.3179170423057054e-01	   3.1525577174935887e-01	   2.0803140524197877e-01	  -9.0788523657536244e-02	  -6.3719290622925071e-02	   9.2381344580369618e-02	   2.3375033651363375e-01	  -1.0489727925514629e-01	   8.8350095227591588e-02	   8.9612845576782174e-02	   1.5008492360093412e-01	   2.8657609627927838e-01	   3.2216777192814988e-01	   1.7210305675653115e-01	  -1.5862769659500164e-01	
   3.7875732384350624e-01	   3.2919827450305078e-01	   4.9440739044093679e-01	   5.7630204349060199e-01	   8.6542524473299920e-01	   0.0000000000000000e+00	   5.1640926325808589e-01	   4.8952004119512826e-01	   6.9382060995292982e-01	   1.0306315245820150e+00	   3.9148515551333668e-01	   3.5079178121327137e-01	   4.6445046275594343e-01	   3.9729566369325525e-01	   5.5034643616637335e-01	   6.7428432363055057e-01	   1.9459973170285133e-01	   1.7790142906086362e-01	   3.5293581341557279e-01	   3.6281771109599498e-01	   5.7133168219507224e-01	   5.4633077634793026e-01	   4.6605274764990712e-01	   4.4066320220429012e-01	   5.6264112394964061e-01	   5.8646249291598485e-01	   7.8441261404633378e-01	   7.2888523400205363e-01	   9.7630579883420165e-02	   1.1434050409639977e-01	   3.6400928506774555e-01	   3.2269409637717283e-01	   4.0208059045229416e-01	   4.4316715488537178e-01	   3.1252607485311679e-01	   3.6397322127129483e-01	   8.9230941164782057e-02	  -5.1424031982766981e-02	   4.1360307507216088e-01	   1.8591012444275293e-01	   2.9356440982133714e-01	   1.1779747509296881e-01	   4.3569188248870133e-01	   4.5288733721103935e-01	   4.5548000852789672e-01	   4.6307719878754194e-01	   7.0410316476871437e-01	   4.9219844685780456e-01	   4.6811382004408347e-01	   5.1878090385339215e-01	   4.8886098387456256e-01	   3.9567138135357577e-01	   4.3747800473983756e-01	   3.7367314149666858e-01	   5.1391863783575786e-01	   4.3246325651693412e-01	   2.6720193267146447e-01	   3.5926343362501900e-01	   5.2907825231863959e-01	   4.3890607742125226e-01	   6.1618672419535669e-01	   4.3137922299423370e-01	   4.9390532987345526e-02	   1.6944120266762555e-01	   3.7740133318730185e-01	   5.2436157395495875e-01	   4.1661144472291922e-01	   3.4645509016092246e-01	   5.5293296266673608e-01	   5.6075622294403571e-01	   1.3858176910297684e-02	   2.4257320469800653e-01	   3.1157638931366599e-01	   4.1983062342432553e-01	   5.8769612431072693e-01	   5.8508588204941092e-01	   3.7135251978242800e-01	   4.2007097279236888e-01	   7.5420512620550564e-02	   2.0797742383870380e-01	   2.4965391124093511e-01	   2.5311310699354084e-01	   3.3555033653265226e-01	   2.3505251466083077e-01	   3.0141671903980038e-01	   3.2369742953978908e-01	   5.0253506656940350e-01	   3.8112034578909471e-01	   4.9226455265816355e-01	   5.2403633065068111e-01	   5.6733163187571556e-01	   5.6930239968377905e-01	   4.3003874245455764e-01	   5.3371372162688691e-01	   1.6802238990241222e-01	   1.3138684076376536e-01	   4.0232745027333833e-01	   4.6080185604591023e-01	   5.4163947693838854e-01	   4.5031408242294568e-01	   4.4364839183956561e-01	   6.4365451927391759e-01	   4.8264518886179192e-01	   3.8617258616042677e-01	   1.2874286458868195e-01	  -1.6427128974172384e-02	   1.1918800218756205e-01	   3.5594820499020585e-01	   1.0130189186358919e-02	   2.6781530676938015e-01	   3.9482005271511389e-01	   4.3752924548303573e-01	   4.6181211794561761e-01	   3.9809724739997543e-01	   1.6466210027158440e-01	  -1.3037038059036934e-02	
   4.6514082648759214e-01	   2.9393903587612302e-01	   9.8792138849912581e-01	   8.9543212108709958e-01	   7.9207117856539488e-01	   5.1640926325808589e-01	   0.0000000000000000e+00	   1.0685128154252472e+00	   8.0462325898813625e-01	   6.1076882695339019e-01	   8.3195649307016850e-01	   6.4544338117184485e-01	   9.1798170355734399e-01	   7.4049279695123083e-01	   6.8000011884880984e-01	   7.6318822019023125e-01	   2.8559676043829013e-01	   2.4649562882115483e-01	   5.1556160052111610e-01	   4.3368458805110360e-01	   3.8601041790324503e-01	   2.3028567509828080e-01	   7.8541887670042021e-01	   6.8823560168667564e-01	   4.8918786184507818e-01	   4.2259106650740808e-01	   3.3487947812901991e-01	   1.2219945390130706e-01	   4.8019567592371237e-01	   4.1951780532211536e-01	   7.8116779450328022e-01	   6.8651380698938125e-01	   6.6329216319859441e-01	   6.6668500205287717e-01	   3.8903846564088967e-01	   4.3268872467217045e-01	   4.3366244081046779e-02	  -1.1968469559209281e-01	   4.3700084128253397e-01	   1.9857296190620033e-01	   2.2797183043748012e-01	  -3.3710691727670536e-02	   2.8357299942964320e-01	   3.6670731942641555e-01	   6.5086453751006323e-01	   6.5415147260059514e-01	   6.0042573174988956e-01	   4.0614280156014071e-01	   4.6471329579320081e-01	   4.9939978163475918e-01	   6.1032543007415374e-01	   3.8627439113359718e-01	   3.9254182397279958e-01	   2.2735066358918138e-01	   4.0121274046731870e-01	   3.6689487198439219e-01	   1.5848106260724509e-01	   1.9885733942210576e-01	   3.5422097447204504e-01	   2.6848519884045363e-01	   9.0188461426449362e-01	   6.3659182783521340e-01	   9.4718672699375187e-02	   1.3519046624250869e-01	   5.7568781273333491e-01	   8.3010081647673317e-01	   6.3010666045163155e-01	   4.9753086002627389e-01	   4.1692090833444212e-01	   5.2232038104366718e-01	   2.8591788629479231e-01	   2.7064532246328310e-01	   4.2393845300065591e-01	   3.2280889252878425e-01	   6.1626275838941835e-01	   4.8572038755150637e-01	   4.5170848988930579e-01	   4.4698826923105106e-01	   2.9168284070416450e-01	   2.2251176312988388e-01	   3.0148667951075314e-01	   4.5622299284549678e-01	   5.8173746264477422e-01	   5.0444114876096280e-01	   4.6627141766370778e-01	   5.1333904567397615e-01	   2.8399973531151612e-01	   2.3567964874564501e-01	   6.9306975497347534e-01	   6.5786551318393438e-01	   6.5649514340255410e-01	   7.5964239045515003e-01	   6.5274847226802057e-01	   6.7853677195974371e-01	  -3.1182898009438488e-03	   1.1944974551528781e-01	   3.1972523061053787e-01	   2.4134465615626299e-01	   3.9374182975098088e-01	   2.6827006157141942e-01	   5.0158215871764689e-01	   7.6426414821305244e-01	   4.0660147686919412e-01	   3.5713413153617157e-01	  -2.0900149585939193e-01	  -2.9159209167758993e-01	   2.9089714728554106e-01	   5.1144946775637989e-01	   1.2668695850772893e-01	   3.4360314731837566e-01	   2.0690774125926237e-01	   2.8735593160624540e-01	   4.4343262569065184e-01	   2.3292891733108687e-01	   7.5035245821575960e-02	  -1.7983619345695495e-01	
   3.4427764162302898e-01	   3.1217325889393838e-01	   4.6632136656932122e-01	   1.0422608181297470e+00	   6.0372714210025868e-01	   4.8952004119512826e-01	   1.0685128154252472e+00	   0.0000000000000000e+00	   6.4931128980201891e-01	   7.1487503909616357e-01	   7.1788830917510438e-01	   9.9407812822604558e-01	   7.5474177014663835e-01	   1.0796043186869606e+00	   6.2870046485690445e-01	   8.9032934943325537e-01	   3.5193738129585378e-01	   3.6635013695358731e-01	   4.0182019110091599e-01	   3.6830115977325156e-01	   2.5132272792642441e-01	   2.4162128217633352e-01	   4.4126547195615534e-01	   4.9827235232641687e-01	   2.6161887701051162e-01	   3.9057025962497383e-01	   1.5105324720993793e-01	   2.3987213282417274e-02	   5.8066958369415167e-01	   6.2869001336510366e-01	   5.3143325058940571e-01	   6.1931908652652112e-01	   5.0971353312814605e-01	   7.3497015639894125e-01	   1.6001439140698531e-01	   3.8266257655019131e-01	   9.5517263242086148e-02	  -1.4383436495626523e-01	   3.2943439863655710e-01	   2.1744918494153889e-01	   3.7492486675012648e-01	   1.2141477466889151e-01	   1.3621235157057698e-01	   1.5417919365669225e-01	   4.9322908458371212e-01	   6.4661934185601189e-01	   4.1785359732969002e-01	   2.5398656070583964e-01	   4.2523736182207655e-01	   6.6188601873005526e-01	   6.0807397082472670e-01	   4.5978326640522160e-01	   3.9911607565781987e-01	   2.1369701309453987e-01	   3.8937945436022336e-01	   3.2900066244772153e-01	   1.6286419827342322e-01	   2.4163594080535403e-01	   4.5066284472190715e-01	   4.2661179341876854e-01	   9.4029609114355606e-01	   1.0537594183455434e+00	   1.8342170187244661e-01	   2.9622750170252510e-01	   3.4157983616907811e-01	   1.0221618233482128e+00	   5.2915465899987835e-01	   5.3995881243233135e-01	   3.2230233821232318e-01	   3.9637791858086979e-01	   9.7903341525659396e-02	   2.8033158132361041e-01	   4.5367263868002633e-01	   3.8483438994085878e-01	   6.1526954169950177e-01	   5.4502641702224386e-01	   4.3276345531875782e-01	   6.6087456989920379e-01	   2.8414377104453403e-01	   2.1855725764738318e-01	   4.1267951950121207e-01	   4.2944583399136327e-01	   7.0693711419516858e-01	   5.8721560745202017e-01	   3.0437708463221674e-01	   2.9046283090891156e-01	   2.7309072830663506e-01	   2.0004621467612710e-01	   5.6623756192553998e-01	   5.2716264559597681e-01	   8.4651951793473612e-01	   6.8868759304936844e-01	   8.7201139511606729e-01	   5.9875283662124690e-01	   1.6556298504552647e-02	   1.9343643443746689e-01	   2.6660345124106377e-01	   2.6938549137331635e-01	   4.7952477573084484e-01	   3.5243323251021613e-01	   7.5608461943458005e-01	   7.3314095760339770e-01	   6.0181463418397740e-01	   3.1501928016336650e-01	  -2.1442754743286493e-01	  -4.4251091043958801e-01	   2.7758745472875573e-01	   5.2906141791385530e-01	   1.5216887610012594e-01	   3.1487764847341698e-01	   8.7621883226200015e-02	   3.0426343552205037e-01	   6.7852148528306500e-01	   2.9040823192298038e-01	  -2.5265413689560118e-02	  -2.2707196941680918e-01	
   1.7502938106741212e-01	   1.5381948302328746e-01	   4.1353924519395774e-01	   4.3595781688931412e-01	   1.3151235301587929e+00	   6.9382060995292982e-01	   8.0462325898813625e-01	   6.4931128980201891e-01	   0.0000000000000000e+00	   9.9277466192322095e-01	   5.4498574088604002e-01	   4.5891019578956621e-01	   7.4838290845816524e-01	   5.5743529182686058e-01	   7.2444867391665269e-01	   9.0062932462001588e-01	   1.4484792648073586e-01	   1.6120718028315939e-01	   2.6024943728297689e-01	   2.5836356121533333e-01	   4.3885400456298690e-01	   3.0838585178189526e-01	   5.7433486615203277e-01	   5.0546813181572636e-01	   2.4114256948727886e-01	   2.9286077721243381e-01	   4.5907393955737918e-01	   2.1716048945709956e-01	   1.8763268867666674e-01	   2.8104970864785128e-01	   3.9144065848805404e-01	   3.3864199246736482e-01	   3.6562051580934180e-01	   4.0536863460688349e-01	   3.1249423776755747e-01	   3.4467957255234982e-01	  -1.8961954571908957e-01	  -7.4355661545470991e-02	   2.2803388893237092e-01	  -5.1231821013390764e-02	   1.6831888811247012e-01	  -1.8877217866431231e-01	   2.5451419238404965e-01	   2.8118446310612166e-01	   4.4535000749319792e-01	   4.0000545656361008e-01	   4.0242773232359802e-01	   2.0995882358097009e-01	   3.4083471486570749e-01	   2.8577415093879743e-01	   2.8102107215610894e-01	   1.0873194825974830e-01	   2.2674408236415725e-01	   1.8106050210700145e-01	   7.5794660115853937e-02	   4.1499722176645763e-02	   8.9266728067062609e-02	   2.2085994939627795e-01	   1.7161310686664000e-01	   1.5462323950412007e-01	   7.1128405024190156e-01	   4.6523193237484023e-01	  -4.5074222901248850e-02	   4.5606306958276423e-02	   6.1506733902656330e-01	   6.9392844591015002e-01	   2.5473466835643582e-01	   1.7980175871908663e-01	   4.3116240485810298e-01	   4.1819992719421295e-01	   4.3660675196797655e-01	   3.1896293287534050e-01	   4.4342090027838760e-01	   3.3213247210736019e-01	   6.5313039945194318e-01	   4.6149436228229940e-01	   3.4228514326558807e-01	   3.6127647054867462e-01	   2.3608547282854853e-01	   1.9906048578636881e-01	   1.7542424864361175e-01	   3.0223070162150401e-01	   2.6865361474330740e-01	   2.5185277519246985e-01	   3.1660411931346744e-01	   3.0332845456312141e-01	   2.4844891608944469e-01	   5.5366736414575152e-02	   4.0991359876574629e-01	   4.1323240308206677e-01	   3.2965534874542574e-01	   3.8797548019528061e-01	   4.0090549865684755e-01	   4.2530742314423275e-01	  -1.6809383053445173e-02	  -5.5190475860917583e-02	   9.2168026622339264e-02	   2.0587875114383487e-02	   1.3807367083323532e-01	   4.7405362077558716e-02	   3.0932013171906303e-01	   4.3628031619276841e-01	   2.0035291679146014e-01	   8.9059532155821283e-02	  -2.0495407878947691e-01	  -2.1236712583456907e-01	   1.3565417954181641e-01	   2.4212481684446405e-01	  -2.8145897624150606e-02	   9.0492307557942381e-02	   5.9494324670701024e-02	   4.4821938757381420e-02	   1.9058092134524790e-01	   1.7822046735955333e-01	   1.1866761354843086e-01	  -1.4972469875423569e-01	
   2.6602390513781360e-01	   2.4052861218348121e-01	   3.0492521656423305e-01	   5.3591288191940012e-01	   8.6326158557600086e-01	   1.0306315245820150e+00	   6.1076882695339019e-01	   7.1487503909616357e-01	   9.9277466192322095e-01	   0.0000000000000000e+00	   4.9504190876481202e-01	   4.7614861177390960e-01	   7.1033798568472517e-01	   6.6240995408351389e-01	   6.2729548799530244e-01	   1.0814944442691610e+00	   2.1711939415981238e-01	   1.8303259004170808e-01	   2.8839759010000110e-01	   2.4253793449785949e-01	   3.7183496428837359e-01	   4.0803422125631172e-01	   6.1037535316911251e-01	   6.6016567109356128e-01	   2.8225326778835663e-01	   4.5507349011774922e-01	   5.0251168920606726e-01	   4.6180257411249204e-01	   9.1495138533022283e-02	   1.3207680624443338e-01	   1.9437144161954623e-01	   2.6264446991677493e-01	   3.4875258398943065e-01	   4.3246482685490734e-01	   4.5300723679570520e-01	   6.1368263578061610e-01	  -5.8916436985636464e-03	  -6.5478540526705875e-02	   4.7131322845785240e-01	   2.5453436389497230e-01	   4.0357155127005584e-01	   7.2833171607640537e-02	   3.1655407960086301e-01	   3.7343159812530347e-01	   5.3182478078395834e-01	   5.8217486939782248e-01	   5.8263238896906544e-01	   3.8664014410069480e-01	   5.2003423729064269e-01	   6.3700193138302430e-01	   4.8276106048011169e-01	   3.6057343833914507e-01	   3.9055373639298990e-01	   2.5762184901070795e-01	   3.6927968628765434e-01	   2.8115391505049026e-01	   1.7099613049596041e-01	   2.7324408104353692e-01	   3.4247084587562959e-01	   3.0055297934592112e-01	   7.2074138421771505e-01	   5.2875128525082093e-01	  -9.1595299804016719e-02	   3.2039172938402451e-02	   6.8915164814448004e-01	   1.0473025229736228e+00	   2.1656231647163576e-01	   1.8995156365660204e-01	   5.4481403176187793e-01	   4.9757025977835617e-01	   1.3347838668263931e-01	   4.2446736921013589e-01	   3.0146512470544085e-01	   4.5246037527143240e-01	   5.8143423254260329e-01	   6.0159404793476701e-01	   3.9360511136530846e-01	   5.7523573133219952e-01	   1.5723500086513936e-01	   1.6851658064401789e-01	   2.2927467401208712e-01	   2.4470100482080392e-01	   3.4479119779193124e-01	   2.1972357982256210e-01	   4.7746389132603340e-01	   4.4542519369039724e-01	   5.1518469663154920e-01	   3.5433876646061940e-01	   5.8864969821640512e-01	   6.5497932209056819e-01	   5.8946174597146617e-01	   5.6786978122879472e-01	   6.2376624751726950e-01	   6.2126677083225179e-01	   6.1550848240794140e-03	   1.2871027754517500e-01	   2.8951379989852777e-01	   3.2969984904506949e-01	   4.4146454087255360e-01	   3.0732866041233997e-01	   4.2446673485877395e-01	   5.1523147697558203e-01	   3.2452870636869280e-01	   1.0159860231502228e-01	  -2.7233301530140860e-02	  -2.1285905981664729e-01	   1.9057943096157992e-01	   3.1366583235880741e-01	   8.0370456017274286e-02	   1.8417423384976139e-01	   2.4186021437935962e-01	   2.7716448607119798e-01	   4.5545408261019299e-01	   3.8187462904747344e-01	   1.2018517251599391e-01	  -2.6737767293542214e-01	
   6.3169057670792939e-01	   5.4486498463848010e-01	   4.4698189223889384e-01	   6.0810964935438971e-01	   5.6961042494036707e-01	   3.9148515551333668e-01	   8.3195649307016850e-01	   7.1788830917510438e-01	   5.4498574088604002e-01	   4.9504190876481202e-01	   0.0000000000000000e+00	   1.0546092642576201e+00	   1.2730293767331216e+00	   9.9308748768282507e-01	   8.2964512746802077e-01	   7.1751723745078022e-01	   4.9567085191996257e-01	   3.3997332879830938e-01	   5.1716004191605647e-01	   4.3123672012542741e-01	   4.4062994941323974e-01	   4.2835510391276321e-01	   6.2417253152501839e-01	   5.0624467991899369e-01	   1.1712067262780730e-01	   1.5093896379009819e-01	   2.3235769750608029e-01	   1.7585893334557204e-01	   5.3571464214814157e-01	   4.0328200411588405e-01	   3.6654445003578034e-01	   4.3952909628314929e-01	   4.7410452673897080e-01	   5.3081548153516189e-01	   1.7320726653239063e-01	   3.2647885976677832e-01	  -1.7172473081095790e-02	   1.0517312172601559e-01	   2.0799767224589050e-01	   1.4635119814766578e-01	   3.8196241449716989e-01	   1.7810877148340382e-01	   2.4839818948722647e-01	   2.4795529127287991e-01	   3.9210220716081778e-01	   4.3253094235315148e-01	   4.5940447562317238e-01	   2.9084213311811041e-01	   4.3009948395790110e-01	   4.5140257344695700e-01	   5.5417079939294100e-01	   2.1721019778056408e-01	   5.2981011735074290e-01	   4.6775631893541003e-01	   3.8047754912527004e-01	   2.8483159729900520e-01	   2.4619112170592355e-01	   3.4069159240703495e-01	   3.6537258160683550e-01	   2.7517958533669951e-01	   7.7175508086224809e-01	   6.3317271151889165e-01	   2.1805936947395721e-01	   2.2295543855908317e-01	   3.3169395323564355e-01	   5.4153220156028192e-01	   2.4148481280079065e-01	   2.1703517407850545e-01	   3.2636257785769152e-01	   4.2091060172237665e-01	   3.9086040269407318e-01	   5.7652764826832859e-01	   5.8590237830402114e-01	   3.8942602824738298e-01	   7.3824270946288950e-01	   5.1704228970107324e-01	   6.3495246608857359e-01	   5.3318979581865977e-01	   2.8529567474017198e-01	   1.0475308877727801e-01	   3.2490669847323039e-01	   4.1716495468752118e-01	   6.8062342067073967e-01	   4.6068034565467386e-01	   5.8269169309903357e-01	   4.1714631416676456e-01	   3.8009185364512260e-01	   3.2577234593698068e-01	   6.4460799768215382e-01	   6.4335753693902575e-01	   6.2785816419890905e-01	   7.9780682238789102e-01	   6.1950301075379755e-01	   7.1568989012154605e-01	   1.0894562008845278e-01	   3.5149727138210629e-02	   1.8717145635597390e-01	   1.7409013408095803e-01	   4.5312969679342124e-01	   3.8750543464199355e-01	   4.5852854502166840e-01	   5.6926196175397603e-01	   3.6218221459920102e-01	   1.6145012085145147e-01	  -8.7434314257156129e-02	  -2.3700390641447594e-01	   2.1511574409968701e-01	   3.3885196024889608e-01	   7.1940595468409779e-02	   3.1306890649894370e-01	   1.1515082140420815e-01	   3.7037667718990591e-01	   4.5597526529030552e-01	   1.7618202737697986e-01	   2.3754982468097036e-01	  -2.8685415596040570e-02	
   5.2557085451720420e-01	   5.8473611212261567e-01	   2.9954978885197014e-01	   7.2875926512708900e-01	   4.1218787009774804e-01	   3.5079178121327137e-01	   6.4544338117184485e-01	   9.9407812822604558e-01	   4.5891019578956621e-01	   4.7614861177390960e-01	   1.0546092642576201e+00	   0.0000000000000000e+00	   8.4761547437338325e-01	   1.4949503583700297e+00	   8.7033996777116474e-01	   8.3108758356920664e-01	   6.0634657811044390e-01	   5.6329631189959950e-01	   5.2605313334267090e-01	   5.2948105630955178e-01	   2.2638943323439714e-01	   2.8887009642457645e-01	   3.1477921961822453e-01	   3.2995460780545149e-01	   1.3263960487670923e-02	   1.2461496994934709e-01	   3.6439600547393036e-02	   2.8128110227792810e-02	   7.8147361918806701e-01	   7.5872518097059816e-01	   3.2409426308081379e-01	   4.5828340069385426e-01	   5.1034148674033231e-01	   7.3690096851337250e-01	  -5.2807069420079834e-03	   2.5405462330718120e-01	   4.5697370999338995e-02	  -1.1747885545319937e-01	   5.6171897673912230e-02	   1.8216764985862491e-01	   4.9701072389042494e-01	   2.7306370460111962e-01	   1.4729698786374090e-01	   1.6837902797410215e-01	   4.6332579943891822e-01	   6.2209454437153699e-01	   3.4359519164744945e-01	   2.1178243052167878e-01	   3.6606524457518669e-01	   5.3222675325170110e-01	   5.5700796204735414e-01	   3.2519798574995590e-01	   4.1763741693952849e-01	   2.6560039819161274e-01	   3.3828511356493107e-01	   3.1743594484994736e-01	   3.0399467266291147e-01	   3.6183709082888293e-01	   4.5495390043331230e-01	   3.7168285457209416e-01	   7.6621109541236798e-01	   9.3522812453295079e-01	   4.3811287083326927e-01	   4.7090276903963779e-01	   7.6014698290414434e-02	   5.1935484210734972e-01	   4.5069699887422310e-01	   5.0468357314797929e-01	   3.1852788157171602e-01	   3.6173679139523329e-01	   7.6225036290591783e-02	   3.0150845917461028e-01	   5.6202499328354771e-01	   5.4919406447225938e-01	   6.3938935954795517e-01	   6.2903614874848046e-01	   3.2827190123282446e-01	   6.6334443790097752e-01	   2.9033272617216432e-01	   2.3143935261880383e-01	   5.8448833552196422e-01	   5.2294658027895768e-01	   9.4124644259835633e-01	   6.2748399598135274e-01	   3.7115816710256316e-01	   3.1916093096493880e-01	   2.8713445270567473e-01	   1.4312099105855774e-01	   4.4073822544812935e-01	   4.0270508737762034e-01	   7.4571078843019767e-01	   6.7614419888702648e-01	   7.0266544515129903e-01	   5.3012476901927430e-01	   1.1200568964441045e-01	   1.6007376164975143e-01	   1.9323023967986092e-01	   2.2312735347739082e-01	   4.7467506413260790e-01	   3.9170625020488670e-01	   6.0510079304238307e-01	   5.5559668779669247e-01	   5.4341327118713978e-01	   2.4220281281826300e-01	  -1.0245556939313691e-01	  -4.1577580509354661e-01	   2.3535792415820989e-01	   4.3874811229232979e-01	   1.9778820214083082e-01	   4.0462906051200892e-01	   4.2926063627051689e-02	   3.2597059980503368e-01	   5.4054262345239057e-01	   1.8911753615452534e-01	  -6.7307742897409033e-05	  -1.3983064507476978e-01	
   3.8342603669124631e-01	   3.1604401548605349e-01	   3.5941125423265941e-01	   4.7231800886261938e-01	   7.2448684224567372e-01	   4.6445046275594343e-01	   9.1798170355734399e-01	   7.5474177014663835e-01	   7.4838290845816524e-01	   7.1033798568472517e-01	   1.2730293767331216e+00	   8.4761547437338325e-01	   0.0000000000000000e+00	   1.1109407506146018e+00	   9.0958646948223598e-01	   9.0505406281816247e-01	   3.0070391977221372e-01	   1.8064066412271737e-01	   3.0261777284888863e-01	   2.3557338954119728e-01	   2.5804997982499139e-01	   2.2148185084319222e-01	   8.2180298576695354e-01	   7.1257121589506300e-01	   2.2608142356546981e-01	   2.1738254422137465e-01	   3.0694541022795613e-01	   1.7517169225833298e-01	   3.8815430018569030e-01	   2.6716264948979157e-01	   3.4709683985718259e-01	   3.9538449071730486e-01	   4.7963717266932393e-01	   4.7811698381413437e-01	   4.5304093016085700e-01	   5.2829797553653146e-01	   1.4320822607750392e-02	   4.4990865326217239e-02	   3.1483913942644709e-01	   1.8226592393234892e-01	   3.5468371097320744e-01	   1.1102672050054965e-01	   3.4483562301125364e-01	   3.4890896052627540e-01	   5.5710127821514999e-01	   5.2857536642196390e-01	   4.5357464954370696e-01	   3.3194218641604661e-01	   4.7628018553677837e-01	   4.5769910744733311e-01	   5.0648446657820823e-01	   3.5035806939406811e-01	   3.2975148765613987e-01	   2.5939420196474228e-01	   3.1177652652129506e-01	   2.3254232046661327e-01	   8.4651357742395780e-02	   1.0437685122556525e-01	   1.7195599681133661e-01	   6.8950640939874158e-02	   7.4068679248066827e-01	   4.8216647737787066e-01	  -7.3600067856637641e-02	  -7.3538498841877534e-02	   6.8077889201096031e-01	   8.3167569851510514e-01	   2.3526007707138247e-01	   2.3175675787755312e-01	   3.3627397176562751e-01	   4.0594628869582339e-01	   3.8854568049946137e-01	   5.1886043896453660e-01	   4.1916976171874704e-01	   3.4068100443520599e-01	   6.2349483039658737e-01	   5.1505016846942564e-01	   5.1353804133308723e-01	   4.5818897272547088e-01	   2.6394188555517034e-01	   1.2145175957238594e-01	   2.1227911801518254e-01	   3.1364447050602257e-01	   5.5393518434152689e-01	   3.3898149299673924e-01	   6.2714902779911552e-01	   5.8148926968163628e-01	   4.4155680700785982e-01	   4.2684609413427216e-01	   5.5028928642913244e-01	   6.3507167519098107e-01	   4.7641912638620998e-01	   6.1582901377368104e-01	   5.7751640956407058e-01	   7.0522642339757813e-01	   2.1301727735439136e-02	   8.3168658331885692e-02	   1.9319341827921754e-01	   1.5666857600164136e-01	   2.8221762989520277e-01	   1.9598521027855256e-01	   3.4210922096361007e-01	   4.3821230424889407e-01	   1.7236273424525753e-01	   2.3460724240030494e-02	  -1.9537103825981228e-01	  -3.1924329457808759e-01	   1.5153903860853615e-01	   2.6911189505071531e-01	   3.7861063485678838e-02	   2.7169771806599641e-01	   1.6341935129125545e-01	   2.6747038936835899e-01	   3.3584200323846536e-01	   2.2188104153210608e-01	   2.5784654768969228e-01	  -1.7571371061704952e-01	
