   0.0000000000000000e+00	   7.9805556274032130e-01	   7.8192122897279959e-01	   5.9844785530824685e-01	   7.0621916544227337e-01	   6.4162698235074045e-01	   8.8784764209487488e-01	   4.5563383238448207e-01	   7.0726293910305083e-01	   4.5852207771766307e-01	   1.0234629628586194e+00	   3.2973833485875981e-01	   8.2590365752524719e-01	   5.5797227292096407e-01	   6.6428533448789984e-01	   7.3390312676703828e-01	   6.1699432169535462e-01	   3.2424387873890098e-01	   7.5525776104343023e-01	   5.0518599438614054e-01	   3.6885779428534976e-01	   4.4617430455078544e-01	   5.8012977612100047e-01	   5.5364380013404002e-01	   4.4564520363598092e-01	   4.3026018192600413e-01	   5.2655714063725878e-01	   5.3175809239114291e-01	   7.0152138765887861e-01	   5.0554856507585988e-01	   5.7470427135195401e-01	   5.0072095784580373e-01	   7.8782742048878407e-01	   6.1843804026687599e-01	   2.7867474983240503e-01	   2.9627995705207444e-01	   2.9271083961800942e-01	   1.8776130320498502e-01	   4.7737383174015635e-01	   3.7005492733105561e-01	   6.4782764376472424e-01	   5.1823597259206444e-01	   6.3947182530682489e-01	   5.5577353040472421e-01	   6.0880904971280303e-01	   3.7485520363642127e-01	   6.4952454739315790e-01	   6.7850251652577198e-01	   4.5420063928520626e-01	   4.1882646681901436e-01	   7.0920260398558566e-01	   6.9085193354536967e-01	   6.7185797804545955e-01	   4.8341209109292704e-01	   7.7432057336814908e-01	   6.5961977602305832e-01	   1.1596207521821653e+00	   8.8271898539119031e-01	   7.5232166303434023e-01	   5.7307569901001232e-01	   1.0006031290931390e+00	   2.2354817352578646e-01	   9.7174816682492704e-01	   6.4698967483704817e-01	   2.6406830382629859e-01	   1.7250792932434378e-01	   6.5241554459780526e-01	   4.8091302571680328e-01	   7.0359796626059956e-01	   3.9857029912995706e-01	   4.3738764653671192e-01	   3.7341527699468086e-01	   7.4054125517850067e-01	   4.7720954085363543e-01	   8.5300110078489444e-01	   5.8993976848365148e-01	   1.1610056890880138e+00	   7.7143979294867115e-01	   4.5114888222371363e-01	   3.0463750035056680e-01	   5.5336013125016259e-01	   4.0840236241105393e-01	   6.1942334300656210e-01	   7.0722153831497769e-01	   6.6067476252439139e-01	   6.9046479221978740e-01	   2.5993930130601972e-01	   3.3051983837085352e-01	   6.8360715930671634e-01	   7.8043482064259895e-01	   6.3483276269100042e-01	   6.7822004799979496e-01	   5.0415649402072071e-01	   5.6373646072100614e-01	   1.3455089629036790e-01	  -7.1932515341410702e-03	   6.1493559428527789e-01	   4.2753801530953167e-01	   7.7880474258305088e-01	   8.0439364118312306e-01	   4.9566170548331634e-01	   7.5001618430763084e-01	   4.7703368074134295e-01	   6.6889134767535163e-01	  -9.2627752830889448e-02	  -1.2146854556234191e-02	   1.0036222394803741e-01	   3.7256046857747871e-01	   9.7411594527600093e-02	   5.1055304186208783e-01	   5.6583814186147441e-01	   7.8092570626919644e-01	   8.2520023144244048e-01	   4.9317660874383340e-01	   1.5730615314796512e-02	  -3.1967424812291839e-01	
   7.9805556274032130e-01	   0.0000000000000000e+00	   1.8867184832538858e-01	   4.0684215109681054e-01	   3.2111199690428027e-01	   3.9733316802329227e-01	   2.9824242144311108e-01	   3.9893354991468388e-01	   2.8203228767540278e-01	   3.0438633215525690e-01	   5.7380069096048658e-01	   6.3000144668143265e-01	   4.6806789447299524e-01	   7.3615995939264089e-01	   3.7597942745094975e-01	   5.4496326321749455e-01	   9.8844639178793015e-01	   1.0022539588480748e+00	   7.1823320621451103e-01	   8.4630326734022576e-01	   1.6142319673332919e-01	   3.0284087131631737e-01	   3.3661957371397278e-01	   4.1644825352919279e-01	   2.2370892449335866e-01	   2.2052224112344385e-01	   1.8596817508910468e-01	   1.7940961591421384e-01	   8.3439120910004216e-01	   8.8925336991046833e-01	   3.5366267027639825e-01	   3.7121991540653426e-01	   4.6526796288345301e-01	   5.5393512956607882e-01	   1.0429484250799342e-02	   1.0318651815548531e-01	   1.7746281182443502e-01	   2.3852499629282761e-01	   1.3445316493719825e-01	   2.4156743064300124e-01	   5.0941191246508688e-01	   6.9441210155654165e-01	   6.2073136987497679e-01	   6.4089026582492692e-01	   3.9667477312462851e-01	   3.2998314458722722e-01	   5.6878350938127509e-01	   5.8494948969978455e-01	   3.3356861798214466e-01	   3.9567338425343668e-01	   2.3175368332064569e-01	   3.6564113320172636e-01	   5.4696593731068033e-01	   2.9824108717246189e-01	   3.7346691778336660e-01	   4.9340982724644156e-01	   1.0820193392616146e+00	   8.8324418141850458e-01	   5.7292445968702206e-02	   1.4754579951443281e-01	   2.8655489523647554e-01	   2.6375681199906709e-01	   6.6200284851475910e-01	   7.9689035765194915e-01	  -7.9258856380341178e-02	  -2.3660507789385481e-02	   8.5319153034088838e-02	   1.0523321279551141e-01	   7.4594094740634187e-01	   5.6560111594339091e-01	   2.8707669883718734e-01	   5.2178387859787723e-01	   8.7435960377632227e-01	   1.0223045664585126e+00	   7.6074310605668660e-01	   9.7521323870650778e-01	   7.0983021197843932e-01	   9.3441860203622595e-01	   8.6566372971796279e-01	   7.8971138469925450e-01	   1.0096597558562634e+00	   8.6067995274779530e-01	   4.2983288679517162e-01	   7.2122536196749754e-01	   3.1912197254683122e-01	   4.9278295200071315e-01	   1.2325874229224434e-01	   2.1506546994080827e-01	   1.9786156690290621e-01	   3.2008842936054765e-01	   5.5489608274429392e-01	   1.9476615802520397e-01	   4.1881247551185841e-01	   9.6001263202160597e-02	   2.0910200766159087e-01	   1.0745491853409404e-01	   5.2996865299544571e-01	   4.4338485696539520e-01	   8.6573225320219938e-01	   6.4546858262504947e-01	   7.0926297847478204e-01	   3.5845949319796139e-01	   4.7246429717556665e-01	   1.6297954398559775e-01	  -3.6089857611311815e-01	  -3.7503845349232867e-01	  -1.5923497670654801e-01	  -7.0321754959282265e-02	   4.7070484196264369e-02	   5.2301872115658909e-01	   3.3680671327411382e-01	   6.6337487892397584e-01	   5.8209461780536864e-01	   4.4953225080206721e-01	  -8.3169126047047598e-02	  -1.8744624852924985e-01	
   7.8192122897279959e-01	   1.8867184832538858e-01	   0.0000000000000000e+00	   9.2720143754435191e-01	   8.9695675716957257e-01	   7.7504151451309589e-01	   1.0616881054994554e+00	   4.3354652352001122e-01	   7.6278409040898887e-01	   4.3019944623087242e-01	   7.2088840193220793e-01	  -1.1466457464777008e-02	   7.0766338089342462e-01	   1.1934278653089619e-01	   1.1323188341119246e+00	   7.4946153789786252e-01	   8.8030049123880794e-02	  -1.6170071814193129e-01	   5.9279913585957233e-01	   2.5660248839540067e-01	   2.9072134008745953e-01	   3.7643701557152670e-01	   1.2830028518858618e+00	   9.9736201187426299e-01	   1.0744653536636730e+00	   1.0071378764846479e+00	   9.8673482198770024e-01	   1.0876424294068590e+00	   3.1010353749963659e-01	   1.0542113563339139e-01	   9.8498601031339306e-01	   8.5952133288816324e-01	   7.5727085383966630e-01	   6.1960838458097856e-01	   8.1896076345442492e-01	   6.5757807177309913e-01	   3.6710336499061041e-01	   2.6578163212789208e-01	   7.6815576831051524e-01	   5.6825668312094280e-01	   5.2804400582885536e-01	   3.7795038825665700e-01	   5.8127928956273922e-01	   4.5183773297149710e-01	   5.6858109734653928e-01	   3.0598025199493606e-01	   7.0630912398579426e-01	   6.7860926985958425e-01	   4.8413360675421435e-01	   3.0859574818042279e-01	   8.7542909171809402e-01	   7.7595793821017867e-01	   7.8914717852309868e-01	   7.1511283890590727e-01	   1.1120223157863423e+00	   8.7158932980763826e-01	   4.9812372696386786e-01	   3.8657099614306556e-01	   6.6782909032962201e-01	   5.4007216638289768e-01	   6.7585679206058358e-01	   2.0045916615463624e-01	   2.8032781475928753e-01	   4.7402119636963960e-02	   1.0595508633247785e+00	   6.2782100391598394e-01	   8.5772307327189212e-01	   5.8539141758883295e-01	   5.7286538056716674e-01	   2.1160609115372497e-01	   4.8092425513429965e-01	   1.9711925446342968e-01	   4.7616537509536200e-01	   1.6481617067245424e-01	   5.3325884352457342e-01	   2.0866357782133971e-01	   7.1567314302929763e-01	   4.0287380633590436e-01	   1.0256095751991991e-01	   1.1414129025214859e-01	   2.3581648442453665e-01	   2.2799951551685482e-01	   9.0750423033835625e-01	   6.2671507162814855e-01	   1.2064678795209556e+00	   7.9923648536212144e-01	   7.5356013717262516e-01	   8.1164636042365290e-01	   1.2811599904468327e+00	   1.1703501775634289e+00	   5.4137243417262870e-01	   1.2530054736701630e+00	   4.4134901271566812e-01	   1.0302820514340714e+00	   1.4434411221988608e-01	   6.2930339496638607e-02	   6.2790370428955022e-01	   5.5045939804294486e-01	   5.9682719871294965e-01	   7.3204433169551497e-01	   2.2609871670320816e-02	   3.3277076177366466e-01	   1.4019165826606003e-01	   5.8826191699238550e-01	   2.0957058593803321e-01	   3.8415040563511937e-01	   3.0915189403246546e-01	   7.2028880987654298e-01	   1.8891740008613678e-01	   4.2719598306376588e-01	   5.8571343232318229e-01	   6.2091380885862790e-01	   4.3501643573590515e-01	   4.8827142205570645e-01	   2.8306399560640383e-01	  -4.1196362504868894e-01	
   5.9844785530824685e-01	   4.0684215109681054e-01	   9.2720143754435191e-01	   0.0000000000000000e+00	   6.2730782739378299e-01	   7.7597740256164016e-01	   6.8873261794039120e-01	   7.5044656988138470e-01	   5.7528826041251546e-01	   6.0330157957942077e-01	   5.9759505557169668e-01	   4.1781554956073258e-01	   5.3876463609544456e-01	   4.0625165219363507e-01	   9.3115933456952915e-01	   1.1980126149814030e+00	   1.6602061810749844e-01	   1.9570555199979165e-02	   6.1417413018890432e-01	   4.7164079119492247e-01	   3.1633390707989084e-01	   4.7533975214432495e-01	   1.0506443112555297e+00	   1.2716912388993014e+00	   8.9349070852655355e-01	   1.0084846942199188e+00	   9.5063608625093798e-01	   8.9378089061209787e-01	   3.4765854058005347e-01	   3.3798369296940334e-01	   8.4005591683345249e-01	   9.6523560753355842e-01	   7.4269198684100002e-01	   8.2724090355922353e-01	   7.1554697942135603e-01	   6.5529603202986952e-01	   2.9890689856444430e-01	   3.6079782053094367e-01	   6.3864315654258175e-01	   6.2079746367717958e-01	   4.3654472025992019e-01	   4.8053943799322313e-01	   6.6530517742027206e-01	   5.0458007204047339e-01	   6.2008567495218003e-01	   4.2624403096012653e-01	   8.0732077088834275e-01	   7.1960837634628227e-01	   5.2106994167878939e-01	   3.4359302744649589e-01	   6.7913100360906908e-01	   6.8511787432267357e-01	   8.9870429840610067e-01	   7.2916254172103834e-01	   1.0215163976687884e+00	   9.9048250321975195e-01	   4.7681685749112346e-01	   2.9083533430670516e-01	   2.3147791016815089e-01	   4.8758655161905534e-01	   4.3799308069526877e-01	   4.9001429958768117e-01	   1.7238945143399603e-01	   4.5882013728190868e-02	   7.8870839404331738e-01	   1.0134706721587627e+00	   6.0672809934090488e-01	   6.2825777711344633e-01	   5.9567238966228486e-01	   2.8586316332536038e-01	   3.5406215702925053e-01	   3.0590708150871393e-01	   5.3644113281131744e-01	   3.7979315583003476e-01	   5.1191936869958976e-01	   3.9113394649441496e-01	   6.0745108525420555e-01	   7.0334256316136079e-01	   2.9415184816991818e-01	   2.9198740841866694e-01	   4.3116756669108647e-01	   4.0208870875039709e-01	   7.5869827768890397e-01	   9.1457840365438514e-01	   9.7693863728133556e-01	   1.1916172106683121e+00	   5.7575424666026587e-01	   8.4259362684964423e-01	   8.8259222534493509e-01	   9.7269729163225704e-01	   8.1871838419327059e-01	   9.0954146588495322e-01	   8.0615535981975672e-01	   8.1036920180691863e-01	   3.0722564335404556e-01	   1.0826045069370187e-01	   8.3399082730274721e-01	   5.7553109416830739e-01	   7.5854265430154455e-01	   7.9983947741882866e-01	   2.5966135801721191e-01	   2.2268032859295239e-01	   2.9769194128193199e-01	   2.9341707146567242e-01	   1.2060689009854887e-01	   2.2669626722929187e-01	   2.6067067064486799e-01	   4.5853375223340054e-01	   1.5100591556686779e-01	   4.4867028550236493e-01	   6.8208854992126045e-01	   6.9096852941110776e-01	   6.8355370645150237e-01	   7.5911341160300261e-01	   3.4280209041423182e-01	  -2.8263713330374607e-01	
   7.0621916544227337e-01	   3.2111199690428027e-01	   8.9695675716957257e-01	   6.2730782739378299e-01	   0.0000000000000000e+00	   1.3949214367555569e+00	   1.2102999188242853e+00	   8.5484101738009599e-01	   9.7235009175727238e-01	   8.9139827223231194e-01	   7.3498517710594835e-01	   2.5286453508647699e-01	   6.2011715606492890e-01	   2.6417610071801262e-01	   5.7030451482574440e-01	   6.7061964532186924e-01	   3.6768037824505961e-01	   1.3042717896348835e-01	   7.6895033960665438e-01	   5.1252275938527325e-01	   3.1204066445935902e-01	   3.7786543610114481e-01	   8.6423903519252288e-01	   7.9977246163208182e-01	   5.4908978885978721e-01	   5.5555998738963186e-01	   4.8524355281486642e-01	   4.8370421576085032e-01	   6.1485299276176120e-01	   5.2614601413996265e-01	   8.9665859195954378e-01	   8.4860232317510920e-01	   6.7128203488232119e-01	   6.4553646521357033e-01	   2.6516956366942679e-01	   2.5308071528707382e-01	  -7.0863478633756433e-03	   5.7942813654948307e-02	   3.1082973010344511e-01	   2.1991831859782207e-01	   3.6650550968139289e-01	   1.5922572701785898e-01	   6.5665633456850026e-01	   4.8242252750228165e-01	   4.0840858271923586e-01	   3.6886315543468062e-01	   7.2422824453661638e-01	   7.5808110492109260e-01	   4.4307090365878871e-01	   3.6405753855091655e-01	   3.8880351647367994e-01	   4.8660129387603573e-01	   8.4083700974819264e-01	   8.5259016883985494e-01	   5.5732908849938001e-01	   6.8210701673719243e-01	   4.7615014103405356e-01	   4.2424612995510141e-01	   3.6707976396876957e-01	   4.2401191713258646e-01	   5.6126863211682421e-01	   3.7027267455283625e-01	   4.0357549160558770e-01	   2.3931224325110564e-01	   4.0118508685989862e-01	   2.3794480699888676e-01	   3.5192762364226038e-01	   2.4784530173363861e-01	   7.3083514448326115e-01	   2.1537100946734253e-01	   4.2003483387517554e-01	   3.4532474913331707e-01	   4.5460243719533877e-01	   3.0488667186125951e-01	   5.4857137002700829e-01	   3.7039781734092847e-01	   5.3587472649833889e-01	   4.5027764576145374e-01	   2.9188271786123571e-01	   2.9373160074859456e-01	   4.1276989684413401e-01	   2.9751602465308569e-01	   6.6871990667532577e-01	   7.6727647460462334e-01	   5.7480801540173121e-01	   4.6769308476844423e-01	   3.0767848504554596e-01	   3.7250311907273581e-01	   4.7194136814870458e-01	   5.9967817105645937e-01	   8.1479739294528575e-01	   9.1007647313894258e-01	   6.2721295279662548e-01	   7.3448830568498402e-01	  -1.7734164280817663e-01	  -1.1255114503560823e-01	   2.7831940826775881e-01	   3.7658581936044522e-01	   7.6525635765994648e-01	   8.3017548828114873e-01	   2.7807662122724608e-01	   3.6304264301192946e-01	   2.4156239487852643e-01	   3.4592338477231627e-01	   1.1405371566338413e-01	   2.0498755067299532e-01	   3.2959093237211384e-01	   2.7607987162076991e-01	   4.5072102507734600e-02	   2.8663731927454439e-01	   4.6988501536978577e-01	   7.0808227448924144e-01	   5.2865675972260906e-01	   4.0977061338481530e-01	   1.0912336574000005e-01	  -4.4400479424401318e-01	
   6.4162698235074045e-01	   3.9733316802329227e-01	   7.7504151451309589e-01	   7.7597740256164016e-01	   1.3949214367555569e+00	   0.0000000000000000e+00	   9.6914462913943233e-01	   9.9988970355295148e-01	   8.9208376883180263e-01	   1.0627342977884600e+00	   6.5781589816431918e-01	   3.1320792035772388e-01	   5.7945620377214468e-01	   3.0324847218080447e-01	   5.7463000439780609e-01	   7.7327467809039196e-01	   3.8524971842694622e-01	   2.4730374061372210e-01	   6.9723720841286740e-01	   5.5954078925563899e-01	   3.1734547930889445e-01	   6.0658054846050313e-01	   8.1383132718179729e-01	   8.9212759492086002e-01	   5.5055574482261105e-01	   6.2113098032064884e-01	   5.4641086104000913e-01	   5.4309435329938549e-01	   5.8733401442921496e-01	   6.1926778180772624e-01	   8.7996596883903433e-01	   9.7488733270020700e-01	   6.6121956853135844e-01	   7.3399188052449760e-01	   3.2164799817756440e-01	   3.8931358995904924e-01	   8.8131433545266258e-03	   1.1138544027200864e-01	   2.5849327339129263e-01	   2.5952192902453075e-01	   3.4888308781093569e-01	   3.0518902474581527e-01	   7.5274744920258374e-01	   5.6742531113533634e-01	   5.5319930617576163e-01	   5.7491790529617925e-01	   8.4684222458605496e-01	   8.7263596961828394e-01	   5.3220016887687149e-01	   5.2541822159325990e-01	   3.8881033339368676e-01	   4.5705841007457182e-01	   1.0094917230325464e+00	   9.8047177737602198e-01	   5.3373288504123750e-01	   8.2657628222703683e-01	   5.6419016061152594e-01	   4.3395324776255084e-01	   2.3801323265422814e-01	   4.3782846193384373e-01	   5.4932314388938286e-01	   5.4558481326784114e-01	   3.6904452568354185e-01	   2.3933745181585850e-01	   4.2437120068709616e-01	   3.7428789010599850e-01	   3.2150670742257126e-01	   3.0250949567366209e-01	   7.5536378533832127e-01	   2.1564023295505530e-01	   3.5060257685842183e-01	   4.4601527557745291e-01	   5.1521283746336510e-01	   4.3639792661995808e-01	   5.9857159518247416e-01	   4.9278787213573660e-01	   5.1632642626875958e-01	   5.5749564858800538e-01	   4.2622115478678968e-01	   4.5574057040212568e-01	   5.2156226983148024e-01	   4.2528110815942788e-01	   6.4991980259217241e-01	   9.2809899368896442e-01	   6.0322444008134646e-01	   5.6607615356473184e-01	   3.5433525902182911e-01	   4.9610890159693694e-01	   4.6707750912110968e-01	   5.9522432565116989e-01	   9.6765426432781787e-01	   8.0647684681228804e-01	   7.6915609057510570e-01	   7.1406661741546262e-01	  -3.2121222220687334e-02	   4.2097839143994155e-03	   3.4465791390691358e-01	   4.6979076743387688e-01	   8.8924935007627792e-01	   9.7925747149725917e-01	   3.4324791556690892e-01	   3.5973322087680887e-01	   2.2548767134221717e-01	   2.3850924600287587e-01	   1.2574157141986200e-01	   1.9184185755670541e-01	   3.6423397012147352e-01	   2.5885453873355962e-01	   1.1534421411263621e-01	   3.8144256633151252e-01	   4.6671326790862483e-01	   7.5531822924301217e-01	   5.8217952481848612e-01	   4.9464438623469381e-01	   1.6222944694448266e-01	  -4.1462044907351170e-01	
   8.8784764209487488e-01	   2.9824242144311108e-01	   1.0616881054994554e+00	   6.8873261794039120e-01	   1.2102999188242853e+00	   9.6914462913943233e-01	   0.0000000000000000e+00	   9.4612181080089119e-01	   1.1908125098211468e+00	   7.6137208974749693e-01	   1.0791004669778734e+00	   3.6390205670141212e-01	   8.8556218285151778e-01	   4.4802960757296550e-01	   5.8706487003828922e-01	   7.0704390614847701e-01	   2.4824246474441486e-01	   3.5441176430576836e-02	   6.5612133164357267e-01	   3.8813397357878660e-01	   2.4491976038058938e-01	   4.2194146798892945e-01	   7.4559668411359448e-01	   7.0630854893439432e-01	   4.2605733296428272e-01	   4.1680945634830269e-01	   4.3140036208758753e-01	   4.5606888463632045e-01	   5.2753890495668154e-01	   4.2501981248220522e-01	   7.3690457219704897e-01	   7.1812735537889794e-01	   6.9546990639029915e-01	   6.4771652157498649e-01	   3.2484722098200663e-01	   2.8508267148431760e-01	   1.0264493240849215e-01	  -8.6091198471163182e-03	   3.5454925588115443e-01	   1.7023720637459341e-01	   3.5028099022874165e-01	   1.2801320255380949e-01	   5.3180733304517225e-01	   3.9011275732119999e-01	   4.5857956029529656e-01	   3.3467402949167246e-01	   5.8531728973400521e-01	   5.5738511064964213e-01	   4.6628046647392107e-01	   2.9397248832566997e-01	   5.9018228334518785e-01	   5.1967374581587833e-01	   6.9358415456333655e-01	   5.9755791448821616e-01	   6.0475509735527411e-01	   5.4109937819080756e-01	   4.3976354426946923e-01	   3.4196754388529516e-01	   5.3127764365349861e-01	   6.2616383636819239e-01	   1.0325310167357458e+00	   5.6152963235917519e-01	   4.3648739008186405e-01	   2.5465334454595545e-01	   5.1942138433484519e-01	   3.9633020179477979e-01	   5.7565948571221348e-01	   3.9749761143321788e-01	   5.2757124630486119e-01	   1.2614537281717944e-01	   5.5538240186396215e-01	   4.2868935205506209e-01	   3.9281547848990683e-01	   2.4228044817440081e-01	   5.5226031720774249e-01	   4.0185194550001291e-01	   7.3225299713860525e-01	   5.1263249760392071e-01	   1.9094529425146869e-01	   2.0186757478987938e-01	   3.0720464862620422e-01	   2.4463668099512875e-01	   5.3866074434897837e-01	   6.2205546780717702e-01	   6.1782134611266082e-01	   5.7377104022780945e-01	   1.7428440672014106e-01	   2.6663439220549839e-01	   5.9809608855809571e-01	   6.1378551871318776e-01	   7.8450776814070367e-01	   1.0279748323981073e+00	   6.9405460010473030e-01	   9.1689841463538391e-01	  -6.2949541179658820e-03	  -7.6704054371364239e-02	   3.7342349375328859e-01	   2.9517419246895632e-01	   6.1071870491008529e-01	   6.6249181025972992e-01	   3.1005161651659729e-01	   6.2834225615444705e-01	   3.1421154970269360e-01	   4.8756725904062315e-01	   2.3246042270626776e-02	   1.2383310888645832e-01	   1.8248386291248292e-01	   3.7349778104659420e-01	   1.8923024985531379e-02	   3.5766993516364087e-01	   4.2146617289645461e-01	   6.1706079778236245e-01	   6.9421414605088405e-01	   2.7510831070980446e-01	   9.8592059867551374e-02	  -3.3928749463565383e-01	
   4.5563383238448207e-01	   3.9893354991468388e-01	   4.3354652352001122e-01	   7.5044656988138470e-01	   8.5484101738009599e-01	   9.9988970355295148e-01	   9.4612181080089119e-01	   0.0000000000000000e+00	   8.0583345530816408e-01	   1.2065365648285491e+00	   7.1190822844696011e-01	   8.3565523586536750e-01	   5.2585318332155928e-01	   5.9069417979162875e-01	   3.2693907149523943e-01	   7.2823554882577313e-01	   3.3908599950761392e-01	   2.8275169479775991e-01	   6.1965343421470687e-01	   6.3376136526247129e-01	   9.2995898442387315e-02	   4.6696020095267160e-01	   5.3471492785274211e-01	   6.9538606453144514e-01	   1.6803329681145945e-01	   2.2289244064752034e-01	   2.1141336546341957e-01	   1.5248104035367091e-01	   5.5037763415027985e-01	   7.8621180755954090e-01	   5.1913026539494744e-01	   6.8622147989373550e-01	   4.3937582593783520e-01	   5.9819253170350839e-01	   6.3088258916318737e-02	   1.0182192053986679e-01	  -1.5389051084142555e-01	  -9.5796426894043885e-02	   6.9964555608748808e-03	  -4.3578996156461429e-02	   9.6508576732073470e-02	   3.8025071911930997e-02	   5.6946604118311706e-01	   3.9498819772446203e-01	   3.4402654666501326e-01	   3.6910156882556094e-01	   5.4515307564520088e-01	   4.7560629452712544e-01	   3.5597021453084554e-01	   2.9559712847516162e-01	   1.6085265868374379e-01	   2.3937912100158423e-01	   6.1765605816194669e-01	   5.3939563083951469e-01	   2.8602433452867798e-01	   4.1626355304750862e-01	   3.1275692860942905e-01	   2.0264233055748465e-01	  -2.7932832594914313e-02	   4.3073230593700274e-01	   5.0153070347318784e-01	   1.0398624480613232e+00	   2.6959492239515936e-01	   2.4632942975205002e-01	   2.4240169755007104e-01	   4.0899503480448074e-01	   1.0906141559712308e-01	   1.2796478803927602e-01	   5.2199945652557567e-01	   9.2893654952014654e-02	   3.4516598022028722e-01	   5.1421717107543419e-01	   3.3892886144216849e-01	   4.3064575438946262e-01	   4.2521693825189183e-01	   5.7194872126102669e-01	   4.2050798411822821e-01	   5.5877747277943246e-01	   3.7723094653980488e-01	   4.1159107354802948e-01	   4.8003514703852906e-01	   3.7978581127753941e-01	   3.4183104471323111e-01	   7.2518047015715958e-01	   3.4223314273923972e-01	   4.7454499108540937e-01	  -9.1541583748087716e-03	   1.5163809753645724e-01	   1.8759701444837942e-01	   2.7891467870288006e-01	   9.9529798652727552e-01	   5.6312666679408230e-01	   1.0378034429932312e+00	   5.3304110111741698e-01	   5.0981713275496839e-02	  -3.4569452694826239e-02	   2.5585429427233009e-01	   2.0813037751891164e-01	   6.1629040297211835e-01	   5.4124136757164965e-01	   5.1799432460174444e-01	   3.1081020243889751e-01	   3.2184927437270766e-01	   5.7756534620657714e-03	  -1.2753841454863535e-01	  -8.9286245636517825e-02	   7.8472140478933305e-02	   2.8573064416646542e-02	   8.0513274040738669e-03	   3.1928567305838235e-01	   2.5587665738192678e-01	   4.9456024732632498e-01	   6.5252303639195230e-01	   3.5008099234212703e-01	   4.0177956044445982e-02	  -2.5794423855244142e-01	
   7.0726293910305083e-01	   2.8203228767540278e-01	   7.6278409040898887e-01	   5.7528826041251546e-01	   9.7235009175727238e-01	   8.9208376883180263e-01	   1.1908125098211468e+00	   8.0583345530816408e-01	   0.0000000000000000e+00	   1.0825208601151382e+00	   9.4364827501891391e-01	   4.1184504451325832e-01	   7.5035398952359544e-01	   3.3034260931050452e-01	   5.4435505440429111e-01	   7.0163461838442787e-01	   1.6626805927821303e-01	   5.9041873299133053e-02	   4.8129489170971235e-01	   2.7156573726598182e-01	   2.7189031053959850e-01	   2.8680947726256395e-01	   5.5447335652851593e-01	   5.1368790353039651e-01	   3.4004993067419603e-01	   3.2094602668510330e-01	   4.5378926539367870e-01	   4.3753155513480879e-01	   3.1954399418444873e-01	   3.2427499857352698e-01	   3.7668748804065483e-01	   4.0312169748692955e-01	   3.4152943379591466e-01	   3.3787562171988150e-01	   2.6080490539571105e-01	   1.9067007429048755e-01	   1.6584192628083579e-02	   4.1955347919809000e-03	   1.8628975420503616e-01	   8.9663702054940619e-02	   1.9795783778529344e-01	   1.2898416532557036e-02	   5.6465418137923162e-01	   4.1342840485610161e-01	   3.3998827172108093e-01	   2.7226506275892204e-01	   5.6067817985127044e-01	   5.6727477498215051e-01	   3.1364923096218406e-01	   2.7593782958109137e-01	   3.4012530422324666e-01	   3.4140759484837130e-01	   6.3149144981094241e-01	   6.5929452896534269e-01	   4.0130111982094824e-01	   4.3544954975921774e-01	   3.9053577300932685e-01	   3.3801629047536302e-01	   3.3770818923703039e-01	   5.6037348641476314e-01	   8.4922698912648797e-01	   5.5397227853906617e-01	   3.0125538334776047e-01	   1.1643542417520671e-01	   4.8895283408652690e-01	   3.0792279190898098e-01	   3.5182993719623812e-01	   2.3404782958332296e-01	   4.8634132580174749e-01	   3.2950128986993822e-02	   3.9899059678304599e-01	   3.8311473023520104e-01	   2.2691057036625367e-01	   8.7710040504445724e-02	   4.0617109105148796e-01	   4.2962877152798684e-01	   4.2838884184261206e-01	   3.4815546134465991e-01	   1.6671883326825881e-01	   1.8477431566754904e-01	   3.3363935818558355e-01	   3.1118768077644915e-01	   4.1569411220945629e-01	   5.5329181689024987e-01	   5.7960593785277026e-01	   4.1671184177072451e-01	   1.5290382205987144e-01	   2.5223606111498420e-01	   5.0306782036594222e-01	   4.0731061183184541e-01	   7.6349007991946227e-01	   8.8430607930319605e-01	   7.1055353531842369e-01	   9.2226185063080812e-01	  -2.8659047007100653e-02	  -4.8947363769849025e-02	   2.8665061746321063e-01	   3.1553457423092668e-01	   5.6122533731107760e-01	   6.2784833575665266e-01	   2.6825848887792075e-01	   4.3031596877213507e-01	   1.3452783756442011e-01	   2.4081795406010259e-01	   1.3324705122450542e-01	   2.1583556373689802e-01	   2.5002784530377697e-01	   2.5535903966285040e-01	   3.7669004501161320e-02	   3.1208336338970233e-01	   3.9984138761631299e-01	   5.0792907466314463e-01	   5.2578772929680329e-01	   4.1316211565847200e-01	   1.7062508102265964e-01	  -1.9403242176102348e-01	
   4.5852207771766307e-01	   3.0438633215525690e-01	   4.3019944623087242e-01	   6.0330157957942077e-01	   8.9139827223231194e-01	   1.0627342977884600e+00	   7.6137208974749693e-01	   1.2065365648285491e+00	   1.0825208601151382e+00	   0.0000000000000000e+00	   5.9259479703841089e-01	   6.0616700449080030e-01	   4.2287489295446257e-01	   3.5754216626322777e-01	   3.3182968146333469e-01	   7.2117856682368864e-01	   2.3034583481546506e-01	   1.9379727379539008e-01	   5.0128250772007688e-01	   4.2508908312835886e-01	   2.7278124037892570e-01	   4.2017780425534834e-01	   4.3997971271379588e-01	   5.0422255078243927e-01	   1.7878326766451907e-01	   2.1589960412012565e-01	   3.0049757375657682e-01	   2.3039442520330566e-01	   3.4889647015403474e-01	   5.3710325270367565e-01	   3.5813105293953640e-01	   4.6166329247318094e-01	   2.3587157706658066e-01	   3.4063691643972871e-01	   4.8858304997688090e-02	   7.1257350617053572e-02	  -1.8550101416171239e-01	  -6.2092220480561490e-02	  -1.7623388247430986e-02	  -1.9948880089510818e-02	   1.4167303476447533e-02	  -2.5994229763645200e-02	   6.2451121121713660e-01	   4.2726748513052326e-01	   3.0788218323534927e-01	   3.5220786353428429e-01	   5.9598662121250701e-01	   5.5164972220839514e-01	   2.6383691509647850e-01	   3.0387721844470672e-01	   1.0953691711010835e-01	   2.0867058924371085e-01	   6.1281081979349150e-01	   6.7374222674458240e-01	   2.2602016966507610e-01	   4.0788573019651791e-01	   3.5391319208709937e-01	   3.0363618800206260e-01	   3.9764913437804063e-02	   4.6821645061576112e-01	   4.7582257511963111e-01	   7.9948879342441237e-01	   2.2972548343083929e-01	   1.4367833812178638e-01	   2.6032523495166010e-01	   2.9788934864080285e-01	   6.6536844435325621e-02	   7.8238489661949795e-02	   4.9679509893957363e-01	   1.7878959707036096e-02	   2.9432003400586348e-01	   3.8103717249172259e-01	   2.3268162260742334e-01	   2.1758592209977662e-01	   3.5375751361434987e-01	   4.7335198621189989e-01	   2.8347102402803015e-01	   3.8180742085133113e-01	   3.0056931979383084e-01	   3.0270584383293747e-01	   4.2361428093819897e-01	   3.3725010372858910e-01	   3.2491394099768184e-01	   5.9964738769115000e-01	   3.7733614091418494e-01	   3.7349991145478856e-01	   4.0245613909930374e-02	   1.4994367526094299e-01	   2.1065426540790794e-01	   2.3258930018397855e-01	   9.2798616077179896e-01	   5.5682099756537373e-01	   9.9072309377077838e-01	   6.0689403793519792e-01	  -9.4415306547410163e-02	  -4.8079073465947426e-02	   1.7646431101580337e-01	   2.5791935293966745e-01	   6.1743465819877719e-01	   6.0547799386678047e-01	   4.5734143090973550e-01	   3.2192728368263168e-01	   2.3288025442062865e-01	   1.5750322300493221e-02	   8.4760396297786089e-02	   1.1785265619477268e-01	   1.9534354893426822e-01	   8.5627335606204946e-02	  -3.8873134011682534e-02	   2.1280911668528929e-01	   2.9045444375844609e-01	   4.8071148702982980e-01	   5.0543779005306999e-01	   4.9623673159567833e-01	   1.8044393388883836e-01	  -1.7824590783447131e-01	
   1.0234629628586194e+00	   5.7380069096048658e-01	   7.2088840193220793e-01	   5.9759505557169668e-01	   7.3498517710594835e-01	   6.5781589816431918e-01	   1.0791004669778734e+00	   7.1190822844696011e-01	   9.4364827501891391e-01	   5.9259479703841089e-01	   0.0000000000000000e+00	   6.1501225663901882e-01	   1.5933678187251190e+00	   7.6984844958541010e-01	   8.3373437980144371e-01	   9.3914064453832069e-01	   5.2139240857382574e-01	   2.8014619303376054e-01	   8.5573817097742455e-01	   5.9552689341141496e-01	   1.2510881484416428e-01	   2.8450984486619119e-01	   7.3162721615255011e-01	   7.2808344802164693e-01	   3.6111719616508003e-01	   3.4109111061373437e-01	   4.3882806968481830e-01	   4.4651688138083145e-01	   8.0150610279303713e-01	   6.5371211512649241e-01	   6.2399595495511728e-01	   6.2675861815786238e-01	   6.5807521446486361e-01	   5.6816996060115699e-01	   2.8622219520097936e-01	   2.1741721403530501e-01	   2.0831972618710490e-01	   6.5381751477994618e-02	   3.2995614844329657e-01	   1.4456498800184536e-01	   4.7747477401430438e-01	   2.9254575471857192e-01	   6.3958078249238359e-01	   4.8116225457344164e-01	   4.4105316686514040e-01	   2.4286862530299691e-01	   5.5285880769667495e-01	   5.9342174527874225e-01	   3.8082731503735368e-01	   2.2863953830640510e-01	   4.4500508956685864e-01	   3.5185478351785687e-01	   6.7363280240363510e-01	   5.1034319722566768e-01	   5.6281682925072074e-01	   5.1276110239352257e-01	   5.7722163133039750e-01	   4.3782165276252288e-01	   3.6975718827974779e-01	   4.3203345504371249e-01	   7.9362917884317674e-01	   4.1127382418090980e-01	   5.0963789119062564e-01	   3.1909145764411512e-01	   3.6663963724345400e-01	   2.1445983229903554e-01	   3.8718277160051301e-01	   2.0617259083982822e-01	   6.1681913007439970e-01	   1.7012284121844215e-01	   5.8220851608547841e-01	   5.0124430318497770e-01	   5.5619401022570758e-01	   3.9661609920460672e-01	   6.8638004434748312e-01	   5.8265844683789503e-01	   8.2027885930132505e-01	   6.4770071778886373e-01	   3.5279123056498435e-01	   3.7795686095787584e-01	   5.4262761650742386e-01	   4.6601914621875473e-01	   7.1636269348404702e-01	   8.4300564664130140e-01	   6.7106995772675615e-01	   5.9941150282246947e-01	   2.2432709184933342e-01	   2.9388519491633258e-01	   5.7008419266701593e-01	   5.7257038372178715e-01	   7.5334670610120058e-01	   8.2225934838963777e-01	   6.1971080947144486e-01	   6.6720934287016209e-01	   1.7987124613079628e-01	  -2.1488028606678151e-02	   4.9457078113888142e-01	   3.7844035957189803e-01	   6.4524554596231443e-01	   6.7069186488311983e-01	   3.3937014474324473e-01	   5.1092181841739992e-01	   3.0176726858450503e-01	   3.6239241877230666e-01	  -1.1475839531583772e-01	   2.6983383503874189e-03	   6.3454314387972416e-02	   2.5509594970269150e-01	   1.3322285917586246e-01	   5.7216009295631820e-01	   4.9198863449215990e-01	   7.4466807730468121e-01	   8.2057017025334078e-01	   4.1454644182830891e-01	  -2.5824542787122335e-02	  -4.2188692132259886e-01	
   3.2973833485875981e-01	   6.3000144668143265e-01	  -1.1466457464777008e-02	   4.1781554956073258e-01	   2.5286453508647699e-01	   3.1320792035772388e-01	   3.6390205670141212e-01	   8.3565523586536750e-01	   4.1184504451325832e-01	   6.0616700449080030e-01	   6.1501225663901882e-01	   0.0000000000000000e+00	   5.2004293037711369e-01	   1.2376327808118690e+00	   1.6805099536796803e-01	   6.9943013799714393e-01	   4.0397743881692566e-01	   4.6736493662519174e-01	   4.8101214781141099e-01	   6.3880010721559866e-01	  -5.0161677984864421e-02	   1.8156969341037069e-01	   1.8868229476576309e-01	   3.6151597541649660e-01	  -1.0576523414695203e-01	  -6.3020587892043442e-02	  -2.4649956322857842e-02	  -6.3214388678442979e-02	   4.9412243950782281e-01	   8.4488412285481873e-01	   1.4359961474258398e-01	   2.6812311257076693e-01	   1.7181514057014133e-01	   2.7509055153516943e-01	  -1.2556664303474738e-01	  -7.0664620006991627e-02	  -1.1991857721650236e-01	  -5.8225959223101018e-02	  -1.2450924277261596e-01	  -1.1633265984034026e-01	   4.8309964544659037e-02	   4.9671385815214047e-02	   3.6568241200627877e-01	   2.7114562945668275e-01	   1.6979676873982374e-01	   1.9513139855317668e-01	   2.7299478042446867e-01	   2.3692195396058929e-01	   1.7482444658529711e-01	   9.5862995386831226e-02	  -6.1538978552592542e-02	  -8.7919405180599916e-02	   3.3029841419922634e-01	   1.3548630328093980e-01	   8.9963098121094237e-02	   1.4018741021701539e-01	   2.0805081417435833e-01	   1.2573807503425932e-01	  -2.5451617624767553e-01	   1.9048512313281635e-01	   2.4963710643891124e-01	   7.6281136535619343e-01	   2.1273911027040318e-01	   2.8296404106424067e-01	  -9.0181569082781549e-02	   1.7684046935244202e-01	  -1.4092425335272049e-01	  -6.2281842794730514e-02	   2.5678408803007069e-01	   1.7396269253910614e-02	   2.2788185490511315e-01	   4.5455477881594986e-01	   2.0867566730908121e-01	   3.8950055152334212e-01	   2.1781881879010287e-01	   5.0684597039054646e-01	   2.8833958568630058e-01	   6.1189006756188979e-01	   3.9602474404477561e-01	   4.6587399447775224e-01	   5.8292789189155259e-01	   5.9316638595863702e-01	   1.3196263670373881e-01	   5.9175893315770201e-01	   1.3352807896614596e-01	   4.2880214272570122e-01	  -2.5469214130754136e-01	  -6.6450463619643310e-02	  -6.3714649938252335e-02	   1.6293364180671923e-02	   6.3346493935661907e-01	   1.6846259523348112e-01	   6.9215654335273291e-01	   1.6607293190921019e-01	   1.0789957893203561e-01	   1.2542277798419646e-02	   1.6893302408313732e-01	   4.3765653852400388e-02	   3.9549967632468974e-01	   2.3950613069602228e-01	   5.4004331811281969e-01	   2.4993303459906413e-01	   2.7099348740185791e-01	  -1.7563760344487811e-01	  -2.9025524409235171e-01	  -3.4496681790330164e-01	  -1.7158382250434920e-01	  -2.3079483027583741e-01	  -4.8909371941163154e-02	   2.9223921538609426e-01	   1.2378729545817505e-01	   3.0632698802645469e-01	   5.9523010627367789e-01	   2.4587840508576647e-01	  -6.2611495299052203e-02	  -3.9168081680159963e-02	
   8.2590365752524719e-01	   4.6806789447299524e-01	   7.0766338089342462e-01	   5.3876463609544456e-01	   6.2011715606492890e-01	   5.7945620377214468e-01	   8.8556218285151778e-01	   5.2585318332155928e-01	   7.5035398952359544e-01	   4.2287489295446257e-01	   1.5933678187251190e+00	   5.2004293037711369e-01	   0.0000000000000000e+00	   8.2024858438425308e-01	   9.3273088890432765e-01	   9.1560196933250115e-01	   4.2066854146145299e-01	   2.1456575985402876e-01	   7.5486845649784073e-01	   5.2529939620982236e-01	   9.4929938932795346e-02	   2.3466011317185151e-01	   7.5619852896912265e-01	   7.5115287950508747e-01	   3.9468576504498454e-01	   3.7572335447871702e-01	   4.4798506854609149e-01	   4.8487383011647089e-01	   6.6802753828186301e-01	   5.4124365284790277e-01	   6.2201050635151744e-01	   6.1355540003435027e-01	   6.4835164212001783e-01	   5.2372969556820803e-01	   3.9814735315907079e-01	   3.2100365002746223e-01	   2.2950493797129276e-01	   1.1182863490547158e-01	   3.1613364121942955e-01	   1.7316795817836161e-01	   5.0166865889809809e-01	   3.3199920054642429e-01	   5.0961699923157766e-01	   3.9550338510719218e-01	   4.2519257132902838e-01	   2.4788306730179621e-01	   4.2653832369373101e-01	   5.2178412932510398e-01	   3.9842946112066113e-01	   2.0379451374054763e-01	   4.4356703410899379e-01	   2.7666486890529235e-01	   6.5768425432574329e-01	   4.8747196395487513e-01	   5.4673873668556416e-01	   4.9707537894845522e-01	   4.5048848717402140e-01	   3.0243304903838431e-01	   2.8980539748237605e-01	   3.2351354192795301e-01	   6.1383386460164280e-01	   2.6303210909988411e-01	   3.6545042398358663e-01	   1.7036384767487750e-01	   4.0851619734049538e-01	   2.2241030116092730e-01	   3.8054094207685124e-01	   1.8627132193051549e-01	   5.0694267138128946e-01	   6.3793377193520490e-02	   5.0201786852735120e-01	   3.7904244293603717e-01	   4.4825619994613680e-01	   3.3007016060939326e-01	   5.2749837106570319e-01	   4.2546397596129937e-01	   6.8108228734765175e-01	   5.4612355869291807e-01	   2.7577205901470964e-01	   3.3780180007454130e-01	   4.9996874785572260e-01	   5.0010437016540232e-01	   7.1747905347303453e-01	   8.6518031506731030e-01	   7.0112947441341555e-01	   6.3866941685809409e-01	   2.4434364643432227e-01	   3.5573662393425687e-01	   5.9125420780184579e-01	   5.6219968579010837e-01	   6.8372213724279041e-01	   7.8736568569306897e-01	   5.4810078015990060e-01	   7.1423876048417445e-01	   1.7133426709488156e-01	   5.5320385970015892e-03	   3.7376957963916646e-01	   3.2123306957399667e-01	   5.8536278270470143e-01	   6.1931609331595983e-01	   2.3438645938940322e-01	   4.7837662830821504e-01	   1.9219705092755240e-01	   3.1496261887827681e-01	  -7.5872346395847418e-02	   1.5931001602895793e-02	   1.1763376598421901e-01	   2.5132924211574242e-01	   1.5422034369712076e-01	   5.2921888732353517e-01	   4.3082254187877383e-01	   6.4609555062431168e-01	   7.0920295579460024e-01	   3.4782389519251755e-01	  -3.5525508274822572e-02	  -3.9273311554814594e-01	
