   0.0000000000000000e+00	   9.0788464097412636e-01	   6.3137515581777315e-01	   6.2714776034803932e-01	   2.5146764410442718e-01	   2.7390638243544685e-01	   6.0324604559942729e-01	   7.0027773872721932e-01	   3.0700569912614611e-01	   2.6031544198830153e-01	   9.9897148982046058e-01	   8.7954085078457656e-01	   8.1832853108908221e-01	   8.4632869348751305e-01	   5.0318752563750158e-01	   4.2405479861473233e-01	   2.8454457302788418e-02	  -1.1131083817887714e-01	   6.8850954427879441e-01	   7.0219784523440271e-02	   1.0102296839376147e-02	   8.5406451165658384e-02	   4.2988668487408016e-01	   3.9637128769674668e-01	   1.8176010780667978e-01	   2.3509239219090375e-01	   2.0988661444721901e-01	   2.3711748732214691e-01	  -1.0508025583800431e-02	   5.0281815201368811e-03	   7.1502125295066180e-02	   1.4478743249509116e-01	  -2.7478718963308735e-03	   8.6833878282965266e-02	   2.6955957245671019e-01	   2.2164691787153501e-01	  -2.1393007542303075e-01	  -1.6246619222699016e-01	  -8.9451461985446973e-03	  -1.6623120992413359e-01	  -1.0773405194158693e-01	   1.1595153452008834e-03	   1.5719713851859876e-01	   2.4208450466627102e-01	   3.3663880225702124e-02	   1.8201826781759101e-01	   1.4484814839669360e-01	   7.0335189850453519e-02	   2.8914169519565391e-01	   5.2909636629336287e-01	   4.6218640140422595e-01	   3.0178744240069405e-01	   4.4982488968789813e-01	  -2.1701989775444432e-02	   3.3440655837100530e-01	   1.8791125052980567e-01	   4.7287848797630810e-01	   1.6680931442153232e-01	   7.1216333579984781e-01	   5.8126946996651752e-01	   9.0551652734296617e-01	   7.0347434171937706e-01	   8.5064778989304901e-01	   3.4976168631968574e-01	   2.9975190269099655e-01	   4.1602295996792210e-01	   7.7518656036226471e-02	   9.8246867226250020e-02	  -3.8551968917425339e-01	  -3.6084761770527946e-01	   1.3111952670106927e-01	   1.2402315932334605e-01	   1.4035435854319778e-01	   8.4254778546548184e-02	   4.3383472019361602e-01	   3.5339261386612075e-01	  -2.0593641313844759e-02	   1.5897928915085000e-04	  -5.1999100757331752e-02	   8.0129212797726487e-02	   2.7915785513759050e-01	   3.7924251849107027e-01	   4.3717818258276953e-01	   3.1109942536226787e-01	   7.1504299241251601e-01	   6.8700991985398696e-01	   4.0937122281189614e-01	   3.2552306991619223e-01	   5.6252897195389451e-01	   6.8564204014322327e-01	   2.2557165570870114e-01	   2.7646306407779386e-01	   4.2994945538990959e-01	   3.3781086241601072e-01	  -3.3483487381259697e-02	   1.2851985282712899e-01	   7.2465633740263075e-02	  -3.9354936263712361e-03	   5.7547236281971892e-02	   2.1508762202746060e-01	  -5.6560148924888242e-03	   2.4663351922677615e-01	  -7.1835527207941202e-02	  -5.7371745885337756e-02	  -2.1026941838618673e-01	  -5.9282760607758368e-02	  -3.0892829216804563e-01	  -2.6511515723566692e-01	  -6.3052705650301147e-02	  -2.5265913648162530e-01	  -2.1715703349903109e-01	  -9.8956945418219103e-02	   1.4109452595972408e-01	  -1.9237630188550953e-01	  -2.1405326098588462e-01	  -1.5450530257972392e-01	
   9.0788464097412636e-01	   0.0000000000000000e+00	   3.8856256480298512e-01	   4.5483568727460411e-01	   2.6648441163245906e-01	   3.6601038239705819e-01	   3.2728662126542507e-01	   5.2712063012817756e-01	   4.1270425382639608e-01	   4.7130759651682685e-01	   4.9083956261726314e-01	   6.9204292207960361e-01	   4.7264427066073400e-01	   6.2180950441025473e-01	   2.7310755137561810e-01	   2.6757544534102062e-01	   6.5052537481923273e-02	   6.1320807329265700e-03	   6.1626584943641283e-01	   2.7207607771389497e-01	   4.8938068452092684e-02	   2.0457544901274125e-01	   2.2539586178355786e-01	   2.1027038375746593e-01	   2.1269718141674437e-01	   2.6333885445225302e-01	   8.7822111383750290e-02	   1.4888716843758562e-01	  -5.2826925343312750e-02	   4.1505598605560419e-02	   1.0559819083605060e-01	   1.4429028757718493e-01	   1.9681191433065884e-01	   2.8419701908762074e-01	   1.7778521284030560e-01	   1.9256107268102296e-01	  -5.6215710126702602e-02	  -7.6531444731365098e-02	   4.2023645236269482e-02	  -7.7521170336755332e-02	   1.2440559381656580e-02	   1.2558536577711968e-01	   2.9801084146644641e-01	   3.5375946990276946e-01	   1.5165534174465511e-01	   2.8920561327587968e-01	   3.1102069816448003e-01	   2.9821788814599670e-01	   3.3509411522379179e-01	   5.0139588560629078e-01	   3.9461642245235162e-01	   2.7228137684001941e-01	   4.2140084256251897e-01	   2.0159822609678690e-01	   2.5334780333792983e-01	   3.5473260877427704e-01	   7.4969080358197382e-01	   5.8678739915274125e-01	   4.3134915901413728e-01	   5.9724584435998773e-01	   5.2493357447771372e-01	   6.1208644218781205e-01	   5.1490726290857003e-01	   4.0441391398015369e-01	   1.4044148676789237e-01	   1.6883357111260355e-01	   4.7722003827026217e-02	   1.1729813923217715e-01	  -7.0535858426028553e-02	  -6.0638076516303020e-02	   3.2999526084313413e-01	   3.9649589391841755e-01	   3.9420772471057103e-01	   4.0510032711510813e-01	   4.6479074387462749e-01	   4.0406109767595783e-01	   9.7939491217997249e-02	   1.3880142225013556e-01	  -1.0712803176628133e-01	  -5.0274924414948817e-02	   9.9127464164955451e-02	   2.0412794542702095e-01	   2.7810150226747654e-01	   1.7433258584265282e-01	   3.4727223504456950e-01	   4.9757158492989739e-01	   1.5679469533602791e-01	   1.6576390752025144e-01	   3.2625486005551713e-01	   4.5510431480354169e-01	   3.7319906292876048e-01	   3.8650599123338120e-01	   4.0088461884755450e-01	   4.0358691441019290e-01	   6.7422267914479417e-02	   1.9599600075536929e-02	   5.1662359226569816e-02	   8.7711940632309651e-02	   3.3414333551542563e-01	   5.0111278295064421e-01	   1.3833392604443553e-01	   4.1140842619457557e-01	   9.8196909472634784e-03	   1.6250520877864541e-01	  -8.8500420809452959e-02	  -4.3584695745293181e-02	  -3.5076685490721446e-02	  -9.0332761096850404e-03	  -3.9051882484807010e-02	  -2.4281446164668727e-01	  -5.4022508533926060e-02	   1.9067374404420787e-01	   3.6929330490135137e-01	   1.6526681903018859e-02	  -1.8648123901398353e-01	  -9.0610746762470162e-02	
   6.3137515581777315e-01	   3.8856256480298512e-01	   0.0000000000000000e+00	   1.1120591397930282e+00	   2.4932044234272943e-01	   9.1502138093516150e-02	   9.4393439811883739e-01	   7.0794960828431042e-01	   1.6425691620690014e-01	  -2.4000982412251813e-02	   6.0792968471001185e-01	   4.1024637909067613e-01	   8.2660524112368505e-01	   5.5652636671312772e-01	   7.9198921850134330e-01	   8.2592014865058072e-01	  -7.9617272999021840e-02	  -1.2758167027225006e-01	   1.1130648982530222e+00	   2.3296918456155988e-01	   1.4205426066509325e-03	   8.7191912531972518e-02	   1.2687014052996148e+00	   1.1694284683283280e+00	   6.5445099777829818e-01	   6.0698121622580359e-01	   3.3410551563342622e-01	   3.7343848467809670e-01	  -9.4786533344655990e-02	  -3.4649426073346791e-02	   7.2408240852285577e-01	   8.3465794701433960e-01	   2.9543700036069093e-01	   2.6614324309998605e-01	   8.4234410521989478e-01	   4.4467229896366167e-01	  -2.7663988948958962e-01	  -1.5247583804246090e-01	  -1.9794779541550292e-01	  -3.3581160543570915e-01	  -1.0117760657517076e-01	   1.3603982028125794e-02	  -1.1968434107159362e-01	  -2.2908009915834544e-02	  -7.1921451548092152e-02	   2.5655078517900994e-02	  -1.0032701458068870e-01	  -1.1442078716374654e-01	   4.5947924044195419e-02	   2.4550731016838492e-01	   2.6091040870837445e-01	   1.8669074966675650e-01	   4.4732778358655501e-01	   2.2274332741364589e-01	   3.1375044450649753e-01	   2.2801339897775835e-01	   7.6740173760606017e-02	  -3.3434302110208182e-02	   3.6454917668607173e-01	   1.3410296041026265e-01	   3.7290210654644690e-01	   1.6004692495955394e-01	   2.8372299694787262e-01	  -8.3431805551588745e-02	   1.2299703406899103e+00	   8.0431229043255259e-01	   1.9505062151968341e-01	   6.2703759719577784e-02	  -2.1111038650639374e-01	  -3.1371098290472060e-01	   1.4554383868641810e-01	   2.0602948877216759e-01	   5.9367865874721072e-02	   3.4429290897655403e-02	   3.3756167696590217e-01	   2.9016388414717442e-01	  -1.0243115364064774e-02	   3.3932146981648106e-02	  -6.6813631725776368e-02	  -2.2982180407909107e-02	   1.3446833879821279e-01	   3.6548876393394536e-01	   6.5494829231570961e-01	   9.7691914888309039e-01	   1.1236255380056448e+00	   1.2609718816143038e+00	   1.0503917783905512e+00	   1.1587392964928225e+00	   1.2494934354773362e+00	   7.0522442809024211e-01	   3.2493771356397549e-01	   5.9443620277408238e-01	   5.3190463963500534e-01	   5.7860888086740803e-01	   1.1294737832473468e-01	   1.2856251544875497e-01	   2.9372395771812016e-02	  -1.5532537036872401e-01	   5.2860894218029267e-03	   2.6042665728735453e-01	  -1.9881230399217525e-01	   4.7629015248218484e-02	  -1.7123153114531506e-01	  -3.4219088535021078e-02	  -1.7890740210440784e-01	   1.8312650160845011e-02	  -3.2418731735733808e-01	  -3.4303188505429660e-01	   5.8704240498812683e-02	  -1.3902950604101647e-01	  -3.0740334058307167e-01	  -8.3718026723165945e-02	   1.8489755835790647e-01	   8.2094006181289120e-02	  -4.1416341924897036e-02	  -1.4322806577071651e-01	
   6.2714776034803932e-01	   4.5483568727460411e-01	   1.1120591397930282e+00	   0.0000000000000000e+00	   4.1650547728129350e-01	   2.7915399678361130e-01	   1.0869518820179263e+00	   1.2529696006875677e+00	   4.2502619364823085e-01	   1.4368251159272247e-01	   4.4111683445883482e-01	   3.8569705862473908e-01	   6.6578127960943989e-01	   4.5806381826996723e-01	   5.1329476419640829e-01	   6.5037427765723466e-01	  -1.8339882397363988e-01	  -2.0619704639655925e-01	   8.1239433286123064e-01	   1.0885499944967986e-01	  -1.8247647679256665e-01	  -7.2499797910879392e-03	   8.3123433459981877e-01	   1.0890703682309890e+00	   3.5210859643606685e-01	   5.4336650889120852e-01	   1.2367340400762039e-01	   1.6526672606854118e-01	  -1.3289817915019966e-01	  -4.3757868995667172e-02	   4.0994203616961888e-01	   7.0096767175852714e-01	   1.7091325301969601e-01	   3.4268547615989942e-01	   6.0559778927289587e-01	   5.3406111264155409e-01	  -5.2935574499503835e-01	  -2.8540724996709793e-01	  -3.4806831045174480e-01	  -4.4133220724645095e-01	  -3.8740743487458251e-01	  -2.2767861392327257e-01	  -1.2238511036467255e-01	  -5.2290080458823832e-03	  -8.5836828281398672e-02	   1.0245041770285515e-01	  -1.0035834743145433e-01	  -1.4710849782392615e-01	   7.6401290916526921e-02	   3.2633584340701938e-01	   1.7004797785008108e-01	   1.9121352956618334e-01	   2.8092316756205193e-01	   3.1791973102805349e-02	   1.5152959470044650e-01	   9.8794923956278882e-02	   9.8537922537095105e-02	  -2.9899739829022897e-02	   5.2531611684232593e-01	   3.7448564336510948e-01	   6.5707274461187792e-01	   4.6092662101517456e-01	   2.9661969379859293e-01	   1.0384846646676715e-01	   9.8955098725312429e-01	   1.3718183427447228e+00	   1.9278672957339976e-01	   2.1202673450445739e-01	  -3.2422191119776028e-01	  -3.3166920175616088e-01	   2.2896480069369070e-02	   2.1869475676733752e-01	  -3.1784095893562646e-02	  -1.4180967695606050e-01	   2.8870771165164077e-01	   2.3494565097783959e-01	  -1.2805870168708827e-01	  -1.7135376670411272e-02	  -1.5691368116186993e-01	  -1.0068314103456164e-01	   3.6797348195954191e-02	   2.1974990034298525e-01	   3.4367636015898079e-01	   6.8932768447059156e-01	   7.1444276130974671e-01	   1.0035090595755223e+00	   6.7320979003501036e-01	   9.0598110885045191e-01	   9.1154920529431860e-01	   6.7026697996900841e-01	   4.3042239407024901e-01	   5.2520103004461183e-01	   7.0099574102368833e-01	   5.2672447009595269e-01	   6.7678322346181596e-02	   1.2020005463933656e-01	   2.1586045331793577e-02	  -1.7719674457604834e-01	   4.2944955293149466e-03	   1.7405098421578957e-01	   5.7654521229628997e-02	   1.8268205902753318e-01	  -5.6993504302043002e-02	   1.1288468389365783e-01	  -1.0266079736368310e-01	   1.4337475051084320e-01	  -1.9932296902712004e-01	  -2.2212064987359875e-01	  -1.0496045816014238e-01	  -2.0651185638129319e-01	  -3.2754511327403535e-01	  -1.3002564422357193e-01	   1.5150514407933166e-01	  -2.4318820341633341e-02	  -6.7806837087359767e-02	  -3.6179895240900449e-02	
   2.5146764410442718e-01	   2.6648441163245906e-01	   2.4932044234272943e-01	   4.1650547728129350e-01	   0.0000000000000000e+00	   1.0534039942341538e+00	   4.9398148609155001e-01	   4.4033749263434341e-01	   1.3439304648091432e+00	   8.4371771108672333e-01	  -1.0542851619154206e-01	   1.2977469472416733e-01	  -2.9118700478876348e-03	   8.7762923944600002e-02	   1.3084687016157820e-01	   1.5735331596348623e-01	  -4.9219848499524543e-02	  -2.5325400966331367e-02	   1.2729678873584210e-01	  -2.6103661698497760e-02	   1.1032877562137548e-01	   1.9687703847907678e-01	   1.1371519695287063e-01	   1.1096668260905851e-01	   4.2392776967000811e-01	   7.1217137673439179e-01	   4.3455703834359460e-01	   3.9791324601192035e-01	   8.8245180496704823e-02	   1.8184274873016210e-01	   1.5404302100852746e-01	   1.5126174739717133e-01	   1.7038398057568904e-01	   3.2934834341920516e-01	   8.9614002883692936e-02	   1.3351780749352421e-01	  -1.1322030381661688e-01	   2.3502152201380425e-02	  -1.6827047905959511e-01	  -9.1691858401617643e-02	  -1.6783920916296460e-01	   8.4846123164121046e-02	   1.4312401790814558e-01	   1.4091730737482014e-01	   5.1211102244198559e-02	   2.8196708543994564e-01	   2.4252774148113493e-01	   1.6628351050547344e-01	   3.9275293037840120e-01	   3.9963719977942208e-01	   3.5928293716220971e-01	   2.8523263352118011e-01	   1.8466574409126776e-01	   7.6621208227744653e-02	   1.9561057223502423e-01	   1.8419812569264221e-01	   2.8137514108671957e-01	   1.2549667729982203e-01	   6.1695641343671304e-01	   5.1017520182727272e-01	   5.1746007786180948e-01	   3.8382572813675597e-01	   1.9277949170424469e-01	   2.8970397683866234e-01	   3.1393142950343023e-01	   3.6193742065084572e-01	   2.5750636190677617e-01	   3.1847235153916009e-01	  -2.6844767635825972e-01	  -2.7461088522399618e-01	  -1.2287938005897658e-01	  -9.4821633083381235e-02	  -1.3258772564758653e-01	  -1.3585347652817970e-01	  -8.2900479961458384e-02	   4.9965006723413828e-02	  -1.9461436456859349e-01	  -1.6600886132209328e-01	  -6.9026616502759998e-03	  -4.7541667721430730e-02	   2.2917364373868449e-02	   2.3515689671854141e-02	   8.7693597909837724e-03	   1.9391513189983217e-01	   9.0295878309386637e-02	   3.0551439246788953e-01	   9.7297961192545843e-02	   1.6599975537637293e-01	   2.3631016431090193e-01	   1.8749779863028798e-01	  -2.9733864340632236e-02	  -2.7829467831325262e-02	   1.2364471701709737e-01	   4.5396958753430673e-02	   2.8594586211682677e-01	   3.2573974838843150e-01	   2.3537085523462364e-01	   1.5897783883876851e-01	   2.3552625373867225e-01	   2.0429076314590872e-01	   1.0039490425228978e-01	   1.6605163916766422e-01	   7.1269131661361854e-02	   2.3108234196233101e-02	  -3.1303488982958573e-02	   1.7404098162165171e-01	  -1.5712477701774676e-02	  -4.7050886725279628e-02	   2.1090438862939073e-01	   1.4902313162015607e-01	   1.7984238387990951e-02	   1.3713831383270669e-01	   1.8550551329172754e-01	  -6.2367606753942324e-02	  -9.0580153264568711e-02	   1.6130179489660415e-01	
   2.7390638243544685e-01	   3.6601038239705819e-01	   9.1502138093516150e-02	   2.7915399678361130e-01	   1.0534039942341538e+00	   0.0000000000000000e+00	   3.6561353300978455e-01	   4.2673507664316962e-01	   1.0148133601012455e+00	   1.6124339758342170e+00	  -4.6498273881742366e-02	   1.6517337079569594e-01	  -3.6709212878364386e-02	   1.4599724625872715e-01	   7.6225574214569755e-02	   1.5740631473025662e-01	  -1.2152799290317826e-01	  -8.8781568354781695e-02	   1.1427579210064756e-01	   6.5372430135934266e-03	   1.5007672398704305e-01	   2.7469872209959356e-01	  -8.0766571477195806e-02	  -3.5030723220645425e-02	   2.6645600288637594e-01	   6.3494781705884817e-01	   4.1182702294968992e-01	   4.3784679425991413e-01	  -3.1784184483160782e-02	   7.1793290390293932e-02	  -6.8949223145960470e-02	  -3.3028369149459294e-02	   1.2702272807973508e-01	   2.6638957768439353e-01	  -5.1339421758180771e-02	   1.9880704120927864e-02	  -5.0984266899801914e-02	   1.6392863144190825e-01	  -9.6261403134627999e-02	   9.2406662636529496e-02	  -8.3197251803067737e-02	   1.6042638723006283e-01	   2.1934275580506354e-01	   2.2827113709117874e-01	   6.1131418253032026e-02	   3.7260376799256750e-01	   3.4584920898499150e-01	   3.2245309090388002e-01	   4.5949600376710098e-01	   5.1750666161333747e-01	   4.0637318438748404e-01	   3.5387538103731281e-01	   2.1211746481143490e-01	   1.0479479944161728e-01	   2.0064231275773686e-01	   2.7468573596157542e-01	   3.4296732709127475e-01	   2.6969363990267070e-01	   5.3369036150199989e-01	   6.6603713143411070e-01	   4.0917970909542228e-01	   4.8122236699166404e-01	   1.7898361042858113e-01	   2.9332236683171892e-01	   6.3364965831723186e-02	   1.4706660496803661e-01	   1.6725033674577083e-01	   2.5630206723467952e-01	  -2.1146734321343447e-01	  -1.4356357586127722e-01	  -2.9072250165249520e-02	   8.6381235804852380e-02	   2.6622737175241596e-02	   4.7076868411137070e-02	  -2.8024256201138176e-02	   7.0080853530416223e-02	  -1.4893568951048486e-01	  -5.4472013948899188e-02	  -1.7168999092749859e-01	  -1.8100826065801284e-01	  -5.3593865942245189e-02	  -1.2200530271036095e-01	  -6.8157941010199702e-02	   3.4829752465407982e-02	   1.6091215087125490e-02	   1.2695142434089818e-01	   1.7569327227737366e-02	   3.8597229689635498e-02	   1.2347827518939314e-01	   2.6456087159294384e-01	   9.9559190594203290e-02	   3.8850826562726294e-02	   1.8081223337192651e-01	   6.9492216445768015e-02	   1.0848888744428054e-01	   1.9623753326872601e-01	   1.5321346732431707e-01	   2.1728785655810937e-01	   3.2538048309191592e-01	   3.1616262072967838e-01	   2.7000684390910623e-01	   3.3117850229860585e-01	   2.2362380008312624e-01	   2.1811547328244957e-01	   9.9401118424769050e-02	   2.7487813333964928e-01	   1.3765198416475616e-01	   1.1286956419079078e-01	   6.1824674747202900e-02	   3.4052504796290045e-02	   5.9944775088664581e-02	   9.3354719926830337e-02	   1.8969116618905696e-01	  -4.9530123435822540e-02	  -3.6204842653637520e-02	   1.9982481045676498e-01	
   6.0324604559942729e-01	   3.2728662126542507e-01	   9.4393439811883739e-01	   1.0869518820179263e+00	   4.9398148609155001e-01	   3.6561353300978455e-01	   0.0000000000000000e+00	   1.2734898226029021e+00	   4.7794711958696207e-01	   1.9429418335203280e-01	   4.5382915922310085e-01	   3.8186742327851936e-01	   5.8851334741290151e-01	   4.4404471450683169e-01	   4.0396015575501748e-01	   5.2548131092094086e-01	  -1.9334851728018698e-01	  -2.3426535738439075e-01	   7.0589729758614150e-01	   4.1507187100221443e-02	  -1.8588040585683130e-01	  -8.2289970880865079e-02	   5.1605461732728930e-01	   5.9229490376349370e-01	   1.6466420644646176e-01	   3.3034674103348605e-01	   5.1748081838923467e-02	   7.0319603603041042e-02	  -7.6413380634162698e-02	   7.1484582073153358e-03	   3.0430156540823416e-01	   4.9179557952908270e-01	   2.6137228137149049e-01	   3.8125704093470836e-01	   4.2391140279976491e-01	   4.0832452490741272e-01	  -5.1221198302711646e-01	  -3.9892511587166063e-01	  -2.1093514639221661e-01	  -3.9919264865064868e-01	  -3.7836750943717568e-01	  -2.0826743097889872e-01	  -6.9309423571086146e-02	   7.2641354418089985e-02	  -4.5963288672969373e-02	   1.4685187803925259e-01	  -7.7991288738958969e-02	  -5.9128761205121970e-02	   1.3485217156031559e-01	   3.4051245613552716e-01	   1.8774414338908213e-01	   2.4142107545544106e-01	   2.2467441286347606e-01	  -1.0775543054606911e-02	   1.1435005870760655e-01	   4.1715083523327409e-02	  -7.1700890427722930e-02	  -1.6812942980185619e-01	   4.6716567268294307e-01	   3.0851971781248594e-01	   7.9637101086093598e-01	   5.5126903060571886e-01	   3.9976521270334719e-01	   2.3285574082190247e-01	   7.2180341360865963e-01	   9.5157536935660481e-01	   2.5741828004480799e-01	   2.5079853261729274e-01	  -3.1360305315689085e-01	  -2.8911194517781791e-01	  -6.2894592281278791e-02	   1.1956923239919082e-01	   2.0638802091218173e-02	  -8.9091312027214931e-02	   2.6006079103049423e-01	   1.9169297903833282e-01	  -1.0426772683268798e-01	  -5.8055206199131335e-02	  -1.3874116087655505e-01	  -1.4775814919543309e-01	   6.4191505768760690e-02	   2.0121827912932502e-01	   2.8296163226200904e-01	   4.5583297611223383e-01	   5.8564158682506262e-01	   7.4915943467248447e-01	   4.7415162894768759e-01	   6.1119555728404862e-01	   6.3386068788330530e-01	   4.9667309462713916e-01	   2.1783951790381853e-01	   2.3028424139896497e-01	   4.9171549543654736e-01	   2.7106529420631520e-01	   1.0835153348325804e-01	   8.9270466946865454e-02	  -1.6534639414674208e-02	  -1.6402830946734026e-01	  -1.9534748856311607e-01	  -5.0324379613852083e-03	   4.8779686725427422e-02	   1.9544772480263137e-01	  -1.2726288396147500e-01	  -6.9731017632863643e-02	  -1.0078029071286991e-01	   9.2242049455404845e-02	  -3.4963603497820045e-01	  -4.0399515989041440e-01	  -3.6765277713513525e-02	  -1.3205066629201231e-01	  -2.5603497418878995e-01	  -1.9418039125488284e-01	   2.4166550198682236e-02	  -1.0858371994985329e-01	  -1.5360971049056824e-01	  -6.2364437029271719e-02	
   7.0027773872721932e-01	   5.2712063012817756e-01	   7.0794960828431042e-01	   1.2529696006875677e+00	   4.4033749263434341e-01	   4.2673507664316962e-01	   1.2734898226029021e+00	   0.0000000000000000e+00	   4.8611044372466294e-01	   3.0211857345742188e-01	   5.2757920441323714e-01	   6.1007083086121072e-01	   6.0401652133469097e-01	   6.2063227765614282e-01	   3.3318907921751056e-01	   4.8339363283042752e-01	  -2.3000468544199049e-01	  -2.8261837965140879e-01	   6.8629148014014973e-01	   5.8412711389798429e-02	  -2.8454680171603947e-01	  -6.5257046683955461e-02	   3.9814799493973213e-01	   5.2742013732223492e-01	   4.2811064004576939e-02	   2.6487376035662735e-01	  -1.8672991905238329e-02	  -9.9382124395299594e-03	  -1.0721492517764604e-01	   1.3232461044970093e-02	   1.2147381877805111e-01	   3.8180753395593597e-01	   9.2246621407415089e-02	   3.4241551932597747e-01	   3.2896020363319045e-01	   3.8869371250500084e-01	  -5.5972658007623222e-01	  -4.3285760922070221e-01	  -3.1853876522786873e-01	  -4.7916937509464697e-01	  -4.0523131714007460e-01	  -2.8666773212852387e-01	  -7.7741164365093499e-02	   5.3265366047600828e-02	  -3.8379538722361425e-02	   1.6095920427891786e-01	  -4.6948110811982774e-02	  -8.6511129941415549e-02	   1.6379822841973268e-01	   4.3069487403511175e-01	   1.3957008720656522e-01	   1.6902830157602899e-01	   2.1670034949667352e-01	  -1.0211002499120259e-01	   6.6712585544514910e-02	   6.3040918926130143e-03	   2.7245722806233962e-02	  -6.1917350640074288e-02	   5.2615709737293714e-01	   5.3136739189271931e-01	   9.2450502568446158e-01	   8.7612792529669470e-01	   4.9635862092256028e-01	   4.5426024911375107e-01	   5.7500669360147993e-01	   9.3227252669532445e-01	   1.4207607088560276e-01	   2.5429286674373369e-01	  -3.6921025665294066e-01	  -2.8503531748680527e-01	  -4.8272748058928193e-02	   2.2289720602137031e-01	   6.9364333286653646e-02	  -3.1976817301930728e-02	   4.0693206081715549e-01	   3.6558413661146394e-01	  -8.0920768555760747e-02	   2.3278191697220903e-02	  -2.0180889613738065e-01	  -1.7507798436643979e-01	   4.7811462354228451e-02	   1.6565001241078034e-01	   2.2931362901009189e-01	   3.5091557580116789e-01	   5.2824503037715864e-01	   6.9341212391560547e-01	   3.6545718861778098e-01	   4.7459952015011453e-01	   5.9906369698375428e-01	   5.5255065222638111e-01	   3.9978851829300466e-01	   2.9766594515600248e-01	   6.3540397521608916e-01	   3.3710119495573082e-01	   1.5170998922217942e-02	  -4.2118104178184915e-03	  -6.6602929190481955e-02	  -2.1712224886467302e-01	  -8.4841066855528419e-02	   4.8488464406440418e-02	   1.6685563019834646e-01	   2.9008870323168717e-01	   4.5409453250411333e-02	   7.1815378395677990e-02	  -8.5456998062764272e-02	   1.4514667005635060e-01	  -2.1263734894956554e-01	  -2.1999940267623205e-01	  -1.7635799299214067e-01	  -2.2013591281810305e-01	  -2.7314746778479626e-01	  -2.0114597572437709e-01	   1.1276064560432859e-01	  -8.3692330337411955e-02	  -1.3606720047428489e-01	  -3.6115688696714360e-02	
   3.0700569912614611e-01	   4.1270425382639608e-01	   1.6425691620690014e-01	   4.2502619364823085e-01	   1.3439304648091432e+00	   1.0148133601012455e+00	   4.7794711958696207e-01	   4.8611044372466294e-01	   0.0000000000000000e+00	   9.1380652227630366e-01	  -1.1284016022923636e-01	   1.1855091750539852e-01	   2.2046175076692674e-02	   7.0636560112558741e-02	   6.8168234646024062e-02	   6.8916443480991962e-02	  -1.2518609546075424e-01	  -9.3514921816155810e-02	   1.2888479233293212e-01	  -1.0252323700220702e-01	   9.1889196977192805e-02	   1.5455325022604124e-01	   7.5990839616354194e-02	   9.1388586554680712e-02	   2.4632330954075260e-01	   5.6249841091175556e-01	   1.4183667674408698e-01	   1.3781925990654498e-01	  -3.7851273339014169e-02	   2.0299926108527128e-02	   5.7353821815424089e-02	   1.2259083667361857e-01	   1.0197956998475069e-01	   3.0268460918323664e-01	   2.7025387562138511e-02	   1.9265566964127634e-01	  -1.0457662671848879e-01	  -3.4089109551600154e-02	  -9.1714683010980114e-03	  -3.1378070024725320e-02	  -1.8746855753589850e-01	   3.8215709433178140e-02	   1.8189594863706196e-01	   1.8993622558229981e-01	   6.1106549909258651e-02	   3.2632722821350002e-01	   2.4598008778044150e-01	   2.2413881868117980e-01	   4.0331082582210392e-01	   5.4286869572354357e-01	   3.3779912270878382e-01	   3.7806494891519260e-01	   2.1962957735211799e-01	   1.5892017701701763e-01	   1.0746991634664561e-01	   1.9130328218189049e-01	   3.2580957704928065e-01	   1.7163997571531003e-01	   5.8960120484246126e-01	   6.3653131193417711e-01	   6.3072818873397518e-01	   5.7069625578775263e-01	   1.6973282671394552e-01	   2.8033360162056670e-01	   1.7185631215479424e-01	   3.3826069650466278e-01	   2.1227297149671559e-01	   3.3470105996922678e-01	  -2.6167077551343587e-01	  -1.6370944459363992e-01	  -1.2594111837987677e-02	   7.4443757330179661e-02	  -1.0594983405883658e-01	  -1.3060472397261869e-01	  -4.3359012891178821e-02	  -7.4793896284951122e-03	  -2.7531687576987735e-01	  -2.1326337978202861e-01	  -1.5258861777127575e-01	  -1.7001655339437846e-01	  -1.1061120111331958e-01	  -1.4427692572765230e-01	  -1.0227620695570411e-01	   4.6796640567533021e-02	   4.4645309412424125e-03	   2.0036749428921505e-01	   1.9337430014131629e-02	   9.8358970338731963e-02	   1.7860812858546024e-01	   2.6289688687003743e-01	   1.7131500880830178e-01	   1.5245474828756164e-01	   2.8450112603769268e-01	   2.0959338639960282e-01	   2.0962921833912773e-01	   1.3285066948734167e-01	   1.1452558655209533e-01	   5.9912402030488345e-02	   1.7621952231537411e-01	   2.3349681591934407e-01	   2.8841937912801402e-01	   3.3302904868119865e-01	  -1.6743928033646879e-02	   7.7223577529171736e-02	   2.4454021143452562e-02	   1.4816581191231293e-01	   1.2519834647652348e-01	   5.5289146856927915e-02	   7.9846087513757186e-02	   1.2088144870239030e-02	  -1.1910896736319600e-02	   9.8099445738372842e-02	   1.2934409977144609e-01	  -2.6766966232413347e-01	  -1.8846760091370368e-01	   9.7364897847314030e-02	
   2.6031544198830153e-01	   4.7130759651682685e-01	  -2.4000982412251813e-02	   1.4368251159272247e-01	   8.4371771108672333e-01	   1.6124339758342170e+00	   1.9429418335203280e-01	   3.0211857345742188e-01	   9.1380652227630366e-01	   0.0000000000000000e+00	  -1.0532266709192861e-01	   1.3869036104170918e-01	  -1.4003432165704907e-01	   8.0650720748463342e-02	  -7.2265055242874493e-02	  -1.4677069314096446e-02	  -1.1568116778561403e-01	  -6.5495769242980437e-02	   5.4424491280089443e-02	   3.1996183517557689e-02	   8.0316024714207193e-02	   1.7678188416250762e-01	  -2.1477323893570108e-01	  -1.8622780605832370e-01	   2.1277617043474445e-01	   5.5138015692724474e-01	   2.3182388630733292e-01	   3.1149152439553673e-01	  -7.8567657403604510e-02	  -5.5466801829928639e-03	  -1.6482342871813216e-01	  -1.4594479160933679e-01	   1.5505165035089141e-01	   2.7477731400040339e-01	  -8.4162110876302015e-02	   3.0696887034000316e-02	   2.9568587813344292e-02	   1.1708555884297080e-01	   1.0338576949333256e-02	   1.2370956357473850e-01	  -4.8738290422250988e-02	   1.5249544650128949e-01	   2.4922093778471577e-01	   2.5703779695558249e-01	   1.5846924574484780e-01	   3.9923044229700899e-01	   3.2975690694190141e-01	   3.5631251734830616e-01	   4.4577371184483999e-01	   4.6391756136399370e-01	   3.3563142664752010e-01	   3.1717739479263979e-01	   1.3161138140509837e-01	   6.1875970053498791e-02	   8.4850083361502501e-02	   2.4126994937626062e-01	   4.8226125555941818e-01	   3.5924986183464253e-01	   4.4385777368712154e-01	   6.5871167637721284e-01	   3.4678472463079402e-01	   4.6698848898278211e-01	   1.7910593938889149e-01	   3.5360368750897064e-01	  -7.0960966355654964e-02	   4.3360498741009407e-03	   2.4308596884426878e-01	   3.3196334114536818e-01	  -1.6248142564117651e-01	  -4.3976266006810975e-02	  -2.2392479388480099e-02	   9.0286615057611708e-02	   2.1889082816317091e-02	   5.6895164127002698e-02	   1.4153178113829135e-03	   6.5572508354314191e-02	  -6.0037054874774336e-02	   1.9801946088189141e-02	  -2.0422959679618691e-01	  -2.2055437733489944e-01	  -9.5119340865064766e-02	  -1.9675537317179020e-01	  -1.7009136221941759e-01	  -1.2845787862966854e-01	  -7.0404116362964675e-02	   6.0642061960869992e-02	  -1.0241284030984443e-01	  -7.3946401513432278e-02	  -1.0586305384081241e-02	   1.4263419916189607e-01	   9.7009861365258562e-02	   5.1773035244168146e-02	   1.3927984201064816e-01	   1.1473985538374024e-01	   6.2011284728422426e-02	   4.1838828007327543e-02	   4.5280223740011713e-02	   1.6234989173310677e-01	   3.1097927667051845e-01	   3.1717659651290903e-01	   3.3855687554541380e-01	   4.2644349130981346e-01	   1.7905958267867120e-01	   2.4628002434434162e-01	   1.4572127515420200e-01	   2.3174388110495608e-01	   1.7229677349138728e-01	   1.7371803994881832e-01	  -2.3876152542937117e-02	  -6.6700907737803766e-02	   3.9095759524400503e-02	   1.1421512083278836e-01	   1.6927498972492999e-01	  -4.6490108850185702e-02	  -4.9394039047396490e-02	   2.1450508914145633e-01	
   9.9897148982046058e-01	   4.9083956261726314e-01	   6.0792968471001185e-01	   4.4111683445883482e-01	  -1.0542851619154206e-01	  -4.6498273881742366e-02	   4.5382915922310085e-01	   5.2757920441323714e-01	  -1.1284016022923636e-01	  -1.0532266709192861e-01	   0.0000000000000000e+00	   1.2771667130545403e+00	   1.2004397351415101e+00	   1.3757704030298354e+00	   7.6575258144562430e-01	   6.9754760028826568e-01	   2.3868360825861500e-03	  -2.1049706294097797e-01	   5.7889662669184760e-01	  -9.8870998030065785e-02	   8.0204965083636726e-02	   1.7373082967709688e-01	   5.2996996135414720e-01	   4.7024495141830852e-01	   1.2590857567530750e-01	   3.0651296600647960e-02	   2.4242217799730692e-01	   2.5792916278719136e-01	   4.8566582793266533e-02	   3.3320959898623485e-02	   6.0029377281108104e-02	   1.2430952103603556e-01	  -2.0004742585505897e-01	  -1.8468785909799318e-01	   3.2412547214075688e-01	   1.1042514240768379e-01	  -1.3904246078460425e-01	  -8.3701903431543781e-02	  -9.8152406891034050e-02	  -1.4423791406517306e-01	   2.9355418781623122e-02	  -1.2887735355620652e-03	   8.2698226715502768e-02	   1.7295673463688394e-01	  -4.0574671391859406e-02	   6.1891915167311740e-02	   4.1162663794291121e-02	  -3.6063133451854083e-03	   6.3142516709101065e-02	   3.8142235412718650e-01	   2.0930458873226709e-01	   1.4074251510927016e-01	   3.8292603044669077e-01	  -1.0481846231960508e-01	   3.3787882731696994e-01	   1.3469415838703391e-01	   7.3290711196455111e-02	  -1.3424790447086812e-01	   2.4145505374620913e-01	   2.0256991098282465e-01	   4.2828540862198849e-01	   3.6087469437255376e-01	   8.1448467405445268e-01	   1.2624899759475544e-01	   3.3053866890818501e-01	   3.1132871619724356e-01	  -1.7189899646990059e-01	  -1.7185157254396066e-01	  -5.0984900083371842e-01	  -4.8938191677004483e-01	   1.9090737934467175e-01	   1.7067796858608208e-01	   1.4982305092526169e-01	   1.3446829224800877e-01	   5.5124248165799694e-01	   4.6498037527041519e-01	   1.2815109811835285e-02	   4.4962344472813968e-03	  -1.6260142041016067e-02	   5.4635375747234738e-03	   4.2780419831036381e-01	   4.8918497386429988e-01	   7.1036447847948991e-01	   4.9123793474653132e-01	   9.0297479780203704e-01	   6.6389014406735258e-01	   5.4865424601279122e-01	   4.0002060448654053e-01	   6.0088906046399226e-01	   6.4668633690030619e-01	   1.7208510937254165e-01	   2.2825518968797875e-01	   3.1615709633531419e-01	   2.3381265397118489e-01	  -2.4314194108739762e-01	   3.9247749411749522e-02	  -3.0592736735472918e-02	  -1.1264901191407456e-01	  -4.5246453337392412e-02	   8.1250285135995470e-02	  -2.7931391153325824e-01	  -9.0184247635255080e-02	  -2.7060445836561649e-02	  -2.4319643867281490e-01	  -3.6116947180822850e-01	  -2.3837382444535321e-01	  -4.3121162261092288e-01	  -3.8966939313842208e-01	  -1.1676357445118135e-01	  -1.5899678549458196e-01	  -1.8684377862192852e-01	  -2.7388303784326468e-01	   6.3761230525156185e-02	  -1.5819180371475156e-01	  -2.0616308334540540e-01	  -3.6506544284665809e-01	
   8.7954085078457656e-01	   6.9204292207960361e-01	   4.1024637909067613e-01	   3.8569705862473908e-01	   1.2977469472416733e-01	   1.6517337079569594e-01	   3.8186742327851936e-01	   6.1007083086121072e-01	   1.1855091750539852e-01	   1.3869036104170918e-01	   1.2771667130545403e+00	   0.0000000000000000e+00	   7.7824298453012408e-01	   1.7988265639584913e+00	   5.9944456241113420e-01	   6.5664319343653554e-01	  -3.4499168797443415e-03	  -2.2165910176725642e-01	   4.6461347286431415e-01	  -5.9088504011657231e-02	   1.1175156274877052e-01	   2.8797730753931799e-01	   3.3517189539028941e-01	   3.1142383181176625e-01	   8.6517894192445682e-02	   7.4135664316128683e-02	   2.6118472781952867e-01	   2.5549148293249208e-01	   6.8071178106779776e-02	   1.0458069144672497e-01	  -9.1096487741700351e-03	   5.9817947310996496e-02	  -1.9567661551444429e-01	  -1.0792870897596386e-01	   1.9480132280956294e-01	   6.5867091506696757e-02	  -6.0549149476967663e-02	  -2.9405478238877656e-02	  -9.1437837364213598e-02	  -9.6569576572163016e-02	   4.9038340380111407e-02	   6.7986505090920135e-02	   2.5851797108206154e-01	   3.2022272753221454e-01	   9.0826196339747187e-02	   1.8206106297252095e-01	   2.4566412789780939e-01	   1.9262294610808089e-01	   1.7245045588659746e-01	   4.6286098472549542e-01	   1.9907731068120371e-01	   1.1882228000901028e-01	   3.3205040032602051e-01	  -1.1583276001215287e-01	   2.7518795457758050e-01	   1.7764670619569287e-01	   1.6923616147303092e-01	  -6.2839517808837106e-02	   2.4700807738574018e-01	   3.3296136281645328e-01	   4.9463631359631732e-01	   5.5716610976729986e-01	   8.1238174288998444e-01	   3.6281348714223161e-01	   2.0130961602744923e-01	   2.3030278252853881e-01	  -1.5222794994570293e-01	  -9.0588720981063048e-02	  -4.5397004435245181e-01	  -3.7016231740098077e-01	   2.3759987295111973e-01	   3.0872402095590018e-01	   2.4020476532686230e-01	   2.4522396132967575e-01	   6.7112105155944701e-01	   6.4675412929353659e-01	   7.4739263808307130e-02	   8.0246787629867034e-02	   1.3137586269935390e-02	  -5.1561055630514920e-02	   4.6790968287857759e-01	   4.8570500072783918e-01	   5.6967093428147675e-01	   3.7882200124673049e-01	   6.2689402952036732e-01	   6.0229327059155990e-01	   2.9336453873919355e-01	   2.3865748692334479e-01	   4.2378943863005614e-01	   5.7858066180961853e-01	   2.2964216790351188e-01	   1.4929566514728826e-01	   3.6411407380800509e-01	   1.8123521655582431e-01	  -2.0904285324329638e-01	   1.6794802539165814e-02	  -2.8796753059867140e-02	  -3.2673226940346196e-02	   1.2382927757956755e-01	   1.7186364116244812e-01	  -2.3228057622932316e-01	  -4.1551927001908476e-02	   9.7724992677353462e-02	  -1.6145659277323973e-01	  -3.1318384423001017e-01	  -1.3469303947686903e-01	  -2.5158714177834762e-01	  -2.0462481806908145e-01	  -1.4204428864659063e-01	  -1.5033017316149427e-01	  -4.9491224259150125e-02	  -1.2234652261824035e-01	   2.3911696738390925e-01	  -8.4689959199144044e-02	  -1.9596858459753810e-01	  -2.8302284490639440e-01	
   8.1832853108908221e-01	   4.7264427066073400e-01	   8.2660524112368505e-01	   6.6578127960943989e-01	  -2.9118700478876348e-03	  -3.6709212878364386e-02	   5.8851334741290151e-01	   6.0401652133469097e-01	   2.2046175076692674e-02	  -1.4003432165704907e-01	   1.2004397351415101e+00	   7.7824298453012408e-01	   0.0000000000000000e+00	   1.0312890521322757e+00	   9.6232572924534487e-01	   7.4229707770655984e-01	  -3.9850139052696430e-02	  -1.4191978882842035e-01	   7.4659356472553717e-01	  -1.0076064858668445e-02	   3.6714849468942545e-02	   1.4301779762083336e-01	   8.6802008157775035e-01	   7.6316578725812878e-01	   3.1064407504273928e-01	   1.8126387378151404e-01	   2.6032163594117663e-01	   3.0211639133885781e-01	   4.0334224122612623e-02	   9.5606346972807413e-02	   2.6726740863620324e-01	   3.6741594999060051e-01	  -8.2986960434064658e-02	  -7.1417720146430306e-05	   4.6451558216918376e-01	   2.6493302076828773e-01	  -2.1788328252005021e-01	  -6.1651775981082658e-02	  -9.8047683375317440e-02	  -1.6006897007068593e-01	   2.2073698005318564e-02	  -1.7985353370599259e-02	   1.0025936521252805e-01	   2.3549059170381317e-01	  -3.4514075662282283e-02	   1.6616850095139260e-01	   9.3576996886803973e-02	   5.5086805046339858e-02	   1.4747113076690330e-01	   5.5129134454967321e-01	   4.1590806224585131e-01	   4.2937191809975861e-01	   7.0639919409936736e-01	   1.5809389564840715e-01	   5.7550398737034714e-01	   3.6122823913056212e-01	   1.2624156882383187e-02	  -3.3035242276121375e-02	   3.4187486849205634e-01	   2.6861709915838183e-01	   4.4879484638579065e-01	   2.7028442854823542e-01	   4.6866945687498279e-01	  -1.2211586763551383e-03	   5.7443936711432309e-01	   5.1835637683879199e-01	  -1.7225083774942046e-01	  -1.1967870269441942e-01	  -4.0522131754072044e-01	  -5.0760907295196889e-01	   2.0375753846323513e-01	   1.7697429121290609e-01	   9.5236629301401435e-02	   1.1468724122555035e-01	   3.3783659269897942e-01	   2.7325067032292039e-01	  -1.0908062226580129e-01	  -7.6494356044534348e-02	  -7.9670336001635297e-02	   2.7308995114028855e-02	   8.9126640180505229e-02	   2.5536922220572172e-01	   6.5686617544288939e-01	   5.8192611871634092e-01	   7.7873276817134685e-01	   7.2875771551987045e-01	   6.8972151701103168e-01	   5.3396418619100283e-01	   8.6318307035007114e-01	   7.6795845554506303e-01	   2.6538374328913655e-01	   3.5232745365565854e-01	   3.6609306292322014e-01	   3.0151148180504678e-01	  -2.1904956945178321e-02	   1.7550049709275165e-01	   1.4627827936677193e-01	  -2.6529044983794287e-02	   2.5128765670562065e-02	   1.4168361425833756e-01	  -2.4911019615625529e-01	  -4.4042054711359424e-04	  -1.1076006744453790e-01	  -1.4071530710464558e-01	  -2.3222516443889893e-01	  -1.7556355234410198e-01	  -3.4939039374878472e-01	  -3.7081871809624362e-01	   2.3477397551209950e-02	  -1.0003076168623506e-01	  -1.3249160241891611e-01	  -1.5643142574052488e-01	   9.1562439470688650e-02	  -9.1485433487048157e-02	  -1.4644633954441594e-01	  -2.9052798315532313e-01	
