   0.0000000000000000e+00	   1.3073057701317172e+00	   2.9740416464843013e-02	   1.1134073749241775e-01	  -9.9180110770084040e-02	  -2.2588867542865856e-01	   1.4234142659520463e-01	   3.7509459205759482e-01	   1.1317703994131832e-01	  -7.3719013473905928e-02	   8.5690465488786627e-01	   8.6116790786232988e-01	   4.6922896249810375e-01	   7.6639593002045858e-01	  -1.8469618508998215e-01	  -1.5806819330267011e-01	   6.7022013856962082e-01	   6.8895063946290125e-01	   7.8865320256292948e-01	   7.6119008577745761e-01	  -6.5070521746227253e-02	  -2.6129754794685844e-01	  -3.7000561325806114e-01	  -3.7937182544902903e-01	  -3.3417205177005599e-01	  -3.2683518523038496e-01	  -2.5186691485450141e-01	  -2.4356140048200278e-01	   5.5769130790875998e-01	   4.6259091170661915e-01	  -4.5617781935613000e-01	  -4.3381249117924509e-01	  -5.7447427978954899e-02	  -8.0803458834176820e-02	  -2.3829727506409659e-02	   1.0472161402588956e-01	   1.6536578340168057e-02	   6.9764554475164692e-02	   6.8625750104328014e-03	   8.6999713900361361e-02	   1.7049369055131169e-01	   6.7066126159262274e-02	   4.3416651895044706e-01	   3.7021732037876653e-01	   4.7038545681618454e-01	   5.2624324223259589e-01	   5.8846126355787187e-01	   4.8159574793147020e-01	   3.6082113531130622e-01	   3.7990736752629406e-01	   1.7924797271261692e-01	   1.4967716022943992e-01	   1.6965748358714638e-01	   3.9179584257979926e-02	   5.3746305546252071e-01	   5.3856291259614342e-01	   1.0777613022996668e+00	   1.2348340080441760e+00	   6.2047922050944226e-01	   6.9529793062609346e-01	   2.5154363566249699e-01	   2.7735745103681020e-01	   4.5961259479447258e-01	   7.9224518871581806e-01	  -3.0131457762660802e-01	  -9.2127589238401503e-02	  -1.6047876710272899e-01	  -4.0532395143898364e-02	   2.1702462766315403e-01	   4.8999016271835549e-01	   3.5660012658210682e-01	   2.1574611768523430e-01	   6.8261967115130584e-01	   5.9378387913097230e-01	   4.7811779805581850e-01	   4.0337963038678815e-01	   4.8787815141935287e-01	   4.4827258196963249e-01	   2.4297240322257901e-01	   4.3228888867232812e-01	   8.8471331341946499e-02	  -5.3319061580157506e-02	  -1.4032200710353690e-01	  -2.0520497132113155e-01	  -1.9721685960878296e-02	   2.4091903308466819e-01	  -1.2736974440786522e-01	  -2.6085778483594296e-01	   2.6163704130526921e-01	   3.2021030592597122e-01	  -1.7414196770330867e-01	  -9.2056586189114942e-02	  -1.1790546686295479e-01	   1.1048620717208929e-01	   2.4903161315125637e-02	   6.0115626982064612e-03	   1.9501717593265427e-01	   1.3099448387652943e-01	   3.7141441231748168e-01	   3.6603079336886396e-01	   2.1854199247454565e-02	  -1.4460737639941246e-01	   1.3027643095624814e-02	   1.3758259920672314e-01	  -1.8668486250202060e-01	  -4.7850106780485074e-01	  -5.2453045868726483e-02	  -1.2089942666087519e-01	  -7.7816582104099932e-02	  -4.5453723319519246e-02	   3.3999158590546807e-01	   4.4400713524320456e-01	   3.1820319953346288e-01	   2.7599527850606254e-01	  -4.2590058766883981e-01	  -4.3878869388097785e-01	
   1.3073057701317172e+00	   0.0000000000000000e+00	   8.4794931162498755e-02	   2.4434023648665606e-01	  -2.5148662472172290e-01	  -1.6569535694627666e-01	   1.2021360926471032e-01	   3.8509622118511816e-01	   1.6527476277905484e-01	   9.6008775727838072e-02	   6.7169975710546004e-01	   7.3350339808179443e-01	   6.0403955005670107e-01	   8.2844042150435782e-01	  -1.3509364781652383e-01	  -6.1353087347248654e-02	   5.6811643818009616e-01	   6.3671060900891818e-01	   8.4194285789001411e-01	   7.2127762912187854e-01	  -2.5811352171823831e-01	  -4.0705789865335940e-01	  -1.8375622058703128e-01	  -2.2358579144630161e-01	  -3.4043860517483843e-01	  -2.8012635742179415e-01	  -5.0829307279460001e-01	  -1.0861175715182089e-01	   5.0293354143163072e-01	   3.4834741588736556e-01	  -4.0868700488680182e-01	  -3.3853497967665347e-01	   7.3675547137605629e-03	  -2.1698701317286538e-02	  -9.2098442589436197e-02	   3.8968911756860577e-03	  -6.6889170365233355e-02	  -1.0319366288376658e-02	  -9.2123466299426721e-02	   5.8187179478599804e-02	   5.8268336231353683e-02	  -9.4656949801743537e-02	   3.1832708784365138e-01	   2.3970581333024910e-01	   2.6242793880119042e-01	   3.6303992630979331e-01	   5.5219854537891055e-01	   4.8205014777887145e-01	   2.5326519445507095e-01	   3.5665817455071991e-01	   1.8412669081735844e-01	   1.4087905613837720e-01	   2.7018328450760865e-01	   2.2337870183175368e-01	   6.5880914803334567e-01	   6.9445126640050114e-01	   8.0872619704794502e-01	   1.2355596148416841e+00	   4.6256408568814744e-01	   5.9519652994580829e-01	   2.3318366124598899e-01	   4.6208327729995863e-01	   3.2572123141899961e-01	   6.3798467603529418e-01	  -2.4018031764785541e-01	  -7.0325479446011321e-02	  -2.3777259656558081e-01	  -1.3673479531406554e-01	   2.1539439213706546e-01	   4.1051823773120522e-01	   2.3929515133844895e-01	   1.3751367927211894e-01	   6.2736619536550031e-01	   5.4039661255539828e-01	   4.5999192636222008e-01	   3.5553250255993962e-01	   4.1508549868355965e-01	   4.0016145568272504e-01	   2.3888300139496635e-01	   4.8373121931535934e-01	   8.6007447274847285e-02	  -3.2008720564131940e-02	  -3.0993627183448347e-01	  -3.3011220374357358e-01	  -6.4557976527249844e-02	   2.2388792348040043e-01	  -2.5685025339223228e-01	  -3.5735564130590491e-01	   2.9718740814709743e-01	   4.4274240944109794e-01	   8.2892460057386402e-02	   6.6453326111103841e-02	  -4.7137181497046647e-02	  -1.7065578310306532e-02	   8.2513241564771952e-02	   3.0216545093738948e-02	   3.4607764980769329e-01	   2.1246065402735895e-01	   4.7584754334346430e-01	   3.6990741440350750e-01	  -4.8006286814322875e-02	  -1.4986717105406966e-01	   1.5572944810729258e-01	   1.5400406336928901e-01	  -1.8426682684275580e-01	  -4.3536792666175161e-01	  -1.9695565695037515e-02	  -9.7975150886440127e-02	  -5.5789924879273055e-02	   3.0493265674782947e-02	   4.4246229971262518e-01	   3.3859520279539029e-01	   2.4442370691714890e-01	   2.6591254009798021e-01	  -3.6401991263798389e-01	  -4.0979108613211412e-01	
   2.9740416464843013e-02	   8.4794931162498755e-02	   0.0000000000000000e+00	   5.4455691431067221e-01	   2.8558569937915662e-01	   2.1721300838379615e-01	   8.0162423654058945e-01	   2.1678890829812419e-01	   7.9560779889370059e-01	   4.0328462297944873e-01	  -1.0807913432086803e-01	  -2.1469557298087164e-01	   3.6694263569132168e-01	  -6.3589802341063539e-02	   4.0150363593733740e-01	   5.2528315674490922e-01	   5.2693827659933648e-02	   1.5050656200395971e-02	  -1.3589743099342766e-01	  -1.4730828550157021e-01	   7.3711016074649902e-02	   3.0154292224445576e-02	   7.0091582189407109e-01	   5.5238074162807416e-01	   4.8759676547228836e-01	   3.6544217352803565e-01	   4.3955488383834562e-02	   3.4711175736559335e-01	  -5.0929356410910821e-02	  -9.5373636727651104e-02	   2.7663029827342156e-01	   3.1386595087021307e-01	   4.0308689540942816e-01	   1.5430091834516876e-01	   2.4376979387319200e-01	  -2.6431170963390170e-02	   4.3935145769293471e-01	   1.6829293175591586e-01	   2.6668951986767259e-01	   1.2381659715162752e-01	   1.6793626365041672e-01	  -1.5521261114243184e-01	  -1.5911065696410480e-02	   1.0292196993620574e-01	  -1.5739541701124538e-01	   6.6970997256425496e-02	  -1.0802803636406517e-01	   6.4174943291918189e-03	  -1.3705646822436260e-01	   2.8650254044101886e-01	   1.3460251617657817e-01	   3.6938793099447265e-01	   9.9906339054661425e-02	   3.8470245159296923e-01	   9.8294784652149553e-02	   1.8015960211807686e-01	  -1.1688409137442715e-01	   1.5293467410798852e-03	   3.8756052148552045e-01	   1.8556369300432382e-01	   7.3927007175137094e-01	   4.3679578862815494e-01	  -4.8564844725791638e-02	  -7.7486940344436164e-02	   8.4082283681335157e-01	   5.4986968305370076e-01	   4.2921409436028191e-01	   2.9742206135757054e-01	   6.8624839006319494e-01	   3.3119696412707927e-01	   1.0554589295358517e-01	  -1.4038375572539197e-03	   9.5542650490410969e-02	  -2.1850632595070268e-01	   3.2599909267440386e-02	  -2.9962159361878937e-01	   1.4311471575609708e-01	  -1.4138152486381531e-01	   2.4692087607779609e-01	   2.1959483522334712e-02	   5.4312401424422126e-02	   3.6671452061988696e-01	  -7.6203427776515384e-02	   1.1396817948704431e-01	   4.2532904528143345e-01	   5.4332250427168227e-01	   1.4557980542955187e-01	   7.5721049071699284e-02	   4.6967803864477553e-01	   2.9639700262513852e-01	   4.0482507322023714e-01	   5.0974561774991167e-01	   3.2232815788182673e-01	   2.9956621448422349e-01	   1.7793673694439455e-01	   1.4805723067239385e-01	   1.7584778495049408e-01	   2.0029043110440795e-01	   1.5580176032612697e-01	   4.7176621101176403e-01	   9.9992281631814794e-04	  -6.6864464465816245e-02	   2.7292339193877434e-02	   8.3387073367756220e-02	   2.2523052152192458e-01	  -2.7864561536878341e-01	   7.3205990989038572e-02	  -2.7197593552074195e-01	   2.7218727859964636e-02	   2.6539450491482940e-02	   2.2775979464730812e-04	   1.9333440712485210e-02	   8.0865487646861606e-02	   2.2051023002663780e-01	  -1.5179514650919668e-01	  -2.6511461241575945e-01	
   1.1134073749241775e-01	   2.4434023648665606e-01	   5.4455691431067221e-01	   0.0000000000000000e+00	   2.6709278577901291e-01	   3.9855200947566449e-01	   4.9589956449881201e-01	   9.1061319579095512e-01	   3.0412250339307595e-01	   4.4853648645321281e-01	   5.0803290405720715e-02	   1.9576680036714922e-01	   1.5842835303534902e-01	   3.1779789690565519e-01	   1.7836789547505591e-01	   7.1940365404123285e-01	   3.0940826479126760e-01	   1.7873860461407545e-01	   3.9435386640890746e-02	   1.4359500224506411e-01	  -1.9312839287547140e-01	  -1.0355879808893430e-01	   5.0095296770904385e-01	   7.4278618371086313e-01	   3.0659245824683917e-01	   4.1370334200551645e-01	  -8.4020809730196613e-02	   3.6842428305411856e-01	   2.3064449279362237e-01	   1.5230324471763101e-01	   4.2071772648328620e-01	   5.3345523858822763e-01	   3.4207589312694558e-01	   4.4664522430947928e-01	   1.3193652202800268e-02	   9.9551384460887113e-02	   8.6603527351849313e-02	   1.5213187523753324e-01	   2.0046257874277623e-01	   2.7287693257321954e-01	   1.4514459655376888e-01	  -2.1091279227969598e-01	  -4.6834092083308548e-02	   9.3063861602106707e-04	  -1.5435284388803727e-01	   5.9031851825836035e-02	   1.0047795606215887e-02	   8.8745565638426491e-02	  -6.1384720174797194e-02	   1.5695527700768672e-01	   3.6552922524093340e-01	   2.5957889782805793e-01	   5.9915817935839699e-01	   4.9570654843423134e-01	   3.3799593315016213e-01	   2.6689160536108847e-01	   1.5142430068260579e-01	   2.4221753394398460e-01	   1.4992983958922973e-01	   4.6527721315997189e-01	   3.8999236969092593e-01	   9.1582639401566079e-01	   1.3950753023036477e-01	   2.2483450600393159e-01	   2.4961629055628262e-01	   5.3470230900070237e-01	   1.7398408906762486e-01	   3.5913527386020744e-01	   4.4121393262601577e-01	   2.0639345977381182e-01	   3.5696167885702923e-01	   4.8792426432207364e-01	   7.3163973606113319e-02	   4.8214696341502807e-02	  -4.6671053996086627e-02	  -1.8528630707015334e-01	   1.0751568950924141e-01	   3.7089928186004345e-02	   3.1061531470353471e-01	   8.7202512393162485e-02	   1.0083234468200239e-01	   4.6015417150306848e-01	  -6.8361909959109693e-02	   4.4177884498993458e-02	   2.3182200846113152e-01	   5.6972735384269502e-01	  -2.1787960301929052e-03	   3.1557739973900822e-02	   3.1007170489272551e-01	   5.2916875740343028e-01	   5.0113344402107218e-01	   3.3170656344956317e-01	   6.2328294821194404e-02	   1.0209381593335458e-01	   3.0249415732941232e-01	   3.0576310916753852e-01	   3.8973606902955332e-01	   3.7616273336491812e-01	   4.4926061204750162e-01	   3.0757041004351066e-01	  -2.3502165119612551e-02	   1.1991116131437340e-01	   5.6494161381696412e-02	   1.0715747062223537e-01	   1.9133015131555767e-01	  -1.8764860127324018e-01	   1.7299871170029690e-01	  -1.7784000202853384e-01	   1.7320230812285403e-01	   2.1281580720080759e-01	   2.4727707476837041e-01	   8.2882045938308696e-02	   8.4643984615066822e-02	   4.9549054960096817e-02	  -6.4965767184787290e-02	  -1.6603342029525381e-01	
  -9.9180110770084040e-02	  -2.5148662472172290e-01	   2.8558569937915662e-01	   2.6709278577901291e-01	   0.0000000000000000e+00	   5.8682229281628373e-01	   3.8522506023619180e-01	   4.3224435385660115e-01	   4.8393778733651333e-01	   2.6611829406852006e-01	   1.0382734941422608e-01	   8.7698695471683435e-02	   1.0181113700549896e-01	   7.3623759482941364e-02	   3.9947484834835734e-01	   6.2135442166595034e-01	   2.6432594604227105e-01	   2.3425385233462509e-01	  -2.2714389341949748e-01	  -1.4788314672016875e-01	   3.3125417396779505e-01	   3.5410599754352623e-01	   2.0485153910727860e-01	   3.2617229447253077e-01	   7.6371912130431696e-01	   6.2731543881578822e-01	   7.8728927150866579e-01	   2.8301911240967470e-01	   1.6304442858007928e-01	   3.0729247633074269e-01	   5.3998401986000999e-01	   4.9713482629652506e-01	   3.1580575486610418e-01	   3.3135028684518947e-01	   1.0478355201811689e-02	   4.9975081869604039e-02	   2.9140338452443915e-01	   4.0733010172490047e-01	   5.2147018188664784e-01	   4.9806597590210544e-01	   4.9593663969989854e-01	   3.1177072757298946e-01	   1.0243745384638839e-01	   1.6098926050993564e-01	   3.6382493926318767e-02	   1.2583817672644210e-01	  -6.5935742257879806e-02	  -1.2074536933312010e-02	   5.8777301205595822e-02	   1.7774033879567375e-01	   2.4736497870776519e-01	   2.7311243858327405e-01	   2.5176900680795100e-01	   2.0873906372570863e-01	   4.6074938446262079e-02	  -5.9178285043677739e-02	   9.4066256770567846e-04	  -9.9878551379087882e-02	   2.0090606411048539e-01	   2.6449672465829072e-01	   4.7990295235340902e-01	   2.8046597423115999e-01	   2.9273897830437617e-01	   9.3238335544550743e-02	   1.5521189256868137e-01	   3.1454566703932030e-01	   2.4734929764994418e-01	   3.5246265326995502e-01	   3.6591866621888991e-01	   1.0872727423126556e-01	   1.8047073273431169e-01	   2.7784917403056530e-01	   5.5373127390366428e-02	   9.6528446087153871e-02	   1.8496843526433427e-02	  -2.4232699267944197e-01	  -4.3098781339561763e-02	  -1.1617265894276074e-01	   4.5297765370358867e-01	   4.0145765117072796e-02	   2.0503345714856980e-01	   4.4565291946719504e-01	   3.4637459345732496e-01	   4.7602016974372718e-01	   5.4742361816755292e-01	   5.8006030274293008e-01	   3.7176572222786580e-01	   5.0279468045663900e-01	   3.5275617933842018e-01	   3.1509462120869003e-01	   1.3033252265806425e-01	   4.6440357680818070e-02	   1.3837383574198281e-01	   1.2422258582400329e-01	   2.3981520517121724e-01	   2.7219370065295578e-01	   8.3465582153122900e-02	   2.1686055056651840e-01	  -1.3302370748822475e-02	   1.5798501331216813e-01	  -1.6784044346302579e-01	   2.6109080077370034e-01	  -5.7561455955334595e-01	   1.3416359656152155e-01	   1.6003554206115420e-01	   1.3180567828559890e-02	   1.2466599028155645e-01	   2.1117657467988965e-02	   2.2183809715731956e-01	   1.1155199609573317e-01	  -7.4411810576843563e-03	   6.5133989881672225e-02	   2.6293335108845760e-02	  -1.1272680847231635e-01	   2.9930813876302226e-02	  -5.9725932811121943e-03	
  -2.2588867542865856e-01	  -1.6569535694627666e-01	   2.1721300838379615e-01	   3.9855200947566449e-01	   5.8682229281628373e-01	   0.0000000000000000e+00	   7.1180099178809283e-02	   2.4272581929105541e-01	   2.7668018451432069e-01	   1.0762688476024538e+00	   2.1046243913665611e-02	  -6.1905469922057685e-02	   7.2020109160577231e-02	  -8.6790218942744690e-02	   3.3786734794816892e-01	   7.6749108889045126e-01	   1.2201969364794889e-01	   1.0015631926972518e-02	  -3.0246777748612969e-01	  -1.5476519220684712e-01	  -1.2483631350647888e-01	   1.5694344846472083e-01	   2.6308460167890646e-01	   4.3651530745933342e-01	   8.9575813904701329e-01	   1.2883289473484585e+00	   1.4419057320914508e-01	   8.3461809234238349e-01	   1.8911920136248517e-01	   1.4869860318813008e-01	   2.7847591977119929e-01	   3.2494871378986778e-01	   4.7602805229537144e-02	   1.1454989116530566e-01	  -3.1817684075233041e-02	  -6.1820372912562274e-02	   2.5981529111184309e-01	   3.2683718749198670e-01	   4.6015750691237839e-01	   5.1513293598287713e-01	   7.5824435577077048e-02	  -1.5857366896533362e-01	  -2.3747361342998059e-02	   8.3529977299746191e-02	  -7.7224379522952483e-02	   6.2170398287606454e-02	  -2.2613888933827521e-02	   8.4023524312416470e-02	   1.6338809629545436e-02	   2.0480039392895386e-01	   5.3248460986773771e-01	   4.7095423920220114e-01	   5.4871619598429100e-01	   4.2656603058269743e-01	   1.6401943510197381e-01	   1.5687693459277796e-01	  -2.1793387198734721e-01	  -1.8210624537551595e-01	  -2.1519796541969383e-02	   5.4613576506563330e-02	   1.0175359413475554e-01	   3.0335248693786598e-01	   9.3181294888015617e-02	   7.4913782830112546e-02	   2.0327423425759117e-01	   3.5726231648596946e-01	   1.0019838078495555e-01	   1.8032208864526261e-01	   1.0781827908133995e-01	  -2.0547702739094426e-01	   4.0313453648894076e-02	   7.7974318953509536e-02	  -6.4904124153015566e-02	  -6.0229368112247599e-02	  -6.9878827976479407e-03	  -4.0046099575841032e-01	  -2.3310010359221653e-01	  -2.9397882928211805e-01	   2.0487498459914424e-01	  -5.6394023557851912e-02	   2.7069710277679532e-01	   5.2671833985545347e-01	  -2.8901760403494803e-01	  -1.5948937566387874e-03	   4.0445415128705997e-01	   4.6812457644737093e-01	  -1.7550545089574082e-01	  -8.7466113847456270e-02	   2.9510829454535908e-01	   3.0236485700144511e-01	   1.0615806718580521e-01	   5.5096230250506875e-02	   8.5485064920426592e-03	  -3.5450630482439266e-01	   6.4042833962657020e-01	   6.5982160618854213e-01	   4.8282642229793871e-01	   6.0444990341526394e-01	   1.1112519822827699e-01	   1.1544258954781324e-01	  -3.5551005625745852e-01	   2.7779679248353650e-01	  -3.0519555285733413e-01	   2.2851669272917224e-01	   4.2467884637096148e-01	   2.7813753653518869e-01	   1.4868860491031044e-01	   9.9148302578572364e-02	   5.4925019827255794e-01	   6.0059751178701160e-01	   3.9419557819754020e-01	   1.3907771439671920e-01	   2.7969216672850170e-02	  -4.5574427216839311e-02	   4.2567476408726701e-01	   3.1976932649527068e-01	
   1.4234142659520463e-01	   1.2021360926471032e-01	   8.0162423654058945e-01	   4.9589956449881201e-01	   3.8522506023619180e-01	   7.1180099178809283e-02	   0.0000000000000000e+00	   6.7383482161983776e-01	   3.7150189082137647e-01	   1.2637431719903003e-01	   2.9957080336254466e-01	   1.9498193902631006e-01	   5.6291347249193624e-01	   3.6234794454433505e-01	   9.0068553589445877e-02	   3.2043897667327909e-01	   8.2166365756621576e-02	   7.4335227073921067e-02	   1.2509203484864945e-01	   9.3341609713414667e-02	   1.7933892864176754e-01	  -4.5219875215439499e-02	   3.8946400733746783e-01	   3.1429679354061840e-01	   9.5945354449275697e-02	   4.5770325084437721e-02	   1.4324579292583869e-01	   4.6020174143284846e-02	   1.5950064049481716e-01	   1.0360033417160178e-01	   1.5843163698205898e-01	   2.0844121169715887e-01	   3.6683167608108352e-01	   2.3930928222690365e-01	   1.9866508715373956e-02	  -3.7823287003498164e-02	   7.5079338244951152e-02	  -3.8492744200424658e-02	  -2.4144404479938885e-02	  -6.1284691773676389e-02	   7.1860077629681787e-02	  -2.1723135042243595e-02	   1.1551380184875903e-01	   1.3839806916940472e-01	  -9.5229260196465562e-02	   4.1744094285320462e-04	  -2.1543709726894750e-02	   4.8579374602814557e-02	  -3.5652500050266281e-02	   1.5026605224540909e-01	   8.4387194011997554e-02	   1.6132888258257680e-01	   2.0961695593666319e-01	   2.9122841077151068e-01	   1.2662978810487230e-01	   2.2655842537838491e-01	   1.1504987759538388e-01	   1.2041574585548145e-01	   2.8063056387768248e-01	   2.5316852835211834e-01	   9.6770964689964423e-01	   6.2197650110711977e-01	   2.1093170922832291e-01	   8.1594038344943290e-02	   2.2263051247291882e-01	   2.1817092157634024e-01	   1.6721599893077085e-01	   1.8603547063006032e-01	   5.2899718540913609e-01	   3.7195444332986688e-01	   3.6641733424843531e-01	   2.5332046647550266e-01	   2.5984417547469951e-01	   2.1145625678079308e-03	   1.2201796877157159e-01	  -2.9649549736691712e-02	   3.5682962339088625e-01	   1.4879654136007389e-01	   2.2862508541156673e-01	   2.1104581535957367e-01	  -5.1584658035162968e-02	   2.9178995355631926e-01	   9.6212903858658869e-02	   1.8379439665583547e-01	   2.8388287700193088e-01	   4.2999976610148483e-01	   1.5239479047442997e-01	   1.7547314419177526e-01	   1.5740134702216546e-01	   2.0745767259023110e-01	   2.9653462895942745e-01	   4.6221562831756763e-01	   9.8132250446941932e-02	   4.7424317821393192e-01	  -9.3327488216702406e-02	  -1.1605284134768676e-01	  -3.4837689730086031e-02	  -4.5877694325213110e-02	   1.7315501383638887e-01	   5.3460189803494096e-01	   1.6076916811831482e-01	  -4.4050761831064975e-02	  -1.9436340151517065e-01	  -1.2127265021355327e-01	  -6.0893483069082592e-02	  -3.0892744882511725e-01	   4.9499871773609136e-02	  -2.0887922652035920e-01	  -1.8529373706728772e-01	  -2.5946474309859929e-01	  -1.1322415408293827e-01	  -6.1713876785628251e-02	  -1.4177185081826383e-02	  -4.6602761478952365e-03	  -3.0736866090442622e-01	  -3.2799831831613024e-01	
   3.7509459205759482e-01	   3.8509622118511816e-01	   2.1678890829812419e-01	   9.1061319579095512e-01	   4.3224435385660115e-01	   2.4272581929105541e-01	   6.7383482161983776e-01	   0.0000000000000000e+00	   1.7809907723236224e-01	   1.7745496565940816e-01	   4.9939388761966175e-01	   7.4754438265042478e-01	   3.4486079025163024e-01	   8.1430057942532597e-01	  -1.2457601334338948e-02	   4.2579889271463056e-01	   4.8506882583427752e-01	   4.1910188122038433e-01	   2.4117228536154098e-01	   2.8022482742761412e-01	  -5.9499165897877557e-02	  -1.1560463431127121e-01	   1.6572579163089007e-01	   3.2423299085146168e-01	   5.6382965591137035e-02	   1.4797942961348423e-01	   7.1574254673888532e-02	   5.2362602154719981e-02	   5.2875291580938755e-01	   4.6340671179346932e-01	   2.2455881300827324e-01	   2.8972203386303824e-01	   2.9013072456681455e-01	   4.2392624822590474e-01	  -2.2715213899077427e-01	  -7.8504261771388216e-03	  -1.0758159749858275e-01	   7.2256365778743031e-02	   1.2343028433067602e-01	   2.5274473031681355e-01	   2.0607922124392394e-01	   3.1251469955415126e-02	   1.2805526522786725e-01	   1.1949534485494590e-01	   6.4620285775449982e-02	   1.5078608836677085e-01	   2.0438429933007984e-01	   1.9138277736080817e-01	   1.3230267267202145e-01	   1.4066411822284197e-01	   2.4978552111780566e-01	   1.1788101121630817e-01	   5.7216635629368151e-01	   3.0799587702887560e-01	   3.9290202240346417e-01	   3.0499138815182858e-01	   4.3946529304580711e-01	   4.5193183843138546e-01	   1.9433986232799480e-01	   5.9068878959218796e-01	   5.7559095431758900e-01	   1.0482082855652850e+00	   4.5917293603562270e-01	   4.9586412220474685e-01	  -1.2084927480056076e-01	   2.2528994392203014e-01	  -6.3421083666942629e-02	   2.0040500170608247e-01	   2.8395577850785314e-01	   2.2706229091469926e-01	   4.2693716287891065e-01	   5.5497088920124626e-01	   2.7582859289846745e-01	   2.5342153335804102e-01	   9.8222785317252440e-02	  -1.6611925059447912e-03	   2.7519111457575790e-01	   2.4199623270806703e-01	   3.3825142678257136e-01	   2.8967757220057533e-01	   1.3520410587338416e-01	   3.6033437503230109e-01	   1.1403233796041826e-01	   1.3939539713909949e-01	   2.1477868107904874e-01	   5.0739979594793017e-01	   8.9204195722338425e-02	   1.3641859880171539e-01	   2.3413713559911520e-01	   4.1398101435316392e-01	   2.6054600389048121e-01	   1.4205536761530960e-01	  -7.0010468402708165e-02	   1.6990647747966783e-01	   1.6522822410485860e-01	   1.4500684719944310e-01	   2.7223784232163084e-01	   2.5174741558736813e-01	   4.5363834830316879e-01	   3.0936035823684138e-01	   2.8466514337532684e-02	   6.2417931002921652e-02	  -2.1391800151293144e-01	   1.7214597546923342e-02	  -5.5002425320639939e-02	  -2.7722302378276237e-01	   1.6635810116955599e-01	  -1.3432069717732548e-01	   7.7848347997031372e-02	   6.2338518122199253e-02	   2.4101164936120834e-01	   1.6532541748525820e-01	   1.1686923494460358e-01	   1.9555887237674402e-02	  -2.3196475439836609e-01	  -2.6783524052053514e-01	
   1.1317703994131832e-01	   1.6527476277905484e-01	   7.9560779889370059e-01	   3.0412250339307595e-01	   4.8393778733651333e-01	   2.7668018451432069e-01	   3.7150189082137647e-01	   1.7809907723236224e-01	   0.0000000000000000e+00	   4.0250167477764492e-01	  -1.9464759065886655e-02	  -2.5742130368340634e-02	   4.5858032408913474e-01	   1.4806156037348761e-01	   6.7005971897434247e-01	   6.6250354635123299e-01	   1.6789828299860060e-01	   2.2361054038960343e-01	  -7.0809022476573988e-02	  -8.2657808853656672e-02	   6.2776047139853228e-02	   7.6807937301312620e-02	   4.0247319548660715e-01	   3.4537846779603698e-01	   3.8703699943803033e-01	   2.7685519978795881e-01	   2.3892769458897917e-01	   3.9913792431573836e-01	   8.3584542093680311e-02	   8.7668122990443423e-02	   1.5115764851307925e-01	   2.0645234559037023e-01	   2.3408054527779820e-01	   6.5870488506476324e-02	  -3.9753067464060834e-02	  -2.5202579593548924e-01	   2.7149504896656002e-01	   1.6419885565060616e-01	   3.4051964186233918e-01	   3.5295310595721430e-01	   2.4541317165294341e-01	  -1.1486158088551146e-03	   8.4859427790189554e-02	   1.5301051942589650e-01	   8.6067300820264245e-02	   2.7775018728689638e-01	  -5.3806243187074224e-05	   2.1374745059508288e-02	   8.8793720883208346e-02	   2.7497331389519986e-01	   1.8115082069428201e-01	   1.9332306919591355e-01	   1.2971326275070746e-01	   2.5676173004626679e-01	   2.2063247973769448e-01	   2.7309429946169078e-01	  -4.0908103606643797e-03	   1.4697243489922573e-01	   3.5279467857722280e-01	   1.9722395869271864e-01	   6.9868950385414030e-01	   4.6977791814869257e-01	  -1.9996369533942255e-02	   2.4809643564588205e-02	   4.3539792979651648e-01	   2.4127657883658005e-01	   8.9696285160030517e-02	   3.0149797683766471e-03	   5.0561005381501467e-01	   1.4871285862526890e-01	   2.9421707631648161e-03	  -4.0986002891649942e-02	   1.1625365731222992e-01	  -8.1066962263595360e-02	  -9.4388918667842794e-03	  -3.8165910708589529e-01	  -1.5439741864679071e-01	  -3.6895680023239452e-01	   2.4892889565422710e-01	   3.0563272212676455e-02	   4.7564067679762241e-02	   2.0813332751506614e-01	  -6.8765568097680529e-02	   6.8892736292066131e-02	   4.8416157629165424e-01	   5.9140455417526505e-01	   2.0142787535593104e-01	   1.5601244327582131e-01	   8.4538875550196035e-01	   4.0876744732035003e-01	   3.7367641632887971e-01	   1.8645071772638308e-01	   4.1258050263833945e-01	  -3.8522300882166120e-02	   2.5940405742911243e-01	   2.7478809306964014e-01	   3.0309631800736669e-01	   3.9446224492204612e-01	   2.3943420216766254e-01	   3.8417818467724890e-01	  -5.0374762375504610e-02	   4.0081375032309512e-02	  -2.3012922043296226e-02	   2.8352694550598662e-01	   2.0692624618666366e-01	  -3.7622783255888176e-01	   1.6934207404139859e-01	  -2.7395121188114258e-01	   1.1926637660385678e-01	   1.6061745053056220e-01	   1.6933037379140145e-01	   2.3235887678762768e-01	   2.7315947824466402e-01	   2.8781713532203690e-01	  -2.3256734453655839e-01	  -3.5392071033093009e-01	
  -7.3719013473905928e-02	   9.6008775727838072e-02	   4.0328462297944873e-01	   4.4853648645321281e-01	   2.6611829406852006e-01	   1.0762688476024538e+00	   1.2637431719903003e-01	   1.7745496565940816e-01	   4.0250167477764492e-01	   0.0000000000000000e+00	  -4.1675822730797868e-02	  -1.8700775912658213e-01	   2.0976367566740817e-01	  -7.0201185790072812e-02	   1.7314108753836782e-01	   6.6820047581463504e-01	   1.4521500510684943e-01	  -2.3086257354293024e-02	  -2.8438829252313708e-01	  -1.7717995103976036e-01	  -3.5906852573657122e-01	  -1.2255566799748406e-01	   2.9182924249180997e-01	   4.3745194420583444e-01	   7.2713718159882723e-01	   9.8804264819501031e-01	  -1.5202890720389400e-01	   8.7940294200328828e-01	   7.4387700500045117e-02	  -5.9765594944709358e-02	   1.4792513486396797e-01	   2.2129247910527977e-01	   1.3891787606404270e-02	   2.6143795395711832e-02	   1.0536155898851893e-01	   4.8915850525647064e-02	   3.0175492983370311e-01	   1.8512427806329379e-01	   2.7156182412039331e-01	   3.0461038318125061e-01	  -2.7615803911205945e-02	  -5.0107480375284708e-01	  -2.8449192011304841e-02	   1.0698684791987978e-01	  -8.7501400774678786e-02	   1.1472014818588158e-01	   4.2052129138692010e-02	   1.6480146289699230e-01	  -4.7656166853200996e-02	   3.0805185788363626e-01	   4.2318628153992643e-01	   4.8465677247103822e-01	   4.1665772078915803e-01	   5.9587101134303455e-01	   2.8528514968712715e-01	   3.4100314499034806e-01	  -1.3345543286413511e-01	   2.2192053348928018e-02	   2.1801488655532170e-01	   2.0404146880388552e-01	   2.1132821790008582e-01	   5.1071149387779347e-01	  -1.1390890285801442e-02	   8.7007813097900330e-02	   3.4771133752509698e-01	   5.1573227870890248e-01	   1.6429274457611207e-01	   1.9335545506653801e-01	   1.9524117981826664e-01	  -4.8635919460769977e-02	   1.3789147032123713e-02	  -3.6426740690709274e-02	  -7.3512688168327234e-02	  -1.2373565522975855e-01	  -2.9475441917322234e-02	  -3.6583052496758217e-01	  -1.3802323149294368e-01	  -1.5530870501848537e-01	   2.6489397613778254e-01	  -1.3036522600764808e-02	   1.9464950448902990e-01	   3.6384813182017395e-01	  -6.5442105944321294e-01	  -2.8993485138344810e-01	   2.3606436433186340e-01	   5.1317704657752938e-01	  -3.9769008383152687e-01	  -3.4480111072908903e-01	   3.5931242860742629e-01	   4.4506915444534578e-01	   3.1084794863942261e-01	   2.5824230267288595e-01	   8.0465981773646750e-02	  -2.2013580030637561e-01	   6.4650090089376655e-01	   6.1703053123939600e-01	   5.7623712939647942e-01	   6.1883722632842320e-01	   3.0590079783235635e-01	   2.3372090588823097e-01	  -3.1318977074708265e-01	   1.4054394488841038e-01	  -6.4045149058077455e-02	   3.0186675001291030e-01	   3.7049673461012322e-01	   1.3094746903421814e-01	   9.2052274713999932e-02	   1.1986874759554782e-01	   4.7657094594100646e-01	   5.7816294712137606e-01	   4.5418704598572796e-01	   1.3355044128443705e-01	   3.3883936714141284e-02	   1.4540542257294264e-01	   2.9652709616880002e-01	   1.6432892368525925e-01	
   8.5690465488786627e-01	   6.7169975710546004e-01	  -1.0807913432086803e-01	   5.0803290405720715e-02	   1.0382734941422608e-01	   2.1046243913665611e-02	   2.9957080336254466e-01	   4.9939388761966175e-01	  -1.9464759065886655e-02	  -4.1675822730797868e-02	   0.0000000000000000e+00	   1.1132936132532432e+00	   6.5127652010816450e-01	   9.0099368425550397e-01	  -1.9394816999201217e-01	  -1.0564186195059463e-01	   6.2205329213973293e-01	   6.7480689526120818e-01	   6.8711039989083356e-01	   6.0337555130194875e-01	   1.4814921057754761e-02	  -1.5553919813548314e-01	  -4.8237550958917408e-01	  -4.1243839354725448e-01	  -3.3368024886859821e-01	  -2.2739853186110370e-01	  -4.1653361597132385e-02	  -1.2038747461290214e-01	   8.6220860733165217e-01	   6.6861227954552793e-01	  -4.0060636581488185e-01	  -3.7694984252558023e-01	  -2.1464946982257965e-01	  -1.7276342704991632e-01	  -3.4957272093949343e-01	  -1.7194952615933334e-01	  -2.7467531082505153e-01	  -3.9719617798802995e-02	  -7.0320064189871911e-02	   5.5155009033588755e-02	   8.7306471924918611e-02	   8.6746111545142779e-02	   3.2434684741706860e-01	   2.0648568114099458e-01	   2.7388230385593981e-01	   2.5490611554551823e-01	   3.2005053514026982e-01	   2.8884247300035082e-01	   2.1344400488299162e-01	   1.1487279397891778e-01	   1.3618040850114502e-01	   1.2423559734011658e-02	   3.3996504197668359e-01	   2.4110908321344233e-02	   3.9336926553658114e-01	   4.1166711208790280e-01	   8.0523917708180737e-01	   7.5447209253229508e-01	   2.4739136822613875e-01	   3.4191954089343535e-01	   2.4083349652124714e-01	   2.3298571486149267e-01	   7.1768918303895257e-01	   8.4003039865884821e-01	  -6.3931095045608755e-01	  -2.8280984109776364e-01	  -4.1674061815640623e-01	  -2.3852602964405303e-01	  -2.2276460425207836e-02	   1.5929187176585341e-01	   3.2296834372999811e-01	   2.1216336089045973e-01	   6.1069138760340258e-01	   4.4615822036846636e-01	   4.0059451246538802e-01	   2.8493998121344616e-01	   2.8776841969866940e-01	   3.4459824381005627e-01	   1.3474749383554105e-01	   4.6593813723381228e-01	  -1.6347545720970025e-02	  -1.0414364432391560e-01	  -1.5910755188226378e-01	  -2.3809508675260510e-01	   5.1900379604012592e-03	   1.1327244102040598e-01	  -2.2132200288443560e-01	  -2.4645991347435237e-01	   1.0746613721423179e-01	   1.7677091740255244e-01	  -2.9217421562155477e-01	  -2.2934666390245437e-01	  -1.8141891841051458e-01	  -2.2959159709951202e-02	  -1.4563837770524751e-02	  -2.3216633563667058e-02	   1.4849218587334356e-01	   1.0042683590665558e-01	   2.1993654041662747e-01	   3.3337709316943082e-01	  -5.0738792929626859e-02	  -5.4264346986865379e-02	  -1.8224988075332912e-01	   4.3818975378082256e-02	  -1.5180579436089037e-01	  -1.5761874248806118e-01	  -9.3072875418977186e-02	   1.3771032903356824e-02	  -5.6290463342424255e-02	  -4.3517106396098869e-02	   2.9399136685635618e-01	   3.0443570860724656e-01	   1.9696240221655656e-01	   3.2530567881930412e-04	  -2.0426935199004059e-01	  -1.4987950149210510e-01	
   8.6116790786232988e-01	   7.3350339808179443e-01	  -2.1469557298087164e-01	   1.9576680036714922e-01	   8.7698695471683435e-02	  -6.1905469922057685e-02	   1.9498193902631006e-01	   7.4754438265042478e-01	  -2.5742130368340634e-02	  -1.8700775912658213e-01	   1.1132936132532432e+00	   0.0000000000000000e+00	   5.4364797508780294e-01	   1.4279181999368509e+00	  -2.1244031059218033e-02	  -1.2796704462739316e-02	   6.4569566216572849e-01	   8.2900444218663405e-01	   7.0692479217565907e-01	   6.5807863276923906e-01	   2.2848158237687197e-02	  -9.7342357315346836e-02	  -3.3857620419393164e-01	  -2.9666892353499585e-01	  -3.6743465234743528e-01	  -2.6960750989359317e-01	  -5.3991811331267806e-02	  -2.6414544998900674e-01	   9.4170981561375011e-01	   8.1669850056163118e-01	  -2.9985329932934052e-01	  -2.3770605712335133e-01	  -9.2291931005506339e-02	   8.1904076631025679e-03	  -4.4849318681066830e-01	  -1.7524517198287409e-01	  -3.2055211531828626e-01	  -7.3850690899650129e-02	  -5.7904912855402370e-02	   1.0604171732690056e-01	   1.3981723597098739e-01	   1.9183642488931604e-01	   3.7168159175017784e-01	   2.2388509175894922e-01	   3.9284598859860442e-01	   3.3748184481947036e-01	   4.7049597554116640e-01	   2.9704218397086091e-01	   3.9235399674928251e-01	   1.1025232777047063e-01	   2.4216929233759238e-01	  -3.3860323927542964e-02	   4.0389455519629930e-01	   1.2235702132703306e-02	   4.5848406891831234e-01	   4.3167611991629740e-01	   8.2435745902618007e-01	   7.8961379034488521e-01	   6.2828249689223750e-02	   3.9159575731268415e-01	   1.6224573055802649e-01	   3.6297298892910268e-01	   6.5450805131918455e-01	   8.2816422240478649e-01	  -6.4138911143948785e-01	  -3.1213279429401719e-01	  -5.0441388155481581e-01	  -2.4252885509004651e-01	  -2.5344532909534666e-02	   1.4720758715714907e-01	   3.6386612103845278e-01	   3.9873583197876566e-01	   5.4959636907696641e-01	   5.1951106846191530e-01	   3.3553823787609882e-01	   3.3538895367203952e-01	   3.0721380697152367e-01	   3.0682360442590195e-01	   1.7505372903194788e-01	   5.4679020016283431e-01	   2.0251584749815618e-01	   9.1185759027031563e-02	   1.0452221681754037e-01	  -1.8861018151605714e-02	   1.3491313116231424e-01	   1.7542326301221861e-01	  -3.0864761057052551e-02	  -7.8044100885262174e-02	   1.7192615974547995e-01	   2.3872325348293461e-01	  -1.7959534063468852e-01	  -2.0936059781456912e-01	  -2.0210505509420337e-01	  -4.4324065934340191e-02	   6.2688701299210879e-03	  -2.8645877180064890e-02	   1.5968025606115954e-01	   1.1849017756784928e-01	   3.1124934047775188e-01	   2.7497123767386039e-01	   8.0730323823580206e-04	  -8.7968526338547612e-02	  -8.7520243022191177e-02	   6.2950106667815656e-02	  -1.8109647242155913e-01	  -3.0728573143548721e-01	   6.0740236502129730e-02	  -1.1397280004549032e-01	  -6.8677846732993750e-02	  -4.2613100102686076e-02	   2.9965205303693504e-01	   3.3733417191090881e-01	   2.8702111315048578e-01	   3.2773081139156009e-02	  -3.2266134996892959e-01	  -2.9009384311468112e-01	
   4.6922896249810375e-01	   6.0403955005670107e-01	   3.6694263569132168e-01	   1.5842835303534902e-01	   1.0181113700549896e-01	   7.2020109160577231e-02	   5.6291347249193624e-01	   3.4486079025163024e-01	   4.5858032408913474e-01	   2.0976367566740817e-01	   6.5127652010816450e-01	   5.4364797508780294e-01	   0.0000000000000000e+00	   7.4567368243664622e-01	   3.4314926645121474e-01	   2.5259329731201785e-01	   2.2123046112460407e-01	   3.7493213537132086e-01	   3.4980791934666883e-01	   2.4397871620633749e-01	  -1.2921993786347327e-02	  -1.6891953764438411e-01	   9.9548954763469588e-02	  -3.7927791013075300e-02	  -4.3845635547638588e-02	  -4.0683652526047706e-02	  -1.0033596622723963e-01	   1.1334885644975864e-01	   4.4682161478285221e-01	   3.5171377307458535e-01	  -2.1941613569120472e-01	  -1.2095517851105732e-01	   9.1183653034516129e-02	  -3.3803055778110727e-02	  -1.5388989756769883e-01	  -2.8496880796508500e-01	  -6.3703018149058988e-02	  -4.1638752383669819e-02	  -4.8326778615487183e-02	   5.1706001595300706e-02	   4.5133732994536303e-02	  -9.6270779830513603e-02	   1.7364622390646828e-01	   9.5975169838243710e-02	   5.3797236341603792e-02	   1.2951843660475451e-01	   1.5186523363158227e-01	   1.5635809980276688e-01	   1.9063707957304988e-02	   1.3365812070689667e-01	   1.0227405085822666e-01	   5.2211741118073057e-02	   3.1338978198106587e-01	   3.1944453700048731e-01	   4.2159348118015105e-01	   5.2244973181437893e-01	   2.7970540925209758e-01	   4.1947911427705087e-01	   2.0494635689438251e-01	   1.7636299146828441e-01	   6.2524922874780786e-01	   5.2641558250059883e-01	   2.4815517466591869e-01	   3.0905113385735272e-01	  -2.1991693473137730e-02	  -5.1872431932830601e-02	  -2.2395510529095125e-01	  -2.2934704884599466e-01	   2.3076004267708289e-01	   1.1262092985280114e-01	   2.3529769866536854e-01	   7.7440036785424604e-02	   4.5199598022640813e-01	   1.7876367198791332e-01	   3.5985916628563031e-01	   1.0257205634937448e-01	   2.6276547142757489e-01	   8.9577048559124101e-02	   1.8636331714121840e-01	   4.6132838186354341e-01	   1.8749937948479017e-01	   1.4040179407519174e-01	  -1.6892375356408248e-01	  -1.7076441139273316e-01	   3.4172520334876300e-01	   2.8823910219358051e-01	  -1.2347119113872178e-01	  -2.0175287572872452e-01	   3.8652049666296290e-01	   3.5492284349961617e-01	   1.5572094732017980e-01	   2.1427534117760061e-01	   4.5300172181872211e-02	  -1.2360573528417330e-02	   4.5982981509267287e-02	  -1.2072780489786186e-02	   2.1819934343045091e-01	   1.4668650370607772e-01	   2.2945731006548412e-01	   5.7298416498628857e-01	  -6.0552803633462472e-02	  -1.0430450871580060e-01	  -7.4656465484434179e-02	   1.3965340859734132e-01	  -9.5144121014771738e-02	  -3.3258399880997691e-01	  -4.7056947158119609e-02	  -2.0900544139340022e-01	  -1.1849894153122660e-01	  -5.3304873511264242e-02	   2.0776317967112634e-01	   1.0510884752015362e-01	   1.1676502310813588e-01	   1.5905737082290772e-01	  -2.9902681557012462e-01	  -3.4543028157626204e-01	
