   0.0000000000000000e+00	   1.5014818516976627e+00	   1.1592160986358933e+00	   1.4090243257216353e+00	   7.7777917657953488e-01	   9.0269996094725968e-01	   7.5936533244881721e-01	   1.0291019057775141e+00	   6.1188772641048950e-01	   5.9767787794970406e-01	   1.4319949983576372e+00	   8.9829888360375787e-01	   1.0361015251209222e+00	   1.0015507043794183e+00	   1.0166059952482434e+00	   9.5659723466331081e-01	   1.0771038173126979e+00	   7.1306370695521781e-01	   1.5426924573333802e+00	   1.5106899861570848e+00	   9.2621727631265538e-01	   1.1896497882478299e+00	   1.0238715176892936e+00	   1.1492141097838584e+00	   9.4951590331194535e-01	   1.0372883851932579e+00	   1.0487649741308638e+00	   1.0426288108852695e+00	   1.0026434793381156e+00	   1.0611705017129736e+00	   9.4387225056447466e-01	   1.0413916115912889e+00	   1.2162717457564005e+00	   1.1485162629153227e+00	   8.3266414069165251e-01	   7.4352566451197688e-01	   1.0289754863121181e+00	   1.0289999626381534e+00	   9.5840472978196156e-01	   9.3768533580658620e-01	   9.8262012652126762e-01	   1.0281956387279392e+00	   8.1471552891349297e-01	   1.0457685318345091e+00	   8.9177909684808376e-01	   1.0909435819719873e+00	   1.1585528714354496e+00	   1.2278542421162473e+00	   1.1637417164211028e+00	   1.0593777580513690e+00	   1.2048196209707347e+00	   1.1541298836995657e+00	   1.3676720441796291e+00	   1.3002828591172240e+00	   1.3580273871141808e+00	   1.1838783360867422e+00	   1.6586195087441236e+00	   1.3238199627153986e+00	   1.3497614871891430e+00	   1.3712003269087294e+00	   8.4090992240617712e-01	   6.2299071550515439e-01	   9.4735238114676235e-01	   8.6001984839009771e-01	   4.7319026917924001e-01	   6.6194551743020769e-01	   1.2809078555941622e+00	   1.3069472608472139e+00	   1.4085335009318638e+00	   1.3447055821536500e+00	   2.3486262095820454e-01	   5.9879584426664567e-01	   8.8918601068367198e-01	   1.0237612285952271e+00	   9.7269839741920527e-01	   1.0238596881345499e+00	   1.1122366629918798e-01	   2.2362153461136802e-01	   1.2336937185158183e+00	   1.1309782437842013e+00	   1.3981166968392478e+00	   1.4662851368970151e+00	   1.2815490423735745e+00	   1.3022366777663732e+00	   1.2236034701299656e+00	   1.3900354975369489e+00	   9.6662343834365461e-01	   9.4686451409024874e-01	   1.2836563690259755e+00	   1.3668581301066376e+00	   8.8220822339733795e-01	   8.2619218493098745e-01	   7.1731890104238327e-01	   7.3584585758120913e-01	   4.2870606862989141e-01	   7.7038509734734240e-01	   1.1334042239249600e+00	   1.3289415595715623e+00	   1.3652638887668871e+00	   1.3808296224390286e+00	   9.3743128589032998e-01	   1.2243990271009577e+00	   8.7827267268865028e-01	   1.0827798531613158e+00	   1.8157565811662549e-01	   1.7192703627521833e-01	   5.7435408510479125e-01	   1.0845996909247217e+00	   3.2922633032572429e-01	   6.7867904996488471e-01	   1.0636015226693820e+00	   9.4618100081205492e-01	   9.8233697172405521e-01	   8.0662634069850170e-01	   1.2967065478859283e-01	  -1.5416683330819481e-01	
   1.5014818516976627e+00	   0.0000000000000000e+00	   8.3680308066603448e-01	   1.1627872013278715e+00	   5.7234529683801849e-01	   6.5741477733728981e-01	   5.3190115325580045e-01	   8.2503938679676603e-01	   4.5477599299485683e-01	   4.7179641846771803e-01	   1.2115783474377833e+00	   8.0494594279682119e-01	   8.0918806063455095e-01	   8.3782084610935215e-01	   7.7705563350395901e-01	   7.8527615871554812e-01	   1.0048305562192312e+00	   8.2121095020201773e-01	   1.1546689242109771e+00	   1.2275858918375200e+00	   7.1099418079198617e-01	   8.6651343401959369e-01	   7.5634006801877018e-01	   9.1482847454045468e-01	   7.1131353753618354e-01	   8.0089462577425052e-01	   7.8689446273152874e-01	   8.0079097905462737e-01	   8.4198928335136580e-01	   9.2549127339022097e-01	   6.6765004787158477e-01	   7.5924179358351318e-01	   1.0410642596221145e+00	   1.0067185896108064e+00	   8.1932211819972767e-01	   6.6896779784254512e-01	   8.0293016348239088e-01	   8.2642331477358577e-01	   7.0923286481378955e-01	   6.9779270234842372e-01	   6.9241757022227202e-01	   6.9552862378718416e-01	   9.0280591408717159e-01	   1.0794001795809569e+00	   9.7998347610289893e-01	   1.1477685909735045e+00	   1.2092012316686216e+00	   1.2412131016039847e+00	   1.1336857466336632e+00	   1.0240960903556309e+00	   1.1426810416836004e+00	   1.0330606323196940e+00	   1.1517179017247066e+00	   1.1429299437372102e+00	   1.1634519122028923e+00	   1.1215462988240761e+00	   1.6421126873852829e+00	   1.8652353473429892e+00	   1.2160689716459510e+00	   1.2618226747572034e+00	   6.7590089941047005e-01	   5.4005060877567845e-01	   9.6475287192886083e-01	   8.7772644738456174e-01	   3.6465184553774860e-01	   5.4774853911946586e-01	   1.1947438285481138e+00	   1.2008052713665764e+00	   1.4720621440042003e+00	   1.4169398410445919e+00	   1.4917611296132530e-01	   5.1952380042711410e-01	   7.6287248833843591e-01	   9.2875469012426481e-01	   7.4353685340613007e-01	   8.8424701452450449e-01	   3.8816254890053532e-02	   2.1196294386334280e-01	   1.1139328929901626e+00	   1.0944884633333589e+00	   1.2596839172997552e+00	   1.4300677220678053e+00	   9.8251871905168642e-01	   9.6921621763012622e-01	   1.1230979287206444e+00	   1.2253769683971072e+00	   7.6986751831397016e-01	   7.5047454060228003e-01	   9.2495001452384862e-01	   1.0216194741147875e+00	   6.8738425322155472e-01	   5.8998925567606542e-01	   5.8592411645510378e-01	   5.2192155113317673e-01	   4.6101770480826626e-01	   7.3372114489999751e-01	   1.0956543207214464e+00	   1.1714660171017854e+00	   1.2154348069762244e+00	   1.0460595052329149e+00	   8.3280517499327877e-01	   9.5456431410048337e-01	   7.3127601520249930e-01	   8.5731148933894386e-01	   4.3323253966498915e-02	   4.1006491904250493e-02	   3.9467269512837372e-01	   7.8761544584147336e-01	   3.5144454616966142e-01	   6.7945716873871020e-01	   9.4754729077275091e-01	   7.4942831550378330e-01	   7.6321913476084136e-01	   6.5707973734444247e-01	   5.3258755776270809e-02	  -9.9301831058313875e-02	
   1.1592160986358933e+00	   8.3680308066603448e-01	   0.0000000000000000e+00	   1.6146327828510452e+00	   1.1315032629462434e+00	   1.0549889449198215e+00	   1.3776104630779673e+00	   1.3669265258214527e+00	   9.5299824157264945e-01	   7.2596006012608516e-01	   9.2178760972013452e-01	   6.8864097599566021e-01	   1.1058342866192550e+00	   9.3410331681864411e-01	   1.1789729144745553e+00	   1.0011097798512869e+00	   6.4180174824685154e-01	   3.1960991801399513e-01	   1.2919758068952598e+00	   1.2349702371538109e+00	   1.0066992121858638e+00	   1.1358691382896520e+00	   1.6520845700159019e+00	   1.5561458924487070e+00	   1.1494555105566782e+00	   1.0879440142109058e+00	   1.1449015077139091e+00	   1.1250374779848962e+00	   7.2419994823934142e-01	   7.8051922629357251e-01	   1.2920391780598224e+00	   1.3770418016293984e+00	   1.0877415907344503e+00	   1.0586424101689573e+00	   9.8814341841886766e-01	   8.5782726937001197e-01	   1.0060574069293553e+00	   8.3463571627577016e-01	   1.0916070758307117e+00	   9.2926526586371627e-01	   1.0387358681831838e+00	   1.0524803355015981e+00	   6.0231242060080492e-01	   7.5947576292437069e-01	   7.4314880668878103e-01	   7.8759894803349173e-01	   8.4674694555666474e-01	   9.0782299980404746e-01	   8.8113784987230648e-01	   7.8559606901680812e-01	   1.0209823628779660e+00	   9.3142569894280935e-01	   9.9387411174625562e-01	   9.2280890204529753e-01	   1.1716730097397352e+00	   9.6930199143176154e-01	   7.8809168777218619e-01	   6.8345325154385539e-01	   9.8953484829139127e-01	   1.0460474367582846e+00	   8.0426958082864797e-01	   6.4456040033097362e-01	   6.3938992971351349e-01	   6.1957897234273673e-01	   8.5221824175990168e-01	   8.5127302060223875e-01	   1.2324189573378019e+00	   1.1474608334945233e+00	   8.5611801025610024e-01	   9.0253876973916469e-01	   3.8297802221866628e-01	   6.8721361734627162e-01	   8.3521685807176926e-01	   1.0569810635144561e+00	   1.0312079368869120e+00	   1.1435706577457521e+00	   2.6620236556977467e-01	   3.3397803464080400e-01	   7.5691253987344909e-01	   7.1320419679305458e-01	   8.6308729979048804e-01	   8.6338281719389309e-01	   1.3230100049726596e+00	   1.3511382635270988e+00	   1.0609633760838704e+00	   1.1643872807915063e+00	   1.1575794287046308e+00	   1.1207598846577089e+00	   1.6109452721002750e+00	   1.5365389838137489e+00	   1.0878684061564292e+00	   1.0345364076579360e+00	   9.4967493197248187e-01	   8.9325839314145083e-01	   2.6868857071829000e-01	   7.3739588442914084e-01	   1.0553343225518785e+00	   1.1169678331420456e+00	   1.2085731142481517e+00	   1.2002471634542453e+00	   9.4560217033668414e-01	   1.0728142646144354e+00	   9.5899618837347989e-01	   1.0516067099549338e+00	   3.0682904932772326e-01	   2.8475100082965660e-01	   5.5000458356635307e-01	   1.0631014693795675e+00	   3.0847534695700235e-01	   5.8972824754560960e-01	   1.0565117477513903e+00	   1.0150979263726820e+00	   1.0567265019021568e+00	   9.4698720076370124e-01	   2.4081896695504487e-01	  -2.1446571668631742e-01	
   1.4090243257216353e+00	   1.1627872013278715e+00	   1.6146327828510452e+00	   0.0000000000000000e+00	   9.5806575693453244e-01	   1.0640150811668578e+00	   1.1401791557515744e+00	   1.6948832728885206e+00	   8.4219016792102697e-01	   7.7243372557987200e-01	   1.2985387961818606e+00	   9.3760114963466090e-01	   1.3771074265591325e+00	   1.2878496524558658e+00	   1.2211058106641897e+00	   1.1782774096845308e+00	   8.2440143245502617e-01	   4.6273035848571109e-01	   1.5208885032502275e+00	   1.5879017732848730e+00	   9.3170329398454776e-01	   1.1793955714711468e+00	   1.5292949783981151e+00	   1.8977000996661899e+00	   1.0977316659073721e+00	   1.1735846682846858e+00	   1.0589537565745728e+00	   1.1084176088451638e+00	   8.7185935309138807e-01	   9.8583521778205685e-01	   1.2164328444259189e+00	   1.4151858015481227e+00	   1.3327021500441145e+00	   1.3586790797684629e+00	   1.1407255858349035e+00	   9.8319541587715908e-01	   1.0512179984095953e+00	   9.1029058402111440e-01	   1.0607883278078392e+00	   9.4625386004235179e-01	   1.0328515027897445e+00	   1.0490088584460289e+00	   7.2429675604308130e-01	   9.4490744815791428e-01	   8.8458360938943237e-01	   1.0206988641795276e+00	   1.0348204181672520e+00	   1.0975350188095039e+00	   1.0548643587634410e+00	   9.6361772166719184e-01	   1.2978146872831073e+00	   1.1195060203824594e+00	   1.1805868999900739e+00	   1.0602679944909477e+00	   1.4213528099987049e+00	   1.0831696676074345e+00	   9.8666253903499634e-01	   8.9577609351619314e-01	   1.2301941410540740e+00	   1.4061129105862908e+00	   8.8850861553507321e-01	   7.9792239395137909e-01	   8.3659144487704440e-01	   8.1127251996489969e-01	   7.7104786916568968e-01	   1.0223361685183439e+00	   1.5900351192992321e+00	   1.5825471743075370e+00	   1.1209082999918500e+00	   1.2071450454749892e+00	   3.4452868780717566e-01	   7.1744029226444317e-01	   9.1898634685113290e-01	   1.2349802875571709e+00	   1.0784682645536470e+00	   1.2365031655220444e+00	   2.1716962074290797e-01	   3.1510382118249319e-01	   9.5643550928859689e-01	   8.9711471536141119e-01	   1.1507161510913191e+00	   1.1468490917328900e+00	   1.4362995064454691e+00	   1.4399241594955474e+00	   1.3585129214632183e+00	   1.6267605646273859e+00	   1.1417443382937413e+00	   1.0950177074993870e+00	   1.6817124719467633e+00	   1.7494234767949046e+00	   1.1335296560487318e+00	   1.0087145729696534e+00	   9.7462964488295811e-01	   8.9072739694953451e-01	   3.4225431120676730e-01	   8.1258415158828523e-01	   1.2677721300931863e+00	   1.2872600601976325e+00	   1.4332299763513079e+00	   1.2968654809961160e+00	   1.0614335090433447e+00	   1.2317119908562135e+00	   1.0120052125133665e+00	   1.1629616052263370e+00	   2.2964001516766494e-01	   2.0498600261017447e-01	   5.0865543918248068e-01	   1.0216768724833247e+00	   3.8919726884009942e-01	   6.6822052490999662e-01	   1.1949170124616804e+00	   1.0663365322693246e+00	   1.1578798381223199e+00	   1.0425839008537316e+00	   2.0629068569940523e-01	  -2.0404730006641303e-01	
   7.7777917657953488e-01	   5.7234529683801849e-01	   1.1315032629462434e+00	   9.5806575693453244e-01	   0.0000000000000000e+00	   1.1594271398398084e+00	   8.8116393858922237e-01	   8.5755573027645771e-01	   1.3922706940618894e+00	   8.4664324324724005e-01	   6.1309549829528631e-01	   3.7568248616602373e-01	   7.1734820885799577e-01	   7.4664807244614539e-01	   1.0682261219106102e+00	   8.2736234686663268e-01	   5.3158838909303063e-01	   1.5790031962919529e-01	   8.3594580394950657e-01	   8.1875288193001283e-01	   1.0267152136276538e+00	   9.4356865215879959e-01	   1.0612305447115429e+00	   1.0577833289736902e+00	   1.3508973611582387e+00	   1.1177174588168455e+00	   1.1821927238513352e+00	   1.0199881655103846e+00	   5.4606469182600126e-01	   6.1187353241531506e-01	   9.1229398816832596e-01	   9.5367704356910288e-01	   7.3982602197029645e-01	   7.4772768426020042e-01	   7.1659393126932147e-01	   5.8085581629266736e-01	   7.4756393720655956e-01	   6.6722684253641551e-01	   7.4907271455814062e-01	   6.2866269612415415e-01	   8.3343600752192537e-01	   8.2975052784665992e-01	   3.6984457211693916e-01	   4.5597759309370678e-01	   6.0045316147846062e-01	   6.1551671090586479e-01	   6.1589842593841360e-01	   6.1839351014442501e-01	   6.9491853333873954e-01	   6.3101590956329201e-01	   6.4494069875970328e-01	   6.4422782277933865e-01	   6.7883633846351610e-01	   6.2035378825191800e-01	   7.5946580713476053e-01	   7.5380522186677767e-01	   5.8136582783382285e-01	   5.2181675209370026e-01	   6.9549535329337453e-01	   7.4319556861517677e-01	   6.0761575962592684e-01	   4.1664596541279575e-01	   4.2311086808662257e-01	   4.3113948851181327e-01	   6.9017464138686979e-01	   6.1913201384523120e-01	   8.0528514748247548e-01	   7.6036210264373438e-01	   7.0597188859096049e-01	   7.3576973761960918e-01	   3.6730722154061979e-01	   5.0536735151069112e-01	   7.7136850472805640e-01	   8.0730224874654921e-01	   7.7208809640755294e-01	   8.2005626936937781e-01	   3.0252907690259949e-02	   1.2177219565764177e-01	   6.0973334549268854e-01	   4.9956829805704361e-01	   6.8738268951351933e-01	   6.2390041875182378e-01	   9.6341166098299125e-01	   9.5008519468291908e-01	   7.9740211989539667e-01	   8.9985952148758774e-01	   8.3196499707750371e-01	   9.0459345319477014e-01	   1.0896124520585904e+00	   1.0831300598729041e+00	   7.0779122969493635e-01	   6.7564915699146710e-01	   6.7170648355473228e-01	   6.0054320496393720e-01	   3.7722104393852640e-01	   6.1248109318351984e-01	   8.4509012863490041e-01	   9.3402210603913205e-01	   8.2108453306450446e-01	   8.5065697808462182e-01	   7.2933837646187416e-01	   8.9226430270118628e-01	   8.0924616490217161e-01	   7.7126751686999251e-01	   2.4979856864449562e-01	   2.5067007634540939e-01	   3.6483435584695789e-01	   6.7911352420011439e-01	   3.1934756796609637e-01	   4.7406333029811243e-01	   8.5824537549305790e-01	   6.9431718944056775e-01	   7.1741849914567335e-01	   8.3668187785647574e-01	   2.5271899651323793e-01	  -9.6415542070534418e-02	
   9.0269996094725968e-01	   6.5741477733728981e-01	   1.0549889449198215e+00	   1.0640150811668578e+00	   1.1594271398398084e+00	   0.0000000000000000e+00	   8.8325377528060456e-01	   9.5462412027441645e-01	   9.6606507466199454e-01	   1.1064553865510132e+00	   6.8860416405611957e-01	   6.0213232918003179e-01	   8.0512610527590056e-01	   7.8319048771736732e-01	   1.1130544730788494e+00	   9.7925159589966793e-01	   6.4157808111828674e-01	   2.5991179711459439e-01	   9.7776983661796402e-01	   9.4608907406028986e-01	   1.0098814429679417e+00	   1.1373107986376956e+00	   9.9521372742187575e-01	   1.0222424426240668e+00	   1.2008096824941596e+00	   1.2662978787146144e+00	   1.3191219192379118e+00	   1.4382345141520143e+00	   7.0727806646388158e-01	   7.5580564425918484e-01	   9.9853381025825749e-01	   1.0309799190450268e+00	   8.6107271868053714e-01	   8.9452170685559829e-01	   7.0368724715272157e-01	   6.6299677128954826e-01	   7.5225295560328831e-01	   7.3104305227814603e-01	   8.2261155733870250e-01	   8.1546572290411545e-01	   9.0240498740032260e-01	   8.6744138994076647e-01	   4.6580320898500160e-01	   5.9984135755301737e-01	   7.0539719436236792e-01	   7.5334935728264962e-01	   7.0278080237520180e-01	   7.2020806035973639e-01	   7.1772517527538648e-01	   7.3060066087533693e-01	   6.7306338340336413e-01	   7.1467604828819264e-01	   7.4355037225687903e-01	   6.8522775821119741e-01	   8.3032113567814725e-01	   8.3953881174204692e-01	   6.7889270035368587e-01	   5.8216195049928521e-01	   8.5723534881168395e-01	   8.5399965239987430e-01	   7.9502548768245507e-01	   6.1237384332124933e-01	   5.9417737298237150e-01	   5.7521662797204476e-01	   6.6020604586105247e-01	   7.8373033055260688e-01	   9.2315053113887857e-01	   9.0658898328708193e-01	   7.3452922196229986e-01	   7.6648074428902735e-01	   3.3900988293965117e-01	   5.9039876454975371e-01	   6.8621220351368761e-01	   7.9793771577019357e-01	   7.2479776129544582e-01	   7.4123795645331603e-01	   7.3342841853974189e-02	   9.0505079332886387e-02	   6.9463359804905489e-01	   6.1729559387222321e-01	   7.7802117263278414e-01	   6.7669526343676600e-01	   9.8871680382100047e-01	   9.7443829834750673e-01	   7.6424104011406013e-01	   8.9076168860384830e-01	   8.4168660150957897e-01	   7.5343460532371698e-01	   1.1216582661197496e+00	   1.1412677657436250e+00	   7.8815395740429506e-01	   7.6185306734831248e-01	   7.1162655995516000e-01	   6.8368960357489039e-01	   2.4316409074383483e-01	   5.0931168035699570e-01	   8.2208057530075052e-01	   8.7624373836406222e-01	   8.6018608135631114e-01	   8.9806675329322150e-01	   6.6096402107273622e-01	   8.7624154915337860e-01	   7.1149988749739790e-01	   8.0799781190153508e-01	   3.4061692226116108e-01	   3.6158474006159202e-01	   5.2654596000212128e-01	   7.7807384088549536e-01	   2.7184647528997574e-01	   4.2924906297608156e-01	   7.8817740364452882e-01	   7.3649034895057264e-01	   7.1532371913002235e-01	   7.4712663611059349e-01	   2.8468733538118635e-01	  -9.0744999401124946e-02	
   7.5936533244881721e-01	   5.3190115325580045e-01	   1.3776104630779673e+00	   1.1401791557515744e+00	   8.8116393858922237e-01	   8.8325377528060456e-01	   0.0000000000000000e+00	   1.4859010574889819e+00	   1.0555023342290089e+00	   8.8266717514381798e-01	   7.1735803195070413e-01	   7.4425294145677523e-01	   1.1785025757017713e+00	   9.5164928487521439e-01	   1.0663095980536432e+00	   1.0732815845632455e+00	   5.0865986237735938e-01	   2.4173591667965511e-01	   9.4158221970085842e-01	   8.9601964150340851e-01	   7.4740831632674631e-01	   8.4887285907686438e-01	   1.4113041324376800e+00	   1.2268815840250140e+00	   8.4120076925954257e-01	   7.9242563609156369e-01	   7.3590001923245230e-01	   8.2024312705012270e-01	   6.5425540715162556e-01	   7.0446402869890901e-01	   1.3038464460430879e+00	   1.2695328356472420e+00	   9.7006869464045786e-01	   9.6892585116826357e-01	   8.8413475946319042e-01	   8.2448995530252378e-01	   7.6293212249354259e-01	   6.9015317343724458e-01	   9.8045508746085686e-01	   9.0430282112267890e-01	   8.7617934450172019e-01	   9.3211944247161704e-01	   4.7144514316848340e-01	   5.9985523150133957e-01	   5.9737459050199648e-01	   5.9888668209932316e-01	   6.0807905386649652e-01	   6.9607084691631371e-01	   5.9474934807907109e-01	   5.8209473309206516e-01	   7.2481271597782493e-01	   6.7399292834045066e-01	   6.3788604317538111e-01	   6.3174158813058112e-01	   8.1436734153892953e-01	   6.7865186979317060e-01	   4.6586594176912738e-01	   3.9122360624433161e-01	   6.8327251727173322e-01	   7.6421316847675369e-01	   8.4339022070264902e-01	   7.9300846755356269e-01	   4.5551631346484422e-01	   4.8162692174649879e-01	   9.7128209781443076e-01	   1.0757584902333603e+00	   9.6804692177605434e-01	   8.8998615740772191e-01	   6.0725478128597077e-01	   6.6599738395454500e-01	   3.5518976929196672e-01	   6.6404506440951216e-01	   7.3304673353506278e-01	   9.5489736151368843e-01	   9.4934324977846729e-01	   1.0435384335078437e+00	   5.0063548203253916e-01	   4.9075556801522513e-01	   6.3023759854221195e-01	   5.8743633239806980e-01	   6.5371837505933894e-01	   6.2646394904137637e-01	   1.0773079844619105e+00	   1.0498219397292070e+00	   7.6219602579779677e-01	   8.1338778957869606e-01	   8.4134565324672739e-01	   7.4446033950797974e-01	   1.1644364931452160e+00	   1.1084480481805425e+00	   1.0602135823657499e+00	   1.1024957535919417e+00	   1.0685928416447767e+00	   9.7385273607650391e-01	   1.9941637697531867e-01	   6.8394555597619966e-01	   8.5340180314069591e-01	   9.2229807674042885e-01	   8.9507800461770659e-01	   9.8166186585917325e-01	   8.6929012524260219e-01	   8.7118490146895722e-01	   1.0077660118034466e+00	   9.6709094193404077e-01	   5.0189776172700284e-01	   4.5746232780485990e-01	   5.5335810165631261e-01	   9.2077974829588438e-01	   2.7119522814951363e-01	   5.0048681473993684e-01	   9.4611686109501658e-01	   1.0358728045803907e+00	   1.0880898637470446e+00	   1.0912865285496411e+00	   4.5239243761600267e-01	  -6.2327972905966963e-02	
   1.0291019057775141e+00	   8.2503938679676603e-01	   1.3669265258214527e+00	   1.6948832728885206e+00	   8.5755573027645771e-01	   9.5462412027441645e-01	   1.4859010574889819e+00	   0.0000000000000000e+00	   8.7845172879510269e-01	   8.7735806533445793e-01	   1.0764166863640283e+00	   9.8497278180302206e-01	   1.5391572324543106e+00	   1.3875322420610787e+00	   1.1021943703133752e+00	   1.1778429208371493e+00	   6.8867126002878298e-01	   3.1973344696202827e-01	   1.1497221761684642e+00	   1.1563485889368565e+00	   7.6082507537617572e-01	   9.4392209300901464e-01	   1.4506918924822805e+00	   1.6033932887479079e+00	   9.7541577669454160e-01	   9.9577239740399004e-01	   8.0315745608579281e-01	   9.0181333205354730e-01	   7.9186783185373733e-01	   8.8576332490278387e-01	   1.2508057176548242e+00	   1.3787671555806122e+00	   1.2519301025971179e+00	   1.2929074930570723e+00	   1.1356490230198448e+00	   9.8751496033034614e-01	   8.2911978379817963e-01	   7.9306464708851199e-01	   9.4178623099848791e-01	   8.6728561356321643e-01	   9.2973723199710367e-01	   9.8448533291126761e-01	   6.5567613942180325e-01	   8.5066364018701890e-01	   7.8968808259353740e-01	   8.7060226245473193e-01	   8.5168101777706573e-01	   9.3345009579703864e-01	   8.2641560950259085e-01	   8.1206139295784663e-01	   1.0228004085571136e+00	   9.2588317223530325e-01	   8.8009835723915542e-01	   7.9333448877861557e-01	   1.0390158955159503e+00	   8.1632106519097092e-01	   7.2540493066463119e-01	   6.3211551649605413e-01	   9.1799428654175519e-01	   1.1010075335029728e+00	   9.3084144524429635e-01	   9.6699974547585377e-01	   7.0321520998636644e-01	   6.9867892253573083e-01	   8.8561403438993835e-01	   1.2971121496317186e+00	   1.3181981519759134e+00	   1.2991165563176197e+00	   8.5249216795639438e-01	   9.3445273675586971e-01	   3.6105176636134173e-01	   7.5104315102849128e-01	   8.3333719831696318e-01	   1.2219817636288721e+00	   1.0449157586467936e+00	   1.1688730566756143e+00	   3.1931516672961330e-01	   3.8785671189397591e-01	   8.0815174928417888e-01	   7.1884239119918003e-01	   9.0975899371113866e-01	   8.4446001495530032e-01	   1.2217574358041687e+00	   1.1881132580920895e+00	   1.0776490433943227e+00	   1.2034609127651954e+00	   9.2793263037435569e-01	   8.4931672609856734e-01	   1.3929989632104494e+00	   1.3376673758135345e+00	   1.0620031751001275e+00	   1.0027841429914413e+00	   1.0222108778648615e+00	   9.3674975428779206e-01	   2.8804314264976671e-01	   7.8122278906751008e-01	   1.0237222469283853e+00	   1.0639414687837412e+00	   1.0985734671991398e+00	   1.1110691384576041e+00	   9.8124445841762131e-01	   1.0585310635284140e+00	   1.0179439843309623e+00	   1.0741469423484566e+00	   2.8541615253308272e-01	   2.5224238608796923e-01	   4.3465126860259717e-01	   9.2260751461195489e-01	   3.3773851461061555e-01	   5.7671850819858372e-01	   1.0449041815546618e+00	   1.0260183238287064e+00	   1.1212034136379325e+00	   1.0780005653852358e+00	   2.8353713969486466e-01	  -1.8546989844587369e-01	
   6.1188772641048950e-01	   4.5477599299485683e-01	   9.5299824157264945e-01	   8.4219016792102697e-01	   1.3922706940618894e+00	   9.6606507466199454e-01	   1.0555023342290089e+00	   8.7845172879510269e-01	   0.0000000000000000e+00	   1.1277992888135449e+00	   5.2640337179723473e-01	   4.3242759987203316e-01	   7.6775797883997310e-01	   7.2994168193587117e-01	   1.0483860798503588e+00	   9.4206517537020829e-01	   3.6570473868762488e-01	   1.1885003200925957e-01	   6.5152925094561431e-01	   6.5085339066133729e-01	   8.3552039457063021e-01	   7.8518537204670502e-01	   1.0693803437438265e+00	   9.8715497911690520e-01	   9.4436116732128883e-01	   7.9447817546768740e-01	   8.5124375358263982e-01	   8.4931227238925844e-01	   3.9779929959787180e-01	   4.8718015249686980e-01	   7.7372263304958677e-01	   7.9386437936939203e-01	   6.1161186946103063e-01	   6.4339925443942914e-01	   6.6330551324084075e-01	   5.1676665947739919e-01	   5.9942379104656263e-01	   4.8507154857516643e-01	   6.3485935877373523e-01	   5.3618748421174123e-01	   6.4908998472757717e-01	   6.4044741468896293e-01	   2.3738338829121908e-01	   3.4129995299456956e-01	   4.7847788934252911e-01	   5.0175119780350041e-01	   4.1897220054498263e-01	   4.7130437047047413e-01	   5.1739435468853012e-01	   5.1565386531551605e-01	   5.2298175984762241e-01	   5.1182304286639724e-01	   4.8428662714697412e-01	   4.7905903379524117e-01	   6.1597046827237012e-01	   5.7489480153237704e-01	   3.9890056369777738e-01	   3.9947383769016276e-01	   6.6155761689021098e-01	   6.6834905716374193e-01	   7.6035437576792242e-01	   5.2612993522776708e-01	   2.7730130192325064e-01	   2.8916080281612599e-01	   9.4991127351543758e-01	   7.6569984946421998e-01	   7.1274501443392813e-01	   6.4495640248519948e-01	   5.9435014803077013e-01	   6.5409820065049029e-01	   2.8978982485372312e-01	   5.0983062410732538e-01	   6.5482043621961916e-01	   7.0746000263072062e-01	   6.6202409821368224e-01	   7.4477866284629601e-01	   1.2695420490418710e-01	   1.7951300734804376e-01	   4.4444352018576899e-01	   3.7924152542071965e-01	   5.0800347022542691e-01	   5.0838217408545583e-01	   8.1788568180872057e-01	   7.6742372237574974e-01	   7.8720354045629926e-01	   7.6566478796985338e-01	   7.3195208667013534e-01	   7.2680861598287705e-01	   1.0371408690553607e+00	   9.6127436693915058e-01	   6.9312288585836468e-01	   6.9584579370104882e-01	   7.6731545600753981e-01	   6.5866506477152531e-01	   3.2984457932687855e-01	   5.7296430770730278e-01	   7.0996589122334552e-01	   8.1409414688800119e-01	   6.4889252957497423e-01	   6.8712187825014592e-01	   7.4352284209817687e-01	   7.9819537757820969e-01	   8.3098639448200395e-01	   7.1291610283079321e-01	   3.2589228263968872e-01	   3.2273842668570435e-01	   3.7031226702911618e-01	   5.9345672716383369e-01	   3.2106745506819367e-01	   4.5563830613067174e-01	   7.4836178213482585e-01	   6.3455174122381708e-01	   6.9495904738233272e-01	   8.4493558355499587e-01	   3.4952487588126979e-01	   4.6744700333115749e-03	
   5.9767787794970406e-01	   4.7179641846771803e-01	   7.2596006012608516e-01	   7.7243372557987200e-01	   8.4664324324724005e-01	   1.1064553865510132e+00	   8.8266717514381798e-01	   8.7735806533445793e-01	   1.1277992888135449e+00	   0.0000000000000000e+00	   5.2570462321159139e-01	   5.4824123870241270e-01	   7.5506952702381558e-01	   7.2915583289052333e-01	   8.7872101141248971e-01	   1.0932875523144194e+00	   3.3110156226282506e-01	   1.4215603170547972e-01	   5.8496088620174735e-01	   6.0293345668168286e-01	   7.6649824492539009e-01	   7.9474006696911081e-01	   7.9236264468084538e-01	   7.9739938409689759e-01	   7.4088048661666650e-01	   6.9674014312354937e-01	   7.8058275450453962e-01	   8.6600647314231716e-01	   3.5261431161314222e-01	   4.4802511809362694e-01	   6.4087966374867744e-01	   6.2953399741007665e-01	   5.7620490203525498e-01	   6.1641804292929669e-01	   5.8884284278609700e-01	   5.0625197930249610e-01	   4.5288349150511575e-01	   4.1370152886479683e-01	   4.6766505826159765e-01	   4.9914917814534115e-01	   4.8163206835955541e-01	   5.2271042862199812e-01	   2.2471893223149381e-01	   3.3833487459624106e-01	   4.2507654382777738e-01	   4.6491942020655419e-01	   3.8129389605822428e-01	   4.2509040236078510e-01	   4.1880498552849588e-01	   4.6649920757717950e-01	   4.6268728020136168e-01	   4.6900021824222671e-01	   4.2211752287717552e-01	   4.0188296655843764e-01	   5.1344718905473208e-01	   4.8987829436944408e-01	   4.3228929674890210e-01	   4.2463379742469221e-01	   6.2648374754536640e-01	   6.5498633022009944e-01	   7.7229174274609835e-01	   6.8470363251069299e-01	   3.0365821191072856e-01	   3.2716753255657255e-01	   8.1401027789216596e-01	   9.7683861903427527e-01	   6.6229790591270521e-01	   6.3590773552696678e-01	   5.5787445842550643e-01	   6.2303110732120082e-01	   3.2043431308513809e-01	   6.4625147871625555e-01	   5.1866460994397801e-01	   6.1020306549687175e-01	   5.1136922931006867e-01	   5.7703168347353651e-01	   7.0035940734960403e-02	   9.7286496307084983e-02	   4.0895286595139957e-01	   3.6491707995529432e-01	   4.8193674647724671e-01	   4.8000765855657512e-01	   6.4858028991946748e-01	   6.4504893807926200e-01	   7.3447045995376647e-01	   7.2414950501815867e-01	   5.3963264966268032e-01	   4.3315571548855791e-01	   8.7804572705403350e-01	   8.6825764303779507e-01	   7.1337970306860710e-01	   6.7844460560827180e-01	   7.7661296373330213e-01	   6.8037380439944006e-01	   1.9299435529487419e-01	   4.4068915571085798e-01	   5.8110445100645036e-01	   6.6057765177051897e-01	   5.8618541981351346e-01	   6.1240094685704138e-01	   6.9301542988351916e-01	   7.5687222179276048e-01	   7.1813886506353863e-01	   6.8891082175575791e-01	   3.3705594291401225e-01	   3.1551878377875919e-01	   3.9977686653358707e-01	   5.9090715941405381e-01	   2.7138019475647890e-01	   3.6018976820887649e-01	   5.8040567867467630e-01	   5.4915291711683634e-01	   6.4511410809063308e-01	   6.9226773481784520e-01	   2.5890794870542388e-01	  -6.9341411110092163e-02	
   1.4319949983576372e+00	   1.2115783474377833e+00	   9.2178760972013452e-01	   1.2985387961818606e+00	   6.1309549829528631e-01	   6.8860416405611957e-01	   7.1735803195070413e-01	   1.0764166863640283e+00	   5.2640337179723473e-01	   5.2570462321159139e-01	   0.0000000000000000e+00	   1.1414193771150285e+00	   1.3706550400540876e+00	   1.2931962555663807e+00	   9.5916419985614831e-01	   9.2369161433826830e-01	   9.5279839024430246e-01	   6.0548717249544670e-01	   1.3042009926288509e+00	   1.3055107912611659e+00	   6.4774670833964043e-01	   8.8987243491229584e-01	   9.6310531512878439e-01	   1.0940510298873307e+00	   8.1220340231398847e-01	   9.1850366208692846e-01	   7.3051567015533958e-01	   7.1022059826800521e-01	   1.0257201129596214e+00	   1.0758980155060931e+00	   8.9715510066418291e-01	   1.0107716853411044e+00	   1.1432446359748765e+00	   1.1010870635082513e+00	   8.8760954478922971e-01	   7.8440528906544760e-01	   9.2989184846794937e-01	   8.7163096796674333e-01	   8.3679336250004677e-01	   7.7866180384311057e-01	   8.1499274272900879e-01	   8.9827453395366097e-01	   7.5993269511107087e-01	   1.0033517268099230e+00	   7.4796670050618697e-01	   9.3566919405887861e-01	   9.9691698697863829e-01	   1.0464094472894363e+00	   9.0448165329015495e-01	   8.4005222409260516e-01	   1.1026037198471519e+00	   9.7938359372014339e-01	   1.0318833312510134e+00	   9.5230263916852298e-01	   1.1280143988167257e+00	   8.5362200716055991e-01	   1.0660188331029090e+00	   9.7336184526723413e-01	   1.1137769609218939e+00	   1.2151581046472009e+00	   8.9030713195643973e-01	   8.2336116411967419e-01	   1.0732790212127157e+00	   9.8891320746789768e-01	   4.6030809013648433e-01	   7.5891647665522766e-01	   1.1688234803120086e+00	   1.2628128767758284e+00	   1.0754010195157515e+00	   1.1085867519495536e+00	   2.2370161110681336e-01	   5.8585472821915396e-01	   8.4130274983873821e-01	   9.9702913336864651e-01	   9.4905459102298106e-01	   1.0138661057448535e+00	   1.0972409375036787e-01	   2.4000447039918013e-01	   1.0761904386909142e+00	   9.4944496294278025e-01	   1.2534059824376962e+00	   1.2528378577070101e+00	   1.0915382103370779e+00	   1.1111854577373530e+00	   1.1725562872727742e+00	   1.2933100853200750e+00	   7.6631539294448081e-01	   7.5623156976281047e-01	   1.0428952279537125e+00	   1.0468870051506891e+00	   7.9879669114661622e-01	   7.5961701090406497e-01	   6.7050453421555856e-01	   6.8301403867205168e-01	   3.5843420328675912e-01	   7.4280780315535833e-01	   1.0239972677693250e+00	   1.0599908184627387e+00	   1.0773633669753111e+00	   1.0176253055940330e+00	   7.8160317458081319e-01	   9.8117022267974330e-01	   7.1722802614825176e-01	   8.8291057113938720e-01	   1.4209719679539684e-01	   1.2634089638317542e-01	   4.0303523673055947e-01	   7.8114808890843546e-01	   3.3387868749265048e-01	   6.7943079616046420e-01	   1.0319495750426340e+00	   8.8184291025030226e-01	   9.4251361620206586e-01	   7.2977202377867245e-01	   1.1960558733743556e-01	  -1.9696899664647044e-01	
   8.9829888360375787e-01	   8.0494594279682119e-01	   6.8864097599566021e-01	   9.3760114963466090e-01	   3.7568248616602373e-01	   6.0213232918003179e-01	   7.4425294145677523e-01	   9.8497278180302206e-01	   4.3242759987203316e-01	   5.4824123870241270e-01	   1.1414193771150285e+00	   0.0000000000000000e+00	   1.1541804168974525e+00	   1.3070739812289873e+00	   7.4186481647926494e-01	   9.1631972476538193e-01	   7.2154848197220145e-01	   5.7831447332647445e-01	   9.1158489046195479e-01	   9.1445972950630128e-01	   4.2754351318835043e-01	   5.9994199654111535e-01	   7.4956565232537264e-01	   7.7156100397812377e-01	   5.5674999639974598e-01	   6.1687548935348180e-01	   5.1187082560946817e-01	   5.8267215864168420e-01	   8.3354133160460964e-01	   1.0344471049211905e+00	   8.0162130981279478e-01	   8.4551064197650749e-01	   9.4461809885291925e-01	   9.8456161305444023e-01	   8.0194022184409441e-01	   8.0637812249848972e-01	   5.7489297211574619e-01	   6.4026278754560995e-01	   5.9119430636633163e-01	   6.1046207389875817e-01	   5.6812377697879979e-01	   6.1086964644093589e-01	   5.5727958434555824e-01	   7.2689671757019303e-01	   6.7888393550335491e-01	   7.2664492118229496e-01	   6.6302545361274279e-01	   7.4816551750861071e-01	   6.1762762613512590e-01	   6.4632023112314807e-01	   7.6641376026164632e-01	   7.2464302767777788e-01	   6.2782751169303574e-01	   6.0292299806181737e-01	   7.2656011037847856e-01	   5.9465681737223686e-01	   6.8034336073682089e-01	   6.2967581460634170e-01	   7.3308007018399268e-01	   8.5248994425925217e-01	   8.9617390631611071e-01	   1.0576249170771530e+00	   8.2874108075931008e-01	   8.7252469893307427e-01	   5.5127888174360529e-01	   9.5931355373609506e-01	   9.0087693842222327e-01	   9.8068474607443401e-01	   7.0325469412220254e-01	   7.5658239031954611e-01	   1.9700752092069693e-01	   5.9516743583911924e-01	   6.4020605308559375e-01	   7.6041389328692133e-01	   7.1152647967333660e-01	   7.4203680710563746e-01	   2.1541737444451298e-01	   2.9433997507333526e-01	   7.6670542272310038e-01	   7.4714974410694746e-01	   8.3541098509920353e-01	   8.5402376782470490e-01	   8.1428581665711364e-01	   7.4349840725780481e-01	   8.1522535661058226e-01	   8.2827069317291380e-01	   5.4250703105736264e-01	   4.6124962422673421e-01	   7.4152021783143829e-01	   7.8366678906826004e-01	   6.0823851311027255e-01	   6.3005319841423091e-01	   5.2245497664085039e-01	   5.3591803190202936e-01	   1.8440371064262473e-01	   5.0995150484414808e-01	   6.9017636255508064e-01	   7.3595820952837987e-01	   6.9826027008968483e-01	   7.3189263471397981e-01	   5.6467419626613602e-01	   6.5048325139195373e-01	   5.8873489187996764e-01	   6.7891896152069697e-01	   2.2966456022576509e-01	   2.1145201545431988e-01	   4.3156759268583178e-01	   6.2477208111958382e-01	   2.1055850238731025e-01	   4.5306888248735067e-01	   7.6217759686870368e-01	   7.3593535973498814e-01	   7.6150123728899155e-01	   5.9226426972364332e-01	   1.8276728071850673e-01	  -1.4202375395589187e-01	
   1.0361015251209222e+00	   8.0918806063455095e-01	   1.1058342866192550e+00	   1.3771074265591325e+00	   7.1734820885799577e-01	   8.0512610527590056e-01	   1.1785025757017713e+00	   1.5391572324543106e+00	   7.6775797883997310e-01	   7.5506952702381558e-01	   1.3706550400540876e+00	   1.1541804168974525e+00	   0.0000000000000000e+00	   1.6321209153733549e+00	   1.1195655119598038e+00	   1.1591999351387425e+00	   7.5580082388450887e-01	   3.8690186303920754e-01	   1.1571427245823434e+00	   1.1156941142642398e+00	   6.5205394844527709e-01	   8.3826013033963465e-01	   1.4021190195454034e+00	   1.3743002565594904e+00	   9.2423188936671485e-01	   9.5388823312191917e-01	   7.3043606644017933e-01	   7.5158718962296467e-01	   9.1560341313771676e-01	   9.6186169389669174e-01	   1.2272954970806564e+00	   1.3328530403730530e+00	   1.1853552878067923e+00	   1.1936140378517464e+00	   1.0029417741032791e+00	   8.9335619990456394e-01	   9.2425696216326403e-01	   8.6356408451000255e-01	   9.9417454360470769e-01	   9.5533682752681437e-01	   9.3130783185116406e-01	   1.0844461233111879e+00	   5.8878164182910764e-01	   7.9340414262163816e-01	   6.8191905021696297e-01	   7.7545213634234345e-01	   7.7221151861234971e-01	   8.6124503522908524e-01	   7.7459742312154900e-01	   7.3038015144720414e-01	   1.0003307105155990e+00	   9.2407699365591445e-01	   8.6172975007176589e-01	   8.0936505057383135e-01	   1.0245709250753943e+00	   7.3454585864093913e-01	   7.0658037161547960e-01	   6.0678061960966456e-01	   8.5536106852950522e-01	   1.0212287848136667e+00	   9.4677796498167388e-01	   9.4034289030262996e-01	   7.5979739844840688e-01	   7.3615291011145978e-01	   8.4011920316092781e-01	   1.1032614013101392e+00	   1.1801018991107037e+00	   1.2039208142580102e+00	   8.1035823278014629e-01	   8.7519193149109131e-01	   2.6721591006285977e-01	   6.7775628595196269e-01	   8.2461331112580638e-01	   1.1455896239788617e+00	   1.0192795073412093e+00	   1.1327099285772295e+00	   3.3069181048402718e-01	   3.8459866386392483e-01	   8.7505950522543396e-01	   7.8324728981491520e-01	   9.5789451838698014e-01	   8.8502245866757279e-01	   1.2164397301626690e+00	   1.2423582582496717e+00	   1.0754209931197594e+00	   1.1703652854948132e+00	   9.0275091802739627e-01	   8.2980236700979382e-01	   1.2276832328791560e+00	   1.1409967706669990e+00	   1.0517423646795081e+00	   1.0875717632519895e+00	   9.0465115124655715e-01	   9.6839759475836362e-01	   1.7017209268076394e-01	   6.3862380166500432e-01	   9.5208027881701052e-01	   9.7974704039671967e-01	   1.0253169546416043e+00	   1.0429455975369417e+00	   8.1577306266559746e-01	   9.5443191166879437e-01	   8.2049447535145670e-01	   9.4314709065140712e-01	   3.8634083276663789e-01	   3.6648408682255051e-01	   5.2604786411597593e-01	   8.8800776470542475e-01	   2.5259321487627917e-01	   5.2679663976621949e-01	   1.1330907561532342e+00	   1.1178147613582077e+00	   1.1016042086642588e+00	   9.4925715082551598e-01	   3.3332214297761253e-01	  -1.2976401566279983e-01	
