   0.0000000000000000e+00	   1.5692996016091589e+00	   7.5810713938991636e-01	   7.8548452574390426e-01	   7.2364590100936343e-01	   7.6323959383711804e-01	   9.7097124985311278e-01	   8.4352795021936311e-01	   8.2762051826812355e-01	   5.4401204499266942e-01	   8.5260840208335409e-01	   8.8887219923393868e-01	   7.6339737060905166e-01	   8.0435514529058749e-01	   8.9243843031471581e-01	   8.5015438851656944e-01	   6.4984523501578728e-01	   5.3376220993445100e-01	   1.1830270983592890e+00	   1.0605497318959720e+00	   5.4796434014900119e-01	   6.6822652735317656e-01	   6.8062234163441393e-01	   4.8324202537215438e-01	   3.7943168054483717e-01	   3.3761263847862272e-01	   5.1189744552956196e-01	   5.1756449554323991e-01	   7.3476254998177160e-01	   7.0612523151245343e-01	   7.5088919601467674e-01	   6.6292779109071986e-01	   1.0119074623535453e+00	   9.7287529047340149e-01	   3.5638158297072881e-01	   4.4017909829539970e-01	   5.9741657337569154e-01	   5.2274026973187993e-01	   5.6319192346400182e-01	   7.3602520739992205e-01	   7.2868351283049027e-01	   4.7122995187539746e-01	   8.3044630780542672e-01	   8.1310256354753874e-01	   7.1293388779903122e-01	   9.4014993826079774e-01	   9.7367391656043756e-01	   1.0755603734478285e+00	   9.0739499293657411e-01	   8.7313070185347663e-01	   8.3088812538538348e-01	   9.2003906623153553e-01	   8.8396194385112259e-01	   9.1737779848621970e-01	   1.0101437191769322e+00	   1.1070496922692543e+00	   1.2559049267804920e+00	   9.6166742025944896e-01	   1.1164769033916113e+00	   1.0292874990019678e+00	   1.0651055554429445e+00	   6.3248302778699494e-01	   9.9956073726216588e-01	   8.5673224834666462e-01	   4.0874650900517262e-01	   4.2219051160172782e-01	   8.3254342316698993e-01	   7.9323248700608584e-01	   1.0369362512148226e+00	   6.4836461292443048e-01	   4.5638291714644480e-01	   3.6920832641868173e-01	   1.0360398243510289e+00	   4.5809371714882613e-01	   4.5472092868634073e-01	   9.1347370179997833e-01	   6.5164744446934886e-01	   5.7300510542963601e-01	   7.4585844847898186e-01	   4.4424174005084538e-01	   1.2220368861097177e+00	   8.5925222602317963e-01	   8.3572878309069409e-01	   1.0700663243622208e+00	   1.0901101004182858e+00	   8.4337560999937078e-01	   4.9105350701034206e-01	   5.1130143265034056e-01	   9.0545297712496209e-01	   8.2293137893112434e-01	   8.0268936597400575e-01	   5.0517026830936540e-01	   5.8556469626027285e-01	   7.1688349073263846e-01	   2.4480388813137868e-01	   2.9180129565952573e-01	   6.9222790305698734e-01	   8.6306037738222674e-01	   7.8564742216681727e-01	   1.0162997330533552e+00	   6.2990005179205033e-01	   6.9157149255597283e-01	   5.2462939628754490e-01	   7.2719996075882276e-01	  -2.5159895931321274e-01	  -4.0938111120219745e-01	   8.8616712907164080e-02	  -4.5596221085484417e-02	   9.7640905456576610e-02	   2.6499898421389512e-01	   6.1940344064098907e-01	   7.6672536054518581e-01	   9.1020936996933144e-01	   5.0087668648539141e-01	  -2.2000544782954332e-01	  -3.8529231853870860e-01	
   1.5692996016091589e+00	   0.0000000000000000e+00	   6.4840751209220959e-01	   8.3213154293444447e-01	   7.3767224860474567e-01	   9.5489097318023131e-01	   1.0576819697627358e+00	   9.1443148713352207e-01	   7.8432411405556679e-01	   6.5722597029494745e-01	   8.6769519108983262e-01	   8.8794226502101181e-01	   7.6208747029745116e-01	   9.5105879450021558e-01	   7.7525209643213799e-01	   8.9403539642154528e-01	   7.4675048241771269e-01	   7.7873479026323522e-01	   1.3160299941534548e+00	   1.2624799205451223e+00	   5.1681566792206191e-01	   6.4604249133759184e-01	   5.8316667769872144e-01	   4.1833278990643841e-01	   3.0709659584311377e-01	   2.9996239299559146e-01	   4.4788677153532264e-01	   3.9680048092664694e-01	   7.5592436415890207e-01	   9.6018774495311743e-01	   7.1481336642775473e-01	   6.2355627108112666e-01	   1.1680422970901718e+00	   1.2862706747968753e+00	   3.2365015077591275e-01	   4.4065094026076912e-01	   6.0513473173325283e-01	   5.5747935115030767e-01	   6.3591003808828728e-01	   7.6700759740098912e-01	   7.9874278571595114e-01	   5.3137923924111241e-01	   8.5930222005525025e-01	   8.5914718195407214e-01	   7.4707333081128613e-01	   1.0056096429556578e+00	   1.0368728327994718e+00	   1.1704266445549396e+00	   8.8910819655630835e-01	   9.1837303162659911e-01	   8.3324764579158839e-01	   9.1369527204070922e-01	   9.9799814337619075e-01	   9.7224294146495593e-01	   1.0622509836078493e+00	   1.1859783299320503e+00	   1.4312924615634131e+00	   1.4362530663494046e+00	   9.6688267880811851e-01	   1.0609445790847856e+00	   8.9767541721393485e-01	   6.7886864792780066e-01	   1.2529646411036555e+00	   1.1609810753408538e+00	   2.7283575103409019e-01	   3.6535658599263338e-01	   8.1308065120670336e-01	   8.1938439600772361e-01	   1.2481635643485980e+00	   7.5619706447777768e-01	   4.4618595049430781e-01	   4.0141982867450704e-01	   1.1701905753784607e+00	   6.2412032816770857e-01	   4.7709913138181481e-01	   1.0262784960477167e+00	   7.0024938717764995e-01	   6.7289019397421224e-01	   8.9962022485650117e-01	   6.1057384895577316e-01	   1.4550251140613797e+00	   1.0824661375772204e+00	   8.6754756554540191e-01	   1.2326367730084751e+00	   1.0599229354915582e+00	   8.8190837768198116e-01	   4.8140718104480262e-01	   5.0188649094657867e-01	   8.0603426497537922e-01	   8.1670621185061765e-01	   8.6084374769723448e-01	   4.8312449299804494e-01	   5.8812268870162987e-01	   6.0599709956900660e-01	   2.4423077540456886e-01	   2.7714350843566971e-01	   6.7621981006328780e-01	   8.8563964964620734e-01	   9.5553439396661899e-01	   1.1044165154243315e+00	   7.4471521951041775e-01	   6.8240589696047771e-01	   6.3736081299436931e-01	   6.9879982929008666e-01	  -2.1930876289703949e-01	  -3.9750559549093084e-01	   6.6587099598855920e-02	  -5.4799223489129467e-02	   9.5787197121938117e-02	   2.4726657665137930e-01	   6.5939682770489161e-01	   8.1923931251685955e-01	   9.1859437405042321e-01	   4.6322708826835352e-01	  -2.2156033042436862e-01	  -3.4712325335388100e-01	
   7.5810713938991636e-01	   6.4840751209220959e-01	   0.0000000000000000e+00	   1.1481674507528663e+00	   8.6215605671403528e-01	   3.8144694049967776e-01	   1.1087771818723118e+00	   8.9897822594562671e-01	   7.2918359465891536e-01	   3.3752289886749415e-01	   4.3319295762253673e-01	   3.4674630962843556e-01	   6.4253808032213822e-01	   2.9867331948526554e-01	   9.1562612585186021e-01	   6.5843972035296716e-01	   2.1737240331099900e-01	   6.6332810172927831e-02	   8.7370062123568060e-01	   7.5618736717910773e-01	   4.9864133703446845e-01	   5.0591262374203971e-01	   1.5638587342146610e+00	   1.2361417827569754e+00	   8.2435141442616666e-01	   5.3808612106443776e-01	   8.2258678781914063e-01	   5.7971782357872270e-01	   3.0605392526133424e-01	   2.9159612842328847e-01	   9.5035201708645645e-01	   1.0403033902244203e+00	   7.2333369821076887e-01	   6.8152520027963959e-01	   8.8266096249664905e-01	   7.7092728436996982e-01	   7.8070961043161080e-01	   5.9349579823517284e-01	   6.8101250618193954e-01	   7.9904785564573033e-01	   6.2945326031221471e-01	   2.7490947806809335e-01	   9.8358631765593918e-01	   9.2333019612138056e-01	   7.4299903116146149e-01	   9.6588388718494977e-01	   9.6689736952287830e-01	   9.9414694307485840e-01	   9.8902389037658944e-01	   8.0143906769237294e-01	   1.0591521507383777e+00	   8.5742558728530849e-01	   8.6166801664428316e-01	   7.7072669453918219e-01	   9.0786973635544710e-01	   9.7885718058812898e-01	   5.7890891133072242e-01	   3.8596153254303461e-01	   6.9252272972601270e-01	   4.6695473735384763e-01	   7.7698252553752745e-01	   6.2289828246993750e-01	   4.5931376444045774e-01	   3.3221453456211159e-01	   9.2240479912232520e-01	   7.5347549477030407e-01	   9.9406684559425762e-01	   8.0807332531061249e-01	   5.0858293545956701e-01	   3.4492604356797246e-01	   4.6247859850557471e-01	   4.2131387326798736e-01	   7.2799478334119749e-01	   1.3518146907235182e-01	   2.8262371791107632e-01	   5.4251982434218193e-01	   7.8596104804709865e-01	   6.6599575585348858e-01	   4.9136510876201089e-01	   1.1805798767933538e-01	   5.5978938512541621e-01	   4.9013156792475465e-01	   7.8349704078630333e-01	   7.2799325690125616e-01	   1.0283921827729279e+00	   8.4226541997072213e-01	   6.3786062583134528e-01	   8.9337083550706453e-01	   9.8310534394107019e-01	   9.0697807898019756e-01	   9.0066274510856870e-01	   6.3809076977490320e-01	   8.4484990685684214e-01	   9.5305511208061233e-01	   1.8429151826684423e-01	   2.0517058254861098e-01	   6.2891059210629485e-01	   7.6166180612814260e-01	   7.2171425528566036e-01	   8.4550198615781647e-01	   5.4845447352969912e-01	   7.9495652991810561e-01	   4.8231436695718410e-01	   6.1580900560255991e-01	  -1.8585883335205228e-01	  -3.0376916002093723e-01	   1.6765741924450465e-02	  -7.2284269975982723e-02	  -3.1771070815092253e-03	   1.9827395916298154e-01	   7.6871401721811705e-01	   7.5000466591708559e-01	   7.9340325698632530e-01	   5.6334649963042971e-01	  -1.4453353801174126e-01	  -3.9696962242077999e-01	
   7.8548452574390426e-01	   8.3213154293444447e-01	   1.1481674507528663e+00	   0.0000000000000000e+00	   8.4162212115894308e-01	   6.3046810945445486e-01	   1.1891486274188621e+00	   1.5857979881589164e+00	   8.1077041124819271e-01	   7.1346226625764342e-01	   5.8154653047263638e-01	   5.0535501450640397e-01	   8.6337427707694925e-01	   5.3567701627569142e-01	   8.0554596867159345e-01	   9.9005327090171225e-01	   2.2948089293836460e-01	   1.1840311153048183e-01	   1.1530052488084919e+00	   1.0823647395559102e+00	   3.8646723584544218e-01	   4.3774443512028205e-01	   1.0830281025129225e+00	   1.0826426338930366e+00	   5.9611645487665732e-01	   5.0005847662808345e-01	   5.3228477394574569e-01	   3.6892110212547502e-01	   3.4290868151058485e-01	   4.1201541910340961e-01	   8.4531199800704149e-01	   9.4027174536454694e-01	   8.5542030083594933e-01	   8.8081065713011442e-01	   7.1730044881689747e-01	   8.6040835879600175e-01	   7.2452362845415974e-01	   7.1428529942434626e-01	   6.4601860232861563e-01	   8.6204911146595431e-01	   7.0230484332040011e-01	   3.4632690486239143e-01	   9.4102831771958440e-01	   8.1408234715707084e-01	   6.4105683127155499e-01	   8.5189845548655740e-01	   1.0286821028609476e+00	   1.0705298510332013e+00	   8.6185720637544572e-01	   8.7113393276624840e-01	   8.9662186728520188e-01	   7.1200919412361929e-01	   1.0573676030016768e+00	   8.7433594443919316e-01	   9.1411144847862225e-01	   1.0000187577458775e+00	   6.9665206829415072e-01	   5.0630114467441667e-01	   7.2388617502145336e-01	   6.2087406841457649e-01	   8.3551377041757713e-01	   1.0084676661918690e+00	   5.8488681886936633e-01	   4.2542945366323665e-01	   5.9719620266787232e-01	   8.4064923000645297e-01	   8.8979970278750187e-01	   8.0216949965808904e-01	   6.7688392593634095e-01	   4.1600734464526656e-01	   4.2001685175910203e-01	   5.3329079569656024e-01	   8.0423444014922840e-01	   1.9145008615010928e-01	   2.5270049489061686e-01	   6.9343734675285296e-01	   1.0303323471306827e+00	   9.3474673446143053e-01	   4.7554829609059096e-01	   9.2012822357828011e-02	   6.4894357225894095e-01	   4.9456994737278059e-01	   8.0342934045664749e-01	   9.3766196636102273e-01	   9.0883640053672088e-01	   8.3734890140678520e-01	   5.2488841605947023e-01	   8.0580321206019134e-01	   8.9003394100742628e-01	   1.1726987822636676e+00	   1.2448763527865718e+00	   7.3673188179659699e-01	   1.1066743676302264e+00	   8.4890345192758754e-01	   2.1320600079717758e-01	   2.3308075178826909e-01	   5.8921791862898210e-01	   7.9438281968739799e-01	   8.3702747544330247e-01	   9.4118555519653246e-01	   5.7031332962071568e-01	   7.5583746902400595e-01	   3.8471749382380277e-01	   5.3898312743711629e-01	  -3.4634845714669360e-01	  -4.3359961835359101e-01	  -2.4319953548416748e-02	  -1.3575430529756138e-01	   5.1414264257360974e-02	   2.3081321031349528e-01	   9.3818949232593729e-01	   8.3388965484363453e-01	   8.3727296385518835e-01	   4.6116920130245376e-01	  -2.7024615439552319e-01	  -5.0629910530123978e-01	
   7.2364590100936343e-01	   7.3767224860474567e-01	   8.6215605671403528e-01	   8.4162212115894308e-01	   0.0000000000000000e+00	   9.1932119075569618e-01	   1.1533471523605541e+00	   7.6295364238738250e-01	   1.1973313331040227e+00	   7.5665912056070550e-01	   3.5685522914822421e-01	   3.9188167233664428e-01	   5.4788404084047837e-01	   4.9310763102325467e-01	   7.8170197889683568e-01	   7.2529500747210418e-01	   3.9274994857636453e-01	   3.3314400271769101e-01	   9.3518413474497586e-01	   9.0730860388559609e-01	   7.2475095368856879e-01	   7.4528537151472307e-01	   6.7967534485500702e-01	   4.9592583782398314e-01	   5.4946354625757976e-01	   3.2223423870101692e-01	   5.7274661159008544e-01	   3.4240532937904855e-01	   4.0740947854509013e-01	   5.2805951164602072e-01	   1.0036096456163737e+00	   8.0176493718948150e-01	   7.3173041287649443e-01	   7.0945588624003442e-01	   3.3626992023184210e-01	   4.5770190725867854e-01	   4.1068283270084005e-01	   2.2905176874556568e-01	   3.3632683703519195e-01	   4.0368131253166784e-01	   4.7646041153718888e-01	   1.3579336440729320e-01	   7.0513591312095580e-01	   6.0692647761213125e-01	   8.1018228819274296e-01	   7.1797904818317548e-01	   8.3400401734743290e-01	   7.7758352179272150e-01	   6.8912805391979026e-01	   6.5811250434678648e-01	   6.4300882426801143e-01	   5.5415813653971380e-01	   8.4787594178379411e-01	   9.1484718679944999e-01	   6.4313882365940001e-01	   6.5712027553925234e-01	   6.9996916515646890e-01	   5.2302011656025960e-01	   6.2987716905213953e-01	   6.0445962025610356e-01	   4.8191957382359085e-01	   5.6032019029531188e-01	   6.3504510122425206e-01	   5.0034990647382327e-01	   1.9417383088875570e-01	   3.4887400269159696e-01	   6.5662055689123844e-01	   5.4134497322133734e-01	   6.4536242993873427e-01	   4.8643688327433154e-01	   5.0072432533894828e-01	   4.3672976299940991e-01	   8.5438012249285744e-01	   1.7928386835153154e-01	   3.0754471942517231e-01	   5.0758399680795208e-01	   5.2625424678935273e-01	   3.9803093440318826e-01	   4.8255396477541845e-01	   2.4889102799336491e-01	   7.5009600546640698e-01	   5.4759958819201260e-01	   6.5968789523004956e-01	   7.7051593149465558e-01	   8.1404672324459215e-01	   4.9474574056046439e-01	   3.2058266059975027e-01	   4.0579170920267116e-01	   4.7012862969685987e-01	   5.6133218433103371e-01	   8.3641309934547514e-01	   5.8022404058456889e-01	   6.4831591066625616e-01	   5.8385121143989327e-01	   2.4760063096207785e-01	   2.5224729936084844e-01	   4.6613529122405872e-01	   5.6289933876915610e-01	   7.4713534952812988e-01	   8.5047065985983739e-01	   7.1492716823158642e-01	   6.7564468983700787e-01	   5.4839013404790049e-01	   6.4321886686298024e-01	  -6.9690030694911281e-02	  -1.8570304870492815e-01	   9.0016416288184742e-02	   1.0636405539004733e-01	   1.2725564821174146e-01	   2.4696745572699674e-01	   5.9498636889344281e-01	   6.6482246724628169e-01	   6.3212825012912577e-01	   4.1172390024871741e-01	  -5.8109396159485363e-02	  -1.4916452034415825e-01	
   7.6323959383711804e-01	   9.5489097318023131e-01	   3.8144694049967776e-01	   6.3046810945445486e-01	   9.1932119075569618e-01	   0.0000000000000000e+00	   8.2922814756376706e-01	   7.5172900091567896e-01	   9.5183289494963763e-01	   1.2053371984373371e+00	   4.6425133673193225e-01	   6.6575074010523616e-01	   5.7352498114183514e-01	   9.5375537184285719e-01	   6.1828932067016218e-01	   9.4426853360245844e-01	   4.5489388649948076e-01	   5.6687531305438499e-01	   8.9681889330733189e-01	   9.6350322156623747e-01	   5.2223676335832114e-01	   5.9672582850356237e-01	   3.1076743585510697e-01	   1.7460940569208541e-01	   1.6647723575171397e-01	   1.8238206169678661e-01	   3.7598800595429843e-01	   3.6478565830677129e-01	   4.4814196116817540e-01	   6.9356091377410389e-01	   5.0425428730892130e-01	   3.5693013095522819e-01	   6.4639763081418344e-01	   7.1905332664597255e-01	   2.1321924872313481e-02	   1.9599690010734852e-01	   2.4958491827318760e-01	   2.9053456777591996e-01	   3.0827819119430167e-01	   4.2216275673550901e-01	   5.1210818567067184e-01	   2.4939509151939948e-01	   5.5433588566150660e-01	   4.9227784245716294e-01	   6.0292804367051656e-01	   5.5741016500261698e-01	   6.6118707318776337e-01	   6.8912341284397560e-01	   6.1413727982041455e-01	   6.9681548145206551e-01	   5.0493988784954369e-01	   5.1741722708408211e-01	   8.1544118279084687e-01	   7.3896518269304645e-01	   6.3376576985069066e-01	   6.8117980892955987e-01	   8.2397131204557095e-01	   7.5538655696422430e-01	   6.6296013779145813e-01	   8.4857024539475201e-01	   4.9739332231994116e-01	   5.9030320001617764e-01	   7.6097719741046899e-01	   7.6860640065602703e-01	  -6.7979442746135557e-02	   1.4161865538662155e-01	   3.8946924458247245e-01	   3.9811043863233508e-01	   7.7822961425280268e-01	   5.8678313662123627e-01	   3.5278308671608027e-01	   3.9729596385608001e-01	   8.0510399031886160e-01	   3.4402240592329331e-01	   4.2833360117944203e-01	   7.7242422898789476e-01	   4.2073508777436575e-01	   3.9832320400174115e-01	   5.3415684269302288e-01	   3.9543272315761485e-01	   7.9456027605851454e-01	   6.7275270038993062e-01	   5.9154459508190305e-01	   8.0038523886496193e-01	   6.3408354253293009e-01	   4.4122224598072457e-01	   2.7834337585816732e-01	   2.2534786385770222e-01	   5.0180677665675399e-01	   5.2429716044624874e-01	   7.2951955865621820e-01	   4.4850614275392053e-01	   5.0974864407814269e-01	   3.9383582164501929e-01	   8.4741660122132786e-02	   1.0125861373355098e-01	   3.0078180284572248e-01	   4.3178487793063003e-01	   6.9616666332151800e-01	   7.5008346586695174e-01	   7.8733493670212917e-01	   5.4186706558708542e-01	   5.3774364006946263e-01	   4.7844765483334895e-01	  -1.1036793362160638e-01	  -2.2289364646394064e-01	   1.2437724538572251e-01	   1.1616457749910136e-01	   2.3907792076947740e-02	   1.0168072575067504e-01	   5.0458787331054378e-01	   4.8987979270917031e-01	   5.3592446781406811e-01	   2.4444093862153321e-01	  -1.5591634852447908e-01	  -1.7217521285252799e-01	
   9.7097124985311278e-01	   1.0576819697627358e+00	   1.1087771818723118e+00	   1.1891486274188621e+00	   1.1533471523605541e+00	   8.2922814756376706e-01	   0.0000000000000000e+00	   1.2261832912089610e+00	   9.7364638924048963e-01	   6.5910561019072744e-01	   6.8777775285572362e-01	   5.9704585110088793e-01	   9.0392760338210454e-01	   7.4923012999738203e-01	   8.5972785968513377e-01	   8.5799703295988616e-01	   4.1953179748387714e-01	   3.7961607737130798e-01	   1.1251101897290261e+00	   1.0951620727675779e+00	   5.4395990130263638e-01	   6.0544518266782099e-01	   8.3003944166669752e-01	   6.5044186748432165e-01	   4.5502984368835436e-01	   3.1332205629132620e-01	   5.1905186622472110e-01	   3.2207462407073462e-01	   4.5696211083056076e-01	   5.6716727885956741e-01	   9.6356554010104090e-01	   8.5931157753409426e-01	   1.0647400598007550e+00	   1.0836682668498869e+00	   4.7720290935258408e-01	   6.1691463651748413e-01	   6.6430667298018808e-01	   5.4805873348861545e-01	   5.8713935650781834e-01	   6.9258058553891566e-01	   6.5591980728458510e-01	   3.3604712471243076e-01	   9.2146001273370892e-01	   8.8779102190318904e-01	   8.5137985009385164e-01	   1.0525778289967325e+00	   1.0751570633882455e+00	   1.0790723516379284e+00	   9.5196926939844706e-01	   9.5961543109040937e-01	   8.8696195049828686e-01	   8.1126573762109033e-01	   9.8587938476015302e-01	   8.6364828238233327e-01	   9.0207116882354710e-01	   1.0036355793565557e+00	   8.4171581290832076e-01	   7.1823737030078205e-01	   7.3642916950455384e-01	   7.2562906442974640e-01	   8.3648258880515569e-01	   7.8072762613309199e-01	   9.0576729858661265e-01	   7.8336047059059577e-01	   4.0799334811523258e-01	   5.7094850056959900e-01	   8.6169917133454854e-01	   8.0666639020546649e-01	   7.5799482598901546e-01	   4.6758599825198482e-01	   4.2673256911486618e-01	   4.4473834114229172e-01	   1.0431745250860134e+00	   3.1745368341419966e-01	   3.5651244049225556e-01	   7.1948248512063784e-01	   8.0610133606257284e-01	   7.2348309307268832e-01	   5.6687374668129031e-01	   2.5845656810330886e-01	   9.2453883408309478e-01	   7.0722755472689269e-01	   7.3616355390166410e-01	   9.6520732262719877e-01	   1.0383187576421635e+00	   7.3765272071238497e-01	   4.6611620133684645e-01	   5.9041573653289303e-01	   7.2183897458929247e-01	   7.9918200241547077e-01	   1.0223336992114336e+00	   7.0533189441564925e-01	   7.9439103531280497e-01	   7.6568309316698580e-01	   3.0184635929280140e-01	   3.0234160949382122e-01	   6.7178832899228125e-01	   7.9734866678068872e-01	   1.0045097274956278e+00	   1.1392432418463576e+00	   7.5122191820404616e-01	   8.6735050091872412e-01	   5.9712774210676234e-01	   7.6971237209292931e-01	  -2.3118420545483387e-01	  -3.6565148138746123e-01	   2.4031412407308238e-02	  -1.1107050464767336e-01	   1.1359749712192208e-01	   3.4128030420878191e-01	   7.9387405528917898e-01	   9.2953370089626841e-01	   9.5354440892568915e-01	   4.9971307185933944e-01	  -2.0940861984340053e-01	  -3.5994664302563401e-01	
   8.4352795021936311e-01	   9.1443148713352207e-01	   8.9897822594562671e-01	   1.5857979881589164e+00	   7.6295364238738250e-01	   7.5172900091567896e-01	   1.2261832912089610e+00	   0.0000000000000000e+00	   8.3755807930606418e-01	   7.4159704782502600e-01	   7.2912462355770813e-01	   6.8099024695981292e-01	   1.0000936605052082e+00	   7.1972605522138877e-01	   7.6485237942247375e-01	   9.7512576087159775e-01	   3.0118432579186838e-01	   2.2735077442265217e-01	   1.0209842954631068e+00	   9.6853860478460319e-01	   3.8856161499096825e-01	   3.9281399404951056e-01	   8.3462636088241615e-01	   8.1916366175833055e-01	   4.8294646289772397e-01	   4.1099623230800320e-01	   4.5858911763919918e-01	   3.3511066347922686e-01	   3.9944618101458146e-01	   4.6292686424242657e-01	   7.4495323542343839e-01	   7.7625068625325322e-01	   7.5216532179592477e-01	   8.2495549685879865e-01	   5.0272996448996810e-01	   5.9774120998122238e-01	   6.5222955811708072e-01	   7.0505439165672290e-01	   5.4074561413471200e-01	   7.0414565655246597e-01	   6.2340270766877459e-01	   3.8084216893367423e-01	   9.3690667393362248e-01	   8.4687772389280203e-01	   6.3380333562066504e-01	   8.1082477023485033e-01	   9.3889760086286400e-01	   9.5474360211585907e-01	   8.0830571535572748e-01	   9.3539545345202046e-01	   8.0910404314253992e-01	   7.4605716876259121e-01	   9.8349740159835974e-01	   8.0241584031811353e-01	   8.7728511242330276e-01	   9.2900540034248258e-01	   7.5027757893086811e-01	   5.6810337342863915e-01	   6.9131257630856757e-01	   6.5065661469007918e-01	   8.8059006483463576e-01	   1.0406022433693913e+00	   7.0799059975152479e-01	   5.4637084432578376e-01	   4.9568258424341227e-01	   7.8382005007438937e-01	   7.1872629439245106e-01	   6.9953027669679180e-01	   6.4429366401137755e-01	   3.2405909176852682e-01	   3.5058044441256669e-01	   5.1888135434843474e-01	   7.7929412533077069e-01	   2.3691407424605193e-01	   1.7542561544148622e-01	   7.4520706235519063e-01	   8.7765422943630211e-01	   8.3436707247323949e-01	   4.9507646662901883e-01	   1.4084700835259520e-01	   7.0360677918143955e-01	   5.8421393289082268e-01	   6.7674945112682428e-01	   8.2510491416270948e-01	   9.2688527713845925e-01	   8.2491079235420095e-01	   4.6231484168393183e-01	   7.1727177990588098e-01	   8.5583303552292467e-01	   9.3642179117888158e-01	   1.1628389946650595e+00	   6.3982875686394469e-01	   1.0682404304566702e+00	   7.2902494526340689e-01	   2.7946080889768155e-01	   3.3178563642774878e-01	   5.9860819326794146e-01	   7.4627607605289692e-01	   8.5969429320928170e-01	   9.4509899676747877e-01	   6.1053572415164492e-01	   6.6682407855742609e-01	   4.0018920539625930e-01	   5.2981995838817342e-01	  -3.1049995195635616e-01	  -3.9682824377738185e-01	  -1.2621659407616898e-01	  -1.8042341007118726e-01	   1.5421683607278430e-01	   2.9666150233886163e-01	   8.6570344048890502e-01	   8.4707459541750896e-01	   1.0463587992799050e+00	   5.7022213954864454e-01	  -1.9427122747980757e-01	  -3.9014278739519853e-01	
   8.2762051826812355e-01	   7.8432411405556679e-01	   7.2918359465891536e-01	   8.1077041124819271e-01	   1.1973313331040227e+00	   9.5183289494963763e-01	   9.7364638924048963e-01	   8.3755807930606418e-01	   0.0000000000000000e+00	   9.3612593251621279e-01	   5.2541821138011646e-01	   5.2568169084395988e-01	   8.3774141761633814e-01	   6.7305564389308992e-01	   9.9982329406156767e-01	   9.1944901504250920e-01	   3.4361675086836274e-01	   2.7356958223164707e-01	   8.8290649830118328e-01	   8.6134626414992765e-01	   4.8885478446626673e-01	   5.5993987966400538e-01	   6.3856796178521402e-01	   4.5663176870461514e-01	   5.1599870464367359e-01	   3.4520941965919028e-01	   5.1517816656465998e-01	   4.1022512961765267e-01	   3.9358223866610331e-01	   4.0700308121102963e-01	   6.0061647044830813e-01	   4.9488239916311072e-01	   5.8633196266264254e-01	   5.4006169794017811e-01	   2.6732860032369277e-01	   3.5382453255824659e-01	   4.5099079690846650e-01	   3.6644411180236081e-01	   4.4098107357466937e-01	   5.0637428710183241e-01	   4.7216195879961348e-01	   1.3338713595751228e-01	   7.7264848868270419e-01	   7.1498739820238844e-01	   7.1960261106500567e-01	   7.1572532627213803e-01	   9.4111306211308621e-01	   8.9055444810221562e-01	   7.9830610224708332e-01	   7.9836140078946094e-01	   7.4478840134841062e-01	   6.4751632484766541e-01	   9.4400246089957562e-01	   9.4998239388826877e-01	   8.3963747388678911e-01	   7.8271851214347254e-01	   7.9342025461267796e-01	   5.4864365240638546e-01	   7.5491885506103618e-01	   6.4386313399431638e-01	   6.8738914492292535e-01	   6.7194278381596118e-01	   6.0139310435448923e-01	   4.9275275267702612e-01	   3.0475890170222525e-01	   4.5496292290144374e-01	   6.1455758388527837e-01	   4.8753469886104739e-01	   7.1367020327551600e-01	   5.7135488815992996e-01	   4.3250676414961298e-01	   4.6999448703263769e-01	   6.8989726002382357e-01	   1.1842930348428422e-01	   1.6955579007827681e-01	   5.2153106353493905e-01	   5.7764527801540511e-01	   4.7128420242368252e-01	   4.2914414698413850e-01	   1.8642040107444438e-01	   7.0910837379445135e-01	   6.4803478380256185e-01	   6.2309017552487000e-01	   7.4691159725642386e-01	   8.2700613230572961e-01	   5.9041202375500035e-01	   2.6532021235911796e-01	   3.9993865745475593e-01	   6.6714029846843825e-01	   6.5626128511176640e-01	   9.5445473540305337e-01	   7.1327605919116410e-01	   7.5910326465098332e-01	   7.8648010302977434e-01	   2.7260378397883933e-01	   2.5675680996105704e-01	   5.8059093556394714e-01	   6.1608658516411607e-01	   8.1079415241193997e-01	   9.3060104687000256e-01	   7.0641135226964058e-01	   7.9460348665164382e-01	   5.7714083839182762e-01	   7.2846206189396234e-01	  -3.8736439215944232e-02	  -1.5061229271978283e-01	   1.0879796891899088e-01	   1.1466306600803999e-01	   1.1842197494725984e-01	   2.3197403405876971e-01	   6.6129676784088032e-01	   6.6530556403874452e-01	   6.6679177875234752e-01	   4.6747536630818926e-01	  -3.7678957202958357e-02	  -1.4123466702840951e-01	
   5.4401204499266942e-01	   6.5722597029494745e-01	   3.3752289886749415e-01	   7.1346226625764342e-01	   7.5665912056070550e-01	   1.2053371984373371e+00	   6.5910561019072744e-01	   7.4159704782502600e-01	   9.3612593251621279e-01	   0.0000000000000000e+00	   3.6994768246535648e-01	   4.8589403149600363e-01	   5.8382493979095917e-01	   7.5831045360525473e-01	   6.2701244807761847e-01	   1.0948968891095467e+00	   2.3208843463834569e-01	   2.5060348821499812e-01	   7.0885794666973256e-01	   7.9278958104926622e-01	   3.1715309923084084e-01	   3.3851834626122990e-01	   2.9690178660121874e-01	   2.1423776524784544e-01	   5.8182229614547831e-02	   1.7048187090386937e-02	   1.9566795485284999e-01	   1.8138681009316956e-01	   3.1236409902229884e-01	   4.2722402647931601e-01	   3.2365538109919084e-01	   2.4055616880396447e-01	   4.6660882840827445e-01	   4.9964367739543747e-01	   4.2394382072391476e-02	   2.4901378311936986e-01	   2.7037535195230167e-01	   2.6682795800300385e-01	   2.8803906287676051e-01	   3.5796155860792772e-01	   4.5721619065790337e-01	   1.0631971575493206e-01	   4.7967481904363601e-01	   4.2628514918008992e-01	   4.7357082017946006e-01	   4.2927545295323244e-01	   6.0925723808131393e-01	   5.9601258884442232e-01	   4.8382146936056381e-01	   6.0544146067941862e-01	   4.0506566735128741e-01	   3.0417903014494890e-01	   7.8677978101400048e-01	   6.1891669134762961e-01	   5.9180081543992424e-01	   5.8525642303581438e-01	   6.2992756053380028e-01	   4.7321899495125719e-01	   5.0535747469343595e-01	   6.3705658788080433e-01	   3.9671489814304439e-01	   6.1286692970668244e-01	   5.1278655243647409e-01	   4.7028213921312512e-01	   1.2491968579920939e-02	   2.3345024021169364e-01	   2.7831288988432545e-01	   2.6572896014647385e-01	   5.6901759497138527e-01	   4.1344131387112443e-01	   1.9536325214347772e-01	   2.9815143941369793e-01	   4.5667475190940165e-01	   9.1334399338643235e-02	   1.3486931208505373e-01	   5.1263413294047078e-01	   4.4025787809130623e-01	   4.3002480823408523e-01	   3.1799831546420071e-01	   1.2903766284788454e-01	   5.2510220556580434e-01	   4.5193235558043038e-01	   5.8580168950138434e-01	   7.4159369309126422e-01	   5.4403375269769061e-01	   3.9171273735853257e-01	   2.0872291304234439e-01	   2.0029847811311005e-01	   4.7986352143173522e-01	   5.5333334704748161e-01	   8.7214622752779758e-01	   6.3871021191556820e-01	   6.6320946368758760e-01	   4.6293348341510698e-01	   1.9229263490961948e-01	   1.6645175688074579e-01	   3.2433207064606623e-01	   4.4531752600581292e-01	   7.3152120571397905e-01	   7.2035546327056199e-01	   6.5437757768094384e-01	   5.6550866461948324e-01	   4.2604364686074830e-01	   4.8730201224051861e-01	  -9.8873471145720704e-02	  -1.6895779850756842e-01	   8.6150085690375841e-02	   1.1298613048233987e-01	   1.0356657167394406e-01	   1.4686074135141305e-01	   5.5293154407281886e-01	   5.3549222964143461e-01	   4.9398180107359596e-01	   2.5190186704684314e-01	  -7.4702324772470380e-02	  -1.1096552632101807e-01	
   8.5260840208335409e-01	   8.6769519108983262e-01	   4.3319295762253673e-01	   5.8154653047263638e-01	   3.5685522914822421e-01	   4.6425133673193225e-01	   6.8777775285572362e-01	   7.2912462355770813e-01	   5.2541821138011646e-01	   3.6994768246535648e-01	   0.0000000000000000e+00	   9.3138303228023100e-01	   1.0825612040512602e+00	   8.7445082091710757e-01	   6.5428705490994354e-01	   5.9083503584562491e-01	   3.5467206472164664e-01	   4.2821465174776036e-01	   7.2823244947936316e-01	   7.1774262186646109e-01	   1.7756639860421278e-01	   2.0083909255053400e-01	   4.3828503342352748e-01	   3.2844192476269113e-01	   1.9553130008623706e-01	   1.8881118692003113e-01	   1.9433165304315264e-01	   1.7496868918164130e-01	   5.6993996782885303e-01	   5.2810397761882499e-01	   4.7750014432865739e-01	   4.4811203237655300e-01	   6.1759702159628593e-01	   7.7558630777442295e-01	   1.8531501245132892e-01	   2.4211793988781333e-01	   3.9260559806144618e-01	   4.8839028179618166e-01	   3.3499180038183163e-01	   4.4700243674108020e-01	   4.0468152306085520e-01	   3.8438713015952991e-01	   4.8422443620368905e-01	   5.8010928229943570e-01	   4.0896611316437848e-01	   5.4638516458597786e-01	   5.3332573361958424e-01	   5.7914690697743476e-01	   5.6496119959413349e-01	   7.6994519748528911e-01	   5.4266954275257051e-01	   6.3996338755140503e-01	   5.1580345716638587e-01	   5.1421206979932599e-01	   5.5243361276279568e-01	   6.3220019712255082e-01	   6.6112978667470335e-01	   7.2307824024790979e-01	   5.7955248793628011e-01	   6.3301752157041913e-01	   7.7969020624484608e-01	   6.5529295531565057e-01	   9.0854358255655931e-01	   7.7045642186961394e-01	   2.8461643448331575e-01	   4.4743236991184776e-01	   4.0968617836755900e-01	   4.3732022293675632e-01	   5.2835760564185674e-01	   2.1162739675410649e-01	   1.9320312869184117e-01	   1.6363854068597428e-01	   6.6392574345986821e-01	   3.2185953111889104e-01	   3.1044995010348531e-01	   7.1602699894733490e-01	   3.6418924188995216e-01	   3.2215412225486684e-01	   4.1122755839921671e-01	   2.3388713764358562e-01	   6.5317995292925080e-01	   6.4367132629419888e-01	   4.6503972988307285e-01	   6.2742416604942119e-01	   7.1051946623048556e-01	   5.5801175812172166e-01	   2.7081827899818639e-01	   3.4309453234068005e-01	   5.6444439809724378e-01	   4.8835585469630893e-01	   5.2118123022539520e-01	   3.7746427641692554e-01	   5.1795167663159780e-01	   4.9725328719776768e-01	   4.3627236790476676e-01	   5.2550464870074864e-01	   5.5657160709488540e-01	   6.2493272464698491e-01	   4.6832880674189203e-01	   6.0224953735925957e-01	   3.5069775246348411e-01	   4.5129923740997524e-01	   1.9188255924076258e-01	   4.6514137434918401e-01	  -3.1341508528857953e-01	  -3.7242595624583491e-01	  -1.3211954572603063e-01	  -2.1544759962807469e-01	   3.2146416350515639e-01	   4.6415152312471863e-01	   5.2605065205014334e-01	   5.8713148166209450e-01	   6.9061915668647078e-01	   3.8925761737457032e-01	  -1.6453308056664623e-01	  -2.3187997812694389e-01	
   8.8887219923393868e-01	   8.8794226502101181e-01	   3.4674630962843556e-01	   5.0535501450640397e-01	   3.9188167233664428e-01	   6.6575074010523616e-01	   5.9704585110088793e-01	   6.8099024695981292e-01	   5.2568169084395988e-01	   4.8589403149600363e-01	   9.3138303228023100e-01	   0.0000000000000000e+00	   7.0001651657560726e-01	   1.2034278211259568e+00	   7.6999219852086531e-01	   8.5092231023643394e-01	   3.1994116131251366e-01	   3.7106095306807640e-01	   6.7862705380268706e-01	   7.4435644877403617e-01	   4.9192607958319789e-01	   4.4126657534338665e-01	   3.7059629171281799e-01	   3.0056569136127470e-01	   1.4612713652316869e-01	   2.4537036663610046e-01	   4.0405338421609288e-01	   4.2111800781352887e-01	   5.8124632931859121e-01	   6.8216039381622573e-01	   5.0749494193854972e-01	   4.6281444719507214e-01	   4.8757623902770686e-01	   6.9305230939296125e-01	   1.1948184747505039e-01	   2.1514552192625266e-01	   2.9029174491094950e-01	   3.8141445069490432e-01	   2.0792989094595282e-01	   4.7072676542483061e-01	   4.4114666881164066e-01	   3.1183770738601435e-01	   5.3412659797780560e-01	   5.0801416493239626e-01	   4.1662177606647666e-01	   4.6654970286352804e-01	   5.0896596292815621e-01	   5.4511129809165770e-01	   4.0909572655162285e-01	   6.1569689177726317e-01	   4.0335762213343518e-01	   5.0367745367550354e-01	   4.1681713263196518e-01	   3.7221545558837277e-01	   4.6134719953111175e-01	   5.4109168390369755e-01	   5.4940751129171728e-01	   5.4975932724192689e-01	   5.6335127029057119e-01	   7.4232485555561689e-01	   6.5796612324017700e-01	   7.2510943808416906e-01	   6.8161505983923121e-01	   6.7418691096962224e-01	   2.3053088439704439e-01	   3.9622393358049768e-01	   3.1638063292782459e-01	   4.1314367655092432e-01	   6.2792658553537017e-01	   3.6825411336157649e-01	   3.3307093110210090e-01	   2.7445083301117829e-01	   5.9145402229366206e-01	   2.9073994788293628e-01	   4.0465309794706633e-01	   7.1606186911774006e-01	   2.6343707063387545e-01	   2.8074759840726421e-01	   4.4851576284941952e-01	   2.8728821306368485e-01	   7.3716606553631625e-01	   6.2230518465408524e-01	   6.8131832622871513e-01	   7.8175520443573210e-01	   8.5304467657042138e-01	   6.6504562869203598e-01	   2.2664723040694215e-01	   1.9048647385305736e-01	   5.7748433270280430e-01	   5.0337710536195102e-01	   4.4737669306736483e-01	   1.4665510460429870e-01	   3.7110257219235177e-01	   2.2679262682616935e-01	   1.7671344162836639e-01	   3.0966408379719845e-01	   3.7970628010371937e-01	   5.1271450247511274e-01	   3.5436228984832824e-01	   4.1523911239609279e-01	   3.6215328901009902e-01	   1.7460468978792978e-01	   1.3928498751451313e-01	   1.9464708643124878e-01	  -1.9772558647280844e-01	  -2.6726153929628715e-01	  -1.7249088794921888e-01	   1.7752517301341832e-02	   2.0010009211928564e-01	   1.7579989623689393e-01	   4.1628722715704491e-01	   4.2135372897073031e-01	   6.0988131148321190e-01	   4.1910097090569970e-01	  -1.9402297111023693e-02	  -1.3310600998463631e-01	
   7.6339737060905166e-01	   7.6208747029745116e-01	   6.4253808032213822e-01	   8.6337427707694925e-01	   5.4788404084047837e-01	   5.7352498114183514e-01	   9.0392760338210454e-01	   1.0000936605052082e+00	   8.3774141761633814e-01	   5.8382493979095917e-01	   1.0825612040512602e+00	   7.0001651657560726e-01	   0.0000000000000000e+00	   8.3527941122740224e-01	   8.4746894496645908e-01	   8.5142948254898398e-01	   3.2324905878054433e-01	   2.8127982205564417e-01	   7.6550239132385189e-01	   7.8461402150636350e-01	   2.4837568689680106e-01	   2.5573624820676799e-01	   7.0934192247274108e-01	   5.6592590486637051e-01	   4.1933124738409355e-01	   3.5730161945835698e-01	   3.3642967322244227e-01	   2.1054334936667018e-01	   5.4812469329723668e-01	   4.7778379090296597e-01	   5.9627779827288596e-01	   5.8342736217633495e-01	   6.3471587894636372e-01	   6.9387149808257587e-01	   2.9766559052302705e-01	   3.7106899996124426e-01	   5.9708162194914627e-01	   6.6389146992058323e-01	   5.3450668708024884e-01	   6.1471464769605721e-01	   4.7355103912966684e-01	   3.5713227194339192e-01	   7.2595548208857164e-01	   7.6714359636661744e-01	   5.6805158178972215e-01	   6.4125446366688765e-01	   8.3313506234500623e-01	   8.1450653086615155e-01	   7.3456569798013882e-01	   8.3285932350962022e-01	   6.9208852327049231e-01	   5.8566897625597814e-01	   8.0772949297515295e-01	   6.9695676670796625e-01	   7.8570544015929167e-01	   7.6224396169562958e-01	   6.4738880252893360e-01	   5.3128021063447173e-01	   5.2693479218909567e-01	   4.7409375099936646e-01	   7.6367921345801404e-01	   7.8562663504901509e-01	   6.6153894434038418e-01	   5.4175272593289625e-01	   4.6289361614732200e-01	   5.9996452184041582e-01	   4.4834679672118427e-01	   4.1388666251851691e-01	   5.5321442283127509e-01	   3.0461618228974729e-01	   2.0960413371927894e-01	   2.4371809212017120e-01	   6.7559829383893033e-01	   2.1891349585308753e-01	   1.4230875371477722e-01	   6.6949483906530782e-01	   5.0456911890612655e-01	   4.6581313470620944e-01	   4.1264039824357274e-01	   2.2423001689628005e-01	   6.7577853128705756e-01	   6.4722667209891904e-01	   4.7338508473540386e-01	   6.7784158664458516e-01	   7.3817964851251594e-01	   6.0470057014171452e-01	   3.0122118567061434e-01	   4.4222589214826202e-01	   6.3728595497116147e-01	   5.9362207321684890e-01	   8.2851700553259955e-01	   6.4852144145828328e-01	   7.3119117719965432e-01	   7.0368091521331244e-01	   5.5038981112642116e-01	   5.8483595203477279e-01	   7.9336433409192142e-01	   8.5260367214000898e-01	   7.5003562740221941e-01	   8.3121510999071990e-01	   4.2214285180947897e-01	   6.4098475878391781e-01	   3.5153078758097456e-01	   6.5962949956044725e-01	  -1.6781160196292333e-01	  -1.9593776167843643e-01	  -8.2141053109281340e-02	  -9.5218212729868065e-02	   3.4966577518030412e-01	   5.3919912420620375e-01	   8.6436168411092340e-01	   8.8974338466205161e-01	   8.2351147046942186e-01	   5.9444682400642557e-01	  -4.1383202007556609e-02	  -1.8465450917075593e-01	
