   0.0000000000000000e+00	   1.2221898936046756e+00	   7.6133494873792718e-01	   1.0506178378325857e+00	   6.0758230031902072e-01	   8.3882618234092488e-01	   7.7165789556902731e-01	   9.5684485848452017e-01	   7.0111285554115377e-01	   6.1927396130124279e-01	   1.0021825905112176e+00	   1.1018709459819716e+00	   8.7447770402270386e-01	   1.0322913483286957e+00	   6.6206843189906905e-01	   8.5010876725484452e-01	   4.9035369862960387e-01	   5.3498127648002725e-01	   8.7463925719366964e-01	   9.0290373686712710e-01	   5.1968827444263677e-01	   3.2838649639754935e-01	   6.1258073617184872e-01	   6.3675782702844075e-01	   4.3373930270182148e-01	   6.9815373332649833e-01	   4.3845740463111083e-01	   5.4420369997306439e-01	   4.2103689740788336e-01	   6.2317546739381624e-01	   5.7115319823985744e-01	   6.5899164207311289e-01	   9.0383222397096341e-01	   9.5427812328171702e-01	   5.5248039221947154e-01	   6.4795326970834266e-01	   1.3053137087281710e-01	   2.8523133916996629e-01	   4.3765771253113955e-01	   6.2529616868272320e-01	   4.1764324625521793e-02	   5.5697854402970504e-01	   9.3894049258584977e-01	   9.5144149452737548e-01	   8.4922604643111044e-01	   1.0090696371335341e+00	   7.8016629615832855e-01	   9.3221376618782503e-01	   1.1970622972136751e+00	   1.2600082689432519e+00	   1.0018917354913395e+00	   1.0713679646676482e+00	   9.1272786756239521e-01	   9.6864126107655801e-01	   1.0873547948780056e+00	   1.1404734392303557e+00	   8.7164032367544808e-01	   1.0141200026846688e+00	   1.0344320418888240e+00	   1.2184814711520930e+00	   1.3059468736041298e+00	   9.7964293087879162e-01	   5.3117222101117068e-01	   6.7350384478114789e-01	   4.9421664463774589e-01	   8.9347014463349916e-01	   7.3407998196579038e-01	   7.9095113571354125e-01	   5.9786883395502521e-01	   5.9361270595497617e-01	   7.7590679421792341e-01	   9.1434533165196297e-01	   7.5507043384780370e-01	   8.0839510857352948e-01	   7.1157335155645673e-01	   8.5897643845565397e-01	   6.4171275788495885e-01	   8.3586328315401914e-01	   4.1307101532323104e-01	   4.7522656315101097e-01	   6.7502554714202712e-01	   8.3288142026157930e-01	   7.5269665121213958e-01	   7.9610619507845792e-01	   7.3429242441644915e-01	   8.6274520501177143e-01	   3.4906089804719576e-01	   5.1854053793288257e-01	   9.5094927655241490e-01	   1.2541789578442777e+00	   5.7827120882283467e-01	   5.6293421834639845e-01	   4.7252107131517040e-01	   3.9343416083040167e-01	   2.7818538215248090e-01	   3.6626085641155454e-01	   7.1077316906483068e-01	   8.2992017917235239e-01	   1.0921072909437417e+00	   9.6246327546753740e-01	   8.0742059038070213e-01	   6.0177717191080782e-01	   9.1162628716483929e-01	   9.4476359204836247e-01	   2.6045938095300834e-02	  -5.6399936788140842e-02	   4.6231995671853321e-01	   5.7726320571705264e-02	   2.1066461352506508e-01	   3.4864208088160847e-01	   5.8463930880659554e-01	   7.9106269227772885e-01	   7.1614056009547811e-01	   5.8112859095222402e-01	   3.8935451134561716e-01	   2.2946555735246318e-01	
   1.2221898936046756e+00	   0.0000000000000000e+00	   3.4142626913310814e-01	   6.3549090188572777e-01	   4.2394410986137848e-01	   5.8333774182838338e-01	   3.5981590896709953e-01	   6.1190599158126247e-01	   4.7493307757907199e-01	   4.4736103722859327e-01	   6.3424067498324366e-01	   8.3814955547345726e-01	   5.3122558640852957e-01	   7.1033143047388148e-01	   4.6371897484640329e-01	   6.0844906592173809e-01	   8.7320831486557737e-01	   9.2069199239920851e-01	   8.0424429323697089e-01	   9.7594791770481149e-01	   3.5560388416877103e-01	   3.2720932974819861e-01	   3.0139518956293343e-01	   3.1750265753735651e-01	   2.2332950168671856e-01	   4.3542292177828223e-01	   2.9442128464173350e-01	   4.1077322454308296e-01	   6.6565857079755042e-01	   8.6547044891024172e-01	   3.8782249719891887e-01	   4.8848801401932185e-01	   7.2369324030215532e-01	   8.4890491882909358e-01	   2.6826987294853438e-01	   3.4467903037242403e-01	   6.4375232746226710e-02	   1.4005338838395490e-01	   2.5972550630313440e-01	   4.3744993456752745e-01	   1.1348174136637476e-01	   6.0381900413004219e-01	   6.1992908587005069e-01	   5.8383596537744531e-01	   6.2725412748375664e-01	   7.4873733951654708e-01	   6.0991170665342087e-01	   6.5781501135690579e-01	   7.4084154072553399e-01	   9.5236182150968596e-01	   6.3320013593345925e-01	   8.1088395087769416e-01	   7.3338797433372149e-01	   6.8318416076695587e-01	   6.6721580801732305e-01	   6.8639236964158123e-01	   1.3419789306782171e+00	   1.5411806163875514e+00	   6.1799774116589212e-01	   8.8936031882525635e-01	   7.3667603533838333e-01	   6.5975178075279484e-01	   5.6944016324516400e-01	   7.9774826292518242e-01	   1.5555289090006266e-01	   4.5638097377338960e-01	   3.7411322774413353e-01	   4.8776338334839597e-01	   5.8130937200855370e-01	   4.6259731997787940e-01	   5.2336639755380765e-01	   5.8990297982407491e-01	   7.2283601855422219e-01	   8.3739864247920159e-01	   6.1325952511875736e-01	   7.5080145566008150e-01	   4.8969692770395934e-01	   7.3606563009274595e-01	   6.8418743914771407e-01	   7.1629320233860394e-01	   8.3654216678658999e-01	   8.2261212155416341e-01	   5.7451303306635793e-01	   6.3009541984445683e-01	   4.1699869836073217e-01	   4.9319478377606102e-01	   1.5213484627550655e-01	   2.5400007586937062e-01	   5.2892430119849521e-01	   7.4242299005607015e-01	   3.0188685471361942e-01	   2.6717962117660676e-01	   1.8665973313029444e-01	   1.0881404175391432e-01	   2.1928654953267696e-01	   3.3434894362557405e-01	   5.6971797918739397e-01	   6.4807525873403016e-01	   9.5897954999980084e-01	   7.2091581856649412e-01	   5.2453461359377829e-01	   2.6478054814907404e-01	   7.8470312139416210e-01	   6.7632656345590170e-01	   9.2125808986366534e-02	   2.0810405098457673e-02	   2.1342209886100691e-01	   1.5015793456838370e-02	   1.4789391981450709e-01	   2.5853502006998513e-01	   4.4260232950083850e-01	   7.6135170419601095e-01	   5.4671363411828855e-01	   5.1142972724282598e-01	   2.7137399088488989e-01	   3.5819175731912972e-01	
   7.6133494873792718e-01	   3.4142626913310814e-01	   0.0000000000000000e+00	   1.2889458571408945e+00	   7.8598193594006616e-01	   5.9060352474206390e-01	   1.9855304227113872e+00	   1.1107855529520643e+00	   6.8113415832620450e-01	   4.4985493806533416e-01	   8.4556050057425580e-01	   6.6303068564339440e-01	   8.5605255307762951e-01	   6.8170516225504785e-01	   9.3663994443370324e-01	   6.9340881858631398e-01	   1.5091335015461599e-01	   1.8426106647301904e-01	   9.4859659993401568e-01	   6.6309117243179472e-01	   6.0501744833943449e-01	   1.9901854165466065e-01	   1.4199293142441025e+00	   1.1128401485457611e+00	   6.4728090357752444e-01	   8.0907625610910006e-01	   4.9764314216948924e-01	   4.2686506224950804e-01	   2.1981557754257300e-01	   3.0771505386553633e-01	   1.1316646941068189e+00	   1.0600377821397053e+00	   1.0046329358770967e+00	   8.6526926776034485e-01	   9.0943606454325809e-01	   8.4743337396062812e-01	   1.5793399180148956e-01	   3.3527370847457733e-01	   3.7007541789535681e-01	   5.2379954659486516e-01	  -1.8802061384534380e-01	   2.8250945715981257e-01	   8.7229540051512777e-01	   9.4657201379970524e-01	   8.4760766128840359e-01	   8.3882923681112964e-01	   6.5180529034459711e-01	   7.9717211025702950e-01	   9.1727196677787615e-01	   7.7224023734501024e-01	   9.6199257299433982e-01	   8.2442062746252631e-01	   6.5102195747900715e-01	   1.0328437958264076e+00	   7.9336792777113208e-01	   9.2359330421828001e-01	   2.5584216756292977e-01	   2.9674410283716529e-01	   8.0780600535296909e-01	   6.5150634286969988e-01	   8.0062142349680221e-01	   6.9548729163731982e-01	   4.3454923237448673e-01	   4.5536987719776062e-01	   1.0019370773418266e+00	   9.5170482212786334e-01	   1.1240292762090240e+00	   9.5465938990571764e-01	   3.2230647168479498e-01	   4.4543839712165256e-01	   9.8110844032682420e-01	   9.6539466653439099e-01	   6.1084762637990664e-01	   5.6384441431953769e-01	   7.3548959198422315e-01	   6.4682870869791875e-01	   6.0456407384812949e-01	   5.6152860175889052e-01	   1.4302815561769366e-01	   1.5604573535131944e-01	   3.6666763584947148e-01	   5.9849595122655341e-01	   7.5119930849878747e-01	   5.9636773753451111e-01	   8.8636503796804322e-01	   1.0502592891006541e+00	   4.3709669849574734e-01	   6.1347461856923957e-01	   9.3571609781389287e-01	   1.0399600456014995e+00	   7.8278847264924090e-01	   1.0853248217183615e+00	   6.4598704431662168e-01	   9.0743923993271913e-01	   2.3181639317356895e-01	   3.2627173219772043e-01	   5.1787741877899329e-01	   5.8737501237792911e-01	   6.9355702443000578e-01	   8.1040905530590712e-01	   8.2375817599666301e-01	   1.1940579244132907e+00	   7.6509594130542080e-01	   9.0344593960177755e-01	  -4.4719065710247280e-02	  -5.4310499720267240e-02	   6.8559539040588935e-01	   1.6298107905837969e-01	   2.8029182078154502e-01	   2.9462670393643353e-01	   4.8255716266067317e-01	   6.1792936281852651e-01	   7.4468669013596356e-01	   5.1262559683961439e-01	   5.4035281791045120e-01	   1.3067821776180399e-01	
   1.0506178378325857e+00	   6.3549090188572777e-01	   1.2889458571408945e+00	   0.0000000000000000e+00	   8.4843050916220097e-01	   9.9238682175408965e-01	   1.1804654482960661e+00	   1.3815323882469532e+00	   6.8222906500052338e-01	   6.5063447762411997e-01	   8.3338481030499811e-01	   9.8398670435051205e-01	   7.6408238256407657e-01	   9.5305268160059864e-01	   8.9575584703097122e-01	   1.1663065302789244e+00	   3.4187451267436247e-01	   3.6930484923385898e-01	   1.1550638366472636e+00	   9.6733537372171718e-01	   6.4908949313805342e-01	   3.2789417992692005e-01	   1.1688639628600348e+00	   1.3926731737935392e+00	   6.6744807698220154e-01	   1.0878300553835181e+00	   6.2391833314839651e-01	   6.7591340078650985e-01	   3.1996661698754442e-01	   5.1111674751702507e-01	   9.9584059737616670e-01	   1.1257218721802025e+00	   1.0937286121173437e+00	   1.0740862541794376e+00	   9.2608064216222641e-01	   9.4035123952061361e-01	   1.8352755998812553e-01	   3.5638198723432452e-01	   4.2632481655577764e-01	   6.4896365041248938e-01	  -1.2390798357585760e-01	   3.9889329236789595e-01	   1.1480139586606861e+00	   1.1446629813097482e+00	   1.0707729121737688e+00	   1.1334447299623129e+00	   8.2321809894061060e-01	   1.0879621959098811e+00	   1.0229741554884855e+00	   1.0156731240284744e+00	   1.0167844932581422e+00	   9.5989340733569128e-01	   8.2729846364145976e-01	   1.2206902677018008e+00	   9.0377514604109832e-01	   1.0662641140847480e+00	   5.1159630384387766e-01	   5.4800578131044586e-01	   8.1097057397669292e-01	   8.4168303789965604e-01	   8.6144530228461402e-01	   9.8032311882851753e-01	   4.4201345522136382e-01	   5.6252778469334497e-01	   9.4104132418283937e-01	   1.2491952050683905e+00	   1.0367741319214614e+00	   1.0885343094153561e+00	   5.1821166747525227e-01	   5.4980781381303667e-01	   9.3213022276928326e-01	   1.1795439578609994e+00	   7.0532024883761502e-01	   7.5099338032031449e-01	   7.3756820930460876e-01	   8.4779516610883698e-01	   5.9879760662915160e-01	   7.1902243902193530e-01	   3.0482234410687326e-01	   3.1165690877017277e-01	   5.7215084110150050e-01	   8.4141376644987376e-01	   8.7266227733851143e-01	   8.1284611334937795e-01	   9.3869650397450477e-01	   1.5013569823476023e+00	   5.0233423680667344e-01	   7.1680721652642998e-01	   1.1125435605410747e+00	   1.3246740243327637e+00	   9.4378270956255883e-01	   9.1933426278534991e-01	   7.9325994499270802e-01	   6.9976779878197815e-01	   2.1084350814554911e-01	   3.2913967982410708e-01	   6.2440128945141637e-01	   7.3803715612519960e-01	   9.7136800566918013e-01	   1.0016659472933158e+00	   9.2621333047675669e-01	   8.9604823562644120e-01	   9.5433451315634288e-01	   1.0343044237727848e+00	   1.7303804706827772e-02	  -6.2546654515915956e-02	   6.6834048907247812e-01	   1.6448940174663956e-01	   2.5036225594498590e-01	   3.6505923599119144e-01	   6.4500783283280549e-01	   7.7612954676496759e-01	   7.6354184040613227e-01	   6.0851266049975661e-01	   5.3596687699759316e-01	   1.5240439494524596e-01	
   6.0758230031902072e-01	   4.2394410986137848e-01	   7.8598193594006616e-01	   8.4843050916220097e-01	   0.0000000000000000e+00	   1.0407146335751909e+00	   7.8657868384302576e-01	   6.8786947051967617e-01	   1.1796796306607071e+00	   9.9041443509123983e-01	   6.6621926362861350e-01	   6.0447820358400994e-01	   7.0752637265672413e-01	   5.8216545846418299e-01	   1.3647449940055592e+00	   9.8071274276339271e-01	   3.5312445888819133e-01	   3.6280128076313201e-01	   6.6842715946069686e-01	   5.7021076958122063e-01	   6.0949862368952068e-01	   2.6924497368374667e-01	   9.3353428267582128e-01	   8.4536336159452707e-01	   7.6054222513834357e-01	   8.8592157777821745e-01	   9.6839073509620266e-01	   9.4052568065192299e-01	   2.9365312765941765e-01	   3.7199193898493427e-01	   5.7231700655045648e-01	   5.3925033282715262e-01	   5.6651710725496196e-01	   5.3227412239388916e-01	   5.5576245911374211e-01	   4.7703046624477147e-01	   4.1552348351703017e-02	   2.5461104835446702e-01	   3.1087480467816381e-01	   5.3571054721127354e-01	  -3.9158805333251201e-01	   1.6621873627443151e-01	   5.6545878447048525e-01	   5.5767681188023088e-01	   6.2464683792301279e-01	   6.1196420571871191e-01	   5.0142997013040846e-01	   6.0368799777249349e-01	   6.4025689083162252e-01	   5.6448772025369054e-01	   6.5752984849291685e-01	   5.1673971417998854e-01	   5.2305327392744227e-01	   6.9115944832251530e-01	   5.3886601920013855e-01	   6.0638946673901650e-01	   3.7995127390540062e-01	   3.9050168287968701e-01	   5.8347697093980189e-01	   5.3369340084623329e-01	   5.5643617353037089e-01	   6.0293821964677785e-01	   1.3856129477981127e-01	   2.8079390658934111e-01	   8.1208141312963789e-01	   8.4510468590113819e-01	   6.3675192455745799e-01	   5.8740364200154205e-01	   5.5631790116884794e-01	   6.1752286942021684e-01	   3.7870737314746256e-01	   5.4239131872940471e-01	   2.7655126912190986e-01	   3.1002677757090097e-01	   3.2094397749834180e-01	   3.3505227223514977e-01	   1.4569286921215530e-01	   2.1107304153017573e-01	   3.0803963258978517e-01	   3.0865104950406674e-01	   4.3845006384236779e-01	   6.6592205405476501e-01	   4.9030264254945133e-01	   4.7148227943819548e-01	   6.4413310484731134e-01	   8.8385590985081552e-01	   2.8081473517563693e-01	   3.7482438726121869e-01	   7.1044572692847352e-01	   7.9301360752153371e-01	   6.0293273903428679e-01	   6.9043730580431839e-01	   6.3663776951163975e-01	   6.3925022948022336e-01	   1.9824251464474996e-01	   3.9590083543769000e-01	   3.9245932634369973e-01	   5.1590360956999337e-01	   5.8017843471422204e-01	   5.7562272592446628e-01	   7.2581741728668803e-01	   6.5454966866688458e-01	   6.7099103392021608e-01	   5.4418159488157247e-01	   3.3175109795622065e-01	   2.4553501490757962e-01	   4.7353736665720836e-01	   1.0492094641753247e-01	   2.2409935845444490e-01	   2.2639725402368238e-01	   2.9144639697995489e-01	   4.2971557975804070e-01	   7.8270755168647765e-01	   6.2575959020331096e-01	   4.8992100628693402e-01	   3.3504658778484742e-01	
   8.3882618234092488e-01	   5.8333774182838338e-01	   5.9060352474206390e-01	   9.9238682175408965e-01	   1.0407146335751909e+00	   0.0000000000000000e+00	   5.9864042583424992e-01	   7.1867312292268037e-01	   8.8357029129998765e-01	   1.1562474465274264e+00	   6.7650634804094267e-01	   7.4711289206571330e-01	   6.4784633103907219e-01	   7.9346338146313744e-01	   8.0937252489394673e-01	   1.2471761270656276e+00	   3.6817508335709143e-01	   3.8383661205556691e-01	   5.6441119470905243e-01	   6.0403915862677160e-01	   4.8362606530391444e-01	   2.2855525809025237e-01	   6.6614893781713169e-01	   8.2645165801763643e-01	   6.6650427377262711e-01	   1.0737243518328279e+00	   7.4291836972067771e-01	   9.9135078936736709e-01	   2.2460803123553269e-01	   4.2415392131441665e-01	   4.7893139024463638e-01	   5.2194685049150413e-01	   5.9311615035523091e-01	   5.8548073585813343e-01	   5.7246265355950543e-01	   5.8713562744052139e-01	   1.1524634735764806e-01	   2.5464362695389164e-01	   3.6707852492108578e-01	   5.6576059612392759e-01	  -2.4933293291320363e-01	   2.1071966209446619e-01	   7.5649636739456394e-01	   7.2207619377884036e-01	   8.1765878050974250e-01	   8.2102244036094896e-01	   5.9895781678100313e-01	   8.0927851442688015e-01	   7.9269445383794612e-01	   7.3181278929828475e-01	   7.1236507050757247e-01	   5.9064024367841850e-01	   6.0660344814280798e-01	   7.9528309148080567e-01	   6.6706897812996968e-01	   7.4763922815483919e-01	   5.3890323662378781e-01	   5.4438658957005492e-01	   6.2918952936153238e-01	   6.3643709268478754e-01	   7.1530477957099148e-01	   7.7596526720842185e-01	   1.3226190934983698e-01	   2.4204314471600902e-01	   6.7889497758721040e-01	   9.3330093667111980e-01	   6.0840773721307151e-01	   6.1720565186090248e-01	   7.6138402645428460e-01	   7.0588049012266230e-01	   3.9004661604823798e-01	   6.1330607478390953e-01	   3.3009444306209745e-01	   4.1630083932258583e-01	   3.3287968743736868e-01	   4.3313361222508051e-01	   1.7860213111367640e-01	   3.0560733237290821e-01	   2.8091686328181326e-01	   3.4698158361905468e-01	   4.6715043869942213e-01	   6.8819231546755688e-01	   5.1832163748060722e-01	   5.4197135309681621e-01	   6.8447274020321280e-01	   9.6080475259391207e-01	   3.6193544597057947e-01	   4.8828777803082979e-01	   7.9030769608625984e-01	   8.5868200793479199e-01	   6.9741611535756665e-01	   6.1324993206867306e-01	   7.4088527043444830e-01	   5.1259454057859055e-01	   2.4490506032860099e-01	   3.9649025668667587e-01	   5.4197439616475274e-01	   6.7914854530844537e-01	   6.8399827298898985e-01	   6.6422327097238987e-01	   7.1591489120265217e-01	   4.9601063364315368e-01	   5.8445872359942497e-01	   5.6582749912356900e-01	   2.7065522079014953e-01	   1.3644216944464990e-01	   5.5241825422651558e-01	   1.3467295950288233e-01	   2.1952929747436933e-01	   3.2411416890229250e-01	   4.7948523526352360e-01	   4.8106483674386524e-01	   7.1117123015479267e-01	   6.2842641659720755e-01	   4.9359633962538596e-01	   2.6682119442315533e-01	
   7.7165789556902731e-01	   3.5981590896709953e-01	   1.9855304227113872e+00	   1.1804654482960661e+00	   7.8657868384302576e-01	   5.9864042583424992e-01	   0.0000000000000000e+00	   1.2844368596356810e+00	   7.6924682446125203e-01	   5.0166405214529430e-01	   1.0234655122134555e+00	   7.7297413269462611e-01	   1.0676223353846339e+00	   8.0617386872078356e-01	   9.4360265237471941e-01	   6.8722669408116921e-01	   1.5524614207428658e-01	   1.9604670344950853e-01	   9.4953998660449335e-01	   6.7509311003043471e-01	   5.4766032008168686e-01	   1.8321408453345367e-01	   1.1629059874582177e+00	   9.3677566997749551e-01	   5.1262271981684338e-01	   7.0891890063683050e-01	   3.6979968032420285e-01	   3.4550372876208896e-01	   2.8296521535670455e-01	   3.9021552130896386e-01	   1.0691216606048024e+00	   1.0407137483430255e+00	   9.8644000965030576e-01	   8.9120192377798346e-01	   7.6520418187275363e-01	   7.9332930258077983e-01	   6.8276174410385249e-02	   2.4260115105691998e-01	   2.9181071212090715e-01	   4.7384550988359753e-01	  -2.3819992614655583e-01	   2.3849392888824050e-01	   8.0242885529592500e-01	   8.5976628374169595e-01	   8.5612468635555494e-01	   8.2382334958036552e-01	   5.8062557567774087e-01	   7.0871019050149942e-01	   9.8235962231778795e-01	   7.8648195921829311e-01	   9.4946755458168930e-01	   8.7033559570589047e-01	   6.1230363287465273e-01	   9.9973502818320115e-01	   7.7323336076277771e-01	   8.5463709570922430e-01	   2.3189887768155248e-01	   2.6630181860406477e-01	   7.4135826984370479e-01	   6.3607148306017114e-01	   8.4188926989157364e-01	   7.7091915714326009e-01	   4.3557427564712170e-01	   5.0470142954086072e-01	   8.4682560404957075e-01	   9.3851535865812552e-01	   1.0325319880971375e+00	   9.1388599620797950e-01	   3.0008730760193242e-01	   4.4830294602060139e-01	   9.1507613641916574e-01	   9.3135370923437533e-01	   6.4140692156833978e-01	   5.7574681304576769e-01	   7.2476102577082624e-01	   6.4500337069021607e-01	   5.7789556837750278e-01	   5.1373010901389893e-01	   1.3866390401671988e-01	   1.6224876772539437e-01	   3.6829526040923488e-01	   5.9149497428550968e-01	   6.2166911063375674e-01	   5.4171188559043804e-01	   7.3039299327188634e-01	   9.3182808636962344e-01	   2.5321033650248803e-01	   4.1890539147572042e-01	   8.7234448403160725e-01	   9.9508060766054851e-01	   7.3817696012858980e-01	   9.6150348816337516e-01	   5.7534424652120242e-01	   8.2361614234732561e-01	   2.3694584948775793e-01	   3.0531307634762073e-01	   4.5460109139896310e-01	   5.3898212163762227e-01	   6.6341470444298778e-01	   7.3664108048651700e-01	   8.4912182335654285e-01	   1.1065855534548086e+00	   7.0112976302670749e-01	   8.1017033816736028e-01	  -3.4953973972374673e-02	  -4.0219119089656662e-02	   6.3312577110631396e-01	   1.4090901703500625e-01	   2.5899516068011419e-01	   2.8107257210585129e-01	   4.0830564903650785e-01	   5.6777961819237999e-01	   7.3363446122927833e-01	   4.5061732360634377e-01	   4.6724048078161784e-01	   1.2955674359775232e-01	
   9.5684485848452017e-01	   6.1190599158126247e-01	   1.1107855529520643e+00	   1.3815323882469532e+00	   6.8786947051967617e-01	   7.1867312292268037e-01	   1.2844368596356810e+00	   0.0000000000000000e+00	   6.9815027625642234e-01	   6.0810375326384425e-01	   1.1514981012896273e+00	   1.3619550272921028e+00	   1.0544958869645309e+00	   1.2696682717966308e+00	   7.5809808955582736e-01	   8.2678941557047936e-01	   3.4066729272683582e-01	   3.5351409924340282e-01	   1.0881125899678066e+00	   9.6628734846511377e-01	   4.8951840267979485e-01	   2.4662066576608735e-01	   7.7875686720183646e-01	   8.1557255359230718e-01	   3.1682454600101950e-01	   6.6283505503898121e-01	   2.9922364759752218e-01	   3.5784931735203368e-01	   4.7760778629856138e-01	   7.4624783602187728e-01	   1.0050112222109366e+00	   1.2247921851381431e+00	   1.0824659183360763e+00	   1.1688226681405691e+00	   5.4836427391370268e-01	   6.9765776382215450e-01	   4.4041169488776982e-03	   1.3699891187241470e-01	   2.1492464617772111e-01	   4.2985483499782112e-01	  -2.1534169820708890e-01	   2.8515331845478908e-01	   8.2894402140868917e-01	   8.8426307272095528e-01	   9.0355208769386952e-01	   9.3784988179475615e-01	   5.9045525125685583e-01	   7.2660826723395222e-01	   1.0426018912624073e+00	   9.5134916479388831e-01	   9.1048985452233799e-01	   9.9659839845336218e-01	   6.7660270551795021e-01	   9.6271136565228332e-01	   8.4880784938514486e-01	   8.7514332045328658e-01	   4.3138705111102116e-01	   4.3191698995505018e-01	   6.4257179174868373e-01	   7.9563202941030797e-01	   9.5302007662534660e-01	   1.2126749235626064e+00	   6.1919322773832675e-01	   8.4894451532026283e-01	   5.1876276613408956e-01	   9.6944936356107747e-01	   7.6415777676437535e-01	   8.8581296670292475e-01	   4.2409601471206715e-01	   5.3653955003904608e-01	   9.0934122253352889e-01	   1.0935726362694658e+00	   8.5000606609329321e-01	   8.6626734996576360e-01	   8.5056019734879662e-01	   9.8289986568096488e-01	   5.5745862834472404e-01	   6.0362454780911945e-01	   2.5086810562217005e-01	   2.4636835701258025e-01	   5.5016212937660369e-01	   7.2598337522531875e-01	   5.9518090375446053e-01	   5.9837912495056023e-01	   5.3726776795819431e-01	   8.3849554016843419e-01	   1.5618072042267206e-01	   3.1648234977852940e-01	   8.2513398043913277e-01	   1.1068327882565117e+00	   6.9617374135586696e-01	   6.3916254712474174e-01	   4.7666303019247447e-01	   4.5844525309130491e-01	   3.1373299514730835e-01	   3.6350363670600616e-01	   5.1291168603865289e-01	   6.5059336750783436e-01	   8.3133343990183495e-01	   7.8010283194743313e-01	   9.8598651213314392e-01	   8.4257643872660282e-01	   8.8550218597817654e-01	   9.3228558068288336e-01	  -1.1436909870983339e-01	  -1.6620922668159072e-01	   5.2498771008899181e-01	   2.0398766953657041e-02	   2.8478626525717032e-01	   3.7124389166907562e-01	   4.2401569796310623e-01	   6.7849657761216098e-01	   6.4627982936627404e-01	   4.2215127558063087e-01	   4.0342138176997938e-01	   1.6638963143117477e-01	
   7.0111285554115377e-01	   4.7493307757907199e-01	   6.8113415832620450e-01	   6.8222906500052338e-01	   1.1796796306607071e+00	   8.8357029129998765e-01	   7.6924682446125203e-01	   6.9815027625642234e-01	   0.0000000000000000e+00	   1.3325083251756902e+00	   9.8784890347130616e-01	   6.9017101176326390e-01	   1.0050856148467842e+00	   6.9817990744558711e-01	   9.9686843220755761e-01	   7.7294005216142803e-01	   2.9921674692641564e-01	   3.3739328938523655e-01	   5.4149468536449075e-01	   5.1511494809660863e-01	   4.6346483851462955e-01	   3.2505153582594232e-02	   6.2593279387519607e-01	   5.0029673351516768e-01	   4.2293466703912103e-01	   5.8255024982552372e-01	   5.8315204162129786e-01	   6.0528775742262964e-01	   2.3308092667484959e-01	   3.2623043076959357e-01	   3.7217871608998870e-01	   3.6879323585560325e-01	   4.5599708828054658e-01	   4.4145174065725679e-01	   3.3731630626018799e-01	   3.4724009049825594e-01	  -1.2603650833987090e-01	   4.4033648179573587e-02	   1.0565319699016743e-01	   2.9209642647407807e-01	  -4.8501046384778979e-01	   3.9859146686541801e-02	   4.0782628123015396e-01	   4.6355633762113846e-01	   5.2890113580591369e-01	   5.2471750637009518e-01	   3.8165393317243951e-01	   4.5639882862069814e-01	   7.4543601358803435e-01	   5.9222451554045230e-01	   6.2753681853165122e-01	   5.4183654011626925e-01	   4.9449550739387138e-01	   5.8838982094315218e-01	   5.9855423535536678e-01	   6.3754731713546298e-01	   3.6403383392418603e-01	   4.1163846147211547e-01	   7.5420192239903361e-01	   6.5178657693626807e-01	   9.1840205799179886e-01	   8.1314036919132371e-01	   1.5202554080006608e-01	   2.8308238374161770e-01	   5.6145999138740088e-01	   8.6801818399493813e-01	   4.6527399228481287e-01	   4.2658338974945337e-01	   5.7470336828068969e-01	   6.2849015285978438e-01	   3.5202168310537940e-01	   4.6427571045478355e-01	   2.7817271136002858e-01	   2.2571718383233602e-01	   3.1502639956700446e-01	   2.7583391675860208e-01	   1.0743640716708386e-01	   1.5972228931749055e-01	   2.1731455326504778e-01	   2.6930600443792996e-01	   3.5994265411834553e-01	   5.5121161832935239e-01	   2.9672248448133959e-01	   2.8994314251042597e-01	   5.0986272298537527e-01	   6.7131870446471498e-01	   1.5636632615284457e-01	   2.0759767302067184e-01	   7.2007734669995960e-01	   8.5630943413883853e-01	   5.6501662753859627e-01	   6.0711362633507626e-01	   5.5341655699546921e-01	   5.5205349046401875e-01	   3.5359186425778494e-01	   4.7385634457727682e-01	   4.3773144001596731e-01	   5.5315685389203328e-01	   6.3162084085106751e-01	   5.2475006902189947e-01	   7.6916071507984551e-01	   5.8667099230889042e-01	   6.5723750508085466e-01	   5.2907773708447614e-01	   2.9190256681749227e-01	   2.2061925732621104e-01	   5.0203025110245558e-01	   7.1195192940058036e-02	   3.6075551057583688e-01	   3.5999603889371407e-01	   2.1347527641110053e-01	   4.2062107756593853e-01	   8.3641506374024432e-01	   6.0055389855636998e-01	   4.5318162155536035e-01	   2.8890147760157792e-01	
   6.1927396130124279e-01	   4.4736103722859327e-01	   4.4985493806533416e-01	   6.5063447762411997e-01	   9.9041443509123983e-01	   1.1562474465274264e+00	   5.0166405214529430e-01	   6.0810375326384425e-01	   1.3325083251756902e+00	   0.0000000000000000e+00	   7.5036831280844640e-01	   6.6283617854817978e-01	   7.8916466739721625e-01	   7.1015858537154364e-01	   7.4878572644801433e-01	   9.1793124839516216e-01	   3.5421935012432598e-01	   3.7745810723534118e-01	   4.5113583128252099e-01	   5.2962938195165743e-01	   4.4231703947279061e-01	   2.4856074368761468e-02	   4.8637364953425799e-01	   5.1314701139287056e-01	   4.1057804701184941e-01	   6.3207179451973838e-01	   6.0309303599124908e-01	   7.2273665271859244e-01	   2.2986622272693474e-01	   3.6716007870290956e-01	   2.8995992936920389e-01	   3.1083235225465133e-01	   3.8840855872153285e-01	   3.7291806336492905e-01	   3.0061150138142445e-01	   3.0480985278006778e-01	  -1.1606892709352344e-01	   3.6057376998793425e-02	   8.8975542015191034e-02	   2.4355319597223313e-01	  -5.1678632927287160e-01	  -2.7485319615165295e-02	   4.0278861315264070e-01	   4.0637036638225943e-01	   5.4238525331867271e-01	   5.0955927769726772e-01	   3.4679702649536215e-01	   4.6417713582732578e-01	   6.8472267661682595e-01	   5.4875073392825513e-01	   5.8363055502023697e-01	   4.9578677646389196e-01	   4.8382798986889508e-01	   5.4300636891009169e-01	   5.5218653440085697e-01	   5.6490187108875123e-01	   4.1992116309507943e-01	   4.2784600410053675e-01	   5.4349418677483419e-01	   5.4489332204849017e-01	   6.9673910511521819e-01	   7.1288113988549096e-01	   1.6485118915508087e-01	   2.3716859390558728e-01	   4.6385776205379381e-01	   7.2703942156721835e-01	   3.4590007626768565e-01	   3.4492157616808861e-01	   7.8109331691710260e-01	   7.4712522326905828e-01	   1.9068739582194602e-01	   3.6321099473341029e-01	   1.9288574375992171e-01	   2.3096857355584960e-01	   2.0991230954978002e-01	   2.2641742513341551e-01	  -6.7209965129777866e-02	   1.5356749259228362e-02	   2.2738988854438444e-01	   2.7879803721551522e-01	   3.9371948292741388e-01	   5.8861549660790080e-01	   2.5304124578692427e-01	   2.6942350947455279e-01	   5.0034611853902466e-01	   6.6742460641208734e-01	   2.2174853143497850e-01	   2.3018898511284588e-01	   5.9394455897267429e-01	   7.5867975066116622e-01	   5.0632170278568145e-01	   4.3786440428960183e-01	   5.3748484714907485e-01	   3.7067672852402589e-01	   4.3475559182911638e-01	   5.2385606512289196e-01	   4.7877740159222287e-01	   6.0262508668105663e-01	   5.6501654983238614e-01	   4.3664240229625073e-01	   6.4369269862315381e-01	   3.9112586886091316e-01	   5.5428781912574110e-01	   4.2573439379920697e-01	   2.8374299989244262e-01	   1.8261836509335228e-01	   4.1021346858112628e-01	   6.3589086340374190e-02	   4.3625302061773769e-01	   4.8784662738222012e-01	   2.3913864523424938e-01	   3.8527408517263895e-01	   7.3103463721057904e-01	   5.8497055741871540e-01	   4.6263579033676377e-01	   3.0355893604755640e-01	
   1.0021825905112176e+00	   6.3424067498324366e-01	   8.4556050057425580e-01	   8.3338481030499811e-01	   6.6621926362861350e-01	   6.7650634804094267e-01	   1.0234655122134555e+00	   1.1514981012896273e+00	   9.8784890347130616e-01	   7.5036831280844640e-01	   0.0000000000000000e+00	   1.1452286807112952e+00	   1.7354289302816008e+00	   1.1798010501036156e+00	   7.9173386873062146e-01	   7.1251226821162461e-01	   3.2607403356311571e-01	   3.4663622206780376e-01	   7.4401599512291006e-01	   7.1440064606809450e-01	   3.0835871665274939e-01	   4.5127288815755479e-02	   5.7501192151522873e-01	   5.0374183810233752e-01	   1.6050399962792933e-01	   4.1519379580709154e-01	   1.8616683127637945e-01	   2.7675462411035801e-01	   4.7578423841645268e-01	   6.1781901322671673e-01	   5.7785836449929617e-01	   6.6425082418005299e-01	   6.8869486325130702e-01	   7.3812098044440411e-01	   3.2552254270369629e-01	   4.0751272330959765e-01	  -1.5657766048628738e-01	  -1.8244139190970437e-02	   7.7496604001418029e-02	   2.9680282368262156e-01	  -2.7118274001357218e-01	   1.6132583919465712e-01	   5.2928410737668963e-01	   6.1651418958335813e-01	   6.4284268515030951e-01	   6.3760614433800811e-01	   3.5886379529160056e-01	   4.5005933671982962e-01	   8.9877800697790100e-01	   7.2404457836048564e-01	   6.9197796772162856e-01	   7.4568139382375398e-01	   5.0352201545401354e-01	   6.6514375675389525e-01	   6.9568351859280742e-01	   6.9364363637592830e-01	   3.8264476078075432e-01	   4.7137269171146534e-01	   7.0823842856774066e-01	   7.5049666487746214e-01	   1.2181684445930276e+00	   1.0204346144858962e+00	   5.4748052292948390e-01	   7.0273174025180840e-01	   3.9999059988364444e-01	   7.3949854307499363e-01	   4.9984904174759681e-01	   5.1099300630158606e-01	   3.8258445377376393e-01	   4.9483432764966395e-01	   5.6861839961996286e-01	   6.4640093300180734e-01	   6.4780878282339383e-01	   5.9989588575202601e-01	   6.1413105499313114e-01	   6.2596990896619575e-01	   3.4107280991980410e-01	   3.7252714678804955e-01	   2.0538582837168989e-01	   2.3750872431295794e-01	   4.4672868776377395e-01	   5.7799824497459973e-01	   4.1158848511821450e-01	   3.8912184848928127e-01	   4.8046096709111541e-01	   6.0022374178544868e-01	  -9.4937899536793012e-03	   1.1930849798575481e-01	   6.7062829567486648e-01	   9.5956265201093338e-01	   4.2192607667160381e-01	   4.7367022656196389e-01	   3.3310118076709955e-01	   3.3133700623624163e-01	   3.2615991537556871e-01	   4.1297047992827018e-01	   3.7423482434394262e-01	   4.8596070717893292e-01	   6.0548498374467685e-01	   5.1373111971034979e-01	   8.4326685344557983e-01	   6.1310985345568159e-01	   6.5269682095735404e-01	   6.7006745743799001e-01	   7.6631042752940536e-03	  -4.3954248149275302e-02	   4.3515413008500203e-01	  -3.4938510924207147e-02	   2.8374145383123689e-01	   2.5592470380106269e-01	   1.7995883006727278e-01	   4.2835629964736821e-01	   6.5368409598862176e-01	   4.4384388942273817e-01	   3.8358189098933415e-01	   3.0560558643475677e-01	
   1.1018709459819716e+00	   8.3814955547345726e-01	   6.6303068564339440e-01	   9.8398670435051205e-01	   6.0447820358400994e-01	   7.4711289206571330e-01	   7.7297413269462611e-01	   1.3619550272921028e+00	   6.9017101176326390e-01	   6.6283617854817978e-01	   1.1452286807112952e+00	   0.0000000000000000e+00	   9.6366030058296326e-01	   1.8085299936981598e+00	   6.6974143937897146e-01	   8.9775320325583485e-01	   4.9715021046828256e-01	   5.1208563498767612e-01	   8.5348031916962164e-01	   8.9831824230072133e-01	   4.0131765918521267e-01	   2.3540990564810041e-01	   5.2321091583246981e-01	   6.0315273105813050e-01	   2.0773821539307380e-01	   5.2656808399568544e-01	   2.4799712797094958e-01	   3.2439615459653481e-01	   6.2047251905638556e-01	   9.5056264741635987e-01	   6.5210063855028000e-01	   8.1638726868204303e-01	   7.7490474307126289e-01	   8.9866162286431306e-01	   3.5099050364754003e-01	   4.8694453950549954e-01	  -4.4827421928547731e-02	   8.3577768853654949e-02	   1.8336117169946786e-01	   3.9735224878405923e-01	  -1.1816560689372402e-01	   3.8604089219593474e-01	   6.7618823696474861e-01	   7.4757858752854001e-01	   6.5765644058085704e-01	   7.2142167212703023e-01	   4.7289063839147760e-01	   6.1050192908891654e-01	   8.2161115349351799e-01	   7.8453795549811578e-01	   6.9988248026343913e-01	   7.8204762999086230e-01	   5.6239998964303406e-01	   6.9165199959731694e-01	   7.5038583425601202e-01	   7.7080872985433091e-01	   5.5621767337700723e-01	   6.0771094072991172e-01	   5.7964726413152401e-01	   8.2664412182989300e-01	   9.7941176758976134e-01	   1.2562906849516668e+00	   5.9600649583060794e-01	   9.0341387058858502e-01	   3.1115040640531300e-01	   8.0880265334074453e-01	   4.9445784633958884e-01	   6.1323859847764184e-01	   3.8338219763482312e-01	   4.5084897830704701e-01	   6.4525357213667256e-01	   8.9994955719566860e-01	   8.3201563057577610e-01	   9.4308715255291187e-01	   7.2648917384821821e-01	   9.4222466431666596e-01	   4.6762490490133984e-01	   6.0212950056810111e-01	   3.3523951280814668e-01	   3.8621856779469427e-01	   6.0894399944519284e-01	   7.0646442523466346e-01	   4.9409977099698821e-01	   5.8961880166281089e-01	   3.7570452765017653e-01	   6.7097911481281580e-01	   5.3426688579906310e-02	   2.0725842636822936e-01	   6.7555940402559400e-01	   9.3549827627499660e-01	   5.1191815031082355e-01	   3.8605903930315272e-01	   3.5600295859196868e-01	   2.3141998770321781e-01	   3.0285628623795935e-01	   3.5534990671205968e-01	   4.6731236328851650e-01	   5.9651890757296044e-01	   7.6105300650228969e-01	   6.4823314820726874e-01	   9.1645648493714205e-01	   5.4444239779831194e-01	   8.2421762874423299e-01	   7.5547064107322515e-01	  -9.2382955115440105e-02	  -1.8398864144631910e-01	   4.2545488729758707e-01	  -1.9641510214134142e-02	   2.7480429571708276e-01	   3.5431091249274543e-01	   3.2290436072813600e-01	   5.7542629608302476e-01	   5.2557892450676968e-01	   3.9768777620150758e-01	   3.2153963390017587e-01	   2.0638926952311237e-01	
   8.7447770402270386e-01	   5.3122558640852957e-01	   8.5605255307762951e-01	   7.6408238256407657e-01	   7.0752637265672413e-01	   6.4784633103907219e-01	   1.0676223353846339e+00	   1.0544958869645309e+00	   1.0050856148467842e+00	   7.8916466739721625e-01	   1.7354289302816008e+00	   9.6366030058296326e-01	   0.0000000000000000e+00	   1.0968308233034150e+00	   8.7118424081620782e-01	   7.0314420308765002e-01	   2.7143868889757794e-01	   3.2444254867827471e-01	   7.1892724607432112e-01	   6.6558336317282463e-01	   3.5900764706643568e-01	   9.3469711482285875e-02	   6.3262595475781325e-01	   5.1954579343365570e-01	   2.0170018105585164e-01	   4.2194408791893584e-01	   2.3951823209528117e-01	   3.1337542612725633e-01	   4.1945498473097376e-01	   5.6114270542817279e-01	   6.0547231709415650e-01	   6.5361849228706237e-01	   6.8618753527879728e-01	   6.9232109095829841e-01	   3.3084939413416048e-01	   3.7982899162986611e-01	  -6.2466188555961012e-02	   3.8061040930120929e-02	   1.2170645100138001e-01	   3.2591979704293050e-01	  -2.4029468084266736e-01	   1.6947858173113245e-01	   5.2765660530942293e-01	   5.6547559524801061e-01	   6.6308783456225096e-01	   6.2633612243221470e-01	   3.6825429813865324e-01	   4.4476445603906511e-01	   9.2064636914917064e-01	   7.0906141431271608e-01	   7.5593005142102665e-01	   7.5533099977577911e-01	   5.4943349719875434e-01	   7.3326831244025681e-01	   7.0251806643232584e-01	   6.5512689816246217e-01	   3.3627446339681272e-01	   3.7852899723825695e-01	   5.9378108931585427e-01	   5.9514067792978875e-01	   1.0127714519475266e+00	   8.5060190437334304e-01	   5.2653754351151716e-01	   6.0478178592327381e-01	   4.1818675469652855e-01	   6.6598385635859514e-01	   4.8942878634352649e-01	   4.7450594868153395e-01	   4.5927819749227350e-01	   6.3320632932215193e-01	   5.6530810582528013e-01	   6.1076941927742323e-01	   5.8359836971222045e-01	   5.1349483698258447e-01	   5.3329415845452310e-01	   5.2133281739816495e-01	   2.7607655441376971e-01	   2.7405018242215623e-01	   2.0479016147431969e-01	   2.7247170701629475e-01	   4.8265741253793137e-01	   6.1703480945097455e-01	   4.3596963296612568e-01	   4.1520376047852392e-01	   5.4879849062644048e-01	   6.2670084894326039e-01	   1.6817134844149723e-02	   1.4219126309294672e-01	   6.6675573977855307e-01	   9.2578786292281068e-01	   3.8938861241524642e-01	   4.7664915222057169e-01	   2.8487921373518182e-01	   3.5575612537610457e-01	   3.3581950442652314e-01	   4.2277655282227866e-01	   3.5290682053077804e-01	   4.8012870007428110e-01	   5.5120436517256266e-01	   4.6205569240441280e-01	   6.6934322499519994e-01	   6.0319964973438611e-01	   5.5013221161375570e-01	   5.9217191139247349e-01	   1.8858368944971397e-02	   1.0071798075189146e-02	   3.3727812373025506e-01	  -1.0307701718238024e-02	   2.8715454586586125e-01	   2.4117135746306395e-01	   1.6997144520169599e-01	   4.1473995515124934e-01	   6.4102828339413809e-01	   4.0463461538569456e-01	   3.6103250847766477e-01	   2.8767964865144308e-01	
