   0.0000000000000000e+00	   1.3888698961206609e+00	   7.6132481335952562e-01	   9.8221139951718084e-01	   8.0661885805681011e-01	   6.6510545484316330e-01	   5.8851090221395097e-01	   7.0633115870355734e-01	   5.2776341611013478e-01	   5.7577143718980217e-01	   8.7080762798748135e-01	   8.9059266947501237e-01	   4.9802349456203820e-01	   6.4934669656488320e-01	   5.4976031977070705e-01	   8.0147410181397893e-01	   9.3908926069783538e-01	   9.6050674706461048e-01	   1.1396264209201554e+00	   1.2590947502961509e+00	   5.5843097662803531e-01	   3.4263793475942561e-01	   9.3413032882099301e-01	   9.0194782171747434e-01	   8.3562744153691226e-01	   8.3275804996669200e-01	   9.0050905149137528e-01	   8.9350622914210054e-01	   6.0054956916080127e-01	   7.3492268104946201e-01	   7.1012329251032824e-01	   8.2093010308256875e-01	   9.8280286515236048e-01	   9.7997462068545471e-01	   5.1730700769777227e-01	   5.9212501119272898e-01	   6.8627866362958123e-01	   6.1221633870692327e-01	   6.9862243641839317e-01	   8.7908533458662130e-01	   6.5561607041627834e-01	   5.9660731632438979e-01	   9.4948895630368257e-01	   9.2086484802295687e-01	   8.7791211518366974e-01	   8.4531068221529948e-01	   8.8818546246088026e-01	   9.0229693927234988e-01	   7.3581325180128587e-01	   6.9090495050811584e-01	   9.3487183080012604e-01	   7.0429315827114436e-01	   8.1261333241077671e-01	   7.0444783980571712e-01	   7.9265318295858056e-01	   7.5109975135074858e-01	   1.3848722738016070e+00	   1.0700483892946928e+00	   3.9172308252828264e-01	   3.2246548234040279e-01	   4.4974568896226608e-01	   3.8383502590495372e-01	   8.0648042564285838e-01	   8.1472896925544591e-01	   6.0404442657869861e-01	   6.8436920844449811e-01	   1.0122441475838819e+00	   9.3386051167491790e-01	   1.0450540610574022e+00	   9.5477953509263402e-01	   3.8421863784767052e-01	   1.6963759154566133e-01	   6.4171599447129568e-01	   5.1743289386704561e-01	   7.7099796099704554e-01	   6.2441397653955344e-01	   2.6149101103242034e-01	   1.6494646243339958e-01	   7.4363128908346432e-01	   7.1954839053000652e-01	   9.5474465642257567e-01	   9.8844183056541390e-01	   8.8592946649678495e-01	   1.0401017642894437e+00	   9.3469182682279139e-01	   8.9786407982940664e-01	   5.3254575708809038e-01	   8.7203338281461495e-01	   1.0276119437409579e+00	   9.3468923286973793e-01	   4.0607464316533837e-01	   3.3538574935839660e-01	   3.2286215209233521e-01	   1.5120445044668870e-01	  -9.5365681011318995e-02	  -4.3833817608261827e-02	   4.2460124983505931e-01	   4.4404037582396283e-01	   6.2748095126694448e-01	   6.4909019718904570e-01	   2.8134291758794633e-01	   4.6204317231918335e-01	   3.2694602007000195e-01	   4.2859295448662960e-01	   3.2963199582111813e-01	   4.8088139228505955e-01	   2.5774406388382431e-01	   4.8155751553360776e-01	  -6.1087753585775464e-03	   3.9986966452190791e-02	   5.4084400543098154e-01	   6.0136480274719006e-01	   2.7013746611620804e-01	   3.5387126257747969e-01	   3.1888150297885320e-01	   1.7440847168602819e-01	
   1.3888698961206609e+00	   0.0000000000000000e+00	   6.0449711438372400e-01	   8.5410880721463101e-01	   6.0867874777843167e-01	   4.2204004655479554e-01	   3.7153728213029813e-01	   4.8691258931476189e-01	   4.8938451693010954e-01	   3.9262194609641576e-01	   6.5214820223704761e-01	   6.7683338058140885e-01	   3.1450821639522142e-01	   4.7652451783194888e-01	   5.3751307093981071e-01	   6.6407203087181332e-01	   1.1435524304081544e+00	   1.2302034122921470e+00	   9.1180185994253682e-01	   1.2011653173341605e+00	   6.7596409151578007e-01	   4.7493368734344221e-01	   7.3086701270062782e-01	   6.5268634443940410e-01	   7.3551930087435724e-01	   7.4053641048977070e-01	   7.7816744297547102e-01	   7.7509564857410485e-01	   6.4768449224835067e-01	   7.5022572233311524e-01	   7.1361853915029949e-01	   6.8045592841174563e-01	   1.0399815383442066e+00	   1.0331141637262811e+00	   3.9836945562716303e-01	   4.7016026543371880e-01	   7.3028911395518947e-01	   6.4946812897834882e-01	   7.0398970429653607e-01	   8.7950706567732106e-01	   8.3434700057982136e-01	   7.6241720000727498e-01	   8.8196223901114534e-01	   1.1253944098633430e+00	   9.7462433878009624e-01	   1.0794574238142309e+00	   9.6361995763118569e-01	   1.1254511596810197e+00	   8.8406763840728253e-01	   6.9776536080718732e-01	   9.3001384538753462e-01	   6.8653631839673179e-01	   7.1696189943979249e-01	   7.8996410832773079e-01	   7.9167334170280113e-01	   8.3259380926725468e-01	   1.4618518633523747e+00	   1.4773695291591904e+00	   2.2358929801420777e-01	   3.0232530424717052e-01	   2.2850424405078837e-01	   2.4422698946565335e-01	   7.2035171140964849e-01	   8.6604144662511429e-01	   4.2251178093699426e-01	   3.8979934261355842e-01	   9.5526910811612875e-01	   9.3857064103778776e-01	   1.1853660317891839e+00	   1.0207937426175304e+00	   3.8646917130061925e-01	   1.2328554008633838e-01	   6.9710251045171989e-01	   5.3152996637173677e-01	   6.0108137401067452e-01	   5.1398924624233044e-01	   2.6912065276245867e-01	   2.3675460364892961e-01	   7.9896134606130709e-01	   8.0320734866029464e-01	   1.0476529910692329e+00	   1.2182146896240829e+00	   1.0561044864153353e+00	   1.1049651695452247e+00	   9.4936419675632167e-01	   9.5502947184346410e-01	   4.8788680606224555e-01	   7.6996469531816247e-01	   8.1773788987251317e-01	   8.3554225940030002e-01	   2.8110350484422830e-01	   2.4163361567388220e-01	   2.3800732618616410e-01	   8.5212024217658777e-02	   8.4544075027200728e-03	   7.2982127364091820e-02	   5.9395765835456138e-01	   5.4960580523374380e-01	   7.6034808613418914e-01	   7.2367864171872431e-01	   3.0485599997184404e-01	   3.9619429905159792e-01	   3.9864414267001619e-01	   4.1046697736872118e-01	   3.1319353861452315e-01	   3.9442883634768283e-01	   3.3275086504088086e-01	   4.3458451384329894e-01	   1.7010495929237962e-01	   1.3278328385498844e-01	   5.1588817859127123e-01	   6.4437862653047517e-01	   2.4812874932263190e-01	   4.3072965522262263e-01	   3.9917840250138337e-01	   3.5545493043373194e-01	
   7.6132481335952562e-01	   6.0449711438372400e-01	   0.0000000000000000e+00	   1.4308614867948719e+00	   8.1446663831280652e-01	   6.9884005185145914e-01	   1.2036494912959053e+00	   1.2060238462788428e+00	   4.7613198191588901e-01	   6.0635822187978650e-01	   7.5216845375668751e-01	   8.3232514675415592e-01	   5.6215167723570958e-01	   7.2020439561429328e-01	   3.9984541471524265e-01	   7.1690905799494042e-01	   4.6694083501723199e-01	   5.3388640146125177e-01	   1.0283280657431015e+00	   8.9088354901730671e-01	   4.8221376531591387e-01	   4.3985925455700237e-01	   1.2322891492537162e+00	   1.0681535335279195e+00	   7.1727416263917643e-01	   7.2034313431638408e-01	   7.5754561634838369e-01	   6.6890935766699899e-01	   4.9537777262770399e-01	   5.7643464822781409e-01	   6.7183637217662595e-01	   8.1833979091771780e-01	   9.3941333085565260e-01	   8.6168203676975719e-01	   5.8022765914115249e-01	   5.0778506732350115e-01	   5.6968697873105689e-01	   5.4158425846088887e-01	   7.7807707165345630e-01	   8.1096195278357741e-01	   6.4168760888005039e-01	   5.9416836558687858e-01	   5.8597705620579355e-01	   3.6021902973785436e-01	   4.2565717400763248e-01	   4.0142748397330585e-01	   5.0652435780122840e-01	   4.6550395455462190e-01	   3.8667779297394744e-01	   4.6310961244521198e-01	   7.3961339639913470e-01	   5.6810184618219617e-01	   9.1684594237060413e-01	   5.7926200507590608e-01	   7.7626891569401046e-01	   7.2547769772237802e-01	   4.9954375859103217e-01	   5.4284668905876565e-01	   5.3674218449340372e-01	   5.2827065167027243e-01	   6.9351950408309582e-01	   5.5569486923907141e-01	   9.0690278062953056e-01	   9.4032647728799412e-01	   9.1119000936572159e-01	   7.7770080954658105e-01	   1.0681246827403261e+00	   8.9330786069058865e-01	   7.0297563171479638e-01	   7.7042101477096603e-01	   2.8622618532228411e-01	   6.8890023690473451e-02	   5.8330261253165394e-01	   5.0093953500348209e-01	   6.8236160493420928e-01	   5.0315330893839472e-01	   2.9186151047047759e-01	   1.5763337114949755e-01	   3.4248847220491324e-01	   3.9179184418014562e-01	   8.2198486949744676e-01	   8.0106635773738999e-01	   7.6972155094602968e-01	   9.6902248952682501e-01	   1.0438856585091305e+00	   1.0477424634150418e+00	   3.9882436760268342e-01	   5.7729831584959979e-01	   1.1797830275477474e+00	   1.1831372637563229e+00	   9.2181997185658648e-01	   7.5560422701553109e-01	   8.1493738067588439e-01	   5.7698680581122563e-01	  -7.1011506766376298e-02	   7.0087910720831995e-02	   4.9563521445616765e-01	   5.1525726894958801e-01	   7.0659579205470557e-01	   9.1507167539581313e-01	   6.6672050799668625e-01	   6.6446924029573839e-01	   7.5835822911856554e-01	   7.2977582112503414e-01	   6.2106152220691524e-01	   7.2305588322846770e-01	   4.4988067524439773e-01	   2.8189754114141752e-01	   3.8809827871033278e-02	   2.3257371177023228e-01	   7.4490488249425912e-01	   1.0019144277017968e+00	   8.0052184149899985e-01	   7.6071626518327284e-01	   6.2956100468484877e-01	   2.0770434031678467e-01	
   9.8221139951718084e-01	   8.5410880721463101e-01	   1.4308614867948719e+00	   0.0000000000000000e+00	   6.4546387202243738e-01	   6.8969434940027452e-01	   8.7718969961352777e-01	   1.3038436693965427e+00	   3.6092246671455130e-01	   5.2024171049077428e-01	   7.4456074840991260e-01	   8.9661569130499852e-01	   4.4488568417008845e-01	   7.3921190147654814e-01	   3.3711083941193531e-01	   7.2337512074814725e-01	   6.8213275586065270e-01	   6.8226276069088687e-01	   1.0911834428339424e+00	   1.0448850349001044e+00	   4.9548122143517009e-01	   4.3951424587410626e-01	   1.2361337355321671e+00	   1.2611436476116442e+00	   7.7118960674888204e-01	   8.5261585123857908e-01	   8.2918872973593227e-01	   7.6500806366348251e-01	   5.7302508311284850e-01	   6.5937058331612952e-01	   6.8960606054086582e-01	   8.7078461223085069e-01	   1.0815733076186584e+00	   1.0226037579555558e+00	   6.5418569547866523e-01	   6.3739777978043000e-01	   7.4803177324965353e-01	   6.9341929235688937e-01	   9.0466493162361417e-01	   1.1154330281611073e+00	   8.4300086717717315e-01	   8.0920099594973138e-01	   7.6037552640803563e-01	   5.9941218483036862e-01	   6.3535014247974053e-01	   6.4018490846961129e-01	   7.7682636346745915e-01	   7.6115016276743763e-01	   5.6174825632786840e-01	   5.9547203998819020e-01	   8.8926460495926329e-01	   7.0105899853677367e-01	   9.5152747718956610e-01	   6.7052747279002323e-01	   9.4503333892932850e-01	   9.0612939849364493e-01	   7.3193832549318605e-01	   7.5109913415288421e-01	   4.5043260748691316e-01	   5.4525553808472949e-01	   4.9143965226619990e-01	   5.0241040732485676e-01	   8.9185051045889074e-01	   9.8798878451367067e-01	   8.4845496008512278e-01	   8.4088672386768848e-01	   1.2814091087611903e+00	   1.1163222560828441e+00	   8.5350866721154817e-01	   8.5169195922076746e-01	   2.5056956058303537e-01	   1.7001067246413454e-02	   6.7108991306496735e-01	   5.3158312138805108e-01	   7.1501392082293114e-01	   5.8754136327995510e-01	   3.0560791467718090e-01	   2.4605771418489891e-01	   4.8283684702831631e-01	   4.9178625554051825e-01	   1.0178265608123658e+00	   9.8934460475536301e-01	   1.0248591444822441e+00	   1.1421567502063503e+00	   1.2397873940753688e+00	   1.2886288042743108e+00	   4.4935694873169241e-01	   7.2605015738863599e-01	   1.1981633198128439e+00	   1.2782806916126266e+00	   7.5867433881093138e-01	   5.5082589191330877e-01	   6.8426487075727094e-01	   3.9139590047850614e-01	  -3.6021241342443125e-02	   1.0958761212961439e-01	   7.0019128558578092e-01	   6.4791464476440430e-01	   8.6338025705219035e-01	   1.0118448426497992e+00	   5.8304096785518877e-01	   5.8154892556348758e-01	   6.5560607563909656e-01	   6.4240341846234039e-01	   5.7334131125169108e-01	   6.8795948410057728e-01	   4.2994130014372478e-01	   3.9884139007197994e-01	   1.0661480057970299e-01	   2.3957983197424668e-01	   9.4826150757707706e-01	   1.0947556604594459e+00	   6.5338234409026863e-01	   6.8628121535118325e-01	   5.7834600929184976e-01	   2.8576141793643206e-01	
   8.0661885805681011e-01	   6.0867874777843167e-01	   8.1446663831280652e-01	   6.4546387202243738e-01	   0.0000000000000000e+00	   9.9828811769067438e-01	   9.3043746699925278e-01	   7.1896731387807655e-01	   1.0638760333355108e+00	   9.9937149209117782e-01	   8.0200066010397852e-01	   6.1394318565802708e-01	   7.5928061382689960e-01	   5.7990390437299144e-01	   8.4678618033798225e-01	   8.3558040811834733e-01	   5.1657206853113979e-01	   5.5001079928088159e-01	   6.6232612753881226e-01	   6.2355501182254591e-01	   5.3148593077645712e-01	   2.9942542447866816e-01	   8.2415822782863768e-01	   6.8489378059979222e-01	   6.5273203500833710e-01	   5.8737639864923641e-01	   7.5714375850430271e-01	   7.8368687194026054e-01	   3.6940544619762533e-01	   4.2593481400202160e-01	   5.6153085373119271e-01	   5.7187743442848205e-01	   5.5303165183327574e-01	   5.3488860273747851e-01	   3.6402258079889593e-01	   3.9872394271373324e-01	   3.5583294320596687e-01	   3.1381091300281599e-01	   3.9179032174451606e-01	   4.5348816144849846e-01	   3.1732891054435125e-01	   3.2585241631018014e-01	   5.4487639569248603e-01	   3.7807844670396434e-01	   4.8041555185573859e-01	   3.9531516225831315e-01	   3.9349978041354405e-01	   3.5737860012859213e-01	   4.7457045227264971e-01	   4.3113905477991693e-01	   5.7448666373842028e-01	   4.2032675275817094e-01	   6.4815325201011731e-01	   3.7022188542303747e-01	   4.7891806710950569e-01	   4.0400016023402885e-01	   6.9250270201483943e-01	   6.6502286802791810e-01	   6.2649165306015497e-01	   4.1575534615849102e-01	   9.6498700589950681e-01	   6.9456275032222758e-01	   8.3106282439558932e-01	   6.9834563905416769e-01	   7.5076450948812745e-01	   8.8455343943678943e-01	   7.3576520114256649e-01	   6.1581126993866031e-01	   5.3074887259647607e-01	   6.2303222645122436e-01	   4.4068052497431770e-01	   3.7198021963698585e-01	   4.5744879420361367e-01	   4.2852641029350991e-01	   7.5138452906001685e-01	   5.1301792755887310e-01	   2.6652380929706887e-01	   1.1051473528477600e-01	   5.0294780500634251e-01	   5.0294412511915043e-01	   6.8063475322296885e-01	   6.0371947327234532e-01	   5.4347517482849472e-01	   6.8419833924430640e-01	   6.7646230766657289e-01	   6.1860014722577417e-01	   2.8867290351631325e-01	   4.0330441594183841e-01	   8.9718519141080266e-01	   7.7953332284413390e-01	   4.5020853116474424e-01	   4.2369116664310313e-01	   4.2091981225178976e-01	   3.6489470623472919e-01	  -2.5031207001605482e-01	  -2.7090349855687501e-01	   4.6247326991106882e-02	   8.5557728510618672e-02	   3.9233631924982876e-01	   4.5028865284442077e-01	   2.9156694383686321e-01	   4.7095140644633326e-01	   3.4682524653957197e-01	   3.9819831339874046e-01	   4.2435097697047480e-01	   4.8751277954557587e-01	   3.8678193522326110e-01	   2.1653814495093912e-01	  -1.6906896057198031e-01	  -1.1180096630576189e-01	   2.3437805908422399e-01	   4.3965555248319632e-01	   3.8427204494337275e-01	   3.7070758492354022e-01	   3.5539401559261474e-01	   2.0366429683734585e-01	
   6.6510545484316330e-01	   4.2204004655479554e-01	   6.9884005185145914e-01	   6.8969434940027452e-01	   9.9828811769067438e-01	   0.0000000000000000e+00	   6.7639314549918050e-01	   8.3600307356507442e-01	   5.3930984331689213e-01	   1.1982759032127051e+00	   6.1693559352583738e-01	   5.5342897417323089e-01	   4.2207890765110201e-01	   5.6515961286074001e-01	   5.7764708400131659e-01	   9.5347964698851029e-01	   4.2865197661048188e-01	   4.1150272102485341e-01	   6.4490210098659240e-01	   5.7778171420150048e-01	   5.4418788072325475e-01	   4.1934257779976125e-01	   7.7138861555435057e-01	   8.1980794379445665e-01	   7.8038348859630580e-01	   7.8810684267683195e-01	   8.4801179921524428e-01	   9.6330482883929869e-01	   4.5403679669763664e-01	   5.2953419289038206e-01	   6.2439920106755054e-01	   8.0165934373280967e-01	   5.3035424971738543e-01	   5.4964661477236987e-01	   4.3748950970355216e-01	   5.4529109864978753e-01	   2.1575190727349569e-01	   2.5186796996565425e-01	   3.5712831425922026e-01	   4.2936056712757825e-01	   3.7010916729892751e-01	   4.0670103453684880e-01	   5.3289647217747738e-01	   3.3009141909785006e-01	   4.3697412656805457e-01	   3.3252510473278701e-01	   3.8240082247160084e-01	   2.8208480654173074e-01	   3.1641240509157953e-01	   2.5060450556611291e-01	   3.6969409054680724e-01	   2.5268996760341056e-01	   4.8621400500776296e-01	   1.8365358415337765e-01	   4.2066459667803408e-01	   2.9544028085674362e-01	   5.2141077108432532e-01	   4.0734827458568962e-01	   3.9572387792788832e-01	   2.5556063859220679e-01	   5.9798738715061439e-01	   5.5934920256308673e-01	   4.9091694408916764e-01	   4.9832482457780136e-01	   6.6471244134308238e-01	   8.6969964648131382e-01	   5.6878639894490080e-01	   5.0622431522573064e-01	   4.6150246341103268e-01	   4.5176421686193124e-01	   4.7118101287591518e-01	   4.2438537130264070e-01	   5.4833344348950752e-01	   5.6036643503994588e-01	   8.3168591646006607e-01	   6.9756722964539297e-01	   3.7654930966047495e-01	   3.0412227659617608e-01	   4.4155491645938455e-01	   4.7989277785761131e-01	   5.8986453955098950e-01	   5.2406432579301132e-01	   4.8077187225658685e-01	   6.4852856516060120e-01	   4.8377113056310450e-01	   4.7859385743344007e-01	   2.7916661743910154e-01	   3.5644445868989061e-01	   6.9835930405688174e-01	   5.9471008128991265e-01	   4.6939889620413755e-01	   3.1180568761850569e-01	   4.9325181714359490e-01	   3.2666886025946168e-01	  -3.0348005763582198e-01	  -2.8035382979287032e-01	   8.2340341486793811e-02	   3.3256707314001557e-02	   3.0859838906122328e-01	   3.5776865175406325e-01	   2.8249253311300793e-01	   3.5346855958085716e-01	   2.6145349595691164e-01	   2.8517412910618373e-01	   3.8570866483817934e-01	   4.5195229430069417e-01	   3.3140810892795203e-01	   1.0553762114048625e-01	  -2.4461907992491311e-01	  -1.1025666048451194e-01	   4.0113500844488431e-01	   4.3040632131998069e-01	   3.3010307644775050e-01	   3.3585203786165041e-01	   3.3761169002862518e-01	   1.1350282693187744e-01	
   5.8851090221395097e-01	   3.7153728213029813e-01	   1.2036494912959053e+00	   8.7718969961352777e-01	   9.3043746699925278e-01	   6.7639314549918050e-01	   0.0000000000000000e+00	   1.2558949642466453e+00	   5.0779956896682854e-01	   6.2541061227354289e-01	   9.5415415236878831e-01	   8.6569039620466670e-01	   9.2302950273476547e-01	   8.5518901980269224e-01	   3.8825282523904026e-01	   6.4913898259219804e-01	   2.8308726401344636e-01	   3.9337366844104049e-01	   7.3253479433000013e-01	   5.5282832771211621e-01	   2.4726363915812466e-01	   1.9552946229203860e-01	   9.6861318041253641e-01	   9.2574427691002359e-01	   5.0696450605132426e-01	   4.9236005054454401e-01	   5.4767255973285001e-01	   4.9512292967898697e-01	   3.2266964171656332e-01	   4.4220376321448412e-01	   4.1099056282959467e-01	   5.5758682354374867e-01	   5.6855170038927882e-01	   5.4242984440125541e-01	   5.5474119136078726e-01	   5.0482576909383314e-01	   3.8494900161428902e-01	   3.2339473942883934e-01	   4.4989204962212775e-01	   5.1772909993846361e-01	   3.0383129593291053e-01	   3.3214239705410792e-01	   4.7796641899304060e-01	   2.0357306547434101e-01	   2.6241989518043207e-01	   2.1121473242694461e-01	   2.9781436985716414e-01	   2.6144608233516120e-01	   2.3521905444344049e-01	   3.9892066959026912e-01	   5.6385838830730706e-01	   3.9169924448768034e-01	   8.3820216738043896e-01	   4.4993699619519917e-01	   5.5030917249124300e-01	   4.2905346193475613e-01	   3.2151867852695470e-01	   3.9470760949554001e-01	   6.3403038762367459e-01	   4.9205247458766155e-01	   1.1461205334731461e+00	   7.9008933109071411e-01	   1.0157336035904037e+00	   7.8517057587299466e-01	   1.0266448328077189e+00	   1.0485318891027213e+00	   7.1893364213191691e-01	   5.6085441385071200e-01	   3.5949511516577931e-01	   4.6407717678508531e-01	   2.3405316754986041e-01	   1.3534354453354308e-01	   3.7292935044724207e-01	   3.9260202183487142e-01	   6.1487360900635990e-01	   4.2582514451384207e-01	   1.6277597029274765e-01	   1.9763796419143553e-02	   2.5112599404495750e-01	   2.9462374522506296e-01	   6.0998413309161248e-01	   5.3947264955516594e-01	   4.9471299112319883e-01	   6.5711678799135809e-01	   7.5678129938802297e-01	   7.0833527777758676e-01	   3.1438069649430977e-01	   4.2749649556965330e-01	   9.6774210208644507e-01	   8.6892851230494395e-01	   7.0324713784163828e-01	   6.0385277103679691e-01	   5.9267465076932624e-01	   4.5898010519202753e-01	  -2.0853891122606052e-01	  -1.3949107465673144e-01	   1.9430571434644317e-01	   2.0311925016191418e-01	   4.6113043835218309e-01	   5.4991311669076848e-01	   4.6315679569822060e-01	   4.6040777520685094e-01	   4.7704927447503503e-01	   4.0816308801532264e-01	   4.9796496667431256e-01	   4.7241621051820493e-01	   2.9619856046292936e-01	   2.2707041732990857e-01	  -1.0193314125111813e-01	   1.6787026113813659e-03	   3.8897135154025553e-01	   5.4240319031698403e-01	   5.8120179215713952e-01	   4.3692041588910902e-01	   3.8557434050731382e-01	   1.0408044650387561e-01	
   7.0633115870355734e-01	   4.8691258931476189e-01	   1.2060238462788428e+00	   1.3038436693965427e+00	   7.1896731387807655e-01	   8.3600307356507442e-01	   1.2558949642466453e+00	   0.0000000000000000e+00	   3.6308985407185329e-01	   6.8136877659247097e-01	   8.5244380632478611e-01	   1.0278999587522419e+00	   6.5595505630982076e-01	   1.0206818885516691e+00	   2.5722034347970257e-01	   7.6839317618367753e-01	   4.1890892557334886e-01	   4.3516516029394126e-01	   8.7018275519168442e-01	   7.4321143416945423e-01	   3.3353108659121555e-01	   3.4135004312930001e-01	   1.0840121285930249e+00	   1.1886914564523909e+00	   5.5655953591674667e-01	   5.9017505404085346e-01	   5.7532421467376205e-01	   5.5930485273654296e-01	   4.1092153252694164e-01	   5.5765827526650591e-01	   5.1101870788309023e-01	   7.2734487697520889e-01	   7.1422707974140753e-01	   7.0125789337079980e-01	   5.9453746242392602e-01	   5.9616118411281949e-01	   5.5969822260009927e-01	   5.0682231967308178e-01	   6.0129469772749422e-01	   7.5005820460020256e-01	   5.1313574709127407e-01	   5.3629593880658200e-01	   6.0294829235844671e-01	   3.5261981554121613e-01	   3.7402193981543097e-01	   3.6682815910086319e-01	   5.0132175334883022e-01	   4.3491591200813806e-01	   3.4521807405144372e-01	   4.6271408490160720e-01	   6.6682535380002583e-01	   5.0748152164946947e-01	   9.1507812257577326e-01	   4.8297627079256833e-01	   6.4927015327112336e-01	   5.4479611920310922e-01	   4.4847094539389842e-01	   4.9959016799834077e-01	   5.7087427647234557e-01	   6.0357694208062629e-01	   8.4259768842332328e-01	   9.1529560706689561e-01	   9.4463044467172241e-01	   9.9246811816325275e-01	   8.6871671267732875e-01	   1.1058863998822310e+00	   8.5041481485880632e-01	   7.2913398567445042e-01	   5.0618357367766964e-01	   5.5635422324709405e-01	   2.5020092777046010e-01	   1.0182371220849087e-01	   4.8053871646812352e-01	   4.1818305292631242e-01	   6.6111812503495548e-01	   4.7138896802536157e-01	   2.3982534958940888e-01	   1.8349509141914405e-01	   3.3222019954078180e-01	   3.1920539825970484e-01	   7.6651001564789789e-01	   6.7972521869859415e-01	   6.7314160189263916e-01	   8.4280498839502860e-01	   9.5423522123109672e-01	   9.3838269296946197e-01	   2.7204319416693834e-01	   4.6023179288097382e-01	   1.0675665147281432e+00	   1.0983088618065184e+00	   8.0120030013834587e-01	   5.9399498325212641e-01	   7.1463520855298546e-01	   4.8528499804249869e-01	  -2.2721879069591594e-01	  -1.2614937212401769e-01	   3.4401732467146340e-01	   2.9684919616610955e-01	   5.7479916039771561e-01	   6.9310235153508803e-01	   5.0705932653352459e-01	   5.3118402193494585e-01	   5.1845002112718230e-01	   5.0063401476759906e-01	   5.9068450974665943e-01	   6.1133838229926551e-01	   4.1273704752039120e-01	   3.3985524484489471e-01	  -1.1104197603396948e-01	   5.3899441108191865e-02	   6.7770048102800695e-01	   7.2575849859225616e-01	   6.4357049603680783e-01	   5.3186635455539399e-01	   5.0729502272292148e-01	   2.2906378544514983e-01	
   5.2776341611013478e-01	   4.8938451693010954e-01	   4.7613198191588901e-01	   3.6092246671455130e-01	   1.0638760333355108e+00	   5.3930984331689213e-01	   5.0779956896682854e-01	   3.6308985407185329e-01	   0.0000000000000000e+00	   9.0013366259224159e-01	   5.6292788147534378e-01	   2.9997665871935342e-01	   7.1039984122487676e-01	   3.5539800007722555e-01	   8.9354885213211976e-01	   6.4087047947544029e-01	   4.9686115237142514e-01	   4.7445508648192047e-01	   3.8326746848279453e-01	   4.2130280392155839e-01	   3.8473070182259927e-01	   1.9252455835073712e-01	   4.8808582167297787e-01	   3.6007342192838188e-01	   3.1404681643549825e-01	   3.1356458094047901e-01	   4.2393891463859867e-01	   4.6584331766571863e-01	   3.0290080134444308e-01	   2.4357384431556178e-01	   3.2064427739384777e-01	   2.7558483043413429e-01	   3.7160905512446052e-01	   3.5927319354142900e-01	   1.3411818840274287e-01	   1.3869136428154427e-01	   3.2655662020983034e-01	   2.3121005940223438e-01	   2.7743217651333418e-01	   3.1511706259525052e-01	   1.6446967671657470e-01	   1.6639568663380860e-01	   3.5266770307276113e-01	   3.1561394073370763e-01	   2.9752888545061490e-01	   3.3255272298394567e-01	   2.3948540752828407e-01	   2.5791453443657286e-01	   3.0325976223960643e-01	   3.3265560044889286e-01	   3.4915420627603089e-01	   3.3138858341431499e-01	   3.8778132940290494e-01	   2.0074016197973965e-01	   2.4925677752027203e-01	   2.7775210538771344e-01	   5.5183205671556135e-01	   5.7566871421695731e-01	   5.3101790821858619e-01	   3.8374885467043846e-01	   6.6873461582428884e-01	   5.3019551234264517e-01	   5.4776672476328625e-01	   5.2627529649560012e-01	   4.5394916491808135e-01	   5.1844321937735438e-01	   5.4245536055680765e-01	   5.1792745437822452e-01	   4.2856567818130165e-01	   5.3977129410785007e-01	   3.4425839891301796e-01	   3.0682619426352875e-01	   2.6690869954908714e-01	   1.4418696045121740e-01	   4.1176430093868632e-01	   2.1192689881495913e-01	   1.4065368180103507e-01	   4.4400884333362804e-02	   4.8745843083608226e-01	   4.3712183898596613e-01	   5.7209594685890863e-01	   5.0907607069469463e-01	   4.2142320148462420e-01	   5.3748839862352982e-01	   5.1865007266831964e-01	   4.5735600898600048e-01	   1.1889197694676503e-02	   3.0438155227167785e-01	   5.9780038764482379e-01	   5.7363290521538357e-01	   2.9674304300109550e-01	   3.1043299144392328e-01	   3.1361386601932206e-01	   2.9396150521988212e-01	  -7.2637369855348716e-02	  -7.6612583746643162e-02	   1.7610112030702195e-02	   6.4063049495997601e-02	   1.8419367783469270e-01	   2.8917808841971837e-01	   2.9620083687818938e-01	   4.1664032079418445e-01	   3.3767887446749240e-01	   4.0898142644791613e-01	   3.0904950152817057e-01	   3.2394001830237301e-01	   4.1867170657238201e-01	   1.3435065888395167e-01	  -8.9133960856195515e-02	  -5.4252565871282056e-02	   1.0164088547149754e-01	   2.5861039752086251e-01	   2.8647119469947152e-01	   3.4589808010543405e-01	   3.2422652250092598e-01	   3.2664594319497436e-01	
   5.7577143718980217e-01	   3.9262194609641576e-01	   6.0635822187978650e-01	   5.2024171049077428e-01	   9.9937149209117782e-01	   1.1982759032127051e+00	   6.2541061227354289e-01	   6.8136877659247097e-01	   9.0013366259224159e-01	   0.0000000000000000e+00	   5.7802711961678965e-01	   4.4100339282772827e-01	   5.8930151260847585e-01	   5.2886471598708573e-01	   7.6210364346731763e-01	   1.1337191307670513e+00	   4.1113003760350597e-01	   4.0201287346468273e-01	   5.1034667743610451e-01	   5.0982375910281064e-01	   3.7339322171401351e-01	   3.2982627881676863e-01	   6.8024389939428886e-01	   6.5412287817212100e-01	   4.2308152130142229e-01	   4.4310266107002222e-01	   5.3577632744356496e-01	   6.1806285694847973e-01	   3.2327722445345297e-01	   3.9763394256685913e-01	   3.4423270171132370e-01	   4.8118846162125517e-01	   4.4788200911984288e-01	   4.5317943611705708e-01	   3.3099281662135083e-01	   3.6270987292451284e-01	   2.9625293891021043e-01	   3.1152417300535201e-01	   3.3165544373942146e-01	   3.8740205799766680e-01	   1.8600141474386397e-01	   2.9299571146760828e-01	   5.0228015757674560e-01	   3.2944994825913165e-01	   3.6100059689282393e-01	   3.3386394817645099e-01	   3.2260128022340340e-01	   2.3388561238236727e-01	   3.3173328919396300e-01	   3.7311230878790819e-01	   3.7121860304344262e-01	   3.5421066943905977e-01	   4.8186288407346900e-01	   2.0398741348140151e-01	   3.5442024575586212e-01	   2.7894513809695309e-01	   5.0044208146316183e-01	   4.4693713975350291e-01	   4.8811298194299402e-01	   3.2164036878003305e-01	   6.5952672063881823e-01	   6.4063240487292006e-01	   4.6160243164141912e-01	   4.7525368582015209e-01	   6.2909858534544161e-01	   7.9630396235731249e-01	   5.2554133551950821e-01	   5.1216171245334063e-01	   4.5500195513117897e-01	   4.8604541949290253e-01	   3.2360533284802384e-01	   3.1859831028117219e-01	   3.5720183903769798e-01	   3.3048510235396028e-01	   5.6342304366045814e-01	   3.9356130539934170e-01	   2.1392948266436596e-01	   1.4898010343005291e-01	   4.1103741526113569e-01	   4.3815464921120506e-01	   5.6583302431245253e-01	   5.2157998236267988e-01	   4.5269051759183676e-01	   6.3500832741182678e-01	   5.5239103377194088e-01	   4.5807169322939267e-01	   1.8759933571219414e-01	   3.1294772649642361e-01	   6.7709169860367591e-01	   5.8865612942442869e-01	   5.1218564625546648e-01	   3.9389943424546903e-01	   4.9407207263196262e-01	   3.6566965522581640e-01	  -1.6285364294574911e-01	  -2.0028085791125497e-01	   4.7521622312558846e-02	   1.9629110845531289e-02	   2.6851840278190880e-01	   3.7794399744619417e-01	   3.5363814820063660e-01	   3.1029115972306293e-01	   3.5974006612755177e-01	   3.6445024927776032e-01	   3.8476711863510543e-01	   4.6038960071068280e-01	   4.1000290499787223e-01	   1.4282307291808527e-01	  -1.5689726199269308e-01	  -8.2352445563662113e-02	   2.5380405084774704e-01	   3.6505309376908601e-01	   3.7300244621907863e-01	   3.8731279299218846e-01	   3.8037395108765226e-01	   1.7592975894918489e-01	
   8.7080762798748135e-01	   6.5214820223704761e-01	   7.5216845375668751e-01	   7.4456074840991260e-01	   8.0200066010397852e-01	   6.1693559352583738e-01	   9.5415415236878831e-01	   8.5244380632478611e-01	   5.6292788147534378e-01	   5.7802711961678965e-01	   0.0000000000000000e+00	   1.1940485548016917e+00	   1.0315741279940676e+00	   1.0204088287451303e+00	   5.7215200022671109e-01	   7.5645130376201108e-01	   5.4503870138912736e-01	   6.1029812976701348e-01	   8.6250584430637889e-01	   7.4945273874172991e-01	   4.2613513663547148e-01	   2.8112938603042464e-01	   8.2702440622490236e-01	   7.7811551471879725e-01	   6.1495668190666042e-01	   6.3913957815564626e-01	   6.5083600935157160e-01	   6.5882342662774207e-01	   6.1953844439386596e-01	   6.5917350875156400e-01	   6.3163720220118302e-01	   7.5244846909540397e-01	   6.5981831570308291e-01	   6.7695901335161901e-01	   5.5547227393187559e-01	   5.4228761661864489e-01	   5.1033850307858697e-01	   4.8014772079243284e-01	   4.6838597822059269e-01	   5.7273730721513805e-01	   4.2264008668060005e-01	   4.2288949647231311e-01	   5.1812555963802964e-01	   3.7661891002745518e-01	   3.6912676002227074e-01	   3.1048702334257394e-01	   3.9609470784984213e-01	   3.9374148047622548e-01	   2.4615827501360432e-01	   2.9364377685930376e-01	   5.2735510759841520e-01	   3.2700530291655661e-01	   6.3179113835186329e-01	   3.9334420261958408e-01	   5.1783493293707228e-01	   4.0847262886459712e-01	   5.0823552775791236e-01	   5.0558303210818423e-01	   4.3641855179310207e-01	   2.4225604254198102e-01	   8.0380066121725713e-01	   5.8764346063444606e-01	   1.0998579737760126e+00	   8.8182349519566949e-01	   8.1459675380157393e-01	   8.2947375254329403e-01	   6.6104640547581273e-01	   5.2564602075721778e-01	   4.4234500609333344e-01	   4.5736218310303467e-01	   3.5582423963967647e-01	   2.3329159560678872e-01	   5.3275276766362012e-01	   4.9443832824639017e-01	   7.1252652419556084e-01	   5.0759265226705130e-01	   1.6015141933192362e-01	   6.6008743484030546e-02	   4.0339140226775438e-01	   4.4936115951087630e-01	   6.4327814620421930e-01	   6.0367250892733548e-01	   6.2946495660303592e-01	   7.2927715382043889e-01	   7.3219172371318963e-01	   7.2090924367994513e-01	   3.5618581119361348e-01	   5.2638294604169333e-01	   8.3980939461546411e-01	   7.6279577951913302e-01	   4.2032330498243592e-01	   3.5323455416538613e-01	   3.6023278169436629e-01	   2.3131790581578759e-01	  -2.1875774567229223e-01	  -2.1791564236158922e-01	   2.4289504544775825e-01	   1.7180077038044772e-01	   3.6110277408149316e-01	   3.8856986344381006e-01	   3.0136647306052461e-01	   3.2780002279737558e-01	   2.7653726203063683e-01	   2.0635318289311883e-01	   3.6276801385000851e-01	   3.7340904864626934e-01	   1.9996294737988329e-01	   2.3936638836686636e-01	  -1.5882006972762974e-01	  -5.7750739204298324e-02	   3.8107314830570804e-01	   3.7174895164207877e-01	   3.2458922606105639e-01	   3.0514401346130032e-01	   2.6634576505990104e-01	   5.0628155262563652e-02	
   8.9059266947501237e-01	   6.7683338058140885e-01	   8.3232514675415592e-01	   8.9661569130499852e-01	   6.1394318565802708e-01	   5.5342897417323089e-01	   8.6569039620466670e-01	   1.0278999587522419e+00	   2.9997665871935342e-01	   4.4100339282772827e-01	   1.1940485548016917e+00	   0.0000000000000000e+00	   7.5412536258889418e-01	   1.3095150508100959e+00	   2.6541019519702008e-01	   7.0647242020006817e-01	   4.2628016287668241e-01	   4.9701310105540653e-01	   8.2734226117894094e-01	   7.6035432912822498e-01	   3.8183195833706135e-01	   2.6136286374432915e-01	   9.2230149236818870e-01	   8.6748420080691224e-01	   6.2032737210534095e-01	   6.4990074492697658e-01	   6.5492754524133590e-01	   6.3343420111775028e-01	   4.7563729855117876e-01	   6.8378850335298835e-01	   6.1363008665249352e-01	   7.3383109673976266e-01	   6.3489030313257355e-01	   6.4609640719625017e-01	   4.3938913759099718e-01	   3.9548421609104201e-01	   4.7919753110995345e-01	   4.9838495516103737e-01	   4.6571172228069879e-01	   6.2377893202497203e-01	   4.3579120370189373e-01	   4.4808458843348042e-01	   4.9373372747796385e-01	   3.7938647678634863e-01	   3.5927143072120526e-01	   3.4759795033873586e-01	   4.0579009439353009e-01	   3.9487573389329944e-01	   3.0700169349161632e-01	   4.0037016133539527e-01	   6.3768864795860958e-01	   4.2166157812014238e-01	   7.5351757660988583e-01	   4.9195123186936984e-01	   5.2447727027640689e-01	   4.0745143417530799e-01	   4.7450682953468071e-01	   5.2447781268401961e-01	   4.4206834471606893e-01	   4.0042312635762478e-01	   6.1317514263682027e-01	   5.4222851582965492e-01	   9.6911544883044698e-01	   9.3857199698248106e-01	   7.0840914731971383e-01	   6.9645423424068131e-01	   6.2376901214390224e-01	   5.0431659400561013e-01	   4.6041615368087951e-01	   4.5341912943185569e-01	   2.6647183984687406e-01	   8.7938991028428490e-02	   4.5394901622536715e-01	   4.4704039748122121e-01	   5.1549939230283881e-01	   3.9918524534008393e-01	  -5.6157098782172862e-03	  -2.9091774644848849e-02	   3.0240837915933544e-01	   3.1068274776658605e-01	   6.1799077071828612e-01	   5.9062821046297387e-01	   5.5201445061739007e-01	   6.7899602070956178e-01	   8.6160953217537561e-01	   8.2267931082069334e-01	   2.8787929051226591e-01	   4.0325483689999458e-01	   8.8585562845853072e-01	   8.2901384682136880e-01	   5.3301906508147034e-01	   4.6059522639936068e-01	   4.7125946349227599e-01	   3.4069563167389488e-01	  -2.5018835585336352e-01	  -2.1105069096564086e-01	   2.5609358284464245e-01	   1.8402714018300614e-01	   4.0447945598669571e-01	   4.5989464829670307e-01	   3.2647781696726069e-01	   3.8925517264401199e-01	   3.7332110993921436e-01	   3.1412142829052225e-01	   5.0347576182173137e-01	   5.1251383885594870e-01	   2.7702071835408038e-01	   3.8655907928982469e-01	  -1.4190347398567582e-01	  -1.9601396418588442e-02	   4.2444956652978866e-01	   4.5746382768622418e-01	   4.6332618189399077e-01	   3.8204431233632785e-01	   3.8221287549401894e-01	   1.4238164040527668e-01	
   4.9802349456203820e-01	   3.1450821639522142e-01	   5.6215167723570958e-01	   4.4488568417008845e-01	   7.5928061382689960e-01	   4.2207890765110201e-01	   9.2302950273476547e-01	   6.5595505630982076e-01	   7.1039984122487676e-01	   5.8930151260847585e-01	   1.0315741279940676e+00	   7.5412536258889418e-01	   0.0000000000000000e+00	   9.1020161591388660e-01	   5.7930443670975407e-01	   5.6736337411301518e-01	   2.1660624882848595e-01	   2.9570196907267743e-01	   4.9715613082499421e-01	   3.6496232593853539e-01	   1.3879690003431744e-01	   4.1148408817717343e-02	   6.5387325913707262e-01	   5.5835215685226824e-01	   2.1282022943005496e-01	   2.4729045526635313e-01	   3.3423233180787570e-01	   3.1172406141569953e-01	   1.9226168218167822e-01	   1.9836380465133482e-01	   1.8308810034056078e-01	   2.5149069758473053e-01	   3.1613941521734601e-01	   2.9739586011876395e-01	   3.3976859355735350e-01	   2.6819968516532883e-01	   4.3285617191627679e-01	   3.7626213744567255e-01	   3.1942572395790497e-01	   3.8487203007570281e-01	   1.0945892094757304e-01	   2.1240208441155539e-01	   2.7838771663316209e-01	   1.5464423189304660e-01	   1.1489391402146443e-01	   1.1265267702226736e-01	   1.2668393159172911e-01	   1.1821934887221024e-01	   9.3976565223663544e-02	   2.7487769774813847e-01	   2.9037031350625786e-01	   2.3838945997269190e-01	   5.2212973908252436e-01	   2.1052680144157243e-01	   2.9964096840320176e-01	   1.9523264316119426e-01	   2.4760461190139338e-01	   3.1490386888408339e-01	   5.6836252211786908e-01	   3.1614910652389222e-01	   9.0672010838618178e-01	   6.1847742495255309e-01	   7.8989601973213852e-01	   5.4797681818192312e-01	   7.6203395441402832e-01	   8.8148638070494922e-01	   4.3457903839538076e-01	   3.2737723903578747e-01	   2.0212125618561474e-01	   2.7948157612670732e-01	   1.1448376406648914e-01	   1.6325915742557920e-01	   1.8943215464817162e-01	   1.5654054283222799e-01	   3.6925727641231532e-01	   1.8575528335789387e-01	   1.0637174691512055e-02	  -1.0216803994049480e-01	   1.5559529219749366e-01	   1.6592865915617130e-01	   3.9797105845951375e-01	   3.5799474032645290e-01	   3.4384307317337981e-01	   4.1876497337945112e-01	   5.9935526812010076e-01	   4.7048746441966610e-01	   9.0689932998988795e-02	   2.1205467278401827e-01	   6.9978853839880295e-01	   5.7457013432560311e-01	   4.1035561423818206e-01	   4.6335787547299601e-01	   4.0661262248623936e-01	   3.9731178766051678e-01	  -2.0785706703749779e-01	  -2.4173559794215593e-01	   3.3432765537316181e-02	   9.6601786520071828e-03	   1.8345256192700415e-01	   2.6684167864292130e-01	   3.1973851336530706e-01	   3.5197928569696046e-01	   3.3692091781504063e-01	   2.5837973836300765e-01	   4.2341281433370231e-01	   3.2738663795451645e-01	   2.5077432471502620e-01	   2.3847261231643568e-01	  -1.4644660977462298e-01	  -8.1975731387044212e-02	   1.8339258145041429e-01	   2.4443721038346564e-01	   4.1479432902626823e-01	   3.3057862310483804e-01	   2.9516405980286975e-01	   1.2307160900019103e-01	
