   0.0000000000000000e+00	   1.1347299664869581e+00	   5.0475087847592881e-01	   6.7902489153578216e-01	   4.8851877860650916e-01	   5.6749303074346980e-01	   5.4951636646878366e-01	   4.3928745703528682e-01	   2.9975611715120520e-01	   3.3580094996652587e-01	   5.3178122406333661e-01	   3.7849209183640037e-01	   6.1087577957342898e-01	   5.5111090405857066e-01	   4.5931307542657868e-01	   4.6553264471825079e-01	   3.7532595691502091e-01	   4.2606388309529569e-01	   9.7446432533132621e-01	   9.6594816673321748e-01	   2.7044091330589032e-01	   3.9538504923351764e-01	   3.8972364540183579e-01	   3.7569110769510944e-01	   3.1048248123893091e-01	   4.1055664989656993e-01	   5.0529871857979880e-01	   6.2108610816148357e-01	   3.1847623916601420e-01	   1.9484560764136555e-01	   3.7884018738360270e-01	   3.5116284601922437e-01	   7.4513543665948490e-01	   6.1534747252353972e-01	   2.1244944301760121e-01	   2.6405810985071410e-01	   4.5600564947102240e-01	   6.2862819840383000e-01	   6.5728301359718144e-01	   7.6879629841293762e-01	   6.4729962590404255e-01	   6.5520158910002968e-01	   4.8712030285172103e-01	   3.9356562621304103e-01	   3.1264726806690923e-01	   3.3854392254975374e-01	   5.9627438080006612e-01	   6.1833105236815711e-01	   4.6947907985217807e-01	   2.9733153215808461e-01	   5.4679193809152626e-01	   3.8230761130331919e-01	   6.9070688647433998e-01	   6.0666641672512589e-01	   7.3432683155294820e-01	   7.9405213782079065e-01	   1.0287555967934634e+00	   7.6114654642228219e-01	   7.3498370002601021e-01	   4.8218751716506314e-01	   5.6330803573138222e-01	   2.9978085014113093e-01	   6.3935411491530902e-01	   3.7659472649000686e-01	   2.3731722442391337e-01	   2.9532132761229690e-01	   4.4490196531612691e-01	   3.5677643690443395e-01	   9.1416267089880476e-01	   9.2610456615034376e-01	   2.4802249702541346e-01	   3.2302974331392664e-01	   6.1112999925934408e-01	   4.6428411808454634e-01	   6.2382126401048843e-01	   6.2732480527190559e-01	   6.7702643066414292e-01	   5.3281667253623755e-01	   2.3058989724321011e-01	   3.5840923637327632e-01	   5.8523719886737358e-01	   5.1569409151278367e-01	   6.2255090418887105e-01	   5.6919579597698711e-01	   6.2079214910987746e-01	   6.4666143429376055e-01	   4.6491959356086254e-01	   6.7299210631399331e-01	   5.3730124746557639e-01	   6.7990534032744243e-01	   3.8879544339485095e-01	   4.2727824640423318e-01	   3.0596871301765405e-01	   2.9420100224022366e-01	  -7.8544031360023109e-02	   4.6321372324800053e-01	   4.4090874211660669e-01	   5.8674448339577667e-01	   5.6933062917050825e-01	   7.8744603921818823e-01	   2.4686493860778774e-01	   3.7835191635428200e-01	   2.5074852327904329e-01	   3.6839902867371871e-01	  -9.3799888829870226e-02	  -6.7726319842843094e-02	   1.6282640130796269e-01	   4.7897227113792917e-01	   2.3197457169435127e-02	   3.3493249106952722e-01	   3.8621163812630710e-01	   4.3853897647503226e-01	   3.9805835987192356e-01	   2.9670289150266882e-01	  -1.1112391824349154e-02	  -1.0112675203934279e-01	
   1.1347299664869581e+00	   0.0000000000000000e+00	   3.8642650875628792e-01	   7.7876860815929749e-01	   5.0297525384123132e-01	   8.0308467718225585e-01	   5.1029256657389033e-01	   5.9602541045022472e-01	   3.0841320906636965e-01	   3.9429749917343326e-01	   4.8046590311198556e-01	   5.3311318852481182e-01	   5.7830159920410840e-01	   6.3230865213778198e-01	   4.1177502271037270e-01	   5.6496345273472537e-01	   5.7469398173741659e-01	   6.9724219571872526e-01	   7.4689051730990874e-01	   1.1726800184205199e+00	   3.5037373980962944e-01	   4.7931661672594594e-01	   3.4405261426861256e-01	   3.4745368135985888e-01	   3.4410701733935423e-01	   4.6845976095699776e-01	   4.6912026553603325e-01	   5.6638058664883695e-01	   5.4685849771467687e-01	   5.1462663190691027e-01	   4.1307026216850301e-01	   4.4938392144913841e-01	   7.9657386214208437e-01	   8.3844789025736666e-01	   2.1554890368951635e-01	   3.0019766802608139e-01	   5.4145067940843949e-01	   7.0078345805628828e-01	   6.3705855116813825e-01	   8.6116488542948333e-01	   6.8398802315494334e-01	   9.1374880733085795e-01	   5.1702498347985415e-01	   4.4335355765872314e-01	   3.9530473554663870e-01	   5.3687541711054276e-01	   6.4905106535312507e-01	   6.7702408438478678e-01	   5.2826793700182839e-01	   4.1817598346683293e-01	   5.9619219621219766e-01	   5.2940703439714498e-01	   7.0691903853038129e-01	   6.9970971917473168e-01	   7.6576942540417359e-01	   8.6248035940542611e-01	   9.0230972670276499e-01	   1.0504991253194509e+00	   4.7818436570572398e-01	   4.3400526801405009e-01	   4.4972788814077369e-01	   3.1885604088969244e-01	   5.7766686835556791e-01	   4.6526305626178743e-01	   1.5952928729598598e-01	   3.0673386837575112e-01	   3.8129870017811063e-01	   3.9824261662228572e-01	   8.5367188174523245e-01	   1.0129314442651616e+00	   2.9906406222045201e-01	   3.0578318425601569e-01	   6.8328996292428112e-01	   6.1732323729819849e-01	   5.7838504693440407e-01	   6.8722689956962602e-01	   5.4437752808033979e-01	   4.7697004922149366e-01	   4.1929866659934756e-01	   5.5134001884790207e-01	   7.6419841334492522e-01	   6.9424840401018606e-01	   6.0139120471558216e-01	   8.0595566148269138e-01	   6.4561208678709148e-01	   6.4890731569006110e-01	   4.0424811056956789e-01	   5.3672303711713609e-01	   4.9899032728472470e-01	   5.9275849924496038e-01	   5.5871095749113420e-01	   5.2226834093357921e-01	   4.4795147857246065e-01	   3.5629170906712349e-01	  -1.2664865280676302e-01	   4.9223280151628723e-01	   4.2862017272376673e-01	   6.0663047233471212e-01	   8.2536691196979817e-01	   9.7122628600093741e-01	   4.4065683519557874e-01	   3.8414482942466865e-01	   4.2288741518331879e-01	   3.5849831385897429e-01	  -2.5656184193757890e-02	  -6.4837183482823607e-02	   1.6459444879522439e-01	   3.3565051719572619e-01	   2.1279639306697233e-02	   4.2806853990572147e-01	   3.6378132386005307e-01	   6.0951213056611819e-01	   5.8347271942468737e-01	   4.1856949774132446e-01	   5.2888484006071657e-02	  -7.7242592251143924e-02	
   5.0475087847592881e-01	   3.8642650875628792e-01	   0.0000000000000000e+00	   9.3542045646869676e-01	   8.1234651634925426e-01	   5.2375656959110728e-01	   9.5871549984991034e-01	   4.1682629125167481e-01	   5.3393492796911446e-01	   3.2866870731767311e-01	   4.5174210610625731e-01	   1.1624711638573051e-01	   6.2428770341546136e-01	   4.4281383823675680e-01	   7.9352821952325969e-01	   4.7640693606878332e-01	  -1.0489728809828111e-01	  -7.8737244732571030e-02	   7.9312129274142606e-01	   3.4698276232805808e-01	   4.2472163446072431e-01	   4.5286394163103144e-01	   1.2689545071481114e+00	   1.0928672811492341e+00	   8.2111671174842404e-01	   7.4500914405385421e-01	   4.4922806674074905e-01	   5.0177451488881397e-01	  -8.1077731952939575e-02	  -1.7071307478771011e-01	   8.0324950627891756e-01	   5.7144770053811011e-01	   6.1976796323718775e-01	   3.9441621157905044e-01	   1.0338995142339118e+00	   8.9409081011086333e-01	   4.8695244291865469e-01	   5.2598141388484421e-01	   6.4468667937931579e-01	   7.7996819993861188e-01	   3.9842876362640295e-01	   4.0219270690621634e-01	   1.1811504838297744e+00	   8.5306239560280517e-01	   9.6368431956976242e-01	   6.3100513612102571e-01	   1.0276573176095414e+00	   9.5464463635040242e-01	   8.9253428511780630e-01	   3.4080576541252067e-01	   8.5724221600574357e-01	   6.3130907370863687e-01	   4.9606828013326643e-01	   5.0217645170060732e-01	   8.1861990384753025e-01	   7.3810728137698378e-01	   2.7991917750487438e-01	   1.6126440242711321e-01	   5.6726815326739921e-01	   2.7913717886504708e-01	   5.2262753917967075e-01	   3.1349973448587454e-01	   1.8555880485672563e-01	  -6.6583266163829077e-02	   1.2754482658281481e+00	   9.4162120507046720e-01	   1.0614035223817995e+00	   7.1163613767211553e-01	   6.1368949074870383e-01	   7.5435967489478362e-01	   3.1242535824263984e-01	   3.0333633613971217e-01	   1.8824694163289166e-01	   1.0528977797864045e-01	   3.4653950344343165e-01	   2.9700228890402181e-01	   6.2005580876919575e-01	   3.8802916437573909e-01	   1.2190627348467016e-01	   2.4658602878278918e-01	   2.2453501007404630e-01	   4.5754895582191812e-01	   5.6525667476099717e-01	   2.7757895362696416e-01	   8.9330080421324809e-01	   8.0966639395704809e-01	   5.6196953839950659e-01	   7.8778037617308050e-01	   9.9920344582960974e-01	   8.1848762884731818e-01	   4.7999214295427650e-01	   8.0611068710160383e-01	   6.0746618528835239e-01	   9.7800642290872009e-01	  -1.5811733786082080e-01	   5.3194817198316557e-01	   7.7739933409887096e-01	   8.4343268995994203e-01	   4.0755240348661842e-01	   4.2510641959915801e-01	   2.4662204873420987e-01	   7.2034477730919533e-01	   3.3231842789584115e-01	   4.9192602670314456e-01	   1.7072115274795119e-01	   2.7061626926631382e-01	   2.9395761323621589e-01	   5.6349936653397115e-01	  -2.2842201917729948e-01	   2.4339215580114337e-01	   6.5587458450724534e-01	   3.9756996867953553e-01	   4.0165766253963653e-01	   4.7498045482090401e-01	   2.9132214384675964e-01	   6.0178561804706140e-02	
   6.7902489153578216e-01	   7.7876860815929749e-01	   9.3542045646869676e-01	   0.0000000000000000e+00	   6.9613737638603768e-01	   1.0362834949415660e+00	   8.4110551286355317e-01	   8.8278922971630358e-01	   5.1909511371229877e-01	   7.4882409780661663e-01	   5.8464504235799020e-01	   5.4775024189080579e-01	   7.2614386164441658e-01	   7.7176033555689116e-01	   6.3032630300410386e-01	   7.9020768299726307e-01	   3.2357077296548825e-02	   1.6894785610662805e-01	   8.4570781084628854e-01	   6.9478436726898418e-01	   3.7500070254439993e-01	   5.0498851345971008e-01	   7.8622065032061839e-01	   9.6751501901303272e-01	   4.9797517960960880e-01	   6.8227260050187200e-01	   4.2600467935761205e-01	   5.6087177875872563e-01	   6.6658784448483513e-02	   1.3360904181776190e-01	   6.8317263134527340e-01	   7.4623702487018262e-01	   8.7535735276759086e-01	   7.8032062768393473e-01	   7.1269619637386805e-01	   7.9290330768571593e-01	   5.1886732975454541e-01	   5.9413234166160156e-01	   6.1264948814853737e-01	   8.7554071085672125e-01	   4.9516396048418032e-01	   5.9053032447568277e-01	   9.8036350105894587e-01	   7.1036930812337373e-01	   8.0882992211570892e-01	   9.1896140036102092e-01	   1.0744979500662264e+00	   9.7268765289080195e-01	   9.4208868412650304e-01	   7.2193065788718358e-01	   8.6855362700249417e-01	   8.3966908080560887e-01	   8.7904114897240559e-01	   6.5556702553011248e-01	   1.0173535641819340e+00	   8.9984188820491595e-01	   4.2487805808729140e-01	   5.2695371391412593e-01	   5.9643916511862927e-01	   6.5316655233448029e-01	   6.1391338332711587e-01	   7.2751414796998093e-01	   3.8571359293095420e-01	   2.9906010613386047e-01	   7.4591757384886048e-01	   1.1644589600264317e+00	   9.0006389891951954e-01	   8.7033549331771154e-01	   7.8427848443603754e-01	   1.2043223692697589e+00	   2.0457484002580154e-01	   3.7636003896319348e-01	   4.0149817706356061e-01	   3.8226599644354636e-01	   5.2793297196598421e-01	   5.7859030947187640e-01	   5.3961029793894766e-01	   4.6160360532374106e-01	   1.3114608879013109e-01	   2.5957216528316873e-01	   3.2054322321875445e-01	   3.8516042681122109e-01	   6.0526269312380843e-01	   5.2634079306294990e-01	   1.0010097705025269e+00	   1.2533151034077530e+00	   4.4569047940911583e-01	   7.5628517814948248e-01	   1.0824306954304475e+00	   1.0683298161834287e+00	   8.2033987984718526e-01	   8.6872759124275989e-01	   8.9999846647637893e-01	   7.2474265047475550e-01	  -3.9804681288429583e-01	   5.3460821120653534e-01	   5.7945585604134831e-01	   8.2905590997928869e-01	   7.1110783724625015e-01	   7.0260114486716219e-01	   5.6602988470280535e-01	   6.8094051544804857e-01	   5.5241001399374001e-01	   6.0347177779483585e-01	   2.2831507334180545e-02	   2.2807446741036425e-02	   1.3001815170537687e-01	   6.6294557758333961e-01	  -3.1079642275035879e-01	   2.1014099283341253e-01	   6.0085669102963657e-01	   5.6223439360799254e-01	   5.2462376164779789e-01	   5.8541429302425962e-01	   2.3717505511101761e-01	  -4.1227971518779548e-03	
   4.8851877860650916e-01	   5.0297525384123132e-01	   8.1234651634925426e-01	   6.9613737638603768e-01	   0.0000000000000000e+00	   8.0647046037920045e-01	   8.4453083141356666e-01	   5.5581745258252324e-01	   8.7941841484185057e-01	   4.3175709380459548e-01	   4.1700349631692291e-01	   2.1347961347946445e-01	   4.8621491693331931e-01	   3.6377711983531874e-01	   4.7867508971903716e-01	   4.1234702819644281e-01	   1.3570765820246872e-01	   1.9094578727574385e-01	   7.0968565922748128e-01	   5.4167766390796945e-01	   3.0175334299953843e-01	   2.4699713125669809e-01	   5.6288240372905995e-01	   5.4473517017351147e-01	   4.5529079276128104e-01	   4.1746905459315087e-01	   3.8445984330978511e-01	   4.2194779349217448e-01	   2.1673859348383351e-01	   1.1366405174281252e-01	   7.4515524871816419e-01	   5.7790626877259554e-01	   5.4878358938436955e-01	   5.0539399787969752e-01	   3.9886278825742183e-01	   3.7335068556186640e-01	   2.9071359341984004e-01	   3.8403807133011497e-01	   3.2509869041935735e-01	   4.1842306893876796e-01	   2.1760673558846627e-01	   2.5278743691408662e-01	   5.3634400669944537e-01	   3.5269804820332412e-01	   5.5039505748059070e-01	   4.4364417753341029e-01	   5.4934709768131951e-01	   4.9864626903776138e-01	   6.3063799334955895e-01	   2.8977267220960667e-01	   4.7119245863855713e-01	   3.8051975194476056e-01	   5.5675561792062456e-01	   6.1857154502466705e-01	   4.4134176829136873e-01	   4.6858056849041829e-01	   2.8204957548479587e-01	   3.3667217656093490e-01	   5.3566806507225539e-01	   3.4094547348196474e-01	   6.1596361223438412e-01	   4.2509077374288307e-01	   4.2061055153315469e-01	   2.2363950766417898e-01	   5.3062774236646060e-01	   4.8707547515650262e-01	   5.3134835074343167e-01	   4.6697023036668345e-01	   4.7585573686274368e-01	   6.7597818045761304e-01	   3.2419005402201745e-01	   2.4863962978122575e-01	   2.5820671413765872e-01	   1.3144025290400527e-01	   3.4580891126445584e-01	   3.4314433693354618e-01	   4.0618841738882427e-01	   3.1867997606938309e-01	   1.4149778768802473e-01	   2.0644550466645861e-01	   3.7193774016935838e-01	   4.7047384331385811e-01	   4.3072763732730135e-01	   3.2789438119797232e-01	   5.4544203606311492e-01	   5.3371690558369667e-01	   2.3964663970734884e-01	   3.0073712044683609e-01	   5.8386359076642347e-01	   5.3995252019758155e-01	   6.1332672996791793e-01	   7.7020700878193971e-01	   6.2521851374609760e-01	   8.0739240121876099e-01	  -2.0509753863677643e-01	   3.1928321243903879e-01	   2.4762409114727396e-01	   3.6100661045631166e-01	   4.1191879641365348e-01	   4.6783793341095414e-01	   3.8593385368790373e-01	   6.5107710727418688e-01	   3.5950717353406397e-01	   3.8232990246326914e-01	   1.5833178665009457e-02	   1.2297726519297555e-01	   2.2080297682906116e-01	   2.4061902949964148e-01	   1.0264338555547889e-02	   2.9318165962740977e-01	   3.8810705868141326e-01	   2.4590956792558077e-01	   3.2609622717683073e-01	   2.7640722309957755e-01	   7.0771785226190154e-02	  -7.2533657561227621e-02	
   5.6749303074346980e-01	   8.0308467718225585e-01	   5.2375656959110728e-01	   1.0362834949415660e+00	   8.0647046037920045e-01	   0.0000000000000000e+00	   6.2652462813145315e-01	   9.2913528091940301e-01	   4.6582838337378146e-01	   8.0804508735557912e-01	   4.8855025047448764e-01	   7.1633880136009187e-01	   6.0931525560032640e-01	   8.0690640034413652e-01	   4.6908999173355859e-01	   8.4610085039399929e-01	   1.7127022573880468e-01	   3.9626904493558179e-01	   6.9506580457608469e-01	   7.8746930685890859e-01	   3.8912765629274548e-01	   4.6083750598053674e-01	   5.0011354866830127e-01	   6.2243347084845368e-01	   3.7272944256437557e-01	   5.8504781358667968e-01	   4.7472248388083782e-01	   6.1323599811003060e-01	   3.0886414900689896e-01	   4.6564238949520825e-01	   6.9289995836885521e-01	   7.5149305069650263e-01	   7.0870513274357194e-01	   8.2939990653573681e-01	   4.1455552120619121e-01	   4.8857247103750800e-01	   3.2301984672697093e-01	   4.6490250280009482e-01	   4.4056387151102239e-01	   7.0108960411246990e-01	   4.1068055829809624e-01	   5.5004032772083855e-01	   6.1796705446160050e-01	   4.3377847584847340e-01	   4.9737186761631341e-01	   6.6129989179298743e-01	   6.7971214252644030e-01	   6.0622719737738773e-01	   5.5546100535003062e-01	   6.1506048966371230e-01	   4.0000300490600743e-01	   5.6812225823874163e-01	   5.7971227345693965e-01	   4.6813628952928837e-01	   6.2221130114235457e-01	   6.7741679239709263e-01	   2.9917370584604108e-01	   5.0045239293906996e-01	   4.7171984102727860e-01	   6.0831435996082550e-01	   5.5628867165729012e-01	   6.6365189659782953e-01	   4.5563698071522329e-01	   4.4593675465398969e-01	   3.5491258709285067e-01	   6.4691320839254352e-01	   5.4840173438983852e-01	   6.3559197666969658e-01	   5.4372781357124134e-01	   8.4430094339511041e-01	   1.9653423455489219e-01	   3.7346189468559360e-01	   3.5211056817533104e-01	   4.0283645004204649e-01	   4.2213208935594337e-01	   5.3647009388923073e-01	   3.8324438819944751e-01	   4.1999487599261143e-01	   2.1483774200483763e-01	   3.1447145818145988e-01	   4.7810707040296552e-01	   4.0721692020781719e-01	   6.3497178109109298e-01	   7.7670692359397298e-01	   6.8531270757000329e-01	   8.3299394517804570e-01	   3.2809071112018606e-01	   4.7453876323374844e-01	   6.6510332266204408e-01	   7.8954578189155022e-01	   7.5748283688668205e-01	   6.4761227497610407e-01	   8.3182529808104144e-01	   5.0995037441190116e-01	  -2.8315586914113722e-01	   5.4184413588195712e-01	   3.1961040792354001e-01	   5.7307638095646185e-01	   5.3560673891381450e-01	   5.5212005328501623e-01	   6.6985012644715736e-01	   4.9192594068960827e-01	   5.2322180126269247e-01	   4.1515221017073611e-01	  -2.6429391882258338e-03	  -7.9552673665476997e-02	   1.5465919754937643e-01	   4.2162677094176132e-01	  -7.7901072247068159e-02	   2.6593389221888097e-01	   3.9435600310875207e-01	   3.9247257134668867e-01	   4.3161183091879068e-01	   4.3222242063789890e-01	   1.5661598206068927e-01	  -2.5734349887753669e-02	
   5.4951636646878366e-01	   5.1029256657389033e-01	   9.5871549984991034e-01	   8.4110551286355317e-01	   8.4453083141356666e-01	   6.2652462813145315e-01	   0.0000000000000000e+00	   9.6428675716240997e-01	   1.2352064867050676e+00	   5.8741934701346143e-01	   1.1358821709450124e+00	   5.8509518682355965e-01	   9.2407303068754676e-01	   7.6425983830617406e-01	   6.5400216315409165e-01	   6.1522868140361187e-01	   1.0144359095053682e-01	   1.9922427529433040e-01	   9.1694700142500407e-01	   5.3678900561249687e-01	   9.0711524074570254e-02	   1.3534261660532421e-01	   5.5645711261038189e-01	   5.8583339769701914e-01	   1.8500273448278676e-01	   2.1460584305139666e-01	   1.2297948360495514e-01	   1.8229688536837038e-01	   1.9544461307044686e-01	   1.8148014683170938e-01	   5.4310854329945513e-01	   5.9538569987172762e-01	   7.2723551361346839e-01	   6.8818780698970639e-01	   3.7112032539226653e-01	   4.1123225403279257e-01	   2.4040323146690795e-01	   4.1047613023478779e-01	   3.3795781553087823e-01	   5.0018760626271719e-01	   2.9555588424428281e-01	   3.1051485368574011e-01	   8.7476385099007414e-01	   5.8779317712260326e-01	   6.4051578077809379e-01	   6.2270002785379019e-01	   8.1921306194319843e-01	   7.2960010446265655e-01	   8.5861652773433705e-01	   5.2037944036295514e-01	   5.7926626336336717e-01	   5.6387118058106833e-01	   5.4369145395176610e-01	   4.4334299767609836e-01	   6.0013473148167995e-01	   5.6480971158034832e-01	   1.8780765825047471e-01	   2.6248839987756389e-01	   6.1830100136820831e-01	   4.7284873723500742e-01	   1.0328112417353661e+00	   7.6058798790767690e-01	   5.0114571955288012e-01	   3.8419657680698144e-01	   6.6326951496621434e-01	   6.4474530000387409e-01	   7.4163087824654306e-01	   6.1153097766088504e-01	   4.3253393457643913e-01	   7.1572883529296405e-01	   2.9425131531912213e-01	   3.0894235521121638e-01	   3.3180173330763701e-01	   3.4987410305861238e-01	   5.5511457191538249e-01	   5.4602777513175160e-01	   6.3877692464666525e-01	   5.0734412184324895e-01	   5.2726789743022286e-02	   2.1208759295223700e-01	   2.2046203643987369e-01	   3.6684620636860976e-01	   5.5081309190657801e-01	   4.5635413335496378e-01	   7.6004118036684964e-01	   8.8090770480304603e-01	   1.1962033882358757e-01	   3.5858456893102775e-01	   8.6631181677514346e-01	   8.0810975143512398e-01	   8.6069708530715894e-01	   9.2563432375691201e-01	   8.2692369062620541e-01	   9.3511381015350103e-01	  -3.5528354332867423e-01	   3.2023061193681029e-01	   3.4358011647069447e-01	   4.9055699694076582e-01	   5.3763218737801721e-01	   5.6217829759091398e-01	   5.9574204793127472e-01	   1.0718891998890423e+00	   6.0653879322057180e-01	   6.3286345095216856e-01	  -7.8078205912236104e-02	   1.1055240822067490e-02	   1.4419546866192923e-01	   4.3142648307783887e-01	  -1.3780737627113962e-01	   1.9976827481172099e-01	   5.3030104832673886e-01	   4.4651399162236854e-01	   5.3860926922789998e-01	   2.9230142300482675e-01	   6.9158522206019007e-02	  -1.7294182232089803e-01	
   4.3928745703528682e-01	   5.9602541045022472e-01	   4.1682629125167481e-01	   8.8278922971630358e-01	   5.5581745258252324e-01	   9.2913528091940301e-01	   9.6428675716240997e-01	   0.0000000000000000e+00	   8.6210245413639008e-01	   1.0584331014056914e+00	   8.6187204930676087e-01	   1.1930913411303137e+00	   6.5704086000132345e-01	   9.4044976860960317e-01	   3.7482945106784826e-01	   8.0442769036103778e-01	   1.1553433026125756e-01	   4.0028883361488082e-01	   6.7320521819173451e-01	   6.4324737500654428e-01	   1.2317475687772259e-02	   1.1053769546634953e-01	   2.6728274614092440e-01	   4.1886848277048827e-01	  -7.5322178534652090e-02	   9.3002200891272840e-02	  -2.8645541218857540e-02	   8.6955960253261022e-02	   2.8158415125539638e-01	   5.2337030469963430e-01	   4.7265164585018565e-01	   7.4787573296690135e-01	   6.9084448858053693e-01	   9.2323641159377934e-01	   1.8676772542978071e-01	   3.2139773155203410e-01	   2.3618544061599686e-01	   4.2674973124734744e-01	   2.1774423345482113e-01	   4.7746053452421444e-01	   3.3264505376706766e-01	   3.9474278997295220e-01	   6.2387051754093992e-01	   4.0151950160772704e-01	   4.2210707027228545e-01	   6.1131075457330364e-01	   6.6768795226392419e-01	   5.6775762173706068e-01	   5.9118848044581862e-01	   7.2949172903579973e-01	   3.0680697944890689e-01	   4.8613577771507965e-01	   4.9642163108353038e-01	   3.1713382059920214e-01	   4.7776550313003574e-01	   4.7181859580594276e-01	   1.0902980750744706e-01	   3.3609187475314800e-01	   3.9260789072270080e-01	   5.7673711832455377e-01	   8.2120648837001031e-01	   1.4246235129027338e+00	   5.5230647548718426e-01	   7.1926625478826844e-01	   3.2085401185752777e-01	   6.2592293843860103e-01	   4.7541088973838574e-01	   5.8399237410619553e-01	   2.7597436529028013e-01	   6.3756411710169214e-01	   2.7196211240241014e-01	   4.9452809913164802e-01	   4.7460012830954840e-01	   6.2768439382490793e-01	   6.4578105812566611e-01	   7.9254808729123449e-01	   5.6635606824576101e-01	   6.2350299334293457e-01	  -4.3365041542265691e-02	   9.3186193130044920e-02	   2.0168474868923883e-01	   1.7630964360281151e-01	   5.1595861081609606e-01	   6.3378234536350042e-01	   6.3732305209375684e-01	   8.8577246223725581e-01	  -1.1133431559807847e-02	   2.4059851622339679e-01	   6.7810312921590254e-01	   7.2748765698510431e-01	   1.0025202513314273e+00	   7.1347641344262680e-01	   9.5306693635000861e-01	   5.4182354383814268e-01	  -5.6379157856285156e-01	   2.4142906084256394e-01	   8.9121679697029610e-02	   3.8160424152318484e-01	   6.1905144185480987e-01	   5.2885696192512555e-01	   9.8875562775463077e-01	   8.0157940514281056e-01	   6.9018206381731717e-01	   5.9972992439889805e-01	  -2.3681283220465260e-01	  -2.3056264878210042e-01	  -4.1815984217555016e-02	   4.0060658220570544e-01	  -2.1800002306817939e-01	   1.2491105629027890e-01	   4.2729644738150224e-01	   4.6762644563334221e-01	   5.5578888464423959e-01	   2.0520719336452334e-01	  -2.3526849066791894e-02	  -2.4754553115841832e-01	
   2.9975611715120520e-01	   3.0841320906636965e-01	   5.3393492796911446e-01	   5.1909511371229877e-01	   8.7941841484185057e-01	   4.6582838337378146e-01	   1.2352064867050676e+00	   8.6210245413639008e-01	   0.0000000000000000e+00	   6.9674778818230210e-01	   8.3099835514512188e-01	   4.6642504430272896e-01	   6.1849797898755576e-01	   4.4937731538535769e-01	   4.7426285880478192e-01	   4.3452693416875665e-01	   7.9604479203161535e-02	   1.7593323326336927e-01	   6.4183367874298125e-01	   3.4686904391775353e-01	  -4.7043915088630525e-02	  -7.0480804019918256e-02	   2.9156589204579403e-01	   2.7427348888347791e-01	  -4.6969763243270256e-02	  -7.8273957827728641e-02	  -3.0541852358826456e-02	  -1.7394482544498709e-02	   1.4221431188234623e-01	   1.4563274509700705e-01	   3.1840408632680967e-01	   3.4732643496279164e-01	   3.6014091839157236e-01	   4.0705724405570137e-01	   9.9773407364671773e-02	   1.2311681787605515e-01	   8.9820567853738972e-02	   2.2209856935852787e-01	   6.7167724919568850e-02	   1.5819325187561875e-01	   6.5734816590732825e-02	   4.0713120743673267e-02	   4.5797728591920112e-01	   2.7314845367415436e-01	   3.6409795067709683e-01	   3.8785931718515831e-01	   4.3426214632456245e-01	   3.6600079272408426e-01	   6.0395504958761859e-01	   4.1577460256195248e-01	   3.4270403222259788e-01	   3.5798677948442809e-01	   4.4129901486657519e-01	   4.0063489283069198e-01	   2.7677870761428230e-01	   2.6608591218693434e-01	   4.6511319656881427e-02	   1.9395752269761174e-01	   4.8866693426977059e-01	   4.3493994902002470e-01	   8.3088704713651929e-01	   7.4898506667993414e-01	   3.9281188695227010e-01	   3.3173398154838929e-01	   4.1967466401588527e-01	   3.8841976799744515e-01	   3.9408223036076601e-01	   3.4708484324933242e-01	   2.5117158961007108e-01	   4.5279996273235290e-01	   3.0122157679704381e-01	   2.5513444507302646e-01	   2.0528732037046887e-01	   2.2069182291966349e-01	   3.4072041592081637e-01	   3.5286964242965618e-01	   4.0831362366126056e-01	   3.3595864617064425e-01	  -6.8649709743229384e-02	   3.3776760936156634e-02	   1.0038182431917787e-01	   2.0849844898244105e-01	   2.8705824321603846e-01	   2.3318644617491485e-01	   4.3710784793242108e-01	   5.1832350365313729e-01	  -1.2310245365597919e-01	   4.3053986714319502e-02	   5.9133371382151145e-01	   4.9253937700442124e-01	   7.6122532843364077e-01	   7.6679328736192043e-01	   7.2965847991090749e-01	   7.8645260449992871e-01	  -3.4615489114641934e-01	   5.0216345518975261e-02	   2.3521905641171601e-02	   1.5013193584092283e-01	   4.2177048614882884e-01	   4.2330391405700951e-01	   6.4482505551153246e-01	   9.1917358386397097e-01	   5.8572019440532441e-01	   5.4513643806409662e-01	  -7.6114319948003328e-02	   4.7894311663298245e-02	   9.2306471959864647e-02	   2.1703197542543812e-01	  -6.9095503152480767e-02	   7.7613666651430269e-02	   2.8516013036749560e-01	   2.5502644687837284e-01	   4.1016881659161392e-01	   1.8778378809279597e-01	   3.2439432675872189e-02	  -1.5688673528245148e-01	
   3.3580094996652587e-01	   3.9429749917343326e-01	   3.2866870731767311e-01	   7.4882409780661663e-01	   4.3175709380459548e-01	   8.0804508735557912e-01	   5.8741934701346143e-01	   1.0584331014056914e+00	   6.9674778818230210e-01	   0.0000000000000000e+00	   6.4674170000404518e-01	   9.4616506236188658e-01	   6.6467953139192548e-01	   7.9412879520134216e-01	   5.9690230636801489e-01	   1.0706437727218394e+00	  -2.0211780716715772e-02	   2.4323894800005236e-01	   5.4778015458434004e-01	   3.8514320586427325e-01	   3.9281681365664858e-02	   9.2093829651810608e-02	   3.7922345660043710e-01	   4.7598193424567847e-01	  -8.8894924651040014e-02	   5.2045206830595804e-02	   8.8683588151832790e-02	   1.6154840418774627e-01	   8.4357749931988149e-02	   3.1306167042120875e-01	   3.2639671024120487e-01	   4.3141210789636408e-01	   2.8506855780862117e-01	   3.8689571378613513e-01	   1.6896123908205812e-01	   1.8169639959213710e-01	   1.9919818261603933e-01	   2.8497683754404324e-01	   1.7835458774002699e-01	   3.1749655669051324e-01	   2.2461726935000687e-01	   2.6539119214356466e-01	   4.0470434214251644e-01	   1.8803128872914926e-01	   2.2542880608371590e-01	   4.1216552140761187e-01	   4.3827015940397918e-01	   3.0094651428149694e-01	   3.9139127115522526e-01	   6.1239561653075159e-01	   2.7406559587704504e-01	   3.5336847355475187e-01	   5.7503314566889119e-01	   3.4961504023150836e-01	   4.2210824291952453e-01	   3.9145245504336079e-01	   8.7152930145950824e-02	   3.2762145025604134e-01	   4.8003501677724741e-01	   7.8308601288756896e-01	   6.2022084985704073e-01	   1.0803839716512105e+00	   4.1689713751866514e-01	   4.3729327437552884e-01	   3.7266166513500082e-01	   6.0308135125455087e-01	   2.9644526058391163e-01	   3.2213028332944738e-01	   3.3444090554775741e-01	   5.1624047166010323e-01	   1.0079704762983191e-01	   3.0279793408888750e-01	   2.3199679500123610e-01	   3.0474304424683740e-01	   2.9448368749175147e-01	   3.9207272789524789e-01	   2.5804758960573149e-01	   2.8045097795868429e-01	  -6.3145632075520916e-02	   1.6555874868461763e-02	   1.7820678261848091e-01	   5.4567427942543330e-02	   5.1929256526215040e-01	   4.9532473010667094e-01	   6.2844989060142908e-01	   8.3170715125243388e-01	   1.1497399311598344e-01	   2.8657083923683346e-01	   7.9429544872457580e-01	   7.8826141766557445e-01	   7.7582999336649827e-01	   6.1091966426968447e-01	   9.4327065323185899e-01	   4.5205810835573634e-01	  -3.7139085953128315e-01	   1.3494617435534767e-01	   4.2472687308663937e-02	   2.2846873899327158e-01	   4.3823000226660747e-01	   4.0719267344903987e-01	   8.0658098866306505e-01	   5.0806144871804548e-01	   5.1423616191498256e-01	   4.3108347932878904e-01	  -1.0953332577657242e-01	  -1.2391428568861154e-01	   2.5848983709535853e-02	   3.4810496033178578e-01	  -1.9514788863105847e-01	  -3.1682649250432376e-02	   1.6029540175253770e-01	   2.6956156556243849e-01	   4.0942544670965120e-01	   3.1192109631429549e-01	   1.2626114836443764e-01	  -4.6765321380738398e-02	
   5.3178122406333661e-01	   4.8046590311198556e-01	   4.5174210610625731e-01	   5.8464504235799020e-01	   4.1700349631692291e-01	   4.8855025047448764e-01	   1.1358821709450124e+00	   8.6187204930676087e-01	   8.3099835514512188e-01	   6.4674170000404518e-01	   0.0000000000000000e+00	   8.8072322815777970e-01	   1.2600998577601759e+00	   1.0642936803691319e+00	   6.7062918422053708e-01	   7.2133027455949672e-01	   2.2460427276761730e-01	   3.8049689940811077e-01	   7.8856826736577779e-01	   5.4547859005635602e-01	  -3.4572204196426287e-02	   2.0212688484353650e-02	   3.5083025305570498e-01	   3.9093667340222699e-01	  -7.3066267445691793e-02	  -2.3176793905571216e-02	   9.7828536002607436e-02	   1.2945651896740004e-01	   3.1840891747252192e-01	   3.4702401989649656e-01	   2.6838579523912681e-01	   3.9689015208498529e-01	   4.9869657873173601e-01	   5.9014066583840497e-01	   1.0433812716826638e-01	   1.4240294489482011e-01	   1.8047081241650650e-01	   3.7038141371024447e-01	   1.5242218921588652e-01	   3.3736091853014805e-01	   2.2905985405284285e-01	   3.5955148482499028e-01	   4.9642501380713833e-01	   2.5917195146350547e-01	   2.7268692917754633e-01	   4.1071915630101458e-01	   5.2046104375353652e-01	   4.3666047625222976e-01	   5.3146960132323007e-01	   5.9320693360688503e-01	   3.4422479983288934e-01	   3.9734297098223476e-01	   4.9082967584025028e-01	   2.9497382799827077e-01	   4.2725967151427419e-01	   3.5843404557394110e-01	   1.7204571143558373e-01	   2.9917423771840990e-01	   6.5939685248467450e-01	   6.0924730905762015e-01	   1.1022683801844837e+00	   8.0825339035797783e-01	   7.4954650041247495e-01	   6.4272413939828166e-01	   3.7953064028677513e-01	   4.0779564819250369e-01	   4.3390189872255669e-01	   3.9211902392692172e-01	   2.5985517154770421e-01	   4.8297890395494492e-01	   1.5953875932814462e-01	   1.7750398774007495e-01	   3.4285925193009825e-01	   4.4402242804471226e-01	   5.4312104634262748e-01	   6.3151813302006554e-01	   4.9094268323768275e-01	   3.9428225834186831e-01	   2.3677076552476511e-02	   1.7241120787581538e-01	   2.5695798403581799e-01	   2.3981492204389299e-01	   6.4829822042587215e-01	   5.4288363713485399e-01	   6.9037763436894450e-01	   7.5900038268132286e-01	   6.5167864392662908e-02	   2.6473303195398645e-01	   6.8248921516566008e-01	   6.9930597829069963e-01	   7.5964642077339328e-01	   6.6252510876496851e-01	   6.6256254512266632e-01	   5.6508034120870043e-01	  -3.9848256529293224e-01	   9.7872356183332232e-02	   1.4394573910475972e-01	   2.4387261376722569e-01	   4.6073084065306491e-01	   5.1724640158190127e-01	   5.8263282399135363e-01	   7.5017825470244459e-01	   5.9837258899248391e-01	   6.1282377282330469e-01	  -3.1354941410615417e-01	  -2.3664141386953047e-01	  -1.0763609157346914e-01	   3.0783479322477791e-01	  -1.7602349910768855e-01	   7.9801059295120741e-02	   3.3093250966813792e-01	   3.3112597236445135e-01	   3.7200437051439894e-01	   6.3784642680816156e-02	  -1.7772071720711077e-01	  -3.8136992461831926e-01	
   3.7849209183640037e-01	   5.3311318852481182e-01	   1.1624711638573051e-01	   5.4775024189080579e-01	   2.1347961347946445e-01	   7.1633880136009187e-01	   5.8509518682355965e-01	   1.1930913411303137e+00	   4.6642504430272896e-01	   9.4616506236188658e-01	   8.8072322815777970e-01	   0.0000000000000000e+00	   7.5196968994918101e-01	   1.3250098732093940e+00	   4.0994293869144666e-01	   9.7760182892441405e-01	   1.9759977150962943e-01	   5.4827007188120647e-01	   4.9565686499716533e-01	   6.1023882306425281e-01	  -1.1340841161462657e-02	   9.5775101989401604e-02	   1.3704154509944061e-01	   3.1244683316849969e-01	  -2.1987205065647000e-01	  -3.1771013711445528e-02	  -3.3527942212718771e-02	   4.2550810532455526e-02	   4.1593576774903934e-01	   7.9294561699428534e-01	   2.8442936107729222e-01	   5.7805990540602148e-01	   4.3963847791502964e-01	   6.9362445451801114e-01	  -2.4385900006743667e-02	   8.8317422587080405e-02	   1.7656756527836739e-01	   3.9252363125407763e-01	   1.2129450410243442e-01	   3.5527130818653141e-01	   2.8818786938047380e-01	   4.4908520481157865e-01	   3.2932750252427462e-01	   1.3626899504084350e-01	   1.6095187207936051e-01	   4.3619470956378359e-01	   3.8475366543613332e-01	   2.8978636618339015e-01	   3.0631375033762853e-01	   6.1545937817707308e-01	   1.3354770073657354e-01	   3.0014463442122569e-01	   4.0573151960542059e-01	   2.0208603016166271e-01	   3.7885790191033203e-01	   3.8329237712640235e-01	   9.0562936584959980e-02	   3.4804112012466337e-01	   3.0452341580974607e-01	   6.0140207260036216e-01	   6.1819972487243235e-01	   9.9003199523562424e-01	   6.0938329916521983e-01	   8.6334628333585295e-01	   7.3521436503201157e-02	   3.2445824641580506e-01	   1.9234214930031623e-01	   2.9923580682291828e-01	   1.6708092408099479e-01	   4.3487422585560109e-01	   2.0275560221528324e-01	   4.0439899395017215e-01	   4.9751699748915446e-01	   6.9896144404932148e-01	   5.4908969175647204e-01	   7.4217192010196564e-01	   3.6882314836462415e-01	   4.7591803270368510e-01	  -2.7987245807721416e-03	   1.2995584497148882e-01	   2.6349483429915554e-01	   1.0971646099675021e-01	   6.0385477114178598e-01	   8.0544597539554941e-01	   5.3482060520912311e-01	   7.1798786761745059e-01	   1.4237678281057832e-02	   1.8457754337604351e-01	   4.9568401454406219e-01	   6.1164884392500274e-01	   8.1269005986677390e-01	   4.7719719974892016e-01	   7.6732119834163570e-01	   2.7379205896909409e-01	  -4.6000795921929782e-01	   8.5062872395790606e-02	   5.9672741327234111e-03	   2.0512192431927215e-01	   5.2691708430870432e-01	   4.7962351079136434e-01	   8.3664923906671829e-01	   4.6469075916268698e-01	   5.0848410386873566e-01	   3.7683892260886365e-01	  -3.5067312728403061e-01	  -4.3004656840242556e-01	  -1.1091691337045799e-01	   2.9178531726889562e-01	  -1.6682665079543793e-01	   9.9865016800263759e-02	   1.8920044638298300e-01	   4.0751591199095089e-01	   5.1656508424406944e-01	   7.7426368323363692e-02	  -1.3369539461530328e-01	  -2.8317080898896352e-01	
   6.1087577957342898e-01	   5.7830159920410840e-01	   6.2428770341546136e-01	   7.2614386164441658e-01	   4.8621491693331931e-01	   6.0931525560032640e-01	   9.2407303068754676e-01	   6.5704086000132345e-01	   6.1849797898755576e-01	   6.6467953139192548e-01	   1.2600998577601759e+00	   7.5196968994918101e-01	   0.0000000000000000e+00	   1.3160406015341195e+00	   1.2273480857192782e+00	   9.8466509495194765e-01	   1.2236938281257960e-01	   2.8281536670091506e-01	   9.3091639945404137e-01	   6.2865593942252862e-01	   1.9561772903376101e-01	   2.0611495626687101e-01	   7.6098993047972296e-01	   7.7578688088529668e-01	   2.2074706036846625e-01	   2.6042402392042907e-01	   3.3918695811873811e-01	   3.4872107853445738e-01	   2.6919769943585792e-01	   2.3867686765429730e-01	   4.2989720142635002e-01	   4.5973237816179291e-01	   4.6953631341114288e-01	   5.0129913273639193e-01	   3.6522665418349864e-01	   3.3997580231371177e-01	   3.2170851638293524e-01	   4.6788367496578021e-01	   3.2298156321327576e-01	   4.8885544626452504e-01	   3.1452626219832602e-01	   5.2427595368857061e-01	   6.4587252972549025e-01	   3.6716697012232252e-01	   4.1851889169523304e-01	   5.0422598257802953e-01	   6.6813777797982465e-01	   5.6250348238914905e-01	   6.0872897096336820e-01	   5.3599105325389851e-01	   5.4700904938230832e-01	   5.0470032725561609e-01	   6.3117129669680150e-01	   4.5780684978914538e-01	   6.5989018915191300e-01	   5.5276451213931821e-01	   2.5306987497068573e-01	   3.5354908735207402e-01	   6.4642416168769512e-01	   5.7994521072649841e-01	   7.3358637552853445e-01	   5.6962894577880752e-01	   6.0367717737621496e-01	   3.7337810415074479e-01	   6.1987840038690489e-01	   5.5568514150637660e-01	   4.5314652989530246e-01	   3.6567802959072604e-01	   4.5975515642189591e-01	   6.2053392734136137e-01	   1.6988165645129555e-01	   1.5593865621239039e-01	   2.7661360954942804e-01	   3.1401103087945836e-01	   4.1428385363124043e-01	   4.8341476083396817e-01	   4.4064936844587310e-01	   3.1212550695222607e-01	   1.2825181380177425e-01	   2.8731860596149106e-01	   3.7198837314179795e-01	   4.0208925378728488e-01	   9.4216681984196371e-01	   6.8144709937177184e-01	   1.0707753916504636e+00	   9.7289431064174114e-01	   4.1874070667096452e-01	   5.9931482846938877e-01	   9.6550171813661834e-01	   9.1676417229529750e-01	   6.9383125357434261e-01	   7.3540377764757214e-01	   7.3771743555870839e-01	   7.0567144854178920e-01	  -2.6633894039786016e-01	   2.2237994842840469e-01	   3.9732159014263185e-01	   4.1842734671793758e-01	   4.6338429095834965e-01	   5.6661712442965140e-01	   5.0710780378291376e-01	   6.0443045900158998e-01	   5.0131718004800452e-01	   4.7737529018588787e-01	  -1.0920421853949505e-01	  -9.5170599587419066e-02	   1.1782683910081304e-01	   4.3098150887812309e-01	  -2.5084348002191420e-01	   1.0548108900724927e-01	   3.0992924903658370e-01	   3.6102179129934703e-01	   3.9299925095388127e-01	   2.7336589512345855e-01	   5.9143128971104852e-02	  -1.6022170598293667e-01	
