   0.0000000000000000e+00	   8.4514223276223099e-01	   6.1578976361408866e-01	   6.5109385601889502e-01	   5.3603305859302974e-01	   5.2139464376856015e-01	   7.6318239551905720e-01	   7.4568291826893551e-01	   6.0593184036409553e-01	   5.7493215012795507e-01	   7.8199944031099933e-01	   6.9779466054705908e-01	   7.6283711345069372e-01	   7.5465556519883059e-01	   7.2151386950450591e-01	   6.7170780281153142e-01	   6.2850923684863991e-01	   6.2068488593794835e-01	   8.2615227546508674e-01	   7.4558052842791467e-01	   4.4624279980316950e-01	   2.7612165338590167e-01	   6.0569623594750843e-01	   6.3257278586049170e-01	   3.5033954320500266e-01	   3.4043993476543277e-01	   4.9072798768709613e-01	   4.7519142360952216e-01	   6.9830893898496038e-01	   6.6486569160131881e-01	   6.5213494413409656e-01	   6.1064419052675389e-01	   7.6063950121880075e-01	   7.2650368791798070e-01	   1.4419088806157687e-01	   1.6205303441273122e-01	   2.2148368095473248e-01	   4.2246108685545836e-01	   5.3520400757497111e-01	   4.7081890802117721e-01	   6.2993204550344006e-01	   4.3524972573124276e-01	   3.7306276077426714e-01	   4.5077271136967528e-01	   3.8929098468590573e-01	   4.4562152593992460e-01	   3.6741763015705531e-01	   4.0547845766903556e-01	   4.9507670551161681e-01	   4.4864321605537982e-01	   6.7063496143990087e-01	   6.6213857854914915e-01	   3.4649856203195484e-01	   4.2572924358058384e-01	   5.1263131783662241e-01	   5.3467931292583071e-01	   9.0303921141534493e-01	   6.8648188481622985e-01	   6.4643359114801369e-01	   4.9801834237302656e-01	   7.6655853329750612e-01	   6.4672917611049097e-01	   6.0350068942754564e-01	   6.9806455694800462e-01	   4.0196953513412415e-01	   5.5722893870155410e-01	   5.8148408516736594e-01	   5.0906789452104040e-01	   7.7117091943210569e-01	   5.6093534691795022e-01	   6.0930209655501577e-01	   5.8119993897369837e-01	   7.0069260359325314e-01	   7.2494156237074603e-01	   7.3129082924080679e-01	   7.4533374740743574e-01	   7.4331360770804755e-01	   7.7065535611292768e-01	   7.4338391016501704e-01	   6.3614553389795225e-01	   5.1919843179396774e-01	   5.8324393079994974e-01	   5.8295527817012449e-01	   5.5743208002514832e-01	   6.2786356791401254e-01	   5.9463956021904418e-01	   2.9328269159997628e-01	   4.2726818607742489e-01	   5.8880768999831967e-01	   7.0553035762828187e-01	   9.9167644748285128e-02	   1.3941567613100841e-01	   1.0277993520587402e-01	   4.2066958862521577e-02	   1.8190780170051069e-01	   4.6507084120518344e-01	   1.8534347334242765e-01	   4.4291032107051187e-01	   2.2451174678441072e-01	   2.0893680965876560e-01	   1.8598496869930844e-01	   3.5335890700927985e-01	   3.1503530201527963e-01	   4.6497265558905426e-01	   2.3144690019641195e-01	   4.4873903276178811e-01	  -1.2941129268446108e-01	   2.6964669152649590e-01	   9.4326956348600721e-02	   9.6892212546773326e-02	  -2.1073097623254014e-01	   1.1134817939903114e-02	   7.6572860599057130e-02	   4.5071628982605416e-01	   2.2561440857503404e-01	   2.3621391502017197e-01	
   8.4514223276223099e-01	   0.0000000000000000e+00	   5.8673545139051420e-01	   7.2025430407476254e-01	   4.6473957278832684e-01	   5.0964429021213498e-01	   6.9121420641337361e-01	   7.3559590398839714e-01	   5.1077929879336958e-01	   5.7384716132333380e-01	   7.6843431727115485e-01	   6.9371059779319744e-01	   6.9599396769712041e-01	   6.7840551857211973e-01	   6.4865193767058082e-01	   7.2456316813172694e-01	   7.9077020448115265e-01	   7.7982740086295532e-01	   8.1307175305079282e-01	   8.1015759430052348e-01	   4.4008906860220426e-01	   3.3135913706417275e-01	   6.0249833298184297e-01	   6.7005840625676905e-01	   3.3483813264949724e-01	   3.7573182861720028e-01	   5.5014385680269440e-01	   5.3964430985833411e-01	   6.8239874934131983e-01	   7.4356956307448108e-01	   6.3049026467671354e-01	   6.3816948633064030e-01	   8.0036724050811114e-01	   8.0211220978884057e-01	   2.2061507293338073e-01	   2.5657587668850224e-01	   3.6789455694506251e-01	   4.8717243969177626e-01	   5.2319086990776165e-01	   4.2921850074398343e-01	   6.2778345618498810e-01	   5.0140124667249164e-01	   4.8826708402979252e-01	   5.5052402859044514e-01	   4.1711806503324478e-01	   4.5189599836135946e-01	   5.2033318426699826e-01	   5.4962852878610780e-01	   4.9240820248248129e-01	   4.2861743453350709e-01	   7.0151853675843934e-01	   6.1231771218261122e-01	   4.5947373876693687e-01	   5.4877134131384864e-01	   5.1749102826087578e-01	   5.3842158979954557e-01	   8.4592147531400430e-01	   8.8461463013489283e-01	   5.1326131904428629e-01	   4.8621318333070040e-01	   7.0135725805546834e-01	   6.5376769864855844e-01	   7.1248944035255724e-01	   7.8835816667320646e-01	   4.5339818305352952e-01	   5.1964978522907057e-01	   5.6537517143350136e-01	   5.1492937882041412e-01	   7.7451108272126312e-01	   6.3591353464959655e-01	   6.0632477640895821e-01	   5.9841389947096912e-01	   6.6417957928547555e-01	   7.5810095754902507e-01	   6.3260231402494460e-01	   7.3392231854818124e-01	   6.8792549014327831e-01	   7.4834002480652151e-01	   8.3240840555951412e-01	   7.7160185646429502e-01	   6.8966332652187612e-01	   6.9901224327150535e-01	   5.3228130147353125e-01	   7.0222269871904075e-01	   7.1672125586976709e-01	   6.2846033265441192e-01	   2.3701750493071216e-01	   4.8961057802887847e-01	   5.3809658862100962e-01	   6.8979999334667585e-01	   1.7129156765032222e-01	   1.6552543298744216e-01	   1.4511946906690859e-01	   7.7773996547278609e-02	   5.8059263805196874e-02	   5.1146990254226887e-01	   2.8352132786229228e-01	   4.5279021510485917e-01	   3.6149310344786140e-01	   2.7112122829387175e-01	   2.5096392475266760e-01	   3.9922975611152767e-01	   4.2241840275925879e-01	   4.9826834632763095e-01	   2.9318980708533943e-01	   5.4380303098366356e-01	   5.1480918068590453e-03	   2.9623535212907115e-01	   1.7283597761163383e-01	   1.7943721064721518e-01	  -6.5077330518982276e-02	   2.0738160229749969e-01	   2.5804555984577865e-01	   5.1479862876426274e-01	   3.1390486136198464e-01	   2.9333689310226618e-01	
   6.1578976361408866e-01	   5.8673545139051420e-01	   0.0000000000000000e+00	   7.6981565489179005e-01	   7.5943371745492516e-01	   5.9095943437190346e-01	   7.8939255704583178e-01	   5.5592380564862409e-01	   5.8013896136605869e-01	   3.6533453508340574e-01	   5.7595818912151553e-01	   2.9730105172577237e-01	   5.9817481288223728e-01	   4.4264197719348869e-01	   7.4948108507190137e-01	   5.9744758788661834e-01	   4.2900693904084652e-01	   4.4531845903059475e-01	   7.2355002290073089e-01	   6.1096940455125781e-01	   3.8492999536274419e-01	   8.3582913115327229e-02	   9.4132951760898798e-01	   8.5907950224481344e-01	   7.6346800027857820e-01	   6.4314441693417368e-01	   6.9935586241947867e-01	   5.8635893145422435e-01	   4.7591860737606884e-01	   3.6178093283568613e-01	   7.5628575163917211e-01	   6.0963996702144563e-01	   6.5930689973202472e-01	   5.1290221186102658e-01	   5.7812239726775860e-01	   4.8268023140303890e-01	   3.3583801713354822e-01	   4.8831752822123320e-01	   5.9235984721005330e-01	   4.9992313340216388e-01	   4.5434143708795660e-01	   3.4723444949965931e-01	   3.3368380170404588e-01	   3.9013136724362313e-01	   3.9140710144099711e-01	   3.0208217497495665e-01	   2.5203873037201541e-01	   2.9940830358156834e-01	   3.4202640730964184e-01	   2.9524097594845367e-01	   5.7382890097006123e-01	   4.3315985493378262e-01	   1.8570010851675725e-01	   3.9515375053095769e-01	   2.8987163141233302e-01	   3.0681877211488529e-01	   6.3013735401774595e-01	   4.7687646405117079e-01	   2.8261865741215336e-01	   1.1339311970732746e-01	   4.8129198068658630e-01	   2.5423521055938553e-01	   3.1676523534479273e-01	   3.1910015876940806e-01	   6.9333890198115666e-01	   4.9958728162722371e-01	   5.2543518404236311e-01	   3.1043015905758398e-01	   5.6730801381719620e-01	   3.6062111652852868e-01	   6.6837242150578435e-01	   4.9899455863438735e-01	   4.6925868341986360e-01	   4.2410521597556705e-01	   5.2109162313156276e-01	   4.8635378343790137e-01	   6.8775685419269272e-01	   5.1877202598153316e-01	   5.7527224261882459e-01	   5.9000354077433181e-01	   3.3315220065073398e-01	   5.8777399946913556e-01	   6.1473885899537639e-01	   4.9997912394479044e-01	   7.0984334480279121e-01	   6.8600198205216389e-01	   5.4502666025482671e-01	   6.9199672995250616e-01	   5.8622482839755685e-01	   6.0070522440836194e-01	   1.4587005557880470e-01	   3.3523176859080484e-01	   1.4990038660157623e-01	   1.8522923132719621e-01	   2.2530764145827523e-01	   3.2652930099380362e-01	   8.2520845435822249e-02	   2.5780798477930783e-01	   6.8625943587963006e-02	   4.8073353794277719e-02	  -1.5390466340880962e-01	   1.6941105491348810e-01	   3.9428500918378406e-02	   1.4246441730214679e-01	   1.3288922375601595e-01	   4.8564337463915108e-01	  -1.6281570826933262e-01	   2.8172615688877134e-02	  -1.6375616292991840e-01	  -1.1681789632208489e-01	  -6.0095552457665173e-02	   1.0540369546772142e-02	   1.9510072448247727e-02	   3.2431569000564076e-01	   1.5403116229070560e-01	   1.1085165091350976e-02	
   6.5109385601889502e-01	   7.2025430407476254e-01	   7.6981565489179005e-01	   0.0000000000000000e+00	   7.5209238212875507e-01	   8.2557997778782077e-01	   7.5194422654739279e-01	   8.3677935892281397e-01	   6.4254039450493039e-01	   6.8362543955193544e-01	   5.8974118331530878e-01	   5.9155218113921038e-01	   5.4049436935005513e-01	   6.2017067713392526e-01	   7.5719086227124144e-01	   8.1738632867402339e-01	   5.7779127264611552e-01	   5.6448564825644043e-01	   7.8094771285522968e-01	   7.3963626029316520e-01	   6.9442574382396938e-01	   4.8822947843900805e-01	   7.9529094336453310e-01	   9.2335778906183763e-01	   7.2581253594075867e-01	   8.1474858021388163e-01	   7.5183652146805513e-01	   7.6886005430280502e-01	   6.5861355090891749e-01	   6.4870437049339291e-01	   8.3512807712897963e-01	   8.4242722463197861e-01	   8.2615275458078041e-01	   7.7751127261182384e-01	   4.8183986523925587e-01	   5.4999926165699631e-01	   4.1671315469412762e-01	   6.4045301903752339e-01	   5.9796349422866646e-01	   5.2719659403538544e-01	   5.5673595028856593e-01	   4.4648691606267976e-01	   6.2460977824007013e-01	   6.8699975153174997e-01	   5.7137454877625915e-01	   4.8968283883829489e-01	   5.9329192830086075e-01	   6.3463695123556851e-01	   5.7643708891657597e-01	   4.0899243790955697e-01	   7.5754483066571376e-01	   6.3859912937405627e-01	   3.9751288895517223e-01	   5.5328971494883361e-01	   5.3626590289067122e-01	   5.7935726539749277e-01	   6.2184377521287071e-01	   5.5195297105507179e-01	   4.5062735711973345e-01	   4.0959357717522094e-01	   5.7384795142024803e-01	   5.9311344235012797e-01	   6.0768429977044591e-01	   6.0496810702044002e-01	   6.6736388179458550e-01	   6.0275904053760532e-01	   7.2618527262527732e-01	   6.6462297070385357e-01	   7.0515338624727297e-01	   5.9581936234157018e-01	   8.1782784027077526e-01	   7.5932947573267018e-01	   6.7315134153989598e-01	   6.8208939900826271e-01	   6.5574083779910486e-01	   7.1800166926721976e-01	   7.2883285231260264e-01	   7.3313126825915509e-01	   6.7096857888650829e-01	   6.7566908234345036e-01	   6.1141516847175159e-01	   7.3011576983422277e-01	   7.1711686340098335e-01	   6.1492711977064607e-01	   8.0644199081844037e-01	   8.3674593096907179e-01	   5.1609704539094681e-01	   6.2853193401878515e-01	   5.6668264812838864e-01	   7.0644630900617311e-01	   3.3921185839196760e-01	   3.2084667359408992e-01	   3.3589951140990926e-01	   7.7362407679834433e-02	   2.6969427770835364e-01	   5.6312287389381233e-01	   3.3958789167082576e-01	   5.0745465944816925e-01	   3.3477848261515508e-01	   2.4997094156030622e-01	   6.8276484869706333e-02	   2.4096381768853878e-01	   2.8769047087997107e-01	   3.7967744469828402e-01	   3.6097957102704042e-01	   6.1948730532642460e-01	   4.2459360821565623e-02	   2.8125242185527244e-01	   8.4904889986839260e-02	   2.1731526450102273e-01	   1.0578329109416079e-01	   2.4053942607915926e-01	   2.9313254104874087e-01	   5.8729553613486352e-01	   4.4385736364892542e-01	   2.4995455566250824e-01	
   5.3603305859302974e-01	   4.6473957278832684e-01	   7.5943371745492516e-01	   7.5209238212875507e-01	   0.0000000000000000e+00	   8.0908255530959494e-01	   7.4965912267710444e-01	   6.9413519857465122e-01	   7.9878018322524258e-01	   6.6770023378055687e-01	   5.0996375304334463e-01	   4.0187407844094680e-01	   5.1928691459261422e-01	   5.5745156081315006e-01	   7.6702369945750504e-01	   6.2686390412592308e-01	   2.9153583248854381e-01	   3.3005700694809886e-01	   6.5165708166722858e-01	   5.6445297943180439e-01	   5.7953820722054461e-01	   3.3020864746401896e-01	   7.4353110694184876e-01	   7.8245777052079102e-01	   7.3886143697111928e-01	   7.1260164020757077e-01	   6.8751267170495778e-01	   6.1642771419387321e-01	   4.8996606053549430e-01	   4.0202394106982775e-01	   6.8250248429827454e-01	   6.1810074571160090e-01	   5.9320743867412795e-01	   5.0602862982800001e-01	   5.0794336821535391e-01	   5.2499835038779008e-01	   4.8989230530708305e-01	   5.7137432059723203e-01	   5.6658883048625430e-01	   5.9259391474275569e-01	   5.4025435698477686e-01	   2.9182159198725710e-01	   4.0595638521267940e-01	   4.6801285957960026e-01	   4.9294012985494284e-01	   4.2112348877486183e-01	   3.8089301184492785e-01	   4.5269613305972201e-01	   3.9128155783508528e-01	   3.6592787168715141e-01	   5.3746021899832785e-01	   5.1475027662184769e-01	   1.8984840378067913e-01	   3.8747495091782053e-01	   3.8895234804048301e-01	   5.4229084761380797e-01	   5.2675234238501811e-01	   2.9514306301694382e-01	   2.9225722791370801e-01	   2.4007557937662288e-01	   3.9653488676280679e-01	   4.7921469784722748e-01	   2.1742726213259117e-01	   2.7945590671200293e-01	   6.5400556749652161e-01	   6.4262520866414174e-01	   5.9207407759585851e-01	   5.1228790362790466e-01	   5.1755014915692099e-01	   5.1916289805411586e-01	   6.7781243813818792e-01	   5.7595398899836237e-01	   5.2542166955026803e-01	   4.4723480102646640e-01	   5.8381136938441147e-01	   5.3179548348671168e-01	   6.2497846764469689e-01	   5.4315625578791116e-01	   5.3131769642285442e-01	   5.0283644715010145e-01	   3.1862557038176864e-01	   5.5791331683795753e-01	   7.3797730821542284e-01	   4.4436177452228287e-01	   6.2636914768807017e-01	   6.7941439354020372e-01	   6.8065682811797612e-01	   5.9833335486178441e-01	   5.5477553113270084e-01	   5.6064614679995972e-01	   5.2519088660761237e-01	   5.4780604782139597e-01	   5.2160811643237892e-01	   3.2306458047464259e-01	   2.7783252833233835e-01	   3.8566875902381742e-01	   3.6696523518101470e-01	   5.0075788545310917e-01	   3.5654572359972908e-01	   3.8031236462363249e-01	   1.2364009701326079e-01	   2.6541797946855583e-01	   2.9815302648744774e-01	   3.0492073788358887e-01	   2.9173888179197027e-01	   6.1335526997485568e-01	   1.4826032038806072e-01	   2.5366333523369022e-01	  -1.6864221176876373e-01	  -5.1981950897400195e-02	   1.4411792290539230e-01	   2.0906398995550390e-01	   3.1173043154476127e-01	   4.4098350385162088e-01	   2.9333814668257485e-01	  -1.3740780221719085e-02	
   5.2139464376856015e-01	   5.0964429021213498e-01	   5.9095943437190346e-01	   8.2557997778782077e-01	   8.0908255530959494e-01	   0.0000000000000000e+00	   5.7061110253678815e-01	   7.6552699030750981e-01	   6.6451111743661628e-01	   7.8565611880576447e-01	   4.5594068355945172e-01	   5.2986855289253487e-01	   4.1503701122207842e-01	   6.5430743774607192e-01	   6.9012075628827874e-01	   6.7577526920943698e-01	   3.7101259596818686e-01	   3.8198492180316401e-01	   6.2600481251563456e-01	   5.5343432959816408e-01	   7.9767807966987769e-01	   6.2731682654998688e-01	   6.2913528034102328e-01	   7.7341492705306036e-01	   6.8834019880131636e-01	   8.2279798261468662e-01	   7.8891791503408204e-01	   8.4262972579683093e-01	   5.2863892402278090e-01	   5.2895471884736334e-01	   7.2067024327755469e-01	   7.6564662815962725e-01	   6.2355206886467074e-01	   5.9600327255381114e-01	   4.5670039995234207e-01	   5.0917923348624250e-01	   5.3102868797931113e-01	   5.9859600164319793e-01	   5.1937242259205063e-01	   4.3242655003154329e-01	   4.5714568982070353e-01	   2.8450272586340553e-01	   6.0195095540261800e-01	   6.5268662510878894e-01	   5.9596339977416113e-01	   5.1194720915814784e-01	   5.8922911932534461e-01	   6.1185414755582679e-01	   5.4156759733988991e-01	   4.0263231550925188e-01	   6.8545606095888945e-01	   6.0060936785102825e-01	   3.2389397465168734e-01	   4.6668350961211785e-01	   5.5772808609645730e-01	   5.9401761000630637e-01	   4.5236938372507285e-01	   3.1670618672483958e-01	   3.2206027770290530e-01	   2.6133995173286834e-01	   4.2951909822063150e-01	   5.7348614043836177e-01	   3.7712845191431654e-01	   4.0782931379837362e-01	   6.2072847135020903e-01	   6.3994430838894434e-01	   5.8976475604207990e-01	   6.1399938993578917e-01	   5.4176269365469354e-01	   4.6281888688408296e-01	   8.1243037400563223e-01	   7.9798509214263058e-01	   6.1671668959636650e-01	   6.3256666345201285e-01	   5.9844504237804841e-01	   6.4852458506016153e-01	   5.4569515390058476e-01	   5.9088901702765950e-01	   5.1215568192555350e-01	   5.2207595390018724e-01	   4.6169079648127043e-01	   6.1931481460717741e-01	   6.4060951107127173e-01	   4.1296993430156870e-01	   6.5352859133062258e-01	   7.2858909069317412e-01	   3.8349293509317750e-01	   4.4019888835459131e-01	   4.7772494311801428e-01	   5.4477932450437028e-01	   4.0290437288792702e-01	   3.2755602238367570e-01	   4.8100342815735864e-01	   1.1126538674857769e-01	   3.6060567747158057e-01	   4.8763990393358320e-01	   4.1232595126824112e-01	   5.5698795202260198e-01	   3.1514201666041231e-01	   2.6361496578391397e-01	   8.8496257786883858e-02	   1.6258030772641632e-01	   2.3542840563928413e-01	   3.3655354757444228e-01	   4.8443190475897180e-01	   7.2537313643787571e-01	   9.6593946677477685e-02	   3.7978528672794293e-01	   7.8067410946832880e-02	   2.0488128142118311e-01	   1.5803128142117387e-01	   2.2333619048733619e-01	   3.5501257054775864e-01	   6.3343422002648175e-01	   5.2505109000364025e-01	   2.7362601625270772e-01	
   7.6318239551905720e-01	   6.9121420641337361e-01	   7.8939255704583178e-01	   7.5194422654739279e-01	   7.4965912267710444e-01	   5.7061110253678815e-01	   0.0000000000000000e+00	   8.1106743329541120e-01	   8.2141540287853598e-01	   6.4368662865646520e-01	   7.7616254962525244e-01	   5.7684044801005085e-01	   7.9841412646928844e-01	   6.2033234971313167e-01	   8.2758355744062528e-01	   7.5343116139804256e-01	   5.8841826208404713e-01	   5.2366432285850528e-01	   8.5667948784193182e-01	   8.0144465280839250e-01	   3.8761985285137868e-01	   2.0501707083371665e-01	   7.2558699682548855e-01	   7.3035904080519032e-01	   4.6191391485070576e-01	   4.5550138905688542e-01	   4.6925304380485272e-01	   4.6152079497500176e-01	   7.5134816959502271e-01	   6.5046570012905458e-01	   6.7984044077661321e-01	   6.1096593303481339e-01	   8.0181122725554876e-01	   7.3330803052205173e-01	   2.4203381268048385e-01	   2.9771696134612063e-01	   2.9389739370480772e-01	   5.1682724737507724e-01	   5.1048353518048351e-01	   5.6225363140843942e-01	   6.1534170515004005e-01	   4.9976992291096578e-01	   3.3153378615664858e-01	   4.4657745732615539e-01	   3.9666613216290475e-01	   3.9575806482080356e-01	   3.1371941280280563e-01	   4.0097216150275716e-01	   3.5918916790799510e-01	   2.9248558797530977e-01	   5.9183938889171805e-01	   5.4617806110927780e-01	   1.7007275379012893e-01	   3.7655077737418374e-01	   3.2051126993351597e-01	   4.5776607216147447e-01	   6.7527653286049427e-01	   5.3118908184861591e-01	   4.4692847258016771e-01	   3.7169216088101242e-01	   6.9943822671685119e-01	   5.7164078304488930e-01	   5.6249212011928684e-01	   5.6826835567268896e-01	   6.3407665383464251e-01	   5.4874735396862229e-01	   6.5472326460243302e-01	   5.6249863348916562e-01	   6.7723260165859989e-01	   6.4314352495877869e-01	   5.9448184003368099e-01	   5.1371810475725466e-01	   6.3063408803010901e-01	   5.8556928725295332e-01	   6.9219798827829238e-01	   6.6762933117707068e-01	   7.2056372909981969e-01	   7.0662476612207348e-01	   7.1510994877748479e-01	   6.2036579549100512e-01	   5.1995903691575285e-01	   6.3913467440966421e-01	   7.6309673197766981e-01	   6.7912569664301170e-01	   7.3378200241911640e-01	   7.0286238163292192e-01	   5.6294534297199983e-01	   6.7594950143347465e-01	   6.8828185139390563e-01	   7.1363210812889322e-01	   2.9789362870441577e-01	   4.3707846260139127e-01	   2.8946872013546332e-01	   2.9835107394822957e-01	   1.4033388604258973e-01	   4.6704967130841468e-01	   1.3237877749469215e-01	   3.9164590733311089e-01	   2.6964570088211004e-01	   2.6042966502339693e-01	   1.4898783777133101e-01	   5.2100564259672144e-01	   3.6130475188272576e-01	   4.9392708539280034e-01	   2.4000877620624980e-01	   5.5039090333845464e-01	   3.9837644216608892e-03	   2.5064681766432279e-01	  -1.1717834477517609e-01	  -4.8996996975038357e-02	  -9.4695870007972832e-02	   8.2550679422906587e-02	   1.5580546330870337e-01	   3.3759015870754311e-01	   1.1264933026340893e-01	   4.6829449976342204e-02	
   7.4568291826893551e-01	   7.3559590398839714e-01	   5.5592380564862409e-01	   8.3677935892281397e-01	   6.9413519857465122e-01	   7.6552699030750981e-01	   8.1106743329541120e-01	   0.0000000000000000e+00	   8.4046067117408074e-01	   9.0516865372733424e-01	   7.7922320723327843e-01	   8.3907203369472383e-01	   7.2559531080261497e-01	   8.3646857377018025e-01	   7.7184946084476436e-01	   8.0648164066567163e-01	   6.0572684411168298e-01	   5.3935459955460474e-01	   8.3068139590762391e-01	   7.9543686509203626e-01	   5.9242958919327671e-01	   4.7980103751413428e-01	   5.6850556028370258e-01	   7.3049189605777620e-01	   4.1729415626524857e-01	   5.5833742458711000e-01	   4.9329788978479738e-01	   5.5572117004398236e-01	   7.7329384383249522e-01	   7.7101297041261962e-01	   6.7537107155386034e-01	   7.3156212383114128e-01	   8.3949484530614726e-01	   8.5390462060819805e-01	   1.4089596267655438e-01	   2.9931818189146397e-01	   4.0222495990306362e-01	   6.2146457224041707e-01	   5.4062268571145111e-01	   5.6550786503769945e-01	   6.0339160582832663e-01	   4.6524598829425079e-01	   5.9617817983518739e-01	   6.9500777072298336e-01	   5.9252390187030257e-01	   6.1814604639980342e-01	   6.2703611102099233e-01	   6.7805690568584398e-01	   5.6567254594016847e-01	   4.8053242445552041e-01	   7.2861520808568780e-01	   7.2044832884628185e-01	   2.8347293024122677e-01	   4.0681210020133785e-01	   5.5046860803841446e-01	   6.9735699361298209e-01	   6.1389740347843103e-01	   4.7416639861501841e-01	   5.0872867534853383e-01	   5.1195623763630582e-01	   7.3498152989707610e-01	   8.4317848410452823e-01	   6.5287787356942817e-01	   6.7909427768500374e-01	   6.1273834765404023e-01	   6.9941528334120084e-01	   7.0899483528674345e-01	   7.7131557255579009e-01	   6.7932410470843563e-01	   7.0715679964558720e-01	   7.1867899574937355e-01	   7.2520875293021370e-01	   7.7349851734322783e-01	   7.5496158966621130e-01	   7.8820212895015695e-01	   8.1603683050609221e-01	   6.9270803010800797e-01	   8.0525668603188794e-01	   7.0817118715260929e-01	   6.2261818690114568e-01	   6.0812175836897664e-01	   6.4618543185588462e-01	   6.8706459659528218e-01	   6.1056736753453600e-01	   7.2359185254569824e-01	   7.1570632703967652e-01	   3.8480558432939682e-01	   4.6744981229232796e-01	   6.3606990616430814e-01	   7.0114678956659005e-01	   4.6182464369406218e-01	   3.7188273998810095e-01	   4.7165771336979911e-01	   1.6715575267547472e-01	   1.9992913739871204e-01	   5.5794818092161313e-01	   3.4373560041268847e-01	   5.7901744883484541e-01	   4.4623718659288081e-01	   3.8758348980243856e-01	   3.2885301938430572e-01	   4.6754436952513723e-01	   4.9646084654134659e-01	   5.9131544835154637e-01	   4.5119738905823148e-01	   6.7092947242442513e-01	   1.7637012012561570e-01	   4.2025337265023421e-01	   9.7719348976055082e-02	   1.3742319689519217e-01	   5.3575130831155036e-03	   2.0616655478501114e-01	   3.4230290989295520e-01	   5.6974759030391475e-01	   3.8360134713782756e-01	   2.9531368551587101e-01	
   6.0593184036409553e-01	   5.1077929879336958e-01	   5.8013896136605869e-01	   6.4254039450493039e-01	   7.9878018322524258e-01	   6.6451111743661628e-01	   8.2141540287853598e-01	   8.4046067117408074e-01	   0.0000000000000000e+00	   8.1340516632354287e-01	   7.5234732200738708e-01	   6.9267384983757463e-01	   7.5069347027253752e-01	   7.4991610662135488e-01	   7.7738405884655293e-01	   6.3660708872663541e-01	   3.8193585056341001e-01	   3.2456708512872490e-01	   6.9474894372590912e-01	   6.5583901352419804e-01	   4.1407579834847208e-01	   2.6015195912116362e-01	   5.1695245316255445e-01	   6.1248670457913612e-01	   3.8018637135123268e-01	   4.3570205735940415e-01	   3.3416063175031518e-01	   3.4952415121376701e-01	   6.7250225302723843e-01	   5.3125611917919369e-01	   5.3202546743344947e-01	   5.3280922854823964e-01	   6.5905772600519041e-01	   6.3951204919270155e-01	   7.1677343666274262e-02	   1.8627478827370800e-01	   3.9694705198627434e-01	   5.3998540109498316e-01	   5.1297576035847414e-01	   6.2488976185111733e-01	   5.2612633369881834e-01	   4.5316677446621745e-01	   3.9013716504084861e-01	   4.9513176163606831e-01	   4.0034702398222294e-01	   4.8482253953800813e-01	   4.3243374082878627e-01	   5.0237357915402447e-01	   3.6454396272211281e-01	   4.1888589297236384e-01	   5.1695002373007337e-01	   5.9790064071584981e-01	   7.5256052979563698e-02	   2.0441299361403720e-01	   4.0519390278371248e-01	   6.0785520824913253e-01	   4.6149931547036893e-01	   2.5422346531731987e-01	   3.8414346966059820e-01	   4.2045717221568879e-01	   6.6571095130268765e-01	   7.3027194520845495e-01	   3.9987280810583697e-01	   4.2355005458423634e-01	   5.7615400489711988e-01	   6.9579552675265499e-01	   5.4225680247455887e-01	   5.7286100138550911e-01	   5.0483901476691218e-01	   6.4401088026946174e-01	   5.7138201268979616e-01	   5.2174962580524098e-01	   6.3861330714821940e-01	   5.0368536195441771e-01	   6.8896345604794940e-01	   6.1435922498539131e-01	   5.3366342625319085e-01	   5.6870768732571930e-01	   5.4548986651935460e-01	   4.5438339832725516e-01	   3.5638987844344056e-01	   4.5024510878362578e-01	   6.8474013660010602e-01	   4.5010471497676607e-01	   5.5946590698451670e-01	   5.3543088544023376e-01	   4.6329311059967493e-01	   4.3038896980684077e-01	   7.0495570645931194e-01	   6.0287975701649210e-01	   5.4546070492330156e-01	   5.1090107506879090e-01	   5.1413846706691380e-01	   2.7816369104267435e-01	   1.5851318791790628e-01	   4.1909424360365710e-01	   2.6189372022929369e-01	   4.9055425138031239e-01	   4.0958368792442235e-01	   4.1326767755436955e-01	   2.8715620637882111e-01	   4.5084712708573843e-01	   4.6260375104921347e-01	   4.8056793210629045e-01	   3.4649349287124576e-01	   5.7093826908064704e-01	   2.5253228724761195e-01	   3.4038920177355064e-01	  -1.2545418608979617e-01	  -1.7231100051752207e-01	  -5.9513967533721589e-02	   8.2328273896535797e-02	   2.2904612736200358e-01	   3.2541118043015010e-01	   1.1998683791974522e-01	   5.7968952771003834e-02	
   5.7493215012795507e-01	   5.7384716132333380e-01	   3.6533453508340574e-01	   6.8362543955193544e-01	   6.6770023378055687e-01	   7.8565611880576447e-01	   6.4368662865646520e-01	   9.0516865372733424e-01	   8.1340516632354287e-01	   0.0000000000000000e+00	   6.2454904635653130e-01	   7.6200907583424116e-01	   5.8650563546434953e-01	   7.5312159204622708e-01	   6.6075919092919966e-01	   7.0997954290681276e-01	   5.4226215059616145e-01	   4.8450087659065788e-01	   6.8076896471241199e-01	   6.5728600879602617e-01	   6.0970786923692233e-01	   5.6661492902732680e-01	   3.9321264857731592e-01	   5.7750710315397502e-01	   3.3460953880004157e-01	   5.2514915342399671e-01	   4.2209263212836678e-01	   5.0700585091605033e-01	   7.2752852345951147e-01	   7.5091087476799578e-01	   5.6629915979749079e-01	   6.5968797175996241e-01	   7.1215417233353806e-01	   7.5306478769772822e-01	   1.3026880475838823e-01	   3.0561962362118711e-01	   4.9031761258922624e-01	   5.6013021580236166e-01	   4.2001314042027060e-01	   4.4327311252733176e-01	   4.7076024562947233e-01	   3.1031672826924844e-01	   5.7189961561324476e-01	   6.8019782908061732e-01	   5.7237610002559702e-01	   6.2731814261179941e-01	   6.2759104189179427e-01	   6.7069432252573913e-01	   4.9229798615619785e-01	   4.3629747614355474e-01	   6.2160399226517948e-01	   6.4424825580378853e-01	   2.5864981397176501e-01	   4.0645876874406739e-01	   5.2477152394764437e-01	   6.8890427047517533e-01	   4.4048030847939112e-01	   3.4483590899952743e-01	   3.2519358695453265e-01	   3.9485711485372399e-01	   5.4779951372873414e-01	   7.8284811600374482e-01	   5.8611605047869342e-01	   6.1834593023771012e-01	   5.2465153868413450e-01	   6.0668572141037869e-01	   6.0147752115054753e-01	   7.3658040638420430e-01	   5.5632172866584040e-01	   6.2873023750438961e-01	   6.5403689535749565e-01	   6.8858220439058648e-01	   7.2138291772337360e-01	   7.1831824845682790e-01	   6.9455321154297245e-01	   7.4267325033129716e-01	   5.5156318816039529e-01	   7.0942040696827235e-01	   6.2454338635864515e-01	   5.3848895456448953e-01	   5.8576184699183564e-01	   5.9650454200895520e-01	   5.8910517944462604e-01	   5.2477969827568627e-01	   5.9994203158417458e-01	   6.0173512522854300e-01	   2.2834787369773529e-01	   3.3349292836756750e-01	   4.6186822847379122e-01	   5.1369073173952828e-01	   4.9191121014520600e-01	   3.7512003252008624e-01	   5.2242560482215250e-01	   2.2497005699659889e-01	   2.3168289748114243e-01	   5.0060537531183780e-01	   4.2691441476628089e-01	   6.4021828979061757e-01	   4.8856878022387018e-01	   4.3644933916213308e-01	   3.5823482298275527e-01	   4.5509845012641492e-01	   4.8037642441470596e-01	   5.7273034253100719e-01	   4.4347456514303529e-01	   6.5109458204297366e-01	   2.0846400578515312e-01	   3.6577393970273431e-01	   1.3133760949130038e-01	   2.2891331651351043e-01	   1.4688798503685951e-01	   3.0327978219943463e-01	   4.6893487144712531e-01	   5.9812198556624041e-01	   4.4277712482403714e-01	   2.8507429680867558e-01	
   7.8199944031099933e-01	   7.6843431727115485e-01	   5.7595818912151553e-01	   5.8974118331530878e-01	   5.0996375304334463e-01	   4.5594068355945172e-01	   7.7616254962525244e-01	   7.7922320723327843e-01	   7.5234732200738708e-01	   6.2454904635653130e-01	   0.0000000000000000e+00	   7.8361386031174873e-01	   9.3513006446160274e-01	   8.3983438491553741e-01	   7.7411655513063415e-01	   6.9324633507553479e-01	   6.5838556675281079e-01	   5.0675145394124943e-01	   7.5491815483835512e-01	   7.1034524633002261e-01	   2.4415091026584973e-01	   1.1706189842442263e-01	   5.3784590496957230e-01	   5.8280334260470101e-01	   2.1408029360754199e-01	   2.1631233330013833e-01	   3.1636128972322175e-01	   3.1293026738251856e-01	   6.7242022311023419e-01	   6.2194586716451850e-01	   5.0778531422791484e-01	   4.8419324674020014e-01	   6.8505682784241939e-01	   6.6170339858128679e-01	   2.4741767999713879e-02	   6.5135341317137288e-02	   3.9453495216932771e-01	   5.9556093802754773e-01	   5.3660167782577117e-01	   5.6472096124519777e-01	   6.1116132674670220e-01	   5.4261381361986849e-01	   3.3861677269276758e-01	   4.2329263106426263e-01	   3.2189798776734796e-01	   3.8694134648777612e-01	   3.7853606768439824e-01	   4.2506794456009922e-01	   3.7449104187362692e-01	   3.9251420761403155e-01	   5.5296566666614277e-01	   5.7078036204209415e-01	   1.0135962899132661e-01	   1.7744639081639799e-01	   3.6842701749901774e-01	   4.6807286667396064e-01	   6.7709768031832340e-01	   5.3358640713312622e-01	   4.7664793677748069e-01	   4.1954877839341026e-01	   7.9282674090618221e-01	   6.6899905366624912e-01	   5.7098382849352969e-01	   5.8706423767846450e-01	   4.5224463370585732e-01	   5.5867204218513367e-01	   4.2804379008509169e-01	   4.4878703546056065e-01	   5.5429526963361098e-01	   5.4169739824143703e-01	   5.0905897409133116e-01	   4.3656630397965440e-01	   5.8130881014521207e-01	   5.5314876496316567e-01	   6.1360852299642088e-01	   6.5232609865154267e-01	   6.3689027335947068e-01	   6.5325406995437407e-01	   6.9203285547317395e-01	   5.6697397160606366e-01	   5.1567479573948893e-01	   5.4137071584939300e-01	   5.5701563694119394e-01	   6.1471652377599351e-01	   6.4608043159986495e-01	   5.7104457577918977e-01	   2.4856640707197381e-01	   4.9870733555510888e-01	   6.8963255052538597e-01	   6.9572359094361813e-01	   2.9516616663393103e-01	   3.0912958857688272e-01	   3.1586837699623654e-01	   2.3597790972648366e-01	  -3.8707290602108882e-02	   4.8637080723979570e-01	   1.2483828545809814e-01	   3.7910160342132926e-01	   3.1440915924465823e-01	   2.3607776952678286e-01	   3.2585706386839119e-01	   5.4104439081736810e-01	   4.2779951476534306e-01	   5.2529426211838515e-01	   3.0167194049142187e-01	   5.6065174552705399e-01	   5.1740202345896033e-02	   3.1949936759261621e-01	   1.0215200407332899e-01	  -1.3280031008862195e-02	  -1.9399368899367256e-01	  -2.1143201773834563e-02	   1.0270313206921490e-01	   3.5224814151200090e-01	   1.5927684198011238e-01	   2.2793846238693047e-01	
   6.9779466054705908e-01	   6.9371059779319744e-01	   2.9730105172577237e-01	   5.9155218113921038e-01	   4.0187407844094680e-01	   5.2986855289253487e-01	   5.7684044801005085e-01	   8.3907203369472383e-01	   6.9267384983757463e-01	   7.6200907583424116e-01	   7.8361386031174873e-01	   0.0000000000000000e+00	   7.1774588823862795e-01	   9.0531646243060448e-01	   5.7876156051587901e-01	   6.5219664970906088e-01	   5.5339209444506388e-01	   4.5152904231258334e-01	   6.3121324034062953e-01	   6.1732136864727727e-01	   3.6186676769169362e-01	   2.8578226316875527e-01	   3.1683983729500609e-01	   5.2490731368805688e-01	   1.4869058128767051e-01	   2.8354482154273580e-01	   2.6360256604192384e-01	   2.9749975723319289e-01	   6.8441598788861513e-01	   6.8240270681710635e-01	   4.7752136083511154e-01	   5.5586110822932633e-01	   7.0582553619977872e-01	   7.3488463945838256e-01	  -4.3039450667233303e-02	   1.0422150740131417e-01	   3.4743425325017263e-01	   5.6987433689378342e-01	   5.0946636087422303e-01	   5.4562458445486550e-01	   5.1558012655370311e-01	   4.4283157435212483e-01	   4.9863103545017190e-01	   5.8117851840247348e-01	   4.5337247105653428e-01	   5.5675055869215540e-01	   5.6051008979687722e-01	   5.7985031670128051e-01	   5.4412356201420653e-01	   5.0836310217268788e-01	   6.7802824351590607e-01	   6.6218909406669468e-01	   3.1131577250545467e-01	   2.6826720251688618e-01	   5.7341944992281202e-01	   6.6358087798528331e-01	   5.5245140317334551e-01	   4.0293252635439680e-01	   5.7646272790344233e-01	   6.2090564664501691e-01	   8.0677724844507293e-01	   9.0425253547707363e-01	   6.1853566788281000e-01	   7.0660796074416710e-01	   4.0431919509980174e-01	   6.6404489894882057e-01	   5.5440848980276380e-01	   6.8118524102612343e-01	   5.5777523907838511e-01	   5.9887018577558382e-01	   5.2300147566522348e-01	   5.5521745769257980e-01	   6.9153512814762497e-01	   6.6374455042187419e-01	   6.7579102469099717e-01	   7.3805519775105521e-01	   5.4412433459685694e-01	   6.9262291141790944e-01	   5.7440506618403198e-01	   4.1915558991375429e-01	   4.8719920533739913e-01	   4.2088882729454419e-01	   4.7925958670053581e-01	   4.7240764106858529e-01	   5.4419939732182288e-01	   5.3220391459043215e-01	   9.1574196917904763e-02	   2.9768742290045963e-01	   5.8199456386940307e-01	   6.7515382265246804e-01	   3.2709889042890189e-01	   1.6013711589387747e-01	   3.0434614440734897e-01	  -7.2538792417197271e-03	   5.2694290045170539e-02	   5.7172279642709722e-01	   2.2542088520243730e-01	   5.2317449689161377e-01	   3.6726626060229928e-01	   3.2568178080033228e-01	   3.9266996148593492e-01	   3.9570990064930600e-01	   4.9387016764407404e-01	   5.5398940828370169e-01	   3.4568616427332477e-01	   4.5651681065220262e-01	   1.4215999299487866e-01	   3.9717489807750006e-01	   3.2417194265759591e-01	   1.9292316177781343e-01	  -1.0519611399348031e-01	   1.0264014605482148e-01	   2.5561749546600687e-01	   4.8811569990530096e-01	   2.9056559390307124e-01	   3.8777414783792741e-01	
   7.6283711345069372e-01	   6.9599396769712041e-01	   5.9817481288223728e-01	   5.4049436935005513e-01	   5.1928691459261422e-01	   4.1503701122207842e-01	   7.9841412646928844e-01	   7.2559531080261497e-01	   7.5069347027253752e-01	   5.8650563546434953e-01	   9.3513006446160274e-01	   7.1774588823862795e-01	   0.0000000000000000e+00	   7.8986677283796869e-01	   7.7820128646266507e-01	   6.5353758506764492e-01	   6.0781150504540671e-01	   4.7485204775076317e-01	   7.3458389275973079e-01	   6.7049625747258967e-01	   2.2251532378930605e-01	   1.0032435058531063e-01	   5.3778825882546710e-01	   5.4718376631358556e-01	   2.1128258593513277e-01	   1.9418445701697598e-01	   2.5083955576501932e-01	   2.5550885681211416e-01	   6.6834977787327154e-01	   5.8995581329087932e-01	   5.2924978206139905e-01	   4.7529762293326955e-01	   6.4564644664401249e-01	   6.2589912173567264e-01	  -9.3044224224552823e-03	   1.6840217568865667e-02	   3.5877744918044507e-01	   5.7058004742374013e-01	   4.9241961006779100e-01	   5.2761683772954016e-01	   5.1167695135674907e-01	   5.3621552894060165e-01	   2.3508162766629737e-01	   3.2016965399461572e-01	   2.1107521151532244e-01	   3.0458466882179003e-01	   2.3940262151797370e-01	   2.9177600948657512e-01	   2.4730717900302523e-01	   2.7284885627514560e-01	   4.8703707480329772e-01	   4.7952245162955409e-01	   6.4621197371898337e-02	   1.5405746334929460e-01	   2.9501307489356798e-01	   3.5755161130944840e-01	   6.0006492463168093e-01	   4.8001020492636393e-01	   4.2297518864636707e-01	   3.7081807103527231e-01	   7.2367484540191129e-01	   5.8405598875026421e-01	   5.2390201894180699e-01	   5.5256068500092204e-01	   3.5136190310526927e-01	   4.9367798132537138e-01	   3.6424074320286004e-01	   3.7697697164129318e-01	   4.9278415860010572e-01	   4.6766078566548674e-01	   5.0769377788951986e-01	   4.2414965388691739e-01	   5.9596948966823993e-01	   5.4727522886168067e-01	   6.2716999655547789e-01	   6.1883286979941687e-01	   6.2995962118115267e-01	   6.1849437049926004e-01	   6.4551079265571598e-01	   5.4352555115261936e-01	   4.8424582296695790e-01	   5.1469961718346302e-01	   5.2026727509376236e-01	   5.7452700651054101e-01	   6.1168464080973617e-01	   5.2728770329163976e-01	   2.4022955249761252e-01	   4.7533495934414322e-01	   6.7212740930510184e-01	   6.6208497651819420e-01	   1.7909699103197363e-01	   2.2830336303299092e-01	   2.3324915047163480e-01	   1.9992895549726983e-01	  -3.2220028261981795e-02	   4.0695452589491743e-01	   1.1866829127554488e-02	   2.9248991304762140e-01	   1.8410353466233095e-01	   8.7819058304312483e-02	   2.6214169048512048e-01	   4.6628013608079755e-01	   3.0183257269879071e-01	   4.2164806092841683e-01	   2.4567387818386049e-01	   5.1010997799490898e-01	  -3.4706334169918286e-02	   1.9562210222575332e-01	  -3.7633539386898555e-02	  -9.2631449351417233e-02	  -2.4317029435936866e-01	  -1.2031682648692336e-01	   1.7191232215083833e-02	   2.9925612371343419e-01	   7.4102066719426887e-02	   1.3567157570316687e-01	
