   0.0000000000000000e+00	   7.5207637780419601e-01	   5.9791488003215809e-01	   4.0906027906527920e-01	   6.2152016578914071e-01	   4.7962493507542253e-01	   6.7355318203577208e-01	   5.3492422963744590e-01	   5.9686696015082397e-01	   4.2699702550624818e-01	   7.7947347710729054e-01	   6.3419917989156205e-01	   6.9228287968713831e-01	   6.1492979546298854e-01	   6.9110597906081206e-01	   4.5490986340905032e-01	   6.3735858967800485e-01	   4.5508640530081823e-01	   8.5576926695312405e-01	   7.2504311018136081e-01	   4.5938720123119303e-01	   4.3591032527567797e-01	   4.4688494770889753e-01	   2.2452884345299651e-01	   3.2370024314331636e-01	   2.7634427476484202e-01	   4.5157474310097828e-01	   3.4642892017057891e-01	   2.9358555787901658e-01	   1.4672003501403638e-01	   5.5166311482138941e-01	   5.0369016933618826e-01	   6.4781373972339806e-01	   7.1295429230447405e-01	   2.5951636969090036e-01	   2.0697917931458698e-01	   5.0250879575314755e-01	   5.9909776835381001e-01	   6.0922465346696958e-02	   4.6034602658189461e-01	   5.2030238042723415e-02	   4.8677308819834397e-01	   6.1379590573538834e-01	   5.4549593374137484e-01	   3.7149892531025430e-01	   4.2446778474290192e-01	   5.8905517132888219e-01	   6.1416964608671776e-01	   3.3144964047490966e-01	   3.9759006953876025e-01	   4.3365002367613781e-01	   5.0433431120417971e-01	   4.4291505223274394e-02	   1.6562193102044466e-02	   4.5619253430795681e-01	   4.3488474238067631e-01	   7.8630624734137777e-01	   7.2681107426918778e-01	   5.7399871398819102e-01	   5.9759056424189094e-01	   6.7969111951407690e-01	   4.1498295575142163e-01	   6.2493099410438058e-01	   5.2939786172042180e-01	   3.2279688784228816e-01	   3.4629080395677142e-01	   5.3647330597012433e-01	   4.8874433345734242e-01	   5.7078662143887704e-01	   4.4071864313172038e-01	   6.6060168650211715e-01	   5.9625813268490768e-01	   7.3971820890101425e-01	   6.9551909893770880e-01	   7.9331976837738316e-01	   6.7569053018698899e-01	   7.4195236316946533e-01	   6.3264674950598909e-01	   2.3745381490900341e-01	   1.3158950792532098e-01	   4.5760189736182028e-01	   4.6486962062128773e-01	   2.4493752924888451e-01	   3.4534124109333396e-02	   7.1350341495988789e-01	   6.0976458138338707e-01	   5.1083987662639074e-01	   4.2633127831299078e-01	   6.1730752669527755e-01	   3.9916010757328763e-01	  -2.2520987696534316e-02	   1.4717658775134729e-01	   5.3997829986207807e-02	   1.9139282651360950e-01	  -2.3177607070837969e-01	   1.4552961106312276e-01	   2.1761013728310624e-01	   3.9127069338038672e-01	   5.2589256361511305e-01	   6.3459641991276283e-01	   5.5739672354494629e-01	   3.4702646682182253e-01	   6.9127859418462823e-01	   5.8132255764635987e-01	   6.3246479941833322e-01	   5.9922329421981824e-01	   5.0753088650509104e-01	   4.0581729225311736e-01	   2.0581489847707912e-01	   3.3733752271692830e-01	   5.7265450536527240e-01	   5.1898429902216725e-01	   4.2961164822677839e-01	   6.7701341449246655e-01	   7.0442802101140556e-01	   2.9512346595030781e-01	
   7.5207637780419601e-01	   0.0000000000000000e+00	   3.6773535740545754e-01	   1.7131960778953970e-01	   4.4407926103677503e-01	   2.8444378874949244e-01	   5.2541514817047974e-01	   3.0352186486171068e-01	   4.6555856433009857e-01	   2.5725700137719976e-01	   6.1008793301947728e-01	   6.0801341798790021e-01	   5.9310185220453393e-01	   5.3349025467600431e-01	   5.0797333646839571e-01	   3.7753361710433742e-01	   5.4519023815641177e-01	   4.6234272848028551e-01	   7.8246192170785178e-01	   8.3367480726918353e-01	   4.0574531545637055e-01	   3.2307561617252989e-01	   2.0130118812853226e-01	   3.7780558749927737e-02	   1.6840438039588806e-01	   1.5200432387126822e-01	   2.0253419235242429e-01	   1.4819694643479916e-01	   2.0756676292737122e-01	   7.3023629716513244e-02	   3.9969045846460105e-01	   3.0092870714496622e-01	   4.8990667356841411e-01	   5.9962451190380106e-01	   1.0902454482417437e-01	   5.8728361012780429e-02	   4.5466996147570160e-01	   5.7454797204284469e-01	  -1.0345840273083082e-02	   4.3145653666441747e-01	  -6.4408697394811726e-03	   4.5963594105180550e-01	   6.0136909877633093e-01	   5.6647396659883154e-01	   4.8713319236399966e-01	   4.4598523172381893e-01	   6.3058857054375284e-01	   6.4443794501478147e-01	   4.9874105625924886e-01	   5.1089175366141415e-01	   5.1323863968426231e-01	   5.2293665451586291e-01	   2.9723415799814179e-01	   1.3287891496753215e-01	   6.5466299547774975e-01	   6.2594713608482255e-01	   7.7327192075604367e-01	   8.4844395413380114e-01	   6.7544473617711942e-01	   7.4595149882105083e-01	   5.7696993856902190e-01	   3.4157387105251102e-01	   6.2462357554583836e-01	   5.8370557410731194e-01	   3.8327739380456673e-02	   5.4998031978572955e-02	   5.5881178977768586e-01	   5.1296926109221963e-01	   4.5036568310858272e-01	   3.9202061359684748e-01	   5.2372912563058571e-01	   3.7130569475721714e-01	   6.5188294928560442e-01	   6.5027439444545920e-01	   7.0489842249360524e-01	   6.5611918695933691e-01	   6.0487039737830084e-01	   4.6294029361655931e-01	   9.9558477058250217e-02	   3.0918515240891460e-02	   3.1187763558221465e-01	   3.1122365233307425e-01	   8.8273295693313811e-02	  -7.1551064314600746e-02	   5.0156624518040260e-01	   4.2187679221859165e-01	   3.6455619402706507e-01	   3.3822383116644233e-01	   5.4173644230186579e-01	   3.1989301234729306e-01	   1.2751109230829211e-01	   8.3126259889986356e-02	   4.2714835909755033e-03	   5.4662791897799295e-02	  -2.7487328722750315e-01	   6.5472904755031055e-03	   2.1773312036521514e-01	   3.4360230931128932e-01	   6.9894020212815189e-01	   6.6207947951265733e-01	   6.8382038250778387e-01	   2.8125158223605906e-01	   7.8401952226011740e-01	   5.4655052417353589e-01	   5.0655474648866083e-01	   4.3288894440476683e-01	   5.8717826757671732e-01	   4.9964885561054395e-01	   3.3734523714057946e-01	   4.0662951818270576e-01	   4.7417036024232162e-01	   4.9749204876330300e-01	   3.5645990188494669e-01	   4.6898033503662578e-01	   4.6141490938423363e-01	   2.0397967067432737e-01	
   5.9791488003215809e-01	   3.6773535740545754e-01	   0.0000000000000000e+00	   5.9836567587898326e-01	   7.8267274723118962e-01	   3.3191554192824574e-01	   7.1920988494892413e-01	   3.7565932680682856e-01	   7.0868343528024991e-01	   2.5342050480963868e-01	   3.7159767389662457e-01	   2.3413190612530999e-01	   5.1917406376318620e-01	   2.4330374255476744e-01	   7.9887440412828392e-01	   4.1225639090266936e-01	   5.2950060660820553e-01	   4.7764491985805502e-01	   5.4839392172010837e-01	   5.1994514337439512e-01	   4.5990745501837826e-01	   3.9207258140586038e-01	   7.8082472557058558e-01	   6.0552221315210530e-01	   7.8375215010833177e-01	   5.9915373880638634e-01	   6.2331681161689645e-01	   4.7288461444622321e-01	   3.6888242831829887e-01	   2.8297268550428201e-01	   5.5819668684201251e-01	   4.9470476847568196e-01	   6.4914068550460924e-01	   6.2659862457566540e-01	   4.8318693319936834e-01	   3.2409110158519838e-01	   6.1347301292662426e-01	   5.9158114617020652e-01	   3.0746532937972643e-01	   5.5019276978701648e-01	   2.9317655031838030e-01	   4.2095357973264902e-01	   4.8674920649133369e-01	   5.0095960006711127e-01	   1.8574907855435685e-01	   2.5891574561952269e-01	   4.5299826076048783e-01	   5.2708323136396906e-01	   2.9782924813479689e-01	   4.2715451989878311e-01	   5.2429545516922849e-01	   5.6444498645664831e-01	   1.6018194441449482e-01	   1.9858774076081953e-01	   3.4113203323212138e-01	   4.0746192474929388e-01	   5.4112221621321477e-01	   5.0683664588623079e-01	   4.2321830828973955e-01	   3.1347614839087712e-01	   5.3546268030542921e-01	   9.8047971516474791e-02	   5.1453335109288711e-01	   2.9005731958407277e-01	   8.2649313887642029e-01	   4.4063523732710064e-01	   5.8379652288024086e-01	   4.7271299344837880e-01	   5.8313084729264930e-01	   4.8282711264309841e-01	   4.7607809611370616e-01	   4.2657548105533422e-01	   5.4687819956238648e-01	   5.6328410452603417e-01	   5.1293969744835088e-01	   4.7242098516326103e-01	   5.4527511006857488e-01	   4.3367023629577300e-01	   3.8316195097206240e-01	   4.4495351827912744e-01	   3.2841064095036271e-01	   5.5565137774746987e-01	   5.1648980271236544e-01	   2.7522406234173757e-01	   7.1492677984407815e-01	   7.8449019468669667e-01	   7.0381873328086930e-01	   5.3954764241757824e-01	   7.0609044602245152e-01	   6.2187214264355417e-01	   8.9244920113680321e-02	   3.1334747160167664e-01	   1.8986856554482118e-01	   3.6756202254879211e-01	  -9.1692022827645880e-02	   1.6415926063644987e-01	   2.7026320792580444e-01	   3.5559609027258643e-01	   3.3583951414715507e-01	   5.5481333186048565e-01	   3.3328969230339917e-01	   3.7877867605498494e-01	   3.8209338236098345e-01	   4.7841209327576562e-01	   4.5000372238835740e-01	   5.2125123225331560e-01	   1.4378300485440221e-01	   2.5721328994399673e-01	   4.3113942070161504e-02	   1.7976142635804548e-01	   6.2821788653147403e-01	   5.2622148673952784e-01	   4.4606082579282214e-01	   6.3992077373947320e-01	   5.9295771014533583e-01	   2.3356309743140025e-01	
   4.0906027906527920e-01	   1.7131960778953970e-01	   5.9836567587898326e-01	   0.0000000000000000e+00	   6.2340103099638211e-01	   7.0135872365702001e-01	   4.2854714739461292e-01	   7.3349343623182839e-01	   5.2551892816451495e-01	   5.2293262950917785e-01	   2.1772067776763654e-01	   3.4957901134102876e-01	   2.6411605697924823e-01	   3.3205479061946946e-01	   5.5916824867000914e-01	   5.6819877427013643e-01	   3.6451955472442787e-01	   1.8012075685336768e-01	   3.9027660455111268e-01	   3.7195605967568274e-01	   5.0223724787942148e-01	   5.4039067689125453e-01	   7.3593087903293453e-01	   8.6550649397842749e-01	   6.1323800747018442e-01	   7.2810271686994610e-01	   6.3584542284154999e-01	   6.2578223190228821e-01	   2.7528634372679017e-01	   2.5185517944557545e-01	   4.4608656117225542e-01	   6.2808633286705451e-01	   4.1589733832086023e-01	   4.8360379702020873e-01	   2.3540744783400497e-01	   2.7778503194037285e-01	   5.0493941672133058e-01	   5.3843721475783513e-01	   2.1377568145221060e-01	   4.6464696644089198e-01	   2.6233568345758829e-01	   4.4247104404759607e-01	   2.9241139459176957e-01	   3.2623186565249196e-01	  -1.5540783022128041e-02	   1.2891066344970636e-01	   3.2316673828002057e-01	   3.9136422687934791e-01	   1.3233926703909166e-01	   2.2131722440182350e-01	   3.0007005850875185e-01	   3.8869810228173479e-01	   1.7720646305098722e-01	   1.2334383554242652e-01	   2.1974128380984009e-01	   2.3723623858653065e-01	   3.2614833369244595e-01	   2.6145627999586130e-01	   1.6520969300480659e-01	   3.2039673519328160e-01	   2.9683019597337329e-01	   2.6244543875201226e-01	   2.7487035446310787e-01	   1.4856701985221507e-01	   6.4474788386895820e-01	   6.7260735769177826e-01	   2.3903782796912765e-01	   3.4517517442824142e-01	   5.0872443163363701e-01	   5.1440443098735589e-01	   3.5325267699223600e-01	   5.1650401516662214e-01	   4.1401712037156368e-01	   4.3009417611186562e-01	   4.1924231042529503e-01	   4.3619839626090767e-01	   4.3586928609966324e-01	   5.0420202785398383e-01	   4.2007996205630183e-01	   3.4362822085470818e-01	   3.6140360511108116e-01	   4.9254337160928396e-01	   3.8743383674507981e-01	   3.9475882795214323e-01	   5.4294103250294135e-01	   7.0805876686070612e-01	   6.1151853843489501e-01	   6.6103703232420230e-01	   5.7274459754847007e-01	   6.6255293582304486e-01	   1.9676426166518357e-01	   2.7142029908497312e-01	   4.8889655029997398e-01	   3.8854414395059034e-01	   3.3745303540322083e-02	   1.4363895314634251e-01	   2.6785806443631743e-01	   3.1455217911545486e-01	   3.0337889619684844e-01	   3.6270873581112362e-01	   3.5200658679324726e-01	   3.1064114641394458e-01	   2.7154931480966044e-01	   4.1009011549567975e-01	   3.5407119427992451e-01	   2.9650204391407164e-01	   2.1963475854683029e-01	   1.3006955666594108e-01	   1.1320764213667334e-01	   2.4828235352896083e-01	   5.2982676643772753e-01	   3.9728276115050015e-01	   3.8392660282478286e-01	   5.6095779575381854e-01	   5.7340918727023071e-01	   7.5299204547795845e-02	
   6.2152016578914071e-01	   4.4407926103677503e-01	   7.8267274723118962e-01	   6.2340103099638211e-01	   0.0000000000000000e+00	   4.9745073689207553e-01	   7.0391166445686415e-01	   4.7648597033696927e-01	   8.7302845264144069e-01	   3.8049567950974289e-01	   4.9515023452665785e-01	   2.8935086521803705e-01	   7.0955274147147884e-01	   3.3674737371389973e-01	   8.0484033103108110e-01	   3.6936771710080174e-01	   5.6870376885837082e-01	   3.6533770278444511e-01	   6.0002478758819966e-01	   5.2757200078484368e-01	   4.7305587563039520e-01	   3.6953611068703535e-01	   6.4243690628115235e-01	   4.9463609050185964e-01	   7.0720726516749544e-01	   5.3818567798064487e-01	   5.6708433056867769e-01	   3.8502746576762814e-01	   3.8366713808749259e-01	   2.1804417146356125e-01	   6.6081906316018402e-01	   5.9147526121779104e-01	   5.8876239240013184e-01	   6.0826286152014375e-01	   3.7920583618941228e-01	   2.3670449989089998e-01	   4.1350717012274096e-01	   4.5770192323520503e-01	   1.8064778020570726e-01	   4.3614666194731017e-01	   2.3368541100396106e-01	   4.0642276457822202e-01	   5.7770532460493618e-01	   5.6525284816692489e-01	   3.3335296504634204e-01	   3.8215400639949704e-01	   5.0647649086473223e-01	   5.7447905426348889e-01	   3.5722291335853862e-01	   4.7363044723469400e-01	   4.8881074118591517e-01	   5.6843236341265857e-01	   8.4809853825003029e-02	   1.8041903277991413e-02	   3.9338849935607867e-01	   3.8026474111269781e-01	   5.7004102877456342e-01	   5.9995241290428913e-01	   5.6779333913126384e-01	   4.6908937660281824e-01	   6.4244150313593507e-01	   2.9287597291398471e-01	   6.3498051671702993e-01	   4.4759618132244749e-01	   6.1814727311551909e-01	   4.3727060233992371e-01	   6.9640966634264334e-01	   6.3633592894540514e-01	   4.8912533885439458e-01	   3.6735498352563373e-01	   5.6334030866041118e-01	   4.6409380827737823e-01	   6.6504199135001008e-01	   6.3292456241637585e-01	   6.3687910186210650e-01	   5.3497048144283388e-01	   5.8812351326250722e-01	   5.2213179077584970e-01	   2.5418558822833637e-01	   2.7657591060162556e-01	   3.7760830105090215e-01	   4.7686094492003772e-01	   3.9218128875778258e-01	   1.5214430567589485e-01	   6.8618538888647462e-01	   7.6859234848700253e-01	   5.6099393542886100e-01	   4.4440850769117740e-01	   5.3996188843266679e-01	   5.2853753179636098e-01	   1.4714857720328090e-02	   2.7198873079685093e-01	   1.7469784005977226e-01	   2.9152206424114513e-01	   4.2194178672833940e-03	   1.7263151740915467e-01	   3.8350477075373868e-01	   4.5210676148635276e-01	   5.0815578609756551e-01	   5.9053912091739369e-01	   3.7848000689427219e-01	   4.1720445849597887e-01	   4.8449240690875556e-01	   5.8495988053753545e-01	   3.4921151794235017e-01	   4.0374593320256014e-01	   3.0426797776188463e-01	   3.0718720125762022e-01	   1.5998483939414007e-01	   3.5403599905218963e-01	   6.2157781277886537e-01	   5.4516888938150387e-01	   3.8837179805042898e-01	   5.3543083098220134e-01	   5.2940841680018025e-01	   1.6935742938882425e-01	
   4.7962493507542253e-01	   2.8444378874949244e-01	   3.3191554192824574e-01	   7.0135872365702001e-01	   4.9745073689207553e-01	   0.0000000000000000e+00	   4.7043102006800019e-01	   8.4823160388161833e-01	   4.8988049692322627e-01	   8.2471696431374097e-01	   4.1255847628412573e-01	   5.0512350843688314e-01	   3.7190733325497194e-01	   5.4712311357097521e-01	   4.2029297562737156e-01	   5.9554358101212190e-01	   3.0316732404333446e-01	   1.9132292852505103e-01	   4.5234975430504215e-01	   3.8169079096272041e-01	   4.6473962946075398e-01	   4.8697297229172709e-01	   5.5695784152336669e-01	   5.7384602681604113e-01	   3.0849117063671605e-01	   5.6197404238700377e-01	   4.9797412878571384e-01	   4.9118816831601997e-01	   2.0863982868098999e-01	   2.4060161420583320e-01	   4.3314928286154752e-01	   5.8549478607316552e-01	   4.8112104401116135e-01	   6.0210766131836368e-01	   3.9177917621647457e-01	   3.5953669808343969e-01	   2.9989706710345809e-01	   5.1868523911954489e-01	   4.1664021288826250e-02	   4.3404619647265352e-01	   1.7174802856544075e-01	   5.2258909162194511e-01	   2.8257026017223275e-01	   3.2533341017782114e-01	   2.0319635874333986e-01	   3.2643985526828279e-01	   3.7892894129885357e-01	   4.6409006747914761e-01	   2.3925789146745335e-01	   2.7343366259977486e-01	   2.9613912339065918e-01	   4.1556735631283459e-01	   3.7741480684680467e-01	   3.1234425936346211e-01	   3.4569818516700213e-01	   3.8399571295320167e-01	   3.2197493400277766e-01	   3.6259817034453845e-01	   1.6196974369228612e-01	   3.2501747108104329e-01	   4.2584309455688291e-01	   5.6597738299750744e-01	   2.7965811128573537e-01	   3.6860639989875571e-01	   3.5842845801835599e-01	   6.8250128390820453e-01	   1.7299015793892178e-01	   3.5022046455549749e-01	   4.1538329323471557e-01	   5.9072598129201292e-01	   2.2990885307610354e-01	   3.5868924873389862e-01	   3.3943263282959668e-01	   3.4740369456138120e-01	   4.2300369380639963e-01	   4.3671414289277932e-01	   4.5565002787699233e-01	   4.9999542593319413e-01	   2.9908290006334970e-01	   1.7330088861880749e-01	   3.7636175515214909e-01	   4.3354083720481562e-01	   2.4087664047371041e-01	   3.0661435797463504e-01	   4.4833267586466247e-01	   4.6735083966030178e-01	   3.7677864526880311e-01	   3.6458092143341481e-01	   4.9321894821421125e-01	   5.6342939015397275e-01	   4.0520504807556851e-01	   3.1271867021795252e-01	   5.6404175812002477e-01	   4.3504885899461804e-01	   1.1598779053485900e-01	   2.6851748027210043e-01	   2.6381706862862125e-01	   3.7725474598731579e-01	   4.3610397281026803e-01	   5.3680909670121291e-01	   5.7089099301301305e-01	   4.6263585710120536e-01	   3.9626296013956985e-01	   5.3448230391061347e-01	   2.8727291750409761e-01	   1.7310294427393755e-01	   3.8434912668906601e-01	   1.5867082946013575e-01	   1.5973548666856008e-01	   4.2546255404203182e-01	   5.1962181417023756e-01	   5.1747537962405765e-01	   5.7747870040862492e-01	   5.7076990441529829e-01	   5.9445905125003473e-01	   7.9775490564582649e-02	
   6.7355318203577208e-01	   5.2541514817047974e-01	   7.1920988494892413e-01	   4.2854714739461292e-01	   7.0391166445686415e-01	   4.7043102006800019e-01	   0.0000000000000000e+00	   6.3970709212207977e-01	   7.9375920953817269e-01	   5.6918149863979917e-01	   5.8217349032844812e-01	   5.2412335032279511e-01	   8.0801685973756876e-01	   5.6028620779626914e-01	   7.3208793982336973e-01	   4.4486392628197302e-01	   4.3619985748889456e-01	   3.1092222591850049e-01	   6.5349610982739947e-01	   6.1231503555912814e-01	   3.1195090292827854e-01	   2.7036579964929391e-01	   5.4696188989348937e-01	   3.0669461500720907e-01	   3.9377683748458059e-01	   3.0963344215018340e-01	   3.1848790567121055e-01	   2.0618639963219965e-01	   2.8987239281582705e-01	   1.7842064858041456e-01	   5.3244908089582355e-01	   4.7482592498430509e-01	   6.6038762379095006e-01	   7.2487296094561104e-01	   3.0112223204600941e-01	   1.7001765052411613e-01	   3.8780906880503951e-01	   4.9100210107986075e-01	   1.9775788754856252e-01	   4.0398191066739031e-01	   1.5407812701190762e-01	   3.1187389876604982e-01	   6.0176053470033530e-01	   6.1155328824534938e-01	   4.4684185727930570e-01	   4.9217419464343848e-01	   6.0939437813243158e-01	   6.2915933539726421e-01	   5.2466451170240802e-01	   5.6609566063051864e-01	   6.9703425225798088e-01	   6.1662494338829055e-01	   1.8659121902951653e-01	   5.3226742423333313e-02	   5.1723229659154102e-01	   5.0302452625927718e-01	   3.9712376031970914e-01	   4.6031559193617244e-01	   5.5477727585539149e-01	   4.6687673375505090e-01	   8.1995943256242021e-01	   5.9685981757116691e-01	   6.7578020920115367e-01	   6.5082841706047945e-01	   5.7945428919425945e-01	   5.0932376365954757e-01	   6.7281076067539503e-01	   6.0657858830289557e-01	   4.6280776921837574e-01	   4.6533800633745337e-01	   4.5289466042806104e-01	   3.9795894502825852e-01	   5.7218646874395962e-01	   5.8204586498642963e-01	   6.0199924074384736e-01	   5.5686016352449363e-01	   6.1851861514417839e-01	   5.2840838023193792e-01	   1.0570429843244124e-01	   1.0379445544564614e-01	   2.2010923530189361e-01	   4.0100979134759501e-01	   3.3785165819716712e-01	   1.0865754646395487e-01	   6.3813201568108047e-01	   6.9284264334511136e-01	   4.2987707441880046e-01	   2.4838971423966300e-01	   6.7185397124597401e-01	   5.1540529593575479e-01	   8.3656657268048870e-02	   2.3634583074487708e-01	   2.9291455108292197e-01	   2.0782001299300654e-01	  -6.2818575125298849e-03	   3.6109245978357496e-01	   3.9154550431384166e-01	   5.4939941252254043e-01	   5.2438598095036770e-01	   6.4527308337212019e-01	   5.2472711141230199e-01	   3.7061437098453859e-01	   5.3378462189235576e-01	   5.3372148427386090e-01	   3.8337342076101533e-01	   4.0350248157549762e-01	   3.9916021881265817e-01	   3.1115413879416887e-01	   1.9949930134343008e-01	   3.1264647084648756e-01	   5.2603880878003251e-01	   5.6105763740252246e-01	   4.9698294663331199e-01	   6.2633458646325635e-01	   6.2894266703404589e-01	   1.8152381581154442e-01	
   5.3492422963744590e-01	   3.0352186486171068e-01	   3.7565932680682856e-01	   7.3349343623182839e-01	   4.7648597033696927e-01	   8.4823160388161833e-01	   6.3970709212207977e-01	   0.0000000000000000e+00	   5.8402866307678636e-01	   8.9910822612898700e-01	   4.7830345400861185e-01	   6.3920947663074068e-01	   5.1305350430000884e-01	   6.9368394817545320e-01	   5.1333378505696770e-01	   6.3918541400189932e-01	   2.9979333019307008e-01	   1.0282032951892688e-01	   4.9795491499591171e-01	   4.0919932087036259e-01	   3.5636676724877481e-01	   4.2295967378586041e-01	   5.1973497160383364e-01	   5.1421421960220148e-01	   2.2886345124001745e-01	   4.3202094806493319e-01	   3.5895589975627540e-01	   3.6257249115290557e-01	   1.7591657918517925e-01	   1.7947459688558018e-01	   4.0466673766778249e-01	   5.7977723094966338e-01	   4.3868636004132183e-01	   5.7090620097763889e-01	   1.8312886480325632e-01	   1.9998122082910885e-01	   3.1702753109442555e-01	   4.8448483674485276e-01	   1.2838648676080316e-01	   4.0125198832202336e-01	   1.3957801598689834e-01	   4.1626079547618222e-01	   3.8206545963861199e-01	   3.9609192158130319e-01	   2.2832004819768320e-01	   3.6279859410712523e-01	   4.5765846717624847e-01	   4.7989779287361800e-01	   3.1746391894573095e-01	   2.9135425955924943e-01	   4.4597338733923847e-01	   3.8582808511298228e-01	   1.9986563817183228e-01	   4.4882567326009933e-02	   3.7383721201932468e-01	   3.2995588254431568e-01	   2.5703067006816521e-01	   2.7014950052798176e-01	   2.3232155809173780e-01	   3.7093387601832861e-01	   5.6208919396363766e-01	   7.4535665520254302e-01	   3.7429254888018693e-01	   4.5642547358252727e-01	   4.2800108169852191e-01	   7.8189997888674312e-01	   2.5302537834536865e-01	   3.8402235098942650e-01	   4.3477666947491045e-01	   5.5687840636170627e-01	   2.9566352073996061e-01	   4.3301684605016399e-01	   3.8860636942779697e-01	   3.9761921406957240e-01	   4.7557963722608099e-01	   4.8787512324876581e-01	   5.1827888234617547e-01	   5.5214242965622673e-01	   2.1507630444533987e-01	   3.9676906417309171e-02	   2.6464638403656759e-01	   3.5684159544882832e-01	   2.3035337110564022e-01	   2.5216742975776413e-01	   4.8134897347240529e-01	   5.5152763398446292e-01	   3.6611495020745904e-01	   3.2696134885687700e-01	   5.8371714342920911e-01	   5.5910610628693336e-01	   2.3735209701452042e-01	   1.9652653115314178e-01	   5.7768756501698637e-01	   2.7534686164004774e-01	   1.1387825905511460e-01	   3.6398503460302306e-01	   3.2371809353835806e-01	   4.5565963183348834e-01	   4.2028664718177144e-01	   4.5195254395644086e-01	   5.8286748661053156e-01	   3.3090448036433862e-01	   4.3236193850448346e-01	   4.8176447341874229e-01	   3.3647191801587700e-01	   2.3663250464531294e-01	   4.7770960865743883e-01	   1.7322909251032892e-01	   2.3181930182334523e-01	   3.8252826387738392e-01	   4.3861953723028690e-01	   4.2439504094874742e-01	   4.8618440683813757e-01	   5.6706580786013139e-01	   6.3972946193635905e-01	   1.0359865612783672e-01	
   5.9686696015082397e-01	   4.6555856433009857e-01	   7.0868343528024991e-01	   5.2551892816451495e-01	   8.7302845264144069e-01	   4.8988049692322627e-01	   7.9375920953817269e-01	   5.8402866307678636e-01	   0.0000000000000000e+00	   5.2725338897941565e-01	   5.8896291923441235e-01	   4.3897709692059889e-01	   8.1434072729824480e-01	   4.8041239077729941e-01	   8.2587787543270452e-01	   4.3647198346778326e-01	   4.4199437135179837e-01	   2.6091005340727441e-01	   6.0229427872347130e-01	   5.1133984668569821e-01	   3.6225523441105068e-01	   2.9098184388204396e-01	   5.6256197702864474e-01	   3.7856858586473952e-01	   5.3400588444643349e-01	   4.2508564468550292e-01	   3.6631200993674817e-01	   2.1707578684267298e-01	   2.7697047877428232e-01	   1.4130501384985550e-01	   5.0463627524110999e-01	   4.2729805577313951e-01	   5.1401009840739909e-01	   5.2644323483984923e-01	   2.5681678373765870e-01	   9.9266002196424202e-02	   3.3140700080496166e-01	   3.8854761027223028e-01	   1.6632655861389947e-01	   3.6329843225963304e-01	   1.3651030565972000e-01	   3.2792426784464490e-01	   5.6751619214748406e-01	   5.5307450001888081e-01	   3.4949049620022699e-01	   3.9030940137827541e-01	   5.2688554327840342e-01	   5.7677731557772660e-01	   4.7799779883325089e-01	   5.2070125181127103e-01	   6.8293234816292103e-01	   6.2881542353096076e-01	   2.1160436448993583e-01	   8.4434956749271262e-02	   5.2275983747988963e-01	   5.0700056348700429e-01	   4.4368159553278130e-01	   5.2980092672269552e-01	   6.4290886270408309e-01	   5.2466631418528609e-01	   7.7656143873121786e-01	   4.6984749861940989e-01	   6.5020176858815448e-01	   5.2590987522835442e-01	   5.9098439115276424e-01	   5.2542917042237813e-01	   7.3149723390316024e-01	   6.7632045126573426e-01	   5.2701463560623474e-01	   4.9255270502097298e-01	   4.6650831978254603e-01	   3.5408649551391769e-01	   5.4806102383832545e-01	   5.3154073592257711e-01	   5.8123931514317273e-01	   4.9650747226670666e-01	   5.3125007424016468e-01	   4.4389311333049575e-01	   1.2825366903100960e-01	   1.4632472173018707e-01	   2.3274595136408113e-01	   3.5608889802847787e-01	   3.3034745619605616e-01	   9.4057826483175677e-02	   6.3685099423655489e-01	   7.5768225794237909e-01	   4.2597920537331879e-01	   2.6190981398702839e-01	   6.6411592940783370e-01	   6.1197499429982827e-01	   1.8382006564073888e-01	   3.6667342210171971e-01	   3.8324939939037034e-01	   3.1679131784446396e-01	   6.3452122903073283e-02	   2.4422027303830804e-01	   4.0073186336825645e-01	   5.0500436834862683e-01	   5.9357978747124185e-01	   6.5216016306061331e-01	   5.2915635036746655e-01	   4.8984780990825116e-01	   4.9970047519853822e-01	   5.8513955512398297e-01	   2.7392567145316771e-01	   3.3310523902107325e-01	   3.6288982805011549e-01	   3.6106043477636462e-01	   1.4771634125559652e-01	   3.6611243230147456e-01	   5.5112446616784760e-01	   5.4776797677168931e-01	   4.9259816278852570e-01	   5.0631340027324656e-01	   5.2479548435258350e-01	   1.3323585666668034e-01	
   4.2699702550624818e-01	   2.5725700137719976e-01	   2.5342050480963868e-01	   5.2293262950917785e-01	   3.8049567950974289e-01	   8.2471696431374097e-01	   5.6918149863979917e-01	   8.9910822612898700e-01	   5.2725338897941565e-01	   0.0000000000000000e+00	   4.9416326533487365e-01	   6.5800158737496595e-01	   5.0981839962391817e-01	   7.1122828200791810e-01	   4.4732174392346569e-01	   6.6086241584397687e-01	   1.8992964644441679e-01	   1.0610246796188140e-01	   4.0439961323054319e-01	   3.4074874872408251e-01	   2.7508012389243641e-01	   3.3899273829625554e-01	   4.7788262215460076e-01	   4.3047990650174983e-01	   1.6488166826377243e-01	   3.9342085468011512e-01	   2.2296396661444806e-01	   1.9774093423067285e-01	   1.0998748740390486e-01	   1.8037163144782667e-01	   4.0412454622055649e-01	   5.4708429710582263e-01	   4.4233879575594948e-01	   5.7639965818107108e-01	   2.8388726836123923e-01	   2.2167186246599552e-01	   1.9952036774439974e-01	   4.5106746459576252e-01	   2.2494868715909756e-02	   3.4091407604640744e-01	   1.0706363119600730e-01	   4.4509228947021967e-01	   3.5879203794578035e-01	   3.8302102635395102e-01	   2.9735034399104010e-01	   4.1507836957749078e-01	   4.5041843019476274e-01	   4.5734887185604356e-01	   3.8101648250665965e-01	   3.6149607588611266e-01	   4.4547404235329202e-01	   3.7465197038057074e-01	   3.1529604081503082e-01	   9.4091566577718513e-02	   3.7720213003977965e-01	   3.4050821722223290e-01	   1.8489414414363287e-01	   2.5904334893599468e-01	   1.5654986547508459e-01	   3.1578347840705140e-01	   5.5267879466666092e-01	   8.1851234960703678e-01	   3.4522604193739925e-01	   5.4806639075217323e-01	   3.5875021398572021e-01	   7.3452236364407264e-01	   1.2958430860952069e-01	   2.5911422130322082e-01	   2.8855381894879517e-01	   4.5300370022680159e-01	   2.5448509359573102e-01	   3.4392693901192034e-01	   3.2306168824855452e-01	   3.9311159681943952e-01	   4.4280997088719531e-01	   5.1469708704428385e-01	   4.7966578473959398e-01	   4.9285812364669040e-01	   7.8214920356161968e-02	  -5.4185621802453149e-02	   1.6563857844423732e-01	   2.7294421725281259e-01	   1.7401660690831000e-01	   2.1061991589021872e-01	   3.9170896192318561e-01	   3.8715508283157607e-01	   2.6328929825783387e-01	   2.3161793521617494e-01	   5.0982858685091681e-01	   4.6614684523540140e-01	   2.7338248016144695e-01	   1.0478948105405966e-01	   5.0596275274751512e-01	   1.5997955786801590e-01	   7.8901816605450065e-02	   2.6319443594243053e-01	   2.3044912824342229e-01	   3.5554947809109344e-01	   3.6612251966057019e-01	   4.3292208454662118e-01	   5.1764741676919757e-01	   2.3703950423089265e-01	   3.1467119733881543e-01	   3.4982660678050048e-01	   1.6904406520939441e-01	   1.2087300824361955e-01	   3.4377265179048366e-01	   4.5177674137636764e-02	   2.1769235224844757e-01	   4.1277409347000815e-01	   3.4758867078101630e-01	   3.7035448843270846e-01	   4.5539720839689124e-01	   4.8521234692304915e-01	   5.6277055167446877e-01	   8.2609922947090603e-02	
   7.7947347710729054e-01	   6.1008793301947728e-01	   3.7159767389662457e-01	   2.1772067776763654e-01	   4.9515023452665785e-01	   4.1255847628412573e-01	   5.8217349032844812e-01	   4.7830345400861185e-01	   5.8896291923441235e-01	   4.9416326533487365e-01	   0.0000000000000000e+00	   7.8509368544831015e-01	   7.9605676166746997e-01	   7.6469668525320955e-01	   6.5921424824072061e-01	   5.8680346395226457e-01	   5.4145036605767216e-01	   4.1965389260352537e-01	   7.1521343108836888e-01	   5.7382024106528995e-01	   4.4106833663461831e-01	   4.4046322405777522e-01	   3.8694756965690680e-01	   1.2012567150260622e-01	   3.1573545839667816e-01	   3.0681148450242618e-01	   3.1752091070597266e-01	   1.7106291286701705e-01	   3.9745949357090132e-01	   2.9382534863266474e-01	   5.3825863387022532e-01	   4.5168132008083894e-01	   6.2127182289485061e-01	   6.2024864500610633e-01	   2.2955331816760069e-01	   6.8432221981156366e-02	   3.9030342789976158e-01	   4.5483652141204223e-01	   7.8888004113309484e-02	   3.9308045811285774e-01	   9.6598670682977228e-02	   4.6761100094744323e-01	   6.5832620800746067e-01	   5.8618546313357167e-01	   4.3086596301767760e-01	   4.2886094544904851e-01	   6.5204870317559260e-01	   6.4847733600457280e-01	   4.1377807858864685e-01	   4.0084290108259846e-01	   5.0430644881954134e-01	   4.7948712659165632e-01	   1.2987786618761021e-01	  -3.2317109000125868e-02	   4.9372149219566813e-01	   4.0766619451579256e-01	   4.5701616005368872e-01	   5.3766834853359158e-01	   4.7383855666621572e-01	   5.0954032395654303e-01	   6.3204947626765595e-01	   5.4926779788080937e-01	   5.8160163099338180e-01	   6.0222095391627972e-01	   1.3030022064734953e-01	   3.3335498586544310e-01	   4.4772651782079131e-01	   4.2098550292914860e-01	   4.8815071813261623e-01	   3.4919307819336409e-01	   6.8195477129391802e-01	   5.6286768051326042e-01	   5.7105633782110532e-01	   5.8856080354582763e-01	   6.4376617437514927e-01	   6.0068191842702068e-01	   6.6291735373027838e-01	   5.4553165388528868e-01	   1.9011170982617975e-01	   1.5429739237736440e-01	   4.4474487733966939e-01	   4.1276471855255570e-01	   3.5868935821213160e-01	   1.2441381396526627e-01	   6.1646963330843174e-01	   4.6113303797652561e-01	   2.5320300936534601e-01	   1.6166561184100797e-01	   4.8680802493428388e-01	   2.8999234644754879e-01	   5.3273890838222322e-02	   8.8607054347969560e-02	   1.4255065553133256e-01	   6.8994775147916909e-02	  -1.9403414533776697e-01	  -1.4620083377849938e-02	   2.9097773167796126e-01	   3.4626622669677376e-01	   5.2732739964756670e-01	   4.8799746117816861e-01	   5.1821793612595424e-01	   2.8359250575336425e-01	   4.9467846243586799e-01	   4.4763355779593017e-01	   3.3248227218549481e-01	   3.3348557333135231e-01	   3.5996407113908052e-01	   3.2848569753519818e-01	   2.5832674298981635e-02	   2.4109473504525006e-01	   5.2512478327066514e-01	   4.8468175502123012e-01	   3.4517646881684350e-01	   4.6707512259865525e-01	   5.2911532057271649e-01	   1.7278084189490969e-01	
   6.3419917989156205e-01	   6.0801341798790021e-01	   2.3413190612530999e-01	   3.4957901134102876e-01	   2.8935086521803705e-01	   5.0512350843688314e-01	   5.2412335032279511e-01	   6.3920947663074068e-01	   4.3897709692059889e-01	   6.5800158737496595e-01	   7.8509368544831015e-01	   0.0000000000000000e+00	   5.6721534693776243e-01	   9.1610989285141575e-01	   4.7232054039541022e-01	   7.7491754956090908e-01	   3.6914137102444733e-01	   3.0252510661740073e-01	   6.1818288125815135e-01	   6.2694972426077888e-01	   2.8720139510825443e-01	   3.7162954961936245e-01	   3.5809980973677735e-01	   2.7045063247313889e-01	   1.7343030104135784e-01	   3.1050545603099011e-01	   1.9675456617333742e-01	   1.3066213234812388e-01	   1.8607044241144638e-01	   1.8713244442979124e-01	   3.2656398314866147e-01	   3.8487481516851757e-01	   5.0966986653413471e-01	   5.9824735172476140e-01	   2.1665164461945479e-02	  -2.5769217598668875e-02	   4.3697264554966103e-01	   5.4948472512871083e-01	  -2.3211776461158847e-02	   3.5702269559072575e-01	  -2.2079818469483467e-02	   4.5944602300734638e-01	   5.2118497312452572e-01	   4.6431277323953635e-01	   3.3031484349549300e-01	   3.4019895191526017e-01	   6.0149807804580724e-01	   5.7720872902756259e-01	   4.7834523728484091e-01	   3.9707779812860605e-01	   5.7916970444800531e-01	   4.1320966915932761e-01	   2.7082155763193805e-01	  -4.3218957697440205e-02	   5.3622645132255442e-01	   3.8937752473028908e-01	   3.8452828286691088e-01	   4.2270554600425564e-01	   4.2931645050159584e-01	   6.0494941275392455e-01	   5.8549861205833520e-01	   6.9961592719015409e-01	   5.3074818870909701e-01	   6.3379558882799480e-01	   1.3132971556883660e-01	   4.4162665306356175e-01	   3.2465013203380472e-01	   3.6547920059684663e-01	   4.3423659335431203e-01	   4.7885972712025004e-01	   4.5906884260401681e-01	   4.5855779310714789e-01	   4.2376386898158269e-01	   5.4638498576088723e-01	   5.4816276379797357e-01	   6.3072734041566370e-01	   5.2655459861123388e-01	   4.9122054344159105e-01	   1.1058822797080599e-01	  -4.5438270504957051e-03	   3.2232964113406642e-01	   3.3091582637348893e-01	   1.9743688017034061e-01	   1.6334626529348956e-01	   4.8526747403652015e-01	   4.2605186541796913e-01	   2.4513386145143221e-01	   2.9328224838766082e-01	   6.1208526051485634e-01	   3.8487411725381504e-01	   1.7794704980509385e-01	   1.0422340823228546e-01	   2.7978360349925285e-01	   5.4997528611886462e-02	  -3.2051844840804705e-01	  -1.2906623215239910e-01	   1.4217148615728964e-01	   2.0653467936578318e-01	   5.0275562811015995e-01	   3.8327723560364313e-01	   5.7387701448525874e-01	   1.9290990931745838e-01	   4.7179677495886341e-01	   3.5523437127782970e-01	   3.7864743835212189e-01	   3.3708708637050488e-01	   3.8670320615093356e-01	   3.0061644789371234e-01	   5.0764899542684920e-02	   2.1920806223675290e-01	   4.0550549326602625e-01	   3.9832709940061384e-01	   2.8692811262757378e-01	   4.0590300082628028e-01	   5.2373985401918610e-01	   1.7273788115233460e-01	
   6.9228287968713831e-01	   5.9310185220453393e-01	   5.1917406376318620e-01	   2.6411605697924823e-01	   7.0955274147147884e-01	   3.7190733325497194e-01	   8.0801685973756876e-01	   5.1305350430000884e-01	   8.1434072729824480e-01	   5.0981839962391817e-01	   7.9605676166746997e-01	   5.6721534693776243e-01	   0.0000000000000000e+00	   6.3469975949612822e-01	   7.7289850104154656e-01	   4.4122703983645750e-01	   5.3523319297545002e-01	   3.2071712760549087e-01	   6.8714270272494660e-01	   5.8862404280464165e-01	   2.9963147909356819e-01	   2.4112655791616194e-01	   3.7324730756106883e-01	   9.7214303986714878e-02	   3.4893344010868238e-01	   2.2327379834107189e-01	   1.7546338793081540e-01	   2.3157447800300587e-02	   3.4079954880875529e-01	   1.8471280003164703e-01	   5.7090169997805962e-01	   4.5040144723824760e-01	   5.8578457939532103e-01	   6.1668955493104516e-01	   1.9791322123548938e-01	   3.2925002880454135e-02	   2.5142740446576911e-01	   3.2989662590991520e-01	   8.2449164775923151e-02	   2.9172944518130184e-01	   5.6107578280070250e-02	   2.8210993594720757e-01	   6.7278307704107254e-01	   6.3644251900892024e-01	   5.3976741591611854e-01	   5.4403775484947015e-01	   6.5013271702215980e-01	   6.4533585968184182e-01	   5.1199997049066026e-01	   5.5559983717784556e-01	   6.2574241945286824e-01	   5.7814122939587342e-01	   7.5010887965455825e-02	  -1.1385407968094094e-01	   5.2260552101168156e-01	   4.5853555835397664e-01	   4.2318456517870967e-01	   5.3757823641720381e-01	   6.4960396763098993e-01	   5.5043949788887769e-01	   8.4636864459143757e-01	   6.1233683190403831e-01	   7.6520458090648413e-01	   7.5013810688867499e-01	   3.1785695451178120e-01	   3.3818899133998126e-01	   7.0575426782000616e-01	   6.3708525720203735e-01	   4.2242427719038611e-01	   2.9537401416597364e-01	   5.8558735585537014e-01	   4.0916499459381706e-01	   6.4425199741048123e-01	   6.2653230025239293e-01	   6.7804416498573949e-01	   5.8904810025823340e-01	   6.2736471636438218e-01	   4.9205791670414628e-01	   4.8013408111498276e-02	   5.2158045543987369e-02	   2.2790129289503355e-01	   3.0463571898812808e-01	   2.7053169668597754e-01	  -3.5092047233956515e-02	   5.6933269034742229e-01	   5.9650077740048024e-01	   2.5112512617392163e-01	   8.6481723029521076e-02	   4.9092558719556095e-01	   3.5552316358572922e-01	  -3.9880512216597913e-02	   1.2886616724538064e-01	   1.3544590218376892e-01	   5.2764923223897725e-02	  -3.2244606067201267e-02	   2.1493323116588042e-01	   3.9432543689750643e-01	   5.1214546910316039e-01	   6.0361433998565395e-01	   5.9411366630661444e-01	   5.1349766449523992e-01	   3.2481657290296978e-01	   5.9541084128534982e-01	   5.1801259734510696e-01	   3.1690373339979200e-01	   2.9923922846620810e-01	   4.4779694596486697e-01	   3.3484671585461068e-01	   2.1397165801276358e-01	   3.5535082236173743e-01	   5.0010338538386545e-01	   4.9045803172153513e-01	   3.3704948995015960e-01	   4.7577793742727464e-01	   4.9981899410881891e-01	   1.9255329173409830e-01	
