   0.0000000000000000e+00	   3.8558203090962939e-01	   3.9723147910710555e-01	   1.4984696758761190e-01	   5.4011289867903642e-02	  -6.8093755841611314e-02	   5.0405172791093678e-01	   6.1317187412321908e-02	   1.5379380932725678e-01	   2.3950116576936728e-02	   6.6264439071077530e-01	   2.6302496232115713e-01	   5.5421312837932279e-01	   1.4380079838955059e-01	   3.9624502544297902e-01	  -1.5179402957456629e-02	   4.4543107851096225e-01	   4.5530811145906364e-01	   6.0999193358077097e-01	   4.2215720047524324e-01	  -5.2395562399543558e-02	  -8.8045784551008935e-02	   2.0399832218261088e-01	   1.1666149812241825e-02	  -1.0318655595326169e-01	  -8.1126329024063956e-02	   1.5131735553445408e-01	   1.0721703616842673e-01	   4.0947817090935612e-01	   2.3948965435666211e-01	   7.8153530736461904e-02	   6.2058593840816342e-02	   3.7981274683264366e-01	   2.8301851058242955e-01	  -6.9219131047156102e-02	   5.0769660760121238e-02	   9.4395890988608788e-02	   1.7468726503848392e-01	   1.4710382318762297e-01	   1.2466706096720062e-01	   5.0824337016753762e-02	   7.8655663431329403e-02	   2.2678552831454768e-01	   2.2664367152542836e-01	   5.6086237936467283e-02	   1.0390162038276025e-01	   3.7839150243824771e-01	   3.9639830429169592e-01	   1.4384080002213903e-02	  -4.2626463720226902e-02	   2.9562788821089484e-02	  -1.1907127611134969e-03	   3.8166482786152056e-01	   2.9142920213497031e-01	   3.6189900959229404e-01	   2.7998061997035961e-01	   6.9149014645818419e-01	   4.1290516603185479e-01	   1.2714762556371229e-01	  -7.0538559451957084e-02	   4.6371304497522431e-01	   2.0938848396374760e-01	   4.5122805492696327e-01	   2.8429684084394724e-01	   2.4257960471482010e-01	   1.5243151092244395e-01	   3.6513002619982506e-02	  -1.6118713907821658e-02	   4.4159540407430209e-01	   3.4403237554520716e-01	   2.3077817089504649e-01	   3.6754380810372654e-02	   3.2142353548614422e-01	   1.7799507099645873e-01	   4.6595264689611293e-01	   2.8944593757348913e-01	   3.4488093935103825e-01	   1.8363493099600459e-01	   2.4905419442176283e-01	   3.6519954158890089e-01	   2.1406027885983908e-01	   3.8951583862759215e-01	   4.0392986591383029e-01	   3.3187929332706045e-01	   2.8166480457152310e-01	   1.4799198935106683e-01	   2.2990082549497973e-01	  -5.4701348054202369e-02	   4.0641189631827851e-01	   5.5192660722901410e-01	   4.4616341977506091e-01	   4.8743674317990066e-01	   2.2099454806606117e-01	   4.1129343362425619e-01	  -1.1758687761496307e-01	  -2.0760406948496637e-01	   2.5252933822595758e-01	   2.6022538005390267e-01	   4.7534224346325338e-01	   4.5656697277036717e-01	   1.7375629147311661e-01	   3.8320919063401748e-01	   1.6367876675855275e-01	   1.5586969807682771e-01	  -1.0676611563948302e-02	   5.6869918587816315e-02	  -1.2267728966549786e-01	   1.8145501492970723e-01	  -4.0245693535660404e-02	   9.1619158101978238e-02	   3.7590958346374659e-01	   4.4663973807206753e-01	   3.9298460922149281e-01	   1.1968668694388149e-01	  -2.3666655090010164e-01	  -2.9304539580483174e-01	
   3.8558203090962939e-01	   0.0000000000000000e+00	  -2.3544005080337826e-01	  -2.0636935416594041e-01	  -2.3043511192027005e-01	  -6.8611884161084991e-02	  -1.9738694579236676e-01	  -2.9506993054890962e-01	  -2.4703980417488194e-01	  -1.3213248301970368e-01	   1.1626660409482008e-02	   9.5845555730173948e-02	  -1.2069439807747057e-01	  -1.0998719548099256e-01	  -3.8353029516776965e-02	  -1.3707822737056197e-01	   5.3256793616052200e-01	   6.4373916350560434e-01	   2.5726067555464821e-01	   5.3962037988851064e-01	   2.5450614042541786e-01	   2.5632450733003276e-01	  -2.4817950143966266e-01	  -3.4413681723324974e-01	  -1.6822057054464659e-01	  -9.5833881468748758e-02	   2.8947050386117412e-01	   3.0447005646309810e-01	   3.0469092397064168e-01	   4.4081145316609094e-01	  -1.1953459102358741e-01	  -1.6186431311314742e-01	   4.2108665220960040e-01	   4.2742427930523264e-01	  -4.8167705347457658e-02	   4.4258626909793874e-02	   2.7533867242069746e-02	   1.4711080097890139e-01	   3.9298988225073592e-02	   3.4174300268789017e-02	   1.4002528661959096e-01	   2.5303131196943629e-01	   1.5938173546150014e-01	   2.0315730620818376e-01	   8.0347167798558994e-02	   4.9679502129185607e-02	   1.8064317351468942e-01	   2.3146694714377353e-01	   5.6274750759637560e-02	  -5.8701697280642257e-02	  -4.3011310386195642e-02	  -2.2908728741100154e-01	   8.4441993250014641e-02	  -9.4553822936489590e-02	   2.2528709231582661e-01	   4.7577893042128182e-03	   4.9933349672926192e-01	   9.0539731158397041e-01	   2.8410814769224180e-01	   2.4561974150094823e-01	   1.5227213348019197e-01	   1.0996579222122581e-01	   3.6839253913003206e-01	   4.0455275962989462e-01	  -1.2501872825428617e-01	  -1.1187199227652757e-01	   1.1790823370650415e-02	   9.2657158115982477e-03	   3.9219262522498832e-01	   2.9196673769993131e-01	   4.8720820701405425e-02	   5.8445553656996260e-02	   4.0691835666329429e-01	   4.8120492502295636e-01	   4.3260463485119510e-01	   4.1635760476474326e-01	   2.1458870388463661e-01	   2.9388642255987552e-01	   3.1339099342978938e-01	   6.5638234182716648e-01	   2.4763336207025632e-01	   2.4952784133575695e-01	   1.0289778655999722e-01	   2.6925470757597214e-01	   3.5568329071078389e-02	  -1.3749344738259078e-01	   1.4011928790129508e-01	   4.8306928421562562e-02	   2.1977158279983605e-01	   2.6613261027333290e-01	   3.7297831578743584e-02	   1.0554516336889853e-02	  -2.5976328695596629e-01	  -1.5411352347747995e-01	  -3.0952324722741476e-01	  -3.2455970285162217e-01	   2.6553757925935517e-01	   1.1200237879918455e-01	   4.6833243981557038e-01	   2.5166238261168250e-01	   1.2878373269134863e-01	   1.7954699880465852e-01	   4.0065099036748908e-01	   2.6092846939547798e-01	   2.3232961928272004e-02	  -1.2562270341027304e-01	  -4.8355298152554245e-02	   2.5693191087571277e-01	   1.3694620583554296e-02	  -1.6022590667617137e-01	   2.9425128495931679e-01	   4.0929893160483410e-01	  -5.2524202999977704e-02	  -2.2899382764824880e-02	  -1.7835748326061901e-01	  -3.1661642629030362e-01	
   3.9723147910710555e-01	  -2.3544005080337826e-01	   0.0000000000000000e+00	   6.6420790357511827e-01	   4.8739210130847221e-01	   1.9442503104704645e-01	   8.3341984570225258e-01	   4.8909231186623847e-01	   5.3098612918675470e-01	   2.9470290798761456e-01	   5.4925259969959361e-01	  -3.3393252958232138e-02	   6.1782843879642912e-01	   1.9920377668583603e-01	   5.9778829631959540e-01	   3.8298025484758191e-01	  -1.7753029178712798e-01	  -2.3931691880338940e-01	   4.9411762405824161e-01	   8.6370517604669628e-02	   1.0604713873517418e-01	   1.0358320753544908e-02	   8.0698254220726484e-01	   7.0019602370688572e-01	   5.2823879182858924e-01	   3.7626300717768896e-01	   1.9590450504578333e-01	   7.7598115363991180e-02	  -8.8548614332784756e-02	  -1.8354175707951526e-01	   5.1709022268869820e-01	   4.7092360477291961e-01	  -2.7429417959850870e-02	  -6.5465522981638227e-02	   5.0545914213376264e-01	   4.1930448559002220e-01	   3.0864307021136539e-01	   1.2220494561086151e-01	   2.0611257102850777e-01	   1.3486012506040651e-01	   1.9763286740284694e-01	   1.7926250413343746e-02	   3.7823998697988678e-02	  -1.4396668818122137e-02	   2.8736604841366742e-01	   1.6356514086778276e-01	  -3.8649288158851228e-02	  -9.8082169869025862e-02	   2.6304314393741235e-01	   1.2001532332328585e-01	   4.7825273558547121e-01	   2.8438629185224784e-01	   3.3984237469341499e-01	   4.0628796607344891e-01	   2.3608655775059359e-01	   8.3500671198968132e-02	   4.1528922264788534e-02	  -2.7103507760402890e-01	   9.8813738859641981e-02	  -2.6284356850270035e-01	   1.8249743299928595e-01	  -1.0156079579371990e-01	  -1.1945863504116101e-02	  -3.1046180465098361e-01	   6.3520009191407345e-01	   3.0112623308375119e-01	   5.5645476667272809e-01	   3.5160329047503480e-01	   9.7375298457208562e-02	   1.8958269282959767e-01	   3.5749045322042017e-01	   1.7595712933224622e-01	  -1.4602941438118072e-01	  -3.0529920475875982e-01	  -6.9237319645460678e-03	  -1.1598554937962217e-01	   1.8500031252765181e-01	  -3.3424158160310219e-02	  -1.3013859073168296e-01	  -1.2950129956522127e-01	   1.6084826488386356e-02	   2.0153343362181889e-01	   5.0468793064068884e-01	   3.2991891105301263e-01	   6.4155505947781832e-01	   4.8822601729710008e-01	   3.2306367568142941e-01	   3.4371513078761878e-01	   4.9631344329883775e-01	   3.0291990420326470e-01	   4.4236380455163393e-01	   5.0283346857943578e-01	   4.9995008311503863e-01	   6.9592319073025266e-01	   3.5191814290433554e-02	  -7.1387810323926021e-02	  -4.5433250891452510e-02	  -7.2951344409356036e-02	  -3.5982527851123124e-02	   1.2233358391193344e-01	   2.1767074810959280e-01	   2.9789827586440076e-01	   3.0171398511298363e-02	   3.3343906291529807e-02	   1.2238474235935931e-01	   2.1985306572812544e-01	  -1.5699938375620853e-01	   2.8104311305825358e-01	  -4.0082634299964795e-02	   3.4779090299655480e-02	   5.8116690974490418e-02	  -1.1366789650066061e-01	   3.2266906636511672e-01	   1.0693301114988951e-01	   1.0631221381631223e-01	  -1.9157251557694427e-01	
   1.4984696758761190e-01	  -2.0636935416594041e-01	   6.6420790357511827e-01	   0.0000000000000000e+00	   5.5063542210926020e-01	   4.1645124799249872e-01	   6.2798375629427583e-01	   8.1872886124909583e-01	   5.7826432487196289e-01	   4.6613400351322121e-01	   3.6314044947190260e-01	   2.7328213834968079e-01	   4.5080208282358392e-01	   4.7927545824441203e-01	   6.2147588922838359e-01	   6.1151687632978990e-01	  -1.5360116116120220e-01	  -1.0042111024145192e-01	   4.8447699080126949e-01	   3.3912012620805354e-01	   1.8845901293612033e-01	   1.9509065555238331e-01	   6.7472902090303011e-01	   7.4872850742308961e-01	   3.8633303025217974e-01	   4.5845628979477870e-01	   2.5248807939874224e-01	   1.7538804143714537e-01	   5.5129923947508106e-03	   8.7699713725815309e-02	   4.6346397906236064e-01	   5.5771029348140677e-01	   3.0505335331502677e-02	   1.4226378493958711e-01	   4.0834392991607477e-01	   4.6397536432818554e-01	   9.6409930261374538e-02	   1.4286706099510998e-01	   2.0901547026103719e-02	  -6.8966181275986957e-03	  -1.0694496931283415e-01	  -8.7638970479797740e-02	   7.8019522448446038e-02	  -6.1947700629647866e-03	   3.9192236294597294e-01	   2.7532654695466879e-01	   4.8670914708579378e-02	  -2.1167786737169101e-02	   2.6047274641906182e-01	   9.1578400166416538e-02	   4.0856979253769266e-01	   2.6061397499444577e-01	   2.0139033301379061e-01	   2.8718978662786748e-01	   4.0969030467633005e-02	   8.5320371603104378e-02	   6.1997758926026721e-02	  -1.8362285106069876e-01	   1.1898399473513621e-01	  -1.0193690754209420e-01	   2.0773567198811879e-01	   2.2762813047208386e-01	   6.8599964457632265e-02	  -8.4604079967882079e-02	   6.2651084724708683e-01	   4.7278402029136524e-01	   6.2056384466120773e-01	   6.1000222654667824e-01	   8.3594951938446738e-02	   4.6869962556179950e-01	   2.8373058155877018e-01	   4.0188572741891582e-01	  -7.8139868809790167e-02	  -6.0827344353761581e-02	   8.1179729193157885e-02	   1.1371054155654836e-01	   1.2151253444299806e-01	   1.9103124724960360e-01	  -7.8310565402092941e-02	  -5.5668261861949848e-02	   2.0021901093829376e-02	   1.3873245707000176e-01	   4.7805723665112804e-01	   3.8817411556976622e-01	   5.7409169625236789e-01	   5.6940212648156652e-01	   1.2275492719830593e-01	   2.1942996303596304e-01	   3.3722365298731816e-01	   4.9229578060100554e-01	   5.9458782218994888e-01	   5.6865120755268317e-01	   7.0524166683534673e-01	   5.7718097980176997e-01	   1.8119578563639122e-01	   1.9538926686482344e-01	   7.0076434329140874e-02	   1.5867262651046588e-01	   1.6342804466922195e-01	   2.7457221926049419e-01	   4.4007899550943447e-01	   3.1602402715014855e-01	   2.7127658101365815e-01	   2.3445277253665220e-01	   3.5198474374172672e-01	   2.4887903465824185e-01	   1.1721239031804292e-01	   3.8116467074307825e-01	  -8.9142059376150252e-03	   2.0094650719902474e-01	   2.4214873091616865e-01	   1.0444509539009278e-01	   3.8192817368074417e-01	   2.9238324685611194e-01	   2.0154246602402986e-01	  -1.5967063235432200e-01	
   5.4011289867903642e-02	  -2.3043511192027005e-01	   4.8739210130847221e-01	   5.5063542210926020e-01	   0.0000000000000000e+00	   8.4719197489919917e-01	   5.8782011587787708e-01	   6.0776139098736981e-01	   9.0385542077235570e-01	   8.4009420502709931e-01	   1.1302394187921463e-01	   7.2398793516867913e-02	   4.3524904906593631e-01	   4.3539313508471500e-01	   5.8691089252640771e-01	   5.6927671323313522e-01	  -1.2784020841386629e-01	  -2.5715453456200976e-01	   3.3106048372848934e-01	   1.8071842565573562e-01	   4.0701673549014256e-01	   4.6022816775951703e-01	   2.7242858419622645e-01	   2.7404715609869096e-01	   6.3076547245094927e-01	   6.7823973888461464e-01	   5.1788370377679949e-01	   5.5864164184614706e-01	   9.5351844050818521e-03	   7.5593393323306807e-02	   2.1351388325405338e-01	   1.3346864440746092e-01	  -5.6620015487957330e-02	  -8.3575742047703239e-02	   3.9445097640056548e-02	   1.3477021664158579e-02	   1.4147005822843814e-01	  -8.2735213046203314e-03	   1.9971275444644104e-01	  -5.2981988966866268e-02	   1.0460627824290775e-01	   9.8300550915913443e-02	   8.5362703154232861e-02	   5.3809371427448641e-02	   3.4684389356989331e-01	   2.0928989518512614e-01	  -1.6142734161649675e-02	  -7.6631776637483884e-02	   3.9885318835606248e-01	   2.4798117285187882e-01	   4.5317466332245082e-01	   4.0472907987575524e-01	   1.6283256777639449e-01	   1.0976954058377703e-01	   4.1875105513850625e-02	   4.2652506992875705e-03	  -9.1254535458019106e-02	  -2.5162523836878481e-01	   4.8084551793058028e-01	   1.2443348759055073e-01	   4.9684682092008203e-01	   3.9724715129652649e-01	   5.6905461324482751e-02	   3.1694830048623612e-02	   4.6671803459747135e-01	   4.1108566106703753e-01	   5.2166203369191344e-01	   3.4610855224114812e-01	   2.9178970541089333e-01	   4.4493567973284270e-01	   3.9404704854857264e-01	   3.7774781894342091e-01	   1.5191900917853007e-01	   1.3037931110395037e-01	   5.7779100667413402e-02	   1.1920471527621092e-01	   1.2781050640046671e-01	   1.2039390310808574e-02	  -3.4131768578473838e-02	  -1.9454060100998508e-01	  -1.1221183074444469e-02	  -7.4081358685203172e-02	   2.4917268401649226e-01	   3.4559769097371254e-02	   3.6441433356282577e-01	   2.1693713516302082e-01	   1.8987648142454478e-02	  -7.6411165455031627e-02	   3.5970612609234953e-01	   4.3756818466037251e-01	   4.0213313116607041e-01	   3.4077763727953558e-01	   4.4186201842859824e-01	   2.8215991591619843e-01	   2.5778778241903055e-01	   2.6442174544127117e-01	   4.1849673738046392e-02	   6.0372918111116725e-02	   3.0610319837440090e-02	   5.5257684177178239e-02	   6.2900781944489659e-01	   4.5437968995208933e-01	   5.0800865372618442e-01	   4.4048982266804748e-01	   5.6418848487699724e-01	   3.2000166526558005e-01	   2.7999021441208638e-01	   6.2515363027539972e-01	   1.6643967392481079e-01	   2.5834651493715555e-01	   1.7214207194058497e-02	  -9.8970563458585986e-02	   1.5874510805029396e-01	   2.9353278606498778e-01	   3.3343531151961170e-01	  -3.7758139088906031e-02	
  -6.8093755841611314e-02	  -6.8611884161084991e-02	   1.9442503104704645e-01	   4.1645124799249872e-01	   8.4719197489919917e-01	   0.0000000000000000e+00	   2.8083052983582191e-01	   4.3394024633246864e-01	   6.3332984479724519e-01	   9.2127745182799248e-01	  -1.4798835117132506e-01	   4.3478134157001726e-02	   1.9287396166941626e-01	   4.2853715260331682e-01	   3.0474587993925017e-01	   4.4759368921866177e-01	  -1.6244613259087975e-01	  -1.6960829061822599e-01	   1.3130074741334805e-01	   1.4972462171626658e-01	   5.1948844239111891e-01	   6.3784756762561345e-01	  -2.0543698868779686e-02	   3.9370526104293618e-02	   5.9787925803807418e-01	   7.2633688862338308e-01	   6.5703627924608710e-01	   7.4255575969574439e-01	  -8.3520870959320287e-02	   1.3483986529701428e-01	   5.3654500868326918e-02	   1.7585457380113235e-02	  -5.6203366709311683e-02	  -4.6612491409820232e-02	  -6.5562833407538060e-02	  -6.4086211921841010e-02	   6.9277508396163284e-02	  -1.8969572362834211e-02	   2.1965010140200333e-01	  -5.4012335730484425e-02	   1.1445997540150463e-01	   1.5078381278196257e-01	   8.8307465721620210e-02	   6.0182377907011454e-02	   2.6424479176821442e-01	   1.6573475710934121e-01	   3.0369347745631977e-03	  -3.4203863366405393e-02	   3.4321264216647546e-01	   2.3021471802298327e-01	   3.3486146424733898e-01	   3.3478405256027172e-01	   9.3889938338072604e-02	  -2.3749843156649627e-02	   3.2742387642518460e-02	  -3.9760759231640311e-02	  -9.3545145915110928e-02	  -2.6814413479744302e-02	   6.5880584213902837e-01	   4.3771352521125989e-01	   5.1168078609886658e-01	   5.4070821148697501e-01	  -4.1707105423505399e-02	   1.4027803684368451e-01	   2.4743223625750271e-01	   3.6359368280040022e-01	   4.6195158567487860e-01	   3.3250742068318978e-01	   2.8244255131911350e-01	   4.6360671203536252e-01	   2.9109992608322260e-01	   4.1213247330845049e-01	   1.2671082559721702e-01	   2.5193633739822568e-01	  -3.4888390650126118e-02	   1.4950549304552796e-01	   3.1826582367546999e-02	   8.0011854211276726e-02	  -2.2493288747925156e-02	  -7.9593374705309000e-02	  -8.6239912644599515e-02	  -2.6567616480681572e-01	   4.6915960246137742e-02	  -9.8519907356590275e-02	   1.4209500842883849e-01	  -3.0167015143383796e-02	   2.6696625919422040e-02	  -1.2747365263115676e-01	   2.8033117761661358e-01	   3.8402158547890264e-01	   2.3919044704958348e-01	   9.4294657477653837e-02	   3.1700399093534037e-01	  -4.1254277104559312e-02	   2.6577595365969775e-01	   2.6250865987637384e-01	   1.8727724535173448e-01	   4.3507157298474507e-02	   1.1381739088063728e-01	  -1.9946101088937830e-02	   6.7221261346222994e-01	   3.7894223858507586e-01	   6.5752454607680999e-01	   5.1333070476853704e-01	   6.8838174017685028e-01	   3.5244770913963530e-01	   3.8059885874123245e-01	   6.9348448007827146e-01	   1.1611950470329627e-01	   1.9814991532257248e-01	   7.8939363015944047e-03	  -5.0926217563514550e-02	  -8.3772969794895444e-03	   3.7518756489832350e-01	   4.2309548223541338e-01	  -3.6517483321630718e-02	
   5.0405172791093678e-01	  -1.9738694579236676e-01	   8.3341984570225258e-01	   6.2798375629427583e-01	   5.8782011587787708e-01	   2.8083052983582191e-01	   0.0000000000000000e+00	   6.3883579106222488e-01	   6.5155234522148930e-01	   3.9803178556894808e-01	   6.8721914385372496e-01	   2.1660882458562725e-01	   7.6798272040126314e-01	   3.8519185405396339e-01	   7.4452944699370804e-01	   4.2338332611695872e-01	   2.5461216732127791e-02	  -2.6681633845003092e-02	   7.3768874079508462e-01	   3.3473697351494935e-01	   2.6141453433246441e-02	  -2.6429386444353664e-02	   6.6215948917995127e-01	   5.0053546839045671e-01	   2.9799005679664664e-01	   2.4737216441067450e-01	   1.5925555707360761e-01	   5.8372210132939362e-02	   1.8532258081789829e-01	   6.4191885404299320e-02	   3.9582346092775356e-01	   3.4454431022159848e-01	   1.9649631711768434e-01	   1.3578236894068085e-01	   2.3405255681778997e-01	   2.3522185232400405e-01	   1.8597968728181885e-01	   4.3750256425598183e-02	   1.7265932639290940e-01	   1.5232072780134925e-02	   6.7795981851796749e-02	  -8.2957266914649622e-02	   8.3148664049409682e-02	  -9.3736936946566297e-03	   3.0657123870877911e-01	   2.1124921465147675e-01	   1.0599509076532931e-01	   1.8430277685821554e-02	   2.2477309518446426e-01	   6.5518787194616707e-02	   3.1197436943087553e-01	   1.6422582122340809e-01	   2.7084269821462609e-01	   2.9627774212070801e-01	   1.4640645042450412e-01	   5.5875516768446216e-02	   1.3925092470794084e-01	  -2.3711522176123062e-01	   5.0033210301584204e-02	  -2.7904803618240848e-01	   4.1194613265771812e-01	   1.8612799888864173e-01	   2.4249437788819000e-01	   1.3056094645890391e-02	   6.6546972641309310e-01	   3.8711926208460840e-01	   4.0016136100156158e-01	   2.7078827140619094e-01	   3.2246738704923811e-01	   4.1206407055537647e-01	   4.1076827605854438e-01	   2.5125881874597022e-01	   5.5032551745445489e-02	  -8.3558927739540614e-02	   1.6199336060646860e-01	   5.0579976547067612e-02	   2.4455903434061771e-01	   4.2552401009845003e-02	  -6.7838530544268527e-02	  -1.6875737995465531e-02	   4.7745904780771418e-02	   2.2824132398428282e-01	   5.2203075652995579e-01	   3.3069860439460363e-01	   5.9114764661392250e-01	   4.0341839446551198e-01	   1.4266602586013274e-01	   6.6209080294338904e-02	   4.4585430133707826e-01	   4.8322392667969460e-01	   6.6602045303257529e-01	   6.8647532165521619e-01	   6.7715121322116079e-01	   7.8080395446177320e-01	   1.3296485725311041e-01	   6.6790717081079420e-02	   3.1098678206075092e-02	   7.5691049883003708e-02	   1.8592825126076643e-01	   2.8151910758556470e-01	   4.6357895899847235e-01	   4.8374639991221891e-01	   2.3467945416054831e-01	   1.9790345718860336e-01	   2.6360333566721927e-01	   3.5365668169869197e-01	   2.0908191969640982e-02	   3.9421109236280577e-01	  -1.7146643499097183e-02	   1.8982503435006509e-01	   1.4146283492299400e-01	   7.3367961745525928e-02	   5.0348709852190854e-01	   2.5425677744698971e-01	   9.8065015574495873e-02	  -7.0066359372558479e-02	
   6.1317187412321908e-02	  -2.9506993054890962e-01	   4.8909231186623847e-01	   8.1872886124909583e-01	   6.0776139098736981e-01	   4.3394024633246864e-01	   6.3883579106222488e-01	   0.0000000000000000e+00	   6.6013130539492315e-01	   4.7550135268273330e-01	   4.7108407176891520e-01	   4.7112659136902540e-01	   5.2747481129878415e-01	   7.3095040737435557e-01	   6.6477739203914632e-01	   7.0546152319157662e-01	   3.7068769369368218e-02	   6.9081397379424560e-03	   5.6718484298020144e-01	   4.2841825614148055e-01	   8.3065978349871561e-02	   7.1191668843210168e-02	   5.6415418764819925e-01	   5.4556045295966937e-01	   1.6998773947201939e-01	   2.6718266442466143e-01	   7.3646102166924590e-02	   1.9736613077274034e-02	   2.3786955299158394e-01	   3.3620094609337520e-01	   5.0317570679479018e-01	   5.3139291194773919e-01	   2.1558531144625198e-01	   2.8169359303112462e-01	   2.6645060740664700e-01	   3.0624287124308636e-01	  -1.2317985415598875e-01	  -4.5178812338443647e-02	  -2.0575203753739679e-01	  -3.2669255884095161e-01	  -3.3994992474829477e-01	  -2.4385225460946053e-01	   1.6457913505618205e-01	   3.0501455408891397e-02	   5.2291967842734488e-01	   3.9714629525044315e-01	   1.2669768185653849e-01	  -2.3349314429645839e-02	   3.5044315164117745e-01	   1.7076267962585867e-01	   3.9331899446811741e-01	   2.4823808454918062e-01	   7.7593429357272772e-02	   1.1906284505206927e-01	  -1.5164040337076079e-01	  -6.6820222400034185e-02	  -4.4222612086490679e-03	  -3.3299633726441424e-01	   1.1221809380748350e-01	  -1.5592294682147723e-01	   3.7798589711316577e-01	   3.4192565451400558e-01	   3.7072425944806664e-01	   1.5369046277629853e-01	   6.6406859821610742e-01	   4.5245028886888106e-01	   5.8857918940837495e-01	   5.6454402271744875e-01	   1.3069954501945069e-01	   4.7478382667147456e-01	   3.6247305505884664e-01	   4.6177923645148444e-01	   7.6093265407845539e-03	   7.5882199778169152e-02	   1.5941309105922000e-01	   2.5015667116180695e-01	   2.0077294363732151e-01	   2.1252730656237814e-01	  -5.8086252335108876e-02	   1.7365642399413917e-04	   8.8889424442005469e-02	   2.5615489991813289e-01	   4.1167742316588207e-01	   2.4920858010268801e-01	   5.7157287412643976e-01	   5.1110424373037566e-01	  -1.9304342924390810e-01	  -1.3651418721218148e-01	   2.0313352827745695e-01	   4.6769023615960720e-01	   5.6389466858632697e-01	   5.6935318154132275e-01	   6.3537053385045750e-01	   5.4462765212256103e-01	   4.6966032468530622e-02	   9.2366148303297244e-02	  -8.0125851106120000e-02	   1.2470297719160028e-01	   1.4087982848928843e-01	   2.4555184314058492e-01	   4.7309909763170510e-01	   4.2065032549675363e-01	   2.6713093740564675e-01	   2.8348047749853134e-01	   3.4300963734682915e-01	   3.8961096921016769e-01	   1.0625695639069654e-01	   3.0609529881257819e-01	  -1.8708177999899475e-02	   1.6327792907103444e-01	   1.6668905910136581e-01	   8.5931339517335989e-02	   3.9562292916004005e-01	   2.9654014769585335e-01	   2.1831230160534049e-01	   4.7811689062697603e-03	
   1.5379380932725678e-01	  -2.4703980417488194e-01	   5.3098612918675470e-01	   5.7826432487196289e-01	   9.0385542077235570e-01	   6.3332984479724519e-01	   6.5155234522148930e-01	   6.6013130539492315e-01	   0.0000000000000000e+00	   6.8193199091932510e-01	   3.2693714518828110e-01	   2.1747019335582862e-01	   5.8626508808999067e-01	   4.7281900009049721e-01	   7.3099370827552057e-01	   5.6456725598386803e-01	  -2.5300980726358790e-02	  -2.0590260397718238e-01	   4.2959859663178157e-01	   2.2977117426330740e-01	   3.1269554170359537e-01	   2.9507530421448219e-01	   3.9727937513290124e-01	   3.7516443072311539e-01	   4.9174138497288655e-01	   5.2733417803888494e-01	   3.9588995201817662e-01	   3.9698335098453036e-01	   8.9456685785255438e-02	   9.3763052022998838e-02	   1.9270892215565957e-01	   1.3292574274733862e-01	  -1.4699345327110664e-02	  -3.0512982719749789e-02	   1.2387192576299615e-01	   1.0901901822162241e-01	   1.6479334258467826e-01	   8.9156270215522221e-02	   1.2711621850252072e-01	  -4.6721577994866884e-02	   4.9237905805982071e-02	   7.4898698499535399e-02	   3.9877170546216222e-02	   9.9285992067397449e-03	   3.3006941184109867e-01	   2.1056834290962378e-01	  -2.5131755919800498e-02	  -8.5136119751283740e-02	   3.5336813386011401e-01	   2.0905685248228623e-01	   4.2959662585624836e-01	   3.8483394880245542e-01	   2.4747910057479808e-01	   2.0198891519880499e-01	   8.4240173222981107e-02	   9.8873415303195933e-02	  -9.0694295506920694e-02	  -3.2047994678335034e-01	   3.3131029725427730e-01	  -3.9975034150228780e-02	   4.6523363824501018e-01	   3.4151161272505520e-01	   1.8418926786415069e-01	   5.6034904613141090e-02	   5.8723117574913497e-01	   4.5808700283014570e-01	   4.5169432660611386e-01	   2.9749990282251126e-01	   2.5990510864307409e-01	   4.0839934982306275e-01	   4.1035947999475347e-01	   3.4229354644105114e-01	   2.3153619188499575e-01	   1.2245009346876305e-01	   2.3383947843441744e-01	   2.3062734703638416e-01	   2.1771704958769000e-01	   4.0316653171543149e-02	  -7.7225231859753787e-02	  -1.7660172590401146e-01	   3.1314892259477867e-02	   1.1303552054146922e-01	   3.9336188439774189e-01	   9.7531829558601013e-02	   5.0173797768885520e-01	   4.1742117717378913e-01	   7.0311190186948536e-02	  -2.7945897846684255e-02	   4.7415656028309805e-01	   5.2383653891828019e-01	   4.6377387117455660e-01	   4.7948006128858744e-01	   4.8928655562516388e-01	   4.5483935640654993e-01	   1.8009056883932145e-01	   2.2185243892630341e-01	  -4.8755321829816178e-02	   9.5911169523119746e-02	   2.1516587493260814e-02	   1.3411791511937504e-01	   5.4456126609257360e-01	   4.3997809388126485e-01	   3.5673542299627992e-01	   3.1092887141075820e-01	   4.1566979455882369e-01	   2.3563466125432819e-01	   2.5192414382272188e-01	   4.5654442249884020e-01	   1.7262259669079849e-01	   2.7010614470493555e-01	   4.2996817725531079e-02	  -6.3384636784317244e-02	   2.0850027433579388e-01	   2.4010584018410164e-01	   2.4404981614579688e-01	  -4.8823103045699916e-02	
   2.3950116576936728e-02	  -1.3213248301970368e-01	   2.9470290798761456e-01	   4.6613400351322121e-01	   8.4009420502709931e-01	   9.2127745182799248e-01	   3.9803178556894808e-01	   4.7550135268273330e-01	   6.8193199091932510e-01	   0.0000000000000000e+00	   2.0067556203467500e-02	   1.1429766774167287e-01	   3.7553972235255739e-01	   5.1239318584046589e-01	   4.4588721067610826e-01	   5.7729558687067506e-01	  -1.1904354430600117e-01	  -1.6079604701446606e-01	   2.1853269006383980e-01	   1.3479927187573240e-01	   4.3170923349145018e-01	   5.5480547648491918e-01	   9.2517793732839471e-02	   1.3229455422277814e-01	   6.0268016759948617e-01	   6.7081873268908154e-01	   5.5046598292679394e-01	   6.1137577058199954e-01	  -7.9653087911606635e-02	   1.1992149021944017e-01	   6.5131977183250270e-02	   3.4069051117248006e-02	  -1.5074142541970265e-01	  -1.6205562840682608e-01	  -6.8859077543743666e-02	  -1.0570193769245569e-01	   1.5743168336782307e-01	  -5.7065846678190937e-02	   2.4751473516204697e-01	  -2.3070667782064326e-02	   1.2553505320446778e-01	   1.4607502516772369e-01	   2.0437778235329201e-01	   1.6395724789080737e-01	   3.2016926681739466e-01	   1.9116058563651428e-01	   1.0109532268937652e-01	   5.5763389608462777e-02	   4.7868755808362073e-01	   2.9635434209698258e-01	   4.9029216321325597e-01	   4.4833291096298944e-01	   1.9518212203512730e-01	   1.2884696987320110e-01	   1.3024046084489385e-01	   6.4555829146631799e-02	  -5.5378009689947071e-02	  -7.8818418756499392e-02	   5.5037346573164125e-01	   3.1063096760655001e-01	   4.8922479237797167e-01	   4.8397329570328840e-01	  -8.7246396527592470e-03	   5.4633264779336804e-02	   3.3922458622015528e-01	   3.2210263841800679e-01	   3.5777425547232855e-01	   1.7670895948233067e-01	   2.8699012508903987e-01	   4.3095675631345987e-01	   2.1450306868595925e-01	   3.3858761361942691e-01	   1.5624643292642099e-02	   1.5504450240473733e-01	  -7.9170473217375054e-02	   9.7276610952464787e-02	   3.3758106897316446e-02	  -1.4470215015324667e-02	   2.3286643205201046e-02	  -1.1002796211211896e-01	   5.6010874417502583e-02	  -2.4008633974729626e-01	   1.7147225359111545e-01	   3.3140925059134761e-02	   2.5038761628024886e-01	  -1.7183739536253524e-02	   4.7886541640032622e-02	  -8.3936798890865111e-02	   2.9538428899466246e-01	   4.1239031578980928e-01	   3.2070345921817878e-01	   1.7234362907974926e-01	   3.8948263626231344e-01	   7.0840032544063597e-02	   3.3416626089132739e-01	   2.8866738089637012e-01	   1.7992905882429505e-01	   1.2537877419892413e-01	   1.5404975127666728e-01	   8.3538671391275035e-02	   6.8322205039509887e-01	   4.5490337199935066e-01	   6.2989849275031917e-01	   4.9717280990283264e-01	   6.7464395867687577e-01	   3.6126945835735264e-01	   4.2724378760172405e-01	   6.2889441647912658e-01	   8.8389265804846281e-02	   2.7363490093670723e-01	   1.0269078856820263e-02	  -5.4864558186005746e-02	   9.2848282707124780e-02	   4.3135894415120712e-01	   4.5474849808270634e-01	   5.4404901466191674e-02	
   6.6264439071077530e-01	   1.1626660409482008e-02	   5.4925259969959361e-01	   3.6314044947190260e-01	   1.1302394187921463e-01	  -1.4798835117132506e-01	   6.8721914385372496e-01	   4.7108407176891520e-01	   3.2693714518828110e-01	   2.0067556203467500e-02	   0.0000000000000000e+00	   4.7426262594701540e-01	   8.3439292077043492e-01	   4.4831121647291133e-01	   6.5513703788819755e-01	   2.8777960835614197e-01	   3.3952688642785800e-01	   2.7247224288310690e-01	   7.6298665747715733e-01	   4.0396623408836335e-01	  -1.8384553049251495e-01	  -3.4471683081268195e-01	   6.2247569164959593e-01	   4.0843363153920187e-01	  -7.5495161770828781e-02	  -9.7251337092004952e-02	  -1.0334951120342110e-01	  -2.0583564299685414e-01	   3.8248502907096638e-01	   2.1845952524712295e-01	   3.9164323560101716e-01	   4.0227102299888517e-01	   3.6585709287903201e-01	   3.0982347469704735e-01	   2.6444314812463127e-01	   2.6848168537718592e-01	   1.9367059944053903e-02	   1.9018865764235990e-02	  -8.2105771227187332e-02	  -1.3447779532346260e-01	  -1.9771932858282124e-01	  -2.6269291968164410e-01	   2.0855271563407973e-01	   1.5465976715708057e-01	   2.6968586573869147e-01	   2.5374306136841535e-01	   2.9638312902715536e-01	   2.4470190673093800e-01	   1.8479930501779490e-01	   6.1218705074836954e-02	   1.9475914109111409e-01	   5.6830294771194133e-02	   2.8193132099822271e-01	   2.4843958055039078e-01	   2.0180789805259880e-01	   1.2075981449630739e-01	   2.9279642999957539e-01	  -3.4655974675553335e-02	  -1.3275309039567543e-01	  -3.8595468263024030e-01	   3.1917076539992884e-01	   1.4552297393568611e-01	   5.5289599773397291e-01	   2.0903650747805194e-01	   5.5569023479572055e-01	   2.7414783388312369e-01	   1.4515224977438951e-01	   5.5741353732246104e-02	   2.6269524637960417e-01	   2.6711987736910026e-01	   4.0413227711939792e-01	   1.7831092138849775e-01	   1.2115243635134537e-01	  -3.0391317314900815e-02	   4.0211951043711691e-01	   2.6149348423900520e-01	   3.6402511862814257e-01	   1.5999360781351524e-01	  -1.7146034201378453e-02	   2.0660718763812236e-01	   2.7699343648529334e-01	   5.2263198736994787e-01	   5.9816614753708675e-01	   3.1541036245968268e-01	   6.0745843843622238e-01	   4.4005688310279956e-01	   9.4499470989949236e-02	  -1.2221593353098973e-02	   3.8219626733689516e-01	   4.4511658933253273e-01	   4.7803378712640004e-01	   5.7899477552831402e-01	   3.9394434690283520e-01	   6.7173974948409865e-01	  -2.2038555072024968e-01	  -2.2449562786951599e-01	  -4.2680579113633973e-02	   1.3887799341492371e-01	   2.3586467616549195e-01	   3.4411066608737206e-01	   7.4379496188347591e-02	   3.6662929093680924e-01	  -9.2409258705317243e-02	  -2.3086377645919642e-02	  -1.4923765121898108e-01	   1.5258195204837510e-01	  -1.5149650195649206e-01	   1.3543190932966600e-02	  -1.7200200800847856e-01	   1.5061397079602759e-02	   2.5815132437879917e-01	   2.2301730572210060e-01	   3.9941511530642293e-01	   4.5582895093382161e-02	  -1.4064169710787322e-01	  -1.0250868170919067e-01	
   2.6302496232115713e-01	   9.5845555730173948e-02	  -3.3393252958232138e-02	   2.7328213834968079e-01	   7.2398793516867913e-02	   4.3478134157001726e-02	   2.1660882458562725e-01	   4.7112659136902540e-01	   2.1747019335582862e-01	   1.1429766774167287e-01	   4.7426262594701540e-01	   0.0000000000000000e+00	   4.8501551983670216e-01	   7.3442253159376947e-01	   4.3672611780757570e-01	   3.6938609127478189e-01	   1.9427254953271292e-01	   3.3247220587372217e-01	   4.3683007493041992e-01	   4.3583738771946767e-01	   4.8078669170462159e-03	  -2.1652714304763940e-03	   1.2230427674594659e-01	   9.6634012196239447e-02	  -2.4776748422419462e-01	  -8.2757955772502584e-02	  -9.2772708375192234e-02	  -1.7966758078372369e-01	   4.9354022755846993e-01	   6.0060318218521469e-01	   1.8111941746588600e-01	   2.7585041382456743e-01	   3.7790506625093867e-01	   4.7406493549387763e-01	   1.5712133603194022e-02	   1.2154519361337196e-01	  -2.1242891840426403e-01	   7.6206868229570207e-02	  -8.1929331887346551e-02	  -9.0781243206910264e-02	  -2.6808585396534390e-01	  -7.6785987919688894e-02	   9.4968588823126282e-02	   6.5221291643739826e-02	   1.3029691802555435e-01	   1.4989861056639930e-01	   2.9533410173921854e-01	   2.1451128740729783e-01	   3.8293450648053104e-02	   6.6490775080138023e-02	  -2.0747733104816837e-02	   9.8283990120904274e-02	   2.2375940972544606e-01	   1.6909115946021699e-01	   1.1350506246517110e-01	   2.6649034250666015e-01	   6.2919269826841262e-02	   7.4664232086223428e-02	   8.6495414923472347e-02	   1.1504553244402202e-01	   3.6224847844463992e-01	   5.8488847557529233e-01	   4.5201047341355194e-01	   5.9653175649460755e-01	   2.2121940049341610e-01	   3.0719885496526345e-01	  -8.2305574187865986e-03	   8.6823010525527905e-02	   6.1749170090924170e-02	   2.5232191416988919e-01	   1.8216545356457298e-01	   3.4115950758672281e-01	   2.0335035870403134e-01	   3.4742812157203790e-01	   3.7352492563974127e-01	   4.3820650005647505e-01	   1.5894515529347705e-01	   3.1176177080750578e-01	  -8.7380848855505205e-02	   2.7467679819131424e-01	  -2.2433461908117625e-02	   1.9676688297901018e-01	   2.7022464693157483e-01	   1.5161227448041817e-01	   1.2505565011868858e-01	   1.5581950505590642e-01	  -1.3311633828204278e-01	  -1.4606879407950388e-01	   4.1792099721103149e-02	   5.2058206338211821e-01	   3.9522986355204476e-01	   3.9674590202563970e-01	   3.5022351362525361e-01	   2.5386401958235866e-01	  -1.1674226520364947e-01	  -1.0798316689947049e-01	   1.6361668959626218e-02	   2.0918955198667166e-01	   3.4322640076678346e-01	   3.6944874090499169e-01	   2.8317718563646360e-01	   1.8310277132575120e-01	   1.3675402056070429e-01	   5.5852851948235849e-03	   6.4219385672234064e-02	   1.3142495853835509e-01	   1.3468043751279313e-01	  -6.1067454163348397e-02	  -1.4744292625569705e-01	  -1.0877650913950411e-01	   1.1799568777559311e-01	   2.4332883401365968e-01	   3.4692279366543677e-01	   3.2247975826052788e-01	   1.4652937399933921e-01	   7.2144052745481871e-02	
   5.5421312837932279e-01	  -1.2069439807747057e-01	   6.1782843879642912e-01	   4.5080208282358392e-01	   4.3524904906593631e-01	   1.9287396166941626e-01	   7.6798272040126314e-01	   5.2747481129878415e-01	   5.8626508808999067e-01	   3.7553972235255739e-01	   8.3439292077043492e-01	   4.8501551983670216e-01	   0.0000000000000000e+00	   6.1301982666907096e-01	   8.2311215640471780e-01	   5.2369924400594436e-01	   1.4573473571041295e-01	   5.0325940095975158e-02	   6.7301052454781318e-01	   2.8138525989197849e-01	   2.4781874730930749e-02	  -7.1348382233528476e-02	   6.2336478292449460e-01	   4.2152040978423766e-01	   2.3611307909556917e-01	   1.9872136802619600e-01	   1.2106193212999061e-01	   1.0021273892775179e-02	   3.1468710557415402e-01	   2.2885878877515936e-01	   3.7756528366672715e-01	   3.3608343313998434e-01	   1.4704853580623689e-01	   9.7948946221852531e-02	   2.1152309939527303e-01	   1.5709552850930383e-01	   1.7675182088047331e-01	   5.2181214409595562e-02	   5.9339360570322824e-02	  -8.1491289560882779e-02	  -3.4883667085901258e-02	  -7.2269710472833676e-02	   2.2273772546146031e-01	   1.8856885411954305e-01	   2.9706615010940507e-01	   2.4058266415636631e-01	   2.7481832961391789e-01	   1.7370379224803212e-01	   3.3770567746474422e-01	   1.7922567027850311e-01	   3.8806172580097142e-01	   2.7384816498424253e-01	   4.6032751289124307e-01	   3.8751827176368936e-01	   2.8070309653939540e-01	   2.0121131248987001e-01	   8.5254644667357327e-02	  -1.4437488601853854e-01	   1.4094579991864098e-01	  -1.5296480744337304e-01	   4.6310898539435474e-01	   2.9389766068374368e-01	   3.6772230008666629e-01	   1.5725944489047683e-01	   5.8458773340489378e-01	   2.7283142196499438e-01	   2.0768317408922754e-01	   3.4368611285932285e-02	   2.8362705058802423e-01	   3.0632256891630394e-01	   4.9942821093666168e-01	   3.1103785135078704e-01	   1.3500039292427923e-01	   5.2408328029007314e-02	   3.1432585822119591e-01	   2.3845468826874569e-01	   3.2997151612844428e-01	   7.0875709491966504e-02	  -6.6021239502501064e-02	   2.9247726096518933e-02	   1.7380856753811891e-01	   2.3802381610766332e-01	   5.5084975406857306e-01	   2.7706141260704287e-01	   6.1853873487180910e-01	   3.0996437016517953e-01	   7.7957678847665496e-02	  -5.4213775402000758e-02	   4.8962448368965511e-01	   5.5311012705842311e-01	   5.0139346125213757e-01	   6.0552541093143986e-01	   4.7572726594916587e-01	   6.7696006974932388e-01	  -8.6634692848844605e-02	  -8.9733769545288417e-02	   2.0355842277066067e-02	   1.4775084904409733e-01	   1.9538680786473353e-01	   3.2323122721832920e-01	   3.2591590678086951e-01	   5.3788988604449484e-01	   1.3728966807428164e-01	   1.4352081178595125e-01	   1.9128723189355892e-01	   3.1516178887362800e-01	   6.5633501278346468e-02	   1.9794826642175278e-01	  -9.5893172411982613e-02	   1.1770738115170434e-01	   1.5589279930510735e-01	   9.2519745696895930e-02	   3.9749081947110587e-01	   2.3695964287369031e-01	   1.3522006889405486e-01	  -4.5642816671341499e-02	
