   0.0000000000000000e+00	   4.7904410641542305e-01	   2.0299639046137549e-01	  -2.4074957206294982e-02	  -3.6739496429336313e-02	   2.9961400850795605e-01	   3.2447177421569356e-02	   1.1959202719157028e-01	   2.7287246040340718e-01	   3.8784786298063467e-01	   6.3622680337836512e-01	   5.0659510239929939e-01	   4.4841784468094170e-01	   4.4923600865222907e-01	   1.9353859244672708e-01	   2.1132417554824584e-01	   3.5008455140878036e-01	   2.3087961674428042e-01	  -6.0392539754699430e-02	   5.5083295886465260e-02	   1.6090120360053778e-01	  -6.9980947464375873e-02	  -1.4309537514942283e-01	  -1.4379528513151910e-01	  -1.6784623952804451e-01	  -1.3415891068145047e-01	   2.4389265538666789e-02	   6.6842043403782275e-02	  -2.5004281758993774e-02	  -4.3191490954534492e-02	  -2.3351382971205042e-01	  -8.5960605064541368e-02	  -1.5595310597044965e-01	  -1.9898550285662869e-01	  -1.4691199344420458e-01	  -2.6012063240651540e-01	   2.7057498183143697e-01	   1.3219791260019992e-01	   2.9962051991785871e-01	   3.7724882392205289e-01	   1.5015141039915750e-01	   1.2064903776808211e-01	   3.5109878499935698e-01	   3.4623752168321542e-01	  -2.5679250334023053e-02	   5.4019613498083333e-02	   4.2520681362113810e-01	   2.8401129461475016e-01	   4.2738247728389223e-01	   2.0231866740963128e-01	   5.4021158455874629e-01	   3.2953778133221034e-01	   5.3399760338990110e-01	   2.3206960785624303e-01	   6.5200806948362588e-01	   3.9396209556330464e-01	   4.3579853850090067e-01	   4.2775311094552310e-01	   6.0593802105800487e-01	   3.2402695370249146e-01	   6.4188991497364856e-01	   3.5461031648939012e-01	   2.2215757136799286e-01	   3.0628772418095479e-01	  -1.3519049774641401e-01	   8.5406856678466078e-02	   1.3874185250054236e-01	  -4.2543590229730491e-02	   4.4823038226051759e-01	   3.5266914818438244e-01	   1.7501589943026113e-01	   1.2838433047057993e-01	   2.1295359096827038e-01	   1.3340250831632611e-01	   3.4252995934041713e-01	   2.3197253051849326e-01	   3.1737274289018624e-01	   1.0978815444356119e-01	   2.2573921802960972e-02	  -3.9417850810672585e-03	  -1.2947829271857705e-01	  -1.0995101147704120e-01	  -1.7576463491321631e-01	   3.9667296826931660e-02	   4.4859362578964140e-02	   1.8714208093007878e-01	   1.3912617550742445e-01	   9.8946693358881288e-02	   5.7261821072877828e-01	   3.4652715230537667e-01	   2.2623953116247644e-01	   1.5723268837115967e-01	   1.1144863012414036e-01	   1.6727444880008360e-01	  -5.5549193500940716e-02	  -6.6830122836541481e-02	   1.3848597765691625e-01	   7.4382035654538603e-02	   4.0048386873062763e-01	   3.9663286813211812e-01	   3.0398464416565257e-01	   4.3762485289939429e-01	   3.6093589334105669e-01	   5.7371345066084711e-01	   7.7036100793944060e-02	   1.3892408844972125e-02	   1.2760653798915425e-01	   2.0913820565740832e-01	   1.0806589007094909e-01	   1.2240645055955794e-01	   2.7566396379046881e-01	   9.2387124125509784e-02	   1.0103213651337684e-01	   9.9403142462422003e-02	   1.3683291981542228e-01	  -1.1544686963659902e-01	
   4.7904410641542305e-01	   0.0000000000000000e+00	  -1.5438804115266741e-01	  -3.3591593250233093e-01	  -3.0752810324796154e-01	  -1.8269612575300601e-01	  -4.5855714325113250e-01	  -3.3966023905977027e-01	  -4.1111002008158609e-01	  -2.2724871633476418e-01	   1.6941359558521185e-01	   3.6783430123316596e-01	  -2.2726098430631891e-01	   7.1035162673168326e-02	  -2.2251145758324081e-01	  -1.5077216062353516e-01	   4.1420821579934242e-01	   5.1807614045630646e-01	   3.5689854669048837e-01	   4.9082173377252214e-01	  -1.0280282631278845e-01	  -6.5171494019421558e-02	  -2.4577800647137699e-01	  -2.7143737542718449e-01	  -2.7814751755755118e-01	  -3.3106882695015238e-01	  -1.9362547951092635e-01	  -2.0240204757349500e-01	   1.3245137749687544e-01	   1.3760495707475501e-01	  -2.5372507678543366e-01	  -3.7687105357780609e-01	  -5.9220639928847907e-02	  -1.3675208828320315e-01	  -3.9122045473427730e-01	  -4.7819211273987106e-01	  -1.0739463382606427e-02	   2.7237698686854583e-01	  -1.2580067531621333e-01	   3.0825831386667740e-01	   2.5235930341282331e-01	   1.9710379305697434e-01	   2.3534370440522215e-01	   2.7858140852525726e-01	  -2.5500420602193624e-01	  -1.1582086419371172e-01	   2.0566377796663493e-01	   1.5101981284190669e-01	   5.8292849927695067e-02	   2.1105605859387405e-01	   2.7049889304384626e-03	   1.8941646915543470e-01	   4.4204457255801816e-01	   2.8363749322183207e-01	   3.7351186916706924e-01	   3.3973696652598923e-01	   6.0164216312841090e-01	   7.2355939679019499e-01	   1.6666083760715922e-01	   2.8599753565275421e-01	  -5.0446895954393375e-02	  -3.0351542400991895e-02	   3.2521693255876338e-01	   4.2640824006252298e-01	  -5.8562232231261846e-01	  -4.0866442823706822e-01	  -2.6397729045691709e-01	  -3.4031313328331758e-01	   4.7158736567740112e-01	   3.4829720966300987e-01	  -1.0329536726604091e-02	   1.1789033655085952e-01	   4.7251048353412128e-01	   5.9386057361237876e-01	   4.2193263469008618e-01	   6.1225203683169327e-01	   2.9633238015067492e-01	   1.3356040540234934e-01	   2.5271763797692487e-01	   1.8849533778876029e-01	   3.0561151570540668e-01	   1.5470594419286010e-01	   1.3059134946053402e-01	   1.1665603988033205e-01	  -1.5043982211095080e-01	  -4.6037632862719211e-02	   5.1037364111974515e-02	   9.6149542139871064e-02	   5.0065280018364577e-02	   8.0951508213904608e-02	   4.6899258039351008e-02	   2.1140198723896331e-02	  -1.3969776442154438e-01	  -1.8097352600862390e-01	   1.0882480645154782e-01	   9.4728351270293748e-02	   9.1929695696215091e-02	   1.6819722534432918e-01	   3.4732918359718379e-01	   4.0774566529518341e-01	   1.6461717760930866e-01	  -1.4202048688269181e-01	   3.5609524316571950e-01	   1.8954084607026583e-01	  -8.1708213293184034e-02	  -1.9625080066477774e-01	   1.1430826882029413e-01	   1.3159443681359603e-01	  -1.6227248433851562e-02	   2.4899108542334764e-01	   1.5996832069921846e-01	   2.2411972322817675e-01	   2.6565648216384529e-02	   5.6606902178977445e-02	  -1.7084961240638652e-01	  -1.2898072652112125e-01	
   2.0299639046137549e-01	  -1.5438804115266741e-01	   0.0000000000000000e+00	   4.4291179383890494e-01	   5.5426565456280596e-01	   6.3954983374772689e-01	   5.4551302612986174e-01	   2.9358225758497392e-01	   6.3078067461142084e-01	   6.2989575352054028e-01	   4.0833240386175507e-01	   1.9293231189699750e-01	   5.4708470040012225e-01	   3.5417276462630903e-01	   8.0918881591653447e-01	   7.0243552803943476e-01	  -1.3827388785208874e-01	  -3.0439272163965503e-01	   2.6096896431202155e-01	   2.0058435607434849e-01	   5.2335164928303013e-01	   3.5598559723756451e-01	   7.3773857266505516e-01	   5.9557015854157513e-01	   6.3365277435011680e-01	   5.0348893041657272e-01	   5.7790011464085045e-01	   6.0375848503692087e-01	  -2.0806409693947975e-01	  -2.0646133175499748e-01	   4.8584769978870057e-01	   5.3547697345172673e-01	   1.5731959191741759e-01	   3.2732779444920611e-02	   3.6688956759439295e-01	   1.2067153524838710e-01	   4.1448890594065385e-01	   1.2534092597240160e-01	   5.0932694993746430e-01	  -5.2484300315661786e-03	   3.5202535783580471e-02	  -2.1253252897488743e-02	   2.3466425124708679e-01	   2.0204930573955848e-01	   2.3199658453774463e-01	   8.0018213182669912e-02	   3.7472618549215930e-01	   3.1457415148870638e-01	   3.1893062793598215e-01	   2.4114468113389062e-01	   5.8724711657418527e-01	   3.9137498467888282e-01	   3.3291766270685708e-01	   1.1888444389060401e-01	   3.9421909425644724e-01	   2.5120771387834490e-01	  -2.9304970991767626e-01	  -1.2558115520021967e-01	   3.5532230483090288e-01	   1.5503694236788662e-01	   3.1074535564543482e-01	   2.7602196904207921e-01	  -3.5358831284892211e-01	  -1.5873466802721553e-01	   5.8063927821384631e-01	   4.4014083205117011e-01	   3.8686229596342830e-01	   2.7214699781960794e-01	   2.1483445396194303e-01	   4.0321137030321197e-01	   5.0489421092744113e-01	   2.9083851346115752e-01	   5.4092145763766891e-02	  -1.3330839711688652e-01	   2.5994600070739021e-01	   2.8683861919537468e-02	   1.7814204381293379e-02	  -1.0215333056179648e-01	  -3.0762764276650111e-02	  -2.4125918523406284e-01	  -4.9605259448470695e-01	  -2.1356988619429629e-01	   1.7446540958243656e-01	  -2.8339020615783750e-01	   4.6881757398874380e-01	   3.7539862062274720e-01	   3.6366181308430345e-01	   2.0547510196604915e-01	   6.4831939761851987e-01	   6.3739784634559138e-01	   5.8331859802105890e-01	   6.4019635419748733e-01	   5.6377964339811659e-01	   7.0092404189711166e-01	   7.3968142785093727e-02	   1.7474788215940028e-02	   1.9795171099698833e-01	  -4.2594373077825216e-02	   2.5220975344527374e-01	   4.3808386028254598e-02	   3.8264167820357625e-01	   4.6692706509819537e-01	   1.7779503181473955e-01	   7.0782357347382627e-02	  -1.2466028974532700e-01	   2.2477048087127283e-01	  -1.9681697898011147e-01	  -7.4906554390814922e-02	   1.0577585967496964e-01	  -9.3067768163283826e-02	   2.9709984870752104e-01	   1.8819103512633767e-01	   1.7059840839665308e-01	   8.6774393210211548e-02	   2.1778287017738845e-01	  -1.7615146414082292e-01	
  -2.4074957206294982e-02	  -3.3591593250233093e-01	   4.4291179383890494e-01	   0.0000000000000000e+00	   6.9162483671047759e-01	   7.8653179831457032e-01	   6.6584792129222903e-01	   8.2138595150736238e-01	   5.2991224464246567e-01	   6.0668429877382335e-01	   8.9235671389221616e-02	   2.6857372214596847e-01	   4.9533770589055381e-01	   4.5553061867107547e-01	   2.7457907321511843e-01	   5.7593665218353407e-01	   1.9505301103207628e-01	  -2.3542215982879651e-02	  -6.5221788388383786e-02	   1.6425839339548359e-01	   4.3416514088541414e-01	   4.5775588666516603e-01	   1.3251348360319692e-01	   4.8761683360568764e-01	   2.5486921387202943e-01	   4.2078940701070283e-01	   2.8931428131691056e-01	   4.0915515153935877e-01	   6.9226564186150766e-02	   1.6582327457958013e-01	   3.4859346069752778e-01	   7.5779820264543285e-01	   4.5064862315696019e-01	   5.5506306610371847e-01	   1.1689386874679129e-01	   2.6363450174452246e-01	   2.4679880906075946e-01	   2.4666124344200008e-01	   4.2780618914907542e-01	   7.2670452606304739e-02	  -1.8804142066210991e-02	   1.8160573732786345e-01	   9.1658608324394070e-03	  -2.3074668269989915e-02	   3.1892500056972944e-01	   2.5282571853137270e-01	   2.2821195394065502e-01	   2.7434757570972812e-01	   2.9596437375076867e-01	   9.2337101794081042e-02	   5.1304019998324291e-01	   2.1244583152020846e-01	   1.2013926669715019e-01	  -1.1829425147045833e-01	   2.4396370190944711e-01	   1.5765896227148898e-01	  -1.6421183969193037e-01	  -2.6051907643123129e-01	  -5.0038251395618044e-02	  -1.4736905470007827e-01	   5.4771939521654922e-01	   6.1832771798699326e-01	   1.3205927747580407e-01	   1.9786755153388821e-01	   6.6140076568630557e-01	   7.4084456637452600e-01	   3.9214018519083060e-01	   4.5215109864050429e-01	  -1.7765889567543697e-01	   2.4719130795023248e-01	   1.4437298621532135e-01	   3.6829943489318595e-01	   4.7726628409207980e-02	   1.3605798465897329e-01	   1.7983609940612513e-01	   4.0011558935906459e-02	   1.1699364861514561e-01	   3.1149012750490285e-01	   1.1215111083464688e-01	   4.9055889895909262e-02	  -1.2139036982084187e-02	   2.1312020123647921e-01	  -2.8234874981986924e-01	   1.3660471217835329e-01	   1.3428568706786009e-01	   5.1307130664373690e-01	  -2.5803657359578508e-01	  -4.7485894071510631e-02	   4.9742915646147556e-01	   5.1374740103254180e-01	   5.4543220126060232e-01	   1.7563150219333554e-01	   5.7749603112113324e-01	   2.7069972772935852e-01	  -1.7533865037969742e-01	  -1.6682120088061572e-01	   1.4853756356403008e-01	  -1.0086366640623015e-01	   2.6285918638406214e-01	   4.8394746779352238e-02	   4.7844350408821645e-01	   4.8763085793628769e-01	   1.3480141838451987e-01	   3.9641106696408568e-01	   2.1039652757629257e-02	   2.2436037812278917e-01	  -2.5354763347210307e-01	  -1.6122392858012038e-01	   2.1592252962229186e-01	  -2.3224832591658789e-01	  -9.0561701480544515e-02	   1.4013827031784049e-01	   1.8518394872913191e-01	   1.4576687804602828e-01	   2.2400804722150253e-01	   1.1494735842652765e-01	
  -3.6739496429336313e-02	  -3.0752810324796154e-01	   5.5426565456280596e-01	   6.9162483671047759e-01	   0.0000000000000000e+00	   7.4534821401778961e-01	   8.4422961928071483e-01	   6.8045827197698028e-01	   6.7112220741004514e-01	   5.1726855592622079e-01	   1.4334262123833455e-01	   2.2130239117244160e-01	   5.3793041642213646e-01	   4.2599480837347836e-01	   4.7352840339001134e-01	   4.8124371035930513e-01	  -1.4717419847581752e-02	  -9.9091701102479141e-02	   1.0027130673173175e-01	   3.9105825441329578e-01	   6.6652718760961738e-01	   6.6868706707323278e-01	   4.3551999178366529e-01	   3.5715185482393202e-01	   6.0003475667329087e-01	   6.3929261570614160e-01	   4.9006314541978724e-01	   5.5432002113735090e-01	   2.0737029949193009e-01	   2.5519186250396253e-01	   6.3827556970671329e-01	   6.4305090017178723e-01	   5.1759276991310654e-01	   4.4394130249630909e-01	   3.4207588658276139e-01	   3.2978561425607089e-01	   4.0548556006793396e-01	   2.6948757141243573e-01	   4.7212249924663957e-01	   5.6740425736800902e-02	   9.9688333228823311e-02	   2.7285230915047831e-01	   2.6295519193876321e-01	   2.4120025114575649e-01	   6.7037392710393351e-01	   4.9689448371680583e-01	   3.3363474253223036e-01	   3.7458601651171675e-01	   4.6206710716952654e-01	   3.2040071524645131e-01	   4.9611247415434451e-01	   3.0695707453136339e-01	   1.7780161215848517e-01	  -5.9753067646486940e-02	   3.1827343140839270e-01	   2.3720613227713272e-01	  -3.8551746731379843e-01	  -3.4161536981624541e-01	   1.2884889790257747e-01	   2.0117071478764154e-02	   3.4269979608810786e-01	   3.4409039851506584e-01	  -1.7305257810222147e-01	   1.1099290233871063e-02	   6.0561030614743805e-01	   4.3937113285543794e-01	   6.3141298139699675e-01	   5.8477791447165017e-01	  -8.6752902511290281e-02	   3.0297899848406035e-01	   2.5150870256888413e-01	   2.0414223735112844e-01	   9.0662425419164014e-02	   3.9847276513051783e-02	   1.9042749431307690e-01	   1.1408786231247159e-01	  -1.1201444814968660e-01	  -3.1149235537272637e-02	   1.2517770525613794e-01	  -4.3627582658636282e-02	  -1.5376344164628730e-01	   1.8987476070498704e-01	  -5.1396553077126164e-02	   1.2300599664277553e-01	   2.4464973046080712e-01	   3.9515880166354750e-01	   5.1905065759387421e-02	  -4.5329514185067477e-02	   3.5804980046631851e-01	   3.6675103676406212e-01	   4.9045097123712533e-01	   3.2419279227720876e-01	   4.5817185843891872e-01	   4.1596003842173679e-01	   1.4062623463076132e-01	   8.7324532229992494e-02	   1.8349260340764223e-01	  -6.9211149600008293e-02	   3.0003804954062718e-01	   2.1339369045153694e-02	   5.0140149144926072e-01	   5.5879053893016328e-01	   1.3751732562712904e-01	   1.6709134578324975e-01	   1.5000999944608705e-02	   2.1808451886405159e-01	  -2.5946161410174789e-01	  -1.3846603975729649e-01	   3.5253188538981928e-01	  -4.0278854248646787e-02	  -9.7107733702246374e-02	   2.3622045409319936e-01	   1.5626146778280417e-01	   2.3117437598760338e-02	   1.3574872652461445e-01	  -2.6161230679614005e-02	
   2.9961400850795605e-01	  -1.8269612575300601e-01	   6.3954983374772689e-01	   7.8653179831457032e-01	   7.4534821401778961e-01	   0.0000000000000000e+00	   6.6304814596257611e-01	   7.4646196912797436e-01	   7.7027639486231436e-01	   8.8397807408641160e-01	   3.5098438119198039e-01	   3.9768657143847042e-01	   6.5093424297016567e-01	   5.9805096405971048e-01	   5.4673801264775679e-01	   7.7322211105952965e-01	   4.9792880056362149e-02	  -1.3860310331671150e-01	  -9.2726114034935442e-03	   2.2964115190881496e-01	   5.8960986311674746e-01	   5.8074181580325701e-01	   3.1674584585162380e-01	   5.1855794193095639e-01	   4.7329303176272586e-01	   6.2104510325449769e-01	   4.7027960213025832e-01	   6.0026228573335905e-01	  -7.8172798906809060e-02	  -1.0032043347894199e-03	   3.5806970313977737e-01	   7.3315042468147906e-01	   3.1022280640253053e-01	   3.2920613915502062e-01	   2.8582031164762345e-01	   2.8739793971438204e-01	   4.8616016257687594e-01	   3.8125276585998569e-01	   5.6494792173887021e-01	   3.1045186450689383e-01	   6.1446605029968127e-02	   2.8273594033702443e-01	   2.7809326771180376e-01	   2.9331424289128860e-01	   4.2955120568085425e-01	   3.4973857819269843e-01	   4.4315195982471622e-01	   4.4729831740488046e-01	   5.4091314824744630e-01	   2.9144351868773816e-01	   7.5879927239668532e-01	   4.2530804179025788e-01	   3.8658744432179781e-01	  -2.3943955113051779e-02	   5.4544218284997437e-01	   3.5855566278129569e-01	  -9.7454628560795620e-02	  -1.6284117837737938e-01	   2.3550335433345215e-01	   5.2515895719508682e-02	   6.2020302954566409e-01	   6.6536037180423457e-01	  -1.7289054605950152e-01	   4.4924394688848499e-02	   6.2127657511464607e-01	   7.4563496455594347e-01	   5.4526677116444100e-01	   5.5805249276003377e-01	   1.1553468189877959e-01	   5.0815952758627603e-01	   2.9832322391638161e-01	   4.2852305455186024e-01	   9.7667854088352296e-02	   1.1748791567710432e-01	   3.3671969032404558e-01	   1.9057063514269390e-01	   9.6325369934281785e-02	   2.1347579457581758e-01	   3.4924272331286595e-02	  -5.3802472563373366e-02	  -2.7638960125524825e-01	   4.8379962174669881e-02	  -2.0086960349845809e-01	   9.6445563179616261e-03	   3.0117630364400499e-01	   5.8361937741264769e-01	   7.1617086857901413e-02	   1.5668627660569642e-01	   7.7677764678149019e-01	   7.7201615705996063e-01	   7.0987077685673339e-01	   4.6055522231081586e-01	   7.2873171904892531e-01	   5.4638000325143243e-01	  -1.5523522557761592e-02	   1.4070435257197892e-02	   2.8766581113907458e-01	   1.8091276536772782e-02	   4.1720602073179280e-01	   1.5737860143844146e-01	   6.6211817797465677e-01	   7.1693373272359218e-01	   3.4157065492554400e-01	   4.4139036107334761e-01	   1.8739881812716697e-01	   2.7499905982147915e-01	  -1.6236472069165236e-01	   3.6141733577397993e-02	   2.2228137547674404e-01	  -3.8690372343731710e-02	   2.1808294829372027e-01	   2.6757755031514929e-01	   2.0762105334916856e-01	   1.9662517445596464e-01	   3.4458937443105975e-01	  -4.4429233770495374e-02	
   3.2447177421569356e-02	  -4.5855714325113250e-01	   5.4551302612986174e-01	   6.6584792129222903e-01	   8.4422961928071483e-01	   6.6304814596257611e-01	   0.0000000000000000e+00	   7.9186076284153772e-01	   7.5766271989196809e-01	   5.9727010863268437e-01	   3.0378813519105596e-01	   3.1554063566302781e-01	   6.7611382703541056e-01	   5.0062897602244050e-01	   5.5343881339268819e-01	   4.8943305964322664e-01	  -2.6229023153115306e-02	  -1.4717263449776463e-01	   4.3447899642657759e-02	   1.9976408279837554e-01	   5.2938619357516847e-01	   4.1347735664941382e-01	   4.2157142188695079e-01	   3.1470921418149789e-01	   3.9775511791056095e-01	   4.2634047215843174e-01	   3.1641831267949000e-01	   3.7086908154927056e-01	   2.5403482588537979e-01	   2.5392824150412047e-01	   6.3591889469750651e-01	   6.5605478778450843e-01	   3.8183874703455595e-01	   3.4954763191966298e-01	   2.5432890490497029e-01	   2.0971979720576733e-01	   2.9424001453100723e-01	   6.7222030677404315e-02	   3.9942669987738549e-01	  -6.3815473613928919e-02	  -1.4713596995815953e-01	   7.6658907066375584e-02	   1.9546759737629421e-01	   1.8198853169017121e-01	   6.0124480321502849e-01	   3.8935811009713073e-01	   3.2735537845227003e-01	   2.9672474581308173e-01	   5.0531102946744244e-01	   2.6121071378895744e-01	   4.7202270538457758e-01	   2.6347030142692296e-01	   1.8803602639478401e-01	  -5.5310869411263813e-02	   2.3571565122090199e-01	   1.4803281974714197e-01	  -4.5135931828409415e-01	  -4.2814196097963764e-01	   1.7280718568959835e-01	  -3.0789525855709893e-02	   5.1278888529731304e-01	   4.8463244423405805e-01	  -1.6420654802782539e-01	   3.1577673160356423e-02	   7.6441937278861538e-01	   4.7687090908274410e-01	   5.7645316302947758e-01	   4.8311411973219187e-01	  -1.4325531014782927e-01	   2.3910951758171883e-01	   2.7558978455324401e-01	   1.7340496607633374e-01	  -4.1018940512006233e-02	  -1.4337036397552988e-01	   6.1499837048795331e-02	  -4.1718376935854104e-02	  -1.3748814034539358e-01	  -8.1897093425658138e-02	   6.3385036866400651e-02	  -5.2388450064562449e-02	  -2.6962134812404054e-01	   8.9495533208054534e-02	  -1.3380560843219463e-01	   6.1729553358753367e-02	   2.5532273942175776e-01	   3.1037595644542443e-01	  -2.5455034241896254e-03	  -7.5350790733861583e-02	   3.4811014772537541e-01	   3.1809307848863749e-01	   4.6746125144535050e-01	   3.4126731334728960e-01	   4.3567080149998472e-01	   4.6017023893777875e-01	   3.0882133584106609e-02	  -1.1544150182803685e-02	   5.5922031658269334e-03	  -2.2036921875576326e-01	   2.3017213280300425e-01	   2.1187768954326759e-02	   3.7462956245183066e-01	   5.8429023862840523e-01	   1.3633233940017257e-02	   2.0219743724704192e-01	  -8.1674063317023121e-02	   2.0178115819583439e-01	  -2.3852253326631212e-01	  -1.1820322088076582e-01	   4.0233238464822180e-01	  -6.0308879386975156e-02	  -1.9230603198744134e-01	   1.5569665447245751e-01	   2.1639030473271592e-01	  -3.9613734769861013e-02	   1.3800410281159953e-01	  -9.2886363611105610e-03	
   1.1959202719157028e-01	  -3.3966023905977027e-01	   2.9358225758497392e-01	   8.2138595150736238e-01	   6.8045827197698028e-01	   7.4646196912797436e-01	   7.9186076284153772e-01	   0.0000000000000000e+00	   5.6587909770111988e-01	   6.4368289900272790e-01	   2.9756031122778676e-01	   4.8855686523586050e-01	   6.7101322588889145e-01	   6.4252741503716826e-01	   2.8181963675148114e-01	   4.7652815377478053e-01	   2.7752160478298410e-01	   7.9724979411480462e-02	  -7.7450956687238892e-02	   1.2718791194849524e-01	   4.6343101703265172e-01	   4.4395480984071134e-01	   2.2432144377973320e-02	   1.8209007617879824e-01	   1.5119729180350927e-01	   3.0411314754319518e-01	   1.5584138245131296e-01	   2.6628637976650305e-01	   3.3716068655124071e-01	   4.2703175920594039e-01	   4.2178597976981758e-01	   7.1572270373436420e-01	   5.0740718877540258e-01	   5.8209456499704215e-01	   7.8229739599361588e-03	   1.0907060135445225e-01	   2.4522588496558625e-01	   2.0590429069854727e-01	   3.8229935338186705e-01	   8.7858108757960185e-02	  -5.5254116803406188e-02	   2.1426642314642655e-01	   2.1979900899296695e-01	   2.0881592298565388e-01	   5.0844370787440529e-01	   4.5366259868788200e-01	   4.2602597812817733e-01	   4.4650052166907417e-01	   5.5338911457264317e-01	   2.9748151540002160e-01	   4.8764825681270513e-01	   2.6407571041248556e-01	   2.0483413311370557e-01	  -8.3459603324306852e-02	   2.7416359545356050e-01	   2.0199256206378643e-01	  -2.1661874761967015e-01	  -2.8372994680551245e-01	  -6.7938411743371119e-02	  -1.9312428267873549e-01	   6.5939430837677460e-01	   7.8816707862735946e-01	   8.5964840878274371e-02	   3.0920886020889948e-01	   5.7844511905229246e-01	   5.9099370753857761e-01	   3.8332306048259912e-01	   4.0593497516526589e-01	  -1.6213489234561451e-01	   3.0181498399762013e-01	   1.7511710330518868e-01	   3.0283730025122368e-01	   1.9425522004787948e-02	   6.5428916268372425e-02	   9.8553920911676668e-02	   3.4147999997795948e-02	  -4.0219743799806917e-02	   1.5961074602080388e-01	   1.9493771884860250e-01	   1.1746261987505341e-01	   9.2497639420863545e-03	   2.3142372781718629e-01	  -3.2501221666618502e-01	   2.8706204158717386e-01	   2.0350133172246619e-02	   3.2191411769820377e-01	  -3.3129792797382845e-01	  -2.2704277162837661e-01	   3.8597447823566072e-01	   3.6586873289554217e-01	   5.2441697231363738e-01	   1.5696593082604079e-01	   4.4548320254686991e-01	   2.1951904810213885e-01	  -1.2275684960919858e-01	  -5.9487669130813450e-02	   8.8185368492931460e-02	  -1.0246276720655362e-01	   3.9109477459418002e-01	   2.4457614558388102e-01	   5.2567838310087489e-01	   5.4710768710794144e-01	   9.5079093391624153e-02	   4.0869182024221828e-01	  -1.2691236396273339e-02	   9.4345775350598876e-02	  -2.6259222769413637e-01	  -1.8443843908947266e-01	   3.5037807220493677e-01	  -7.2789546295345300e-02	  -2.3961178446098103e-01	   2.9436455017978014e-01	   3.9062205949988993e-01	   1.8528477743929817e-01	   2.7194328388428962e-01	   1.6275734191035174e-01	
   2.7287246040340718e-01	  -4.1111002008158609e-01	   6.3078067461142084e-01	   5.2991224464246567e-01	   6.7112220741004514e-01	   7.7027639486231436e-01	   7.5766271989196809e-01	   5.6587909770111988e-01	   0.0000000000000000e+00	   8.5049449534122812e-01	   3.5246519836357237e-01	   2.2444547624792524e-01	   6.7998528240722045e-01	   4.1588768920698593e-01	   7.4974286101157706e-01	   6.5746258023077442e-01	  -1.8670995409655264e-01	  -2.9926632932928465e-01	  -1.2183201309265168e-01	   2.6191151817580707e-02	   4.7106634758619803e-01	   2.4984752735008492e-01	   4.8108397571645295e-01	   4.3317702287691395e-01	   3.9079300168981645e-01	   4.8018070635112331e-01	   3.4538128897682524e-01	   4.0298604922385578e-01	  -9.8439941073738435e-02	  -1.6550132590653410e-01	   2.5907503663815934e-01	   4.5987113950528230e-01	  -3.8309189408078689e-02	  -4.3332398664127414e-02	   3.3091983340933984e-01	   2.3360896006781545e-01	   3.7895185317217495e-01	   5.2161603630015360e-02	   4.2811543351985093e-01	   1.0373560468026258e-01	  -1.5169233792189524e-01	   3.5830470193986802e-02	   4.5113909487007463e-02	   9.2436288013324194e-02	   3.3577056965370811e-01	   1.5454772234922382e-01	   2.5246502188936154e-01	   1.9851259569051793e-01	   4.3111097932598341e-01	   1.8317486065783567e-01	   6.0480188087928455e-01	   3.3210894237975819e-01	   2.4200757090536421e-01	  -7.7215302395788485e-02	   3.3773438696147834e-01	   2.1132735851804410e-01	  -2.9817797366172022e-01	  -3.1064841393604797e-01	   4.2906054540558480e-01	   1.6279113512270410e-01	   5.6890275512030120e-01	   4.4674442131836811e-01	  -2.8748913735237747e-01	  -1.3971731423789674e-01	   7.3486360020805064e-01	   6.0631589565550559e-01	   5.0626625096646216e-01	   4.4760759822511720e-01	  -2.3985831616958466e-02	   3.0457425234665814e-01	   3.0754560481489890e-01	   1.6681527602681942e-01	  -3.6406206719389558e-02	  -1.7664980744634826e-01	   2.2005748256010557e-01	  -3.8309565564501859e-02	  -3.4050726385876001e-02	  -2.6395850808717102e-03	  -1.3621730937402207e-01	  -1.6702868481214136e-01	  -4.8743827571774895e-01	  -1.5628225594563816e-01	  -2.3257591298663566e-01	  -1.4433988543099646e-01	   3.3560464249741129e-01	   4.1096007824855540e-01	   2.5647351950199143e-01	   1.1928399297763526e-01	   6.3736879792303514e-01	   5.7834296903878779e-01	   5.8442659101063688e-01	   5.1360432789965416e-01	   6.8857688789904747e-01	   6.9533138052443699e-01	  -4.8248884821879771e-02	  -1.0370375731741671e-01	   5.3760413761591845e-02	  -2.4382884757489837e-01	   1.9528166357714805e-01	  -1.5300936250404109e-03	   3.9615359532187128e-01	   6.9811926977171268e-01	   1.4288545356734295e-01	   2.0038770191036054e-01	   1.7384449669457946e-01	   2.2867841067730921e-01	  -3.1674021967852531e-02	   1.8213764519254030e-01	   2.4071574766417264e-01	  -6.4076307870105473e-02	   9.8355309792462098e-02	   3.0950664417061374e-02	   1.0504232337342692e-01	  -2.9192733443916416e-02	   2.1315077772738406e-01	  -1.4150294554927489e-01	
   3.8784786298063467e-01	  -2.2724871633476418e-01	   6.2989575352054028e-01	   6.0668429877382335e-01	   5.1726855592622079e-01	   8.8397807408641160e-01	   5.9727010863268437e-01	   6.4368289900272790e-01	   8.5049449534122812e-01	   0.0000000000000000e+00	   4.1365610776469053e-01	   3.9178385184615683e-01	   6.3248310364667215e-01	   5.4160308157221826e-01	   6.5923985723480760e-01	   8.1869793598960472e-01	  -5.0653060982487709e-02	  -2.4078336108535481e-01	  -2.4368955019947257e-02	   7.4526437244319260e-02	   4.6817834721451118e-01	   3.2569845462109237e-01	   3.5133126818284177e-01	   5.0903088403381802e-01	   3.2173410932302671e-01	   4.5882801462193568e-01	   3.2626296835271995e-01	   4.2459919022417481e-01	  -1.6042394010107699e-01	  -1.6160329645878768e-01	   2.1253437906463479e-01	   6.0565700976901815e-01	  -3.7841468233487408e-04	   3.3697407016816255e-02	   2.0981914505449978e-01	   1.6728820659030519e-01	   4.0301246637711891e-01	   2.1739313023514337e-01	   4.3882943801438345e-01	   2.5459200883823352e-01	  -6.2597271722219419e-02	   1.4183637995215956e-01	   1.7144830273862599e-01	   2.3375901437486138e-01	   2.2492132411196702e-01	   1.4187481346817266e-01	   4.0869197108869559e-01	   3.6641779737770208e-01	   5.1465194580263696e-01	   2.6356015375928449e-01	   6.7740690830758143e-01	   4.0776641411286713e-01	   4.0925553371728951e-01	   1.7878397572109087e-02	   4.6019708370657492e-01	   3.3631338767256480e-01	  -1.0438883997937004e-01	  -1.8152688411860013e-01	   3.4270001996887245e-01	   1.2459857480394829e-01	   6.5465794717292369e-01	   6.7632661028649399e-01	  -2.1879103149436879e-01	  -4.2953452114105471e-02	   6.5183759576207190e-01	   7.0248819503634441e-01	   3.9505262621458576e-01	   3.8184663516580319e-01	   1.1744897160153119e-01	   4.2525407446018137e-01	   3.4956931947698167e-01	   3.6154968754911665e-01	   4.2613059395630815e-02	  -2.0104143824521435e-02	   3.1218335143046771e-01	   9.9884320376638774e-02	   1.0566707821536826e-01	   1.8423876086225749e-01	  -1.2220579070589045e-01	  -1.4356032482092485e-01	  -4.4206182185889220e-01	  -1.7707205014637195e-01	  -2.2668087709344323e-01	  -8.7835521162019745e-02	   2.8552973469883147e-01	   4.6738089526317095e-01	   1.5079070317305981e-01	   1.8256066273789348e-01	   7.7065213989889159e-01	   7.7858904234449755e-01	   6.8201152633097406e-01	   5.3351253822498257e-01	   7.5448278912189037e-01	   6.3223712613218264e-01	  -8.1395843625461664e-02	  -7.2291591082306830e-02	   1.7175690931235060e-01	  -7.4964820285658984e-02	   3.1421491173732419e-01	   1.7575988241449036e-01	   5.0095602280506657e-01	   6.6052752661214376e-01	   2.3701310704481743e-01	   3.6800101908123739e-01	   1.8184209351432506e-01	   2.1106579167988557e-01	  -8.8859996950033979e-02	   1.4347980652950199e-01	   1.8843645150879568e-01	   1.0496424968118992e-02	   1.9883835109473352e-01	   1.6312598175370044e-01	   2.0012020375593403e-01	   1.1991359878895441e-01	   3.2727542702202339e-01	  -3.6817555686974916e-02	
   6.3622680337836512e-01	   1.6941359558521185e-01	   4.0833240386175507e-01	   8.9235671389221616e-02	   1.4334262123833455e-01	   3.5098438119198039e-01	   3.0378813519105596e-01	   2.9756031122778676e-01	   3.5246519836357237e-01	   4.1365610776469053e-01	   0.0000000000000000e+00	   6.1216219541868222e-01	   7.0649639086532467e-01	   6.7791485124145279e-01	   4.8257108786192060e-01	   3.5972734375039794e-01	   4.1008145159863019e-01	   2.2273879187740458e-01	   1.6681104350000928e-01	   1.7369227794537792e-01	   3.6370341779022242e-01	   6.8747608512167963e-02	   2.3720842514310114e-01	   8.9311047751063508e-02	   8.4043552796783563e-02	   1.3713182062123977e-02	   2.2848400273755778e-01	   2.1620713782591208e-01	   2.7620268588223551e-01	   2.3553897723480241e-01	   1.4472422446676958e-01	   1.4695629772463570e-01	   1.8824207924879005e-01	   4.5884418104672510e-02	  -2.2163033046604030e-03	  -2.5108222234223659e-01	   3.4052032606935617e-01	   2.0338407140863091e-01	   4.0188207391599851e-01	   1.5089342786034871e-01	   2.0948070584650408e-01	   1.6863932446698807e-01	   3.7016230273020478e-01	   4.9413596203979504e-01	   2.3605924902953629e-01	   2.1417146340056348e-01	   4.8487283210501253e-01	   4.4594129412225136e-01	   4.9613369515106553e-01	   3.3222112664107001e-01	   5.0909724303236281e-01	   3.9335639971321740e-01	   4.7214763953412775e-01	   1.6757269544002193e-01	   5.5696057034687385e-01	   3.0453051542050674e-01	   7.1204368768852264e-02	   2.2000570279440235e-01	   3.4410902496189022e-01	   7.2801324798360545e-02	   5.3314442869792478e-01	   4.0232711987127340e-01	   6.3207853934330704e-02	   3.1632313430648368e-01	   1.1574772864252927e-01	   1.4991847339130832e-01	   2.1340280657303379e-01	   8.0886529214188471e-02	   4.0215420203941682e-01	   4.7297585053945140e-01	   3.2074145557533734e-01	   1.2336659633924293e-01	   2.4967156072905655e-01	   5.1067172243941736e-02	   3.8975312242110549e-01	   1.8311229967363740e-01	   1.4961926208474990e-01	  -1.8255411020931106e-01	   3.1703811818396610e-01	   1.6211150935166360e-01	  -3.7361185541551255e-04	   1.5123612416209670e-01	   6.0521076174889915e-02	   1.1204220781658711e-01	   2.9879781004460348e-01	   2.4239762481365215e-01	   2.4334075081569098e-01	   4.4910050702185067e-02	   5.1425938612548783e-01	   3.6012436593422847e-01	   4.0156749017796400e-01	   4.4997527542340776e-01	   2.5398357918447467e-01	   3.9658096504641338e-01	   4.0705605978642007e-02	   1.0512975407454675e-01	   3.1333273737813784e-02	  -1.4931653736123755e-02	   4.0747986988414897e-01	   4.0316093213372006e-01	   3.4629273633797686e-01	   4.6345696952187276e-01	   2.6085025982181870e-01	   3.8457602513762973e-01	  -2.4959328517342005e-02	   9.6897957753864061e-02	  -1.3445105812695257e-02	   1.1931882183492160e-02	   2.7952509776829382e-01	   2.0098423453657491e-01	   1.3242608668430292e-01	   2.7423469585243598e-01	   2.9192037378628860e-01	   1.3457660954172340e-01	   2.2453602903143033e-01	  -7.6416089313673385e-02	
   5.0659510239929939e-01	   3.6783430123316596e-01	   1.9293231189699750e-01	   2.6857372214596847e-01	   2.2130239117244160e-01	   3.9768657143847042e-01	   3.1554063566302781e-01	   4.8855686523586050e-01	   2.2444547624792524e-01	   3.9178385184615683e-01	   6.1216219541868222e-01	   0.0000000000000000e+00	   4.7759276500645270e-01	   8.2809352512596224e-01	   2.6476340342610932e-01	   4.2425366823292582e-01	   3.9359643910189507e-01	   2.8668596905870103e-01	   2.1652829939463369e-01	   3.7765323198597134e-01	   3.0429135436232096e-01	   2.0705671618831056e-01	  -3.3199593872016916e-02	  -1.7401170790996599e-02	  -1.1806711501679092e-01	  -1.1501968105539273e-01	  -1.2999378186706828e-01	  -1.0694847335937520e-01	   3.9438452615352482e-01	   4.4885340620843567e-01	   2.1593192038757097e-01	   2.5759055363569427e-01	   2.0467850636860774e-01	   1.3851200663351065e-01	  -3.7436359185991963e-01	  -4.0797551403139498e-01	   2.3540652793738459e-01	   3.2187996374326489e-01	   2.5057756526102820e-01	   3.9184222772060789e-01	   1.2066502543229622e-01	   3.2245514400700670e-01	   3.4084028176611830e-01	   4.6022914319250974e-01	   1.7941208002283898e-01	   2.7855798933391185e-01	   6.3217302105567719e-01	   5.2538142100214369e-01	   6.9416800876535667e-01	   6.2308642523455593e-01	   4.6138339344095536e-01	   6.6591849861880803e-01	   6.1744734341891805e-01	   3.1046294654889162e-01	   6.1594474908833097e-01	   6.2145389295147346e-01	  -2.7979028610530431e-02	   1.7594418941688694e-01	   3.0334088220437927e-01	   3.4249425457376514e-01	   5.1480382204190533e-01	   6.7755887127134851e-01	   2.4048241253291325e-01	   6.2722511601875308e-01	   9.1288563417652666e-03	   7.2208797127785454e-02	   1.0632172489089131e-01	   1.5781709297575913e-02	   2.7092774287807424e-02	   3.8503556251429144e-01	   1.5655761655553149e-01	   2.4678213183869546e-01	   2.3924316859346428e-01	   3.2152470845314340e-01	   3.2372037897298039e-01	   3.8182336832388380e-01	   1.4939292926750541e-01	   1.8200850367198329e-01	   1.7270249300663634e-01	   2.4297993941386316e-02	   3.5729589527053920e-02	   9.7239658613400587e-02	  -6.9037017463019532e-02	   3.3503802157690682e-01	  -8.8256596779999835e-02	   2.0918352192033363e-01	  -1.4539633971944921e-01	  -3.4997500856041294e-02	   3.0103585792228432e-01	   3.7093658895256920e-01	   4.5638609290291687e-01	   2.2043146761142807e-01	   1.4493011255595023e-01	   7.1612473405079327e-02	  -1.3181243019775332e-01	  -2.8562820457863649e-02	   1.9034472167489128e-01	   1.6271879408953992e-02	   6.3712405557723473e-01	   5.4741402264290862e-01	   5.2075595456324431e-01	   2.7336705335987244e-01	   2.3657025511155408e-01	   4.0748387432207855e-01	  -4.4010205205783595e-02	   4.4974775197350617e-02	   5.9456782533063079e-02	   5.9480862864801143e-02	   2.0747558892163287e-01	   1.5647682082266054e-01	  -3.8281540796394647e-02	   2.9251779809421663e-01	   4.2814675051225981e-01	   1.9657723661739002e-01	   1.7159120744711270e-01	   1.6853099427090033e-02	
   4.4841784468094170e-01	  -2.2726098430631891e-01	   5.4708470040012225e-01	   4.9533770589055381e-01	   5.3793041642213646e-01	   6.5093424297016567e-01	   6.7611382703541056e-01	   6.7101322588889145e-01	   6.7998528240722045e-01	   6.3248310364667215e-01	   7.0649639086532467e-01	   4.7759276500645270e-01	   0.0000000000000000e+00	   7.3155943369824294e-01	   5.3035687665234565e-01	   4.8482714081747802e-01	   2.3364388756449656e-01	   6.8018781449046495e-02	  -1.9599055032256316e-01	  -3.9881425993375907e-02	   4.7647913195698893e-01	   2.8125839410129561e-01	   2.0319280170999593e-01	   1.1769001115136732e-01	   2.2035243683417255e-01	   2.3198657451638990e-01	   2.7854957126259461e-01	   3.2808552389729945e-01	   1.9586598754480369e-01	   2.1722422007706846e-01	   3.2823098948479951e-01	   4.8491562879111000e-01	   3.1009863119080400e-01	   2.3373013775071821e-01	   1.3241247920093061e-01	  -2.5141486033735352e-02	   2.7109901868271813e-01	   5.1827333246666260e-02	   5.1322263307932037e-01	   7.9478616082866993e-02	   2.3320682590497320e-02	   4.5195577435641981e-02	   3.2647354853260702e-01	   3.1626247643260119e-01	   4.8000690045119748e-01	   3.9594662465738428e-01	   4.6155456570873860e-01	   3.5996918445578929e-01	   5.9194744531661325e-01	   2.9741468512657776e-01	   7.0903169577497427e-01	   3.3534840640543168e-01	   2.5319077969674958e-01	  -8.0063062000344146e-02	   4.9210101173275600e-01	   2.1223630530349841e-01	  -1.4924656092070798e-01	  -8.0354391657393373e-02	   1.7428441681929591e-01	  -1.5374529818917393e-01	   7.2090520150234760e-01	   5.4625966105100066e-01	   1.3235912701621473e-02	   2.2421699557467847e-01	   4.6419599917244059e-01	   4.4402784943658724e-01	   4.2951473791881845e-01	   3.2630464758066291e-01	   1.4496430841628266e-01	   4.0453686719509185e-01	   4.5855902808484783e-01	   3.6031115211213216e-01	   9.4568055054235073e-02	  -8.3219770802585011e-02	   2.1528413130658833e-01	  -6.3415258257650039e-03	   4.2877899984690410e-02	   1.8569356497826435e-02	   1.2529733150851574e-01	   5.3532040548079779e-02	  -1.9612444741223381e-01	   7.7952805876972828e-02	  -1.5745407744747003e-01	   1.9052018813660970e-01	   2.1599221889750231e-01	   3.2618186902978441e-01	  -2.8247282429888737e-04	  -7.1159390009728166e-02	   5.8213866769038636e-01	   3.4736878562661827e-01	   4.5893308611592615e-01	   2.7669344124054607e-01	   3.8754068719565227e-01	   3.9683069901580298e-01	   2.5105835591991452e-02	   4.5436942951752907e-02	   1.6985788735593338e-01	  -2.9820697432557160e-02	   4.0535900978483752e-01	   1.9985643143376855e-01	   3.8786931688589982e-01	   5.6483743107476270e-01	   1.1972129618730706e-01	   3.3527048690038197e-01	   3.1845523139916211e-02	   1.9789767505730135e-01	  -1.4133038202861664e-01	  -3.9219104746433156e-02	   2.7698916538631257e-01	   6.1741390068793409e-02	   5.3201477346911136e-02	   2.4211958364065980e-01	   2.7122654795479573e-01	   8.1226781232331097e-02	   2.1150831661348479e-01	  -1.1466803224620439e-01	
