   0.0000000000000000e+00	   7.6502063193962633e-01	   8.2918807378317416e-02	   1.0374463752912283e-01	  -1.1004054673577984e-02	   1.5646815501732453e-01	   1.0652434213240998e-01	   9.4074385033016628e-02	   1.1539534643309267e-01	   4.7803602925593228e-02	   2.9535511584870344e-01	   3.0584056130617138e-01	   2.2822617294551059e-01	   3.5848913153836626e-01	   2.2942404580251119e-01	   8.4138153064352655e-02	   4.9647570994183576e-01	   4.9417418938918023e-01	   3.5436242321011324e-01	   4.9447051838410067e-01	   1.2243775736760087e-01	   8.6062130657009912e-03	   4.6671738004075897e-02	  -3.0732195753991789e-02	   7.5221411956420528e-02	  -1.8231020993213151e-02	   2.7241103488398949e-01	   1.7232456065555563e-01	   1.3216855983595122e-01	   2.0813638539591034e-01	  -7.1500701472789419e-02	  -1.2947307595277469e-01	   4.7208412869397332e-01	   4.6882988754989685e-01	   1.5233593989035576e-01	   4.3437346632008003e-02	   5.2167099455015664e-01	   3.5089076847571465e-01	   4.1148303041219697e-01	   5.0586900646341859e-01	   3.6296760438886461e-01	   1.5715890846995773e-01	   5.6169932541288681e-01	   6.0491130689762285e-01	   2.8072515990135183e-01	   4.5272636394763027e-01	   5.4814439499302514e-01	   5.9443342295238888e-01	   3.5272539717996088e-01	   5.0501395366163182e-01	   5.1525664032085494e-01	   4.9791891771138380e-01	   3.3181127849208275e-01	   2.6527914936393215e-01	   4.8037926029624933e-01	   3.9934842613131138e-01	   7.8392708986390169e-01	   5.9967356028243191e-01	   4.3073785944430920e-01	   3.3249469602797643e-01	   2.4371641475836600e-01	   3.0037877794676848e-01	   3.9801000095579847e-01	   3.9429506123984731e-01	   1.2520920249374010e-01	   1.6761345987687939e-01	   2.3216334422469856e-01	   3.8667129867240402e-01	   6.3790201692704751e-01	   5.5114186615215255e-01	   2.6862041367295608e-01	   1.0896024108725152e-01	   3.9291576428071517e-01	   3.4255655606926039e-01	   3.1168392253620070e-01	   3.6247400267008045e-01	   3.0124833271936474e-01	   2.6538446063920679e-01	   2.3956129795400236e-01	   2.9284547566684477e-01	   3.7119266797907235e-01	   4.8349529695530996e-01	   3.0873688570304303e-01	   2.8873810730126520e-01	   4.8567572698439943e-01	   3.4667439930502592e-01	   3.8870328829939971e-01	   3.6238400394085135e-01	   3.8504531364702543e-01	   5.0608501657275196e-01	   4.5673304596983999e-01	   3.8285685094832456e-01	   1.4327808668710443e-01	   2.4027896893258627e-01	  -1.0260646478739383e-01	  -2.2222899282723246e-01	   1.3017317337724593e-01	  -3.7379599256367961e-02	   5.9901232348854339e-01	   4.9332699176401296e-01	   2.0942525489230177e-01	   2.3538561599303998e-01	   2.2135235295606004e-01	   3.6813528003225782e-01	   2.5747764281737584e-01	   1.5083289501064884e-01	  -7.8155447039889456e-02	   4.9018615727279918e-02	  -1.0062784861699445e-01	   1.0389232942312705e-01	   2.9118186058826367e-01	   5.2880451589027988e-01	   5.1960314773548089e-01	   3.1011383931392134e-01	   6.7540043659909649e-02	   1.4945178439338005e-01	
   7.6502063193962633e-01	   0.0000000000000000e+00	   1.9811165681444259e-01	   2.1916404349740282e-01	   6.6634304086313614e-02	   1.4753408693757586e-01	   8.1239608206448460e-02	  -4.2828052585759738e-02	   8.1120709802155883e-02	   2.3772112299978868e-03	  -2.3953406260356316e-02	   1.6150813416449553e-01	  -1.2458485860620976e-02	   1.5453398450158817e-01	   3.9558264145319477e-01	   2.0475617397001236e-01	   5.3870892138547877e-01	   6.4344920639279080e-01	   4.7397505413542224e-01	   6.3987135802644080e-01	   2.0274839583076609e-01	   1.1810061162276379e-01	   2.3861839762781059e-01	   1.5987750733209477e-01	   2.6334894958554872e-01	   1.1014551959787576e-01	   4.3376334915260051e-01	   3.7135641802720343e-01	   1.7861264672174784e-01	   3.4721370232804666e-01	   5.9336335008002311e-02	  -2.0158455758010591e-02	   4.6633966078566602e-01	   4.9351382205577471e-01	   1.6988853079823729e-01	   5.5907747476315960e-02	   5.5024583610460143e-01	   3.9057261431092838e-01	   4.7249780158232246e-01	   5.5386876941367613e-01	   4.6830026557095233e-01	   1.9953831876800820e-01	   6.4488476021766095e-01	   7.3875626675831163e-01	   2.0417184828155929e-01	   4.6334256042557431e-01	   7.0979167694845779e-01	   8.0407645161541619e-01	   4.4275557552016909e-01	   6.8267346855683519e-01	   5.5611581913150787e-01	   6.1964696769990946e-01	   6.0122032531376735e-01	   5.2978287027667270e-01	   4.6468783002878944e-01	   5.2306838875911088e-01	   8.3213620105444486e-01	   8.7247411407390207e-01	   4.1027914667920468e-01	   4.8400649132643558e-01	   3.8047359682578691e-02	   1.4900570338454222e-01	   4.2832763846592403e-01	   4.0011446199255418e-01	   1.3520064760113715e-01	   1.1295628628118393e-01	  -1.5319119653144456e-02	   1.9551933669531021e-01	   7.0936028548230057e-01	   7.1163361852853346e-01	   1.9153139810567993e-01	   3.0800120621109074e-02	   4.3196290626602196e-01	   4.1913828019176946e-01	   3.8011782033324326e-01	   3.4827920249397626e-01	   1.8627937676461337e-01	   1.6930070068762088e-01	   3.2089328427823316e-01	   4.1517569775087448e-01	   3.8787329726637482e-01	   5.6236698333542134e-01	   3.6845922937649173e-01	   4.7096960747885586e-01	   4.5382986772274347e-01	   2.8527989531923365e-01	   3.9647387311853699e-01	   3.7906641882243891e-01	   3.3859787695764365e-01	   6.0468381442716834e-01	   6.4765986656012164e-01	   6.3211774521054953e-01	   1.6532001639155744e-01	   3.8269513316927500e-01	  -1.2834368815366784e-01	  -2.1665785336716253e-01	   3.9102634401508324e-02	  -9.1820607686457112e-02	   7.9970684111170742e-01	   7.1809427063062603e-01	   3.1000175975588334e-01	   2.7233469415991551e-01	   3.6917550110118441e-01	   4.3101046811311411e-01	   3.2468095524957152e-01	   2.3780304693953053e-01	  -2.7960258695575599e-02	   7.6791289766383511e-02	  -1.4071974537554355e-01	   1.3999323335482661e-01	   4.1800454801689285e-01	   7.0337827875473991e-01	   5.1889323913490626e-01	   3.4257425109661521e-01	   1.1333392937950887e-02	   1.8108126773114355e-01	
   8.2918807378317416e-02	   1.9811165681444259e-01	   0.0000000000000000e+00	   6.4981171795411496e-01	   5.7039717762361464e-01	   2.5923549521978967e-01	   2.8781659404239363e-01	   6.7324546078585415e-02	   4.4683831313737243e-01	   2.2178649544967161e-01	   1.2176573192886078e-01	   2.7334872676983712e-01	   1.1986033328264546e-02	   1.1428483079681558e-01	   7.7814742456331354e-01	   6.7792715581496832e-01	  -6.8139351981095830e-02	   4.7822627354854430e-02	   5.4373842020392960e-01	   3.3186390877719629e-01	   3.1017722027757494e-01	   3.1384183645978758e-01	   8.7354754733700413e-01	   7.4680006587127423e-01	   6.4741775516720712e-01	   3.4430998207012087e-01	   6.7068209652238653e-01	   5.1979326197245390e-01	  -9.5535811802381215e-02	  -3.1685715669747712e-02	   4.2710172912361466e-01	   4.0664251679849828e-01	   2.5510183335368610e-02	  -5.3023820952860110e-02	   5.9768631064984956e-01	   2.5686298042524974e-01	   2.7550088893907909e-01	   2.8201862366410518e-01	   2.2639081921403498e-01	   2.9818091467120117e-01	   1.7844995117568963e-01	  -1.0215456741687150e-01	   1.3780830278628051e-01	   1.7258916079263292e-01	  -2.3579696931061056e-01	  -2.5791384960700559e-01	   2.6083335610046721e-01	   2.6788649124045305e-01	  -2.2553866904823243e-02	   3.5917855680198574e-01	   5.3687818559971612e-01	   4.4057718201652651e-01	   4.8583401346182487e-01	   5.4200491679370211e-01	   3.7451639033688572e-01	   4.1539634291270311e-01	   1.0591767309422219e-01	   2.8189811957490551e-01	   9.4572955434214876e-03	   4.3973874883981445e-01	   1.8291466523217662e-01	   8.3966247893637769e-02	  -2.6442176686684395e-02	   2.7917298528271667e-01	   6.8514067878267770e-01	   3.9915199319983552e-01	  -4.1883593722530699e-01	  -4.0545012882655534e-01	   1.4233484719615785e-01	   1.9298507837005116e-01	   5.1271064863141191e-01	   3.4768278060771335e-01	   1.6461718856555729e-01	   6.4655827454821721e-02	   3.3501081614171163e-01	   3.2761669866882315e-01	   1.1292836748117085e-01	   7.3753404122910260e-02	  -4.0425904107942966e-02	   9.3667202029974778e-02	  -1.4486492618126010e-01	   3.5540326865274287e-02	   4.6399536115043366e-01	   3.1275948705462953e-01	   4.8533019089004092e-01	   4.7729444435846902e-01	   4.1068798543646268e-01	   3.3424037537668805e-01	   4.4071425175521328e-01	   6.2181267551411379e-01	   4.7315729486386882e-01	   5.1320977214598928e-01	   5.2049116065955281e-01	   6.7576999090985712e-01	   5.6572983101403407e-02	  -3.1491444525271423e-01	   4.3027864033561049e-03	  -1.6323448484130115e-01	   3.2968309626416770e-01	   4.4752541388759215e-01	   3.1149865982339131e-01	   2.2915172776338066e-01	   5.8507462308562505e-02	  -8.1799219584946237e-03	   2.6058509831364055e-02	   6.7278535381075061e-02	  -1.9796836487297786e-01	  -2.0700426637665115e-01	  -3.2961342974796748e-01	  -7.3294712091658040e-02	   9.4270343226862230e-02	   1.2430430177860916e-01	   1.0354644186275838e-01	  -8.4948723707592905e-02	  -1.5619200138381661e-01	  -1.9600521140600027e-01	
   1.0374463752912283e-01	   2.1916404349740282e-01	   6.4981171795411496e-01	   0.0000000000000000e+00	   4.1864200083686554e-01	   5.9703714472822345e-01	  -1.6557256795392158e-01	   2.2608500247636726e-01	   3.3977825903350306e-01	   3.4011097866868317e-01	  -1.6665262988998147e-01	   3.1146321128650839e-01	  -2.3556306171963406e-01	   8.5462731513784321e-02	   4.1510160457149869e-01	   5.4677309789905149e-01	  -1.2165794735397689e-01	  -1.4923714249938938e-01	   2.7517419334881354e-01	   1.6312575515245911e-01	   1.1842795507643442e-01	   4.9439886783611836e-01	   6.8660489321495344e-01	   8.4789823413933230e-01	   6.0147560293919589e-01	   5.5077062026710522e-01	   6.5640997282102576e-01	   7.2685838292644345e-01	  -3.6992106955425980e-01	  -2.3527126035279730e-01	   2.6614473567278141e-01	   5.4671346461081116e-01	  -1.5910892918308836e-01	   3.6514922679838809e-02	   7.0381014057865943e-01	   6.1512302788376083e-01	   2.1054637829395922e-01	   3.9115988120084078e-01	   1.7935120345446970e-01	   4.7892839342500831e-01	   1.0888006786393728e-01	  -5.8820313738107650e-02	   1.2624111039067154e-01	   1.6096259212178568e-01	  -2.2481687697469466e-01	  -1.3102437212155726e-01	   1.6451192354232161e-01	   2.7072014888187840e-01	  -2.0071154743683964e-01	   3.4395167722290643e-01	   3.9890404324745354e-01	   3.3824952150836857e-01	   4.7595989592570925e-01	   5.8975387183444850e-01	   1.2341867902850180e-01	   3.7835561360076003e-01	   2.5865782270977400e-01	   3.4520237616011473e-01	  -8.2765056609043819e-02	   6.0458870549997334e-01	   1.0451196552765782e-01	   3.2000627667107068e-01	  -3.1245672545091385e-01	   1.5679275569952461e-01	   6.1451861935636998e-01	   7.6583592636897102e-01	  -4.9801017509004120e-01	  -1.4014993595216518e-01	   7.1239302627637502e-02	   1.2536641445028981e-01	   4.4568604179197516e-02	   2.3880232510830304e-01	   3.8023481020332671e-02	   2.9506124810447041e-02	   1.9401603707578380e-01	   1.9702781789859475e-01	  -1.1359702087897870e-01	   1.2792401960885047e-01	  -6.5246696450512565e-02	  -8.6419843219628839e-02	  -2.3480565155508681e-01	  -1.0522001720708832e-01	   8.8774984115240957e-02	   1.0557274806745218e-01	   3.0403712239875103e-01	   4.8486480653731467e-01	   4.4263286936631063e-01	   4.8343925787776532e-01	   1.9147885258733377e-01	   6.3899040304422294e-01	   5.1232037422786569e-01	   4.6145340303954452e-01	   6.9085015682705464e-01	   4.0300031625100785e-01	  -1.1494512622865324e-01	  -2.9572138284927502e-01	  -1.7232461237310776e-01	  -3.0806769637424936e-01	   2.7158492525044892e-01	   3.9387492249819278e-01	   2.6569173183271771e-01	  -1.4217154108790825e-01	   3.7364809479361764e-02	  -1.6285058658083337e-01	   2.0362158250143714e-01	   1.5883218856449663e-01	  -7.9680722679656230e-02	  -1.4585269607087384e-01	  -2.6633760123270722e-01	   1.0270820438745151e-02	   7.5760826802978853e-02	   7.5382157948057582e-02	   1.3786632686631933e-01	   1.1420957869164730e-01	   7.3076720757725033e-02	   5.9772469805668471e-02	
  -1.1004054673577984e-02	   6.6634304086313614e-02	   5.7039717762361464e-01	   4.1864200083686554e-01	   0.0000000000000000e+00	   4.4623581176706639e-01	   4.5875428298216780e-01	   5.1565438007016773e-01	   7.8921739788322431e-01	   6.1095747284362878e-01	   2.8151910806597225e-01	   4.0561227000470357e-01	   2.1177007214267141e-01	   2.5788596677025899e-01	   4.1684240457606397e-01	   3.1963175951603845e-01	  -3.2106665332980278e-01	  -1.2412310477667202e-01	   5.0383344181525580e-01	   2.2228252453815406e-01	  -1.1479741696575771e-01	  -8.0554967663287874e-02	   4.3596567990827439e-01	   3.7186203060871814e-01	   4.4003865999038927e-01	   3.2748690669616576e-01	   3.2694686900414061e-01	   1.4211537452701789e-01	  -3.0338308345066778e-01	  -2.3235310318565139e-01	   2.0923283810126606e-01	   1.6336517629079472e-01	  -1.2876591893989325e-01	  -3.0127491332354393e-02	   1.8053953797987113e-01	   8.6509666690550463e-02	  -1.3587689852998674e-01	  -2.0718262437321927e-01	  -1.0743709363136933e-01	  -1.0761448282608713e-01	  -1.6588160412732511e-01	  -3.7408661523784076e-01	  -4.4795565143353977e-02	  -2.3323713456209528e-02	  -2.0046214313053334e-01	  -2.2119561878627297e-01	   6.9025350986565981e-02	   7.5038356040963983e-02	   5.2812975614858419e-02	   2.3664404870915562e-01	   4.0976419610260817e-01	   3.3634360146437625e-01	   2.7346449445933291e-01	   3.9467258250304904e-01	   4.7978599148029530e-02	   1.2147975336133585e-01	  -1.0804732775331213e-01	   1.4285497263885680e-01	   1.3267551916984621e-01	   3.6680188914339740e-01	   5.4844021703771884e-01	   4.2816469993107587e-01	   1.7063630031000396e-02	   4.3273342583311691e-01	   5.5173015141991555e-01	   4.4827602479716455e-01	  -1.9132564080744599e-01	  -1.9718511021874743e-01	  -1.0191039722003600e-01	  -6.2095843596991244e-03	   2.5432980316277587e-01	   2.7928277173227456e-01	  -9.9997465144442715e-02	  -1.2394472380586279e-01	   1.4633624726815730e-01	   2.1716030923528529e-01	  -2.0087595181687068e-01	  -1.4317557280828280e-01	  -4.0056976189225701e-01	  -2.7935659931885570e-01	  -3.5765432528390712e-01	  -3.4382719627714392e-01	   1.7030238183213320e-01	  -1.2495031913444024e-01	   6.4265750885836664e-02	   1.6982535431464582e-01	  -1.7623281916973488e-01	  -1.7313862159287161e-01	   3.1273223388180094e-01	   3.6676244559775945e-01	   3.2254474455422516e-01	   3.4406094562310652e-01	   3.5359644609093516e-01	   3.0246700514068814e-01	  -2.2843627313235410e-01	  -3.6927036813483849e-01	  -2.2952896561131350e-01	  -3.5470093118915869e-01	   9.3605268352691298e-02	   1.5023993795373816e-01	   3.9318715407425109e-01	   2.9236648207948646e-01	   1.9109703568412800e-01	   7.0056152624790868e-02	   2.6988131358147127e-01	   2.5617627493038275e-01	  -6.5675331708693080e-02	  -1.3206854608967411e-01	  -4.8124607352180648e-01	  -1.3100618930035399e-01	  -1.8920552314678837e-01	  -7.3361959451381534e-02	  -8.6327160594976179e-02	  -6.6851991710306979e-02	  -5.3594713711020606e-02	   4.5343940585107295e-02	
   1.5646815501732453e-01	   1.4753408693757586e-01	   2.5923549521978967e-01	   5.9703714472822345e-01	   4.4623581176706639e-01	   0.0000000000000000e+00	  -6.4058011738301723e-02	   5.5345005453100149e-01	   5.7180589987847630e-01	   6.5007234284080417e-01	   1.5462180106499368e-01	   4.2616520514760509e-01	   1.7820096832458870e-01	   4.0894712596852262e-01	   1.1944068608065704e-01	   1.6076793506302342e-01	  -1.7151960585848375e-01	  -1.2642945191769686e-01	   1.4963100307597405e-01	   1.6989839850314471e-02	  -1.1807595640889368e-01	   2.2440359675631233e-01	   2.0351714945084579e-01	   3.9080489538963359e-01	   3.2519232535575859e-01	   4.7649670368297770e-01	   4.1219913330526214e-01	   5.4651198983769067e-01	  -4.7027483815874099e-01	  -3.8813627030475684e-01	  -6.4620707717240100e-02	   1.7365754116181512e-01	  -2.0259408243470625e-01	   4.2179545583195255e-02	   3.4384217786086096e-01	   3.9250332010979816e-01	   1.1003799835485581e-01	   1.3769832696221632e-01	   1.1284771060579124e-01	   3.7778399307380445e-01	   1.4812740016537247e-02	  -2.3668349942459202e-01	   1.9766575633169589e-01	   1.8753562429245352e-01	   5.9295383066361701e-02	   1.4062729261439866e-01	   1.1319833421138294e-01	   2.3132943775871020e-01	   2.0575493993076885e-04	   2.6525545450083488e-01	   3.3012728609322339e-01	   2.3598292099866855e-01	   1.4948165474395253e-01	   2.4926160815812343e-01	  -4.5885423367350145e-02	   9.9101887046874504e-02	   1.6807611983523479e-01	   2.3908503167377537e-01	  -5.4968699355293388e-02	   4.6101336588457803e-01	   4.0369667611058996e-01	   6.5311002416960939e-01	  -3.4437436526185577e-01	   1.3386394646298561e-01	   4.7764429476509190e-01	   8.2237684963061763e-01	  -1.8457491872848492e-01	   1.9333470266432723e-01	  -9.1678669871593371e-02	  -2.0189897928084708e-02	  -5.3891498701913912e-02	   1.1257935044098580e-01	  -1.7543539492891730e-01	  -2.1345878710329819e-01	  -1.0707747963107607e-01	  -3.3580272086704506e-02	  -3.9916099059232540e-01	  -1.6674954682134754e-01	  -2.0320552230833264e-01	  -2.4214626352460966e-01	  -3.1851068685010908e-01	  -2.7618564293645542e-01	  -2.2593193583031659e-01	  -2.5464627779803672e-01	  -9.8467237391416496e-02	   1.8550902130175906e-01	   1.9968966259845504e-03	   9.6885304853113918e-02	   1.0425347202626772e-01	   3.6515352635302634e-01	   3.2840119494869957e-01	   2.4098803140121061e-01	   6.4295177775527557e-01	   1.4332566785067968e-01	  -3.2968349279255982e-01	  -4.7159277034227176e-01	  -3.1414561540232305e-01	  -4.8484966673488561e-01	   1.1976393199564619e-01	   1.2810587882597435e-01	   1.4797766868904708e-01	  -2.3958300228590212e-01	   8.7122805664861747e-02	  -2.0442149211255722e-01	   4.6852289660421698e-01	   3.7333917533740490e-01	  -7.4294508612608695e-02	  -1.6581128671286910e-01	  -2.5805351058132869e-01	  -6.9145385380057905e-02	  -3.5618793802647666e-02	   4.1633191232352762e-02	   1.7116512908123543e-01	  -1.7185395932382365e-02	   3.8854275326471045e-02	   2.2934799520579885e-01	
   1.0652434213240998e-01	   8.1239608206448460e-02	   2.8781659404239363e-01	  -1.6557256795392158e-01	   4.5875428298216780e-01	  -6.4058011738301723e-02	   0.0000000000000000e+00	   5.1558248635873272e-01	   3.6313761549316148e-01	   2.4856622615562915e-01	   4.4419312844127568e-01	   1.3404138304589444e-01	   4.9284977895415366e-01	   3.1272290435888217e-01	   3.2146338042931555e-01	   1.3646377164899945e-01	   2.1230698261292405e-01	   2.8648461828409655e-01	   4.7821120739832967e-01	   4.2811596777366273e-01	   2.8056495702194678e-01	  -5.4071851942260579e-02	   4.7427562772733106e-02	  -1.3345666480689469e-01	   8.7198988415385675e-02	   2.0929291412061627e-02	   5.1087055912472881e-02	  -1.9849765402822317e-01	   4.9813658543069927e-01	   4.5800214848297116e-01	   4.2317683680548185e-01	   1.4851752598829046e-01	   5.5206121030613220e-01	   4.6772132099776775e-01	  -1.7628809536467482e-01	  -1.6956463758332369e-01	   1.0542340697954954e-01	   4.2244357694974925e-04	   7.9030828940229336e-02	  -1.6641757951336578e-01	   1.5716027586339987e-01	   3.9971524158893115e-02	   1.4730558201973445e-01	   1.4074288528404719e-01	   2.1518459395997816e-01	   8.9439301357746290e-02	   2.7358945748864449e-01	   1.5230424412137833e-01	   2.9756602847061187e-01	  -1.7306240481016054e-02	   2.1086084893988913e-01	   4.8923413225264820e-02	  -1.0787889404762871e-01	  -7.0926987668669984e-03	   1.5754602250001407e-01	   9.6938495508595221e-02	  -4.5370537601499263e-02	  -2.2329799832680484e-02	  -1.2398613154469748e-01	  -2.4443607739226858e-01	   3.3781043834360147e-01	   1.3790249623559986e-01	   5.6648554841597676e-01	   4.3225221632974664e-01	   5.9010444163081606e-02	  -1.5284548801934161e-01	   3.3069119491983490e-01	  -1.7641323608311749e-02	   2.3215234606028057e-01	   2.5526732925440643e-01	   5.1718304322838282e-01	   2.7012015800321615e-01	   2.5314326115037267e-01	   2.6115138589986897e-01	   2.4059061078591965e-01	   2.9812744437576932e-01	   3.1731354496174352e-01	   1.3213993511210809e-01	   1.6574919290448603e-01	   2.9029630692503078e-01	   3.7925734943432893e-01	   2.3484463730983057e-01	   4.6412743971929737e-01	   2.2462005585711220e-01	   1.9563782773194796e-01	   9.4537084470107183e-02	  -2.1571165373411136e-01	  -2.4071991602855275e-01	   3.1505131890755961e-01	   2.7094320472803680e-02	   6.3544051752001257e-02	   1.8423110156198533e-01	   2.9270323534967856e-02	   3.3896543040921734e-01	   2.1499023378057222e-01	   2.6372556712107090e-02	   2.7989473320078961e-01	   2.7306411611875392e-01	   1.3988627991182259e-01	   1.5053261960788161e-01	   1.6731299553580700e-01	   5.9520370276881751e-01	   1.2899828083505574e-01	   3.3879859038574117e-01	  -2.2772853994163600e-01	  -2.0694380069348370e-01	  -1.3168977263637996e-01	  -1.4230000356253253e-01	  -9.9712576359660965e-02	   4.2788155673387361e-02	   2.1308839147236464e-01	   1.8500197272595476e-01	   6.5144932100175398e-02	   2.8179195553226170e-02	  -1.8286267595029254e-01	  -2.7008481044476546e-01	
   9.4074385033016628e-02	  -4.2828052585759738e-02	   6.7324546078585415e-02	   2.2608500247636726e-01	   5.1565438007016773e-01	   5.5345005453100149e-01	   5.1558248635873272e-01	   0.0000000000000000e+00	   5.6863330194043860e-01	   7.6251106762769738e-01	   4.2897096502489762e-01	   4.7267717261833186e-01	   4.8545657170555334e-01	   5.8426268717474694e-01	   8.3120397663442855e-02	   8.7612980901643822e-02	  -5.2297359713332450e-02	  -4.9251629268436278e-02	   2.2274054173945290e-01	   1.0931096499678901e-01	  -1.1971019825970962e-03	   4.3705371776367394e-02	  -9.1034304230120378e-02	  -1.0959421510836008e-02	   9.0924189732326660e-02	   2.8688211049559464e-01	   7.0616406512301236e-02	  -4.8003178900644351e-02	   1.2562307037569520e-02	   7.0533590752339281e-02	   1.4181714550764929e-01	   1.7833760003523413e-01	   1.0903084430714817e-01	   3.1334232745473067e-01	  -3.6126191706390365e-02	   9.4575265508063860e-02	  -9.7954982113893571e-02	  -8.9745391704746547e-02	  -1.7231626340667233e-01	  -1.3221884566496261e-01	  -7.8985676455800277e-02	  -1.7233777493177996e-01	   7.1776770283781349e-02	   5.3420989400505464e-02	   1.5965722359671827e-01	   1.5034555257715132e-01	   1.0053065737308277e-01	   9.4479036421724699e-02	   5.2963877952675070e-02	   3.4785441591695748e-02	   1.2225618303188332e-01	   6.4994401436551621e-02	  -1.0978141614466035e-01	   6.9253777635481573e-02	  -1.5870109393394560e-01	   3.6236538624923563e-03	  -8.2817894895754696e-02	  -2.5713460677925685e-02	  -2.6669745120091803e-01	   7.2388686088723009e-02	   5.3407674948183093e-01	   7.5270640013642343e-01	   1.5137886675900120e-01	   4.4744259442862050e-01	   2.1450804465989648e-01	   4.3932769567127294e-01	   1.0084893389161076e-01	   1.7629999730059936e-01	  -1.5830362215549936e-02	   2.4773129371835928e-02	   1.7471839124599445e-01	   3.3288560507502041e-01	   5.3230288250436311e-02	   1.0366491293624831e-01	   5.7564093722303533e-02	   1.7858132956802988e-01	  -6.6155531695933162e-02	   1.0432592821249374e-01	  -1.0414913817868952e-01	  -5.7155374088922101e-02	   4.8144365539957240e-02	  -1.6074615778412146e-01	  -1.0051989299320873e-04	  -1.7559457336030898e-01	  -1.8343744286503764e-02	   5.8411035422222854e-02	  -3.8736505287372808e-01	  -2.8582152402434491e-01	   1.0140404646168372e-01	   1.0259756584423008e-01	   1.1371926763085388e-01	   8.2218922037082337e-02	   3.3002298036690636e-01	   2.7386426428769144e-02	  -3.6552497230085114e-02	  -8.9585233218144350e-02	  -5.5539512297597488e-02	  -2.8158517370957602e-02	  -8.7648146839079885e-03	   1.8276109071673461e-02	   2.9855122598298472e-01	   1.8309448105336612e-01	   2.1533401461231766e-01	   1.0808964215694258e-01	   3.5929744778640506e-02	  -2.0858427526760034e-02	  -2.1885135247742893e-01	  -2.3279901749555632e-01	  -1.8972967301771243e-01	   8.3906365619853651e-02	   5.1810302867563558e-02	   8.1053809763268511e-04	   5.6209107646710180e-02	   5.5260155959938551e-02	   3.8188893170054377e-03	  -4.6003090005312997e-02	
   1.1539534643309267e-01	   8.1120709802155883e-02	   4.4683831313737243e-01	   3.3977825903350306e-01	   7.8921739788322431e-01	   5.7180589987847630e-01	   3.6313761549316148e-01	   5.6863330194043860e-01	   0.0000000000000000e+00	   7.7043506547211960e-01	   5.1194440237786232e-01	   4.2446114285449771e-01	   4.9733830533044321e-01	   3.9244216272759519e-01	   4.7769836699936064e-01	   2.6482650017653114e-01	  -3.4971773562721664e-01	  -1.2746437969816843e-01	   5.2391988517341237e-01	   1.5896508580109547e-01	  -2.8401108559051147e-01	  -2.2863155937363450e-01	   3.2624782987532441e-01	   2.4360685541094323e-01	   1.7198477098321555e-01	   7.1366375555968198e-02	   2.2040610837506591e-01	   1.4912490316768418e-01	  -4.6594127599629598e-01	  -4.0759504533383684e-01	  -1.0757439523590023e-01	  -7.7721540530339334e-02	  -1.6173252214241424e-01	  -1.3139581608929918e-01	   1.0758269522795097e-01	  -1.2222322234476202e-01	  -7.3408902587115757e-02	  -2.2629070963200215e-01	  -3.2539393800112067e-02	   7.5393267511217263e-03	  -1.2787581098042367e-01	  -4.3589023196589327e-01	  -3.3547985166130445e-02	   2.7181327591988880e-02	  -2.1818520859775675e-01	  -2.2405096531846555e-01	  -7.0469763378841238e-04	   1.0121606683287888e-01	  -8.8457059110519765e-02	   2.0770480069055777e-01	   2.8458414663304760e-01	   2.7877882587694863e-01	   1.0306091676527596e-01	   2.6566798659700230e-01	  -2.1448246303610394e-02	   3.2657913382777772e-02	  -6.5081852255822817e-02	   1.4205319637063030e-01	   2.2169693121238187e-02	   3.1619571645181399e-01	   7.7663674555634654e-01	   6.0355749376549139e-01	  -4.4145777266734340e-02	   4.1188546554922884e-01	   7.1713016148840236e-01	   6.1062420022110975e-01	  -2.1834295179062313e-01	  -2.0046063289050114e-01	  -4.7786808363970701e-02	   3.0275759089393506e-02	   1.0983518915905122e-01	   2.3930893402851489e-01	  -1.4185502696579927e-01	  -2.1554402253445160e-01	  -3.1729558129741015e-02	   6.5274784774989630e-02	  -3.8740971196257046e-01	  -3.5942934519650027e-01	  -4.4151159763129089e-01	  -2.7547446226113192e-01	  -3.3664442551352702e-01	  -3.1359188040492342e-01	   4.8723140034282783e-02	  -2.1404941641421221e-01	   1.9971225932802891e-01	   1.4127945982179002e-01	  -6.5678293985208955e-02	  -5.8976661879937255e-02	   5.3191088340694936e-01	   3.6625272762512084e-01	   3.5033589152737288e-01	   4.0725340055073966e-01	   4.5859127548440393e-01	   4.1808812309075133e-01	  -2.6394759498346321e-01	  -3.8007694409443227e-01	  -3.5697513699376671e-01	  -4.5497517079834460e-01	   8.4471710077877030e-02	   1.4280204435389432e-01	   2.6754901205026360e-01	   1.4512080608056316e-01	   1.1867215082648776e-01	  -1.0146632632660621e-01	   3.7209354041854692e-01	   3.9237139903505025e-01	  -5.4261255845533901e-02	  -1.6711652231838456e-01	  -4.5279210868626696e-01	  -1.8825514776349897e-01	  -2.5207079109806702e-01	  -2.4369029317634093e-02	   7.1619960309286412e-02	  -7.1655015565686375e-02	  -1.0520909558535418e-01	   5.4113086676732591e-02	
   4.7803602925593228e-02	   2.3772112299978868e-03	   2.2178649544967161e-01	   3.4011097866868317e-01	   6.1095747284362878e-01	   6.5007234284080417e-01	   2.4856622615562915e-01	   7.6251106762769738e-01	   7.7043506547211960e-01	   0.0000000000000000e+00	   3.8106922780440455e-01	   5.0070475729083386e-01	   4.3354346132641342e-01	   5.0989944800738141e-01	   2.8749336591598190e-01	   2.5946066051918698e-01	  -1.8476340046119494e-01	  -5.7132298785560795e-02	   4.2142169302649296e-01	   1.1676310474042725e-01	  -2.5508581081425918e-01	  -5.0518789465737499e-02	   2.0326697804475230e-01	   2.3505937993128342e-01	   1.9639603926237759e-01	   3.0988648055510154e-01	   9.3988826564386868e-02	   2.5928342776100306e-02	  -3.3837248255461599e-01	  -2.1488069420233730e-01	   1.6097423745339574e-02	   1.1830032263887805e-01	  -1.3578180779666668e-01	   2.0400096033220232e-02	   7.3469589550613806e-02	  -1.7775375536559545e-03	  -2.1751958163330126e-01	  -3.1765969927748761e-01	  -2.0166418131593203e-01	  -8.9905105811588545e-02	  -2.1392545714486319e-01	  -4.6471324977871065e-01	  -3.7730479986796545e-03	   2.0314697911527135e-02	  -6.7307601538219866e-02	   6.3491562154969162e-03	   3.0661603673944448e-02	   1.2087243647163631e-01	  -7.6955637573399252e-02	   2.7063868590047579e-01	   1.0394697174671400e-01	   2.2797395847894525e-01	   1.8432307994752511e-01	   3.4856467309075434e-01	  -1.0206586575910399e-01	   1.1392887634052301e-01	   4.9631386452463015e-03	   1.7059569792652060e-01	  -1.3225249674866127e-01	   3.4442342592293018e-01	   6.5227565274440491e-01	   7.9944004923153833e-01	   2.8290154367863057e-02	   4.9079835425766394e-01	   5.2191651250243609e-01	   5.8460301747341925e-01	  -3.0639971391982523e-01	  -1.1118426258595536e-01	  -5.9696742840500853e-02	  -1.6948537742099201e-02	   6.8296339280728272e-02	   3.9329270649403764e-01	  -9.4624038655911832e-03	  -2.1389809235947799e-02	  -7.1682436987599546e-02	   5.9572122688073686e-02	  -2.6708176867532979e-01	  -1.0233882035719896e-01	  -3.5920240521157054e-01	  -2.7325697352423250e-01	  -1.8313292846216167e-01	  -3.0627804461944680e-01	  -3.6374553603602394e-02	  -2.1714396525918778e-01	   1.1420048961612181e-02	  -6.6085580882757511e-02	  -2.5783139596443461e-01	  -2.3766894945119471e-01	   3.1750508474434114e-01	   3.2599355912485850e-01	   3.4461646384753875e-01	   3.4694858582104005e-01	   3.9534805927974270e-01	   1.4097802099637996e-01	  -2.0410982404437100e-01	  -2.9709617365230384e-01	  -3.9028289710951752e-01	  -3.3571178088896880e-01	   1.0815881016513001e-01	   1.9519238482311813e-01	   3.2615342711327822e-01	  -4.8543614458150974e-02	   1.8387583615573416e-01	  -1.3402948037882612e-01	   2.6175824724279911e-01	   2.3675045245469706e-01	  -2.8020471654345347e-01	  -3.9279268697827929e-01	  -3.5169155444529010e-01	  -1.6092760195552819e-01	  -2.0750875505288613e-01	  -9.0112233837248683e-03	   4.5957145387160427e-02	  -1.9197499871545470e-01	  -2.4043623153713142e-01	   8.2438617254907056e-03	
   2.9535511584870344e-01	  -2.3953406260356316e-02	   1.2176573192886078e-01	  -1.6665262988998147e-01	   2.8151910806597225e-01	   1.5462180106499368e-01	   4.4419312844127568e-01	   4.2897096502489762e-01	   5.1194440237786232e-01	   3.8106922780440455e-01	   0.0000000000000000e+00	   5.2910557294659066e-01	   8.7373764005278431e-01	   6.9401015598556404e-01	   1.9397995198617335e-01	   5.3606244542414930e-02	  -5.8940274983502218e-02	   1.1206155132006224e-01	   2.5333350022010315e-01	   4.6915106633408268e-02	  -2.3259890800386307e-01	  -3.4320755712797552e-01	  -6.9906801892503548e-02	  -2.0351970120118318e-01	  -3.1322265511356873e-01	  -3.9858729822123379e-01	  -9.6434257763669928e-02	  -2.3151017471630586e-01	  -4.8362160288635089e-02	  -9.0795652365136564e-02	  -2.1399406275615124e-01	  -2.7529602728262365e-01	   1.0563469216149973e-01	   7.1257360173956036e-02	  -1.8738414139559531e-01	  -4.2725000373525429e-01	   3.1652023370297766e-02	  -1.4580358997398835e-01	   6.9928997726320705e-02	  -5.2855547409180036e-03	   4.8325630694569979e-02	  -9.1913432683726953e-02	   5.8906067108274715e-02	   1.1562264264455673e-01	   4.5300787089027780e-02	   2.3270894247998775e-02	   6.1877242477863560e-02	   4.3198445617539709e-02	   1.4466612851115312e-01	   4.8941633010977155e-02	   2.5948858016383181e-01	   1.2053057528573741e-01	  -2.3499327150408644e-01	  -1.6751677126993231e-01	   8.2645530506036263e-02	  -8.8510402824430137e-02	  -9.0137735231666322e-02	  -5.4204448086396559e-02	   4.0652395211459434e-02	  -5.5797390306882549e-02	   7.3057470115391121e-01	   5.2761720722858430e-01	   3.5721593266495544e-01	   4.3981967286724988e-01	   2.8849840079935463e-01	   1.7095972217811820e-01	   1.9593014322238994e-01	   3.8562313352083983e-03	  -9.0712564790876984e-02	  -6.9523317291048770e-02	   2.8352393658524977e-01	   1.8156724067998953e-01	   1.9498015315381166e-02	  -1.0220686022002123e-01	   1.1078165514411395e-02	   1.2684193930680226e-01	  -3.8907250250945241e-02	  -1.2521506776668750e-01	  -2.9978308520685309e-01	  -1.4194246735265048e-01	  -3.2238434665199045e-02	  -2.8954518880817334e-02	   8.3243147656009264e-02	  -8.1986909369087618e-02	   2.3833769620394799e-01	   1.1205591787208830e-01	  -1.3794203690006307e-01	  -1.4384378423955829e-01	   3.7413062124274088e-01	   9.4067223651554371e-02	  -5.6360041226517797e-02	  -8.1750531150298816e-02	   1.2686124180682484e-01	   8.8813110783003690e-02	  -3.0765494178728356e-02	  -9.9882730092375138e-02	  -4.6263723207717711e-02	  -1.0121501110011366e-01	   8.1284411957773823e-03	  -1.0760935080462672e-01	   2.2987675411543648e-01	   2.7589142422495611e-01	   2.2571479511040971e-01	   9.2657910581597835e-02	   1.1786574632475358e-01	   1.0987121307112169e-01	  -1.7677543887702563e-01	  -1.5216160555538191e-01	  -1.5704345329167302e-01	  -1.4760897145536284e-01	  -1.7735410348651154e-01	  -1.1769158188907893e-02	   6.3318224783352292e-02	  -5.7703426364357352e-02	   8.4762510051637457e-02	   9.6541920214597537e-02	
   3.0584056130617138e-01	   1.6150813416449553e-01	   2.7334872676983712e-01	   3.1146321128650839e-01	   4.0561227000470357e-01	   4.2616520514760509e-01	   1.3404138304589444e-01	   4.7267717261833186e-01	   4.2446114285449771e-01	   5.0070475729083386e-01	   5.2910557294659066e-01	   0.0000000000000000e+00	   3.2474120570015830e-01	   8.0255156606668487e-01	   2.2615837090151325e-01	   3.6023000780747838e-01	   3.4445417265021760e-02	   1.2918285664045770e-01	   3.4562006336717921e-01	   2.4985879815579748e-01	  -1.5109414253308256e-01	  -1.5666418326605376e-02	   2.6028433222109026e-01	   2.9160477801162143e-01	   6.0928376536836117e-02	   1.0937552617298915e-01	   1.0291119674466072e-01	  -1.5748668412993730e-02	  -1.6371007001943486e-01	  -3.9699687215778864e-02	  -2.0924315264493371e-02	   4.0368828251362038e-02	  -1.5130241681951553e-02	   1.6347481903481265e-01	   6.6848242982249464e-02	   1.6909402866883652e-02	   8.0686922398246902e-02	   1.9122295175681307e-02	   4.1028368166378143e-02	   2.7709956779745626e-01	  -1.2902083232418182e-02	  -2.6019817150774682e-02	   2.4447393606966547e-01	   3.2797576296816672e-01	   7.5148170988922693e-05	   1.7416406827565756e-01	   3.4618053983003982e-01	   3.0852958108446221e-01	   1.9039895563562248e-01	   5.0711258876800613e-01	   4.1986163885174999e-01	   5.4962419095392900e-01	   3.5896430213716046e-01	   3.5783591199494713e-01	   2.7586163734333796e-01	   3.5217590559329481e-01	   1.3747258515148492e-01	   2.4150921362544253e-01	   1.8678393180210492e-01	   4.3627727143690487e-01	   4.6789331353723762e-01	   7.0654955961643329e-01	   2.1018680450610405e-01	   6.8413158452237965e-01	   2.5136556902977131e-01	   3.3373411349743792e-01	  -1.8784321413575206e-01	  -1.3425197729792650e-02	  -5.6382767206671069e-03	   3.7678333401193295e-02	   2.9840650442436123e-01	   3.7817676605201267e-01	   1.2748946211808102e-01	   1.4277041613659902e-01	   2.0243621130321132e-01	   3.8246103567588213e-01	  -3.6106157353707397e-02	   1.1092424567876431e-01	  -2.6749422181969640e-01	  -2.0580999490895835e-01	  -1.5409919202562355e-01	  -1.0929741784452857e-01	   1.4260810149425296e-01	   6.8231040228439177e-02	   1.6908846147597900e-01	   2.5240399079489928e-01	  -4.5893906001113587e-02	  -4.0319394643491976e-02	   1.7479912033792919e-01	   4.4738042030842418e-01	   3.3451430289299983e-01	   1.9802384809549251e-01	   4.5529944132661604e-01	   1.1029268330035236e-01	  -1.7727368927876197e-01	  -1.5593582780653575e-01	  -1.0051153675455402e-01	  -1.9294528351174239e-01	   2.9818089432561318e-01	   2.3733443655560799e-01	   4.7363185857204798e-01	   1.1255929867829409e-01	   2.4946144399125844e-01	  -3.6945517559869591e-03	   1.4540219316378633e-01	  -3.8167766119552735e-02	  -4.8398378931197528e-01	  -4.0061380781999678e-01	  -3.7321843119807707e-01	  -6.4530902588969666e-02	  -3.1302172029758796e-02	   5.9829702727859015e-02	   1.6914632915321046e-01	   2.0575325731213373e-02	  -1.9506921536885765e-02	  -1.0724827802167675e-02	
   2.2822617294551059e-01	  -1.2458485860620976e-02	   1.1986033328264546e-02	  -2.3556306171963406e-01	   2.1177007214267141e-01	   1.7820096832458870e-01	   4.9284977895415366e-01	   4.8545657170555334e-01	   4.9733830533044321e-01	   4.3354346132641342e-01	   8.7373764005278431e-01	   3.2474120570015830e-01	   0.0000000000000000e+00	   6.3201899192618605e-01	   1.5110485704209109e-01	  -8.0770496598909461e-02	  -4.4602440277310126e-02	   1.2559623607716749e-01	   2.0013215476768081e-01	   1.5833246275093013e-02	  -2.0801612590416818e-01	  -3.0934028460012070e-01	  -1.8708631362134018e-01	  -3.2056571038835391e-01	  -2.4297818701523288e-01	  -3.0469768159059080e-01	  -1.5981219783821393e-01	  -2.3555475847554533e-01	   2.0334348201974828e-02	  -5.8557596617546226e-02	  -1.2711455670306190e-01	  -2.3635869314892716e-01	   2.3417630660194300e-01	   1.5343371834885883e-01	  -2.3704609980421504e-01	  -4.0729367607384892e-01	  -3.8386501664305642e-02	  -1.5376059080071958e-01	   8.2564580371603843e-02	  -4.5119744628084532e-02	   4.5593871824545704e-02	  -1.4008101013363039e-01	   1.0056180044144530e-01	   1.2433577447211037e-01	   1.9136477308287075e-01	   1.1756068943074925e-01	   6.0595909834579451e-02	   5.5891511528089931e-02	   1.2948061859642732e-01	  -5.7334657520156006e-02	   1.0381582663107086e-01	  -4.0834770993069647e-02	  -3.6826612124920610e-01	  -2.4624276232249526e-01	  -1.5923636917634088e-02	  -1.2160539473339521e-01	  -8.5018915686438462e-02	  -1.1725304726777591e-01	  -1.3292408236801137e-01	  -2.1340404804974483e-01	   7.2219305660934152e-01	   4.9380768708376421e-01	   3.3643953390570386e-01	   3.3950464531816860e-01	   2.9776696379919365e-01	   1.7833696070283767e-01	   2.9695129053978614e-01	   1.0464202381536516e-01	  -3.1974681005894262e-02	  -2.6543468654354065e-02	   2.5227600923383858e-01	   2.1491574086816234e-01	   3.1365292699815667e-02	  -6.4320407354891113e-02	  -1.3588093992263006e-01	   2.3208889580956689e-02	  -9.3886887641339775e-02	  -1.6697879446586422e-01	  -2.4238235143804696e-01	  -9.8399407797973890e-02	   7.3417288997343857e-02	  -8.8867701308197773e-03	   8.9913737882960129e-02	  -1.3669269208607690e-01	   1.7995167417557428e-01	  -3.9481306387718552e-02	  -1.3951976280737752e-01	  -1.5142262248250593e-01	   3.9521511682364419e-01	  -7.9531367479046787e-03	  -1.2991610115600769e-01	  -8.2139483414907677e-02	   7.7356464812527045e-02	   7.1000572175321228e-02	  -3.8788011837181881e-03	  -1.0857192689726294e-01	  -5.6234323174189152e-02	  -4.2995581708856395e-02	  -6.0805472269377860e-02	  -1.2528117113878701e-01	   5.9815684100350069e-02	   2.4043483368142321e-01	   1.3381945555138089e-01	   5.0905967100922489e-02	   1.0370203060696309e-01	   1.1843470180238269e-01	  -9.5867450160428996e-02	  -1.9147199167850756e-01	  -6.8925658569990639e-02	  -1.6355551861737069e-01	  -1.2746049870935297e-01	   1.2621765198824129e-02	   4.5702533021846486e-02	  -1.2794627593970315e-01	  -9.4625720369840988e-03	   1.3023811675146019e-01	
