   0.0000000000000000e+00	   5.5846292661471997e-01	   6.7152821657701223e-01	   5.1288796085521660e-01	   3.2671573018348155e-01	   3.5790997159082927e-01	   6.6764025941786154e-01	   6.5547270000928037e-01	   4.9794470929859858e-01	   3.2912723145572553e-01	   5.6662223977514325e-01	   7.4998872023765495e-01	   6.5167191997606988e-01	   6.7010766501228480e-01	   4.9887786565165904e-01	   5.5713551894095259e-01	   6.3542117286089139e-01	   5.1997643200290111e-01	   7.9275167871680652e-01	   5.1981701403060820e-01	   5.6379092825970178e-01	   5.7018793719580863e-01	   4.1496510014703147e-01	   3.6759384912021192e-01	   1.8526467100466665e-01	   1.4840998638809544e-01	   2.0267991402764146e-01	   1.6978514491229041e-01	   6.8086874600492753e-01	   6.1452057015458750e-01	   5.3893456346173851e-01	   4.6542424838065177e-01	   7.3026987187527259e-01	   7.0329056996385542e-01	   3.5908225974139507e-01	   3.5196188550764529e-01	   4.4444052626899916e-01	   3.9328530110698123e-01	   5.1029085362179860e-01	   5.5055056541440628e-01	   6.0829763237562351e-01	   5.1705844652790933e-01	   5.8285841155037754e-01	   5.5551045531469234e-01	   4.8872323204725476e-01	   4.0998976075941557e-01	   5.1960934242365897e-01	   4.4702328921035295e-01	   4.0916091983104635e-01	   3.5376303823092836e-01	   5.9838754924806759e-01	   4.9455245592117708e-01	   5.5628405295874184e-01	   4.7250855930986357e-01	   5.9645570948111493e-01	   4.7488614553186426e-01	   7.1421520222084700e-01	   4.4517951399270783e-01	   7.6377959307152343e-01	   6.2114578144259736e-01	   7.6937370380187153e-01	   6.5747963455525926e-01	   6.2676121299128806e-01	   6.3398077160225985e-01	   3.7790832368295824e-01	   4.5600926877122178e-01	   6.7529812041595405e-01	   6.0916461805319511e-01	   4.8569185778601087e-01	   4.7049044878641771e-01	   6.9517242104547772e-01	   5.9790019510653636e-01	   6.2339969505125048e-01	   5.3643305985606915e-01	   6.2936988366531654e-01	   6.3312866217227182e-01	   7.1688283887879045e-01	   6.0759438747161232e-01	   6.3498582696964967e-01	   6.2322823325667509e-01	   6.9230709017670922e-01	   6.9478429815032339e-01	   4.5589728357007220e-01	   3.4860571717247579e-01	   7.0050234173419912e-01	   6.8325493006220717e-01	   3.5459615202645711e-01	   3.7514355809940547e-01	   6.3421552964842121e-01	   6.2087369241926105e-01	   4.4261895190341993e-01	   3.5951525929516970e-01	   2.4360175028361650e-01	   5.3823327700359302e-01	  -4.0475379708238543e-02	  -5.3316330247342014e-03	   3.4814518661773519e-01	   3.2104108851768937e-01	   4.6799872405312826e-01	   5.4429565061455876e-01	   4.0842717563772202e-01	   5.6282784827686838e-01	   4.1424335455948325e-01	   5.6498620274025546e-01	   5.3636774430867826e-02	  -6.1241366149029169e-02	   3.7618247677671474e-01	   3.1945305164026028e-01	  -5.7613324499032101e-02	  -3.4034206116697281e-02	   2.8701362853284673e-01	   5.1035565262938143e-01	   5.8145533526037163e-01	   3.8404558861347993e-01	  -1.4959209149845737e-01	  -1.7563907402548862e-01	
   5.5846292661471997e-01	   0.0000000000000000e+00	   3.7310529793937619e-01	   4.2252433947788076e-01	   2.5374285247112627e-01	   2.3671360464369881e-01	   3.8481154553489533e-01	   4.7891398425571979e-01	   3.2162948681956993e-01	   1.9017354729655644e-01	   5.1489770734646401e-01	   5.7882957904628674e-01	   4.1832229660255033e-01	   5.1660247247382318e-01	   3.6084316463306082e-01	   5.7738368816984342e-01	   7.3065995650836013e-01	   8.2513065019383935e-01	   5.5396734640067891e-01	   5.9800602664017455e-01	   6.1060988302982344e-01	   5.7075922588156291e-01	   3.3953298970360923e-01	   3.0453210817479415e-01	   2.6963272523650528e-01	   2.8559358121466716e-01	   2.0264720566590289e-01	   1.6778883025533531e-01	   6.9165683808051792e-01	   7.7513863306835351e-01	   5.4851350410358801e-01	   4.4834353564287044e-01	   6.6299613880119179e-01	   7.0593957064667379e-01	   3.1980146216905525e-01	   3.3732518901676362e-01	   5.5395013942738780e-01	   5.2866580859893331e-01	   5.4097765151753585e-01	   5.9587004409174993e-01	   6.2026812233363526e-01	   6.2033144778553106e-01	   6.5095396868180821e-01	   6.3682388371652521e-01	   5.3313635868842357e-01	   4.6948865517739996e-01	   6.7366166604665734e-01	   5.9226028579468337e-01	   4.5739868108012205e-01	   3.5032069596854842e-01	   5.6231322595517674e-01	   4.6794043631724758e-01	   5.9110672728805702e-01	   4.8405728740335924e-01	   6.6655670586032223e-01	   5.9704006634441997e-01	   6.8463278347258993e-01	   7.8783353993147009e-01	   4.1267626221103693e-01	   5.0119881217826734e-01	   5.2721687507866655e-01	   5.7261861969434080e-01	   6.4632656943342237e-01	   7.7637872167836741e-01	   2.8287157976809468e-01	   3.5584261413379409e-01	   4.9971125292900531e-01	   5.4356019300172220e-01	   5.0418786536448756e-01	   5.1832976821759424e-01	   6.7736357264235103e-01	   7.4017278115637042e-01	   6.3852983666278362e-01	   7.4450615765571937e-01	   6.5075317370069763e-01	   7.5561408619114789e-01	   6.8338423826485850e-01	   7.4152222617714081e-01	   7.2900468551261388e-01	   8.0155545547929963e-01	   8.0498199784005875e-01	   8.3672841852361035e-01	   4.8548091486434597e-01	   5.3331138871272765e-01	   6.8694424704879409e-01	   6.9233627724084901e-01	   3.8769375340418166e-01	   5.3343608207891147e-01	   5.6491082989364472e-01	   6.4373629523759535e-01	   5.1457017188259369e-01	   2.4830984025457395e-01	   2.6340268993987265e-01	   3.3664673151755153e-01	  -5.5503538637669853e-02	  -3.9798902756082071e-03	   5.3630576246209904e-01	   3.4869332485619797e-01	   7.1204623218432550e-01	   5.0173559554805380e-01	   4.4624979389106190e-01	   3.5486332193618453e-01	   3.6517383941068743e-01	   3.7194818692118392e-01	  -1.7654174185535425e-02	  -2.3333207619804941e-01	   3.0171695977378044e-01	   2.3081619144585502e-01	  -1.3714614026612268e-01	  -1.2862572193661656e-01	   4.2824965356179556e-01	   5.9442055942471450e-01	   5.5436036692092994e-01	   3.8372164442704104e-01	  -3.2950929552338382e-01	  -4.1997572145591161e-01	
   6.7152821657701223e-01	   3.7310529793937619e-01	   0.0000000000000000e+00	   8.5568924465880958e-01	   3.3933010358455129e-01	   5.8523921535327417e-01	   8.8003514168400288e-01	   8.3924590803770682e-01	   7.0163489716226335e-01	   5.4612365838900589e-01	   3.5490189988664850e-01	   6.2592377136515154e-01	   7.9662121704440669e-01	   7.6068005298540153e-01	   6.4783879496927843e-01	   6.5878432245014829e-01	   3.4886233679637857e-01	   2.6383666748854190e-01	   6.1948537249858937e-01	   3.5211930683009030e-01	   5.3605983365408660e-01	   5.4065744061582799e-01	   8.1444410397052580e-01	   7.7726504818575193e-01	   4.3843759788792303e-01	   4.8068544132785285e-01	   2.2778888264540934e-01	   1.5053098408362559e-01	   5.1460797777729117e-01	   4.6145178453700592e-01	   7.5572304635584686e-01	   7.5732615066811904e-01	   6.6097514139348101e-01	   6.4784057173922149e-01	   5.3904328313187877e-01	   5.1460009952425712e-01	   3.1342146377446367e-01	   3.4923520841923172e-01	   4.2908752455323346e-01	   3.6843887580753232e-01	   4.5686406847127015e-01	   4.1441158204011125e-01	   4.6299937819424902e-01	   3.8376356865099126e-01	   3.5766527052675628e-01	   2.4149568333343499e-01	   3.4389472880575400e-01	   2.8727725643431479e-01	   2.1013099959234738e-01	   1.2124341923416884e-01	   4.3553395632202735e-01	   3.9535296323173263e-01	   3.6442291197758814e-01	   2.8897653047516070e-01	   4.3405247722138368e-01	   3.6730364666247745e-01	   4.1905774955993708e-01	   2.1059609975122234e-01	   5.6014199136472675e-01	   4.5916713314389851e-01	   7.1598426328461029e-01	   6.1631976855285453e-01	   2.6576803047251718e-01	   3.0314878010270557e-01	   6.4083080701025585e-01	   6.6515850963290135e-01	   7.0345055675139334e-01	   6.5170866141587303e-01	   3.1504880164539184e-01	   3.7995562517516945e-01	   7.0658176937719430e-01	   6.7410136073100657e-01	   5.2852494878797063e-01	   5.4357051549130730e-01	   4.8577110833114479e-01	   5.6855852670391749e-01	   4.1847899788989701e-01	   4.0119456544348298e-01	   4.9150022515646530e-01	   4.1612632421526863e-01	   4.8261260930027766e-01	   4.5861637937850719e-01	   4.2314502036050378e-01	   2.9777091273997747e-01	   7.0671101642327228e-01	   6.5101196774253589e-01	   4.8297054061797950e-01	   5.0575950798359315e-01	   6.4778763590837585e-01	   4.7768757690661268e-01	   3.3467825595030920e-01	   2.6093527971236696e-01	   2.4273427644807527e-01	   4.3358899524557831e-01	  -1.1138361857796149e-02	   3.4419833554976659e-02	   2.5013702909546021e-01	   1.0916563568118681e-01	   2.1838016008325500e-01	   2.0613784498846355e-01	   2.7326955792197599e-01	   4.0530808312347538e-01	   3.0146143627485705e-01	   4.1966322550416207e-01	  -1.9574140678678527e-02	  -5.5282920191327911e-02	   1.7330377234290223e-01	   3.3192296207385719e-01	   1.3426470241049288e-02	  -9.9730988518394958e-02	   2.7115909704490626e-01	   3.1473908796668004e-01	   3.2322420378460848e-01	   2.0589445593918682e-01	  -1.6853073353107587e-01	  -2.4194955640187138e-01	
   5.1288796085521660e-01	   4.2252433947788076e-01	   8.5568924465880958e-01	   0.0000000000000000e+00	   1.8354451569494609e-01	   6.3624646779205118e-01	   7.1571422479846936e-01	   8.2389085057524303e-01	   7.3568268635376399e-01	   7.1488443911285704e-01	   2.3884188165619386e-01	   5.8910205759042289e-01	   6.7238799439182606e-01	   7.4216886790715331e-01	   6.0716745477297085e-01	   6.7153918786785416e-01	   3.1346403899112807e-01	   3.0492753506687997e-01	   4.9898915287020656e-01	   3.6809821820796051e-01	   4.7552728088291235e-01	   5.3111540832510151e-01	   8.6128243616400535e-01	   9.1285590423503604e-01	   3.8608513397905964e-01	   5.7084103658369412e-01	   9.2587372982224858e-02	   2.4088977342527740e-02	   4.3111842304718534e-01	   4.9736090345371153e-01	   7.3729249061212476e-01	   8.2830234631896160e-01	   6.3119356867498033e-01	   6.5204645764516234e-01	   4.9209437317393045e-01	   5.1726083576223292e-01	   3.7918054015073566e-01	   4.8022836031817823e-01	   4.7201197447874255e-01	   4.2778011130390742e-01	   4.5379442932000341e-01	   4.7718695292373486e-01	   3.8583774842592311e-01	   3.4392977444108463e-01	   3.3169095923038971e-01	   2.7833089659102334e-01	   3.8733361716541015e-01	   3.4117989606450289e-01	   2.3594049115313265e-01	   1.4672732183223228e-01	   4.5176914973044013e-01	   4.5209641204868239e-01	   3.6541666233376058e-01	   2.9606668408418602e-01	   4.8278932164977606e-01	   4.7622377756016643e-01	   3.7232999462947403e-01	   2.8201700019177056e-01	   5.1465079018565163e-01	   5.1791647618024883e-01	   5.6311349384316067e-01	   6.3368990647477308e-01	   2.2459400329595985e-01	   3.2158340261574114e-01	   6.0904358991923768e-01	   7.4633719673507692e-01	   6.7181730446520316e-01	   6.7591167529824780e-01	   3.3627402484682284e-01	   4.5107531496810122e-01	   6.4206736493133354e-01	   6.7023754477304909e-01	   4.3905979337098500e-01	   5.7057782269773871e-01	   3.7210591247660540e-01	   5.3552126004518685e-01	   4.0848276461413202e-01	   4.4642160745299719e-01	   4.9481432585471419e-01	   4.7263845726617421e-01	   4.9984118112304710e-01	   4.7088247818326867e-01	   4.8187938295558908e-01	   3.9964432332694744e-01	   7.0376576545070135e-01	   6.3183295488433711e-01	   5.9284814851742829e-01	   6.2929203264370748e-01	   6.8631894937254223e-01	   5.4620026071345906e-01	   3.4707609975040576e-01	   2.0159845710775492e-01	   2.7053757906223741e-01	   3.6893187374078418e-01	  -1.2390037661859126e-02	   1.0549225879184000e-01	   3.3929959362209133e-01	   1.0481463328975849e-01	   2.7596373380840711e-01	   1.8222169593988580e-01	   2.5345996293685480e-01	   3.1457303526518016e-01	   3.0935247916421338e-01	   3.7472286207621031e-01	   5.6465204133654960e-02	  -7.4565647889529699e-02	   2.5376086305640144e-01	   4.1086589576648602e-01	   4.9512827158428897e-03	  -2.0794119403991984e-01	   3.5668428075750969e-01	   3.3368721122189543e-01	   2.8401948783495040e-01	   2.0923478587522637e-01	  -1.6561162148941108e-01	  -3.3576891598883274e-01	
   3.2671573018348155e-01	   2.5374285247112627e-01	   3.3933010358455129e-01	   1.8354451569494609e-01	   0.0000000000000000e+00	   5.8799413423005098e-01	   3.5719863440767663e-01	   3.4189746723399800e-01	   2.2315946123050318e-01	  -1.5991133329126525e-01	   4.4332100215476400e-01	   3.9311858223467344e-01	   4.7975945984450125e-01	   4.0577855384516859e-01	   3.2671177297697873e-01	   2.2998050477015336e-01	   2.0860155333697050e-01	   1.9241555050272591e-01	   3.5176771635798643e-01	   2.4949053118164899e-01	   5.7442882473489143e-01	   5.6407428030697004e-01	   1.4738133903885028e-01	   2.1807382031536194e-02	   6.9242661852526421e-01	   4.7769356970663901e-01	   8.6996439743055887e-01	   8.7513330232755160e-01	   1.4693711548916244e-01	   3.8563563584395895e-02	   2.6791206914736965e-01	   1.0243848031675112e-01	   2.4935488168444947e-01	   2.0636268635961180e-01	   2.3766556152598450e-01	   2.3753686797966048e-01	   4.4436116839810066e-02	  -8.4425137946054080e-02	   1.2489207260880279e-01	   1.3210365391680631e-01	   2.5854509666777203e-01	   1.1199711833322926e-02	   3.2140589463072278e-01	   2.6448644939464072e-01	   1.5573029486475320e-01	   1.6738867555540327e-01	   2.7922002469151447e-01	   2.5523571526569716e-01	   2.7564513563989468e-01	   2.9258724830474714e-01	   3.4917734707487219e-01	   3.6069644652130756e-01	   3.3188181508024728e-01	   4.4333882192541835e-01	   2.3351853703603409e-01	   1.1479096201391201e-01	   9.1375174482599839e-02	   3.1605059315346670e-02	   1.9731969293517396e-01	   1.9606203680451917e-01	   2.9732783044391903e-01	   1.4754277450466963e-01	   4.6396169801567938e-02	   1.9696951008898900e-01	   2.7268817183958233e-01	   3.7849351423931987e-01	   3.0229459475983944e-01	   3.6279829593580115e-01	   1.8137327067652703e-01	   1.9733292777667788e-01	   4.3334496098714814e-01	   3.6760147174126889e-01	   5.1597625109451095e-01	   2.8163235032463907e-01	   6.3667333896896805e-01	   3.6256611846754533e-01	   1.0293663918176249e-01	   1.2174794655700892e-01	   1.3252867817853886e-01	   1.2832143849664035e-01	   1.1792176537008099e-01	   1.6259016516928163e-01	  -5.6510157254260888e-02	  -1.5875600749093322e-01	   1.9501980431005816e-01	   3.9339022774336208e-01	  -4.6915666031052801e-02	   2.3738213771006246e-02	   2.4292503179169550e-01	   2.8944855555889620e-01	   2.7429255985036866e-01	   3.1935734655773529e-01	   1.9915461057995482e-01	   4.4427136595996219e-01	   1.1323263381971413e-01	  -1.6602664008872825e-01	   9.8195723999272039e-02	   3.8647602328659089e-02	   1.3081787131219177e-01	   8.4378687314541748e-02	   2.1598840432743852e-01	   3.5166663132636683e-01	   2.0197049390284888e-01	   2.3214624452331395e-01	   2.2111017208917488e-02	   1.0746613773470472e-01	  -3.3118629228921614e-02	   5.1855034560429183e-02	   1.6595616311902025e-03	   1.0357028908246169e-01	  -1.3523820186049873e-01	   1.3733544032275743e-01	   1.5969396907801109e-01	   1.0217423972223079e-01	  -4.5748485391178852e-02	  -3.8848675054999338e-02	
   3.5790997159082927e-01	   2.3671360464369881e-01	   5.8523921535327417e-01	   6.3624646779205118e-01	   5.8799413423005098e-01	   0.0000000000000000e+00	   5.1319620190230919e-01	   5.4136354154005917e-01	   7.3845302081170716e-01	   5.7853158327934084e-01	   2.9773060148600516e-01	   4.4111345110977118e-01	   6.3506080852367719e-01	   5.2438451942744702e-01	   7.0061927503267474e-01	   5.1287988057754563e-01	   2.8994292317455561e-01	   2.1775212516319348e-01	   4.3017524124227541e-01	   3.0043010075870280e-01	   5.7037226386086071e-01	   5.8677845831959052e-01	   5.5875346786297508e-01	   5.7393280651859524e-01	   6.1182896106044482e-01	   7.5890822995885909e-01	   5.0087494797561771e-01	   4.7296727860757004e-01	   3.4301541462547802e-01	   3.2765857105492502e-01	   5.0949451396666268e-01	   4.9531360966330812e-01	   4.2956446577272528e-01	   4.1335626185106961e-01	   3.8407583093436820e-01	   4.0574141472850389e-01	   3.1113235279337065e-01	   2.6953204828075616e-01	   3.5120713864260583e-01	   2.5984979115347479e-01	   5.6316078707715911e-01	   3.5489507386437752e-01	   2.9790556277224095e-01	   2.6876245137209381e-01	   2.9242774125605919e-01	   2.8440417383569316e-01	   2.9395737347809192e-01	   2.4596275023986702e-01	   2.2282354655024517e-01	   2.1598179979919291e-01	   3.1296430046282014e-01	   3.1818211549447883e-01	   2.8549404198849671e-01	   2.8451374708061405e-01	   3.5013365615487024e-01	   3.0542242565589789e-01	   2.4594094806263478e-01	   1.4757369012382976e-01	   3.4648259004337367e-01	   3.3881081385954903e-01	   4.2489062269341515e-01	   4.4368390385867817e-01	   1.1550991961877649e-01	   2.1830488748893470e-01	   4.2654888589337814e-01	   5.4384816981500106e-01	   4.7572547070089810e-01	   4.7683286331864888e-01	   3.4907723392376050e-01	   4.1208586253642709e-01	   4.7908741823745882e-01	   4.1606040575249154e-01	   4.5739400903946259e-01	   4.4311438573347617e-01	   4.3415271518611059e-01	   4.0798450584292245e-01	   1.3332082308985821e-01	   1.3489040810353675e-01	   3.4531191976500553e-01	   3.0394967051903388e-01	   3.6900975622159760e-01	   2.9595909295537554e-01	   3.4371135129146191e-01	   2.3194559247751440e-01	   4.6298554452465002e-01	   3.7290791192733463e-01	   3.8020311030029191e-01	   4.3538623293942463e-01	   5.3750320080431391e-01	   4.0987463215649034e-01	   3.2758177409188427e-01	   3.1502898923297518e-01	   3.0867249487732462e-01	   5.5300930449024699e-01	   1.2796823930391088e-01	   2.1284435882651304e-01	   3.5859285980679761e-01	   1.1182079927465352e-01	   2.1702240246583920e-01	   2.1383168953919152e-01	   3.0055680355860781e-01	   4.5372589011447317e-01	   3.0589058060471430e-01	   4.3464168621255578e-01	   1.4468332568846667e-01	   1.2801730780480905e-01	   1.5264005066814074e-01	   3.9831752899817535e-01	   1.4182954366658773e-01	  -1.4551700373980128e-01	   2.9325379912052935e-01	   2.1490967389220783e-01	   2.3540749653836579e-01	   2.5502105995845159e-01	   6.3973316203112598e-02	  -8.6041291308647239e-02	
   6.6764025941786154e-01	   3.8481154553489533e-01	   8.8003514168400288e-01	   7.1571422479846936e-01	   3.5719863440767663e-01	   5.1319620190230919e-01	   0.0000000000000000e+00	   8.7170673799083509e-01	   6.8704733553075070e-01	   4.9775977320110454e-01	   5.0917454151007535e-01	   7.2028854780189377e-01	   8.0763310867691496e-01	   7.3695616984395329e-01	   6.2693014965903260e-01	   7.0088917771086856e-01	   4.5774340181210099e-01	   3.3501610493829442e-01	   6.7404326578670326e-01	   3.9551387350176981e-01	   5.9499399216299198e-01	   5.4187917863240276e-01	   5.4903261367587231e-01	   5.4935016342537035e-01	   2.3691726898962673e-01	   3.2332995976039441e-01	   1.6676299402565564e-01	   1.5561522998144800e-01	   6.3918966456969639e-01	   5.2545498086797182e-01	   7.4675228231602808e-01	   6.6516967234102675e-01	   6.9593475970145358e-01	   6.6729173265855524e-01	   3.2493371162046841e-01	   3.3182951744352468e-01	   1.2383131659495009e-01	   1.9887374786601134e-01	   2.7049765394157188e-01	   2.5641621435697182e-01	   4.3526723404681933e-01	   3.1519111333949223e-01	   4.0146811388499171e-01	   3.5685012051745513e-01	   4.0715896792372863e-01	   3.2490387923610481e-01	   3.9822390131147678e-01	   2.7593354895666461e-01	   3.3341042177219837e-01	   1.8820682450870030e-01	   4.5675506289144741e-01	   4.1154569984272260e-01	   4.1741151081518152e-01	   3.1195653680478980e-01	   4.3234327675783835e-01	   3.3098229329807138e-01	   3.5081123072192216e-01	   2.0195417646349140e-01	   6.1250280217106834e-01	   5.0124664684126607e-01	   8.0108080095820888e-01	   6.2543090754009090e-01	   4.5749748449440530e-01	   4.9623510207791049e-01	   3.7344407781645417e-01	   4.6744376046799008e-01	   7.4299756442062348e-01	   6.5024964180537004e-01	   3.3879791217408339e-01	   3.9337966506911598e-01	   7.2134532324884626e-01	   6.7164514549020993e-01	   5.7919327166710688e-01	   5.1072053016321595e-01	   5.3739004659563472e-01	   5.4744995851680567e-01	   4.6962978287083601e-01	   4.5443431695770120e-01	   4.1640832072231460e-01	   4.0060403508348247e-01	   4.9604190631141021e-01	   5.0329206556087625e-01	   4.2854264115424789e-01	   3.0458340678890405e-01	   6.4381886154031109e-01	   6.7208713946829279e-01	   2.5223079506983226e-01	   3.7306299528248399e-01	   5.5206870073742220e-01	   4.8016759505912832e-01	   3.6654369412755128e-01	   2.7459818893107979e-01	   1.9093322752544917e-01	   4.6663657415115373e-01	  -1.6235908171423807e-01	  -8.1668460479976362e-02	   1.6958621258245762e-01	   8.5904379413928103e-02	   2.9840109569547635e-01	   2.4163500593049325e-01	   3.6796539283335655e-01	   5.7784091152545247e-01	   3.4469446016158323e-01	   5.0388261560627490e-01	   8.7377226698304722e-03	  -3.0567994211781950e-03	   1.1740948441033977e-01	   2.1521219515140189e-01	  -1.1110779101004223e-01	  -1.7895987268534003e-01	   9.5871390791913980e-02	   2.5080633262828211e-01	   3.4103614777172064e-01	   2.1427495705032815e-01	  -3.0394432835633578e-01	  -2.1721325166278499e-01	
   6.5547270000928037e-01	   4.7891398425571979e-01	   8.3924590803770682e-01	   8.2389085057524303e-01	   3.4189746723399800e-01	   5.4136354154005917e-01	   8.7170673799083509e-01	   0.0000000000000000e+00	   6.0010575132417310e-01	   5.3545125546367989e-01	   3.8451611410373143e-01	   8.4779756240043880e-01	   7.3272902104893212e-01	   8.5275604934125759e-01	   5.9455121272454226e-01	   7.2835299437867207e-01	   4.2640907048751192e-01	   3.6784818946788894e-01	   7.0839165672889326e-01	   5.2412315116758967e-01	   6.2497268501068626e-01	   6.3764431946591216e-01	   6.0006810813696443e-01	   6.1879677437250047e-01	   3.1372895546975582e-01	   3.5132927437174877e-01	   2.5162172711385694e-01	   2.3237701495078036e-01	   5.4185831184572297e-01	   5.3599553932815514e-01	   6.9509770085446121e-01	   6.7883519442172990e-01	   7.5451157965784266e-01	   7.5779730809554613e-01	   3.7868753215618189e-01	   4.4731821761058860e-01	   2.7930525441301135e-01	   3.2299473826870978e-01	   3.8966208055032797e-01	   4.6913531798516833e-01	   5.1363995547099695e-01	   4.2976798803653582e-01	   5.6525360802118940e-01	   5.6629573508817788e-01	   5.2079239500463403e-01	   4.6770481678709985e-01	   5.9772506872634446e-01	   5.2295933558643293e-01	   4.9386576002896115e-01	   4.2176856547974906e-01	   6.4215894685211006e-01	   6.5990496130605014e-01	   5.7911598500111905e-01	   4.6774540825253641e-01	   6.3050522272586984e-01	   5.8795354505546993e-01	   3.3068282582730990e-01	   1.8023045030975859e-01	   6.9788044465152432e-01	   7.3083595193384732e-01	   7.5262974647971470e-01	   7.6179689815100204e-01	   3.5509771677214386e-01	   5.2481598686884434e-01	   4.2340910106182661e-01	   6.5113897737966064e-01	   7.8260072731677466e-01	   8.0881957974247221e-01	   4.2109702479837224e-01	   5.1185594058462947e-01	   7.0514136980430275e-01	   7.3740584307792878e-01	   5.2786633661539795e-01	   5.0108007406500099e-01	   5.5101352564663664e-01	   5.7605285714682641e-01	   5.4731027840428081e-01	   5.8040639481737522e-01	   4.5849692004746212e-01	   4.6874703503864690e-01	   5.1228229347297971e-01	   5.1056069387146574e-01	   4.4142756763932539e-01	   3.4938867265101081e-01	   6.6402197080841885e-01	   7.4423091207823433e-01	   3.6652555398078213e-01	   4.4390248152706546e-01	   6.8145713154119625e-01	   6.8275326300892192e-01	   5.5464314623482380e-01	   4.2710103014731199e-01	   3.8718006660816007e-01	   5.3943453232515959e-01	  -2.9104950592364901e-02	   3.2560835756891625e-03	   3.4072686967796922e-01	   2.7998899922913956e-01	   4.7925065169081499e-01	   3.8575898564750499e-01	   4.9769231223545679e-01	   5.9237284489237418e-01	   5.0146206625871248e-01	   5.7086204867203338e-01	   1.5697714506926291e-01	   4.5614478540960346e-02	   2.8801883904639142e-01	   3.7594680021250793e-01	  -9.9093903199743580e-02	   4.1887204863433530e-02	   2.6393187943679797e-01	   4.5753436474332460e-01	   4.4753251749041217e-01	   2.8489648880670343e-01	  -2.6013196816253725e-01	  -3.3082727200600692e-01	
   4.9794470929859858e-01	   3.2162948681956993e-01	   7.0163489716226335e-01	   7.3568268635376399e-01	   2.2315946123050318e-01	   7.3845302081170716e-01	   6.8704733553075070e-01	   6.0010575132417310e-01	   0.0000000000000000e+00	   8.3983341074719076e-01	   3.6053959900259208e-01	   4.9417265424841361e-01	   7.1699321075170874e-01	   5.2858883200416651e-01	   7.7244240880345982e-01	   6.2076716251371156e-01	   3.0745510127296433e-01	   2.2401225862641910e-01	   4.7808721533038362e-01	   3.0778997477824405e-01	   4.3706718599691069e-01	   3.8257848205538503e-01	   6.6859960077447267e-01	   7.1023838966356068e-01	   2.1614682818227549e-01	   4.7747870120413022e-01	   1.5831205602520183e-03	  -5.1829010001809672e-02	   5.0080077455158478e-01	   4.7709351901884173e-01	   5.9354145165774141e-01	   6.0045641280167217e-01	   4.6299750454880562e-01	   4.6138057497297080e-01	   2.7274274232994511e-01	   2.4947254895350734e-01	   2.6899463758127773e-01	   2.9691058922055558e-01	   3.0237460196886029e-01	   1.5864220024177567e-01	   5.4345757488982804e-01	   3.7732366889199825e-01	   1.5368033546006718e-01	   1.4739736302374584e-01	   2.8987168853409062e-01	   3.0017118470872250e-01	   1.9652695485862456e-01	   1.3973152234046490e-01	   1.7020856516690630e-01	   1.4142357230484529e-01	   2.6128570796224176e-01	   2.6464552105493255e-01	   2.5271548697277635e-01	   2.2955175985592760e-01	   3.0187028098963392e-01	   2.9055336014140831e-01	   3.4638413000452573e-01	   2.5961397753196080e-01	   4.5411752312055853e-01	   3.6858168173378603e-01	   5.5191269071711913e-01	   5.1536712174426014e-01	   2.8623419095295732e-01	   3.2085077095877085e-01	   3.9500346447071183e-01	   4.3428512312594653e-01	   5.1491511106227517e-01	   4.4110367377379323e-01	   3.3382746547116027e-01	   4.0741882486510744e-01	   5.3293484103342692e-01	   4.3478261827956283e-01	   4.1364200588926714e-01	   4.5906728594680157e-01	   2.7939645439059935e-01	   3.7730653621083932e-01	   2.5251457155385615e-01	   2.3935405510119348e-01	   3.6353858612832912e-01	   3.4037100859238173e-01	   4.6573776642352249e-01	   4.2358966875744175e-01	   5.4274339286824735e-01	   4.4453391357291000e-01	   5.9443793096486108e-01	   4.1255055947813446e-01	   5.2962766636491887e-01	   4.9207332103131340e-01	   5.3215439804055065e-01	   4.1540363766270777e-01	   2.5354416866765994e-01	   2.5909403840775636e-01	   1.9550877437930816e-01	   5.1143322689809967e-01	  -7.4896985165637781e-02	   1.8082441930392121e-01	   2.7238328054475769e-01	   5.8275738863451970e-02	   1.9661774780349384e-01	   2.1016468431282065e-01	   3.0140837049038438e-01	   4.8360202549046594e-01	   2.9600375962587355e-01	   4.7644158557940475e-01	   1.1751267715100656e-01	   1.3567150115816135e-01	   1.3361141162576956e-01	   3.5638308226093074e-01	   7.6613826359948373e-02	  -3.7162210460738959e-01	   3.2339411053874589e-01	   1.7131105372820118e-01	   2.6640445836130155e-01	   3.0092662887323685e-01	  -2.0263013850383482e-02	  -1.5284497039765779e-01	
   3.2912723145572553e-01	   1.9017354729655644e-01	   5.4612365838900589e-01	   7.1488443911285704e-01	  -1.5991133329126525e-01	   5.7853158327934084e-01	   4.9775977320110454e-01	   5.3545125546367989e-01	   8.3983341074719076e-01	   0.0000000000000000e+00	   8.0348557577973309e-02	   3.8154578589532401e-01	   4.3935132259611898e-01	   3.9121714436690364e-01	   6.0799108743833374e-01	   5.7343100944408731e-01	   2.1470912946317974e-01	   1.4240214543856375e-01	   4.0517947435503243e-01	   3.1623525352522008e-01	   2.3043262410398005e-01	   2.4622465206769434e-01	   5.8783335653294810e-01	   7.1409479939768561e-01	   1.2368421303267218e-02	   3.3602432454939157e-01	  -2.5461840601369146e-01	  -3.0793151384271500e-01	   3.8183744016459364e-01	   4.5995201265025598e-01	   4.1071039592523018e-01	   5.1613919679793807e-01	   4.2438339146471082e-01	   4.4319141903468351e-01	   2.6388558224025160e-01	   2.8932284159044713e-01	   3.0616938572537244e-01	   3.7560711067396002e-01	   3.1742026602306961e-01	   2.4843179349580310e-01	   4.6692121681185461e-01	   4.2979091552896953e-01	   1.6952097045220757e-01	   1.7099442310120416e-01	   3.1945368992132617e-01	   2.9034165613759849e-01	   2.2579003072097714e-01	   1.7824378416457110e-01	   1.7678779621747234e-01	   1.5793144416265931e-01	   2.6526288967568779e-01	   2.6190886504003352e-01	   2.6419308858885793e-01	   1.6494304286864292e-01	   3.4661689332120604e-01	   3.7587798407551026e-01	   2.5135048730743786e-01	   1.9623716187975926e-01	   4.4441694383116981e-01	   4.4219245432575577e-01	   4.3638032107442642e-01	   5.5466775239707222e-01	   2.4302377570184411e-01	   2.5920957144399404e-01	   3.5696465330969762e-01	   4.2739473945260525e-01	   4.9605859108187811e-01	   4.4383581766135849e-01	   3.7786742051381417e-01	   4.6968125069498801e-01	   3.0402688114580978e-01	   2.9727176271636574e-01	   1.2802487927102213e-01	   2.7737637834442053e-01	   1.3588022473029730e-02	   1.6825640342710588e-01	   2.1334354072003908e-01	   2.3157928849709147e-01	   3.1770097090812288e-01	   3.1328632444093363e-01	   4.3977226747544645e-01	   3.4205601684549819e-01	   5.9620250163289867e-01	   5.3451526145000150e-01	   5.4223565909880023e-01	   3.0163642423979126e-01	   5.6007999560902777e-01	   5.2151410230711082e-01	   5.1382968903797233e-01	   4.2160909860751861e-01	   3.3997452022285612e-01	   2.7618208386321919e-01	   3.2385317598822511e-01	   4.0500873162090745e-01	  -5.6776072784005399e-02	   2.9260127667833280e-01	   3.1164822647073109e-01	   8.4595224951919470e-02	   2.6544466194416810e-01	   2.7199786119248537e-01	   3.3780133356092956e-01	   3.6085140517209519e-01	   3.6943613311755558e-01	   4.4963507597922264e-01	   2.5054681709523613e-01	   1.3023749789296235e-01	   3.1928076139356654e-01	   5.0598682147858332e-01	   4.4205434723815849e-02	  -3.0587457857932038e-01	   4.4126301302924453e-01	   2.3219657741062671e-01	   2.2888357281209554e-01	   2.4875983392166964e-01	   8.7356192127648752e-04	  -2.0790788357566864e-01	
   5.6662223977514325e-01	   5.1489770734646401e-01	   3.5490189988664850e-01	   2.3884188165619386e-01	   4.4332100215476400e-01	   2.9773060148600516e-01	   5.0917454151007535e-01	   3.8451611410373143e-01	   3.6053959900259208e-01	   8.0348557577973309e-02	   0.0000000000000000e+00	   6.4876123570437549e-01	   7.0532433604651068e-01	   6.1498829983617365e-01	   4.0366446188294464e-01	   4.3381819840965685e-01	   6.1603232461842850e-01	   5.6256421754288755e-01	   4.1233600614051857e-01	   2.2281902370214327e-01	   4.9014293163611289e-01	   3.7770136164958579e-01	   2.1060634059773728e-01	   1.4706758498415562e-01	   2.5382022644014313e-01	   3.0923900756691003e-01	   2.2398825675129377e-01	   2.5599693285926600e-01	   6.1189754131079077e-01	   4.7673904095968633e-01	   5.6985807678488420e-01	   4.2684641859886735e-01	   4.2082716111659640e-01	   3.9721069994726510e-01	   3.0622444107044809e-02	  -5.2633480099067965e-02	   1.1369148021665514e-01	   1.3518258767144656e-01	   2.2385624999337939e-01	   1.8512598621648141e-01	   3.4381807212689852e-01	   1.8437062232626783e-01	   2.6999116206196078e-01	   2.7077530410986556e-01	   2.2241268927622593e-01	   2.4687278421894726e-01	   3.2642208492397595e-01	   2.8018679931960955e-01	   3.2359632601463889e-01	   2.0764170896651776e-01	   3.5455307725031415e-01	   3.3533965231120239e-01	   2.9558704754598997e-01	   3.6182859529434863e-01	   3.2651279810692224e-01	   1.8558144669827217e-01	   4.3869022703176519e-01	   3.6927819782847160e-01	   2.9491543568594825e-01	   1.8200458482798923e-01	   4.0615239940032943e-01	   3.2217053748893826e-01	   5.1609391080449951e-01	   5.0476060469881667e-01	   1.1794688017647495e-01	   1.4857596525035963e-01	   3.0017885959991819e-01	   2.3236138968557746e-01	   2.3046958591084266e-01	   1.4520859406817274e-01	   5.6133939400766319e-01	   4.3811016173426720e-01	   6.5337023806349093e-01	   5.1387497962323425e-01	   6.2249923176017685e-01	   5.3019771874954136e-01	   3.6356083205122680e-01	   3.2060133338040342e-01	   4.9025204930467836e-01	   5.1659181184498681e-01	   4.8946905260167850e-01	   5.7236266119238199e-01	   3.2248655375920587e-01	   2.2297730793827444e-01	   4.5478767794658465e-01	   4.8005567016897943e-01	   1.3344619422016366e-01	   2.5619273955275595e-01	   2.7859849695557343e-01	   2.5450962381547443e-01	   1.0174332010844708e-01	  -1.4852333777780771e-02	  -1.3339660066562375e-01	   2.2943682897259166e-01	  -3.1102225511419035e-01	  -3.6803139745450075e-01	   2.5877309328450195e-02	  -4.9843699155598428e-02	   2.0018044622981473e-01	   1.5069461260955563e-01	   7.3778332305715399e-02	   3.1603316993549102e-01	  -1.5049354981979358e-02	   1.5686470878811540e-01	  -1.8861400980009976e-01	  -1.8295279195546243e-01	  -8.3613974151360584e-02	  -1.5337203601150068e-01	  -2.3281550262679274e-01	  -3.4720840765494765e-01	  -6.0036285733398559e-02	   5.8203219772939643e-02	   1.9090950489617903e-01	   1.2889251056436329e-01	  -3.3190924163969759e-01	  -1.4639746755409755e-01	
   7.4998872023765495e-01	   5.7882957904628674e-01	   6.2592377136515154e-01	   5.8910205759042289e-01	   3.9311858223467344e-01	   4.4111345110977118e-01	   7.2028854780189377e-01	   8.4779756240043880e-01	   4.9417265424841361e-01	   3.8154578589532401e-01	   6.4876123570437549e-01	   0.0000000000000000e+00	   7.1294009056918228e-01	   8.5519184572182727e-01	   5.4613402384669107e-01	   6.7178891197521118e-01	   5.6790538317809358e-01	   5.1096343662790944e-01	   7.2006102700431063e-01	   5.5143681633408481e-01	   6.0936544471029974e-01	   6.4324033101124400e-01	   3.7244926534767608e-01	   3.6332982156543336e-01	   2.6267556376877238e-01	   2.4537593553256581e-01	   2.7446324153489338e-01	   2.8717740626518101e-01	   6.1846865914736915e-01	   5.9703000479656021e-01	   5.9431179528374567e-01	   5.1621057035732265e-01	   6.9193056023926014e-01	   7.0256862931864283e-01	   1.8020841080469480e-01	   2.2989189411074734e-01	   3.0741519830691988e-01	   3.3110230741068869e-01	   4.1259297422392482e-01	   4.9354378168064367e-01	   5.3564556708205180e-01	   4.2717738526112792e-01	   5.3767957237821362e-01	   5.5870878347843866e-01	   4.3173330022534040e-01	   4.0963709455160818e-01	   5.8991567072659756e-01	   5.3750584779602817e-01	   4.9863772914711302e-01	   4.6781010585487648e-01	   6.4142142304855776e-01	   6.6806136466551158e-01	   5.7711258834870505e-01	   5.1742317671041538e-01	   6.2578425308506247e-01	   5.4291932122776299e-01	   4.0984652664082333e-01	   2.4348369225132882e-01	   6.8343213762792088e-01	   7.4052406059756692e-01	   7.1540754611400637e-01	   7.6238392056030690e-01	   4.6743966322333946e-01	   6.5943937806349839e-01	   2.5622866839429770e-01	   5.0356808834323685e-01	   6.5911440255473441e-01	   6.9238243933390331e-01	   4.6050414765600367e-01	   4.7438758754313104e-01	   6.9083020253154548e-01	   6.9167704906170635e-01	   5.8430114472128891e-01	   5.1298137723949300e-01	   5.8732661186433233e-01	   5.9224062519013598e-01	   5.6930751008392000e-01	   5.8460268168627427e-01	   5.2919510994664454e-01	   5.6523843811045427e-01	   5.8477186902783929e-01	   6.1632178885233124e-01	   4.1298424212830265e-01	   3.5104848931743055e-01	   6.0286703859684776e-01	   7.1484889452473455e-01	   2.7143851384369749e-01	   3.5773665630577778e-01	   6.0280029085454812e-01	   6.6191973684570882e-01	   5.3686885357912684e-01	   4.2193188898271317e-01	   3.3165885276946705e-01	   5.6025926825770012e-01	  -3.0267394750973439e-02	  -3.9127859580798022e-02	   3.3869206595420775e-01	   3.0296861397666608e-01	   5.3719123998803098e-01	   4.8552210473358060e-01	   5.3014112616279863e-01	   6.6139977054881838e-01	   4.7777539411814662e-01	   5.6919665692276789e-01	   1.8667007756454596e-01	   3.7176362734208046e-02	   3.0077827449517103e-01	   3.0727932500977795e-01	  -1.0414348625638147e-01	   8.3602614468028538e-02	   2.2748349295040587e-01	   4.3777781821936901e-01	   4.6696567911011833e-01	   3.1137597778931081e-01	  -2.3158835415188267e-01	  -2.2106909045374606e-01	
   6.5167191997606988e-01	   4.1832229660255033e-01	   7.9662121704440669e-01	   6.7238799439182606e-01	   4.7975945984450125e-01	   6.3506080852367719e-01	   8.0763310867691496e-01	   7.3272902104893212e-01	   7.1699321075170874e-01	   4.3935132259611898e-01	   7.0532433604651068e-01	   7.1294009056918228e-01	   0.0000000000000000e+00	   8.2428858363537205e-01	   7.3583785616547626e-01	   6.1339983028268408e-01	   4.2970586604725125e-01	   3.4881323747335991e-01	   4.9907156087827736e-01	   2.0255251697637502e-01	   5.6286055809725610e-01	   4.7155699855017347e-01	   6.4889542695422264e-01	   5.9034183371663596e-01	   4.2838972271339532e-01	   5.1290356481418087e-01	   2.8206202130941327e-01	   2.4880522008263092e-01	   5.9090315430870055e-01	   4.6467481781555620e-01	   7.6038278695937289e-01	   7.0900168830359633e-01	   5.5344717177120517e-01	   5.1077915910251737e-01	   2.6936146595315380e-01	   1.9830199377726318e-01	   2.6664390970488450e-01	   2.5241504409849636e-01	   3.8519124972461904e-01	   2.6724760118479923e-01	   5.4270990103607553e-01	   2.9793997866094629e-01	   3.6233689247884698e-01	   3.6386487297095782e-01	   3.1035940997835448e-01	   3.1206543584950985e-01	   3.4271509742111395e-01	   2.8860589965009087e-01	   3.0063068650525404e-01	   2.2329383314943960e-01	   4.1456966606341639e-01	   4.1317309900423616e-01	   3.0954244040487078e-01	   3.0624994081702911e-01	   4.3784848404668852e-01	   3.4039657781175886e-01	   3.9407120265223028e-01	   2.3832666460406479e-01	   5.1198593507544554e-01	   3.7625883406195754e-01	   6.3174234206163682e-01	   5.0766777338889479e-01	   3.0102888669045902e-01	   3.5092615163086704e-01	   4.0610814036567855e-01	   4.5551503678422633e-01	   5.1177851806878216e-01	   4.3323604252117465e-01	   2.6378784541296008e-01	   2.4043882057280125e-01	   6.6370707754217895e-01	   5.3770638895191691e-01	   6.5512048586376070e-01	   5.8615424268012295e-01	   6.0298898351859520e-01	   6.2404847999251900e-01	   3.8068404670687550e-01	   3.1261496954843204e-01	   4.8319756813809656e-01	   4.4778984920593601e-01	   4.5656576514251557e-01	   4.8893254712191336e-01	   3.9780694428368979e-01	   2.5463928231649202e-01	   5.9330334478252789e-01	   5.5737206907329140e-01	   4.0632200560319409e-01	   4.2679770888307428e-01	   5.6546651466854203e-01	   4.2207354478272502e-01	   1.9801413791650696e-01	   1.2012541134807547e-01	   9.7195184979961581e-03	   4.0523917467900572e-01	  -9.8018333354105203e-02	  -7.0220727627439472e-02	   2.1239085351141759e-01	   1.2719303556461842e-01	   1.9144504543211827e-01	   1.8606412149290319e-01	   1.8337760790876864e-01	   4.7046258804177571e-01	   1.5503950913469655e-01	   3.6385516510284727e-01	  -9.7049122467294746e-02	  -6.2218882267909344e-02	   1.9525878118085878e-02	   1.6918553512347950e-01	   2.6962036358512850e-02	  -1.7862697918662701e-01	   1.4783646661427813e-01	   1.7821569381515212e-01	   2.7855785697709312e-01	   2.5090163700139817e-01	  -1.3309564191034468e-01	  -1.2966545820272019e-01	
