   0.0000000000000000e+00	   6.7175393690599905e-01	   1.8324083044065156e-01	   1.5389151870226142e-01	   1.3259724832323555e-01	   1.6986304814513442e-01	   3.4602401673570998e-01	   2.9021873227042350e-01	   3.2562231359943994e-01	   4.2923286892048318e-01	   6.2691514644746671e-01	   6.4429888909390698e-01	   5.2444935664973835e-01	   4.9645362682846600e-01	   3.9638410146651115e-01	   3.6782664133669074e-01	   6.5328339569398786e-01	   5.8505588773109363e-01	   7.2106965036303505e-01	   6.6086405871103671e-01	   3.1686617332722261e-01	   4.2495539558319118e-01	  -3.9600707005331755e-02	  -8.5110822203616016e-02	  -2.5112793083107632e-01	  -1.7984495518724419e-01	  -4.1726609783808856e-02	   6.9415412907090690e-02	   5.8802599440165448e-01	   5.3950883149620754e-01	  -2.6085192894138506e-02	  -1.0119070510201801e-01	   3.5270346926293561e-01	   2.4970701396066883e-01	  -1.9480243439868958e-01	  -8.4015080955323673e-02	   4.0693069238629243e-01	   3.4795005779718557e-01	   4.6450747958704108e-01	   3.4874849902951394e-01	   4.0290678546480468e-01	   4.7771197549948824e-01	   4.1147633228821223e-01	   3.1254592290825195e-01	   2.2728201270842865e-01	   2.1984288633962001e-01	   4.7749990911827206e-01	   4.6181137985532150e-01	   3.9445986247313147e-01	   2.1186550791211964e-01	   2.3321017822071832e-01	   1.4494551569620001e-01	   4.2333188485931628e-01	   2.9203237218045069e-01	   4.8016774834126807e-01	   4.1326529849222426e-01	   7.6799011903939363e-01	   5.8042580093713148e-01	   5.8447936822025537e-01	   3.4947844441575959e-01	   6.6712632367392477e-01	   2.3492357438405431e-01	   7.4400973032052276e-01	   5.5207387965512844e-01	  -1.4588640416645468e-01	   1.3615662140585269e-01	   2.7124355276879908e-01	   1.9213084284680434e-01	   7.1177606203037147e-01	   6.6597026016959582e-01	   3.0961869251026447e-01	   3.0068674994883410e-01	   5.1418200810385695e-01	   4.6066416165308066e-01	   4.7988740666004409e-01	   5.1044406426738964e-01	   5.2078799929341624e-01	   4.3167880586596158e-01	   5.6154280706013382e-01	   6.2528759074424212e-01	   6.4629327224592303e-01	   4.0857699905134448e-01	   4.1117263417767869e-01	   3.4209851679343772e-01	   8.1049007270038401e-02	   1.3062963460700594e-01	   7.3126377224327604e-02	   1.5927897019849691e-01	   5.9966330789524824e-01	   5.2539956899727214e-01	   5.4839676941670168e-01	   4.5334037266854427e-01	   1.5500329319550049e-01	   5.9965658530450508e-02	   5.8119160032586589e-02	   9.8473042216282447e-02	   5.6195198033852334e-01	   2.4964476283204667e-01	   7.2676141993228716e-01	   6.7018313355132120e-01	   5.2092011942632799e-01	   6.1166188919853304e-01	   6.0759422773041905e-01	   7.4343807120926297e-01	   9.3410443112376215e-02	  -1.7972733648302158e-01	   3.0515150005610264e-01	   2.6841743425170184e-01	  -3.5936684463505925e-02	  -1.5700718837033761e-01	   3.4370919586742887e-01	   6.5933277060363116e-01	   4.0999006606920907e-01	   2.4307703095588876e-01	  -9.3216512244491651e-02	  -2.6587799910230137e-02	
   6.7175393690599905e-01	   0.0000000000000000e+00	   1.1002320415288196e-01	   7.3991911460544763e-02	  -3.3775820444409146e-02	  -4.9840991835671769e-02	   1.7642169666546781e-01	   1.0474181949102587e-01	   1.1982183561294789e-01	   7.8985252261972574e-02	   4.4042865911342371e-01	   5.7326308939186665e-01	   2.3181626091137342e-01	   2.7249785324094372e-01	   1.1241666474801308e-01	   1.6540874567920744e-01	   7.5017894429541265e-01	   7.7501790512507962e-01	   7.3133541330925089e-01	   7.2106614322921514e-01	   3.5524134710648009e-01	   3.7444142896449917e-01	  -2.5420335588909774e-02	  -5.7615643487416018e-02	  -2.1773806673592849e-01	  -1.3977238933238367e-01	   5.8794096032615428e-02	   7.2404528146348138e-02	   4.9599530295899974e-01	   5.3579767124548616e-01	   5.6614467877598898e-02	  -2.0483989614140722e-02	   1.5463509700269173e-01	   1.2310294601559309e-01	  -2.3077411977290274e-01	  -2.1455012219576425e-01	   2.5233390619599844e-01	   1.3638439929203161e-01	   2.4850119222610673e-01	   1.3172229722151918e-01	   3.4921506494404353e-01	   4.0666492795322462e-01	   3.8779836900751685e-01	   2.1714466898325241e-01	   5.7714778283304950e-02	   3.0143319511540201e-02	   3.8053366548160217e-01	   2.6436334666400457e-01	   2.4488595268281721e-01	   4.4571357193531239e-02	   3.2215993781989444e-02	  -1.9200638733379578e-02	   2.1735623619434977e-01	   2.1559547965111270e-01	   2.3500242518680403e-01	   2.0652458688195463e-01	   8.1429502980872548e-01	   7.0009970464058147e-01	   4.0142367799402778e-01	   2.9494269733276018e-01	   3.6464182485768115e-01	  -6.0489038199628330e-02	   4.7360992151434333e-01	   3.5074791748354706e-01	  -2.7832845222768249e-01	  -1.2870480832215983e-01	   1.0024575330822963e-01	  -3.3744756813647581e-02	   6.8065681942088585e-01	   6.0686576050776841e-01	   3.3594414984277698e-01	   4.3817446762586665e-01	   5.0368843331558333e-01	   5.1561529499966696e-01	   4.2425151751370210e-01	   5.6748527543103888e-01	   4.7044835838375071e-01	   4.1076913396822656e-01	   4.9149069095309861e-01	   6.7533870680075569e-01	   5.7171543057320529e-01	   4.2805028595360228e-01	   3.3295863673835668e-01	   3.4950999185419873e-01	   5.6752820453337648e-03	   2.3361618520617643e-02	  -4.4242266479414968e-02	   5.5747754964936599e-02	   4.4580174765629765e-01	   4.4871670274065628e-01	   3.5334396346023456e-01	   3.0094724731322325e-01	  -2.7896716818251878e-02	  -9.9845309868645302e-02	   6.2121867088467245e-02	   1.5586774920974139e-01	   3.5380578094043463e-01	   1.2489605253698698e-01	   5.7220472301317704e-01	   4.9285548008671126e-01	   2.7191545234693937e-01	   2.2766501402264616e-01	   4.5740444984886275e-01	   3.8004110176011430e-01	  -1.3534436164938521e-01	  -1.7329794430228762e-01	   6.0389668297012776e-02	   1.0746380048229096e-01	  -3.0689750506518697e-02	  -2.6971479189566183e-01	   2.6174024960807013e-01	   5.3012446799385993e-01	   2.0495268309880732e-01	   1.1254271645191447e-01	  -7.7143933643284895e-02	   1.9072101144778703e-01	
   1.8324083044065156e-01	   1.1002320415288196e-01	   0.0000000000000000e+00	   6.2635883463845343e-01	   7.1963000791659104e-01	   5.8207508974107514e-01	   7.6518258708390152e-01	   4.1419096966267294e-01	   6.2865416432980536e-01	   4.2711104699989366e-01	  -1.3965573421849745e-01	  -1.4519565299987072e-02	   2.8180460462496748e-01	   2.5113793840066362e-01	   4.6562681693524205e-01	   6.1423990346693935e-01	  -1.9134251629093241e-01	  -1.5518665290653649e-01	   4.0840609920141707e-01	   4.3081831817397720e-01	   4.8968508720908799e-01	   3.9265054932069982e-01	   7.8884836037774120e-01	   6.7520414457509337e-01	   6.0654763491799968e-01	   5.9849885953327053e-01	   6.1330044454756660e-01	   6.5862871754751595e-01	  -2.1366140340021567e-01	  -8.2598177435820291e-02	   5.3123500957302205e-01	   5.3718578861224797e-01	   6.9313160757982795e-01	   6.0483443977749574e-01	   7.4531608958001372e-01	   7.0017371137562745e-01	   5.1567453424174059e-01	   4.6108395908729960e-01	   4.3147221719829154e-01	   2.5937123976044135e-01	   2.1035937275732297e-01	   1.0852903224754284e-01	   4.8089625497045374e-01	   3.7371730012721238e-01	   5.7350112247715712e-01	   3.5673688673914583e-01	   3.4623709794291058e-01	   3.1283054126476312e-01	   1.6371013914056165e-01	   5.0890604586834511e-02	   5.6806592833607206e-01	   7.2051510478424050e-02	   3.3855700992674287e-01	   3.8895623002373925e-01	   5.3760744299018914e-01	   4.0864322476402742e-01	  -4.4234527163618018e-02	  -2.9173479529363133e-01	  -1.3350611382002670e-01	  -3.7158237951104772e-01	   2.2754361580807032e-02	   2.0969233890342803e-01	   1.2296304970491566e-01	  -3.3171656265697839e-03	   8.0261298447979812e-01	   5.7321652512385546e-01	   7.0785851736131167e-01	   5.8488956732155717e-01	   3.7420668157632236e-01	   3.5329774964582999e-01	   5.9261721655997557e-01	   5.1571632033023296e-01	   3.5551381224434792e-01	   1.6589705342590980e-01	   4.6331420202317491e-01	   3.0025149115578403e-01	   4.0862877588993451e-01	   3.4318885559013268e-01	   4.1170003584134043e-02	   1.1265289462735814e-01	   1.1070769867123449e-01	   4.4128463496702819e-01	   1.4983308328270931e-01	  -1.4788589214656592e-01	   7.9637264903446747e-01	   6.8874469590240528e-01	   6.1440059218856424e-01	   5.4989652104328923e-01	   6.4159905763086000e-01	   5.4071048354758067e-01	   6.3605872309762246e-01	   7.1346190877243854e-01	   5.2359762581391611e-01	   7.7263794064239200e-01	  -1.3754843190832197e-01	   2.2355516174925105e-01	   3.1468915802515196e-01	   2.7634292371991126e-01	   2.1043376139281339e-01	   3.9046305393097824e-01	  -7.0494755768572559e-02	   2.6441022012588217e-01	  -7.1960507072878849e-02	  -2.4531697854648100e-02	   9.1054575830161702e-02	   3.0273069920500151e-01	   3.2405553167263224e-01	  -8.9284395253379101e-03	   5.1521878457192142e-03	  -3.3705202153320291e-02	   6.1163781680214135e-01	   2.6587885443949616e-01	   3.6798404819631647e-01	   1.8050553140994391e-01	   1.5961573363249382e-01	  -2.8405641626910977e-01	
   1.5389151870226142e-01	   7.3991911460544763e-02	   6.2635883463845343e-01	   0.0000000000000000e+00	   5.5286992375172717e-01	   7.0861371970266829e-01	   6.6701371239799601e-01	   7.8075049422366383e-01	   5.1506307131077711e-01	   6.9429762835142983e-01	  -1.8199568190265830e-01	   1.2134302615778064e-01	   1.9937823610712002e-01	   3.3732028240944595e-01	   4.3988110016530013e-01	   6.6113259877415564e-01	  -2.5678338269334272e-02	  -2.3912248700478290e-02	   3.0612370735111677e-01	   4.6431188797028228e-01	   4.0498293422117204e-01	   5.1984856212802011e-01	   6.7487216568600217e-01	   7.7604530292882401e-01	   4.7096109265065222e-01	   6.9027429224971482e-01	   4.4941251692202006e-01	   5.6338771616432970e-01	  -8.4263206613047481e-03	   1.6639304893369250e-01	   5.6806405982033858e-01	   7.3957174934293346e-01	   6.8206119636653872e-01	   7.9114185278733107e-01	   5.6072047307608042e-01	   6.0631542815379214e-01	   3.5695528474493582e-01	   4.6483867146349722e-01	   2.9337157870422581e-01	   3.5960415619170949e-01	  -9.1436817512550173e-02	   1.5144573348822365e-01	   4.4382850743631075e-01	   4.1600337704450197e-01	   5.1442878417089799e-01	   4.9736808335846699e-01	   4.9560412062984693e-01	   4.8338727932028891e-01	  -3.8387816331011057e-02	   3.3234054418572145e-01	   3.1906469445361824e-01	   1.6764435460587140e-01	   3.4183439371900448e-01	   2.9625307778110266e-01	   4.7353820355983900e-01	   4.6505108794863370e-01	  -5.6367405500244050e-02	  -1.7046161957254813e-01	  -2.2182278183888948e-01	  -2.5303590195037989e-01	   6.6803722015749217e-02	   6.2741973348899116e-01	   2.1602429523132161e-01	   3.7451031405342805e-01	   6.0113818359382687e-01	   8.3758661427253989e-01	   5.4308423859184796e-01	   6.8755128816758093e-01	   2.5569946775052793e-01	   3.7023773306726154e-01	   4.9050843084258411e-01	   5.8333015711975222e-01	   3.5604598162430656e-01	   4.2988764146676395e-01	   3.7224675650964645e-01	   4.5450285191100304e-01	   4.0125439262352924e-01	   5.6383916947266888e-01	   2.0922751970327250e-01	   1.7094669604048846e-01	   2.4720588628248677e-01	   5.0555054054516235e-01	  -5.6474287665182017e-04	  -2.9659715906949197e-01	   7.1369254615485644e-01	   7.7983775857010551e-01	   5.0410038891157216e-01	   5.0490868209154260e-01	   6.3352162711301574e-01	   6.6542176784636209e-01	   6.9559112908442333e-01	   5.8878134767354340e-01	   7.9649637595997824e-01	   5.3472803943199598e-01	  -1.7064039432221584e-01	   2.3731319645991653e-01	   3.9925254913660091e-01	   5.0966259474673359e-01	   4.3404800205854899e-01	   4.6855475390716933e-01	   2.5871924035053107e-01	   1.7964539608185701e-01	   2.0545930749678035e-01	   7.8508032893659888e-02	   1.5396531392249441e-01	   8.6415370869663277e-02	   3.9080441996098747e-01	   1.4790014812648428e-01	   1.7899136141355691e-02	  -5.5516306001473927e-02	   5.4074518692902140e-01	   4.6398143404212921e-01	   4.5532688835480284e-01	   2.0896547328238527e-01	   5.1982318112407382e-02	  -2.3113166764211382e-01	
   1.3259724832323555e-01	  -3.3775820444409146e-02	   7.1963000791659104e-01	   5.5286992375172717e-01	   0.0000000000000000e+00	   8.0893038013149687e-01	   6.6120510612684380e-01	   4.9961713451055501e-01	   8.5058773176907587e-01	   6.2506199133606133e-01	   4.4840105994379438e-02	   1.4956175969514590e-01	   4.3305034760878047e-01	   4.0411597218231865e-01	   4.4167201528167321e-01	   5.2687418222777982e-01	  -1.8637579376128524e-01	  -2.3206856697801456e-01	   1.7871078435514220e-01	   3.3523209995648567e-01	   5.6151485241224663e-01	   4.6351992977122936e-01	   4.9514990008554072e-01	   4.0298668730993037e-01	   5.5706142444239826e-01	   5.8759639236041683e-01	   6.1223047109287587e-01	   6.0671157357655781e-01	  -3.9845421815773441e-02	   4.8632398706087876e-02	   4.8559000687971066e-01	   4.5152881370689013e-01	   5.4364603119682775e-01	   5.0812990227442589e-01	   5.5021675800956693e-01	   5.9030926146139717e-01	   6.0016721404512019e-01	   6.0850768692659052e-01	   5.7622178586527584e-01	   4.3408185631547114e-01	   2.5599194701428762e-01	   1.8991269995878396e-01	   5.0639134190915869e-01	   3.8648536673723066e-01	   5.8045523852440695e-01	   3.9793882285792676e-01	   4.2947419139857079e-01	   3.8646929387308360e-01	   1.7070448769439173e-01	   8.2657911438933279e-02	   4.4441576014972040e-01	   8.3250759146658221e-02	   2.9592617138003852e-01	   2.5235581366869908e-01	   5.3497206567788957e-01	   3.8238894868165108e-01	  -9.4522965995316871e-02	  -2.3676058315516571e-01	   7.0782371361478344e-02	  -1.6714039837672151e-01	   1.6009507855576843e-01	   3.8457874088780697e-01	   8.7504902211805791e-02	   1.1004615441023125e-01	   6.1447021503144650e-01	   6.2820300862987510e-01	   6.5846773702979733e-01	   6.0999285101068068e-01	   3.6229946293788584e-01	   3.5181799360229027e-01	   5.2380589325787252e-01	   4.8245018049353061e-01	   4.2192676909279436e-01	   2.9245580148074118e-01	   4.7412850786454014e-01	   3.6693123121541055e-01	   3.7841165875459498e-01	   3.3548300932964775e-01	   1.1389378583418780e-01	   7.9766876900735945e-02	   1.6130191147983997e-01	   2.9281232279744696e-01	  -2.0702790714792432e-02	  -1.6269313847258346e-01	   5.4735341304451623e-01	   4.8556595444596351e-01	   3.8052575813066902e-01	   3.4106546944085159e-01	   5.8047877710550977e-01	   4.0217922387555594e-01	   5.4643947076767330e-01	   4.9071137719230540e-01	   3.6334200620748430e-01	   4.7807904595149397e-01	  -1.0137224327242489e-01	   2.7193635064308114e-01	   4.4892649181956590e-01	   3.0585945934537651e-01	   2.2976387299930107e-01	   3.0331821250479729e-01	   6.5954184012447015e-02	   1.9902320919650704e-01	   6.5112134590278092e-02	   1.0858299950222322e-01	   1.4461064136313984e-01	   2.3843646385696915e-01	   2.8701821799110444e-01	   1.8184347303392231e-01	  -1.1533209567751085e-02	  -5.3220588707761182e-02	   6.0037736735224123e-01	   3.2010402440392743e-01	   3.8766765406489773e-01	   1.3390780344236491e-01	  -6.5895187147144499e-03	  -3.2013927072250337e-01	
   1.6986304814513442e-01	  -4.9840991835671769e-02	   5.8207508974107514e-01	   7.0861371970266829e-01	   8.0893038013149687e-01	   0.0000000000000000e+00	   5.1260197817990993e-01	   5.4641314311537470e-01	   6.2874980591047169e-01	   7.8543649988318232e-01	  -8.8183963326658954e-02	   1.4812374486138202e-01	   2.9930764835354406e-01	   3.4269510492234234e-01	   4.3780240182289371e-01	   5.6088471374349824e-01	  -9.2749743927711764e-02	  -1.4481223225457121e-01	   1.7371345771555052e-01	   3.0179459180055651e-01	   4.1614928461150802e-01	   5.3789939638645023e-01	   5.4297658360309997e-01	   5.3694943037758125e-01	   5.4201761683856009e-01	   6.5556187059551729e-01	   5.8171096497018460e-01	   6.7887744427064156e-01	   4.8370692689996431e-03	   1.1650938268751329e-01	   5.2845344212195311e-01	   5.6448602047615126e-01	   5.7968399136170778e-01	   6.3802952726157203e-01	   5.8016930787645926e-01	   7.0190855885422199e-01	   5.0798810760939350e-01	   6.0706587838030490e-01	   4.6459381962944246e-01	   5.1065886465336607e-01	   1.0201034541529923e-01	   2.3407032804531944e-01	   5.2470482950374697e-01	   4.7974008549422903e-01	   5.6059055592729978e-01	   5.0656065658813021e-01	   4.9966370278301780e-01	   5.3354193183718346e-01	   7.3356557666001632e-02	   2.2927311936677328e-01	   3.2510818450216761e-01	   1.5658325472709289e-01	   3.8807312518222681e-01	   2.1261325697262751e-01	   5.5201167583782451e-01	   4.9180825098752634e-01	  -1.0009440855674342e-02	  -1.7015698911932814e-01	  -5.1892922720331885e-02	  -1.5087541703405999e-01	   8.7993577325637951e-02	   5.4328290858775563e-01	   7.8286123075361314e-02	   2.4328157993832933e-01	   5.7312151406599088e-01	   7.3486167777807110e-01	   5.4516506582193858e-01	   6.5965764265907634e-01	   2.9663100597438496e-01	   3.0168203767267820e-01	   4.8412584475420550e-01	   4.2998492656229992e-01	   4.2788512455691685e-01	   4.2915571574235245e-01	   4.6065670232295097e-01	   4.5930058510125971e-01	   3.7654011096414169e-01	   4.6786652645207494e-01	   2.8107648655562489e-01	   1.1964527436371247e-01	   1.7229949388256707e-01	   2.4632270204556717e-01	  -4.4764275739349234e-02	  -2.7172301685697875e-01	   5.8224314940986932e-01	   5.3770925898865229e-01	   5.1039983498242958e-01	   4.2898188932379583e-01	   5.5427666525890285e-01	   4.5223491105113167e-01	   5.4534096763921691e-01	   3.8892230535981154e-01	   5.2008391244147245e-01	   3.8317521497818569e-01	  -1.6028338421615762e-01	   2.8491105012679119e-01	   5.1821301462684954e-01	   5.4113641158532189e-01	   3.2614755330607542e-01	   3.9428975114085885e-01	   1.2816646392941788e-01	   1.9936309297464472e-01	   1.4455695396324991e-01	   1.6496200643513784e-01	   2.3331896963406715e-01	   1.6438560576847655e-01	   3.5172302822892920e-01	   2.3787103682188898e-01	   1.0155975914002481e-01	   2.5643988423587359e-02	   6.3845246687322099e-01	   4.1199106882393544e-01	   3.9221410135686791e-01	   2.0132892545087722e-01	  -7.1034065752190442e-02	  -4.1544387021660217e-01	
   3.4602401673570998e-01	   1.7642169666546781e-01	   7.6518258708390152e-01	   6.6701371239799601e-01	   6.6120510612684380e-01	   5.1260197817990993e-01	   0.0000000000000000e+00	   7.5840691762465795e-01	   6.9343375516311401e-01	   5.8604930132822353e-01	   6.2429303231625502e-02	   2.6225204721456929e-01	   4.6533510530371841e-01	   5.0978283077758935e-01	   4.1253376341628312e-01	   5.9103397659659451e-01	   1.1927653379844157e-01	   1.2165558647840335e-01	   4.8866020193426907e-01	   5.6420579744759458e-01	   3.5235556446792027e-01	   3.9967225423614161e-01	   5.3801695068341759e-01	   5.1241496381993001e-01	   2.5006061159582782e-01	   4.2414050167281631e-01	   2.2226649747842103e-01	   3.3802952457385926e-01	   6.5773852045144465e-02	   2.4328657208659488e-01	   5.1634517388578893e-01	   5.4360666490686715e-01	   7.1766401149234382e-01	   6.5701606140643709e-01	   4.2163787467901903e-01	   4.2031972588900379e-01	   3.1291202880047025e-01	   3.5301888091686318e-01	   3.4149970696311427e-01	   2.4732622985116659e-01	  -1.5506157878745767e-02	   1.2744367316202920e-01	   5.2204302486897558e-01	   4.4554033571804397e-01	   6.7310796182166988e-01	   5.4483983652190449e-01	   4.7088179248931517e-01	   3.6313112626315019e-01	   1.1639597387785963e-01	   6.7498876909566602e-02	   3.5042647781711317e-01	  -9.2281168772865380e-02	   1.3441473041971583e-01	   1.5467198545829511e-01	   3.5748015095183705e-01	   2.5296020176950779e-01	   1.1974676006156729e-01	  -1.9585949633651559e-01	   2.0601938193005556e-02	  -3.2904252016176250e-01	   3.3063899424514853e-01	   4.6695931638043142e-01	   4.9582647544445868e-01	   4.2644194074646347e-01	   6.0557052044550519e-01	   7.0613242352644079e-01	   7.4195425512231794e-01	   6.7390537148208884e-01	   3.8110283584809346e-01	   4.6859840476726650e-01	   4.8233865968041734e-01	   5.3050486008025832e-01	   3.4805075650303186e-01	   2.5732219411659873e-01	   4.4563215091100034e-01	   4.2279377726061951e-01	   5.3307440711366283e-01	   5.0392307928436830e-01	   2.1651025440742561e-01	   3.2269206307894649e-01	   3.1991924251805803e-01	   6.2568263407374847e-01	   1.8699164325215240e-01	  -1.8549126392172718e-01	   6.1732601778378104e-01	   7.0590061506267510e-01	   2.9351215747143583e-01	   3.4831526805204061e-01	   6.7061404913905287e-01	   5.7087521284446585e-01	   7.0795186143429212e-01	   7.4268736418390313e-01	   6.2204868380522194e-01	   6.2732256357981941e-01	  -1.8694850772271010e-01	   1.7103916053374318e-01	   2.5434072444505940e-01	   1.7665087739985808e-01	   4.1709771438157595e-01	   3.2714957934824518e-01	   2.4782929946171353e-01	   3.6327579627092427e-01	   1.3143211938818838e-01	   1.6229917723153042e-01	   7.5180225848769003e-02	   1.1860710129096250e-01	   3.9226027334313751e-01	   1.6178592324819485e-01	  -6.0410739720854319e-02	  -1.4420409045173418e-01	   4.8528998247978361e-01	   4.8346092375667782e-01	   5.0067943882301735e-01	   1.7454007554930560e-02	  -8.1675455514390330e-02	  -2.0810865627600514e-01	
   2.9021873227042350e-01	   1.0474181949102587e-01	   4.1419096966267294e-01	   7.8075049422366383e-01	   4.9961713451055501e-01	   5.4641314311537470e-01	   7.5840691762465795e-01	   0.0000000000000000e+00	   5.7592563262810537e-01	   7.6573017457000692e-01	   1.8306588160894960e-01	   3.7771330124307434e-01	   5.3195133257288663e-01	   6.4052743240913124e-01	   4.1593842458732411e-01	   5.3635031730712157e-01	   2.0729058909466647e-01	   1.4552411665394460e-01	   3.3037733127603103e-01	   4.6092618020142062e-01	   2.6365242753609963e-01	   4.6266696040401961e-01	   3.1829946316468721e-01	   4.1190823300466656e-01	   1.1094458094376766e-01	   4.2377415241353994e-01	  -3.2640641831864173e-02	   9.6277303583456611e-02	   3.2608864753953359e-01	   4.5135543285383217e-01	   4.5934364291967644e-01	   6.1205798898485630e-01	   5.9274028833783621e-01	   7.3456888389413932e-01	   2.0398986833095087e-01	   2.8425705965500109e-01	   2.6306332557233025e-01	   3.8854436733488118e-01	   2.2918186376423832e-01	   2.7466676234824783e-01	  -1.2103312775022380e-01	   1.5114010172213688e-01	   4.8274890180057284e-01	   4.5960003655004367e-01	   5.5640550605781425e-01	   5.7360146439100568e-01	   5.7876808332532270e-01	   4.2385191274713524e-01	   4.8013371000593344e-02	   3.4259882684315662e-01	   1.1669356810571406e-01	  -3.5710562268621349e-02	   1.4229031476294254e-01	   2.3837641055427093e-02	   2.8774021577763664e-01	   2.0967744961128720e-01	   3.8826109814378819e-02	  -1.2081844720029880e-01	  -3.4165410242553297e-02	  -1.8836933851610366e-01	   4.0686339504823743e-01	   8.2555410285092679e-01	   4.6343949507809368e-01	   7.1148367220503272e-01	   3.7079919805580031e-01	   7.9163046037315943e-01	   4.1983317401148051e-01	   5.6467540581560893e-01	   1.6381431616358591e-01	   3.1542024650358957e-01	   3.7338417939143759e-01	   5.4515154294069956e-01	   3.9748293310166077e-01	   4.9549662562929264e-01	   4.3261852279386787e-01	   5.5098103923490571e-01	   4.3514149343495634e-01	   5.2110183691565615e-01	   3.2794995061573068e-01	   2.8585211469462413e-01	   3.7363658734925542e-01	   5.2069105058568521e-01	   6.1286393879454337e-02	  -2.0409040985639429e-01	   3.9620560742139432e-01	   5.2264136377242565e-01	   9.5444743610321944e-02	   1.2102635122738659e-01	   5.9244331757196533e-01	   4.3904747911145453e-01	   6.0314228866690289e-01	   4.5834943819342333e-01	   7.1052724137104351e-01	   3.3744677252631122e-01	  -1.2161418357255585e-01	   1.8737091262162650e-01	   3.4853069644193074e-01	   2.5858946680072692e-01	   4.8212724421588982e-01	   3.0429958115712313e-01	   4.2005425384040507e-01	   2.3769212565894460e-01	   2.5515357371440239e-01	   1.5449521524075416e-01	   4.8914342205225454e-02	  -8.3961351797325362e-02	   3.3096938336428450e-01	   1.9945933573546248e-01	   8.6306289427282246e-02	  -6.6478846960602092e-02	   3.8421331523638680e-01	   5.4603419324037028e-01	   5.8253384723396306e-01	   1.2729336553621817e-01	  -1.2514026118771204e-01	  -1.1568964296270826e-01	
   3.2562231359943994e-01	   1.1982183561294789e-01	   6.2865416432980536e-01	   5.1506307131077711e-01	   8.5058773176907587e-01	   6.2874980591047169e-01	   6.9343375516311401e-01	   5.7592563262810537e-01	   0.0000000000000000e+00	   6.8521168434863400e-01	   2.7484749602446346e-01	   3.4181308448441200e-01	   6.2655960962281454e-01	   5.9028058410780149e-01	   6.0296624517720709e-01	   5.8337878764482332e-01	  -7.4145401127585914e-02	  -1.3446988790548864e-01	   3.4852105583155729e-01	   4.8922598302211950e-01	   5.7992759218005752e-01	   5.0084193259658261e-01	   3.8531998315428534e-01	   2.7606403914185146e-01	   2.8479319139002379e-01	   3.3145106055873752e-01	   3.8774526975133089e-01	   3.8315350418453842e-01	   1.5404140171821099e-01	   1.8725863802744500e-01	   3.6892036720765475e-01	   3.5515432732266417e-01	   4.2824828293149408e-01	   3.9367309149724194e-01	   2.7836828554463772e-01	   2.9868374192050084e-01	   5.5718084445158556e-01	   5.2921186676045961e-01	   4.9263471203949660e-01	   3.8964877742875642e-01	   3.1975830016198853e-01	   3.0222249881252333e-01	   4.0800020975293755e-01	   2.9369259919301849e-01	   4.0323842062891341e-01	   2.8339299598688289e-01	   4.0007212985097762e-01	   3.6900028845721378e-01	   1.8916665671049632e-01	   1.5992515548945557e-01	   4.5378414818239043e-01	   1.4005602093200198e-01	   3.3427339305033921e-01	   3.2854923888118132e-01	   4.5183064630653946e-01	   3.7208135027285777e-01	  -1.0671771319001343e-02	  -7.0966588248480511e-02	   1.8802004291465702e-01	  -3.9021152668267937e-02	   3.6453373361111507e-01	   4.5407531664401174e-01	   2.6171167333632822e-01	   3.2265846937731057e-01	   4.2093572184935385e-01	   5.4774242364647996e-01	   4.9739309663423270e-01	   4.1014607834752803e-01	   4.1447539275997541e-01	   4.2183114098464547e-01	   6.5137318040102210e-01	   6.0652649352675980e-01	   5.6892349189289759e-01	   4.2168833784496029e-01	   6.2690636412693390e-01	   4.9538223122696512e-01	   5.1207492960430290e-01	   4.1633064111558621e-01	   9.8846672463217933e-02	   1.3550609729031049e-01	   2.4390930911819603e-01	   3.0981018593894083e-01	   8.0697935142600014e-02	  -6.3141787185817297e-02	   4.6823886411703086e-01	   3.9794739017721525e-01	   2.2461108736766111e-01	   2.2519391084672402e-01	   6.5507417366180654e-01	   4.3335739870421369e-01	   6.1054163352836821e-01	   5.3393780364956545e-01	   3.7312605869422566e-01	   4.4992574489066173e-01	  -5.6721646229413086e-02	   2.0886508850800095e-01	   4.1206720445560152e-01	   2.0089859486914990e-01	   3.3062792895077897e-01	   4.3021750925352720e-01	   2.0234241535166436e-01	   4.1598987876044680e-01	   2.0687420430257830e-01	   2.8751821869169797e-01	   1.4560719189104376e-01	   1.4148830288225622e-01	   2.7020969582122212e-01	   1.9033186958653736e-01	  -8.9115489816186305e-02	  -1.8131179493751104e-01	   4.2312498519277986e-01	   3.6480254172479598e-01	   5.3290198350148810e-01	   2.2202459014720144e-01	   1.3509924400844090e-02	  -1.4935072582789669e-01	
   4.2923286892048318e-01	   7.8985252261972574e-02	   4.2711104699989366e-01	   6.9429762835142983e-01	   6.2506199133606133e-01	   7.8543649988318232e-01	   5.8604930132822353e-01	   7.6573017457000692e-01	   6.8521168434863400e-01	   0.0000000000000000e+00	   2.0071364500538558e-01	   4.3667010399612027e-01	   6.0450128344047727e-01	   6.7783927981350622e-01	   6.6405694050169439e-01	   7.0233342067864091e-01	   1.3995511358348417e-01	   5.7147189235778446e-02	   3.7755273916691007e-01	   5.2343134087052934e-01	   3.6455903640542220e-01	   5.2866957454017371e-01	   3.9176090014884557e-01	   4.4646142901990260e-01	   2.3397387274790660e-01	   3.8925372322388863e-01	   2.2145934137382350e-01	   3.3657106575144619e-01	   4.0827488512051407e-01	   4.6487512143255250e-01	   4.5983453842766986e-01	   5.2460201289413133e-01	   6.1637140906915300e-01	   6.8998525999961757e-01	   3.0687917619601668e-01	   4.3672218846904964e-01	   4.5363410805516469e-01	   5.8865685714456095e-01	   3.8114080095291025e-01	   4.6843825543238943e-01	   4.6975025223979228e-02	   2.8384604948195569e-01	   4.7568239987810274e-01	   4.3782990501422614e-01	   4.8632479387084648e-01	   4.8259814035035975e-01	   5.5750550051312908e-01	   5.3806012487080757e-01	   1.6123720122508128e-01	   3.4412128603140335e-01	   2.7502099107439104e-01	   1.1488143699446479e-01	   3.9039978397042624e-01	   1.7837730104897428e-01	   4.5294704197091096e-01	   3.8419133011079648e-01	   5.8470580183570639e-02	  -7.3055430944295258e-02	   5.2611189219396344e-02	  -7.3578744422034575e-02	   3.8618522814261086e-01	   7.5648954367740839e-01	   4.1382516658172552e-01	   6.5641366595271999e-01	   3.8479107908303001e-01	   7.0619745802032630e-01	   4.1422665143669796e-01	   5.1922261090897659e-01	   3.1397019105019397e-01	   4.0375800161004366e-01	   4.9555140084689742e-01	   5.1984617955727719e-01	   5.3059698391849563e-01	   5.7383918741888040e-01	   5.4620885462766455e-01	   6.0889838549284003e-01	   4.7703100226998063e-01	   5.4049781891076387e-01	   3.7737343250841282e-01	   2.8595109659917001e-01	   4.3844817528484559e-01	   4.5653235080281429e-01	   1.5107723770219356e-01	  -1.3571937948040808e-01	   4.9437792502264488e-01	   4.9864862679223138e-01	   3.1064559300437683e-01	   2.0703260335197812e-01	   6.5090281141158446e-01	   4.8493197152601486e-01	   6.2105238464296830e-01	   4.1084520777472688e-01	   5.9586660220281606e-01	   3.3083588381460555e-01	  -7.1150325634380326e-02	   2.5501772448640325e-01	   5.3062835521076868e-01	   4.5437849308436673e-01	   4.7783006259478039e-01	   4.6637386754122107e-01	   4.0758257643028406e-01	   4.2191567500159732e-01	   3.1807831624411670e-01	   3.8680365021093821e-01	   1.7234857135645115e-01	  -5.2130863399241827e-02	   3.3535509994550633e-01	   2.7691871933209578e-01	   1.0378794432144242e-01	   2.0371802219148718e-02	   4.9455564919383765e-01	   5.3137167978826572e-01	   5.5124341403424693e-01	   3.0252556890888316e-01	  -6.6594708604645392e-02	  -2.4585905538965847e-01	
   6.2691514644746671e-01	   4.4042865911342371e-01	  -1.3965573421849745e-01	  -1.8199568190265830e-01	   4.4840105994379438e-02	  -8.8183963326658954e-02	   6.2429303231625502e-02	   1.8306588160894960e-01	   2.7484749602446346e-01	   2.0071364500538558e-01	   0.0000000000000000e+00	   7.8047307752233908e-01	   7.1804574263006682e-01	   5.9958979645940247e-01	   1.8076806691353806e-01	   2.3108438537087418e-02	   5.0420047963198611e-01	   3.4591418095377413e-01	   2.8150523455981269e-01	   2.9696233349209222e-01	   2.3319303732437532e-01	   2.2768544480477473e-01	  -4.5290609686079053e-01	  -5.0901983103950377e-01	  -5.1210693974899646e-01	  -4.2723364211838954e-01	  -3.1488820457044453e-01	  -3.0010019854380771e-01	   6.1357916733805762e-01	   4.8230338990845567e-01	  -2.7928328976007649e-01	  -3.0349714882360868e-01	  -1.3880712774892939e-01	  -1.2224731430461003e-01	  -5.1857624727095697e-01	  -3.8436386850399384e-01	   3.0694779769664760e-01	   2.0461855352986361e-01	   3.0970607945318229e-01	   1.9678044218647744e-01	   4.4494177775039151e-01	   3.5212690900275195e-01	   1.1452579044147973e-01	   1.1617485579661793e-01	  -3.1171768391820266e-02	  -4.1603568689738114e-02	   2.9451976033571581e-01	   2.5725336701872226e-01	   4.9411713364917287e-01	   2.4861150506580049e-01	   2.2628494452846698e-01	   2.3790379888561070e-01	   3.6407228013393989e-01	   1.2513266899824460e-01	   3.2365547051607313e-01	   2.4598456553130665e-01	   4.2230953339766675e-01	   5.1852212529475339e-01	   7.1541637077339548e-01	   5.3764525618342507e-01	   8.4856952707669175e-01	   2.5050347768945608e-01	   5.2098714295633120e-01	   4.9585773523139354e-01	  -4.5300910627680269e-01	  -7.4098110154250635e-02	   1.1801771212287896e-02	  -8.5850852742885078e-02	   4.2621234681167275e-01	   4.1099977648704339e-01	   2.0268955904707214e-01	   2.4285720264790134e-01	   4.4295609124838242e-01	   4.0647610202090678e-01	   4.0491206602878982e-01	   4.0635302135376250e-01	   3.9006728293608672e-01	   2.0229257978891924e-01	   3.6745622268391243e-01	   4.0420591425974750e-01	   3.8411828617890048e-01	   5.3814222073460018e-02	   1.4360865549658061e-01	   2.8353278282150007e-01	  -3.4915014549205325e-01	  -3.1519969470810738e-01	  -3.8847165207865092e-01	  -3.4272644459882351e-01	   2.9417303086872282e-01	   4.9286980385330699e-02	   1.4613527681770322e-01	   2.4599197777612838e-02	  -2.2005152093159513e-01	  -3.0115771208364084e-01	   1.6815981479636821e-01	   1.7916293178266277e-02	   3.3818065115060963e-01	  -1.1407504034616829e-02	   4.0026102287109799e-01	   3.6895599836303611e-01	   4.0672306093299027e-01	   4.6384930384510986e-01	   4.1780795736086462e-01	   5.0141120554474894e-01	  -5.4383503262366205e-02	  -1.8993932438725752e-01	   4.6050441206680705e-02	   2.5168128699385106e-01	   1.0879114033525357e-02	  -1.0938951558048546e-01	   9.0359983165109917e-02	   3.8509921344777986e-01	   3.9928514057263365e-01	   2.4816754477663372e-01	  -1.1152391625300875e-01	   1.4109942189438840e-01	
   6.4429888909390698e-01	   5.7326308939186665e-01	  -1.4519565299987072e-02	   1.2134302615778064e-01	   1.4956175969514590e-01	   1.4812374486138202e-01	   2.6225204721456929e-01	   3.7771330124307434e-01	   3.4181308448441200e-01	   4.3667010399612027e-01	   7.8047307752233908e-01	   0.0000000000000000e+00	   6.2779211744342933e-01	   7.4843381691664324e-01	   3.1805309082852085e-01	   3.0670003778575877e-01	   6.2055075765071777e-01	   5.0268343342131350e-01	   5.3149953390659432e-01	   6.0025120414950528e-01	   2.9426148579962508e-01	   4.3293993289934118e-01	  -1.5631356124166104e-01	  -1.4731607026974383e-01	  -4.2379758714488258e-01	  -2.6185509580355837e-01	  -1.7763191391030508e-01	  -1.2844242309772097e-01	   6.6159496364108406e-01	   6.5989623329184410e-01	  -3.2058428901301360e-02	  -2.1666559510114883e-03	   7.3988142149831126e-02	   1.5205876951131789e-01	  -3.2063549293019511e-01	  -2.0139008593257074e-01	   2.8571348054880241e-01	   2.4306214735760473e-01	   2.1918834798420414e-01	   1.7306983628579825e-01	   2.0381267931104002e-01	   2.6725488983087342e-01	   2.8304758027826338e-01	   2.8785253961899471e-01	   1.3362914984926871e-01	   9.1246445987086783e-02	   4.1135714027466791e-01	   4.5977175651056329e-01	   3.8141618175251979e-01	   2.5050962127186316e-01	   1.5859936628123147e-01	   1.5984409752572598e-01	   4.3440200474250873e-01	   2.0057765467257227e-01	   3.3368091578751613e-01	   2.9916393034602395e-01	   5.1049125169659137e-01	   5.3032117320127781e-01	   5.4839025429067856e-01	   4.4682765794513091e-01	   6.9106956088977312e-01	   4.5494515359651894e-01	   5.9847111262426078e-01	   6.9952326910770923e-01	  -2.9422965223071029e-01	   1.4245467029299563e-01	   1.4444352598460233e-01	   9.8648310131444872e-02	   5.6819617837483516e-01	   6.0550249711318727e-01	   3.9759014597851083e-01	   4.8366367442918584e-01	   5.7913414404848318e-01	   5.9378814813320346e-01	   5.1412666241583338e-01	   5.9054985908308666e-01	   4.9962576789425250e-01	   4.4110842665928007e-01	   5.5223131905768219e-01	   6.1010174790615923e-01	   5.5677985562686216e-01	   3.4858140654109449e-01	   2.4440533550622473e-01	   1.8986858254506322e-01	  -1.0469066913323025e-01	  -4.3285098633512167e-02	  -1.8738729470766374e-01	  -1.7713595329065557e-01	   3.6711877324790532e-01	   3.2305401661590288e-01	   4.0301770067544906e-01	   2.5481646751534626e-01	   1.0089004002986054e-01	  -1.2024909917539839e-01	   1.1845735636670726e-01	   1.5208013813032198e-01	   3.7586101601316457e-01	   1.5554744919276575e-01	   5.6798636396901392e-01	   4.9840598199963093e-01	   5.4093420608699083e-01	   4.5903419842914917e-01	   5.1582835972656205e-01	   4.9210151097804000e-01	   7.3252272333412585e-05	  -3.2170681870670437e-01	   1.3253635496836474e-01	   2.7300302244630803e-01	   2.1458786335371884e-02	  -1.3703654534917248e-01	   2.2840001730900847e-01	   5.7380645046790812e-01	   5.7368553896537422e-01	   3.6526186499607138e-01	  -7.5819036806067580e-02	   7.8666160192246565e-02	
   5.2444935664973835e-01	   2.3181626091137342e-01	   2.8180460462496748e-01	   1.9937823610712002e-01	   4.3305034760878047e-01	   2.9930764835354406e-01	   4.6533510530371841e-01	   5.3195133257288663e-01	   6.2655960962281454e-01	   6.0450128344047727e-01	   7.1804574263006682e-01	   6.2779211744342933e-01	   0.0000000000000000e+00	   8.6414436368586400e-01	   5.8806356567095897e-01	   4.7009731622669748e-01	   2.8849493071599097e-01	   1.2735656782464450e-01	   3.4265006668061343e-01	   4.0631395613286869e-01	   3.1297773487131320e-01	   2.5794609346539737e-01	   5.3049650821047865e-02	  -1.4165754765658366e-02	  -1.6540030880215006e-01	  -4.5174784421277661e-02	  -1.0723336638350622e-01	  -6.9359178979321409e-02	   5.7369463622788064e-01	   4.9833829183881428e-01	   1.7735097456252669e-01	   1.6656002499822389e-01	   3.4348099275517585e-01	   3.2736296633938744e-01	  -6.0089347816465969e-03	   1.1499945403541753e-01	   4.1624278109411850e-01	   3.6038708271224290e-01	   3.5321269672716449e-01	   2.4549693408527168e-01	   3.1390422627582376e-01	   2.9713788107052280e-01	   3.7361162419965321e-01	   3.3319191872861509e-01	   3.9065969591078986e-01	   3.2617834873670359e-01	   4.8485681480153731e-01	   3.1459031084179390e-01	   4.3190786687366484e-01	   2.6541234650833390e-01	   3.9512654518589785e-01	   8.0026875905318332e-02	   2.9247104627138754e-01	   7.3140120048526949e-02	   3.9991842835640778e-01	   2.6265452698726477e-01	   1.2265448184892919e-01	   3.5363980024228914e-03	   2.9426089944132672e-01	   4.5283332264862440e-02	   6.6298596941348387e-01	   4.9351860549193893e-01	   4.9370745195123356e-01	   5.4524359512559195e-01	   1.1115079563781100e-01	   3.4475460586350598e-01	   2.9639851551457180e-01	   2.2662857822994104e-01	   3.2896634656952328e-01	   3.2040198892682936e-01	   4.5663356779767761e-01	   4.4817064417451147e-01	   5.8729819447739939e-01	   5.1433266382166876e-01	   6.2884700321709164e-01	   5.5915117749774024e-01	   5.6862176994095182e-01	   3.6390558211855895e-01	   3.4695997828727410e-01	   3.8846558179713608e-01	   4.9655932233583999e-01	   3.9211606393853249e-01	   2.6826404892498318e-01	   8.7909037729514944e-02	   2.2252081739195784e-01	   1.5702830441764559e-01	  -2.8614524625481461e-02	  -7.9868419564481707e-02	   5.0942975547823155e-01	   1.7409947968820216e-01	   3.1922515241281990e-01	   2.2722487543324288e-01	   1.6791028921605405e-01	   9.0222406321993617e-02	   1.0318286968259349e-01	   6.9856178186596049e-02	   4.3162192472302729e-01	   8.2141562420309677e-02	   3.6292410525602092e-01	   3.5335109349107974e-01	   3.1317381462258376e-01	   5.3684651525600147e-01	   2.2775091091368932e-01	   3.9595742890088137e-01	   7.1598688825071930e-03	   6.5284065777963890e-02	   1.6474057643414630e-01	   2.8571181512188282e-01	  -2.2281523521243147e-03	  -6.0894278122574780e-02	   3.3196665564971894e-01	   3.9310175279050252e-01	   5.3898979666183133e-01	   2.9890208575663157e-01	  -5.7918879159492365e-03	   1.8750413804857938e-02	
