   0.0000000000000000e+00	   8.2011602966533137e-01	   6.6998090170195113e-01	   5.9038336502169098e-01	   2.7280865844078733e-01	   2.1360891120737191e-01	   5.5890579330846779e-01	   6.2266699274836323e-01	   4.1761309919051914e-01	   5.4607554311909612e-01	   6.9609189549214756e-01	   7.2246584410266679e-01	   5.9086372808150200e-01	   7.1542964324118019e-01	   5.1187690524916474e-01	   6.8380815949522655e-01	   6.3985009186555475e-01	   7.0020799892638130e-01	   7.5135442348702353e-01	   6.3264777592572419e-01	   1.4293827485828328e-01	   5.6091074537147123e-02	   5.4269981210771667e-01	   4.5510565022848593e-01	   3.8802208253752590e-01	   3.3380712770598042e-01	   3.3702860706549759e-01	   4.7251094612859446e-01	   5.5898888747030262e-01	   6.4161410460282386e-01	   3.1272929850765879e-01	   3.4489129895774556e-01	   6.1586166625246275e-01	   6.0563565577483813e-01	   4.1114844684179191e-01	   3.9364365720655448e-01	   5.6136739742087882e-01	   6.2439187304236254e-01	   6.1542082335111936e-01	   6.5644185446578462e-01	   4.1056761191638080e-01	   4.8858492244460006e-01	   5.3946342603087549e-01	   5.0163578691003163e-01	   5.0016455468442700e-01	   5.7396491411217732e-01	   5.6155249228295201e-01	   5.6888731681321669e-01	   6.0467220443212666e-01	   6.5089815749411806e-01	   6.9576640002515688e-01	   6.3764768631319624e-01	   6.7457618663067120e-01	   5.4899261214268247e-01	   7.1470669694463318e-01	   6.8178369260578142e-01	   8.8390533322615061e-01	   7.4355003135304365e-01	   7.9908596295375589e-01	   6.1164237678755407e-01	   7.8198771200702755e-01	   5.4456395227205945e-01	   5.6038457223320803e-01	   7.1059860201579961e-01	   3.0367506392592669e-01	   5.0011161371357071e-01	   5.0836049246627668e-01	   5.4175267553617390e-01	   2.6476821155714675e-01	   3.6174635990065201e-01	   4.2175981721414230e-01	   5.3280371787101122e-01	   6.1207976382592721e-01	   6.7317260697564874e-01	   5.9230619509195459e-01	   4.9682918338145887e-01	   6.3533635955350298e-01	   6.3873016623876155e-01	   6.5885193477461401e-01	   6.7949577709065168e-01	   6.4583642095436866e-01	   6.3364273135230409e-01	   5.4004762158758313e-01	   4.2125083672496766e-01	   5.7825188589382237e-01	   7.0530921755530773e-01	   2.4243001397593306e-01	   3.3627407300192552e-01	   7.0050209966253385e-01	   6.2087169003648390e-01	   4.0813213190537218e-01	   4.3669229291621742e-01	   4.2068445370630042e-01	   5.7132736923104943e-01	   2.2504774891970247e-01	   4.2769052918555783e-01	   6.8542099826325820e-01	   4.3274028787542540e-01	   6.0189168578724672e-01	   5.9598062391214102e-01	   2.1090753531121989e-01	   4.3267315067505185e-01	   2.4923753147912678e-01	   5.1216736191400192e-01	   4.3517165095386612e-01	   3.2208906259664039e-01	  -3.1271323648208110e-01	   1.2422978521531663e-01	   2.2797377999401081e-01	   3.7326654059985487e-01	   5.9372869384972804e-01	   6.0376619415340960e-01	   6.4198062048673776e-01	   4.6758324356085545e-01	   3.1961958491283449e-01	   1.7188077988751937e-01	
   8.2011602966533137e-01	   0.0000000000000000e+00	   5.1198746236153303e-01	   4.2887501485749591e-01	   1.9108479297637460e-01	   1.2043256201614627e-01	   3.9509251534523088e-01	   4.5791798657261423e-01	   3.4318121438555654e-01	   3.6888931063948066e-01	   5.9725388405775004e-01	   7.4605585648433037e-01	   4.7212094278001293e-01	   6.7240057411964493e-01	   3.6661672035378812e-01	   5.1744374152548600e-01	   5.7028359079782009e-01	   7.0358688480202480e-01	   7.6828056614279516e-01	   7.7523455221286020e-01	   1.6947536161033530e-01	   3.6250771228700199e-02	   3.5721168857670110e-01	   2.9307655583341924e-01	   1.2685513551739822e-01	   5.6120800889853120e-02	   2.1881677266462971e-01	   3.5571471450661885e-01	   4.3224142207003924e-01	   6.0167716907508773e-01	   1.2191804735668202e-01	   1.1669128978033110e-01	   4.7286564841747025e-01	   4.9487582709452277e-01	   2.1377161740305162e-01	   2.3808002365257597e-01	   4.4649361122247733e-01	   6.1933104478728351e-01	   5.4882471260586585e-01	   6.5442036405831461e-01	   3.4642219943797414e-01	   5.1181225787633977e-01	   4.4666777335240893e-01	   4.6966711698946728e-01	   4.3889877979934855e-01	   5.4241809769459015e-01	   4.9603483524271130e-01	   5.0196916951149251e-01	   6.0512372093996603e-01	   6.7930083528880481e-01	   6.6648326361437893e-01	   6.8494986943494762e-01	   7.2500518482319132e-01	   5.3749709938683798e-01	   7.1414097365496076e-01	   6.6324959435749398e-01	   7.2190670661205636e-01	   8.7128966305920796e-01	   7.3537319242590460e-01	   6.4776287314027836e-01	   6.1821380750008581e-01	   3.7338633220620820e-01	   4.4871624679972111e-01	   7.3980790410411146e-01	   1.3704170377115804e-01	   3.4996269542311492e-01	   4.0411572648653982e-01	   4.6659569734931683e-01	   3.8595484784517364e-01	   4.4903413841586082e-01	   3.5997556762836841e-01	   3.6832681962014557e-01	   4.2757362104303581e-01	   5.6698259160788722e-01	   4.1929780490462865e-01	   4.5403546839316106e-01	   5.1576970874267869e-01	   5.5821266834975103e-01	   5.9957470606089081e-01	   6.1241726806696373e-01	   5.4087228976579493e-01	   5.0020639051717897e-01	   4.9330993419777114e-01	   4.3398356908146973e-01	   4.1461214783337524e-01	   6.2209577817882111e-01	   1.9538310391675470e-01	   3.6131190562312254e-01	   6.4531627027671978e-01	   6.3382762185004504e-01	   4.1698723048943065e-01	   3.9922320841957853e-01	   3.4305065871813051e-01	   5.0972134283820714e-01	   1.1788997242670184e-01	   4.2951293550197245e-01	   6.1190364912100659e-01	   3.8978135192776930e-01	   5.8171751860771381e-01	   4.5047979590415166e-01	   2.2412310934247481e-01	   3.9219238328185579e-01	   2.7347444709176261e-01	   4.4926865536208965e-01	   3.6721056018989995e-01	   1.8355665950568562e-01	  -2.6353782332107867e-01	   1.0975712056111669e-01	   1.0663854720531094e-01	   1.4560673568441598e-01	   4.8160992616210979e-01	   4.3638670246519462e-01	   5.5323552416106259e-01	   3.7899442494452978e-01	   2.0877200684726013e-01	   5.9214732318457072e-02	
   6.6998090170195113e-01	   5.1198746236153303e-01	   0.0000000000000000e+00	   8.3109871565327520e-01	   5.4529079820092474e-01	   4.0547199351014951e-01	   8.4387112042429391e-01	   7.6060530054335918e-01	   4.8122152572607912e-01	   5.7065658219704030e-01	   5.0331338479590715e-01	   4.5789426924738397e-01	   5.0004573884919612e-01	   5.0586552189747491e-01	   5.5071772599023106e-01	   5.8712121338575562e-01	   4.1608453471438817e-01	   4.5573789435902062e-01	   6.3833083684648873e-01	   4.2231530658585026e-01	   3.7737390927153702e-01	   8.5957430687843575e-02	   9.3207384835836848e-01	   7.9071407842389840e-01	   5.2685715069851446e-01	   5.0756731318128634e-01	   5.0736353109439114e-01	   6.2688121576238731e-01	   3.2652909250057005e-01	   3.7611110317468499e-01	   6.7391752325180132e-01	   6.5194909789211519e-01	   8.4654213606404416e-01	   8.0703219535854842e-01	   7.3845409302510812e-01	   5.9887158260925166e-01	   2.9227233674528785e-01	   5.0425459338727985e-01	   4.7915973902316583e-01	   5.4244472254005394e-01	   3.0874315914167372e-01	   4.5319149423160099e-01	   6.4313503662798754e-01	   5.7340726430633970e-01	   5.8678445807004986e-01	   5.8761237083862161e-01	   4.4453583846632522e-01	   5.0206686342271256e-01	   2.6106309762669622e-01	   3.8670138268223386e-01	   3.2832521774249523e-01	   2.5872034222243157e-01	   2.1751035672637858e-01	   4.6304743772827578e-01	   3.1712331867081983e-01	   4.6289857044529292e-01	   6.4025917521135245e-01	   4.0617822274027571e-01	   5.1091317394382318e-01	   2.8196080276002017e-01	   6.3932523491324056e-01	   6.0008161317251107e-01	   4.2418971630697999e-01	   4.8202250378100620e-01	   6.8239446708920337e-01	   7.7148241836084686e-01	   6.6236333166580041e-01	   6.3128410518184142e-01	   8.4175977997951845e-02	   1.8361450858085271e-01	   6.5268885772759622e-01	   6.1999927044912317e-01	   4.7146356423508923e-01	   5.1985130805935598e-01	   5.3868526413187334e-01	   5.0209064400111691e-01	   6.2028691113708878e-01	   5.7517887760459230e-01	   5.3183836717560362e-01	   5.7936254543217203e-01	   3.9742350021343009e-01	   5.8444221199641289e-01	   5.2079481658228333e-01	   3.1373307697492314e-01	   6.3823800890558502e-01	   5.8307424601085034e-01	   4.4742216828971970e-01	   5.0952639163764601e-01	   6.7766894072165296e-01	   5.6617020108035465e-01	   4.1320495151103076e-01	   5.6224197656515951e-01	   4.8202742860055897e-01	   6.0561017807294037e-01	   7.9952994614970782e-02	   2.5869289432803355e-01	   3.8943241568814146e-01	   2.0626199949914795e-01	   3.4535829842431126e-01	   4.6178836809191137e-01	   1.9944697794569330e-01	   3.9422164621158795e-01	   2.2123587552057181e-01	   4.6707477961270516e-01	   3.7863670456909132e-01	   3.0841598309034529e-01	  -3.0673568616451008e-01	   3.4168591717011315e-01	   2.2707080690794312e-01	   1.6609753266872324e-01	   3.4805590441895295e-01	   3.5880562087528228e-01	   4.4447502601947081e-01	   4.7771864438516176e-01	   3.5984376756786951e-01	   1.5769074207955397e-01	
   5.9038336502169098e-01	   4.2887501485749591e-01	   8.3109871565327520e-01	   0.0000000000000000e+00	   4.8151429261108897e-01	   4.9897702329525423e-01	   7.1132805321387471e-01	   9.0380367436938225e-01	   2.8757695969513580e-01	   6.0375572914746412e-01	   3.3436491884665320e-01	   4.7899491810750588e-01	   3.2531058305703386e-01	   4.8208780395611539e-01	   4.6805952681210516e-01	   5.7168891495174712e-01	   4.4978109989653142e-01	   4.3029656210353978e-01	   4.8420301820605793e-01	   4.6456829510126418e-01	   2.6210538462365196e-01	  -5.4450228438077383e-02	   8.3026648438304096e-01	   8.5011498800216223e-01	   5.4768806308917717e-01	   5.6518903228560058e-01	   3.6287859197966521e-01	   5.2816236641550618e-01	   3.5056793909711337e-01	   4.9063080477148968e-01	   6.8500129028492596e-01	   7.8771600581860568e-01	   8.2423586360600276e-01	   8.6507376031863248e-01	   7.4989847987560476e-01	   6.5279802804880449e-01	   2.6947581082544736e-01	   5.5555560064063914e-01	   4.9766685219312529e-01	   6.2899057808471182e-01	   2.8761698149712439e-01	   4.5626936305501042e-01	   4.9098930682514652e-01	   4.1634192708148099e-01	   4.5949330456605109e-01	   4.7521197336945054e-01	   3.7648197843907200e-01	   3.7650796326371849e-01	   1.8612041872385898e-01	   3.2492349264242704e-01	   3.0518178167623777e-01	   3.1896615041603932e-01	   1.8208359721098338e-01	   3.7331702121558608e-01	   2.5883165295190003e-01	   4.9834678587794379e-01	   6.0409343057359011e-01	   3.7139694544019930e-01	   3.6954614230696875e-01	   2.1115659861771988e-01	   5.3991928447573723e-01	   7.3405717712321572e-01	   2.8834476254030056e-01	   5.1282340532500692e-01	   6.6945442287048329e-01	   8.6005339131713288e-01	   6.0548894772150041e-01	   6.3364798717018989e-01	   9.1428620897162929e-02	   2.0606487361252668e-01	   5.1536346997309002e-01	   5.9936519301631264e-01	   4.8294959925925079e-01	   6.2476176701310482e-01	   5.9046030504385538e-01	   6.4609581074277422e-01	   6.0891986475367543e-01	   6.0820134058527198e-01	   5.4678027552892106e-01	   6.7968667095057822e-01	   4.3064032715247097e-01	   6.3970727063152277e-01	   4.7213986399735719e-01	   2.8909133528133990e-01	   6.9024620876336473e-01	   5.9779639622991543e-01	   4.4232691203101071e-01	   5.8253914561876052e-01	   6.4277469019658284e-01	   4.7972680888098151e-01	   3.0846858849571090e-01	   3.9381966717989253e-01	   4.6965281772016976e-01	   4.2153177347568171e-01	   1.8273734558951116e-01	   3.1197930723482203e-01	   3.9125733877627683e-01	   2.7634312367298808e-01	   2.8992144282375426e-01	   4.0262751900515215e-01	   9.0032956258895208e-02	   2.3755482761208851e-01	   9.3553868561870437e-02	   2.8330285191105598e-01	   3.1232640091987895e-01	   1.2592371090427079e-01	  -3.5732467327285977e-01	   3.3571365594322450e-01	   3.5271836892764608e-01	   3.1161140253387398e-01	   3.5530784968838136e-01	   3.2320742386016788e-01	   3.5738843339696991e-01	   4.2383035875043712e-01	   3.3315511658885982e-01	   2.2019846336862953e-01	
   2.7280865844078733e-01	   1.9108479297637460e-01	   5.4529079820092474e-01	   4.8151429261108897e-01	   0.0000000000000000e+00	   7.2233161119031231e-01	   5.9787683016196103e-01	   4.8860935732430144e-01	   7.4602916555200749e-01	   7.0850640386184449e-01	   1.4095040907757769e-01	   1.0332187963314249e-01	   1.0347885065010931e-01	   6.0319870210664775e-02	   5.8332252840788312e-01	   4.7710510370505377e-01	   2.7428545500773671e-01	   1.7448846208817032e-01	   4.7057254414758926e-01	   2.8785373398986702e-01	   8.3745815875009177e-01	   4.6272130906441739e-01	   5.1745150552481611e-01	   4.1262100884631608e-01	   2.6139528108599136e-01	   2.9441017429956967e-01	   7.7834845264452968e-01	   6.8319489305742276e-01	   2.4210393976791816e-01	   2.7423373344887753e-01	   5.0442616688063668e-01	   3.6907157256409234e-01	   5.3870913807488896e-01	   4.7554252243269240e-01	   6.4155596975152107e-01	   6.5346367332448863e-01	   3.6890936531019203e-01	   4.1646910469379034e-01	   5.7120611852769709e-01	   4.7174778388900795e-01	   5.3316150318152955e-01	   6.5866483731086434e-01	   6.1898556699039087e-01	   6.0234745049606930e-01	   6.3870733804296020e-01	   5.4634278881631271e-01	   5.2486338740244565e-01	   5.0780261845676056e-01	   2.6721211511844978e-01	   3.9007213137551822e-01	   2.2711168179906427e-01	   6.6774175597763427e-02	   2.0786058288049070e-01	   5.5471910268669222e-01	   3.8102604510169830e-01	   4.6025639518622896e-01	   3.1332760265061815e-01	   2.0825377983954185e-01	   3.5988841888052325e-01	   2.8012671226534352e-01	   2.7071708592553023e-01	   3.2683749452400601e-01	   1.6612047888976006e-01	   1.1933542030498268e-01	   4.4138354873122254e-01	   5.6143162504874145e-01	   6.9866763296536905e-01	   6.6452646851235475e-01	   3.0836591439983790e-01	   2.9922145059963129e-01	   6.3081821471057686e-01	   5.4699604411124558e-01	   3.5285681208590747e-01	   4.3647649948944578e-01	   3.7066364730452872e-01	   5.4962109982474194e-01	   4.5044212178681559e-01	   4.6426304653268713e-01	   3.7355895987959481e-01	   2.5276247117590372e-01	   3.1596939868299012e-01	   2.7954851212542958e-01	   6.1940832943743673e-01	   3.5259465329183232e-01	   4.5396936315945080e-01	   3.7027270798523881e-01	   4.6087585814695686e-01	   3.7505493825175001e-01	   5.4872574847831124e-01	   5.5396226108544044e-01	   5.4885157310427468e-01	   6.3927763267266813e-01	   5.7257221349828558e-01	   6.6538049833175639e-01	   3.6005516029929452e-01	   2.9670526010526932e-01	   4.2009953078813184e-01	   6.8102842025478796e-02	   4.9031168271103287e-01	   4.5931307139528343e-01	   3.7055483244054477e-01	   5.0023860130219422e-01	   4.3318212248390331e-01	   6.2101322206887177e-01	   6.0801240381685240e-01	   4.6758981376199060e-01	  -2.0466993861402102e-01	   3.8577959044427074e-01	   3.2532821812978641e-01	   1.2645629755119778e-01	   3.3898002806613292e-01	   2.6818602804544833e-01	   3.5940488440193780e-01	   4.4055422516923287e-01	   3.1198503101819031e-01	   1.0788041110495424e-01	
   2.1360891120737191e-01	   1.2043256201614627e-01	   4.0547199351014951e-01	   4.9897702329525423e-01	   7.2233161119031231e-01	   0.0000000000000000e+00	   5.6971480901246552e-01	   5.6925748039856516e-01	   4.4744246061751258e-01	   7.5310292141716961e-01	   1.7158204971491037e-01	   2.2267926053522771e-01	   1.2522823508427677e-01	   1.5329364601997361e-01	   4.6673237511353316e-01	   5.8213886600298526e-01	   2.8240350853673646e-01	   1.1169615874929592e-01	   2.9315601621181964e-01	   1.8755298322268554e-01	   5.8974858055435464e-01	   1.6521799612993054e-01	   4.4239049474616127e-01	   3.8736753466811813e-01	   4.2859394761116704e-01	   4.5682733427460570e-01	   3.5382800277711779e-01	   6.3000762955213518e-01	   3.7127797666468887e-01	   4.4818339707810734e-01	   5.4107438610117398e-01	   4.5520099622194088e-01	   4.2787364840739284e-01	   3.8699552744693133e-01	   5.3881431261146528e-01	   5.6995175982794455e-01	   3.7530156203290094e-01	   5.1074366510835445e-01	   5.3793933081315837e-01	   5.7097878642565059e-01	   4.8654377037799668e-01	   7.1870608377701539e-01	   5.0140695868047125e-01	   4.4468119066233863e-01	   4.8356791377880720e-01	   4.6034139912902772e-01	   4.8199733404148809e-01	   3.8537850660583650e-01	   3.0809970907368134e-01	   4.2065591974532168e-01	   3.1209248487050473e-01	   2.0985928618742411e-01	   2.3284216869167501e-01	   4.1591189619950863e-01	   3.5521739522677565e-01	   4.8558422664301648e-01	   1.7221779299378026e-01	   9.9700839452692203e-02	   3.2232601592172350e-01	   2.4382780069086452e-01	   3.0977875181540471e-01	   3.8987364019569837e-01	   1.2046723821992929e-01	   1.7119601520263103e-01	   3.3132750293813357e-01	   5.1062537347784731e-01	   5.6467912573398771e-01	   5.5900173581736456e-01	   8.3904972167243755e-02	   1.1749649727380834e-01	   6.0213386419501203e-01	   6.1917135053234129e-01	   4.1548780247073697e-01	   5.4713304759935832e-01	   4.2106025601511554e-01	   6.6498148155993364e-01	   4.2831237571153463e-01	   4.5156669753679146e-01	   2.7658778531906181e-01	   2.7231764279845527e-01	   2.0906713136414198e-01	   2.3548617049548021e-01	   5.4361627926232536e-01	   4.9146665573716636e-01	   4.3903551320979300e-01	   3.4434027223934416e-01	   4.2859821329107106e-01	   5.6489165038425959e-01	   4.7101028287440055e-01	   4.0644694941914317e-01	   4.8861672854446409e-01	   5.8166969507941824e-01	   5.8788114816549908e-01	   5.8191363080250114e-01	   4.2150721077288056e-01	   3.9205119523001353e-01	   3.6761644310440600e-01	   1.4208439623635349e-01	   4.8767532143534531e-01	   5.2678807764571900e-01	   3.4831455277323015e-01	   3.2963074910341272e-01	   3.6188599903504204e-01	   3.7820108416391157e-01	   5.3801985943030139e-01	   3.2893220013513130e-01	  -1.3974020540619622e-01	   2.1344406842314806e-01	   4.4128797733275338e-01	   3.1161846034722818e-01	   2.6236751985430901e-01	   3.2223671394980941e-01	   4.2244932073527752e-01	   4.2535637034701163e-01	   2.9802211974198922e-01	   1.7839467509587603e-01	
   5.5890579330846779e-01	   3.9509251534523088e-01	   8.4387112042429391e-01	   7.1132805321387471e-01	   5.9787683016196103e-01	   5.6971480901246552e-01	   0.0000000000000000e+00	   7.7058448290079007e-01	   5.5655334160619163e-01	   6.0391557306001464e-01	   4.9001862190698842e-01	   3.8628678026181545e-01	   4.5457223922525281e-01	   4.6698099813985039e-01	   5.0527302040250022e-01	   6.2960973997898373e-01	   3.7833177539307561e-01	   3.5216409578867003e-01	   5.4423046942491626e-01	   3.0087550531418428e-01	   4.4425306727374980e-01	   6.7763716098085111e-02	   7.9364117598349382e-01	   6.5689888965024068e-01	   4.9050235659974062e-01	   4.7159835768237868e-01	   4.2472529908968160e-01	   5.7709466647245578e-01	   4.6500108072489227e-01	   4.7105476865950252e-01	   6.7436132466519150e-01	   6.0709613534891305e-01	   7.5184649767745393e-01	   6.6997351512768433e-01	   6.2340935215298332e-01	   5.5465133450460025e-01	   3.7409022758661781e-01	   5.2346335282062029e-01	   5.2891699340591125e-01	   5.2224530297029337e-01	   4.4351133611613935e-01	   5.0389446065063270e-01	   6.2296055045576815e-01	   5.5562163622217520e-01	   6.2293765298539860e-01	   5.8025998863911521e-01	   4.5808134330660483e-01	   4.7991143024269589e-01	   3.2925761171962564e-01	   4.4075484392722786e-01	   3.6340635009021000e-01	   2.9628695950511535e-01	   1.9687102891964017e-01	   4.5549237968378226e-01	   3.1644065184024739e-01	   4.4231539575755113e-01	   4.6205804387513705e-01	   2.6527544324618224e-01	   5.0707554043634229e-01	   2.5633376335212854e-01	   6.4816708421984814e-01	   5.5814606396680966e-01	   4.4583728576786874e-01	   4.7954786293378110e-01	   5.9681707736301648e-01	   6.5018415646355476e-01	   6.5591187909405413e-01	   6.0206172189182727e-01	  -3.3606698521918110e-02	   5.4131639796358350e-02	   6.9926084350658879e-01	   6.4983283513095846e-01	   5.5479007086032706e-01	   5.6795333344175813e-01	   5.9564524487640036e-01	   5.8146833415276600e-01	   5.5983978508646404e-01	   5.1974015339514412e-01	   4.4305398580450284e-01	   4.3853342200273454e-01	   3.3802530864704033e-01	   5.3711584584333705e-01	   5.6505095745290335e-01	   3.7133763336985681e-01	   6.1393037536147044e-01	   5.1230076188871410e-01	   4.4990906680295217e-01	   4.7416432594360292e-01	   6.0602344772857675e-01	   4.9097392715257215e-01	   4.3772508056276999e-01	   6.3036859972584747e-01	   5.4212202382968533e-01	   6.4865641798877638e-01	   1.8086354247027384e-01	   2.4504252461046266e-01	   3.5326658999815380e-01	   1.3901107651929356e-01	   3.7626275141396803e-01	   5.1675447283512765e-01	   2.9456825181913759e-01	   4.2279077077926408e-01	   3.1344469136442288e-01	   4.4063119364971542e-01	   4.5282729869394533e-01	   3.5215871449808073e-01	  -2.1235411342214894e-01	   3.4068964066870727e-01	   2.7981885774783055e-01	   2.3809586981817726e-01	   2.9213864425102515e-01	   3.5642014951722112e-01	   4.1698848806459404e-01	   4.2743549462808594e-01	   3.0423728135090022e-01	   1.8971175315296065e-01	
   6.2266699274836323e-01	   4.5791798657261423e-01	   7.6060530054335918e-01	   9.0380367436938225e-01	   4.8860935732430144e-01	   5.6925748039856516e-01	   7.7058448290079007e-01	   0.0000000000000000e+00	   3.8186967284985557e-01	   6.9736835616899207e-01	   4.4172348221108754e-01	   6.1075618310622048e-01	   3.7961402163681601e-01	   6.1177334845031017e-01	   4.5741028721608568e-01	   6.6943073430318656e-01	   4.7096825611961757e-01	   4.0269766641342541e-01	   4.9595335541506580e-01	   4.3407410661429424e-01	   2.7102037175825205e-01	  -7.8252871970368745e-02	   7.3143685274386205e-01	   7.2840550469782739e-01	   5.1126548143489881e-01	   4.9405888064136361e-01	   3.0788506599801013e-01	   5.2218445495416954e-01	   3.8236023266454527e-01	   5.3482955305995283e-01	   6.1389864651418868e-01	   7.0725398254735095e-01	   7.4732626718013240e-01	   7.7442360524000886e-01	   6.8479130329040461e-01	   6.7865490432898978e-01	   3.1096841920260282e-01	   5.9382333748564375e-01	   5.1235016223010132e-01	   6.6256847903081706e-01	   3.2382945779626371e-01	   5.0007328118186223e-01	   5.3681776384990088e-01	   4.6551682604209332e-01	   4.8531807594292997e-01	   4.9274858118368686e-01	   4.3941391122314660e-01	   4.2931469175073456e-01	   2.4823549707067363e-01	   4.2631528069651287e-01	   4.0451675342730364e-01	   3.8164874560614132e-01	   2.8006501388729071e-01	   4.5088814003457511e-01	   3.7460972256899633e-01	   5.3328723574850678e-01	   5.7195499099946812e-01	   4.1728822416241007e-01	   4.9169113615814897e-01	   3.3280541641011280e-01	   6.2935387626296813e-01	   7.8211418762567853e-01	   2.9911988870205575e-01	   5.5969491016056661e-01	   5.4868606855043001e-01	   7.9423069011903791e-01	   6.4423167378471669e-01	   6.8702396016901224e-01	   4.2373157465079886e-02	   2.0169812853237584e-01	   5.5220008634293094e-01	   6.3973550640503096e-01	   4.7546064550470435e-01	   6.5020439217464543e-01	   5.5947164076940847e-01	   6.8076120239027693e-01	   6.2029395313119684e-01	   6.3982887959433643e-01	   5.3797216127610215e-01	   6.6580349198307676e-01	   4.0167182359238063e-01	   5.7341890125135730e-01	   4.9031305243051981e-01	   2.9770403986406713e-01	   6.1943047133628015e-01	   5.7697779076163547e-01	   3.5657558182212246e-01	   5.1086568055097881e-01	   6.7405563549898628e-01	   5.4782877690595000e-01	   4.2259515370413969e-01	   4.6569270758859649e-01	   5.5040729784827980e-01	   4.9132457316645850e-01	   2.2568115838156566e-01	   3.8453056471457486e-01	   4.3950150308776548e-01	   2.6217843128053242e-01	   4.0483846169034854e-01	   4.7639856501713729e-01	   1.5029088767023657e-01	   2.5315446985223716e-01	   1.7184758520656795e-01	   3.2725227634293674e-01	   3.7655069259852625e-01	   1.8117397404617774e-01	  -3.1891746040340868e-01	   3.1176889135050262e-01	   4.3310893114695143e-01	   4.1165744489825662e-01	   3.7781086097243360e-01	   4.0514839567521421e-01	   4.8446705135041324e-01	   4.5660109926367448e-01	   3.2809399028272290e-01	   2.1578579755296823e-01	
   4.1761309919051914e-01	   3.4318121438555654e-01	   4.8122152572607912e-01	   2.8757695969513580e-01	   7.4602916555200749e-01	   4.4744246061751258e-01	   5.5655334160619163e-01	   3.8186967284985557e-01	   0.0000000000000000e+00	   6.5572168193967784e-01	   4.5711479160587909e-01	   2.6418913693194085e-01	   3.9140019376939472e-01	   2.8199180822206943e-01	   5.1219814722975854e-01	   4.6791482720669453e-01	   2.8628277790144169e-01	   2.4768366607752568e-01	   4.6578222794396673e-01	   1.9415661666990636e-01	   6.7195441411726919e-01	   4.3897267795921863e-01	   3.5979184928678992e-01	   1.9174924422689707e-01	   2.9670017177052324e-02	   5.6024459668093794e-02	   6.9034588022288168e-01	   6.3186255075010955e-01	   2.7415042114145038e-01	   2.3802827421498940e-01	   2.3603634882124386e-01	   1.0961492321203190e-01	   3.7190421219342318e-01	   2.8546075001841631e-01	   3.9420549017173800e-01	   4.1376582379529303e-01	   4.2625521684855855e-01	   4.1872848959385545e-01	   4.7875815657969290e-01	   3.6814017433420126e-01	   4.4481310432768251e-01	   5.3567274487871230e-01	   5.2337794767652146e-01	   5.6967812415899233e-01	   4.6761706607022907e-01	   4.3691574079594914e-01	   4.2529500851971297e-01	   4.3457160800466837e-01	   2.5560277917806024e-01	   4.6078297761406206e-01	   3.4477932012865953e-01	   1.9580579490768402e-01	   3.3516683147955162e-01	   5.2587209606919905e-01	   4.6471206500411977e-01	   3.3728274424707871e-01	   3.1462869356951589e-01	   3.3255761317550914e-01	   5.8803835777182667e-01	   4.7460401096350563e-01	   5.1455279683886768e-01	   3.4686627817730376e-01	   1.7659440213593786e-01	   1.4065439078820885e-01	   3.0590418542250647e-01	   4.3597898817012581e-01	   5.3097993677600386e-01	   5.0245313968589644e-01	   2.3495888234617310e-01	   2.3526680643531145e-01	   6.0871519444900180e-01	   5.0354923632563831e-01	   3.7062275179657500e-01	   4.6320408984871958e-01	   3.2856169097969118e-01	   3.6909708490255155e-01	   3.6635635232721109e-01	   4.2762353104867568e-01	   4.0322015496117447e-01	   2.8373339766947514e-01	   2.8448862515733842e-01	   1.9278359182581536e-01	   4.1822860975099346e-01	   1.8167380346079948e-01	   2.6226828610221681e-01	   3.0256108933834464e-01	   1.5702820411936269e-01	   1.1321335654874792e-01	   4.8367259051468620e-01	   5.0339846579990655e-01	   4.3972453890774998e-01	   5.5989637685564975e-01	   3.8413588429109136e-01	   6.2557342860202270e-01	   1.8484522014713692e-01	   2.4241796540486907e-01	   4.0482036442936664e-01	  -2.7189005930596352e-02	   4.3559352151372349e-01	   4.4436664689054411e-01	   2.0736352309181491e-01	   3.7168061587251344e-01	   3.4440225098735400e-01	   5.6560344656504835e-01	   4.6265604103910563e-01	   4.1782756532082910e-01	  -1.1716282731565220e-01	   1.7936631283148929e-01	   1.5576865547437091e-01	   1.2703112255448193e-01	   2.5440591478593066e-01	   3.1717593287796736e-01	   3.8373554171131985e-01	   3.8370508649145368e-01	   2.6603855520403813e-01	   7.9101089838554461e-02	
   5.4607554311909612e-01	   3.6888931063948066e-01	   5.7065658219704030e-01	   6.0375572914746412e-01	   7.0850640386184449e-01	   7.5310292141716961e-01	   6.0391557306001464e-01	   6.9736835616899207e-01	   6.5572168193967784e-01	   0.0000000000000000e+00	   4.8361709610561349e-01	   4.9191450921778102e-01	   3.9035035316304589e-01	   4.1647948391147982e-01	   6.0202922942699799e-01	   7.7997445211798122e-01	   5.1233513336884040e-01	   3.4669765820254178e-01	   4.8458877985331161e-01	   3.5268923943658192e-01	   5.0595846994411153e-01	   2.6289390886547853e-01	   5.2907951649734242e-01	   4.5314489017432880e-01	   3.6156449045038175e-01	   3.6453681989870568e-01	   5.2403636518388941e-01	   6.5314727864579802e-01	   4.5007406488176288e-01	   5.1327681110543244e-01	   4.4790062610541947e-01	   4.3929145095348288e-01	   5.2385093502189140e-01	   4.6902382965324591e-01	   5.3057898428525829e-01	   5.3545574989550060e-01	   4.8180631365770782e-01	   5.5260926698321533e-01	   5.9730842351004954e-01	   6.3276861027070241e-01	   4.6450630176017305e-01	   6.4365245362475632e-01	   5.9461294553329092e-01	   5.4961419485879692e-01	   4.9966661012120228e-01	   5.1738066743844424e-01	   5.6968655367935095e-01	   4.8852850044421731e-01	   4.1416592006187092e-01	   5.5453132617302991e-01	   5.4540959966033575e-01	   4.0065025930575038e-01	   4.7057472387911758e-01	   5.4412424122672365e-01	   5.7566981782192617e-01	   5.8094537812384583e-01	   4.7958566235806521e-01	   3.8654331091791361e-01	   5.9375185648986495e-01	   4.6630452369904907e-01	   5.6791954410347967e-01	   5.6462965368885554e-01	   2.6068548823246612e-01	   3.1984936301336919e-01	   3.6971799770560848e-01	   6.0294575404125894e-01	   5.5613254328854667e-01	   5.8467120018456087e-01	   2.6003076571504713e-01	   2.9561100712822230e-01	   6.0153596934136200e-01	   6.9283606407736364e-01	   5.4259113621733590e-01	   6.7418775171707335e-01	   5.6333413347321082e-01	   6.8733619174438032e-01	   5.9937709344390255e-01	   6.0828749599578180e-01	   5.6612749401558771e-01	   5.6442584867141177e-01	   4.7025289075543925e-01	   4.0326269236410639e-01	   5.6043157326100101e-01	   4.0911070636288449e-01	   5.6121928740747185e-01	   5.5028343579520400e-01	   3.3026413983256070e-01	   4.1665073284940024e-01	   6.8267984983341312e-01	   5.6511941531111964e-01	   4.5790970962198380e-01	   5.2186430927292782e-01	   5.2306245875068347e-01	   6.0408663540064855e-01	   3.5891851221547355e-01	   3.7354258854398137e-01	   5.1568621711956486e-01	   9.9019102611747067e-02	   5.4562018293498959e-01	   5.7475884793929133e-01	   1.7785467566257673e-01	   2.8752648094822625e-01	   2.2518299750288856e-01	   4.6612229136842293e-01	   4.7434217248212995e-01	   3.4849145495832135e-01	  -2.8389718815161685e-01	   2.4806509306386251e-01	   4.4585277520951655e-01	   5.0831979996266319e-01	   4.4710137446822196e-01	   4.4377487500243490e-01	   4.9604050811837491e-01	   4.3534836753749551e-01	   2.5175715642246899e-01	   8.2480320788683600e-02	
   6.9609189549214756e-01	   5.9725388405775004e-01	   5.0331338479590715e-01	   3.3436491884665320e-01	   1.4095040907757769e-01	   1.7158204971491037e-01	   4.9001862190698842e-01	   4.4172348221108754e-01	   4.5711479160587909e-01	   4.8361709610561349e-01	   0.0000000000000000e+00	   8.1003765496867242e-01	   9.1819051085643510e-01	   8.2353002307274403e-01	   5.5311039967689690e-01	   7.0808963207054898e-01	   6.2593551749298570e-01	   5.9722924700025903e-01	   4.9620582381832007e-01	   3.2544538331638939e-01	   3.1830232836453379e-02	  -1.4012962005004581e-01	   3.7962028015553773e-01	   3.2269051983022401e-01	   2.7072430958527438e-01	   2.0738210065762247e-01	   1.8267518697586210e-01	   3.6465738391426838e-01	   6.4560580486831964e-01	   5.9868065197904452e-01	   2.0702538501068329e-01	   1.9889280717653418e-01	   3.4237589834258231e-01	   2.6540007234044166e-01	   2.0952957227491278e-01	   2.2444408706945956e-01	   5.6219697742601049e-01	   5.5749994815461246e-01	   5.7073740927470862e-01	   5.5240710737393672e-01	   4.7434965638701476e-01	   4.3066813678499610e-01	   4.4942304808817291e-01	   3.9630723178326643e-01	   3.5215075683237201e-01	   4.3993663948100659e-01	   4.8268012827332141e-01	   4.2538005605913509e-01	   4.9568491200115494e-01	   5.9043860168102635e-01	   7.3224022283227774e-01	   5.6694344066441649e-01	   5.4270424585522392e-01	   4.1208875715684434e-01	   6.3624150752033004e-01	   4.9383692096851672e-01	   4.9992605819110714e-01	   5.8523018716601638e-01	   7.9358358952194930e-01	   6.0906587907031351e-01	   8.6867490280090465e-01	   4.5404532570116696e-01	   5.6136351420818487e-01	   5.5349327142993343e-01	   1.8242343459105881e-01	   3.5318434360898221e-01	   3.2084527324647300e-01	   3.4876764808383542e-01	   1.1797431610993364e-01	   2.0956603692658055e-01	   4.5457691854974080e-01	   4.3537935281337659e-01	   6.3931666263267983e-01	   5.7341105508894896e-01	   5.9460224946233398e-01	   3.8774257403421397e-01	   6.2036149088826331e-01	   5.8652341691110976e-01	   6.1031823342945368e-01	   6.6792080342697557e-01	   4.9651328093946939e-01	   5.3940168364971930e-01	   4.6510849379475611e-01	   4.3785387995206593e-01	   5.1159000133757027e-01	   6.3587630054848976e-01	   3.3129484913692370e-01	   3.3786284893087137e-01	   6.4583313156257482e-01	   5.0699899503056378e-01	   2.3480967266182645e-01	   3.0933573780774004e-01	   1.9507941994644201e-01	   4.9885083590148904e-01	   9.2151175031327748e-02	   1.7405181509424955e-01	   4.7088458961667112e-01	   2.1789431415647853e-01	   4.0152528165161927e-01	   4.5007201462691071e-01	   1.5210321721499880e-02	   1.9970527887394207e-01	   9.0085582216027235e-02	   2.8271919137614165e-01	   3.2868559686876586e-01	   2.4476983553518256e-01	  -2.7511599636355505e-01	   1.2228660309897299e-02	   9.2982670360418074e-02	   3.5646206110199630e-01	   4.7417600730778642e-01	   4.7298995735499305e-01	   4.9872098246253660e-01	   3.9126666607506544e-01	   2.1157773441136979e-01	   4.5974302535552625e-02	
   7.2246584410266679e-01	   7.4605585648433037e-01	   4.5789426924738397e-01	   4.7899491810750588e-01	   1.0332187963314249e-01	   2.2267926053522771e-01	   3.8628678026181545e-01	   6.1075618310622048e-01	   2.6418913693194085e-01	   4.9191450921778102e-01	   8.1003765496867242e-01	   0.0000000000000000e+00	   7.4197749453512762e-01	   9.3654207915981258e-01	   5.0612666803194895e-01	   7.1156128497363880e-01	   5.4204619229937934e-01	   5.7016914138895824e-01	   4.9926024606382463e-01	   4.8608291891173705e-01	  -4.9176206007379847e-02	  -2.4969795367014230e-01	   3.6104711827985136e-01	   3.9024305703382095e-01	   2.7013659771745735e-01	   1.8375519128301218e-01	   6.0711018570814110e-02	   3.1623809058871272e-01	   5.0207414496735814e-01	   6.4196034344351938e-01	   1.6549423315388434e-01	   2.3962925240868727e-01	   3.3531127152210927e-01	   3.6543785718855182e-01	   1.9159809389902749e-01	   2.4627298513123214e-01	   4.1707495697474140e-01	   6.0808248504445972e-01	   5.3251001795672570e-01	   6.7970324294388673e-01	   3.3814719558782813e-01	   4.5733346785746942e-01	   3.1410026921725737e-01	   2.8637025756963047e-01	   2.2400813257886842e-01	   3.4981425263892285e-01	   4.0007984351550729e-01	   3.6118080138849701e-01	   4.7020408396371155e-01	   6.1415143009435513e-01	   7.1590448291776299e-01	   6.8731140864043216e-01	   6.0551377443777121e-01	   4.1116694371072421e-01	   6.6560945321419807e-01	   5.9362476946921083e-01	   5.3814597685917331e-01	   7.2864699027504254e-01	   7.2070095160236947e-01	   6.6493781867095814e-01	   7.2222460661193688e-01	   5.3944683820333494e-01	   3.9276616804105591e-01	   6.8501082718496697e-01	   8.3222490735619603e-02	   4.1343215252673804e-01	   2.9081110583052300e-01	   4.1382141556177388e-01	   1.6236280498779382e-01	   2.7100127853787970e-01	   3.1840613325508982e-01	   3.6661737859636212e-01	   4.7070102983703138e-01	   5.6359728715645618e-01	   4.5748926238005710e-01	   4.4196439274930627e-01	   5.5228803600963094e-01	   5.6455358065097672e-01	   5.4022041912851648e-01	   7.2311404521162670e-01	   4.2075277860601573e-01	   5.1741166222539903e-01	   4.1255001691806187e-01	   4.2244947150740608e-01	   4.5896395204568774e-01	   6.7837450093311258e-01	   2.8725730372552138e-01	   4.6079881105424331e-01	   6.6747646570465080e-01	   5.8160040279894054e-01	   2.4565439430593058e-01	   2.3318793598520360e-01	   2.3075102468650216e-01	   3.8004291359384446e-01	   5.5382450243755807e-02	   3.0855864112158238e-01	   4.7866268778499155e-01	   3.0123575130454294e-01	   4.2830655243038740e-01	   3.7579516225969445e-01	   3.4462894066886783e-03	   1.3804697557701334e-01	   6.1215247254718573e-02	   2.3237102556962830e-01	   2.9464644912203047e-01	   9.6171120435570828e-02	  -2.1675493144102265e-01	   4.0836198736654998e-02	   1.6438307915517669e-01	   3.3094213486819157e-01	   4.2683853078581002e-01	   4.0931518374249776e-01	   5.0705112513485862e-01	   3.2756812919528511e-01	   1.4432366060499302e-01	   5.3992069550252132e-02	
   5.9086372808150200e-01	   4.7212094278001293e-01	   5.0004573884919612e-01	   3.2531058305703386e-01	   1.0347885065010931e-01	   1.2522823508427677e-01	   4.5457223922525281e-01	   3.7961402163681601e-01	   3.9140019376939472e-01	   3.9035035316304589e-01	   9.1819051085643510e-01	   7.4197749453512762e-01	   0.0000000000000000e+00	   7.9709439171750041e-01	   6.6656473502983227e-01	   6.4659130523944119e-01	   4.6388283934434837e-01	   4.8505643636764095e-01	   3.4016871128443482e-01	   1.5678408624665952e-01	  -9.0739195248714516e-02	  -2.5409450892818103e-01	   4.0086327198697336e-01	   3.4218402499635819e-01	   3.2950479249791309e-01	   2.9649552926160744e-01	   9.2621137905283979e-02	   3.1815236013661075e-01	   6.0142687435594067e-01	   4.9959431926899089e-01	   2.0829887617727130e-01	   2.1589000236117151e-01	   2.3032056959540914e-01	   1.6184782066886286e-01	   1.4251419174401792e-01	   1.2286855103253029e-01	   4.7651521511796185e-01	   4.7505171540394620e-01	   4.7863111444904727e-01	   4.7387519157270719e-01	   4.2085319662403986e-01	   3.0229257847397706e-01	   2.8653954523076486e-01	   2.0419510018246312e-01	   1.9136244402423416e-01	   2.6800218040219992e-01	   3.2305542293809791e-01	   2.7124753763366216e-01	   3.4486167392913547e-01	   4.0984590851682468e-01	   5.9679206347497038e-01	   4.4417913301960044e-01	   3.8005304070420909e-01	   2.5851984123184057e-01	   4.5580587597642930e-01	   3.5564420304098915e-01	   3.5220012205257545e-01	   4.0695336305152885e-01	   6.4826293163347670e-01	   4.8556354621995840e-01	   7.6342506192168891e-01	   4.1653238596280273e-01	   3.6971542936798057e-01	   3.6449355218653956e-01	   1.6485502464818291e-01	   3.2353151244945549e-01	   2.0545150921976185e-01	   2.4070557968337103e-01	  -2.6758719414172454e-02	   2.6030650306209806e-02	   3.8009798561500846e-01	   3.2429631267847947e-01	   5.9467846964955151e-01	   4.5409469926165213e-01	   5.4125080576548357e-01	   2.4661667180306523e-01	   4.9571911197832619e-01	   4.3704917593314696e-01	   4.5847758335648997e-01	   5.9802484357091590e-01	   3.6927016960396120e-01	   5.4355378633522222e-01	   3.4530409798834460e-01	   3.2044969817065949e-01	   4.2504370167076311e-01	   5.6177924151641945e-01	   3.4465817590825987e-01	   2.9758925763687005e-01	   4.9975983650182193e-01	   3.6645500714435708e-01	   9.4179550979644103e-02	   2.0666503532014235e-01	   8.5458039442277367e-02	   3.9146109093149517e-01	  -3.4260737672456638e-02	   1.8466149633899677e-02	   3.6042366512298141e-01	   1.7428722344653350e-01	   2.5020354420352259e-01	   3.3412046589786004e-01	  -6.0761826637954292e-02	   1.1850717389517412e-01	  -2.6073965706660283e-02	   1.4948924323814466e-01	   2.2203074566775266e-01	   1.8996509027866093e-01	  -1.6295358924731201e-01	  -1.0378931224751271e-01	   1.1755286639590931e-02	   3.1834479312436592e-01	   3.4465126489062314e-01	   4.0836253859641314e-01	   4.0847711020059974e-01	   2.8163848116964968e-01	   1.8620926291793805e-01	   7.2815076331360917e-02	
