   0.0000000000000000e+00	   6.3864823769338308e-01	   6.5545608901121921e-01	   6.4837523570134281e-01	   5.3017288802488038e-01	   5.7677329965882063e-01	   5.9538534426710554e-01	   6.3823016988344750e-01	   6.8501086664553723e-01	   4.7371977978495461e-01	   7.1432572496266988e-01	   7.4982657162275446e-01	   6.7313678631757345e-01	   6.9738196752959891e-01	   7.0109294213670814e-01	   7.1302240218633905e-01	   5.3593884730627117e-01	   3.3493259182207757e-01	   7.7569748876223077e-01	   5.5994440016283609e-01	   5.7703480120734840e-01	   4.4688107590872739e-01	   5.0791844733431213e-01	   6.1613453214545832e-01	   3.1666658419495214e-01	   4.1701039522956529e-01	   3.7262956684781307e-01	   4.6761672730849224e-01	   5.5603992925141721e-01	   4.6419239852329558e-01	   4.0079506081274685e-01	   4.0628355583372544e-01	   5.4851731922414759e-01	   5.1972562141944501e-01	   2.5048020485538836e-01	   3.9290237976240105e-01	   4.9067291926300216e-01	   5.8599986915265645e-01	   3.4360196452166225e-01	   3.6653766470287286e-01	   4.5799975293045947e-01	   4.4165655953995941e-01	   6.2555515522361693e-01	   5.9083121638992830e-01	   5.3468644288650624e-01	   5.2009671029623072e-01	   7.2262396904783444e-01	   6.5208296844792935e-01	   6.6430634676390843e-01	   5.8154171884068628e-01	   7.6182840931214091e-01	   6.3698881708860877e-01	   5.9459753774312407e-01	   5.0625819282771589e-01	   7.3471786720170218e-01	   6.9071471970597353e-01	   5.5208878343582324e-01	   3.8203016697224956e-01	   4.5711398393469338e-01	   3.9153829099700610e-01	   5.6973310832737578e-01	   5.2095174114935727e-01	   4.1973745430154530e-01	   3.6134185528905644e-01	   3.9657361660212481e-01	   4.8199367486792299e-01	   4.6669627607009723e-01	   4.9452097798943095e-01	   5.1855372937020494e-01	   5.2799192527154293e-01	   3.3791164367096049e-01	   4.6795447589402239e-01	   4.5219067171968419e-01	   3.7327344637532756e-01	   5.5962613756364754e-01	   5.6362455204233819e-01	   4.3547738355181931e-01	   4.4708837743601565e-01	   5.2637008699598153e-01	   5.6049489032809641e-01	   5.5578685381220483e-01	   5.9542503909379108e-01	   6.6853201406114993e-01	   6.8592655265486313e-01	   7.5666582904627855e-01	   7.6494774956946054e-01	   3.6462698403724947e-01	   6.1265696154939342e-01	   7.5603251895822920e-01	   6.7583269512081912e-01	   5.8648162683930238e-01	   5.9558139800780396e-01	   3.5805358512096358e-01	   4.8511057274337510e-01	   6.3879634505208838e-02	   2.1615118873302608e-01	   3.9414596852410366e-01	   6.0036808038357237e-01	   6.5701364512610738e-01	   7.7564560456647169e-01	   1.2259542495380663e-01	   6.1552976696954331e-01	   2.5462324196715785e-01	   5.4244807192096245e-01	   1.9994822646191807e-01	   1.7289983593215921e-01	   4.0984677183614360e-01	   4.7749256374221405e-01	   3.4223021167866040e-02	   4.6319077163119400e-02	   4.9740269594859665e-01	   6.8088161902106736e-01	   6.1407838265382897e-01	   3.4270935793015722e-01	  -7.6277944104666068e-02	  -2.5304724485147462e-01	
   6.3864823769338308e-01	   0.0000000000000000e+00	   3.3215453650054044e-01	   5.1946412702346156e-01	   5.1921410288643854e-01	   5.1798950148583278e-01	   3.8907168049053714e-01	   5.7142801871796156e-01	   4.5152854945605070e-01	   4.3872206211839415e-01	   3.8838831873564761e-01	   6.1454087958991521e-01	   3.6528862863386485e-01	   4.9647520342751811e-01	   4.7102759690700213e-01	   5.2878869410114482e-01	   6.2551531800615534e-01	   5.8743162297351859e-01	   6.5024842419779216e-01	   7.8969889558240791e-01	   5.6906875617761021e-01	   5.8454724245572942e-01	   3.8913467028548404e-01	   4.6940067827464160e-01	   3.3830688226662392e-01	   4.3940176036543022e-01	   3.5291478378015789e-01	   4.3667447469809978e-01	   6.1430847954266765e-01	   5.9656433117396279e-01	   4.3243714017490398e-01	   3.6176986863022581e-01	   5.7168925442298268e-01	   6.1881139184979306e-01	   1.7415740720935674e-01	   3.8866684556161490e-01	   5.7309504151525403e-01	   6.0983730980555584e-01	   4.9614265609003783e-01	   4.6479463690304151e-01	   4.9044735619923252e-01	   6.4252006163210429e-01	   7.0211325861306761e-01	   6.8745244998159749e-01	   5.8680048295739118e-01	   5.6395677652267173e-01	   6.8419654801917251e-01	   6.7528361840562268e-01	   5.7164422429369199e-01	   6.4054380171302516e-01	   6.8482355508053649e-01	   6.8137477749683795e-01	   6.6110250942937343e-01	   6.0598141063315292e-01	   6.9304720660004593e-01	   6.8161432476042427e-01	   6.5514521168061379e-01	   7.6730380164124168e-01	   4.0601968771538266e-01	   6.0045128581111396e-01	   4.1699221952438859e-01	   4.6869676162892482e-01	   5.5774160942841777e-01	   5.8976632196212897e-01	   1.6682255139915661e-01	   2.8325000191786570e-01	   4.8689867954321364e-01	   6.3147533523459887e-01	   6.2139597514745837e-01	   7.6696845688892368e-01	   1.1879818509480905e-01	   3.0573583911133317e-01	   4.0274706040843111e-01	   5.3324279334719404e-01	   4.4287612429860967e-01	   5.1674111888681540e-01	   3.2946052627395539e-01	   4.6260576893029404e-01	   6.4301223355576520e-01	   6.6593924074275712e-01	   6.6713558305777099e-01	   6.4613368443201979e-01	   6.4571795069062521e-01	   6.3429800310324436e-01	   5.9280348997258825e-01	   6.2205052487373835e-01	   3.9688700125842291e-01	   4.8550693215999219e-01	   5.6859136718758096e-01	   6.5169194952963017e-01	   6.9070870253647487e-01	   5.8059476533523768e-01	   5.0093381881598287e-01	   3.4610667415425056e-01	   8.4549389409630277e-02	   4.5176201767319235e-01	   5.8176685960282337e-01	   5.8029707110112083e-01	   8.0424638106402635e-01	   7.5123000325539224e-01	   4.8947428056921638e-01	   5.0003043246395096e-01	   5.5500938158664082e-01	   5.9559134515941881e-01	   4.1596064515481568e-01	   3.6146550150782297e-01	   5.2770938368686460e-01	   5.2215648111345070e-01	   1.7269984340733996e-01	   1.5124247686740180e-01	   5.9525504598268175e-01	   7.9942860795218695e-01	   7.3825920803101108e-01	   6.3245861028359096e-01	   1.8825558058749264e-01	   1.9882302562340481e-02	
   6.5545608901121921e-01	   3.3215453650054044e-01	   0.0000000000000000e+00	   7.2812717151945161e-01	   7.4649005459909501e-01	   6.2151203833480806e-01	   7.7941789362096658e-01	   5.4690718083701473e-01	   7.2850985201065566e-01	   4.3148173365177545e-01	   5.7745883377366780e-01	   4.9647075586610295e-01	   5.7643052211623624e-01	   4.4877237798274261e-01	   7.6353341203519998e-01	   6.6362117144182919e-01	   3.4471328117305161e-01	   1.5715537821476444e-01	   6.9097394110439714e-01	   3.7175805677882573e-01	   6.9016231139161022e-01	   4.9729039127108621e-01	   8.3330714284988328e-01	   7.7738706308933803e-01	   6.2298748822804617e-01	   6.5546295234538832e-01	   6.3884553628410223e-01	   6.5822700295289449e-01	   3.9079755972087271e-01	   2.3937986077114298e-01	   6.4061570563214087e-01	   5.6155758527075483e-01	   5.4734639184321165e-01	   4.6158586797164847e-01	   3.7997442919550889e-01	   4.8739853182983051e-01	   5.4685233071043737e-01	   4.4638936534506690e-01	   4.0310452279619580e-01	   2.6723028566786955e-01	   4.0269187448401128e-01	   2.4681271586610903e-01	   6.0039110909716609e-01	   5.0885162739258072e-01	   4.8556054177313357e-01	   4.3998721554179460e-01	   5.3193967324759917e-01	   5.3094547200168662e-01	   4.1579959122128618e-01	   3.3680397812334378e-01	   6.5225873937949030e-01	   4.3580775468721344e-01	   3.6000071746366619e-01	   3.9355850551088989e-01	   5.4759108375236609e-01	   3.6112206295775340e-01	   2.7438415367004543e-01	   2.3973247805482514e-01	   4.8127815236564464e-01	   2.7289317721895878e-01	   5.7210219389043926e-01	   4.3285560151481778e-01	   4.2402932450013708e-01	   2.8440373494422155e-01	   6.9346406480053802e-01	   5.2058959315520681e-01	   6.1873735852095646e-01	   4.7273996578535143e-01	   4.0868546756012347e-01	   3.6582993931075325e-01	   3.8586892341773132e-01	   4.3360465396270831e-01	   3.7038944572705657e-01	   2.2071932269585862e-01	   5.2557252949177646e-01	   4.3335773487022877e-01	   2.2309390363506587e-01	   2.6172734650586493e-01	   3.4348845034763553e-01	   3.0854650585664867e-01	   3.2140991973746763e-01	   3.4247469515780060e-01	   5.6926100586705286e-01	   4.4696629636383756e-01	   6.1172656431161831e-01	   6.8921780214715822e-01	   4.5482442227426401e-01	   6.0668415589500513e-01	   7.6860993827714386e-01	   6.3943030548819602e-01	   3.5070837826502543e-01	   4.4999452332375478e-01	   1.4504750559112828e-01	   5.4256206018275355e-01	  -8.1169289105906248e-02	   1.0997481543917828e-01	   3.0027589038850855e-01	   3.8926902346453918e-01	   3.8983670997747932e-01	   4.5115889307705737e-01	  -6.0515511299698583e-03	   4.5172173745218769e-01	   2.3897199323915408e-01	   4.5121040342978164e-01	   3.2653817700984855e-01	   3.4243747996380508e-01	   4.2525918817769848e-01	   4.6834510849596367e-01	   1.5570930866329907e-01	   1.5561211993894858e-01	   3.3578134578353763e-01	   4.3060368261931709e-01	   3.6310114174107389e-01	   2.1497238924194084e-01	  -1.8658248046524308e-02	  -7.3945110449424561e-02	
   6.4837523570134281e-01	   5.1946412702346156e-01	   7.2812717151945161e-01	   0.0000000000000000e+00	   7.1396585484712871e-01	   8.3124353650448868e-01	   7.7402348602869697e-01	   8.6312328589124543e-01	   7.2152922897886596e-01	   6.7852824558880342e-01	   4.8468812974826003e-01	   7.1865305757713371e-01	   5.0055966549911202e-01	   6.4961829932528881e-01	   6.1234443158724505e-01	   7.9280129105743169e-01	   4.5349670393854924e-01	   3.3463141772991006e-01	   6.5414045792843512e-01	   6.2857480501596863e-01	   6.0658097178480586e-01	   5.1951290511481985e-01	   6.3774658808627471e-01	   8.2040293070834469e-01	   3.8162331247506370e-01	   6.5849227392542331e-01	   4.2269504312232853e-01	   5.4569823617335778e-01	   5.2578474870486791e-01	   4.4866271050621304e-01	   5.9159372919572140e-01	   6.5465199433282462e-01	   6.9675458268576484e-01	   7.2593364795570370e-01	   5.2122427623117340e-01	   6.9420661841212605e-01	   4.9766617826757470e-01	   6.3692546369814340e-01	   4.0376271822738158e-01	   4.5733741438851694e-01	   4.8681183489357227e-01	   5.1358995632178972e-01	   6.7891437560049916e-01	   6.7548364401535899e-01	   6.3847785718306049e-01	   6.5558929928227017e-01	   7.4072192156233796e-01	   7.6170017260149758e-01	   6.5235914610999379e-01	   6.3619809739509048e-01	   8.1687107737225673e-01	   6.4389743907193209e-01	   5.5497002418049068e-01	   5.3992725627043470e-01	   7.0728529032349841e-01	   6.3737994787669439e-01	   3.6119479791250209e-01	   3.9819887852521141e-01	   5.8114640444541688e-01	   6.0396337360933283e-01	   6.4680208282060503e-01	   7.1055187142290321e-01	   5.6093667868437480e-01	   5.1073583556265845e-01	   5.4195621042971387e-01	   7.7355021447424466e-01	   7.4929861590514502e-01	   7.5524841999677761e-01	   5.2602044267405756e-01	   5.9303355910303179e-01	   3.1805830253666217e-01	   5.7379366023106804e-01	   4.0914483968844806e-01	   4.2452952860585008e-01	   5.3149428850084068e-01	   5.9168797348305413e-01	   4.1315640415723992e-01	   5.7610980161235226e-01	   4.4285307041908573e-01	   4.2646834270734085e-01	   4.9223695765172132e-01	   4.7453628801085518e-01	   6.3937610281612378e-01	   6.3337820930071675e-01	   6.8080840163814527e-01	   7.9390965992512375e-01	   4.0096846746528358e-01	   6.2891151095940456e-01	   8.0352099392874821e-01	   8.0397045837158676e-01	   6.4734285240492806e-01	   5.0662551111635912e-01	   3.8058557974363272e-01	   4.1250921314074240e-01	  -2.0774539960047070e-01	   2.0368459798755478e-01	   3.5851655095265200e-01	   4.7040734205324586e-01	   6.5892994227791357e-01	   6.5472598033101259e-01	   2.3761076836807613e-01	   4.9885921956605828e-01	   3.8756300070236283e-01	   5.8567445081819103e-01	   3.5774693572891147e-01	   2.8651714687591112e-01	   5.2587088180422925e-01	   5.4908251342350756e-01	  -2.9044662608769936e-02	  -1.3213206235124614e-02	   4.9844257152139460e-01	   6.5487805208304328e-01	   5.5272039317461352e-01	   3.2406892561145162e-01	  -7.9370775830465090e-02	  -2.3583528867493145e-01	
   5.3017288802488038e-01	   5.1921410288643854e-01	   7.4649005459909501e-01	   7.1396585484712871e-01	   0.0000000000000000e+00	   8.6492608025354212e-01	   8.4041719460881703e-01	   7.1569517762998880e-01	   7.9899587655073590e-01	   6.7967583898231687e-01	   5.4741930059193922e-01	   6.6216891471941075e-01	   6.4377700269367166e-01	   6.2205195296369986e-01	   7.2277310358048130e-01	   7.6969930086217797e-01	   5.4953490477533684e-01	   3.7399644215439887e-01	   6.3461402368537190e-01	   5.3711269682510543e-01	   7.8110679619676948e-01	   7.0514662490913849e-01	   6.5022459307848102e-01	   7.3453741609748757e-01	   4.7909835068190443e-01	   6.6354699788476945e-01	   5.3688127159948873e-01	   5.8672517572451532e-01	   5.9426185845183632e-01	   4.3433887407271787e-01	   6.5597774491533545e-01	   5.5488955698437659e-01	   6.1985953049071063e-01	   5.9980033418884215e-01	   3.3820730620293799e-01	   5.1198290851728601e-01	   4.2007830363820453e-01	   3.9897605452275231e-01	   3.3956255502714455e-01	   2.1742181368762467e-01	   3.6471821227062506e-01	   3.3590293156759277e-01	   6.6113794575952378e-01	   5.8453139842688850e-01	   5.7671184783145912e-01	   5.3687762944292450e-01	   5.9108936081744878e-01	   6.1641755073261351e-01	   5.8659451468647328e-01	   5.0049326278895345e-01	   6.4716300946101879e-01	   4.9078891689404197e-01	   5.3851213026490052e-01	   5.1459461093992487e-01	   5.6619720865615530e-01	   4.1054438482166966e-01	   3.7284926192035073e-01	   4.5722851538837250e-01	   6.2740598423416838e-01	   5.0923974729600330e-01	   7.0001314799535952e-01	   6.4800207432972212e-01	   6.4417625442590476e-01	   5.6916948168509485e-01	   4.4543172029913558e-01	   4.9535313375062484e-01	   5.7569335609206862e-01	   5.5575608252442343e-01	   3.3831307132437488e-01	   4.7768850709592536e-01	   3.3213346481563094e-01	   5.1356319953751506e-01	   4.4370632565980284e-01	   4.4595203098413261e-01	   5.5595311056422680e-01	   5.3335008512605009e-01	   1.4243387369611915e-01	   2.7024961018073856e-01	   5.3082369304607036e-01	   4.4407774035012543e-01	   5.2271653667759810e-01	   4.7086471520155582e-01	   5.5079024493174344e-01	   4.5428833030947086e-01	   5.7870832675644390e-01	   6.6198745072402643e-01	   2.5977556830188109e-01	   4.4962133098075474e-01	   7.3664400859156864e-01	   6.8271902930079120e-01	   6.1441298687881130e-01	   6.1698484005573184e-01	   4.4539964611390065e-01	   6.4817722944519152e-01	  -2.0221509137232097e-01	   2.0154559551673040e-01	   2.4836315121502603e-01	   3.4794755804559779e-01	   6.2318113790478447e-01	   5.8973866898037119e-01	   3.7220946142323386e-01	   6.3790491415959449e-01	   4.6938874118760054e-01	   6.3509955720064382e-01	   5.0510810110135185e-01	   4.8699492649548615e-01	   5.4814687685390506e-01	   5.2074124484086415e-01	   2.0226514102144866e-01	   1.4285081419259971e-01	   2.9899424151736609e-01	   6.5543562122348054e-01	   6.2999382662348646e-01	   5.2655608824415912e-01	   2.1615579610502714e-01	   1.1622419225425995e-01	
   5.7677329965882063e-01	   5.1798950148583278e-01	   6.2151203833480806e-01	   8.3124353650448868e-01	   8.6492608025354212e-01	   0.0000000000000000e+00	   7.8581775123173536e-01	   8.8398431516112308e-01	   8.1595691715162444e-01	   8.8731090379424815e-01	   5.2934927503361440e-01	   7.5356845446731957e-01	   6.4110657422206718e-01	   7.7015193917690650e-01	   6.5278529641270278e-01	   8.6426726005867383e-01	   4.8924886522312072e-01	   3.0667915951097413e-01	   5.1357448465394606e-01	   5.1056834381792116e-01	   7.0116624111458881e-01	   6.8686348530250330e-01	   5.1539883370798123e-01	   7.3435153110303641e-01	   3.3583279515447012e-01	   5.9024959238320052e-01	   4.1071754460126142e-01	   5.1938059244959922e-01	   5.2476547494763992e-01	   4.1625738660178579e-01	   4.7746603242696151e-01	   4.7716393256500500e-01	   5.7830817990436367e-01	   6.3336146168186169e-01	   4.2573731185215319e-01	   6.0111976517262899e-01	   3.5424343684295934e-01	   4.9439844382560250e-01	   2.7705481219356143e-01	   3.0333481506650994e-01	   3.9863844363135958e-01	   4.2839827173783041e-01	   6.8249111525498496e-01	   6.4116220865846008e-01	   6.2617089390732461e-01	   6.0188892340878841e-01	   6.6837196671822119e-01	   6.9344485828797264e-01	   7.0789385505080105e-01	   6.5274929388271641e-01	   7.5444363849190199e-01	   5.8922081735627718e-01	   6.5833430275638727e-01	   5.5081784290776648e-01	   6.4143159855533971e-01	   5.3747695782204441e-01	   3.3914584505503531e-01	   4.2780816963285095e-01	   6.9568022610589209e-01	   6.8126517835969991e-01	   7.5913702641028613e-01	   8.1220798818795537e-01	   6.2162067102389140e-01	   5.7333428523972141e-01	   3.9021921147748750e-01	   6.6551112657297140e-01	   5.9636238338298342e-01	   6.6298230837309058e-01	   3.1285284469386798e-01	   5.2394223297424836e-01	   2.0036247417019651e-01	   5.1855188802937069e-01	   2.8633817113805160e-01	   3.6227311013992314e-01	   4.0954847177032028e-01	   4.7832437585293164e-01	   1.1624435570937645e-01	   3.1802047482771123e-01	   4.9535337103480570e-01	   4.3271672725501498e-01	   5.4347506799264211e-01	   4.8394818144627655e-01	   5.2169293864433075e-01	   4.8600217387095412e-01	   5.8932103226916199e-01	   6.8802830317333930e-01	   2.2764172022463042e-01	   4.8880474557511178e-01	   8.0036412672937751e-01	   8.0542853290497329e-01	   7.5884029279739651e-01	   6.5375990979094345e-01	   5.9646807991235340e-01	   6.2984344724866648e-01	  -2.8376109880201522e-01	   2.8760207113053016e-01	   2.0711141306545500e-01	   3.6079223049141751e-01	   7.0748273477313817e-01	   6.7326896060693042e-01	   4.3884353761703787e-01	   6.8090186728449220e-01	   5.0679653674109182e-01	   6.8880344334185728e-01	   5.4213669202963721e-01	   4.8726063693181121e-01	   6.3722138086755997e-01	   5.7882599838989190e-01	   9.4624332883618281e-02	   2.9672778394720562e-02	   2.8208681698013682e-01	   7.3141494804684370e-01	   7.2637062480411818e-01	   5.0112100116471436e-01	   1.6258784698899451e-01	   2.4152054655268089e-02	
   5.9538534426710554e-01	   3.8907168049053714e-01	   7.7941789362096658e-01	   7.7402348602869697e-01	   8.4041719460881703e-01	   7.8581775123173536e-01	   0.0000000000000000e+00	   8.1207014928381316e-01	   8.0202322338722554e-01	   6.4114568969699970e-01	   4.9098006093719637e-01	   6.5776238012452892e-01	   6.8025976368812824e-01	   6.2477611280643408e-01	   6.0074058768054939e-01	   7.0750106476799934e-01	   5.0337305121249665e-01	   3.1726518356539046e-01	   6.3213457158678454e-01	   5.2118990533462672e-01	   5.7301642193801872e-01	   4.5327977369205158e-01	   4.9493969967831464e-01	   6.1149688457356866e-01	   2.9175765830604850e-01	   5.1914930201104881e-01	   3.1399830983119248e-01	   3.9767244086236597e-01	   6.0650378642616687e-01	   4.5064362613530495e-01	   5.5460207987225274e-01	   5.0713495438444445e-01	   6.5558827706042466e-01	   6.1389416511987860e-01	   2.7228129925975253e-01	   4.4714955929237943e-01	   4.0619257158641803e-01	   4.2485431853927369e-01	   2.8306174241434351e-01	   2.6742985150611182e-01	   3.5265657991973220e-01	   3.0793303941589001e-01	   6.1343496065023095e-01	   5.8354584020783273e-01	   4.9243909636122868e-01	   5.2057476619819254e-01	   6.5464653494111391e-01	   6.7737327184312934e-01	   6.6172613240339073e-01	   5.0591919008593245e-01	   6.9861285092417591e-01	   4.5010967775803756e-01	   5.1117972710588000e-01	   4.3814870034821707e-01	   6.2420134731560717e-01	   5.0184809388242002e-01	   2.8965345303067669e-01	   2.6588436346359162e-01	   6.7651297501049579e-01	   4.6387191900257607e-01	   7.7769028211591051e-01	   6.5248748965209513e-01	   5.9895741318386153e-01	   5.0682509927666097e-01	   3.7923251983362494e-01	   5.2863141217825238e-01	   5.5752256879412809e-01	   4.8492225816008738e-01	   4.0083478105008219e-01	   4.3748185397387251e-01	   3.2537912524748380e-01	   4.8784341182302449e-01	   5.0680399189613112e-01	   4.4706210266567697e-01	   6.2662148902840753e-01	   6.2227849218199260e-01	   3.0862500801483811e-01	   3.8630464669665310e-01	   4.3384428891183069e-01	   4.1088583577750792e-01	   4.6631172151051892e-01	   4.2270112000031584e-01	   5.2850592511457550e-01	   4.6158104531122746e-01	   5.3489362591083789e-01	   6.6512148640061419e-01	   1.8156741110743954e-01	   4.2691911096821022e-01	   7.5256952356504014e-01	   6.5758684640771881e-01	   5.1148282844946114e-01	   5.2570315276189150e-01	   3.2651671584183356e-01	   5.3526582246269627e-01	  -1.5546867642455789e-01	   1.1460858469533694e-01	   3.1949382648075414e-01	   4.3573234674040040e-01	   5.7602030619444422e-01	   5.8032023621225581e-01	   2.0676448995968746e-01	   5.9416128512203537e-01	   3.2346281462674853e-01	   5.9163059258065154e-01	   2.9297296354500701e-01	   2.8959687281199553e-01	   4.1580353286466198e-01	   4.4722910002117300e-01	   9.9439094689582383e-02	   1.7416339756192123e-01	   4.2958548306400879e-01	   5.9882344253816866e-01	   5.2075134708410309e-01	   3.1320942650283579e-01	  -1.0846326499203998e-01	  -1.6316208940486143e-01	
   6.3823016988344750e-01	   5.7142801871796156e-01	   5.4690718083701473e-01	   8.6312328589124543e-01	   7.1569517762998880e-01	   8.8398431516112308e-01	   8.1207014928381316e-01	   0.0000000000000000e+00	   7.4953572776095823e-01	   7.9401232814940048e-01	   4.8814546840130235e-01	   7.7265863897237941e-01	   6.3743999314856392e-01	   7.7613036071125197e-01	   5.6028629410038144e-01	   7.8966448607863260e-01	   5.2304045956490119e-01	   3.5455977724560156e-01	   5.7441227189795052e-01	   6.4041697443824785e-01	   5.5419646455473015e-01	   5.3103807514926782e-01	   3.9105463863074413e-01	   6.2378247281356436e-01	   1.7259829843968061e-01	   4.7244851832522122e-01	   2.6581110633119187e-01	   4.0031025836356110e-01	   6.0289915997914201e-01	   5.0719469959087338e-01	   3.9910825831455349e-01	   4.5093043072487926e-01	   6.3968446440380411e-01	   7.0572662988757806e-01	   4.0141755979070753e-01	   5.9085625313993395e-01	   3.8872784394463245e-01	   5.6683548475471346e-01	   3.0559209155390743e-01	   4.0601195215617386e-01	   4.2227045838903732e-01	   4.8165400009898940e-01	   6.3382567604386786e-01	   6.3258383851787015e-01	   6.0625938610105323e-01	   6.1642766441424790e-01	   7.2003881365328748e-01	   7.3590619732366314e-01	   8.0413582958043739e-01	   7.2215043838410942e-01	   8.3368716803879428e-01	   6.5654339737292478e-01	   6.8033394602404751e-01	   5.3481703228553867e-01	   7.3382596109076481e-01	   6.8878112356985111e-01	   3.6803649212644374e-01	   3.8320438270516988e-01	   7.2409146769135391e-01	   7.1733262433197331e-01	   7.4546739573583665e-01	   7.9312896127082044e-01	   5.8022735751396093e-01	   5.6513784831891489e-01	   2.7842053948385881e-01	   6.6955334939677058e-01	   6.2488711703596789e-01	   7.0524671636903191e-01	   4.4618526921904922e-01	   5.9262570051951335e-01	   2.3757647160556389e-01	   5.4595279454943957e-01	   3.9201915651361252e-01	   4.4444900811141974e-01	   4.9948129056156187e-01	   6.0485432619252366e-01	   3.3441493597213989e-01	   5.0167848035061358e-01	   5.1565047868168601e-01	   4.7442930958380647e-01	   5.7224634926257423e-01	   4.9127200108601854e-01	   5.7543498824506811e-01	   5.5156184035362532e-01	   5.8193895320816968e-01	   6.8624619914587426e-01	   1.8452020151891327e-01	   4.4983326972306154e-01	   7.6270394871995306e-01	   7.7537406345302640e-01	   7.4752174380576886e-01	   6.0211966980644860e-01	   5.4310259699639141e-01	   4.9962307335999312e-01	  -1.8161769428853508e-01	   2.8783233258225710e-01	   3.3734265239910144e-01	   4.8019930829486213e-01	   7.6252689488705028e-01	   7.3204718268107949e-01	   4.3690608106373963e-01	   6.5515690491152867e-01	   4.7710860070507044e-01	   7.0346218469403254e-01	   3.7435037235534352e-01	   3.0339287498158962e-01	   5.3471476969335963e-01	   5.5905222323032155e-01	   1.9223999494308554e-02	   3.0524241902346337e-02	   4.6167649220679624e-01	   7.4797107802271101e-01	   7.1561600004247627e-01	   4.4107376732032710e-01	   1.5639900160361816e-02	  -1.5553373570955531e-01	
   6.8501086664553723e-01	   4.5152854945605070e-01	   7.2850985201065566e-01	   7.2152922897886596e-01	   7.9899587655073590e-01	   8.1595691715162444e-01	   8.0202322338722554e-01	   7.4953572776095823e-01	   0.0000000000000000e+00	   8.1491633990286272e-01	   6.3828222315965166e-01	   7.0764685724804421e-01	   7.3136307838680681e-01	   6.5815691865826298e-01	   7.3865877488995846e-01	   7.9516879733750523e-01	   5.5405094312905523e-01	   3.1613796754824952e-01	   5.7966738718326005e-01	   4.5310593755073419e-01	   5.8744395173341757e-01	   4.6887477614621820e-01	   5.5505551020581634e-01	   6.5703996560503641e-01	   4.0387901717245334e-01	   4.9138468371877431e-01	   4.0202480711412836e-01	   4.3964811652044572e-01	   5.0161621392666844e-01	   3.7234699399415694e-01	   4.2099278765551212e-01	   3.9066907412146912e-01	   5.5640172815744338e-01	   5.4286238669853404e-01	   4.5126669991669188e-01	   5.6100171523100539e-01	   4.4124776702332946e-01	   4.5627608788965196e-01	   2.5011868328981346e-01	   2.0695292263641898e-01	   3.8405902990308100e-01	   3.3692180121306969e-01	   5.6468737846760708e-01	   4.8218562638594753e-01	   4.8470226849129144e-01	   4.0633693919738245e-01	   5.7048470909271998e-01	   5.9168153780336308e-01	   5.7512929821353675e-01	   5.0393035123463892e-01	   6.7363835642568992e-01	   4.6003897584363185e-01	   5.9426811195387730e-01	   5.7958467096576927e-01	   5.6458383436134363e-01	   4.5396985363652109e-01	   3.4509696717615290e-01	   3.5669081460565616e-01	   5.3203074284580931e-01	   4.7269581331567123e-01	   7.6944294738503449e-01	   7.0637295316920712e-01	   5.2796905323419707e-01	   4.6664196249195711e-01	   4.8582113976415287e-01	   5.9306852393836007e-01	   4.9324759359032710e-01	   4.5514346952418061e-01	   3.3650296112113992e-01	   4.4823047821129036e-01	   3.1573547133950031e-01	   5.0803573909459221e-01	   4.0995331257365830e-01	   3.5384255809226794e-01	   5.6614652969597301e-01	   5.4451388706076309e-01	   2.6076007510425114e-01	   3.4347223093436663e-01	   4.8719622983907895e-01	   4.5496753727907691e-01	   4.6452040051453525e-01	   4.4599359649938108e-01	   4.8923413110953845e-01	   4.3791836256067557e-01	   5.9905963770784887e-01	   6.1733811907369018e-01	   2.0446358023294586e-01	   4.2329057078197252e-01	   8.0672018092880826e-01	   7.2541955719363749e-01	   5.7296404678169488e-01	   5.7128998431786093e-01	   4.6770199307465732e-01	   6.0552493324897139e-01	  -1.8981789910610097e-01	   4.1270505475688751e-02	   1.4616482962805677e-01	   3.1109014936708679e-01	   5.4847824215251040e-01	   5.8521469348268640e-01	   2.3484153072075137e-01	   6.1700521501914340e-01	   2.9044917676689697e-01	   5.4587305482741288e-01	   3.0773617216841148e-01	   3.2362194480140283e-01	   4.7653372066777600e-01	   5.2085333536416645e-01	   2.4154753282937112e-02	   2.5123216742081067e-02	   3.0178992994153842e-01	   5.8889654539424585e-01	   5.4768178983496907e-01	   3.5782218545170047e-01	   1.6019690251469879e-02	  -1.6355001559689064e-01	
   4.7371977978495461e-01	   4.3872206211839415e-01	   4.3148173365177545e-01	   6.7852824558880342e-01	   6.7967583898231687e-01	   8.8731090379424815e-01	   6.4114568969699970e-01	   7.9401232814940048e-01	   8.1491633990286272e-01	   0.0000000000000000e+00	   4.0943583160012270e-01	   6.5479969534667992e-01	   5.3752466092456053e-01	   6.4547349579966484e-01	   5.2415443914523863e-01	   7.7014183753626375e-01	   4.8849706502221679e-01	   3.0776097509073291e-01	   3.9656898790194861e-01	   4.4791209707908702e-01	   4.5183871025963218e-01	   4.8940945623626136e-01	   3.3786660254552570e-01	   5.4259522671181948e-01	   2.1577929455982106e-01	   3.9144716557621162e-01	   1.8026852080510236e-01	   2.7125535280961866e-01	   4.3476139496125743e-01	   3.6982903348554086e-01	   2.6619608132241335e-01	   2.7340972599824376e-01	   4.8648727389026847e-01	   5.4922280097904552e-01	   4.2062586963044390e-01	   5.1867390232886734e-01	   2.2821212228335541e-01	   4.0638087459731637e-01	   1.7608257491701601e-01	   2.6960494475016133e-01	   2.9693800213932336e-01	   3.9125038175522631e-01	   5.6684101392021846e-01	   5.0401958446622341e-01	   5.3005693792657160e-01	   4.4649633202900074e-01	   5.6181700314157212e-01	   5.8378492409079530e-01	   6.1268440442423511e-01	   5.9172026438083125e-01	   5.9516579572443806e-01	   4.5291241813140304e-01	   6.5306048304134856e-01	   5.2839367001301152e-01	   5.1650336958636411e-01	   4.3655524474508522e-01	   3.5652783130788046e-01	   4.5095043603536344e-01	   6.2961700003428867e-01	   6.7303549787407069e-01	   7.5989982039829940e-01	   8.0987866727944391e-01	   6.2238845393188347e-01	   5.6914918050946195e-01	   2.5866538744418655e-01	   5.7382764841492440e-01	   4.6145142663023986e-01	   5.3541910640735479e-01	   2.6542284484985740e-01	   5.0823591771402543e-01	  -1.1707124127930313e-02	   3.4816994327821621e-01	   1.5829104751908979e-01	   2.7707877953840776e-01	   2.8456826538262625e-01	   3.7797180659704971e-01	   4.2979311188814935e-02	   2.0795702902723925e-01	   4.4708713198613148e-01	   3.8981438864005180e-01	   4.8042726620372167e-01	   3.9268251254162961e-01	   3.8943110650607149e-01	   3.3827114185259816e-01	   4.0969528528085142e-01	   4.4838791625796576e-01	   1.4121520194759510e-01	   2.9680000915903393e-01	   7.0075979025802271e-01	   7.1845822655595981e-01	   7.3338121016901681e-01	   5.9029388224753132e-01	   6.5772789578761059e-01	   5.6380766366836776e-01	  -3.0917792421524543e-01	   2.5149795365812067e-01	   1.1063293373620335e-01	   2.4919427532579647e-01	   6.5567279305460302e-01	   6.0572565003038414e-01	   4.9292245417441144e-01	   6.4622841505702844e-01	   4.9869236184806937e-01	   6.4627373116739117e-01	   4.7716568674914273e-01	   4.6588939394785533e-01	   6.2868222743269175e-01	   5.7280632000285459e-01	   5.2632592458023562e-02	  -3.2842600483216959e-02	   1.9873186695438388e-01	   6.8132399302219682e-01	   6.6544242768289807e-01	   4.2783161035570905e-01	   1.1164161563660026e-01	  -2.4378361599928577e-02	
   7.1432572496266988e-01	   3.8838831873564761e-01	   5.7745883377366780e-01	   4.8468812974826003e-01	   5.4741930059193922e-01	   5.2934927503361440e-01	   4.9098006093719637e-01	   4.8814546840130235e-01	   6.3828222315965166e-01	   4.0943583160012270e-01	   0.0000000000000000e+00	   7.6476738706959257e-01	   8.7447883855443831e-01	   7.7305161362026298e-01	   8.6979317153654567e-01	   7.6609910979497708e-01	   3.0303820374271107e-01	   1.2693001948877303e-01	   5.6159215556090547e-01	   3.5352433006129286e-01	   6.1232986185186455e-01	   5.2529865346324256e-01	   5.3338341365131670e-01	   6.7500205318201290e-01	   2.2543538203029484e-01	   3.0579673307477473e-01	   3.7692554388603067e-01	   4.0741723893799930e-01	   4.4335956345148819e-01	   3.1072499415302957e-01	   3.0693896622753336e-01	   3.0072353030380716e-01	   4.0162738691507227e-01	   3.7269712871465377e-01	   4.0652001679749039e-01	   3.9094815610182587e-01	   3.9899836577780573e-01	   4.1308720366441926e-01	   1.8754862867047045e-01	   1.1029915728196679e-01	   3.1936480794189565e-01	   2.8679285039127445e-01	   4.4871747379866433e-01	   3.9901272471111660e-01	   5.1167816145781753e-01	   4.6838432247087414e-01	   4.3480262490624488e-01	   4.1201169022116535e-01	   5.5493271880995765e-01	   4.1841530400902205e-01	   5.3441564893360194e-01	   4.3803182874602353e-01	   4.1840637212700393e-01	   4.8304997943939154e-01	   5.0621974749119758e-01	   3.5962231112025667e-01	   1.0453025351149123e-01	   1.1009394779149859e-01	   3.8934704602996351e-01	   2.4062016385079726e-01	   4.1255929896407906e-01	   4.6074289973331806e-01	   1.9576436397316888e-01	   1.9599261642529309e-01	   4.5811278737252703e-01	   4.4829185100610297e-01	   3.6292902994380993e-01	   3.2108543091797004e-01	   2.6093004517756807e-01	   2.9136590390824496e-01	   4.0219059105629862e-01	   5.2380726482649664e-01	   2.6505959195463996e-01	   2.3745555919375233e-01	   4.0955540158334902e-01	   4.0201548962642814e-01	   2.0181806344898490e-01	   2.7154228665574615e-01	   3.7241173963182272e-01	   3.3835815542657377e-01	   4.1176427561601064e-01	   4.5561722079317851e-01	   6.1201484212681145e-01	   5.4927817341167529e-01	   7.5353753082422337e-01	   6.3561551455530008e-01	   3.0169976187635805e-01	   5.8333049765340161e-01	   6.4825039504792970e-01	   5.1616739942877210e-01	   3.5760314195265502e-01	   4.3164459070562633e-01	   1.8211795265512182e-01	   3.9654095754106861e-01	   1.8676811092221961e-02	   2.1763139445382572e-02	   1.0383233386078747e-01	   1.8046975470628629e-01	   3.2941208595187316e-01	   4.1426438506145385e-01	  -4.0736935123985379e-02	   4.3733678419077404e-01	   8.0582982345205195e-02	   2.4877874930187338e-01	   1.6928410849475528e-01	   1.4657513334413919e-01	   2.4203525392599384e-01	   2.4276909793093338e-01	   1.9754882544626770e-01	   1.3434872083135904e-01	   1.7747872251830560e-01	   4.3598588604606225e-01	   4.9879539509286797e-01	   2.2232938962366389e-01	   7.0497515989464077e-02	  -4.6746672774559933e-02	
   7.4982657162275446e-01	   6.1454087958991521e-01	   4.9647075586610295e-01	   7.1865305757713371e-01	   6.6216891471941075e-01	   7.5356845446731957e-01	   6.5776238012452892e-01	   7.7265863897237941e-01	   7.0764685724804421e-01	   6.5479969534667992e-01	   7.6476738706959257e-01	   0.0000000000000000e+00	   7.6426046974459694e-01	   9.3176197729203103e-01	   7.2071655884653452e-01	   8.8395126056692597e-01	   6.1214992912954425e-01	   4.8612467603811699e-01	   6.7707613477802031e-01	   6.8597116249995360e-01	   6.5049781748532376e-01	   6.2477056807173958e-01	   4.4838157752990226e-01	   7.0900249822484496e-01	   2.1758061324212891e-01	   4.8349367339371568e-01	   2.4575054925754725e-01	   3.8809301004531210e-01	   7.4734642496854231e-01	   6.9303782755254639e-01	   4.8323005167951100e-01	   5.1497089556113163e-01	   6.9484012428375941e-01	   7.0797825187520114e-01	   4.4735219945375754e-01	   5.2668107275789477e-01	   4.4404605544925246e-01	   6.4615214597065496e-01	   3.3879721784748928e-01	   4.5476141849818941e-01	   5.9625759445378834e-01	   6.3443331807978331e-01	   6.8986827784753235e-01	   6.8900729734314436e-01	   7.0651331733866574e-01	   7.2981240237903489e-01	   7.9005984855048528e-01	   7.5990587791147135e-01	   7.7072109161433100e-01	   6.7137725637842538e-01	   6.8521473751332174e-01	   5.4443716239233275e-01	   6.0622728382592517e-01	   5.4064264294234476e-01	   7.3781261542306475e-01	   7.2621004920686416e-01	   4.4124939041406974e-01	   4.1330755627580107e-01	   5.3490690544993102e-01	   5.0548513040827725e-01	   6.3239348050452315e-01	   7.5191959714856627e-01	   5.5958588606989645e-01	   6.2779863241576095e-01	   2.9228122842982790e-01	   5.3964012733868283e-01	   5.1907966352931401e-01	   5.6307431193548219e-01	   4.5906728583274387e-01	   5.4375554018403738e-01	   3.8666842547533081e-01	   6.5968731870914765e-01	   4.7809170960752945e-01	   5.6742096929298380e-01	   5.3542585539709642e-01	   6.1710518038523410e-01	   4.0570052133650286e-01	   5.4177704589687314e-01	   6.4071763234804946e-01	   6.0166316362563754e-01	   7.1541029085239849e-01	   7.1889818123953919e-01	   7.4895018598200003e-01	   7.9596742966026168e-01	   7.7383738135795421e-01	   7.5391142384017429e-01	   3.9085070141062667e-01	   6.1400750652229819e-01	   7.6049381633815138e-01	   6.7309030993721342e-01	   6.8056112896633625e-01	   5.3209069561950040e-01	   4.5512462685374439e-01	   4.2945064122624549e-01	  -1.8828244448438392e-01	   2.5777535650738137e-01	   2.8736985496924305e-01	   4.7753924038172346e-01	   7.2180806295915501e-01	   7.6744720487395168e-01	   3.0145064163675162e-01	   5.7644521872728294e-01	   4.0552688092661826e-01	   5.5367706623248147e-01	   3.3690732873879936e-01	   2.6550713646703367e-01	   5.4687251641637669e-01	   5.2476003807121352e-01	  -3.0404371978412472e-02	  -5.5707886350442243e-02	   4.5851447289212788e-01	   7.4805531953260718e-01	   6.8303391071025688e-01	   4.7353312967781014e-01	   1.5781219986079842e-02	  -1.7561302170664281e-01	
   6.7313678631757345e-01	   3.6528862863386485e-01	   5.7643052211623624e-01	   5.0055966549911202e-01	   6.4377700269367166e-01	   6.4110657422206718e-01	   6.8025976368812824e-01	   6.3743999314856392e-01	   7.3136307838680681e-01	   5.3752466092456053e-01	   8.7447883855443831e-01	   7.6426046974459694e-01	   0.0000000000000000e+00	   8.3701406831310954e-01	   8.0595466198493437e-01	   7.9447339350717983e-01	   3.6721176408483180e-01	   1.4879198100806945e-01	   5.0131354936109029e-01	   3.4098754272870047e-01	   5.8197671685751662e-01	   5.1459564856130746e-01	   3.8170514229632679e-01	   5.5020724889837114e-01	   1.5380771903424051e-01	   2.6914144156945485e-01	   3.1785238195195009e-01	   3.6917558648034232e-01	   4.9059418713463154e-01	   3.5467678412436304e-01	   2.3589905869301364e-01	   2.1294899560864428e-01	   4.3828992167874076e-01	   3.8038931904691298e-01	   3.0088003379283124e-01	   3.3267501807394889e-01	   4.1036688014565348e-01	   4.2988761358840683e-01	   2.3904213498339472e-01	   2.0834095729835658e-01	   3.5618789764823910e-01	   3.2602460929439880e-01	   4.9478714238058885e-01	   4.4549325668064155e-01	   4.7256001380618995e-01	   4.4181397603010553e-01	   5.0802567320438041e-01	   5.0572100495000405e-01	   6.4906076523302114e-01	   4.6287682272540071e-01	   6.1467805564522249e-01	   4.3381745324540516e-01	   5.2517476729836154e-01	   4.2964136641566436e-01	   6.1118544845060763e-01	   4.6825046617122235e-01	   1.1737805782540429e-01	   1.2499413125280218e-01	   5.9187860949289406e-01	   3.8635238777045944e-01	   6.5295607764654218e-01	   5.7169943020995806e-01	   3.2900501835859686e-01	   3.0884854900814607e-01	   3.3309645315397196e-01	   4.0037756309083306e-01	   3.4231988547072628e-01	   2.9975247826923113e-01	   2.8193835812152224e-01	   3.2723318540624052e-01	   3.6680705359901289e-01	   4.9701890020373574e-01	   2.9697160376753051e-01	   2.9894432589597408e-01	   4.2133737428720264e-01	   4.6983133073129629e-01	   2.0251565738591043e-01	   2.8759187856152374e-01	   3.7100273383639082e-01	   3.4980761973982560e-01	   4.3072627971221811e-01	   4.3970959003441523e-01	   5.4732787529584792e-01	   5.0467602343628115e-01	   6.2404982409624798e-01	   6.0311160471486347e-01	   2.0092696312510641e-01	   4.8720723513710207e-01	   7.1831227643971762e-01	   5.9447431319181987e-01	   4.2468055513820691e-01	   4.8049316139057963e-01	   2.6591499780042421e-01	   4.8626008444008195e-01	   2.8277607104781582e-02	   1.3682676036736216e-01	   2.1695418012043527e-01	   3.3894284268424973e-01	   4.3500700595647845e-01	   5.0309136866468451e-01	   1.3054674449204426e-01	   5.8710710786270348e-01	   2.1289220788250884e-01	   4.4141057790509752e-01	   2.3107453785504584e-01	   1.9354753389642881e-01	   3.5175804421467749e-01	   3.9455469060828574e-01	   1.7615956569918467e-01	   1.3410398075709029e-01	   2.5542760969553197e-01	   4.8678427291363224e-01	   5.3266433036606886e-01	   3.1278967031112492e-01	   6.3611054454150218e-02	  -6.0684450473517379e-02	
