   0.0000000000000000e+00	   7.5385028424424649e-01	   5.6709852997196630e-01	   4.1714434116830190e-01	   5.9281271507031597e-01	   4.9330124722078761e-01	   6.7393185900957531e-01	   6.2538502584254263e-01	   4.5058856142661563e-01	   3.5606885759125617e-01	   8.0638833043089231e-01	   6.1390459543374121e-01	   7.7207473032034757e-01	   6.5291733025618881e-01	   6.4620225325027203e-01	   5.2193443490789415e-01	   6.3008255254239054e-01	   6.2236553392765004e-01	   7.9798362073048623e-01	   6.8922796790589791e-01	   5.5581171145700903e-01	   5.4974649093543504e-01	   4.6960572812631163e-01	   4.2944294782662545e-01	   2.1326180649225857e-01	   2.2440155259769629e-01	   4.2617857124446573e-01	   4.2795483019589842e-01	   2.6652792052479624e-01	   2.7550810846616786e-01	   5.1623922996848737e-01	   4.7050534369707353e-01	   6.1637191982645967e-01	   5.8329046621929370e-01	   5.0219006668969823e-01	   5.6203697218644755e-01	   5.7697954883430647e-01	   4.3646358783469696e-01	   5.1513980225943157e-01	   5.2724618313824734e-01	  -1.8973911998719609e-01	  -2.3370946878477705e-01	   5.1370414326958558e-01	   5.3242761978328668e-01	   6.1027725467111615e-01	   5.2669463077589018e-01	   5.3042437003304710e-01	   5.0321821941723521e-01	   5.8956651937990878e-01	   3.9935170018845290e-01	   6.5163037936812651e-01	   3.4578205969662290e-01	   4.4871377444951366e-01	   5.2112880884327306e-01	   7.6590259981368436e-01	   6.4597452719852333e-01	   8.1578268988336988e-01	   6.7651324449643668e-01	   6.2596832461942786e-01	   4.1750814513337514e-01	   8.3449837875892063e-01	   3.3920065020780077e-01	   6.0992035218058205e-01	   5.1057296508167727e-01	   5.1313284300706152e-01	   2.3777198461764842e-01	   6.4515890606930415e-01	   5.7041506018963661e-01	   7.3010844645461093e-01	   6.9950135333924501e-01	   5.8733131169919539e-01	   5.6898180590160807e-01	   6.7274809916410094e-01	   4.8423557728394340e-01	   7.0201833788180712e-01	   5.9804497339752294e-01	   4.1920013144778401e-01	   3.4670986614363225e-01	   3.0528304311105120e-01	   2.4239249806013358e-01	   2.0040455177489924e-01	   4.0051317150472476e-01	   3.3048624932206089e-02	  -2.4665135054234344e-01	   6.1945647834697559e-01	   5.0834984751330448e-01	   5.9000953082602148e-01	   4.4550749842871640e-01	   7.5197957647340385e-01	   7.6393725567386128e-01	   6.8469558593061342e-01	   5.0873775611875893e-01	   4.2616788647754400e-01	   4.5927482168406081e-01	  -3.1087888121326940e-01	   5.0280432305548156e-02	   1.6736605490287168e-01	  -1.1757827999772454e-01	   7.8098457386593667e-01	   7.0700519127597994e-01	   5.7908048961896741e-01	   4.9236452735318503e-01	   6.4244783430721819e-01	   6.6786522334301002e-01	   5.5930268234954794e-01	   5.3274698301187218e-01	   3.9435721318540784e-01	   5.2353995793663355e-01	   2.9380553005340515e-01	   3.3708967356784983e-02	   2.0586793736938599e-01	   6.0535692368908767e-01	   6.6453694207837244e-01	   5.8431922222594546e-01	   4.7878497031321843e-01	   2.9352871787904633e-01	
   7.5385028424424649e-01	   0.0000000000000000e+00	   1.2988743721760676e-01	   2.8727139922430150e-01	   3.2828835808091089e-01	   4.1789744085597869e-01	   3.4325771997863486e-01	   6.1678983494268025e-01	   2.1545707863029728e-01	   1.4619041788979026e-01	   5.3123737242137081e-01	   7.1242094723584337e-01	   5.9984067934910212e-01	   7.6384933518223719e-01	   5.4150652610507677e-01	   5.5226248875946804e-01	   7.0490459915110437e-01	   7.8942394309870734e-01	   7.5239499033052115e-01	   8.1237503943699618e-01	   5.8563484389670550e-01	   6.4388186931302227e-01	   2.0321958829804879e-01	   2.6641161756465881e-01	   7.3765673413043291e-03	   1.4012185887062203e-01	   3.4704730581848542e-01	   4.0087994396900500e-01	   3.1658680551561846e-01	   4.4351172291367308e-01	   5.0668374820430484e-01	   4.3601663983649780e-01	   6.5623534672349626e-01	   6.8038661789883781e-01	   3.8439406329166237e-01	   5.3171779767481908e-01	   6.2825153792258748e-01	   5.5898258290906011e-01	   4.1721669226733848e-01	   4.4861525608349873e-01	  -2.2811630626934937e-01	  -2.5203844092256283e-01	   6.1721902781019000e-01	   6.7473245347928357e-01	   5.9525685400983863e-01	   6.8412987679077331e-01	   5.9017341720564132e-01	   5.8325110798658408e-01	   4.2624432923144984e-01	   3.3298988845495392e-01	   5.6338733207671088e-01	   3.4371582098274056e-01	   6.0039896759485267e-01	   6.1124462222840248e-01	   7.0901992319094531e-01	   6.6252140420306105e-01	   8.0833364717224487e-01	   9.0132557101602750e-01	   2.5623213122846072e-01	   2.1322563181176996e-01	   6.1979418655603691e-01	   4.5096477684438896e-01	   8.2626639724131345e-01	   8.6066175617353258e-01	   1.2446601353176695e-01	   5.9612141079660945e-02	   3.1537336400462940e-01	   3.8905225011224887e-01	   6.9952867290080145e-01	   7.0088852211662678e-01	   5.7960841222255466e-01	   7.1608849778206862e-01	   8.2033030357361336e-01	   7.6418010175276097e-01	   7.4930460714237734e-01	   7.5318755822266104e-01	   4.4813012128365870e-01	   5.1457804728633616e-01	   2.5901701350075529e-01	   1.7222270982155666e-01	   1.9365603534790868e-01	   4.7089442000354570e-01	  -5.4597955229760103e-02	  -2.8809537690183262e-01	   4.4969127283631383e-01	   5.9926428928377251e-01	   5.2122911480519174e-01	   3.4701650565656561e-01	   5.6536074298094974e-01	   6.5894840339068705e-01	   6.0056564626993181e-01	   2.6738797666597769e-01	   3.1975894775135733e-01	   1.7316739767456468e-01	  -3.6479056469717053e-01	   6.1588779497392991e-02	   1.2445807397550493e-01	  -8.9305705734797430e-02	   7.6751817721696125e-01	   6.0496557922594707e-01	   6.1721484679803940e-01	   4.1333236896733533e-01	   7.4973887863593514e-01	   5.6959562689073651e-01	   4.5321224845009883e-01	   4.4905475953911744e-01	   1.6105775711315201e-01	   3.4642963516731179e-01	   3.9600059984552138e-01	   1.6195398135137762e-01	   2.3079606581726494e-01	   6.2383863095700254e-01	   5.2035779570232465e-01	   5.7339963238166347e-01	   4.5356284761099441e-01	   4.0138545330098951e-01	
   5.6709852997196630e-01	   1.2988743721760676e-01	   0.0000000000000000e+00	   7.1412767696012547e-01	   7.1771790305078453e-01	   5.4335264222909241e-01	   7.7273604655797801e-01	   3.1016548211311834e-01	   5.0269226106287546e-01	   5.8409446290662215e-01	   6.4799051853730438e-01	   3.2856889772649100e-01	   5.0555545732264184e-01	   1.6639439213360155e-01	   6.6215481939086973e-01	   4.7426772420792640e-01	   2.8435210589340271e-01	   2.1976869857414988e-01	   4.3615353489985870e-01	   3.3417419556879441e-01	   4.0431862955196285e-01	   3.5649114815280153e-01	   8.7806109916275576e-01	   7.9107718237936631e-01	   6.8943050826926355e-01	   5.8800690884358275e-01	   5.8736523697727483e-01	   4.6689741362986759e-01	   1.3421110517771662e-01	   1.8891358488129364e-02	   6.2697918965450983e-01	   6.2236729801499413e-01	   5.9224608539277779e-01	   5.0678058945464166e-01	   6.6665262048954022e-01	   5.2316433578310240e-01	   3.6157941451716219e-01	   2.5455951001519422e-01	   3.6672560027397216e-01	   3.8631168932702808e-01	  -8.2534553394983973e-02	  -5.0828568608552935e-02	   3.8729256191859229e-01	   3.1036040638836038e-01	   5.2919816306989720e-01	   2.4287686042498641e-01	   3.2344691624549016e-01	   2.6332725989294009e-01	   4.2198523073543670e-01	   1.0924017898769747e-01	   4.5335110979736398e-01	   1.3727605834575599e-01	   3.0308319724712415e-02	   1.4499938136826732e-01	   3.9858882404968410e-01	   2.7884173945893215e-01	   3.1985332796912158e-01	   1.8481920382283895e-01	   4.4600339525695765e-01	   1.7673137869533964e-01	   4.5270015976015238e-01	   9.7257479343804826e-02	   1.5565426878642050e-01	  -2.8588778347395066e-02	   8.1839851028238875e-01	   6.7224818818584353e-01	   7.6450535973062062e-01	   5.7519704264698435e-01	   3.8122183994559727e-01	   4.4453918935592074e-01	   4.3587638297174047e-01	   3.0838092430036862e-01	   2.5286073198754777e-01	   9.5401476716808792e-02	   3.1594079969062305e-01	   1.9591991177469903e-01	   1.6848443732118135e-01	   3.8558605707012472e-02	   3.2032162966149930e-01	   2.6956877999869600e-01	   2.2670300651605904e-01	   2.8388387291470141e-01	   1.6917294468265553e-01	  -4.7777474028992475e-03	   7.2135199646102244e-01	   4.0855292399924098e-01	   4.2428547220969681e-01	   3.7421073870376620e-01	   6.3816684324107442e-01	   4.1426796663679788e-01	   4.8273748997061516e-01	   5.2572762489068947e-01	   4.3570477812462227e-01	   5.4962670852861129e-01	  -2.0086655074259657e-01	  -1.4360383157971020e-03	   3.2453716005244271e-01	  -4.1204464120146611e-02	   3.9872581883511032e-01	   4.3199431497903140e-01	   2.5408095086018928e-01	   2.6117441161090588e-01	   2.3852626758174822e-01	   4.2837214219882747e-01	   4.3257732722281195e-01	   4.7759703003210230e-01	   3.8318623260912699e-01	   5.5719209679489312e-01	   1.1904948551658173e-01	  -2.5925125813784880e-02	   2.3937723569372699e-01	   3.5570192176798943e-01	   3.8968707650376766e-01	   3.0222788796760730e-01	   3.0294277149923160e-01	   1.3149274570474878e-01	
   4.1714434116830190e-01	   2.8727139922430150e-01	   7.1412767696012547e-01	   0.0000000000000000e+00	   6.1688095014862787e-01	   6.4810073053631712e-01	   6.9116321717172569e-01	   6.0299435142144786e-01	   4.1666084348281168e-01	   6.2444665702127411e-01	   4.7796356228452563e-01	   5.5805916904623298e-01	   3.5172192976181704e-01	   2.5564032407764481e-01	   5.7566907149915592e-01	   5.7077927731520706e-01	   3.3455060091838379e-01	   3.0684899335354643e-01	   4.1055016771861996e-01	   4.8248028583037411e-01	   4.8427437000394091e-01	   5.0166057717343837e-01	   7.5250410102622878e-01	   8.7482074014318234e-01	   6.7603675989567280e-01	   7.4191871532020548e-01	   6.0708181339008205e-01	   5.2970620796133605e-01	   1.8300082928226069e-01	   1.4164198964039959e-01	   7.0784988780118929e-01	   7.5001977081695559e-01	   6.9725277247509809e-01	   7.1627304643508194e-01	   6.0238216749975804e-01	   5.9910362435036890e-01	   4.1345750602009579e-01	   3.9211805328280958e-01	   2.2417652195843216e-01	   3.9828921716100735e-01	  -1.5355421192364660e-01	  -1.0643393767581404e-01	   4.4609088033287292e-01	   4.3642044009556691e-01	   5.3091835105532748e-01	   3.6249502995687605e-01	   3.3695903729089682e-01	   3.7281618770376984e-01	   2.8660164758969825e-01	   1.2330405418660216e-01	   3.3673187830739720e-01	   1.0314105700791733e-01	   8.0154219469947968e-02	   2.2701691031954813e-01	   3.3885074598285275e-01	   3.3187344452747286e-01	   3.0147050233552808e-01	   3.2308976414230334e-01	   2.2103505759407138e-01	   2.1893690860746945e-01	   3.8719561746470682e-01	   4.5113095025465599e-01	   3.7413118596681938e-01	   2.2508898853050952e-01	   6.3457645599021295e-01	   8.3826564734251297e-01	   7.0904767243602507e-01	   6.9792422371764851e-01	   4.2668172912643448e-01	   6.1150765449962186e-01	   3.4498966438641099e-01	   4.3751763099203872e-01	   2.7611527813649606e-01	   2.6235946454525882e-01	   2.9690957502279647e-01	   3.1849741623916622e-01	   9.7083856556420059e-02	   1.4494536507265185e-01	   3.3896996476240410e-01	   2.3620234771347459e-01	   2.6311441441220085e-01	   3.3852746636861591e-01	   6.9427163887991028e-02	  -5.6311880133569713e-02	   5.9004548538116486e-01	   5.4657290956872817e-01	   2.6086593820889664e-01	   3.6815479087923975e-01	   5.5709442226414052e-01	   5.0864141848947297e-01	   6.0697410490577031e-01	   5.8195217812281663e-01	   4.6065264950944163e-01	   4.8838116406496257e-01	  -2.7698435887371137e-01	   1.1941085859243594e-01	   2.8476497999435602e-01	   4.8223417319957496e-02	   4.4751290625650575e-01	   5.1935134290238516e-01	   3.5149961602334978e-01	   2.3723227413906417e-01	   3.6405394212847819e-01	   4.8116710966687781e-01	   5.2266421629290383e-01	   4.9839676453868698e-01	   4.2267465336355325e-01	   5.3864591117346705e-01	   2.2079973777415504e-01	   7.0689585622172174e-02	   3.3524888532917207e-01	   4.4948989332467948e-01	   3.7336414512321020e-01	   2.8345392943032383e-01	   2.9149254087738707e-01	   2.9876619055279457e-01	
   5.9281271507031597e-01	   3.2828835808091089e-01	   7.1771790305078453e-01	   6.1688095014862787e-01	   0.0000000000000000e+00	   7.6777402447932097e-01	   7.9634144607084301e-01	   4.4476069512078781e-01	   8.0921650850895821e-01	   7.0298269594644558e-01	   6.4646005978417420e-01	   4.2291589558007769e-01	   5.9509244973145381e-01	   3.5650926303091468e-01	   5.8801857205210506e-01	   5.2147097291421562e-01	   2.6637484634065500e-01	   2.2215910847689910e-01	   4.5321989853041411e-01	   3.2994286489904739e-01	   6.1634808295934618e-01	   5.1870225790861524e-01	   6.2750552704585127e-01	   6.2132741345348264e-01	   5.3294140594494055e-01	   5.0890288959595675e-01	   6.8643739035985119e-01	   5.7465458405348935e-01	   4.7756861480509338e-02	  -5.1145541099677526e-02	   5.9243786378818120e-01	   5.7194072269695995e-01	   4.4856444710287108e-01	   4.0466380964599014e-01	   5.0805917027590008e-01	   5.2929511224200687e-01	   3.3026393017690081e-01	   2.2340385939214533e-01	   2.8412318257240898e-01	   3.2069809822470030e-01	  -3.1086776123862114e-01	  -3.3277467277440986e-01	   3.1051243772937720e-01	   3.7053544566345153e-01	   6.0393990225469218e-01	   4.1834138079513017e-01	   2.6677137423363867e-01	   3.4057638773718457e-01	   5.6645742659851983e-01	   3.7298856774321326e-01	   4.9214365045048719e-01	   3.5376735934907388e-01	   2.4386133419599693e-01	   3.1958625608192881e-01	   5.1776933353741517e-01	   4.0616167753831611e-01	   3.0011785078251607e-01	   2.5356979125449874e-01	   5.6816735172185562e-01	   3.6465117370150740e-01	   6.0622284408963600e-01	   3.2249446824513950e-01	   3.0017769391212845e-01	   1.4981381367671670e-01	   6.1212453333809791e-01	   5.2807777542735734e-01	   7.7444269986309677e-01	   6.7957560336598211e-01	   3.3436448889846265e-01	   4.3556768991800987e-01	   6.6726141679024176e-01	   4.9399314577150810e-01	   4.6616791328272444e-01	   3.6570851637276069e-01	   5.3650648452749738e-01	   4.6610981399332718e-01	   1.9327489798771597e-01	   1.9420626136528701e-01	   1.7552139623457946e-01	   1.0481507215944073e-01	   7.7980303706510854e-03	   1.5926089401833138e-01	  -6.0952674420511860e-02	  -2.9952089963647621e-01	   5.7741803169259809e-01	   3.7642791205794812e-01	   4.2191521594100900e-01	   3.5388834571247579e-01	   5.8798538308400139e-01	   5.1660342961515027e-01	   5.5565178362072820e-01	   4.9831591963870453e-01	   3.2968248231996294e-01	   5.4490448517753165e-01	  -2.7210583276874445e-01	   1.4763974192452919e-01	   1.5232593445040299e-01	  -4.7591464204137866e-02	   4.7562284614949452e-01	   3.9168973916364552e-01	   2.9113231920181054e-01	   3.0903924425008150e-01	   3.4696128755530620e-01	   4.7686065022831009e-01	   5.0207442852188233e-01	   5.4810451193683862e-01	   2.9052483440334431e-01	   7.0679065384495143e-01	   3.8774187050953957e-01	   1.6579123957486913e-01	   1.3042886528817066e-01	   3.2120240671793976e-01	   4.2532037601123895e-01	   3.1637645065121106e-01	   4.2644281312600341e-01	   3.3691323295294268e-01	
   4.9330124722078761e-01	   4.1789744085597869e-01	   5.4335264222909241e-01	   6.4810073053631712e-01	   7.6777402447932097e-01	   0.0000000000000000e+00	   5.9841691384504669e-01	   5.1517900645990955e-01	   6.3375309884679476e-01	   8.0017356500704984e-01	   3.7631352533907236e-01	   4.0236525208061419e-01	   3.4236341991959396e-01	   4.0621107291887132e-01	   4.6793250146784937e-01	   5.7699657479999811e-01	   2.6714939178625663e-01	   2.9356138704562401e-01	   4.1886385759482686e-01	   4.8471236446126054e-01	   7.6131167097899011e-01	   7.5050551063296445e-01	   4.4150063803110084e-01	   5.3609853400189700e-01	   4.6828269720368726e-01	   5.8617506135637076e-01	   7.7657687770468298e-01	   7.8339012964490506e-01	  -3.4383008709380790e-02	   5.4746479714331588e-02	   6.1361736014883839e-01	   5.6779652142451431e-01	   5.0761280517044471e-01	   5.3210149880203317e-01	   5.9828222810318255e-01	   6.9082971445957952e-01	   4.9341734608062404e-01	   5.2668450487850882e-01	   3.2482789529471656e-01	   5.0201932642471170e-01	  -3.6348380609522202e-01	  -2.7741166076285456e-01	   4.9433712896700976e-01	   6.1586222623640130e-01	   6.8420832339932580e-01	   6.1704163258031497e-01	   4.5512170394347778e-01	   5.7627508038548225e-01	   5.4099695691037575e-01	   3.4207323998029288e-01	   5.7401095597609453e-01	   4.9733027611815517e-01	   3.8356244565760050e-01	   5.1751227803142430e-01	   5.8270848693349508e-01	   5.4178081163171987e-01	   3.4557302960427916e-01	   3.4223169744089654e-01	   3.9757968330854732e-01	   1.9650906947108310e-01	   4.5069493563848684e-01	   2.6875697962630563e-01	   3.5023102823476659e-01	   2.8720724532328978e-01	   3.8206100007763277e-01	   4.8695901359769345e-01	   6.5618697130054371e-01	   6.8539328831456336e-01	   4.4323437990480402e-01	   5.7844852868699492e-01	   6.9064859940337520e-01	   6.6573643503939628e-01	   5.7159370653547048e-01	   5.6560890244123674e-01	   6.0032972860284151e-01	   6.1887377764907969e-01	   3.6796888849564502e-01	   4.6033102669279019e-01	   8.8258112647578144e-02	   1.0714944628873829e-02	  -9.2671427125017053e-02	   1.4137871248576950e-01	  -2.5623970710494814e-01	  -3.8317101363186856e-01	   5.1459722178251854e-01	   6.0513743158215738e-01	   4.1330306393789978e-01	   4.8084767405199025e-01	   4.8487734097018276e-01	   5.5178192474992160e-01	   5.6256146592708611e-01	   3.6705231460101900e-01	   2.6293750932964621e-01	   3.5141838357853472e-01	  -2.2564677568547223e-01	   3.3583438536672056e-01	   1.8334570967227293e-01	   5.4264253475550445e-02	   5.5480956439594264e-01	   4.3660875073091904e-01	   3.1095357102925592e-01	   2.9210782089372367e-01	   4.8981970409954345e-01	   5.2299003949162115e-01	   5.9394086018597947e-01	   5.8837540041039249e-01	   2.2280720742757237e-01	   5.1038295135072120e-01	   5.2434782739546471e-01	   3.5982975324547467e-01	   2.7100624257396538e-01	   4.8384365963545634e-01	   5.0936143579869131e-01	   4.8236059758171290e-01	   5.8812439560145102e-01	   5.1314533407199847e-01	
   6.7393185900957531e-01	   3.4325771997863486e-01	   7.7273604655797801e-01	   6.9116321717172569e-01	   7.9634144607084301e-01	   5.9841691384504669e-01	   0.0000000000000000e+00	   6.1135035389976422e-01	   6.6940733009096254e-01	   6.5628172727306688e-01	   6.8271397622870089e-01	   5.0014206776705239e-01	   5.9634747999856652e-01	   3.4699394853367826e-01	   6.0434099300357036e-01	   4.9243818504061310e-01	   3.3088865403541001e-01	   2.7603672343968055e-01	   5.9516587887590822e-01	   4.4717714795770847e-01	   5.6716657875982979e-01	   4.5984832296439021e-01	   6.6720257419623152e-01	   6.5045568216044591e-01	   4.0824516117555898e-01	   4.1952943229289785e-01	   5.0964415542358710e-01	   4.4504306239725400e-01	   1.4277049877013964e-01	   6.2564476884675799e-02	   5.9060366315104773e-01	   5.6736448497347713e-01	   5.6013519115061794e-01	   5.0508339852786999e-01	   4.6120580029988484e-01	   4.9085049281825821e-01	   3.9963416921512779e-01	   2.6832521847494911e-01	   2.7373626584338878e-01	   3.9044275073319096e-01	  -2.6564242745390343e-01	  -1.9673020112711442e-01	   3.6661579438854974e-01	   3.9073849063271127e-01	   5.3282195088318529e-01	   3.9491734123601396e-01	   3.9981821710846821e-01	   4.1944695489686901e-01	   5.1917590602780950e-01	   3.4507439362396425e-01	   4.7453193122020565e-01	   3.1291464687007964e-01	   3.3211847955226859e-01	   4.4741776475592060e-01	   5.1381536826373020e-01	   4.5993779381408151e-01	   4.1827439756983009e-01	   3.2190875625261056e-01	   5.5786661026027085e-01	   3.5759610044860213e-01	   6.7967841095153170e-01	   3.9886900709629247e-01	   3.4083693959705863e-01	   1.6315309701222991e-01	   6.1439548214661954e-01	   5.0016437287411886e-01	   7.4649160207941623e-01	   6.4833506124403018e-01	   4.4290485151519760e-01	   5.8751124074659899e-01	   5.6694493919717937e-01	   4.7860363073446971e-01	   4.2631112031184848e-01	   2.8672655503985356e-01	   4.9307336528343948e-01	   4.3288053528695492e-01	   2.6552479321095634e-01	   2.0901718726639007e-01	   2.2551875410540173e-01	   1.2823121017626510e-01	   6.8185408939355735e-02	   1.8600909789027537e-01	  -1.6011562524956426e-02	  -1.8617383619400951e-01	   5.5916765892375464e-01	   3.6891570269908003e-01	   2.8345578356462536e-01	   2.8210332027854379e-01	   5.8876506987822408e-01	   5.9444341311424098e-01	   7.5098623064697256e-01	   6.9119880962776825e-01	   5.6603708393754848e-01	   6.7144213014512533e-01	  -3.1466636969994949e-01	   6.4123642028587211e-02	   1.3010529759309528e-01	  -8.9056824915180632e-02	   6.0546081613849922e-01	   6.1844376558616920e-01	   4.9733989429299474e-01	   4.9073879052939173e-01	   4.4152594113552318e-01	   6.0629653291172925e-01	   5.4432145182598934e-01	   5.7479166420437011e-01	   3.4296618231449305e-01	   5.9823059512332599e-01	   2.9369937961446191e-01	   5.4921521788692605e-02	   1.5241821140334089e-01	   5.0455886105422176e-01	   6.3218461667568637e-01	   4.6669483278976986e-01	   4.3441771700362686e-01	   3.0448912296219482e-01	
   6.2538502584254263e-01	   6.1678983494268025e-01	   3.1016548211311834e-01	   6.0299435142144786e-01	   4.4476069512078781e-01	   5.1517900645990955e-01	   6.1135035389976422e-01	   0.0000000000000000e+00	   5.1582711522231328e-01	   5.6059949000746589e-01	   5.7441720191616552e-01	   7.8727900366627346e-01	   5.3551219039162856e-01	   6.9989905834404187e-01	   4.1722527690948308e-01	   5.1493970364225372e-01	   4.9890905587222156e-01	   4.7748534256444908e-01	   5.0599294365772907e-01	   5.1282433163744456e-01	   4.7899658330920825e-01	   5.5168807384085217e-01	   3.1594802144583117e-01	   4.5639523518649328e-01	   1.1951510417987579e-01	   3.1177631662028044e-01	   1.8711554767837585e-01	   2.1065458422404360e-01	   2.4990146549777964e-01	   2.8805201879988845e-01	   5.3439390036858281e-01	   5.3495135300021690e-01	   5.0726135333963540e-01	   5.7234531277511791e-01	   3.7980575733392719e-01	   5.4787904600153903e-01	   5.3754000018917614e-01	   4.5763720668015007e-01	   2.1300908701070365e-01	   4.7047787572916833e-01	  -3.0722614785288760e-01	  -2.6392733834000603e-01	   4.2747064074157892e-01	   4.9156316996332200e-01	   5.6333947855280475e-01	   6.3264199989882708e-01	   4.1559387751769128e-01	   4.6630879599075686e-01	   5.0243111774512739e-01	   6.2151012706888820e-01	   5.4337940139336582e-01	   4.5417135119995755e-01	   5.3718973227132805e-01	   5.9887700024811519e-01	   5.8712631478577915e-01	   6.6293247999713223e-01	   5.7329287770390458e-01	   5.5717775315417928e-01	   3.9440474058205599e-01	   5.6416091382634770e-01	   6.8497962437000559e-01	   7.6171663145724144e-01	   5.7649203403902005e-01	   5.7493302961870651e-01	   3.5937555280385919e-01	   4.2541449647769158e-01	   4.6888051562737165e-01	   5.9784788252073373e-01	   4.6604862735375030e-01	   6.0688243146961030e-01	   4.1899866609465070e-01	   5.8357966845121634e-01	   5.4130922281063254e-01	   4.7078354666078170e-01	   5.7811114454143908e-01	   6.0727724731254606e-01	   3.3361527109625078e-01	   3.9464851156902347e-01	   2.7871137294269910e-01	   1.2895838712565011e-01	   1.1866689866930613e-01	   2.5244796551244070e-01	  -1.4200104295592286e-01	  -2.9762482631152237e-01	   3.7818569342899711e-01	   4.3911842942211998e-01	   1.6354451410961252e-01	   2.6368571758325254e-01	   4.8023462658724292e-01	   7.7040662223359846e-01	   6.7876451102248425e-01	   4.4972113609571784e-01	   4.5275016356167819e-01	   3.5962413846105323e-01	  -4.0008002544962507e-01	   1.1673804868589026e-03	  -1.0291630219663003e-01	  -2.1410751612852624e-01	   6.8038301981856764e-01	   6.2427737146446538e-01	   5.7085266113234689e-01	   3.8056194626250600e-01	   5.3939287419179160e-01	   5.0419682154024303e-01	   5.4509524172541624e-01	   5.2019983247869583e-01	   2.5106022312817644e-01	   4.4883134419813803e-01	   3.3647777991519351e-01	   2.2395664677280077e-04	   3.7129298095162439e-02	   5.4234879751021903e-01	   6.2377656586461172e-01	   5.4034639733219070e-01	   5.3246220749527551e-01	   5.1151450003095100e-01	
   4.5058856142661563e-01	   2.1545707863029728e-01	   5.0269226106287546e-01	   4.1666084348281168e-01	   8.0921650850895821e-01	   6.3375309884679476e-01	   6.6940733009096254e-01	   5.1582711522231328e-01	   0.0000000000000000e+00	   8.1245807541749437e-01	   4.9725272441935919e-01	   3.4665588718407869e-01	   4.7297491560089883e-01	   3.8420389216488160e-01	   3.4715798300678608e-01	   3.3545411782331014e-01	   1.2497926283840986e-01	   8.3740189439160478e-02	   2.5646084334768859e-01	   1.1861349543073751e-01	   4.4054597952484315e-01	   3.7219236968275027e-01	   3.8879379053909691e-01	   3.8650429563184796e-01	   2.5324754796179749e-01	   2.7211069485616485e-01	   3.2714325999422245e-01	   2.2139983526548576e-01	  -1.2569075481561126e-01	  -1.6285607833209970e-01	   3.8944680650111485e-01	   3.4798272900708455e-01	   2.0003313887809993e-01	   1.6789336775908856e-01	   3.2435627758250912e-01	   4.2078597656065903e-01	   2.0676996263075417e-01	   1.4636217128608192e-01	   7.5007588551579060e-02	   3.3031900297857553e-01	  -4.5753317180811659e-01	  -4.2307585785500923e-01	   2.6533090493756373e-01	   3.6632041510703717e-01	   5.6094348275428696e-01	   4.8912442673076684e-01	   2.6406153830885004e-01	   3.7031176036535901e-01	   6.6812951943899190e-01	   5.6893573011168452e-01	   4.5946850339664230e-01	   4.7915189413032189e-01	   3.9325684133409622e-01	   3.9606282904432344e-01	   5.0778003846183262e-01	   4.9638690396275320e-01	   2.0946756169329456e-01	   1.7125138448728203e-01	   6.3175089824177588e-01	   5.5221896042773944e-01	   5.5428521521121155e-01	   3.8552643695478639e-01	   1.5372215340967216e-01	   1.1483143750531705e-01	   4.4832937437490217e-01	   3.3471158496749476e-01	   6.1389322442418959e-01	   6.1316958756002848e-01	   1.8190923628645481e-01	   3.2449999864686824e-01	   5.9681712935482523e-01	   4.1769829821733340e-01	   3.9764164592217277e-01	   3.1902288246371802e-01	   5.0959299933285918e-01	   4.6666809767748479e-01	   2.1499670303074103e-01	   2.3307273630456618e-01	   2.8282131251945859e-02	  -2.4217105278238539e-02	  -2.0051228342537400e-01	  -4.7798728489437600e-02	  -2.8048163785642743e-01	  -4.7337629681129173e-01	   3.3131929642567215e-01	   1.9462130897068691e-01	   1.7639145681248342e-01	   1.1820784005361185e-01	   3.8124634400548907e-01	   5.2837371043227277e-01	   5.2259109883495136e-01	   4.8873529324117060e-01	   4.3403568231575279e-01	   5.6006836209497746e-01	  -2.6647387901765313e-01	   1.1035599187565254e-01	  -7.0706306778955771e-02	  -1.4312521557722235e-01	   4.5499853049774652e-01	   3.7824367275569204e-01	   3.7855292603033275e-01	   3.8867537049049977e-01	   3.2911753166402269e-01	   4.3344936261088912e-01	   4.5964465533117860e-01	   5.2154602227799418e-01	   1.6300945302438272e-01	   5.3465085658243372e-01	   4.4605011045041099e-01	   1.6595206891876252e-01	  -8.0034751228624634e-02	   3.2274264677743214e-01	   5.6026323864039762e-01	   3.9987840952882997e-01	   4.7424282788757116e-01	   3.9578305214860865e-01	
   3.5606885759125617e-01	   1.4619041788979026e-01	   5.8409446290662215e-01	   6.2444665702127411e-01	   7.0298269594644558e-01	   8.0017356500704984e-01	   6.5628172727306688e-01	   5.6059949000746589e-01	   8.1245807541749437e-01	   0.0000000000000000e+00	   4.0373414066725888e-01	   3.8819420741174893e-01	   3.1184464338269402e-01	   2.9489133117223765e-01	   3.7381214888555281e-01	   4.6994125055032665e-01	   1.7134178876724854e-01	   1.2824137156206561e-01	   2.5165242771494656e-01	   2.1538688281705215e-01	   5.1685249955450629e-01	   4.7118301282934616e-01	   5.1534690591042676e-01	   5.9168816337989405e-01	   4.1242590089152076e-01	   5.2407410166543311e-01	   4.5016352563085427e-01	   4.0610830687814892e-01	  -6.3823887323869885e-02	  -4.6622241588430667e-02	   5.3764026822201605e-01	   5.0201526730254575e-01	   3.5157327211645806e-01	   3.4382001145589947e-01	   4.6257852245603748e-01	   5.3596430001795492e-01	   3.1732788045772847e-01	   3.1194300878250930e-01	   9.9889192436316832e-02	   3.8279543368488667e-01	  -4.1222667141162705e-01	  -3.2537102583893607e-01	   4.0716469345739392e-01	   4.9006745823715547e-01	   6.1576312766802777e-01	   4.9811022701209107e-01	   3.3223120386122557e-01	   4.3191774409041378e-01	   5.8638794716449927e-01	   4.2005158440158474e-01	   5.1027017810437258e-01	   4.5020281439210907e-01	   3.4007562203896302e-01	   4.5504487925222620e-01	   4.3703881424860647e-01	   4.6188010167333482e-01	   2.0396378326050058e-01	   1.2706755433637507e-01	   4.4109687830507260e-01	   3.3117694231350292e-01	   4.0901401210076704e-01	   3.3753608990645501e-01	   1.3499916636283418e-01	   8.1120429654174334e-02	   5.2451806711237414e-01	   5.3781123435000566e-01	   6.2311053199758748e-01	   6.4852585416659658e-01	   2.3208828014869098e-01	   4.0825968244441491e-01	   5.2206131619344209e-01	   4.4280183136309093e-01	   3.0810426308808037e-01	   2.7365851862893098e-01	   4.0103294358890662e-01	   4.0461409231566670e-01	   1.9054017433249204e-01	   2.4870122970081551e-01	   1.5674850563423620e-01	   8.6743909995198751e-02	  -9.1078859135015233e-02	   6.5750048829824076e-02	  -2.4367419626811182e-01	  -3.4390931874343761e-01	   4.5680388573124797e-01	   3.8224980754498594e-01	   1.5178252746999496e-01	   2.5726047992787054e-01	   3.4956490011658775e-01	   5.0028903880169107e-01	   5.5459536677255339e-01	   4.8899194698297499e-01	   4.2837672856396758e-01	   4.8635434741768357e-01	  -2.5580908621355025e-01	   1.5441840592926254e-01	  -4.9656966656556681e-03	  -8.0811393040456703e-02	   4.3660765322726230e-01	   4.1235712288375537e-01	   3.1427901342304709e-01	   2.7682922021995726e-01	   2.9576498005271296e-01	   4.0813168678589751e-01	   4.9056373467757913e-01	   5.5256875325073240e-01	   2.4045199720649368e-01	   5.1657163560254560e-01	   4.1043842764592825e-01	   1.9023582717234963e-01	   6.9197910665587170e-02	   4.1077292012974242e-01	   5.3159827107507340e-01	   4.1922518086055716e-01	   5.0429795950308576e-01	   4.2715705134163695e-01	
   8.0638833043089231e-01	   5.3123737242137081e-01	   6.4799051853730438e-01	   4.7796356228452563e-01	   6.4646005978417420e-01	   3.7631352533907236e-01	   6.8271397622870089e-01	   5.7441720191616552e-01	   4.9725272441935919e-01	   4.0373414066725888e-01	   0.0000000000000000e+00	   7.0830768643915509e-01	   9.1572900873181684e-01	   6.0189748640752760e-01	   7.4384317191896709e-01	   5.9725267096186641e-01	   6.8241218949020477e-01	   5.6303578808207777e-01	   6.6265924811911758e-01	   4.7484565602212958e-01	   3.8947476654133206e-01	   4.1307994862065572e-01	   6.9269280205943162e-01	   6.3184182890867424e-01	   4.3603224382987316e-01	   3.8797819500503916e-01	   3.0746030464825680e-01	   2.3653817770857710e-01	   4.5107361044513716e-01	   2.9928338159538748e-01	   6.4102085812561738e-01	   6.1056282426920072e-01	   6.2662942453753323e-01	   5.4838960985286023e-01	   5.1488882273672876e-01	   4.6716781784368699e-01	   5.8663557211826012e-01	   3.2582494023169428e-01	   3.6335944528004949e-01	   3.7187076851768286e-01	  -1.7116154988182580e-01	  -2.3532980840100826e-01	   4.8799849810538909e-01	   4.1421493085300509e-01	   6.2510004245516071e-01	   3.9078030655146295e-01	   4.1136216191864833e-01	   2.8366283293197858e-01	   6.2366143717183120e-01	   4.2655588263008243e-01	   6.7717641605598355e-01	   2.7744472697154721e-01	   2.9188423463169905e-01	   2.7428235340687895e-01	   6.2566691857715806e-01	   4.4690685804889141e-01	   6.2741340412227298e-01	   5.0038244790277808e-01	   5.1355802464266176e-01	   4.2150720586731544e-01	   7.9970328418255798e-01	   4.7503695468222840e-01	   5.8916423426083764e-01	   4.1342260444194467e-01	   7.7495646392970707e-01	   5.0069724929671344e-01	   6.8255237072141661e-01	   5.5204078145664526e-01	   4.7733512450635540e-01	   4.6751193329755614e-01	   4.5265938684014007e-01	   3.5634484103605779e-01	   5.3756598930250643e-01	   2.7522912668957633e-01	   5.5253844068028490e-01	   3.9570429233582416e-01	   1.0304448958245391e-01	   2.4462631054668532e-02	   5.3914703564643074e-01	   4.5417988414279414e-01	   4.1329456618927163e-01	   5.2631985589171504e-01	   1.8330605248194412e-01	  -8.8907557309824289e-02	   7.4257923974619133e-01	   4.5116046285495626e-01	   4.9743303874271261e-01	   3.7198629869835514e-01	   7.5586202814260695e-01	   6.6104397361679768e-01	   5.4701141647207541e-01	   4.9217458960874710e-01	   3.3943725725096835e-01	   4.4774108317330069e-01	  -4.9973589276257147e-01	  -1.9025035428329951e-01	   9.6852453644973011e-02	  -2.7026507691186580e-01	   5.7881145138074874e-01	   5.3102061441397641e-01	   3.6448643414565929e-01	   2.3177607437202249e-01	   3.4067738926580360e-01	   3.7899658864163621e-01	   3.9126847581190871e-01	   4.8878689940418729e-01	   3.8627345849161715e-01	   6.0140674157983298e-01	   1.7200123941912290e-01	  -1.6122313830719059e-01	   1.1141089116706908e-01	   4.3659583634232835e-01	   4.6599502954332472e-01	   3.6766992117764197e-01	   3.4377548106792483e-01	   2.6891250809624817e-01	
   6.1390459543374121e-01	   7.1242094723584337e-01	   3.2856889772649100e-01	   5.5805916904623298e-01	   4.2291589558007769e-01	   4.0236525208061419e-01	   5.0014206776705239e-01	   7.8727900366627346e-01	   3.4665588718407869e-01	   3.8819420741174893e-01	   7.0830768643915509e-01	   0.0000000000000000e+00	   6.9287782431724754e-01	   8.2174431977492934e-01	   6.7392568505376815e-01	   7.7749997816738015e-01	   7.5407889757466418e-01	   7.0377354640775114e-01	   6.0521070722528292e-01	   6.3200684512623773e-01	   4.8052067288711198e-01	   5.5927029635997905e-01	   4.8760709464497531e-01	   6.0330335362073917e-01	   2.6507105181941659e-01	   4.0995967197213912e-01	   2.4869448066686856e-01	   2.8073492518140442e-01	   5.5056859118553658e-01	   5.5766248691194464e-01	   6.9372984233108381e-01	   6.7757008748853020e-01	   7.0246816477431628e-01	   7.1267847580529642e-01	   3.1199547901663172e-01	   3.7926115362684876e-01	   5.8248024280777777e-01	   3.7874978733789189e-01	   2.2279866925381234e-01	   3.2832732907074169e-01	  -1.5191398653089133e-01	  -2.1705916427221331e-01	   6.1903959847954038e-01	   5.7730100095676695e-01	   6.3538833459911293e-01	   5.5246262084447095e-01	   4.8014565768600870e-01	   4.1844381912790324e-01	   5.7527789712484345e-01	   4.2072717253619007e-01	   6.1903892880744460e-01	   2.9112877303883444e-01	   4.6762241153350009e-01	   3.7712664001402058e-01	   5.6675343151389745e-01	   5.1583838733484710e-01	   6.4447522365002152e-01	   6.2316259586627787e-01	   2.9843164083713353e-01	   3.8500241805273844e-01	   6.5110760718721272e-01	   6.9870600193030574e-01	   8.1831524993433491e-01	   7.5231707677649873e-01	   4.5174303405205485e-01	   4.3232633306726442e-01	   4.5777903303530537e-01	   4.8948059072072247e-01	   5.4458357776362387e-01	   5.9832968263391417e-01	   3.5233977139433398e-01	   5.1055102804658081e-01	   5.8024101462498967e-01	   4.5456619742453047e-01	   5.2514287479734456e-01	   5.0352970256808827e-01	   6.2935576535003174e-02	   1.2169728411275151e-01	   5.7197404234006155e-01	   4.8483373941819796e-01	   4.6694681038998087e-01	   5.8866666310135207e-01	   1.2731190843882825e-01	  -6.3332779304281453e-02	   5.2983820642325707e-01	   5.2538189668720492e-01	   2.8564088198679477e-01	   2.5536254238187539e-01	   5.5523016059814234e-01	   6.6256747250987724e-01	   5.9558609177834509e-01	   3.6412175876739905e-01	   4.1433912194952105e-01	   2.3639884433082631e-01	  -5.7041183975695553e-01	  -2.4135537415970820e-01	  -1.0913602849689098e-02	  -2.9213168649911497e-01	   6.4507503141038358e-01	   5.3107288488911275e-01	   5.5222986023097409e-01	   2.7078198029680883e-01	   5.2671220645849259e-01	   4.3657629667419723e-01	   4.9133139603737763e-01	   5.1342887526488790e-01	   3.4129379008182914e-01	   5.4226605001174266e-01	   1.9621071256936218e-01	  -1.4548410685839311e-01	   5.0832905225579914e-02	   4.9996748140002001e-01	   4.0962661202600092e-01	   4.1383995166862020e-01	   3.8154339444943253e-01	   4.3133814651079067e-01	
   7.7207473032034757e-01	   5.9984067934910212e-01	   5.0555545732264184e-01	   3.5172192976181704e-01	   5.9509244973145381e-01	   3.4236341991959396e-01	   5.9634747999856652e-01	   5.3551219039162856e-01	   4.7297491560089883e-01	   3.1184464338269402e-01	   9.1572900873181684e-01	   6.9287782431724754e-01	   0.0000000000000000e+00	   7.1901677911948791e-01	   7.0580766274851858e-01	   5.4401352163981942e-01	   6.4556045236851667e-01	   5.3176792000573192e-01	   5.9414803492910395e-01	   4.3960323644865229e-01	   3.4788892931951720e-01	   3.8428243928411498e-01	   5.1465266452271052e-01	   4.5954538248987409e-01	   3.0849274374167240e-01	   2.9923666807073757e-01	   2.7585805622102405e-01	   1.8926259333561879e-01	   4.0035870118980793e-01	   2.7520269205380821e-01	   5.7061983132785221e-01	   5.1463216615107688e-01	   5.5474142440520513e-01	   4.8490828469578229e-01	   4.1167041511827440e-01	   4.2494137479258076e-01	   6.1729134210050263e-01	   3.5718964852377261e-01	   3.6119552416552547e-01	   3.9087198552078189e-01	  -2.2057040473669676e-01	  -3.0956051788380834e-01	   4.6416675426275678e-01	   4.1977131874356899e-01	   5.5645270714264161e-01	   4.2180457226976126e-01	   3.9149480361935407e-01	   2.6307797345222717e-01	   5.8953521890701110e-01	   5.0751260391961683e-01	   6.7713499018365431e-01	   3.8202556578491209e-01	   3.5580016604115117e-01	   2.9812086438499014e-01	   6.5203856132076199e-01	   4.7578960811617332e-01	   6.0316457833832404e-01	   5.0600367968853921e-01	   5.1291499800474760e-01	   4.2634577046411448e-01	   7.7958553067177994e-01	   4.7439749232357864e-01	   6.0783266755389587e-01	   4.9450409799964379e-01	   5.8141206701530890e-01	   3.8159645210398496e-01	   5.8219961125998232e-01	   4.8351022749039596e-01	   4.7602301574800759e-01	   4.3217099534133441e-01	   5.0027957141809654e-01	   4.0636155336132351e-01	   6.1027962682548775e-01	   3.7264965709641062e-01	   6.0414217190529895e-01	   4.6369644589638470e-01	   1.8431374246263282e-01	   1.1143524540305132e-01	   4.3737812024873124e-01	   3.5296905290442071e-01	   3.3174489794231404e-01	   4.6026449177776074e-01	   1.1038431138232485e-01	  -1.9732166919293104e-01	   6.1689516262824995e-01	   4.0484370798955227e-01	   5.1283036428160811e-01	   3.4257742323451562e-01	   7.0256305037465916e-01	   6.0879521979472484e-01	   4.6165175952829962e-01	   3.4094951420598374e-01	   2.1265212800969396e-01	   3.2207993155186238e-01	  -4.5952508783520080e-01	  -1.0634371359758166e-01	   9.0833468189740599e-02	  -2.0443746345277530e-01	   5.3650778231159124e-01	   4.5213765947533641e-01	   2.8295627313372729e-01	   2.0032754456150687e-01	   3.1449034640587503e-01	   3.2136456081611298e-01	   3.2477108021638523e-01	   4.6069496401682630e-01	   2.7534043025674332e-01	   4.9615637496779252e-01	   2.4322490770693855e-01	  -8.9666692476794679e-02	   8.3729982150511126e-02	   3.4398210156143216e-01	   4.1933758207114891e-01	   3.5299944612841738e-01	   3.5327509073016850e-01	   2.8870587038102546e-01	
