   0.0000000000000000e+00	   7.1506269183570204e-01	   2.9754332152550200e-01	   6.6624589514544197e-02	  -4.9736017120396055e-02	   3.8471084719468925e-02	  -1.7592700757975904e-02	   8.9307158161650961e-03	   1.2514207032680524e-01	   2.0329667137203139e-01	   4.7825255465264749e-01	   3.2130030915668745e-01	   1.7779863249484124e-01	   2.8228096910929079e-01	   3.8866571149445736e-02	   1.8569442376025103e-01	   6.7302593783928299e-01	   3.8379811010210857e-01	   6.8177375552048680e-01	   6.5384426955242470e-01	  -1.5021935324640367e-02	   8.2009366432045927e-02	   6.3627142716452950e-02	  -7.0724218653272178e-02	   1.2322078600540967e-01	  -3.6471627318059259e-02	   2.1855245485102329e-01	   1.9553936766905092e-01	   2.3467718181275937e-01	   1.8039912757345530e-01	  -2.6943829510939732e-01	  -2.9439682054308175e-01	   3.9003929616327226e-01	   3.4001053181019192e-01	   3.8781575006145985e-01	   4.0513589988037174e-01	   4.4660275534646665e-01	   3.6101001458638898e-01	   3.4085993243209423e-01	   3.4495624148915693e-01	   1.9965524985256811e-01	   4.5187629573521215e-01	   2.2862575690367909e-01	   1.4393341149675631e-01	   1.6065541311727111e-01	   1.8400703535815385e-01	   2.8942161196090366e-01	   3.7631103697654478e-01	   1.7781304993502228e-01	   2.4424394457920007e-01	   4.2556310423968180e-01	   2.8808254170983560e-01	   2.3983526694372659e-01	   7.4302714795396824e-02	   4.7575708531235672e-01	   5.1490782434796922e-01	   7.7222762995518091e-01	   4.8074506875948836e-01	   6.1355761106732309e-01	   6.0514057992534531e-01	   4.2110628570855213e-01	   2.7257450911974201e-01	   5.0520770396729486e-01	   3.2425633749612909e-01	   7.1424465207007931e-02	   2.2569436360387246e-01	   4.8717062742247275e-01	   4.6097691671142554e-01	   5.4500459136659674e-01	   4.5576581048857567e-01	   2.5382857123730201e-01	   7.5630197948878083e-02	   6.3339965974204793e-01	   5.3836945325946028e-01	   6.3890615401601747e-01	   5.8329033706991251e-01	   7.5218322562973072e-01	   6.1615907833702233e-01	   4.4805712238131989e-01	   2.9306343828634579e-01	   4.8019539474443118e-01	   3.4513753723008384e-01	   7.9190136091226881e-02	   2.9427339830105603e-01	   4.5463505619162436e-01	   3.7371385058176559e-01	   4.0937803928389765e-01	   3.7608919411519659e-01	   6.4928438453960546e-01	   6.4312783100330961e-01	   5.5176324543099164e-01	   3.7164922572043846e-01	   2.7302330525915297e-01	   3.8124298060444944e-01	   3.2783738397319108e-02	   2.0658067951775705e-01	   5.8820483470885931e-01	   5.6539723364657224e-01	   5.2313533810802015e-01	   6.2876683852928850e-01	   5.2524982194551573e-01	   6.3495651085142424e-01	   6.5107144985470033e-01	   6.5657451459579375e-01	   6.8735259889825029e-01	   5.2546904489256874e-01	   5.9865047123799831e-01	   2.6406584322031734e-01	   1.0153825834383122e-01	  -1.8087585549109819e-03	   5.1799687254682869e-01	   4.1891814349772016e-01	   4.1742408664086489e-01	   4.0885362424953064e-01	  -2.1494012050100029e-04	   2.1152746149532550e-02	
   7.1506269183570204e-01	   0.0000000000000000e+00	   9.2058508921044630e-03	   2.0235418520731313e-01	  -1.2854682804995193e-01	  -2.4494337052412159e-02	   6.0637202300725963e-03	   7.8970889214598064e-02	   5.3957907242177632e-03	  -1.9316713396109658e-02	   5.6052444328291640e-01	   3.5346667941285037e-01	   1.5333176257524353e-01	   2.1706028747696388e-01	   2.2219082063100547e-02	   3.3652802896201928e-02	   7.3008134458225649e-01	   6.0245814664567177e-01	   6.7292607110427294e-01	   6.4799100972172963e-01	  -1.0739354424374961e-01	   1.6152109675277672e-02	  -1.2842307813371906e-01	  -2.8431195743078974e-01	  -2.0821650532041658e-01	  -2.8372593282928626e-01	   1.2274511097212846e-02	   8.0336436075387208e-02	   4.8358663233456911e-01	   4.2044699570266086e-01	  -1.6684726317069057e-01	  -2.2751813181316791e-01	   3.5375832100432369e-01	   3.9672318639395227e-01	   8.4401675131089010e-02	   1.5519277239926504e-01	   2.5238407099379834e-01	   2.2578239702568273e-01	   2.5497080278042072e-01	   2.4170749758808163e-01	   2.1089447840572609e-01	   4.0431876312804588e-01	   1.6125767479491968e-01	   1.0813464580864335e-01	   2.1659647087302181e-01	   3.0068157442455190e-01	   1.9824160472152297e-01	   3.1086383010258201e-01	   1.7775255378512056e-01	   1.5385010447244779e-01	  -4.3149131721728256e-03	  -1.8307877244156764e-02	  -5.4626561264034007e-02	  -1.6597711266344212e-01	   2.9438807952523277e-01	   3.4728344757603213e-01	   6.1196430763501253e-01	   8.1474577735557308e-01	   4.5745343119144993e-01	   5.6230835575383642e-01	   4.5539464604571689e-01	   3.7543536123361465e-01	   6.7933616712386025e-01	   5.3243246387265908e-01	  -3.9158800960525694e-02	  -1.4677379754629680e-01	   3.0392242841381578e-01	   3.3994053802328839e-01	   2.0119028970983122e-01	   2.6752373039925414e-01	   3.7744372153617922e-02	   1.2448456844187647e-01	   5.4033533099922282e-01	   5.7110578166549175e-01	   4.4683897965416641e-01	   5.8100129187395200e-01	   5.8093777668662283e-01	   4.7461234016911302e-01	   5.0426538889421324e-01	   4.1796452249710281e-01	   5.8783736950837728e-01	   4.7245080489714497e-01	  -1.2011373829504141e-02	   1.5336972685469474e-01	   2.6165333236331084e-01	   1.9795106337844912e-01	   2.8115727551437808e-01	   2.0257447172890700e-01	   4.2472673916497283e-01	   4.8744085743564797e-01	   3.2195676770361542e-01	   1.6839017858839928e-01	  -4.0649737842517908e-02	   1.4207898222026333e-01	  -1.6531963632892560e-01	  -2.8189871206988341e-02	   3.3782238177987878e-01	   2.5644970684773938e-01	   5.6018852092538751e-01	   3.8429613227636839e-01	   4.8354601747300252e-01	   6.2908982321551932e-01	   6.9036905055228470e-01	   6.9013795625736529e-01	   4.4501915841638562e-01	   1.3266242700302186e-01	   4.8101265422359496e-01	   1.9325297062211166e-01	  -1.1222002495058184e-01	  -1.7585498568487223e-01	   2.9266694671782123e-01	   4.6946454058540277e-01	   3.5799484838296891e-01	   1.8065923120336444e-01	  -1.9988355918334660e-01	  -6.1420398306637853e-03	
   2.9754332152550200e-01	   9.2058508921044630e-03	   0.0000000000000000e+00	   1.7768553308968124e-01	   5.0148765387904271e-01	   1.7323639384454362e-01	   4.3814619994556947e-01	   1.5286488593644572e-02	   5.6170643748413329e-01	   3.1216043955820527e-01	  -8.7891627668303010e-02	  -2.4520710596266676e-01	   4.9459501845451093e-01	  -1.5676946476618248e-01	   4.8602042848541549e-01	   2.0660475482601182e-01	   5.4143179813977316e-02	   7.1185225774745717e-02	   3.0284325528398653e-01	   2.4841194675720088e-02	   3.4732696650728523e-01	   3.3929413153145604e-01	   7.8621153660265575e-01	   3.8713148313969087e-01	   7.4361507089397150e-01	   5.2073568649602919e-01	   5.2848786699281036e-01	   3.9586729311990076e-01	  -9.9146521038594226e-02	  -3.3682627759722902e-02	   2.7224959154217704e-01	   1.2094548210205930e-01	   4.2193970625933697e-01	   2.3027287500732099e-01	   7.2236392880707334e-01	   5.2893617539299198e-01	   4.5427396743751747e-01	   4.3569867661869865e-01	   3.6362118603694599e-01	   2.5315376249473931e-01	   2.2559525570632094e-01	   2.3137739677743052e-01	   4.5771426897400669e-01	   2.9483035108549216e-01	   3.9876779219645231e-01	   2.0031709510160661e-01	   2.5576384659336071e-01	   3.8228366700222882e-01	   2.5463864869155706e-01	   1.8683652090161110e-01	   6.3968662518185337e-01	   2.9976176006427768e-01	   2.2109427796042982e-01	   1.9864272837394145e-01	   2.6826599096439807e-01	   2.0840820435766291e-01	   1.7777482822990767e-01	   1.2449730917990097e-01	   3.1911700334287879e-01	   9.8533990706432692e-02	  -5.3413928484538381e-02	  -1.5706774218967526e-01	  -4.2230377152875205e-02	  -1.9875730059843294e-01	   6.0219657627006451e-01	   5.5415275947406573e-01	   6.8129215454726300e-01	   5.2704314188865542e-01	   1.9445658159843748e-01	   1.2311553026916996e-01	   5.0040249533465608e-01	   1.7647383713661945e-02	   8.5955214720410705e-02	   1.3490629741500915e-01	   2.7100094703175986e-01	   2.4566010747720179e-01	   3.2456185305095542e-01	   1.9620364322354772e-01	   3.8183232003101536e-01	   3.3207178258418935e-01	   3.2553570850564345e-01	   3.4303920732802251e-01	   1.6659643453300854e-01	   9.8390350325681830e-02	   7.9136793200959421e-01	   4.9003519101355264e-01	   2.8478758810769733e-01	   3.9784371547370928e-01	   6.0876373657810401e-01	   4.5823767777457436e-01	   2.2779954931471136e-01	   5.9442175779189665e-01	   3.4024931962270422e-01	   6.9681448783584665e-01	   2.4908425142369348e-01	   2.6759852900993486e-01	   4.2398209070164078e-01	   3.0698524488175066e-01	   1.7747850576747354e-01	   2.7348860739039405e-01	  -1.4986635989943486e-01	   4.0214931949445659e-01	   1.3877966609772760e-01	   1.9366209213708421e-01	   2.7366126271251262e-01	   4.1070764526926984e-01	   4.9265680212962529e-02	   2.2967923263343368e-01	   3.4318489029948035e-01	   1.2448671944446460e-01	   4.4043783949122173e-01	   2.1013019431590607e-01	   1.5376326838173329e-01	   2.3145132551335321e-01	  -6.7327532795957004e-02	  -4.4228260988427232e-01	
   6.6624589514544197e-02	   2.0235418520731313e-01	   1.7768553308968124e-01	   0.0000000000000000e+00	   4.3988912334195651e-01	   4.4293866074622612e-01	   3.9816967194778419e-01	   5.6039728679997625e-01	   2.6110810614675217e-01	   3.1345796834777118e-01	   1.9979735617063632e-01	   2.6715838120126201e-01	   3.2513052209009990e-01	   2.0601574636501435e-01	   4.9190100487991262e-01	   4.9342794091907821e-01	   8.5569025941400020e-02	   1.3237530033008810e-01	   2.2687176794490327e-01	   2.2049543412653710e-01	   3.5851509778987056e-01	   4.3710397462703182e-01	   3.0338699646515438e-01	   3.5884977328044676e-01	   5.7527770589996446e-02	   2.5483509021208328e-01	   3.5918488630959267e-01	   4.0322909917270411e-01	   3.7900357492195813e-01	   4.3704933834093085e-01	   4.7073407890792374e-01	   5.7787964402855929e-01	   3.4318135624673318e-01	   3.6642203690278058e-01	  -6.3806499992875618e-02	  -5.1908820234770794e-02	   3.2008079495951736e-01	   3.5406834684175464e-01	   3.6680179432293097e-01	   3.5116161413794306e-01	   2.4763675079487890e-01	   2.5942079687867264e-01	   5.1136910008439862e-01	   5.5320236386143362e-01	   4.7880583135979954e-01	   5.6737426149636683e-01	   5.5666274062499244e-01	   5.7380247798076855e-01	   6.0706513094079817e-01	   5.5312124054481193e-01	   7.4915325297508134e-02	   3.5432186169076973e-01	   1.4249665607419307e-01	   2.6100977782957874e-01	   4.2292064379038452e-01	   5.1686054051561192e-01	   7.0902325859867332e-02	   1.9555503269762708e-01	   1.9464014364921189e-01	   1.6823961916501065e-01	   2.0045672359215705e-01	   1.9899329941579458e-01	   7.5905563780121504e-02	   7.3181543763693513e-02	   3.0234389252589822e-01	   1.1055166694483920e-01	   1.2211367738184209e-01	   1.6147480928909069e-01	  -3.3961588571858057e-03	   8.6743556755313686e-02	   1.3355876119126087e-01	   2.7653854330242211e-01	   9.4509432334113713e-02	   2.1571029800042191e-01	   3.6113721363783449e-02	   2.3616561673642300e-01	   8.0564124905940074e-02	   2.2698938184310041e-01	   2.1649646861592919e-01	   1.7660601418870459e-01	   1.8595200954628432e-01	   1.3922645737696068e-01	   2.6886657225980670e-01	   2.6176965775978472e-01	   3.9667952681848839e-01	   2.6398722354864468e-01	   3.3168046972025406e-01	   2.5606278260234427e-01	   1.9169433087804533e-01	   2.0211756699589439e-01	   3.6539147472857414e-01	   3.2182402867959442e-01	   2.3246002413463604e-01	   1.0709266743736323e-01	   7.6546153012834420e-02	   3.8883000482324716e-02	   2.4495352994366676e-01	   2.6964318678281390e-01	   5.3371578046378965e-01	   4.9541789838236688e-01	   3.1417515458906725e-01	   2.0369502121287122e-01	   2.6858924760942660e-01	   1.9288549436561450e-01	   1.3654648491365576e-01	  -8.9341522316451968e-02	   1.0862228116288161e-01	   1.0457645359949996e-01	  -1.2005567526518650e-02	   1.4625098283516202e-01	   1.7170089896936003e-01	   5.0870635889584492e-01	   4.1816144860756582e-01	   2.6232487540793475e-01	  -1.5393019164618540e-01	  -2.1310121513290725e-01	
  -4.9736017120396055e-02	  -1.2854682804995193e-01	   5.0148765387904271e-01	   4.3988912334195651e-01	   0.0000000000000000e+00	   7.3965825989677880e-01	   6.5903809058986029e-01	   4.6273893940425009e-01	   6.5995244894573935e-01	   3.7366249302832011e-01	   7.2231418808160419e-02	   2.5677210917043924e-01	   4.0053822303180164e-01	   2.6660664966962788e-01	   5.3435411766406204e-01	   4.6353879443558993e-01	  -5.2845857455980236e-02	   7.3184687301016557e-02	  -1.2003807217436022e-03	   4.7835025072624719e-03	   6.1065111270927575e-01	   5.0870889263626917e-01	   3.8578664121098716e-01	   3.0104204806755008e-01	   2.4949139532196851e-01	   3.6784264503551922e-01	   6.4879263502706341e-01	   6.0967275073117522e-01	   2.0650566674099335e-01	   3.5636183421272816e-01	   5.4013412513957448e-01	   4.9824020770612099e-01	   2.6809630813047269e-01	   1.8439592792118398e-01	   1.5819015716770107e-02	  -3.9080058561536589e-02	   1.9846728440560585e-01	   2.1690142102166787e-01	   2.7218348034865752e-01	   2.1666497434346257e-01	   2.6546137225023486e-01	   1.8247630111041813e-01	   2.5399844670802824e-01	   8.8457497981991179e-02	   2.2550681889292867e-01	   1.9821524383106898e-01	   1.7339173432532140e-01	   2.4923533857992383e-01	   2.5933170266087308e-01	   8.5887124333203432e-02	   1.3633208728117663e-01	   1.5744805638373305e-01	   1.7325381074524516e-02	   1.1377630378800954e-01	   2.0235880458319780e-01	   1.9349820586184951e-01	  -5.2510392804368262e-02	   1.8824942959052844e-04	   3.3967556985357070e-02	  -1.6008776649018813e-01	   1.8779976268974802e-01	   7.7053242378697512e-02	  -8.0376448512978538e-02	   5.7519415443856529e-03	   5.7819962573662032e-01	   1.5210834560480452e-01	   2.5316405300954903e-01	   2.2183125907771058e-02	   8.5341873785604233e-02	   1.8248062444595228e-01	   4.6898259707571888e-01	   3.4636502644605172e-01	   1.7350942096341866e-02	   1.8017629809981558e-01	   1.1294101214235036e-01	   2.5419124456894548e-01	   2.1741564143927392e-02	   3.0584834669052361e-03	   2.6278319583343468e-01	   2.2482594513122955e-01	   1.5020142521361873e-01	   1.7626212779005873e-01	  -7.8945921518703954e-03	   2.0246465191979929e-01	   4.6658711056895663e-01	   2.3511926964071991e-01	   2.5744734278561371e-01	   1.4028219061140501e-01	   3.3186992840583784e-01	   1.0826466250716775e-01	   1.1479338682143789e-01	   2.6042152123143447e-01	   1.0518307053315838e-01	   3.0218297660394566e-01	   1.9375124686897621e-01	   2.1899336478493858e-02	   1.2220322350057021e-01	   1.6210829687312994e-01	   1.2819632897923466e-01	   2.3986115732028063e-01	   3.9556825298189206e-02	   2.4486917282121518e-01	  -1.5040305265870649e-02	   8.2279309085130106e-02	   1.9020053031758841e-02	   2.3096567679327445e-03	   1.5489590420120775e-01	   1.7999283601880930e-01	   3.0909732431499727e-02	   1.1093412115877772e-01	   2.5397980561866762e-01	   1.3696876040770289e-01	   1.1716248345901632e-02	   7.0054870189052376e-02	  -5.2048629075760022e-02	  -2.8939787422267371e-01	
   3.8471084719468925e-02	  -2.4494337052412159e-02	   1.7323639384454362e-01	   4.4293866074622612e-01	   7.3965825989677880e-01	   0.0000000000000000e+00	   4.1223073311308644e-01	   5.4842432380078554e-01	   3.9104498860655645e-01	   6.0659589440405948e-01	   2.2594422719913804e-01	   5.0321515540486406e-01	   1.6039046932867801e-01	   5.5472692443559191e-01	   3.7638336514056880e-01	   6.7206890981076106e-01	   4.3858322851292479e-02	   5.9553407282465817e-02	   1.2351493427909685e-01	   3.0196197048402684e-01	   6.6033592898979010e-01	   6.1501687202304911e-01	   8.0415346884581698e-02	   2.4311795679460688e-01	   8.1703289921319616e-02	   3.5775170137220969e-01	   6.8121021449193842e-01	   7.0790692616183459e-01	   2.4414423197148888e-01	   3.8974084483039184e-01	   3.3412825032815002e-01	   3.6043299877207768e-01	   3.0727401078998029e-01	   3.0156867774447577e-01	  -6.8192294512791324e-02	   3.9042073975242300e-02	   2.3160675847299489e-01	   1.5702794609347934e-01	   3.1633278693613348e-01	   3.0694348813523120e-01	   3.0129409584267952e-01	   3.9905553602199051e-01	   2.1094732653137005e-01	   5.2836274669138067e-02	   1.2927694165209486e-01	   1.2388821558442578e-01	   2.3220871992978542e-01	   3.0226921618905650e-01	   2.2940180922941622e-01	   4.8963554468991873e-02	   8.7299433632290396e-02	   1.4709774537651202e-01	   7.3414352959769044e-02	   1.5668568587877735e-01	   3.3662294976931867e-01	   2.9944141811410097e-01	   2.2883670852203310e-02	   4.1034140273340708e-02	   1.5217936859123057e-01	   6.7336450549988755e-02	   3.2432769315509180e-01	   2.4694896667521049e-01	   1.3706311308611402e-01	   1.4332292851438277e-01	   2.4565571097778882e-01	   1.0890120939338441e-01	   1.9615369263708043e-01	   2.4427688450942672e-02	   3.5254397326466813e-01	   4.0428820086184680e-01	   2.5111173260300290e-01	   3.1627290125171442e-01	   1.8623319121349169e-01	   2.6773838128295313e-01	   1.4371839972849734e-01	   2.1103842977057968e-01	   7.8025179049205973e-02	   1.2655545247660366e-01	   2.9339651776255932e-01	   1.8817581338731562e-01	   2.5109074050759372e-01	   9.6540260944289275e-02	   3.4469301443495040e-02	   3.9837364260554187e-01	   2.1321277050717169e-01	   1.6140810856746451e-01	   3.4204089077930472e-01	   1.6327474731837444e-01	   2.7493041451023342e-01	   1.6309703275836487e-01	   3.1943022446091535e-01	   1.3165670761258641e-01	   1.8970976163423620e-01	   5.9313402870071391e-02	   1.8248972670369096e-01	   1.5175157226288156e-02	   2.2429820657884009e-01	   2.5880567174121272e-01	   2.4480307932638162e-01	   3.5374045540476678e-01	   2.3017800456789628e-01	   2.3299454177187590e-01	   1.6302537886736823e-01	   2.0550394298140068e-01	   1.5343856483079837e-01	  -1.3582741069020943e-01	   3.6109378621321586e-01	   1.0096506911334090e-01	  -3.9870476334834787e-02	   8.5088174222297516e-02	   3.6030401788061239e-01	   1.6923954289819457e-01	   4.9470854569355099e-02	   7.9714048978160798e-02	  -1.1369360954714326e-01	  -2.0560034221880236e-01	
  -1.7592700757975904e-02	   6.0637202300725963e-03	   4.3814619994556947e-01	   3.9816967194778419e-01	   6.5903809058986029e-01	   4.1223073311308644e-01	   0.0000000000000000e+00	   7.0317847820255597e-01	   7.7102995505920235e-01	   3.6622061064643907e-01	   4.0729451053011939e-01	   2.3952743404112775e-01	   5.9838814581955202e-01	   2.3781597014018013e-01	   5.0403966423215552e-01	   2.0199242066860290e-01	   1.7466368253192976e-01	   4.3214346407107684e-01	   7.7914424314741063e-02	   9.6255444834457901e-02	   4.0478575081482959e-01	   3.1996713533261900e-01	   2.6425558132318483e-01	  -5.5397378148084833e-02	   1.4635270249125944e-02	   3.9894898660129276e-02	   2.7125199716071752e-01	   2.0097958837602312e-01	   4.5388462401609075e-01	   5.1398084014590462e-01	   4.8594682412804224e-01	   4.0559146752398878e-01	   4.1949672920651837e-01	   4.8685196404816899e-01	  -3.6835963212746223e-02	  -4.9331192910232607e-02	   8.1263251036383793e-02	  -2.7341024388868106e-02	   2.0564047187555176e-01	  -6.4419679951421061e-02	   2.4188053973488000e-01	   1.1519405505762909e-01	   1.3326370722380199e-01	   2.1631013763140656e-02	   2.8223065423679061e-01	   2.8271742433253577e-01	   6.6419660869064007e-02	   1.1387998725464285e-01	   1.4105929952973062e-01	  -2.0903430524612434e-02	  -4.3334265992023828e-02	  -6.7909115708929269e-02	  -2.3239226643382374e-01	  -1.0593582252732883e-01	   5.5451921521035452e-02	  -3.5604189569116235e-02	  -2.4399961921388000e-01	   1.3421986622934842e-01	  -1.0974173524308949e-01	  -1.6459075241845467e-01	   4.2654834757123405e-01	   4.9545569779343313e-01	   6.3154752182915885e-02	   3.5797913207959825e-01	   7.7012797391152588e-01	   1.6216235503515325e-01	   3.0879679698196127e-01	   1.1698170972522250e-01	   2.8803303343576128e-02	   1.9286334344832667e-01	   3.7313872498939166e-01	   3.1489519647338055e-01	   1.2208397689687769e-01	   2.6180738480633525e-01	   1.6947286647289520e-01	   2.6327147535702955e-01	  -1.4229524576964914e-02	   1.3324953950658810e-03	   3.3549717901462700e-01	   4.9733533981343336e-01	   2.2469251010550487e-01	   3.6261853377240677e-01	  -1.4479829424064208e-01	  -1.3206571742392764e-01	   2.7430360504112472e-01	  -4.5057400186910519e-02	  -1.4341544727296593e-01	  -2.6210513515776301e-01	   4.2863643142467123e-01	   3.3800706341963152e-02	   1.7145122874797403e-01	   3.2180334919471215e-01	   1.3762931339418177e-01	   4.5644973774630987e-01	   1.6270485703342699e-01	   4.6001444993632776e-02	   1.2353388763193857e-01	   1.0813278030435367e-01	   1.9781127084080943e-01	   1.3857623189176824e-01	   1.9777011695635621e-01	   3.5023756152016638e-01	   1.4657912868522222e-01	   1.5858039535588947e-01	  -1.1590965910718122e-01	  -4.2927635166028558e-02	   2.4791904078856376e-02	   3.0155082381565335e-01	   9.9031162069270512e-02	   1.2262696156972369e-01	   1.2664102878623673e-01	   1.1306735527329843e-01	  -6.0643425194088302e-02	  -8.2434512838001475e-02	  -2.5169664066401526e-01	  -3.4137265878829987e-01	
   8.9307158161650961e-03	   7.8970889214598064e-02	   1.5286488593644572e-02	   5.6039728679997625e-01	   4.6273893940425009e-01	   5.4842432380078554e-01	   7.0317847820255597e-01	   0.0000000000000000e+00	   5.3066203452261762e-01	   5.5291987254846520e-01	   3.7120148985541790e-01	   5.3734181060104258e-01	   3.3987889282454242e-01	   5.4056719809607956e-01	   3.3068638445593496e-01	   3.6866350413868354e-01	   1.3148138954767752e-01	   3.5421573582874022e-01	  -1.0912707482063648e-02	   2.4844018464055206e-01	   3.4965465075569646e-01	   3.3656590337640219e-01	  -6.8657205495531115e-02	  -5.2165299605602108e-02	  -2.6791819524839666e-01	  -5.4528131451487570e-02	   1.8732946461516123e-01	   2.2667577982081000e-01	   4.0170550573745845e-01	   5.3405805043295040e-01	   2.6137019427638108e-01	   3.8356784296614471e-01	   2.1148674101823203e-01	   4.8237703551750405e-01	  -3.8297903977111986e-01	  -2.5093393440374911e-01	   3.8482791256427354e-02	  -6.0204998354861095e-02	   1.8068691236554663e-01	   3.4754634265203907e-02	   1.5708126198222411e-01	   2.1667405290010638e-01	   6.0647152683927286e-02	   7.2162921399623575e-02	   1.4989701629451388e-01	   2.8154683406689524e-01	   1.1672693309136886e-01	   1.3977715098380200e-01	   1.9708640702400032e-01	   7.2413871181650033e-02	  -9.9208385710620503e-02	  -2.3581871100002899e-02	  -1.5410376560007777e-01	   1.6931968670927861e-02	   1.0963068273450624e-01	   8.9403484196309363e-02	  -1.5326944454595781e-01	   8.2313152591811212e-02	  -1.6503697959185398e-01	  -7.4968329933017122e-02	   3.7413112002388887e-01	   6.7297730880809903e-01	  -1.0254353453507573e-02	   3.9337065785284131e-01	   4.1602752964889761e-01	   1.2887328497417591e-01	   3.0573225686745472e-02	  -1.5881908333965401e-02	   1.4652489877365510e-01	   2.6322202712262122e-01	   7.8113939832200385e-02	   3.7235498577580739e-01	   1.6018381916781785e-01	   3.0312577697315857e-01	   9.9082722305932652e-02	   1.4456150454859584e-01	  -1.4942253580088705e-01	   6.3151704191040145e-02	   2.5591652628475930e-01	   3.5821801853545665e-01	   1.6133175130428912e-01	   2.4095557100390577e-01	  -9.4384942270255595e-02	  -1.4144843856974334e-02	   6.4897368308721309e-02	  -8.9329724791369455e-02	  -7.0396168734881581e-02	  -3.2158694220271183e-01	   2.4711238926065140e-01	  -6.0899059300995484e-02	   3.1188476673123616e-01	   1.1842714924677941e-01	   2.2398203000550368e-01	   6.9035620038648701e-02	   1.3109919770159692e-01	   5.5651199072979704e-02	   3.9706837853445136e-02	   1.3675690256765330e-01	   2.6827043136569695e-01	   2.4358008176855278e-01	   4.7336710439558982e-01	   1.4080230980159078e-01	   2.1569211889986017e-01	   1.3050038384219928e-01	  -9.6675799418255742e-02	  -2.3357654568684794e-01	   1.6771395960586261e-01	   2.0681015565050145e-01	  -5.5824432573121927e-03	   1.1177382716945286e-01	   3.1209158579597268e-03	   1.9786714089890034e-01	   6.7114103168167535e-03	  -4.2829419892273651e-02	  -1.9994472916467898e-01	  -1.2993278146027568e-01	
   1.2514207032680524e-01	   5.3957907242177632e-03	   5.6170643748413329e-01	   2.6110810614675217e-01	   6.5995244894573935e-01	   3.9104498860655645e-01	   7.7102995505920235e-01	   5.3066203452261762e-01	   0.0000000000000000e+00	   5.4542610228596944e-01	   1.2009847450312500e-01	   2.4150941592706934e-01	   6.7681856473237290e-01	   3.5228498157307908e-01	   6.0179726239212883e-01	   3.6766037573961302e-01	   4.4437528651598501e-02	   2.4257101444123447e-01	  -5.3219200399050957e-03	  -2.2765000287545911e-02	   2.6163326781125695e-01	   1.5619661171729499e-01	   4.2155162031042293e-01	   1.7264473524253143e-01	   2.6911715552918969e-01	   2.4966745652545125e-01	   2.6172991994961214e-01	   1.4763889646679912e-01	   1.6368555751774599e-01	   2.6098038220129754e-01	   3.7284120787742836e-01	   3.6978188297660697e-01	   3.1193043674705567e-01	   3.1077151097251199e-01	   1.0782232621268190e-01	   2.7775033828121645e-02	   1.1450097764734180e-01	   9.5216305528176268e-02	   2.5200802449716531e-01	   2.8851267030979691e-02	   2.2775585442586060e-01	   9.1971216532368533e-02	   1.9552192486134506e-01	   9.9713330637782371e-02	   2.4577512789301242e-01	   1.9624678910389382e-01	   1.4722150075905371e-01	   1.7506585485626919e-01	   2.2071737963526034e-01	   1.2303338971194672e-01	   3.3499184491362488e-01	   1.3293724520384137e-01	   1.0767856776521109e-01	   1.0941517145228147e-01	   1.4845962930993198e-01	   1.0027644325181773e-01	  -8.4782406739708285e-03	   1.0461773115927125e-01	   6.7755594983530662e-02	  -9.8986076381976984e-02	   2.4936781624158433e-01	   3.4422336975824780e-01	  -1.0739419430347215e-01	   9.7860359965385932e-02	   6.8782118277167092e-01	   2.7728779594799363e-01	   2.8108302927994600e-01	   1.0406217263559869e-01	   9.0145929076106038e-02	   9.9970045314283884e-02	   4.7830203559085310e-01	   3.1936767496317553e-01	   3.8935848425965557e-02	   1.3456897796653020e-01	   1.6065254349796937e-01	   2.1303789933270573e-01	   5.0082659094916993e-02	   7.0076190941647021e-02	   2.9421386327605037e-01	   3.5985533925325586e-01	   2.2983037751048185e-01	   3.3538057088826179e-01	   7.9351768432716369e-03	   2.9480651458421502e-02	   3.8466142384329927e-01	   1.8410360706957829e-01	  -5.4125104519388276e-02	  -9.5530888620614887e-02	   4.9393958488963130e-01	   1.3735806718933613e-01	   1.8400865294096902e-01	   3.2206782293546315e-01	   2.7947875840162301e-01	   5.0691579655333530e-01	   6.7463917843631996e-02	  -1.2850989355612066e-02	   9.2617988077420457e-02	   7.1641472122297739e-02	   1.4169162874504243e-01	   1.7889040827284719e-01	   1.4506956227744761e-01	   3.0743009365202401e-01	   6.3509184543747599e-02	   5.1888025854080214e-02	   5.8062449270967056e-02	   1.2114969518899341e-01	   1.7364690419558293e-01	   2.2748876591255363e-01	   2.5114824801365232e-01	  -2.5122582426829729e-02	   6.0629510805659731e-02	   4.8681610075882550e-02	  -1.2390249874329623e-02	   5.2379178433535857e-03	  -8.4897420069951712e-02	  -2.4631636235914717e-01	
   2.0329667137203139e-01	  -1.9316713396109658e-02	   3.1216043955820527e-01	   3.1345796834777118e-01	   3.7366249302832011e-01	   6.0659589440405948e-01	   3.6622061064643907e-01	   5.5291987254846520e-01	   5.4542610228596944e-01	   0.0000000000000000e+00	   2.1029573359338871e-01	   4.2296173295410855e-01	   4.0817739711788459e-01	   5.6314123607946454e-01	   3.8957335625438949e-01	   6.7521505573275520e-01	  -5.2649905530749379e-02	   4.4690041545630860e-02	   4.3895619074474521e-02	   1.4715102798249619e-01	   2.7111709458327599e-01	   2.8391145293770265e-01	   2.1461806033014705e-01	   3.4464037011700521e-01	   2.0848359747166245e-01	   3.7676662244721010e-01	   2.8974658475862758e-01	   2.7849065159355008e-01	  -4.0875304079488819e-02	   1.5808794255365571e-01	   6.8620810524852860e-02	   2.1615390456498745e-01	   1.6477272091176490e-01	   2.4351484117887146e-01	   6.7160325994119904e-02	   1.4156530038538770e-01	   1.8947110765193920e-01	   7.8690182056972008e-02	   2.0784344862788789e-01	   8.8267085683497976e-02	   6.1064715131747285e-02	   1.8706731975087743e-01	   1.3819273564705695e-01	   6.5488516701909666e-02	   9.4187433876003146e-02	   3.3618252322956260e-02	   1.6551896191947968e-01	   1.9584844483589797e-01	   2.1000620533616776e-01	   1.0537587861861732e-01	   3.9004103220670328e-01	   1.5484198318125880e-01	   2.2882307287007733e-01	   2.5704518270990234e-01	   3.1467715991090300e-01	   1.8592331092003217e-01	   5.7438709353685738e-02	   1.7722909232797780e-04	   1.2900476437069247e-01	   6.0128943080696814e-02	   1.6979567755993891e-01	   3.3351393806076135e-01	  -4.7552562345943974e-02	   3.0856745757872783e-02	   2.8879157526198734e-01	   3.8317559857392441e-01	   1.8256302917962691e-01	   6.6017453220896541e-02	   3.1696713195151427e-01	   1.7510878922103323e-01	   2.0961202121102621e-01	   2.1489289047382729e-01	   3.2649678781912106e-02	   3.9491313247059165e-02	   3.2637388340930454e-02	   1.0891774066956239e-02	  -2.7332331456821353e-02	   1.3973229372564114e-01	   1.5031459759339877e-01	   1.8096470052668287e-01	   1.5961228634628094e-01	   2.0479283429774237e-01	  -1.0955800969667653e-02	   1.4125608776285992e-01	   3.0970872335406019e-01	   2.7775538234009700e-01	   7.1827998386447406e-02	   3.0355504085210934e-03	   4.2524151626394374e-01	   2.5285512100645768e-01	   3.5468661245864191e-01	   2.7400906535771935e-01	   4.9138534719195426e-01	   1.8971776159475973e-01	   5.8788323643612472e-02	   9.0323900562942372e-02	   1.2663936308037510e-01	   1.3568147385377113e-01	   1.4830222833639436e-01	   2.5766277525562459e-01	   1.5306018643265573e-01	   1.7122787081497487e-01	   1.1186857672321142e-01	   5.4609682644015098e-02	   1.3132114677745593e-01	   2.5880491683409002e-02	   2.3035418086593404e-01	   1.3091701418001300e-01	   9.5058506352500211e-02	   1.3726061481826621e-02	   1.1368343467117392e-01	   3.2553952853420942e-02	   1.3063185961611526e-01	   6.1944805483261381e-02	  -1.2049935239904061e-01	  -1.3419933726187550e-01	
   4.7825255465264749e-01	   5.6052444328291640e-01	  -8.7891627668303010e-02	   1.9979735617063632e-01	   7.2231418808160419e-02	   2.2594422719913804e-01	   4.0729451053011939e-01	   3.7120148985541790e-01	   1.2009847450312500e-01	   2.1029573359338871e-01	   0.0000000000000000e+00	   5.0379522710644997e-01	   3.4172624235058990e-01	   3.9352565409492368e-01	   1.4225641084210278e-01	   1.6660027829914245e-01	   6.4472798977618662e-01	   6.3949225629681949e-01	   4.9602187279189719e-01	   5.6708466249124223e-01	   1.6924143913522871e-01	   1.5855228388067277e-01	  -1.8800482882080197e-01	  -2.7084431477083543e-01	  -2.9055555777882347e-01	  -2.3668993821571782e-01	   9.7555263660990946e-02	   1.3891940296790753e-01	   6.7369388069644742e-01	   5.7220621332003885e-01	   2.6701802931865123e-02	  -2.2285850216819166e-02	   3.1766973082741690e-01	   4.1222674370849088e-01	  -1.3968624289156525e-01	  -6.0480952433035673e-03	   2.3278567035966841e-01	   6.3303914219641072e-02	   2.2337985766360943e-01	   1.1498208188351655e-01	   2.3002383394637166e-01	   3.4096704184831356e-01	  -1.9936018488840759e-02	  -9.2618920539124489e-02	   2.3771103000294905e-02	   1.2411580612068260e-01	   1.1289931325546379e-01	   1.4173037224903512e-01	   1.4598321831823590e-02	  -1.5711563422253841e-02	  -2.0690959491326588e-01	  -9.0565738300740231e-02	  -1.6409645758865044e-01	  -1.9181516960058154e-01	   3.0600276217791011e-01	   2.2476261400136222e-01	   2.0718039989038603e-01	   4.8110189491317268e-01	   9.3216794387255567e-02	   2.4292388734696410e-01	   6.4525760427385626e-01	   5.3450363903934694e-01	   5.9376194860960962e-01	   6.5776737238549376e-01	   1.5253327743117112e-01	  -7.1463967312482390e-02	   1.1845805770558764e-01	   3.6674861356487426e-02	   2.2870154782298491e-01	   3.5553637645821379e-01	   2.2925907265227680e-01	   2.8569270204325092e-01	   5.3030270334853524e-01	   5.2209373922002378e-01	   4.3428737131517725e-01	   5.0280122938092853e-01	   3.8166852015246866e-01	   3.7280833335379482e-01	   3.5175269334947418e-01	   4.7296676510292385e-01	   3.4853366921580803e-01	   3.3239420975494915e-01	  -1.4808885538836652e-01	  -2.0919860878851580e-03	   6.7948424654638157e-02	  -3.6892104787919565e-02	   7.1917563122147365e-02	  -1.0530606872149859e-01	   4.4169340175340965e-01	   3.6319710573322489e-01	   3.8570139818134019e-01	   2.4274484694273452e-01	   5.7735651586925896e-02	   1.1225272344488896e-01	  -3.3228457324279717e-02	   1.5580487821274578e-02	   2.9504594820946922e-01	   2.8308669509723333e-01	   4.5435456861111378e-01	   3.1355725778231519e-01	   4.4629579810599845e-01	   5.4668833048351884e-01	   5.0078419928588624e-01	   5.3492690276929511e-01	   2.3744318987199614e-01	  -5.8381127841052358e-02	   2.5009479409883006e-01	   1.6661414047997181e-01	  -2.2989414261349694e-01	  -1.0339373223619852e-03	   2.7822470460370008e-01	   2.2155229815983543e-01	   1.6504513070148980e-01	  -3.7924307632389012e-03	  -2.3717732600447328e-01	  -3.7783918939961331e-02	
   3.2130030915668745e-01	   3.5346667941285037e-01	  -2.4520710596266676e-01	   2.6715838120126201e-01	   2.5677210917043924e-01	   5.0321515540486406e-01	   2.3952743404112775e-01	   5.3734181060104258e-01	   2.4150941592706934e-01	   4.2296173295410855e-01	   5.0379522710644997e-01	   0.0000000000000000e+00	   1.9778122327140804e-01	   9.1982644441167138e-01	   7.4734294782576968e-02	   5.4907275092548702e-01	   3.1400831081876457e-01	   1.5094296327951923e-01	   7.1731949471290871e-02	   4.6456110251665050e-01	   1.5439858209306923e-01	   9.7848879847768494e-02	  -2.7765112106305384e-01	   1.8020341001342102e-02	  -3.6268870506650003e-01	  -1.0633056784688807e-01	   1.2926678825178611e-01	   2.0832787390585505e-01	   4.1412941195656849e-01	   4.4416761319300457e-01	   2.3065623029008803e-02	   1.1711445186826742e-01	   4.4280879944446225e-02	   1.7716875168502430e-01	  -3.5343144866696607e-01	  -1.7314317698445311e-01	   9.0759104207992547e-02	  -3.5451508360873282e-02	   2.1321321038787727e-01	   1.9095552099187743e-01	   2.0140083728617880e-01	   2.9755693130882005e-01	  -1.8494425672408207e-01	  -9.5045076365679965e-02	  -1.6055132765476010e-01	   7.4026582093794074e-03	   5.9825922347001410e-02	   2.7285458960078002e-02	   9.9975761049242329e-02	   8.9811893338400867e-02	  -1.9699653381849390e-02	   1.3338387180568290e-01	   8.6025420080479281e-02	   9.6157958287921619e-02	   3.3919498640689677e-01	   3.3719292335411577e-01	   1.7054951681001107e-01	   2.5669512520774325e-02	   1.1351599897595449e-01	   9.0075919863683754e-02	   4.4934822802830898e-01	   4.2522878824913501e-01	   1.4826192064273969e-01	   3.0497117464067369e-01	   4.4063380107346416e-02	  -2.2653019707365038e-02	  -1.7032697240194555e-01	  -2.0223794071197643e-01	   2.1533432854001261e-01	   2.0734636091978484e-01	  -4.3967629981221612e-02	   2.5717539729259309e-01	   2.5669885889082744e-01	   2.6606703070134141e-01	   7.8961764195427775e-02	   2.1993912367438739e-01	   8.3310950547670973e-02	   2.1865205684197309e-01	   1.6489584868188689e-01	   5.0221533130372139e-03	   1.6622633535512044e-01	   2.2692713140885129e-01	  -1.1808186253387112e-01	   2.5099446320231256e-01	  -8.2014970163498974e-03	   2.4354393814494080e-01	   1.3216665331032632e-01	  -1.7483600547048464e-02	   1.8556415490046196e-01	   1.9338502650277109e-01	   4.2599794443598749e-01	  -4.6522641121122352e-02	   2.4063379646696986e-01	  -9.2067917574687186e-02	   1.1731106888187537e-01	   5.2935168345332781e-02	   8.9368299878307328e-02	   2.4756864589025485e-01	   2.4322875514211770e-01	   2.6890238768284347e-01	   5.6518807115462333e-01	   2.1584342353205965e-01	   2.1650683302269372e-01	   2.0874525819929007e-01	   9.7087499745829864e-02	  -8.2286394070419197e-02	   3.0831329966670712e-01	   1.8590998618546822e-01	  -1.4167801983715644e-01	  -1.3988470142101247e-02	  -3.9983576429762087e-02	   8.4237124353712722e-02	   2.1108367893961302e-01	   1.1755119349436495e-02	   6.8833643196083719e-02	   2.1356325098688858e-01	
   1.7779863249484124e-01	   1.5333176257524353e-01	   4.9459501845451093e-01	   3.2513052209009990e-01	   4.0053822303180164e-01	   1.6039046932867801e-01	   5.9838814581955202e-01	   3.3987889282454242e-01	   6.7681856473237290e-01	   4.0817739711788459e-01	   3.4172624235058990e-01	   1.9778122327140804e-01	   0.0000000000000000e+00	   2.7979897167744339e-01	   7.6925752214440746e-01	   3.7745965668730364e-01	   1.6634447343157721e-01	   2.6600043976004301e-01	   2.0439750713908464e-01	   4.1704448640795547e-02	   1.7751741754612305e-01	   7.6990718440186873e-02	   6.0097298043309244e-01	   3.6594045047177504e-01	   3.5350272322821286e-01	   2.7337336146060920e-01	   2.6700301495387446e-01	   1.2929003623545024e-01	   2.5007532483075506e-01	   2.2006951369432695e-01	   3.6587200020510657e-01	   2.8798546524998891e-01	   2.5525421725265751e-01	   2.0989945899146564e-01	   2.7115032955704249e-01	   1.7376191598766716e-01	   2.1765206224808095e-01	   2.9809682841811647e-01	   2.7545544942813854e-01	   1.9241514999155179e-01	   2.5989710360455309e-01	   9.9682933743900581e-02	   3.5526526980836548e-01	   3.6507689297887380e-01	   3.9782347081580532e-01	   3.4487623505714138e-01	   3.6495616004001286e-01	   3.8473085951135283e-01	   3.1605601099223668e-01	   2.3897917788559339e-01	   3.0754240632448671e-01	   1.0389196926403520e-01	   5.1622467136431274e-02	   1.4458856055177455e-01	   2.9447507679052104e-01	   2.4821422886753219e-01	  -3.7404396337874048e-02	   1.6834837392350843e-01	  -4.5678981582245391e-02	  -1.9891899966783799e-01	   1.3329508913063649e-02	   1.1634117608345505e-01	  -1.0614558724605623e-01	  -1.0336827471934128e-01	   6.7729735189359142e-01	   3.6051926123100808e-01	   1.7184179504602812e-01	   1.3325402963089014e-01	  -1.4238162893277281e-01	  -1.0999007606589406e-01	   5.6505279435287181e-01	   3.7243153423797282e-01	   6.7326774457134406e-02	   1.4472699655540003e-01	   1.2014522608251266e-01	   2.6626458679552412e-01	   9.9523861589616486e-02	   1.5093827369414364e-01	   2.7944638826953316e-01	   3.8047697108356326e-01	   2.2206119700030391e-01	   3.8664411405011390e-01	   1.6037228952630339e-01	   3.3568998515648825e-02	   5.0838010834735270e-01	   4.5045222425521370e-01	   6.0993262214205070e-02	   1.0459325773560593e-01	   4.8987191751134279e-01	   3.4261113535613186e-01	   2.1008765125908557e-01	   4.4160128583806657e-01	   3.8144433659614518e-01	   4.8992040678316945e-01	  -8.2141139693579196e-02	  -1.1113078655578615e-01	   1.1046420355667169e-01	   7.0432565689361473e-02	   3.3488805383115666e-01	   1.2984897404315321e-01	   8.6572803640488097e-02	   2.4544500374967379e-01	   1.0044764446631056e-01	   8.1127514786403260e-02	   2.3600666337736648e-01	   2.0396630777944336e-01	  -1.1662633105415138e-03	   5.4647363586963406e-02	   2.9844507039759036e-02	  -1.3235909264490173e-01	   5.8024504072061445e-02	   1.7727067247598577e-01	   2.1922899895119996e-01	  -7.5322649705787705e-03	  -1.1651702091443703e-01	  -2.2856652105489728e-01	
