   0.0000000000000000e+00	   7.4515088688192566e-01	   1.0618636732048484e-01	   2.3539834766993720e-01	   4.4804723869489256e-02	   2.9404162950191953e-01	   1.9684167625390392e-01	   3.3204202311806885e-01	   4.3291618422272610e-02	   8.9487453905293682e-02	   6.9727738606151657e-01	   6.4009711580213180e-01	   3.7956995633276691e-01	   5.2327169016491237e-01	   3.0461512610183478e-01	   3.0110812813948246e-01	   5.3366627140639800e-01	   4.0562349985839324e-01	   5.4997605695758045e-01	   5.7122864566473386e-01	  -7.5969464872404385e-02	   6.1790714637522844e-03	   6.3619952004164232e-02	   1.6129765737891924e-01	  -1.6146036790157101e-01	  -4.4725819943212210e-02	  -4.6954253252976967e-02	  -5.3109995783194766e-02	   6.5751637628166204e-01	   5.1832009162634685e-01	   1.1957868374007737e-01	   2.0864698313589009e-01	   4.4564869538190149e-01	   4.1323894983683634e-01	   1.3320833165566755e-02	   7.3290881104756192e-02	   2.8668663194772109e-01	   3.5501228666832407e-01	   3.4626197254804802e-01	   4.8400328682859811e-01	   3.4854137618173348e-01	  -8.0366316855120606e-02	   3.3807610219873058e-01	   3.7248112236356312e-01	   3.1696711292128749e-01	   3.0358858661056609e-01	   4.1488317480536746e-01	   3.9492897876759320e-01	   3.3242518585239778e-01	   2.5679634607707902e-01	   2.1614881562073696e-01	   2.6306964078276790e-01	   3.9726950995097837e-01	   2.0895385867769514e-01	   4.8668163178247259e-01	   5.1382051998814071e-01	   8.0808274553411197e-01	   5.2713696737478255e-01	   4.7296990061436012e-01	   3.1582938034971775e-01	   3.3382485035891485e-01	   3.2890282743305393e-01	   4.0305041923427065e-01	   3.7062147344374330e-01	  -1.4033738097425663e-01	  -1.1718283728102367e-01	   2.8824931621138133e-01	   2.8818322731139800e-01	   3.7422489023368410e-01	   3.4198094223226738e-01	  -4.7859216589990511e-02	   1.9248345844881262e-01	   4.0996307360498496e-01	   4.1322595525995343e-01	   4.2618144685182180e-01	   4.1672284069971566e-01	   6.3392843936791787e-01	   4.3762014286066359e-01	   4.9223907176954873e-01	   4.7308351192871428e-01	   3.6157408705739857e-01	   3.3905653618563952e-01	   3.7392235732236201e-01	   4.4181774604864216e-01	   3.2466167130824708e-01	   3.7634448787739017e-01	   1.6774515763094180e-01	   2.9999085412877641e-01	   3.3305903966653944e-01	   4.5923641435419194e-01	   2.7360022113040861e-01	   5.9424917015797281e-02	   2.5857054789329892e-01	   1.8109692793083132e-01	   3.1859371800637293e-01	   4.6250012404500135e-01	   4.9856279366020306e-01	   5.6248400529960441e-01	   6.0709164971701035e-01	   5.0392380986242280e-01	   7.9599988308795544e-01	   5.1277959067947865e-01	   6.4234506913319778e-01	   6.4894205538806093e-01	   3.7869278826493591e-01	   4.0073726832634082e-01	   4.9869532476771949e-01	   3.9941098422659777e-01	   3.0833893344346075e-01	   1.8366309046947044e-01	   5.6492478575647909e-01	   7.3849085874839016e-01	   6.6439135159141238e-01	   4.5926230228949827e-01	   8.8953752888622964e-02	  -1.0353339291925093e-01	
   7.4515088688192566e-01	   0.0000000000000000e+00	   3.3644319426129032e-01	   6.1578000637269559e-01	   4.5609860588332104e-03	   2.6918125442277108e-01	   1.7336200722961992e-01	   5.4896471971480265e-01	   1.1868665331763907e-01	   2.4723416176222657e-01	   1.5140016066613143e-01	   7.0490978933748727e-01	  -9.9294286298231768e-03	   5.2878272494326373e-01	   5.5964963707441684e-01	   7.3273325617462171e-01	   9.8200049264946254e-01	   1.2046592879464069e+00	   4.4549574540061693e-01	   1.1434558455673514e+00	   3.8849404743368604e-01	   4.5637709962285988e-01	   3.4123577262495658e-01	   5.7348496913956104e-01	   3.7261348963315755e-01	   5.4796602182909737e-01	   4.5725255591210073e-01	   4.6882473182545514e-01	   1.1503740810061247e+00	   1.3637907941759482e+00	   6.6068217119912331e-01	   7.9698495632205846e-01	   1.0641062660554030e+00	   1.1406042549262578e+00	   3.8388033655948151e-01	   3.8665331391398972e-01	   5.4155276043615364e-01	   6.4734232682874104e-01	   6.1345839050564221e-01	   6.9096601769893906e-01	   7.6978779646112760e-01	  -1.8894813929806201e-02	   4.3538979539713379e-01	   5.1079638505646019e-01	   4.2590460291828469e-01	   3.9943758644774091e-01	   4.8663564448066721e-01	   6.0284592951465166e-01	   2.3421449446543771e-01	   1.4220778306797782e-01	   4.7886974800891526e-02	   4.3425714553429799e-02	   2.3016945985669035e-01	   1.5181674197539988e-01	   4.3538359154606721e-01	   4.7786920284033896e-01	   1.1711822254717985e+00	   1.1236238963116576e+00	   1.4925774898080904e-01	   1.0845242454274141e-01	   3.3986053862824654e-02	   1.7545613260517090e-01	   9.3024136910330191e-01	   8.7275782650660572e-01	   1.2367685178535030e-02	  -6.3406607823053379e-02	   3.8748670799385304e-01	   3.9930131044874811e-01	   6.0593721308459880e-01	   7.0855422049353989e-01	  -1.0420906840319553e-01	   3.3379253159295558e-01	   5.7589012553122387e-01	   8.3586222250003983e-01	   4.9593802214670613e-01	   7.1703337893013808e-01	   7.8650769272175136e-01	   8.5962973437924695e-01	   1.0675671740287287e+00	   9.3404552835326715e-01	   1.0767615617240229e+00	   1.0617677737964926e+00	   9.3087999458190407e-01	   1.1836143649279738e+00	   6.8260899600417724e-01	   7.3322463482253242e-01	   6.0462517700146279e-01	   7.6994898404438994e-01	   4.1349484452785229e-01	   5.5202756070053005e-01	   4.3568049084221955e-01	   1.0590088908826818e-01	   3.6197218525571512e-01	   9.9916406398007696e-02	   3.9206084279405878e-01	   5.2134646392947226e-01	   8.6696936372521904e-01	   7.5702227304590619e-01	   8.5506572538194225e-01	   5.2228008751208499e-01	   5.4627901944860113e-01	   2.5991797257131422e-01	   7.5826492545280433e-01	   6.2237119863375878e-01	   6.3221052980023085e-01	   6.2672706141038848e-01	   3.5406705959475909e-01	   2.4953705072618032e-01	   3.6143609776772406e-01	   4.2311899906814149e-01	   9.4944373916222036e-01	   9.7064742315506680e-01	   6.4201068793771454e-01	   9.6001203316690020e-01	   3.1093140002116160e-01	   1.7655353405688270e-01	
   1.0618636732048484e-01	   3.3644319426129032e-01	   0.0000000000000000e+00	   7.9303305162645399e-01	   6.4134299328005728e-01	   2.6067023698827452e-01	   1.4030017646297448e+00	   7.6279619773636065e-01	   6.0565951872054635e-01	   4.2709001907631428e-01	   2.1253682294083759e-01	   1.4147960746405849e-01	   4.2937194923577193e-01	   4.8362900020776606e-01	   1.0501460960602556e+00	   6.1436434530859030e-01	   8.0357016368335629e-02	   3.6933736794914596e-01	   2.5557654867926871e-01	   1.8732373134395366e-01	   6.4332480734796471e-01	   6.2366629681824981e-01	   1.0206424671808516e+00	   8.8009505373834784e-01	   9.2410149669434116e-01	   8.0367459971577282e-01	   8.0274138101855641e-01	   7.7251517891097587e-01	   3.6990033834837127e-01	   4.4105432784219289e-01	   9.5061018870495606e-01	   7.2167867391141749e-01	   6.7729440329454249e-01	   6.7670655517552070e-01	   1.0110099250706359e+00	   7.4228200145492984e-01	   4.1866534139472333e-01	   3.2115998550442426e-01	   6.6433670936133526e-01	   4.2573656703882157e-01	   5.6699266002659221e-01	   1.5251696578141974e-01	   4.5064777398334821e-01	   4.0694676789654505e-01	   2.6834325097806855e-01	   2.8384957208178985e-01	   2.9357074648628018e-01	   5.3421964699255953e-01	   2.4894172833115233e-01	   2.1761318107504979e-01	   2.5212205303951912e-01	   1.9920775876199920e-01	   1.4764600765389790e-01	   2.7774993048183078e-01	   2.9354284258991764e-01	   3.5577527096236106e-01	   7.7740661662169794e-02	   3.4792358053919625e-01	   2.1831008904455296e-01	   1.0919185142249060e-01	   2.0564385199307980e-01	   1.9185440198060866e-01	   3.0262657624181100e-01	   2.8871137679864839e-01	   1.0372045396987257e+00	   6.4265513236606275e-01	   7.5977576777625755e-01	   5.9092721037881213e-01	   2.4873331918193620e-01	   4.9816787019326386e-01	   2.9427230071832972e-01	   5.2279637922379196e-01	   7.5804931003593223e-01	   5.9911943784931088e-01	   8.6541012873663103e-01	   7.3983471408408186e-01	   5.7998704182357275e-01	   6.0947864788509931e-01	   3.6870722181886340e-01	   4.7536583450906961e-01	   2.9183060917869297e-01	   6.5247050410555363e-01	   8.0575646687305191e-01	   4.6952578758539121e-01	   9.2225342899124130e-01	   7.9102336996284683e-01	   8.6790151014349115e-01	   7.3026657192450273e-01	   6.7599434824893834e-01	   6.2311559074565959e-01	   4.8688937760216200e-01	   8.6297219344290454e-01	   7.0050300863986059e-01	   7.4366505703599783e-01	   2.4740338613623919e-01	   3.4526940608745171e-01	   6.0060672446455099e-01	   4.8531757361465838e-01	   3.3932498604105593e-01	   6.1458451276788073e-01	   2.0709606009682269e-01	   4.7356338954175892e-01	   2.9479431511498455e-01	   4.5194752106286729e-01	   5.6147201448246797e-01	   7.3115856412293223e-01	   1.7983001201338794e-01	   4.0548118897411756e-01	   1.8976715379738215e-01	   6.5311031847241696e-01	   5.9150332477233314e-01	   4.3501351443583663e-01	   3.2918149534369195e-01	   5.5390696049705834e-01	   3.9729345702494423e-01	   3.4531604890210571e-01	
   2.3539834766993720e-01	   6.1578000637269559e-01	   7.9303305162645399e-01	   0.0000000000000000e+00	   2.9749268431936626e-01	   5.0446912941670963e-01	   6.6479236285529386e-01	   1.5375856500062848e+00	   3.4712868873429437e-01	   6.9347145633085405e-01	   2.9958526443908773e-01	   6.9867464010644342e-01	   3.4890808017836478e-01	   8.0587361328686513e-01	   8.2168416500722885e-01	   9.7015395552483918e-01	   4.3913747633458527e-01	   5.8792605931197661e-01	   1.3253964342384673e-02	   3.4925061960610559e-01	   6.0185043464816912e-01	   7.7736870499349442e-01	   4.9228401285457091e-01	   1.0022486159016422e+00	   7.7439940151594944e-01	   8.9524054309388335e-01	   8.2159785768370885e-01	   8.5203801213971764e-01	   5.4220800191434060e-01	   7.1453798916618005e-01	   7.8057888990861590e-01	   8.9092794439818890e-01	   7.4032368822157379e-01	   1.0137007991444402e+00	   7.5979116859785467e-01	   6.6661826015424697e-01	   5.0543825542759468e-01	   5.5791207342277382e-01	   6.6782571211675990e-01	   6.0718601426050767e-01	   6.9427854638448072e-01	   1.2633056793576172e-01	   3.6440027577494777e-01	   4.1855414199253893e-01	   2.5736158039188262e-01	   2.5650608772635847e-01	   3.2506664950190450e-01	   5.4669511759466971e-01	   1.2824616171919842e-01	   8.6060797534901506e-02	   6.3305123788101880e-02	   5.4561512357509195e-02	   5.1102645834097078e-02	   6.8274480930179085e-02	   2.8552384513520046e-01	   3.0631344115905079e-01	   4.2049355512436265e-01	   7.1550905434939793e-01	   1.4193012772262953e-01	   2.0236191985875998e-01	   3.4972223395208440e-01	   5.8209898341536959e-01	   6.9710833944593986e-01	   7.3665139191593909e-01	   5.9889575646529802e-01	   6.7558391606012758e-01	   6.5482692825124844e-01	   6.1673177326071071e-01	   2.6548450615712837e-01	   6.1986102823297728e-01	   1.1620001315366450e-01	   5.8183146969157629e-01	   6.3775786613573748e-01	   7.4007942733487153e-01	   5.8172962811697804e-01	   7.0242393160230743e-01	   7.0440431457239960e-01	   8.6236244996258327e-01	   5.3739524991613674e-01	   6.0194195200556488e-01	   5.9301573240798500e-01	   8.4998032195406736e-01	   7.6728723185955960e-01	   7.5583589133968321e-01	   7.3162850114557110e-01	   9.4899247579457136e-01	   6.3171063797207239e-01	   7.9329609910912002e-01	   5.9014711547863918e-01	   7.0551144215845318e-01	   5.1064874310473130e-01	   4.2244235789088169e-01	   7.9041595500736528e-01	   3.9614261977997361e-01	   5.0869631170895568e-01	   5.4779194407442655e-01	   7.2847473270572727e-01	   4.8598459681993855e-01	   5.0532244728715026e-01	   4.4928307279223129e-01	   4.5572393914328940e-01	   4.3229817422416816e-01	   4.4643585419696480e-01	   4.8593479146017249e-01	   6.6386064533756828e-01	   7.2879117441325325e-01	   2.7935889398631403e-01	   2.9915683149122502e-01	   4.3219114091182703e-01	   6.5780043216687911e-01	   7.8190915778232128e-01	   5.2419869025007837e-01	   3.6677226504989680e-01	   5.7866688699689717e-01	   2.8560072120267027e-01	   3.3057502430488600e-01	
   4.4804723869489256e-02	   4.5609860588332104e-03	   6.4134299328005728e-01	   2.9749268431936626e-01	   0.0000000000000000e+00	   6.2958796995522148e-01	   6.3487788802759937e-01	   4.1143910063549904e-01	   1.2051933928188228e+00	   3.3580207220511094e-01	   2.9878005115018563e-01	   2.7859973161344559e-02	   4.4254528285610351e-01	   2.2686518240683934e-01	   2.4865542425012427e-01	   9.5101986856543516e-02	  -1.5884303104615302e-01	   2.2164698704736224e-03	   3.2854775167363903e-02	  -9.7495125647382636e-02	   1.3303635879835346e-01	   1.4160969667323087e-01	   2.8160358504181504e-01	   2.0191657218243481e-01	   3.7271459375069405e-01	   2.9308713563883682e-01	   1.7337568629029779e-01	   1.5596030767326283e-01	  -4.6430838357295841e-02	  -4.4058805187437667e-03	   1.1934720051793972e-01	   5.2303599767586757e-02	   1.7472115990391085e-01	   1.6045074365276110e-01	   4.4200459566690892e-01	   3.6915737983227148e-01	   3.7650539117873638e-01	   2.0068945071637576e-01	   4.9029658239433593e-01	   2.8416764439216396e-01	   3.3299460635329969e-01	   9.3018454643368081e-02	   4.0108971106952118e-01	   3.8612302282028521e-01	   2.6471176319832646e-01	   3.1517499080592781e-01	   3.1929789499189232e-01	   3.9578289215006612e-01	   5.0175739715370515e-01	   5.1754873873094365e-01	   6.2789354223313976e-01	   5.3887172876097555e-01	   4.3230046857354404e-01	   4.5264692827074227e-01	   5.1858858420024667e-01	   4.2390182932104942e-01	  -1.8543320649002187e-01	   1.9843515289101152e-02	   6.3027429405291546e-01	   5.1702536273201571e-01	   3.7354270657872835e-01	   2.8705319779398669e-01	  -6.4864979663451935e-02	  -4.4791378966800667e-02	   6.5048983398237314e-01	   5.4515498514370753e-01	   6.3512070916167174e-01	   5.2637159372106546e-01	   2.1651353109282134e-02	   2.0205852745864897e-01	   1.9636446269030611e-01	   2.2131562792946749e-01	   5.8231355398218809e-01	   3.7290775769883217e-01	   6.3202971793058893e-01	   4.2942903266849758e-01	   2.9024118282832412e-01	   2.9371375022740454e-01	   1.0362635801443290e-01	   1.7201674836607431e-01	  -6.3257316366484267e-02	   1.9553689060150525e-01	   1.7907852255191248e-01	  -3.2596820660300098e-02	   3.9447457315963785e-01	   2.9305441081670136e-01	   1.4715980718643309e-01	   1.1231946264560799e-01	   8.1904255441408291e-01	   5.0784027806408738e-01	   3.4904412629415904e-01	   6.2999637484782589e-01	   4.5326197811823510e-01	   8.5685056703175988e-01	  -9.0939766110500669e-02	   8.0799826271779965e-02	   3.1617390808298124e-01	   2.4913135661863084e-01	   1.9749530066848855e-01	   5.0343752581414825e-01	   3.4092828210714382e-01	   6.7093974782332544e-01	   3.5482540192371259e-01	   3.7534042625464747e-01	   3.4819912083332061e-01	   3.8582582275430088e-01	   1.3290737707501621e-01	   5.3121009466382829e-01	  -1.1524674269448273e-01	   3.7014962680569030e-01	   1.7921537834637286e-01	   3.3063208253813803e-01	   4.2367211974840346e-01	   2.6791829694810149e-01	   2.4109951363780677e-01	   2.2149952304741438e-01	
   2.9404162950191953e-01	   2.6918125442277108e-01	   2.6067023698827452e-01	   5.0446912941670963e-01	   6.2958796995522148e-01	   0.0000000000000000e+00	   3.4783365363447921e-01	   5.4792815131202732e-01	   5.4822695445997427e-01	   8.8042922220915387e-01	   4.7211491230055508e-01	   3.4116619960940808e-01	   5.2822637779078563e-01	   3.5016188183878888e-01	   2.4025680290841769e-01	   2.1100965862962764e-01	   1.4659188288008812e-01	   1.3048946311475978e-01	  -7.5352226020240748e-02	  -7.3245050865370313e-03	   3.4674512108454805e-02	   8.2027973601282292e-02	  -1.5170498150393999e-02	   1.6076890307144207e-01	   1.4875262893380542e-01	   2.8762682299538178e-01	   9.5455442545704844e-02	   9.7078219436677285e-02	   1.0027392604343335e-01	   1.1040322879958886e-01	   2.0037511290063745e-02	   1.3667830354115817e-02	   1.6370182089917598e-01	   2.3777668570976296e-01	   2.4509882439673392e-01	   2.7384571616276837e-01	   2.1117267202232681e-01	   2.5486351471201052e-01	   3.1588189583437920e-01	   3.2981566642494275e-01	   2.1160663394626122e-01	  -4.8227903854784523e-02	   2.9118393514752794e-01	   3.0769155594126052e-01	   1.3352900327226769e-01	   1.7752190939988341e-01	   3.7538645338544846e-01	   3.1598588151959339e-01	   3.8658133072655293e-01	   3.7797749113127210e-01	   5.7015201510423719e-01	   5.0252822450365375e-01	   5.9105462985267931e-01	   4.8878457287201366e-01	   5.0068132095540141e-01	   3.7862479610188232e-01	   1.7153406629504483e-01	   3.1895149561984804e-01	   6.9166127244551145e-01	   7.0499947902395965e-01	   6.8109942604867013e-01	   6.4297797084818220e-01	   1.5615407354109584e-01	   1.2139996846108134e-01	   3.9809522260038771e-01	   5.4214678806440642e-01	   4.3924334051609426e-01	   3.7276207597389505e-01	   7.9405825097398991e-02	   2.3401168554181284e-01	  -7.5961851932098284e-02	   4.0817562010682526e-02	   3.0433864132141752e-01	   2.3295927600258540e-01	   3.3449575329684966e-01	   2.4980349653147832e-01	   3.9372316738185542e-01	   3.9056064698786369e-01	   2.3587283322391309e-01	   2.9285010911602671e-01	   1.4177171328670971e-01	   2.1378018629134329e-01	   1.6639769402640323e-01	   7.2192055726952420e-02	   2.5650219741388669e-01	   2.0687840647240591e-01	   5.9113644454688294e-02	   8.7732814723088970e-02	   6.1504670673633799e-01	   6.9524682574936214e-01	   4.4806551982150783e-01	   3.0683714002423035e-01	   5.2151402894578769e-01	   5.9865172157232105e-01	  -5.0228645037399697e-02	   5.6408764762922288e-02	   2.7518670568808085e-01	   1.2953559573401682e-01	   3.3423882445586112e-01	   3.7796625461169259e-01	   5.7405338618818180e-01	   7.5751609212379767e-01	   4.7317912147028884e-01	   5.0043617987412226e-01	   3.6279358397292732e-01	   3.0653884422627431e-01	   2.4047641602615782e-01	   3.8557094364256522e-01	  -4.9932029925907888e-02	   2.5527539096181701e-01	   1.6823907050858361e-01	   4.0785191559157818e-01	   4.3757504532161218e-01	   3.4171965305753149e-01	   1.7462870044515794e-01	   1.1192918747687441e-01	
   1.9684167625390392e-01	   1.7336200722961992e-01	   1.4030017646297448e+00	   6.6479236285529386e-01	   6.3487788802759937e-01	   3.4783365363447921e-01	   0.0000000000000000e+00	   7.9673885852333759e-01	   5.7492936039923381e-01	   5.3691477687497680e-01	   4.8419372908466662e-01	   1.4457222372415710e-01	   8.5985999997516926e-01	   5.1378136939779218e-01	   1.0093584448013637e+00	   4.8494479159455944e-01	  -7.2620179576950022e-02	   9.9288299382405285e-02	   2.3325797077582916e-01	  -8.6570263223215028e-03	   3.4659575693746242e-01	   3.2430981584637836e-01	   6.6048872441818229e-01	   5.3571261060467457e-01	   4.7519097362048568e-01	   3.8589540399715255e-01	   4.0710972295601783e-01	   4.0434249119745169e-01	   2.5678778692285253e-01	   2.1912345532127417e-01	   5.7866845101882292e-01	   4.0987527150098291e-01	   3.6560229612416068e-01	   4.0417058377751325e-01	   5.8746115445200953e-01	   4.2129916209633128e-01	   2.4576334996614774e-01	   1.5851262242509018e-01	   4.7884137374007990e-01	   3.1573664946518237e-01	   2.9513783862066212e-01	   1.7474856821668258e-01	   3.6237147171471329e-01	   3.6922752696549838e-01	   2.1395499342681334e-01	   2.5684916131630092e-01	   2.6016390903423892e-01	   4.0392610844589411e-01	   2.4972590334165723e-01	   2.5824477856930872e-01	   2.6273679739692524e-01	   2.6328658012995337e-01	   1.7973708774984828e-01	   2.2989326563510470e-01	   2.8262608898851915e-01	   3.2835143801002564e-01	  -7.0335715370992757e-02	   1.5957901948661957e-01	   3.6031394410318829e-01	   2.1389975187068930e-01	   4.2229809578865807e-01	   3.8926662232765913e-01	   8.9415155947287994e-02	   8.9987515703999446e-02	   9.5443149757833701e-01	   6.6701752566572658e-01	   6.0474582526960874e-01	   4.4385817615684631e-01	   3.6808393589497494e-02	   2.4730802547123013e-01	   2.6333130480018035e-01	   3.2348548678647959e-01	   6.1231782344247443e-01	   3.8641030382322317e-01	   7.8328319163502957e-01	   5.7576738752389311e-01	   5.2673465754515580e-01	   4.1173333251462291e-01	   1.1039315882123490e-01	   2.7418171400854274e-01	   4.6341669658144111e-02	   3.2556719219368419e-01	   5.7638341105332802e-01	   2.4868773085179591e-01	   5.9570600552571629e-01	   5.0659330995021012e-01	   5.9288324491713607e-01	   4.2136291530531905e-01	   5.7916378314745098e-01	   5.5918531320656040e-01	   4.4484838443741925e-01	   7.5599323451633793e-01	   7.3658681947592552e-01	   8.2113089802517703e-01	   2.0116329502996216e-01	   2.2465684430641769e-01	   4.7513663474789997e-01	   3.3994734419326733e-01	   2.6995723281040340e-01	   5.6382524994314231e-01	   3.1293307637549966e-01	   6.0384056183307588e-01	   1.8694261766044085e-01	   3.9197853994293924e-01	   4.4417822431250426e-01	   5.1267283460608326e-01	   1.5180262429756775e-01	   3.7925297936865238e-01	   1.0193714195932305e-01	   5.3004404336408706e-01	   3.8617079932080361e-01	   3.5867040408444784e-01	   3.7426176628481617e-01	   4.2786382910851900e-01	   3.4869303303012655e-01	   2.9015381045565192e-01	
   3.3204202311806885e-01	   5.4896471971480265e-01	   7.6279619773636065e-01	   1.5375856500062848e+00	   4.1143910063549904e-01	   5.4792815131202732e-01	   7.9673885852333759e-01	   0.0000000000000000e+00	   4.8793589255247460e-01	   7.2563897875293992e-01	   5.2288817460185755e-01	   8.4276535181567713e-01	   5.7609145570190434e-01	   1.1383512875415991e+00	   8.4626823770827064e-01	   1.0611358399690296e+00	   3.3920859353333022e-01	   4.2630693639067463e-01	   8.6611875635597396e-03	   2.8997528393055327e-01	   5.1181425779320922e-01	   5.7702795386171601e-01	   3.7808922517727706e-01	   8.0753314498000339e-01	   5.4938283609768879e-01	   6.7363208355378446e-01	   5.8248840069743657e-01	   6.4888550869640216e-01	   5.1538177622123671e-01	   6.6033878058614681e-01	   6.4925623834013046e-01	   8.0192781287511938e-01	   6.2708595771396547e-01	   8.9701158881226173e-01	   6.5762924402193024e-01	   5.7179925133819332e-01	   4.5983044928150030e-01	   4.4967616554966972e-01	   6.8723668584064257e-01	   5.9332605469728539e-01	   6.5464075295878121e-01	   6.8490380433367651e-02	   4.6568639372615106e-01	   6.2304643101307833e-01	   3.8047711057262307e-01	   3.9487220611960133e-01	   4.5830501928365730e-01	   6.4107775872269979e-01	   2.5447045247296901e-01	   2.2096486446874386e-01	   1.7912270146173975e-01	   1.8595376574840952e-01	   1.6304696740745164e-01	   9.9563061522316365e-02	   4.2808201459748518e-01	   4.4042910413633984e-01	   3.1681478958480203e-01	   5.0194535358876902e-01	   3.3056881860421328e-01	   3.0200585976394800e-01	   5.0386006924651050e-01	   8.6054414725581352e-01	   5.8601016648343918e-01	   6.2167877016704653e-01	   6.1346485473790491e-01	   7.3019147573132026e-01	   7.1211537843655459e-01	   6.7622248152625375e-01	   1.0239933036397476e-01	   4.3602447713682424e-01	   1.1354406015384998e-01	   4.7563871404857183e-01	   6.8597604100668930e-01	   7.4152214659900140e-01	   7.2382203792217403e-01	   7.6434474876777359e-01	   8.9248621120809168e-01	   9.2930188071671349e-01	   4.1108757309675759e-01	   4.8529138919250797e-01	   4.3614931833088050e-01	   7.0925556458458083e-01	   7.6761606477849753e-01	   6.7840607799886721e-01	   7.2615387586785274e-01	   8.6441592308877258e-01	   5.4603928175971916e-01	   6.7341349465980527e-01	   6.3080493402532423e-01	   6.4521823527029887e-01	   5.4261566217205925e-01	   4.1602883743616992e-01	   9.0045608950559497e-01	   4.6891238240543870e-01	   3.9923392569691579e-01	   5.0185294315791662e-01	   7.4753800966008277e-01	   5.5174029475234754e-01	   5.8954291773603051e-01	   5.9795379927321313e-01	   6.2704459052050310e-01	   5.2281452939574491e-01	   4.9593186069883655e-01	   4.9504113750604462e-01	   7.4439118502868862e-01	   7.9183631143560018e-01	   3.3974448957985776e-01	   3.8521328881255168e-01	   3.0946634761830871e-01	   6.4736947629957442e-01	   7.4049083099892243e-01	   6.4124797107193909e-01	   5.3724795562984262e-01	   6.5143500107583796e-01	   4.1366543563891423e-01	   3.8735992651348444e-01	
   4.3291618422272610e-02	   1.1868665331763907e-01	   6.0565951872054635e-01	   3.4712868873429437e-01	   1.2051933928188228e+00	   5.4822695445997427e-01	   5.7492936039923381e-01	   4.8793589255247460e-01	   0.0000000000000000e+00	   5.0652348641300138e-01	   4.1638899289214382e-01	   1.9129764270323074e-01	   5.0243843552283574e-01	   4.3961485332190797e-01	   4.1697661093606453e-01	   3.6409513346824091e-01	  -1.0795276498956972e-01	   7.7646788938019851e-02	  -6.6491170986194920e-02	  -5.4712870964148098e-02	   1.4284380916007181e-01	   1.3633459498172759e-01	   2.8846904917538552e-01	   3.0724713095935596e-01	   3.0158316755677317e-01	   3.3306357508218198e-01	   1.5684786238915990e-01	   1.7236652833498961e-01	   2.9434420527735265e-02	   1.2031844045592251e-01	   1.7871482896774837e-01	   1.3926699940604773e-01	   2.2752213352181588e-01	   2.4704420446125330e-01	   4.1465270878863975e-01	   3.4642966148258214e-01	   4.0564864291882918e-01	   2.2943857300223025e-01	   5.4207961818823602e-01	   3.1822970486478275e-01	   3.7123201628861446e-01	   3.2693236620790864e-02	   4.5781377924058508e-01	   4.7135719588419955e-01	   3.1983178142643415e-01	   3.7231022050867824e-01	   4.0044681829378675e-01	   4.5409501693205989e-01	   5.4050081005492367e-01	   5.6960208321227401e-01	   6.0214468782584074e-01	   5.9961622085759381e-01	   4.5213917311815299e-01	   4.5018778046504898e-01	   6.0264108746204659e-01	   5.0699861073911900e-01	  -1.6558527526975028e-01	   1.4312533480961073e-01	   6.4272946304300216e-01	   5.6760202824994133e-01	   4.8754214297362192e-01	   4.7642437772358981e-01	   1.0116064151748658e-01	   1.2299491059075993e-01	   6.9067625653608533e-01	   5.7874927163261181e-01	   6.0584937402250971e-01	   5.1801398565976720e-01	   5.9234155700154511e-03	   2.4160665746744037e-01	   1.0692909065727466e-01	   2.3061120404716431e-01	   4.8734296225041956e-01	   3.5499250761200024e-01	   6.5618990665755528e-01	   4.5023582972974863e-01	   3.6152467535176569e-01	   3.8427745293482501e-01	   1.3107889599047828e-01	   2.4327943644008915e-01	  -6.6123732191525576e-03	   3.1875776075254159e-01	   3.3892777997953277e-01	   1.6168819937670692e-01	   5.4757135532150192e-01	   4.0926472954570603e-01	   3.0730977024466749e-01	   2.2930758333750906e-01	   1.1150842339055405e+00	   6.3761257624186640e-01	   4.7807159312128655e-01	   5.9536169747035661e-01	   6.8225903158474610e-01	   7.1316571801870732e-01	  -1.1976068898288670e-02	   1.4229416279811416e-01	   4.0545802950073612e-01	   3.6966834406558213e-01	   3.8716446973987723e-01	   6.4660923766849898e-01	   4.2980779113558154e-01	   5.4085349156382578e-01	   4.5077659956798638e-01	   3.5672698388716306e-01	   5.7931503823064001e-01	   5.6366175558203857e-01	   2.0368425162640916e-01	   5.4357257348189592e-01	  -3.1247927454523639e-02	   3.8835268996579397e-01	   2.8357391099215490e-01	   4.6187233803069216e-01	   5.6491249306413494e-01	   4.1965756331911752e-01	   3.6207846016430567e-01	   2.5603732571296978e-01	
   8.9487453905293682e-02	   2.4723416176222657e-01	   4.2709001907631428e-01	   6.9347145633085405e-01	   3.3580207220511094e-01	   8.8042922220915387e-01	   5.3691477687497680e-01	   7.2563897875293992e-01	   5.0652348641300138e-01	   0.0000000000000000e+00	   3.8328324497282462e-01	   3.5452340126879439e-01	   5.9886817885618238e-01	   4.5534868262185424e-01	   5.8723897380329670e-01	   5.7651535131354559e-01	   1.7480410438566485e-01	   1.6500405300917015e-01	  -1.3675827187459216e-01	  -2.5230738446605241e-02	   2.3410975924292143e-01	   1.4363145950140105e-01	   1.8722562708257837e-01	   3.8831682451324462e-01	   3.3052754058414635e-01	   4.2773625364923396e-01	   2.6134566167516843e-01	   2.6308534750809387e-01	   1.9318339427216116e-01	   2.0903344385478284e-01	   2.3442953302521882e-01	   2.0720913896114301e-01	   1.8280807057599444e-01	   3.2542181521271679e-01	   3.1666485448492210e-01	   2.9137350386248073e-01	   2.1763481080710304e-01	   2.1268207941673839e-01	   3.2187620063728245e-01	   2.5573805238906061e-01	   2.1440003994942072e-01	   1.3464214664453905e-01	   4.2302034359592772e-01	   3.9709814042995195e-01	   1.8854668873223032e-01	   2.4836073054770719e-01	   4.2499629209114087e-01	   4.6646192141532866e-01	   3.2521706354343555e-01	   3.1657269273986921e-01	   3.9524637269817109e-01	   3.6962401537063144e-01	   4.1610770551527304e-01	   4.7952259542574405e-01	   3.9821705425320819e-01	   3.6709169231288885e-01	   3.9874304249871491e-02	   2.8863462088060388e-01	   3.4572960663414265e-01	   3.9303500779515038e-01	   5.5281760423556237e-01	   6.7832660686646895e-01	   2.2624858036773721e-01	   1.9265425270304046e-01	   5.6599334651598654e-01	   6.9057092618078508e-01	   3.4446152516933887e-01	   3.2931643328571758e-01	   3.6365121013490549e-02	   2.9211885560844825e-01	   8.3177323572081723e-03	   5.5148210577452166e-02	   2.2521090105287314e-01	   1.8001197943609015e-01	   2.8569751988531039e-01	   2.0843088334928578e-01	   3.6708677750107721e-01	   3.9666543540941035e-01	   1.3913672483410028e-01	   2.2117819821088663e-01	   2.0328659861123827e-01	   2.9157093715657295e-01	   3.9029527915856616e-01	   2.3892986647912390e-01	   3.0690412850579518e-01	   2.8490041021441298e-01	   2.8621946984547963e-01	   1.9557010449226991e-01	   5.0922779635228455e-01	   6.5128211335762398e-01	   7.4314419026076017e-01	   4.6541085506092628e-01	   8.3814987342898783e-01	   6.0031334368894451e-01	   1.2595609955729303e-01	   1.6901522065280908e-01	   4.4939787771421302e-01	   3.0769128277197877e-01	   4.3295853323234162e-01	   4.5269635762649207e-01	   4.7340049926406153e-01	   5.9347166279217434e-01	   3.3141133781106463e-01	   4.6844147056177510e-01	   4.9172612264383764e-01	   3.5583687242624890e-01	   2.8207308905875211e-01	   3.4177814586675292e-01	   1.0221094904324334e-03	   4.3765285779055885e-01	   2.9345959221345536e-01	   3.9366044298373654e-01	   4.1909402780422267e-01	   4.0326474739627410e-01	   3.4671720364188924e-01	   2.7203544314698308e-01	
   6.9727738606151657e-01	   1.5140016066613143e-01	   2.1253682294083759e-01	   2.9958526443908773e-01	   2.9878005115018563e-01	   4.7211491230055508e-01	   4.8419372908466662e-01	   5.2288817460185755e-01	   4.1638899289214382e-01	   3.8328324497282462e-01	   0.0000000000000000e+00	   7.1395284181044671e-01	   1.2248791950165119e+00	   7.0782760403978617e-01	   3.5788214813344005e-01	   3.7944699511236835e-01	   7.7420573874232443e-02	   1.5599026868467385e-02	   9.4197779192391941e-03	  -9.0413431276593778e-02	  -1.8552879692680552e-01	  -9.6368591005150717e-02	  -1.0094400007557990e-01	   5.6768111248847723e-02	  -2.8395743409421920e-01	  -1.5186574442228065e-01	  -1.9882474499290537e-01	  -1.5123920032473134e-01	   1.6892169361364176e-01	   1.3113110848891321e-01	  -1.0270938217569077e-01	  -4.1893290755407250e-02	   7.8273234258403698e-02	   1.2679112720207511e-01	  -2.5645913368814331e-03	   1.8539072863499151e-02	   1.1001589642500362e-01	   1.0919658923471190e-01	   2.6998284083315205e-01	   2.4093624434269667e-01	   1.4307941467343688e-01	  -1.7211644754768921e-01	   2.5648947662303145e-01	   3.7890537353594134e-01	   1.8159237347976567e-01	   2.1875918932716509e-01	   3.2377161397166793e-01	   2.2122535642708219e-01	   3.0939626406806636e-01	   3.5028693092397828e-01	   3.9811008095262324e-01	   4.8726872706595359e-01	   3.4525384654142172e-01	   1.8740789459896734e-01	   4.2713609338160630e-01	   3.4815630663708008e-01	   8.0718948664281129e-02	   2.2511381702360989e-01	   7.8520440477570186e-01	   6.6962485779033432e-01	   1.1911311727079881e+00	   9.4323075615574004e-01	   2.2449547312619417e-01	   2.3922150998591807e-01	   2.5083237429080163e-01	   3.2627712893644412e-01	   3.9203873426960645e-01	   3.2952247581003646e-01	  -1.6172796718639509e-01	   2.8811247972957651e-03	  -8.3393868868672186e-02	   7.4276999234802382e-02	   3.4254846030795155e-01	   2.2945391101684515e-01	   5.7081573575719613e-01	   3.3738637684117240e-01	   4.7147275173482861e-01	   2.6410298907373625e-01	   4.7250979518173516e-02	   2.3568047554241747e-01	  -4.6720714443770836e-02	   1.0827742728254357e-01	   1.3512277686767640e-01	   1.3995713539839058e-01	   2.5690078409768280e-01	   2.3328682661571784e-01	   1.7011741189403056e-02	   4.8083521801950579e-02	   5.5821425623084930e-01	   4.5390154787214099e-01	   2.5351846248073673e-01	   2.0993798970490268e-01	   5.5098105728592639e-01	   3.6164153274563199e-01	   5.5855892091130226e-02	   1.4040669005005574e-01	   2.0441568752114442e-01	   1.7528530573499301e-01	   3.1597696681625920e-01	   4.4334076491930979e-01	   8.2980424331456060e-01	   5.3141054609487148e-01	   4.0375301606851199e-01	   3.7898997747820140e-01	   3.1876688967373501e-01	   3.4744796233317782e-01	   4.1155815474092544e-01	   4.6024164305713672e-01	   1.0504850418362674e-01	   8.2935372705721822e-02	   2.2465266906269038e-01	   4.0044922370390479e-01	   4.6732344445484797e-01	   2.7634386283638068e-01	   5.0128063739920216e-02	  -6.1414258140539885e-02	
   6.4009711580213180e-01	   7.0490978933748727e-01	   1.4147960746405849e-01	   6.9867464010644342e-01	   2.7859973161344559e-02	   3.4116619960940808e-01	   1.4457222372415710e-01	   8.4276535181567713e-01	   1.9129764270323074e-01	   3.5452340126879439e-01	   7.1395284181044671e-01	   0.0000000000000000e+00	   3.6337166505530527e-01	   9.9630953243212883e-01	   3.7083738246948950e-01	   8.7206963647945890e-01	   7.0150408009316167e-01	   5.9271756998128899e-01	  -1.1296345261955875e-02	   4.4082187128174188e-01	   2.0571747869371326e-01	   2.9480137313500721e-01	  -6.6249541832234415e-02	   3.6093932736741413e-01	   6.1934785621312799e-02	   2.6135615365192744e-01	   1.7606883602772769e-01	   2.6142187080799800e-01	   6.5194043341842001e-01	   8.2671118982588954e-01	   2.5757036605447842e-01	   4.9518784764047075e-01	   5.1384402780347616e-01	   7.2959423645235921e-01	   1.7803477730563039e-01	   2.1648583389517798e-01	   3.6910569955585604e-01	   4.0652565930683682e-01	   4.6894210908082357e-01	   4.1347443147617063e-01	   5.8825271808285673e-01	  -1.1799558105183426e-01	   2.6674883777279534e-01	   4.9471285920392394e-01	   2.2949718337655045e-01	   2.2659327855149664e-01	   3.9661361691424990e-01	   4.1843020408088716e-01	   1.1476303223390930e-01	   8.2902651642277295e-02	   7.2080393088313474e-02	   1.1565008327800302e-01	   1.5366480279887790e-01	  -1.2329895555344517e-02	   3.5569391997151395e-01	   2.9053069072724075e-01	   6.3773551042586285e-01	   7.7805028982504743e-01	   3.3307130858936601e-01	   3.5195136275793826e-01	   6.0583490202210077e-01	   8.6389499817690041e-01	   9.8079804928449266e-01	   1.0378050607199014e+00	   1.8165725772660055e-02	   1.5873889413979647e-01	   3.6041580229715403e-01	   3.8116778341235757e-01	   9.9191579387597303e-02	   3.1192620995672005e-01	  -1.8906295819628449e-01	   2.6593249713547062e-01	   4.5237015465825053e-01	   6.5127218386502572e-01	   4.7658494654524214e-01	   5.5763237012743816e-01	   7.3794383035292299e-01	   7.3275981041880189e-01	   4.7086118317013903e-01	   4.9971952306839185e-01	   5.6586082616822364e-01	   6.1047060678894105e-01	   4.9196192875349531e-01	   7.4685959330431806e-01	   3.8553359939690596e-01	   5.3571494853574886e-01	   2.0601696208420725e-01	   3.8338450804493812e-01	   4.1520438761150746e-01	   3.5608072017068898e-01	   3.0099442829661827e-01	  -4.3563573882015559e-02	   4.6023416131043582e-01	  -2.4824388055530066e-02	   3.0461491993963585e-01	   4.1376568667525054e-01	   4.8634183296780881e-01	   4.0133622896441351e-01	   5.7576742420362093e-01	   3.7860541699735423e-01	   7.5896803058200812e-01	   2.1803005463826383e-01	   6.1779290795163821e-01	   3.8342953715484879e-01	   4.6510254727486966e-01	   4.6730579803677164e-01	   3.7355404581643314e-01	   3.2499268188704683e-01	   3.3475801899307467e-01	   3.3016526734762741e-01	   6.2185760879058027e-01	   6.2518234429909669e-01	   4.5652009417124295e-01	   5.6416770680663708e-01	   2.1002217090338918e-01	   1.5038098768038344e-01	
   3.7956995633276691e-01	  -9.9294286298231768e-03	   4.2937194923577193e-01	   3.4890808017836478e-01	   4.4254528285610351e-01	   5.2822637779078563e-01	   8.5985999997516926e-01	   5.7609145570190434e-01	   5.0243843552283574e-01	   5.9886817885618238e-01	   1.2248791950165119e+00	   3.6337166505530527e-01	   0.0000000000000000e+00	   5.9721501375357267e-01	   5.9414905138883289e-01	   3.5368864779843262e-01	  -8.0170154825120604e-02	  -1.1436858332356842e-01	   1.8510460927747351e-02	  -2.4327768918162382e-01	   3.7238985330671046e-03	   6.0640379604306226e-03	   9.9599763341792963e-02	   1.3378296093071529e-01	  -6.0269468645182234e-02	  -3.5184776598632471e-02	  -3.3503966496776984e-02	  -1.3575909809412546e-02	   7.9313354665696209e-02	  -1.8093035718804298e-02	   1.6310850502094562e-02	  -1.8327241152759775e-02	  -4.5775218361409310e-03	   6.0655123194143110e-02	   1.1010805990835471e-01	   7.5032182607968095e-02	   1.2209293373242248e-01	   7.8765334246232027e-02	   3.0890569124127226e-01	   2.2385299588138607e-01	   8.7780606742874398e-02	   3.7388570997638065e-02	   2.4841784961972482e-01	   3.2376810028592995e-01	   1.0735188370884666e-01	   1.4571801111771462e-01	   3.1278698238292596e-01	   2.3936031670060365e-01	   2.5827506735799893e-01	   3.0592992364324478e-01	   3.7287748702702911e-01	   4.3139870945330550e-01	   3.3610591059389933e-01	   2.4536696546123835e-01	   3.9070107084826311e-01	   3.0234341992062375e-01	  -1.1392206372914221e-01	   5.5128747233112244e-02	   6.1307740099934482e-01	   4.7692318177727799e-01	   9.5496715201595705e-01	   7.5671999682190028e-01	  -6.8289318052543180e-03	  -7.4701243858085629e-03	   4.9652322622915623e-01	   5.2348226171717038e-01	   3.6709783175469418e-01	   2.6720864276212491e-01	  -1.9039395429004366e-01	  -2.8793562256675998e-02	   1.1114112736823058e-01	   1.1509355716847024e-01	   3.3936565525425955e-01	   1.4144178440934907e-01	   5.5769070258247455e-01	   2.7258787501419218e-01	   4.2862896268978745e-01	   2.1113111825880918e-01	  -7.1832029854038207e-02	   1.3702893290284821e-01	  -1.5634857581400871e-01	   2.6617711795844393e-02	   2.0281793209072585e-01	   7.6868798754732900e-03	   2.2332831169407638e-01	   1.7916394970064473e-01	   1.6818336503521342e-01	   4.8907538202002360e-02	   4.7790017372688781e-01	   4.4391636576517307e-01	   3.8945013847838966e-01	   3.8659019047720422e-01	   6.8890465172083037e-01	   5.4842682857526426e-01	   7.1314560523605991e-02	   1.1142995949317568e-01	   2.2459353182281996e-01	   1.4453095120862125e-01	   2.4122688698960337e-01	   4.3096140098348240e-01	   5.2624948671868244e-01	   5.8790204257157064e-01	   1.7981807009858777e-01	   3.0805020848262721e-01	   2.9027305723561414e-01	   2.9747727950104286e-01	   2.3636965158996856e-01	   3.5778717018181661e-01	  -6.0561875520418100e-03	   2.0677543338844317e-01	   1.5412612134702849e-01	   2.6643636333098075e-01	   4.0740430456783283e-01	   2.2400624273050146e-01	   1.6026675906811066e-01	   6.7731375193509677e-02	
