   0.0000000000000000e+00	   1.4639394679555786e+00	   7.7501196423617136e-01	   5.4393301072902644e-01	   4.0457404683251863e-01	   3.6843322870383677e-01	   7.1735118730171576e-01	   5.8656154639062486e-01	   3.8986052238394081e-01	   5.0263230839539630e-01	   9.4391230775858170e-01	   7.3082975222999935e-01	   7.5528773893605272e-01	   6.9161504984552857e-01	   6.5946484944177264e-01	   6.6025079598598702e-01	   8.9478898104619753e-01	   7.4401871231099637e-01	   8.1546205324909271e-01	   5.2809570815721318e-01	   5.1726199223234182e-01	   3.3232896884920482e-01	   6.3501557736787384e-01	   5.6350216662003505e-01	   5.9404853355407439e-01	   5.5998714596953825e-01	   5.7682343275073378e-01	   3.8927204703957119e-01	   4.8510265028318633e-01	   4.8067993975561607e-01	   5.1263706017083521e-01	   4.5756026929663940e-01	   7.4487867581475986e-01	   6.8778229150109493e-01	   6.1276094721387819e-01	   5.3682922716078663e-01	   7.2743608700983586e-01	   6.0079535290999087e-01	   7.0137360906802082e-01	   6.8830923556443369e-01	   4.5299300915302670e-01	   5.3202236065245279e-01	   2.8600596210604434e-01	   1.1658310848564858e-01	   1.0608063414559135e-01	   8.9192717096507487e-02	   4.0184156963740314e-01	   4.0643487126833433e-01	   1.4029290712798911e-01	   1.8434332991733537e-01	   3.9975168743365264e-01	   3.0179220159755160e-01	   6.7850516325561661e-01	   6.9618357672742381e-01	   7.1074984187297163e-01	   6.6077961850329592e-01	   1.5068059238801781e+00	   1.1865443736331063e+00	   7.5948738212600753e-01	   5.2651413725471241e-01	   9.0557008300724040e-01	   5.3903124417752379e-01	   7.3919503619516758e-01	   4.9959158828070938e-01	   4.5168163144736384e-01	   4.7489484165822715e-01	   5.3368273613144079e-01	   4.2779900496102391e-01	   6.3133322349231857e-01	   5.7330337527252950e-01	   5.8251319639456134e-01	   4.3183966014802555e-01	   6.1051842852578408e-01	   5.8960457606207806e-01	   6.6308086438804603e-01	   6.2468851605531317e-01	   6.1069378659764750e-01	   5.4390416338666214e-01	   7.5464564859682692e-01	   6.6071088860973948e-01	   6.4805210939556868e-01	   5.4875335684892101e-01	   7.8692150046412290e-01	   5.5774878975133579e-01	   8.7314397847586678e-01	   7.9044379348174676e-01	   8.4169176871759399e-01	   5.9712754127337364e-01	   8.6658889950820939e-01	   8.5583483607259192e-01	   4.7873584532874525e-01	   6.8691353214770434e-01	   5.3971385772687075e-01	   7.4416827583433975e-01	  -2.1033814704371809e-02	   2.9952739394030153e-01	   4.6377665661913309e-01	   4.7353437112361813e-01	   5.9328440275015459e-01	   8.2546813884739856e-01	   6.8922274044516119e-01	   6.2362394643799268e-01	   7.8675511286899735e-01	   4.4934763821290558e-01	  -1.1838556790208292e-01	   3.0731880285011143e-02	   1.6696101932105936e-01	   2.4077493901809077e-01	   2.1780648476696887e-01	   1.8640973507197020e-01	   5.5832905543453892e-01	   5.8807430688162665e-01	   5.1639286047209176e-01	   2.6534154084556855e-01	  -2.6430098364094379e-02	  -3.0454804362201104e-01	
   1.4639394679555786e+00	   0.0000000000000000e+00	   6.6663578353504260e-01	   6.6473184181236222e-01	   4.2136483902315192e-01	   4.4475632061624526e-01	   5.5112723087014714e-01	   6.6688432151485000e-01	   3.8019266417973890e-01	   5.6768949261746460e-01	   7.0435370333243008e-01	   7.4072467347383564e-01	   5.9154373552505801e-01	   6.2588581865190795e-01	   5.7866507712001169e-01	   6.7628486698395252e-01	   1.0274880531451975e+00	   9.3660747766670693e-01	   9.3594589900109981e-01	   7.4585906394000412e-01	   5.0175677920836514e-01	   3.4649652835595240e-01	   5.8982223742562478e-01	   5.6428939365433539e-01	   5.9581768210452868e-01	   5.8113772130648389e-01	   4.8953389366967237e-01	   2.8730040975288484e-01	   5.3286300244603890e-01	   5.6046043217231567e-01	   5.0008596265505612e-01	   4.4305782090573465e-01	   8.1448370779513379e-01	   7.9905531390197193e-01	   5.3061745817598271e-01	   5.1359632372306285e-01	   7.2166730547447910e-01	   6.7160532275191087e-01	   6.4564714274169566e-01	   7.2729693513350446e-01	   4.6989991382485580e-01	   5.7666570135421613e-01	   2.8176894681308629e-01	   1.4122804183938736e-01	   1.4908042644757855e-01	   1.4308108751459495e-01	   4.3291758389391843e-01	   4.1649524039935654e-01	   1.9125847550331282e-01	   2.4653854055213395e-01	   3.8874580885933957e-01	   3.3128106251389844e-01	   7.0623231024036282e-01	   7.1956563973253973e-01	   7.2460255266929274e-01	   6.7531949228634891e-01	   1.4857514730389292e+00	   1.5874365837423243e+00	   6.1572897926094339e-01	   6.4128544357943174e-01	   7.1185723241491095e-01	   6.3893163657684171e-01	   7.3732613701057703e-01	   6.0629712166274707e-01	   3.8129982672153495e-01	   4.4131458758389863e-01	   4.7061737832014827e-01	   4.3567268644622570e-01	   7.7320888111611286e-01	   7.0361252744123093e-01	   4.8561160284506244e-01	   4.1286715384121042e-01	   6.5670915932296092e-01	   6.6106754618779440e-01	   6.5360492927694946e-01	   6.6674364967946498e-01	   5.3243179801372698e-01	   5.2472464709371214e-01	   8.4345635722451184e-01	   7.5573063207347702e-01	   7.1651165978998888e-01	   6.2354096442657680e-01	   7.3399520900082682e-01	   6.4062529585410877e-01	   7.5222211242691328e-01	   6.9233619922871070e-01	   7.1422153625039198e-01	   6.1057003059751946e-01	   7.5374318635585358e-01	   8.1798196420619718e-01	   5.8568779320583364e-01	   6.0084560102280238e-01	   6.6988336259234260e-01	   7.0558069743972818e-01	   6.4674533535985027e-02	   2.5475196576409653e-01	   5.1931387099630388e-01	   4.8921870570594794e-01	   6.9698167301470226e-01	   7.4670250388633208e-01	   8.5352456550188827e-01	   6.7242275787872519e-01	   9.2985102822686749e-01	   5.9009060009254632e-01	  -1.0907022641988881e-01	   5.3214097803342159e-02	   2.3966572354088525e-01	   2.5530774099195774e-01	   2.6500677767329511e-01	   2.8083951540359553e-01	   6.3567423658471400e-01	   6.9654957711197751e-01	   5.2344209198227631e-01	   2.4428990042544158e-01	   4.2892989142433004e-03	  -2.8967082161824664e-01	
   7.7501196423617136e-01	   6.6663578353504260e-01	   0.0000000000000000e+00	   1.1389321170781699e+00	   9.5394948766390575e-01	   6.6647861816877219e-01	   1.2202426575884009e+00	   8.9389510536884875e-01	   1.0337303935896316e+00	   1.0928568826122138e+00	   6.7129962985678371e-01	   6.5725047638008527e-01	   7.1267084245088486e-01	   6.5852899222576333e-01	   1.0258685753936876e+00	   1.0229881570027164e+00	   6.6151176734426265e-01	   5.4517599812473660e-01	   9.9884417216402521e-01	   7.6564891112662770e-01	   6.0896632339160794e-01	   3.7717038884728998e-01	   1.6921638555662653e+00	   1.1728788395738885e+00	   1.3084160707771877e+00	   9.3861097554543749e-01	   6.6791680034604939e-01	   3.8560550207652006e-01	   5.8438053932235601e-01	   5.4597717811304269e-01	   9.0836378573431564e-01	   7.2767353884386021e-01	   9.0133019601362419e-01	   8.6926282111271336e-01	   8.7224654085961550e-01	   6.9470118456121810e-01	   6.8655185583563993e-01	   6.3017109448418085e-01	   8.4244193366072051e-01	   7.3611819950953827e-01	   5.2590484366031398e-01	   4.4817529936067274e-01	   5.5967634657687371e-01	   3.8618027757483936e-01	   4.3356279566218114e-01	   4.1132875954656967e-01	   7.4432857519139584e-01	   7.4152238795475500e-01	   4.1908168370631455e-01	   4.3888513466460483e-01	   5.7490954099155933e-01	   5.3259700437192548e-01	   8.0862282292071874e-01	   9.9165532691351377e-01	   9.9431229859503345e-01	   9.7530430794019662e-01	   5.2947018322867512e-01	   4.9022331263955465e-01	   7.2523649896536380e-01	   6.5622956398159715e-01	   9.2217748116664777e-01	   6.4486473878199480e-01	   8.0136925911915569e-01	   5.0692099021019832e-01	   7.7330486947165977e-01	   6.3379592644550653e-01	   7.7435403624277899e-01	   6.1167288982812495e-01	   5.7891614419979853e-01	   6.1564164176457559e-01	   9.0126879711621521e-01	   6.3737304235448200e-01	   6.3109695902870366e-01	   5.7695985490645307e-01	   7.4186303256162967e-01	   6.4832952118636233e-01	   6.5778154810629574e-01	   5.5950284056688249e-01	   5.9145534874815198e-01	   5.5315003259728313e-01	   6.9354604688061861e-01	   7.1184152812086454e-01	   1.1786233247142974e+00	   8.7061067734732378e-01	   1.0920341463254826e+00	   1.0642538553535343e+00	   9.6884445784400508e-01	   8.6864406918333315e-01	   1.0798055870955472e+00	   1.2827495478128590e+00	   9.1078654401812775e-01	   1.2357384590231728e+00	   8.9376589877171198e-01	   1.1124971700826374e+00	   4.7795281394223510e-02	   2.6955289621682410e-01	   6.8479138394317285e-01	   5.0955741071449079e-01	   8.6458813655519773e-01	   1.0859069184878729e+00	   8.3717197158246004e-01	   8.5522763671254920e-01	   8.6133872564679725e-01	   5.9933774370458992e-01	  -1.8025187961032271e-01	   8.9622737969010477e-02	   2.1645238418786550e-01	   2.5359003485351839e-01	   2.7927545135056392e-01	   2.5861395795502184e-01	   8.6031098271198669e-01	   7.4937683364319452e-01	   7.4792013907155774e-01	   4.4988782908266256e-01	  -2.4819706503426946e-02	  -3.8469818625091595e-01	
   5.4393301072902644e-01	   6.6473184181236222e-01	   1.1389321170781699e+00	   0.0000000000000000e+00	   6.9879173302330599e-01	   6.8082398555996171e-01	   9.1178098252698880e-01	   1.2931302828493036e+00	   7.7156738106634459e-01	   1.0405588202413554e+00	   4.5959193890645744e-01	   6.8046291019961758e-01	   5.1684570008392816e-01	   5.9263002087114969e-01	   7.3259315548602422e-01	   1.0429017642963352e+00	   7.9789703996611339e-01	   7.1054333817866022e-01	   1.0782752123574020e+00	   1.0957537662610852e+00	   6.3560927756894348e-01	   5.6995146662229434e-01	   1.0239848417575019e+00	   1.1809952994751121e+00	   9.8987701819243501e-01	   1.0029496872791575e+00	   5.0743704698801761e-01	   2.5955827191493375e-01	   7.3966856247319457e-01	   7.1910603708234078e-01	   1.0240667551726048e+00	   9.1129999729107658e-01	   1.2232970321341761e+00	   1.2627245813912151e+00	   7.9499004595063161e-01	   7.4785562666972005e-01	   6.6475014989023962e-01	   8.5181729834623887e-01	   7.5683652547689162e-01	   7.7584488284385467e-01	   3.9458013029464578e-01	   6.6760830264258875e-01	   6.0217958361196910e-01	   5.0740723566054058e-01	   5.3752827592074603e-01	   5.2944920936661344e-01	   6.9593809980108123e-01	   7.2838482178157238e-01	   4.3793524279135926e-01	   4.2815524793131954e-01	   4.4392594543061453e-01	   4.8162236902493549e-01	   6.6920403171437870e-01	   8.0390533677194820e-01	   8.3859170744049127e-01	   8.2401715514785445e-01	   5.2968523658140954e-01	   6.0220506978187904e-01	   5.3359023650224846e-01	   8.6290299234171530e-01	   6.9288104040516851e-01	   9.3680717745788433e-01	   7.8162393471162317e-01	   7.6774453815587329e-01	   5.0910141194518521e-01	   5.9788769353463533e-01	   7.0800830470954113e-01	   7.9114447871140825e-01	   7.1291486732697573e-01	   7.6850510336351774e-01	   6.7081257332328015e-01	   6.6073558968270218e-01	   6.2047903126193982e-01	   6.7115420042786533e-01	   6.6427521026350134e-01	   6.3487083303214520e-01	   6.6916832652159575e-01	   6.5186425108820623e-01	   8.5956786295472420e-01	   7.5387988695234276e-01	   8.4137504332559920e-01	   8.2737152253604873e-01	   9.3174043689179098e-01	   9.7873661172858739e-01	   7.9291206520419411e-01	   8.1162140162401619e-01	   8.2716423882703594e-01	   9.8633026515552402e-01	   7.8050675367167377e-01	   1.0443035469057471e+00	   8.4313603255133684e-01	   6.0484358576460695e-01	   8.8341672537229932e-01	   6.8755440967692183e-01	   2.3887449343886008e-01	   1.1604474325400214e-01	   6.3890792739972813e-01	   5.4474304412253283e-01	   8.9302229467003869e-01	   7.2398929318750960e-01	   9.9805931686728799e-01	   6.5273340886266917e-01	   1.0221150119892213e+00	   6.1628572648541524e-01	  -2.6289418516649776e-01	   1.8950116199188244e-01	   4.3195923620781340e-01	   1.8223939185221560e-01	   4.6363773758735122e-01	   5.4642992550197445e-01	   8.0929140563094426e-01	   7.7987142699735323e-01	   6.6183002997515727e-01	   4.9627459806835722e-01	  -2.5766682158580197e-02	  -4.6838105757097970e-01	
   4.0457404683251863e-01	   4.2136483902315192e-01	   9.5394948766390575e-01	   6.9879173302330599e-01	   0.0000000000000000e+00	   1.3837194365935614e+00	   7.8417156115253372e-01	   7.2781068560664508e-01	   1.5422390953282270e+00	   1.1265714159623590e+00	   4.4789240357421584e-01	   5.5917784605633436e-01	   4.1934290491399540e-01	   4.8436296980719618e-01	   4.8480042639214949e-01	   5.7597227033022080e-01	   4.4811671837936951e-01	   3.3106572737933992e-01	   5.7735154153692547e-01	   5.9453612631302932e-01	   4.3159275600463642e-01	   2.3189175515402080e-01	   8.8610912009032239e-01	   7.5751602080857960e-01	   9.4782265708885471e-01	   7.6132453199499350e-01	   3.7033805493487743e-01	   1.7368512878172912e-01	   4.3069324088579952e-01	   3.7549595333322827e-01	   5.0509382774932354e-01	   3.8528736717763623e-01	   6.4461722015996092e-01	   6.2395340980968561e-01	   6.9628480130420256e-01	   6.2087668615136948e-01	   6.1221965656784827e-01	   6.2027704577537657e-01	   9.1041400711139142e-01	   8.5450557520750448e-01	   4.9843854509843288e-01	   3.8188009168048309e-01	   4.5747705303735153e-01	   2.8431038398569608e-01	   4.1457393736020032e-01	   3.7626261725406868e-01	   6.9244521725856523e-01	   5.7902684797141690e-01	   4.3296573680465544e-01	   4.4629183102723147e-01	   5.3710498050300881e-01	   5.1026649111284894e-01	   7.6252219001576926e-01	   8.2813213967334387e-01	   1.0291017491734495e+00	   8.4789911117196504e-01	   2.7490097255786944e-01	   3.1059910790243400e-01	   8.6839725041838678e-01	   8.4072584409218021e-01	   8.6597164964972373e-01	   8.0817474180537530e-01	   6.1417897556345813e-01	   4.9946277875057338e-01	   5.7789989141787768e-01	   6.2012310239640667e-01	   8.2568408904768664e-01	   7.1242105318895543e-01	   5.5237478256166594e-01	   6.4357447333843842e-01	   5.3661919995136576e-01	   3.8164536907058288e-01	   4.2476963128477790e-01	   3.2551034397507078e-01	   4.8543187152031331e-01	   4.2264393583680954e-01	   5.3514654668414807e-01	   4.5711158085507475e-01	   4.2242445584134336e-01	   4.3429279584081926e-01	   5.4113898842151653e-01	   5.4550934809164175e-01	   8.0785208224680094e-01	   6.6758840907010075e-01	   7.2657718203291022e-01	   7.2422442877817417e-01	   5.1679858952852886e-01	   4.6209247228862477e-01	   9.6450256789614874e-01	   1.1067236089209656e+00	   9.5796601434172401e-01	   1.0039211492113214e+00	   1.1000452985397635e+00	   1.1626093399812796e+00	   1.3971197764055285e-01	   1.8389674005257153e-01	   6.7902735499340772e-01	   4.4720278754185794e-01	   8.4125188980888999e-01	   8.1816747189241268e-01	   7.4819289015699408e-01	   1.0708416366862348e+00	   7.4157311095682998e-01	   7.2115777700323969e-01	   6.2195395600068478e-03	   2.8284192613951564e-01	   9.6748787012823398e-02	   8.3113466536053768e-02	   1.7930469727446571e-01	   2.8186689657346287e-01	   8.1337300418048863e-01	   7.3519529987153776e-01	   6.7057916377787374e-01	   4.4947589683154499e-01	   1.9894168261086148e-01	  -1.5804793196565031e-01	
   3.6843322870383677e-01	   4.4475632061624526e-01	   6.6647861816877219e-01	   6.8082398555996171e-01	   1.3837194365935614e+00	   0.0000000000000000e+00	   6.0901471042338784e-01	   7.9483508237203848e-01	   1.0141634459680133e+00	   1.0453870010275905e+00	   4.2075750692666875e-01	   6.5675994767378831e-01	   3.3370325700452652e-01	   5.1831276760095479e-01	   4.1199103290409578e-01	   5.5252309584183668e-01	   4.1765784788304783e-01	   3.4726198065767466e-01	   5.0289001073612583e-01	   5.4601152611652926e-01	   4.9438946662722150e-01	   2.8002186024580250e-01	   7.0362342586917603e-01	   7.7594745221874928e-01	   8.1173638636016454e-01	   8.8899645350794576e-01	   3.6428496416883671e-01	   2.3912693696939910e-01	   3.9161284799801271e-01	   3.6738749242958135e-01	   4.6487795189808773e-01	   4.0185261764895619e-01	   7.0659883252427036e-01	   6.9362260902932860e-01	   7.0251858453606986e-01	   7.4982811290365425e-01	   6.9556206049699454e-01	   7.4321433093402967e-01	   1.0215988443427453e+00	   1.0877387311166076e+00	   4.6915799390857849e-01	   5.0474569227478883e-01	   4.2787129958339010e-01	   2.5497221763724959e-01	   3.8526022378753522e-01	   3.2643860219139342e-01	   6.0732217929101984e-01	   4.9232317309323737e-01	   4.0192505834179004e-01	   3.8298527592839443e-01	   5.0041152694752256e-01	   4.6632397421849148e-01	   6.5096560403115067e-01	   5.8021048903667050e-01	   9.8001102160977704e-01	   7.3319971259938377e-01	   2.8844049042969910e-01	   3.2970075416614797e-01	   8.6632032879898146e-01	   8.9738424795375549e-01	   8.3777605762377005e-01	   9.8300833302212254e-01	   5.8430620886809548e-01	   5.3845752746807451e-01	   5.9868713122368322e-01	   7.8659443984385669e-01	   8.9440324396564497e-01	   8.5710023690473125e-01	   5.2259754588783758e-01	   6.2759587652269633e-01	   4.3253611273526549e-01	   3.3430835676896964e-01	   3.7914291875798872e-01	   3.0307410881025010e-01	   4.4061466871155885e-01	   4.0619939651395737e-01	   5.8469451895834845e-01	   5.1348106148517159e-01	   3.9550680993390525e-01	   4.6381851278179631e-01	   5.1762326657253821e-01	   5.0715259483150266e-01	   7.1106496570402888e-01	   6.2307838658169046e-01	   6.3507403922741157e-01	   7.2613253236613406e-01	   4.7302822687380058e-01	   4.5913341135479202e-01	   9.9925432013963633e-01	   1.0321414295268978e+00	   1.0442243471051835e+00	   7.4500829172979111e-01	   1.1187770101039769e+00	   9.2493277429970366e-01	   2.0080573469754484e-01	   2.3464573401987537e-01	   7.0683839106112356e-01	   5.2562330864571261e-01	   8.9029197973681051e-01	   7.4836675459719904e-01	   6.8117704760231035e-01	   9.7894528166026107e-01	   7.1315244697452318e-01	   7.5919878319144662e-01	   5.9157354236009263e-02	   3.9063697248779361e-01	   8.6376759573377038e-02	   4.2307007067547600e-02	   1.9307029421582994e-01	   3.6750492057308737e-01	   8.8218524051652047e-01	   8.0895333707369577e-01	   6.6637893644496382e-01	   5.5735143328829395e-01	   3.5831110371369584e-01	  -8.9860770897436465e-02	
   7.1735118730171576e-01	   5.5112723087014714e-01	   1.2202426575884009e+00	   9.1178098252698880e-01	   7.8417156115253372e-01	   6.0901471042338784e-01	   0.0000000000000000e+00	   1.2068310037310050e+00	   8.4110620367449962e-01	   9.7876708887820063e-01	   9.3667987141970355e-01	   8.1244243255571980e-01	   9.4234355554627891e-01	   9.2082652658186936e-01	   7.8972993694531535e-01	   9.1270710283163070e-01	   6.4553250278231944e-01	   4.2486859753752804e-01	   6.7531579704047384e-01	   4.8170488659025823e-01	   6.6252806913554962e-01	   5.1290234992025274e-01	   1.0657983600606966e+00	   1.1159366950345866e+00	   9.1466604987676614e-01	   9.1210580576455569e-01	   7.7055728735686602e-01	   5.6295984590997650e-01	   5.5880240112742852e-01	   4.4509737077956779e-01	   8.4307905422850016e-01	   8.0712636080259692e-01	   8.8002957450529384e-01	   8.3960683633627253e-01	   9.9027755678481300e-01	   7.5095598042379019e-01	   6.6426072469347430e-01	   6.2047960371658684e-01	   8.0127394419005415e-01	   6.3703567860489052e-01	   3.8536679365568599e-01	   5.1649507992717791e-01	   6.0882841260936327e-01	   4.8076063858016865e-01	   4.8583031442083857e-01	   4.8095372309303591e-01	   7.2134183388760420e-01	   7.7977980955499315e-01	   4.4910019286792574e-01	   4.6375501113767642e-01	   7.1803020865511347e-01	   6.0942943218612955e-01	   8.0693949780534791e-01	   8.7107260769621009e-01	   9.4038480463627194e-01	   8.8796134976010255e-01	   5.2289166359585959e-01	   4.3865459207514779e-01	   8.8596570487351445e-01	   7.1017592204037860e-01	   1.0328193995848809e+00	   7.3976077226065262e-01	   5.9547883814142766e-01	   4.4254531084774235e-01	   7.0413550446440332e-01	   7.4325137666891528e-01	   9.6381482056091705e-01	   8.2740597100488988e-01	   4.9554762619138670e-01	   5.2830477630623707e-01	   7.2371614574191623e-01	   4.8400224634296285e-01	   5.1856713667985344e-01	   4.6208239991537481e-01	   5.8540486160852345e-01	   4.6398509731394999e-01	   7.2581058568626522e-01	   5.3713257659843938e-01	   5.7274293078988947e-01	   4.3294148053087866e-01	   5.9106640546142286e-01	   5.4556272856950949e-01	   8.4240420543748284e-01	   6.3016161891902067e-01	   1.2457702037150933e+00	   1.1180650237989433e+00	   8.1407235565925329e-01	   7.3364796026210377e-01	   9.3398770909600437e-01	   9.6058559780935826e-01	   7.4644965102548277e-01	   8.3396027791398875e-01	   6.8521482114947285e-01	   8.2137227236508537e-01	   1.6067680773386173e-01	   1.9529151242332254e-01	   6.0021299338122358e-01	   5.6024473695773169e-01	   7.8558561481442646e-01	   8.2278408692526384e-01	   6.5328217431049274e-01	   5.8263928861932168e-01	   7.3181473608972780e-01	   3.4270327474595663e-01	  -2.6824572384071765e-01	   1.2418637078056842e-01	   3.7641324730123948e-01	   1.9780642480261107e-01	   3.6811354038483757e-01	   3.8297622279422305e-01	   6.2871890271759112e-01	   5.5608672534689518e-01	   6.2209905557474210e-01	   4.0507925582675003e-01	  -8.8097339614218562e-02	  -5.2021206298816514e-01	
   5.8656154639062486e-01	   6.6688432151485000e-01	   8.9389510536884875e-01	   1.2931302828493036e+00	   7.2781068560664508e-01	   7.9483508237203848e-01	   1.2068310037310050e+00	   0.0000000000000000e+00	   7.5071472175958232e-01	   1.1564275453940449e+00	   6.7233475429860901e-01	   9.8923864060595545e-01	   7.4273281512018863e-01	   9.5844072506177058e-01	   7.0215318896437307e-01	   9.6315382324635723e-01	   7.4685269196214477e-01	   6.0058765583533791e-01	   7.8204392046764304e-01	   7.1005709090528824e-01	   7.3744676916216101e-01	   6.4639205575420933e-01	   9.1700628606119094e-01	   1.2220003209616956e+00	   8.6002127310236798e-01	   1.0324881858906381e+00	   6.3136589647570651e-01	   4.3666214337443454e-01	   6.5301108422938781e-01	   6.1331006110664987e-01	   8.6100978068090650e-01	   8.5971762522044581e-01	   1.0911535525037610e+00	   1.1568547183438029e+00	   9.8399808087016705e-01	   8.7808988181456493e-01	   7.0125677138121267e-01	   8.1656203663947569e-01	   8.4843070496995698e-01	   7.5781812065176601e-01	   4.2281400940980884e-01	   8.0415593844595479e-01	   6.7660102938241717e-01	   5.4943940781939959e-01	   5.9469843465432293e-01	   5.8602510194519897e-01	   7.8542259566151607e-01	   7.9466501451264482e-01	   5.0321584834748023e-01	   5.0044238311247891e-01	   5.8278599084059235e-01	   5.6873481628476108e-01	   7.3044397165861141e-01	   7.5190342201553284e-01	   9.1931589457807417e-01	   8.1410138236551766e-01	   5.2678421075129211e-01	   5.6103583028230775e-01	   7.6616946846896661e-01	   9.8871958181840891e-01	   9.0740466029245059e-01	   1.1900145181578816e+00	   6.5501759358285983e-01	   6.4267703234532270e-01	   5.9259955902565653e-01	   8.3536461977952059e-01	   9.1461841468668270e-01	   1.0067479102643422e+00	   6.1515411719360935e-01	   6.8056019909585497e-01	   5.8865022947148893e-01	   5.2764415282907295e-01	   5.9464338479822909e-01	   6.2436595004614215e-01	   6.0069748627579089e-01	   5.6831288457833262e-01	   7.2133386878393024e-01	   6.1221913486616075e-01	   7.5881712941056845e-01	   6.7627758138738681e-01	   7.7078036963467877e-01	   7.2046496806685401e-01	   8.3439844493941739e-01	   7.9848435720589750e-01	   9.2741434178327564e-01	   8.8112630907155942e-01	   8.0033345277374912e-01	   8.0779558025437981e-01	   8.2132350703636059e-01	   9.1564042326392447e-01	   9.4870092671564110e-01	   5.7994066873965666e-01	   9.2676042788838275e-01	   7.1002023366022127e-01	   3.1036607078967920e-01	   1.4380950751300606e-01	   6.9554861074619201e-01	   6.6777503437005070e-01	   9.5513793862722596e-01	   7.1376074685115010e-01	   8.9590685784488744e-01	   6.0496929966448998e-01	   9.4061797556966864e-01	   5.5832765083498326e-01	  -2.5153357642707863e-01	   1.9751899953077950e-01	   4.8259114614657411e-01	   1.5622714862004605e-01	   4.3431968792920317e-01	   6.0502728085314705e-01	   7.2469462393645856e-01	   7.3279806672211212e-01	   6.4330725270583111e-01	   4.9988966253846612e-01	   1.6309141046722053e-02	  -4.5977994599166255e-01	
   3.8986052238394081e-01	   3.8019266417973890e-01	   1.0337303935896316e+00	   7.7156738106634459e-01	   1.5422390953282270e+00	   1.0141634459680133e+00	   8.4110620367449962e-01	   7.5071472175958232e-01	   0.0000000000000000e+00	   1.2280232842780776e+00	   5.3708945634907734e-01	   5.4805873960143670e-01	   5.8964348969027358e-01	   5.2816953881115303e-01	   6.2379119434243435e-01	   5.9119895311380066e-01	   4.6417216651571969e-01	   3.4859809603625841e-01	   5.7489970867356810e-01	   5.4118619110344124e-01	   4.1171996228830543e-01	   2.4380970269631125e-01	   1.0334232941091128e+00	   9.2075576968354000e-01	   8.4625749596833755e-01	   6.7895078935777431e-01	   3.7084848989007968e-01	   2.2524178880884546e-01	   4.5724518348348020e-01	   3.4911599980563524e-01	   5.5884205167363632e-01	   4.3704763854792161e-01	   6.1572372093002148e-01	   6.1495135840424930e-01	   6.8851332674054910e-01	   6.2637118412245341e-01	   5.9810109682596158e-01	   5.8351518283393378e-01	   8.0209776148546741e-01	   6.8388235990907231e-01	   4.9633020132892069e-01	   4.0566073945116399e-01	   4.7742233807711426e-01	   2.9094600479349453e-01	   4.0934845936465292e-01	   3.6978736782951993e-01	   6.5845992737574632e-01	   5.8099523145393250e-01	   3.6458101671416798e-01	   3.5472628693690839e-01	   4.0627898067889401e-01	   3.9479448011321344e-01	   6.4371574080988747e-01	   8.2130444670499192e-01	   8.4359655193402672e-01	   7.2294365707060249e-01	   2.3995646584728073e-01	   2.7079408383372799e-01	   7.7108553987445227e-01	   6.8557846076327500e-01	   9.2852316439117244e-01	   7.4771044426839828e-01	   5.5130027728622144e-01	   4.2785626631311507e-01	   7.3119086835606373e-01	   7.3706252765313574e-01	   6.7689206634345955e-01	   5.6615509585741419e-01	   5.2746079480289221e-01	   5.7139138741497286e-01	   5.9880193110226787e-01	   4.5362291805147903e-01	   4.7740288390024210e-01	   3.9671518150354368e-01	   5.4106435666457875e-01	   4.6816626568038033e-01	   5.4194313625717128e-01	   4.7163792279825834e-01	   4.5375260408524448e-01	   4.6076213208789979e-01	   5.1696001071437936e-01	   5.2788353287957102e-01	   8.0760421903376767e-01	   6.2720204928482570e-01	   7.9015008578709600e-01	   6.7390650628761084e-01	   6.3013072884468357e-01	   6.0162936628984442e-01	   9.8567916587063575e-01	   1.0855394425241824e+00	   9.0191824049541913e-01	   1.0183569140766955e+00	   1.0375153673968036e+00	   1.0914828250516231e+00	   1.4083784454443593e-01	   2.1673886152288632e-01	   6.3275315267230436e-01	   4.2146136941244872e-01	   7.3146091756425491e-01	   7.5298279083332853e-01	   7.6353227183411809e-01	   9.0975265636997649e-01	   7.2275834986012766e-01	   6.1083757217672985e-01	  -5.0765339782518328e-02	   1.9285896934382787e-01	   9.9360134978128553e-02	   1.0063881001945972e-01	   2.0821646261180393e-01	   3.5035386160344351e-01	   7.4940910663170945e-01	   6.3604091396158591e-01	   5.9611410719867319e-01	   4.5600775959888962e-01	   1.4251372592415018e-01	  -2.0522908628461697e-01	
   5.0263230839539630e-01	   5.6768949261746460e-01	   1.0928568826122138e+00	   1.0405588202413554e+00	   1.1265714159623590e+00	   1.0453870010275905e+00	   9.7876708887820063e-01	   1.1564275453940449e+00	   1.2280232842780776e+00	   0.0000000000000000e+00	   6.8879229902839345e-01	   9.3359949569122169e-01	   7.2910151859743200e-01	   8.8180065587902812e-01	   9.5953866873737104e-01	   1.1078736397899269e+00	   6.7453392929148359e-01	   5.5464137257373913e-01	   7.2975671342451620e-01	   6.9624875678391074e-01	   6.8569650162167251e-01	   4.5600947669826403e-01	   1.3158953624888394e+00	   1.4064866198527541e+00	   1.2344949066193425e+00	   1.1700861444600523e+00	   5.8683102568765133e-01	   3.5884737970228459e-01	   6.9799387713520067e-01	   6.3908357305123598e-01	   9.4474283611016097e-01	   8.4371187234851286e-01	   9.5329798523883968e-01	   9.8963058620727740e-01	   9.5011467953301809e-01	   8.3167559181142048e-01	   7.6216606267338394e-01	   7.4542780126978536e-01	   9.6138559621281783e-01	   7.7342486544082600e-01	   6.0666979126845688e-01	   6.5102163127148516e-01	   7.3569410851014305e-01	   5.3040966238956044e-01	   6.6047142428188854e-01	   5.9302200617916334e-01	   9.4441263411411169e-01	   8.5430330063828863e-01	   6.1420910318427346e-01	   5.9398909322514093e-01	   6.0507487230037360e-01	   6.2910511869928831e-01	   7.5946056949479790e-01	   8.6990601215749530e-01	   1.0686790623901421e+00	   9.9263021985655808e-01	   3.7062228617446252e-01	   3.9070207930118683e-01	   7.9261019558267254e-01	   8.3239218085004962e-01	   1.0264502123265571e+00	   1.0043301902388240e+00	   8.3780652217605245e-01	   6.2877163461832353e-01	   7.8177892988735309e-01	   9.0853079151767524e-01	   8.4737863075664721e-01	   7.7620005703299544e-01	   4.9981485521699220e-01	   5.8439724468177312e-01	   6.9521927373073888e-01	   5.8457553990974120e-01	   6.5316145023694772e-01	   6.0171205513005011e-01	   6.9823185212255701e-01	   6.6822390988822233e-01	   7.4664867710299088e-01	   6.6807241093883540e-01	   6.3510179959202084e-01	   6.3430846816092090e-01	   7.9421574232919978e-01	   8.0057035939282672e-01	   1.1591282838911072e+00	   1.0183502908263418e+00	   1.0329404830938578e+00	   9.1548130043459497e-01	   8.4671610887737636e-01	   7.3905024613743742e-01	   9.7577247582608884e-01	   1.1394385451621794e+00	   1.2064008486216531e+00	   8.6089558560117940e-01	   1.1507733764209318e+00	   9.6582011413703284e-01	   1.7994833297141047e-01	   2.1220277381020883e-01	   8.7736554602414674e-01	   6.0411855712793305e-01	   1.1194542645784000e+00	   9.5063781268778935e-01	   8.5146816379608059e-01	   8.1949410462876782e-01	   8.0670581685497278e-01	   6.2072094426477076e-01	  -1.2396408823807847e-01	   1.6557804732603271e-01	   2.3504215171103013e-01	   1.3199389616749937e-01	   3.0125392836358267e-01	   4.0729615025166638e-01	   1.0433469984594461e+00	   9.1889335847960618e-01	   7.9175117901474323e-01	   5.8320552325727804e-01	   1.2349681955359826e-01	  -3.2027126737465628e-01	
   9.4391230775858170e-01	   7.0435370333243008e-01	   6.7129962985678371e-01	   4.5959193890645744e-01	   4.4789240357421584e-01	   4.2075750692666875e-01	   9.3667987141970355e-01	   6.7233475429860901e-01	   5.3708945634907734e-01	   6.8879229902839345e-01	   0.0000000000000000e+00	   1.1280682815677128e+00	   1.6907629675221947e+00	   1.2576969828553615e+00	   8.7136330934188089e-01	   7.9029709544491789e-01	   7.2756272052788196e-01	   5.3500016002047746e-01	   5.8691008945211975e-01	   3.5176633507375915e-01	   4.7945257834532695e-01	   2.8566875056540858e-01	   7.2857931597523173e-01	   7.2340624621376737e-01	   5.3700172757359643e-01	   5.7764633898498230e-01	   5.6107337333230634e-01	   4.6832886750971020e-01	   5.5850363060138908e-01	   4.2513868825831486e-01	   5.3912707043591157e-01	   5.3133765653682263e-01	   6.8740739823556474e-01	   6.4295054058207501e-01	   7.2911994730164109e-01	   6.6825908619965280e-01	   6.9932105641128195e-01	   5.7535198678493038e-01	   6.7978945763676946e-01	   5.9405836348156160e-01	   5.0845761528050637e-01	   6.1337524140473976e-01	   4.6129958244899494e-01	   2.7076609101081256e-01	   2.5288534326441003e-01	   2.1170809948820096e-01	   4.7019020757303015e-01	   4.8335712918481444e-01	   2.6344985157523748e-01	   2.6317088828963187e-01	   4.6682955951565008e-01	   3.4676991146874181e-01	   5.4459092615603055e-01	   5.3571499080875618e-01	   6.9489700703416313e-01	   6.0968248458992447e-01	   6.7548074395098368e-01	   5.7217054106536602e-01	   1.0952519082273915e+00	   5.6498515986334374e-01	   1.2219258716494186e+00	   6.3351469384436709e-01	   6.2760308668903586e-01	   4.6619998871156820e-01	   6.1839574100081574e-01	   6.8980928445152312e-01	   6.7482010947731008e-01	   5.1047966666174327e-01	   3.3228647003870088e-01	   3.2826564578478568e-01	   5.3589296849211709e-01	   3.8650647198796145e-01	   5.4631331766909619e-01	   4.7539940702790284e-01	   6.4159095040504055e-01	   5.7187811545728851e-01	   7.7031742589217722e-01	   5.5650123930894979e-01	   5.5402716328253221e-01	   4.8735763615452998e-01	   5.2079241202109239e-01	   4.4509869501732385e-01	   7.5458240795718434e-01	   5.1892996677455239e-01	   1.0423004606064195e+00	   7.9882671244081915e-01	   7.4969629200089949e-01	   4.8267557765632507e-01	   8.5749673625698719e-01	   7.4389641305719834e-01	   5.6505119208669963e-01	   6.4684331143334450e-01	   5.8498162407997978e-01	   7.5272984765110873e-01	   1.0583913208108739e-01	   2.6361905976551858e-01	   5.0651137958812897e-01	   4.6738352035135206e-01	   6.5278833240652057e-01	   6.9591048044926385e-01	   5.7384440604336029e-01	   4.9002471289334260e-01	   5.8087622321901045e-01	   2.7491526601075922e-01	  -7.3204135659728331e-02	   8.0418960485745261e-02	   2.2757369892037024e-01	   1.7330953219408243e-01	   1.9590611361051422e-01	   2.7608918066318311e-01	   5.3918702048921607e-01	   5.4061796560175290e-01	   5.0614038649179971e-01	   4.3630331041307518e-01	   5.8659814605099232e-02	  -3.0984855100683562e-01	
   7.3082975222999935e-01	   7.4072467347383564e-01	   6.5725047638008527e-01	   6.8046291019961758e-01	   5.5917784605633436e-01	   6.5675994767378831e-01	   8.1244243255571980e-01	   9.8923864060595545e-01	   5.4805873960143670e-01	   9.3359949569122169e-01	   1.1280682815677128e+00	   0.0000000000000000e+00	   1.1188986362003661e+00	   1.6156066624980880e+00	   9.2179154960758125e-01	   1.0807017446928819e+00	   9.2617528320280040e-01	   8.4901661905372916e-01	   6.9163311636777336e-01	   6.1472901927116386e-01	   5.6865338029382029e-01	   3.8415470301205368e-01	   7.6562523940928284e-01	   8.2842257497914351e-01	   6.7639135673943251e-01	   7.9311984169311489e-01	   4.8065565145972855e-01	   2.9640555558452597e-01	   9.0982634228093862e-01	   8.8504030019573698e-01	   7.6301823435573290e-01	   7.6527434835778774e-01	   9.5565392270467353e-01	   1.0300974812374009e+00	   7.7788259536010329e-01	   6.8821568470298233e-01	   8.4880550692217416e-01	   7.4220989038208696e-01	   8.5597265323953420e-01	   7.5357414124326438e-01	   7.2851059228290216e-01	   9.1012657218573911e-01	   7.1638090908385410e-01	   5.2449240481972337e-01	   5.2737627244437446e-01	   4.7202971762210971e-01	   7.3941792906495274e-01	   7.1257609918274811e-01	   4.9458532423471480e-01	   4.6533552889757823e-01	   5.3016364885548484e-01	   4.4330593152871045e-01	   6.3760257963980560e-01	   5.8750683788681779e-01	   8.9940095902045969e-01	   7.6557789723551439e-01	   6.2456382999724724e-01	   6.2160146328310018e-01	   9.3840789118927526e-01	   8.9123666623791675e-01	   1.0504117842006899e+00	   1.0829472719090629e+00	   9.1754050538595455e-01	   8.9211585608086486e-01	   5.0442765664364231e-01	   6.4491276664292407e-01	   7.0782527348931157e-01	   6.5599747728974023e-01	   3.4039018023674317e-01	   3.6331419036026524e-01	   5.5703029806974225e-01	   4.2335202099305058e-01	   8.4787592797989797e-01	   8.1012234755018819e-01	   8.7722706096880232e-01	   8.9250305287294907e-01	   1.0083253039679791e+00	   8.0943897122560282e-01	   7.2739897317308899e-01	   7.6715916870041645e-01	   8.6649186321087079e-01	   7.9834541445208895e-01	   1.0026081903962392e+00	   8.5858830582127010e-01	   8.7368826986948278e-01	   7.3520574804811711e-01	   7.4963527015137199e-01	   4.6933391352280968e-01	   7.5848283988834431e-01	   7.6232786295795862e-01	   7.9661326443802050e-01	   5.8347716071165157e-01	   9.0297945133544077e-01	   7.4129186225100385e-01	   1.7677016029371762e-01	   3.5412812614676681e-01	   8.2107144247998021e-01	   7.1265723052545971e-01	   1.0349079427005430e+00	   7.6943563886088706e-01	   7.7530820924655508e-01	   5.3777836931859735e-01	   7.1088318432034725e-01	   3.9967862083945388e-01	  -3.9811286763139345e-02	   1.4601456677431679e-01	   2.2988323799699631e-01	   1.5501168094141518e-01	   2.3473118505294560e-01	   3.6765678742215552e-01	   8.2209134489849822e-01	   9.3577151165409711e-01	   8.1160855107746421e-01	   6.0901282103230547e-01	   1.8941941686953664e-01	  -2.3326481415036587e-01	
   7.5528773893605272e-01	   5.9154373552505801e-01	   7.1267084245088486e-01	   5.1684570008392816e-01	   4.1934290491399540e-01	   3.3370325700452652e-01	   9.4234355554627891e-01	   7.4273281512018863e-01	   5.8964348969027358e-01	   7.2910151859743200e-01	   1.6907629675221947e+00	   1.1188986362003661e+00	   0.0000000000000000e+00	   1.3868697143258748e+00	   1.0914786375411847e+00	   8.8530486037786427e-01	   7.3138596246956022e-01	   5.5492699214577124e-01	   6.2257651760411070e-01	   4.0007204662858203e-01	   4.6444752561778296e-01	   2.9748728152399673e-01	   8.0928002248553466e-01	   7.5951701129738924e-01	   5.3999197446947456e-01	   5.5432114404524346e-01	   5.2172548100434279e-01	   4.1855906056282283e-01	   6.5992209741948393e-01	   5.2335326275091520e-01	   6.1636287514640975e-01	   6.1061741172028128e-01	   6.7896979894496934e-01	   6.8244328312890035e-01	   7.1092107091462398e-01	   6.3436758732324550e-01	   6.2397382807270474e-01	   5.1134667816680412e-01	   5.8803164573488742e-01	   4.6730128216593736e-01	   5.6233101910383598e-01	   6.2725910007290198e-01	   5.6608236664722056e-01	   3.7414043037487810e-01	   3.3816374195083510e-01	   3.1360530500430095e-01	   5.3606922306687610e-01	   5.4587554210438294e-01	   3.2223589364544475e-01	   3.0469876525470579e-01	   4.0097663287234853e-01	   3.2163977611649175e-01	   4.6867140536511886e-01	   5.5964838653695392e-01	   6.3593829145809189e-01	   5.7965086451054848e-01	   5.2648820418705833e-01	   4.5524232477338417e-01	   8.3879344862011507e-01	   5.1349943344369742e-01	   1.0531456575475047e+00	   6.0955229318889559e-01	   6.1462186810511443e-01	   4.6036360328967407e-01	   6.1198021967671445e-01	   6.2215992457713021e-01	   5.3736021461265915e-01	   4.1922079233047344e-01	   2.5136270855490939e-01	   2.5318144777051754e-01	   5.8630678089659904e-01	   4.7131801646311833e-01	   6.8503123402914534e-01	   6.2891176892906675e-01	   7.3613534269323533e-01	   6.7702004920909487e-01	   7.8603935432339578e-01	   5.7568931673094392e-01	   5.6007140061683147e-01	   5.3173365835920983e-01	   5.6445367684798686e-01	   5.2074191033876660e-01	   8.0695452170113879e-01	   5.9884263777919033e-01	   9.5894334252898328e-01	   6.4689624991725136e-01	   7.4960623267259707e-01	   5.1847683844944203e-01	   7.2089463438075696e-01	   6.5100688479147950e-01	   5.7199099873266379e-01	   6.5896283299336011e-01	   6.1752139396080952e-01	   7.5189829456547208e-01	   1.0233063540408555e-01	   2.6303642313836290e-01	   5.3753264881573126e-01	   4.2564897836097587e-01	   6.5339276709618632e-01	   6.3593218313783484e-01	   6.2604281985145160e-01	   4.4181751146240689e-01	   5.7646042758330829e-01	   2.2762013888946717e-01	  -1.0422630070276420e-01	  -7.0198167846815757e-03	   2.3433206370591061e-01	   1.9180446070985149e-01	   2.0798456537513407e-01	   2.6114531403534519e-01	   4.9344594810775688e-01	   5.2676902255520486e-01	   5.1843569036357184e-01	   4.1329076052233338e-01	  -7.8179018823754769e-03	  -3.4266246168305492e-01	
