   0.0000000000000000e+00	   7.7439521628240915e-01	   2.1353633621362031e-01	   1.0009845860424947e-01	   2.3149073287908523e-01	   1.5488007230268816e-01	   4.1453902688770933e-01	   2.8767482749620504e-01	   2.3445474417483642e-01	   2.0406388535328723e-01	   9.2519076194220540e-01	   7.9881534909530005e-01	   6.2147842264844988e-01	   5.1030685403963849e-01	   3.3753671709962862e-01	   2.9472879122017170e-01	   5.2916755052491715e-02	  -9.4985221071136827e-02	   6.4956741428495413e-01	   4.5804644483171991e-01	   5.4924184742354470e-02	   2.8449039041978926e-02	   1.1676731952778173e-01	   9.6458965477571088e-02	   1.6223784647988412e-01	   2.0354695522216454e-01	   2.0402063145501559e-01	   2.0530208993343282e-01	   1.9856088935577298e-01	  -5.1228158180698938e-02	  -1.0237590285915625e-01	  -1.7911995231019345e-01	   8.9601496503502978e-02	   6.6981085879517233e-02	   1.4149682315727943e-01	   1.2547012308614808e-01	   2.8732314351039634e-01	   1.6431026149574013e-01	   3.7973163253972586e-01	   4.1444586639528846e-01	   2.3482017339802297e-01	   1.5986148011041720e-01	   6.2296918728212036e-01	   6.4191870038130727e-01	   2.7241861840388004e-01	   3.0596873856212192e-01	   5.3660582077995467e-01	   5.9466541252007599e-01	   3.9029881018102680e-01	   3.2035101163501895e-01	   4.5946723928152616e-01	   4.4367056910525365e-01	   5.3387218549260262e-01	   4.5420543039839889e-01	   5.1758477350089804e-01	   4.9327030117593557e-01	   5.4267759593441345e-01	   3.4465600882514891e-01	   5.0339694362077991e-01	   2.9773723072687747e-01	   7.4338849612430291e-01	   3.8750646325949373e-01	   1.6091854046416335e-01	   6.2669832303148806e-02	   2.3381599786385071e-01	   2.8338095955166775e-01	   3.8083695048824545e-01	   3.5713309919767328e-01	   2.4133751477239090e-01	   2.4463573344566641e-01	   1.5805841424150990e-02	   5.2459365045450623e-02	   6.3551904288209338e-02	   1.3022827892412087e-01	   1.9523682796099635e-02	   3.6527881736666775e-03	   5.1895349248769462e-01	   5.1300410165558774e-01	  -2.5912780109107147e-01	  -2.4554241849055836e-01	   1.1405912295139878e-01	  -6.6113567834314046e-02	   2.1739901274843773e-01	   3.4392395166700607e-01	   2.3473987404049906e-01	   1.2936847952835193e-01	   2.0296536062835621e-01	   1.1219228124348438e-01	   4.0132684907285132e-01	   4.6092544052994378e-01	   6.9913331483097052e-01	   4.4962126483823545e-01	   3.8759566395865946e-01	   2.9597905120584056e-01	  -2.0822616737475613e-01	   1.3970780849688960e-01	   4.1112597698720432e-01	   5.9989477383294509e-01	   5.2214257849971069e-01	   8.0206124044949711e-01	   5.0121495456115506e-01	   5.1053772455075741e-01	   4.6437754642895029e-01	   5.3663902577653944e-01	   5.4038290247215992e-01	   5.0337805051394424e-01	   3.6959203345919589e-01	   4.7153712984077834e-01	  -8.6298375573827746e-02	   4.6670538148643491e-02	   5.2289537207567749e-01	   6.1990031397151357e-01	   3.8499455855439318e-01	   4.0009617692217209e-01	   5.4597822820400244e-01	   5.0110325766893993e-01	
   7.7439521628240915e-01	   0.0000000000000000e+00	   1.6302216613959247e-01	   1.7270036012085210e-01	   2.8467504241665775e-01	   3.4635166618224483e-01	   2.1801222252168317e-01	   2.4245993433588428e-01	   2.0570176295296871e-01	   1.5407439505127138e-01	   4.3440784455053244e-01	   7.8984057221982495e-01	   3.8882480055913610e-01	   6.7714527908195177e-01	   2.2463511139324782e-01	   2.2102486525527118e-01	  -1.0795687057369216e-01	   1.5909013868951838e-01	   1.4088314990229264e-01	   2.7884637199218199e-01	   1.0725240132676246e-01	  -2.8460438476397888e-02	   1.3248289304006017e-01	   1.6145702203692849e-01	   6.7359113253606412e-02	   6.0716141153453321e-02	   2.8369186572176430e-01	   3.1186504782228619e-01	  -1.7773528178918981e-02	  -1.0255892415118803e-01	  -1.6521290679278366e-01	  -1.9778548563439358e-01	  -1.5875245111006291e-02	   1.1192586439107474e-02	   1.7003731497228235e-02	   1.1262299569472869e-01	   3.6667712886107517e-01	   3.5739367426439095e-01	   3.0429299928091869e-01	   6.9915903721874817e-01	   3.2244080015762416e-01	   2.9801881648210610e-01	   7.2056270724566163e-01	   7.6570637794001506e-01	   4.3171266477030484e-01	   5.4620739690565534e-01	   8.2791002482099108e-01	   8.1738278258745400e-01	   7.2091776235312721e-01	   5.9022751297912868e-01	   7.8034977096624181e-01	   7.0812151042864113e-01	   8.3408438268301921e-01	   7.5503656338746128e-01	   8.9353902414249076e-01	   8.6814958526277830e-01	   4.6156990989641766e-01	   1.0047391350184436e+00	   5.7902246539963187e-01	   3.5066243146883747e-01	   8.2275870492449843e-01	   6.8663847065516670e-01	   3.1644754691073357e-01	   3.2400027221866656e-01	   1.1621602672636148e-01	   3.1649113672103818e-01	   3.4463143303905264e-01	   3.6031784553985891e-01	   1.2714682338930849e-01	   2.0056707056261558e-01	  -2.1124730656891680e-01	  -1.6434522211323205e-01	  -1.3139964773978796e-01	   1.5217553298934869e-01	  -6.1377524353780875e-02	   4.3082823311172143e-02	   1.8399155248240673e-01	   3.8206436662357957e-01	  -1.7781413577556943e-01	  -1.0042251226841800e-01	  -2.5403098806549305e-02	   1.4979063291500005e-02	   5.2610074029983751e-02	   1.3322540727328533e-01	   2.7366965943012656e-01	   2.3237083995520288e-01	   3.9090310277784884e-01	   1.9695775420712119e-01	   6.1547591259965029e-01	   6.6575971832749736e-01	   4.3391943036989988e-01	   5.5878061250074655e-02	   2.7953655729289101e-01	   8.1463804734951045e-02	  -4.7728015729583945e-01	   2.3780522086165840e-01	   6.4032126730556593e-01	   8.4887969948642616e-01	   8.4593451346406368e-01	   6.9131633321416464e-01	   4.1780974888883632e-01	   3.0346082290492343e-01	   4.1298271026649036e-01	   3.2895575233727492e-01	   4.5249658131509524e-01	   3.1551990636492927e-01	   5.5101705024509018e-01	   4.8438225271694535e-01	  -3.0451522335562492e-01	   1.2000873073934240e-01	   4.8536632623231668e-01	   7.3305295043948226e-01	   4.1561035938713553e-01	   3.9456761427978165e-01	   4.4673468567233515e-01	   4.0601348799260534e-01	
   2.1353633621362031e-01	   1.6302216613959247e-01	   0.0000000000000000e+00	   5.5344968242675496e-01	   7.7270274336838396e-01	   3.5658837591867609e-01	   9.7239072191638076e-01	   1.8203715837028447e-01	   6.0096450171941618e-01	   9.3480860012763650e-02	   2.0303500909905722e-01	   9.7734964199797783e-02	   4.4006430879581193e-01	   4.0144366011034421e-01	   7.7252936871717570e-01	   4.6407551731181196e-01	  -5.9888374783767864e-02	  -8.4088308343574433e-02	   3.8491548279020987e-01	   2.5070939736440062e-01	   7.0280272290203472e-01	   5.8155925260960073e-01	   1.5625343910167375e+00	   1.1975425001078202e+00	   1.6493457626606509e+00	   1.3759064753901094e+00	   1.0372146462810674e+00	   8.6585759828709186e-01	  -2.0293361169454810e-01	  -3.5833443042342067e-01	   9.3168627120150149e-01	   6.9713171888452274e-01	   5.4789664081422007e-01	   2.6060554209324355e-01	   9.5657467927404716e-01	   6.0290581674045363e-01	   7.2695967558607555e-01	   5.1235472851181785e-01	   6.3447465709741724e-01	   5.3606298754100712e-01	   8.4597968195088336e-01	   8.1798114152865375e-01	   3.2699360853486564e-01	   2.4853041250996222e-01	   6.6679055829249947e-02	  -5.9564263895033167e-03	   1.3115190521272951e-01	   1.6593944670670366e-01	   1.0931105097285763e-01	  -5.7992114885618271e-02	   1.5389878699440845e-01	   2.2425224727809969e-02	   3.5091677525328199e-02	   2.4462399553339252e-02	   2.2834077980559492e-01	   1.2997107958432069e-01	   1.4151007677168770e-01	   2.7197687865734654e-01	  -3.9020690733776404e-02	  -2.7709885346462810e-02	   1.5395485930314900e-03	  -2.7378365284244360e-01	  -4.1746474014612192e-02	  -2.5141301018331241e-01	   6.2273440277949410e-01	   1.2196035480386858e-01	   2.5224436412615386e-01	   1.4425983408934645e-01	   2.9228194572530231e-01	   2.8894535862656556e-01	   7.3285541855098546e-01	   3.9091886500243106e-01	   4.0835282558490643e-01	   5.3163408942617132e-02	   3.7719534168268398e-01	   3.4640678761444865e-01	   4.8272406690461828e-01	   3.7687582373788764e-01	   2.4123406238998082e-01	   1.8615928893831335e-01	   5.7878044679090870e-02	   3.0042677199319234e-01	   2.6577204976487029e-01	   3.5012744220438818e-01	   1.0577167601857953e+00	   7.4580603017771141e-01	   6.9774631389484598e-01	   7.2123877744469023e-01	   7.6711443722516470e-01	   3.9292332456211460e-01	   2.7030734901100884e-01	   5.2640812499724743e-01	   6.1455805867859947e-01	   9.2960288784760792e-01	  -1.3786896502375823e-01	   2.4337124629870144e-01	   2.5259109690407522e-01	   2.4001762740257565e-01	   5.1895627053332540e-02	   2.8076654840954895e-02	   2.0442870585840330e-02	   5.3381373154408918e-01	   1.1388511268278927e-01	   1.4931548698733174e-01	   6.8629136640863994e-02	   3.1856721011035721e-01	   6.2229137951960695e-02	   7.0275557713151846e-02	  -1.4687161932618159e-01	   2.0841365484665277e-02	   3.3266245306561704e-01	   6.2332284807405595e-02	  -9.3721728600722282e-02	   8.4143874969048071e-02	   3.0126866363772253e-01	   4.7732630187012834e-02	
   1.0009845860424947e-01	   1.7270036012085210e-01	   5.5344968242675496e-01	   0.0000000000000000e+00	   5.3859947939519881e-01	   6.8245469079000820e-01	   6.2737066678817044e-01	   8.1554182893308724e-01	   2.4414350166638438e-01	   2.1252111017972172e-01	  -1.4815584112285088e-01	   1.6515152308067679e-01	  -1.4688199145897901e-01	   2.5840051385446944e-01	   2.4014866921435910e-01	   5.1368643530372182e-01	   8.3589391151712766e-02	   1.7766092733418273e-01	   3.1349262661423127e-01	   6.6413408635291715e-01	   4.3828064867119004e-01	   4.6485157951492706e-01	   6.3753072112574494e-01	   8.9377020081675218e-01	   4.0825376148470649e-01	   5.5659603166013361e-01	   3.7517337327308947e-01	   3.9079657340419893e-01	   6.7610661452467122e-02	   1.2638167881470347e-01	   6.4049287196743043e-01	   8.7134040668219792e-01	   9.1315471237396562e-01	   8.6773993957659745e-01	   4.7973730347083154e-01	   5.7357306371463301e-01	   1.9859581634155019e-01	   3.2705089585179048e-01	   4.6376429563064686e-01	   4.3488715137416778e-01	   4.5217924483658195e-01	   5.6789311335145831e-01	   3.4012931887199860e-01	   3.1913113701629042e-01	   1.4896648082660888e-01	   1.4762985103103585e-01	   1.3431145896252145e-01	   2.2340464312835634e-01	   1.2499482684893984e-01	   3.2488087030387587e-02	   1.5749308656321021e-01	   7.8128885145129237e-02	   8.1671486826891862e-02	   4.4651646999777500e-02	   1.7138664288357730e-01	   1.2340247445448699e-01	   3.2590394782148185e-01	   2.9877475277775828e-01	  -2.8101506459445101e-03	   6.3039340780426709e-02	   1.7290734436342045e-03	   2.4211913271929963e-01	   4.2592177036095602e-01	   3.4639621494368961e-01	   2.8206594495654763e-01	   4.4023368694046422e-01	   4.4284129526247945e-01	   4.8309576933094395e-01	   3.3030833235731877e-01	   3.3542001800334093e-01	   4.5217352673361966e-01	   3.4713480064919605e-01	   5.7596067324742140e-01	   3.9711159377942151e-01	   5.3909754655789088e-01	   4.9684877892358847e-01	   5.4115621549113402e-01	   6.4936457377787749e-01	   2.1096888397489558e-01	   3.0819446402951994e-01	   1.3320132819232500e-01	   4.2055465055494679e-01	   1.7888952978176736e-01	   3.0963448204791610e-01	   6.8948525575631903e-01	   1.0691577852066474e+00	   4.5392900032972094e-01	   6.4996420037070290e-01	   4.6643339932805905e-01	   4.6446315675240135e-01	   4.8430130815539879e-01	   2.5159243721851970e-01	   6.6100640835194979e-01	   2.1077376594346037e-01	  -3.4388788819435891e-02	   1.3125072188710421e-01	   2.8691452661462902e-01	   2.0986348484411302e-01	   1.4387166998355952e-01	   1.0460435216664220e-01	   4.0655895129863301e-01	   2.2324830149359839e-01	   4.8371152050093141e-01	   2.6762933158728719e-01	   2.5908929546679493e-01	   2.1166983180420382e-01	   1.0723449178774903e-01	   1.6419895609835711e-01	  -1.3099285322542975e-01	   1.2991451803834983e-01	   4.6871759451908901e-01	   5.1718770469049394e-02	  -1.6119872206675639e-01	   3.3278373160134189e-01	   3.7699845244214181e-01	   1.4208573881385975e-01	
   2.3149073287908523e-01	   2.8467504241665775e-01	   7.7270274336838396e-01	   5.3859947939519881e-01	   0.0000000000000000e+00	   9.1285406698045324e-01	   6.3583926462617024e-01	   2.8589156223372586e-01	   9.8472069020404740e-01	   6.6576953000279504e-01	   2.9342354174660745e-01	   2.9348058228105911e-01	   4.6794871311148578e-01	   5.0669224229316256e-01	   8.4896060847867139e-01	   9.7619731101664353e-01	  -2.2466964731365491e-01	  -1.7424178935026052e-01	   2.2286391616226855e-01	   1.6304244093747280e-01	   6.5068393718793593e-01	   6.9665693806051643e-01	   8.1417475083508750e-01	   8.5365857905009301e-01	   6.9820012753067540e-01	   7.6473368089656080e-01	   9.4835292960881545e-01	   9.7344281267561261e-01	  -3.5283264425740046e-01	  -4.1827637832786252e-01	   2.9918477225003615e-01	   2.8044434794066370e-01	   2.0184926532304839e-01	   5.3069913936658199e-02	   5.1761324640500306e-01	   3.4999899081968794e-01	   5.7437544874331659e-01	   3.5715087193422923e-01	   5.1596614470715474e-01	   4.7470565228531869e-01	   4.4776920386749886e-01	   4.8079414165918594e-01	   4.5260090760852800e-01	   3.6358620264973568e-01	   3.4683912819773216e-01	   2.8318298063717279e-01	   3.0383589561277097e-01	   3.3137561820047146e-01	   3.6435522647902768e-01	   3.1456283928671813e-01	   3.6005115529393755e-01	   3.2707586315774495e-01	   2.4533586795023016e-01	   2.5369374138779932e-01	   3.5312541380128432e-01	   2.7488976853412000e-01	  -1.0891408749371350e-02	   2.7254422861375061e-01	   1.9799818871536579e-01	   1.6780532448322516e-01	   2.8725743512989310e-01	   1.1797887314561194e-01	  -9.6677043481566121e-03	  -1.8899857905761874e-01	   6.5781535464495078e-01	   4.5249716140057056e-01	   3.5266913190527133e-01	   2.9831154401200122e-01	   8.8276345881168117e-02	   2.2029555739801659e-01	   3.8113626692589614e-01	   2.5517630254687618e-01	   8.4519480332011190e-02	  -9.1231235397603153e-02	   8.0656461295403048e-02	   2.4041328781455235e-02	   2.3116110143408497e-01	   2.1034702178951278e-01	   3.6500910735781086e-02	  -1.2106767162642274e-02	  -1.5887741058319477e-01	   5.3504156204998682e-02	   1.4392964688171095e-01	   3.3317353666896338e-01	   9.5563644302649353e-01	   8.3472544227520906e-01	   4.2310347135594906e-01	   6.7949897712581420e-01	   8.6403145460871644e-01	   7.2286982538599409e-01	   4.5741077299818828e-01	   5.4417630629475888e-01	   7.3826416724753352e-01	   7.5595058092058920e-01	  -1.7072395809698585e-01	   1.1247648518205013e-01	   3.2206389692824366e-01	   1.9105407221253556e-01	   2.7721283150050546e-01	   2.4285607845481735e-01	   3.0804213792299839e-01	   6.6311545122827575e-01	   3.1807420012873822e-01	   3.6889453766659480e-01	   3.8915565205281499e-01	   5.1045287865059707e-01	   3.1452194309871989e-01	   3.5180492070333086e-01	  -1.2244971156614338e-01	  -9.1274322767145810e-02	   2.3973569969777930e-01	   2.4643895578227551e-01	   1.7774481208915929e-01	   2.1379778571403157e-01	   4.3173682524848439e-01	   2.2314226006059323e-01	
   1.5488007230268816e-01	   3.4635166618224483e-01	   3.5658837591867609e-01	   6.8245469079000820e-01	   9.1285406698045324e-01	   0.0000000000000000e+00	   4.0205050188128694e-01	   5.7985865636873901e-01	   5.9710399245428425e-01	   8.4867968303195562e-01	   7.6774627368080148e-02	   4.6618189422899015e-01	   1.1744838701209961e-01	   5.7185854879593789e-01	   3.6346345831179672e-01	   8.0740954311535695e-01	  -1.0211076313873228e-01	   4.0524143661933694e-02	   1.5144206111403710e-01	   4.1219242141113288e-01	   6.2764228176352621e-01	   6.5595685353312616e-01	   4.0380880429918847e-01	   5.5435530300139602e-01	   3.0449315667687071e-01	   5.1383147414580876e-01	   5.5614944532854360e-01	   6.8244283512592441e-01	  -2.2834217094279172e-01	  -6.4570881118139065e-02	   1.6619166052163739e-01	   2.2136166598343815e-01	   3.4378368863803788e-01	   3.2498637103950118e-01	   3.4403538475349532e-01	   3.6603943813282835e-01	   2.0947452045145740e-01	   1.9071367191579519e-01	   3.2361037822780947e-01	   5.2318326833106032e-01	   2.4143876900328090e-01	   3.7652058400736294e-01	   5.8854213994991600e-01	   5.2771798465501341e-01	   5.2574003418941195e-01	   5.2208993254692759e-01	   4.7552531106000229e-01	   5.1242237197815954e-01	   4.7522625415049652e-01	   4.7034412362381961e-01	   4.6935074195713794e-01	   5.0656152709578783e-01	   4.0798383174624159e-01	   3.7505872988172473e-01	   4.7551734685187186e-01	   4.1170128377981641e-01	   9.3908034321235609e-02	   2.4652802813598473e-01	   3.0041945386507402e-01	   2.3704341919582916e-01	   4.0633383122860806e-01	   5.4196230310302285e-01	   2.8772834491020671e-01	   2.2707314134825241e-01	   3.2971835817775519e-01	   6.7809176469692523e-01	   5.6821296077153560e-01	   5.9041901114120976e-01	   2.4472504869202971e-01	   3.7733716990626692e-01	   1.9744111841162654e-01	   1.8393826631457236e-01	   1.4000678309562370e-01	   2.2137572651590595e-01	   9.2581841501376660e-02	   1.5004614750798065e-01	   1.5207055057505756e-01	   3.0999159912492003e-01	   7.2891872957863896e-02	   1.7325407348900251e-01	  -8.4361642760660549e-02	   7.1463005990036660e-02	  -6.9541858443060572e-02	   8.7990795913048314e-02	   5.6913944963434582e-01	   7.1958880710113882e-01	   1.7226024807495599e-01	   4.1379655165677115e-01	   7.5286683098690488e-01	   9.1942736359801924e-01	   5.8729234725599888e-01	   2.8650843465408815e-01	   7.1055605340472860e-01	   2.9260550682306247e-01	  -6.4187286924393586e-02	   1.7455617008638197e-01	   5.8051930873952473e-01	   2.9594042430707351e-01	   4.3456387315862677e-01	   3.2437588160731745e-01	   6.4208012848817531e-01	   4.6104979723181472e-01	   4.8422793951132437e-01	   4.1844817986201821e-01	   4.5232378200457685e-01	   4.4944805045658670e-01	   3.9231241488169027e-01	   4.5831195779361317e-01	  -1.0984433813746497e-01	  -9.8367145285977245e-04	   4.5684475642715694e-01	   2.8877494849945984e-01	   2.2054195174435845e-01	   4.1539200079258926e-01	   4.7785406394886143e-01	   8.4593754209128597e-02	
   4.1453902688770933e-01	   2.1801222252168317e-01	   9.7239072191638076e-01	   6.2737066678817044e-01	   6.3583926462617024e-01	   4.0205050188128694e-01	   0.0000000000000000e+00	   6.2425198524400838e-01	   5.7209910325237701e-01	   1.5870153183291469e-01	   4.6141210658335846e-01	   2.3598430570225434e-01	   5.6459977192052624e-01	   3.9977326134098751e-01	   6.5677406386117754e-01	   4.6431448719607105e-01	   1.4841150779246309e-01	   3.5819477029356561e-02	   8.2156928953543673e-01	   5.6046698279599860e-01	   4.6734587254271676e-01	   5.2777984591955651e-01	   7.6561736858846252e-01	   6.8608465578728561e-01	   6.5140257377454314e-01	   8.1652452430278166e-01	   3.9763271949889845e-01	   3.5829983527544690e-01	   2.7019356799056637e-01	   9.0478510253908073e-02	   7.8662483258711424e-01	   6.8720583240176303e-01	   7.0672717327363055e-01	   5.7512636483838486e-01	   7.0892266611071530e-01	   5.8851245323645240e-01	   3.8377037491855281e-01	   1.5890818396643702e-01	   4.4967174257127884e-01	   3.1191682079934674e-01	   4.6869752588836122e-01	   5.2175607066079122e-01	   2.4375076931613282e-01	   1.7782103984689496e-01	   1.0138642257629107e-01	  -3.4135098525013021e-03	   4.5352440978099262e-02	   9.8992255659674344e-02	  -1.7362018094654423e-02	  -1.2453821190251479e-01	  -2.0326544336980387e-02	  -8.5091939197306607e-02	  -8.4557991006535480e-02	  -7.0867545709046825e-02	   3.5100919870133224e-02	  -1.4495596293654709e-02	   2.2005802685503686e-01	   2.7527116549743175e-01	  -1.4889084290700288e-01	  -1.7442822382665052e-01	   3.0775415766924906e-02	  -1.0526804900479661e-01	  -1.6776987536385655e-02	  -1.4718160567784319e-01	   6.2218367718323875e-01	   1.9758149984051174e-01	   1.8015049202405267e-01	   1.3628295732038587e-01	   2.0178741402923789e-01	   1.8088769452360026e-01	   7.0121476471613498e-01	   5.7759569701694835e-01	   5.8440144825571361e-01	   3.0540881981929768e-01	   5.9001392588831936e-01	   5.0446372477440671e-01	   5.9764342815291860e-01	   4.6454694959407711e-01	   1.4870169883497292e-01	   1.6860958354533143e-01	   3.2012113958754507e-01	   3.7731643227767897e-01	   5.3349959627182497e-01	   4.0070435324810222e-01	   6.8519838094237995e-01	   5.2050178706604355e-01	   3.8030556247475239e-01	   4.5253431127278521e-01	   4.6843866812670154e-01	   2.2495688588021545e-01	   4.2639572353013266e-01	   6.0461905757771561e-01	   5.8686407262825058e-01	   6.4703178828000929e-01	  -4.6703393186352894e-02	   1.6171517661142459e-01	   1.3966819935651151e-01	   1.6245244755758598e-01	  -7.7836171125753705e-03	   6.6882972581264730e-02	   2.0348785752340465e-01	   4.8797319544799145e-01	   2.9554101686252299e-01	   2.5005795335137476e-01	   1.2110403706120468e-02	   1.5676399791998763e-01	  -1.8922400897508605e-02	  -5.9157084918271520e-02	  -4.7673546451779583e-02	   9.8821688471756097e-02	   2.8383191555480158e-01	   6.0827101133763598e-04	  -1.1653511596079021e-01	   5.6301346183227158e-02	   2.2496956410839991e-01	   1.3593881038468580e-01	
   2.8767482749620504e-01	   2.4245993433588428e-01	   1.8203715837028447e-01	   8.1554182893308724e-01	   2.8589156223372586e-01	   5.7985865636873901e-01	   6.2425198524400838e-01	   0.0000000000000000e+00	   3.2621687918676806e-01	   4.9395574469888448e-01	   2.2312302223562919e-01	   4.6125591583243086e-01	   1.1921069602636067e-01	   4.2718069388716551e-01	   1.4160700924592956e-01	   3.4510140120060356e-01	  -1.0945164899537218e-02	   3.8831604251450783e-02	   4.9230998962925743e-01	   5.4062718926335696e-01	   2.2021539330654391e-01	   3.4747549313206466e-01	   1.2313016912821416e-01	   2.6043000882253642e-01	   6.9698903494912881e-02	   2.8516398012905209e-01	  -4.4414989315015758e-03	   5.0786772566888197e-02	   2.3943014811574553e-01	   2.2842577002671605e-01	   2.1776944373210563e-01	   3.3971142095942242e-01	   5.2402154189692474e-01	   7.9158499492306200e-01	   3.8306487690454094e-01	   6.2812602569049059e-01	   9.6468073595315645e-03	  -5.8182883221512955e-04	   2.6071735076920366e-01	   2.8092508514509762e-01	   8.4710904476275078e-02	   1.7884732989473262e-01	   3.6836620493418443e-01	   3.5608041857041789e-01	   3.5053497189405874e-01	   3.3914106005771749e-01	   2.0778468370741809e-01	   2.9181158874249979e-01	   1.6727596806291611e-01	   1.8891682106102214e-01	   1.2993475438638505e-01	   2.0966607969174733e-01	   1.0738771135874139e-01	   9.6469188434122582e-02	   1.2398242459084895e-01	   1.1290485258400530e-01	   8.6182824456594934e-02	   4.9668298932856687e-02	   5.3373147235373187e-03	  -6.0629295928298597e-02	   1.7566092622013518e-01	   5.8165716030863712e-01	   4.0723461428488643e-02	   1.6867323647363827e-01	   4.0799864424584753e-01	   8.4914672766076271e-01	   3.0711417156366849e-01	   4.6448385262806174e-01	   2.0546288731038698e-02	   1.1909379526759539e-01	   2.2961776516469101e-01	   2.3838122024020458e-01	   3.4875490727461295e-01	   3.2694357764253673e-01	   4.2449096678049880e-01	   3.1103254672416758e-01	   3.0179616048350077e-01	   4.7191232393435173e-01	  -1.0799427855371541e-01	  -4.6868072606270177e-02	   5.0670582934661611e-02	   5.1822276288301959e-02	   2.7753061170210291e-01	   2.0321526245412003e-01	   2.2647580213818719e-01	   3.9739583889130325e-01	   1.4110623726258173e-01	   1.2726560401940432e-01	   1.7710994815203404e-01	   3.3545135892253802e-01	   7.0928881714771286e-01	   3.3574602571867407e-01	   6.1083604750537424e-01	   5.8421515381650080e-02	  -1.4280001454531307e-02	   7.2223956442507717e-02	   2.2201875964842616e-01	   9.4699114636797629e-02	   2.2500926585419501e-01	   2.3740775694911498e-01	   7.3582209092885009e-01	   3.1788022619596590e-01	   5.3593236121328747e-01	   3.8978645649049465e-01	   2.1314003343775803e-01	   1.3619339862187210e-01	   2.2584076644982953e-01	   1.6419193657121606e-01	  -1.5893331827635662e-02	   1.9214432723829161e-01	   3.5637598332427406e-01	   1.4353488468386577e-01	   7.8601607468188089e-02	   2.5185572564822123e-01	   3.2554288951151600e-01	   1.0442563072927166e-01	
   2.3445474417483642e-01	   2.0570176295296871e-01	   6.0096450171941618e-01	   2.4414350166638438e-01	   9.8472069020404740e-01	   5.9710399245428425e-01	   5.7209910325237701e-01	   3.2621687918676806e-01	   0.0000000000000000e+00	   9.0524437393314638e-01	   3.9380225381765738e-01	   2.7118601439841494e-01	   6.5250626131947642e-01	   4.4627115653243260e-01	   7.7261877598635298e-01	   6.1379941377993708e-01	  -3.8549527944096945e-01	  -3.3428268826638724e-01	   1.0698793012457408e-01	  -1.1321772243536259e-01	   6.1497516566301069e-01	   5.7005099403793014e-01	   4.7066080904217489e-01	   4.3937004588387668e-01	   5.9027308547432078e-01	   6.4734046622529084e-01	   7.2403790556998460e-01	   7.0098359951054590e-01	  -4.5096860494244989e-01	  -6.2631663239754642e-01	   1.0697118698423617e-01	   2.2063976018230642e-02	   3.1308978667897586e-02	  -7.1141859441132382e-02	   5.2242884114351928e-01	   3.7489595571740714e-01	   5.1807188412655247e-01	   2.6717759546451691e-01	   2.6803780577687086e-01	   4.0338492091921657e-01	   3.1862520559182389e-01	   3.4698217041150703e-01	   4.2630946517752011e-01	   3.7629272440865974e-01	   4.6583383910653309e-01	   3.9491733531442735e-01	   3.7183982837560559e-01	   3.8533130835382540e-01	   3.7962852878381714e-01	   4.1534504569646385e-01	   3.7899527088464269e-01	   4.2933809283464175e-01	   2.9957017205666103e-01	   3.1589729902459562e-01	   3.7006602873240740e-01	   3.2726418751751829e-01	  -2.3307590378623572e-01	   1.2013487225543259e-03	   2.3821525389139986e-01	   1.5663416657666215e-01	   3.9120706994392512e-01	   1.4572868317145046e-01	  -2.4965172015157891e-01	  -3.8728613952171470e-01	   9.2812547896734343e-01	   5.7361952173431274e-01	   2.7235801012691341e-01	   2.5053616282944324e-01	  -1.4579968736762236e-01	  -7.5268992092658452e-03	   3.0046923721050578e-01	   6.9036546083805009e-02	  -7.8519867663700893e-02	  -3.0323962835669344e-01	  -5.1373865438448525e-02	  -1.1782425476449548e-01	   1.2490197804715811e-01	   8.8223568115356019e-02	  -3.1359211525287332e-02	  -1.9439551039742842e-01	  -1.8542813040023551e-01	  -8.6046295644890386e-02	   1.8250515370483094e-02	   2.7517879087992442e-01	   6.2972101126062974e-01	   4.9618640512070100e-01	   2.6216087331583315e-01	   3.7073457846143937e-01	   6.3594588993125001e-01	   6.1378861883703451e-01	   4.3481834850541851e-01	   5.3010203746282114e-01	   5.3800161458641760e-01	   6.5487741067563499e-01	  -4.8807010014626381e-02	   1.8871243297706128e-01	   2.9635066648424790e-01	   1.2323343480933534e-01	   3.1697384709725585e-01	   2.9398443959306764e-01	   3.8395709502704356e-01	   7.0952888968737338e-01	   2.6971793658843041e-01	   4.3979801042068600e-01	   2.9334328481296085e-01	   5.1205160363125735e-01	   4.3644515851755905e-01	   3.6337596569592512e-01	   3.8014374417652590e-02	  -5.9477263924417288e-02	   1.3413789794308792e-01	   2.4785462876564759e-01	   3.5874723304394907e-01	   5.3137811289025456e-02	   3.2876536936851508e-01	   7.7714047252366483e-02	
   2.0406388535328723e-01	   1.5407439505127138e-01	   9.3480860012763650e-02	   2.1252111017972172e-01	   6.6576953000279504e-01	   8.4867968303195562e-01	   1.5870153183291469e-01	   4.9395574469888448e-01	   9.0524437393314638e-01	   0.0000000000000000e+00	   3.1766113042034422e-01	   3.9186772349186072e-01	   3.4076729029162428e-01	   3.6763273052680873e-01	   3.7070842903779733e-01	   6.3979810196748066e-01	  -4.2517898940455584e-01	  -3.9800485779076106e-01	   7.6147314619610607e-02	  -5.3230636419107809e-02	   3.7060874804076199e-01	   4.4299911945493531e-01	   5.6777208753584898e-02	   1.3906707139428942e-01	   1.5932208577774915e-01	   3.2684950149739755e-01	   3.8023235844840425e-01	   4.5819052339603383e-01	  -4.2041616391612419e-01	  -4.3201715561243165e-01	  -2.0878071054105918e-01	  -1.9154714861292918e-01	  -9.1071526591800150e-02	  -3.7164625924118483e-02	   2.2790247193483787e-01	   2.3029678688465371e-01	   1.8312753772501750e-01	   9.6199439652949484e-02	   1.2864658183172581e-01	   3.1598326935298127e-01	   1.4695204335221196e-02	   4.7021486981238321e-02	   4.8911102283668323e-01	   4.7543643673780855e-01	   5.8387086667383414e-01	   5.6106959080835372e-01	   4.6072001363342341e-01	   4.6018025445118732e-01	   4.6903101965275579e-01	   5.8793415018263773e-01	   4.2682880930981343e-01	   5.9468656980291601e-01	   4.0768304466047367e-01	   3.6730325261496882e-01	   3.8021589507021153e-01	   3.5485054393026316e-01	  -3.3797345100455906e-01	  -1.5805257119535618e-01	   3.8021632400287148e-01	   2.5960473843810195e-01	   5.0130492810473493e-01	   5.2424836711933109e-01	  -1.8499519985479052e-01	  -2.0157608869620491e-01	   5.1938555039229639e-01	   8.9710426672733878e-01	   3.3169831397614863e-01	   4.0843996389386339e-01	  -1.9637320510286721e-01	   1.0336281770689218e-02	   1.8628832526108027e-02	  -8.0987601771201734e-02	  -1.8093695849624936e-01	  -2.1117010364685621e-01	  -1.3969363909177396e-01	  -2.1221393428664806e-01	  -5.2461805310540458e-03	   7.2878761092790317e-02	  -2.6555426113624625e-01	  -3.4335863475877015e-01	  -3.9259422597837262e-01	  -3.6179372666019377e-01	  -1.1269915175439689e-01	   1.7015898737845508e-01	   2.7830268459339397e-01	   3.5669351683617095e-01	  -3.8046912909544109e-02	   1.7498571965319751e-01	   3.7933559414215634e-01	   7.1147677305998502e-01	   6.4742185217524573e-01	   4.4849355573353189e-01	   5.5586693375440177e-01	   2.8063347366185176e-01	   3.3257464198228018e-02	   1.0316677641450007e-01	   3.8656434771165388e-01	   5.5233200601445057e-02	   4.5436340912143036e-01	   4.3037320131365669e-01	   7.1998819216060095e-01	   5.5353621550481391e-01	   3.9554306495056729e-01	   5.0812944432636575e-01	   4.7236113176555977e-01	   5.6747629097920982e-01	   5.2916112595221609e-01	   5.3059143016730437e-01	   1.2767313702543451e-01	  -6.2829046140415915e-02	   2.3773924725538137e-01	   3.9760429904319744e-01	   5.6691331524875432e-01	   2.8065415067829547e-01	   4.2214247016000384e-01	   7.5890676494876033e-02	
   9.2519076194220540e-01	   4.3440784455053244e-01	   2.0303500909905722e-01	  -1.4815584112285088e-01	   2.9342354174660745e-01	   7.6774627368080148e-02	   4.6141210658335846e-01	   2.2312302223562919e-01	   3.9380225381765738e-01	   3.1766113042034422e-01	   0.0000000000000000e+00	   6.9799944553526638e-01	   1.4123807766527015e+00	   5.1820268000074032e-01	   5.6524217962624490e-01	   3.2274628679221684e-01	  -2.9677649267057942e-02	  -2.1772559969616642e-01	   6.2212657318441278e-01	   8.7902736052113115e-02	   8.3034444921325945e-02	   1.5952026856953552e-01	   6.9130968601059939e-02	  -2.3304578152461928e-02	   1.4514712523271045e-01	   2.3706232590945106e-01	   1.2861565592102531e-01	   1.3745673501317135e-01	   2.2198156034010585e-01	  -8.4315760022064076e-02	  -9.2774746553314733e-02	  -2.0689456581827489e-01	  -2.0001907770448610e-02	  -4.4236401497098003e-02	   3.2526021149989121e-01	   2.7470701998797198e-01	   4.4042489558517700e-01	   1.6949511585395663e-01	   4.5118455036491456e-01	   3.4340680391024037e-01	   1.7095970721079615e-01	   8.4742000053122060e-02	   4.1585495556421104e-01	   3.7588085343182492e-01	   3.6379346094039622e-01	   2.8790515519507587e-01	   3.1504864269951022e-01	   3.3435098153547349e-01	   2.5304605388980789e-01	   2.5482212286396111e-01	   2.1299489264080040e-01	   2.9599120840635018e-01	   2.2835661910323557e-01	   2.0266733608844828e-01	   2.7481314212356406e-01	   2.2596528688925202e-01	   5.9892071725943158e-02	   1.3149265707837307e-01	   2.6475117158988304e-01	   1.0269676768231989e-01	   5.5478306227855001e-01	   1.7317877190136927e-01	  -2.3754738304128992e-01	  -2.7876619590635099e-01	   5.5924487397651812e-01	   2.6181965862582196e-01	   1.8301068522545699e-01	   1.9290124932906341e-01	  -1.4324059099926278e-01	  -1.5545346211003742e-02	   7.1813115392127938e-02	   1.2229016983737281e-01	  -3.8280089157706393e-02	  -5.9210983919782439e-02	   3.5324302393826446e-02	  -1.1096159833175159e-01	   3.5488474883743293e-01	   3.0688757833333641e-01	  -2.9998165537823263e-01	  -3.2969128362693412e-01	   8.4201092439693051e-02	  -1.0120599966646368e-01	   4.5494084019162268e-01	   4.7930218107294287e-01	   2.5822451227034626e-01	   1.3498178582553024e-02	   1.4359554390454751e-01	   1.3725379178955133e-01	   2.6273747004413361e-01	   3.1094308253939962e-01	   4.3898377696179902e-01	   4.9309807094627400e-01	   2.8166100878175515e-01	   4.0485094545801548e-01	  -1.8254313327757435e-01	   6.5033030114970164e-02	   1.4856673317062477e-01	   2.4996015957851686e-01	   2.7370582641935526e-01	   4.3285986774555346e-01	   3.7618656742868706e-01	   5.2588005080810296e-01	   2.7832915029762695e-01	   3.6969741615164597e-01	   3.5711376803979261e-01	   3.9224678893942982e-01	   1.8895279914111479e-01	   2.1549737590783818e-01	   1.6930279665901403e-02	   9.4722379927020220e-02	   2.5401707044208399e-01	   3.7827479216834270e-01	   3.9658504711539388e-01	   2.6672561995055688e-01	   4.5510949621484209e-01	   3.4991057729694969e-01	
   7.9881534909530005e-01	   7.8984057221982495e-01	   9.7734964199797783e-02	   1.6515152308067679e-01	   2.9348058228105911e-01	   4.6618189422899015e-01	   2.3598430570225434e-01	   4.6125591583243086e-01	   2.7118601439841494e-01	   3.9186772349186072e-01	   6.9799944553526638e-01	   0.0000000000000000e+00	   5.3809703260370123e-01	   1.2981456034981811e+00	   2.9696435846905456e-01	   5.4462426745210712e-01	  -2.3026721130656572e-02	   1.0110847961953952e-01	   2.5821968350633251e-01	   3.3316287054378579e-01	   2.1500631922497138e-01	   2.0842260149563499e-01	   6.9003606593648015e-02	   1.7975500238669523e-01	   9.3513380331871662e-02	   2.1207148978508669e-01	   2.8263457992270413e-01	   3.6197246478151124e-01	   3.7226292139035153e-02	  -1.5369732385772390e-02	  -1.8420282543834970e-01	  -1.9303478473782362e-01	   6.7458582625572208e-02	   9.2146999600016502e-02	   1.8244735370965981e-01	   3.3131716779047776e-01	   4.1245315209678285e-01	   3.6550390879679445e-01	   5.2683184281475903e-01	   6.8868211404894553e-01	   2.5657018066213522e-01	   2.6503376026017805e-01	   8.2834555233705343e-01	   7.8143437095493873e-01	   5.8188302719927443e-01	   6.4170702102617194e-01	   7.1912691275021934e-01	   7.9117962028882483e-01	   6.1569950194342804e-01	   6.0664986531018084e-01	   6.7471580185255187e-01	   7.4773388498112570e-01	   6.6569447197392628e-01	   5.5315917686973581e-01	   7.7353218490187015e-01	   6.5656073160429396e-01	   2.8108694710155763e-01	   2.6259280789214245e-01	   4.6305426226157798e-01	   1.8999705572483067e-01	   9.5304664429760189e-01	   7.5906461564860217e-01	   2.1921695378700701e-01	   2.1635091508913817e-01	   3.0846636883064066e-01	   6.0878824213769334e-01	   5.1940557058191528e-01	   5.9721969795359697e-01	   1.8146953708087443e-01	   3.4878365931026833e-01	  -1.7670147131617409e-01	  -6.9147113568673119e-02	  -8.9325006656069447e-02	   1.1897641943324577e-01	  -1.2061862599035644e-01	  -7.6822752090267454e-02	   2.3539033030067524e-01	   4.6595462069386884e-01	  -1.2980950018379209e-01	  -1.1613222009978827e-01	   4.3661494097674634e-02	  -3.3346513778540185e-02	   5.3304273109662820e-02	   3.0323394909464785e-01	   3.3433538386481765e-01	   3.0140497655945997e-01	   2.5767981765972109e-01	   1.1994816894824623e-01	   6.4125895421567936e-01	   7.0918497199279673e-01	   7.3056730510908463e-01	   2.6237746296839204e-01	   5.4392842815737386e-01	   1.9948473780823253e-01	  -1.7046951948612932e-01	   3.2102886842775263e-01	   6.3180924992141785e-01	   6.8322998775833299e-01	   7.4474202344679863e-01	   7.8742932229507789e-01	   9.2170314318616242e-01	   5.0028773854324871e-01	   6.0746515004183155e-01	   5.4984906075391726e-01	   7.2381044940537298e-01	   5.9479575271488960e-01	   6.5607347412796402e-01	   6.5236064915833603e-01	  -1.3450538756554478e-01	   1.9607744413223416e-01	   6.2821245266273384e-01	   6.1948929537080311e-01	   4.7233161302625609e-01	   5.4743584691941494e-01	   7.1538043363452797e-01	   3.4121573256924015e-01	
   6.2147842264844988e-01	   3.8882480055913610e-01	   4.4006430879581193e-01	  -1.4688199145897901e-01	   4.6794871311148578e-01	   1.1744838701209961e-01	   5.6459977192052624e-01	   1.1921069602636067e-01	   6.5250626131947642e-01	   3.4076729029162428e-01	   1.4123807766527015e+00	   5.3809703260370123e-01	   0.0000000000000000e+00	   6.1013358343471813e-01	   8.9563754855447764e-01	   4.2846668301927920e-01	  -6.6061798156546656e-02	  -1.5957241971789110e-01	   4.6611714917123492e-01	  -3.8856655492810692e-02	   3.0259963412472557e-01	   2.8964328299449182e-01	   3.0538032067827664e-01	   1.6380066722169365e-01	   3.6245226941050035e-01	   3.7762747556158816e-01	   3.5105792470673375e-01	   3.2767441677552978e-01	   6.4513827329628903e-02	  -2.3939389740906469e-01	   8.0224358672036908e-02	  -8.8812671097755647e-02	  -1.6267022513151774e-02	  -1.2000027794501342e-01	   4.0788035415172791e-01	   2.6227432865133860e-01	   6.7548944173863257e-01	   3.0914645093289067e-01	   4.8571027003232881e-01	   3.9521479405182325e-01	   3.7448033999910185e-01	   2.6966398183893625e-01	   3.2720046791163315e-01	   2.6407273346969673e-01	   3.2283660219880728e-01	   2.1690627084176162e-01	   2.4966681646265243e-01	   2.5186075842170208e-01	   2.3591502349347770e-01	   2.2199903368419302e-01	   1.8839144620354084e-01	   2.3900772001904647e-01	   1.4775993288232364e-01	   1.5218366162995398e-01	   2.7295625818110747e-01	   2.0747319982461659e-01	  -8.8561490134270865e-03	   1.6004751044088988e-01	   1.5586860688163395e-01	   3.4511970784307913e-02	   4.2845476733887455e-01	   1.2413249365353795e-02	  -3.1797652626836653e-01	  -3.8983101887068933e-01	   6.7449105143244836e-01	   1.7862655807913905e-01	   6.7596144995657775e-02	   3.7612409090981458e-02	  -1.9577905488929662e-01	  -7.4420259787180823e-02	   2.3454143813847098e-01	   1.8123879972906670e-01	  -1.7140601193700009e-02	  -1.0018682141917513e-01	   3.2992956513516768e-02	  -5.1823160809797632e-02	   3.1282370231066736e-01	   2.4855827088802535e-01	  -1.0097618021257172e-01	  -2.3193873862848746e-01	   7.8803921931758503e-02	   8.2858367607148951e-04	   4.2062847699807571e-01	   5.1627640124820140e-01	   4.1344352977855386e-01	   9.2815792826799443e-02	   3.3898272595391787e-01	   2.8114224809179844e-01	   4.5624678646226052e-01	   3.3070199962960634e-01	   3.5054655336151808e-01	   5.3156842589306841e-01	   3.5911203333077996e-01	   6.2844525427954079e-01	  -2.3549550785699991e-01	   1.1894615245527025e-01	   1.3467201294137043e-01	   2.3847866234786103e-01	   2.2626331742912534e-01	   3.1683714981687139e-01	   2.8486854463000094e-01	   5.9602715434991616e-01	   2.3980651274712392e-01	   3.1505232039053510e-01	   2.6039436836307517e-01	   3.8109211824536920e-01	   1.8958242734289243e-01	   1.6455396416755680e-01	  -2.7607472166048912e-02	   3.4710163779020420e-02	   1.5463014565742589e-01	   2.8825415778784619e-01	   3.2305084832442654e-01	   1.8169172925361066e-01	   3.7159150491526322e-01	   2.9086270753715027e-01	
