   0.0000000000000000e+00	   8.5278604527257107e-01	   7.5303375537064277e-01	   1.6757538383040582e-01	   8.4407404223575533e-01	   6.8898891630969072e-01	   6.8498717685818189e-01	   5.6659305854489073e-01	   7.2123794696600818e-01	   5.3519515657219929e-01	   1.0859268166438378e+00	   4.5457650968883340e-01	   8.9889244413659353e-01	   5.4544405022379361e-01	   9.5674661164592312e-01	   4.3575280124467242e-01	   2.4645241625392461e-01	   3.4019454164802937e-01	   9.5776945646381395e-01	   7.8181489023385564e-01	   2.7113458740351698e-01	   4.0918112500068421e-01	   5.4284290520827694e-01	   3.3334972255284362e-01	   3.9150637143637296e-01	   4.3076973385106665e-01	   5.2752944400144663e-01	   5.9028511816316043e-01	   3.3801506075216198e-01	   2.3965872674676825e-01	   2.0124988686072642e-01	   1.4082888676654975e-01	   4.4680024505270299e-01	   4.4603051717321240e-01	   5.5346396187982050e-01	   5.4113833507555975e-01	   7.7759044431732027e-01	   4.9212338546196438e-01	   6.3493461427681142e-01	   3.9762186117021503e-01	   5.2900051195662323e-01	   3.4228240540674065e-01	   9.3856504312649980e-01	   9.9270011813079040e-01	   6.5339754038453457e-01	   6.1667340066451037e-01	   8.5744223671576691e-01	   1.0759286249436677e+00	   6.9545104426813009e-01	   6.3629049864145326e-01	   1.0787126377927319e+00	   7.1708501190330087e-01	   1.2239217963852453e+00	   9.0537821506328275e-01	   9.7468223383739316e-01	   8.8370541385618684e-01	   5.1736608846205945e-01	   3.7116727167878311e-01	   1.0129017140674024e+00	   4.9089863904495257e-01	   4.6456364141310480e-01	   1.7260221778746709e-01	  -9.1136613373245023e-02	  -1.0304159366552534e-01	   4.8891538676570656e-01	   3.8671960785524390e-01	   7.4179807478923410e-01	   4.3569378082383986e-01	   5.3794816694014402e-01	   4.9435177241020839e-01	   3.2327950936575534e-01	   2.8136637080472604e-01	   4.2401222950311490e-01	   3.2027964471256398e-01	   4.5233126396526085e-01	   3.8364425680730546e-01	   6.0691384486302136e-01	   4.6452301985027722e-01	   4.5793675580081267e-02	   3.2616033249188575e-01	   2.4265106113304502e-01	   5.3715237579345709e-01	   3.9770120153180305e-01	   3.0848501966557057e-01	   5.1302905829538614e-01	   4.3651609738720465e-01	   5.0236612133468839e-01	   3.0914300062446642e-01	   8.3023598072051874e-01	   9.0850845845970307e-01	   8.9173147478172443e-01	   7.8988919130281343e-01	   6.5702760718696107e-01	   8.9983879168137171e-01	  -1.0934127352464530e-01	  -8.2866954502996068e-02	   8.1530002504914934e-01	   5.3723569515413172e-01	   9.4814364184494859e-01	   9.4017611846342009e-01	   9.1671055144439650e-01	   8.8382028679117075e-01	   7.9316995709796823e-01	   8.6254305736685755e-01	  -6.3229851424166594e-02	   1.3595156238921036e-01	   1.3639385643385832e-01	   5.8419827101464383e-01	  -1.0625791521772178e-02	   2.0244686847703980e-01	   6.5177689589386834e-01	   6.8632207229478892e-01	   6.7334816122521135e-01	   7.1827285801560758e-01	   7.0314498640923218e-01	   7.1678962687327638e-02	
   8.5278604527257107e-01	   0.0000000000000000e+00	   4.5581914034716559e-01	  -7.4695458427056799e-02	   4.1354244501064247e-01	   2.6830210150570905e-01	   1.5936539380835690e-01	   3.7487925930467042e-02	   2.2000735623274933e-01	   1.9230392873968238e-01	   3.8040074801626289e-01	   1.4885307502825912e-01	   3.5121838265056765e-01	   4.6245400636186363e-03	   3.8091951901016785e-01	   1.1784409201240205e-01	   5.1610306104201931e-01	   7.3520822310371159e-01	   1.0041806278457686e+00	   1.0466852668863562e+00	   4.7068030716727903e-02	   4.1867839186844602e-01	   2.8932459804419147e-01	   2.1943977862999852e-02	   4.6896087955163346e-01	   3.7543673627679536e-01	   4.2328217198603768e-01	   2.4982519987726065e-01	   5.0574398098665996e-01	   5.3505499983965132e-01	   2.5927378820114139e-01	   2.0622660021164071e-01	   6.5331331437033457e-01	   4.6621811942874136e-01	   2.5436520138248109e-01	   2.9689335816618917e-01	   9.6119330493290522e-01	   8.8938555457784696e-01	   2.1555933098594315e-01	   6.5829044421459415e-01	   6.5794415881142176e-01	   6.9053053549465482e-01	   9.3907419768324452e-01	   8.2014417819354968e-01	   8.0643252955482114e-01	   7.7212846970359916e-01	   7.1687793834730240e-01	   9.3452117672432633e-01	   7.4492294489673661e-01	   7.6853166513133164e-01	   7.5513187734177856e-01	   5.9571420461089919e-01	   8.8082872278291902e-01	   1.0601633892643381e+00	   7.2526244962339992e-01	   7.2631337112518446e-01	   1.1259126420471157e+00	   8.2866788309310158e-01	   4.1276704601271808e-01	   2.2286069640949741e-01	  -2.3747907307024880e-02	  -1.7903531086783514e-01	   6.5359173459609413e-02	   8.1461177867478252e-02	   1.6548566831634426e-01	  -9.0482919235431489e-02	   3.9525547490284552e-01	   2.0069021495809719e-01	   9.3901866485678087e-01	   7.0518548323238595e-01	   6.6036164978765033e-01	   4.6586177129648992e-01	   6.9549344141290625e-01	   6.7659203685980462e-01	   4.1104264329118573e-01	   2.7879652595386195e-01	   7.4703196413007533e-01	   5.4483350476141634e-01	   4.7031346269297847e-01	   7.1307319528536584e-01	   6.2408489728844274e-01	   8.9218688650133493e-01	   5.3438419094315814e-01	   3.9736431784299159e-01	   4.1095637708874538e-01	   2.0421271597468263e-01	   3.3327507887943064e-01	   3.5507195058143076e-01	   3.8422419692506549e-01	   5.1693203463581472e-01	   4.2969052063917801e-01	   6.5137050611393776e-01	   2.3344755937938944e-01	   4.8527545502110420e-01	   2.1054431339383842e-01	   1.2027233916355717e-01	   5.7254732881021775e-01	   8.0293638140359735e-01	   1.0062970480894076e+00	   9.9692664126993058e-01	   4.4095623352249858e-01	   5.0592951309973322e-01	   5.8973678487184789e-01	   7.0973572779141703e-01	   1.3933350693901708e-01	   6.4072638065724441e-02	  -2.9321977755301659e-01	   3.6691339808234025e-01	  -2.4304792953315185e-01	  -2.2918832238135889e-01	   4.7142802440921949e-01	   1.2346272013387036e+00	   5.5367540731592924e-01	   8.8112850386295216e-01	   6.6649356801841686e-01	   4.8156413239263890e-01	
   7.5303375537064277e-01	   4.5581914034716559e-01	   0.0000000000000000e+00	   6.3198362303305178e-01	   9.6853247375041696e-01	   4.5337348366072883e-01	   6.8020992946719672e-01	   4.0370666771811881e-01	   8.8098396553583669e-01	   4.7224363921619383e-01	   8.1757306032477972e-01	   3.7876275117889363e-01	   6.1048638349735473e-01	   4.6208966806520568e-01	   1.0485327766860890e+00	   6.6543822840303313e-01	   1.4918765164433503e-01	   3.1471501048346416e-02	   8.1273383774514352e-01	   6.5651148849894336e-01	   3.1278752928040521e-01	   4.4086436496191334e-01	   1.2305990549365784e+00	   8.2307389320471136e-01	   7.9366321420026065e-01	   7.2699479938057010e-01	   8.2049829403699237e-01	   8.3061826886493528e-01	   2.2199612863463558e-01	   1.0404265177729598e-01	   7.5904361362018680e-01	   7.9659095844601735e-01	   4.0239005861453297e-01	   5.4125049791871394e-01	   8.0291047001201554e-01	   6.2931738977698304e-01	   6.1723503761657506e-01	   5.6307504253056218e-01	   6.2784863445920014e-01	   3.7335237305250213e-01	   4.2971669530277612e-01	   3.8021553107147266e-01	   3.8115856096961298e-01	   3.0177387345944329e-01	   1.7720365164324575e-01	   1.5357721398881069e-01	   3.2682172902059170e-01	   5.0231096146351839e-01	   1.8728531861305797e-01	   1.5587266697654190e-01	   4.2901228145450043e-01	   2.7494507627107867e-01	   7.7587593968007584e-01	   7.2611396948375018e-01	   5.3945366275807516e-01	   4.5722433273040713e-01	   1.9377258302508504e-01	   1.6713395362168409e-02	   5.1887714045523481e-01	   1.1710881400531799e-01	   3.4723035487013537e-01	   5.5372878603022230e-02	  -1.9696688886887520e-01	  -2.5685926535469239e-01	   1.1079727140808575e+00	   6.6588622847134493e-01	   5.2519570030939522e-01	   3.5117521604779917e-01	   3.0720764979323967e-01	   2.5704714207730645e-01	   2.7448607833924266e-01	   3.7370251704006791e-01	   3.9178309133332434e-01	   2.2541887643176187e-01	   4.0620379584939093e-01	   3.5205280470179157e-01	   3.8148066587859614e-01	   4.1223297829922284e-01	  -7.6291437325916950e-02	   1.1298582320256266e-01	   8.0387654930710775e-02	   4.2307143356910093e-01	   7.3994974077269682e-01	   4.6058653780437420e-01	   7.8272171235405441e-01	   7.5269150711902288e-01	   8.7475970442421158e-01	   5.0783970072110396e-01	   1.1759921360327241e+00	   8.6353918022454323e-01	   8.5825593718429238e-01	   1.0062575777782989e+00	   1.0222214445665128e+00	   1.3515511360982095e+00	  -1.0755969669802000e-01	  -1.7374917450276225e-01	   5.7717572349308821e-01	   3.5848824603962309e-01	   4.4629036082443829e-01	   5.5243436074497287e-01	   6.5305819792784281e-01	   1.0102752039231684e+00	   5.5350862992494643e-01	   8.5107129610409893e-01	   9.1136478935914103e-02	   3.9901474776686811e-02	   1.1841983890333865e-01	   3.6076173340861306e-01	  -8.7633923027156585e-02	   1.7408558053858084e-01	   4.1027470522523274e-01	   4.0395141410076668e-01	   4.9269999810488990e-01	   6.2618004292526497e-01	   6.5070691450843432e-01	   6.0006078449442730e-02	
   1.6757538383040582e-01	  -7.4695458427056799e-02	   6.3198362303305178e-01	   0.0000000000000000e+00	   5.5264489202873768e-01	   4.4972341108290437e-01	   5.5483334960547270e-01	   6.1686826111971504e-01	   6.8178263018620910e-01	   5.2468918246152318e-01	   4.2616157998469539e-01	   6.1661816851644424e-01	   3.0563245702722663e-01	   6.4607049843300812e-01	   6.3349868479324134e-01	   8.7472485273739453e-01	  -3.5879263211165524e-02	  -2.8837197600357417e-01	   2.4763464751132780e-01	   3.1675601928190816e-01	   4.4292201329371478e-01	   2.9929973475397370e-01	   6.9923281482151856e-01	   1.1544207772224837e+00	   2.2309614038360692e-01	   5.7280991430166461e-01	   3.9654202978710057e-01	   7.7877775453924380e-01	   1.9923646790534860e-02	  -2.3211067205617553e-02	   4.5714743219114684e-01	   6.8202780869486035e-01	   1.6203291039759243e-01	   4.5940966002556249e-01	   3.3048025055670177e-01	   4.3961031977573056e-01	   5.2145807419802848e-02	   1.1617441752114410e-01	   4.6898421715886685e-01	   1.2410236073204280e-01	   9.7991362483968641e-02	  -9.9258196513643520e-03	   5.8713542813409014e-02	   8.9064009970884137e-03	  -1.0505767459791723e-01	  -4.9100487606195724e-02	   1.1854806159278757e-01	   1.6210994656527303e-01	  -1.7627818751188579e-01	  -1.8905451647101751e-01	   8.7438345139050980e-02	   5.0884635214273125e-02	   2.9455290453772842e-01	   2.2311090495489341e-01	   1.6328005104652485e-01	   1.5392302229899998e-01	  -2.0619438714569704e-01	  -3.8571717807073325e-01	   1.6135011175308833e-01	   1.0059855252089121e-01	   2.8335367534573186e-01	   4.2659566227900259e-01	  -6.5630513520608608e-03	  -1.6780611973979767e-01	   7.5959006124078277e-01	   9.9077241339374378e-01	   2.8100115825410388e-01	   4.9126265532856100e-01	  -1.7508814629897165e-01	  -1.2032949126439793e-01	   1.2347378701219195e-02	   1.9712853161723703e-01	   2.2280437099949177e-01	   8.3918565378278021e-02	   4.7201329390250191e-01	   6.2467547505608345e-01	   5.4214417975437176e-03	   2.7879051270647814e-01	  -3.0661365388363232e-01	  -3.4141221692549267e-01	  -7.0760567852193729e-02	   2.0380033051570765e-01	   4.9230614158048092e-01	   4.4997310969402271e-01	   5.4875771417740182e-01	   1.0186575109444360e+00	   5.6063204771243136e-01	   6.7413885230728932e-01	   7.4796165826835426e-01	   6.1816906902055224e-01	   7.5899101935207558e-01	   2.7682184128680515e-01	   9.5223188528514546e-01	   6.1537995289927272e-01	  -1.6874186067871047e-01	  -1.5383081092906470e-01	   1.9733034954738690e-01	   2.6723976654938759e-02	   8.7137981241852527e-02	   1.2258869865545008e-01	   4.4839623679596102e-01	   6.1148460878502087e-01	   3.1939284406848134e-01	   4.4935427902025321e-01	   1.1700662851871959e-02	   7.1981419375475281e-02	   2.4685721032728936e-01	   1.4885665709178411e-01	   9.3465117980294291e-02	   3.6664244307746807e-01	   2.0425521431885099e-01	   3.8538560516570633e-02	   2.4197210117445361e-01	   3.0396340999560928e-01	   3.5291868031474166e-01	  -1.8127732832933763e-01	
   8.4407404223575533e-01	   4.1354244501064247e-01	   9.6853247375041696e-01	   5.5264489202873768e-01	   0.0000000000000000e+00	   7.3624119869904880e-01	   5.5007784110720848e-01	   3.8825081214789786e-01	   1.1610448574260863e+00	   3.7297442588531249e-01	   9.1223843011219585e-01	   5.0527833940339251e-01	   5.8776678736920918e-01	   6.7026741456723427e-01	   1.1276087589560289e+00	   7.9688364627919572e-01	   1.3027870432130784e-01	   2.9126513691752166e-02	   7.3182673853784319e-01	   6.5962110189354750e-01	   4.9645392477812722e-01	   6.1069278257005422e-01	   1.1923194556702230e+00	   9.0089821310656981e-01	   6.7701037098760619e-01	   9.2595953481839377e-01	   7.6828685459828872e-01	   1.0850132326288180e+00	   2.2778680858102771e-01	   8.6499739180070728e-02	   5.0494713235377631e-01	   5.1509314323449595e-01	   4.2709719903337412e-01	   4.5352235241018396e-01	   7.7066717583203370e-01	   7.1985221157380586e-01	   7.0960941423775092e-01	   3.8208070114583120e-01	   8.6649063681287042e-01	   3.0434045557372735e-01	   4.1283720627789550e-01	   2.7687073732975392e-01	   5.3807641887642810e-01	   5.5677535529753397e-01	   2.7615926264484292e-01	   2.1458775511768496e-01	   5.7893969932215084e-01	   6.9830281776020531e-01	   2.7889361288832920e-01	   1.5517659894864974e-01	   5.4050151797819213e-01	   3.8579758324136637e-01	   8.2125970799918324e-01	   7.0779036954413377e-01	   7.1841094922910753e-01	   6.9701644853527445e-01	   1.5655633926880050e-01	  -3.0886824403164266e-02	   5.5953019485596034e-01	   1.2338173833206399e-01	   2.6980603996045860e-01	   9.7394657549690400e-02	  -7.3493388669641932e-02	  -1.0901058508008225e-01	   1.0295415359726114e+00	   6.8254743967039988e-01	   5.7977546693257009e-01	   4.1737813192716183e-01	   3.4036999701188153e-01	   3.5668038800852253e-01	   1.3851157269025982e-01	   2.5338185676907826e-01	   3.7014954055877047e-01	   1.6477961696232027e-01	   5.6426109434556804e-01	   5.2711664283185033e-01	   3.4750653157196731e-01	   5.3455644910795608e-01	  -1.5659018240842987e-01	   4.4127384572298561e-02	   1.2141678697585730e-01	   4.4956156775777478e-01	   5.7308954462945938e-01	   4.9213567349878029e-01	   7.9970172639224202e-01	   8.1808369802325076e-01	   9.7582932667638556e-01	   6.5365142412016797e-01	   1.1829722897873762e+00	   9.5781967167465165e-01	   8.5042235837326030e-01	   7.6343309792419023e-01	   9.5808030349158069e-01	   1.0755852541804005e+00	  -2.9870829783451153e-01	  -2.7065616298352418e-01	   7.1271219311271983e-01	   2.8583164482555190e-01	   5.5367077658522068e-01	   5.9885901370585881e-01	   6.5652643814214429e-01	   9.2438586380820009e-01	   5.9155265001790169e-01	   8.7449064063419346e-01	   1.5130932759356954e-02	   3.3835409575435162e-02	   3.0893182347319820e-01	   4.7053088081664696e-01	  -1.0584662326847696e-02	   3.3889948159259808e-01	   5.3358157063231904e-01	   3.8569481894901980e-01	   7.2496217966902232e-01	   6.8562570884361673e-01	   6.6238458011722356e-01	  -1.2227964720364670e-01	
   6.8898891630969072e-01	   2.6830210150570905e-01	   4.5337348366072883e-01	   4.4972341108290437e-01	   7.3624119869904880e-01	   0.0000000000000000e+00	   8.5164491127055730e-01	   9.9314159995354157e-01	   5.7111316016336733e-01	   8.8042865740201914e-01	   6.1807834453800503e-01	   3.6363506816796326e-01	   7.2498756281913301e-01	   5.2019683496895841e-01	   7.0574652349587508e-01	   3.5672658853291439e-01	   1.8591184943500585e-01	   2.8162142359809272e-01	   4.7918500313857376e-01	   4.0218694685439782e-01	   6.7058245632391422e-01	   7.4722645439221558e-01	   4.3164643484561793e-01	   3.6913071580423262e-01	   2.1791745683336666e-01	   8.6247354395330011e-01	   3.2529465676356129e-01	   6.9300295594063754e-01	   4.1057425069378295e-01	   2.8373712745176038e-01	   2.6972037465565313e-01	   1.5754817388675194e-01	   4.5030289505829074e-01	   5.6744051382003635e-01	   4.6438619467680764e-01	   5.8642419624377806e-01	   3.3881199098301046e-01	   3.9461451737243497e-01	   6.4473656241197319e-01	   4.7527350223418402e-01	   4.2846614438798486e-01	   2.0983463557052201e-01	   5.2771182693884322e-01	   6.1540097697629292e-01	   3.0626901045403615e-01	   3.2139644723122901e-01	   5.6436582109588551e-01	   6.5756948058747355e-01	   2.7824607438107102e-01	   2.0772823028548068e-01	   5.2175331994679419e-01	   3.1857871221256023e-01	   5.6357012694991293e-01	   5.1286435761858651e-01	   5.1398085603310262e-01	   5.4372175672856327e-01	   2.9056285199108300e-01	   6.2787651437743452e-02	   6.1480820059559960e-01	   3.9864232827317980e-01	   4.7431834734156553e-01	   4.9114114481971416e-01	   8.0416393112177686e-02	  -1.4958249599193436e-02	   3.3868930646539142e-01	   6.1511176320764449e-01	   6.3773953406261497e-01	   6.9688694795756589e-01	   2.3166770963254557e-01	   1.5851134491080135e-01	   2.3210619251674300e-01	   2.6474694726900511e-01	   3.2640680628050583e-01	   2.9376604342319013e-01	   4.5499364162461692e-01	   4.7563128729453008e-01	   4.0216361392938343e-01	   4.2677106662463127e-01	   7.9946595471549753e-02	   1.9884979468410430e-01	   2.3396618168950647e-01	   3.6728188569847009e-01	   1.4238143936706019e-01	   3.4186944407313946e-01	   2.5883012880270051e-01	   4.0155706727399681e-01	   3.4315759697248810e-01	   2.6120658221061155e-01	   6.8124832226230303e-01	   8.0554210861719344e-01	   7.6294598039183348e-01	   4.2377674195439580e-01	   6.2571357679224948e-01	   6.8197975196425842e-01	  -2.0321979276439950e-01	  -1.8527106863808929e-01	   4.3150889461695852e-01	   2.2396330931235214e-01	   4.8049813929091606e-01	   4.5611332003953931e-01	   7.9793373665438905e-01	   7.1377729024966341e-01	   5.0647842521662800e-01	   5.4561687565482964e-01	   6.6657246937664713e-02	   1.1818172001195208e-01	   5.6519591362715824e-02	   2.4603939851664175e-01	  -4.4397527137059287e-02	   2.0362872312778210e-01	   4.6679544766703018e-01	   4.6284227566055358e-01	   5.1063020356161137e-01	   5.2930267265451136e-01	   6.4236738905066304e-01	   1.1858234832752568e-01	
   6.8498717685818189e-01	   1.5936539380835690e-01	   6.8020992946719672e-01	   5.5483334960547270e-01	   5.5007784110720848e-01	   8.5164491127055730e-01	   0.0000000000000000e+00	   1.2486976990876597e+00	   8.1814559244800267e-01	   1.0291451362195481e+00	   7.0529298004311425e-01	   3.6166848513558847e-01	   1.0375945142873944e+00	   6.1797815938485978e-01	   8.2464164905624471e-01	   4.3281050131138121e-01	   1.2832259941067664e-01	   1.2264537596096170e-01	   4.9877741011434085e-01	   3.7203294867342906e-01	   2.7761907917373407e-01	   3.8962357263237346e-01	   3.7534271797054575e-01	   3.7841194832028358e-01	   4.2516915769196882e-02	   4.2853565240059788e-01	   2.0816291474279494e-01	   5.0145754644323615e-01	   4.1852058436537715e-01	   1.5530513799308648e-01	   3.1363011495809967e-01	   2.7310600989937761e-01	   3.2479225840750003e-01	   4.6621895513728129e-01	   3.6282947135455884e-01	   4.4236614402017782e-01	   1.8142647313606647e-01	   2.8565413335976930e-01	   4.8192200543319863e-01	   3.9752849917999011e-01	   3.3168646869725638e-01	   2.4132875647233770e-01	   3.7387221479026844e-01	   3.9491303890134011e-01	   1.8221036087679038e-01	   2.4881048558745092e-01	   2.9892620577220791e-01	   4.7385120559379768e-01	   1.0825189536405307e-01	   1.7543563991002359e-01	   4.7731986216391420e-01	   2.7021147944088286e-01	   6.4712921678829405e-01	   4.6300603010153185e-01	   4.2124926723661343e-01	   2.9127563578535365e-01	   8.2434299123629720e-02	   9.2296853008466129e-02	   8.2174804330448525e-01	   5.6329869467982552e-01	   1.0644199365222531e+00	   6.9769080771334824e-01	   1.3072720721169825e-01	   2.9687062019838357e-02	   4.0906486295866379e-01	   6.3348791634453394e-01	   7.5242927277333294e-01	   6.1343823884152515e-01	   1.0113861954416418e-01	   7.1528885312833496e-02	   2.0944280776056221e-01	   1.5288711015242185e-01	   3.2324985343950718e-01	   2.5997813130306069e-01	   3.4083090258389120e-01	   3.3805501738873261e-01	   3.3443953827997935e-01	   3.0513962313243598e-01	  -6.1665701779114214e-02	   2.2541080369368006e-02	   9.4401955265046314e-02	   2.1543398849995532e-01	   9.2829159184896912e-02	   2.5711383990460251e-01	   2.0868195871437173e-01	   3.7035035048150494e-01	   1.6947782850770726e-01	   6.2664957013138303e-02	   7.4501419746846331e-01	   7.3882367584755959e-01	   8.4304309249253417e-01	   5.8117671095532053e-01	   6.6582923979177500e-01	   8.5598414122678057e-01	  -2.2153836938856028e-01	  -2.6438579047285637e-01	   3.9479448723104266e-01	   1.4824841975767372e-01	   3.6482141806864499e-01	   4.1072960809484815e-01	   8.7925238040444331e-01	   9.6237209303642812e-01	   6.2906943678404004e-01	   5.6462353026847467e-01	  -2.3257399958478902e-02	  -4.1044741391596459e-02	   3.4957298847328559e-02	   2.8863089114230339e-01	  -1.6188118313172306e-01	   1.1093134932418136e-01	   1.9552638447494852e-01	   2.4751908390638483e-01	   3.7359446858558715e-01	   3.6533163212063835e-01	   4.4469778888749828e-01	   1.3924699999357754e-01	
   5.6659305854489073e-01	   3.7487925930467042e-02	   4.0370666771811881e-01	   6.1686826111971504e-01	   3.8825081214789786e-01	   9.9314159995354157e-01	   1.2486976990876597e+00	   0.0000000000000000e+00	   6.2904694727983368e-01	   1.2590508691538893e+00	   5.5813348177675903e-01	   4.9022962028965400e-01	   8.0924438505236029e-01	   7.1256563944712692e-01	   7.2126105971127374e-01	   4.3639700777078605e-01	   4.2390161225311397e-02	   1.3369826733244194e-01	   2.9742168538691832e-01	   2.2358454934947614e-01	   4.0298713652307971e-01	   3.4626196444659080e-01	   2.8677286363625987e-01	   4.0675217086064464e-01	  -6.5126400021917649e-02	   3.8402130771497145e-01	   1.8557477085940083e-01	   5.0133777728889461e-01	   2.8193319421682222e-01	   1.8694155605231627e-01	   1.5242811816411428e-01	   1.0969318320688427e-01	   2.0950820903182737e-01	   3.7018068230293893e-01	   2.9547792028987752e-01	   3.7443704094582192e-01	   3.7565561567085695e-02	   1.6606819618311494e-01	   5.0726646623689264e-01	   2.8574160817309507e-01	   2.5314025149858432e-01	   3.7026483646665366e-02	   2.7862167194842391e-01	   3.4597680133371200e-01	   9.6566437078523318e-02	   1.8391348536873614e-01	   3.3456784502651565e-01	   3.8921213230141638e-01	   1.1685800928917581e-01	   1.7249858097617557e-01	   3.8465546167289189e-01	   2.6945097942217577e-01	   4.4394476256708637e-01	   2.9568062747454615e-01	   3.1557601752643610e-01	   2.7973420985539621e-01	   5.2568390556268850e-02	  -3.7423559551761375e-02	   6.5646785890966797e-01	   6.3657804155310294e-01	   9.3885569915109246e-01	   9.7532133027590440e-01	   6.4055013911576850e-02	  -6.9120937548700037e-02	   3.2597232213949273e-01	   8.1815679620424586e-01	   4.9989972719410208e-01	   5.8952351074901987e-01	  -4.6186735633046316e-02	  -1.3730796684128022e-01	   1.1297189908821230e-01	   7.6913481393628233e-02	   2.0787604348927471e-01	   2.1771001360551662e-01	   3.1652347921236451e-01	   4.1032471189608266e-01	   2.4734609248498962e-01	   2.4418318696307728e-01	  -4.7962392244379246e-02	   1.0873938333045783e-02	   7.1666700588737864e-02	   1.7595082389331046e-01	   4.0344424047737894e-02	   2.3583992752532512e-01	   1.8076745069690270e-01	   4.1883484678783117e-01	   1.5654132157065545e-01	   1.0675473141502843e-01	   6.5368890266320423e-01	   7.3676935828820833e-01	   7.9939243504036983e-01	   2.9988341254502515e-01	   6.4441908081560484e-01	   6.0892368721751355e-01	  -1.4145183221182547e-01	  -1.3767295444945885e-01	   2.9490198686407143e-01	   1.2742501044640889e-01	   2.8105416618715739e-01	   2.4160081168445124e-01	   8.3821916318743961e-01	   6.8282405433558979e-01	   4.5368381507896244e-01	   3.9362760102772271e-01	  -2.9743985651152442e-02	   1.0915149433217619e-01	   5.6210317580823857e-02	   1.1589966738100471e-01	   3.9087081979719045e-02	   2.8689564028154213e-01	   2.6689821812722014e-01	   2.2106543401675399e-01	   3.1046884202239322e-01	   3.1482125683360918e-01	   4.0312034051056223e-01	   6.2325401065898518e-02	
   7.2123794696600818e-01	   2.2000735623274933e-01	   8.8098396553583669e-01	   6.8178263018620910e-01	   1.1610448574260863e+00	   5.7111316016336733e-01	   8.1814559244800267e-01	   6.2904694727983368e-01	   0.0000000000000000e+00	   7.3625219301180178e-01	   7.0079078118536065e-01	   4.5187827370886757e-01	   6.6362395579530564e-01	   6.9267239944466119e-01	   1.2376628581018094e+00	   9.1552609122680606e-01	   6.5696247950222456e-03	  -4.9293933900152680e-02	   6.2100957729255868e-01	   5.9362776213180024e-01	   4.2020488822843127e-01	   4.5484522509520481e-01	   9.6356050905572410e-01	   1.0096732997441125e+00	   3.6141979747220038e-01	   5.6460182512771873e-01	   6.2005919003510623e-01	   9.1819871380526286e-01	   1.4866304471597458e-01	   3.6201380554092159e-02	   4.2745268677503123e-01	   4.7536427388940639e-01	   3.0692074666167657e-01	   3.5528990273175387e-01	   6.1210002989904688e-01	   5.1806906522909191e-01	   4.3043040616336070e-01	   1.8643863710934483e-01	   7.5284871051537705e-01	   1.9080245600278797e-01	   4.1266360448626549e-01	   1.4699097574095471e-01	   3.6441461773455297e-01	   3.6485591284653857e-01	   1.1210240063176477e-01	   1.1364690240158355e-01	   3.7612360695544284e-01	   5.6166357094660502e-01	   1.7476641020041236e-01	   1.1943958160526677e-01	   4.4160079683663911e-01	   2.8846671231999477e-01	   7.0951870635278691e-01	   6.3707331428856750e-01	   5.6216403481888366e-01	   4.6470639546884390e-01	  -1.7312122563004899e-02	  -9.7120008554244769e-02	   7.2181152416073535e-01	   2.9044746925634313e-01	   6.1568575137342241e-01	   3.7738026454345930e-01	  -6.4387814143967548e-02	  -1.2689584271335402e-01	   9.6601020390793579e-01	   8.5134811405142230e-01	   5.6734991649764832e-01	   3.7611005961422278e-01	   2.2451912863958823e-01	   2.2323477051472088e-01	   2.0117459221115047e-02	   7.0421961595015445e-02	   2.9040637118516821e-01	   1.1357340438488860e-01	   4.8357331411398830e-01	   4.7086571866804011e-01	   1.7734483124316966e-01	   2.7429956819692258e-01	  -1.9259098292910151e-01	  -6.0149002553448766e-02	   7.5704749396743121e-03	   2.6979099077825164e-01	   4.7111673000027326e-01	   3.7174082079643184e-01	   6.0814594434313962e-01	   8.4067827579198295e-01	   7.2854168428623589e-01	   4.8903925592876579e-01	   1.2207649424272566e+00	   1.0405102797113557e+00	   9.3155151871706021e-01	   7.3653940413148500e-01	   1.0023800421472051e+00	   1.0067934835217203e+00	  -1.9036431734346360e-01	  -1.3341197841536906e-01	   4.3227900043243062e-01	   1.7270474764003130e-01	   4.0271510844284009e-01	   4.9510730839448469e-01	   7.2970641526087521e-01	   9.0205233050085221e-01	   5.5397420480020254e-01	   7.9485393349974476e-01	  -8.2532307292215293e-02	   1.1292120364592229e-01	   2.6963238435333281e-01	   3.3727751434159559e-01	   9.2074050979755642e-02	   3.0110055824151871e-01	   3.9374355872246147e-01	   2.0412724552923109e-01	   4.0372993970495902e-01	   4.9889837123679259e-01	   3.7016813880894606e-01	  -1.7454712199720920e-01	
   5.3519515657219929e-01	   1.9230392873968238e-01	   4.7224363921619383e-01	   5.2468918246152318e-01	   3.7297442588531249e-01	   8.8042865740201914e-01	   1.0291451362195481e+00	   1.2590508691538893e+00	   7.3625219301180178e-01	   0.0000000000000000e+00	   3.5561957842553488e-01	   2.1955403755478639e-01	   7.5703501908693660e-01	   4.3045056644081936e-01	   6.9247841234913698e-01	   4.1381803856359123e-01	   1.6127374444759957e-01	   3.5215916857554236e-01	   4.3236788189434028e-01	   3.9235596734844386e-01	   4.4948419066517081e-01	   5.2938108712374965e-01	   3.4007564606979807e-01	   3.8935187243337799e-01	   2.5881871207641703e-02	   4.3838826731023461e-01	   2.4949800646316470e-01	   4.5682562290799628e-01	   4.1316760884755799e-01	   4.0214795510374207e-01	   3.3834099612318247e-01	   2.3985606688580519e-01	   4.0873801340146576e-01	   4.6603062570547915e-01	   3.4538383478715590e-01	   3.3371959460790956e-01	   1.5191573731573757e-01	   2.8140248442831811e-01	   4.7271244552235248e-01	   4.1280314755212094e-01	   5.4298071018802685e-01	   1.8333113993576158e-01	   3.3781528655561033e-01	   3.6529394690935768e-01	   1.5087920868186222e-01	   2.4392790388697030e-01	   3.2686829694613040e-01	   4.6177184824303641e-01	   2.2526668037847544e-01	   2.9351698545884025e-01	   4.3464245871434481e-01	   2.6893066454533371e-01	   4.6386920546335703e-01	   4.9775271593688475e-01	   3.4463822246690512e-01	   3.1541272069516768e-01	   2.3218022190061385e-01	   1.9073461062580005e-01	   7.4109875584542695e-01	   6.7646793101936031e-01	   9.2396578377580019e-01	   8.6602605653061326e-01	   1.5195418766927482e-01	   3.1982628174896693e-02	   2.8914640850113366e-01	   5.7779027034179886e-01	   5.1695772414820906e-01	   4.8583658201254809e-01	   1.3292933770871540e-01	  -8.0576232635223271e-03	   2.0493552990684344e-01	   1.0523996711565060e-01	   3.0748950178679874e-01	   3.2629521354576846e-01	   3.4687710922149517e-01	   3.5775600472763902e-01	   2.7071746795197194e-01	   1.4964036717496543e-01	   1.7305805613439029e-01	   2.2568043430551518e-01	   2.4528926563579861e-01	   2.8536698953670953e-01	   1.8825126833500413e-01	   2.9826536763955258e-01	   1.3154242140580472e-01	   3.7038361277506016e-01	   1.6997589042642480e-01	   1.1933957960697937e-01	   6.2645409278740993e-01	   8.3286371701531414e-01	   6.9156954537665594e-01	   3.9499511917425084e-01	   5.4617767875424361e-01	   5.9945286555181099e-01	   6.4211421176641081e-02	   4.0515326971844727e-02	   1.5089947295313197e-01	   1.4157436432057569e-01	   3.3692970985595289e-01	   3.6064141695946972e-01	   8.1128212773451036e-01	   6.3492421561418200e-01	   4.6777283639861539e-01	   4.4938264876973238e-01	  -1.0751948103573718e-01	   1.6740839281700670e-01	  -9.5335029298641488e-02	   4.7123347739281680e-02	   8.8576295358531020e-03	   6.0943642745027483e-02	   2.7077362700020041e-01	   3.5815296780723443e-01	   1.6845984008628592e-01	   4.3704549623077105e-01	   3.1414636285922914e-01	   1.4874866341615925e-01	
   1.0859268166438378e+00	   3.8040074801626289e-01	   8.1757306032477972e-01	   4.2616157998469539e-01	   9.1223843011219585e-01	   6.1807834453800503e-01	   7.0529298004311425e-01	   5.5813348177675903e-01	   7.0079078118536065e-01	   3.5561957842553488e-01	   0.0000000000000000e+00	   8.7558542326580868e-01	   9.7488460010342470e-01	   9.7615630052798652e-01	   1.1585670313828282e+00	   7.7545535644351893e-01	   2.2748960673992016e-01	   1.2831448513531105e-02	   7.0510432751000107e-01	   5.1595428387710662e-01	   2.2426190016707784e-01	   2.5824541595743933e-01	   5.7808203373520561e-01	   5.5760465921084823e-01	   2.7017723983909453e-01	   4.4477231289714897e-01	   3.7774195135425487e-01	   6.7135221340019879e-01	   3.2645192448444005e-01	   1.4870276075405522e-01	   1.8243412196516542e-01	   2.6463518285899607e-01	   2.7612937215606742e-01	   3.9263380339417231e-01	   4.4305187261433815e-01	   5.8093242669547185e-01	   4.0937874469771773e-01	   2.4816372619154886e-01	   6.4322247520187859e-01	   2.7446933150480440e-01	   2.9105791223689809e-01	   2.2276323127699288e-01	   6.1043328234587524e-01	   6.2724851714287055e-01	   4.2783199622201573e-01	   4.4417422989589245e-01	   6.5873056144893860e-01	   6.6872798697784364e-01	   3.7647699126140088e-01	   3.1680694588607056e-01	   6.5646425499585537e-01	   4.8451129311025820e-01	   8.4614631605169888e-01	   5.1565069966884536e-01	   7.6421036507482110e-01	   6.7506326451693155e-01	   1.0707683317327028e-01	   4.2621005185385745e-02	   6.8026559279924270e-01	   3.2209745550977076e-01	   4.5657332634777353e-01	   2.9110733529111910e-01	  -4.3244669892471806e-03	  -5.8062021966453957e-02	   7.8273715665192467e-01	   6.1680765346638822e-01	   5.9488277371766363e-01	   4.8201402683160022e-01	   1.3805700224051634e-01	   1.9145541941409089e-01	   9.2636738897116780e-02	   1.3569312347979409e-01	   3.6864323166558044e-01	   2.5227827373805128e-01	   5.3625087677146521e-01	   5.9043453654844091e-01	   4.7090791477781324e-01	   5.5088636694752624e-01	  -2.5402590802107661e-01	  -3.7019593313826288e-02	   1.2622972588884707e-01	   4.5123030678021070e-01	   5.3933927054018715e-01	   5.1063797583053883e-01	   8.2587960817143624e-01	   7.1991078352686777e-01	   5.7534423875292107e-01	   4.9725280091696300e-01	   8.8222747329905205e-01	   7.7183158453214085e-01	   7.8962090132115503e-01	   5.7838578123904227e-01	   7.4314739426878373e-01	   8.6325708202295615e-01	  -3.6214917693765802e-01	  -3.0793768801418658e-01	   6.3908355904287417e-01	   2.5855105114695709e-01	   5.9741610936313294e-01	   6.2482786911580912e-01	   6.1553026551789569e-01	   8.4925071636540594e-01	   5.1316313921394030e-01	   6.0165479134415056e-01	  -1.9137477732056268e-01	  -5.9520710006783106e-02	   2.6595826772509812e-01	   4.0701055597824803e-01	  -5.0643310131499392e-02	   3.0587396789674864e-01	   3.7174463793242613e-01	   3.1900265854560850e-01	   6.7947918007130703e-01	   4.6625602979134179e-01	   5.9357079013164848e-01	  -1.0063685425620390e-01	
   4.5457650968883340e-01	   1.4885307502825912e-01	   3.7876275117889363e-01	   6.1661816851644424e-01	   5.0527833940339251e-01	   3.6363506816796326e-01	   3.6166848513558847e-01	   4.9022962028965400e-01	   4.5187827370886757e-01	   2.1955403755478639e-01	   8.7558542326580868e-01	   0.0000000000000000e+00	   4.8393541049155964e-01	   1.1840778429777410e+00	   7.2426877473610407e-01	   8.8046072570731670e-01	   9.9334822709446630e-03	  -1.0456307656856854e-01	   2.8668721373501660e-01	   2.9603287296169728e-01	   2.0586378869682811e-01	   4.5977561154939769e-02	   3.8251358090162185e-01	   6.7151346637902443e-01	   8.2731341501692132e-02	   3.1295589679115488e-01	   2.7437292760908710e-01	   6.0054408190668873e-01	   1.6697990174982483e-01	   2.0076779239916931e-01	  -8.2117090116088018e-02	   9.2209934651161174e-02	   6.9475441200896521e-02	   2.1179823317268176e-01	   1.1315173062271849e-01	   2.6712669403744405e-01	   1.1854080241965735e-01	   4.7886837836783713e-02	   4.7670105214082098e-01	   1.4883882192201889e-01	   1.5523145530090146e-01	  -4.9108081605717818e-04	   4.2116935035007330e-01	   3.6232685743270904e-01	   3.2882440826133907e-01	   3.4928403003850078e-01	   5.9953842087854403e-01	   4.1442027383869040e-01	   3.3080920469702879e-01	   2.2358220956044514e-01	   4.3008338841353533e-01	   4.9023360945376188e-01	   4.7499808109862757e-01	   2.4607944764410655e-01	   5.3422278416456048e-01	   5.3581123781529161e-01	  -1.6593464833475791e-01	  -1.9386910400278329e-01	   2.8812703062244005e-01	   2.2561767608482985e-01	   1.9462349601842729e-01	   3.1362527462200918e-01	   2.0954531475427304e-02	  -2.9243899840402425e-02	   6.5081655016163231e-01	   7.6072077465503563e-01	   2.3718689240859886e-01	   3.9585315916158165e-01	  -2.2815756229296957e-01	  -1.6804750316182182e-01	   5.3770044391695401e-02	   1.0662305683023102e-01	   2.5081730837373561e-01	   2.7084708468379215e-01	   4.9913222155744513e-01	   6.6974109789329217e-01	   1.6533670746828738e-01	   4.1361484608071197e-01	  -2.3664644005619820e-01	  -1.6136566843861580e-01	   1.0039692618822697e-01	   4.2652901249951614e-01	   5.2029497585530959e-01	   6.1251533418066140e-01	   7.7133691729692033e-01	   9.7170113291433102e-01	   5.4627298238823818e-01	   8.1005539846540087e-01	   6.1831596969937630e-01	   5.9574295218515894e-01	   5.9533869467622424e-01	   1.5335750084306998e-01	   6.7233629003675088e-01	   4.4158074452002416e-01	  -1.2467906405300982e-01	  -5.7764325692963983e-02	   2.8528282305119845e-01	   1.1818471463222141e-01	   3.8123453660336193e-01	   3.2155229320174544e-01	   4.0625495924605598e-01	   4.7855757667010246e-01	   1.9263499843715870e-01	   3.1411576997502921e-01	  -1.3718536576315923e-01	   7.4032198370165322e-02	   1.9318641487312224e-01	   1.8241627909370650e-01	   1.5048224359602239e-01	   3.0564382469929285e-01	   2.8694549115071682e-01	   1.8746703755353886e-01	   4.6078904346684413e-01	   3.2887157557528574e-01	   4.2973849453074120e-01	  -2.0213063710427520e-01	
   8.9889244413659353e-01	   3.5121838265056765e-01	   6.1048638349735473e-01	   3.0563245702722663e-01	   5.8776678736920918e-01	   7.2498756281913301e-01	   1.0375945142873944e+00	   8.0924438505236029e-01	   6.6362395579530564e-01	   7.5703501908693660e-01	   9.7488460010342470e-01	   4.8393541049155964e-01	   0.0000000000000000e+00	   7.9538759990871832e-01	   9.4757176315374481e-01	   4.8672592092251410e-01	   3.6542552114925747e-01	   3.2709357139951295e-01	   6.6779454849016262e-01	   4.9886932945355478e-01	   1.9812334886581920e-01	   3.8745264425186188e-01	   3.7685215238074243e-01	   3.1016283681893575e-01	   1.0274327653147877e-01	   4.1477868266891621e-01	   2.1937655792365079e-01	   4.4400228981603640e-01	   6.5836465175029701e-01	   3.5923661387612427e-01	   3.0001951463501536e-01	   2.3588861054752808e-01	   4.8776702980783154e-01	   4.5972824682048907e-01	   3.8896662146548983e-01	   5.4927145601828120e-01	   3.2913481793941524e-01	   3.4424891648148576e-01	   4.9148949551286292e-01	   5.0292845497670446e-01	   4.8668317732553129e-01	   3.6994615949327775e-01	   6.2429393044648351e-01	   6.9405647930939618e-01	   4.4620725408878570e-01	   5.2458712930455831e-01	   5.7278583301158126e-01	   6.8127080781212335e-01	   3.5073145727547711e-01	   4.0447158876017014e-01	   7.1953147678888807e-01	   4.8220601145309999e-01	   8.0231552117569527e-01	   6.0319074122702909e-01	   7.2376257809681865e-01	   5.5212604142628341e-01	   2.2190933120964021e-01	   3.0879219721759149e-01	   9.3576704158718715e-01	   6.1601290238254514e-01	   8.7787526274214556e-01	   5.9736108243578534e-01	   3.1630350625482800e-01	   2.3191794980342451e-01	   3.9694033822268959e-01	   4.4583075859429555e-01	   7.3634333209477176e-01	   5.8790232084699456e-01	   1.8104404510708208e-01	   1.5590782022908145e-01	   2.8668603874661686e-01	   1.4261658592421333e-01	   4.4179993129935780e-01	   3.9021007666682272e-01	   4.4453911541931179e-01	   3.6909740752272135e-01	   6.3317916399343144e-01	   5.4920691990504511e-01	   6.9071427844500974e-02	   1.5292746832374193e-01	   3.6004489814294499e-01	   4.3898409506937774e-01	   2.5616432466429317e-01	   4.6263084759075035e-01	   3.5481330671213340e-01	   3.6961052705843322e-01	   2.5240597836296486e-01	   1.1425508093159996e-01	   6.9842731771807820e-01	   7.4795513293628912e-01	   6.6355218296032359e-01	   6.4604962137976574e-01	   5.1454447453701424e-01	   7.9070036641863051e-01	  -1.6380432846541276e-01	  -2.3547345922628696e-01	   5.2889005485642770e-01	   2.7394101016726435e-01	   6.6306925164446795e-01	   6.4441577833766883e-01	   7.7272876679361824e-01	   9.4622297872254146e-01	   5.6801728496083559e-01	   5.4296331931351416e-01	  -1.7713247174896241e-01	  -1.4468442504956211e-01	  -2.6998330231427919e-02	   3.2229890883835433e-01	  -2.5818140092181396e-01	  -2.1188402747200640e-02	   1.9535863068714440e-01	   3.8925130072402936e-01	   5.5326007996748150e-01	   4.3637198522462634e-01	   5.2803977141650982e-01	   1.8561879979371912e-01	
