   0.0000000000000000e+00	   1.6525785071344119e+00	   5.6217020000838058e-01	   7.7596219926876098e-01	   2.3711849768096205e-01	   2.6317847474874867e-01	   8.2724605624155867e-01	   8.2842216800948576e-01	   3.1212144742192732e-01	   3.9793289992393449e-01	   1.4492309006036090e+00	   1.2079278663603255e+00	   1.3298590053483590e+00	   1.0477623234383564e+00	   9.6251960415492632e-01	   8.9092784919663282e-01	   1.4787156494963294e+00	   1.1614954465029468e+00	   1.4684033678379160e+00	   1.3043190797031468e+00	   5.2374220650885961e-01	   4.8161496653699010e-01	   5.6210048838009574e-01	   5.2589328326850326e-01	   1.4721404130952476e-01	   1.4586720784094087e-01	   2.4982180418254635e-01	   2.9087953757478874e-01	   1.3556078608974618e+00	   1.3321005659262057e+00	   7.3190842780099641e-01	   7.4757665736880807e-01	   1.1924296716500566e+00	   1.2401163390093624e+00	   4.7065815872652883e-01	   8.1128244182186737e-01	   3.5689489264504315e-01	   4.6247227586411777e-01	   3.3962670420882474e-01	   4.3559272981498437e-01	   4.8164931153481289e-01	   9.7397448561811220e-02	   5.1218734187467596e-01	   5.0678316387591593e-01	   4.0725575370320444e-01	   6.1481261241822871e-01	   5.2292080076894920e-01	   6.0772958647514030e-01	   3.9922598870666154e-01	   4.5022884885589887e-01	   3.8526247435029487e-01	   5.4588599273791139e-01	   4.7935780015195040e-01	   3.4467161442650646e-01	   4.6902722719841317e-01	   4.8125952267795402e-01	   1.5902088120014299e+00	   1.3943846543209109e+00	   6.0885492835018851e-01	   9.6439825169419124e-01	   1.2940411437823309e+00	   1.0655602582628820e+00	   1.2620909924724837e+00	   1.1098607314338143e+00	   5.7480538407209136e-01	   9.0179594846732658e-01	   7.9001476622049815e-01	   8.6175825910097503e-01	   1.0315050570029189e+00	   1.0208494967647299e+00	   2.9173251746360962e-01	   3.9816217659462105e-01	   1.0564528944385332e+00	   1.0520294872693685e+00	   1.0281088376278926e+00	   1.0704607325169095e+00	   1.3711933846879047e+00	   1.3501486310223034e+00	   1.1505904114035377e+00	   1.1884733472404720e+00	   1.2587727055817020e+00	   1.3553306461379349e+00	   8.1262435591674764e-01	   7.9727993665712804e-01	   8.9880757278595214e-01	   1.0461243206979103e+00	   3.4138886860820589e-01	   3.0002295005045398e-01	   4.4711477496436070e-01	   4.1055918380756612e-01	   4.0269437714568507e-01	   4.4367168340070640e-01	   4.2322312021085978e-01	   5.1447204882428643e-01	   2.7985886724880615e-01	   2.2506493895917956e-01	   6.5784180222079403e-01	   6.7242464902395349e-01	   7.9841062014380326e-01	   8.8679740124289186e-01	   6.9673673860197993e-01	   5.6787237041448169e-01	   8.1011118285823236e-01	   9.7178350523052892e-01	   6.1104230157462858e-01	   4.5744470075904586e-01	   3.1861554260117791e-01	   4.7578164448701604e-01	   1.6723489130980485e-01	   4.2630702220568983e-01	   6.1311583443942363e-01	   5.2250738745173597e-01	   5.2074305106560215e-01	   5.1770476881257377e-01	   6.6965382844876664e-01	   1.0659238605224081e-01	
   1.6525785071344119e+00	   0.0000000000000000e+00	   6.7676544857953502e-01	   9.9020238373746472e-01	   2.9613205627968814e-01	   3.1183108184474284e-01	   7.8326465532061129e-01	   8.3647537694460850e-01	   2.7129370706711908e-01	   4.1721518082983627e-01	   1.1882148130769410e+00	   1.1502385283670289e+00	   1.0509548136466103e+00	   1.1382867548936477e+00	   9.4587782864551595e-01	   9.7928498647668361e-01	   1.4304984024048257e+00	   1.1860716322595151e+00	   1.4865668715146856e+00	   1.5869409854662915e+00	   6.3767085721272931e-01	   6.1431820185569241e-01	   7.2268983853998070e-01	   7.3773968621604613e-01	   2.3112134791519853e-01	   2.3930879277083619e-01	   3.2958311728344314e-01	   4.0740670770494114e-01	   1.2116139428004922e+00	   1.2317457279587101e+00	   8.2093460745383839e-01	   8.8964176176086318e-01	   1.2788027023657942e+00	   1.4484745239871861e+00	   6.6684024516182350e-01	   1.0164004789470007e+00	   3.6445158861578203e-01	   4.6165300745984422e-01	   3.6221156333772775e-01	   4.5983238657562997e-01	   5.2015815454648595e-01	   1.1039098877726961e-01	   5.8037796399365249e-01	   5.9908259170328582e-01	   4.6805481698051865e-01	   6.6906142098035104e-01	   6.2522829814317127e-01	   6.9541492296625818e-01	   4.5880921522378382e-01	   5.1168495841093076e-01	   4.7734661592386596e-01	   6.3670098074309833e-01	   4.9186616339573164e-01	   4.7833163273559065e-01	   4.9542878580472616e-01	   5.4189584353270015e-01	   1.4884685137386513e+00	   1.4373309557068572e+00	   5.6749800043384480e-01	   9.7564171637177488e-01	   1.0625996154119353e+00	   9.8030390141323043e-01	   1.2804197286132912e+00	   1.1108966804429126e+00	   6.4787758178966626e-01	   1.0782335360954221e+00	   7.6988945957150556e-01	   8.4952071315463873e-01	   9.1060381592371953e-01	   9.3992639866142613e-01	   2.9107172547602450e-01	   4.1403883054410645e-01	   1.0958723386421518e+00	   1.2202568925247019e+00	   1.0878557604607162e+00	   1.2184139341602220e+00	   1.3724296899923907e+00	   1.4842418636162977e+00	   1.1987862935229512e+00	   1.2276726306482155e+00	   1.1931625460060016e+00	   1.4474992974983631e+00	   9.2326224883428876e-01	   8.3638681215289301e-01	   1.0011879029705615e+00	   1.2729153090706402e+00	   4.4310051565053221e-01	   3.9984667499523030e-01	   3.8934251803813380e-01	   3.6996277923841991e-01	   4.0492494474929697e-01	   4.5077666058322891e-01	   4.9110250246760112e-01	   5.7567762263713962e-01	   2.1390082424643900e-01	   2.2302133221769671e-01	   6.7713938017081710e-01	   7.3150140203018998e-01	   8.9068122258193050e-01	   9.2899893852608451e-01	   7.3758835439664960e-01	   5.3641550832780638e-01	   7.6918706586256036e-01	   8.4143612330074102e-01	   6.5191632861704252e-01	   5.0034052269711171e-01	   1.9089048322811644e-01	   3.6196297252292031e-01	   1.0009877011128826e-01	   4.4004493682625806e-01	   6.4907590336866672e-01	   6.2789884377048411e-01	   4.6844229246849700e-01	   5.4457334273726365e-01	   7.1190793295270416e-01	   1.4602929459820660e-01	
   5.6217020000838058e-01	   6.7676544857953502e-01	   0.0000000000000000e+00	   1.0164282922785728e+00	   5.0475346474899607e-01	   4.3322853463092648e-01	   1.1749162608811754e+00	   8.3487798732322149e-01	   4.2400301522430650e-01	   4.6348089917384583e-01	   5.4534527560732038e-01	   5.7642937949503137e-01	   6.4116861341562892e-01	   7.2423539363757072e-01	   5.2273141453202432e-01	   5.6365266685430437e-01	   4.7912899182931379e-01	   6.4571270037998130e-01	   8.4112421772022905e-01	   6.9518152867063787e-01	   3.6843157796871395e-01	   4.4883640484234166e-01	   1.3907441484915357e+00	   1.0026445736891303e+00	   5.0278377502555571e-01	   5.4108962805078609e-01	   5.2073165470332861e-01	   7.0471446854438402e-01	   6.0274572550636962e-01	   6.3620444289761158e-01	   8.4910459249224468e-01	   8.5324273785306459e-01	   7.5190930335699024e-01	   8.2634770098864840e-01	   8.0330602830772335e-01	   8.5979594163015105e-01	   7.1459660935305103e-01	   7.8633181608545077e-01	   7.8725167004240570e-01	   7.9235350830649165e-01	   5.1198514905066039e-01	   4.5413939605005760e-01	   3.6642965289283613e-01	   4.2406345538241941e-01	   2.5752685676300446e-01	   3.9077635977833808e-01	   4.4301046673439681e-01	   4.6062845738373759e-01	   2.5035299745714068e-01	   3.1360958074770218e-01	   4.6622275555774972e-01	   5.4745758741107586e-01	   3.0597833686065240e-01	   5.7247624685150256e-01	   6.3674537569488876e-01	   6.4127461123848695e-01	   4.5313719723557572e-01	   6.0426582897473113e-01	   1.9951614663345849e-01	   3.4569807611506453e-01	   3.2656254286509578e-01	   4.6341719416324190e-01	   4.5506505802511493e-01	   3.6830563649701659e-01	   8.1191479997423799e-01	   8.9351310045977383e-01	   5.5788637795440887e-01	   5.0134640431970612e-01	   5.2005837373741759e-01	   4.6785604883675269e-01	   3.0879381674454576e-01	   4.0712487634234856e-01	   5.7824433916088214e-01	   6.9804008538957729e-01	   7.5873156923793328e-01	   8.2005553568971790e-01	   7.4112807193665819e-01	   7.6234834558305198e-01	   6.0348187601389824e-01	   6.0112802087709527e-01	   5.9656184118783873e-01	   8.5250225444676220e-01	   8.7956960702112919e-01	   7.2777594395912382e-01	   7.0038000945998014e-01	   8.6317801076189227e-01	   8.8107704945310605e-01	   8.2415536195504280e-01	   7.0835057750034192e-01	   6.2896649541628824e-01	   2.1950923997269872e-01	   3.8270699688266296e-01	   4.5521620022372472e-01	   6.2819611294301114e-01	   3.9293778744329938e-01	   6.8531918110673939e-01	   3.9875978885425495e-01	   5.2941944701330035e-01	   4.1356036798225915e-01	   3.9506455511331134e-01	   5.7444340651868397e-01	   7.0062554933792676e-01	   2.7824970464036053e-01	   4.9720992204823239e-01	   6.1447091027952438e-01	   5.0624270879781763e-01	  -1.5288042089006060e-01	   8.4660133804581802e-02	   3.6120253208817710e-01	   5.6396291482317928e-01	   4.2324020372011778e-01	   5.1199097304062846e-01	   3.3764437182856555e-01	   4.3902079307627417e-01	   5.5850452524367944e-01	   3.1605320820940008e-01	
   7.7596219926876098e-01	   9.9020238373746472e-01	   1.0164282922785728e+00	   0.0000000000000000e+00	   7.0566551629073970e-01	   7.9567280418335462e-01	   9.2916738828803880e-01	   1.1680638978254856e+00	   6.3589683878354231e-01	   7.6811199385088536e-01	   6.0757633061472249e-01	   9.1085686891956708e-01	   6.0245996866545959e-01	   1.0450391548284264e+00	   5.6176417110517618e-01	   7.1597675291662588e-01	   6.4528678462179734e-01	   8.3720889223311734e-01	   9.8946293862157253e-01	   1.1034167354802134e+00	   4.0060262740928720e-01	   5.9840026322107032e-01	   1.0496360478702551e+00	   1.3893319818695928e+00	   5.6948615704443939e-01	   6.1265162074135293e-01	   6.2599904452851240e-01	   7.3435931215110084e-01	   6.3909278661213920e-01	   7.6554195233892952e-01	   6.8572734227953869e-01	   7.6062504872697145e-01	   7.0697893670194190e-01	   8.5643176660378195e-01	   6.3730376812520073e-01	   8.0805178061706051e-01	   6.6805025636961624e-01	   7.8856817053140860e-01	   7.3187572107850218e-01	   8.9001092966316553e-01	   5.7373615993056859e-01	   4.0862217271937473e-01	   6.9260876392639803e-01	   5.9156519467970037e-01	   5.3314166718438671e-01	   6.9507115846772871e-01	   5.8478256806116735e-01	   6.4761218927122055e-01	   5.4820340220910357e-01	   6.3117421426863984e-01	   6.3500164495100575e-01	   7.6749224532329396e-01	   5.2932095146040681e-01	   8.4258287981157864e-01	   6.8548496075605969e-01	   7.8751947777692244e-01	   7.1879985466560303e-01	   8.4315901185547260e-01	   4.6992964237447576e-01	   6.8793601570368268e-01	   4.9026524089603724e-01	   6.3914330575524325e-01	   6.0482484672512449e-01	   4.9600149127229431e-01	   5.4119543842795226e-01	   9.7007146369271147e-01	   6.9237313014872259e-01	   7.2123803004341513e-01	   6.7506146645475940e-01	   7.3415930261803319e-01	   2.1201968319080119e-01	   3.8745162776499781e-01	   5.6040287722881821e-01	   7.1230876282040101e-01	   6.8751828045790042e-01	   8.8596646364765186e-01	   9.3140002593203186e-01	   1.1097930484340937e+00	   7.9485857212891931e-01	   7.7361263266742408e-01	   7.0539548143467257e-01	   9.9773232094267716e-01	   9.8777576493434349e-01	   9.1357431511945042e-01	   6.1985119455530457e-01	   1.0101374996947379e+00	   7.4578876252558357e-01	   7.1448990295651726e-01	   7.6237809098949105e-01	   7.7633597972935853e-01	   4.8088203434306465e-01	   6.2123623900851377e-01	   7.8439512281844392e-01	   7.9914764375882430e-01	   2.3588746272377203e-01	   5.0015956262374051e-01	   4.8076969620046495e-01	   6.3563100119297467e-01	   7.0512171014715708e-01	   6.0183887657208013e-01	   6.9562328587493694e-01	   6.3851176282515565e-01	   4.2665491406405159e-01	   5.5588148027235107e-01	   7.1168184766107045e-01	   5.4878514476561480e-01	  -1.1359624064430580e-01	   1.0089563561179142e-01	   2.0411968174997239e-01	   4.5823093327248038e-01	   4.6791197712632698e-01	   7.0152402455643159e-01	   4.6868614504834644e-01	   4.9514749942236180e-01	   6.1925131640400288e-01	   1.5750646176623123e-01	
   2.3711849768096205e-01	   2.9613205627968814e-01	   5.0475346474899607e-01	   7.0566551629073970e-01	   0.0000000000000000e+00	   1.6582207370392341e+00	   5.5585877564297825e-01	   7.0682138742564504e-01	   8.2195653598011775e-01	   1.2267656951638548e+00	   8.6540290918994317e-02	   3.0179012905126001e-01	   1.8784431713973382e-01	   3.9929037641445131e-01	   1.5516901856714904e-01	   1.2355052700199994e-01	   1.5174068622576473e-01	   4.1767099772007182e-01	   3.6857016079049171e-01	   3.8228858592901493e-01	   2.7664646575787677e-01	   3.5224617080152887e-01	   6.0979177961826103e-01	   6.3711356808216735e-01	   1.6407919612518236e+00	   1.5523685861540728e+00	   1.5411368637977141e+00	   1.3036875310606488e+00	   1.9564118513019013e-01	   3.5408011370100445e-01	   4.7371694921838781e-01	   3.9298531966875522e-01	   1.9514504505599770e-01	   2.7302146718170572e-01	   8.7227762839783285e-02	   1.7894859854205036e-01	   7.3845207788727274e-01	   7.1358867786985414e-01	   8.0295954015030291e-01	   7.5577302525906009e-01	   3.7001635856579745e-01	   2.8948458917005365e-01	   3.4126177613966646e-01	   1.1498731783476594e-01	   1.8940791376413943e-01	   2.5644995089915956e-01	   1.8794578084328889e-01	   2.0875667871086637e-01	   2.3583115509335306e-01	   3.0706537604721323e-01	   3.1236663503980133e-01	   3.6817215886286264e-01	   3.5191385842774675e-01	   4.9616243019629336e-01	   3.9480198181583015e-01	   5.3025244833117735e-01	   2.0361967713112930e-01	   4.4962201414537761e-01	   3.4010845314131471e-01	   4.7903078861883175e-01	   8.0329154338406455e-02	   1.9716438961880139e-01	   7.6471350239775956e-02	   5.8250636234911182e-02	   1.1593915660329777e-01	   2.7355831397899727e-01	   3.5326114457959862e-01	   3.3291243417033317e-01	   4.3996311730479082e-01	   5.0931081887700957e-01	  -1.0858151950077673e-02	   2.6772231727801171e-01	   3.2808835408115820e-02	   1.3911086144036131e-01	   1.7450435920047566e-01	   2.0021119202229420e-01	   3.8128881145761467e-01	   4.7060542756273327e-01	   3.3709664007692225e-01	   3.6567461083478286e-01	   3.8151865125451728e-01	   4.4621530280523458e-01	   5.5836130496250302e-01	   8.7732954584741440e-01	   7.8507037812581421e-02	   2.8078607122882193e-01	   5.9733001656380413e-01	   5.1151614748444074e-01	   7.4400929461246612e-01	   7.7549902930753378e-01	   5.4551578652820654e-01	   5.8066667084147083e-01	   7.3825590494367366e-01	   6.1789024804020232e-01	   2.1939024021308731e-01	   3.5516169264133962e-01	   1.6197329629276691e-01	   2.2180487990308020e-01	   2.6379522238088604e-01	   2.1993148565933018e-01	   3.3410453881358460e-01	   4.5404266558492223e-01	   5.3417712876241821e-02	   3.2502610659109976e-01	   3.4431626845682856e-01	   2.2210994760570604e-01	  -2.4823178752433422e-01	  -2.7532259794305593e-02	   1.6067738678893220e-01	   3.0534478508553148e-01	   2.1342029161750231e-01	   3.9789017604045485e-01	   3.1998421466003707e-01	   2.4436262287184968e-01	   1.4843959452996577e-01	   5.7887132190419084e-02	
   2.6317847474874867e-01	   3.1183108184474284e-01	   4.3322853463092648e-01	   7.9567280418335462e-01	   1.6582207370392341e+00	   0.0000000000000000e+00	   5.7843899825444589e-01	   8.3619359257621562e-01	   8.9284691356748902e-01	   1.5336318579069950e+00	   1.1239762524397716e-01	   4.0335808850088634e-01	   1.7767059756287576e-01	   4.5132156608480106e-01	   1.1578864624761348e-01	   1.3816706416115646e-01	   1.4791563486875095e-01	   3.9999220113037076e-01	   3.8066049590928547e-01	   4.1284930922391444e-01	   1.7843911845170357e-01	   3.5235909777774044e-01	   5.3078777091373452e-01	   6.7608769349287723e-01	   1.2570431760814356e+00	   1.3518591853106683e+00	   1.2334725415230758e+00	   1.0508379575895122e+00	   1.9507266705247006e-01	   3.4867001377893730e-01	   4.2160085381923801e-01	   3.5734999000033324e-01	   1.5678913577771084e-01	   2.4973487360805424e-01	   1.0326650149069984e-02	   1.4817432653176921e-01	   5.9089394020216279e-01	   6.2674994667550898e-01	   6.5929309167500871e-01	   7.0853613536258364e-01	   3.1076374500824211e-01	   2.7670331480176258e-01	   3.3404098100612684e-01	   8.7113361860957070e-02	   1.8951460142317775e-01	   2.8586165231171623e-01	   1.5416288764077582e-01	   1.8515681365474104e-01	   2.6656749033413923e-01	   3.4305187434924184e-01	   3.0893096441519058e-01	   4.0132357330022839e-01	   3.9354164055585084e-01	   5.9369305517342441e-01	   3.7071800439631908e-01	   5.0264468477815971e-01	   2.1016726487611667e-01	   3.9874459787379496e-01	   3.1724380109797440e-01	   4.2100007479035262e-01	   1.1397923932398202e-01	   3.0319189165925503e-01	   1.1060700750166094e-01	   8.4471496235715177e-02	   7.6411798696927213e-02	   3.0492869753223661e-01	   3.3774085326325187e-01	   3.4740818983887128e-01	   3.8026147537755201e-01	   4.7922683175982217e-01	   2.1756161391348124e-02	   3.1037141347869079e-01	   1.8420929954697605e-02	   1.3060233866917076e-01	   1.5107691676787222e-01	   2.2423175181504201e-01	   3.6751361642767172e-01	   4.9188559073500060e-01	   3.0141116830431319e-01	   3.2007351238257270e-01	   3.1111388921206512e-01	   4.2280891802068438e-01	   4.9253694947310556e-01	   7.3464342876245914e-01	   3.1336249244365046e-02	   2.9304344284469819e-01	   4.7850010758660649e-01	   4.3811611748913060e-01	   6.7566541623295129e-01	   7.7093153694328986e-01	   5.2290199154375361e-01	   5.7123987008065835e-01	   7.1345947770683649e-01	   5.5339667539187520e-01	   9.7513307089124673e-02	   2.8448691577783330e-01	   7.1096909409710474e-02	   1.7811329290629663e-01	   2.6963707895130395e-01	   2.0828177657161828e-01	   2.8736127271273171e-01	   3.9166570714458920e-01	   4.3168634439524949e-02	   2.4362319039582531e-01	   3.3357225555387054e-01	   1.8463766175430013e-01	  -2.1883584659781796e-01	  -8.4905709150946335e-02	   7.0542699295550598e-02	   2.3865298787481481e-01	   9.4340895218949061e-02	   3.4771094018042842e-01	   2.9835792380375975e-01	   1.8915113842708703e-01	   1.6453070544047832e-01	   5.1061235111559300e-02	
   8.2724605624155867e-01	   7.8326465532061129e-01	   1.1749162608811754e+00	   9.2916738828803880e-01	   5.5585877564297825e-01	   5.7843899825444589e-01	   0.0000000000000000e+00	   1.4617551888410796e+00	   7.0535260104806663e-01	   7.9248652320018953e-01	   7.0574545874014794e-01	   8.9018475098710914e-01	   8.3793422949506047e-01	   8.3958115692370894e-01	   5.2298125676926221e-01	   5.0837244409295790e-01	   6.1168637904128009e-01	   7.8484800766790053e-01	   1.1010339392975501e+00	   8.4724009861207794e-01	   2.6771628060423891e-01	   3.5037683785945123e-01	   9.1208725028643090e-01	   7.5259550174293788e-01	   4.7742620182745688e-01	   5.2853292489611348e-01	   4.7572133543142897e-01	   5.6842250793549254e-01	   8.8222605026194612e-01	   8.7601380915832616e-01	   9.8504363388224114e-01	   8.7423900348079653e-01	   8.5796178349971064e-01	   9.0257487120800861e-01	   4.3528053544894424e-01	   6.7257757050334077e-01	   5.2912649902419662e-01	   6.2640458472381055e-01	   5.5381817760983520e-01	   5.4877173216843145e-01	   3.5510847359767023e-01	   2.2729878927158534e-01	   3.0115486175960537e-01	   2.5074348061919094e-01	   2.0594112229661890e-01	   3.9232051382735034e-01	   2.8146534193491746e-01	   3.5153056079295503e-01	   2.1934554181275492e-01	   2.8766240488495887e-01	   3.0292210280680221e-01	   4.5925350503739915e-01	   4.0373072913843944e-01	   4.6138861092051353e-01	   4.6634384598052847e-01	   4.6176932425995165e-01	   5.7512427673539612e-01	   6.8579503838657230e-01	   3.0416347877348460e-01	   4.5806889471155882e-01	   6.0311659644256288e-01	   8.2341758576748592e-01	   6.0556952734514935e-01	   5.4619630962557286e-01	   6.9198700897556975e-01	   8.6397932751344453e-01	   6.5674631599969857e-01	   6.4357774240359489e-01	   6.6581301696509754e-01	   6.5763902617105607e-01	   3.8516070344061565e-01	   5.4156151476408976e-01	   5.8966559687775721e-01	   6.3400665231968456e-01	   7.3879424396700777e-01	   7.4539545440502175e-01	   7.9289392652176116e-01	   8.5913370564775349e-01	   7.3493941480570835e-01	   7.2383126945206189e-01	   7.2898225231919611e-01	   1.0203058741243713e+00	   7.0023666100711002e-01	   8.0814895721801971e-01	   5.1541622959370248e-01	   8.3377228486452781e-01	   5.2911498154488024e-01	   5.5503402622801346e-01	   7.1931899805894461e-01	   6.7188093923225267e-01	   3.4657863506001169e-01	   4.6082499418625622e-01	   5.1353402523161762e-01	   5.5459202316770506e-01	   3.2782223299322588e-01	   4.1838372935445667e-01	   2.5771930471400090e-01	   3.8596532130183736e-01	   3.8204977465256362e-01	   4.1192574914523949e-01	   5.2763737956005397e-01	   6.7153945260500592e-01	   3.2233035266564997e-01	   6.7221189051245711e-01	   5.3547513263485935e-01	   3.6099025286702757e-01	   5.1366319431925829e-02	   2.4210113133733568e-01	   2.0732263796220754e-01	   5.2256400306194917e-01	   2.5774105479614573e-01	   3.7077826641864176e-01	   3.1476396540494334e-01	   3.0230479747248695e-01	   4.8931778456048303e-01	   3.2913057573462390e-01	
   8.2842216800948576e-01	   8.3647537694460850e-01	   8.3487798732322149e-01	   1.1680638978254856e+00	   7.0682138742564504e-01	   8.3619359257621562e-01	   1.4617551888410796e+00	   0.0000000000000000e+00	   8.7199342916925549e-01	   1.0392421451873004e+00	   6.4799375127088410e-01	   1.1629466369654178e+00	   7.5097355776530683e-01	   9.8283243025773548e-01	   4.5345468978789011e-01	   5.4361154587624205e-01	   6.0519160814900264e-01	   8.7592306594416858e-01	   1.0412406441037112e+00	   9.2697421548412373e-01	   2.2947459593769354e-01	   3.6338921107213573e-01	   7.1305183972608199e-01	   7.8624037726113905e-01	   5.5973513984298717e-01	   6.2062073693456377e-01	   5.4346273938487055e-01	   5.8603290095021932e-01	   7.5681538171455043e-01	   9.0635557073342743e-01	   7.7238889870335692e-01	   7.6132273079866142e-01	   7.1662578260797016e-01	   8.3274652650996750e-01	   2.8458848101950107e-01	   5.5519899576980203e-01	   5.2990418010662654e-01	   6.3423901970516405e-01	   5.5708674503034494e-01	   5.7850221529200774e-01	   3.4597630810556274e-01	   2.1301977413241316e-01	   3.2622697250757082e-01	   2.0538188088788778e-01	   2.3757696394287289e-01	   4.6274383456888063e-01	   2.3031800713131045e-01	   3.0857931184305565e-01	   2.9826513377792008e-01	   4.0284605869305867e-01	   3.1383206509830519e-01	   5.3073069812103368e-01	   4.6213936191139693e-01	   5.5988351609561371e-01	   4.4191247524986571e-01	   4.9303226589860510e-01	   5.9093946858099988e-01	   7.3121250666522719e-01	   3.8633099622562606e-01	   5.7577068389070107e-01	   5.9508258735106545e-01	   9.6542018343522484e-01	   5.7609102033566373e-01	   5.6696754514766501e-01	   3.8953490874939700e-01	   8.1210915598749345e-01	   6.4995017087162565e-01	   7.0708536621209550e-01	   6.5758441782499077e-01	   7.1190101493865343e-01	   3.2075292588128967e-01	   5.9769320642735213e-01	   5.1639300884131856e-01	   6.1600371650171304e-01	   6.4841073342955746e-01	   7.1972608932981408e-01	   7.6666750685875273e-01	   9.4829038995292136e-01	   7.3777885005414923e-01	   6.9844479151720940e-01	   7.1291776675718244e-01	   9.9321090707600901e-01	   6.2978564704301676e-01	   9.1614485781942923e-01	   3.5177198808719629e-01	   7.3580439245815554e-01	   4.7485843262354299e-01	   4.9209449646902292e-01	   8.0542202813701158e-01	   8.4327248803673693e-01	   4.0060664564978782e-01	   4.5065158688721940e-01	   6.1196087283829237e-01	   5.2453262546023560e-01	   1.5936572859360845e-01	   2.5616339440606323e-01	   1.7322022480752555e-01	   3.0893418473770801e-01	   3.9936045903034811e-01	   3.7075528277260283e-01	   5.0638220239370135e-01	   6.3689874825067483e-01	   2.9005026438354631e-01	   6.1113175802956987e-01	   4.8918986901484129e-01	   2.8181280988430402e-01	  -7.5455152896154148e-02	   1.2037972992826364e-01	   1.0802903182271655e-01	   3.9052563219462522e-01	   1.5663293303147305e-01	   3.5885744530837399e-01	   3.0863767657880370e-01	   2.9138543919764387e-01	   4.3526531259767781e-01	   2.2961820651880524e-01	
   3.1212144742192732e-01	   2.7129370706711908e-01	   4.2400301522430650e-01	   6.3589683878354231e-01	   8.2195653598011775e-01	   8.9284691356748902e-01	   7.0535260104806663e-01	   8.7199342916925549e-01	   0.0000000000000000e+00	   1.1144626185971842e+00	   2.2615341579811127e-01	   4.3532685896896584e-01	   2.5671189550525153e-01	   3.8842017123135730e-01	   1.5268070506103276e-01	   1.6472877898784732e-01	   1.4977350134507206e-01	   3.4197917499178399e-01	   4.1104627197300381e-01	   3.6889016122848167e-01	  -5.5491460447940573e-02	   3.4059119754220012e-02	   4.0071599653875167e-01	   4.1382385400256189e-01	   4.4614160268395942e-01	   4.8447078265938076e-01	   4.0142988705838600e-01	   3.8565385538646474e-01	   3.3660134681504500e-01	   4.3192222335203012e-01	   3.8842703315233584e-01	   3.6080484841251814e-01	   2.2903666473091003e-01	   2.9753878900123665e-01	  -2.8700285555047184e-02	   1.1867327737627177e-01	   4.9029545444774136e-01	   5.5686948677696213e-01	   4.5484781884738512e-01	   4.4712698071778090e-01	   2.3493361622940362e-01	   1.2761360171823050e-01	   3.1117520719091962e-01	   7.8801202591468417e-02	   1.8152049109263069e-01	   2.5169865790730500e-01	   1.4400409970057432e-01	   1.8640992074599882e-01	   2.5854437165399402e-01	   2.7342352007750004e-01	   2.3559183041196075e-01	   2.9355566312233272e-01	   2.8586255511768682e-01	   3.3158098316859103e-01	   3.5492791036155791e-01	   3.3798231040589488e-01	   1.7352357879118713e-01	   3.2644514954856718e-01	   2.6268372010270907e-01	   2.9737200705767775e-01	   2.1841743805775365e-01	   4.0727109080210727e-01	   1.2300772780246327e-01	   1.0565806833831091e-01	   1.4947709448958049e-01	   3.1379996525894105e-01	   3.0018938807444601e-01	   3.0144323598705580e-01	   3.1026132907051707e-01	   3.4857256572127437e-01	   1.7701911831738198e-01	   3.5078148110700752e-01	   1.2788172930638983e-01	   2.0557496751815260e-01	   2.4402998273304793e-01	   2.8987854419515569e-01	   3.5892039113515090e-01	   4.5363525992606329e-01	   3.1551045412347084e-01	   3.2026377766621328e-01	   2.5939430956708087e-01	   4.0885746353115826e-01	   3.2188932036644624e-01	   4.9092140230077808e-01	   6.3631953514580814e-02	   2.7825149895529444e-01	   3.2196731620041796e-01	   2.3532201597439900e-01	   7.2649713263941984e-01	   6.6063137525594673e-01	   3.2330407849904508e-01	   3.8530959797556902e-01	   4.7328486937374981e-01	   3.8356855096201958e-01	   2.4744255400372717e-02	   1.5588987064169171e-01	   9.3377966041455179e-02	   1.2118860208305397e-01	   1.5310710055676841e-01	   1.1039659273707933e-01	   2.5467767745816206e-01	   3.6360048193178984e-01	   1.8844273095730078e-02	   2.9759503599704085e-01	   1.8303102409728342e-01	   1.2192557227962926e-01	  -1.1969010726532962e-01	   4.7855604601336386e-02	   1.8915386649788796e-03	   2.7453870247130174e-01	   7.8174437387192902e-02	   2.3186652855977691e-01	   1.8219541782336268e-01	   1.7090029033598859e-02	   5.2386606435956204e-02	   1.1068040518004844e-01	
   3.9793289992393449e-01	   4.1721518082983627e-01	   4.6348089917384583e-01	   7.6811199385088536e-01	   1.2267656951638548e+00	   1.5336318579069950e+00	   7.9248652320018953e-01	   1.0392421451873004e+00	   1.1144626185971842e+00	   0.0000000000000000e+00	   2.6371386252334694e-01	   5.1494281164619826e-01	   3.3068135594999865e-01	   5.2688440158137528e-01	   2.3728354523648279e-01	   2.3749696136583548e-01	   2.5120120805469265e-01	   4.3400854495452995e-01	   5.5504281430644797e-01	   5.4619391935790429e-01	   1.6012793756844299e-01	   2.9668480526188595e-01	   5.5782459312025645e-01	   6.7455822793413445e-01	   9.1825206711848462e-01	   9.8692497736099061e-01	   8.6515580545862081e-01	   7.8631806712628749e-01	   3.7495532109472951e-01	   4.7760268585422377e-01	   5.9967053938080062e-01	   5.3856315167603586e-01	   3.1775447090332454e-01	   3.9628180733420981e-01	   2.3813704148486693e-02	   2.1660860859037664e-01	   4.8186703564902023e-01	   5.6354288969680666e-01	   5.0880355268561661e-01	   5.1798628206138830e-01	   2.6325913039933496e-01	   1.7221110089197733e-01	   2.8666013077864938e-01	   6.0408294082785377e-02	   1.8098022111700113e-01	   2.9409840174338597e-01	   1.3011029152960366e-01	   1.8054048641749088e-01	   2.4126974293526482e-01	   2.9028432227303635e-01	   2.5058008648042146e-01	   3.3621412631342151e-01	   3.6519939580742700e-01	   4.9748865210607218e-01	   2.9441287656792042e-01	   3.6627448313124422e-01	   2.9250332039392285e-01	   4.6220182758401607e-01	   3.3046032926624380e-01	   4.2892161842135723e-01	   2.6385153749189794e-01	   4.4030138677597830e-01	   2.3344537721352379e-01	   1.8022499334816494e-01	   1.8571480073057606e-01	   3.7560926414310258e-01	   3.9415928590120541e-01	   4.0977933670640254e-01	   4.6380130418498844e-01	   5.4746504931843487e-01	   2.3462004431163597e-01	   4.8961243853351477e-01	   1.3966557884585004e-01	   2.0989563911813894e-01	   2.4949541420109980e-01	   3.0362079568986683e-01	   4.5004270299061500e-01	   5.7239728777581045e-01	   3.8778903249990559e-01	   3.8777607234808947e-01	   3.8797550460426095e-01	   5.0788109386450286e-01	   4.8505366264926764e-01	   7.4917789050086747e-01	   1.0522519208358118e-01	   3.6815823039650436e-01	   3.6249739117323004e-01	   3.4586480583901857e-01	   6.2907401240003602e-01	   6.6598677635920045e-01	   4.8397316166180349e-01	   5.2816335208194376e-01	   6.5236245544925708e-01	   5.0988463835641751e-01	   1.0103892096323940e-02	   1.6617730304285586e-01	   6.6933190973484005e-02	   1.5713404866067965e-01	   2.2855322427572444e-01	   2.1050285141283870e-01	   2.3953358126482555e-01	   3.3901045244680872e-01	   5.4314943701309855e-02	   2.6955840216086085e-01	   2.9394175661657529e-01	   1.2766594024281880e-01	  -1.1167583433702520e-01	   3.0907796295875603e-02	  -4.4557267920166288e-02	   2.8738737687336208e-01	   8.7973917002658691e-02	   2.6710227060001918e-01	   1.9580745129840579e-01	   1.0885359369001085e-01	   1.1091537988602930e-01	   5.7756297085140948e-02	
   1.4492309006036090e+00	   1.1882148130769410e+00	   5.4534527560732038e-01	   6.0757633061472249e-01	   8.6540290918994317e-02	   1.1239762524397716e-01	   7.0574545874014794e-01	   6.4799375127088410e-01	   2.2615341579811127e-01	   2.6371386252334694e-01	   0.0000000000000000e+00	   1.0598300650338972e+00	   1.5021851699944140e+00	   9.9049984973364469e-01	   1.0908453992645868e+00	   9.0897204068820414e-01	   1.2417089765329430e+00	   8.8997550766102362e-01	   1.1845041765511428e+00	   1.0453068209232312e+00	   4.0453403409755284e-01	   3.6607999314055389e-01	   6.0094075791192170e-01	   4.3978535717177919e-01	  -1.5532991639220494e-02	  -9.7015366470628688e-03	   1.0320810645933673e-01	   1.3876907330869950e-01	   1.3374227561996224e+00	   1.2330623713324664e+00	   7.2281202738451955e-01	   7.8710545960223377e-01	   1.0570953504285481e+00	   1.1358248397478625e+00	   4.8470475885031716e-01	   7.0287389832858649e-01	   2.5461575978236017e-01	   3.6337486215876252e-01	   1.9419077000751725e-01	   3.1699661688827141e-01	   3.9683431065431674e-01	   1.1115566077037149e-01	   3.7236356683910493e-01	   4.3786737286533894e-01	   2.9071939776024969e-01	   4.9394925412915863e-01	   4.6638894852876983e-01	   5.3477752906000753e-01	   2.5208017423446261e-01	   3.0419167454623808e-01	   2.8496694001440570e-01	   4.0243016450846919e-01	   3.2728986449897823e-01	   2.4223606293759709e-01	   3.8619842844045799e-01	   3.7534593154956186e-01	   1.0796043982254895e+00	   9.0495231530689813e-01	   3.9605312897097722e-01	   6.7756591879560535e-01	   1.0002141045608106e+00	   9.2798849760406310e-01	   1.1134882515741076e+00	   9.5277170571305769e-01	   6.7182042353800031e-01	   8.0595438461726765e-01	   5.9677896702009758e-01	   6.6261581452517138e-01	   7.9286359746515234e-01	   7.1010400789511896e-01	   3.7703794416293723e-01	   3.4156447458650402e-01	   1.1275080376165081e+00	   1.0718821300373711e+00	   1.0474599084845697e+00	   1.0726945707542792e+00	   1.1598593647625006e+00	   1.1003706828836985e+00	   8.9476995139441551e-01	   8.7786008814633676e-01	   9.9479193179076608e-01	   1.0070084309662992e+00	   7.9945072003035933e-01	   6.1527289941888774e-01	   1.0304977584849988e+00	   9.4806494850804457e-01	   3.1679221449423378e-01	   2.4787666153745813e-01	   3.1649874281739288e-01	   2.3817207633524179e-01	   2.3008699907386243e-01	   2.5820313114692683e-01	   1.9660549682320277e-01	   3.3069900827560494e-01	   2.5612162113728165e-01	   2.5638527286095747e-01	   6.0690664057651156e-01	   5.7953473324296245e-01	   6.6409739758351172e-01	   7.1218171166059718e-01	   5.3532476909449556e-01	   3.3991874226158969e-01	   6.9564447893697601e-01	   6.6047982365899016e-01	   4.8129762188654934e-01	   3.4408433686647910e-01	   3.5074331375575585e-01	   4.4279452779604278e-01	   1.9423158067015547e-01	   4.1310526169063377e-01	   5.6826653528314419e-01	   3.9684671959005091e-01	   3.6944290188595197e-01	   2.9965441369510509e-01	   5.3406625680819053e-01	   1.1540536974911690e-01	
   1.2079278663603255e+00	   1.1502385283670289e+00	   5.7642937949503137e-01	   9.1085686891956708e-01	   3.0179012905126001e-01	   4.0335808850088634e-01	   8.9018475098710914e-01	   1.1629466369654178e+00	   4.3532685896896584e-01	   5.1494281164619826e-01	   1.0598300650338972e+00	   0.0000000000000000e+00	   1.0709096064585573e+00	   1.4307981803026659e+00	   7.7721835663918537e-01	   9.3977712528607704e-01	   9.1985367863367928e-01	   1.1349375091819942e+00	   1.1722980273802455e+00	   1.1269967014695972e+00	   3.6099513224800567e-01	   3.9143831344851687e-01	   5.7877849691467853e-01	   6.4624391659548952e-01	   2.0391907511487700e-01	   2.1820056582367767e-01	   2.5442832735755944e-01	   2.8611684072400673e-01	   9.1872486304967838e-01	   1.1750628023905028e+00	   5.5193435189460094e-01	   6.3117716217037478e-01	   7.7894390997389351e-01	   8.9427440341567166e-01	   3.1730196182958775e-01	   6.2461762848659874e-01	   3.9489777914985957e-01	   4.9974204520655091e-01	   3.7978974631565748e-01	   4.5109451711164161e-01	   3.1156550832639918e-01	   1.3670622871571095e-01	   3.9731752892847721e-01	   3.1063616743991340e-01	   2.7857310054767614e-01	   5.2248789879464574e-01	   3.0995039834537869e-01	   3.9142055070032034e-01	   3.0091425416996920e-01	   3.8706062650520384e-01	   2.8173762515975176e-01	   5.0180823355404591e-01	   4.4611221979878846e-01	   4.6737896823316583e-01	   4.4540884326504893e-01	   4.7279494612032413e-01	   9.2196325912865340e-01	   8.9782772786861964e-01	   3.8083605767936612e-01	   6.5742841980892819e-01	   7.9072602962773919e-01	   1.0561050537445265e+00	   8.3609952397086307e-01	   8.4547158040484749e-01	   4.0841885226806995e-01	   7.8574148766326046e-01	   6.0943650881763034e-01	   7.1397409932976286e-01	   7.1964890873021081e-01	   7.0384559259227641e-01	   3.1026171888128018e-01	   4.6393381115662935e-01	   7.4368218538937525e-01	   8.3862428493556118e-01	   8.0709688914650446e-01	   9.7054424366469583e-01	   9.5739254780290850e-01	   1.0452984946431962e+00	   8.3754697395761379e-01	   8.8097627989294369e-01	   9.0470914748025089e-01	   1.0580917980133340e+00	   5.8647612310749220e-01	   7.8527167107707208e-01	   6.3999299527061193e-01	   8.7846215136281214e-01	   4.0158679437197742e-01	   3.6404588684160399e-01	   6.3389474945497615e-01	   6.3748881519342981e-01	   3.8026648296378246e-01	   4.1454770600186108e-01	   5.1450602623344577e-01	   4.9328183910227158e-01	   2.3144159763615085e-01	   1.7076296352081036e-01	   3.4284134211510753e-01	   4.1510037297159147e-01	   5.8373894171350393e-01	   5.4516351623816428e-01	   6.0075353507404972e-01	   5.5527635112145424e-01	   5.0283058308610251e-01	   6.5966123513123043e-01	   5.3048267190255571e-01	   3.1113307957671343e-01	   1.1110756534968698e-01	   2.1468216619260505e-01	   1.8670491396023212e-01	   3.1828234063508626e-01	   2.8732667570827691e-01	   3.6103289073095646e-01	   3.8630243119402585e-01	   3.1843738053736231e-01	   5.3816421885219801e-01	   1.7051164737797622e-01	
   1.3298590053483590e+00	   1.0509548136466103e+00	   6.4116861341562892e-01	   6.0245996866545959e-01	   1.8784431713973382e-01	   1.7767059756287576e-01	   8.3793422949506047e-01	   7.5097355776530683e-01	   2.5671189550525153e-01	   3.3068135594999865e-01	   1.5021851699944140e+00	   1.0709096064585573e+00	   0.0000000000000000e+00	   1.1110644551915183e+00	   1.2583359733695920e+00	   1.0081828810771158e+00	   9.3904140142082904e-01	   8.3861826920055460e-01	   1.1806941505209738e+00	   9.8426722236490993e-01	   4.6889789657140218e-01	   3.8123164852258440e-01	   6.1732024958565102e-01	   4.6451442324785752e-01	   1.0614484509882760e-01	   9.1490046175931150e-02	   2.2054889734224686e-01	   2.4062405062805114e-01	   1.1096802831929125e+00	   1.1447867567974626e+00	   7.1065988127520174e-01	   7.1613802862575826e-01	   9.4086549949965781e-01	   1.0283390470075844e+00	   4.2575342152346518e-01	   6.6749662746688121e-01	   3.0657413948313567e-01	   4.0230220039382547e-01	   2.9151420149833651e-01	   3.4524989328288264e-01	   3.1083658853104640e-01	   3.9005452034250744e-02	   3.4754306140654201e-01	   3.9410953734905368e-01	   2.5768356984877228e-01	   4.3980120927871558e-01	   4.0929229328705680e-01	   4.8772478373947031e-01	   2.6512591084789655e-01	   3.1679055493946878e-01	   3.3742287623222661e-01	   4.5361021016683067e-01	   3.4203065298821872e-01	   2.2621128035296928e-01	   3.8853156532604810e-01	   4.0080524117618294e-01	   8.7789029177734401e-01	   8.4880451120819622e-01	   3.9587623522799165e-01	   5.7740944324568577e-01	   8.4262217902377301e-01	   8.6832921486388925e-01	   7.7973987145956669e-01	   6.9252056454744781e-01	   6.0955776906358672e-01	   7.7833688642053589e-01	   5.3963140454075675e-01	   5.8856074236925060e-01	   7.3453752875610623e-01	   6.7347996611269767e-01	   3.7741419934691084e-01	   3.8472570549274482e-01	   9.4270972181273338e-01	   9.2360878836867855e-01	   9.4723341675056727e-01	   9.7664179082466818e-01	   1.0160202968705574e+00	   9.9846140439738540e-01	   7.4336846585434690e-01	   7.7165909905089825e-01	   8.8225688421394177e-01	   9.3484803990532039e-01	   7.4285302141115406e-01	   6.2895245260779153e-01	   7.8832634906447674e-01	   7.8445997704506232e-01	   2.5917942550989520e-01	   1.9592464033351872e-01	   4.1812785234674071e-01	   3.3773568790518277e-01	   2.1964548281558938e-01	   2.7344892324976611e-01	   2.0837321289344998e-01	   3.3680802378063485e-01	   2.6209942822690441e-01	   2.5446187886658789e-01	   4.8872535745241519e-01	   4.9837453214045402e-01	   5.6152521535505739e-01	   6.3493054445671759e-01	   4.1812493545812313e-01	   4.3222680483298420e-01	   5.2235289320791689e-01	   6.6548253010065572e-01	   4.1636934702434064e-01	   2.8118693789642135e-01	   3.2998758231985925e-01	   4.0111484696059357e-01	   2.8114621418677094e-01	   3.5024279749954823e-01	   4.3982131614318465e-01	   3.2138856967921475e-01	   3.9021775417759891e-01	   2.6494946735914193e-01	   4.6469452838928021e-01	   8.2871969894603242e-02	
