   0.0000000000000000e+00	   1.6088783478621473e+00	   8.2499757634981874e-01	   3.9447700282931181e-01	   6.7062356912635113e-01	   4.8435357721717764e-01	   4.5197780365703588e-01	   2.7732498967974228e-01	   5.6749950572363494e-01	   3.1260347735698385e-01	   9.9152282291311378e-01	   4.8788720946395081e-01	   5.8020405788429730e-01	   5.0655295547776280e-01	   6.4411605772338532e-01	   6.1854739883821575e-01	   1.2617888721114794e+00	   1.1928608894658159e+00	   1.0652355894121752e+00	   9.2688142776465188e-01	   7.3801646925161679e-01	   7.5442185381588700e-01	   4.2973722661347125e-01	   4.1104879923493792e-01	   7.6870054594698489e-01	   6.8406920594075038e-01	   7.9036346786850298e-01	   7.2444917262137332e-01	   8.2962293797910980e-01	   8.2469204929221807e-01	   4.0081169762439134e-01	   2.5186665763633931e-01	   1.1153707837882161e+00	   1.0180263975768373e+00	   7.3475120379681358e-01	   6.0548627460021143e-01	   6.8971092211947382e-01	   6.2701982045501281e-01	   7.5936048460425809e-01	   8.3263369412425914e-01	   9.2107868998200426e-01	   8.6064248031716928e-01	   2.5070727385161629e-01	   3.8681911474722913e-01	   1.1493251083196042e-01	   8.9584457494435263e-02	   4.1033362385258926e-01	   6.7243082905659013e-01	   1.0267998337892535e-01	   1.5402498134259360e-01	   2.8172564465491789e-01	   2.5050708282322315e-01	   4.3615530655533863e-01	   4.9133262002382100e-01	   5.1162301868837101e-01	   4.6683190694920063e-01	   1.5633133281286866e+00	   1.2870952168696679e+00	   8.9145008713075469e-01	   5.3986551511347991e-01	   6.1123077577166196e-01	   2.1950949251191054e-01	   4.2706475916771547e-01	   2.3767484992953278e-01	   2.8394124868889864e-01	   5.2259999480821273e-01	   7.0855340208276052e-01	   6.0994869202895641e-01	   9.9988108058743042e-01	   8.8266394994119857e-01	   1.7899976324285288e-01	   2.2020200517935043e-01	   6.4926859884871024e-01	   6.6418995839864459e-01	   4.2769389231062166e-01	   3.2923123005661137e-01	   1.1041194112620036e-01	  -8.6615226967033249e-02	   9.5390336475782378e-01	   1.1571426549207984e+00	   9.4453264784799584e-01	   1.0916481889067415e+00	   9.4652904306105445e-01	   1.0053522656265157e+00	   8.2431508676661480e-01	   7.2872334182557119e-01	   6.8486445775237070e-01	   7.8096643969381163e-01	   8.3525507325985993e-01	   6.9720799500556785e-01	   1.8245754765469763e-01	   4.2655120124762508e-01	  -2.6428220415476944e-01	   4.1296327801869476e-01	   1.3517844600686774e-01	   3.4583886811654646e-01	   5.1777923730231057e-01	   5.9234127829631000e-01	   4.6500075669523744e-01	   5.5579360949389667e-01	  -7.0721171394092314e-02	   4.4371772906622192e-01	   6.2851076407749207e-01	   5.3873768611497219e-01	  -1.3028686010642584e-01	  -5.3977221920570972e-02	   1.4964597165862806e-01	   3.7116303227547498e-01	   5.0266380327964807e-02	  -2.6327414785286202e-01	   3.4341332460410340e-01	   1.1190564859087689e-01	   1.6915364969428852e-02	   7.4461432218985213e-02	  -1.4673037827023211e-01	  -1.6693680659280169e-01	
   1.6088783478621473e+00	   0.0000000000000000e+00	   7.8523687425855382e-01	   5.5304168514778373e-01	   6.7707890862986564e-01	   5.8632276205907996e-01	   4.4114238823651364e-01	   3.3555689632000024e-01	   5.6455076571211427e-01	   3.7600202802787008e-01	   9.7984409684958074e-01	   6.4219702222330621e-01	   6.3155187710056304e-01	   6.2551799685419374e-01	   6.7949846160811467e-01	   6.8396532309086899e-01	   1.2967544467004679e+00	   1.5606864986969939e+00	   1.0360363879375838e+00	   1.0383948082600660e+00	   7.4456550570339775e-01	   7.9658800182485212e-01	   4.4436933623501301e-01	   4.9027101959608166e-01	   7.7406433133593444e-01	   7.3771073901710416e-01	   7.6385595454843846e-01	   7.5467287605503497e-01	   9.1413301886961584e-01	   1.0124816866677750e+00	   4.2127393446278016e-01	   2.9251631719352800e-01	   1.0769924168718157e+00	   1.0859628708841513e+00	   6.0245827656048645e-01	   5.8356257387299504e-01	   7.2498063062733220e-01	   7.1573116130044212e-01	   7.8621988342136384e-01	   9.5703452880050677e-01	   1.1401283281047403e+00	   1.0549530968649732e+00	   3.2348744199684282e-01	   4.4716826508298746e-01	   2.3335239948625974e-01	   2.1612535131152980e-01	   4.9530160581111615e-01	   7.4770747846824559e-01	   2.0653101067593213e-01	   2.4297085712733391e-01	   3.5825820588905399e-01	   3.4294010679523829e-01	   5.1895840903794355e-01	   5.9067996410079171e-01	   5.8713100482532965e-01	   5.6361516525439481e-01	   1.4342682167407605e+00	   1.7450277774123544e+00	   8.8867500078006312e-01	   6.1705068946144825e-01	   5.4161158906417217e-01	   2.1413264331344037e-01	   5.3078570060335473e-01	   4.0725234070568495e-01	   2.0260923260152269e-01	   4.7498584868674820e-01	   7.4311633900056817e-01	   6.6984521320259172e-01	   1.0273938221867587e+00	   1.0117829127263980e+00	   2.3420377627460365e-01	   3.2696507589266860e-01	   7.1912594511305339e-01	   7.6484060720915192e-01	   4.7341171163841034e-01	   3.7600610477732016e-01	   3.4164786542262952e-02	  -8.3374068884332506e-02	   9.9740211612120455e-01	   1.2924956054545336e+00	   1.0081761769230313e+00	   1.1551428118046487e+00	   1.0037161974370121e+00	   1.0817452655242350e+00	   7.8856333233399245e-01	   7.3776592541005082e-01	   7.2483283935346798e-01	   7.9227804722629713e-01	   8.3457358733378650e-01	   7.3964143536371596e-01	   2.5196285338723168e-01	   4.5088731189843428e-01	  -2.1567312127962562e-01	   4.0398479740961823e-01	   1.5103300545513790e-02	   2.8146850241733024e-01	   4.6642754976899026e-01	   4.6726064264966910e-01	   5.3499066795825956e-01	   5.4808489991114362e-01	  -1.7401466423482923e-02	   4.5347907805386151e-01	   7.1466512045942465e-01	   5.4164534559746313e-01	  -1.3131048873330456e-01	  -4.5871615518903106e-02	   1.4329729925079993e-01	   3.0168248630862748e-01	  -2.9996698896583518e-02	  -3.1794884015825697e-01	   2.3439613673477519e-01	   1.3210329516728033e-02	  -3.2778493329621558e-02	   3.7174759112960809e-02	  -2.1062205875492152e-01	  -1.7100459920407091e-01	
   8.2499757634981874e-01	   7.8523687425855382e-01	   0.0000000000000000e+00	   4.5046343702700076e-01	   9.9115578848372587e-01	   5.4700345673270356e-01	   1.2606469239658398e+00	   3.5239476932934843e-01	   7.0981166839178644e-01	   2.9151957238895332e-01	   1.2314607468200212e+00	   8.1948747374626207e-01	   9.7670911093461654e-01	   8.6492078215022206e-01	   1.5098474385502731e+00	   1.0879989255826641e+00	   5.3905094449276114e-01	   5.8756242147059268e-01	   1.1835893462572036e+00	   8.5983733430822706e-01	   8.4463490142312314e-01	   6.5433109707817694e-01	   1.1731947773881353e+00	   7.9077652546170363e-01	   1.1539591921332997e+00	   7.1996029645617121e-01	   1.0691585040829583e+00	   8.8045231403953383e-01	   8.2201072157792077e-01	   6.6818385690210402e-01	   6.7309477782825256e-01	   3.4125650414742426e-01	   1.0316506978202682e+00	   7.9816174617987823e-01	   9.0865127529312140e-01	   6.4847093572092529e-01	   8.8211225402726678e-01	   7.2729148444418457e-01	   1.0607623301063058e+00	   8.1114341807056434e-01	   1.0051938463292889e+00	   9.1016017380109515e-01	   3.7466182964312000e-01	   5.0884915668360331e-01	   6.2168110086088794e-02	   4.7838888696800273e-02	   4.6146467540771263e-01	   6.4222167589248247e-01	   2.4781141928240186e-01	   3.3757940026414851e-01	   5.1457564588216331e-01	   4.7554843195360474e-01	   6.6711724424325847e-01	   7.6376915590302685e-01	   8.1027483215884888e-01	   7.0800417992403486e-01	   5.3140157256586340e-01	   6.0104874642312556e-01	   1.0505505254339860e+00	   5.5799740079847115e-01	   8.1322332287020638e-01	   2.3554860890571394e-01	   6.4110412935399352e-01	   2.8379892072988139e-01	   5.6942132963500836e-01	   6.8977541930886310e-01	   9.7123348172558344e-01	   6.1951602527960836e-01	   7.8394081611999555e-01	   7.7075680406299574e-01	   4.8725619638284906e-01	   3.2663138948322684e-01	   7.0606496148044084e-01	   5.9148057997021319e-01	   6.2499813526980652e-01	   4.3044715398754207e-01	   3.1887317719833641e-01	   1.0542300695317938e-01	   4.1958504677363623e-01	   5.7303588651703019e-01	   5.4243938653634438e-01	   7.2557683235237314e-01	   1.4015591365431805e+00	   8.5734444154348111e-01	   8.6532818128942757e-01	   8.8352582829915238e-01	   9.9374652933687035e-01	   8.4109188953302494e-01	   1.4458358892948295e+00	   1.0570658867307077e+00	   3.8774976597254618e-01	   6.5751161762138954e-01	  -2.3294760157008162e-01	   6.1771644295465689e-01	   7.7819709608795626e-02	   2.2921279618159818e-01	   5.9221159946697632e-01	   5.7268239737742854e-01	   5.0108402412936304e-01	   6.1002530617668682e-01	  -3.7200274486819056e-02	   4.4701567432891554e-01	   7.0178819656348690e-01	   6.1907310581170338e-01	   1.0795904992803047e-01	   2.6011348309701482e-01	   3.0013879935096810e-01	   3.4702917607655037e-01	   6.8011205730119095e-02	  -9.4552668411368918e-02	   3.4381662967999110e-01	   1.2009802232766205e-01	  -1.1244187886549453e-02	   1.7204476014921671e-01	   1.9477970592107159e-02	  -1.5083199204808903e-01	
   3.9447700282931181e-01	   5.5304168514778373e-01	   4.5046343702700076e-01	   0.0000000000000000e+00	   5.4442220172192735e-01	   3.8963441019808098e-01	   4.8382310415726409e-01	   1.0762430040395903e+00	   3.0103908995365608e-01	   3.8441642189136477e-01	   3.5654603197679924e-01	   6.7875445325471961e-01	   2.5129128785576982e-01	   4.9692513948856287e-01	   4.1709205687065010e-01	   5.7643927296464958e-01	   4.2599797036036613e-01	   4.2739301775130334e-01	   6.9882041739019662e-01	   9.5833368371330552e-01	   4.7342196902372391e-01	   5.0315926014530821e-01	   5.7857072506543727e-01	   1.0634061658996354e+00	   6.0448198028814470e-01	   9.4322324428362325e-01	   5.1264905727021604e-01	   6.7818171400253224e-01	   5.8458992719700931e-01	   7.3887598651153619e-01	   8.1819908092376092e-01	   9.3735690191193122e-01	   6.7385710190613912e-01	   8.6288034614302644e-01	   2.9941992525093963e-01	   5.7469407265933292e-01	   3.2500719740909945e-01	   3.6917794717923480e-01	   4.7415614413984353e-01	   5.3157231075268219e-01	   5.2728089704185588e-01	   5.7786654995573572e-01	   4.5024741647897881e-01	   3.9818243178754054e-01	   3.6117238679800728e-01	   3.6164219595134584e-01	   4.5175504877037054e-01	   5.4472971446323748e-01	   1.4089746366518238e-01	   2.0143513993759543e-01	   1.4696212165946324e-01	   1.6229649461684728e-01	   2.3887071591987730e-01	   3.7344524553844588e-01	   3.3747681865402940e-01	   3.2082387886177877e-01	   2.5615092605285084e-01	   3.3480667182903912e-01	   3.0039419656892263e-01	   4.4368983749397300e-01	   8.7726772389815105e-02	   5.4065022777030936e-01	   6.5026314911061800e-01	   9.7068064068346349e-01	   2.0767577447606586e-01	   4.2734801601528311e-01	   5.0324431665106162e-01	   6.6382869042753179e-01	   5.1743149726064774e-01	   7.9833466082844207e-01	   3.2002331044363347e-01	   5.3459127491060354e-01	   5.2487072731365503e-01	   6.1821125430759283e-01	   5.2702432293955015e-01	   5.1422045925781146e-01	   2.7381547192149225e-01	   3.6567205644674206e-01	   5.2510751143767231e-01	   5.1569893871984140e-01	   6.7720138987187573e-01	   4.8790268961336392e-01	   6.4829752799977647e-01	   8.4659829347774129e-01	   5.0687444409206983e-01	   5.8783786053738851e-01	   5.4992857182502752e-01	   7.4664266044506933e-01	   4.2322298066934966e-01	   5.8694976469757087e-01	   4.9922254096842494e-01	   4.4583962729487853e-01	   2.4841562104997872e-01	   6.3061572950883815e-01	  -3.5911851507165242e-02	   1.2915627125516277e-01	   5.2231072707272030e-01	   4.0676685503801036e-01	   4.6600548922983742e-01	   3.6641062178141454e-01	   2.9943425423611914e-01	   4.9790598497159833e-01	   7.8558797551900306e-01	   5.2716784295377828e-01	   3.4111651303956547e-01	   2.3210025003436208e-01	   2.1720092869680954e-01	   1.2543224287145435e-01	  -8.8303602411261811e-02	   6.6548341294542512e-02	   4.1243144251642216e-01	   1.5148676764055272e-01	  -1.8958335599198191e-02	   3.6855919371413026e-01	   1.4297472335780981e-01	   1.4678018008087390e-01	
   6.7062356912635113e-01	   6.7707890862986564e-01	   9.9115578848372587e-01	   5.4442220172192735e-01	   0.0000000000000000e+00	   6.4355779373239663e-01	   7.1230573752033810e-01	   4.6038270612545884e-01	   1.0256389009726743e+00	   4.0585273747878947e-01	   7.1156442877793402e-01	   6.1466838903361853e-01	   6.0338709781404631e-01	   5.6538080490109432e-01	   8.2276748571105052e-01	   7.3408553282601663e-01	   4.6689693855414927e-01	   4.9554267654311274e-01	   1.0448492890908574e+00	   9.5624073126930953e-01	   7.7714268357966376e-01	   6.5680683827827135e-01	   9.7710185026519669e-01	   8.8066274496330310e-01	   1.3895999214743397e+00	   1.0286149429258447e+00	   9.7255527624109739e-01	   9.1406258212509073e-01	   5.2877100445201985e-01	   5.6889776361129651e-01	   9.3525871041379127e-01	   6.3270664382222708e-01	   9.5531350356891875e-01	   8.3218420182377184e-01	   9.1311572164059374e-01	   7.7509898737487692e-01	   5.2232397274417741e-01	   4.2873080383124024e-01	   7.7531457306391305e-01	   6.6898034796563310e-01	   7.8066689048498228e-01	   6.9495911871447658e-01	   3.4692286771861047e-01	   4.0136237796302943e-01	   1.5199880312177777e-01	   1.2555594057135697e-01	   3.4143937277528336e-01	   5.0158082306535479e-01	   2.2521293311697935e-01	   3.5049193592579836e-01	   4.3889036344233290e-01	   4.4239802518168209e-01	   5.4226188593595293e-01	   6.9992775119767059e-01	   5.9541771377369834e-01	   5.5918705819143322e-01	   4.6521054393721784e-01	   4.7603523485049337e-01	   8.0353500492991636e-01	   6.2072157456522747e-01	   5.9624509511367185e-01	   3.9642891337383024e-01	   5.6648879814276487e-01	   3.8723747135652309e-01	   5.7189521233213469e-01	   6.6780617212659366e-01	   9.3605539287430095e-01	   7.6707369905099820e-01	   8.8525082050136894e-01	   9.2366784941931968e-01	   4.3187164182972598e-01	   3.7799278790728386e-01	   5.9584649058429062e-01	   5.4019034220219142e-01	   6.0626928294463900e-01	   5.0573150986038962e-01	   2.7361534319523395e-01	   1.5409594042894359e-01	   3.4158450014018982e-01	   4.9652158990166806e-01	   5.1146510599563733e-01	   5.9725392485466511e-01	   8.8688287319059256e-01	   7.6515269321160451e-01	   7.9341004824545913e-01	   8.0280221075340608e-01	   6.6270723742023296e-01	   7.5139692246091416e-01	   9.4441018904854768e-01	   8.9185150294754545e-01	   4.3546100024438661e-01	   7.2281966284432786e-01	  -9.4374809880839600e-02	   6.8560192359907934e-01	   7.6363231407749629e-02	   2.2136904853221684e-01	   4.6421055528233468e-01	   4.6762975543831814e-01	   4.2171864232140505e-01	   5.2803565519453988e-01	   8.5886705979897698e-02	   6.4094055085518098e-01	   7.2403200686432267e-01	   7.0655695578022770e-01	   1.4700455160984824e-01	   1.7176173351500104e-01	   2.2202435328630354e-01	   2.7583804509817827e-01	   1.2306757157889783e-02	  -7.6864286261149717e-02	   2.7830505196518351e-01	   1.0224809209602739e-02	  -4.0468642612341794e-02	   1.3935744816430282e-01	  -6.4020327254341522e-02	  -1.3364070764829006e-01	
   4.8435357721717764e-01	   5.8632276205907996e-01	   5.4700345673270356e-01	   3.8963441019808098e-01	   6.4355779373239663e-01	   0.0000000000000000e+00	   3.3600677837358095e-01	   3.6766351196509783e-01	   6.9754493079333912e-01	   1.1772716382130126e+00	   5.1627519941621669e-01	   7.5962557830653765e-01	   5.1219456965963062e-01	   6.2081069109175357e-01	   5.9399565251454634e-01	   8.2722858498629381e-01	   4.3053929401854835e-01	   5.1490854062786795e-01	   6.0026457761124863e-01	   6.4138133272849729e-01	   6.3624109495123016e-01	   6.0307959816872925e-01	   4.7921376186874259e-01	   5.3780016651466300e-01	   6.6541742376891522e-01	   7.2954011353750936e-01	   5.1615755274372377e-01	   6.6633637598638806e-01	   5.3038962648826260e-01	   7.4432212302377387e-01	   4.5159367746747914e-01	   3.4593187239437317e-01	   4.8798851360224793e-01	   5.4895852942941148e-01	   3.5615244930375750e-01	   4.5792193122496294e-01	   5.9777052224040850e-01	   5.6948395928599327e-01	   7.2190656525400621e-01	   7.3084097828869488e-01	   7.1560996133757626e-01	   8.1772280063377334e-01	   4.1356413030579764e-01	   5.3502046807311499e-01	   2.1301974777539243e-01	   2.7817119081472941e-01	   4.2028085445144026e-01	   5.4352902380034007e-01	   5.9637393706920494e-01	   6.6474864373944931e-01	   6.5980307080709233e-01	   7.1738637284959916e-01	   7.7526622034391990e-01	   8.2968519495243331e-01	   6.5104315506598665e-01	   7.2507020970973923e-01	   3.9486780982019903e-01	   5.4675305054858003e-01	   7.9402178701990389e-01	   9.0339080168196428e-01	   4.1008496831592062e-01	   3.9422669777930919e-01	   2.1066439880087170e-01	   3.2713197523788207e-01	   1.2511954073037571e-01	   5.5244930557130922e-01	   6.5529613133650078e-01	   5.9302296774296004e-01	   5.5075784040811482e-01	   7.6014574422160464e-01	   3.8812272647325130e-01	   4.4796406261570992e-01	   5.6853892557167585e-01	   6.0062483442245140e-01	   4.9685308044586507e-01	   4.7635824930326859e-01	   5.0996815561880841e-02	   1.1778246949523079e-01	   3.3058490226685749e-01	   5.7179658283021351e-01	   3.9098954175256362e-01	   4.5930248856767497e-01	   6.1358478057123933e-01	   4.5230268805701906e-01	   3.9831709706260959e-01	   4.9251975577238499e-01	   3.1073237154760935e-01	   4.3423568337466767e-01	   7.0018378207752541e-01	   8.4673667616987369e-01	   4.0715227911827195e-01	   5.5646275011811142e-01	  -1.1960877696296423e-02	   3.9319684973572105e-01	   4.4841913716723233e-03	   2.0350356532552599e-02	   3.0485083382618200e-01	   2.8788615930874950e-01	   3.6547372530834554e-01	   4.4165929797440096e-01	   8.9411995165833147e-02	   2.7329055629589927e-01	   5.3058109552872024e-01	   5.1109810790759203e-01	   2.2327102623583980e-01	   1.4967574508076689e-01	   1.5738553443327641e-01	   1.0826373028350927e-01	  -1.0143705982991615e-01	   9.7162397471721122e-03	   1.2760258509952921e-01	  -8.0380696746996549e-02	   1.7190684651798859e-02	   2.4995583594258314e-02	   3.3885040296387135e-02	   2.5249466748994163e-02	
   4.5197780365703588e-01	   4.4114238823651364e-01	   1.2606469239658398e+00	   4.8382310415726409e-01	   7.1230573752033810e-01	   3.3600677837358095e-01	   0.0000000000000000e+00	   6.4734010351595028e-01	   5.9219626468494024e-01	   3.1289674656733246e-01	   1.0207460635223957e+00	   9.5328865568069143e-01	   9.9110533890035446e-01	   9.1874694694556192e-01	   1.2054843532739008e+00	   8.9409384992323504e-01	   2.5938708564371837e-01	   3.3133962695659508e-01	   8.4838632835975392e-01	   6.5216151772270181e-01	   4.4450948547184671e-01	   3.1883023311903719e-01	   8.6815643118566532e-01	   6.0323910077877918e-01	   7.3553722032673774e-01	   4.8388045812591174e-01	   5.7248288803132819e-01	   4.7723061801786876e-01	   7.7023393556694586e-01	   5.6538382281304400e-01	   7.1515453300933429e-01	   4.1435095534755534e-01	   7.1224379283688399e-01	   5.6805548794965155e-01	   5.8728821045422797e-01	   4.6172332161702012e-01	   5.0163474254383000e-01	   3.6649422503046392e-01	   6.1506553377268292e-01	   4.2177041260255899e-01	   5.9908975798495001e-01	   5.6326871464421202e-01	   2.8730680228619843e-01	   4.1361487626458715e-01	  -3.8283557957213193e-02	  -2.0083568733680543e-02	   3.2334406634218449e-01	   3.8189659474037335e-01	   2.4877704400847528e-01	   2.8048251795040352e-01	   4.9269131003144684e-01	   3.9330096647595031e-01	   5.6851245974322961e-01	   6.2535956025615180e-01	   6.1578909449809371e-01	   5.1324816603883705e-01	   1.8441907525682943e-01	   2.7263994440282469e-01	   6.3864867363236977e-01	   3.9881480566155070e-01	   7.0926582614996248e-01	   3.7404186749336515e-01	   8.4543625931018085e-01	   4.9219664711289801e-01	   4.4560683348775448e-01	   5.4274647714510393e-01	   6.7257862006812474e-01	   4.2914797194148080e-01	   4.4354712848408784e-01	   5.1619461841510583e-01	   3.7037963088157677e-01	   1.8664524213164851e-01	   5.9612240613087120e-01	   4.9735437646511715e-01	   6.2149066539692188e-01	   4.2795706330799249e-01	   4.3114746516367342e-01	   2.2582289840660455e-01	   2.1649591844603780e-01	   3.1419831909190532e-01	   3.4473406261277040e-01	   4.5226823461500848e-01	   9.2180983855954102e-01	   6.2919848169015113e-01	   5.9516837048510618e-01	   6.4483185833551548e-01	   6.7372696715230507e-01	   6.0097852444472144e-01	   8.9287773720599684e-01	   7.0580447245614730e-01	   4.8938506045311614e-01	   4.7278421624876310e-01	  -1.4390252292302568e-03	   6.5370488793680470e-01	   6.7761757684242280e-02	   1.5173200249707230e-01	   4.5639573726901500e-01	   3.5791185111077961e-01	   4.2146589211669871e-01	   4.8309256850657711e-01	   1.2628453726202554e-01	   3.6829381104567349e-01	   6.0214518926654204e-01	   4.8374950057207311e-01	   1.9414991866328885e-01	   3.9299741732323212e-01	   3.4079991693952316e-01	   3.2580705420350237e-01	   5.8142610476904014e-02	   2.3715882083873766e-02	   3.3625630228139863e-01	   1.5464392435080995e-01	   5.3446054743712224e-02	   3.4974264075201911e-01	   1.8701922741052387e-01	  -8.8455162478363446e-03	
   2.7732498967974228e-01	   3.3555689632000024e-01	   3.5239476932934843e-01	   1.0762430040395903e+00	   4.6038270612545884e-01	   3.6766351196509783e-01	   6.4734010351595028e-01	   0.0000000000000000e+00	   3.3904060263935121e-01	   5.6435413078031216e-01	   3.6852496110664446e-01	   7.6503020112580433e-01	   3.3802105170660346e-01	   5.6541198344330956e-01	   3.5348879088340440e-01	   4.7488460273623939e-01	   2.3733313983186877e-01	   2.7396901090651515e-01	   5.1571515580484695e-01	   6.5562919453640678e-01	   2.6905434403255890e-01	   2.7525215185104979e-01	   3.3287780352399676e-01	   5.7636572924681795e-01	   4.1217362778570188e-01	   6.1792378913020440e-01	   1.9616722610546466e-01	   3.2906812550403458e-01	   5.5362003139942073e-01	   6.3059928051386871e-01	   6.3416968644444693e-01	   7.7058592997164199e-01	   5.1671672100430133e-01	   6.5795470925282185e-01	   2.4882368113567074e-01	   4.9513577101927453e-01	   1.3501040331300873e-01	   1.1125324086830424e-01	   3.2155456668428084e-01	   3.1392678909526084e-01	   3.0065557157932810e-01	   3.6816679168353761e-01	   3.1261188918961791e-01	   3.0128929755179373e-01	   2.0021420245072657e-01	   2.2343164056215997e-01	   2.9700422115348629e-01	   3.1473561223578844e-01	   1.8143133138150377e-01	   1.9964334064032466e-01	   2.2798892264719545e-01	   1.8285988838082190e-01	   2.8964951828968483e-01	   3.4284620546849370e-01	   3.3087068632014838e-01	   2.6600129977340614e-01	   1.2865330756782659e-01	   1.7012108818728894e-01	   2.5015802822349903e-01	   4.4615458845504941e-01	   2.2983978613363551e-01	   8.5067470119098942e-01	   6.2083875893015350e-01	   1.0400070141837117e+00	   1.3694871478700396e-01	   5.1169559301907097e-01	   4.3462182395820848e-01	   5.9180723541190849e-01	   2.8155598087701195e-01	   5.7765415052795310e-01	   1.8921089869223309e-01	   2.9750125167611269e-01	   4.3439094400520173e-01	   4.6819832558479824e-01	   4.4691507385829443e-01	   4.1680725489675408e-01	   3.2190842040470891e-01	   3.6577080993199074e-01	   3.3348375312553091e-01	   3.2599926683448432e-01	   3.7869861090257806e-01	   2.6395834768630067e-01	   4.2096902400420877e-01	   5.3768141078671872e-01	   3.1515168751065670e-01	   3.8279476610673546e-01	   3.2918002966651966e-01	   4.6696015897373921e-01	   3.5882710632302089e-01	   4.7818838914008016e-01	   5.4020471268680326e-01	   3.2824115840857770e-01	   2.4572831372476583e-01	   5.4396350179675923e-01	  -5.4564399536654651e-02	   2.3391371426226899e-02	   3.5292661580269563e-01	   2.0902466000187461e-01	   4.2033429755625251e-01	   3.1389911558050410e-01	   4.0278390719655899e-01	   4.5211821838916172e-01	   5.9563308530084691e-01	   4.5965549668525174e-01	   3.0511574662010121e-01	   2.1725824161410806e-01	   2.1004694423715550e-01	   1.3561123701989913e-01	  -8.4994074428440050e-02	   8.7702395590713744e-02	   3.4018680323052197e-01	   1.4794905007100803e-01	   3.9435115788474896e-02	   3.8824746720667891e-01	   1.8478241692412473e-01	   1.8925600420559158e-01	
   5.6749950572363494e-01	   5.6455076571211427e-01	   7.0981166839178644e-01	   3.0103908995365608e-01	   1.0256389009726743e+00	   6.9754493079333912e-01	   5.9219626468494024e-01	   3.3904060263935121e-01	   0.0000000000000000e+00	   7.2520648190547932e-01	   7.5045484602951607e-01	   7.1889304622974692e-01	   8.8839520012945561e-01	   7.1875682732986457e-01	   8.2166340811571115e-01	   8.5975081446539037e-01	   3.2065236070220288e-01	   4.2361190664697684e-01	   6.5191922078355591e-01	   5.8573696835400813e-01	   4.8617704632749531e-01	   3.7552946477540716e-01	   6.3833214662695670e-01	   5.0674739608664354e-01	   8.3094643424229986e-01	   6.2022678169456469e-01	   6.5632975064174282e-01	   6.0078957105542852e-01	   4.0608643234196640e-01	   5.3229424955162796e-01	   5.3809276737679401e-01	   3.1165282030672353e-01	   6.1204193399275741e-01	   5.6060251694212548e-01	   6.3016419713613492e-01	   3.1936327948868798e-01	   4.1962766822450825e-01	   3.4812244069376008e-01	   5.2680314771655157e-01	   5.3527650336691091e-01	   6.0324847933240588e-01	   6.2602057345930628e-01	   6.2704682909603293e-02	   1.5388794714365134e-01	  -6.3482292953807723e-02	  -9.5245784382043813e-02	   1.3603911258725068e-01	   2.3255046514823807e-01	   2.8215609594191521e-01	   3.1210107000894349e-01	   5.4702616988925146e-01	   5.0365570368445789e-01	   6.1225619207611071e-01	   6.5654927708763788e-01	   4.8652280255147740e-01	   6.1871610126623633e-01	   4.4315847575346912e-01	   4.7452437463287062e-01	   7.9808294579342665e-01	   5.7641715277961836e-01	   9.1778990072550715e-01	   5.6724682913527136e-01	   4.0734887769391903e-01	   3.4971320050446347e-01	   5.6678705258182138e-01	   7.1244515475505621e-01	   6.1805096845613317e-01	   4.1934773232619843e-01	   7.2104719805089490e-01	   7.1127817030865248e-01	   2.7607962823418697e-01	   1.6517771203432713e-01	   4.7446014044342488e-01	   4.5515986957281507e-01	   3.6588731402629238e-01	   2.8697782816205514e-01	  -1.6402573295146116e-02	  -1.3519061791448875e-01	   1.2062661275649965e-01	   3.7621498062429493e-01	   2.9909749452969681e-01	   5.0228702869760289e-01	   5.8433478496858804e-01	   4.4842699349999499e-01	   6.8157322144823096e-01	   7.0262943968092095e-01	   3.2073937334352975e-01	   4.8194656910661882e-01	   8.9668633932784358e-01	   9.2176225419712321e-01	   2.7302463149571199e-01	   2.9860566524617255e-01	  -8.7184999983034125e-02	   3.9110973390750203e-01	  -1.8053324346748837e-02	   1.8348180287413773e-01	   1.6931843423091852e-01	   2.2932115521139401e-01	   1.8245136881832644e-01	   3.5389781401043763e-01	  -5.7822955296511151e-02	   2.2797550321453430e-01	   3.3870406474093556e-01	   2.9120733020126810e-01	   2.5113481281471901e-02	   4.4450898545338652e-02	   2.6377469255919984e-02	   1.9869898227866081e-01	  -6.1430809581853674e-03	  -2.2622452367013593e-01	   3.4049369891604182e-02	  -2.1917069030052336e-01	  -6.7331651389844108e-02	   6.9400669507165891e-02	  -1.1384472478054501e-01	  -1.1037004572249437e-01	
   3.1260347735698385e-01	   3.7600202802787008e-01	   2.9151957238895332e-01	   3.8441642189136477e-01	   4.0585273747878947e-01	   1.1772716382130126e+00	   3.1289674656733246e-01	   5.6435413078031216e-01	   7.2520648190547932e-01	   0.0000000000000000e+00	   4.3499429670782658e-01	   7.5060624504810247e-01	   5.2984939276584331e-01	   5.9623293144941603e-01	   4.2099214077855807e-01	   6.8759562397874996e-01	   2.5188064267955163e-01	   3.1715247828998772e-01	   3.6094058178345340e-01	   4.2219981516541288e-01	   2.8064542261954128e-01	   2.8887341235806846e-01	   2.3040968492871156e-01	   3.1952420110891161e-01	   3.9775228067976387e-01	   5.2039369647576883e-01	   2.1796045382334422e-01	   3.5397915050308215e-01	   4.1274361621937006e-01	   6.1889419220786668e-01	   3.3947038697691806e-01	   3.0974036488078027e-01	   3.0855671794807316e-01	   4.0599582107333049e-01	   1.3113173801419231e-01	   1.7621230858126849e-01	   2.8105345950590671e-01	   2.4422020089906338e-01	   3.5229349736013771e-01	   3.9323916638558332e-01	   3.9404740414562495e-01	   5.0844246257447123e-01	   2.8044992889259607e-01	   3.6734131445159540e-01	   1.2441631459872357e-01	   1.8647380189299650e-01	   3.1182398192505811e-01	   3.4420637808064330e-01	   5.5838604145727500e-01	   5.3122585412149670e-01	   6.1266926739895111e-01	   5.8506517307831107e-01	   6.6874306447287035e-01	   6.1235385021374489e-01	   4.9779238260411085e-01	   5.9664631585904460e-01	   2.4213094808474722e-01	   3.4574807351134523e-01	   5.0215743207230878e-01	   7.0488501244481616e-01	   4.4209724469285028e-01	   6.9822082609299996e-01	   1.7833034860099994e-01	   4.2618094737382090e-01	   5.7142257703968406e-02	   4.9126028717968712e-01	   3.8026671073091312e-01	   3.7987917192683524e-01	   3.3803870834921890e-01	   5.4384881886869840e-01	   1.5677662743081275e-01	   2.3788912984253302e-01	   4.5420391408886457e-01	   5.0773292499475775e-01	   3.4627771365094062e-01	   3.1692804664116647e-01	  -2.1957387338139983e-03	   8.2070458343457608e-02	   1.6520480917971422e-01	   3.5270895842267241e-01	   2.1785722778461958e-01	   2.4129152666197728e-01	   3.2891639719057969e-01	   2.6149746319233602e-01	   2.3215792946371011e-01	   3.4150932338995055e-01	   8.6937591604690362e-02	   2.4706227418187077e-01	   4.8693793446839340e-01	   6.6165389581775569e-01	   3.7302015466773103e-01	   2.8280303221957881e-01	   8.9746560408500362e-02	   2.9675172833585695e-01	  -4.2728469859058520e-03	   2.9064263559412419e-02	   2.0178460642522095e-01	   1.5444861225624198e-01	   2.9471318961333270e-01	   3.5535503851686812e-01	   1.0120211870181729e-01	   1.5465298461027693e-01	   3.0955599505452547e-01	   2.8280666086621487e-01	   1.6896330545447330e-01	   6.2879079480403346e-02	   1.0812814938733892e-01	   1.2738665770915078e-01	  -5.7621705220038684e-02	  -7.0682999790377662e-02	   6.4630050538903930e-02	  -1.1225030638103238e-01	   1.7179182158795461e-02	   8.6525084186051607e-02	   8.8504808673119176e-03	   4.8095343020737813e-02	
   9.9152282291311378e-01	   9.7984409684958074e-01	   1.2314607468200212e+00	   3.5654603197679924e-01	   7.1156442877793402e-01	   5.1627519941621669e-01	   1.0207460635223957e+00	   3.6852496110664446e-01	   7.5045484602951607e-01	   4.3499429670782658e-01	   0.0000000000000000e+00	   9.1932880023961583e-01	   1.4224587996914906e+00	   9.7416215641864956e-01	   1.3838627128584808e+00	   1.0512889380059467e+00	   7.3774035774301328e-01	   8.2235280833078184e-01	   9.9994740944498506e-01	   7.3429287540118515e-01	   5.8442126789587900e-01	   4.8366793635111116e-01	   7.1513584083149939e-01	   4.7630763037818857e-01	   8.1987472228671621e-01	   5.4979925036076338e-01	   7.5522242132833250e-01	   6.1192187507438933e-01	   9.8674491355337313e-01	   7.7753150557098794e-01	   4.5814820842562431e-01	   1.7692940388215997e-01	   9.2546850732459651e-01	   7.2878994083522231e-01	   7.1870794600450660e-01	   4.5195823944015123e-01	   7.6898303645986010e-01	   6.2466605646433160e-01	   8.4429516585567976e-01	   6.4681225998197966e-01	   9.5784917033074557e-01	   7.9012978529969491e-01	   1.5354736789216467e-01	   3.5364424593017452e-01	  -1.1752628493296376e-01	  -1.1579145872523759e-01	   2.8843741867322342e-01	   4.7337458481529454e-01	   1.4416896792544873e-01	   1.6113035556742436e-01	   4.6103738165345354e-01	   3.4573273912358549e-01	   6.2626349098337042e-01	   6.1356570252415921e-01	   6.4905808336818460e-01	   5.6665306782268998e-01	   7.1064872098813070e-01	   8.4630949624820095e-01	   9.0994625082656944e-01	   4.5572328387145350e-01	   1.0119367947528040e+00	   3.1539088607596366e-01	   7.1441463432800822e-01	   3.5047750631537811e-01	   4.7803230423186061e-01	   6.0131004672297705e-01	   6.9747255895281224e-01	   4.2280453203892737e-01	   8.4648219329324126e-01	   6.9969477412094949e-01	   2.3365377443160579e-01	   1.6647362956205952e-01	   8.0081489897380398e-01	   6.8904073897573948e-01	   5.4632695756270899e-01	   3.3729146793052434e-01	   1.6803616835955354e-01	  -6.4437508364071500e-02	   5.3584738383688135e-01	   7.2055485435726174e-01	   6.5289929751999820e-01	   8.1177911743408693e-01	   1.1823113507133569e+00	   7.8759471842176476e-01	   9.0002432831100676e-01	   8.4425565268943192e-01	   8.0643201129771525e-01	   7.0157982109369132e-01	   1.1372053124134960e+00	   8.4751137309446745e-01	   3.1952754159897223e-01	   4.0215661602651859e-01	  -1.3551563960353744e-01	   5.1389214922574034e-01	   1.0530821857825673e-01	   2.7687983031505026e-01	   4.9574377916373502e-01	   4.2624566462762681e-01	   3.9306967176400581e-01	   4.7126089714086838e-01	   1.6433062836704593e-02	   3.2147480476638890e-01	   5.4346701774016704e-01	   4.3984190008135127e-01	  -7.3284570126521703e-02	   1.3853115476215452e-01	   1.9946479950555346e-01	   3.8298065932552022e-01	   1.0152633085137985e-01	  -1.5410587739907350e-01	   2.7982813430348952e-01	   9.9607384938806151e-02	   6.4776425513285052e-02	   1.5025808933026166e-01	  -6.2378603301094501e-02	  -1.5582738530179802e-01	
   4.8788720946395081e-01	   6.4219702222330621e-01	   8.1948747374626207e-01	   6.7875445325471961e-01	   6.1466838903361853e-01	   7.5962557830653765e-01	   9.5328865568069143e-01	   7.6503020112580433e-01	   7.1889304622974692e-01	   7.5060624504810247e-01	   9.1932880023961583e-01	   0.0000000000000000e+00	   9.8945504412933749e-01	   1.4769776526559402e+00	   9.8482147077692639e-01	   1.1959143831500549e+00	   3.5028203181082257e-01	   5.1296084965120703e-01	   7.4531810723201630e-01	   7.6519385174000298e-01	   5.2366532983682135e-01	   3.9690745559028895e-01	   6.6615862667605164e-01	   6.9967436462066601e-01	   6.8690119002821115e-01	   6.3353116515967733e-01	   5.6329662161588845e-01	   6.0206785498457860e-01	   8.0645479032693812e-01	   9.4247318592693030e-01	   6.0066161592139844e-01	   4.5809495052934479e-01	   6.6191941899513373e-01	   7.1478820832894352e-01	   4.4426217569989140e-01	   4.4117844021068459e-01	   6.3096109685067914e-01	   5.4266584552732189e-01	   7.4350963074801046e-01	   7.0812391104217942e-01	   8.5515385958174828e-01	   8.4854857844589693e-01	   3.4118698119530028e-01	   5.1197886106745072e-01	   7.0509742344252765e-02	   1.2541615271667686e-01	   3.9568096345991577e-01	   4.8511577528709915e-01	   5.0447773334648471e-01	   5.0066753531994534e-01	   8.0218302927718432e-01	   6.7364709457487904e-01	   8.8540106138939523e-01	   8.8558835867520913e-01	   7.8173797971252079e-01	   7.8124682304025028e-01	   2.8490794551209686e-01	   5.1658124270907779e-01	   8.3953694166217996e-01	   7.8136244164636781e-01	   7.0813011778911594e-01	   6.5214363888846050e-01	   5.8825829781252559e-01	   7.8170444264566630e-01	   2.9439776354817426e-01	   7.4306473586099675e-01	   7.1859806131707094e-01	   5.6813421122055419e-01	   5.9751893933565603e-01	   7.6991619438650727e-01	   4.4309655680831267e-01	   3.2770701250238576e-01	   7.1530797325134421e-01	   7.0165118853854958e-01	   6.3127215724286279e-01	   5.0030914187428888e-01	   2.2496997094139642e-01	   1.8719297799256646e-01	   3.0388344386974586e-01	   5.0036461730435655e-01	   4.7927096440276995e-01	   5.5514398444233293e-01	   8.7042375839296682e-01	   6.8224830200879505e-01	   5.8314829397418766e-01	   7.3064649653223535e-01	   5.4123026135859031e-01	   6.3656905909114569e-01	   9.1147489058239894e-01	   1.0234414249939892e+00	   6.4262922877531170e-01	   4.7314067394780857e-01	   1.4357180730324376e-01	   6.1559304831173678e-01	   3.5910362248980691e-02	   1.4085923697469965e-01	   4.3423762800941285e-01	   3.0714473436998307e-01	   4.6296590368995383e-01	   5.0851002930233791e-01	   2.2959371366952488e-01	   3.1078515427946596e-01	   6.7201905860859401e-01	   4.8989663463777683e-01	   2.5378919060844213e-01	   3.7793330745450099e-01	   3.2463517580922618e-01	   3.0345444790597792e-01	   3.9564542324147774e-03	  -6.9843410926598556e-02	   2.2382225424008007e-01	  -6.1862922847505407e-02	   1.6048513596434999e-02	   3.0496750417886920e-01	   1.3324303345173683e-01	   3.9597982684090857e-02	
   5.8020405788429730e-01	   6.3155187710056304e-01	   9.7670911093461654e-01	   2.5129128785576982e-01	   6.0338709781404631e-01	   5.1219456965963062e-01	   9.9110533890035446e-01	   3.3802105170660346e-01	   8.8839520012945561e-01	   5.2984939276584331e-01	   1.4224587996914906e+00	   9.8945504412933749e-01	   0.0000000000000000e+00	   1.2355303764190135e+00	   1.4494300903194666e+00	   1.1406223821921468e+00	   3.6975490870077171e-01	   5.4883713154824554e-01	   6.2067962799546406e-01	   4.7681636592507903e-01	   3.6702210074394093e-01	   2.7282836192489812e-01	   6.8541511303115044e-01	   4.0335342536198499e-01	   6.9307592093035009e-01	   3.9512915148048217e-01	   6.0145005776067506e-01	   4.8184862578374649e-01	   6.7897991761110155e-01	   6.4779687323645208e-01	   3.3229205251307214e-01	   6.7027403411905009e-02	   6.1424243005187218e-01	   5.0197704711835534e-01	   6.0460913887319545e-01	   3.0633546545278273e-01	   6.9606683698049820e-01	   5.4575011584397548e-01	   7.1062894132996512e-01	   5.5120831728630404e-01	   6.8640860919923230e-01	   6.2531068920836685e-01	   6.8789488786168168e-02	   2.4122832197708954e-01	  -1.8537433933644129e-01	  -1.7962806054972319e-01	   1.9075018535152966e-01	   2.7201729419999737e-01	   2.2971863039618562e-01	   2.1730218894991063e-01	   5.7046185734339172e-01	   4.4833235449077291e-01	   6.8735423640849302e-01	   6.3950607935208226e-01	   6.2591303799585485e-01	   6.2269044290074382e-01	   4.3915490806709212e-01	   6.2359302988974008e-01	   7.8878491034693887e-01	   4.1370598306242878e-01	   1.1566537486525734e+00	   3.7326897494432398e-01	   5.4567263807300348e-01	   3.1799783445633206e-01	   5.0150094304990633e-01	   6.0980298193007942e-01	   5.4735492848976497e-01	   2.8612061925686660e-01	   5.5985143370225354e-01	   4.8923116504485403e-01	   1.8782581038430252e-01	   9.7744213273493100e-02	   5.3521968514213925e-01	   4.8285819945823633e-01	   3.9305433732878503e-01	   2.1130567131995259e-01	   4.9302774224775851e-02	  -1.2937508743515605e-01	   2.0384556529139747e-01	   4.1429486797773274e-01	   3.1672829601754615e-01	   5.1847343422289360e-01	   7.8268431130925653e-01	   4.4928732359473966e-01	   6.7946083965393289e-01	   6.5120673123023987e-01	   5.7534269089204226e-01	   4.8079014510715390e-01	   9.9853671461917970e-01	   7.8924002243381952e-01	   3.1459923790899913e-01	   2.4776497512637691e-01	  -2.3031052130866755e-02	   3.8452966837121511e-01	   3.5259002946952333e-03	   1.6520294270066169e-01	   3.0696954910763113e-01	   2.5817251834947375e-01	   2.6740835637879212e-01	   3.5056870540172491e-01	   5.1678823051435438e-02	   1.2317512407989871e-01	   3.7799815215193211e-01	   2.6511678817695722e-01	  -3.5207975044974080e-04	   1.9608954401491374e-01	   1.2892621094304416e-01	   2.7148553450196855e-01	   8.5865255191846276e-02	  -1.3038660652415118e-01	   1.1051428493052329e-01	  -2.5345506796615083e-02	   2.7937996866706064e-02	   1.2648005847817217e-01	  -7.3527302007746584e-02	  -1.0788592560529302e-01	
