   0.0000000000000000e+00	   9.6673386270831385e-01	   4.9709323364919411e-01	   1.1498101105500333e-01	   3.8378816910029118e-01	   4.6548897485429658e-01	   6.3981077232989814e-01	   4.8172698180388107e-01	   8.2419381029421590e-01	   6.6395329150350002e-01	   1.0503310536546027e+00	   7.9462813421490053e-01	   1.0495514966617103e+00	   9.6844278550218499e-01	   8.4391391281836514e-01	   4.7533031303748891e-01	   5.3474641113462362e-01	   3.9974844956534994e-01	   5.8028976769367435e-01	   1.5259483744336433e-01	   2.0971364846020846e-01	   2.4788977119590480e-01	   3.3285176942684086e-01	   6.3745109119068707e-02	   2.7846331562660093e-01	   1.4860835621340282e-01	   3.2332830010345370e-01	   2.7515351306017177e-01	   4.4865399446884890e-01	   3.0500592519425657e-01	   9.7634969233126978e-02	   6.8593549968647388e-02	   4.4807909372003568e-01	   3.9140864747940030e-01	   1.5048827887553884e-01	   1.1145098888840400e-01	   2.2762630706150053e-01	   4.3961405989136310e-01	   4.3428847534906911e-01	   4.8302400352432739e-01	   1.8634363988106536e-01	   4.6761010676802994e-01	   1.0852474194884952e-01	   1.8854142923377110e-01	  -7.6047244929556002e-03	   1.0346799370082958e-01	   1.5685897489752285e-01	   2.8751673309607717e-01	   1.3627164053168384e-01	   2.4295941358292406e-01	   2.8537437921107839e-01	   2.4310362833395144e-01	   1.3839447363738530e-01	   3.1091928737225194e-01	   1.7592194992803484e-01	   4.5498922591467594e-01	   5.6397049846585734e-01	   5.4248871475590676e-01	   5.1736889756017101e-01	   4.0462767525461379e-01	   1.0795493486520227e+00	   6.8445648647831570e-01	   3.8764499518720213e-01	   2.0593221554054658e-01	   6.4205671280976206e-01	   5.9149744681389571e-01	   9.0086706149038395e-02	   4.0340945572430099e-02	   2.9643584799816236e-01	   1.4618461599487903e-01	   2.4890621377386205e-01	   2.0360651538927596e-01	   3.7257552915920267e-01	   3.5389446833915184e-01	   6.1977753565720306e-01	   5.1547534649516680e-01	   5.8973274342093362e-01	   4.6460286905058268e-01	   2.7247898524928182e-01	   7.2008443559514734e-01	   3.7721796538544389e-01	   3.8210537503423392e-01	   3.4327493448803220e-01	   3.4661308696372878e-01	   4.8627040324143711e-01	   1.4560091568912800e-01	   2.0857763137231863e-01	   4.1729140994733110e-01	   6.2764715837176754e-01	   7.7352060838272529e-01	  -9.0160976583522658e-03	   4.7719894976309607e-01	   2.6542517077767802e-01	   8.6380560129712813e-01	   5.8851039209867739e-01	   3.5955117140247822e-01	   4.1328132785465527e-01	   9.9339050978459159e-02	   6.9367237007076171e-02	   3.5636984002423305e-01	   3.3635202735285735e-01	   6.3101354870693371e-01	   1.9703960484279126e-01	   2.8698054205419499e-01	   1.4874493201701711e-01	   2.3960590055395325e-01	   2.5819240707932307e-02	   1.5605959821860868e-01	   1.5343564750540056e-01	   2.1826649703022219e-01	   8.1561334797891794e-02	  -1.3620831347562745e-01	   2.0750420129824726e-01	   2.1757565069270135e-01	  -7.3163630409031954e-02	   5.2491745087125674e-02	
   9.6673386270831385e-01	   0.0000000000000000e+00	   3.0622410954262447e-01	   5.5380782942996198e-01	   3.3760582013970275e-01	   5.5350656114837660e-01	   3.5282850857979020e-01	   7.0396499154989778e-01	   4.2427092269217637e-01	   5.2292044355745104e-01	   5.1388881925312901e-01	   7.2753055609347939e-01	   4.8643793108722766e-01	   6.9983702715553164e-01	   4.7467303823626872e-01	   6.9462080557179617e-01	   8.4506888227972965e-01	   8.8099993270121413e-01	   7.0194457443712110e-01	   6.0405522938506606e-01	   3.0932858151370179e-01	   3.3501107271599034e-01	   3.3141493358766555e-01	   3.9430381695103506e-01	   3.3515530053537024e-01	   2.8707555906336657e-01	   2.8126046397789045e-01	   3.0915714280847828e-01	   5.4647899160936464e-01	   5.9770421423140674e-01	   2.7349727773381705e-01	   3.1206150198665772e-01	   6.7621648477949314e-01	   7.9791183316553560e-01	   1.3932644931568691e-01	   2.2325145401347696e-01	   3.8431839358513820e-01	   5.1906227376908021e-01	   4.0034627374687448e-01	   4.0868373845327693e-01	   2.8038406552531664e-01	   7.1443736384264667e-01	   3.8599446379872188e-01	   4.1359065677362827e-01	   3.1938085101291863e-01	   4.4734562132353412e-01	   4.3244160957475830e-01	   5.1273587008785226e-01	   4.2298846378953098e-01	   5.2680821999394167e-01	   3.8389468055889187e-01	   3.9626058170336265e-01	   4.0621421000985197e-01	   5.4199112860477550e-01	   4.9307897902785502e-01	   6.4731764043549211e-01	   8.5468504655235289e-01	   1.0418550974921423e+00	   6.0142902160503653e-01	   7.5841060102203162e-01	   7.1916077783636634e-01	   6.3915615541784054e-01	   7.3387680412953593e-01	   6.0433043903846340e-01	   2.9770691052659570e-01	   4.3529795335821347e-01	   7.3325785996374584e-02	   2.3823240950870067e-01	   4.0201047256814898e-01	   3.6768263737150186e-01	   4.8796137040302973e-02	   3.9270369235477991e-02	   3.9405233726625027e-01	   5.2440863939364379e-01	   5.7020564760088599e-01	   6.7656530337831344e-01	   5.7024102100184404e-01	   7.0410084757509106e-01	   3.1498736357299872e-01	   1.0194643477256431e+00	   8.8074493763022121e-01	   8.7060420655664417e-01	   4.4057890896974361e-01	   6.9439472963359949e-01	   4.6169150573161705e-01	   4.2439253025205004e-01	   1.7297511947409205e-01	   3.7617652578178551e-01	   6.6172484400389942e-01	   8.6877881745842434e-01	   2.7958136739275724e-01	   1.5619210988486898e-01	   6.4978892152530132e-01	   5.9425291707661254e-01	   6.5942890283580635e-01	   3.8987904858355127e-01	   4.8044657344793390e-01	   9.1206811000534169e-02	   4.0289418201094085e-01	   2.5991645343617120e-01	   6.6747927061461476e-01	   5.5586991463044177e-01	   5.6187110288348063e-01	   3.7358537811567621e-01	   2.3010879501878556e-01	   1.6361720438519145e-01	   2.3062514247111118e-01	   4.6914795875604653e-01	   9.0687707658628922e-02	   4.7426632931970351e-02	   1.5037168324011713e-01	   1.1228114596722076e-01	   4.1328279187584549e-01	   2.2121825897888170e-01	  -1.8456374954063046e-01	  -3.5716659526380409e-02	
   4.9709323364919411e-01	   3.0622410954262447e-01	   0.0000000000000000e+00	   2.4426325222419393e-01	   6.9121612054873716e-02	   2.0982087880478612e-01	   8.4767368350737005e-01	   2.8869780374319642e-01	   4.9313027220199546e-01	   3.9331104086435098e-01	   5.7420309738623387e-01	   3.5034292853185078e-01	   5.7647962905325978e-01	   4.8989209392551591e-01	   4.8476659846591230e-01	   2.9730307602108452e-01	   1.5987955894595871e-01	  -4.5003864343613614e-03	   1.9203500912769036e-01	   8.2718930542208288e-02	   8.6167517686450174e-02	   1.1367823142162034e-01	   1.9467916017787204e-01	   2.0159699868088507e-01	   4.0176269318366065e-01	   3.2893829414208747e-01	   3.4252407447194327e-01	   3.1807781786764344e-01	   8.0285385999207662e-02	   1.7680021848002693e-02	   2.7670242546855983e-01	   1.5903014118129538e-01	   4.0369273775428044e-01	   1.5889499919463884e-01	   3.5711945771968162e-01	   2.0992086926445283e-01	   2.1986737340240367e-01	   4.1078175849200144e-01	   4.5241367858650788e-01	   3.0970519557525006e-01	   2.9137746022734456e-01	   4.1269760337570088e-01	   2.1343990921096151e-01	   2.3046867555382627e-01	   1.4380115636033519e-01	   1.2485617574887717e-01	   2.9806671799016660e-01	   2.6821451482012088e-01	   3.2582855846944458e-01	   2.8511744678966100e-01	   5.8217135854331481e-01	   3.5796933625249400e-01	   2.3401138910747926e-01	   4.2865793216332126e-01	   3.5827252867252729e-01	   4.5280875695293488e-01	   1.0365633024142883e-02	   9.4888935407948405e-02	   5.1230403271549418e-01	   3.4523793117992274e-01	   4.5619802191690861e-01	   2.3116060150441162e-01	   8.4248606685455710e-02	   1.8206244576736242e-02	   3.6838042636032164e-01	   2.3609924956213815e-01	   5.2248181601249044e-01	   2.5042351602603874e-01	   1.1406457985946919e-01	   7.0120887175230531e-02	   4.7217868104265992e-01	   3.0135346573711924e-01	   3.6907623131849276e-01	   2.0630963985654502e-01	   3.0475137871834407e-01	   3.4719712394699714e-01	   1.9458331159260484e-01	   1.1779735165704164e-01	   6.3503032311598345e-02	   2.2958019632240373e-01	   1.0881257029926265e-02	   1.7807359237391548e-01	   6.1120140685852850e-02	   9.2616436119926315e-02	   2.7169222070650167e-01	   1.7630131437000710e-01	  -5.9010371842524931e-02	   2.4177419988925286e-01	   3.7122132968905774e-01	   6.8350468462718950e-01	   1.7383279719778255e-01	   2.7991038640331584e-01	   1.2597460709191033e-01	   4.7026315198370194e-01	   1.8899584360504626e-01	   3.8566529164700721e-02	   4.9714790836625888e-01	   1.7446952952540098e-01	   2.4596990619882014e-01	   3.4346759186281828e-01	   2.2213827762452948e-01	   3.4721281653384312e-01	   2.3819618661385294e-01	   2.7144178380870865e-01	   2.2525006194925545e-01	   3.1575792754144760e-01	   1.3754579503887585e-01	   3.2698271532088298e-02	  -1.2109337007531581e-01	  -4.9493364700337765e-02	   1.2692194238112886e-01	   1.1895361487279128e-01	   1.9625935849722959e-01	  -5.2811660905501191e-02	   4.1942528208101501e-02	   2.7296400115411701e-01	
   1.1498101105500333e-01	   5.5380782942996198e-01	   2.4426325222419393e-01	   0.0000000000000000e+00	   1.8656145494439055e-01	   8.6218691248625867e-01	   1.4337691972884822e-01	   9.9762266941266708e-01	   2.5307798481410054e-02	   4.7846927252742932e-01	   1.6503877462409115e-02	   3.4651113170507303e-01	  -2.0548574896839294e-02	   3.6925374010303619e-01	   9.5967412197632385e-02	   6.9186367016365857e-01	   6.7090462721334554e-01	   3.5949480102240156e-01	   4.1930033786604659e-01	   7.9500653751173522e-01	   1.2274636900964565e-01	   8.6081291406327042e-03	   6.1742913317783352e-02	   5.7483984751641615e-01	  -1.6073428755778941e-03	   1.0069181758184226e-01	  -1.7164721717322184e-01	  -1.0759600709783851e-01	   4.9475792170520960e-01	   5.1541685926084813e-01	   4.0601504439500385e-01	   4.9058740211618568e-01	   5.0171790173139363e-01	   6.1176816662007560e-01	  -1.3537519653701344e-01	   9.2893085610294815e-02	   2.4718178741921026e-01	   2.5518313986171648e-01	   5.0951275014785108e-02	  -3.6224307458172435e-02	   2.2138676243516714e-01	   3.7341552994692051e-01	   4.7873509213024434e-01	   4.2282715252578856e-01	   5.5551955871319980e-01	   6.5546062583925502e-01	   4.0204029762674187e-01	   4.7939340154306198e-01	   5.8013299267743568e-01	   7.0486460404077822e-01	   2.3924636675161703e-01	   4.9354848937951845e-01	   5.1226236060618657e-01	   5.2063413936237168e-01	   5.1991730092209121e-01	   5.1653451412993800e-01	   3.3171029392973067e-01	   3.4663582654864206e-01	   6.9738911416370553e-01	   8.1117043739126904e-01	   3.9120563337214154e-01	   6.3854478344479249e-01	   8.6223797644707101e-01	   8.8684268500920549e-01	  -2.4518534194360819e-01	   2.1544185702669380e-01	   9.1330722305171808e-02	   4.1360083549084425e-01	   7.1793865520876465e-02	   8.3071807715125540e-02	  -1.3334561314936541e-01	  -2.8498232783798604e-02	   2.5287034869987368e-01	   3.4955624746158226e-01	   2.7529168828346501e-01	   4.4506300295229873e-01	   1.6580175632735863e-01	   4.0710523450141156e-01	  -1.5913607463865403e-01	   2.6189114711473427e-01	   5.1414695461688753e-01	   4.1849702484565654e-01	   2.5612492969319972e-01	   4.3259182704836496e-01	  -1.0734940795070229e-02	   3.7086333240478575e-01	   2.4461846428462910e-02	   1.6468569793945198e-01	   3.8786745939139972e-01	   6.3356081541237830e-01	   6.1370682547040722e-01	  -1.6459030373629296e-01	   7.2160168220455456e-01	   1.6661846369199174e-01	   2.8146611257380250e-01	   2.4011764980260236e-01	   2.3257627151735386e-01	   1.1347607511237437e-01	   6.5793490210075301e-01	   2.6701301141767902e-01	   7.3650915426440577e-01	   2.9572334715249371e-01	   8.1039122078350623e-01	   5.4524026396537006e-01	   3.2719336306000180e-01	   1.8371382754475224e-01	   5.1165732299849798e-01	   7.7780361339032988e-01	  -1.5628294007867616e-01	  -2.2812292518659250e-01	   1.0961618380700939e-02	   2.7381392241266717e-01	   5.5434022433692853e-01	  -1.1418711815673308e-01	  -5.3969576247311479e-01	  -2.3323659804485426e-02	
   3.8378816910029118e-01	   3.3760582013970275e-01	   6.9121612054873716e-02	   1.8656145494439055e-01	   0.0000000000000000e+00	   6.2723389008594699e-01	   3.4010106745714846e-01	   2.6866700812559519e-01	   6.0010419612928201e-01	   3.8167856024919533e-01	   1.4660903282760113e-01	   1.9319327544358925e-01	   1.7709286176658420e-01	   2.5702898544336283e-01	   4.5368490995960437e-01	   3.4768235067216374e-01	   2.8817947945541583e-01	   3.2923596892588269e-01	   4.4588749864437977e-01	   2.1334180708949840e-01	   2.3991779431939725e-01	   1.9153489995409129e-01	   4.3073665271759265e-01	   1.0519170221126127e-01	   1.8958409307333884e-01	  -8.0355797559112555e-02	   2.5051544352023136e-01	   1.6051414008413425e-01	   4.6902043693021894e-01	   3.6160998269321781e-01	   2.0415098643411134e-01	   1.7111106356348729e-01	   3.3051156604863252e-01	   3.9827923032079993e-01	   6.4730494292741830e-02	   3.1287390253979044e-02	   8.8663825154362080e-02	   3.1960149338445742e-01	  -4.1854560309154805e-02	   2.5206751166487562e-01	   2.1688343970159368e-02	   1.6950383008972711e-01	  -3.5772255380903090e-01	  -2.9570293072720549e-01	  -9.8349943607078771e-02	  -4.6038829282644127e-02	  -2.9386912378839536e-01	  -8.9803058138329062e-02	  -1.7651587257039644e-01	   2.1460782564707511e-02	  -1.4530627646498001e-01	  -7.6786030511111200e-02	  -1.9573375630594453e-01	  -2.7524092741802847e-03	  -1.3363222423000481e-01	   4.5970372295115053e-02	   2.8510207788665831e-01	   3.9893013773053154e-01	   6.3658857186873752e-03	   8.7220199920453323e-02	   3.3126008394566497e-01	   3.4963925059774464e-01	   3.3527247458541010e-01	   1.9579926276735335e-01	   4.3879860624672018e-01	   3.5152621437416315e-01	   2.8692820717554728e-02	   1.9538977386165784e-01	   2.1652843253130749e-01	   2.3702538691606090e-01	   8.0160218401456679e-02	   1.5498129928638890e-01	   2.2917388236863756e-01	   3.9061384440408969e-01	   3.9108457728964335e-01	   3.8999087498158685e-01	   4.0353773123607140e-01	   4.2186616500621860e-01	   1.2688187694389497e-01	   5.4018239160779657e-01	   2.6993612030570802e-01	   2.7183542520224013e-01	   1.6544079241110621e-01	   3.1192496771385736e-01	   4.0615693548694998e-01	   2.2263499139472509e-01	   4.8860441624406295e-02	   1.8638702809598934e-01	   3.3063978545137379e-01	   1.5983289640090381e-01	  -1.7438039168905811e-01	   2.5865674109198233e-01	   2.6170195128262247e-01	   5.3752742488410687e-01	   4.2320285359995907e-01	   2.0221022927886678e-01	   7.5276514086363239e-02	  -1.0999026682028193e-01	  -1.4368081763873175e-01	  -4.4777604786365117e-02	   1.0946273075149295e-01	   4.3269615330406663e-01	   5.2590840662735679e-02	   6.8843213158764668e-02	   7.5489964398253340e-02	   2.3502049358931409e-01	  -2.9827143980604098e-02	   3.2789590512969513e-01	   2.9155699044635197e-01	   3.9667521080408263e-01	   1.5920755954828192e-01	  -3.0828302859233997e-01	   2.2712408212805592e-02	   2.5291835002782675e-01	  -2.8830803604879762e-01	  -2.3573546704971196e-01	
   4.6548897485429658e-01	   5.5350656114837660e-01	   2.0982087880478612e-01	   8.6218691248625867e-01	   6.2723389008594699e-01	   0.0000000000000000e+00	   3.0391083181570122e-01	   9.3618852112194029e-01	   4.4595325104994515e-01	   9.4277218580314381e-01	   2.7032019116944517e-01	   4.8547461407324172e-01	   2.9564048098185541e-01	   6.6281206884134303e-01	   3.3176868246007685e-01	   5.8585516465650334e-01	   6.3231140665663077e-01	   2.8169889228471973e-01	   3.8141557109580482e-01	   3.5253923135775928e-01	   9.6289767362809670e-02	  -4.7090325370162778e-02	   5.0493981907628410e-02	   1.9812527552567546e-01	  -4.3711417967921773e-02	  -4.8177904773686456e-02	  -1.0232475578880937e-01	  -1.4701113332657903e-01	   4.9822516830068331e-01	   3.7124793361262876e-01	   1.7636360667932852e-01	   2.4757203179414281e-01	   3.2088429696395504e-01	   4.6549271910149737e-01	  -1.8354822916643446e-01	   2.6620046827229044e-02	   1.2445525881973914e-01	   3.1073110953213945e-01	   4.2217494115404521e-02	   1.3234427758914663e-01	   1.0054168617170944e-01	   2.7752862187596949e-01	   1.0377889730510483e-01	   1.1999715563085599e-01	   2.7128199941215858e-01	   3.7014829224291240e-01	   8.3310265846251813e-02	   2.7878136055770736e-01	   2.9442199047540846e-01	   4.9694205103634448e-01	   1.1619968786175953e-01	   3.9162834176156475e-01	   2.7306952514720406e-01	   3.4409927921691391e-01	   2.1625461019290418e-01	   3.6750691869983104e-01	   4.2076475442325145e-01	   3.9613803842434236e-01	   5.9190894881505285e-01	   6.0529368966123864e-01	   7.0742526500024216e-01	   9.6586545191731821e-01	   7.9414477899815838e-01	   5.1344194783069130e-01	   4.7336908565046897e-03	   4.9442423697132826e-01	   1.3529924344285402e-01	   3.9027058137501908e-01	   1.1054826440781319e-01	   8.4040314190959378e-02	  -1.1135976662795705e-01	   6.1288051337378430e-03	   2.4895930435802816e-01	   3.4329504485124296e-01	   3.0054106216354431e-01	   3.7304015696567566e-01	   2.0120628027207316e-01	   3.6097167815108938e-01	  -5.1784595124131784e-02	   4.3242286992058432e-01	   4.6064217304972749e-01	   2.3674842518228573e-01	   8.1251612969239717e-02	   1.9288135838017134e-01	   9.9412808580288670e-03	   1.1574193245297110e-01	  -1.1032130112967498e-01	   3.2589177795035888e-02	   3.7225556985429931e-01	   5.4879980314884802e-01	   3.1023499578793046e-01	   1.6809164795914147e-01	   6.4637169887442048e-01	   5.2883195034129049e-01	   3.9443105095330289e-01	   3.7546975794472187e-01	   2.4812591166350173e-01	   1.8545811748538904e-01	   2.9628532265456742e-01	   3.0301028469616031e-01	   6.6073982606546988e-01	   6.0851436556144867e-01	   4.3908312648820552e-01	   5.2980376187612355e-01	   3.5859920683546725e-01	   3.1365471507838716e-01	   3.7071298028993499e-01	   7.0701730444957422e-01	  -3.6889903921415536e-02	   7.5892284881059632e-02	   4.0761341417532591e-02	  -4.9042880661294267e-04	   5.0510804007140542e-01	  -3.5923260154586412e-02	  -6.4205664295908815e-01	  -5.9015077781662949e-02	
   6.3981077232989814e-01	   3.5282850857979020e-01	   8.4767368350737005e-01	   1.4337691972884822e-01	   3.4010106745714846e-01	   3.0391083181570122e-01	   0.0000000000000000e+00	   4.8734824877874899e-01	   6.4638689664490867e-01	   2.1939150834073526e-01	   6.0368890704965306e-01	   3.7879834926468298e-01	   5.6229646799780597e-01	   4.2255034386762297e-01	   5.2727336770331523e-01	   2.8904824867118006e-01	   3.0597629555886757e-01	   3.1777302806358582e-01	   5.4801853810408407e-01	   3.2100719577892745e-01	   1.9267780911837304e-01	   2.2781694785656303e-01	   3.8256888421078605e-01	   1.3970090080776595e-01	   2.6341923029241771e-01	   4.0632034264472934e-02	   2.0140327336437330e-01	   1.9934923888697970e-01	   5.2132869980699448e-01	   3.9882387269787978e-01	   3.5762232146091888e-01	   2.6682566254450357e-01	   6.8792185901044545e-01	   4.4278268497095341e-01	   2.4956874642243693e-01	   9.1898080180315839e-02	   1.4450218198343215e-01	   2.4105396620976405e-01	   2.4564114946365995e-01	   3.1730100793243909e-01	   2.6078224533733302e-01	   3.1576619288323593e-01	   3.2323468983698228e-02	   7.8953224125295499e-02	  -7.6742269975809295e-03	  -4.9717200787023193e-02	   6.1565617573684048e-02	   7.8032527460541110e-02	  -8.5137234216834820e-02	  -1.3274696488728971e-02	   1.4733085156466150e-01	   9.4183728954316519e-03	  -1.1339733956929894e-01	   1.1442733447470964e-01	   8.6870602495619384e-02	   2.6759944818621084e-01	   3.5521562933731550e-02	   1.3744268686908537e-01	   2.9194294760343431e-01	   1.2942021153052732e-01	   3.7440186511730700e-01	   1.9648626522195808e-01	   1.3342851607845027e-01	   9.5528529483231012e-02	   5.9484060148636719e-01	   3.3112309561929149e-01	   3.8051499683987933e-01	   1.8414098982803148e-01	   1.8034715602378482e-01	   8.9804673402132121e-02	   2.6813470293490538e-01	   1.1458613178000607e-01	   6.0936817099072804e-01	   4.3167646129286386e-01	   6.0591593835462410e-01	   5.1949555542894321e-01	   5.3200758214958865e-01	   3.6215119826084696e-01	   2.7855454523869871e-01	   4.6954370661592837e-01	   2.7310640240909823e-01	   3.1347057091104491e-01	   4.0584056234575155e-01	   3.3426803050098519e-01	   4.2475363086675710e-01	   2.6023552344610945e-01	   1.7008225200697272e-01	   4.3277397218175107e-01	   1.8405306495983387e-01	   3.0766114811178757e-01	  -9.9846459333780245e-03	   3.9536712798710105e-01	   6.3196773939452361e-02	   4.2750419389230099e-01	   4.0796155302573328e-01	   2.5177872508868049e-01	   4.1629050737023982e-01	   5.2042776796343240e-02	   1.0731036738756701e-01	   2.6911804460842509e-01	   4.1799102702171805e-02	   2.3711286113505090e-01	   1.5531487309547953e-01	   1.4057776035970199e-01	   1.6985688724767728e-01	   2.2799545511952890e-01	  -7.3509944357281573e-02	   7.6468663203478685e-03	   1.9268180265208854e-01	   3.4980253018975721e-01	   3.0492058651921333e-01	  -2.7739581856105803e-03	   1.4981240268710215e-02	   1.9383204927235706e-01	   1.7737720649124575e-01	   1.1745210789209289e-01	
   4.8172698180388107e-01	   7.0396499154989778e-01	   2.8869780374319642e-01	   9.9762266941266708e-01	   2.6866700812559519e-01	   9.3618852112194029e-01	   4.8734824877874899e-01	   0.0000000000000000e+00	   3.2341988924985510e-01	   5.8812997630817443e-01	   4.6118902494672892e-01	   8.6599222221508054e-01	   3.8110176975198695e-01	   7.7261119624889973e-01	   3.8381642467107818e-01	   8.6609360957215209e-01	   6.9175095558148147e-01	   4.5926218607246500e-01	   6.5788047635189295e-01	   7.6312478521270999e-01	   3.0308825907431663e-01	   1.9059135141959196e-01	   1.4985280450189736e-01	   4.2457663656196021e-01	  -2.4560738406503725e-02	   6.9824318552759723e-03	  -1.0939954664459342e-01	  -5.2934673266435556e-02	   8.3621588698019134e-01	   7.5319943356276620e-01	   2.9078197952918849e-01	   3.9374222826687072e-01	   6.4053564702879340e-01	   8.2890855190148394e-01	   8.3673397302152230e-03	   2.5656937359611620e-01	   3.6841398095793881e-01	   3.9852216739097363e-01	   1.5028177833026923e-01	   2.3064167653452078e-01	   2.2698108125029126e-01	   4.8444101263050532e-01	   4.3133342849419637e-01	   4.5883721562037771e-01	   4.5162103460132519e-01	   5.5367813090362372e-01	   3.6602973289189411e-01	   4.9662610402907492e-01	   3.8784303032628920e-01	   5.2306411953555187e-01	   2.8439046341206026e-01	   4.6242926208013169e-01	   3.2273570311003058e-01	   4.2637218641005031e-01	   4.4698376200374129e-01	   5.8118400235789469e-01	   2.3908999324658797e-01	   2.5402466172151100e-01	   6.9906518895804681e-01	   7.6743462827128117e-01	   6.1568503116151896e-01	   8.4327681013322142e-01	   7.5431217482330482e-01	   7.8915976422516498e-01	   1.1477108960203795e-01	   6.2473443659200356e-01	   2.0027855669928607e-01	   5.2496434748564069e-01	   4.8268095719481083e-02	   5.1687028231319675e-02	  -1.8251983080226148e-02	   1.0399359675570172e-01	   4.7524492681222885e-01	   5.8422480152804768e-01	   5.2799595856672255e-01	   6.7289096818203675e-01	   5.8988940193501738e-01	   8.0571069058218547e-01	   1.5425511132469425e-03	   3.9967484242634843e-01	   6.0102521972975187e-01	   4.7453408573015698e-01	   4.7996972750328781e-01	   6.4787659570919254e-01	   1.8748673003728461e-01	   4.9536775362082058e-01	   9.2155901944499671e-02	   3.0190527766102998e-01	   4.7176509671462891e-01	   6.6532541297869274e-01	   4.3681869650811167e-01	   8.2504775389647081e-02	   7.9462712221853637e-01	   3.5821610673498627e-01	   5.2667208278056132e-01	   4.2316053521881047e-01	   3.8386385068169881e-01	   7.0363159791108035e-02	   5.0826121474768782e-01	   3.2978223649950850e-01	   7.5095931388281401e-01	   3.9222152997712806e-01	   6.2227703927415712e-01	   4.5921907682449492e-01	   3.9914008204313911e-01	   2.6084947189855495e-01	   2.8966181049691708e-01	   6.6180898525731424e-01	   1.1760738501658434e-01	   1.3135021719927140e-01	   2.0531016838429852e-01	   1.2311471511247389e-01	   4.0178044903139720e-01	   1.3150089579422797e-01	  -3.1474289301869179e-01	  -6.0557242541948837e-02	
   8.2419381029421590e-01	   4.2427092269217637e-01	   4.9313027220199546e-01	   2.5307798481410054e-02	   6.0010419612928201e-01	   4.4595325104994515e-01	   6.4638689664490867e-01	   3.2341988924985510e-01	   0.0000000000000000e+00	   6.9688469492813532e-01	   8.0511899563553868e-01	   5.4694222890934230e-01	   8.8535160337701391e-01	   7.7586146958008229e-01	   9.1154700228781338e-01	   3.5762483187407496e-01	   1.8568557433722641e-01	   1.9584787081713051e-01	   2.7663745447315979e-01	   3.4763959877342133e-02	  -7.3747760766954620e-02	  -5.3328123821054049e-02	   1.8570135864471493e-01	  -1.3584890090379684e-01	   6.9946165430644733e-02	  -7.5328870170902160e-02	   1.4442912032288330e-01	   5.3938589201626259e-02	   2.5695554041838803e-01	   2.3695252830849647e-01	  -1.0912432352141492e-01	  -1.1563815130326412e-01	   2.5796260316661562e-01	   2.7645032597141111e-01	   5.5842894822201797e-02	  -9.6086042136363542e-02	  -1.7356311838626651e-01	   1.7628204063948777e-01	   1.3059256781501022e-01	   1.7814871018850817e-01	   6.3548254294527526e-02	   2.5355234290129391e-01	  -3.0588600703713442e-01	  -2.1801268861951553e-01	  -3.5865665381297429e-01	  -2.6013510288189085e-01	  -2.3336659398388054e-01	  -1.6356669595287093e-01	  -2.0038108462566886e-01	  -2.6772729057236391e-02	   2.1719842908560553e-02	   4.3605656769452536e-02	  -1.9016711864366009e-01	   9.5980298844676196e-02	  -1.6483364464403935e-01	   6.3498626163497503e-03	   6.8288155726841313e-02	   2.2359983388255988e-01	   2.0364410772774388e-01	   1.1425560506718219e-01	   6.1598815310328847e-01	   5.5766475358081691e-01	   1.0293761757389928e-01	   6.4144997800029274e-02	   7.8121791387781514e-01	   5.8880535638860065e-01	   1.9820510088787848e-02	  -4.6312865557316077e-02	   2.4444572607165549e-01	   2.2543008303224549e-01	   3.6148751970600640e-01	   3.7954891144409125e-01	   2.8011590142547976e-01	   3.6984197712959610e-01	   3.9261054065030659e-01	   4.2760754438179960e-01	   3.8638844589840343e-01	   2.9919753496593909e-01	   1.5019093964101801e-01	   4.0498691395389896e-01	   6.4479813355240514e-02	   1.7421064237630882e-01	   7.0721281505267991e-02	   1.1968093414327186e-01	   3.0046117954538609e-01	   2.8486587065632347e-02	  -1.4336669090157680e-01	   9.6246415200798574e-02	   3.0828085410925354e-01	   3.9409953466682257e-01	  -2.4149020534296806e-01	   3.2880785267506663e-01	   7.8842119422840237e-02	   6.0432118523450296e-01	   2.7438002241613968e-01	   9.1834131301664873e-02	   1.1863953128636705e-01	  -1.2606235781170907e-01	  -2.1996366380978541e-01	  -2.7300500285955851e-02	   6.4002123871464298e-02	   2.7922923666127580e-01	  -1.6501786529401022e-01	  -8.6413830362568708e-02	   1.6770492873991630e-02	   1.2899614917449348e-01	  -3.4247719144339238e-02	  -6.6778193027252519e-02	   2.0749000975392094e-02	   1.8462478937865859e-01	  -1.2935490776560260e-01	  -3.4929127394225562e-01	  -1.4841743838532784e-02	  -3.1236240836863875e-02	  -7.0537219624088973e-02	   1.6383535317274229e-02	
   6.6395329150350002e-01	   5.2292044355745104e-01	   3.9331104086435098e-01	   4.7846927252742932e-01	   3.8167856024919533e-01	   9.4277218580314381e-01	   2.1939150834073526e-01	   5.8812997630817443e-01	   6.9688469492813532e-01	   0.0000000000000000e+00	   5.0066428713652167e-01	   5.9544856420056524e-01	   5.4571429055712350e-01	   1.0486267576139818e+00	   5.8322371659264938e-01	   5.9531109892781942e-01	   3.3007306939670533e-01	   1.0802038062892050e-01	   2.7077643687122899e-01	   7.1254093807040175e-02	  -1.7224314932008411e-01	  -2.7376885864681388e-01	   6.0396738785781522e-02	   4.9628876392734458e-02	  -3.2923740576999858e-02	   5.8856877278159733e-02	   2.8116550727348800e-02	  -4.2697557900822053e-02	   3.4824514186467259e-01	   1.6639938467928084e-01	  -8.4584815772132768e-02	  -1.0549670324251618e-01	   1.9407659648182005e-01	   2.4209026920143523e-01	   4.8917315662576491e-03	   7.8832612411623773e-02	   4.4175914716934973e-02	   3.6987542392514378e-01	   2.5584696900604215e-01	   1.2760553995495225e-01	   2.1376653997387743e-01	   4.3027020932131232e-01	   7.6059716224870566e-02	   1.1675565921224887e-01	   1.1220471471521241e-01	   2.3771976091892594e-01	   1.1284496671474548e-01	   2.3328088571965822e-01	   3.1662179248551275e-01	   4.5165258998745683e-01	   3.0382158915018437e-01	   5.1003522040714289e-01	   2.9334109546324910e-01	   4.7315131884834399e-01	   2.2341846251366504e-01	   3.0547006030221602e-01	   2.6848699639359475e-01	   2.4931560985085993e-01	   5.2356476725279510e-01	   5.3314843746902973e-01	   7.8134217313391185e-01	   1.1159950701259362e+00	   4.7467843066368465e-01	   3.0050659119761142e-01	   2.9424401279757145e-01	   6.9102219169176793e-01	  -1.3495861117514827e-02	   9.9582637666062970e-02	   1.2250043838022143e-01	   9.0557965688632794e-02	   8.3358371567969908e-02	   2.2380508884173916e-01	   1.4185616041942553e-01	   2.3865223086268617e-01	   2.1271321763760875e-01	   3.3494745943186505e-01	   1.4763311358119013e-01	   2.1389848914649437e-01	  -9.9279287695688251e-02	   3.0519373925746895e-01	   2.0209583410721715e-01	   1.5587062873365765e-01	   7.6093372719005695e-02	   6.1600160247336881e-02	   1.5658469395828115e-01	   6.9281268975375319e-03	  -1.6708986303008042e-01	  -6.6333104010156144e-02	   6.9710251439529225e-01	   8.1602920197720619e-01	   2.7135105699054646e-01	   3.7700793523388798e-01	   5.3583274838525241e-01	   7.4089405187979274e-01	   2.9851679431338751e-01	   2.3746629038187814e-01	   3.2161253676848167e-01	   1.9453414197846250e-01	   2.3090535162006015e-01	   3.4001075271212283e-01	   5.2503290981460293e-01	   5.9839866234589845e-01	   2.3517849526189588e-01	   4.1276185462961268e-01	   3.6648515037595231e-01	   4.4476126753122452e-01	   4.2132204580608540e-01	   2.9155020104433121e-01	  -3.2267231790842532e-01	  -7.1557433967727291e-02	  -1.9903402374131002e-01	  -4.5869856779488342e-02	   5.3903433936370304e-01	  -3.1205699295878225e-01	  -4.8512751206777360e-01	   2.1379303831574076e-01	
   1.0503310536546027e+00	   5.1388881925312901e-01	   5.7420309738623387e-01	   1.6503877462409115e-02	   1.4660903282760113e-01	   2.7032019116944517e-01	   6.0368890704965306e-01	   4.6118902494672892e-01	   8.0511899563553868e-01	   5.0066428713652167e-01	   0.0000000000000000e+00	   1.1780328807467995e+00	   1.9993845798807592e+00	   1.1221899036848400e+00	   1.0338330644611480e+00	   5.4952485518889826e-01	   4.1195279730423773e-01	   2.0401627340243011e-01	   4.2563079377520280e-01	   1.3827760561593558e-01	   7.2995355048609933e-02	   5.4478808720326899e-02	  -1.6285208549940665e-02	  -1.9182663917366855e-01	  -3.8339092097258096e-02	  -1.2534243723144819e-01	   7.6455715241955602e-02	   9.5823725069209675e-03	   3.5861168933556964e-01	   2.6166491594543201e-01	  -2.0391888112595505e-01	  -2.1424773811836373e-01	   2.7816337904705035e-01	   1.9381105678499980e-01	  -8.1731880896301710e-03	  -2.0162775913158654e-02	   9.8372163346733474e-02	   2.2815579678495326e-01	   1.0540971094098679e-01	   2.2845646654642324e-01	   2.0435282722329640e-02	   2.2160519812269680e-01	   8.7017078842184029e-02	   1.3851138652507750e-01	  -1.2695800711625055e-01	  -3.5731271538895444e-02	   6.1122421146646733e-02	   9.0868509728630989e-02	   6.2999073043250350e-02	   8.5915863623583610e-02	   2.5550090288994259e-01	   1.8987587875107889e-01	   5.4337856679577065e-02	   1.2836579398470821e-01	   5.9918388626694505e-02	   2.8847013563978235e-01	  -2.0887281348520022e-02	   3.3517929666575005e-02	   4.5209336223718655e-01	   3.2560484038957771e-01	   9.2073754374253913e-01	   5.5771032131593201e-01	   2.4270631008306565e-01	   2.5176778721516757e-01	   4.8693932805803075e-01	   4.0510839463872633e-01	   4.2025478851372658e-02	   8.9914109680036547e-03	  -2.0924934166745211e-02	  -6.8282277414562359e-02	   3.4235417255636025e-01	   2.9559532476619499e-01	   3.6006022395019266e-01	   3.5042761810831047e-01	   5.3119077475727350e-01	   4.9373490320526608e-01	   6.3268603851949512e-01	   4.6406835886352310e-01	   4.1868285919170217e-02	   2.5591979808116017e-01	   1.3286145152700016e-01	   2.0257741349188801e-01	   2.2120553896208536e-01	   2.5607462669662684e-01	   2.0750513270011497e-01	   6.2475056442951468e-02	  -2.9653168282305346e-02	   1.9384676869802464e-01	   3.5709957261567166e-01	   6.0164183978692054e-01	   1.5825421509566808e-02	   3.5514208116019236e-01	   1.8398976740225456e-01	   6.5425326337210798e-01	   2.4338783827753727e-01	   9.5433414014103782e-02	   1.2996547960539551e-01	  -1.0057379830745010e-01	   2.8087231885086824e-02	   3.0581692412297889e-01	   2.8506012256828639e-01	   4.3067883164889087e-01	   9.4961324360355259e-02	   7.9264653738714025e-02	   9.9876091665931852e-02	   1.2348666417038712e-01	  -1.6151646498706804e-02	   5.0584744645795175e-02	   1.8355696534405000e-01	   1.0569227895747232e-01	  -1.0761551177741293e-02	  -2.3960678114438416e-01	   5.3764114943003864e-02	   1.2172167666416184e-01	  -5.7167140562822606e-02	  -2.0408388165118661e-02	
   7.9462813421490053e-01	   7.2753055609347939e-01	   3.5034292853185078e-01	   3.4651113170507303e-01	   1.9319327544358925e-01	   4.8547461407324172e-01	   3.7879834926468298e-01	   8.6599222221508054e-01	   5.4694222890934230e-01	   5.9544856420056524e-01	   1.1780328807467995e+00	   0.0000000000000000e+00	   1.0565830224679731e+00	   1.4211571703709247e+00	   8.0162104007473267e-01	   1.0033902129312977e+00	   5.9044798280709787e-01	   3.7301553467464127e-01	   5.2608743233811683e-01	   4.1214850937966274e-01	   2.3218093432819853e-01	   1.4889020941065398e-01	   6.9308741577160434e-03	   5.8470671196968443e-02	  -6.1562785735872788e-02	  -8.2435027026550020e-02	   7.6963419840327361e-03	   8.9594611448095343e-03	   5.8249643281943930e-01	   5.6705842465448753e-01	  -6.2262551936575088e-02	  -6.1041530706869912e-03	   3.9032677074589589e-01	   4.6223249351782436e-01	  -1.7649091077856446e-02	   1.5919839217476384e-01	   2.6081425028483868e-01	   3.2763264855109908e-01	   9.4737580802396526e-02	   2.1607413412361393e-01	   1.2139659624910311e-01	   4.1066354224388624e-01	   2.2508630951988906e-01	   2.6138374761976824e-01	   7.9390480023342813e-02	   2.1031485265369582e-01	   1.9833229235004773e-01	   2.4805311228610116e-01	   2.2898348728821258e-01	   2.8840018500679432e-01	   3.4057447220196962e-01	   3.7187669637292398e-01	   2.3006519781740464e-01	   2.6463875291659211e-01	   2.3204324484338779e-01	   4.1425292027584271e-01	   9.5811370187115982e-02	   1.2233325784531141e-01	   5.6341739026290083e-01	   6.1216280077578611e-01	   9.1726749124562956e-01	   8.5711275345738014e-01	   5.4346967684905556e-01	   6.3235781274295344e-01	   2.8355248761608365e-01	   5.8840412270999864e-01	   9.0130750011970837e-02	   2.7148865803129990e-01	   1.0636079937689559e-02	  -4.2982509323820833e-02	   2.5974677578461502e-01	   2.6055271452179973e-01	   4.1352492499221544e-01	   5.5778335845978910e-01	   5.7449716288893382e-01	   6.4300960539531626e-01	   7.6578642438376066e-01	   8.1159980501972395e-01	   4.1505132500392311e-02	   3.3055888275156997e-01	   3.8923202669710244e-01	   4.1087364383919617e-01	   3.4210227470118404e-01	   5.5664031115671375e-01	   1.9981444015923208e-01	   3.3321782001277989e-01	  -3.4251420434272421e-02	   1.7670448593365584e-01	   4.7770687178036053e-01	   7.3468522835542682e-01	   2.0950015240717962e-01	   1.7896354110167612e-01	   5.1253719582891866e-01	   5.1546547411176291e-01	   2.8568347911432268e-01	   1.4565099258519290e-01	   1.6809400177752215e-01	  -1.3791943405954377e-01	   2.2519193491037603e-01	   3.1206343361662742e-01	   6.4226616723204466e-01	   4.8503836192698546e-01	   3.0732582602604597e-01	   1.6248096004490176e-01	   1.9098847913084341e-01	   1.0117641071460801e-01	   7.9672220460241638e-02	   3.1762912673557148e-01	   1.6626717831885088e-01	   2.5503118827680360e-02	   4.4374657506130864e-02	  -1.3543006986400516e-01	   1.4973724236433589e-01	   1.2024643528270357e-01	  -1.9455363466770198e-01	  -1.1898169362769195e-01	
   1.0495514966617103e+00	   4.8643793108722766e-01	   5.7647962905325978e-01	  -2.0548574896839294e-02	   1.7709286176658420e-01	   2.9564048098185541e-01	   5.6229646799780597e-01	   3.8110176975198695e-01	   8.8535160337701391e-01	   5.4571429055712350e-01	   1.9993845798807592e+00	   1.0565830224679731e+00	   0.0000000000000000e+00	   1.1169005414825548e+00	   1.0549384075037564e+00	   5.0365552440416905e-01	   3.8694346376836414e-01	   1.4078624642682397e-01	   3.1351221564480208e-01	   2.2555537481700395e-02	   4.1733296802358495e-02	   2.0034257044904837e-02	  -5.0197802778318534e-02	  -2.4792723190982358e-01	  -2.7025905673529763e-02	  -1.1135220583828898e-01	   8.2009664884282768e-02	   7.2927121933484360e-03	   2.6944336929339563e-01	   1.7574000146493088e-01	  -2.2092517800275605e-01	  -2.3786675657704992e-01	   1.9750459581173732e-01	   1.0898660803030680e-01	  -1.3992740441625231e-03	   3.1560126222462883e-04	   2.0513617753434115e-02	   1.9022621652372712e-01	   1.1973445347381655e-01	   2.1859071212740316e-01	   3.7843751703488145e-02	   2.1055792705205481e-01	   7.3691887012475484e-03	   5.3966420873896581e-02	  -1.6742833498751639e-01	  -7.6248290542873062e-02	   4.2683021511603150e-03	   4.0330241808393223e-02	   2.0962452063389484e-02	   6.1906997857222992e-02	   2.2656672721965315e-01	   1.6633931525507945e-01	   4.4237947209849048e-02	   1.3396160763246626e-01	   1.5798078389340987e-02	   2.4255870748315250e-01	   1.7830235948098301e-02	   6.0536029161212840e-02	   4.2248481688493089e-01	   2.8675633018852681e-01	   1.0054689129085224e+00	   5.8379126775016477e-01	   2.4707339527420208e-01	   1.9544425744323329e-01	   4.6621513456576785e-01	   4.3618057075365169e-01	   8.2096515936356376e-02	   6.9129313678523135e-03	  -1.3578256222451389e-02	  -1.0995338944940639e-01	   3.6015640646142838e-01	   2.8569490832834521e-01	   3.2269715907512042e-01	   2.9018807865980989e-01	   4.6654737680785463e-01	   3.9982462693374698e-01	   5.1374899090822912e-01	   3.4459638703025758e-01	   6.8759477401754560e-02	   2.5889542657797310e-01	   8.7659047600024867e-02	   1.4894729723316230e-01	   1.1837747317028291e-01	   1.6681954456468553e-01	   1.4897331487981985e-01	  -1.5076557572624993e-02	  -1.0644194703303508e-01	   1.2789798780546446e-01	   3.1356894545780556e-01	   5.7515024488034672e-01	  -4.0832383271086112e-02	   3.5438997675884532e-01	   1.3030037927566834e-01	   6.0744040043473391e-01	   1.6105542945839790e-01	   4.6543722446609877e-02	   1.2606919214550499e-01	  -8.3984307724836532e-02	  -2.9779844036649222e-02	   2.9585197624109133e-01	   2.9652966746951909e-01	   4.4849109992668562e-01	   5.5652801394703917e-02	   8.6510881840763998e-02	   6.9064161155898099e-02	   7.8017185261368860e-02	  -2.0912454125807257e-02	   5.7457506596219073e-02	   1.3777341318890765e-01	   5.2707011355220310e-02	  -4.1357934282653448e-02	  -2.5495381316769311e-01	   2.4842200360788443e-02	   8.8791371128852048e-02	  -6.4453436974771711e-02	  -2.6628635487159928e-02	
