   0.0000000000000000e+00	   8.5649028073458189e-01	   5.1226344136899105e-01	   4.8199778874334187e-01	   2.1347937550304646e-01	   4.2586436388065879e-01	   7.1762710200561963e-01	   6.4134706574397093e-01	   4.4538806444329332e-01	   4.8983299402754998e-01	   8.4227741465361650e-01	   8.0847308553253616e-01	   7.2803301947381449e-01	   9.1195031006066396e-01	   5.2341650321554878e-01	   5.7605104022082065e-01	   3.4547197353313891e-01	   2.9119950692400354e-01	   6.8629772337565365e-01	   5.8691515579389486e-01	   2.6357112229243507e-01	   4.1663038338412595e-01	   3.0016823257720621e-01	   2.8177154073554866e-01	   3.7485972092187148e-01	   4.5978849021281076e-01	   1.7787119157589007e-01	   2.8886645127632049e-01	   2.2932457538282552e-01	   3.1017732720431451e-01	   5.2833814957158920e-01	   6.3133839522665236e-01	   6.8464796092184921e-01	   7.5909167242972575e-01	   6.0679736657612804e-01	   5.3866137468899944e-01	   3.9048601343515332e-01	   3.5305135278785532e-01	   5.3406744040754939e-01	   5.6855541485838779e-01	   2.3849699762625415e-01	   2.7120704440156990e-01	   4.5316487590975391e-01	   4.5464579117851811e-01	   3.2014434642307654e-01	   4.7508566870227176e-01	   6.1794044528251735e-01	   5.8763233113378910e-01	   4.3188173896393800e-01	   5.8354788390305279e-01	   4.9113963800688393e-01	   6.9489247263312104e-01	   4.0495621311375291e-01	   6.0452641272984087e-01	   5.6920724132504341e-01	   6.3756084366985011e-01	   7.1517863401786819e-01	   5.1123724038227714e-01	   3.2981389455223659e-01	   4.5972392982751775e-01	   6.4241176914227460e-01	   6.3673832663266361e-01	   4.8569467862757681e-01	   5.3846417308963312e-01	   5.3507827955018272e-01	   6.0134424463492619e-01	   4.9235887441344489e-01	   5.7612485420598480e-01	   6.0474273419362468e-01	   5.1122740404432909e-01	   4.7205005730739125e-01	   5.0493648830769966e-01	   5.6643253861922682e-01	   4.3729206880468097e-01	   5.4469124387426671e-01	   5.0502435157478931e-01	   7.6042997579073890e-01	   6.2920860340306783e-01	   4.0616047190319238e-01	   2.2343174598661397e-01	   4.5643219908488003e-01	   5.8847922153006749e-01	   2.5997016684931895e-01	   5.0691978505499069e-01	   8.2907497613239700e-01	   7.8877225697598186e-01	   2.3260464406403678e-01	   5.8667534365785323e-01	   4.8985998921856189e-01	   7.4936517000602376e-01	   4.6041861628489034e-01	   4.5028895722690265e-01	   5.7678377860487651e-01	   4.3135355579139428e-01	   4.0562978803773125e-01	   2.0436104571534791e-01	   6.3122572054959192e-01	   6.6326714212588767e-01	   3.8530265969316468e-01	   4.8817148341044636e-01	   6.5896056732700159e-01	   4.7599701492790703e-01	   4.3282767142462719e-01	   2.9094712668067607e-01	   1.0301836446981900e-01	   8.0252193195607308e-02	   5.3032003201074662e-01	   3.8011493777495237e-01	   5.2138989523434882e-02	   6.2989034859922111e-01	   5.2286167634675573e-01	   2.9967660894527770e-01	   3.1591939747770847e-01	   1.5827264679330802e-01	   3.6845136412266466e-01	  -2.4271337684806474e-01	
   8.5649028073458189e-01	   0.0000000000000000e+00	   5.0070960462979142e-01	   4.0382674687019010e-01	   3.2806907525706352e-01	   4.4137541362321853e-01	   6.2827923653761142e-01	   4.8025356688600729e-01	   4.5692137453243431e-01	   2.7070995164093759e-01	   1.7988973127835903e-01	   7.9063243840141162e-01	   1.2997290891097016e-01	   8.4797688260057313e-01	   5.9474113731981382e-01	   5.8222671471453835e-01	   6.6579930946190802e-01	   8.4502694529056599e-01	   9.6084818329931754e-01	   1.1210013049131460e+00	   2.7278606746482936e-01	   4.9814773455983563e-01	   3.9435962459573837e-01	   3.0917475155207541e-01	   4.0654495118069228e-01	   3.5791174836964712e-01	   2.8823164000102985e-01	   2.9548777305030260e-01	   3.9467488714831378e-01	   7.1605854080932785e-01	   5.1862220558807048e-01	   4.2980020954939385e-01	   1.1592572518547641e+00	   1.0683708173745983e+00	   5.8594514600985614e-01	   5.4066034149772157e-01	   6.1982171745559966e-01	   6.9735508390711587e-01	   6.2898530180311030e-01	   8.3582000960564662e-01	   6.2124651573643797e-01	   6.9560724420416920e-01	   5.8443512662814523e-01	   6.5008546560137215e-01	   6.9703643988467157e-01	   8.1663264368431610e-01	   8.7484320950387429e-01	   9.0622990300882300e-01	   7.3050318669689018e-01	   9.1157946078705399e-01	   7.1703473060850853e-01	   9.5791862044625908e-01	   6.7861923611988895e-01	   8.5148960969276399e-01	   8.4028159026660643e-01	   9.1724086087237933e-01	   1.1197208031587624e+00	   1.3160463839836771e+00	   6.8891766071218596e-01	   8.1677476429470020e-01	   4.9436431041412948e-01	   5.5309583541355256e-01	   5.8957684378399633e-01	   8.2752871180195864e-01	   3.2406677250094679e-01	   4.2436957247214546e-01	   7.3292005832894835e-01	   8.2094357477096380e-01	   8.9748823517600895e-01	   9.7677541062853734e-01	   5.4750417416204666e-01	   6.6793951085984948e-01	   6.4288793439035041e-01	   7.3821878721410195e-01	   5.8423677928993767e-01	   7.1542093426107944e-01	   8.7944093457041561e-01	   8.8953223642809021e-01	   8.6911538516875131e-01	   6.8227862623342850e-01	   8.9351067566901776e-01	   1.0731636179623028e+00	   8.3771746148310822e-01	   1.0106436218276398e+00	   8.7624103453934765e-01	   7.8793841930485420e-01	   5.2298123243000083e-01	   5.6260923203770430e-01	   5.4742333094949436e-01	   8.8105775291160637e-01	   5.1410195442521300e-01	   3.7522804678861077e-01	   4.5008786226130409e-01	   3.4545663957167488e-01	   3.7086470285357026e-01	   1.2599810866544395e-01	   1.0052964883836188e+00	   8.8717313362046124e-01	   7.9798276435716575e-01	   6.1160674102808632e-01	   8.1379737773292227e-01	   5.6006513143184944e-01	   7.5160216058496543e-01	   3.2018674029580646e-01	  -1.1544798781712608e-02	  -9.6819247144404361e-02	   6.6734945804127455e-01	   6.1501925225959198e-01	  -1.7679004425546585e-01	   6.3385891963525498e-01	   7.8239263778347545e-01	   4.6381358917481225e-01	   4.5042834830566569e-01	   3.8297998079389839e-01	   2.7582058635928275e-01	  -5.2154806412114307e-01	
   5.1226344136899105e-01	   5.0070960462979142e-01	   0.0000000000000000e+00	   8.7198009465716897e-01	   1.1900831529309119e+00	   9.0566996600259264e-01	   1.4296443373715599e+00	   7.0996812044042112e-01	   1.0883886625340069e+00	   5.0106672640116645e-01	   3.2882985680575311e-01	   4.0251545494062496e-01	   3.5301170769073809e-01	   5.3136873952652741e-01	   1.1036635699643615e+00	   6.7654832436425827e-01	   3.7802336958178945e-01	   3.7104201329069264e-01	   8.1866002236392044e-01	   7.5084509189420579e-01	   5.2460182026470870e-01	   6.0304675217031023e-01	   1.4073181760863092e+00	   8.8124323203171073e-01	   9.1891851183137563e-01	   8.2022862424924525e-01	   5.5186941695763259e-01	   4.5939868925049349e-01	   8.0221443126546485e-02	   3.3281155785610006e-01	   6.7490583261311787e-01	   4.5053788094235336e-01	   6.0566287334540758e-01	   4.8016060257287441e-01	   7.6907555105985037e-01	   5.9334184161266823e-01	   4.2188307466892450e-01	   4.0349874800918489e-01	   6.2355630378412896e-01	   5.8074971261470398e-01	   5.8587754915048629e-01	   5.7445818234434987e-01	   7.7445303154517231e-01	   6.6374616995145364e-01	   5.4143191691808512e-01	   5.0282466285055094e-01	   7.1478234156581544e-01	   6.3410647377666352e-01	   6.2376581813075016e-01	   6.8892790617657818e-01	   6.7664528370846855e-01	   7.6270777067873052e-01	   7.7767075282799714e-01	   8.3571194262921866e-01	   7.4597502937652627e-01	   6.8670737865831633e-01	   4.1138929830280280e-01	   4.3055317936319942e-01	   5.1441942563687704e-01	   5.1771386194710645e-01	   8.3041234416333509e-01	   5.5811198535429729e-01	   3.4280059958945130e-01	   5.2848904226897853e-01	   8.5132404349698576e-01	   6.0342601048321776e-01	   8.3886880110259643e-01	   5.4749876733594571e-01	   5.5334762470497867e-01	   5.0346444658934808e-01	   7.5683474586200106e-01	   6.4930297225363443e-01	   5.0177697686146483e-01	   5.1293932121125108e-01	   5.4600238913599419e-01	   6.0918797976513750e-01	   5.4034633498253515e-01	   4.1956870412612174e-01	   3.8788468116303598e-01	   3.6819148091288223e-01	   5.0128310550951360e-01	   6.0705024406509756e-01	   6.6087567385890700e-01	   7.1370858754411393e-01	   9.8872975957494125e-01	   7.8421044772967963e-01	   9.4409069005609092e-01	   8.0411635577190665e-01	   1.0090554406664685e+00	   9.8842844419004761e-01	   9.8211208901832370e-01	   1.0518581022607552e+00	   6.6454622447704503e-01	   7.6461595390704185e-01	   3.7076122846034475e-02	  -1.1888753504742909e-01	   4.3825135641330026e-01	   4.0587918964021441e-01	   5.7045531720778220e-01	   6.0982904664008042e-01	   6.4839639218109124e-01	   8.8504917214543777e-01	   3.5919001395345540e-01	   5.6970876881398769e-01	   1.7604178234981746e-01	   1.2227601359353256e-01	   3.7847342190997402e-01	   5.3346246388665208e-01	  -1.1550805628178648e-01	   2.5937275200648580e-01	   6.6036893271642927e-01	   3.9119206046463600e-01	   2.8209171424517610e-01	   2.4591175819136668e-01	   2.5856390329858225e-01	  -5.1730505873510046e-01	
   4.8199778874334187e-01	   4.0382674687019010e-01	   8.7198009465716897e-01	   0.0000000000000000e+00	   7.0224661892035267e-01	   1.0391140902357692e+00	   8.0219943836380880e-01	   1.3123055655939082e+00	   8.6412594012290689e-01	   8.6566942111156731e-01	   4.2538639173306803e-01	   7.3890073386519506e-01	   3.2830108551740356e-01	   5.8958006519243700e-01	   5.7636640633864089e-01	   1.0617124725377443e+00	   1.7782539146966095e-01	   1.0785693992843043e-01	   5.6900418381619278e-01	   6.9221845112450131e-01	   4.7876765722243347e-01	   6.5434724986504833e-01	   9.1466786862852056e-01	   1.7032374023185002e+00	   4.7703591258491551e-01	   8.3257964779231264e-01	   3.7605125885136098e-01	   3.3882539254345023e-01	  -4.1634823010920828e-02	   2.8871717807678193e-01	   6.0540653407817746e-01	   6.8502221593104307e-01	   4.8330966986700341e-01	   6.3526029732547840e-01	   6.0880725860295504e-01	   7.0642113078750191e-01	   5.3208515558650493e-01	   4.5808246910666633e-01	   6.9177639166131377e-01	   6.0322424009066011e-01	   4.7455583989371514e-01	   5.3418491492774389e-01	   9.6632717455759476e-01	   8.9043961479623279e-01	   3.9203886683399236e-01	   4.9141772066683587e-01	   7.6624312655123616e-01	   6.0791100330970127e-01	   4.6786265862731197e-01	   5.9137006219873278e-01	   5.6216974843137080e-01	   7.9661327710775476e-01	   6.4909565477653475e-01	   5.3797100366747186e-01	   6.7851405558227984e-01	   6.0487278527152011e-01	   2.2760906108767637e-01	   1.4442928897254440e-01	   2.7290308477992509e-01	   4.2704760852008483e-01	   6.3788094631121317e-01	   9.5163862063821381e-01	   1.5676779406859384e-01	   3.5639190472355731e-01	   8.1064225907417031e-01	   1.0909407117634102e+00	   5.7211626477030331e-01	   6.2293681279292490e-01	   2.1193484055225040e-01	   2.2717915455689269e-01	   5.3511397281803552e-01	   6.9033524682904412e-01	   4.9985315643033623e-01	   4.9738292924625482e-01	   4.5366720571063224e-01	   6.0240503313776650e-01	   4.5351221741838466e-01	   6.2495683869870078e-01	   1.4324218496308738e-01	   9.6587084967490772e-02	   2.3136620879412184e-01	   3.0255892092043352e-01	   2.7964845229778473e-01	   5.0624916849318724e-01	   6.9452419607801175e-01	   9.1651686848325797e-01	   6.5736780350933421e-01	   9.7129102106644416e-01	   7.4819245479374652e-01	   8.9387992708934338e-01	   1.1708808705269786e+00	   7.6687790098864750e-01	   1.1866489377730070e+00	   5.4864702780359886e-01	   4.3079808114975922e-02	  -2.7203313015101240e-02	   4.3908200850652168e-01	   2.5415037226890158e-01	   5.6778580161764314e-01	   4.6281141195266157e-01	   9.2000837362977594e-01	   5.8529809291486590e-01	   5.4184665251599140e-01	   4.0587748752569008e-01	   5.2165568817253472e-01	   2.5137319241941841e-01	   5.5394871106909027e-01	   3.6379025268871779e-01	  -3.0728221722844690e-02	   2.4020933387854043e-01	   6.3027774262416703e-01	   5.2959229384271644e-01	   5.6384506518700617e-01	   1.6874607212853587e-01	   4.5998175218097642e-01	  -2.9183791082469634e-01	
   2.1347937550304646e-01	   3.2806907525706352e-01	   1.1900831529309119e+00	   7.0224661892035267e-01	   0.0000000000000000e+00	   1.1970510684846740e+00	   8.2875560671106274e-01	   5.7862511018410057e-01	   1.0937350114446609e+00	   4.8811349506839885e-01	   1.8165381466942782e-01	   2.9759160723677497e-01	   1.2870817095007275e-01	   4.1815820552084193e-01	   7.4022728638967961e-01	   5.9683483346468158e-01	   3.9399312978577405e-01	   3.9073645445284799e-01	   4.3723658542631227e-01	   5.0394072416853619e-01	   8.0848080226495522e-01	   7.3558675072358626e-01	   1.0330044753094587e+00	   8.3578352832435421e-01	   1.0068112344943831e+00	   9.2723955162249727e-01	   8.6892752380870075e-01	   5.8386903766501042e-01	  -2.3315954213755379e-03	   2.9672415717925504e-01	   4.6994129910011750e-01	   2.6874547388310488e-01	   4.2605183177001454e-01	   3.6609194146648411e-01	   5.2726699950483469e-01	   5.0120686693057404e-01	   3.9834014360822345e-01	   4.0981861540094378e-01	   5.5286686613900404e-01	   5.3041191753965988e-01	   4.8335679623550609e-01	   5.4447610674751179e-01	   6.6444175263087668e-01	   5.5663772012356882e-01	   7.1421379227402415e-01	   6.1556216270285036e-01	   6.5149982662712236e-01	   6.0214984527620996e-01	   6.9057044816790492e-01	   7.5816224995925519e-01	   7.0124595906480114e-01	   7.5971690712010642e-01	   8.2007479935990357e-01	   7.8321457030894692e-01	   6.5827529057363598e-01	   6.5808936518364913e-01	   3.5646038184166035e-01	   3.8786101302763099e-01	   6.4738361046708470e-01	   6.1964278067168221e-01	   6.3831011208847277e-01	   5.4524855963757268e-01	   2.8667918545129079e-01	   4.4699810061779421e-01	   4.9028398879603408e-01	   4.8634884128135236e-01	   7.9291172779337205e-01	   5.4310465492890092e-01	   3.6648520030903886e-01	   3.7766735481279540e-01	   7.0623159167183680e-01	   6.6866160710250677e-01	   3.2894573772057495e-01	   3.6393006642815734e-01	   2.4102966814154680e-01	   3.8954874910977710e-01	   2.8876919827688491e-01	   2.8666134983985292e-01	   3.7743035653781959e-01	   3.5903009305649020e-01	   5.0150811728598343e-01	   5.1765520327935399e-01	   4.8521036788121980e-01	   6.1487313824262690e-01	   5.8289790779678585e-01	   5.6556098470523097e-01	   8.8822680907048002e-01	   8.4136016414625669e-01	   6.9507096738987761e-01	   7.2926596019952084e-01	   8.7396829970723533e-01	   7.7295885541748643e-01	   5.5202600723276551e-01	   5.5805862559259778e-01	  -2.0298203786143718e-01	  -9.8700164469438634e-02	   3.7132447875918279e-01	   2.8625992534732542e-01	   5.9210451831250965e-01	   5.6597473376743457e-01	   5.6254939840052354e-01	   6.4366952929325616e-01	   3.3870110606504533e-01	   4.2289089469598318e-01	   1.8297919180301014e-01	   1.3782596868328439e-01	   3.1426643947907884e-01	   4.0322526540799686e-01	  -2.2170234093296309e-01	  -6.7505599278470585e-03	   3.6830821028630834e-01	   3.3498198079074759e-01	   2.0070929475638352e-01	   1.9312353647132088e-01	   7.1575212176309688e-02	  -5.2947234016031075e-01	
   4.2586436388065879e-01	   4.4137541362321853e-01	   9.0566996600259264e-01	   1.0391140902357692e+00	   1.1970510684846740e+00	   0.0000000000000000e+00	   8.2518453905642597e-01	   1.0510154897148405e+00	   9.5346399264364678e-01	   9.0987925017334370e-01	   4.0791947145652757e-01	   6.5940883199107003e-01	   2.8354969458297097e-01	   6.4974902249598521e-01	   6.1394236692469384e-01	   9.3991634778695177e-01	   4.7770801861564816e-01	   3.6000682207629298e-01	   5.0046173017061912e-01	   6.5808916444951659e-01	   8.2706455711911153e-01	   8.8760376909441385e-01	   7.1267157686378990e-01	   9.6452928202452548e-01	   7.2540665788462821e-01	   8.2025737100944485e-01	   8.4685895943027090e-01	   7.0172779215581704e-01	  -1.5681267679220436e-02	   3.5837992146478365e-01	   4.5493549822857660e-01	   4.2845442123651284e-01	   4.6693391701769493e-01	   5.3300571100968042e-01	   4.6603472970391413e-01	   5.7223077779546072e-01	   4.4816432827677394e-01	   4.3295723628480759e-01	   5.9547415160318462e-01	   5.7132691582926309e-01	   4.1385565857028334e-01	   5.3592221246416838e-01	   7.7377055039138354e-01	   6.4657588372007635e-01	   5.6598298871136188e-01	   6.0362836695127120e-01	   7.5805337552936436e-01	   6.8085355983784046e-01	   6.2480170200671514e-01	   8.3809053386396726e-01	   6.9067230446922900e-01	   9.6868380556316969e-01	   8.0561010546797707e-01	   7.4446439039132306e-01	   6.9166892972692962e-01	   7.4276263330277881e-01	   4.1674381459227755e-01	   3.4821698722088656e-01	   5.5381617870969890e-01	   7.1016095594097139e-01	   6.4737612276465872e-01	   9.6947917149042540e-01	   2.5563628512938075e-01	   4.6179833800634745e-01	   5.1854351528878528e-01	   8.6720024893163328e-01	   7.0643393691562961e-01	   6.6420221237302368e-01	   3.4468994035814321e-01	   3.7225098604031087e-01	   6.5733012303328930e-01	   7.7560237265796328e-01	   3.8282265342282951e-01	   4.3965890637047705e-01	   2.4431783463390164e-01	   4.5721387812123465e-01	   3.2771116192592553e-01	   4.3000243651757880e-01	   3.8070856442183071e-01	   2.9465848205184419e-01	   4.9616308000443782e-01	   4.9201318237274960e-01	   4.0669042626856855e-01	   6.8265744919307214e-01	   5.6951401047656536e-01	   7.9281856942375595e-01	   7.1145107227793780e-01	   1.0640283574221006e+00	   7.0088821151726366e-01	   9.5413868583228689e-01	   1.0546268010442317e+00	   7.3176033854130307e-01	   9.3737162457614609e-01	   5.0193036138289193e-01	  -5.1672216291360859e-02	   3.8321012811286512e-02	   4.4996564387308480e-01	   3.4601089686693359e-01	   6.5031449633195981e-01	   6.1015751011325581e-01	   8.1970763421657578e-01	   5.6164191679352338e-01	   4.9638047568289850e-01	   3.2620038671519203e-01	   3.2007281775447438e-01	   1.0246138959978332e-01	   5.2747356808102697e-01	   3.8049695737652178e-01	  -8.6776315758446826e-02	   1.2824021334624425e-01	   4.3163412688029984e-01	   4.5068490255005744e-01	   3.7724732161505836e-01	   9.2861830272623444e-02	   1.6535042684808399e-01	  -4.1295153942885943e-01	
   7.1762710200561963e-01	   6.2827923653761142e-01	   1.4296443373715599e+00	   8.0219943836380880e-01	   8.2875560671106274e-01	   8.2518453905642597e-01	   0.0000000000000000e+00	   9.2418446564746592e-01	   1.0392493338431652e+00	   5.9972582106196182e-01	   3.9292845688067707e-01	   5.9310982575134119e-01	   4.6839215662592282e-01	   7.1349316823491860e-01	   1.0161931618312370e+00	   6.7447589993797452e-01	   3.4101239880354933e-01	   3.1769266802507379e-01	   9.7622340475456315e-01	   8.3737446269351934e-01	   4.2838117409812260e-01	   5.2477717699294790e-01	   8.4426534717244950e-01	   6.5507869039671618e-01	   7.1539067778168308e-01	   6.6226757540627201e-01	   4.3863016917515918e-01	   4.1744383190448903e-01	   4.2379097210328134e-02	   2.6183869046958463e-01	   6.9302305579251422e-01	   5.4659730019855846e-01	   7.3572245628478006e-01	   6.5785820703750630e-01	   7.0417657767186070e-01	   5.9515153305955004e-01	   5.0705906989689420e-01	   4.5751674090652061e-01	   6.7581557854057595e-01	   5.8479489892918168e-01	   5.1685130890022957e-01	   4.8640046728360997e-01	   7.6058587301664149e-01	   6.4021231634172848e-01	   5.3359218304822265e-01	   5.6838210951711843e-01	   7.1009616689514565e-01	   6.6054542981547371e-01	   6.5921218916283864e-01	   7.3451213873583621e-01	   7.7008427967359017e-01	   9.3430572553030578e-01	   6.5388538783163475e-01	   8.0550080754222553e-01	   7.5546927519186302e-01	   7.2564096323518146e-01	   4.4343529162782880e-01	   4.1502584601068981e-01	   4.1872612872387388e-01	   4.4518795820469736e-01	   9.4213716109579526e-01	   6.6521592991163470e-01	   2.8556507654030933e-01	   4.8945258037750161e-01	   9.7858119738746485e-01	   7.9020130044206538e-01	   8.4395185950373797e-01	   6.5690038352281288e-01	   6.6914046917847003e-01	   5.7787210561735503e-01	   6.8507999688748111e-01	   6.1702664259879847e-01	   5.3697341596722026e-01	   4.7850633531472370e-01	   5.8290376932413368e-01	   5.7228210538952962e-01	   6.6171091458788611e-01	   5.0220095829431022e-01	   3.7248990130378473e-01	   2.4421625343202669e-01	   4.6147475399669546e-01	   5.9015106288586294e-01	   5.8762111379878701e-01	   6.0936452576311984e-01	   1.0283343117782995e+00	   8.5693812860600471e-01	   7.7561667194890960e-01	   7.4171715106696323e-01	   9.9270843349179949e-01	   1.0453079643309791e+00	   9.4492852082017653e-01	   1.0251045741859870e+00	   7.6212423143672925e-01	   8.1807565823237238e-01	   2.2176224124863445e-01	   7.8061063903215058e-02	   5.2677299006866007e-01	   5.1206164222445738e-01	   5.4700900536921970e-01	   6.3626412709915359e-01	   7.7566741870665856e-01	   8.8982238638387690e-01	   3.7500592462149601e-01	   4.8929331785926622e-01	   1.5148354752386620e-01	   9.2622311036579030e-02	   4.7569013666522497e-01	   6.0542625996781485e-01	   3.5248026082235748e-02	   4.5191567371656111e-01	   6.3369508971534494e-01	   3.8957945343327616e-01	   2.7933832818014553e-01	   1.7162824323036174e-01	   2.8878288924973111e-01	  -4.2725926009139287e-01	
   6.4134706574397093e-01	   4.8025356688600729e-01	   7.0996812044042112e-01	   1.3123055655939082e+00	   5.7862511018410057e-01	   1.0510154897148405e+00	   9.2418446564746592e-01	   0.0000000000000000e+00	   7.4500524981942240e-01	   9.9957497869711909e-01	   5.2721189864982976e-01	   1.0107559403143354e+00	   4.5141447905025200e-01	   8.7742827077997954e-01	   5.4308038037074668e-01	   9.7650357909114038e-01	   2.4259275160701843e-01	   1.1825002685565350e-01	   5.8951725563108814e-01	   6.4445706637308375e-01	   4.8766039813842499e-01	   6.4990993732106639e-01	   5.4200373968053772e-01	   9.4595404506543734e-01	   4.4883935405823139e-01	   6.9193798847504207e-01	   3.8877876184980731e-01	   3.8091235799352507e-01	   1.7929120267555037e-02	   2.9076967190723280e-01	   6.2009370447498091e-01	   8.3771585808505722e-01	   5.1031352284625786e-01	   7.6439427695384687e-01	   5.7807700414618057e-01	   7.4688909720391417e-01	   5.6389340232055252e-01	   4.5813958223587542e-01	   6.5694759417942483e-01	   5.4134836534472686e-01	   4.1268859434521404e-01	   4.5607150086629522e-01	   8.2954767147589181e-01	   7.1782028861881042e-01	   4.6614690036344497e-01	   5.8068408313088704e-01	   7.1284339998991886e-01	   6.4818749334356618e-01	   5.4748480994150728e-01	   6.8768868863662347e-01	   6.4193612493044627e-01	   9.4224075719115852e-01	   6.0729673372422666e-01	   5.4808640745632875e-01	   6.4371630690924109e-01	   6.2848713605112960e-01	   2.8138657252170984e-01	   1.4806343010385789e-01	   2.7439258371317576e-01	   4.5065276786948388e-01	   6.4284872701483031e-01	   1.1238407974201390e+00	   1.7646523226215854e-01	   3.6631720160815995e-01	   6.3566797098589789e-01	   1.2265098349813504e+00	   5.2864671837084898e-01	   7.0164522286249209e-01	   2.6271059625453885e-01	   2.1685595923507117e-01	   5.7797622737495635e-01	   7.5630068362874803e-01	   5.2459667114868647e-01	   4.6045249329355731e-01	   4.2354180997258650e-01	   5.2299618070778986e-01	   5.3233534780665714e-01	   6.5418373264218521e-01	   1.6253559130948012e-01	   3.7745712240895894e-02	   2.5471775252362949e-01	   3.1166984172051249e-01	   2.6119511631438941e-01	   4.6980478421108368e-01	   5.9485599766801911e-01	   8.7555005710675382e-01	   4.9436910233846132e-01	   8.3284022869773400e-01	   6.3516711467373110e-01	   8.2715243137278416e-01	   1.0704314777095529e+00	   7.7251858373282145e-01	   1.2185669368272420e+00	   5.2189707227709525e-01	   1.2971043147036124e-01	   1.8438556220601018e-01	   4.4408002623414161e-01	   3.3082699859673087e-01	   5.9166811588340140e-01	   5.6148068214676838e-01	   1.0387301498388115e+00	   5.3174123534753237e-01	   4.9684447683648525e-01	   2.9258799447154532e-01	   4.3851096758789060e-01	   1.6435895593982136e-01	   4.7280933819950854e-01	   3.2047027225575175e-01	   1.6298206570042376e-01	   4.0987835524872196e-01	   5.3396791895593831e-01	   5.5129776829061772e-01	   5.4578416114601080e-01	   1.0433546770192034e-01	   4.4780603085108839e-01	  -2.8926020181363971e-01	
   4.4538806444329332e-01	   4.5692137453243431e-01	   1.0883886625340069e+00	   8.6412594012290689e-01	   1.0937350114446609e+00	   9.5346399264364678e-01	   1.0392493338431652e+00	   7.4500524981942240e-01	   0.0000000000000000e+00	   8.7969072863980557e-01	   2.3851369244737158e-01	   4.7603543673233484e-01	   1.6480410114544564e-01	   4.4816244556278589e-01	   8.7151836944421779e-01	   8.1278338462854205e-01	   3.0200710576614564e-01	   2.9111345686498674e-01	   6.6137118574403331e-01	   6.9270443664011605e-01	   3.3381402632189039e-01	   3.9995009288742900e-01	   9.7977627439851422e-01	   8.2010615186537650e-01	   6.1848116030817135e-01	   7.5415030093153113e-01	   3.2185781454854334e-01	   1.9275735642925540e-01	   3.9842424806441436e-02	   2.3264554609057869e-01	   4.1304866609245144e-01	   3.0433383460955243e-01	   5.8817994266850093e-01	   5.1060240883305108e-01	   5.0133882853409617e-01	   5.4149721086780001e-01	   3.8841926938155436e-01	   4.5014923618270869e-01	   4.7434129807184644e-01	   4.9864367728262499e-01	   4.0413417159481102e-01	   4.9638366014228069e-01	   6.8310754804171048e-01	   6.5818057449724154e-01	   5.5786313491517592e-01	   6.4616725994166246e-01	   6.8320918212259563e-01	   6.4745695129692316e-01	   6.4102036743360968e-01	   7.9275002142020512e-01	   7.7879717687902272e-01	   9.3034035271951865e-01	   6.6156374044565547e-01	   7.9481284867710322e-01	   6.7203874829379506e-01	   7.3227179209717996e-01	   4.0360323114751911e-01	   3.8050352249021380e-01	   4.2018263299893333e-01	   4.2775808634418666e-01	   6.8582470866445600e-01	   6.2612412145724150e-01	   1.2367103105969632e-01	   2.9644734237727782e-01	   8.2149100749578907e-01	   7.1454747361923021e-01	   7.6416335162397542e-01	   6.2401992372465254e-01	   5.6711005447522789e-01	   5.4041679623274708e-01	   5.5057276699670499e-01	   5.4542876414404873e-01	   4.3192297696232324e-01	   4.1964495102344279e-01	   4.4401729729475620e-01	   5.8370338100389030e-01	   5.2947018529349710e-01	   4.9832991859077036e-01	   4.1024372107886320e-01	   2.2535840141849250e-01	   4.5720694135176509e-01	   5.0045340316481668e-01	   4.3490970335319828e-01	   4.9809417567362824e-01	   8.4664445551385958e-01	   8.3626457135730159e-01	   5.6067082362958720e-01	   6.6858526689969799e-01	   7.0423331387647659e-01	   8.2673222207898611e-01	   1.0220083201764274e+00	   1.0828647859723868e+00	   8.1472769299400927e-01	   9.3202556675918868e-01	   4.5295615097512953e-02	   1.1709127100725395e-02	   4.9859436677503910e-01	   4.2305525523807330e-01	   6.0427362429239073e-01	   7.1714208413337455e-01	   6.8075980762221056e-01	   6.8694455702112311e-01	   4.0888276614101127e-01	   4.2899772022140675e-01	   3.7590189563654963e-01	   2.2059251945648686e-01	   5.0997840356476010e-01	   5.6816907168658015e-01	  -6.4631607613553313e-02	   2.9709903948511518e-01	   5.1777063029665082e-01	   4.3392152500121173e-01	   2.9806934277064356e-01	   1.9069705941889553e-01	   2.3783262217698581e-01	  -4.1123311106492855e-01	
   4.8983299402754998e-01	   2.7070995164093759e-01	   5.0106672640116645e-01	   8.6566942111156731e-01	   4.8811349506839885e-01	   9.0987925017334370e-01	   5.9972582106196182e-01	   9.9957497869711909e-01	   8.7969072863980557e-01	   0.0000000000000000e+00	   4.5866499677074291e-01	   5.8836772214064459e-01	   3.2902500986432698e-01	   3.9742772654029423e-01	   4.6695486009267118e-01	   1.0461447952585223e+00	   2.7103418226627485e-01	   6.4776821858631595e-02	   4.0566338590584039e-01	   4.5905409403339920e-01	   1.8094310900551067e-01	   2.8146727803719573e-01	   4.0810237135801791e-01	   6.7756946363040083e-01	   2.4349490493346559e-01	   4.9754179820765942e-01	   1.6143972730342016e-01	   1.1816362149964674e-01	   8.4314877824438431e-02	   1.9250941556673148e-01	   2.4388321692647064e-01	   3.9752179141399430e-01	   3.9889529383061689e-01	   4.9080978109324414e-01	   3.8610141853634888e-01	   5.9473095843425694e-01	   2.8084764111975130e-01	   3.4941517510556180e-01	   3.1844684901197834e-01	   3.5650831776490899e-01	   1.9994686236270851e-01	   3.3986440235978688e-01	   5.8630647219171950e-01	   5.7462078112960435e-01	   3.0490035819191003e-01	   4.7827493595959347e-01	   5.8298697622516682e-01	   5.5440307281077772e-01	   4.5539246895243446e-01	   5.8524764630540993e-01	   6.2765718597264197e-01	   7.9902296524056926e-01	   4.7013676739967736e-01	   4.9207820677182168e-01	   5.0386333115483184e-01	   5.8963458786083445e-01	   2.4446009186824502e-01	   9.0994295348887491e-02	   2.1547094240749370e-01	   3.1890638590085801e-01	   4.8040821224120844e-01	   8.3964769654069737e-01	   2.6082350109981830e-02	   1.5652637719194007e-01	   6.1503682371429036e-01	   1.0101853141915507e+00	   4.7369233833266183e-01	   5.6753742384727990e-01	   2.2014761315174944e-01	   2.3296585826093275e-01	   3.1929878900721659e-01	   4.3183180551067468e-01	   3.8490883389507180e-01	   3.3315755567469679e-01	   3.3911228517094244e-01	   5.1324834048837031e-01	   3.9432041943918900e-01	   5.1877140724204140e-01	   2.4084138627501039e-01	   3.6844590208469960e-02	   2.8834437589863476e-01	   2.5716062419432961e-01	   1.2541571473605226e-01	   3.4979231356098978e-01	   5.1164487063437702e-01	   7.8772990352260175e-01	   1.3451688640919784e-01	   5.7534078199630667e-01	   4.8241333224460548e-01	   6.2662922053216019e-01	   9.0354365138713633e-01	   7.3007825760643319e-01	   1.0290617985249928e+00	   6.2822539999792015e-01	   1.8281809345493949e-01	   2.2831315124408949e-01	   4.0237791161443248e-01	   3.0076134461671677e-01	   4.8915738968420686e-01	   5.8976909018937174e-01	   7.2802269567771383e-01	   4.2629207447596790e-01	   3.5050168782765273e-01	   1.9413945549404216e-01	   3.7014401246080414e-01	   1.7985806042200747e-01	   5.1806935300917933e-01	   3.9169717570626672e-01	   1.7099832604641110e-01	   3.1086876221635074e-01	   4.0999663077130721e-01	   5.3862064896464823e-01	   4.2424780548460372e-01	   6.7070136938647842e-02	   2.7816158679972169e-01	  -1.5782058976568347e-01	
   8.4227741465361650e-01	   1.7988973127835903e-01	   3.2882985680575311e-01	   4.2538639173306803e-01	   1.8165381466942782e-01	   4.0791947145652757e-01	   3.9292845688067707e-01	   5.2721189864982976e-01	   2.3851369244737158e-01	   4.5866499677074291e-01	   0.0000000000000000e+00	   3.4692975904516082e-01	   1.3991556633486035e+00	   5.0721438691439513e-01	   3.0309689750065594e-01	   3.7076336348593325e-01	   2.3193739539868927e-01	  -6.4490737664999437e-02	   1.9451455979722232e-01	   2.0474621922206546e-01	   3.7710906209088835e-01	   3.3433103342899878e-01	   1.9235148091891549e-01	   2.7485827933633056e-01	   1.9677476854447926e-01	   3.2178667698675972e-01	   2.2220834311211660e-01	   3.2523372181974036e-01	   8.1263612366479748e-02	   1.2146156079912840e-02	   2.2850588665137331e-01	   3.8539645715358811e-01	   1.3959523601780005e-01	   2.2247184898173017e-01	   3.0446046584269987e-01	   2.5759071262454658e-01	   1.6220004695917015e-01	   1.2398008939487951e-01	   2.9728667341650034e-01	   2.9605097587705143e-01	   5.4407435214609556e-02	   8.9091058732598205e-02	   2.5210310675466885e-01	   2.0938525275399764e-01	   2.7622288209556603e-02	   1.0629749975329363e-01	   2.8689377116212694e-01	   2.4071527519713232e-01	   1.5043332507526738e-01	   2.1909235961100254e-01	   1.6244348370257386e-01	   2.3303447129057780e-01	   1.8543184098507789e-01	   2.5168442965697424e-01	   2.7454799565992460e-01	   2.6578398298928657e-01	   3.1377661541793722e-01	   2.3442250693088300e-02	   9.9823608288679491e-02	   2.4522980997008820e-01	   5.0853743276296459e-01	   5.3865127057145312e-01	   3.5450754406547480e-01	   2.2863662994033090e-01	   3.6579707964536790e-01	   4.4472269047576901e-01	   2.0555314970889876e-01	   2.0791100812641947e-01	   2.2642917937451898e-01	   1.4888614912902051e-01	   2.6477237858676961e-01	   2.8884498213863946e-01	   2.8212512401934120e-01	   1.3256699202139971e-01	   2.1821590988223011e-01	   1.6185474514142964e-01	   2.6618721190795597e-01	   1.5896406206988117e-01	   9.4018860785372610e-02	  -1.7623983148243500e-02	   1.4728354002483146e-01	   1.7360642726411421e-01	  -1.6063253897511878e-01	   2.3078305766387613e-01	   4.0385962330868519e-01	   4.5449469164773826e-01	   1.0492624728089301e-03	   4.6053885272051137e-01	   3.9486815915088747e-01	   4.6247620289808489e-01	   3.5425039419343163e-01	   3.0202293516762507e-01	   4.7704816528946964e-01	   2.5216114625826536e-01	   1.0243926139112117e-01	   2.3222366626625082e-01	   1.9596422039422090e-01	   2.1804092825015414e-01	   1.1460348541465551e-01	   2.0014047405945634e-01	   3.4148497344441581e-01	   2.6286639052440552e-01	   2.0689433537093621e-01	   2.8595011967997652e-01	   1.8717424376787889e-01	   1.9352737704804643e-01	   1.8185608626528071e-01	   1.0399315089344897e-01	   8.9694079466558260e-02	   1.7121415505054099e-01	   2.5019736995726199e-01	   1.6472031864767434e-01	   2.0638253189409467e-01	   3.3211963634108013e-02	   2.0721014732114840e-01	  -1.1540740819522322e-01	
   8.0847308553253616e-01	   7.9063243840141162e-01	   4.0251545494062496e-01	   7.3890073386519506e-01	   2.9759160723677497e-01	   6.5940883199107003e-01	   5.9310982575134119e-01	   1.0107559403143354e+00	   4.7603543673233484e-01	   5.8836772214064459e-01	   3.4692975904516082e-01	   0.0000000000000000e+00	   2.2807303560299594e-01	   1.3817008120748737e+00	   4.1028990052533409e-01	   8.6559404906374471e-01	   2.7311763561969910e-01	   3.8202551249045003e-01	   5.9231220495777959e-01	   6.8428485469522649e-01	   3.3687029168365001e-01	   5.5418048076750681e-01	   3.1199143240090171e-01	   6.0719227457438452e-01	   3.0815785498244852e-01	   4.5064216545974345e-01	   2.8110785708723274e-01	   3.2591834344312359e-01	   1.5307026713898730e-01	   4.2650540914917168e-01	   6.3534250953816118e-01	   7.9181353368242380e-01	   6.3135038897337836e-01	   9.2193251054264180e-01	   4.6025939218322420e-01	   5.7653120535564772e-01	   5.2134680318454407e-01	   3.9253041979776360e-01	   5.2173773042811677e-01	   5.5048303826279898e-01	   2.7204971633080255e-01	   3.5807446649337538e-01	   6.0626807890407541e-01	   5.7759464045079301e-01	   4.3407949505691201e-01	   5.8831558667140949e-01	   6.2080850781487418e-01	   6.2348672096798008e-01	   4.2264109103591740e-01	   6.7637404767909814e-01	   4.4589191966984210e-01	   8.2623955494888601e-01	   4.2417021582070558e-01	   4.3268898416391094e-01	   5.0461537013277247e-01	   5.8309019017211938e-01	   4.6303997347669018e-01	   3.7053805238425463e-01	   2.3234664706816688e-01	   4.1250154887071244e-01	   3.7489544023432236e-01	   8.4756315691012707e-01	   2.0593026483849255e-01	   4.3497827811493622e-01	   3.9473050674976623e-01	   8.7532989812579343e-01	   3.9546039551805384e-01	   7.0646200682470395e-01	   3.0165335196718862e-01	   2.9801531459468955e-01	   4.6026013934215626e-01	   6.4718486641932782e-01	   5.2330118846149398e-01	   5.0595173884018918e-01	   4.1568752540691767e-01	   5.1650389475969138e-01	   5.6410541163840899e-01	   6.7037014195065125e-01	   3.0570882103406904e-01	   2.0146277990772987e-01	   3.7509826537059610e-01	   4.5310557297629350e-01	   3.2866021194329698e-01	   4.4440246527612776e-01	   4.9884640786944245e-01	   8.1988888629530565e-01	   3.8121400879206119e-01	   6.4270158336622241e-01	   3.4025109677815546e-01	   6.6845882907525023e-01	   5.9636994776379315e-01	   4.6252423476682314e-01	   7.9749910466985519e-01	   2.5622161032942803e-01	   1.6343768111743923e-01	   1.4338536629166856e-01	   5.2311782734370349e-01	   4.0275262349610830e-01	   4.8125228145942700e-01	   4.7258243451263471e-01	   9.2410586724601207e-01	   3.0594471032366632e-01	   4.8989280056181911e-01	   1.8313019570717706e-02	   3.2071547106001119e-01	  -1.7320613689090231e-02	   4.9393414850955142e-01	   2.8170854686943014e-01	  -6.6668473263391592e-02	   5.0201854374883104e-01	   4.5337632120694149e-01	   3.9087316235384673e-01	   4.0791116384911796e-01	   1.6274726146941306e-02	   4.1983460929736127e-01	  -2.9454013777527810e-01	
   7.2803301947381449e-01	   1.2997290891097016e-01	   3.5301170769073809e-01	   3.2830108551740356e-01	   1.2870817095007275e-01	   2.8354969458297097e-01	   4.6839215662592282e-01	   4.5141447905025200e-01	   1.6480410114544564e-01	   3.2902500986432698e-01	   1.3991556633486035e+00	   2.2807303560299594e-01	   0.0000000000000000e+00	   4.8110816450801386e-01	   3.5866295343809490e-01	   2.2622269287161831e-01	   1.2742655094729283e-01	  -1.4178165858644748e-01	   2.2822926527441081e-01	   1.5170025314834956e-01	   2.7851339092581318e-01	   1.9290016141708549e-01	   1.8976601652283720e-01	   1.9563246526978773e-01	   1.9383273663107115e-01	   3.1702474708267298e-01	   1.4141365234241879e-01	   2.6195023056809924e-01	   1.3245313209931303e-01	  -1.5892606304621637e-02	   2.7108761822367466e-01	   3.7830499363578912e-01	   1.5491596579939992e-01	   1.7679734936533320e-01	   3.3430630382066456e-01	   2.2603957147170423e-01	   1.6582611954544152e-01	   1.5992142808225368e-01	   3.1191113412247223e-01	   2.6133971942977458e-01	   6.0832137642805109e-02	   7.5876281802954276e-02	   2.8727488383144689e-01	   2.3773363510153825e-01	   5.7492869294059820e-02	   1.0506120940870789e-01	   3.1247374927005861e-01	   2.6713096617499332e-01	   2.0117272627677552e-01	   1.7705770580480257e-01	   2.1610189981501202e-01	   2.0909044114788258e-01	   1.9872317871400291e-01	   2.6418758326254205e-01	   3.5190460884912900e-01	   3.0186641184098317e-01	   1.5352856199341997e-01	  -3.1191156930938827e-02	   4.8103941572921784e-02	   1.7823045769726728e-01	   5.9957899998575470e-01	   4.0207825124899732e-01	   3.6276632552781302e-01	   2.5925480552177987e-01	   3.6875329691046249e-01	   3.6400638237623395e-01	   2.2253157229139908e-01	   1.7334895033365488e-01	   2.0495324314119626e-01	   1.2589959097732351e-01	   2.4483285038452338e-01	   2.0208592594225921e-01	   3.1124726031001521e-01	   1.3938832027672221e-01	   2.8153657142318744e-01	   1.6276127980808275e-01	   3.0774972532568590e-01	   1.1943365603571139e-01	   5.5899352237305279e-02	   5.0327444971454390e-03	   9.6071156179079228e-02	   1.9409289652443970e-01	  -1.4947525044329826e-01	   1.4097382134420897e-01	   4.3306369843769149e-01	   3.8068526120698210e-01	   4.4127095305696539e-04	   3.4821605936801187e-01	   4.9916687527593889e-01	   4.4023446954986650e-01	   3.3806722972384190e-01	   3.2549403686563871e-01	   4.2895082214957747e-01	   3.6000853516100245e-01	   2.8331518251329907e-01	   3.1654585914661221e-01	   2.6074798898176249e-01	   3.1070826647835642e-01	   1.2467216802913625e-01	   2.1310973452234450e-01	   3.3408739858103065e-01	   4.0622681059649651e-01	   1.5131241444233531e-01	   3.9792850027940524e-01	   1.5950793433581181e-01	   2.5175605599445416e-01	   2.1307401877778850e-01	   1.9364758078207583e-01	   2.2010850613615984e-01	   3.0417238408262881e-01	   3.1695828067425141e-01	   1.8560103751673296e-01	   2.2667331624077489e-01	   1.5833765478859368e-01	   3.1293187623177038e-01	   3.6953604776317969e-02	
