   0.0000000000000000e+00	   3.0343286208609590e+00	   2.2685905101195472e+00	   2.7505588012330442e+00	   4.3826156542341754e-01	   2.7577233837922299e-01	   1.3569863518242702e+00	   1.2874964263119246e+00	   4.6884800803385601e-01	   2.4548532397208583e-01	  -1.4628707694537765e-01	  -5.3819154977348037e-02	  -2.0019084691531082e-02	  -1.0808888930411246e-01	   3.9001170626894949e-01	   2.6042929995642494e-01	  -2.4854908528863326e-01	  -2.4357655487614885e-01	   2.9108618230788701e+00	   2.5846885877944654e+00	   2.8440877136989856e-01	   2.8105165565317419e-01	   1.1031389125541788e+00	   1.1282689460451372e+00	   3.3847792559857137e-01	   2.1875386801216631e-01	   3.3897417407700142e-01	   3.3423359031875449e-01	  -6.4293105801707495e-02	  -8.9889212692066525e-02	  -9.9414961903788693e-02	  -1.3134581341363669e-01	   7.9179936049352373e-01	   7.1104013275018840e-01	   2.2937310824679741e-01	   1.9112832066513138e-01	   2.6179367354494110e-01	   2.7575646584846913e-01	   4.6415474651446664e-01	   3.3776891073399895e-01	   3.9965816554280503e-01	   2.8449228927607334e-01	   4.2361477684489224e-02	  -1.5928496033490161e-01	   1.2773331365158824e-01	   5.4210577808316907e-01	   3.5936726925058055e-01	   4.5125648258001888e-01	   7.2007749903971996e-01	   6.9495150772918302e-01	   8.9496587437569816e-02	   3.3927720837972367e-02	   3.4034598988860404e-01	   4.0714547126174050e-01	   4.5833133833149753e-01	   4.3609793381066109e-01	   3.1956138394306435e+00	   2.7863510434676386e+00	   2.7727256974904004e+00	   2.2770610377248328e+00	   1.1885439951289842e+00	   1.2329487910442012e+00	   3.9496866798823221e-01	   9.2750007583474436e-01	   1.0425632718272777e+00	   1.1476968211931977e+00	   2.5570156038310827e+00	   1.9629835521239534e+00	   1.9164829629248392e+00	   1.9592880546680504e+00	  -1.4814840074061100e-01	  -1.8670722947388160e-01	   1.0380202441059902e-01	   1.1688208839366529e-01	   2.3135977061606428e-01	   1.9450750157394264e-01	  -1.0808752304844771e-01	  -9.0597820423242215e-02	   1.5521732000225116e-01	  -1.9158049355420306e-01	   2.8580058397929566e-02	   2.8062339441165516e-02	   4.1458546357249609e-01	   4.1313080932205370e-01	   1.5825217600440886e-01	   9.0098890646964670e-03	   2.9929021396526873e-01	   3.1457930982322663e-01	   5.0718565316400133e-01	   5.1912154664574350e-01	   5.1472885326295237e-01	   6.7305794472750702e-01	   3.8365903431631260e-01	   4.5030555619370927e-01	   3.9662867476946634e-01	   4.7815577406462129e-01	   3.9676377921162070e-01	   4.2172648470188523e-01	   4.8595953118679502e-01	   4.5722521007305561e-01	   2.4420455087562798e-01	   4.1877636093453535e-01	   2.8619812704758729e-01	   2.9241377686402875e-01	   2.9523178080992812e-01	   2.0963433696236747e-01	   4.8524880709020463e-01	   4.6010064679143009e-01	   2.2647733099290629e-01	   4.7222698737338531e-01	   4.0954597059126358e-01	   4.4416134524916961e-01	   3.3810588504016303e-01	   2.2752035481115290e-01	   2.4892084491267930e-01	   2.2341153214209358e-01	
   3.0343286208609590e+00	   0.0000000000000000e+00	   2.4359790183630743e+00	   2.4901168035018615e+00	   4.4064442916860880e-01	   2.6071602142783867e-01	   1.4542113963040939e+00	   1.3458629931434232e+00	   4.6745065973954675e-01	   2.2421977648721170e-01	  -1.2400229704131741e-01	  -4.9668535096972562e-02	   1.2190688354989021e-02	  -9.0017754596788790e-02	   3.9895242783538826e-01	   2.6536986264164197e-01	  -2.1980888391605446e-01	  -2.1429359914638815e-01	   2.4454298342379253e+00	   2.2494613934863614e+00	   2.8469066257684639e-01	   2.8330330613249033e-01	   1.1779422211070665e+00	   1.2026866354453249e+00	   3.5025872421321275e-01	   2.1747216383658174e-01	   3.4956871897835851e-01	   3.3515542735044956e-01	  -3.4858476297796613e-02	  -6.7340797250243986e-02	  -7.9841034111764006e-02	  -1.1230194079834221e-01	   8.3578801071322739e-01	   7.4582851342869905e-01	   2.3051006072394492e-01	   2.0311561831262889e-01	   2.7340689303192328e-01	   2.8700049397392097e-01	   4.6498795702162682e-01	   3.4474783388436075e-01	   4.1963157528732264e-01	   3.0147397625131883e-01	   7.0487547413200957e-02	  -1.3196269120637213e-01	   1.3621213502997914e-01	   5.4986885536186136e-01	   3.6101050751193425e-01	   4.5205296374237303e-01	   7.6075252959113848e-01	   7.5761449447416895e-01	   1.1172305534209309e-01	   4.5608218283874478e-02	   3.4070922326342301e-01	   4.0720071645411260e-01	   4.5602612694711209e-01	   4.3045833896180069e-01	   2.9449095292858862e+00	   2.4778249894613116e+00	   2.5813180646439045e+00	   1.9524635857562402e+00	   1.2910692070174781e+00	   1.3038027796773641e+00	   3.4907113302888199e-01	   9.5293406479594867e-01	   1.0650306252949233e+00	   1.1875153320789171e+00	   2.3757118095957330e+00	   1.9530275201556084e+00	   1.7820246464274214e+00	   1.8125839262421468e+00	  -1.1319344114415049e-01	  -1.5107182535403274e-01	   1.2210416317022824e-01	   1.3367275458491035e-01	   2.3613719387960472e-01	   1.9688792413695871e-01	  -7.5398756579853898e-02	  -5.8492619740592951e-02	   1.7738140795950053e-01	  -1.6150968599690280e-01	   5.5280052688210506e-02	   6.0062548389479359e-02	   4.1881606841086871e-01	   4.2711066764145222e-01	   1.7501138421524221e-01	   2.3966528218471266e-02	   3.0028422710033664e-01	   3.1529641566731176e-01	   5.0706624320227800e-01	   5.1005626716848873e-01	   5.0791545983246134e-01	   6.6836553031529222e-01	   3.8420842900102281e-01	   4.4702840450966641e-01	   3.7110437621108655e-01	   4.4836011922977248e-01	   3.8700834644686283e-01	   4.1168592131684978e-01	   4.8443817390716148e-01	   4.5849374185973124e-01	   2.4634218517767670e-01	   4.0815449403680959e-01	   2.8311364366330888e-01	   2.9160400907704426e-01	   2.7928728301524142e-01	   1.9823315383702972e-01	   4.7535698256028458e-01	   4.4588441455033551e-01	   1.8619926402500611e-01	   4.4290429597483016e-01	   4.0028697380746453e-01	   4.3963653025410526e-01	   3.3374553227634257e-01	   2.1990029690703669e-01	   2.3941067541581523e-01	   1.8965854852655897e-01	
   2.2685905101195472e+00	   2.4359790183630743e+00	   0.0000000000000000e+00	   2.3841910056220827e+00	   4.8268953988259788e-01	   2.8613635855628866e-01	   1.7972558705601973e+00	   1.6034929802599116e+00	   5.2462941360632176e-01	   2.4032461775007247e-01	  -4.7306519743214481e-02	   1.7632982843114015e-02	   9.8526994421873917e-02	  -7.1727146758115441e-03	   4.3517746881859276e-01	   2.9334952073832793e-01	  -1.5041483341674752e-01	  -1.4352025104435825e-01	   1.9657054390425346e+00	   1.8712556444158233e+00	   3.0442619315323272e-01	   2.8227996551450385e-01	   1.4469457691878405e+00	   1.4320280371066614e+00	   3.8030073719431123e-01	   2.2483657888131681e-01	   3.7734312064182790e-01	   3.4221840517171953e-01	   3.4624955617212842e-02	   3.3691125820688467e-03	   1.0583949330228758e-02	  -2.4003651334382557e-02	   8.6337834715556872e-01	   7.6115115501764530e-01	   2.7469463828857699e-01	   2.5936053111649460e-01	   2.6610148956137397e-01	   2.9019531589782788e-01	   4.7593899751197938e-01	   3.5812060681267771e-01	   4.3296171982720477e-01	   2.8821672793289832e-01	   1.5238692353297711e-01	  -5.4095403826595931e-02	   2.0647295915399183e-01	   6.2438634217931599e-01	   3.4914361160846091e-01	   4.4713696916982870e-01	   8.5695890851701551e-01	   8.7725362180927591e-01	   1.9672449117877627e-01	   1.2580309806650924e-01	   3.2876888771923746e-01	   4.0732212090587971e-01	   4.4616151910506413e-01	   4.2234264605419425e-01	   2.2283248265651285e+00	   1.8722775229774888e+00	   2.3313986001665601e+00	   1.7117977028509526e+00	   1.4331975109754624e+00	   1.4529924546702444e+00	   3.0353180543265879e-01	   9.5089514684962018e-01	   1.1122478156599560e+00	   1.2714493814538519e+00	   2.4100210749989786e+00	   2.1933577108529438e+00	   1.5054087005682062e+00	   1.5457600116556682e+00	  -3.3663042238421190e-02	  -6.9630912077467660e-02	   1.3426276369175411e-01	   1.4221610708638058e-01	   2.1306671610335742e-01	   1.8645618127396182e-01	   6.9540495156399235e-03	   2.1403386618055419e-02	   2.2369822297962666e-01	  -8.6461132492658563e-02	   1.2997324976462127e-01	   1.3912345329882009e-01	   4.4886759641470086e-01	   4.5874515416805189e-01	   2.5231996827225422e-01	   1.0879824493638322e-01	   2.9092659351907513e-01	   3.2511054068344486e-01	   5.0439609068171443e-01	   5.2445310268542877e-01	   5.2146201958001348e-01	   7.1234066435630528e-01	   3.7439224925797987e-01	   4.7073052331633786e-01	   3.3690482372577280e-01	   4.5356912729350762e-01	   3.7228594251251623e-01	   3.8289396848062540e-01	   4.8594527126417447e-01	   4.4357815685193980e-01	   2.5600086650250886e-01	   4.0227273259125518e-01	   2.6893093632907505e-01	   2.7882603568240760e-01	   2.5329390733303025e-01	   1.6565019387676302e-01	   4.7609435297367503e-01	   4.2169039071287856e-01	   1.7999358102563787e-01	   4.0891172555363309e-01	   3.7131961915394962e-01	   4.1445641268450312e-01	   3.1602503262364995e-01	   2.0292272840897707e-01	   2.1014950017258369e-01	   1.5281419335135998e-01	
   2.7505588012330442e+00	   2.4901168035018615e+00	   2.3841910056220827e+00	   0.0000000000000000e+00	   4.4207690124441246e-01	   2.9123806365998361e-01	   1.4571246934067545e+00	   1.3812918046908820e+00	   4.8623516379952159e-01	   2.6257877007507935e-01	  -6.2748320113588912e-02	   3.4063473904201051e-02	   5.4286252640222327e-02	  -2.3501633014120123e-02	   3.7912273548237013e-01	   2.6433141109359171e-01	  -1.6353155434677527e-01	  -1.5754956628607106e-01	   2.4526216542631207e+00	   2.2823973687955412e+00	   2.7738297518921806e-01	   2.6355638910219947e-01	   1.2012296484457385e+00	   1.2292717302119553e+00	   3.3907072302692559e-01	   2.0323816719605114e-01	   3.5007288917333085e-01	   3.2761809554394505e-01	   1.5515366930149372e-03	  -2.1038459402174595e-02	  -1.8456523732133245e-02	  -4.5840520087305353e-02	   7.6526468196543129e-01	   6.8676875122489922e-01	   2.6070489775155264e-01	   2.4743815229703087e-01	   2.3616613988949231e-01	   2.5590912075187039e-01	   4.4840590865883612e-01	   3.3241626161701093e-01	   3.9997610969930114e-01	   2.7681623278860629e-01	   1.3063733031376834e-01	  -6.7558974186005566e-02	   2.1157990640849950e-01	   6.1845556765950027e-01	   3.2599075551449314e-01	   4.2769341668529531e-01	   7.9134156943041511e-01	   7.8506071566760316e-01	   1.8169734531772208e-01	   1.2726454082095884e-01	   3.1366300281457854e-01	   3.7490890684617051e-01	   4.2620913150484102e-01	   4.0723619602082112e-01	   2.6405047274510998e+00	   2.2703408227191568e+00	   2.5720442079038270e+00	   2.1716812790421485e+00	   1.1635182936730928e+00	   1.2159356571532904e+00	   3.3777490079378797e-01	   8.5606358559436080e-01	   9.7376495278654907e-01	   1.1357105408240431e+00	   2.8512776047918984e+00	   2.1801440101595544e+00	   1.7846697186137732e+00	   1.8798726011922353e+00	  -6.7879111549502422e-02	  -1.0114106012590139e-01	   8.9963341792635723e-02	   1.0435032139077829e-01	   1.8826484190034265e-01	   1.5890910742794648e-01	  -2.2644327300657095e-02	  -3.8980511740979449e-03	   2.0010825281297970e-01	  -1.0773311136090975e-01	   1.1426436230102158e-01	   1.0995867207250586e-01	   4.1898718010583547e-01	   4.2635858918362568e-01	   2.2073638088013067e-01	   9.6421697424973696e-02	   2.7227722571506296e-01	   2.9555729467432107e-01	   4.7208834851243991e-01	   5.0777587102949018e-01	   5.0930657667753554e-01	   6.8636752097320297e-01	   3.7143322399517886e-01	   4.5304670883388976e-01	   3.4486618102905892e-01	   4.6028409978662754e-01	   3.6349783283946940e-01	   3.7790421421625120e-01	   4.7039336314197877e-01	   4.2603703787061947e-01	   2.4318060905215097e-01	   4.1714862172521061e-01	   2.5787074163105517e-01	   2.4982670818235614e-01	   2.4462405178501007e-01	   1.5919228379686590e-01	   4.8244264803043491e-01	   4.3571753848925321e-01	   1.9959787988788136e-01	   4.1333583882185398e-01	   3.6479885562239811e-01	   4.1126209796668983e-01	   2.9907965614212145e-01	   1.9628104266734245e-01	   2.1068591592403946e-01	   1.7839657998775413e-01	
   4.3826156542341754e-01	   4.4064442916860880e-01	   4.8268953988259788e-01	   4.4207690124441246e-01	   0.0000000000000000e+00	   1.3795683392212492e+00	   4.5345967207996218e-01	   5.4746240772459021e-01	   1.3299174080364564e+00	   8.7271194348841774e-01	  -3.3595625523289563e-01	  -2.6066400772415443e-01	   3.3869206983697275e-02	  -6.7573774047064161e-02	   1.1978819265022131e+00	   1.0065771738760787e+00	  -4.3486867811434859e-01	  -4.0891745208498675e-01	   4.3112587183991258e-01	   4.4888919977080977e-01	   1.2149683385772025e+00	   1.1712378997718935e+00	   3.9252402261157326e-01	   3.5097815046171105e-01	   1.1460424460518390e+00	   1.0860458549902832e+00	   1.2168605386856672e+00	   1.1929579635434580e+00	   2.5991648655200811e-01	   3.5945434135557153e-01	   5.7298112077775860e-02	  -7.2105004494871991e-02	   2.7490999936391552e-01	   2.5357387282064736e-01	   6.7624910162284828e-03	  -1.1786907985780988e-01	   1.0399757459817844e+00	   1.0373098080070211e+00	   1.1947450830551070e+00	   1.0063179334094399e+00	   8.6178116326207932e-01	   9.6023138171219680e-01	   1.3003053575269474e-01	  -1.5670743352636562e-01	  -2.4788959667740591e-02	   3.5915352085845892e-01	   1.1491408124046127e+00	   1.2454280740616930e+00	   3.9702077342580305e-01	   1.6738811512697649e-01	   6.4025330852011203e-02	  -2.7321250932424945e-02	   1.2012131196279137e+00	   1.3305604764221257e+00	   1.1973076164329974e+00	   1.0694165724640605e+00	   4.1219381857199205e-01	   4.0995486274766446e-01	   4.5743378595086370e-01	   4.5457650875048278e-01	   4.3303250899073886e-01	   5.0589687712921405e-01	   1.9532903170615645e-01	   4.5825457680388865e-01	   5.6117824600396427e-01	   5.0664554819020902e-01	   4.6068924206916456e-01	   4.7573428656786931e-01	   4.2895416664757796e-01	   4.2007300096312766e-01	  -1.2252439155271688e-01	  -1.3121306035899469e-01	   7.6462984001967116e-01	   8.1399181355560279e-01	   7.3860647691764136e-01	   7.7321933043957969e-01	  -1.0741282279473367e-01	  -4.5680491645884669e-02	   1.9473498035377312e-01	  -2.2391434756655226e-01	  -7.6324044565304477e-02	  -2.5685755575856908e-02	   1.0457225657767075e+00	   1.0518375851029713e+00	   4.3130250443826557e-01	   3.2026356568993408e-01	   9.2133381189508079e-01	   9.7495122440277016e-01	   1.2126621912558577e+00	   1.2249696812529598e+00	   9.7628681373818171e-01	   7.8075927200034512e-01	   1.1020923145113550e+00	   7.9959285740230202e-01	   8.0432554690082059e-01	   9.6540357973171009e-01	   1.1080977021299760e+00	   1.0205452416406324e+00	   1.0871269788817541e+00	   1.1244964690637671e+00	   8.8951288876254320e-01	   8.2275257750741726e-01	   1.0545480787173036e+00	   8.7473814998871369e-01	   7.4529551709142661e-01	   6.5312755450151816e-01	   9.0963586480047509e-01	   7.7540234499152594e-01	   2.6951054499178151e-01	   6.9865475705650437e-01	   9.7698944396519738e-01	   1.0402153659260580e+00	   9.1965373761269498e-01	   9.3316600036781472e-01	   7.3952892521176039e-01	   4.3327683743713663e-01	
   2.7577233837922299e-01	   2.6071602142783867e-01	   2.8613635855628866e-01	   2.9123806365998361e-01	   1.3795683392212492e+00	   0.0000000000000000e+00	   2.5023222182272381e-01	   4.1331362897198831e-01	   1.0299100430084140e+00	   1.3884205128572791e+00	  -4.3214666192229845e-01	  -2.4797129552503630e-01	  -5.0232060553984728e-02	  -4.3074778947672469e-02	   1.0420352277508556e+00	   1.2629225784681464e+00	  -5.2121862273728836e-01	  -4.8641306630678272e-01	   2.7827212800751433e-01	   3.0072838197079149e-01	   1.0844408352241979e+00	   1.2139436468512486e+00	   2.0310174388838717e-01	   2.1683314233410311e-01	   9.6863222448882969e-01	   1.1470046923059789e+00	   1.0175245524263021e+00	   1.1090105723174932e+00	   2.5324393274544088e-01	   4.0792628296491679e-01	   2.0953999844668295e-02	  -9.8244657121638476e-02	   1.3241283119013833e-01	   1.3044235826761114e-01	   2.2060336353647875e-02	  -1.2891003065338863e-01	   1.1225350554086182e+00	   1.1177505632602043e+00	   1.2284603780410410e+00	   1.1458998862306218e+00	   9.5677588284974191e-01	   9.4682306309544595e-01	   5.9686444814148060e-02	  -2.0663460215084403e-01	  -1.9213858660603055e-02	   4.2068019493144909e-01	   1.2689919884294436e+00	   1.3499201093483475e+00	   2.8097613543409999e-01	   4.3301536126926173e-02	  -1.2346699355534951e-02	  -4.0024438466442984e-02	   1.2198225883577316e+00	   1.1827814140939581e+00	   1.2290656176508110e+00	   1.2316603226481755e+00	   2.4099988346963025e-01	   2.4479500773865809e-01	   2.8388286766279247e-01	   3.2279113848768604e-01	   2.5197096605654473e-01	   3.7868911987123166e-01	   2.1254952875004221e-01	   3.5831241635696742e-01	   4.4343661073450297e-01	   4.5965209146236724e-01	   2.9681381504794152e-01	   3.4021168905366611e-01	   2.7615707064802353e-01	   2.6117036780553393e-01	  -2.3446897665317251e-01	  -2.3579914655439349e-01	   8.7576009578734626e-01	   9.3221374302070614e-01	   9.5929927543704130e-01	   1.0238639536144247e+00	  -1.8685306331995724e-01	  -1.0632772328854517e-01	   1.0866141804193695e-01	  -3.0180471128313480e-01	  -1.5783834956968323e-01	  -1.2394912506562997e-01	   9.8385531307649188e-01	   9.6811459383553622e-01	   4.4546907243584671e-01	   3.7748902943741991e-01	   8.1582568753239260e-01	   9.9560114165870972e-01	   1.1246350546785036e+00	   1.2533053540104617e+00	   1.0570204176425400e+00	   6.7585305938760265e-01	   1.2053038607339472e+00	   8.0238755241011972e-01	   8.7393423337852238e-01	   1.2135757092455806e+00	   1.2078575973467753e+00	   1.1175674526795103e+00	   1.1622750085655020e+00	   1.2047061920089583e+00	   1.0226066344137734e+00	   7.8224237162001353e-01	   1.2612050904031094e+00	   1.0093290368887267e+00	   9.3883458192782754e-01	   8.5517722348079084e-01	   9.9827315256209803e-01	   7.3976137864059821e-01	   4.3226172059818002e-01	   7.9272959561487621e-01	   1.0705528453285660e+00	   1.1587608497620847e+00	   1.0920909738488924e+00	   1.2391965400237746e+00	   9.5043402905937335e-01	   6.8744423428749146e-01	
   1.3569863518242702e+00	   1.4542113963040939e+00	   1.7972558705601973e+00	   1.4571246934067545e+00	   4.5345967207996218e-01	   2.5023222182272381e-01	   0.0000000000000000e+00	   2.0191796133554818e+00	   5.3217309604031526e-01	   2.1484834466106775e-01	   1.2745461292228494e-01	   1.8339522438479491e-01	   2.5152424748063740e-01	   1.2062003165189181e-01	   4.0529725742167233e-01	   2.8116285174872924e-01	   2.7129132233135237e-02	   3.0061664268496210e-02	   1.1975880257237141e+00	   1.1479932138540245e+00	   2.6818301274567480e-01	   2.1839910928684864e-01	   1.7929141479733102e+00	   1.7217602991125611e+00	   3.2710252854333466e-01	   1.6473378536150979e-01	   3.2197877892544302e-01	   2.4855496504996036e-01	   2.0518880997744229e-01	   1.4297797540242618e-01	   1.0432851194327912e-01	   8.9359302450792030e-02	   1.0355230421689039e+00	   9.1305365862504417e-01	   2.3082381208234903e-01	   2.9820065471649138e-01	   2.0766101941557139e-01	   2.3321630701423504e-01	   4.2178128446271385e-01	   3.1028018974955096e-01	   4.0806836319869211e-01	   2.4903346890309161e-01	   3.3575213468289861e-01	   1.3894335003189001e-01	   2.5851929253368339e-01	   6.3881805129783520e-01	   2.8604972429226627e-01	   3.9196770344522280e-01	   9.5399497752370499e-01	   1.2049674501120389e+00	   3.6967481028123733e-01	   2.4629156748141695e-01	   2.7559778002436514e-01	   3.4389846199705038e-01	   3.7608430806146526e-01	   3.4685966691849440e-01	   1.3452885261225993e+00	   1.1820944598775451e+00	   1.4187195303438884e+00	   1.0935568258330897e+00	   1.7923508888396105e+00	   1.5639058383595537e+00	   2.0362662785183555e-01	   9.6780885603108713e-01	   1.0085270505717749e+00	   1.2341770474230169e+00	   1.4935707670364100e+00	   1.5842266815578787e+00	   9.5347438385201766e-01	   9.8695692598484530e-01	   1.3143454118590062e-01	   1.0099424828540393e-01	   1.6966726053522052e-01	   1.6416314222184630e-01	   1.4899322178282123e-01	   1.4209610327484137e-01	   2.0834876396689031e-01	   2.1686840187883324e-01	   3.5519408702164035e-01	   1.0296125515591503e-01	   3.0260175031536657e-01	   3.1240961361020164e-01	   4.2246683281739283e-01	   4.7808483971977928e-01	   3.2253133583621818e-01	   2.2509186635923994e-01	   2.0688900465611923e-01	   2.5976475381163233e-01	   4.1821994414231695e-01	   4.4817602155456171e-01	   4.8154417703494101e-01	   6.6206968792147625e-01	   3.2907615084540015e-01	   4.2493254164935262e-01	   2.1145462769261036e-01	   3.4728043276136045e-01	   3.0178744143073150e-01	   3.0224458497315387e-01	   4.4127520610988641e-01	   3.8234184643727831e-01	   2.5599779082216728e-01	   3.4948234425161900e-01	   2.2763155524532222e-01	   2.2421020737882186e-01	   1.6459515151089790e-01	   9.8710403473177832e-02	   4.4375862041480280e-01	   3.6898207387585774e-01	   7.5003760749045190e-02	   3.0322579630371516e-01	   2.9214813638286041e-01	   3.2971844151289675e-01	   2.4565635848356954e-01	   1.4467425485504612e-01	   1.4751581484110143e-01	   3.2867895074786546e-02	
   1.2874964263119246e+00	   1.3458629931434232e+00	   1.6034929802599116e+00	   1.3812918046908820e+00	   5.4746240772459021e-01	   4.1331362897198831e-01	   2.0191796133554818e+00	   0.0000000000000000e+00	   6.5434804420071002e-01	   4.3313913349956634e-01	  -5.8469506052514428e-03	   9.6147119724252439e-02	   1.5992009812985902e-01	   9.7981329418217925e-02	   4.7053278590551695e-01	   4.0452314473954171e-01	  -9.6790774296204848e-02	  -8.8264403649389228e-02	   1.1509390225888128e+00	   1.1276659868312255e+00	   3.2114180922611180e-01	   3.1308936028180284e-01	   1.4739306657047848e+00	   1.5632049295277755e+00	   4.2271748710182711e-01	   3.0043948607221405e-01	   3.5716376321092641e-01	   2.9420511540869820e-01	   1.6935853455456659e-01	   1.4923144846938033e-01	   7.4936508553971964e-02	   5.2060314126729859e-02	   9.7387416675167793e-01	   8.7019384597910610e-01	   2.8797048309245643e-01	   3.1608148791507140e-01	   3.3012836237517545e-01	   3.5114707822036317e-01	   5.5127484068383481e-01	   4.3401494663846879e-01	   5.3843736798632569e-01	   3.2457609649338470e-01	   2.5558381329117952e-01	   3.7362400207418323e-02	   2.4372629829173020e-01	   7.4600900781912272e-01	   4.0602675418648537e-01	   5.2313493419617252e-01	   9.0700779858668024e-01	   1.0674121946236266e+00	   2.7495750789830031e-01	   1.8761722962780003e-01	   3.8215975063630186e-01	   4.4145731931148213e-01	   4.9949857012576970e-01	   4.7912660956601988e-01	   1.2592973373696572e+00	   1.1036881392812576e+00	   1.3535331546552785e+00	   1.1027064937276831e+00	   1.7225843641355401e+00	   1.9475794714610180e+00	   2.4752680180816555e-01	   1.0498773497825935e+00	   1.0971752411614246e+00	   1.5382159887694675e+00	   1.4441215625576944e+00	   1.6927321568970441e+00	   9.2490394329980186e-01	   9.5029907748546460e-01	   3.4422966010923386e-02	   7.8290218270054730e-03	   2.5192024238028865e-01	   2.7488487212240048e-01	   2.8374001471466653e-01	   2.8045643524625119e-01	   1.1420150451056699e-01	   1.4831775610593959e-01	   3.0014093445816359e-01	  -1.4161330400245954e-02	   2.1309311669006933e-01	   2.0865941796066240e-01	   4.7583258452041560e-01	   5.4910738018490479e-01	   3.1672867091410761e-01	   2.1874989833876354e-01	   2.4703255474944721e-01	   3.4745719493834093e-01	   5.2867262714466445e-01	   5.9926561169761750e-01	   6.9263622171750738e-01	   8.3334572942024354e-01	   5.0147287984285704e-01	   5.8399127084460078e-01	   3.3450518755722120e-01	   5.1209203562992978e-01	   4.3729886466414636e-01	   4.4796177665175196e-01	   6.1909919288070303e-01	   5.3068202711009449e-01	   3.8491029433997676e-01	   4.9176914396120369e-01	   3.7260371624890931e-01	   3.4066966773539431e-01	   2.9496481738682495e-01	   2.1111164934251994e-01	   6.3886558999246690e-01	   5.2191218353413549e-01	   2.0506450837618043e-01	   4.4795271429613631e-01	   4.5141320005871877e-01	   4.6821450197070535e-01	   3.8928712758855893e-01	   2.8178744445246495e-01	   2.7822744831467905e-01	   1.4974949604985932e-01	
   4.6884800803385601e-01	   4.6745065973954675e-01	   5.2462941360632176e-01	   4.8623516379952159e-01	   1.3299174080364564e+00	   1.0299100430084140e+00	   5.3217309604031526e-01	   6.5434804420071002e-01	   0.0000000000000000e+00	   9.9650877329308007e-01	  -1.5545725517178863e-01	  -3.8508779328927607e-02	   1.7082661674104238e-01	   1.2787702443460164e-01	   1.2134178762754995e+00	   9.1845779224549629e-01	  -2.9637087488937691e-01	  -2.7128796701882085e-01	   4.5580402629023364e-01	   4.7875927748771441e-01	   6.6226249886006860e-01	   6.9187113425909152e-01	   4.5182892701229693e-01	   4.0843600895506238e-01	   8.4475191373559322e-01	   7.5482546484756008e-01	   6.1746091184059015e-01	   6.3775845041793411e-01	   2.9988892811282886e-01	   3.3533733009713229e-01	   1.8907454116910860e-01	   7.0514016163708837e-02	   2.6195162520318704e-01	   2.3268731614142218e-01	   2.1530216226868878e-01	   1.2939010834140927e-01	   7.5177672357525394e-01	   7.4731999350794709e-01	   8.9987697459403304e-01	   7.2609976822459898e-01	   7.5137961053662361e-01	   5.9489206189383870e-01	   2.0981798497651183e-01	  -6.5998228934320641e-02	   1.5150707952588333e-01	   5.2002867650944307e-01	   8.3774542805584218e-01	   9.9073772157712692e-01	   5.0961172717083747e-01	   3.0217401893318324e-01	   1.6887210051733664e-01	   1.2092868029093759e-01	   8.9760668285868095e-01	   9.7358562263251425e-01	   9.1059796265575577e-01	   8.4260804716137561e-01	   4.4517652088736859e-01	   4.1630184197079112e-01	   5.1618236398831641e-01	   5.0106962271898792e-01	   4.8410135021075501e-01	   5.6392638859817779e-01	   2.3154634598438850e-01	   4.4360522843767453e-01	   5.5824489238677688e-01	   5.6609059948357610e-01	   5.3189246526921985e-01	   5.6829698338444401e-01	   4.5478406076259503e-01	   4.5483049189154262e-01	  -2.9057440042978534e-02	  -2.0151098142394970e-02	   6.6693493460958397e-01	   6.7490807409783404e-01	   6.8465636813879605e-01	   6.9779284095766958e-01	   6.0012288047482159e-03	   6.3731549260510348e-02	   3.2611825760066598e-01	  -1.6553267054261322e-01	   6.3974334998829041e-02	   1.1218233890127841e-01	   8.1902024059835821e-01	   8.4411767925086467e-01	   4.7702896254804172e-01	   3.6947441181507479e-01	   5.1514610280526485e-01	   6.5458388809040013e-01	   1.0927840551280337e+00	   1.1818632360311856e+00	   1.1738967538351472e+00	   1.0943355848600660e+00	   1.0396614351071467e+00	   1.0642890027381193e+00	   7.0812816203010953e-01	   8.8884376804371457e-01	   8.6036412870345391e-01	   8.5762195319877543e-01	   1.1183874781350445e+00	   1.0364456833664610e+00	   1.0233150957119299e+00	   1.0622016301512964e+00	   9.5997692941294721e-01	   7.6712750508210270e-01	   6.4136646811602471e-01	   5.4317738675185567e-01	   1.0790945594741974e+00	   8.3854876489806984e-01	   3.9844302253289149e-01	   6.9721104318103178e-01	   8.0506060574006155e-01	   8.5723030231217223e-01	   8.2478128206198953e-01	   7.9970837989257282e-01	   6.2765864340830957e-01	   3.4739171776255551e-01	
   2.4548532397208583e-01	   2.2421977648721170e-01	   2.4032461775007247e-01	   2.6257877007507935e-01	   8.7271194348841774e-01	   1.3884205128572791e+00	   2.1484834466106775e-01	   4.3313913349956634e-01	   9.9650877329308007e-01	   0.0000000000000000e+00	  -3.8000427096750522e-01	  -1.7013097043377526e-01	  -5.4531018975021620e-02	   5.2071823554552289e-02	   7.7999263874058966e-01	   9.9878698047240122e-01	  -4.7578622777737400e-01	  -4.4652800800305648e-01	   2.4919038823201278e-01	   2.7838351627673125e-01	   5.6611538910138959e-01	   7.0579921122816758e-01	   1.5344907122043180e-01	   1.9752509777688265e-01	   6.5543542844619862e-01	   8.5534227765336091e-01	   5.1850948599830804e-01	   5.8191563994545104e-01	   1.5821815053550184e-01	   2.7362902702195102e-01	   4.4060697205228171e-02	  -3.3058794653328623e-02	   7.7827460011572508e-02	   7.9474077206462809e-02	   2.1823298525108992e-01	   8.5307142422920812e-02	   8.1314261257928244e-01	   7.8971634391863110e-01	   9.0230598630007719e-01	   8.3748247909623919e-01	   7.7437966218158616e-01	   5.7408187051289361e-01	  -5.5725868070110882e-03	  -2.3448238872464783e-01	   5.4572616062572153e-02	   4.9820641831988993e-01	   8.8648810617449358e-01	   9.7175557094001097e-01	   2.5448017248246346e-01	   7.3450779868562924e-02	  -4.5044141231572597e-02	  -7.5763927608092866e-03	   8.6959728849714235e-01	   8.2154985397460667e-01	   8.8611075025913943e-01	   9.2172590737983706e-01	   2.1697157550583304e-01	   2.0271590593365749e-01	   2.6266946668466018e-01	   3.1191048422046297e-01	   2.2704001629223403e-01	   3.9930677698355321e-01	   2.3883738673385396e-01	   3.2623024357731467e-01	   3.9639427791981313e-01	   4.8976552042890908e-01	   2.7911403155098302e-01	   3.4789867796775942e-01	   2.6134229457017455e-01	   2.4832199696744203e-01	  -2.5581982850859836e-01	  -2.3039106501520301e-01	   6.8130413320537309e-01	   7.7061611110476980e-01	   8.6316407862841960e-01	   9.3758941196095902e-01	  -1.9982909527076478e-01	  -1.0056984174482832e-01	   9.6922078867760428e-02	  -3.5672908185085217e-01	  -1.4766329660671215e-01	  -1.4102713844047324e-01	   6.0429966617602626e-01	   6.4945113437653090e-01	   3.2671674580603971e-01	   2.8264267774572127e-01	   4.5625051006884987e-01	   6.6881858091225621e-01	   8.7450299530054321e-01	   1.1070998772703666e+00	   1.1820741183127639e+00	   7.3904586719944509e-01	   1.1021839205356472e+00	   8.6758276762416997e-01	   7.9490722697198646e-01	   1.1063369030894010e+00	   9.2195165772029930e-01	   9.3861124055016631e-01	   1.0633746888575546e+00	   9.9178561961285139e-01	   9.2316085750136878e-01	   8.4006258996194771e-01	   1.0524824868505944e+00	   8.3646470971973441e-01	   9.0112430870090199e-01	   7.5671706029655628e-01	   1.0190100966275597e+00	   7.4818501889677125e-01	   6.1717561652719832e-01	   8.2537972276811644e-01	   9.1781885016126297e-01	   8.6951932396716858e-01	   8.7685653995712409e-01	   9.9242811090207550e-01	   8.1638426273837517e-01	   6.5535557910602604e-01	
  -1.4628707694537765e-01	  -1.2400229704131741e-01	  -4.7306519743214481e-02	  -6.2748320113588912e-02	  -3.3595625523289563e-01	  -4.3214666192229845e-01	   1.2745461292228494e-01	  -5.8469506052514428e-03	  -1.5545725517178863e-01	  -3.8000427096750522e-01	   0.0000000000000000e+00	   1.4056702357552431e+00	   1.2792358439715681e+00	   1.1059579638930144e+00	  -2.1308306668922458e-01	  -2.6220809578999432e-01	   1.8001243912011444e+00	   1.7780694523514844e+00	  -1.6710326463423730e-01	  -1.8503777719780409e-01	  -4.1645583730321178e-01	  -5.5628432354950497e-01	   2.4101583125376819e-01	   1.8684563901701981e-01	  -3.4674822430955365e-01	  -5.9948441342264991e-01	  -2.6510020069566631e-01	  -4.1917170457443143e-01	   6.9425118229666383e-01	   4.8147346033285521e-01	   9.3706243158492719e-01	   1.1036610380326071e+00	  -1.6076819072201051e-01	  -1.7489014764110111e-01	   2.7988591990158151e-01	   6.1678950166076119e-01	  -5.7492479390184825e-01	  -5.4160005169902892e-01	  -4.6778647433068682e-01	  -4.1920879290909607e-01	  -3.2330190824982885e-01	  -4.2629854147515817e-01	   1.0308207638316849e+00	   1.4106210739022060e+00	   8.1417147051574368e-01	   2.7616680432361507e-01	  -5.8500951352137864e-01	  -4.9187938533729902e-01	   3.7197099692656788e-01	   5.1469775789488459e-01	   1.2519309631326108e+00	   1.2566297475462429e+00	  -5.5774603112274879e-01	  -5.2639563359576291e-01	  -5.6030676548301095e-01	  -5.5525017232935292e-01	  -1.1140560480779785e-01	  -1.7983786180756384e-01	  -1.1934358801616204e-01	  -1.9620338463994161e-01	  -9.4815329151914374e-02	  -1.9444335574867772e-01	  -4.4163664358551102e-01	  -3.8026472066562100e-01	  -3.7588815941895687e-01	  -2.7364519354481531e-01	  -7.9733867087717486e-02	  -5.9783018123419317e-02	  -1.7352072846757988e-01	  -1.3602907174569048e-01	   1.2493841892152688e+00	   1.3371317200556319e+00	  -2.4888433194322071e-01	  -2.8262403510691503e-01	  -5.9665230051674101e-01	  -5.3475949628769404e-01	   1.2821637686448712e+00	   1.1223181583358839e+00	   6.7819394478702533e-01	   1.3105023865484791e+00	   1.3950620386251835e+00	   1.4304423167488727e+00	  -2.1856725141221231e-01	  -1.7083728734833972e-01	   4.6998056969869206e-01	   6.2898369849183955e-01	  -4.5594396976608442e-01	  -4.1592202477023033e-01	  -4.6697096606950772e-01	  -4.2013265698984242e-01	  -4.3405410911930614e-01	  -2.4365879714196265e-01	  -5.4739890758371834e-01	  -3.2509829157895470e-01	  -8.2694996051593639e-01	  -6.0715144564515455e-01	  -6.6798603722270322e-01	  -7.1480788425134989e-01	  -5.0238574191718033e-01	  -5.5641941555786234e-01	  -3.2169082556269296e-01	  -2.9029388829470126e-01	  -5.8408810160713986e-01	  -5.8152606550260777e-01	  -7.1769862079882640e-01	  -7.0260409227391940e-01	  -4.4084443304938037e-01	  -5.3833808583187948e-01	  -4.8331328401556722e-01	  -7.7626336830852694e-01	  -7.7212075765805688e-01	  -6.5379783013464665e-01	  -6.5936656674101723e-01	  -6.4527680086164652e-01	  -6.6278186974601516e-01	  -7.6099557100307746e-01	
  -5.3819154977348037e-02	  -4.9668535096972562e-02	   1.7632982843114015e-02	   3.4063473904201051e-02	  -2.6066400772415443e-01	  -2.4797129552503630e-01	   1.8339522438479491e-01	   9.6147119724252439e-02	  -3.8508779328927607e-02	  -1.7013097043377526e-01	   1.4056702357552431e+00	   0.0000000000000000e+00	   8.3496961826122718e-01	   8.4833379936954212e-01	  -1.2523536033111526e-01	  -9.9856340213862985e-02	   1.1314065491620036e+00	   1.1020306366917707e+00	  -8.7867794383244005e-02	  -1.0981135072138970e-01	  -3.4455666700523624e-01	  -4.7852461753833903e-01	   2.9340008032585096e-01	   2.6376048084868892e-01	  -2.3936431142450709e-01	  -4.5447940386674812e-01	  -2.1540959259429457e-01	  -3.5906763559098542e-01	   6.5318875721861036e-01	   4.6147001042507213e-01	   6.4104516395746880e-01	   7.2140638263114809e-01	   1.5006949103579572e-02	   2.4664779661853726e-02	   1.6960406298627514e-01	   4.9037840218818574e-01	  -4.4263300748627948e-01	  -4.2887338935825164e-01	  -2.8218816693926313e-01	  -2.8096085742831267e-01	  -1.9019521543613141e-01	  -3.3304958661317080e-01	   1.0352551796579887e+00	   1.2520817597920191e+00	   6.5950318444033929e-01	   3.3320363357851623e-01	  -4.0342752933846743e-01	  -3.0119980299657279e-01	   3.4042132456113422e-01	   5.5397875710554778e-01	   1.1146443951661180e+00	   1.0276390293188462e+00	  -3.8593810647199472e-01	  -3.9485454108161916e-01	  -3.7910846898640255e-01	  -3.4681395261036380e-01	  -4.1402452816495565e-02	  -9.1412480624499040e-02	  -5.2824332997954256e-02	  -9.7630976703871594e-02	  -2.7082996085137256e-02	  -1.1399990454353827e-01	  -2.4390087353200945e-01	  -2.0788409137599737e-01	  -2.3655324872183744e-01	  -1.0988189133623956e-01	   1.1858069144807592e-02	   3.6664241130380325e-02	  -1.2638710693383554e-01	  -8.2290786472703215e-02	   8.3695568261063980e-01	   9.1316823776586276e-01	  -1.6836663524575407e-01	  -1.9683993426864130e-01	  -4.3475103490853861e-01	  -3.8491009646122504e-01	   1.1409425252045484e+00	   1.0648974702258767e+00	   7.4519726436952460e-01	   1.0583247782108656e+00	   1.1571674913524719e+00	   1.1497163694596584e+00	  -6.9126506553395847e-02	  -3.7828951590219734e-02	   4.7171003563730374e-01	   6.9304681371929910e-01	  -3.4807983401085996e-01	  -2.6034977683905497e-01	  -3.5301779252493809e-01	  -2.4724823747562497e-01	  -2.6298564652649703e-01	  -1.1700627035789289e-01	  -4.1014787075240750e-01	  -2.3981811058055347e-01	  -5.7933200235923876e-01	  -3.8453183954607889e-01	  -4.4828195625640360e-01	  -4.4829043499962984e-01	  -3.2190225031044994e-01	  -3.6047711577975650e-01	  -2.2555343527687635e-01	  -1.6599231169466588e-01	  -3.7925333994403881e-01	  -4.2091227345159515e-01	  -4.8333837282037739e-01	  -5.0295408136999686e-01	  -2.3966271676987966e-01	  -3.4216909911772464e-01	  -3.1194308261652443e-01	  -4.8249977031323343e-01	  -5.1271791418990531e-01	  -4.5132605241898388e-01	  -4.3511176210308045e-01	  -4.2633515133476285e-01	  -4.0291630675612733e-01	  -5.2904036880626937e-01	
  -2.0019084691531082e-02	   1.2190688354989021e-02	   9.8526994421873917e-02	   5.4286252640222327e-02	   3.3869206983697275e-02	  -5.0232060553984728e-02	   2.5152424748063740e-01	   1.5992009812985902e-01	   1.7082661674104238e-01	  -5.4531018975021620e-02	   1.2792358439715681e+00	   8.3496961826122718e-01	   0.0000000000000000e+00	   1.6109645895541063e+00	   1.8526210774499285e-01	   1.1764818331564254e-01	   1.0079287488131325e+00	   1.0667438824873170e+00	  -2.7002017568687944e-02	  -2.8102028243719882e-02	  -6.9175336916161831e-02	  -1.3424708813925057e-01	   3.6022421977346164e-01	   3.0237746819245709e-01	   5.5382480993549149e-03	  -1.9800428007308468e-01	   5.4478108524546959e-02	  -4.0904273437385189e-02	   9.0877598538579996e-01	   7.1930708592100590e-01	   1.4963540654682645e+00	   1.5297746615816719e+00	  -2.2730973231907931e-01	  -2.7464058239644185e-01	   5.2655796085181106e-01	   7.7394441106259615e-01	  -1.6109436390142878e-01	  -1.2120413550666771e-01	  -1.0810989183124049e-01	  -4.1643841682847189e-02	   2.7176164491646130e-03	  -1.2381728262180944e-01	   1.0183052061298639e+00	   1.0069912127281802e+00	   1.0533853024757747e+00	   5.8429628143137824e-01	  -1.6961386876668827e-01	  -9.8600769440386246e-02	   7.0096183876304274e-01	   5.6579882124029690e-01	   1.3649446026736123e+00	   1.5131751804828693e+00	  -1.7853556587714015e-01	  -1.3958752630146737e-01	  -1.6408007649595821e-01	  -1.6285611894356067e-01	   1.6725580500466419e-02	  -7.2529001592696346e-02	   3.3171102920262562e-02	  -5.9498134497546283e-02	   3.7246546920542731e-02	  -1.7147576804076340e-03	  -4.1538411793240415e-01	  -2.8035178909432085e-01	  -1.7702436338745398e-01	  -8.2844970218768632e-02	   5.0783850829763458e-02	   9.4961115721949957e-02	  -1.1761843787185098e-02	   5.6476714042551510e-03	   1.1991521369090643e+00	   1.1980248655818488e+00	   6.9197313306624209e-02	   4.3396450794249308e-02	  -1.8578709025480045e-01	  -1.3559679979870840e-01	   9.9659614964736398e-01	   9.1937851897892564e-01	   7.3887939486670762e-01	   8.9964615241953227e-01	   1.2427713960333588e+00	   1.3902959357850893e+00	   7.1527652605463163e-02	   1.1400826675958514e-01	   8.0831662317744668e-01	   8.5524764050096969e-01	  -1.9776199722876114e-01	  -1.0831184116911147e-01	  -4.7791161715028188e-02	  -5.0383699703002285e-02	  -1.1429957318010359e-01	  -1.5998243671658040e-02	  -1.7321537258452163e-01	   1.0225717284939916e-02	  -4.2724427198481596e-01	  -2.0743924631521549e-01	  -2.6365530762219114e-01	  -3.1157133039272833e-01	  -1.4686957865485889e-01	  -1.6578735977807779e-01	   3.1729722621847360e-02	   1.6505406946792724e-02	  -2.0159731427451044e-01	  -1.8537661157201604e-01	  -3.0678996080019721e-01	  -3.4325628419750376e-01	  -1.4856853304696599e-01	  -3.0643855258427199e-01	  -2.9518597834276716e-01	  -4.0675100673978631e-01	  -3.5367930519689106e-01	  -2.4598204601380302e-01	  -2.4336529555992725e-01	  -2.4026258523526167e-01	  -3.1935496557858650e-01	  -4.4697156373405156e-01	
