   0.0000000000000000e+00	   1.6078497410533239e+00	   1.1780001735288843e+00	   1.3109761504388575e+00	   1.1717884126577989e+00	   1.1985622064644768e+00	   1.1531451045744716e+00	   1.1598574716104844e+00	   1.0700880604127649e+00	   1.1126391769590973e+00	   1.3086455034632447e+00	   1.2922173872961200e+00	   1.3172342062671460e+00	   1.3353237624062995e+00	   1.4486663941702438e+00	   1.3483893637849287e+00	   1.0584930337033374e+00	   7.1012369635293215e-01	   1.6100633108194795e+00	   1.3500351936482635e+00	   8.9758817732454443e-01	   9.6505066503194015e-01	   1.1436704405767510e+00	   1.3021604721643250e+00	   1.2225463097021059e+00	   1.3958599102000553e+00	   1.2131944304070994e+00	   1.3067035173566042e+00	   5.8945780228253253e-01	   6.0852897128149075e-01	   6.4190348635084415e-01	   6.8197142489051676e-01	   1.1690409993918720e+00	   1.2371313377220476e+00	   9.2021082294056344e-01	   1.1912252050244836e+00	   5.8938363028030205e-01	   1.0828563930384647e+00	   9.3588441340605277e-01	   1.1657390788120279e+00	   5.5256113435418353e-01	   8.4689937890440348e-01	   1.3744631651386559e+00	   1.3781809543041570e+00	   1.3358031548565146e+00	   1.4359168674055032e+00	   1.3017332773569419e+00	   1.4704506396910175e+00	   1.2074535759326157e+00	   1.3259184311260512e+00	   9.1077746264324611e-01	   1.0208970951630449e+00	   8.9938663130400487e-01	   9.6460712818937810e-01	   8.9759490981701551e-01	   8.9344746238641193e-01	   1.4727803562444959e+00	   1.5796613928485626e+00	   1.2971256791772738e+00	   1.2788739564398033e+00	   1.2362962325969931e+00	   1.0465383350480575e+00	   1.0667785356026516e+00	   1.1087509668076851e+00	   6.0345935493990144e-01	   7.0511931881361756e-01	   1.2474626307569616e+00	   1.2421605013363171e+00	   1.1661874422113889e+00	   1.0969281834443567e+00	  -9.5656032413340975e-02	  -2.9942722116108228e-01	   5.3830503581866385e-01	   5.6816671276386133e-01	   4.8226809872192788e-01	   5.1941563220890130e-01	   5.7658633494832878e-01	   6.4022031734893181e-01	   6.2220341352074804e-01	   6.7378209399634958e-01	   1.0214064139266286e+00	   9.9898851359079865e-01	   1.3688218190161148e+00	   9.6862368913959374e-01	   1.2466829838187461e+00	   1.1427199905590442e+00	   1.1546421596348262e+00	   1.3942812038031955e+00	   8.3560031752445119e-01	   9.8093210381439999e-01	   4.4819884283834310e-01	   5.8364175432373644e-01	   1.8540117248348700e-01	   4.2097816162209883e-01	   6.5289850546179662e-01	   2.1324657240347383e-01	   1.3614200067070514e+00	   1.2917417806320528e+00	   1.0751865501948350e+00	   9.8295561900905370e-01	   7.5670936977133774e-01	   4.3166731386799928e-01	   6.7526510151311958e-01	   5.8893041345329478e-01	  -2.9554931305390203e-01	  -4.2264484930865520e-01	   5.1148753973668315e-01	   2.9059900794003568e-01	  -7.6248050416991175e-02	   1.0786400687591875e+00	   1.3988166304372958e+00	   1.1900556224423871e+00	   5.1500103826744992e-01	   8.2125900005715913e-01	   3.5039504762264882e-02	  -3.8307933093490831e-01	
   1.6078497410533239e+00	   0.0000000000000000e+00	   1.0209271349722089e+00	   1.1223385472378187e+00	   1.1021416756604765e+00	   1.1187478327180447e+00	   9.4054681001112672e-01	   1.0864688725387008e+00	   9.7553401057273104e-01	   1.0639973717400411e+00	   1.0576345989470801e+00	   1.3110003564676378e+00	   1.0590219139929240e+00	   1.1688743123174774e+00	   1.3725249887128614e+00	   1.2226662675021551e+00	   1.1998362957584781e+00	   8.7789872724268492e-01	   1.6453496831441243e+00	   1.4290171811160171e+00	   9.0032815817398704e-01	   1.0037233008387207e+00	   1.1183966661320677e+00	   1.1445744593376397e+00	   1.1692349893589462e+00	   1.2650298558257203e+00	   1.1311455433301627e+00	   1.0834339991079707e+00	   7.0049035587432962e-01	   7.6657000903141270e-01	   6.8431020708374490e-01	   7.5199116985974734e-01	   1.2188553752143378e+00	   1.3772238224242288e+00	   8.5103360759430047e-01	   1.0008464720947550e+00	   5.8230188178384634e-01	   1.0985063919723406e+00	   9.3319372474076623e-01	   1.1860025868460633e+00	   5.9126464419468538e-01	   1.0027728634843951e+00	   1.1842410608644112e+00	   1.1670121399714772e+00	   1.0871748458992161e+00	   1.1823887102707547e+00	   1.1185215339252959e+00	   1.2385171032670264e+00	   1.0890233305435295e+00	   1.1224969764247283e+00	   8.3003993350730809e-01	   9.1815485226431681e-01	   7.8501301667889156e-01	   8.7175640352512773e-01	   8.2948605938460296e-01	   8.8623656252561256e-01	   1.6572505074332355e+00	   2.0994906033710392e+00	   1.0215905656627655e+00	   1.1369606543490525e+00	   1.0057477848557299e+00	   1.0126905919792042e+00	   1.0255232774949714e+00	   1.1737158381664687e+00	   5.5123371541652044e-01	   5.6770814713102580e-01	   1.1204185363845482e+00	   1.1298514897191467e+00	   1.1262737771356470e+00	   1.0370382748284515e+00	  -8.4509564022515790e-02	  -2.5917762026250074e-01	   6.2787429965431385e-01	   7.2413978416960167e-01	   5.2494921703560238e-01	   6.3266876115462800e-01	   5.3188644972770127e-01	   6.3976356484466113e-01	   7.5503240377600112e-01	   8.3555893164808959e-01	   1.1238538297710754e+00	   1.1266527801613151e+00	   1.4283343847128189e+00	   1.0240639322758405e+00	   1.1687228764532220e+00	   9.9093833447951241e-01	   1.0547552244125906e+00	   1.1521382652398566e+00	   7.4407447169930629e-01	   8.1148519860051582e-01	   3.3805274338406266e-01	   4.6576323083395899e-01	   9.8122697491756061e-02	   2.9089231543432764e-01	   5.5300929443909219e-01	   9.7117192249416520e-02	   1.1642262651187856e+00	   1.0594274809229483e+00	   9.3505863536022371e-01	   8.1750008585780032e-01	   5.4198775595033433e-01	   2.4455448228694548e-01	   6.4715396524457613e-01	   4.5552848215336195e-01	  -3.0650970193157906e-01	  -4.4692578500520019e-01	   4.2466403182132229e-01	   1.0960680521721815e-01	   7.3140647782060164e-03	   8.5494512409979351e-01	   1.0650436556109193e+00	   9.6211648613223999e-01	   3.9688180170671916e-01	   6.8845680624312278e-01	   1.1395698863574884e-02	  -4.1817147174791314e-01	
   1.1780001735288843e+00	   1.0209271349722089e+00	   0.0000000000000000e+00	   1.5019955539809491e+00	   1.7660299346950137e+00	   1.3705581693031454e+00	   1.9386452357421264e+00	   1.3083956672951307e+00	   1.6914088278179640e+00	   1.4364190817163822e+00	   8.8770728216888761e-01	   9.5315603856872144e-01	   1.1919322896543285e+00	   9.9791604039834358e-01	   1.1708752900510966e+00	   1.1133838658275024e+00	   6.5518528903329765e-01	   5.1600834176775623e-01	   1.2328915294930276e+00	   1.0498829383902577e+00	   7.8767433456432945e-01	   8.1835548835639826e-01	   1.3324641347832706e+00	   1.2406465494823837e+00	   1.0604175782220144e+00	   1.2290548378479893e+00	   1.1349616025787570e+00	   1.1820704216294107e+00	   3.7248202610873893e-01	   4.2470230243741391e-01	   6.8815752684966702e-01	   6.1823869615234750e-01	   8.9340367775104346e-01	   9.4780293389938508e-01	   1.2323673547560325e+00	   1.1629890350442698e+00	   4.6589655566625299e-01	   8.4819932775476092e-01	   8.5015925252743796e-01	   9.8400251597488064e-01	   3.9871096091224523e-01	   6.8995740484561119e-01	   1.3554494594808968e+00	   1.1998810912785409e+00	   1.3563901743987066e+00	   1.3787060811866967e+00	   1.1180921705062479e+00	   1.1695343055965961e+00	   1.0184000003917753e+00	   1.1109122970730292e+00	   1.0550636285405133e+00	   9.7224084111463371e-01	   7.8224277092768046e-01	   9.6036666406816629e-01	   8.4372512218292894e-01	   8.7453741905841254e-01	   9.8732298252663409e-01	   1.1047665575412544e+00	   1.1399795321743540e+00	   1.2068836476739140e+00	   1.1088259079568030e+00	   9.1651634880883670e-01	   7.6844481670768083e-01	   8.3240973083924030e-01	   9.2808230896011468e-01	   7.4964175494869589e-01	   1.3105253253420395e+00	   1.3144282807577983e+00	   9.5579498173029642e-01	   1.0392446690543395e+00	  -1.4094165619266597e-01	  -3.1740519772581999e-01	   4.0960702338513433e-01	   4.0796081229584363e-01	   4.2148218131361104e-01	   4.4424132436440850e-01	   7.3005828840338527e-01	   7.2138410430889788e-01	   5.5338632839151880e-01	   6.6124357628929620e-01	   8.7994695177393989e-01	   8.9014445136664999e-01	   1.0603843949708918e+00	   7.9292766953014271e-01	   1.1438657600214910e+00	   1.2106672051174232e+00	   1.2294955671858498e+00	   1.2348013186031623e+00	   9.9690638385715602e-01	   1.0368020455220652e+00	   5.6916247865114433e-01	   7.3574817628562617e-01	   3.5938747541848881e-01	   6.0417856147650240e-01	   6.3264767383442955e-01	   2.8202083867487676e-01	   1.1741526207779733e+00	   1.0668231820538252e+00	   1.1223910252391613e+00	   1.0531555910298440e+00	   9.9306597490976001e-01	   3.9185357394972575e-01	   1.0240776090270709e+00	   6.9471239266460938e-01	  -2.2146340065202688e-01	  -3.1618936564501693e-01	   7.3220742588234733e-01	   4.3510983100267875e-01	  -8.2593934312735262e-02	   9.2645535445497240e-01	   1.2303515542977221e+00	   1.2163634944526638e+00	   6.8435616338551220e-01	   9.7796615341395210e-01	   1.2932558165325519e-01	  -2.9834746503760518e-01	
   1.3109761504388575e+00	   1.1223385472378187e+00	   1.5019955539809491e+00	   0.0000000000000000e+00	   1.2344145414813716e+00	   1.9892300413970274e+00	   1.4173930753703690e+00	   1.9171762382542332e+00	   1.2962611780526341e+00	   1.4919321509041317e+00	   9.7496122175010502e-01	   1.1906855257196800e+00	   1.1400046255067968e+00	   1.3999580947895438e+00	   1.1698232322240179e+00	   1.2913858300218666e+00	   7.2501647689508153e-01	   5.3943255564105952e-01	   1.2202365356855660e+00	   1.2305491088423068e+00	   6.9414459644651960e-01	   9.1893489142402318e-01	   1.0477642689430746e+00	   1.5266779804525754e+00	   9.4037374328047785e-01	   1.2338615879321086e+00	   1.1214000810566382e+00	   1.3738550596978627e+00	   3.6070843223862209e-01	   4.1467548505873875e-01	   5.5664710383146498e-01	   6.1316061198140237e-01	   9.2208838026561202e-01	   1.0713306676659551e+00	   1.0476811058921496e+00	   1.2839877598610836e+00	   4.8127935732255411e-01	   9.3823774495487766e-01	   9.0120455292000801e-01	   1.1380034746776966e+00	   4.3340372088127765e-01	   7.1633314041807228e-01	   1.3572415101172308e+00	   1.2964748153474928e+00	   1.3172200150724636e+00	   1.4085543459263901e+00	   1.2702373061744825e+00	   1.3964569585029067e+00	   1.0294860108730539e+00	   1.3018871788722812e+00	   9.4866571617113249e-01	   1.1358886119706815e+00	   7.8692786669679848e-01	   9.2417677910728935e-01	   8.7742785730972517e-01	   9.4461714347757553e-01	   1.1420699591092858e+00	   1.2236860772355951e+00	   1.1371450454990228e+00	   1.2797633963157455e+00	   1.0457567509385295e+00	   1.0488366403999585e+00	   7.8074943333814906e-01	   8.7878930312485615e-01	   7.1431390510756165e-01	   9.5633816443569453e-01	   1.2113437831766776e+00	   1.4332393310198754e+00	   9.9829644744936541e-01	   1.0030768234833993e+00	  -8.5123159158126516e-02	  -2.5472758356485803e-01	   3.7298534497086117e-01	   3.9972837337641054e-01	   3.5176986475758992e-01	   4.0576648454749537e-01	   6.9599073513417475e-01	   7.4483961814720945e-01	   5.4212339361653239e-01	   5.8490507037843664e-01	   9.0320458594718467e-01	   8.6728949847154246e-01	   1.0347474326890396e+00	   8.7814809737895816e-01	   1.1253434848479198e+00	   1.3134792408049258e+00	   1.0667400863312835e+00	   1.3785530982131660e+00	   9.6280294484498152e-01	   1.2250671537665219e+00	   4.7814230300327620e-01	   6.2340557311316225e-01	   2.9466038108329690e-01	   4.9765571335307157e-01	   6.8143230794924059e-01	   3.2519358218799860e-01	   1.2618945829236679e+00	   1.2015138905092988e+00	   1.1563509948535393e+00	   1.0457693654987010e+00	   1.0053588157505944e+00	   3.7967490452615515e-01	   8.8687534448567651e-01	   6.4016640703480809e-01	  -2.9225699824653795e-01	  -3.9259222852769948e-01	   7.2553627323223313e-01	   4.4334883104591305e-01	  -6.8409970696884440e-02	   9.6504405588565811e-01	   1.2980140696333258e+00	   1.2444153905876161e+00	   5.7145829118659375e-01	   8.3996267431284144e-01	   2.8292121181572712e-02	  -3.7784964384737529e-01	
   1.1717884126577989e+00	   1.1021416756604765e+00	   1.7660299346950137e+00	   1.2344145414813716e+00	   0.0000000000000000e+00	   1.2063372731651005e+00	   1.6514702021727892e+00	   1.1334665411661713e+00	   1.8186706391058700e+00	   1.3864523940443512e+00	   8.9617915057098563e-01	   9.8176325799970043e-01	   1.1297325571161096e+00	   9.4008056449464461e-01	   1.2471538249454062e+00	   1.2161985227657344e+00	   7.6932483626645731e-01	   6.4811239510885554e-01	   1.3594083463425022e+00	   1.0996576092651884e+00	   9.4295417106202584e-01	   9.3336836923628530e-01	   1.3923966916123289e+00	   1.1564518818663383e+00	   1.1976967930036104e+00	   1.3287593676742788e+00	   1.0445253390845040e+00	   1.0686016581079281e+00	   5.1701119572525522e-01	   5.6592161889321413e-01	   7.9991884739565833e-01	   6.9589039785323326e-01	   9.9950584119470831e-01	   1.0123226734859281e+00	   1.1251075158446020e+00	   1.0347011284612131e+00	   6.3449781618611933e-01	   1.0112754683751921e+00	   9.1596744008324427e-01	   1.0210809305719313e+00	   5.3740132841192212e-01	   8.2289108237765785e-01	   1.3673478495174345e+00	   1.2552901739641795e+00	   1.3494588253016464e+00	   1.4271776278106907e+00	   1.1563917138683570e+00	   1.1645859355650241e+00	   9.9154293117001657e-01	   1.0665572238039651e+00	   1.0195598733128786e+00	   8.9814347854345522e-01	   7.8921803427002968e-01	   9.8075816412919870e-01	   8.2394688649677172e-01	   8.3710959262910190e-01	   1.0721938391687986e+00	   1.1581414986182936e+00	   1.1201582663036633e+00	   1.1479738828604826e+00	   1.0286323267636874e+00	   8.1886851109724412e-01	   8.6634508775074237e-01	   8.3939482457974235e-01	   7.9876684394953013e-01	   5.9378137323279934e-01	   1.3993643737305397e+00	   1.3566179697382577e+00	   1.0491552648639830e+00	   1.1202021159063096e+00	  -1.4868440971520930e-01	  -3.4318964334746876e-01	   5.0568389353386500e-01	   5.2121652234623972e-01	   5.0317573893390177e-01	   5.6327444436396346e-01	   8.2165658953037535e-01	   7.5853067905005378e-01	   6.7379969180208155e-01	   8.4493067097815311e-01	   1.0753811319659170e+00	   1.0123659444490511e+00	   1.2317181901531589e+00	   8.9065675550928081e-01	   1.2170109187132967e+00	   1.2343944073107656e+00	   1.1647055089716443e+00	   1.2312961462254179e+00	   8.4706695916113128e-01	   9.2625166249814395e-01	   5.7433210374984178e-01	   7.9720266737690682e-01	   3.6900736654789890e-01	   6.1565715248703690e-01	   6.8723856270149164e-01	   3.3170094872062178e-01	   1.2375010830996549e+00	   1.0641893884528557e+00	   1.1171344284958789e+00	   1.0403300576549765e+00	   8.0825160335095791e-01	   4.4066880240039563e-01	   1.0365932294402109e+00	   7.2464674982020627e-01	  -1.7280587827695906e-01	  -2.6808882935487061e-01	   6.6886070250520413e-01	   3.9397033525919806e-01	  -4.5076145874270529e-02	   9.4148592683163801e-01	   1.3215011497508662e+00	   1.2607627389127427e+00	   6.5539944928219862e-01	   9.9210136683772787e-01	   1.6750687340546763e-01	  -2.6346222088327637e-01	
   1.1985622064644768e+00	   1.1187478327180447e+00	   1.3705581693031454e+00	   1.9892300413970274e+00	   1.2063372731651005e+00	   0.0000000000000000e+00	   1.3562241315216494e+00	   1.7452452746642222e+00	   1.3281700488986938e+00	   1.5923143519345988e+00	   1.0207975617183511e+00	   1.2195127275165965e+00	   1.1712576600971518e+00	   1.3584884234585448e+00	   1.1678124300256463e+00	   1.2393156727054102e+00	   7.6886072712530895e-01	   5.9736886287815805e-01	   1.2324786619100006e+00	   1.2302906707780359e+00	   7.1017693275161164e-01	   8.9575667804140491e-01	   1.0800305525739187e+00	   1.5284726529904085e+00	   9.5602839072904522e-01	   1.2459780300256951e+00	   1.0874028082777094e+00	   1.2876803423550116e+00	   4.0603442306167631e-01	   4.4881484266548566e-01	   5.5684478155885964e-01	   6.0091053222778745e-01	   8.9021708596361460e-01	   1.0550496570378045e+00	   1.0094910036703109e+00	   1.2597455192818101e+00	   4.5395734831795159e-01	   9.4832358616763945e-01	   7.9139316380009272e-01	   1.0367153579680193e+00	   3.9288595378440072e-01	   7.0580320140272768e-01	   1.3457130390943166e+00	   1.2652333535597677e+00	   1.2064442802031530e+00	   1.3044605611762170e+00	   1.2189506020217027e+00	   1.3007947358676708e+00	   9.5309525090062130e-01	   1.2802687135375219e+00	   9.3288945138836110e-01	   1.1248656868156450e+00	   7.8905121668076794e-01	   9.0138237106416097e-01	   8.1037616102827736e-01	   8.7068020577838268e-01	   1.1416100356044079e+00	   1.2496529962568135e+00	   1.1346076457296379e+00	   1.2878668923229515e+00	   1.0310723852830710e+00	   1.0913145713173567e+00	   7.3942461649774249e-01	   8.2781603035489260e-01	   7.3627481531937666e-01	   1.0192907398615083e+00	   1.2441273739868719e+00	   1.4373114670602125e+00	   1.0525403177402926e+00	   1.0620026981687021e+00	  -6.7516256058410495e-02	  -2.3367889258371177e-01	   3.8212229777883500e-01	   4.2771567018088352e-01	   3.5320220001698460e-01	   4.2263195687632338e-01	   6.8193228038454656e-01	   7.4116466845216245e-01	   5.9462640443298509e-01	   6.5983708684507558e-01	   9.3013719749560353e-01	   8.8763351157149994e-01	   1.0328072690301506e+00	   8.7752866973405697e-01	   1.1896650210137620e+00	   1.3569077280467736e+00	   1.0182721298954640e+00	   1.3463401135987891e+00	   9.3882184112318012e-01	   1.2853832560893343e+00	   5.2687534378330836e-01	   6.7455207456801469e-01	   3.6462011962048579e-01	   5.3627875398570202e-01	   6.6586308966568475e-01	   3.4264184767337080e-01	   1.1131995671635031e+00	   1.0499667973167444e+00	   1.1259043764859338e+00	   9.9078532002343367e-01	   1.0131723241800579e+00	   3.8321771727859927e-01	   8.5336065496448832e-01	   6.2999476285911615e-01	  -2.0138901449165539e-01	  -3.1898767358023011e-01	   7.9615519798488121e-01	   4.2717380402203897e-01	  -1.3643018395616919e-02	   9.8269862437618638e-01	   1.2593939360709807e+00	   1.1986269317881408e+00	   6.1521900337509650e-01	   8.9045706186219098e-01	   7.8925665632738923e-02	  -2.8396241638390951e-01	
   1.1531451045744716e+00	   9.4054681001112672e-01	   1.9386452357421264e+00	   1.4173930753703690e+00	   1.6514702021727892e+00	   1.3562241315216494e+00	   0.0000000000000000e+00	   1.4061149275967328e+00	   1.7945884469298663e+00	   1.5264705222351409e+00	   9.3111498759562172e-01	   9.6068562900913568e-01	   1.2205095464858415e+00	   9.9240529870737593e-01	   1.1210334593696556e+00	   1.0492402778586145e+00	   6.3387457525001567e-01	   5.1196337211405574e-01	   1.2108118913715424e+00	   1.0746357194011900e+00	   7.6765336051813715e-01	   7.9216023728427853e-01	   1.1449381699354484e+00	   1.1469420000941306e+00	   9.4533660526315644e-01	   1.1248554638222359e+00	   9.1578192174010586e-01	   1.0268544425903514e+00	   3.9676169242449200e-01	   4.2061202719326962e-01	   7.4709868052071859e-01	   6.4839283116965263e-01	   9.4871603689975359e-01	   9.9807105301621046e-01	   1.1599805865970199e+00	   1.0787482135573854e+00	   4.3721317471038346e-01	   8.4766473713827217e-01	   7.1693697398912171e-01	   8.7433803316065073e-01	   3.6854021274512933e-01	   6.9579895975336503e-01	   1.4286969662361833e+00	   1.2757256395492880e+00	   1.4365630911362441e+00	   1.3758407225414353e+00	   1.1886704020989072e+00	   1.1887686498977326e+00	   9.3026799909928481e-01	   1.0702017178347762e+00	   9.6546156134808903e-01	   8.8793661518805400e-01	   7.1032633082358287e-01	   9.3201143052915625e-01	   7.2717378781748421e-01	   7.9498874801364861e-01	   9.4069862984361940e-01	   1.0278356922053824e+00	   1.0575808207356929e+00	   1.0922476538675059e+00	   9.5967194347349594e-01	   8.2077554198399738e-01	   7.2942551624924712e-01	   7.8512125406001765e-01	   8.7190589111874028e-01	   7.0429431224857963e-01	   1.2864584367721130e+00	   1.2947810890112517e+00	   9.7401794803627129e-01	   1.0332037478338381e+00	  -9.5549155784439690e-02	  -2.8100423746044023e-01	   4.4180016579461717e-01	   4.3967268396276488e-01	   4.6339061447374219e-01	   5.0113371716595256e-01	   8.2834190201211255e-01	   8.2092694482894712e-01	   5.4034755125283285e-01	   6.8015965918989496e-01	   8.5209019685027954e-01	   8.6836192194027972e-01	   1.0522054504816687e+00	   8.2934688028406445e-01	   1.0697758440982006e+00	   1.2352492303873484e+00	   1.0904712994223240e+00	   1.2693177770389519e+00	   7.9185948985371402e-01	   9.1915440738487941e-01	   5.8365558742865975e-01	   7.7809579692464959e-01	   4.4026930706436651e-01	   6.4254402146581646e-01	   6.8744229397086609e-01	   3.1387732291226833e-01	   1.1728652626989406e+00	   1.0457546676162233e+00	   1.1137508853597036e+00	   1.0420285422228333e+00	   9.9165614385432699e-01	   4.7456756129348709e-01	   1.0177634903990620e+00	   7.1903036866244285e-01	  -2.3069972970001679e-01	  -3.1682331619530679e-01	   7.0754320302463436e-01	   4.4524571290884418e-01	  -3.8467251159199793e-02	   9.9076754253680877e-01	   1.3418230420036144e+00	   1.2805776355185325e+00	   6.8743854463524179e-01	   9.3077450101689441e-01	   1.2618728485358915e-01	  -2.9917747223612073e-01	
   1.1598574716104844e+00	   1.0864688725387008e+00	   1.3083956672951307e+00	   1.9171762382542332e+00	   1.1334665411661713e+00	   1.7452452746642222e+00	   1.4061149275967328e+00	   0.0000000000000000e+00	   1.2433306901354044e+00	   1.5935980811723216e+00	   8.7001878038513081e-01	   1.3443693060949882e+00	   1.0249447144813759e+00	   1.3914968180347294e+00	   1.0705733517956955e+00	   1.1218996296270594e+00	   7.3804668975497711e-01	   6.1821889409713671e-01	   1.1766123788794318e+00	   1.2329331783752615e+00	   7.0019781033755468e-01	   9.1045760370367101e-01	   9.6758070607248725e-01	   1.3716199073171105e+00	   8.4762587429152036e-01	   1.0924075399681850e+00	   9.3491524539399362e-01	   1.1064187540985349e+00	   4.5750806242249054e-01	   4.9207508078092443e-01	   6.7419350832489888e-01	   7.4827847550899074e-01	   1.0167949069927733e+00	   1.1933861607486720e+00	   9.7350496759345762e-01	   1.0857599684910570e+00	   4.3648446753236347e-01	   9.3515007147621598e-01	   8.0177776899912878e-01	   1.0321496600291991e+00	   4.1483638581193999e-01	   7.5736439115777998e-01	   1.3502441102132314e+00	   1.3034253373311568e+00	   1.2258277656820280e+00	   1.2307669307933564e+00	   1.2861155669309849e+00	   1.3518776020041545e+00	   8.7443361533617348e-01	   1.0945992284475683e+00	   7.9588045447708966e-01	   9.1106493719146453e-01	   6.5755361397817913e-01	   7.9785667060004939e-01	   7.4467362123075964e-01	   8.5294574445795923e-01	   1.1565259101671383e+00	   1.1561420684373502e+00	   9.2845545362021120e-01	   1.0185241287431162e+00	   9.2999457221757731e-01	   1.0442198024147722e+00	   7.6526472727003325e-01	   9.2779500671512216e-01	   7.4423319156124668e-01	   8.7315371802692054e-01	   1.0677835240723625e+00	   1.2225342502173473e+00	   8.9065246118369834e-01	   8.4672303295158113e-01	  -6.2125389811469123e-04	  -1.7632405011983124e-01	   4.6451561697463362e-01	   4.9974145853029561e-01	   4.0561498943795526e-01	   4.9386354987459635e-01	   7.1237565005426995e-01	   8.3080156981071518e-01	   6.1763860552479222e-01	   6.2378697696977792e-01	   8.7796412342591013e-01	   9.0204203729096144e-01	   9.9994317883243888e-01	   9.0061089623956225e-01	   1.0081946142700717e+00	   1.2469985335921627e+00	   9.4459628004788798e-01	   1.2112094500094615e+00	   7.3993189592335862e-01	   9.4972089677909555e-01	   3.7846441085880550e-01	   5.1735157464729142e-01	   2.9026231649157430e-01	   4.1031118228768881e-01	   6.2108674331570446e-01	   2.7461738234771010e-01	   1.1837206954588093e+00	   1.1049413707575790e+00	   9.6841497614178107e-01	   9.0213891712227423e-01	   8.3585787266457190e-01	   3.2019241788154668e-01	   8.7594406114467604e-01	   5.6111135232874942e-01	  -3.4192626675190851e-01	  -4.2478588150810193e-01	   6.3095911283604422e-01	   3.1599574458025731e-01	  -1.7362422429431729e-02	   9.0940514302481279e-01	   1.2237340516055657e+00	   1.1301992436381854e+00	   4.8908160176247562e-01	   7.5744465297800523e-01	   6.1327024028821661e-02	  -4.4309598389029292e-01	
   1.0700880604127649e+00	   9.7553401057273104e-01	   1.6914088278179640e+00	   1.2962611780526341e+00	   1.8186706391058700e+00	   1.3281700488986938e+00	   1.7945884469298663e+00	   1.2433306901354044e+00	   0.0000000000000000e+00	   1.7219053089911784e+00	   9.7158738959242141e-01	   1.0057658461828523e+00	   1.2177258997614600e+00	   9.5418628499857605e-01	   1.1550272447725762e+00	   1.0817744811712617e+00	   7.0909892175978551e-01	   6.0237285832632503e-01	   1.1826309376852913e+00	   1.0151738050160981e+00	   7.9055947709301666e-01	   8.2678931156097402e-01	   1.1980717954424169e+00	   1.0690684563791213e+00	   1.0547394045234988e+00	   1.2254978094848510e+00	   9.3825577673199712e-01	   9.8956030145958862e-01	   4.3596579858090123e-01	   4.7005967080678879e-01	   7.3345161524293701e-01	   6.1319760217695618e-01	   9.3258402168599563e-01	   9.5260003207622945e-01	   1.1870294495067979e+00	   1.0534789507678179e+00	   5.2400047516425174e-01	   8.7217694276006819e-01	   7.3553626275580175e-01	   8.4618326448930437e-01	   4.1711831759957241e-01	   6.7561198728120531e-01	   1.3552602076413527e+00	   1.2055483901857269e+00	   1.3020543023393125e+00	   1.3125202475063145e+00	   1.1217215730233010e+00	   1.1288599302621434e+00	   9.9117457234246220e-01	   1.0921545883483068e+00	   1.1047112423231109e+00	   9.5739846593191569e-01	   7.7822423233338922e-01	   9.8136608526761537e-01	   7.6606378456342505e-01	   7.9628302694803277e-01	   9.7244392843591732e-01	   1.0686910627391411e+00	   1.1056431613974476e+00	   1.1219300763982534e+00	   9.9602535765659095e-01	   8.6585676754203300e-01	   7.8730111090754962e-01	   7.8862410164258323e-01	   9.6242097387298198e-01	   7.6986559910428165e-01	   1.3947331985501930e+00	   1.3036615894840791e+00	   1.0568173911211134e+00	   1.0744928320591487e+00	  -2.1677500384889245e-01	  -3.7488545770414838e-01	   4.8885699014741585e-01	   5.0964846700700828e-01	   4.6627138189715506e-01	   5.5032875957134286e-01	   7.1511898757786829e-01	   6.5854866875634133e-01	   6.2624365523273484e-01	   7.5754560609156418e-01	   9.4599218813288433e-01	   8.9208733670599627e-01	   1.0006340660241868e+00	   7.4724704721590585e-01	   1.2342400783032514e+00	   1.3178230401993867e+00	   9.9803107508939803e-01	   1.1646912844961999e+00	   9.0357208360178076e-01	   9.9642301746317274e-01	   5.8720114699303116e-01	   7.8695147455053738e-01	   4.2855651720661375e-01	   6.0910836246425781e-01	   6.2196844968211307e-01	   3.2102522531497385e-01	   1.1134681011887160e+00	   9.4481573698271548e-01	   1.0895655634476582e+00	   1.0282151685799761e+00	   8.4355988054492081e-01	   4.3108450883287136e-01	   9.8353298650557919e-01	   6.5916878474052409e-01	  -1.8640169927884048e-01	  -2.7175145468756678e-01	   7.4641958836585154e-01	   4.4495522609055255e-01	  -1.2120795381626486e-02	   8.9158556515791076e-01	   1.2138954090538785e+00	   1.2789334315997780e+00	   6.5615849281695671e-01	   9.2895275421961609e-01	   1.2092709251823069e-01	  -2.6446016041429860e-01	
   1.1126391769590973e+00	   1.0639973717400411e+00	   1.4364190817163822e+00	   1.4919321509041317e+00	   1.3864523940443512e+00	   1.5923143519345988e+00	   1.5264705222351409e+00	   1.5935980811723216e+00	   1.7219053089911784e+00	   0.0000000000000000e+00	   9.2705234882649878e-01	   1.1526257481100362e+00	   1.1173960051026162e+00	   1.1600732332016579e+00	   1.1085512955233598e+00	   1.1022263586029875e+00	   6.8277924222246356e-01	   5.7689457945148170e-01	   1.1583379967157503e+00	   1.0881827914518385e+00	   7.1186147176336745e-01	   8.4610132007656114e-01	   1.0274108030775371e+00	   1.1507964914852047e+00	   9.6036581398532817e-01	   1.1983939866261439e+00	   9.2100691202852336e-01	   1.0445886072903310e+00	   3.9121448249268553e-01	   4.3470460627228069e-01	   6.3158636300850468e-01	   5.9905298718485334e-01	   9.1235317435134344e-01	   9.8939667125005393e-01	   1.0619486785249321e+00	   1.0895783785975004e+00	   5.1026229450428762e-01	   9.6826287972947833e-01	   7.4748306351058025e-01	   8.9571432407584339e-01	   3.9675718359671891e-01	   6.4898618910789807e-01	   1.5091634232743256e+00	   1.3810065085303684e+00	   1.2973326507574663e+00	   1.3191138740916006e+00	   1.3087591391187394e+00	   1.3527687602220229e+00	   1.0198278994095451e+00	   1.2009174481213636e+00	   1.0094739058055073e+00	   1.0155199147919445e+00	   7.8978035582330008e-01	   9.6233146962851190e-01	   8.0758497784491845e-01	   8.9819678768409150e-01	   1.0882194060280288e+00	   1.1553056819540006e+00	   1.0781673762590989e+00	   1.1674817883232709e+00	   1.0109889858265069e+00	   1.0985140911141598e+00	   7.5240704388569801e-01	   8.0884225581769276e-01	   8.5671422899018379e-01	   8.8914160357134020e-01	   1.3087222354625565e+00	   1.3255281643098900e+00	   1.0582521722773837e+00	   1.0723662667330971e+00	  -2.2626144778410417e-01	  -3.7218332294404088e-01	   4.2053551922037274e-01	   4.7798915216824467e-01	   3.6379147696220332e-01	   4.9885937390602192e-01	   6.4131104550707629e-01	   6.8285465449687521e-01	   5.9547652779609983e-01	   6.8240633921955063e-01	   8.7235981598951040e-01	   8.5406829215107805e-01	   9.5420182104064077e-01	   7.3000583876214775e-01	   1.1592102728758735e+00	   1.3605138843613316e+00	   9.3721522634138188e-01	   1.1995550134093937e+00	   8.5181166932483776e-01	   1.1210981945497980e+00	   5.1189486451675525e-01	   7.0311826232112606e-01	   4.0767327160950145e-01	   5.5038668252627265e-01	   6.8107280036890783e-01	   3.1694712172318185e-01	   1.2132784076641765e+00	   1.0495310750370224e+00	   1.0553557093575534e+00	   1.0142658988026305e+00	   8.3876202086723506e-01	   3.7232750410391058e-01	   9.4657869004296302e-01	   6.6227008110688745e-01	  -2.2422923202274311e-01	  -2.9990965060477298e-01	   8.1728929708363951e-01	   4.1340660445563454e-01	   3.8606270800543754e-04	   9.4869492886468776e-01	   1.2915971516322251e+00	   1.2778318110168467e+00	   5.9782411449189865e-01	   9.5650347867365304e-01	   1.6927373147595365e-01	  -3.1585928709966099e-01	
   1.3086455034632447e+00	   1.0576345989470801e+00	   8.8770728216888761e-01	   9.7496122175010502e-01	   8.9617915057098563e-01	   1.0207975617183511e+00	   9.3111498759562172e-01	   8.7001878038513081e-01	   9.7158738959242141e-01	   9.2705234882649878e-01	   0.0000000000000000e+00	   1.1494475828429764e+00	   1.5798347662749650e+00	   1.2146416631348589e+00	   1.5110773683648215e+00	   1.2003277099935423e+00	   1.1142224178507252e+00	   7.1197383609084064e-01	   1.0970093576788684e+00	   9.2956522597728397e-01	   8.2978128500131398e-01	   8.7608474898404576e-01	   9.0147558657974480e-01	   1.0163757860729072e+00	   9.3220007935223292e-01	   1.0165546347332965e+00	   9.3220669674513645e-01	   1.0112419802879689e+00	   6.6291631549737695e-01	   6.2829744922816877e-01	   6.0846473818262969e-01	   6.3192570005809068e-01	   8.7981554181170452e-01	   9.6722947058177589e-01	   8.9120773488593485e-01	   1.0358544043635798e+00	   4.4748245366951417e-01	   8.1303454911968132e-01	   5.8038665973683989e-01	   7.4452587746791632e-01	   4.3500456702913859e-01	   7.2848393856128679e-01	   1.0122115019825244e+00	   1.1128850415913401e+00	   9.8523033804433291e-01	   1.1273811144608539e+00	   9.1851335942711188e-01	   1.0005219285250999e+00	   8.4637031907760529e-01	   1.0358467314470543e+00	   7.7586213699400453e-01	   9.2844588001495054e-01	   6.4135451724084724e-01	   6.7864846258322198e-01	   6.4476201931038490e-01	   5.6895630353529825e-01	   9.1132874640822426e-01	   1.0692082121830340e+00	   8.6283397214630875e-01	   8.9183508091799579e-01	   9.2388745946517026e-01	   7.1999270725661746e-01	   9.1032882536310433e-01	   7.5585901773653597e-01	   5.8741894217500601e-01	   7.1195962481517916e-01	   8.9999714198246217e-01	   9.0157566865372130e-01	   8.4701875685051198e-01	   8.0185724037589245e-01	  -1.0330944650735435e-01	  -2.6521040651669653e-01	   5.6723869870210097e-01	   5.9047501804277047e-01	   4.8478066638198658e-01	   5.4647284827577058e-01	   3.7101383221360779e-01	   3.8702906188690878e-01	   6.1431280232136665e-01	   7.0047587982447934e-01	   9.4871384278544912e-01	   8.8879481087314982e-01	   1.0419420025860560e+00	   8.4422777135462079e-01	   1.3843772910660654e+00	   1.0957392427642811e+00	   7.4011387360093184e-01	   9.6531963347942351e-01	   7.8208697737449295e-01	   8.3147944084065539e-01	   3.7190345869124547e-01	   4.6025213885852656e-01	   1.1558770214642414e-01	   3.2814251738563815e-01	   4.8341889438900820e-01	   1.7472666670434403e-01	   9.4778222964460801e-01	   8.1344343058457547e-01	   8.5815713589866949e-01	   7.0716481045082247e-01	   5.6088646553343491e-01	   4.4113672109404184e-01	   4.5750713200283505e-01	   4.9677077595567498e-01	  -2.1662507082223345e-01	  -3.5916432596104603e-01	   4.3279040105957767e-01	   2.0766109400944471e-01	  -6.8670217665115938e-03	   7.6962180124897261e-01	   9.4026117110775953e-01	   8.7608815743831281e-01	   3.9528136501166994e-01	   6.1188003036740379e-01	  -4.3181914587058911e-04	  -3.2429674445506657e-01	
   1.2922173872961200e+00	   1.3110003564676378e+00	   9.5315603856872144e-01	   1.1906855257196800e+00	   9.8176325799970043e-01	   1.2195127275165965e+00	   9.6068562900913568e-01	   1.3443693060949882e+00	   1.0057658461828523e+00	   1.1526257481100362e+00	   1.1494475828429764e+00	   0.0000000000000000e+00	   1.1163226396298203e+00	   1.5586284114011713e+00	   1.2047470322222318e+00	   1.2675875552537685e+00	   1.1236551492664237e+00	   9.1842379579930389e-01	   1.2204943630726044e+00	   1.1922556748541999e+00	   8.1931460443020565e-01	   9.1667781605987853e-01	   9.8330537199937051e-01	   1.2197198843291128e+00	   9.5689152419686496e-01	   1.1418431689880186e+00	   9.9752253605995744e-01	   1.0282145585379634e+00	   7.6606827163779678e-01	   7.6608768845340336e-01	   6.5945763712140915e-01	   7.8337083787981598e-01	   1.0265785959435247e+00	   1.1896860413934889e+00	   7.6609178464693728e-01	   9.0700836070126512e-01	   5.4777909152783910e-01	   1.0787075457079787e+00	   7.5197044000932245e-01	   9.8925753747877232e-01	   5.0194937208052615e-01	   8.7016195829080789e-01	   1.2069766693513475e+00	   1.3265210374725929e+00	   1.0785370784782613e+00	   1.1641121506638115e+00	   1.1742268719269358e+00	   1.2631028569010485e+00	   9.3145739254442905e-01	   1.0900767443814123e+00	   7.6290681337705635e-01	   9.2946025037480817e-01	   6.6159182729713029e-01	   7.3927488785998707e-01	   7.5497515636313051e-01	   7.8642596626375560e-01	   1.2726654253172338e+00	   1.2354930788606553e+00	   8.7803780019019328e-01	   8.8921417773227041e-01	   1.0224350416341874e+00	   1.0633698564804843e+00	   1.0334787371359608e+00	   1.0988971129917511e+00	   7.0547626177746769e-01	   8.3075883409342932e-01	   9.3511814395725701e-01	   1.0022379135834267e+00	   8.0652211277716013e-01	   7.3839794477018050e-01	  -9.9094125585214340e-02	  -2.6230043991681362e-01	   5.9589696104534140e-01	   6.9834000440482136e-01	   4.4398076551918686e-01	   6.1691724820680083e-01	   4.5327743452841102e-01	   5.4381126249612843e-01	   7.7415903893502391e-01	   7.0728183794518751e-01	   9.8722814445011275e-01	   9.8024728200455891e-01	   1.0849072851603243e+00	   9.0506702244325632e-01	   1.1296121536243833e+00	   1.2370221268749630e+00	   8.1786496004612441e-01	   1.0845280145372376e+00	   7.0250509789244953e-01	   8.4004686103944903e-01	   2.6832301987271068e-01	   3.6234233197367743e-01	   9.6568358712329175e-02	   2.1917208992380477e-01	   4.6965870659612735e-01	   8.3114080685500483e-02	   1.0656007743377074e+00	   9.4166961300862984e-01	   8.3604057150677669e-01	   7.5964579303984858e-01	   4.9276351007936070e-01	   2.3676016838454036e-01	   5.3284352369522081e-01	   4.4945309454774951e-01	  -3.4626590731355994e-01	  -4.6470201411445305e-01	   3.9848453235217818e-01	   1.0123156726141209e-01	  -5.5316933940048940e-02	   7.3209041256530438e-01	   1.0104623380338826e+00	   9.3322231834084435e-01	   3.4741665351210327e-01	   5.9576722858041364e-01	   1.8979206226930157e-02	  -4.7583938338582954e-01	
   1.3172342062671460e+00	   1.0590219139929240e+00	   1.1919322896543285e+00	   1.1400046255067968e+00	   1.1297325571161096e+00	   1.1712576600971518e+00	   1.2205095464858415e+00	   1.0249447144813759e+00	   1.2177258997614600e+00	   1.1173960051026162e+00	   1.5798347662749650e+00	   1.1163226396298203e+00	   0.0000000000000000e+00	   1.2709875073362491e+00	   1.5891018554505973e+00	   1.1792150344477002e+00	   9.1214639503537853e-01	   7.1691480847413203e-01	   1.0854716559776090e+00	   8.7773855517218946e-01	   1.0454934187164697e+00	   9.6371011634320558e-01	   1.1955756531780364e+00	   1.1890027647586314e+00	   1.2044038275017774e+00	   1.3000043469124385e+00	   1.2247937041391517e+00	   1.2869071602873894e+00	   5.7720494790451360e-01	   5.6550233626592583e-01	   7.0793963227508105e-01	   6.4240492448537723e-01	   7.8119888884801103e-01	   8.6809451147805117e-01	   1.1033888539005869e+00	   1.1955867780766323e+00	   4.7529486267793641e-01	   8.4925494637603782e-01	   6.8953411662329200e-01	   8.5042911077485095e-01	   4.4664638873930235e-01	   7.1793513575773793e-01	   1.2417526571244344e+00	   1.2989045240734374e+00	   1.2629236860935589e+00	   1.3238304042725129e+00	   1.0493819276807019e+00	   1.1520205618289041e+00	   9.8555605420936521e-01	   1.2337934059076436e+00	   9.5911874373290529e-01	   1.0453402353648475e+00	   7.1469869319976354e-01	   8.3419852497197966e-01	   6.8764521947206170e-01	   6.7221326868989784e-01	   9.2207147128476352e-01	   1.0716883541759803e+00	   9.9910599728630634e-01	   1.0505953106480121e+00	   1.1731202144403416e+00	   8.5475140373234226e-01	   9.2407230792027606e-01	   8.4001662389306042e-01	   8.2647515840643548e-01	   8.3745692905503977e-01	   9.5123077510777421e-01	   9.4569550694826754e-01	   8.2624945428931129e-01	   8.2085496599304797e-01	  -9.9287668311526495e-02	  -2.8596236048238044e-01	   4.8749909731981866e-01	   5.0395029418169213e-01	   4.5747751218778082e-01	   5.1775786155871328e-01	   4.6040432457014058e-01	   4.9444958038158704e-01	   6.9658537235434870e-01	   7.5531834177298218e-01	   9.4340359299408227e-01	   8.9077640753945986e-01	   1.0745087376459299e+00	   7.7457085743700127e-01	   1.3243766375439419e+00	   1.1593179341922992e+00	   9.8347349366389436e-01	   1.0711671612000699e+00	   9.3375267126575157e-01	   9.5594195000707383e-01	   4.0963947291012093e-01	   5.1718709955473918e-01	   1.5977427908817587e-01	   3.7335483009877224e-01	   4.9231488394689615e-01	   1.5338741250506086e-01	   1.0286469279167090e+00	   8.9032014789430169e-01	   9.4994246039425134e-01	   7.8265515186616319e-01	   6.9332311346228570e-01	   3.9196614436971372e-01	   5.5609407716699821e-01	   5.0731534590743954e-01	  -2.8530737181929361e-01	  -4.0611216053099969e-01	   4.6962542764129200e-01	   2.1009514872333462e-01	   1.8517356168799244e-02	   8.6222783895611887e-01	   1.0464851408728399e+00	   1.0073236868595088e+00	   4.0402711923761903e-01	   6.9864571032918443e-01	  -1.2356943221663572e-02	  -3.6671269240337850e-01	
