   0.0000000000000000e+00	   1.5474420594634359e+00	   9.9602510139810763e-01	   8.0933859723119594e-01	   8.9838711788721604e-01	   6.3072023602639515e-01	   1.2513769644236363e+00	   7.9930336892785603e-01	   7.2237108509808456e-01	   7.4683933608907749e-01	   1.1920853571767878e+00	   9.3720558730206682e-01	   1.0092632696973991e+00	   8.7014648631709313e-01	   9.3382938066319288e-01	   8.4640216553791181e-01	   9.3167515233897413e-01	   9.5157120529441397e-01	   1.2514219791734404e+00	   1.0484954247698735e+00	   9.1731180463999473e-01	   8.0798962479790004e-01	   1.0915812259619040e+00	   8.2438975411712012e-01	   7.6006442263527185e-01	   8.5284341676538200e-01	   9.3246124752696480e-01	   7.3865580464808267e-01	   8.2825594272223979e-01	   7.7149565015041144e-01	   7.9278442044619646e-01	   7.7712991067281023e-01	   1.1921318922311357e+00	   1.0414324432910349e+00	   6.8475066629213943e-01	   5.7123118614157375e-01	   8.4732038176067892e-01	   7.7702220387723209e-01	   9.7823721847224365e-01	   9.2121310089420105e-01	   5.6147036438196585e-01	   6.9005632065828326e-01	   1.0145036465913593e+00	   9.6644627741775246e-01	   1.1402079292271265e+00	   1.1083953178243267e+00	   1.0129906473351662e+00	   1.0797015236874747e+00	   1.0071037018647429e+00	   8.8842419004938389e-01	   1.0920263833000370e+00	   1.0397359639267325e+00	   8.7914398992818343e-01	   6.8021200488947953e-01	   1.4477749724678639e+00	   1.2726436836723793e+00	   1.1602804553630497e+00	   1.1356730283061929e+00	   8.8513189619843957e-01	   9.9471592025568545e-01	   1.1204110751208234e+00	   9.1733594169240340e-01	   7.7416121918321223e-01	   7.6431001980702029e-01	   7.7423583187750167e-01	   6.4674382418529341e-01	   8.9630641737642391e-01	   8.2206303218033849e-01	   1.2329748163059839e+00	   1.2393355413865519e+00	   5.9071272039595224e-01	   4.7921177741288262e-01	   6.1756674041589132e-01	   5.7861122156310962e-01	   6.6463973292831935e-01	   5.1946564494104042e-01	   3.4924216265420116e-01	   3.5616124451719849e-01	   1.0078777625158126e+00	   1.0818600202592363e+00	   1.3677755622032899e+00	   1.2495483165441583e+00	   1.0373560806453559e+00	   9.6764705602751977e-01	   1.5177144715844884e+00	   1.1391425927561438e+00	   1.1498848172098983e+00	   8.4025848133315073e-01	   1.0261899203010132e+00	   1.2873565009724481e+00	   5.9126341344450051e-01	   3.1895526300104754e-01	   4.9372576295676274e-01	   3.6800643251981802e-01	   2.6536739150371830e-01	   2.7352604260484437e-01	   1.0509605158546351e+00	   1.1228160503088851e+00	   1.0508012953511172e+00	   1.0254523908260262e+00	   3.7758596819106360e-01	   2.8357213649353114e-01	   2.9873417497122678e-01	   6.2933549973824021e-01	   3.4368420377084596e-01	   4.3268235150965290e-01	   3.5727738342104987e-01	   3.9373810132424686e-01	   6.3423907523539005e-02	   3.0854335163458324e-01	   9.7229295064215049e-01	   1.0582287021945931e+00	   6.2069238449143960e-01	   7.2971107001969027e-01	   7.5836003511274663e-01	   2.6562423631866960e-01	
   1.5474420594634359e+00	   0.0000000000000000e+00	   8.3225840422008235e-01	   7.9524534990399842e-01	   7.0985438756248276e-01	   5.6830866270349545e-01	   9.9849008099814696e-01	   7.6306206354217609e-01	   5.0456028990392743e-01	   5.5731310759358010e-01	   9.9115019428105600e-01	   9.0219759839654534e-01	   9.0461175916603309e-01	   9.0554553212762590e-01	   8.8079714621514960e-01	   8.2822615596333171e-01	   8.3835610935851090e-01	   8.5495979348434237e-01	   1.0728805366615024e+00	   1.0015710712478876e+00	   8.1133491923090528e-01	   7.4152274252334682e-01	   9.1602265251450221e-01	   6.7969431124172064e-01	   6.9575228385379484e-01	   7.7773212561159655e-01	   8.9771910272068312e-01	   7.4790629351601723e-01	   7.2577102474272415e-01	   7.1854425390000598e-01	   7.2294785273684115e-01	   7.2232071454432545e-01	   1.0285387193622604e+00	   9.2189682840929033e-01	   5.4876592283758052e-01	   4.2670837734734002e-01	   7.5559437523948847e-01	   7.1146084667047316e-01	   9.1403630228148958e-01	   7.6858063658779530e-01	   6.5550224557402148e-01	   7.2760380503089883e-01	   1.0301135603290055e+00	   1.0599036345914234e+00	   1.0747391306714267e+00	   1.1485331266829366e+00	   1.0333332750366753e+00	   1.1084661996431369e+00	   9.7806513729952982e-01	   9.7605578801831061e-01	   9.9939976840723810e-01	   1.0543809762603296e+00	   8.0771427563962173e-01	   5.9200162192841799e-01	   1.2199802310240691e+00	   1.1429943705906369e+00	   1.0462122883822966e+00	   1.1639671875105746e+00	   6.9970803107804236e-01	   1.1217623585627288e+00	   7.6388619176756567e-01	   8.4950790912295393e-01	   6.4404319348471528e-01	   7.0038113290915860e-01	   7.0551035492125980e-01	   5.7772975711056995e-01	   8.0438858063911844e-01	   8.0579881792786501e-01	   1.1197983516557088e+00	   1.1739438718720536e+00	   5.3826904539841580e-01	   4.0829361026909511e-01	   6.0955615796492879e-01	   5.8202424144211473e-01	   6.0761797594544875e-01	   5.0332296549000954e-01	   2.0381998099617810e-01	   2.4259633792117019e-01	   1.0117409668434523e+00	   1.0200220443113199e+00	   1.3041430539664607e+00	   1.2409572157424704e+00	   1.0846944183022427e+00	   9.0817180090645566e-01	   1.5406967248698169e+00	   1.1155818168510818e+00	   1.1529720662253633e+00	   9.2096206339989817e-01	   7.0633722500760721e-01	   9.5026207044543187e-01	   5.4224914490182563e-01	   2.4789205421969479e-01	   4.6265240936530316e-01	   2.9140811509583547e-01	   2.5698783263883618e-01	   3.1032371752976690e-01	   9.7085965427629362e-01	   8.8700118292691066e-01	   1.0177324877241962e+00	   9.2734167732925843e-01	   4.1175312146189169e-01	   2.7825785688320409e-01	   2.1425645230767909e-01	   4.6837745558968830e-01	   2.9668286208396188e-01	   4.1236146803883450e-01	   3.5082635485593983e-01	   2.8883566123848881e-01	   9.7227354778722710e-03	   2.4447804134099244e-01	   8.7100630412004443e-01	   1.0810825253799787e+00	   5.7949951773466091e-01	   6.7768968508209615e-01	   6.9841145408720073e-01	   1.9394024810822075e-01	
   9.9602510139810763e-01	   8.3225840422008235e-01	   0.0000000000000000e+00	   1.4600900376322086e+00	   9.9308310649988762e-01	   8.1372007898590470e-01	   1.1937818219296032e+00	   8.1474467880690349e-01	   6.3066454380312265e-01	   7.5361726893500469e-01	   6.2904082270346851e-01	   7.0695077561553377e-01	   6.7984780476120321e-01	   6.1743557772198354e-01	   9.1551956724725114e-01	   1.1219616440853304e+00	   7.1284312134870409e-01	   6.8160855996648884e-01	   1.0710687804966594e+00	   9.3577959860820892e-01	   6.7814476159592774e-01	   7.7341835187450858e-01	   1.3159954356485657e+00	   1.3072493869562631e+00	   9.9044689676199527e-01	   1.1315301233225898e+00	   8.0785342949069650e-01	   8.7225316382812412e-01	   7.1243295131777251e-01	   6.9129044045877452e-01	   1.1087860063991080e+00	   1.0250952329539353e+00	   1.0616598169251215e+00	   9.2488953703732801e-01	   9.4868297592660222e-01	   7.7461136024997002e-01	   7.6112345181459706e-01	   5.8040807863337585e-01	   8.3425316003492589e-01	   8.6538534538076572e-01	   4.3720049623468493e-01	   5.1278692465882381e-01	   8.1536878011907354e-01	   8.3691294417098094e-01	   1.0230377339340113e+00	   9.4633994113958064e-01	   7.1727909426072123e-01	   8.3715668835207602e-01	   7.8541108134197868e-01	   7.5924926789642033e-01	   9.5915497624244295e-01	   8.8469206561242586e-01	   6.7576543729506833e-01	   5.2428758093063665e-01	   1.1230379158833295e+00	   1.0701540478885536e+00	   7.4111129101118089e-01	   7.1032153366198358e-01	   7.9423448672891017e-01	   7.7631212086886869e-01	   7.2787615603710787e-01	   7.5472403432207991e-01	   5.6495007418225773e-01	   6.2477876159061718e-01	   8.3367745258245263e-01	   7.9115647234940312e-01	   1.0759578080493066e+00	   9.8188143833526964e-01	   1.0174616702144101e+00	   1.1571460734540731e+00	   6.2315269411420282e-01	   4.3497377506495710e-01	   5.5188135297939611e-01	   5.0413557190676950e-01	   5.6614833543063137e-01	   5.4315395076044826e-01	   5.4410538214694748e-01	   5.9176072964611204e-01	   8.3785896006735050e-01	   7.9493037381268072e-01	   8.8559491767454568e-01	   9.4393189244510478e-01	   8.2594433647683740e-01	   9.6660622201308510e-01	   9.8046412793754778e-01	   1.0020408017187037e+00	   8.4907162722965812e-01	   9.7080757417786800e-01	   8.9760453571706955e-01	   1.2285391716156666e+00	   7.1894853841073991e-01	   5.1130201321710023e-01	   6.5122601271389302e-01	   6.3176794768821243e-01	   4.0347658502085171e-01	   1.9239882921187185e-01	   1.0586121859317070e+00	   1.1045825865710384e+00	   9.3854717216441108e-01	   9.6436404110218787e-01	   2.2482595823331161e-01	   3.6785720184956061e-01	   4.7598264511720528e-01	   7.0663009407674815e-01	   3.2587535992307737e-01	   5.6015013657996859e-01	   1.1492134504471792e-01	   5.3353631361539011e-01	   1.4377413067722222e-01	   4.3687264830143679e-01	   1.2442573235626759e+00	   1.0994242215691732e+00	   7.5369170972310351e-01	   8.0871495410032213e-01	   6.6869259908084089e-01	   4.6654320107568947e-01	
   8.0933859723119594e-01	   7.9524534990399842e-01	   1.4600900376322086e+00	   0.0000000000000000e+00	   8.8232353445025968e-01	   1.0668918075056883e+00	   1.1457237106908462e+00	   1.2070662674255841e+00	   4.4652314963324269e-01	   7.5958683758770018e-01	   4.8500871039370941e-01	   9.3282310956449244e-01	   5.8148997873769903e-01	   7.9150835874806291e-01	   6.1944397665736628e-01	   1.3346804453699557e+00	   5.7080419215195222e-01	   6.1996544855581781e-01	   8.2887302064810764e-01	   1.1165168161348391e+00	   6.4396473377830143e-01	   8.6373085994134902e-01	   9.2421155594125493e-01	   1.3617263081718189e+00	   8.1762268138584537e-01	   1.0625021083272004e+00	   6.4010345831709459e-01	   9.4492285000046627e-01	   5.6660752668786607e-01	   7.0230248923312022e-01	   1.1756232492142242e+00	   1.1931223381424134e+00	   1.0488128298168282e+00	   1.0384794471621626e+00	   7.9972268502782606e-01	   8.1163431678193598e-01	   6.1849551451873863e-01	   4.9712294642646965e-01	   6.4196214456142220e-01	   7.6253237852782785e-01	   4.0863466661867598e-01	   4.7799719181461597e-01	   8.0667448582352130e-01	   8.2902651357860158e-01	   1.0005149622095386e+00	   1.0460190007653278e+00	   6.5823614624930638e-01	   8.3504348022179142e-01	   7.8072348201152286e-01	   7.5397621232104728e-01	   9.3513348752652747e-01	   8.8055300901119637e-01	   6.2701119181553544e-01	   5.9030754795214324e-01	   9.9064487560163994e-01	   1.1095729721487413e+00	   5.1650388177471540e-01	   5.2014470299494886e-01	   8.3385843046812003e-01	   8.1170011624064931e-01	   5.8207385855164318e-01	   7.7910794951203655e-01	   5.7970214199321546e-01	   7.4071790755588574e-01	   6.4246372471237534e-01	   8.1992381918713453e-01	   1.2160035793600950e+00	   1.3517394319579588e+00	   7.5868896560016452e-01	   1.1383255133542391e+00	   6.0792312891198930e-01	   5.4456449302908494e-01	   4.8811530888854227e-01	   5.4962285428714563e-01	   4.6857713069228135e-01	   5.6594077905961926e-01	   5.4972426081070092e-01	   7.3728387209725466e-01	   7.2249457974516162e-01	   7.0826851607071684e-01	   7.6225672933435629e-01	   9.8457926387043648e-01	   7.7943343370850238e-01	   8.5005676200550406e-01	   8.7909729236726220e-01	   1.1642529703560451e+00	   7.1841965271668395e-01	   9.8866138500789524e-01	   7.5752531437237214e-01	   1.1079388205295806e+00	   8.9759901461803215e-01	   5.9995641760834295e-01	   8.0276366655560016e-01	   7.0185472890483824e-01	   2.9801379125355443e-01	   8.0088005789357944e-02	   1.0289404624035914e+00	   9.8184398358455283e-01	   1.0458382236149668e+00	   1.1069975334172837e+00	   2.7564971684173561e-01	   5.6960100311175554e-01	   5.8605036092858387e-01	   7.3869412257137357e-01	   4.3138128158476041e-01	   5.7790237040566717e-01	   1.4516934261685055e-01	   4.5081260808129192e-01	   9.2390031754189209e-02	   3.7054670065476186e-01	   1.2311946371402300e+00	   1.3346583885052967e+00	   9.7537230422698062e-01	   8.7387748227247364e-01	   6.8630805358296165e-01	   5.0499413102262913e-01	
   8.9838711788721604e-01	   7.0985438756248276e-01	   9.9308310649988762e-01	   8.8232353445025968e-01	   0.0000000000000000e+00	   1.0730401508423744e+00	   1.0568911686834914e+00	   7.3778603307400203e-01	   1.0684981148290218e+00	   9.1666238671194189e-01	   7.6398236882138915e-01	   6.0734803435942275e-01	   8.6252428239750345e-01	   5.9042227001861303e-01	   7.9044298471527763e-01	   8.8260365855129497e-01	   5.1822463780291939e-01	   4.6938879520132715e-01	   6.3025052327638709e-01	   6.3101433117727357e-01	   7.0381169804346622e-01	   6.2993125303384079e-01	   9.2845978396977091e-01	   8.8354424446665636e-01	   8.2270837901135774e-01	   9.5656488502674208e-01	   9.5280394870464924e-01	   1.0034638554471269e+00	   5.1392926061717636e-01	   5.0719785376622051e-01	   7.8104903933896996e-01	   7.8234069604542211e-01	   7.7932644677689322e-01	   7.5126660636456855e-01	   8.8856732694418095e-01	   8.7555026529408131e-01	   5.1667059584284025e-01	   5.1673877045850991e-01	   5.9149408006341098e-01	   8.6865962961344945e-01	   2.4641835416512120e-01	   3.2029262968801236e-01	   1.0029399283765894e+00	   9.6172331237841624e-01	   1.1722614387936412e+00	   1.0583071100557910e+00	   8.2638331667505949e-01	   9.6708559272537775e-01	   9.5514490939315655e-01	   9.0384897740773396e-01	   1.0437256088089888e+00	   1.0310244147438865e+00	   7.4733598295497627e-01	   7.6885077592109563e-01	   9.2343372167551241e-01	   9.6065622717492927e-01	   7.3532498589741324e-01	   7.2614989529107066e-01	   6.3701774882323670e-01	   6.8585137132986274e-01	   9.1958049678111320e-01	   9.6491611840108016e-01	   4.8824025229633011e-01	   5.8022717742694918e-01	   7.9575961111656857e-01	   8.9289867096331621e-01	   9.5832626135892363e-01	   9.5086445943997910e-01	   6.5145635304024696e-01	   9.7218064959202688e-01	   3.7884771304960319e-01	   2.1567630389981177e-01	   3.5202268986304575e-01	   3.1067013696713636e-01	   3.2687776769442495e-01	   3.4153533500609046e-01	   3.2925519448141388e-01	   3.5550357295587010e-01	   6.4679959917076790e-01	   5.9121620149038845e-01	   6.5339607556056301e-01	   7.5663582286132258e-01	   7.5189550470556121e-01	   8.0598543329331018e-01	   9.4050868421264222e-01	   9.4517803127611943e-01	   8.1744203902552748e-01	   9.5417799380324531e-01	   8.3571103067779329e-01	   1.0562556452170384e+00	   7.1149451802984720e-01	   5.5753272463353842e-01	   7.4861233408004635e-01	   4.9973703736070729e-01	   2.0157770775657116e-01	   8.8309496685737163e-02	   7.6310863311032717e-01	   7.9970744783468539e-01	   1.0036771229869839e+00	   9.6899386987283154e-01	   2.4175915542727489e-01	   1.3847251784594169e-01	   3.8771255739194471e-01	   3.6819058181665781e-01	   1.8634187075197600e-01	   2.4438505152140239e-01	   7.5846619376813640e-02	   3.0961824587111053e-01	  -1.8630704164873935e-02	   2.9402351419655998e-01	   9.3203521336236306e-01	   9.0902443489529505e-01	   6.4585561295505789e-01	   6.4560641732173984e-01	   3.7602219819346344e-01	   8.1471311408801622e-02	
   6.3072023602639515e-01	   5.6830866270349545e-01	   8.1372007898590470e-01	   1.0668918075056883e+00	   1.0730401508423744e+00	   0.0000000000000000e+00	   9.0795301428594322e-01	   9.6815720327545240e-01	   6.1728680917907863e-01	   1.0112661837023118e+00	   4.8780321857078324e-01	   7.6332677111765201e-01	   6.5748927785219746e-01	   7.1596482337861178e-01	   5.3836691359559696e-01	   9.6602696118940823e-01	   3.4767800401627869e-01	   4.2229167439159898e-01	   5.2123148669930086e-01	   6.9365137773811325e-01	   5.0531459660702027e-01	   6.3731464972338103e-01	   7.0455362296127944e-01	   9.4773780949856701e-01	   6.2736042042716034e-01	   7.6622064756922870e-01	   5.9091986255287954e-01	   1.0232921072320480e+00	   3.6685117665493283e-01	   4.6348066937048893e-01	   7.7000173888273760e-01	   7.9902164607723380e-01	   7.7243303097696414e-01	   7.9076321002456551e-01	   7.6870906078373757e-01	   8.1081434295994925e-01	   3.6364347235872124e-01	   3.3683615046352122e-01	   4.0146708666404129e-01	   6.7448555648291331e-01	   9.5775257820603532e-02	   1.6609790893159354e-01	   7.5803018839713532e-01	   7.0300842050100809e-01	   8.6648697834647626e-01	   8.9207951864554302e-01	   5.4539957347654877e-01	   7.0624989877218503e-01	   6.8822181258398785e-01	   7.3699048010281110e-01	   8.0616874650292669e-01	   8.0029773324931353e-01	   5.4878475735511834e-01	   6.3776301785237921e-01	   6.9210981992720433e-01	   8.0143274927968289e-01	   3.7778311978027818e-01	   4.2865694038552737e-01	   6.3957212113395945e-01	   6.6423782875337589e-01	   5.5923543203887927e-01	   7.8565918433408521e-01	   4.1876032091320259e-01	   6.0315820228679540e-01	   5.4890191144568956e-01	   7.5355628302314326e-01	   1.0380659926833320e+00	   1.2049827947357448e+00	   4.8525533494697382e-01	   8.7893746696986552e-01	   3.8999818952917897e-01	   3.0543823330137504e-01	   2.5820898424078892e-01	   2.6289245872501565e-01	   2.2200791359115940e-01	   2.5600296276999401e-01	   4.8266259973124687e-01	   5.8183249930537717e-01	   4.9149862491040641e-01	   4.5633388662065105e-01	   4.9805277519653163e-01	   7.0267462350416077e-01	   5.9670202907707781e-01	   5.7862989471278237e-01	   7.0050996592482906e-01	   8.8108266383749156e-01	   5.1680555427798591e-01	   7.5438367040522836e-01	   6.5853276204556299e-01	   8.5575108520654020e-01	   8.9889278001299255e-01	   6.9148450596368150e-01	   9.4583935037056643e-01	   6.2013179451216105e-01	   2.6938188712694167e-01	   4.1740128508152091e-02	   7.5192957344746514e-01	   7.3446969103822402e-01	   9.2294230359688845e-01	   9.1437678050673088e-01	   1.9113020322286006e-01	   3.5462481216698366e-01	   5.4685892331960340e-01	   5.3171200130025587e-01	   3.3766336694866333e-01	   3.4158670357619930e-01	   1.5997240305322830e-01	   3.1053328273865555e-01	   8.9582291471325376e-02	   3.8579755445986591e-01	   9.5314863431905283e-01	   9.3223481737270819e-01	   8.8448928388531933e-01	   6.7427133992445631e-01	   5.0767835570834374e-01	   2.8948444091720754e-01	
   1.2513769644236363e+00	   9.9849008099814696e-01	   1.1937818219296032e+00	   1.1457237106908462e+00	   1.0568911686834914e+00	   9.0795301428594322e-01	   0.0000000000000000e+00	   1.2953211892740506e+00	   9.0794521648404691e-01	   1.0444973671368907e+00	   1.0634131596788465e+00	   1.1359671570106902e+00	   1.1975171180203055e+00	   9.5333976260353670e-01	   9.2771142243493876e-01	   9.8235707343448686e-01	   6.7390464004426087e-01	   7.6728897263155871e-01	   1.0035691447832917e+00	   1.0354947024930783e+00	   7.6756220979969436e-01	   8.0420734289475726e-01	   1.2115847773566135e+00	   1.1998841558497335e+00	   8.2769903848672954e-01	   9.2892391071952940e-01	   7.3968292743096742e-01	   7.2324664892524426e-01	   7.0889781573607791e-01	   7.3048360207176555e-01	   9.2782434664912850e-01	   9.4400923608064258e-01	   1.2484407897766745e+00	   1.1973992019715372e+00	   8.8102988010510652e-01	   8.6593618644791914e-01	   7.4775795423613900e-01	   6.3565452751679186e-01	   8.6369586044230651e-01	   9.8891793042954501e-01	   4.9770186751137346e-01	   5.7434079606077404e-01	   8.3767344029615542e-01	   7.6022451274301839e-01	   9.9849432894207379e-01	   9.9453728500608241e-01	   7.2639073614950200e-01	   8.8639216861931258e-01	   7.2738596738907169e-01	   6.7134048152203352e-01	   9.3906678121433140e-01	   7.8007830668766054e-01	   6.9375167875124777e-01	   6.5508401851398945e-01	   1.3362448248003389e+00	   1.1403608115881265e+00	   6.4000021888881142e-01	   6.7679780835877978e-01	   7.4995444466386285e-01	   7.7600072646162488e-01	   1.1366542208705528e+00	   1.1550970295277716e+00	   7.6810764651716135e-01	   9.3588196531190471e-01	   1.0115619508458158e+00	   9.5319630203027261e-01	   1.0693152683538891e+00	   1.0492525213992563e+00	   9.4828466266045630e-01	   1.1575343972211629e+00	   5.8566832295885973e-01	   4.6017317962640392e-01	   5.9416215220783808e-01	   5.6540459695163103e-01	   5.5809032533911340e-01	   5.1033190563041986e-01	   5.3890188797122729e-01	   5.9632708253744915e-01	   7.8208181779104902e-01	   7.9721262921403757e-01	   9.6779769891965817e-01	   1.1175249698877383e+00	   8.9294022233841219e-01	   8.2598665246205494e-01	   1.2624679062673798e+00	   1.2101758556195770e+00	   1.0424281250963834e+00	   8.7183669549997678e-01	   1.2167618314429980e+00	   1.5046154625565189e+00	   9.0439319387307593e-01	   6.0063893116323064e-01	   7.9590488647820756e-01	   7.3649207640470205e-01	   2.8563727110601805e-01	   1.9782823292993582e-01	   1.1971938924577437e+00	   1.2643904978428961e+00	   1.0922472308140767e+00	   1.1685047956460017e+00	   3.2579379154033633e-01	   4.0699822322126333e-01	   6.7033058135714774e-01	   9.0742738439284021e-01	   3.7791273323375058e-01	   6.9192613741238285e-01	   3.0288740679569226e-01	   4.9954356002074607e-01	   1.1851979452451521e-01	   4.3460708599780024e-01	   1.3717125584277519e+00	   1.1754783544149427e+00	   9.4770797558054964e-01	   9.4525848784635869e-01	   8.1235357576749789e-01	   4.0444346211128152e-01	
   7.9930336892785603e-01	   7.6306206354217609e-01	   8.1474467880690349e-01	   1.2070662674255841e+00	   7.3778603307400203e-01	   9.6815720327545240e-01	   1.2953211892740506e+00	   0.0000000000000000e+00	   5.6926526970799141e-01	   9.9461202167752949e-01	   6.0147720882710853e-01	   1.3772760804319737e+00	   7.5447672090033102e-01	   1.0910553024449956e+00	   5.3962951834297457e-01	   1.0026208551594837e+00	   4.7653695893523285e-01	   6.1547031705873279e-01	   6.9074719327219691e-01	   1.0435249854198245e+00	   5.4455349937786535e-01	   6.6232878101066139e-01	   7.1064709394120817e-01	   1.0590867837566036e+00	   5.4174392264727245e-01	   6.8413437259386489e-01	   4.5820463031566511e-01	   6.3258947063449622e-01	   4.6097816981429879e-01	   6.5843918547734936e-01	   7.8967639775321219e-01	   8.8335128301911547e-01	   1.0099700970725758e+00	   1.0937431186255477e+00	   5.9901008818483470e-01	   7.5282470464949081e-01	   5.0023827652527530e-01	   4.8334713879847890e-01	   6.0437771543525709e-01	   7.8365771656980587e-01	   4.1158113050715056e-01	   5.0590161804271805e-01	   6.9075575715458515e-01	   6.1703933027842983e-01	   7.3157451534893825e-01	   8.2119925217676537e-01	   5.1879006924400883e-01	   6.8957437300037283e-01	   5.6444121779190137e-01	   5.6404536176263476e-01	   7.6488295364203063e-01	   6.6620466728324035e-01	   5.5763888633479897e-01	   6.9304735912823767e-01	   9.2885986042632673e-01	   1.0085063383545401e+00	   3.6835051303640676e-01	   4.0606086543715519e-01	   7.2075109344010513e-01	   7.8020109213192612e-01	   6.7242666129336126e-01	   1.0470859626412836e+00	   6.3230460719229176e-01	   1.0572678280311554e+00	   5.9954075918591376e-01	   8.4294323238027180e-01	   9.7969881454774399e-01	   1.1605264531685417e+00	   6.5016554502470347e-01	   9.0374264042534003e-01	   5.3810328259944051e-01	   4.9772210820221596e-01	   4.6315208482148124e-01	   5.3351396087230252e-01	   3.8308856478425468e-01	   4.2836381601152979e-01	   5.2367315407614290e-01	   7.3313271843953420e-01	   5.3740089238246180e-01	   5.7881869351496318e-01	   7.1446676064916936e-01	   9.5095971692750769e-01	   7.7645659115988153e-01	   6.2926936388402877e-01	   8.6313835487123081e-01	   1.0927976143355091e+00	   6.9345485937471829e-01	   7.7686819914669580e-01	   8.6437298306629584e-01	   1.0783398923855392e+00	   1.1306982448930081e+00	   7.1016613526265338e-01	   9.4527901829266470e-01	   8.1237116489854100e-01	   2.4295690180018267e-01	   1.4977695820130887e-01	   9.0547319499386314e-01	   9.3773223374596182e-01	   1.0181195902190352e+00	   1.1810406487400285e+00	   2.4095449599739299e-01	   6.7949814143624243e-01	   7.3989359322690718e-01	   8.0080243785016014e-01	   4.0204972188261701e-01	   5.4043345148491040e-01	   3.7186024311977645e-01	   4.7150185127631039e-01	   1.0935008942952981e-01	   3.8466799574695326e-01	   1.0764732838592643e+00	   1.1620494692074306e+00	   1.1118123598221765e+00	   8.4973713230839787e-01	   7.6044765285682603e-01	   4.9249552983050487e-01	
   7.2237108509808456e-01	   5.0456028990392743e-01	   6.3066454380312265e-01	   4.4652314963324269e-01	   1.0684981148290218e+00	   6.1728680917907863e-01	   9.0794521648404691e-01	   5.6926526970799141e-01	   0.0000000000000000e+00	   1.0012803891304249e+00	   8.9253212495354017e-01	   5.3490266445123102e-01	   1.0466499843432542e+00	   5.2769840474205809e-01	   8.9273825157337139e-01	   4.9831813951555604e-01	   3.2520248906568172e-01	   3.3210677786753356e-01	   4.9435740977939102e-01	   3.2936268322130258e-01	   4.2471390132643194e-01	   3.3058590348528261e-01	   8.9991476095914025e-01	   6.3668511878328615e-01	   5.9015403910973019e-01	   5.2455052415316106e-01	   5.6863785717549709e-01	   4.2314080798679438e-01	   4.3432218907860332e-01	   3.7798658565086035e-01	   5.0632528331277515e-01	   4.7842919679589568e-01	   5.3793370332043344e-01	   5.3982197479274330e-01	   7.5430612527125362e-01	   7.5764520560315096e-01	   3.6358174095685947e-01	   4.9361566932023776e-01	   4.2308571725835109e-01	   6.5926814281925794e-01	   1.2925833006664764e-01	   3.3740072635836266e-01	   5.5474315780704786e-01	   4.7050197473155297e-01	   6.6226728714288152e-01	   6.0092341721595943e-01	   4.7427633759328591e-01	   5.5371032209030902e-01	   4.8058630979921435e-01	   4.7985148882948742e-01	   5.3548012777251452e-01	   4.7167410792819264e-01	   4.2433551619000115e-01	   4.5831780880537498e-01	   6.5580671867957874e-01	   6.0203595997785142e-01	   4.3798800354384870e-01	   4.5306699394697120e-01	   3.0669573624316437e-01	   3.8945583335924994e-01	   9.1726830332175258e-01	   9.6757828730780526e-01	   3.4749604550242574e-01	   4.8817632566599389e-01	   8.9158269783099486e-01	   7.2783825745230679e-01	   5.3585370345225336e-01	   5.0342919272544850e-01	   5.2973355962214552e-01	   5.4042103190250335e-01	   3.4440319427706428e-01	   1.2179585237154814e-01	   3.7573554284946165e-01	   2.7469826452180146e-01	   3.2196461310735042e-01	   1.8212577617019704e-01	   2.9826358740264253e-01	   2.2085679771172240e-01	   3.7657385288226491e-01	   4.1156669292276954e-01	   4.5362878126607969e-01	   5.0404847634683070e-01	   5.1977203892675439e-01	   5.1003623700916734e-01	   7.5792292421999508e-01	   5.6092743455320426e-01	   6.5375548466262412e-01	   5.8578553740882178e-01	   8.2198022815406868e-01	   7.9725470054716174e-01	   4.9922012366866936e-01	   4.6096195358571501e-01	   4.8948659654422733e-01	   4.4063300569613073e-01	   1.9009663372479976e-01	   3.0412560131282412e-01	   5.7973474884467935e-01	   6.8244414019784161e-01	   6.0039450350187640e-01	   6.1099311635203035e-01	   1.4960150256510782e-01	   1.9180896438311029e-02	   4.4557480407010375e-01	   3.6529811097597181e-01	   3.3168374696609576e-01	   3.7844658771608219e-01	   3.5877343656874222e-01	   3.2995595048000165e-01	   4.9257368705193774e-02	   3.2900286946469276e-01	   7.0664824685385597e-01	   5.3024158324602633e-01	   4.2449425423511844e-01	   4.7887406058205345e-01	   4.4322048312250423e-01	   1.5418825553882304e-01	
   7.4683933608907749e-01	   5.5731310759358010e-01	   7.5361726893500469e-01	   7.5958683758770018e-01	   9.1666238671194189e-01	   1.0112661837023118e+00	   1.0444973671368907e+00	   9.9461202167752949e-01	   1.0012803891304249e+00	   0.0000000000000000e+00	   6.3128266074287276e-01	   7.6855295082740926e-01	   8.0860426881989445e-01	   7.2717929602187537e-01	   7.5692939735087339e-01	   7.2614640960174448e-01	   2.8607296848621311e-01	   3.6238043333786646e-01	   5.8444687284323371e-01	   5.7924303708274094e-01	   4.6176638733484660e-01	   5.1569762186409229e-01	   9.0345046677747076e-01	   1.1185763719845820e+00	   6.1922612694290913e-01	   6.7018935854772199e-01	   5.1845182049561844e-01	   6.3902971555496668e-01	   3.3525140438779483e-01	   3.5901937295799613e-01	   5.8614045177024798e-01	   6.3375992282994720e-01	   7.4210627280742614e-01	   7.5746098270556550e-01	   8.3529888618622317e-01	   9.0357248322249739e-01	   3.7698256595085960e-01	   3.4104541022639023e-01	   5.2478554585709336e-01	   7.6345508075120916e-01	   1.5460272947581322e-01	   3.1553096819783699e-01	   5.2663993842165446e-01	   4.6237759839505460e-01	   6.9863648998214634e-01	   7.4482620756741214e-01	   3.8313625613847219e-01	   5.0388304639318315e-01	   5.1386109403794977e-01	   5.9427449435672230e-01	   6.1959806791039485e-01	   5.3841068055184937e-01	   4.4820222026359624e-01	   5.2514307169019792e-01	   8.0387069751697160e-01	   8.0488138892616146e-01	   3.7884589386921075e-01	   4.0592922171280754e-01	   5.1679450315480557e-01	   5.6297871952338652e-01	   6.7065423234292865e-01	   1.0782230168180607e+00	   4.2245925104728477e-01	   6.0070429910950573e-01	   7.9945227388331563e-01	   8.9785877478827514e-01	   8.1459022063155873e-01	   8.7055304773930831e-01	   6.3022610592859141e-01	   8.0579078889891886e-01	   3.2010460804865043e-01	   2.6862956982657904e-01	   3.1537066456843610e-01	   2.9284567489591773e-01	   2.9170851440446993e-01	   1.9432948374578732e-01	   4.8556787321890282e-01	   5.6656268360029405e-01	   3.4116173581051878e-01	   3.3450186617156669e-01	   5.0379985490177792e-01	   5.8819929700848106e-01	   5.4343129456883110e-01	   4.7120250835033978e-01	   7.6897931622749160e-01	   7.4171574030429932e-01	   5.7739222681108526e-01	   5.1892139536285331e-01	   1.0818910654807956e+00	   1.0965517330656669e+00	   9.0324017755705321e-01	   7.6937757454025213e-01	   8.4585141770383843e-01	   7.8366767144376892e-01	   3.8319167114789282e-01	   2.0398114098166420e-01	   7.8868885980078707e-01	   7.4824024302669756e-01	   8.2393584532445807e-01	   8.7452013291845287e-01	   8.1039479298569222e-02	   4.0908516010227003e-01	   6.0999575804938666e-01	   6.4447683617593676e-01	   2.9879152559191496e-01	   4.6004784057456910e-01	   4.6784672552255707e-01	   4.0837412209954416e-01	   1.5182865404591553e-01	   5.1208423375311118e-01	   9.8854333986478571e-01	   8.1639925346717268e-01	   8.4725346919166111e-01	   7.0156537968513555e-01	   7.4585091836768291e-01	   2.5898078881902059e-01	
   1.1920853571767878e+00	   9.9115019428105600e-01	   6.2904082270346851e-01	   4.8500871039370941e-01	   7.6398236882138915e-01	   4.8780321857078324e-01	   1.0634131596788465e+00	   6.0147720882710853e-01	   8.9253212495354017e-01	   6.3128266074287276e-01	   0.0000000000000000e+00	   8.2950399258390928e-01	   1.4862200539441628e+00	   8.4573719761222410e-01	   9.8941000151367142e-01	   5.7012260922396674e-01	   7.3549691297659248e-01	   7.6786459394277740e-01	   8.5925022671237983e-01	   6.6672388758451984e-01	   8.1938773604528270e-01	   6.4030501070893875e-01	   9.1488084117907220e-01	   5.8356594138134965e-01	   6.0885460499435795e-01	   6.4699781146582791e-01	   6.4607048978615700e-01	   4.9831038092292312e-01	   9.0475143081756282e-01	   7.3983931849740958e-01	   6.3354544507787847e-01	   6.1075425222189450e-01	   9.2359674454409202e-01	   9.2822859071834496e-01	   6.1619254253351574e-01	   4.9897315785240443e-01	   6.4787279709258472e-01	   6.6650663384261544e-01	   7.1416430164941236e-01	   8.2478947910048994e-01	   5.0974996283077467e-01	   5.5868660291327399e-01	   6.9683834566232050e-01	   6.3405432357486813e-01	   7.0941257257883161e-01	   6.5647868864936287e-01	   7.0809390625063950e-01	   7.5532861333560419e-01	   6.0787779268795084e-01	   4.9409378764413936e-01	   7.2556382313886547e-01	   6.4536140867911052e-01	   5.0390365289145611e-01	   3.3844241123497026e-01	   9.1092732016739464e-01	   7.1758689689168786e-01	   7.0949530770796621e-01	   7.3074772293412760e-01	   4.4802937475421273e-01	   5.2657016883981389e-01	   1.3041229590560188e+00	   9.4276767416837681e-01	   7.8247415180500202e-01	   7.2166532933452121e-01	   9.3479437900390716e-01	   6.7102148728650790e-01	   5.7840535960823580e-01	   5.3684676944159326e-01	   7.5240444367999038e-01	   7.2101434925406716e-01	   4.4643235216720928e-01	   3.0190498836953483e-01	   7.3007214922691399e-01	   6.1149179705852907e-01	   6.9451551454381966e-01	   5.5529122136514508e-01	   3.4866762408432311e-01	   2.7195924279787681e-01	   8.8096103532480863e-01	   9.4250508546947898e-01	   1.0317827890439810e+00	   9.8051778232585374e-01	   7.8313512069982427e-01	   7.6592652117261351e-01	   1.1599937290605480e+00	   8.8922476061470579e-01	   9.7723579762002566e-01	   6.4926832396523959e-01	   7.5750003399825017e-01	   7.9954729493143195e-01	   3.6482621649562036e-01	   1.1783260423130874e-01	   3.1750371235506852e-01	   1.8658335174308716e-01	   3.9170259452322484e-02	   2.4494441724533772e-01	   6.9266507696894242e-01	   8.7662914799006186e-01	   6.4191200376312274e-01	   6.0535511356554650e-01	   2.4988829394612544e-01	   7.4432921630069843e-02	   3.5960228016834556e-01	   4.9685285491243986e-01	   2.3296733345837070e-01	   5.1840427532581035e-01	   3.0567449961757598e-01	   1.6495331489345480e-01	   2.1595728884642451e-02	   2.3482038160099067e-01	   7.2264785548547872e-01	   6.7310583664900714e-01	   3.7683715937766665e-01	   4.9687457232510129e-01	   5.5010943982384775e-01	   2.2449303710793828e-01	
   9.3720558730206682e-01	   9.0219759839654534e-01	   7.0695077561553377e-01	   9.3282310956449244e-01	   6.0734803435942275e-01	   7.6332677111765201e-01	   1.1359671570106902e+00	   1.3772760804319737e+00	   5.3490266445123102e-01	   7.6855295082740926e-01	   8.2950399258390928e-01	   0.0000000000000000e+00	   8.2892286485581701e-01	   1.5469003117099622e+00	   5.8086970391348092e-01	   9.8496684328609818e-01	   7.2206443217415106e-01	   9.0866669273021494e-01	   8.3326825990669284e-01	   1.0782901871890975e+00	   6.1828398126453399e-01	   7.0854756260434637e-01	   7.1883277410735202e-01	   8.5439391550888200e-01	   4.9496178710103600e-01	   6.1848714569318175e-01	   4.4346838040976627e-01	   5.4948522357749696e-01	   7.9333321740511553e-01	   1.0276650155406917e+00	   8.5781107320251393e-01	   9.2294607558510477e-01	   1.1128608990464408e+00	   1.2765543921917308e+00	   4.9434797826958121e-01	   6.2518680130639248e-01	   6.4814705974188913e-01	   5.6633642199785195e-01	   5.9285502439669913e-01	   7.3343707230912936e-01	   5.4877018826107604e-01	   6.2895955734030540e-01	   7.0738431775709099e-01	   6.3182033171535412e-01	   6.8661013154422723e-01	   7.8467336969934853e-01	   6.0998538314213180e-01	   7.7260258602944520e-01	   6.0757010146721513e-01	   4.9541887857909644e-01	   7.7501352688317249e-01	   6.7113921848979319e-01	   5.7696038580074316e-01	   5.7210936169368942e-01	   9.0584311836256914e-01	   9.7052118996359882e-01	   4.0848262637799559e-01	   4.1338784926007982e-01	   6.7130244976853171e-01	   6.8825409074169797e-01	   7.8533842602927662e-01	   1.0604783490862182e+00	   8.0732278972717197e-01	   1.1834126378296457e+00	   5.9794917472887121e-01	   7.3244222766804667e-01	   7.4384743884573379e-01	   8.9664497195115300e-01	   5.8603068982715301e-01	   7.5916252279174390e-01	   6.5299284322393425e-01	   6.5355503592325248e-01	   7.6482601307410414e-01	   8.5685352048770924e-01	   6.9238608835276017e-01	   6.8073989577807814e-01	   5.4215079141507450e-01	   6.9772598717301493e-01	   7.9829059303057537e-01	   8.3673796857421390e-01	   9.9208055749908797e-01	   1.2581459748748316e+00	   9.4412347395156482e-01	   8.7694118858492298e-01	   9.4939490497276358e-01	   1.1758435545299022e+00	   8.4801944253671036e-01	   8.9260987598979402e-01	   6.5924508002372417e-01	   9.3152091979076568e-01	   7.5178448712620305e-01	   4.0454517478384433e-01	   7.0113529087613213e-01	   4.9909117512702861e-01	   1.7184804077452551e-01	   1.2972629852797468e-01	   8.5933922767390203e-01	   1.0306430543849017e+00	   9.5131601682138645e-01	   1.0413134546326082e+00	   2.9267678781887685e-01	   5.5513394336418320e-01	   6.0987346387706542e-01	   7.6449000489496244e-01	   5.1151890465624927e-01	   5.9506656663257673e-01	   3.8399047489433258e-01	   3.8716625850666320e-01	   6.5915806233874594e-02	   2.6867883353584993e-01	   9.0574258363682025e-01	   1.1088777368104163e+00	   8.1489087345445421e-01	   6.7956089682791698e-01	   8.5081965188859665e-01	   4.8286899012724549e-01	
   1.0092632696973991e+00	   9.0461175916603309e-01	   6.7984780476120321e-01	   5.8148997873769903e-01	   8.6252428239750345e-01	   6.5748927785219746e-01	   1.1975171180203055e+00	   7.5447672090033102e-01	   1.0466499843432542e+00	   8.0860426881989445e-01	   1.4862200539441628e+00	   8.2892286485581701e-01	   0.0000000000000000e+00	   9.0940784705442979e-01	   1.1674421170595688e+00	   7.2298974958191775e-01	   5.5045481888691139e-01	   6.3178306344412594e-01	   7.9191892058314106e-01	   6.3367731140725503e-01	   7.4594514112771604e-01	   6.4805932936324118e-01	   1.0591808176630342e+00	   6.7413124928052004e-01	   7.9368027503565974e-01	   7.7050955254829767e-01	   7.6161912713059565e-01	   6.3157135729011993e-01	   6.4805348484193859e-01	   5.8815560067366501e-01	   6.8011864290538404e-01	   6.8337053356597321e-01	   8.5187134586974167e-01	   8.4239835394349805e-01	   8.5325536983785899e-01	   6.5429014050547496e-01	   5.0708827316293148e-01	   5.5389108107357155e-01	   6.1375044470864537e-01	   7.9484994947911913e-01	   4.2640226419458505e-01	   4.3339704140420821e-01	   7.5182179142623828e-01	   6.6038279131594058e-01	   7.4563216244248387e-01	   7.4007854963185327e-01	   6.2654162097569643e-01	   7.2786404328867760e-01	   5.6443909450966689e-01	   5.5898667505272948e-01	   7.1735097007229576e-01	   6.0502510832545064e-01	   4.8538395323669281e-01	   4.1088006030054236e-01	   8.4799350394061479e-01	   6.5922226970023101e-01	   5.9201252806017768e-01	   6.9531208289333757e-01	   4.4939472888825471e-01	   6.5838596328848586e-01	   1.0217224735218378e+00	   1.0377679511619133e+00	   5.6291645114598332e-01	   6.7011888523182250e-01	   1.0519150647581543e+00	   7.9001816132707203e-01	   7.3255060275902883e-01	   6.9135049415104854e-01	   6.9960600881820012e-01	   7.9040523202511592e-01	   4.3152515562715538e-01	   2.4567422933381433e-01	   5.5793254109718005e-01	   4.3837523268935391e-01	   4.9594494665853939e-01	   3.7093554089357517e-01	   3.0383816619673432e-01	   2.3552699450821682e-01	   7.0207499062696233e-01	   7.1795054705992933e-01	   8.0841893071714721e-01	   8.3198914739623442e-01	   8.0119106747964275e-01	   5.9987268398518412e-01	   1.1859036362185631e+00	   8.4246384354843507e-01	   9.4846646311278660e-01	   6.4487378019060104e-01	   9.1690744731416485e-01	   8.6810526543887301e-01	   6.0209997667700477e-01	   3.6768260210386416e-01	   5.8420003130942766e-01	   4.3323387475622610e-01	   1.1380522526318963e-01	   2.6153299734569163e-01	   7.9372587316791987e-01	   8.3513757172608805e-01	   7.0723138727471102e-01	   6.7994838952011694e-01	   2.4254898995735261e-01	   1.1494949951468066e-01	   5.7652135550402395e-01	   6.1142245713522314e-01	   3.4260381336004969e-01	   5.7199052516980831e-01	   4.2187305840773498e-01	   2.1602714660304870e-01	   8.1641728607240917e-03	   3.8969412234692014e-01	   9.1343156095768929e-01	   7.6361312194898334e-01	   6.2293317826986649e-01	   7.7608349318213732e-01	   6.9042771887397358e-01	   3.0470769739456882e-01	
