   0.0000000000000000e+00	   4.9433428000662738e-01	   2.1208227836815757e-01	   3.7766646069248949e-01	   2.3716760855454089e-01	   2.7114460045216904e-01	   6.9591967168180641e-02	   1.3101930108674525e-01	   1.1307480715333706e-01	   2.2136307443089104e-01	   6.2598876571759232e-01	   4.4123006063587517e-01	   3.7694830358433928e-01	   3.2570917749955730e-01	   1.1736965779311705e-01	   1.6284394191945267e-01	   7.0430321998496526e-01	   6.1147900188705984e-01	   6.1814176507583118e-01	   6.4930287279494303e-01	  -9.1695888955988184e-03	   7.8253112748058948e-02	   3.5098571165865754e-02	   1.7906811718288623e-01	  -1.2519195981453399e-01	  -7.3552596731013303e-02	   1.4052307241335615e-01	   1.7071588257863657e-01	   2.3711297173982865e-01	   1.4603114752220031e-01	  -1.0119358201441006e-01	  -7.0121049591681710e-03	   4.1178622989362101e-01	   3.4516935277586358e-01	  -1.1402544177477750e-01	  -2.7353517129281812e-01	   2.1935282770532380e-01	  -1.8874484974725159e-02	   3.9324157793502970e-02	   8.8491337394147440e-02	   5.0470529929467323e-01	   1.3019224254644265e-01	  -1.1335380531558678e-01	  -1.8820979877732719e-01	   4.3782331059117842e-03	   2.8074286546392591e-02	  -4.3780158401665242e-02	  -1.0147379214985253e-01	   6.6142714453595697e-01	   3.9255811302557986e-01	   4.1687146505824368e-01	   4.3547722237234326e-01	   5.5544152427186844e-01	   4.2658894033999795e-01	   4.7410202150120279e-01	   3.9151294824440364e-01	   1.2104690114554364e+00	   4.0474693015469265e-01	   7.4838139698026462e-01	   3.9532040644557243e-01	   5.8738109988082798e-01	   2.6999233860997557e-01	   3.0325689875207046e-01	   3.3264728150833350e-01	   9.6544838799752439e-03	   3.0725745444074254e-01	   1.4315494729291506e-01	   5.4568661388136520e-02	   6.6199309179386667e-01	   3.3062555252016512e-01	   1.5734986657107336e-01	   2.1124923325138761e-01	   3.2802439248302351e-01	   2.8816930971277938e-01	   3.0941821399503194e-01	   3.0485349500684100e-01	   4.1332442585780871e-01	   2.4829877528999689e-01	   5.5506785653282253e-01	   5.2386523272527552e-01	   5.9970178242614913e-01	   3.7907998213176719e-01	   2.3803605702628250e-01	   3.0361576561861769e-01	   2.1801466324978769e-01	   1.4042267365195246e-01	   1.5243215752140171e-01	  -2.0974045409182129e-02	   6.3830109123790579e-01	   6.0793690893519547e-01	   4.8107044886815420e-01	   3.1383810556190739e-01	   1.2022726385212328e-01	  -6.9187507732656806e-02	  -8.8755706028873622e-04	  -2.7822338490672234e-02	   8.2473341573821413e-02	   3.6879222545308449e-01	   5.6136186759858675e-01	   7.0592508850189217e-01	   3.9328808672512611e-01	   2.9977584843126459e-01	   2.2624339320511883e-01	   2.0319716047769859e-01	   1.8740180067520812e-01	   2.4252801575206534e-01	   6.1243119387027334e-01	   3.9958355766463621e-01	  -1.0277374789314245e-01	   2.0416519571978578e-01	   3.1979847623037801e-02	   2.2286483634757087e-01	   2.6867573920464449e-01	   2.5072514105314697e-01	   6.5491890665625177e-02	  -5.4198844032369790e-02	
   4.9433428000662738e-01	   0.0000000000000000e+00	   1.1456829175321487e-01	   3.7554116849446223e-01	   1.4559477686856109e-01	   1.6043136826287474e-01	   8.0566754803575419e-02	   2.5659214196108793e-01	  -1.3867432566150611e-01	  -1.2105088241992419e-01	   2.4831658135161283e-01	   4.0992619091486127e-01	   1.3464487879756804e-01	   2.1001876090123403e-01	  -1.5608046387098859e-01	  -5.4073604213390906e-02	   4.6803259702849964e-01	   6.1720192073431457e-01	   2.4338997893670039e-01	   5.6365894575438547e-01	   3.5875530517772031e-01	   5.9082789983391659e-01	  -2.2541700993856054e-02	   2.4768131484926798e-01	  -3.8914731751204787e-02	   3.7308408399193624e-02	   2.4405146134346048e-01	   4.9098228739509231e-01	   4.0222316086200333e-01	   3.0892703259433035e-01	  -8.2836911517806269e-02	  -3.8429390080188955e-03	   2.8323550353148058e-01	   5.3907383051953350e-01	  -8.4122065823561215e-02	   6.4415884203716772e-02	   4.3402558927093726e-01	   3.8059672401058620e-01	   4.5391567162318291e-01	   4.7921599334710474e-01	   5.7570018175522175e-01	   5.2103001385364744e-01	  -2.6641267624354616e-02	  -1.3351359525500509e-01	   8.0222479962018645e-02	   1.2649544041341357e-01	   1.4622503089194810e-01	   9.9466464352589268e-02	   5.4740981407648093e-01	   4.5706739959806703e-01	   3.9277827737413457e-01	   4.5616469347091315e-01	   7.5095785668634352e-01	   4.1793842728439157e-01	   7.1902483764385561e-01	   6.4858901062062524e-01	   6.2854339090953770e-01	   1.4225273598970083e+00	   5.2108003473239717e-01	   7.0753070201095347e-01	   4.2104671422686180e-01	   1.9395396410867954e-01	   4.1329040448129373e-01	   3.7636304144962657e-01	  -1.5443216180978780e-01	   1.5026127441208648e-01	   1.5431523421879006e-01	   2.3866304231498567e-01	   4.9670541538962665e-01	   3.9275843237521263e-01	   4.3816540764903694e-01	   5.8628655254909412e-01	   3.4298688530950178e-01	   5.2055745586597957e-01	   2.7033376022700983e-01	   5.2215299435172036e-01	   6.1363529838241371e-01	   7.9512513618826219e-01	   4.5713151580276784e-01	   5.5291651971012223e-01	   6.6214908666723193e-01	   5.7029119932437855e-01	   6.4891635876027953e-01	   7.8119154945288938e-01	   3.2262451905101558e-01	   4.0799886357426873e-01	   6.4503354288360670e-01	   5.6583287271096638e-01	   6.4728691333039401e-01	   8.5731793723041949e-01	   6.4769122696334169e-01	   3.0854380136896931e-01	   1.0934890141919659e-01	  -1.7070874518298243e-01	   2.5603120530946571e-01	   9.0328156054557712e-02	   4.8885633303948706e-01	   3.1650658099019136e-01	   8.5648296442560057e-01	   6.0225162161309542e-01	   4.3764715494257733e-01	   3.1147978350607286e-01	   2.8171155487249389e-01	   2.1043870656176225e-01	   3.7340181416879487e-01	   2.8811495560313366e-01	   6.5138834372150756e-01	   2.1596202452928986e-01	   1.6464330644448150e-01	   3.5620151382971144e-01	   2.5053294015608618e-01	   4.4954126550818235e-01	   6.2090609280710429e-01	   2.9732984856453371e-01	   3.6323138127548843e-01	   1.3192114498661497e-01	
   2.1208227836815757e-01	   1.1456829175321487e-01	   0.0000000000000000e+00	   8.1755731334807269e-01	   7.8973092987791760e-01	   8.1736997074491402e-01	   1.1103948205293495e+00	   6.6183904325983733e-01	   7.6438427991844060e-01	   6.5748326412843983e-01	   4.8818912100710077e-01	   1.6683925572556627e-01	   7.6915374261249769e-01	   4.2991999649656543e-01	   7.5888117505970565e-01	   4.9125098898012765e-01	  -1.9814837516070632e-01	  -7.4316325633113203e-02	  -2.6168498709045213e-02	   1.1397900991135110e-01	   5.6274702722333336e-01	   3.3826787247023149e-01	   7.3466078065484441e-01	   3.2137867037348106e-01	   5.2893754836630025e-01	   4.1245542992581108e-01	   3.1489243271636894e-02	  -2.0419697788882029e-03	   3.3386364066807028e-01	   3.5002620489512448e-01	   8.2001530518961618e-01	   6.1926003273516406e-01	   4.8512807589968937e-01	   3.8512168645133166e-01	   4.9878624841675001e-01	   3.7143678144188885e-01	   3.2824923270085771e-01	   2.1554783787408907e-01	   6.5238333812315674e-01	   5.1638119843847685e-01	   6.0035463514726647e-02	   9.5089700520785705e-02	   4.9069631728052027e-01	   3.0150251204581208e-01	   5.0774150623993386e-01	   5.3131886586173227e-01	   4.4175755660107824e-01	   3.3037585765101390e-01	   9.0269194066902050e-02	   2.7025907957077899e-01	   5.2557814132255665e-01	   3.7969573130163220e-01	   3.8452501489020130e-01	   4.7247387424971415e-01	   3.6566544191694644e-01	   3.1760653269013173e-01	  -9.7576811514835438e-02	   1.0966452595097191e-01	   4.4395539633432859e-02	   1.5616831240179149e-01	   1.4283224256362775e-01	   4.3360295234150148e-01	  -3.1552571117668832e-01	  -2.5257371267065426e-01	   8.3994650930938120e-01	   4.9923589442436966e-01	   5.4136129290136614e-01	   3.8998731611176646e-01	   2.3342363686864284e-01	   3.4066199625941673e-01	   4.3263643830880349e-01	   2.1858882306069999e-01	   5.4454711989590163e-02	  -1.3854146352064427e-02	   2.4820597542819761e-02	   4.2267766053943813e-02	   2.5139814469131411e-01	   1.1371638889386392e-01	  -7.7933088215700235e-03	   1.8736314951781402e-01	  -7.3158218312486034e-02	  -5.4848314411286223e-02	   3.3349854408966728e-01	   1.0636434749388904e-01	  -5.1980973907379657e-02	   7.0002550870856634e-02	  -8.6016310428673522e-03	  -1.7225964319116971e-01	   3.8168047480964939e-01	   2.5440967833383232e-01	   3.6768532219866817e-01	   5.6389450646459727e-01	   5.6015432118665698e-01	   4.9697129544664331e-01	   5.1086392175271733e-01	   3.4581026877969134e-01	   5.6110009971546293e-01	   3.1599864534573263e-01	   2.2978013647512041e-01	   2.6025145746061307e-01	   4.1475502374622586e-01	   3.1430577890742073e-01	   3.2420583692365279e-01	   4.7443319353143226e-01	   3.5873934486706521e-01	   1.3751581734066101e-01	   2.4679600091871717e-01	   1.8335684826378659e-01	   8.4670338721685529e-02	   2.1711262769058481e-01	   4.7894759249772023e-01	   2.9121007964921275e-01	   5.8035638674133150e-01	   5.3375797725559737e-01	   2.8945966298883452e-01	  -5.1249512290367824e-02	
   3.7766646069248949e-01	   3.7554116849446223e-01	   8.1755731334807269e-01	   0.0000000000000000e+00	   5.1741813377175272e-01	   9.5840806399646639e-01	   4.9280338915248684e-01	   9.9760074822337397e-01	   2.9319833532922090e-01	   5.8300111923622122e-01	   3.8530730728169832e-01	   4.4956278668791527e-01	   4.4292442756150580e-01	   6.7246780251919658e-01	   3.2566854639689807e-01	   4.8283344783921400e-01	  -5.4271509308221846e-02	   3.8024464296735117e-02	   9.9823139584986356e-02	   4.9305348670271570e-01	   6.9299520294037720e-01	   7.2491849957670518e-01	   5.6540361592152255e-01	   7.1384198376708607e-01	   5.8245020742461229e-01	   5.6933334884608056e-01	   3.8918030933037828e-01	   3.6049484927989600e-01	   1.3294145873176491e-01	   1.9877235718496394e-01	   5.5317144548680730e-01	   5.3278422038179030e-01	   6.6299052908438472e-01	   8.9124721405559781e-01	   5.6592434867402375e-01	   4.9657686212902052e-01	   6.3747754239010135e-01	   6.3580138638868078e-01	   7.0970959294420455e-01	   7.8583621848324159e-01	   3.9317666577442528e-01	   4.8609112852185310e-01	   4.9448948875322962e-01	   3.6606330495091005e-01	   6.7297537096156257e-01	   7.6427375797619623e-01	   5.6811098220192402e-01	   5.2926151485640627e-01	   4.4851912793000714e-01	   5.1459191944267957e-01	   8.6582796659300909e-01	   7.0677369089477660e-01	   7.6787209343775398e-01	   6.6587354273398758e-01	   8.3332598454072715e-01	   8.7912658193908011e-01	   2.1788551617973489e-01	   3.8415579809216560e-01	   2.8697904297190818e-01	   5.6249855768360124e-01	   1.9155220862639938e-01	   5.3420095544218893e-01	  -1.7916843751304140e-01	  -7.9268255405018397e-03	   4.5930496403002374e-01	   8.2650536607782965e-01	   9.0213045994744967e-01	   8.6794289360051780e-01	   6.7640819117787454e-01	   9.0707957941230111e-01	   5.6931310194580642e-01	   3.3294342819843631e-01	   1.3905757333970917e-01	   1.4167207668799311e-01	   8.2494409629779247e-02	   2.1309610804727860e-01	   4.8459103552254623e-01	   4.7928698830742378e-01	   1.9007010606786909e-01	   3.1136210252696817e-01	   1.2110329501684872e-01	   2.3817307925340364e-01	   5.5233745306627380e-01	   3.6558827364147023e-01	   3.9732659875430187e-01	   5.2112354423638041e-01	   5.0594374548298537e-01	   2.3152435142629424e-01	   7.2597199489604891e-01	   6.5079460571994796e-01	   6.7498739657545448e-01	   6.7596186125552515e-01	   6.7223090945976760e-01	   4.2898226539834372e-01	   7.8791066243929075e-01	   5.2847314547849578e-01	   9.8603785509383690e-01	   7.9428340259238439e-01	   6.3437500395479884e-01	   5.4013820798827639e-01	   7.8496446759159366e-01	   6.8621805513298650e-01	   7.5873777289147848e-01	   6.3434877402154455e-01	   6.3196829368771890e-01	   4.6996751871917797e-01	   7.5941912495048014e-01	   6.5618554916819127e-01	   1.1506358722029768e-01	   5.8410983877354705e-01	   7.6000258638689266e-01	   5.5910935055167443e-01	   8.3555057110055408e-01	   8.6191391638860682e-01	   5.5984423705114761e-01	   1.7851592336813502e-01	
   2.3716760855454089e-01	   1.4559477686856109e-01	   7.8973092987791760e-01	   5.1741813377175272e-01	   0.0000000000000000e+00	   1.0172975952966488e+00	   8.1453867338111341e-01	   6.3404199774019521e-01	   9.8650279908508165e-01	   8.3901440151524409e-01	   4.9292706104982953e-01	   3.0994876700685420e-01	   8.7314112294476054e-01	   6.1048563221799035e-01	   6.2810635328022668e-01	   4.4255623993747029e-01	  -2.0362907492861190e-01	  -1.2368695866555780e-01	  -1.9171466516938096e-01	  -6.5489137954567678e-02	   4.5139329786920440e-01	   2.4167149798959334e-01	   2.9617372099506811e-01	   2.3519793837523603e-02	   3.2817268352065199e-01	   2.2034048607776952e-01	   2.3601383734547512e-01	   1.8338801237887772e-01	   1.1225977760236175e-01	   1.3457561619737710e-01	   3.8072319629758283e-01	   2.3652499574041527e-01	   3.3472530925618094e-01	   2.4357564863040701e-01	   4.7175699203210719e-01	   3.4644353111713833e-01	   2.6905584760401563e-01	   1.3152307252984002e-01	   4.4193196300535803e-01	   4.2309297397846418e-01	  -5.5872343294525111e-02	   2.5395459294057957e-02	   5.2308026970262833e-01	   4.1517139389551050e-01	   6.1645151493497152e-01	   7.3918052038290316e-01	   3.5749694147846922e-01	   4.0756868973178323e-01	   2.3581483109112372e-01	   4.7984458814065589e-01	   6.6154541897325703e-01	   4.8556093729338956e-01	   3.8504814566076456e-01	   5.0669874811452975e-01	   1.4905586726942888e-01	   2.0222636005365535e-01	   3.3532836874176977e-02	   1.0614707539547752e-01	   1.9649883626158421e-01	   1.9839893511331150e-01	   1.6866642502371726e-01	   4.2877355220423874e-01	  -3.6397514528498270e-01	  -2.9718489833107137e-01	   8.4327309171984099e-01	   5.2750506631189775e-01	   6.0460411762824662e-01	   4.8534324382092231e-01	   3.2120284424277240e-01	   3.9514081588567707e-01	   2.7174192865227981e-01	   9.1905351539643618e-02	  -2.5469558208190062e-02	  -1.1924731177301526e-01	  -6.1183022733177168e-02	  -1.6814216820237669e-02	   1.1495534575303661e-01	   1.1601286758801555e-02	   3.2143413526325493e-02	   1.5499161397126002e-01	  -7.1738550077343935e-02	  -3.0497566866566867e-02	   1.2079508899228147e-01	   3.8584283831757586e-03	  -1.4101941040270763e-01	   4.0467723494288212e-02	  -1.9587220849482129e-01	  -1.7822130045520485e-01	   2.1933495351712737e-01	   1.9393033343332561e-01	   2.0605282620321891e-01	   3.9338512327130526e-01	   5.5237594298208836e-01	   5.5814000122365059e-01	   2.8279462515889298e-01	   2.9194234834690636e-01	   3.3255433249450628e-01	   1.8758428409691114e-01	   6.5306640438683131e-02	   1.3453727638222124e-01	   1.8320267346926439e-01	   1.2914855336775027e-01	   1.3029969949796247e-01	   4.0597484842548881e-01	   1.0969217973811299e-01	  -1.4943587205438016e-01	   5.6609914137414494e-02	  -2.9329175626356667e-02	  -1.4953831999490552e-01	   4.8509088713900939e-03	   1.8205312886398600e-01	   1.2986259187854785e-01	   4.3312902666035225e-01	   4.3270021901679623e-01	   1.1764158898550206e-01	  -4.2986701688992285e-01	
   2.7114460045216904e-01	   1.6043136826287474e-01	   8.1736997074491402e-01	   9.5840806399646639e-01	   1.0172975952966488e+00	   0.0000000000000000e+00	   7.1474167387073106e-01	   9.5969390575679447e-01	   7.5180249819103451e-01	   9.8682216550909940e-01	   5.2475779087419971e-01	   3.9801041386267511e-01	   7.6722279524142389e-01	   7.2420892229339462e-01	   5.3846992621169931e-01	   6.3525243176012369e-01	  -1.2751298910649786e-01	  -3.9719091057724094e-02	  -3.6963035342998989e-02	   1.9461275800587702e-01	   5.9409379614971980e-01	   4.0987280804533416e-01	   3.7475174822549751e-01	   2.0297214279739312e-01	   4.1554997333572935e-01	   3.7897030852660935e-01	   2.8439711767038783e-01	   2.5813154255900667e-01	   2.0738333681778090e-01	   2.6032696689989965e-01	   5.0118393530341088e-01	   4.1448049232849082e-01	   7.2340606878173053e-01	   6.0366962058786544e-01	   5.7798112985774253e-01	   3.8151782589876487e-01	   4.1310151843778187e-01	   3.2524210699894401e-01	   6.4271035144144384e-01	   5.6050712738888664e-01	   1.5354755325431835e-01	   1.3153012805855180e-01	   6.1137711957740082e-01	   4.0710395699127078e-01	   7.4038635088061655e-01	   8.2683986480428007e-01	   5.3325512869681602e-01	   4.9257661094754063e-01	   4.0057193476843789e-01	   4.6136135282407637e-01	   7.4302044433754466e-01	   5.3509302129134406e-01	   5.3146305867515786e-01	   5.7898493297259668e-01	   3.8354314758636476e-01	   4.1618387991193651e-01	   1.2292057709820456e-01	   1.6857712741940195e-01	   2.9096919504002999e-01	   4.0934062833170670e-01	   2.2672510812605773e-01	   5.4596248224571697e-01	  -3.2286121940987994e-01	  -1.3326002224642702e-01	   6.8627722394042079e-01	   7.2398152825219320e-01	   7.5816352851967039e-01	   6.8532122991256506e-01	   5.9841059149169606e-01	   7.7066467619567969e-01	   3.5136867793643400e-01	   1.9231548121538822e-01	   3.6954066417110694e-02	   1.5962324314258574e-02	   2.8957498883777208e-03	   1.0188732428676638e-01	   2.2382495399149788e-01	   1.6894264151572697e-01	   1.4007042755414911e-01	   2.1701054892612581e-01	   1.3781916743039618e-03	   9.8297447398018767e-02	   3.6708837011308870e-01	   1.7253877555809338e-01	  -1.5144337367754387e-02	   1.8265368585133332e-01	   7.3444359985959218e-02	  -4.0894358849887902e-02	   4.2035671070621550e-01	   3.5125657410187150e-01	   4.1783690550826857e-01	   5.6403777525974630e-01	   6.1266174228192849e-01	   5.4020442855915551e-01	   4.3923413724036448e-01	   3.5062995649154688e-01	   5.2739591427608667e-01	   4.4355609226027448e-01	   2.9357315995586547e-01	   3.1083346287841723e-01	   4.9803565241534986e-01	   2.8631230186959344e-01	   3.5078838714117966e-01	   5.1946252585119068e-01	   2.5659805375423816e-01	   1.4229839956764587e-01	   2.5672949439749176e-01	   2.6531131921446355e-01	  -1.3316974951414065e-01	   1.8691145362145192e-01	   4.1597943153209394e-01	   3.5711453297045659e-01	   5.5148286827954485e-01	   6.6200139852719697e-01	   3.4625057910423429e-01	  -1.0282126494392693e-01	
   6.9591967168180641e-02	   8.0566754803575419e-02	   1.1103948205293495e+00	   4.9280338915248684e-01	   8.1453867338111341e-01	   7.1474167387073106e-01	   0.0000000000000000e+00	   8.5398427047563241e-01	   1.1210211319038785e+00	   4.9099102669052941e-01	   4.3126041265678677e-01	   3.2390592096856202e-01	   7.2741082516192179e-01	   4.5251611999994584e-01	   4.5135846465143642e-01	   2.7472773110485527e-01	  -1.0369466852640850e-01	  -2.6573551553076953e-02	  -1.6480150063316679e-01	   5.3395713395924020e-02	   3.2001776296425205e-01	   1.2628339820808168e-01	   2.3432063737624698e-01	  -8.2756996031264005e-02	   1.2631897307446591e-01	  -2.5213235342549319e-02	  -2.4925438240791825e-01	  -2.0291214980063771e-01	   5.5392181143968133e-01	   5.5310086590548091e-01	   4.2330236744914523e-01	   2.3468879591140135e-01	   5.0684161215364532e-01	   3.9541661756926350e-01	   2.4746349249155683e-01	   2.8899202766777660e-01	   1.0773184702973318e-01	   3.7022616365959542e-02	   5.1429272504460832e-01	   3.7469639076537675e-01	  -1.1724542677532408e-01	  -8.2646808061685575e-02	   2.7886375356332777e-01	   9.3616423237212185e-02	   5.2838035191615318e-01	   4.9777838752864267e-01	   2.0602214094034982e-01	   1.5592001302670860e-01	  -6.7128620777939050e-03	   1.2954951160949374e-01	   3.4133432775233402e-01	   1.9192215788852898e-01	   2.2355029733213855e-01	   2.7780815771987089e-01	   1.8769975493627541e-01	   1.7266033612507628e-01	  -1.3105817772192155e-01	   7.3468529076462412e-03	   5.3523405634170922e-03	   1.6644491697826538e-01	   1.6175792688091203e-01	   5.3787432275757996e-01	  -2.2524203071440610e-01	  -4.3666809985896789e-02	   8.7670755209744455e-01	   3.1729198321912927e-01	   4.6423557297629386e-01	   4.5280811932386733e-01	   2.1753552808062523e-01	   3.2355093410204838e-01	   1.9936701323719830e-01	   6.9288665707150171e-02	   1.7052426387310249e-02	  -5.9981906073126354e-02	   5.2001560807412011e-03	   2.8459002371114005e-02	   1.1793604411976111e-01	  -1.3136130905556513e-02	   8.5301490343519790e-02	   1.4187838634724798e-01	   2.4424333231382756e-02	   8.1382012434200526e-02	   2.7899972353608654e-01	   1.9526907938699412e-01	  -2.7889222664014679e-01	   2.6630416400733034e-02	  -1.8035392456921434e-01	  -1.7105637121195832e-01	   9.6620772958038059e-02	   1.0187168003374257e-01	   2.5334682243443657e-01	   4.6116912149774159e-01	   3.9760729614522461e-01	   5.5952197635837031e-01	   4.2210260046793530e-01	   3.2377486225427954e-01	   3.9673945402736077e-01	   1.8563466378256854e-01	   1.5466379860952417e-01	   1.4551819781031461e-01	   3.9977312707091162e-01	   3.0894822098840674e-01	   2.7075962913219492e-01	   6.0056205329373591e-01	   3.3586623660305587e-01	   1.7617238093679970e-02	   1.6649129591216702e-01	   1.7335653200747023e-01	   1.5214392709919511e-01	   1.5416531240195475e-01	   3.7672959044691939e-01	   2.8282937126624808e-01	   6.1339979627219532e-01	   5.4162726235311021e-01	   2.4874406246016501e-01	  -9.5086695683336497e-02	
   1.3101930108674525e-01	   2.5659214196108793e-01	   6.6183904325983733e-01	   9.9760074822337397e-01	   6.3404199774019521e-01	   9.5969390575679447e-01	   8.5398427047563241e-01	   0.0000000000000000e+00	   5.9409805954455408e-01	   5.7771731530664461e-01	   3.4078728762832428e-01	   5.8969234182524388e-01	   5.2444330612812617e-01	   8.7300223533498045e-01	   2.7334892921485310e-01	   3.2881276557361716e-01	  -4.0645626135265248e-02	  -3.3553337493270365e-02	  -8.4034307754752957e-02	   2.6096205806401507e-01	   5.2084953861865113e-01	   4.4423065292139946e-01	   2.7193660411044940e-01	   2.2057189938667343e-01	   2.6400062046270323e-01	   1.8853750672152195e-01	   9.1568533538916072e-02	   9.2951771995362586e-02	   3.2658114447885761e-01	   3.3450189946316228e-01	   3.6835151633742552e-01	   3.0541021108922684e-01	   7.7209182443730551e-01	   8.4368914961297747e-01	   4.5478444721619238e-01	   5.6566715330948614e-01	   3.4099726625325089e-01	   3.9095190948776787e-01	   5.7324421333006814e-01	   5.2863725830770447e-01	   1.5926686626779568e-01	   2.8770179453225203e-01	   3.6671922514590782e-01	   2.5504582386839925e-01	   8.5984914605600316e-01	   8.3629404103641125e-01	   3.4132376484844090e-01	   3.5788734262330940e-01	   2.1296751163592481e-01	   3.3817197682154532e-01	   5.3736127155138202e-01	   3.7086526743356141e-01	   4.7612751437523348e-01	   4.0538435253494093e-01	   4.1334038603124634e-01	   4.8700040549505824e-01	   6.2297870520077667e-02	   1.6079047060907004e-01	   1.4842793480507471e-01	   4.8059280996139786e-01	   1.7197114862616289e-01	   6.9080363630001984e-01	  -2.0946490714694443e-01	   5.1499626217236173e-02	   6.1392604472469670e-01	   6.5019718945226535e-01	   7.9105514570775681e-01	   1.0462455435665805e+00	   4.3971106582610814e-01	   6.8568583901795788e-01	   3.6611336308492870e-01	   2.1919818911843650e-01	   2.3825756429044867e-01	   1.5045549390716309e-01	   2.0153225362910399e-01	   2.2456915093328347e-01	   4.3676402858729557e-01	   3.7336641851322233e-01	   1.9383259571317316e-01	   1.3745643600802782e-01	   6.0885527345170443e-02	   1.3186055264829150e-01	   4.8268747272684609e-01	   3.2967014960240915e-01	  -1.7507120332649043e-03	   3.4913444692582779e-01	   1.9346683310513438e-01	   1.4608902752103872e-01	   2.8985982330047544e-01	   2.9686803831355107e-01	   5.2759391419699386e-01	   5.0144238057360058e-01	   6.3461831195286755e-01	   5.1842229671867712e-01	   5.9198191978483061e-01	   3.4042618995352208e-01	   6.5149047352465972e-01	   5.8659374139796749e-01	   4.4861087859294407e-01	   3.7476070887603863e-01	   5.6366961663491266e-01	   5.9966614458184142e-01	   5.5008033765278552e-01	   7.2331015994367143e-01	   4.8151309096962858e-01	   2.8072852778537138e-01	   4.8695336053582944e-01	   5.1363425292451059e-01	   3.6009510851633766e-03	   3.7015044885737969e-01	   6.4631193228112171e-01	   5.3122500075843082e-01	   7.4846274777034749e-01	   7.8754239674293181e-01	   4.4012110795804726e-01	   5.6551272704761318e-02	
   1.1307480715333706e-01	  -1.3867432566150611e-01	   7.6438427991844060e-01	   2.9319833532922090e-01	   9.8650279908508165e-01	   7.5180249819103451e-01	   1.1210211319038785e+00	   5.9409805954455408e-01	   0.0000000000000000e+00	   9.1190320843595740e-01	   6.7728795856474466e-01	   3.3567817348204820e-01	   1.0010013568499605e+00	   5.4880748461511508e-01	   7.9035460540295577e-01	   4.0155614331792849e-01	  -9.8845280178780567e-02	  -4.8007353205191325e-02	  -1.9756132229195364e-01	  -1.2845010010392321e-01	   1.2634046870666341e-01	  -1.4277336086411860e-01	   1.5991647631217537e-01	  -3.2092340377440909e-01	  -1.2947667992055576e-02	  -1.6318395018540185e-01	  -3.2461150353450624e-01	  -3.7403369800418745e-01	   3.1415929732738312e-01	   3.0819960620383757e-01	   2.9812224134434162e-01	   9.9745722371313725e-02	   4.1529081360765813e-01	   1.6362092328181826e-01	   1.9143819743333323e-01	   1.4756939387681037e-01	  -1.0207045327219241e-01	  -2.8796014075966248e-01	   1.9139057737542636e-01	   8.3875295972774183e-02	  -3.1424081769212675e-01	  -3.4047496689435536e-01	   2.4998523055993549e-01	   1.2106657247729580e-01	   4.0465669303616825e-01	   3.5509816408880768e-01	   7.0299003613862820e-02	   6.3872103324148471e-02	  -2.4994512862288331e-02	   1.0023346525128889e-01	   2.1068076679800340e-01	   8.2888814374142028e-02	   2.4150687613253785e-02	   1.5415969375222860e-01	  -1.3773082336791898e-01	  -1.7136449888100158e-01	  -1.1579651462932763e-01	  -1.9606676347957047e-01	   7.1659058091748801e-02	   5.2792605836743098e-02	   2.6920109483753252e-01	   5.9464910541328519e-01	  -2.1179295102591586e-01	  -5.5019666326996911e-02	   8.2755633336671330e-01	   2.8634355031257430e-01	   2.8741526921013338e-01	   2.3553073094618818e-01	   1.7819273993823764e-01	   2.3292934687735001e-01	   5.0829121941975586e-02	  -1.2519634039872507e-01	  -2.0802133969177905e-02	  -9.8090872371199192e-02	   6.8112290816159651e-03	  -3.4649269884064957e-02	   8.6367600631829192e-03	  -1.9463416817046431e-01	   5.4936293301450492e-04	   4.9852178319944762e-02	  -1.1221832011049877e-01	  -1.9711465428849390e-01	  -3.1377108656634692e-02	  -1.2416568081764583e-01	  -5.3270064413521090e-01	  -3.3729767338055111e-01	  -5.6947698274381087e-01	  -6.3579726692757210e-01	  -6.6348958194216517e-02	  -1.0636800422178103e-01	  -1.3174610429175749e-02	   3.3510251512294997e-01	   3.8193297504955676e-01	   7.1103289540274517e-01	   8.5531846525221292e-02	   1.5109521150475097e-01	   4.4601528943984212e-02	  -2.2325129838264051e-02	  -1.1577246213989821e-01	  -3.2924747433388207e-03	   1.6719744161160119e-01	   1.6263018062296583e-01	   9.1501069161581003e-02	   3.5717466190146385e-01	   1.2321133827938904e-01	  -2.1205584662352375e-01	   3.0794172682552377e-02	  -1.7442741961421745e-02	  -1.1145245146748628e-01	  -1.4444325547541653e-01	   7.0093722072627540e-02	  -2.5808692663155499e-03	   2.6904240006829655e-01	   2.4639530686211908e-01	  -4.1736944691456314e-02	  -3.0990432563790460e-01	
   2.2136307443089104e-01	  -1.2105088241992419e-01	   6.5748326412843983e-01	   5.8300111923622122e-01	   8.3901440151524409e-01	   9.8682216550909940e-01	   4.9099102669052941e-01	   5.7771731530664461e-01	   9.1190320843595740e-01	   0.0000000000000000e+00	   6.0219162693619399e-01	   3.7771797598957541e-01	   8.9411592662250750e-01	   8.1442667170142780e-01	   7.2040674142956529e-01	   6.5079121396847506e-01	  -2.0221844609992884e-01	  -1.2288516172881654e-01	  -2.5108270160690654e-01	  -1.5806520265813898e-01	   2.7237977301142896e-01	   8.3033628389679856e-02	   4.0667817933429484e-01	   1.0859199879855433e-01	   2.2306932883659203e-01	   1.5879694994344243e-01	   1.1860214612726756e-03	  -9.7826613892163503e-02	  -1.0320532549124925e-01	  -4.8699229727126675e-02	   3.5059988298581546e-01	   2.6574156358489592e-01	   3.3902080119088074e-01	   2.2251524570590320e-01	   4.1460624106020538e-01	   2.4331255252950124e-01	   1.2543271317915797e-01	  -1.7254337533640789e-02	   1.5258763682458382e-01	   1.8607272860948268e-01	  -3.7510158108628892e-02	  -3.3706743747922790e-02	   4.8956371227340684e-01	   4.0946712162814058e-01	   3.5846575334887948e-01	   4.7055592412939329e-01	   2.5532593636169382e-01	   3.0495824984353109e-01	   8.0667165284545941e-02	   1.8385087701056707e-01	   3.3218776144254170e-01	   3.0844212604794796e-01	   7.9930064367237041e-02	   2.4436840805732737e-01	  -6.9634682052369806e-02	  -2.4746843781612307e-02	  -2.7155208315537117e-02	  -1.3820803110735694e-01	   1.0547904223807246e-01	   1.0926955715675189e-01	   2.7882914258902514e-01	   6.3501361343809559e-01	  -2.7150418545264521e-01	  -2.1790471837998721e-01	   7.0746218185338028e-01	   7.0078166139425480e-01	   3.0044345159851288e-01	   2.6249067718839114e-01	   2.8263917521627402e-01	   3.9881177422182290e-01	   1.5092975126117428e-01	  -4.6091821766664307e-02	  -1.3433975307798430e-02	  -9.1805154387683538e-02	  -8.0926026475562781e-04	  -2.8177495517351627e-02	   9.9514231479189905e-02	  -2.1039225162413199e-02	  -6.4552360806985898e-02	  -4.6216034580697438e-02	  -2.9611472275845352e-01	  -3.9668259148388807e-01	  -7.4073378629526843e-02	  -2.1959674580635510e-01	  -2.6083183989181524e-01	  -1.8499562958826796e-01	  -3.0676172030681270e-01	  -4.9641941658967481e-01	   1.9513461190607687e-01	   8.8659163243343164e-02	   6.3907080793269969e-02	   3.0914237680035961e-01	   6.8069501666306109e-01	   5.7901941955421632e-01	   7.9352160552336654e-02	   2.8210220421794341e-01	   1.6206969998835369e-01	   1.8186043033489199e-01	  -7.5146320777626743e-02	   7.9377836585705117e-02	   3.5294824807790148e-01	   1.3762550323732056e-01	   2.3683322916209029e-01	   2.5342314388625831e-01	   2.2798394923182835e-02	  -1.3944098936568131e-01	   1.1139397732669691e-01	   1.1363191008805134e-02	  -2.6530909391522095e-01	  -6.3436227195139819e-02	   1.3495859661442036e-01	   2.3624240615091815e-02	   1.7686627028536914e-01	   2.4486637735596478e-01	   2.2812114672912571e-02	  -2.4414453464165695e-01	
   6.2598876571759232e-01	   2.4831658135161283e-01	   4.8818912100710077e-01	   3.8530730728169832e-01	   4.9292706104982953e-01	   5.2475779087419971e-01	   4.3126041265678677e-01	   3.4078728762832428e-01	   6.7728795856474466e-01	   6.0219162693619399e-01	   0.0000000000000000e+00	   7.3316331028602588e-01	   1.1281958507141256e+00	   6.2001669234241930e-01	   5.0519200622243765e-01	   2.1454389964058679e-01	   4.4310288317081747e-01	   4.6085812157907990e-01	   2.0357293388878472e-01	   1.9230042722809504e-01	   1.5277663448673667e-01	   1.5852094537525407e-02	   2.4199067478801590e-02	  -1.5907066862708036e-01	  -2.2286731014740180e-01	  -1.8919712969599403e-01	  -1.4291343340124621e-01	  -1.1404986922605767e-01	   4.4093780334666743e-01	   3.1302988211384264e-01	   9.4991019289945910e-02	  -1.2727280665168648e-02	   5.2131692274376285e-01	   3.5587631379795848e-01	   8.0264586495950432e-02	   2.9395980114812269e-02	   3.2764847381455998e-02	  -2.6338942045258651e-01	   1.4521620053998233e-01	   1.3383577902917740e-01	  -7.3580585910652265e-04	  -1.8263021293441062e-01	  -7.3265297428507029e-02	  -1.5227239198533282e-01	   5.2374245804959051e-02	   9.2894487761334216e-02	  -1.1305050521220433e-01	  -1.8062565889464277e-01	   4.4023102707460371e-01	   2.4066337212054867e-01	   3.2776930262190940e-01	   3.9540634506645767e-01	   2.9055482231587609e-01	   1.3981253743910807e-01	   2.0290360236882904e-01	   6.6023294201817490e-02	   4.4330972430741616e-01	   2.2022352182144242e-01	   5.8455716041260497e-01	   4.9651660520794083e-01	   1.0054473412983778e+00	   8.2877490006725996e-01	   4.6710500865066940e-01	   5.1758303748958645e-01	   4.0215505981581917e-01	   4.4587365694621400e-01	   1.4437140731873921e-01	   1.9725405658302952e-01	   5.5709447138433377e-01	   4.3725233799123409e-01	   4.8637353402942535e-02	  -3.0315456134051479e-03	   4.8889599101797000e-02	   1.1146085172564910e-01	   1.2420593176850325e-01	   1.7319205509228847e-01	   2.9596515786330413e-01	   1.0905869465824668e-01	   3.6683200482769596e-01	   3.9652544144076601e-01	   3.7124556182526214e-01	   8.9221032773584980e-02	   1.7147131694071630e-01	   1.7561413752687935e-01	  -9.5469150614691300e-02	  -9.2688644319972618e-02	  -2.1284894471283422e-01	  -2.9531212943612306e-01	   4.9321048810933243e-01	   4.6833400323557783e-01	   8.4587866294798322e-02	   2.3451220748921017e-01	   7.3835400451383190e-02	   1.4271714965196566e-01	   4.0283462790404928e-02	   3.2945469889612201e-02	   2.4428093761427725e-03	   1.1295914328493005e-01	   9.9269484037768294e-02	   2.3271971715198744e-01	   2.3993906590632424e-01	   2.1706328612690318e-01	   1.3232424689866326e-01	   8.4264133368400385e-02	   4.7605432086597302e-02	  -4.9233183141669100e-02	   3.6991857616959023e-01	   1.5215634635166825e-01	  -3.2107511594436172e-02	   4.7694445946651655e-02	   1.1524371322173861e-02	  -9.3510294505121140e-03	   1.8360819095775624e-01	   2.2276351326194133e-01	  -3.8579295843822518e-02	  -1.6755142062490821e-01	
   4.4123006063587517e-01	   4.0992619091486127e-01	   1.6683925572556627e-01	   4.4956278668791527e-01	   3.0994876700685420e-01	   3.9801041386267511e-01	   3.2390592096856202e-01	   5.8969234182524388e-01	   3.3567817348204820e-01	   3.7771797598957541e-01	   7.3316331028602588e-01	   0.0000000000000000e+00	   4.8666699626228566e-01	   1.0891179354054672e+00	   9.4146163869893509e-02	   2.5694749464320055e-01	   3.7483245632048956e-01	   4.0038727492673487e-01	   5.6463218650942303e-02	   3.3959162423698774e-01	   1.6811538213522859e-01	   1.7858200697126594e-01	  -1.4964066213060084e-01	   2.6721035892579383e-02	  -2.7744200426310528e-01	  -2.5570737513116126e-01	  -8.8956070910846091e-02	   8.5487142594540266e-02	   3.6257208837295235e-01	   3.4703530417884604e-01	  -2.7659599840224872e-02	  -6.4057487257959317e-02	   4.6168134696986163e-01	   5.6373488257285875e-01	  -1.0968016943895181e-01	   1.2220624523346733e-02	   8.7386715402574158e-02	  -7.1539995741243118e-02	   1.0862079433978158e-01	   1.6252571063919538e-01	   1.4382285003107920e-01	   1.0905161592610846e-01	  -1.5550898901534996e-01	  -2.1828231330193310e-01	   6.0806833257982855e-02	   9.3103653326541053e-02	  -1.8880323610106226e-01	  -1.6005310719491492e-01	   4.0100375142417977e-01	   1.7155585001113910e-01	   2.6385970108055190e-01	   3.3021850443200279e-01	   3.1894184363392808e-01	   7.3516271443958489e-02	   2.3611116077130917e-01	   2.1549518092197881e-01	   5.3757258767926508e-01	   2.8572745229013130e-01	   4.8445355379732558e-01	   6.9508456469090008e-01	   5.6096753953310508e-01	   9.0892320131980198e-01	   4.3167395411451642e-01	   7.2740085775176211e-01	   1.2704299726382304e-01	   4.3388178348868400e-01	   1.6087601444330638e-01	   3.9661729850841104e-01	   5.4867826607710024e-01	   4.6541819294820524e-01	   1.5909108505248920e-01	   1.3775910554506637e-01	   1.4625007287766537e-01	   2.4319340663476319e-01	   2.0879642518104091e-01	   4.1572576716862009e-01	   3.5631699476546230e-01	   3.9808219548218948e-01	   4.2525870428780765e-01	   1.8563975979336819e-01	   3.7851548163082460e-01	   2.7503913243239131e-01	   3.0796384229619173e-01	   4.5236066660019736e-01	   2.3351912306112514e-03	   2.8637167025611526e-01	   6.8369479843529007e-02	   4.9351857196272650e-02	   3.3112236993205824e-01	   5.8647261216900781e-01	   1.8649156697802122e-01	   1.5460126175633504e-01	   1.5668112161776193e-01	   3.3590702327265826e-02	   1.5385752649177928e-01	   3.3091925272597855e-02	   1.1236793729313836e-01	   1.6971080308101544e-01	   2.0698133293574728e-01	   1.9547150922206463e-01	   5.4869612411340063e-01	   3.4951069133857238e-01	   4.3709573863238316e-01	   2.1018879565538445e-01	   2.1382042499075093e-01	   1.6772766531182183e-02	   4.8060383968821557e-01	   3.2230151087635395e-01	  -9.8117879878647594e-03	   1.3972566032678124e-01	   6.0108053451277732e-02	   8.6714495857281720e-02	   2.9474427435976841e-01	   3.7097509840617954e-01	   2.2178408621160550e-01	   1.6035497577142863e-01	
   3.7694830358433928e-01	   1.3464487879756804e-01	   7.6915374261249769e-01	   4.4292442756150580e-01	   8.7314112294476054e-01	   7.6722279524142389e-01	   7.2741082516192179e-01	   5.2444330612812617e-01	   1.0010013568499605e+00	   8.9411592662250750e-01	   1.1281958507141256e+00	   4.8666699626228566e-01	   0.0000000000000000e+00	   6.8334853854426769e-01	   6.7927022911465473e-01	   3.9658561824145105e-01	   1.1289378360965253e-01	   1.6069026389108504e-01	  -1.1703570287346121e-01	  -2.2700293231119609e-02	   2.6700319525470140e-01	   7.2234488034522468e-02	   1.3092508664684013e-01	  -1.4150114622410565e-01	   1.8588613566280627e-02	  -2.9073466680384234e-02	  -9.2906115686818974e-02	  -5.5745276364833708e-02	   3.0083753327589069e-01	   2.6274575883944401e-01	   1.9789832814996602e-01	   4.7817095081206518e-02	   4.5062749309551708e-01	   2.6778930974704279e-01	   2.4837022559555239e-01	   1.7187380289168869e-01	   6.4772001278082011e-02	  -1.4080111652659683e-01	   2.3958360316795008e-01	   2.2619742832808792e-01	  -5.1634747178773872e-02	  -1.8574074534632820e-01	   1.5324877032652817e-01	   2.4706758306139696e-02	   2.5245583348311185e-01	   2.8098970870696066e-01	  -8.3216767047911040e-03	  -1.6895078995293054e-02	   2.7814628182695300e-01	   3.0285683173733036e-01	   3.6375624444601240e-01	   3.5423120973329852e-01	   2.1534292384487391e-01	   1.6319510318717767e-01	   7.2567951057873656e-02	   3.6122602585828771e-02	   1.6780322951422377e-01	   9.6495816350630426e-02	   4.2708834674822460e-01	   3.7277380777059471e-01	   7.4672322427187865e-01	   7.0946058437086579e-01	   1.0684163637485143e-01	   9.0679719217485605e-02	   6.5533209997174857e-01	   4.5510482191095192e-01	   3.0905912351712705e-01	   2.7857474926042303e-01	   4.0677933889592749e-01	   4.2430793536661077e-01	   8.7013406757832049e-02	  -2.5731802116750468e-02	  -6.3201117241079904e-03	  -2.9670966950880073e-02	   3.9802418806530243e-03	  -8.1971281365775285e-03	   1.4589555670257742e-01	  -4.7481552355511408e-02	   1.4280990123507659e-01	   1.6693523912737065e-01	   1.1174096647536924e-01	  -8.4493775580686187e-02	   1.2564702827229601e-01	   7.6171455974479302e-02	  -3.1855270066250291e-01	  -1.8369043084940295e-01	  -2.5878737456780571e-01	  -3.7397937989363539e-01	   3.4498496358201430e-01	   2.8852768104443799e-01	   1.1059227258983270e-01	   3.1058906320669638e-01	   3.8119386098938485e-01	   3.3431097456907766e-01	   5.7281237156605665e-02	   1.9195948130694251e-01	   4.9269440655237272e-02	   4.5261164346473801e-02	  -2.9163053133188527e-02	   1.4239071414916038e-01	   2.9674338448166671e-01	   1.7037465072413172e-01	   1.1893176468120732e-01	   2.4529156461024404e-01	   2.6489152210931958e-02	  -1.2364253992785072e-01	   2.2921119560502146e-01	   1.0515651842588529e-01	  -4.9652494731258788e-02	  -6.7850451537840688e-03	   2.3719487406656508e-02	  -1.8620970242204701e-02	   2.4576930306751149e-01	   2.3574181023809154e-01	  -5.7968896523159973e-02	  -2.4562704452245321e-01	
