   0.0000000000000000e+00	   8.9196414675524116e-01	   5.4742103538805897e-01	   3.6480379548858183e-01	   4.4464361913682060e-01	   5.6292653216599498e-01	   5.3644361795773254e-01	   4.0378070705890423e-01	   4.5890275297932731e-01	   3.7506088730758946e-01	   4.3766830954668623e-01	   5.2272442880632530e-01	   4.0639804598724244e-01	   4.1976969454814855e-01	   5.3674787951803837e-01	   2.5085588302602713e-01	   5.9782376795727732e-01	   5.8173487762226084e-01	   5.9535079936346136e-01	   5.2841025853177581e-01	   4.8886241675026065e-01	   2.7731134764548265e-01	   3.9659436950117050e-01	   3.1136363318009702e-01	   5.8115505095339537e-01	   5.7923115252116475e-01	   6.8763743585059822e-01	   5.3412628405059337e-01	   4.7542418572603229e-01	   5.2402285627395229e-01	   3.9622265048060246e-01	   3.8660662438561305e-01	   7.3066295762320599e-01	   7.0793968950518538e-01	   2.2968834485586268e-01	   3.1156574329145020e-01	   3.6903380094121430e-01	   1.6818934910045796e-01	   6.6244383003888380e-02	   2.2870078517607467e-01	   2.2561386856492827e-01	   1.1000785266864438e-01	   8.2464263654279746e-01	   7.4276811071363213e-01	   6.1008114950357639e-01	   6.2479350126131705e-01	   7.4779219247460083e-01	   8.3497504050951732e-01	   7.5965892216122244e-01	   6.2418573570981217e-01	   8.0779464993174233e-01	   5.9153916540134110e-01	   5.7719902521929711e-01	   7.5302797248170406e-01	   6.2844267804572573e-01	   8.6788854026364071e-01	   1.1579749258154268e+00	   7.5733610300916121e-01	   9.5231078283712645e-01	   6.4918799996283216e-01	   6.4742293149879204e-01	   4.3443610581790354e-01	   4.8178349850261415e-01	   5.1926971199307048e-01	   2.0017069932854575e-01	   1.7555071174727832e-01	   7.3748290124150584e-01	   6.8686854113717011e-01	   8.0088922972336818e-01	   5.2436181233049350e-01	   4.9997825410430052e-01	   1.8247551508491228e-01	   5.1666369268811785e-01	   4.7687097475224682e-01	   7.4705921409411125e-01	   6.1597443471701896e-01	   1.0039878280947365e+00	   7.1105204279374978e-01	   7.2342658489218481e-01	   3.7385344356531369e-01	   7.0757918566760458e-01	   5.9419534354326375e-01	   2.3519816895851375e-01	   2.6045267180860954e-01	   3.6712779379892502e-01	   4.2435574786957236e-01	   3.5647847328770621e-01	   2.8153598532089408e-01	   2.6260856209376648e-01	   4.9943020396847193e-01	   4.9474956944395421e-01	   6.7401992235471675e-01	   3.7279276648135479e-01	   5.4868165611895980e-01	   2.8906836617833787e-01	   8.2621570721083870e-01	   6.5763833296257479e-01	   8.5173490624499937e-01	   7.4121546088615242e-01	   9.7165427736449206e-01	   5.1206941745175749e-01	   2.8936642502035043e-01	   6.1368991449444477e-01	   8.2079743707100050e-01	   4.5754883696604071e-01	   3.2048043846592489e-01	   7.5080897065376784e-01	   6.0295862096261277e-01	   1.5512855638388758e-02	   2.4493960064299541e-01	   8.2532610993748756e-01	   9.7917595947440506e-01	   8.8054363925877266e-01	   8.4359557603722157e-01	   5.0540090473791610e-01	   1.8285750726675426e-01	
   8.9196414675524116e-01	   0.0000000000000000e+00	   5.2508704373033055e-01	   5.2904009972446620e-01	   5.9342708899406160e-01	   7.4743493777298708e-01	   5.3099234630356207e-01	   6.0969595628534778e-01	   6.8006787097946286e-01	   5.7240787620893019e-01	   4.3818536429953076e-01	   6.6482845874772201e-01	   3.6245233079598455e-01	   4.7348548269691648e-01	   7.3119285047294869e-01	   3.0824570317064348e-01	   5.2556509578426291e-01	   6.6098642459200629e-01	   5.4411143692537933e-01	   5.9734319039489281e-01	   7.0145579486108711e-01	   5.7264633097159090e-01	   5.6536216628400926e-01	   4.8549851561218327e-01	   7.0017052847154471e-01	   8.8715585741344816e-01	   7.4654695702874152e-01	   6.2730745719497927e-01	   4.6592906984221605e-01	   6.2616026735267649e-01	   5.2192579086256052e-01	   5.7256180343909047e-01	   7.6049777386974349e-01	   9.2426441695750716e-01	   4.1523124337434536e-01	   4.5733574637771635e-01	   4.4696658518569454e-01	   3.9843878432670393e-01	   2.2497810554343950e-01	   4.3533241509000103e-01	   2.0188835032593913e-01	   2.2823816337063224e-01	   7.1069850397695256e-01	   6.3253399165706581e-01	   5.8526185454429414e-01	   5.8211895336297070e-01	   6.9390140038070436e-01	   7.7901501320441435e-01	   6.1597621578246442e-01	   6.4384970796419427e-01	   6.6444305547332994e-01	   6.3300271362663962e-01	   5.3671982392781148e-01	   7.2905198822362505e-01	   7.1100511224804930e-01	   8.6993567363962154e-01	   7.6772317081899677e-01	   1.1163597881159504e+00	   4.8232206451464110e-01	   6.1042700918843928e-01	   4.4032631259748722e-01	   5.6485724189589370e-01	   4.1649264731435437e-01	   5.5655667350040783e-01	   3.8384546003234887e-01	   3.5231496185733668e-01	   6.1174220251736511e-01	   6.5469208282184210e-01	   4.9358534429111495e-01	   4.0816376517519193e-01	   6.6448366833282468e-01	   3.9315560817679013e-01	   4.1492971486841135e-01	   5.5039308235725948e-01	   6.0087588833075534e-01	   6.7107368932066636e-01	   8.6180349483891627e-01	   1.0429558943312969e+00	   7.0496607962230173e-01	   3.1433673291412634e-01	   8.1525448421060420e-01	   6.4956097246768107e-01	   4.6494948262392710e-01	   4.9085483227445975e-01	   6.0866780749052873e-01	   6.4152782808874131e-01	   6.5275808955460557e-01	   4.9262990586738131e-01	   3.9611842714568180e-01	   5.9122269707892949e-01	   6.7597911295352620e-01	   7.1420979112772032e-01	   7.5021727544693206e-01	   6.9927354142314080e-01	   4.4329948888608156e-01	   7.6190641745280452e-01	   8.0464587467172388e-01	   6.8044368137367028e-01	   7.6673947791912367e-01	   8.3718490434573090e-01	   7.5408138974981842e-01	   2.9391410939678170e-01	   6.8271355983672100e-01	   6.4281564075026332e-01	   6.9515451475788359e-01	   4.8096340282577310e-01	   6.7864744503671404e-01	   6.1562229111315614e-01	   2.4983475473740255e-01	   3.9506138995296791e-01	   8.9154030962445641e-01	   8.7389914845312267e-01	   9.0028985388179394e-01	   9.3298867096508453e-01	   7.4161977205667373e-01	   3.1669674680901883e-01	
   5.4742103538805897e-01	   5.2508704373033055e-01	   0.0000000000000000e+00	   1.1329559457514116e+00	   3.8828910751963547e-01	   4.2206331509540029e-01	   1.4151916897848889e+00	   9.3907750176233540e-01	   6.2261502411797043e-01	   6.2665392065963499e-01	   7.7350619393212894e-01	   5.3010093900289990e-01	   7.6475536952186873e-01	   4.9394744169924332e-01	   7.1914297393403936e-01	   3.4361423198548985e-01	   4.6696082417411122e-01	   4.8230776769559164e-01	   4.7853985546225070e-01	   4.4775127044782193e-01	   3.4317450768663788e-01	   3.4488583765775521e-01	   1.1287505594990919e+00	   9.9681074357027688e-01	   8.2758745545114709e-01	   6.3131418893506819e-01	   4.4033173715396845e-01	   2.2444114985484229e-01	   4.9390039298615124e-01	   4.4262525845149370e-01	   7.8365865434622239e-01	   7.0986038152931008e-01	   9.3433790147243756e-01	   7.7716848787728676e-01	   6.2616653271871914e-01	   6.3131568144471595e-01	   6.4132973644281066e-01	   4.2448295957820958e-01	   4.2374462660992496e-01	   4.9822162945341764e-01	   3.3597418575100851e-01	   3.8947031969440637e-01	   5.0346757129104647e-01	   3.3983172223262037e-01	   4.2603725631880707e-01	   3.7748298228202221e-01	   5.3051163584371908e-01	   4.9877057351961990e-01	   5.0493441059421318e-01	   3.7233492486529002e-01	   8.1379387853466389e-01	   5.0606186935637476e-01	   7.6100536270829322e-01	   7.6144923745235593e-01	   8.0097063937262258e-01	   6.4698138057169452e-01	   2.9990726329096662e-01	   3.4723942052165230e-01	   4.1056061837848806e-01	   3.0408809050264912e-01	   5.1343693658876643e-01	   3.2962845806475194e-01	   2.4183874960047316e-01	   2.0304050389920592e-01	   8.1413865844666045e-01	   6.6814039163105954e-01	   8.0027266502257099e-01	   6.8700193084569949e-01	   5.4763177561228482e-01	   4.0858648351959465e-01	   7.6784295333384611e-01	   3.3135887958391214e-01	   5.3855609596659859e-01	   5.0057226669430488e-01	   5.6240536767026073e-01	   4.4821967564619214e-01	   6.2177710463942204e-01	   5.6056371083295287e-01	   5.6434421850389327e-01	   4.3091064198752849e-01	   5.6655345654779166e-01	   6.4377697237443254e-01	   6.3168685896504762e-01	   6.0680332813025806e-01	   7.2912563519727436e-01	   7.1176738975039755e-01	   5.2747695488812429e-01	   5.7595556523192781e-01	   1.0399893037118155e+00	   8.2033399650985850e-01	   8.7347725536332244e-01	   1.0611713693167970e+00	   7.2350777895034946e-01	   1.0643137612886364e+00	   5.1497357313012915e-01	   5.5323860094353872e-01	   6.2140650508758011e-01	   3.8284323531544712e-01	   6.5339343300255315e-01	   5.6266388238757126e-01	   8.2151080957046596e-01	   5.5807184192507453e-01	   7.3061941275190234e-01	   7.0622840477497606e-01	   4.8101069717284095e-01	   4.3372554649517858e-01	   7.2359387994036262e-01	   4.3221935566664538e-01	  -1.9988420365890741e-02	   3.1598791138648247e-01	   8.0816532491090110e-01	   6.2225015805755868e-01	   6.1452777307721418e-01	   5.3674100007096426e-01	   4.2466136137451793e-01	   6.4116631311325681e-02	
   3.6480379548858183e-01	   5.2904009972446620e-01	   1.1329559457514116e+00	   0.0000000000000000e+00	   4.8190554762829163e-01	   6.2739573142346639e-01	   1.1490694675799573e+00	   1.5806719132608829e+00	   7.5212169557122621e-01	   8.7904080250895700e-01	   5.6827350892279305e-01	   7.3387947875409054e-01	   5.6350872102862926e-01	   6.4628232133507979e-01	   5.0490317162488541e-01	   3.5506713610762869e-01	   4.8231458544340622e-01	   6.0567844094361734e-01	   3.5157814983838659e-01	   4.8027327596510916e-01	   1.8092950149906478e-01	   2.6232415008132881e-01	   6.6003395877348581e-01	   1.1885808892443905e+00	   4.9741340348894492e-01	   6.1106136433195457e-01	   3.5114271652834855e-01	   2.6899826823089368e-01	   4.1117142643170113e-01	   4.8345245250941243e-01	   4.9436236774016118e-01	   6.0286147798433354e-01	   7.4583343981215433e-01	   7.8602532556975457e-01	   4.0362122735430239e-01	   5.6830945446620640e-01	   4.2935550674520195e-01	   3.4777466748271640e-01	   4.2353680537136529e-01	   4.8599893014584156e-01	   2.4307353580088470e-01	   3.8471377459594730e-01	   4.4454466182995045e-01	   2.8948658046114611e-01	   3.4350546234336127e-01	   3.6156552089531380e-01	   4.5009067261681324e-01	   4.3610101601765733e-01	   4.4881617801338664e-01	   4.5175618822288993e-01	   8.0931544315141990e-01	   5.7416047926359881e-01	   7.9416476333853381e-01	   7.6862066812228125e-01	   7.6107471685435957e-01	   5.5929616020993878e-01	   2.3625696545438984e-01	   4.4093703798538336e-01	   4.3470844391118263e-01	   5.1710217655380408e-01	   5.8697798510582500e-01	   6.4420378006199619e-01	   2.7555095155155251e-01	   2.9367127898598266e-01	   4.9940355834834804e-01	   8.5748713741033100e-01	   6.2238880530058438e-01	   6.7501987161983201e-01	   4.1024969942934547e-01	   3.7147198630348510e-01	   5.4770399588623553e-01	   2.5911524374386885e-01	   2.9328409859189231e-01	   3.7936583840080473e-01	   3.4362686735768383e-01	   3.9457404285565267e-01	   4.2867911714024137e-01	   5.9261883724639386e-01	   6.0244288902395104e-01	   4.9006605025488370e-01	   5.0335208782172780e-01	   5.3027505303788014e-01	   4.1486447609188049e-01	   4.7671838025110203e-01	   4.7237096748589957e-01	   6.0091432487173102e-01	   4.1104147730067231e-01	   3.9262866566077931e-01	   9.2995263672594075e-01	   1.0765415849896862e+00	   8.1012770857551353e-01	   7.4203178756584831e-01	   7.8836701935739528e-01	   7.1255060939972692e-01	   4.2184357018585178e-01	   4.5166411951367169e-01	   5.6623368311348099e-01	   2.4217462406962287e-01	   5.9507091728625661e-01	   4.1670059393222003e-01	   8.6253764052554449e-01	   3.3635249762577546e-01	   7.4889502948359488e-01	   4.8393395010527851e-01	   4.4626785387461787e-01	   2.3944150125603839e-01	   7.4935070506601409e-01	   4.4513493206189048e-01	  -2.0271220699074874e-02	   2.3641114781560080e-01	   6.8561184947098364e-01	   4.9202368372101313e-01	   4.7705516889492572e-01	   4.4448870921065220e-01	   3.7721638860198753e-01	   2.0065817675986714e-02	
   4.4464361913682060e-01	   5.9342708899406160e-01	   3.8828910751963547e-01	   4.8190554762829163e-01	   0.0000000000000000e+00	   1.2534918141458340e+00	   4.8430399783783018e-01	   6.1587352114253824e-01	   1.0085524697118773e+00	   8.8859723641267108e-01	   3.0713228438558021e-01	   4.3461166046418231e-01	   1.6891256680965100e-01	   3.7308126934281971e-01	   3.5132660595152587e-01	   1.5491685547244349e-01	   4.1675014910025304e-01	   3.9929975428872189e-01	   3.2274226586381916e-01	   3.4836206967526712e-01	   3.1865598426515601e-01	   2.2247055327155435e-01	   4.1347807474962139e-01	   4.7006516927335518e-01	   6.1222264755927869e-01	   6.2402011890815923e-01	   7.3195071035571757e-01	   6.7556202225849560e-01	   1.6818083643416396e-01	   2.5153091330576383e-01	   2.5153952599271479e-01	   2.8234654950749105e-01	   5.1936721127040353e-01	   5.3328067850154859e-01	   4.4009845501050127e-01	   6.3973074984281753e-01	   2.0032460955902928e-01	   1.7840752445195987e-01	   2.3955076863385269e-01	   2.5331319715353184e-01	   9.6053167772113965e-02	   2.0144970225930084e-01	   6.2919229094389695e-01	   5.5936538448909812e-01	   6.8599306312623676e-01	   6.8284568479838581e-01	   5.1902495540112037e-01	   5.4859263635373312e-01	   5.9290484244043984e-01	   6.6200302736934924e-01	   5.3882848730189303e-01	   6.4053920778909756e-01	   3.5153590378682364e-01	   4.9893178331298149e-01	   4.4867582094900982e-01	   4.9175394230290187e-01	   7.1173643471515746e-01	   4.8968623763405850e-01	   3.9491371144004828e-01	   6.4984437096534253e-01	   3.9663735892233104e-01	   5.3877266330214657e-01	   2.7502259160269138e-01	   3.8880518069912995e-01	   3.2083013536660521e-01	   4.0069696371184149e-01	   7.1699519737461270e-01	   8.0836079086693358e-01	   2.6527272799627277e-01	   2.2763416441424222e-01	   3.6650631749614104e-01	   5.0526021064763303e-02	   1.5407440341185830e-01	   2.3716405078555564e-01	   2.8488861796657650e-01	   4.2577449257379452e-01	   3.9451137662468055e-01	   4.8682009469895360e-01	   5.3400549952479692e-01	   2.7166278096951318e-01	   6.4862731469859292e-01	   4.9580001267000740e-01	   2.5830563547486807e-01	   4.6586518480836514e-01	   3.6927652739900840e-01	   5.2064939041967473e-01	   4.2837659546937729e-01	   3.5929016108068973e-01	   3.7463021209099390e-01	   5.1236957544616624e-01	   6.5471133797783410e-01	   6.8960102060511086e-01	   7.0305072853574901e-01	   6.0631571084683644e-01	   1.5980769465369499e-01	   2.9828800529961819e-01	   2.8222751644170851e-01	   3.2324513430947638e-01	   6.5509582394906307e-01	   4.9774336117580276e-01	   4.7822966915550064e-01	  -2.3152908386731463e-02	   4.9409816694602954e-01	   3.1075778099249513e-01	   4.2850501709725758e-01	   3.1260978723465394e-01	   5.4687671383937120e-01	   3.0148266077080504e-01	  -8.6549834492124431e-02	   1.8568976040179125e-01	   6.6347592563642965e-01	   6.6598411965250559e-01	   7.5388824183862491e-01	   4.5869159138973814e-01	   2.4375261718202781e-01	   2.9583388810100875e-01	
   5.6292653216599498e-01	   7.4743493777298708e-01	   4.2206331509540029e-01	   6.2739573142346639e-01	   1.2534918141458340e+00	   0.0000000000000000e+00	   4.6113103983298137e-01	   7.0752687037873874e-01	   1.0735239069389733e+00	   1.1188902535536205e+00	   3.4131114750543501e-01	   5.1610898152864693e-01	   2.4654628737520279e-01	   4.5296622372923412e-01	   3.9118617735578459e-01	   1.6790750385693415e-01	   4.1921673527328424e-01	   5.3069037958484522e-01	   2.4461666179487729e-01	   2.5946651780162511e-01	   3.6203453400748592e-01	   3.5277019839732743e-01	   3.9861342356757845e-01	   6.5060100852877778e-01	   5.8930897107224844e-01	   8.6487175052315857e-01	   6.7115528127603941e-01	   6.5100943257823196e-01	   2.9507563625920269e-01	   3.6572605380674883e-01	   3.1851962495218056e-01	   3.9890885393214287e-01	   5.1204825876188398e-01	   5.3879745710971017e-01	   4.0714122818720505e-01	   6.4397033001475479e-01	   2.9174083280235519e-01	   2.9185947654339861e-01	   3.4464759216339141e-01	   4.3384389365003539e-01	   1.1547888177847813e-01	   2.7713446066716019e-01	   8.7298578471622412e-01	   8.2492725457816274e-01	   8.0581620406358723e-01	   8.6817385902841671e-01	   7.5722677754236289e-01	   8.0350703588836325e-01	   7.6341562993883560e-01	   9.6711738185518825e-01	   8.0669896423629939e-01	   9.5060590369306541e-01	   6.6546407235501293e-01	   8.1647228323250853e-01	   6.9372791241299514e-01	   7.6501794963057956e-01	   7.3524734714974049e-01	   5.9198169573248316e-01	   4.5165748924338195e-01	   7.7027984715940190e-01	   3.7513087474920948e-01	   5.4072721932791834e-01	   2.4036963572799705e-01	   3.0477297090652655e-01	   2.8267044381719086e-01	   5.2357453429116796e-01	   6.2396199327182811e-01	   7.8353537674019624e-01	   2.0066104261505699e-01	   1.8353251128974019e-01	   3.0499648378304528e-01	   6.9504111538004468e-02	   6.3031500311052951e-02	   1.4851254558205240e-01	   2.0995304604934634e-01	   3.3172151499352026e-01	   4.5738770625374880e-01	   6.1748902931031191e-01	   7.0821147390969208e-01	   4.6803598265649260e-01	   6.1057915916193539e-01	   5.0883503064851154e-01	   3.2738396737632114e-01	   4.6850375846173353e-01	   3.5244281429441604e-01	   5.3461253666664366e-01	   6.3959350015703065e-01	   4.4378414528874177e-01	   3.7045951919767245e-01	   6.7700063879013883e-01	   7.0814544093327714e-01	   6.9891211473276604e-01	   8.4711563549763125e-01	   5.3909593420209845e-01	   3.2366292783113165e-01	   4.6544586394224530e-01	   5.3587819661954361e-01	   4.4042855549502991e-01	   8.2577182703190921e-01	   7.0477942570297392e-01	   6.4782162285298583e-01	  -7.9554712189975257e-02	   5.8486335863524830e-01	   3.1595591236673520e-01	   4.9817323131114594e-01	   2.6752028410506823e-01	   5.9205250554178168e-01	   3.7484045331850424e-01	   1.5417548470817409e-02	   1.6234595408241578e-01	   7.2072326191436953e-01	   7.9282066990690359e-01	   9.0399855643916227e-01	   5.3971106345403208e-01	   3.7961262558445225e-01	   2.6420749317098924e-01	
   5.3644361795773254e-01	   5.3099234630356207e-01	   1.4151916897848889e+00	   1.1490694675799573e+00	   4.8430399783783018e-01	   4.6113103983298137e-01	   0.0000000000000000e+00	   1.2124800002805147e+00	   7.1339741518076760e-01	   6.1963850379114127e-01	   8.5803643255536644e-01	   7.1381712358006610e-01	   9.2152512563112676e-01	   7.4893955313664751e-01	   8.1209731331679413e-01	   4.8195036329155827e-01	   5.3368044516419477e-01	   5.9795667512340844e-01	   4.9872500903322692e-01	   5.1882334299170618e-01	   1.8447358168769490e-01	   2.0591852930834448e-01	   8.1394585526968843e-01	   8.4927638191583088e-01	   6.3914917733423815e-01	   4.9503031907071610e-01	   4.6682546976669514e-01	   3.0158378373744665e-01	   5.2918429169439141e-01	   5.6339113400035190e-01	   5.6027396314066957e-01	   5.9707602292842310e-01	   8.6423779418560609e-01	   7.8766921379860699e-01	   3.8565352116784457e-01	   4.5003554151140046e-01	   4.2360669231347742e-01	   2.9317290366196541e-01	   3.1066003975967210e-01	   3.4433697954977249e-01	   2.3080987200112985e-01	   3.8757711459408800e-01	   4.1350433475912007e-01	   2.6751042048311391e-01	   3.3823644429110455e-01	   3.1142523579190051e-01	   4.1363750509592956e-01	   3.8698766466635781e-01	   4.5991337007594868e-01	   3.4181787532432295e-01	   7.4392783254037964e-01	   4.0898499532469934e-01	   5.6800438634503103e-01	   6.3330401673436953e-01	   5.8002435014947751e-01	   4.8909766514042841e-01	   2.7929317821920885e-01	   3.9494441619188575e-01	   4.2981993429965576e-01	   3.8590388013442867e-01	   7.5320952950618547e-01	   5.7105342808109849e-01	   3.0049288740731300e-01	   3.2997177405083000e-01	   5.8780338251362785e-01	   6.2767720188079690e-01	   7.1970127858035149e-01	   6.1599653286623457e-01	   5.4233601913911489e-01	   4.6991470034953531e-01	   6.9562950807385537e-01	   2.8834641001358546e-01	   4.6678584033431020e-01	   5.1791859618355607e-01	   5.4199810117661040e-01	   5.1298821425011987e-01	   5.2757596233434401e-01	   5.5724976021646255e-01	   5.4019631156676973e-01	   4.5768982430267324e-01	   5.6037474757840799e-01	   6.0555428872525774e-01	   4.9140553123605246e-01	   5.2458221862771437e-01	   4.8685967111358563e-01	   5.2331182810777932e-01	   3.4307765450246969e-01	   3.1093856416696097e-01	   9.2291639915163270e-01	   8.0805991825949819e-01	   6.7616114399641380e-01	   8.1397299831105585e-01	   6.3020543324089595e-01	   9.4200485142998192e-01	   2.8033157831110311e-01	   4.4201519592503485e-01	   4.1251650078164565e-01	   2.4271353808761209e-01	   4.6674306723620540e-01	   4.1892568251234946e-01	   8.2222504556132248e-01	   4.1310508635433113e-01	   6.7843858774465926e-01	   6.7574145138688491e-01	   3.5870631902250177e-01	   2.6616529651201731e-01	   7.9404501372665526e-01	   4.2014614310552439e-01	  -1.8873603819316384e-01	   1.1504279653873369e-01	   6.4552352132427482e-01	   5.0812298966403757e-01	   5.4650512215564406e-01	   4.7654810572589645e-01	   4.0108932119953916e-01	   4.7947747772966898e-02	
   4.0378070705890423e-01	   6.0969595628534778e-01	   9.3907750176233540e-01	   1.5806719132608829e+00	   6.1587352114253824e-01	   7.0752687037873874e-01	   1.2124800002805147e+00	   0.0000000000000000e+00	   7.5305874944988260e-01	   7.9477547140574090e-01	   6.7101677607551491e-01	   9.3671755423358394e-01	   6.3499671231410937e-01	   8.6991617308987212e-01	   6.2766625640428209e-01	   4.4056204272145849e-01	   5.1389056300777980e-01	   6.4197500497643456e-01	   3.4558187232319970e-01	   4.5023104373030987e-01	   2.5698272421245238e-01	   2.9225642578780642e-01	   6.8732079813926272e-01	   1.1448715247213361e+00	   5.9098266540641664e-01	   6.7908174704013469e-01	   4.4698086600251319e-01	   3.6387412890534926e-01	   4.5277137883052587e-01	   5.8311154492647888e-01	   4.9820610506005120e-01	   6.2944806757634186e-01	   7.2502257370357592e-01	   7.8903697752744972e-01	   4.1307684659841870e-01	   6.0254934257626991e-01	   4.1022265403767233e-01	   3.6246671962882265e-01	   3.9597666055915892e-01	   4.2792425894673181e-01	   2.0774303032863961e-01	   3.8474379949425669e-01	   4.9584464609042933e-01	   3.6768561693701801e-01	   4.3253517747498699e-01	   4.4007955779936514e-01	   5.0615978143718154e-01	   5.0152056962408875e-01	   5.1040114107222623e-01	   5.5149420786205106e-01	   7.6827958293426490e-01	   6.2374167721735152e-01	   6.8370762909447369e-01	   7.5027723933938928e-01	   6.8942679102631532e-01	   5.8195067498569164e-01	   3.0272937086285484e-01	   4.2672714237783305e-01	   3.6204081998679066e-01	   5.9193339685588897e-01	   5.4962987399879759e-01	   7.9599687313099265e-01	   2.3376848869631478e-01	   3.4596021801696802e-01	   4.9492538943014364e-01	   8.8003153195070705e-01	   6.0557466512147795e-01	   6.6486462088499287e-01	   3.3823124409473865e-01	   2.7819209119113669e-01	   5.6908237187310262e-01	   2.4419387759161057e-01	   2.8451648366475069e-01	   3.7683318037094149e-01	   3.8631924313993937e-01	   4.4889838069307941e-01	   4.3127562488275561e-01	   6.1233349995056197e-01	   6.2479665361939640e-01	   5.1158707285872385e-01	   6.3935505529533476e-01	   6.3875680100847698e-01	   4.5384424748376551e-01	   5.7622671714487128e-01	   5.1570107384848130e-01	   6.5238581329872813e-01	   4.9843578864856170e-01	   3.9963849160633791e-01	   7.5555905221174302e-01	   9.3969554492065166e-01	   7.6094446750827605e-01	   7.1842821098929310e-01	   8.6030396879751547e-01	   7.6948071736632129e-01	   3.4928460181566745e-01	   4.5589759013938314e-01	   5.0610232951171263e-01	   2.7152696894808354e-01	   5.8105210864761547e-01	   4.6542521196358455e-01	   8.3523009509308122e-01	   2.8115126798820916e-01	   7.1961599357805073e-01	   4.9496454544776147e-01	   4.4661760043727572e-01	   2.5017776265471314e-01	   6.3918292414819322e-01	   3.4484787044453985e-01	  -4.4029860876596785e-02	   1.5711974828400246e-01	   6.9086880484127500e-01	   5.7255977585842732e-01	   5.5918449033903717e-01	   4.8191648752960553e-01	   4.4935495268560927e-01	   5.4136145678084162e-02	
   4.5890275297932731e-01	   6.8006787097946286e-01	   6.2261502411797043e-01	   7.5212169557122621e-01	   1.0085524697118773e+00	   1.0735239069389733e+00	   7.1339741518076760e-01	   7.5305874944988260e-01	   0.0000000000000000e+00	   1.4741506496594452e+00	   4.2405864717412289e-01	   5.5472004961347976e-01	   2.8738623918501049e-01	   4.4313494915034690e-01	   4.5225270786005095e-01	   1.6075711016016134e-01	   4.3744895453607752e-01	   5.5885894804870806e-01	   3.9445295649801965e-01	   4.2681239275457494e-01	   2.1870157446348071e-01	   2.4269674687784265e-01	   4.7527904806659493e-01	   6.3908148447036850e-01	   4.5136172986726042e-01	   5.0604336473822309e-01	   4.5938753324991832e-01	   4.2466490115991617e-01	   2.4157501222121935e-01	   3.1893807050746198e-01	   2.4161668883625792e-01	   2.9042765402347254e-01	   6.0561772476032250e-01	   6.2468535840589601e-01	   3.3534221146940146e-01	   4.7059519581922482e-01	   2.4833469256741048e-01	   1.9872357274659544e-01	   1.6315307320386860e-01	   3.2298679286959447e-01	  -3.5804167640050948e-03	   1.8622288653391911e-01	   6.9133781283322238e-01	   5.6908126735419517e-01	   5.8976579644204574e-01	   6.3793379855529397e-01	   6.1296872911652933e-01	   6.4916150924539984e-01	   7.0675241463771554e-01	   7.4872323865140866e-01	   7.7224308431806654e-01	   7.5272415995202691e-01	   6.2349176551469609e-01	   7.9741975102966578e-01	   6.3210714876674579e-01	   6.6137107832043918e-01	   4.3140060162947169e-01	   4.8843324332874183e-01	   4.0577524323152314e-01	   6.7529194242805624e-01	   5.1318418612877004e-01	   6.0199781746937508e-01	   3.0190291438383277e-01	   3.4802586193882684e-01	   3.8036957705621538e-01	   4.7242761620820267e-01	   6.4418954786413307e-01	   7.6379991120155755e-01	   3.4198816604027843e-01	   3.1043354751593594e-01	   5.6941359242388057e-01	   2.3592761198293508e-01	   2.8070599485439834e-01	   3.6888712931204176e-01	   3.9673887018153708e-01	   5.1445921931829020e-01	   5.0194317163662650e-01	   6.1078338213770633e-01	   5.8115002562780527e-01	   3.4016023320356148e-01	   5.2910263635035981e-01	   3.9745526990410973e-01	   2.5996564453315230e-01	   3.2790202230116494e-01	   3.2363218087871898e-01	   3.7158056760374125e-01	   4.6222641329069142e-01	   2.7883950713836175e-01	   5.2907566429776354e-01	   7.6128697826756009e-01	   8.4242274084628765e-01	   8.5424221159838387e-01	   8.4093985465822363e-01	   6.8836680774927661e-01	   2.6346669537476242e-01	   5.1596224368628929e-01	   5.0565055580829976e-01	   4.5292231951818118e-01	   7.4147934796491577e-01	   6.3408841109902980e-01	   8.1069481897809270e-01	   1.1048357185484771e-01	   7.5413034072924712e-01	   4.6917360395967977e-01	   5.8664843518171872e-01	   3.5530403636020846e-01	   9.4456489696303758e-01	   6.8277927682992667e-01	  -2.2380488631832347e-02	   2.1323940912891029e-01	   6.7014055526041982e-01	   6.5392778651409067e-01	   8.1290892967140527e-01	   6.3962195973118230e-01	   5.1599897696198538e-01	   3.9147066518427814e-01	
   3.7506088730758946e-01	   5.7240787620893019e-01	   6.2665392065963499e-01	   8.7904080250895700e-01	   8.8859723641267108e-01	   1.1188902535536205e+00	   6.1963850379114127e-01	   7.9477547140574090e-01	   1.4741506496594452e+00	   0.0000000000000000e+00	   3.2943244106450409e-01	   4.6489318916384831e-01	   2.1388592495809125e-01	   3.5710636362185616e-01	   3.3083995743663730e-01	   1.0545979947848150e-01	   3.9142540985265928e-01	   5.0949253857722732e-01	   3.8822306394543588e-01	   3.9929125402772508e-01	   1.7192461303314061e-01	   2.0413929569370112e-01	   4.4455462250039102e-01	   7.1476273715010097e-01	   4.4623672500257683e-01	   5.1456256421340529e-01	   3.1480468486886209e-01	   2.6181578734651034e-01	   2.2572863274177291e-01	   2.9932674985581853e-01	   2.8662565276769386e-01	   3.2788425582391467e-01	   6.8463406013354500e-01	   6.9260736172707804e-01	   4.4062412999010675e-01	   6.2500926559286452e-01	   3.4504088034537356e-01	   2.6605439617804938e-01	   3.0159498783296784e-01	   4.3805939451687481e-01	   7.9063330988318511e-02	   2.5260157678410378e-01	   7.2918266498155038e-01	   5.9403251422305281e-01	   6.6785690506234885e-01	   7.1599417918735819e-01	   6.6888301036939402e-01	   6.8969465370723237e-01	   6.7122635583413226e-01	   7.6734145697050349e-01	   7.7260632213769675e-01	   8.1245757013767306e-01	   7.3068330045666108e-01	   8.3429113178047609e-01	   7.5893926393432531e-01	   7.2003859625915101e-01	   3.9616638745461868e-01	   4.2928099221633353e-01	   3.6343120541217006e-01	   6.0333967285587797e-01	   4.1928615219338072e-01	   4.6865183516425168e-01	   3.0388369665659676e-01	   2.8339756059814031e-01	   3.6987482079208128e-01	   4.8596648583539059e-01	   6.6941263508255933e-01	   8.3478498883594543e-01	   2.4500608500304305e-01	   2.5161229178987865e-01	   5.2010356621187237e-01	   2.3852894372389610e-01	   2.1430651942292245e-01	   2.7993915838531863e-01	   2.5873939075722840e-01	   3.5921479528298578e-01	   4.4612718705842552e-01	   6.1374430685105219e-01	   5.7531000793554610e-01	   3.7149268479304265e-01	   4.5274786100140330e-01	   3.9154695919738303e-01	   3.2393215247936180e-01	   3.5316456642904459e-01	   3.3155576505632339e-01	   4.3099663133043281e-01	   4.7460779106443185e-01	   3.1271396842323274e-01	   5.9492998261168806e-01	   8.3401336167904705e-01	   9.2309003691048330e-01	   8.8742647446953160e-01	   9.2027165998276317e-01	   6.3025110790860328e-01	   3.6847188261455349e-01	   4.7253274964742908e-01	   5.9065896780811156e-01	   4.2390912263456770e-01	   8.3503154202075702e-01	   6.5051349272290859e-01	   7.5484810493478438e-01	   6.6979401710562436e-02	   7.4433325697084551e-01	   3.7214551548191238e-01	   5.4892723234259266e-01	   4.0966339641713484e-01	   8.7119427337364974e-01	   5.8859484354600233e-01	   1.8985060929085598e-02	   2.4107893175745573e-01	   6.7400395106236588e-01	   6.1027783592072349e-01	   7.6974288835123816e-01	   5.9169810462798278e-01	   4.1970011080812497e-01	   3.7524977461383102e-01	
   4.3766830954668623e-01	   4.3818536429953076e-01	   7.7350619393212894e-01	   5.6827350892279305e-01	   3.0713228438558021e-01	   3.4131114750543501e-01	   8.5803643255536644e-01	   6.7101677607551491e-01	   4.2405864717412289e-01	   3.2943244106450409e-01	   0.0000000000000000e+00	   9.6294309922601007e-01	   1.3633932939054618e+00	   1.0080912158808875e+00	   1.1105350707996942e+00	   9.5825104789554905e-01	   6.8713715537706899e-01	   6.3698514270331386e-01	   3.6422913705466309e-01	   2.9808027823867533e-01	   2.4292651268250678e-01	   3.2384346293557953e-01	   8.9863311108228672e-01	   6.8072035480292303e-01	   7.0266270795700847e-01	   4.7287581918642696e-01	   4.7883924130941147e-01	   3.5990950074168809e-01	   7.9463470300644989e-01	   8.2531743982095274e-01	   6.6912945256967782e-01	   7.1475508198105286e-01	   7.2919318637108166e-01	   6.3043644633230544e-01	   3.2968275369890260e-01	   3.0809409913436009e-01	   4.6186726096031205e-01	   4.3984516424040776e-01	   2.7559135153936276e-01	   3.9765261257336748e-01	   3.0467841854122252e-01	   4.6580734502977095e-01	   2.7104843420117142e-01	   2.2568696268935598e-01	   2.1512924031367209e-01	   1.7528363273701286e-01	   2.9285754331040981e-01	   2.6720698548163718e-01	   2.8607777077436991e-01	   1.5899106318831793e-01	   4.0662591853403651e-01	   1.8277544247573330e-01	   2.6703885779143294e-01	   3.4172491709042341e-01	   3.4119905204385614e-01	   3.5773767754454178e-01	   1.8303152330598724e-01	   2.3104498711524518e-01	   9.8093495847585879e-02	   4.9006261215994613e-02	   3.6268281155130278e-01	   2.7636165063346607e-01	   2.1843585822919340e-01	   2.2490367298037123e-01	   7.6242659769058851e-01	   5.3793061807563824e-01	   3.5691999032010452e-01	   2.7763542374767863e-01	   3.9497438802269569e-01	   1.8012732417875210e-01	   6.9411175337870545e-01	   5.0108536416602911e-01	   7.3643188896640766e-01	   6.9406606112593427e-01	   6.8497630249557628e-01	   5.4474459249699292e-01	   5.5301158448532850e-01	   5.0778569356460201e-01	   5.6932315456818350e-01	   5.9919145772296623e-01	   6.7852034970298380e-01	   8.3832750004683598e-01	   6.4625305502725927e-01	   6.8815800856379372e-01	   7.1470342653701091e-01	   5.6403476204080261e-01	   4.0734652943454908e-01	   3.2102784841990017e-01	   5.0742783437073602e-01	   3.8957255076811703e-01	   2.7047766884483110e-01	   4.8086583278513828e-01	   3.2855286253307936e-01	   5.5945399287464181e-01	   2.2642333121965474e-01	   3.5485109872125814e-01	   3.3505142307916325e-01	   1.6872994208771516e-01	   2.3349969933359763e-01	   2.8168217992370448e-01	   7.1510654589373457e-01	   3.1839495309413035e-01	   4.0616776256938086e-01	   4.6705602716198724e-01	   1.6802897768136199e-01	   1.2643185276728749e-01	   3.6781351986875888e-01	   1.9802299897930303e-01	  -2.0224003565183638e-01	   8.5487101939976370e-02	   4.5688391138796680e-01	   3.7015241787351039e-01	   3.3568421430862255e-01	   3.9082257364046147e-01	   3.9716747414611397e-01	   1.7417799850459114e-02	
   5.2272442880632530e-01	   6.6482845874772201e-01	   5.3010093900289990e-01	   7.3387947875409054e-01	   4.3461166046418231e-01	   5.1610898152864693e-01	   7.1381712358006610e-01	   9.3671755423358394e-01	   5.5472004961347976e-01	   4.6489318916384831e-01	   9.6294309922601007e-01	   0.0000000000000000e+00	   7.2345551286234278e-01	   1.4077077237373854e+00	   6.8194471908277987e-01	   7.5003079334999523e-01	   7.5536374105006721e-01	   8.8564116139656834e-01	   3.8672196982289569e-01	   5.2079784902337489e-01	   2.4678902759547827e-01	   2.7827204262512084e-01	   4.9948242446187630e-01	   6.7134387849933008e-01	   4.6025895859010391e-01	   5.6322037669878511e-01	   5.0432073889610407e-01	   4.8084643096838575e-01	   5.1445646956039881e-01	   8.2146381414608194e-01	   3.4777247700739983e-01	   4.7477722648009568e-01	   6.8400592267000981e-01	   7.4955754412420994e-01	   2.0142781927981679e-01	   2.9434392674168441e-01	   2.6663473570710472e-01	   3.0301047790070063e-01	   1.4220890703741051e-01	   3.2963330332694452e-01	   1.2505838245363426e-01	   1.9842919018377508e-01	   3.7974342560035962e-01	   3.1547919789644729e-01	   2.7627018010258197e-01	   2.9601783944155874e-01	   3.5082398191317682e-01	   3.5534609147277491e-01	   4.0738622398090724e-01	   3.8602940370108940e-01	   5.1261518929832861e-01	   3.5040563879867992e-01	   3.5816663936546767e-01	   4.7120790306802607e-01	   4.3345439335454183e-01	   4.8003332430692125e-01	   3.3093235802167115e-01	   4.8874559279013086e-01	   3.5017329101614880e-01	   4.6581808972844863e-01	   5.6668147589348838e-01	   7.7532762775603092e-01	   3.4906860372051679e-01	   5.0648955115042971e-01	   4.4969140429796856e-01	   5.9061099079910984e-01	   3.7639620202031038e-01	   4.1461370374405826e-01	   4.7886709772724689e-01	   3.4692623666391748e-01	   5.9501506722431008e-01	   4.7008261538947027e-01	   5.5093361113817685e-01	   7.2214879169876045e-01	   6.6656214917956702e-01	   8.5077230733072962e-01	   6.0742003351433993e-01	   7.3267329579177232e-01	   6.2931081509036757e-01	   5.4090797224368259e-01	   7.0332132008231285e-01	   7.2755515129222925e-01	   2.7960556416608495e-01	   4.3476704873764277e-01	   4.5295893537131626e-01	   4.7554477458455413e-01	   3.2767938783844397e-01	   1.6706039021230748e-01	   4.2218540396718157e-01	   6.4128930962770681e-01	   2.9484417445676148e-01	   3.5520647063988919e-01	   4.6858673108392573e-01	   4.2514247839104302e-01	   1.6185043282387662e-01	   5.0157724630930889e-01	   4.2734046407707199e-01	   3.3284862919780778e-01	   3.0355943343710928e-01	   3.3908845300493617e-01	   8.0457145297114552e-01	   2.2853849379860081e-01	   6.4308027057701178e-01	   5.1720468920468576e-01	   3.1515207054851163e-01	   1.6451288072958015e-01	   5.1345776031378820e-01	   4.3034585776158618e-01	  -4.2190218524324745e-02	   2.1161714526102055e-01	   4.7527310120993405e-01	   4.0799286892290471e-01	   3.6653627462771388e-01	   5.7107269028924390e-01	   5.9023431252044845e-01	   7.0455470712794441e-02	
   4.0639804598724244e-01	   3.6245233079598455e-01	   7.6475536952186873e-01	   5.6350872102862926e-01	   1.6891256680965100e-01	   2.4654628737520279e-01	   9.2152512563112676e-01	   6.3499671231410937e-01	   2.8738623918501049e-01	   2.1388592495809125e-01	   1.3633932939054618e+00	   7.2345551286234278e-01	   0.0000000000000000e+00	   8.3984938872948689e-01	   1.1508225417184585e+00	   7.5338822175201337e-01	   6.4413368166992879e-01	   5.6339387976377375e-01	   2.9740708531304361e-01	   2.4426416087932787e-01	   2.2185913269595858e-01	   3.2771474556184954e-01	   7.0131147299639351e-01	   5.7791459659111510e-01	   6.1987219622538292e-01	   4.0057642985379693e-01	   3.6644968878072737e-01	   2.1607102209155646e-01	   9.5536213101473688e-01	   8.1498298256459489e-01	   7.2111152321381511e-01	   7.4456274999056804e-01	   6.4315402848606296e-01	   5.2560900023462864e-01	   1.9098496517749428e-01	   1.5216417382996758e-01	   4.5620517899450258e-01	   4.6071593894614127e-01	   3.3346317960190108e-01	   4.0621251620267462e-01	   3.7863316461670293e-01	   5.5401449904513855e-01	   1.9614823931735118e-01	   1.5139509560679459e-01	   1.1344641506834224e-01	   7.6695338294662019e-02	   2.1396521065491114e-01	   1.7672929243464550e-01	   2.1163936220799645e-01	   8.8352330476690791e-02	   4.4135322105733155e-01	   1.2554920633278871e-01	   2.6865577762942128e-01	   2.9841610673947339e-01	   3.1409544167406889e-01	   2.7927879275553175e-01	   1.3353185161139122e-01	   2.4319176582037721e-01	   1.1639592044599310e-01	  -1.4755970273172507e-02	   4.3893722344558694e-01	   2.3208265091241859e-01	   2.5050153789056395e-01	   2.5194964550496218e-01	   4.8629969627542180e-01	   3.9530977219693242e-01	   2.7625176813071961e-01	   1.5464171228022003e-01	   3.7803250520231546e-01	   2.3808081315033780e-01	   5.6043574984158517e-01	   3.8370647806633412e-01	   5.7233557413311376e-01	   5.2852339042644858e-01	   5.4884827255500124e-01	   4.2630990885102626e-01	   4.6545034195274548e-01	   4.2986938481452153e-01	   5.4947361521220939e-01	   6.6257727089436658e-01	   6.2219519075417851e-01	   7.7712380855456942e-01	   6.0282264389802565e-01	   5.6169306074505598e-01	   5.1934498439755261e-01	   4.5258491495518471e-01	   3.3287391231229818e-01	   2.4183380246311564e-01	   5.5287741049412520e-01	   3.9376734486813703e-01	   1.4829165559815066e-01	   3.4033790515743934e-01	   2.2000611834602313e-01	   5.4629417508189948e-01	   1.1150091532141816e-01	   2.0537223421462017e-01	   2.7251135515187919e-01	   3.2479968065177875e-02	   1.1650681776368063e-01	   1.6013524755264180e-01	   6.6835760830231317e-01	   2.9085947088502651e-01	   3.3447960664416521e-01	   4.4848245615151039e-01	   1.7941523296573246e-02	  -4.9418860148889221e-03	   2.9682658950074414e-01	   1.2175564979014454e-01	  -2.7259038956825654e-01	  -6.8480023092742440e-02	   3.8388048711130984e-01	   2.5262106907129211e-01	   2.7590810640041691e-01	   2.5094017820256009e-01	   2.7673849562068087e-01	  -8.3339740313643940e-02	
