   0.0000000000000000e+00	   9.8309467819417595e-01	   5.3512663350961631e-01	   5.4578880798973717e-01	   3.7666031223741442e-01	   4.3798797616114638e-01	   4.5411762169390446e-01	   6.4371016554383520e-01	   2.7059041294766961e-01	   2.9887956454448705e-01	   3.9144014098863567e-01	   7.1276649905809186e-01	   3.9914577881466434e-01	   6.6847392011026519e-01	   3.7743150981068979e-01	   4.6019077507117928e-01	   1.7449798371478867e-01	   5.4399216615553114e-01	   4.6151562296729953e-01	   5.6626483743538314e-01	   3.0334786609114134e-01	   1.2527587499289292e-01	   3.2478612154305653e-01	   3.8333727980874116e-01	   4.1960453018688326e-01	   5.3156070235785147e-01	   1.7860674742026922e-01	   3.0677684274037881e-01	   1.9181993107769429e-01	   2.8605677204700347e-01	   3.9350261067161235e-01	   4.2602823096030523e-01	   5.1425416419406722e-01	   6.2293024814575326e-01	   4.1816328169272871e-01	   4.9949727958621198e-01	   2.3472412989616720e-01	   4.8259285422091944e-02	   1.0261269808450907e-01	   2.4724050616998561e-01	   3.4336480877666575e-01	   1.1042953491800754e-01	   4.0227091874287851e-01	   4.0576623726857086e-01	   4.3722893438977684e-01	   5.0657588579827839e-01	   2.9804305634101058e-01	   3.5763048464989722e-01	   4.2540843101849951e-01	   5.1721587082110332e-01	   3.9829654312949031e-01	   5.9559864271479590e-01	   2.5570162371556349e-01	  -4.0504860213382642e-02	   4.9110529565921823e-01	   3.9634832585171720e-01	   7.4075254497483634e-01	   5.6607647939850048e-01	   8.3346392502786770e-01	   7.1704738608663576e-01	   8.6109330288592734e-01	   7.1279589946629807e-01	   8.7800639161501071e-01	   9.3076315775990737e-01	   4.3827709678768600e-01	   5.5577018544833146e-01	   7.1113406721394989e-01	   6.0720954836167329e-01	   1.2868377666482383e-01	  -4.9784406479555510e-02	   6.4687451806006924e-01	   6.5949132388865506e-01	   4.9403879567892245e-01	   5.6470395138447449e-01	   6.4689256259425310e-01	   5.5672693719389843e-01	   8.9007192692882375e-01	   7.1090711979582544e-01	   6.5200642222349142e-02	   3.9368720292132237e-01	   2.5118763104560116e-01	   2.5039114721012640e-01	   2.9120217658732417e-01	   4.2042029882458876e-01	   2.0330813726279742e-01	   2.8085664223719348e-01	   1.7287275170646288e-01	   1.6402631110420521e-01	   8.4865619140667581e-01	   8.4812742605724578e-01	   5.2365026979855878e-01	   6.7052996932979669e-01	   2.9664193165406749e-01	   3.5862832057479110e-01	   4.9540766338469870e-03	   1.2414182783056391e-01	   3.0752999583799323e-01	   3.4236013434357981e-01	   3.4694190373604195e-01	   2.7022160665998018e-01	   3.5730162877806776e-01	   0.0000000000000000e+00	   6.0312195483111297e-01	   1.8988231406414317e-02	   3.1690135618869320e-01	   2.8539196990700177e-01	  -7.1054273576010523e-15	   2.6664367750004692e-01	   5.0687641446554421e-01	   2.4234008444860372e-01	   3.2091281454841519e-01	   4.3515161976893846e-01	   4.1741593757791162e-01	   2.0721760492622504e-01	   2.3104784283755334e-01	   2.4932740837278056e-01	
   9.8309467819417595e-01	   0.0000000000000000e+00	   1.8986147104286108e-01	   2.6055039021586596e-01	   4.0590826899834165e-01	   4.3616223302494600e-01	   2.7743707626236763e-01	   4.8501092400863266e-01	   3.4679256051873758e-01	   2.8494217516591025e-01	   3.2537558043919268e-01	   4.2125510008820111e-01	   2.6859318294040824e-01	   4.6480781429917728e-01	   4.0236600710813009e-01	   3.2352262583171332e-01	   6.4567428028797946e-02	   4.4136995665916512e-01	   5.9716517579588668e-01	   6.9377178781072391e-01	   3.4441888310249114e-01	   9.7342889396334190e-02	   3.7470428108030057e-02	   1.4712237049424726e-02	   1.6926681488925471e-01	   1.8926161305247724e-01	   1.7855280581244573e-01	   2.4915733624123099e-01	   1.9094403363735696e-01	   2.5478930572047176e-01	   8.5613292311062753e-02	   1.3691590288151573e-01	   5.0611927175099858e-01	   6.5076480405870396e-01	   6.4740858821768388e-02	   1.4973998928184770e-01	   1.4409841611442092e-01	   4.0431076750393535e-02	   1.0909817226042220e-01	   2.2528269319412592e-01	   3.0544920712360091e-01	   2.1056351354095704e-01	   3.3274269739754170e-01	   3.4207771466814124e-01	   2.1306856474825248e-01	   2.9790027933892249e-01	   3.3670228467602847e-01	   4.5112295113938472e-01	   4.7380215924001889e-01	   5.5202435915299597e-01	   2.9417568937140648e-01	   5.5312126991754318e-01	   3.7444687720752473e-01	   1.4486068368831426e-01	   4.6809536236018040e-01	   5.2036374431032617e-01	   5.6449965416193870e-01	   1.0289321467115766e+00	   8.0779467327393450e-01	   8.7083200946162187e-01	   5.9307656872504710e-01	   7.9577911710959615e-01	   5.9307798189392802e-01	   7.2047300835441652e-01	   2.8950380778961826e-01	   3.5829534116094125e-01	   4.7408607358474908e-01	   4.3725474094167871e-01	   3.4805430603435850e-01	   1.1685116295369337e-01	   4.7904585103722030e-01	   4.7350972270667607e-01	   5.7787383931828951e-01	   5.5461401449371706e-01	   4.5313119442406224e-01	   4.1179761486022093e-01	   7.7152417089594683e-01	   6.0940095572626252e-01	  -6.7153233190985609e-02	   3.7444775692611010e-01	   3.3325828333132507e-01	   3.2218607639486913e-01	   4.2721514602045552e-01	   4.3387273430844431e-01	   2.6393464517428034e-01	   1.1822762353461143e-01	   2.6584318505861776e-01	   8.1811456550548639e-02	   6.8731255861242957e-01	   6.1564887751307928e-01	   6.7415436943545826e-01	   9.0339859970419556e-01	   2.9425999463318309e-01	   3.6420041343212595e-01	   4.3158975359215750e-02	   1.8024075220557145e-01	   4.5518611984018453e-01	   5.1264120138169567e-01	   5.7531889137590086e-01	   5.2377151761734453e-01	   6.2657710948782142e-01	   0.0000000000000000e+00	   5.4840040404937085e-01	   1.8672255192587667e-01	   2.9798785100688496e-01	   7.1591643427943052e-02	   1.2412293415307710e-13	   3.7558068082359197e-01	   3.3200551690731883e-01	   2.6331673000649702e-01	   3.5964208782616258e-01	   5.9978691689381058e-01	   3.9355918412506519e-01	   4.9334051233514942e-01	   3.7862151356654827e-01	   1.5805192082063144e-01	
   5.3512663350961631e-01	   1.8986147104286108e-01	   0.0000000000000000e+00	   5.7396636587119554e-01	   3.2558406600275819e-01	   4.7116702005433880e-01	   9.7928808943337564e-01	   6.4963918644422591e-01	   3.4089112470647681e-01	   3.9054577404175600e-01	   1.8425992126180099e-01	   3.9424683792731124e-01	   4.8795191039205799e-01	   3.8197990409207028e-01	   5.3056729317225348e-01	   6.2750873524749362e-01	  -4.1785155796334260e-02	   1.3344082862038747e-01	   1.9452079558834892e-01	   1.3827075036243483e-01	   2.7212984842060506e-01	   4.4500197136887354e-01	   8.8809454171284363e-01	   6.8211094387261406e-01	   5.4814216722775611e-01	   6.2640690737843996e-01	   1.8111473878788717e-01	   3.2156266779570003e-01	   1.2396084329549592e-01	   3.1731733752337959e-01	   9.7837803916895971e-01	   9.2710012765243111e-01	   4.7694062141276528e-01	   5.7549850892366805e-01	   7.5814161412607972e-01	   5.3923846379676554e-01	   3.2382158882276452e-01	   2.2654906096689970e-01	   2.9042261047957818e-01	   3.4472548167691736e-01	   2.1833077471876755e-01	   3.2110001673384220e-01	   4.6692191756678203e-01	   2.3809532267274466e-01	   3.5623107737253318e-01	   3.7698392111159396e-01	   2.4919606747869166e-01	   2.0212945285433431e-01	   1.4467644004938182e-01	   1.3169473749408661e-01	   6.6523234406796261e-01	   3.7004185513950211e-01	   5.6423070885782092e-02	  -1.6951532076605411e-01	   2.9289142073069813e-01	   2.3196237249204968e-01	   1.5364464211562207e-01	  -2.0920764118794354e-02	   6.4212185696904220e-02	   1.6533452835621160e-01	   3.1413667485825197e-01	   2.2169854249855164e-01	   2.3506621114099460e-01	   2.7200334167104290e-01	   7.0709779091713054e-01	   6.3356502469789144e-01	   7.5271957327417194e-01	   5.6771890378245837e-01	  -5.7590260164635823e-02	  -7.3052101426606614e-03	   3.9307393024215603e-01	   3.4735999120960220e-01	   1.4668485059173930e-01	   2.9778324786890964e-01	   4.1577973280316755e-01	   4.2885439044289902e-01	   3.9974647813555692e-01	   5.1507873599546539e-01	   1.6209238111921490e-02	   2.1749608681634652e-01	  -4.1966872774295678e-02	   3.6299702463411229e-02	   1.9460326362992911e-01	   2.8662802930479420e-01	   2.1426675734064984e-01	   3.1390496070285961e-01	   3.9836889587747870e-03	  -4.4216938328716981e-02	   6.7713400217057829e-01	   5.6121084696587697e-01	   1.2188036886531553e-01	   2.5648900351612569e-01	   1.5456314142806107e-01	   4.8366548983574731e-01	   1.5128442603826708e-01	  -4.7348503067385216e-02	   1.6322209893203463e-01	  -5.4540775324562758e-02	  -5.8734027967596809e-02	  -1.8287840312670566e-02	  -5.8270013928990019e-02	   0.0000000000000000e+00	   2.3442254343243843e-01	  -4.0566141478557755e-01	   3.2567319332671379e-01	   1.2724129608925100e-01	  -9.9698027611349003e-14	  -1.0134897223297977e-01	   3.8037901001961427e-01	  -1.7892874937091521e-01	   1.3052119163471146e-01	   3.3141098155766414e-02	   3.5608918178391069e-01	  -2.4264179983153483e-01	  -9.0883054195617669e-03	   2.9001625962628347e-01	
   5.4578880798973717e-01	   2.6055039021586596e-01	   5.7396636587119554e-01	   0.0000000000000000e+00	  -7.9396411421818261e-02	   3.4454412324026135e-01	   1.9690545872589607e-01	   1.1142049806513170e+00	  -5.6771560467230343e-02	   5.0402112237000041e-01	  -2.6831293128862832e-01	   2.8281151520993336e-01	  -3.3171903032153373e-02	   3.1094610316183657e-01	  -1.2265511233987417e-01	   3.0537375893706681e-01	  -2.4165324960976575e-01	  -3.3504955413255724e-02	   1.0096816539236202e-02	   2.2161830146329331e-01	  -8.3635779038839009e-02	   3.7307132434033240e-02	   4.7084600120450282e-01	   7.3787396660280202e-01	   3.8853968853455345e-01	   6.2313970035501465e-01	   1.4948783202485272e-01	   1.6884632572794683e-01	  -3.4612100965491871e-01	  -2.2883523306266346e-01	   3.2303523651264743e-01	   4.4586049922708104e-01	  -4.2950221505151494e-02	   1.7074710264232673e-01	   4.0602171544533966e-01	   5.0364751568415445e-01	   3.7593365187464312e-02	   1.0804110847285131e-01	   2.0529907547516429e-01	   2.5419288948254726e-01	  -8.9342417797043258e-02	  -1.5717789534219279e-02	   1.3636699225877053e-01	   4.9579469805253990e-02	   4.7079771658038927e-03	   2.1532450698794081e-01	   5.8094505086750348e-02	   5.5151054186190672e-02	  -4.5208187590513725e-02	   2.9101928904907086e-02	   4.1027355689214631e-02	   2.5944311884108207e-01	  -1.4424176834053443e-02	  -2.9488204512189553e-01	   2.4524723456311756e-01	   1.9997649987434615e-01	   1.3412313184389904e-01	  -7.4256127234410954e-02	   4.3984301699048256e-01	   3.5635963487396138e-01	   5.2717578496441242e-01	   6.1923047783990715e-01	   3.9295064136107077e-01	   4.2755928571396079e-01	   1.8382540758997190e-01	   6.0811016179248856e-01	   4.1691187096853982e-01	   5.4085934385465340e-01	  -1.2361887213404310e-01	  -3.0942302855386412e-02	   3.0324742891967627e-01	   4.3034895404363804e-01	   9.2585417847304036e-02	   1.2486906942319165e-01	   3.2949139005067329e-01	   2.7858477096563877e-01	   4.3089602196116683e-01	   6.4443802635721581e-01	  -2.6956170536929525e-01	  -2.0353571260476047e-01	  -2.0196850289595847e-01	  -3.1896955820275896e-01	  -1.0904602100475179e-01	  -4.7032102440195483e-02	  -9.9125150916380939e-02	   2.6995231802640801e-01	   5.0677596252647117e-02	   4.2755308112410670e-02	   5.5295879369389467e-01	   6.5842025522304759e-01	   2.6910670301494588e-01	   2.8212065983151191e-01	   1.9625532134102622e-01	   2.5105725068918339e-01	   7.8302893752406968e-02	   3.4272741088719590e-02	   1.4438542023115059e-01	   6.8388486510022592e-02	  -3.8270627040156963e-02	  -8.7439408195285097e-03	   2.4144243184792549e-01	   0.0000000000000000e+00	   1.3659193940059755e-01	  -3.2706577196688891e-01	   1.7977766858132746e-01	   1.2351090794788572e-01	   2.2593038551116831e-13	   1.5996195530683360e-01	   4.4651864406148611e-01	   1.3032325904878435e-02	   1.6704475380464268e-01	   1.6222675540519729e-01	   2.6629302693967277e-01	  -6.1718176266138125e-02	   9.1087009231901675e-02	   2.1927304480414400e-01	
   3.7666031223741442e-01	   4.0590826899834165e-01	   3.2558406600275819e-01	  -7.9396411421818261e-02	   0.0000000000000000e+00	   7.2253652245967204e-01	   7.7304104108929439e-01	   2.3073935427846298e-01	   1.0923417222865850e+00	   4.9426733681398888e-01	   5.8604298425812762e-01	   4.1990157304657538e-01	   6.8382217065060580e-01	   3.0710423974825357e-01	   9.6434478678467794e-01	   5.5343864951414368e-01	   2.8924509135962917e-01	   4.5833172755664975e-01	   5.1312738982181005e-01	   3.0226752313028959e-01	   4.0939190166134204e-01	   2.0147446857749413e-01	   2.2774946943249069e-01	   8.5554786070984434e-02	   1.9955070041857953e-01	   8.1941471401484181e-02	   1.8183619829228420e-01	   2.5490706944377417e-01	   6.9240399250489748e-01	   7.6066442794867739e-01	   3.9177745313187939e-01	   3.3452479248007494e-01	   5.9301289192096296e-01	   4.9063932595882875e-01	   3.4086705474356088e-01	   3.3479097411266368e-01	   3.0306460274010655e-01	   3.1007952116519433e-01	   2.3697497589768238e-01	   2.3375574048221393e-01	   4.7901387696914211e-01	   3.0700089269279646e-01	   5.7554890661520575e-01	   5.9849918172424244e-01	   7.9605970257062242e-01	   6.6820799267894060e-01	   4.9720908709505673e-01	   5.8493877705768882e-01	   5.1858265268476145e-01	   4.8575277951703255e-01	   8.5082254146685155e-01	   5.1334514188236979e-01	   4.7613619150890213e-01	   4.5422728590814487e-01	   4.3929095874302676e-01	   5.1903613751225119e-01	   3.4522324455361619e-01	   4.8407127076012518e-01	   1.6702174069359915e-01	   4.2024235875308436e-01	   5.5235843188813194e-02	   1.2666784524074093e-01	   1.9235741887571120e-01	   1.5169714763564338e-01	   7.2406830837761693e-01	   3.2482316799091027e-01	   5.7251488401005657e-01	   4.7151739186724501e-01	   3.3604113345627479e-01	   3.0271481975482661e-01	   2.9672388137571820e-01	   2.3334431326735589e-01	   3.1142788181426967e-01	   4.5229122543274014e-01	   2.1314810824133515e-01	   1.9692210626861992e-01	   5.0967361967482194e-01	   3.1051809166417221e-01	   2.7624234567034828e-01	   7.4961380741186323e-01	   5.1511431899892302e-01	   6.8260153578840332e-01	   6.6218366914287752e-01	   6.6338487560496695e-01	   6.2042657559090009e-01	   3.0765464098990730e-01	   3.5215724360166195e-01	   2.2197706214293128e-01	   3.9013762723848083e-01	   3.6258892109509766e-01	   5.3583360907345645e-01	   6.6749507380654582e-01	   4.0023547213929522e-01	   4.3637668200156887e-01	   2.8008764874405800e-01	   1.2619795240586251e-01	   4.2529118732590659e-01	   3.9475660547431118e-01	   5.7300236355590140e-01	   5.9038783710411347e-01	   1.4592154285727885e-01	   0.0000000000000000e+00	   3.7015681403786954e-01	   1.2719840511071770e-01	   3.0453822411016884e-01	   2.2524501753510057e-01	   5.1958437552454625e-14	   8.1108344502634988e-02	   8.0850730231305026e-02	   1.4504871307244813e-01	   3.4403201335287298e-01	   4.5997697497386419e-01	   4.6313700052204931e-01	   5.2083581927004963e-01	   3.6247616748214551e-01	   1.5236658046948376e-01	
   4.3798797616114638e-01	   4.3616223302494600e-01	   4.7116702005433880e-01	   3.4454412324026135e-01	   7.2253652245967204e-01	   0.0000000000000000e+00	   7.1030239998161426e-01	   6.7117446830350735e-01	   6.1771123274694772e-01	   9.9202681075688048e-01	   3.4695666435716294e-01	   3.8071345119726163e-01	   4.4105788663446366e-01	   3.2607196190456755e-01	   6.3212532715375702e-01	   6.6267492225569447e-01	   6.9115247434289595e-02	   3.5307704542033580e-01	   5.4135555579930972e-01	   3.8790819275477795e-01	   1.1300120934413581e-01	   2.9713085436450959e-01	   4.1326635181624133e-01	   3.4643563002277822e-01	   7.1630156005908524e-02	   1.2173580967564895e-01	   2.3645856635152226e-01	   5.2510998054824010e-01	   4.3941626097269365e-01	   4.6845102425310964e-01	   4.1619484774351223e-01	   4.2973908006776329e-01	   2.8711299356302933e-01	   3.8535285529886532e-01	   1.3523338441398416e-01	   2.4306058491423108e-01	   3.5549429802000354e-01	   3.8413700411857937e-01	   5.3213262029033537e-01	   4.3048436050300520e-01	   3.5160555612127103e-01	   4.7240279549014841e-01	   4.4319690081538587e-01	   3.4300862048404018e-01	   2.6697700003482538e-01	   2.9186453891951891e-01	   5.2826557496556359e-01	   3.8415836743344428e-01	   2.1067984593882824e-01	   1.6348777565934930e-01	   4.9346097020112878e-01	   3.6607709141111744e-01	   3.8123770078037295e-01	   3.8615565836374999e-01	   5.4945055381055563e-01	   6.2573817428824574e-01	   1.6606450751138738e-01	   3.0717050239549759e-01	   3.2182877894199552e-01	   5.1846020820001304e-01	   1.5821248981969380e-01	   4.2253451760354233e-01	   3.1302376010536759e-01	   2.8523118970850647e-01	   5.6368075415453556e-01	   4.2609483072125326e-01	   5.3198026027943546e-01	   4.4900824553795293e-01	   2.2608956719873174e-01	   2.5307339819180774e-01	   1.7059707361003246e-01	   2.0979063500599143e-01	   4.1909074761238230e-02	   1.7628305118766338e-01	   1.5622533508779372e-02	  -3.8035020680441102e-02	   4.9567709451291636e-01	   4.7146007963397796e-01	   4.5976904072048651e-02	   5.1793273981372678e-01	   3.7909787885709068e-01	   3.2230535393639664e-01	   5.7279809873838061e-01	   3.1919415620448754e-01	   4.1811400347297079e-01	   2.7776573384509018e-01	   2.8252082241694487e-01	  -8.7021341403502024e-04	   5.5705921795524438e-01	   6.5861484450112351e-01	   5.7335659009090634e-01	   5.8845258629164054e-01	   4.2156856619988936e-01	   5.5780789850730150e-01	   5.1520276789657549e-01	  -2.2889601391668243e-01	   4.7586324776514222e-01	   1.1912225751771088e-01	   3.3366983177034654e-01	   4.6186231265588357e-01	   2.4542739681914189e-01	   0.0000000000000000e+00	   3.3343550208207667e-01	  -1.1581300016435774e-02	   1.0084524722981847e-01	   4.1811068870859842e-02	  -2.7922109069323466e-14	   9.4858406450732707e-02	  -2.8750874655631913e-02	   1.6617744943996385e-02	   2.4228372126073353e-01	   4.7275596108515272e-01	   6.6959424552200064e-01	   3.2955234379057835e-01	   1.6804441264253819e-01	   3.8651235091095110e-02	
   4.5411762169390446e-01	   2.7743707626236763e-01	   9.7928808943337564e-01	   1.9690545872589607e-01	   7.7304104108929439e-01	   7.1030239998161426e-01	   0.0000000000000000e+00	   5.5314697049977046e-01	   8.1060465018331085e-01	   6.4222159006217738e-01	   5.5571148313586305e-01	   5.2581558654823701e-01	   8.2639105698129889e-01	   4.6061360835258497e-01	   1.0449183032343958e+00	   7.4899059458809825e-01	   1.7266829166911238e-01	   2.7377842244467399e-01	   3.7086848925264720e-01	   2.0369197274821832e-01	   1.3338820035181620e-01	   2.8575351819079653e-01	   5.8220103237351295e-01	   4.1228205178071031e-01	   1.5032741590178772e-01	   1.6705531058112028e-01	  -7.1714053740360106e-02	   1.2851905823998591e-01	   4.1388167754350014e-01	   6.3820005438454641e-01	   7.8529491884707681e-01	   7.6955854763899878e-01	   6.0731607258796105e-01	   6.2921938504488606e-01	   4.4546820543976745e-01	   3.2130679477484775e-01	   1.5366463548373074e-01	   1.3251251726963642e-01	   2.1491182104235046e-01	   2.2988375276576750e-01	   2.3384712044911909e-01	   2.9819165273755499e-01	   3.3821399744848635e-01	   2.2631649069594661e-01	   3.8761452507967276e-01	   3.5756909927218516e-01	   1.8319507298693521e-01	   1.6549188774632578e-01	   7.0517045497962866e-02	   4.5341924233277389e-02	   5.9089658992876581e-01	   2.2965172880845602e-01	   6.8166768543390932e-02	   5.8352924581114886e-02	   2.2240644899489603e-01	   2.4674892059765041e-01	   1.3607066241608945e-01	   1.2194803281911190e-01	   2.6981325588418752e-02	   3.3302147878930644e-01	   2.4079412855909360e-01	   2.7312600066084453e-01	   3.1081060448142056e-01	   2.7228747585318314e-01	   1.1105276445818346e+00	   6.2250362322517239e-01	   6.1289707631423507e-01	   4.5404600684736884e-01	   3.2660397316623502e-03	  -1.7554210714126106e-02	   2.6341670520485361e-01	   2.4677070299271942e-01	   1.9782694257715017e-01	   4.4750483110112993e-01	   3.8992137036780211e-01	   3.6098208488209060e-01	   3.1676176885554580e-01	   2.9098972154111696e-01	   2.1300282709520382e-01	   4.2903342084141127e-01	   1.7467547798661309e-01	   2.8159025085357570e-01	   3.9183501812293309e-01	   4.6509625923241810e-01	   2.3376841593829870e-01	   1.8429747008823022e-01	   1.1674991519882759e-01	  -5.6047884437222764e-02	   5.2289366609656462e-01	   4.5382458949148419e-01	   1.9958189156357622e-01	   3.3872810762852135e-01	   2.1649148576266880e-01	   5.6735178659566887e-01	   1.1785900566136703e-01	  -1.5721044350305297e-01	   6.4914189085654800e-02	  -9.2079432915216780e-02	   1.0018294953623625e-03	   3.8677235937310393e-02	  -7.9844627236496032e-02	   0.0000000000000000e+00	   3.2753796181408368e-01	  -2.6090816139042722e-01	   3.9963835634174977e-01	   6.2981378163689108e-02	   6.1617377866692389e-14	  -4.6981299980268010e-02	   3.4006033613221764e-01	  -1.7549557785166214e-01	  -8.2045066049997978e-02	   3.6421456485478025e-03	   4.0331812936732897e-01	  -9.0880695595615592e-03	   9.4111839956476234e-03	   1.2856663959390949e-01	
   6.4371016554383520e-01	   4.8501092400863266e-01	   6.4963918644422591e-01	   1.1142049806513170e+00	   2.3073935427846298e-01	   6.7117446830350735e-01	   5.5314697049977046e-01	   0.0000000000000000e+00	   3.4875470768255806e-01	   8.1288765003570806e-01	   6.0785609292526941e-03	   4.4563715115170460e-01	   2.9769837955617462e-01	   4.3131381375998579e-01	   2.3537522732607188e-01	   4.2423673899768954e-01	  -1.5429188943698235e-01	   4.5478596432452029e-02	   1.1699823838656388e-01	   2.0858701966484025e-01	  -1.4039582780642490e-01	  -4.1182530701581621e-02	   4.2656578237989295e-01	   5.8447183063081931e-01	   2.1380799002401299e-01	   3.7948605285822246e-01	  -1.7105460543802634e-02	   9.5033408140242678e-02	  -1.6827157036458157e-01	  -2.6547954634484040e-02	   2.8554269353124079e-01	   4.5574841548944944e-01	   2.0608555451078364e-01	   3.6969155380425356e-01	   4.4889510005557021e-01	   5.5451721121909803e-01	   3.0786268353923354e-02	   4.1360810521474507e-02	   1.6374513385288053e-01	   2.5580682386865455e-01	   2.1959304682074229e-02	   5.0330694578277456e-02	   1.8345011434992220e-01	   9.7781489324982290e-02	   1.6570507561445849e-01	   3.8061358003283913e-01	   6.2823380971977608e-02	   1.1227057428826935e-01	   8.9083998321644181e-03	   2.2134230965834511e-02	   2.4578828872749225e-01	   2.8540781474892968e-01	  -1.8328299172995229e-02	  -1.4189347179303316e-01	   2.5595105120166123e-01	   2.8778336454001269e-01	   2.0950361052242758e-01	   7.8880441867634071e-02	   3.7414744128026689e-01	   4.6634898765621907e-01	   6.3175534770425834e-01	   6.8598472915359110e-01	   4.0211533799365984e-01	   3.6906305814526552e-01	   6.5226505845697591e-01	   1.1109458164130208e+00	   6.3209399755052298e-01	   6.8113489432158270e-01	  -5.0647977353804198e-02	  -2.2291014253181404e-02	   2.1868311817722089e-01	   3.4081522065124309e-01	   1.6166764392884103e-01	   2.3027863880065844e-01	   3.9937584259328351e-01	   2.9468746710664318e-01	   4.5021528621984985e-01	   6.0142660580995866e-01	  -1.5152332773855320e-01	   2.6887213269763600e-02	  -7.1757678207601747e-02	  -1.2413710786600250e-01	   8.7178380345226361e-02	   1.4393540463036728e-01	   6.7795194923368565e-02	   2.7671559872389190e-01	   1.5057521854848971e-01	   3.5118322394504922e-02	   6.3368455276481828e-01	   7.2998735935589854e-01	   3.8661134277908404e-01	   4.6834560586794588e-01	   3.9265853715730881e-01	   5.8187476648114922e-01	   1.3559882572827722e-01	   2.0841625297462935e-02	   1.8659906991301436e-01	   1.1608183736910757e-01	   5.8326781765419194e-02	   1.4489755258590492e-01	   4.0698072390482554e-01	   0.0000000000000000e+00	   2.9803471499139489e-01	  -2.9362621796380600e-01	   2.6391752018162701e-01	   1.1250891835639393e-02	   2.2870594307277701e-14	   1.3719125521194708e-01	   4.1544149205016340e-01	  -1.6182101477948241e-02	   1.3998362595939454e-01	   2.8355836801244827e-01	   5.3914897135044237e-01	   9.6903593749787548e-02	   1.0075847712114636e-01	   1.4216503484739243e-01	
   2.7059041294766961e-01	   3.4679256051873758e-01	   3.4089112470647681e-01	  -5.6771560467230343e-02	   1.0923417222865850e+00	   6.1771123274694772e-01	   8.1060465018331085e-01	   3.4875470768255806e-01	   0.0000000000000000e+00	   6.3672046547596961e-01	   4.2313021735681727e-01	   3.5368254784302960e-01	   6.7682525822166573e-01	   1.5077195046432826e-01	   9.4157902470605470e-01	   4.9222368628161839e-01	   2.7682414228137692e-01	   4.0057289020213083e-01	   3.8379564048350023e-01	   2.5308411940364817e-01	   1.0503119072820609e-01	   1.2814868922699185e-01	   3.2881425539247677e-01	   1.5394132614185638e-01	   6.0282595673238730e-04	  -7.5613691535916780e-02	  -1.1449539028759997e-01	   1.2945431121056349e-02	   4.7317528022569955e-01	   6.3736756403892114e-01	   2.7665881105051449e-01	   2.9362110454296675e-01	   4.5736631272179906e-01	   4.3116857418922228e-01	   2.1838127860726655e-01	   2.5377859778862910e-01	   1.4778088851428892e-01	  -3.0196016230783908e-03	   7.7085555992614921e-02	   1.3064460313279247e-01	   2.1255602819914302e-01	   1.9499315790346394e-01	   4.5143867675489857e-01	   4.8536419575784573e-01	   6.0050123041553405e-01	   5.3217919162515326e-01	   3.5548256977394721e-01	   4.5965329090147877e-01	   3.0538310939900026e-01	   2.0731423825024395e-01	   6.1740994442609543e-01	   2.9902264640688175e-01	   2.6805236078084327e-01	   4.4346772564768572e-01	   1.8616596602603941e-01	   3.5110357137300058e-01	   2.4623417972290196e-01	   3.4469369034930780e-01	   1.1926463356714498e-01	   3.7132068389540152e-01	   1.1155183063654055e-01	   1.4603839916856898e-01	   2.1388986006517913e-01	   1.7853373846680537e-01	   8.4572936836206514e-01	   3.8661602503153386e-01	   4.1179681874816076e-01	   3.6045531553118776e-01	   1.9433008409899169e-01	   1.6512690387457291e-01	   1.0859389895770157e-01	  -2.2270119188894561e-02	   1.7176888184015646e-01	   2.8457706197342347e-01	   1.3376923631720838e-01	   8.6852579191641882e-02	   1.6345016919410954e-01	   1.2932362079338883e-01	   3.0757099400966226e-01	   5.1462190741291747e-01	   4.6450602211739139e-01	   5.2751779603434623e-01	   3.8505864452808902e-01	   4.9714336250613222e-01	   3.3114204335685965e-01	   1.4513923886496730e-01	   1.3172074111132712e-01	  -6.5002028991835423e-02	   1.4730027729773101e-01	   1.9719636454708936e-01	   4.3584735951406073e-01	   6.1913075420849972e-01	   2.7482689356974188e-01	   3.9766732407424105e-01	   2.4061841482514060e-01	   8.1049697318777120e-02	   2.2136039129288226e-01	   1.8364866348045614e-01	   3.4127316194796292e-01	   4.2721494905814772e-01	   4.7997461130767950e-02	   0.0000000000000000e+00	   2.9655873851876269e-01	   5.9724124346464229e-02	   3.9088739588613614e-01	   2.0539833771863067e-01	   1.9295676167981497e-13	  -1.0710771578686898e-01	   1.5317943416747098e-01	   3.0390676986065606e-02	   1.8472002548530109e-01	   3.6432990789020447e-01	   3.6927819368138570e-01	   2.6529370832970778e-01	   1.4062772281281219e-01	   2.4956334122216359e-01	
   2.9887956454448705e-01	   2.8494217516591025e-01	   3.9054577404175600e-01	   5.0402112237000041e-01	   4.9426733681398888e-01	   9.9202681075688048e-01	   6.4222159006217738e-01	   8.1288765003570806e-01	   6.3672046547596961e-01	   0.0000000000000000e+00	   4.9663594346150239e-02	   3.0230882778075946e-01	   1.9738723822033716e-01	   1.9182078354880058e-01	   4.9198089600242573e-01	   6.2421641297212549e-01	   1.1542524264060508e-01	   1.7625027090454784e-01	   2.9457329604180849e-01	   2.6823476930568657e-01	  -2.0339688239295367e-01	   1.0330316758014214e-01	   4.2647657735038641e-01	   5.2579807500514275e-01	  -1.7988170647889049e-02	   7.0793469476102572e-02	  -1.0639219268583304e-01	   1.0718819919575194e-01	   2.3682172639825455e-01	   2.9496120287516264e-01	   3.5707569772868081e-01	   5.3896206621521903e-01	   1.4685295579366253e-01	   2.9959836842195486e-01	   1.4342903102904861e-01	   2.3677066901672542e-01	   9.4889280115921792e-02	   1.6398675684433936e-01	   3.4265285753163183e-01	   3.1953328299614070e-01	   3.7750490574726396e-02	   2.7027924052149455e-01	   2.0396435759615739e-01	   1.7706093301318235e-01	   1.4416131183265746e-01	   2.2782612102445005e-01	   2.6355548775671928e-01	   1.9204671558710928e-01	  -1.2196514087313169e-02	  -5.9218507210313964e-02	   2.1994150473922505e-01	   2.3352275831698008e-01	   2.0438526236872023e-01	   2.7010997048086560e-01	   3.2904454040541131e-01	   4.0765717251733746e-01	   1.6878420806102876e-01	   7.6286476709132134e-02	   2.1900991454043833e-01	   3.9860810444665606e-01	   2.1121031456255174e-01	   4.9335341508191155e-01	   4.3624334478041410e-01	   2.6118248807276218e-01	   5.0047525199536369e-01	   5.3765916402379210e-01	   3.0661651009944529e-01	   3.3152175071386575e-01	   9.2632220712068197e-03	   9.1695391785739572e-02	   4.5892687893309988e-04	  -9.7632697092792497e-03	   6.1922214477029532e-03	   1.8439520252702207e-01	   9.8028615003647734e-02	   1.3001071758629313e-02	   3.3931287954701644e-01	   3.8381905216662909e-01	   4.6246531017425159e-02	   2.7721479801299487e-01	   2.8871194354591700e-01	   1.7535493862649185e-01	   2.5027261659065758e-01	   1.9041653579413276e-01	   1.1707923101569155e-01	   2.4195052588843383e-01	   1.2111529748534935e-01	  -1.6302259877844891e-01	   2.5848246319498352e-01	   4.3805463666997924e-01	   4.5909055213813799e-01	   5.7440934715048020e-01	   2.4692645188523216e-01	   3.5387541036454578e-01	   3.9962818336300265e-01	  -1.6576755058460502e-01	   1.9428232127355438e-01	   9.6900538889717905e-02	   1.6413556762158421e-01	   2.7031337642682568e-01	   1.6965769494457855e-01	   0.0000000000000000e+00	   2.4392263140068460e-01	  -1.9113535563209616e-01	   4.2762384329462372e-01	   7.0770386206573554e-02	   9.3480778673429446e-14	   8.5461970215469640e-02	   1.0504601192315477e-01	  -3.7232415291600492e-02	   4.5572812616056693e-03	   2.8119510320261942e-01	   4.1005409220401556e-01	   2.2529373426253041e-01	   1.6849017373666267e-01	   2.6743716554491120e-01	
   3.9144014098863567e-01	   3.2537558043919268e-01	   1.8425992126180099e-01	  -2.6831293128862832e-01	   5.8604298425812762e-01	   3.4695666435716294e-01	   5.5571148313586305e-01	   6.0785609292526941e-03	   4.2313021735681727e-01	   4.9663594346150239e-02	   0.0000000000000000e+00	   8.5451513394698109e-01	   1.1793910926753439e+00	   7.1343678120210752e-01	   6.7958570730995882e-01	   2.5784150315132548e-01	   5.4666560470199432e-01	   7.0222810113570611e-01	   3.3349507320123728e-01	   1.2592137304701864e-01	   2.6051169839516308e-01	   8.6323812478549464e-02	  -1.2482475280440392e-01	  -2.1604615133369007e-01	  -2.1102535415488545e-02	   1.1419523245930438e-02	  -5.9528774757438854e-02	   8.1073135160109833e-02	   6.7693845095563787e-01	   7.8067055198623814e-01	   2.0393476243177344e-01	   6.3857714266080362e-02	   4.0504274781980720e-01	   2.6628325063481251e-01	   1.6778047324384071e-01	   1.6566628713170492e-01	   1.6151480297474846e-01	  -4.6379782191425425e-02	  -1.1283810768737325e-01	  -8.2363435861365186e-02	   3.5560793169971178e-01	   1.0184294894614931e-01	   1.3979312862326809e-01	   2.5328550790457105e-01	   2.8480629616502590e-01	   2.4852444747985691e-01	   3.6067854021844883e-02	   3.9473888656069898e-02	   9.7503024495071464e-02	   2.2789743333460138e-01	   3.9823453189305380e-01	   1.9752619170521146e-01	  -4.2449402487648051e-02	   7.2754892875651872e-02	   4.4080562231694195e-02	  -1.6502211674364203e-02	   1.8519389626500518e-01	   3.6939754015362036e-01	   3.8428492869953118e-02	   2.3582372330916207e-01	   1.1296446494448265e-01	  -1.4485724026527882e-02	   1.9526506667381371e-01	   2.3464028690121219e-01	   4.4410237399082730e-01	   1.8341042754469497e-01	   1.9876177900797767e-01	   9.9170772450794767e-02	   3.8680640274830674e-02	  -2.9305809038494234e-02	   2.4962634368483605e-01	   2.6100537208738150e-01	   4.6930938222321344e-01	   4.7564500459445169e-01	   3.8856629845282387e-01	   3.1672960572552677e-01	   1.5744775573325928e-01	  -9.5464844380766078e-02	   5.9368649226739301e-01	   6.6545300727298207e-01	   4.4393324923463162e-01	   6.7539918877875715e-01	   2.3995904951696159e-01	   5.6516224832120854e-01	   3.4446642120113308e-01	   1.1753582129586922e-01	  -2.7523299487740099e-02	   1.4158135635305999e-01	   2.9419938889940056e-01	   1.4088887633187225e-01	   2.5170181872760662e-02	   1.1581083159812790e-01	   8.0929737584083589e-02	   2.9319621381730732e-01	  -9.5613782661416735e-02	  -3.5054781505393720e-02	  -7.9127542602861201e-02	  -1.4178499049059615e-01	   1.7368292671609095e-02	  -2.6612294345779532e-03	  -7.2679524533267065e-02	   0.0000000000000000e+00	   3.9689638819336903e-01	   1.5327595365968422e-01	   1.1925313166002184e-01	   3.0081196832475265e-01	  -6.2339022832706427e-14	  -1.6228877200429155e-02	   9.2397466135526546e-02	   3.3186632289538706e-02	  -8.5610220692740893e-02	  -7.7009833360647114e-03	   1.3913760627728872e-01	   2.5850640457126117e-01	   8.0685902966007222e-02	   4.2183618266846253e-02	
   7.1276649905809186e-01	   4.2125510008820111e-01	   3.9424683792731124e-01	   2.8281151520993336e-01	   4.1990157304657538e-01	   3.8071345119726163e-01	   5.2581558654823701e-01	   4.4563715115170460e-01	   3.5368254784302960e-01	   3.0230882778075946e-01	   8.5451513394698109e-01	   0.0000000000000000e+00	   9.1146633826201295e-01	   1.1385227401492337e+00	   4.7115629518747798e-01	   4.1567775385552175e-01	   6.2826203027434024e-01	   8.2294713391117713e-01	   1.4254253247238460e-02	   5.2263233360130293e-02	   1.3883364078114097e-01	   5.5895362525749615e-02	   1.2018109969953641e-01	   2.1615562983298175e-01	   2.5130468102784553e-01	   4.0220128271442213e-01	   3.8352090102462787e-02	   1.4444142353011444e-01	   3.5939441253418286e-01	   5.3477345428814849e-01	   3.1935387562864270e-01	   2.9347396673440729e-01	   2.4630744632982676e-01	   2.6034567825163157e-01	   4.6330251365743769e-01	   4.9628066643950602e-01	   2.0376607983679143e-01	  -4.4707072193360994e-02	  -9.1282070348693650e-02	   3.2404497864219582e-02	   2.6080140660064083e-01	  -1.8731241470682600e-02	   2.0217213731850633e-01	   3.2612059858082898e-01	   2.5743093442182818e-01	   3.7470363605395718e-01	   1.1623653581731631e-02	   1.4256889622964591e-02	  -4.1403487582490760e-02	   1.3598657287930355e-01	   3.8114172878691710e-01	   2.8469265488273027e-01	  -1.1821256971437794e-01	  -1.6821635783306196e-01	   1.0512385808336047e-01	  -2.3913716678724724e-02	   3.6804355817440265e-01	   2.8621128887202268e-01	   2.3203761756387470e-01	   2.6992716520376597e-01	   4.9560337379509023e-01	   2.3335735468993557e-01	   5.7842066673934800e-01	   6.2305010214231127e-01	   5.4252795906047258e-01	   5.3858319903760488e-01	   3.7432172245252682e-01	   3.5040584963315446e-01	  -7.9590873045961713e-02	  -1.5355495548403217e-01	   3.5615842321452540e-01	   4.1327327122257662e-01	   5.0024716161488492e-01	   5.4511466922307694e-01	   5.1205672253858592e-01	   4.9333679950329512e-01	   3.6057205381182034e-01	   2.3953968575142096e-01	   6.5363527473375171e-01	   5.6293583133866498e-01	   3.7223203871270327e-01	   4.7058467645664115e-01	   3.8444932222279238e-02	   5.7483930529738614e-01	   2.0821632792838657e-01	   4.2789263282690310e-01	  -1.1310109093666784e-01	   1.6709747877881626e-01	   4.0380533367299681e-01	   3.6450717834334034e-01	   1.2706356979370872e-01	   2.6271795388523167e-01	   7.0264559196579923e-02	   2.7645524185437803e-01	  -2.3569348429361231e-01	   7.1619580138184757e-02	  -8.6939662680483587e-02	  -1.2881448780331040e-01	  -7.6575285879226074e-02	  -8.4402834106706986e-02	  -4.5893242713603101e-02	   0.0000000000000000e+00	   3.2197569608512749e-01	  -2.7906840027350799e-01	   1.9247267185812689e-01	   3.9861956735987752e-01	   1.9129142714287787e-13	  -1.2221481411010655e-01	   5.0061016944898851e-01	   6.5993764069653363e-02	   4.8170327988437275e-02	   6.8181916527870270e-02	   1.2960338364173846e-01	   2.8160579813099405e-02	  -7.2959000952221673e-02	   2.0022854843329049e-01	
   3.9914577881466434e-01	   2.6859318294040824e-01	   4.8795191039205799e-01	  -3.3171903032153373e-02	   6.8382217065060580e-01	   4.4105788663446366e-01	   8.2639105698129889e-01	   2.9769837955617462e-01	   6.7682525822166573e-01	   1.9738723822033716e-01	   1.1793910926753439e+00	   9.1146633826201295e-01	   0.0000000000000000e+00	   7.4097289128917909e-01	   8.5381529050896310e-01	   4.4218338032860832e-01	   4.1367939702693468e-01	   6.0118912661397728e-01	   7.2516950309864298e-02	  -6.7246708744652633e-02	   2.0599161941630970e-01	   1.3070711013086378e-01	   8.7837662583045678e-02	  -3.2301274045793339e-02	   1.0311022782811398e-01	   1.4765886761106392e-01	  -1.8279082851029489e-02	   1.1108483277889149e-01	   5.0104207747640650e-01	   6.8044202308691792e-01	   2.6641812262991427e-01	   1.9511553662001641e-01	   4.6162809572744196e-01	   3.4858835793265802e-01	   4.5482511700961503e-01	   3.8554065692764611e-01	   2.2101790815195241e-01	   1.8223777834837944e-03	  -3.2173297711340976e-02	   4.3891779207249765e-02	   3.4691617101359939e-01	   1.5766486844257910e-01	   2.8893333152585249e-01	   3.2120859077926384e-01	   3.7845110337910381e-01	   4.2180444398918904e-01	   6.4978514746133670e-02	   1.4380636994661708e-01	   1.9321666070605214e-02	   1.5424838209377140e-01	   6.0406573489177562e-01	   2.5149028546141383e-01	  -5.2174820242937126e-02	   6.9254222194422857e-02	   5.3969950804003811e-02	   3.2547775847685353e-02	   1.6781410477812664e-01	   2.6821485441871834e-01	   1.8063259850232938e-02	   2.7012626124971717e-01	   2.4699073299098862e-01	   4.9303963886545996e-02	   2.3124960328891844e-01	   2.7671045210842893e-01	   8.4892540953330475e-01	   5.4029550737891363e-01	   4.2023395375375794e-01	   3.5826944444146763e-01	  -1.3460989695039871e-02	  -4.8250395119578599e-02	   2.0896500796001471e-01	   2.4115390619016563e-01	   4.3523605273823679e-01	   4.7908942358079953e-01	   4.0510954839830676e-01	   3.0447956858247077e-01	   1.1319260526362340e-01	  -1.0752542935533441e-02	   5.2010693013726805e-01	   5.8533677063704770e-01	   3.3027892840726514e-01	   5.0614425801523877e-01	   2.2837724868035519e-01	   6.4821232160498199e-01	   3.5747987143691379e-01	   2.3615263338583878e-01	  -9.4740309379103844e-03	   1.4377629803639574e-01	   3.5018301402171848e-01	   2.9676202201016477e-01	   9.9219181403290113e-02	   2.2562902399876725e-01	   2.0614357191811727e-01	   4.9424292946804954e-01	  -6.5544209454107799e-02	   1.9887911675665910e-02	  -5.6087504247185740e-02	  -1.6477041407428916e-01	  -7.5386349157860133e-02	  -5.6582766315689701e-03	  -9.1548320185156781e-02	   0.0000000000000000e+00	   2.9393702751166140e-01	  -7.6010764397798705e-02	   1.7077009268514876e-01	   3.1635695594226110e-01	   1.4876988529976877e-14	  -1.3554846108988308e-01	   1.8405661791909950e-01	  -1.3423070551591224e-01	   5.1132382587549145e-02	   3.8033928865298744e-02	   2.7889335386889935e-01	   1.4866525820720397e-01	  -4.9142734631613255e-02	   7.1118857033119390e-02	
