   0.0000000000000000e+00	   1.0137140898890524e+00	   5.2710056065397104e-01	   8.3833263221815169e-01	   7.0038149872789335e-01	   6.0649697592158724e-01	   1.0219704458610890e+00	   9.3468929033007297e-01	   7.5892319560648014e-01	   5.3498285692966663e-01	   9.9812105366291815e-01	   7.8128179940260756e-01	   5.2857300616488223e-01	   5.3282051531720298e-01	   6.3528666145219015e-01	   4.5188021660487776e-01	   6.2052160880972895e-01	   7.1300235545265833e-01	   8.6042345470841619e-01	   9.0484556516477788e-01	   2.9684137268550681e-01	   1.9522718760000399e-01	   3.4561782107595873e-01	   2.8144343984192277e-01	   3.3842067562700490e-01	   2.7650909904336557e-01	   4.3978792015248935e-01	   3.9974562076647724e-01	   5.7323524762249189e-01	   6.3320692051386629e-01	   3.4978938666634196e-01	   3.7727485580542375e-01	   7.4749897717759473e-01	   7.8869340870606808e-01	   4.0013773403888730e-01	   3.3642388017148328e-01	   7.0160600330934977e-02	   1.8157455907778849e-01	   2.8463062560286811e-01	   2.8437955435835943e-01	   1.1706660342291129e-01	   2.8947102609816786e-02	   3.9891357733730465e-01	   5.1225565684053609e-01	   4.3143181769495409e-01	   4.4588398334392371e-01	   6.4148166879188451e-01	   7.1681164653667817e-01	   5.3008457098741135e-01	   4.2300533225368819e-01	   8.2905309784656867e-01	   5.5514515314493162e-01	   5.4550160191102137e-01	   7.3259969489338839e-01	   6.8131338714948886e-01	   8.8673170578319138e-01	   5.1779212350762860e-01	   6.5486730446110297e-01	   9.1977218661392768e-01	   7.5906226841133106e-01	   7.1797773883922900e-01	   7.6501469029106084e-01	   8.7609018452407639e-01	   7.0960254982857540e-01	   5.2405973651420679e-01	   4.0887048043037738e-01	   7.2285303952931523e-01	   4.9469174549338052e-01	   4.5233524370986405e-01	   1.8305265044107916e-01	   4.1977291894766122e-01	   4.2111210845414249e-01	   4.6996675339715727e-01	   4.9888005831285831e-01	   5.7518396983115305e-01	   5.6561032280633206e-01	   7.4499060021777264e-01	   5.7617852347789622e-01	   5.3861458848400368e-01	   4.4255690479845611e-01	   6.7389859206138703e-01	   8.6373445429064533e-01	   4.1979849681615639e-01	   4.2825080066006677e-01	   6.6777164777923670e-01	   7.4796730951151080e-01	   3.8851558652236517e-01	   3.5637190982263112e-01	   7.1272501318244286e-01	   6.3116771743544231e-01	   6.2810971593576626e-01	   5.2520865213460088e-01	   2.4464898075399280e-01	   2.2297858684586708e-01	   3.4238236778764175e-01	  -8.6488241881184758e-02	   5.9602077089179595e-01	   5.1126913282739572e-01	   6.4522794317120302e-01	   6.4495967731145876e-01	   4.1757421811039341e-01	   3.1571225407862391e-01	   4.0941185671640351e-01	   3.3827927690641635e-01	   1.7674761120198526e-01	   2.1636594894497374e-02	  -7.2593738552390770e-03	  -2.5423279557839207e-01	  -6.6540574806918745e-02	   2.5059830656063409e-01	   3.6245857733353876e-01	   5.3290015988842354e-01	   2.7068799837916924e-01	   2.2977110320787786e-01	   5.3354395578964951e-02	  -2.5323476499206327e-02	
   1.0137140898890524e+00	   0.0000000000000000e+00	   2.3574600763018011e-01	   6.4863909374653639e-01	   3.6255761236874151e-01	   3.9441513972081943e-01	   5.7856289150535811e-01	   6.5226256320034093e-01	   4.9300973428958483e-01	   3.4887810220036219e-01	   6.6505764270789092e-01	   9.2268212401370486e-01	   5.0590320106944620e-01	   6.1868226543134319e-01	   4.3268379459598705e-01	   5.2403736785523447e-01	   8.8388447789279878e-01	   8.2839436848100745e-01	   5.8757804757422027e-01	   1.0574453423671217e+00	   2.8028908969278366e-01	   3.3823747834182599e-01	   2.1550767732311099e-01	   2.7735327210231198e-01	   2.4940115840205479e-01	   1.7504550179157619e-01	   2.7541985308858197e-01	   3.4688742021887586e-01	   5.8030986638702431e-01	   7.4037451710296898e-01	   3.3370666682065059e-01	   3.3151516333219722e-01	   6.7929105973007586e-01	   7.7683457392595079e-01	   2.6885566487096446e-01	   2.8169905261044209e-01	   2.2248583277485665e-01	   3.3669311713693700e-01	   3.0305039099282094e-01	   2.8418003533787672e-01	   3.2867054977391824e-01	   2.4905041135739592e-01	   2.9510038381502907e-01	   3.7829738400790541e-01	   2.6638230431329968e-01	   2.9806247047112400e-01	   5.0399736975522036e-01	   5.5158664756479059e-01	   3.1615195754103176e-01	   2.9736268385811843e-01	   6.0944514200479483e-01	   3.6682448301576304e-01	   4.0496335965911651e-01	   4.6644177077560739e-01	   5.5164011452715267e-01	   6.8725475442866968e-01	   6.3135982086526610e-01	   1.0110971295460762e+00	   6.7012366290862935e-01	   7.9909425787873190e-01	   6.7723639848761275e-01	   7.0649768110410061e-01	   9.5989148003957114e-01	   9.5703070639941690e-01	   2.3208094656345521e-01	   2.5597204263239853e-01	   4.2344458764957837e-01	   3.4135815719653628e-01	   6.5302988327783384e-01	   4.3721030152442253e-01	   4.0797679084177851e-01	   3.7887610008403466e-01	   6.0842330302088610e-01	   7.7478288119365379e-01	   5.6667079430306311e-01	   5.4585183882757915e-01	   6.2045925146304548e-01	   7.2969859964593109e-01	   5.6328780059220795e-01	   4.6531944099811962e-01	   9.4712627703027374e-01	   8.2680224903272626e-01	   2.5306707181274302e-01	   5.4575480647263497e-01	   4.8816829249572824e-01	   6.8581883085202078e-01	   1.5429691377637256e-01	   3.1518579896500548e-01	   6.6233989127582238e-01	   6.6792445889341356e-01	   5.7503609965991498e-01	   4.4741743431166292e-01	   3.1754750510985108e-01	   2.1082771258192065e-01	   3.2234712602220222e-01	   5.5402729629809881e-03	   6.1150006675249480e-01	   4.5642348300563201e-01	   5.5895060341663494e-01	   5.0166389673627165e-01	   2.9755769146340610e-01	   1.8066778463586897e-01	   3.8709210360352098e-01	   2.4519017778395233e-01	   3.2543403289430306e-01	   1.9129091528544029e-01	   9.1369210881167090e-02	  -4.0913736891113835e-02	   4.4072932296751598e-02	   2.2028485636882497e-01	   4.0791206889815435e-01	   4.8217082632090080e-01	   2.7114939248982484e-01	   1.8768303528132016e-01	   1.7008314728973828e-01	   1.4173260090078724e-01	
   5.2710056065397104e-01	   2.3574600763018011e-01	   0.0000000000000000e+00	   6.9989709177947490e-01	   9.0177008227138444e-01	   7.2577219354744149e-01	   1.1736734668424431e+00	   5.7707336771262985e-01	   7.7142387794547607e-01	   4.5105149879369399e-01	   6.5357105404996663e-01	   3.4651592142182924e-01	   4.3664436208334478e-01	   2.2053664475048276e-01	   8.9799129642565523e-01	   3.5797055962431212e-01	   7.8966371586266570e-02	   4.2517234493754030e-01	   7.6953229088879516e-01	   3.6799487425289890e-01	   3.7217979000116791e-01	   3.8569664116431690e-01	   6.7472393073381165e-01	   3.2352973591504564e-01	   4.8262606150458509e-01	   4.1910438263904759e-01	   5.0895699500952030e-01	   4.3000097748759503e-01	   3.6945092184372325e-01	   3.8825307821729343e-01	   7.0174833023678729e-01	   5.6364379623514727e-01	   5.1361647732173787e-01	   5.2542531699160544e-01	   4.1758998179286133e-01	   2.1574872379589585e-01	   3.6067813951866906e-01	   3.1218380381604005e-01	   2.8402235905071155e-01	   6.4376532637295536e-01	   9.9578207942666530e-02	   9.0753544132940248e-02	   5.9318976356851361e-01	   6.2816789225272229e-01	   5.4040132883647940e-01	   3.8978039795753061e-01	   4.7276105929283707e-01	   5.8685687981027301e-01	   5.9045394697497566e-01	   6.1810270368758113e-01	   5.4392637676333200e-01	   6.6562609083253255e-01	   2.4144548959516288e-01	   5.8478778041615642e-01	   4.3263722010710964e-01	   6.2357825204715311e-01	  -5.4630286239957498e-02	   1.3693340468018189e-01	   3.5574191764152169e-01	   1.2998072610763192e-01	   6.0631041484669142e-02	   2.2447000352134355e-01	  -2.8599344111822751e-02	   4.7987663267543636e-04	   7.8894308255048295e-01	   5.8416956667586573e-01	   5.8708001266216481e-01	   4.2672399908932046e-01	   7.1972147544145645e-02	   1.9719020593234679e-01	   3.7160480745247121e-01	   2.8774018634164406e-01	   2.8042345872340430e-01	   1.9184234764243871e-01	   3.6889733550518311e-01	   3.8009885078645717e-01	   4.5864501564068050e-01	   1.8016705254666332e-01	   3.6388738758599887e-01	   4.6731208537571067e-01	   3.0358675894670822e-01	   5.2144396802264925e-01	   4.7331310601350463e-01	   2.0585324857284418e-01	   6.8959256703009408e-01	   4.4097055518191941e-01	   5.6637010032637003e-01	   2.0864276467549953e-01	   4.3433637309565454e-01	   4.4811155465622587e-01	   3.1050254859379567e-01	   4.4948417054793205e-01	   1.5120120904794992e-01	   2.8700266218087939e-01	   2.1590224627817914e-01	   6.6729785952137494e-02	   4.1509422407315388e-01	   3.7503839342557715e-01	   2.2911658674343383e-01	   2.6444792189871402e-01	   2.6895763556295665e-01	  -1.0538946894159845e-01	   1.6012787949181881e-01	   1.5499345456071517e-01	  -9.4773083507279268e-02	  -2.0277637776069202e-01	  -1.1895386841168361e-01	  -3.6079257690536154e-01	  -7.8727026292778626e-02	   2.1449499439439423e-01	   3.4752326690056246e-01	   2.6389005330587179e-01	   1.3783860755611424e-01	   2.0544419393985200e-01	  -1.8330905118191267e-02	  -2.5629983629935155e-01	
   8.3833263221815169e-01	   6.4863909374653639e-01	   6.9989709177947490e-01	   0.0000000000000000e+00	   4.7338974915227550e-01	   7.4137606720742721e-01	   9.3619619035600699e-01	   1.1638328237270876e+00	   4.5393715459168321e-01	   6.8617153676086728e-01	   6.3593791135357436e-01	   7.8942270003044757e-01	   3.4206510787151484e-01	   4.9708157946368159e-01	   6.9669853424296835e-01	   7.7636386114882261e-01	   3.0377562999521113e-01	   4.5605618879914989e-01	   7.6540902010288336e-01	   8.8357965348136802e-01	   4.9574007722196778e-01	   4.9981205452218075e-01	   5.8571657692204449e-01	   6.5127415006012468e-01	   5.0201053160644760e-01	   5.0887324009572321e-01	   4.0091841772505088e-01	   4.0678374939098538e-01	   5.0264333071729028e-01	   5.9394454916522788e-01	   6.9267470647116092e-01	   8.4236879437067280e-01	   6.6511174690319685e-01	   9.0869715161327780e-01	   6.9952418673886729e-01	   6.5785813100297885e-01	   2.0323594775991452e-01	   3.1957059755207956e-01	   1.7720640347180761e-01	   4.8095707565138973e-01	   5.2543644084413685e-02	   1.0893277408656554e-01	   6.1480189422388076e-01	   8.6840136582499683e-01	   7.2509036250129355e-01	   6.5793148749974606e-01	   8.1395022558550434e-01	   9.3110951739509074e-01	   5.2569146448530568e-01	   6.0900225126164653e-01	   6.8073390066660422e-01	   6.0413369560142216e-01	   4.7726847456258248e-01	   5.3269004855025037e-01	   5.9487120106541513e-01	   9.2027460207912071e-01	   1.3246606803696853e-01	   3.9338310232317530e-01	   5.1152291563037178e-01	   6.6857490429041555e-01	   2.1538051629789876e-01	   6.6120832231917226e-01	   3.7461329637693780e-01	   3.3585241491666895e-01	   6.2609761394136410e-01	   1.0824224644742988e+00	   7.5154305156049905e-01	   8.2266317023544433e-01	   1.9770902552220157e-01	   1.2270546896619858e-01	   5.5965314773483954e-01	   4.6205751007011403e-01	   4.3426281520880150e-01	   4.4980382246787903e-01	   4.9715244837114414e-01	   3.8344717441310228e-01	   6.1242989161383887e-01	   5.9222347118806684e-01	   4.7026426818372852e-01	   4.3283849300047378e-01	   5.9548181443199655e-01	   6.2719411906408729e-01	   5.5864313339170946e-01	   2.9548980574574152e-01	   8.9199119859310905e-01	   9.4283213816534894e-01	   4.4626209227726477e-01	   3.9815415333467030e-01	   6.1350919684685545e-01	   5.3988694694030959e-01	   4.8957890933333775e-01	   3.9775238670029267e-01	   1.7231898468600559e-01	   1.8628533814730058e-01	   2.7253814969414136e-01	  -6.0377095735131399e-02	   6.4098579385959398e-01	   4.9111817456153078e-01	   5.4400257321519341e-01	   4.3680897815580000e-01	   2.3093062000394110e-01	   6.3312149751163393e-02	   3.7964739698804489e-01	   3.4950146240349977e-01	   3.0936665782111683e-01	  -6.3176947169672398e-02	  -1.1458740770584711e-02	  -2.9598012313965694e-01	  -1.1165128648286532e-01	   2.3529949694734076e-01	   5.2483806588795212e-01	   3.8626033645382468e-01	   2.6616842380544625e-01	   3.9864675843501218e-01	   1.6492154627599287e-01	  -9.0093908881402202e-02	
   7.0038149872789335e-01	   3.6255761236874151e-01	   9.0177008227138444e-01	   4.7338974915227550e-01	   0.0000000000000000e+00	   8.6763426585598169e-01	   1.1193995216066701e+00	   5.4128163983753597e-01	   1.0507684595607636e+00	   4.3201240046206529e-01	   9.1050024962021259e-01	   4.3498636390572026e-01	   6.7364613092583503e-01	   3.4214025458283087e-01	   8.8908549842930051e-01	   4.2772057282145626e-01	   2.5058168984282836e-01	   5.8209022575099345e-01	   6.4415049683920922e-01	   4.4821451479172270e-01	   5.3643509622362495e-01	   4.6340725047492015e-01	   3.6022428301583720e-01	   1.6319151178096516e-01	   3.0525082042835472e-01	   2.5424767535872084e-01	   4.2165595556087054e-01	   4.7082764276194627e-01	   5.5142818932053284e-01	   5.2039123036517743e-01	   4.4351527829501747e-01	   4.0491141176619144e-01	   7.1116737315030631e-01	   6.6548545790652369e-01	   3.4232831440257150e-01	   3.2496248560651508e-01	   3.4827731649474386e-01	   3.6497521409664307e-01	   5.3681617282152960e-01	   6.6315483650729101e-01	   2.3749079445271168e-01	   2.2303994708745836e-01	   3.6185690136796006e-01	   4.1070131562755796e-01	   4.8571031023245592e-01	   3.9852562890512921e-01	   4.6658007640918331e-01	   4.8823957928809381e-01	   5.2461992633311849e-01	   4.9343643629634026e-01	   5.0650256803095528e-01	   5.1764544959432424e-01	   2.4393134549563933e-01	   5.3474516284102958e-01	   6.2461480214862664e-01	   6.2320237391622690e-01	   1.3375082684730177e-01	   2.6019698853484924e-01	   8.7126222033604117e-01	   4.3399355558062602e-01	   3.8575390988138064e-01	   3.8206005978624630e-01	   3.7423402580368131e-01	   3.1878373976248753e-01	   4.9126189860709191e-01	   3.8358964749751828e-01	   6.0724905289591269e-01	   4.0917806762727404e-01	   3.0242275276500941e-01	   2.4100222833975757e-01	   3.7444455582085734e-01	   3.1672786503825590e-01	   4.6336848281262366e-01	   4.3702189407193365e-01	   6.2239609670521523e-01	   6.2684043744203344e-01	   4.2583984595570695e-01	   2.3309215217317722e-01	   2.9870684942889042e-01	   4.3693516732272819e-01	   3.1608513037271352e-01	   5.6227527980821390e-01	   5.0653053581905005e-01	   3.6964267401571371e-01	   4.1649294338761805e-01	   4.2346255470722294e-01	   2.5298750225786160e-01	   2.0194831827368764e-01	   4.5730329838704947e-01	   3.4956653619066524e-01	   4.2584669152838966e-01	   4.5919528291376049e-01	   2.0727803379813767e-01	   3.3342338029948654e-01	   1.4721297515106224e-01	   1.5047393360694220e-03	   3.3382968398284568e-01	   2.8951104363388031e-01	   3.3237524099655413e-01	   3.1805423266597860e-01	   1.7145258462169882e-01	   1.8535643404952440e-01	   2.2108176612928626e-01	   3.8065810251565929e-01	  -1.0338536335822457e-01	  -1.7765075564299329e-01	  -7.5638007614530461e-02	  -3.1650125992988959e-01	  -5.5293705891075809e-02	   1.6500648920703012e-01	   2.3764934997693868e-01	   2.3435378041245583e-01	   2.4860453352557413e-01	   1.6349755105304525e-01	  -2.0651492507788624e-02	  -3.2664122588168787e-01	
   6.0649697592158724e-01	   3.9441513972081943e-01	   7.2577219354744149e-01	   7.4137606720742721e-01	   8.6763426585598169e-01	   0.0000000000000000e+00	   8.3279473524504299e-01	   6.4791907839198459e-01	   6.5393779504240690e-01	   8.1661979902472315e-01	   6.5115919514607956e-01	   6.3516314863120815e-01	   6.0267931104048500e-01	   6.3736400772423618e-01	   6.9461944021332989e-01	   8.2601742851664983e-01	   2.3378709150371912e-01	   5.3628149149110205e-01	   5.1045662251885204e-01	   5.5303886440096250e-01	   7.5049385330004825e-01	   5.6845043180030630e-01	   3.2854728189461635e-01	   3.6294255632687628e-01	   3.0717005509592998e-01	   4.0286942584543822e-01	   3.8587769571065866e-01	   5.8518646796390761e-01	   3.9696302851334259e-01	   4.2965841788731762e-01	   4.8818998470988506e-01	   5.2091458897534659e-01	   5.8513520068758440e-01	   7.1886903933773727e-01	   5.4099971670660463e-01	   6.1630407120119746e-01	   4.0534378959073580e-01	   3.9911342878171191e-01	   4.9301669407419013e-01	   7.4337855463202585e-01	   2.3185708556289686e-01	   2.6005995233925688e-01	   4.9090018918000305e-01	   5.7971623377223869e-01	   5.4869127842112775e-01	   4.7485873497844833e-01	   5.4283184859844102e-01	   5.5617144417259456e-01	   5.3606644313479324e-01	   6.4655886018437025e-01	   4.6384736051221220e-01	   4.9809054724076557e-01	   3.5597693764007005e-01	   4.0413789406618916e-01	   6.0327627627833025e-01	   6.3435379129617919e-01	   1.2179086325274245e-01	   2.2352534056252171e-01	   7.2137351681910866e-01	   5.7686758111350711e-01	   3.4266606207017275e-01	   5.0174305681827558e-01	   3.0282210221143030e-01	   2.3351273531828076e-01	   3.8921945890560017e-01	   6.5881143081545213e-01	   4.2810838657433675e-01	   4.7345994978790307e-01	   3.3802290336722995e-01	   4.2294972816792803e-01	   2.4777841945757173e-01	   2.4003259559178713e-01	   4.2163257308751700e-01	   3.1818068167074354e-01	   5.1631001943331856e-01	   3.8840790972086847e-01	   3.9627937502843869e-01	   3.3686120508513667e-01	   1.3844226236996221e-01	   2.7639728850318851e-01	   3.4432664931693319e-01	   3.2026792588627151e-01	   3.3986769914461229e-01	   3.2868304148077265e-01	   3.7045179223761615e-01	   4.5724649651147209e-01	   1.6673183194871313e-01	   2.4643821893598100e-01	   5.9582223695673830e-01	   5.3925614441911318e-01	   5.1593878257799730e-01	   4.3703637304024223e-01	   2.7473621143266463e-01	   3.6867472707621440e-01	   2.3058520742802774e-01	  -3.4022008276903160e-02	   3.7893327154855527e-01	   4.1152196238787808e-01	   3.8668749682935699e-01	   2.4468235785093251e-01	  -2.3366216839086504e-02	   6.5827264666630400e-02	   3.5836001274332918e-01	   4.2140058191768526e-01	   1.4138985853036878e-01	  -1.8544107311289731e-01	  -1.1620662167106033e-01	  -2.5929299408156659e-01	   2.0121873420494998e-03	   2.9993138314875989e-01	   3.9056873992976138e-01	   2.4045955652491594e-01	   2.3957862641045538e-01	   2.1793453750483860e-01	   9.5056131904038194e-02	  -1.8248047548265717e-01	
   1.0219704458610890e+00	   5.7856289150535811e-01	   1.1736734668424431e+00	   9.3619619035600699e-01	   1.1193995216066701e+00	   8.3279473524504299e-01	   0.0000000000000000e+00	   1.1199125913807306e+00	   1.0823196279916369e+00	   6.9493659207172342e-01	   9.8890086562735369e-01	   6.4865298468591626e-01	   5.2726316043939947e-01	   4.0857172735527275e-01	   8.6446280560827227e-01	   5.5139847429564015e-01	   2.9747682615199561e-01	   5.9367995523531303e-01	   1.0081442021915532e+00	   7.9662874344265688e-01	   4.2050584376363004e-01	   3.8786693647045911e-01	   4.7615887336162843e-01	   1.9961661585585566e-01	   2.9011470765468694e-01	   2.1957255185853963e-01	   3.8099351497931710e-01	   3.7402034337226797e-01	   6.7275679620815654e-01	   6.8880734061823468e-01	   6.4763287588088791e-01	   5.7776511692541610e-01	   8.9929762325251483e-01	   9.2306768860842947e-01	   3.9400796259193133e-01	   2.8381389475926727e-01	   1.4093973517205688e-01	   1.9388281339883723e-01	   3.2905453540843327e-01	   5.3376930095701336e-01	   2.8920100897310761e-02	  -1.3204124355092405e-02	   4.3289564685831272e-01	   5.6159887658152363e-01	   6.0897801200068036e-01	   5.1318295393987801e-01	   6.1115935343555416e-01	   7.2743794994459288e-01	   5.8105744137358584e-01	   5.2782112190692876e-01	   6.3279945085644751e-01	   6.6374579524065136e-01	   3.2937948005579637e-01	   6.3385473596446751e-01	   6.0346802283686540e-01	   8.3942896001055844e-01	   9.3531153672691658e-02	   3.2235504755325406e-01	   7.3851754489227894e-01	   5.4286134984990597e-01	   3.9554805943168714e-01	   6.1705502615748098e-01	   4.7827205329973455e-01	   4.7133392027120924e-01	   7.7758970166649166e-01	   5.7730208487640089e-01	   8.2791633195423731e-01	   5.7139630013641374e-01	   1.8415021105797985e-01	   1.7315622368996961e-01	   5.3798600324817947e-01	   3.4478990735170845e-01	   4.7452181178475827e-01	   4.3236216488951817e-01	   6.0856681808724156e-01	   6.0616712923980076e-01	   6.4745545202294141e-01	   3.8338540642747765e-01	   4.2406483936833883e-01	   4.2994971420248296e-01	   5.0812856656842142e-01	   7.3540600654118615e-01	   5.3567227074910628e-01	   3.2355114060113149e-01	   7.8705875222339017e-01	   6.7400817505383359e-01	   3.9006353456174903e-01	   1.9771494812677473e-01	   5.8303173096465100e-01	   4.4877730227446760e-01	   4.3369144042298879e-01	   4.2624290743963739e-01	   1.2202497890006515e-01	   2.1190282172309155e-01	   3.1613991070856878e-01	   2.1136508167583024e-03	   4.9077768561020940e-01	   4.0778478843000981e-01	   4.6118088104218680e-01	   3.8097800808765231e-01	   2.6931219452775673e-01	   1.3371410950151530e-01	   2.8660371251815242e-01	   3.0952798818023558e-01	   7.1837025670875174e-02	  -1.2758877200914776e-01	  -1.3357620714848126e-01	  -3.9851139720013168e-01	  -7.2673328954247385e-02	   2.3153283615100839e-01	   2.7829633937993042e-01	   4.0110483598029500e-01	   2.4326861745653205e-01	   2.5192586839329811e-01	  -6.3272225281868315e-03	  -1.7851573886458477e-01	
   9.3468929033007297e-01	   6.5226256320034093e-01	   5.7707336771262985e-01	   1.1638328237270876e+00	   5.4128163983753597e-01	   6.4791907839198459e-01	   1.1199125913807306e+00	   0.0000000000000000e+00	   6.3708362234008831e-01	   8.9499106183183375e-01	   7.6266341530237414e-01	   8.8798058911771338e-01	   3.3899778473499148e-01	   5.3986052101111026e-01	   5.5840596597821068e-01	   6.2178057383144048e-01	   2.8451424917781643e-01	   3.7128508894151535e-01	   8.8126979573958497e-01	   1.0422771110110070e+00	   2.7020737828697344e-01	   2.6826220439368453e-01	   3.7214810189614966e-01	   1.9431393853893197e-01	   1.8916367684253951e-01	   9.7363398096833642e-02	   1.8413726633551247e-01	   1.6539650486795193e-01	   6.4535648690773162e-01	   6.8823748625708581e-01	   5.5807025293898671e-01	   5.4564678896886964e-01	   7.0933092293653499e-01	   8.8000378602481177e-01	   4.1423255636353540e-01	   3.8953093046761317e-01	  -1.1612530944288242e-01	   8.6855545500782519e-03	   1.8429703019580981e-02	   2.8208449319410939e-01	  -1.9371665605166360e-01	  -1.7794786033330529e-01	   3.9411522408511490e-01	   5.6063273611301190e-01	   5.8536644870616372e-01	   6.0876158179843720e-01	   6.6132281196479115e-01	   8.1581901940882662e-01	   3.8780379686796490e-01	   4.0319110807091801e-01	   4.6739683833756124e-01	   5.0707106690716564e-01	   3.1977299311162588e-01	   4.6480556677596430e-01	   4.0646749107318725e-01	   7.1757322131168055e-01	   3.6219213783342245e-02	   1.7253770527942722e-01	   5.3670154372832213e-01	   7.3021531022656150e-01	   2.6395688466687017e-01	   8.7813319234179432e-01	   5.0154109470494845e-01	   5.0274259862179116e-01	   7.0626253581175735e-01	   7.3127324263937077e-01	   7.3656724485556380e-01	   6.8007342578204777e-01	   6.7082033971837610e-02	  -5.3733267214131327e-04	   5.3519275264343213e-01	   3.5972644106983354e-01	   4.1921677507059835e-01	   4.4183064308899073e-01	   5.6020002643986144e-01	   5.0724591544826780e-01	   6.4318403430210869e-01	   5.9989886276659465e-01	   3.5085779706555775e-01	   2.1386267606718345e-01	   5.2590961135748504e-01	   4.9681634030008948e-01	   4.2407649722381957e-01	   2.1389964836428657e-01	   8.2167093297260496e-01	   6.9703821966672896e-01	   2.2970387716439555e-01	   7.5929686565313945e-02	   4.4459434771647116e-01	   3.0054290021150304e-01	   5.7454400361454239e-01	   3.7758090831053626e-01	   1.7011415314120570e-01	   1.5928876464433753e-02	   2.4383532713011358e-01	  -2.0816259966496661e-02	   4.7182940961385145e-01	   3.5875625106463899e-01	   6.3693682784252914e-01	   4.0293516209944180e-01	   2.3298417495809420e-01	   3.9373806271147185e-02	   2.4337311591559538e-01	   5.1262549248335598e-01	   1.5490988685718610e-01	  -9.0094023348318952e-02	  -1.0244747537931602e-01	  -3.4362702516660881e-01	  -1.1943678536701580e-01	   2.1349821173187389e-01	   3.3673937430848033e-01	   4.2027945095769426e-01	   3.4120136487269748e-01	   2.7962569051094144e-01	   6.6149954057114102e-02	  -1.1986427681701398e-01	
   7.5892319560648014e-01	   4.9300973428958483e-01	   7.7142387794547607e-01	   4.5393715459168321e-01	   1.0507684595607636e+00	   6.5393779504240690e-01	   1.0823196279916369e+00	   6.3708362234008831e-01	   0.0000000000000000e+00	   8.1532357908003450e-01	   1.0109240059363471e+00	   5.2801599133086086e-01	   6.0006563817782665e-01	   4.6767230920202896e-01	   7.1367376536135352e-01	   3.2340811685662740e-01	   4.9511576956790992e-01	   7.2143600364325733e-01	   5.3240569063597354e-01	   4.2713423174082460e-01	   3.4050362807359513e-01	   2.9167797506201226e-01	   1.0606608178852374e-01	  -7.8044064967030854e-02	  -2.8626928386153477e-02	  -2.3873000501665456e-03	   1.5729033691162878e-01	   1.8514882065587407e-01	   6.5519607303995231e-01	   6.4718066434076615e-01	   3.7230509617791302e-01	   2.6743703228324428e-01	   6.2552550389150485e-01	   6.4293755176716350e-01	   1.2847628693038771e-01	   3.8473471067694436e-02	   1.9993497047617495e-01	   2.2695375658453526e-01	   4.4559463001052046e-01	   5.2655873663900821e-01	   1.2474895107852649e-01	   8.2055376742285094e-02	   2.2182807446725619e-01	   2.8705330655951267e-01	   2.2832793496405129e-01	   1.9351306683586927e-01	   3.5364906169565541e-01	   4.3495899735073834e-01	   4.3296273692901838e-01	   3.5900359605480958e-01	   4.8669589365659083e-01	   5.9331945742303505e-01	   2.2477201743826319e-01	   5.3661040050882247e-01	   5.6564921832338255e-01	   6.7278566891634373e-01	   2.4183016521004222e-01	   3.0777774750675940e-01	   7.4568984555729900e-01	   4.9345719107564556e-01	   5.8783013285899477e-01	   6.5140398467009841e-01	   5.1014952565763250e-01	   5.7314075894049765e-01	   5.3894865814461945e-01	   2.9850262339647049e-01	   3.2699503459763080e-01	   1.3861601077210028e-01	   2.6709720065586884e-01	   2.3869535075591181e-01	   2.6734807829245294e-01	   9.4889047013549221e-02	   3.5162457455224855e-01	   3.3061836893449953e-01	   4.0412919830183952e-01	   5.7180604340219554e-01	   4.3976889825242915e-01	   2.7434053498421951e-01	   2.8360001453363126e-01	   2.5987688911661222e-01	   3.5091721265730624e-01	   5.5899288697816041e-01	   3.3764896481293699e-01	   4.4086440555133355e-01	   3.3660985810735083e-01	   3.2890974429538866e-01	   2.0200951800001163e-01	   9.7455423575582442e-02	   6.8216991354277623e-01	   5.4337341679380191e-01	   3.0138997257218791e-01	   2.9456228611091378e-01	   3.7200435461734432e-02	   1.8359935499246677e-01	   3.7796643676007452e-01	   1.5735111311128916e-01	   3.7355124851579552e-01	   4.1356845347048599e-01	   2.7610322997333525e-01	   2.5020519500518246e-01	   2.7732821985363160e-01	   6.9421882761276824e-02	   2.3104385156626506e-01	   2.4250898941839474e-01	  -1.8196201147689935e-02	  -2.1870778085724318e-01	  -1.1051687962582463e-01	  -4.1836587277100806e-01	  -5.7028000986309148e-02	   1.7835299107104313e-01	   7.7983203610046056e-02	   2.6278423023519248e-01	   1.6185030079180959e-01	   1.0464435986014854e-01	  -1.1086888326167649e-01	  -1.3650769363104345e-01	
   5.3498285692966663e-01	   3.4887810220036219e-01	   4.5105149879369399e-01	   6.8617153676086728e-01	   4.3201240046206529e-01	   8.1661979902472315e-01	   6.9493659207172342e-01	   8.9499106183183375e-01	   8.1532357908003450e-01	   0.0000000000000000e+00	   6.5681288249336489e-01	   7.1041796391823786e-01	   3.7458590038846973e-01	   7.4774842033823163e-01	   3.8501714420848854e-01	   5.0039518666224425e-01	   2.7635091004075429e-01	   3.3158550748500687e-01	   3.2522592631371644e-01	   4.7025006369418154e-01	   3.5267369138719418e-01	   2.7717615963984421e-01	  -4.7352680497744687e-02	  -7.3285557569455706e-02	  -1.8725869829835545e-01	  -6.8557437902114313e-02	  -8.6288769185739772e-02	   1.6293086168587153e-02	   4.6896079175717398e-01	   5.0652469398193500e-01	   3.4773573507047734e-01	   2.8401796795659878e-01	   3.7943581444873287e-01	   5.6525936400137844e-01	   1.9852416784206239e-01	   2.7101761087735188e-01	   5.0298358940133849e-03	   4.4351877595563902e-02	   2.0936044261177772e-01	   4.1780905614993757e-01	  -1.4398523083779544e-01	  -9.4983989911157793e-02	   2.2012259474371082e-01	   3.4619225240216134e-01	   2.4359127401708253e-01	   2.6749189734317191e-01	   4.1118629578173738e-01	   4.5381107041879737e-01	   3.9112554694629720e-01	   3.6275334560284833e-01	   3.6290266930596643e-01	   5.4481606067647936e-01	   3.0210432769186524e-01	   3.0152487181008641e-01	   4.0368064274923171e-01	   5.3077412935714519e-01	  -1.7196626983506935e-02	   1.4864895366587033e-02	   4.7047562664280124e-01	   6.6860412062809849e-01	   3.4495107900146715e-01	   1.0007627506389454e+00	   3.3470020924941424e-01	   4.2282580548617710e-01	   4.0270757697016629e-01	   5.3957399179768950e-01	   1.5613670145051226e-01	   1.6361604763087848e-01	  -1.8930901192847044e-02	   6.3114984186496016e-03	   2.4048006820592754e-01	   6.7075703206741444e-02	   2.0932512177183596e-01	   1.8835229845617857e-01	   2.2431622610294982e-01	   2.9572727811202637e-01	   3.4706666801674863e-01	   4.2605696708364182e-01	   3.3817328900754957e-02	  -3.4965851121648302e-02	   2.0236178357876125e-01	   1.3775969142671751e-01	   1.2759750553460117e-01	   1.7215201187748427e-01	   2.3136951626650742e-01	   2.0166528694869215e-01	  -4.7043772609694223e-02	  -1.1291215524581522e-01	   6.2307384791361820e-01	   4.7859039015215843e-01	   2.7963452388427840e-01	   1.0719426195404486e-01	  -3.9822471959113127e-02	   7.6364632044476841e-02	   3.4513167893503843e-01	   7.7685531080159048e-02	   2.8965856350824537e-01	   4.0439850597341043e-01	   3.1073695167887910e-01	   1.0417854510460739e-01	   7.7775613494458690e-02	  -1.9034798153237983e-02	   3.3109097027448708e-01	   3.8938365344649795e-01	   1.9292011970348832e-01	  -2.8631072347401920e-01	  -8.1884834217323565e-02	  -3.6891137340650465e-01	  -1.0837679940385740e-01	   2.1083808148955180e-01	   1.3512985466180666e-01	   2.2442629121924815e-01	   2.5290991490596398e-01	   1.9563108274907420e-01	   7.7520610122459060e-02	   2.5053887610863225e-02	
   9.9812105366291815e-01	   6.6505764270789092e-01	   6.5357105404996663e-01	   6.3593791135357436e-01	   9.1050024962021259e-01	   6.5115919514607956e-01	   9.8890086562735369e-01	   7.6266341530237414e-01	   1.0109240059363471e+00	   6.5681288249336489e-01	   0.0000000000000000e+00	   1.0063647011983501e+00	   9.9113116122550804e-01	   8.0714857005152685e-01	   8.5629628264183055e-01	   5.8230326556072853e-01	   5.0552292371752849e-01	   5.9699710216540847e-01	   5.8441067743332442e-01	   7.4382254202572529e-01	   2.0739537049605386e-01	   2.1895833384505153e-01	   2.0755286820919686e-01	   1.5562157837055285e-01	   1.8743693098642314e-01	   1.1625895861985963e-01	   1.8297595783350340e-01	   2.2150967585061615e-01	   7.1363840707404214e-01	   7.3384873362738512e-01	   3.5728537659366572e-01	   3.2120561579540879e-01	   6.0811981345115740e-01	   6.8991020954380611e-01	   2.3722610681079298e-01	   2.4579402008876475e-01	   1.3254249747759805e-01	   2.0425338793876227e-01	   3.3134178939186099e-01	   4.4700995874495675e-01	   5.5008271320383238e-02	  -5.5310550961707859e-02	   2.8381681115432367e-01	   4.3956862740277353e-01	   3.1551415886583944e-01	   3.0658322722439646e-01	   4.7469078442527018e-01	   5.2079925618846912e-01	   5.1064604028529037e-01	   3.8398141163068528e-01	   5.8553922270940262e-01	   4.9803733014688095e-01	   3.1653266139232689e-01	   5.6349290988499512e-01	   6.3671861724573331e-01	   7.2178606295836656e-01	   1.7539933205074321e-01	   3.6436661599830128e-01	   8.6820187769610735e-01	   6.3670455523797986e-01	   5.8409947277361951e-01	   7.7148825457650505e-01	   5.8365194891889027e-01	   6.0362399034582193e-01	   3.6087043430464677e-01	   3.3197909365907724e-01	   4.8731269436018820e-01	   3.0481045372061466e-01	   3.5339330978795563e-01	   2.7830046504100242e-01	   3.2256515959462756e-01	   2.1656914662024176e-01	   3.0172811571239094e-01	   3.0283084505464403e-01	   4.2742586879072431e-01	   5.1806161426168928e-01	   6.2344654997487836e-01	   6.4422852872380987e-01	   2.7592297484653305e-01	   2.6884658717418541e-01	   4.6050638588576431e-01	   5.9589253662701236e-01	   4.2148471600752269e-01	   4.2372387611523044e-01	   4.1677126703938616e-01	   5.3529150265037728e-01	   1.2502580601213598e-01	   1.5317421455448538e-01	   6.4269866671391707e-01	   6.5845546626326401e-01	   5.2992285810884643e-01	   4.2815307687408255e-01	   2.0024787932941246e-01	   2.0606354545234160e-01	   3.1496152907774799e-01	  -7.1429574063182864e-03	   4.5542260435089194e-01	   4.2710556406568356e-01	   4.3651395678655619e-01	   4.1504741151052255e-01	   2.7171796184499053e-01	   9.6424305691959658e-02	   3.4416281084182726e-01	   3.1447439340794575e-01	   1.1828659940917464e-01	  -7.7611610361878261e-02	   6.8395655084798040e-03	  -3.2867523459256753e-01	  -7.3049388719846065e-02	   2.4202860088905018e-01	   2.8680272792133921e-01	   3.4652033637167229e-01	   2.8508347381017513e-01	   1.6025586982026510e-01	  -4.2633707232246328e-03	  -9.3666226923836304e-02	
   7.8128179940260756e-01	   9.2268212401370486e-01	   3.4651592142182924e-01	   7.8942270003044757e-01	   4.3498636390572026e-01	   6.3516314863120815e-01	   6.4865298468591626e-01	   8.8798058911771338e-01	   5.2801599133086086e-01	   7.1041796391823786e-01	   1.0063647011983501e+00	   0.0000000000000000e+00	   7.9008999990585782e-01	   1.2415836227569117e+00	   5.2526632251045435e-01	   8.4380798886180386e-01	   4.7203358514604166e-01	   5.0571156950634455e-01	   4.0693185884997957e-01	   1.0269318588727716e+00	   2.7800145224848388e-01	   3.8095054874530065e-01	   1.2224778398536390e-01	   2.1999649067183852e-01	   1.2703880353448677e-01	   9.6029292968842869e-02	   6.8625472043189001e-02	   1.5246007586641447e-01	   5.5439090878684405e-01	   7.3443695885614013e-01	   3.3176173786698510e-01	   3.2591871872808209e-01	   4.7932289168430997e-01	   6.6801861086458048e-01	   2.3224890680179555e-01	   3.6497140991693960e-01	   7.0539008417755372e-02	   1.4334026105517594e-01	   2.0856311043919193e-01	   3.2811404149475853e-01	  -1.9122357187751889e-03	   2.3305298789779983e-02	   2.8642345506110978e-01	   4.3822900353201399e-01	   3.0851452794177564e-01	   3.4341562327810743e-01	   4.9881315110932656e-01	   5.2321805835929802e-01	   4.2466757800773197e-01	   3.3505037243409835e-01	   4.9201806680736870e-01	   3.9891724719502819e-01	   3.4454162479317013e-01	   3.9304948147219226e-01	   4.9352930364235054e-01	   5.8011622729921131e-01	   2.1928435178124417e-01	   4.2033317350561111e-01	   6.9803541514461531e-01	   8.8763850930700317e-01	   5.0047263845695444e-01	   9.5977041704058230e-01	   6.0822021446167995e-01	   6.7076368364814110e-01	   1.7805078454742584e-01	   3.7636200255625918e-01	   3.3187082293189130e-01	   3.2607759154436050e-01	   3.5746923053744900e-01	   3.4645995289546089e-01	   3.0336010569827876e-01	   2.6131986972315469e-01	   3.4002635849843144e-01	   4.1272693810335948e-01	   4.3981795489372244e-01	   3.6768415794664022e-01	   4.9172200323460763e-01	   8.0039169127764209e-01	   2.3745800537019704e-01	   1.8703874695970948e-01	   6.0591220455853423e-01	   4.5596643222273880e-01	   2.5972378691192549e-01	   4.7375037534361031e-01	   3.5091049153956855e-01	   5.6674236031006020e-01	  -3.5924244341963646e-02	   9.9975789595587880e-02	   6.6533998298565122e-01	   6.5261366246544705e-01	   6.1044259931076827e-01	   3.3263542488455317e-01	   3.2724777888619372e-01	   1.8775613040253800e-01	   2.5726875793018328e-01	  -3.2988826951212864e-02	   4.0987491540320636e-01	   3.6403897958952192e-01	   4.5727531074241490e-01	   2.9313558549533847e-01	   2.0810040431064530e-01	   1.1404961853291486e-02	   3.3966052007255160e-01	   3.8278542675328009e-01	   3.7095406420508947e-01	   9.8448781432429452e-02	  -2.7266564394965855e-02	  -1.8341535037362519e-01	  -7.5586260192244750e-02	   2.5801282661847885e-01	   3.5546981351856222e-01	   3.4097752419692046e-01	   4.2452972254896781e-01	   1.7283201080394556e-01	   1.3498418093931006e-01	   5.9426049856775291e-02	
   5.2857300616488223e-01	   5.0590320106944620e-01	   4.3664436208334478e-01	   3.4206510787151484e-01	   6.7364613092583503e-01	   6.0267931104048500e-01	   5.2726316043939947e-01	   3.3899778473499148e-01	   6.0006563817782665e-01	   3.7458590038846973e-01	   9.9113116122550804e-01	   7.9008999990585782e-01	   0.0000000000000000e+00	   9.5690556637037882e-01	   6.0381332312717440e-01	   6.3566508194738902e-01	   3.4400693537882937e-01	   6.5793393345395035e-01	   2.0666990574471925e-01	   4.4377131276998627e-01	   3.0132377341769778e-01	   3.0970044143816189e-01	   4.7179090489105575e-02	   1.7905538016222841e-01	   1.3661058210577715e-01	   1.7214425381477783e-01	   8.0784832947232779e-02	   1.9910656948750208e-01	   5.4266999677528405e-01	   5.2568515099941737e-01	   2.3435531310641561e-01	   2.6488748088623959e-01	   4.5199260054785761e-01	   4.8868891253333901e-01	   2.3896948779486227e-01	   3.6246750889337742e-01	   2.9361170138027670e-01	   2.5026620249003922e-01	   4.3355660200723783e-01	   4.6978323055965576e-01	   2.2318325585331042e-01	   1.6425685363270764e-01	   1.4814234110989341e-01	   2.8617234777961070e-01	   3.1888298633672452e-01	   2.8102112509960830e-01	   3.1454246008746067e-01	   3.2986481879958451e-01	   5.0744947097201076e-01	   3.7109481644237896e-01	   4.2938814440329331e-01	   3.1884707353087138e-01	   3.2472533538273551e-01	   3.5883292119686588e-01	   5.5119911296678115e-01	   4.2680043587940314e-01	   2.5857038159406681e-01	   3.4955617559537100e-01	   6.2280786511402420e-01	   3.1276877104908962e-01	   4.5068114804411319e-01	   3.6599188210802230e-01	   3.2032755476846059e-01	   3.2148174311798544e-01	  -1.0363007428163833e-01	   8.8985600487789196e-02	   2.8909756336207104e-01	   2.6817465459840595e-01	   2.9945855845552927e-01	   3.8397446205013991e-01	   9.6618092183513651e-02	   5.9839791297801447e-02	   2.6869252341693617e-01	   2.9595546148932789e-01	   3.4749748454213863e-01	   2.9168966332290125e-01	   3.4844522863420785e-01	   4.4288693528624462e-01	   1.0361901885971866e-01	   2.4644616841993305e-01	   3.7376654138560172e-01	   4.4685703859681930e-01	   2.7031768869146022e-01	   5.0449452790869342e-01	   5.4303255396316495e-02	   3.5129428668414275e-01	  -7.4283472843544668e-02	   1.7504009566443793e-01	   5.3204804217523138e-01	   5.5477257250436030e-01	   4.0916086316626255e-01	   3.3778168626516586e-01	   3.5747028236265660e-01	   3.6813170383624716e-01	   1.2400044929446594e-01	  -5.3654365926113903e-02	   3.4236586916677114e-01	   3.4778884758533618e-01	   2.2187876520640892e-01	   2.1146856900620725e-01	   1.0593091027052627e-01	  -4.2560510439527938e-02	   4.7789001393985331e-01	   2.1987081268345915e-01	   9.7381758874533347e-02	   2.6813236321869632e-02	   1.8409446071275742e-02	  -2.0406564871582869e-01	  -5.5165543983258070e-02	   3.0128414950015930e-01	   3.2858562537138186e-01	   2.8221090640725871e-01	   4.6201555500413438e-01	   2.8699533448333253e-01	   8.3141342338968874e-02	  -1.2348424231834229e-01	
