   0.0000000000000000e+00	   7.8085299818700415e-01	   8.8737955997334139e-01	   2.9346825914833297e-01	   4.6424512616101699e-01	   3.7687166443896686e-01	   3.9850362135136080e-01	   2.8107227348741709e-01	   3.8810986997745817e-01	   3.5941959244295224e-01	   8.0182800397148346e-01	   6.7916127588573127e-01	   5.7779185488781593e-01	   6.2831643761016731e-01	   7.4390434919291371e-01	   7.0873861424799256e-01	   7.1482052267495011e-01	   5.8303469816954634e-01	   1.0928907566947070e+00	   6.1922917570831970e-01	   5.2744955028846352e-01	   3.5395850126847639e-01	   7.4163047075017585e-01	   5.2039074808445573e-01	   6.6065714310581725e-01	   5.3452059654565365e-01	   5.6591089074495959e-01	   4.8266199053773906e-01	   5.4512061009368173e-01	   4.5610192517913883e-01	   6.5484610052490300e-01	   5.2268267427294479e-01	   6.1723115837457032e-01	   3.8940894860753100e-01	   5.3091556615077473e-01	   3.0489733428958982e-01	   2.1691605746414863e-01	   1.3572897378506932e-01	   1.3616068040302768e-02	  -7.1705328759708128e-02	   6.2123297921368481e-01	   3.9938688285290369e-01	   5.8691494468653582e-01	   6.4279603769719729e-01	   1.9356081749992293e-01	   3.0712414857319875e-01	   6.2145846675439897e-01	   7.7280244333587633e-01	   2.8193431703030580e-01	   3.9074678060833806e-01	   5.2105258424830481e-01	   4.5520196873409968e-01	   3.9083778633853833e-01	   5.2967800591705116e-01	   3.9861696737250696e-01	   7.1427220816373604e-01	   1.0494320709426841e+00	   8.3977511155569706e-01	   9.6155996771769803e-01	   4.9974403915310256e-01	   8.6244217151759717e-01	   4.9843145767012198e-01	   1.0182853134868264e+00	   5.0712526149018489e-01	   4.4621578877437457e-01	   1.6959918353774645e-01	   5.3187352194723525e-01	   2.7556803017263126e-01	   8.3946291840986220e-01	   6.1761162315401730e-01	   7.8208542787853796e-01	   3.3254426334932824e-01	   8.0440957597348506e-01	   7.0593655163685165e-01	   8.1927374179389045e-01	   6.5471395168908830e-01	   8.7360926652223980e-01	   4.8673230158143876e-01	   5.4717696956264894e-01	   4.4366061274405827e-01	   5.5715548366308221e-01	   7.2689642138787935e-01	   6.0022789419697753e-01	   6.9042871813306439e-01	   8.7563126546189096e-01	   5.7794238820559118e-01	   1.7487802507503111e-01	   5.0025913557440527e-01	   5.9559754838526036e-01	   7.1155325552444315e-01	   2.5843701907601013e-01	   3.2781908858129538e-01	   1.6296826337409875e-01	   4.7594399242290775e-01	   1.5234602472710346e-01	   1.8439494263078215e-01	   2.1771721049504406e-01	   4.8195502439071658e-01	   4.1536916293849568e-01	   8.8284496384868216e-01	   2.3128385306438567e-01	   1.6231075786379928e-01	   2.3684994009723914e-01	   4.0155298402888401e-01	   3.3705378272222647e-01	   4.4571627715383283e-01	   2.3051039603768128e-02	   2.9748578832483230e-01	   1.1313383151092724e-01	  -1.3565138911301147e-01	   8.8271832052191648e-02	   1.6422076987471634e-01	   1.2054034523218750e-01	   4.5626056554021011e-01	   4.5841729038669871e-01	  -1.7652319530832505e-01	
   7.8085299818700415e-01	   0.0000000000000000e+00	   5.7763569125629699e-01	   6.2205358886393547e-01	   6.1653179154795335e-01	   6.3992648739160396e-01	   4.4940755699047130e-01	   5.1988386770496786e-01	   5.5572886611863659e-01	   5.2356111650488335e-01	   6.2130424832175679e-01	   8.0602519536310935e-01	   4.3156963585008851e-01	   7.2034473552007672e-01	   5.5333724407968643e-01	   7.4902696922444456e-01	   1.0336232129480800e+00	   1.1498290350339229e+00	   9.3395846935077953e-01	   1.2087949592403018e+00	   5.6235573346220891e-01	   4.4906809420504268e-01	   5.5419795966547425e-01	   5.2722972524598366e-01	   5.6138519842229317e-01	   7.3956385987330153e-01	   5.0592059774106068e-01	   4.3989101727991003e-01	   6.8612370655562605e-01	   9.0292430379321720e-01	   4.9660164023737352e-01	   5.8724750920662006e-01	   8.4465306403241491e-01	   8.8943481063774077e-01	   5.2092811556203444e-01	   4.8233622534398291e-01	   3.5171805687900415e-01	   3.2664398993800331e-01	   2.2410714156434747e-01	   3.1809180586771096e-01	   6.1977659677223973e-01	   6.6553899259492155e-01	   6.5381184297216344e-01	   6.9974755900794627e-01	   6.1491864023532572e-01	   6.9983017309146711e-01	   7.9373522637523575e-01	   8.4002122336705720e-01	   6.3472414763691298e-01	   7.5386399615773958e-01	   8.4536574804605669e-01	   7.4149040150915924e-01	   5.8660541020752910e-01	   6.8155067648243772e-01	   6.3563525837656609e-01	   9.2642605548768564e-01	   7.4076958150964967e-01	   1.2994690380150291e+00	   8.4823174566418169e-01	   7.0739384285293694e-01	   5.2166838528795811e-01	   8.3937791912224036e-01	   5.9877078891584579e-01	   8.2053295852849473e-01	   4.0913044534876819e-01	   4.2809184873697137e-01	   9.0168373610604080e-01	   7.2207089161078419e-01	   9.1146524156437081e-01	   8.0014495932434082e-01	   5.6931148676405829e-01	   3.2213916508564272e-01	   8.1452836930755845e-01	   9.3271166806220762e-01	   7.2578763276800351e-01	   8.2867771378271082e-01	   6.8969125103041673e-01	   9.5867366388342823e-01	   8.3382396919669721e-01	   8.7692166616476486e-01	   9.7714134610250991e-01	   1.1172785258808651e+00	   6.6688744330530292e-01	   9.3050546156267144e-01	   7.9503336137756664e-01	   8.2292738780783936e-01	   2.5355497200939270e-01	   6.3719627269483325e-01	   6.5799156689880534e-01	   8.3906748982699264e-01	   3.3150428719445324e-01	   2.8934998546308571e-01	   2.2385693473526702e-01	   2.6398026957074061e-01	   3.3889157702735784e-01	   5.4443577607630389e-01	   6.2860656951828242e-01	   4.0689725206384503e-01	   5.9760012540945451e-01	   6.1189837018756243e-01	   3.3863417370133680e-01	   1.3339886266187756e-01	   3.0032732594182421e-01	   2.8609121181506070e-01	   2.9628690831890170e-01	   2.8763275772830577e-01	   8.3058036524916848e-02	   1.3368444259741163e-01	   4.6939649683310081e-01	   1.4823153589685556e-01	   2.5171081830042841e-01	   3.7947099715483662e-01	   3.0558630919600016e-01	   6.4934740797468860e-01	   4.3674647368823544e-01	  -2.4370831155712248e-02	
   8.8737955997334139e-01	   5.7763569125629699e-01	   0.0000000000000000e+00	   5.3903121580909763e-01	   6.8624231421319093e-01	   3.5956606770985355e-01	   8.1927568196832656e-01	   3.4457271927395289e-01	   7.0693652919323513e-01	   4.5641404335196634e-01	   8.8634091346292809e-01	   7.4100687424612899e-01	   8.9379116614335219e-01	   7.3651052993187072e-01	   1.2421670428160676e+00	   9.6928807767084668e-01	   4.8214816991595744e-01	   4.4298402590967156e-01	   7.0798692070665625e-01	   5.9046392310574980e-01	   6.2794468620265720e-01	   2.3637886121329915e-01	   1.7140634575003688e+00	   9.4670930930825747e-01	   9.9102805746369704e-01	   8.5117647506294070e-01	   6.7798764083635921e-01	   4.9849320929758700e-01	   6.4379048469420452e-01	   5.3849521615248797e-01	   1.1514941676266690e+00	   9.1700623002065496e-01	   5.8344943624221468e-01	   4.5594782630034575e-01	   7.0334019109047452e-01	   3.2444603635017583e-01	   4.6126498182467945e-01	   4.4887648094707489e-01	   3.4587028261195657e-01	   1.1585475946205023e-01	   8.2792572852252955e-01	   4.7690040552201252e-01	   4.2584686437232289e-01	   4.4824424738839008e-01	   1.7135732208625659e-01	   2.6581051174295617e-01	   4.6445513293005802e-01	   4.6089146651809182e-01	   2.0328803321841427e-01	   2.9322004008240571e-01	   5.1728253287655035e-01	   3.4964957183659257e-01	   4.7028394688751168e-01	   3.9043093097458603e-01	   5.9977742457276251e-01	   5.7490894678228366e-01	   3.8421176391004902e-01	   4.8927953778160532e-01	   5.8304674709561488e-01	   3.6027378160532614e-01	   5.4749922326545630e-01	   3.8439732583213637e-01	   5.7158365724971405e-01	   3.0540409871810908e-01	   7.8214950817384254e-01	   2.6936886230819163e-01	   5.9815349936285389e-01	   3.6119721663638565e-01	   3.9971870861029601e-01	   4.3351874938446244e-01	   7.3042971923464517e-01	   4.9708120327022426e-01	   7.1242890523346103e-01	   5.8369047563413645e-01	   8.7645116560846437e-01	   7.2200244028108540e-01	   9.6493342503535073e-01	   7.4277793821610605e-01	   5.1919613033360967e-01	   5.3381000749507890e-01	   4.0882996288694962e-01	   5.2116435930842930e-01	   9.5574897561101901e-01	   8.3613441208056805e-01	   1.1622793949286570e+00	   7.9996734098940148e-01	   4.6296467900499078e-01	   7.6217735045613322e-01	   1.0521844912832983e+00	   8.9555726153850035e-01	   1.7487450698637846e-01	   3.3156715078830284e-01	   2.1846248070075752e-01	   6.7115216385154541e-01	  -3.3972181759732697e-02	   2.7126027651984451e-03	   1.4455996732618973e-01	   9.7250711659442463e-02	   1.7420447459121222e-01	   4.1206759161217710e-01	   4.5172839859164177e-02	   4.9119115372941599e-02	  -6.0096998333224537e-02	   9.7641963420671732e-02	   2.6636145691727731e-01	   2.6286105675170535e-01	  -2.4114172457468175e-01	   4.4836159896875026e-02	  -1.2957580275995437e-01	  -2.2498010061511797e-01	  -7.9625315247643297e-02	   1.6197296227570379e-02	   9.9914797822395665e-02	   1.3946203985016428e-01	   3.0885442901647631e-01	  -3.7548050486748391e-01	
   2.9346825914833297e-01	   6.2205358886393547e-01	   5.3903121580909763e-01	   0.0000000000000000e+00	   4.8286565101191120e-01	   9.1955969558697692e-01	   7.0468259352400775e-01	   1.1811489250565010e+00	   6.6092064283439877e-01	   9.2628641805950318e-01	   3.6984512079933007e-01	   9.2866388236921038e-01	   3.9890185795168637e-01	   9.4251976373322854e-01	   3.7178660119185503e-01	   9.0417233022317900e-01	   4.1651184544591535e-01	   4.5990465556565030e-01	   3.5567946279148654e-01	   7.6063685634855660e-01	   3.8327428246542483e-01	   3.5536747288579473e-01	   5.1602192252266388e-01	   1.0163325336217828e+00	   5.1793023436959018e-01	   1.0160126893348640e+00	   2.7822293757068445e-01	   4.0510393137705214e-01	   3.6029107000434246e-01	   6.1863365569449480e-01	   4.5222341446763048e-01	   8.8126709546305226e-01	   8.3483920449032423e-01	   1.0888012970098668e+00	   5.1230219442966418e-01	   7.0561744153372508e-01	   3.4483092407334270e-02	   2.0123044617386296e-01	   1.6130265048371278e-01	   2.6002599175420871e-01	   3.4465178901062793e-01	   3.3882654486875186e-01	   3.3047925483288398e-01	   4.0896720632989758e-01	   5.6220772681656439e-01	   5.8226985440177892e-01	   3.8877766742884090e-01	   4.5684488708179322e-01	   4.8236640007514375e-01	   5.1190627377174924e-01	   5.8004938674532458e-01	   4.4193862521998484e-01	   6.7269776418138449e-01	   3.5384730775083184e-01	   4.8318833683358797e-01	   4.3424029696215716e-01	   2.5378672168430472e-01	   3.6135834184803750e-01	   5.4213946194306573e-01	   3.7606836571948005e-01	   4.4974035430431153e-01	   9.3893710066914504e-01	   4.1447586566577721e-01	   5.3337217549954419e-01	   5.4569850414789944e-01	   8.8881037441168620e-01	   8.5225798815647591e-01	   1.1091739544506809e+00	   3.0000563068748332e-01	   3.4656608366390068e-01	   3.3363431068991922e-01	   4.4159516840181334e-01	   3.7130795262141586e-01	   4.0065275627025704e-01	   3.6000546626305752e-01	   4.8206369971491803e-01	   3.7146924081713156e-01	   7.2424811332383776e-01	   4.3727366263479611e-01	   4.3442728754782012e-01	   4.2155796999580347e-01	   3.8981074580216901e-01	   3.1394222588266224e-01	   7.7621426664142557e-01	   4.7525751347225165e-01	   1.1573157757670154e+00	   1.5429988632446479e-01	   5.9002429181868354e-01	   6.7105327645771562e-01	   1.1105214102159944e+00	   3.6138074451763358e-01	   1.8015661145364661e-01	   5.0187171197934188e-01	   1.3148292784856339e-01	   1.0391868407718560e-01	   2.7805091035360330e-01	   1.3988153111438317e-01	   1.5772502615251491e-01	   2.6426205955788007e-01	   1.9645799277811241e-01	   4.0191857209469228e-01	  -2.0218411179592671e-04	   1.0629760222420735e-01	  -4.1040723939448137e-03	   1.7775712933314908e-01	  -2.0589241638269855e-02	  -1.2873521981082431e-01	  -1.4839954652381898e-01	   1.9852608854958201e-01	  -7.5092838451285629e-02	   1.5719038973005112e-02	   1.6354131613601861e-01	   1.5059258149230037e-01	   2.3275045189998045e-01	   2.1717529513778200e-01	  -3.2880793062239827e-01	
   4.6424512616101699e-01	   6.1653179154795335e-01	   6.8624231421319093e-01	   4.8286565101191120e-01	   0.0000000000000000e+00	   8.6687927421534727e-01	   9.7392935266737479e-01	   6.7225014172072961e-01	   1.1245246627029140e+00	   7.3383945276406715e-01	   6.6617457748064191e-01	   7.1263541811183573e-01	   7.0240981143669667e-01	   8.1723829451052721e-01	   7.6293937632950282e-01	   7.5302501523689280e-01	   5.1616281491096749e-01	   6.5880296489794432e-01	   6.3492901736194052e-01	   7.3611852497360442e-01	   4.0910487455400146e-01	   1.3326054076072532e-02	   5.7388633390765476e-01	   3.8247292912542702e-01	   5.2254391342362572e-01	   5.2563664682498423e-01	   4.5327825577913095e-01	   1.3579856382742761e-01	   7.4905257491433097e-01	   7.6144731047894287e-01	   4.6701738855039820e-01	   5.1934864349046617e-01	   5.3785179372445602e-01	   5.2904492120749425e-01	   2.3979296480477291e-01	   1.2374199204828003e-01	   2.4206509221570538e-01	   3.2136750575776157e-01	   1.1055443697270537e-01	   1.3663910562869930e-01	   4.5621889979231600e-01	   2.8915392654605704e-01	   6.0632366741536081e-01	   5.2505680332633986e-01	   5.0654080177063421e-01	   4.8320615250910937e-01	   7.2589118009918185e-01	   5.9491385227577609e-01	   6.9230041315498525e-01	   7.4504860955984387e-01	   7.5517184080800082e-01	   6.4022505076875191e-01	   7.9504112532632365e-01	   7.1165401882588608e-01	   7.8427812515192585e-01	   7.1650442747642584e-01	   2.4824797797348835e-01	   5.2684754222918206e-01	   5.7348731531176378e-01	   4.4807135017048172e-01	   3.7194981976767011e-01	   4.4601355121174496e-01	   3.4809776230512302e-01	   4.0054968691738918e-01	   1.7295471272037305e-01	   1.7888657868291633e-01	   6.5907554370960242e-01	   4.4711248490118222e-01	   2.4204859493236325e-01	   3.2609664888914336e-01	   6.5958488524997205e-01	   5.4516058119873312e-01	   5.3334761184914892e-01	   5.7583100397785314e-01	   5.1839706521927886e-01	   6.1596526692563192e-01	   4.8078434671822690e-01	   5.7214055987378143e-01	   4.7890245885157090e-01	   5.9819704954876940e-01	   5.1977134373062339e-01	   5.0042629913502612e-01	   7.4675876161676025e-01	   6.5462232030641054e-01	   4.7207078925984214e-01	   4.8788988137367484e-01	   2.6352258455097710e-01	   2.8195520555505349e-01	   6.6022343673610973e-01	   6.0401778604841605e-01	   4.5945559055466473e-01	   4.8253127274252361e-01	   3.4418258978646959e-01	   5.7484497985971517e-01	   1.4500416401218616e-01	   3.3570820107111921e-01	   4.3424469950441658e-01	   1.2280686403418262e-01	   5.3182616055868004e-01	   4.4859586309414151e-01	   4.8425249654251223e-01	   2.9457957091688747e-01	   1.9550608691250237e-01	   2.1239456453493660e-01	   1.8688995825624186e-01	   2.3005557552506750e-01	   3.8696399171472931e-04	   8.9430295251252900e-02	   1.9647208462921692e-01	   4.8544676419013569e-02	   2.6175591361617989e-01	   3.3396059111472953e-01	   4.0389126411180043e-01	   4.6064034292318701e-01	   3.6432647930328038e-01	  -2.4224262244971961e-01	
   3.7687166443896686e-01	   6.3992648739160396e-01	   3.5956606770985355e-01	   9.1955969558697692e-01	   8.6687927421534727e-01	   0.0000000000000000e+00	   6.1555324262557087e-01	   1.0784671417342284e+00	   6.8227533608631585e-01	   1.2280881955842839e+00	   2.9233625571573113e-01	   7.3438102702331898e-01	   2.7117471218825562e-01	   8.3534727010720111e-01	   3.1537936495245011e-01	   7.6352942792006262e-01	   4.9588627550089925e-01	   6.4946887196223235e-01	   5.5098255747919012e-01	   9.6362537611260812e-01	   3.2688481525544666e-01	   2.6808353034238219e-01	   2.7270873816142477e-01	   4.9944355531313100e-01	   3.5353839046294133e-01	   6.7358172305629849e-01	   2.2807545355292730e-01	   2.0906267153903813e-01	   4.7367352715970035e-01	   7.8986858517013703e-01	   2.7217453474361408e-01	   5.3771967297505141e-01	   7.6899789913254257e-01	   8.4064855463462085e-01	   1.8257701133657916e-01	   3.4409845153365459e-01	  -9.6788671306789836e-02	   4.1565622600969548e-02	  -1.7569385563797890e-01	   4.8993004631155558e-02	   1.9064967064338961e-01	   2.4007604539440280e-01	   4.9278868303734319e-01	   5.4183919377399903e-01	   5.7118084628314247e-01	   5.8585399554954631e-01	   5.2368185794211131e-01	   6.5440401329884601e-01	   6.7875115522083473e-01	   7.4252179224938242e-01	   6.0789945732857997e-01	   4.8458072368372784e-01	   7.5637791725620984e-01	   7.0517924004180665e-01	   5.0138453353813262e-01	   5.2119410939727373e-01	   3.7433474198166217e-01	   5.2839300254745181e-01	   7.8411025974084092e-01	   7.0970018151743064e-01	   5.1289785412081368e-01	   1.0026138398523661e+00	   5.1947890515093409e-01	   7.4262610303458931e-01	   7.5647246506748755e-02	   3.8159900576941974e-01	   6.6318447108142664e-01	   7.1333606508341607e-01	   3.1641010253289387e-01	   2.2668869480641018e-01	   5.2372407296275403e-01	   6.5051815578904848e-01	   4.6679311561002379e-01	   5.2733076301580928e-01	   3.1989836691586088e-01	   5.3219615440409640e-01	   3.0000420305606013e-01	   5.2468022187914665e-01	   3.9463387013419743e-01	   4.1549146023809752e-01	   4.9479709204094613e-01	   4.3701492708220124e-01	   2.1399897734557857e-01	   6.3651694689995497e-01	   2.0878021428137622e-01	   5.6183073374631420e-01	  -5.4045503022611574e-02	   2.4626546084398193e-01	   4.2560710365751342e-01	   7.9369783593761833e-01	   6.7701468688980770e-01	   4.0701476053040364e-01	   5.7777138592328892e-01	   1.9668094226277527e-01	   2.7650495057195068e-01	   4.6690531599324897e-01	   3.0344610904930996e-01	   3.3887905842820493e-01	   6.1301804421570782e-01	   3.9732468388969222e-01	   6.9655416742130394e-01	   2.1992729655154464e-01	   4.5457161169457933e-01	   2.6178776258038272e-01	   2.4823896402518128e-01	   1.4680150213000159e-01	   2.1019294208096914e-01	   1.1555015377612332e-01	   3.8278384392803960e-01	   7.8360962188552916e-02	   2.4734924938610245e-01	   4.0788291094520468e-01	   3.3334308925336642e-01	   5.4405068723679983e-01	   3.4567033226106786e-01	  -1.7643183684998368e-01	
   3.9850362135136080e-01	   4.4940755699047130e-01	   8.1927568196832656e-01	   7.0468259352400775e-01	   9.7392935266737479e-01	   6.1555324262557087e-01	   0.0000000000000000e+00	   9.1362708768333223e-01	   1.3418098024806093e+00	   7.8859742332732208e-01	   7.5184131866765913e-01	   8.8292032456848046e-01	   9.6959828445081053e-01	   1.0209211250422130e+00	   7.6665517958103557e-01	   7.8627846610008678e-01	   5.2186417511410976e-01	   5.9076014034770663e-01	   5.2141737320116344e-01	   6.8374310412776573e-01	   3.2261984983029590e-01	   6.2791405142139350e-02	   6.3237315229932090e-01	   5.4104164973045954e-01	   5.4603882300197182e-01	   6.7945728349334789e-01	   2.5485901857489834e-01	   1.7252526195167192e-01	   9.0065837230418910e-01	   8.6544416078549469e-01	   5.8381533559106513e-01	   6.6491414202030941e-01	   7.4491274210020053e-01	   7.6046282385539110e-01	   3.2999900905130947e-01	   2.2062275352646266e-01	   2.2387331273724265e-01	   3.5460070961535173e-01	   2.0282760578732875e-01	   1.2398428974531139e-01	   5.0573909420736007e-01	   2.8277411012881171e-01	   4.2845546851273031e-01	   4.4717869010719119e-01	   3.1093516032398610e-01	   3.4622006622422485e-01	   5.2159974736662407e-01	   4.1523799471196104e-01	   4.9625606174592662e-01	   4.7287033767461145e-01	   6.3731302132908096e-01	   5.3496142264914159e-01	   9.0946869827666088e-01	   5.0152579471433689e-01	   7.4336997015046746e-01	   5.2989121705778675e-01	   1.8509574915346552e-01	   3.8064484366195162e-01	   5.0804564051406109e-01	   1.8502016927586054e-01	   5.9000274809803954e-01	   4.8495330165859551e-01	   4.7069949915878018e-01	   4.7829074704758678e-01	   3.5364413466153338e-01	   3.3615414801862548e-01	   6.1046056523437831e-01	   4.7748010617675418e-01	   2.1716845787853931e-01	   3.3235576338325390e-01	   6.5908583482231820e-01	   6.9884926516257084e-01	   6.0813410044463545e-01	   6.9083947886992891e-01	   6.8558814497542298e-01	   8.2426026930191731e-01	   6.6280462756892589e-01	   7.7243834151708557e-01	   6.1321044945134551e-01	   7.2992284769272697e-01	   4.9856763004948762e-01	   4.7540707030467944e-01	   6.0590272901600528e-01	   6.8145582192671339e-01	   4.2756399741077006e-01	   7.0828379033463928e-01	   2.3591210207864310e-01	   2.8792429217121190e-01	   7.2367982020950039e-01	   8.3744799217065646e-01	   2.6903396436024218e-01	   2.2153961806505451e-01	   2.9955216747587576e-01	   3.7644065229713386e-01	   5.1746036210546867e-02	   1.3836291771719392e-01	   1.9489605993073555e-01	   6.8625970219437461e-03	   2.4080738043299191e-01	   2.7316825942798917e-01	   2.2886742845941274e-01	  -1.0609100446950593e-02	  -5.5459695117189199e-02	  -1.0419395767094547e-01	  -2.5266393130924540e-02	  -1.9916067806434293e-02	  -3.4207796456205092e-01	  -2.1153463886908652e-01	   2.4536206985901793e-03	  -1.8263035599410768e-01	   1.5299130145526106e-02	   8.4532440493775216e-02	   1.5829222836914217e-01	   1.0130802050201826e-01	   1.5588751179023641e-01	  -3.9339746409373277e-01	
   2.8107227348741709e-01	   5.1988386770496786e-01	   3.4457271927395289e-01	   1.1811489250565010e+00	   6.7225014172072961e-01	   1.0784671417342284e+00	   9.1362708768333223e-01	   0.0000000000000000e+00	   8.3276188945239893e-01	   1.3952484668715390e+00	   3.4797206009738413e-01	   9.1497816428272849e-01	   4.6003987479423319e-01	   1.0066324687724504e+00	   2.7681725508844235e-01	   6.7725632063717323e-01	   4.9783634085425876e-01	   5.6913782469034724e-01	   3.5718199121457778e-01	   6.8990035308532982e-01	   2.2612595661700935e-01	   2.1141604907867823e-01	   2.6242557229527541e-01	   5.2395847957653197e-01	   4.5479129141218472e-01	   7.9842098846805531e-01	   2.0021731025935163e-01	   2.9387650760679146e-01	   4.8923088794338920e-01	   7.2284632278440475e-01	   3.3387565536098412e-01	   6.4378475067008867e-01	   8.9313882369111053e-01	   1.0787756701810036e+00	   2.9358175135166131e-01	   4.6311130502974507e-01	  -5.3046031084012561e-02	   1.1840306630965221e-01	  -4.4147255055100934e-02	   1.4043970151158230e-01	   2.0464445238376677e-01	   1.6916929169136349e-01	   5.3467876412644522e-01	   5.6954552697324745e-01	   5.6827121050716889e-01	   5.5588908713125185e-01	   5.7714623928754816e-01	   5.8869035364624678e-01	   6.6491602146907525e-01	   6.0861350023508287e-01	   7.1939920245169908e-01	   5.5949530921035007e-01	   8.9844339826258968e-01	   5.6295585342680998e-01	   5.7515188247599314e-01	   5.0933781988102478e-01	   3.0892087414560848e-01	   4.2964480449712528e-01	   5.9986236238840274e-01	   3.7933739983299752e-01	   6.0597413343328810e-01	   9.9163117786726329e-01	   4.1374596105957318e-01	   6.4078438705488150e-01	   1.7443364597007610e-01	   6.9262229251990093e-01	   6.5484447706566862e-01	   7.9230396542774129e-01	   2.9022355612244766e-01	   3.0921108479819803e-01	   3.9731376908697980e-01	   4.7025960222475416e-01	   4.0407770175108165e-01	   4.9018253997981026e-01	   3.7143645403755143e-01	   5.5354706615229454e-01	   3.6480901288482215e-01	   6.3415470310566158e-01	   5.1924460426575036e-01	   4.9580842388003060e-01	   5.2171050252788276e-01	   4.0382362628101676e-01	   2.1351361879359032e-01	   5.3500048314784354e-01	   2.2239996378890270e-01	   7.3369795282316308e-01	  -3.2995815658677416e-02	   2.4838095954254930e-01	   4.6951578397625437e-01	   9.6629847149469095e-01	   4.7968417983424944e-01	   1.8756180233090797e-01	   5.0596524069846827e-01	   1.0752345336083372e-01	   1.8640918285078223e-01	   4.2627572957288007e-01	   2.8560485117327150e-01	   2.3830149231909875e-01	   4.4033070434701060e-01	   3.1100790490988134e-01	   5.7015827634656235e-01	   7.3123475619039395e-03	   1.7396838285101091e-01	  -3.0360269404217106e-02	   4.2160620023845949e-02	  -2.8930996749531077e-02	  -1.1698588273870046e-01	  -1.7835474212173866e-01	   3.1651046022420298e-01	  -2.6924569121100434e-02	   2.1478104281297100e-01	   2.1855278960905719e-01	   1.6924859709769122e-01	   3.0745443361978886e-01	   2.5565985185662954e-01	  -3.3033281671474934e-01	
   3.8810986997745817e-01	   5.5572886611863659e-01	   7.0693652919323513e-01	   6.6092064283439877e-01	   1.1245246627029140e+00	   6.8227533608631585e-01	   1.3418098024806093e+00	   8.3276188945239893e-01	   0.0000000000000000e+00	   9.3742019697212520e-01	   8.2036515376496122e-01	   9.1734180225389772e-01	   1.0470766926479393e+00	   1.1792016484425338e+00	   9.8919703268756531e-01	   9.9261615812787096e-01	   5.3669003183047692e-01	   5.9612366660168015e-01	   5.0591133444449188e-01	   6.6838181599933000e-01	   3.4665886282088759e-01	   7.2157248832939669e-02	   6.5266126649046208e-01	   6.0477949488633731e-01	   5.5838403689811400e-01	   6.7968391812668161e-01	   3.6950463390812716e-01	   2.2556472543567740e-01	   8.6635262353610820e-01	   8.1411593019915440e-01	   5.4678234239735013e-01	   6.3990169968033295e-01	   6.2082289498896903e-01	   6.6971939377325873e-01	   3.2660820577140182e-01	   2.1193045070468741e-01	   2.3249545848288916e-01	   3.2421212686882350e-01	   2.2487596618557884e-01	   1.0568516017314325e-01	   5.1378643443357330e-01	   3.1848422255090575e-01	   5.8202570038235590e-01	   5.6093408635710640e-01	   4.0204068192136649e-01	   4.4050376755048037e-01	   6.3905917791953171e-01	   5.0918734542961297e-01	   5.6097517007442110e-01	   5.3756011570496398e-01	   7.1449981254029449e-01	   5.0023362926577253e-01	   7.7757334740785811e-01	   5.1073562373102721e-01	   6.5980472154464687e-01	   4.5348613463540988e-01	   1.8413995603303795e-01	   4.3025789457836372e-01	   4.9376304611889199e-01	   1.9052880301114430e-01	   4.4454664618459033e-01	   4.5467092699395045e-01	   3.7134413441922964e-01	   3.3664772300147344e-01	   3.5792902258479153e-01	   3.6716110602192420e-01	   6.0152038647683659e-01	   4.3329727648509597e-01	   2.0442397983373689e-01	   3.1833220223988473e-01	   5.6407498599745309e-01	   5.8782278223265572e-01	   5.3956429226860414e-01	   5.8733365585716757e-01	   6.1920699306528715e-01	   7.5346259241335456e-01	   5.9069427899057492e-01	   7.2925677435103498e-01	   5.4996102336743857e-01	   7.4734287876582739e-01	   5.3285640433241843e-01	   4.9820986220627655e-01	   7.8761347875765830e-01	   8.0067172085398797e-01	   4.9905908524360393e-01	   7.5761291182360258e-01	   2.5795058143244975e-01	   2.7330137006050848e-01	   7.8506737960839368e-01	   7.2297789975813631e-01	   2.6125820361708829e-01	   2.4176514366270474e-01	   3.4741149917868641e-01	   4.3376018982294795e-01	   5.4058863036779307e-02	   2.0003497641076054e-01	   2.5521607491134063e-01	  -4.4597524622537799e-02	   2.6692214064929465e-01	   2.3477958226997281e-01	   2.8826060510791524e-01	   1.1064190755342251e-01	  -3.8521163480868967e-02	  -1.7536124828998981e-02	   1.0754654034917670e-01	   1.2106009312073994e-01	  -2.4857189217204567e-01	  -1.1906014133913337e-01	   1.7799311201344887e-02	  -1.2561024482678487e-01	   4.2245308968688118e-02	   1.3400896844254354e-01	   2.3372597144031043e-01	   2.5938769872485323e-01	   2.8257625669680236e-01	  -3.3762767216368583e-01	
   3.5941959244295224e-01	   5.2356111650488335e-01	   4.5641404335196634e-01	   9.2628641805950318e-01	   7.3383945276406715e-01	   1.2280881955842839e+00	   7.8859742332732208e-01	   1.3952484668715390e+00	   9.3742019697212520e-01	   0.0000000000000000e+00	   3.8841233676949632e-01	   8.2380157397645637e-01	   5.1973032071145497e-01	   1.0241295177137182e+00	   4.3626339635933042e-01	   8.4588576037220453e-01	   4.9256363799652764e-01	   5.4498711918928833e-01	   4.3502843591069729e-01	   6.9550155668810998e-01	   2.5622889502346236e-01	   2.3735080977759954e-01	   3.8712136649636253e-01	   6.2194306471125527e-01	   5.8305413636386794e-01	   8.7684892173300844e-01	   3.3352496510010954e-01	   3.9621474268894763e-01	   5.2061846374344789e-01	   7.1800240549928784e-01	   4.2800045990498992e-01	   6.6136188465961465e-01	   8.5536836680859851e-01	   8.9862126545953047e-01	   3.2120136884474237e-01	   4.0359701264922221e-01	  -2.7481508201913619e-02	   7.8416582906992591e-02	  -1.0046219754437287e-01	   2.2471061544884166e-02	   2.3855782504127807e-01	   2.1535118879740733e-01	   6.3602991086260974e-01	   6.6772070713158271e-01	   4.5938395553143546e-01	   5.1059137665616561e-01	   5.7372375055409808e-01	   6.6031153531134323e-01	   5.8733329624216812e-01	   5.6393540743901482e-01	   7.2603008458056062e-01	   4.3849923136263952e-01	   7.9543418569055158e-01	   6.7626802222302951e-01	   5.1119390357927419e-01	   4.0766575514697362e-01	   3.2097511964699416e-01	   4.8040612432343138e-01	   6.5322926028314421e-01	   4.8450088528896829e-01	   5.9069287724908282e-01	   9.7527678044698018e-01	   4.1498855966167408e-01	   5.4396391386162868e-01	   2.1142362314910804e-01	   5.5452429247251844e-01	   5.1040944143176892e-01	   5.5992099485333491e-01	   2.6487809005133434e-01	   1.9157314518034410e-01	   4.4699281770990085e-01	   5.4457788395062268e-01	   4.6777876139497149e-01	   4.7790110862129997e-01	   4.2459546462684150e-01	   5.8831558473100287e-01	   4.1446294750732726e-01	   6.1663326605996149e-01	   4.8217397357505054e-01	   4.7047236076357568e-01	   5.2716707935617557e-01	   4.1717700419892589e-01	   2.9780607673296072e-01	   6.1223187808697210e-01	   2.9590599173458448e-01	   6.9299374491426924e-01	  -4.5024324212059492e-02	   2.2382657115775023e-01	   5.4396010647972171e-01	   9.8185510436098633e-01	   5.2990084639408075e-01	   2.7391955881052565e-01	   5.4536645118683591e-01	   1.9748528076459299e-01	   1.7669445881829920e-01	   3.2641063012697430e-01	   2.7585693780357762e-01	   2.0989407094105941e-01	   4.2683296298573614e-01	   3.0688226867205587e-01	   5.3096472722340926e-01	   5.1749310223423363e-02	   2.5320350477557496e-01	   2.3422526507835943e-02	   1.7080170135357886e-01	   8.0751639420509821e-02	  -3.1094207159554198e-02	  -6.2891548838454311e-02	   2.0473462181248542e-01	  -8.7871026010676853e-02	   1.8465330418824613e-01	   1.8488672445806947e-01	   1.2829356459668517e-01	   3.3931003211688882e-01	   3.4118591179907221e-01	  -3.1261386461579127e-01	
   8.0182800397148346e-01	   6.2130424832175679e-01	   8.8634091346292809e-01	   3.6984512079933007e-01	   6.6617457748064191e-01	   2.9233625571573113e-01	   7.5184131866765913e-01	   3.4797206009738413e-01	   8.2036515376496122e-01	   3.8841233676949632e-01	   0.0000000000000000e+00	   8.9743734067202952e-01	   1.4618984735661580e+00	   9.0858235516094055e-01	   1.3196404144680705e+00	   8.7669085994262752e-01	   5.4137784663445276e-01	   4.9652159515299987e-01	   9.5187167186781652e-01	   6.3181014488989917e-01	   5.7210228356760573e-01	   2.8766090407272032e-01	   9.1335215610918308e-01	   5.9819388653770611e-01	   6.1914392804180840e-01	   6.0463629574009714e-01	   5.6674458761551705e-01	   3.8874234032474553e-01	   7.9365957022495592e-01	   5.5543106761113736e-01	   8.9046686560310317e-01	   7.4213319660573596e-01	   6.7411104367875496e-01	   5.1531893693112685e-01	   5.3819308362085105e-01	   2.6022403943450478e-01	   1.5352510379889212e-01	   6.9828707499572276e-02	   1.9848861585169611e-01	  -5.5034593671007714e-02	   4.1201889766537242e-01	   1.7111295633455384e-01	   6.4609049745436509e-01	   6.5220886776951770e-01	   3.2032566391311607e-01	   4.0095656108459010e-01	   6.2268561290616042e-01	   5.0003040501315743e-01	   3.5830987827232902e-01	   3.5986922991783210e-01	   5.1804126375700355e-01	   4.1261047754521174e-01	   3.5425107790438137e-01	   3.3052777647282766e-01	   4.0435496342707888e-01	   4.1434531675785929e-01	   2.8363426951922449e-01	   5.1122805980505071e-01	   3.9380064178316754e-01	   5.7970395940368395e-02	   4.3154063975693857e-01	   1.8786647780291485e-01	   6.1635489548364930e-01	   2.3549073552550837e-01	   5.5019746085590882e-01	   1.8836107131473098e-01	   6.7429457010770799e-01	   3.6375116955149855e-01	   3.9937459574117795e-01	   5.6381739520342422e-01	   6.1140125825590075e-01	   3.6871849279996799e-01	   5.6916267987996694e-01	   5.2020812757283985e-01	   7.2171289461736576e-01	   6.1307417776435080e-01	   7.3660697635318240e-01	   6.1056552661327712e-01	   4.7515658731591975e-01	   5.6737271186212501e-01	   3.6714406635713537e-01	   4.5823567264680054e-01	   8.3666905737450548e-01	   7.4010959149639510e-01	   8.2502467856028994e-01	   6.4300690711583186e-01	   1.6349881236677283e-01	   2.8316080160418278e-01	   5.9092944250528023e-01	   5.7191929967714228e-01	   8.6173960329904130e-04	   1.5546281185718636e-01	   3.3642088872167755e-02	   4.5693904063026991e-01	  -1.2262055021118198e-02	  -2.8284135123742685e-02	   1.8346131904875770e-01	  -4.2952771347856925e-02	   3.3837053824424493e-02	   3.0310663172456370e-01	   8.4055443341318092e-02	   1.2472729429368219e-01	  -3.0795618107207406e-02	   1.9277126763828645e-01	   3.2068951794268774e-01	   3.6084979207284940e-01	  -2.5108672670953647e-01	  -2.0864499738551954e-02	  -1.8723853651255933e-02	  -2.2740007414313396e-01	   7.2635963835653489e-02	  -4.0444695767064866e-02	   1.3454011819272315e-02	   2.0337004103668013e-01	   3.7617799573781197e-01	  -3.2808247939144292e-01	
   6.7916127588573127e-01	   8.0602519536310935e-01	   7.4100687424612899e-01	   9.2866388236921038e-01	   7.1263541811183573e-01	   7.3438102702331898e-01	   8.8292032456848046e-01	   9.1497816428272849e-01	   9.1734180225389772e-01	   8.2380157397645637e-01	   8.9743734067202952e-01	   0.0000000000000000e+00	   8.6724565124269981e-01	   1.7609759707814512e+00	   8.3357658102606524e-01	   1.2829083254225491e+00	   6.7795135814989604e-01	   7.1769683019182462e-01	   7.1430635682498256e-01	   9.6376754317181035e-01	   5.2947379933228222e-01	   3.4823591884794275e-01	   6.8431589496080281e-01	   8.3187423361490009e-01	   5.1636570702250262e-01	   8.4351554417316876e-01	   3.4893002314743637e-01	   2.7544917372341543e-01	   7.5282936959158009e-01	   9.2181371599184136e-01	   7.1605071975706758e-01	   9.1616903044455733e-01	   9.6293689350555856e-01	   9.8514433657767986e-01	   3.8296344933703769e-01	   3.9929365075238049e-01	   6.3960960692084526e-02	   1.5075191482631803e-01	   5.0820864259937287e-02	   1.5276388125607800e-02	   4.0035511634976306e-01	   2.7620539010346606e-01	   6.0046937769711828e-01	   6.7171366173593072e-01	   5.2117297672232765e-01	   5.8079473293355510e-01	   6.2614671740611916e-01	   6.5327652398477798e-01	   6.1482352196300494e-01	   5.9982134588710667e-01	   6.1431142552232787e-01	   5.2230030495209556e-01	   6.3455109335520021e-01	   4.7694975324834388e-01	   5.0544369065468375e-01	   5.5556864474563428e-01	   4.8872338941751564e-01	   5.9632326366108579e-01	   6.5746057403071134e-01	   3.5241689267674292e-01	   7.0343464185976401e-01	   7.5585028111418218e-01	   8.4577452003970910e-01	   6.6465970864259649e-01	   4.2973506920064763e-01	   4.2007838207199955e-01	   9.0907954296550164e-01	   7.7209010377036358e-01	   4.0977797523448212e-01	   4.9093421254595027e-01	   6.9147879878594443e-01	   6.0106794189007084e-01	   5.6146669610932909e-01	   6.5714017417648196e-01	   5.7542622394078613e-01	   7.0912423696406912e-01	   6.7050721141713510e-01	   8.0381930798098278e-01	   6.6585000090321800e-01	   6.4411074032866433e-01	   5.4846951524319321e-01	   5.7188130039034357e-01	   5.5453753022894170e-01	   8.6941386872205628e-01	   5.6474797001286048e-01	   9.3896460167166729e-01	   5.5932060807105853e-02	   4.2389997142550384e-01	   5.6373095230689874e-01	   1.0262577575932559e+00	   3.0535002345300932e-01	   1.9513959490981214e-01	   3.2969976808634538e-01	   2.1887745877762188e-01	   1.2278416147342261e-01	   2.3461372427966415e-01	   1.4729522180095372e-01	   1.9572690363684925e-01	   3.0588569379335828e-01	   3.6774508460781064e-01	   3.4564392959755497e-01	   7.7844692154919017e-03	   1.2955691634072168e-02	   1.4986670754003750e-01	   1.1257613431122647e-01	   1.4991863833516939e-01	  -1.3740496613305744e-01	   1.0942790664160226e-02	   2.5472449688748644e-01	  -1.5460539768741985e-01	   3.2326608013411313e-02	   1.4619066446772144e-01	   1.2431860873501735e-01	   3.2320142458685280e-01	   3.4729720578825629e-01	  -4.6227478589668058e-01	
   5.7779185488781593e-01	   4.3156963585008851e-01	   8.9379116614335219e-01	   3.9890185795168637e-01	   7.0240981143669667e-01	   2.7117471218825562e-01	   9.6959828445081053e-01	   4.6003987479423319e-01	   1.0470766926479393e+00	   5.1973032071145497e-01	   1.4618984735661580e+00	   8.6724565124269981e-01	   0.0000000000000000e+00	   9.9950019885664576e-01	   1.3209874622909565e+00	   8.7425110895892189e-01	   3.8948441273661460e-01	   3.5913277347709860e-01	   5.6606506104772325e-01	   4.5503399568438180e-01	   5.5835460655505198e-01	   2.5447308243771405e-01	   9.1873347287807827e-01	   6.4033591042513915e-01	   7.1230311393542323e-01	   6.5310896220722237e-01	   6.5813921144195586e-01	   4.7933973700247734e-01	   6.5105022034523952e-01	   4.8081830341825732e-01	   8.2975687317258862e-01	   7.1058237489225951e-01	   6.1323221677361628e-01	   5.0995013232502107e-01	   5.4218537114808907e-01	   2.5697004465910667e-01	   1.9819291505059469e-01	   1.4102620612843664e-01	   2.1949858176500486e-01	   6.4157781517146274e-03	   4.0119396169813309e-01	   1.3038412357098969e-01	   6.0757956938741486e-01	   5.7615906984372312e-01	   2.4454197380381959e-01	   2.7056699937183060e-01	   5.4341226630561623e-01	   4.0217640123749987e-01	   2.5633177653508671e-01	   2.3747813917085073e-01	   5.3956775039787475e-01	   3.3479171117544954e-01	   4.5660033620575946e-01	   2.9628166895318953e-01	   4.0467789026251705e-01	   3.2500714423713362e-01	   1.5632116130288048e-01	   3.6681493723976993e-01	   3.4382813742811585e-01	  -1.3014339793910685e-02	   4.6604539746243634e-01	   2.0015265717507008e-01	   4.4757132490057061e-01	   1.4802410767665589e-01	   5.7990325948849464e-01	   2.8223615230521176e-01	   5.7756596008620387e-01	   3.2534118871115464e-01	   2.0115652364904871e-01	   3.6918467428966073e-01	   5.3482448051536613e-01	   4.2680837227185736e-01	   4.7514464377683402e-01	   4.2845673280972557e-01	   6.6193710588838828e-01	   5.6381755466130212e-01	   6.8961889760468387e-01	   5.7195922940513766e-01	   4.5285548479851190e-01	   5.2926636502261337e-01	   2.9259202467473328e-01	   3.3195760167312399e-01	   7.5603471759766905e-01	   5.9625458250843866e-01	   7.0174157455485042e-01	   6.8183387050340893e-01	   1.4427928546393992e-01	   2.7128477885225183e-01	   6.6897416206034166e-01	   6.0628591522153219e-01	   7.9986065134114766e-03	   1.0200416684288541e-01	   1.5207883522558824e-01	   4.9743943790309753e-01	  -1.2991764676286527e-01	  -5.9033642356355685e-02	   1.0197540637283832e-01	  -1.4447119181112891e-01	  -1.5314130127234904e-02	   1.9235482118304101e-01	   9.7503845807484751e-02	   4.6522524457136671e-02	  -1.2380090644774369e-01	   7.8563808083400868e-02	   1.7644399892768234e-01	   2.5061101524455731e-01	  -3.8419760473784936e-01	  -1.5245743893272495e-01	  -1.5544892414931108e-01	  -3.1587148011838351e-01	  -5.6717536481288994e-03	  -1.3243578675536447e-01	  -4.1912336359705600e-02	   9.7482646681311860e-02	   3.3544931889956281e-01	  -4.6911032570310146e-01	
