   0.0000000000000000e+00	   9.4274036327966182e-01	   2.0193716612311666e-01	   1.7609004091826014e-01	   2.7414060175329780e-01	   2.5414472937796823e-01	   6.3071209200658152e-01	   4.4687761094598000e-01	   2.8305441938861614e-01	   3.5375476672413247e-01	   1.0368684298684772e+00	   3.6129789772385157e-01	   7.8026793943151751e-01	   6.2256322192110158e-01	   5.8476788182824258e-01	   4.6231632190505034e-01	   4.9342453776928691e-01	   1.0050582564793814e-01	   8.8465416723184187e-01	   6.2103836367206311e-01	   2.5211346555007907e-01	   1.5385042201725360e-01	   2.1371821093203244e-01	   1.7999871376886153e-01	   3.8888867244976588e-01	   3.1079377984207229e-01	   2.8527010334843295e-01	   2.6625090948536911e-01	   3.2130800327816672e-01	   1.6623263131443383e-01	   1.5702831972671158e-01	   1.7915215139190580e-01	   2.5125632802568543e-01	   2.7454959981261284e-01	   3.1563187196994286e-01	   1.7101546421394778e-01	   2.6811900295345376e-01	   3.1277438595934559e-01	   2.3001942220311569e-01	   3.2276299001353026e-01	   4.7548874803737584e-01	   3.2332318249401271e-01	   5.9588900620131957e-01	   6.2852403929414991e-01	   3.5916745902507419e-01	   2.9912205858809909e-01	   5.2132446339200578e-01	   6.5504793045616272e-01	   4.6693167127475244e-01	   4.4271167629790853e-01	   5.0136660674952493e-01	   4.4048767639972036e-01	   3.4118619965174674e-01	   2.9711766843208787e-01	   4.8080236705496338e-01	   4.2907705202300939e-01	   7.4895715160375664e-01	   5.0752447632321751e-01	   6.5262293286495432e-01	   4.0734180674897175e-01	   4.9108408905859047e-01	   2.4147271310465662e-01	   2.0560040207591512e-01	  -3.6181992287887696e-02	   1.7377825148635040e-01	   2.0609937766893494e-01	   2.9039378398102578e-01	   4.2159555527874357e-02	   7.2509603902343145e-01	   1.6030937847805007e-01	   4.3944656353901096e-01	   3.2557519214799507e-01	   2.7358673328624533e-01	   1.2684680302871099e-01	   4.6981641456404272e-01	   3.0372073283503198e-01	   1.7589744833878662e-01	   6.3811494432222240e-02	   2.2381822203162316e-01	   2.4275203320964345e-01	   4.6047597769189452e-01	   3.4922739941783937e-01	   2.8172185660877569e-01	   4.5157630746413840e-01	   5.4691428424807143e-01	   4.6171266525796362e-01	   3.0801664408753221e-01	   2.9892357868159725e-01	   3.6698782271909131e-01	   3.7951360389374711e-01	   4.3107956519670665e-01	   3.1311299901951184e-01	   3.3489338041749311e-01	   4.4995114083592008e-01	   3.4450538667967473e-01	   2.0113391368657783e-03	   6.1261699529456926e-01	   7.0018659289373875e-01	   5.9725439691683313e-01	   5.5476682619102458e-01	   6.1186715685483573e-01	   6.4179502779423081e-01	   8.1127439612380559e-01	   5.7972039146310550e-01	   2.4160939322722921e-01	   2.9041223072309025e-01	   5.2544653429226040e-01	   1.7354547612827656e-01	   1.5514676177615103e-01	   4.3795851740868619e-01	   5.1587357787732180e-01	   7.8918060091148567e-01	   4.6509164285381871e-01	   5.5086701232443713e-01	   4.1921623741021313e-01	   1.4388398596885446e-01	
   9.4274036327966182e-01	   0.0000000000000000e+00	   2.5990869959046503e-01	   2.9679911201081766e-01	   2.5355933604451575e-01	   1.7060548414993887e-01	   4.2509043970173388e-01	   4.5118648305661119e-01	   2.4191375187308745e-01	   3.6689369322119575e-01	   6.0396294104256487e-01	   4.3408387886248850e-01	   5.1167308069619555e-01	   5.0474974244351989e-01	   4.0446604685509113e-01	   4.0155658455698373e-01	   5.0548543630960063e-01	   2.9320523278750310e-01	   8.0454218048744741e-01	   6.5834192880635301e-01	   3.0854740515815765e-01	   1.7553490065897279e-01	   2.3777071383219736e-01	   1.5378269931084648e-01	   3.5712686847168162e-01	   2.8782695968201000e-01	   2.9243648605858236e-01	   1.7918135785779371e-01	   4.0793992406852442e-01	   2.5478826882069422e-01	   3.0826907608248016e-01	   2.9135037623987131e-01	   4.2934951694103662e-01	   4.9060934916930649e-01	   2.9698192627023390e-01	   1.7373233313302516e-01	   2.0818116293615435e-01	   2.0047255089732507e-01	   2.1991177385505303e-01	   2.9677518166928279e-01	   3.5049662831698691e-01	   3.3190205493012720e-01	   3.0215484889280264e-01	   3.3768133410361861e-01	   2.4731115563684031e-01	   1.6959477179938370e-01	   3.3505056329604771e-01	   4.4951616582264797e-01	   3.4135022480702054e-01	   3.3878507564129867e-01	   3.0520176299685853e-01	   3.4976523201133508e-01	   2.4408671248441000e-01	   3.3897391235954089e-01	   4.2424968022848497e-01	   4.7084403301405087e-01	   8.2649630079515757e-01	   7.7943548234101234e-01	   4.8937455216302556e-01	   3.1416559794926718e-01	   3.5491274271735124e-01	   2.7533249960294287e-01	   3.6507997771712608e-01	   1.0902343130197853e-01	   1.4212051610760784e-01	   1.4569652992641369e-01	   1.8630676640750829e-01	   3.3429694574570373e-02	   7.9518499891363592e-01	   1.7574734325382371e-01	   5.7423937765682009e-01	   3.9222268783476144e-01	   3.7957182657737276e-01	   1.9179176048142299e-01	   3.9597737735885802e-01	   3.0373085454111248e-01	   1.6145817888432296e-01	   6.0622772603764086e-02	   2.4298204819578306e-01	   2.7131800657098476e-01	   4.5196434534172436e-01	   4.6906256813048924e-01	   2.1493677613956272e-01	   5.1890447197244627e-01	   4.3759298934103041e-01	   3.9814107023042428e-01	   3.6834842106690441e-01	   3.8859878778321200e-01	   3.1019766934441595e-01	   4.0092809421787995e-01	   4.3506499861150627e-01	   3.4956289348904424e-01	   3.6942252591621966e-01	   4.0241790593210952e-01	   3.5910165419239032e-01	   2.7302166981361200e-02	   5.4062260815322360e-01	   5.3990108080881316e-01	   5.2008667484536542e-01	   6.7256961911398028e-01	   3.0629429354897786e-01	   4.6684395066373818e-01	   6.0326139929677780e-01	   4.4689166531076818e-01	   5.6802913965975720e-02	   3.2188798672438207e-01	   1.8474403859294841e-01	   3.2230639488653012e-01	   2.0894914409828266e-01	   2.9979817192685959e-01	   4.0822495559981498e-01	   6.7685302733393915e-01	   5.2320522130411162e-01	   5.2691177937937095e-01	   4.0090489378343164e-01	   8.4442639904522498e-02	
   2.0193716612311666e-01	   2.5990869959046503e-01	   0.0000000000000000e+00	   8.4643151743074518e-01	   8.3496182628645443e-01	   5.4577844530123198e-01	   9.8634414255235214e-01	   3.6026735858921888e-01	   6.4403520083413102e-01	   4.8223553598518715e-01	   3.3831117062158295e-01	   1.9481073961885781e-01	   2.9582900704494058e-01	   1.8089378970669209e-01	   6.7749913251860827e-01	   5.9131695098061265e-01	   2.7564978798025108e-01	   3.3522257201639782e-01	   2.6200569631015747e-01	   3.2098106810747173e-01	   6.8360420104422503e-01	   5.7022267861516684e-01	   1.0487773088592840e+00	   9.9065815006753744e-01	   7.4861904391161194e-01	   7.5413057929108385e-01	   9.6079071594328058e-01	   8.3334003814102675e-01	   2.2942863770818378e-01	   3.4782645579827653e-01	   8.8719817253546585e-01	   6.4626001390867915e-01	   6.1703140877833484e-01	   4.9564529678663605e-01	   9.3800146343022839e-01	   5.0714424620538912e-01	   3.6269821487615889e-01	   2.4816714008836260e-01	   4.1742806920047781e-01	   4.3013611071738689e-01	   5.2080228283175800e-01	   4.4618175585600406e-01	   4.7351896072771626e-01	   4.7307463287224932e-01	   5.7996956179118997e-01	   5.1612693805117982e-01	   5.1230160036206707e-01	   5.6572287752772832e-01	   7.0795759089199861e-01	   6.6051803218006644e-01	   7.2554596258807280e-01	   5.0696728840220784e-01	   6.7580877842970044e-01	   7.3860086201154984e-01	   7.0881120053273694e-01	   7.8284906126039189e-01	   3.4628715700004215e-01	   6.2730551105441368e-01	   3.9286350497567346e-01	   2.4962247703555679e-01	   3.8372115888770886e-01	   2.7880537121433696e-01	   4.6621794009998013e-01	   4.4955049422545734e-01	   7.9768329679494132e-01	   4.2725955300149193e-01	   5.5728047082214072e-01	   3.9247144534592282e-01	   1.7498650827756196e-01	   2.8774401573756792e-01	   8.9688027908643275e-02	  -1.4796981735253888e-02	  -9.1627835709927052e-03	   6.6284720272451220e-02	  -8.7615439456853544e-02	   4.1823281409494144e-02	  -3.3451775931756703e-02	   5.5973475823789115e-03	   3.0460333055698746e-01	   2.1958779089570060e-01	   3.3454395543696247e-01	   6.9325863548333810e-01	   5.3069451268073997e-01	   4.9827387433199366e-01	   4.1289823364690420e-01	   5.5853656465360269e-01	   6.3757639309930170e-01	   5.6647477290795856e-01	   8.5281680738196974e-01	   6.3554892244067029e-01	   5.5678360254311787e-01	   5.0255593905414397e-01	   1.6366262132765888e-01	   1.9548981234862858e-01	   3.4035745302794608e-02	   2.0366590965397935e-01	   6.4450507340584406e-01	   6.2185753326871551e-01	   7.0428616118169551e-01	   6.3635523680434114e-01	   1.0278436029057368e-01	   9.1277260372765734e-02	   1.7310691489634045e-01	   1.4598394205437487e-01	  -1.7152983694405243e-03	   2.1161781683410125e-01	   1.1883065517052221e-01	   1.0300491933368108e-01	  -4.0861279823856345e-02	   4.2477998340420892e-01	   6.2918193121606691e-01	   4.8882102586012122e-01	   1.5228251478980764e-01	   2.4104025085347366e-01	   2.7398878215653644e-01	   5.2039521369541687e-02	
   1.7609004091826014e-01	   2.9679911201081766e-01	   8.4643151743074518e-01	   0.0000000000000000e+00	   7.3773305792080968e-01	   7.3315270051081183e-01	   6.7231074691655646e-01	   8.2548291360407611e-01	   7.3643458511003690e-01	   8.3198592513490843e-01	   3.1817292614954418e-01	   5.8603871565099763e-01	   3.8246622829637456e-01	   4.0304460614901882e-01	   6.6806289732209867e-01	   7.8323005119634981e-01	   3.0807669080670996e-01	   3.9243231682144775e-01	   4.4831796768122156e-01	   7.4992384991101801e-01	   2.3545116140314287e-01	   3.1650004731126308e-01	   3.7024772255333283e-01	   6.3579896138413838e-01	   3.2465366337621498e-01	   2.0809689375258950e-01	   4.1650126809392229e-01	   3.1733755564204441e-01	   4.3160430744971923e-01	   6.1875865727549129e-01	   6.4268185201396644e-01	   8.2842175647829097e-01	   6.4968342405111579e-01	   7.3187047464491506e-01	   6.5816880177876347e-01	   6.1673641603653195e-01	   2.3846399759701636e-01	   2.2447537479374752e-01	   3.3601026960626867e-01	   3.2985383239646110e-01	   3.0011522995175949e-01	   5.1751278081557772e-01	   3.6488058049252253e-01	   4.3183894971805437e-01	   5.0452402435488497e-01	   4.8942258200965849e-01	   3.3629311217015395e-01	   4.6127653743588426e-01	   5.2380377055718730e-01	   5.7053110465030887e-01	   4.4330258508234016e-01	   4.8265975375064463e-01	   6.5161827261084060e-01	   6.6068181386692293e-01	   5.4805885740550897e-01	   6.0565506555074911e-01	   1.8186044218807987e-01	   4.4946245668539503e-01	   2.3791068637352414e-01	   1.2759234871670935e-01	   2.4920999049622664e-01	   5.4383337856031666e-01	   4.3334475070810941e-01	   8.1668959967469390e-01	   2.5967833623283093e-01	   2.1684594169814222e-01	   4.8998196707363961e-01	   5.2353605533557634e-01	   8.4941140308060992e-02	   2.4968813129147821e-01	   3.2165093751671886e-01	   2.7849065738838275e-01	   2.5997261719419584e-01	   4.4987107904502921e-01	   2.2791059051045709e-01	   3.7315297450853235e-01	   2.3539173302515917e-01	   3.8896750718796136e-01	   1.6281409918251244e-01	   2.3431799729945074e-01	   3.5672889817372450e-01	   5.6174172690241952e-01	   6.8524928661520967e-01	   4.7911778360881763e-01	   3.6928114173875715e-01	   6.6374386248805672e-01	   5.6740477168390402e-01	   4.8628207653084954e-01	   6.7393980907401907e-01	   5.9837050116813129e-01	   1.0335317517987139e+00	   7.7723464682248555e-01	   3.9498510677234228e-01	   3.9188454103794512e-01	   8.6375342956122161e-02	   1.4499929859431920e-02	   5.3907126789499871e-01	   5.5540964477295485e-01	   6.5182293335197838e-01	   8.4957934285301306e-01	   2.4294435982847473e-01	   9.4615243336021185e-02	   3.5867221697286850e-01	   1.7622966425561634e-01	   2.1034969617944918e-01	   2.6624694814157290e-01	   1.6584048906728280e-01	   1.6594037343448365e-01	  -1.4749025387642081e-01	   2.7352464699813533e-01	   5.9897277302918317e-01	   5.3139520897792203e-01	   2.8210925547352561e-01	   3.3673331284215979e-01	   2.9255367391451859e-01	   1.1378565528483614e-01	
   2.7414060175329780e-01	   2.5355933604451575e-01	   8.3496182628645443e-01	   7.3773305792080968e-01	   0.0000000000000000e+00	   1.3224498328152281e+00	   9.1581136130004792e-01	   6.6838952269793694e-01	   1.3834460881306090e+00	   1.0273399805658734e+00	   4.6887599050748985e-01	   5.5105445351103455e-01	   6.1188090934602513e-01	   5.1294333518204172e-01	   8.7251263431331094e-01	   8.5907749369089592e-01	   5.5501063411289331e-01	   6.0536065918485371e-01	   3.6519790744343972e-01	   5.3010416546256933e-01	   4.0707873489998142e-01	   4.1677886998684333e-01	   3.9015111086164017e-01	   5.6305727858891985e-01	   4.6666339461803402e-01	   5.0983806009166821e-01	   7.8395283354150269e-01	   7.0199200432042375e-01	   7.1408231083570506e-01	   8.4863541648974028e-01	   5.0958494712278890e-01	   4.6894140470868317e-01	   8.6085983113714626e-01	   7.6111169712193760e-01	   8.3863871573558280e-01	   6.9930494656316811e-01	   3.9480871030032449e-01	   5.0755600306592885e-01	   4.7117678579746264e-01	   5.8419504283910184e-01	   5.5547128690119729e-01	   6.8228809203418528e-01	   7.3563210769060350e-01	   6.8615531791738871e-01	   9.6156973667491730e-01	   9.7976619458275738e-01	   6.4679048378304949e-01	   8.1109145171813168e-01	   8.9397434990142743e-01	   7.7411543163253616e-01	   8.9605214191062166e-01	   6.8238045900651889e-01	   8.2524422666055586e-01	   7.7504878074960748e-01	   8.2571274930176008e-01	   8.4108063365732355e-01	   3.4347489179428387e-01	   5.4857408451741907e-01	   5.6872783985404163e-01	   2.9972373584243689e-01	   6.0154798115070784e-01	   4.3368515536914887e-01	   6.8959063511176022e-01	   7.2078565366487435e-01	   6.1425245523856864e-01	   3.9790237209472173e-01	   8.7663778975277407e-01	   8.1997392637445987e-01	   2.0541170310114509e-01	   2.8391220566410330e-01	   4.8293183088292849e-02	   3.3289239940376740e-02	  -7.2942365443912248e-03	   2.2038729455203881e-01	   1.2703759341895046e-01	   2.5619780184451829e-01	   2.2080928044455014e-01	   3.2479084436845529e-01	   6.0960644795462660e-01	   5.1871633036594544e-01	   7.3237709437086496e-01	   8.7029660142278187e-01	   6.4185491623960578e-01	   7.2218947089749619e-01	   4.3723092958346033e-01	   7.1694371362077303e-01	   5.7413161697374837e-01	   4.2946612180693078e-01	   8.0583789638326830e-01	   6.6263661286863540e-01	   7.6688790277964891e-01	   5.9533969631418748e-01	   2.3711471335334572e-01	   4.5793510735400104e-02	   4.5527166137984222e-02	   9.9366453373647315e-02	   6.7935299886572953e-01	   6.2893759249368109e-01	   7.9738583656695117e-01	   7.3304440957432204e-01	   4.3641259556625012e-01	   1.3821318878277242e-01	   4.4087980002978366e-01	   1.5187811551990477e-01	   1.9779568706013309e-01	   1.9911019298859456e-01	   4.9911941597899412e-01	   1.4250618172368182e-01	  -4.8191961359896326e-02	   4.9109455304061844e-01	   8.1035410443156952e-01	   4.9892418944582206e-01	   2.2366697361341026e-01	   3.1513268829605467e-01	   3.1487900231511950e-01	   1.6603109179081663e-01	
   2.5414472937796823e-01	   1.7060548414993887e-01	   5.4577844530123198e-01	   7.3315270051081183e-01	   1.3224498328152281e+00	   0.0000000000000000e+00	   7.0181819222560482e-01	   8.8424201020083459e-01	   1.1127710264568713e+00	   1.1380700424133015e+00	   4.6795413033618982e-01	   6.9503337626375583e-01	   7.1395631087835187e-01	   7.6817848022172419e-01	   7.9790965251586043e-01	   9.2260028022717711e-01	   6.6831589936058156e-01	   4.6196946539015626e-01	   3.6620704849762203e-01	   6.5619143755125753e-01	   2.1265055555559195e-01	   4.0128011958944593e-01	   2.7674403844980516e-01	   5.2451214547884728e-01	   4.4763316864603786e-01	   4.3431583202757695e-01	   6.0263080180157858e-01	   6.4291734474629447e-01	   7.9274698383088082e-01	   8.9947206707196403e-01	   4.3222950720326803e-01	   4.8757051138836660e-01	   7.8034220864546200e-01	   7.6495844448274009e-01	   6.1982431523438120e-01	   6.4090306496959637e-01	   3.5982598347839290e-01	   4.9209224329845525e-01	   3.9191687354132859e-01	   5.5769120837116104e-01	   5.2700410473003734e-01	   7.2637555091426509e-01	   7.1685555343035101e-01	   7.0206004326378035e-01	   1.0126262949522016e+00	   1.0958750148252767e+00	   6.0719682479565718e-01	   7.6464851147697233e-01	   7.7146100253671124e-01	   7.9700552183562634e-01	   8.5078882597809069e-01	   7.8470358259475304e-01	   8.8749021345664092e-01	   7.0090907785933965e-01	   7.1615469830923129e-01	   7.1281744929083124e-01	   2.1581959405885087e-01	   4.0041910233557831e-01	   5.3796473408837930e-01	   2.6925931798182340e-01	   4.6972590455002355e-01	   4.5644574402827320e-01	   5.8638948913683375e-01	   6.9641555548334078e-01	   2.7405389469579378e-01	   3.6911154431145693e-01	   8.0149739295033651e-01	   8.7489593233745544e-01	   7.8462080236729792e-02	   2.4386404367903086e-01	   1.2125110539293278e-01	   1.6848524737234322e-01	   1.0451397417623944e-01	   3.6806652652384009e-01	   3.0511263190313631e-01	   3.8548846065583942e-01	   2.7997815862647923e-01	   4.5995342794173810e-01	   5.8940476887130555e-01	   4.2207516214988333e-01	   8.4459615877320759e-01	   7.0882880919329927e-01	   7.2492693216850346e-01	   7.7476545379390138e-01	   4.1280300870873077e-01	   7.7835262342139377e-01	   5.2513286840690554e-01	   3.7242783788763895e-01	   5.3853454799618050e-01	   4.5091207357471408e-01	   8.0063134905182243e-01	   5.4861509125782992e-01	   2.9680775278188587e-01	   6.7971307036436876e-02	   7.3659499138738663e-02	   1.2356174291267796e-01	   6.3010463229769453e-01	   6.5735579087535589e-01	   7.5972357352183673e-01	   7.5538450425801007e-01	   4.8331340945827350e-01	   7.5301060742670192e-02	   5.0323756520729235e-01	   1.6766006477860809e-01	   3.1460615822104382e-01	   2.2631128703038628e-01	   5.3263512368680610e-01	   1.5179737718156541e-01	  -4.6453181165724111e-02	   5.2970924943406439e-01	   7.9348135593630864e-01	   4.7034195617870517e-01	   2.1044707021105272e-01	   3.0411560430285217e-01	   3.5525637037383678e-01	   3.2340186008344590e-01	
   6.3071209200658152e-01	   4.2509043970173388e-01	   9.8634414255235214e-01	   6.7231074691655646e-01	   9.1581136130004792e-01	   7.0181819222560482e-01	   0.0000000000000000e+00	   6.7169436803603133e-01	   9.7567616121418166e-01	   7.0137564770091221e-01	   7.3561290219752717e-01	   3.6564443688798220e-01	   7.1649785269727762e-01	   5.1075932004893110e-01	   8.7139197961264747e-01	   6.5034196371689446e-01	   4.9295253521050519e-01	   3.3689979023936323e-01	   4.5122009603464591e-01	   4.8890589483444691e-01	   4.0652195792184875e-01	   3.1999368834473635e-01	   5.1514316585835251e-01	   6.3684015050623921e-01	   5.6795156162015026e-01	   6.5587095337572765e-01	   6.8502283519135743e-01	   6.6669417168334044e-01	   3.9429818606090694e-01	   4.2838567567296792e-01	   4.5177863947196750e-01	   4.1796731314378821e-01	   5.7489726630598492e-01	   5.5177204404246538e-01	   8.7419347031546146e-01	   6.3806780104512684e-01	   3.9712589662363540e-01	   4.4519320268942586e-01	   4.5906726515086083e-01	   5.6448757574433905e-01	   6.9826658533915786e-01	   5.5889038339555297e-01	   8.0423885772083181e-01	   8.3854167806695612e-01	   7.0426327102703556e-01	   6.9574094423920874e-01	   7.7018061802117110e-01	   8.4637796763484507e-01	   8.6026929891079829e-01	   7.5623933818229738e-01	   9.3698284814289046e-01	   7.4870560419477794e-01	   6.9064805735658341e-01	   6.8598093689134743e-01	   8.2758028462254762e-01	   9.1194751974742172e-01	   4.8933641712531373e-01	   5.8820466431721186e-01	   5.6364730465851265e-01	   3.5419684215613706e-01	   5.7879388558229250e-01	   4.1211350509073819e-01	   4.3785451360376410e-01	   3.2780219711700470e-01	   6.9478257270905985e-01	   5.3464489083550226e-01	   7.0581573555933763e-01	   4.9148139058067031e-01	   4.0663042976937541e-01	   4.9554743169016513e-01	   1.8575141501790293e-01	   4.3743638802221575e-02	   1.5330847259114222e-01	   1.3138470900733948e-01	   2.1422663975876369e-01	   2.5409035212350095e-01	   8.3148589799964659e-02	   8.3106517654286755e-02	   4.2837278782538224e-01	   2.8432165895867667e-01	   6.0745298539421655e-01	   7.1800591252914137e-01	   5.6975610849287761e-01	   4.6680712901445987e-01	   5.6145307975272041e-01	   8.1417140750620631e-01	   3.8676920185129127e-01	   4.5641793126464686e-01	   8.7546349325243544e-01	   8.1642542070759960e-01	   7.4408674831064858e-01	   5.9083361126713840e-01	   2.7470836720077230e-01	   3.3532290295043993e-01	  -5.4752258699062611e-02	   1.2954487991548588e-01	   7.0580472345865253e-01	   8.2522235273721378e-01	   8.2216373185077463e-01	   7.6905356496064270e-01	   4.1312816099254757e-01	   3.8501175664880721e-01	   5.0328595192647352e-01	   4.4280871146375639e-01	   1.9130425544276428e-01	   2.3490733119338414e-01	   4.4568981586576428e-01	   1.9131135054560647e-01	  -1.8838361344039484e-01	   3.4778172446712069e-01	   8.4660105072093805e-01	   6.3526317368142493e-01	   3.3413019844410202e-01	   5.1560460435080513e-01	   4.3346671352637983e-01	   1.7081542781769038e-01	
   4.4687761094598000e-01	   4.5118648305661119e-01	   3.6026735858921888e-01	   8.2548291360407611e-01	   6.6838952269793694e-01	   8.8424201020083459e-01	   6.7169436803603133e-01	   0.0000000000000000e+00	   7.8528721598079665e-01	   1.0127100194120895e+00	   6.8938252962765478e-01	   1.0508328885854177e+00	   7.6926983274434879e-01	   9.2475106619658110e-01	   5.9258966731225193e-01	   6.2564605512803761e-01	   5.8520559558483698e-01	   2.3410432745611914e-01	   6.5060956804481584e-01	   8.2687606741612563e-01	   7.3499429954184695e-02	   1.9511877819939802e-01	   9.9130261563117800e-02	   3.0938854711004704e-01	   2.0169348624981742e-01	   2.0920992739433991e-01	   2.8265738547681712e-01	   2.8500798846158715e-01	   6.5048237966597944e-01	   5.8847245089559974e-01	   3.0038595415668773e-01	   4.4391288291890801e-01	   4.8504062098964223e-01	   6.6053826803385818e-01	   4.0763967791015354e-01	   5.4233917326153425e-01	   2.1577771736236123e-01	   3.8593944086755927e-01	   2.8474404962183630e-01	   2.8283907552697207e-01	   3.1221454400722370e-01	   5.0554285619193429e-01	   4.2699482708932246e-01	   4.8649512650214349e-01	   5.1316054709518033e-01	   5.9596732532348329e-01	   2.7185825220153892e-01	   4.4967459809743759e-01	   3.6475849225729184e-01	   4.9989757897228038e-01	   4.5167275552170144e-01	   6.0231650227292144e-01	   4.5618923701989922e-01	   3.4939439935421829e-01	   4.1366969470880888e-01	   4.4508521935900580e-01	   1.4064588012704538e-01	   2.1993642158495810e-01	   2.6341157741517163e-01	   1.8531217571430036e-01	   3.4095064504598060e-01	   6.8165928579803059e-01	   3.5379819467524853e-01	   5.3003313608392755e-01	   1.7205171278801012e-01	   4.4368702003769622e-01	   3.3525751385214086e-01	   4.0126301951079268e-01	   4.0459456905483665e-02	   4.7594990090016782e-02	   5.6450387719709538e-01	   5.7961759881775254e-01	   4.6777263841721206e-01	   5.7525388537394284e-01	   5.5291128865578687e-01	   5.7329561394550932e-01	   4.3720013596022800e-01	   5.2988745695470951e-01	   3.0280306786186001e-01	   1.7644280891977490e-01	   6.7360085808781611e-01	   4.6331871471234803e-01	   5.7240559127236046e-01	   4.7590635992497243e-01	   4.5044773046835662e-01	   7.8083029769859424e-01	   4.5412347801573516e-01	   3.7547805819953051e-01	   4.8415213651415523e-01	   6.0867750987196734e-01	   9.2276704276938804e-01	   7.1371134367934053e-01	   6.6923580384191561e-01	   4.3915352413375286e-01	   1.5425482132510446e-01	  -5.9727375132504722e-02	   4.4056074129216705e-01	   5.3332385176030139e-01	   5.2040164857495941e-01	   8.1318451315154672e-01	   4.2811234923142782e-01	   3.3827527724989881e-01	   8.7122042043435055e-01	   4.5491080545332563e-01	   5.2820518453248477e-01	   4.3737147961311995e-01	   3.2836092364929531e-01	   2.3613279478192867e-01	   7.1126780847845350e-02	   4.0413074975069790e-01	   7.8338427816743139e-01	   4.6501030804508992e-01	   5.6485023927255718e-01	   7.0236151230886734e-01	   5.4997154940499171e-01	   2.8171992318603090e-01	
   2.8305441938861614e-01	   2.4191375187308745e-01	   6.4403520083413102e-01	   7.3643458511003690e-01	   1.3834460881306090e+00	   1.1127710264568713e+00	   9.7567616121418166e-01	   7.8528721598079665e-01	   0.0000000000000000e+00	   1.1059942316395937e+00	   5.2101935623831475e-01	   5.8783316545704933e-01	   7.1758942739372744e-01	   5.5756419392018797e-01	   8.9442233971457707e-01	   7.3180793124790111e-01	   5.6646434017446801e-01	   5.2061998515702790e-01	   3.5037567012779680e-01	   4.8805366615198670e-01	   1.5972285963139110e-01	   2.0321675616146423e-01	   2.0958649821328174e-01	   3.9112578400048570e-01	   3.0020306668199337e-01	   3.2347087116759698e-01	   4.8544059746893164e-01	   4.2244495032356649e-01	   6.7580356263038455e-01	   7.9417409332180455e-01	   3.4112812827270561e-01	   3.8053246909203609e-01	   6.5111973652885136e-01	   6.6455703070949668e-01	   6.1365647227171283e-01	   5.1161772607332989e-01	   3.1831906198473936e-01	   4.8336329080763374e-01	   3.9554193931368004e-01	   5.1180017776034559e-01	   3.8677014813619520e-01	   5.4848863942597736e-01	   7.0231429574345194e-01	   6.9708691881012863e-01	   7.2314158928096317e-01	   7.8711381651780055e-01	   6.4865283343593760e-01	   7.8356062182696051e-01	   7.3638057817077496e-01	   6.9418082243688495e-01	   7.3909576278240829e-01	   6.5962656269619868e-01	   7.5492090259995537e-01	   7.3353474257265661e-01	   7.0525181805453574e-01	   7.6250923314856867e-01	   2.4751839299092976e-01	   4.2223858599853731e-01	   4.6650644495520843e-01	   2.3843362943783503e-01	   5.2866242767357974e-01	   3.8930594434369425e-01	   6.4254620767713810e-01	   6.4798130678992139e-01	   4.7975534747949794e-01	   2.3730023723661783e-01	   6.6532497464961315e-01	   7.0491632857645325e-01	   1.6427326906958703e-01	   3.9896524970169039e-01	   1.1322552582311955e-01	   5.6911471186393905e-02	   9.1302975406681267e-02	   3.0423747401348566e-01	   2.0610012315971904e-01	   3.9525964490419135e-01	   2.0024771969415317e-01	   3.4200031959034966e-01	   5.0626468669670999e-01	   3.1538587675568475e-01	   6.9024422413701125e-01	   6.8053428712369335e-01	   6.3449824096454976e-01	   4.8554620355757772e-01	   4.2219580719300898e-01	   7.6965471591875023e-01	   3.5784027963282528e-01	   2.7813715314952492e-01	   7.2357301645102279e-01	   7.6252904602888050e-01	   7.2628031248278413e-01	   6.6640272323926608e-01	   2.3481807760738704e-01	   1.4183872666157918e-01	  -1.1625272263655431e-01	   7.5346134059929154e-02	   5.6737569181854397e-01	   5.7459440873457046e-01	   6.8528973919030345e-01	   6.7894784530889507e-01	   4.2291419315299689e-01	   1.5246176267286984e-01	   4.7784151309282152e-01	   2.6825414113282287e-01	   1.8810079565694593e-01	   2.6448985601092967e-01	   4.6374959405072858e-01	   2.7884599997659387e-01	  -1.8438008204832157e-01	   2.9611510477888342e-01	   7.0546622123362002e-01	   3.9922861732095044e-01	   2.7711065615398567e-01	   4.1185068532641134e-01	   3.4257614372444195e-01	   1.5578769803391568e-01	
   3.5375476672413247e-01	   3.6689369322119575e-01	   4.8223553598518715e-01	   8.3198592513490843e-01	   1.0273399805658734e+00	   1.1380700424133015e+00	   7.0137564770091221e-01	   1.0127100194120895e+00	   1.1059942316395937e+00	   0.0000000000000000e+00	   6.0119050235337901e-01	   9.3338862888754015e-01	   8.6833172370408351e-01	   6.9203734691186358e-01	   8.8173851386745516e-01	   1.0008804917120666e+00	   7.5960850205036679e-01	   5.0595776701374828e-01	   6.7014686849291727e-01	   8.4362192967961347e-01	   1.5841385807780325e-01	   2.9405892290787461e-01	   1.0395677131749956e-01	   3.1490128617557828e-01	   1.9356373656502424e-01	   2.4589617415679527e-01	   3.9762809251421305e-01	   3.8584446680385692e-01	   9.2825936919620866e-01	   1.0569519512260821e+00	   4.6124169310045010e-01	   6.2783002052940495e-01	   8.5945690883552794e-01	   9.8210339483326092e-01	   5.0139572206090355e-01	   4.6390601887201510e-01	   3.1955794561463180e-01	   3.6935086479862933e-01	   3.7176396913967241e-01	   5.0519085742597558e-01	   3.5689048428644576e-01	   5.3639525546776068e-01	   5.7284971922167771e-01	   5.6433468882890170e-01	   6.5404495513733363e-01	   6.1365332111333259e-01	   5.0021427559123111e-01	   6.1780346190766544e-01	   5.5195583088819167e-01	   5.7703349399170334e-01	   5.6739601892001723e-01	   5.3295023377456063e-01	   7.6457937749921989e-01	   5.9265696104974486e-01	   6.7010962535546759e-01	   6.0848664617800596e-01	   3.3365485806182504e-01	   5.1356986605287669e-01	   3.8708103256538018e-01	   1.2065904302444452e-01	   3.5883271186690807e-01	   4.8864980875145447e-01	   6.5222186670886262e-01	   6.9181127226844941e-01	   2.1008275180870381e-01	   1.7897293314792981e-01	   4.7887709298626469e-01	   5.2759531412070348e-01	   2.4314712685115919e-01	   3.6087647835814052e-01	   3.3022995576841851e-01	   3.7404781915785484e-01	   3.0130096241764176e-01	   4.9576278439774918e-01	   4.9448760945420012e-01	   5.1167878539760481e-01	   4.3716686788483650e-01	   5.5047752520065885e-01	   5.3731911799054255e-01	   4.5395062385842100e-01	   7.8889953203448893e-01	   5.8405986452709890e-01	   6.5493315492299842e-01	   4.9754286916063584e-01	   3.7017731988165242e-01	   5.1182322883585729e-01	   4.4208210138720017e-01	   2.7375857645289531e-01	   7.0322204054783521e-01	   5.7718897540033864e-01	   9.3070029565697510e-01	   7.0896768584150760e-01	   3.3393372708876617e-01	   2.9011524723387450e-01	   1.2739931562213935e-01	   1.1886789039379472e-01	   6.0144988450681081e-01	   5.5655868984243506e-01	   6.9594924408558811e-01	   8.0010507588572632e-01	   4.9632298677128772e-01	   1.0658635913701900e-01	   5.8563751987778723e-01	   3.2068610047010543e-01	   2.7881477499420776e-01	   2.3514881755103864e-01	   4.6730819909062216e-01	   1.7372034235844713e-01	  -7.9288947068317586e-02	   3.7597840291451928e-01	   6.5886831682662783e-01	   4.6735477517509683e-01	   3.8947294373981883e-01	   4.9741990387760243e-01	   4.2730093076613429e-01	   2.7144431666033986e-01	
   1.0368684298684772e+00	   6.0396294104256487e-01	   3.3831117062158295e-01	   3.1817292614954418e-01	   4.6887599050748985e-01	   4.6795413033618982e-01	   7.3561290219752717e-01	   6.8938252962765478e-01	   5.2101935623831475e-01	   6.0119050235337901e-01	   0.0000000000000000e+00	   7.1376529435193725e-01	   1.3205893435031391e+00	   9.5411975233695590e-01	   9.0917695602320414e-01	   6.5410591990064271e-01	   6.8405558643832887e-01	   1.4046366802241500e-01	   1.0510723395925075e+00	   7.2090560495955236e-01	   2.4924926364751651e-01	   2.5514789129243137e-01	   2.9916382414770432e-01	   3.4689942266161072e-01	   2.6407730975697286e-01	   3.1050466288260170e-01	   3.7124654135512825e-01	   3.8982883387765477e-01	   4.5545384186951388e-01	   3.2566935162700639e-01	   2.0226084423789695e-01	   2.5056433454908456e-01	   3.0021022511480711e-01	   2.9900231745697992e-01	   2.8034485434075657e-01	   1.8950719061934104e-01	   2.8601452828498908e-01	   3.5343016127449528e-01	   1.8960558434552205e-01	   2.9177285842081579e-01	   5.4511362447392475e-01	   3.8190699487723667e-01	   5.8358415447690404e-01	   6.3236000933064085e-01	   3.7160133446814991e-01	   3.2363759234716266e-01	   4.1598656551331198e-01	   6.3738233809073697e-01	   4.3846912684299122e-01	   4.2237214600661710e-01	   5.2992690272470167e-01	   4.3991806676564577e-01	   4.4580306888826793e-01	   3.3832723829059874e-01	   4.6632329943813622e-01	   4.4453551810630942e-01	   4.2757066403663069e-01	   3.6278066789734936e-01	   4.7375427008683901e-01	   1.7603629188339615e-01	   4.6825637798847053e-01	   2.2559012839027462e-01	   3.8734739712109412e-01	   1.2457438136497133e-01	   2.9017237331893669e-01	   3.3334300442205417e-01	   2.1432154180201118e-01	   5.0387096516825020e-02	   2.8852393668104398e-01	   1.1314188822893878e-01	   4.7871736415934285e-01	   4.0210931953827633e-01	   3.3717032609553599e-01	   3.0994558675032080e-01	   4.7071580570284766e-01	   4.1466051300949608e-01	   2.8982017533578974e-01	   2.4480339533228290e-01	   2.7896883138682055e-01	   1.0433996753444109e-01	   5.9502845081220390e-01	   3.8870523274433327e-01	   5.3802906237525350e-01	   4.9003448802498772e-01	   5.1246098291868503e-01	   5.2577145167404904e-01	   3.0227605604562108e-01	   2.0100124367133745e-01	   5.6192621090500272e-01	   5.5645770652461157e-01	   6.6582451364504169e-01	   6.3481757589064536e-01	   5.1842023218874889e-01	   4.6243608755203697e-01	   1.7698669732364927e-01	   8.5523774695187918e-02	   5.1266742166140944e-01	   5.4673907667431876e-01	   6.1300035748448367e-01	   6.8869937454769292e-01	   5.3584649392026829e-01	   4.2669140888807877e-01	   8.7764538710083184e-01	   6.8201750844799980e-01	   3.0500523794156364e-01	   4.2196985468455933e-01	   3.9779651384572640e-01	   1.8022050532922920e-01	   6.7583501639419188e-02	   4.6037324905641808e-01	   6.2689113037837330e-01	   5.5824630089516192e-01	   6.1217770785029180e-01	   6.1291703151521293e-01	   5.1609519011086347e-01	   2.2608631699381049e-01	
   3.6129789772385157e-01	   4.3408387886248850e-01	   1.9481073961885781e-01	   5.8603871565099763e-01	   5.5105445351103455e-01	   6.9503337626375583e-01	   3.6564443688798220e-01	   1.0508328885854177e+00	   5.8783316545704933e-01	   9.3338862888754015e-01	   7.1376529435193725e-01	   0.0000000000000000e+00	   8.5077842753628186e-01	   1.0635358343456707e+00	   5.6538998388130990e-01	   7.0574209837237534e-01	   7.2522237739680806e-01	   4.3067157175690512e-01	   6.8183254828434359e-01	   8.3852327431071039e-01	  -5.8892783139059910e-03	   1.4852903695416253e-01	  -2.4889693600530449e-02	   1.7277059193618344e-01	   3.6925535504858095e-02	  -1.9230184980007649e-02	   1.8044369421087131e-01	   2.0083097907067987e-01	   7.8178205784145161e-01	   6.9287374980005212e-01	   2.2269681260557378e-01	   3.2634626382012744e-01	   3.9946881255314276e-01	   4.8860198771081054e-01	   2.4145751515567673e-01	   3.3164457453699903e-01	   8.1419028634805324e-02	   2.1738721135294428e-01	   1.6372313169463470e-01	   1.2713318654774827e-01	   2.4224822014179062e-01	   4.3243926471970850e-01	   3.1069758848699169e-01	   3.7167058681975818e-01	   3.9995118887905773e-01	   4.1192864164418186e-01	   1.3949060860731166e-01	   3.5280085694829166e-01	   2.9707105919693921e-01	   3.7698629968059877e-01	   3.0477805274000241e-01	   3.8907125300371842e-01	   4.5040351542120877e-01	   3.8104912932391971e-01	   3.1537374379900240e-01	   3.3410492750701454e-01	   9.5105649058040642e-02	   2.7770408295545046e-01	   3.3151122567814251e-01	   7.4998262833189624e-02	   2.8871189533262465e-01	   4.9600276561830009e-01	   5.7825748016841017e-01	   6.6223541830794841e-01	   1.5166962623332524e-03	   1.1878317551647917e-01	   2.2184382256178886e-01	   2.8464707774248527e-01	   3.8951206914482756e-02	  -1.3562359798759183e-02	   4.4185560117309497e-01	   4.3520701629922348e-01	   3.6252437862643860e-01	   5.5952266476010371e-01	   5.4218067907177625e-01	   5.1639597755659628e-01	   5.5677921909659878e-01	   6.5882575065808424e-01	   3.1942629206676271e-01	   2.2133378525757413e-01	   7.0802787319916094e-01	   4.0615366672020031e-01	   5.2779280409797202e-01	   4.9623233734273375e-01	   3.1446259632869095e-01	   5.0110834985473152e-01	   4.1227772001807594e-01	   1.9944690853532215e-01	   4.2034463326534754e-01	   5.0256834918953064e-01	   8.4869967267537683e-01	   8.3525387977636489e-01	   6.5959718985436455e-01	   4.1036491561539101e-01	   1.7153100868747456e-01	   8.7364395336892980e-03	   3.2476789989280197e-01	   3.4233809923397440e-01	   4.4725316881298349e-01	   7.2202734497975107e-01	   2.9433349491412958e-01	   9.8247608325677263e-02	   5.6995041850547790e-01	   1.9240348683207051e-01	   3.5108137789983046e-01	   3.0938136605439742e-01	   2.9186919955247492e-01	   1.2437086438404309e-01	   4.4153414821042000e-02	   3.6214855182930034e-01	   4.3464985364181008e-01	   3.4559580514924743e-01	   5.1879560917191392e-01	   4.5541757595057453e-01	   4.8101555452302408e-01	   2.6997231912054986e-01	
   7.8026793943151751e-01	   5.1167308069619555e-01	   2.9582900704494058e-01	   3.8246622829637456e-01	   6.1188090934602513e-01	   7.1395631087835187e-01	   7.1649785269727762e-01	   7.6926983274434879e-01	   7.1758942739372744e-01	   8.6833172370408351e-01	   1.3205893435031391e+00	   8.5077842753628186e-01	   0.0000000000000000e+00	   1.0165996653639318e+00	   9.9274095757333392e-01	   7.2813737196154538e-01	   9.7385098958718741e-01	   3.9391365035832676e-01	   8.3770364729435232e-01	   7.1118671784111476e-01	   1.4828022813034353e-01	   2.6862994674741769e-01	   1.4555403917506629e-01	   2.6778848914552611e-01	   2.2622266220710810e-01	   2.8733979640883028e-01	   3.5082576002375354e-01	   4.1411018258161580e-01	   7.1681694298328247e-01	   6.5996639021207759e-01	   2.0657137083429750e-01	   2.8648327233704585e-01	   5.2374093461393301e-01	   5.0241853727438701e-01	   3.1688242262499661e-01	   2.6503114622450852e-01	   3.2410964591493885e-01	   4.4474963822917124e-01	   2.9925245096436626e-01	   5.1393113112033983e-01	   5.3764261683568160e-01	   4.6080681841259119e-01	   8.1187011906853390e-01	   8.8537531437994199e-01	   5.8817980449262730e-01	   5.0810365661630108e-01	   6.5679780139029187e-01	   8.7441387634292134e-01	   6.0280634960858315e-01	   5.4969489979567365e-01	   6.2377073265813709e-01	   6.2411495608580259e-01	   6.3001679158977719e-01	   5.4908037323001935e-01	   6.9137097546703008e-01	   6.8418380057556905e-01	   3.9076668884150567e-01	   4.6744570390138451e-01	   5.9140336495840518e-01	   2.2396738956979770e-01	   4.7542875747067581e-01	   1.8365209903905852e-01	   5.6668492791710978e-01	   2.9931468757411883e-01	   1.0362505246004604e-01	   1.4920385320357069e-01	   3.6640705324314804e-01	   2.9727995694290055e-01	   2.9172425353935483e-01	   3.0805569657333637e-01	   4.3290108630207930e-01	   3.3515051797917383e-01	   2.6772982403550621e-01	   2.7854981556310665e-01	   4.6229900480117281e-01	   4.1184050964318630e-01	   3.4358376123481510e-01	   3.8403714974494119e-01	   4.7357712714507477e-01	   2.7667324117028436e-01	   7.9486033587157556e-01	   4.6199708437049314e-01	   6.2934255505215997e-01	   5.2986650340339159e-01	   4.3260384649241435e-01	   5.8579634228619304e-01	   3.3454830136539004e-01	   1.7807195054021396e-01	   5.8618983736809593e-01	   5.9375673219170033e-01	   8.0372342569359201e-01	   6.6935850839041600e-01	   4.2190092759257514e-01	   3.5603919514912363e-01	   2.6471665419257186e-02	   2.0349011126142674e-01	   6.7530178157041487e-01	   7.3284446600355857e-01	   8.3836420190637972e-01	   8.3397705689683721e-01	   7.3536314594122365e-01	   2.8455566777853269e-01	   8.8524441763702399e-01	   5.1612255133233154e-01	   3.3554016771767781e-01	   2.8087062537157731e-01	   5.4188449906938674e-01	   1.7624662245282977e-01	  -9.1768458694909294e-02	   3.5945326722518750e-01	   6.9633344073518932e-01	   5.9339718831278976e-01	   5.5057882782181067e-01	   6.2522024873070148e-01	   4.6048808295292332e-01	   2.4745930934836693e-01	
