   0.0000000000000000e+00	   1.1260142536930924e+00	   1.7578983729260478e-01	   3.8659386446150884e-01	   2.6808878322045571e-01	   2.3696402277089401e-01	   1.8979079253368425e-01	   2.4417003385630293e-01	   2.8369803331479465e-01	   2.3256859160535664e-01	   5.8450111669261173e-01	   9.5523744779425968e-01	   2.8212899530443714e-01	   5.7527527414597068e-01	   2.3519935016891302e-01	   3.6687447367702780e-01	   8.1769951357204751e-01	   7.2956213997566510e-01	   5.2813744961214348e-01	   8.4364753091372047e-01	   2.1783017614069078e-01	   1.8499236946726927e-01	   3.8996462102616147e-02	   1.7623066368083923e-01	   2.4024102526071756e-01	   1.8294034113706475e-01	   1.1769138350790097e-01	   4.6421206235397340e-02	   3.6568241879626762e-01	   3.8050671717369344e-01	   9.4085493309126036e-02	   4.7514463277190853e-02	   5.2945372041437189e-01	   5.1170679579118628e-01	   1.3392043534890466e-01	   5.1039181523640932e-02	   7.1699044366610787e-02	   1.8444789974981762e-01	   3.2843641152785119e-01	   3.8492387191006744e-01	   5.7061223069242761e-01	   4.1739326437121355e-01	   7.0029206578525727e-01	   9.6971254364821935e-01	   8.1877942115471714e-01	   8.7424490793425624e-01	   9.1795878349110960e-01	   9.8319510364847484e-01	   7.9921364529550099e-01	   7.6928028786631963e-01	   6.4292610955884599e-01	   6.1056375777761351e-01	   3.0631897373084405e-01	   3.9267503344174198e-01	   5.2378156233982309e-01	   6.0503778983897816e-01	   1.1972470451541612e+00	   9.6167136562298960e-01	   4.7927135972270796e-01	   5.1833155837598532e-01	   4.6755337975280375e-01	   3.1046803943292289e-01	   6.0712041886272439e-01	   7.1273090143081141e-01	   1.0719681009866361e-01	   2.3929061294289136e-01	   4.4587320609815417e-01	   4.2922492692076986e-01	   7.7674185902043869e-01	   4.4982871759775755e-01	   1.0161238391220883e-02	   3.3197280934697863e-02	   1.9331001431639797e-01	   2.5911244184443072e-01	   8.1367457285834874e-02	   1.7643639495112909e-01	  -1.0748494253264541e-01	  -9.1353685676294968e-03	   3.8161221979038740e-01	   4.6139131512455756e-01	   3.2646328879801906e-01	   6.4183722012661837e-01	   2.2288925915482097e-01	   2.1160542775648258e-01	   4.8302855144813794e-01	   6.3026093661296601e-01	   2.4224164214216332e-01	   1.7041946094054541e-01	   2.2634596407657565e-01	   3.8354287221159994e-01	   7.3846936296436086e-02	   5.1777147825828838e-02	   3.5834081651258920e-01	  -1.1969670614003391e-01	   3.6897044398839354e-02	   9.2884853722077401e-02	   4.5152475446026041e-01	   5.2717083228514228e-01	   4.4131858935802748e-01	   2.8951260188623401e-01	   1.5077180428275527e-01	   1.2861815427295523e-01	   1.9888100195323077e-01	   7.7658907857726653e-02	  -8.9177869552279493e-03	   3.9165925039185825e-02	   3.4727075402207280e-01	   2.1880241596715619e-01	   2.3971380215986678e-03	  -2.3285579578853625e-02	   1.3028445868364880e-01	   2.7511136878089903e-01	   6.7520101466837151e-02	   9.5640670422291824e-02	  -2.7753514668121836e-02	  -2.4634968923990899e-01	
   1.1260142536930924e+00	   0.0000000000000000e+00	   2.3103263555114398e-01	   5.3605086960898685e-01	   2.0521496187280647e-01	   1.6718567801481521e-01	   2.3818092707737867e-01	   3.1839486767303793e-01	   2.7597248315720885e-01	   2.8793787974308882e-01	   3.7304466314827156e-01	   7.7305683640020462e-01	   3.6137061354070932e-01	   5.0963174222279306e-01	   1.8929121992467929e-01	   3.8193685973356012e-01	   9.8131549307553412e-01	   1.0673853260513932e+00	   4.5060848510196838e-01	   1.0392816387806261e+00	   1.6210725191072722e-01	   2.2623309275656817e-01	  -1.2282595049711928e-01	   9.3676329201187139e-02	   1.7181983295155259e-01	   1.5860617779277314e-01	  -8.6448297661150062e-03	  -5.5578538295604635e-02	   3.7370731706467941e-01	   4.0411225259976752e-01	   8.4738047339394981e-02	   7.1248640050989284e-02	   5.1042458414483716e-01	   6.9577400339339079e-01	   2.7886150428138845e-01	   2.6801069182942511e-01	   1.0419050411157810e-01	   2.7082493255807039e-01	   3.1742142988246053e-01	   3.6198430740631649e-01	   5.1385064584435425e-01	   4.5316095259050621e-01	   6.2931451265270189e-01	   7.8706231543786775e-01	   6.2977817472246833e-01	   7.4644391532033183e-01	   8.1672799924872741e-01	   7.9798106485230791e-01	   5.0062484905327809e-01	   7.7837555701138128e-01	   5.9948001230313763e-01	   5.3854414032216336e-01	   5.7321685210061313e-01	   5.5533635385891700e-01	   5.2224866183477925e-01	   5.4256516849148828e-01	   1.3023013778379244e+00	   1.4424810077577805e+00	   2.5115129156542376e-01	   6.0200470827988373e-01	   2.7783898842580013e-01	   3.8459742032940991e-01	   5.1315258668243824e-01	   7.1294617279401651e-01	  -1.3218942420349595e-02	   2.8984683536045708e-01	   3.9442843452063270e-01	   4.4346740519318800e-01	   8.0817193508897811e-01	   4.1327254428079740e-01	   1.9201960993963091e-01	   2.2379137770002261e-01	   3.8784851064908071e-01	   5.0728973120101806e-01	   2.1813177633979686e-01	   4.0889245707372512e-01	   1.0476760419089544e-01	   1.9966734435752495e-01	   6.3686409334208294e-01	   7.3106856988153979e-01	   5.2326687565098307e-01	   8.2226402509583441e-01	   1.1656635922250490e-01	   2.4254731256035908e-01	   5.2387543508437462e-01	   6.0904830004520716e-01	   8.3571838606761220e-02	   8.3276544195715702e-02	   2.4120994708512589e-01	   4.5152070609795475e-01	   1.2598945861171848e-01	   1.3432619985769248e-01	   2.8710145125849473e-01	  -1.5301129109103440e-01	   1.2322367597832518e-01	   2.8885256501174345e-01	   5.8799372554998230e-01	   4.8957557763770432e-01	   5.6608696864384389e-01	   3.3284919748367320e-01	   3.7426110098872262e-01	   1.1649506130929653e-01	   3.8357829166295548e-01	   2.4647335116917662e-01	  -3.0263850994578508e-02	   6.7198483929946873e-02	   3.2249004330503778e-01	   1.8768442772961941e-01	   1.2181001954424708e-01	   1.5990995862128746e-01	   1.5800680410217297e-01	   3.0590947123900269e-01	   8.8201227726686926e-02	   1.8133429427954306e-01	   3.1329026354733877e-02	  -2.6296817448167298e-01	
   1.7578983729260478e-01	   2.3103263555114398e-01	   0.0000000000000000e+00	   1.0360204287796260e+00	   9.5497599459093230e-01	   5.3979432757389834e-01	   1.3006686993612684e+00	   9.5641154231388881e-01	   9.2259665048110340e-01	   5.5636968177793000e-01	   4.5962138290598681e-01	   4.2085872924016199e-01	   7.8132893990698238e-01	   7.1796008558739577e-01	   5.6594607619736281e-01	   4.7144066892247527e-01	   2.0533929818610336e-01	   1.8134980440356271e-01	   3.1843351051220159e-01	   1.7966017961804423e-01	   5.0033494320235938e-01	   5.5960203904832584e-01	   7.6588407155401428e-01	   9.0623999444832370e-01	   1.0822995487287859e+00	   8.2991745034362674e-01	   5.9045314273149707e-01	   4.5210985306179913e-01	   7.8180020953597620e-02	   1.8654648777577756e-01	   6.5897620377635313e-01	   5.0022300619700455e-01	   2.7725443841424102e-01	   3.8435741421744873e-01	   8.6078908691025946e-01	   4.5108825446592521e-01	   5.0338474190123828e-01	   6.8415162881281222e-01	   6.5986109374433888e-01	   7.7489767864344250e-01	   3.0948646111829359e-01	   2.8626963829282243e-01	   6.1663592472802131e-01	   5.6954153920171136e-01	   4.3082515077265759e-01	   4.1901921858965163e-01	   5.3941496119727306e-01	   4.8542375486255351e-01	   4.8038679919453287e-01	   6.1730519879034196e-01	   8.4648295494847670e-01	   8.4163648766670951e-01	   6.5878605021522807e-01	   5.8860385250808467e-01	   6.8425530860643191e-01	   5.9274309493904287e-01	   4.5286892769490834e-02	   1.9973660613700839e-01	   4.0044534863116743e-01	   7.0665155069519492e-01	   5.3484887229323763e-01	   5.7465287940724752e-01	   1.0137507477738200e-02	   2.0806413581830893e-01	   9.6021767830664828e-01	   8.6161345118838906e-01	   7.7069806115934647e-01	   7.4948141672273705e-01	   1.1886227397734402e-01	   7.9618030705242579e-02	   5.8641955356320719e-01	   6.1696563907105817e-01	   3.1713733931895050e-01	   3.5311722213139396e-01	   4.0759296102304654e-01	   4.8860323339430362e-01	   3.6831266549780678e-01	   4.7256377761468948e-01	   1.6141385345827874e-01	   4.6189078251550664e-01	   7.5913223166877111e-02	   3.5280495897241482e-01	   1.5267354487250490e-01	   1.2791548132588487e-01	   4.6719883722328781e-01	   6.4149479946365262e-01	   4.0469108107765983e-01	   3.5001656869323722e-01	   7.6779303733311444e-01	   7.8997398892531168e-01	   7.5277435116564628e-01	   7.7357375267159112e-01	   6.6324452235027220e-01	   3.9545296744828162e-01	   5.3874595536381054e-01	   6.8204041790737968e-01	   7.8537121291249457e-01	   5.8046680624199243e-01	   7.4998879802113205e-01	   6.9324156794512204e-01	   4.1641014633088225e-01	   4.0627165126009684e-01	   4.5257965059610572e-01	   5.0605004196364356e-01	   4.1928292131213435e-01	   2.5462511141406230e-01	   6.8786506085528982e-03	   3.0990305768421689e-01	   1.7783841656725585e-01	   6.3436989914129316e-01	   3.8245718982571486e-01	   7.0387948770614328e-01	   6.4288113877452913e-01	   7.2777242144583632e-01	   5.8400391589442868e-01	   1.1925788520572103e-01	
   3.8659386446150884e-01	   5.3605086960898685e-01	   1.0360204287796260e+00	   0.0000000000000000e+00	   8.1925937080335220e-01	   4.7817788120481308e-01	   8.7305769517105558e-01	   1.5202928278207186e+00	   6.9833306369892378e-01	   7.9865765833223423e-01	   2.2855500078877602e-01	   5.9238165928988651e-01	   4.8483322858632349e-01	   5.2523563498765835e-01	   2.5136437345238727e-01	   3.7446048006350025e-01	   4.1823192403393838e-01	   3.7347558470593967e-01	   3.2990776096322116e-01	   4.7229351197934455e-01	   5.5226882212584494e-01	   5.9234927988415265e-01	   3.5320592189012512e-01	   8.4379613047514912e-01	   9.3859589069253269e-01	   9.9263052793483952e-01	   3.7164039898456114e-01	   2.9393440428021095e-01	   7.5780259575218181e-02	   1.5680301362134400e-01	   5.8731107666772164e-01	   5.0110168707553049e-01	   3.8807886203579672e-01	   6.8259214037223814e-01	   1.0302064366157198e+00	   8.7052220291826354e-01	   3.5722517416424432e-01	   6.5677563708649378e-01	   6.4255140478589201e-01	   7.6042641288983193e-01	   3.6329717204568640e-01	   2.4625094130288083e-01	   6.1302720883132011e-01	   6.1779445031413138e-01	   4.9540846489267287e-01	   5.6430552372822973e-01	   6.4159705401021927e-01	   6.4140492103715607e-01	   3.8843318050863596e-01	   6.9076164698968723e-01	   7.8593872056480407e-01	   8.5992189318333023e-01	   6.9443359104082147e-01	   7.2209959806015034e-01	   6.9832529713986413e-01	   6.1952204509316833e-01	   3.2918805710695442e-01	   3.4325609481649755e-01	   1.9844514554907464e-01	   8.6702786879495441e-01	   3.4756992802585862e-01	   8.9842577179004002e-01	   2.4755258142909995e-02	   2.0048704309119758e-01	   5.9595970395882658e-01	   1.3068672668834223e+00	   7.1426906627391551e-01	   9.9779075939274275e-01	   3.5087661562628891e-01	   2.3322670531308290e-01	   7.4958340089215325e-01	   7.7942290364714972e-01	   5.0748888454368124e-01	   5.1538907400870215e-01	   4.6281703959496323e-01	   5.7160535394319800e-01	   4.8289780234590529e-01	   6.1583109324164298e-01	   3.1049153155715514e-01	   5.0820602576851859e-01	   2.1840043860100272e-01	   3.7037158583950908e-01	   8.4187592787771257e-02	   1.0632096237450862e-01	   4.7805790667187975e-01	   7.0822444253885730e-01	   3.3363594738886715e-01	   2.7191808207921214e-01	   5.9878135889795248e-01	   9.1407172917262980e-01	   6.3187996531523050e-01	   6.6620744744653382e-01	   8.3763566184502669e-01	   2.9150737666544596e-01	   5.9323802153570548e-01	   8.4518646578068846e-01	   9.5463579234081308e-01	   6.7096372901872836e-01	   1.0352587728182072e+00	   6.7151273807372391e-01	   4.4866132214396759e-01	   2.2796724308973224e-01	   6.5972429313329406e-01	   5.8083008205681419e-01	   3.9003381710932272e-01	   3.6723202426601020e-01	   7.6589605285354953e-02	   3.7713535156041739e-01	   2.2229047672871055e-01	   6.5876328392967443e-01	   3.1870304310068609e-01	   7.9245212657962860e-01	   7.3992789432231354e-01	   7.0696682659250432e-01	   5.5398821617383764e-01	   1.5627663591316202e-01	
   2.6808878322045571e-01	   2.0521496187280647e-01	   9.5497599459093230e-01	   8.1925937080335220e-01	   0.0000000000000000e+00	   6.3746517487606924e-01	   1.0932573768575153e+00	   8.7916491586015066e-01	   1.0782937489952280e+00	   9.1593531067164247e-01	   3.4750340073092034e-01	   4.4906716538642821e-01	   6.6098506079765729e-01	   5.1314799461862781e-01	   6.0667250029628195e-01	   5.4016561786536099e-01	   3.0017170147497846e-01	   3.0311098105222528e-01	   5.4088374137086404e-01	   3.2865050909334159e-01	   7.4243385496708769e-01	   6.9477119300328627e-01	   7.5533477406069816e-01	   6.8102760962457254e-01	   1.1322683549800590e+00	   8.0279288976176166e-01	   7.1941183091057481e-01	   4.9804781779588903e-01	   3.5873495579373083e-01	   4.7828041978633951e-01	   8.1962829464693199e-01	   5.2180825213673199e-01	   5.4885751081850087e-01	   5.2635052103574365e-01	   5.2729328026070899e-01	   2.7865606911190255e-01	   5.5735064298107417e-01	   7.0430638896707254e-01	   7.9143934786975401e-01	   8.7628517464013078e-01	   3.9726919197917909e-01	   4.1378864156930950e-01	   7.2641216144958032e-01	   7.2997419462503343e-01	   6.0011092950149447e-01	   5.8755723095247370e-01	   6.2387542041183708e-01	   6.1586454566409188e-01	   5.8945600684537436e-01	   7.0316416740014931e-01	   8.2092869360316845e-01	   9.0419940699683199e-01	   6.0182004304703929e-01	   7.0551845392544443e-01	   8.4036727035851522e-01	   7.8004446172978725e-01	   1.9469568262689160e-01	   2.0399416189209363e-01	   7.2824709262127141e-01	   8.2914367105993825e-01	   6.0068208925328481e-01	   7.0984643769001454e-01	   1.7788667335599589e-01	   4.0016798075219984e-01	   6.4491983045094436e-01	   7.4828758941216134e-01	   9.7096410891933094e-01	   9.6866456653107835e-01	   3.8748815960714195e-01	   4.0935775161073407e-01	   4.1989325073311429e-01	   3.2897335809337630e-01	   2.6702741350919001e-01	   2.6412457898311004e-01	   2.7986132413699916e-01	   3.1749969878022133e-01	   2.1259746301427865e-01	   2.7796352667610141e-01	   2.5121195978037669e-01	   4.5353750576562285e-01	   2.8779373537310154e-01	   4.9317062822740187e-01	   4.3818493416569998e-01	   4.3940588337664965e-01	   6.4419942200417868e-01	   7.5001390305242843e-01	   5.3391134643576788e-01	   5.0471799630379988e-01	   8.7201633398761991e-01	   7.8770191305372983e-01	   8.3604911566441031e-01	   9.2938733163162468e-01	   6.1357304153381664e-01	   6.0489876688955846e-01	   5.1360818701941013e-01	   7.2872615642800564e-01	   8.9524512855485905e-01	   8.0366518878663862e-01	   8.1649274872687216e-01	   8.4880162678610771e-01	   4.8800172986688328e-01	   2.9574256839517521e-01	   5.2083784247326814e-01	   4.1486998245585044e-01	   4.9276011621567539e-01	   1.8582706520505421e-01	   7.0914647102576694e-02	   4.6091967383784282e-01	   2.2529414097327935e-01	   6.4395168672533731e-01	   6.1517451935907308e-01	   7.0088851147141640e-01	   6.8947824288260384e-01	   6.5110496762210168e-01	   4.2041135144442532e-01	   1.4619235022451160e-01	
   2.3696402277089401e-01	   1.6718567801481521e-01	   5.3979432757389834e-01	   4.7817788120481308e-01	   6.3746517487606924e-01	   0.0000000000000000e+00	   6.3915685332971917e-01	   5.1909277322713543e-01	   4.3588927129471250e-01	   8.0903006536470823e-01	   4.4304504610703138e-01	   4.6100000157239729e-01	   4.1282701518990567e-01	   4.5301051379298429e-01	   6.3370292441255593e-01	   7.3814085944453500e-01	   3.5624172084827388e-01	   3.6207427251100172e-01	   5.2578216969042757e-01	   3.0201996942780995e-01	   9.0516629703596285e-01	   1.0824762503113265e+00	   6.1153906819216342e-01	   6.3810844286859414e-01	   8.7247321832154578e-01	   1.0148535740697691e+00	   1.2584938863343218e+00	   1.2939306078410389e+00	   4.5205812140609375e-01	   6.2258862982176166e-01	   7.6481494794568861e-01	   5.9833756448821640e-01	   4.4331766568150943e-01	   4.5126437264886193e-01	   5.0803722059816780e-01	   3.5503712302008006e-01	   7.0297904475082673e-01	   6.4781573822140248e-01	   7.7802616641820532e-01	   8.4654674713437028e-01	   5.4577767689840351e-01	   4.5421646465121746e-01	   5.7230267701056237e-01	   5.2954237501477752e-01	   5.6644348896002306e-01	   5.1537237068975394e-01	   4.9788585749623548e-01	   4.3523795351034045e-01	   4.9226718645162526e-01	   5.5680444937056472e-01	   5.7035142888858315e-01	   7.4107282012772202e-01	   5.6976502191720535e-01	   4.2818611088150610e-01	   6.1174273917564659e-01	   7.3177708999879854e-01	   1.9885865515265105e-01	   2.2835671713250807e-01	   6.7328914972807807e-01	   8.9652902095475562e-01	   7.0273305069922221e-01	   9.1298889575598186e-01	   3.9985193044742601e-01	   4.6106122536658256e-01	   7.2006114853127023e-01	   6.9153042101763251e-01	   8.7987675278005462e-01	   8.5045762723373675e-01	   2.7175979591410637e-01	   4.9419859117421672e-01	   2.6885980289430877e-01	   1.9444372938451787e-01	   1.3497724224205890e-01	   2.0662887163459617e-01	   2.9704547125617853e-01	   3.3599848517766578e-01	   1.2700436296651316e-01	   1.7403950834173604e-01	   4.7376099393547755e-01	   5.6022063506719555e-01	   5.1838712441124968e-01	   6.1107926805748802e-01	   6.7708965200455462e-01	   7.2723630008972495e-01	   7.7285714921193149e-01	   7.3196022638848790e-01	   9.4047591824689536e-01	   1.0374894110224997e+00	   8.5455572836750027e-01	   1.0153289282083322e+00	   5.6500101227338628e-01	   4.8156035205782333e-01	   4.3438909853071983e-01	   1.9107326965760790e-01	   1.8340451460641488e-01	   3.1206079660713831e-01	   3.9544085736976736e-01	   3.8155627183961838e-01	   2.5823392800030376e-01	   3.6996765074478205e-01	   2.0161675766199344e-01	   5.1484638746570902e-02	   2.0667506494729165e-01	   2.5427935150458214e-01	   2.3541796542819696e-01	   3.7497045115415428e-01	   2.6523139662873597e-02	   2.8796667200521753e-01	  -4.2648359308320755e-02	   1.7872213776238025e-01	   2.9658294606221797e-01	   3.3270572664372372e-01	   1.9141936868326526e-01	   3.1340302829424416e-01	   2.2570020891665438e-01	   1.8313471385086136e-01	
   1.8979079253368425e-01	   2.3818092707737867e-01	   1.3006686993612684e+00	   8.7305769517105558e-01	   1.0932573768575153e+00	   6.3915685332971917e-01	   0.0000000000000000e+00	   9.8574928735499123e-01	   9.9216275942886634e-01	   7.5404020707349495e-01	   4.7023041331395282e-01	   4.8433159959167049e-01	   8.5307710105798873e-01	   6.4999969296403737e-01	   7.1109769020982982e-01	   6.5879008812423190e-01	   3.0585272460799529e-01	   3.1325888431933469e-01	   5.6477453980133174e-01	   3.0767678457617703e-01	   5.4771220323318781e-01	   6.2014570679372660e-01	   8.3672968324173680e-01	   7.9835929406604123e-01	   1.0279485377132058e+00	   7.5818510175082943e-01	   5.7950437929111942e-01	   4.3935203945938633e-01	   3.0127655441885454e-01	   4.2852051457772217e-01	   8.1081145246957598e-01	   6.4136875129983906e-01	   5.0332856001003934e-01	   6.0317773131266839e-01	   6.4840505411877691e-01	   3.4440888770242006e-01	   4.9707697026002901e-01	   6.2687052942025723e-01	   7.1221194834139134e-01	   8.4442684697021164e-01	   3.5180679724384234e-01	   3.6687078442829590e-01	   7.0235817273044043e-01	   6.6318834523670134e-01	   5.5275412798190804e-01	   5.4035880369498868e-01	   5.4428419197635591e-01	   5.3984597298431436e-01	   4.9192756682779104e-01	   5.7708756514647741e-01	   8.0810937296019103e-01	   7.9013785684907223e-01	   5.9867717235444329e-01	   5.9393810767244859e-01	   6.8002070230988620e-01	   7.1893792885772401e-01	   7.6286227853253702e-02	   2.1688454371133423e-01	   5.1980239806072626e-01	   7.3621202485670745e-01	   6.8727714198172130e-01	   7.2379898034048717e-01	   2.6773823313554784e-01	   3.9428338199745772e-01	   8.6358114525593288e-01	   8.6413237093545758e-01	   1.0840313921729290e+00	   1.0700889872415509e+00	   2.8790337990429432e-01	   3.0903034537308544e-01	   3.8823599688012600e-01	   3.6253792473081187e-01	   3.1524991427834814e-01	   3.3374933595030931e-01	   3.9148910829041289e-01	   4.8967826767633738e-01	   3.4386367583939964e-01	   3.7312765347210741e-01	   2.2839561133830727e-01	   4.5878603167815496e-01	   2.2646832804021422e-01	   4.5940155981240133e-01	   4.3506118485489981e-01	   3.8008010726959807e-01	   6.2110267418541731e-01	   8.2541812279004212e-01	   4.9999324808517476e-01	   4.5280662724730730e-01	   9.1650591114311941e-01	   9.7713547015690339e-01	   8.3036262615019929e-01	   9.2569491452264563e-01	   7.0789723446029806e-01	   5.8169975196526913e-01	   5.6740751042149040e-01	   6.8814006393971794e-01	   9.3699200099888547e-01	   7.2604074701320931e-01	   8.1420469245248928e-01	   8.6266692722661775e-01	   3.7082174328254131e-01	   4.3195760800203253e-01	   4.8532426247829452e-01	   6.4365549394537802e-01	   5.3323438710975046e-01	   3.0649296172750418e-01	   1.2491510704043009e-02	   4.8259267091317992e-01	   1.6420340296872060e-01	   6.7059094557302923e-01	   6.6131772757884566e-01	   8.0425568743941411e-01	   7.3319080613051746e-01	   7.0157633076632187e-01	   6.3976139749878425e-01	   2.4965526419992731e-01	
   2.4417003385630293e-01	   3.1839486767303793e-01	   9.5641154231388881e-01	   1.5202928278207186e+00	   8.7916491586015066e-01	   5.1909277322713543e-01	   9.8574928735499123e-01	   0.0000000000000000e+00	   6.1908254682439401e-01	   8.3715275877026685e-01	   2.0508360943747814e-01	   5.6349202674409982e-01	   6.0648517439200234e-01	   4.8042467210191070e-01	   2.6094234704517955e-01	   3.3502054653164431e-01	   3.0178430702457748e-01	   2.8210191284573849e-01	   2.8144040777290508e-01	   2.4764988864998561e-01	   6.0338357909427254e-01	   5.8984449091075963e-01	   3.8074973533348533e-01	   7.4370269637185504e-01	   8.6024160040548159e-01	   8.9085190818218096e-01	   3.5906731995226648e-01	   3.0674187117470253e-01	   1.0565430143132683e-01	   1.9154800094842730e-01	   6.8990305355079906e-01	   5.9506411882955723e-01	   3.7187852479402150e-01	   6.3779843215618037e-01	   7.1450574030962666e-01	   6.2143360691111926e-01	   3.5813858946675275e-01	   5.9505361058713335e-01	   5.8929554917798532e-01	   6.9725523701430403e-01	   3.5076357906427486e-01	   1.7457771091308272e-01	   5.1877527957236502e-01	   4.9194206536135254e-01	   3.9854192468120420e-01	   4.5055025031156393e-01	   4.9379875361933967e-01	   5.0796125302814155e-01	   2.8047867467507315e-01	   4.7188528922978712e-01	   5.8242764173219053e-01	   6.4697094979857006e-01	   4.9844749887579576e-01	   5.7049481446305439e-01	   5.3803746051944934e-01	   4.9402087517729165e-01	   1.5613870473923538e-01	   1.4441915164604802e-01	   1.8181350057647586e-01	   7.7841048369994481e-01	   4.4886000159498174e-01	   9.9955207287101244e-01	   5.6438453589494002e-02	   2.0321179407669809e-01	   5.3693575070427757e-01	   1.2208511038254972e+00	   6.6558400602287826e-01	   9.2641991742023411e-01	   2.5895521682073863e-01	   1.8692937220165332e-01	   7.5901101960441653e-01	   7.5146651095837225e-01	   5.4212884609296919e-01	   5.0766435682444455e-01	   4.8679539297074526e-01	   6.0157264730338222e-01	   5.8587598729844581e-01	   6.4457394794374623e-01	   2.3324359828399077e-01	   4.1496657148348726e-01	   1.7271320451479871e-01	   3.0844483013586377e-01	   1.1611118847442632e-01	   1.3058584624168790e-01	   3.7906599401933799e-01	   5.9501321624288539e-01	   2.9901581790665888e-01	   2.3103492866249450e-01	   5.5018967068448754e-01	   7.8271575413298655e-01	   5.4702318886845003e-01	   6.2364974806183016e-01	   7.7412847810302399e-01	   4.2988930273693671e-01	   6.2731388059270787e-01	   7.3239182910345635e-01	   8.6139737827956564e-01	   6.1780314064978770e-01	   9.4987071196888095e-01	   6.4280381455961499e-01	   4.5956901929124405e-01	   1.6187437699650159e-01	   7.0893401211568485e-01	   7.2012021383709413e-01	   5.7644814253317778e-01	   3.6516048417502639e-01	   1.0206236932073360e-02	   2.9530929639405346e-01	   2.1486151015246494e-01	   7.2634198411225692e-01	   3.6350811344196954e-01	   9.0566605250758214e-01	   9.2345258763717941e-01	   8.1559264523833930e-01	   7.4718923603493459e-01	   3.2303528548658539e-01	
   2.8369803331479465e-01	   2.7597248315720885e-01	   9.2259665048110340e-01	   6.9833306369892378e-01	   1.0782937489952280e+00	   4.3588927129471250e-01	   9.9216275942886634e-01	   6.1908254682439401e-01	   0.0000000000000000e+00	   7.3501586720897349e-01	   5.2873746856593362e-01	   4.3845708218844526e-01	   8.2637931376656604e-01	   7.0068386016800310e-01	   8.3302841457740784e-01	   6.2542238804758499e-01	   3.0062906670787504e-01	   3.0724716361793253e-01	   5.1461679785036352e-01	   4.1361874646108021e-01	   4.5739279423150436e-01	   4.1746928710447623e-01	   7.6945983239836968e-01	   6.5886961703614844e-01	   7.7912165916044396e-01	   5.1734831222418065e-01	   4.8442757837764894e-01	   2.8889364507496279e-01	   3.2187016673444718e-01	   3.6940338097474951e-01	   4.6718032815221433e-01	   3.1053314072977528e-01	   4.8784872636921017e-01	   4.8742377280602667e-01	   4.7813431554740027e-01	   1.6508813015173579e-01	   3.5483482948258582e-01	   4.3039051441399956e-01	   5.8275546491930974e-01	   6.0570283480366960e-01	   3.0214269234710311e-01	   4.2537269716806991e-01	   6.9417840289757049e-01	   7.3768581825043622e-01	   5.6725324334527094e-01	   5.7413098527557271e-01	   6.2663528166629445e-01	   5.8355293005758813e-01	   5.5216270315855365e-01	   6.8138793064401293e-01	   8.7414609628993256e-01	   8.4655631929551889e-01	   5.9545839730766070e-01	   6.8108253001651442e-01	   8.2492631640772296e-01	   7.4416808044764138e-01	   1.7741406326577974e-01	   3.1930176277226913e-01	   5.9721807283234840e-01	   6.4881776390952717e-01	   5.0194776156687604e-01	   4.8829638858459457e-01	   1.6206973524869908e-01	   4.1742076426375113e-01	   7.6345441231173561e-01	   6.3604968292655639e-01	   8.8217205900919882e-01	   7.9923997621437903e-01	   3.6845785554593868e-01	   3.3648226772383605e-01	   2.5713499349970276e-01	   2.2912999184774679e-01	   1.4893207341629822e-01	   1.9029022726627520e-01	   1.6023280530442330e-01	   1.7594051577836850e-01	   9.5776306181994758e-02	   1.1263693156041284e-01	   1.9021148548964603e-01	   3.2943745367922073e-01	   2.0079502499429996e-01	   4.1886150378347503e-01	   4.1511797118246130e-01	   3.1575780162996980e-01	   6.8627798247286353e-01	   8.5870092030331346e-01	   4.2404714850935715e-01	   4.3533269991733370e-01	   9.4601808649809227e-01	   8.0413835521912935e-01	   7.9737331656060650e-01	   8.3741555608368778e-01	   5.7452500930933748e-01	   4.4459492711857140e-01	   4.2172004998287238e-01	   4.3146636720594506e-01	   8.2748684125078009e-01	   6.0513753896042055e-01	   7.5386828275183371e-01	   8.1704008276225337e-01	   4.6536414965311068e-01	   4.5654310322004260e-01	   3.8349368199032646e-01	   3.4359611248957861e-01	   4.3178377696824866e-01	   1.6968283263864004e-01	   1.9990526827792851e-01	   4.1691323722660623e-01	   1.7292949729601251e-01	   5.2158731748001030e-01	   5.4079153573455252e-01	   5.6757910862938055e-01	   4.8520619082475847e-01	   4.1993861507132063e-01	   2.4880801988348666e-01	   6.0750459210997872e-02	
   2.3256859160535664e-01	   2.8793787974308882e-01	   5.5636968177793000e-01	   7.9865765833223423e-01	   9.1593531067164247e-01	   8.0903006536470823e-01	   7.5404020707349495e-01	   8.3715275877026685e-01	   7.3501586720897349e-01	   0.0000000000000000e+00	   1.8290287592718979e-01	   4.4029227744575083e-01	   5.2560368724399809e-01	   4.0363691809567676e-01	   5.9924948874575978e-01	   8.3858396091355236e-01	   4.2045529098206025e-01	   4.4015665473561838e-01	   6.5965113396982944e-01	   5.2848815902754342e-01	   7.9515814276716734e-01	   7.8459534221648464e-01	   5.1429359228983729e-01	   7.0544165197564324e-01	   7.7101111866128291e-01	   9.0559443948018248e-01	   5.2440563801162998e-01	   4.1982087129333079e-01	   4.7519407237878492e-01	   6.2140125114375055e-01	   7.8629995043137624e-01	   6.6761797800925615e-01	   6.3306149596476990e-01	   7.4689360886626965e-01	   4.8917232384838277e-01	   4.5396384371399401e-01	   5.0983785921089786e-01	   6.0244448140035778e-01	   5.5740521402014032e-01	   6.7484703657999623e-01	   3.6180832080855740e-01	   3.5441708310847692e-01	   5.9137788042146422e-01	   5.4512564011870401e-01	   5.7003919392374036e-01	   5.8441671738395018e-01	   5.6074736407447801e-01	   5.4060626721808580e-01	   3.3794076538822371e-01	   5.6577053564446567e-01	   5.6340786200576920e-01	   6.2788881200267388e-01	   6.2693193166174588e-01	   6.6119804601547727e-01	   6.1032102719609982e-01	   6.7116414857176487e-01	   2.3033015314923239e-01	   2.3208490673071241e-01	   4.4852325256927106e-01	   8.6931423311710943e-01	   4.9842502368802244e-01	   1.0282997040146944e+00	   3.6504812165121336e-01	   4.7834513083276542e-01	   4.6052963252775481e-01	   7.8119118095476314e-01	   7.9123165276924623e-01	   9.4455760944272094e-01	   4.6573716250989400e-01	   6.0986489234197971e-01	   5.1072571868700223e-01	   3.7365957257438875e-01	   3.7515995494940069e-01	   4.0280013885822852e-01	   3.4634322804416851e-01	   4.4662409211098536e-01	   2.6302459042106519e-01	   3.1491543555388452e-01	   4.5031341984551176e-01	   5.0566267145386945e-01	   5.3660446375347937e-01	   5.5911028706146348e-01	   5.4027294400218429e-01	   6.3713777780408554e-01	   7.2029883126891259e-01	   8.0597994558956865e-01	   4.3515196303394615e-01	   5.3236703908414551e-01	   8.3494760819428504e-01	   1.0759333650170571e+00	   8.2384284957835074e-01	   8.8114834501657335e-01	   7.3863864354792552e-01	   5.0388047388551604e-01	   4.7164799056856788e-01	   5.3252453443711412e-01	   7.7481737199148926e-01	   5.4409236716997333e-01	   7.0885666060212971e-01	   7.1677777215091110e-01	   4.5190517019099435e-01	   1.1214697673110523e-01	   4.9903485310553797e-01	   5.4483870201728601e-01	   3.5093456141654084e-01	   4.5271380835013780e-01	   2.9617745534590890e-02	   5.4869048778197671e-01	   8.1252854756843226e-02	   5.3565712429558054e-01	   5.8262161385585720e-01	   6.1180420240328248e-01	   5.8834568749098870e-01	   5.5423959146338886e-01	   3.3481824275743211e-01	   1.5471491380586244e-01	
   5.8450111669261173e-01	   3.7304466314827156e-01	   4.5962138290598681e-01	   2.2855500078877602e-01	   3.4750340073092034e-01	   4.4304504610703138e-01	   4.7023041331395282e-01	   2.0508360943747814e-01	   5.2873746856593362e-01	   1.8290287592718979e-01	   0.0000000000000000e+00	   8.6549426484839209e-01	   8.5027635458312945e-01	   1.1416116510811298e+00	   8.4384811137230242e-01	   6.6055502554413825e-01	   4.0832471798193937e-01	   4.0356819975299629e-01	   7.0550598884999283e-01	   5.0226265882537635e-01	   2.1456532875819842e-01	   2.2741473503364129e-01	   5.5125326476545400e-01	   3.9912633560502941e-01	   3.9855028246391477e-01	   2.2726811566985150e-01	   4.1550261134925282e-01	   2.9428174498857806e-01	   4.2349777412257350e-01	   4.9222197825599223e-01	   2.4629818511393237e-01	   2.0829618656501056e-01	   2.9256878758628424e-01	   2.7758979183930482e-01	   1.1654854230442284e-01	  -1.5153191633103996e-01	   3.0709846874850388e-01	   2.9577898513685946e-01	   4.2278889420355714e-01	   4.6206778671622861e-01	   3.9022013002851758e-01	   5.6434861239116874e-01	   7.6086760181374702e-01	   7.6063231982037705e-01	   6.0978120686255377e-01	   5.7703385316850209e-01	   5.9845908636803724e-01	   5.8620214775596280e-01	   5.9750380908780043e-01	   4.8554331650657917e-01	   5.0257559708367161e-01	   5.1200860657102998e-01	   2.2134290027025930e-01	   1.9644199736714910e-01	   4.8466105137547588e-01	   5.1988552741502114e-01	   2.7580229203980688e-01	   4.3278027951310610e-01	   5.5750719085290878e-01	   4.3534880309596741e-01	   6.8520889989555045e-01	   1.7664912171645064e-01	   4.5298229662807110e-01	   5.2348946149128495e-01	   4.9091433015604402e-01	   1.9440579417976767e-01	   5.5692433110013151e-01	   4.2276079234197539e-01	   3.7870060911455727e-01	   3.7558700833613523e-01	  -1.2657408479998748e-02	   8.3566955190277320e-02	   5.2059983827871449e-02	   1.2153929437969553e-01	   2.3150676110895260e-01	   2.1861860674080436e-01	   5.4649571892510886e-02	   9.1888921078687083e-02	   2.8543544641555840e-01	   4.7502752708489293e-01	   2.2856276522345315e-01	   4.9198045503477594e-01	   4.1980717317994554e-01	   3.6698480421907947e-01	   4.9000019379246668e-01	   5.6122297851286596e-01	   3.9610606922334685e-01	   3.0073040019176450e-01	   6.1244002355842919e-01	   4.6086000522127912e-01	   4.0847347225485053e-01	   2.8657487002971815e-01	   4.5251152685945645e-01	   7.8104575449302563e-02	   4.6962148397734597e-02	   4.1701095927162153e-02	   3.2485007963650475e-01	   4.3097200541309960e-01	   3.0964010141730974e-01	   3.8360615382023161e-01	   1.2661697510173725e-01	   9.3888014802736078e-02	   1.1558760427705732e-01	   1.2384380778384291e-01	   1.0319457930108161e-01	   7.7949700888006582e-02	   1.4742642310943477e-01	   2.4642863191001829e-01	  -2.2899593095808513e-01	   1.9502484768537720e-01	   3.8048647736346380e-01	   2.8286252275217738e-01	   1.6180369019906232e-01	   1.5721084167425928e-01	  -6.5618770867966183e-03	  -6.7167946625622463e-02	
   9.5523744779425968e-01	   7.7305683640020462e-01	   4.2085872924016199e-01	   5.9238165928988651e-01	   4.4906716538642821e-01	   4.6100000157239729e-01	   4.8433159959167049e-01	   5.6349202674409982e-01	   4.3845708218844526e-01	   4.4029227744575083e-01	   8.6549426484839209e-01	   0.0000000000000000e+00	   6.3951661562022999e-01	   1.0481445421469118e+00	   5.1195729342602114e-01	   6.4769310125611235e-01	   7.1675317940153549e-01	   6.8614035256542216e-01	   6.5130708357026190e-01	   6.8788468464472241e-01	   3.9447698044290680e-01	   3.9377699403212857e-01	   2.9968530406941363e-01	   4.1506842185182197e-01	   4.9534574791212838e-01	   4.3243058508930998e-01	   3.0831567001508609e-01	   2.0869164945382898e-01	   5.2595606881511181e-01	   5.9831559896112441e-01	   4.0963989658550326e-01	   4.0572152835243686e-01	   5.7483025013043010e-01	   6.6026007371417628e-01	   3.5550117974417794e-01	   2.1028580629621765e-01	   2.3454311183080362e-01	   3.7996751660406347e-01	   4.6398675262856071e-01	   5.9036277255525971e-01	   5.4933933980494198e-01	   5.3764510687510225e-01	   6.8831176562975871e-01	   8.6013605240496593e-01	   7.3628319619883120e-01	   7.9903892529187648e-01	   7.3137279634863339e-01	   8.1214257789819677e-01	   6.4998872608846303e-01	   7.0811938818863607e-01	   5.7820806082596587e-01	   5.7439974255427140e-01	   3.5490940939946508e-01	   3.3697382181797342e-01	   5.2865221143134489e-01	   5.2717970047525009e-01	   6.3756149275176299e-01	   6.3816910941500415e-01	   4.1562744389178363e-01	   7.1546738016466904e-01	   6.1062937885973412e-01	   6.4529706802290077e-01	   5.0467913346060234e-01	   6.5986730354695400e-01	   3.8000456346206424e-01	   5.5476559588600949e-01	   5.9214237639052847e-01	   6.6268962258130182e-01	   6.2218109212211403e-01	   4.6022743119508241e-01	   2.2187556154148594e-01	   2.5026960444419344e-01	   3.2922386672140497e-01	   3.9399950534848932e-01	   3.1075099001636808e-01	   4.0532216299051055e-01	   1.8007637361704371e-01	   2.5511158057030775e-01	   4.4424817661262561e-01	   6.5674975809342573e-01	   4.6029760212704901e-01	   6.8459737006162591e-01	   3.8526319875671883e-01	   4.0649149742012458e-01	   6.3560526399495232e-01	   7.4555557698862718e-01	   4.1398755954509781e-01	   3.0797566618107736e-01	   4.7189350194166918e-01	   6.0410331363785841e-01	   2.7580478282379012e-01	   2.4845272899203166e-01	   4.7290583412042775e-01	  -3.2612381430714106e-02	   1.5413349139898580e-01	   2.3952791816078409e-01	   5.4548887167298266e-01	   5.4868181864351806e-01	   5.2840930533871699e-01	   3.8472075781797882e-01	   2.3850660419888120e-01	   7.2307027286638223e-02	   3.5940879731142794e-01	   2.9222472029416835e-01	   1.2387317911604975e-01	   2.5187184275965574e-01	   1.5928300168796497e-01	   1.9446733783774980e-01	  -2.3880939141589522e-02	   2.8506750303545564e-01	   3.2017997306344670e-01	   4.5779365232972191e-01	   2.8609632488281961e-01	   3.2648529469447019e-01	   1.4168542497828351e-01	  -1.0229734829579606e-01	
   2.8212899530443714e-01	   3.6137061354070932e-01	   7.8132893990698238e-01	   4.8483322858632349e-01	   6.6098506079765729e-01	   4.1282701518990567e-01	   8.5307710105798873e-01	   6.0648517439200234e-01	   8.2637931376656604e-01	   5.2560368724399809e-01	   8.5027635458312945e-01	   6.3951661562022999e-01	   0.0000000000000000e+00	   1.0101105536836479e+00	   9.4353771493510474e-01	   7.3285197338701336e-01	   3.7116666657733233e-01	   4.5038083375746030e-01	   6.6562980227226720e-01	   4.1524238264733915e-01	   3.1697543255035621e-01	   3.2836270075715057e-01	   5.9685073328652105e-01	   4.5762021847722523e-01	   5.2348583226607226e-01	   2.9800318960190636e-01	   3.5674696421966229e-01	   2.0246453186184493e-01	   4.7604289259939936e-01	   5.9953431337578755e-01	   5.2450783895276776e-01	   4.5439452842751371e-01	   4.3953638656969646e-01	   5.1819094194816895e-01	   1.8004286885952944e-01	  -7.3018188224908395e-02	   3.1825292814155570e-01	   3.9573001216366699e-01	   4.2693830795165155e-01	   4.8104950015671566e-01	   2.8448408038496203e-01	   3.5925213916419607e-01	   8.1141645944107865e-01	   7.0518994755658893e-01	   5.6308912690896695e-01	   5.5971628436449727e-01	   6.6701591482360623e-01	   6.0089777761466068e-01	   4.4716322694790506e-01	   4.8164849638716345e-01	   5.7415907101270192e-01	   4.8144437531609507e-01	   4.1530053553930352e-01	   4.6127612386862443e-01	   5.7226187679906915e-01	   5.3482757668155456e-01	   1.4124361002719071e-01	   3.1920994066781222e-01	   4.2589860713255601e-01	   5.7263081602135124e-01	   6.5334763415189379e-01	   3.8398855628895912e-01	   3.8510384727538405e-01	   5.5675333513138925e-01	   4.0674356080365159e-01	   3.2881139025255068e-01	   6.2976560158887540e-01	   5.4689150415434173e-01	   4.4880593863712193e-01	   3.6973833005860973e-01	   2.7852247048143591e-01	   3.1641929594856388e-01	   2.0717559127205204e-01	   2.5544988146567954e-01	   2.8260297280425473e-01	   3.9693977312863993e-01	   2.9852076479171086e-01	   3.0461247173492917e-01	   3.0678390140027922e-01	   5.9794640025651369e-01	   3.1210787513773219e-01	   6.1975239659924863e-01	   3.5424182340058608e-01	   4.1724810861013162e-01	   5.2337821443170585e-01	   6.5567466179600453e-01	   1.8964149936336563e-01	   2.3859407667985327e-01	   7.2093827520052922e-01	   6.1844337644164915e-01	   5.8182816134202175e-01	   6.1262400713545595e-01	   5.5734574893917355e-01	   3.9429259095426628e-01	   3.6682622939052134e-01	   3.4478992604612413e-01	   6.8183536145200474e-01	   6.0082304069604930e-01	   6.9141150390646600e-01	   7.4972795074709964e-01	   5.1122391183597748e-01	   2.1436466943178945e-01	   3.6965203987318673e-01	   5.0086894513923452e-01	   3.9043410008680468e-01	   1.6568007427312348e-01	  -1.1647172943778228e-02	   2.4990067100168192e-01	  -4.6183052985710446e-02	   6.0156123694329811e-01	   5.4784371470516502e-01	   7.3017372729364649e-01	   5.2826418889549132e-01	   4.8036022913845355e-01	   3.2711820592854657e-01	   3.2704111444550592e-02	
