   0.0000000000000000e+00	   1.3502583724075972e+00	   6.6631505922314427e-01	   7.0754150440571595e-01	   7.0736800035987935e-01	   5.6628284815646923e-01	   7.5040570755534564e-01	   7.5139234316285008e-01	   9.2168446062438658e-01	   6.4435390781892143e-01	   9.9768367864913488e-01	   1.1130702496838731e+00	   9.0148860734095471e-01	   8.6114589869785330e-01	   8.5728592598428432e-01	   8.2938238664027109e-01	   9.4951967190952291e-01	   9.5203433616677779e-01	   1.3545454276312303e+00	   8.9356419303915424e-01	   9.2407578450871131e-01	   8.2175564320840666e-01	   6.3020831882729611e-01	   5.6020064265518943e-01	   5.4274533739986563e-01	   5.3180553966090049e-01	   5.4763366637777089e-01	   4.6614095616719209e-01	   9.3377537082047657e-01	   1.0264352725307222e+00	   8.0012108212684563e-01	   8.2847744555177405e-01	   1.3247228360237062e+00	   1.1758564730649295e+00	   4.6571312525622749e-01	   5.0794283841756815e-01	   7.3483523910523751e-01	   8.2168155912440188e-01	   9.2338424130973473e-01	   9.4394866145028933e-01	   9.9969501492119572e-01	   8.1968846369860660e-01	   1.3135403226090365e+00	   1.2944228050570199e+00	   6.6174832056458577e-01	   6.4524596370089771e-01	   1.1606592678556569e+00	   1.1761727081074560e+00	   7.4891568985312706e-01	   7.5715599409827583e-01	   8.1872124771132671e-01	   9.4679316938872815e-01	   9.2547176436100254e-01	   9.4548799487588975e-01	   1.0472549531476532e+00	   9.0607796642973359e-01	   1.1708405766870560e+00	   9.7506188552302175e-01	   1.4587408535347215e+00	   1.1428595141138487e+00	   1.5164980020276482e+00	   7.6357667346514124e-01	   1.2392660480364974e+00	   7.4710622668659055e-01	   6.9401501704140467e-01	   7.1140410466952697e-01	   6.8501845640990311e-01	   5.9813423886930983e-01	   7.1112656457945322e-01	   4.1033455534305374e-01	   9.1303344057464431e-01	   9.3545607583671153e-01	   8.6790135025289561e-01	   8.0465155290769008e-01	   8.9155215722415737e-01	   7.4742048716195086e-01	   1.2222292889811173e+00	   1.2381701964803462e+00	   9.8622325031940161e-01	   8.6056753793975704e-01	   1.2488495394186283e+00	   1.2391491076246239e+00	   1.1409204754914817e+00	   1.2369957752802070e+00	   9.2318344549366516e-01	   8.2674671585779957e-01	   6.7917898796763132e-01	   5.0936983196898278e-01	   8.0210322649184873e-01	   7.4326313204673100e-01	   6.5668166355423330e-01	   5.8056951078018559e-01	   3.3266007402742009e-01	   1.6788721298112341e-01	   5.1047971287893024e-01	   7.5657153499219321e-01	   9.6676948993201606e-01	   1.1264354988731984e+00	   1.0593156917516573e+00	   1.2313737257715636e+00	   8.5798608914281560e-01	   1.3284162039248198e-01	   5.4236098230738716e-01	   6.4354929677177919e-01	  -1.8097685727464191e-01	   1.6532623434715915e-01	   6.0813054640624931e-01	   3.9723418102144881e-01	   6.4952256748586978e-01	   8.6903617869229233e-01	   8.9959437000822340e-01	   1.1184208344560493e+00	   7.3416911279912667e-01	   9.1899183310307864e-01	   5.7577492337363934e-01	  -4.2813383233059527e-01	
   1.3502583724075972e+00	   0.0000000000000000e+00	   7.1388853350553438e-01	   7.3132306049306195e-01	   7.0153687656452934e-01	   5.0262139352818858e-01	   8.0453581079554115e-01	   7.9899324323374143e-01	   9.4664149414413223e-01	   5.5794934041039546e-01	   7.9769466324204674e-01	   9.6880523700904075e-01	   8.1601125800091812e-01	   8.6849716764880991e-01	   7.1659097006696548e-01	   7.2730350124906717e-01	   1.0142104414251030e+00	   1.3014538802909448e+00	   1.1818588764508684e+00	   1.2422647590546154e+00	   7.9331648614465955e-01	   7.6944471904174794e-01	   6.9492773330744195e-01	   5.9422789898645001e-01	   6.6656794000026132e-01	   5.3163988898809145e-01	   5.5853126769231309e-01	   3.7365638161141757e-01	   8.9429642026209444e-01	   1.1112540712592129e+00	   8.1349871491918369e-01	   8.3690202318610729e-01	   1.2657966702733252e+00	   1.2247319237602481e+00	   6.0819642632826265e-01	   7.0780433859836311e-01	   8.6531270068827193e-01	   1.0118727920322481e+00	   1.0634072105352002e+00	   1.1471841747594949e+00	   9.4083659839729372e-01	   9.0092698258374948e-01	   1.2103749486383462e+00	   1.1256546270280285e+00	   7.5112485941495755e-01	   7.0303252197748145e-01	   1.0257362581238856e+00	   1.0701651329292114e+00	   7.6316255354455609e-01	   7.4255024350211885e-01	   7.8743705426407040e-01	   8.5053469880814003e-01	   8.6432789395014431e-01	   9.0309672132192242e-01	   1.1485993535210111e+00	   9.2490589029035686e-01	   1.1599305840840706e+00	   1.6960176143503203e+00	   1.1254766286844149e+00	   1.1972070536428063e+00	   1.0619717713726593e+00	   7.2820322352138889e-01	   1.0410375101870568e+00	   7.2892911358796164e-01	   6.2958401131885355e-01	   6.9883857825775053e-01	   8.6871311371891369e-01	   7.7655969794924740e-01	   7.2137342028180795e-01	   6.0980772212473033e-01	   8.3108498934323727e-01	   8.4879912902061783e-01	   7.2669880916791174e-01	   7.5294745034080590e-01	   7.4792950011358472e-01	   7.3945237481405712e-01	   1.0710512619768255e+00	   1.4000594259784693e+00	   1.1020346155324412e+00	   1.1846837392317562e+00	   1.4314020522659716e+00	   1.5932635385194043e+00	   1.2092789132086781e+00	   1.3701272373289441e+00	   1.0533849898479717e+00	   8.6565052334419490e-01	   8.0403279776615999e-01	   5.1758422122356729e-01	   1.0197593634432769e+00	   8.4584096315504864e-01	   8.0400443675033451e-01	   6.7539818972117083e-01	   5.2140382061269885e-01	   3.7095836498804174e-01	   6.3113852909374391e-01	   9.3447838707631758e-01	   1.2743930286444343e+00	   1.0723078471342222e+00	   1.2268588259245077e+00	   1.1189505000446269e+00	   9.2825917916581802e-01	   2.4465904769014052e-01	   6.4077836460771831e-01	   7.8810991821802101e-01	  -3.9042057301254159e-02	   2.5651035389827215e-01	   7.6013118577537531e-01	   4.8920889337075513e-01	   6.5971138817463193e-01	   1.0258302675588715e+00	   1.0734688228940459e+00	   1.1041674245832886e+00	   8.9086285881801730e-01	   9.8071436148856783e-01	   6.4135893956398782e-01	  -3.0210531893691805e-01	
   6.6631505922314427e-01	   7.1388853350553438e-01	   0.0000000000000000e+00	   1.1184042972122170e+00	   6.9774281139992067e-01	   6.7602556473637687e-01	   1.5151775352310004e+00	   8.1114343677682443e-01	   9.8956940780065017e-01	   8.1183083339065809e-01	   6.2804991383579178e-01	   6.0522211392793990e-01	   6.9009372394523816e-01	   7.3620034280950153e-01	   7.1591959810282957e-01	   6.9583710763941964e-01	   3.0756090111721140e-01	   4.0587198301337024e-01	   6.3548525720613647e-01	   5.5712628670044617e-01	   8.2716393561220336e-01	   8.3040328191979640e-01	   1.6114061188048203e+00	   1.1298386249837211e+00	   1.4355349149034946e+00	   1.3092462501073814e+00	   1.3415109856316536e+00	   9.0011513612397720e-01	   3.5118254281795985e-01	   4.4053423910588241e-01	   9.3296318831755143e-01	   8.1677708101492918e-01	   6.7282171288858206e-01	   7.5425975439495829e-01	   1.1877087222659430e+00	   1.1704630957506335e+00	   6.7350162627694476e-01	   8.6936662229385131e-01	   8.5408972181849740e-01	   9.4021249205713298e-01	   4.8408530023664831e-01	   6.6563756855083667e-01	   9.0166995203893019e-01	   8.1246125328346741e-01	   8.3524829039963100e-01	   8.2602282990097198e-01	   8.2805920137858413e-01	   8.3525937914254611e-01	   9.3880030946579307e-01	   8.2079603100549670e-01	   1.1499983512726102e+00	   7.6114300378202215e-01	   1.0257122400581158e+00	   1.0488989921150169e+00	   1.0130060106373258e+00	   8.7819189437780865e-01	   3.0369835221556252e-01	   6.1509948828850958e-01	   7.2067096696992605e-01	   8.9203437176949896e-01	   4.5507559181866375e-01	   3.3436903512021321e-01	   4.1954987433825336e-01	   1.7343471104947747e-01	   1.0226900097575593e+00	   8.1750213757260448e-01	   9.7884177998954680e-01	   8.9719570571977802e-01	   4.0934327332727272e-01	   5.0770156769459418e-01	   6.4214241208211187e-01	   5.1616809179268341e-01	   3.1150917298902214e-01	   3.4026069937027748e-01	   3.4213122290858344e-01	   2.5814963412581998e-01	   4.0034648065823147e-01	   6.2370835946104364e-01	   3.3647494138925466e-01	   4.2589319868114517e-01	   5.1387896330095539e-01	   5.8013341361274184e-01	   8.2618674139382364e-01	   6.5628034813216996e-01	   1.0273522988204602e+00	   1.0231097257441903e+00	   1.0779788302162157e+00	   7.8680644463514482e-01	   8.7007428093313310e-01	   9.1173583280172965e-01	   8.5770087824296770e-01	   6.5268286735617209e-01	   3.6430660979877427e-01	   2.6588743124805603e-01	   4.7989185594521144e-01	   6.1199300501490705e-01	   9.5553955287101044e-01	   5.8162215190833944e-01	   8.0300135742903733e-01	   7.4234970573209402e-01	   4.1051778788234006e-01	   1.2242542200020100e-01	   3.0509061766503914e-01	   2.6811965830535134e-01	  -7.0936570162707963e-02	   2.8779816308337935e-01	   6.2237038441427073e-01	   3.2354061243876825e-01	   3.1636491010820145e-01	   5.2006319351824604e-01	   8.3656420383466445e-01	   5.7359438727912160e-01	   4.1160962505953086e-01	   3.5238186461670801e-01	   3.2185104635407891e-01	  -1.7400053854880232e-01	
   7.0754150440571595e-01	   7.3132306049306195e-01	   1.1184042972122170e+00	   0.0000000000000000e+00	   8.7957601816951814e-01	   9.3276167512289643e-01	   1.3301625334443923e+00	   1.5733843874465432e+00	   9.5822300545827488e-01	   1.3000273750098927e+00	   4.8423729785294056e-01	   9.2632401318728752e-01	   5.4176345913328450e-01	   9.2722695128584554e-01	   6.8087133876043171e-01	   8.6247088972636821e-01	   2.3056145000867115e-01	   3.5599880763914349e-01	   7.0025924327731426e-01	   6.5316796273677247e-01	   6.7912877334873378e-01	   8.4734669611726965e-01	   1.1226250778785696e+00	   1.4014154654170514e+00	   7.9793854478739934e-01	   1.0628929476433677e+00	   8.4408284919598131e-01	   7.2070931106592595e-01	   3.0526295191914105e-01	   4.6088957518943496e-01	   7.4859209518053138e-01	   8.6200028928624872e-01	   6.0490337352195689e-01	   7.5747854415940041e-01	   6.4139664727208956e-01	   8.7224759067519109e-01	   5.0744414013992412e-01	   8.0794272222564223e-01	   7.3421653881079607e-01	   9.8172972787883672e-01	   4.8861285918767761e-01	   6.6685988046752498e-01	   9.7585412591780596e-01	   7.8709930946775919e-01	   1.1208662041909139e+00	   1.0685745855419908e+00	   8.1219557791817665e-01	   8.7772116255399668e-01	   1.0423384887587939e+00	   8.6287172064953699e-01	   7.6804505112534105e-01	   6.5418581437524281e-01	   1.0622873575795455e+00	   1.0171691052280207e+00	   8.8912596101742269e-01	   9.0428216958262198e-01	   3.5291572060951859e-01	   5.6393685067800980e-01	   9.2155852860915843e-01	   1.0482643756878056e+00	   5.5184325891239161e-01	   5.8342299603271175e-01	   4.3205241893897206e-01	   1.8984900120569428e-01	   8.4083937415844723e-01	   1.0148497281533049e+00	   1.1654297444622843e+00	   1.1739556125417434e+00	   6.2603167621904476e-01	   6.7020100632799440e-01	   5.7359525663325361e-01	   6.3763894044200631e-01	   1.8862186403511605e-01	   2.5342729159922517e-01	   1.9935868763014197e-01	   1.8372059110264299e-01	   4.3455058847138550e-01	   7.1510416846057911e-01	   2.6142505982516295e-01	   3.2743697820022866e-01	   4.7400371738262037e-01	   5.7240891183484910e-01	   9.4400242705646076e-01	   8.0923537520399325e-01	   7.9175077080465350e-01	   1.1489071140793372e+00	   8.2128901871384297e-01	   6.9442651334148298e-01	   1.0120083850157664e+00	   1.2237755238844736e+00	   1.1011334415478471e+00	   9.5876582052817794e-01	   5.8805521423977192e-01	   3.9940657479111069e-01	   5.9146297977781825e-01	   9.0116253609729158e-01	   9.1965436441528581e-01	   7.7354120131443638e-01	   8.5369770629346053e-01	   8.9069378856027670e-01	   5.4212318568181139e-01	   1.0531042830531548e-01	   3.6868801902445136e-01	   2.4280028429355166e-01	   6.7394743539498633e-02	   3.8720236401517066e-01	   7.9676851233781354e-01	   6.1841084697884041e-01	   3.8331477851213286e-01	   7.0687158843685871e-01	   8.3133027284165528e-01	   7.5976596780109396e-01	   6.2791803236249888e-01	   4.2874122867640363e-01	   4.0964073226776132e-01	  -6.3574261129760057e-02	
   7.0736800035987935e-01	   7.0153687656452934e-01	   6.9774281139992067e-01	   8.7957601816951814e-01	   0.0000000000000000e+00	   1.0530597622173601e+00	   1.0216572630830256e+00	   9.4563686938298019e-01	   1.2723092600268155e+00	   7.9121446728313283e-01	   4.3475433242007699e-01	   7.4101392996121884e-01	   5.9848589952774511e-01	   6.1851095247390209e-01	   6.8605226920783569e-01	   6.7190253216997764e-01	   3.6740979357038472e-01	   3.7483879651315122e-01	   9.3147870518225018e-01	   8.1632034182048185e-01	   6.6459661699317474e-01	   7.1613376122390293e-01	   7.2682781314702172e-01	   6.3807665094845489e-01	   5.7312231952251103e-01	   5.4981787856556186e-01	   5.8250885779924899e-01	   4.9264740942626128e-01	   4.7684340970836880e-01	   5.2633307300115728e-01	   5.1856584837313402e-01	   5.2951047194678669e-01	   6.3536078827928089e-01	   7.8832464039080619e-01	   3.1681811437299218e-01	   5.6960601758360452e-01	   5.5615769397658665e-01	   5.8991995613356063e-01	   7.0133289844643798e-01	   7.2787490465977911e-01	   6.1558597546456706e-01	   6.8130612581115380e-01	   8.6972574569477734e-01	   7.5090064171454474e-01	   9.2057535293018977e-01	   9.1651290880187763e-01	   7.4744072466238953e-01	   7.8384382394297614e-01	   9.6248368877104307e-01	   9.0345758814397870e-01	   7.4706893767241178e-01	   8.0062169829151464e-01	   1.0098684755225185e+00	   9.3669484891603427e-01	   8.1246848565195040e-01	   6.8053079972712027e-01	   3.7703389722277542e-01	   4.6955465372557192e-01	   8.5356317003459881e-01	   9.8809727391660340e-01	   5.6727925622827313e-01	   7.5956875128634671e-01	   6.0020467282853995e-01	   4.2458759602195140e-01	   6.2792707291849070e-01	   8.1634494819069081e-01	   9.3066532005991542e-01	   9.4921435541568455e-01	   6.6098704817898257e-01	   5.2911224549001767e-01	   4.1806542319774515e-01	   4.4121021713981012e-01	   2.5083088582257296e-01	   1.9219244920859552e-01	   2.4175040321745747e-01	   1.6800512962549718e-01	   6.4523965847906228e-01	   7.4989131986379653e-01	   3.3672630021678940e-01	   3.1577631737151973e-01	   5.6407521840177932e-01	   5.1673365419774708e-01	   1.0405186954548731e+00	   7.4958916371978335e-01	   5.8784699145523200e-01	   5.5348620758823708e-01	   5.9929750555837391e-01	   1.7667688314742919e-01	   7.8486865943207407e-01	   6.6741193636139184e-01	   9.6900315144464766e-01	   7.9123498927550928e-01	   5.7362627831976765e-01	   3.2499544446413065e-01	   6.0834482279201008e-01	   7.5926568835461872e-01	   7.8557993682565541e-01	   6.3369989575459373e-01	   8.8560237305879663e-01	   8.1314176321632947e-01	   6.0196791092824165e-01	  -8.2577155382993511e-02	   3.6442829458482773e-01	   3.1274292601774506e-01	  -1.4751097868632008e-02	   3.6717225397689263e-01	   6.0038627829929292e-01	   5.0621551050124169e-01	   4.2616915535331396e-01	   6.3358989116411435e-01	   6.9293234014253935e-01	   8.2568502947307632e-01	   6.9151095018678765e-01	   3.3836194088545468e-01	   3.1885218211504007e-01	  -1.0856216375209964e-01	
   5.6628284815646923e-01	   5.0262139352818858e-01	   6.7602556473637687e-01	   9.3276167512289643e-01	   1.0530597622173601e+00	   0.0000000000000000e+00	   9.8902730575491016e-01	   1.1184414439525299e+00	   1.0108250031633750e+00	   1.2233650600944168e+00	   1.9310971159937176e-01	   5.5381220253125130e-01	   3.7024684614701675e-01	   4.8589153140950669e-01	   2.9594010757733025e-01	   4.1529039044282029e-01	   2.1231378198122427e-02	   1.4629228583046325e-01	   5.4984570926563836e-01	   4.6083723142856886e-01	   6.7225491928875614e-01	   9.4288140072532678e-01	   6.4668168594134912e-01	   6.4615232413682833e-01	   4.9270837554396485e-01	   7.4995597293141292e-01	   7.6716993023240032e-01	   9.9906590873489476e-01	   7.9874372169495222e-02	   2.1918518059133354e-01	   2.8919760627623842e-01	   3.4956750979444734e-01	   2.9598115068954012e-01	   4.0831338575918757e-01	   3.3234193726148847e-01	   4.9160947048601988e-01	   2.4727709023841485e-01	   4.3688003101353529e-01	   4.6189792522977230e-01	   5.7544137602583356e-01	   2.1208998517852407e-01	   4.3371562847891931e-01	   7.2447590700781139e-01	   5.1428382440812492e-01	   8.6758208485522004e-01	   8.8384541336807265e-01	   4.2986384068033456e-01	   4.8213200702041725e-01	   8.6286982528945189e-01	   7.4814598549976363e-01	   7.0734766389073100e-01	   6.3671735008921049e-01	   8.9780308739475079e-01	   8.9159812352248380e-01	   5.4794208619335105e-01	   4.4362597480084320e-01	   1.9232008397233405e-01	   3.3186790023617924e-01	   7.3832511979399884e-01	   7.6107537353396704e-01	   4.2145428925771755e-01	   4.8068221035808556e-01	   2.6358162070689206e-01	   1.0214489916214420e-01	   6.5406627033456022e-01	   7.1071831363012006e-01	   9.6560522930000037e-01	   9.3693708181663860e-01	   4.9338170642538987e-01	   5.2279620848777397e-01	   3.5267831665759880e-01	   4.9950995203574650e-01	  -7.6670866270167073e-02	  -2.4633187470456768e-02	  -4.9675124090903661e-02	  -5.7212173584940795e-02	   2.8534632836900348e-01	   4.8300601569173252e-01	   6.8754004383110690e-02	   1.1522912608684838e-01	   2.6567178093447585e-01	   2.9719624115321897e-01	   6.2471871637205123e-01	   4.9015033777162598e-01	   3.3426498336985572e-01	   5.2037092850417188e-01	   4.0430657201858139e-01	   1.8648671828178842e-01	   7.0513995752897429e-01	   8.0678500096665084e-01	   9.4727581800711524e-01	   9.4457993628653503e-01	   6.7297940061370354e-01	   5.0897684805125998e-01	   5.0147094461899677e-01	   6.2520816248612676e-01	   4.8739896806881888e-01	   4.1994546745546812e-01	   5.0752962720016959e-01	   5.6959652924589144e-01	   3.9241504721115805e-01	   5.5939547908372550e-03	   2.7294396728227610e-01	   2.6456881597754495e-01	  -1.8409678103749393e-02	   2.2074172457355695e-01	   5.9052421543621281e-01	   4.6825865856310689e-01	   2.7421728196522921e-01	   4.0427169566073784e-01	   5.1008501116645644e-01	   5.5037667355368691e-01	   5.8318658785115796e-01	   3.0884285694808022e-01	   2.8583854507217538e-01	  -3.6870633470296690e-02	
   7.5040570755534564e-01	   8.0453581079554115e-01	   1.5151775352310004e+00	   1.3301625334443923e+00	   1.0216572630830256e+00	   9.8902730575491016e-01	   0.0000000000000000e+00	   1.2663557972422579e+00	   1.4406854071579072e+00	   1.1178258955742550e+00	   6.0080239786622913e-01	   7.6863625810908731e-01	   7.9130294612567076e-01	   8.2860896285462293e-01	   7.4079951843095193e-01	   7.3538287601344954e-01	   3.3388459162366751e-01	   4.5012762559336517e-01	   8.0870351531638707e-01	   7.2126519887707463e-01	   9.1829680220797349e-01	   1.0256424007876475e+00	   1.1892013860912287e+00	   9.9104047513088300e-01	   9.5129642140754878e-01	   9.9783228160925952e-01	   1.0196696210036529e+00	   8.4042249537862768e-01	   4.1464812827329961e-01	   5.3676886409416136e-01	   7.5131008661937826e-01	   7.1753663320790750e-01	   6.7602909676488443e-01	   8.1652688840488974e-01	   7.1582403466112399e-01	   8.9065240460099626e-01	   6.6316558771794598e-01	   8.8537106519773368e-01	   9.1548116233328991e-01	   1.0519909407341876e+00	   5.2103166122313460e-01	   7.4529685692542236e-01	   1.0406130136300120e+00	   8.4237969288886216e-01	   1.1356604200763472e+00	   1.0882113381815637e+00	   8.8633718469857747e-01	   9.1093813811615654e-01	   1.2225678819687711e+00	   9.8922371254676511e-01	   1.1132377638952320e+00	   8.2881685625765855e-01	   1.2435160530284093e+00	   1.2313953293759805e+00	   1.1066138526972993e+00	   9.3105785880989256e-01	   3.3066597772951650e-01	   6.5839147247027507e-01	   9.4507938256460144e-01	   1.1177402338418903e+00	   5.5604738325509662e-01	   5.9201869619214065e-01	   5.3249821206128978e-01	   2.8120456446645142e-01	   1.0213860799963981e+00	   9.2407184449512736e-01	   1.3375655327995559e+00	   1.1956958048186559e+00	   5.6220056696518261e-01	   6.3995073981165906e-01	   5.9524272245748944e-01	   5.8812292946089717e-01	   2.5437182055862501e-01	   2.9868606251341434e-01	   2.5929201998593043e-01	   2.2230981109719064e-01	   5.0892738319787578e-01	   7.4214739213090430e-01	   3.5799863385598818e-01	   4.3124335580466278e-01	   5.8756794887399921e-01	   6.4430570351296201e-01	   9.8230094488302178e-01	   7.9202837172457252e-01	   8.2857978702024671e-01	   8.8920204414522086e-01	   8.2835924015392770e-01	   5.2208685953511491e-01	   1.0701590761541762e+00	   1.0691251835577686e+00	   1.0718557155409532e+00	   8.8304309044758944e-01	   4.9842687462991564e-01	   3.5541586174754380e-01	   6.0615626063401917e-01	   8.1576289280981018e-01	   1.0541797571987079e+00	   6.7594022986853464e-01	   9.1362568625745755e-01	   8.5727550070478453e-01	   5.6345994652721154e-01	   8.0737406219697216e-02	   3.5862901424814825e-01	   3.5402583941761617e-01	  -8.4366702319553871e-02	   3.1126881711081439e-01	   7.8305560421629039e-01	   5.0757907331392549e-01	   4.5572886197316387e-01	   6.7248295571960526e-01	   8.5826480952762774e-01	   7.4176024118771489e-01	   6.3788242943833162e-01	   4.2006782989437103e-01	   3.8115025023037574e-01	  -1.9192306868718728e-01	
   7.5139234316285008e-01	   7.9899324323374143e-01	   8.1114343677682443e-01	   1.5733843874465432e+00	   9.4563686938298019e-01	   1.1184414439525299e+00	   1.2663557972422579e+00	   0.0000000000000000e+00	   1.1137939553118672e+00	   1.5300787769716397e+00	   4.9005642039513064e-01	   1.0381009786703466e+00	   6.3543014579994250e-01	   9.9367435146350813e-01	   5.9814532983042423e-01	   7.7355820974593048e-01	   2.7749950756879554e-01	   4.6912977333894190e-01	   7.3040334739880808e-01	   6.7103028227732386e-01	   6.5608879945752974e-01	   8.7154583534891028e-01	   7.3759537569457390e-01	   8.6928758852883437e-01	   5.3320762406677802e-01	   7.1499744239365703e-01	   6.0332070013953121e-01	   6.0547867297714120e-01	   3.7925041865297160e-01	   5.9019914331779011e-01	   5.2550192666576390e-01	   6.5073205560314573e-01	   5.7510958863215345e-01	   7.3208036051150804e-01	   4.2271982356814231e-01	   5.9613537675838779e-01	   4.0127663296703642e-01	   7.2631260442203160e-01	   6.9954558814452861e-01	   9.6224030728542065e-01	   4.7602075751703871e-01	   6.9229310731458227e-01	   9.2720480796773919e-01	   7.3729928116498855e-01	   1.1485039679904188e+00	   9.8439554755421099e-01	   7.2268565224173564e-01	   8.0350144998105277e-01	   1.0065064216983182e+00	   7.7506997356594931e-01	   6.9222188190996647e-01	   6.2965540419359867e-01	   9.7393542599774841e-01	   9.3659776304933595e-01	   8.0115517496486399e-01	   8.1205661049451028e-01	   3.7352739137918445e-01	   6.2055410377574938e-01	   1.0426675211288077e+00	   1.0671515034999295e+00	   6.7627941717577456e-01	   8.5838662089504414e-01	   5.4957951592588761e-01	   3.5944205779201843e-01	   7.9421345871232440e-01	   9.3004111972324910e-01	   1.0913626299962109e+00	   1.0635492298052971e+00	   6.1846076474034928e-01	   5.7621288198604192e-01	   5.6065363666612422e-01	   7.3298183707157449e-01	   1.8998355657686472e-01	   3.1309177079873418e-01	   2.0221950746685052e-01	   2.5516730377731833e-01	   4.8281328649712596e-01	   7.4529248506162848e-01	   3.2540900836053877e-01	   4.0242284355618058e-01	   5.5056325906501979e-01	   6.5865185445497076e-01	   8.7984680667958637e-01	   9.0615626562218221e-01	   6.0424568786674304e-01	   8.5767802475205412e-01	   5.3122513198577570e-01	   4.6698050386572959e-01	   1.0518629040019842e+00	   1.2369959815137783e+00	   9.7785582824426565e-01	   9.4714830633505054e-01	   6.0136761311331011e-01	   4.1062947800328853e-01	   5.7716397968646371e-01	   9.6655494558916422e-01	   8.0786947902537076e-01	   7.6649935946165060e-01	   7.6014889812438824e-01	   8.0688321234013760e-01	   6.3679140511053567e-01	   1.2517499460480130e-01	   4.2855366696660496e-01	   3.7977358707737313e-01	   2.7006892055011309e-02	   3.2401555823604611e-01	   8.0634587133428437e-01	   6.5835926638386688e-01	   5.5209279134188172e-01	   7.5779015852035636e-01	   6.8491218463132453e-01	   7.7486204577588746e-01	   7.7080116330888460e-01	   5.3517026650877908e-01	   4.0941173929390012e-01	  -1.1839949479834720e-01	
   9.2168446062438658e-01	   9.4664149414413223e-01	   9.8956940780065017e-01	   9.5822300545827488e-01	   1.2723092600268155e+00	   1.0108250031633750e+00	   1.4406854071579072e+00	   1.1137939553118672e+00	   0.0000000000000000e+00	   1.0743986655167976e+00	   7.1627937252171558e-01	   8.6083211560217965e-01	   9.3913357692976984e-01	   8.9238878829809476e-01	   7.8564355403081709e-01	   7.1416883476164550e-01	   5.0590237433851937e-01	   5.9302489648916212e-01	   9.9449492907200610e-01	   8.4156328198076003e-01	   8.0675372641207022e-01	   8.6992183029139447e-01	   7.9848916603257691e-01	   6.5884962030093064e-01	   7.3414209454751433e-01	   6.7531660840504859e-01	   7.5638056430232958e-01	   6.3287436113670381e-01	   6.0276776514204378e-01	   7.0579526975254092e-01	   6.1073326164363495e-01	   5.9958448747720816e-01	   8.0072167529531479e-01	   9.3802733378750203e-01	   5.5328720804183518e-01	   7.0701813465354379e-01	   6.5962628465005013e-01	   8.2671748049937954e-01	   8.9152437637377857e-01	   9.6283518157521675e-01	   6.7062930441473312e-01	   8.4127548200665669e-01	   1.0369935664975385e+00	   8.6945897099957881e-01	   9.0760739058815953e-01	   8.7217450458679380e-01	   8.5339835764301397e-01	   8.6713183557038720e-01	   1.1025949521188771e+00	   9.3840279487212297e-01	   1.0266597632374377e+00	   9.2401991719323084e-01	   1.1803690150906641e+00	   1.1500913465411540e+00	   1.0171013999412513e+00	   7.8407461329131500e-01	   4.3533437726110330e-01	   7.3383695932966730e-01	   1.1259962652774385e+00	   1.2619270320436917e+00	   7.6965393091776280e-01	   8.1534954130767445e-01	   7.5820150308493350e-01	   4.9886930902337362e-01	   9.1618138255472747e-01	   8.8026318275276594e-01	   1.0804471463269079e+00	   9.3298447675941787e-01	   6.6332883106607421e-01	   6.0445045885653037e-01	   6.8585234413769225e-01	   7.0806530162471271e-01	   3.7852514845566354e-01	   4.0596837122851998e-01	   4.1032561162425335e-01	   3.8294498519953846e-01	   7.1367924017071260e-01	   9.4160299969756223e-01	   4.9297733985657732e-01	   5.3094564601616145e-01	   7.7540078171247351e-01	   7.9281792464559309e-01	   1.0851824882526409e+00	   9.9518989080147147e-01	   7.5005553093178901e-01	   7.0211785401513283e-01	   7.1176304540669322e-01	   4.0314390113099946e-01	   1.0743999653090235e+00	   9.4397930407468489e-01	   9.3559496849614920e-01	   8.0913266254176497e-01	   4.8401837202452336e-01	   3.0128767714818183e-01	   6.0391006330265651e-01	   7.8362408662215588e-01	   9.4967470781463914e-01	   6.7497932014001338e-01	   8.7475401969256772e-01	   8.3228018315513519e-01	   6.8776355989829630e-01	   5.2541891034388020e-02	   4.1709585558673973e-01	   4.0959726591414813e-01	  -1.7421256711734479e-01	   2.7140737868737530e-01	   7.9074870823315391e-01	   4.6626008072182995e-01	   5.8296940327641045e-01	   7.1864772394758814e-01	   7.8666612764513266e-01	   7.8093085698563725e-01	   6.9361813062762612e-01	   5.0182498794766650e-01	   3.5580716375013072e-01	  -2.6268160979779798e-01	
   6.4435390781892143e-01	   5.5794934041039546e-01	   8.1183083339065809e-01	   1.3000273750098927e+00	   7.9121446728313283e-01	   1.2233650600944168e+00	   1.1178258955742550e+00	   1.5300787769716397e+00	   1.0743986655167976e+00	   0.0000000000000000e+00	   4.8630383580827929e-01	   8.8066890705718603e-01	   5.8118043834877597e-01	   9.0337246788746373e-01	   5.1162082436852852e-01	   6.8790555694284028e-01	   1.2120409708524207e-01	   2.8894623379149353e-01	   5.4344501915408938e-01	   4.1929625670307757e-01	   5.9403100253453234e-01	   8.0890632994953415e-01	   7.0190337802821301e-01	   8.2589642011207620e-01	   5.3878522972138554e-01	   8.1698752626345705e-01	   7.0304297382756420e-01	   8.0535419265675823e-01	   2.3124801647867638e-01	   4.0660507880154478e-01	   4.3255157105709136e-01	   5.4068401256124865e-01	   4.4108599759504941e-01	   5.5835256287396229e-01	   4.4148637458827095e-01	   5.2844571871004575e-01	   2.5420425119458212e-01	   5.8052769357977574e-01	   4.7997490590160685e-01	   6.9505491715855228e-01	   2.9525833410122360e-01	   5.0316208312388644e-01	   7.5781059232490544e-01	   5.9738940707414223e-01	   7.9991005623963773e-01	   7.4429462463613749e-01	   5.4649933071504231e-01	   5.9185802520781339e-01	   9.2228934454207034e-01	   7.1096644506061701e-01	   7.6741490532603140e-01	   6.6116218031831020e-01	   8.3070709813398413e-01	   8.1355580035512476e-01	   6.1214510928082522e-01	   6.0051235725300467e-01	   1.8715926332468530e-01	   4.1843360583174333e-01	   8.6227449734047112e-01	   8.8714935077498702e-01	   5.4565628011537559e-01	   6.6551526708078246e-01	   3.7071504617999218e-01	   1.7292631395447228e-01	   9.8163770712457532e-01	   9.8319333309138668e-01	   8.7272032912721587e-01	   8.2012495607385882e-01	   4.6991366124749323e-01	   4.6667294952097282e-01	   5.5990648132905774e-01	   7.2544246018190583e-01	   1.1913042745744318e-01	   2.4882106418600450e-01	   1.5308206979195907e-01	   2.0826138219693779e-01	   3.3689917545573828e-01	   5.8275114683889107e-01	   1.8282071999031504e-01	   2.6037417295334320e-01	   3.6163039316661877e-01	   4.5802467676292874e-01	   6.2969712488326279e-01	   6.4291064291280176e-01	   5.2021919335091060e-01	   8.0738058212389840e-01	   4.7551146871093075e-01	   4.8003809456076979e-01	   7.9491501304890755e-01	   1.0040277204493313e+00	   7.5142792933067171e-01	   7.6028477959387808e-01	   4.6950388580675156e-01	   3.1168404465630439e-01	   4.0871275609470337e-01	   6.7294503529165595e-01	   5.6313096609518110e-01	   5.2670806509392465e-01	   4.9745003590197512e-01	   5.8467045674789131e-01	   4.7604916256535224e-01	   9.6431064241880082e-02	   3.3513415130108293e-01	   2.1469453793354895e-01	  -1.3271197042982655e-01	   1.8220827814416685e-01	   6.2490755762388983e-01	   4.2380112603149944e-01	   4.0704793135954886e-01	   4.6758374843208683e-01	   4.9738380773984553e-01	   5.2523438880569784e-01	   5.1457661300299784e-01	   3.9415193402221227e-01	   2.4094016459935888e-01	  -2.0063099361192427e-01	
   9.9768367864913488e-01	   7.9769466324204674e-01	   6.2804991383579178e-01	   4.8423729785294056e-01	   4.3475433242007699e-01	   1.9310971159937176e-01	   6.0080239786622913e-01	   4.9005642039513064e-01	   7.1627937252171558e-01	   4.8630383580827929e-01	   0.0000000000000000e+00	   1.0643005195853790e+00	   1.4934440216641032e+00	   1.0781158989474131e+00	   1.2507432321670400e+00	   9.6927410979804707e-01	   8.9559487691329165e-01	   8.2755484792662681e-01	   7.9838730957777326e-01	   5.6583805448722746e-01	   6.1896308229871178e-01	   4.5770357927897493e-01	   5.7782304829015785e-01	   4.6537707770702497e-01	   5.0784142032606883e-01	   3.8481697427360961e-01	   3.7551303308579537e-01	   2.1430858117389620e-01	   1.1106459633939494e+00	   1.0674794858153474e+00	   8.6466462774170272e-01	   8.2908881176114857e-01	   1.1900688411825247e+00	   1.1103820987306570e+00	   4.7226557475034869e-01	   3.9823784027750497e-01	   6.0199968412284743e-01	   5.9951899338910808e-01	   6.4496744787649707e-01	   6.2444215227635669e-01	   7.5207023273868945e-01	   6.3593030450777099e-01	   7.8959119602560290e-01	   9.8226748576012013e-01	   4.5074482244984609e-01	   3.8369671541254652e-01	   9.4069481249635312e-01	   8.8422648652659175e-01	   6.1764265040478583e-01	   6.1564720877249657e-01	   7.3525936085488353e-01	   8.3806055845389549e-01	   5.4365391556764275e-01	   5.2831804705944785e-01	   7.8761025548312869e-01	   7.1223895514508084e-01	   5.4674010837574649e-01	   6.6692828817258110e-01	   7.4160545992081073e-01	   8.1211362291583877e-01	   8.5048985829671397e-01	   7.6563568014258099e-01	   1.1472694961220060e+00	   8.5373464361572071e-01	   7.4618018848282130e-01	   7.1374193221695792e-01	   3.6963390997005280e-01	   3.4973425450941920e-01	   3.1503717966542505e-01	   1.0965525653868090e-01	   8.6795735661079187e-01	   6.9544244806757827e-01	   1.1165476805883023e+00	   1.1375755599947313e+00	   1.1880963979794577e+00	   1.0567553365309670e+00	   8.5369978838790195e-01	   8.3741681953462821e-01	   8.1688512099515409e-01	   8.0602165469418763e-01	   1.0027577496481859e+00	   9.8872371290655048e-01	   7.0082224640564805e-01	   8.6810425198306940e-01	   1.0031838471982257e+00	   7.2612654582773528e-01	   5.7685681057854132e-01	   5.5894175163595650e-01	   5.6081391597769303e-01	   4.7919492546292952e-01	   2.7126729595088417e-01	   1.4928382336670953e-01	  -5.8655344138105352e-02	  -2.0482425282901906e-01	   1.7842523545881098e-01	   3.7428831022744619e-01	   6.6987890692524055e-01	   6.2397450083555472e-01	   6.3996602968555172e-01	   6.3587677086495342e-01	   4.6060998763503541e-01	  -4.0336119371640312e-02	   3.4153795095028699e-01	   2.4662419925790707e-01	  -2.5483181257915066e-01	   8.2966711668377588e-02	   3.6198571069073038e-01	   1.1210598453290001e-01	   4.7566043564273386e-01	   5.0360525735056250e-01	   4.5988290930757375e-01	   5.6098423956383192e-01	   3.0223222778310233e-01	   5.3557348939819116e-01	   3.2322872052693591e-01	  -4.9650693799192436e-01	
   1.1130702496838731e+00	   9.6880523700904075e-01	   6.0522211392793990e-01	   9.2632401318728752e-01	   7.4101392996121884e-01	   5.5381220253125130e-01	   7.6863625810908731e-01	   1.0381009786703466e+00	   8.6083211560217965e-01	   8.8066890705718603e-01	   1.0643005195853790e+00	   0.0000000000000000e+00	   9.2447227872028104e-01	   1.5621437902190400e+00	   1.0141502967533977e+00	   1.2797846819060066e+00	   6.4508669834535270e-01	   7.7967064100487904e-01	   8.7023478555274081e-01	   6.8008670666466231e-01	   6.8067838215918919e-01	   7.1193713957385263e-01	   6.8266345325749755e-01	   7.8317044504111255e-01	   5.0411516191830530e-01	   5.6622133225333737e-01	   4.0875841531299495e-01	   3.1766624268502952e-01	   7.9927207330144823e-01	   1.0442091619783911e+00	   8.6462354078504233e-01	   1.0563089582445169e+00	   1.0776688172675888e+00	   1.1689147072222144e+00	   4.0525072440128168e-01	   4.8175045791529369e-01	   5.0044158879100575e-01	   7.4044442503802788e-01	   6.1083560913818191e-01	   8.3503883835809922e-01	   7.1560995976543773e-01	   7.2343501660390119e-01	   1.0321559389892185e+00	   1.0527708877135713e+00	   7.9005387564858709e-01	   6.9115688908074135e-01	   1.0248509415717326e+00	   1.1205246245495535e+00	   9.4643583082001381e-01	   8.6280024247656506e-01	   7.4000662516264937e-01	   9.4192479825185982e-01	   7.7193710023735995e-01	   7.6897676024185291e-01	   8.5203874320535955e-01	   9.9299244471499371e-01	   6.7465292083151784e-01	   6.8440994638001573e-01	   1.0828635127416664e+00	   1.0204497353302195e+00	   9.8253942051879362e-01	   1.0660267348861308e+00	   1.0040262499618806e+00	   7.3149212828114418e-01	   8.1303812654037533e-01	   1.1013046393229777e+00	   6.7933854940159344e-01	   6.8793851467498357e-01	   4.7531520457688092e-01	   2.7481280348576931e-01	   8.8573818553243733e-01	   1.0330908238944800e+00	   7.0825300744913677e-01	   8.2855590754315900e-01	   7.2514880665623394e-01	   7.6137185569941312e-01	   9.0186348016668816e-01	   1.0778320808358794e+00	   6.6943995945033696e-01	   7.0066852074223429e-01	   8.6172835443808593e-01	   9.7492009256588652e-01	   9.0529329858510743e-01	   1.0864804927577931e+00	   9.5393531481936011e-01	   1.1007904083893647e+00	   5.1190144335140553e-01	   5.6731607058783484e-01	   8.0499552586468182e-01	   8.4939111298594050e-01	   6.0169318478906275e-01	   4.9569107429880799e-01	   3.3416840825051780e-01	   1.0869913259859369e-01	   3.7992559853644575e-01	   7.5528832811127156e-01	   8.0644986219261050e-01	   9.8734399902859482e-01	   8.4423267135700497e-01	   9.7793331867308331e-01	   7.2364628854011726e-01	   4.7719780566728466e-02	   5.2634349390215729e-01	   3.5507729675399852e-01	  -1.3959800147392179e-01	   1.8518152155822279e-01	   5.4133454711751439e-01	   3.9360987162930350e-01	   6.1828042255853799e-01	   7.4459911154686242e-01	   6.0065720724880589e-01	   8.6541688197816802e-01	   6.3308776099588182e-01	   6.6310579784517265e-01	   3.8400599886639120e-01	  -3.6882408218829993e-01	
   9.0148860734095471e-01	   8.1601125800091812e-01	   6.9009372394523816e-01	   5.4176345913328450e-01	   5.9848589952774511e-01	   3.7024684614701675e-01	   7.9130294612567076e-01	   6.3543014579994250e-01	   9.3913357692976984e-01	   5.8118043834877597e-01	   1.4934440216641032e+00	   9.2447227872028104e-01	   0.0000000000000000e+00	   1.0402072890519709e+00	   1.1528315205503972e+00	   9.1958430328262653e-01	   8.2625513416913687e-01	   7.8496908392058695e-01	   8.3360559446405913e-01	   6.5259708957925788e-01	   7.0143352091523725e-01	   6.0862101488550413e-01	   5.5235341003906901e-01	   4.3421397365355174e-01	   5.6457335216335647e-01	   4.1030090151170590e-01	   4.3699831043009563e-01	   3.0382748001905169e-01	   1.0282433848725039e+00	   1.0166147373324830e+00	   7.0736299581128947e-01	   6.7313946169179939e-01	   9.7582169186723478e-01	   1.0523841647247776e+00	   4.2897314265687420e-01	   4.2217956235460385e-01	   6.4327563248451436e-01	   5.7755056263870053e-01	   7.9910371324212481e-01	   7.2039297536300606e-01	   7.2855008644638664e-01	   7.5930094360706424e-01	   7.9754812378336770e-01	   8.8234925150203813e-01	   6.3240653399884239e-01	   5.4149061471984716e-01	   9.1869764117837049e-01	   8.4237695697424142e-01	   7.9805070777827847e-01	   7.2585518877113031e-01	   8.5044693330767340e-01	   8.2269320126206913e-01	   7.1118685252628855e-01	   6.3587390855203341e-01	   9.3685789131833885e-01	   7.3288428870293831e-01	   4.6319289666635899e-01	   7.1439233946334557e-01	   8.2926039535700924e-01	   1.0301248641180336e+00	   8.6100231598562404e-01	   8.9198709418194677e-01	   1.1743536480610497e+00	   8.5138493068489640e-01	   7.3434441947082041e-01	   6.8994198636332715e-01	   5.2206769225292249e-01	   5.0597010738040060e-01	   3.7546952830863028e-01	   2.3212518639879565e-01	   7.3066193308044303e-01	   5.7174266741772994e-01	   8.2422169383317601e-01	   8.3410494173439986e-01	   8.5230587705036731e-01	   7.8847950500412844e-01	   7.8168025591345458e-01	   7.7411759997027962e-01	   7.3188385616013774e-01	   7.1539901698044106e-01	   9.7894635517763162e-01	   9.0902038016942366e-01	   7.7149329855878468e-01	   8.7721047523194373e-01	   7.9856052293189328e-01	   5.5669084835355309e-01	   5.8254060790311457e-01	   4.1901857121497199e-01	   7.1974646647908658e-01	   5.7354516396230004e-01	   3.9961573727292932e-01	   2.5234192654320420e-01	   1.6272127555753909e-02	  -1.2451074363055931e-01	   3.1229028279419635e-01	   4.5744457020063467e-01	   7.6234759414376652e-01	   5.9105681384065212e-01	   7.1039121087036838e-01	   6.4847704011345564e-01	   4.6180621027878072e-01	  -2.9099868834329828e-02	   2.9487634831119114e-01	   2.6215489482397597e-01	  -2.7829743560968390e-01	   7.9721763342967253e-02	   5.1255856104152164e-01	   2.2456289445230063e-01	   5.4007009925062555e-01	   5.6269443507357075e-01	   4.9362739462242228e-01	   5.8904107742020517e-01	   3.9643569680366397e-01	   4.3881504108885416e-01	   2.6189827334747373e-01	  -4.9275711115760179e-01	
