   0.0000000000000000e+00	   8.9775299694808242e-01	   8.0652186209853050e-01	   6.7609789376575724e-01	   8.8078643010893720e-01	   8.7564075499693705e-01	   9.2329753213896903e-01	   8.3561468447581411e-01	   8.1326735544421158e-01	   8.2818635139258068e-01	   1.0285355993933012e+00	   9.2334807642247374e-01	   9.3883095597008104e-01	   1.0561506298174927e+00	   7.3511367578858799e-01	   6.2338151208643011e-01	   5.5595311532705505e-01	   7.1820796771964934e-01	   8.9520734669272684e-01	   5.9523322634378173e-01	   4.2897266880816320e-01	   3.4536243926343274e-01	   4.6426306259483163e-01	   4.1926903204609989e-01	   5.1295366298478862e-01	   5.3482427989232206e-01	   5.1304917843222908e-01	   5.1737339496473955e-01	   3.9742500930418273e-01	   4.4815196109426997e-01	   4.3613322223543133e-01	   4.2833205304094835e-01	   9.4903149484093818e-01	   7.8047136909154902e-01	   6.5035521996823076e-01	   4.6795320170312454e-01	   4.8399232867170405e-01	   2.8446821701738190e-01	   6.2200115365319930e-01	   2.7804221849511968e-01	   2.6672420433600286e-01	   1.1341002257954137e-01	   6.0940802275768657e-01	   5.9297750610425659e-01	   5.8116311460666903e-01	   6.2894706394643674e-01	   6.2845728692056202e-01	   4.6967794877784635e-01	   7.8012466559143334e-01	   7.9427279210212087e-01	   8.6945550334463095e-01	   8.1686903489346940e-01	   5.6256295438149018e-01	   8.0236130259680960e-01	   8.4370773162870250e-01	   7.6849391306821135e-01	   7.8984155798901590e-01	   6.6763972310600461e-01	   9.5252176934170885e-01	   7.1869048032888572e-01	   9.8211208245038906e-01	   6.3837730897174660e-01	   6.7673694013627184e-01	   4.5113282850861597e-01	   6.9125564881941315e-01	   5.8769969908001041e-01	   7.8159026679876165e-01	   6.7075331417366568e-01	   9.8392640551396549e-01	   6.5803542744882004e-01	   5.5317601383707926e-01	   6.3803880986631600e-01	   8.2392614965781985e-01	   6.1458654832998949e-01	   9.1568508113822344e-01	   8.3762327345969867e-01	   4.7636122580251861e-01	   3.1230024316021116e-01	   7.3448261041716500e-01	   5.1959128209350847e-01	   9.4195954299989482e-01	   8.7584441218607578e-01	   2.5380004418754076e-01	   5.2620751785766007e-01	   6.4739932959483337e-01	   5.6939834435685333e-01	   3.2805245490638046e-01	   6.0594537453211006e-01	   1.0306233863308731e+00	   8.6318260509765765e-01	   5.4037657353345736e-01	   5.5879031591722828e-01	   6.5798331992552650e-01	   6.9013496061324231e-01	   2.4337766495566246e-01	  -1.5079441117552894e-01	   4.6138315303947797e-01	   2.3758000399389900e-01	   7.2063691549278130e-01	   5.9671558329794894e-01	  -6.6868409085573286e-03	   7.1598649750611021e-01	   7.0048108418086841e-01	   7.2531969868287016e-01	   6.1164016672580930e-03	   1.6968208891992981e-01	   5.3272541378995475e-01	   7.2171829996663461e-01	   3.3712719607773772e-01	   3.6800631269492276e-02	   2.0893021551515196e-02	   6.1210408254106652e-01	   5.2497117456549047e-01	   8.2627171003202404e-01	   6.7319402998197830e-01	  -7.7824948439653781e-04	
   8.9775299694808242e-01	   0.0000000000000000e+00	   6.5843936942339543e-01	   8.4319437007462616e-01	   7.5139667136433874e-01	   9.7137380372163251e-01	   8.2474189810339515e-01	   1.0051996209092762e+00	   7.4475063551816401e-01	   7.4669956221056066e-01	   7.5154025452046724e-01	   8.7596044178201449e-01	   6.8186162529842709e-01	   9.6992538229777547e-01	   6.9435552403055278e-01	   6.5657535827096958e-01	   5.8759141894319611e-01	   7.0244435680790474e-01	   6.2106499161249196e-01	   7.3169895958193421e-01	   5.5142276662975620e-01	   4.0925603688989970e-01	   4.3250118155734474e-01	   4.7273165196239342e-01	   6.5223464727652813e-01	   6.9064473615497590e-01	   6.4334997941687222e-01	   6.2460734330384171e-01	   4.8674115278515007e-01	   6.0391869117524244e-01	   5.0007509407451878e-01	   4.9979336780839767e-01	   9.1518431477793394e-01	   1.1343707836213663e+00	   7.1403400787447802e-01	   6.9263891292309177e-01	   6.3224553785864379e-01	   3.7140732329479331e-01	   7.0504676195269311e-01	   4.5677712530612102e-01	   4.6673657206204705e-01	   2.6969129449671675e-01	   7.4455052363377661e-01	   7.5718547214594711e-01	   7.5264052592473096e-01	   8.7897544875034161e-01	   9.3715334284312546e-01	   7.9842442040912620e-01	   9.4262871023931838e-01	   9.5089807790790948e-01	   1.0549428142308135e+00	   1.0754132118058088e+00	   6.1862645122069515e-01	   6.3562828075417444e-01	   9.2365465731879048e-01	   8.9417443574071143e-01	   7.0086905779360709e-01	   8.8660476367528873e-01	   6.6628501523573924e-01	   8.3122680562540485e-01	   7.3113049025563581e-01	   9.0321797846159813e-01	   4.7273280584684846e-01	   4.7157526869053434e-01	   6.9776725624731450e-01	   7.4043120085427172e-01	   8.6852749744545110e-01	   9.8566205730828926e-01	   8.6830379641167432e-01	   1.0160980489404632e+00	   4.7671024091644887e-01	   5.4123152615185544e-01	   8.6491133892988770e-01	   8.6650949387764009e-01	   8.7295074282632867e-01	   1.0363779932663131e+00	   6.9263219721070779e-01	   5.9151244130888825e-01	   6.9496855683564918e-01	   5.9718836322016255e-01	   1.2024078352261287e+00	   1.1464271490113787e+00	   3.4916588569928880e-01	   6.3081583493017224e-01	   7.5314426068790830e-01	   6.6017407205577683e-01	   3.9724389957036160e-01	   7.1286859020038107e-01	   9.0384502949722112e-01	   8.0929115152380193e-01	   5.6054153404379781e-01	   5.2989521290509689e-01	   6.7101659941491876e-01	   4.8798930656619893e-01	   3.9451149883328301e-01	   2.5534235169783988e-02	   7.7499572394436045e-01	   4.6425116590043991e-01	   8.4326862652515111e-01	   7.8084771772034034e-01	   2.3318792924465745e-01	   5.6998634663943726e-01	   8.1150543267264585e-01	   6.6957492702529042e-01	   3.6933897590765381e-02	   1.1511525254111049e-01	   4.7728560851107010e-01	   8.7780743736511380e-01	   4.0960164842678753e-01	   1.1715188222748890e-01	   2.0860317399942885e-01	   9.3421502641930865e-01	   5.5854866424222982e-01	   8.6889791439183695e-01	   6.4780696574276064e-01	  -1.8346320732844071e-01	
   8.0652186209853050e-01	   6.5843936942339543e-01	   0.0000000000000000e+00	   1.3646405556558783e+00	   1.2043681110342148e+00	   6.7684008925100769e-01	   1.3150585802175287e+00	   9.5389938566412513e-01	   1.5125414833308313e+00	   8.5850201360894174e-01	   1.0248118321724462e+00	   1.0035731767158018e+00	   1.0011356543063106e+00	   1.0228628582247707e+00	   1.2494212730685548e+00	   8.0993497805334658e-01	   1.9626327308222341e-01	   5.3676131279632189e-01	   8.3317933723973214e-01	   8.4328190215821941e-01	   7.3972680036221594e-01	   6.3547122066117534e-01	   1.3643604367726527e+00	   1.2204296479761914e+00	   1.3707704847574824e+00	   1.3543146076405714e+00	   1.1364423122069240e+00	   1.0065449656126040e+00	   3.0134682542818225e-01	   3.5147250626520571e-01	   1.0452003800569487e+00	   1.0459620644055960e+00	   9.2943829906541420e-01	   8.7643254139799798e-01	   1.2649139491913497e+00	   9.4278787260734997e-01	   8.9723160788075829e-01	   5.5063437762078471e-01	   8.5851119963578071e-01	   5.2203926567254677e-01	   5.7916391245159726e-01	   3.0035057843973323e-01	   1.3183332471827964e+00	   1.1191703138753140e+00	   1.2002908961563887e+00	   1.0809969743192909e+00	   1.1555515086588823e+00	   1.0586591093840800e+00	   1.1016659631961216e+00	   1.0107647341320587e+00	   1.1659532532455557e+00	   8.7449846956505284e-01	   9.1333209816323979e-01	   1.1993569478477528e+00	   1.0755637015263071e+00	   1.1851183161737051e+00	   2.5125591345567472e-01	   4.7177205908057218e-01	   7.0325251317685622e-01	   6.1178539873181137e-01	   4.5733058350555023e-01	   3.8868125137347004e-01	   2.4397592652202554e-01	  -2.6840041045470289e-02	   1.4178667064695505e+00	   8.7849864399756838e-01	   1.1377448481844297e+00	   9.5169078580135191e-01	   7.6804140425888667e-01	   7.8606670394213773e-01	   1.1196860009459091e+00	   9.9035581749064883e-01	   7.4751782862314264e-01	   6.0754749629432014e-01	   6.9778289945779570e-01	   6.6200082610461264e-01	   8.4750368858552527e-01	   6.5604656170293330e-01	   4.9380583694076863e-01	   5.5805422333736321e-01	   5.3025240165142251e-01	   6.2033371331329312e-01	   5.9024646128841241e-01	   7.5666582991588160e-01	   1.1721184427750266e+00	   8.6807008286123577e-01	   6.7885653979399485e-01	   9.9921906018101769e-01	   1.2435497239439302e+00	   1.2618755248018039e+00	   9.0784732942508761e-01	   7.6214166397233329e-01	   1.0106834365272181e+00	   1.0671802784531852e+00	   1.6418565483680161e-01	   2.2577907596412838e-01	   8.8395641344606679e-01	   7.5090012463522648e-01	   1.1707887333883999e+00	   9.9843101281820690e-01	   5.5998385475395332e-02	   7.2602984632527900e-01	   5.7921391981463710e-01	   7.9139433083402766e-01	   1.3386127147794513e-01	   2.5487787483268154e-01	   5.7320600421560219e-01	   5.8696229504998210e-01	   2.1333141556307389e-01	   3.4884182268426467e-01	   5.3027359154371401e-01	   8.7766531574636408e-01	   6.2963147077737047e-01	   6.6173649591439310e-01	   7.0500420439900924e-01	  -2.7445931759019287e-01	
   6.7609789376575724e-01	   8.4319437007462616e-01	   1.3646405556558783e+00	   0.0000000000000000e+00	   9.6640052280104061e-01	   8.5781670257218279e-01	   1.1247232106710285e+00	   1.3291993530159210e+00	   1.3772040173954552e+00	   1.0052799067149387e+00	   7.8389586702140401e-01	   1.1447711346009388e+00	   7.7393347411935121e-01	   1.0656819657372074e+00	   1.0186563561556297e+00	   8.5639559599250670e-01	   2.4473009473198792e-01	   4.6469543139817204e-01	   6.7519825358354923e-01	   8.8152751057835343e-01	   7.6829484345208088e-01	   6.7359877485917663e-01	   1.0755940282236742e+00	   1.2612012067523670e+00	   1.2283535990591967e+00	   1.4631543589564526e+00	   1.0958529536035664e+00	   1.0300290253681639e+00	   2.6026418088195091e-01	   3.6847027906459140e-01	   8.1657186658578218e-01	   9.2247746643877759e-01	   7.5621233961178735e-01	   8.9851195642981507e-01	   1.0483662807475864e+00	   9.3001957903296795e-01	   9.1104515178208878e-01	   5.2604415324114484e-01	   7.5359699264467062e-01	   5.7068589631524058e-01	   6.3033802861023980e-01	   3.7610911057891444e-01	   1.1141369677544735e+00	   9.8876810811675464e-01	   1.1011286301050882e+00	   1.1116301266611730e+00	   1.2198199284469251e+00	   1.1813052110836526e+00	   1.0769244966785683e+00	   1.1555221550298551e+00	   1.1248982346739429e+00	   9.4001432393803008e-01	   1.0294252004685476e+00	   1.0499741455297227e+00	   1.0943005041595026e+00	   1.1366953646285611e+00	   3.2120829799743611e-01	   4.7043514944154330e-01	   5.8913316918515146e-01	   6.2872675836215064e-01	   4.0677379164918032e-01	   6.3014218680102496e-01	   2.2009382868168173e-01	   9.7916062349567956e-02	   1.2297251472190329e+00	   1.1214143065360960e+00	   9.6707680476838842e-01	   1.0314757986758880e+00	   6.8423609532575480e-01	   9.2056598742321427e-01	   8.7520771415751053e-01	   8.9439767749735921e-01	   7.8338281005105881e-01	   6.8392879813229934e-01	   6.8113810216257276e-01	   7.3327099327233747e-01	   9.6531469055277097e-01	   7.7426606245758700e-01	   4.8660311829140523e-01	   4.7080035196878572e-01	   5.9422925909173452e-01	   6.3039459219969485e-01	   5.8919535401912149e-01	   7.5390563544986233e-01	   1.1014604877673031e+00	   9.0559414049136167e-01	   6.7753640487073641e-01	   1.0008334624558788e+00	   1.2701015153280184e+00	   1.3638932837711608e+00	   1.0758087236157812e+00	   7.9808589806598729e-01	   1.2368524206515723e+00	   9.7205895178577206e-01	   1.6792060543775100e-01	   3.0498812980678836e-01	   9.9880606549255935e-01	   1.0140809583753172e+00	   1.4021617365412666e+00	   1.1597360657320941e+00	   1.4555543384182684e-01	   7.0668287187492096e-01	   5.7884622487130133e-01	   8.6256342981074074e-01	   1.9237554137337945e-01	   2.9569054042246046e-01	   4.8630712784211128e-01	   5.7727853090591130e-01	   2.4612957469252156e-01	   3.7855397639910870e-01	   5.8608454696742496e-01	   1.1725618048554201e+00	   7.2226544182245422e-01	   6.9489788994649448e-01	   7.4292629396968202e-01	  -2.8630110745557158e-01	
   8.8078643010893720e-01	   7.5139667136433874e-01	   1.2043681110342148e+00	   9.6640052280104061e-01	   0.0000000000000000e+00	   1.1711091645866374e+00	   1.5011915059960996e+00	   1.0652787279897076e+00	   1.6251587977672153e+00	   1.0865706707833442e+00	   1.0616320379599353e+00	   7.9912490882434895e-01	   1.0537204646362024e+00	   8.9470474079289042e-01	   9.6918257708362376e-01	   7.1681643027812081e-01	   2.7965498712765308e-01	   5.6233394421113025e-01	   5.6293810144654399e-01	   5.1868679231470038e-01	   6.8017825813912791e-01	   6.9620099995741414e-01	   7.2629268354531973e-01	   6.9881266457782609e-01	   9.8624120501290613e-01	   9.5742041172560621e-01	   8.7398318492717586e-01	   8.4738811201479025e-01	   2.8894080242081804e-01	   3.8152921107832061e-01	   6.1830314741262171e-01	   5.9420146036033927e-01	   6.8595609231917531e-01	   6.9284959176362126e-01	   9.3785351576491249e-01	   7.9326349200857882e-01	   7.4707863506052763e-01	   4.8639503192592864e-01	   7.4117952168477708e-01	   4.5512684106928042e-01	   4.8075887609016338e-01	   2.5397939169703554e-01	   1.0305563067905301e+00	   8.5700738486624994e-01	   1.0634910167741147e+00	   1.1056034179421241e+00	   9.0993650888441346e-01	   7.8625255823834728e-01	   1.1950818005082522e+00	   1.2276229780776071e+00	   1.1707910885942643e+00	   9.3446983776280634e-01	   8.8513941229955462e-01	   1.0665233371932090e+00	   8.4724413670114107e-01	   8.9036095100444168e-01	   3.2810015009926091e-01	   4.1214448315398017e-01	   7.1792453873847373e-01	   5.3346522851328582e-01	   6.3260437946985426e-01	   5.2723425650308731e-01	   1.8229607240162565e-01	   2.0285641103072322e-03	   9.1449361568546972e-01	   7.2750914185147353e-01	   9.2091454052596933e-01	   8.4129719697613081e-01	   6.4640140681272795e-01	   6.1437317452845097e-01	   7.2662810278261525e-01	   6.5622642040397161e-01	   4.9230526340465597e-01	   3.5693352135994033e-01	   5.3094663053721369e-01	   5.0277232782007575e-01	   6.6460423254514267e-01	   5.1633029874627256e-01	   4.6668518243034107e-01	   5.5136354930926046e-01	   5.9924993340375621e-01	   6.8453233849010375e-01	   5.9242631569675119e-01	   7.5182684944711275e-01	   8.2199216840689349e-01	   6.7541374933124620e-01	   5.7047529019768051e-01	   7.4470563885727159e-01	   1.1934239270023046e+00	   1.0745493625290072e+00	   8.5920556947980931e-01	   8.0062234152249823e-01	   1.0130087918962150e+00	   1.0122494919434837e+00	   1.6401887661332479e-01	   2.2810937300350420e-01	   6.9703907447717672e-01	   5.2402236101839705e-01	   1.0336311101304105e+00	   8.5512645474309679e-01	   1.1883523334166385e-01	   5.3539601352042265e-01	   6.4104731199962783e-01	   7.1007161916998351e-01	   2.6828504392215458e-02	   1.9963893972668328e-01	   6.2875366435503088e-01	   6.1699010208121896e-01	   1.7878511826483692e-01	   2.8487928483822733e-01	   4.3286222929440171e-01	   7.6412516888197812e-01	   6.9857062045900431e-01	   6.4375547479167128e-01	   6.6769769406737922e-01	  -3.3147106783550062e-01	
   8.7564075499693705e-01	   9.7137380372163251e-01	   6.7684008925100769e-01	   8.5781670257218279e-01	   1.1711091645866374e+00	   0.0000000000000000e+00	   9.8767100038361999e-01	   1.2047164732396731e+00	   1.0107786725222598e+00	   1.2147468173735627e+00	   7.4058643026084969e-01	   7.8108058879995068e-01	   7.0416407055439012e-01	   8.1791470062447313e-01	   6.2153353048315585e-01	   6.2253197448601971e-01	   5.0713632562791255e-01	   5.5613634180081317e-01	   4.4029656740557699e-01	   4.7578690474580065e-01	   5.2921769006460251e-01	   5.2508018496657760e-01	   3.9791470058050454e-01	   4.4003817426711117e-01	   6.2768011196188522e-01	   7.0717672090053552e-01	   6.0445310024042165e-01	   6.8026199555992395e-01	   2.9324638441633183e-01	   4.2658881841619323e-01	   3.4827286682769582e-01	   3.3731496905934572e-01	   5.6403781628078353e-01	   6.7828459333382307e-01	   6.3450391245580628e-01	   5.7687622518618509e-01	   5.0072236672303760e-01	   3.5129895724741078e-01	   5.1124482680677497e-01	   3.6851500843449775e-01	   3.3753737397010003e-01	   1.9367175208321605e-01	   6.4626207897829491e-01	   5.7615663571489850e-01	   7.3525500623120821e-01	   9.0993735183012392e-01	   7.4140942338054006e-01	   6.2576025107713740e-01	   8.7543296729129882e-01	   1.1732391777120272e+00	   9.1224482318617539e-01	   9.3542803421956111e-01	   8.1369418987637365e-01	   8.3903858308217261e-01	   6.7458146415331111e-01	   7.2461235820994618e-01	   5.7682852586937117e-01	   5.2936142576735801e-01	   7.2360639890836920e-01	   6.8780821467136999e-01	   7.8858561291575502e-01	   8.5864267266863614e-01	   4.1764100085679950e-01	   3.0164104045452361e-01	   6.3956003512691317e-01	   7.9290367724362443e-01	   6.6862417411671826e-01	   7.5176631515660342e-01	   6.7878411616913448e-01	   7.1224625871265757e-01	   3.4805239137837685e-01	   3.9813823916343766e-01	   4.5158974165754229e-01	   3.6667941224956035e-01	   4.8624838148628907e-01	   5.4952135436420968e-01	   5.0901441321076635e-01	   4.2612716933363448e-01	   5.5020181218110720e-01	   5.3240258845984556e-01	   8.3156235448174876e-01	   8.1037536464172910e-01	   3.7908612854617424e-01	   5.6836374760019370e-01	   6.0686298219937418e-01	   6.0488699617077779e-01	   3.6072019706331615e-01	   5.8026035854174041e-01	   1.0088994277905095e+00	   9.6380634817694166e-01	   7.3066274042485757e-01	   6.3212315756135196e-01	   9.1260095260187701e-01	   7.0684997893953017e-01	   2.4891933164644425e-01	   1.2748392289278263e-01	   5.5722121604850905e-01	   3.9658000615696626e-01	   8.4100672659805720e-01	   7.2514012109866366e-01	   6.2327491132951475e-02	   4.8904331896432274e-01	   6.3696124362444473e-01	   5.6602632861797231e-01	  -6.9694331786969210e-02	   1.1473324036201404e-01	   6.0281500019260170e-01	   6.2035811998717405e-01	   2.6026353791940299e-01	   2.1070332073670273e-01	   2.4644066061586548e-01	   6.9799808788461315e-01	   6.0354226529313248e-01	   6.7548798970284263e-01	   5.1436957437567798e-01	  -2.6628916420881948e-01	
   9.2329753213896903e-01	   8.2474189810339515e-01	   1.3150585802175287e+00	   1.1247232106710285e+00	   1.5011915059960996e+00	   9.8767100038361999e-01	   0.0000000000000000e+00	   1.5026728508396392e+00	   1.3466089607786245e+00	   1.0476397802578177e+00	   1.0633703138711472e+00	   9.3787737005844241e-01	   1.1233774135616812e+00	   1.1261068980476989e+00	   9.4526238194369394e-01	   7.4133555299101483e-01	   2.0514891136716265e-01	   5.0045734592304003e-01	   5.2930280517083916e-01	   5.3499248115627507e-01	   6.3524831109900182e-01	   5.4428622786959857e-01	   7.0932229179546413e-01	   7.2112865692927619e-01	   9.4015959876203203e-01	   9.7538972183409378e-01	   7.6443794177241320e-01	   6.7810424913895762e-01	   2.4330149885702551e-01	   3.4644659995912180e-01	   6.6353978821406767e-01	   6.8191542943058536e-01	   8.3018304330023363e-01	   9.3252703109604596e-01	   1.0147344122193878e+00	   8.8778876782762151e-01	   7.8324516539751832e-01	   4.5073298510725102e-01	   8.3647146869207134e-01	   5.0616861918804690e-01	   5.0323940334066208e-01	   3.0263541618597684e-01	   1.0812566128054486e+00	   9.2481563026828317e-01	   1.1175816963207073e+00	   1.1424600678601018e+00	   1.0526778357866735e+00	   9.0228447840737347e-01	   1.2982758391463842e+00	   1.2493906064165083e+00	   1.3925560491782432e+00	   1.0696728003953755e+00	   8.1152571704018539e-01	   9.5161847836652158e-01	   1.0455152474802116e+00	   1.0056445387013619e+00	   3.2876255121067494e-01	   4.4389863525465745e-01	   7.7769174258185325e-01	   6.4160123400959035e-01	   8.1468863483008591e-01	   7.0670567523751626e-01	   2.7007215835524961e-01	   5.8072608905414991e-02	   1.0808765597973604e+00	   9.6082324433271438e-01	   1.1123818619423083e+00	   1.0194991075116526e+00	   6.6435679403729486e-01	   6.5286839276661579e-01	   8.4047251930650646e-01	   8.0048664035659967e-01	   6.3202567875426274e-01	   4.8229338127883398e-01	   6.6224015634943978e-01	   6.2451417549587340e-01	   8.4129083058071774e-01	   6.3189449274611698e-01	   4.1097213412870870e-01	   4.2675143423038675e-01	   6.3172137780365245e-01	   6.9320502840898923e-01	   5.2829697180410695e-01	   7.5398424327750668e-01	   8.1333743263102232e-01	   6.6778473631054192e-01	   4.8374562314017833e-01	   6.7613909154827279e-01	   1.2676680162225469e+00	   1.1691850481167463e+00	   8.7506474764519604e-01	   8.2492283561658164e-01	   9.8577164643481685e-01	   9.6519533172670868e-01	   1.8592482906327207e-01	   1.9761814796964991e-01	   8.7200841628323222e-01	   6.6502300741871101e-01	   1.1357502126978880e+00	   8.4563867661584524e-01	   9.5281372746381154e-02	   6.4974934231442860e-01	   6.5032575910139567e-01	   7.7954282588009249e-01	   4.1768961350210798e-02	   2.7691916268162869e-01	   6.2770933508193449e-01	   6.1792455083973297e-01	   2.5189543527894664e-01	   2.9271153196121780e-01	   4.9624257501143076e-01	   8.7953318738055286e-01	   6.8249834775151563e-01	   7.1491325320524368e-01	   7.4252725385136598e-01	  -3.5750103742485068e-01	
   8.3561468447581411e-01	   1.0051996209092762e+00	   9.5389938566412513e-01	   1.3291993530159210e+00	   1.0652787279897076e+00	   1.2047164732396731e+00	   1.5026728508396392e+00	   0.0000000000000000e+00	   1.1308669038928505e+00	   1.2397362396007803e+00	   8.7377692477204394e-01	   1.0990261185746923e+00	   8.7317193821008354e-01	   1.1731760639911251e+00	   7.7690523339474882e-01	   7.9008312444579631e-01	   2.7214692617089498e-01	   4.5351190051842105e-01	   4.3457506801299328e-01	   5.6520075030716255e-01	   5.6843201227459972e-01	   4.8332596029844743e-01	   6.1695402573008651e-01	   7.2154433957421449e-01	   8.4389961161651916e-01	   9.7572293427891787e-01	   7.0445043741488711e-01	   6.5636599488762148e-01	   2.4926630654351395e-01	   3.7288535480724905e-01	   5.6901603724100280e-01	   6.2645917847134647e-01	   7.5232587722475919e-01	   9.8517613584284580e-01	   8.9967038634618934e-01	   8.5564419016993898e-01	   7.5871608694502224e-01	   4.6284427359934327e-01	   7.5979352569838265e-01	   5.5671620864795657e-01	   5.3594878482301100e-01	   3.7535370421089381e-01	   9.1903944666190240e-01	   8.3000382155113017e-01	   1.0270703904739145e+00	   1.1511146095069051e+00	   1.0702131962742938e+00	   9.2423180609133548e-01	   1.2069697099972587e+00	   1.3490513181161485e+00	   1.2625180882973366e+00	   1.1330203002559232e+00	   8.6790292017959469e-01	   8.7006374061239333e-01	   9.9238901397774570e-01	   9.5128369438681681e-01	   4.2272758221030721e-01	   4.4802933952827761e-01	   6.8040945204542558e-01	   6.7033559371872797e-01	   7.8719991643481901e-01	   1.0772028873119663e+00	   3.2298543624820808e-01	   2.2184199016456443e-01	   9.8626656604355323e-01	   1.2703864235584581e+00	   9.3969402969346993e-01	   1.0850817370985859e+00	   6.3589439355704269e-01	   7.2248827951105898e-01	   6.6541115054710709e-01	   7.4597131636889258e-01	   6.7823981232490416e-01	   5.7576202264070209e-01	   6.4813664495581824e-01	   6.9647383733430968e-01	   8.5040100147163278e-01	   6.8733646870549603e-01	   4.5745985595035887e-01	   4.0949813913980293e-01	   7.4623321743943383e-01	   7.3805786748503810e-01	   4.8554273275759430e-01	   7.3576441575635698e-01	   7.6434717202147240e-01	   6.8489544729552443e-01	   4.5500641921868556e-01	   6.8218560806082618e-01	   1.2216140423517647e+00	   1.1834272077277883e+00	   8.9782166803712737e-01	   7.2511725718535547e-01	   1.0382643543778649e+00	   7.8793008165948242e-01	   2.0732347487587527e-01	   2.0181607699341869e-01	   8.5411183594936024e-01	   6.9313818865584831e-01	   1.1174614325442773e+00	   8.7076891523118172e-01	   7.1546754937349188e-02	   6.1703243882300507e-01	   5.9089612665803182e-01	   6.8423672910492539e-01	   1.4636293694631959e-02	   2.0673426974870995e-01	   5.5357117629531594e-01	   5.8556251508535273e-01	   2.7689893799752535e-01	   2.9656342302960986e-01	   4.6272194606929057e-01	   1.0074555567836680e+00	   6.5779270016525837e-01	   7.0477734585189156e-01	   6.5690915957205875e-01	  -3.4058077590200048e-01	
   8.1326735544421158e-01	   7.4475063551816401e-01	   1.5125414833308313e+00	   1.3772040173954552e+00	   1.6251587977672153e+00	   1.0107786725222598e+00	   1.3466089607786245e+00	   1.1308669038928505e+00	   0.0000000000000000e+00	   1.1774277428118707e+00	   1.0914429692598642e+00	   1.0397832747999902e+00	   1.0401092514751322e+00	   1.0141153511223604e+00	   1.2026776480416999e+00	   8.7306355310215233e-01	   2.9426570533425978e-01	   5.5631636593719747e-01	   6.6931556996520469e-01	   6.8190805413361810e-01	   6.7638306709808071e-01	   6.6850565011195529e-01	   9.9503598049695496e-01	   9.9925429857767289e-01	   1.2369632191661852e+00	   1.2477879923983011e+00	   1.0856364106491527e+00	   1.0379243695257980e+00	   3.2797427413757219e-01	   4.0916750325132595e-01	   7.6330298711798417e-01	   7.8959227451563274e-01	   7.0744490962885387e-01	   7.3030982118096688e-01	   1.0862680115342931e+00	   9.0677275627017084e-01	   8.6883120360416721e-01	   5.6961532213261867e-01	   7.5735126292621024e-01	   4.8913462497718918e-01	   5.2624533197768653e-01	   2.9522475187033109e-01	   1.1685178799702411e+00	   9.9793750035396100e-01	   1.1792610010886180e+00	   1.1712601896188057e+00	   1.0665544876081383e+00	   9.6648446028299284e-01	   1.2051889185253302e+00	   1.2533255082544057e+00	   1.1938080141628804e+00	   9.2157793486710982e-01	   1.0356610338445906e+00	   1.2133323420839732e+00	   9.8784653353525564e-01	   1.0287148704311146e+00	   2.9939432927792586e-01	   3.8044888826067447e-01	   6.2493631263283178e-01	   5.4578135926436389e-01	   4.8839679954903381e-01	   4.9911347509321147e-01	   1.9566298209696339e-01	  -3.1502590134632933e-03	   1.1398594295732178e+00	   9.1022769216881450e-01	   9.0076627627282635e-01	   8.9674788213057854e-01	   6.5574310366491773e-01	   7.0072476249681859e-01	   8.5105392464132790e-01	   8.7671507815428551e-01	   6.5987599565495514e-01	   5.3846963292100591e-01	   6.3844607846446022e-01	   6.2227319865148290e-01	   7.6892847397055741e-01	   6.4331794268034770e-01	   5.0229877129671785e-01	   5.7768741777567856e-01	   5.8404321146979798e-01	   6.4366984553750584e-01	   6.0134384030783350e-01	   7.5687290016773434e-01	   1.0605296820997983e+00	   8.5583648764490583e-01	   6.7992516306996242e-01	   8.7551853600750551e-01	   1.4335740650903499e+00	   1.3443201929990756e+00	   1.0245217957285868e+00	   8.3648721363251011e-01	   1.2541032239622947e+00	   1.1709272801481740e+00	   1.3159600652691383e-01	   2.0865777265666544e-01	   8.3087089207193598e-01	   6.6289207003876804e-01	   1.2704871240941438e+00	   1.0349750814317074e+00	   1.3659521547526998e-01	   6.6205457757158159e-01	   6.5863675721380732e-01	   8.0443785943752755e-01	   9.9495022898000510e-02	   2.5144100294797561e-01	   5.7873672448483160e-01	   5.9823623417057248e-01	   2.0428059461699205e-01	   2.9257310919501661e-01	   5.1069063533545722e-01	   8.8923015371357073e-01	   6.8341253894207543e-01	   6.8516582902942802e-01	   7.2140863390491794e-01	  -3.1241013361250641e-01	
   8.2818635139258068e-01	   7.4669956221056066e-01	   8.5850201360894174e-01	   1.0052799067149387e+00	   1.0865706707833442e+00	   1.2147468173735627e+00	   1.0476397802578177e+00	   1.2397362396007803e+00	   1.1774277428118707e+00	   0.0000000000000000e+00	   7.8198593664273686e-01	   1.0733883115631582e+00	   8.2696162214953584e-01	   9.8845241249420090e-01	   7.3819393929787580e-01	   8.1268612222012271e-01	   3.0883163470877506e-01	   4.5198689920045754e-01	   5.2961346569509116e-01	   5.1255799548028147e-01	   3.9799228862172459e-01	   3.9732438396946912e-01	   5.4184753952971221e-01	   6.0523688080787874e-01	   6.6380241936111151e-01	   7.5504005421976261e-01	   6.1970178125683228e-01	   6.0814863217958548e-01	   2.4686119299382697e-01	   3.2733181742496248e-01	   4.3422689607722775e-01	   5.0151657901246405e-01	   6.2209556881832107e-01	   7.0702052862133136e-01	   7.3167722945570424e-01	   6.5925531321570019e-01	   5.7479941079920427e-01	   4.3478058056557084e-01	   6.0115487582603522e-01	   4.7454219908353185e-01	   4.1871999289831724e-01	   3.2701077329310130e-01	   6.8266460990893141e-01	   5.8019003584130169e-01	   7.8031346045057237e-01	   8.8863763666809881e-01	   7.4336535806745563e-01	   6.5271540417918938e-01	   9.0740386792735694e-01	   1.0462514099996434e+00	   8.3063817233481840e-01	   7.1320294739450896e-01	   8.4930508912045699e-01	   9.7441666827827034e-01	   7.8094495995445623e-01	   7.9707688382550368e-01	   4.5463529328018665e-01	   3.8201811351365511e-01	   5.5060759384105795e-01	   5.2039166669050929e-01	   6.3764578148206863e-01	   8.0884622005376505e-01	   3.1521061721492083e-01	   2.3330094907461824e-01	   8.3803879814861149e-01	   8.8777933710618540e-01	   6.1464719227799114e-01	   6.8348980589809705e-01	   5.8718590534440995e-01	   5.9523465648123497e-01	   5.0047058153091484e-01	   5.9396401530776766e-01	   5.1273042417213643e-01	   4.1283337045132673e-01	   5.2967320548775487e-01	   5.4946730811606315e-01	   5.3905182868391677e-01	   4.7266341061539840e-01	   4.1870241524166574e-01	   4.0262248704040415e-01	   6.5089537240731543e-01	   6.3680445480030556e-01	   4.9884981064249312e-01	   6.9819321408877189e-01	   6.9291218391656517e-01	   5.8894762992090921e-01	   4.2536264888488329e-01	   6.5714872534347180e-01	   1.1640701041832788e+00	   1.0753022690407221e+00	   7.3139591173714558e-01	   6.3631556133855949e-01	   9.4650238520609720e-01	   8.4965681178561769e-01	   1.5471541426243007e-01	   1.5300585855474949e-01	   5.8356994722571365e-01	   5.2221780732522161e-01	   8.6285283049233819e-01	   7.8667822922996067e-01	  -9.4716132919501039e-02	   5.4283210729558973e-01	   5.1206750556641667e-01	   5.1896902249469146e-01	  -4.7440011556794857e-02	   1.4622321823197659e-01	   4.9734986189352437e-01	   4.6324708149430399e-01	   1.9741273605543738e-01	   2.3809302793234316e-01	   3.8272493977127869e-01	   8.0871789528930837e-01	   5.8024252435954438e-01	   6.1873787520703083e-01	   4.9324465170703607e-01	  -2.9339313922409899e-01	
   1.0285355993933012e+00	   7.5154025452046724e-01	   1.0248118321724462e+00	   7.8389586702140401e-01	   1.0616320379599353e+00	   7.4058643026084969e-01	   1.0633703138711472e+00	   8.7377692477204394e-01	   1.0914429692598642e+00	   7.8198593664273686e-01	   0.0000000000000000e+00	   1.0508131973679797e+00	   1.7230561133829878e+00	   1.2498689991610157e+00	   1.2060232769063726e+00	   9.2918716465634110e-01	   3.8740328306547583e-01	   6.6895208305446574e-01	   5.7280111553522239e-01	   4.7605708334635732e-01	   4.8961511955034809e-01	   4.4020771980314422e-01	   8.3679436962643838e-01	   7.7594786795235959e-01	   9.7378245008242370e-01	   9.4328581236006159e-01	   8.2580447325227624e-01	   7.9248366895397149e-01	   5.3128842966006462e-01	   5.5283481496277698e-01	   8.4484558636796137e-01	   8.8851096193106183e-01	   8.9339545962933908e-01	   8.9924786998198125e-01	   1.1937975181581850e+00	   9.6880245018376343e-01	   8.6140320678474991e-01	   6.7581795399630151e-01	   1.0388150825579412e+00	   5.7878622405123903e-01	   5.3103408206761582e-01	   3.4497581519433856e-01	   1.0869345075303891e+00	   1.0674395383132660e+00	   9.2666818212351898e-01	   8.8305347198986872e-01	   9.8467534108366228e-01	   7.9739315390700749e-01	   1.0012927444614319e+00	   8.2018249861572889e-01	   1.2318131113087802e+00	   8.9898785707327400e-01	   5.7983179993052292e-01	   8.8559672553614543e-01	   1.1474161845207260e+00	   1.0206584466525708e+00	   3.5100148955887644e-01	   4.4403449455936672e-01	   7.1902988979630855e-01	   5.9651499311276845e-01	   7.6231191255149222e-01	   5.4444189102923912e-01	   3.8882915248877953e-01	   1.1535822226903301e-01	   1.1263665922220294e+00	   9.0535942185283724e-01	   8.5701868494543587e-01	   8.3701042329577868e-01	   5.8567756929954007e-01	   6.0323853625907886e-01	   8.8189355178376361e-01	   8.9094360517269511e-01	   8.6149291364471703e-01	   7.2876556545429971e-01	   7.5935090344261991e-01	   7.9347541132410837e-01	   8.5756565407420970e-01	   6.8010160003648945e-01	   7.0193350296879897e-01	   6.9933165052516078e-01	   7.3709448193609250e-01	   7.8667959927133424e-01	   4.7444646443187699e-01	   7.8377352028665237e-01	   1.0016296240237341e+00	   7.9044291466701999e-01	   6.1392066763342834e-01	   7.3064450038396112e-01	   1.2073216995394647e+00	   9.4495244569044134e-01	   4.9035372425963653e-01	   4.4848200914050529e-01	   6.0886510683643980e-01	   6.4629947642545482e-01	   1.1966394935252719e-01	  -2.1004644400054083e-02	   7.2694251090666084e-01	   3.1176167322946990e-01	   7.4197655059681311e-01	   6.4393839010711718e-01	  -2.4926020396924892e-02	   5.9998657782145493e-01	   6.2080210935807645e-01	   5.3564626159043283e-01	  -1.2123445435855222e-01	   5.7536026798355863e-03	   4.9529738861147610e-01	   6.4598322799936880e-01	   1.5027237339694929e-01	   8.6288095902761278e-02	   2.6898650177547345e-01	   5.6296227945328803e-01	   3.5157960688877338e-01	   6.2072499503186496e-01	   5.8537762523962822e-01	  -2.9843916988037866e-01	
   9.2334807642247374e-01	   8.7596044178201449e-01	   1.0035731767158018e+00	   1.1447711346009388e+00	   7.9912490882434895e-01	   7.8108058879995068e-01	   9.3787737005844241e-01	   1.0990261185746923e+00	   1.0397832747999902e+00	   1.0733883115631582e+00	   1.0508131973679797e+00	   0.0000000000000000e+00	   9.7494710129199857e-01	   1.5565302466591655e+00	   9.0777087527056322e-01	   9.5003942852303358e-01	   2.5372185595465302e-01	   4.4284680589866454e-01	   7.4856213499163282e-01	   7.4730118443947535e-01	   4.8038299567276438e-01	   4.1082079805807692e-01	   8.8381656851163215e-01	   9.0000511778086267e-01	   8.1526645550958499e-01	   9.1364410983628619e-01	   8.2133732072167076e-01	   7.7037017019790077e-01	   3.1210858384380624e-01	   3.7142931799868778e-01	   6.9899067812447691e-01	   8.5553177336032005e-01	   8.5518369788074033e-01	   9.4652658414372348e-01	   1.1073924446027814e+00	   9.4509728527029735e-01	   6.4634126911650602e-01	   4.5992502387548451e-01	   7.1247867574947088e-01	   4.1817227764111481e-01	   4.1383275433039879e-01	   2.8685755626425352e-01	   8.7952661453682190e-01	   8.5781968745772297e-01	   9.2271526729728826e-01	   9.4884729163946102e-01	   9.3184347609539953e-01	   8.0311516228646873e-01	   1.0783844727766370e+00	   8.9933394198217553e-01	   1.0240124031424929e+00	   8.2416645490644025e-01	   7.6814618601007434e-01	   9.1776785921862181e-01	   9.8691297038459891e-01	   8.9364907711621944e-01	   3.7316453770663377e-01	   4.0540939391556208e-01	   6.5684243874159665e-01	   5.8133153013840211e-01	   6.5529739227552986e-01	   8.3448138214153567e-01	   4.2116411621039129e-01	   3.0421460543566198e-01	   1.1784380414698647e+00	   1.1957942326718327e+00	   7.9168318156007822e-01	   9.0913886667913246e-01	   5.9558376112711264e-01	   6.5992825354102158e-01	   8.9313122672580647e-01	   9.1017320966410176e-01	   8.7091397451607289e-01	   7.8062308831277571e-01	   8.5878941579244117e-01	   9.0323346247055059e-01	   7.3915597331921179e-01	   5.6113875596029805e-01	   5.4773022400013460e-01	   4.4663189331775860e-01	   6.9849862609823521e-01	   6.5550986552045698e-01	   3.9572196662893055e-01	   6.5520152467649562e-01	   9.9284702723795049e-01	   7.3914536538965081e-01	   5.2289827279700829e-01	   7.5417125305686228e-01	   1.2045886104921888e+00	   1.0241412545273274e+00	   6.8878013384836512e-01	   5.4622296181620955e-01	   8.4998064714028709e-01	   7.2381256007623496e-01	   1.4634362456110206e-01	  -6.8697370228963536e-02	   6.6252934385488005e-01	   4.7910022334881053e-01	   8.7450227174668360e-01	   7.6887563653180935e-01	  -9.5875850627618695e-03	   7.2023793043241036e-01	   7.5706371387779958e-01	   5.9368153969630710e-01	   5.8986101722378293e-03	   6.3237914956126115e-02	   3.8573758316787016e-01	   5.8003827959854337e-01	   2.9292195235943547e-01	   7.2640655573071991e-02	   2.1529275723668048e-01	   9.8444657747941777e-01	   5.3328504454408510e-01	   8.6182779921308228e-01	   6.2946604470325462e-01	  -2.1173445198025234e-01	
   9.3883095597008104e-01	   6.8186162529842709e-01	   1.0011356543063106e+00	   7.7393347411935121e-01	   1.0537204646362024e+00	   7.0416407055439012e-01	   1.1233774135616812e+00	   8.7317193821008354e-01	   1.0401092514751322e+00	   8.2696162214953584e-01	   1.7230561133829878e+00	   9.7494710129199857e-01	   0.0000000000000000e+00	   1.2915846890012084e+00	   1.3314595560075015e+00	   1.1717159368719265e+00	   3.6978115823898844e-01	   6.6173622602236615e-01	   4.7795228700463926e-01	   4.2902678517593906e-01	   6.4251796733069633e-01	   5.9122991737076802e-01	   7.5339963800622378e-01	   7.6942459634979610e-01	   9.3571667787792590e-01	   9.0320591290010555e-01	   8.2420775828854043e-01	   7.8747009953399261e-01	   5.5482492037916353e-01	   6.2609172304796146e-01	   7.8446588140084872e-01	   8.4319699146967420e-01	   8.0160487599462049e-01	   8.2810611273211554e-01	   1.0214072567408141e+00	   9.1014475204261069e-01	   9.2008127443492416e-01	   7.0276236271258818e-01	   1.0313033971094325e+00	   6.4718135391675513e-01	   6.4292661757581682e-01	   4.6322234010715868e-01	   1.0479006739103842e+00	   9.7994820852742281e-01	   8.5680852614791569e-01	   8.4098241999386358e-01	   9.4983401772909237e-01	   7.7890451078210843e-01	   9.2452855941357703e-01	   8.5956443763288726e-01	   1.2485883406699236e+00	   8.8260305702539910e-01	   6.2509193386370931e-01	   9.9550157366484759e-01	   1.2212218571366464e+00	   1.0074021164584785e+00	   3.3011080473997162e-01	   3.8757558038989676e-01	   7.3644130946505593e-01	   5.9958762385887898e-01	   7.3303249940621562e-01	   5.1181701344811203e-01	   3.2495788059974484e-01	   9.1735248851319964e-02	   1.0608931648923927e+00	   7.9406287549613097e-01	   7.8069354490688692e-01	   7.3059971539219115e-01	   5.1444928253865374e-01	   5.6490434232200837e-01	   9.1329112720448347e-01	   8.5625111842506729e-01	   7.1517923665639538e-01	   5.8006944059708909e-01	   5.9634339112268853e-01	   6.3318423516206535e-01	   8.8668690466578315e-01	   7.3000458115487687e-01	   6.6357616334471359e-01	   6.4787958934428314e-01	   6.7679978879672043e-01	   8.0811667271072052e-01	   6.7340664840127229e-01	   1.0243133396382704e+00	   1.0395084549054814e+00	   8.9817217243117231e-01	   7.2284658743534191e-01	   8.1775049770361541e-01	   1.2205309159472777e+00	   9.9349517033744572e-01	   4.7527193435282333e-01	   4.2189728687375866e-01	   6.1271806147885910e-01	   6.0697889783519376e-01	   6.7050401744481306e-02	   1.1430737863729781e-01	   7.2520084690485309e-01	   3.6169030755178849e-01	   7.6229781366770766e-01	   6.5721818716626423e-01	  -3.6067236525024665e-02	   5.3178230220776701e-01	   5.6899173350444243e-01	   5.8399612633576170e-01	  -1.4043332326594440e-01	   8.2786722444469593e-02	   4.6046033107155177e-01	   5.6606525516374473e-01	   2.9916741821427721e-02	   1.4032579794026437e-01	   3.4853853002859453e-01	   5.6824486440637334e-01	   3.3339066711891469e-01	   5.2579865671287274e-01	   5.9135925174668647e-01	  -4.0413851234189990e-01	
