   0.0000000000000000e+00	   9.5118536948525456e-01	   6.6311035118786932e-01	   5.8563299758981402e-01	   7.3793125582883767e-01	   5.3745522304813698e-01	   7.1980831304337400e-01	   3.9519343964863107e-01	   5.7740418590585296e-01	   3.1883760822323431e-01	   1.1236104874879711e+00	   8.5387520205935008e-01	   8.1203276966933136e-01	   7.9391162999593068e-01	   7.5209479785559297e-01	   6.5000332377677317e-01	   5.3123976899599479e-01	   6.8066062200817146e-01	   8.9037136704880127e-01	   8.6935204347136263e-01	   4.2502548281035618e-01	   5.6707676644275451e-01	   5.6592102931971067e-01	   4.1423999014709389e-01	   2.8274678544812049e-01	   3.3869816964686811e-01	   5.9812097508910989e-01	   5.5238829517500887e-01	   4.4566874183809646e-01	   2.9221817779674580e-01	   4.0734952258362728e-01	   3.1047921914136672e-01	   6.4425828656204553e-01	   5.6576840612902757e-01	   1.4067169591680823e-01	  -1.7237351332475781e-02	   5.7037519855056962e-01	   2.4121054913812795e-01	   4.6624111653483841e-01	   4.0783731084412267e-01	   4.6933923121797233e-01	   3.6297012905824932e-01	   4.7267935594909422e-01	   5.0100189778360282e-01	   3.4209478196691201e-01	   3.1152901020831841e-01	   4.3260898517731228e-01	   4.5830284508799213e-01	   4.8298799493029620e-01	   5.4332506328278996e-01	   6.9692573607463326e-01	   6.3370148230016599e-01	   6.8531282499217905e-01	   5.7567908625280340e-01	   6.3140308716894700e-01	   5.4519712862454550e-01	   9.2612880705539591e-01	   8.6573201594243643e-01	   8.1687758202942318e-01	   8.8058323968893748e-01	   1.0624252412707418e+00	   4.8111929689821242e-01	   6.2006356627065262e-01	   5.3885528155952600e-01	   3.7037948183544783e-01	   3.8960552527327835e-01	   5.4575435422497476e-01	   2.9587941132095441e-01	   8.0051520637074591e-01	   4.4426383063043029e-01	   6.4979626916611699e-01	   5.7483205484524968e-01	   6.2139620686385433e-01	   6.0210110752057588e-01	   6.1955988586181188e-01	   4.1095337296572076e-01	   7.0101164278551731e-01	   6.8382738222565254e-01	   4.3836720280412828e-01	   4.8931674108527812e-01	   5.9236740866472282e-01	   6.8974243694480242e-01	   7.2504954597008187e-01	   8.3319496865188958e-01	   4.9435072765334398e-01	   6.4270288251811492e-01	   3.8098295847356273e-01	   5.6909131172975613e-01	   6.6359095984974148e-01	   7.7830633863410037e-01	   4.9599887687330013e-01	   6.9299743346696874e-01	   2.4777245177065522e-02	   2.9790403727324710e-01	   4.2694367031268937e-01	   5.4401383988084313e-02	   3.2229693703370388e-01	   5.2103603690302580e-01	   5.1503118191597619e-01	   5.3042618248479800e-01	   0.0000000000000000e+00	   0.0000000000000000e+00	   3.0184169876141942e-01	   9.2814644858654466e-14	   9.2814644858654466e-14	   3.0194146936044031e-01	   0.0000000000000000e+00	   1.8520037497758474e-01	   1.0512358160557951e-01	   2.2463088317245053e-01	   2.6247711799560147e-01	   5.3629780465863053e-01	   3.8688368261063671e-01	   3.1293578946977835e-01	  -9.2814644858671707e-14	   6.6472794614547448e-01	
   9.5118536948525456e-01	   0.0000000000000000e+00	   4.1983688142524350e-01	   5.0463643085898469e-01	   4.2993592136843428e-01	   5.7043480008321101e-01	   3.7059423618906334e-01	   3.7546018812437143e-01	   2.4396490547455074e-01	   2.9112375746108288e-01	   6.7754503556209700e-01	   6.5685107578849744e-01	   3.7899342919916740e-01	   5.4405176251117693e-01	   4.3290683861101809e-01	   3.9386900672673536e-01	   3.2813893036679453e-01	   5.3013664916048597e-01	   5.8594199882963982e-01	   9.1592545095531497e-01	   4.1127320421936830e-01	   5.4644696080509225e-01	   5.5349168988201458e-01	   4.2788310688963832e-01	   3.9073587384664066e-01	   5.3237533796638792e-01	   5.0680826909547338e-01	   5.8115609083106645e-01	   3.7964048867409683e-01	   3.0784955002443509e-01	   4.1608771378157694e-01	   4.5587468535707343e-01	   3.8216331696587302e-01	   3.7898341364975319e-01	   7.4418730500481173e-02	   1.9670731154590299e-02	   5.2396635331416919e-01	   2.9163770937786770e-01	   3.8636628941402895e-01	   4.7938025647521298e-01	   5.4937409916553159e-01	   3.3299938534758511e-01	   6.5619414711658497e-01	   7.6543821952786584e-01	   3.9164048870225265e-01	   5.3913666137043414e-01	   8.1180247557309471e-01	   9.4003376695157037e-01	   7.1125282114243660e-01	   7.5049757593439737e-01	   7.8613432366388902e-01	   6.0354644781804145e-01	   1.0391616566497341e+00	   7.7815205501079843e-01	   9.2329451558568576e-01	   8.3551335515786396e-01	   7.0853966632829324e-01	   1.2559612445870851e+00	   3.3491225469205993e-01	   6.0696284206532936e-01	   4.6652974148728260e-01	   3.0834353305889367e-01	   2.7300844327486073e-01	   3.7652697919820405e-01	   4.5356406219300628e-02	   1.5721949774930849e-01	   4.4777782599091837e-01	   2.8818135345788259e-01	   6.0395102010226187e-01	   4.8676257915995119e-01	   6.3557082739885318e-01	   5.2709353014774107e-01	   5.2501451667134991e-01	   5.9894009101056600e-01	   5.6939965152369776e-01	   5.8116304413044317e-01	   4.9481427861847765e-01	   6.1450623347850553e-01	   2.8240995405347086e-01	   3.5124839947297709e-01	   6.7826916783591507e-01	   7.6463713605012862e-01	   5.5546672484840887e-01	   7.6460208915264927e-01	   5.5613477263563360e-01	   5.9535962006432575e-01	   3.4977640300283758e-01	   6.3662958201720921e-01	   4.6671895448682155e-01	   5.8516303855926899e-01	   7.9745053735101401e-01	   7.3911894300813952e-01	   2.8553356907300174e-02	   1.1991141761800042e-01	   5.3011125800905468e-01	   2.2576173429970817e-01	   6.5257409236422159e-01	   5.2900874833253253e-01	   7.8893318516726119e-01	   6.4435160067561925e-01	   0.0000000000000000e+00	   0.0000000000000000e+00	   3.2239912939640275e-01	   7.2608585810479962e-14	   7.2608585810479962e-14	   3.1810251279926260e-01	   0.0000000000000000e+00	  -1.2621212058763739e-01	   1.1172751074751792e-01	   2.9876832468517983e-01	   3.6883511104401906e-01	   4.6474208096881037e-01	   2.8352213493564987e-01	   3.8864198260567373e-01	  -7.2608585810490514e-14	   7.1097595129129509e-01	
   6.6311035118786932e-01	   4.1983688142524350e-01	   0.0000000000000000e+00	   1.0440502869999784e+00	   1.0890518536228881e+00	   5.7363718914945672e-01	   1.0174919529348048e+00	   3.4454603115519905e-01	   9.2551290985536450e-01	   3.1759471492561642e-01	   6.1970639769884994e-01	   3.7971927309276682e-01	   7.5968213516585514e-01	   6.7275882152356403e-01	   8.7945774435251745e-01	   7.1075928936507915e-01	   1.1036832242206024e-01	   1.9156288283439463e-01	   6.1452821245167377e-01	   6.3269948751005234e-01	   6.9878154545878468e-01	   7.2529351472611137e-01	   1.1629055179858498e+00	   9.8318484434168374e-01	   8.5473731044788281e-01	   8.0485373473963762e-01	   1.0387509019223706e+00	   8.3595409853962854e-01	   6.3369020053258993e-02	  -2.6663076173263713e-02	   7.2816360568084282e-01	   3.5404431860857599e-01	   1.0370498685288927e+00	   8.3097152515950590e-01	   9.7354942845832804e-01	   6.7081431977512085e-01	   7.7820583419697287e-01	   4.7554240808958892e-01	   8.9665922187702174e-01	   7.0220994945750959e-01	   5.7751849803673450e-01	   4.3578104871337670e-01	   5.8684639721773213e-01	   5.7423786440352087e-01	   7.6047916197823207e-01	   5.1044233293898889e-01	   4.6791121378011047e-01	   4.4474178942755188e-01	   6.5212274252654001e-01	   5.2032203352916684e-01	   8.5767349272194870e-01	   7.2097492412323161e-01	   5.9444432599418007e-01	   5.2591924149629354e-01	   6.3637877556994327e-01	   4.9697723723011183e-01	   3.2746917034158207e-01	   4.1791402657968374e-01	   7.4424263514304789e-01	   5.9293229738955144e-01	   8.4023364789749855e-01	   5.2710095479728847e-01	   2.3267006441834182e-01	   2.0921041050057518e-01	   1.0308833675812441e+00	   8.0234110086836496e-01	   1.0128247263826105e+00	   6.4047056201676844e-01	   5.8772237384073833e-01	   4.0173497774491579e-01	   9.1127869992521693e-01	   6.0315249678956073e-01	   6.8782016025917569e-01	   4.7457291832712512e-01	   6.0764826881593381e-01	   4.5229660131617400e-01	   9.0779727467886084e-01	   7.9933944536146195e-01	   2.3890700095879858e-01	   4.3437757983646041e-01	   2.8608872467776586e-01	   4.5479500087032421e-01	   7.8589810907179447e-01	   6.2948516618562600e-01	   7.9310762752197284e-01	   1.0576945091083563e+00	   5.9114837291097821e-01	   6.2585295214814107e-01	   9.7867836929966601e-01	   8.0406015385786755e-01	   5.1862416545967460e-01	   7.4344106223807294e-01	   6.8094459358693779e-02	   2.8752692041807160e-01	   6.4158898058202507e-01	   2.8080839863026896e-01	   5.4460162870729856e-01	   4.3481491078148460e-01	   4.1048819314112256e-01	   4.0756369420055705e-01	   0.0000000000000000e+00	   0.0000000000000000e+00	   2.9242092533251308e-02	   8.5265128291204752e-14	   8.5265128291204752e-14	   2.3531720278108906e-01	   0.0000000000000000e+00	  -8.0297478865530875e-02	   4.1409970279609454e-01	   4.5500581063365997e-01	   4.3255600973565295e-01	   5.9343499906004116e-01	   4.7713069107409067e-01	   3.5922634224687350e-01	  -8.5265128291219292e-14	   5.4928917120507770e-01	
   5.8563299758981402e-01	   5.0463643085898469e-01	   1.0440502869999784e+00	   0.0000000000000000e+00	   9.5900014761247321e-01	   9.0121776743455628e-01	   9.2240737807843709e-01	   8.1085656005910467e-01	   9.3568201769313319e-01	   6.5677830710786222e-01	   4.6025795885864468e-01	   5.9063242156364093e-01	   5.8295230984614155e-01	   8.1405137316337495e-01	   6.6111903474891554e-01	   9.1224450228459808e-01	  -1.9401808962433539e-02	   1.5283297077195895e-01	   5.8144155536666153e-01	   7.8029152701244453e-01	   4.9142230681227017e-01	   6.0841393722063497e-01	   7.9748354456813519e-01	   1.1767131990448059e+00	   5.4804258016712470e-01	   7.7852564705563443e-01	   6.4332622322408650e-01	   6.0320118492433361e-01	   1.4901829514936444e-02	  -1.0018090273587646e-02	   6.5756670106724269e-01	   5.2787507992453742e-01	   8.1499816933339564e-01	   9.4330759929237507e-01	   7.0033974135883348e-01	   6.7141446139259986e-01	   5.4222093002552851e-01	   4.1790785131145824e-01	   6.5198960883617341e-01	   6.1549008504374814e-01	   3.7948259739998269e-01	   1.9500929817216225e-01	   5.4740957173494609e-01	   6.0537668188171256e-01	   7.3485998654961571e-01	   6.7458517554999953e-01	   4.6886365323888879e-01	   5.5598671929706589e-01	   6.3857894732479958e-01	   7.1291127198363680e-01	   6.8093253016050537e-01	   8.6789725469355483e-01	   6.9304007015202607e-01	   4.7911749408531196e-01	   5.3554973425963326e-01	   4.8398743937502919e-01	   2.5005366835903586e-01	   4.9272975279110032e-01	   6.1301556994271389e-01	   7.3115509746767404e-01	   7.3331494885768889e-01	   8.7826003142241849e-01	   1.3740262526579478e-01	   2.5171705076937589e-01	   7.2176511268884591e-01	   8.5809132569053781e-01	   8.0539162639932194e-01	   8.1357596194822968e-01	   4.8465173241848042e-01	   5.5974160831272168e-01	   6.6002439487024767e-01	   6.0967717393388332e-01	   5.2397381583648883e-01	   5.2369714180076776e-01	   5.2607685220866374e-01	   5.0618686126170576e-01	   6.7354054820517184e-01	   7.7217972301973159e-01	   1.5060436981720662e-01	   3.4707997344014468e-01	   2.5201653185985062e-01	   3.3444591275884644e-01	   4.4702065533851687e-01	   5.4158806107227420e-01	   5.6427453558478502e-01	   8.6287482774878954e-01	   3.2439221587698125e-01	   4.5572694066370600e-01	   8.7057822171063881e-01	   9.8921287947564729e-01	   6.0056829992825522e-01	   7.8700509873919211e-01	   3.2992391668795623e-01	   4.5349480690052418e-01	   6.7915247122123412e-01	   2.7204982846741432e-01	   4.9702525849437312e-01	   4.4447599183879188e-01	   4.4087844830978223e-01	   4.2889277036926376e-01	   0.0000000000000000e+00	   0.0000000000000000e+00	  -6.5734132590802921e-02	   2.7311486405778106e-14	   2.7311486405778106e-14	   1.3603867008322734e-01	   0.0000000000000000e+00	  -4.7166635691376489e-02	   3.5891607514285895e-01	   4.1233291241487652e-01	   4.5581056410580972e-01	   5.6132865897993267e-01	   6.4786449580061800e-01	   3.2103707113508162e-01	  -2.7255975254548335e-14	   4.6665010138264773e-01	
   7.3793125582883767e-01	   4.2993592136843428e-01	   1.0890518536228881e+00	   9.5900014761247321e-01	   0.0000000000000000e+00	   8.8605265675645128e-01	   1.1500593321104247e+00	   5.0875809360505875e-01	   1.3069092448468229e+00	   6.3546881067678962e-01	   8.3095262370395928e-01	   5.7742916487524654e-01	   8.9182359270696510e-01	   8.0916072813273332e-01	   1.2884978449321260e+00	   1.0971924031170333e+00	   1.8208222804454435e-01	   3.3184831810185678e-01	   8.1129220877754826e-01	   8.1730958914887142e-01	   6.8313887452383848e-01	   7.4895360307020098e-01	   1.0829922845010371e+00	   1.0308864471767327e+00	   4.9750643215906915e-01	   5.0363123024750522e-01	   1.0545726332482270e+00	   8.8608645554843368e-01	   9.6929908224660535e-02	   4.2443527022016973e-02	   4.6603787381960815e-01	   2.6535880305432674e-01	   8.1420837044482808e-01	   7.3698255481279562e-01	   5.7508418999001276e-01	   4.1658309731538590e-01	   5.3913789415462943e-01	   3.7926054792371372e-01	   5.3282621447701461e-01	   5.0104386473703078e-01	   4.8060592430192195e-01	   5.0469964045358195e-01	   5.4643768685003713e-01	   6.2452936474149467e-01	   7.8818131611152675e-01	   5.9775384157578537e-01	   4.4480072597946402e-01	   5.2776269165876233e-01	   7.4319558136880748e-01	   8.2847914551952084e-01	   8.3089022196154394e-01	   8.5992445598730349e-01	   5.6944404922510017e-01	   7.0332233368337038e-01	   5.9663043126155246e-01	   5.4969871629010369e-01	   3.7680281005803823e-01	   5.3576782337191964e-01	   5.5421342483996561e-01	   6.1422217356876196e-01	   8.0697986966237312e-01	   7.4060734502423475e-01	   1.8982358716139369e-01	   2.7894919437024923e-01	   1.2073227774093862e+00	   8.8057345313079760e-01	   8.6227997958061675e-01	   5.7123220785269646e-01	   7.0388221545765972e-01	   5.6023909650227488e-01	   6.1582316905946011e-01	   5.7795644001933311e-01	   7.2570922294617468e-01	   5.5577565309356802e-01	   6.3439953932929993e-01	   3.9968538668871639e-01	   6.7449523598858918e-01	   6.2964778160021995e-01	   3.5197138419946383e-01	   4.8241038035855172e-01	   3.7265400955082262e-01	   5.1705191890750801e-01	   7.4206502150545706e-01	   6.8197409388956243e-01	   8.2211936196062096e-01	   1.0328624648307456e+00	   5.4480873859966605e-01	   7.6169304663359161e-01	   1.1316107256958063e+00	   1.1338059620789647e+00	   5.6786223957085102e-01	   1.0458261924384753e+00	   2.9931335294089628e-01	   6.3158331597120110e-01	   4.4061390638190012e-01	   1.6947826751108994e-01	   4.7397154780348250e-01	   4.6903237726979241e-01	   5.5807454202254858e-01	   6.0267127796493969e-01	   0.0000000000000000e+00	   0.0000000000000000e+00	  -2.8829930788705351e-02	   1.3322676295501861e-15	   1.3322676295501861e-15	   3.0519324305061413e-01	   0.0000000000000000e+00	   1.7013853333940848e-01	   2.9621703301774210e-01	   4.2980894010546977e-01	   5.0213750940714541e-01	   7.8660387125003728e-01	   6.7711234712094814e-01	   2.6425745839832043e-01	  -1.3322676295501896e-15	   4.2403512637797403e-01	
   5.3745522304813698e-01	   5.7043480008321101e-01	   5.7363718914945672e-01	   9.0121776743455628e-01	   8.8605265675645128e-01	   0.0000000000000000e+00	   6.5692733791500013e-01	   6.7899523120931993e-01	   8.9575217343137892e-01	   1.1089192228469522e+00	   3.6196064981989928e-01	   5.2046363871966683e-01	   4.2459187194616088e-01	   6.8751717257098000e-01	   5.7907890436005749e-01	   7.6309282359073372e-01	   9.4584181202521517e-02	   3.5796802500392821e-01	   5.0144106603023453e-01	   7.7080858956890297e-01	   6.7110760825599458e-01	   7.0423131513592407e-01	   5.2217093018172711e-01	   6.4398590170271253e-01	   3.7186088704080700e-01	   5.2119067690265819e-01	   6.5488007646618451e-01	   6.6944095710334039e-01	   5.0880121598521996e-02	   1.4001164475697148e-01	   2.7650392620825742e-01	   2.3250286719681151e-01	   5.3644755353887796e-01	   6.7148876410756531e-01	   4.2542455266244822e-01	   3.6598003259740836e-01	   4.1687061779031537e-01	   4.6789131825584102e-01	   3.4546762962277261e-01	   4.6023844921621948e-01	   4.4081531248166556e-01	   3.0467031152454493e-01	   4.4434639628632555e-01	   5.4887029982982682e-01	   6.6846324622204900e-01	   7.2103989200481045e-01	   5.1801020566430245e-01	   5.7197973917299383e-01	   7.8713912151483068e-01	   1.1017184664832129e+00	   7.8111127917694401e-01	   9.3358628267065491e-01	   7.0811050693582789e-01	   6.7259728376032224e-01	   6.1536555945143079e-01	   6.2705410780541804e-01	   4.5224710613168773e-01	   7.5561352047756469e-01	   4.4401696683329867e-01	   7.4766905036544551e-01	   5.7900715869106301e-01	   9.9576809879698236e-01	   1.0794626086177503e-01	   3.3414560855671938e-01	   5.8054816588342817e-01	   6.9025852817242017e-01	   5.9903795197234266e-01	   5.5498153029406516e-01	   5.0494963265529003e-01	   6.2738663178817045e-01	   4.2152016272740028e-01	   6.1156970102600550e-01	   5.4581591946051944e-01	   6.0498282365886813e-01	   5.5653221425667021e-01	   4.7911222748888410e-01	   4.9837409420059781e-01	   5.8391928240231583e-01	   2.6102493249530645e-01	   4.9244313843837162e-01	   4.1320961487935354e-01	   4.8589291711235638e-01	   3.3574794463209390e-01	   6.5025009361848729e-01	   6.7750145458080269e-01	   7.5359281541978995e-01	   5.1037762246618612e-01	   5.8072037403706800e-01	   8.5904139827638404e-01	   1.1123537530404690e+00	   6.7206309286853760e-01	   9.1375210066278945e-01	   4.4885933556565411e-01	   4.8425177129137892e-01	   4.8816259869235668e-01	   2.4921777120928762e-01	   5.1255527527837264e-01	   5.3953385678085897e-01	   6.3007020907752942e-01	   6.7346812796067612e-01	   0.0000000000000000e+00	   0.0000000000000000e+00	  -3.7623951440102034e-02	  -2.6145752229923121e-14	  -2.6145752229923121e-14	   1.2839556690284273e-01	   0.0000000000000000e+00	   1.2025592241466938e-01	   2.4368958066285867e-01	   3.5653193783723280e-01	   3.7379640764742833e-01	   6.9345125756499315e-01	   7.0764394339128156e-01	   4.5595140030025005e-01	   2.6201263381153006e-14	   3.9971940563273362e-01	
   7.1980831304337400e-01	   3.7059423618906334e-01	   1.0174919529348048e+00	   9.2240737807843709e-01	   1.1500593321104247e+00	   6.5692733791500013e-01	   0.0000000000000000e+00	   7.8051700528947998e-01	   1.0582382126117942e+00	   5.4661431536222560e-01	   7.5717933090674705e-01	   7.1159854068484696e-01	   9.0826779901072507e-01	   6.3146718674966285e-01	   9.8820576010868222e-01	   9.4183842071239221e-01	   3.3916269426821444e-01	   3.9748474414886703e-01	   1.0005823489435366e+00	   9.2865037817499774e-01	   5.1815969529974359e-01	   5.6656047842461033e-01	   6.8700236828568273e-01	   6.8288095709505126e-01	   2.5408208256390369e-01	   3.4220577742832287e-01	   5.7886364723679040e-01	   4.6149611241767696e-01	   4.1330703988206186e-01	   3.3859673186497280e-01	   6.6646879776049006e-01	   4.9002304926667772e-01	   1.1303291960746376e+00	   1.2186969152288405e+00	   5.3444878570475340e-01	   4.3041386251396035e-01	   5.5445088180771396e-01	   3.9420574494068278e-01	   4.1660867789835693e-01	   4.6648653251554340e-01	   3.9546488239937427e-01	   4.5431897360173307e-01	   3.4327268676588946e-01	   4.3273628725088609e-01	   6.0121714743968269e-01	   4.6197515767163405e-01	   2.9575634238151449e-01	   3.7034708559307883e-01	   5.3291184671122238e-01	   5.6323391377776988e-01	   5.5904254888687765e-01	   7.9287135305189504e-01	   4.0823480745644808e-01	   4.2919416589333920e-01	   4.2958234723384581e-01	   4.4309715331593336e-01	   4.1558340516200687e-01	   4.1134393537574548e-01	   6.2354540711713702e-01	   5.1744439147305710e-01	   7.6118416810109468e-01	   7.4271651123459292e-01	   5.3560573178128090e-01	   6.0584121439476291e-01	   8.0803504893625100e-01	   6.3185402950329783e-01	   7.1444145896467759e-01	   5.1859385609201802e-01	   5.4030863614753144e-01	   4.9210541659612395e-01	   5.4151087247412666e-01	   5.6476360922641111e-01	   7.1609867843530595e-01	   6.7176552972786208e-01	   7.1551041869960241e-01	   5.6815510625714616e-01	   9.3277672941702428e-01	   9.0067460973142277e-01	   4.0592896096810394e-01	   5.5402352255808851e-01	   3.7720520646733380e-01	   3.9507143237368386e-01	   6.0550478086307147e-01	   6.3210971581544428e-01	   4.1282053626130438e-01	   6.5234188409279703e-01	   3.3801011543356446e-01	   3.2480509357109177e-01	   7.1784279301177989e-01	   7.5987147032183633e-01	   3.4357759438593366e-01	   6.9727776121817053e-01	   2.4902149573092303e-01	   5.2074898274036996e-01	   4.2269673674014230e-01	   1.6840509784024749e-01	   3.0218621317042654e-01	   3.6767735275055874e-01	   4.3354751262921920e-01	   5.6050703902173304e-01	   0.0000000000000000e+00	   0.0000000000000000e+00	  -2.6685290944130351e-02	  -7.4662498406047356e-14	  -7.4662498406047356e-14	   2.7627840029264455e-01	   0.0000000000000000e+00	   1.8120432026101674e-01	   3.9646504072214472e-01	   4.6496848825732573e-01	   3.1018967214739496e-01	   7.1323727301318685e-01	   7.0427150448380349e-01	   1.7678592061397330e-01	   7.4718009557267456e-14	   5.0152109887004681e-01	
   3.9519343964863107e-01	   3.7546018812437143e-01	   3.4454603115519905e-01	   8.1085656005910467e-01	   5.0875809360505875e-01	   6.7899523120931993e-01	   7.8051700528947998e-01	   0.0000000000000000e+00	   6.9532644723525561e-01	   9.5958276283182009e-01	   4.0136574792635005e-01	   9.8949957215191320e-01	   4.7151619079462798e-01	   6.9843488305459134e-01	   4.8558751050641624e-01	   8.1925560634172168e-01	   1.2727395305207975e-01	   1.5913874865047464e-01	   4.8380077893562823e-01	   6.6945541963009536e-01	   1.1686050407335302e-01	   1.7029478015753979e-01	   1.8322563511526949e-01	   3.9254265077349182e-01	  -1.4437755461102889e-01	   9.2827678968185320e-02	   3.8531042434893789e-02	   1.4266581273414488e-02	   3.8428863317297390e-01	   4.2996063714825811e-01	   3.3399306079808322e-01	   5.1611346330012342e-01	   5.2377407500956885e-01	   9.0213740124882713e-01	   2.5780465648128659e-01	   3.2220234172223106e-01	   2.1040093051017045e-01	   2.1913537027932267e-01	  -9.1892687718684413e-04	   1.4469751047720056e-01	   3.2856533600711384e-02	   1.0713783172007237e-01	   4.4532896514619235e-03	   1.9136174617235022e-01	   2.2835905708050963e-01	   3.8734778187441798e-01	   1.3601846681356469e-01	   2.6011104746660108e-01	   2.8795764869756424e-01	   5.1013844383596907e-01	   2.2566087618722697e-01	   5.7935314259520798e-01	   3.3982757502785355e-01	   2.4389377636206061e-01	   2.0535519977589711e-01	   2.8111788137042681e-01	   1.5263911399603886e-01	   2.6787900986507474e-01	   1.7406855492968185e-01	   3.0819748372153044e-01	   3.8988378337444107e-01	   1.0287939123128911e+00	   2.7761430747883054e-01	   4.8034238481971853e-01	   3.2293519976420609e-01	   4.9050062146233425e-01	   1.6717544744026266e-01	   2.8515086258820510e-01	   1.5467059911746214e-01	   2.7558598311446614e-01	   3.1753873469594601e-01	   4.6164477111912894e-01	   4.4815317386962439e-01	   5.9867005313546995e-01	   4.9723695712224142e-01	   6.1346595254719360e-01	   5.5673210670250572e-01	   7.8632363839291508e-01	   1.7953525404216775e-01	   2.6335989357106848e-01	   2.4799688892118826e-01	   1.3531762004790368e-01	   1.1187950199705801e-01	   3.5734266575814599e-01	   1.7685851126478822e-01	   3.1505557044779042e-01	   2.8050883546429234e-03	  -4.8092459800390383e-02	   3.4280037148863191e-01	   5.4290044858979591e-01	   1.6920348019445342e-01	   3.3546122439086845e-01	   4.0026758265924522e-01	   3.3145338671766383e-01	   2.3672444173332335e-01	   5.4774497179660070e-02	   6.6065191442717941e-02	   2.2230969123052208e-01	   2.9689961550202837e-01	   3.9824976305878146e-01	   0.0000000000000000e+00	   0.0000000000000000e+00	  -2.1338439291179491e-02	  -4.8794301932278009e-14	  -4.8794301932278009e-14	   2.2991786280132341e-02	   0.0000000000000000e+00	   1.9202208177681956e-01	   5.1964528818590439e-01	   3.8851970372536970e-01	   1.5550249798001459e-02	   5.0546212523262779e-01	   7.6059277232765088e-01	   1.8532253793121095e-01	   4.8849813083504502e-14	   2.7128575862057402e-01	
   5.7740418590585296e-01	   2.4396490547455074e-01	   9.2551290985536450e-01	   9.3568201769313319e-01	   1.3069092448468229e+00	   8.9575217343137892e-01	   1.0582382126117942e+00	   6.9532644723525561e-01	   0.0000000000000000e+00	   9.6516850968757140e-01	   6.9399045619004174e-01	   6.1650089744252179e-01	   1.0380949599966878e+00	   9.9973265499887454e-01	   1.0700320168970301e+00	   1.0452854730908419e+00	   9.0295799937191348e-02	   1.2420971115610004e-01	   5.7007510218916280e-01	   6.2666225089220573e-01	   5.2687641039123245e-01	   6.1936366197812642e-01	   7.0045550191729666e-01	   7.7517366251410791e-01	   3.0766993034235024e-01	   3.8511725336614239e-01	   6.4760825923967791e-01	   5.7298103319521332e-01	   5.8309671856502043e-02	   3.0384713461082572e-02	   3.2897707892138189e-01	   1.5689629236296457e-01	   6.9429025006816869e-01	   7.5580055718782946e-01	   5.5070750137821700e-01	   3.9580544262576933e-01	   4.0510772230478920e-01	   3.1225542489355151e-01	   4.2031807253611680e-01	   5.1015185243481653e-01	   3.5143563670579475e-01	   4.2346226289358163e-01	   2.4189779591105459e-01	   2.7124081093954422e-01	   4.9839938711569587e-01	   3.5127150366379623e-01	   1.9573358373878344e-01	   2.3180146037013050e-01	   5.2934517743763843e-01	   6.1099346166437030e-01	   5.4916058415167346e-01	   6.7337881017432399e-01	   4.1570316937708496e-01	   4.5955882837849693e-01	   3.7081802463047453e-01	   3.1986493859567350e-01	   1.9456056440850764e-01	   3.1522360097377700e-01	   4.4332827223932314e-01	   4.9134639454725848e-01	   8.8774756846060310e-01	   1.1200274709401288e+00	   1.8323473850395550e-01	   2.4260949959342115e-01	   1.1133401364268225e+00	   1.0707697526323428e+00	   5.4454849923721560e-01	   4.0093530517268366e-01	   5.5145888892804751e-01	   4.4256816569546387e-01	   4.3788986310266742e-01	   5.5878775971081895e-01	   5.8974180976786961e-01	   4.8634581793095377e-01	   5.4287013099318737e-01	   3.5930678269320560e-01	   5.7619803845755735e-01	   5.6154589539452326e-01	   1.4879750687086229e-01	   3.1215125538738925e-01	   1.9292176414050177e-01	   2.2715447105958916e-01	   4.5082449534335023e-01	   5.0399038567279697e-01	   5.7800011620672165e-01	   6.4633183967922692e-01	   4.3198923363660807e-01	   4.2503821126381813e-01	   1.1441496976211929e+00	   1.1340328170041623e+00	   4.3783826881968679e-01	   7.4493190784869612e-01	   4.7958612805076051e-01	   7.2902554624043847e-01	   3.4383527455001062e-01	   1.9035663047474716e-01	   2.1979329003084613e-01	   2.8962144639822529e-01	   3.6122172402530278e-01	   4.6168263637984097e-01	   0.0000000000000000e+00	   0.0000000000000000e+00	  -8.3455964738773258e-02	   7.1276318180929963e-14	   7.1276318180929963e-14	   2.3055891928595218e-01	   0.0000000000000000e+00	   1.4872730009862778e-01	   3.5019644935712380e-01	   3.7273133229739858e-01	   1.3237636070839665e-01	   6.1210280426001817e-01	   8.1451276498916947e-01	   2.5874428093669311e-01	  -7.1276318180940136e-14	   1.7002704403431210e-01	
   3.1883760822323431e-01	   2.9112375746108288e-01	   3.1759471492561642e-01	   6.5677830710786222e-01	   6.3546881067678962e-01	   1.1089192228469522e+00	   5.4661431536222560e-01	   9.5958276283182009e-01	   9.6516850968757140e-01	   0.0000000000000000e+00	   2.9968831838596216e-01	   6.2506786057542585e-01	   3.9140626566475084e-01	   7.2711263840640761e-01	   5.2702757688946200e-01	   7.6286127779102186e-01	   1.5448670120022084e-02	   9.4907482865227530e-02	   3.7439688492935419e-01	   5.5106612675101729e-01	   2.7197030749918749e-01	   3.3122454441145560e-01	   2.9759046071756201e-01	   3.8854314541170643e-01	   3.6454077948698187e-03	   1.4426547957501062e-01	   2.7414306077935174e-01	   2.1336729270311475e-01	   7.7530878864532901e-02	   1.9345447095515714e-01	   8.6850398311307031e-02	   2.0205211484544980e-01	   3.0543432887256095e-01	   5.7513080825538854e-01	   2.3814112892680298e-01	   2.5904658557537852e-01	   1.0263749911754802e-01	   2.2404731788947030e-01	  -5.5927662700842110e-02	   1.5986620675823365e-01	   1.1715513024731293e-01	   1.6053395455154224e-01	  -6.7131971402384161e-03	   7.6462936168535084e-02	   2.0167867943608095e-01	   2.6895578587662711e-01	   1.1985217460494846e-01	   1.8111385125752896e-01	   3.2848962239294521e-01	   6.0595353816900255e-01	   3.1611867798475768e-01	   5.3543946798160547e-01	   3.5757693133404328e-01	   4.3356959363641001e-01	   2.4076315455271488e-01	   2.8437333564152212e-01	   1.7654764693132274e-01	   3.5655639561584018e-01	   5.0948564856981106e-02	   3.1645303840784783e-01	   3.4639204802097273e-01	   1.2153647314010534e+00	  -2.4707774745924407e-02	   2.2206257164423626e-01	   5.0749368816650087e-01	   6.8669655567504828e-01	   1.4070663568626182e-01	   1.9031611957713274e-01	   2.8655603855011502e-01	   2.8182309575015019e-01	   2.2072789232944201e-01	   4.5658124289237495e-01	   4.3979047549078309e-01	   4.7800751074394832e-01	   4.4787455326382863e-01	   3.9190578736709869e-01	   3.8090055662059014e-01	   4.7227921046444366e-01	   5.6051912471728069e-02	   2.3637507214648290e-01	   2.3472787189733338e-01	   1.9160427003956232e-01	   1.1687083833614527e-01	   3.6841976638875595e-01	   4.6727960812713676e-01	   4.3502940507391219e-01	   2.3212073347342649e-01	   2.4801551038337133e-01	   6.3227203796268672e-01	   8.4471659301185753e-01	   4.0099830505307416e-01	   5.5386466994942429e-01	   5.2369643593724891e-01	   5.1997690780115879e-01	   1.7653206960477424e-01	   9.0170733846712925e-02	   7.8532094628065582e-02	   2.1875422973801015e-01	   4.0549049944367110e-01	   5.0282472033817149e-01	   0.0000000000000000e+00	   0.0000000000000000e+00	  -1.0120745410249883e-01	  -3.9968028886507232e-14	  -3.9968028886507232e-14	   1.0599841471393723e-01	   0.0000000000000000e+00	   1.6127980736571074e-01	   3.6194889356971049e-01	   2.8565932992202908e-01	  -2.7154403614361198e-02	   5.3359420179998618e-01	   7.5065326177591574e-01	   3.6258101184531655e-01	   3.9968028886504039e-14	   8.9085978044239053e-02	
   1.1236104874879711e+00	   6.7754503556209700e-01	   6.1970639769884994e-01	   4.6025795885864468e-01	   8.3095262370395928e-01	   3.6196064981989928e-01	   7.5717933090674705e-01	   4.0136574792635005e-01	   6.9399045619004174e-01	   2.9968831838596216e-01	   0.0000000000000000e+00	   9.3885819980243224e-01	   1.2758427929274228e+00	   8.4006818579415310e-01	   9.2984434213906875e-01	   6.8721770046165920e-01	   5.1036882829425323e-01	   4.6275628438268523e-01	   7.9445477799021902e-01	   7.6506888792273264e-01	   2.6602562240476485e-01	   4.1658027898436872e-01	   6.0785619489390441e-01	   4.2865057857012007e-01	   1.2093646643563158e-01	   1.5869275132454669e-01	   5.2612591754735616e-01	   5.2352009048590453e-01	   4.4877804546291938e-01	   2.4975228657446108e-01	   2.8922351338049096e-01	   1.8950940524157817e-01	   4.5850728052892897e-01	   3.9618633013990656e-01	   8.6733392943855764e-02	  -6.2146569244142622e-02	   3.7809244823782501e-01	   1.0165249550859642e-01	   3.1194464776033531e-01	   3.5409181476871848e-01	   3.3229517241055911e-01	   4.3717303221204412e-01	   3.5501308601533887e-01	   4.1160763727770011e-01	   3.3685970032014750e-01	   2.7728665533811886e-01	   3.3671714905238642e-01	   4.0989265225205923e-01	   5.2406617515710230e-01	   5.1976650583624384e-01	   5.9151732549379410e-01	   5.9570060368677102e-01	   4.6291787732181167e-01	   5.7137598279125545e-01	   5.3863119802444515e-01	   5.0735404772035408e-01	   4.3499592706909251e-01	   5.0854768611710788e-01	   4.3187850481701967e-01	   4.7002799151179731e-01	   7.5693017588868317e-01	   4.0589628051358273e-01	   5.1593704848283106e-01	   4.6349151047985637e-01	   4.5053808308002485e-01	   3.7913134113525709e-01	   4.5262557755885779e-01	   1.9612836887605120e-01	   6.3665736906818171e-01	   3.6771836926659729e-01	   4.2547745295882500e-01	   3.4784748143133970e-01	   5.6864818312526100e-01	   4.9255070062923978e-01	   5.3581644283949714e-01	   3.4265093931785517e-01	   5.5490402605620404e-01	   5.1807671706483971e-01	   3.6567634826950346e-01	   2.7476727559082847e-01	   4.4181616691187409e-01	   4.7468216207051683e-01	   6.4686046285646426e-01	   6.1380460634926359e-01	   4.9179499544678279e-01	   5.6788317520027520e-01	   2.5715073831921015e-01	   5.0825177140758726e-01	   6.6543119693223318e-01	   6.8954299383963114e-01	   4.3697866361573195e-01	   6.5072604811391177e-01	   9.8914057788372020e-02	   3.5473759537239580e-01	   2.1317700936221204e-01	  -9.3882913363466883e-03	   2.5795920667145594e-01	   3.5136321127424058e-01	   4.8847370698220949e-01	   5.0987860000314167e-01	   0.0000000000000000e+00	   0.0000000000000000e+00	   2.7108983262706277e-01	  -1.3494760864320598e-13	  -1.3494760864320598e-13	   4.8179063715675247e-01	   0.0000000000000000e+00	   1.3144255475914735e-01	   1.1450008417229368e-01	   2.3201158471811179e-01	   1.4768164101201980e-01	   4.2044794970600630e-01	   3.8266912937697944e-01	   1.2499553752851769e-01	   1.3500311979440081e-13	   4.0115278208168403e-01	
   8.5387520205935008e-01	   6.5685107578849744e-01	   3.7971927309276682e-01	   5.9063242156364093e-01	   5.7742916487524654e-01	   5.2046363871966683e-01	   7.1159854068484696e-01	   9.8949957215191320e-01	   6.1650089744252179e-01	   6.2506786057542585e-01	   9.3885819980243224e-01	   0.0000000000000000e+00	   7.4731611928200792e-01	   1.0305428896161137e+00	   6.2076831423022072e-01	   7.3806163500265609e-01	   2.6600888150666352e-01	   3.0725999437886503e-01	   6.7969861453717018e-01	   7.3751285227466434e-01	   1.1549232691738301e-01	   1.5764421531669587e-01	   2.6176848018025634e-01	   3.5041677352616968e-01	  -1.3917873818336612e-01	   3.9826825143435420e-02	   1.3056401977378035e-01	   1.0212952771434682e-01	   4.4249342890865284e-01	   3.2429042565124422e-01	   2.2869961995236879e-01	   3.6573035457062425e-01	   4.1209433444070692e-01	   6.2623375626637168e-01	   4.0759278589673147e-02	   6.3293255844338356e-02	   2.0818519186910267e-01	   7.6763672944526226e-02	   5.1543271240494772e-02	   2.1809978335871341e-01	   4.3636138125537134e-02	   1.3455479173943155e-01	   9.9254437549804661e-02	   2.7975035531002335e-01	   2.0642919743381843e-01	   3.5803580933239737e-01	   1.4122012443029572e-01	   2.5657857012877627e-01	   3.1032789372018543e-01	   5.6297436882727125e-01	   3.2482774963666866e-01	   7.4527234326828662e-01	   3.6194730057153324e-01	   2.7978394804695172e-01	   2.8243108463277800e-01	   2.8016670027165047e-01	   3.0861833669324795e-01	   4.2144053237621909e-01	   2.9556294994828836e-01	   4.8352265631201674e-01	   5.5142706816023779e-01	   7.8935944184672446e-01	   4.4150395141062942e-01	   5.3270298831068852e-01	   2.8561577844353964e-01	   5.0289412690590973e-01	   2.6257433775937278e-01	   3.1383071305932519e-01	   2.9699550497879679e-01	   3.2004963398665737e-01	   3.1602742453500915e-01	   3.3829861930146610e-01	   3.7393618145332330e-01	   4.4714591571153023e-01	   4.3218150099798169e-01	   4.0078861124649129e-01	   5.7930473617269929e-01	   6.5165934754626886e-01	   1.7810843163685139e-01	   1.8374702899236667e-01	   3.2119340563266896e-01	   2.5074182013847213e-01	   2.1196029974342462e-01	   4.5337403795867426e-01	   2.0741741630801178e-01	   3.9144663978111022e-01	  -5.2333686304469058e-02	   1.1182536252414771e-01	   3.5804908886977876e-01	   5.8823816017055475e-01	   2.3385265913992337e-01	   4.0212232366429540e-01	   2.0792438276894221e-01	   2.7622150790278427e-01	   1.8623779784458269e-01	  -5.9582012048681493e-02	   5.2680385887863307e-02	   1.9619599168690219e-01	   2.8536519386654957e-01	   3.2119367953035427e-01	   0.0000000000000000e+00	   0.0000000000000000e+00	   1.8176135903149862e-01	   5.3401727484467177e-14	   5.3401727484467177e-14	   2.2387307709662208e-01	   0.0000000000000000e+00	   2.1299791865868281e-01	   1.9436429843520314e-01	   1.9572870887960359e-01	   5.1703342000690693e-03	   3.2079729388293193e-01	   4.7212346326911780e-01	   6.6502460551638443e-02	  -5.3346216333241618e-14	   3.3344893872686360e-01	
   8.1203276966933136e-01	   3.7899342919916740e-01	   7.5968213516585514e-01	   5.8295230984614155e-01	   8.9182359270696510e-01	   4.2459187194616088e-01	   9.0826779901072507e-01	   4.7151619079462798e-01	   1.0380949599966878e+00	   3.9140626566475084e-01	   1.2758427929274228e+00	   7.4731611928200792e-01	   0.0000000000000000e+00	   9.5526989709940746e-01	   9.8939817270151342e-01	   7.3983105207194710e-01	   3.6049340385453882e-01	   2.4965873931945204e-01	   5.7998080831896992e-01	   5.8128801241201633e-01	   3.8109790161844592e-01	   4.6009937362790537e-01	   6.4429245879410890e-01	   5.7852577881276268e-01	   2.1668395967945234e-01	   2.9047175451069301e-01	   5.3689942316868899e-01	   5.2796206872015095e-01	   2.8972509560173154e-01	   1.3425651211311371e-01	   3.4701440611458095e-01	   1.4954976034112807e-01	   6.1530721683847411e-01	   5.4230096901672931e-01	   3.1957490885651529e-01	   1.3393680295125529e-01	   5.1160447595460634e-01	   2.3951720619235090e-01	   5.0507838006614703e-01	   5.5031375825792916e-01	   3.8557953789894456e-01	   4.2055680930084716e-01	   2.8830131089925359e-01	   2.9571551352953840e-01	   4.1954127057904511e-01	   2.3351569903902114e-01	   2.0250465741491069e-01	   2.3051554930061344e-01	   5.0516679619340121e-01	   4.5714421193395116e-01	   4.8540192482193845e-01	   5.3251094105238239e-01	   3.4053829161654464e-01	   3.4900840369287428e-01	   3.4429173863644802e-01	   2.9306317946413585e-01	   2.8707274741968170e-01	   2.9361739877968918e-01	   5.7929428848679976e-01	   4.8584154303013860e-01	   1.0727669767450765e+00	   5.9792823558522090e-01	   4.5545281755631783e-01	   3.6657921549612366e-01	   6.9540568104490685e-01	   6.2290566919892731e-01	   5.0826554650482481e-01	   2.6485609937128579e-01	   5.8425683206427148e-01	   4.1425705065244212e-01	   4.3345307299505798e-01	   4.3601399326847534e-01	   5.1139391610848350e-01	   4.9273725754525677e-01	   5.0453676191211771e-01	   3.8906888393565608e-01	   5.5836244427820336e-01	   5.5600839126992641e-01	   2.3136929659305483e-01	   2.4468129117286563e-01	   2.7878635930814716e-01	   2.4883287184466765e-01	   5.3354009274844838e-01	   5.2024405182941502e-01	   3.7638880463454177e-01	   4.3211423134047522e-01	   2.8447869117903302e-01	   3.8079840293029443e-01	   7.7534774376850413e-01	   7.2622151523320078e-01	   3.1068742639866637e-01	   5.2966092842969004e-01	   2.6628795031721531e-01	   5.6293888116282476e-01	   2.3055372990964890e-01	   6.4977169076211261e-02	   1.6883207517481250e-01	   2.3831064225431745e-01	   2.5943987652323741e-01	   3.5721164668377620e-01	   0.0000000000000000e+00	   0.0000000000000000e+00	   1.1976438101559073e-01	   7.7715611723754912e-14	   7.7715611723754912e-14	   3.2753856152188449e-01	   0.0000000000000000e+00	   1.0902679847354282e-01	   2.1838985285162477e-01	   2.2730734971156519e-01	   7.8754189079775314e-02	   4.3567385272504211e-01	   5.0647141890936886e-01	   5.8677806753405670e-02	  -7.7715611723767004e-14	   2.0104216500990973e-01	
