   0.0000000000000000e+00	   2.5024559856439708e+00	   2.0029117777719696e+00	   2.3107977137192757e+00	   3.3695155166485674e-01	   2.9791108101329972e-01	   1.5722550721044832e+00	   1.5200349571608121e+00	   2.2004838832810561e-01	   3.0021163199763612e-01	   6.6827178114661406e-02	   1.0007934526148662e-01	  -2.3817960592344783e-01	  -2.8172783120876338e-01	   3.2350752468358457e-01	   3.0239441981212545e-01	   4.2090693320159314e-03	   5.6411396616231554e-02	   2.1399331742952907e+00	   2.0806684954761430e+00	   3.7103837541556828e-01	   3.5115534503549173e-01	   1.4000677763859848e+00	   1.3140401099523580e+00	   8.4283952535756518e-02	   3.8319124582692071e-02	   5.1578911205630784e-01	   5.4049236080138174e-01	  -6.7260432307853571e-02	  -3.7349881114968925e-02	  -3.6688442433115809e-01	  -3.6099694740155108e-01	   9.3889825648549396e-01	   8.8574755053504961e-01	  -3.1087333792723837e-01	  -2.9168097749854299e-01	   3.0671216791215478e-01	   2.9745647721681734e-01	   3.1867942948960626e-01	   2.8885366474200069e-01	   4.8802053090222097e-01	   4.2001017887314984e-01	   6.7481979391903008e-02	  -4.4200280083372706e-02	   2.6996541912107852e-01	   4.9494875236537356e-01	   4.9256382229056081e-02	   3.0715188003834520e-02	   5.8721515514641354e-01	   8.6162836915876784e-01	   8.4459251233930721e-02	   5.3212698570244146e-02	   1.8160932105741068e-01	   2.6689117530310735e-01	   4.2581110633523356e-01	   4.0210114406737579e-01	   2.3046774177051330e+00	   2.5493353551388735e+00	   2.2521996339848851e+00	   1.7934780524970284e+00	   1.4936759285355197e+00	   1.4408001307077278e+00	  -1.3230130551073543e-01	   7.3567434659010889e-01	   5.2908894453514377e-01	   1.0044495138719078e+00	   2.0869050246467027e+00	   1.6697910340490196e+00	   1.7465879622351339e+00	   1.6424114437077042e+00	  -9.1592733281095337e-02	  -7.6993546441245050e-02	  -2.3613806560581566e-01	  -2.2071142836649454e-01	  -1.9897384215163966e-01	  -2.1362956085842993e-01	  -7.1382192732113325e-02	  -8.9661190772845872e-02	  -6.9245333027390873e-02	  -6.2901535812142431e-02	   9.5745594121347991e-02	   2.0741520322793246e-02	   4.3656710213980621e-01	   3.9859312175344708e-01	   1.7248221893194271e-01	   2.1752283829946867e-01	   3.0990340257544702e-01	   3.1028175135707781e-01	   3.9628161505180243e-01	   4.2007380732306854e-01	   4.3695102900535288e-01	   5.0069157553853505e-01	   4.6131420828628378e-01	   4.8337268208331335e-01	   3.8405967343477421e-01	   3.2866275721477134e-01	   3.8146042714739875e-01	   3.7758613293137100e-01	   4.1542093195671403e-01	   4.1130801315591431e-01	   3.6404234104269717e-01	   3.2892459891954473e-01	   3.6544667753031423e-01	   3.2604353830238714e-01	   2.9628258302693405e-01	   2.8737574130316185e-01	   4.1268703906822035e-01	   3.2698989601372785e-01	   2.0815270855139445e-01	   5.3031401711691217e-01	   2.3310445423870493e-01	   4.0936440559100101e-01	   3.3663385581271538e-01	   3.3394309815035483e-01	   3.1317702373381218e-01	   3.4085071539839418e-01	
   2.5024559856439708e+00	   0.0000000000000000e+00	   2.1686644265458539e+00	   2.2233659283941090e+00	   3.3011414851446830e-01	   3.0799418503656595e-01	   1.5206194564584441e+00	   1.4397195544717962e+00	   2.2134565626672301e-01	   2.8835035663181668e-01	   6.3937430063776723e-02	   3.8785074031080002e-02	  -2.3956128474268673e-01	  -2.8026383253659048e-01	   3.3314918117290238e-01	   3.1228944609507236e-01	   5.3832192592284729e-02	   1.0964245633778122e-01	   2.0269425663579432e+00	   1.9744825135051300e+00	   3.6447152190888110e-01	   3.5029944900001131e-01	   1.3453200413659150e+00	   1.3606328584221516e+00	   8.2657360196542143e-02	   4.7780006436180321e-02	   5.2270160152662526e-01	   5.4138250482027672e-01	  -4.1414165866209225e-02	  -1.6611920888212749e-02	  -3.3257684200348531e-01	  -3.1574804601307971e-01	   9.2456894620374386e-01	   8.5993971742745201e-01	  -3.3828392855629286e-01	  -2.7840078626606002e-01	   3.1444636412028837e-01	   3.0532894931273391e-01	   3.4711941566137261e-01	   3.1704082506279874e-01	   4.9827762652703711e-01	   4.3759076932385954e-01	   4.1415016995875589e-02	  -5.4244408594867552e-02	   2.6147832301055879e-01	   5.0884512832357665e-01	   6.4561094259673574e-02	   3.9492233660484398e-02	   5.6614836137089575e-01	   8.6434416422837435e-01	   7.1879529670249048e-02	   3.9605336396762461e-02	   1.8097625051079833e-01	   2.7598285842500847e-01	   4.4860816407024173e-01	   4.2825711637053648e-01	   2.3901705396161668e+00	   2.4734444102373669e+00	   2.0567449851004573e+00	   1.5736201604140119e+00	   1.6280964318246509e+00	   1.5668587461280685e+00	  -1.8456733282151513e-01	   6.9504392400496884e-01	   4.6892885384750704e-01	   9.3757690956517414e-01	   1.8161213540209515e+00	   1.5917697106589117e+00	   1.7860236227576392e+00	   1.5388047946776502e+00	  -4.9188140519346744e-02	  -2.9851781261451577e-02	  -2.1778156393503209e-01	  -2.0113607103202999e-01	  -1.7342263081703235e-01	  -1.8323524461049465e-01	  -9.0794194351972432e-02	  -9.9287448601011671e-02	  -9.2977248398811344e-02	  -7.0183927797025800e-02	   1.1029408954340568e-01	   5.1922204698408456e-02	   4.5838892452153224e-01	   4.0941845255776921e-01	   1.8655260090776893e-01	   2.3639410898436436e-01	   3.3578061409919219e-01	   3.4086413534949178e-01	   4.1364278613623767e-01	   4.2952721424134283e-01	   4.4657369694126337e-01	   4.9283068227248650e-01	   4.4718785090191315e-01	   4.4901050352270944e-01	   4.0734739689166177e-01	   3.4983805842192839e-01	   4.0960826616389728e-01	   4.0292708186366716e-01	   4.4226066051818502e-01	   4.3684734228276362e-01	   3.4432393993194060e-01	   2.9852472459745294e-01	   3.6449208694701618e-01	   3.4158018415150948e-01	   3.1641971050010398e-01	   3.0897574274553485e-01	   3.7473046639154606e-01	   3.1712885447807349e-01	   2.3279490702703082e-01	   5.2761584244348603e-01	   2.3639257309575004e-01	   4.3023928345707246e-01	   3.5316726652418995e-01	   3.6469049329407222e-01	   3.4318702427251202e-01	   3.7411163902949574e-01	
   2.0029117777719696e+00	   2.1686644265458539e+00	   0.0000000000000000e+00	   2.3980641727786702e+00	   3.6602758364898708e-01	   3.4898955777969576e-01	   1.5635756769108271e+00	   1.4707387195219654e+00	   2.5063337378634687e-01	   3.3434192705798282e-01	   1.1557574723566512e-01	   3.6722229881243157e-02	  -1.7509292973251456e-01	  -2.0481121562315030e-01	   3.7128522736294034e-01	   3.4345899134887581e-01	   1.0221760534123067e-01	   1.7224068003989512e-01	   1.8680874244850103e+00	   1.7051672815687537e+00	   3.9731503236903254e-01	   3.9180256470806446e-01	   1.5117052991005506e+00	   1.5688268934527199e+00	   1.2832999322564967e-01	   8.4254067537152061e-02	   5.5378946996733591e-01	   5.8141015150384379e-01	  -4.6967322164675500e-03	   1.6273286037716269e-02	  -2.5659289193278928e-01	  -2.2113017853488540e-01	   8.1028763074644328e-01	   7.4713180439207527e-01	  -3.0242538855707241e-01	  -2.0109403700120287e-01	   3.4674206640941485e-01	   3.3284422908252265e-01	   3.4712392144428000e-01	   3.1633986396253810e-01	   4.9845995436155943e-01	   4.3606222359014335e-01	   7.8057859166294763e-02	  -3.7850293257293638e-02	   2.3524371876065636e-01	   4.7810942429003650e-01	   8.3411854186187975e-02	   5.7943374162358570e-02	   5.3727419167134149e-01	   8.0435527476271362e-01	   7.7137619706793212e-02	   6.0246085196793406e-02	   2.2053544456148411e-01	   3.0962381929737687e-01	   4.5736805045587847e-01	   4.3270489320144212e-01	   1.8832097111570785e+00	   1.8008653787652396e+00	   1.8547328227441489e+00	   1.4356474033732740e+00	   1.5700486680029357e+00	   1.5507833109802520e+00	  -2.6381715691307939e-01	   6.0418050152700631e-01	   4.0379015615063973e-01	   8.5766472907412616e-01	   1.5256076030111188e+00	   1.4053228999223029e+00	   1.5796268129019595e+00	   1.3316470465050603e+00	   3.4609509646194560e-02	   3.1261706863270164e-02	  -1.7846298862109547e-01	  -1.6337850012802044e-01	  -1.7380132722294234e-01	  -1.9169853136446882e-01	  -5.9129603039197766e-02	  -6.6051780687911482e-02	  -5.7797600545738313e-02	  -4.9319530255965499e-02	   1.3215325809054634e-01	   7.0161826742647510e-02	   4.4551321984209202e-01	   3.9784338910758704e-01	   2.2268814695471287e-01	   2.6316771182207288e-01	   2.9769545734819286e-01	   3.0054930026605486e-01	   4.0899002644774235e-01	   4.3318371116944221e-01	   4.0257098954438997e-01	   4.4032618808974477e-01	   3.9551935716469450e-01	   3.9914238266511348e-01	   3.9074796871654416e-01	   3.3464362978535850e-01	   3.9773580288040083e-01	   3.9732729213532830e-01	   4.1914858851774645e-01	   4.1532359843754407e-01	   3.1983065399927596e-01	   3.0174080903114775e-01	   3.3808272964417752e-01	   3.1367207457565782e-01	   2.8893561987783523e-01	   2.7744526518354340e-01	   3.6059241666117980e-01	   3.0514824179399852e-01	   2.2866574141101692e-01	   5.4295054579202617e-01	   2.3066731372782606e-01	   4.3433013204202475e-01	   3.3074343248469013e-01	   3.3671095121851402e-01	   3.1075188426444611e-01	   3.4373170210501364e-01	
   2.3107977137192757e+00	   2.2233659283941090e+00	   2.3980641727786702e+00	   0.0000000000000000e+00	   3.7858945173400282e-01	   3.5373612564200302e-01	   1.5219346852450741e+00	   1.5348852687659396e+00	   2.5456847337869093e-01	   3.4418486692537964e-01	   8.8343683003706389e-02	   9.6041721320157397e-02	  -1.4871049519803750e-01	  -1.6958058758533506e-01	   3.6592609016118305e-01	   3.4883945760052015e-01	   6.7243391731925881e-02	   1.2102523713317984e-01	   2.1071871183579645e+00	   1.9875944509657586e+00	   3.9166526177548361e-01	   3.7980823114834805e-01	   1.4509247563868148e+00	   1.4946754777940163e+00	   1.1127718608949363e-01	   6.7035531699397202e-02	   5.7449572403360083e-01	   5.9444811307304624e-01	  -8.7080791944629116e-03	   1.8101850209609385e-02	  -2.6540540821408687e-01	  -2.4103022876108404e-01	   8.0198074100170225e-01	   7.5111228295574495e-01	  -2.7158295456184756e-01	  -2.1022457572330697e-01	   3.5528376841259673e-01	   3.3845507123212226e-01	   3.5471620041240520e-01	   3.2525127005854204e-01	   5.2852487988806729e-01	   4.6194935278394522e-01	   1.2220699683954234e-01	   1.6011551115338394e-02	   2.5076301541364665e-01	   4.8519399802825891e-01	   8.5183902408283024e-02	   6.4095400289331791e-02	   5.7268450896682654e-01	   8.3328720708736026e-01	   1.3463568392242556e-01	   1.1299690601242676e-01	   2.0556258038444319e-01	   3.1410657757116756e-01	   4.8692178489169641e-01	   4.6109054328150489e-01	   1.9942627359021774e+00	   2.0192231480901621e+00	   2.2137475714959742e+00	   1.7466918304467567e+00	   1.4045702104378759e+00	   1.4056546830375720e+00	  -2.0359089978624728e-01	   6.2668155078733156e-01	   4.5362870313556020e-01	   9.0689216007062901e-01	   1.8019335913966261e+00	   1.5808739363316944e+00	   1.7450903574336920e+00	   1.5381600801176449e+00	   1.1258583979704443e-03	   4.7971015815864242e-05	  -1.7223331494977612e-01	  -1.5593417461223683e-01	  -1.5923504996142226e-01	  -1.7372528075421884e-01	   2.3144408798360596e-03	  -9.9380258880569713e-03	  -3.8993365738845556e-02	  -2.6392630837818822e-02	   1.2573726304013891e-01	   6.3363884114637684e-02	   4.7112540583349727e-01	   4.2890039110759709e-01	   2.3025409164404992e-01	   2.8844059454642201e-01	   3.4129611705497587e-01	   3.4616876091425758e-01	   4.4292214882036157e-01	   4.6679103967108415e-01	   4.6554410165367721e-01	   5.1179045743080520e-01	   4.7710379504939171e-01	   4.7887896744546987e-01	   4.2887507394505869e-01	   3.6820450653770831e-01	   4.2276010208441817e-01	   4.2294819956158386e-01	   4.6182832623511683e-01	   4.5624086491897564e-01	   4.0005986534515359e-01	   3.7041054569487075e-01	   4.0582882459067660e-01	   3.6867785407364045e-01	   3.4079249793834193e-01	   3.2819971936149417e-01	   4.4261890030230322e-01	   3.6899017269748557e-01	   2.5077289466001274e-01	   5.6697717398555603e-01	   2.5500372187442921e-01	   4.6272345391657949e-01	   3.7082877748128606e-01	   3.7420062854008801e-01	   3.5183539722583657e-01	   3.8178014992337050e-01	
   3.3695155166485674e-01	   3.3011414851446830e-01	   3.6602758364898708e-01	   3.7858945173400282e-01	   0.0000000000000000e+00	   2.1621053717654899e+00	   2.8687548554974796e-01	   3.9119291462052569e-01	   2.1191375320836245e+00	   2.1646431523043894e+00	   2.7106940501239900e-02	  -6.1166385845895711e-02	   2.9246051116007848e-01	   3.8107316075378245e-01	   2.2932283739332138e+00	   2.2551231074998896e+00	   2.3333472390639687e-01	   1.8383492456857603e-01	   3.7425439085733758e-01	   3.4727843088299526e-01	   1.6957516591688608e+00	   1.7661002995722432e+00	   2.9084464950282873e-01	   3.8099551864650355e-01	   1.2539001289415617e+00	   1.2313495814030395e+00	   9.9480936711581114e-01	   1.0541258628002634e+00	   1.0768959255768067e+00	   1.1686385992963018e+00	   4.3520053935501102e-01	   2.0178776298429243e-01	   8.7945022689697394e-02	   6.9138982291587062e-02	  -2.1518814382343451e-01	  -7.1520917449962224e-02	   1.5694039777296243e+00	   1.6388777417454727e+00	   1.0748192743097142e+00	   1.1424238580785429e+00	   1.0918674731906344e+00	   1.1131416798909690e+00	   4.8325214259679411e-01	   9.6504689309257888e-02	   1.4786872302155185e-01	   3.1751089252412862e-01	   1.3581367150826538e+00	   1.2754574548257518e+00	   2.4846969883169540e-01	   2.2470379839242566e-01	   3.7606944362734518e-01	   1.9297380088774288e-01	   1.2722160209909070e+00	   1.9480132573033515e+00	   1.2571514332163449e+00	   1.2987536279482508e+00	   3.8130946097837926e-01	   3.4307065785443636e-01	   3.6610221036606816e-01	   3.6052968730001567e-01	   3.0524091644272355e-01	   3.6034829965072357e-01	  -2.4172990393934327e-01	   1.0407610443938424e-03	  -7.9599395993438349e-02	   5.0341830633942750e-02	   2.5365593083837823e-01	   2.5365942449545847e-01	   3.3906574728753219e-01	   2.7428208448163338e-01	   6.0561057761170511e-01	   6.0403180178682958e-01	   8.3275265372812513e-01	   8.2848688683485305e-01	   6.2629315926090212e-01	   5.9086674073040002e-01	   2.7884324589448933e-01	   2.5668253747074238e-01	  -2.0782274653928914e-01	   7.8606278181502214e-03	   9.5709175353782150e-01	   9.2250445872472342e-01	   1.1932581254623369e+00	   1.3381114295976442e+00	   1.5356433799802103e+00	   1.3350687961796248e+00	   9.2867484938854683e-01	   9.1973290517413631e-01	   1.2238661660932777e+00	   1.3824639878968394e+00	   8.5548182262686301e-01	   6.9783718857498289e-01	   7.0942148739009914e-01	   4.9126346840357565e-01	   7.3868965611031434e-01	   6.4834322891490370e-01	   1.1944611287743383e+00	   1.1151277570282292e+00	   9.6176992565361930e-01	   9.0570482551242160e-01	   7.0618819091559193e-01	   5.7730129551682785e-01	   8.2692047563840043e-01	   8.9341638809603352e-01	   8.6383992212791705e-01	   8.4097007756625175e-01	   5.7259162748738690e-01	   7.5862519917333315e-01	   5.1402872690812607e-01	   1.3915093774369041e+00	   1.6156906602895322e+00	   1.1819010509501733e+00	   7.5328710839801039e-01	   9.5691506157728190e-01	   9.0530267170127787e-01	   9.3477342710861200e-01	
   2.9791108101329972e-01	   3.0799418503656595e-01	   3.4898955777969576e-01	   3.5373612564200302e-01	   2.1621053717654899e+00	   0.0000000000000000e+00	   2.5651788764465000e-01	   3.5886134454902591e-01	   1.7256265762162424e+00	   1.7957024091117986e+00	   2.1627598243693365e-02	  -1.0968402336888342e-01	   3.3061594402293859e-01	   4.2232110085495539e-01	   2.1114026263739398e+00	   2.0415423085551794e+00	   2.5963344392616000e-01	   2.0447692723409677e-01	   3.6219802809296159e-01	   3.2999505581681787e-01	   1.4870952114560463e+00	   1.5854864879785961e+00	   2.3831018930744932e-01	   3.5126297068458695e-01	   1.0492712059909262e+00	   1.0780521993513441e+00	   1.1531714483403712e+00	   1.1966271418413577e+00	   1.0607395198601632e+00	   1.1433016500354072e+00	   4.5430721288434012e-01	   2.3764350608512824e-01	   2.2312547813583387e-02	  -2.1903702853259743e-03	  -2.0242735183038232e-01	  -5.3439095048606319e-02	   1.6525593746482470e+00	   1.6098706350563377e+00	   1.2240337337523644e+00	   1.2795847421670608e+00	   1.2097101926745146e+00	   1.2283302490935710e+00	   4.2155155769638186e-01	   7.5964420847137948e-02	   1.3180358130014513e-01	   2.9607519190946729e-01	   1.3002540881740321e+00	   1.1699915654967341e+00	   2.0626289218680088e-01	   1.7692693329409209e-01	   3.5751231682625950e-01	   1.8495042261515435e-01	   1.0544469524117388e+00	   1.6520979861990004e+00	   1.4818232169902865e+00	   1.5388676090363751e+00	   3.4992885331401585e-01	   3.0814544773867941e-01	   3.4187931825077700e-01	   3.3106046571557135e-01	   2.7626168550751201e-01	   3.5818479001039960e-01	  -2.8523254220850436e-01	  -7.4921208592075170e-02	  -1.3172346939128649e-01	   8.0050836358811928e-03	   2.1323269596568409e-01	   2.1860429685230837e-01	   3.2311284196735263e-01	   2.4658489414239537e-01	   6.2621649980302896e-01	   6.1817602618427214e-01	   8.1585854732479102e-01	   8.1944306522462051e-01	   6.6666377316011716e-01	   6.3134698882959384e-01	   2.9343453395428420e-01	   2.8290674534435323e-01	  -2.4671731518964882e-01	  -1.2443267409357200e-02	   8.6366026483890157e-01	   8.9169785401108181e-01	   1.3734774503053477e+00	   1.4612400273798580e+00	   1.5663965586501953e+00	   1.3249093958705145e+00	   1.0574540710501890e+00	   1.0556863305356929e+00	   1.4133787695159774e+00	   1.5287584603387583e+00	   9.4236376109399189e-01	   7.3813286144049783e-01	   7.4808491647734954e-01	   5.0199959896557422e-01	   8.9155726551552983e-01	   7.7761983596906181e-01	   1.4000360861097032e+00	   1.3047054977747095e+00	   1.1193828773890053e+00	   1.0703854871627381e+00	   7.5474768001052661e-01	   6.3284790228470633e-01	   9.2374493581175066e-01	   1.0146717584849712e+00	   9.7600964556505154e-01	   9.4873755661017578e-01	   6.0840067200618764e-01	   8.3686327749198308e-01	   6.3126218709192050e-01	   1.4314225819318556e+00	   1.5371198302982589e+00	   1.3274399608581824e+00	   8.6031528262512458e-01	   1.0937070859925062e+00	   1.0231949116923365e+00	   1.0691403339884302e+00	
   1.5722550721044832e+00	   1.5206194564584441e+00	   1.5635756769108271e+00	   1.5219346852450741e+00	   2.8687548554974796e-01	   2.5651788764465000e-01	   0.0000000000000000e+00	   2.0917440365732953e+00	   1.6957986469934516e-01	   2.5347572870617252e-01	   2.8353300350681970e-01	   2.6997398955633889e-01	  -5.5450541014816397e-02	  -1.4244304326833526e-01	   2.8223482743684281e-01	   2.6142674240109615e-01	   1.1665739016296801e-01	   1.3765244099939963e-01	   1.3248534357534685e+00	   1.3111657001924124e+00	   3.1100633815684048e-01	   2.8989397417454210e-01	   1.6678306589595080e+00	   1.5112118155239647e+00	   3.0136212030983031e-02	  -2.3560896743466567e-02	   5.1490047380687953e-01	   5.3159144627630595e-01	  -5.7966995724963458e-02	  -4.1620786734338590e-02	  -3.0759440213210343e-01	  -2.5782325866886724e-01	   1.0777303807282856e+00	   1.0111701701350162e+00	  -2.6628908048005473e-01	  -2.9692496654109907e-01	   2.6451402170628280e-01	   2.4918504665950689e-01	   2.4560505825949347e-01	   2.3075956024736127e-01	   4.7907559164327862e-01	   4.1381367899303445e-01	   2.0071464209413406e-01	   8.0189491676529195e-02	   4.5310997642486983e-01	   7.4801472822540449e-01	   4.7537577658710202e-02	   2.3607988184815670e-02	   8.8732681298457217e-01	   1.1255396477755373e+00	   2.4890354431741543e-01	   2.4130770536383472e-01	   1.1199728063697340e-01	   2.3168527891331861e-01	   3.8337128684686622e-01	   3.5231313261103986e-01	   1.5090773038979370e+00	   1.4667713121577164e+00	   1.3734253612653904e+00	   1.1346990230249916e+00	   1.4835418537427534e+00	   1.5305872206573734e+00	  -3.4223228762080220e-02	   7.5806485341773355e-01	   6.0441700008971877e-01	   1.1333586382684078e+00	   1.5115869650420162e+00	   1.4622521950408882e+00	   1.1036918255038672e+00	   1.1431873881126293e+00	  -5.9313948842638353e-02	  -4.7916922298645581e-02	  -2.4586464835818156e-01	  -2.4079479150414551e-01	  -1.9698750831780576e-01	  -2.0812200150312607e-01	   4.0139292733349721e-02	   7.2615491602625749e-03	  -2.2311239171189279e-03	   6.4823424295427826e-02	   1.4655142350469988e-01	   6.3786472847877460e-02	   3.8806092469655229e-01	   3.5371016744013739e-01	   1.7339043688429756e-01	   2.1531960096834835e-01	   2.0783131657502760e-01	   2.1394880555768159e-01	   3.0192508450914701e-01	   3.2481952910448103e-01	   3.6341517492579589e-01	   4.3725926983750063e-01	   3.6136296469912721e-01	   3.9172867606430833e-01	   3.2098761228524625e-01	   2.6773275503143668e-01	   3.3392106811068140e-01	   3.3252019507636055e-01	   3.7635627884706624e-01	   3.6560708500551853e-01	   1.9699404374425816e-01	   1.6845270157990769e-01	   2.1035525482098716e-01	   1.9919554012087368e-01	   1.7427685541290949e-01	   1.6373806417759645e-01	   2.4395635713122216e-01	   1.6586329025648486e-01	   1.3535409425747810e-01	   4.6499091531345377e-01	   2.3092285282017055e-01	   4.0461117117504175e-01	   2.6296642720918229e-01	   2.4860951220624550e-01	   2.2422926802535295e-01	   2.2322111936885630e-01	
   1.5200349571608121e+00	   1.4397195544717962e+00	   1.4707387195219654e+00	   1.5348852687659396e+00	   3.9119291462052569e-01	   3.5886134454902591e-01	   2.0917440365732953e+00	   0.0000000000000000e+00	   2.7634458260568262e-01	   3.6325778858322050e-01	   3.0313575369446993e-01	   2.9684597066796337e-01	   4.6583800090591286e-02	   1.2059240764197725e-04	   3.7435503923535052e-01	   3.6043424011861802e-01	   1.6962611950992756e-01	   1.6346807169961691e-01	   1.2565423740272570e+00	   1.2463689981290220e+00	   3.9420865662564458e-01	   3.6732800846331387e-01	   1.6080082473262363e+00	   1.5982875714970239e+00	   1.1837354591775698e-01	   6.5141957367913034e-02	   6.0660004143488777e-01	   6.0333785785785565e-01	   5.3633563327625249e-02	   7.0523511996984020e-02	  -2.2705073748541005e-01	  -2.0791676169002973e-01	   1.0109488403064186e+00	   9.5912588540318577e-01	  -2.9782361434359372e-01	  -3.0743085076110133e-01	   3.6097948781927730e-01	   3.4228121679173668e-01	   3.1575418364412566e-01	   3.0193101012009466e-01	   5.7317961461402211e-01	   5.0992197062417377e-01	   2.9004915282679661e-01	   1.5202185992258280e-01	   4.7921773836235060e-01	   8.4455985745964401e-01	   1.6482024764027403e-01	   1.3980715049620543e-01	   9.8891107147114221e-01	   1.2329354826821803e+00	   3.7406864387598643e-01	   3.4556113377710285e-01	   1.7373252528743838e-01	   3.2388931879784810e-01	   4.7893262476154480e-01	   4.4614182078365416e-01	   1.4555252815165112e+00	   1.4132278504282925e+00	   1.3770903448120559e+00	   1.1394344782478809e+00	   1.4246929761449991e+00	   1.4618450220059973e+00	  -8.3869461566610432e-02	   7.0028129515730220e-01	   5.6332882711909193e-01	   1.0924788604034634e+00	   1.4663830680927339e+00	   1.4522600433572568e+00	   1.0840064383151291e+00	   1.1049483870670755e+00	   5.6024271844104509e-02	   5.1725436429010424e-02	  -1.2173949934176244e-01	  -1.1742963860132843e-01	  -7.5883748783719451e-02	  -8.5032098582985216e-02	   1.7584033976502458e-01	   1.3552589453460484e-01	  -3.4730049328239150e-02	   7.0917257831897673e-02	   2.4881707624456167e-01	   1.6534695773813807e-01	   4.7188603729412715e-01	   4.4289336011388813e-01	   2.9646207955279663e-01	   3.3308535781092596e-01	   3.0217973340787668e-01	   3.0532218748643375e-01	   4.0071057837353624e-01	   4.1484625229937577e-01	   4.4169537715453011e-01	   4.9932184036967242e-01	   4.4114292375101333e-01	   4.4215843122433190e-01	   3.8684106107784133e-01	   3.3269166452199056e-01	   4.1738499049852995e-01	   4.1607634550335149e-01	   4.6403839133565550e-01	   4.4339101800834885e-01	   2.8917208428342089e-01	   2.6813995668237034e-01	   3.1999073637476461e-01	   3.0346913985113050e-01	   2.7742626955755040e-01	   2.6781402274500909e-01	   3.2308526159424850e-01	   2.5804193101535194e-01	   1.9838225616688829e-01	   5.5704983694873655e-01	   3.5208927793164069e-01	   5.0586107924853241e-01	   3.2365571601643683e-01	   3.3129957124318438e-01	   3.0918673975074429e-01	   3.0329381937475802e-01	
   2.2004838832810561e-01	   2.2134565626672301e-01	   2.5063337378634687e-01	   2.5456847337869093e-01	   2.1191375320836245e+00	   1.7256265762162424e+00	   1.6957986469934516e-01	   2.7634458260568262e-01	   0.0000000000000000e+00	   2.1088761273675329e+00	   1.7929578144537200e-02	  -1.3312119371359976e-01	   2.7853971206689759e-01	   3.7898719982615331e-01	   1.9070378728242383e+00	   1.9780958213916950e+00	   2.8424755392579454e-01	   2.2860932251036875e-01	   2.4220967665041859e-01	   2.1779147457883055e-01	   1.5638082995483784e+00	   1.6581849538800473e+00	   1.7420616642070869e-01	   2.7609543586997848e-01	   1.4913771420054895e+00	   1.5475095932852272e+00	   7.3966778826411606e-01	   7.7219322776177579e-01	   1.2241422376324884e+00	   1.3077508165380847e+00	   4.9017923084045867e-01	   2.3177963483957509e-01	   1.8143655287067892e-02	   2.0787501230438835e-03	  -2.7463670839127186e-01	  -7.5583707686838475e-02	   1.2868656162561647e+00	   1.3841228409847355e+00	   9.0224140583750234e-01	   9.6636111846541628e-01	   8.3418763173634081e-01	   8.7244778411172264e-01	   4.7034344109475124e-01	   8.4193598648883775e-02	   1.4585359305578197e-01	   2.8336052088508334e-01	   1.5634715964402421e+00	   1.4966525909006123e+00	   1.8446086144022308e-01	   1.7153783966805805e-01	   3.7232459572753629e-01	   1.8164963780226781e-01	   1.4690938674787930e+00	   1.9728946914860834e+00	   9.8683643804976418e-01	   1.0397965529725739e+00	   2.6856251252773911e-01	   2.2834378273193973e-01	   2.4719250059660267e-01	   2.3438769073234370e-01	   2.2810009800031808e-01	   2.6472411582032457e-01	  -3.3253854417493073e-01	  -9.1046136423101068e-02	  -2.1740626600862203e-01	  -7.4583719627944203e-02	   1.3985802827577734e-01	   1.5313988356903496e-01	   2.2293219987994989e-01	   1.6181151464438651e-01	   7.5718616085300139e-01	   7.7718726305870212e-01	   9.9121533256677341e-01	   9.8008884343400138e-01	   7.3648974586045968e-01	   7.0168152044079724e-01	   2.7630646323454877e-01	   2.6379862584471003e-01	  -2.7797549484727002e-01	  -5.3788677530632101e-02	   1.0742495531025111e+00	   1.0556883748878758e+00	   9.3109126756886396e-01	   1.0537535429882798e+00	   1.4739272817314204e+00	   1.2734673928482056e+00	   8.3570995220735267e-01	   8.2638003822906358e-01	   1.0128253862252332e+00	   1.1301110095876881e+00	   7.4511532451774964e-01	   6.0795230329404482e-01	   6.4010238283999499e-01	   4.4041294424552657e-01	   5.6432939842335128e-01	   4.9813726459911789e-01	   9.8125906082020775e-01	   9.0305397156563272e-01	   7.7790426306844240e-01	   7.3043406841079395e-01	   6.2462031478058577e-01	   4.9477705243831505e-01	   7.3287508213909436e-01	   8.2165132037126998e-01	   8.0070231368769373e-01	   7.9330773706661528e-01	   4.7974244011081146e-01	   6.8361951910460683e-01	   3.9476655508630121e-01	   1.1484800360980627e+00	   1.5837088816647087e+00	   9.3592200840888651e-01	   6.2153607114232634e-01	   8.7802448148895884e-01	   8.4681426066418752e-01	   8.6318924807998543e-01	
   3.0021163199763612e-01	   2.8835035663181668e-01	   3.3434192705798282e-01	   3.4418486692537964e-01	   2.1646431523043894e+00	   1.7957024091117986e+00	   2.5347572870617252e-01	   3.6325778858322050e-01	   2.1088761273675329e+00	   0.0000000000000000e+00	   1.1300688784819633e-02	  -5.2475578627880416e-02	   2.5363893835941748e-01	   3.5068716300398239e-01	   2.0530898174971322e+00	   2.1174044476186333e+00	   2.3840892688546722e-01	   2.0710271626983409e-01	   3.2173409955922860e-01	   2.9232415250000432e-01	   1.7144446463159320e+00	   1.8792286238216374e+00	   2.6766637168351987e-01	   3.6148039464321968e-01	   1.3424646072603357e+00	   1.3412885526912226e+00	   8.7244924354221021e-01	   9.3161515323847299e-01	   1.0884090757398996e+00	   1.1997867857552864e+00	   3.7555386093763943e-01	   1.6072763365164258e-01	   8.9972736566194172e-02	   7.4614803656552348e-02	  -2.5856443077579933e-01	  -8.9303398647980953e-02	   1.5242116870955673e+00	   1.5832102807277897e+00	   9.2227503778204378e-01	   9.8425327293152542e-01	   9.6131441572738396e-01	   9.6138856249890325e-01	   5.4340299703975437e-01	   1.3931510546476258e-01	   1.0880799407820152e-01	   2.7309153472586972e-01	   1.3442826846723381e+00	   1.3195134950789653e+00	   2.2156986822995536e-01	   2.2923565892201606e-01	   3.7121816781864719e-01	   1.8461313682876559e-01	   1.4738201528492547e+00	   2.0439120758772842e+00	   1.0741392768940117e+00	   1.1124911854353825e+00	   3.2568551368902487e-01	   2.9310375853556220e-01	   3.2491286060419250e-01	   3.1470527293796291e-01	   2.9013146091458097e-01	   3.2161125599458323e-01	  -3.1227458419095172e-01	  -1.5617885718941569e-02	  -1.1023684792916696e-01	   2.8599612237029531e-02	   2.2096180223223330e-01	   2.2566293902715343e-01	   2.7976485976024584e-01	   2.2757010424501511e-01	   6.3159349779752738e-01	   6.3241838502774328e-01	   8.5991436575550484e-01	   8.7569478997568639e-01	   5.8362932477954876e-01	   5.3809788037057504e-01	   3.0802143225347217e-01	   3.0227095626748052e-01	  -1.5814091978148395e-01	   3.1661940810771158e-02	   9.8372562364178107e-01	   9.4588062245096149e-01	   9.6583756293931833e-01	   1.1344435898893364e+00	   1.4540810502543315e+00	   1.3332776526044130e+00	   7.8600877491129917e-01	   7.8770593547243595e-01	   1.0435516070618709e+00	   1.2027272521166386e+00	   7.4664777103534208e-01	   6.1311504358537006e-01	   6.4831325091148606e-01	   4.6805996346718126e-01	   6.1718622814330537e-01	   5.3379932706823419e-01	   1.0114941333999738e+00	   9.6356461180320496e-01	   8.0241206973681256e-01	   7.5347392364136789e-01	   6.6237876535614726e-01	   5.5105509841115619e-01	   7.4275054995567269e-01	   8.0221554522921257e-01	   7.6565229483477826e-01	   7.5364159162350441e-01	   5.4368584484050597e-01	   7.1881998515877321e-01	   4.2368753764884942e-01	   1.3570989625447394e+00	   1.5240311119128533e+00	   1.0411317625399699e+00	   6.3308421952511440e-01	   8.4773121063451684e-01	   7.9864680260895848e-01	   8.1010844922194725e-01	
   6.6827178114661406e-02	   6.3937430063776723e-02	   1.1557574723566512e-01	   8.8343683003706389e-02	   2.7106940501239900e-02	   2.1627598243693365e-02	   2.8353300350681970e-01	   3.0313575369446993e-01	   1.7929578144537200e-02	   1.1300688784819633e-02	   0.0000000000000000e+00	   8.0588161164600736e-01	   5.2196051858872528e-01	   4.3902147655285761e-01	   9.0861116899086852e-02	   6.4409366370311513e-02	   1.0816372955306184e+00	   9.6956561969306687e-01	  -2.0938931938049597e-02	  -5.0986638433928602e-02	   7.7328981717408485e-02	   6.2387782985306964e-02	   2.8795866017167127e-01	   2.8402397658063139e-01	   6.3429577216137289e-02	   2.1737944304505988e-02	   1.3886144716005974e-01	   1.2558035293136802e-01	   2.5592410724667802e-01	   1.9645477859170074e-01	   2.4844328827821999e-01	   4.5490223640642929e-01	   3.5750053069509558e-01	   3.7038268690515874e-01	  -2.0885479199816248e-01	  -1.4978530207328772e-01	  -5.6355278771898283e-02	  -2.1550133026690624e-02	  -1.6796914557923479e-01	  -1.0557999930949248e-01	   5.3653996881688489e-02	   5.2208939067253095e-02	   4.9007046181654762e-01	   7.2390888735792724e-01	   4.8764080873375459e-01	   5.9508672991587019e-01	   5.3024989553056748e-02	  -2.3496727362328483e-03	   4.5328882312568031e-01	   4.9256836652863867e-01	   6.8050365065999407e-01	   8.9681604368306322e-01	  -6.1923175898051047e-02	   4.0903073536948482e-03	   1.4699253005264995e-03	   1.5637393050900054e-02	   6.6403368012099187e-02	   5.5507782698318110e-02	  -1.7696172574969914e-04	  -6.1227439413261975e-02	   1.3165029025684458e-01	   7.9613154039064785e-02	  -1.5073213498137422e-02	  -2.0172346551677423e-02	   1.1829186676805152e-01	   4.4351856398311053e-02	   7.6023414938538203e-02	   6.2906069667440057e-02	  -6.3207498471076165e-02	  -1.2442412223485365e-01	   4.3114567737702753e-01	   3.9874889604528774e-01	   7.5980971731229183e-02	   6.1535685078800667e-02	  -2.3649877090559895e-03	   2.2516663761329242e-02	   4.1267938468809950e-01	   3.6870553182889110e-01	   3.2491622333964243e-01	   6.3448065293368938e-01	   4.7677309872475765e-01	   3.6267843090512625e-01	  -3.9745519776679047e-02	  -7.6492880134857846e-02	   2.2130990372850270e-01	   2.2651399181024429e-01	  -1.1910105890232336e-02	   1.1472898587165926e-02	  -7.5519575690370988e-02	  -1.0154715732277317e-01	  -1.7486346371919614e-01	  -2.3638859921542221e-01	  -1.3282503401872428e-01	  -1.9327091041972896e-01	  -2.3367858107136680e-01	  -2.6351652269058801e-01	  -1.2236491993208058e-01	  -1.3624168853116753e-01	  -1.3520089705201777e-01	  -1.6960955767181707e-01	  -3.3972329897098141e-02	  -1.7427316730652297e-02	  -4.2557221509074913e-03	   2.1071777787365468e-02	   5.9243457272341031e-02	   5.2536763149985670e-02	  -9.5533514843294060e-02	  -1.5442509398874349e-02	  -3.0846724732295000e-01	  -8.0554378594807963e-02	  -2.6995659031233892e-02	  -2.5587669923671497e-02	  -3.7115415568490512e-01	   4.6601128339729636e-04	   2.6517887062480369e-02	  -1.0183926948160558e-01	
   1.0007934526148662e-01	   3.8785074031080002e-02	   3.6722229881243157e-02	   9.6041721320157397e-02	  -6.1166385845895711e-02	  -1.0968402336888342e-01	   2.6997398955633889e-01	   2.9684597066796337e-01	  -1.3312119371359976e-01	  -5.2475578627880416e-02	   8.0588161164600736e-01	   0.0000000000000000e+00	   3.9045458629323504e-01	   3.2459185255322098e-01	  -6.1604541623590948e-02	  -6.8821680143633310e-02	   2.4625048644553696e-01	   2.0797882387852315e-01	  -1.0880939407001192e-02	  -3.1940130093388005e-03	  -1.0681167735133142e-02	  -4.2810373528912642e-02	   2.2636391948435253e-01	   1.5174271262518491e-01	  -1.3350384726612841e-01	  -1.7799936030741870e-01	   9.7874009765449591e-02	   1.1670232826497960e-01	   3.2787769731588305e-02	   2.3024058804384174e-02	  -1.0939680714208130e-01	  -1.0460327279331320e-02	   4.7329760236231311e-01	   5.2807724338116502e-01	  -6.9517038927652278e-02	  -3.3947933679932035e-01	  -6.0342357995938088e-02	  -5.2877676051696007e-02	  -2.8130734671316387e-01	  -2.2883923363226216e-01	   5.4149918537349517e-02	   2.6092567078372361e-02	   7.2090675100084878e-01	   1.0419956938185646e+00	   2.1257913746056137e-01	   2.9773315818155438e-01	  -1.0583527811037244e-01	  -1.1274162612312455e-01	   4.5709953234091816e-01	   4.5890292879531114e-01	   7.4443855124788216e-01	   8.1959584936098928e-01	  -1.5093888477799938e-01	  -7.9245978273990228e-02	  -6.1723975821544610e-02	  -6.9732531553644020e-02	   1.0770895867694162e-02	   7.9504221043738887e-02	   1.5226440405738784e-02	   4.8624433732815296e-02	  -1.3093590844615881e-02	  -5.4495543279870717e-02	   4.4595234028161651e-01	   2.0534336429143268e-01	   6.1793170566939892e-01	   3.3066772417044538e-01	   1.8410253345030228e-01	   1.0997070310592666e-01	  -3.1171712555452275e-02	   5.6242357560374297e-03	  -6.9992944922461900e-02	  -1.2904406917573438e-01	  -4.6006266443505951e-02	  -3.0159428885080615e-02	  -1.8173636692829864e-01	  -1.6927271639060817e-01	   5.6947178723776837e-01	   5.3458918979975201e-01	   6.9612406465510313e-01	   8.2331436199954089e-01	   1.3243369698524882e-01	   4.0902245192573634e-02	  -1.3331816600289983e-01	  -1.2307880893805483e-01	   4.4232251310320686e-02	   1.1362969702549106e-01	  -1.4607478675704019e-01	  -1.1205346892442160e-01	  -1.5234611335606324e-01	  -1.4927999320602151e-01	  -1.5930386574015862e-01	  -1.7450105808662486e-01	  -7.9217311938208648e-02	  -7.9655847826373402e-02	  -2.3134308321389674e-01	  -2.7109199541324080e-01	  -2.0913506125869605e-01	  -1.9570473245425687e-01	  -1.7454200271054909e-01	  -2.0536546022153629e-01	  -1.0078344110706346e-02	   7.3266540256090289e-03	  -5.8454610245399212e-02	  -7.1578523832379157e-02	  -5.6833473632362727e-02	  -6.2947729724796966e-02	  -5.3224553586788499e-03	  -3.1536190734999456e-02	  -3.2900189050867057e-01	  -9.8233751875518249e-02	  -9.8950398793412331e-02	  -4.3470382331392568e-02	  -3.4571301259226123e-01	  -1.1078324492124658e-01	  -9.2686743239268135e-02	  -2.0847711634178653e-01	
  -2.3817960592344783e-01	  -2.3956128474268673e-01	  -1.7509292973251456e-01	  -1.4871049519803750e-01	   2.9246051116007848e-01	   3.3061594402293859e-01	  -5.5450541014816397e-02	   4.6583800090591286e-02	   2.7853971206689759e-01	   2.5363893835941748e-01	   5.2196051858872528e-01	   3.9045458629323504e-01	   0.0000000000000000e+00	   1.7439930497053746e+00	   2.7696779881233130e-01	   2.8888099924130967e-01	   5.1506291347395738e-01	   2.4984070868043651e-01	  -2.5376288735046926e-01	  -2.4153820051321589e-01	   1.8943488740681039e-01	   1.6430339314822862e-01	  -9.1137590725763589e-03	   3.7825879363338206e-02	   2.3260406043481638e-01	   2.2216963637090964e-01	   3.0175198473102560e-01	   2.4761744219722032e-01	   6.3919291949283297e-01	   5.8002738238592355e-01	   8.7996161085929370e-01	   7.7350180193063633e-01	  -2.1545348046873813e-01	  -1.9513845229758930e-01	   1.7028419293199820e-01	   1.1672685722625893e-01	   2.6048198951896473e-01	   2.1940974421402268e-01	   1.3212055535521366e-01	   1.6629122907816818e-01	   2.7609908463562033e-01	   2.8091960681839689e-01	   6.2156230943666579e-01	   6.0032777832388928e-01	   2.5550243294936731e-01	   2.8106835014704112e-01	   4.8913567312056305e-01	   4.3264353389102045e-01	   3.0493192729541180e-01	   3.6868854983732095e-02	   9.4331941264893782e-01	   8.3649467340023198e-01	   1.6741480031461829e-02	   2.4467939179413961e-01	   2.5614525894026852e-01	   2.6093536239786153e-01	  -1.9582397501866589e-01	  -2.2274027739315977e-01	  -2.3792591657862289e-01	  -2.4629588689613438e-01	  -2.5240690398805921e-01	  -2.0667794246660420e-01	   1.8777903424741732e-01	  -1.6787499496535921e-01	  -3.5939007674162138e-02	  -1.8615348243506785e-01	  -2.4035994602009814e-01	  -2.3294538646370025e-01	  -2.1035389280094458e-01	  -2.4659154820830775e-01	   6.0290979423255642e-01	   5.3815598661660435e-01	   6.5564716027386671e-01	   6.0714487845322285e-01	   7.0239108336005474e-01	   7.1217655646589928e-01	   1.2773873379031961e+00	   1.1288854334031815e+00	   1.1433470519533760e-01	   4.6554854491038011e-01	   5.6039021028137115e-01	   5.9713917800630856e-01	   2.6002875982531359e-01	   2.5470169327250575e-01	   5.3050129869664087e-01	   4.8211287701062555e-01	   1.9225789639187929e-01	   2.0615346451671060e-01	   1.9250293827180656e-01	   1.6018690112479567e-01	   7.8491519451976952e-02	   1.3984543987562107e-02	   3.1828380264591880e-02	  -8.7040060522039289e-02	   1.2857045608489692e-01	   1.0116130260699077e-01	   2.0537751411256369e-01	   1.8122759228110286e-01	   1.9573292522494409e-01	   1.5410542447780345e-01	   9.1220713021948119e-02	   9.7885044944030150e-02	   1.6233586475299588e-01	   1.7630059383246241e-01	   2.0112969546142093e-01	   1.8710950096106393e-01	   1.4134657471692024e-02	   7.8703877846334314e-02	   9.8464876310447064e-02	   7.4172701655257300e-02	   3.8191590819751287e-01	   2.7331348519816295e-01	   9.8988545028839432e-03	   1.5450771161181462e-01	   1.7277412032665307e-01	   9.4535394674513357e-02	
