   0.0000000000000000e+00	   9.8755070424632541e-01	   4.7443711595927274e-01	   4.6746282864385974e-01	   6.4492241568825193e-01	   9.0207502424408514e-01	   4.8598633459153301e-01	   4.9289004253438995e-01	   5.4452434378904113e-01	   3.7061848795338126e-01	   8.1188175036431942e-01	   3.7802167541313314e-01	   3.9426901438145812e-01	   2.6177754951345261e-01	   4.9304837500909077e-01	   3.3234685335129288e-01	   5.9559917685759778e-01	   3.6022771573215945e-01	   5.6432248065996049e-01	   4.6750987766263880e-01	   7.7164788481131708e-01	   7.1016135188526219e-01	   3.5742939674960500e-01	   2.8825086041349390e-01	   4.0821887206326324e-01	   4.7085425608594467e-01	   6.8411828876649861e-01	   5.9102906470987226e-01	   3.7100837632591510e-01	   2.4696805105458192e-01	   3.5586298307053921e-01	   2.9534853588799809e-01	   7.5168230998928121e-01	   5.6048642411438654e-01	   1.8838767284388871e-01	   3.4802412200967892e-01	   4.1478387556208973e-01	   3.5649748336604592e-01	   6.8493009570993413e-01	   4.2580092223850269e-01	   4.1573911840824174e-01	   1.5171136269010044e-01	   7.8429178028396118e-01	   7.6584745530611742e-01	   6.1009635910957538e-01	   5.3185270044139066e-01	   7.9328805073342912e-01	   7.6447489882995434e-01	   5.7491157049195418e-01	   5.8608204618426463e-01	   7.6190661861277653e-01	   6.9976781926594456e-01	   7.8171612960331094e-01	   7.7640099403302354e-01	   7.4283021345202971e-01	   6.8341284513813871e-01	   7.0368946059274373e-01	   7.2232160590820338e-01	   7.0356969741943542e-01	   5.1142764900449400e-01	   6.3631356183115373e-01	   3.6823054366697844e-01	   5.2925105500388958e-01	   2.2587615622168264e-01	   3.0652357993717594e-01	   2.8931413293429509e-01	   6.7389746284797303e-01	   6.8532373641223976e-01	   9.3560197828108449e-01	   7.5949526084624841e-01	   6.8317355722224060e-01	   3.4399067998516958e-01	   7.7060509924897741e-02	   7.3874706427825260e-02	  -1.9887381772404414e-02	  -1.3835982219916215e-01	   2.5017831360707704e-01	   1.3073171557506108e-01	   5.6718825164204645e-01	   4.2966621898728119e-01	   6.1990938292712383e-01	   5.3944700505256971e-01	   4.8134246067269476e-01	   3.6941622871802743e-01	   6.0722152196707502e-01	   5.2651591122418107e-01	   5.2934493444778574e-01	   4.8382824985602091e-01	   6.0408296541145756e-01	   5.8585093219696283e-01	   3.6147776418075528e-01	   4.6112105948582455e-01	   1.4692356576942114e-01	   2.3224612457259142e-01	   2.3431493202022782e-01	   8.4798993182334845e-02	   6.2231936046711389e-01	   5.3332098080732182e-01	   6.2311559427859509e-01	   5.1086242034949536e-01	   4.1450607381476262e-01	   2.5340429936056097e-01	   3.7906074296102221e-01	   2.6991276375183682e-01	   2.3837885599417510e-01	   3.9957792282210552e-01	   2.9549640309791614e-01	   2.7056681437801178e-01	   8.6189103743084347e-02	   2.7312124235733232e-01	   5.5431880886180618e-01	   4.0300891077827034e-01	   3.0322825398052144e-01	   2.1022809123144443e-01	   1.2087688759343057e-01	   1.8455738475018788e-01	
   9.8755070424632541e-01	   0.0000000000000000e+00	   2.2043400385809456e-01	   3.7425176037661023e-01	   4.0663989898014830e-01	   5.1397053184756369e-01	   2.3653676214653852e-01	   4.2135137657302518e-01	   3.2660494996228268e-01	   3.7967450465591146e-01	   5.1172236689499573e-01	   5.4371179393938784e-01	   1.8456187837172230e-01	   1.8787621479036731e-01	   3.4383920762482095e-01	   2.9686106919551075e-01	   7.7417837814742385e-01	   5.9218655239691764e-01	   5.7212671629613587e-01	   7.7108800747556550e-01	   5.3910656918616173e-01	   4.2053418125873260e-01	   1.6382687829776699e-01	   1.2805716024539165e-01	   2.4176715514534999e-01	   2.7626862806878033e-01	   4.0399135937921410e-01	   3.4056234770571542e-01	   5.3913949147789375e-01	   4.8552917855425431e-01	   2.5478341361194140e-01	   2.3816302758858854e-01	   8.4568980280785544e-01	   7.1332720606733668e-01	   2.6646388353201086e-02	   1.2890701108073135e-01	   2.8443128139686957e-01	   2.3724287488290369e-01	   4.5505358977017690e-01	   3.0146143857368207e-01	   3.0522168232106062e-01	   2.6256053695379267e-01	   5.4322031908952673e-01	   6.1794089708701583e-01	   6.6361575386107796e-01	   6.9946132421083396e-01	   7.6095491015401528e-01	   6.9464944574814802e-01	   5.6690093282353315e-01	   6.6744177194479470e-01	   8.1396762064037465e-01	   5.3262192840122879e-01	   6.3577174629956879e-01	   7.2997449929234259e-01	   5.7627361480348449e-01	   5.2221071071216019e-01	   9.6718494710756941e-01	   1.1224417755510547e+00	   3.2157158184006907e-01	   3.6880548061991092e-01	   2.3322190283526245e-01	   3.6301902583096224e-01	   4.3156529744491268e-01	   3.5915128376723382e-01	   8.3378448084457851e-02	   7.2269533793292665e-02	   4.2959307839374294e-01	   4.2417795127543262e-01	   6.6503434572070075e-01	   5.0870024497156474e-01	   4.2391353065162141e-01	   2.4822244541682170e-01	   1.9378694136488234e-01	   3.1136443714131157e-01	   1.3760908591354190e-01	   9.0092591928444460e-02	   8.7286183896370551e-02	   1.6428489938052071e-02	   8.2961489555179424e-01	   6.7422375561058245e-01	   9.8459303018136290e-01	   9.0743471011639221e-01	   4.8624538767675268e-01	   4.5181701646946548e-01	   6.3520726218426748e-01	   5.3670929688813351e-01	   3.3680808273467172e-01	   4.7508499688353167e-01	   4.3601155949640974e-01	   4.1994690597989848e-01	   1.7461962943224171e-01	   2.2269890138899143e-01	  -2.1677811538003706e-02	   5.5339507713207461e-02	   2.1640646791948989e-01	   4.2860178501853287e-02	   4.4525717252227348e-01	   2.1456845766793464e-01	   6.9474421889345772e-01	   4.9762695227864484e-01	   3.2474258139617951e-01	   7.9024402108424818e-02	   4.0231296234798902e-01	   2.2109986185280209e-01	   3.1714928122197356e-01	   2.2648873176982226e-01	   2.1787505595043088e-01	   1.6036843964968095e-01	   1.5214158954529081e-01	   1.0544981422226095e-01	   2.4557779807410213e-01	   3.2153753994533718e-01	   1.4270612518166564e-01	   1.9978380100169504e-01	   7.5384395937179100e-03	   2.6205215035359303e-01	
   4.7443711595927274e-01	   2.2043400385809456e-01	   0.0000000000000000e+00	   8.0252568849094641e-01	   9.9275619313819230e-01	   7.4823760119332905e-01	   1.1577913633775463e+00	   6.0299377542495980e-01	   7.0220925944250734e-01	   2.4971304583218890e-01	   5.1609032423657974e-01	   2.1535018588877350e-01	   5.4025390798424944e-01	   4.5055315557449754e-01	   7.1902544492710196e-01	   5.2634861818450496e-01	   2.9959927389052451e-02	   1.2490501033000216e-01	   8.2366879568015194e-01	   2.9872155501326397e-01	   6.6710393887493891e-01	   3.8303043232794481e-01	   1.3827857452338890e+00	   1.0253461194020668e+00	   9.2537743773361691e-01	   9.1996085215865719e-01	   9.1633034334695740e-01	   7.3959508366128923e-01	   2.1611170315390918e-01	   1.4827674014980954e-01	   7.9658623526692218e-01	   6.7522031965207741e-01	   5.7850349993829397e-01	   3.3338551478009554e-01	   7.2858156294825793e-01	   5.8063508378889517e-01	   6.4240853735209846e-01	   4.8146423191856513e-01	   6.4742734146103587e-01	   5.0022361062392595e-01	   4.9045154803470037e-01	   2.1018508118687373e-01	   7.0957818168274311e-01	   6.0877220001940480e-01	   6.2440749732630618e-01	   4.4945567022089322e-01	   5.9798080249031715e-01	   5.2249262944702579e-01	   6.6325063823426067e-01	   5.6882074896678891e-01	   6.7242863946567488e-01	   1.1902029041462878e+00	   6.9204754394686840e-01	   4.6188207189575886e-01	   9.1844788227033747e-01	   6.6198137041168092e-01	   2.6578307450694436e-02	   1.1557555804867956e-01	   7.5761453133815404e-01	   2.6019082499681823e-01	   6.7536273276359748e-01	   2.9608954648075725e-01	   1.5489850400346555e-01	   1.1795806832930652e-02	   1.1066234124072913e+00	   8.1173417141519133e-01	   1.0828990948720025e+00	   8.9109147666260757e-01	   4.8267802254555120e-01	   5.6668274022951415e-01	   7.3276408196543286e-01	   5.6242150933167878e-01	   1.8064172254349531e-01	   5.9635113726433847e-02	   1.4360765698304920e-01	   2.1864077605548929e-01	   5.1125180029003670e-01	   4.4747979776215602e-01	   1.1501595205739280e-01	   2.2480201104807379e-01	   1.7319261578352504e-01	   2.1715561761984187e-01	   7.0962092936630761e-01	   6.0588217240890496e-01	   7.3035896107899967e-01	   7.5621066385355307e-01	   8.0899000081058259e-01	   7.8004013422344731e-01	   8.9198687864909809e-01	   9.2999130559385557e-01	   7.9293518964664078e-01	   8.0098156130157716e-01	   6.0234087631384958e-01	   8.4425423970872393e-01	   2.9172448304883225e-01	  -4.5309038255789053e-02	   7.8048928407454898e-01	   6.9087914917809712e-01	   5.7144093484196301e-01	   5.0922288076162170e-01	   5.1550301654583353e-01	   9.7840826523488267e-01	   3.4433139690019343e-01	   5.0259085389064406e-01	   3.7345733967909128e-01	   7.7206507396723056e-01	   2.2970852387938523e-01	   6.3968446350254204e-01	   2.0067521160230128e-01	   2.8343234647184179e-01	   6.7281995651202897e-01	   5.1420863216928248e-01	   4.9937715615899581e-01	   3.2144407981368639e-01	   2.5355571811973732e-01	   3.6621935846369991e-01	
   4.6746282864385974e-01	   3.7425176037661023e-01	   8.0252568849094641e-01	   0.0000000000000000e+00	   8.0277061554517604e-01	   5.2580851741012480e-01	   7.9244435531498758e-01	   8.2532081587532302e-01	   5.7605230122319340e-01	   2.9146025162381189e-01	   4.3072851893657460e-01	   6.0055338113534207e-01	   4.8258421265497575e-01	   6.8079950657099630e-01	   5.9126495387793787e-01	   5.5934154031423788e-01	   3.2201664737002195e-01	   2.6878943871097027e-01	   9.5141024213215153e-01	   6.4335356022619727e-01	   4.7511071900999186e-01	   3.7965889178309525e-01	   9.1153198721092088e-01	   1.0531778009317270e+00	   6.3909074467370786e-01	   7.9949141035817650e-01	   5.6821163740083780e-01	   6.2087004520538458e-01	   4.7030499420187566e-01	   4.4456312374441659e-01	   7.1522368580863316e-01	   7.6844016004449400e-01	   7.2753383678444106e-01	   7.1064122613071912e-01	   3.7759891425404840e-01	   4.2729153595093705e-01	   6.7398883932067855e-01	   6.3372941545133332e-01	   5.0512588596930197e-01	   4.2223721019762250e-01	   5.4752686280865326e-01	   4.8680330132603922e-01	   3.2700601966370618e-01	   3.3480150774101003e-01	   3.8238881506725508e-01	   3.7265528219107041e-01	   4.0065638055476199e-01	   4.0472974421325830e-01	   3.4088607625986844e-01	   4.9361924234099752e-01	   5.6998944433159715e-01	   8.1682069258708545e-01	   6.6340622547085515e-01	   4.2394123435443748e-01	   8.0008334333003184e-01	   6.6391391851146797e-01	   3.3046921688856513e-02	   1.0442403826793353e-01	   4.3563637101906083e-01	   3.4184361045023059e-01	   3.2510117807089955e-01	   3.9780691300716697e-01	   3.6572405358530552e-01	   3.2058501161070352e-01	   5.4094229001229355e-01	   6.3920033547782296e-01	   5.6147790933253894e-01	   7.2657956487713604e-01	   2.5466566816304859e-01	   2.9678508765791478e-01	   6.7857014146647743e-01	   6.5323599834799939e-01	   5.3474439213887126e-01	   4.3980866120017481e-01	   4.4293197963046171e-01	   4.7732459082347362e-01	   5.6318257749783696e-01	   5.5072882160044301e-01	   3.6843549134355014e-01	   4.1313023093224249e-01	   4.3130931989737786e-01	   4.4368845594708495e-01	   7.9085955012306675e-01	   7.6951264190922930e-01	   7.0409671249054362e-01	   8.5184348601193527e-01	   8.1172999587765604e-01	   6.9041706446349504e-01	   9.3562075387618782e-01	   8.4760985638526543e-01	   5.4558658116786263e-01	   5.4953949113995060e-01	   6.0721675506280626e-01	   7.2100144775127384e-01	   2.0118318829751192e-01	  -1.1249408104792287e-02	   4.7278111122008798e-01	   5.4726653042367945e-01	   6.5019247117877321e-01	   5.6905221803417871e-01	   7.6746673383983754e-01	   4.9622828507560135e-01	   5.8793120710557978e-01	   5.0111383678168475e-01	   5.5618767255330914e-01	   5.6073897012622409e-01	   2.6889384896679180e-01	   2.5813459956237039e-01	   8.9083759131855289e-02	   2.9456045522791224e-01	   5.1710895899248710e-01	   7.0126528131179056e-01	   6.1885232843061710e-01	   2.9038753252047805e-01	   1.9259877498106165e-01	   3.4134995264729051e-01	
   6.4492241568825193e-01	   4.0663989898014830e-01	   9.9275619313819230e-01	   8.0277061554517604e-01	   0.0000000000000000e+00	   1.0088878555835821e+00	   1.0694112117760695e+00	   9.2482085849696705e-01	   1.1580844584164063e+00	   5.1508192907476202e-01	   4.5631418570222781e-01	   3.2364681453351302e-01	   6.3802778576641439e-01	   5.1507173491843650e-01	   9.0303798799245061e-01	   5.4206923545810448e-01	   3.5120473898247806e-01	   4.4507660190309506e-01	   7.9628652038449055e-01	   4.3205289214643017e-01	   1.0357417865500584e+00	   7.2433347955199845e-01	   8.9272064067787238e-01	   7.3459518522918965e-01	   7.3706480210117964e-01	   8.6548279167983588e-01	   1.0497199929024981e+00	   9.1916565784428816e-01	   5.1419887248392038e-01	   4.5915850221712151e-01	   9.0799986138916200e-01	   7.9577112425083862e-01	   7.5613625939070217e-01	   5.9531116742761969e-01	   4.3780585414657885e-01	   5.8285029009210143e-01	   6.8548617431617420e-01	   5.7669000048490071e-01	   8.0375533678140409e-01	   5.7329981189006440e-01	   7.8191971541639604e-01	   4.2480820162543953e-01	   4.8517270263456186e-01	   4.0223865948388038e-01	   5.5937844241261658e-01	   4.8673018993294392e-01	   5.1760394801365228e-01	   4.8559507096440246e-01	   5.6937740620525579e-01	   6.8792610660291331e-01	   8.0244347702367558e-01	   9.0355241233045835e-01	   1.0681772410445867e+00	   6.8715573952051057e-01	   1.1715458638031551e+00	   7.9472335406997396e-01	   1.4459358186068877e-01	   2.2720104522794107e-01	   8.7644069714963668e-01	   4.6914061054673734e-01	   8.6718103053294038e-01	   3.8924806247179472e-01	   4.5195271069801474e-01	   2.9833148087579153e-01	   5.7471631777790155e-01	   5.7677437335778325e-01	   1.0116108383994209e+00	   9.9443675436668377e-01	   4.9997167833416634e-01	   5.7283979445420341e-01	   5.9603185362069366e-01	   4.2113945142821674e-01	   3.0156155993798939e-01	   2.1939545580003397e-01	   1.4426995066976789e-01	   2.6432386927310553e-01	   5.4627048887465923e-01	   5.1536738623407707e-01	   4.2117336456409460e-01	   4.7597767520810030e-01	   4.3473610919156846e-01	   4.7210095145508335e-01	   8.3042393852849705e-01	   7.3516259380000903e-01	   7.0371808383181200e-01	   6.1534200192179400e-01	   9.0312421273141585e-01	   6.5123381396163882e-01	   9.7660785191911981e-01	   7.8478867266242425e-01	   9.7304792108814286e-01	   1.0151956774427071e+00	   6.3943158690024160e-01	   7.6307345506323609e-01	   4.3355158523953435e-01	   1.4493236399102855e-01	   6.8244697353475992e-01	   7.2687620446019896e-01	   8.6282640833536628e-01	   8.5807232644293308e-01	   6.5386460918202738e-01	   6.4892515035767062e-01	   5.7353991215310307e-01	   7.6059443455763076e-01	   5.7346613883251740e-01	   8.5134294632792562e-01	   4.7437797708663770e-01	   5.6431237902737630e-01	   3.6054091035299113e-01	   5.0495789847501871e-01	   7.0344700870669807e-01	   8.2174814250365091e-01	   7.3132783716276173e-01	   6.0822992410467813e-01	   3.4941996560561006e-01	   4.6776142673067866e-01	
   9.0207502424408514e-01	   5.1397053184756369e-01	   7.4823760119332905e-01	   5.2580851741012480e-01	   1.0088878555835821e+00	   0.0000000000000000e+00	   1.0381588995168969e+00	   9.5228098278143669e-01	   9.9431811766305123e-01	   8.3586454416183165e-01	   6.8391304032692346e-01	   3.9162098456732219e-01	   6.3500385969518536e-01	   4.9987945385855692e-01	   1.0680342798079185e+00	   7.9079984870778652e-01	   4.9748523885680318e-01	   4.6985140406237436e-01	   7.5042100009902368e-01	   4.8934091644015015e-01	   9.9562213649025300e-01	   7.2687459466661364e-01	   7.3896501708885354e-01	   5.5005889885063031e-01	   6.5760646491256658e-01	   7.5997103048382386e-01	   8.7798049746105444e-01	   7.7586775858606183e-01	   6.8989123200932212e-01	   5.5852937569856709e-01	   9.0787331852589559e-01	   7.8471377202485870e-01	   9.2643674321943337e-01	   7.2248714516305412e-01	   3.4978907431740680e-01	   5.5545284557376529e-01	   6.9346765094490959e-01	   5.6168340714419784e-01	   9.5234749377956540e-01	   7.3831345879906762e-01	   7.2851037652096107e-01	   3.6696102817141396e-01	   6.1693607517738813e-01	   4.6624375875395419e-01	   5.8140266723324674e-01	   4.5846934856551769e-01	   5.9375835128782306e-01	   4.9432075940715198e-01	   5.6610807216446957e-01	   6.3620031814484734e-01	   7.9335088031634804e-01	   7.1719845212652911e-01	   8.3086673087730889e-01	   6.4838650587298963e-01	   8.7755657581917479e-01	   6.9246688433575554e-01	   3.2506675377593020e-01	   3.8074617550010126e-01	   7.3316595448036370e-01	   2.9395335186985627e-01	   9.4293269262029866e-01	   6.7219353255868630e-01	   4.5599743848841412e-01	   2.8198232011146462e-01	   5.6284678886322337e-01	   6.3641675738175507e-01	   9.0598374841192642e-01	   7.7898164864255359e-01	   6.6559151187078747e-01	   7.2565879413608492e-01	   6.9320986326504319e-01	   4.0740549023311723e-01	   2.5987018111867727e-01	   2.9676085843147187e-01	   1.1002757244033962e-01	   2.0057596211041426e-01	   4.5220248311238581e-01	   4.0962761583730067e-01	   5.0507354440373120e-01	   5.2476858175255103e-01	   5.3105225607837703e-01	   5.2141159513800883e-01	   7.1337986457802194e-01	   6.7778395390609625e-01	   6.7477635050917084e-01	   5.9321520583288467e-01	   5.9420553960729805e-01	   5.0873304479164894e-01	   8.1613578241262263e-01	   8.1591009925093949e-01	   7.3717007160163428e-01	   7.7543370477594764e-01	   5.7015806508203104e-01	   5.5445886787323229e-01	   4.2669669229701179e-01	   2.5050839652200174e-01	   7.6652967177899844e-01	   7.0248061094732972e-01	   8.3783443862918883e-01	   7.4783967006080421e-01	   4.9076261003210231e-01	   3.3299794642142461e-01	   4.2451438066098424e-01	   5.2071242306850329e-01	   5.1053955640179172e-01	   8.1060301639162857e-01	   3.8736454947817311e-01	   4.0220815671775184e-01	   3.1364460797723626e-01	   4.7369607579691747e-01	   6.5532699855302190e-01	   7.6388015780844909e-01	   7.5936165161641433e-01	   6.4616571619686225e-01	   5.2742016964371996e-01	   4.4489352897288237e-01	
   4.8598633459153301e-01	   2.3653676214653852e-01	   1.1577913633775463e+00	   7.9244435531498758e-01	   1.0694112117760695e+00	   1.0381588995168969e+00	   0.0000000000000000e+00	   1.0328468152798427e+00	   1.2690794429670271e+00	   6.5991001934037197e-01	   6.0396252970790854e-01	   3.5669559970440068e-01	   7.9052747021332015e-01	   5.6113193786521942e-01	   1.0367319324292612e+00	   6.6608079221916783e-01	   1.9091089404025158e-01	   2.7933138723222006e-01	   1.0608675778366485e+00	   4.6403097171375773e-01	   6.9708832689647249e-01	   4.8437466062572132e-01	   1.1963891946809251e+00	   8.0861991186295512e-01	   6.3083229736999891e-01	   7.5737836848187046e-01	   6.5001505124280756e-01	   5.9198704813692105e-01	   4.8035818406797737e-01	   3.9158786900798626e-01	   9.0228712303463054e-01	   8.0352046659786058e-01	   7.4884990032511800e-01	   5.6825376394043747e-01	   5.0372743904657513e-01	   5.7280832312641727e-01	   6.4165923355880605e-01	   5.0175130712019178e-01	   6.5179309536723207e-01	   5.2035067460182960e-01	   5.6965465309244623e-01	   2.9269359417795315e-01	   4.2849174438110882e-01	   3.0305297327043779e-01	   4.5288698778848513e-01	   3.6917158406548684e-01	   3.6152814325205906e-01	   3.0054832656343788e-01	   4.3666091805279234e-01	   5.1836839431676052e-01	   6.0942098655674348e-01	   8.1741461448878483e-01	   6.9361494253481859e-01	   4.3135872926528362e-01	   7.7284120429765035e-01	   5.9035064873123022e-01	  -8.8091696513710641e-02	   4.5577537740609485e-02	   6.2467190367172465e-01	   1.6834833797815374e-01	   9.0624943080846165e-01	   5.6714403332435082e-01	   3.2471877025532742e-01	   2.1178975883586021e-01	   8.7502560138803664e-01	   8.9765617034586631e-01	   8.5373690725506834e-01	   8.5559081663321579e-01	   2.9410861895401813e-01	   4.2911175297141552e-01	   6.8911534831020749e-01	   5.5842348177381296e-01	   2.9463057972984613e-01	   2.6270074083940570e-01	   1.8334142784662641e-01	   3.2778610909196976e-01	   4.7227397300486446e-01	   4.5480274711844781e-01	   2.0447257724304913e-01	   3.1742464412747429e-01	   2.7310604785877857e-01	   3.3787828519604646e-01	   7.3733902396538864e-01	   6.6026533612666805e-01	   6.8756542472381166e-01	   6.8998246560773357e-01	   6.7086521680007349e-01	   4.7829463936261829e-01	   9.0733006191425603e-01	   1.0210170100609617e+00	   9.0401072908663826e-01	   9.1950820032062941e-01	   7.4358817315312165e-01	   8.3861862586009284e-01	   2.9956731706809353e-01	   6.0453064588565308e-02	   5.6253612674234033e-01	   5.9459502587916579e-01	   7.1030344343620799e-01	   6.5079105860870612e-01	   5.2899289929413251e-01	   5.7926234326782344e-01	   3.9597753424083521e-01	   6.1938669627487331e-01	   5.1854207702365751e-01	   7.4009217074626654e-01	   2.0752554390886926e-01	   4.6204219926166806e-01	   2.1567839082704454e-01	   4.1356183586934181e-01	   6.5237008226540549e-01	   8.5774012380067188e-01	   8.9942476426724927e-01	   6.4151908401612334e-01	   4.8777941806654301e-01	   3.7484107044593840e-01	
   4.9289004253438995e-01	   4.2135137657302518e-01	   6.0299377542495980e-01	   8.2532081587532302e-01	   9.2482085849696705e-01	   9.5228098278143669e-01	   1.0328468152798427e+00	   0.0000000000000000e+00	   1.0420633249727123e+00	   9.5682989112964201e-01	   4.5249527227702180e-01	   5.8454740643509528e-01	   5.3148672986535106e-01	   7.1398894492515763e-01	   9.7498552225714885e-01	   8.0260872132113137e-01	   4.4613672390720571e-01	   5.0616952386067493e-01	   9.1765669335399624e-01	   6.1476373354742064e-01	   6.2727373391662256e-01	   4.8335920020755568e-01	   7.8072213222671993e-01	   6.8730790279709009e-01	   5.7079240519229479e-01	   7.5671603616791006e-01	   5.4040156594596311e-01	   5.6384247882545313e-01	   7.7702655614558802e-01	   7.3689823560623091e-01	   7.7765422256649352e-01	   8.5871071653968312e-01	   7.8835624371470914e-01	   7.6771754248832769e-01	   2.8619033746339523e-01	   4.2033824734078185e-01	   7.0992960524213966e-01	   6.1720653319780994e-01	   7.9740209161248576e-01	   6.0395329118740027e-01	   7.0650101420641664e-01	   4.9479103154725723e-01	   2.5467253159609232e-01	   2.0196573533019732e-01	   3.9759918342913558e-01	   4.3597061961005185e-01	   3.3690001659011815e-01	   3.4627854195715629e-01	   2.6487868029494965e-01	   5.8199294582770567e-01	   5.5435533793719238e-01	   6.0839077217409121e-01	   6.6693745345049416e-01	   4.1222483041763303e-01	   8.3498829549145659e-01	   6.7889240900843362e-01	   6.8506382213502845e-02	   1.5034710472563140e-01	   4.2310815162120108e-01	   3.2807689496519549e-01	   5.8506559098585809e-01	   9.3657349217943220e-01	   3.1684878214530432e-01	   3.5823473349589580e-01	   4.6559014160137924e-01	   7.6600794238487324e-01	   6.0012177506215503e-01	   7.3709370795728490e-01	   2.7604225490357265e-01	   4.4257126720875950e-01	   4.0223015900403147e-01	   3.9758756459668276e-01	   3.6532917522143166e-01	   4.6510675205168772e-01	   2.2360912543594710e-01	   3.9906723147533441e-01	   3.3439331652464616e-01	   4.3015622418036503e-01	   5.0692111911823601e-01	   5.6260818465938489e-01	   5.7940233324581047e-01	   5.6551452505758126e-01	   8.6038233581685597e-01	   7.8279689639611849e-01	   7.6736378188435739e-01	   6.6636232033183318e-01	   7.0231763944591530e-01	   4.6718332725569534e-01	   1.0630207952190409e+00	   8.7459597529910793e-01	   7.2921504663788062e-01	   7.2630034220605810e-01	   7.3162692709527399e-01	   6.4109867678730481e-01	   4.0495500301815318e-01	   1.6574288185462308e-01	   4.9984278143656491e-01	   5.6973687022232677e-01	   7.8639150690057735e-01	   6.9030575818477480e-01	   7.4282159523556524e-01	   2.7127838215908762e-01	   5.5968942174950331e-01	   5.9981538259769107e-01	   6.9477911605888099e-01	   6.7331108499075776e-01	   4.1665154161366891e-01	   3.0977701501702254e-01	   2.8306638384963373e-01	   3.7968135311084594e-01	   5.4376453141687309e-01	   1.0256712921868611e+00	   9.2188700577894622e-01	   7.8895008585759641e-01	   5.1673064311077999e-01	   4.9789585396709907e-01	
   5.4452434378904113e-01	   3.2660494996228268e-01	   7.0220925944250734e-01	   5.7605230122319340e-01	   1.1580844584164063e+00	   9.9431811766305123e-01	   1.2690794429670271e+00	   1.0420633249727123e+00	   0.0000000000000000e+00	   6.9103784731391216e-01	   5.7156190152286745e-01	   3.8040827396767074e-01	   7.0680314372649478e-01	   5.5417646217133754e-01	   9.9377370905009876e-01	   5.3783143284870560e-01	   2.8625573918792357e-01	   4.1681627212435002e-01	   8.2026993032011375e-01	   4.3363097893262459e-01	   8.3700365615861383e-01	   6.9601576654485831e-01	   8.2475590476429317e-01	   5.9278631293989792e-01	   4.9102766623688876e-01	   6.2891221326189761e-01	   7.1254790400691914e-01	   7.3118646362233097e-01	   5.3896098012736815e-01	   4.5809419624385306e-01	   8.0400538808052791e-01	   7.2271539292902920e-01	   6.8939540990363435e-01	   5.3075333874877528e-01	   3.5935689124337594e-01	   5.8126343472356001e-01	   5.4654740715974137e-01	   4.2040324757403058e-01	   6.2774096195764961e-01	   4.1948038289570250e-01	   5.9578844799550279e-01	   3.4722897277955500e-01	   3.0381345135464971e-01	   1.9526900480132439e-01	   3.7775202130194180e-01	   3.9341740686791016e-01	   2.6834335067354464e-01	   2.5269031096258276e-01	   3.5530677114669990e-01	   6.1135688032386537e-01	   5.8720479264613401e-01	   6.7445934707511457e-01	   7.1809866421121227e-01	   5.0555741419199041e-01	   6.6344658396489520e-01	   5.4177324624188938e-01	  -4.0307461162794413e-02	   8.7881531466237020e-02	   6.5480866843911067e-01	   3.7139246254125763e-01	   9.1025406160984179e-01	   5.1623898032288817e-01	   3.5189518698017175e-01	   2.6506018414862825e-01	   5.1900937632384747e-01	   6.8990108679827233e-01	   7.0727461342782527e-01	   7.9347238011254340e-01	   2.9269168132137513e-01	   4.3713272509178913e-01	   6.4368443563096656e-01	   4.7673680849538513e-01	   3.6091964690492806e-01	   3.5179335643323156e-01	   1.9295224448731232e-01	   3.1526559395635012e-01	   4.7820988582143054e-01	   4.8119727387259587e-01	   3.2862320877735601e-01	   3.5017012046993562e-01	   3.2072131280146154e-01	   3.8741980425719780e-01	   6.4749701611381216e-01	   5.4738816285180025e-01	   5.6618342581855929e-01	   4.8510495658230923e-01	   6.3579305531745389e-01	   3.2657656963727005e-01	   7.8588343417338680e-01	   7.4632362148568898e-01	   9.1700219687233286e-01	   9.8788485788599845e-01	   6.6622945666856159e-01	   7.9702583157889439e-01	   3.6563817092408213e-01	   2.0051535589756378e-01	   4.8011541557177162e-01	   5.9694212081368370e-01	   7.7996121659864870e-01	   7.3468598451260492e-01	   4.6629713806726414e-01	   4.5746252796416431e-01	   5.1277250873308466e-01	   7.5998189523085657e-01	   5.7406539332389173e-01	   7.4869245070950685e-01	   3.1299834123332232e-01	   4.4069580353512322e-01	   2.6725267632644678e-01	   5.2345829617191530e-01	   6.7691364497694106e-01	   9.5652511402723917e-01	   9.5124359997382446e-01	   7.8353344036809991e-01	   5.7606789174356254e-01	   4.5765020217017949e-01	
   3.7061848795338126e-01	   3.7967450465591146e-01	   2.4971304583218890e-01	   2.9146025162381189e-01	   5.1508192907476202e-01	   8.3586454416183165e-01	   6.5991001934037197e-01	   9.5682989112964201e-01	   6.9103784731391216e-01	   0.0000000000000000e+00	   3.8629713017734890e-01	   4.5152641880137351e-01	   5.2934709906120148e-01	   4.7979515907871900e-01	   8.0347866836648785e-01	   8.7266004219238824e-01	   4.9430731450577664e-01	   5.6117673514892863e-01	   6.0823348979008729e-01	   5.7350032076758128e-01	   5.6836939438346379e-01	   4.4137148909557972e-01	   3.4683257175837329e-01	   1.9569866203629249e-01	   2.6130566270152922e-01	   3.8556161049149895e-01	   2.6756631081260529e-01	   3.1135445745457507e-01	   8.2047357740705318e-01	   7.7615205271471099e-01	   5.4280431918282968e-01	   5.5645838047557405e-01	   6.5598854470814560e-01	   6.8185504717692647e-01	  -6.1874940103615085e-02	   4.7874323305136773e-02	   3.4564956641230932e-01	   3.4992491646782070e-01	   4.6135913488042218e-01	   2.9185747796990480e-01	   4.4599733721752727e-01	   3.1281856664678870e-01	   1.6915987561388635e-01	   9.2081571199302895e-02	   2.3233646351011500e-01	   2.6344829202718245e-01	   2.4040233257648602e-01	   1.9001509176926970e-01	   2.4126804637347304e-01	   4.2701913878687336e-01	   4.6896422489117306e-01	   2.9716525678688666e-01	   5.3105052152508492e-01	   4.0450614624770892e-01	   4.8080318583648063e-01	   4.4028604110938807e-01	   1.1022099387502790e-01	   2.0207928411454751e-01	   2.5411921617289357e-01	   9.4403284840277629e-02	   5.5857319240994097e-01	   9.1938646832928339e-01	   4.7015651243125089e-01	   5.4117491654588457e-01	   1.3023977069702591e-01	   3.3783726157241151e-01	   3.1459853153033129e-01	   2.8671713608874677e-01	   2.3908241026647126e-01	   3.7442759000623754e-01	   2.8003508945840883e-01	   2.7919077324140928e-01	   3.3632972010951373e-01	   5.3669359054202204e-01	   1.8872969903176728e-01	   3.2261750076883750e-01	   1.2459057786824028e-01	   1.9211699283895017e-01	   3.7913573532614686e-01	   4.5569886120614411e-01	   5.1160547079446161e-01	   4.7166112130755145e-01	   4.5553155765886744e-01	   5.1037147536896399e-01	   4.4110948058015209e-01	   3.2598727869661132e-01	   1.4308070491251987e-01	   9.5862645916316269e-02	   4.3619831337587678e-01	   4.2531564305379121e-01	   5.0739781660633720e-01	   4.3717543724126651e-01	   4.4564476773412581e-01	   2.4601981187079203e-01	   2.6626935278788194e-01	   1.5241069273023256e-01	   2.4348588283153821e-01	   2.9134414490362742e-01	   5.7018322999755910e-01	   5.9220405738879056e-01	   3.0722015402862857e-01	   1.3822743583467790e-02	   2.9797261132439956e-01	   3.9074377227822027e-01	   4.1289544562302083e-01	   3.9127747946184560e-01	   2.6346124635696044e-01	   2.5024588681675008e-01	   1.8583708804531479e-01	   2.4074189931276999e-01	   1.7350064499041673e-01	   5.7510150975163099e-01	   5.7044254600855870e-01	   6.8015835983296757e-01	   5.5241985933744830e-01	   2.3653069464142251e-01	
   8.1188175036431942e-01	   5.1172236689499573e-01	   5.1609032423657974e-01	   4.3072851893657460e-01	   4.5631418570222781e-01	   6.8391304032692346e-01	   6.0396252970790854e-01	   4.5249527227702180e-01	   5.7156190152286745e-01	   3.8629713017734890e-01	   0.0000000000000000e+00	   7.1139083326086683e-01	   8.7746636548925849e-01	   6.3470828705210858e-01	   8.1901885155769294e-01	   6.5869317209843248e-01	   4.3130584568081931e-01	   2.8551546498370373e-01	   8.3514746226690817e-01	   5.6647832885160543e-01	   5.2601278625800196e-01	   5.1099665575875308e-01	   6.3204028496826881e-01	   4.4702045282177022e-01	   2.9440770980694908e-01	   4.1297299014817085e-01	   5.1724048108610221e-01	   4.7596126641670389e-01	   4.9543684251315045e-01	   2.9756542782764084e-01	   3.8896035060881062e-01	   3.0962331896694567e-01	   6.2951219900669819e-01	   4.5157635785136307e-01	   2.2143875910628846e-01	   2.8121619260506214e-01	   4.4298511215190017e-01	   3.0560713893095898e-01	   4.6659641883576075e-01	   2.3808924296593278e-01	   3.7038943313967321e-01	   1.8527921526900953e-01	   3.2359707915124186e-01	   2.6460245090751833e-01	   3.0523549857664811e-01	   2.8018916914062070e-01	   3.0067185938544450e-01	   2.3462032341267669e-01	   2.9653800613301229e-01	   4.1927210148385319e-01	   3.4949087992519839e-01	   4.6803094336806789e-01	   4.4471616782659351e-01	   4.0552844757062001e-01	   3.7707599381408402e-01	   3.7173937909964566e-01	   1.4909121121441407e-01	   2.1192715656793187e-01	   5.0999837859507990e-01	   3.7104606032670867e-01	   6.3358480156281205e-01	   5.6147004133601153e-01	   3.8353626881166719e-01	   2.8006351834377108e-01	   5.6990955568114776e-01	   5.9911224032772814e-01	   3.6913559552283215e-01	   3.2080508860123141e-01	   3.2621283469192169e-01	   2.8041999549579899e-01	   6.0734396978247929e-01	   2.6532551570551777e-01	   1.3690896616792678e-01	   1.8102086591058458e-01	   1.5428257035725321e-01	   4.0257563809528760e-02	   2.7693745874288345e-01	   1.4336362660239646e-01	   3.4404593363615277e-01	   3.9125028807702950e-01	   3.9444843938314372e-01	   4.2132219855291031e-01	   5.8679083580642910e-01	   4.9155162136352182e-01	   7.2357042085353585e-01	   7.2868488392979636e-01	   3.5887315977936740e-01	   3.5697587230695327e-01	   6.5046944852403521e-01	   7.2133384558848967e-01	   3.5739212800425230e-01	   3.7439195706628836e-01	   3.8055768378561000e-01	   4.1258136079245467e-01	   8.3694776846526406e-06	  -9.7876069317765334e-03	   1.9267266691543727e-01	   2.0718969859433145e-01	   3.9793486106706422e-01	   2.5556883145993992e-01	   1.5639949648171686e-01	   4.1748703969052126e-01	   8.8281258405395899e-02	   1.7147254984789476e-01	   1.5414655483075057e-01	   3.4122447292303149e-01	   1.4623448203651163e-01	   2.2949450403077881e-01	  -6.2603135196624277e-02	   1.4742080235364935e-01	   2.5930941625416803e-01	   4.5474221956563787e-01	   3.8499607451907547e-01	   1.6043157178857573e-01	   2.4446721542619032e-01	   1.9158357271065982e-01	
   3.7802167541313314e-01	   5.4371179393938784e-01	   2.1535018588877350e-01	   6.0055338113534207e-01	   3.2364681453351302e-01	   3.9162098456732219e-01	   3.5669559970440068e-01	   5.8454740643509528e-01	   3.8040827396767074e-01	   4.5152641880137351e-01	   7.1139083326086683e-01	   0.0000000000000000e+00	   6.2439621121800715e-01	   1.2249971939095847e+00	   7.4936653648388429e-01	   9.1178861190492866e-01	   6.9308803916336248e-01	   6.0089781232144712e-01	   8.4333390888604209e-01	   9.9334704684444475e-01	   3.0838479419999132e-01	   2.9326849802494237e-01	   4.6083708768867027e-01	   4.6553495318088839e-01	   2.4075674793348822e-01	   4.0876419415550785e-01	   2.6284859237044528e-01	   3.2543436073403859e-01	   9.4280578801339554e-01	   8.1512243411989393e-01	   4.6035316125890541e-01	   5.2713908176064683e-01	   6.8286810819085264e-01	   6.7756471244499727e-01	   1.3543153520827242e-01	   1.7447497708394002e-01	   3.7665602112071289e-01	   2.4716732447898171e-01	   3.6646578736521218e-01	   1.6671065320305289e-01	   3.6120133008943445e-01	   4.6635520730671448e-01	  -2.1143662949898268e-02	  -7.5339084233692569e-03	   8.8895880466913185e-02	   1.4455045316024395e-01	   7.3723341700967115e-02	   3.8896015767752451e-02	   1.5265963867003855e-02	   2.7548294385438937e-01	   1.9504473490744251e-01	   2.4022043398273363e-01	   2.9646479377376828e-01	   1.6431196871038778e-01	   2.8955030511188973e-01	   2.1907447151467280e-01	   1.0113692967607062e-01	   1.0633640207039398e-01	   1.5076546782832673e-01	   3.0691776051768216e-01	   2.3588981077387003e-01	   6.7233267280476694e-01	   4.1066466755567388e-01	   5.1199537170716880e-01	   3.0296247054507713e-01	   5.3218751028561684e-01	   8.3737802595642521e-02	   1.5635621458383592e-01	   5.3063948398184221e-02	   1.0988650974419079e-01	   3.0448932342887930e-01	   2.0420617310085371e-01	   5.0864836231108901e-01	   6.2279277062976024e-01	   5.3535273724812227e-01	   4.9979545784387691e-01	   2.8310552603672751e-01	   2.9471465769563465e-01	   5.9112636001405250e-01	   6.1183091194177175e-01	   6.2133592161398521e-01	   5.8790910413736053e-01	   6.7164182410557238e-01	   7.3160041143849641e-01	   6.7390630159173603e-01	   7.3173038295572179e-01	   2.1236935275481475e-01	   2.1124409227424013e-01	   5.6619507552044701e-01	   5.8271044730529697e-01	   2.3687772945954599e-01	   1.6818433783673958e-01	   6.0294886069063791e-01	   3.9372957648433105e-01	   9.2423390487347379e-02	   1.6224300778287809e-01	   8.2395683725469127e-02	   2.0098430421805580e-01	   3.6855140231879879e-01	   2.4344403388203806e-01	   3.5035984650329144e-01	   1.1590214460841418e-01	   1.9263854331726762e-01	   1.7007815785443819e-01	   3.6468952602475080e-01	   2.4080656953307183e-01	   2.8201538986362429e-01	   3.0388671747669353e-02	   6.0798145101468568e-02	   1.1747466194767442e-01	   6.3587039315676927e-02	   4.8962140200452803e-01	   4.0575603775632291e-01	   3.2331560251201197e-01	   3.8945827915190800e-01	   2.6494179550796304e-01	
   3.9426901438145812e-01	   1.8456187837172230e-01	   5.4025390798424944e-01	   4.8258421265497575e-01	   6.3802778576641439e-01	   6.3500385969518536e-01	   7.9052747021332015e-01	   5.3148672986535106e-01	   7.0680314372649478e-01	   5.2934709906120148e-01	   8.7746636548925849e-01	   6.2439621121800715e-01	   0.0000000000000000e+00	   8.4707429690882652e-01	   1.1647815910395640e+00	   7.6079959464000046e-01	   3.8123492693755523e-01	   4.1944701115131633e-01	   7.4102485416207431e-01	   5.0520174477475033e-01	   5.9563743267548896e-01	   5.2108857045261603e-01	   7.3082917213725618e-01	   4.8559885397415969e-01	   3.1281610821295935e-01	   4.4220237900307940e-01	   4.9615666956182536e-01	   5.0910343734981345e-01	   6.9526472677875706e-01	   5.8619328994808639e-01	   6.9339955193908764e-01	   6.0476838808500788e-01	   6.5428386490895274e-01	   5.5009303315995473e-01	   3.0983767200842821e-01	   3.6968776459250641e-01	   5.2405266595883715e-01	   4.2897348194661522e-01	   4.7504475326079121e-01	   2.7262803103734057e-01	   5.4916873079415951e-01	   3.4454840447271973e-01	   7.4315154291486052e-02	  -6.4699800116595797e-03	   9.8013400962217778e-02	   6.8396054770500897e-02	   7.8953183501503543e-02	  -5.0628662231566785e-04	   1.8472312699175081e-01	   2.8541656634208523e-01	   3.1278006477884746e-01	   3.1392316106966761e-01	   5.2920727092157716e-01	   4.1281016230255629e-01	   4.9587914104166214e-01	   3.1284168304867127e-01	  -1.2118982082968929e-01	  -4.5162584546884252e-02	   5.0867292762784633e-01	   2.4394029908038539e-01	   7.9259424647354304e-01	   5.0205208038917193e-01	   6.0750204375741657e-01	   5.8098433113667691e-01	   5.0685621049097673e-01	   5.6222832832154235e-01	   3.6318699506044128e-01	   2.9760554215408402e-01	   9.7106474251907771e-02	   1.4175262314419201e-01	   4.7581703584953289e-01	   2.4762292621550019e-01	   3.2781119905719819e-01	   3.2250894741540809e-01	   3.7849920450533953e-01	   3.3338735921542789e-01	   4.7261509251071210e-01	   4.2024725573261795e-01	   2.4402943841231489e-01	   3.6267675641051689e-01	   2.5966032200532241e-01	   3.3006217127825410e-01	   6.1995003522608683e-01	   6.4336403982297008e-01	   4.5084196758774120e-01	   4.2624175404006381e-01	   3.3876136884932578e-01	   2.0792392271759033e-01	   5.3949113216546452e-01	   5.5391145605247694e-01	   5.1448112534388279e-01	   4.5398887613883071e-01	   5.1817782303524540e-01	   5.7568016514152531e-01	  -1.4553229462193219e-03	   1.0647720401016509e-02	   1.2498895226451351e-01	   1.6262574826916434e-01	   4.2298670020789431e-01	   3.9006713595537246e-01	   1.6709251852752638e-01	   3.9813101690528646e-01	   1.6396189151855783e-01	   3.8239826457673903e-01	   2.9723692212052966e-01	   4.0072056427619140e-01	   1.9714984410167802e-01	   1.4841718809009258e-01	   1.6798507647947040e-02	   1.6358248020489721e-01	   7.7123661659282874e-02	   4.7776985705105662e-01	   4.5606493353390348e-01	   3.4281582359646073e-01	   4.0303798263455315e-01	   2.3208074115020627e-01	
