   0.0000000000000000e+00	   2.7383142046506532e+00	   2.1573433387745817e+00	   2.0192119869974356e+00	   3.9734250835659339e-02	   5.4795511197714239e-02	   1.5236238362385655e+00	   1.4446073640402146e+00	   1.8410172097547878e-02	  -1.5025395032797987e-02	  -1.4190089927861936e-02	  -4.3994706755982674e-02	  -9.8447677054984417e-02	  -1.4322907088560685e-01	   1.0280633515769388e-02	  -1.2645416523638216e-02	   5.7452717248554726e-02	   4.4748910718606844e-02	   2.3557519865537420e+00	   2.1716241148683291e+00	   7.5951670726144144e-02	   7.8322377152941852e-02	   1.3040135805189412e+00	   1.3991840173217474e+00	  -6.3411288973366398e-02	  -2.6135977251913915e-02	   8.0122966080855285e-02	   9.1933321651482866e-02	  -3.5654337600147856e-02	  -3.9466601031435629e-02	  -1.1938259292057725e-02	   1.6090775076870862e-02	   8.5343449820356332e-01	   7.4731812590133351e-01	  -1.9116311406289524e-01	  -3.8423809441931611e-01	   9.2352478500182578e-02	   6.9343624677404250e-02	   8.6951954548861593e-02	   7.9770206101220584e-02	   1.6846212194091567e-01	   1.5133217259287413e-01	  -6.5640069235117560e-02	  -3.8840097181224865e-02	   2.1616659408815398e-02	   2.4974730724115185e-01	   2.7188000354256683e-02	  -2.1656509048376966e-02	   3.7352395917187264e-01	   7.1210459558521899e-01	   1.1557191595395706e-01	   1.3137589578073771e-02	  -3.5813688638489265e-02	   1.5914628878046472e-02	   1.4127788382740436e-01	   1.1726779726590625e-01	   2.2061097286787876e+00	   2.4788704284648064e+00	   2.3933890938120115e+00	   1.6908620336305267e+00	   1.6643596828494764e+00	   1.6199525412579581e+00	  -1.2523133983944398e-01	   6.6529527620203244e-01	   7.4296647603334820e-01	   1.2919764362525492e+00	   2.0493532696773245e+00	   1.9978314270175646e+00	   1.8369303402280321e+00	   1.8572595579848477e+00	  -1.8663178083835427e-02	   5.5115428770903595e-04	  -7.8347889798174267e-02	  -9.7093259829785089e-02	   5.6657455104563020e-03	   8.9561735580647693e-03	  -4.0811051676549505e-02	  -6.3219361808696209e-02	  -1.4472454825549283e-01	  -5.0132765656805751e-02	  -4.7698823331871754e-03	   2.6114555260704596e-04	   1.0472874798160386e-01	   9.2056775449414679e-02	   3.1978266378835420e-02	   1.7811203060940473e-02	   1.8068679087681749e-01	   2.1453785937963726e-01	   1.5196450327947797e-01	   1.2519981881083270e-01	   8.0949233263257037e-02	   1.3338489976900789e-01	   3.5421897042585049e-01	   3.4679036438662164e-01	   1.0871487238579113e-01	   9.7034956375043002e-02	   4.1646565456093007e-02	   4.2043239070111697e-02	  -5.9885443990836611e-02	  -4.2494223197517708e-02	   3.9054500294673361e-01	   3.8733157835234583e-01	   4.0474684442754183e-01	   3.9329715255315406e-01	   3.6687431318778724e-01	   3.9046086764532267e-01	   2.9909696176665757e-01	   2.9821498291904380e-01	  -1.6073939182933625e-02	   8.9583253856972203e-02	   1.4109912761986159e-02	  -2.1734059046388001e-02	  -3.4875685896064497e-02	   2.0713220580388242e-01	   1.8987906576815572e-01	   8.3787182450060033e-02	
   2.7383142046506532e+00	   0.0000000000000000e+00	   2.0237531372287227e+00	   1.8826901219564682e+00	   8.1522263499713282e-02	   9.6626652816296565e-02	   1.4657053114373211e+00	   1.4280043383536589e+00	   8.5619756658887491e-02	   5.0149583113054189e-02	   1.9981622934905827e-02	  -4.1638094338826703e-02	  -6.9848365061185733e-02	  -1.1771488931201876e-01	   6.8581072632297263e-02	   4.8561106071105579e-02	   1.0104966951826221e-01	   8.9062333093709867e-02	   2.1254675138231591e+00	   1.9441036801734497e+00	   1.3148415203437364e-01	   1.3471764926321400e-01	   1.2838209213510174e+00	   1.4344225067550249e+00	   3.7355618037944933e-03	   4.3846611073687258e-02	   8.2998988866187576e-02	   9.9885160523140740e-02	   1.6966791688702795e-02	   1.5806003766882987e-02	   4.1575988772608694e-02	   6.7593985642607685e-02	   8.8292336369242275e-01	   7.6987294872214029e-01	  -1.9824483559747158e-01	  -3.5403410509263394e-01	   1.2633067558969679e-01	   1.0850493969540816e-01	   1.1928630101837381e-01	   1.1209856759442002e-01	   1.7098462839740519e-01	   1.6392259546994922e-01	  -3.9520257447132535e-02	  -2.1618065337315306e-02	   4.8899985567687383e-02	   2.6653189725728171e-01	   9.0581421857570371e-02	   4.2954138507445637e-02	   3.3922804327598988e-01	   7.3904524027038143e-01	   1.3508880512542978e-01	   2.3328069350535455e-02	   2.6009523301873609e-02	   8.4522050394687770e-02	   1.7556396596413396e-01	   1.5754138004691101e-01	   2.2742842398944041e+00	   2.4152563662252069e+00	   2.2929115553730903e+00	   1.5148959707544352e+00	   1.7871598948292413e+00	   1.7183994201454644e+00	  -1.7727025469551877e-01	   6.6513269466164127e-01	   6.6760547535905301e-01	   1.2589730950485492e+00	   1.8899567827906929e+00	   1.9891703598107999e+00	   1.8326891366552065e+00	   1.7938047127463841e+00	   2.5487208139712732e-02	   4.5609956392153463e-02	  -3.6302046308797978e-02	  -5.2307692444651624e-02	   3.4998518968621384e-02	   3.7802732852599427e-02	  -1.7359395427670277e-02	  -4.1721326808761221e-02	  -1.5489332322866659e-01	  -4.7743540305352335e-02	   5.0430299489225311e-02	   5.3914197546102043e-02	   1.1678366277166780e-01	   1.2037258240420676e-01	   8.6562186112478803e-02	   7.2331097770090585e-02	   2.1367567290860043e-01	   2.4589852890935160e-01	   1.8708553260512353e-01	   1.6888197760603207e-01	   1.1273704509525637e-01	   1.6406650420030119e-01	   3.7806223704145253e-01	   3.7255489755865701e-01	   1.0748598550263724e-01	   9.2319283775893504e-02	   7.8001529700344782e-02	   7.2528244027053296e-02	  -2.8880147424135440e-02	  -1.9910459179581709e-02	   4.0484028249133835e-01	   3.9972736241736334e-01	   4.2108383405995337e-01	   4.1248121454122916e-01	   3.8986848640285549e-01	   4.1069434033896984e-01	   3.2246597751545053e-01	   3.1986510505368826e-01	  -4.1993039991409450e-02	   1.2873456262879590e-01	   7.5914316105916008e-02	   1.8471349680892315e-03	  -7.6957715721096996e-03	   2.4532913161728098e-01	   2.3127615457653894e-01	   1.2761362538846280e-01	
   2.1573433387745817e+00	   2.0237531372287227e+00	   0.0000000000000000e+00	   2.4742306051682799e+00	   7.1532423299058068e-02	   6.6686689103701971e-02	   1.9863317060746675e+00	   1.7940649420604453e+00	   1.0436325048020852e-01	   7.0579117612719400e-02	   8.1006269704233622e-02	   3.0723982066807296e-02	   4.0993865585440062e-03	  -6.1476966120404028e-02	   8.1917866514101600e-02	   6.1941338794401085e-02	   1.8911507003397382e-01	   1.6255216516614981e-01	   1.8714548254848031e+00	   1.8032639706455682e+00	   1.7216039395021371e-01	   1.6728387987535953e-01	   1.6877781252392039e+00	   1.7917811286706253e+00	   6.0881881707194427e-02	   8.5622427636121476e-02	   6.2773270482622268e-02	   8.6258361534661071e-02	   1.0077634549843613e-01	   9.4388451015923941e-02	   6.9927555134673094e-02	   1.2347518739247265e-01	   9.2460548868318793e-01	   8.1601534762967420e-01	  -1.9152052623711965e-01	  -3.8178082163932786e-01	   1.4262801061967079e-01	   1.2778443221369792e-01	   6.8850612232440780e-02	   6.5125933541099773e-02	   1.4150284976440591e-01	   1.3649717546901735e-01	   8.8926175771569554e-02	   1.1349826912516701e-01	   8.3417111799365173e-02	   3.1278939354361562e-01	   1.0629761898644882e-01	   7.8131196182317966e-02	   4.8759855544543518e-01	   8.1497173920884880e-01	   2.5584606223201750e-01	   1.4266717253467018e-01	   6.4293423902972768e-02	   1.1300712276393726e-01	   1.5390516728412493e-01	   1.3697275306058218e-01	   1.9657389889102499e+00	   2.1315560054702831e+00	   1.8227203529318279e+00	   1.4891479014234521e+00	   1.6315430753633047e+00	   1.5043964085817456e+00	  -2.2448290103662713e-01	   5.3323942922576628e-01	   7.4245529526601428e-01	   1.2236532147696564e+00	   2.4728707020836023e+00	   2.3251602876716841e+00	   1.5747786066933265e+00	   1.5850022902295169e+00	   9.5740401278876175e-02	   1.1258202976410618e-01	   4.9728360169154079e-02	   2.6812718434426282e-02	   3.3231931458232528e-02	   2.9876038100633853e-02	   1.1521451672634761e-01	   8.8993134757537423e-02	  -5.5340340549391923e-02	   7.8198813385356281e-02	   1.4191344713082793e-01	   1.4446808725797633e-01	   4.7902631790532370e-02	   5.8003729430234990e-02	   1.5481890178518459e-01	   1.4187999878363994e-01	   1.6599482819852485e-01	   1.9076174750079902e-01	   1.4910106838742371e-01	   1.3239529159905597e-01	   4.8690394611337853e-02	   1.1231405768976124e-01	   3.3025282853747856e-01	   3.2792238526007145e-01	   4.9194747511388803e-02	   2.4947182215834286e-02	   3.5440588533116081e-02	   2.5490131092092656e-02	  -1.0983627937795772e-01	  -1.0811850376717183e-01	   3.5663940749260858e-01	   3.5118033497218998e-01	   3.7353879034253634e-01	   3.6174757606197122e-01	   3.4260134893660388e-01	   3.6183762704355288e-01	   2.8095370360464900e-01	   2.8369876978620218e-01	  -8.9130102092980279e-02	   1.5083934323019146e-01	   1.0368157709102105e-01	  -3.6949230692669206e-02	  -9.7348985783570097e-02	   2.0366343345457730e-01	   1.8911626812281945e-01	   7.9000352812164831e-02	
   2.0192119869974356e+00	   1.8826901219564682e+00	   2.4742306051682799e+00	   0.0000000000000000e+00	   5.7610941977090248e-02	   5.0480026108447859e-02	   1.8938735524281016e+00	   1.7070999081873590e+00	   8.9510058050964597e-02	   6.3921264181244247e-02	   1.5728619679699191e-01	   1.2674494660889429e-01	   7.2922078518523545e-02	   1.9698725905272937e-02	   6.3307834534055127e-02	   4.3642396382148174e-02	   2.4794506235825658e-01	   2.1731065649529888e-01	   1.8886549741999843e+00	   1.8781119854358668e+00	   1.6230260550986328e-01	   1.5710194772697120e-01	   1.5329430772213772e+00	   1.6868537454274424e+00	   5.1326676688155458e-02	   6.9326754325258366e-02	   5.0991780140158760e-02	   7.8049711049382131e-02	   1.4335776141773932e-01	   1.2924964330503078e-01	   5.9658477755506638e-02	   1.3688246834252873e-01	   8.6540044919775783e-01	   7.7227689065513705e-01	  -2.1452732297788155e-01	  -3.5440473002005529e-01	   1.4433078466314059e-01	   1.3100629816938034e-01	   9.4950066428489636e-03	   1.1379193142623993e-02	   1.2817124051274037e-01	   1.2148633096768457e-01	   1.5411345549856686e-01	   1.8952251092948078e-01	   6.8665566599940081e-02	   3.4589718733763036e-01	   7.5356991442069421e-02	   5.3921216105964301e-02	   5.3153645837756247e-01	   8.2206379931531903e-01	   3.0422288641372264e-01	   2.1441226109546574e-01	   6.4082905889840225e-02	   1.0010914343939964e-01	   1.3815116791614196e-01	   1.1795848570545252e-01	   1.7663072896894949e+00	   2.0009814929183078e+00	   1.7477335742728497e+00	   1.5376335879032932e+00	   1.4223492041023200e+00	   1.3395586488691529e+00	  -2.3149204006213148e-01	   4.8111442521184256e-01	   6.8718965670927457e-01	   1.1413483175600918e+00	   2.3758118158746138e+00	   2.0696105226382207e+00	   1.6087389084124488e+00	   1.6115330351533081e+00	   1.4999822654489664e-01	   1.6377647725348526e-01	   7.6410593860779613e-02	   5.1920007259912734e-02	  -7.2116647906534572e-03	  -1.0867878277752352e-02	   1.6743498675740764e-01	   1.4592819096888562e-01	   2.3389036717932601e-02	   1.6220111318535724e-01	   1.7006483758968399e-01	   1.6449282724949463e-01	  -9.7173292251764767e-03	  -3.5117242353003815e-03	   1.5519551027959513e-01	   1.5293808879535503e-01	   1.0511040344915799e-01	   1.3157233758054557e-01	   1.1131085779684259e-01	   9.6268564657962491e-02	  -1.0551950053404388e-02	   5.1312572975702367e-02	   2.9769735139974052e-01	   3.0025222129932361e-01	   2.2020080947102252e-02	  -8.4134983210654192e-03	  -1.6045382686101849e-02	  -1.4682729975585380e-02	  -1.6246624836647069e-01	  -1.6815618899039025e-01	   3.3441530746603676e-01	   3.2821882754200121e-01	   3.4281716062045742e-01	   3.2981106047668146e-01	   3.1412070854491009e-01	   3.3648391023812180e-01	   2.7511613815466940e-01	   2.7804974871630111e-01	  -1.0755939855473541e-01	   1.4650567943544501e-01	   7.7536297182965855e-02	  -3.7353773592391559e-02	  -1.6842926574762435e-01	   1.6089476914098552e-01	   1.5183448745289790e-01	   2.8982339225212605e-02	
   3.9734250835659339e-02	   8.1522263499713282e-02	   7.1532423299058068e-02	   5.7610941977090248e-02	   0.0000000000000000e+00	   1.9198665723197763e+00	   1.1016815403199010e-01	   1.7321815397713430e-01	   1.1150760854702431e+00	   1.1949555744012805e+00	   6.5965736288822824e-02	   2.6080995431548661e-02	   1.9508332737732968e-02	  -4.0273441622909099e-02	   1.5519373143602655e+00	   1.4731808168235117e+00	   1.7609116466496555e-01	   1.5850529771912583e-01	  -2.8969870028710966e-02	  -4.4919332418719760e-02	   1.0836161762517382e+00	   1.1542957675704548e+00	   1.6601536405602041e-01	   1.6678771491840585e-01	   6.6588119329936812e-01	   6.5548987309405737e-01	   1.1718272586720286e+00	   1.3200040495016849e+00	   4.0549744902191592e-01	   4.7634196846837240e-01	   6.6143616741089373e-02	   6.0146346038993381e-02	   3.1868532290606655e-01	   3.2914231266687471e-01	  -2.2694519977051775e-01	  -1.6721813650225364e-01	   1.8005155705064710e+00	   1.7342002816794031e+00	   9.3420770711613577e-01	   1.0074496178215606e+00	   1.1873956822930305e+00	   1.2822356925232072e+00	   2.6660110888642513e-01	   1.5237904939331703e-01	   2.3339918237784679e-02	   1.9741074573713058e-01	   5.3182959063059365e-01	   5.2931516862460937e-01	   9.5363424010787748e-02	   2.4387775064979578e-01	   1.2573444941982970e-01	   9.9517961763329610e-02	   7.3533335887174445e-01	   8.4511105248400420e-01	   1.5170858430662602e+00	   1.6152298967196634e+00	   3.3844747395852644e-02	   5.7964726599175238e-02	   8.5905495489736906e-03	  -8.6527884890752790e-02	   1.6244865246014406e-01	   8.3714224141252361e-02	  -1.2487583213000794e-01	   1.4625411321278350e-01	   7.5140936893417692e-02	   1.3465229639931670e-01	   6.5561623796423371e-02	   8.6436662789377047e-02	   3.5253107924002182e-03	  -2.9430173721564045e-02	   1.0496032561604919e-01	   1.0462858069796516e-01	   2.0082488603759319e-01	   1.9888552466541348e-01	  -1.9599929800913601e-02	  -3.7618942750732569e-02	   1.8989263474040910e-01	   1.8763447965083282e-01	   7.8691891232609751e-02	   1.4534821999499573e-01	   4.3921536962982516e-01	   3.4534769748275129e-01	   9.3558494554944871e-01	   1.0093964050383630e+00	   7.5581486355566363e-01	   7.3389157127346383e-01	   5.6326074532459547e-01	   6.4317252165719185e-01	   1.0823970429233014e+00	   1.2391544953199611e+00	   6.3995876884985059e-01	   6.3591352865008499e-01	   7.8738296859241408e-01	   8.0739561550638905e-01	   9.2342532949858702e-01	   8.1219436069999928e-01	   1.3310703480771489e+00	   1.2946110766706049e+00	   7.7530061756108393e-01	   6.2409698463097252e-01	   6.8156130154183836e-01	   6.6501781479449862e-01	   7.3844731136008435e-01	   7.4270474972112166e-01	   7.8754734196558973e-01	   7.5216971532626165e-01	   6.8508873470013520e-01	   7.0398408424191194e-01	   4.4647490230476206e-01	   1.5588709165775660e+00	   1.0102960724323804e+00	   1.2348245884164899e+00	   3.6496979434715915e-01	   7.5406863723799111e-01	   8.0219300969700269e-01	   5.6976262022361779e-01	
   5.4795511197714239e-02	   9.6626652816296565e-02	   6.6686689103701971e-02	   5.0480026108447859e-02	   1.9198665723197763e+00	   0.0000000000000000e+00	   1.0436812593769758e-01	   1.5791813643111829e-01	   1.0777540366191458e+00	   1.0741631974919179e+00	   2.7075396950543132e-02	  -6.3017762954712467e-03	   1.5982592077212678e-02	  -4.4072568388329472e-02	   1.4133020167965709e+00	   1.3139550318751021e+00	   1.5210781132924933e-01	   1.2848755561205832e-01	  -1.3333641666993079e-02	  -3.5106141809333337e-02	   9.1700350278250720e-01	   1.0261115912766583e+00	   1.5005457766584865e-01	   1.5912619972529377e-01	   5.0815894872034917e-01	   5.5143600954843541e-01	   1.2964225961702345e+00	   1.4012946572658678e+00	   3.9425180178025149e-01	   4.7785589672475071e-01	   1.4250537124740623e-01	   8.2810884855618661e-02	   2.9359560469895563e-01	   2.9836414931827188e-01	  -2.2500997055214150e-01	  -1.5736674175817827e-01	   1.5422150409724003e+00	   1.4040239273947726e+00	   8.5229605833453748e-01	   9.3043736933971399e-01	   1.1517401169065118e+00	   1.1618594080977909e+00	   1.9093296245400954e-01	   1.1200523106521935e-01	   1.7775084081322955e-02	   1.3614686310387483e-01	   5.9544223242916339e-01	   5.2856481327539817e-01	   1.8327238857744656e-02	   2.1364341833188921e-01	   1.4403520348018475e-01	   6.8290284442747873e-02	   5.1940138181812823e-01	   7.2474150305279039e-01	   1.1923682324123261e+00	   1.2257125224617602e+00	   4.9822285379295221e-02	   6.0969593693005086e-02	   3.4659933499996964e-02	  -6.9662845568511877e-02	   1.8087280448341100e-01	   1.0958071186881954e-01	  -1.1868597729420075e-01	   1.6184294354075324e-01	   5.7656891478460523e-02	   1.4406318412354424e-01	   6.2371591320300977e-02	   8.8076146532473518e-02	   7.2588828930595702e-03	  -2.7151379819397293e-02	   1.0238323978390182e-01	   1.0821485852609464e-01	   2.6232729586456954e-01	   2.6689398213612847e-01	   1.3581024048641574e-01	   1.1796078756594805e-01	   1.9958720210488412e-01	   1.9368488434090550e-01	  -2.0228252230554584e-02	   6.2860662272517118e-02	   4.0681816407083737e-01	   3.4900535708736158e-01	   9.7743274631307808e-01	   1.0268680053454646e+00	   7.7550700996914124e-01	   7.3631240579739499e-01	   5.0982738175475839e-01	   5.9982277315608834e-01	   8.9132015823333499e-01	   9.8239669626539605e-01	   6.0473086664011944e-01	   5.9191249456525574e-01	   7.3977540432333555e-01	   7.5142669134569995e-01	   9.2391007069345266e-01	   8.1790119158476593e-01	   1.1955191662272922e+00	   1.1218685191040727e+00	   7.1853659007897352e-01	   6.1428987136380642e-01	   6.7489437261435037e-01	   6.5763345862186784e-01	   7.2774983112268687e-01	   7.0950130656817867e-01	   7.6563212701550498e-01	   7.2560454122171336e-01	   6.7216303640121144e-01	   6.8023582518630132e-01	   5.0002163062230265e-01	   1.2340409715771585e+00	   9.1206198011936990e-01	   9.8982806835529302e-01	   3.4904052673985070e-01	   6.8318041494833093e-01	   7.3161920125365221e-01	   5.0799487557646739e-01	
   1.5236238362385655e+00	   1.4657053114373211e+00	   1.9863317060746675e+00	   1.8938735524281016e+00	   1.1016815403199010e-01	   1.0436812593769758e-01	   0.0000000000000000e+00	   2.4610805370232072e+00	   1.7184340519100713e-01	   1.5319535976415222e-01	   1.8960558530862881e-01	   2.1083868009825135e-01	   1.0782278752848233e-01	   3.7144056590253355e-02	   1.3972489005974820e-01	   1.2935742909772613e-01	   2.9328760029706330e-01	   2.4955291684025505e-01	   1.3289912590756647e+00	   1.2988679980985376e+00	   2.5471221923414245e-01	   2.4799134695735783e-01	   2.0044808249251034e+00	   2.1530071234204673e+00	   1.4365862535703527e-01	   1.6397623171031983e-01	   6.3556672051360341e-02	   9.9275391887308939e-02	   2.2407700882041387e-01	   2.1726919593443644e-01	   1.0993047163674138e-01	   1.7116067446497463e-01	   1.0725285675555070e+00	   9.6548488196322890e-01	  -2.4106988208521601e-01	  -4.1765031562871702e-01	   1.9893787262539911e-01	   1.9187864739158711e-01	   4.0100018135215520e-02	   4.7107707559365192e-02	   1.5048273569781956e-01	   1.5123831659556516e-01	   2.2368632887638429e-01	   2.5326145559430024e-01	   9.1291371787088182e-02	   3.5361851568118263e-01	   1.6250992649552579e-01	   1.5088990777159311e-01	   6.0978275343214905e-01	   9.2029577757043102e-01	   3.8078091789283297e-01	   2.5327149733917215e-01	   1.4872317024731407e-01	   1.8946828088526999e-01	   1.7184243346554484e-01	   1.5570734397422351e-01	   1.4319246263361096e+00	   1.5129155551348605e+00	   1.3617587640825801e+00	   1.2306303833873198e+00	   1.5237480712599454e+00	   1.3280525406421662e+00	  -1.8659912160786712e-01	   5.3059074178990451e-01	   7.7811827974304437e-01	   1.2136673782533716e+00	   1.9597708696153988e+00	   1.8174000855900438e+00	   1.1236433907635328e+00	   1.1385295947399099e+00	   1.6904843898115007e-01	   1.8784434897992097e-01	   1.5685718492358430e-01	   1.3448854029052240e-01	   4.3894912818090097e-02	   3.4119995751269450e-02	   2.5966118798635734e-01	   2.3325966696075590e-01	   4.5681416132425857e-02	   2.0150611806956525e-01	   2.6808882297339709e-01	   2.6106732540508754e-01	   1.9310946314132341e-02	   4.8590791373889899e-02	   2.5275561091203635e-01	   2.5261190002127931e-01	   1.2077928339470714e-01	   1.3680347215911456e-01	   1.4200054188055602e-01	   1.3539126581857208e-01	  -7.5100669319310490e-03	   6.0401540427284330e-02	   3.0260506165627016e-01	   3.0243598214161060e-01	   1.2122800938627311e-02	  -2.4213807855202447e-02	   2.1585229230248554e-02	   7.4534714420510561e-03	  -1.7064290205558780e-01	  -1.8635624894735200e-01	   3.4246352546458053e-01	   3.3549428886569210e-01	   3.5209953266518529e-01	   3.3462496995453683e-01	   3.1730347971926648e-01	   3.3167845691337361e-01	   2.7829847538034197e-01	   2.7453008649503463e-01	  -1.3968690282965157e-01	   2.1408839900697871e-01	   1.7353197893359512e-01	  -3.2807952890199277e-02	  -1.8303869481758153e-01	   1.7017688527789640e-01	   1.5564844665522534e-01	   2.7598957766840699e-02	
   1.4446073640402146e+00	   1.4280043383536589e+00	   1.7940649420604453e+00	   1.7070999081873590e+00	   1.7321815397713430e-01	   1.5791813643111829e-01	   2.4610805370232072e+00	   0.0000000000000000e+00	   1.9247447732956124e-01	   1.8608179602797253e-01	   1.5999165274656785e-01	   2.0989676951579275e-01	   1.2100552901572484e-01	   5.1360732202246573e-02	   1.7848536292925574e-01	   1.7004507139196562e-01	   2.6053246577070505e-01	   2.1402583991763230e-01	   1.2546108129368667e+00	   1.2391597554261207e+00	   2.7594779397539909e-01	   2.6953179556796969e-01	   1.8734764853928305e+00	   2.0479382777096462e+00	   1.5775004048365579e-01	   1.7070656581278376e-01	   1.1727686290263642e-01	   1.5539138274039441e-01	   2.2177477104555068e-01	   2.1932411906362348e-01	   8.8338963039350321e-02	   1.7122945750703680e-01	   1.0740595826953192e+00	   9.6786118324136183e-01	  -1.9138807542978251e-01	  -3.8966583334897786e-01	   2.5281875381506469e-01	   2.4541167300916461e-01	   8.3571778579462352e-02	   9.2306946021535302e-02	   2.0598605568377740e-01	   2.1396736814497663e-01	   2.3536878581630988e-01	   2.5665176497345149e-01	   5.3070976626436749e-02	   3.3840840234055142e-01	   1.4664108381679669e-01	   1.4138787074640130e-01	   6.5313907887796818e-01	   8.8837664061849542e-01	   3.5002764367650152e-01	   2.5911370465436279e-01	   1.7616608563643305e-01	   2.0135449224947097e-01	   2.3553282267939862e-01	   2.1726432760468112e-01	   1.3933952943339152e+00	   1.4516620672689742e+00	   1.3261575370476411e+00	   1.2030486938139890e+00	   1.5376691362892367e+00	   1.3833416844394457e+00	  -1.3705266288618700e-01	   5.9348113688448612e-01	   7.8413640287963426e-01	   1.2453123403639010e+00	   1.7956091743319724e+00	   1.7705550268069590e+00	   1.1059384010139905e+00	   1.1219825312001053e+00	   1.2524405356078797e-01	   1.4082667958788478e-01	   1.3630169923499116e-01	   1.1486564003232033e-01	   3.1086011454402656e-03	  -3.4808345097354990e-03	   2.6368652746540244e-01	   2.4235021844526844e-01	   8.8011492422348056e-02	   2.3503610164225666e-01	   2.6963912480371122e-01	   2.5326007844952270e-01	   6.8820281468714800e-02	   9.7835235021463643e-02	   2.5946542131286410e-01	   2.5740865193136120e-01	   1.4882279799399370e-01	   1.6789003692362769e-01	   1.9996068134058331e-01	   1.9628750111944060e-01	   3.3634066787554789e-02	   9.4705508092383872e-02	   3.6084836239613349e-01	   3.6341378199978025e-01	   7.3194352867901921e-02	   3.5844176922641406e-02	   7.2045291437837278e-02	   6.9163474481411552e-02	  -1.1130439596768041e-01	  -1.3474046568742096e-01	   4.0393934471804044e-01	   3.9245364665850385e-01	   4.1370576012735660e-01	   3.9307707948802739e-01	   3.7784196771245226e-01	   3.9380714529104333e-01	   3.4524355253930128e-01	   3.4221862117195101e-01	  -9.2500738506945693e-02	   2.5792713673026124e-01	   1.9935503925284576e-01	   4.6165769367859065e-02	  -1.5015546133176585e-01	   2.1547086353425621e-01	   2.0210028187528054e-01	   5.5957305267983495e-02	
   1.8410172097547878e-02	   8.5619756658887491e-02	   1.0436325048020852e-01	   8.9510058050964597e-02	   1.1150760854702431e+00	   1.0777540366191458e+00	   1.7184340519100713e-01	   1.9247447732956124e-01	   0.0000000000000000e+00	   2.3386099785360259e+00	   4.6923113644247055e-01	   2.0391259112582524e-01	   3.4452615077901338e-01	   2.4775206305642311e-01	   1.7819240325889036e+00	   1.8048168793486048e+00	   6.1962471989830692e-01	   6.0306123838238768e-01	  -3.5104330696165330e-02	  -5.9603174596884419e-02	   1.6602609116131211e+00	   1.8293031790327459e+00	   2.4785608508520762e-01	   2.6250020825328219e-01	   1.3452828398554448e+00	   1.5200903956069418e+00	   4.5971301270000664e-01	   5.5261493432035091e-01	   9.7042492919100742e-01	   1.0698549793483751e+00	   5.5093509967857712e-01	   5.0669050578741581e-01	   2.8619457071688842e-01	   2.8910367294589528e-01	  -2.3502952076752903e-01	  -5.6279865691164596e-02	   1.0630979027558620e+00	   1.1214449290879003e+00	   6.2670350288341048e-01	   6.5779841724946242e-01	   4.6812187110277764e-01	   5.6470036574595617e-01	   5.5328690054536267e-01	   4.0803235431718327e-01	   3.8454959631599184e-01	   4.1233317365502564e-01	   1.2337282027884342e+00	   1.2615725113387464e+00	   7.5576574497560708e-02	   3.8959468463259445e-01	   5.5058757675791636e-01	   3.8056071596517455e-01	   1.1748393778654651e+00	   1.7332547311579438e+00	   7.9616520877210273e-01	   8.9381682432455389e-01	   6.2320501557124749e-02	   5.7086229477509520e-02	   5.0601129167954593e-03	  -1.2058243810722087e-01	   1.7499806309543167e-01	   9.1481212442416637e-02	  -5.2706329943969832e-01	  -1.4129943205035012e-01	  -1.4388713852564655e-01	   1.9315085141127824e-02	   8.6055516383483951e-02	   1.2893427149430664e-01	   4.3741798085973191e-03	  -3.8383217254865563e-02	   6.2594765555872556e-01	   6.3356728947257279e-01	   6.8780079250365389e-01	   6.8489100870865471e-01	   3.1847210327655340e-01	   2.8648931610815265e-01	   4.8301896351858431e-01	   4.5340859560926705e-01	   3.4507925436875114e-02	   2.0881535093901171e-01	   1.0134505387768107e+00	   9.1506954000950258e-01	   4.2283731722642010e-01	   5.9800576137191930e-01	   1.5026769308379611e+00	   1.4384334054253314e+00	   4.8653044260042178e-01	   4.8136215049557252e-01	   6.9227410086940755e-01	   8.2146889002401546e-01	   4.2660657148586278e-01	   4.7299836966475112e-01	   4.5853214622475841e-01	   4.6015250046346551e-01	   2.3861577730344447e-01	   1.7096225443584323e-01	   7.6163348519443652e-01	   6.1611546784290572e-01	   3.4494051198127779e-01	   2.1966148908291239e-01	   3.1317479860516356e-01	   2.9935088998424031e-01	   3.8415859616976211e-01	   3.8665738559261903e-01	   4.2605602726691794e-01	   3.7696982653763450e-01	   3.3509962479216449e-01	   3.3487027513047707e-01	  -9.9584212375761885e-02	   1.1622683475218019e+00	   1.5099164132989862e+00	   4.4855743200892445e-01	   1.8277324404367901e-01	   5.7911125750071990e-01	   5.8254182461574311e-01	   4.9848430224245760e-01	
  -1.5025395032797987e-02	   5.0149583113054189e-02	   7.0579117612719400e-02	   6.3921264181244247e-02	   1.1949555744012805e+00	   1.0741631974919179e+00	   1.5319535976415222e-01	   1.8608179602797253e-01	   2.3386099785360259e+00	   0.0000000000000000e+00	   4.7364569689277292e-01	   2.7112424636205423e-01	   3.3397410140933209e-01	   2.5229279649969732e-01	   1.9689216460247536e+00	   2.0488764599709097e+00	   5.8276683707392429e-01	   5.6807899342237411e-01	  -7.5295283045353684e-02	  -9.6197586875287774e-02	   1.9758484593881884e+00	   2.0878174648442607e+00	   2.3110582351885350e-01	   2.4284365835804986e-01	   1.4740076453649507e+00	   1.4754957184106179e+00	   4.9050965409948943e-01	   5.9936746034222588e-01	   9.1836868797376825e-01	   9.9303433917973949e-01	   4.2209205210220369e-01	   4.2826671250281506e-01	   2.9674483315449496e-01	   3.0751376014211435e-01	  -2.2038469149132275e-01	  -4.4043657593080592e-02	   1.1413566131758428e+00	   1.2453098153354807e+00	   6.4303830562005615e-01	   6.7035273911144511e-01	   5.1888015235701634e-01	   6.3239807392164871e-01	   6.0649671932854976e-01	   4.3384276191213234e-01	   3.3010300246531288e-01	   4.3298156210933808e-01	   9.9255913134685703e-01	   1.0600778690880150e+00	   1.4477736301205454e-01	   3.9706459436796521e-01	   4.8053858407450406e-01	   3.7951466925039484e-01	   1.3275272370257383e+00	   1.7907622964030472e+00	   9.0474590249582620e-01	   1.0082932603210824e+00	   1.9032518635665227e-02	   2.5036903212802275e-02	  -3.4227721811388334e-02	  -1.4738818876726262e-01	   1.4312383764507516e-01	   5.5684291697729808e-02	  -4.3505518670187526e-01	  -9.9945668847977204e-02	  -9.4907528312065406e-02	   3.6190436740112547e-02	   6.3495868001336178e-02	   1.0275691166735622e-01	  -3.0375523322303147e-02	  -7.0275103918376575e-02	   5.6778630240747496e-01	   5.7036010465977705e-01	   5.9597174453154700e-01	   5.8455084548797287e-01	   1.6628307038606155e-01	   1.3855461347871842e-01	   4.5949848284676875e-01	   4.4095044735388911e-01	   1.3592426531508089e-01	   2.8940477483848365e-01	   9.6159779115689703e-01	   8.2302120489737540e-01	   4.2148193554333147e-01	   5.9333413245292355e-01	   1.2963550332396550e+00	   1.2822278706348609e+00	   4.8887336445332319e-01	   4.8512873945419244e-01	   7.6302338943815096e-01	   9.0450025618242957e-01	   4.2954541992214640e-01	   4.7644053127372182e-01	   4.9503094228100364e-01	   4.9864838621348662e-01	   2.6969879535569041e-01	   1.9829449188651141e-01	   7.8084214818681541e-01	   6.6754144169163032e-01	   3.7332696943629734e-01	   2.2928292738965234e-01	   3.5131745091749977e-01	   3.3785903750301305e-01	   4.1637988838903200e-01	   4.2278161153878852e-01	   4.5653993423677364e-01	   4.1245772424905414e-01	   3.7910763027440625e-01	   3.7790655866708578e-01	  -1.0399460057618597e-01	   1.3127411255946937e+00	   1.4028337765304619e+00	   5.4647459541278176e-01	   1.8323285104255613e-01	   5.9414956313997846e-01	   5.9946600651198390e-01	   5.0445520376715058e-01	
  -1.4190089927861936e-02	   1.9981622934905827e-02	   8.1006269704233622e-02	   1.5728619679699191e-01	   6.5965736288822824e-02	   2.7075396950543132e-02	   1.8960558530862881e-01	   1.5999165274656785e-01	   4.6923113644247055e-01	   4.7364569689277292e-01	   0.0000000000000000e+00	   1.0249930739232791e+00	   8.4053415601634374e-01	   7.5941802164260053e-01	   2.8505817495772889e-01	   3.1128786880639225e-01	   1.4715482944926130e+00	   1.5869672312278025e+00	  -4.3963670202610355e-02	  -4.3720422062077900e-02	   4.6089558614480575e-01	   4.3654499266961011e-01	   2.0434572367284340e-01	   2.3456370040844504e-01	   6.4954808720808987e-01	   6.4609054067035698e-01	  -2.6007162082945801e-01	  -1.8046617293341793e-01	   1.0170482213983778e+00	   8.8945636524778959e-01	   4.3956638128204578e-01	   6.2048612033915673e-01	   2.1531822973839215e-01	   2.4652901604818245e-01	  -2.2172144467030183e-01	   1.7876067196455979e-02	   1.0710961471260665e-01	   1.6553084714191657e-01	  -2.7727090186766601e-01	  -2.5669525416206490e-01	  -2.5030765805928745e-01	  -1.8725319702262036e-01	   8.9546969948571609e-01	   8.9625855488903972e-01	   5.1457828204256228e-01	   7.7020668181513119e-01	   4.5493747182921485e-01	   5.4351954107567035e-01	   3.4006671690765622e-01	   6.0960111051040233e-01	   9.9331855612563213e-01	   8.0511299006329051e-01	   6.1994846385807489e-01	   5.9770154446574175e-01	  -3.1890038819077544e-02	   6.1388837190296747e-03	  -5.9611163972369619e-03	   2.9986111199638028e-02	  -4.5027049715489195e-02	  -1.0492024227065565e-01	   4.5613258251354413e-02	  -7.5523609489000096e-02	  -6.3526193301005640e-01	  -3.9935418823487501e-01	  -2.0298285130344221e-01	  -6.3763981520359614e-02	   1.1235763768628367e-01	   1.0297691048143653e-01	  -1.6071767883439451e-02	  -4.2930496428452466e-02	   1.4083725118691399e+00	   1.3797127043668747e+00	   6.5448850996094143e-01	   6.3916443024427849e-01	   1.0224285308469609e-01	   7.9051568863228644e-02	   6.9892223385086816e-01	   6.6968706446942772e-01	   4.1375826585391245e-01	   6.0510668635808262e-01	   1.0607111762195465e+00	   9.6609509055365439e-01	  -4.9204185975454512e-01	  -3.3997264110877984e-01	   6.2169185190141274e-01	   7.0852511701140009e-01	  -1.9639306342745802e-01	  -2.4197153181502637e-01	  -1.2382337323391290e-01	  -4.8080715682333686e-02	  -3.3041382227038296e-01	  -2.7974387808687945e-01	  -1.7794056356993831e-01	  -1.4966566395922240e-01	  -5.2553364409968173e-01	  -6.1587445119134943e-01	  -2.2223905603723937e-01	  -2.7204064025569052e-01	  -4.5988098966086915e-01	  -5.9158227156942889e-01	  -1.9193418001948440e-01	  -2.0144402247134227e-01	  -2.0039684825600004e-01	  -1.9955512335724149e-01	  -1.7771667602180136e-01	  -1.9444876497503330e-01	  -8.2906855992691694e-02	  -9.4673571631331818e-02	  -6.3869381083322319e-01	   2.1601570299821563e-01	   3.3696986801449824e-01	  -1.6833186954405122e-01	  -5.0680557669613546e-01	  -1.2070982433623742e-01	  -1.0314557186498646e-01	  -1.7019789370762337e-01	
  -4.3994706755982674e-02	  -4.1638094338826703e-02	   3.0723982066807296e-02	   1.2674494660889429e-01	   2.6080995431548661e-02	  -6.3017762954712467e-03	   2.1083868009825135e-01	   2.0989676951579275e-01	   2.0391259112582524e-01	   2.7112424636205423e-01	   1.0249930739232791e+00	   0.0000000000000000e+00	   7.6302538843178269e-01	   7.9039700562408999e-01	   1.4657401395342703e-01	   1.7067541783244330e-01	   6.8918212833373416e-01	   6.7287107113209288e-01	  -7.3840252548045548e-02	  -5.1300816428772746e-02	   2.8911773944025149e-01	   2.5559645498077721e-01	   1.8155517990075590e-01	   1.9964498803642511e-01	   3.3573651312751107e-01	   2.6368247023553304e-01	  -9.8820371490833739e-02	  -3.6785097781229764e-02	   6.6600264222690997e-01	   5.7678457553978402e-01	   7.7561325953305532e-02	   2.4828659906343353e-01	   2.4175017010782884e-01	   2.9322972923048413e-01	  -8.8532553112687151e-02	   3.5576963261323452e-02	   1.1274665604596044e-01	   1.5623768682694794e-01	  -3.9962934676259149e-01	  -3.6853298121308653e-01	  -1.1732082031681303e-01	  -9.1033966636816441e-02	   9.4523473356104692e-01	   9.9161792588922193e-01	   6.5303006743132122e-02	   4.8754552715524024e-01	   5.6322499604535718e-02	   1.3571291162976382e-01	   6.6941040854427192e-01	   4.3644713046649952e-01	   6.4488290835545647e-01	   7.4451174409267051e-01	   3.5030896121316157e-01	   2.9132149041699057e-01	  -9.7205691509817237e-03	  -8.7039661714635990e-03	  -9.7042555805508982e-02	  -1.9194427127650918e-02	  -9.0020014448710647e-02	  -4.6692580513678958e-02	  -2.8828999917343404e-02	  -1.2324778157805265e-01	  -3.5445216698763368e-02	  -8.5945789224120786e-02	   7.9005181127875190e-02	   3.9156133267619186e-02	   9.9392287532798676e-02	   5.7736184746903008e-02	  -6.9086737990314437e-02	  -6.6938549995786675e-02	   6.2265830844130787e-01	   5.8727346228670108e-01	   4.3004660707133402e-01	   4.0913564702318567e-01	  -2.3038891033637565e-01	  -2.4558302400987908e-01	   6.7299449465458849e-01	   7.0123466900869613e-01	   9.5215677695053214e-01	   9.9259683843235014e-01	   6.0949897001916997e-01	   5.0103975823075864e-01	  -4.9604600649407216e-01	  -4.1364160358372393e-01	   2.8902404705918100e-01	   3.6925580083175102e-01	  -3.2583027306238405e-01	  -3.4248623123319005e-01	  -1.6819207437919692e-01	  -1.2624426732070468e-01	  -4.2533795620816706e-01	  -3.8121099299058220e-01	  -1.2534963862421694e-01	  -9.5342786629078330e-02	  -3.6190024580850805e-01	  -4.5482969601801576e-01	  -3.2445394221575130e-01	  -2.9169897371388748e-01	  -4.9704767331570510e-01	  -6.2639779719746314e-01	  -5.5609365323881436e-02	  -6.6833905493064394e-02	  -9.4155762958469141e-02	  -1.1077152380723804e-01	  -9.4755102607138847e-02	  -8.7010011967738984e-02	   3.8281106567783191e-02	   2.4323521476994906e-02	  -4.2511329819092708e-01	   1.6917278244432396e-01	   6.3946881199786920e-02	  -5.4074071971434996e-02	  -6.6385205848248241e-01	  -1.9432543312911568e-01	  -1.6373114045975110e-01	  -2.9753586027740336e-01	
  -9.8447677054984417e-02	  -6.9848365061185733e-02	   4.0993865585440062e-03	   7.2922078518523545e-02	   1.9508332737732968e-02	   1.5982592077212678e-02	   1.0782278752848233e-01	   1.2100552901572484e-01	   3.4452615077901338e-01	   3.3397410140933209e-01	   8.4053415601634374e-01	   7.6302538843178269e-01	   0.0000000000000000e+00	   2.3044999140618012e+00	   1.8152808321414529e-01	   2.0532546689456538e-01	   7.1853529381583559e-01	   6.3955317572151893e-01	  -5.1528239251624766e-02	  -5.3393397540084257e-02	   2.5640388340874337e-01	   2.5571081019436276e-01	   1.2131904107172735e-01	   1.9117649876232692e-01	   4.1622264990839175e-01	   4.4743845811159433e-01	  -2.0163201700772596e-01	  -1.5232519396095490e-01	   1.0762011526169926e+00	   9.6536943110571505e-01	   7.9195515867792909e-01	   1.0686062965669012e+00	  -1.5431793430685209e-01	  -1.5044100678551417e-01	   2.6988579296637022e-01	   5.3941712042316770e-01	   1.3149045491656908e-01	   1.3387213219112806e-01	  -4.3015258336265150e-01	  -3.8273293471415981e-01	  -2.7963188648753368e-01	  -2.7016597093470190e-01	   1.2471557262065138e+00	   1.2958573522163574e+00	   1.3645796193904772e-01	   1.8954014184251283e-01	   4.0069717266082866e-01	   4.8551319923318415e-01	   3.8203413364345190e-01	   1.1623969782667483e-01	   9.7939838750361041e-01	   1.3305876727434067e+00	   3.4537997711604246e-01	   3.3221518125694577e-01	  -1.7121299049275146e-01	  -1.4267132965942239e-01	  -9.1495388212507800e-02	  -1.1296719521247089e-01	  -7.2052173655219334e-02	  -8.9072055473045669e-02	  -9.1479161232062275e-02	  -7.3176463253862400e-02	  -4.2457314864521789e-01	  -3.9733635720793065e-01	  -2.6089769856799705e-01	  -1.3660436012882665e-01	  -8.7565791361820609e-03	   2.4084966344470899e-02	  -4.0532031886932489e-02	  -5.7085154467451438e-02	   8.7924804036200488e-01	   8.2096857926635014e-01	   1.0908543505609130e+00	   1.0488803694818458e+00	   2.4862760318473642e-01	   2.3870128974408311e-01	   1.2313367014335874e+00	   1.2484073143499710e+00	   6.8850202230966395e-01	   9.2542474010036091e-01	   8.0524308764729247e-01	   8.1049601115975223e-01	  -5.1239519079346707e-01	  -4.1603493018900811e-01	   5.8937139567922825e-01	   6.1591446790359217e-01	  -3.9067846420435193e-01	  -4.1897644392580302e-01	  -3.0153780318375412e-01	  -2.3301620313325472e-01	  -4.4074661674752247e-01	  -4.0006887409918901e-01	  -3.3432922632206274e-01	  -2.9842116881425562e-01	  -4.8542228107176283e-01	  -5.8417044723692513e-01	  -3.1549702126780949e-01	  -3.6952735334758607e-01	  -5.3353025690769884e-01	  -6.3563036061619860e-01	  -3.7606495729063794e-01	  -4.0391581271121568e-01	  -3.6798033497279864e-01	  -3.8654831518419258e-01	  -3.3323638989446269e-01	  -3.4537941283502072e-01	  -2.2715778182219726e-01	  -2.1919695385357454e-01	  -4.3380849244200703e-01	   8.8020785355868783e-02	   3.1198381908577866e-01	  -2.1204295361676229e-01	  -6.3716591385644117e-01	  -2.7640907620255439e-01	  -2.5260644797593668e-01	  -3.0606463989348515e-01	
