   0.0000000000000000e+00	   6.9154887510340357e-01	   5.0528418530174890e-01	   3.5270630818623588e-01	  -4.0155133113483774e-02	   2.4672253319021127e-02	   5.5578823818282586e-01	   4.8784223060269927e-01	   1.5317156825684677e-01	   1.3872200584458000e-01	   4.3452483263823016e-01	   5.8976976489905741e-01	   5.2097492686134361e-01	   5.0891363544402202e-01	   3.3478301353990614e-01	   3.8746143734315136e-01	   4.2671318660028895e-01	   3.0388404483953541e-01	   6.5839182757999348e-01	   6.0816304053578474e-01	  -2.6032482751355670e-03	   4.6442804491792736e-02	   4.0049949211285851e-01	   4.1812850169040328e-01	   8.7650430325732873e-02	  -2.2538150877900301e-02	   1.0408861600488811e-01	  -1.0742956637580315e-02	   4.4486465489134913e-01	   3.4930960568716929e-01	   2.1857313482836846e-01	   2.4158911629139901e-01	   4.2762485183955351e-01	   4.6653636487702033e-01	   3.0321212879143261e-01	   3.9192081101358794e-01	   2.3715808457695642e-01	   3.9710923002268528e-01	   2.7280372906459294e-01	   3.8566074933601380e-01	   1.0069649867790263e-01	   1.8453894460264836e-01	   5.0582291868942009e-01	   4.9802891604400501e-01	   5.4740382980792923e-01	   4.5856747551266031e-01	   5.8048762596717451e-01	   6.3219883072322614e-01	   5.1414342759795906e-01	   3.5523095501311641e-01	   5.1216441170118565e-01	   3.7677718511255121e-01	   5.6035726771686689e-01	   5.5944681676822405e-01	   4.2840526671587320e-01	   4.4921290511547590e-01	   6.8679128287752622e-01	   4.9491659665242782e-01	   3.2270901406321550e-01	   1.1548429534708060e-01	   7.0345314696075945e-01	   3.6491135104517380e-01	   5.9209553444590457e-01	   2.4941007610742086e-01	   3.7511680927515023e-01	   3.7398712884452867e-01	   3.6600604328833708e-01	   3.1153215583987548e-01	   4.2315909257570650e-01	   4.1477753201046802e-01	   1.5724848669720309e-01	   1.1101476834903840e-01	   2.4113272819660914e-01	   3.4821263260736846e-01	   3.3800643314741802e-01	   3.6376070264141680e-01	   5.2540995069565599e-01	   5.2843026719060682e-01	   3.2105025605723952e-01	   2.6380584778994576e-01	   5.9980578005356089e-01	   6.1108416213727135e-01	   3.0381519315734873e-01	   4.7854118864406808e-01	   5.4525649249301944e-01	   6.8139184352745874e-01	   1.2766601116896106e-02	   4.4699598448317684e-01	   2.9747878737872019e-01	   6.0337742630822144e-01	   6.1902484043671357e-01	   5.5177123045012222e-01	   4.3799675625899187e-01	   5.5107432034245751e-01	   1.6726598049154495e-01	   1.1106575187946367e-02	   4.1098330909930447e-01	   4.0956073239306734e-01	   5.0083294588030303e-01	   5.6149570429262596e-01	   2.8610629185748010e-01	   4.6930126661575550e-01	   3.9274929337204589e-01	   4.5972419377708984e-01	   5.3507978396168387e-01	   5.0510077849099144e-01	   5.8711211334489991e-02	   3.1905524506632094e-01	  -5.2848838401999484e-02	   1.6467143619690547e-01	   5.2850580205765574e-01	   5.7864864845537400e-01	   5.2108451722813354e-01	   2.9625274260765000e-01	   4.2163659596525110e-01	   3.1824081646942892e-01	
   6.9154887510340357e-01	   0.0000000000000000e+00	   2.7994766880000166e-01	   4.5436502775016641e-01	   1.1679333855136273e-01	   1.5948890827234072e-01	   3.7389969549673885e-01	   5.6127125613520112e-01	   3.7179216497898004e-01	   1.6425864451998234e-01	   3.7650409691913050e-01	   6.2173704358810200e-01	   5.0147569578170381e-01	   5.8522768542754156e-01	   5.5854366130219735e-01	   5.2670896394976896e-01	   6.5359623880395201e-01	   6.1474845014267465e-01	   7.0713352481352176e-01	   9.1296944680938419e-01	   1.9910587306126545e-01	   2.7110768736278762e-01	   3.4755818600247312e-01	   3.9494549072176888e-01	   1.2330874354559224e-01	   6.4485262536574814e-02	   2.5277747010849505e-01	   2.0828149459915496e-01	   7.1768589221539147e-01	   5.7600294318946466e-01	   4.6363192477674686e-01	   5.1361725086069332e-01	   6.6169498284382788e-01	   7.4503157538948694e-01	   3.1823943098965857e-01	   4.4052655271687768e-01	   2.9622897283347621e-01	   4.8400695691058049e-01	   4.6620184244105956e-01	   5.3390364306034632e-01	   3.1726980987365561e-01	   5.2975188875509049e-01	   2.8694305968004208e-01	   3.6705972947442833e-01	   4.6177808753476568e-01	   5.0687528288684602e-01	   5.3730772148753636e-01	   6.5489181608917502e-01	   5.0335483317008256e-01	   3.9789182372582821e-01	   3.9974508585213214e-01	   4.3795442426664744e-01	   4.5957386308938752e-01	   4.7246731387112323e-01	   6.1311834797052023e-01	   6.0884817590573492e-01	   4.8094123620649970e-01	   6.8043224691229431e-01	   4.3926983115031693e-01	   3.8722902724646607e-01	   5.7275899649385931e-01	   6.0133094320004743e-01	   6.5321292733857050e-01	   4.9530810813928228e-01	   2.3570537263071151e-01	   4.2900776383985006e-01	   4.8221197718412501e-01	   5.0240230197617008e-01	   6.2505495235071706e-01	   7.5961675559750819e-01	   3.3095247480111478e-01	   2.4347034872807694e-01	   4.6673961124335250e-01	   5.7109030492482105e-01	   5.4550593952166337e-01	   5.9608978889441633e-01	   6.6968763934085618e-01	   6.9991052102587215e-01	   4.4423380561426173e-01	   4.2961499127247738e-01	   6.9753064215427873e-01	   7.1977673384362473e-01	   6.2547754741786332e-01	   6.9352651759244122e-01	   5.3074053328315629e-01	   6.6063288027386380e-01	   3.1470209970385182e-01	   5.0379146567536814e-01	   4.7581945579561524e-01	   6.1737629187589149e-01	   7.2550253441019441e-01	   6.8228940578242014e-01	   3.5991015962869766e-01	   4.9525304702353701e-01	   4.2621050486882361e-01	   2.0707790136375501e-01	   6.5905599721072194e-01	   6.5601972758371285e-01	   6.8619294601835945e-01	   6.9701671730807835e-01	   3.7335942244422382e-01	   3.6860718704793660e-01	   5.0848234069476250e-01	   5.3012659757334790e-01	   4.7282286538012647e-01	   3.9895447307291976e-01	   2.8510403442599164e-01	   5.1807756858377607e-01	   9.8557833448995893e-02	   3.1592136934623871e-01	   6.5062540129257385e-01	   6.5696575326214246e-01	   7.2773061848219378e-01	   4.8438665414242887e-01	   4.1691143385454693e-01	   1.4933403849657551e-01	
   5.0528418530174890e-01	   2.7994766880000166e-01	   0.0000000000000000e+00	   8.4755557275601179e-01	  -4.9641961666966328e-01	  -3.8862492744636762e-01	   7.7987325912481997e-01	   7.1688629749627630e-01	  -3.1075070840376151e-01	  -2.7155509043753501e-01	   1.6108077968864704e-01	   1.8968589186156529e-01	   4.6011810585122453e-01	   3.8207559433469040e-01	   3.7197931950269464e-02	  -1.9154484146538125e-01	  -1.0766906927052437e-01	  -1.3343020504041869e-01	   7.2156840025011681e-01	   4.4967330071170636e-01	  -1.0719616680044464e-01	  -1.3283197550240136e-01	   8.6350412136025168e-01	   8.6841726292295307e-01	  -2.9196414082012526e-02	  -9.2409416497362368e-02	  -3.1311566698056181e-01	  -4.1193999773293088e-01	   2.9843046149595619e-02	  -2.6630904156601375e-02	  -3.1083802139854066e-02	  -1.7290399857791849e-02	   2.5041404174803478e-01	   2.3007489555445282e-01	   5.7521968818232150e-01	   5.0121887022736977e-01	   2.0431574218334400e-01	   2.5654416293231563e-01	   2.6818768080803346e-01	   2.5987787422458308e-01	   5.8594479712618039e-02	   6.4379960272265668e-02	   5.0624274833305094e-01	   3.3335777540137795e-01	   1.9808079448890209e-02	   1.8536916854846808e-02	   3.4497821358938335e-01	   5.0354081932090022e-01	  -1.9955826995754730e-01	  -2.1848697594924077e-01	   2.4236798068028892e-01	   1.2800750728148284e-02	   4.8696652814399766e-01	   7.7162281847109804e-01	   3.1959671721693689e-01	   2.6598625623060074e-01	  -2.6867434250757967e-03	  -1.2633362573115176e-01	  -2.7331197102876220e-01	  -4.7002361501646162e-01	   2.0890651949572264e-01	  -3.1826745682170393e-01	   1.8937033942282754e-02	  -1.7852151970827476e-01	   4.6936249620301818e-01	   1.0099462398465638e-01	   1.6301048178058292e-01	   9.9403391912854980e-02	  -3.4287929756204018e-02	   7.9309123129450348e-02	  -7.6106394172132441e-02	   1.3694445571501815e-01	   4.7482974629547023e-02	   1.0171566652733709e-01	   2.9393493864324511e-02	   2.1127811683546871e-01	   3.8269629043469910e-01	   3.0298547905577411e-01	  -6.3037801306499025e-02	  -1.1644763563072372e-01	   5.4599246721604475e-02	   1.0601308195340986e-01	  -1.7734902039127759e-03	   5.2970390434619458e-02	   5.6501305561456017e-01	   4.9171836128612678e-01	  -1.8382393002441619e-01	   5.2222097286746351e-02	   4.2712185225683247e-01	   5.4826934670576921e-01	   4.2949535176152198e-01	   2.7637092993789858e-01	   7.2265304348897363e-01	   7.2322605535417728e-01	   1.0333613430746375e-01	  -1.4840884371158997e-01	   1.7756419213347294e-01	   1.2450335673547795e-01	   8.7310041110206307e-02	   1.2351418560972306e-01	   2.9277871552688928e-01	   7.6265192925893543e-01	  -7.0624292670033062e-02	   2.2226302944236351e-01	   1.9734830816616178e-01	   2.9261729093417876e-01	   9.4058826499529805e-02	  -9.4965131903505563e-03	  -1.4189283915603007e-01	  -7.7584074721649243e-02	   2.3631241015977000e-01	   1.5345174321158617e-01	   1.7707333869937208e-01	  -2.8235708106033298e-02	   1.6719739117892701e-01	   2.2143370143016314e-01	
   3.5270630818623588e-01	   4.5436502775016641e-01	   8.4755557275601179e-01	   0.0000000000000000e+00	  -4.1093956667181808e-01	  -3.1971411540672656e-01	   6.4971131138894234e-01	   8.0394463406471250e-01	  -1.9724246378290522e-01	  -2.2609232478404098e-01	   1.4023445694881687e-01	   3.0338474448001207e-01	   4.9521600996351722e-01	   5.0698814816942950e-01	   1.8053482525345177e-01	  -2.2456983058360636e-02	   8.7484880102143475e-02	   5.4461449900487201e-02	   7.3141500527125358e-01	   6.3433714099069349e-01	   1.3416153865103773e-02	   2.7316020467235552e-02	   8.5058036472242216e-01	   9.4572044830021507e-01	   1.1491399501839833e-02	  -4.7992276933457381e-02	  -2.0652593531909180e-01	  -2.5321898249630770e-01	   1.6749496603594594e-01	   1.3687686586882311e-01	   1.0009939966025888e-01	   1.6853873893838334e-01	   3.5224166018932035e-01	   3.8981590393807075e-01	   6.4321385105347884e-01	   6.1586579074873193e-01	   2.2426928153235987e-01	   3.6293759248867907e-01	   3.8355363795328135e-01	   4.2819292122227609e-01	   1.7623734016066067e-01	   3.0738527935701393e-01	   4.5991109069128372e-01	   2.9087619706155643e-01	   2.4617426327467780e-02	   6.3928416579114966e-02	   3.4600102199902444e-01	   5.2348824417627426e-01	  -1.8389296488531343e-01	  -2.3370696242261405e-01	   2.5442461417858353e-01	   9.6515524138350919e-02	   4.6584318567793359e-01	   7.4767383144205957e-01	   4.3629969105841759e-01	   3.6728088729588038e-01	  -8.5464261857433665e-02	   1.5624557519064244e-02	  -2.4120594128338840e-01	  -3.7465684586559256e-01	   1.1259064359808614e-01	  -2.1493548983267263e-01	   4.7414629656903684e-02	  -7.2846397401751875e-02	   3.8444798064905084e-01	   1.8617605153927899e-01	   2.6848892554648168e-01	   2.8208068684981413e-01	   5.0697638380782943e-02	   2.9468522260802937e-01	   8.7642776686174345e-02	   2.9224294929901706e-01	   1.2959864692963513e-01	   2.4903313283240042e-01	   1.2406730724344464e-01	   3.5303314396421048e-01	   4.9468164092997691e-01	   4.1812201430993540e-01	   1.2650660717583609e-01	   2.4186485344981204e-02	   2.0484575532074992e-01	   2.5151521731535786e-01	   1.9326651429295541e-01	   2.5691774549300483e-01	   6.7308921337730010e-01	   5.6732668568544276e-01	  -2.3401904990663063e-02	   1.9973038965301732e-01	   5.5776831806258254e-01	   5.6388318248465841e-01	   4.9875304890176664e-01	   2.9124005048797719e-01	   6.9559261033769659e-01	   6.3664823730026598e-01	   2.7447149425688183e-01	  -3.3554462887843667e-02	   3.4048449291429544e-01	   2.7404379379944488e-01	   1.4377706612535868e-01	   1.5890435012836732e-01	   3.1648398580903664e-01	   6.5379676889422489e-01	  -5.4517838880271910e-02	   1.8550028585169592e-01	   1.5165315912103697e-01	   1.7702734006168125e-01	   1.7546160717368139e-01	  -3.5216393550505487e-02	  -1.4854810248205694e-01	  -1.6975720678943994e-02	   3.0009355347541866e-01	   1.6052085304005473e-01	   2.5435013523278249e-01	   2.1973997331135080e-02	   1.9582080727324208e-01	  -9.6002345416515977e-03	
  -4.0155133113483774e-02	   1.1679333855136273e-01	  -4.9641961666966328e-01	  -4.1093956667181808e-01	   0.0000000000000000e+00	   9.6533636786545984e-01	  -5.7825069673406027e-01	  -4.1748595606663930e-01	   9.0077393195520084e-01	   8.6184307991715159e-01	  -1.8115348943785650e-01	  -5.7709865806217217e-02	  -7.8678778845855210e-02	  -2.7539870470196093e-01	   6.3993527377706649e-01	   7.2616621165136441e-01	   4.2368600674821055e-01	   3.5411136837044316e-01	  -2.9955298872140312e-01	   4.6552527202218003e-02	   7.5493076991473085e-01	   8.1373531244147157e-01	  -2.5347301635200808e-01	  -4.1381137885635311e-01	   7.8269433336514926e-01	   8.3221496225580405e-01	   8.1671108516862545e-01	   9.2894198886221646e-01	   2.5810754572579186e-01	   1.2883435280970917e-01	   7.0136888377869999e-01	   6.3769491385281318e-01	   3.9776518142170070e-01	   2.7126994334727206e-01	   1.9429706170984828e-01	   3.0620231817679633e-01	   4.4437278562664739e-01	   5.0672618721306950e-01	   3.9907105005827137e-01	   4.4023957576950185e-01	   5.5533576532188300e-01	   5.6370920769815114e-01	   1.6882313964396736e-01	   3.8563750806626401e-01	   5.9954409499640393e-01	   6.2796091927653730e-01	   2.5761929287984386e-01	   1.6020360972896092e-01	   6.6427133196842703e-01	   6.9708444309406636e-01	   5.2791631411657591e-01	   6.7570949561438398e-01	   8.4152369245202391e-02	  -2.9478160734843750e-01	   2.7477266965973934e-01	   3.4837142231546608e-01	   3.0214133444484942e-01	   5.1171153938636604e-01	   7.0179259962151508e-01	   6.3810436696151640e-01	   3.0665015388288885e-01	   4.1557978491126013e-01	   1.3037536653740001e-01	   1.4523660744151001e-01	   2.2525849558604702e-01	   4.8889305117154425e-01	   5.8419522830339510e-01	   6.3771324257084494e-01	   4.6981492874863751e-01	   4.6761857676291618e-01	   5.1257524900744766e-01	   2.3692979361875846e-01	   6.2925224097625021e-01	   5.4586086710829063e-01	   6.0585138132217287e-01	   4.2464787359679895e-01	   3.5864447071094396e-01	   4.2784250641252236e-01	   1.7673294443572371e-01	   3.0263200660539036e-01	   2.7247313975653864e-01	   2.9060708172829364e-01	   6.9721833305820224e-01	   1.2835463835041411e-01	  -2.0822425886410340e-02	   2.8183607572971353e-01	   7.2711616868334683e-01	   3.7231101594828764e-01	  -1.4567822871401154e-02	   1.6981703236984894e-01	   8.7988490190916993e-02	   3.7492595916257232e-01	  -1.2185631696027320e-01	  -9.3296672753509363e-03	   1.6651010506521524e-01	   1.5404353964535766e-01	   3.6625549683442404e-01	   3.5965743833283809e-01	   4.9216030715963321e-01	   4.4961531073529304e-01	  -2.8738022070219388e-02	  -4.5849040210217767e-01	   3.9795771759551390e-01	   1.2350115810822632e-01	   3.8372376663801472e-01	   2.2704578676922649e-01	  -1.2641843475827286e-01	   1.3181254505238207e-01	   2.1291387966976347e-01	   1.8628489332473389e-01	   4.0220154185448864e-01	   4.6105868222828905e-01	   4.6033732007721317e-01	   5.3077491918896280e-01	   4.0731577308653011e-01	  -3.3406508961887030e-02	
   2.4672253319021127e-02	   1.5948890827234072e-01	  -3.8862492744636762e-01	  -3.1971411540672656e-01	   9.6533636786545984e-01	   0.0000000000000000e+00	  -4.7181754592293501e-01	  -3.3491926821184292e-01	   8.9061038214222465e-01	   8.9079465315591100e-01	  -1.2019577401420625e-01	   3.0255902852992081e-02	  -5.3281215164894900e-03	  -1.7818682791152290e-01	   6.4900494355815097e-01	   7.6780037529777334e-01	   4.5262301565775021e-01	   3.9986559871656607e-01	  -2.3190574407112124e-01	   1.2130149345316518e-01	   7.6840307096602856e-01	   8.4476800699834520e-01	  -1.2453398595721701e-01	  -2.7875740756381884e-01	   8.2296699254591432e-01	   8.8477001119109300e-01	   8.3938816343523848e-01	   9.4350246335632959e-01	   2.8377147560433486e-01	   1.6537564954244471e-01	   7.3094074177233703e-01	   6.7813827614622646e-01	   4.3490273292718029e-01	   3.0814694141875665e-01	   2.3027497444060763e-01	   3.5487728271154295e-01	   4.2127813478806192e-01	   5.1767886448433464e-01	   3.9851198655056419e-01	   4.9419567699209832e-01	   5.7852523942732581e-01	   6.0819217801782188e-01	   2.5936550382783019e-01	   4.6354488708504615e-01	   6.7308074177253840e-01	   6.8652635151299235e-01	   2.9892578987192642e-01	   2.2379727673891980e-01	   7.3311802741632326e-01	   7.4088409156851032e-01	   6.1838443885760874e-01	   7.4173500766582146e-01	   1.6704706465464858e-01	  -1.9853662953290105e-01	   2.8512755644904297e-01	   3.8293796757484089e-01	   3.5794464116050306e-01	   5.3466378747825305e-01	   6.9639455885680213e-01	   5.9827420708786272e-01	   3.5521767712330288e-01	   3.9809341938050302e-01	   1.9296718101024732e-01	   1.6104331755570081e-01	   2.7701464101771861e-01	   5.0949503268704788e-01	   5.8658552502665973e-01	   6.3935875774778639e-01	   4.7568821789788523e-01	   4.5472238003915910e-01	   5.1868217947609674e-01	   2.6469780929222697e-01	   6.1429157589981620e-01	   5.7572120915182690e-01	   5.6540562077364664e-01	   4.2172795617689518e-01	   3.5453213655363280e-01	   4.2572565610834046e-01	   1.8473804467712740e-01	   2.9916267690311565e-01	   2.5822688426153756e-01	   2.8747565290662946e-01	   7.1630439269323720e-01	   9.2995946256010015e-02	  -1.3335833989232392e-02	   3.4248733579709084e-01	   6.9075259021495150e-01	   3.8883969550187236e-01	  -2.7071599170923756e-02	   2.4467236715032531e-01	   1.3722476573981721e-01	   4.0429360741143766e-01	  -4.2428908762544223e-02	   5.7364792775736452e-02	   1.1186088076144765e-01	   2.1228185426714777e-01	   3.3120730119605646e-01	   3.4201770536947806e-01	   5.0058338838836447e-01	   4.5534861870401205e-01	  -1.6319180534439155e-02	  -3.8589491691701799e-01	   3.8953452121592724e-01	   1.4259678325032482e-01	   3.7743714488312441e-01	   2.3576046481827206e-01	  -1.6400172301366461e-01	   1.0863060042977297e-01	   2.2946889131453940e-01	   2.2735731540384624e-01	   3.8464973865693697e-01	   4.6783936394019354e-01	   4.7074920328815806e-01	   5.2418655214947907e-01	   4.4173525326397223e-01	  -7.9266336308555906e-03	
   5.5578823818282586e-01	   3.7389969549673885e-01	   7.7987325912481997e-01	   6.4971131138894234e-01	  -5.7825069673406027e-01	  -4.7181754592293501e-01	   0.0000000000000000e+00	   8.5571228741322281e-01	  -3.0647041790164686e-01	  -3.7782101999546169e-01	   6.4354285306589920e-01	   5.6895294666505070e-01	   6.0059094047265837e-01	   7.3601484596121780e-01	  -9.5785558421240161e-02	  -1.6943075976193772e-01	   1.9737980167540997e-01	   2.2839179618244559e-01	   6.3048642868726379e-01	   4.9632788632092512e-01	  -3.4097513805890406e-01	  -3.4714165739981145e-01	   5.3804605988839249e-01	   6.7893547479252558e-01	  -3.4597436838049878e-01	  -3.4144383602794759e-01	  -3.9853838040815259e-01	  -5.5228684864429767e-01	   3.5811136058938353e-01	   3.7579279046240210e-01	  -1.1633829139013155e-01	  -5.0411634913479178e-02	   1.9811377465848479e-01	   3.4093068159565942e-01	   9.0822667206582372e-02	   9.0543093562741483e-02	  -1.4824030719859438e-01	  -8.9482703243860574e-03	  -1.0926083454152231e-01	  -4.1278502562871924e-02	  -2.5187985157629272e-01	  -4.9365567216382286e-02	   2.2903812847877883e-01	   6.9400133218350854e-02	  -6.3722356602151697e-02	  -1.0011343188842420e-01	   1.7947113335402393e-01	   3.0908090105433883e-01	  -9.8045572578191270e-02	  -1.9226518265334583e-01	   1.0159491709617655e-01	  -5.2782538066395338e-02	   2.9398878493173586e-01	   6.3507739453518719e-01	   1.9878802715519568e-02	  -1.4780447541081961e-02	   5.4437272069568644e-02	  -1.5710000089039472e-01	  -3.9903592050049363e-01	  -4.6081733419453530e-01	   3.0759682628045448e-01	   1.8494840393408259e-02	   4.0158013495383837e-01	   2.8012076838456268e-01	   6.8027482150107371e-02	  -1.1529496497996039e-01	  -2.0644523594287734e-01	  -1.8766183217413926e-01	  -1.7519363279771225e-01	  -6.9360460477173702e-02	   4.7181436335824896e-02	   2.3463238832360928e-01	   8.6909201788952881e-02	   1.6484332499201859e-01	   8.6281744596951440e-02	   2.4559058957810528e-01	   2.4252718163328413e-01	   2.0203394178877099e-01	   2.8570069918460261e-01	   2.0676749329493435e-01	   2.9612561049864344e-01	   3.1688724702826909e-01	  -1.1958802397131815e-01	   2.3956065678608685e-01	   2.8623660752668700e-01	   3.1751334012824695e-01	  -4.9818632284518005e-01	  -1.8771902548790625e-01	   3.6722336698988958e-02	   2.7636791357366008e-01	   3.5925401391391198e-01	   1.8580359063510077e-01	   5.0543521228405108e-01	   4.4012020083469472e-01	  -1.6634804042942911e-01	   1.1083690361522761e-01	  -1.4871245509608669e-02	   9.0508998701554141e-03	   1.9173598498198011e-02	   5.4589034333627030e-02	   1.7651810243445090e-01	   5.6289204259973635e-01	  -9.8655421180605177e-02	   6.8142328235663838e-02	  -4.4822331503922105e-02	   1.0278250486576105e-02	  -6.7688464809154997e-02	  -1.6646278191416761e-02	   6.0526464132523591e-02	   1.6407754660917928e-01	   6.5884626898136553e-02	   1.2121088411898862e-01	   2.4332210755867734e-01	  -8.6053340538034706e-02	   8.0458630520507196e-02	   3.6652841284022530e-01	
   4.8784223060269927e-01	   5.6127125613520112e-01	   7.1688629749627630e-01	   8.0394463406471250e-01	  -4.1748595606663930e-01	  -3.3491926821184292e-01	   8.5571228741322281e-01	   0.0000000000000000e+00	  -1.5468751997991576e-01	  -2.3073537202269995e-01	   4.8088476497391369e-01	   6.1543602219991778e-01	   5.3406670533141576e-01	   7.4451170008992529e-01	   7.1748039392498436e-02	   2.0789322751515304e-02	   3.6525487030923809e-01	   3.6513505549228592e-01	   7.2254978356534727e-01	   7.1631130208281879e-01	  -1.4449456105642811e-01	  -9.8720879637098413e-02	   5.8909995820650352e-01	   7.6770172153070981e-01	  -2.0441011638679243e-01	  -2.0486212814772836e-01	  -2.6837993911946922e-01	  -3.2133467354907880e-01	   4.7960087698316067e-01	   4.9447619128958881e-01	   1.2471314644779123e-01	   2.3462781500998120e-01	   4.1425126058888051e-01	   5.9553126647316801e-01	   2.6687206998434154e-01	   3.2412905018638766e-01	   1.8027139984301797e-03	   2.2296190071057420e-01	   1.1169539230443114e-01	   2.6271305656457128e-01	  -8.4572499558604047e-02	   2.5683235665259668e-01	   2.7045289113241822e-01	   1.2427908590191962e-01	   6.6144499814339522e-02	   1.0894282754220377e-01	   3.0770002254576245e-01	   4.6438635462177474e-01	  -1.0338204826604549e-02	  -8.3823382981642575e-02	   2.0866026512954863e-01	   1.2342332652291349e-01	   4.1832460559572815e-01	   6.7871713533963141e-01	   2.6603037561406345e-01	   2.4206359186713078e-01	   7.0843156278968145e-02	   2.9428568864735924e-02	  -2.4533937796662741e-01	  -2.4503233996819379e-01	   2.4571069178305266e-01	   1.5155894018193738e-01	   3.9084936121489855e-01	   3.3691012455690827e-01	   7.0595090952472878e-02	   1.5113024031885795e-02	   4.9808858506385598e-02	   1.3698928824459750e-01	   4.2833481775698526e-02	   2.1806562127269677e-01	   2.1267142136605766e-01	   3.8999230051388145e-01	   2.8869265852251902e-01	   4.0038769500426896e-01	   2.7146121065542228e-01	   4.5691769598005449e-01	   4.2771273944413013e-01	   4.0554378540264779e-01	   3.8174829080832218e-01	   2.6599684144446301e-01	   4.6401613578439388e-01	   4.8357038579043399e-01	   9.2026588270486445e-02	   4.6359233293893748e-01	   4.5103619045319465e-01	   4.9637003348320308e-01	  -2.4375285308387870e-01	   3.5904086786531078e-02	   2.7072229502538625e-01	   4.2898100543093948e-01	   5.1571824225753082e-01	   3.3530713838950088e-01	   5.7337444687189443e-01	   4.6648517995104433e-01	   1.4840469413421157e-02	   1.0555789476002569e-01	   2.4074840818501395e-01	   2.5692084980167396e-01	   1.9136802625598595e-01	   2.2091534924717643e-01	   3.1473273366309257e-01	   5.3687794346068629e-01	   3.2531506830708760e-02	   2.0419143963805714e-01	   4.2290498999003355e-02	   2.5441189946152690e-02	   9.0547218609192098e-02	   3.7681736246245705e-02	   3.1947907739103817e-02	   1.3785345095095375e-01	   2.5397737525361191e-01	   2.5136891513353565e-01	   4.0028528308952860e-01	   9.0260783699665267e-02	   1.2136536111133440e-01	   9.7534256792482038e-02	
   1.5317156825684677e-01	   3.7179216497898004e-01	  -3.1075070840376151e-01	  -1.9724246378290522e-01	   9.0077393195520084e-01	   8.9061038214222465e-01	  -3.0647041790164686e-01	  -1.5468751997991576e-01	   0.0000000000000000e+00	   7.6799069402442988e-01	   1.2889923643975498e-01	   2.6557482763933782e-01	   3.2051072797904651e-01	   5.2868350732716965e-02	   8.5995057643836814e-01	   8.2826496371245861e-01	   6.3631662968554470e-01	   5.8224772298464944e-01	   2.0470036999138387e-02	   3.5800008541171119e-01	   7.6719289519069378e-01	   8.1112425135832278e-01	  -2.0803530248377528e-02	  -1.8487770322193206e-01	   8.0221578734326471e-01	   7.7380866406632309e-01	   9.0295022377277534e-01	   8.6626913730786770e-01	   5.8095268503478592e-01	   4.4998824093513889e-01	   8.3997623177605862e-01	   7.8995317190756387e-01	   6.5610134449243573e-01	   5.4594841514332038e-01	   2.8867594345523506e-01	   4.2378477399982950e-01	   4.3029076577164427e-01	   5.8598637779332829e-01	   4.1787150315159194e-01	   4.9134648812073023e-01	   5.3735722731292024e-01	   6.7011864606587934e-01	   2.0351740620754083e-01	   4.2507491172030976e-01	   5.7426307769054619e-01	   6.1124749216186203e-01	   3.0556247215640997e-01	   3.1156981262746991e-01	   6.9734110125286330e-01	   7.0045544995011544e-01	   5.8558154528282869e-01	   7.4953282296588930e-01	   8.2377219920590369e-02	  -1.2944012541939939e-01	   3.2380858826431658e-01	   3.7774673791618701e-01	   2.6463996040166193e-01	   5.2268101315957516e-01	   6.8614091012776801e-01	   5.7711148828854031e-01	   5.3986141706187873e-01	   5.4739890646479594e-01	   4.0048801680343982e-01	   2.9364810415084419e-01	   3.7945203301220104e-01	   6.3893648962965854e-01	   6.3862006767848234e-01	   7.0983518981291405e-01	   4.7983781400925429e-01	   6.1545546414008012e-01	   6.9673455421776009e-01	   4.4010030914565157e-01	   7.6046019862340219e-01	   7.2419067982690555e-01	   7.6587486990214937e-01	   6.4150333010189431e-01	   6.1730558843879546e-01	   6.8181627946106915e-01	   4.4099414302479489e-01	   5.7827197204867131e-01	   5.1174951356907661e-01	   5.3839398814048989e-01	   8.4329972217428129e-01	   3.5741938192030714e-01	   1.9959301266620055e-01	   4.9883761907596408e-01	   6.5020777196816271e-01	   4.3386929426587562e-01	   1.6394004995678557e-04	   2.4201892519697080e-01	   2.5098636944412073e-01	   6.1012747004153789e-01	  -3.9285093216083068e-02	   1.7225272715164258e-01	   1.2711295239990716e-01	   2.3761256952847332e-01	   4.5430723738435741e-01	   4.2000722384648548e-01	   5.9513733257106849e-01	   6.1422662641846992e-01	  -6.8714550819275022e-02	  -3.2301593413089952e-01	   4.2899773409437264e-01	   1.6632273680005655e-01	   4.9674585644917768e-01	   3.1761294704182341e-01	  -1.8331376716356859e-01	   2.6203308513260404e-01	   2.5342750607974124e-01	   3.3782482187255775e-01	   5.4941362456068987e-01	   6.5397517931199056e-01	   6.3799369141205298e-01	   5.2028441009074711e-01	   5.9672482442472374e-01	   1.8123424340166167e-01	
   1.3872200584458000e-01	   1.6425864451998234e-01	  -2.7155509043753501e-01	  -2.2609232478404098e-01	   8.6184307991715159e-01	   8.9079465315591100e-01	  -3.7782101999546169e-01	  -2.3073537202269995e-01	   7.6799069402442988e-01	   0.0000000000000000e+00	  -2.0628571570696658e-01	   1.1524163891095765e-02	  -5.2777941835431941e-02	  -1.3005187500834209e-01	   5.7804181113702691e-01	   8.0502747237064443e-01	   4.1327891276135997e-01	   2.3251968788332358e-01	  -1.9631620074822445e-01	   8.8395916212521380e-02	   5.3473778926360560e-01	   6.5989912386447247e-01	  -9.8636701276584166e-02	  -2.0024534619883652e-01	   6.8968672837689871e-01	   7.1856905931481840e-01	   6.4164233101515711e-01	   7.9620412630540804e-01	   1.6040813583282665e-01	   4.9343519748539191e-02	   5.7563167311091801e-01	   5.5919785930494248e-01	   4.0530072606360334e-01	   3.2376398009791368e-01	   3.2084181877134543e-01	   4.5171041189621997e-01	   4.7426481029359657e-01	   5.5722306162012614e-01	   4.5844064910828042e-01	   6.0804692598118004e-01	   6.0149623981245026e-01	   4.9459129693481618e-01	   4.2258762745066286e-01	   5.8879259986923338e-01	   7.9066726623546346e-01	   7.7988445005848550e-01	   5.0295861697422573e-01	   3.7225377649629010e-01	   7.8063153841550670e-01	   7.9966602533978692e-01	   6.7023424343246907e-01	   7.5076568058085003e-01	   3.6060827321664052e-01	  -1.1749133469772055e-01	   4.6575177147241342e-01	   5.4542070118916663e-01	   5.3354678122785770e-01	   6.7562033981906722e-01	   7.7580075350882516e-01	   6.7367039726569078e-01	   4.1796660035952365e-01	   4.5344477997122484e-01	   1.9800846516271448e-01	   2.3707330643648042e-01	   3.2892789160193564e-01	   5.8549350077829310e-01	   6.4381024699743361e-01	   6.6663308233830376e-01	   5.7203703950006046e-01	   5.1985926563705220e-01	   3.4554059581773761e-01	   1.0944035485783307e-01	   4.8063109074618138e-01	   5.1151195239564484e-01	   5.3453453156483866e-01	   3.9370949394851956e-01	   3.8184863874095631e-01	   4.4502590944826359e-01	   1.5309669383012225e-01	   2.1210791408501126e-01	   2.7829132819388075e-01	   3.2365311714611350e-01	   5.9081843054144523e-01	   1.3906758231014757e-01	   6.0072618931596530e-02	   3.8852213714211031e-01	   6.5462366838623898e-01	   4.4992780430665436e-01	   1.6503390212238891e-01	   3.5465113453787955e-01	   2.6608029984414566e-01	   3.9503488106167634e-01	   6.2832257258548865e-02	   9.6023217960352042e-02	   2.0551306539051831e-01	   7.7037340195687566e-03	   4.9721182994290891e-01	   4.7589660791012450e-01	   6.0140672124647154e-01	   5.0917608029214767e-01	   2.0574730370225602e-01	  -2.3106727652662645e-01	   5.3648434552970237e-01	   3.2208941008741315e-01	   4.3400200963328806e-01	   3.0070720210012480e-01	   9.2513769120844518e-03	   1.2981660214879542e-01	  -5.5385432428185284e-02	   4.0067665288126067e-02	   5.3078671841249292e-01	   5.1475386325677508e-01	   4.8180605401572846e-01	   5.8712197804987254e-01	   4.0940860514169697e-01	  -2.0927840549810267e-01	
   4.3452483263823016e-01	   3.7650409691913050e-01	   1.6108077968864704e-01	   1.4023445694881687e-01	  -1.8115348943785650e-01	  -1.2019577401420625e-01	   6.4354285306589920e-01	   4.8088476497391369e-01	   1.2889923643975498e-01	  -2.0628571570696658e-01	   0.0000000000000000e+00	   8.0903879584657545e-01	   7.4118355989034690e-01	   7.7290881158795899e-01	   1.2651702543735760e-01	   1.4463526368103380e-01	   6.1001660481060016e-01	   6.6298722311667213e-01	   3.1897820150297584e-01	   4.1240118706270767e-01	  -1.0810047451010052e-01	  -1.2265939945446057e-01	   1.0526062438801281e-01	   2.0566519888217821e-01	  -1.7124932850976160e-01	  -1.9178121940494969e-01	   4.4559625114246638e-02	  -1.7367338162280979e-01	   7.0460825896466317e-01	   7.6245379700565530e-01	   1.0244196237514441e-01	   1.5022898428275205e-01	   2.5794586222607069e-01	   3.8878082497482502e-01	  -2.5337413487029231e-01	  -1.8356631984700680e-01	  -3.0598192650334027e-01	  -8.9861070748014679e-02	  -3.5366728308708451e-01	  -2.5804860737645996e-01	  -2.8488278580898607e-01	   5.5702371153180372e-02	  -6.0696867070019492e-02	  -8.4855055664009388e-02	  -4.8219079864976450e-02	  -1.2989932517276542e-01	  -9.1712978198448675e-02	  -1.6915078284610247e-03	   1.6782857934257916e-01	   1.0531516725656167e-02	   1.3007937586938978e-01	   1.2476398808139032e-01	  -1.0963210039603188e-01	   1.7062586858071277e-01	  -3.1600688297039903e-01	  -2.9728417797706219e-01	   9.1540305865150384e-02	  -2.9793018211525038e-02	  -2.2401720470555173e-01	  -2.4828853520153232e-01	   4.7655031982326124e-01	   3.6222416233094012e-01	   7.1463558145612427e-01	   5.3378876207165948e-01	  -9.2055389823687411e-02	  -4.4424980871446432e-02	  -2.9058466522587639e-01	  -1.9306417163525486e-01	  -2.3968682854890866e-01	  -8.5648197670966958e-02	   4.1569913929183089e-01	   4.2667790162583041e-01	   2.4560174571345389e-01	   3.0788971687822292e-01	   2.3724927340812058e-01	   2.7773813310972895e-01	   2.1505389570846806e-01	   2.3445853965327013e-01	   7.3966014410582526e-01	   6.2800932237041152e-01	   5.7345049826267236e-01	   5.4245604311257012e-01	   6.7273997706531918e-02	   4.4551852925883806e-01	   1.0067216996938953e-01	   2.2018535172951861e-01	  -4.8491053904294695e-01	  -1.6769138588405272e-01	  -4.3674863717014278e-01	  -1.1890570564990929e-01	   8.1988533726688045e-02	   1.5943542208475661e-01	  -5.4553783947471055e-02	   2.0591564872236373e-02	  -4.1249484761490607e-01	   4.1945144392211176e-01	  -2.1245824032347799e-01	  -1.5305297105049120e-01	  -3.5506565802053039e-02	   6.1730032446313324e-02	  -3.0934034875381422e-01	  -4.6446504216906409e-02	  -1.8242292321786707e-01	  -2.3280736790177037e-01	  -9.8422303588795265e-02	  -1.3525811139203753e-01	  -4.7475990297589787e-01	  -1.9878107379402470e-02	   3.5861788026972014e-01	   4.5684961800845447e-01	  -7.2071561226439332e-02	   1.7820135879941201e-01	   2.9229491169245936e-01	  -1.3586819940385875e-01	   2.1117272971788378e-01	   5.1425929342211252e-01	
   5.8976976489905741e-01	   6.2173704358810200e-01	   1.8968589186156529e-01	   3.0338474448001207e-01	  -5.7709865806217217e-02	   3.0255902852992081e-02	   5.6895294666505070e-01	   6.1543602219991778e-01	   2.6557482763933782e-01	   1.1524163891095765e-02	   8.0903879584657545e-01	   0.0000000000000000e+00	   7.4857239560618738e-01	   9.0211441949390370e-01	   3.3890670739463546e-01	   4.4941679519769173e-01	   7.2075236566997769e-01	   7.4550341974134759e-01	   5.2505308686983421e-01	   6.7365841098771395e-01	  -6.6285253263181389e-03	   4.2863109954177608e-02	   2.3793910486922581e-01	   3.7599869635737748e-01	  -7.6155769463610926e-03	  -7.9557601905977604e-02	   2.2285665941921493e-01	   2.2284343655836723e-02	   7.9843457600061685e-01	   8.4466630136502574e-01	   3.1315361833317285e-01	   4.1200406111597682e-01	   4.8972959821939011e-01	   6.6356968400713356e-01	  -4.5679448322865829e-02	   1.2533754535556876e-01	  -2.0192945847979132e-01	   1.3307270103720409e-01	  -1.7662384131266709e-01	   1.0654173741315071e-01	  -1.6433922141515611e-01	   2.5966203410854477e-01	   9.8362660248492495e-02	   9.5770213517502839e-02	   2.5728240056471824e-01	   1.7627780957101066e-01	   1.5928956752184817e-01	   2.7164357283281343e-01	   4.2292668773663428e-01	   2.3601821050881799e-01	   3.1707805812726936e-01	   3.4648550344133772e-01	   1.2532762901108752e-01	   2.7753532499624878e-01	   8.0855631058485717e-03	   5.4167574579423963e-02	   2.9668696456190807e-01	   2.4556531738898202e-01	   7.2296545311421642e-02	   2.6022036780704735e-02	   5.6862126441417238e-01	   5.3830829323714735e-01	   8.3246614065907110e-01	   5.8988194777621894e-01	   4.2772976152798070e-02	   2.4549570115992919e-01	   4.0535951217134956e-02	   1.5333975626582416e-01	   8.0548043547374243e-02	   2.4630909578300034e-01	   5.0645558286034764e-01	   4.6396225989011364e-01	   3.2599694572015336e-01	   4.7197841526623630e-01	   3.5407862337660984e-01	   4.3011352219422061e-01	   4.3387515560082845e-01	   4.5269610305639030e-01	   7.8472457356284298e-01	   6.5410356142011306e-01	   7.5127653812570250e-01	   7.2844549522024338e-01	   2.8834690832556081e-01	   6.4997583834331851e-01	   2.9966785420977893e-01	   4.8965158383400442e-01	  -2.3822804068089931e-01	   1.9737714678961782e-01	  -1.4030456887063406e-01	   1.4361920931830494e-01	   3.7628579159290004e-01	   4.0821036281534340e-01	   1.2205638111020103e-01	   1.4995670307921707e-01	  -2.1478875626324068e-01	   3.1561157207825974e-01	   9.7956476252341163e-02	   1.1055487050057632e-01	   2.5922141334036630e-01	   3.4586549021519675e-01	  -3.2186310573783697e-02	   7.0705769800469762e-02	   1.6600744137367712e-01	   7.7850746538674659e-02	   1.6131570495273523e-01	   4.0512522648477781e-02	  -2.3008422986016838e-01	   1.2976098609072495e-01	   1.7278291621030359e-01	   3.9624359021365502e-01	   2.3058266179822187e-01	   4.2897265248366240e-01	   4.4035536303729833e-01	   7.2396511914482861e-02	   3.2869247174655919e-01	   2.4746356185457860e-01	
   5.2097492686134361e-01	   5.0147569578170381e-01	   4.6011810585122453e-01	   4.9521600996351722e-01	  -7.8678778845855210e-02	  -5.3281215164894900e-03	   6.0059094047265837e-01	   5.3406670533141576e-01	   3.2051072797904651e-01	  -5.2777941835431941e-02	   7.4118355989034690e-01	   7.4857239560618738e-01	   0.0000000000000000e+00	   7.5573140580188225e-01	   5.7769896219893124e-01	   3.5183373009781566e-01	   5.0859914903916392e-01	   5.0863285792131441e-01	   6.2656528029110414e-01	   6.2562746463402785e-01	   1.8380641930420588e-01	   1.4843089169186890e-01	   5.8227638217279898e-01	   5.6690334453345137e-01	   2.2161213584443809e-01	   7.3256647483960671e-02	   3.0032101764244890e-01	  -7.0125921181805606e-03	   6.8241238372646695e-01	   6.6012988094966918e-01	   3.6910619367482411e-01	   3.9366749005569662e-01	   5.7492318618401428e-01	   5.6450169526832861e-01	   3.5630167931294388e-01	   3.9725648215775788e-01	   4.6573183928663810e-02	   2.9739759943016103e-01	   6.6218876721518757e-02	   1.5719445263304840e-01	   7.6128635827901248e-02	   3.0058808458494940e-01	   2.6083014639977803e-01	   2.5642678037827688e-01	   1.1968338642923652e-01	   6.4612071935727627e-02	   1.6250849425626865e-01	   3.4704886567232607e-01	   1.8944955042164224e-01	   8.2100183556123391e-02	   3.6657425828384749e-01	   3.2730243279926974e-01	   6.9106488297208085e-02	   3.9727686145869801e-01	   9.1899620336039073e-02	   5.9511420596197802e-02	   4.1192145240831576e-02	   8.1315495305830321e-02	   6.4027721683923089e-04	  -2.1997981808641454e-01	   6.5984743330343421e-01	   2.2854356588616415e-01	   6.2269493464581749e-01	   2.7621843460308659e-01	   4.9628118981679492e-01	   4.4461174636285633e-01	   2.1619379217503215e-01	   2.6182606164495359e-01	  -3.8512678918344534e-02	   2.8705213190017731e-01	   4.8840154231238186e-01	   5.0034454649455873e-01	   3.5450011653446911e-01	   4.5042070533904321e-01	   4.1026745900459272e-01	   5.1134158463780199e-01	   6.4568533238479564e-01	   5.9989489914166994e-01	   6.4146474535881171e-01	   6.3065234410342774e-01	   5.7678246747548245e-01	   6.0213167802870793e-01	   4.1681521759565932e-01	   4.5916116214215075e-01	   5.6302783733291839e-01	   6.0758472364990401e-01	  -1.4838099584991210e-01	   1.9438191604608296e-01	  -2.3520510597192526e-02	   2.1391914633686629e-01	   3.4318756226691799e-01	   4.9182927314900138e-01	   2.5490048534819004e-01	   4.4994061595158552e-01	  -8.3125216301887780e-02	   2.3054671354966622e-01	   1.8453527796420199e-01	   1.2538635704207390e-01	   2.1600306091306321e-01	   3.5086951381687492e-01	  -1.6913379146808344e-01	   2.4666211873784552e-01	  -5.7992423991107371e-03	  -1.7798299156215522e-03	   2.8304842044331452e-01	   2.2867253386618278e-01	  -3.0634685377082455e-01	   1.0125683289909192e-01	   9.2882579001607846e-02	   3.4915567362151234e-01	   3.4680907262845134e-01	   4.5424257195421253e-01	   4.3566956707083493e-01	  -2.4418022707007499e-02	   5.2301127636314426e-01	   4.9484805527394954e-01	
