   0.0000000000000000e+00	  -2.7809773216027289e-02	   8.0730072072087045e-01	   4.4328042753607511e-01	  -5.2020816592001730e-02	   8.2297702855054322e-01	   8.8401674774939965e-01	   2.3481764357973711e-01	   1.2484442657507083e-01	   8.0048580754768284e-01	   7.7149842350942199e-01	   5.0710603784310937e-01	   7.0573334210020644e-01	   3.4405749479992753e-01	  -6.3300036013810596e-02	   8.4530535582431621e-01	   4.6728414020360309e-01	   4.9715135977542529e-01	   7.4324764857988335e-01	   5.1506699553459967e-01	   3.7378605342914634e-01	   7.0768188269006882e-01	   4.8344470011427088e-01	   5.9950949109131713e-01	   3.9693382188769055e-01	   6.7358911797443621e-01	   2.8325325652729771e-01	   7.3511257150732057e-01	   3.1621165549909913e-01	   4.8355093911911179e-01	   4.0382339031631043e-01	   5.4747485508942795e-01	   6.7296601088592245e-01	   5.7231858209222541e-01	   4.6167153923064386e-01	   4.9583230111890808e-01	   6.6072670623676544e-01	   7.1203950803673954e-01	   5.4921579737390469e-01	   8.0518775032179413e-01	   5.8168989684060746e-01	   6.1758263112148215e-01	   4.1853086025692865e-01	   4.9751186559999405e-01	   1.4560456410041817e-01	   3.2084747781602541e-01	   4.9309616512040688e-01	   6.1670128099097687e-01	   2.4452684512039122e-01	   1.7398908025258034e-01	   5.5956584562748879e-01	   5.9061087997074457e-01	   2.6375840096200442e-01	   8.8799677789244558e-01	   1.1294805900164888e-01	   8.4812057193835766e-01	   9.6261815642181714e-01	   5.1192128193814038e-02	   4.8480489249544251e-01	  -1.7392210952110876e-01	   6.4036101966299885e-01	  -1.1227357633278273e-01	   7.4762660928281688e-01	   2.8310126900773669e-01	   2.9903539012286307e-01	   1.5953809157075965e-01	   3.2531134554581465e-01	   4.7066782895844983e-01	   5.3126640262659142e-01	   4.9803307248998818e-01	  -6.7534914174141675e-02	   3.8845013849743226e-01	   1.5242773856322681e-01	   3.9089333607052235e-01	   4.8421368984208957e-02	   6.1488053085273831e-01	   3.1171747644562209e-01	   4.0561876182712331e-01	   2.6061101746767346e-01	   7.4691526101340044e-01	   5.8428434457826506e-01	   6.7723048419169996e-01	   4.4623192479842666e-01	   7.5693728085516920e-01	   2.5695147893103670e-01	   9.0403213566575302e-01	   1.5415251160169033e-01	   5.9232948147603937e-01	  -3.2610083175901483e-01	   8.4854052051075979e-01	   3.2750422114552702e-01	   6.1841862319567342e-01	   1.9661032305312287e-01	   7.2404163460028403e-01	   3.6065401629329130e-01	   4.5628145227843014e-01	   2.6977220829755588e-01	   8.3034926911334583e-01	   1.6968976387217738e-01	   5.5309359441105943e-01	  -1.9468354411795330e-01	   7.8051351529602242e-01	  -1.8153183410824042e-01	   6.1117639310071747e-01	   1.3300253029833337e-01	   4.4584305974799671e-01	  -1.5014843087993043e-01	   5.2585194840199467e-01	   1.6842921223215018e-01	   3.2773870532486260e-01	  -1.2010437664569504e-01	   3.5606454365180962e-01	   4.7830046341052390e-01	   2.4591706893844417e-01	  -5.3640117984521327e-02	   6.8097169535442828e-02	
  -2.7809773216027289e-02	   0.0000000000000000e+00	  -6.3812874879098425e-02	   7.3320438962311474e-01	   8.9187731213509758e-01	   1.7813314247240045e-01	  -3.1325437419807123e-01	   7.8659587712522328e-01	   7.1932343746417060e-01	   2.3763327957382208e-01	   3.6708500362960465e-02	   5.8643450883237003e-01	  -8.6205642447704442e-03	   4.9056028454928519e-01	   8.3203310188797153e-01	   1.2384930662819976e-01	   5.1675360877675258e-01	   7.0400683345232384e-01	   5.4990021412850432e-01	   7.7271519465237870e-01	   6.3645619327403702e-01	   3.2019374306510678e-01	   3.6675021981719891e-01	   3.2075166825653767e-01	   5.0646531413481055e-01	   3.3674505671315630e-01	   6.5110407574340479e-01	   4.7826802878638323e-02	   6.5969438306719630e-01	   4.0874639318054351e-01	   5.9267773063349827e-01	   4.5742593840929457e-01	   4.5916236314842873e-01	   4.3596585318420911e-01	   2.6957765841730186e-01	   4.3660972951513582e-02	   2.0311922599176974e-01	  -3.7364040396959376e-02	   4.4980655023958516e-01	   9.0076995546803748e-02	   4.7817803733298864e-01	   4.2971491317358396e-01	   5.4307800392840644e-01	   3.9610673155035547e-01	   7.0494894163370525e-01	   6.8330359177713706e-01	   6.4481773449377577e-01	   4.3595951236703995e-01	   7.0648507782756409e-01	   8.4249804983208154e-01	   5.5626258807667583e-01	   4.6551611596623094e-01	   8.1916610625412289e-01	  -2.5535292875177101e-01	   8.2372545717301393e-01	  -2.0668832389234995e-01	   8.5871128068751423e-03	   9.8189714605376821e-01	   7.3070072526790475e-01	   9.2164635583520449e-01	   5.3217845960217325e-01	   8.7140107202545325e-01	   9.8414968015834464e-02	   6.1057976696383487e-01	   4.9259718022416255e-01	   7.9962829822634141e-01	   7.9032343402809202e-01	   6.1913693450686258e-01	   7.3162760023496587e-01	   6.3537536460444211e-01	   5.7534152414255790e-01	   2.8363267074009879e-01	   7.2261893511452624e-01	   4.8362775153908050e-01	   7.1700828997333033e-01	   1.1637517840784345e-01	   2.5938129390882070e-01	  -4.6188818978347985e-02	   6.2717346548870934e-01	   2.0221789390356773e-01	   3.6575543356799045e-01	   3.6580198631302285e-01	   5.5699202501297296e-01	   2.9909513338763638e-01	   6.9642074987259228e-01	  -1.3203137018678002e-01	   6.3655458581345936e-01	   3.0954837819038544e-01	   8.9280544383951566e-01	  -4.8444015056161904e-01	   7.4477252891158274e-01	  -1.5299342671444912e-02	   6.3994793216899715e-01	  -3.9159070120536854e-01	   4.4909153694692130e-02	   2.7910921545069955e-01	   5.7150969502396043e-01	  -2.6382457925832555e-02	   7.2163173016014026e-01	   2.9074070231009391e-01	   7.6781808005772589e-01	  -2.9745477916520274e-01	   8.0159789012262461e-01	   3.7467283315621092e-01	   5.5904105933698556e-01	   2.5901419129289788e-01	   8.1256671001599590e-01	   1.7762470712544590e-01	   3.0565078642088167e-01	   7.5705783827624856e-02	   1.6962205308953843e-01	   4.9319253043475397e-01	   3.0929366431143074e-01	   1.0263638709392563e-01	   2.6014305404201007e-02	   2.1328666165839028e-01	
   8.0730072072087045e-01	  -6.3812874879098425e-02	   0.0000000000000000e+00	   4.8192716638981481e-01	  -2.8495321342689086e-02	   5.9570718473616557e-01	   8.7291793804190732e-01	   9.9553676229047441e-02	   2.1889714962077181e-01	   7.0918476451011547e-01	   5.9507013929150476e-01	   2.7498064318897242e-01	   6.8422315829941383e-01	   2.1460256326143801e-01	  -3.2216342572564179e-02	   6.9264538163905276e-01	   3.1334830401052205e-01	   2.9284578248021703e-01	   6.2935733451573328e-01	   4.0103787243161326e-01	   1.3200381850032661e-01	   3.9702565766838360e-01	   6.7066508972741934e-01	   6.9814063986858954e-01	   3.8531432125118359e-01	   5.0320299768148291e-01	   7.1206152518229579e-02	   4.4125705222240463e-01	   8.5837757947400756e-02	   2.0614243876020796e-01	   1.4910119105867659e-01	   3.1231448080334112e-01	   5.1273586258146819e-01	   3.0635178585190487e-01	   4.5978333268937954e-01	   5.0048762806887304e-01	   4.6540342314975464e-01	   4.6851513550709112e-01	   4.0785064038732677e-01	   5.3419244712484182e-01	   3.5572708852497958e-01	   3.4574643566684388e-01	   3.5319662669685703e-01	   4.8916074544611587e-01	   4.5148458113149673e-02	   1.8813878668013806e-01	   3.4695984666265667e-01	   4.5122522553144845e-01	   9.9732152985055889e-02	   9.0904671886085933e-02	   4.2813486856835481e-01	   4.9827872924224892e-01	   1.6402530749826574e-01	   8.3659406060463981e-01	   2.2292285314648809e-02	   6.8576900698738075e-01	   7.9319027557083110e-01	  -2.0668648128907501e-02	   2.8328424520910878e-01	  -2.8284683232719854e-01	   5.5735187930523267e-01	  -2.2327095560014737e-01	   5.4007530101495083e-01	   5.9377509329158924e-02	   4.2724912618422151e-01	   1.8492174481478546e-01	   2.0249887264550243e-01	   2.8659291343607252e-01	   4.8059392876749485e-01	   2.7881068668490977e-01	  -1.7543255441404609e-01	   1.7117817857217976e-01	   3.7281715700324854e-02	   1.6910193826153869e-01	  -9.6907169720603231e-02	   3.9133131427660783e-01	   8.0633061050510810e-02	   1.1875148678891315e-01	   2.1741867527233835e-02	   4.7170123452006368e-01	   2.7439924355365120e-01	   3.8158199872239473e-01	   2.1396595412229891e-01	   4.5644599035669053e-01	   1.9540661037318496e-01	   7.8242001081208945e-01	   1.4450191396895504e-01	   3.3725027658857443e-01	  -3.0690916245473782e-01	   7.5162872579354967e-01	   2.2335195875853589e-01	   7.1450740228580767e-01	   1.7141516584046074e-01	   8.2620106015377104e-01	   4.2407434997983129e-01	   1.7128371205559745e-01	   2.6577826648730268e-01	   6.9217364670371873e-01	   9.1472201507602324e-02	   4.4474513001092847e-01	  -2.7113112814790608e-01	   7.7109568965203101e-01	  -2.6453265841439366e-01	   5.2549928778888844e-01	  -1.2296640446035111e-01	   3.0969027524692483e-01	  -2.9401358951795364e-01	   4.5254969263571476e-01	   6.1853555073959482e-02	   2.9277443580946028e-01	  -9.6116818297908024e-02	   2.8702628335998093e-01	   5.2839525826271883e-01	   3.2665495560383762e-01	   1.4655025109693068e-01	   1.3436809436388281e-01	
   4.4328042753607511e-01	   7.3320438962311474e-01	   4.8192716638981481e-01	   0.0000000000000000e+00	   6.1162777151767900e-01	   4.7071149141099361e-01	   2.4775610887876340e-01	   8.4921372031277786e-01	   5.9450305694748173e-01	   6.0199403823046094e-01	   3.6013779300271531e-01	   7.3721102985347531e-01	   2.6916183050856735e-01	   6.3618936613050114e-01	   5.3253562524524745e-01	   4.7908136104833987e-01	   6.2920961459064384e-01	   7.3603521600422339e-01	   7.3476799511992841e-01	   8.0958685762728677e-01	   4.8966155305687586e-01	   5.0770262755053830e-01	   5.9236432031817321e-01	   6.8056649060365348e-01	   5.5486924923649450e-01	   5.2809883298412585e-01	   4.9349505716373870e-01	   2.7387716263763306e-01	   5.9896841929829803e-01	   5.3199037513341496e-01	   5.3448941135660766e-01	   5.7900444369191584e-01	   6.8764736571026741e-01	   6.0416485610096304e-01	   4.2815510224412778e-01	   3.4750746428304558e-01	   3.6247742347451029e-01	   2.3950214519744972e-01	   4.8689447973112210e-01	   3.7608078159174041e-01	   5.3076865892867542e-01	   5.9639779252591274e-01	   6.2667028805056291e-01	   6.0852379863924733e-01	   5.5183675919198660e-01	   6.4157997877783757e-01	   6.9029735034552853e-01	   6.0465821712853596e-01	   5.0231584369865878e-01	   6.3875367922435244e-01	   6.4754167409605523e-01	   5.5370754352735807e-01	   7.8804268507848807e-01	   2.5330795494783459e-01	   6.6792327786218542e-01	   1.9993704659545769e-01	   4.7942885494044418e-01	   7.6152849199676953e-01	   6.5009746699373827e-01	   5.6399003350939203e-01	   6.7930839568704959e-01	   6.5497830803103552e-01	   4.6254909919203169e-01	   5.9761133337777184e-01	   5.4739201635600554e-01	   7.2186429275155095e-01	   6.8618478984061548e-01	   6.4589059257057824e-01	   8.2149896213968288e-01	   6.9429185129548421e-01	   3.3604115564819881e-01	   3.1524310242623499e-01	   6.3783508503805941e-01	   5.2377603364933789e-01	   5.3523975457958683e-01	   3.2994417247346397e-01	   2.7963604742489812e-01	   8.2591338936915837e-02	   5.9253257444534291e-01	   4.3509944897391245e-01	   5.1743290536342323e-01	   6.0125778697845711e-01	   5.0255803972486701e-01	   5.3693406704926150e-01	   6.7951807829962796e-01	   3.8437025227146687e-01	   5.1371110013432886e-01	   3.2253032160963579e-01	   5.3123122026818825e-01	   2.9520407250295186e-02	   7.2112907632631806e-01	   2.4853273103479734e-01	   6.8670617289664770e-01	   1.2375934285796317e-01	   3.1487868834421956e-01	   3.7462979988262951e-01	   6.0278844967439260e-01	   3.8558539023691019e-01	   6.0567703556096308e-01	   4.5527014079861716e-01	   4.8114732899607404e-01	   2.2542037271711216e-01	   4.5733210949209541e-01	   5.5491244789985239e-01	   3.6717019419056451e-01	   3.4101965624920683e-01	   4.3786681243551695e-01	   3.8694209818012504e-01	   2.4101697348783535e-01	   2.0152411700462819e-01	  -1.5887710065467298e-02	   4.7526808873692361e-01	   5.6912311953795192e-01	   3.2729864278205767e-01	   6.6212937196367019e-02	   1.9909020825926854e-01	
  -5.2020816592001730e-02	   8.9187731213509758e-01	  -2.8495321342689086e-02	   6.1162777151767900e-01	   0.0000000000000000e+00	   2.1083827190472992e-01	  -3.0174707849227178e-01	   6.6107066430214656e-01	   8.3646857267187047e-01	   3.2363607517162302e-01	   5.0012769475282826e-02	   4.9081390284616544e-01	   5.0253045310900413e-02	   3.8292696241660462e-01	   9.0676056032122010e-01	   1.1805726469140471e-01	   4.3564631263164810e-01	   5.9077948912575506e-01	   4.8165363778030240e-01	   6.4368392699357446e-01	   6.6059510691437917e-01	   2.7957558332235305e-01	   4.2854051445737157e-01	   3.1400577655258710e-01	   5.4189154481013735e-01	   3.3809922968597672e-01	   7.1740726232345231e-01	   1.0407086271943375e-01	   5.8924326766201451e-01	   2.9298880738937061e-01	   5.6013128442251159e-01	   4.1110026756309254e-01	   3.8422479617191857e-01	   2.9192851331871833e-01	   2.4325195800624871e-01	  -9.8901890926100466e-02	   1.8542711368197268e-01	  -1.0095481870219022e-01	   3.8783124444677219e-01	   4.3844841075403762e-02	   3.7532978349743584e-01	   2.8787190299956134e-01	   5.8381126262999405e-01	   4.7020382272524797e-01	   6.6814006611566901e-01	   6.7079226135793801e-01	   6.4540663983689228e-01	   4.7733503182333115e-01	   7.3048335909598339e-01	   8.5653754655412739e-01	   6.0475014131908555e-01	   5.4786995026737983e-01	   7.7041881422771152e-01	  -2.1042378706057102e-01	   7.3732399353545475e-01	  -2.2111397013405265e-01	  -2.7468270008709109e-02	   8.7604599795314031e-01	   6.7018316254868870e-01	   8.4355621981636275e-01	   5.0282067577858414e-01	   7.4361757674034523e-01	   9.9229761064507260e-02	   4.4777511180214175e-01	   5.5759682972532143e-01	   7.9866779613802574e-01	   7.2323696735608656e-01	   5.2241737923089016e-01	   6.5693373239432884e-01	   5.2323400789007868e-01	   6.2027565106313465e-01	   2.8228556841098229e-01	   6.7589767213143115e-01	   3.5603747452115297e-01	   6.3061178195368162e-01	  -3.8445909807888673e-02	   1.4241569272007112e-01	  -1.7559690417589621e-01	   5.4761082117742099e-01	   1.5313776372774471e-01	   3.2581287374084772e-01	   2.9900816052629997e-01	   5.4433776320595251e-01	   2.3729138351278728e-01	   7.4843409215592860e-01	  -8.5882495461515995e-02	   5.2715198902421179e-01	   3.6938314907293579e-01	   8.1354784833872962e-01	  -4.4432331663776786e-01	   6.3802426856506977e-01	   6.0226792202706686e-02	   4.4507879191273636e-01	  -3.8519127045137813e-01	  -3.8462483124219508e-02	   1.1944907595050400e-01	   4.9453304876139331e-01	  -5.6860219702546767e-02	   5.8615623684991047e-01	   2.1468078489511797e-01	   6.0383843755577682e-01	  -3.1682992573225188e-01	   7.1174531227641769e-01	   3.2794047914079683e-01	   5.1565094651101229e-01	   2.2775519179948725e-01	   7.0767729860540562e-01	   9.9669795495833546e-02	   1.9154739758624090e-01	  -9.6372217994602854e-04	   1.3925795514000203e-01	   4.3375496167112093e-01	   1.9201148422529446e-01	  -4.8214556596087185e-02	  -7.6195192941186193e-02	   8.2851846365828083e-02	
   8.2297702855054322e-01	   1.7813314247240045e-01	   5.9570718473616557e-01	   4.7071149141099361e-01	   2.1083827190472992e-01	   0.0000000000000000e+00	   6.8781642190215453e-01	   3.5838524167021851e-01	   3.5535290384340057e-01	   8.8932351666653275e-01	   5.7535602757311577e-01	   5.4455657975748950e-01	   5.3288027571426599e-01	   3.8269682715947562e-01	   1.7927049956769828e-01	   8.6964925430224382e-01	   6.2623292588069213e-01	   6.3715386411882624e-01	   7.6176754212264153e-01	   6.3099133725775447e-01	   5.8466824295112096e-01	   7.8375353063466147e-01	   5.5516560111136393e-01	   6.6296956509582383e-01	   5.9289798136771577e-01	   8.2242343513929705e-01	   5.5909655744634157e-01	   8.7924372599700773e-01	   4.5602213623696874e-01	   5.8135333341374795e-01	   6.1818207831428107e-01	   6.7651234953211947e-01	   7.6329523630910900e-01	   6.8136313890679001e-01	   5.2174657132902102e-01	   4.4728935582669138e-01	   6.3959100339818220e-01	   6.4414267480081555e-01	   5.5021058792152211e-01	   8.2387756872264628e-01	   6.0276935366537621e-01	   7.0066251646024225e-01	   5.1251442902179722e-01	   5.6569703269777860e-01	   3.6173071033106391e-01	   5.2684451467970272e-01	   6.4772005476217276e-01	   7.7023023769688004e-01	   4.7133016330005484e-01	   3.8961611412397124e-01	   6.9148651891690616e-01	   6.9742208982188614e-01	   4.3117489860705238e-01	   7.6687231434283532e-01	   2.8036184837719003e-01	   7.4284653424404379e-01	   8.4912932164459010e-01	   2.1283324462951145e-01	   5.0990326800915364e-01	   1.5358824155876491e-02	   5.8895785215325125e-01	   4.9809902940080426e-02	   7.7807368217070005e-01	   4.1776300683542622e-01	   3.1416418913697824e-01	   2.7319773543875736e-01	   4.7322048672409844e-01	   6.1479576477482534e-01	   5.9763559115927634e-01	   5.8835761205638448e-01	   1.8764263860594105e-01	   5.2318708139224701e-01	   3.3069481385547533e-01	   5.1867416317303183e-01	   2.3829727342500734e-01	   5.3739838975150722e-01	   3.5271623033579225e-01	   4.1258610619526148e-01	   4.4275647355290515e-01	   7.7029828025136327e-01	   7.3351965957055321e-01	   7.4312219099977495e-01	   5.8622014011907764e-01	   8.3027841860234641e-01	   3.7757274425523241e-01	   7.8270950491443603e-01	   3.3508323185161182e-01	   7.1997975622561761e-01	  -1.4215014338904214e-01	   6.2407310692667461e-01	   4.2667640048272037e-01	   5.4288683304055674e-01	   2.6638175317330076e-01	   5.0300384858685065e-01	   1.3533139081016377e-01	   4.7997737956014414e-01	   2.5993757184359956e-01	   7.4799407969083287e-01	   3.0010099166534893e-01	   5.9710327530434892e-01	  -1.6228164031632908e-02	   5.8690249695217156e-01	   1.0131600730886705e-02	   5.8185455601095948e-01	   3.1241357296671596e-01	   4.6743917569806792e-01	   4.0826689561034593e-02	   3.1389849421212079e-01	   2.3711784115926293e-01	   3.0371757035469349e-01	  -3.8467507429245422e-02	   4.6508079193976637e-01	   4.7001828318922390e-01	   2.4410738868287896e-01	   6.9109486785188523e-03	   1.5579578492894786e-01	
   8.8401674774939965e-01	  -3.1325437419807123e-01	   8.7291793804190732e-01	   2.4775610887876340e-01	  -3.0174707849227178e-01	   6.8781642190215453e-01	   0.0000000000000000e+00	   2.1790393628979249e-02	  -1.6501075484434462e-02	   6.8096778860746143e-01	   6.8707492150383320e-01	   2.6500823059182421e-01	   7.1431484719116112e-01	   1.7120645334408208e-01	  -2.4633504374799664e-01	   7.5188256872243486e-01	   2.8766855165670924e-01	   2.4793335179694337e-01	   5.1464765051671546e-01	   2.8671453287053383e-01	   9.8476014025351014e-02	   5.1833538328140238e-01	   3.8442761515618196e-01	   4.7235892840036470e-01	   2.0369172568651681e-01	   5.0274422704757327e-01	  -1.3335192226528561e-02	   6.2340814375226994e-01	   1.1011183570596186e-01	   3.3550658369432945e-01	   1.7903076608466945e-01	   3.3904811757952513e-01	   4.8418865905347808e-01	   3.9684717617602960e-01	   3.1119052680825832e-01	   4.4990190999551716e-01	   4.8410841714338315e-01	   6.0962436232615014e-01	   3.2201326158025184e-01	   6.7141170828543317e-01	   3.4914661611754894e-01	   4.1946727956640933e-01	   2.3114066498731067e-01	   3.5801426237517792e-01	  -8.5196491310289266e-02	   7.1949592162596110e-02	   2.5140030348695458e-01	   4.2250223664435760e-01	  -5.1314865948726959e-02	  -1.3354545863388848e-01	   2.7778608793965653e-01	   3.5053773855550269e-01	  -1.7240801421567538e-02	   9.2002518497954333e-01	  -1.7371034515051775e-01	   8.2897933653005718e-01	   8.6603504608558457e-01	  -2.4811458354887561e-01	   1.7339741403654949e-01	  -4.5024025771172577e-01	   4.8664955473182048e-01	  -3.4511074885942711e-01	   6.8683628881144676e-01	   1.3062868564982430e-01	   9.2575416074516609e-02	  -1.1197591453578933e-01	   2.8438297668324265e-02	   2.2230858012274252e-01	   3.0672175388025591e-01	   2.8012776399275885e-01	  -2.2124917118819951e-01	   2.6023575068406096e-01	  -9.7092152216788741e-02	   1.9310765034204483e-01	  -1.6797990972011106e-01	   5.5821289695779397e-01	   1.5119739875738800e-01	   3.2990395439675352e-01	   1.9006896410654978e-02	   6.0446035282460275e-01	   3.7212536442749339e-01	   4.9775390423409860e-01	   2.6576850347035330e-01	   5.6827547573499992e-01	  -4.6406609888753780e-02	   8.4702934579424938e-01	  -6.1447004993358326e-02	   3.2127981517273063e-01	  -5.7937673150972802e-01	   9.2045211345123890e-01	   9.1424925628983938e-02	   6.3656838901417445e-01	   2.3084848118457509e-02	   8.6301641277749375e-01	   4.4528349380874904e-01	   3.5013342620187954e-01	   1.2501861514958817e-01	   8.0088035249215017e-01	  -1.2954511186053085e-02	   4.5770250451944128e-01	  -3.6791117018758579e-01	   8.7853226037810683e-01	  -3.8740016936755112e-01	   4.8722522879072150e-01	  -1.5346841938349978e-01	   2.9192155365261729e-01	  -4.0277555665985032e-01	   4.2661906770427221e-01	   1.6105100840039582e-01	   4.0402481020068770e-01	  -1.4250995747654080e-01	   2.3320532572884417e-01	   4.2961012669989213e-01	   2.5599542077535509e-01	   5.9149511118658210e-02	   2.0753696898109502e-02	
   2.3481764357973711e-01	   7.8659587712522328e-01	   9.9553676229047441e-02	   8.4921372031277786e-01	   6.6107066430214656e-01	   3.5838524167021851e-01	   2.1790393628979249e-02	   0.0000000000000000e+00	   5.8913559593410147e-01	   4.2505923842915194e-01	   3.3742114597605932e-01	   8.1972790898759351e-01	   1.6580549488930921e-01	   7.1960931801434991e-01	   6.3701702300761465e-01	   3.2466238660254537e-01	   6.1550779778442921e-01	   7.6098781811071414e-01	   5.5557826171191205e-01	   7.7279476188866414e-01	   5.4734521614463494e-01	   5.2551249172619408e-01	   2.4645968174998631e-01	   3.2377586363817434e-01	   3.7694018286065240e-01	   4.1024927248364723e-01	   5.0613755208522782e-01	   2.2435626000363953e-01	   7.7560335915349088e-01	   6.9540588371892875e-01	   6.6242473493439658e-01	   6.1300134203042933e-01	   6.1655315293313406e-01	   6.9195506897424397e-01	   1.3783973096625882e-01	   3.5064554621021801e-02	   2.1530765365914670e-01	   1.2357343963020784e-01	   3.0736101587825243e-01	   2.4860297882111587e-01	   4.7142072831145843e-01	   6.0050839121085509e-01	   5.5909428340378220e-01	   4.6332567312158546e-01	   6.1441949777449345e-01	   6.5578672265530624e-01	   6.4657332018373981e-01	   5.2526601539989071e-01	   5.2567468483028890e-01	   6.2226004982651273e-01	   5.2937563379196195e-01	   3.7187976334583916e-01	   7.7205377890461668e-01	  -2.3570001217455047e-02	   6.3567994648444814e-01	  -6.8364170934774714e-03	   2.7150318349507735e-01	   8.1611459022289234e-01	   6.2699990821090901e-01	   7.3651116014240570e-01	   6.3278582105903747e-01	   8.6033822853639297e-01	   4.3490929921567212e-01	   7.9581947526647423e-01	   2.3827709762507687e-01	   6.0226918860045242e-01	   6.0776116952091197e-01	   5.5649770325607273e-01	   6.8706907994942468e-01	   7.5455014963737099e-01	   5.3880493551964748e-01	   4.1642851341800613e-01	   7.2029449385328759e-01	   6.1231856462348122e-01	   7.1556324964046758e-01	   3.8175086891688925e-01	   3.1301582811040818e-01	   1.3078232926809616e-01	   7.1217817500432545e-01	   4.1727395415681945e-01	   5.5465575391772037e-01	   6.3966103143305897e-01	   5.9490996855310851e-01	   5.2451038381388482e-01	   5.9096476398696218e-01	   1.1310343272529039e-01	   3.6530964964864032e-01	   1.7327669137760873e-01	   6.0039468865051004e-01	  -2.1811881854878012e-01	   7.0848610598437123e-01	  -4.7844201745915374e-02	   6.2930797596561261e-01	  -2.1257443391808423e-01	   2.9538680904347503e-01	   4.8352472371917710e-01	   5.2088569975470866e-01	   2.0574878628887477e-01	   6.3418102132810250e-01	   3.6090555774827471e-01	   6.3823481069034194e-01	  -9.1517626656889405e-03	   6.0691059562721883e-01	   4.1208653865674805e-01	   4.9151747962184511e-01	   2.5327004377841511e-01	   6.0693994329458123e-01	   2.3972422321661224e-01	   3.8502748830477512e-01	   2.4335919744007817e-01	  -3.2277330157336845e-02	   4.3986073772580386e-01	   3.7748736719583692e-01	   1.0514928896471736e-01	  -1.3375663933303228e-01	   4.4753343756809109e-03	
   1.2484442657507083e-01	   7.1932343746417060e-01	   2.1889714962077181e-01	   5.9450305694748173e-01	   8.3646857267187047e-01	   3.5535290384340057e-01	  -1.6501075484434462e-02	   5.8913559593410147e-01	   0.0000000000000000e+00	   5.0617539277007861e-01	   2.0285904956585929e-01	   5.6779425897795588e-01	   3.1729395625794787e-01	   5.2047173868327046e-01	   9.0384888596258794e-01	   3.6701953396532339e-01	   3.8929122103617309e-01	   5.8470685253884636e-01	   5.6485770702771476e-01	   6.7360779671357662e-01	   5.9970139886259521e-01	   3.1475643088592514e-01	   5.4646812399282951e-01	   4.1417686996810699e-01	   4.9915636294504762e-01	   3.4742790625508341e-01	   5.4352190160414549e-01	   1.9061398675237454e-01	   5.4335461526003348e-01	   3.5424517403653000e-01	   5.4808080594452113e-01	   4.2944996361575505e-01	   4.4584866715812388e-01	   3.1515538553527050e-01	   2.0359283391107735e-01	  -1.0479567120525266e-01	   3.1348622912005053e-01	  -1.3605880258837313e-02	   3.9175406264375096e-01	   1.6336421521889946e-01	   3.8734702136792687e-01	   3.3925283265743711e-01	   5.3000800320084829e-01	   4.3050628094061189e-01	   5.6345201712661708e-01	   5.8902358531384458e-01	   6.3358947249992759e-01	   4.7139467393255824e-01	   7.4679497794832495e-01	   7.7611773562508912e-01	   6.7192822622835013e-01	   6.2971162124006907e-01	   6.7564346234355643e-01	   3.1737924962026959e-02	   6.0910509026292803e-01	   1.6100749703281601e-02	   1.2302122569541601e-01	   6.7978498045657698e-01	   6.3572497500906544e-01	   6.3960784202757581e-01	   6.2151865191295819e-01	   5.7790374285724100e-01	   1.7203762308402487e-01	   4.0449838578546565e-01	   5.6186313597078641e-01	   6.9539546914587702e-01	   5.7729226800886524e-01	   3.8988287994836163e-01	   5.8507715198029342e-01	   4.6918340379970280e-01	   5.7444881420322869e-01	   3.9814648927181284e-01	   6.2959158967659012e-01	   4.3709038269194417e-01	   5.4910671398342847e-01	   1.1157280685279605e-01	   1.9708635346991960e-01	  -6.4341425943831257e-02	   4.1505183566294945e-01	   2.7847049342998664e-01	   2.6759765394894436e-01	   3.1424583234338288e-01	   5.6572378506932675e-01	   3.6669511782212816e-01	   6.0339359285532068e-01	   7.4115097110828879e-02	   4.8267889186076302e-01	   3.7701817692643058e-01	   5.6187885286120487e-01	  -2.0501367408433974e-01	   5.7726644519281300e-01	   2.2494520010072089e-01	   3.8174924208346717e-01	  -1.4895400924476684e-01	   6.1281127831005790e-02	   2.5309396942734913e-01	   4.9413054737930467e-01	   1.8387049968138869e-01	   5.1133547922479550e-01	   2.8418849244084443e-01	   3.7183837663473607e-01	  -1.7294352296327181e-01	   4.6705937756211630e-01	   2.8598858450169284e-01	   3.7941279624755192e-01	   2.2245652878169347e-01	   5.2512487664048835e-01	   1.0310548124889252e-01	   2.1501292605422534e-01	   9.5154460269921373e-02	   3.7055394948829014e-02	   3.9023294005036174e-01	   2.0623078273094736e-01	   3.0756517937953528e-02	   1.2228483630868356e-01	   2.2554305840120381e-01	
   8.0048580754768284e-01	   2.3763327957382208e-01	   7.0918476451011547e-01	   6.0199403823046094e-01	   3.2363607517162302e-01	   8.8932351666653275e-01	   6.8096778860746143e-01	   4.2505923842915194e-01	   5.0617539277007861e-01	   0.0000000000000000e+00	   6.4463481458057692e-01	   6.6146257779306405e-01	   6.0395698133975517e-01	   4.9821094063124249e-01	   2.9125000234436066e-01	   8.6470631100017548e-01	   6.2764742881295699e-01	   6.0890990221104357e-01	   8.1852571155408294e-01	   6.5758059596186014e-01	   5.1065571279879240e-01	   6.8620518923255980e-01	   6.6508522559832239e-01	   7.2191700296494332e-01	   5.7643171364607215e-01	   7.0748933819284532e-01	   4.7455620328883164e-01	   6.9718827031778630e-01	   4.8720627924071092e-01	   5.3582131830855251e-01	   5.7520293549274559e-01	   6.4092790890805751e-01	   7.4109084352460342e-01	   5.9587851627849719e-01	   4.8406897155293638e-01	   3.7592030196370169e-01	   6.7378896848837255e-01	   5.9527963325083322e-01	   6.2086541047431476e-01	   7.8440451077161377e-01	   6.0047147179917049e-01	   6.6120721259130510e-01	   5.1181705882304851e-01	   5.8064911401408692e-01	   2.9586515578346945e-01	   4.7674552726300601e-01	   6.3273875860182482e-01	   7.2638939026787464e-01	   4.5964389413123918e-01	   4.5618104541615273e-01	   7.2841554026822353e-01	   7.8096651735923284e-01	   4.7754242748352815e-01	   7.2782839351114204e-01	   3.6220673888987109e-01	   6.9904477359841100e-01	   8.2134512150631378e-01	   2.8182969496759680e-01	   5.7657890085298902e-01	   1.0783681524328065e-01	   7.0611546537418990e-01	   1.4496137123991054e-01	   7.3858688055237109e-01	   3.7904698596712305e-01	   4.7650986220396413e-01	   4.5635272719387143e-01	   4.8199153212473816e-01	   5.6284673907612559e-01	   6.3523221165323251e-01	   5.6905087617584049e-01	   2.7102907568470480e-01	   4.7731620987690215e-01	   4.0911360200452163e-01	   4.7692538291907249e-01	   2.6749822710190346e-01	   4.3213018172688844e-01	   3.2451532420588552e-01	   3.2233460246481810e-01	   4.2829065385176712e-01	   6.6254166716023521e-01	   6.4190577437311680e-01	   6.7129494523633781e-01	   5.5853336182467139e-01	   7.6649079898980510e-01	   4.5592339687910416e-01	   7.9977891760164899e-01	   2.9998802433940969e-01	   6.2070045815947661e-01	  -4.3148473319837739e-02	   5.8745897867136498e-01	   4.6618967758053065e-01	   5.6316835518725283e-01	   3.1817676762657049e-01	   4.9563685198303342e-01	   2.1567336820163327e-01	   4.6322739061974827e-01	   4.1006958810343208e-01	   7.6629086036737970e-01	   3.4723994672653091e-01	   5.4899246648112354e-01	  -1.6001878988693031e-02	   5.6958664616343879e-01	   6.5827325763084962e-02	   6.2743173649095463e-01	   3.5485183942558191e-01	   5.4307148169676212e-01	   6.9488751992371450e-02	   3.7824514360302974e-01	   1.6113710824338839e-01	   2.4276025742654506e-01	  -3.1700077856630466e-03	   4.9027163887344316e-01	   4.8537195840693081e-01	   2.0550692805395965e-01	   5.5683175598228669e-02	   2.1995058737081610e-01	
   7.7149842350942199e-01	   3.6708500362960465e-02	   5.9507013929150476e-01	   3.6013779300271531e-01	   5.0012769475282826e-02	   5.7535602757311577e-01	   6.8707492150383320e-01	   3.3742114597605932e-01	   2.0285904956585929e-01	   6.4463481458057692e-01	   0.0000000000000000e+00	   6.2459990882370864e-01	   8.7905688500368206e-01	   5.5070832246676893e-01	   1.2326613184488550e-01	   6.1403467502194076e-01	   3.3259348838856090e-01	   4.5544754722542335e-01	   5.4296518740681321e-01	   4.3002787984809121e-01	   2.4094479883214412e-01	   4.7324825333975917e-01	   2.1918892697131967e-01	   2.2303748668541756e-01	   7.4102776534234333e-02	   3.5004069853534725e-01	   1.5949509423229066e-01	   4.7720466039189635e-01	   3.9964980737738565e-01	   4.1083272587279368e-01	   3.3754194026673762e-01	   3.9243033144190592e-01	   4.4653847113789458e-01	   4.2023815982992690e-01	   1.0766028939891784e-01	   2.1941235178842761e-01	   5.6898018165167985e-01	   6.2138969413125111e-01	   5.2540791945187093e-01	   5.8349798461157820e-01	   4.8326968220908750e-01	   4.9274975795870535e-01	   3.0864910085566916e-01	   2.9487657454116450e-01	   3.8266945007684496e-02	   1.7779716475286800e-01	   4.0329472112945841e-01	   4.2817297989818615e-01	   1.4226390820739351e-01	   1.3358446154333392e-01	   3.3475852516352672e-01	   4.2383256895152299e-01	   2.3809141224109920e-01	   6.3450574137699278e-01	   1.6753492397458711e-01	   6.5392763440367951e-01	   6.6525197787049883e-01	   1.0528130870963975e-01	   4.7200774405719215e-01	  -2.1359116643615936e-02	   6.5173189631165496e-01	   3.2977473269048693e-02	   5.5352555726470565e-01	   2.8912803016882044e-01	   1.2081772879607958e-01	   9.1198395532589030e-02	   1.8557427084725847e-01	   2.6319777344589879e-01	   3.5737862284164157e-01	   4.4286662130006599e-01	   6.1379102333203567e-02	   3.5053300291159906e-01	   1.3297441383401018e-01	   2.4597207653445716e-01	   1.7985185691073813e-01	   5.8373374936142863e-01	   2.9370995208564354e-01	   3.4976710680564027e-01	   1.9972748502969323e-01	   5.0472429877622038e-01	   4.0726705340450425e-01	   4.9591566820363220e-01	   5.1698614901640805e-01	   5.3553622756400010e-01	   2.2566076165613036e-01	   6.0320319056774374e-01	   1.0713256580538379e-02	   3.3794007994319708e-01	  -1.7720873224882236e-01	   6.1839588088678465e-01	   3.0513308080717572e-01	   4.8527945145200063e-01	   1.6284685561185480e-01	   4.9811369267985545e-01	   5.5291809880447151e-01	   4.9363739086768110e-01	   3.4689979213594291e-01	   6.4894060806857379e-01	   2.4927227849022132e-01	   5.0457633592060125e-01	  -2.2441111480824429e-02	   6.0404948613102094e-01	  -2.6084600650182581e-02	   5.0258185424748025e-01	   1.1149889308038144e-01	   2.9145905862841415e-01	  -1.1066642359721038e-01	   4.3208188925118451e-01	   3.6606608609108354e-01	   3.3321095422894170e-01	   5.9467230363906817e-02	   3.9256834874523155e-01	   4.3204359863393471e-01	   8.7081329540180719e-02	  -1.7447116988411562e-01	  -1.4822195477736251e-02	
   5.0710603784310937e-01	   5.8643450883237003e-01	   2.7498064318897242e-01	   7.3721102985347531e-01	   4.9081390284616544e-01	   5.4455657975748950e-01	   2.6500823059182421e-01	   8.1972790898759351e-01	   5.6779425897795588e-01	   6.6146257779306405e-01	   6.2459990882370864e-01	   0.0000000000000000e+00	   4.5711407576815899e-01	   8.7835636136582662e-01	   5.4145360882647520e-01	   6.2197256783737154e-01	   5.5775134647404601e-01	   7.7773757900357277e-01	   6.8982751712680912e-01	   7.6344115557436965e-01	   5.3151661283669183e-01	   6.2116225727165442e-01	   2.8473820361574570e-01	   3.7930989955672800e-01	   3.3272160674505813e-01	   4.4731131548980019e-01	   4.0408602879315592e-01	   3.7881106468740511e-01	   7.5625175374119391e-01	   7.2198009785076123e-01	   6.7689917619800688e-01	   6.5729667191132302e-01	   6.5640675432970297e-01	   6.7560437179096144e-01	   1.7255577968558458e-01	   5.4667265761608179e-02	   4.6107156880118905e-01	   3.9025701173525656e-01	   4.7551928784734632e-01	   5.1195498904417147e-01	   5.5002514739431041e-01	   6.7330890923783471e-01	   4.7172120206326451e-01	   3.9046949970284506e-01	   4.5320383983463730e-01	   5.4791580743012780e-01	   5.9718673341272310e-01	   5.0079442761928139e-01	   5.2592751724042985e-01	   5.8793060346608406e-01	   6.2331627440286019e-01	   5.6247629108615604e-01	   6.4813372946914161e-01	   2.4023570979478698e-01	   5.7052796372775050e-01	   3.3447241622741497e-01	   4.8498753874223643e-01	   6.2963958014349930e-01	   7.3591489999828896e-01	   5.5866921022587990e-01	   7.5823308260136280e-01	   6.6458519758484602e-01	   5.2093954133856446e-01	   6.7559846785883848e-01	   3.0341684513199657e-01	   5.7587980723864485e-01	   5.6060676903790763e-01	   5.3212769680026351e-01	   6.1649425713224049e-01	   7.2150214529843426e-01	   5.0664861768736258e-01	   5.3954788529050535e-01	   6.4017817227662488e-01	   6.4108450437150655e-01	   6.2228509953909716e-01	   5.4129468510922485e-01	   4.0592972394686178e-01	   2.9992915316191016e-01	   5.6579940017553398e-01	   5.5632655609642545e-01	   5.6851997664106313e-01	   6.7974794669129401e-01	   6.5035569707750507e-01	   7.1446902845151328e-01	   5.0890698577273497e-01	   3.7991591169887801e-01	   2.6803495970046998e-01	   3.8122746557658727e-01	   3.5147280783149992e-01	   1.2717638715597396e-01	   6.5559363917188995e-01	   1.5424688546022602e-01	   5.2912264669508324e-01	   1.7549311036064153e-02	   3.3703809799475554e-01	   6.5830187020572573e-01	   5.4268581734566457e-01	   4.9825468235412301e-01	   5.4733880710586302e-01	   4.4755993258438875e-01	   3.9679196572122261e-01	   1.7647336860387483e-01	   3.9884894418748318e-01	   4.6275614676346188e-01	   4.8213372984752956e-01	   3.3917092987917175e-01	   4.1401510221672311e-01	   3.2404665280883926e-01	   2.9143159712209776e-01	   2.3568600236669218e-01	  -1.3282742474925113e-01	   4.2555769864849313e-01	   3.3294188200735225e-01	   9.1807829489342463e-02	  -1.0216622834969151e-01	   1.4041752589620465e-01	
   7.0573334210020644e-01	  -8.6205642447704442e-03	   6.8422315829941383e-01	   2.6916183050856735e-01	   5.0253045310900413e-02	   5.3288027571426599e-01	   7.1431484719116112e-01	   1.6580549488930921e-01	   3.1729395625794787e-01	   6.0395698133975517e-01	   8.7905688500368206e-01	   4.5711407576815899e-01	   0.0000000000000000e+00	   4.4919264432007511e-01	   1.9471553278558190e-01	   6.3995003516462323e-01	   1.5847215003018722e-01	   3.2047050712282654e-01	   5.2200506218217813e-01	   3.9236730893189331e-01	   1.6117675016416466e-01	   4.2004645765331194e-01	   3.3552323299576098e-01	   2.7355748545020009e-01	   1.5643682913739537e-01	   3.4960576920049680e-01	   7.5452148785321374e-02	   4.0840736467912797e-01	   2.4063018034008199e-01	   2.5668090180835662e-01	   2.8363657014252047e-01	   3.2982714286469089e-01	   4.0827197247737601e-01	   3.1478157944809415e-01	   1.5386589503785814e-01	   2.0679722130050848e-01	   5.2509980406842049e-01	   5.3098852235790339e-01	   5.1427474608270896e-01	   5.1830068685410025e-01	   3.8618742164577613e-01	   3.8888692930812885e-01	   3.0298175687626155e-01	   2.8003017977392219e-01	   3.7310875692329437e-02	   1.5355630459786321e-01	   3.7585315054946966e-01	   3.7267086238701030e-01	   1.9807251616367727e-01	   1.5520470956430876e-01	   3.2200046043127717e-01	   4.3784950263981037e-01	   1.5384455411931616e-01	   6.7175261089509286e-01	   9.8477510646913763e-02	   6.4706447748457152e-01	   5.9009297773030223e-01	   1.9248166180611301e-02	   4.4177866953371142e-01	  -9.3802013615190860e-02	   6.7179277847400087e-01	  -8.8996151833855452e-02	   3.6925580594153173e-01	   1.0592576109295160e-01	   2.2515825782458671e-01	   9.7221720904011044e-02	   1.5838757204892512e-01	   1.8082527561852002e-01	   3.2923764558886148e-01	   3.0935101970970968e-01	  -1.1386263223884259e-02	   2.6063720865996953e-01	   3.2721423593936448e-02	   1.9211443068035686e-01	   5.7318229895816260e-02	   5.5110563445203242e-01	   2.3397152175451058e-01	   2.5089095075143841e-01	  -1.3487547408892478e-02	   4.2676881473709039e-01	   2.3169371106418818e-01	   3.3526927295138031e-01	   4.6393378592558276e-01	   4.5760924883606685e-01	   1.5204418992532037e-01	   5.7646278953972230e-01	   2.8544096228989301e-02	   3.1477753246767037e-01	  -2.4527869656884216e-01	   6.3367945661857761e-01	   2.1800338087472021e-01	   5.8378384809985384e-01	   5.8842884775535245e-02	   5.5144462471701339e-01	   4.4106182333882477e-01	   3.8716897621055196e-01	   2.6018339995616302e-01	   6.2414963811919166e-01	   1.4636628731193185e-01	   4.4329710755755181e-01	  -1.6682281257167320e-01	   5.5412420499486059e-01	  -1.6404553181550735e-01	   4.1549248229085045e-01	  -7.6847713574337024e-03	   2.7060766725154894e-01	  -1.4819169968784568e-01	   4.4291983443842853e-01	   3.4810722013009415e-01	   3.3310017626624527e-01	   3.4152074463383142e-02	   3.4413084597285881e-01	   3.5839741633347555e-01	   8.6404573665667395e-02	  -6.7531270067226368e-02	  -2.1320820274356648e-03	
