   0.0000000000000000e+00	   6.1438782491912924e-01	   7.4956783058362431e-01	   5.5950854129521643e-01	   4.0142057402373366e-01	   1.3299552991729763e-01	   7.0606276856946670e-01	   5.9262985406480839e-01	   4.6101313199356730e-01	   3.5657178110146537e-01	   7.3377741562965371e-01	   2.3866999925073187e-01	   7.1936582294597806e-01	   4.8521833987039542e-01	   5.8992849311281947e-01	   4.9173084884805646e-01	   5.1278662404886699e-01	   3.6909318394664842e-01	   7.7457957977840830e-01	   6.9388096354746720e-01	   6.7651390534292544e-01	   4.6286945749666952e-01	   7.4820328539715508e-01	   5.6093572288930404e-01	   3.3392063917975534e-01	   1.6100162898920409e-01	   1.2150433449181415e-01	   9.4890957080091945e-02	   7.2607995989696350e-01	   2.8696694401296469e-01	   4.7964849987887725e-01	   4.2418825416061479e-01	   6.3028549213188068e-01	   6.3272407450560397e-01	   5.2890829873636491e-01	   5.6237554318040406e-01	   5.7453969482102663e-01	   5.6866421984871662e-01	   6.5040820029424284e-01	   5.7670933721655460e-01	   6.3045292205759673e-01	   5.9800083741767518e-01	   5.7927391156112840e-01	   6.2879337535339919e-01	   4.7456319265595359e-01	   6.0478853748082739e-01	   6.1152685755919867e-01	   5.1606397930490622e-01	   5.0741488115615818e-01	   6.4734287520226375e-01	   6.7686868781558684e-01	   6.5228706051794072e-01	   7.0134725927262209e-01	   6.7451197527420681e-01	   6.3617208720946916e-01	   7.0237531157425992e-01	   7.1453197762987997e-01	   5.9239715461883868e-01	   6.3081545629696512e-01	   3.9190150603143137e-01	   6.3830113628116980e-01	   2.9881140865892242e-01	   5.2031988793551187e-01	   3.5522889533330765e-01	   4.8835016956398591e-01	   4.0378440440495561e-01	   6.6042605101357532e-01	   6.1230705632758842e-01	   6.7520130555099311e-01	   4.3160294046987058e-01	   5.0640631829728500e-01	   3.6493028440441233e-01	   5.5076469004080419e-01	   3.1382180289252626e-01	   3.3201637125444206e-01	   3.3147742852925410e-01	   5.5744005656647666e-01	   6.0383022935943331e-01	   5.1607300952818846e-01	   5.1316833350646052e-01	   5.5475859657759141e-01	   6.3556457020643897e-01	   6.2945042199374268e-01	   5.8229001933502322e-01	   6.3153812692369971e-01	   6.8105445774445339e-01	   5.6513429162376394e-01	   4.4727495336270495e-01	   5.5630885763657012e-01	   5.1070146826186014e-01	   5.2888804970523151e-01	   5.2791265181373248e-01	   4.1855855035382061e-01	   5.0634428348933402e-01	   3.5745567484032653e-01	   3.0257889708835917e-01	   5.3034208384817849e-01	   4.1563758259407613e-01	   4.2590086027923418e-01	   4.8142059214934535e-01	   3.0145991135079947e-01	   4.2261100735744594e-01	   5.0335237148887235e-01	   4.0845286396228975e-01	   5.6580690176170081e-02	   1.9646963762561226e-01	  -3.4217399297354445e-01	   3.6871434535395320e-02	   2.5067032621352064e-01	  -7.6156271028976680e-02	   3.7159138838222255e-01	   1.8176092664056751e-01	   4.2052970271195811e-01	   6.0293301986871184e-01	   6.7162983137362098e-01	   3.6440946413548958e-01	
   6.1438782491912924e-01	   0.0000000000000000e+00	   2.9845118668932241e-01	   7.2790558427499841e-01	  -2.5345901856702040e-02	  -1.1047283181488415e-01	   1.6875594153017243e-01	   7.6373996913993714e-01	   2.9828794517373675e-01	   2.4368041736902962e-01	   2.8835746620871056e-01	   6.6774547289901187e-01	   1.1675089494163224e-01	   7.0572116045928002e-01	   2.1860758435498337e-01	   3.9330928482880850e-01	   7.4500970277585732e-01	   6.8058340502839676e-01	   6.2368320906444685e-01	   8.1040590319539163e-01	   4.6361285415155312e-01	   4.0828110648664012e-01	   3.9340922475627510e-01	   6.2985466111410926e-01	  -2.1681256360394904e-01	  -2.4257049476674114e-01	  -3.9096119960943054e-01	  -3.5590433727406690e-01	   7.1417764294128094e-01	   7.4802805129270289e-01	   3.9746324941998207e-01	   3.9967311368589298e-01	   7.5429401129875895e-01	   8.3130026153927861e-01	   1.9775193711617028e-01	   4.4740226560306029e-01	   2.3382829448810849e-01	   6.1084413447768848e-01	   3.7746052454318119e-01	   5.1033657282297740e-01	   3.1419444900293070e-01	   6.3205999719468298e-01	   3.1495214176082131e-01	   3.5794522487244818e-01	   3.9526972498878676e-01	   5.2847731962932720e-01	   3.6555289904153521e-01	   2.5819580358021132e-01	   5.2425348429530172e-01	   6.8292373321630850e-01	   4.5661446153912411e-01	   5.5192203613820812e-01	   4.0375412657402165e-01	   3.2991588281913570e-01	   3.8759000386859110e-01	   4.1440062636469999e-01	   8.3328619288745520e-01	   9.2809954152790741e-01	   3.8355617085760818e-01	   6.4524596102118925e-01	   3.4535987313511524e-01	   4.8757267989022912e-01	   5.4374931926141379e-01	   6.4829480689130348e-01	   3.4232863806971346e-02	   3.7551519994757565e-01	   4.2663115652488404e-01	   5.9743486514479482e-01	   7.7016295564014148e-01	   6.4647403556280703e-01	   3.6847261194031378e-01	   3.2615472279124501e-02	   3.0629384486719990e-01	   3.3628278296572012e-01	   2.7581487495771762e-01	   2.1104464936710843e-01	   5.5482512079010349e-01	   7.5867145802711644e-01	   6.5865509419327328e-01	   5.5196514465989188e-01	   6.4168338796874946e-01	   6.4273897761732179e-01	   2.7219816961550780e-01	   6.5547036244807089e-01	   3.9982943877407556e-01	   3.2526874526377625e-01	   2.2991859779829987e-01	   3.7079642837857679e-01	   4.4791561982247097e-01	   1.0131213744113103e-01	   4.4079395191620752e-01	   1.2534981409139070e-01	   4.5573740531142137e-01	  -5.1385873217305818e-02	   4.5715306133132427e-01	   4.8680787420389554e-01	   4.7121067278505702e-01	   4.5535948566766260e-01	   3.5950753834152877e-01	   3.1181734659127397e-01	   6.7204034676902302e-01	  -7.9595842396153124e-02	   6.4891422420165212e-01	   3.4460308422016200e-01	   2.6743566290961651e-01	  -7.9964063499473714e-02	  -1.3297549127924874e-01	  -1.9711646848939479e-01	   4.8562103936077561e-01	   2.7931021559528191e-01	   2.6866963855803860e-01	   1.9392712337396370e-01	   3.4789096053948781e-01	   3.4802960159905377e-01	   4.1490945942326640e-01	   3.3906012662862339e-01	
   7.4956783058362431e-01	   2.9845118668932241e-01	   0.0000000000000000e+00	   5.9092701782045176e-01	   3.5791342150635569e-01	   7.5370318498046596e-02	   8.9613597325361782e-01	   5.3091104816798917e-01	   3.5338647020853409e-01	   2.2082081141865945e-01	   6.1362838389132501e-01	   1.2119506663413958e-02	   7.4452129952472612e-01	   4.1030484249905830e-01	   6.3313357085875821e-01	   4.5999138208174406e-01	   3.2198318889867011e-01	   2.1429506329614983e-01	   7.8572509025077975e-01	   5.6013647756994822e-01	   3.6815371958770449e-01	   9.2257722248937718e-02	   8.7973007396947711e-01	   7.0150247001747901e-01	   3.3321266799081128e-01	   1.2534473076736280e-01	   1.2107378980404154e-01	   5.1115935061188812e-02	   5.9787512136875065e-01	   1.2300731995775047e-01	   3.5846404452661312e-01	   3.5319479794503011e-01	   4.5192528065036819e-01	   4.4351702296778062e-01	   5.6751934819884553e-01	   5.3352135226420738e-01	   5.3476007584161778e-01	   3.4353622807712014e-01	   4.8134148705186497e-01	   4.8624654203206219e-01	   5.1633218320560748e-01	   4.6328791109368750e-01	   7.1178955161688995e-01	   6.9169397273365740e-01	   5.2409027421278709e-01	   5.5942211372952211e-01	   6.6207431984989229e-01	   5.6755459266422159e-01	   4.6885756124037681e-01	   5.0577571710256575e-01	   6.7258790211160169e-01	   6.0489706220401751e-01	   6.9976833654164083e-01	   6.7448334940245835e-01	   6.2370481418487511e-01	   6.5325148447133929e-01	   3.5620083053695351e-01	   3.3768810092261581e-01	   5.3250613997994711e-01	   1.6582522361263669e-01	   4.6120406001891912e-01	   2.5157413153788133e-01	   4.3284283071069640e-01	   2.3752200596897066e-01	   6.9905350168717462e-01	   4.3041818416060440e-01	   6.9878776498315887e-01	   5.7341647376276694e-01	   4.7001412377745611e-01	   2.9301255164240869e-01	   5.2700024454830474e-01	   4.4310315808249462e-01	   5.7766531545288768e-01	   4.2425702986454239e-01	   3.9943463102453763e-01	   4.4076324468191785e-01	   3.7505181817779887e-01	   3.6859001725513069e-01	   4.1502485131499856e-01	   3.2730835239904077e-01	   4.7100202299043975e-01	   5.7190959537268082e-01	   5.4596767606284036e-01	   5.0228786846444995e-01	   6.3241829967043939e-01	   6.4071585585612878e-01	   5.8775474582517029e-01	   4.1513822075886042e-01	   5.7143652676452228e-01	   5.3159177613623443e-01	   6.7928026862196633e-01	   7.5527355255456774e-01	   5.9437683809874631e-01	   7.2928171141634968e-01	   4.7444793044380007e-01	   3.8151657136317541e-01	   6.0538897574548656e-01	   5.3618622521099257e-01	   5.8733959977880812e-01	   6.4634344523954090e-01	   2.1746975463970170e-01	   4.9930750665406920e-01	   4.6734023546624615e-01	   3.9882531668598276e-01	   1.6908152014791272e-01	   2.7563648061564383e-01	  -4.0242536391247591e-01	  -5.2561597085963856e-02	   2.8109358278146102e-01	   1.4293510916576328e-02	   5.2548716630250814e-01	   4.5055505963222331e-01	   6.2665789540478689e-01	   7.4216155891903446e-01	   7.4655924639868498e-01	   4.3382411240899665e-01	
   5.5950854129521643e-01	   7.2790558427499841e-01	   5.9092701782045176e-01	   0.0000000000000000e+00	   5.4289686124287001e-02	   4.5771127201306654e-02	   5.4727987264793532e-01	   9.2321792396934366e-01	   1.7390266149339140e-01	   2.0982750740856659e-01	   3.4638321863760768e-01	   6.2219874770434913e-01	   3.0291972108559884e-01	   7.7092840818228581e-01	   1.5686955955550783e-01	   4.0834801785319252e-01	   5.4256306246380948e-01	   5.6573274667010887e-01	   7.3026489330415667e-01	   8.1275156706245932e-01	   7.3211662854500717e-02	  -4.7418773869039761e-02	   5.3542815742347127e-01	   8.7448970686771355e-01	  -7.7078156294987155e-02	  -5.5501148150902936e-02	  -2.5731812550468736e-01	  -2.2391956366836149e-01	   5.8054578251245181e-01	   5.8622332509171649e-01	   2.9764084400306673e-01	   4.6552254966958129e-01	   6.3184288886795603e-01	   7.2966974086880709e-01	   2.2737933895519469e-01	   4.7680254052753507e-01	   1.9209838958896486e-01	   3.9518275573075812e-01	   1.8319196015685552e-01	   4.2060730279966391e-01	   1.9801075083582295e-01	   4.8500696477557387e-01	   4.6376742574235619e-01	   5.0298200640590962e-01	   4.7208593873425192e-01	   5.8322746833474637e-01	   4.9110020174999297e-01	   4.1370097297974345e-01	   5.1583610497715160e-01	   6.4374192283090914e-01	   5.1711687819052377e-01	   6.4671500008005955e-01	   4.6260222813015134e-01	   5.1326973210404159e-01	   3.5499142899181169e-01	   5.2048148225079893e-01	   5.1930102068050377e-01	   6.5993846283130697e-01	   2.1833221932352836e-01	   3.5912190676588240e-01	   2.9324015295650196e-01	   5.9205635767150055e-01	   4.0568666819822063e-01	   6.2899362373159229e-01	   2.3630343390559999e-01	   6.3121929430254586e-01	   4.5681051622211710e-01	   6.3431571427022748e-01	   6.2291386408604998e-01	   4.8259468521568072e-01	   2.0243260135743493e-01	   6.1766200661082654e-02	   3.4771086153216385e-01	   5.3907289517075063e-01	   2.2384443908302620e-01	   2.9801927237089576e-01	   3.5441630768926724e-01	   5.9948569744438118e-01	   5.5133000874517279e-01	   5.0223672369643690e-01	   4.9055233223565320e-01	   6.0686780314673094e-01	   1.8931577868574834e-01	   5.8512254506554906e-01	   3.7779236524439097e-01	   4.8937556968024165e-01	   2.4744407767679352e-01	   3.6516138656539815e-01	   3.7415548914667268e-01	   3.2885427069549089e-01	   6.4703758351881091e-01	   4.1032765830326579e-01	   6.6895892357788900e-01	   2.8992552666087773e-01	   3.7762538250444111e-01	   4.1244262847448726e-01	   4.4783986879286863e-01	   4.5670158573235142e-01	   4.2559087144740476e-01	   4.2278309188671070e-01	   5.7248668247015522e-01	   2.1907129864629021e-01	   5.1151628619396328e-01	   3.8548332155616949e-01	   2.4716111299744042e-01	  -4.5254743189440345e-02	  -2.4103809554020053e-01	  -1.7774116858997913e-01	   3.5842946599180470e-01	   1.6389446369830990e-01	   3.7651152342827138e-01	   3.2482677591705728e-01	   4.9879381416754742e-01	   4.4602471405330463e-01	   4.7354974871182093e-01	   3.2843670669961927e-01	
   4.0142057402373366e-01	  -2.5345901856702040e-02	   3.5791342150635569e-01	   5.4289686124287001e-02	   0.0000000000000000e+00	   6.7150480269653912e-01	   3.8008420206659477e-01	   8.5618246357329654e-03	   6.1712051905889165e-01	   6.9249941066523979e-01	   2.9688796975768073e-01	  -2.3527229980174647e-01	   3.6037237410289780e-01	  -2.2284087593391913e-01	   2.8553237310741264e-01	   5.4750594896345950e-01	  -3.0289465036511026e-01	  -3.9260169153657321e-01	   1.0741176482464501e-01	  -3.9050723159177361e-02	   3.5465025062257066e-01	   2.5992049442833975e-01	   1.8318847889563833e-01	  -3.9231909235389793e-02	   7.4330217734458237e-01	   5.9414029614507524e-01	   6.1901599933412632e-01	   5.9228985942757739e-01	  -9.9575703519662967e-02	  -4.2329912253689517e-01	   1.1190473096460518e-01	   2.6542633474480146e-02	  -2.0226042812499218e-01	  -1.5405125246459755e-01	  -2.1787147430798636e-02	  -1.2249148597338055e-01	   5.4938031281480539e-02	   1.4029894617691957e-01	   1.3971314359607775e-01	   6.3358261157969803e-02	   1.3684111831102347e-01	  -3.2507620857472302e-02	  -6.2910408527755465e-02	   8.3267311914758585e-02	  -1.4009417219975956e-01	  -2.8543926821071906e-02	   3.1889647898344531e-02	  -3.5249949659984625e-02	  -1.7812422283551521e-01	  -3.3633951318988720e-02	  -2.9879001431090493e-03	  -3.5854358762213707e-03	   5.4439186881807509e-02	   1.5274774310924244e-01	   7.0722611793193585e-02	   1.7939622288340965e-01	   8.1433188577500842e-02	  -9.4564114816822503e-02	   1.8449929163120043e-01	  -4.4093337628695342e-02	   4.3195976268697434e-01	   2.7799018906156142e-01	  -3.3081338700461460e-01	  -3.0087009549245469e-01	   2.9511430435818986e-01	   1.2753424991160389e-01	  -6.3623537024483576e-02	  -1.8548981563492045e-01	   3.5718671004291548e-03	  -2.4704058894018310e-01	   4.9889646541748642e-02	   4.3437384139328350e-01	  -5.1303390306248503e-02	  -2.4641438239751179e-01	  -9.4946859895576524e-02	  -2.8287150286138971e-02	   1.8427681333343788e-02	  -5.8451638548476809e-03	  -1.7528631915354109e-01	  -9.7442618728208683e-02	  -2.1469914619426772e-01	  -1.0964948004497380e-01	   3.0060256916128691e-01	  -8.6133014495961332e-03	   4.4334137857420443e-02	   3.2851578444471030e-01	   1.0707254207819622e-01	   7.0507125422683323e-02	  -6.5849412020626094e-02	   3.4376307053199906e-01	  -9.9109379561809235e-02	   3.8584754037849042e-02	  -1.9278032097613174e-01	   2.1598782827585172e-01	   4.5036554378680788e-02	  -4.5539675570495167e-03	  -1.2174032357454198e-01	  -9.1147521949058660e-02	  -2.0729278202770196e-01	  -1.6711358287571945e-01	  -2.7103569039558489e-01	   2.7576052963465308e-01	  -2.6766022356263552e-01	  -1.2714188178987856e-01	  -5.5768087770299446e-01	  -2.3856925670342261e-01	  -3.5754833472113490e-01	   1.4392357165507944e-02	   2.2761708034525374e-02	  -2.3391618725264329e-01	  -2.9727824596353597e-01	  -3.0518066932196891e-01	  -1.4679259896546112e-01	   2.5304637588725218e-03	   2.0758630486862367e-01	   2.4571685569891727e-01	
   1.3299552991729763e-01	  -1.1047283181488415e-01	   7.5370318498046596e-02	   4.5771127201306654e-02	   6.7150480269653912e-01	   0.0000000000000000e+00	   1.7011732636764076e-01	  -7.1261970664867530e-02	   7.3212171495032896e-02	   4.4672756787690399e-01	  -1.2554518592307046e-01	  -1.5489050488934458e-01	  -9.1651496534104950e-03	  -1.6413634456254772e-01	  -2.3275218213489657e-01	   4.9392526807032267e-01	  -4.3091934691251832e-01	  -3.0909723979097792e-01	  -4.0949114599435857e-02	  -6.1020523545637737e-02	  -3.7999452969359762e-02	   1.7437238602284677e-01	  -1.0689292940156453e-01	   3.2626853386987086e-02	   6.6966111681222174e-01	   8.6877964161435650e-01	   8.1462296461169115e-01	   8.7661951635610857e-01	  -3.2396875572921668e-01	  -2.5877584283647614e-01	   1.6913997430441149e-01	   2.0568158816333937e-01	  -3.5194520989403277e-01	  -2.5544555943705771e-01	  -4.8065444520053857e-01	  -4.3209337467017628e-01	  -2.8975455339990447e-01	  -2.2515890779120484e-01	  -2.2793193382776078e-01	   4.3791488159691194e-02	  -1.4134062888241458e-01	  -2.1733084418942203e-01	  -2.5900106201516770e-01	  -1.0173197187444660e-01	  -3.8127111895348997e-01	  -2.7648290452208657e-01	  -2.1417027181597492e-01	  -1.7958536625190089e-01	  -3.1659227944841500e-01	  -3.1553548810057125e-01	  -3.2336340684492754e-01	  -1.3716395946178980e-01	  -2.9307877112181085e-01	   1.3212115103782235e-01	  -2.8679521742474867e-01	   2.0517157542875690e-02	   1.5779604646203999e-03	  -2.2669553701011169e-01	  -2.7345148268347552e-01	  -3.1200439597206087e-01	  -4.4433218486429886e-02	   1.9441190475076578e-01	  -4.6937969509722377e-01	  -2.2108906316551341e-01	  -1.7450984492828972e-01	  -8.9459978541975127e-02	  -4.7303242312576499e-01	  -4.5706584740599820e-01	  -1.0624583047106984e-01	  -2.9581633712073363e-01	  -4.0486930932719473e-01	   1.8943534871274390e-01	  -3.6579131865072223e-01	  -1.8792101935352379e-01	  -5.1342547452816545e-01	  -1.2874603417178512e-01	  -4.3821471668031808e-01	  -2.2874200395533703e-01	  -3.1013725882357329e-01	  -2.4979932554028880e-01	  -5.2559288147920524e-01	  -3.1967255501727548e-01	  -2.7581225906367879e-01	  -4.7683469239230294e-02	  -4.0039029401809778e-01	   2.4528824603305205e-01	  -1.3247310727036954e-01	  -3.1851478828070823e-02	  -4.7695213326509267e-01	   4.6391589069456440e-01	  -2.7106918222143789e-01	  -2.4483075271787214e-01	  -2.0370017806856794e-01	   5.1643726723249794e-02	  -1.4155768739289401e-01	  -3.7875310523071928e-02	  -3.6694944332252127e-01	  -1.3615124261227612e-01	  -4.0856502507266756e-01	  -3.8823932287995444e-01	  -3.9875573113474005e-01	   3.2725691867360140e-01	  -4.8802785769985524e-01	  -4.7367915039820560e-02	  -3.5554957366592266e-01	  -3.5349593007593066e-01	  -2.3171265905022168e-01	  -1.1665563459514701e-02	  -4.9806331902750814e-02	  -1.5515515375093616e-01	  -4.2144827040110361e-01	  -3.5393744157285817e-01	  -2.4104967333049249e-01	  -2.7134707146360926e-01	  -1.2195995080219744e-01	   1.4395435932529344e-01	
   7.0606276856946670e-01	   1.6875594153017243e-01	   8.9613597325361782e-01	   5.4727987264793532e-01	   3.8008420206659477e-01	   1.7011732636764076e-01	   0.0000000000000000e+00	   5.3082054780145604e-01	   2.0755145913176770e-01	   1.8254285470225509e-01	   5.7361253707025495e-01	   6.7195860629205656e-02	   6.9178501257115532e-01	   3.1516926905280618e-01	   3.6922091069619384e-01	   3.4388697624937836e-01	   1.7520750407017058e-01	   1.1645541781532495e-01	   5.8920770789784027e-01	   4.3865665872103593e-01	   2.7292414464710796e-01	   4.6377380674528464e-02	   7.2592259100180190e-01	   5.9516022374361721e-01	   3.5193611323079999e-01	   2.3679660543422115e-01	   2.2171823580597871e-01	   1.8071286320668398e-01	   4.8021950841952821e-01	   7.9938298422472145e-02	   3.7872824860005905e-01	   4.6643564481793698e-01	   4.2923433302778680e-01	   4.3773695352409181e-01	   4.6737208701179811e-01	   5.2931754750365068e-01	   4.9499072536110322e-01	   3.3869939145034866e-01	   4.3768904185930418e-01	   5.2105668640501945e-01	   4.6478581426725313e-01	   3.8796460358581630e-01	   6.1363582640006786e-01	   6.4762869741090912e-01	   4.5768954149720642e-01	   5.0496931421997127e-01	   5.9409031564759895e-01	   5.3660440628363337e-01	   4.1760676035445488e-01	   4.4493959214514855e-01	   5.8266572274524497e-01	   6.3524428462724114e-01	   5.9383829905135910e-01	   7.0672716435071870e-01	   4.7970917813344593e-01	   6.5256118389965778e-01	   3.0075011331038870e-01	   1.7774511694008058e-01	   4.9085742261103560e-01	   1.4652006627190128e-01	   4.8939032149864281e-01	   2.8229792430943429e-01	   2.7286762764425532e-01	   1.9388758504451670e-01	   4.8663221863476291e-01	   3.9922758854453022e-01	   6.2964418981118675e-01	   5.6608215011729401e-01	   4.4186645165137223e-01	   2.4933989835775322e-01	   3.1279376702724188e-01	   3.7211110440140516e-01	   4.5095925191967312e-01	   3.8143217155907089e-01	   1.7686198552816590e-01	   2.6857396167599346e-01	   2.5950616889897860e-01	   3.3490376654840864e-01	   2.6150201434405196e-01	   3.0125494707964240e-01	   2.8302328251466313e-01	   4.3914652227327289e-01	   3.5179218030414694e-01	   3.2479496874647962e-01	   4.0717576940091760e-01	   7.1903539438178021e-01	   3.9222478445198794e-01	   2.5550969929803474e-01	   3.3488963698705809e-01	   6.7669440453722718e-01	   5.7868073094866834e-01	   6.9917569979589211e-01	   4.6502786942114444e-01	   7.3283924933965316e-01	   2.6265662341642843e-01	   1.8896124071834736e-01	   4.4350595692584044e-01	   3.7957752186603499e-01	   4.1297741925153741e-01	   5.2317635517830452e-01	   9.9969365261266444e-02	   7.0446961548964693e-01	   3.1255412488374429e-01	   4.6729749854873182e-01	   2.5853188566196367e-02	   2.2398559007920599e-01	  -4.2831800122419317e-01	   1.7948139467591040e-01	   1.2448002318117894e-01	  -1.7969346007169451e-01	   4.1789127585325847e-01	   2.9179013584106828e-01	   5.6004078855445971e-01	   6.1361967125987715e-01	   6.6506660928094674e-01	   4.3786116004012132e-01	
   5.9262985406480839e-01	   7.6373996913993714e-01	   5.3091104816798917e-01	   9.2321792396934366e-01	   8.5618246357329654e-03	  -7.1261970664867530e-02	   5.3082054780145604e-01	   0.0000000000000000e+00	   2.3292692839034962e-01	   2.5257781685015690e-01	   4.6090718446205742e-01	   7.5447126055847691e-01	   3.4001062192803111e-01	   7.7664986072705411e-01	   1.7057346285558617e-01	   3.9111171258214672e-01	   5.4714355258680936e-01	   5.4885467016884337e-01	   6.4069881574468190e-01	   7.1764190888864965e-01	   2.3787312929662602e-01	   4.5861024654874988e-02	   4.8536657069211164e-01	   7.8964709745735440e-01	  -2.2180945426278270e-01	  -2.2497378335593743e-01	  -3.6565563602136919e-01	  -3.4292251823589642e-01	   6.1250355346405283e-01	   5.9703360255443583e-01	   2.0762827858669461e-01	   3.8112660682526356e-01	   6.9031089983545191e-01	   7.8642717233188719e-01	   2.4140573751948657e-01	   5.1448976310582117e-01	   2.3204993160924300e-01	   5.2851213221438065e-01	   2.3993181801334304e-01	   4.4166385299600625e-01	   2.4741536833117134e-01	   5.2515166217165532e-01	   4.3390657571048497e-01	   4.7468602737963206e-01	   4.2816380898909912e-01	   6.0329570924344711e-01	   4.9328042224695978e-01	   3.9780959553824513e-01	   5.1964797014521580e-01	   7.5042886730724057e-01	   5.4786195738538912e-01	   7.2004825712198273e-01	   5.3227094125487784e-01	   5.2669966498186382e-01	   3.8857603483744130e-01	   5.4195510724186347e-01	   5.9220957985056921e-01	   7.0991468067108054e-01	   3.1946071101143014e-01	   4.8519035660659771e-01	   4.6448425684460876e-01	   6.6730177761167808e-01	   4.7074610379746468e-01	   6.8270836470944452e-01	   2.1139332646578857e-01	   7.1696112037383708e-01	   4.7504697143467423e-01	   6.6664764510675156e-01	   6.5029925171028735e-01	   5.2569192550962218e-01	   2.5425637941062074e-01	   1.7457583627222543e-02	   3.2698004579313145e-01	   4.4006814102906699e-01	   1.9400716640533078e-01	   1.9285920355505654e-01	   4.2703728258676610e-01	   6.8170102608809391e-01	   5.4551708436957269e-01	   5.0850057007269933e-01	   5.1544891798777304e-01	   5.8055607506286733e-01	   2.0824756767025693e-01	   5.7276468227804944e-01	   3.9976554161143396e-01	   4.7879110634271504e-01	   1.6155468643535675e-01	   2.6931823955651246e-01	   4.4294702605832592e-01	   2.9262320347813608e-01	   6.4561939454617190e-01	   3.9853045272323318e-01	   6.6353259676352161e-01	   2.6623248495043200e-01	   3.9427812673315055e-01	   3.9030866024611310e-01	   4.4088874084194662e-01	   4.0191473446970699e-01	   3.8889932654341552e-01	   3.9908228864563078e-01	   6.4337648263260505e-01	   2.1982828196610585e-01	   5.6200918352262097e-01	   3.9535466345645903e-01	   1.7998695977467266e-01	  -1.0681426174608730e-01	  -2.8439614522821488e-01	  -1.6783599776209190e-01	   3.4030990368170444e-01	   1.2548994047165141e-02	   2.9346674469450829e-01	   2.1252246147191312e-01	   4.4737103770688835e-01	   4.3255453719685089e-01	   5.2294600002561920e-01	   3.9335372196471147e-01	
   4.6101313199356730e-01	   2.9828794517373675e-01	   3.5338647020853409e-01	   1.7390266149339140e-01	   6.1712051905889165e-01	   7.3212171495032896e-02	   2.0755145913176770e-01	   2.3292692839034962e-01	   0.0000000000000000e+00	   7.7992833244072124e-01	   5.1005989932799378e-01	   2.3898981648672744e-02	   4.1398082327067304e-01	   7.2642759570600374e-02	   6.4467054768128718e-01	   5.9828863036924873e-01	   9.2419880106081972e-02	  -8.4448334695342284e-02	   2.7526727682850394e-01	   1.7615142739473527e-01	   6.1639396518934175e-01	   4.0453192567234225e-01	   2.4342306706452571e-01	  -1.4690141105084152e-02	   1.4531234089550793e-01	  -1.5322590302112915e-01	  -6.9212028136126980e-02	  -8.5327605927292438e-02	   1.2301684344791755e-01	  -2.4245814881309091e-01	  -2.0097867078426207e-01	  -3.5426268221953700e-01	   3.9498500211902064e-02	   6.2149064751374043e-02	   1.7222150748810069e-01	   2.2503021793504902e-02	   1.6013655719202649e-01	   2.2463660909776076e-01	   4.2142407341309118e-01	  -3.4559841277934433e-02	   2.3814264727906737e-01	   1.6717695609346536e-01	  -3.7305976191761257e-03	   2.8378727191351247e-02	  -7.3313779558645958e-03	   1.1231189854012238e-01	   8.3567255013460101e-02	  -3.7959034320649176e-02	   1.3320968303019248e-01	   3.2072978250623202e-01	   1.9774037091422528e-01	   8.4251190548944199e-02	   3.1728056540752519e-01	   8.2909609430455708e-02	   3.2672488801948563e-01	   1.8094592343886851e-01	   3.1204828934541629e-01	   2.8916233501573879e-01	   4.7017091557690616e-01	   3.2386902494295167e-01	   6.0404228502042401e-01	   2.7852555265335976e-01	   1.6235183427446928e-01	  -6.0179176348396111e-02	   4.8805866516792007e-01	   2.7384563790741689e-01	   1.6620112454955138e-01	   6.4765794820645414e-02	   3.7075799324468628e-01	   1.9701969257160529e-01	   3.2322661108783257e-01	   1.9074965009520448e-01	   9.4243847986750909e-02	  -3.2050343420340976e-01	   2.6999416303421053e-01	   6.3850179909141422e-03	   3.0016245502089678e-01	   1.1852782194158926e-01	   1.0037222144520011e-01	   4.2578882342137983e-02	   2.1200901312757528e-01	   1.1993061439077597e-01	   6.2610073527457755e-01	   3.3859036388572994e-01	   4.4017869144558264e-01	   1.4294725821062093e-01	   3.2130012597118851e-01	   2.0823980430165348e-01	   5.1172582844904446e-01	  -2.6603924932966580e-03	   9.5900304749060458e-02	   1.7075809901692701e-01	   2.8523962086261647e-02	   1.4797618712646385e-01	   2.7653824025289908e-01	   1.3068143006245708e-01	   6.3428781900388628e-02	   6.0819216916834489e-03	   4.6104335392712505e-02	   1.6900008371126762e-02	   2.6223921688555712e-01	  -4.6797188238051263e-02	   2.1924611406472422e-01	  -7.9217125911459241e-02	  -3.4523206099551856e-01	  -1.8728956891750576e-01	  -3.8904423138036426e-01	  -2.6545704828164129e-01	   1.9205009281730132e-01	  -1.2895878861581395e-01	  -1.8476470639136958e-01	  -1.4124432152012853e-01	  -1.1845881448827347e-01	   5.2516012422389832e-02	   2.1265035121498196e-01	   9.4553209229916363e-02	
   3.5657178110146537e-01	   2.4368041736902962e-01	   2.2082081141865945e-01	   2.0982750740856659e-01	   6.9249941066523979e-01	   4.4672756787690399e-01	   1.8254285470225509e-01	   2.5257781685015690e-01	   7.7992833244072124e-01	   0.0000000000000000e+00	   2.6224723844144721e-01	   2.0785145904184338e-01	   1.2129897695732333e-01	   7.0096806618585139e-02	   2.3596494178433208e-01	   8.5291736158620934e-01	  -1.6504974967021688e-01	  -1.8556246363585294e-01	   1.1993014788318920e-01	   4.6217696057396222e-02	   4.5105669546942223e-01	   4.1963893347807207e-01	  -4.7838768070018065e-02	   1.0849321131889061e-02	   1.8158776265667556e-01	   1.0491011439666403e-01	   1.6686798176111689e-01	   2.5761533806155335e-01	  -1.3555973862546028e-01	  -2.3384421305343481e-01	  -3.2419785406108825e-01	  -3.2618833679531722e-01	  -1.4934009095077358e-01	  -5.1454956075928232e-02	  -2.2275013850910735e-01	  -1.9425995217685266e-01	  -1.0979991548193550e-01	   1.7307626754393743e-01	   1.7282489077185209e-01	   5.2599095280088021e-02	   5.3602894453761943e-02	   9.9769800802694486e-02	  -1.6724719718225195e-01	  -3.9804391892652925e-02	  -1.7161737085881656e-01	   2.3723765189035254e-02	  -7.1129116780090540e-02	  -1.4359527532900199e-01	   5.0093578399853303e-02	   2.1015236609298463e-01	   1.9255716331983988e-02	   9.8540186287494794e-02	   7.4364175681824643e-02	   1.7982641183954659e-01	   5.4431920318005728e-02	   2.7334104695079309e-01	   3.4035316846922403e-01	   2.3805965695257425e-01	   2.4136958328646724e-01	   2.3655085279895116e-01	   4.8749014031214372e-01	   4.9418371653871535e-01	   9.7163217529829052e-03	  -1.7692404391002343e-02	   1.3998408223329067e-01	   2.8855514139997940e-01	  -1.6373232107947699e-01	  -1.3796038524192439e-01	   2.6647789446930353e-01	   5.2261916091775829e-02	   9.1042089100127260e-02	   3.3110350208737710e-01	  -2.2141946411264715e-01	  -4.1578841744330097e-01	  -1.0852212438796213e-01	  -1.8783244975235344e-01	   1.6902291845438924e-03	   3.4688451571831792e-02	  -1.4537733055101137e-01	  -1.8255135652421919e-01	  -8.3144345434882500e-02	  -3.4253187614660917e-03	   3.2171688230959605e-01	   2.7197505905456654e-01	   9.0359380080594728e-02	   3.6721737983331892e-01	   1.4661637292999394e-01	   2.5788192286599126e-01	   1.4755569298987781e-01	   3.3979491479503560e-01	   8.0277243688975694e-02	   1.1299938206069998e-01	   5.5692671057722992e-02	   2.0875206081037073e-01	   2.9270232812107722e-01	   2.9317535516245297e-01	  -1.1591589243193647e-01	   1.0164275881776344e-01	  -1.1908773300521058e-01	  -7.1193691256472597e-02	   1.4573797519202272e-01	   2.0449536657188241e-01	   1.2842058589547662e-02	   4.7080944103065292e-02	  -5.4069952238665997e-01	  -5.4558100030578260e-01	  -6.3580305404888526e-01	  -2.9323807442827227e-01	   3.2054568977477471e-01	  -1.6154298358267710e-01	  -3.6999600794332094e-01	  -2.0145806026912710e-01	  -7.7596588681015183e-02	  -3.6430397892553805e-02	   1.7218515605234064e-01	   2.8786374455841540e-01	
   7.3377741562965371e-01	   2.8835746620871056e-01	   6.1362838389132501e-01	   3.4638321863760768e-01	   2.9688796975768073e-01	  -1.2554518592307046e-01	   5.7361253707025495e-01	   4.6090718446205742e-01	   5.1005989932799378e-01	   2.6224723844144721e-01	   0.0000000000000000e+00	   2.5798621894283053e-01	   9.0546182219944205e-01	   3.8697499671558333e-01	   6.8441010637279320e-01	   2.4114933288866375e-01	   2.7729920457219348e-01	   1.6188120917420190e-01	   5.7470390691125894e-01	   3.5677372200902435e-01	   5.7223547048104206e-01	   2.1081393474994164e-01	   6.0940869426128463e-01	   2.6554387965447579e-01	   1.4660061377310407e-01	  -1.0445002763535666e-01	  -4.9748569821026087e-02	  -1.5087374663508743e-01	   5.2622826850832483e-01	   5.1040446554066268e-02	   1.5339436768013195e-01	   1.3194793403874019e-01	   3.7392528626036403e-01	   3.6137319611680063e-01	   5.1934025534687900e-01	   3.8181646708478334e-01	   4.3484007631584609e-01	   3.7076101433803038e-01	   3.6228938680082751e-01	   9.1467902752459251e-02	   4.7505201816312137e-01	   3.2360208961249343e-01	   3.7503803837241734e-01	   3.6926563744953128e-01	   3.1141874975939499e-01	   4.4429265148709285e-01	   4.4025002510522576e-01	   3.2789324080632265e-01	   2.6831352401944319e-01	   5.2083564547789563e-01	   4.7690069519683698e-01	   4.1068827181116224e-01	   6.0178329462236246e-01	   3.2716127668250794e-01	   4.4606642188574386e-01	   4.0213436250709222e-01	   2.9678335979525344e-01	   2.9898598463514964e-01	   5.1049585690299426e-01	   2.3934355942457786e-01	   7.5959314946706935e-01	   2.6516452250651978e-01	   4.2002043134561928e-01	   3.1133212145011691e-01	   6.7497359913367339e-01	   5.5403433557177828e-01	   5.3588046882983331e-01	   4.2919859193710030e-01	   2.8783600739108733e-01	   8.1329351149104306e-02	   5.8308314681669882e-01	   3.8015062195677846e-01	   5.8105903335900444e-01	   2.5664528599115161e-01	   3.6046107811523709e-01	   2.1258992677429694e-01	   3.9812184288010044e-01	   2.8291543413835230e-01	   3.3948761703145347e-01	   4.7351423461014985e-01	   3.8992200771204011e-01	   3.8004491867143614e-01	   6.7716829500588416e-01	   3.4462866599988989e-01	   6.4233276543167850e-01	   3.3190636356731951e-01	   4.1205482631110607e-01	   1.5397366681529639e-01	   5.4006401678613281e-01	   1.0857502125482371e-01	   3.0552890409046207e-01	   4.4187922062661078e-01	   1.6611961698634020e-01	   3.8996570531067987e-01	   5.3687947348248180e-02	  -2.8047325297283359e-02	   2.1300591736616137e-01	   2.4983002338034604e-02	   1.9746835270187596e-01	   2.6425264463326958e-01	   1.1869961550357280e-01	   1.9753045602436964e-01	   2.4938398254900923e-01	   2.6507702554928918e-03	  -1.3345222090255804e-01	   2.0168826771459239e-01	  -1.5148425382988015e-01	  -7.0099985833222758e-02	  -7.2762092682901791e-02	  -3.6653488905278370e-01	   1.5215906182088923e-01	  -5.4657972453731815e-02	   1.0970944758756325e-01	   3.7074820283683335e-01	   4.4414272232474472e-01	   1.1453127186243584e-01	
   2.3866999925073187e-01	   6.6774547289901187e-01	   1.2119506663413958e-02	   6.2219874770434913e-01	  -2.3527229980174647e-01	  -1.5489050488934458e-01	   6.7195860629205656e-02	   7.5447126055847691e-01	   2.3898981648672744e-02	   2.0785145904184338e-01	   2.5798621894283053e-01	   0.0000000000000000e+00	  -2.4546128826165116e-02	   7.2131364356060290e-01	  -1.8883534804499993e-01	   2.4553116707927791e-01	   4.1527391383949835e-01	   5.7927615270362343e-01	   2.3829322280792573e-01	   3.9923616753967878e-01	   1.4393987737964073e-01	   1.3466825204637312e-01	  -2.8578709846060230e-02	   4.3285596377557711e-01	  -5.3153072915967792e-01	  -3.8121149540090249e-01	  -5.1267236164704266e-01	  -4.3852009754071891e-01	   3.3184178744396747e-01	   6.7076437244530751e-01	  -3.6682558124614573e-02	   2.0840116447883544e-01	   4.6931889318537678e-01	   5.9803507478267337e-01	  -1.2013407273905602e-01	   2.3116794139371033e-01	  -4.0683174188275266e-02	   4.4157563939870043e-01	  -2.1201305223203550e-02	   2.4072652533796510e-01	   8.0248140030597104e-02	   3.9033719238057052e-01	   6.4550013665141751e-02	   1.4814468981335069e-01	   2.5015913524621824e-01	   4.4341223217494119e-01	   1.8297569053416218e-01	   1.2762653978996205e-01	   3.9685551815899422e-01	   5.9942289553758143e-01	   2.0165397316773953e-01	   4.9628995291650546e-01	   1.5287376464675567e-01	   1.9360031296291380e-01	   2.2737126072002848e-02	   2.9597083826205495e-01	   4.8117564623908482e-01	   6.3974477501087024e-01	   5.0664089015190268e-02	   4.4660625384600139e-01	   3.0073659649289763e-01	   6.2240298505257285e-01	   4.0767424999987734e-01	   7.8550816310784377e-01	  -2.1599850174664681e-01	   5.3597093722571509e-01	   9.3067425012727995e-02	   4.0176349154908453e-01	   3.8180146364531614e-01	   2.7722123241268937e-01	   7.5026647231056884e-02	  -2.0674229122505352e-02	   8.5245885856333220e-02	   2.9480410465093410e-01	  -3.3118249724704382e-02	  -5.3915682681734474e-02	   1.6899910597994100e-01	   4.8363543475226761e-01	   3.5091344885832720e-01	   4.3206722400650344e-01	   2.8922123002812944e-01	   3.8007667511671839e-01	  -4.3936499645469820e-02	   4.0951713546430396e-01	   7.2518207180570171e-02	   2.5069094864571756e-01	  -9.5342532027312271e-02	   1.6341210980667309e-01	   1.1786056978055184e-01	   9.5206359246135866e-02	   3.1218218892367167e-01	   5.0469839135883161e-02	   3.5150927055202719e-01	  -7.7888550894363487e-02	   9.5638967888402718e-02	   2.5359293638552638e-01	   7.2834859048023434e-02	   1.7112084457334076e-01	   7.4814411058150759e-02	   9.6331666675413929e-02	   5.0789127265879064e-01	  -4.1244688487348030e-03	   3.3294390319989092e-01	   2.2292230964369847e-01	   5.9021139996127459e-02	  -2.7840602288164240e-01	  -1.0428295846468202e-01	  -1.2330684370523726e-01	   2.0590221514672336e-01	  -1.0198199989485329e-01	   1.4200455024210246e-02	  -3.2427208028334396e-02	   1.8664303989995110e-01	   8.0493098195387372e-02	   1.8550659869760333e-01	   2.6888845314932014e-01	
   7.1936582294597806e-01	   1.1675089494163224e-01	   7.4452129952472612e-01	   3.0291972108559884e-01	   3.6037237410289780e-01	  -9.1651496534104950e-03	   6.9178501257115532e-01	   3.4001062192803111e-01	   4.1398082327067304e-01	   1.2129897695732333e-01	   9.0546182219944205e-01	  -2.4546128826165116e-02	   0.0000000000000000e+00	   3.2499305366391118e-01	   7.7132289026163581e-01	   1.8704530548133763e-01	   2.2044528328831306e-01	   1.0169127351164725e-01	   6.2959304675868955e-01	   3.6814053205396124e-01	   4.5422064150350872e-01	   1.0710926201218164e-01	   7.7147593199200437e-01	   3.4336440088703563e-01	   3.9558159082641769e-01	   1.2184194604569593e-01	   1.7656132802622138e-01	   3.1348931352447443e-02	   4.7990285942830119e-01	  -8.6815090081940605e-02	   2.6777432956644120e-01	   2.0422963163376168e-01	   3.2131994064017788e-01	   2.6699525370283195e-01	   6.2288959181075843e-01	   4.1244905240970064e-01	   5.7893177053783884e-01	   2.6247250386661536e-01	   3.9875872513527300e-01	   1.5045390862023955e-01	   5.4695348228299689e-01	   3.0479678444385050e-01	   5.4017319734477010e-01	   4.9423785222125272e-01	   3.5762327488273571e-01	   4.3346956877154341e-01	   5.6755488296446677e-01	   4.8328011649957919e-01	   2.1500087080474342e-01	   3.8884485277485814e-01	   5.3578208798340143e-01	   3.9551077176184668e-01	   6.8807582419559421e-01	   4.6521719171443271e-01	   5.4188385436157760e-01	   4.4986471728875721e-01	   1.4159856267469681e-01	   1.0148938200191253e-01	   3.7199420895041535e-01	  -3.4005784453850899e-02	   5.6218838687723360e-01	   4.3897974984454503e-02	   3.2105314160314424e-01	   1.2120866559447226e-01	   8.0753278510386894e-01	   4.3324702384572417e-01	   5.8812933549567248e-01	   4.1150303730989146e-01	   2.0670013555756125e-01	   3.5736345159695121e-02	   4.9753988680145561e-01	   3.1835050071242432e-01	   6.5494690939737088e-01	   3.4851658967803545e-01	   4.3178475307310477e-01	   3.6887417912747922e-01	   3.7662481547441484e-01	   2.1187815258688705e-01	   3.6748825208655428e-01	   4.5667934243530911e-01	   3.7120511023644642e-01	   3.9624595444962474e-01	   6.9067688767355240e-01	   3.5176713152434702e-01	   6.9483682468724128e-01	   4.0445852457918940e-01	   5.1540845101959443e-01	   2.1422549722234119e-01	   5.4777147212031441e-01	   2.2126615486548890e-01	   3.6061113803197886e-01	   5.3807217129443496e-01	   2.2646218377818492e-01	   5.3576775535009036e-01	   1.9500117820202268e-02	  -1.1820787846093786e-01	   3.0500425550911114e-01	   4.4690131719298851e-02	   3.0119495954639480e-01	   3.3565475725295912e-01	  -2.6128873866260099e-02	   2.7165186522619222e-01	   1.8123920361113804e-01	  -1.4175205784268674e-02	   7.7185734298697494e-03	   4.0665371549401541e-01	  -4.1443448128362009e-02	   5.0177555116665107e-02	  -2.0055153381294988e-01	  -3.1276929339821624e-01	   3.0111970141912386e-01	   5.1967100209075454e-02	   1.5879467144045306e-01	   4.3964157051454289e-01	   4.5887244303931451e-01	   7.1005457176069910e-03	
