   0.0000000000000000e+00	  -9.7218779441015368e-02	   6.0194478019009501e-01	   2.7945373276325919e-01	   7.0742631649302012e-01	   3.7396641175631745e-01	   7.6317652043475148e-01	   3.2756699290084357e-01	   7.4850330328878045e-01	   6.0728380465191245e-01	   7.3268175809616620e-01	   3.5186215200999915e-01	   7.9970591062662399e-01	   5.2610990728460916e-01	   5.2227180722841426e-01	   6.2294501493314969e-01	   5.4172629295009922e-01	   3.2716322850515089e-01	   7.5344218721188883e-01	   6.4348121234245037e-01	   5.7846473263907694e-01	   4.9737259361151548e-01	   3.5610107466029239e-01	   1.8874971707782834e-01	   2.7808128540037658e-01	   2.6502401411230203e-01	   2.5527345286427910e-01	   2.9431784949747680e-01	   7.9968031352275060e-01	   7.1165542950281746e-01	   3.4636278398056214e-01	   3.2682166580112609e-01	   7.9043422211362513e-01	   6.5267902558184565e-01	   3.1702874805021175e-01	   3.7211933887798093e-01	   5.4436407324235847e-01	   4.2392266580656240e-01	   4.9277640085653829e-01	   3.5264462945863229e-01	   6.9039086427350738e-01	   3.4777579112125229e-01	   3.4541357437761377e-01	   2.1441152614271947e-01	   1.1932162920018136e-01	   2.7656359111808343e-01	   5.4445527018054607e-01	   5.2886721135269465e-01	   8.4037992657636715e-02	  -5.8715049935171189e-02	   4.2257477551115852e-01	   2.5294570391756560e-01	   4.3386341108972792e-01	   6.7349383080966996e-01	   2.7829406679528224e-01	   8.1628109339032240e-01	   8.9924341560720444e-01	  -2.5470942712668915e-01	   3.0745882500191662e-01	  -1.4975236271951831e-01	   8.4234050953616268e-01	  -9.3690661316293833e-02	   8.0508047467947941e-01	   1.1944794694654896e-01	   5.8821565880228333e-01	  -2.0561983507477360e-01	   5.7622522658051534e-01	   4.6976239568685790e-01	   6.4208211750981303e-01	   1.8268392811945530e-01	   4.9427034979144435e-01	   4.3985557520344132e-01	   6.8546923574626362e-01	   4.7662789719912457e-01	   5.9773885472431498e-01	   4.6729983259686581e-01	   7.4090658042758006e-01	   5.4339693253414800e-01	   2.2931127362642562e-01	   5.4532018473337851e-01	   5.7767977821164063e-01	   5.8183089646331920e-01	   5.5853402528374174e-01	   6.7604368528693004e-01	   5.0605241555909186e-01	   6.6250160306386363e-01	   8.5461781102021933e-02	   5.2008558948045014e-02	   1.3360535621961456e-01	   8.4548614923420007e-01	   6.4815092743243197e-01	   5.7305237110707785e-01	   4.4330055313186606e-01	   5.0006180089576213e-01	   1.8845687364853872e-01	   2.6132968063117468e-01	   3.4390242545167016e-01	   5.5852156053101520e-01	   4.5836639019717973e-01	   6.7452564816623739e-01	   2.2253568323721781e-01	   6.6061326592560166e-01	  -1.1106282313115643e-02	   4.6219875923325748e-01	   1.6227769290384086e-01	   4.5555616128049248e-01	  -1.1543798927113810e-01	   1.9087109932560806e-01	   1.1246160785650766e-01	   3.3585613588468000e-01	   2.1374863890149393e-01	   5.7020346340206385e-01	   7.0952228650657845e-01	   5.0480252877901033e-01	   3.3254150240931518e-01	   3.3209138626597867e-01	
  -9.7218779441015368e-02	   0.0000000000000000e+00	  -3.5873685954632306e-01	   4.9270155699974183e-01	   1.1024632637465089e-02	   3.6238397735939282e-01	  -4.3017568334917877e-01	   5.3318020487591067e-01	  -9.1729613109824526e-02	   1.4811848503038261e-01	   4.8912605072532048e-02	   6.1510209635668367e-01	  -2.2326857762673402e-01	   2.9690407350467607e-01	   3.3589374342451189e-01	  -3.3782717398517542e-02	   7.0621314892785225e-02	   5.2627666097800097e-01	   1.4176857955111660e-01	   4.7806167851492332e-01	   1.5808810385674696e-01	   1.9298082743161860e-01	  -2.5487970305681285e-01	  -1.7277918765074674e-01	  -1.2993265929005934e-01	   6.5525810396591860e-02	   3.1192955028819064e-01	   2.2806104848000452e-01	   2.9347992534866141e-02	   2.2305799843993490e-01	   1.9659231483011419e-01	   2.2636887983944248e-01	  -7.0936531375436471e-02	   2.9416661363753738e-01	  -2.5043691394598577e-01	   1.4949559681324137e-02	  -5.3775554589323082e-01	  -5.1925734288285752e-01	  -3.0058383586832178e-02	  -2.2501714324153105e-01	  -3.0302123577965512e-01	   3.0778600056680656e-02	   9.8176326804143049e-04	   3.6494141533288332e-01	   4.5440826027403713e-01	   7.3415916182597762e-01	  -1.4048840345403005e-01	   1.4380455368207104e-01	   4.6055456424883678e-01	   8.8925916877458233e-01	   6.9254599242395312e-02	   5.3578967171313829e-01	   1.9900781183904925e-01	  -3.5473144042865135e-01	   3.8422130964873880e-01	  -6.0255300241801792e-02	  -2.5748341336548364e-01	   9.4312051234579375e-01	   6.5344745080745992e-01	   8.6478804354715377e-01	  -5.2262403352507057e-02	   8.8851980653376172e-01	  -2.4256024379164878e-01	   8.2788379311049032e-01	   1.4099157324726652e-01	   7.3563188280081993e-01	   4.8137371982715760e-01	   5.5097021491969711e-01	   4.3102576299174222e-01	   7.9615813660231038e-01	  -5.3939340259963248e-02	   1.8001611455865940e-01	  -1.7637063610938118e-02	   1.7818101608314332e-01	   5.8405462395002800e-02	   5.0447288211338995e-02	  -2.0025394905769939e-01	  -6.6542404280337614e-02	   8.9402814712987624e-02	  -1.4009877674325219e-01	   1.2956756478921763e-01	   2.7132249159698979e-01	   4.0033889705634079e-01	   1.4355591836717055e-01	   2.5441784286059460e-01	  -9.9188222845494181e-02	   4.2806852889846092e-01	   3.7899867751080729e-01	   7.7706215469824524e-01	  -3.9001441398204406e-01	  -1.8545916987080142e-02	  -3.0838485275880029e-01	   7.9846842637337961e-02	  -3.5593270567947144e-01	  -3.0986764637541020e-01	  -4.9997226334323808e-01	  -7.0612153206418116e-02	  -2.3624613633470323e-01	   1.8576980284172342e-01	   6.7188848627105571e-02	   6.3016252594489086e-01	   4.2736504345315854e-02	   7.5210344572313614e-01	   3.8926449458974804e-01	   5.2542570610159156e-01	  -1.5807786438332819e-02	   5.3418251748255174e-01	   1.9359769786852560e-01	  -4.3887907960580919e-01	  -5.2088821580058242e-01	  -4.8532049529554483e-01	  -2.3332261337396309e-01	  -5.0766096611731565e-02	   8.5014269538002313e-02	  -3.8715964906962302e-02	  -1.0539120813267050e-01	
   6.0194478019009501e-01	  -3.5873685954632306e-01	   0.0000000000000000e+00	   5.1281011854906489e-01	   5.2970858478454397e-01	   1.2197791416841050e-01	   9.2454608144200179e-01	   3.3812571024591020e-01	   5.9510555474884830e-01	   4.0877039312162533e-01	   4.6299401201950646e-01	  -1.0553566038240600e-01	   5.8068360755350823e-01	   1.5671575404436600e-01	   3.1616981857216819e-01	   4.5602218569139463e-01	   1.6291262670752163e-01	  -9.4118126238561927e-03	   7.0354153203152625e-01	   4.2426910047689770e-01	   2.8253384646822510e-01	   9.1045487080426007e-02	   9.0443512420792793e-01	   7.9473064655567882e-01	   5.4463187072951491e-01	   3.2396100639853687e-01	   4.0095600495311814e-02	   6.3494924140444303e-02	   4.1749117392986768e-01	   2.1450590801304439e-01	   2.7472075836338333e-01	   2.9370978432353023e-01	   5.2806450161121199e-01	   3.7731343087730862e-01	   7.0564872002250334e-01	   4.6158056866001884e-01	   7.1095187298114682e-01	   6.3666078222384126e-01	   5.8165573234154588e-01	   5.6837910204682029e-01	   5.6522044983894471e-01	   3.2689051650113793e-01	   7.0780632526902898e-01	   3.9245733320017917e-01	   3.2206179906585464e-01	   3.2450669055578994e-02	   7.7638053438953103e-01	   6.2417158472643974e-01	   1.1415956871528379e-01	  -3.0160517880209992e-01	   5.9118147681203392e-01	   1.3304880170103048e-01	   6.6251033279914018e-01	   7.9670230884627125e-01	   3.4442702737894026e-01	   6.1919827632762370e-01	   5.6930439301965297e-01	  -5.1182261960294784e-01	  -3.1225792843175537e-01	  -6.2850074930433553e-01	   4.6654430257203561e-01	  -4.9585783886850815e-01	   5.0130646948259572e-01	  -3.4082250565921546e-01	   6.0310278556988650e-01	  -4.4392053339062365e-01	   1.5107575590663780e-01	  -1.0329471134261812e-02	   2.8125567132753881e-01	  -2.2693047078672374e-01	   4.7001339433309325e-01	   3.4772746468190163e-01	   3.0334489463161896e-01	   1.2376002796773058e-01	   2.2269172451545025e-01	   5.3365290590702508e-01	   6.7444508708495388e-01	   3.3230910256914292e-01	   1.1037728865511268e-01	   5.7971210286267350e-01	   2.3688941967690041e-01	   1.5709637052064551e-01	   2.3042959750649217e-01	   3.0566037372109378e-01	   4.6820599663567863e-01	   3.6870997624872887e-01	   4.7060937729253571e-03	  -1.6225617113852533e-01	  -1.1615659201189607e-01	   6.5255459219739453e-01	   4.7553337610472263e-01	   8.2738769977396986e-01	   5.5821188106402364e-01	   8.7931750275018339e-01	   3.1550226866269188e-01	   5.5217309068935660e-01	   3.6199557915035718e-01	   5.4786039944535192e-01	   3.7334607215155480e-01	   5.8300612412977537e-01	  -1.9641969626023270e-01	   5.1727171004352224e-01	  -5.2443494819821923e-01	   1.6848788132266049e-02	  -3.6444498651028712e-01	   3.7834107360424385e-01	  -5.2894740383820404e-01	  -1.4975239276303098e-01	   9.2492617385540654e-02	   4.4020661840093006e-01	   4.4033216595184244e-01	   6.4912128340806052e-01	   6.0704653012050380e-01	   3.0067248120067869e-01	   4.4009419483394335e-01	   5.9014509048217823e-01	
   2.7945373276325919e-01	   4.9270155699974183e-01	   5.1281011854906489e-01	   0.0000000000000000e+00	   3.4054867104978681e-01	   3.2171881328348850e-01	   3.5894895866176491e-01	   8.2240868947516510e-01	   3.3699555449898011e-01	   4.4228377377781142e-01	   3.1615719007438392e-01	   4.3759516951144989e-01	   2.2116483061399200e-01	   4.1613557804551660e-01	   4.6099016117684782e-01	   3.2454633640507680e-01	  -4.4884218226883231e-02	   2.1214918082662632e-01	   6.6842842596025764e-01	   7.6975775559236970e-01	   2.7064779403834027e-01	   1.7767722717063911e-01	   5.3508835375331920e-01	   5.9625309750213784e-01	   3.3709745190444818e-01	   2.9100196041323045e-01	   1.8782730107474604e-01	   1.5095575486973289e-01	   2.2505327714918422e-01	   2.7239624360701276e-01	   2.6345906124056684e-01	   3.4060521758067935e-01	   3.5015946587438118e-01	   5.6078566631174975e-01	   4.4081869611798208e-01	   4.8864477012644836e-01	   1.6423935378024346e-01	   4.1001334061490174e-02	   3.8870479714418937e-01	   2.7597199159538471e-01	   1.7795397147660838e-01	   2.2332957041360407e-01	   6.5564738515827070e-01	   6.7819676869894130e-01	   6.1641360537934076e-01	   5.9122407044094560e-01	   5.8913996911691613e-01	   5.8845079612363149e-01	   4.6388052025607057e-01	   4.5141861197298061e-01	   6.1610268466334883e-01	   5.5441549480501939e-01	   8.0608019614936877e-01	   3.4469415019431088e-01	   6.0139927467705689e-01	   3.1262114663191870e-01	   7.3803200107416048e-02	   2.7898387938286745e-01	   1.7979185726832453e-01	   1.5483469413098727e-01	   2.0158363085402162e-01	   2.7122835424114478e-01	   5.7611447776179325e-02	   3.1294059892634252e-01	   5.2493806053814074e-01	   2.7646071297002678e-01	   4.4017983380796244e-01	   4.2065171586060474e-01	   6.3720601593034432e-01	   5.3625668792197567e-01	   2.4389327547336870e-01	   4.4619008240037372e-01	   7.1710218401445855e-02	   2.1894597581848196e-01	   1.0064545615082499e-01	   5.2769811898333696e-01	   3.9483626680856837e-01	   1.2870002859520766e-01	   6.5942854610624047e-02	   3.3867845605439595e-01	   1.7044053923440028e-01	   2.2578172475272401e-01	   5.2905469361066360e-01	   2.3218448856695509e-01	   5.9284123984052428e-01	   1.8625171579107286e-01	   1.9794226664898371e-01	   1.1677729454125149e-01	   4.9017928562446000e-01	   9.8397401963320003e-02	   2.9380130288596840e-01	   2.6303489789485573e-01	   5.5710029900990132e-01	   3.2970844922902887e-01	   1.5981489343662705e-01	   1.2517900319966666e-01	   2.0446977193496943e-01	   1.5043709560902319e-01	   3.3472158597599150e-01	   3.9373082482189736e-01	   3.0810348932417519e-01	   2.7068380124232927e-01	   1.0786540992406776e-01	   1.5756338701148573e-01	   5.0456081683635121e-02	   1.8359451384846265e-01	  -1.6428991084788264e-01	  -1.8107234224772023e-01	  -1.0786925735318162e-01	   4.5754194003788780e-02	  -6.4460116078845331e-02	   2.2975247273204480e-01	   4.1575879464509213e-01	   3.1666700271166165e-01	   3.6799511870276436e-01	   4.7379244393019837e-01	
   7.0742631649302012e-01	   1.1024632637465089e-02	   5.2970858478454397e-01	   3.4054867104978681e-01	   0.0000000000000000e+00	   7.2732310900269947e-01	   6.7366534989917248e-01	   4.7903809971345224e-01	   8.6620164051052151e-01	   7.2937436288796742e-01	   7.7054425234564561e-01	   3.2180290645820453e-01	   7.3926268430185771e-01	   4.4756116038406313e-01	   7.0685098645888744e-01	   5.2082937736082813e-01	   3.5967895492806551e-01	   3.4351590911782637e-01	   7.9607432748111717e-01	   6.2939774784643998e-01	   7.2280779514536664e-01	   6.7123145507826987e-01	   4.9475221431814376e-01	   2.5424104253948387e-01	   6.8487941111113204e-01	   6.2675805491131864e-01	   6.7738084780916397e-01	   6.7870126542519449e-01	   7.9641023393029053e-01	   7.1327669516340186e-01	   7.5256109304340080e-01	   6.8411095717881687e-01	   8.3877852336697756e-01	   7.3266211552155935e-01	   3.6025078233066182e-01	   4.7467185105110810e-01	   3.8316043068949773e-01	   4.6123720218768560e-01	   4.1418064803730603e-01	   3.5791774757855122e-01	   4.9408988531179465e-01	   5.2960268442194092e-01	   3.5804628503563674e-01	   2.7442234128500420e-01	   3.6588919923451113e-01	   3.8663034389888790e-01	   4.7570469923531522e-01	   5.0289527599463935e-01	   3.4963837987234803e-01	   3.4425721360136635e-02	   4.8371812619225496e-01	   7.7667655024259347e-02	   4.3885216874791311e-01	   3.3907042956307754e-01	   1.2960600837172895e-01	   6.3630661054412474e-01	   5.5325332718749420e-01	  -8.8373560848998681e-02	   3.4068479991377237e-01	  -2.1139720786187088e-02	   7.8025517044677162e-01	   7.5911255095573144e-02	   7.1411548217544529e-01	   1.1841460507203808e-01	   7.6244635581174591e-01	  -1.6802570741495343e-01	   5.7503911188944445e-01	   3.7793465436337947e-01	   5.0281882478661499e-01	   1.9749923276793996e-01	   8.2161954882697907e-01	   7.2535618142052916e-01	   8.0511286975898744e-01	   6.5446106956340477e-01	   6.3721354989203915e-01	   6.3612684480516646e-01	   6.4625797360971582e-01	   6.9212563795578386e-01	   7.5263818771137220e-02	   1.3287531476353881e-01	   3.2671484484602398e-01	   2.4890140418281481e-01	   3.8310023148014716e-01	   6.6093565025629564e-01	   2.3707521898807099e-01	   2.4659107438270983e-01	   3.6003394832565827e-01	   4.8267699853746265e-02	   2.0033480946758014e-01	   4.6452732930693835e-01	   4.4241872396756105e-01	   4.9808158357490828e-01	   1.6207212549810829e-01	   3.5310034942214535e-01	  -1.4734902730681132e-01	  -1.1319415849841312e-01	   1.1388175250496402e-01	   3.2143690210346826e-01	   1.3420594504844335e-01	   4.7862765580997751e-01	   1.7208792992621075e-01	   4.9492646266079843e-01	  -3.3646711500392855e-02	   2.5310315719615206e-01	  -2.6763888670630044e-02	   3.8217482943647801e-01	   1.5183671203730098e-01	   4.5164320720559170e-01	  -2.7523598205491195e-01	   2.0698837009674478e-01	   1.4239673022695612e-01	   2.3807978213774003e-01	   3.8223226953187672e-01	   9.8266819365036895e-02	  -4.9124615483147574e-02	   4.3135144760938882e-02	
   3.7396641175631745e-01	   3.6238397735939282e-01	   1.2197791416841050e-01	   3.2171881328348850e-01	   7.2732310900269947e-01	   0.0000000000000000e+00	   2.2771867566323348e-01	   5.4104770363215227e-01	   4.7477634809687719e-01	   7.7217161637289844e-01	   5.3641580107714404e-01	   4.4279417431496976e-01	   3.9524695011425703e-01	   3.7347040938256804e-01	   7.0275145697598618e-01	   5.8480031947515476e-01	   1.6742291394224007e-01	   2.7377582092592706e-01	   6.6084698133172126e-01	   6.0915433865115687e-01	   6.6620184209691913e-01	   7.3205597193940097e-01	   2.4733267010618532e-01	   9.1361394087990572e-02	   6.3249071900202347e-01	   7.3295399725921950e-01	   8.9642015385705687e-01	   9.3402730625119257e-01	   4.4820421061425947e-01	   5.9546697560539941e-01	   9.0402028694037173e-01	   8.7055737907872444e-01	   5.8809741638419299e-01	   7.1318618106463005e-01	  -9.9605563025028293e-02	   1.5389727617652726e-01	  -1.2548530366119354e-01	   2.1334741787689290e-01	   1.3533645744591266e-01	   3.4866765892336993e-01	   5.5512937381680873e-02	   5.3528156312506692e-01	   1.0476978547013330e-01	   1.8147884995740907e-01	   4.6130069405559565e-01	   4.5358109053279894e-01	   6.7709388126479045e-02	   1.9397678645300606e-01	   6.7239709171246587e-01	   3.0432195112193344e-01	   4.0209723435253142e-01	  -1.3151241019783311e-01	   2.3152607389735319e-01	  -2.3834928725437696e-01	   1.5268420862714203e-02	   3.4901492245426036e-01	   2.0460288320668599e-01	   3.2028706571493659e-01	   6.0979686910662045e-01	   3.8685371110033528e-01	   4.6116491174849183e-01	   3.7953396204741741e-01	   2.8013996707653888e-01	   2.2371800326338903e-01	   6.2979537901456273e-01	   2.1831709535122548e-02	   5.3622030592313130e-01	   3.3574119361217447e-01	   5.3841635962743384e-01	   5.0075796834894781e-01	   7.5463909434730880e-01	   7.8403467032122376e-01	   6.2621698969792372e-01	   5.6129422362211367e-01	   3.0991112152484757e-01	   4.5470711054794122e-01	   1.9887347241269310e-01	   5.7079773929844690e-01	  -2.2138328760244166e-01	  -2.2923629853242100e-01	  -4.1296512712274018e-02	  -7.0618392651091197e-02	   3.8940824453135098e-01	   6.8160693064562616e-01	  -7.7016970905323529e-02	  -1.7444583428321042e-01	   6.0494859483164398e-01	   4.7034695251187131e-01	   2.6963548263802550e-01	  -6.5765170973076980e-03	   2.2561377294869678e-01	   1.3429930593761913e-01	  -1.7130709643155290e-01	  -9.5095121510627101e-02	  -4.2040474571966679e-01	  -3.5610494461837922e-01	  -1.1306545930142366e-01	   1.0918027016638168e-01	  -9.3665597353939520e-02	   1.5082480437965248e-01	   1.5264869079630150e-01	   1.9399559611934419e-01	   1.7830513337650691e-01	   2.2498275953412433e-01	   6.8241999317808499e-02	   2.4749643579534797e-01	   5.3758414713376845e-01	   6.8168455312167375e-01	  -4.2990104203989910e-01	  -2.0068301770480843e-02	  -2.0914894229990771e-01	  -1.6780877399896355e-01	  -4.6105666598407591e-02	  -2.0282628800283065e-01	  -3.2858790964957185e-01	  -2.5840735542625071e-01	
   7.6317652043475148e-01	  -4.3017568334917877e-01	   9.2454608144200179e-01	   3.5894895866176491e-01	   6.7366534989917248e-01	   2.2771867566323348e-01	   0.0000000000000000e+00	   3.5756333280443775e-01	   7.6805008613344694e-01	   5.2631986386339924e-01	   6.8334141696128914e-01	   4.4638146507609777e-02	   8.0500440076826396e-01	   3.4687461045967760e-01	   4.0870807125567804e-01	   5.3700240951061617e-01	   2.6969359757393785e-01	   7.0686349759382566e-02	   7.3963421570294452e-01	   4.6490831737289340e-01	   3.3500202456167344e-01	   2.1204803267697023e-01	   7.7320811108562759e-01	   5.7771091699438593e-01	   5.2075103053871596e-01	   3.0342673332999992e-01	   9.1870175335645593e-02	   1.5174927075689987e-01	   6.2982868095515054e-01	   4.4876531832366046e-01	   3.2821568062286866e-01	   3.1906039661926511e-01	   7.0443039088725490e-01	   4.9722892752123926e-01	   6.0015211091710108e-01	   4.6218115598660153e-01	   6.9517332440933033e-01	   6.2111553222766158e-01	   4.6184266209211017e-01	   4.5230603996385665e-01	   6.4890344263426358e-01	   3.5642128120852729e-01	   5.5291647166920566e-01	   2.3499392339315875e-01	   1.6260187965054262e-01	   2.0332377260095198e-02	   6.8697789531632181e-01	   5.3950670483456953e-01	   3.2359886307422162e-02	  -3.6613627777020152e-01	   5.3195172742311880e-01	   8.1526239291367597e-02	   5.7345389633702293e-01	   7.9993043422545451e-01	   1.4640713117866935e-01	   6.4613730315952156e-01	   7.0527645316856913e-01	  -5.9622050201958099e-01	  -2.2044656021778797e-01	  -6.1420779271682246e-01	   6.9645253827594600e-01	  -4.3965009832400009e-01	   7.4262028278237069e-01	  -2.6761286844549853e-01	   6.2585777359697270e-01	  -4.7269054377522901e-01	   2.0094589434170890e-01	   4.4551821415467249e-02	   3.0628546532346207e-01	  -2.4026580308787643e-01	   5.4144555231661384e-01	   4.3799938375086656e-01	   5.0980128822396276e-01	   3.1770969372593871e-01	   4.1564123307203954e-01	   6.1478743979874129e-01	   7.4527755927656458e-01	   4.7465797673768084e-01	   9.2301553880880016e-02	   5.6482042138732413e-01	   3.3094260923610053e-01	   2.7297026409733710e-01	   3.2171700561074895e-01	   4.7951440620515512e-01	   3.9882057756779959e-01	   4.6148598886843001e-01	  -5.2211617935235995e-02	  -2.2339861517826368e-01	  -1.7853497714840472e-01	   7.4409825800733920e-01	   4.9305637812439729e-01	   7.7979669096129345e-01	   4.1974431277092783e-01	   8.0544301735604207e-01	   2.4501609401561514e-01	   4.6199874929436402e-01	   2.3149115757346042e-01	   4.8526478565765374e-01	   2.9225517720021116e-01	   5.6568055545348384e-01	  -2.0951726927992176e-01	   5.8883405272252654e-01	  -5.2460898017249091e-01	   7.1655225929221356e-02	  -2.8899925868409404e-01	   4.0721026399331928e-01	  -4.4831862122939614e-01	  -2.2625748561135750e-02	   1.5037544334390499e-01	   4.4893138835424384e-01	   3.5025480971936346e-01	   6.3051259038885243e-01	   6.4269130302291311e-01	   3.4939190907232259e-01	   3.8695649704055568e-01	   5.2306897513214901e-01	
   3.2756699290084357e-01	   5.3318020487591067e-01	   3.3812571024591020e-01	   8.2240868947516510e-01	   4.7903809971345224e-01	   5.4104770363215227e-01	   3.5756333280443775e-01	   0.0000000000000000e+00	   5.4481094800686858e-01	   6.3472083860959738e-01	   6.3666967165813348e-01	   7.2983278112696393e-01	   4.7243233806707730e-01	   7.0646788047960796e-01	   6.2258801193989111e-01	   3.7763521055787413e-01	   6.9501800134335573e-02	   4.0261639609236832e-01	   6.6644276412206360e-01	   8.0179196975509659e-01	   2.1769399331758510e-01	   2.2161510540933893e-01	   3.6468271373045325e-01	   3.1170806594788147e-01	   3.7369914852751973e-01	   3.5670546443575313e-01	   2.9805615899952809e-01	   2.9650985311936323e-01	   4.4702121727556676e-01	   5.8497509336106246e-01	   4.1513871831445648e-01	   4.7837573228103170e-01	   4.6220647316003050e-01	   6.9656273823994863e-01	   2.5922291543642140e-01	   4.3711342104159956e-01	  -5.0761177721282649e-02	  -6.3726454442357139e-02	   1.4250714800948425e-01	   8.7220549089518221e-02	   1.0736322456551604e-01	   3.6213767718176060e-01	   3.8543107729540027e-01	   4.1020824793548982e-01	   4.9026718501713429e-01	   6.4454291654267304e-01	   3.1485031949255426e-01	   3.5245661541604845e-01	   4.6608852438180837e-01	   5.0584072009258418e-01	   5.2569333944287522e-01	   4.6673873309872360e-01	   6.4681269572946021e-01	   1.7992670840197234e-01	   2.3358475316038205e-01	   2.0356340530383671e-01	   6.4884511313024598e-02	   3.1149618881490032e-01	   3.0095257847038959e-01	   2.8023774104169608e-01	   4.7645259161938713e-01	   5.3541280770383093e-01	   3.1273182275231187e-01	   5.2828676035105160e-01	   6.2376011483808591e-01	   4.0093348067511303e-01	   4.7370657807019667e-01	   4.4904688336333454e-01	   5.5697944003024580e-01	   5.3672660402866190e-01	   3.0146577061557900e-01	   5.6611187601182555e-01	   3.1299314959860575e-01	   4.8687609016867517e-01	   3.0875014797319461e-01	   5.9298250387442586e-01	   3.0973620911763439e-01	   2.3628783857718311e-01	   3.4982045157853203e-03	   1.8534347801546236e-01	   2.2644762984541539e-01	   3.1293965600816209e-01	   6.2078343884183140e-01	   4.7017856032197380e-01	   4.5853404820303589e-01	   1.1423710567020694e-01	   3.0042906378424106e-01	   1.3175124547807504e-01	   4.4716988430790616e-01	   1.8585767855576803e-02	   1.8096814946239781e-01	   1.3891654359398473e-01	   2.7595878767054366e-01	   1.8887698753521595e-01	  -1.1594734203936055e-01	  -8.2957348249514479e-02	  -1.6502153521795987e-01	  -6.3115670613070385e-02	   1.2309341980688375e-01	   2.6671015365474959e-01	   2.5989237141427440e-01	   3.5274115300616682e-01	   1.1347828190309421e-01	   1.8659419814180517e-01	   7.3596117890931803e-02	   8.7438080959889947e-02	   8.2500329481831544e-02	   4.4722127077657076e-02	  -2.4921836972950001e-01	  -2.0061177922186635e-01	  -3.9826562392571391e-01	   4.8028505285528253e-02	   2.9878454635324425e-01	   2.3877149505847245e-01	   2.3528231670136909e-01	   3.9375329305308365e-01	
   7.4850330328878045e-01	  -9.1729613109824526e-02	   5.9510555474884830e-01	   3.3699555449898011e-01	   8.6620164051052151e-01	   4.7477634809687719e-01	   7.6805008613344694e-01	   5.4481094800686858e-01	   0.0000000000000000e+00	   7.3265315555568633e-01	   8.8706114278809411e-01	   4.3443981613929888e-01	   8.9486887170750862e-01	   6.3619359541711873e-01	   6.6501784024858401e-01	   4.7898167246266765e-01	   4.0079541907190053e-01	   3.1094282769823955e-01	   7.1406977468904353e-01	   5.9153346158134357e-01	   5.1971251191420198e-01	   4.9844742460334118e-01	   4.4661900834319695e-01	   2.3856291842544874e-01	   5.3719569616359952e-01	   4.3596669668188992e-01	   3.8113091531369570e-01	   3.8066412314032427e-01	   8.8606793926138416e-01	   7.6314288349691750e-01	   4.7735352147633980e-01	   4.2633278629694538e-01	   8.1090527589374095e-01	   6.9628228273915349e-01	   5.6425136630722572e-01	   6.2713907049957807e-01	   5.3610508093767129e-01	   4.4642181152630711e-01	   4.4157509516012466e-01	   2.9920817239643627e-01	   6.5355369966423127e-01	   5.6192873736476101e-01	   3.5000248142638557e-01	   2.0869757145142029e-01	   1.7693437793941436e-01	   3.1972385715997220e-01	   5.1105122005064763e-01	   4.6037338016316431e-01	   1.0093961684301371e-01	  -2.8036031361851628e-02	   4.5567121210532513e-01	   2.3171089378454546e-01	   4.4781904614072682e-01	   5.2949482878885901e-01	   1.0113217140006697e-01	   6.2082446037619876e-01	   5.3595500885708136e-01	  -2.7401382358249315e-01	   1.8210306455005787e-01	  -1.4569868456791465e-01	   9.0577773091668656e-01	   6.7173176375050131e-02	   8.9157209110974767e-01	   1.9507761520074465e-01	   7.5387207577505433e-01	  -6.0256710763477085e-02	   5.4233773143281350e-01	   4.1744368306290880e-01	   4.2387773018180575e-01	   6.6195864669019347e-02	   6.0363359051153187e-01	   5.6306637499480550e-01	   7.1116041922939710e-01	   6.0844894833929830e-01	   6.7409640112158664e-01	   5.8993902675667487e-01	   7.3282633773892869e-01	   6.2376340188019941e-01	   1.2124499552796995e-01	   3.4799228924842562e-01	   5.2577420916732587e-01	   5.1141639980522535e-01	   4.9604530961419546e-01	   6.5965778789323881e-01	   4.8561751860583902e-01	   4.8377286422542487e-01	   1.6440279900787816e-01	  -9.9847022690056131e-02	   1.9380880856338145e-01	   5.7365056395500047e-01	   4.6770660409010173e-01	   5.1988799341272873e-01	   3.4479548827379075e-01	   4.9572541993832397e-01	  -4.3146058303210454e-03	   1.1982189861734115e-01	   8.2555361646996270e-02	   3.2006136966541882e-01	   1.9424958002299367e-01	   5.2325445289292238e-01	   1.9657234708303745e-01	   5.9780377555667630e-01	  -1.0165170264448127e-01	   2.4360888934958147e-01	   4.7836481004855852e-02	   3.1872794788817160e-01	  -2.2897303700378296e-03	   2.1441544256284792e-01	  -1.1041479417605811e-01	   1.8775030016926939e-01	   6.4725272941239517e-02	   3.6013138958354973e-01	   5.7724526011408284e-01	   3.6323909426391160e-01	   3.0432656963272586e-01	   4.1672087077977671e-01	
   6.0728380465191245e-01	   1.4811848503038261e-01	   4.0877039312162533e-01	   4.4228377377781142e-01	   7.2937436288796742e-01	   7.7217161637289844e-01	   5.2631986386339924e-01	   6.3472083860959738e-01	   7.3265315555568633e-01	   0.0000000000000000e+00	   7.1510233742448259e-01	   5.0015738413535071e-01	   6.6569418512510992e-01	   5.7760229213887737e-01	   7.2621724218573347e-01	   7.7974435409649756e-01	   2.6190998229150431e-01	   1.7406332837557728e-01	   7.0364533522024275e-01	   6.4954046062349513e-01	   5.3202504397310268e-01	   6.1742573006522872e-01	   4.1334883162436603e-01	   3.2786714669506672e-01	   6.1461468728670576e-01	   6.6786615106571634e-01	   5.9558540371507129e-01	   6.3938109216349559e-01	   6.2183585828460997e-01	   6.3441039647119746e-01	   6.6104148713858213e-01	   6.6499332405308287e-01	   7.0899915603882535e-01	   7.5070908084542731e-01	   2.2424350315679878e-01	   3.8141331068732087e-01	   2.4201485613656215e-01	   4.0606397377167047e-01	   4.2483208143485851e-01	   4.4870337335230276e-01	   3.8325398690489526e-01	   6.0669159930182959e-01	   1.4088343718372964e-01	   7.3302574757318648e-02	   2.1241977607875256e-01	   2.5169715469457754e-01	   2.5377025354377991e-01	   2.6533956673065040e-01	   3.3957409412314254e-01	   4.8816481178710798e-02	   3.8418210882421411e-01	  -3.9624553779269885e-02	   2.9893906935699549e-01	   1.5492718598537511e-01	   1.1891546976965009e-01	   5.5289924421643999e-01	   4.1002575787904538e-01	   1.1968607612459409e-02	   4.0105062937740071e-01	   1.2633480629291577e-01	   6.4988286110589888e-01	   2.0338736413256456e-01	   5.4513697363151026e-01	   1.6682831980040486e-01	   7.2414920079834921e-01	   4.5952105933627786e-02	   5.2048740633484136e-01	   3.2789839271685173e-01	   6.2739922765774780e-01	   3.6717384447817419e-01	   6.7071425877640212e-01	   7.5549303066989215e-01	   5.5838353162111409e-01	   5.0335350924503075e-01	   3.9914780242009296e-01	   5.2309214531961790e-01	   4.9144370175567320e-01	   5.7223973519229809e-01	  -1.7985820449545076e-01	   5.5512638903442477e-02	   1.5872019716393548e-01	   1.9602026759453955e-01	   5.9360929910522264e-01	   8.0865847489573750e-01	   2.5681342054901052e-01	   2.5309729510690249e-01	   4.4704763097128014e-01	   3.4352644614492611e-01	   2.6466218511883227e-01	   3.4617202444752765e-01	   4.1841406872244735e-01	   3.3158480266911394e-01	   2.7972496359505206e-01	   2.2768607445326960e-01	  -1.9749537059507208e-01	  -1.8578710578907708e-02	   2.3409236903623617e-02	   2.2474736573526827e-01	   5.1277468286108213e-02	   3.4344133724950443e-01	   2.2401177293916949e-01	   3.5166713957421586e-01	   3.5888348828500186e-02	   2.2337312115720781e-01	   9.8598706456825613e-02	   3.1718240743389775e-01	   2.4938607598120846e-01	   4.0966965474144196e-01	  -1.9393506203282232e-01	   1.0572030567056259e-01	  -1.3370795832065172e-01	   9.7719041232009862e-02	   3.2073377736024400e-01	   2.0080527853224059e-01	   1.0105707795476615e-01	   1.7869931423603880e-01	
   7.3268175809616620e-01	   4.8912605072532048e-02	   4.6299401201950646e-01	   3.1615719007438392e-01	   7.7054425234564561e-01	   5.3641580107714404e-01	   6.8334141696128914e-01	   6.3666967165813348e-01	   8.8706114278809411e-01	   7.1510233742448259e-01	   0.0000000000000000e+00	   6.2413114661279512e-01	   9.4317014120122866e-01	   7.8394506343388926e-01	   7.2861230903870422e-01	   5.6567193948405636e-01	   3.2477086573247588e-01	   3.4420933023330391e-01	   6.7834125292001968e-01	   6.2801319881050754e-01	   3.6827906960455925e-01	   4.0833445798666124e-01	   3.7651713361799999e-01	   1.6552935251671647e-01	   4.0013563286672515e-01	   3.5863492954132342e-01	   3.4254280489514100e-01	   3.8784206376725094e-01	   8.3104994256941045e-01	   8.2826319313465113e-01	   4.9693362986160750e-01	   4.9340706481453622e-01	   7.3681542359092256e-01	   6.9306948915070821e-01	   2.8162225410306996e-01	   4.2593664027121814e-01	   2.7756569045411861e-01	   2.5898124440978809e-01	   1.9108811206491974e-01	   8.5150239346843251e-02	   5.0148713196199657e-01	   4.3183665432730822e-01	   1.9065219534968572e-01	   1.1892020766999395e-01	   1.4405674838332960e-01	   3.4592468786146036e-01	   2.8806806907673521e-01	   3.2322336183340777e-01	   1.3378764791683018e-01	   5.1828599152959259e-02	   3.7574324563887440e-01	   2.2126697453685196e-01	   4.0187977410798453e-01	   4.1412071563905301e-01	  -1.8281766722883234e-02	   4.6545430805070265e-01	   5.1036726353298401e-01	  -1.6054416427203613e-01	   2.2642662558776064e-01	  -5.2476041956436598e-02	   8.9232780307069548e-01	   2.1845643120140473e-01	   8.2379211945560704e-01	   2.9188960108390705e-01	   6.8575299753077756e-01	  -2.2776444041220457e-02	   4.3655786025740984e-01	   3.4050742975976894e-01	   4.0563367801767691e-01	   1.0596627172919518e-01	   5.6004675203449583e-01	   6.2917955167535755e-01	   6.9708544198251698e-01	   6.0443029887882549e-01	   6.8631858183848793e-01	   6.0545994869229680e-01	   5.8851678688174403e-01	   5.6896408224395090e-01	   2.2669158021045672e-03	   2.2235509345296067e-01	   4.1296689449657792e-01	   4.7040261810384038e-01	   6.0594350939968655e-01	   6.8422729619341449e-01	   3.5437979169245326e-01	   4.1967404375855877e-01	   1.6669682769370531e-01	  -4.7970921177783024e-02	   2.0554148244457893e-01	   4.9402247211906447e-01	   3.3715729139061990e-01	   3.9636827405148251e-01	   2.0677810882815503e-01	   3.9913549028860418e-01	  -1.7582674197217429e-01	  -1.5995513588897704e-02	  -1.5873793351814597e-01	   1.2794145943189261e-01	   1.0259219758768423e-01	   4.0704836293775104e-01	   1.4430619886174867e-01	   6.0745721141663800e-01	  -8.0234797379839629e-02	   2.9610978019784367e-01	   6.7883071403600850e-02	   3.3043442569684606e-01	   2.5827755857461717e-02	   2.5813980788018642e-01	  -1.1107034387651327e-01	  -1.1282121878068542e-02	  -2.2301845722578045e-01	   2.6763599317426873e-01	   4.6786270789998607e-01	   3.1311232626021257e-01	   2.3427311243836524e-01	   3.2229400215798554e-01	
   3.5186215200999915e-01	   6.1510209635668367e-01	  -1.0553566038240600e-01	   4.3759516951144989e-01	   3.2180290645820453e-01	   4.4279417431496976e-01	   4.4638146507609777e-02	   7.2983278112696393e-01	   4.3443981613929888e-01	   5.0015738413535071e-01	   6.2413114661279512e-01	   0.0000000000000000e+00	   4.6713408758439257e-01	   8.7366447307610418e-01	   6.9328710475683453e-01	   4.1778889427552224e-01	   5.4352690656172098e-02	   3.5229360663579423e-01	   3.7129490761665918e-01	   6.4398208389114708e-01	   1.8108263706053052e-01	   3.5115860294174761e-01	  -1.4859049818076508e-01	  -2.0594297833148528e-01	   3.7484621775822138e-02	   1.4713790540489508e-01	   2.5686567514293790e-01	   2.5891487664632734e-01	   4.5644266604986944e-01	   6.5049700585660686e-01	   2.2523217059127426e-01	   2.5622023029040258e-01	   2.9749414480087061e-01	   5.0222315929689243e-01	  -9.1205243861072469e-02	   1.6514389586008651e-01	  -2.8539191324191610e-01	  -3.8724040447375790e-01	  -9.2599622546570615e-02	  -2.6464854940412574e-01	   1.4678796516821210e-01	   1.4650268168972824e-01	  -6.3645594931038343e-02	   1.4073255219679634e-01	   9.0393412834348943e-02	   5.4065207844404362e-01	  -7.0417978399573200e-02	   8.5930567001639729e-02	   1.4084379806292507e-01	   5.2233458736846194e-01	   7.2271480628716703e-02	   4.6847928280756668e-01	   2.5708004912952254e-01	  -1.2788307326566262e-03	   3.9603407303417486e-02	   8.3769824960803804e-02	   4.9050625028209227e-02	   4.0804426147556933e-01	   5.2812268210697266e-01	   5.4139547846584335e-01	   5.0311279547691479e-01	   7.4859611577041640e-01	   3.0538446912723638e-01	   7.4831831606472510e-01	   4.2345283893051966e-01	   6.0464962599714067e-01	   5.1856258773093256e-01	   5.6266248458011936e-01	   5.5324046437455421e-01	   6.4739298543943624e-01	   1.0507842353538552e-01	   3.8788896339921142e-01	   2.5980031699164696e-01	   3.6725306653733614e-01	   3.4307100416657343e-01	   2.2701902625285880e-01	   1.1038129336054030e-01	   6.5463569650994660e-02	  -1.2960268779157841e-01	  -4.3673501669017220e-02	   2.6733233811577978e-01	   5.4796651463840407e-01	   7.8853397939744918e-01	   4.7295725987622328e-01	   4.4665850560129688e-01	   3.8456500516204911e-01	   1.3542409710322542e-01	   2.3863674941539736e-01	   6.0658945324461877e-01	   8.5953923000747778e-02	   4.0729867795656849e-02	  -1.0695395105641009e-01	   1.5753784080049185e-01	  -7.0127941315558842e-02	  -1.6951299586046106e-01	  -3.5743840181608710e-01	  -3.1789482633195709e-01	  -2.5558302236755426e-01	  -1.0662211894070742e-03	   1.9659862543858003e-01	   5.2625293275699536e-01	   4.2784756510829020e-01	   4.8791660725012187e-01	   5.0106934745018528e-01	   5.2381264641261727e-01	   1.5532865627293854e-01	   2.9969903225560401e-01	   1.5562677831778390e-01	  -6.2076031801805591e-02	  -3.9719888267788156e-01	  -6.6993978218963590e-01	  -1.2763874821848192e-01	   2.3082026918046950e-01	   3.9768852685145872e-01	   2.5883956801960423e-01	   2.1513795021698168e-01	
   7.9970591062662399e-01	  -2.2326857762673402e-01	   5.8068360755350823e-01	   2.2116483061399200e-01	   7.3926268430185771e-01	   3.9524695011425703e-01	   8.0500440076826396e-01	   4.7243233806707730e-01	   8.9486887170750862e-01	   6.6569418512510992e-01	   9.4317014120122866e-01	   4.6713408758439257e-01	   0.0000000000000000e+00	   7.3649487469190733e-01	   6.4222086223994257e-01	   6.1665795475532614e-01	   2.7711649496301582e-01	   1.4908717247576206e-01	   6.5552980301012664e-01	   5.3353816131424825e-01	   3.7833957847667121e-01	   3.9591701335318330e-01	   4.2914012290850762e-01	   2.2309606027833095e-01	   4.1589483649989623e-01	   3.3078679810686618e-01	   2.3281249597421311e-01	   2.9855371017433763e-01	   8.0994125403256012e-01	   7.4308507057261597e-01	   3.8902784474905150e-01	   3.7702931454029665e-01	   7.7045269266070870e-01	   6.2136393051209360e-01	   3.9210737069007245e-01	   4.5530650662269090e-01	   4.8507364178737500e-01	   4.0903792091813063e-01	   2.6350912389505993e-01	   1.9307333877008695e-01	   6.4685251155959334e-01	   4.0238521729717414e-01	   2.4588189817259606e-01	   6.7495803565431986e-02	   1.7109768170072617e-02	   1.5566805052526378e-01	   3.9009204224189259e-01	   3.1897274244196600e-01	  -1.6047073627718123e-02	  -1.8450726149510244e-01	   3.8280798910135472e-01	   1.2923487690027741e-01	   3.7090620881129788e-01	   5.6619417734261179e-01	  -5.1111720090021961e-02	   5.3244475074038777e-01	   6.0054424388784966e-01	  -4.2879434462759841e-01	   6.9834768622606250e-02	  -2.8878239369590608e-01	   9.0414445769450258e-01	  -5.5016868721805202e-02	   8.6736041225775817e-01	   6.1936437411246728e-02	   6.4605227346209171e-01	  -2.1376861597076735e-01	   3.6333524053614802e-01	   2.5767720552886553e-01	   3.6510710442297795e-01	  -6.2535820599475517e-02	   5.4849912211478369e-01	   5.4507813781803327e-01	   6.6046812802918975e-01	   5.1605639027747319e-01	   6.5580388464548067e-01	   5.7651101102270952e-01	   6.8003807341904676e-01	   5.6338358602491834e-01	  -1.3067642140021304e-02	   3.0950172151375893e-01	   4.0712351575277084e-01	   4.4489837210973909e-01	   5.4158700273209714e-01	   6.1756363648229984e-01	   3.7596657120893773e-01	   5.4219746771296840e-01	  -1.9466993103866379e-03	  -1.3988254396701044e-01	   2.6672089921652160e-02	   6.6315174571788138e-01	   3.7000937018444996e-01	   5.0047198438572726e-01	   2.6708519313224766e-01	   5.1934884184153873e-01	   3.2493181185418080e-02	   1.6728385145667601e-01	  -4.6193327209113913e-02	   2.4725944261043689e-01	   8.6924200676212870e-02	   4.5317378487639565e-01	   1.1520372722708155e-02	   6.1816120083126869e-01	  -2.5526966490488617e-01	   2.3829462969547743e-01	  -3.1263590040237210e-02	   3.7421145770155739e-01	  -1.8164069568926039e-01	   1.3234384354576895e-01	   8.8623221585120301e-02	   1.8890652994127227e-01	  -6.0502783619657677e-02	   3.5861387373729869e-01	   5.3536525863951923e-01	   3.5211467014784897e-01	   3.0121241475585669e-01	   3.8947639382274030e-01	
