   0.0000000000000000e+00	   2.7604670775411323e-03	   5.1175874809626598e-01	   1.6676061294627803e-01	  -5.7301274130823112e-03	   4.2199717910912210e-01	   4.9854387910706649e-01	  -2.5804502545317110e-01	  -1.3241634611339653e-01	   2.6827721399630727e-01	   4.9673090922544288e-01	   1.9204819278750068e-01	   2.8568283243820258e-01	   1.9744836585643555e-01	  -5.2996831790222625e-02	   5.0528053260986039e-01	   5.7519846115553774e-01	   5.6473072409482650e-01	   4.8953112310632152e-01	   5.3285368416859902e-01	   3.0204888472814367e-01	   2.8041038065958862e-01	   2.3142843358382809e-01	   3.4824313865954198e-01	   1.0718575991590881e-01	   3.8684225650968579e-01	   2.3285398572078686e-01	   4.0383144680076410e-01	   2.1035236430164705e-01	   2.7028322231267493e-01	  -1.4866966698797149e-01	  -4.8613928058363280e-02	   1.7870499612160762e-01	   1.4120992086339382e-01	   2.0554957969478163e-01	   1.9919767253308729e-01	   3.5543922159161417e-01	   2.8637394011841510e-02	   4.6487868298610485e-02	   4.3851396747511130e-02	   2.5857741655317079e-01	  -2.4215794022757772e-01	   2.8274767061331391e-01	   2.8882817769062341e-01	  -3.1944209318125721e-02	   3.2069952962593809e-02	   2.7204860375899681e-01	   3.0797303712496682e-01	   1.2550340158440951e-01	   1.4871313709910647e-01	   9.6528436399618098e-02	   1.6556592593235686e-01	   1.0530632406377269e-01	   5.4432023657353590e-01	   8.7509262831544796e-02	   4.4698541614607107e-01	   9.5141145938658789e-01	   1.4687991060004496e-01	   1.9393658047908963e-01	  -1.7399760913166445e-01	   1.1467208030799605e-01	  -3.8118577799180042e-01	   6.0812805090552891e-01	   9.3889815471668608e-02	   2.4010412711902668e-01	  -1.3390071306195614e-02	   2.5064465178138839e-01	   3.1189499717388725e-01	   5.3719149462315008e-01	   4.7644551938963681e-01	  -1.7520847576254570e-01	   1.8577031730383042e-01	  -2.7863556667321890e-02	   2.6652922888092140e-01	   8.4025572581306607e-02	   3.9685387718463883e-01	   4.6589374944845185e-01	   4.1308800106812266e-01	   4.0656342934505185e-01	   6.6028167766944357e-01	   4.8426662287300482e-01	   6.8998128253980417e-01	   2.6020726910659892e-01	   5.2937405292914896e-01	   2.8043580123554002e-01	   6.3560596440042538e-01	   2.4753508420386072e-01	   3.7820680173677079e-01	  -1.8190081107313244e-01	   6.8442984874398627e-01	   4.4622546044220235e-01	   5.9534065734988251e-01	   1.8734428641769335e-01	   6.5363067408363718e-01	   4.6683684689826049e-01	   3.5082551681708751e-01	   1.0129674824830778e-01	   5.8443635632468860e-01	   3.3223410966003353e-01	   5.0808334354083495e-01	  -1.5444087215382671e-01	   6.6554264855132961e-01	  -1.3799304265617593e-01	   7.7331870463490504e-01	   1.5343161251315146e-01	   5.0280878863533773e-01	  -4.5310274445169463e-01	   4.9381446524386496e-01	   2.1364483710101262e-01	   4.0982050057470576e-01	   4.9653709199270235e-01	   4.6429074076138788e-01	   5.7408935673875527e-01	   5.3577112837454344e-01	   4.1991316575187054e-01	   2.0281509791186071e-02	
   2.7604670775411323e-03	   0.0000000000000000e+00	  -2.6186954049700739e-01	   8.2157965823081724e-01	   6.0481594841172970e-01	   7.9664729413240223e-02	  -4.4053790488188749e-01	   7.0891204914601547e-01	   6.3565158523938103e-01	  -1.5784934858861933e-02	  -1.9158392844411082e-01	   4.1428563679431163e-01	  -3.8338338849056869e-01	   5.3998609252351870e-01	   6.0437508791978334e-01	   4.0371287519196601e-02	   5.4711793862636471e-01	   5.3910873808595661e-01	   5.1397075740402420e-01	   6.0360804194959905e-01	  -1.5678784573093801e-01	  -6.6059343771904169e-03	   9.2190321802137661e-03	   2.6639190808395763e-01	   1.3101337707034402e-01	   1.1698978749148434e-01	   2.2187706326209888e-01	   6.6078384042609600e-02	  -7.8499222915759587e-02	   2.5054475708434488e-02	  -1.8573448356613637e-01	  -2.0706592964796497e-01	   4.4595231213022674e-01	   4.8426372188410199e-01	   3.9023140239077270e-01	   2.1361549840817556e-01	  -4.4508126786898250e-01	   1.1316394303038763e-01	   1.7184897041116595e-01	   6.1534956190671564e-02	  -3.1082435394862151e-01	   3.6328824919094629e-02	   4.0781996266437515e-01	   4.0253968752982133e-01	   3.3979939349233551e-01	   3.2292543382912720e-01	   4.1582480645078479e-01	   3.4839017468923766e-01	   2.5225428109964809e-01	   3.7965200600744053e-01	   2.3007072247106441e-01	   2.1365999196072322e-01	   4.9942497901620031e-01	  -9.3161187299691375e-02	   5.4490376078252134e-01	  -5.2079431923502048e-02	   1.4223912452648454e-01	   9.4599985683447207e-01	  -2.8762772622518068e-01	   6.1869712883823158e-01	  -9.6678816553043292e-02	   5.6395451935271201e-01	   3.4357081543856260e-01	   8.3593573485444372e-01	   2.4646617391406153e-01	   6.0384980286638879e-01	   4.9883826025868228e-01	   5.0423579952225539e-01	   5.5459830035106528e-01	   5.9177726533217745e-01	  -1.1170852728153760e-01	  -4.5745679768663339e-01	   1.3923291726148670e-01	   4.5451390028531838e-02	   3.2435124563342976e-01	  -1.5463971458518536e-01	   3.7386524829580936e-02	  -2.1600557221185362e-01	   2.8741381126267451e-01	   9.8290769152046903e-02	   3.4258905679691398e-01	   1.2450626076584231e-01	   4.0040395574393778e-01	  -4.3208255900260978e-02	   4.4563055316157107e-01	   1.0224726440622764e-01	   4.8790313989556555e-01	   1.3792155819844429e-01	   8.6007553637169831e-01	  -4.0117829803295801e-01	   4.6233444115007272e-01	  -2.0736605981774119e-02	   6.5319410502820063e-01	  -4.3833483756077202e-01	  -7.4659229504006996e-02	  -1.9330218495093909e-01	   2.2638514619542668e-01	  -1.9381060006222312e-01	   2.9733263301454854e-01	   9.1556945530772982e-02	   8.3513114937100164e-01	  -4.9147337067157448e-01	   7.1772330866163614e-01	  -3.4727776786787362e-01	   5.0163046564482827e-01	   1.5143524259020841e-01	   6.5236676422874096e-01	  -6.1733972699172868e-01	  -1.3642148893304157e-01	  -7.5435254419562907e-03	   2.3841820863448610e-01	   4.0678896179406690e-02	   3.7207822972376114e-04	   4.3282663457384130e-02	   1.6956321278419179e-01	   8.3196422526964936e-02	
   5.1175874809626598e-01	  -2.6186954049700739e-01	   0.0000000000000000e+00	   2.0065750406610003e-01	  -3.1058861315422281e-01	   5.3227420749390811e-03	   9.4164447555366326e-01	   3.7196406751707420e-02	  -1.5795392948779058e-01	   3.0848073170913171e-01	   6.3856369090396370e-01	   1.9023246218851775e-01	   7.0416715828653065e-01	   1.1781369272477688e-01	  -2.3640058361033604e-02	   3.9045672365725670e-01	   2.6224907351402188e-01	   3.8905756514073930e-01	   3.4579031923712122e-01	   2.8522554678301426e-01	  -1.1851836048814843e-01	  -1.6872363640339250e-01	   6.6101897893116268e-01	   5.0201713891418354e-01	   6.3593843144262169e-02	   7.6107455246284220e-02	  -9.9812762969723662e-02	  -2.6571631735640477e-02	   5.6830148521516466e-01	   4.5448320244386320e-01	   1.8337339202016523e-01	   1.6263884432744566e-01	   2.0411103616647647e-01	   2.4028019257023289e-01	   2.3238481996149404e-01	   3.3182297938884914e-01	   2.0779692714515990e-01	  -5.1175616565061206e-02	  -1.6660446672540331e-02	  -4.4450947849165263e-02	   2.2235095676963034e-02	  -3.1560525442855025e-01	   3.0615629800819510e-01	   2.5654463586889964e-01	   1.5705204687139501e-01	   2.0980199646778336e-01	   2.3516474732600900e-01	   1.2104810165876985e-01	   4.4030738607495970e-02	  -3.3790050739906527e-02	   5.1689795588305991e-02	   2.9069162493491101e-02	  -1.6777460542126638e-01	   2.8099641037808104e-01	  -2.3570364326290771e-01	   1.6001531904578287e-01	   4.9071812110309793e-01	  -2.2187014953781026e-01	   2.9926689833098147e-01	  -4.0511406890932555e-01	   5.9830260026973792e-01	  -2.5233761141870886e-01	   3.4515215143624178e-01	  -1.1150349240630514e-01	   1.6861871753527299e-01	  -2.1241443764950665e-01	   4.5887961864237888e-02	   6.0480389490019118e-02	   1.6228930865362468e-01	   5.4950983696183085e-02	  -5.5811027822790828e-02	   2.5081399770957413e-01	   3.0675699822865742e-02	   2.8604918061896834e-01	  -4.1168143370893173e-03	   2.7204104474873714e-01	   2.8696408953504388e-01	   2.4100231033726591e-01	   4.1718041994578944e-02	   3.5094097840144667e-01	   8.7857013780035145e-02	   2.5638062813502638e-01	   6.2938447561103075e-02	   4.7744665832047029e-01	   7.4277591455065822e-02	   2.6871899909355451e-01	  -1.7564077259979510e-01	  -7.5416161834203688e-02	  -2.5360547725458893e-01	   5.3781338438315673e-01	  -2.3012119757976060e-03	   2.4606192390337739e-01	   6.1188929857377464e-02	   6.7752838477762711e-01	   1.0741373798068346e-01	   7.6078974651245468e-02	  -1.8944570929127179e-02	   3.0186718651915040e-01	  -8.0405863106100303e-02	  -1.6160101234858473e-02	  -2.9875663171771122e-01	   6.1618329443270770e-01	  -5.1333755604983144e-01	   4.4796659164579222e-01	  -2.9538049394096533e-01	   6.9367096599104883e-03	  -6.6933493477767370e-01	   3.8782611933044620e-01	   8.5561895067474109e-02	   1.3372361845832414e-01	   2.1304155500416683e-01	   1.0022473003555200e-01	   3.4386624489692846e-01	   2.0160616686659547e-01	   3.0048664759992283e-01	   2.7169600416853007e-01	
   1.6676061294627803e-01	   8.2157965823081724e-01	   2.0065750406610003e-01	   0.0000000000000000e+00	   4.4509617917279021e-01	   1.0559021980534456e-02	  -3.3234193805782922e-02	   8.0895745906375371e-01	   5.4448831731078851e-01	   8.0529629937192301e-02	   1.0562632557723919e-01	   5.2452508048830293e-01	  -1.0326948077015066e-01	   5.6308206396612637e-01	   5.6191824267070645e-01	   1.2958301470011649e-01	   6.6976479749437889e-01	   6.9822942060036919e-01	   6.3440531606410278e-01	   6.7077893610712247e-01	  -1.7087858526816591e-01	  -5.3658082959005170e-02	   3.8278939808831874e-01	   5.9032583529565641e-01	   2.6871869100434381e-01	   2.0072487381558618e-01	   2.0325971085531405e-01	   3.6369474087870779e-02	   2.4158923618845163e-01	   2.6939614427554504e-01	   1.1632188422994186e-02	  -1.1525114814788788e-02	   5.7538359823701457e-01	   6.1874638077958410e-01	   5.5643620243201453e-01	   4.3723648514242530e-01	  -2.8130968417054664e-01	   2.2949990464930853e-01	   2.4147350315061433e-01	   1.1761011600280732e-01	  -2.2899840114175496e-01	  -2.0101441608244223e-02	   5.3996697278734285e-01	   4.6745561284239456e-01	   3.4986272254913309e-01	   3.5718854153888890e-01	   5.1651719915770522e-01	   3.6806730519855280e-01	   2.2150245855588435e-01	   2.9980579493433485e-01	   2.4666541161442310e-01	   1.8188764881533287e-01	   4.3211741464771247e-01	   1.1748159261069806e-02	   4.5162539131695500e-01	  -2.3881254590820827e-02	   2.9329993288237943e-01	   7.7435320707984623e-01	  -1.6445170462802156e-01	   4.2149849812420365e-01	   1.7324364910429207e-01	   5.1307371226651755e-01	   4.5535926144102623e-01	   7.5343880210264902e-01	   2.6976050973899374e-01	   5.1926014743887738e-01	   4.8345183984317275e-01	   4.8163694140246627e-01	   5.6447187733027393e-01	   5.3830391136400946e-01	  -1.2399918686057723e-01	  -3.1781949589901615e-01	   1.5940354298881870e-01	   2.2288478585511945e-01	   3.3836831946408136e-01	  -1.2174510613551560e-02	   2.1968579349543937e-01	  -2.2522683273512062e-02	   3.9615609009035929e-01	   2.6910792444988046e-01	   4.1273008231201569e-01	   2.1567464861182692e-01	   4.4137682323327082e-01	   1.1042671609007784e-01	   4.8399046884538854e-01	   1.6479996154157667e-01	   4.2572436878785358e-01	   1.5921029294840550e-01	   7.6573040014201310e-01	  -2.1008835959335981e-01	   5.0086178440191764e-01	   1.0312927516097589e-01	   7.6454409972752879e-01	  -1.4395380250513398e-01	   3.1604929899094192e-02	  -4.4042647402904138e-02	   2.3771896975824050e-01	  -6.8455280860643147e-02	   2.5418906629481031e-01	   6.1758165103878424e-02	   7.2371650179312097e-01	  -2.7717532263541078e-01	   4.8041319431257934e-01	  -2.1766184510774719e-01	   3.5259590592584500e-01	   1.2781085934066061e-01	   3.6213753731100240e-01	  -5.6888413127226090e-01	   1.0719284320900805e-02	   1.5492927456285827e-01	   3.6445192749256805e-01	   1.2602417455665832e-01	   1.9891613371032915e-01	   1.7355398955728668e-01	   3.6812288309977043e-01	   2.7470131871450332e-01	
  -5.7301274130823112e-03	   6.0481594841172970e-01	  -3.1058861315422281e-01	   4.4509617917279021e-01	   0.0000000000000000e+00	   6.8322296355912238e-01	  -3.7195055041750857e-01	   3.6311287278261589e-01	   9.1455808325784715e-01	   4.9566474494521406e-01	   5.9055246256227406e-02	   4.8570678546606605e-01	  -4.3577154572149758e-02	   6.8719825154466896e-01	   8.4016970651603773e-01	   4.5588454674496637e-01	   4.1775202265470834e-01	   2.1399765387548111e-01	   3.4086281752623593e-01	   3.0012248493366916e-01	   3.2849077599115861e-01	   5.1236682215737805e-01	   1.7746212901372516e-01	   3.0415853587467662e-01	   6.4946648637944271e-01	   6.1770755613926009e-01	   7.9794748045222907e-01	   6.6857200410066442e-01	  -5.7600805830057417e-02	  -8.7461897106974815e-02	   2.5335693274276572e-01	   2.5803798263045818e-01	   3.3183622442554750e-01	   2.7059570035600439e-01	   2.8957729684449035e-01	   6.1895579026309641e-02	  -7.1239204852275598e-02	   1.2391209383216573e-01	   4.0751366441534737e-01	   2.8429435679827120e-01	   1.1655368572874888e-01	   1.8713458655594783e-01	   1.6349671468060675e-01	   9.2419316046729066e-02	   1.5906334871001476e-01	   8.9408548908302493e-02	   2.6521906489439401e-01	   1.5234844057702834e-01	   5.4117186133263950e-01	   5.1680095403601123e-01	   4.8254518247021588e-01	   4.1957889750590355e-01	   4.4026989327863969e-01	   3.4826937972510678e-02	   6.2388707999645976e-01	   1.9204791387249093e-01	   8.5255988550964640e-02	   5.3862553903213195e-01	   2.7415860660952140e-01	   7.7158299699012667e-01	   1.6494687854388615e-01	   5.3862704338871736e-01	   3.2769469548203928e-01	   5.8755753292734847e-01	   5.6895513982126600e-01	   7.5623631015790393e-01	   6.9789329204217987e-01	   5.5076252483540566e-01	   4.6071340459712418e-01	   4.0769817671559416e-01	  -4.5866634228090883e-02	  -2.6459999262940326e-01	   1.2283582228529241e-01	  -1.6483806102037729e-01	   1.4720375930628207e-01	  -2.3344950874252290e-01	  -1.8362964573695051e-01	  -3.3314112396252865e-01	   1.9489243294199146e-01	   7.4205940571461931e-02	   4.3108883448834195e-01	   2.3352668822392925e-01	   7.5894682349853915e-01	   1.4961345504482981e-01	   6.1535435487347789e-01	   2.9719100672283116e-01	   7.8883540251492357e-01	   4.9639012986283548e-01	   7.3607623655800936e-01	  -1.8806900209654509e-01	   3.6542372308973248e-01	   1.0997955171932149e-01	   2.4338867903547243e-01	  -4.8992958452623836e-01	  -1.6974630997580753e-01	  -1.5658099967546724e-01	   5.8663301073957064e-02	  -1.4800697105660574e-01	   3.3741364559595238e-01	   2.6876566766300136e-01	   4.6744174479162759e-01	  -4.8697495236641297e-01	   5.5988682466627393e-01	  -1.9909748965928728e-01	   5.2962457076723979e-01	   2.7128558857152602e-01	   6.6020119010493605e-01	  -2.6831981906772612e-01	  -2.8354706861269413e-01	  -1.8371643558179615e-01	   7.7859010058101613e-02	   7.7237178660298396e-03	   4.3400997297403585e-02	   9.8449555845770267e-02	   7.7938760621797123e-02	  -1.9593544011914787e-01	
   4.2199717910912210e-01	   7.9664729413240223e-02	   5.3227420749390811e-03	   1.0559021980534456e-02	   6.8322296355912238e-01	   0.0000000000000000e+00	   8.8196946031604051e-02	  -2.7176009532454781e-01	   4.9599144587725813e-01	   7.6732841285434006e-01	   3.3949616440853697e-01	   3.1155635691210459e-01	   2.7935195599129004e-01	   4.9699265234812917e-01	   4.8277254622434262e-01	   7.9340653391641580e-01	   3.4420830267135910e-01	   1.6136545705487826e-01	   1.2093860910369245e-01	   1.2604052436830135e-01	   5.8446381192729568e-01	   6.9796456489725245e-01	   2.4150455276716093e-01	   3.1026513424990221e-01	   6.0983429765456132e-01	   8.2299563524130059e-01	   8.3392403062001352e-01	   9.3300891688674126e-01	  -7.3342366124602862e-02	  -7.0712060666724905e-02	   2.7040087096163823e-01	   3.5694178666452525e-01	   1.0572117956002057e-05	  -6.5905615916047114e-02	   1.8236031407175185e-01	   9.9326845942340231e-02	   4.2579861044949369e-01	   1.5231322169577616e-01	   4.4580382765090082e-01	   4.1739282594648852e-01	   5.2386281321554451e-01	   2.1709590138798263e-01	  -2.5282049739445915e-02	  -4.0885533577065564e-02	  -5.8426507045704207e-02	  -9.3154615218181344e-02	   8.3591746100859815e-02	   1.1327149639832729e-01	   4.8927398057149118e-01	   3.7090756632885230e-01	   3.8166153373448769e-01	   4.4202896483679943e-01	   1.5804759613560865e-01	   3.9182210572149878e-01	   3.8554430568740894e-01	   5.5448747225899919e-01	   4.4761145990907769e-01	   1.1398878548695937e-01	   5.8814409522336841e-01	   4.2081499634823299e-01	   2.3225564482297628e-01	   1.1769777748892318e-02	   3.6802113702362516e-01	   1.3437857725004215e-01	   5.9327010549629500e-01	   4.6610271326103486e-01	   5.4089158072198074e-01	   4.7043907073479035e-01	   2.8370581532197608e-01	   2.5333575553814325e-01	  -4.0708462717839226e-02	   1.9148307958191960e-01	  -2.0387635394715505e-02	  -4.1591362000345244e-02	  -1.8262818784443326e-04	   1.3200268653960373e-01	   3.7463712798878737e-02	   7.9657980760354088e-02	   2.5132602659380177e-01	   3.4989944421393110e-01	   4.7928664142014360e-01	   5.7585806484110724e-01	   7.0606057187551385e-01	   5.2558078851763401e-01	   5.3484251677360506e-01	   6.5854587327008152e-01	   7.3072847551136266e-01	   6.0471095057317470e-01	   1.7621968573632221e-01	   4.9464553074818063e-01	   2.8142026086422323e-01	   4.3780668391957978e-01	  -1.2823601444830199e-01	   7.2252358555528362e-02	  -9.8136558649495088e-03	  -3.8888124991347452e-02	  -1.6067866775158934e-02	   2.2344815536807583e-01	   3.9251281467644616e-01	   5.1879413912912542e-01	  -1.2670402715185014e-01	   1.1857843162822555e-01	   7.1031854289212354e-02	   4.1817771571755114e-01	   3.5719550855727622e-01	   4.8077403939124053e-01	   7.2541056590440911e-02	   3.6490537300566955e-01	  -2.6877996388029862e-01	  -9.0589108131786084e-02	   2.0159163375568251e-01	   2.1640917128141701e-01	   2.5928509010742729e-01	   3.3275343137842323e-01	   1.8522373145091175e-01	  -3.2091116406593956e-01	
   4.9854387910706649e-01	  -4.4053790488188749e-01	   9.4164447555366326e-01	  -3.3234193805782922e-02	  -3.7195055041750857e-01	   8.8196946031604051e-02	   0.0000000000000000e+00	  -1.2850254203805686e-01	  -2.3560874910701957e-01	   4.0520471303411010e-01	   7.4296527486811370e-01	   2.1177326837689447e-01	   8.3593830683561943e-01	   1.0585724082322813e-01	  -1.0443772049836772e-01	   4.2344536624231888e-01	   1.6118083842933648e-01	   2.8085791418340322e-01	   1.6900647594394130e-01	   1.2221533897607205e-01	  -6.5023489632322143e-02	  -1.6417505456077169e-01	   5.5263202954116220e-01	   3.6355776664100048e-01	   2.9187525796733817e-02	   6.5141350129248807e-02	  -8.1028183703373308e-02	   2.2165044085961639e-02	   4.8378860871032936e-01	   3.8388065558438461e-01	   1.9014962668307231e-01	   1.6320393971351693e-01	   6.7375229466049277e-02	   1.0491041526675926e-01	   1.6830354255738994e-01	   3.3417419309541641e-01	   3.0918312181681895e-01	  -2.7710956466150641e-02	   6.0230755559331460e-03	   2.1577937285974950e-02	   1.3083215158223149e-01	  -2.4725820576093810e-01	   8.9678052492420918e-02	   7.4273171315985154e-02	  -3.1545647134081034e-02	   3.5684224147034344e-02	   6.5442415285460923e-02	   1.5459504990616539e-03	  -1.5512915682544889e-02	  -8.5949098632150861e-02	   5.2997022635025787e-02	   8.6726310943755519e-02	  -2.0489964731249455e-01	   3.8310674810884593e-01	  -2.7646802769935880e-01	   2.3956061021777952e-01	   4.4841476817049453e-01	  -4.0327072836014866e-01	   4.2512963727405656e-01	  -4.0906889693812576e-01	   6.6669820204100816e-01	  -2.8635192078953026e-01	   3.0400764545558256e-01	  -2.2486751226636487e-01	   1.7063733113276347e-01	  -2.2420986248599983e-01	  -2.1947306872074648e-02	   1.6791468173731616e-02	   1.2821061244482129e-02	  -7.6646493838676139e-02	  -1.1971549540101102e-01	   3.0192866994588652e-01	  -5.2562824934945331e-02	   2.7935231786967196e-01	  -1.4356688618686669e-01	   2.9347333720968510e-01	   1.9887102687534461e-01	   2.4309044745561076e-01	   2.4916691859183130e-03	   3.1180292215638655e-01	   9.2989093690010557e-02	   3.0788334280195961e-01	   5.0853997838881150e-02	   5.1312661615811095e-01	   7.5179516516737405e-02	   3.5039353880938329e-01	  -1.7007525371613699e-01	  -8.4541773206296106e-02	  -3.8903418023179076e-01	   6.6929388906618259e-01	  -1.1831395806320433e-01	   2.6488094292542641e-01	  -1.1630770469025256e-01	   7.1798122871068026e-01	   5.7282422406208157e-02	  -1.5777765591855453e-02	  -9.1367401178025540e-02	   2.9928206953551750e-01	  -8.8443883689235142e-02	   3.5549410335810765e-02	  -4.8556397555937503e-01	   6.8293009373848268e-01	  -6.5678212833079597e-01	   5.2253686994248094e-01	  -3.3639266787015198e-01	   4.8060706193114873e-02	  -7.8023295306835294e-01	   5.5934362089477996e-01	  -5.4863496514616222e-03	   1.1987788158582733e-02	   1.4522962825873051e-01	   9.5420375533967997e-02	   3.4903236913062663e-01	   1.9407116536403143e-01	   2.8407532098989186e-01	   2.2992506943970276e-01	
  -2.5804502545317110e-01	   7.0891204914601547e-01	   3.7196406751707420e-02	   8.0895745906375371e-01	   3.6311287278261589e-01	  -2.7176009532454781e-01	  -1.2850254203805686e-01	   0.0000000000000000e+00	   5.5732879598477725e-01	  -2.6315005108406370e-02	   5.1024994856612049e-02	   5.4947949605019153e-01	  -3.4576009405310484e-02	   5.0751232308862015e-01	   5.5411498237457368e-01	  -1.7358858664518537e-01	   3.5713091564926902e-01	   3.8332654376943320e-01	   4.5525728129431803e-01	   4.2751419228547338e-01	  -4.7769630657389062e-01	  -3.4023122518217103e-01	   2.1511158162344940e-01	   2.9420654481959502e-01	   5.7476560499380713e-02	  -1.9526600915369935e-01	  -3.7571785252727211e-02	  -2.8668361734501102e-01	   1.9794486887612883e-01	   2.0581753903455874e-01	  -2.2676962728513460e-02	  -1.0791389953197149e-01	   5.1889937312026968e-01	   5.7874046346465657e-01	   3.6696902118957186e-01	   2.8492015513168634e-01	  -5.8071614538763539e-01	   4.8839289824984602e-02	   1.8551542995733864e-02	  -9.8017501734584525e-02	  -4.9905760853740921e-01	  -1.0524973618006431e-01	   3.5295712290504938e-01	   2.9453281064864334e-01	   2.8167371134925323e-01	   2.9319107647800319e-01	   3.4321832681584419e-01	   1.4108199199574406e-01	   1.3325983388808016e-01	   2.4726963293551435e-01	   2.4316605634089586e-01	   1.4215971998705826e-01	   4.2920401995069946e-01	  -1.9332196326407175e-01	   3.3998478795417986e-01	  -3.1568439998604902e-01	  -1.5317431320881936e-01	   5.7999305044444305e-01	  -1.5423556744030009e-01	   4.8170427724110798e-01	   2.7978762195449369e-01	   7.6086792301438877e-01	   1.8938371438845386e-01	   6.9655021203563205e-01	   7.5442386817672291e-02	   4.6251592673191744e-01	   3.3280934208616009e-01	   2.8556830352086093e-01	   3.4733454146398213e-01	   2.8819223355313672e-01	  -2.3886694486661603e-01	  -5.4854192832904114e-01	   1.4069917424256931e-01	   1.0185693485376511e-01	   1.6817808896082526e-01	  -2.8644329221997561e-01	  -1.1983449591459172e-01	  -3.8251072200093567e-01	   9.2892219934684578e-02	  -1.5854890729852161e-01	   1.6813330167353793e-01	  -1.6871440473843854e-01	   2.4136511028363761e-01	  -1.7445515837730302e-01	   3.3027783698159713e-01	  -1.7923282415319050e-01	   1.6029195031957216e-01	  -1.2543403753104554e-01	   7.7709854134351541e-01	  -5.5245080682507874e-01	   2.3084475246598291e-01	  -2.0877038292778693e-01	   6.6298809669243430e-01	  -3.9711979054189628e-01	  -2.0486976460615977e-01	  -2.8507800684234352e-01	   7.5611808314868384e-02	  -3.9953363816547149e-01	   9.1052975991932211e-03	  -2.2529619174916271e-01	   7.5697223784146062e-01	  -5.0196420921601459e-01	   4.6333270777285007e-01	  -5.6893848706683847e-01	   1.7359717257429572e-01	  -1.9871292987546532e-01	   4.6150699029065867e-01	  -7.0577163754872008e-01	  -5.9732035692992139e-02	  -1.6801023041341437e-01	   1.8153246915073869e-02	  -1.3383903645017303e-01	  -1.1000109844156520e-02	  -1.5044669600841815e-01	   1.0663628958575683e-01	   3.4581599744729336e-01	
  -1.3241634611339653e-01	   6.3565158523938103e-01	  -1.5795392948779058e-01	   5.4448831731078851e-01	   9.1455808325784715e-01	   4.9599144587725813e-01	  -2.3560874910701957e-01	   5.5732879598477725e-01	   0.0000000000000000e+00	   5.2164778515395627e-01	   1.5132265811452561e-01	   6.1712574489821126e-01	   1.2280004054457261e-01	   7.8879698217606753e-01	   9.5474032442962531e-01	   4.6264766254755940e-01	   3.7737691377289523e-01	   2.7358314230888764e-01	   3.3315161071469729e-01	   2.9456174595817985e-01	   1.3398104104864864e-01	   2.8839387797451643e-01	   3.0267799224824127e-01	   3.8456522151204298e-01	   5.9470683484402653e-01	   4.5516314568129768e-01	   6.8580926548227350e-01	   5.0267793816532791e-01	   6.2302615805410189e-02	   2.1924171548264183e-02	   2.8104397423178445e-01	   2.3825021273785155e-01	   3.3847474308286685e-01	   3.1588058202792246e-01	   3.2295827990387110e-01	   9.6299222496459613e-02	  -1.5744322113908460e-01	   1.7255803788219554e-01	   4.3543856499096234e-01	   2.9097210821729502e-01	  -5.4435646650413715e-04	   1.6215056795428867e-01	   2.0685956364938296e-01	   1.1561947141045102e-01	   2.3160373418766872e-01	   1.5521286333988940e-01	   2.9233971254709995e-01	   1.3003451291667262e-01	   4.8710610847516578e-01	   4.8769740512042059e-01	   4.8243642880717841e-01	   4.0133103319235108e-01	   4.3682219884767060e-01	  -1.8112253290188625e-02	   5.7595363575527803e-01	   1.1402561055257335e-01	  -2.4834664836034224e-02	   5.4073773464043773e-01	   2.2275188725727024e-01	   7.4758444595246898e-01	   3.0836209442477047e-01	   6.4055739864627270e-01	   2.8472569671883646e-01	   6.2803010809780835e-01	   5.5732294950097483e-01	   7.4717866285818579e-01	   6.0587147214276049e-01	   4.6322345925663860e-01	   3.9763850115146832e-01	   3.5060659881811074e-01	  -9.7147570842353009e-02	  -3.0689236306839651e-01	   4.2083984648201463e-02	  -1.9792442667258023e-01	   8.1477844419475864e-02	  -3.1289850630842081e-01	  -2.9107759838502617e-01	  -4.4130321298263175e-01	   6.9139240058744778e-02	  -1.0380617567722360e-02	   3.3237877842701158e-01	   1.1991568796836857e-01	   7.3765575506179626e-01	   1.7252287958682735e-01	   5.9033992637105004e-01	   2.0580893930089611e-01	   7.1381242422566937e-01	   3.6563793391328681e-01	   8.0315847319046640e-01	  -2.4991730385729621e-01	   2.6881317493056939e-01	  -5.3411158953075855e-03	   3.0746225236362162e-01	  -5.0075620638665863e-01	  -2.7601128230126920e-01	  -2.9895790311777271e-01	   3.5597522449634954e-02	  -2.8115433780978694e-01	   2.3247245915621267e-01	   1.2927345347803637e-01	   5.1651400959088023e-01	  -5.0678865060544842e-01	   4.8327421850127328e-01	  -3.3122721575702962e-01	   4.0980790692599178e-01	   1.3763437900490433e-01	   6.0009332727061493e-01	  -3.6968884937100649e-01	  -3.0106202298641427e-01	  -2.8973754730960843e-01	  -2.0057987551230930e-03	  -6.1905489975117203e-02	  -1.3080446294453945e-02	  -1.8874710705938137e-02	   5.3690810698120858e-02	  -1.3513275384295820e-01	
   2.6827721399630727e-01	  -1.5784934858861933e-02	   3.0848073170913171e-01	   8.0529629937192301e-02	   4.9566474494521406e-01	   7.6732841285434006e-01	   4.0520471303411010e-01	  -2.6315005108406370e-02	   5.2164778515395627e-01	   0.0000000000000000e+00	   4.8264370142656299e-01	   4.1765442587726814e-01	   5.9295339252218071e-01	   5.3861836064079827e-01	   5.5104425658472089e-01	   8.4973460084064378e-01	   1.6837758302744860e-01	   1.6439913234048978e-01	   1.6548756993183568e-02	   2.0343528909637379e-02	   2.2453490316069485e-01	   2.7681696463154126e-01	   4.2913583584234993e-01	   3.9907963606191932e-01	   4.9340627913715107e-01	   5.7504205401756958e-01	   5.9276124068803904e-01	   6.2871806176093448e-01	   6.7493388739550103e-02	   1.1881881297176128e-01	   3.6439264344181055e-01	   4.1081229135224867e-01	  -9.7029912006683150e-02	  -8.1079768430114718e-02	   7.7238679137568544e-02	   1.3520271818636848e-01	   2.3891864975320509e-01	   7.9910335123807491e-02	   3.3540796569526382e-01	   2.7073344837480245e-01	   2.8072986684286022e-01	   4.2272768349564407e-02	  -6.0365751558788448e-02	  -6.1921708141997087e-02	   5.2964948231901031e-02	   2.9974118020225343e-02	  -4.7002508913983831e-02	  -6.5269761012203401e-02	   4.0276978297677291e-01	   2.8585260115504835e-01	   2.2013510654771976e-01	   2.8223768731758775e-01	  -9.0444747441743190e-02	   1.8422231882568901e-01	   9.5451772478220759e-02	   3.0081938655745866e-01	   3.0794666273301008e-01	   1.7963163536431129e-02	   6.5551224981515344e-01	   4.1453377277001241e-01	   5.6450587184656331e-01	   2.2519208981584499e-01	   1.9239137945849383e-01	   7.4496315440426661e-02	   4.6694942256909377e-01	   4.0787981612980906e-01	   3.1080640707961438e-01	   3.0520595850510657e-01	   6.6415963153165003e-02	   5.4587818124520196e-02	  -1.0707662330450038e-01	   1.9803112708187012e-01	  -2.0667748751821938e-01	  -8.9263212792753108e-02	  -2.0394870750464228e-01	   5.7509607995318165e-02	  -2.2139998875187658e-01	  -6.7028706052858822e-02	   1.0980213989195218e-02	   2.0405819463346259e-01	   2.4651005233598694e-01	   3.4559060853165841e-01	   5.9097423828201823e-01	   5.5817981421648477e-01	   3.9513446767466320e-01	   4.4948861517508520e-01	   5.2162310290227154e-01	   4.7928831085299972e-01	   1.3805280387035734e-01	   4.5853823491262630e-01	   1.0641421257801945e-02	   2.3536755869773307e-01	  -1.1506057925265775e-01	   1.5767509617137868e-01	  -2.8656666041288320e-01	  -2.8633362106946481e-01	  -2.5535818013531308e-01	  -5.7825047773538175e-02	   8.2010181834546225e-02	   2.0486060604800052e-01	  -1.4528414528560038e-01	   2.2989096749823479e-01	  -9.3438462604456138e-02	   3.0927230799730043e-01	   3.7748595549458697e-02	   1.4577679197658600e-01	  -1.1566952603855157e-01	   3.6201199547693769e-01	  -3.1306585612339533e-01	  -3.6602929805506673e-01	  -2.4329835682499749e-02	   5.1531851624752059e-02	   1.7915291815526149e-01	   1.0150726790256417e-01	   1.2397665889150666e-01	  -1.2356053561218623e-01	
   4.9673090922544288e-01	  -1.9158392844411082e-01	   6.3856369090396370e-01	   1.0562632557723919e-01	   5.9055246256227406e-02	   3.3949616440853697e-01	   7.4296527486811370e-01	   5.1024994856612049e-02	   1.5132265811452561e-01	   4.8264370142656299e-01	   0.0000000000000000e+00	   7.0118065267601581e-01	   8.6958590463794216e-01	   5.5408976553755451e-01	   2.6215926806394763e-01	   5.1469488022095689e-01	   4.7559702936057435e-01	   4.6399708564297781e-01	   3.0547292287982131e-01	   2.3218607890688311e-01	   1.2408471290409989e-01	   6.7660644594764563e-02	   5.6272667399880072e-01	   4.6288946878370413e-01	   3.0017003546580945e-01	   3.0179736727636913e-01	   3.3335649859870731e-01	   3.1975799012059070e-01	   5.3152485427029994e-01	   3.5366331578804383e-01	   2.9933494938577732e-01	   2.6648530879310101e-01	   2.8547581024664431e-01	   2.7563615056369284e-01	   3.6990017608109105e-01	   3.6202977769831135e-01	   4.0745779646718150e-01	   1.8447149855886416e-01	   3.2072567452784206e-01	   3.0567586238766919e-01	   2.8973575946465002e-01	  -3.8708469633602437e-02	   6.6421489169763495e-02	  -2.2628343884829136e-02	  -2.2439681185357149e-01	  -1.7686651300828293e-01	   1.7365142533113537e-01	   3.5742816030428309e-02	   1.2876443528428266e-01	   8.6486467593644506e-02	   4.2549261050600473e-01	   3.8870074538191896e-01	   2.4274844178315819e-01	   5.9519086301465596e-01	   1.9603274973298213e-01	   4.3084783977312802e-01	   4.9221634135406822e-01	  -2.4076830441774558e-01	   5.3975828937685344e-01	  -7.9358439445510937e-02	   7.6936196787408950e-01	   1.4378431847725685e-02	   6.3455316737111800e-01	   1.7756591324201798e-01	   4.7698240688347637e-01	   1.9487660277128277e-01	   3.0295864009369811e-01	   2.0036904644148612e-01	   2.4583893931038414e-01	   2.7473291546278304e-02	  -2.9834986516687956e-01	   2.0605670150745589e-02	  -2.1950481475712595e-02	   2.0004182384293706e-01	  -1.5745913830276731e-01	   1.3249996763492394e-01	   1.0442700419922907e-01	   1.8089415375949797e-02	   2.4806015200344644e-01	   3.9883882215210215e-01	   5.1124629930643084e-01	   5.5418090990818203e-01	   4.9031628205435851e-01	   5.8380124305312042e-01	   5.4805802453379471e-01	   6.2578676413478695e-01	   3.0427824102018397e-01	   1.1993711944934154e-01	   1.4098491983562233e-04	   5.5830081506845619e-01	   1.1292434651260694e-01	   3.6363966813000698e-01	   5.3077351499681777e-03	   4.3671226745797609e-01	   2.9443300369765141e-02	  -9.6305869463260613e-02	  -9.5141504387841011e-02	   1.8518739360266009e-01	   1.6916695825905553e-01	   2.5187517847637231e-01	  -3.2058111768683067e-01	   3.5712935026350490e-01	  -5.1468324082598871e-01	   3.3240305865996728e-01	  -6.4625146593744437e-02	   2.6066697321419957e-01	  -5.0719218731700011e-01	   3.5075249553231924e-01	  -1.0325898138987050e-01	  -1.0823423558816958e-01	   1.1671603275444196e-01	   9.7596676251565720e-02	   3.9204500865836078e-01	   2.2509974324166826e-01	   3.3134305761264382e-01	   5.4594623227653419e-02	
   1.9204819278750068e-01	   4.1428563679431163e-01	   1.9023246218851775e-01	   5.2452508048830293e-01	   4.8570678546606605e-01	   3.1155635691210459e-01	   2.1177326837689447e-01	   5.4947949605019153e-01	   6.1712574489821126e-01	   4.1765442587726814e-01	   7.0118065267601581e-01	   0.0000000000000000e+00	   4.8171423679854020e-01	   8.9568068879984963e-01	   6.7300253482569594e-01	   3.8031495260907039e-01	   6.2640818955016719e-01	   5.7550774816353667e-01	   4.1414384286380940e-01	   4.2238683089604789e-01	  -4.9658933259512733e-02	   2.2958867719716572e-02	   3.8141338592669682e-01	   4.3649902040097349e-01	   3.3688258791958170e-01	   2.6101063541563430e-01	   4.4024075065379398e-01	   3.1333120355307953e-01	   3.2932426827604622e-01	   2.5323578278475556e-01	   1.3295760734364551e-01	   9.3208259127020215e-02	   4.6455716726857854e-01	   4.6700486158393179e-01	   5.1995664233039562e-01	   3.8293621631558716e-01	   4.5892737135444138e-02	   2.9289065991712437e-01	   4.6996433522407471e-01	   3.9965968977112565e-01	   1.0503340969930913e-01	   8.1787833677535310e-02	   1.9697047336546988e-01	   1.3665457716215873e-01	  -5.9865868003630245e-02	  -3.1638266740813742e-02	   3.9893918385512378e-01	   2.5491893141688970e-01	   2.9909163867240351e-01	   3.9273634339462343e-01	   6.5634692614913170e-01	   6.1829532307428603e-01	   6.8961788178924643e-01	   5.1676793664061638e-01	   6.7650639029083592e-01	   4.1327704519510527e-01	   2.9230000021007296e-01	   3.1098699765531262e-01	   3.2237229016853886e-01	   4.6275667264193493e-01	   5.5597701578929648e-01	   4.8990278662917935e-01	   6.6407405059650837e-01	   6.9741980364448986e-01	   4.5489963756487001e-01	   5.7706818476023458e-01	   5.3647948196323347e-01	   4.4665935130979062e-01	   4.3085328349995833e-01	   2.7354773001400506e-01	  -4.7408556172956784e-01	  -4.1280546377594662e-01	   5.3290359102448727e-03	   1.1782458754368691e-01	  -1.2457195516812680e-02	  -1.0502975782850540e-01	  -3.8747754025053351e-02	  -2.5485371860834288e-01	   3.2000880952164890e-01	   2.1848988531845112e-01	   6.4735545826366125e-01	   4.6130492548923208e-01	   7.0066974936654347e-01	   3.4039436978699644e-01	   7.5354490746755132e-01	   5.2935981616004590e-01	   6.1019839635124906e-01	   1.5069642494471552e-01	   6.1808972939143558e-01	   1.1828791067921945e-01	   3.4723712964084430e-01	   2.3746602524978616e-01	   3.8258282436564472e-01	  -9.0144705616945958e-02	  -1.6657722962944788e-01	  -2.6138518243556974e-01	   6.8511936566773998e-02	  -4.6192925072133635e-02	   3.9678536501193329e-01	   3.1948481757365071e-01	   2.7673512623278473e-01	  -1.9617481759256955e-01	   2.5973219855504423e-02	  -1.1927091379951477e-01	   2.5268911200780153e-01	   2.5707408415109523e-01	   4.3985830692752345e-02	  -2.1954326200403476e-01	  -2.4811389044086674e-01	  -2.4559025659084560e-01	   1.8110418433135739e-01	   1.1253957413720575e-01	   2.7370429033468019e-01	   1.3583979920661993e-01	   3.5016041351701743e-01	   8.7619748889450927e-02	
   2.8568283243820258e-01	  -3.8338338849056869e-01	   7.0416715828653065e-01	  -1.0326948077015066e-01	  -4.3577154572149758e-02	   2.7935195599129004e-01	   8.3593830683561943e-01	  -3.4576009405310484e-02	   1.2280004054457261e-01	   5.9295339252218071e-01	   8.6958590463794216e-01	   4.8171423679854020e-01	   0.0000000000000000e+00	   4.0385946907027648e-01	   2.4579232141095719e-01	   5.3918486467292071e-01	   1.6340007294199788e-01	   1.8933493382311381e-01	   8.9136017525719008e-02	  -7.5735141448535614e-03	   5.3292074017813745e-02	  -1.8139314869655684e-02	   5.7641648445520322e-01	   3.6215122502985331e-01	   2.4871153744181215e-01	   1.7648033416195627e-01	   2.2755069343255990e-01	   2.2781153961420264e-01	   4.7475170658671428e-01	   3.2184220539584046e-01	   3.5192153555135264e-01	   2.8174610265483713e-01	   9.2566999096048097e-02	   1.0699294975010934e-01	   2.0525048538722526e-01	   2.7651304518567266e-01	   3.2877684503553561e-01	   7.9641853815484484e-02	   1.9669879307776947e-01	   1.7746701102367846e-01	   2.5889242009562546e-01	  -8.9387011130509120e-02	  -4.2037850708149360e-02	  -1.1290044633852356e-01	  -1.5366012304047166e-01	  -1.3215983062768868e-01	   7.4346485313073222e-03	  -1.0516228037107253e-01	   1.2157033141592424e-01	   2.5174993709158773e-02	   2.9107585027936789e-01	   2.6703720662790520e-01	  -4.9250848067641705e-02	   3.9523699818445168e-01	  -8.1949076186077843e-02	   2.9167391870878201e-01	   2.4165330010848657e-01	  -4.3574847088212659e-01	   6.1882342641430899e-01	  -1.2092798633464988e-01	   8.2834295626170706e-01	  -7.6931383802339394e-03	   3.0686260062587278e-01	  -1.0791560747976081e-01	   4.0017164070098077e-01	   4.3690550147761631e-02	   1.3452324926481124e-01	   4.9781410021027955e-02	  -7.1018516794809240e-03	  -1.5895448324962150e-01	  -1.3620989055517682e-01	   1.8735395329710902e-01	  -7.8315854661817633e-02	   1.1964045888077160e-01	  -2.6170813690694217e-01	   7.2219244011283323e-02	  -4.3069391722776476e-02	  -3.7556890087363695e-02	  -6.7895326662508349e-03	   1.9641590260674940e-01	   2.1174481927202543e-01	   3.0311536857204036e-01	   3.2834223405313739e-01	   5.3294748775311196e-01	   3.0543342798261414e-01	   4.0234302515987824e-01	   7.9099542729025460e-02	   3.6398384832528857e-02	  -1.8412755480258283e-01	   5.3296849083589115e-01	  -1.4678034881703855e-01	   2.1058073257193616e-01	  -2.0876912701869452e-01	   4.3538930085541455e-01	  -9.2384722567853697e-02	  -2.3102273078402344e-01	  -2.1619597870684076e-01	   1.0424085974861311e-01	  -6.0714787756717292e-02	   8.5520183559472107e-02	  -4.6077455262321609e-01	   4.1445073732346965e-01	  -5.9282932830200874e-01	   3.2937155705001847e-01	  -2.1631301921117829e-01	   1.0506701412327640e-01	  -5.3180526240585368e-01	   5.0751904320888153e-01	  -1.5905815023240011e-01	  -2.1149818271995927e-01	  -3.8216346357129935e-02	   4.6089011198026863e-04	   2.6907361091344073e-01	   1.0071694791837230e-01	   1.8470280859605004e-01	   2.1682273484622466e-02	
