   0.0000000000000000e+00	   5.0065809325903089e-03	   8.9140528572465905e-01	   4.2742986323890658e-01	   6.7872513100410758e-02	   5.3510063286423415e-01	   8.5563414964759554e-01	  -7.0991817690629469e-02	   5.2158733619950826e-01	   6.2570831587309805e-01	   6.3683360818448875e-01	   3.9084716542624753e-01	   8.1537938205913663e-01	   1.9261971419212198e-01	  -1.7366824612238177e-01	   5.5139904593181532e-01	   6.5134131837042886e-01	   3.7268502065606324e-01	   7.6598599599692285e-01	   6.0725146680855124e-01	  -6.2078651238377053e-02	   4.2301746007804480e-01	   7.9463308483474571e-01	   6.1455371970161077e-01	   3.8895511458062793e-01	   4.5836084509342179e-01	  -3.8005537814071688e-01	   9.5119683490433191e-02	   4.4143247270942859e-01	   9.5056764177308156e-02	  -9.3200895070726542e-02	   7.9060239522276754e-02	   6.7713699789007431e-01	   6.5088574642851371e-01	   7.8732393489410657e-01	   6.8919302074339617e-01	   4.1191442111901255e-01	   2.5682933102729866e-01	  -2.1633654811804159e-01	   5.2411536663380209e-01	   1.6168058676865726e-02	   4.3189730932421544e-01	   7.9703018496192946e-01	   7.4982443750200956e-01	   5.3899834349375553e-01	   7.1325152248801860e-01	   7.0610216375627854e-01	   7.7766934926471676e-01	   5.1104229655998690e-01	   5.0646851517450764e-01	   5.9687638443882940e-01	   6.8569142730672217e-01	   2.7366999736837633e-01	   8.2999199188833561e-01	   3.0051468867907993e-01	   6.7626318481420056e-01	   9.1169521257697883e-01	   8.2873464451955037e-02	   3.6666613446480367e-01	  -2.2877971169855321e-01	   5.7099824597000415e-01	  -4.9267596645683653e-01	   7.8397065151878342e-01	  -2.7313540847848611e-01	   6.8379448436205092e-01	  -3.6669574637619974e-02	   6.1137765261721511e-01	   6.1250486469741250e-01	   7.1523939266413517e-01	   6.7728314979077697e-01	   4.8200149793743402e-02	  -8.2038522405253073e-03	   2.5898682676380869e-01	   3.9703335529363981e-01	  -1.4985240908410891e-01	   5.3552311033001132e-01	   4.6822272467056203e-01	   1.4469573423915016e-01	   4.5442532056278112e-01	   7.8875841660456347e-01	   3.6212474197522798e-01	   7.0328075586329097e-01	   3.1293773348744350e-02	   4.0463406484332382e-01	  -1.1215041321817487e-01	   7.7431606019692567e-01	  -4.7964598395080209e-02	   1.8124204910169661e-01	  -2.2094010512770601e-01	   7.4574075771880988e-01	  -4.5996685646725800e-02	   5.0738567707022053e-01	   5.0376987330051012e-02	   6.3806291057998943e-01	  -6.0762693170123193e-02	   2.0894255315156318e-01	   3.1674855935588733e-02	   5.8014579142863232e-01	   2.6394775350435268e-01	   2.7785214036769085e-01	  -8.3652781679661392e-02	   7.4732380120016684e-01	  -1.3537969313547782e-01	   7.6699772573073632e-01	  -4.4264065207101633e-02	   5.0904198717365357e-01	  -5.5136000231067384e-01	   5.3712902980620214e-01	   1.0915492102633167e-01	   8.7646533314623368e-02	   4.2561319012538373e-01	   7.7546877484863969e-02	   4.4607824503282262e-01	   3.3823712919844995e-01	  -2.2690667758099481e-01	  -3.6092283520390794e-01	
   5.0065809325903089e-03	   0.0000000000000000e+00	  -2.9837931840670795e-01	   6.2633028750348441e-01	   7.3780916439552713e-01	  -3.8043698876425408e-01	  -3.8816690667201270e-01	   8.2000593853322667e-01	   4.7823844591069048e-01	   2.1940607557785935e-01	   4.8222688604833730e-01	   6.8405000850244213e-01	   1.1646343890692118e-01	   7.2898648677029965e-01	   7.0547415712078065e-01	   1.8607252018155118e-01	   5.3650471475198758e-01	   7.6029267363430475e-01	   4.0420374680686039e-01	   4.9242505374459500e-01	   5.1265731630608447e-01	  -1.2972614885722974e-01	  -5.9607061445827600e-02	   1.1270654245599893e-01	   1.0836621918525660e-01	  -1.0714341009889962e-01	   2.1250353069636768e-01	  -3.0855443924596643e-01	   5.7106025911760083e-01	   6.0721239305855423e-01	   4.0305703694194378e-01	   3.0973889904721641e-01	   4.3404485990447511e-01	   4.9449372207663544e-01	   6.3788830229109222e-02	  -1.1496432010186595e-02	   2.3423395564382676e-01	  -2.4333961675534956e-02	   6.3686207111517001e-01	   1.6978578650205234e-01	   4.2641010753615327e-01	   3.7575189634936823e-01	   1.0410217586821882e-01	   1.6465777008670596e-01	   4.9936488059038048e-01	   3.8896527114493784e-01	   2.8044487137282748e-01	   1.9263101089345303e-01	   5.4764538716286226e-01	   6.1267503912738541e-01	   3.9899379959878645e-01	   2.7499614146512924e-01	   6.1209047556843355e-01	  -2.5618814799266615e-01	   5.8592128245772357e-01	  -1.2433310266465676e-01	   2.6413309079167369e-01	   9.6344357643724954e-01	   7.3189453720505782e-01	   8.8787582593445780e-01	   3.2139099118817810e-01	   8.1967113608654729e-01	   1.4891992958430361e-01	   8.1398145683743728e-01	   1.8250001470706623e-01	   7.8972633640640988e-01	   5.4872398742335105e-01	   4.6963124210305951e-01	   5.6653879512378102e-01	   5.0879362322497534e-01	   3.1030861448510899e-01	  -2.2276859191807226e-02	   6.0244565222554614e-01	   4.4274198898601547e-01	   5.8759831794444362e-01	  -7.2690846462644843e-02	   1.3774917261944469e-01	  -6.9569928615288795e-02	   7.0817958251325119e-01	   5.6558219993902599e-02	   6.7741815243566816e-01	   2.6762130324435129e-01	   6.8042420770473278e-01	   2.5194604592115744e-01	   8.5054329729680278e-01	  -2.9955918122701586e-01	   8.3879546763920054e-01	   6.0837610197606073e-01	   8.6397664650768702e-01	  -5.3210731338440631e-01	   2.2405581251854628e-01	   1.0419153359974583e-01	   4.2071923667977451e-01	  -5.2610884744931041e-01	   7.9404359301886329e-02	   4.3264177098837557e-02	   4.4872684862315498e-01	  -4.1142439406380890e-02	   3.5122746101008417e-01	   4.3415521766222298e-01	   8.5481369684872854e-01	  -5.1833876814827606e-01	   8.6381015981700826e-01	  -1.0991235678461914e-01	   5.6143586885582997e-01	  -2.0136761367836986e-02	   6.8379436388788606e-01	  -4.0825013073242261e-01	  -1.2932070266838447e-01	   5.1751035911687296e-02	   5.9710962508643960e-02	   2.0175413646439314e-01	  -2.8924218892869286e-01	  -6.8737823230793693e-02	  -4.3976115031148511e-02	   1.4282129471112309e-01	
   8.9140528572465905e-01	  -2.9837931840670795e-01	   0.0000000000000000e+00	   3.4819477489631867e-01	  -9.9423228007163189e-02	   6.9820409759198743e-01	   9.8876904166679180e-01	  -1.6262091043307514e-01	   4.7658770794264671e-01	   6.4836347305701314e-01	   5.5519122405435595e-01	   2.8405304997324238e-01	   8.3843567593156343e-01	   1.1136383186570800e-01	  -2.6658444980715307e-01	   5.9928868679138736e-01	   5.0949922310625606e-01	   1.7682088237315222e-01	   6.8406273143183238e-01	   5.6763670302398839e-01	  -4.9602671998030090e-02	   5.9642168462954814e-01	   8.6831831092896516e-01	   6.8667159545161605e-01	   3.9907303571543734e-01	   5.4931749110014372e-01	  -4.1114806808504600e-01	   2.0376892056117415e-01	   3.3225324768763786e-01	   4.4055332809250287e-02	  -1.4540774010543558e-01	   6.5742894780117966e-02	   5.5876063162104384e-01	   5.4707656020601947e-01	   7.3036549602303114e-01	   6.7150534013080876e-01	   4.7478501602387307e-01	   4.6103113764746889e-01	  -3.0890984013247347e-01	   5.7889507106491056e-01	   3.5674511505065738e-02	   4.3801598795432484e-01	   6.8931631912589475e-01	   6.2753342095580922e-01	   3.4313349171628094e-01	   4.9855643387501425e-01	   6.1223389007804685e-01	   6.9122384783103052e-01	   3.6394646195370561e-01	   3.3002725145332801e-01	   5.1767296046034106e-01	   6.6383193525530504e-01	   1.8463633550124600e-01	   9.2418127140595963e-01	   2.3831054811838279e-01	   8.0025994195124761e-01	   7.5065848225621523e-01	  -1.8375825234006718e-01	   1.9721592747006672e-01	  -4.0746899137871678e-01	   5.1577443084050378e-01	  -6.4252671168709319e-01	   6.3963038718786036e-01	  -3.9073908886908310e-01	   6.5655419193086073e-01	  -2.2579976447397337e-01	   4.6682820686790411e-01	   4.7821269035452224e-01	   4.9967606375091356e-01	   5.4954284329552705e-01	   4.7376868433103986e-02	   2.2801288611834880e-01	   1.5312303164007357e-01	   3.0602585945563632e-01	  -2.3943132595531341e-01	   5.8293804104220415e-01	   4.6820637476108556e-01	   2.7474639469999762e-01	   2.7107191131398783e-01	   7.2946594274651921e-01	   2.5559038944243900e-01	   6.5308477316630242e-01	  -9.0584633661551034e-02	   4.6370561268994931e-01	  -2.6039028222874017e-01	   8.8480730571147204e-01	  -2.5025356775325286e-01	   1.0088988161225741e-01	  -3.4921222507806821e-01	   9.2157565901818361e-01	   3.6545254907669328e-02	   6.2213281186898750e-01	   6.7125774467389945e-02	   8.5001154490750253e-01	   2.4724619454431378e-02	   2.2642782211824369e-01	   4.7483710451093460e-02	   6.5712456917229956e-01	   2.3377901385636035e-01	   2.4553918285257090e-01	  -2.5049293657095090e-01	   9.1272394062472539e-01	  -3.0446393188723669e-01	   8.2808977754473445e-01	  -8.0872665177318670e-02	   6.0211679860718914e-01	  -7.0096455444435291e-01	   6.6423014844478145e-01	   1.7093569908111958e-01	   1.8077674272623112e-01	   4.8301145593121775e-01	   1.3175881379843057e-01	   6.2150739127468224e-01	   4.6339218147686323e-01	  -9.4085192965455131e-02	  -3.0376920959930548e-01	
   4.2742986323890658e-01	   6.2633028750348441e-01	   3.4819477489631867e-01	   0.0000000000000000e+00	   5.9045928559501037e-01	   9.6823142900132247e-02	   2.7981885349486069e-01	   7.9390433025784457e-01	   7.5154277046355134e-01	   6.7938417878204194e-01	   8.0585211308754956e-01	   9.3982184087054765e-01	   6.8715131126198248e-01	   9.2437249501672647e-01	   5.1885357359406892e-01	   7.1764959360195646e-01	   7.7823418412920320e-01	   7.8420870600564263e-01	   7.6536666429554712e-01	   8.2951051408019905e-01	   4.3481651745734357e-01	   3.1719236188695377e-01	   6.2870686696172151e-01	   8.1533015068229409e-01	   3.6034905650457055e-01	   3.1629877412034169e-01	  -1.6467645481647242e-01	  -2.6712294716594803e-01	   7.0801509285480035e-01	   6.2003140766002751e-01	   1.3203620980574901e-01	   1.8859291719770599e-01	   7.3187452415201337e-01	   7.8612953126597385e-01	   6.1538380487869893e-01	   5.6414879643362170e-01	   6.3412497997416495e-01	   5.3674586463599760e-01	   4.9799233252429231e-01	   7.6390456490946457e-01	   6.8460807294228987e-01	   6.9521739070731592e-01	   4.7140744249580102e-01	   4.7760494785896579e-01	   5.8030015502910337e-01	   5.5720286848643663e-01	   6.6840044358032036e-01	   6.2660380339871335e-01	   7.1035520722119816e-01	   7.7089815437083953e-01	   8.0380363573991498e-01	   7.7976709254679433e-01	   8.6284437247341039e-01	   4.4905084968720077e-01	   8.8479462289825239e-01	   5.8393807916156415e-01	   6.3255470690088855e-01	   7.0609925359722037e-01	   7.2931021248634875e-01	   5.0982002760427791e-01	   5.9270362172605906e-01	   3.2707421511660506e-01	   4.7155875392684071e-01	   4.9148705211071020e-01	   6.7361912236259025e-01	   6.7732720876792496e-01	   7.9207326574472225e-01	   7.9003522635394607e-01	   7.1820317511349785e-01	   7.4447261344739435e-01	   2.5301251797089258e-01	   3.5430551823875656e-01	   5.9413797554155501e-01	   4.7506023275749687e-01	   4.4353684117013659e-01	   3.3910810549921400e-01	   3.9854719526740390e-01	   2.2722350188846999e-01	   8.3388001914292031e-01	   4.5582284243692039e-01	   8.9052863747032218e-01	   7.3004172761210806e-01	   6.8679160627465019e-01	   7.0822950004006358e-01	   7.1970152567030587e-01	   4.2168394228186129e-01	   6.0360069454143683e-01	   8.1612367425944432e-01	   6.6110263989822626e-01	   1.9973816650778381e-01	   4.6493255559623509e-01	   6.8048889812321123e-01	   7.0487503304843124e-01	   1.5799606183092263e-01	   2.3591175945262455e-01	   3.1331062356321948e-01	   4.8278005293050386e-01	   4.9305225442307932e-01	   6.2215725537981437e-01	   6.4317176986136171e-01	   6.9382942093668620e-01	   1.3515885226894722e-01	   6.3660348475296824e-01	   4.8238841729481385e-01	   5.8334373266675610e-01	   4.6838779109750972e-01	   2.2582841571191928e-01	   5.5250687743695154e-02	   3.0719401076309633e-02	   3.5061252020616296e-01	   3.8516914077662034e-01	   3.8059670876248092e-01	   1.9858277092020765e-01	   2.4260029684982526e-01	  -1.9128355533759786e-02	  -8.6607835183041729e-02	
   6.7872513100410758e-02	   7.3780916439552713e-01	  -9.9423228007163189e-02	   5.9045928559501037e-01	   0.0000000000000000e+00	   1.4115949564013963e-01	  -1.7689079040868275e-01	   7.4063248488204192e-01	   7.1141910908134776e-01	   5.0640135747837900e-01	   4.7637392559545116e-01	   6.7036464233431403e-01	   2.5045136846602234e-01	   6.5318326681475491e-01	   7.3850480176200395e-01	   4.0820980274822072e-01	   5.1924552945324254e-01	   6.9280234909844829e-01	   4.3029074670968359e-01	   5.0851688726415400e-01	   5.8702575803309376e-01	   2.2117662573535549e-01	   9.0766174611628336e-02	   2.1350329092426201e-01	   3.6216396918558558e-01	   2.6178837972339419e-01	   5.2152423663921377e-01	   1.3482715021864855e-01	   5.5829748917220645e-01	   6.4650714727833103e-01	   5.2961471904208046e-01	   4.3845681420809929e-01	   4.4518053440825328e-01	   5.1905616682074807e-01	   1.2438743982771661e-01	   1.2059615687432437e-01	   1.3649268210911936e-01	   8.1640364884039793e-02	   2.0140771281604167e-01	   1.4781951645429939e-01	   2.9588297871278185e-01	   3.6141799665660879e-01	   2.6938406080014737e-01	   2.8830313516859007e-01	   4.9318843660588890e-01	   3.5812291914208005e-01	   4.0696812771702284e-01	   2.8453920729006515e-01	   5.3999553835725433e-01	   5.4204990538776665e-01	   3.9708018119663302e-01	   3.0389116004005134e-01	   5.7323737413940135e-01	  -8.2571328516974463e-02	   5.0862003518607679e-01	   2.0186343261021991e-02	   3.1217033908256642e-01	   7.9445690582405670e-01	   6.8345943052794766e-01	   7.1574768309858450e-01	   4.7868864486527363e-01	   6.5428172095015558e-01	   2.5810560883633649e-01	   7.5604336310210440e-01	   2.8743229779861657e-01	   5.7352532090907071e-01	   4.8025884962045506e-01	   4.0911800846120855e-01	   4.5767325727557828e-01	   4.5308023853389290e-01	   3.7017836337683985e-01	   1.1438337639313939e-01	   5.8488784857394172e-01	   4.3710259789791150e-01	   5.8506947576063140e-01	   1.8410017119119207e-01	  -2.7329833710310170e-02	  -1.9059472970348423e-01	   6.9196272200858844e-01	   7.4014140763607850e-02	   6.6508077855382719e-01	   3.7538632012308271e-01	   5.3222367725138486e-01	   4.5626427435122818e-01	   7.2491031534265915e-01	  -1.3123996344341107e-01	   5.6151298592106647e-01	   6.2218703935258524e-01	   7.4109800407914284e-01	  -3.0629010410798080e-01	   1.2439091561397696e-01	   2.1566141311572884e-01	   2.8929370399505505e-01	  -3.4953060795723484e-01	  -7.0884241589048193e-03	  -9.0678927580990026e-02	   3.6734447928211783e-01	  -4.8680358598536387e-02	   2.8770272764587163e-01	   3.6773275766113639e-01	   6.7446719599942251e-01	  -3.5474192064955279e-01	   6.6194405069224105e-01	   2.3336957625543810e-02	   3.7124758608907349e-01	  -4.5714475750171166e-02	   3.1318507457543832e-01	  -5.2894657576915494e-01	  -1.8783099771851586e-01	   1.5921431679740783e-01	   2.5664736327195731e-01	   2.9054398051236940e-01	  -2.3874325901897123e-01	  -1.3710075369514740e-01	  -1.7197271794587465e-01	  -7.9275303951369081e-05	
   5.3510063286423415e-01	  -3.8043698876425408e-01	   6.9820409759198743e-01	   9.6823142900132247e-02	   1.4115949564013963e-01	   0.0000000000000000e+00	   7.2447086369582347e-01	  -2.1987809978015843e-01	   4.8948407218041923e-01	   6.9181178197584337e-01	   2.7893781076607099e-01	   8.2150091432664316e-02	   5.5529784924988723e-01	  -6.2094954915650126e-02	  -7.6528408120393895e-02	   5.8211916410613507e-01	   2.3617364782805841e-01	  -2.4283487167945414e-02	   3.6373419704563315e-01	   2.6491679736163143e-01	   1.1354125571328928e-01	   7.5035264241284150e-01	   5.2968724733244132e-01	   3.7571833322903403e-01	   4.4148470616897739e-01	   6.5488580503603155e-01	   2.5020679112166544e-01	   7.5707777236868756e-01	   1.1993698872246525e-01	   7.8580691850999543e-02	   5.4774882747150908e-02	   1.5766638239564054e-01	   2.1954196957934591e-01	   2.7055490811576433e-01	   3.7438638226880516e-01	   4.6528818982004744e-01	   1.9624873223421826e-01	   3.8327214326507719e-01	  -5.7332908833552687e-01	   2.2820777466633646e-01	  -1.1627841338952802e-01	   2.0763336980363772e-01	   5.1342617082580566e-01	   4.6644114470758835e-01	   2.0814201474897087e-01	   2.6385066299274734e-01	   3.6561488103395345e-01	   4.3564013094702070e-01	   1.8242591885139070e-01	   1.0465343693766477e-01	   2.2568684098661895e-01	   3.3018001347695319e-01	  -1.3357394600930416e-02	   6.0219893542215053e-01	   7.8884540458556175e-03	   5.3010402020812841e-01	   3.6405657884886555e-01	  -3.0014737978099204e-01	  -4.5123176010034682e-02	  -4.0514450984420181e-01	   2.4862441587926748e-01	  -4.7429609669173289e-01	   3.6402041152848996e-01	  -2.9986590695120585e-01	   3.6122827261628088e-01	  -2.7557634819229171e-01	   1.2287029533742226e-01	   1.7146065842738675e-01	   1.0981849963559256e-01	   1.9612919875666329e-01	   1.3505313916797487e-01	   3.1767419544201225e-01	   1.3009463599230717e-01	   2.3067062781416209e-01	  -9.8582342438416001e-02	   5.0398068195784640e-01	   1.0042126963147192e-01	   1.0399493546247089e-01	   6.1329391604731519e-02	   4.4641875545183074e-01	   3.3104492298941912e-02	   3.9183470788051655e-01	  -1.8244680204144609e-01	   2.7178784436218367e-01	  -3.6660581543835685e-01	   5.9078260710250163e-01	  -3.5116680348803031e-01	  -1.1687644043787401e-01	  -3.6368477083569517e-01	   6.4881288917602520e-01	   3.0920113883081593e-02	   3.5596376751293413e-01	  -9.3664141123726924e-02	   6.3417263254090805e-01	  -4.9907868154279923e-02	  -4.7546611407434269e-02	   2.5136483058244619e-02	   2.6153403299149203e-01	   9.0992252127290119e-02	   1.8871434803440401e-01	  -3.7229396952401211e-01	   6.6291188157301306e-01	  -3.9455174200123327e-01	   5.0147337897483368e-01	  -2.6507710997380590e-01	   2.7533932461259453e-01	  -7.3008085971627112e-01	   3.4778072655970660e-01	   6.8276136874604570e-02	   1.4430096827520447e-01	   4.0408072962429015e-01	   1.9580456662277496e-01	   4.4662541129488503e-01	   3.0807502375293683e-01	   3.5750341246571775e-02	  -1.2606358284478841e-01	
   8.5563414964759554e-01	  -3.8816690667201270e-01	   9.8876904166679180e-01	   2.7981885349486069e-01	  -1.7689079040868275e-01	   7.2447086369582347e-01	   0.0000000000000000e+00	  -2.3307657310007079e-01	   4.2094557226325729e-01	   6.1715616663542483e-01	   5.0599299769183914e-01	   2.1117904793219366e-01	   8.1494413518802189e-01	   4.9470196135944944e-02	  -2.8821442676017284e-01	   5.9773436875028629e-01	   4.4548960430686968e-01	   9.9811973898966469e-02	   6.1049675271136972e-01	   4.8220451741016035e-01	  -9.7154224792135285e-02	   6.0534044555498712e-01	   8.3682278152560319e-01	   6.5417006086268814e-01	   3.8011546595781887e-01	   5.4658673300391281e-01	  -4.0947002556782119e-01	   2.4286153473726302e-01	   2.7313706254023457e-01	  -1.3657318874371201e-03	  -1.7038371590357299e-01	   3.4842240980291782e-02	   4.7540353697429227e-01	   4.6772249714421521e-01	   7.0684101244218156e-01	   6.6768007704336774e-01	   4.3645381200244993e-01	   4.5878199887950499e-01	  -3.7065686494657185e-01	   5.4367201010612920e-01	   2.6605371171877671e-02	   3.9941820554924612e-01	   6.7243937677159815e-01	   6.1782397691066526e-01	   2.7791392799189024e-01	   4.4748513891304842e-01	   5.7022702204025544e-01	   6.6564647148576395e-01	   2.9787075327797752e-01	   2.6102499225836895e-01	   4.6883455749443209e-01	   6.2280597771874513e-01	   1.1714746850439542e-01	   9.1418347657680454e-01	   1.6845872204627454e-01	   7.9266250852595954e-01	   6.9093262276559730e-01	  -2.8075156180447991e-01	   1.0409864841167477e-01	  -4.8742303922502028e-01	   4.5728441510251616e-01	  -6.9924291993140031e-01	   6.1987659492737779e-01	  -4.4940075724953887e-01	   6.0963355292312782e-01	  -2.5745495788399975e-01	   3.8250678077157574e-01	   4.1375154652813340e-01	   3.9954568037351601e-01	   4.5615005452060708e-01	   4.0795342522352604e-02	   2.4532282082849688e-01	   1.1033167550716895e-01	   2.6438782489341278e-01	  -2.6451306507389993e-01	   5.8691833450995956e-01	   4.2330394089087497e-01	   2.5050354205325931e-01	   1.8508895367573963e-01	   7.0399244110689940e-01	   1.6900220375975389e-01	   6.1428892693561576e-01	  -1.0665997835888612e-01	   4.1955116865800390e-01	  -3.4951667957520705e-01	   8.9305681443436113e-01	  -3.3553054470317156e-01	   2.5678490481945225e-02	  -4.3600870706307654e-01	   9.3999472334127143e-01	   1.6916781500889901e-02	   5.6329554695992656e-01	   1.6792254409373389e-02	   8.6024006853806201e-01	   1.4449169387750687e-02	   2.0527460476652684e-01	  -4.9626325028813735e-03	   6.1556357664264660e-01	   2.0320609403983819e-01	   2.0225628995149963e-01	  -3.3552131313386352e-01	   9.3350200668539918e-01	  -3.9437835899067386e-01	   7.8893007286548911e-01	  -1.6233628241665443e-01	   5.6449357806330069e-01	  -7.4977921481753063e-01	   6.9607757048542696e-01	   1.7532830608229052e-01	   1.6655026334782691e-01	   4.5080978038424047e-01	   1.0061137585093710e-01	   6.2296586874550253e-01	   4.3807576996782444e-01	  -7.3484698806580262e-02	  -3.0855327812894312e-01	
  -7.0991817690629469e-02	   8.2000593853322667e-01	  -1.6262091043307514e-01	   7.9390433025784457e-01	   7.4063248488204192e-01	  -2.1987809978015843e-01	  -2.3307657310007079e-01	   0.0000000000000000e+00	   5.7623230353086341e-01	   4.2514382693141450e-01	   5.7435959723238239e-01	   8.1084662942784402e-01	   2.7041185640424803e-01	   9.0792094090730346e-01	   7.7190677392164919e-01	   4.1774649675262443e-01	   5.1702271878762540e-01	   7.2705700937585116e-01	   4.6145256435223103e-01	   5.9325566598020396e-01	   5.2750852085115207e-01	   3.9158988506333953e-02	   1.2220979700991397e-01	   3.8006024514473347e-01	   1.5688618067624005e-01	   5.1540823926656421e-03	   1.2883143389398904e-01	  -3.2632457799199543e-01	   5.8771526600548141e-01	   6.8555631657430838e-01	   3.6095485278171113e-01	   3.1251743255009518e-01	   4.3271158818264377e-01	   5.3026309227021795e-01	   1.3617970543560609e-01	   1.0067545144364430e-01	   4.1522114528307952e-01	   3.0307533124872932e-01	   6.7603300303316249e-01	   3.7053847301758025e-01	   6.1865343805745565e-01	   5.3709381899124287e-01	   1.4827862638782330e-01	   1.6235837221920965e-01	   4.7868137067654126e-01	   2.9986665812961555e-01	   4.0953532788762198e-01	   2.8066526479747139e-01	   5.9685275726034559e-01	   6.3163950429993510e-01	   5.1302546730840748e-01	   4.1469799874233271e-01	   7.5934898859591171e-01	  -1.0109027223498540e-01	   7.4648512471157180e-01	   1.1080840428861943e-01	   2.1843408228377498e-01	   8.5676771043642164e-01	   7.5052166911092055e-01	   8.7201207109505352e-01	   3.8946448144252976e-01	   7.8473673955434231e-01	   1.0807046229549148e-01	   8.3799018534347436e-01	   2.3939643267183097e-01	   7.6230590200562798e-01	   5.7384619557267036e-01	   5.1259727922123433e-01	   4.2111078148841796e-01	   4.8405009437900848e-01	   4.0496521210220243e-01	   3.2662340608676488e-01	   6.0341405157603478e-01	   4.3837221335720045e-01	   6.6542504227240529e-01	   1.3185885337184114e-01	   1.8975085906083569e-01	   7.9844214566768767e-02	   6.7771582821557297e-01	  -4.1561193817099079e-02	   7.5044457237654116e-01	   3.0888950626781975e-01	   7.3484132319913842e-01	   4.7649491411286993e-01	   8.8990797030873448e-01	  -1.3983418486614171e-01	   7.6923814678392577e-01	   7.4205990801624133e-01	   9.3234719410638656e-01	  -3.4797174983379153e-01	   4.2866497400271120e-01	   3.5999417835211323e-01	   6.0768686558458818e-01	  -3.3935971642878221e-01	   1.4280959166162993e-01	   4.6264134524106063e-02	   4.8498658148398477e-01	   6.9741298832643961e-02	   5.1999309523661474e-01	   5.7004862753522201e-01	   8.7056601427198677e-01	  -3.7725451272720939e-01	   8.6496066726989207e-01	   2.5272973577142012e-02	   6.4017311380578545e-01	   1.0879254768533496e-01	   6.2796797436012730e-01	  -2.8517338695966965e-01	  -1.4762708527406926e-01	   1.9366998900756985e-01	   2.2872437095799525e-01	   3.8982239732826868e-01	  -9.9830367585778998e-02	   1.5407960720501827e-02	   2.7919081334883526e-02	   1.3007199841490188e-01	
   5.2158733619950826e-01	   4.7823844591069048e-01	   4.7658770794264671e-01	   7.5154277046355134e-01	   7.1141910908134776e-01	   4.8948407218041923e-01	   4.2094557226325729e-01	   5.7623230353086341e-01	   0.0000000000000000e+00	   8.6709528204731545e-01	   7.6144598680228925e-01	   7.5362057086224854e-01	   7.6207288633267645e-01	   7.0076037160146532e-01	   6.1764744597236310e-01	   8.2769208593167454e-01	   7.6161825486527401e-01	   6.4093313616566849e-01	   7.4389055273576621e-01	   7.6643803907139996e-01	   5.4607523613343256e-01	   5.7095074725675510e-01	   5.9177553091065072e-01	   6.2711869328997027e-01	   4.3639132781019607e-01	   4.6000582103827253e-01	   1.5377583649660981e-01	   2.1467387932929094e-01	   7.0758446139033648e-01	   6.5499766472773047e-01	   3.2555879453267123e-01	   3.6799393339684960e-01	   6.8822184397373865e-01	   7.6871877184499626e-01	   4.6707450213991736e-01	   4.6726544247891844e-01	   5.6934732868228388e-01	   5.0669887917151901e-01	   1.6752234588553416e-01	   5.7239528092993597e-01	   4.4475058685606261e-01	   6.7371874203821658e-01	   5.5538102296136960e-01	   5.6404570688188738e-01	   5.9254819599794573e-01	   5.9161756828906165e-01	   6.5388209133654618e-01	   6.3670930419928284e-01	   6.9429331103337821e-01	   6.9524175651768949e-01	   6.7127561213361009e-01	   6.8523820109194367e-01	   5.8981153506404249e-01	   4.5687440099109289e-01	   6.2873450343565851e-01	   5.4660451187130532e-01	   6.0474859602512943e-01	   5.7486184926453499e-01	   6.7535831474973307e-01	   4.0486743607694026e-01	   6.2617610406340141e-01	   2.3382279460666130e-01	   4.3514804983112310e-01	   4.3178507749018458e-01	   6.0209519880755935e-01	   4.6449989860615654e-01	   6.6929846952858774e-01	   6.3703037805917329e-01	   6.4475934118566958e-01	   7.0981106985189668e-01	   3.5955259607815582e-01	   3.5392963918058318e-01	   6.2925315645921032e-01	   5.4457367215393759e-01	   3.4732379804332986e-01	   4.4590419779828638e-01	   2.5915667888693078e-01	   8.9471918680824714e-02	   7.8009749438931242e-01	   5.2833217378513320e-01	   7.4402954013039402e-01	   7.1723143876772533e-01	   5.7439425999338745e-01	   6.5631202399048816e-01	   4.6861247544552842e-01	   4.1706979453275628e-01	   4.1381439964304223e-01	   5.8339030705317518e-01	   4.7236942898327205e-01	   2.5587210433140178e-01	   3.0984692205567677e-01	   5.6311020862149919e-01	   4.5505991969605764e-01	   2.3441242989483529e-01	   9.3651135393901061e-02	   1.2316405316665809e-01	   3.9439171385663113e-01	   3.6170193160995484e-01	   4.3392441152491645e-01	   5.3626294088592297e-01	   4.8667560065388027e-01	   2.6104604515364083e-01	   4.4026198782902515e-01	   4.8363312173795325e-01	   3.6874979880730618e-01	   3.9591689145402420e-01	  -6.4930319808764861e-02	  -2.9007031369683814e-02	   4.2689905895332871e-03	   3.0222436104944556e-01	   4.9149550560508859e-01	   3.2019313084680256e-01	   2.0503616061817281e-01	   2.6395642990876428e-01	  -5.6660695249721421e-02	  -1.3419298257127116e-01	
   6.2570831587309805e-01	   2.1940607557785935e-01	   6.4836347305701314e-01	   6.7938417878204194e-01	   5.0640135747837900e-01	   6.9181178197584337e-01	   6.1715616663542483e-01	   4.2514382693141450e-01	   8.6709528204731545e-01	   0.0000000000000000e+00	   7.3840056398011411e-01	   6.8072504561919234e-01	   7.8771199887485310e-01	   5.9200845660690748e-01	   3.5773773757368843e-01	   8.7470105856610270e-01	   6.9131646951146786e-01	   4.9203202534850354e-01	   7.4693709668657737e-01	   7.0015568292952390e-01	   2.9919478720560488e-01	   5.9780243884022166e-01	   6.6507936735045770e-01	   7.0167472154781108e-01	   3.5133820280201211e-01	   4.5542087795211761e-01	   2.4164017952803929e-02	   2.8804624519541694e-01	   5.5178990597334621e-01	   4.6359281478862890e-01	   8.1593113743802376e-02	   1.7003457732029109e-01	   6.2143455907469392e-01	   7.0708182816796361e-01	   5.8594510836671876e-01	   6.2381775156027719e-01	   5.7580880974674542e-01	   5.5522917760852708e-01	   5.6092414640399886e-02	   5.7680910060169865e-01	   3.4859956740041459e-01	   6.0595683565655745e-01	   6.7007231597979255e-01	   6.1406606039119582e-01	   5.9679181467978049e-01	   5.7930355945243450e-01	   7.4344384440606848e-01	   7.3989867536933285e-01	   6.9331511391620881e-01	   6.4014538197788784e-01	   7.3256767964232261e-01	   7.4866290024558046e-01	   5.9510270523771147e-01	   6.5763443540566691e-01	   6.2550889323661196e-01	   7.2675719975370945e-01	   6.5358307527569381e-01	   3.2540887243735483e-01	   5.4478105907558039e-01	   1.7580283806131708e-01	   5.4962824771207774e-01	  -1.5488084953023140e-02	   5.1320010363850255e-01	   1.6954185471621702e-01	   5.5210570428157490e-01	   2.6698181747546978e-01	   6.4507564148207397e-01	   6.6423216543697161e-01	   5.3824667573501372e-01	   6.5230336085477514e-01	   3.5968111819628867e-01	   4.5971614880241651e-01	   5.4324708125713661e-01	   5.3208599030797066e-01	   2.8528969048247943e-01	   6.0057245758230948e-01	   3.8361153397571196e-01	   2.7259102920295974e-01	   6.2605560075331690e-01	   5.2472687954323605e-01	   5.8780236819877096e-01	   6.8060301726831818e-01	   4.1834163159292376e-01	   6.0571165849291342e-01	   2.4549797294679843e-01	   5.9638939954395198e-01	   2.9156088544721132e-01	   4.3449726365782482e-01	   2.4830537235177313e-01	   4.9615368992982800e-01	   4.1532300299312375e-01	   6.7662492127027540e-01	   4.4162947969420296e-01	   4.6835678367757705e-01	   1.8991940333498956e-02	   1.7457664953895020e-02	   2.3091407685067436e-01	   4.1877733330427508e-01	   5.3562330625070143e-01	   6.2283478024450134e-01	   2.7515580325009198e-01	   5.1032969299769992e-01	   2.4143625642275757e-01	   6.5309978524530632e-01	   2.3855148632837569e-01	   4.4286267637704801e-01	  -2.4797977453491751e-01	   2.7399460748785731e-01	  -4.4260031123848145e-02	   2.2678848175402710e-01	   5.5435977022691996e-01	   4.3475491624999285e-01	   4.5590471390459136e-01	   3.5624679511819657e-01	   2.5616331775337674e-03	  -1.6656899702282557e-01	
   6.3683360818448875e-01	   4.8222688604833730e-01	   5.5519122405435595e-01	   8.0585211308754956e-01	   4.7637392559545116e-01	   2.7893781076607099e-01	   5.0599299769183914e-01	   5.7435959723238239e-01	   7.6144598680228925e-01	   7.3840056398011411e-01	   0.0000000000000000e+00	   8.6968739811197504e-01	   8.6492808325683423e-01	   7.8770642289597959e-01	   4.3775421029260320e-01	   7.7449118280803930e-01	   9.4967260199413084e-01	   8.3920445666963983e-01	   8.7144748775385705e-01	   8.6182624838109645e-01	   3.9559266618140349e-01	   4.2780533224464556e-01	   7.1011482086492306e-01	   7.4201181271734229e-01	   5.0013057018265705e-01	   4.6078704741312970e-01	  -2.3053993594447109e-01	  -1.7713182225238822e-01	   9.1038044740474966e-01	   7.1303145856661032e-01	   3.7338961224475803e-01	   4.7890757001006928e-01	   8.3138834786685811e-01	   8.9186856982180118e-01	   6.3217292962484262e-01	   5.2699426728682242e-01	   6.6605941991583784e-01	   5.1064938221022016e-01	   2.8031838760095412e-01	   6.4235095330373637e-01	   5.7013595443501242e-01	   7.3963490860241055e-01	   6.3791636990305811e-01	   6.8366432137607824e-01	   5.8476911592014114e-01	   6.1685654474813645e-01	   7.5576898649822843e-01	   7.6866593072375888e-01	   7.5800475668399103e-01	   7.3353822337024110e-01	   8.0158447439347658e-01	   8.1628842072946850e-01	   7.3578819469703194e-01	   5.9022655468997254e-01	   7.3613406204821130e-01	   6.1110106742606984e-01	   7.8326655599002437e-01	   5.8413491201102563e-01	   7.4085760347995411e-01	   3.8170553952681463e-01	   7.6016199305964283e-01	   1.5540906464387222e-01	   6.8706722472693005e-01	   3.6499828363223541e-01	   6.9632356418784624e-01	   5.0584330328030491e-01	   7.9558975629737971e-01	   7.6465593304413593e-01	   7.3806394260292008e-01	   8.0965116285811778e-01	   4.3924122421189726e-01	   4.5102044995262125e-01	   7.8397734874933045e-01	   7.2566158959595539e-01	   4.6079125839608920e-01	   5.7337762530549630e-01	   6.0624409019642567e-01	   2.6449566573748257e-01	   8.1155842334516581e-01	   6.7721637665384571e-01	   7.9094568818703681e-01	   8.0276563825648373e-01	   5.8166340214557744e-01	   7.2065439668701070e-01	   5.0642459717952515e-01	   5.1563562809556007e-01	   4.8726418432875740e-01	   6.3156092658480401e-01	   4.2350895883455741e-01	   3.5375585231199108e-01	   2.9160179945404602e-01	   6.7981671350974160e-01	   4.4740572210167001e-01	   2.6683429945563653e-01	   8.9848656004892682e-02	   1.9745520759302462e-01	   4.5487046965006206e-01	   5.3818129625306432e-01	   5.2144730131192563e-01	   5.4519746552866755e-01	   5.0695153911205404e-01	   3.3577230249047774e-01	   4.6399979614939674e-01	   5.7635036397743278e-01	   4.2480837301972857e-01	   5.8555164532465098e-01	   1.2616753651265827e-02	   2.2140471182471211e-01	  -3.9409199445193450e-02	   2.8800598316113746e-01	   5.0440383463337735e-01	   3.3854835446794579e-01	   3.2389348176736182e-01	   4.0374182844714479e-01	   1.0986593165368684e-01	  -1.6415008072671121e-02	
   3.9084716542624753e-01	   6.8405000850244213e-01	   2.8405304997324238e-01	   9.3982184087054765e-01	   6.7036464233431403e-01	   8.2150091432664316e-02	   2.1117904793219366e-01	   8.1084662942784402e-01	   7.5362057086224854e-01	   6.8072504561919234e-01	   8.6968739811197504e-01	   0.0000000000000000e+00	   6.7132906477983234e-01	   9.5385878437134364e-01	   5.5417035887973121e-01	   7.0726085155681018e-01	   8.7168730557832830e-01	   8.9236567610535844e-01	   7.5470820016156870e-01	   8.3392571344043387e-01	   5.2098749466317185e-01	   3.4683038628249246e-01	   5.5385643075738833e-01	   7.4920198176990671e-01	   4.1051254823648886e-01	   3.4068006633316428e-01	  -9.4949393687426678e-02	  -2.8136061241736410e-01	   8.0781007339449484e-01	   7.2531505256807038e-01	   2.9179579129593358e-01	   3.2807624245049194e-01	   7.8491830456756528e-01	   8.4427786476215316e-01	   5.7085973051106842e-01	   4.9406911791413999e-01	   6.5854395524398768e-01	   5.1138363397046649e-01	   5.0572645472570898e-01	   7.1353742936648190e-01	   7.2879473694992936e-01	   7.4394620242583775e-01	   4.8212711573263067e-01	   4.9495241585074368e-01	   5.9005324676294968e-01	   5.3696470789663109e-01	   7.0980009289726764e-01	   6.4606396795526533e-01	   7.8497743220417859e-01	   7.9980938295473358e-01	   8.4291979502827474e-01	   7.9945876890699130e-01	   9.3189658085532767e-01	   4.1687986910330421e-01	   9.1835505581796806e-01	   5.2952750078612310e-01	   6.4037401063045563e-01	   7.9272853392735620e-01	   7.9827599215976597e-01	   6.0285269092393834e-01	   6.3602364385858934e-01	   4.1661996795885059e-01	   4.9382674729214660e-01	   5.8387079702057132e-01	   6.5017772270565288e-01	   6.9894586367859846e-01	   8.0241787978645041e-01	   7.8863842215172841e-01	   7.2032930246607207e-01	   7.7930199725943838e-01	   3.7927030236123743e-01	   4.0181720899207907e-01	   7.1930060489368142e-01	   6.0703739613140362e-01	   5.5858668479973916e-01	   3.7242731293264336e-01	   4.9572765950666575e-01	   2.4812289649303149e-01	   9.0565297441710135e-01	   4.7584674483087441e-01	   9.3984837299885027e-01	   7.5879332161566315e-01	   7.4064302336125354e-01	   7.7835530859552637e-01	   8.0286766704284296e-01	   3.7551817190834291e-01	   7.2657166498090708e-01	   8.7480683622356081e-01	   7.2624795715730861e-01	   1.3466127626772914e-01	   4.3610074319603553e-01	   6.7334596280525727e-01	   6.5381031043175331e-01	   6.5177376503998491e-02	   1.3776538395517740e-01	   1.5753502560511595e-01	   4.6852365969426435e-01	   4.3416635617424881e-01	   6.1602643957727066e-01	   6.1930227559808670e-01	   7.6889345196975512e-01	   6.9247073062398495e-02	   7.1388396572806889e-01	   4.5486049164367087e-01	   6.4743292821124354e-01	   4.7356091727955052e-01	   2.9939085867618864e-01	  -2.9162431552952284e-02	  -1.2009189741785295e-01	   2.9109985855250253e-01	   4.3660205561397947e-01	   4.3389627401766162e-01	   1.9871744611871539e-01	   2.7938230851674895e-01	   3.7940712632477017e-02	  -3.3084373637459530e-02	
   8.1537938205913663e-01	   1.1646343890692118e-01	   8.3843567593156343e-01	   6.8715131126198248e-01	   2.5045136846602234e-01	   5.5529784924988723e-01	   8.1494413518802189e-01	   2.7041185640424803e-01	   7.6207288633267645e-01	   7.8771199887485310e-01	   8.6492808325683423e-01	   6.7132906477983234e-01	   0.0000000000000000e+00	   5.5531296831326560e-01	   2.1221872259787708e-01	   8.4652372750164073e-01	   8.1510072988009441e-01	   5.4655772173093053e-01	   8.1299714608608697e-01	   7.6749060944852943e-01	   2.7894727438157896e-01	   6.2801775218556277e-01	   9.0216610694258725e-01	   8.4209359300012365e-01	   5.5788934342929208e-01	   6.2867884569256860e-01	  -3.0407671611106513e-01	   3.7866796982722717e-02	   7.1612313807964401e-01	   4.7621203151333241e-01	   1.6305915931286674e-01	   3.2011992482687568e-01	   7.4656731431463141e-01	   7.8465249378921709e-01	   7.4144612097129137e-01	   6.5855503203283794e-01	   6.8142714466694176e-01	   6.1271629097182156e-01	  -4.3565268799571405e-03	   7.5702234767568521e-01	   4.3623147773010573e-01	   6.9944499025259066e-01	   7.3216668653629724e-01	   7.3382702269284272e-01	   5.0175438953484242e-01	   6.1858048507562713e-01	   7.4674013610705037e-01	   7.9768219476625202e-01	   6.1111712637936300e-01	   5.9994835906599975e-01	   7.2396030963994196e-01	   8.2039884142948583e-01	   4.9938471023991948e-01	   8.1961563451564845e-01	   5.4028553188194905e-01	   7.6643207321641815e-01	   8.1835313938104348e-01	   2.4426653308989479e-01	   5.1201743957320289e-01	  -2.5599824620613091e-04	   6.8697126458565205e-01	  -2.4186167767347566e-01	   6.9070656420115062e-01	   4.9678939349667032e-03	   8.1688995495433925e-01	   2.4408462136743764e-01	   6.6911831007974842e-01	   6.7040241242253085e-01	   6.5294385699985535e-01	   7.1906097010159242e-01	   2.4365581116410767e-01	   4.0586278564226996e-01	   4.8755056971792310e-01	   5.2155658518775216e-01	   9.3173157064426249e-02	   5.9936237035721851e-01	   4.9868598607703274e-01	   2.1786816906807183e-01	   6.2583318673012478e-01	   7.9565275313364692e-01	   6.4011850478169663e-01	   8.4245223708687478e-01	   3.4464786221220334e-01	   7.0628049973591389e-01	   1.7698471191465698e-01	   7.9586745302938433e-01	   1.2319277378752842e-01	   4.5785467207129860e-01	   7.8579164024176043e-02	   6.9236725793027487e-01	   1.6512761517787455e-01	   6.8084052171299436e-01	   3.2133697124919886e-01	   5.7925171888457139e-01	   9.6309920839830199e-02	   2.6305202025326868e-01	   3.0092270221063649e-01	   6.2646009038321249e-01	   3.9397072621949780e-01	   3.9208430289188773e-01	   1.8682970043781333e-01	   6.5315584168349172e-01	   1.1120208379163221e-01	   7.2834005571949667e-01	   2.1487829692291244e-01	   6.5494717177987172e-01	  -3.5503587911457413e-01	   4.4387017424585135e-01	   9.2714248122347076e-02	   2.7925160438037205e-01	   5.1252885602479115e-01	   1.9045387649552467e-01	   4.5697325788710441e-01	   4.4451241888567494e-01	   8.9510081072489665e-03	  -1.7437839893353571e-01	
