   0.0000000000000000e+00	  -5.4858663007846620e-01	   6.9167395483347560e-01	  -4.0898394959504958e-01	  -3.3567167125859954e-01	   6.8838706813786998e-01	   8.6197291357221317e-01	  -4.7971443556394955e-01	  -6.1158484290933801e-01	   7.4730837948864437e-01	  -6.4179293665101622e-01	  -6.5638727438709091e-02	  -2.8526421684215802e-01	   1.1970830843785987e-01	  -6.1173020381706122e-01	   8.3795386085787826e-01	  -5.2614231460404337e-01	  -2.5613622699042693e-01	   1.0915002638029493e-01	  -1.8583879416904203e-01	   5.5838447572056693e-01	   1.3607982605907151e-01	   3.1955204493710976e-01	   3.1731307237016076e-01	   2.7297742230969069e-01	   6.7980499536861450e-01	   2.3330756486386342e-01	   6.9393000158216278e-01	   5.6550211626829563e-02	  -4.6812976508959248e-01	   2.5175372429059439e-01	   6.2964957038930880e-01	   6.9365676143828603e-01	   3.3896302390556099e-01	   1.1742848485085157e-01	  -6.0986017625047899e-02	  -2.2004071728214586e-01	   3.7621175882856567e-01	  -5.1662945641163671e-01	   7.7801453869132997e-01	   4.6633636833636460e-01	  -3.1810463487477336e-01	   3.3509998237023064e-01	   5.2370825669553889e-01	   5.2722540820090935e-01	   6.0169866150226825e-01	   3.9843509619462136e-01	   5.8360551328742249e-01	   5.7343769259668065e-01	   2.5338388358140357e-01	   7.1189501681186051e-01	   1.6865820646641144e-01	  -2.6282947132477152e-01	   5.3915571989628974e-01	  -4.8207894541758922e-01	   7.8625039935678520e-01	   8.8812694431269779e-01	  -4.9590357269814445e-01	   8.1398486753159016e-01	  -4.8128235111552009e-01	   8.4646606505441480e-01	  -6.1749933477470886e-01	   7.1461808095108204e-01	  -4.6524194416699677e-01	   7.6448597263047502e-01	  -4.2978914451401201e-01	   7.0770251230664738e-01	   7.3569856386453414e-01	   8.3622569459200968e-01	   5.5476876811966358e-01	  -2.0104146240777876e-01	   5.9942950189418709e-01	   2.7312297760414994e-01	  -2.9073295364189683e-01	  -3.9941362711727318e-01	   7.9636212082783575e-01	   2.5113562097051793e-02	   6.9497488817223474e-01	  -3.6272163507405725e-01	  -3.5628275222280437e-01	   1.3293193081767968e-01	   4.2868588720104384e-01	   1.9533516972346154e-01	   7.8047293644079785e-01	  -6.0376470854009412e-01	   9.0628793230397597e-01	  -3.1907693298698991e-01	   8.2022100280455024e-01	  -6.9921760288441481e-01	   8.5518797023831250e-01	  -6.0248430002912440e-02	   1.6714692977279555e-01	  -4.4256674499925919e-01	   3.3006968151757099e-01	  -3.0726780851485536e-01	   1.2628993715904055e-01	   3.8433037697622852e-01	   4.1296051857665761e-01	   3.9632197042283435e-01	   3.7980540370471449e-01	  -6.5097014706945067e-01	   7.4684731097765433e-01	  -5.6199609699778230e-01	   5.7030093611598276e-01	   4.2875435607453521e-02	  -4.3006244809622396e-02	   1.7237905432201134e-02	   7.6567570923575179e-01	  -3.7072006440643263e-01	  -5.8498772919283334e-02	   5.3915126024799798e-01	   2.9670270119196318e-01	   1.1619259098656690e-01	  -7.4846263960117732e-02	  -1.8341742017066359e-01	  -4.4747654025950317e-01	
  -5.4858663007846620e-01	   0.0000000000000000e+00	  -1.5901160712392765e-01	   9.0727175442337038e-01	   5.4345881744912239e-01	  -5.9124131564355975e-01	  -4.9265092872688498e-01	   8.9097929411037524e-01	   7.7893518148728280e-01	  -7.1725471468513269e-01	   8.6709539989566076e-01	   6.3623373394836558e-01	   6.6349585986576254e-01	   4.2924674261393958e-01	   7.9333391193419156e-01	  -7.5722722602407633e-01	   6.7086928692002634e-01	   8.0767578949645613e-01	   5.4889985681128961e-01	   8.4833193386369854e-01	  -3.5447627506687590e-01	   5.4601781874821370e-02	   3.6097727321792150e-01	   3.2361519196140881e-01	   5.9995419190899291e-02	  -5.9239568336848503e-01	  -1.0603209048764026e-01	  -6.3910380736726724e-01	  -9.5383705196026555e-02	   8.4933773062927720e-01	  -3.0777834362605205e-01	  -4.8034246588865565e-01	  -2.9329730039296864e-01	   2.5200426893953837e-01	   3.4700675797740244e-01	   5.6794305885386909e-01	   3.1345827460890952e-01	   7.0285489286022462e-02	   7.7106591531954538e-01	  -3.5724547549057328e-01	  -2.0339884028362962e-01	   6.8522217087461901e-01	  -8.8584484346670905e-02	  -2.1797627436005576e-01	  -4.3091588832151589e-01	  -3.9557413873323033e-01	  -1.2598322703706621e-01	  -2.4476048791991331e-01	  -4.7054460809775445e-01	   8.9187347994171412e-03	  -6.3210004247776341e-01	   2.2007600062600197e-01	   5.8246029206313366e-01	  -4.2665245099260551e-01	   7.8705365322859522e-01	  -5.7820130087847676e-01	  -7.1939267673172402e-01	   9.5501683590921194e-01	  -6.9429984664109945e-01	   7.2327103245774704e-01	  -7.4315507072934950e-01	   9.4775785876597085e-01	  -5.4734189673581457e-01	   9.2706893991585726e-01	  -7.2223697058825342e-01	   6.8434651467626284e-01	  -3.7235873988999924e-01	  -3.4934313061312344e-01	  -2.5590310052532361e-01	   1.4699877456392157e-01	   6.3374884779489560e-01	  -2.3700147049260012e-01	  -1.6643595931990204e-01	   5.4327883198624072e-01	   5.5439089582962886e-01	  -6.4731103158841963e-01	   1.8926508105822881e-01	  -4.7896595588014224e-01	   6.0329988493323394e-01	   8.2444268930656606e-01	   8.7808988759798243e-02	   2.4619272371442349e-01	   3.4756991268919041e-02	  -3.6179540855901193e-01	   8.9544048175337210e-01	  -6.4535417512460858e-01	   5.6852145047482716e-01	  -6.3310791598980853e-01	   9.2053771550370556e-01	  -7.1727849807123711e-01	   3.0512617587879487e-01	   1.1038442809880179e-01	   7.0448175391723011e-01	  -9.6534032029658504e-03	   3.7893938226794555e-01	   2.7831645126130561e-01	  -1.2832600484068379e-01	  -1.7973816391164906e-02	  -3.0606378017369068e-01	  -5.4368642152669483e-02	   8.5704613743083047e-01	  -5.2277912022934336e-01	   7.4892836048198852e-01	  -2.2868895331743344e-01	   9.1446059327507295e-02	   3.7658270890054835e-01	   1.5549351060769143e-01	  -5.2618579296825652e-01	   4.2114019504297295e-01	   4.0559384169158208e-01	  -5.1879705213987382e-02	  -5.9152080955291453e-02	   1.9005954297095246e-01	   2.2668595656950108e-01	   2.6995063871220415e-01	   3.1647908924453272e-01	
   6.9167395483347560e-01	  -1.5901160712392765e-01	   0.0000000000000000e+00	   1.2511601363202945e-01	  -4.0067816075379992e-01	   2.4779553416425615e-01	   8.5460115919912816e-01	   7.4025563907113109e-02	  -4.5120518518677399e-01	   3.1925137942130866e-01	  -3.1165536741730915e-01	   2.4625509504968024e-01	  -1.8130842610696576e-01	   4.7402809222143405e-01	  -4.9453624393860340e-01	   4.3033495862980198e-01	  -4.5458384988812550e-01	  -2.5784367051011302e-02	   5.6946341289154101e-01	   2.5610317866851195e-01	   8.7932335999867980e-02	  -2.6278838448257241e-01	   5.6535931351962487e-01	   5.3692009845674860e-01	   8.8908486902611661e-02	   3.1921720306924806e-01	  -1.2322759042437227e-01	   2.1037964186261085e-01	  -1.2641697530205465e-01	  -1.3969644579814464e-01	  -6.3058710379580649e-02	   2.8561659438522036e-01	   6.6737856545407781e-01	   4.7230466904741186e-01	   4.9324238604317050e-01	   3.8672271257846624e-01	   1.7878565361401963e-01	   6.6915411562839155e-01	  -1.2087131017072331e-01	   6.8677854754147405e-01	   1.3366094909931575e-01	  -2.8423114525704640e-01	   2.6863728341477178e-01	   4.2543136791249586e-01	   1.6506400675547589e-01	   2.6167394459188997e-01	   4.0481815412934807e-01	   4.6235510401364155e-01	   8.2805687377826800e-02	  -1.2172439043802691e-01	   3.2639923570817764e-01	  -9.0137828963239491e-02	   2.3414614045977278e-02	   1.8615763228035576e-01	   4.9893639455203601e-02	   6.4694527976573535e-01	   5.7523879362318753e-01	  -2.0182033414997422e-01	   3.8562002432844411e-01	  -4.8380586283076643e-01	   5.3591350896693646e-01	  -3.2835376919917836e-01	   5.4041869933798503e-01	  -1.1579470023870680e-01	   5.1430791150033861e-01	  -3.8741433507108569e-01	   5.4902656707360786e-01	   5.6257163481584083e-01	   6.7143484827592292e-01	   5.6250094094517245e-01	  -4.2056009422264111e-02	   6.1695039838581589e-01	   1.4988737928793408e-01	   6.6583804353153961e-02	  -1.3482946459067782e-01	   4.9165706635055151e-01	   5.4946587756006549e-01	   7.6936608269031526e-01	  -2.7811961362199622e-01	  -8.0627377263628952e-02	   1.9272757809780905e-01	   4.0043015003117455e-01	  -2.0748871019208165e-02	   5.7263027137770561e-01	  -1.2473891519267849e-01	   6.3084849914891139e-01	  -4.5740220146000399e-01	   3.5621434215766190e-01	  -2.2091698486386419e-01	   6.3866180272768902e-01	   3.0349415227226983e-01	   4.2519837623786139e-01	   1.4175252068438832e-01	   6.0851150304253809e-01	   1.6320432107531274e-01	   5.7332188251499527e-01	   4.4004790020048223e-01	   5.5024945222967814e-01	   4.3935095366834942e-01	   4.7847924367836597e-01	  -1.2000130192543168e-01	   7.7999722260167448e-01	  -1.9475234264462565e-01	   6.6396737132079142e-01	   4.2354496976082789e-01	   4.9884488723450504e-01	  -1.9459087403454806e-01	   5.7210787958133047e-01	   5.3073834351082174e-03	   5.5718715741397118e-01	   6.5524384848242301e-01	   5.1622128811325541e-01	   4.8261077434062893e-01	   5.3914869635930140e-01	   3.9711897873483876e-01	   1.7697713504569951e-01	
  -4.0898394959504958e-01	   9.0727175442337038e-01	   1.2511601363202945e-01	   0.0000000000000000e+00	   3.1136851223956791e-01	  -5.2860112112055668e-01	  -2.1920385685864308e-01	   9.5909257975164219e-01	   5.6346761176703886e-01	  -6.2392116395320196e-01	   7.3677411994711250e-01	   7.1682152232750762e-01	   5.0976315487367196e-01	   5.9984311930542789e-01	   5.7727919268398920e-01	  -6.3487720137226156e-01	   4.8404034688742681e-01	   7.0266151836334512e-01	   6.9827638910830103e-01	   8.8312739883103142e-01	  -4.1559128861012878e-01	  -5.4736906195843593e-02	   4.7168402311594076e-01	   4.7719423980179876e-01	  -4.8160597423809806e-03	  -5.1521715073095187e-01	  -2.5049003681990106e-01	  -5.8605291389387137e-01	  -1.7053872305030349e-01	   7.8800471674882000e-01	  -2.9048052305938576e-01	  -3.9926251274592739e-01	  -8.2939157083504078e-02	   3.8063700765124520e-01	   5.0848909613965643e-01	   6.6157474276486805e-01	   4.4253568130718374e-01	   3.3670380514004827e-01	   7.7959761644423087e-01	  -1.4277762979285280e-01	  -2.0833491992510589e-01	   5.6495296365579795e-01	   3.9176822053102515e-02	  -4.1465231661451774e-02	  -3.5933508388668656e-01	  -3.0682710618484177e-01	   4.8553227308349309e-02	  -7.4385464241471230e-02	  -4.5809750605975541e-01	  -9.1677049178850584e-02	  -4.8915697763758959e-01	   1.2918407434746798e-01	   5.9441996840748179e-01	  -3.6860787551606078e-01	   8.2259648138961305e-01	  -3.3654491269118597e-01	  -5.6124151119640397e-01	   8.0218518778515724e-01	  -6.0915623300085608e-01	   4.6593846892468915e-01	  -5.6828078713547570e-01	   7.8667441461488141e-01	  -3.5622338331433601e-01	   8.4678255143648240e-01	  -5.1271828696788546e-01	   4.8450261632818931e-01	  -2.1941183520681065e-01	  -2.2941973156811055e-01	  -1.3897634348577162e-01	   1.5531697109418430e-01	   5.6556209516517086e-01	   1.3635363629472077e-03	  -1.9920011277436181e-01	   6.4729957468960175e-01	   4.8968640852428047e-01	  -4.8125379773995691e-01	   4.5465136602849060e-01	  -1.9579643618642417e-01	   4.2615978303912988e-01	   7.0418565245128928e-01	   1.4826089442812779e-01	   2.5455803833318663e-01	  -4.7014718940786215e-03	  -2.8241947314721016e-01	   8.5050499828200377e-01	  -4.6794931630553260e-01	   3.6432193855458350e-01	  -5.5026043460323038e-01	   8.2349979074760193e-01	  -5.1263154729379523e-01	   3.8374400636771022e-01	   1.8631243071034143e-01	   7.2702927904582204e-01	   9.7651381310452701e-02	   4.7200941144100106e-01	   4.9965525227645058e-01	   3.3720766055004188e-02	   2.1255485007147218e-01	  -9.7622839116784071e-02	   1.2709982442253503e-01	   8.2011257232352464e-01	  -2.7106195512820741e-01	   6.3091855270621933e-01	  -2.7351205272780312e-02	   2.6414610738925010e-01	   5.6091180823176123e-01	  -3.6023342880602008e-02	  -3.8790680792773874e-01	   4.4456864677797825e-01	   6.2256553348496313e-01	   1.5362244049540089e-01	   9.1967062403299604e-02	   2.8104926684700560e-01	   4.8463798764698807e-01	   4.8279564935621067e-01	   4.9578151483573524e-01	
  -3.3567167125859954e-01	   5.4345881744912239e-01	  -4.0067816075379992e-01	   3.1136851223956791e-01	   0.0000000000000000e+00	   1.1046462375660154e-01	  -4.7942693618712690e-01	   3.4739302363256996e-01	   8.9677779561706872e-01	  -7.2009791605345264e-02	   5.4721799360179579e-01	   2.4230383840728259e-01	   5.5007395265304926e-01	   8.0469226407565944e-02	   8.2875258477410763e-01	  -2.4524301135996177e-01	   6.8442453474574327e-01	   4.5175682084419744e-01	  -5.4209937383759038e-02	   2.9269543374251689e-01	   2.8899297749472652e-01	   4.8696968915220273e-01	   8.0134349251781672e-02	   3.2425064692986241e-02	   7.1556295653227542e-01	   1.1794435356036144e-01	   6.7660743006138224e-01	  -4.1716781642834849e-02	   1.3272557822481232e-01	   3.8684777429261630e-01	   2.7101812270092229e-01	  -3.0046509127178080e-02	  -3.0092282511534990e-01	  -5.2218233057224946e-03	  -1.8234765344268211e-01	   5.2466855200766119e-02	   5.8650122748433030e-02	  -3.6944601273329292e-01	   4.2502155677968401e-01	  -3.0529722841572815e-01	   1.9924307913804501e-01	   4.6729328485512989e-01	   1.0306489852796727e-01	  -9.4783807425397174e-02	   1.1798199771880165e-01	   1.3078254454920962e-01	  -1.1754934066541764e-01	  -1.3217609744326400e-01	   1.9224701830454130e-01	   5.8282541754237460e-01	  -1.2150537180284385e-01	   5.7986396014154251e-01	   1.3402433254168142e-01	  -6.1405323542135432e-04	   3.0644658433162453e-01	  -4.7328488859546208e-01	  -3.5796101613453701e-01	   6.8306624219138401e-01	  -1.1628155219516262e-01	   8.7523367805957375e-01	  -3.0857956738465853e-01	   6.5568945792892674e-01	  -2.3096113684726144e-01	   4.7845382468172387e-01	  -3.1043120702106197e-01	   6.7998826717314542e-01	  -1.2227416545731663e-02	  -8.3217435008060670e-02	  -6.4062440923785602e-02	   2.1592097650823183e-01	   5.7039262313007988e-01	  -1.8382844892591702e-01	   1.1795506961470972e-01	   1.7021342245017562e-01	   5.4579000011566758e-01	  -2.4289926801543377e-01	  -1.0956153469944127e-01	  -4.4619796244114451e-01	   5.3835340404700638e-01	   4.6251930679495490e-01	   1.7375846303271919e-01	   1.4923171646830263e-01	   9.1371359117681350e-02	  -4.1191704685726527e-02	   4.5922527572589089e-01	  -4.5635360435438321e-01	   7.2195550120952057e-01	  -1.2587738037044849e-01	   4.5630198008229705e-01	  -4.8057556398980839e-01	   9.0150750299997862e-02	  -3.5693372322388575e-02	   1.6106536113196851e-01	  -2.7236064341631977e-01	   3.1619264851584096e-02	  -1.7158088933813273e-01	   6.6019047120879429e-02	  -1.3175085377100326e-01	  -6.8697445108988758e-02	  -5.2574523696304831e-02	   4.1411850630067765e-01	  -5.8974118730764058e-01	   5.8611668079557588e-01	  -2.8390543135135710e-01	   1.0716943230178914e-02	   2.0478272876635742e-02	   5.4079597828319703e-01	  -2.7071629105065448e-01	   1.8774087971466305e-03	   2.4550098506782150e-02	  -9.4577418809933797e-02	  -7.2464172431880719e-02	  -4.1182437022667384e-02	  -2.4014394234346145e-01	  -1.5687791520054145e-02	  -1.1229067342072416e-01	
   6.8838706813786998e-01	  -5.9124131564355975e-01	   2.4779553416425615e-01	  -5.2860112112055668e-01	   1.1046462375660154e-01	   0.0000000000000000e+00	   5.4525549674195706e-01	  -5.1290290721690690e-01	  -2.5741864734693704e-01	   9.7427531358891617e-01	  -6.0071919925307882e-01	  -1.3023131849659630e-01	  -2.7797938545513962e-01	   1.7187056782762018e-03	  -3.3313085664086495e-01	   9.1479084432012980e-01	  -3.1655127701253771e-01	  -3.6062475687777779e-01	  -3.6023664288321028e-01	  -4.2920889431344800e-01	   7.6989483922466173e-01	   5.0582152893068155e-01	   6.3532293324995409e-02	   1.2345818149081234e-01	   6.6644540907687488e-01	   9.7606198057543436e-01	   6.7819372273997014e-01	   9.0453661910464533e-01	   9.6943640189084246e-02	  -5.3446617384695050e-01	   6.0351168724609705e-01	   7.4828937041467281e-01	   4.4588258801096414e-01	   1.1329828894820260e-01	  -2.4543976010170665e-01	  -3.2431564904559140e-01	  -1.3549474865325617e-01	   1.1716814081359710e-01	  -5.0761017936894470e-01	   6.1813239135588893e-01	   6.3325213141779213e-01	  -2.5220361997661839e-01	   3.7944859182312884e-01	   4.6545283832128537e-01	   7.7849181277012813e-01	   8.3534554450433895e-01	   2.8167729454935186e-01	   5.0354951783421464e-01	   8.8658673396231580e-01	   6.4312031198277009e-01	   8.6580485798122053e-01	   4.4690040115017460e-01	  -4.4208041254248043e-01	   6.8635165593227299e-01	  -6.1224672726275664e-01	   6.1993119774862648e-01	   7.8532022387635669e-01	  -4.5151655240543503e-01	   9.3222355977548754e-01	  -1.4822060427880449e-01	   8.5238215346683743e-01	  -5.2706179287406407e-01	   7.1722189916406198e-01	  -4.9443816033245513e-01	   8.2750729856532168e-01	  -1.8759900942315516e-01	   8.0524055192331323e-01	   7.3039460210753226e-01	   6.6281023822408880e-01	   4.3486384973432596e-01	  -1.1791947617321523e-01	   5.0584469270012256e-01	   2.1351572983938766e-01	  -3.4070634047633774e-01	  -2.2613436698994238e-01	   8.2717260891363986e-01	   1.2488308791917407e-02	   5.6265011815596366e-01	  -3.7234137535487327e-01	  -4.9458379168700584e-01	   1.4717348537392932e-01	   2.1978079804112369e-01	   1.2599514185122343e-01	   7.4540776357833227e-01	  -6.4966396936400483e-01	   6.9570385051121053e-01	  -6.9916156847587480e-02	   9.0892112412753745e-01	  -7.4392238423610069e-01	   7.2130027335201552e-01	  -3.6607241556376846e-02	   1.4101460814568384e-01	  -5.3523991329760434e-01	   9.1567055738397338e-02	  -4.2885088431999985e-01	  -9.7197421590528701e-02	   4.7928791086540012e-01	   3.5173039479362311e-01	   5.5430844376269905e-01	   4.1888955224263946e-01	  -6.3489671496275024e-01	   4.3544984312696361e-01	  -3.6742308129770074e-01	   4.4816820414600367e-01	   1.3248677664778860e-01	  -1.1288712093014468e-01	   3.9285460116053689e-01	   7.5580949342533210e-01	  -5.0224980813312770e-01	  -1.5409456478082795e-01	   4.6983291743737388e-01	   3.1829851002697940e-01	   5.1256402815749905e-02	  -2.2594496171130504e-01	  -1.1659723051033480e-01	  -4.8636787091056444e-01	
   8.6197291357221317e-01	  -4.9265092872688498e-01	   8.5460115919912816e-01	  -2.1920385685864308e-01	  -4.7942693618712690e-01	   5.4525549674195706e-01	   0.0000000000000000e+00	  -2.3110554873197309e-01	  -6.4889443612394382e-01	   6.2505402851910230e-01	  -6.2065443854972679e-01	   9.0189382751802827e-02	  -4.0197709741476428e-01	   3.1843787639664406e-01	  -6.9261783331676297e-01	   7.3000858438827765e-01	  -6.2943915355984825e-01	  -2.2637564968659665e-01	   1.9199719751260561e-01	  -1.1804010573426962e-01	   2.9290058765039917e-01	  -9.5822276074957163e-02	   3.7645551893004114e-01	   3.8794723480651405e-01	   1.1993901621068181e-01	   5.6080740997916600e-01	   3.2384510007090410e-02	   5.0621706571530034e-01	  -1.0095381581327373e-01	  -3.9300033373686549e-01	   8.6465565106162892e-02	   4.6020231116760624e-01	   7.2349098310075344e-01	   3.6315704874763099e-01	   2.5466605588319591e-01	   1.1052494267886384e-01	  -3.5745053756269088e-02	   5.5472509193503194e-01	  -4.0717396043449261e-01	   7.7573197247183323e-01	   2.4025832575211750e-01	  -4.4992973495879784e-01	   3.3771142827464851e-01	   5.5461417997496487e-01	   4.1702915138841445e-01	   5.2400228834418006e-01	   4.3907458956616852e-01	   5.9679496726520387e-01	   3.9106283000041864e-01	   7.3567211057359666e-02	   6.1576064369382899e-01	   1.3648889149562866e-02	  -1.9874949504137507e-01	   4.8050422566308160e-01	  -3.1871423577718144e-01	   8.2633013694815305e-01	   8.0580362638348979e-01	  -5.0572626351773786e-01	   6.6937677609023838e-01	  -6.3304958595955407e-01	   8.0831096671810143e-01	  -5.9153551360368883e-01	   7.7412331209155960e-01	  -3.7657863123190966e-01	   7.8140947898314361e-01	  -4.9334034433855212e-01	   7.0419354153584002e-01	   7.3784352695424826e-01	   6.9298977295784259e-01	   4.9371886478096572e-01	  -2.7155886066175849e-01	   6.0977865034020196e-01	   1.1637897685572676e-01	  -1.7335418943105219e-01	  -3.8811932353495282e-01	   7.1372619511304702e-01	   3.6940346842398741e-01	   8.5146268897797095e-01	  -4.9308850807045962e-01	  -3.4787002185836979e-01	   1.0043076844898703e-01	   3.9776084785796328e-01	   1.3997401509611209e-02	   6.8533354395781232e-01	  -4.8431938733428104e-01	   8.6526878769113036e-01	  -5.1941546810232764e-01	   6.8415619502242730e-01	  -5.7823422160127891e-01	   8.7504472646358622e-01	   1.6944991112352972e-01	   3.5823666440947449e-01	  -1.7777519643954276e-01	   5.2630123731374190e-01	  -1.8007079395153769e-01	   2.8479444316154717e-01	   3.9933445873720508e-01	   5.0971881869492663e-01	   5.2398505972707066e-01	   5.3279166746975359e-01	  -4.3960229522549482e-01	   8.8965436073778492e-01	  -4.3131541095780224e-01	   7.5183164190651297e-01	   3.2974626105757321e-01	   2.9635026158539146e-01	  -1.4333847489728069e-01	   7.6779278685851104e-01	  -2.6673697182776424e-01	   2.0624815273407793e-01	   6.7896011692614833e-01	   5.1735067980668126e-01	   3.6242428333060761e-01	   3.0381057518425725e-01	   1.7137364633989194e-01	  -1.0381592685654925e-01	
  -4.7971443556394955e-01	   8.9097929411037524e-01	   7.4025563907113109e-02	   9.5909257975164219e-01	   3.4739302363256996e-01	  -5.1290290721690690e-01	  -2.3110554873197309e-01	   0.0000000000000000e+00	   6.0724915707572569e-01	  -6.0718249621113862e-01	   7.0783553108828667e-01	   7.8384125075961619e-01	   4.5232742171686746e-01	   6.7894501212978631e-01	   5.7728243638453769e-01	  -6.2487247192648288e-01	   4.4531386656426364e-01	   7.6068486765645005e-01	   5.7866250152756071e-01	   8.1819891338761275e-01	  -4.4133585455324081e-01	  -7.9208607409118073e-02	   4.2854229043409137e-01	   4.5408907449282676e-01	  -6.7713713803300719e-04	  -4.9847792793025048e-01	  -2.2481932493892615e-01	  -6.0322026021714859e-01	  -2.0016179140401361e-01	   8.1274313736642423e-01	  -3.1728029229772103e-01	  -4.0537948016248665e-01	  -1.1757979063674688e-01	   3.4167491971667613e-01	   4.4396119916124366e-01	   6.4918203330060997e-01	   4.2796918521256178e-01	   3.1674541553042168e-01	   7.2576234426321307e-01	  -1.6016721421757690e-01	  -2.4335898331857658e-01	   5.1141456783775008e-01	   1.9293920189568051e-03	  -5.6263789807816392e-02	  -3.6434669425330368e-01	  -2.8429857818888671e-01	  -1.6439700320259418e-02	  -9.3311976759630974e-02	  -4.4526827146110820e-01	  -4.8964519544002161e-02	  -5.1065270073830060e-01	   1.6011515248351094e-01	   5.3101285488015981e-01	  -3.1629871984463487e-01	   7.8203506868051076e-01	  -3.5325492617066523e-01	  -5.8946202937017067e-01	   7.9767677914359603e-01	  -6.0448868508024223e-01	   4.7930335723792844e-01	  -5.5680930405482365e-01	   8.0943420704503866e-01	  -3.2928282600719899e-01	   8.8585988792836168e-01	  -4.9897273047403612e-01	   5.3582816772361153e-01	  -2.2036948986078109e-01	  -1.8271971085925842e-01	  -2.3328203515976492e-01	   1.7531879385509822e-01	   5.0879773658577410e-01	  -4.3533141241772780e-02	  -2.3095845356199807e-01	   6.1004443362265937e-01	   4.7104827226824419e-01	  -4.9119556464436298e-01	   5.0339703282246040e-01	  -1.7307187224414922e-01	   3.7400110948789578e-01	   7.1080824143072885e-01	   8.7290675009688790e-02	   2.9489692159046377e-01	  -1.0109478742454961e-01	  -2.8600480067702061e-01	   8.1715901620114850e-01	  -4.8742316685965426e-01	   3.2811355833913680e-01	  -5.4485461431306315e-01	   8.3472723611727451e-01	  -5.0435042355627147e-01	   4.9492222306126243e-01	   3.0245575720988971e-01	   7.9984794807741233e-01	   1.9192489360941653e-01	   4.0739557941732457e-01	   4.4691122674277495e-01	   8.9677716770063150e-03	   1.8486423263641932e-01	  -7.3633308436861306e-02	   1.9170728835088197e-01	   8.5495538172774266e-01	  -2.6835701889991959e-01	   7.1176810520859346e-01	   4.7272785235581545e-02	   3.5654959931771091e-01	   6.3915371527756104e-01	   4.0171355966986795e-02	  -3.4578160799824792e-01	   3.9252511721085365e-01	   5.9416396051332288e-01	   1.8462910540318417e-01	   1.9654797589833414e-01	   4.0042356842833648e-01	   5.1835877067056735e-01	   5.5756546105720417e-01	   5.3589426177805177e-01	
  -6.1158484290933801e-01	   7.7893518148728280e-01	  -4.5120518518677399e-01	   5.6346761176703886e-01	   8.9677779561706872e-01	  -2.5741864734693704e-01	  -6.4889443612394382e-01	   6.0724915707572569e-01	   0.0000000000000000e+00	  -4.2235059917488793e-01	   8.1488541574503615e-01	   3.8736304091449453e-01	   6.9036728060879937e-01	   1.5559843609595367e-01	   9.5356820757984162e-01	  -5.6325964809919560e-01	   8.0403567205833171e-01	   5.9017025082496444e-01	   1.2140730267426114e-01	   5.2595308082670544e-01	  -9.2312416928270052e-03	   3.5309652296803262e-01	   1.6225888079995243e-01	   1.1088643044769769e-01	   4.3287943841202003e-01	  -2.4821073060368176e-01	   3.7550672110444588e-01	  -3.6798945233774671e-01	   1.1572530594880823e-01	   6.2927179314387627e-01	   4.7923308014224779e-02	  -2.6685234131154689e-01	  -4.2564675647749994e-01	   3.4827817692542923e-02	  -1.7027714391783796e-02	   2.7143805207879607e-01	   1.7792330479905644e-01	  -3.6521855471279696e-01	   5.6666045473151871e-01	  -5.2480224232399508e-01	  -2.9710208754091295e-02	   5.9601201472183241e-01	  -1.4367027837275195e-01	  -3.5206808237108594e-01	  -2.3915745020512574e-01	  -2.1347814828533221e-01	  -3.0893851901749936e-01	  -3.7417571775711600e-01	  -1.8175699080959004e-01	   3.0053525965199301e-01	  -4.7779004237299505e-01	   3.6213263756034086e-01	   2.3468160140010463e-01	  -3.4496034407551612e-01	   4.9679684052439277e-01	  -7.2841524145859293e-01	  -6.8204316783221075e-01	   8.3194002526119859e-01	  -4.8274393752532752e-01	   9.1920876060963685e-01	  -6.3186308748826425e-01	   8.5818356774184723e-01	  -4.7161754793540583e-01	   6.7915670980318077e-01	  -6.0060056462786260e-01	   7.9059065859451805e-01	  -2.8873986984620575e-01	  -3.2276653371101816e-01	  -3.3033086844221021e-01	   6.3637199539638201e-02	   6.8224291234465984e-01	  -2.8488334474698496e-01	   2.0410398263383266e-02	   3.3833879518089105e-01	   6.4781617409215153e-01	  -5.3714173658526321e-01	  -7.4652260421324539e-03	  -6.0039561964493160e-01	   6.6040450661222128e-01	   6.4449521117448061e-01	   1.0903302644316960e-01	   6.6193807148459446e-02	   5.1460663045192076e-02	  -2.6878384973826230e-01	   6.9612137210655090e-01	  -7.3318509023871070e-01	   7.3922094990740428e-01	  -4.5272384918872344e-01	   7.3786257144309797e-01	  -7.4964327801287189e-01	   1.9876173235125383e-01	  -4.9238586950901631e-03	   4.5829282370160240e-01	  -2.1688060757746264e-01	   1.5408167418303403e-01	  -7.6294772854416659e-02	  -1.2763005482722431e-01	  -2.5120751631250426e-01	  -2.6547776475861912e-01	  -1.7742373048220894e-01	   6.9642128162493999e-01	  -7.2287292095678191e-01	   7.8461270415069173e-01	  -3.8162929378644539e-01	   7.1319525985991311e-02	   1.6099346512008822e-01	   4.8097494538712326e-01	  -4.7855302475957756e-01	   1.8089279382327919e-01	   1.7029140303438375e-01	  -1.8949092338786996e-01	  -1.1426014964837466e-01	   7.5679730425680256e-02	  -6.5529178755992207e-02	   1.3050030332178669e-01	   1.2922877334411303e-01	
   7.4730837948864437e-01	  -7.1725471468513269e-01	   3.1925137942130866e-01	  -6.2392116395320196e-01	  -7.2009791605345264e-02	   9.7427531358891617e-01	   6.2505402851910230e-01	  -6.0718249621113862e-01	  -4.2235059917488793e-01	   0.0000000000000000e+00	  -7.1853042993319161e-01	  -2.0944421775208369e-01	  -4.1424959080682594e-01	  -4.1954060043902064e-02	  -5.0433787950770514e-01	   9.6537475423800201e-01	  -4.5055665618736357e-01	  -4.6561797558191786e-01	  -3.6830651809745829e-01	  -5.1291731687613307e-01	   7.0631376947737801e-01	   3.6166429325606808e-01	   1.6919016628561108e-02	   8.3069039906319489e-02	   5.3171779591052859e-01	   9.5894284078780401e-01	   5.4738743375196786e-01	   8.9950730204708651e-01	   7.7847570916081257e-02	  -6.3784116718683714e-01	   5.3640953647416012e-01	   7.4689524901634619e-01	   5.0588299499817602e-01	   9.8429266309140021e-02	  -2.2935184329152136e-01	  -3.5043299634438901e-01	  -1.8453887376591355e-01	   1.5585585716270989e-01	  -6.1857807336588400e-01	   6.6605964943046048e-01	   5.7115616213615683e-01	  -3.8835953373447740e-01	   3.2861391608885465e-01	   4.5438437939716014e-01	   7.2417960861823405e-01	   7.8765782317220157e-01	   2.7358124851515514e-01	   5.0013005662327359e-01	   8.2608828197560780e-01	   5.0483763337467524e-01	   8.6530019233261046e-01	   3.0309849240767284e-01	  -5.2107857961481618e-01	   6.6939413523545155e-01	  -6.8784558565737330e-01	   6.9763571036071248e-01	   8.5116948095120604e-01	  -6.0462493475331824e-01	   9.4956734704616752e-01	  -3.3085336921302350e-01	   9.1484020262887289e-01	  -6.6129559551423367e-01	   7.6467895886858794e-01	  -5.9959524570478351e-01	   8.8185773195331651e-01	  -3.2264209990841763e-01	   7.8497862344232872e-01	   7.3400625367207772e-01	   6.5408692364330490e-01	   3.7116351791936147e-01	  -2.4674733981749875e-01	   5.2829769230429879e-01	   1.9779889408921239e-01	  -4.2498364849971459e-01	  -3.5290182584289653e-01	   8.6473504114200717e-01	   8.8177520211650488e-03	   6.4584882783185360e-01	  -4.6526840957914817e-01	  -5.9188782115569016e-01	   1.0352975942585213e-01	   1.8298862048019099e-01	   8.2582075730946364e-02	   7.5033342513057588e-01	  -7.5769857056737422e-01	   7.7636072132905898e-01	  -2.2778978202782182e-01	   9.2618861325764412e-01	  -8.3688068476529864e-01	   8.0921127272815330e-01	  -5.1488610785652575e-02	   1.5044855159961210e-01	  -5.6842419594808191e-01	   1.6138365653009928e-01	  -4.5226472844188853e-01	  -7.9625542955563955e-02	   4.4674326343665544e-01	   3.4632580649036881e-01	   5.5556424371784807e-01	   4.0334622328395375e-01	  -7.2814732918197500e-01	   5.4671559076730314e-01	  -4.8868587445529904e-01	   4.9234104947870050e-01	   1.2627565066803806e-01	  -1.3233744380423593e-01	   2.7510324345529080e-01	   7.9131617195862791e-01	  -5.4248980306235595e-01	  -1.7668621651624314e-01	   4.6854867437741704e-01	   3.2439643054089612e-01	   6.5736427545488835e-02	  -1.8590480983656285e-01	  -1.1438577579492185e-01	  -4.4037709298678812e-01	
  -6.4179293665101622e-01	   8.6709539989566076e-01	  -3.1165536741730915e-01	   7.3677411994711250e-01	   5.4721799360179579e-01	  -6.0071919925307882e-01	  -6.2065443854972679e-01	   7.0783553108828667e-01	   8.1488541574503615e-01	  -7.1853042993319161e-01	   0.0000000000000000e+00	   5.0024922316818676e-01	   8.5100905945661764e-01	   2.5776708341602267e-01	   8.7653106588604257e-01	  -7.6669335486882206e-01	   8.2038551720583130e-01	   6.3746229878025218e-01	   4.4441981663140473e-01	   7.3876973425330372e-01	  -2.4073333003364805e-01	   2.0706470825849144e-01	   3.7427447275665993e-01	   2.8506271382849147e-01	   2.7047937511445630e-02	  -6.0737567319911845e-01	  -8.9475522185732959e-02	  -6.4549186705758255e-01	   2.9208901739154919e-01	   8.5268854825413842e-01	  -5.1290870685210335e-02	  -3.2851881964810836e-01	  -3.5592684102172645e-01	   1.8433779159042077e-01	   2.0263891889428731e-01	   4.2124635048772191e-01	   2.9332626126852201e-01	  -2.3246481062876739e-01	   5.8206241281514925e-01	  -6.3867339518940847e-01	  -1.3658825769531263e-01	   7.7025779272665784e-01	  -2.7770709258291293e-01	  -4.7048308915841169e-01	  -5.1494716600852097e-01	  -5.1253192740275577e-01	  -3.4614593104363800e-01	  -5.1074901610289514e-01	  -5.0610378235733555e-01	  -7.5729718213586206e-02	  -6.7080056627226159e-01	   7.3475108857393792e-02	   3.8356342554549572e-01	  -6.4031973412084175e-01	   5.8383222804798640e-01	  -8.1900675252908228e-01	  -8.2494301648185386e-01	   8.0192685792569363e-01	  -7.4768366960596400e-01	   7.3822265912288554e-01	  -8.0916022485554828e-01	   8.5716868631743404e-01	  -5.4545680647020767e-01	   7.2182731515850063e-01	  -7.4872408818010316e-01	   6.8033758825847901e-01	  -5.4762389789960420e-01	  -5.5964366318077763e-01	  -4.6408284887501500e-01	  -1.3756268647097897e-01	   7.7104994277013583e-01	  -1.6654903830981344e-01	   1.4614944594142781e-01	   6.5008149156559447e-01	   7.5877403280342381e-01	  -6.4070607079889641e-01	   9.6705036997976362e-02	  -6.2586493164304147e-01	   7.5947886518870400e-01	   7.7527358488439435e-01	   1.8659754678867899e-01	   5.1886711805880864e-02	   1.7449578667867588e-01	  -4.2171756737470500e-01	   8.2959569382332299e-01	  -8.0940909424247454e-01	   6.1537915316885572e-01	  -6.9522492905089406e-01	   8.2317446851277165e-01	  -8.7450504546285690e-01	   8.2776391424589868e-02	  -1.5643987056609432e-01	   5.3572187911463454e-01	  -2.3893481924002793e-01	   3.3210254712315368e-01	   1.2271078072684730e-01	  -2.8859186662433123e-01	  -2.6516103991331741e-01	  -4.9237324177973496e-01	  -3.6933893367346121e-01	   7.2961498664298552e-01	  -7.4598902947599566e-01	   6.3440026156091445e-01	  -5.3308763409033322e-01	  -4.3138745467039205e-02	   1.2727899588441977e-01	   1.5202269474610858e-01	  -6.6743476756716469e-01	   4.2226651178889152e-01	   3.2606673281684584e-01	  -3.3395064585886042e-01	  -3.0445259426044213e-01	   3.7903330025387699e-03	   2.5370278090802559e-02	   1.2399303248919455e-01	   3.4340327969803430e-01	
  -6.5638727438709091e-02	   6.3623373394836558e-01	   2.4625509504968024e-01	   7.1682152232750762e-01	   2.4230383840728259e-01	  -1.3023131849659630e-01	   9.0189382751802827e-02	   7.8384125075961619e-01	   3.8736304091449453e-01	  -2.0944421775208369e-01	   5.0024922316818676e-01	   0.0000000000000000e+00	   4.5164519264164793e-01	   9.0067805457498262e-01	   3.6308045032405462e-01	  -1.6727123079687900e-01	   2.7760862247946239e-01	   7.8435168176581915e-01	   5.6019418912444041e-01	   7.4184327593657318e-01	  -6.3813675189715022e-02	   2.0960071750878459e-01	   7.1686862225635073e-01	   7.8142650907182376e-01	   1.2636604994670084e-01	  -1.6503305586664782e-01	  -1.1370194108860011e-01	  -2.5547824913036271e-01	   5.8667584890554028e-02	   7.8766690005917683e-01	   2.0105948823378215e-02	   1.3746824477852423e-01	   3.1260772273356585e-01	   6.6115217722453390e-01	   4.1288087232301396e-01	   5.8395812831114979e-01	   2.5394235619125788e-01	   4.3540542179320207e-01	   2.8216005008081357e-01	   1.3963389608453680e-01	   1.1108623363334001e-01	   5.9091574301400795e-01	   7.9933418263049255e-02	   1.3147634291938295e-01	  -7.0538303432968796e-02	   7.9991494595538767e-02	   2.3506760508775346e-02	   9.1452951686817496e-02	  -6.9331795217669911e-02	   2.1806157313416816e-01	  -1.2581525245985253e-01	   4.0712752255198087e-01	   2.5736510306592036e-01	  -3.4883527212917098e-02	   3.4445541873362445e-01	  -8.2375753408224034e-02	  -2.4990443218431313e-01	   5.5681495361492361e-01	  -1.9856817456698889e-01	   3.5950406826515341e-01	  -1.5023909180810380e-01	   5.9531959419299652e-01	   1.1870931439601182e-01	   7.5821225710914675e-01	  -9.1234397008921705e-02	   5.4583881151162039e-01	   5.8068202309755346e-02	   1.7691082594279631e-01	   2.9139614399777154e-02	   3.8620293856282484e-01	   5.6653320733459411e-01	   3.5931988695994921e-01	   6.8240457274064636e-02	   6.2073414862325194e-01	   4.0363694107711789e-01	   3.4975261622741723e-04	   5.0060191432484169e-01	   1.2873365103903447e-01	   2.8134614512465689e-01	   6.5484576593638333e-01	   1.6525140504615932e-01	   6.5948425552533496e-01	   5.6090456515427108e-02	   1.2362170933099180e-01	   4.5239810659617330e-01	  -8.7533234341559948e-02	   2.3058634919947865e-01	  -9.0114741173392549e-02	   4.2380041566958759e-01	  -1.7902624428282032e-01	   3.4867216853173227e-01	   2.9409244449539451e-01	   4.9833710999486658e-01	   2.6176142393170704e-01	   7.4938834027484524e-02	   4.4413082580442137e-01	   5.4996638831762035e-02	   3.2483783874350858e-01	  -4.9496937266101500e-02	   2.8576789935074054e-01	   4.2851102690680815e-01	  -1.0651440370998275e-01	   3.6141076924278231e-01	   2.0106118728406533e-01	   2.7051531027131442e-01	   5.0457192704122211e-01	   1.2306278338354501e-01	  -5.5693789076318827e-03	   1.4020666425607389e-01	   4.7918019100062686e-01	   3.5875168801917395e-01	   1.9783425688685166e-01	   3.9688111221820632e-01	   2.5121984980426726e-01	   3.4380905434010589e-01	   2.5616039478897101e-01	
  -2.8526421684215802e-01	   6.6349585986576254e-01	  -1.8130842610696576e-01	   5.0976315487367196e-01	   5.5007395265304926e-01	  -2.7797938545513962e-01	  -4.0197709741476428e-01	   4.5232742171686746e-01	   6.9036728060879937e-01	  -4.1424959080682594e-01	   8.5100905945661764e-01	   4.5164519264164793e-01	   0.0000000000000000e+00	   2.3338815751347092e-01	   7.9575257005966815e-01	  -4.3875589151450134e-01	   7.8408321327441155e-01	   5.5867846865602067e-01	   3.7955504828905146e-01	   6.4319235005531605e-01	   1.3938806788829233e-01	   4.5975775186888951e-01	   5.6920917753460520e-01	   4.3066275624287065e-01	   2.5429494580785894e-01	  -2.9753508931602862e-01	   1.1736818795097440e-01	  -3.5498052170429389e-01	   5.4522628973174669e-01	   6.9770600732375954e-01	   2.6788189914894600e-01	   2.6403422687640829e-02	  -1.4791929401586479e-01	   2.9937330728038286e-01	   1.9842187374755621e-01	   3.4547212578336661e-01	   3.1584883256887242e-01	  -2.5682886282502210e-01	   3.7166210725364857e-01	  -4.5079245791027944e-01	   2.0260107214112558e-01	   7.8491285048021586e-01	  -8.9970035332448156e-02	  -2.8006117876832054e-01	  -1.9933792206166401e-01	  -1.9389402534410138e-01	  -2.0876694197239970e-01	  -3.0582469965006875e-01	  -1.2905468634771555e-01	   2.2975744404286502e-01	  -3.0712837511823177e-01	   3.3218682939408850e-01	   3.1916901438575013e-01	  -3.9825288348560961e-01	   3.3883933410397288e-01	  -6.1496672805923169e-01	  -5.0038117420174499e-01	   6.6631071346275084e-01	  -3.7066697579465285e-01	   7.4058177345091303e-01	  -4.9639243034863600e-01	   6.5344660914317365e-01	  -2.4855802154986811e-01	   5.0683202433626917e-01	  -4.5346535657504672e-01	   6.2030679284274459e-01	  -2.2355762560322634e-01	  -2.4556974071484844e-01	  -1.5422766576307623e-01	   1.0504058762206733e-01	   8.2650482348661269e-01	   5.0675713968951000e-02	   3.9482311299032258e-01	   5.9280074721584963e-01	   7.3378887624291811e-01	  -3.3091359330640113e-01	   1.4474069893697022e-02	  -4.9676101913906068e-01	   7.8300868827884829e-01	   6.5369727794804722e-01	   4.2392463501177291e-01	   1.9265833292639156e-01	   4.3532800874728550e-01	  -9.0113286500131520e-02	   6.3661578284520037e-01	  -5.2196482652736376e-01	   7.0248373249992002e-01	  -3.6168700337727344e-01	   5.3170823904831344e-01	  -6.1921631789695120e-01	  -1.6638734772009302e-02	  -1.8146474881566899e-01	   2.6819466320373303e-01	  -2.8183298787381927e-01	   1.8793141256524776e-01	   5.1652112516842111e-02	  -7.9338249794006027e-02	  -1.7005296503214146e-01	  -3.4171946690747973e-01	  -2.8090773007552577e-01	   4.4174426642803666e-01	  -6.2843443153628442e-01	   4.7024054919699204e-01	  -4.5578581259894269e-01	  -6.7968532208643129e-02	  -3.3689093710210227e-02	   3.4480610773572301e-01	  -3.8225776243215781e-01	   2.8280269242500067e-01	   2.0189422486728914e-01	  -1.7806866005209854e-01	  -2.5107150119939697e-01	  -3.5746453192324223e-02	  -1.5847793057255821e-01	  -2.4201843283403215e-02	   4.5062242574624989e-02	
