   0.0000000000000000e+00	   6.5115954561818090e-01	   7.2683751493980675e-01	   6.2036664398975894e-01	   4.8199963955123226e-01	   4.8222957245360620e-01	   7.3141090576293166e-01	   4.7787424104453324e-01	   3.4010656746967755e-01	   4.3363127562383386e-01	   7.3442677562700209e-01	   3.8826127593353832e-01	   6.4330318843522893e-01	   3.3661346953960597e-01	   2.7678804836434817e-01	   2.9861277657134333e-01	   4.3027653957660106e-01	   2.2405302378579001e-01	   7.9064332651443558e-01	   7.6591514984582620e-01	   1.4668669444695676e-01	   2.5017193689475226e-01	   6.2190014907010516e-01	   5.2377340761663271e-01	   2.1449269005474081e-01	   1.0381312128893651e-01	   1.9512121604494667e-01	   2.8309019753253450e-01	   1.3003213139430153e-01	   3.9201909576814433e-03	  -1.3906792699584289e-01	  -8.8671329787536224e-02	   3.6275619943036302e-01	   3.5160157840208173e-01	   4.4562722692529777e-01	   3.7164630876219218e-01	   2.0461108995985247e-01	   1.7416394698063070e-01	   3.0328834313495251e-01	   2.8922808266842781e-01	   5.2964958675455219e-02	  -2.9979928859138014e-02	   6.7488914599596894e-01	   6.4324058926265137e-01	   6.5235336481677864e-01	   6.8338508534934450e-01	   6.4128110550992967e-01	   6.5293628633541201e-01	   6.2250281112528039e-01	   4.2054985106429071e-01	   5.2613827865926188e-01	   3.4368456851511048e-01	   6.4845096762342735e-01	   5.6774813028415860e-01	   5.6773519693845620e-01	   5.9297012679715499e-01	   7.5313953320848581e-01	   4.0934461490673840e-01	   3.3021332343088933e-01	  -8.1414536058087766e-02	   5.0541946615620037e-01	  -9.1397500988152705e-03	   8.9945948328846184e-02	  -5.5680819053623667e-02	   2.8586024469474025e-01	  -1.7174037822760765e-01	   5.7188849894460547e-01	   4.8917867314030494e-01	   7.4120299422543423e-01	   6.8573229421419279e-01	  -2.2751430726061950e-01	  -2.6296832069901932e-01	  -1.2564314037678671e-03	   6.6120921255773374e-02	   7.4338221046898398e-02	   2.2752446496254286e-01	   2.7993248337543558e-01	   1.4434052252372542e-02	   3.6714264131473873e-01	   3.7881080901936492e-01	   2.8619544600153329e-01	   1.5522180508610289e-01	  -1.0254902424249507e-02	   3.2537665929255100e-01	   5.3100453079572740e-01	   3.5741959818819224e-01	   3.3227636657321957e-01	   3.7406461178842054e-01	   5.7479570545003866e-01	   7.1168233353328691e-01	   5.0701143263918946e-01	   4.8101871904362581e-01	   4.3957713959573746e-01	   5.6123168104177745e-01	  -1.9840499792121769e-01	   1.7642738382307233e-02	  -4.1262337265839819e-02	   5.2802845804580534e-01	   4.6700543706107961e-01	   6.0979493667932583e-01	  -1.4318777255754211e-01	   4.3418936628078747e-01	  -2.2493517667704382e-01	   3.3027277509332542e-01	  -3.4010332265881732e-01	  -2.7075249691261460e-01	  -2.1738340879982171e-01	  -1.6690686317092901e-01	  -8.5522120608791274e-02	  -3.2291894517761260e-01	  -8.0602258036496649e-03	   1.1304581829689520e-01	   1.8048122626623361e-01	  -4.7272055384524198e-02	  -3.9833772212840501e-01	  -4.9687795653223849e-01	
   6.5115954561818090e-01	   0.0000000000000000e+00	   3.2726722654106072e-01	   4.6050842365655603e-01	   5.3457054250334446e-01	   5.1708060288281432e-01	   2.5080634665923368e-01	   2.5851926287196447e-01	   3.5425154950393645e-01	   4.2940511541573123e-01	   5.2920905417793684e-01	   3.5471454330320296e-01	   3.6816778491660745e-01	   3.2743629826019682e-01	   4.7544467206121477e-01	   2.5227668662633423e-01	   6.2330913504212571e-01	   6.1426717814133280e-01	   5.7419147890496225e-01	   6.3869603554459475e-01	   4.5020692006540231e-01	   6.0204354517912217e-01	   3.3901534394656202e-01	   2.4547754001896416e-01	   2.8822556893621198e-01	   1.8142984140309726e-01	   4.0930864335518485e-01	   4.4930481633695418e-01	   2.4234424703728280e-01	   1.5066047041337921e-01	   8.1192684563241080e-02	   8.1693243061235959e-02	   5.4184005498763077e-01	   5.0673004538964672e-01	   3.9348277588832936e-01	   2.4006352243637302e-01	   2.7772940376474803e-01	   4.0095671921273535e-01	   4.6069568040295350e-01	   4.6882637285126239e-01	   2.5892572028943839e-01	   2.8189759776739637e-01	   4.2315194137795042e-01	   3.9379701633292641e-01	   5.3748610990669343e-01	   5.1181265712695301e-01	   4.7351561839862000e-01	   4.8722772156965766e-01	   6.1888808816481833e-01	   4.8032670961927493e-01	   4.3606578165023391e-01	   2.8603321506780788e-01	   5.1384862190702707e-01	   3.3463278924129625e-01	   5.1233422617912849e-01	   3.6927686423801442e-01	   7.8235808829301545e-01	   8.9798357811155660e-01	   4.8567835638042811e-01	   4.0287766599814390e-01	   4.5669281885033763e-01	   3.2374368318837199e-01	   3.0581961495920668e-01	   3.5798051747713927e-01	   1.0988217248584559e-01	   4.6655033975013027e-02	   6.4114214996698671e-01	   5.1374752543680202e-01	   8.2848593025835315e-01	   7.4215804954938935e-01	  -4.1773972937564290e-02	   1.0835855055402022e-02	   2.1857588785598700e-01	   2.5446990559540955e-01	   2.9486158697970122e-01	   3.2990782717242173e-01	   9.4339277756519374e-02	   1.9051216008018290e-02	   5.0371235241957801e-01	   5.8590815857141543e-01	   4.5225610727513665e-01	   2.7871080302642071e-01	   4.2070943345759371e-01	   3.2980220719408887e-01	   4.5706201597581853e-01	   1.7804552011721403e-01	   4.9725187192450837e-01	   5.3296724443522114e-01	   5.9708158453946014e-01	   2.4869759159677796e-01	   4.7123964800586998e-01	   4.4417664267500190e-01	   3.9905745730384401e-01	   3.5228539543307125e-01	   5.0339074128727609e-02	   1.6334675383581748e-01	   3.2723632134853042e-01	   3.8462960619931041e-01	   5.4186689938100907e-01	   4.8610007050242521e-01	   2.7207886686556981e-01	   4.0487046591026210e-01	   3.2515898491522188e-01	   4.2298475578097450e-01	   2.8463342511623167e-02	  -4.2260817758543165e-02	  -4.5675563358129299e-02	  -1.8719327278559994e-01	   1.0633348227823974e-01	  -7.7018544213984727e-02	   2.2863598916299493e-01	   4.0034430105795660e-01	   3.1087330115509432e-01	   2.1776712968929618e-01	  -8.8089426186340664e-02	  -1.2109396371809328e-01	
   7.2683751493980675e-01	   3.2726722654106072e-01	   0.0000000000000000e+00	   8.7074281564990774e-01	   3.5094174816927387e-01	   3.1544056228902684e-01	   9.4767577731054475e-01	   7.7091186101772124e-01	   2.9598211011197717e-01	   3.5567984130803459e-01	   7.2091534537659407e-01	   4.6389198116504377e-01	   7.3513285278523188e-01	   5.4136665315903443e-01	   2.9193045498790310e-01	   4.5772901643830671e-01	   5.1040846804013351e-01	   1.3866749914947801e-01	   8.0072349360221406e-01	   7.3559675954956838e-01	   2.1134614841433236e-01	   2.2628385594105505e-01	   9.4052104562005778e-01	   9.0226402941566242e-01	   3.8628195268856691e-01	   2.8983502616678053e-01	   5.3656879434942064e-03	   1.4604873129948195e-02	   4.1886010981757782e-01	   3.0354633069469306e-01	   1.1958486424100576e-01	   1.8480155345821447e-01	   4.9408192527652672e-01	   4.8997297057229233e-01	   4.7395205339537605e-01	   3.8212059437337698e-01	   5.3131509717573244e-01	   4.3125041974039813e-01	   4.7792025952797168e-01	   4.2782223561716959e-01	   2.4156188672476964e-01	   2.2253893287961407e-01	   7.1828317798935037e-01	   6.4942147768956737e-01	   5.0155104840883835e-01	   6.1286574674033090e-01	   6.9231439309450660e-01	   7.1318823228776074e-01	   5.4509129870509099e-01	   3.5897139353076257e-01	   6.6327301720245568e-01	   4.9883762373864560e-01	   7.2706690291702958e-01	   7.4900598992045142e-01	   7.0412971818783676e-01	   7.6424362686014258e-01	   4.3702645755971758e-01	  -5.9166737044815841e-03	   2.5742124748039004e-02	  -3.3210129959298523e-01	   2.2753831050623596e-01	  -2.6351990931840119e-01	   1.9987808395658585e-01	  -1.1847448469599275e-01	   1.3245600113146488e-01	  -4.0580439009273750e-01	   5.6275315826867256e-01	   5.3789033848718648e-01	   4.6824062376363784e-01	   5.2723405077044305e-01	   1.6081325635897001e-01	  -2.0281613020688316e-02	   1.5477765004115293e-01	   1.8305373914857379e-01	   1.4156717079984243e-01	   2.7048939091131052e-01	   4.5955649860234615e-01	   2.6281613589806418e-01	   5.4828014403076375e-01	   3.9793496277307883e-01	   4.2927202744539283e-01	   3.3082321444335966e-01	   9.2079328321620746e-02	   5.1086616935927998e-01	   5.0204978737651229e-01	   4.3082214050058315e-01	   4.0978024891500758e-01	   2.4512200628155159e-01	   5.7260784159373224e-01	   7.6070167668691835e-01	   7.9497208438436573e-01	   7.5595426060269399e-01	   7.8052653953215489e-01	   8.4548961372458553e-01	   1.9523664355613410e-01	   3.9345746176199947e-01	   2.1502327668328231e-01	   6.8720371526734381e-01	   6.1232469093624198e-01	   7.6428572918279702e-01	   1.3990957084722333e-01	   6.2300003591123565e-01	  -5.2094598157677960e-02	   4.6467909275848557e-01	  -7.9743283507956952e-02	   3.8572511512919624e-03	  -2.6020464811195709e-01	   1.1252915117189424e-01	   1.7923082889563444e-01	   1.1791196476848731e-01	   2.2436374919482652e-01	   3.2220907205112448e-01	   5.3061784378827470e-01	   3.3645641192569209e-01	  -4.6591591815622280e-02	  -2.2663067541784454e-01	
   6.2036664398975894e-01	   4.6050842365655603e-01	   8.7074281564990774e-01	   0.0000000000000000e+00	   5.4590656654162117e-01	   4.8958410484202119e-01	   7.4793327806699184e-01	   8.6548219963643547e-01	   4.2114041955511117e-01	   5.0406338748993207e-01	   7.7089116790367340e-01	   6.7513542211793320e-01	   7.3297664122409123e-01	   7.8161605844498638e-01	   5.5496305222964049e-01	   7.0430797670635703e-01	   6.8712847659130372e-01	   4.1821801044676865e-01	   7.9256383721340395e-01	   7.7768724496500907e-01	   4.5388004834699258e-01	   4.7360375134866889e-01	   9.1488776136448680e-01	   9.2431003863075634e-01	   6.7788978292717739e-01	   6.1258760608944940e-01	   1.9925968083112411e-01	   1.3993552935277306e-01	   5.9599796282335660e-01	   5.9238506842101057e-01	   3.9909497615952338e-01	   4.5581457897611538e-01	   7.1064604202733894e-01	   7.2346715516531335e-01	   6.0439513547021140e-01	   5.0888674488113583e-01	   6.2443782780253665e-01	   6.7925665455268580e-01	   6.0442638236371837e-01	   5.9998490684834183e-01	   4.2585946371828454e-01	   4.5088752998858694e-01	   5.9296374168199995e-01	   5.5505813998190257e-01	   3.9409900838116207e-01	   5.6210615786599472e-01	   5.7086428506229603e-01	   6.8329946449555012e-01	   5.5790733190677688e-01	   5.0825569049939023e-01	   7.6884790953543036e-01	   7.0204947860021383e-01	   8.0833448836728450e-01	   7.9909797904177304e-01	   8.0670809649813280e-01	   7.9710519599294882e-01	   4.9308203504082437e-01	   2.1403711650335500e-01	   2.0898635850200098e-01	   2.0764419480130879e-02	   2.9867297955345973e-01	   3.0822901475138316e-03	   4.7846264450391496e-01	   2.9180711351310146e-01	   1.3275255874224864e-01	  -1.8252550301220738e-01	   7.1608373304888073e-01	   7.4192531184324650e-01	   5.4462669816521025e-01	   6.6643518650785727e-01	   3.3351845317917150e-01	   2.8199293222182709e-01	   3.8328016817912580e-01	   4.6890265364189143e-01	   4.1414581205313272e-01	   4.9545135113393002e-01	   5.4903684234181149e-01	   3.7296691053757197e-01	   7.1783799323564934e-01	   6.2190972010855694e-01	   6.5469533016733028e-01	   6.0050353708650650e-01	   3.8606668242331499e-01	   7.0799635140202155e-01	   7.1402921267221997e-01	   6.4551886584256823e-01	   5.9875204617912758e-01	   3.9292026786559853e-01	   7.6983107983366028e-01	   6.5965600076077957e-01	   8.5003343987767654e-01	   8.2052510733089679e-01	   8.7249296962943101e-01	   7.9654634116674750e-01	   3.0912280595003105e-01	   4.8477529458259461e-01	   3.5497715367610860e-01	   6.9092693094294910e-01	   6.2910313180703792e-01	   7.4539440317104488e-01	   4.1795627076119696e-01	   6.6812065580569813e-01	   2.8434716045109232e-01	   6.2049389317876469e-01	   1.6462931100317713e-01	   1.3049220966927574e-01	  -1.1650704944595162e-01	   9.6883128606691571e-02	   1.6795927424782006e-01	   2.1605209541886727e-01	   2.3519009005422856e-01	   4.0185203740427416e-01	   6.0131907320226230e-01	   5.3058919332018883e-01	   1.7839413766053164e-01	  -3.2584578528582805e-02	
   4.8199963955123226e-01	   5.3457054250334446e-01	   3.5094174816927387e-01	   5.4590656654162117e-01	   0.0000000000000000e+00	   8.4421704935835384e-01	   3.1039800435884568e-01	   4.1912457257730307e-01	   8.7560683237949588e-01	   7.7981370729044130e-01	   6.4467068404937544e-01	   5.6887344477346657e-01	   4.9367917440288234e-01	   5.2178177028741579e-01	   6.1350401828441581e-01	   5.7672825045249976e-01	   3.1656078766263518e-01	   2.6074914794403470e-01	   4.5292954459202606e-01	   4.8284072658616650e-01	   5.1611345759712091e-01	   5.8828328728664814e-01	   4.7528317179274598e-01	   3.9339145182254209e-01	   6.9515233055804804e-01	   5.3015405525227344e-01	   7.5227324712047083e-01	   6.6314822087468450e-01	   2.5558315003218435e-01	   2.1152400441161867e-01	   2.9594713524752414e-01	   3.2956036342729911e-01	   4.6972827208614482e-01	   4.8689584455541890e-01	   7.3399962890422821e-01	   6.0703988508087525e-01	   8.8185920538085827e-02	   3.3349295768246268e-01	   2.1271106727095407e-01	   4.1520396468853249e-01	   1.6965526817175908e-01	   1.5060545460117380e-01	   3.3088411347687585e-01	   3.4721963785471655e-01	   2.8962056613050446e-01	   4.2976883935491733e-01	   2.4120632932709715e-01	   3.7818624587582450e-01	   4.6475020310468990e-01	   5.2066991268910212e-01	   5.7235173803429484e-01	   5.3109890102534918e-01	   5.3705600487492255e-01	   5.4012211785341202e-01	   4.2199920659382739e-01	   4.3289662935791895e-01	   4.4225304495287238e-01	   4.2871436389478362e-01	   5.0642105803377913e-01	   2.9871449700709068e-01	   6.3069666940999181e-01	   3.5637610753611271e-01	   1.4119726203494157e-01	   2.4248713292082619e-01	   4.9685248648601144e-01	   2.7420738942370343e-01	   6.8323834927740745e-01	   6.8477239296353831e-01	   5.3811537625182204e-01	   5.5341233679145463e-01	   4.1793602819536521e-02	   2.3547607473925369e-01	   1.6956848254930929e-01	   2.8034809847078646e-01	   2.5628104499601467e-01	   4.5840085440947281e-01	   4.5694702563887507e-01	   1.9586122576439158e-01	   3.9198278943518983e-01	   4.4872065502208069e-01	   3.6716158088696293e-01	   3.1713329531779022e-01	   3.6076514448458175e-01	   4.1664344921644192e-01	   6.1293482862502846e-01	   4.6362325540764238e-01	   3.3435702994252536e-01	   4.6009249656222972e-01	   5.5439830660572365e-01	   3.8029449341927446e-01	   4.2467128147583044e-01	   4.4200367343017433e-01	   4.0923246049456941e-01	   3.8649592220083528e-01	  -6.1164115816940222e-02	   1.0839059159066813e-01	  -2.1822367892107439e-02	   2.8324595447400025e-01	   2.1811634073626979e-01	   3.1428641070612223e-01	   3.5902340509370578e-01	   3.8375834755415472e-01	   2.8799943535551170e-01	   2.4193687298804953e-01	  -6.2529602586189267e-02	  -1.9945858254304499e-01	  -3.2597659867449891e-01	  -3.8291524376616221e-01	  -7.8406056443763139e-02	  -2.0052585198999362e-01	  -3.2217344982509910e-01	  -7.7835507193398601e-02	   1.9002588714961001e-02	   1.2533156896152287e-01	  -1.2892623176725099e-01	  -2.2883741524948248e-01	
   4.8222957245360620e-01	   5.1708060288281432e-01	   3.1544056228902684e-01	   4.8958410484202119e-01	   8.4421704935835384e-01	   0.0000000000000000e+00	   2.8439842803602744e-01	   3.7728256442853392e-01	   6.5628476450439632e-01	   8.6529919695803126e-01	   5.3654579727389473e-01	   5.6469327746862874e-01	   4.2850943651272205e-01	   5.1434390786478579e-01	   4.5086468321084328e-01	   5.7194433251965249e-01	   2.1169553689533294e-01	   2.4088477261782781e-01	   3.6833147812699563e-01	   4.4251832819381404e-01	   3.9293536417572139e-01	   5.8547331516550294e-01	   4.0216783455156052e-01	   3.6775875349774328e-01	   5.4968313135487723e-01	   4.9005618036728527e-01	   7.3636107619920010e-01	   7.8029797253084254e-01	   3.9291099641658812e-02	   1.7101564397871521e-01	   1.4024487907670452e-01	   1.7334505628411728e-01	   3.1544859017056626e-01	   3.4258144818648634e-01	   6.5052123445511012e-01	   5.5973932382506697e-01	   8.5615313407496174e-02	   3.7766487321738001e-01	   2.0417208046310528e-01	   4.2588378836216140e-01	   3.5601213900262246e-02	   1.5833667783529190e-01	   2.9603544909764395e-01	   2.8933856283088721e-01	   1.9291084579381912e-01	   3.5586588221022297e-01	   1.7480811353073261e-01	   3.4293405208739325e-01	   4.6257732993354722e-01	   5.6448319018949178e-01	   5.6467605811478871e-01	   5.7359465380950314e-01	   5.4098272286889881e-01	   6.2160785687505382e-01	   3.9703050209379304e-01	   5.1453090992927475e-01	   4.4080665168966959e-01	   4.3040972533121680e-01	   5.2123401340918474e-01	   3.0484678210841332e-01	   5.7840677823982056e-01	   3.1900084690928682e-01	   2.6316361034876938e-03	   1.3879734719897407e-01	   3.8793323553050174e-01	   2.2067084148613902e-01	   5.9423929495183070e-01	   6.5609790994080597e-01	   4.6862100591450151e-01	   4.9378497204881255e-01	  -5.7279971644881814e-02	   2.8266660506402108e-01	  -4.5399046941336493e-02	   2.5872298146812867e-01	   1.2234405779349761e-01	   4.0997932543135962e-01	   3.3795385660902300e-01	   1.1231635798755282e-01	   2.3320904515699181e-01	   3.9777080031559009e-01	   2.8109831742854086e-01	   2.2976904210065285e-01	   2.4289966042037656e-01	   3.9817678043506766e-01	   5.7934301663010535e-01	   4.8305867243097683e-01	   4.3649456626170957e-01	   5.7055104164326920e-01	   5.0956274323351647e-01	   5.1360783859905412e-01	   4.0447658829676869e-01	   3.9915549992132704e-01	   4.2365419782871011e-01	   3.7184409848151861e-01	  -7.8512274089232184e-02	   1.6683451842945313e-01	  -6.5803768784054334e-02	   3.0946977938174824e-01	   1.3171900410338586e-01	   2.7006440287127509e-01	   2.8463322816600256e-01	   2.8684895866932014e-01	   2.7671759940259522e-01	   2.4268440037972583e-01	  -1.5697336403801451e-01	  -2.5750282437226257e-01	  -4.2634004760736272e-01	  -4.4250585667479342e-01	  -3.1830044852811844e-02	  -1.6729320243135504e-01	  -3.6341597530599634e-01	  -1.2478385939801863e-01	  -5.2478284600180274e-02	   8.8920073746333178e-02	  -2.2410890335231201e-01	  -3.3768989596776106e-01	
   7.3141090576293166e-01	   2.5080634665923368e-01	   9.4767577731054475e-01	   7.4793327806699184e-01	   3.1039800435884568e-01	   2.8439842803602744e-01	   0.0000000000000000e+00	   7.6071449921682044e-01	   2.6111613924639421e-01	   3.9865127685341528e-01	   7.1173354043110670e-01	   4.6244154328505915e-01	   7.7489507118176615e-01	   4.5302902421138824e-01	   2.1781743611137880e-01	   3.7017467187652092e-01	   2.9684671975087706e-01	  -6.8951713026592143e-02	   7.2864917186281686e-01	   6.2482862275001239e-01	   2.9258796702094070e-02	   4.0684403587639792e-02	   8.7090656754016826e-01	   8.1337075553364491e-01	   2.2936207468282516e-01	   1.1396451831705487e-01	  -3.5955303701917490e-02	  -1.6449487231693743e-02	   2.9815391216747944e-01	   1.3477326926181590e-01	   2.6753497068066595e-02	   8.2764674132112526e-02	   3.2379234258573630e-01	   3.1909209446741388e-01	   3.5907004788551444e-01	   3.2414654915709362e-01	   3.4123073261308345e-01	   2.4060678233799940e-01	   3.7744394091154654e-01	   2.7166760841101922e-01	   5.2090846758785794e-02	   3.9805367951810208e-02	   7.2229818448687477e-01	   6.5102793394631675e-01	   5.4822243473167065e-01	   6.1139976992601430e-01	   6.6997131743606708e-01	   6.5495462541711769e-01	   5.5914477066245782e-01	   3.6195584440828166e-01	   5.8176578700603576e-01	   4.4110375950361830e-01	   6.5160967924213475e-01	   6.6818574843855449e-01	   5.9889048854893445e-01	   6.7422964185663936e-01	   3.2747032807016740e-01	  -9.5735357115129011e-02	   6.4265369135455164e-02	  -3.4786088307434093e-01	   3.5083393151328068e-01	  -1.4610945181604523e-01	   2.9093492750690758e-02	  -2.5083174383088391e-01	   2.2819191396484312e-01	  -2.9269249562572286e-01	   4.4245180776489224e-01	   3.9697639284323583e-01	   3.5618162324318731e-01	   3.7440249470359327e-01	   1.2766030946428277e-02	  -1.7757552980783703e-01	  -1.8913310372927070e-02	   6.0428075678730438e-02	   1.4862844551789330e-03	   1.9426544817742120e-01	   3.5682986320819488e-01	   1.6897205802320966e-01	   3.4313142882606018e-01	   1.8571445925090069e-01	   2.0584202334253868e-01	   1.1021800551580338e-01	  -8.4913870829466387e-02	   3.4068764480090014e-01	   3.6374096715339271e-01	   3.0026416499363084e-01	   2.5762762852964466e-01	   9.9793731767746099e-02	   4.8796553859795089e-01	   7.5940215858881155e-01	   7.0631091125886891e-01	   6.6926429538649845e-01	   6.6755379485389166e-01	   7.9554248285409512e-01	   5.0806982123327835e-02	   2.4277081628435954e-01	   4.4819392476070377e-02	   5.6251950881112978e-01	   5.4232652912929313e-01	   7.0444447981305447e-01	   3.8935740154630222e-02	   6.0201244179646418e-01	  -2.0664721236872552e-01	   3.6012821481536716e-01	  -1.8809249300840805e-01	  -6.9556623320226746e-02	  -2.8778556445775061e-01	   9.4644294454055103e-02	   1.0416834882403181e-01	  -2.8880279658415296e-02	   7.7834199880713661e-02	   2.0485027879532414e-01	   4.4322024231392865e-01	   1.9310915395264017e-01	  -1.3984142336997074e-01	  -2.8373140525748403e-01	
   4.7787424104453324e-01	   2.5851926287196447e-01	   7.7091186101772124e-01	   8.6548219963643547e-01	   4.1912457257730307e-01	   3.7728256442853392e-01	   7.6071449921682044e-01	   0.0000000000000000e+00	   3.2606980939763902e-01	   5.4327224118281292e-01	   7.4986694682351962e-01	   7.7234417133009325e-01	   8.4198793866211452e-01	   8.2570871915950406e-01	   6.2039122907529931e-01	   7.2612674149181877e-01	   4.4087708973767892e-01	   1.9331709990833132e-01	   6.8669536877100223e-01	   5.9920505161481352e-01	   3.0937826499235654e-01	   2.6438087820197054e-01	   8.3794684947078835e-01	   8.3913510698417104e-01	   5.9566359016090942e-01	   5.3511950243934681e-01	   9.3228775168939362e-02	  -1.4426717854208517e-02	   6.1041938287363806e-01	   5.5886824178209160e-01	   4.8483712388243028e-01	   5.1009184243970485e-01	   5.7250347342213925e-01	   5.7184263956327064e-01	   4.4902570351841908e-01	   4.2702800982708505e-01	   5.8023284408148168e-01	   5.6100310050936197e-01	   6.2902786604779715e-01	   4.5491983080684423e-01	   4.0130188332027183e-01	   4.3995031509699184e-01	   6.0949471752105555e-01	   5.7292902867660889e-01	   4.4742018624903168e-01	   5.7649408812134806e-01	   5.5654276721898066e-01	   6.2428083101295395e-01	   6.0884996887507570e-01	   5.9541726964151365e-01	   7.5363313000334331e-01	   7.4443778635983793e-01	   7.2095456884333764e-01	   6.5803174212544158e-01	   7.4025954142637662e-01	   6.7195226156241783e-01	   1.5054219678650027e-01	  -9.9977913252852178e-03	   1.8173097933111471e-01	   7.5600224700288016e-02	   2.8488843768716654e-01	   2.0562075192113316e-01	   2.8421466421281100e-01	   1.9767059430605768e-01	   1.8126546616047734e-01	  -4.0986245057541993e-03	   5.1741750228429684e-01	   5.5495141204339760e-01	   2.3600248697668197e-01	   3.4849608545020089e-01	   3.8916320845438351e-01	   2.8227808492508188e-01	   3.9085517935422825e-01	   4.8331848305728065e-01	   4.0092119843748181e-01	   4.6724106977984442e-01	   4.9985992115239036e-01	   3.5379017738398877e-01	   5.0804311989253037e-01	   3.4946879508324974e-01	   4.7047093607181889e-01	   4.4330494769384626e-01	   3.1157144522811503e-01	   6.0635613970793456e-01	   5.7490266893315589e-01	   4.8704114017284916e-01	   4.9159597273122685e-01	   1.6668271039096927e-01	   7.1507589492337087e-01	   5.1414422199080267e-01	   7.8104634970668751e-01	   6.9216970901304620e-01	   7.7214135659815286e-01	   6.4392592977208607e-01	   3.3918966142316770e-01	   4.0752879735791941e-01	   2.9591564288690697e-01	   5.3662140242826584e-01	   6.2622115017660218e-01	   6.8792747658784359e-01	   3.9702005484160496e-01	   5.8611842543114667e-01	   1.9779742666611738e-01	   4.4695340316711452e-01	   2.0649070788749099e-01	   1.6647285609069512e-01	  -6.7948135820809052e-02	   1.6250725977242708e-01	   2.5801816429754587e-01	   2.3515823511079142e-01	   1.4897297083550110e-01	   3.6615989834793855e-01	   6.1858027925463654e-01	   5.0003313102549007e-01	   2.3693848280514584e-01	   8.6401864560917807e-02	
   3.4010656746967755e-01	   3.5425154950393645e-01	   2.9598211011197717e-01	   4.2114041955511117e-01	   8.7560683237949588e-01	   6.5628476450439632e-01	   2.6111613924639421e-01	   3.2606980939763902e-01	   0.0000000000000000e+00	   6.6488906002155357e-01	   5.6038901881629455e-01	   4.8801185639645256e-01	   4.2098454787097306e-01	   4.2707005956888183e-01	   5.2796504695250979e-01	   5.1863050441640213e-01	   3.4188737196986185e-01	   2.6145036786228554e-01	   2.9747064741899210e-01	   2.8073341781464989e-01	   4.4300889928669662e-01	   4.6342203280801908e-01	   4.1989030017521378e-01	   3.3413540942577968e-01	   6.3774359867113417e-01	   4.7638264154758980e-01	   5.7396242309409828e-01	   4.6385400466537241e-01	   3.4817862571530311e-01	   2.2986627247831309e-01	   2.8483696937703862e-01	   3.0928221896540442e-01	   3.4631343411488219e-01	   3.5279357249535398e-01	   5.9370270568719419e-01	   4.3740706101273441e-01	   9.1303213456384411e-02	   2.4805716292090962e-01	   3.7304647143176148e-02	   2.9705149822005034e-01	   2.8458600249702037e-01	   1.4244580849931848e-01	   2.9911445821861105e-01	   3.2292479244143568e-01	   1.7843412428239058e-01	   3.2902072374667723e-01	   2.2739821980254241e-01	   3.3313242920180103e-01	   2.8135893772627907e-01	   3.3387687340499705e-01	   5.0726114246697662e-01	   4.2387781137487407e-01	   4.5637578762146225e-01	   4.7315886701910309e-01	   2.6440637534102995e-01	   3.2425181339840159e-01	   2.2451314866587369e-01	   1.8671717149583458e-01	   9.9587121775219431e-02	  -2.0936048448582555e-02	   3.9342424593426717e-01	   1.5233240467564799e-01	   2.8276174275514560e-02	   1.1778786071357150e-01	   4.1561626589444800e-01	   1.3829864090779873e-01	   4.0654869263045434e-01	   4.5103837940722480e-01	   3.2757618029710228e-01	   3.4461635797017587e-01	   1.6499383115970079e-01	   2.7629706493388206e-01	   2.3580313900898386e-01	   2.1777835333405771e-01	   1.8209585185977017e-01	   3.0823655984177245e-01	   4.0906451976551922e-01	   1.1823900215992000e-01	   4.6550553245271520e-01	   4.7765486170410665e-01	   4.1897384472686633e-01	   4.0652639313950423e-01	   3.8652280162090935e-01	   4.0416009973099620e-01	   4.9823990423622089e-01	   3.7781361594859464e-01	   1.1141283416747340e-01	   3.7617146972453963e-01	   3.0974147940031849e-01	   2.2600713442792436e-01	   3.2268954782726855e-01	   3.2771264474263240e-01	   2.8062296885339805e-01	   2.8514576870953001e-01	  -8.1974021258350183e-02	  -1.2003342196357236e-02	  -1.0949459446153234e-01	   1.2502175890231287e-01	   9.3350398470230467e-02	   2.0982547093070078e-01	   2.2013981919253178e-01	   2.1972436122810063e-01	   1.4752645101347717e-01	   7.7651505799288173e-02	  -2.3326438390984264e-02	  -8.0965259740639922e-02	  -3.0391402043541493e-01	  -2.3506017906345972e-01	  -1.6964313464368741e-01	  -2.4223985948266250e-01	  -2.8017083093509931e-01	  -1.6761537931586967e-01	  -7.5464046697554771e-02	   2.0744497253974924e-03	  -9.8502216924067507e-02	  -1.8868380420359943e-01	
   4.3363127562383386e-01	   4.2940511541573123e-01	   3.5567984130803459e-01	   5.0406338748993207e-01	   7.7981370729044130e-01	   8.6529919695803126e-01	   3.9865127685341528e-01	   5.4327224118281292e-01	   6.6488906002155357e-01	   0.0000000000000000e+00	   5.7005226298240341e-01	   6.8194906286351575e-01	   5.4185495573984288e-01	   6.0400431545594402e-01	   5.2704341080001194e-01	   6.3115067528232149e-01	   1.7207322898689054e-01	   1.6897361031264110e-01	   3.3369210573492269e-01	   3.3192556423817848e-01	   3.5267456042426693e-01	   4.3629801452926598e-01	   4.5455156478400205e-01	   4.5934956741867539e-01	   5.1718618216985968e-01	   4.3977286916524005e-01	   6.2711846542933025e-01	   5.5602426266953031e-01	   1.5486353012453322e-01	   1.9691051099186105e-01	   1.8138916344039818e-01	   2.1609628889155283e-01	   3.1196735191334807e-01	   3.2307694206912863e-01	   5.5113958048614531e-01	   5.3166313238084473e-01	   1.7414785360662458e-01	   4.5473829904335433e-01	   3.5359877697955261e-01	   5.2149264435820886e-01	   4.6356740806569777e-02	   1.8333148009632069e-01	   3.7118215218242168e-01	   3.7068450007415105e-01	   2.5871768418625835e-01	   4.1461634800460895e-01	   2.8810760630221355e-01	   4.3616725168643999e-01	   5.3373481977839032e-01	   6.3316425951766964e-01	   6.6110038038462227e-01	   6.9884760097476128e-01	   6.4539167321437163e-01	   6.6399010419783322e-01	   5.2678896063492253e-01	   6.2639547061537459e-01	   3.0026138971469152e-01	   3.0170944519557830e-01	   4.7565008316385543e-01	   2.7667721468895262e-01	   5.7235483444719781e-01	   4.1719778503682048e-01	  -8.1289326464015321e-02	   8.3120439664999046e-02	   3.9914561463813181e-01	   2.6962788360823114e-01	   5.1566669610570648e-01	   5.8586389723925303e-01	   3.2365399407462747e-01	   3.6041116192452094e-01	   6.5942222614758959e-03	   1.9933570284058644e-01	   1.1966523942162226e-02	   2.5492765464203920e-01	   2.0246723899847374e-01	   4.4584873597060970e-01	   3.1716038446754974e-01	   5.3352317052863585e-02	   2.6527534016458632e-01	   3.2201295671889379e-01	   2.0828966571060523e-01	   1.9362077284058540e-01	   2.6346181872340990e-01	   3.7733960673991845e-01	   5.1877483741930885e-01	   4.2452747006288327e-01	   3.7783902696865507e-01	   3.9514552633907540e-01	   5.9138221123203860e-01	   5.4196316307507131e-01	   5.0139051083668451e-01	   4.8800070881320773e-01	   4.4067124759030030e-01	   4.0546123624956631e-01	  -5.0148653823155594e-02	   1.8481914861196938e-01	  -3.5980876784618199e-02	   3.5322800772036067e-01	   2.5486367073376442e-01	   4.0799259660384291e-01	   3.5160933024628954e-01	   3.3817693824280770e-01	   2.1744629020218215e-01	   1.7724772326123489e-01	  -5.3771533933651000e-02	  -1.7604693109928671e-01	  -2.9620016630214185e-01	  -2.1335173370599161e-01	   9.6201844709843162e-03	  -1.5842125799113629e-01	  -3.9477614690230317e-01	  -1.3099785587325458e-01	   6.1406299876591422e-02	   1.3962979539969611e-01	  -7.8400333851819867e-02	  -1.3747267602708996e-01	
   7.3442677562700209e-01	   5.2920905417793684e-01	   7.2091534537659407e-01	   7.7089116790367340e-01	   6.4467068404937544e-01	   5.3654579727389473e-01	   7.1173354043110670e-01	   7.4986694682351962e-01	   5.6038901881629455e-01	   5.7005226298240341e-01	   0.0000000000000000e+00	   7.8429776114709748e-01	   9.2769024764184194e-01	   7.2619162935821602e-01	   7.1372229342949867e-01	   6.5643118553111623e-01	   4.6405180527701750e-01	   2.7829859091290332e-01	   8.2298450039812399e-01	   7.4734009253225930e-01	   2.8940060192758121e-01	   3.4472678962102526e-01	   8.1002246586172610e-01	   6.9592522672162516e-01	   6.0275996663601084e-01	   4.3024253280167640e-01	   2.1138423428822214e-01	   1.5241400788820827e-01	   4.7987342206058625e-01	   3.4781004776167324e-01	   3.2243402310968899e-01	   3.5639699493272747e-01	   5.4078655959560273e-01	   5.5101655201279875e-01	   6.6386051821968983e-01	   4.9141003169627506e-01	   3.3562209147422634e-01	   3.5641886941335121e-01	   3.7969220388777758e-01	   3.3474684943004840e-01	   2.5187050603797839e-01	   2.2006635506039365e-01	   7.1913553943097386e-01	   6.9277600383933358e-01	   6.1819816364404967e-01	   6.7559016875955313e-01	   6.2859480628251840e-01	   6.8412621163937370e-01	   6.6597666736201133e-01	   5.3911125289448636e-01	   6.7680929065452911e-01	   5.7984160676288832e-01	   7.4882111201583168e-01	   6.3984891381398601e-01	   6.5306764571895104e-01	   5.7547105105624508e-01	   4.0391626945072734e-01	   2.3641874661131718e-01	   3.0636601470898495e-01	   4.8600308307276852e-02	   5.6788933750585469e-01	   2.3889237569274471e-01	   2.0709736116646443e-01	   1.5055749862729742e-01	   5.1306911683720779e-01	   1.4906722194899399e-01	   6.2999227637717226e-01	   5.9701033315813090e-01	   5.5249563966471338e-01	   5.2506947506229207e-01	   1.4453021408073244e-01	   1.2460554904543271e-01	   3.0374672288467375e-01	   3.2020948371355001e-01	   3.2633697068294254e-01	   4.0451039251423648e-01	   4.9088558876024546e-01	   2.4737208531273694e-01	   4.7003873405368912e-01	   4.3889688170055663e-01	   4.5512335364504986e-01	   3.7383276123643749e-01	   2.8100261301272311e-01	   4.7149692192825310e-01	   7.2288942930801436e-01	   5.2930555855917172e-01	   5.0389527653772570e-01	   3.8161224457671095e-01	   7.3827132255912387e-01	   5.7539738389331629e-01	   6.2444366193024847e-01	   5.9342109617551664e-01	   6.1096650256204199e-01	   5.8701082233274704e-01	   7.2196314319837446e-02	   1.5231985169999274e-01	   1.3490904645032312e-01	   4.8025361567664415e-01	   5.3957275749626432e-01	   5.9244668129170586e-01	   1.4824461209110529e-01	   5.2775547515226517e-01	   8.0035873458951426e-02	   3.5813914219333892e-01	  -3.7450179877017598e-02	  -9.0934912755331505e-03	  -2.6512606118807591e-01	  -3.3073077412758736e-02	   4.8313677789310935e-02	  -7.1242417518715628e-02	   1.3579009343426682e-02	   2.4801590707290433e-01	   3.9260629931590824e-01	   2.3543940117071011e-01	  -7.8785101831589349e-02	  -1.6249762569694176e-01	
   3.8826127593353832e-01	   3.5471454330320296e-01	   4.6389198116504377e-01	   6.7513542211793320e-01	   5.6887344477346657e-01	   5.6469327746862874e-01	   4.6244154328505915e-01	   7.7234417133009325e-01	   4.8801185639645256e-01	   6.8194906286351575e-01	   7.8429776114709748e-01	   0.0000000000000000e+00	   7.9508062123837409e-01	   9.0506518697465232e-01	   7.6657426994014222e-01	   8.3153225424914590e-01	   3.9373606419000301e-01	   3.5720033074070034e-01	   5.7429416625556706e-01	   5.2270175313229106e-01	   2.9374097931234677e-01	   2.9064369585181166e-01	   6.1441954807756116e-01	   6.3467787407863674e-01	   6.4703583797833286e-01	   5.7510115568985276e-01	   2.9292122028102230e-01	   1.5604848826039602e-01	   5.8998967714800366e-01	   6.3064331786976857e-01	   5.1906876999197715e-01	   5.4484701778826805e-01	   5.5556372856164726e-01	   5.9682771180533245e-01	   5.4731875800129215e-01	   4.9835075561644449e-01	   3.3697470019059184e-01	   5.2025025335045760e-01	   3.7901851071366527e-01	   3.7465447959199027e-01	   3.0870195749372831e-01	   2.9288263919637292e-01	   3.7566572922659441e-01	   3.5821942077914681e-01	   2.6857590456174935e-01	   3.8111358472218648e-01	   2.8040619134543643e-01	   4.0243711096345458e-01	   4.7056652234407192e-01	   5.0834922336524024e-01	   6.3704691417701198e-01	   6.7153061872611652e-01	   6.4650825049953553e-01	   5.6310143771648191e-01	   5.4823335821384578e-01	   5.0032401096684520e-01	   1.7878680726120694e-01	   1.7886674871273275e-01	   3.2827440623212356e-01	   2.6437883528821171e-01	   5.0672731196702570e-01	   5.1648342707451644e-01	   3.5776018677799959e-01	   4.5826523788404838e-01	   3.9765085511556308e-01	   3.6252051312964512e-01	   4.7772564660771377e-01	   5.3451750799866327e-01	   2.9325339300544284e-01	   3.4969223430290391e-01	   2.8215155695953675e-01	   4.0849189603387315e-01	   3.9156898342859442e-01	   5.4982243957093002e-01	   4.6977050463687886e-01	   5.4029458969131183e-01	   5.0295884162838955e-01	   3.3545262830605838e-01	   4.5072270500646106e-01	   4.6341984287543192e-01	   5.0588371612311378e-01	   5.2598217520860868e-01	   4.1057520879548942e-01	   5.5204734926431165e-01	   7.0908071842184983e-01	   6.3369246540112778e-01	   4.8851065789450587e-01	   3.4242924475381403e-01	   7.0270771832783618e-01	   4.3866179935785865e-01	   4.8829800754015013e-01	   4.2741477838270936e-01	   5.2486291249725481e-01	   3.7286356613802307e-01	   1.3021701232219146e-01	   2.2299865016948323e-01	   1.2516531063330200e-01	   3.3320802993124476e-01	   3.2369660441374520e-01	   3.5064310953544514e-01	   2.9755142391253508e-01	   3.5162871775684557e-01	   2.3042847247849355e-01	   3.0127110262013568e-01	   1.3216037486928114e-01	   7.0542260943831925e-02	  -1.4741587904780842e-01	  -2.4302882748327946e-02	   1.6538455661657365e-02	   7.5812588187094410e-02	  -1.1949310542884131e-01	   1.3948818355622819e-01	   3.0760771513282492e-01	   2.9862586949426029e-01	   9.2004080112009057e-02	   1.2309180264938310e-02	
   6.4330318843522893e-01	   3.6816778491660745e-01	   7.3513285278523188e-01	   7.3297664122409123e-01	   4.9367917440288234e-01	   4.2850943651272205e-01	   7.7489507118176615e-01	   8.4198793866211452e-01	   4.2098454787097306e-01	   5.4185495573984288e-01	   9.2769024764184194e-01	   7.9508062123837409e-01	   0.0000000000000000e+00	   7.5304606220327375e-01	   6.8001906270510459e-01	   6.6254055186743033e-01	   3.5247009962020381e-01	   1.3112472991052038e-01	   7.4742071164551205e-01	   6.1955575260708762e-01	   1.7735775927687503e-01	   2.0569771565968936e-01	   8.3663278211354142e-01	   7.3407659126101454e-01	   5.5510480467547940e-01	   3.9508530288443955e-01	   1.0716558469895712e-01	   3.7184937932427858e-02	   5.0509541199292030e-01	   3.5228627423716430e-01	   3.8921727744703577e-01	   4.1899501993427651e-01	   4.6437042279078627e-01	   4.5417376758682498e-01	   5.0657469012030010e-01	   3.4315572183845056e-01	   4.1162359157686867e-01	   3.5661483454051524e-01	   4.4518305988696094e-01	   3.2215792777260260e-01	   2.9324935962174981e-01	   2.3844944922573214e-01	   7.0398462677736595e-01	   6.4679452540510929e-01	   6.0749977748352180e-01	   6.1882131554225461e-01	   6.0858950403985246e-01	   6.2717762487602013e-01	   6.8682201195766956e-01	   5.5262426447460589e-01	   6.6095053447527841e-01	   5.7790609429913187e-01	   6.9273992831651987e-01	   5.6351651661655655e-01	   6.4258997265296980e-01	   5.4000881430509307e-01	   2.3744340547072640e-01	   8.5657117759900925e-02	   2.8050076887686853e-01	   5.1880834916314358e-02	   5.0302408825854583e-01	   2.6070175426191189e-01	   1.5662676547772564e-01	   8.4286701231575542e-02	   4.6460548079057928e-01	   1.7072545776506037e-01	   5.1409418757764447e-01	   4.7709869999238785e-01	   3.3811928627952287e-01	   3.2203545866341016e-01	   1.7362468427414146e-01	   1.5014038191127060e-01	   2.8213456042287710e-01	   2.8123301530651662e-01	   2.5239102263708763e-01	   3.0765404305875865e-01	   3.9976638260273395e-01	   1.4890241666674248e-01	   3.8035972106364263e-01	   2.8418612356982520e-01	   3.8542141354789139e-01	   3.0487011067699071e-01	   2.2555133276453287e-01	   4.4851328681025249e-01	   6.4003535938519807e-01	   4.3590664782609301e-01	   4.4693328907243585e-01	   2.1212913111227744e-01	   7.0197600168791197e-01	   5.4224362533057557e-01	   6.3804063122519827e-01	   5.8438272252948931e-01	   6.2730012695853032e-01	   5.9330759484538409e-01	   2.0560458947563570e-01	   2.6861053647647454e-01	   1.7360868454161543e-01	   4.8037126118192253e-01	   5.6934061747251297e-01	   6.0492171987443477e-01	   1.8043988844151634e-01	   5.6762339805690187e-01	   9.0485388876639511e-02	   3.8937726961896635e-01	   6.8634932581559172e-02	   1.0864310676723310e-01	  -1.7703934450116504e-01	   1.2910666411182559e-01	   1.9705267970820173e-01	   6.2023430709888028e-02	   5.2143619610113809e-02	   2.9918176657599904e-01	   4.7279616991017775e-01	   2.9483092618140955e-01	   5.7250476457321391e-02	  -1.5797061915993300e-02	
