   0.0000000000000000e+00	   9.4299113129370327e-01	   5.5059067758644942e-01	   3.9903136562012198e-01	   4.3949311434819410e-01	   3.2460028909966587e-01	   4.8291050910467614e-01	   4.0201297022571458e-01	   4.6927489214474349e-01	   4.6111632390221724e-01	   5.9188481757004607e-01	   4.1351303913330695e-01	   4.2113220564230330e-01	   1.7075885432771365e-01	   4.0531040223933773e-01	   3.7259761893063514e-01	   6.1900962435048823e-01	   4.4540625508666998e-01	   7.2649685354700178e-01	   7.0458863230212576e-01	   3.9513623152103133e-01	   1.6373349599136541e-01	   3.3702526754424234e-01	   2.3523261528992465e-01	   8.9876027696083050e-02	   5.2501264338226675e-02	   3.8521116257953786e-01	   2.9459677483995783e-01	   5.1841457811094704e-01	   2.8813668257772673e-01	   2.3619524535928982e-01	   1.8254726792149970e-01	   4.7578809383438014e-01	   3.9421172095570212e-01	  -7.3227564654225696e-02	  -1.1105644952762794e-01	   5.3700811513854618e-01	   3.3613220269684374e-01	   6.3026042225524015e-01	   4.9935306656520306e-01	   5.2864632285397617e-01	   1.8443632572053451e-01	   4.7411716593455056e-01	   3.6441087681485568e-01	   4.1090765493226006e-01	   3.7981776320965682e-01	   3.7934184127610426e-01	   4.1053999166440197e-01	   5.4053779332240681e-01	   3.8497092561796026e-01	   3.9195650575221141e-01	   4.6917037401390227e-01	   3.5693014777123377e-01	   3.8747801450666525e-01	   5.1118998584651554e-01	   5.7251783933792799e-01	   8.5792347344518383e-01	   7.8772975565559633e-01	   7.2102528738639315e-01	   7.9959771590369044e-01	   5.3344922710219511e-01	   6.7934060904750615e-01	   5.1637297910185609e-01	   4.1647509378044534e-01	   9.3559262470877702e-02	   5.9075724490935590e-03	   4.1821340720167327e-01	   2.6932976829619149e-01	   7.8520614796926069e-01	   7.2396854207343009e-01	   5.0047836160711823e-01	   4.1195909125101071e-01	   3.9156534492914252e-01	   2.7131776376787181e-02	   2.5984082944101694e-01	   1.0156695888691830e-01	   1.9842704567104724e-01	   1.5487584013427380e-01	   4.8635972686164880e-01	   2.4032387005719857e-01	   5.5379477958205570e-01	   4.5106794862556937e-01	   7.0842335603965589e-01	   6.7202719968644320e-01	   5.0123616431652285e-01	   2.5393357795576377e-01	   5.9064433311874931e-01	   5.3129833467396370e-01	   3.5992877887094710e-01	   4.1564939942406132e-01	   2.1582186477568294e-01	   3.3320784097957196e-01	   1.7385061962736206e-01	   3.8017994427013424e-01	   4.4239048097807904e-01	   4.3738700184601204e-01	   4.5047035526920570e-01	   7.0249992498125191e-01	   4.2023172837964484e-01	   5.8730655819975452e-01	   1.8574051310825643e-01	   4.1734971812151850e-01	   1.0377088143456167e-01	   3.6883157374368059e-01	  -5.4555597718050387e-03	   2.3753267614354345e-01	   3.2581355158790798e-01	   3.7950896165210635e-01	   1.1633684973373878e-02	   2.7809994203515022e-02	   5.1503952117021234e-01	   6.0601598388675237e-01	   5.0518360071443824e-01	   2.6444853157631010e-01	   1.8244176671173834e-01	   4.1436420752812647e-01	
   9.4299113129370327e-01	   0.0000000000000000e+00	   5.5526814908834399e-01	   4.5803018611689145e-01	   4.1904473929038927e-01	   3.3097893155283475e-01	   4.7774955157919596e-01	   4.7270597810689247e-01	   3.9629858491011360e-01	   5.4547438832928330e-01	   5.1368215858417487e-01	   3.8669920456500889e-01	   3.3334953926243205e-01	   1.9154191561444903e-01	   2.7325000820045120e-01	   4.3607333755943611e-01	   6.2598447139312785e-01	   4.3484639452495766e-01	   7.2763876386733273e-01	   7.7255970202174662e-01	   4.6314355986987532e-01	   2.7098431002095003e-01	   3.3059263791030224e-01	   2.6985292291644275e-01	   1.4593132304908898e-01	   1.1604231882953082e-01	   3.3254377083042730e-01	   3.1530831009620974e-01	   5.7071761506253715e-01	   3.6954957277039435e-01	   3.1908043720786677e-01	   2.6640325938289705e-01	   4.9808103558149885e-01	   4.7163322161660992e-01	  -3.6003374928467252e-02	  -4.8747036923220036e-02	   5.5378987966711513e-01	   4.1820309516892995e-01	   6.3888350240019975e-01	   5.4870204707077808e-01	   5.6148080299891778e-01	   2.8397991885312479e-01	   4.8652615987299924e-01	   3.7613775255533510e-01	   4.3048927936745401e-01	   4.4256991264446854e-01	   3.9636210493002033e-01	   4.7714742315017211e-01	   5.5071245467489227e-01	   4.1524033811576699e-01	   4.0026084394419043e-01	   5.2877656557556663e-01	   3.8856547037883638e-01	   4.8709585503131192e-01	   5.3680464067973044e-01	   6.3507755456527448e-01	   8.5610237352143548e-01	   8.2822750113550225e-01	   6.8648089814423208e-01	   8.5418841648612953e-01	   4.7200193727520739e-01	   7.3915382958350784e-01	   4.9489443513976228e-01	   5.0143837053500395e-01	   4.0599594330767590e-02	   2.4138478025571477e-02	   3.9437346752089270e-01	   2.9060648186554949e-01	   8.5840679648915486e-01	   8.0221909727384944e-01	   5.6483714508745586e-01	   4.9489566100759919e-01	   3.6965128837352340e-01	   1.4157519891742909e-01	   1.9114179303366099e-01	   2.2391314010985733e-01	   2.2376037047661421e-01	   2.5217428852770252e-01	   5.1271655530750659e-01	   3.1341823578050865e-01	   5.7633374436762330e-01	   4.6122175188409842e-01	   6.1608195093833873e-01	   7.1660549980313892e-01	   3.9639830894584782e-01	   2.6732875831365777e-01	   5.9305119069872714e-01	   4.5831581847309827e-01	   3.0212654964882657e-01	   4.5142551520109192e-01	   2.5881842203725214e-01	   3.4649755932462967e-01	   2.4194179821342526e-01	   4.1968927334170486e-01	   3.7539079383534502e-01	   4.2451840287902326e-01	   4.3786774076402224e-01	   7.0783271187655838e-01	   4.3250021960433954e-01	   6.0014290876786036e-01	   1.9359989899157454e-01	   4.6524198801786010e-01	   1.1547649904432071e-01	   4.0403377161116927e-01	   2.5188553007384089e-02	   2.4582645384404406e-01	   3.1495748158017822e-01	   3.7794345685996689e-01	  -1.0936385815958193e-01	   3.0354761537253146e-02	   5.3414230539970708e-01	   6.0965583264439815e-01	   4.9905155355357050e-01	   3.1898546406557882e-01	   1.8574739573946192e-01	   4.1368230637777120e-01	
   5.5059067758644942e-01	   5.5526814908834399e-01	   0.0000000000000000e+00	   8.6848695311558743e-01	   6.4546880580926724e-01	   5.9590900034352445e-01	   8.3837090605923037e-01	   7.6633272528583640e-01	   4.9364925454986519e-01	   6.7769975557778450e-01	   4.5086229430076941e-01	   4.6588146567691191e-01	   4.3621446927438867e-01	   4.3885298644299320e-01	   3.5665880524804122e-01	   6.8045050361349313e-01	  -5.2642985129843237e-02	  -1.5715900685552847e-01	   7.3309657161077180e-01	   6.1297574506099339e-01	   5.1641266094877536e-01	   2.7715324670872471e-01	   8.4803299472476978e-01	   7.9151514473256679e-01	   5.4791286282389084e-01	   4.9257246067536903e-01	   5.7140337140951347e-01	   5.5952597870656429e-01	   1.7742688256485228e-01	   1.3025237237341522e-01	   6.1478559760585327e-01	   5.8499544399737280e-01	   3.2227711849933099e-01	   3.7032784499277543e-01	   3.3219998256235594e-01	   3.3085745813568429e-01	   2.0849778770096605e-01	   3.7250117284152640e-01	   6.3066747856610483e-01	   5.2356294293549777e-01	   2.1442185882338810e-01	   1.1449971922114738e-01	  -5.2635552223353720e-03	  -9.5884630298022536e-02	   4.9619550969101200e-02	   7.8284522864789638e-02	  -3.6400950455976015e-03	   1.8368105127510209e-01	   1.9578743501243207e-01	   7.8562896126412762e-02	   1.9576008499060676e-01	   2.5820096944865950e-01	  -2.1536462260249637e-02	   2.9223198253922800e-01	   2.6400433411461116e-01	   4.4556969399503632e-01	   3.1950841804111541e-01	   2.6734786979317077e-01	   6.6153194498974910e-01	   5.8909552754843664e-01	   6.2872205958736849e-01	   6.3359479550799069e-01	   3.3990426553876935e-01	   2.0625042773643842e-01	   4.5109553390039026e-01	   3.9213918663780800e-01	   5.4044518530180152e-01	   4.6997425767168827e-01	   4.0555793741658586e-01	   3.4180234123253023e-01	   7.6602155224456858e-01	   7.6923803989285022e-01	   3.1716915166197390e-01	   2.1214380268324706e-01	   2.0743975720315305e-01	   3.5800221683302452e-01	   4.9238193546895148e-01	   4.7125128421618057e-01	   7.2160723742964630e-02	   1.3306100385507863e-01	   7.0113968566836743e-02	   2.2294155420436568e-01	   4.5222663752787201e-01	   4.0474772327357250e-01	   3.4811849628841823e-01	   5.5418768019596021e-01	   7.3979118508213282e-01	   4.0907599176594572e-01	   4.2957963921485165e-01	   6.0044381958330739e-01	   3.6263368248796535e-01	   6.5821756176232271e-01	   5.3840944045532857e-01	   6.6915169198851265e-01	   1.9550975200849247e-01	   3.2091997097793618e-01	   2.6638776503092909e-01	   4.2881106140444419e-01	   2.6405168217477140e-02	   4.0475736609222790e-01	   7.9143577865938702e-02	   5.0521103427426484e-01	  -6.1014456068834766e-02	   4.7745545668356987e-01	   1.5749430529902422e-01	   4.9699516472113225e-01	   2.8403649920015583e-01	   4.6609410587322975e-01	  -8.4910082650595686e-02	  -4.6735556187871674e-02	   5.1103102230058273e-01	   4.6120685974695519e-01	   3.7624706030688149e-01	   9.6973322183377009e-02	   3.9535585719350469e-01	   4.7292968695788928e-01	
   3.9903136562012198e-01	   4.5803018611689145e-01	   8.6848695311558743e-01	   0.0000000000000000e+00	   7.3517787183100591e-01	   7.5669883183169750e-01	   7.7482232497845960e-01	   9.1534777055406336e-01	   4.6742588481405811e-01	   7.6683567689523557e-01	   3.0590538752442542e-01	   4.9180202394106542e-01	   2.5124033894945746e-01	   5.4785287299462115e-01	   2.1318419248837003e-01	   8.3141203834290778e-01	  -1.0410253327483304e-01	  -2.2578026000036894e-01	   6.4104371448074748e-01	   6.1094779334430815e-01	   6.9259367443580211e-01	   5.1779558344087384e-01	   7.6150306805435941e-01	   9.1356482844833553e-01	   6.4596739713119988e-01	   6.8360929014189309e-01	   6.6929696898170787e-01	   7.2343869074278810e-01	   1.2089633818461223e-01	   1.7186568816859257e-01	   7.5865862790681227e-01	   7.9285418095007165e-01	   4.1489828461715794e-01	   5.2222730966091202e-01	   4.9453502851198394e-01	   6.0528036737246693e-01	   1.9711862044414069e-01	   4.0549167626645816e-01	   6.7754670176257692e-01	   6.7741739439842075e-01	   2.1040131529011150e-01	   2.3144482198480287e-01	   1.4246534155006088e-02	  -9.6810918891389902e-02	   1.3725735593073550e-02	   1.0092053015019709e-01	   4.4022084006980253e-02	   2.4231323790794085e-01	   1.2167983397223332e-01	   4.9102185529318325e-02	   1.9555779400206463e-01	   2.7014701687267917e-01	   7.1158843391916332e-02	   3.3926617623208083e-01	   3.3080532355650294e-01	   4.8195213608316728e-01	   1.7071313754553311e-01	   1.8652162848944995e-01	   4.7814214414673495e-01	   4.7025911775652862e-01	   4.9917381719948983e-01	   6.4758670968404930e-01	   3.4488606171686348e-01	   3.3497555123427242e-01	   4.1027325497521955e-01	   6.7643574561097930e-01	   6.0406694065468791e-01	   6.8323801226610437e-01	   3.6371309154010945e-01	   3.4198890446348262e-01	   8.0705145604052819e-01	   8.0746683969538879e-01	   2.6902342911308597e-01	   1.9267951266792915e-01	   1.8465154693038111e-01	   4.9032880742227403e-01	   5.1425209124194804e-01	   6.3196323205777016e-01	   1.3511707341521279e-01	   1.6521516110310186e-01	   1.5335140157466973e-01	   2.6418374250624072e-01	   2.0184885594699276e-01	   4.1035055974755685e-01	   3.2684909503548554e-01	   7.3528069521642803e-01	   6.1018080186627555e-01	   4.8616074852769325e-01	   4.8845673385280719e-01	   6.9171786122898749e-01	   5.5340206657456192e-01	   6.5221673408480485e-01	   7.5093121049762401e-01	   6.3697539047559792e-01	  -5.4971701292901810e-03	   1.5688571597545481e-01	   2.4024373226840090e-01	   3.4935498140490362e-01	   4.0246095383228708e-02	   3.1689591012463625e-01	   1.0025105873501164e-01	   4.4599683539335033e-01	  -2.6162135784301044e-02	   4.5235925127072024e-01	   2.1781621935452178e-01	   4.3652143382379682e-01	   2.4114594934523798e-01	   3.4092549316962850e-01	  -2.4914524070181596e-01	  -5.3210053596693119e-02	   5.2106791468148206e-01	   3.8740599665169789e-01	   4.3597069957965329e-01	   1.3639025556914053e-01	   4.4558880186559269e-01	   4.1977489591043049e-01	
   4.3949311434819410e-01	   4.1904473929038927e-01	   6.4546880580926724e-01	   7.3517787183100591e-01	   0.0000000000000000e+00	   8.4061935119016939e-01	   6.6685446982896057e-01	   7.2536327084810659e-01	   6.5352214734412639e-01	   6.1907819228276117e-01	   3.7964431852738967e-01	   4.8432392779404637e-01	   2.2926113901316325e-01	   4.7685754752966503e-01	   4.6403520801320208e-01	   6.9632122638657301e-01	   1.2540364142031632e-01	  -1.1505330483584006e-01	   7.0561794098911634e-01	   6.7819825882650875e-01	   7.0530853204482835e-01	   5.4259855486561348e-01	   4.3156013038280627e-01	   6.4358006084629649e-01	   5.1453241122308591e-01	   5.2452921347536952e-01	   7.9330554268430142e-01	   7.4252625434563524e-01	   2.0266415614944788e-01	   1.6193041146315479e-01	   5.8470678140056487e-01	   5.3577283586041247e-01	   5.5771826050891915e-01	   6.3916791181570154e-01	   3.2697782726489155e-01	   5.0492819901991071e-01	   2.9399465196328300e-01	   3.1288157398404526e-01	   7.4316373410951564e-01	   7.2984006000300450e-01	   4.0549581049881434e-01	   3.1648964666493906e-01	   2.0754208152216169e-01	   9.6926870613087898e-02	   7.2224816715269688e-02	   1.5880230693617833e-01	   2.4656945792879856e-01	   3.0837398816778616e-01	   2.8121234437548148e-01	   2.5225171218807901e-01	   4.0038597381265773e-01	   3.6890982211617185e-01	   3.9929440770733060e-01	   2.4062657194393805e-01	   6.1791094277702352e-01	   5.5703065100393689e-01	   2.2013805024486321e-01	   1.9927844776463388e-01	   5.6104028132809958e-01	   4.9045929198006533e-01	   4.9653978695169398e-01	   5.8131769714915882e-01	   5.0020443645576151e-01	   4.1994233799143005e-01	   1.3849893618503650e-01	   5.3564039923809204e-01	   7.4949615614824827e-01	   7.5230010105622402e-01	   3.4687959106094046e-01	   3.3141126473071303e-01	   7.0160055173853852e-01	   6.1414741710196707e-01	   4.1510091108518077e-01	   1.1234784352436519e-01	   1.9732696063402294e-01	   2.9681123592335867e-01	   6.0249790231940725e-01	   6.1777170165289985e-01	   2.2673785747982445e-01	   1.0189007367050015e-01	   3.4878094148795169e-01	   3.6554595968114101e-01	   2.6024007357895540e-01	   4.6349038832807221e-01	   3.8380490815261137e-01	   5.9763598078252922e-01	   4.2080622845936411e-01	   6.7422197922899207e-01	   5.8076127304563019e-01	   6.0676528107408823e-01	   5.9075668316112595e-01	   6.1871252952333866e-01	   7.0797113144910884e-01	   5.3378396484909474e-01	   1.8948949150439227e-02	   2.7117008210901394e-01	   4.2579451469876495e-01	   5.2114547938549027e-01	   3.4090087699928179e-01	   4.9977195527903423e-01	   4.0158232319825776e-01	   4.7302829448008010e-01	   2.9113802713206460e-01	   5.3058392317774528e-01	   3.3870241489925945e-01	   4.3139823861932158e-01	   3.7757342464809024e-01	   3.3383874633848420e-01	  -3.2322875079598030e-02	  -1.1720826871048157e-01	   6.4903605382122709e-01	   4.4283127039827153e-01	   5.2698779233100668e-01	   3.2542153350085185e-01	   5.0581809985586657e-01	   4.8750375158481718e-01	
   3.2460028909966587e-01	   3.3097893155283475e-01	   5.9590900034352445e-01	   7.5669883183169750e-01	   8.4061935119016939e-01	   0.0000000000000000e+00	   4.9144534949296848e-01	   6.6662716586152393e-01	   4.6774659235738381e-01	   6.7649106716247864e-01	   5.5909545101059846e-02	   3.5841128478873252e-01	   7.6614923778483036e-03	   3.0972664963822572e-01	   1.1309505112532561e-01	   6.6020884274681868e-01	   3.5255058782521526e-02	  -3.0394776781991661e-01	   5.5505454610540239e-01	   5.3277896993580431e-01	   6.9999136536246742e-01	   5.5920940550150289e-01	   4.8462662356306385e-01	   6.4603455550729727e-01	   6.6516954419055518e-01	   7.2235188269155137e-01	   9.0971727493522714e-01	   9.3550539603538851e-01	  -1.4009457849657046e-02	  -9.5223348578127268e-02	   5.4847797376725083e-01	   5.1734457196815753e-01	   4.2112401167008362e-01	   5.0752057778758952e-01	   5.8921893974632744e-01	   6.8553594164297693e-01	   3.8068000410042369e-01	   2.7516689527524985e-01	   7.5050690759368444e-01	   6.7143162965476710e-01	   2.0953046402361575e-01	   2.0902575951512242e-01	   3.5417935354237973e-01	   2.4199873219078694e-01	   2.6272445422923163e-01	   3.2270071462636291e-01	   3.5985435449863479e-01	   5.0761185393365094e-01	   4.1921903663388121e-01	   3.5590887815901939e-01	   5.2192050596215167e-01	   5.4819778985348089e-01	   3.0451629299336386e-01	   4.3142846511299232e-01	   5.5595031170620346e-01	   7.0769283420053242e-01	   2.2237735305810655e-01	   1.5857403540366932e-01	   5.6988419456351480e-01	   5.2027109795685322e-01	   3.9568034809332486e-01	   5.4049662152104672e-01	   3.2379893853940112e-01	   1.8326485617648203e-01	   4.2538062298747104e-01	   6.4398450801801277e-01	   7.8116103451660268e-01	   7.9291812324091648e-01	   3.3680385734220974e-01	   3.1174917376017286e-01	   6.2362146166200816e-01	   6.5119431165169173e-01	   2.0724864637266932e-01	  -1.4895154971221441e-02	   6.5008924668328250e-02	   3.6651752986541308e-01	   6.1723413415660333e-01	   6.4530723528682565e-01	   2.0736305914004524e-01	   1.0674531856163783e-01	   1.8431156017808628e-01	   2.1478536104167267e-01	   7.9940548734618561e-02	   2.5119725453070252e-01	   2.9883146278563588e-01	   7.4493635497298794e-01	   3.0818068936240750e-01	   5.9693934411959948e-01	   2.7205246844227371e-01	   7.6234270298220164e-01	   6.6961229965003222e-01	   7.6650567374367184e-01	   7.7107076282663367e-01	   7.0898755128818691e-01	   4.9188292779274466e-02	   1.2935399490733418e-01	   4.9797897359204280e-01	   4.7824984836454587e-01	   3.9996250788086690e-01	   5.6368609075349596e-01	   2.8553524562789584e-01	   5.7783310702992119e-01	   1.6152358742650103e-01	   6.3960668724767722e-01	   2.4201395596641234e-01	   3.9437895339086682e-01	   3.4481278757947137e-01	   4.0657008260814986e-01	  -3.1732627338066130e-02	   1.8307305986290872e-04	   7.0108977806892114e-01	   5.0535893774415064e-01	   6.2916127903881391e-01	   3.7449176958282704e-01	   4.9673220547149077e-01	   4.6576894509671973e-01	
   4.8291050910467614e-01	   4.7774955157919596e-01	   8.3837090605923037e-01	   7.7482232497845960e-01	   6.6685446982896057e-01	   4.9144534949296848e-01	   0.0000000000000000e+00	   8.7024705518588297e-01	   6.0552424048151832e-01	   6.3099967555127146e-01	   6.0722716693070200e-01	   7.6751346025979972e-01	   6.2651762738184180e-01	   7.7362188345975536e-01	   4.1415874894243354e-01	   8.0709612677862197e-01	  -1.8763318742546259e-03	  -1.0042039943878681e-01	   6.3907708192407187e-01	   5.4458015472674448e-01	   3.8142889765588900e-01	   1.6542301333342621e-01	   5.6278671950817505e-01	   6.6274787064295437e-01	   2.4689485007836026e-01	   2.4085474127150613e-01	   4.5815098833050788e-01	   4.5542000959400619e-01	   3.1559717768525086e-01	   2.8325360717824155e-01	   4.8207665290362217e-01	   5.6209252948786204e-01	   2.8736609700060423e-01	   4.1464192360048285e-01	   1.0735749430223523e-01	   2.4271437359542977e-01	   9.6306542436726178e-02	   1.5312531079411082e-01	   5.2832499303363800e-01	   5.4364335314902967e-01	   2.7865641460246460e-01	   1.1827465497216669e-01	  -1.8599277422144964e-01	  -3.2689723105407226e-01	  -2.7621538802808709e-01	  -2.1702268425256449e-01	  -1.9185736530183498e-01	  -8.8864928969106430e-02	  -5.1708997022913991e-03	  -1.6962762845987667e-01	   4.4949587146346108e-02	   8.2169036955291541e-02	  -5.4632977504719848e-02	   1.8374196417271765e-01	   1.9653406045278105e-01	   3.0800782554328898e-01	   1.5467772836033852e-01	   7.9558100895668435e-02	   5.7207933262767707e-01	   3.7721379615638639e-01	   7.8058028483258135e-01	   6.6679790546463935e-01	   6.3781781535466553e-01	   4.6084847837496512e-01	   2.3730739926156980e-01	   4.0791209055522337e-01	   4.8130760348184320e-01	   4.3231339059287488e-01	   2.4325167670058345e-01	   1.7322747926905602e-01	   6.4962336212110894e-01	   6.3750569074415964e-01	   4.2759640745898775e-01	   2.4554856922212742e-01	   3.7906574017645084e-01	   4.0377535592192776e-01	   5.1352352624503017e-01	   4.7575996944833088e-01	   6.6462282785580543e-02	   8.8653027882619889e-02	   1.1436462596290410e-01	   2.3250044579973222e-01	   4.9265417833506686e-01	   4.5581341519780416e-01	   2.9371878869069268e-01	   5.7617745627465278e-01	   4.8230112699104627e-01	   4.8884683063058654e-01	   4.9411448037415895e-01	   6.4411385180390535e-01	   3.3405185274806459e-01	   6.2325494687456739e-01	   4.7884716642633751e-01	   6.3224923978469372e-01	   4.1618475523642222e-02	   3.0173678378000801e-01	   1.3756105550110134e-01	   3.9497679263977292e-01	   1.9191861406981269e-02	   3.4860944108584047e-01	  -2.1623842328266238e-02	   5.5594401051799280e-01	  -1.6615900039601186e-01	   4.3526193073603142e-01	  -1.3142503312485662e-03	   3.5193215052708782e-01	   7.3305275347642723e-02	   2.6701524060762888e-01	  -1.7239162421002088e-01	  -1.9744885186708055e-01	   3.8650294757195941e-01	   3.8501471545683941e-01	   3.4744846499073767e-01	  -4.3427009402907606e-02	   2.9750424042835938e-01	   3.9613995960549347e-01	
   4.0201297022571458e-01	   4.7270597810689247e-01	   7.6633272528583640e-01	   9.1534777055406336e-01	   7.2536327084810659e-01	   6.6662716586152393e-01	   8.7024705518588297e-01	   0.0000000000000000e+00	   5.5662856231243718e-01	   7.5090444334238726e-01	   4.4871109649640317e-01	   7.0810709102903546e-01	   4.1307483970551984e-01	   7.8035309983322021e-01	   2.8094961384020301e-01	   8.9145931158571945e-01	   2.4275178553415308e-02	  -8.5016951382315395e-02	   6.0277413701893678e-01	   5.9835918980222158e-01	   6.0735089542298293e-01	   4.5183070780038381e-01	   5.7074752876213886e-01	   8.0132499325861728e-01	   4.5530243802830550e-01	   5.1671374019652849e-01	   5.5183629292127379e-01	   6.2866783112754776e-01	   2.9769399622302051e-01	   3.6989109602737269e-01	   7.3173632652021880e-01	   8.1606677914080916e-01	   4.5707832447684882e-01	   6.0449579219645355e-01	   3.5807995756618916e-01	   5.3451357366026908e-01	   1.4842988579591429e-01	   3.1927997432178140e-01	   6.1938061889997220e-01	   6.9576495342609945e-01	   2.7142878469184173e-01	   2.8765321666355348e-01	  -1.3393702094770595e-02	  -1.4728933697357266e-01	  -1.1246294797417850e-01	  -1.4331492979793148e-04	   4.0859210696222196e-03	   1.4724447212816982e-01	   4.6514508594434172e-02	  -5.0262956551883571e-02	   1.4925418892322340e-01	   2.2475362037931282e-01	   1.3147561669072208e-01	   3.2113217903687558e-01	   3.3721694346452108e-01	   4.4098794608696334e-01	   1.4090965079432999e-01	   1.4419292542368412e-01	   4.3368080729799441e-01	   3.7775257868832790e-01	   5.9197769094003261e-01	   7.2672767407544492e-01	   5.5816153197130203e-01	   5.6709747732842097e-01	   2.5084607971401951e-01	   6.4664435125822906e-01	   5.6017854519196686e-01	   6.4222488566243807e-01	   3.0741577903300610e-01	   2.9284530933145303e-01	   7.1572601299958416e-01	   7.0978897091825965e-01	   3.8753708050211594e-01	   2.7841625149964100e-01	   3.1364768657185016e-01	   5.6759528345074384e-01	   5.8413286765311467e-01	   7.0255773203141991e-01	   2.1132000573931742e-01	   2.1494790643289879e-01	   2.7130283080598139e-01	   3.6667378415872354e-01	   2.8924398463799922e-01	   4.8805874641520552e-01	   3.2913697340686332e-01	   7.1279327785348823e-01	   4.2886682790690461e-01	   5.2070704688581237e-01	   5.2614914719037598e-01	   7.0679786325990024e-01	   5.2439526603085940e-01	   6.2779142890206496e-01	   6.7383977596023703e-01	   6.0289130657062084e-01	  -3.3704726550836478e-02	   2.1844060526669062e-01	   1.8444410077451096e-01	   3.7710748767503843e-01	   6.6908757337602029e-02	   3.1659696722941377e-01	   7.8694322411968325e-03	   4.5528482729606440e-01	  -1.1432871936575978e-01	   3.8825211748486399e-01	   9.9672422250943971e-02	   3.4924722859574919e-01	   9.4447603453184870e-02	   1.8802151682448803e-01	  -2.7643590262629447e-01	  -1.0801413636068530e-01	   4.4163634189578427e-01	   3.5882775245270815e-01	   3.9743106210057760e-01	   4.3737625501430670e-02	   3.8443538549003420e-01	   3.8201908793068007e-01	
   4.6927489214474349e-01	   3.9629858491011360e-01	   4.9364925454986519e-01	   4.6742588481405811e-01	   6.5352214734412639e-01	   4.6774659235738381e-01	   6.0552424048151832e-01	   5.5662856231243718e-01	   0.0000000000000000e+00	   4.6761496298766758e-01	   6.3255547111503929e-01	   6.4621951660005661e-01	   6.0401467436480283e-01	   5.8245214090254882e-01	   6.9297964917235189e-01	   6.0530601318970889e-01	   2.9417306052768077e-01	   2.6424037386466281e-01	   5.1469886788622565e-01	   4.8228534062199635e-01	   3.7223140035537738e-01	   3.0727899008960724e-01	   3.1747887003210384e-01	   4.0480643776334679e-01	   3.8689425113986542e-01	   3.4749947017820410e-01	   4.3419181377435467e-01	   4.4444646460866083e-01	   3.7632470919277505e-01	   3.6263848536919741e-01	   4.3763825126901923e-01	   4.5457508663662066e-01	   5.4494305687327782e-01	   5.6622901731641528e-01	   2.6725000054905917e-01	   3.3005196386437352e-01	   3.8805120692967321e-02	   2.1996387627024747e-01	   4.6540769673539994e-01	   5.0646018309516616e-01	   3.6698632309004098e-01	   1.5483869525840432e-01	   1.5342501990395407e-01	   1.3326414497850850e-01	   6.0770060429333472e-02	   1.5759247312643904e-01	   1.6662917794414886e-01	   1.9340923377071048e-01	   1.9080859708935935e-01	   2.3609243085246234e-01	   4.3351063493089004e-01	   3.8562343988387171e-01	   3.3474606239387728e-01	   5.9261527426400055e-03	   3.9845024768352794e-01	   3.1900224912743669e-01	   2.3771532138608492e-01	   1.8529180296160191e-01	   5.2077905437053895e-01	   2.5216406109678213e-01	   6.6482974002388784e-01	   5.7763404160282494e-01	   4.9111686728383086e-01	   4.3838450682930802e-01	   2.1918953636641325e-01	   5.7512895940383457e-01	   5.8378985515731507e-01	   5.6770964844197302e-01	   2.8231843291444397e-01	   2.7997113702074455e-01	   3.0759676940207081e-01	   1.7554454158946659e-01	   4.1813248445717843e-01	   2.3357869893044247e-01	   4.3487423663759417e-01	   2.7714208127951762e-01	   5.0306582242631626e-01	   4.4548596328128698e-01	   3.3604304299264676e-01	   2.3718951471279690e-01	   4.3825766188239201e-01	   5.4757626494451639e-01	   5.4599473179317282e-01	   4.6199378717088746e-01	   6.5112803467861813e-01	   4.6470321898733202e-01	   3.2780317845830093e-01	   6.5831954617687527e-01	   5.7939754493110884e-01	   4.3098918769187566e-01	   2.2819527409909546e-01	   4.1886065064463984e-01	   2.7846873728923888e-01	   3.2045878255380350e-01	   1.5709522523292338e-01	   3.1694142461540503e-01	   2.1450969485952892e-01	   3.4494549278264425e-01	   1.5540926760950219e-01	   2.3427293836013213e-01	   7.4626292135157563e-02	   2.1737613384539473e-01	   4.8116604728593512e-02	   2.1124315130082105e-01	   1.9270012169227170e-02	   2.3662917645970497e-01	   6.9881059862911113e-02	   6.6319401211659260e-02	  -3.3761000412605630e-02	  -8.1002280503355839e-02	   2.7945261341180283e-01	   1.7514611313886463e-01	   1.5897615432444451e-01	   2.5638151663990782e-01	   3.1699819870419599e-01	   2.3980838638221710e-01	
   4.6111632390221724e-01	   5.4547438832928330e-01	   6.7769975557778450e-01	   7.6683567689523557e-01	   6.1907819228276117e-01	   6.7649106716247864e-01	   6.3099967555127146e-01	   7.5090444334238726e-01	   4.6761496298766758e-01	   0.0000000000000000e+00	   1.1505832872235100e-01	   3.8729827514045612e-01	   1.0668667999029896e-01	   4.3878040216696501e-01	   1.3636689340251268e-01	   8.0488349589411357e-01	   2.4523121661210417e-01	   3.2971956030141386e-02	   4.7936214261520282e-01	   5.1429602981165357e-01	   6.2970694842535047e-01	   4.5905568594042501e-01	   5.3234582559458610e-01	   6.2698425102461597e-01	   5.6422990897524206e-01	   5.8995259093314723e-01	   5.1090815255807898e-01	   6.2828300282959892e-01	   3.7714192223240445e-01	   2.5935238065242922e-01	   6.5249641526182667e-01	   6.8218775315753610e-01	   3.0308568685741200e-01	   4.7344615730267225e-01	   2.7313594216165615e-01	   3.8150310588063768e-01	   2.8638298728087430e-01	   2.0559055362268733e-01	   5.2791700159580923e-01	   5.6607442474810932e-01	   2.4284085305740533e-01	   1.0175437291989314e-01	   1.5779777383365523e-01	   3.4352866667257086e-02	   1.7758958920521545e-01	   3.1598557187670240e-01	   1.0040850397225043e-01	   3.4236564718538548e-01	   3.0948105483488064e-01	   2.3694650849930926e-01	   3.2576141766986522e-01	   4.9692976806604727e-01	   1.5365248956624936e-01	   6.6737898738935830e-01	   2.8622860890933788e-01	   6.8102832054943141e-01	   4.1783347727105541e-01	   4.0995034713014755e-01	   3.9431972663231307e-01	   5.0796027949357758e-01	   3.0566507840747420e-01	   6.4893192619132656e-01	   2.9814304956731419e-01	   4.1602580099911884e-01	   2.2949859789660165e-01	   4.6012388645974700e-01	   4.1066985022287872e-01	   4.6071074935585871e-01	   5.0360622138001498e-01	   4.9924786170542512e-01	   5.6002900628033359e-01	   6.4038759226327047e-01	   1.2290624848059055e-01	   4.9904003329106730e-02	   4.4117726750023706e-02	   2.7228195404629213e-01	   2.8348820481259196e-01	   4.4133197124454132e-01	   3.9958208629258007e-01	   4.3759438135916057e-01	   2.9817665648617153e-01	   2.9885908570494979e-01	   3.2098930235374612e-01	   4.0180295126149401e-01	   2.2346734859474782e-01	   6.2792189106474727e-01	   3.8542534475496015e-01	   3.6424974411236355e-01	   1.9930967734164240e-01	   7.2556716650912068e-01	   3.4756015671949847e-01	   5.5154904012573180e-01	   4.8088488477761338e-01	   6.7501718282535306e-01	   9.1569261816118620e-03	   1.5525127702094554e-01	   2.1356598919029460e-01	   4.7757445131491882e-01	   1.1150074295258236e-01	   3.6691463396164059e-01	  -1.0023289923908445e-01	   5.2113949896721135e-01	  -1.6418368762031654e-01	   4.8399834927356750e-01	  -1.3792945614117982e-01	   9.6520942540874621e-02	   6.3193356336489117e-03	   2.4494234843879564e-01	  -2.1836704491472847e-01	   8.1151932540631605e-02	   3.8866436920678904e-01	   3.5521825668096613e-01	   3.8211289822690830e-01	   2.5277499699607042e-01	   3.4748923702007428e-01	   3.3788740359014946e-01	
   5.9188481757004607e-01	   5.1368215858417487e-01	   4.5086229430076941e-01	   3.0590538752442542e-01	   3.7964431852738967e-01	   5.5909545101059846e-02	   6.0722716693070200e-01	   4.4871109649640317e-01	   6.3255547111503929e-01	   1.1505832872235100e-01	   0.0000000000000000e+00	   6.6140884796506261e-01	   9.0099025514502507e-01	   5.9374957094179803e-01	   7.7368781860433034e-01	   3.6584410666784273e-01	   2.4543007991066976e-01	   2.8354883082357368e-01	   6.1299677890895565e-01	   5.3278012986460821e-01	   1.0122618297785480e-01	  -5.4754657401698298e-02	   2.5012560218065821e-01	   2.4413706211487490e-01	  -1.0504672061788790e-01	  -1.6762132765036342e-01	   1.5575625169707041e-01	   1.9439176971156831e-02	   4.9510797188509692e-01	   4.6297134704852638e-01	   2.5467118715846282e-01	   2.7339803740605639e-01	   3.9205151891587908e-01	   3.0718153808376514e-01	  -1.3009442687962292e-01	  -1.2602841745008478e-01	  -8.9240572922273283e-03	   1.3563576733181709e-01	   3.4868596067233348e-01	   2.6553148331590126e-01	   2.5983843526603823e-01	   1.1730147180286649e-01	  -3.0537146912185058e-02	  -4.3897794822060639e-02	  -1.5475518422754742e-01	  -1.4968253222688846e-01	   1.2631531020264857e-02	  -8.7451142867333673e-02	   2.9914818198691726e-02	  -2.3040874045084921e-02	   7.2172862026696816e-02	  -4.3665834850513771e-02	   1.3715219008968624e-01	  -2.5570170417928206e-01	   2.5233045059681747e-01	  -4.0395069599040529e-03	   2.3388906799450379e-01	   2.2323234746174075e-01	   5.2312174757358254e-01	   3.0399837081250380e-01	   7.6289476152089797e-01	   5.3538679570719894e-01	   6.6717769161381046e-01	   5.0482557426715902e-01	   1.7249906297751024e-02	   1.4133327430270290e-01	   3.2409327270737437e-01	   2.0333281414818039e-01	   2.3437122364786273e-01	   1.9184559028161519e-01	   3.6772862642739723e-01	   1.7659165463289067e-01	   4.4888067152063538e-01	   1.6167055596484869e-01	   3.6755367953345103e-01	   1.5703372837979582e-01	   3.7947373525876243e-01	   2.5870662747866036e-01	   1.2689746135847779e-01	  -1.3618087235496633e-03	   3.5294167658343339e-01	   4.0205938542869946e-01	   6.3999307525347426e-01	   5.1626299257775665e-01	   5.2097999186852684e-01	   4.0096885788449395e-02	   4.3773205913650393e-01	   3.5854676351472758e-01	   6.1758794042014209e-01	   8.7549645874410886e-02	   6.2019710139560272e-02	   1.8157550452698515e-01	   5.1371565017894305e-02	   7.0082925785208194e-02	   2.7347901269585606e-01	   4.0235194372562544e-01	   9.8625860472931953e-02	   2.7414401879376449e-01	   9.3402008706502920e-02	   2.0280852322581655e-01	   1.7583633082187439e-01	   1.0609124627998909e-01	   9.8709292328540532e-02	   5.2504003534562430e-02	   1.7102337204424728e-01	   4.1798476220552627e-01	   2.2310411217024853e-01	   1.6896628743944814e-01	   2.7407738089589198e-02	  -1.5511873343843147e-01	   1.9204364322166004e-01	   2.4586000900405514e-01	   1.2719328719381251e-01	  -8.6228490985858400e-02	   1.1702229139661238e-01	   2.5508107109554506e-01	
   4.1351303913330695e-01	   3.8669920456500889e-01	   4.6588146567691191e-01	   4.9180202394106542e-01	   4.8432392779404637e-01	   3.5841128478873252e-01	   7.6751346025979972e-01	   7.0810709102903546e-01	   6.4621951660005661e-01	   3.8729827514045612e-01	   6.6140884796506261e-01	   0.0000000000000000e+00	   7.2936712656456271e-01	   8.8735559126933894e-01	   4.2416688632179045e-01	   7.3470929643798355e-01	   1.7494962064498329e-01	   1.4259021366081157e-01	   4.8029263504136971e-01	   4.9574169365660758e-01	   2.6725392139117826e-01	   1.4663313520038013e-01	   2.4201406489767746e-01	   4.1275763742726629e-01	   6.8507319326872165e-02	   9.4187613332303521e-02	   3.9093233170026243e-01	   3.9714661510304639e-01	   4.4722156781140049e-01	   4.6012951885087705e-01	   2.7153926468667972e-01	   4.2788161611781739e-01	   2.9081881390101827e-01	   3.7825224878929198e-01	   5.4802999833386865e-02	   1.8529454202389756e-01	   7.9293741021013761e-02	   8.3286214217997534e-02	   4.5427069012949550e-01	   5.0082191019965994e-01	   2.8265052797675738e-01	   4.5774078829804193e-02	  -2.7036937314024852e-02	  -1.4725367279261262e-01	  -3.0370624579317740e-01	  -2.6699367099375498e-01	  -6.4147900433354790e-02	  -4.3872453885984659e-02	  -9.4718446152114333e-02	  -2.2833170635100708e-01	   8.7220655197064248e-02	   1.1128116596838412e-01	   1.0660462062991410e-01	   1.3914484716517073e-01	   2.6624615243584038e-01	   2.6544081187295859e-01	   1.2488699505790157e-01	   8.3359863563054913e-04	   4.6772735327750148e-01	   2.3132420308136642e-01	   7.7723536620736555e-01	   6.2804009637278613e-01	   7.6807108429053006e-01	   5.9100677515798916e-01	   9.3283657571727574e-02	   4.1435962783979685e-01	   4.3185701439005519e-01	   4.0997311525127977e-01	   1.3635856443404962e-01	   6.8336927754501661e-02	   4.1459012830236852e-01	   3.9838418352470606e-01	   3.9096032974457035e-01	   1.6274168889065238e-01	   4.9650817695338612e-01	   5.2968319634280303e-01	   5.6491171003787122e-01	   5.1068403354017677e-01	   2.2081868517336820e-01	   2.3517395602377669e-01	   2.6281342231627325e-01	   4.1986872668651953e-01	   5.6375354497971653e-01	   4.2376462177413554e-01	   4.5480434419885296e-01	   5.9291638719846085e-01	   2.6733510167808766e-01	   5.6612089569347013e-01	   5.0776796779391731e-01	   6.3439377952594700e-01	   3.3875354133635532e-01	   5.5030216181575042e-01	   3.7559783598298269e-01	   4.9956806622394201e-01	   3.0087880120323221e-02	   1.9893953212290061e-01	   1.6742052965622486e-01	   3.3211094225843441e-01	   1.3002534846739383e-01	   3.2257780843759309e-01	  -1.8173902695926347e-01	   4.2712992566211327e-01	  -3.0743411263834597e-01	   2.5580423599036672e-01	  -6.6080463334354855e-02	   2.8464984576997404e-01	  -1.2738491003075531e-01	   2.3864339851449319e-02	  -2.5196145738701281e-01	  -1.3117412078405086e-01	   3.4222286817438208e-01	   3.8387488086351940e-01	   3.4481280050691931e-01	  -6.7860059915995974e-02	   2.7054787812919495e-01	   3.4275596072302150e-01	
   4.2113220564230330e-01	   3.3334953926243205e-01	   4.3621446927438867e-01	   2.5124033894945746e-01	   2.2926113901316325e-01	   7.6614923778483036e-03	   6.2651762738184180e-01	   4.1307483970551984e-01	   6.0401467436480283e-01	   1.0668667999029896e-01	   9.0099025514502507e-01	   7.2936712656456271e-01	   0.0000000000000000e+00	   6.7617360510020919e-01	   6.6998870824610945e-01	   3.7422746310952926e-01	   1.0195436311974068e-01	   1.7917265766588392e-01	   4.6160060790432694e-01	   3.4508647136554349e-01	  -5.3909222340104160e-02	  -2.3131298309368964e-01	   2.9287909901049713e-01	   2.0753889151708574e-01	  -1.2214016641750294e-01	  -2.0571119717779623e-01	   1.0884076590722284e-01	   4.8705273766024102e-03	   4.0734185441658122e-01	   3.8891908167647848e-01	   1.3147352661306125e-01	   1.9321323103716834e-01	   1.6971233810844896e-01	   1.2309542892450816e-01	  -8.0852267819856549e-02	  -1.2036499605989540e-01	  -1.9267690022467898e-01	  -8.2783957849496548e-02	   1.9553608322121122e-01	   1.2773269500189130e-01	   8.0264346430703126e-02	  -1.3873004588735860e-01	  -1.9571743340184247e-01	  -2.0394017862196706e-01	  -3.0936094488426569e-01	  -2.9721039172597735e-01	  -2.0190791819668047e-01	  -2.3944802285274733e-01	  -1.2298952175327971e-01	  -1.9915043029516843e-01	  -2.7082882074645917e-02	  -9.0256074877857001e-02	  -1.0492798788327823e-01	  -2.1989119066057755e-01	  -1.4876511596596796e-03	  -7.6958739622506822e-02	   7.4558625381159233e-02	   1.3580831051170771e-02	   4.2820314868447207e-01	   1.3500547435413113e-01	   7.9960082154635992e-01	   4.8225899634807479e-01	   5.8881095742098488e-01	   3.7328710353943700e-01	   1.7998610420422045e-01	   1.5319243511462016e-01	   2.0640190074958881e-01	   8.7797022343154771e-02	   5.3453244712716223e-02	  -8.8982759895958538e-03	   2.4848914819704943e-01	   1.2998741286632867e-01	   2.6191516230901102e-01	   9.6774998366140508e-02	   3.2388914030577248e-01	   1.7739377386354366e-01	   3.7248158883819371e-01	   2.2058424490427328e-01	   2.8363839874919299e-02	   1.5390907000052544e-02	   1.2374394998310498e-01	   2.4247649254053460e-01	   6.2796686470060292e-01	   2.6272673594436546e-01	   4.3731653986808983e-01	   1.0345461880320864e-01	   3.4579454373890428e-01	   2.5321952318415908e-01	   4.4405017962279336e-01	   1.7724803739355485e-01	  -7.9832147496254988e-02	   2.2161158195016209e-01	  -4.8012953259933884e-02	   1.6789475729828063e-01	   1.7284859362761881e-01	   2.8493499337656542e-01	  -5.8406532334319680e-02	   1.2574825741901180e-01	  -1.0476286397605625e-01	   6.5161247832065353e-02	  -1.2877208943794555e-01	   1.3417243801372963e-01	  -2.1181477242782235e-01	   9.0944690030481598e-03	  -4.4566321527025908e-02	   3.5951757720140753e-01	  -2.1233046476885641e-02	   8.3535064972885931e-02	   2.3154662455092917e-03	  -1.2064241474368037e-01	   5.8169243594528589e-02	   1.2529704203071262e-01	  -7.8523137816208025e-03	  -2.3187565438141988e-01	   5.8285611380418045e-02	   1.8977013377053101e-01	
