   0.0000000000000000e+00	   7.7142149322534836e-01	   7.0615409719720335e-01	   7.5745539228481273e-01	   5.1371202261603277e-01	   7.4688947641837078e-01	   6.2951836045838250e-01	   6.0748733275004263e-01	   4.7061769909602036e-01	   6.8921293102324710e-01	   7.1831534265174712e-01	   8.5064935347935533e-01	   5.6848466072949799e-01	   7.1921593504213122e-01	   6.9153163552909569e-01	   8.5793074274677128e-01	   7.2882452090654426e-01	   6.5046618284312063e-01	   8.8823261762313654e-01	   9.1233783037918825e-01	   5.9446857895974881e-01	   4.8688410720779796e-01	   7.3792032725725265e-01	   7.0094772792904814e-01	   4.9706885057963146e-01	   6.0353798320588758e-01	   4.5943057070364979e-01	   4.0599529219435460e-01	   6.8519069328047810e-01	   6.5777547641803280e-01	   4.0524730044809054e-01	   6.2073841315011291e-01	   6.3194285899331903e-01	   5.9732488365851832e-01	   3.3032056089739181e-01	   3.3723556236008467e-01	   4.1703112527627639e-01	   4.1336747367005910e-01	   4.7110710755526997e-01	   6.5199086208370105e-01	   5.6519977347581707e-01	   5.7587078504628786e-01	   3.0701758805365931e-01	   2.0765004296635040e-01	   4.4418459652873665e-02	   1.1382319409997357e-01	   2.4532987774750756e-01	   2.0935908966988348e-01	   2.3749733278005819e-01	   2.6177684885642705e-01	   2.8249663167223371e-01	   4.3314973866920914e-01	   3.8825221134666332e-01	   8.0542319124134554e-01	   5.1874092268163907e-01	   7.7304149121776489e-01	   8.5515794408165857e-01	   6.7064425527280180e-01	   7.8305605630454522e-01	   6.4289486727338063e-01	   7.9213803816490169e-01	   5.2992731325262588e-01	   6.9011262143009888e-01	   5.0772143805067160e-01	   4.1021986567897156e-01	   4.2525075412098712e-01	   6.3495825654770510e-01	   5.2336846415750427e-01	   8.3677260559123545e-01	   8.7818334700128375e-01	   7.8625702421729871e-01	   7.9383482753435475e-01	   5.5449838114485295e-01	   6.9419528096506045e-01	   6.1879989684170678e-01	   7.0570699759248168e-01	   7.8191921564617373e-01	   8.4656851330360761e-01	   6.9919574184808908e-01	   6.4261994200288208e-01	   7.7406849379765053e-01	   7.6682036431941181e-01	   7.7466101104420770e-01	   6.8810754086740689e-01	   4.6412370072240872e-01	   7.7173515642218227e-01	   6.2005766194995293e-01	   7.3629719703363583e-01	   4.1788244965386900e-01	   8.8828176751624310e-01	   6.1892218982738090e-01	   7.3970366019496714e-01	   5.7704949394506033e-01	   7.0348150863561409e-01	   5.4070988508835127e-01	   5.3992395225132062e-01	   4.8427121389282768e-01	   3.1295110493247635e-01	   7.0707849000764933e-01	   7.2120352037528701e-01	   6.2108597662899279e-01	   7.8764683791160284e-01	   5.0353688659960849e-01	   7.7652728409163030e-01	   7.3828529629899586e-01	   7.4868182197661803e-01	   5.7348900744075293e-01	   6.7211861842144494e-01	   9.0406136597066200e-02	  -3.9189624403267953e-01	   9.4333034308235978e-03	   5.1045280785057290e-01	   6.0258397358361004e-01	   5.6289544316981355e-01	   6.9794302671623754e-01	   3.8498042464178212e-01	
   7.7142149322534836e-01	   0.0000000000000000e+00	   5.3187256231228597e-01	   6.3259379844280006e-01	   5.8356444954104825e-01	   6.6675208936129593e-01	   2.0421365424626461e-01	   4.9864541691061809e-01	   4.3919287211179642e-01	   5.7340431915633017e-01	   5.7067636357247831e-01	   7.7854596905734574e-01	   3.8492776233131587e-01	   6.9353463684158712e-01	   7.4315282824897055e-01	   7.1649875899884563e-01	   7.9320928192240947e-01	   8.2209263125240184e-01	   8.3592044338403237e-01	   8.3877683307882722e-01	   6.5318156208066069e-01	   4.9990276732555572e-01	   7.0565023898819568e-01	   6.8020361323392109e-01	   5.7451070405429738e-01	   5.8333182646949688e-01	   7.0298534747023966e-01	   6.3684088329326816e-01	   7.2366816030953363e-01	   7.9931586942907362e-01	   7.0771897241072934e-01	   6.9881197643760806e-01	   6.7430950982957982e-01	   6.4082095497297509e-01	   3.8591041525489395e-01	   2.7797728511667125e-01	   4.4881046745193076e-01	   3.8955840283569487e-01	   6.9350338011659174e-01	   7.0080876326011032e-01	   4.9938572293188288e-01	   6.2505645128257048e-01	   4.7746389911369097e-01	   3.9682170367735115e-01	   2.4150381439306293e-01	   2.7801182207365627e-01	   4.1102863419931313e-01	   3.5574970671846740e-01	   3.2380837255506889e-01	   3.7211004826450028e-01	   4.0377764237766700e-01	   3.6683568061107596e-01	   5.0889779832861004e-01	   5.1440829346127614e-01	   7.2213383340270298e-01	   5.8398013724310660e-01	   8.5218153734876356e-01	   9.2911044191607062e-01	   6.1331435285713609e-01	   5.6269881516481246e-01	   5.9761822191029323e-01	   4.1941253046802857e-01	   4.7359126210652319e-01	   6.0157998072482166e-01	   3.3384722374207249e-01	   2.5219975506048270e-01	   5.3807331665538538e-01	   4.6062663892584932e-01	   8.5280621799733491e-01	   8.3916095338524554e-01	   5.5281488460764039e-01	   4.8323104477086520e-01	   3.1047212612807906e-01	   5.9732393463232747e-01	   3.4395955075648876e-01	   6.4192428456185258e-01	   6.1717216032644961e-01	   7.3092295067346202e-01	   7.5295297503875713e-01	   7.2087700160737467e-01	   7.7919163389048607e-01	   7.7194728772811672e-01	   7.2096974976628347e-01	   8.4810898728072581e-01	   4.9768625532389910e-01	   5.2015905411178265e-01	   2.9626542468054556e-01	   7.6881381600129339e-01	   5.2525783973825002e-01	   4.7638630766735424e-01	   3.9230621832247642e-01	   4.4281996950970332e-01	   2.3936927260020061e-01	   3.1193159736785037e-01	   2.7840071841926495e-01	   6.1123676880921207e-01	   6.5971611351651327e-01	   4.5728263806692943e-01	   5.7665823151138107e-01	   6.1951371486116047e-01	   5.7085774588242910e-01	   3.8869774319446893e-01	   5.7210522349452397e-01	   5.6878674350497116e-01	   4.5084317493974402e-01	   4.7390200963578621e-01	   4.9770569164838696e-01	   3.9897773980411549e-01	  -1.7048730335637602e-01	  -2.8423640856835536e-01	   1.7556254213840528e-01	   4.3770393376650202e-01	   4.6483876238236710e-01	   4.5678350004007540e-01	   5.2678180187571155e-01	   3.1538050049529154e-01	
   7.0615409719720335e-01	   5.3187256231228597e-01	   0.0000000000000000e+00	   7.2674463990820792e-01	   6.5842670068570608e-01	   5.4661051349907974e-01	   7.8302568677757389e-01	   7.3897325028320404e-01	   7.6246714763802792e-01	   6.1140912078286280e-01	   8.3400643936677388e-01	   6.0876023288673919e-01	   7.5720993827847127e-01	   8.3462853094178036e-01	   8.3347717753616990e-01	   7.1836217624733734e-01	   4.8158084991874495e-01	   3.2691751487060394e-01	   7.7920273465123435e-01	   6.9408279107798632e-01	   4.1662502481021385e-01	   2.9910801729432612e-01	   8.9450425816328216e-01	   7.1186122707704758e-01	   7.0396627182076554e-01	   6.0390586098034238e-01	   5.5932710603186486e-01	   4.7028071167854546e-01	   5.2039379412352516e-01	   3.8256797387372860e-01	   3.4138499637848235e-01	   4.4213911113092275e-01	   5.1772157909908834e-01	   4.9586177094262313e-01	   5.8127144745705916e-01	   4.8154135125198105e-01	   4.7877951009048791e-01	   4.4483256907972540e-01	   5.3576208333959507e-01	   4.3195778443891641e-01	   4.1347807139900350e-01	   3.7878532801517067e-01	   3.7629757015721926e-01	   2.2740771072057472e-01	  -5.8476648179344462e-02	   7.9138636151411222e-03	   3.6564907039627031e-01	   2.3061042422565270e-01	   8.5761479718943490e-02	   9.9253134863514697e-02	   4.6282869367763568e-01	   4.6283347672896946e-01	   6.8771544671189200e-01	   8.1094101078815906e-01	   5.2839057500940978e-01	   5.0473218449764512e-01	   4.2739813580359831e-01	   4.2939530082784477e-01	   3.9342437988657897e-01	   3.0359172009873331e-01	   7.7028946606079041e-01	   4.6973230704481916e-01	   5.7084538348047420e-01	   2.8288049060487797e-01	   6.6685870377299361e-01	   5.0859973218535337e-01	   6.7670621962994493e-01	   5.1867214635466097e-01	   6.0648395514791364e-01	   6.5748094874363538e-01	   7.1611918292909016e-01	   6.0106787659408767e-01	   3.0241135233504424e-01	   4.8793385679602197e-01	   3.5280469485620231e-01	   4.7755568498960171e-01	   7.1035983658337187e-01	   7.0162301877396893e-01	   6.0887565870671845e-01	   5.2082213013920708e-01	   6.2539453081946017e-01	   6.5576288132795479e-01	   6.3980123633459607e-01	   4.7658510184496228e-01	   7.8403376212691622e-01	   7.2975831589215323e-01	   4.2783116720496739e-01	   5.3801738193469339e-01	   6.8822285580911968e-01	   6.7814358753018000e-01	   5.9690288079379483e-01	   7.7041734455107069e-01	   7.3300023564035577e-01	   8.1783675036728742e-01	   4.7410450719059927e-01	   2.8411096468283470e-01	   3.1258443384204498e-01	   1.2036399009346119e-01	   5.7033733833071421e-01	   5.7623670455568698e-01	   4.0364862311447869e-01	   6.9607807104532138e-01	   1.6834986522171003e-01	   4.5224039645814940e-01	   5.0067550327733545e-01	   6.2725484186465541e-01	   2.3043245431866902e-01	   2.7236151924504409e-01	   2.2099907295222526e-01	  -2.4441085362532522e-01	  -3.2895857340552906e-02	   5.5958958655646907e-01	   7.3199503561123958e-01	   3.5279223435568552e-01	   5.7624241995830561e-01	   2.2059776382237195e-01	
   7.5745539228481273e-01	   6.3259379844280006e-01	   7.2674463990820792e-01	   0.0000000000000000e+00	   5.7178972803225947e-01	   7.4700887853476750e-01	   6.8515541974500271e-01	   8.8694996827865635e-01	   6.3500280963556976e-01	   8.2027297297306279e-01	   6.0743696481244902e-01	   8.2315665224644730e-01	   4.5948773216636640e-01	   8.3306105778805739e-01	   6.9840358594231244e-01	   8.7208922642031861e-01	   6.7051783371757112e-01	   6.2138264951459299e-01	   8.4721328727658496e-01	   8.5013005012569232e-01	   3.8705433740591572e-01	   4.0453583245578462e-01	   8.4966308404050150e-01	   9.3767518546617068e-01	   7.3935152787774749e-01	   7.9260838965063229e-01	   4.7905916138754367e-01	   3.9984363900995323e-01	   6.7911583843763235e-01	   6.2565168820808903e-01	   4.1826623963785386e-01	   6.4052438732856509e-01	   7.6910324717719847e-01	   7.8756201928126446e-01	   6.0200529415965620e-01	   6.1466656104976602e-01	   3.2235057483036633e-01	   4.4683957047520145e-01	   6.2386347488345850e-01	   6.8384524311311568e-01	   4.3242352098559905e-01	   4.9900076182165853e-01	   2.3629791493104635e-01	   1.7141295013500318e-01	  -1.2100950136913985e-01	   5.0601811318726771e-02	   2.2792671945638984e-01	   1.7863218449520540e-01	  -7.0628946479922884e-03	   1.4294359617331540e-01	   3.2339919756659175e-01	   3.8061281267030089e-01	   4.6630871986648664e-01	   8.1189909026228735e-01	   4.5222084483018821e-01	   6.5431542480743321e-01	   6.4866741472971334e-01	   5.4688974604921992e-01	   4.6175058119632922e-01	   5.4021237137455158e-01	   7.2577104138308401e-01	   6.9533121725555114e-01	   7.5034138646737014e-01	   7.0213655459711000e-01	   6.6475072388908996e-01	   6.7851082258596240e-01	   7.9816469223984909e-01	   7.5645541366067326e-01	   6.9139441657913747e-01	   7.0038329787831000e-01	   6.4342994750209803e-01	   5.6050864781299248e-01	   2.4321213509289044e-01	   4.6466815551301355e-01	   3.6508582352263191e-01	   5.4114500757749284e-01	   7.1746855784330954e-01	   7.7356042508655221e-01	   7.2849128001112273e-01	   7.4037796154822499e-01	   7.5381029350986417e-01	   7.9580726909324206e-01	   6.5915788672272713e-01	   6.4567411332302382e-01	   6.0635439701200544e-01	   7.5571641436865411e-01	   4.4766177296505250e-01	   6.0244676458643043e-01	   5.2945211047614582e-01	   7.5283350662494442e-01	   6.3386103279300199e-01	   7.0372627931438436e-01	   7.2646268947129800e-01	   6.9820025382181150e-01	   4.0767245481079439e-01	   4.2779000247353771e-01	   3.4620880685442496e-01	   3.3682361909914310e-01	   5.4406392949108151e-01	   6.2468085586716149e-01	   4.8794048600801238e-01	   5.6756660770240464e-01	   3.0490902347291449e-01	   5.3371745717153007e-01	   5.2888858618342249e-01	   4.9236646332676770e-01	   2.6541197639519581e-01	   3.3628336071148474e-01	   1.3869788463408458e-01	  -4.5434637202129435e-01	   8.0293652751653594e-03	   5.5256112831655568e-01	   5.3301307654667107e-01	   3.8380725099773128e-01	   6.6173937279762018e-01	   4.7574982617363026e-01	
   5.1371202261603277e-01	   5.8356444954104825e-01	   6.5842670068570608e-01	   5.7178972803225947e-01	   0.0000000000000000e+00	   7.3608584869475968e-01	   3.6706569597748540e-01	   5.0919824618922149e-01	   6.7420423568988264e-01	   7.0953045531533543e-01	   6.7717578013971469e-01	   4.9865932776726973e-01	   6.7664071575466678e-01	   7.0190294363392813e-01	   7.6408583073854941e-01	   6.1243752679697161e-01	   3.6953281989741416e-01	   3.4558618075639902e-01	   6.5303253731654387e-01	   5.7595922901424590e-01	   5.6213995690853857e-01	   4.1125258431158385e-01	   7.2108072144838853e-01	   6.9935111090502800e-01	   6.5364824020345225e-01	   6.6793587754897765e-01	   7.1348294010447233e-01	   6.1961185786054274e-01	   3.4259326636775350e-01	   2.4794439063206203e-01	   5.0134167101293525e-01	   5.8088838395641096e-01	   6.3263065139479024e-01	   5.3187848179375441e-01	   5.1315646291301609e-01	   4.4818293542487952e-01	   4.1154844335570817e-01	   3.3393687013167300e-01	   7.0721357784304684e-01	   4.2248711442640557e-01	   4.3446503009816945e-01	   3.2903106705739910e-01	   4.3805520334128029e-01	   3.0868584443190966e-01	   1.2977940650602779e-01	   1.6291399408718393e-01	   3.5442619613177095e-01	   2.5074929076597596e-01	   1.0492041829867119e-01	   1.8972472920464090e-01	   4.6988026438732472e-01	   3.7442422078125309e-01	   5.0768579827706450e-01	   4.9866781055338782e-01	   4.6454196647818091e-01	   3.1835294939012171e-01	   4.7196088326224095e-01	   5.0356042159060077e-01	   2.2093196287526590e-01	   1.5719232453614485e-01	   7.3171198587264141e-01	   3.2595754498364038e-01	   3.8474780280583853e-01	   2.6115019360229719e-01	   5.9944665477477366e-01	   4.8051824526336462e-01	   5.9120229032734861e-01	   5.0106829488817695e-01	   5.7681207582388561e-01	   6.0863717123392092e-01	   4.3597803371239241e-01	   4.0241324995454031e-01	   1.2767070829939700e-01	   3.1566624593934384e-01	   1.2120036643211218e-01	   4.0027211149999742e-01	   5.3740417808804353e-01	   6.3500003966304419e-01	   5.1618915481069660e-01	   4.8735426951512728e-01	   4.8339187531036371e-01	   5.2928926608823390e-01	   5.6238740362522432e-01	   5.9637500829710655e-01	   7.0003425750656878e-01	   5.4427627656002375e-01	   2.0717136407717485e-01	   3.4252604383918273e-01	   7.0290638307890640e-01	   4.7075716463262446e-01	   2.5467492639288403e-01	   4.6902526325154870e-01	   4.3020634806130476e-01	   5.0559630405479095e-01	   2.0734508107005950e-01	   3.8167181516348947e-01	   3.8502303004381511e-01	   1.4213316132586951e-01	   2.5298552364119214e-01	   3.5288888024384568e-01	   7.9960128926969604e-02	   2.8038157606945330e-01	  -2.1564379360966876e-02	   1.0408532786673251e-01	   3.1219293392628233e-01	   3.8251236732224425e-01	   9.1123611177095568e-02	   1.5585771124961723e-03	  -3.3162554879374764e-02	  -6.3651107126836165e-02	   5.2628628938696251e-03	   3.7530546170933282e-01	   5.1237836696177541e-01	   6.9730916004115420e-02	   3.6673109328845227e-01	   7.8806360828286945e-02	
   7.4688947641837078e-01	   6.6675208936129593e-01	   5.4661051349907974e-01	   7.4700887853476750e-01	   7.3608584869475968e-01	   0.0000000000000000e+00	   4.6490320471072411e-01	   6.1228192411276072e-01	   4.4979730964376752e-01	   8.2857728806505737e-01	   6.2522081883636826e-01	   7.2692004482819716e-01	   5.2488813423104952e-01	   6.9991591070959647e-01	   6.0808821320999551e-01	   7.7458515837959285e-01	   4.8266075672997000e-01	   5.1918132172497455e-01	   7.6803671645325433e-01	   7.7960261604930459e-01	   5.5837785238387627e-01	   5.3292338057895627e-01	   6.6985380079214285e-01	   7.7402579080369471e-01	   6.2828983687772788e-01	   8.1919095935689135e-01	   6.7160582615663311e-01	   6.3260771450842279e-01	   4.7055617213980860e-01	   4.3198857397910506e-01	   5.6151586348063187e-01	   7.3198713622905132e-01	   7.0347287031935535e-01	   6.5893585088114293e-01	   4.0037979610851704e-01	   4.2272464485711941e-01	   2.5209723563677322e-01	   2.6194517576997278e-01	   6.2400823400201977e-01	   5.9039187847025587e-01	   4.4534559377081695e-01	   4.2459945677819588e-01	   3.5554220828276950e-01	   2.5263042200344932e-01	   1.7726503225908177e-01	   2.0333429882003065e-01	   2.7298788140688923e-01	   1.9445095292560680e-01	   2.0435772745989128e-01	   2.7414326463067418e-01	   3.8550008485132164e-01	   3.5878917194568705e-01	   3.5961395397634149e-01	   6.2596210651246342e-01	   3.4327846951370633e-01	   5.5045718681804012e-01	   7.0864898051243597e-01	   5.6978391573124743e-01	   4.9003283323375557e-01	   4.3693618376890242e-01	   7.8006222417925941e-01	   4.9179133690064247e-01	   5.4218913383310352e-01	   4.4552446953565272e-01	   4.7148150953324086e-01	   5.4096587590617273e-01	   6.8220072252911701e-01	   6.2572123218425546e-01	   6.6639732677973296e-01	   7.2703353396384318e-01	   5.7942418797012485e-01	   5.7904931028541795e-01	   2.2528055550052142e-01	   4.5094869905677415e-01	   3.1632749217978101e-01	   5.4935072147495978e-01	   5.5642658068454753e-01	   7.5539837254652986e-01	   5.6451062364797067e-01	   6.0981842396335117e-01	   6.4535109961451043e-01	   7.0242719262638542e-01	   5.4317697789412200e-01	   6.7584735856149292e-01	   5.1365700408769355e-01	   6.8451260244676337e-01	   2.5573868977458991e-01	   4.4556449128555770e-01	   4.8480978166035171e-01	   7.1563639354668385e-01	   3.7558920726981793e-01	   5.2554035928283949e-01	   5.1051905608280512e-01	   5.6451903721931496e-01	   2.8927111124096416e-01	   5.3412517103374513e-01	   3.7446332514220859e-01	   2.5159446936816671e-01	   3.9040601760962712e-01	   4.5381641857215749e-01	   3.2670132382620498e-01	   4.5624540356480381e-01	   1.5127453348787573e-01	   3.6168400869146600e-01	   4.6151210641144530e-01	   4.4994995130694759e-01	   1.9785470129705957e-01	   2.1975975219170135e-01	  -3.3473861913268468e-02	  -2.2762769166738098e-01	  -3.0192048841173408e-02	   3.8673312959611716e-01	   3.9379938914994650e-01	   1.5053437537894843e-01	   5.0167472729683404e-01	   3.3331783937523307e-01	
   6.2951836045838250e-01	   2.0421365424626461e-01	   7.8302568677757389e-01	   6.8515541974500271e-01	   3.6706569597748540e-01	   4.6490320471072411e-01	   0.0000000000000000e+00	   7.7560006407363535e-01	   6.9686388319159764e-01	   6.4648135422599573e-01	   7.0469913083352043e-01	   5.6336263625842853e-01	   7.2780298107100827e-01	   6.7413807354587496e-01	   5.0576787135726664e-01	   6.5925031049678950e-01	   3.7410711198170826e-01	   1.7550788019668587e-01	   5.9845197029013608e-01	   5.5781735259654186e-01	   1.5203112082694142e-01	   1.0162020657096252e-01	   6.2801708623380925e-01	   5.7443086339612814e-01	   4.2313239378294570e-01	   3.9621919020298230e-01	   1.1738467582472377e-01	   4.8166967456199812e-02	   4.0942457575228197e-01	   2.1815432317570588e-01	  -5.2116860192290504e-02	   1.6805715706387855e-01	   4.4701488662186217e-01	   4.5389813454007427e-01	   3.6886776028736357e-01	   4.2471226802423645e-01	   1.7093066439518695e-01	   2.5111006118359552e-01	   1.6117518939129483e-01	   2.7976072719205375e-01	   1.6658187903270633e-01	   1.8119027960289807e-01	   9.2255222405798226e-02	  -3.0939102926512275e-03	  -2.2257282216445773e-01	  -1.4519749248655045e-01	   1.1144689553751419e-01	   1.1109739574235208e-02	  -1.6543395256944732e-02	   1.8667715035326531e-02	   2.6826624313576564e-01	   3.8695179039927774e-01	   4.3662961804596578e-01	   8.2336705536749033e-01	   2.5608126644865664e-01	   5.5340527500379411e-01	   2.6606418098738710e-01	   5.1534716257734300e-02	   3.2228119233529329e-01	   3.3208850496126063e-01	   6.9847778869268695e-01	   5.8768822171957469e-01	   5.5353778383270602e-01	   3.0473004964556105e-01	   5.9396146504313607e-01	   5.8659647835389928e-01	   5.8872359041172651e-01	   4.7004300544839628e-01	   3.3776314132013513e-01	   4.6401740734673058e-01	   6.8634300393325653e-01	   5.4735955906321310e-01	   3.2882336985721472e-01	   3.1860505631121822e-01	   4.5597631709472308e-01	   3.2290584438643766e-01	   5.4231664833291537e-01	   5.3102980038562908e-01	   3.5203421742497265e-01	   2.6171184197564024e-01	   4.1557864469314609e-01	   4.4968318428055476e-01	   4.5259118568266293e-01	   2.1801186103568576e-01	   4.8540892401353991e-01	   6.5052176009038787e-01	   4.4890989308548168e-01	   3.1003814002805957e-01	   4.4397936962457241e-01	   7.4737375455111832e-01	   7.1388451219215932e-01	   8.2270931122027147e-01	   8.9464981171271118e-01	   9.0382032130488310e-01	   4.7666289323259248e-01	   2.2783231829827977e-01	   8.4096702481313693e-02	   3.0292556423222435e-02	   5.6966761419834533e-01	   5.6509608273350620e-01	   4.1690997289615073e-01	   7.7329425984836941e-01	   8.7324312344676261e-02	   4.2660066900693033e-01	   4.6476768422937820e-01	   5.5737012973548938e-01	   2.1362665149824006e-01	   3.5283854316932972e-01	   2.6781699949603033e-01	  -3.7578662968584675e-01	  -1.4277341181767550e-01	   5.1667594349344292e-01	   6.8827817907961586e-01	   3.0854330551767961e-01	   5.6069827578819886e-01	   2.4168606407013832e-01	
   6.0748733275004263e-01	   4.9864541691061809e-01	   7.3897325028320404e-01	   8.8694996827865635e-01	   5.0919824618922149e-01	   6.1228192411276072e-01	   7.7560006407363535e-01	   0.0000000000000000e+00	   7.8863865490383445e-01	   7.7987214284273987e-01	   6.5624431965158780e-01	   7.2117248674981993e-01	   5.8722917641323236e-01	   8.6186333780322122e-01	   6.7764140183724098e-01	   7.5457488839490927e-01	   5.9120140873747606e-01	   4.7026089292875251e-01	   7.6816322517319247e-01	   7.1861688513381694e-01	   2.6878236511180142e-01	   2.5811809098326077e-01	   7.5513196272489003e-01	   8.0983950717003839e-01	   6.4555224076306850e-01	   6.2506397736288566e-01	   4.0556005257914785e-01	   2.9037681831935469e-01	   6.1097768171028555e-01	   5.2833169198916963e-01	   2.6900565854180952e-01	   3.9972885274684711e-01	   7.5611649930908098e-01	   8.1056127869345829e-01	   6.0536052513656990e-01	   6.0611374936367257e-01	   2.2608345458269502e-01	   2.8756683196686816e-01	   5.0416733276463210e-01	   5.0218746768055622e-01	   1.8667106254294169e-01	   3.0964251989016611e-01	   3.3062350579627386e-01	   2.8379015607742553e-01	  -3.4415559542927479e-02	   1.1795621782533137e-01	   3.5627757418753403e-01	   2.4799024144763665e-01	   5.7365013891136143e-02	   2.0041565280757750e-01	   4.5063121920260574e-01	   4.1906088066207875e-01	   6.3352374192691130e-01	   7.6561415367719032e-01	   5.3561096306661371e-01	   5.5982803764068245e-01	   4.3401906388696387e-01	   4.2072906177710057e-01	   3.0046369375186077e-01	   4.8454763283058572e-01	   6.7676303626009138e-01	   7.5768788259947906e-01	   6.0655771779818668e-01	   6.7995516617019125e-01	   6.4387072755834895e-01	   6.3676752320336560e-01	   7.5493840262706347e-01	   7.1703397858320161e-01	   5.0933038077270298e-01	   6.1124671145243614e-01	   5.9159812299421111e-01	   3.7837386297166137e-01	   9.5230357915395553e-02	   2.8626888550065765e-01	   2.6820730377705360e-01	   3.1606299746889382e-01	   5.6740272078582610e-01	   6.0837646661897060e-01	   6.2213405149331669e-01	   5.8649161959200857e-01	   6.4615571374847214e-01	   6.6132110476033323e-01	   6.3505639363561317e-01	   5.6073557617441494e-01	   6.2728967644786404e-01	   6.1174292066948843e-01	   3.6095904270636359e-01	   4.7426488896601160e-01	   6.6273764077169006e-01	   6.0369933342547855e-01	   6.6975795598715382e-01	   6.8088710608100200e-01	   7.8639869047442856e-01	   6.7724408253665314e-01	   2.6734347896546967e-01	   3.5437891947707445e-01	   2.6947738618860351e-01	   2.8855919821417758e-01	   5.5652301876525989e-01	   5.8298304370878751e-01	   4.8144369546158794e-01	   4.7984202710443119e-01	   2.1967317464936134e-01	   3.5789446879681774e-01	   3.6025986580600555e-01	   3.8088988540450763e-01	   2.1079590822955230e-01	   2.3291572602649258e-01	   9.7514277511663999e-02	  -5.0120594667555296e-01	   5.6977576155098613e-04	   5.3431677735464866e-01	   6.0236496737295742e-01	   2.9383102366980091e-01	   6.0618040197358869e-01	   3.6068665521446525e-01	
   4.7061769909602036e-01	   4.3919287211179642e-01	   7.6246714763802792e-01	   6.3500280963556976e-01	   6.7420423568988264e-01	   4.4979730964376752e-01	   6.9686388319159764e-01	   7.8863865490383445e-01	   0.0000000000000000e+00	   7.1808933084486959e-01	   7.0021023247798453e-01	   5.4329786232693156e-01	   7.4387854062518732e-01	   7.7891486959099943e-01	   7.7943202465485983e-01	   6.4933679973706471e-01	   5.0279219630267302e-01	   3.4537050714464246e-01	   6.3672777744921261e-01	   5.0144676045733494e-01	   3.0201211485959262e-01	   8.6754095330012104e-02	   6.7159713248412056e-01	   6.1431796931981397e-01	   5.7823704797397046e-01	   4.4676982820010974e-01	   4.3316224980584422e-01	   2.7164228630032250e-01	   5.0378994521617315e-01	   3.3997157917273557e-01	   2.2024206589417689e-01	   2.3461662373314818e-01	   5.8598016097555361e-01	   5.8811617057690746e-01	   4.9864674003877008e-01	   4.3473590863562328e-01	   2.3765299304505683e-01	   2.0796337853008312e-01	   4.3590008519182177e-01	   3.9776912218182897e-01	   9.4420973257552596e-02	   1.5965336659756701e-01	   3.6011197128235684e-01	   2.7145491646136133e-01	  -4.2332533335650999e-02	   8.2286511138859639e-02	   3.9508882530379930e-01	   2.5275710964942422e-01	   7.7110077260148069e-02	   2.0191464299382356e-01	   5.0691698776650029e-01	   4.8593654236224648e-01	   7.5289675492324437e-01	   6.8207268908653906e-01	   6.2880454887020987e-01	   5.3696742891161642e-01	   2.8830070250432871e-01	   3.4070441389427397e-01	   2.0519742900208091e-01	   3.2424785758033869e-01	   6.4152460834433478e-01	   5.4004055676894525e-01	   3.7375175540620592e-01	   4.1625252681319014e-01	   6.4164070091987768e-01	   5.0000726814983720e-01	   5.6571806146189163e-01	   4.6078901818144091e-01	   3.8978244421903196e-01	   5.0645191699200531e-01	   5.3409919597409294e-01	   2.3341689848536257e-01	   1.3575480923493960e-01	   2.1426125891813078e-01	   2.3558663699859761e-01	   2.2335451217548963e-01	   4.7662748134237942e-01	   4.5884731100000797e-01	   5.3032844652897848e-01	   3.9091400491586770e-01	   4.7815087229884434e-01	   4.6937703779682693e-01	   6.0499353865793071e-01	   4.9753343851980036e-01	   6.2835729350879022e-01	   4.5269767175693054e-01	   2.9852681509971529e-01	   3.4382880605175081e-01	   7.6986917686157352e-01	   4.4295204348925221e-01	   6.1550602502783003e-01	   6.9144364187677476e-01	   7.0986069491539361e-01	   6.6899030167192675e-01	   2.8076843423150200e-01	   3.4951656098207623e-01	   3.2117977298588396e-01	   2.9120603319270022e-01	   5.3549287767218090e-01	   5.9462267159669513e-01	   4.0099835623796620e-01	   4.6299367536177749e-01	   1.8876199935844912e-01	   2.7196895873527793e-01	   3.2536555628400454e-01	   4.1220779154901055e-01	   2.6663371708821842e-01	   1.8471496600448684e-01	  -9.0734499263136925e-02	  -3.6843127331656234e-01	  -5.1324837995022403e-02	   5.3427912441330605e-01	   7.7454516542055352e-01	   3.0088114066942057e-01	   5.2468794848126787e-01	   1.9725575992949962e-01	
   6.8921293102324710e-01	   5.7340431915633017e-01	   6.1140912078286280e-01	   8.2027297297306279e-01	   7.0953045531533543e-01	   8.2857728806505737e-01	   6.4648135422599573e-01	   7.7987214284273987e-01	   7.1808933084486959e-01	   0.0000000000000000e+00	   6.4356115577851813e-01	   7.7176043877118727e-01	   6.0359791153944597e-01	   8.1569752722618960e-01	   7.1646983907630701e-01	   8.9290010263650199e-01	   5.9521415817773415e-01	   5.0880037544565204e-01	   7.4292239578629649e-01	   7.2537082421789389e-01	   3.4199830569128431e-01	   2.2584469427306708e-01	   6.9699821311118071e-01	   8.2014149162382655e-01	   6.3406983973464282e-01	   7.0069054065688108e-01	   4.5168442098812078e-01	   3.3140318613517777e-01	   6.0210384630698732e-01	   4.6911284896652061e-01	   3.1799328165766849e-01	   5.1713147099587953e-01	   7.0680378408560240e-01	   6.7602108693441199e-01	   4.1508972108990050e-01	   4.6770783911527414e-01	   1.5946852942983059e-01	   2.6887651082694297e-01	   5.5044718310711038e-01	   5.8437007232028582e-01	   2.0107206939597078e-01	   2.6247743494905995e-01	   3.1244828195550800e-01	   2.4481941344619598e-01	   1.9617115456274647e-02	   1.4109222667094601e-01	   2.4175922794077137e-01	   2.1992116751361024e-01	   8.1948718076328586e-02	   2.3053493871005754e-01	   3.7313922943511135e-01	   4.3546528659643019e-01	   4.4933819766848110e-01	   7.2093006830139583e-01	   4.3862496218802755e-01	   6.5995127988436575e-01	   5.8712099578419275e-01	   4.1131433924351790e-01	   3.1954322551551795e-01	   4.1186775791824282e-01	   6.9446885048122686e-01	   5.3587971954437319e-01	   5.0266761522379166e-01	   4.9648247979758842e-01	   5.2571618284987498e-01	   5.6105479650699985e-01	   6.2760737695015489e-01	   6.0978171895181776e-01	   5.5648977523181120e-01	   6.5493592911832221e-01	   5.3007493306594744e-01	   4.3342643334522135e-01	   9.1792154238544477e-02	   2.9257219451625882e-01	   2.5348077378635525e-01	   4.3796905608891684e-01	   4.9362659200646941e-01	   6.4971026872755266e-01	   5.9196225178463280e-01	   5.9426425371019342e-01	   6.3403794705485439e-01	   6.5885131340762593e-01	   6.0115832840005967e-01	   6.4879412689154026e-01	   4.9967090258241287e-01	   6.9205182418677791e-01	   3.0318667836860902e-01	   4.0757580307681185e-01	   5.2888728040471644e-01	   7.1020395141974746e-01	   5.7560661440129723e-01	   6.5983102736531740e-01	   6.9164836993352818e-01	   6.4871120704099361e-01	   2.7231834959546880e-01	   5.1559216763958560e-01	   3.5664364775681273e-01	   3.0910814882974347e-01	   5.2058092503124209e-01	   5.7729549719236406e-01	   3.9749579612232916e-01	   4.8912473068989593e-01	   1.8484598662466550e-01	   3.7060476050728330e-01	   4.4555337750193785e-01	   3.9370463893510610e-01	   2.1335549366817880e-01	   2.3860990938036264e-01	  -5.0779625446966833e-02	  -3.5635022570686087e-01	  -2.5669778689607063e-02	   5.6150990036219239e-01	   5.3964485673596452e-01	   2.4118090212658028e-01	   5.7973854812656256e-01	   3.9256671354226169e-01	
   7.1831534265174712e-01	   5.7067636357247831e-01	   8.3400643936677388e-01	   6.0743696481244902e-01	   6.7717578013971469e-01	   6.2522081883636826e-01	   7.0469913083352043e-01	   6.5624431965158780e-01	   7.0021023247798453e-01	   6.4356115577851813e-01	   0.0000000000000000e+00	   7.0863832351889833e-01	   7.9311607428057584e-01	   7.9812558315134274e-01	   7.8239612364262323e-01	   7.0840851959396234e-01	   5.1612458139393613e-01	   3.9487749864892863e-01	   7.6885265889524090e-01	   6.8289803095097290e-01	   5.1155231701324233e-01	   2.4278752390779645e-01	   7.7479071022987489e-01	   6.1211618667716716e-01	   5.8707371594271907e-01	   5.1994414243114506e-01	   5.0610883238057058e-01	   4.0822803420947723e-01	   5.4135875937035571e-01	   4.3697043080517939e-01	   3.5270382107288129e-01	   4.1272321677480889e-01	   5.7147280079449181e-01	   5.1153292241943071e-01	   4.0922079276917045e-01	   3.0771184266676921e-01	   3.4199394062320265e-01	   3.3110072969205712e-01	   3.9758268251858009e-01	   3.1729667816654827e-01	   3.5834319786060242e-01	   3.9287663372429793e-01	   3.8449412584351278e-01	   2.1942640359359178e-01	   4.9157726167370672e-02	   2.4817359859879547e-02	   3.5030660053218354e-01	   2.0412378837099399e-01	   2.1537928538610318e-01	   1.8026962120421380e-01	   4.9558283103614142e-01	   5.0829447640380110e-01	   6.4125240612395162e-01	   7.5515647766282368e-01	   5.9773899877179848e-01	   4.8524980822998509e-01	   4.4718694535015541e-01	   4.4488926005351126e-01	   4.3516489605074982e-01	   3.5853886097419191e-01	   7.7864429249927114e-01	   4.7771905970811279e-01	   5.3784977481782603e-01	   3.4811507270164688e-01	   5.1832178692406694e-01	   3.7947346905890628e-01	   5.6637543749275987e-01	   3.8378425146871087e-01	   5.3307607560269099e-01	   6.5574721125007995e-01	   7.4330034724424576e-01	   6.1966499521333729e-01	   3.8973772535075346e-01	   5.3858216018768879e-01	   4.5206401370674887e-01	   4.9462866763566843e-01	   6.2004408109232034e-01	   6.6268791354648882e-01	   5.0507601163974314e-01	   4.1613132854004309e-01	   5.6461665755011758e-01	   5.9817279390425970e-01	   6.0069252622723668e-01	   5.0460212527009252e-01	   6.6917312692237707e-01	   6.3218356520067553e-01	   3.7730691563361707e-01	   4.8883260777471660e-01	   6.6890648074694059e-01	   6.7883353678170644e-01	   5.9087804188392123e-01	   7.3517900236662159e-01	   6.5132610556356785e-01	   7.1608793504227530e-01	   4.3325034016341846e-01	   2.6550338373896454e-01	   4.1559788881933590e-01	   7.5424824120482487e-02	   6.6837401181174205e-01	   6.4471556498123817e-01	   4.4361312506992162e-01	   5.9945766888386931e-01	   2.1751495791098230e-01	   3.6335242451276517e-01	   5.1470286862478998e-01	   5.3952702692409926e-01	   2.9645520095664268e-01	   2.6722478732922644e-01	   1.2179753808705296e-01	  -9.8821131516480837e-02	   3.8941642542477381e-02	   6.1213254284767205e-01	   7.5020848091338055e-01	   4.1837776755146217e-01	   6.5571179339535046e-01	   2.8280618896615384e-01	
   8.5064935347935533e-01	   7.7854596905734574e-01	   6.0876023288673919e-01	   8.2315665224644730e-01	   4.9865932776726973e-01	   7.2692004482819716e-01	   5.6336263625842853e-01	   7.2117248674981993e-01	   5.4329786232693156e-01	   7.7176043877118727e-01	   7.0863832351889833e-01	   0.0000000000000000e+00	   4.5963934381040872e-01	   7.9674745171804806e-01	   6.9077954885395099e-01	   8.8566759821470087e-01	   7.9659746048011437e-01	   7.8135441150113938e-01	   8.5379448497839061e-01	   8.4802385313020801e-01	   5.0484046060436949e-01	   3.2810479661385594e-01	   7.0526534059934975e-01	   7.4144699063377906e-01	   5.6120779532780585e-01	   6.3830259934666833e-01	   4.4168866234809090e-01	   3.3796476206076020e-01	   7.6427446941867527e-01	   7.7628319456332351e-01	   4.7224964312477341e-01	   6.4313275164577399e-01	   7.3650428750334529e-01	   7.0802948661097809e-01	   3.7654711292853760e-01	   3.3699876172007648e-01	   3.0275509885706986e-01	   4.4235090630358009e-01	   5.1298654358130746e-01	   6.8163657471807182e-01	   4.3302667657195787e-01	   5.8768383729585072e-01	   2.3449704414749312e-01	   1.9014818132872702e-01	  -4.7891380733478942e-02	   7.4038134557766741e-02	   2.1516348862124202e-01	   1.9048512671104900e-01	   1.5749276113892124e-01	   2.4729155853998636e-01	   3.7013536774422084e-01	   4.9531413671529112e-01	   4.4989856156723723e-01	   7.8935671050217193e-01	   5.7823349474801844e-01	   7.5412754864358034e-01	   7.6824418084470569e-01	   6.3569612264605324e-01	   6.2347822532052011e-01	   6.4236618968687964e-01	   6.7908323728825781e-01	   5.6953902873354378e-01	   6.5559658106249108e-01	   6.9149594416736648e-01	   4.0797227995883356e-01	   4.3133168523209670e-01	   5.9367297599787583e-01	   5.0550304581899796e-01	   7.0401905064110459e-01	   7.3724861249955487e-01	   7.2497431571410309e-01	   6.4025208955350943e-01	   4.7052255959822264e-01	   6.5810572027057523e-01	   5.8961393236034598e-01	   6.8382034670908265e-01	   6.6603638427706147e-01	   7.5365290866716617e-01	   6.9495443048300332e-01	   6.8504731366253357e-01	   7.6102726109548247e-01	   7.7273276770860178e-01	   7.2486105159235892e-01	   7.3939602853400954e-01	   4.3875292071720146e-01	   7.0761416165400637e-01	   4.7574027266853380e-01	   6.5891449355043785e-01	   4.3224128800607420e-01	   7.6368364263274968e-01	   6.3082566530045203e-01	   6.9685664234121991e-01	   5.7335396067572242e-01	   5.9668822522670961e-01	   4.6646269843250421e-01	   5.3981433863980854e-01	   4.8043116638316108e-01	   4.1290827310523648e-01	   6.9214173727720574e-01	   7.4818526011828235e-01	   6.8267935487083653e-01	   6.0969399320047435e-01	   5.4725962774500170e-01	   6.5585582195718162e-01	   6.3842374001713165e-01	   5.2046449070008727e-01	   4.9205467179994888e-01	   5.3256163885826091e-01	   8.9015982081401837e-02	  -2.9030414336573707e-01	   8.9168362040424373e-02	   5.7677851937000413e-01	   5.5393169476217941e-01	   5.7055117415175605e-01	   7.7205646249591786e-01	   5.2429884659539616e-01	
   5.6848466072949799e-01	   3.8492776233131587e-01	   7.5720993827847127e-01	   4.5948773216636640e-01	   6.7664071575466678e-01	   5.2488813423104952e-01	   7.2780298107100827e-01	   5.8722917641323236e-01	   7.4387854062518732e-01	   6.0359791153944597e-01	   7.9311607428057584e-01	   4.5963934381040872e-01	   0.0000000000000000e+00	   7.4060876453529823e-01	   6.2980011947980974e-01	   5.7223899334483741e-01	   3.3714623823667994e-01	   2.0175550250030128e-01	   6.0723709503911549e-01	   5.2721558614178754e-01	   3.8244629802334451e-01	   2.5381105814736360e-01	   5.9400014008785740e-01	   4.7171625158142633e-01	   4.1928678526638635e-01	   3.6163897528067979e-01	   4.1007849546208192e-01	   3.6172296178611585e-01	   3.1024745231527767e-01	   1.4504727358880226e-01	   2.0679355494868701e-01	   2.9233716660501807e-01	   4.7684918767336804e-01	   3.9850899092478304e-01	   4.1365907237392768e-01	   3.3897638010766501e-01	   3.7508675475756270e-01	   2.6381495391974319e-01	   4.2003849134613819e-01	   2.5757836827799824e-01	   2.5964434314594670e-01	   2.5472232540374468e-01	   4.0756443637720602e-01	   2.5321595618276782e-01	   1.5848224630903032e-02	  -1.0473252953716792e-02	   3.4025099797074598e-01	   2.0891282513617621e-01	   6.2182098664416631e-02	   7.2550355342654443e-02	   3.9225933119487044e-01	   3.1874112159157064e-01	   6.1398288441355664e-01	   6.3222371362600627e-01	   4.7486235889600137e-01	   3.7170647884226427e-01	   3.3963509125552638e-01	   2.2678304590896886e-01	   1.7987049361562324e-01	   5.1153198218110159e-02	   7.5129382444279225e-01	   3.0177688284233906e-01	   4.6005710015557344e-01	   1.7501169693378282e-01	   5.1991119566084609e-01	   3.5246068380948659e-01	   4.8119645500980990e-01	   3.3430293220164320e-01	   3.9707590864156272e-01	   5.3891862855968098e-01	   5.3691607863921931e-01	   4.8438778489534551e-01	   2.2286656175206818e-01	   2.8800095806179443e-01	   2.2393150998497338e-01	   3.0293147087073119e-01	   4.8564675945511476e-01	   5.6184418084556687e-01	   3.4395447862737871e-01	   2.2396115580090459e-01	   3.5523257619879500e-01	   3.9405647589752907e-01	   4.8047608472111553e-01	   3.5514769053215434e-01	   6.1446878951186723e-01	   5.4106207117230398e-01	   2.2268262046738341e-01	   2.5820128687351096e-01	   6.8756904441165156e-01	   5.8428474981220224e-01	   4.5270221966252144e-01	   6.3588761241616376e-01	   6.6417106811252902e-01	   7.3637938579853057e-01	   4.0962477533260550e-01	   3.7918512772291846e-01	   2.3671350162934540e-01	  -3.1721727377762833e-02	   3.9592987200173690e-01	   3.8153051746140926e-01	   1.9070781332827019e-01	   5.7407827201813488e-01	  -7.6035391753810855e-02	   1.6523999667336281e-01	   2.6959832373401893e-01	   4.5291970120647584e-01	   1.4819942541960518e-01	   1.3504661912411800e-01	   9.8186528081033411e-02	  -1.8817254578920778e-01	  -1.1258672871638833e-01	   3.5923003127096875e-01	   6.8855275515309811e-01	   9.1652535441656718e-02	   3.3282858123458980e-01	  -9.1607534219424788e-02	
