   0.0000000000000000e+00	   9.1948091326852943e-01	   8.0095676817920192e-01	   8.4034721713452831e-01	   5.6016834183737230e-01	   6.2408940253754430e-01	   8.6836464172358263e-01	   8.3707282102958036e-01	   7.7038957692235521e-01	   7.9138076083811926e-01	   9.1085460919554784e-01	   7.5963356318365460e-01	   8.3979396714142784e-01	   6.9707814012205693e-01	   7.0838090535454290e-01	   7.0327734286948007e-01	   8.7234675629011504e-01	   8.7906118380779530e-01	   9.0894862304239910e-01	   9.1778968819050855e-01	   3.6266355244958071e-01	   3.2429657350686847e-01	   6.8670106163893885e-01	   6.0510362471535162e-01	   3.8616243251281945e-01	   4.2334391926227094e-01	   3.5144476245588685e-01	   3.7512185656843716e-01	   7.9581439070439397e-01	   7.6297001271347764e-01	   5.5453562298398829e-01	   6.6330067455001918e-01	   8.5467862215502999e-01	   8.5917362650048235e-01	   3.7499547750441087e-01	   5.6019470764234025e-01	   4.9453026776300180e-01	   6.6941164542743004e-01	   5.1869023539249903e-01	   5.8476550248264259e-01	   5.1426538303003055e-01	   4.8452064571372749e-01	   8.0525457582193716e-01	   8.1449503415276991e-01	   6.7329305608820467e-01	   6.1801984256028941e-01	   8.7669699750810892e-01	   8.6874196492405387e-01	   5.9232745443332080e-01	   6.4620217369488120e-01	   7.9139471801259875e-01	   8.2606156327513003e-01	   8.2773845665589829e-01	   7.8826573443427139e-01	   8.4063909603498166e-01	   8.4248204829630402e-01	   9.0735644891645428e-01	   8.4759206533821030e-01	   8.2983627956339234e-01	   7.9678955310424104e-01	   8.8382217968761712e-01	   8.7760380938856830e-01	   8.1133869331892527e-01	   7.3489193784167317e-01	   6.3367454416299351e-01	   5.8483155303617052e-01	   7.2340365474090507e-01	   7.2375669464943204e-01	   9.1122037892970020e-01	   8.6158928306121840e-01	   2.4200296451696757e-01	   3.7674048806067967e-01	   6.4174972323562907e-01	   6.8301667292626922e-01	   4.9993089401094659e-01	   6.3040095236119065e-01	   7.6466374135423965e-01	   8.4280832098823566e-01	   8.9420413400795506e-01	   8.8249813443150127e-01	   8.9008775509846971e-01	   9.2132937216133004e-01	   8.3581950137672434e-01	   8.3569412981272162e-01	   8.1330462302237760e-01	   8.1423802770316267e-01	   7.4368188411806146e-01	   5.0796735304378460e-01	   8.1510034352994198e-01	   8.3376888920551773e-01	   7.3107578133765050e-01	   7.5294471570702859e-01	   6.9646253491901122e-01	   7.5917423009050111e-01	   4.6802760576086572e-01	   3.7277364199292440e-01	   7.6397328925959851e-01	   7.7162651886980482e-01	   8.0338787111444177e-01	   8.0496588718766970e-01	   7.2454829033376333e-01	   7.2870417360427364e-01	   7.0146676490133741e-01	   8.2013441523548369e-01	   6.7558762646599946e-01	   3.2250350134293021e-01	   5.2617944004715045e-01	   4.3516527956805506e-01	  -1.1849038932334881e-01	  -2.3458906077308539e-01	   6.9805482210018410e-01	   7.6355514048122697e-01	   6.5393651896840910e-01	   6.1282107093336169e-01	   5.2800081283655120e-01	   3.4163361871264031e-01	
   9.1948091326852943e-01	   0.0000000000000000e+00	   7.6515253329038968e-01	   8.4939842649060471e-01	   4.8063704675839736e-01	   6.0986416826101020e-01	   7.8238074532640223e-01	   7.8396594492869953e-01	   5.6184091877979248e-01	   6.8393526661469051e-01	   7.6437005402660252e-01	   6.8282760700803147e-01	   6.8728486395792221e-01	   6.1733378858380594e-01	   5.3321963960582264e-01	   5.9578939439934220e-01	   8.6450714958916497e-01	   8.8570618890550878e-01	   8.4108280617514053e-01	   8.9185192923271484e-01	   2.7299584278835709e-01	   3.0494082522669730e-01	   6.4067387561742084e-01	   6.0435233135894706e-01	   3.5679832122197008e-01	   4.0731758997742662e-01	   3.6286497700392467e-01	   4.1060545058292736e-01	   6.8301080755189925e-01	   7.1081251549373015e-01	   4.7482771965405463e-01	   6.0511356845946818e-01	   8.4077663676950765e-01	   8.9288797632530847e-01	   4.2577877070802961e-01	   6.2825719426525917e-01	   3.5576548808315211e-01	   6.5300937369601253e-01	   5.0159881250652605e-01	   5.9067959270341774e-01	   4.3951825893284663e-01	   4.8467087335917974e-01	   7.5124645107027055e-01	   8.2052981941280534e-01	   7.9309571487151753e-01	   7.4516027375064464e-01	   8.3916339724873246e-01	   8.5838036359175618e-01	   7.2265001402404816e-01	   7.1559681397503272e-01	   8.2914840512562860e-01	   8.5240664764874441e-01	   8.4396122880552404e-01	   8.0011937458702942e-01	   8.3107869148730273e-01	   8.1044181022365624e-01	   9.5993735622917287e-01	   9.6977771791676837e-01	   7.7622372175584964e-01	   7.7685025939207941e-01	   7.0672735547471000e-01	   7.6359944373729627e-01	   7.1480820319001481e-01	   7.2446797232436211e-01	   5.2942889728994014e-01	   5.2464096633539870e-01	   7.1812995424809456e-01	   7.7368606755472880e-01	   9.2296635344804223e-01	   9.2587400719517732e-01	   6.2143118133406811e-02	   2.6948054420222872e-01	   5.0134772976052699e-01	   6.1770508555563908e-01	   3.9846464951915911e-01	   5.6484986696814932e-01	   6.4657795086307601e-01	   8.0754660143041856e-01	   8.5421801231074235e-01	   8.9141623477118803e-01	   8.7072565848407324e-01	   9.1141736995809797e-01	   7.1430797514159194e-01	   8.1197395949698092e-01	   7.8216800381337870e-01	   8.2007255105609000e-01	   7.0729009148510946e-01	   5.6768222793270662e-01	   7.0255572776620512e-01	   8.0640125883524894e-01	   5.7820076445178015e-01	   6.0129321014609771e-01	   6.1740961936109207e-01	   6.4944614499681974e-01	   4.5214366412881291e-01	   3.2794448265315990e-01	   7.4954442837157720e-01	   7.2486757116735556e-01	   6.8634319450567061e-01	   6.5999970181747747e-01	   6.4965528727429800e-01	   6.8006738562869407e-01	   6.5224165825333569e-01	   8.0205687262679914e-01	   5.8230879427076054e-01	   1.6606563126203036e-01	   5.5225070259953957e-01	   4.3403648580932847e-01	  -1.5554784746863826e-01	  -3.2342985541979619e-01	   6.4421744549664650e-01	   6.3473883039616008e-01	   5.6891478184218691e-01	   4.9425806502756420e-01	   4.8339794284481691e-01	   3.9381479458498958e-01	
   8.0095676817920192e-01	   7.6515253329038968e-01	   0.0000000000000000e+00	   8.6893466563163613e-01	   3.5079436181896306e-01	   5.0312995246371117e-01	   8.0256526995009048e-01	   6.9279744234338525e-01	   6.6628421141790850e-01	   6.5544071595349096e-01	   7.1952847112677754e-01	   4.7567750586768931e-01	   8.0549993145954657e-01	   6.5405389683196602e-01	   5.6492899020694609e-01	   5.7273528628710269e-01	   6.3652491915746501e-01	   6.7306043925648151e-01	   7.2712477152538157e-01	   6.9461646985136294e-01	   2.4788532216663151e-01	   2.2091172542360521e-01	   8.3713664310715297e-01	   7.5288383064980269e-01	   5.2956120430755205e-01	   5.6409746176768205e-01	   2.8823815679734677e-01	   2.9450057976279020e-01	   4.6252869292394450e-01	   4.7075867914649422e-01	   6.0818159469091926e-01	   7.6232171289227035e-01	   8.2580172947127828e-01	   8.3453268086503440e-01	   7.1094739812326657e-01	   7.5924500914678883e-01	   3.0189504268104583e-01	   5.0789310798506027e-01	   5.2322430809156639e-01	   5.4924513844869005e-01	   3.5642565274347032e-01	   3.8630063464465214e-01	   7.4487854794209774e-01	   7.1030854845513813e-01	   6.9395975182717140e-01	   5.8869092064986217e-01	   7.3161703309526649e-01	   7.5590005983147091e-01	   5.0721250881946101e-01	   4.6931103161825993e-01	   6.6667579622514572e-01	   6.7650882882510666e-01	   7.2697450799690855e-01	   6.8725649207691641e-01	   7.5011469477120496e-01	   7.5155576569008420e-01	   7.3045173073179015e-01	   7.3086104568595611e-01	   6.2028980982557336e-01	   6.1705577547151136e-01	   7.3014772950348705e-01	   7.9024160851922431e-01	   5.9250374824416363e-01	   4.7944247817366809e-01	   8.4477923470647864e-01	   7.6160042497149161e-01	   8.0597291893188605e-01	   7.9616817826509167e-01	   8.0523465840240793e-01	   7.6143999871666157e-01	   1.1359874927749894e-01	   2.4093161837189214e-01	   3.6850240789537847e-01	   4.0083395307234471e-01	   3.8642426708748795e-01	   3.6955515867729072e-01	   6.8605175999481760e-01	   7.7581791402220324e-01	   7.2272055036251825e-01	   7.8356054171737677e-01	   6.6063573047425772e-01	   8.6495081312303823e-01	   6.5884383190902240e-01	   7.4001420563534270e-01	   8.3641505791935611e-01	   8.7107685212245556e-01	   6.4072130639289249e-01	   6.0069201832264918e-01	   8.5627005634970010e-01	   8.3826428208195836e-01	   5.7334956791148317e-01	   6.2818058898387041e-01	   6.6010183325356253e-01	   7.0140654816179504e-01	   3.7802431989414220e-01	   2.8902790649302024e-01	   6.9697193481981989e-01	   6.3168241329319930e-01	   5.1670818755218650e-01	   5.8046523202300249e-01	   5.3206754579548532e-01	   5.4957220780550953e-01	   4.4717763872077576e-01	   5.9866504266647724e-01	   4.9782334211396073e-01	   2.2456773060147522e-01	   4.5791345333963351e-01	   3.3909976868476738e-01	  -1.9460914567537257e-01	  -2.6480531650420241e-01	   6.5830629197466251e-01	   5.5403590002293035e-01	   4.2347439398706010e-01	   5.2442615493231393e-01	   4.2293338562218030e-01	   2.3237010519417139e-01	
   8.4034721713452831e-01	   8.4939842649060471e-01	   8.6893466563163613e-01	   0.0000000000000000e+00	   2.7433000500327309e-01	   4.8622559203305948e-01	   8.3647307563232942e-01	   8.8779351576709287e-01	   5.6250442771303477e-01	   7.6765708343321704e-01	   7.4062971908935404e-01	   6.9615657179801915e-01	   7.1918063738178151e-01	   7.1758577306141569e-01	   4.7034691632487280e-01	   5.6908631690623046e-01	   7.6421619415043796e-01	   8.0226269131401917e-01	   7.9648852840317086e-01	   8.4316049352084377e-01	   1.5460275824532471e-01	   1.9098989430614810e-01	   7.5108621889791327e-01	   7.7568029466248767e-01	   3.3117751538453566e-01	   4.4180202826245413e-01	   1.3796749159674640e-01	   2.4267252372916590e-01	   5.9585686128904924e-01	   6.2759274504426199e-01	   5.0272568670680395e-01	   7.0871489944030697e-01	   8.2517089850339720e-01	   8.9387641144302465e-01	   5.1659114349677715e-01	   7.5303068397999451e-01	   3.5048340209198658e-01	   6.3531244764046146e-01	   4.8600814504245798e-01	   5.7152659321258104e-01	   4.0583930836829368e-01	   5.1549686719547039e-01	   7.6109695149051126e-01	   7.4654685260306852e-01	   6.2462677585517379e-01	   5.2698988546177072e-01	   7.9880519394525995e-01	   8.1763671960780693e-01	   4.9343950143659343e-01	   4.0579680752501607e-01	   7.5418730356117680e-01	   7.2586911507839469e-01	   8.3320667402104376e-01	   8.0249073263722859e-01	   8.0401581028949010e-01	   7.9837761844390087e-01	   7.9461021768452078e-01	   8.0644310181167755e-01	   6.6044613788098905e-01	   6.9447167143825084e-01	   6.8998725166035135e-01	   8.7430494153643101e-01	   6.8521258741681013e-01	   7.1460632820956094e-01	   5.9973066300255140e-01	   6.4982805536055077e-01	   7.2010278781041337e-01	   7.9859412179179934e-01	   8.5606871153291997e-01	   8.5022118951727932e-01	   4.4467167565647892e-02	   2.3068021795941288e-01	   4.3284176755014447e-01	   5.5165348071101727e-01	   3.4406041924561426e-01	   4.7373900062443464e-01	   7.4359020510335938e-01	   8.7476316471192539e-01	   8.0876517494761047e-01	   8.4208074302742508e-01	   8.3660259738894127e-01	   9.4041877357134318e-01	   6.7739014821230992e-01	   7.8490459584250438e-01	   7.7759858407988669e-01	   9.1798393743423468e-01	   6.0619262056240242e-01	   5.5269655046818233e-01	   8.0860167177798536e-01	   8.8792838536158691e-01	   6.6691334596707041e-01	   6.6539198448593118e-01	   8.0649799739429695e-01	   7.3930455230286363e-01	   3.7530801270760122e-01	   3.4684617533467998e-01	   6.8866271930427869e-01	   6.7421099213101754e-01	   6.7705423257088282e-01	   6.5786045585468189e-01	   7.1646270720092931e-01	   7.5614379638390827e-01	   6.1173102006345725e-01	   7.7556312924698334e-01	   5.9636397004463071e-01	   3.1804226838238359e-01	   5.5812019281771841e-01	   4.9703598432604768e-01	  -2.0318970845487178e-01	  -2.9316145754013684e-01	   6.7122068866267970e-01	   6.3689145765487021e-01	   5.6699200155914031e-01	   5.7338490888653959e-01	   6.0643675069293634e-01	   3.9797228085048092e-01	
   5.6016834183737230e-01	   4.8063704675839736e-01	   3.5079436181896306e-01	   2.7433000500327309e-01	   0.0000000000000000e+00	   8.6168806695544164e-01	   4.9313143897649148e-01	   3.4568436092133425e-01	   6.7550702038760591e-01	   3.8646401181699025e-01	   6.8679559135785651e-01	   4.6270191531964111e-01	   5.4969950364724429e-01	   4.3699978469101658e-01	   6.7645540952146899e-01	   5.4303842319518258e-01	   5.5627475602920229e-01	   5.1890767382406433e-01	   5.9691642013428414e-01	   5.0712970011185232e-01	   7.4778249446703338e-01	   6.2039749906845554e-01	   2.4898890138110588e-01	   8.2969213921853274e-02	   4.7987579555202042e-01	   4.3210673486712992e-01	   7.1589403649815653e-01	   6.2174038972045342e-01	   5.8033437701128121e-01	   5.9440548022716333e-01	   6.8249081388684874e-01	   5.1702730688796816e-01	   5.6994979994019956e-01	   4.9304887902011685e-01	   9.7387151197612626e-02	   1.3575521818795303e-01	   2.2547726855137343e-01	   2.2140762879433504e-01	   3.2866687479176576e-01	   3.1226916559124074e-01	   4.5025254478861310e-01	   2.9908340691535917e-01	   3.2703123931464567e-01	   3.2236237552214725e-01	   3.4836620967945947e-01	   2.8164135645960153e-01	   3.5487029411912280e-01	   3.4342028086627047e-01	   1.7002534775573452e-01	   3.9560845031060987e-01	   1.9290605871927602e-01	   2.4710369889475142e-01	   1.6784410926499926e-01	   8.6842849246427323e-02	   3.1974581666805130e-01	   2.9347245478647643e-01	   4.7361686839245654e-01	   3.9914856533373466e-01	   6.3771127870491540e-01	   6.0345689519917178e-01	   6.5569155760893438e-01	   4.1382833656104301e-01	   6.4715257731166076e-01	   4.7415324967920569e-01	   4.1330056361514966e-01	   2.8355987141285655e-01	   4.3847465519017725e-01	   3.3767688084092240e-01	   4.8594720604451880e-01	   3.6817984155836603e-01	   5.9266341990391525e-01	   6.2465544646646531e-01	   7.7914996374475010e-01	   7.3842827701606750e-01	   7.8234883634881336e-01	   7.8842304077252057e-01	   4.6834086645368844e-01	   3.9755150633729780e-01	   5.6947270902150193e-01	   5.1458494525029486e-01	   4.9306880813136100e-01	   3.9016934047902163e-01	   6.6923152382797424e-01	   5.5117328721208803e-01	   3.4550395658997179e-01	   1.7968337590084493e-01	   6.0124627981192491e-01	   2.4508336992135132e-01	   3.9019734629957337e-01	   2.1022893020634212e-01	   3.0845832652188698e-01	   4.0050806097596658e-01	   2.1317407447496353e-01	   3.5049517939602443e-01	   1.3405109030986095e-01	   7.8553754808759160e-02	   4.2666503506315623e-01	   4.4393721114879503e-01	   4.3877047203806546e-01	   4.4580213056725720e-01	   3.6552513467042402e-01	   2.8952296385092335e-01	   4.2263698152641282e-01	   4.5088135547527852e-01	   5.2325840975327631e-01	   1.7434207017387027e-01	   2.4502005718363917e-01	   2.2912085539838109e-01	  -3.2748660484399317e-01	  -3.2008056753185715e-01	   4.9974334568077822e-01	   4.9889059420274440e-01	   4.1584432110163605e-01	   4.0340689107907080e-01	   2.3298856809958368e-01	   2.0772137083656420e-01	
   6.2408940253754430e-01	   6.0986416826101020e-01	   5.0312995246371117e-01	   4.8622559203305948e-01	   8.6168806695544164e-01	   0.0000000000000000e+00	   5.0856607825421118e-01	   4.3664056963458642e-01	   6.3329957679764015e-01	   5.0981129461746533e-01	   6.6131709252334159e-01	   4.7445215942989216e-01	   5.5786656647520760e-01	   5.1043707197990829e-01	   6.0015956747634047e-01	   6.0638770623500915e-01	   5.7128195901340395e-01	   5.5566715628533569e-01	   5.8987553523105296e-01	   5.5671764428216697e-01	   6.7065796847570114e-01	   6.2375598077877870e-01	   4.1565581514008232e-01	   3.2414423824827893e-01	   6.3628319393068455e-01	   6.6026133859241076e-01	   7.4705509674421633e-01	   7.5064531832973724e-01	   4.8556568638954123e-01	   4.9973996958594746e-01	   6.9822061157571880e-01	   6.3141660809557698e-01	   6.2009957649104253e-01	   6.1348069818256135e-01	   3.1893565174908167e-01	   3.9155603225872665e-01	   2.7209451945479146e-01	   4.2432564798846628e-01	   4.6911118756058368e-01	   5.0633817312980023e-01	   4.2110363564708786e-01	   3.9908835828354944e-01	   4.8892697883508579e-01	   4.8613201713974397e-01	   5.1718992424348365e-01	   4.7679399643138304e-01	   4.9581419284948614e-01	   5.0889449457351410e-01	   3.5708514216881848e-01	   4.8192049939233617e-01	   3.8514163233937238e-01	   3.9046473293355755e-01	   3.7095850472858299e-01	   2.7466493089077249e-01	   4.8630200031975213e-01	   4.6944676983258793e-01	   5.6305608174305255e-01	   5.3460320948868090e-01	   6.8509325829872370e-01	   6.7330337999007051e-01	   6.1771494913624514e-01	   5.0330877322496370e-01	   5.8631392449765374e-01	   4.5836373964256716e-01	   5.3252871270739832e-01	   4.5716701018109662e-01	   5.8741097808921372e-01	   5.3538773421261354e-01	   6.0711024735331076e-01	   5.3079458153313808e-01	   4.0259085570656727e-01	   5.1747802197639525e-01	   6.3714346807222755e-01	   6.6578482469680322e-01	   6.3499674771541326e-01	   7.2036052926837013e-01	   5.0085844119111600e-01	   5.0192245074276476e-01	   5.9514828350447146e-01	   5.9681991829551273e-01	   5.3627363746280243e-01	   5.3660154317209940e-01	   6.5768474581072811e-01	   6.2938637743829973e-01	   5.0644462464244722e-01	   4.3974784492757640e-01	   6.6314601697454945e-01	   5.0736988678270345e-01	   5.4780421313420979e-01	   4.3224290379431762e-01	   3.7228201216150641e-01	   4.6460580934178775e-01	   3.3715037821133903e-01	   4.1362380905476914e-01	   1.5941269100801825e-01	   2.3696640597251561e-01	   5.4882612650144735e-01	   5.4327371343481068e-01	   4.6089647633317699e-01	   4.6204942940961796e-01	   3.4630617311559059e-01	   3.7356666892183621e-01	   3.6535499785520492e-01	   4.7169276069428029e-01	   5.7263001117332735e-01	   3.0175006500419010e-01	   4.1382747565723610e-01	   4.6612374558700653e-01	  -3.5911737886834399e-01	  -2.9329282177091909e-01	   6.1795366361364168e-01	   5.0927677059568810e-01	   4.0657578461227289e-01	   4.2547516824783521e-01	   3.9833527534687008e-01	   3.5798079357242762e-01	
   8.6836464172358263e-01	   7.8238074532640223e-01	   8.0256526995009048e-01	   8.3647307563232942e-01	   4.9313143897649148e-01	   5.0856607825421118e-01	   0.0000000000000000e+00	   9.1243216023488083e-01	   7.5743790592394855e-01	   8.3041788306640352e-01	   9.0359060077077602e-01	   7.7471999828497151e-01	   8.4689484716751473e-01	   7.5457285995703383e-01	   5.7408307125054181e-01	   5.5530072343266546e-01	   8.5465014023620967e-01	   8.6175361422877805e-01	   8.1698419642570952e-01	   8.2927009239868432e-01	   2.6687806395131736e-01	   1.5106630553921294e-01	   5.5903050687978673e-01	   4.7886914487269361e-01	   1.5999357035557257e-01	   2.0247849377132587e-01	   1.0090265563158479e-01	   9.6194356347069312e-02	   7.8905457974786752e-01	   7.6819625983038631e-01	   4.5657576161276403e-01	   5.6737534710721638e-01	   8.1062589640900373e-01	   7.8921968985857271e-01	   2.6408670269064471e-01	   4.6351814284712178e-01	   2.4703315122949754e-01	   3.7867806909272150e-01	   2.6484141473231060e-01	   2.9947798451824348e-01	   3.9851264365286337e-01	   3.3332234636675884e-01	   6.7952628479632793e-01	   6.8521223704851697e-01	   5.0871140533893222e-01	   4.3042950469601515e-01	   7.3835365643754636e-01	   7.5680357701094358e-01	   3.5088665420970649e-01	   4.3063315249435419e-01	   6.8804802042439106e-01	   6.5530989258806538e-01	   7.3824538962186315e-01	   7.2736930835764135e-01	   6.9303306765612482e-01	   6.7349382116301859e-01	   7.6208398383880160e-01	   7.0775722001838759e-01	   6.9161137446184950e-01	   6.4716383077874218e-01	   8.6599827671897700e-01	   8.1541988238734819e-01	   8.8369966995721483e-01	   8.2542097218051047e-01	   5.0935100861617821e-01	   4.1260199144938020e-01	   5.7723146734178721e-01	   6.2036190532051694e-01	   7.7623135443636193e-01	   7.3140944754086279e-01	   2.6788889704531166e-01	   2.4894259142399727e-01	   6.4432149260395855e-01	   6.6428530101654526e-01	   4.9319986283607686e-01	   5.7080298477433677e-01	   7.6246662056824466e-01	   7.7774442522189535e-01	   8.4960762769907316e-01	   8.2146929833913274e-01	   8.3676049634559446e-01	   8.5609880876261246e-01	   6.8607392487840846e-01	   6.7750369501397611e-01	   6.0711373679152125e-01	   6.8727613848558577e-01	   4.9907132031924001e-01	   2.2476344409042726e-01	   6.6081266370990066e-01	   7.4848911264680229e-01	   6.5511054087498677e-01	   6.8044811854481213e-01	   7.1511596273077438e-01	   8.2049807260724839e-01	   4.2362787395481927e-01	   1.0950119092207627e-01	   6.4122737021447218e-01	   6.2790305685331782e-01	   7.2860092094604822e-01	   7.4469124039220813e-01	   7.6116881082980592e-01	   8.3043984811187066e-01	   6.5997872590172468e-01	   8.3314978231078274e-01	   6.3794210720660960e-01	   3.0141235121285292e-01	   3.1994396140419695e-01	   3.4200134307803742e-01	  -2.6955727418388287e-01	  -1.8967837199354301e-01	   6.3847095492946893e-01	   7.4953250047054598e-01	   7.0578128624757508e-01	   5.8747357180260806e-01	   4.8922017333255180e-01	   3.8217082234600475e-01	
   8.3707282102958036e-01	   7.8396594492869953e-01	   6.9279744234338525e-01	   8.8779351576709287e-01	   3.4568436092133425e-01	   4.3664056963458642e-01	   9.1243216023488083e-01	   0.0000000000000000e+00	   6.3962961920219563e-01	   8.5734356346034624e-01	   8.5299320324026984e-01	   9.0294210980088874e-01	   7.5919738887849808e-01	   8.1062117040767245e-01	   5.0501187735290287e-01	   5.8907458216144626e-01	   8.0641242210517938e-01	   8.5135603061507248e-01	   7.9780128966351738e-01	   8.6430207509340051e-01	   1.2158364847550832e-01	   9.5117395511133476e-02	   5.5542352332842571e-01	   5.6865009398531352e-01	   6.3445991717457545e-02	   1.6530626914827062e-01	  -2.0868444841543963e-02	   5.1785515210832300e-02	   8.0358380296427967e-01	   8.0785634924546712e-01	   4.0252068460497581e-01	   5.6128608716802075e-01	   7.3429926117201205e-01	   7.7130102262538813e-01	   1.7574138868785116e-01	   4.5659413718871539e-01	   2.5461833683530577e-01	   4.6733212797317941e-01	   2.6184207233432955e-01	   3.2335322845278325e-01	   4.2299946759917256e-01	   4.3351260173518225e-01	   6.5048188876351976e-01	   6.5704589114356693e-01	   4.3847993290253823e-01	   3.7209478108887672e-01	   7.2101984748589631e-01	   7.2285161875311243e-01	   3.2509743938146163e-01	   3.5091120103973616e-01	   6.9935663834497985e-01	   6.6750082389777554e-01	   7.8743070837865603e-01	   7.9186914405283870e-01	   7.0570776969880733e-01	   6.8694204433828032e-01	   7.2747563463682763e-01	   6.9666700547411309e-01	   6.2116992365223367e-01	   6.2440204239511465e-01	   7.7220075327933391e-01	   8.4493300288914597e-01	   8.2511301651630609e-01	   8.6348040010745408e-01	   3.7504173105906413e-01	   3.6765114519065045e-01	   4.9192209015559407e-01	   5.8614253450182974e-01	   7.2883698218353554e-01	   7.1129687853042878e-01	   1.3806591120917311e-01	   2.0441059671804657e-01	   5.5685584578669545e-01	   6.6833113565618096e-01	   3.7909098946206277e-01	   5.4821615158382253e-01	   7.1241853475623862e-01	   7.7327615527845905e-01	   8.1240634737963924e-01	   7.9613872871441127e-01	   8.5362555843850196e-01	   8.7592710552907560e-01	   6.6067865115432745e-01	   7.1374591292895329e-01	   5.9212854828223738e-01	   7.4394366117838850e-01	   4.7413322553579795e-01	   2.4612944220694244e-01	   6.3441288132015838e-01	   7.6981505300839281e-01	   6.6973995904796557e-01	   6.3380983571456706e-01	   7.5395933432097295e-01	   7.3294865283642052e-01	   4.1363675929305799e-01	   1.6505149085248857e-01	   5.8507749321950553e-01	   5.8264447898738103e-01	   7.3618854566894798e-01	   6.9729323985818858e-01	   7.6332182966322371e-01	   8.5759485998000295e-01	   6.5677004249617599e-01	   8.2693467424519995e-01	   5.5261501478759112e-01	   2.6744301732749476e-01	   4.1856855037962581e-01	   4.1726308480862495e-01	  -1.5913205066385877e-01	  -1.4853191479723926e-01	   5.6721565080908898e-01	   6.8804602187744224e-01	   6.6635431432175962e-01	   5.3047806651128548e-01	   5.1150067768492424e-01	   3.9031448645929018e-01	
   7.7038957692235521e-01	   5.6184091877979248e-01	   6.6628421141790850e-01	   5.6250442771303477e-01	   6.7550702038760591e-01	   6.3329957679764015e-01	   7.5743790592394855e-01	   6.3962961920219563e-01	   0.0000000000000000e+00	   7.8868219351137969e-01	   8.7098958963748851e-01	   6.1580993796892691e-01	   9.1660281122842591e-01	   7.1584800357180511e-01	   8.8046307812949309e-01	   7.8967534361926128e-01	   5.7724274165137790e-01	   6.0930474233873932e-01	   7.0840662507113483e-01	   6.3397811613063770e-01	   5.0781858100670219e-01	   3.8717844587527206e-01	   6.2023825654132447e-01	   4.6428205030451092e-01	   4.3963844851255229e-01	   4.2391939573023540e-01	   3.9899007611853299e-01	   3.4315309691185614e-01	   6.6448991445434258e-01	   6.0499718919026357e-01	   6.0637839933994031e-01	   5.9665361863654887e-01	   6.0382874783722007e-01	   5.3502183412164817e-01	   1.9043750642837082e-01	   2.3235988221236914e-01	   3.7867543057712094e-01	   3.6606551973938595e-01	   3.4657135708282305e-01	   3.3926581070173112e-01	   4.4330441635242390e-01	   2.6939018797840070e-01	   5.9937678631730196e-01	   5.4293558670270370e-01	   3.0494350494610789e-01	   2.5705881480277515e-01	   5.9874526471433054e-01	   5.8494315768051175e-01	   1.7899272723780824e-01	   3.2925465368558310e-01	   4.2973872093141613e-01	   4.5762566118389725e-01	   4.8714070918347180e-01	   4.8728574300784600e-01	   5.6434608822900822e-01	   5.8729437684825547e-01	   5.2070321578482759e-01	   4.2388632188868902e-01	   5.6743782174297741e-01	   5.0391726886304022e-01	   8.8818713118158943e-01	   7.2664458351564110e-01	   6.7319050345428699e-01	   4.8248706845833988e-01	   6.3766221933290312e-01	   4.5153136471499089e-01	   4.6822663494364364e-01	   3.5541297128952964e-01	   6.0582080207587519e-01	   4.8129416875593839e-01	   6.0929688464454679e-01	   5.7232744760173437e-01	   7.6468301564813257e-01	   6.8763534551938299e-01	   7.1149509015305090e-01	   6.8707887201466866e-01	   6.4799598508409140e-01	   5.9621122290630302e-01	   6.6252661473213492e-01	   6.4091783226635246e-01	   5.7956783933478995e-01	   6.4430772052916108e-01	   7.7498034095587887e-01	   6.5682728832775616e-01	   6.1974740897867364e-01	   5.3081880622153788e-01	   6.1791037022914641e-01	   2.9485781198567002e-01	   7.3201991248133580e-01	   6.1089743176365352e-01	   6.5605243767896559e-01	   7.4348116552427757e-01	   5.4396890826331268e-01	   6.6288353275757772e-01	   2.8659799647803208e-01	   2.6755594360134460e-01	   5.2144060450167484e-01	   6.2663462203900666e-01	   6.5948322388813718e-01	   7.2203229232398336e-01	   5.4054013662211742e-01	   5.1687883616379438e-01	   4.6434590492892625e-01	   5.4110407515035730e-01	   5.1053078493198178e-01	   2.8250469365610115e-01	   2.6412364616602418e-01	   2.5441681297896918e-01	  -1.7445239144089847e-01	  -1.4941961250869429e-01	   6.4701633881877241e-01	   7.2541045533037096e-01	   5.9698715637271882e-01	   6.2504422669599258e-01	   3.8461096938478911e-01	   1.6609469844354613e-01	
   7.9138076083811926e-01	   6.8393526661469051e-01	   6.5544071595349096e-01	   7.6765708343321704e-01	   3.8646401181699025e-01	   5.0981129461746533e-01	   8.3041788306640352e-01	   8.5734356346034624e-01	   7.8868219351137969e-01	   0.0000000000000000e+00	   8.3598367093152204e-01	   7.4946037912517272e-01	   8.2153343976583915e-01	   7.4161809184296379e-01	   6.2755087495076900e-01	   7.1706868309432292e-01	   7.1105698080780999e-01	   7.4820368931658376e-01	   6.7656188321907118e-01	   7.0500799565432914e-01	   8.8496990468819092e-02	   5.3667782389959576e-02	   5.5416986400346235e-01	   5.1646235264055229e-01	   1.2041272279873182e-01	   1.7694185153228731e-01	   5.6640868511779324e-02	   9.5929159910618039e-02	   7.2468096903507517e-01	   6.4207305277571802e-01	   3.0030102512428697e-01	   4.1387038271565502e-01	   6.0316285745026366e-01	   6.1708092647030632e-01	   1.9438912863350707e-01	   4.0807485646492037e-01	   4.1213468746764681e-01	   4.8671320527759132e-01	   2.7631526006608165e-01	   3.1180707479856284e-01	   4.2364194494402185e-01	   3.5226216311235009e-01	   7.1853920174050634e-01	   6.8596681302737239e-01	   3.9694984966445213e-01	   3.7954192619279320e-01	   7.2081589982878402e-01	   7.4028771511786573e-01	   3.2341019308093144e-01	   3.8704373097590261e-01	   6.9208653661634600e-01	   6.1752960214766339e-01	   7.2472888536330882e-01	   7.1424510502669825e-01	   7.0264455505172929e-01	   7.0064252586042475e-01	   6.4685474689055289e-01	   5.9119704780730709e-01	   5.9599977195955267e-01	   5.7995489501620379e-01	   8.1663113007235799e-01	   8.2968469546242785e-01	   7.6931531201786729e-01	   7.1332089371869944e-01	   4.7453675955490365e-01	   3.9727616930993292e-01	   4.6710880522484044e-01	   5.0431512882175045e-01	   6.8125419973876622e-01	   6.5013635215587140e-01	   2.3653311254689910e-01	   2.3041050557052617e-01	   5.7971417815437809e-01	   6.0848702072438898e-01	   4.1754833511647832e-01	   5.4309360408670471e-01	   6.9459648788903494e-01	   7.2509255065018552e-01	   7.5155217396051954e-01	   6.9055226831605587e-01	   7.4723619213724213e-01	   7.6488543092392924e-01	   6.3699818161105159e-01	   6.1495839465969793e-01	   6.1751022647009146e-01	   6.8322257737637160e-01	   4.6744419092764411e-01	   2.5064644334848774e-01	   6.8386771636475452e-01	   7.9072074992511587e-01	   7.7221377818894166e-01	   7.8733787224278795e-01	   7.6539299319054210e-01	   8.1482208048581728e-01	   4.0694568544801724e-01	   2.6500530388651344e-01	   5.9214585918323637e-01	   6.5890986645635063e-01	   7.7513091762096897e-01	   7.9958435075962575e-01	   7.4004595144431151e-01	   8.3654653274100643e-01	   6.3410025315924179e-01	   7.5324875738303443e-01	   5.6462634287949542e-01	   3.6241381400154937e-01	   3.3686166680819574e-01	   4.2917417258181612e-01	  -3.8393587105311176e-02	   3.9964261851156431e-02	   6.4415582310768293e-01	   7.7125562046369789e-01	   7.4137367958632328e-01	   6.3208694290265788e-01	   4.1776429069043608e-01	   2.5016277920315105e-01	
   9.1085460919554784e-01	   7.6437005402660252e-01	   7.1952847112677754e-01	   7.4062971908935404e-01	   6.8679559135785651e-01	   6.6131709252334159e-01	   9.0359060077077602e-01	   8.5299320324026984e-01	   8.7098958963748851e-01	   8.3598367093152204e-01	   0.0000000000000000e+00	   8.4457932632505672e-01	   9.1380836868570625e-01	   8.1695895620848957e-01	   7.8300107801895202e-01	   7.3357571407555588e-01	   8.2523026384239062e-01	   8.4627620169553053e-01	   8.5817535007634893e-01	   8.3297947295341090e-01	   4.0581701466083286e-01	   2.8888045119037215e-01	   5.8391418537959994e-01	   4.7122873781421348e-01	   3.0477338740770837e-01	   3.2687750445804720e-01	   3.1263510137325279e-01	   2.8408555784204709e-01	   8.6258842534844837e-01	   8.1941172892197645e-01	   6.0234084929844811e-01	   6.4154885056573074e-01	   7.9635123126916663e-01	   7.6154379755129198e-01	   2.1381255741898528e-01	   3.8477224711063895e-01	   3.5863265211023587e-01	   4.3214697001095420e-01	   3.5589782599533837e-01	   3.5878722492121601e-01	   5.3488141381822141e-01	   4.0981793346570872e-01	   6.5203093652355315e-01	   6.2302345142578597e-01	   4.5352163170910442e-01	   3.8103320122761819e-01	   7.0982262246884553e-01	   6.9248358654123954e-01	   3.0073065831531587e-01	   4.4257874336430936e-01	   5.9077475637862586e-01	   6.1396809928543605e-01	   6.5551673191685011e-01	   6.3292124938121330e-01	   6.8468307406248130e-01	   6.6933606516282729e-01	   7.4776960039484330e-01	   6.6730157585103589e-01	   7.3908335082918319e-01	   7.1099961647660526e-01	   9.4549762690339567e-01	   8.5286707335221668e-01	   9.0593886713743466e-01	   7.8547375437542188e-01	   5.7295864056325230e-01	   4.6467964232346232e-01	   5.7538895734791384e-01	   5.5971547040253100e-01	   7.5342546189623483e-01	   6.6816479095004278e-01	   3.8589354566025835e-01	   4.2086347215824382e-01	   7.6081626787113787e-01	   7.6388410426484188e-01	   6.0788628550616630e-01	   6.9109178747690536e-01	   7.6233295272099766e-01	   7.4493668595866303e-01	   8.4123932045789118e-01	   7.8751840651732019e-01	   8.2846862799598586e-01	   8.2407461311541563e-01	   8.4389237588591537e-01	   7.7390340457278706e-01	   6.5413126416382283e-01	   6.5718585191882972e-01	   6.4806715779145529e-01	   2.8615262749117565e-01	   7.2906344966077363e-01	   7.1640765056652622e-01	   7.1236028032812704e-01	   7.1691111599861335e-01	   6.6232951914654925e-01	   7.5125578231320311e-01	   3.9788400587563988e-01	   1.7127347131606910e-01	   6.3111913375562256e-01	   6.3488274808686507e-01	   7.6864409766238340e-01	   7.6898055998812975e-01	   7.2247232153167162e-01	   7.4615566696618363e-01	   6.7333636052907098e-01	   7.8731461800254632e-01	   6.4805509606306599e-01	   3.2248532921548057e-01	   4.0288146568438887e-01	   3.7175842773606893e-01	  -1.6719278525407386e-01	  -1.9101234196606243e-01	   6.2933328274548306e-01	   7.6240466560053088e-01	   6.7891781352910519e-01	   6.1752994573601494e-01	   4.5299283443062399e-01	   3.0315326518110630e-01	
   7.5963356318365460e-01	   6.8282760700803147e-01	   4.7567750586768931e-01	   6.9615657179801915e-01	   4.6270191531964111e-01	   4.7445215942989216e-01	   7.7471999828497151e-01	   9.0294210980088874e-01	   6.1580993796892691e-01	   7.4946037912517272e-01	   8.4457932632505672e-01	   0.0000000000000000e+00	   6.9478215265291232e-01	   8.5179137343856082e-01	   5.9252007808788520e-01	   6.6324153361420968e-01	   7.3745195637318894e-01	   8.0350582405718651e-01	   7.5375585130568912e-01	   8.1470263063424442e-01	   2.2886367652726772e-01	   2.3265252644310586e-01	   4.3830683655376734e-01	   4.5185407954744300e-01	   7.6890116958042654e-02	   1.3729105991652760e-01	   1.2184273060710432e-01	   1.7988038326525360e-01	   8.8623603310214216e-01	   8.8646526595826203e-01	   4.2775104988871249e-01	   5.0050540156860557e-01	   6.0827264112571289e-01	   6.4253401522960951e-01	  -3.1936234752597256e-02	   2.4694959599357447e-01	   2.7047387726322752e-01	   3.9576741238915492e-01	   2.3190473780896664e-01	   2.4567753668325562e-01	   5.1987084789346083e-01	   4.9650540934874399e-01	   5.0408268869146211e-01	   5.0448429929742578e-01	   2.7779668371771327e-01	   1.9574761376757760e-01	   5.9323325395776516e-01	   5.4605469935206796e-01	   1.7609019587511199e-01	   2.3890029345490299e-01	   4.9959073101422224e-01	   4.9232603523147211e-01	   5.9989557303096053e-01	   6.1344233380291247e-01	   5.7050958593918788e-01	   5.3558056395650666e-01	   6.0650878503369343e-01	   5.6561830072400687e-01	   5.1954151015685568e-01	   5.3799158639035904e-01	   6.9103155963320539e-01	   7.3833995574700650e-01	   7.9709024885239144e-01	   8.4686123356814003e-01	   2.0623275451548403e-01	   2.2385185670839938e-01	   3.1508164281039541e-01	   3.7583215932114983e-01	   5.7093563600700881e-01	   5.2453753019148763e-01	   2.5975324427090840e-01	   3.1541357836014439e-01	   6.4088433082845808e-01	   7.6719298612383580e-01	   4.0392895625670139e-01	   6.1712417315055368e-01	   6.3152371164210019e-01	   6.4979280606974033e-01	   7.3116702961476721e-01	   7.0379525870134141e-01	   8.0726693001620831e-01	   7.5607774250955850e-01	   7.0929448006658691e-01	   7.0115113054331268e-01	   4.7571036826019991e-01	   5.7714441786631654e-01	   4.7304340248029975e-01	   1.5689241481927146e-01	   5.0518040157476285e-01	   6.1698780574726364e-01	   6.1149421371857093e-01	   5.5031061697161054e-01	   6.2795535085321874e-01	   5.9450777983439762e-01	   4.1312533046827377e-01	   1.5913969818515405e-01	   4.6544068918573800e-01	   4.7060633956279485e-01	   6.9687263686139933e-01	   6.1215365523934051e-01	   6.8176201301266148e-01	   7.4183910584006951e-01	   5.9916496857778812e-01	   7.2911064393655245e-01	   4.4989999416127258e-01	   1.8698892145552995e-01	   3.8577191382823295e-01	   3.2680116979067886e-01	  -6.0625567534845336e-03	  -8.2532404770663315e-02	   4.4901831667903624e-01	   6.1753978068867721e-01	   6.1080186124932179e-01	   4.7730567795402890e-01	   4.1209115742710212e-01	   2.9177398711446345e-01	
   8.3979396714142784e-01	   6.8728486395792221e-01	   8.0549993145954657e-01	   7.1918063738178151e-01	   5.4969950364724429e-01	   5.5786656647520760e-01	   8.4689484716751473e-01	   7.5919738887849808e-01	   9.1660281122842591e-01	   8.2153343976583915e-01	   9.1380836868570625e-01	   6.9478215265291232e-01	   0.0000000000000000e+00	   8.2408729054322238e-01	   8.4306864216663202e-01	   8.0780392801991097e-01	   6.4132123804350649e-01	   6.9423149305508280e-01	   7.4017861626705428e-01	   6.8838638145613573e-01	   3.6681981193378493e-01	   2.8096615459481433e-01	   7.1345393940348534e-01	   5.9025689589840358e-01	   3.9430700529702700e-01	   4.2080772099517216e-01	   2.8365871167973195e-01	   2.5519151575595522e-01	   6.9358301012370172e-01	   6.6028061189346143e-01	   6.0706184211602299e-01	   6.7007079527205171e-01	   7.0661985440307817e-01	   6.8582486272031962e-01	   2.9068436488104155e-01	   3.7815624015000371e-01	   2.5836901442079424e-01	   3.5548255469161616e-01	   3.0080160607919398e-01	   3.1186454981759149e-01	   4.2589392982253804e-01	   3.3627945252405211e-01	   6.1266834289852656e-01	   5.7350542833393714e-01	   4.0510386054409181e-01	   3.5952672472853930e-01	   6.1856233226589552e-01	   6.1493985661807460e-01	   2.5900316565771186e-01	   3.5683569623321620e-01	   5.2837458189540176e-01	   5.5521952002393715e-01	   5.8838147401197083e-01	   5.9360188315712570e-01	   6.1724814157264452e-01	   6.1100847259981461e-01	   6.3537544162316695e-01	   5.8435351070534491e-01	   5.6138228925547029e-01	   5.3656674539220539e-01	   8.9855917674227748e-01	   8.3483156322931096e-01	   7.4333900229702410e-01	   5.8093930502594071e-01	   6.9683319719047254e-01	   5.4376777207605287e-01	   5.2838997318613523e-01	   4.7773625487055782e-01	   6.7972592106289087e-01	   5.7898846933786963e-01	   4.5534186329050730e-01	   4.7648792076479540e-01	   6.7481705693069616e-01	   6.4588407122187341e-01	   6.0099347053851093e-01	   6.1114065898529402e-01	   6.7597828884825573e-01	   6.7991599666339153e-01	   7.2428250475096467e-01	   7.1851032016397876e-01	   6.6334617324635625e-01	   7.7465322714200591e-01	   7.5649429859908168e-01	   7.2513078260733632e-01	   7.0299449977867057e-01	   6.8924867162273729e-01	   5.8632206097439155e-01	   3.1468784847913411e-01	   7.9589073781557640e-01	   7.3567963080891507e-01	   6.2244379958506191e-01	   6.7190074082481299e-01	   5.8745092692839462e-01	   6.7702488150373685e-01	   2.9323998852125932e-01	   2.3042959390461484e-01	   5.1057812446842299e-01	   5.7631052119886239e-01	   6.0965636914725840e-01	   6.4914105034927450e-01	   5.4461547231073326e-01	   5.9730363122825825e-01	   4.4717287217384599e-01	   5.8638774178402464e-01	   4.7141118347496558e-01	   2.8097493160483700e-01	   3.3246200378778423e-01	   2.7219405490523918e-01	  -1.3744455015655638e-01	  -1.7310305519183156e-01	   5.6872129301713259e-01	   6.3564926306496405e-01	   5.1031029352151980e-01	   5.4038581359952720e-01	   3.6693546165541768e-01	   1.8796205364290719e-01	
