   0.0000000000000000e+00	   5.2485476679570331e-01	   5.6178781325862770e-01	   5.5239437355366394e-01	   4.7780904765303955e-01	   5.2558013946001247e-01	   5.7025592581618190e-01	   5.1933588195656744e-01	   4.6739268322055655e-01	   3.9476537325072669e-01	   5.2393290383713709e-01	   2.3266744110674065e-01	   5.6323992609140305e-01	   2.4985676393844067e-01	   4.1995407863509704e-01	   4.4987367206046214e-01	   2.4044146214361781e-01	   3.0378259902522486e-01	   6.3406461259512759e-01	   6.4455577215756565e-01	   5.5560184771794641e-01	   5.5594656001043452e-01	   4.0440986538548784e-01	   3.8487426192820889e-01	   4.3370116541980275e-01	   4.1287785989806369e-01	   5.0288994831106126e-01	   5.8947203319450381e-01	   4.4362830445170387e-01	   3.6416359926694525e-01	   3.1956764695557360e-01	   3.0400193845545659e-01	   3.3909692369249467e-01	   2.7939312531474603e-01	   3.2860174815821352e-01	   4.5106817270893984e-01	   5.0569501820392371e-01	   2.8025481795197910e-01	   5.4856953058769453e-01	   4.9164448246567882e-01	   5.2657937668915089e-01	   4.0940920858016999e-01	   6.0431583782198561e-01	   6.2881440451538118e-01	   5.2044669768848184e-01	   6.0577057466812523e-01	   5.4490536359152042e-01	   5.5292920700702064e-01	   5.9404572574330805e-01	   4.7390328987176678e-01	   6.1418867014747747e-01	   6.4757567815378980e-01	   4.3776399551216438e-01	   6.3800272316451134e-01	   4.7067261082050155e-01	   6.1250568675716455e-01	   8.0513465552712682e-01	   4.5337420827311181e-01	   5.8517659684844825e-01	   3.9321966625546589e-01	   5.5567479028481559e-01	   2.2981881591942299e-01	   1.6964424356801155e-01	   2.3067015373855280e-03	   1.1834480798820390e-01	   1.4909866800287092e-01	   4.1199409554147892e-01	   4.3344691058257068e-01	   6.5402745602974566e-01	   6.4356536915594098e-01	   5.0355928833296471e-01	   4.7726525367951689e-01	   4.4284259920616409e-01	   2.9847844264443057e-01	   3.5703133765932005e-01	   2.8172133180630338e-01	   5.7825287120819269e-01	   4.9093489586547767e-01	   3.6561368076906403e-01	   5.1840071652872721e-01	   4.4327685464103228e-01	   4.3090030721528272e-01	   4.7068944288068271e-01	   3.2459773336454611e-01	   3.6198209189784991e-01	   5.5874720704600855e-01	   4.2470844307707456e-01	   2.7787305624355568e-01	   2.9820045582164445e-01	   6.5940109891505538e-01	   4.4564475855496100e-01	   4.1692258522889691e-01	   3.9198240389318273e-01	   5.2275927864326333e-01	  -3.7976374342169605e-02	   2.4747318007824015e-01	   3.5976398086475969e-01	   2.3712362002200527e-01	   3.8544839071051556e-01	   3.4732729256067074e-01	   2.4124028235760581e-01	   6.5583821191203251e-01	   3.1909204481697256e-01	   5.3799723916076470e-01	   2.8847099340839610e-01	   3.1305516720539667e-01	   2.1311209824667254e-01	   2.8698638153733569e-01	  -3.1137247674979240e-01	  -3.7006584796373510e-01	   3.1733363816808779e-01	   3.1991209606504695e-01	   5.5203502845823804e-01	   3.8511016402022591e-01	   2.5644716482317698e-01	   9.5729968164761398e-02	
   5.2485476679570331e-01	   0.0000000000000000e+00	   1.7736771083695244e-01	   6.6819488767016788e-01	   3.8551178444170370e-01	   3.8654816239203887e-01	  -5.6115227636569467e-02	   8.3097760683635513e-01	   4.1653083986866368e-01	   2.8431841239220423e-01	   5.9088721282681211e-01	   7.3275084634465659e-01	   5.1634770481849845e-01	   6.3778058212226707e-01	   7.5838273333994899e-01	   4.8576563721324451e-01	   3.8355562049040787e-01	   5.8503702131796509e-01	   8.0539161574486973e-01	   8.5230166843895327e-01	   3.0229195658355035e-01	   4.7113418629164938e-01	   3.2920523303491644e-01	   4.6810144413690891e-01	   3.7344750429658347e-01	   4.2031797775863122e-01	   2.0925732063280955e-01	   2.3491574839752777e-01	   4.4526830147044005e-01	   6.6626052404101133e-01	   3.7796313851468133e-01	   3.9316457999624549e-01	   6.6219055352274692e-01	   6.6246164616948855e-01	   2.5356184559754769e-01	   2.9806019454565591e-01	   5.0027949533476024e-01	   6.3523407715955793e-01	   7.6329752205859358e-01	   6.7084711705823974e-01	   6.7677904440037506e-01	   6.3503461048578369e-01	   5.1174629749414569e-01	   5.8644513653615493e-01	   5.7962748213708570e-01	   7.0846291415179952e-01	   6.9184628338064469e-01	   5.8951962781701617e-01	   8.1256501412310023e-01	   7.1891235320381952e-01	   5.9944582218137876e-01	   4.8518352315684443e-01	   5.6102093081319993e-01	   2.7762040288462381e-01	   7.7103984567174522e-01	   6.3421629173944039e-01	   5.8898871481894000e-01	   9.4463218442232755e-01	   5.6429855342038793e-01	   7.2187330221289048e-01	   4.4983442912513527e-01	   5.3626252362243987e-01	   2.0720932939764058e-01	   4.8405046228536464e-01	   2.9831716228479288e-01	   4.9851046040898572e-01	   6.0762180977925828e-01	   6.3513348744109466e-01	   8.3570509750181809e-01	   8.1066072312131721e-01	   4.1473396677707408e-01	   4.9448925943897992e-01	   6.0552806596514253e-01	   6.1206343172010480e-01	   6.8033399810390760e-01	   5.7537977422419373e-01	   7.3136173437484575e-01	   7.3983271351099111e-01	   6.2645649205055287e-01	   4.6868326624583595e-01	   6.3099407653169137e-01	   8.1964371413236514e-01	   7.5145430931329815e-01	   7.7137242386670413e-01	   7.0822619690368571e-01	   4.9003353564026725e-01	   8.1235230066001440e-01	   6.6459440669605985e-01	   8.0632238249017529e-01	   2.7835688617111043e-01	   5.8933881159923063e-01	   4.4698370880844096e-01	   4.5399886390881244e-01	   1.0858142098216013e-01	   6.1085112122718187e-02	   4.5418871151921686e-01	   5.5810216874956320e-01	   4.5605611683457170e-01	   4.9919772130485163e-01	   4.9014067868201516e-01	   6.3868220976794465e-01	   1.0649829301580022e-01	   6.6775853255769668e-01	   5.3025964752651589e-01	   5.3271619953474025e-01	   3.0853284561575728e-01	   5.9009460768506128e-01	   4.4500385845624030e-01	  -1.3425219444779252e-01	  -1.3263356755751093e-01	   5.3860685612515846e-01	   4.3342398640403068e-01	   4.4637513805252449e-01	   4.0306987015104945e-01	   1.5571225230182381e-01	   3.1081310678340926e-02	
   5.6178781325862770e-01	   1.7736771083695244e-01	   0.0000000000000000e+00	   7.5002352555069784e-01	   2.5413805352054619e-01	   1.7230317185960065e-01	   8.9502638640660193e-01	   4.3540844053814115e-01	   2.5524117656580336e-01	   3.6509741336836188e-03	   1.3141268444040557e-01	  -2.0493602312602566e-01	   3.7621656587920194e-01	  -1.8498868111422620e-01	   2.8063496836993418e-01	   7.5090369373203569e-02	   2.2322683305597130e-01	   3.0552879979520296e-02	   3.9255135453441592e-01	   2.7644038274852389e-01	   4.0815538677194624e-01	   2.5351047775207203e-01	   8.7125360913498695e-01	   7.6155788912076039e-01	   6.0155502150075102e-01	   5.2740949343968613e-01	   4.2973446915011954e-01	   5.0665958081917717e-01	   2.9839195903388421e-01	   8.1245891816764421e-02	   1.8914121092052216e-01	   1.0788452509412766e-01	   2.2715575329313009e-01	   1.4960576843355328e-01	   6.4173913810010508e-01	   5.5096246672713933e-01	   6.3183571763760593e-01	   3.6060454646217899e-01	   5.1092869888072012e-01	   3.6247221996223272e-01	   3.3202231237019114e-01	   3.0803239785085706e-01	   7.3885087562591623e-01	   6.0177163201367501e-01	   6.1999554402470713e-01	   4.1739789039612718e-01	   6.4219310714101430e-01	   5.5660111413487134e-01	   5.4927525403521738e-01	   1.6820684530618102e-01	   7.4457644781210430e-01	   5.2810425548132589e-01	   6.6747586135392201e-01	   6.8356096201279382e-01	   5.6854817676383451e-01	   5.2405455981414040e-01	   3.6553043058468049e-01	   6.4791067107969141e-02	   1.2166884507643039e-01	  -4.4489449886450816e-02	   1.9203630013656225e-01	  -1.4242049531593839e-01	  -7.5166862028175213e-02	  -3.8778573906735458e-01	   4.2109698316231603e-01	   2.9539075722465589e-02	   4.2006627655258971e-01	   3.6070282894416456e-01	   4.0041271667708844e-01	   3.5379105063179334e-01	   1.4559078363463013e-01	   1.8807436070953340e-01	   5.6566500114903134e-02	  -1.3793261227768897e-01	  -8.5212425650198681e-02	  -1.5589440194621704e-01	   4.4863055258366180e-01	   2.7104345496709781e-01	   2.0029869892931984e-01	   2.0466048355891883e-01	   2.9953116706013205e-01	   1.9052320999735467e-01	   4.7017982345620546e-01	   1.7525627683031009e-01	   5.8392528812514599e-01	   4.6535152258087265e-01	   1.8130734568182455e-01	   2.3781868067773038e-01	   3.9061795170745200e-01	   4.6096217052328692e-01	   3.9366827543051808e-01	   3.3807827159648352e-01	   4.8527622493490596e-01	   6.0884532181884032e-01	   8.8340339309493116e-02	   2.0302317678347528e-01	   3.7729486109443039e-01	   1.1096914162929665e-01	   4.6373584809107038e-01	   1.2957298864004052e-01	   8.7073529185011350e-02	   5.1041577636843138e-01	   3.0081329900129766e-02	   2.4248893360582935e-01	   3.2245810610859926e-01	   3.3755292743741194e-01	   1.5501637064550963e-01	  -1.6277105223184124e-02	  -2.1917423518803606e-02	  -2.1317014627466402e-01	   3.9698690488193711e-01	   2.7678249629096047e-01	   5.8334176315302533e-01	   5.3447349425111701e-01	   3.8254187923778216e-01	   2.1877893568108300e-01	
   5.5239437355366394e-01	   6.6819488767016788e-01	   7.5002352555069784e-01	   0.0000000000000000e+00	   3.8927610877601898e-01	   3.6297011512577593e-01	   5.3361237355876223e-01	   8.2226559123266207e-01	   3.9610955708428086e-01	   2.2022855289257209e-01	   3.3284760188234014e-01	   2.9934044290696382e-01	   4.8501480895656079e-01	   2.8687958348681186e-01	   6.5715180865006340e-01	   3.9132533973304312e-01	   1.8409177263995996e-01	   1.9365970176167849e-01	   6.5175346532965195e-01	   6.1663676528442968e-01	   3.8105700019311367e-01	   4.0400944027852548e-01	   8.2584036105120262e-01	   8.8808808327351707e-01	   6.2219975588074750e-01	   6.3414566570082798e-01	   3.9236112461920170e-01	   4.8857758376809129e-01	   2.6741158528562714e-01	   3.3443671585967183e-01	   2.5235706601008617e-01	   2.1684317416416130e-01	   5.0582632472413713e-01	   4.5005975338499504e-01	   6.4634505062483649e-01	   5.9284032728736413e-01	   6.8380845463858675e-01	   6.2895601991941463e-01	   7.6705092301199740e-01	   6.0562365619909053e-01	   5.6018307526509947e-01	   5.3746876380605779e-01	   8.0410239161088382e-01	   7.4380126258168633e-01	   7.5399892252013667e-01	   7.1274422061628639e-01	   8.2582002686313538e-01	   7.5738287968390672e-01	   8.0650823938819083e-01	   6.0095524773908315e-01	   7.5169607912225711e-01	   5.5094796601405704e-01	   6.7756593875392923e-01	   6.2445421999848860e-01	   7.8522735655424081e-01	   6.6847107490950330e-01	   4.8482922617086843e-01	   5.3595635044448076e-01	   4.7821342007541684e-01	   4.8451727734316052e-01	   4.1158361523905562e-01	   2.5184285454689120e-01	   5.9980511128374298e-02	  -5.8331651802859975e-03	   6.0377870420487101e-01	   4.8930411555284670e-01	   7.3338015676884349e-01	   6.9744582448272474e-01	   7.7178322237761843e-01	   7.3465118094467430e-01	   1.9714447202748256e-01	   3.2699849804996234e-01	   2.5724404168094794e-01	   1.7394748725542575e-01	   2.6026213533959502e-01	   1.7520441205879111e-01	   6.7556338411848071e-01	   5.8307377281040318e-01	   3.3354939777167175e-01	   2.4485467486052204e-01	   4.3459052117945313e-01	   5.8689914078714600e-01	   7.3984783090498085e-01	   5.8298998002474678e-01	   8.2384827392986515e-01	   6.6879328500222157e-01	   6.7965303448685144e-01	   6.2092680485488572e-01	   7.9878668821374299e-01	   4.6785851417796176e-01	   7.0793862225791448e-01	   5.6221108491639205e-01	   7.2296980495294272e-01	   5.2103872154436581e-01	   1.5066365931445624e-01	   4.4802046368262688e-01	   5.8970394033906137e-01	   3.9613914852553062e-01	   6.3560560947719780e-01	   4.6258649655971129e-01	   5.6211254080948969e-01	   4.5360573700966778e-01	   5.5911317298500307e-01	   5.8113492551931722e-01	   6.1631354523375592e-01	   4.6496078484381975e-01	   4.8013622470237349e-01	   3.0594520170262257e-01	   9.0494951006801182e-03	  -7.1217139892290476e-02	   6.4772219403063380e-01	   4.8293249141444206e-01	   6.6004727745164993e-01	   6.2020637698821068e-01	   2.7269167098505320e-01	   5.6323949559015568e-02	
   4.7780904765303955e-01	   3.8551178444170370e-01	   2.5413805352054619e-01	   3.8927610877601898e-01	   0.0000000000000000e+00	   8.3936555863153928e-01	   2.6735397396056015e-01	   4.7616893858021897e-01	   8.8427349568583558e-01	   4.7741703422241999e-01	   4.6246395920342354e-01	   3.9160387834496557e-01	   5.2890501993677796e-01	   4.4935166239837071e-01	   7.0191866468925790e-01	   5.2849113042766138e-01	   1.3965617876917710e-01	   2.5742754707587029e-01	   4.3066615671181407e-01	   4.7979126357699720e-01	   7.5873694621978294e-01	   7.7858865692281021e-01	   3.9646488188013551e-01	   3.8509362516760071e-01	   7.2990260968850529e-01	   7.3022097196773150e-01	   8.9305282734972691e-01	   8.8363668984195709e-01	   4.8677839089849861e-01	   5.6895703041112888e-01	   6.8118731266004029e-01	   6.8753383280472524e-01	   4.7258945316262646e-01	   4.6966809601273463e-01	   2.1721428512814353e-01	   2.9633366487191992e-01	   3.5965038679464356e-01	   2.2628008953274287e-01	   3.8145626840166458e-01	   3.0751644174725012e-01	   6.1505863241852043e-01	   4.3692193466319029e-01	   3.2232915670438250e-01	   2.6175324242829523e-01	   3.2949928358200919e-01	   4.1255190775354472e-01	   2.6222536413123054e-01	   3.3334362963706626e-01	   3.7715034361083666e-01	   4.8438808066324318e-01	   2.0516483219717910e-01	   3.4454131231920943e-01	   1.1305465813651670e-01	   2.8620849676150067e-01	   1.9919103953750170e-01	   2.7077147442562322e-01	   5.1702524005694483e-01	   2.8771640253979375e-01	   4.9371463249802339e-01	   4.7919658933785136e-01	   5.7259557745544676e-01	   3.7541250945629939e-01	   2.9555995080100428e-01	   1.9143502955135130e-01	   2.4898526700243506e-01	   3.7478064356813695e-01	   4.2661407133331741e-01	   4.8234920957259375e-01	   4.1611519837476335e-01	   4.0515688814555445e-01	   5.6016208471941631e-01	   6.5068610086239287e-01	   5.5240824077397066e-01	   5.4908306256349393e-01	   4.9301002090105256e-01	   4.1899575200055800e-01	   3.7522880504446621e-01	   3.2441274628389061e-01	   3.1925142387460076e-01	   4.4297256394675333e-01	   4.0468068630307114e-01	   5.0696513079292027e-01	   4.6641912268123364e-01	   4.4511513845630779e-01	   2.8681158905295223e-01	   4.4124918981817651e-01	   4.8470975529581162e-01	   2.8377178199142516e-01	   3.0000450213499263e-01	   3.8043793727677633e-01	   4.0079930609719860e-01	   4.1381849846208080e-01	   3.2869409654061632e-01	   2.6750916916350209e-01	  -2.9791656156000650e-02	   1.6412160618327537e-01	   1.7662305503427006e-01	   2.4839850713947714e-01	   2.2970354417659095e-01	   3.6791104126648316e-01	   2.3878885763732166e-01	   2.6824780749660515e-01	   3.5106392906192785e-01	   4.5196101683399525e-01	   3.4245890553001584e-01	   3.2044896829724046e-01	   4.7421833030470775e-02	   2.5827205652996127e-01	  -1.8455289644686221e-01	  -1.6605324953236669e-01	   2.9540001771278007e-01	   2.7291779907544489e-01	   3.5613132050913066e-01	   2.2432750900832119e-01	   8.5228682032347583e-02	  -2.5667778064011340e-02	
   5.2558013946001247e-01	   3.8654816239203887e-01	   1.7230317185960065e-01	   3.6297011512577593e-01	   8.3936555863153928e-01	   0.0000000000000000e+00	   2.6141912031712805e-01	   4.9644603795896358e-01	   7.6169694649196518e-01	   8.2122882611043613e-01	   3.5888935189294335e-01	   5.2521007929096708e-01	   4.8377213351320197e-01	   6.3720883800934991e-01	   5.9730189056175687e-01	   8.4751876822770988e-01	  -6.2040425813012626e-02	   2.8568059545122504e-01	   4.6707706109742947e-01	   5.0719292148181871e-01	   5.9384274830562478e-01	   6.9816266442259756e-01	   3.0084188516488930e-01	   3.7403237981637505e-01	   6.3195988203233433e-01	   7.0822169093075049e-01	   6.5560279884062911e-01	   7.6059599185423998e-01	   2.6330643941476961e-01	   5.4180571165278057e-01	   5.5693687505214917e-01	   5.9604983832858016e-01	   4.2730090795721914e-01	   4.3073232619799579e-01	   3.6955589424896040e-01	   5.1000385043517482e-01	   3.1987426657902446e-01	   3.5572905911416736e-01	   3.8752454256462815e-01	   4.9395510741650661e-01	   5.8403001370228991e-01	   5.0689051581201738e-01	   2.8669264384795357e-01	   2.9814198583608897e-01	   3.7790727698844157e-01	   5.6655876884077461e-01	   2.8565223762916753e-01	   4.9979085382396837e-01	   4.4055754551595566e-01	   6.3839833998535678e-01	   9.4545795155434043e-02	   2.2011020171650320e-01	  -6.4419192168566869e-02	   4.2074853737407958e-01	   1.4269420704875507e-01	   4.8939310618410958e-01	   6.4648389088722757e-01	   3.3779948457237097e-01	   7.5947864974111412e-01	   6.8706807671652104e-01	   7.4181874516332647e-01	   5.2328463901238587e-01	   3.4082020616715070e-01	   2.3214832373147193e-01	   2.8899601559496824e-01	   5.1784764160136465e-01	   5.7221994417802524e-01	   6.2721537775574987e-01	   5.3917321857147815e-01	   5.5812487539883493e-01	   5.3196377681701079e-01	   6.8026261653439857e-01	   4.3817102891848519e-01	   5.6328732867053211e-01	   5.0941627855282134e-01	   5.3611040356165252e-01	   4.3840095479369678e-01	   4.5725668668249531e-01	   1.7254502509813752e-01	   5.2249704104525796e-01	   2.3780397079877039e-01	   5.5079149314123166e-01	   4.4883031609780699e-01	   4.8126068766089980e-01	   1.3271419448567270e-01	   6.6957934397160235e-01	   5.9183454357051390e-01	   5.3327274688096915e-01	   1.2969598450500741e-01	   7.0747891441469224e-01	   5.7357555761928070e-01	   6.4241132251364741e-01	   4.2550231174716724e-01	   4.7071173415233558e-01	   4.2384974755027068e-02	   3.9239413383748728e-01	   2.7951618558772068e-01	   4.8105554235583003e-01	   3.5479500395675506e-01	   6.5858822779361437e-01	   3.0803107028725984e-01	   5.1850100599337856e-01	   4.9476956582210102e-01	   7.4509013969528748e-01	   3.6982587102144387e-01	   4.0369173702631267e-01	   1.3248513226387582e-01	   4.9260446595453544e-01	  -1.0335704586550465e-01	  -1.5991235819982250e-01	   4.2246878142654343e-01	   5.1135576341548983e-01	   4.7652949317290749e-01	   2.3933651094667607e-01	  -2.6027557842481265e-02	  -1.3488970910283718e-01	
   5.7025592581618190e-01	  -5.6115227636569467e-02	   8.9502638640660193e-01	   5.3361237355876223e-01	   2.6735397396056015e-01	   2.6141912031712805e-01	   0.0000000000000000e+00	   3.0027682155117219e-01	   2.8396348014678041e-01	   1.6321524792801384e-01	   1.9542104107117267e-01	  -2.5994836309826075e-01	   3.4508032150920465e-01	  -1.8156828490261537e-01	   9.4562331798675153e-02	   1.3193793931747275e-01	   1.4923060524583368e-01	   2.0201912613035558e-03	   2.5833021320353439e-01	   1.4788389240132349e-01	   4.3331570948492215e-01	   2.3367201493424497e-01	   7.2028075634143562e-01	   5.9366036676525347e-01	   5.2588904930889768e-01	   4.5298888856478342e-01	   4.2762395416340304e-01	   5.2563226186174916e-01	   2.3502005960191197e-01	   2.8415828870957324e-02	   1.7914896335244784e-01	   1.2412606172616689e-01	   1.4014778493057745e-01	   8.7117465257342763e-02	   5.9152469478546710e-01	   5.7855674655313438e-01	   5.0142664517694413e-01	   2.0616894816376063e-01	   3.0133388637469083e-01	   2.3138479193057704e-01	   2.6721943620380073e-01	   2.0370490633071778e-01	   6.3374007952489309e-01	   5.2077817900422063e-01	   5.1207209860886926e-01	   3.7277988399679829e-01	   4.7141600033063952e-01	   4.9192531948479090e-01	   3.9182722530899433e-01	   9.6948585132835441e-02	   5.5984418209844611e-01	   4.2441396629197747e-01	   4.2319424878246992e-01	   7.4775230695010819e-01	   2.9253227764207657e-01	   4.5608978775737719e-01	   4.0246122541452301e-01	  -1.1844882224224423e-01	   1.4858532588579365e-01	  -9.2802494234385982e-02	   3.2999451776442018e-01	  -6.2134268025829290e-02	   8.9593336896934286e-02	  -3.3179074875102643e-01	   3.7215496815733623e-01	   7.8155545354849677e-03	   3.5703432822494552e-01	   3.1946434293739084e-01	   2.8779644145836580e-01	   2.5059062001610266e-01	   1.9453350470241271e-01	   2.0561788693464725e-01	   5.5835921949088478e-02	  -1.1399428308637100e-01	  -7.4934025039521401e-02	  -1.1182670409067011e-01	   3.6013178879401531e-01	   2.1941035755819630e-01	   7.6052152426559591e-02	   3.0101033237592612e-01	   1.9038851913075361e-01	   9.3755160481466412e-02	   2.9934276711534302e-01	   2.8607751319805478e-02	   3.2292651902580144e-01	   4.7087241356114706e-01	   2.6608603611430807e-02	   9.4395042134254092e-02	   5.2896052367175220e-02	   5.8500177547215626e-01	   3.3122570720918854e-01	   3.6400109650475515e-01	   4.2232563756018149e-01	   7.1106414892600933e-01	   1.4991996684009148e-01	   1.7404478632713843e-01	   2.9674677977641428e-01	   9.5805289048624523e-02	   4.0534787513424697e-01	   1.8030519687304503e-01	  -6.0004119631137748e-02	   6.3312281519584279e-01	  -4.7325959018443345e-02	   2.7622624519895572e-01	   1.6251903789585903e-01	   2.5305024938753296e-01	  -3.1610271253123712e-02	  -1.6715064134399698e-02	  -2.0246969623976228e-02	  -2.0002128577753198e-01	   2.6379727106642903e-01	   2.7461335244673829e-01	   5.7391696684154869e-01	   4.9881996051464528e-01	   2.8529920259417813e-01	   1.3617617464471568e-01	
   5.1933588195656744e-01	   8.3097760683635513e-01	   4.3540844053814115e-01	   8.2226559123266207e-01	   4.7616893858021897e-01	   4.9644603795896358e-01	   3.0027682155117219e-01	   0.0000000000000000e+00	   5.4893749658439384e-01	   3.8795008614620430e-01	   6.2269940723646744e-01	   6.7200465118759012e-01	   6.1177257179245226e-01	   6.6586152809047261e-01	   7.5644339383114767e-01	   5.3359366793994278e-01	   3.4949105018870730e-01	   5.4253551419983481e-01	   8.2387901447445233e-01	   8.1162369687201319e-01	   3.5212247240284389e-01	   4.4479246272286171e-01	   5.4840410723110578e-01	   6.6246565644117106e-01	   4.5927025657602893e-01	   4.8630037452436359e-01	   2.9519889077584544e-01	   3.7398353254377592e-01	   4.7172677376396360e-01	   6.6849589188501668e-01	   4.3048981364626304e-01	   4.3735887567459353e-01	   6.6599751513902139e-01	   6.6411979121367271e-01	   3.8710755178943385e-01	   4.4605341862687514e-01	   5.4642702744642591e-01	   6.1205622235477275e-01	   7.4136566610818933e-01	   6.3720772382348911e-01	   6.4652401558487815e-01	   6.4187449143401565e-01	   6.4736882374331051e-01	   6.4553692818289288e-01	   6.3642848054037893e-01	   7.5988087842542951e-01	   7.5821909409631816e-01	   6.9879916182681945e-01	   8.7156509702078089e-01	   7.5035734424771638e-01	   6.6845667363386485e-01	   4.8828266602716541e-01	   5.9962460585231114e-01	   5.4041745378423833e-01	   7.9552024833645529e-01	   6.9370936700274055e-01	   5.8094555206897780e-01	   7.3418574208863752e-01	   5.9114247337867443e-01	   6.8351847067217997e-01	   5.3618473465567285e-01	   4.4261260623768628e-01	   2.9639804156125449e-01	   3.8968525776329732e-01	   4.0762815970026578e-01	   4.8561776487014174e-01	   7.1292219968299420e-01	   7.1203911243268181e-01	   8.3780062615707629e-01	   7.7666599783578594e-01	   4.2944196633466525e-01	   5.4683446054323515e-01	   5.6425072515634744e-01	   5.3627276085299813e-01	   6.3353108219505105e-01	   5.3713853495851149e-01	   7.9773561033764384e-01	   7.4949421634616376e-01	   5.8898605887989608e-01	   4.9369005066534466e-01	   6.5155421600622820e-01	   8.0156676882907418e-01	   8.2688280678471371e-01	   7.7910638498934781e-01	   7.0811992575436533e-01	   5.6380338463556801e-01	   7.5446674242868728e-01	   6.4813767671736700e-01	   7.7465249598813712e-01	   4.1582841489032585e-01	   7.8534313351080043e-01	   6.2848606699914122e-01	   7.2361219412521449e-01	   3.8872304595389973e-01	   1.7300694564642696e-01	   5.2103815720751889e-01	   6.4993759399585471e-01	   5.1883078683127648e-01	   7.5295605013618083e-01	   6.5487431567031207e-01	   7.4672413833102869e-01	   3.1150722474379594e-01	   7.5175171849828493e-01	   6.4166516015075836e-01	   6.6519353100590772e-01	   4.1087265516429511e-01	   5.9079118399860753e-01	   4.9690859836267520e-01	  -4.9506809631260251e-02	  -1.4037651773178306e-01	   6.1731416566048913e-01	   6.2156040149706104e-01	   7.0299892414387777e-01	   6.0755639229998271e-01	   2.4013221346978394e-01	   1.1593535926430135e-01	
   4.6739268322055655e-01	   4.1653083986866368e-01	   2.5524117656580336e-01	   3.9610955708428086e-01	   8.8427349568583558e-01	   7.6169694649196518e-01	   2.8396348014678041e-01	   5.4893749658439384e-01	   0.0000000000000000e+00	   4.8637967875040400e-01	   5.8561920167467485e-01	   3.9822167259376579e-01	   6.2542692432962044e-01	   4.3869507062165192e-01	   7.6025689448728417e-01	   5.1482260085749143e-01	   2.1540694769766577e-01	   3.0967762483485312e-01	   5.5382351254006124e-01	   5.6395430301950067e-01	   6.6590079130277091e-01	   7.3562739421004786e-01	   4.1632766988063136e-01	   3.8290970436795208e-01	   6.5233435762405612e-01	   6.5888264138928565e-01	   7.1487659408465332e-01	   7.4132233071001519e-01	   5.9358936051557276e-01	   6.3532633692767704e-01	   7.5569108026390697e-01	   7.8390417689685743e-01	   5.5081686394194374e-01	   5.5437409188864661e-01	   1.9750024052010484e-01	   2.7097636404593234e-01	   3.8212440852438401e-01	   2.5777449587335421e-01	   4.4505903187412543e-01	   3.5387309135932687e-01	   6.0126140269885153e-01	   4.5336441446368830e-01	   3.1512378961150100e-01	   2.5958342062384360e-01	   3.2052936061219051e-01	   4.1198659728419257e-01	   2.8049200318088446e-01	   3.2306719688007690e-01	   4.1853038734974135e-01	   5.5372285283322975e-01	   2.5401840430397654e-01	   4.2626559766540828e-01	   1.3279790559433485e-01	   3.1124210667767505e-01	   2.7533353124282128e-01	   2.9667775533958551e-01	   4.9264304138084625e-01	   3.0093567960003742e-01	   5.3013398506550291e-01	   5.5237077456753181e-01	   5.8289572552124769e-01	   4.0377974251405796e-01	   2.7235404656618245e-01	   1.7199630209052574e-01	   2.8856484193741472e-01	   3.6438346574928110e-01	   4.5988577411912235e-01	   4.8547304410830650e-01	   4.7553815438198377e-01	   4.1622117061665531e-01	   6.6109996609819299e-01	   6.3874351353075176e-01	   6.5247055479661675e-01	   6.3108488206773306e-01	   5.8161700429781293e-01	   5.7107938941126613e-01	   5.0222912188019964e-01	   4.1747678078577005e-01	   3.9810001637556591e-01	   4.6167880479419082e-01	   4.7102191466957388e-01	   5.0722597041616257e-01	   5.7935403439952571e-01	   5.2961166560679152e-01	   3.2313542744095025e-01	   3.6099940702382971e-01	   5.4830507859483335e-01	   3.1646046191968152e-01	   3.1289328603828576e-01	   3.4724277180550156e-01	   4.7172345380223379e-01	   4.8778492864438361e-01	   4.0847175643569011e-01	   3.1087523545158641e-01	   7.0262674737504915e-02	   2.4639350434601898e-01	   2.4378923430849181e-01	   2.5778876076356516e-01	   3.2109122096741105e-01	   4.0829357046681175e-01	   3.7893567127078093e-01	   2.5367834110413634e-01	   4.4281399840048197e-01	   4.6384982433473859e-01	   4.4517432148426556e-01	   3.6478117246795450e-01	   2.4512594238161936e-01	   4.2463147850134536e-01	  -1.9633887388211352e-01	  -2.3743332745596973e-01	   2.3875321997907828e-01	   2.9567698758128835e-01	   4.2654875382898788e-01	   3.3999138235782028e-01	   2.0383288434764024e-01	   9.2121360256775947e-02	
   3.9476537325072669e-01	   2.8431841239220423e-01	   3.6509741336836188e-03	   2.2022855289257209e-01	   4.7741703422241999e-01	   8.2122882611043613e-01	   1.6321524792801384e-01	   3.8795008614620430e-01	   4.8637967875040400e-01	   0.0000000000000000e+00	   3.2414654052794262e-01	   5.2866398575980356e-01	   4.2192203677537410e-01	   6.7577578455685727e-01	   3.7837192870776670e-01	   9.2634367812575602e-01	  -1.9809200287025394e-01	   2.6157780829995747e-01	   3.4118395527774503e-01	   3.8443208256682182e-01	   1.5568980435253330e-01	   3.6520041873495535e-01	   1.6212680452816589e-01	   2.8083507241051375e-01	   2.8711478324131512e-01	   4.2341463554132464e-01	   2.0339577617760260e-01	   3.8458489361789222e-01	  -4.4633268146548305e-02	   3.4108158905315711e-01	   2.2972749515229091e-01	   3.2398145690264346e-01	   2.6102575644876491e-01	   2.7870049533405172e-01	   4.1564257446182373e-01	   5.5312440998450174e-01	   1.2345759488311869e-01	   3.3132632787296423e-01	   1.6927337907949555e-01	   3.9923126254032459e-01	   2.8028522459927452e-01	   2.5572370992946347e-01	   9.1452755915779019e-02	   2.0276232362646279e-01	   2.4698139701269931e-01	   5.7111979028190030e-01	   1.7866009650257447e-01	   4.8164975530092202e-01	   3.5271706720655355e-01	   6.7971907745794891e-01	  -3.8545844716080718e-02	   1.0676840601304037e-01	  -2.2149022165811205e-01	   4.3351043878305040e-01	   2.0396995798712611e-03	   5.4615848541372070e-01	   6.1343830523572307e-01	   3.0518449312853108e-01	   8.3723904744398914e-01	   7.0746580079861809e-01	   8.0926537107784469e-01	   5.9882919762765652e-01	   4.2225179368110288e-01	   2.6048495925056631e-01	   3.4301511344402291e-01	   5.5529764533864956e-01	   5.7647789615185119e-01	   6.0911515387403936e-01	   5.0975133167902664e-01	   5.5178577006995622e-01	   3.7319814697213921e-01	   4.7088522610658679e-01	   2.1813380970871138e-01	   4.8227197058460602e-01	   4.1449279783269155e-01	   5.7502622240284396e-01	   4.0205281458236797e-01	   4.7061369219914906e-01	  -2.6014163072204294e-02	   4.4123889203747951e-01	   1.0545092786618183e-02	   4.0774983370810047e-01	   2.5659190164271656e-01	   3.6503088704575964e-01	  -3.3229398371166466e-02	   6.3709619867656930e-01	   4.7703138995527605e-01	   5.9708153770566874e-01	  -7.2371158653100495e-02	   7.7599946177307966e-01	   6.0463367181586247e-01	   7.5320342062094670e-01	   4.2633972966125999e-01	   5.8560238987861846e-01	   3.2028101372353712e-01	   5.9714462479537300e-01	   3.9935032650493202e-01	   6.5694487181946681e-01	   3.9139760412131375e-01	   8.0964810895822248e-01	   2.9147074664155848e-01	   6.0178251814690620e-01	   5.3031820971201149e-01	   8.2541483696186724e-01	   1.8134578174539079e-01	   2.2519488850076447e-01	   1.2473754631620393e-01	   5.1135487249774469e-01	   7.6179397557415318e-02	   6.8885860175876168e-02	   3.9838409313333067e-01	   6.2817714876790121e-01	   4.9967173648503482e-01	   2.6050084374886961e-01	  -2.1030275324508077e-01	  -2.4745730969552721e-01	
   5.2393290383713709e-01	   5.9088721282681211e-01	   1.3141268444040557e-01	   3.3284760188234014e-01	   4.6246395920342354e-01	   3.5888935189294335e-01	   1.9542104107117267e-01	   6.2269940723646744e-01	   5.8561920167467485e-01	   3.2414654052794262e-01	   0.0000000000000000e+00	   6.1238813673498815e-01	   6.7931493229533446e-01	   5.6700499012706929e-01	   5.9888328934001545e-01	   3.4949499440955678e-01	   5.5337979899877565e-01	   6.0411998457423643e-01	   6.4632705489705544e-01	   6.9663804609609037e-01	   3.5242747215218539e-01	   4.5975415421535948e-01	   2.1795817035325951e-01	   2.3225463907553592e-01	   1.9683830760901103e-01	   2.0497430616238924e-01	   2.6687258421510429e-01	   2.7608550676146265e-01	   6.5382905312862249e-01	   6.8035372255861792e-01	   5.0661875208789331e-01	   5.5305030727642457e-01	   6.5546858377362183e-01	   6.8320094718918833e-01	   8.6976094858233877e-02	   2.1441201117506059e-01	   2.8174315846456566e-01	   2.4579872505750397e-01	   3.9210458266763676e-01	   2.9838505263245885e-01	   5.0627166241123156e-01	   3.1842241015133582e-01	   3.4923759279053945e-01	   4.4385669922735776e-01	   3.6012109113329127e-01	   4.8771694056837472e-01	   4.0763646140356002e-01	   3.6503642249358881e-01	   4.9165382785001055e-01	   4.7836144460576180e-01	   4.2136665832170839e-01	   5.0307815239185116e-01	   2.8094843453104695e-01	   3.3061959675605013e-01	   4.0064008889894015e-01	   3.9702842268133265e-01	   5.8235916585213710e-01	   5.7546076683225178e-01	   4.3630984262199501e-01	   4.5825895677326012e-01	   6.0517909665072533e-01	   5.3964390231120474e-01	   6.0946422090121999e-01	   6.0957469840175182e-01	   2.0596595693127057e-01	   3.4131520059894782e-01	   4.4553534293800501e-01	   4.6003938580226877e-01	   5.4437193058463895e-01	   4.5404412983232434e-01	   5.9695931831390192e-01	   4.7029096895415257e-01	   8.1943637979702677e-01	   7.1721232505968313e-01	   7.9284498326757735e-01	   6.9534692795747466e-01	   6.6456764950649028e-01	   5.9794208480545885e-01	   6.0780002469445982e-01	   5.9976503627566491e-01	   6.7984943695202982e-01	   6.5837164341387711e-01	   5.4814339158036041e-01	   5.7001054580010657e-01	   4.3193112362381725e-01	   3.0696539136610368e-01	   4.6444161080994478e-01	   2.1690537911567898e-01	   3.5919499002055083e-01	   2.3155845524257643e-01	   3.7515685579823882e-01	   3.8353503438810693e-01	   2.9727549962276717e-01	   1.6035034712710214e-01	   3.0806283589974570e-01	   3.6257397732130398e-01	   4.7953571085398289e-01	   3.3015438631106903e-01	   4.0983869736445450e-01	   4.0095599876962479e-01	   3.7474163961505091e-01	   1.0500615130606580e-01	   4.5928009479768700e-01	   3.3089891688270784e-01	   2.6068345979108531e-01	   1.5886773358791084e-02	   3.2537025510383560e-01	   3.3699714486916199e-01	  -4.0200540853215012e-02	  -4.3303080748938523e-02	   2.1229452962708839e-01	   2.9828814394787001e-01	   3.8183661913319933e-01	   3.4865863267656427e-01	   1.0110664523443365e-01	   7.7122061046543955e-02	
   2.3266744110674065e-01	   7.3275084634465659e-01	  -2.0493602312602566e-01	   2.9934044290696382e-01	   3.9160387834496557e-01	   5.2521007929096708e-01	  -2.5994836309826075e-01	   6.7200465118759012e-01	   3.9822167259376579e-01	   5.2866398575980356e-01	   6.1238813673498815e-01	   0.0000000000000000e+00	   5.5150537142460121e-01	   9.5705131978153624e-01	   6.6574105726441368e-01	   6.7025969469566715e-01	   2.4140480047062524e-01	   6.6738603511936712e-01	   6.6849998000777688e-01	   7.5235596530579252e-01	   1.5229524304476116e-01	   4.4095363606246013e-01	   2.9595820810078603e-02	   2.1718304333458066e-01	   1.2077315068182604e-01	   2.4242425557979774e-01	   5.3566817495684954e-02	   9.5779347426078854e-02	   3.5893481286046308e-01	   7.7574033742177106e-01	   4.7189817348576085e-01	   5.4107546014580665e-01	   6.5621508839118525e-01	   7.0284445315673305e-01	   8.0005118014702697e-02	   2.2609846094995367e-01	   1.2480331458866387e-01	   4.1588638374624481e-01	   4.4502587227767876e-01	   5.0989786302424722e-01	   4.7095996234535664e-01	   4.5732055123910431e-01	   1.8371750375864193e-01	   3.2292534874055262e-01	   3.2449657542110089e-01	   5.5639743032240097e-01	   3.4520886736073775e-01	   4.1440442908615238e-01	   5.1482455064638399e-01	   6.9570739951450622e-01	   1.0399083951335922e-01	   1.9807824549218978e-01	   1.5538035568789212e-02	   1.1703521872378378e-01	   3.5405479817300639e-01	   4.7877158539696152e-01	   4.4352896238201361e-01	   7.3204589313014146e-01	   6.1289327955038497e-01	   7.4843331931393853e-01	   5.4273236016843807e-01	   6.4020024456618096e-01	   4.4757506581709394e-01	   7.4984610712444633e-01	   1.6355723843835218e-01	   5.6923732048238884e-01	   5.4717170894747769e-01	   5.7567246459723309e-01	   6.0328847027589216e-01	   5.4715802104093014e-01	   4.8767002571874951e-01	   5.7284094400080687e-01	   6.5114285471056588e-01	   8.0613317479780466e-01	   8.3021161152067902e-01	   8.2926884457285888e-01	   6.0008937530073458e-01	   6.5967383696261450e-01	   5.2356265562170690e-01	   5.3557852498805836e-01	   4.6647177023815045e-01	   7.9684156574896092e-01	   5.5423842869112949e-01	   7.7069735923014648e-01	   2.9124548418203988e-01	   3.9499309570763530e-01	   6.9308949456501789e-01	   5.7128938762014703e-01	   3.9908673971812514e-01	   2.5952691581966036e-01	   4.7977741758140369e-01	   4.9978672479223363e-01	   2.7751572667614532e-01	   7.7702671960543281e-03	   2.8817805485657350e-01	   5.7487116122340087e-01	   4.9848994118032364e-01	   6.3175878578562061e-01	   3.7121827559875531e-01	   6.5418278067140234e-01	   5.1406692117231811e-01	   3.2078487162692793e-02	   6.7413238275889276e-01	   5.5401940725636267e-01	   3.5632622960386851e-01	   8.7430325161912251e-02	   4.3451217833265815e-01	   5.6073551733109683e-01	   7.2576562838624917e-02	   7.3508072243324910e-02	   4.6099747748579251e-01	   5.3244580769590111e-01	   3.5057554912735217e-01	   2.3671791400073955e-01	  -1.4092666501771431e-01	  -1.3471547422303970e-01	
   5.6323992609140305e-01	   5.1634770481849845e-01	   3.7621656587920194e-01	   4.8501480895656079e-01	   5.2890501993677796e-01	   4.8377213351320197e-01	   3.4508032150920465e-01	   6.1177257179245226e-01	   6.2542692432962044e-01	   4.2192203677537410e-01	   6.7931493229533446e-01	   5.5150537142460121e-01	   0.0000000000000000e+00	   5.3818949193610222e-01	   7.5435012040931082e-01	   5.6593766707695736e-01	   2.9235961836715241e-01	   4.3950055379743569e-01	   6.9421519303458767e-01	   7.3156042049094849e-01	   4.3593973903754785e-01	   5.8175525893256286e-01	   4.8823770968968838e-01	   4.6671151491756430e-01	   3.4937589812777692e-01	   3.8978990878396413e-01	   3.6870376863306165e-01	   4.4042244001924130e-01	   5.5011757413731199e-01	   6.0268219084032360e-01	   5.3954628791997139e-01	   5.6498219049185905e-01	   4.6534866867860902e-01	   4.5143875677889755e-01	   2.5415111276432090e-01	   3.1224641039307055e-01	   3.7080897719229333e-01	   3.2991970082471223e-01	   5.5722659599980862e-01	   4.8482876910307326e-01	   3.7847774965880415e-01	   3.7913792194986484e-01	   5.0856695269586438e-01	   5.2138831099289218e-01	   3.9726825869388077e-01	   5.3154075880434015e-01	   4.3502439071518051e-01	   4.6878982725468110e-01	   5.0351720228593300e-01	   5.0111759132654321e-01	   3.8822635363531344e-01	   5.4109683534696129e-01	   2.6290740436241844e-01	   4.9250232287077783e-01	   4.2188172819285108e-01	   5.4836279394437004e-01	   4.5431817884001824e-01	   3.8527705796904316e-01	   4.6077127517462235e-01	   4.2929283922273986e-01	   4.7659940613376683e-01	   3.2404111198951202e-01	   1.2041434817480742e-01	   1.3775323103923690e-01	   2.3529772037031429e-01	   2.3915534813520650e-01	   4.3244745924439898e-01	   3.9130005777667110e-01	   5.7468198179113228e-01	   4.7478305795136372e-01	   6.5096409817929990e-01	   5.8811401905439320e-01	   6.4957692309675741e-01	   6.3739026802197629e-01	   6.7866684364077701e-01	   7.0505658887044698e-01	   6.6434424513851331e-01	   5.5194428094201808e-01	   4.9967601866017775e-01	   4.9866822226642277e-01	   4.3368167839217153e-01	   5.1437966189882167e-01	   5.6942821166650437e-01	   5.6375004986072619e-01	   3.8070720687873161e-01	   3.8493010345912237e-01	   4.9098649587151338e-01	   2.9357861913867661e-01	   3.1248973828402421e-01	   3.7839551426421603e-01	   4.7465492473083593e-01	   5.5436022579812283e-01	   3.4871126485667203e-01	   3.7808948112010587e-01	   3.4381594071929911e-01	   4.8786323984804669e-01	   5.2143217305735656e-01	   4.4735375609110084e-01	   4.2375703359127176e-01	   4.7002100871330893e-01	   3.0982551559423149e-01	   2.9735360907703057e-01	   4.4920587932318667e-01	   3.9882824148870316e-01	   3.7534515676504565e-01	   1.8264712740294831e-01	   2.8367974385586520e-01	   3.9295115712286643e-01	   7.5040246319855966e-02	  -2.0948820469655759e-02	   4.1624645371338270e-01	   4.9640104710543193e-01	   5.3841830905634991e-01	   4.2958806693916041e-01	   9.6002901129463664e-02	   5.4357969024573578e-02	
