   0.0000000000000000e+00	   6.6525028639649952e-01	   5.7763732076088070e-01	   5.7598588642798687e-01	   6.6646226350504600e-01	   6.3456981882909325e-01	   7.3599008031808477e-01	   7.3174442667623729e-01	   6.5139755457884108e-01	   6.1344517603093218e-01	   7.8953166926001705e-01	   6.9630179292803995e-01	   6.8797615530941303e-01	   6.7753075686121089e-01	   6.8739846656295178e-01	   7.4006915624281611e-01	   6.9053050056423526e-01	   5.4011073469342175e-01	   7.0361231271466096e-01	   6.1109925087309191e-01	   6.2254276127934005e-01	   5.3003993032513785e-01	   4.9001952173406810e-01	   5.2310812518579575e-01	   3.1594848789181540e-01	   3.1143612035343360e-01	   5.6614191132641678e-01	   4.8605436809430630e-01	   7.6713620076482614e-01	   6.6707503998712925e-01	   5.0358402111430400e-01	   5.5357192121981647e-01	   6.2209279317904054e-01	   6.7012986279621312e-01	   4.9309788289422646e-02	  -2.1057693354512165e-02	   2.5660694042306192e-01	   1.9121666293889217e-01	   4.2791044416543883e-01	   4.1858505442612365e-01	   6.7512158023063207e-01	   7.4429961203178485e-01	   6.5410360124404021e-01	   5.3688452995846703e-01	   7.6330514715186748e-01	   8.1531158603790654e-01	   6.6011352306897098e-01	   5.3984872539004614e-01	   7.0763584226388532e-01	   6.7498732716954291e-01	   6.2899308292703093e-01	   6.0228934427685799e-01	   5.7763465693775784e-01	   4.8850018873032192e-01	   7.0558230751928863e-01	   6.0064690274935439e-01	   8.2169892128575628e-01	   7.1790144330879846e-01	   7.0924993162129524e-01	   6.6584501992852685e-01	   5.8718842803772819e-01	   4.5212970135768932e-01	   7.2943352101520564e-01	   6.9326871370496201e-01	   4.3831627799097460e-02	   2.5971684789754512e-01	   5.1454999519435440e-01	   5.3400128760121968e-01	   5.5173504319276667e-01	   4.7133502159097129e-01	   5.7258414244136224e-01	   4.5714689169845912e-01	   7.4499101029336035e-01	   6.8256683453332445e-01	   7.1702851608637219e-01	   7.4032672671980349e-01	   2.3208609778444170e-01	   2.2513039083677740e-02	   6.1419408894820371e-01	   5.0752908593690338e-01	   7.1051795968868359e-01	   5.2673765829691899e-01	   7.9208955650853996e-01	   7.7439072133887965e-01	   3.9597857163745920e-01	   5.0645002313383558e-01	   4.0476049301895101e-01	   3.0686936450839519e-01	   6.0810875219462857e-01	   6.2188147643360903e-01	   5.4607991231306063e-01	   4.3876548375652757e-01	   4.0707491805015716e-01	   3.5200274793351727e-01	   1.6572689546262548e-01	   2.3837526638746326e-01	   3.6924601389832507e-01	   3.9824144726918981e-01	   7.0890966733955341e-01	   5.9319522930240709e-01	   4.9838657987311741e-01	   2.5144315251627086e-01	   5.3515745757419697e-01	   3.6041273134209018e-01	   2.8655190492498983e-01	   2.9036847077960443e-01	   4.5114423847136931e-01	   4.8598199895349703e-01	   1.4987266283636344e-01	   1.4622148819528882e-01	   2.7645369905827172e-01	   4.2974376395945818e-01	   4.2191785842576834e-01	   4.5207284249337437e-01	   3.5405909912133204e-01	   5.3205865052810879e-02	
   6.6525028639649952e-01	   0.0000000000000000e+00	   2.4271644357356204e-01	   7.6611662838271433e-01	   3.1821678558024535e-01	   4.1142634495196323e-01	   3.1404476194349856e-01	   5.8076045492215633e-01	   3.5860758160662948e-01	   4.6068968590012471e-01	   4.4304760445950830e-01	   5.1528695367416211e-01	   3.9173842592090163e-01	   5.1284097256029004e-01	   4.8067899842771522e-01	   5.2028813682282338e-01	   3.8172502093332239e-01	   3.6595285644717285e-01	   8.4199836948768714e-01	   9.0593561171022985e-01	   3.2197409366949098e-01	   3.9026726012570667e-01	   2.0533302541380094e-01	   2.7012486264138796e-01	   8.3120342346092502e-02	   1.3742295684189065e-01	   3.7686730235835897e-01	   3.5626294179390533e-01	   4.9562529860225152e-01	   5.6833716853744087e-01	   1.8213952786891910e-01	   2.3903735611437954e-01	   5.3166174474074435e-01	   5.6360652620132168e-01	  -7.8741074090870639e-02	  -7.5998501818377015e-02	   3.4093812722551697e-01	   3.5960431170343704e-01	   3.4795415150527720e-01	   4.4572377028682886e-01	   4.3033458304518168e-01	   4.9579985653374131e-01	   3.6614490293986396e-01	   2.7669876342289085e-01	   3.2320097495022987e-01	   4.8607287624736700e-01	   4.2691514422093463e-01	   4.2459273350261900e-01	   4.0056479255033073e-01	   4.4218742227154206e-01	   3.8438692497640076e-01	   3.5664803163137682e-01	   4.7118886283307093e-01	   4.3356102663762214e-01	   4.6276432057727224e-01	   5.8085823351254995e-01	   5.7342560957506827e-01	   8.6587493524969172e-01	   4.3571358494335655e-01	   5.8069242335214710e-01	   3.4538583860432537e-01	   6.2048913230278835e-01	   3.7870837340441399e-01	   6.4919452225057195e-01	  -2.9157614024686709e-02	   2.2573062015991260e-01	   2.8876883165972556e-01	   4.2113546190826118e-01	   8.6169641017061416e-01	   8.8665444790073478e-01	   3.2790944807874089e-01	   3.4047056581569385e-01	   5.1572726610066078e-01	   6.2078182235489632e-01	   5.8547440543176843e-01	   6.0823022476013255e-01	   2.3650344386378305e-01	   7.7784457415048719e-02	   2.8958822973235454e-01	   3.4609362659015575e-01	   3.6729131495191591e-01	   2.8155434074963093e-01	   4.6442727028570674e-01	   4.7217612583394986e-01	   2.7159356610713364e-01	   3.2140958159807942e-01	   2.7913401817742528e-01	   2.5355235259085801e-01	   4.5232858717721020e-01	   5.1995187735013537e-01	   3.2878611859907886e-01	   2.1513601755775674e-01	   3.2565404940929821e-01	   2.3728537553880238e-01	   3.3785948168705204e-01	   3.7217080769199645e-01	   4.9751846931458876e-01	   5.1644614872813244e-01	   4.9368266525167642e-01	   5.3028073336257653e-01	   4.2761229273615353e-01	   2.7307541426494419e-01	   4.8745954240413492e-01	   3.9445036917207971e-01	   3.6280970731394602e-01	   3.4299392474031953e-01	   3.0589380389730642e-01	   3.6985976255369113e-01	   3.3967715981008895e-01	   4.4198604048324686e-01	   4.5722795885231687e-01	   5.3091717635369029e-01	   4.7834624874047860e-01	   4.7106650082858226e-01	   3.6902713801120202e-01	   2.2185306194949400e-01	
   5.7763732076088070e-01	   2.4271644357356204e-01	   0.0000000000000000e+00	   5.9590400261460319e-01	   6.7632248209074053e-01	   6.7313800302412496e-01	   8.1241967302573215e-01	   6.8278221553210350e-01	   6.4742853198468342e-01	   4.9646011995116646e-01	   4.8275767854328555e-01	   3.1563455661628881e-01	   4.6725324005334246e-01	   4.5031758887466589e-01	   7.8334515136985705e-01	   6.0348172434251102e-01	   4.2363686555222346e-01	   2.8048615604112076e-01	   4.5021064252938070e-01	   1.5674516928476656e-01	   7.2218699904175176e-01	   6.0290353406054842e-01	   9.3706271049695378e-01	   8.8151833973519966e-01	   7.3973983812046584e-01	   7.2208549248770715e-01	   7.3540942915981278e-01	   6.0385763178917740e-01	   4.9824220821371273e-01	   3.4382224300231617e-01	   8.2315107201931270e-01	   8.0499445482083398e-01	   7.2788888028169307e-01	   7.4048195486600221e-01	   6.0210318736886859e-01	   3.4312273160019968e-01	   2.2283518168304248e-01	   1.0458819233618905e-01	   4.4852429013402634e-01	   3.9459316522222365e-01	   5.5145747481233265e-01	   5.5792748060506114e-01	   4.8179405005739806e-01	   4.1699092010152472e-01	   5.1723793706621790e-01	   4.8889131240555178e-01	   4.7556750581231688e-01	   3.3379427631207392e-01	   3.5541280937659064e-01	   3.2455500869083737e-01	   3.2216310092770595e-01	   3.8740991940635028e-01	   2.7156314723516273e-01	   2.7742141949908194e-01	   5.5256843570810532e-01	   3.6929913436817458e-01	   5.6505329054826481e-01	   3.0810655732318049e-01	   4.7039345757663775e-01	   4.0684092762664631e-01	   4.9156612639063946e-01	   3.5479057128043867e-01	   5.6889653617096791e-01	   3.2679483478605298e-01	   6.7710679329751478e-01	   6.4622532444712966e-01	   7.6976427854386609e-01	   6.8623995819766770e-01	   1.6479967764139092e-01	   9.4431768929064838e-02	   6.0697504134651858e-01	   4.9970592506483735e-01	   4.8104493413518845e-01	   3.4914620110765204e-01	   3.9184660434202417e-01	   4.0194435129008022e-01	   2.3205490501299364e-01	   5.7701156328633915e-02	   5.3898114446975198e-01	   3.9615278333118142e-01	   6.7120351709953829e-01	   5.4482153275115863e-01	   7.8265965224618739e-01	   6.0239964215697084e-01	   7.6008722273022888e-01	   6.7104446422653818e-01	   5.4913593941717187e-01	   3.1319600226148636e-01	   7.1296489569472077e-01	   5.7015072198184114e-01	   5.3519858977721735e-01	   4.5473826954206520e-01	   4.8020230740608005e-01	   3.8114162578021116e-01	   1.7798060682084732e-01	   1.9922875807568849e-01	   2.7468247637076837e-01	   2.3418581940718544e-01	   4.7789918132653081e-01	   4.5716183516561265e-01	   3.3341642923782466e-01	   2.1469170259914358e-01	   2.7469823391975878e-01	   9.4962870654139275e-02	   1.5270185600215982e-01	   9.7060837913203440e-02	   3.9366842056074314e-01	   3.0893739859968272e-01	   6.0261317742394557e-02	  -1.9314671544945247e-02	   7.8941625421157985e-02	   2.9335357390354067e-01	   3.4217057041808019e-01	   2.3762776263551183e-01	   1.2583521988436808e-01	  -3.7892129592323173e-02	
   5.7598588642798687e-01	   7.6611662838271433e-01	   5.9590400261460319e-01	   0.0000000000000000e+00	   4.4978921932153004e-01	   5.7736672648481868e-01	   4.8755913279045920e-01	   7.7934283194951504e-01	   4.1159217944486703e-01	   5.5347317879721691e-01	   4.1209756775220302e-01	   4.4645665543070517e-01	   4.0910420334605280e-01	   5.8906901244786591e-01	   6.7096206984248075e-01	   6.7257556719202460e-01	   3.0182496125230429e-01	   1.8640594039370795e-01	   7.6758461553940105e-01	   7.3334179944042022e-01	   4.8769946995141766e-01	   5.0458901293356995e-01	   5.6183134316258831e-01	   6.7817283139385887e-01	   4.0101208752586237e-01	   4.7237591870162615e-01	   5.2958022478875666e-01	   4.9196794975191660e-01	   4.3971719591506808e-01	   4.4455999153717757e-01	   4.2376691525303611e-01	   4.9147313734141074e-01	   6.3759017710348287e-01	   6.6778438544955232e-01	   2.3102237791300134e-01	   1.0374718566163918e-01	   3.2404248809499031e-01	   2.7498205229770589e-01	   4.1627096820930221e-01	   4.6367482092020584e-01	   4.6599951708755716e-01	   5.0458283452671771e-01	   3.0868665950905583e-01	   2.3581094881912326e-01	   2.8711726908207902e-01	   3.8489613082645480e-01	   4.0279979521427567e-01	   3.3655820708840445e-01	   2.8323591904867118e-01	   3.0081274708272970e-01	   2.7767332562798225e-01	   3.0513195869108600e-01	   3.3541877558879718e-01	   3.1302260003694810e-01	   4.9592520860729417e-01	   4.9791879299636521e-01	   5.1918165321656395e-01	   6.1515911977042748e-01	   3.7192913982641507e-01	   4.9044215325730972e-01	   3.4174476701232492e-01	   6.5548626674589983e-01	   3.9770599561527087e-01	   5.1147517994405645e-01	   4.0655984005638585e-01	   5.7166626693728761e-01	   5.1694283654305195e-01	   6.1328853052123455e-01	   6.8527106937384119e-01	   6.9291647523639344e-01	   4.6764414114901115e-01	   4.7169786312914619e-01	   4.0243031250596550e-01	   4.1324955939838043e-01	   4.6027936496083999e-01	   4.7166633738482328e-01	   1.6480523579365047e-01	   1.8774949676242089e-02	   3.0107598334853719e-01	   2.6033829058987445e-01	   4.9066715212138035e-01	   3.9918167135067539e-01	   5.9763626974117290e-01	   5.6352145511673157e-01	   5.7062255079546687e-01	   5.5791353181259540e-01	   4.4950919000790868e-01	   3.3185359027856293e-01	   6.0674282519808642e-01	   5.7261193390213139e-01	   4.4314106904022743e-01	   2.7396956206109674e-01	   5.3817666232758021e-01	   3.0446537486367858e-01	   2.7619967919557054e-01	   3.2387942516392343e-01	   4.5099421519641880e-01	   4.1585511446501566e-01	   4.4804825854326397e-01	   4.9541283695972793e-01	   4.9064214063817002e-01	   2.7404565340703085e-01	   4.2211884203947081e-01	   2.4524324478949039e-01	   2.8815748966634736e-01	   2.1121104816925587e-01	   2.8006159848566753e-01	   3.0553766677995270e-01	   2.2558068233693165e-01	   2.6864048976940808e-01	   3.1794398950920721e-01	   4.4173775860929748e-01	   4.5604394354619304e-01	   3.8028681878432169e-01	   2.7939682817328093e-01	   1.3959219918133789e-01	
   6.6646226350504600e-01	   3.1821678558024535e-01	   6.7632248209074053e-01	   4.4978921932153004e-01	   0.0000000000000000e+00	   8.5917459118827677e-01	   8.0044416375877858e-01	   7.1062418790637261e-01	   8.0487970297583877e-01	   7.3672830233488962e-01	   5.8646769943273269e-01	   5.2770937460592293e-01	   6.8243360566325406e-01	   5.8931059493030147e-01	   6.5696219941573331e-01	   6.1298979958187927e-01	   5.7351921840049003e-01	   3.8745324820770427e-01	   3.6537626633011216e-01	   2.1546004769282898e-01	   6.1882794950971420e-01	   5.2917661530615634e-01	   5.7575753649255368e-01	   5.4651325396865735e-01	   5.8521035667828469e-01	   5.2258423252617203e-01	   7.5922504106260325e-01	   5.7634548486483883e-01	   5.3431152426023931e-01	   4.7348717330173706e-01	   6.1850410984189719e-01	   6.3257758531477037e-01	   6.2216790781515174e-01	   6.1269161204744094e-01	   2.9850091398735357e-01	   1.3000960026251260e-01	   5.3586514200399213e-02	  -7.8997882821177645e-02	   3.5201709892241589e-01	   2.2855267797287437e-01	   4.3995482363189503e-01	   5.9060684727881840e-01	   4.7310444943701557e-01	   3.5553675203400270e-01	   6.4545912755600077e-01	   5.8693707335015932e-01	   4.8988288533432722e-01	   3.0036217070228488e-01	   5.4986378934459978e-01	   4.6380730638709677e-01	   5.1568376401136751e-01	   5.1584283471474979e-01	   3.9580138147933674e-01	   2.7404080357080385e-01	   6.1435373194347054e-01	   3.3486108233237960e-01	   6.5938900532418776e-01	   4.6974201570524976e-01	   7.0970075749742878e-01	   5.7872740095831587e-01	   6.6928762597229952e-01	   2.8627950121664059e-01	   7.1585769099637275e-01	   5.8140385150083684e-01	   3.1274965595655957e-01	   3.4908503235294380e-01	   6.7366878680287390e-01	   5.9848577123273594e-01	   2.2782105757761645e-01	   1.7869236041196621e-01	   5.6272493003651625e-01	   4.3209340504899263e-01	   5.0043906512287495e-01	   4.1536836051663162e-01	   4.3956287640275449e-01	   5.1855254483764668e-01	   7.6727521448681668e-02	  -1.1580369897779179e-01	   5.8878309904622617e-01	   4.3140760209805529e-01	   6.5883119477946783e-01	   4.9026582159639182e-01	   6.3062916231649024e-01	   6.8141838303278468e-01	   4.3626365829627545e-01	   4.5075543547672198e-01	   3.1144932423046434e-01	   1.5019100566463969e-01	   5.1848941212245925e-01	   5.1812265791318923e-01	   5.2434142563808850e-01	   4.8446358197147621e-01	   4.4171908887458133e-01	   3.6719448804255972e-01	  -1.6060583565934480e-02	  -3.6917042984975043e-02	   1.8625968624102474e-01	   1.3448143011793770e-01	   5.7128200502612714e-01	   4.1250165510684433e-01	   4.3156069158805699e-01	   1.8552536668744618e-01	   4.3016639649210753e-01	   1.8864811901238304e-01	   1.2039393662639236e-01	   8.4475056280957944e-02	   4.3043551218586407e-01	   4.7498593406359790e-01	  -3.3053357566779629e-02	  -9.4944952168776825e-02	   1.7575043041252247e-01	   2.2635368674572598e-01	   3.0655901273346808e-01	   2.2856967750795723e-01	   1.2724215977589312e-01	  -1.9915388928806343e-01	
   6.3456981882909325e-01	   4.1142634495196323e-01	   6.7313800302412496e-01	   5.7736672648481868e-01	   8.5917459118827677e-01	   0.0000000000000000e+00	   6.6867454090248035e-01	   6.8513642706686417e-01	   6.6261391486024268e-01	   7.8199949125882084e-01	   3.8559728820648592e-01	   4.7876255722981831e-01	   5.1423171512521582e-01	   5.6506283948144087e-01	   6.5020967112812567e-01	   6.5311620935769743e-01	   4.9363547099797656e-01	   3.6128775367881449e-01	   4.9870479753021685e-01	   3.0903764074716544e-01	   6.7105072669181043e-01	   6.8943559203723048e-01	   6.2153984471691048e-01	   6.3755422786780669e-01	   7.0156284456979223e-01	   6.9248886557657952e-01	   8.5215227108042635e-01	   8.1949054631351437e-01	   4.5308039375888742e-01	   4.7166319882767782e-01	   6.1807906593097628e-01	   6.2936737988369251e-01	   6.3822623811076451e-01	   6.5837690572164254e-01	   3.3313730377192208e-01	   2.1622683714706986e-01	   2.4538381318221014e-01	   1.1978255400499097e-01	   4.5963616689065662e-01	   4.0145153619909574e-01	   4.9414240257484909e-01	   6.2059248604348238e-01	   3.8993465265275562e-01	   3.0431413904757143e-01	   5.2261491343609634e-01	   5.2816998761847256e-01	   4.9207532082653865e-01	   3.3602356886791745e-01	   5.1439571299410680e-01	   4.9584264829425684e-01	   5.2947517046386294e-01	   5.6844160421807777e-01	   4.2088795983734717e-01	   3.4577069874950123e-01	   6.3671452676782336e-01	   4.5794953605045596e-01	   6.4977541463036137e-01	   5.4697330395164756e-01	   6.3776361416319816e-01	   6.8394969983076181e-01	   5.1289420561110644e-01	   4.4068849451344871e-01	   5.6734075093586522e-01	   5.4708471777831424e-01	   4.2823653551774077e-01	   5.6899510024969757e-01	   6.9217754452801938e-01	   7.2605057170837239e-01	   3.7497181285331227e-01	   3.3255294616038611e-01	   6.0537930453865307e-01	   4.7562171400715259e-01	   4.3822388671662182e-01	   4.3175445217229236e-01	   3.9605718284970282e-01	   5.3340532735873025e-01	   9.1015868108972775e-02	  -2.0473966991686795e-03	   5.2354795075846516e-01	   4.3143690818267777e-01	   6.0734834982443164e-01	   5.0515034472347553e-01	   6.5682245730899280e-01	   6.7268610793793848e-01	   5.1012720765919239e-01	   5.9319625723486280e-01	   4.3056449481803039e-01	   3.3622769237206862e-01	   6.0447350398264199e-01	   6.7408080593398145e-01	   6.5274947402726924e-01	   6.1083268103168953e-01	   5.9015806664621961e-01	   4.5933736722492063e-01	   1.8582866372577436e-01	   1.4510532346119179e-01	   3.6672570898939111e-01	   2.8749065678647356e-01	   6.2498021852003494e-01	   5.2706853535107301e-01	   5.5410620991375081e-01	   3.0865720415908426e-01	   5.3755619906304775e-01	   3.4432219529772123e-01	   3.1313503260645420e-01	   2.7136101190301826e-01	   5.2928275575311701e-01	   5.6936099284519393e-01	   1.7017961589409986e-01	   1.1158612404434801e-01	   3.2295720187718591e-01	   3.6435420427143572e-01	   4.5318706676807641e-01	   3.3276987367745875e-01	   2.3814874874970546e-01	  -7.2347094690056624e-02	
   7.3599008031808477e-01	   3.1404476194349856e-01	   8.1241967302573215e-01	   4.8755913279045920e-01	   8.0044416375877858e-01	   6.6867454090248035e-01	   0.0000000000000000e+00	   8.4805304707402762e-01	   7.9385394993684888e-01	   6.1110977670964639e-01	   7.2981217202951043e-01	   6.0632776993113868e-01	   7.7952801457484133e-01	   6.7253059670077353e-01	   7.2910860403128530e-01	   6.8321302511455440e-01	   7.2288922405976197e-01	   5.1536776337234813e-01	   4.0374864225592466e-01	   2.3389905002643238e-01	   6.4316205079134836e-01	   4.9165114620668449e-01	   6.6493389660890656e-01	   6.4068254023081939e-01	   4.2476777155831169e-01	   4.0575111320012835e-01	   5.6078397083528131e-01	   4.2162817393906127e-01	   7.4093474742230803e-01	   6.0787551191015488e-01	   7.5811594508400537e-01	   7.7492652030724618e-01	   7.1644318001850560e-01	   7.2602996834321198e-01	   3.0710675577613195e-01	   5.5660190007903697e-02	   1.9680934076372925e-01	   4.1257226568683351e-02	   4.6059353327564723e-01	   3.6054703891758200e-01	   5.9747897844882170e-01	   7.1605587881273014e-01	   5.8901926091647616e-01	   4.7559504764550836e-01	   6.9988992910071035e-01	   6.3636746050826276e-01	   5.6313809091739664e-01	   3.7033747496984248e-01	   5.2300763467055567e-01	   4.5206267761766844e-01	   4.9084411044603271e-01	   4.7242149679523215e-01	   4.5316811136962315e-01	   3.1240048250468583e-01	   6.4487305362369185e-01	   3.9155237190958769e-01	   7.6294865971868797e-01	   4.7741628556291493e-01	   6.9596526313214557e-01	   5.3006522687456870e-01	   7.6773942180429466e-01	   3.4060133744069554e-01	   8.3510516764842979e-01	   6.1308285597711620e-01	   3.3286811043848152e-01	   3.6742433816510828e-01	   6.8144460967062925e-01	   5.9113030091370589e-01	   1.7606026137676803e-01	   1.4917695311358306e-01	   6.4919956319063066e-01	   5.1351202952941444e-01	   6.9553784348753434e-01	   5.3565041612496367e-01	   5.6665144443354210e-01	   5.9359928233378356e-01	   1.0591144568534910e-01	  -9.5194240887246012e-02	   7.2598379584460115e-01	   5.3290777604993134e-01	   7.9121541147213126e-01	   6.3101657877063411e-01	   7.2311756514838943e-01	   7.8861200406286991e-01	   5.2817820189598552e-01	   5.3489265299813837e-01	   3.3254054896666640e-01	   1.3103422934140030e-01	   6.2831968784889292e-01	   5.8061425762566632e-01	   6.2537779673898375e-01	   5.3182460352673966e-01	   5.2235914579279974e-01	   4.2443725701721613e-01	   9.6584183979203125e-02	   1.2093828204729852e-01	   2.7055188367479971e-01	   2.0635512942496165e-01	   6.4779862926367282e-01	   4.9670234631621490e-01	   5.0110780335753802e-01	   2.6064583116669165e-01	   4.7799945543916167e-01	   2.2940650253880956e-01	   1.7839044141981386e-01	   1.2934212084093019e-01	   4.7254700122830445e-01	   4.4071027879646779e-01	   2.6509556733452181e-03	  -6.5603679236964960e-02	   1.5743854554377221e-01	   3.1612154819818339e-01	   3.6110089220258573e-01	   3.3060641156106690e-01	   1.9959107144722060e-01	  -4.3066107332118464e-02	
   7.3174442667623729e-01	   5.8076045492215633e-01	   6.8278221553210350e-01	   7.7934283194951504e-01	   7.1062418790637261e-01	   6.8513642706686417e-01	   8.4805304707402762e-01	   0.0000000000000000e+00	   6.7903208324510111e-01	   7.1320403022985435e-01	   6.7887322307101661e-01	   7.1259962663923626e-01	   7.3959294403401277e-01	   8.3310943191865627e-01	   7.5924071305487706e-01	   8.2834480778788999e-01	   6.4963490198023366e-01	   4.4069681929614923e-01	   5.7507487162421500e-01	   4.9911192380937408e-01	   5.4923924110424949e-01	   4.8947341486453411e-01	   5.7164021060853432e-01	   6.7419334745640347e-01	   3.1891552081888708e-01	   3.6119871501674328e-01	   5.0002288940011264e-01	   4.2455171105881384e-01	   7.0533145058749736e-01	   6.6345709989643042e-01	   5.8033280701176804e-01	   6.5964032988103383e-01	   6.8276284644507323e-01	   7.3227977190315074e-01	   2.0256323506367566e-01	   1.7181730400051665e-02	   2.8686845932064464e-01	   1.3779365011276740e-01	   4.6937290726879421e-01	   4.1726315404379261e-01	   5.8389611883836467e-01	   7.3812626856979546e-01	   4.4647747483887146e-01	   3.4406817017978353e-01	   5.3040975639790533e-01	   5.3285478220220905e-01	   5.0364343252764621e-01	   3.4046529876650111e-01	   4.6056511829935010e-01	   4.1754906013721643e-01	   4.6222141889263391e-01	   4.4429261661208774e-01	   5.0488871783720402e-01	   3.4101523848679993e-01	   6.2829867701067865e-01	   4.6559722494836986e-01	   7.4963808728143433e-01	   6.2305010212194833e-01	   5.8512657042273664e-01	   5.7559825011173582e-01	   6.5992182044956338e-01	   5.7743788846584831e-01	   7.4668040365502308e-01	   7.2837060786600671e-01	   3.1827776316368911e-01	   4.7605405450946048e-01	   5.6542814878349545e-01	   6.0013053694815000e-01	   4.2370414694319569e-01	   4.3644375086085718e-01	   6.3670927055005810e-01	   5.7621784581871571e-01	   6.2187216507198462e-01	   5.5350770016296447e-01	   5.6546552032427599e-01	   5.9829438988287820e-01	   7.4644871955790684e-02	  -1.1611929935376769e-01	   6.1713270651280072e-01	   4.6501056120359929e-01	   7.3347200634866638e-01	   6.1115266632915566e-01	   7.0165728477545009e-01	   8.3976426724063380e-01	   5.4832788176946101e-01	   6.2069830246743973e-01	   4.1340240716578336e-01	   2.5940978046481356e-01	   6.2795501881664151e-01	   6.4717899966639214e-01	   6.3834756019937600e-01	   4.5466459057645559e-01	   6.5532176241063789e-01	   3.9506538567699501e-01	   1.1553069874573263e-01	   1.5042401213341897e-01	   3.6771316642491658e-01	   2.8534801863454623e-01	   6.4805734937669879e-01	   5.1708549180450603e-01	   6.3849987460169277e-01	   2.8197663531093964e-01	   5.5886095168699468e-01	   2.6245664713265737e-01	   2.2866138805639835e-01	   1.4797190269553789e-01	   4.3020717535651887e-01	   4.0426804955506912e-01	   2.2597330442539372e-02	   5.3608786698825552e-02	   2.8112979960554818e-01	   3.8279566712526103e-01	   4.0885095665691468e-01	   3.9758643690805712e-01	   2.5380857792554129e-01	   1.3673331943677210e-02	
   6.5139755457884108e-01	   3.5860758160662948e-01	   6.4742853198468342e-01	   4.1159217944486703e-01	   8.0487970297583877e-01	   6.6261391486024268e-01	   7.9385394993684888e-01	   6.7903208324510111e-01	   0.0000000000000000e+00	   7.9363477046443498e-01	   6.8809358097803397e-01	   6.4596659479732454e-01	   8.4034037179064947e-01	   6.8238976408642360e-01	   7.7488628818649197e-01	   7.1844998076283773e-01	   5.0788447627677691e-01	   4.0574165693828756e-01	   3.6486427943612598e-01	   2.8317135349649986e-01	   5.1875401722445746e-01	   3.7724955228297385e-01	   5.7275081412182494e-01	   5.1041286825878007e-01	   3.2574934924414661e-01	   3.2015135180478616e-01	   6.0158093459762907e-01	   3.9927683352926335e-01	   5.3015557380926226e-01	   4.8777828242420818e-01	   5.2657497851514612e-01	   5.3486135603383844e-01	   4.6007143188412464e-01	   4.8957125644933874e-01	   1.3780434679728004e-01	   1.8798333295696391e-02	   8.1394256580967245e-02	   9.1722039101414261e-03	   3.6249279836693410e-01	   2.7762040156661416e-01	   4.7460369431705496e-01	   5.6253770335164810e-01	   4.4751580213910336e-01	   3.5510495101682743e-01	   5.9820029512083650e-01	   5.9532893498320050e-01	   4.7527585600154354e-01	   3.6191348037241822e-01	   6.1534272406322754e-01	   5.4791131130122506e-01	   5.4462566929718847e-01	   5.1158786770581710e-01	   5.7185609469113441e-01	   5.1634795947133660e-01	   5.8647202398304610e-01	   3.9591618572815845e-01	   5.4861368463969096e-01	   4.3429868704416724e-01	   7.0221238287452792e-01	   5.4311314287594259e-01	   8.3406053930160629e-01	   5.0977267230030732e-01	   6.7896284624998215e-01	   6.0285908728892212e-01	   2.0737279944395615e-01	   3.0689108934178322e-01	   4.5319005248054700e-01	   3.5165039638731604e-01	   2.2771448048547333e-01	   1.4655465890314667e-01	   5.0590372883331725e-01	   4.0196388080710604e-01	   5.0823406626033574e-01	   4.5376974800156933e-01	   4.4958324455137155e-01	   4.9292942887074237e-01	   1.7159246132477660e-01	  -1.8478506176319027e-03	   5.0551354625420819e-01	   3.9217477653037464e-01	   5.5910107450310320e-01	   4.1463711543400417e-01	   6.2611312445570377e-01	   6.8172612935779098e-01	   4.6968821238103098e-01	   4.3724244034547893e-01	   2.4131377410423424e-01	   5.7123987527385560e-02	   5.8274981937835213e-01	   5.8601059864699678e-01	   5.3916239972199809e-01	   4.7037101163334055e-01	   4.4714857620499243e-01	   3.6654464292913091e-01	   3.6583294571329403e-02	   3.9869763482448153e-02	   1.9805017881114689e-01	   1.8514801961525906e-01	   5.7904253003463069e-01	   4.6884310452597439e-01	   4.0878808826256241e-01	   1.8095504425696643e-01	   3.9409069881644210e-01	   1.6155505082935470e-01	   1.1485900047719898e-01	   9.6753253821196566e-02	   4.2575379592883239e-01	   4.4319566808761801e-01	   5.4552049708868483e-02	  -6.7679831749307667e-02	   1.0988154280397444e-01	   2.7612182222757836e-01	   3.7740591398020368e-01	   2.6311763387464676e-01	   1.7575023270352774e-01	  -9.2522563352959178e-02	
   6.1344517603093218e-01	   4.6068968590012471e-01	   4.9646011995116646e-01	   5.5347317879721691e-01	   7.3672830233488962e-01	   7.8199949125882084e-01	   6.1110977670964639e-01	   7.1320403022985435e-01	   7.9363477046443498e-01	   0.0000000000000000e+00	   5.9064973921654618e-01	   6.6828337525506254e-01	   7.5162188825013398e-01	   7.4518059331695252e-01	   7.6851893918452840e-01	   8.1051177882803349e-01	   4.4281569480010935e-01	   3.2169472968075014e-01	   3.8128185379783092e-01	   3.4003013707283869e-01	   4.7941601658203947e-01	   4.3655016387740136e-01	   4.7393731972456155e-01	   5.0586129290595261e-01	   3.0892464434620087e-01	   3.1962851560708616e-01	   6.3432789574502579e-01	   4.8125062561545140e-01	   4.0528883275909411e-01	   4.0894682421481798e-01	   2.8403071026942545e-01	   3.1935381671990515e-01	   3.8566250089492204e-01	   4.3198152869366013e-01	   1.1455006754159025e-01	   6.3693476817688402e-02	   1.6941952266139559e-01	   6.3657731300505865e-02	   4.3942473733942994e-01	   3.0760654302377305e-01	   5.1612885353799565e-01	   6.0084607941386081e-01	   2.4525875224501570e-01	   1.7765250835114135e-01	   4.3157636223233942e-01	   4.5573683405519183e-01	   3.9797410412853573e-01	   2.9560818914191156e-01	   5.9735514502399567e-01	   5.7911214981364023e-01	   6.0378833092968776e-01	   6.0363561118847131e-01	   6.0594951850382406e-01	   5.1127157433112813e-01	   6.3055251847403304e-01	   4.1857613089498868e-01	   5.7538953581908270e-01	   5.3248343393136133e-01	   6.5332647496595020e-01	   6.8988486508782032e-01	   6.7856624415938294e-01	   6.1851646181116249e-01	   5.1904214008064242e-01	   6.0329575934653867e-01	   2.9891316091891745e-01	   5.1166692629685451e-01	   4.3893488166846595e-01	   4.5417421799573832e-01	   3.1981790032263224e-01	   2.7335679798775292e-01	   4.8870523865294840e-01	   4.1566386033948804e-01	   3.6288258623487735e-01	   3.6804775420850167e-01	   3.3276702447673612e-01	   4.1869069541811654e-01	   6.5382760176952145e-02	  -4.8054225362383206e-02	   4.3480092872828680e-01	   3.2520295183456860e-01	   5.1621612940132899e-01	   4.1251682174890159e-01	   6.1125392543937529e-01	   7.2824731861220948e-01	   5.2279361864910157e-01	   5.7042135852135156e-01	   3.7529977442775359e-01	   3.3944189647460749e-01	   6.3941931246601880e-01	   6.9277701828795835e-01	   6.7192145684651361e-01	   5.5346788868381769e-01	   6.7833370597430154e-01	   4.5889445950659163e-01	   1.3708561525501900e-02	  -2.3082129240458132e-02	   2.7129288222912729e-01	   1.7356918116033498e-01	   6.3131651470110639e-01	   4.7870737030343469e-01	   6.1895844721994520e-01	   2.8440753379072531e-01	   5.6208254110805467e-01	   2.7413505855368131e-01	   2.5974700647030557e-01	   1.8078915227950354e-01	   4.4380116783641738e-01	   5.0084789651416828e-01	   7.8489603838588884e-02	  -1.1982712500392369e-02	   2.4232923419230099e-01	   2.7447706400596861e-01	   4.4857789594423741e-01	   3.6170622749008435e-01	   2.8046126151539641e-01	  -7.1099491999272221e-02	
   7.8953166926001705e-01	   4.4304760445950830e-01	   4.8275767854328555e-01	   4.1209756775220302e-01	   5.8646769943273269e-01	   3.8559728820648592e-01	   7.2981217202951043e-01	   6.7887322307101661e-01	   6.8809358097803397e-01	   5.9064973921654618e-01	   0.0000000000000000e+00	   7.1439400801712061e-01	   8.4314493171635307e-01	   7.1901930874997755e-01	   7.2125504050611100e-01	   7.0189448489901296e-01	   6.5810033897917575e-01	   4.6754585643119989e-01	   3.7375706063165526e-01	   3.6633867770965334e-01	   5.1223817707035701e-01	   3.2603801384186837e-01	   4.4201144081165128e-01	   4.3661728515928000e-01	   1.0178843902196832e-01	   6.8468453536433174e-02	   3.5184738337558108e-01	   1.5730495214002885e-01	   7.0724887418543858e-01	   5.3568080597819046e-01	   3.5752634167059250e-01	   3.9840580775876300e-01	   4.3697452082051635e-01	   4.5157601196260877e-01	   9.3554273928174086e-02	  -5.4215222746619211e-02	   1.0640573955134036e-01	   9.4646163779772662e-03	   3.3259805771243672e-01	   2.2322857903656323e-01	   6.1612100429471361e-01	   6.3014234368828204e-01	   5.2167580276008108e-01	   4.0809683310935985e-01	   6.0295990837795010e-01	   5.7795892400354010e-01	   5.0470382611928954e-01	   3.6887507853311774e-01	   5.9414811908784293e-01	   4.9172083361814567e-01	   5.3236414682050148e-01	   4.6606019489585238e-01	   5.8253154504967597e-01	   4.3235597491553579e-01	   5.9396486633617263e-01	   3.7771118130232129e-01	   6.4604776389462515e-01	   4.7862615603007325e-01	   6.1766995354434018e-01	   4.7541364139124909e-01	   7.1538852639979000e-01	   3.6167144609067897e-01	   7.5400574048254909e-01	   5.9865177953629767e-01	   7.0985564458240696e-02	   1.3384578644453909e-01	   3.7589857141960648e-01	   2.8366912621473694e-01	   2.6736611711505937e-01	   2.4766616215365389e-01	   5.2197226161246779e-01	   4.2262303283522484e-01	   6.8414751908183657e-01	   5.3800358550646332e-01	   6.4015435638294982e-01	   5.8999693118224306e-01	   1.8128101108732303e-01	  -4.5768793899173585e-02	   5.7261271168796513e-01	   4.1818970311641157e-01	   7.0995945899360235e-01	   4.8677119918074596e-01	   6.9615344165272752e-01	   7.4237480389820376e-01	   4.5048914545164631e-01	   4.1253468644079211e-01	   3.7536229602943683e-01	   2.0308887407841103e-01	   5.6153449862555638e-01	   4.7488031545453319e-01	   4.5233496712401083e-01	   2.8653023982523707e-01	   3.4877491534779781e-01	   2.4188996163952586e-01	   3.5477270993649279e-02	   6.3036434153953907e-02	   1.6252667366822013e-01	   1.5220730926843515e-01	   5.7545636271156830e-01	   3.8746848028640590e-01	   3.5569079715953766e-01	   8.9104269516925752e-02	   3.5122601901571288e-01	   9.8518811481631843e-02	   2.7039038935560811e-02	   8.8020991969539105e-03	   2.4786313558013900e-01	   2.5553463056699349e-01	   8.7005408970796142e-04	  -7.0647296959798558e-02	   8.9139958423408494e-02	   2.4314750913851430e-01	   2.8446107313360963e-01	   2.8301561074961418e-01	   2.1377976912389385e-01	  -5.6524978636587279e-02	
   6.9630179292803995e-01	   5.1528695367416211e-01	   3.1563455661628881e-01	   4.4645665543070517e-01	   5.2770937460592293e-01	   4.7876255722981831e-01	   6.0632776993113868e-01	   7.1259962663923626e-01	   6.4596659479732454e-01	   6.6828337525506254e-01	   7.1439400801712061e-01	   0.0000000000000000e+00	   7.5707789118571900e-01	   9.0582751877652212e-01	   5.6542724927657562e-01	   7.9497249332360431e-01	   6.1445398630813086e-01	   5.8708065231777473e-01	   4.4692791575455426e-01	   4.8572893229095748e-01	   3.4263906441523678e-01	   2.8865607752305966e-01	   2.4861875995771429e-01	   3.4641127671010180e-01	  -4.9510046013538422e-02	   3.6527205321388610e-02	   2.5596425300686831e-01	   2.2143234679330495e-01	   6.5307778608894096e-01	   7.4638893996894884e-01	   2.5481604975714989e-01	   3.3986954189695096e-01	   2.8380300780478263e-01	   3.4660861140244004e-01	  -1.5471320606930816e-01	  -1.3137833314048694e-01	   2.6389269146098343e-01	   2.3243066050307323e-01	   2.9332036393542860e-01	   3.8514904037259373e-01	   4.7476507376866561e-01	   6.5489378707498846e-01	   4.8137936787605606e-01	   4.6427936823251070e-01	   5.4655402188143154e-01	   5.8877635479214330e-01	   5.4592139491088010e-01	   5.2137229509812077e-01	   6.2594400271775230e-01	   5.6682304481884616e-01	   5.5686294096444056e-01	   5.4522299361992188e-01	   5.2943431001362962e-01	   5.1812143313181203e-01	   5.4700379188869142e-01	   5.6970896828567286e-01	   5.6691167960183397e-01	   5.5149262904368646e-01	   5.8539476212687502e-01	   5.8151161449612099e-01	   6.1092663555385884e-01	   5.5036008544562531e-01	   6.6489371875444225e-01	   7.5648048492925213e-01	  -1.1261224134064055e-01	   1.5226078440828222e-01	   1.9931273193406518e-01	   2.5511167226966980e-01	   3.9040818247424525e-01	   3.4124472030940900e-01	   5.6739955821036236e-01	   5.3534715670754429e-01	   6.1834748771365833e-01	   6.4423890422104302e-01	   6.2336510487679453e-01	   6.3235874085517196e-01	   2.8659028176114254e-01	   1.9332964710454914e-01	   5.1497546318504861e-01	   4.8876503439670105e-01	   5.5788056104597616e-01	   5.4406701023300119e-01	   4.7980856407882111e-01	   7.4256002184434911e-01	   2.7388086739907652e-01	   5.5107848157785455e-01	   1.8089779817787538e-01	   1.6833312661748426e-01	   3.6324261229691335e-01	   5.7131386771739168e-01	   5.2674706402558691e-01	   3.5264274264163664e-01	   4.8712768318639244e-01	   3.1062779853577660e-01	   1.6418214078211196e-01	   2.4435955816219612e-01	   3.6793390040871338e-01	   4.1418862205933005e-01	   6.5950163764238046e-01	   5.3273798547879680e-01	   5.7914204423873505e-01	   2.0234470615670441e-01	   5.2702122591549516e-01	   2.9223978137437212e-01	   2.1633094951887194e-01	   2.4747472163074452e-01	   3.4580910154583111e-01	   4.0201336152735956e-01	   1.2317159452574586e-01	   1.9031420961294235e-01	   3.1604804515511903e-01	   4.0663956928261097e-01	   4.1722960524751396e-01	   4.2416698557471388e-01	   3.5123581835072015e-01	   1.5908512788380688e-01	
   6.8797615530941303e-01	   3.9173842592090163e-01	   4.6725324005334246e-01	   4.0910420334605280e-01	   6.8243360566325406e-01	   5.1423171512521582e-01	   7.7952801457484133e-01	   7.3959294403401277e-01	   8.4034037179064947e-01	   7.5162188825013398e-01	   8.4314493171635307e-01	   7.5707789118571900e-01	   0.0000000000000000e+00	   7.9715812680482712e-01	   7.0043211203391731e-01	   7.3879353003534365e-01	   5.9175429031734139e-01	   4.1988239498435048e-01	   2.9995307259465270e-01	   3.3011079625607226e-01	   4.7856981992607972e-01	   3.3292351111799484e-01	   3.6668294944861929e-01	   3.6652530346549489e-01	   7.5049010147315146e-02	   1.0202334744767158e-01	   3.6235843692777869e-01	   1.8817759681232529e-01	   5.9723973779261541e-01	   5.3783091618706014e-01	   3.4525979737631107e-01	   3.9533487007552598e-01	   3.8904467075737348e-01	   4.1073822035461227e-01	  -5.2208353453651775e-03	  -1.2419133110005784e-01	   1.2868913633449994e-01	   2.7469188700880120e-02	   3.5403897724116201e-01	   2.4882546762832142e-01	   5.5911471923812139e-01	   6.4567377199673770e-01	   3.9429601284130666e-01	   2.8504138700927983e-01	   5.7067794125931093e-01	   5.5706730574460950e-01	   4.4877261524789913e-01	   3.0472770776477986e-01	   6.2507518324158118e-01	   5.4672533570856685e-01	   5.7596769475454546e-01	   5.1308308348578646e-01	   6.0052734675949315e-01	   4.3759330218479803e-01	   5.9573996454243916e-01	   3.9810923659514796e-01	   5.8844951279119262e-01	   4.4647199051522002e-01	   7.2938827038260434e-01	   5.3503543664411368e-01	   8.8778299467605859e-01	   4.9934623597761041e-01	   7.1680866694039935e-01	   6.3054131180204265e-01	   6.2967203553894763e-02	   1.9572668874050847e-01	   3.5292269519480501e-01	   2.6602411967428408e-01	   2.1377969073579559e-01	   1.7262491445681077e-01	   5.4665233448672901e-01	   4.4626287015433369e-01	   6.2708196202157329e-01	   5.3191508936689824e-01	   5.6118564663040704e-01	   5.4853443999279772e-01	   8.5676088431226496e-02	  -1.1413955407023402e-01	   5.1056072159887966e-01	   3.7366852903622355e-01	   5.9213621206632894e-01	   4.2633084561279089e-01	   5.4767444401847909e-01	   7.3502280936454134e-01	   3.6508561855250377e-01	   3.6721716238295571e-01	   2.0842573531323172e-01	   6.9237392370932252e-02	   5.2103102124768896e-01	   5.3814432329901707e-01	   5.5282308990851659e-01	   4.1195299309624767e-01	   4.7261369304279410e-01	   3.2616254394544025e-01	   1.6842717947546958e-02	   3.5778648718557682e-02	   2.1389467242047619e-01	   1.8001202956014506e-01	   6.2728769057734624e-01	   4.6445661789029402e-01	   4.7152698822289379e-01	   1.7737949640392758e-01	   4.5165464930368238e-01	   1.6001464924880221e-01	   8.8950676060081002e-02	   4.1204901994798232e-02	   3.4013536389852445e-01	   3.8213844785283513e-01	   3.6496320390288529e-02	  -7.6136908067377551e-02	   1.5074346548187548e-01	   2.6699270502769812e-01	   3.8717010047913242e-01	   3.1397567409803961e-01	   2.2653910258870902e-01	  -4.9823583772857040e-02	
