   0.0000000000000000e+00	   7.8462540546289450e-01	   4.0551299018778242e-01	   1.4922801199100394e-01	   4.1063754496937721e-01	   1.8076479792053932e-01	   5.6157495307807981e-01	   3.2297445984822665e-01	   4.6271466794154570e-01	   1.4972568098094380e-01	   8.0795279825007515e-01	   6.4139374144929528e-01	   6.2810793025865574e-01	   5.0276160018133753e-01	   5.2890348188676128e-01	   3.4105650277469768e-01	   6.5086524686011282e-01	   5.8950082516528268e-01	   7.4109386479104322e-01	   6.8376647566089233e-01	   3.4116038611270599e-01	   9.2847692637799489e-02	   1.4856519699570023e-01	   3.3472514460067555e-02	   8.8501395036168107e-02	  -2.4227176111460847e-02	   4.1804696499567834e-01	   2.9066835438600280e-01	   6.0682078108031579e-01	   5.7190453168985067e-01	   9.1879370401720187e-03	  -3.6508259174401841e-02	   7.1551464501088591e-01	   5.1350766351743071e-01	  -3.3900479266104178e-02	  -9.2388464381646038e-02	   4.1896145581097599e-01	   2.9309608475557769e-01	   3.2383627402810988e-01	   2.7908254080821715e-01	   5.2369136041029674e-01	   4.5184257080183132e-01	   4.2519200632222198e-01	   2.7715130356648748e-01	   3.9829832027987450e-01	   3.5899128923501455e-01	   5.0787119980133233e-01	   3.8373919682432800e-01	   4.8428313669743828e-01	   3.0034675482093259e-01	   4.1954759596555868e-01	   2.6346407160634605e-01	   4.0418225300160349e-01	   3.4770959001843904e-01	   4.9807950893720299e-01	   4.6479447510453231e-01	   7.8771796021261098e-01	   7.5961969779909433e-01	   5.5231033646781069e-01	   3.3904123976864614e-01	   5.7081599996008558e-01	   2.9535291849340928e-01	   6.5865437380664527e-01	   5.5976443225903660e-01	   1.8800364199202835e-01	  -1.0496552411155513e-02	   3.6584486396978222e-01	   1.4302830730368765e-01	   7.3772115871234512e-01	   4.8982984373932270e-01	   4.4362737035140082e-01	   3.9825032435320795e-01	   7.0518072015069377e-01	   6.0884169465570670e-01	   7.5438400662664173e-01	   5.4651094074815598e-01	   5.3760079114674009e-01	   3.7998951579012197e-01	   4.6438732399358573e-01	   4.3142520182890670e-01	   6.1310825196992924e-01	   6.4912799475191041e-01	   5.3320099244686292e-01	   2.5463777761055356e-01	   6.2888548116472054e-01	   4.6252001617060201e-01	   2.7858672447693400e-01	   1.5868012967588196e-01	   3.7908706539800241e-01	   5.0057343628164597e-01	   2.2376933040947794e-01	   3.5633127201443238e-01	   2.2361050824972881e-01	   4.7764409710033440e-01	   2.2764098875334249e-01	   1.9811031851279096e-01	   3.7822841874044633e-01	   4.1743753661613336e-01	   5.4636386804364068e-01	   6.1742911206745332e-01	   3.2631342432269361e-01	   5.2730263937141686e-01	   5.0628214362280410e-01	   4.4731723776287091e-01	   2.1330608721247829e-01	   2.1319184566639965e-01	   3.8071643972136343e-01	   3.4988224609715279e-01	   1.9177212959112538e-01	   3.0554033373334183e-01	   3.2714057792190687e-01	   4.9259627138103734e-01	   4.8973462449747451e-01	   4.3928481560933252e-01	   3.3248779963829217e-01	   1.8992359712959814e-01	
   7.8462540546289450e-01	   0.0000000000000000e+00	   4.4433788898154541e-01	   3.4737285007328156e-01	   4.0516095241803673e-01	   2.5684570285998137e-01	   4.4720779618198636e-01	   3.4023888023685661e-01	   4.7865147150373283e-01	   2.5777744536630320e-01	   5.5251660711282147e-01	   6.2566294572869963e-01	   3.6542686366822075e-01	   4.3387570254168839e-01	   5.5929097153921470e-01	   4.8229064015717693e-01	   6.8184013541980226e-01	   7.0672085543391150e-01	   7.5598571587608276e-01	   7.6988816959515605e-01	   2.6043723227705057e-01	   2.1016930602964223e-01	   3.4879530457923319e-01	   2.7960094942315922e-01	   2.6696427612344531e-01	   1.4192731603381470e-01	   4.0493625482935602e-01	   2.9862078481811161e-01	   5.2229803746152004e-01	   6.4523923577723252e-01	   1.1095195725174173e-01	   1.1467665543605496e-01	   6.3955577402500363e-01	   5.5189492687340891e-01	   1.0724805686930244e-01	   3.9896684884955957e-02	   3.2065885190784138e-01	   3.8699091697191912e-01	   2.1475755268446733e-01	   3.3480453870427523e-01	   3.9641334189622046e-01	   5.0440093344137238e-01	   4.8836410646085687e-01	   3.7629687823537034e-01	   3.4723331671928698e-01	   3.9571902698834227e-01	   4.6223723495203078e-01	   4.4247573772033261e-01	   4.4368420538567827e-01	   3.8840573909340304e-01	   4.4031785275484514e-01	   3.7290859561820089e-01	   4.6413894668706818e-01	   4.9320333687641654e-01	   3.6833696477257277e-01	   4.4474756755461387e-01	   7.0377307048549365e-01	   8.5732676976202893e-01	   3.0159114619825944e-01	   3.0616248094045256e-01	   3.7868706396666768e-01	   3.4745260472786488e-01	   5.0000306585635756e-01	   5.0811955512986806e-01	   2.7514574931185948e-01	   1.4205663096624752e-01	   2.2764590352690703e-01	   1.0129091497847992e-01	   6.9556305147276520e-01	   4.4758124520941361e-01	   4.7097420251887578e-01	   4.9715712030497888e-01	   6.5705102411465433e-01	   6.5666779887688120e-01	   6.9106352962264628e-01	   5.9651144395478861e-01	   4.7295164759092845e-01	   4.4566563917585966e-01	   5.3745344338969048e-01	   5.0548793068162856e-01	   6.6944008657799370e-01	   7.1126720998246551e-01	   5.2938056192763994e-01	   3.9131837762736937e-01	   6.3545799282107329e-01	   5.5104057056969669e-01	   2.7100962722600086e-01	   3.4529159622445416e-01	   4.4761433195231415e-01	   4.7123898054878582e-01	   3.1176352125719764e-01	   3.3497035129371111e-01	   3.9685825636622640e-01	   4.8894567559709123e-01	   2.0114600096075141e-01	   2.5974691353152590e-01	   3.5589297399488390e-01	   4.1296919952376487e-01	   5.2223264613952280e-01	   5.6057050602564917e-01	   3.0500311856211126e-01	   3.0484718915870784e-01	   4.6117828098307656e-01	   2.7363413796403535e-01	   2.1190490423464889e-01	   2.3794124915521328e-01	   2.9595513898406123e-01	   2.1249564273647142e-01	   1.7086254540627427e-01	   2.6087607974442156e-01	   3.8443240139910928e-01	   4.3173081392278367e-01	   4.1370581266940692e-01	   4.9270155445036790e-01	   3.7547914892636847e-01	   2.1244530355467256e-01	
   4.0551299018778242e-01	   4.4433788898154541e-01	   0.0000000000000000e+00	   7.0480523256393413e-01	   8.2419755257163174e-01	   6.2937638163121901e-01	   7.1569755231722043e-01	   4.0094032553264575e-01	   7.0375378983433701e-01	   4.4734017822598554e-01	   1.3436878689130699e-01	   2.8176347580496175e-01	   1.1526377134302204e-01	   1.5545734705755151e-01	   7.5134738301510740e-01	   5.4694610224201679e-01	   1.4666638099073528e-01	   1.4373150471747995e-01	   5.9953572526519261e-01	   2.1724458580897310e-01	   3.3051038549968770e-01	   3.0209933208939843e-01	   8.3617933914103859e-01	   7.1375620650231397e-01	   6.6442081842786394e-01	   5.9977617996665944e-01	   6.3201784741115841e-01	   5.6227578257601418e-01	   1.6497602555528065e-01	   2.2065558605144298e-01	   5.3641531070082848e-01	   5.0761569894884451e-01	   4.3914766038084396e-01	   4.0977242931975644e-01	   6.2763466005397950e-01	   5.3077778461679603e-01	   2.4999367223858404e-01	   1.8156422024579799e-01	   3.6577928799929882e-01	   2.6277589938446566e-01	   2.3246335128809714e-01	   2.4938628169728394e-01	   6.2408236171348441e-01	   4.3433805141101545e-01	   3.7315081864114352e-01	   3.1576224853071716e-01	   5.4859940313017752e-01	   5.3140577654369714e-01	   2.7454472514984457e-01	   3.2701193710009446e-01	   3.7097890452320414e-01	   3.4888600490125549e-01	   4.7448556007993692e-01	   4.5939146090198468e-01	   4.2018081448682687e-01	   4.6914315313256849e-01	   2.0194519565513536e-01	   2.8438466178720112e-01	   3.8538798145523440e-01	   3.1564248359769542e-01	   3.8647990073128202e-01	   4.5436490778872418e-01	   1.4629957506276454e-02	  -9.4071990572332898e-02	   7.6558127384666519e-01	   6.3183835759019225e-01	   5.9735807883388181e-01	   4.2165940017209680e-01	   5.4686045419484997e-01	   4.1088589005290527e-01	   4.4801494143996090e-01	   3.1285058642028096e-01	   3.0958631639943557e-01	   2.5635025650294574e-01	   4.4708548237570522e-01	   3.1212855553529756e-01	   3.6091702997765118e-01	   3.9725667139361576e-01	   1.9621169911117836e-01	   2.3266787212635096e-01	   1.2164649508732861e-01	   2.6475587601127176e-01	   5.7247514375536601e-01	   4.3437051690779604e-01	   4.4742622610491412e-01	   4.6227613296520026e-01	   3.8410749770290065e-01	   5.7546834338278985e-01	   6.6408002429944069e-01	   6.4732130964566259e-01	   5.5510987368631959e-01	   6.1432522796563960e-01	   5.7970726579609677e-01	   7.1706447934230755e-01	  -4.1718152757417831e-02	   1.2482106204840554e-01	   2.6998499272877918e-01	   3.4574163189695728e-01	   4.5669130861854973e-01	   5.1939040525834579e-01	   2.4002154330577910e-01	   4.3965249684753938e-01	   3.7470734239917525e-01	   3.6655692436599896e-01	   4.9241396862103304e-01	   5.1151448068828675e-01	   2.2823849134146201e-01	   4.2770859948561835e-01	  -1.0884489959497443e-01	  -8.8063298121516725e-02	   6.4663806030080151e-01	   3.6381930328871093e-01	   5.0629270027109907e-01	   2.8463975285248139e-01	   3.5447839367054967e-01	   2.4554139181670726e-01	
   1.4922801199100394e-01	   3.4737285007328156e-01	   7.0480523256393413e-01	   0.0000000000000000e+00	   5.5490379399674217e-01	   6.5906641911646657e-01	   5.7934302503568658e-01	   6.9530264252631535e-01	   5.6580308740278928e-01	   6.4434196912200226e-01	  -7.1215144682923712e-02	   3.4505377124503822e-01	  -4.9925427248225393e-02	   2.8843950089445813e-01	   5.1777290252076291e-01	   6.2527315833568298e-01	  -1.0571895339000232e-02	   5.5508913282504228e-02	   3.5238749465416030e-01	   8.3531796726408730e-02	   2.1712757084896661e-01	   3.6365212543104392e-01	   7.2364881639378842e-01	   7.9648488133926520e-01	   4.0681778085542719e-01	   5.6383643447435117e-01	   2.3616492337099307e-01	   2.1477675399119522e-01	   9.8961961540452781e-02	   2.5979458011372081e-01	   6.9722078938358578e-01	   7.9175530816399298e-01	   3.1819038774890107e-01	   4.8969354403790061e-01	   3.9138147869457490e-01	   4.5273472057376096e-01	   2.0521851755448340e-02	   2.7309128652563636e-01	   6.7537957303231713e-02	   2.0360429581980977e-01	  -3.1014716439271596e-02	   2.4760624445933777e-01	   5.1129122712175190e-01	   4.1462015662994800e-01	   3.0107349480106860e-01	   3.1004626700196236e-01	   3.7763467573081100e-01	   4.5770612803051441e-01	   2.7196848384669026e-01	   3.5962644830527285e-01	   3.6943645875558395e-01	   4.0342702490719262e-01	   5.0732762959667743e-01	   4.9015759496451294e-01	   2.0633883787742191e-01	   3.2991723568929487e-01	  -7.5897951635691546e-02	   2.6337796507330946e-01	   1.5212721310776645e-01	   4.1622821880864386e-01	   2.3515743648664306e-01	   6.1679001402946221e-01	  -1.4865308530192772e-01	  -1.1302774975989020e-01	   5.2029208124062143e-01	   6.8639945197314178e-01	   4.0157109055716877e-01	   4.4745600430086274e-01	   3.8044757189334932e-01	   3.6040920217464617e-01	   3.1767121268575593e-01	   3.7936832742003374e-01	   1.2927643885441525e-01	   2.4870344629039642e-01	   2.5551291741461202e-01	   2.4684518882214218e-01	   2.6216374891629418e-01	   3.7241816504274322e-01	   1.3305537768029194e-01	   2.2823769502351546e-01	   8.2781964349244952e-02	   2.0216268048001457e-01	   3.5556849570322474e-01	   3.0757043821510788e-01	   2.7211709494374747e-01	   4.6114439956128628e-01	   1.0573515456185080e-01	   4.7807540644108115e-01	   4.5986635596990022e-01	   5.2324538013499278e-01	   5.8595921391632111e-01	   3.8961153295235817e-01	   7.5217893278095871e-01	   4.0570502515311629e-01	   4.8564041277858919e-02	   1.6630311645894938e-01	   2.1371555783511531e-01	   2.4180533699859152e-01	   3.2410399818875169e-01	   2.7964583297686896e-01	   5.2818720239229122e-01	   2.1678332943510364e-01	   3.2950207020633049e-01	   2.0624618159813898e-01	   3.3929902453766841e-01	   2.4857114053370907e-01	   1.0930045013600405e-01	   1.5853353117830862e-01	  -3.4908150081221299e-02	  -2.0380704596032962e-02	   4.0824553982272427e-01	   2.1293248517383517e-01	   3.0562579216285118e-01	   2.4911020896863104e-01	   3.0460832289360990e-01	   2.0096704906711768e-01	
   4.1063754496937721e-01	   4.0516095241803673e-01	   8.2419755257163174e-01	   5.5490379399674217e-01	   0.0000000000000000e+00	   8.3274708935374075e-01	   7.2852672580032696e-01	   4.5473196918124525e-01	   8.3163882400764022e-01	   6.4517036806442896e-01	   1.9129248181600553e-01	   3.1071301734673595e-01	   2.4076162061146575e-01	   2.0723109100736245e-01	   7.5440280634931667e-01	   5.2110039143493403e-01	   8.9212283260013264e-02	   7.2755334067851410e-02	   5.3676132056535408e-01	   1.1560591080018937e-01	   3.5058569760946190e-01	   4.1724010998171168e-01	   6.2524628668695859e-01	   5.3365355872499909e-01	   5.7191259063511879e-01	   5.6319389238183193e-01	   6.7616873241556896e-01	   6.5255862284698118e-01	   9.3210094814108607e-02	   1.7953837590921157e-01	   3.3047245945087089e-01	   3.0082008236158736e-01	   3.1520367333107385e-01	   2.9359142699606428e-01	   5.2228527060978525e-01	   4.5648958775765980e-01	   1.1513696775371524e-01	   1.1045489782450357e-01	   3.9745789046503843e-01	   3.3250522750374317e-01	   2.2742096255175648e-01	   3.2247329728548252e-01	   6.9331939692869382e-01	   5.2178232211933251e-01	   4.3479711480646427e-01	   3.7205571428213324e-01	   5.6672723054406071e-01	   5.5790717851297722e-01	   2.4765045052337184e-01	   3.8994970965129561e-01	   3.6766010370442354e-01	   3.8549334165606769e-01	   4.4938247251306207e-01	   5.5351294230419479e-01	   4.5528167280480059e-01	   5.2308199171663483e-01	   1.0880237169048823e-01	   2.1321861615008705e-01	   3.8178763866263704e-01	   3.6018639424262899e-01	   4.9801121005943966e-01	   5.5860722341630464e-01	  -9.3168856261417354e-02	  -2.1014410277734083e-01	   6.7573279629665595e-01	   5.7453122260589851e-01	   5.1231593696851496e-01	   3.6801046786070452e-01	   4.9662968683380104e-01	   3.8164871313266291e-01	   3.9048626454242452e-01	   3.2953822778532577e-01	   2.0693564798771069e-01	   1.5933477569082605e-01	   3.0233100283143682e-01	   2.4625647466174319e-01	   3.4680118359340040e-01	   3.4673955502469073e-01	   9.5375576579563609e-02	   1.5614120963656658e-01	   9.6287194652562830e-02	   2.4178145695186609e-01	   5.4826358328846370e-01	   4.6838897382144207e-01	   4.1450414853041379e-01	   3.5514187638816641e-01	   3.9634207754966511e-01	   5.1461001724927824e-01	   5.7346736889981176e-01	   6.3251205457994120e-01	   5.9299375364220630e-01	   6.9165998695290232e-01	   5.3490775109114153e-01	   6.4821184784272146e-01	  -1.0954523255183501e-01	   7.1543331191839157e-02	   2.0869568338884475e-01	   3.3894199032836836e-01	   4.7868837465480785e-01	   5.8554868173867070e-01	   2.2288503202840051e-01	   4.0149775106468399e-01	   3.1758013296226867e-01	   3.9585591300018724e-01	   4.3339693145680774e-01	   4.8801501965786387e-01	   2.5050683448385014e-01	   4.4388082856996702e-01	  -1.3663906123468750e-01	  -1.3518109117910412e-01	   6.4024672792039516e-01	   4.2032269150244217e-01	   5.8468483675013028e-01	   2.9292260706810685e-01	   3.8239031605347679e-01	   2.1576345834476091e-01	
   1.8076479792053932e-01	   2.5684570285998137e-01	   6.2937638163121901e-01	   6.5906641911646657e-01	   8.3274708935374075e-01	   0.0000000000000000e+00	   5.4136011271497608e-01	   5.1235774908969756e-01	   6.6790383756015481e-01	   7.8728981853859703e-01	   3.6955327602325228e-02	   2.7331624271535393e-01	   6.7900809066502602e-02	   2.3718118864229820e-01	   5.5037396206545519e-01	   5.6692880588298467e-01	   2.7073390669042904e-02	   4.6511941627745558e-02	   3.4911430788998044e-01	  -3.0460328864287494e-02	   3.1775035040654120e-01	   4.4322767109645606e-01	   5.5220335699540535e-01	   6.0707896347723678e-01	   4.6549620636293298e-01	   6.0840330209240234e-01	   5.2163779803891519e-01	   5.3447229774893890e-01	   2.6163160015526606e-02	   1.9921728499189065e-01	   4.3437581356520705e-01	   4.3897462327698794e-01	   1.9507710549530230e-01	   2.7804823787435912e-01	   3.6857822432530968e-01	   4.0079228481109919e-01	  -5.0368002859423396e-02	   2.3035742908740375e-01	   2.1437628160104735e-01	   3.3033963034293057e-01	   9.1717907379793448e-02	   3.2039114189102430e-01	   6.9790053570603694e-01	   6.1408918577007099e-01	   4.6182571729881100e-01	   4.6598826091257051e-01	   5.2150556833751494e-01	   6.1283353668743656e-01	   2.7448824335061162e-01	   4.5664557140837603e-01	   4.3058169841839744e-01	   4.7462466584600183e-01	   5.2041086812845450e-01	   6.2067547730751615e-01	   3.6727373314334527e-01	   5.4960628175860826e-01	  -8.6209024952401181e-02	   1.3267026087692896e-01	   1.8362330897681872e-01	   4.3337005075962343e-01	   2.6811163641205943e-01	   5.5960347963868673e-01	  -1.6929328848709638e-01	  -2.7218048821998442e-01	   4.9445052080781859e-01	   5.8126666484127443e-01	   4.6507158078367283e-01	   4.7951719246020752e-01	   3.3155852833460198e-01	   3.7016077206666770e-01	   2.3226166056813702e-01	   2.7003761630689349e-01	   2.8841684102638151e-02	   1.5608653045305601e-01	   5.8240250299629398e-02	   1.8595065069932132e-01	   1.7669818758535330e-01	   2.7440997793741900e-01	   7.7443072845481242e-02	   1.9490542604104849e-01	   9.1154210429676280e-02	   2.2392503301259101e-01	   4.0729532567785259e-01	   3.8775526198970206e-01	   3.3590186781268738e-01	   4.2635537986886118e-01	   2.2503354336251610e-01	   5.3277315276423654e-01	   4.4293689265264136e-01	   6.1833675083778883e-01	   6.6262405313021167e-01	   6.1298990059628955e-01	   6.0619182699826302e-01	   4.5020285213992728e-01	  -6.6774779005844748e-02	   1.4529820453219597e-01	   2.0151561185849137e-01	   3.5737485650856804e-01	   4.0234524554137785e-01	   4.6304880892942646e-01	   3.0445382566486651e-01	   2.1198683899573367e-01	   2.9968870551190219e-01	   3.7588182844549944e-01	   4.4469960213180248e-01	   4.3454104065137966e-01	   1.9701812983796230e-01	   3.4239405018823099e-01	  -8.5068755776550181e-02	  -1.0875912619140987e-01	   5.9253514452948486e-01	   3.3200969290204779e-01	   4.3819253386834933e-01	   3.0485796534971216e-01	   4.1625351951584888e-01	   2.8658436097117862e-01	
   5.6157495307807981e-01	   4.4720779618198636e-01	   7.1569755231722043e-01	   5.7934302503568658e-01	   7.2852672580032696e-01	   5.4136011271497608e-01	   0.0000000000000000e+00	   7.5358508131388013e-01	   8.3541860796985123e-01	   6.1662528302774033e-01	   4.3555592207649135e-01	   5.7162284761049731e-01	   5.5561669662635804e-01	   5.0219034138067808e-01	   7.0046088184330269e-01	   5.0242801090591716e-01	   1.5060794480481857e-01	   1.5784584231015966e-01	   5.9732385495889306e-01	   2.5777713746531311e-01	   3.7441686870543550e-01	   3.5391340909179669e-01	   3.7423126249025568e-01	   3.0171051548704242e-01	   1.7814971335914698e-01	   2.0710591645503285e-01	   3.1329445893667607e-01	   2.2662670327846357e-01	   3.5710921327819067e-01	   3.5854317365758315e-01	   2.7478376630790607e-01	   2.9280616145904365e-01	   5.9689605949542068e-01	   5.5917274330043987e-01	   2.3042290245933450e-01	   2.5398149092939881e-01	   1.8424536794294441e-01	   1.6672997321677191e-01	   2.8624684970123782e-01	   1.1376391594818655e-01	   2.3638032403431775e-01	   2.7889997393260879e-01	   6.0167822361585233e-01	   4.3850815663556292e-01	   5.5887062226829431e-01	   4.8863340585718940e-01	   6.3111965903526357e-01	   5.5228554097973759e-01	   4.8392455202640594e-01	   4.8059623357496428e-01	   4.8258317081492347e-01	   4.6180732483836023e-01	   5.6665490469331348e-01	   5.9547646267189236e-01	   5.4468005276206499e-01	   5.4889341376819323e-01	   2.0343439861212503e-01	   4.3437959198904647e-01	   6.1225027879760430e-01	   5.1673250316564623e-01	   7.7049960758344760e-01	   6.9096434536571938e-01	   1.5167104409632939e-01	   1.5450942557309716e-01	   4.7482398342173793e-01	   3.6982998269275880e-01	   5.4491556137312880e-01	   3.7233495764478597e-01	   5.7326235151730043e-01	   4.6464351048703612e-01	   4.6997178240729853e-01	   4.5362894639332124e-01	   4.0978505037632285e-01	   3.6451605452921720e-01	   4.5550020156698812e-01	   3.6041557088235399e-01	   4.9860830676741635e-01	   4.3122808215946057e-01	   1.6065231119237999e-01	   2.1367838211960169e-01	   2.3973324091981954e-01	   3.4709270382618135e-01	   4.6997423335271926e-01	   2.8630711436357392e-01	   3.9379929359433441e-01	   3.5568907356559054e-01	   2.1131356616233654e-01	   1.7610888269225075e-01	   4.9901215389173792e-01	   6.0481856931464761e-01	   6.0021472752346439e-01	   6.1486093651281415e-01	   5.6746396275678079e-01	   6.6448912252723946e-01	   1.4191675451640268e-02	   6.8919216331843947e-02	   2.5007922150663980e-01	   2.8276353401761806e-01	   6.9624209306015095e-01	   6.9465450782395233e-01	   6.1298148751022374e-01	   6.8919595200149952e-01	   5.3092991848106197e-01	   4.6578406000570294e-01	   3.1582273548898776e-01	   2.9430368442317245e-01	   2.7303877929692050e-01	   4.0911597395068666e-01	  -3.7271723979754978e-02	  -9.3541042251105971e-03	   4.4487055777648132e-01	   5.8098797454462214e-01	   6.6926405807287592e-01	   3.4279922063055329e-01	   3.5432866932728091e-01	   2.0057789706426099e-01	
   3.2297445984822665e-01	   3.4023888023685661e-01	   4.0094032553264575e-01	   6.9530264252631535e-01	   4.5473196918124525e-01	   5.1235774908969756e-01	   7.5358508131388013e-01	   0.0000000000000000e+00	   6.4372687241293780e-01	   7.5511178604081719e-01	   3.2744838429965056e-01	   7.1398439983247597e-01	   4.4209682742040107e-01	   7.2497007460121354e-01	   5.0544949344764578e-01	   6.2089115269902873e-01	   2.1324547032746527e-02	   9.9498054373703390e-02	   4.3090284432146192e-01	   1.7286535653803342e-01	   1.8053315340626933e-01	   3.1270285380558271e-01	   2.4124234117856019e-01	   2.8464951236521174e-01	  -8.9198472296658088e-02	   7.5339260922155482e-02	  -7.3011977836528283e-02	  -6.8583488688424898e-02	   3.1372017724159695e-01	   4.3599712749485148e-01	   3.4484197167253483e-01	   4.5519453068987559e-01	   4.2870453988701818e-01	   5.5280018387895002e-01	  -3.7190602886741184e-02	   5.9396779806295243e-02	  -1.3849025523873276e-01	   1.2201448409115262e-01	  -8.2264632003647864e-02	  -3.8512951683277286e-02	  -1.7518514299999212e-02	   2.3277748943954646e-01	   4.5136864736935101e-01	   3.8615523407183339e-01	   4.2963420239925465e-01	   4.5018708574793426e-01	   4.1761759193670189e-01	   4.3305607727777384e-01	   4.4872193701706464e-01	   4.9114033670968354e-01	   4.4084247530185428e-01	   4.5782840459500979e-01	   5.2670162034079526e-01	   5.9413830883690344e-01	   2.5049567180299326e-01	   3.3195598410978627e-01	  -1.7240503829166712e-02	   3.7172662941434237e-01	   2.3639017546959440e-01	   5.3925467232992963e-01	   5.3494591412081283e-01	   8.1462125307791722e-01	   7.3698872514972813e-02	   1.8740484789201534e-01	   1.4200322782458577e-01	   2.6609587981852734e-01	   1.9700136699807128e-01	   2.2435508583169878e-01	   3.8442827437026739e-01	   3.1445582653190352e-01	   3.6002854039975157e-01	   5.2104010827005431e-01	   2.3366943763083325e-01	   3.9130846249272883e-01	   3.1245251766895149e-01	   3.3765319125524862e-01	   3.1359717050645253e-01	   3.5417826567575439e-01	   5.7627340775890740e-02	   2.0486453250949527e-01	   2.7544633034241739e-01	   3.4894385163614106e-01	   3.2343318870792348e-01	   1.8717841406363211e-01	   2.7989469369568487e-01	   3.2993858093680017e-01	  -7.4610545516005586e-02	   2.3597940932199635e-02	   2.2549311195363689e-01	   4.3123588534815260e-01	   5.5319390686589776e-01	   3.9475004880959408e-01	   6.2278408178265876e-01	   2.9919766879379173e-01	   1.0295292067940501e-01	   1.2058397748232631e-01	   1.0688976218733723e-01	   9.4706909667817890e-02	   5.5882320840765431e-01	   4.4112577555751292e-01	   7.7955225084686464e-01	   3.8075692090977986e-01	   4.7610259886698281e-01	   2.5840463902838801e-01	   9.3651534020794597e-02	  -3.1868279607824387e-02	   1.0111084895860492e-01	   1.4088539167873859e-01	   6.6957797581514739e-02	   9.5532531559381642e-02	   1.1587788331219886e-01	   4.6790968531402682e-01	   5.1802627600635076e-01	   3.1837343163482235e-01	   2.7849393908277342e-01	   1.3653137347824476e-01	
   4.6271466794154570e-01	   4.7865147150373283e-01	   7.0375378983433701e-01	   5.6580308740278928e-01	   8.3163882400764022e-01	   6.6790383756015481e-01	   8.3541860796985123e-01	   6.4372687241293780e-01	   0.0000000000000000e+00	   7.7557248023478498e-01	   3.0991485496270754e-01	   5.2693065078582368e-01	   4.8868644639730330e-01	   4.6511461968326423e-01	   8.6403507446426475e-01	   6.9060337379484160e-01	   9.1651354319585460e-02	   1.2808277840168597e-01	   5.5945704492694071e-01	   1.6306688529160729e-01	   3.2621939336730893e-01	   4.0669989468476031e-01	   5.1535180197980979e-01	   4.3777221876828026e-01	   3.2000531837670609e-01	   3.2517674750430958e-01	   4.0267622447029205e-01	   3.3148671721044831e-01	   1.5247539043218972e-01	   2.7875056733584752e-01	   2.1379103726154186e-01	   2.2770243304683699e-01	   3.9883675107251987e-01	   3.6032675793522440e-01	   3.2413115839893891e-01	   3.2610871948138309e-01	   1.6976473624499874e-01	   1.8021005758689301e-01	   3.4265138186955463e-01	   2.3097704876621850e-01	   2.5441353661107258e-01	   3.9355714082777193e-01	   6.0687965973047842e-01	   4.0213476562086869e-01	   4.8145498658707009e-01	   4.1379858568083711e-01	   5.2986439223304016e-01	   4.8582853619146488e-01	   3.8756891997619136e-01	   5.1978489566919084e-01	   4.5470097263929210e-01	   4.9464431523735269e-01	   5.5777177376833154e-01	   6.6014894486095865e-01	   5.0768391199950824e-01	   5.4185591530392851e-01	   1.3471700904085748e-01	   3.6364920223631902e-01	   4.7040218168657322e-01	   4.9772595348213400e-01	   7.0705960557785974e-01	   7.4248403854037615e-01	  -3.2100570676082650e-02	  -1.5406719827497266e-02	   5.5725603768811993e-01	   4.3608797978966518e-01	   3.5837389261036773e-01	   1.9226457777450279e-01	   5.3064618065803337e-01	   3.8055823092520380e-01	   3.5569844067369727e-01	   3.5773008732073602e-01	   2.4690596423659122e-01	   2.2471666817194830e-01	   3.1328811416441504e-01	   2.1615463659656470e-01	   3.5026884527453667e-01	   3.6275249504969059e-01	   8.1433481136974337e-02	   1.3555384150539243e-01	   2.2944074954230520e-01	   3.5500430531003335e-01	   5.8156258560018081e-01	   4.6892342968009015e-01	   4.6627692949221544e-01	   3.6453282027795914e-01	   3.6627383150791304e-01	   3.5356612888635447e-01	   6.1813765509044594e-01	   6.8745831838104743e-01	   6.7652591512424309e-01	   7.0118209928887554e-01	   6.2277444220753475e-01	   7.2925190819250307e-01	  -5.7225232922514843e-02	   2.7185384311040922e-02	   1.0508163426861961e-01	   2.3927882640827000e-01	   6.1900754823627191e-01	   6.3232613441345942e-01	   4.1719760916433551e-01	   5.2663250912015858e-01	   2.9349374476463719e-01	   3.3156343260601867e-01	   2.7394806556468654e-01	   2.9642823306705657e-01	   1.8718314353565707e-01	   2.9998291870887006e-01	  -7.6354197138507274e-02	  -7.4499185975816701e-02	   4.9677540647096285e-01	   5.2517524379798264e-01	   6.3165444188443542e-01	   3.0288795204407415e-01	   3.3550599688040700e-01	   1.3929065666977061e-01	
   1.4972568098094380e-01	   2.5777744536630320e-01	   4.4734017822598554e-01	   6.4434196912200226e-01	   6.4517036806442896e-01	   7.8728981853859703e-01	   6.1662528302774033e-01	   7.5511178604081719e-01	   7.7557248023478498e-01	   0.0000000000000000e+00	   8.6427540756484775e-02	   4.6285715983275189e-01	   2.6377114985537986e-01	   4.6969453285487522e-01	   5.8389952898471686e-01	   6.9260248467544372e-01	  -9.3019579579162251e-02	  -1.5572794346245795e-02	   3.4459364080015442e-01	  -1.7700619909437994e-02	   1.9077803751942984e-01	   4.3046268973257562e-01	   3.6633381370410451e-01	   4.5517373252946547e-01	   1.3955270128388808e-01	   2.9227467193625672e-01	   1.1607989110988204e-01	   1.3608936906722024e-01	   4.4204311917339133e-03	   2.2321667353484431e-01	   2.3105372472059724e-01	   3.0996429408627463e-01	   1.4746124995841250e-01	   2.6304618452700546e-01	   1.1056975633958788e-01	   1.8763860588789963e-01	  -1.4106254514626143e-01	   2.1739591339345860e-01	   7.0202206490371011e-02	   1.6135763477884674e-01	  -3.3851464860946520e-02	   2.7745219832427581e-01	   4.9812376399006975e-01	   3.9577717113455513e-01	   3.9984613743812619e-01	   3.8898238390015116e-01	   3.6983185301910099e-01	   4.3677409738179751e-01	   3.2849234094419066e-01	   5.1664868645171758e-01	   4.1486835500755115e-01	   4.9020756613210115e-01	   5.0717121339879745e-01	   6.7077633292526939e-01	   2.9051848904816241e-01	   4.2861069741443980e-01	  -1.6507530326220710e-01	   1.7807936573975708e-01	   1.7270331756501722e-01	   4.9461310222266608e-01	   4.5838176362905725e-01	   7.7027518217768276e-01	  -1.8910992461871465e-01	  -1.8303567704503904e-01	   3.0494227834460830e-01	   4.1773008198366385e-01	   1.3995003298257858e-01	   1.5323545915005754e-01	   2.6537512960072995e-01	   1.8722582235874219e-01	   1.5949781793065182e-01	   2.9530277681678641e-01	  -1.1212945262281261e-02	   1.4929865480850607e-01	   3.5232189072754536e-02	   1.2144036999827215e-01	   1.0230715909175445e-01	   1.7777288729537274e-01	   9.5521198394390959e-03	   1.1762973647178293e-01	   1.6061945874511627e-01	   2.1874454660320930e-01	   3.4589157720376079e-01	   3.3412851263374471e-01	   2.6384435859421151e-01	   2.9811882570042547e-01	   1.0696923643181487e-01	   2.8847408617957715e-01	   3.8054329881185589e-01	   5.5065582806193414e-01	   7.0763341789140566e-01	   5.6961843715737714e-01	   6.9921603883300498e-01	   4.0957607234574517e-01	  -2.2878546965203805e-02	   6.3807196426149057e-02	   5.9670450695048630e-02	   1.5073067112482533e-01	   5.0079339474119777e-01	   4.3252115210222858e-01	   4.8933121119843953e-01	   2.5475709030880034e-01	   2.2668151391145214e-01	   2.3257491986479539e-01	   1.8963030154888544e-01	   1.6721056210954333e-01	   7.8201634841377266e-02	   1.4071931415357272e-01	  -3.6534184071132389e-02	  -4.8836772522396869e-02	   2.7976351230244323e-01	   4.2977552996108637e-01	   5.2442218515384176e-01	   2.7516422302961041e-01	   3.3496890181120231e-01	   1.5971068611321118e-01	
   8.0795279825007515e-01	   5.5251660711282147e-01	   1.3436878689130699e-01	  -7.1215144682923712e-02	   1.9129248181600553e-01	   3.6955327602325228e-02	   4.3555592207649135e-01	   3.2744838429965056e-01	   3.0991485496270754e-01	   8.6427540756484775e-02	   0.0000000000000000e+00	   7.1967296258187030e-01	   8.1523431565182780e-01	   6.8816527731099630e-01	   4.4012623129875689e-01	   2.8205883807663640e-01	   5.3716248804818612e-01	   5.2739566227924928e-01	   5.9968921712627288e-01	   5.6758813143363007e-01	   2.2760661247659908e-01	  -3.2028716501578319e-02	  -8.3496255988107296e-02	  -2.1692006303941852e-01	  -2.1318534089873434e-01	  -3.2981742538244163e-01	   1.2838084534405597e-01	   1.5019739892667132e-02	   6.0921452049849056e-01	   5.8798398548540975e-01	  -1.3311142059125181e-01	  -1.6329622833294755e-01	   5.4909136726840080e-01	   3.4972502217759466e-01	  -2.9143384627063534e-01	  -3.6422802776021102e-01	   3.3167002649121241e-01	   2.4844145131370449e-01	   4.9132565927381106e-02	  -9.5168623591482728e-03	   4.1187907779905036e-01	   3.2317347207715197e-01	   3.1011337927999871e-01	   2.3319219334869862e-01	   3.6428577065507789e-01	   3.6511725943966455e-01	   4.6697821030752606e-01	   2.8240074949457405e-01	   4.7765613474726248e-01	   2.9245403465122205e-01	   3.8622715876107810e-01	   2.4428746541199137e-01	   3.2031828740543211e-01	   3.0865938817684302e-01	   3.7302605014731804e-01	   3.1901336636130173e-01	   5.6226927491978984e-01	   5.9223147570631907e-01	   3.8126780442826314e-01	   2.6675440338958911e-01	   4.2537238403494299e-01	   1.9583631533640611e-01	   6.8893461686730761e-01	   5.9816781515479400e-01	  -1.0248025760754784e-01	  -3.4064976422076410e-01	   1.6096844351553519e-01	  -3.5688416178282972e-02	   4.6862688894367271e-01	   3.7188119527610553e-01	   4.6550165381497477e-01	   4.4735655219787246e-01	   6.4889789964630729e-01	   6.3864855729546699e-01	   6.2068199107323085e-01	   5.7046067113713828e-01	   4.0110531356524870e-01	   3.0101201923570525e-01	   2.9624098604800492e-01	   3.5463342803145892e-01	   6.0951210337760064e-01	   6.4193809203315499e-01	   3.9198465822814554e-01	   9.7754824518655109e-02	   6.1536698005103241e-01	   3.8096104206558096e-01	   8.8053486644024279e-02	  -7.8202215563871247e-02	   1.5647394540918375e-01	   3.1269891885300372e-01	   7.9031172456350884e-02	   2.0357940421181894e-01	   4.6802065278385131e-02	   2.6290290919650899e-01	   2.5299579122654359e-01	   1.7768289441109086e-01	   2.6638803694458751e-01	   1.8774394139464654e-01	   4.7111290571291792e-01	   4.5990918745805587e-01	   3.1530119884824487e-01	   4.1592060518199980e-01	   4.1987984582867210e-01	   2.4473414481037670e-01	   8.5994562318950141e-02	   2.1849727302000285e-02	   3.1802355628867773e-01	   2.2676742333749650e-01	   2.5408227369158864e-01	   3.1663907413854253e-01	   8.5661409426592949e-02	   3.7789118219815376e-01	   4.2274624312500914e-01	   4.0198276322109810e-01	   3.0491299929293070e-01	   2.0318528818140408e-01	
   6.4139374144929528e-01	   6.2566294572869963e-01	   2.8176347580496175e-01	   3.4505377124503822e-01	   3.1071301734673595e-01	   2.7331624271535393e-01	   5.7162284761049731e-01	   7.1398439983247597e-01	   5.2693065078582368e-01	   4.6285715983275189e-01	   7.1967296258187030e-01	   0.0000000000000000e+00	   6.5982626916503917e-01	   9.1353568963830301e-01	   5.4098142453997022e-01	   5.9165307343003470e-01	   4.1633165711842840e-01	   5.0533213802711141e-01	   6.3136869889643576e-01	   5.0896827865314187e-01	   1.1659372174833267e-01	   4.0254119599778815e-02	   1.6188286121491210e-01	   1.3320502758812530e-01	  -1.1595852756267039e-01	  -1.3471575207162509e-01	   5.8090317735229005e-02	  -4.8571831526424469e-02	   5.3165766772498269e-01	   6.6450554455837996e-01	   6.7173279772877986e-02	   1.2902063515953130e-01	   5.3614664100388754e-01	   4.8707203755654632e-01	  -1.3324675027576685e-01	  -1.4577893185746027e-01	   1.3048334849973539e-01	   2.8080258046059398e-01	  -6.7050149644719323e-02	  -2.6705186747171761e-02	   1.3809529442208776e-01	   3.0505711061617236e-01	   4.8050152430206439e-01	   3.9333038229302464e-01	   4.9574696030301502e-01	   5.5379117519133891e-01	   4.9634308961894824e-01	   4.3187946680503486e-01	   6.1263324232775995e-01	   5.4496727725837757e-01	   5.7267276486145779e-01	   4.9727566760565739e-01	   5.4534063907170127e-01	   5.6103055235200494e-01	   3.6536817744504246e-01	   4.2688680517079830e-01	   3.6167252874676542e-01	   6.2210319362853117e-01	   2.2449043880779065e-01	   5.0821150936525150e-01	   4.5525637081043957e-01	   6.1920026751975799e-01	   4.5305378836662780e-01	   5.0704139198639941e-01	   4.1447405322005748e-02	  -1.1633309749356346e-02	   1.4893718014323387e-01	   1.0428607929438719e-01	   5.2619676081274958e-01	   3.6336687840815146e-01	   4.4586606360113257e-01	   4.9711076506696422e-01	   5.1300003545036277e-01	   6.6495207706085524e-01	   5.5344401546010935e-01	   6.0159335141833614e-01	   2.5281622413475491e-01	   3.0348543576294185e-01	   3.1395676854360216e-01	   4.4932853056169964e-01	   6.6827470396520194e-01	   7.3573938623293722e-01	   3.8832702647341366e-01	   1.3622394107438296e-01	   6.6314336988624589e-01	   5.9179571760966221e-01	   6.0451505149054403e-02	   6.4256568774584161e-02	   2.2795715621869433e-01	   4.8025016068096515e-01	   3.6858107251578809e-01	   2.8707905832979641e-01	   4.1473472156426727e-01	   3.0954961379568213e-01	   3.7417503430086441e-01	   3.7769959459957314e-01	   2.4808896094951377e-01	   2.6663888695418003e-01	   5.9744824239774208e-01	   5.0242372985758821e-01	   6.0644863857876674e-01	   2.8617273859273762e-01	   5.1056473025296678e-01	   1.5091575589705750e-01	   1.1616899197632284e-01	  -2.3092960490773994e-02	   2.3404093464724307e-01	   1.9634809636969741e-01	   3.5654534868820398e-01	   3.7340634902219583e-01	   7.0369448059605738e-02	   4.5481001169002394e-01	   4.8176099752776247e-01	   5.7175114305226749e-01	   4.3794948091965302e-01	   3.1666270009996655e-01	
   6.2810793025865574e-01	   3.6542686366822075e-01	   1.1526377134302204e-01	  -4.9925427248225393e-02	   2.4076162061146575e-01	   6.7900809066502602e-02	   5.5561669662635804e-01	   4.4209682742040107e-01	   4.8868644639730330e-01	   2.6377114985537986e-01	   8.1523431565182780e-01	   6.5982626916503917e-01	   0.0000000000000000e+00	   7.4599909525175179e-01	   5.2296141552250075e-01	   3.2551598464184361e-01	   2.4873099812615687e-01	   2.3922629232361650e-01	   3.7592878537228824e-01	   2.4924335710142367e-01	   1.6679850251322328e-01	   1.4286433681299605e-02	  -1.0358221803355984e-01	  -1.9792301426101661e-01	  -2.2273458381254735e-01	  -2.9543151312635907e-01	   6.9836127060475650e-02	  -6.5934029181342002e-02	   3.6133269213969987e-01	   3.6315752782800048e-01	  -1.8725853958246322e-01	  -1.7148634306412297e-01	   4.2684888189387599e-01	   2.5370477231911964e-01	  -1.3742318284555358e-01	  -1.8506198242227356e-01	   2.5551699306726233e-01	   2.2285483982492690e-01	   1.3614218408456782e-01	  -6.8106205946157058e-02	   2.8542867353063472e-01	   2.2505444617400094e-01	   2.4980073447052120e-01	   1.5174505748078723e-01	   2.9166852821556549e-01	   2.5343442056993659e-01	   3.7165982959832733e-01	   2.1933670824500870e-01	   3.7249184466373308e-01	   2.9044959273659321e-01	   3.2022371175273917e-01	   2.2168515223042229e-01	   2.8166832822441518e-01	   3.2481271979999349e-01	   4.3402263505247041e-01	   3.2050839597292635e-01	   3.2351425605060752e-01	   3.9449704207802716e-01	   4.9008545589358143e-01	   2.8123488736327368e-01	   6.2016660941413149e-01	   2.9384464980395369e-01	   3.8786372167687866e-01	   3.4996144015863923e-01	   3.4674679536328558e-02	  -2.1748537456120043e-01	   1.6465392354450240e-01	  -5.9375435922920106e-02	   3.4063611570942354e-01	   2.0503344814006394e-01	   3.9281371232768236e-01	   4.0604952551097062e-01	   3.8109404860354484e-01	   3.9561258655566156e-01	   3.7674934891991113e-01	   3.2088729270456395e-01	   2.2763738215175061e-01	   1.0436004386018881e-01	   1.6308832615936084e-01	   1.8407201809366960e-01	   4.5862192915053124e-01	   4.8668307318681792e-01	   3.3388173463012394e-01	   8.0878132015127210e-02	   5.4495330273350873e-01	   3.0064557869584196e-01	   1.2622626512926863e-01	  -2.1181583382915395e-01	   2.5779657374695619e-01	   3.1622233700158492e-01	   2.0425912936233873e-01	   3.1223055127489374e-01	   1.7770730625607664e-01	   3.9545789592856750e-01	   2.1460312575644225e-01	   1.0717160740544794e-01	   1.8271053713392821e-01	   1.4675255418910171e-01	   4.7223232574984947e-01	   4.7500195689852709e-01	   3.9533027033456458e-01	   5.2753831179281008e-01	   3.5824505877260493e-01	   2.3598389324822608e-01	   9.0604583469505895e-02	   2.9382510841191489e-03	   3.0002258226960088e-01	   2.3792618566799073e-01	   2.2426735251137198e-01	   2.6287552669190489e-01	   5.3760853678145565e-02	   4.0845862884540340e-01	   5.1264591468193876e-01	   3.4558579926203198e-01	   2.7557958155411855e-01	   1.4778597161458992e-01	
