   0.0000000000000000e+00	   8.6638154809962065e-01	   6.2101993426528335e-01	   4.2861126272911221e-01	   5.5184174242183226e-01	   3.5356223754494198e-01	   6.2608926293215372e-01	   4.0406542331241219e-01	   5.9552894103008491e-01	   3.0710747462320642e-01	   7.3617496784263226e-01	   5.4500997968845055e-01	   6.8551553581207436e-01	   3.8730787697181907e-01	   6.3943075095362190e-01	   4.4921086209454653e-01	   8.6995048832344057e-01	   8.3291736127455418e-01	   7.9295185242120136e-01	   5.8607244279313520e-01	   2.8176931999320276e-01	   2.2108162777258394e-01	   3.7246062594625556e-01	   2.7605188801702840e-01	   5.0226811751294265e-01	   3.9291222141139026e-01	   4.6318160384977880e-01	   4.6569854684893153e-01	   6.9652942711495469e-01	   4.2360741834469723e-01	   4.1621384209267182e-01	   3.0589592955989825e-01	   7.2440476827505085e-01	   6.7749023116958129e-01	   3.7515412835576400e-01	   2.9462641602446760e-01	   3.6437687462181223e-01	   1.8524141817110079e-01	   6.0347035084326950e-01	   5.1516840780755779e-01	   2.5254260223664959e-01	   2.6235911865480283e-01	   3.6951043807873618e-01	   3.8304322641482508e-01	   4.4783382048456921e-01	   5.1612771272530711e-01	   5.6254564540725860e-01	   5.7878885500625665e-01	   4.4508569859715297e-01	   4.8350737520610199e-01	   5.7423859608820993e-01	   4.1417401191933700e-01	   5.8265574284876331e-01	   5.6710500129128361e-01	   6.9964926943153360e-01	   6.6989983912754103e-01	   9.5205683188023926e-01	   8.5448479779652842e-01	   6.8221879701521826e-01	   4.5345554299713431e-01	   5.6351098646935838e-01	   2.1478893327850607e-01	   6.5240974956257203e-01	   2.2284785353866068e-01	   4.2285334447725265e-01	   3.2633311468250359e-01	   4.5403498700766010e-01	   3.0021067142963620e-01	   8.3750895346340426e-01	   6.8657618335857618e-01	   2.5027425654751634e-02	   1.0045859027064480e-01	   3.8642425209267794e-01	   2.9430000783966914e-01	   3.1517509886506001e-01	   1.2796604015193980e-01	   1.4293052959092270e-01	   1.2600804603962479e-01	   7.9904972594316870e-01	   6.7176252040235473e-01	   7.9862807285549464e-01	   6.7154458658919158e-01	   6.8055853610488637e-01	   4.5439280969736850e-01	   7.6358899975227268e-01	   6.2741441307309165e-01	   5.3990615504081196e-01	   4.8270048679805921e-01	   7.2733989669112997e-01	   6.9250872198882907e-01	   8.2718710522800179e-02	   2.3667129441685514e-01	   9.3821217696489531e-02	   3.4301483655502341e-01	   3.0331125394914304e-01	   7.5990395845520628e-02	   6.6243258884681322e-01	   6.1637940063500762e-01	   4.9502835511078402e-01	   6.1366060019065660e-01	  -3.0475727365201653e-03	   4.8559141294963110e-01	   2.3248608262994014e-01	   4.1128220641576857e-01	  -6.0864672265749944e-02	  -1.4319952939438808e-02	  -5.7709559200609870e-02	  -2.1420424491049653e-02	   1.9638045266970044e-01	   3.5747066359955904e-01	   4.3896831672650044e-01	   4.5691258365745446e-01	   3.8792394960089149e-01	   2.9484754835305366e-01	   2.9338858435590122e-02	  -1.1209909189181344e-01	
   8.6638154809962065e-01	   0.0000000000000000e+00	   4.2521567364310719e-01	   2.1373623216737866e-01	   3.3047933402990926e-01	   1.9895210954608986e-01	   3.7177920400271752e-01	   2.5370529349470894e-01	   4.0874286001881643e-01	   1.5295508518683726e-01	   6.0935543632232325e-01	   4.1131570307550747e-01	   5.3889935256347432e-01	   2.3154478077982216e-01	   4.4113852733423164e-01	   2.4214832318415569e-01	   8.4664782496799074e-01	   8.0102111127742215e-01	   6.5619777610018659e-01	   7.0001445329200673e-01	   1.2848963715722192e-01	   2.7270926794934511e-02	   2.0868721157100689e-01	   1.2481739774916469e-01	   3.2767280923262077e-01	   2.1458033370245122e-01	   3.2762135518718694e-01	   3.2746238019673041e-01	   5.6705189014931445e-01	   3.5783740435440536e-01	   2.3085276910566715e-01	   1.1179305357614577e-01	   5.4000550390876212e-01	   5.1400609324159441e-01	   1.8205030495243543e-01	   1.3522621933739548e-01	   1.7643195577317394e-01	  -1.5797692982400292e-02	   3.9385003456377171e-01	   2.8003686296165203e-01	   3.3972267187127328e-02	   4.4989897874416547e-02	   2.6414161190523305e-01	   3.5665541971368531e-01	   3.6816498194987246e-01	   5.2428968082255789e-01	   4.6431545578396177e-01	   5.5506937140076906e-01	   3.8619756894906893e-01	   4.8680142512155905e-01	   5.1418715511533808e-01	   3.9982085887721547e-01	   5.0030184175625558e-01	   6.2098841678449657e-01	   6.3681270167348114e-01	   6.1219534375971774e-01	   8.7378371164744606e-01	   8.0893382205478459e-01	   4.9626618746739781e-01	   3.2780127744769694e-01	   3.4893234503506049e-01	   6.7737091483458842e-02	   4.8280397068483327e-01	   1.8946099762628904e-01	   2.9295378304648834e-01	   6.9644723691298094e-02	   2.0295778077494675e-01	   9.4662121649014289e-02	   8.3714629170171118e-01	   7.8899990862061320e-01	  -2.0314470366188145e-01	  -1.3545957920974233e-01	   1.3927643084490082e-01	   2.0672111105757296e-01	   7.9050891466755868e-02	  -6.2553820308381136e-03	  -1.3313472647766656e-02	  -4.1760888331153156e-02	   6.5523242151303673e-01	   5.4614661100427719e-01	   6.7146881923585622e-01	   5.3618843752840373e-01	   4.7728709838469141e-01	   2.8696316417923723e-01	   6.5419986695448118e-01	   4.9806836438735946e-01	   3.5532019598106707e-01	   2.9225188155335080e-01	   5.8793778561619958e-01	   5.3075464847127796e-01	  -1.2659279949641000e-01	   3.3110650776800518e-02	  -6.9441643106730233e-02	   1.8045693463322565e-01	   2.9472107088351601e-01	   9.9483947388646993e-02	   6.0181365874930615e-01	   5.3280401773952946e-01	   3.4344652075802651e-01	   3.8981048039840438e-01	  -1.7912605630121911e-01	   2.5121134668791584e-01	   7.3949262151977557e-02	   1.5753956470762842e-01	  -1.3300206539635767e-01	  -1.6902468307404575e-01	  -4.1208411419697756e-02	  -1.4518167351692360e-01	   1.8176924471782180e-01	   2.8116794180025911e-01	   3.2751681736641725e-01	   3.2175965104075110e-01	   2.3384709047664773e-01	   1.3483000073554566e-01	  -1.3069645743077524e-01	  -5.3421034782980187e-02	
   6.2101993426528335e-01	   4.2521567364310719e-01	   0.0000000000000000e+00	   5.6759641560695206e-01	   5.9002575777413124e-01	   2.5774320377166932e-01	   8.7723340482841605e-01	   3.8670147060029381e-01	   6.0028700034522020e-01	   3.9102327530180619e-01	   5.9379045021358356e-01	   3.0639597444820704e-01	   6.4494229249151214e-01	   2.4720841057749326e-01	   6.4094740037969067e-01	   4.5260452987128652e-01	   4.9297979197971487e-01	   5.4542037612629723e-01	   6.4980093104086234e-01	   6.0619414000540064e-02	   4.2180578145266046e-01	   3.9238767616540743e-01	   7.1315234344903866e-01	   5.4418362273978782e-01	   6.3607473629407840e-01	   5.1382666099793739e-01	   3.7530328385930511e-01	   3.4172222088227122e-01	   4.9042984172871396e-01	   2.3914016207076061e-01	   6.1259383091369757e-01	   5.2564368604401235e-01	   7.1467303451596553e-01	   5.9892752131781202e-01	   6.9016993090656253e-01	   4.1153594310831820e-01	   5.4935451940520952e-01	   5.3213224654498226e-01	   7.4896142490901096e-01	   6.6041054971564495e-01	   4.5552492391487520e-01	   5.0503171795859647e-01	   5.0617612217232211e-01	   3.6574982713609272e-01	   4.2903269812185707e-01	   2.6620682177970834e-01	   5.8448613272126204e-01	   5.4193791839288352e-01	   3.2749672163263194e-01	   1.6434529523855046e-01	   4.1803734452831914e-01	   2.3203976775172247e-01	   5.1901115048380908e-01	   4.8287787226160334e-01	   5.4593812226353178e-01	   4.6310388720879903e-01	   5.3058479717334595e-01	   4.9711445051284753e-01	   5.9371109982655579e-01	   2.3355295548970856e-01	   6.0126434821428898e-01	   8.1366008350404279e-02	   5.0797014746547164e-01	   2.4608356041132654e-02	   7.5961194096752216e-01	   5.2418228807103184e-01	   6.7229900762619854e-01	   3.7811786401825825e-01	   5.2427934155406186e-01	   2.8599243753859588e-01	   4.0888308002226093e-01	   4.0665412565162368e-01	   5.0001898268760281e-01	   2.8617597121052474e-01	   4.7263937734773787e-01	   2.5082441129176425e-01	   5.1196954070429646e-01	   4.5788506985451172e-01	   6.1871967086087110e-01	   5.4321887592146645e-01	   5.9258700451368140e-01	   5.9602323791315437e-01	   7.8873772894999572e-01	   5.8290473506429574e-01	   7.1115287874545663e-01	   6.0615332486571205e-01	   7.7046769034022244e-01	   6.9500288631338880e-01	   8.2750085292543929e-01	   6.7930493263447222e-01	   4.2672795583008605e-01	   6.9198123824652824e-01	   3.6477165264125616e-01	   7.0482051356109476e-01	   2.1226492316781070e-01	   8.7409019003164314e-03	   5.5412820532640217e-01	   5.3678177987283804e-01	   5.7250509533556471e-01	   7.3000412619486577e-01	   1.5103661907970772e-01	   5.8650714162954287e-01	   3.9755388678962583e-01	   5.7788257246318198e-01	   1.2873948701984328e-01	   4.5911980679977349e-01	  -6.9429949094975851e-02	   9.1798114897521071e-02	   2.1036272506650538e-01	   3.5828545374366716e-01	   5.6712605943718475e-01	   5.6578616475133492e-01	   5.1438888500413016e-01	   5.0707807225515489e-01	   4.9052609016115178e-01	  -1.8348994836016469e-01	
   4.2861126272911221e-01	   2.1373623216737866e-01	   5.6759641560695206e-01	   0.0000000000000000e+00	   5.9740341688844389e-01	   6.1898359652808943e-01	   6.3818667903630077e-01	   8.5124712264511437e-01	   7.0437939259577143e-01	   6.9175852145468264e-01	   4.8871788010106798e-01	   5.9567024596644547e-01	   6.0539675099546109e-01	   7.3880857127506017e-01	   5.9152306341966265e-01	   5.9374608235650239e-01	   2.9965860701349661e-01	   2.9261688373685624e-01	   4.2750931740386366e-01	  -2.6111507632827347e-01	   3.5880350090905838e-01	   3.8730592709157330e-01	   6.0187449566419715e-01	   6.1759617187207239e-01	   5.4165948632663441e-01	   6.2309636386254330e-01	   3.9847521394757490e-01	   4.9760728787704966e-01	   4.2160509669248969e-01	   3.1802053973496630e-01	   5.2014635819056687e-01	   5.7971348824816848e-01	   5.8384798757607659e-01	   5.8734107043520023e-01	   5.2543714067763525e-01	   5.9653481913162099e-01	   3.5843399402345866e-01	   3.2388895384670557e-01	   4.5183040423838922e-01	   4.7629208701451387e-01	   3.1553534088351454e-01	   4.1441116327173022e-01	   4.0811398428987644e-01	   2.7337350235619101e-01	   3.2636364959974101e-01	   2.5644101541762732e-01	   4.5698209439128412e-01	   3.9079257395371703e-01	   3.0831130653212740e-01	   3.7775161344118979e-01	   4.6522746924926811e-01	   4.5907027296494463e-01	   5.5559713831215274e-01	   3.8858425752734521e-01	   4.7395880903548454e-01	   5.0160355637905440e-01	   3.7741021402678371e-01	   4.4423372675796996e-01	   6.5049995700697028e-01	   6.1517004728703450e-01	   5.4969910208027950e-01	   5.4192836434223746e-01	   4.9144361931546576e-01	   3.2435955616407741e-01	   2.7148270066061991e-01	   6.4144890004847621e-01	   6.7522508299701345e-01	   6.3415192662126041e-01	   3.0343133473423345e-01	  -2.2149642301486999e-02	   4.5107688229625209e-01	   3.9899814883886409e-01	   4.5250368420577702e-01	   3.3605534217035349e-01	   4.0102488786529011e-01	   3.4106171682574632e-01	   3.1832725231762493e-01	   3.5423900405188014e-01	   4.2544161693874150e-01	   4.9039762347108451e-01	   4.4726849253532530e-01	   4.5392875140797051e-01	   5.4886835151342539e-01	   5.2414389315842846e-01	   4.3093697386109697e-01	   5.6973220100065392e-01	   4.5021550141556416e-01	   4.8505824123737284e-01	   6.0344628743672890e-01	   6.5814561164277297e-01	   6.9318139429117864e-01	   6.3394103512913969e-01	   7.5084467135603872e-01	   5.4797967268173264e-01	   1.2198601602708624e-01	   2.3107607099678969e-02	   3.6060285679420717e-01	   3.9634046219673014e-01	   5.5066757763047169e-01	   6.6930771447311688e-01	   5.1448131633559591e-01	   5.8948554748320803e-01	   4.4584033307299065e-01	   5.9446065004869475e-01	   4.5586579850748055e-01	   4.3350429587555805e-01	   2.1444668033956474e-01	   3.3188677708384567e-01	   7.6277338712894577e-02	   1.8677909330372702e-01	   3.2351278640564235e-01	   4.1200057945489288e-01	   4.4524297568662963e-01	   3.5722488142999709e-01	   3.6143454474772391e-01	  -1.6307098945164586e-01	
   5.5184174242183226e-01	   3.3047933402990926e-01	   5.9002575777413124e-01	   5.9740341688844389e-01	   0.0000000000000000e+00	   7.2795203601649972e-01	   7.8002682535984291e-01	   6.2928875827916708e-01	   7.5914088857704043e-01	   5.8157689682598124e-01	   5.0174569351804199e-01	   5.2030618149879659e-01	   4.9627135521147087e-01	   4.6683659554017953e-01	   6.9866998648531653e-01	   6.3527673541026530e-01	   3.8359430399790695e-01	   4.3481900337695734e-01	   6.9262347496674304e-01	   4.4063245503295857e-02	   6.3629463723605550e-01	   6.5711237401570477e-01	   5.7187692633284004e-01	   4.6588856794708716e-01	   8.1872229571175370e-01	   8.3084494134402831e-01	   7.3931153675602679e-01	   7.2652979244585114e-01	   5.9230915475756618e-01	   4.8055459058440303e-01	   7.6802913868989731e-01	   6.3490687215471331e-01	   7.5676989244344239e-01	   7.7353618492026599e-01	   5.7721128442141989e-01	   6.6622094474208782e-01	   3.0342560736486324e-01	   2.8287481914906487e-01	   5.5779495093348008e-01	   5.7216460440331574e-01	   3.5292475008868018e-01	   5.2308105631564061e-01	   4.0337174777192375e-01	   2.7056034681121571e-01	   4.9924565947020272e-01	   3.5199296097160387e-01	   4.8767641568565834e-01	   4.3638731323224556e-01	   3.8179212352629105e-01	   3.4234921229616588e-01	   3.6021082431397139e-01	   2.7098910061363152e-01	   5.8994400685878645e-01	   4.5718276616727932e-01	   5.1269420139054822e-01	   4.9403723680727379e-01	   5.1934342209635409e-01	   6.0181984124720045e-01	   7.2675586743243825e-01	   5.2704530856960574e-01	   7.3066184755169172e-01	   5.4860688654183210e-01	   6.1126543187256022e-01	   4.7787202984090882e-01	   3.1958545682188311e-01	   5.0728302593072694e-01	   7.4418766989208640e-01	   6.3114903559394275e-01	   4.2972647472435815e-01	   1.8380945501419532e-01	   4.9303861622990208e-01	   4.3117186222875475e-01	   5.3735074497012003e-01	   3.9297676126345771e-01	   4.5549796684484695e-01	   3.3235979985474751e-01	   3.2678028830447070e-01	   4.1002779281470658e-01	   5.4295398534417449e-01	   5.3101567430433894e-01	   5.4056880352692049e-01	   5.7035927395243358e-01	   6.2853301771995396e-01	   6.1292885877847225e-01	   4.3616541628148403e-01	   5.1044939517621069e-01	   5.2359741076000299e-01	   4.8017347343896927e-01	   6.6639617876634383e-01	   6.7775479522195603e-01	   4.9279196114452933e-01	   5.0152239294961110e-01	   3.3870082659090089e-01	   3.9528573193044442e-01	  -3.3264409503685768e-02	  -1.6778567116678428e-01	   2.7493420714795408e-01	   3.0507481745320530e-01	   5.0198738339741455e-01	   6.3101794757889185e-01	   3.0702333328913112e-01	   5.1925774508427636e-01	   3.9315225329928122e-01	   5.3391373597368808e-01	   1.7255626581932734e-01	   2.8089833932399227e-01	   4.4373057144760988e-02	   2.3523953500702022e-01	   4.4882652999374856e-02	   1.9697970345018681e-01	   4.4033249831381849e-01	   4.7211084431409511e-01	   3.6797596575719221e-01	   2.8643112043277846e-01	   2.3963856618040694e-01	  -3.0652352789293102e-01	
   3.5356223754494198e-01	   1.9895210954608986e-01	   2.5774320377166932e-01	   6.1898359652808943e-01	   7.2795203601649972e-01	   0.0000000000000000e+00	   4.1047231160112602e-01	   6.7332735938511268e-01	   5.6094797361679172e-01	   6.8034079400997394e-01	   3.4640025833647603e-01	   5.3890594175139295e-01	   4.3169340779129695e-01	   6.5638003771346021e-01	   5.8307893105739006e-01	   6.2177541019502303e-01	   2.2349790147966009e-01	   2.6986096554679628e-01	   4.3823309944992583e-01	  -5.4020084142383698e-02	   4.8942404587338878e-01	   5.5918142278874328e-01	   2.3297900206374095e-01	   2.4438851129414341e-01	   6.5004113781849937e-01	   7.5516101933447377e-01	   7.8687433306079213e-01	   8.2082893383118627e-01	   4.2382426032117859e-01	   4.0267941771934368e-01	   5.1227083280260421e-01	   4.0252504962194197e-01	   5.0394311608758413e-01	   5.9419875930928689e-01	   2.7812330755494619e-01	   4.3259498261455659e-01	   9.1515130564723046e-02	   7.5388887511989272e-02	   3.2219185204020773e-01	   3.9827656134622180e-01	   2.1658594396818431e-01	   4.1900947045637460e-01	   1.8301076952861989e-01	   1.5458681089128340e-01	   3.0071207715406806e-01	   3.2793025264618214e-01	   2.6977666603717887e-01	   2.7819011267795379e-01	   3.6550993816479094e-01	   4.8538931008756303e-01	   4.0415589026213383e-01	   4.7623817008747704e-01	   5.0319421263189756e-01	   3.0516478472488723e-01	   4.4393643940335270e-01	   5.1703718942226695e-01	   3.7391590533307334e-01	   5.2788710640127889e-01	   6.2604334748917667e-01	   7.0208858392929407e-01	   4.8275485261328999e-01	   5.7934401288478088e-01	   5.2628483325744857e-01	   5.5622067388199725e-01	   4.9140282103714072e-02	   4.6086832927499966e-01	   5.3207638325095397e-01	   6.5014343857669199e-01	   1.7977938629709075e-01	   4.0821964418062536e-03	   3.0405598027199043e-01	   2.6066501749190729e-01	   3.7282567438763708e-01	   3.6912010708217746e-01	   3.0854044571890132e-01	   3.1095581839579639e-01	  -2.8843372007751788e-02	   9.8167821084982898e-02	   3.4250722933625966e-01	   4.4255114491653813e-01	   3.7958615819219793e-01	   3.7313445295421827e-01	   4.0026752246806241e-01	   5.1133352252965247e-01	   2.1321448208460647e-01	   4.2569467545257594e-01	   3.0199498429973393e-01	   2.8677700758234353e-01	   4.2936819449208852e-01	   5.3413166934344414e-01	   4.3918213520935029e-01	   1.8124195743603216e-01	   3.1866865620880763e-01	   5.2049704773984073e-02	  -1.3715889105483070e-01	  -1.0953610102647349e-01	   9.1999848952556224e-02	   1.8227833202303589e-01	   3.7738615065865744e-01	   3.6933403023383882e-01	   4.0274586168105564e-01	   2.7951311299804832e-01	   4.2224607159215599e-01	   4.0567246791296829e-01	   3.6611611659277987e-01	   1.6805647949761743e-01	   2.1089276839718990e-01	   3.4119208526964734e-01	   1.0122695819701313e-03	   8.2288556630082318e-02	   1.9020123167295383e-01	   2.5513594437749043e-01	   1.5803201048673812e-01	   3.1278312919390414e-02	   3.0209673389668200e-02	  -2.3684298608545074e-01	
   6.2608926293215372e-01	   3.7177920400271752e-01	   8.7723340482841605e-01	   6.3818667903630077e-01	   7.8002682535984291e-01	   4.1047231160112602e-01	   0.0000000000000000e+00	   6.1416880474440982e-01	   7.5332343888881848e-01	   5.2491527804081139e-01	   6.5826868674521566e-01	   5.3170771505710601e-01	   6.9653800074342465e-01	   4.1939230874255068e-01	   7.4419096752291058e-01	   6.3225676452315294e-01	   4.8070012902245585e-01	   5.0758342474702167e-01	   7.5440517027576437e-01	   5.2132872662692883e-02	   5.0703112937639117e-01	   4.8869281411106880e-01	   7.4122056894224120e-01	   5.7479406898176477e-01	   6.6967485747431987e-01	   6.3354112340459179e-01	   4.5567980710041722e-01	   4.4067213255446552e-01	   6.4160281497310290e-01	   4.6170225303482049e-01	   7.4673323840123551e-01	   6.6241494550096824e-01	   7.8474282509369742e-01	   7.2267473153569295e-01	   6.6976941152892588e-01	   5.8183036138325372e-01	   4.9136624301722115e-01	   4.2326658233395137e-01	   6.9208690510601512e-01	   6.3947978216865220e-01	   4.5279309893836661e-01	   5.0608536164521201e-01	   5.6118428315859537e-01	   3.8271798925414319e-01	   5.0536015345861451e-01	   3.0664479633467590e-01	   6.2470852792056986e-01	   5.3229975588523049e-01	   3.5903366246532298e-01	   1.9524359598088933e-01	   3.8944417079471400e-01	   1.8343227284250552e-01	   5.5438344656989824e-01	   4.3013488934077870e-01	   5.4576700578019599e-01	   4.5443155032098692e-01	   4.9677821551605233e-01	   4.6854890925580689e-01	   6.9409549196072096e-01	   3.2302572281326158e-01	   7.8023003463990981e-01	   3.7121633375179897e-01	   6.2565053018737504e-01	   2.8423235860863211e-01	   6.2095094530134942e-01	   5.9099216998706816e-01	   7.5892210439333974e-01	   5.0006927182256322e-01	   5.2166497892410080e-01	   2.3302571397617006e-01	   4.8652532250716241e-01	   4.3501098549484873e-01	   6.0107985550349707e-01	   3.6314314569748873e-01	   5.1669180920681956e-01	   3.2451934418099648e-01	   5.5575269063328880e-01	   5.5397178579682738e-01	   6.4020998125526929e-01	   5.8854050194040552e-01	   6.4698153277757919e-01	   6.8730514025447131e-01	   7.7384509514168864e-01	   6.7144912709974536e-01	   6.7767313749718272e-01	   6.5298141962559986e-01	   6.6838416048778782e-01	   6.0790621756854124e-01	   8.0139494047035276e-01	   6.9443836675932147e-01	   5.0641127277274323e-01	   6.9501945701668322e-01	   3.9021243462901894e-01	   6.3499771301751573e-01	   1.2106322990539163e-01	  -9.0526899735320368e-02	   4.7395267393211560e-01	   4.2854988461711579e-01	   6.2424215732572974e-01	   7.4978803482351675e-01	   2.5072768667322798e-01	   6.2463353970342816e-01	   3.5400907141735038e-01	   5.6499724051976463e-01	   1.2109691971692382e-01	   4.1750255448648299e-01	  -1.4650018396117608e-02	   1.5790798772679154e-01	   1.2190534458819569e-01	   3.3728159806661312e-01	   5.4650826630109939e-01	   5.7834787625666428e-01	   5.1132266454518183e-01	   4.4688701905702699e-01	   4.1876562419592156e-01	  -2.4191145380676654e-01	
   4.0406542331241219e-01	   2.5370529349470894e-01	   3.8670147060029381e-01	   8.5124712264511437e-01	   6.2928875827916708e-01	   6.7332735938511268e-01	   6.1416880474440982e-01	   0.0000000000000000e+00	   6.7797250620795890e-01	   7.9040175836510185e-01	   4.9058456046694282e-01	   7.4982111722699663e-01	   5.8822280311134101e-01	   7.9400663106122482e-01	   6.6590394877860537e-01	   7.1366380475141078e-01	   3.0554276589312668e-01	   3.1263295501456878e-01	   5.3714829639761108e-01	  -1.3915131107640938e-01	   3.9769875600295868e-01	   3.7239642424392327e-01	   5.1617246356208535e-01	   5.1715973293127693e-01	   4.7196333667436063e-01	   6.5528408948562911e-01	   4.4900039696286964e-01	   4.9148209290823108e-01	   5.8600257191010696e-01	   5.9184375451027116e-01	   6.0661329748116799e-01	   6.4175774096619065e-01	   6.0872276362967015e-01	   6.7586974609500761e-01	   3.5252860545248260e-01	   6.0694623311899876e-01	   1.9381421055173556e-01	   1.5226163247912780e-01	   3.3368476906442579e-01	   3.8110153608192870e-01	   2.1797928093543237e-01	   3.2820558740256955e-01	   4.7439205003876000e-01	   3.5634803116930980e-01	   4.3489115230142933e-01	   3.7615513390657340e-01	   5.3373161716425876e-01	   4.3949418749327962e-01	   4.0985880123930984e-01	   4.6289987137291322e-01	   4.5269072126047183e-01	   4.3591464439778049e-01	   5.8384435752482466e-01	   3.8933988808585396e-01	   5.0525831934752452e-01	   5.0077079917877754e-01	   3.1236301769983610e-01	   3.8322713638991213e-01	   6.3879290183592219e-01	   6.2957060517350105e-01	   5.4848755365827340e-01	   7.0625024112575585e-01	   5.4009495349707559e-01	   6.2940853750775905e-01	   8.7303852432820517e-02	   5.4294908024395305e-01	   6.0774828616687271e-01	   6.3976464212155859e-01	   2.9384257980555328e-01	   1.1670624030053442e-02	   4.0220321267320153e-01	   3.3215957943509894e-01	   4.8175169909802373e-01	   3.6988064145449262e-01	   3.6761617409497865e-01	   4.1413541057600933e-01	   2.3557068299326187e-01	   3.7323024266642385e-01	   4.2740703859976586e-01	   4.9455007360959080e-01	   5.0616047151295529e-01	   5.2805915830487116e-01	   5.4142692564728434e-01	   6.3021319729652758e-01	   3.9500651491063921e-01	   5.9253902923297974e-01	   3.5466742924597877e-01	   3.6970395758895797e-01	   5.2683493917261626e-01	   5.7865187494464898e-01	   6.3800580707020216e-01	   4.5840651430448270e-01	   6.1101149600429283e-01	   3.0360159300104517e-01	   6.2000357417385452e-02	  -2.5181113506578538e-02	   3.1982796229199428e-01	   3.2379447205818990e-01	   6.0075277932480908e-01	   5.6546937556733745e-01	   5.2710423910445625e-01	   4.1197685479257434e-01	   3.9445053894313259e-01	   4.5800485448237765e-01	   3.2816297352095647e-01	   2.4550112204092794e-01	   2.0922792883519095e-01	   2.7084332901999281e-01	   5.5762196330630398e-02	   2.0620007634693807e-01	   2.9647476998508582e-01	   4.2650653878768463e-01	   4.0903375775670786e-01	   2.7226197078108827e-01	   2.0454735346355826e-01	  -1.9502387183494813e-01	
   5.9552894103008491e-01	   4.0874286001881643e-01	   6.0028700034522020e-01	   7.0437939259577143e-01	   7.5914088857704043e-01	   5.6094797361679172e-01	   7.5332343888881848e-01	   6.7797250620795890e-01	   0.0000000000000000e+00	   7.0173850851543829e-01	   6.2800652826845471e-01	   5.3992494698852822e-01	   6.6183138509901851e-01	   5.5204850643518377e-01	   6.5693583749667950e-01	   5.0253426102817578e-01	   4.4934563457361049e-01	   3.7987196269214996e-01	   5.7377574114687757e-01	  -3.4680515506726871e-02	   4.4791050226407902e-01	   3.7502829913531488e-01	   5.0175202726014334e-01	   3.6723887856454601e-01	   6.0903619206759996e-01	   6.3143725140581775e-01	   4.3036973492895725e-01	   4.9022858349926191e-01	   5.8232964236488483e-01	   3.6835525594613117e-01	   6.0086799598293084e-01	   4.9555760605964749e-01	   6.1181312862706705e-01	   5.8962674698920192e-01	   4.5224514689532225e-01	   5.5110739888979232e-01	   3.3750250844752416e-01	   2.0671324596953025e-01	   5.2667533353927576e-01	   4.4918587726863590e-01	   2.9695763168703537e-01	   3.4872246202363233e-01	   3.0317247434240069e-01	   1.9608307261694222e-01	   3.3505431202363178e-01	   2.7705054161729631e-01	   4.3651985150968742e-01	   3.6775325007868331e-01	   2.5789940894813418e-01	   2.9923406972191524e-01	   3.6054861217541284e-01	   2.4459329021442283e-01	   4.7689337617382721e-01	   3.3682821241880179e-01	   4.8372393706446715e-01	   4.2976160453401596e-01	   5.0456837813438782e-01	   4.8806548658581417e-01	   7.0522802272849927e-01	   4.6636138764821478e-01	   6.7631391348233660e-01	   4.7659169806200991e-01	   5.2325156104272641e-01	   2.2338484817969301e-01	   3.3782143501355294e-01	   4.7990259421915588e-01	   5.9602692151704528e-01	   4.6997858167547368e-01	   5.3023882783586140e-01	   2.4411023702837709e-01	   2.9488376185662490e-01	   1.3121027764548690e-01	   3.6150335628509384e-01	   2.0329797243435233e-01	   2.7303282190850997e-01	   1.1828000233258835e-01	   3.3861438866321458e-01	   3.3654121640282919e-01	   4.8543054393360907e-01	   4.7934772772880729e-01	   5.2904231694391701e-01	   4.9567572601321935e-01	   5.6101015390651343e-01	   4.4465926714000115e-01	   4.9148210776252127e-01	   4.6892861307158751e-01	   3.2152822698748351e-01	   2.6940524515303732e-01	   6.4506769243069328e-01	   5.3763244068039140e-01	   4.5342608006738311e-01	   5.3090653829706902e-01	   4.1845485137671867e-01	   5.0534745019206151e-01	   1.7548818428766717e-02	  -7.3897954123297180e-02	   2.9408915133002711e-01	   2.6800498926153099e-01	   4.3197655783647748e-01	   5.6652682748437067e-01	   2.4565846232799335e-01	   6.6816049744778172e-01	   2.0724810951011063e-01	   3.7954115496122698e-01	   2.1439536127333925e-01	   3.1385542447186277e-01	   7.8066468207488193e-02	   1.1106027124060294e-01	  -5.0170159749240995e-02	   8.7068399205295854e-02	   3.2263698917312100e-01	   3.5574255134210936e-01	   2.8078365684254603e-01	   2.3641953647215222e-01	   2.0077575639978840e-01	  -6.7796562207487809e-02	
   3.0710747462320642e-01	   1.5295508518683726e-01	   3.9102327530180619e-01	   6.9175852145468264e-01	   5.8157689682598124e-01	   6.8034079400997394e-01	   5.2491527804081139e-01	   7.9040175836510185e-01	   7.0173850851543829e-01	   0.0000000000000000e+00	   3.8672022826219665e-01	   5.4867541095652494e-01	   4.9667085695954399e-01	   6.8991157974861372e-01	   4.9168075207325562e-01	   5.4264632791044209e-01	   1.9935801377693951e-01	   1.9626378816987511e-01	   4.3597185113006331e-01	  -1.9867256169631761e-01	   3.4497924812218139e-01	   3.5586502028865319e-01	   3.8973398515009239e-01	   2.9734528384412673e-01	   4.6977736072153581e-01	   6.7808471700065320e-01	   3.7265138713961332e-01	   3.9610839084520655e-01	   4.7042138252755905e-01	   4.0599750079423746e-01	   5.9865915480863152e-01	   5.5860603828531352e-01	   5.0704693685330737e-01	   5.2228771184543699e-01	   2.8857015925787105e-01	   5.2140929766324273e-01	   1.2401405318892084e-01	   1.0999396374168541e-01	   3.6502513244781598e-01	   3.6113126016203068e-01	   6.9177961422145454e-02	   2.3809057588560445e-01	   3.9705661107312240e-01	   3.3869184942566727e-01	   4.0268014362902049e-01	   3.5377671048854908e-01	   4.8732394363316245e-01	   4.2405684427328749e-01	   3.9332296793858035e-01	   4.3327601032689356e-01	   4.2909307518361001e-01	   3.6822747511448084e-01	   5.5593154972522107e-01	   3.2357541950893198e-01	   4.6640580591222486e-01	   4.2405117315573237e-01	   2.0371858935548467e-01	   2.4696207806262782e-01	   6.1006638597367702e-01	   5.5672236383328100e-01	   4.8960799904328067e-01	   6.3691357207590171e-01	   3.3117298525370070e-01	   3.3640720200263946e-01	   1.0802539070078507e-01	   5.1089510351473377e-01	   5.4681387407169535e-01	   5.5583252137094097e-01	   3.0350488326281133e-01	   3.8317694882022649e-02	   2.6382221506351144e-01	   1.6604917920474199e-01	   2.5936497754587573e-01	   1.0658569048221567e-01	   2.1795673657978495e-01	   1.9236032938023423e-01	   2.0088048869848374e-01	   3.1085560621061303e-01	   3.7070420818655914e-01	   4.1985186313676581e-01	   4.0515614908503239e-01	   3.6144879487979398e-01	   4.1278794541340735e-01	   4.5634511692500240e-01	   2.9170014909205871e-01	   3.7809407876918033e-01	   2.2796952244353211e-01	   1.7658425360580646e-01	   4.2339977611839436e-01	   3.9638801884715791e-01	   5.3383455291785242e-01	   3.2807189895847932e-01	   3.9718584100095355e-01	   1.8682752061415880e-01	  -2.9047015251149062e-02	  -9.3321614430689315e-02	   2.1757419191274613e-01	   2.2682904753605435e-01	   4.3449336920520881e-01	   4.0178101970746555e-01	   3.1478214069957050e-01	   3.4415707996267519e-01	   2.7360796381228669e-01	   3.2178595342591354e-01	   3.1223549025842889e-01	   3.0956807507774964e-01	   1.5352115050637011e-01	   2.8096317842810464e-01	  -3.4874791444413168e-02	   1.1989758255148392e-01	   2.7729384647163829e-01	   3.2840670317029075e-01	   2.4238137474814608e-01	   1.4833036498303870e-01	   1.1580245423439521e-01	  -1.1256793388417899e-01	
   7.3617496784263226e-01	   6.0935543632232325e-01	   5.9379045021358356e-01	   4.8871788010106798e-01	   5.0174569351804199e-01	   3.4640025833647603e-01	   6.5826868674521566e-01	   4.9058456046694282e-01	   6.2800652826845471e-01	   3.8672022826219665e-01	   0.0000000000000000e+00	   6.9607830388524661e-01	   9.2072802763890327e-01	   5.6870674050311099e-01	   7.1296504871759037e-01	   4.5398536822867513e-01	   6.8785553290445711e-01	   6.3321549755025175e-01	   6.6710651343467553e-01	   3.8906792799393364e-01	   1.1421200614490951e-01	   5.6246639042983076e-02	   3.4767648919062577e-01	   2.5096096402980972e-01	   3.0477167185796883e-01	   2.6881222612063249e-01	   2.9921066985640654e-01	   3.1380633946875802e-01	   6.3236562213478154e-01	   4.3884000893873748e-01	   3.2577889283559602e-01	   2.6449568211657892e-01	   4.9642590943040682e-01	   4.9062387860866935e-01	   3.1862003292115149e-01	   2.8127244453896011e-01	   1.4892032855809229e-01	  -5.8569992513006264e-02	   3.5916451105484981e-01	   2.4480798440212570e-01	   9.5027247094534167e-02	   1.0692752762190083e-01	   2.2886360986535706e-01	   1.9844322194139913e-01	   1.5176930227298316e-01	   1.6894307242760742e-01	   3.4008866967372542e-01	   3.1649540445250751e-01	   1.2369465200585283e-01	   2.1756856730251711e-01	   3.6573919332834431e-01	   2.3681423004269242e-01	   3.9800398281469396e-01	   4.3074573326648491e-01	   5.0647208255067544e-01	   4.3877888520429831e-01	   6.9541279901708508e-01	   5.9331886385754484e-01	   7.0411442612255226e-01	   4.0082486658455152e-01	   7.4671349084273753e-01	   4.1325760025751890e-01	   7.3702779516421091e-01	   2.1227969626184698e-01	   4.3641421020231796e-01	   4.6816474572897981e-01	   3.0081713859668391e-01	   1.3016784383319044e-01	   5.5766615343543657e-01	   3.6882802257749575e-01	   1.1761003781255649e-02	   1.2599317316364926e-02	   3.8738251184628059e-01	   2.4087807693352753e-01	   3.2128397125466557e-01	   8.6702866947408100e-02	   4.7291977460811298e-02	   1.0161260101209454e-02	   5.5584273558542130e-01	   5.5588229211607876e-01	   6.8968423422105574e-01	   5.5520079127889521e-01	   5.7737713090222598e-01	   3.5913039691519355e-01	   7.3798106775103478e-01	   5.1448507869026971e-01	   3.8878047258736015e-01	   3.2052605359391523e-01	   7.0937451229428539e-01	   5.0733257197720882e-01	   3.1733054150141382e-02	   2.1826911136417324e-01	   8.5136606550839017e-02	   2.6277549585953081e-01	   1.8048952159117748e-01	   5.6799348026996509e-02	   4.0287473474600743e-01	   3.0073816545979204e-01	   2.6169857738553515e-01	   4.0348437764111589e-01	  -6.9495032496464562e-02	   4.5304982280829087e-01	  -3.1169424493438475e-02	   1.5711011305211442e-01	  -2.7535641578767062e-02	   4.8682795358887176e-03	  -2.2610850280743413e-02	  -8.0215889215165120e-02	   1.0162211962854796e-01	   1.5940964589611378e-01	   1.4126351423810957e-01	   1.4035478500856283e-01	   1.7587269859895302e-01	   9.0513944486905612e-02	   4.7773249401152650e-02	   3.9438570833471628e-03	
   5.4500997968845055e-01	   4.1131570307550747e-01	   3.0639597444820704e-01	   5.9567024596644547e-01	   5.2030618149879659e-01	   5.3890594175139295e-01	   5.3170771505710601e-01	   7.4982111722699663e-01	   5.3992494698852822e-01	   5.4867541095652494e-01	   6.9607830388524661e-01	   0.0000000000000000e+00	   7.3347573995259396e-01	   8.5331303913380474e-01	   6.1911672409258722e-01	   6.6094452625371303e-01	   5.2051679496599168e-01	   5.0757367368383000e-01	   6.0169066174547603e-01	   2.2921698668080284e-01	   1.5359441181435873e-01	   1.7641500534581511e-01	   2.6282137120248494e-01	   2.5660193417167687e-01	   2.6660103400599278e-01	   3.7300277704989793e-01	   3.6319383289992807e-01	   3.9865909620141488e-01	   6.3533928668388251e-01	   6.6371740061956219e-01	   4.2493793293320670e-01	   4.3469435237706405e-01	   5.2452153973211191e-01	   6.0582423638579130e-01	   1.6911367395139637e-01	   3.6930391595911810e-01	   5.5432060641125427e-03	  -1.4527431142824201e-01	   2.1948424326170612e-01	   1.8729939997522815e-01	   6.1502287621623589e-02	   9.3152308013085550e-02	   4.6285335190003263e-01	   4.4921479321566937e-01	   3.5039318178660539e-01	   3.6953538786533802e-01	   4.5116323051975254e-01	   4.1346781360027585e-01	   3.7730262975353190e-01	   4.5093754390292096e-01	   4.8543277999682105e-01	   4.5143745748051811e-01	   4.6832501203224008e-01	   3.6906064940890426e-01	   4.7343973724007959e-01	   5.1325706543891658e-01	   4.8033088612315106e-01	   4.9579548436354842e-01	   7.1776536709877470e-01	   6.6403917699031845e-01	   6.3873140199535428e-01	   7.4662579812356011e-01	   6.2384274424315778e-01	   6.5508547482199231e-01	   9.0077298055300861e-02	   5.0447658161912901e-01	   4.2420727100737865e-01	   4.5039837399974558e-01	   3.3305312039764401e-01	   1.6829866390028653e-01	   1.3928956681075613e-01	   1.1000336517783824e-01	   4.7816268745351698e-01	   3.6050461652465782e-01	   4.3549672800714945e-01	   3.2280574097516662e-01	   3.9790506142661238e-04	   1.0265842182519613e-01	   5.6228109630126166e-01	   6.3933231562952875e-01	   6.0389466478266352e-01	   5.7716893536194092e-01	   4.6042740690770684e-01	   4.9496716770867644e-01	   4.8343861993051274e-01	   5.9582166861639807e-01	   3.0589057896856842e-01	   2.7938665123406792e-01	   5.1704672619013792e-01	   5.0493187308103216e-01	   2.3361280559765360e-01	   1.7400949134664292e-01	   2.4121921163454815e-01	   1.1581028005582435e-01	   1.7056261479872323e-01	   4.6149978326482426e-02	   3.8817745162111938e-01	   3.2267328663529293e-01	   4.5945662673532384e-01	   4.2537309301576920e-01	   2.5589379753114438e-01	   3.4183200411938808e-01	   1.7713505615655439e-01	   2.5886539889563837e-01	   1.9818968751067528e-01	   6.3809299837169764e-02	   1.9012857218761356e-01	   1.8594948955626958e-01	   9.1575113894319202e-02	   2.3061679888113881e-01	   1.5103682909085153e-01	   2.6624668031841014e-01	   3.5132177640120077e-01	   1.3253650218362065e-01	   4.0163032079856581e-02	  -1.3452288033871915e-01	
   6.8551553581207436e-01	   5.3889935256347432e-01	   6.4494229249151214e-01	   6.0539675099546109e-01	   4.9627135521147087e-01	   4.3169340779129695e-01	   6.9653800074342465e-01	   5.8822280311134101e-01	   6.6183138509901851e-01	   4.9667085695954399e-01	   9.2072802763890327e-01	   7.3347573995259396e-01	   0.0000000000000000e+00	   7.0316522398316594e-01	   7.8850514122255944e-01	   6.0934250995156869e-01	   6.0812309263986797e-01	   5.9041713721977351e-01	   6.3736774160466125e-01	   2.4332610212248759e-01	   1.1325041024048391e-01	   8.7094002402420490e-02	   3.8511813157329156e-01	   3.1231737111135072e-01	   3.1154991038202406e-01	   3.2245551990068533e-01	   3.5818165769302301e-01	   3.6163792259731053e-01	   6.3261261569430738e-01	   4.9028587730804291e-01	   4.1059627802083831e-01	   3.6082878776627481e-01	   5.2184970472721404e-01	   5.1785610159492657e-01	   3.2659437092148641e-01	   2.8648586926539288e-01	   1.5464700538662751e-01	   2.4639619410758494e-03	   3.7576416161878962e-01	   2.9039871611333667e-01	   1.4280771566883618e-01	   1.8235015607318827e-01	   3.0149471886907275e-01	   2.6388360464596905e-01	   1.7324692804653449e-01	   1.9966591159223568e-01	   3.8291753539333556e-01	   3.5537786890754852e-01	   2.1757217559665881e-01	   3.0356173532177644e-01	   4.4598539103227530e-01	   3.5677937471570942e-01	   4.4419769942214854e-01	   4.0732716591758411e-01	   5.1549733449063340e-01	   4.8176708268153678e-01	   6.2354766948402385e-01	   5.5070257980894433e-01	   7.5257853731229885e-01	   4.8905851796149458e-01	   7.0407925726897480e-01	   4.1352292380824729e-01	   6.8174547012550679e-01	   2.6020231282988099e-01	   4.3233248636733973e-01	   4.9874913202457261e-01	   3.8176031739711436e-01	   2.4096813803654155e-01	   4.7767242026464041e-01	   2.7391866882226462e-01	   1.0939357015871894e-01	   9.2192109581735571e-02	   4.4896142499257680e-01	   2.7189422332689639e-01	   3.8566805026408890e-01	   1.9887701786361664e-01	   1.3783258793140907e-01	   1.2434071780024993e-01	   5.8861432752147902e-01	   6.3033608939100882e-01	   6.5973822779467228e-01	   5.8588845087261221e-01	   6.2295916263282292e-01	   4.8665565219013263e-01	   6.7530313622534122e-01	   5.8135602894654403e-01	   4.3528727304158021e-01	   3.8819267193300688e-01	   7.1689360760477794e-01	   5.6700429234311289e-01	   1.9427399319070704e-01	   2.9119016389276714e-01	   2.2346530016348909e-01	   2.8055853343864945e-01	   1.8992660503695857e-01	   1.0981782172874457e-01	   4.1040254719451452e-01	   3.5234593529875846e-01	   3.8308100511503396e-01	   4.6205174198331356e-01	   9.8933062792426543e-02	   5.0169296628752569e-01	   1.3574730823072928e-01	   2.8186732545000148e-01	   1.2929376819849667e-01	   1.0974764199284226e-01	   1.2697721115933144e-01	   6.3064180718141322e-02	   1.3728190815940042e-01	   2.0497915416995163e-01	   1.5627276000539270e-01	   2.1163704357634777e-01	   2.5604085608345567e-01	   1.5354114318550971e-01	   1.0465445070419169e-01	  -2.9263655855114229e-02	
