   0.0000000000000000e+00	   9.0248561957242845e-01	   6.8871224458183389e-01	   5.5696834464131439e-01	   1.8290698974889022e-01	   1.9491393913726102e-01	   4.9676787029223635e-01	   4.4050333840983136e-01	   2.1993717447556177e-01	   3.2766953923823450e-01	   6.7197928905614113e-01	   6.9343936754178392e-01	   6.6067690517377831e-01	   4.6425854827068858e-01	   4.9329323426861060e-01	   5.1502710787087402e-01	   8.1409896290565098e-01	   7.8543968678279219e-01	   9.0867823030420580e-01	   8.5001851888516344e-01	   3.5441936812354324e-01	   2.8808003719786152e-01	   4.9737206607343620e-01	   4.3935860907555219e-01	   3.4469993029021673e-01	   2.9620873991676605e-01	   4.1344253388641361e-01	   4.1925849944139798e-01	   7.3347104789095852e-01	   6.5189603220338888e-01	   5.1959793346044036e-01	   4.8092095116862849e-01	   8.2944212907212633e-01	   7.8126010733014484e-01	   3.0111202110729063e-01	   2.6545267617268098e-01	   3.9818266761563176e-01	   2.8648666841400328e-01	   5.5890260328885599e-01	   5.7972573371407310e-01	   5.5030570842616844e-01	   5.7625846366411837e-01	   6.5008926625860397e-01	   7.0413112211693063e-01	   7.4422115890723894e-01	   7.6983032436852394e-01	   7.5583567915877148e-01	   7.8748908888475266e-01	   7.3645810861845162e-01	   7.0634207779656755e-01	   7.3680454695074515e-01	   6.9129250789769259e-01	   6.5419986078019365e-01	   4.7376845536580936e-01	   6.9408827349900659e-01	   6.9533349624597984e-01	   9.0192712239692296e-01	   8.8053913692960561e-01	   7.0598621618720803e-01	   6.1672126803988769e-01	   2.7461716784790680e-01	   9.8474470410052500e-02	   8.0489911330461372e-01	   6.6050721629412878e-01	   2.4456047687930033e-01	   7.2318811691589088e-02	   7.2080333987123202e-01	   6.4524331246831435e-01	   8.0649129722301538e-01	   6.9401247754018092e-01	   4.4409895364666840e-01	   4.5225136577534936e-01	   6.5556785983365629e-01	   7.0130243376838064e-01	   6.9855878960011775e-01	   6.7997876134131552e-01	   5.0529818585786579e-01	   5.0119471328629750e-01	   7.9457538011425344e-01	   7.8731294921075912e-01	   7.4904605302624672e-01	   7.1714497288793155e-01	   6.9606635817107843e-01	   6.5716471934477483e-01	   6.8460691530577256e-01	   7.2746039993052980e-01	   5.2987020106684157e-01	   6.4564384063834690e-01	   6.7684579073816098e-01	   6.9320428344067819e-01	   2.0416855660316441e-01	   1.1923846351331245e-01	  -4.5349384607657098e-02	   1.0213068498502147e-01	   5.7219760158390676e-01	   4.4770608239807941e-01	   7.1722947767268985e-01	   7.6995933058519972e-01	   7.3821372890463877e-01	   7.1769156728076844e-01	   4.0287412636214476e-01	   3.5724621162321440e-01	   6.6713989735064871e-01	   6.5587964080751049e-01	   2.7030600673815480e-01	   1.9186588599281734e-01	   2.8258687036789681e-01	   3.4672178175341334e-01	   5.2670893192444501e-01	   5.2736683389059680e-01	   5.2220216167986599e-01	   5.1608267641233407e-01	   3.8913240168525864e-01	   6.2541868640282794e-01	   4.3420153356552937e-01	   1.4846917503941706e-01	
   9.0248561957242845e-01	   0.0000000000000000e+00	   5.8264381055133763e-01	   5.2180259981898813e-01	   2.4983374919451618e-02	   4.0430474975097969e-02	   3.5683497543379528e-01	   3.7036574943458977e-01	   1.2816976009285885e-01	   2.2952817274754653e-01	   5.0610315757249380e-01	   6.6712975497335147e-01	   4.8271486607748687e-01	   4.0925610575143584e-01	   4.3274748882582292e-01	   4.8353669791815884e-01	   8.4895807339988760e-01	   8.6360022423089267e-01	   8.7946696037005778e-01	   9.3098503471232941e-01	   3.6141781772994774e-01	   2.5749580984242831e-01	   3.9224407848065823e-01	   3.6368643190906969e-01	   2.4025610622269744e-01	   1.9760813096992083e-01	   2.2013738804731453e-01	   2.6954452193813350e-01	   7.4489468662862590e-01	   7.1254507593474936e-01	   4.7339514656469717e-01	   4.6480040598268590e-01	   8.5732762435307452e-01	   8.3230234773854717e-01	   3.2853321794722001e-01	   2.8560153495713048e-01	   5.1027309564729229e-01	   3.9411688321502297e-01	   6.9822544791520413e-01	   6.9570585747981162e-01	   6.7938732585900496e-01	   6.9301635588772204e-01	   6.1650889874467418e-01	   6.8521745395876033e-01	   7.6203571298115858e-01	   7.7287725396263707e-01	   7.4290216758785010e-01	   7.7461754990781029e-01	   6.8899052296761454e-01	   6.4096228998799765e-01	   6.6437751350625618e-01	   6.0669840403798325e-01	   5.8194882422534877e-01	   4.1526662955356897e-01	   6.7950560324540410e-01	   6.8529940779959686e-01	   9.3036129130842471e-01	   9.3694878978263407e-01	   6.4913888807494102e-01	   5.7420763415752618e-01	   2.4759653946625704e-01	   9.1864320766675139e-02	   8.0557523138882670e-01	   6.5253534270645930e-01	   2.4013234959911747e-01	   8.2799522818998994e-02	   7.0395710326870098e-01	   6.4476610694266734e-01	   8.6696411019400599e-01	   7.8537080697751871e-01	   2.7490352848470717e-01	   3.0338752323663876e-01	   5.9022089451020676e-01	   6.9611485215228819e-01	   5.6030941309360838e-01	   6.4866387086398336e-01	   3.3254555661538743e-01	   4.0675722007130988e-01	   8.3781310590005409e-01	   8.3083076147583612e-01	   8.2489648949427918e-01	   7.8642764563023315e-01	   7.3902967265886677e-01	   7.1308423021742762e-01	   7.6238147234285603e-01	   7.6184226072613881e-01	   6.5944215646498272e-01	   7.3676261166013601e-01	   7.4201324104403366e-01	   6.6463623119858184e-01	   1.2874646969650333e-01	   1.1111355019082392e-02	  -1.2150092776458638e-01	  -4.1636466388347129e-02	   5.6954981856292264e-01	   4.5766148389097699e-01	   7.4037227015253970e-01	   7.6284210159106913e-01	   6.8749602984380864e-01	   6.0022720423877307e-01	   3.3415580776842191e-01	   1.9781088126434804e-01	   6.5179927701280738e-01	   5.8960288350222811e-01	   2.0856710379311288e-01	   1.3859904952595628e-01	   2.4571778303253888e-01	   3.3343721690327549e-01	   5.4499182390465484e-01	   5.7465472838029019e-01	   5.6059714219610801e-01	   5.1067333681304516e-01	   3.5752990584210614e-01	   6.2395119917226638e-01	   4.0973445090621047e-01	   2.1560540631196540e-01	
   6.8871224458183389e-01	   5.8264381055133763e-01	   0.0000000000000000e+00	   7.1175923180877310e-01	   3.8719131801074830e-01	   2.8670681801751624e-01	   7.8368281612359358e-01	   4.4317401102442311e-01	   4.1571262272037157e-01	   3.4914965934102726e-01	   6.5444433439694571e-01	   3.8703833901165291e-01	   7.2271271141131277e-01	   2.8879600226938318e-01	   5.7423575630255774e-01	   4.3904729119991948e-01	   5.7900315641082800e-01	   5.1184709725244448e-01	   7.2844571603538655e-01	   5.3654987687548272e-01	   3.3086604414939014e-01	   2.8882618840763175e-01	   7.9945105891934976e-01	   7.0900383071001460e-01	   5.4698434625959336e-01	   5.1640139920160255e-01	   4.5603335464784361e-01	   4.7172185866670829e-01	   5.8238594134162003e-01	   4.0944155102560476e-01	   6.3512905465729186e-01	   5.9518566094076442e-01	   7.5296271336240850e-01	   6.9526902359029230e-01	   5.5160053537019937e-01	   4.8564849736629934e-01	   3.3252104622566098e-01	   1.2626825984479140e-01	   4.1927070241971875e-01	   3.6584205546264831e-01	   4.1114843758881120e-01	   4.8036927861713496e-01	   4.4323148376415983e-01	   4.5278518970626191e-01	   6.1536851409737703e-01	   5.6577361880718657e-01	   5.3296599996080940e-01	   6.0902246578040620e-01	   5.6781255562732480e-01	   5.4224519152266371e-01	   5.2552046075295533e-01	   5.0636579562504047e-01	   4.3254494273282940e-01	   4.1446554673534863e-01	   5.4451624980886149e-01	   5.4251396152174425e-01	   5.7931136018234597e-01	   5.8538370352340108e-01	   6.5766606250370796e-01	   4.5569405927920192e-01	   4.4653108567828054e-01	   1.2097827725012025e-01	   6.0137506228582738e-01	   4.3530529023753506e-01	   5.0728824518456017e-01	   3.6817556736516172e-01	   7.9925298175392334e-01	   6.3989569538081481e-01	   5.8137402773009206e-01	   4.8657650689465970e-01	   5.9146085194930431e-01	   5.3226850108262302e-01	   5.5938195114252709e-01	   5.2660186749603344e-01	   5.3504467270606404e-01	   6.0141309535141974e-01	   5.3226104292619936e-01	   3.4925138850230908e-01	   5.6235195035141283e-01	   5.8998752829895595e-01	   5.1776004107843865e-01	   5.1049419669012575e-01	   5.3524286991620251e-01	   5.1650231192540819e-01	   5.7689714881336251e-01	   6.3535328403255376e-01	   2.8398974165103591e-01	   4.9580717378458794e-01	   6.0725601783686478e-01	   6.7935357578443467e-01	   3.9266102911198819e-01	   4.6302938091806456e-01	   1.9898230295910052e-01	   4.8729228731619451e-01	   5.0681600879467836e-01	   3.0441104776495986e-01	   5.9850965478642204e-01	   5.4248437166757291e-01	   6.1585696833576054e-01	   6.6970054629392461e-01	   3.2609068208070091e-01	   5.5866390349484230e-01	   5.5790143441836137e-01	   6.3801441037427820e-01	   3.9146070283921369e-01	   3.2498857892229982e-01	   3.8658726031661905e-01	   3.1499324435809650e-01	   4.5484765526705967e-01	   4.4919742341254038e-01	   5.4216798202596450e-01	   4.4686071516671633e-01	   3.3310339434741820e-01	   4.8276417065587351e-01	   3.6002302717386625e-01	   6.9146079141218342e-02	
   5.5696834464131439e-01	   5.2180259981898813e-01	   7.1175923180877310e-01	   0.0000000000000000e+00	   6.2127224214275123e-01	   5.9130785065856162e-01	   6.9361901914819646e-01	   8.1365211799253845e-01	   6.2511909114503095e-01	   6.9698272222823610e-01	   5.8045996261884847e-01	   5.1934967143935240e-01	   6.5546790941125188e-01	   5.2963629174575200e-01	   5.5810896053890824e-01	   5.9374744344968922e-01	   5.3117505021900802e-01	   4.2120487598274903e-01	   5.9605966323370474e-01	   4.6613688630509781e-01	   2.1528794168819895e-01	   3.0993896060422554e-01	   6.4758505663747634e-01	   7.4255686159539036e-01	   4.6973691452286792e-01	   6.3949994562047519e-01	   4.8783101039178911e-01	   5.6656974213114475e-01	   5.8487720097247409e-01	   5.4761889778825334e-01	   6.7561311380773548e-01	   6.7622881475475194e-01	   6.5086587396778750e-01	   7.2819536912480454e-01	   4.6980563432367722e-01	   5.6937189585782799e-01	   3.7493044859780822e-01	   2.1368154092403130e-01	   3.9463709778935829e-01	   4.2308651447566936e-01	   3.8216850551587817e-01	   3.5395820448108728e-01	   4.1270496513485561e-01	   4.2681525075135257e-01	   4.8105247578185306e-01	   4.4782688220033062e-01	   4.2822498934236380e-01	   5.1901193515276689e-01	   3.9816638508168201e-01	   5.6829367538282416e-01	   4.3114900054703142e-01	   4.8583798885072671e-01	   3.6899511508170962e-01	   4.7880616571556273e-01	   3.4993717570920430e-01	   3.8535768957287952e-01	   3.9532874870152368e-01	   3.9081364993483642e-01	   4.6778111342719164e-01	   6.0291969172452309e-01	   4.7548071043850404e-01	   5.5541965100517887e-01	   5.0816946492828607e-01	   5.3640910360203731e-01	   3.6067797284892650e-01	   6.5265402814594176e-01	   6.3697603266269121e-01	   7.0171556799744261e-01	   4.3174023128733158e-01	   2.2958075443801151e-01	   6.3199805541452792e-01	   6.4816656064968492e-01	   5.5143635760683507e-01	   5.8693068276666016e-01	   5.2574127491764822e-01	   6.1599806437815707e-01	   4.9567045841418711e-01	   4.5264997214967229e-01	   4.7783748506681489e-01	   5.5639597428440202e-01	   4.7645403651881790e-01	   5.2673887767352390e-01	   4.6699887956293173e-01	   5.6616643635534014e-01	   4.3744638109368272e-01	   5.9943543536798649e-01	   3.4167869466319900e-01	   4.9692751568953941e-01	   5.7709187308061072e-01	   6.4254579389478761e-01	   6.5386016292473370e-01	   4.8108923449351182e-01	   5.8250986472523558e-01	   4.4830110023869130e-01	   5.5005768298530933e-01	   4.2032351665194961e-01	   5.4782692361260465e-01	   4.1337085529733408e-01	   5.6224170859631850e-01	   5.6211169890758628e-01	   6.0253878169371322e-01	   5.1267842213922687e-01	   5.1431397367318232e-01	   5.8969998168723503e-01	   5.2139147924508744e-01	   3.1472830724743606e-01	   4.8830263373866856e-01	   4.5429897472931513e-01	   5.2732993191657329e-01	   5.7267823599101719e-01	   5.3619161591662268e-01	   5.7446635664157097e-01	   5.8480489449274220e-01	   6.3589331308329777e-01	   5.7134188557269616e-01	   1.5808462340213580e-01	
   1.8290698974889022e-01	   2.4983374919451618e-02	   3.8719131801074830e-01	   6.2127224214275123e-01	   0.0000000000000000e+00	   9.0042553092682875e-01	   6.4988956197284531e-01	   7.2372615596390943e-01	   7.4657706659402145e-01	   7.2375203905178009e-01	   5.1050063679860513e-01	   3.0187336693911776e-01	   5.7730715309168346e-01	   4.3424794577976644e-01	   2.6521309092259659e-01	   2.2701427316171621e-01	   1.2741824649787498e-01	  -4.6501033075766779e-02	   1.5686117573314393e-01	   3.6919444930443211e-02	   5.0714168577927321e-02	   3.2307058696290825e-01	   2.7725346008441620e-01	   2.8048471330280422e-01	   4.1685068842326206e-01	   5.9906640317990956e-01	   6.1723839104657796e-01	   6.8264740799416612e-01	   2.0330132511479773e-01	   1.8473437632187911e-01	   3.4757733371983529e-01	   2.2188326448000240e-01	   1.4381462507440437e-01	   2.0757468319348948e-01	  -3.9500899788668151e-02	   9.3385765585226488e-02	   5.7722663493558909e-02	  -7.9822047956956160e-02	  -6.9693631785967852e-02	  -1.1365625772751356e-01	  -2.1664456790668508e-02	  -1.8684916558673231e-01	   1.5080041304263955e-01	   1.1107910448091407e-01	   3.5014598230713394e-02	  -2.1649652138454887e-03	   6.4905382598935593e-02	   9.4129423204936072e-02	   8.3247465381324465e-02	   2.1716447328157457e-01	   1.7984165576159586e-01	   2.5820164716104588e-01	   1.2798204032280036e-01	   2.6052724519037213e-01	  -3.2801018527265927e-02	  -8.9240905322630973e-03	  -6.9577572502678139e-02	   8.1465225932366072e-03	   1.9341616739280904e-01	   4.1820126908699101e-01	   3.7530510244493887e-01	   4.3862975874082732e-01	   1.8791567787230648e-01	   4.2088756056111259e-01	  -1.4888034840060779e-02	   2.5642450557909396e-01	   1.8469144319528769e-01	   2.5878053323744382e-01	   3.8423570810542053e-03	  -9.9204959055566685e-02	   6.3805946189029594e-01	   4.9138363647830641e-01	   3.7321096828645228e-01	   2.4124648362502837e-01	   4.2973154242373707e-01	   3.0671145272628664e-01	   3.7475351058915157e-01	   2.1749375736451021e-01	   3.3062047288112087e-02	   1.6563711700740738e-01	   2.0683696047811187e-02	   1.0355604495068955e-01	  -4.3774072336570477e-02	   5.7678595926676568e-02	  -4.0995111303929362e-02	   7.7888085252616202e-02	  -1.4211170463541267e-01	  -1.6178669108111388e-01	   4.4697292656008289e-02	   1.5471241638076666e-01	   4.3359458646988291e-01	   3.7883056230655376e-01	   4.1017769895753686e-01	   4.1720439685106075e-01	   1.2393129108305989e-01	   1.2719790460772984e-01	   6.4491464545543553e-02	  -6.9206970879882812e-02	   1.7055545631703187e-01	   2.3699854733812303e-01	   5.1886141324642510e-01	   5.3576286802464912e-01	   2.3730988108403178e-01	   2.8231147342895846e-01	   2.9160070354273471e-01	   1.2699558237687972e-01	   3.3149550687566953e-01	   2.8359660863578473e-01	   1.3819714039806891e-01	   1.2626116966360873e-01	   6.4180759161637721e-02	   1.9427043839226832e-01	   4.1327286526608853e-01	   2.8591109967130518e-01	   3.5330399762733766e-01	   2.3171507671489575e-01	
   1.9491393913726102e-01	   4.0430474975097969e-02	   2.8670681801751624e-01	   5.9130785065856162e-01	   9.0042553092682875e-01	   0.0000000000000000e+00	   4.4717550745388329e-01	   6.6433943193230871e-01	   5.0435203785411964e-01	   7.3908725003679787e-01	   3.8809959343603573e-01	   2.6531952011826532e-01	   5.0320785240070143e-01	   4.2224351844471553e-01	   9.5055166938194033e-02	   2.5515342875839631e-01	   1.5983207256515189e-01	  -2.2711607509120567e-02	   1.4314556842977300e-01	   4.3436653830216214e-02	   1.5243844932289585e-01	   4.4897188044905428e-01	   2.9529744784464940e-01	   3.4209254104158948e-01	   5.5921310945760883e-01	   7.4900565707639677e-01	   7.0306955417847627e-01	   8.0724274222522729e-01	   2.7072052662195611e-01	   2.6813323664723182e-01	   4.6398003916074582e-01	   3.5938334928718119e-01	   1.5477398418504845e-01	   2.0890780148856530e-01	  -1.3398226433959957e-02	   9.7110954152477863e-02	   1.2308589481559648e-01	  -1.9553301733162547e-02	  -1.9140637297703537e-02	  -5.5139180823260789e-02	   3.5706147065833638e-02	  -1.6006259380697990e-01	   1.9480384676675108e-01	   1.4711582495121991e-01	   9.6092797870630853e-02	   3.9491895971153670e-02	   1.1481215406376932e-01	   1.2827205343432363e-01	   1.3741138956402044e-01	   2.1544611789750889e-01	   2.5235887491319775e-01	   2.9003484836837984e-01	   1.8616097284202390e-01	   3.0621247657626505e-01	   5.9634324449228948e-02	   5.3511823252511706e-02	  -4.8288175267570552e-02	  -4.1054152613164988e-02	   1.0300628566601355e-01	   3.1919501923074622e-01	   9.1125228198486771e-02	   2.6884961711126576e-01	   8.1317913786622509e-02	   3.0062801031397823e-01	  -1.7575166757054075e-01	   1.6980376138757930e-01	   1.5585060745485227e-01	   2.5158737572647571e-01	   1.6576747141602208e-02	  -7.9764124134086803e-02	   6.1512631023359465e-01	   5.2497318741372556e-01	   4.0258928760737533e-01	   2.8023859520079769e-01	   4.0660258798362292e-01	   2.7662255238187106e-01	   3.2877725253048840e-01	   1.9182149618591998e-01	   7.2977962938079316e-02	   1.9878872244258824e-01	   7.5461176971696936e-02	   1.3178033652634841e-01	  -3.2551758893636623e-02	   7.7911064858075557e-02	  -7.2592382725811297e-02	   8.2764557784618331e-02	  -5.2104637219421907e-02	  -1.0382942727160727e-01	   5.7032321282774717e-02	   1.3323687330277428e-01	   3.9394702155893502e-01	   2.6558538549499000e-01	   3.6847833828280246e-01	   2.6622164175441265e-01	   1.5009049431466748e-01	   1.1302715328528788e-01	   1.1149222918024877e-01	  -8.6845782929254670e-03	   2.1612289269198121e-01	   2.2031323582760426e-01	   4.2247714145179838e-01	   3.4837360643444293e-01	   2.0329400995279617e-01	   2.3825465791098843e-01	   3.5170014005820194e-01	   1.9235591245039779e-01	   3.0815406402977108e-01	   3.0303589264839503e-01	   1.0715413414814588e-01	   1.1376852344786820e-01	   1.0951317344653072e-01	   2.3788966737047501e-01	   4.2929025577612989e-01	   3.2878787090385903e-01	   3.8328609372223688e-01	   2.2947292921908169e-01	
   4.9676787029223635e-01	   3.5683497543379528e-01	   7.8368281612359358e-01	   6.9361901914819646e-01	   6.4988956197284531e-01	   4.4717550745388329e-01	   0.0000000000000000e+00	   7.1712902289199953e-01	   6.8814399975459795e-01	   4.8162975332478225e-01	   7.7545328757740639e-01	   5.0216420405496820e-01	   7.7929184023157438e-01	   4.8207350417419681e-01	   5.2194879352414547e-01	   3.4056073443403267e-01	   3.8313421316149826e-01	   2.7377382640278281e-01	   5.0119013974572790e-01	   3.3080123308749021e-01	   8.9737479991785135e-02	   1.5901758226109444e-01	   4.3185856103801457e-01	   3.7925567403027394e-01	   2.6252244532275004e-01	   3.5761949861949544e-01	   3.9267455388205524e-01	   4.0148024794992776e-01	   3.8009393985801543e-01	   2.8657947669858752e-01	   3.3852405871052799e-01	   2.7709291228486521e-01	   5.0017642168204124e-01	   5.2525367801055534e-01	   2.3274407426582749e-01	   2.9470385725496295e-01	   8.8172466041048003e-02	  -8.5123446400237432e-02	   1.5461441213612842e-01	   1.2146035723014725e-01	   1.7631216483284573e-01	   1.5958923933984231e-01	   2.7898588629464305e-01	   2.8249528716609207e-01	   2.8899828504533237e-01	   2.5749536925984717e-01	   3.1519213878576491e-01	   3.5470346240956485e-01	   2.9257797419174258e-01	   3.7543815192482366e-01	   2.7760824825902825e-01	   3.5521654698013044e-01	   2.1953320430743287e-01	   2.0655941186932208e-01	   2.4462311105736442e-01	   2.4901761267807301e-01	   2.9457948176697973e-01	   3.9708104588636955e-01	   5.5201044369140861e-01	   5.4559718497200960e-01	   7.5343133086920799e-01	   5.0684088374921643e-01	   5.7266624889761597e-01	   6.2505672780174604e-01	   3.4464368596911599e-01	   4.1141076590827746e-01	   5.3824039933728240e-01	   4.9327914091021952e-01	   2.7783004500566988e-01	   1.6211802896642927e-01	   6.3970343772409199e-01	   4.8429550918150999e-01	   5.9518238584138528e-01	   4.1039739252790375e-01	   6.0633295885320704e-01	   5.8101765528374305e-01	   6.2083504993707150e-01	   4.7564510386627035e-01	   3.2362141241231884e-01	   4.1768430825610742e-01	   2.6330564440927112e-01	   3.1250697988885578e-01	   2.5443281424970687e-01	   3.0862202550083800e-01	   2.9832860646897269e-01	   3.6120440592796188e-01	   2.7321865702811476e-02	   1.7742028045476346e-01	   3.6408561260342809e-01	   4.3525549156759158e-01	   4.0482249815995186e-01	   4.3746732954783341e-01	   3.1409843775918883e-01	   5.4281128778039323e-01	   3.4681547503265664e-01	   2.4371017392598510e-01	   3.1000285960414464e-01	   2.2319907361999844e-01	   4.2070208568343659e-01	   4.9836879415786095e-01	   5.3339497004579117e-01	   7.2706727246186609e-01	   4.2313865632078973e-01	   4.6453357539653534e-01	   2.4147644079024372e-01	   7.1661555296321233e-02	   2.9428803290624567e-01	   1.5462334382199813e-01	   3.2905342761524381e-01	   2.7821090033775686e-01	   1.9657491852624367e-01	   2.7859084777890541e-01	   3.2572783576994280e-01	   3.6325385905397967e-01	   3.5910028612691580e-01	   2.1931175370048955e-01	
   4.4050333840983136e-01	   3.7036574943458977e-01	   4.4317401102442311e-01	   8.1365211799253845e-01	   7.2372615596390943e-01	   6.6433943193230871e-01	   7.1712902289199953e-01	   0.0000000000000000e+00	   6.9680655696608640e-01	   7.9215174323316129e-01	   6.5004142050951574e-01	   7.0522968421256660e-01	   7.2927048564251118e-01	   8.0550041715656473e-01	   4.7629874198004779e-01	   5.9356692326629135e-01	   4.3389059450495909e-01	   2.8379068509013644e-01	   4.0982138205018781e-01	   3.0744663081132106e-01	   1.0150733341827098e-01	   3.0979829871759124e-01	   2.2470683732652169e-01	   3.3080312126827088e-01	   1.4802838274780886e-01	   3.6868109078210975e-01	   3.9331949106198683e-01	   4.4902567591855402e-01	   4.9616338869383225e-01	   5.3410823951954922e-01	   4.1761124453152498e-01	   3.5089119100005334e-01	   4.6238293392584384e-01	   5.8605692528251518e-01	   8.2246249338388061e-02	   2.7559340801807308e-01	   2.0605573386161888e-01	   5.1642581949462356e-02	   2.2668433681719091e-01	   2.6158505470152149e-01	   2.4512313986607326e-01	   1.6639703633485828e-01	   3.7105939415412159e-01	   3.6891702645593616e-01	   3.1329515770892513e-01	   3.0562597915944462e-01	   3.7188856366895007e-01	   3.9945041650415869e-01	   3.0865390176854501e-01	   4.9103415365017616e-01	   3.5873145102408932e-01	   4.7701173893335630e-01	   3.1642509266871249e-01	   3.4384152254174677e-01	   2.5608262881279314e-01	   2.8959160319695354e-01	   2.4361963036769951e-01	   2.9695891703461280e-01	   4.1680233938070660e-01	   6.9255835357237383e-01	   5.5216408812497375e-01	   7.1586095941838790e-01	   4.9527601144141542e-01	   7.2484057071724695e-01	   1.4164982309615338e-02	   4.4492477675625569e-01	   4.3251686372982934e-01	   5.8470192713168956e-01	   2.5308186184418324e-01	   7.3290009856374225e-02	   5.8399246076128153e-01	   5.7764126738608768e-01	   5.4681606946489159e-01	   5.0309727014954742e-01	   5.8844126040739031e-01	   5.9041525665582339e-01	   5.6735987910371977e-01	   5.7911713036708790e-01	   3.6714363793809035e-01	   4.4338677202407267e-01	   3.5669282884370734e-01	   4.0910788117091512e-01	   2.8927872344853184e-01	   4.5237079302060845e-01	   1.8087211883420046e-01	   3.6746610880824959e-01	   1.4490313929292939e-01	   2.1940952925544960e-01	   3.7612947188054563e-01	   4.4273170137662077e-01	   5.7113341463627698e-01	   3.0785920781219994e-01	   5.1324330745636826e-01	   2.9793328279211173e-01	   4.2069070082405702e-01	   3.7505661273348301e-01	   3.8047792958062943e-01	   2.7686027580647182e-01	   4.6668219804669969e-01	   4.5135154001820077e-01	   7.9214586639159679e-01	   5.3845492577335630e-01	   4.6142574011449178e-01	   4.3547693573201873e-01	   3.6910104876362454e-01	   9.0080402148801711e-02	   4.2033765590007699e-01	   3.0371795113396138e-01	   4.0411257568864967e-01	   4.2213979873268126e-01	   2.9488072631639167e-01	   4.1510048879462536e-01	   5.6031201417631138e-01	   5.7056100083204042e-01	   5.7464494895070395e-01	   3.0207325953697522e-01	
   2.1993717447556177e-01	   1.2816976009285885e-01	   4.1571262272037157e-01	   6.2511909114503095e-01	   7.4657706659402145e-01	   5.0435203785411964e-01	   6.8814399975459795e-01	   6.9680655696608640e-01	   0.0000000000000000e+00	   7.4606593684889067e-01	   5.3514422039206888e-01	   3.3445201472372743e-01	   5.1082007088745773e-01	   3.9265967501345550e-01	   5.3008355448521682e-01	   2.9753412187068573e-01	   1.0789889442726069e-01	  -1.4383330080645337e-02	   2.6861060732804759e-01	   1.4266921217330319e-01	  -8.5926677532208312e-02	   2.7905123414090495e-02	   2.2772476528511867e-01	   2.3493429898729368e-01	   3.3025506974200196e-02	   2.0714944308586214e-01	   2.5331248387342692e-01	   2.6497962341982018e-01	   1.0308466146896482e-01	   6.8305450536088760e-02	   1.4567606091793933e-01	   5.3664992198810539e-02	   1.6459476193459943e-01	   2.7020809110870830e-01	  -1.3641670625243647e-02	   1.5418471199344774e-01	   1.4436271537779162e-02	  -4.1072745667023861e-02	  -1.5748816285802634e-02	  -1.4179371747260826e-02	  -9.8378364670672916e-02	  -6.0734306431151450e-02	   8.9375424693153155e-02	   7.1104106232567299e-02	   8.6030563665748727e-04	   3.1830669628982775e-02	   3.4533693807479324e-02	   1.0425113106615752e-01	   6.0432231211598533e-02	   2.9006993127712583e-01	   1.2526417973361262e-01	   3.0081471565055024e-01	   8.2377947749421684e-02	   2.2368818053459374e-01	  -3.6780220585641017e-02	   2.3220324476785337e-02	   1.8375618625813533e-02	   1.5959505208970645e-01	   3.2844631832623383e-01	   5.9732656780045446e-01	   6.4927554626255690e-01	   6.5022760587859496e-01	   2.9945354098602589e-01	   4.8834042567149361e-01	   2.1882197383760851e-01	   4.1774455279366424e-01	   2.4296579155678083e-01	   2.9428141974907490e-01	   1.1404755860537572e-01	   1.8761926516044972e-02	   4.3035091426724092e-01	   3.9178036357368845e-01	   2.4235246729379645e-01	   1.8644631223388114e-01	   3.6450076259522124e-01	   3.0037447037412296e-01	   3.4359345701309529e-01	   2.9156081310115750e-01	   2.7336125195299075e-02	   8.9113485538772935e-02	   3.2787913331656857e-03	   6.9079310271471878e-02	   7.3991698628493960e-02	   1.1390019082029584e-01	   1.1985436811235875e-01	   1.8508066900563183e-01	  -1.1161465299188283e-01	   2.0442081805754280e-02	   1.9136830596294344e-01	   3.2021544926194417e-01	   4.4370242665171733e-01	   4.1255703388578746e-01	   5.0059234043377354e-01	   5.3243218657244396e-01	   1.6510626931610795e-01	   2.2282797899138251e-01	   1.1777160269178619e-01	  -6.9627328435698209e-03	   1.2967374087090766e-01	   2.1554687412197257e-01	   5.6702230367725015e-01	   6.5840794211077647e-01	   2.1636665941591521e-01	   2.8900703238086389e-01	   2.1049524305181011e-01	   2.1987043345951852e-02	   3.2492690125972401e-01	   2.5007574585749892e-01	   1.8328970256801821e-01	   2.0393762340652272e-01	   5.7127311271106498e-02	   1.4894497596894046e-01	   3.5395701090192017e-01	   2.6393997617890330e-01	   3.1198451810956029e-01	   1.4694243753142150e-01	
   3.2766953923823450e-01	   2.2952817274754653e-01	   3.4914965934102726e-01	   6.9698272222823610e-01	   7.2375203905178009e-01	   7.3908725003679787e-01	   4.8162975332478225e-01	   7.9215174323316129e-01	   7.4606593684889067e-01	   0.0000000000000000e+00	   4.6555386001578708e-01	   4.7273960985323771e-01	   5.3072375207199562e-01	   6.0655283836784635e-01	   4.0894138291174487e-01	   5.1998736463405959e-01	   2.7776109998115217e-01	   1.0162889645299794e-01	   3.3693835930832411e-01	   2.3438535309198952e-01	   1.3347987547575679e-01	   3.8719698550270698e-01	   2.8944454462970187e-01	   3.6574123906072598e-01	   2.1447494268543166e-01	   4.0229346793916404e-01	   3.9193987825913590e-01	   4.7475172809068217e-01	   3.5252227519692536e-01	   3.5483866859351565e-01	   4.0337093073502306e-01	   2.9530895698755066e-01	   2.7478683219123878e-01	   3.7009111491812369e-01	  -2.6379020789124914e-02	   1.4057779299053691e-01	   1.8834564951313265e-01	   8.0864081090669782e-02	   1.2575362705520343e-01	   1.5550424807335420e-01	   6.2668776112022262e-02	   8.7415027584587024e-02	   2.5521970606121380e-01	   2.3587956584541658e-01	   1.9919411948114774e-01	   2.2187941876893943e-01	   2.3377684402912668e-01	   2.8185028482447744e-01	   2.6500474456913259e-01	   4.3520347747392962e-01	   3.7732784434918742e-01	   5.0423789795189811e-01	   3.0215458521235916e-01	   4.0736147998184435e-01	   2.1013182619705234e-01	   2.6114340032102767e-01	   1.2726903321726868e-01	   1.8102005320746289e-01	   2.8816028741209887e-01	   6.1830926716267887e-01	   2.7376461233841187e-01	   5.0437210860022197e-01	   2.6342342314600486e-01	   4.7625557629752796e-01	  -5.5004072826355950e-02	   2.8223704822498308e-01	   2.8610015554438673e-01	   3.8950282802223057e-01	   2.2091530737076776e-01	   1.0753762872898676e-01	   5.0308609624286316e-01	   5.9884582787968343e-01	   3.7770861444617559e-01	   3.9187663208838036e-01	   4.6191695993786852e-01	   4.3042842091100963e-01	   3.8087387690924446e-01	   3.6703133591655202e-01	   1.8830759529374469e-01	   2.2639470655744071e-01	   2.1052661467842984e-01	   2.2090256867073030e-01	   1.9377421245040374e-01	   3.0855378834197944e-01	   1.2319650237855137e-01	   2.7641015321710410e-01	   5.9498620597765478e-02	   1.6304955797369475e-01	   2.9107293272196261e-01	   4.2053595334372285e-01	   4.7285292250692562e-01	   2.5162375922690644e-01	   4.7157822407603089e-01	   2.9570164278430072e-01	   2.7565757684449593e-01	   2.9952975906333779e-01	   2.9691262285664000e-01	   2.0624130882652786e-01	   3.3317496851267503e-01	   3.2181602840727663e-01	   5.8891103372315257e-01	   4.2997276673129908e-01	   3.0406050162225640e-01	   3.1758883246688485e-01	   3.3301636699397008e-01	   1.1554097443488953e-01	   4.0827490872641936e-01	   3.5396293986151750e-01	   2.1024849904212162e-01	   2.3849009847475744e-01	   2.0238815848769467e-01	   2.9435646995011633e-01	   4.8015509152231806e-01	   4.6198640132835245e-01	   4.4627366911085592e-01	   2.2911992917093157e-01	
   6.7197928905614113e-01	   5.0610315757249380e-01	   6.5444433439694571e-01	   5.8045996261884847e-01	   5.1050063679860513e-01	   3.8809959343603573e-01	   7.7545328757740639e-01	   6.5004142050951574e-01	   5.3514422039206888e-01	   4.6555386001578708e-01	   0.0000000000000000e+00	   7.1304736517903655e-01	   8.7182321063886814e-01	   5.9186147148812640e-01	   6.5679731793597096e-01	   4.4452046109354082e-01	   5.8412506187973934e-01	   5.1992873430009579e-01	   6.1162883520200950e-01	   4.9459838831310776e-01	   2.8424864934830657e-01	   2.1802102456616906e-01	   4.1151143077007668e-01	   3.4074275877658733e-01	   2.9824499030611490e-01	   2.6370979419323748e-01	   4.4542314647677222e-01	   4.5122327448187705e-01	   5.7194688859058052e-01	   4.7129204406107450e-01	   3.2228693476819509e-01	   2.6884599231041750e-01	   5.5882998645030024e-01	   5.5938347568068980e-01	   1.2981892442035173e-01	   1.0894067640360908e-01	   1.0435818412234157e-01	  -1.5736165905233919e-02	   2.1726957978953571e-01	   2.0208650086002125e-01	   2.8766808000235211e-01	   3.1545562429238072e-01	   4.7588367702016604e-01	   4.5590323953329032e-01	   4.1652371290822787e-01	   4.3852588034442808e-01	   5.0160046791186130e-01	   5.1452448126382500e-01	   4.7626992872467189e-01	   4.9535983048949717e-01	   4.8459449396537280e-01	   5.1064307860765146e-01	   4.2142588577387141e-01	   3.2626636709787327e-01	   3.5782858256921846e-01	   3.9472217416223843e-01	   4.5573150242517829e-01	   5.4813915166206317e-01	   6.1598325426672396e-01	   5.9504719277263407e-01	   5.8611956897593631e-01	   3.7143777289136437e-01	   6.9637988877130552e-01	   7.1090489172428262e-01	   2.6316221383490268e-01	   2.3061044925729596e-01	   5.4206915792678378e-01	   4.7025370868050703e-01	   4.0400657461674605e-01	   3.1400030176813021e-01	   5.2830677281880878e-01	   4.5993496163015440e-01	   6.5891482405844881e-01	   6.3121564098796712e-01	   6.4807720851964601e-01	   6.6085773015925731e-01	   6.4064376276260426e-01	   5.8324596242367233e-01	   5.0588782954191325e-01	   5.6984859020661727e-01	   4.5068586884853601e-01	   5.1397757843485425e-01	   4.2993380032312045e-01	   4.2898034849729916e-01	   3.4025493066146512e-01	   4.8339444972683498e-01	   6.8800092993401923e-02	   2.3230839330593897e-01	   3.9604190556113528e-01	   4.9867059413708037e-01	   3.0551020752025321e-01	   2.7693556158406618e-01	   1.9602207061891383e-01	   3.0367095380965925e-01	   4.2740423391075699e-01	   3.2583972842480230e-01	   4.7104194969602536e-01	   4.3663955120206410e-01	   5.1822021777565830e-01	   5.4122666847736545e-01	   5.0424272265086933e-01	   5.1194361170022362e-01	   5.2191174289496223e-01	   4.7244509589515432e-01	   2.7042561454513359e-01	   1.3111335918056299e-01	   3.5270471857909907e-01	   2.6953853324774246e-01	   4.0883116031156286e-01	   4.2347014807770522e-01	   3.4322852066511700e-01	   3.8486044664141261e-01	   3.9533894153738525e-01	   4.4163182677684609e-01	   4.1981212237840498e-01	   2.3014044041636839e-01	
   6.9343936754178392e-01	   6.6712975497335147e-01	   3.8703833901165291e-01	   5.1934967143935240e-01	   3.0187336693911776e-01	   2.6531952011826532e-01	   5.0216420405496820e-01	   7.0522968421256660e-01	   3.3445201472372743e-01	   4.7273960985323771e-01	   7.1304736517903655e-01	   0.0000000000000000e+00	   6.4773139639476518e-01	   8.7332811806635113e-01	   5.0199577574575316e-01	   6.5199319161978608e-01	   7.1383958258419900e-01	   6.5217044715196026e-01	   6.4265033046156517e-01	   6.2322197490589759e-01	   3.2609278710025724e-01	   3.4833320864904765e-01	   1.4619517353584877e-01	   1.8978437325973149e-01	   6.8356233173378578e-02	   1.0491162212933761e-01	   2.6761456704789000e-01	   3.0309191126741453e-01	   7.0286651011244716e-01	   7.4303742780311333e-01	   3.4811114649225500e-01	   3.0993967904188541e-01	   6.5171513124064118e-01	   7.0233446165624747e-01	   8.2064783131485908e-02	   1.4930812568785853e-01	   3.0876503635426727e-01	   2.4084988195316354e-01	   4.7497725532907958e-01	   4.9699102657291405e-01	   5.5063317797816236e-01	   5.2216255781372911e-01	   5.8120595189744173e-01	   5.8900440555350564e-01	   5.1168380540008496e-01	   5.6019695407775627e-01	   6.3174922663873345e-01	   6.1820436365206288e-01	   5.4288169282815490e-01	   6.1265835484836462e-01	   5.6750635129154092e-01	   5.8926206119516233e-01	   5.2960079567538654e-01	   4.0024472807709777e-01	   4.8225961597683342e-01	   5.1997093806370487e-01	   6.0935710067489146e-01	   6.4410947094256166e-01	   6.4333154623778221e-01	   7.1707402198467318e-01	   4.8197723779657575e-01	   4.9259613137982633e-01	   7.6875038297350640e-01	   8.6263729006478651e-01	   2.3857864980335153e-02	   1.4559113919919750e-01	   5.3324251291837466e-01	   5.8208369992616449e-01	   5.4766404435644578e-01	   3.7852591799006108e-01	   4.0471302934905579e-01	   4.1192762095865482e-01	   7.0970177630277154e-01	   7.2632852565669737e-01	   7.4669515439149980e-01	   7.6129385952546125e-01	   5.9403372157006262e-01	   6.9242392440976053e-01	   6.9060043173692864e-01	   6.9254731586319118e-01	   6.4843512589617802e-01	   6.6267487499085165e-01	   5.4741449346473192e-01	   6.9274230799698788e-01	   4.0058010384573423e-01	   5.0927785380324631e-01	   3.7537298323507340e-01	   4.3811031331519196e-01	   5.4196698211222338e-01	   5.3646957035084264e-01	   3.3025567560038765e-01	   8.6690197979268080e-02	   1.0966334848846446e-01	   1.1179027371100503e-03	   5.2082255897631780e-01	   4.7081987278490034e-01	   5.8042079843620509e-01	   5.8496373653965605e-01	   6.4120549326007314e-01	   6.0911979558261309e-01	   6.8486914480473216e-01	   3.2488481295763716e-01	   6.4423793964516041e-01	   5.3883667684825753e-01	   2.7868442136531713e-01	   1.1825649919667243e-01	   3.7505527872576205e-01	   3.0899154601238243e-01	   4.5735266258902818e-01	   5.1346998575217451e-01	   4.2778178129326239e-01	   5.3786843774049131e-01	   5.1947189884728928e-01	   6.3643295413497203e-01	   5.8036415116555273e-01	   3.2432274956212737e-01	
   6.6067690517377831e-01	   4.8271486607748687e-01	   7.2271271141131277e-01	   6.5546790941125188e-01	   5.7730715309168346e-01	   5.0320785240070143e-01	   7.7929184023157438e-01	   7.2927048564251118e-01	   5.1082007088745773e-01	   5.3072375207199562e-01	   8.7182321063886814e-01	   6.4773139639476518e-01	   0.0000000000000000e+00	   6.6547946182731355e-01	   6.6913565863609947e-01	   5.4305644336402414e-01	   5.3566884322844943e-01	   4.4162432630888049e-01	   5.8019099386662232e-01	   4.2000871879089330e-01	   3.1198863812701505e-01	   3.6534173174717183e-01	   4.9377669130307644e-01	   4.2948181268752816e-01	   3.8035243669976548e-01	   3.9311416312227154e-01	   5.5135580130785733e-01	   5.4663260777745171e-01	   6.0399472216789085e-01	   4.9120255210669539e-01	   4.7521131126275740e-01	   3.8855066061889171e-01	   6.0026146043975037e-01	   5.8809278557218869e-01	   2.0152769346936805e-01	   1.9891149200744124e-01	   2.7939839652992698e-01	   3.3398724523534679e-02	   3.0892118027687715e-01	   2.6012462243827117e-01	   3.6826253927870428e-01	   3.4153497916099712e-01	   4.8054464250359419e-01	   4.6540445995782531e-01	   5.0656086913141229e-01	   5.1253912522457967e-01	   5.4840132793320273e-01	   5.5682053371714346e-01	   5.7926276621807149e-01	   6.1024536537005702e-01	   5.8769799860482874e-01	   6.3145538167573445e-01	   5.2732734799694270e-01	   4.6037513755649395e-01	   5.1708418094071917e-01	   5.2621862726827517e-01	   4.1898878403482559e-01	   4.7152654647986852e-01	   6.4128959135916008e-01	   6.0221284011281484e-01	   4.7472457033044069e-01	   3.0613313039898066e-01	   6.4146535204939292e-01	   6.3308607658324467e-01	   2.0360441345503416e-01	   2.4597164453321155e-01	   6.3140779335209629e-01	   5.7722685842284172e-01	   4.1453445243058656e-01	   3.4915722158181550e-01	   6.2512531438680219e-01	   5.6363663202140857e-01	   6.2081492884709677e-01	   5.8585789972701052e-01	   6.3432809865103734e-01	   6.2239731581844193e-01	   6.5248076326613735e-01	   5.2053704019374891e-01	   4.8514661889954352e-01	   5.3293575085063671e-01	   4.8475593702531539e-01	   5.0977789878714097e-01	   4.9689638957033178e-01	   4.7417488318281731e-01	   3.7940660757962680e-01	   5.2258119431216910e-01	   2.2014312430262542e-01	   3.0279634366340380e-01	   4.8693924762918711e-01	   5.5826371920467066e-01	   4.2025295286276487e-01	   3.3626794190769838e-01	   2.4390869524257427e-01	   3.6017452988653392e-01	   4.5109012898531686e-01	   3.0399747531414845e-01	   5.2625150255447084e-01	   4.6970508677071643e-01	   5.9937524601052328e-01	   6.1978974346534532e-01	   5.7617221532946639e-01	   5.5367519550906641e-01	   5.4642969474774961e-01	   5.1619560963665767e-01	   3.8004188332597633e-01	   2.1470335481018010e-01	   4.0768393319439888e-01	   3.0198200845923695e-01	   4.3286792247448824e-01	   4.4565993291030348e-01	   4.0539274442448059e-01	   4.0236168052992016e-01	   4.4134004785130887e-01	   5.1990561322589224e-01	   4.9310048615685853e-01	   2.3844200584091080e-01	
