   0.0000000000000000e+00	   7.2640797185304029e-01	   3.1734550451258725e-01	   1.5526542894982157e-01	   1.4160545722095813e-01	   1.9917797124490980e-01	   4.1232014062930661e-01	   1.5267026003730461e-01	   2.3240787125004631e-01	   1.7937593816863862e-01	   6.9425438557429608e-01	   3.5994491097577674e-01	   5.1994133276366772e-01	   2.7508555514175870e-01	   3.8447248473881768e-01	   2.6183113700103944e-01	   3.8717700964851043e-01	   3.8155271598616242e-01	   7.3007054196247800e-01	   5.3386568006002610e-01	   2.7393583158583773e-01	   2.2624539069210969e-01	   7.9959457191331518e-02	   5.3830636028037240e-02	  -3.9580343427340917e-02	  -1.0936164210557139e-02	   2.0850483801114550e-01	   2.0225215422025666e-01	   3.9311971072690188e-01	   2.8385936089305464e-01	   1.7821589136087970e-02	   3.2929798396782547e-02	   1.9886812413804589e-01	   2.2770494399542102e-01	  -1.9326729401926218e-01	  -1.2555557154476943e-01	   1.0638718359967819e-01	   1.4017474164184224e-01	   1.0699689880321404e-01	   1.0981158184077740e-01	   4.4493399877878909e-01	   4.2139970839497770e-01	   3.3923212814670450e-01	   2.3774544100993059e-01	   1.3460689828917660e-01	   1.2061351238767307e-01	   3.6014684453529444e-01	   2.3261807310493576e-01	   3.8293389214777085e-01	   1.7766743679170516e-01	   4.2144319535537250e-01	   1.9391959543900539e-01	   5.3160363614479222e-01	   3.6165203737190743e-01	   4.4182898165085693e-01	   3.2539971161966214e-01	   6.8947686113914841e-01	   7.0671732657139341e-01	   6.3509467754574023e-01	   3.5692990701167104e-01	   7.0432439685441350e-01	   2.9985202828693758e-01	   6.7065400080072990e-01	   2.1433431992523583e-01	   1.3500316695155595e-02	  -1.2946013350906288e-01	   1.3348113232543327e-01	   5.4579367943893550e-02	   3.6181645108047295e-01	   3.5090579337996175e-01	   2.3199666815589420e-01	   3.3941754491180570e-01	   5.5695020163431130e-01	   4.4940545801085224e-01	   5.4149666360828086e-01	   4.7810281473381655e-01	   4.2936414640507403e-01	   3.5534822533077060e-01	   3.0019201006640361e-01	   4.1855466409689229e-01	   5.1194183303586827e-01	   4.6995404128816598e-01	   6.0190779341568978e-01	   4.5466042620265024e-01	   4.5937957616615122e-01	   4.5499328117724003e-01	   4.5728683642274159e-01	   2.9034755363459364e-01	   2.4694019484473034e-01	   2.9032743039398734e-01	   5.5304116484087018e-01	   5.4495097542066173e-01	   3.2432631076210100e-01	   3.4818607896741227e-01	   1.5977750595879203e-01	   1.5835183841316026e-02	   1.9413677995199474e-01	   2.3010098241414295e-01	   6.2024895580016870e-01	   6.8658288261213574e-01	   4.1953469861799098e-01	   5.9643477090252917e-01	   5.2008301367474785e-01	   6.3941501190385730e-01	  -3.9234072825579169e-02	   1.0205944846951026e-01	   5.0277341744862358e-01	   4.7259979586370027e-01	   1.0352109441079171e-01	   1.5981517399407097e-01	   2.3950210547437570e-01	   5.5140394815470806e-01	   4.5837163093711086e-01	   4.0529446130144564e-01	   2.3599814894579543e-01	  -1.8472490226399774e-01	
   7.2640797185304029e-01	   0.0000000000000000e+00	   2.9306727637446445e-01	   3.1295851637123195e-01	   3.2604837952934129e-01	   4.0453527040307580e-01	   3.9310815653482512e-01	   4.0264312113706974e-01	   2.0006085757923481e-01	   4.2712555898846361e-01	   5.4615739947814057e-01	   6.2689140957827405e-01	   3.9125510570684363e-01	   5.0216228846869393e-01	   3.8049165405503826e-01	   4.4559852043396408e-01	   5.9714739249020043e-01	   6.5429379727337866e-01	   7.6170036349848580e-01	   7.0300518112470034e-01	   4.5243953658598557e-01	   4.9914941210691183e-01	   1.2841700467540751e-01	   9.3310849810159080e-02	   2.6126254367796701e-02	   6.6264284519809799e-02	   3.4220423125977700e-01	   3.9272756612322823e-01	   6.4663800508047453e-01	   6.4684914868572896e-01	   4.2244962661397023e-01	   3.9277203950258244e-01	   4.3959556983408921e-01	   5.7289570725998895e-01	  -6.1760529681741103e-02	   6.2589775282039503e-02	   9.1410484010069168e-02	   2.7895337303073314e-01	   1.1864536836777230e-01	   1.5892954730677006e-01	   5.6978799829208671e-01	   6.9482933488158416e-01	   3.2946743733176687e-01	   3.0628980577119364e-01	   3.3571847464970034e-01	   3.9264376440653925e-01	   5.1505335119746409e-01	   3.6789112526023615e-01	   2.6720471578592364e-01	   2.4620922897581193e-01	   2.6782547247161204e-01	   1.9956149837824877e-01	   4.3726445485758991e-01	   2.8946728614458955e-01	   4.2800528324113607e-01	   3.4552976745619568e-01	   7.5674704102758350e-01	   8.8353073710151375e-01	   4.8769168454856388e-01	   5.3483089217088964e-01	   5.1436816753006498e-01	   4.7498978297237376e-01	   7.4693012938839731e-01	   5.9997685657475608e-01	  -5.8821854462740186e-02	  -2.9171118330935601e-02	   3.0377117207888438e-01	   2.7714063500295477e-01	   3.3651472600918542e-01	   5.2834725885776712e-01	   2.8738044562991810e-01	   3.1033931876232435e-01	   6.6313000159799829e-01	   7.3122781951795335e-01	   5.9487876958809793e-01	   7.4561582705426588e-01	   4.6281184008878368e-01	   6.1350672425267538e-01	   5.3040793270281228e-01	   6.8524386189500308e-01	   6.6830250583642792e-01	   6.4873441847943714e-01	   6.4991553722145978e-01	   6.6691050633892179e-01	   4.6188237734722570e-01	   5.4645249033765997e-01	   3.4326271882751264e-01	   2.1115592153420085e-01	   1.8748912673560747e-01	   3.0103613866673906e-01	   5.6695552176337116e-01	   3.2318516789707924e-01	   2.8403584620453426e-01	   1.6401858707624667e-01	   1.8197227018098622e-01	   7.1841042893110068e-03	   2.4157789083205111e-01	   2.6534232699219085e-01	   6.9020356010890982e-01	   5.8632248047384583e-01	   6.0558022379164378e-01	   5.0328627484503141e-01	   7.6882628398845343e-01	   6.8911868310845015e-01	   9.8471099852134217e-02	   1.7741714616905110e-01	   3.5810072003199500e-01	   4.8087674931455437e-01	   9.1258251304442456e-02	   2.2008105412732876e-01	   3.3103086895956652e-01	   6.0329691749719583e-01	   3.9671724693310739e-01	   4.1045667647074369e-01	   2.8502910943126025e-01	  -1.2079844296317022e-01	
   3.1734550451258725e-01	   2.9306727637446445e-01	   0.0000000000000000e+00	   5.3507673809157008e-01	   6.3630936741549249e-01	   4.4806132468202048e-01	   7.6167697461267125e-01	   5.1344574760493489e-01	   4.7093288337573747e-01	   3.7044633245018826e-01	   1.9720561006740348e-01	   1.9038177452136607e-01	   4.0465806182577402e-01	   2.1453639173661165e-01	   5.8200563031599095e-01	   3.7761925839082255e-01	   9.6802950777330893e-02	   1.7692159067414270e-01	   4.9063607605072102e-01	   1.5685113204363849e-01	   4.5104017398141882e-01	   4.2707275564398139e-01	   7.9242422037429650e-01	   5.5571342166483673e-01	   5.6607687851064414e-01	   4.6718647760695875e-01	   5.5723928054706739e-01	   4.3642173523201355e-01	   5.4841612857810265e-02	   7.3402125464841927e-02	   5.0227719686810901e-01	   5.0132922971455351e-01	   6.5086539595061876e-01	   4.9522482102908599e-01	   4.9368749425658315e-01	   4.5715464894164837e-01	   3.5960914485421358e-01	   2.6674793237173472e-01	   3.7179831945196534e-01	   3.7698854613786714e-01	   2.7253270297742177e-01	   3.3784765032462838e-01	   4.9216978203247969e-01	   3.7504691253335209e-01	   3.8099225935133146e-01	   3.3684748815545495e-01	   4.0790172290294263e-01	   4.3040651054540269e-01	   3.1426002908439066e-01	   3.4369782929869030e-01	   4.7066210317474949e-01	   5.0366858027974604e-01	   2.0698635742872606e-01	   4.4000393361211487e-01	   2.9925765725747372e-01	   3.8057698241182003e-01	   3.5097644342071749e-01	   3.4582074764431858e-01	   3.5701590691819163e-01	   4.3222172056552743e-01	   3.2051228284006350e-01	   3.0078148682385364e-01	   1.3062461390507960e-01	   5.7405201855191663e-02	   6.6601451487689989e-01	   4.6995329324930912e-01	   6.7641544534150544e-01	   5.5473029444724609e-01	   7.0838720263893451e-01	   6.5363513438678433e-01	   3.9219158889204253e-01	   3.5602140121645054e-01	   2.8584118551691634e-01	   2.4936636978552096e-01	   1.6353883405318448e-01	   1.4775310315541779e-01	   4.1141153312056733e-01	   4.5759833534774474e-01	   2.0265127431583180e-01	   3.4190381390330821e-01	   2.7779854792944925e-01	   3.1028827595539160e-01	   5.7285049450909042e-01	   4.3007633534433043e-01	   6.9948770018976791e-01	   5.5825800206063714e-01	   5.8259862790981276e-01	   4.9253006021410184e-01	   5.0207570361541753e-01	   4.8564931632744845e-01	   6.0951855077720973e-01	   6.6210955073927458e-01	   4.5521495047926686e-01	   5.5647464339708463e-01	   7.3538662487530160e-02	   2.2416560914913455e-01	   3.4922575830251401e-01	   4.7694922831015096e-01	   4.9688388833881336e-01	   5.8269548875103361e-01	   3.2311734998604180e-01	   4.4481620750962209e-01	   3.7002226132384075e-01	   3.9958836421047150e-01	   1.2571337773554550e-01	   3.3005458951904437e-01	   2.3971448597915979e-01	   4.1243234192052664e-01	   2.0883959758472670e-01	   2.4417926645097598e-01	   4.9252301491337780e-01	   5.8990182073827524e-01	   4.3055000609482663e-01	   5.2031839970306837e-01	   3.4401377133761157e-01	  -5.8031891237858915e-02	
   1.5526542894982157e-01	   3.1295851637123195e-01	   5.3507673809157008e-01	   0.0000000000000000e+00	   3.1686049764742452e-01	   4.6654914786742541e-01	   1.6753436391975562e-01	   6.9472803464767807e-01	   9.1456554572636128e-02	   4.6279464874295173e-01	  -1.8199350537048428e-01	   1.4619597660103495e-01	  -5.3041768595477538e-02	   1.6273519861794933e-01	   3.2878172119978361e-01	   5.5311760829989987e-01	   1.2627850242676339e-01	   1.0876298119165559e-01	   4.1614298733613431e-01	   2.2965428304381763e-01	   3.2402020815072458e-01	   5.5461510316244633e-01	   7.3503463271697467e-01	   8.4410543454585807e-01	   6.2714434440801414e-01	   6.5142754699227623e-01	   5.0973934527390097e-01	   5.0190330031892971e-01	  -1.1165913904852689e-02	   1.0988717687943116e-01	   5.7095116331840545e-01	   7.3420473646970841e-01	   5.5272115036755665e-01	   6.2881299918467715e-01	   5.3702079521136792e-01	   6.4770383547890042e-01	   3.1261798462193557e-01	   4.2025594949629191e-01	   3.3736853663629729e-01	   4.5281880651950535e-01	   1.9790557882499668e-01	   4.0864727404411011e-01	   4.7532368555200716e-01	   4.3308434368990278e-01	   4.1781882244438234e-01	   4.8276755404343608e-01	   4.4699509836710510e-01	   5.1304728897908736e-01	   3.3116999851813628e-01	   2.4479569208427138e-01	   3.5910665237145079e-01	   5.3711851089869467e-01	   3.6336863152476878e-01	   4.5441981083374355e-01	   2.8052051321847060e-01	   3.2309838669049884e-01	   3.7541263718930756e-01	   2.7966415767650266e-01	   1.8693682355945448e-01	   5.1113035189734690e-01	   8.5517730690928204e-02	   2.4053064381957717e-01	   2.7054939455428604e-03	   1.7914047249454564e-02	   1.5736312035774586e-01	   5.7209126684089606e-01	   5.1373570048340322e-01	   7.1543659971796869e-01	   5.6073572994436660e-01	   6.4157823093655064e-01	   3.6206131037942035e-01	   5.2132787974950001e-01	   1.0636905118587942e-01	   2.8212208954232698e-01	   1.9246956740501089e-01	   1.2548757469599220e-01	   3.3788589652195555e-01	   5.1656630938983650e-01	   2.3136474196644999e-01	   2.7683939546684844e-01	   1.1555314023302370e-01	   1.4973953518419597e-01	   2.6731055532363118e-01	   4.0011932486210094e-01	   4.6072988671089088e-01	   4.6474389695499030e-01	   4.0126991054622962e-01	   4.8683287998756436e-01	   5.1960104778158267e-01	   5.7500853761413329e-01	   5.5695139353960643e-01	   2.9031136765925253e-01	   5.2134929576260269e-01	   1.5716786905907532e-01	   2.0273674928556251e-02	   2.0830533796346604e-01	   3.5224333894820842e-01	   4.8094099572941629e-01	   3.8874818840206599e-01	   3.2041139692188597e-01	   2.6427502999720742e-01	   5.0220649354766188e-02	   2.7571804974747577e-01	   1.6436412123369176e-01	   1.9404840724922848e-01	   2.5762533133386123e-01	   8.3411211673990959e-02	   2.2965113742620044e-01	   1.3663962159377585e-01	   3.4116981241416638e-01	   5.1117316806735702e-01	   5.1836352836998978e-01	   4.0918211165851442e-01	   5.5519632049130363e-01	   4.5738263141821400e-01	   6.3753996015061057e-02	
   1.4160545722095813e-01	   3.2604837952934129e-01	   6.3630936741549249e-01	   3.1686049764742452e-01	   0.0000000000000000e+00	   8.2698060305895571e-01	   7.2576725383247842e-01	   6.2683475255597831e-01	   6.6853137780663896e-01	   6.9636676936822783e-01	   1.6792391295793196e-01	   3.7702791240184597e-01	   3.5752293282785741e-01	   4.4691808279254364e-01	   5.9838086561324333e-01	   6.0182874866317149e-01	   1.3484788928981795e-01	   2.6302839689300972e-01	   3.9691879535221669e-01	   1.1752568693793891e-01	   7.2529054241348889e-01	   6.9580569736709363e-01	   5.1221094902280229e-01	   3.4059425451990311e-01	   2.8861520120598894e-01	   3.2040241136132058e-01	   8.0223276399943766e-01	   7.4944210724795035e-01	   2.5162123772002837e-01	   2.6394321601926346e-01	   6.1575613878602109e-01	   5.1016908447020004e-01	   5.3907940963375989e-01	   4.8234821434978076e-01	   2.1429746017409199e-01	   2.9556704834370967e-01	   7.8153933700420605e-02	   2.2571981577432990e-01	  -1.0477190127817237e-02	   8.2924626911953153e-02	   1.0713374514877577e-01	   3.7466488242649532e-01	   1.5983321290248045e-01	   1.1392931669407541e-01	   2.2664527048185618e-01	   2.3874047261398046e-01	   2.5046100566149876e-01	   2.3017593598365488e-01	   1.5708324108202337e-01	   4.6115537828854164e-01	   2.1487682228532828e-01	   2.5052506424209214e-01	   1.1251968459499079e-02	   2.3116649388839722e-01	  -8.7917437185494683e-04	   1.6362049471317650e-01	   2.3951662780191707e-01	   3.6417934195959156e-01	   2.9226776132523574e-01	   5.6219710359434361e-01	   2.3679463532071304e-01	   5.7154180494741202e-01	   2.3162007512851404e-01	   3.1263273687164272e-01	   5.6368513328969094e-01	   4.7219756071233804e-01	   4.6461307620890357e-01	   3.6655386390213041e-01	   4.7018154467025075e-01	   5.5677543862032464e-01	   3.4685232957248552e-01	   2.1881332303275577e-01	   2.2099293591671546e-01	   3.1920173937685353e-01	   6.8105939803145749e-02	   4.0088562159903007e-01	   1.3153988845003761e-01	   4.0264834754737489e-01	   3.3679190453177654e-01	   3.5713482266957430e-01	   4.0538195975726410e-01	   3.6967814151091138e-01	   3.6969503422770666e-01	   4.3089736143127666e-01	   4.1236916185610867e-01	   3.7714801140137588e-01	   1.3545677474960413e-01	   5.3995716562467821e-02	   3.1085099624623880e-01	   4.8331359197802914e-01	   5.5719423500497789e-01	   5.0598197369286291e-01	   4.7266573894422315e-01	   4.9495669437083134e-01	   1.6705874984567518e-01	   1.1670630896580775e-01	   2.1208906145620476e-01	   1.8830398797342954e-01	   3.0468126264547080e-01	   3.7452977305682367e-01	   6.4027338566548631e-01	   4.6865265882391594e-01	   6.1970136288804234e-01	   5.6265360592142444e-01	   3.3117059236112140e-01	   3.8378063809368501e-01	   1.5755318782778227e-01	   3.6346964787437419e-01	   9.0309109316498534e-02	   1.3078363019746936e-01	   3.0731374624867575e-01	   3.4701444022997696e-01	   1.4735541746572664e-01	   2.4026577934476834e-01	   3.2678194037456998e-01	   6.9036512401126224e-02	
   1.9917797124490980e-01	   4.0453527040307580e-01	   4.4806132468202048e-01	   4.6654914786742541e-01	   8.2698060305895571e-01	   0.0000000000000000e+00	   5.0332185240833049e-01	   7.8633361245858557e-01	   4.8219054658033378e-01	   6.8080031038100186e-01	   7.8359518154841823e-02	   3.8192320766872667e-01	   3.4806978346208006e-01	   5.5739624449578284e-01	   5.7570462617647133e-01	   7.4212225655334618e-01	   1.8228638677982451e-01	   1.9164080787206900e-01	   3.9471980726902911e-01	   1.3887363117321094e-01	   8.1043673905795865e-01	   8.6234356276511526e-01	   4.5198036125891289e-01	   4.6025785500022204e-01	   3.7459750689776450e-01	   5.0896342169213538e-01	   8.9897426583430518e-01	   9.2358918045094263e-01	   1.8848922318263617e-01	   1.9846541862688155e-01	   5.5405362759062060e-01	   5.5410745050639143e-01	   4.9026934225302393e-01	   5.4653663126337526e-01	   1.2466201391993438e-01	   2.8931164016719191e-01	   1.5521324728550268e-01	   3.7727808786797989e-01	   9.3179934816306820e-02	   2.1520189264365622e-01	   1.2786359851001361e-01	   4.4391881364116487e-01	   2.1701543270033441e-01	   2.1144013095849445e-01	   2.0768049256078394e-01	   2.6487555809403041e-01	   2.4502491480382665e-01	   2.7365426472732302e-01	   1.7261909127013775e-01	   5.5823887962741470e-01	   2.1522564393833646e-01	   4.1428297019141114e-01	   2.1637815595166733e-02	   1.1073559315161302e-01	   9.5555894217375328e-02	   2.2957060661953657e-01	   3.0016977821058960e-01	   3.5402546006998303e-01	   2.0189871505260448e-01	   6.3363679854516830e-01	   1.1347768775022263e-01	   5.7577594146987532e-01	   2.1579756035583042e-01	   2.1916591615548803e-01	   3.3436453562129659e-01	   5.8158384398229679e-01	   3.8549743761122779e-01	   4.2711501313031408e-01	   4.4291373451973537e-01	   5.3441698488228195e-01	   2.7495157146476218e-01	   3.1262971232006370e-01	   1.2058534369269300e-01	   2.9392181788520028e-01	   5.4305262379351002e-02	   4.5326923977447364e-01	   1.3522084431690418e-01	   5.0036608355100087e-01	   4.2119819099578093e-01	   3.3210912230521039e-01	   4.0295726893639783e-01	   3.1054688316034418e-01	   2.4249687068854398e-01	   3.2175753206165264e-01	   3.9002457587719397e-01	   3.0960702118637978e-01	   8.8981484165987862e-02	   6.2712017405891052e-02	   4.2193237780777326e-01	   5.9738464857362428e-01	   5.6323990497032650e-01	   4.1821571592721962e-01	   6.2372257125220310e-01	   4.6165867468360000e-01	   8.9781043735397970e-02	   1.5925907915070769e-01	   2.6383432173039517e-01	   2.5592881971858389e-01	   2.7038390809632823e-01	   3.3962640347629325e-01	   7.2548799832044608e-01	   4.2951482272550046e-01	   6.5501619237158748e-01	   5.9038747947271208e-01	   4.7153937627677311e-01	   4.8730733103463297e-01	   2.0116017764986882e-01	   3.8401833445252731e-01	   4.7735027887663740e-02	   1.7925881275740438e-01	   3.4696994734237024e-01	   3.3121128443424047e-01	   1.2087044724753343e-01	   2.0798271393722800e-01	   4.5679412427569627e-01	   1.1793067878829898e-01	
   4.1232014062930661e-01	   3.9310815653482512e-01	   7.6167697461267125e-01	   1.6753436391975562e-01	   7.2576725383247842e-01	   5.0332185240833049e-01	   0.0000000000000000e+00	   5.2565097455028464e-01	   7.3998974567557108e-01	   5.5793517736349862e-01	   5.5524177584785672e-01	   5.0815006462019141e-01	   6.5709912544411664e-01	   5.1841275674828902e-01	   6.1728671784100198e-01	   4.2753910464655420e-01	   3.0261235428799844e-02	   1.9557477694348233e-01	   5.1786738888107553e-01	   2.0030073746873026e-01	   4.5941257446960526e-01	   3.5251228041114574e-01	   3.8226982351312089e-01	   1.3755969870737003e-01	   7.5945241479358022e-02	   4.6986268709751811e-02	   4.9758176253453845e-01	   4.0526552248410919e-01	   2.6250056658389359e-01	   2.3871763567143561e-01	   3.5124169638763991e-01	   2.6576723359862531e-01	   3.6855931632217503e-01	   2.9254486245204814e-01	  -1.9470509881598461e-02	   3.2189903547867049e-02	   2.8429999410911871e-02	   4.7673362496176860e-02	   7.9602944817094758e-03	  -3.1786854261568104e-02	   1.3703688729591534e-01	   2.1206964074237078e-01	   2.1838389474407668e-01	   4.3964185461334418e-02	   1.5967545656641483e-01	   1.2966034510935742e-01	   1.9409920142339132e-01	   1.2215168426444235e-01	   2.7568658422917447e-01	   4.6480271632473769e-01	   3.4699491263501220e-01	   2.8020314055584616e-01	   1.1285773080161196e-01	   1.9444162136278309e-01	   1.1016162714337543e-01	   1.8489206549128756e-01	   2.5017390976253950e-01	   4.3929375960715772e-01	   4.9746054620660829e-01	   5.2626781951494717e-01	   5.4881561167317461e-01	   6.1605033467135772e-01	   3.6504106442090700e-01	   3.1838861225487675e-01	   5.9186095042823839e-01	   2.5210050077342644e-01	   4.0149527481239877e-01	   2.1894186191025788e-01	   5.1298987052477196e-01	   5.2732913613222676e-01	   3.3908153096102278e-01	   2.2834578577357417e-01	   3.6184994231245504e-01	   3.5006460384972327e-01	   2.2173713819831983e-01	   3.2622394434549806e-01	   2.3738618584315357e-01	   3.4924112585700917e-01	   1.2429786502322043e-01	   2.8030940703516716e-01	   3.9066592245285775e-01	   3.6933025412784720e-01	   5.9332090297763773e-01	   4.8847249902619605e-01	   4.8421735310289060e-01	   4.7816563419439595e-01	   3.0488557626835133e-01	   1.0617720302526437e-01	   2.4242905015505417e-01	   3.7929377943800080e-01	   5.7243974503973960e-01	   6.1518139721117793e-01	   4.0910602214151826e-01	   5.3053766499610011e-01	   1.5338046489610507e-01	   6.8879135430584715e-02	   1.4060022727537813e-01	   1.4149375862275887e-01	   3.7281877292339838e-01	   4.8671698167607980e-01	   5.9084095854702667e-01	   5.6908452536327170e-01	   5.6020012473010961e-01	   5.5104423709368999e-01	   1.3143139249168007e-01	   2.0692446344344267e-01	   4.0681505219654651e-01	   4.0396135219751506e-01	   5.7811429711158810e-02	   1.5383221291222592e-02	   1.5012447654903960e-01	   3.5349039831009843e-01	   1.8666063554025947e-01	   2.2386996721433639e-01	   1.6478164538594678e-01	  -4.3949855380837136e-02	
   1.5267026003730461e-01	   4.0264312113706974e-01	   5.1344574760493489e-01	   6.9472803464767807e-01	   6.2683475255597831e-01	   7.8633361245858557e-01	   5.2565097455028464e-01	   0.0000000000000000e+00	   4.5463089708780369e-01	   7.5842486135348230e-01	   5.5544728188798520e-02	   4.7320420373806055e-01	   3.4057213923447877e-01	   6.2335747695236288e-01	   5.5754022571975215e-01	   7.6696385744760720e-01	   1.0060998471898559e-01	   1.4059561044565128e-01	   4.6948027941317338e-01	   2.4346701913051447e-01	   5.1875081298311221e-01	   6.6104904012053600e-01	   5.2962393967820565e-01	   5.7713275187029955e-01	   3.8282042098098157e-01	   4.7276316339134872e-01	   6.7905890732512408e-01	   6.7858184604030791e-01	   1.3038598492881237e-01	   2.4356824966963092e-01	   5.5007479536337422e-01	   6.3855546270248420e-01	   5.2662980825163441e-01	   6.5308846020978861e-01	   2.1448486069300737e-01	   4.0398115145848329e-01	   2.0138939378322185e-01	   4.0137790855976868e-01	   1.5581539168764513e-01	   2.4020399481921173e-01	   1.0490860219691671e-01	   3.9500110822630397e-01	   3.1815081653136507e-01	   2.3659295062780955e-01	   3.0204944213043006e-01	   3.5888086295551158e-01	   2.8450838696097164e-01	   2.8869373482935901e-01	   2.1509248474197792e-01	   5.3295114679714584e-01	   2.4951616308445257e-01	   4.9624101070677046e-01	   1.1251870303572191e-01	   1.4399245106374026e-01	   1.3744139613234568e-01	   1.9114818759983754e-01	   2.6984237008248579e-01	   3.0909883853332765e-01	   2.1043274902243408e-01	   6.9223506994674466e-01	   1.6317097704679670e-01	   6.5940749865310755e-01	   1.8228789512418830e-01	   2.6855099181199127e-01	   2.7650657116374694e-01	   6.6951238697801374e-01	   4.4972739522192506e-01	   5.7342971796849196e-01	   5.4093466934743195e-01	   6.8091038801683534e-01	   3.3383483669662528e-01	   4.1954788050997105e-01	   1.6396178683742127e-01	   3.9463906965347118e-01	   1.8544592542294136e-01	   3.2883610342025787e-01	   1.9532548878288916e-01	   5.5537073376555757e-01	   2.3454878736429641e-01	   2.7560681064506598e-01	   2.6993893074775743e-01	   2.4476707149828780e-01	   3.0892533185667548e-01	   3.9739636443497622e-01	   4.5648804126313225e-01	   4.0335587855101429e-01	   2.2614794990432316e-01	   1.9090057379098060e-01	   4.9689877676983940e-01	   6.2812498134075823e-01	   6.2979736032054867e-01	   3.6154430994311659e-01	   6.6451655586634828e-01	   3.1062107599302186e-01	   7.2229400019714673e-02	   1.6617254542574100e-01	   2.9859152688064095e-01	   3.2666924387579449e-01	   2.7221116948539470e-01	   2.5082384580707046e-01	   6.3508081775321767e-01	   2.3200705528793236e-01	   5.2558793212903332e-01	   4.2164383224575941e-01	   3.8016612563455421e-01	   3.8877391741557388e-01	   1.8951708465335229e-01	   2.9527228447804216e-01	   5.5083390506060356e-02	   1.7131803283717822e-01	   3.4550514896102569e-01	   3.4952696418278095e-01	   2.0829234999401930e-01	   2.6938005359562833e-01	   3.9102756295858399e-01	   1.0052752345005657e-01	
   2.3240787125004631e-01	   2.0006085757923481e-01	   4.7093288337573747e-01	   9.1456554572636128e-02	   6.6853137780663896e-01	   4.8219054658033378e-01	   7.3998974567557108e-01	   4.5463089708780369e-01	   0.0000000000000000e+00	   6.6703238814989274e-01	   4.1687051776050410e-01	   4.2629248698418687e-01	   5.4125363670065019e-01	   4.9983624670796223e-01	   6.1377804913293044e-01	   5.4165036366014951e-01	  -4.0887737048941504e-02	   1.0933181886133828e-01	   4.1710388525116454e-01	   1.0628864846901960e-01	   3.4225045531477383e-01	   2.6650162948660355e-01	   2.5841725570432023e-01	   1.0162095260885923e-01	  -9.5744917704587720e-02	  -6.6579905498801162e-02	   4.7736510948488226e-01	   4.1926988815946720e-01	   2.1776481193443881e-01	   2.0743434757120716e-01	   1.6909290865300089e-01	   7.4690471297680264e-02	   1.3789946924816798e-01	   9.0303283299734194e-02	  -1.9970658619562170e-01	  -1.5518599244853548e-01	  -1.3240170003672841e-01	  -6.5762311863061418e-02	  -1.9945233159807291e-01	  -2.0715700165592107e-01	  -7.5230848648336096e-02	   3.4403317919221091e-02	  -3.8092477709762027e-02	  -1.7732983458378021e-01	  -3.0547919100117595e-02	  -8.0103971370772867e-02	  -7.1475843694345481e-02	  -1.2350397876697508e-01	   1.1571966069017067e-01	   2.3379625419301786e-01	   1.6396223072614932e-01	   1.0152639477174256e-01	  -1.5143685449396850e-02	   1.3453246523595361e-01	  -1.2885767165060724e-01	  -4.0457851118606898e-02	   1.7146707550919373e-02	   2.5048536965846979e-01	   2.2554402753702907e-01	   3.0917669377068679e-01	   3.0405620654627080e-01	   4.3713973713336579e-01	   3.0240244757428819e-01	   2.7830542718561319e-01	   3.9527930951450196e-01	   1.3593997116103951e-01	   9.1312243450154790e-02	   2.2105078970491850e-02	   2.6165522042112832e-01	   3.4772987453167747e-01	   2.6098125570796255e-01	   1.5362998660887947e-01	   1.7459635940517385e-01	   2.4001482091159404e-01	  -8.4676768055059210e-03	   1.5535071403602860e-01	  -8.0510542349202338e-02	   8.5095268602805280e-02	  -8.2534620302598810e-03	   1.6416031864129607e-01	   3.1483039171719773e-01	   2.8474538116651998e-01	   3.3988386393784814e-01	   3.4213271902350956e-01	   3.0401697666566702e-01	   3.5127814436640370e-01	   1.5092922758125613e-02	  -5.9358340587147534e-02	   1.7698832281843219e-01	   3.0325678306569182e-01	   5.0322234637590624e-01	   5.5821194782492456e-01	   4.0837597643492246e-01	   5.0315584439926686e-01	  -7.3338973378255817e-02	  -1.8296604424862387e-01	  -1.3020230562162521e-01	  -1.6267342560847492e-01	   1.3956416050798084e-01	   2.1068128827157634e-01	   5.5844968142669837e-01	   5.2495835880400066e-01	   4.4351437583456910e-01	   4.3380512465772847e-01	   1.0026112735433403e-01	   5.5084306431954402e-02	   1.7342056134338008e-01	   1.4562449896266894e-01	  -1.5759867770458408e-01	  -1.7558587231619910e-01	   1.5064488048806982e-03	   1.2518603062117920e-01	   2.2177294012369335e-02	  -9.3746803720771210e-02	  -4.8068826837593642e-02	  -7.4111957999376296e-02	
   1.7937593816863862e-01	   4.2712555898846361e-01	   3.7044633245018826e-01	   4.6279464874295173e-01	   6.9636676936822783e-01	   6.8080031038100186e-01	   5.5793517736349862e-01	   7.5842486135348230e-01	   6.6703238814989274e-01	   0.0000000000000000e+00	   2.6101899636833414e-01	   6.2058687826743708e-01	   3.0411445432152984e-01	   6.7670445674881496e-01	   5.1377052983660487e-01	   7.9804730341087904e-01	   1.3094586079452827e-01	   3.1602923247264381e-01	   5.6739753650775726e-01	   3.6588448604020640e-01	   4.0871219808838632e-01	   5.0594517144790674e-01	   2.8253987596456182e-01	   2.6454680880005288e-01	  -4.3537090871862624e-02	   2.4958328144460695e-02	   5.3698685060212470e-01	   5.4048243479083036e-01	   4.2674560647249749e-01	   5.1635644374351375e-01	   5.9097802433743696e-01	   5.3900854419618072e-01	   3.6112143924692253e-01	   4.8912389643885368e-01	  -3.2365030986667764e-02	   1.8270965738589837e-01	  -1.1054575156626309e-01	   1.2388887472659516e-01	  -1.7179554877541764e-01	  -1.1164620466660141e-01	   8.9765187646143912e-02	   2.7551781313541834e-01	   1.0025341654653321e-01	   1.2398575505844726e-02	   2.0187530176377866e-01	   2.6844223722082350e-01	   2.2834579747394454e-01	   1.4317807436770058e-01	   1.8098950111827572e-01	   3.2398950320225345e-01	   1.1542731942640212e-01	   1.0256857594747693e-01	   1.8608577327431491e-01	   1.8587560419281210e-01	  -4.0325255214776465e-02	   5.9393997016663730e-02	   2.0829149222663659e-01	   4.1194660533410055e-01	   2.9449899588776851e-01	   5.9615416486878348e-01	   2.7619100955252451e-01	   6.4464906667111854e-01	   3.6949128522543329e-01	   5.2855571843850202e-01	   5.8469796225649580e-02	   2.6153543495456055e-01	   2.1975134893344100e-01	   3.1134005562083189e-01	   3.5391215263432080e-01	   5.7042885129650789e-01	   3.4344028208962807e-01	   2.8279214149177884e-01	   3.4277209741206061e-01	   5.0523825794915256e-01	   1.8381957590852255e-01	   4.1937229847262797e-01	   3.9235048420186699e-02	   3.4459165724005547e-01	   1.6572793670062158e-01	   3.0091002140455742e-01	   3.2656908005350449e-01	   3.2572443500819104e-01	   4.2187114780599877e-01	   5.7910354871548464e-01	   2.5579614099302322e-01	   4.1647374594362641e-01	   6.0165828006245634e-02	  -8.9854358922553682e-02	   1.2516529194575038e-01	   4.6260016093403983e-01	   5.9520380633010495e-01	   3.1404521243609490e-01	   4.5050419495028526e-01	   1.7450905858813284e-01	   2.7403832079832456e-02	  -7.1348746147800707e-02	   2.0803995672729472e-02	   1.5655101129171956e-02	   2.9431027043172242e-01	   2.2258675283636359e-01	   6.9335616733155137e-01	   3.7249553965848020e-01	   6.1078467180934737e-01	   4.7439218947828754e-01	   2.0031273762245277e-01	   1.4146075975574490e-01	   1.4283488578292877e-01	   1.5976155874101527e-01	  -8.5714120753721104e-02	  -2.4301668893632944e-02	   1.5256585161804045e-01	   3.2260111709123118e-01	   1.5887348959959652e-01	   1.3235194075981949e-01	   1.7112966232573829e-01	   1.0030172196468876e-01	
   6.9425438557429608e-01	   5.4615739947814057e-01	   1.9720561006740348e-01	  -1.8199350537048428e-01	   1.6792391295793196e-01	   7.8359518154841823e-02	   5.5524177584785672e-01	   5.5544728188798520e-02	   4.1687051776050410e-01	   2.6101899636833414e-01	   0.0000000000000000e+00	   6.3429091806282689e-01	   7.6727350331633937e-01	   5.0254145741624578e-01	   4.8283859325151590e-01	   2.1270812037258752e-01	   2.1802106641149288e-01	   3.2546624184146761e-01	   5.5574973215660495e-01	   3.8718527258544255e-01	   1.6980010177394131e-01	   4.0788232206755898e-02	  -1.7471982285993093e-01	  -3.1838021407616524e-01	  -3.7519504299325712e-01	  -3.8369734135932132e-01	   3.2493612287729304e-02	   1.7734641524646794e-02	   5.5529077835585261e-01	   4.4940129827975206e-01	  -1.8938499431804076e-02	  -1.3738155952777201e-01	  -3.4058942218216079e-02	   1.5273193730422983e-02	  -4.1417118589865543e-01	  -3.2810069751331816e-01	  -1.5743533660650175e-01	  -1.1605861797878328e-01	  -2.2349081585303238e-01	  -2.9516913599639122e-01	   3.0399997140237556e-01	   2.1768298951672693e-01	   1.4971698004911152e-01	   2.1580680093392781e-02	   1.0067404955601346e-01	   9.0021454058519274e-02	   2.2077908394915202e-01	   7.0541946449284992e-02	   2.7791987244781202e-01	   1.7485066955464806e-01	   2.1020668372390178e-01	  -3.5928003087222160e-02	   3.0273930240701802e-01	   1.2028783742767005e-01	   1.8625481045042946e-01	   1.0605688126030874e-01	   2.7009321426867616e-01	   5.2540915110944830e-01	   5.6122249413863068e-01	   2.8508078954141569e-01	   5.9953943731447135e-01	   2.9558512290718875e-01	   7.1282837448577585e-01	   4.2690450915385580e-01	  -4.1123217945233222e-02	  -3.4516769551229620e-01	   3.2164839838116334e-02	  -9.5977164753162841e-02	   1.1301509794994696e-01	   2.1086898509188989e-01	   1.9309495657884801e-01	   5.7222403623568480e-02	   4.4274267305028114e-01	   3.5513249202524422e-01	   3.0014488715488918e-01	   3.5618496228141261e-01	   2.9569181827256041e-01	   2.1946504477732712e-01	   1.3466552348293162e-01	   3.2225966106654436e-01	   5.4744341827864362e-01	   5.3042129314483222e-01	   6.4739106096789656e-01	   4.9958795925510846e-01	   3.2514365537420836e-01	   4.4936572998144120e-01	   1.5053985298505634e-01	  -6.9250926789058920e-02	  -1.0505167940496928e-01	   4.0517633223328131e-02	   3.9810112768779543e-01	   4.3260891948932190e-01	   1.4494920446410892e-01	   3.0130970768914234e-01	  -3.9068816377574880e-02	  -2.1191985672599795e-01	  -1.1005333853245119e-01	  -1.6209327304772267e-01	   4.1603201523387068e-01	   4.6553026331127023e-01	   5.1841823567534628e-01	   6.4465373225068856e-01	   5.2128148528585738e-01	   5.7768927315140428e-01	  -2.5236109520188781e-02	   1.9548392270536553e-02	   4.2689515839994768e-01	   3.5810980938377934e-01	  -1.6293043792266759e-01	  -1.6468848527919069e-01	  -5.9472889261088999e-02	   2.9203182441226494e-01	   1.9693994639341084e-01	   1.8685476351403704e-02	  -1.3999486591087856e-02	  -1.0603150823787426e-01	
   3.5994491097577674e-01	   6.2689140957827405e-01	   1.9038177452136607e-01	   1.4619597660103495e-01	   3.7702791240184597e-01	   3.8192320766872667e-01	   5.0815006462019141e-01	   4.7320420373806055e-01	   4.2629248698418687e-01	   6.2058687826743708e-01	   6.3429091806282689e-01	   0.0000000000000000e+00	   5.4525342144266853e-01	   8.5173123406886353e-01	   5.1960527079860852e-01	   5.4642700528328980e-01	   3.7900353320452024e-01	   4.6299295873109636e-01	   5.4431824119693817e-01	   4.1119182480599120e-01	   2.7844462404722736e-01	   3.3052240568785057e-01	  -3.5768705712618802e-02	  -1.1774927715036232e-01	  -2.7368234414912235e-01	  -2.2969880113806243e-01	   2.4841690030567282e-01	   2.9445406760715892e-01	   6.6868768992787464e-01	   7.1924132844668143e-01	   3.6148008727902614e-01	   2.6267971930346368e-01	   2.2113059573973565e-01	   3.6004126212244003e-01	  -2.0781717341675923e-01	  -2.9717914850126363e-02	  -1.9094681750200887e-01	   2.5745977252861457e-02	  -2.5374902588331405e-01	  -2.4221162350413711e-01	   1.9087626514010370e-01	   3.5927824361970606e-01	   9.6636748332090933e-02	   3.0923213323565339e-02	   2.6021996242882861e-01	   3.6095130810891807e-01	   2.3193828231836483e-01	   1.8037524366388835e-01	   1.3018275524312514e-01	   3.2245456172586928e-01	  -4.3999044339898936e-02	   6.3613908553965842e-02	   8.8842039046037768e-02	   3.0467551829856006e-02	   4.2115095978907766e-02	   8.3483643191729337e-02	   2.5543025034726929e-01	   5.2488620047327861e-01	   2.4916667354160718e-01	   5.0320725049918757e-01	   2.3203229702390607e-01	   4.9798499753810799e-01	   6.5559514640433469e-01	   7.4264206408849243e-01	  -1.1714725228697580e-01	  -2.8722009976126710e-02	   2.0625734394095979e-01	   2.3428593053299129e-01	   1.6071198079470872e-01	   4.1741839241513556e-01	   2.3842508876585955e-01	   8.2678377491617105e-02	   3.6013716404158197e-01	   4.5824030742228172e-01	   2.1702809483440483e-01	   4.5698282963171644e-01	   2.7580533588209588e-01	   5.2424277815691867e-01	   3.4071144301414980e-01	   4.8387814999742851e-01	   6.4283515107180422e-01	   6.5000772566681042e-01	   6.1357346139432667e-01	   7.0688004387264103e-01	   3.1647454065819502e-01	   5.7852156365408436e-01	   4.5259985148658213e-02	  -1.4453819205443802e-01	  -3.1219396653310517e-02	   1.9775188414063638e-01	   4.7303705177328137e-01	   2.9827617212150881e-01	   3.5883264255824782e-01	   2.3539848312277820e-01	  -1.0673301098995600e-01	  -1.8430532543644620e-01	  -9.4782203529504727e-02	  -1.0703310535278789e-01	   3.2169843690127786e-01	   2.8373854140266658e-01	   7.2442177532297070e-01	   5.1127917903757880e-01	   6.7400945356230857e-01	   5.7688744820067617e-01	   1.9097450993424009e-01	   1.1005576477724643e-01	   2.9041695813531859e-01	   3.4747677027167623e-01	  -1.8188529476914195e-01	  -7.2121722495321006e-02	   7.1808447159954242e-02	   2.8436359530813382e-01	   9.2389884091139740e-02	  -4.7721328113021627e-02	   4.0622203569850385e-02	  -2.4385391354200578e-02	
   5.1994133276366772e-01	   3.9125510570684363e-01	   4.0465806182577402e-01	  -5.3041768595477538e-02	   3.5752293282785741e-01	   3.4806978346208006e-01	   6.5709912544411664e-01	   3.4057213923447877e-01	   5.4125363670065019e-01	   3.0411445432152984e-01	   7.6727350331633937e-01	   5.4525342144266853e-01	   0.0000000000000000e+00	   6.5491289018717036e-01	   7.7252812203417320e-01	   4.6076992792828803e-01	   7.3988236245573852e-02	   1.4541911872951693e-01	   4.8180437748875360e-01	   2.1392785375640294e-01	   3.3663963315434675e-01	   2.0693654550246027e-01	   1.5585907180325681e-01	   1.2636262885223536e-02	  -2.0602358548390015e-02	  -1.5704170224016482e-02	   3.0522933385561085e-01	   2.5383419013256875e-01	   2.3937295687716653e-01	   1.7043824830964791e-01	  -1.6766377703135330e-02	  -7.1242875774072970e-02	   1.7654929053947055e-01	   1.5325854313146081e-01	  -1.6570689487045159e-01	  -1.0471109481772134e-01	   1.3620786441688926e-01	   1.0022693073829587e-01	   2.7561054833043785e-02	  -3.2547759906490982e-02	   2.3727298464522617e-01	   2.6253304016345524e-01	   2.4699898148571592e-01	   1.4016870448677970e-01	   8.9516875526253759e-02	   6.0145108922040745e-02	   1.5595792154151503e-01	   1.4887738242471471e-01	   1.9536566058764093e-01	   4.3530673727141039e-01	   2.5723479979786318e-01	   2.4322615969447092e-01	   6.0906526009311915e-02	   9.2285673860549755e-02	   2.0009155010931162e-01	   1.9190259988859851e-01	   1.4381249698434156e-01	   3.2415759474265671e-01	   3.5470474274964386e-01	   3.5717578215154322e-01	   3.6270284853531598e-01	   3.2891817088876507e-01	   4.8141874629452891e-01	   1.9644441297759019e-01	   3.1714277199173102e-01	   1.3605943022107289e-01	   1.9091218333622889e-01	   7.2553887828675293e-02	   3.6118260433267757e-01	   3.8012651203656855e-01	   2.5495378249473710e-01	   1.5564513452358114e-01	   2.2863879800146225e-01	   2.2417567063681051e-01	   1.5212939267889963e-01	   2.5402891224064333e-01	   2.9103779633055538e-01	   3.2394670854138574e-01	   1.5119206544968233e-01	   2.7906251242872882e-01	   5.0558784855912409e-01	   4.6639524061183724e-01	   5.9935255256369169e-01	   3.7633714857014194e-01	   5.7405000517436977e-01	   4.4659418512028393e-01	   2.9193607627762586e-01	   1.3661459704563489e-01	   3.0170219170129153e-01	   3.2492338191723802e-01	   4.8486066058220401e-01	   6.0570616621451479e-01	   4.7109823101017784e-01	   6.1824786109476682e-01	  -1.2458207333649014e-01	  -1.2555685050373827e-01	   1.3328088715833356e-02	  -4.0541742963780686e-03	   3.2373721670391331e-01	   4.3575374400308248e-01	   5.5049958829780710e-01	   6.1019694121093104e-01	   4.5446771890874338e-01	   5.0765186714259591e-01	   1.1397532571553892e-01	   2.2625976098665113e-01	   3.5913946682592290e-01	   3.9983487826657982e-01	  -1.0968980159784472e-01	  -7.6486592876491080e-02	   9.7864893928231833e-02	   3.0000293901807129e-01	   1.8944826686771130e-01	   4.2444904857380046e-03	   1.0251649732000170e-01	  -1.3621424624991385e-01	
