   0.0000000000000000e+00	   6.8034365317134782e-01	   2.2223369274692151e-01	   1.5500474974536044e-01	   2.2094831333386408e-01	   2.3762608486622611e-01	   2.1163025959404563e-01	   1.7531424205009755e-01	   1.0888287467404689e-01	   2.3131775198044510e-01	   6.9792416361088605e-01	   4.7087935958048005e-01	   3.5459514848258089e-01	   4.3511165867182977e-01	   4.2144967874864653e-01	   4.2149515091936635e-01	   3.9135006550406171e-01	   5.7340488782781995e-01	   7.0810309455473541e-01	   7.2317233110167534e-01	   3.2811401381401117e-01	   2.1368308665374300e-01	   1.9200732552767139e-01	   1.1106715475295932e-01	   6.1812241905650503e-02	   9.4486009659079370e-02	   2.4921742771911776e-01	   2.6115261387992439e-01	   4.6526658402047666e-01	   4.8150426786269973e-01	   2.7935616640248151e-01	   2.0432527867170938e-01	   5.2133391202504131e-01	   4.7526809616149207e-01	  -9.9688777215046792e-02	  -2.4192944467494937e-01	   2.5905654792952848e-01	   5.5548695799912368e-02	   2.6164686066190124e-01	   3.0600752466184167e-01	   2.6826404019791045e-01	   1.6710108465334883e-01	   3.1773330084032869e-01	   2.6270032106465224e-01	   2.6520667446722362e-01	   2.6452565046889931e-01	   4.1382035862268496e-01	   4.0390809535494698e-01	   3.4526081610210735e-01	   3.2368584557076008e-01	   3.4205273954250071e-01	   3.0362815840662266e-01	   3.6907512912259721e-01	   2.9929345481547304e-01	   4.5917214294227804e-01	   4.1655322928817218e-01	   7.3800063366818391e-01	   7.0675483759502611e-01	   3.8488717706425968e-01	   1.3839898741593598e-01	   1.9439205295341161e-01	  -1.6528877642624093e-01	   5.2089984915459642e-01	   5.0324074507298677e-01	  -1.2002586448101481e-01	  -2.3205827378614676e-02	   2.6557107586311723e-01	   1.7429533192795388e-01	   6.7392948008780351e-01	   6.7023118921656921e-01	   1.4330837423185019e-01	   1.6523294091446411e-01	   1.9947394447467687e-01	   3.2683197991811089e-02	   2.6901085799303925e-01	   7.6139517950489510e-02	   3.2227761228862928e-01	   1.8473657399173327e-01	   5.2551209472932747e-01	   5.2519845436513157e-01	   4.3335828868745740e-01	   4.2453443320042994e-01	   4.4128906346979013e-01	   5.7454903287495651e-01	   2.4137081721387157e-01	   1.7862503549103315e-01	   2.7273566110245112e-01	   2.3940427495453054e-01	   2.5432198214399526e-01	   2.3283877991901752e-01	   1.7729050082215539e-01	   2.5493999304719167e-01	   2.4225473145180559e-02	   1.0420233211299978e-01	   3.6913892219628863e-01	   3.1306055591166992e-01	   3.7414118018403708e-01	   4.4686718606443354e-01	   4.0953024493372658e-01	   4.4859995251115381e-01	   4.3163473804993424e-01	   4.2141689939413124e-01	   5.0015167000569749e-01	   5.2627334952920801e-01	   2.0240653451084234e-01	   1.1070010541178837e-01	   3.4013126377990271e-01	   3.0835073372760846e-01	   3.2387997287413700e-01	   3.8180748378253171e-01	   3.1695549587329147e-01	   4.7424759648206272e-01	   4.8316318287365290e-01	   4.1649759479726112e-01	   5.0710221853696696e-02	  -3.7384724743246896e-02	
   6.8034365317134782e-01	   0.0000000000000000e+00	   1.7195808281492408e-01	   2.6839060704791184e-01	  -6.9086850065586042e-02	   9.6805750841780364e-02	   4.1893616115925458e-02	   1.2776898523115218e-01	  -1.3436645139021952e-01	  -8.9672671928608533e-03	   4.6759436739029492e-01	   2.5558958259986803e-01	   1.7735962089176766e-01	   3.1716616990651691e-01	   3.1909948927455128e-01	   2.0213037797891004e-01	   6.1081451218844862e-01	   7.3095364591699641e-01	   6.5006063825628646e-01	   8.1472677396856030e-01	   4.3386461332074139e-01	   4.0774268711633882e-01	   2.3471940884646431e-01	   1.7508739299426593e-01	   1.9151031679221692e-01	   2.0480372438646349e-01	   1.6384954387272516e-01	   2.6743118782403830e-01	   5.1101725844834667e-01	   4.6721070117829255e-01	   3.4677388829847416e-01	   3.0791433881999319e-01	   5.7000303335238878e-01	   5.6260659025108484e-01	   3.0319920677357899e-02	  -1.1795835069670133e-01	   4.1552495553210134e-01	   1.9461873768095339e-01	   3.9128096712335064e-01	   4.2514788996486025e-01	   3.2457303277463179e-01	   2.8114923117426799e-01	   1.2282310544055210e-01	   7.8779431828377572e-02	   1.0935244731957927e-01	   1.2983300185776153e-01	   2.0706637442113851e-01	   2.3955373540210273e-01	   1.5745367180428949e-01	   2.0211601317895611e-01	   1.9432637346211573e-01	   1.4884468895664360e-01	   2.3991599781599596e-01	   2.7188384319106462e-01	   3.0730409647601442e-01	   3.3243442682100177e-01	   8.6085580467250211e-01	   7.9784065023867545e-01	   1.0443160349553154e-01	  -2.6524582695280314e-02	  -9.7897403272398403e-02	  -1.3706427549092057e-01	   2.9511749220531897e-01	   2.2599738622651611e-01	  -8.1976068602232152e-02	  -1.1928826458902265e-02	   2.9864679616065204e-02	  -3.6353982401967848e-02	   7.6962428401161920e-01	   6.0436223956957802e-01	   2.0600030561948807e-01	   2.4466606900717019e-01	   2.5335593621393437e-01	   1.8455179112289657e-01	   2.3839756375970400e-01	   1.0301930457142658e-01	   1.1848650079669767e-01	   7.4038731482432840e-02	   6.6827032086045646e-01	   7.0044550025517027e-01	   5.2666314108379186e-01	   5.3215118405122663e-01	   3.7093576292254671e-01	   4.3445533765548872e-01	   2.9063539553990358e-01	   2.0397007106872417e-01	   2.5154924867744882e-01	   2.3552373415384487e-01	   2.8077094979923833e-01	   1.9031598203766770e-01	  -3.1580091874679507e-02	  -3.1093845130893270e-02	  -1.3495552574099701e-01	  -1.5480593569085105e-01	   1.7435293607259802e-01	   1.7243499343198240e-01	   2.8704881811918037e-01	   3.7461476252299131e-01	   1.8772983458174036e-01	   2.3301849344491410e-01	   1.1313102626932083e-01	   1.0297495202199744e-01	   2.0259819324342881e-01	   1.7251161617722638e-01	  -9.7068309894168828e-02	  -1.1057034608390126e-01	   7.4483591431512258e-02	   9.8189387711500372e-03	   1.7291830629806093e-01	   2.1051900381635461e-01	   2.5669270192319016e-01	   3.0347361335861645e-01	   1.3246925516304395e-01	   8.1634914629372862e-02	  -6.0078339019964663e-02	  -6.1534590217188160e-03	
   2.2223369274692151e-01	   1.7195808281492408e-01	   0.0000000000000000e+00	   6.6842910846264458e-01	   4.3819111468009264e-01	   4.4679329655731237e-01	   7.9158139806776839e-01	   4.8406664444292635e-01	   5.0276109716535966e-01	   3.1996724146181460e-01	   1.7036122300692688e-01	   1.8291676313637731e-01	   2.7312971447916923e-01	   1.9816608983823078e-01	   4.0418417129408279e-01	   4.0343987267846293e-01	   1.1666792898653090e-01	   1.9554154908602220e-01	   5.6769147575441070e-01	   4.0047336864319483e-01	   4.4392839554546792e-01	   4.0950994362637300e-01	   8.7986520099388765e-01	   7.7820433310049919e-01	   7.4404221600796849e-01	   6.5195127726872193e-01	   5.1594961486369206e-01	   5.5448977969626045e-01	   1.1688744853962160e-01	   1.6895140760474217e-01	   7.2588330694119318e-01	   6.6469639032858052e-01	   5.7628733014817457e-01	   5.4845214089597816e-01	   6.2816175546518205e-01	   2.9217524371814962e-01	   3.8802458106116433e-01	   2.7085309085690190e-01	   5.2907043268902298e-01	   4.6223197156718598e-01	   3.4872742679396984e-01	   1.9961237780316357e-01	   2.9795785708048672e-01	   1.7898071356734713e-01	   2.1556127124984850e-02	  -1.4237962115865631e-02	   1.5835196853531913e-01	   2.1236789468410963e-01	   1.0740888320464070e-01	   1.9709207889729669e-01	   3.3508076259597575e-01	   2.5990548668393038e-01	   3.8607631785625107e-01	   4.2508767072367049e-01	   4.2993742098613158e-01	   4.0321633527937240e-01	   3.1864601960536620e-01	   2.8973047192512924e-01	   2.8519448776229611e-01	   2.6378280866215909e-01	   4.4971392784766329e-01	   3.8023380459588929e-01	  -7.2302831917958249e-02	   2.1266384880885039e-01	   7.2549352132882161e-01	   5.0938501125965374e-01	   4.5251614950818519e-01	   2.8674023737602833e-01	   3.6312860934254798e-01	   1.9723857378392340e-01	   4.8819994755170820e-01	   4.7764184584543978e-01	   3.0831103350638300e-01	   3.2719205565824216e-01	   5.6582149034864193e-01	   4.0385291208491869e-01	   5.2253717128498600e-01	   4.6053723302853156e-01	   3.1737521032541649e-01	   3.1715303219611113e-01	   1.2713778538235856e-01	   2.0941358664252763e-01	   5.2866465146777197e-01	   4.2791628350305794e-01	   6.6044915689200023e-01	   6.0924118293244034e-01	   5.0727145435648524e-01	   3.5042231250540884e-01	   6.2913701795215471e-01	   6.1652140301840874e-01	   3.8159122636191123e-01	   5.6369448350743090e-01	   3.3161406669027066e-01	   6.0403053789048067e-01	   3.6509390386672164e-01	   2.4739389102543896e-01	   3.4123778483712014e-01	   3.9297289716272549e-01	   2.7681592001637878e-01	   3.6307850770650074e-01	   2.3993696206838355e-01	   4.8966759529930859e-01	   2.9296827381183843e-01	   3.5836356914962886e-01	   1.4966844037592361e-01	   2.3152082129771973e-01	   1.2750512700404026e-01	   2.1226136293395120e-01	   2.5555210209979667e-01	   3.2537785607010222e-01	   2.7093709836290025e-01	   3.3628649327048810e-01	   2.3905162723544870e-01	   2.3679900085053446e-01	   2.8949623413253339e-01	  -7.8739717038524615e-02	
   1.5500474974536044e-01	   2.6839060704791184e-01	   6.6842910846264458e-01	   0.0000000000000000e+00	   3.4262444676032094e-01	   6.4134029846485430e-01	   3.6742925310897673e-01	   8.2919263399342524e-01	   3.5611535722196153e-01	   5.5466975689198272e-01	  -4.1312066065376539e-02	   3.7219056605786160e-01	  -1.7649537389098269e-01	   3.1846140243173393e-01	   5.7436048243139894e-02	   4.7884528541329491e-01	   1.7279969052682448e-01	   8.6452582876137260e-02	   4.4805368476016055e-01	   4.7918099869270242e-01	   4.5843501638833817e-01	   5.9995607331773115e-01	   6.7338618723860888e-01	   8.3453839238603011e-01	   7.2070131295787920e-01	   7.8163768253931898e-01	   5.9601971554204725e-01	   6.4681247095365602e-01	  -1.3648144077492805e-01	  -2.9634887357609267e-02	   5.0079070884347365e-01	   7.0533189250489792e-01	   4.6610305566320687e-01	   6.6432361786962613e-01	   7.2148720597646609e-01	   6.2105593571828832e-01	   3.5211337810284482e-01	   3.5626015531782562e-01	   5.3453059868320940e-01	   6.0547477022391094e-01	   2.8802345748248270e-01	   3.4093843064168539e-01	   2.7560373721136888e-01	   1.8135165086470301e-01	   4.6808517992753707e-02	   5.2600267535084913e-02	   2.1022314082421079e-01	   2.7692417621402654e-01	   1.6070665887767932e-01	   2.6152767206357064e-01	   4.4193157515033787e-01	   3.1540233241029997e-01	   4.7949149651690559e-01	   5.0284889109392994e-01	   5.0842898395147262e-01	   4.7308920330032450e-01	   3.1930829261913429e-01	   3.6131649162941148e-01	   3.5111379778671409e-01	   5.7504769805462674e-01	   3.3810889006094091e-01	   7.4703978308743779e-01	  -1.9791665311596329e-01	   2.9928756747496110e-01	   7.1042621436213604e-01	   6.9075708011518722e-01	   4.4580404506428539e-01	   5.1764659290102244e-01	   3.5012638663585771e-01	   2.6436635750236254e-01	   4.3157059032164891e-01	   6.0626305958814264e-01	   2.2844317204956138e-01	   2.4601928233919251e-01	   3.6432590549412330e-01	   3.4209840264389424e-01	   3.6660978929256166e-01	   5.1810946984963457e-01	   4.0095931148461361e-01	   3.3203367768160208e-01	   2.3787810750238531e-01	   1.1957749827830030e-01	   4.3282808238584525e-01	   4.3293607494353359e-01	   6.8028667891103090e-01	   7.3198681764401674e-01	   5.7524112859808696e-01	   5.2414195616770454e-01	   5.4601798847354566e-01	   7.4285744405163934e-01	   5.9751883041294751e-01	   4.1946950266637550e-01	   6.3170095604907472e-01	   3.5128376350079343e-01	   3.0070704412553495e-01	   3.1247382440116955e-01	   3.4313259475655317e-01	   3.9495600415638288e-01	   4.1035490703101352e-01	   3.3136710035851497e-01	   3.4329537163808094e-01	   3.2913358390243574e-01	   3.8333646742804017e-01	   3.6272131051678613e-01	   3.2953624866954184e-01	   3.1767372463782739e-01	   2.7168532461707851e-01	   3.5141546454745687e-01	   3.0689635411594429e-01	   3.2698733915746170e-01	   2.8576661919331237e-01	   3.5790724746788377e-01	   2.3684906917869608e-01	   1.6716118254009241e-01	   3.3971812113222882e-01	  -2.8319405962343530e-02	
   2.2094831333386408e-01	  -6.9086850065586042e-02	   4.3819111468009264e-01	   3.4262444676032094e-01	   0.0000000000000000e+00	   5.4635668368120149e-01	   4.0241442108995684e-01	   3.7913392013694841e-01	   7.7401781435797667e-01	   7.1213358428993523e-01	   9.8104288891339139e-02	   4.7162724347372176e-01	   1.0918437444582636e-01	   4.1468510860526286e-01	   3.0588190986468505e-01	   5.9703393087205880e-01	  -3.0695322335023761e-01	  -1.7861038807510249e-01	   2.4187590206187670e-01	   6.7293925942469190e-02	   1.9855855137616324e-01	   3.3793745474030268e-01	   3.2202591361498961e-01	   3.7959663553602674e-01	   2.7005114425076465e-01	   2.9997392928764255e-01	   5.4095368940161037e-01	   4.8602690423528833e-01	  -2.1657224104742623e-01	  -7.5347480112080423e-02	   1.3900969834199461e-01	   1.6573433229751128e-01	   1.3013982670521199e-01	   1.7398573925342062e-01	   3.4253084800377520e-01	   2.2441957597331297e-01	  -1.4257869012355504e-01	  -6.0704346724520346e-02	   1.1573584241077847e-01	   1.5802768551231114e-01	   1.1035258058377091e-01	   8.2585918188164104e-02	   6.5766825046348532e-01	   5.6401132355033856e-01	   5.0905510468606296e-01	   5.0098138525144309e-01	   6.1598385013492085e-01	   5.7635960408678144e-01	   6.2055085790867137e-01	   6.3843996159032312e-01	   7.0878870890765477e-01	   7.5475188120274428e-01	   6.8441114958441540e-01	   6.3254963210902826e-01	   6.7356136017381008e-01	   6.8432274467203413e-01	  -8.2655046227375892e-02	   1.9439559386240934e-01	   6.8830711966538716e-01	   6.2461034906312707e-01	   4.9229727686778563e-01	   3.1894260437861965e-01	   1.0708243987731067e-01	   3.6089170394244535e-01	   3.9037559494993479e-01	   3.6648888796441831e-01	   6.5371658665505239e-01	   6.1031181877842799e-01	  -8.9717465819575057e-03	   2.5517664176355015e-01	   2.1477809534223488e-01	   2.8662625405062447e-01	   6.8372972515652594e-02	   3.2987692445912278e-02	   3.2823351220260433e-01	   1.8626258003662310e-01	   5.0227315301331465e-01	   3.8094479526045366e-01	  -1.6248147775817806e-01	  -7.4821801076532121e-02	  -1.3082698285956434e-01	  -1.6009532993666920e-01	   4.7429366207275048e-01	   4.6212340552632714e-01	   3.6433556918965715e-01	   4.6556138302536432e-01	   3.1431431955522871e-01	   2.3115334085760908e-01	   2.8316222526798401e-01	   5.0353500160836395e-01	   5.3802976374152467e-01	   5.6863262209334975e-01	   3.5610927986055252e-01	   4.8729068223561267e-01	   1.7652250966713717e-01	   2.0488814099277800e-01	   5.5947173556989249e-01	   5.1497578338210337e-01	   6.7693193894572989e-01	   6.9149341892317162e-01	   6.0173943276053210e-01	   6.1028509837994482e-01	   5.9540931259700214e-01	   6.0335486814972838e-01	   6.8342152217519581e-01	   7.5454755515407101e-01	   6.0222498174488215e-01	   5.1920160219448397e-01	   1.9911783680138573e-01	   3.4467800843154672e-01	   3.5582499966004216e-01	   5.1047034914288381e-01	   5.2969541775992668e-01	   4.1755916134958621e-01	   3.0704302821057933e-01	  -1.3045241521076822e-01	
   2.3762608486622611e-01	   9.6805750841780364e-02	   4.4679329655731237e-01	   6.4134029846485430e-01	   5.4635668368120149e-01	   0.0000000000000000e+00	   2.0460185027446656e-01	   7.4523330967532408e-01	   4.2953840456830927e-01	   8.3390097846639266e-01	   4.7851541751490700e-02	   5.6895181225178582e-01	  -1.2284401955324992e-01	   4.6252429540315254e-01	   8.6773476303393438e-02	   6.2653851205697519e-01	  -4.4801745626346479e-02	   1.6638616158802023e-03	   2.8402144876759350e-01	   2.6895063009092141e-01	   4.2237832496634165e-01	   4.8985167354502124e-01	   4.1343694515088014e-01	   4.9240013846249375e-01	   4.5964746329805939e-01	   5.9659142368234008e-01	   8.6622463445943143e-01	   8.5737131808705547e-01	  -1.3898481497970916e-01	   1.8776861984130998e-02	   2.7959068964294009e-01	   4.4216865084925228e-01	   2.9139912199684170e-01	   4.6249287887255464e-01	   4.6051635722220785e-01	   3.9113975138192303e-01	   1.5205309175481771e-01	   1.3752913894585422e-01	   4.1920221601451085e-01	   5.3512220263765564e-01	   1.9863315735155712e-01	   1.3968044904472107e-01	   5.4386681829762240e-01	   4.9824760536625023e-01	   2.7123578825321876e-01	   3.2278668173420899e-01	   4.7459064084130193e-01	   5.1454949111616921e-01	   4.7694260755756790e-01	   5.2611748153117610e-01	   6.4839432408399655e-01	   5.4560127958756088e-01	   5.6932626920912721e-01	   5.5484100885584153e-01	   6.4414499511097123e-01	   5.9558182256138892e-01	   1.8058550279293167e-01	   3.7054637690223768e-01	   6.1279929950379486e-01	   7.2759410594743779e-01	   3.9949493418947907e-01	   6.1890528915931398e-01	  -3.3884753442209856e-02	   4.4674445480846020e-01	   4.4623197986619423e-01	   5.5632145090309737e-01	   4.8272287808748171e-01	   5.9614809275811842e-01	   2.6911232197706225e-01	   4.1586601574400833e-01	   3.3315516225061914e-01	   4.7269539948655914e-01	   2.1257458413389940e-01	   1.1494513868320054e-01	   3.7120614566741794e-01	   2.9638470253405491e-01	   2.9174243006569422e-01	   4.4077297992612108e-01	   1.2133490778429069e-01	   1.3954521112179141e-01	   2.7736958761048885e-01	   8.4912658572280794e-02	   3.8854048436971128e-01	   5.6311202101408808e-01	   5.2852780100410612e-01	   5.9667452178076952e-01	   6.8628081180042932e-01	   5.0855713115948764e-01	   4.7930957348639919e-01	   6.2556747634013321e-01	   6.4631924000060714e-01	   4.7317462748072181e-01	   5.4309803177263927e-01	   2.6699867488899848e-01	   3.4674792144049105e-01	   3.6289778343093249e-01	   4.8878871864106016e-01	   4.9888135262001210e-01	   6.2457422871816293e-01	   5.3740599721480686e-01	   5.7834740715803523e-01	   4.8177885182209229e-01	   5.8836066378851637e-01	   5.1611915434350242e-01	   4.1408251428852477e-01	   3.9956505035137801e-01	   5.5409407441534486e-01	   4.9863471213099536e-01	   2.7259633910519754e-01	   4.2478937879824441e-01	   3.2518289199572231e-01	   4.8058618085324922e-01	   5.3147071977256666e-01	   4.6091924596260436e-01	   2.9675207172434209e-01	  -7.7050718907895790e-02	
   2.1163025959404563e-01	   4.1893616115925458e-02	   7.9158139806776839e-01	   3.6742925310897673e-01	   4.0241442108995684e-01	   2.0460185027446656e-01	   0.0000000000000000e+00	   3.2788996891633987e-01	   5.5122626233548067e-01	   1.7487695869231887e-01	   2.3030184966118944e-01	   1.9002288443504145e-01	   4.9986024043342908e-01	   2.3747708213101487e-01	   4.0443092052564306e-01	   3.2159019366460839e-01	   1.2270197984523650e-02	   1.8209905384499120e-01	   4.2952395097035578e-01	   1.9265649498796150e-01	   2.2892744740000481e-01	   2.0640143210324202e-01	   5.3431499983169317e-01	   4.2092131398315291e-01	   3.3917792905496597e-01	   2.6265529377595731e-01	   2.2298156745754888e-01	   3.0440189302569470e-01	   2.6956869271430356e-01	   2.4396272008330935e-01	   5.3062800021635470e-01	   4.0505964150523899e-01	   4.3397311038230929e-01	   3.1175842764347594e-01	   3.0231437840903108e-01	   1.5620493700133792e-02	   1.5204362704428531e-01	   6.0782095099335721e-02	   2.1720331772552126e-01	   1.8386094099583306e-01	   2.6561585929953035e-01	   1.0367517337524657e-01	   1.2065018054489279e-01	   1.7282990805225208e-02	   3.0906541496295410e-02	  -3.0985111055578128e-02	   4.0780878796370088e-02	   2.8062175125408310e-02	  -7.4084622885403897e-03	   2.6035347607478707e-02	   1.0260931339672910e-01	   1.0534874548856758e-01	   2.1901359190238978e-01	   2.3375613171852955e-01	   2.4009130744405804e-01	   1.8545850116110707e-01	   1.3533814691158449e-01	   1.9978315251988310e-01	   2.1438453445085498e-01	   4.9241282177517248e-02	   5.6385383255551358e-01	   1.5239327354942800e-01	   1.5789758310135940e-01	   2.3082055996607714e-01	   4.7760556977161400e-01	   2.5437708283456262e-01	   4.3971236047376117e-01	   1.8594025507716791e-01	   1.8613561936795170e-01	   1.0458257477755493e-01	   3.2374722851187709e-01	   2.8681310892102396e-01	   2.3787778419958666e-01	   3.4586875730093436e-01	   5.2251779555743039e-01	   3.9796985360275106e-01	   4.5228266353343444e-01	   2.9133759046178753e-01	   1.0264266488183524e-01	   1.4929124574019134e-01	   9.5359498287661960e-04	   1.1893292667173157e-01	   3.0329308242305714e-01	   2.7887571598504046e-01	   2.9619290712911117e-01	   2.6007758446414553e-01	   1.6518718013449382e-01	   6.4997136179850257e-02	   4.7978486451005314e-01	   3.2990826828277259e-01	   2.0060774279058285e-01	   5.0038130848619422e-01	   1.3053800198910676e-01	   5.8452020384948356e-01	   2.0030663936878829e-01	   7.3604004946135448e-02	   1.7245819703510229e-01	   2.1819133381413161e-01	   9.8467339206188886e-02	   2.1328713000585131e-01	   1.5869514839551724e-01	   4.3515067395211349e-01	   2.1988683536934284e-01	   2.4402712854223729e-01	   8.2429893614840127e-02	   1.2326030971024474e-01	   5.5726459985375107e-02	   1.4453641977871892e-01	   1.6600722715156235e-01	   1.7022977671220876e-01	   9.4263430862400299e-02	   1.7706968880104165e-01	   2.3459840596805442e-01	   1.9339336366449622e-01	   2.8126958904637817e-01	  -1.1182287966856316e-02	
   1.7531424205009755e-01	   1.2776898523115218e-01	   4.8406664444292635e-01	   8.2919263399342524e-01	   3.7913392013694841e-01	   7.4523330967532408e-01	   3.2788996891633987e-01	   0.0000000000000000e+00	   4.7862984086796950e-01	   6.6799478897046372e-01	  -7.5236266684647529e-02	   5.5251338971950170e-01	  -1.3910941156481083e-01	   5.2521703628759853e-01	  -4.1179221206733840e-02	   5.1458872065052075e-01	  -4.4476688313459599e-02	  -5.6193870041440774e-02	   2.9666163893243674e-01	   3.0949659305621074e-01	   3.4300386622724155e-01	   4.6115507260979877e-01	   4.4527412042688974e-01	   5.8868389946254696e-01	   5.4433646862737783e-01	   6.1302899646711451e-01	   6.0735503727828588e-01	   6.1330311453177599e-01	  -2.1371571839484299e-01	  -1.0183630261379371e-01	   2.8784978104733383e-01	   5.3033497072472380e-01	   3.7095633827034225e-01	   5.9109405267662596e-01	   5.9094295553886433e-01	   5.8054994835586160e-01	   2.4993723473205778e-01	   3.0220874901653294e-01	   4.4480315287402272e-01	   5.6982098513105672e-01	   2.2854097612559909e-01	   2.0673812662599944e-01	   2.7921900360609675e-01	   2.2177633600074909e-01	   3.2699671191929902e-02	   5.4881292349520307e-02	   2.4004635572033062e-01	   2.7468435809385922e-01	   1.9072637445066298e-01	   2.7838776687924882e-01	   4.7870660790835512e-01	   3.2573280147753181e-01	   4.7038581871166041e-01	   4.2098163521907639e-01	   5.3482277317512594e-01	   4.5703823705527652e-01	   1.7957553166885684e-01	   3.7415126035181451e-01	   5.2007495977000273e-01	   7.3939652657770072e-01	   5.0533545319989670e-01	   8.1412688755524754e-01	  -1.8671423501907719e-01	   4.3250180313365094e-01	   5.9460616434977964e-01	   7.6030117218150250e-01	   5.1218885995211805e-01	   6.5525335512663996e-01	   2.5548906453992293e-01	   3.3407396409104034e-01	   3.2467087645958670e-01	   5.5528291804334784e-01	   1.6785540754873926e-01	   1.7317205676535335e-01	   3.2002427268469025e-01	   3.2048321134857810e-01	   3.2534282293671696e-01	   5.3099546574140954e-01	   2.0828263075517239e-01	   1.2363299717446735e-01	   1.9316059421012646e-01	  -6.9644685788485356e-03	   2.7688122254347358e-01	   4.0971086255268541e-01	   5.2019448901803234e-01	   6.3347467119581102e-01	   5.5119559893300274e-01	   4.9639503678790758e-01	   5.5385729734647737e-01	   6.9643959721816451e-01	   7.3483167041401098e-01	   5.0137633180512564e-01	   7.5289549270176614e-01	   3.8943087805491494e-01	   3.1447126383308499e-01	   3.7114585625868274e-01	   3.8111531241075564e-01	   4.0674863927150590e-01	   4.7012520768236044e-01	   3.5170048990743996e-01	   5.7546286571170935e-01	   4.5011186602271347e-01	   5.8215378831342379e-01	   4.6081495307630516e-01	   4.9483083611225032e-01	   3.9807476907299000e-01	   4.3997608566333907e-01	   5.1102968532407222e-01	   3.1362126214863134e-01	   3.5075164635150469e-01	   2.4259386578622882e-01	   3.7501486487684677e-01	   4.5539299604541017e-01	   3.7792519605162395e-01	   4.7669107228694318e-01	   4.7807716607137958e-02	
   1.0888287467404689e-01	  -1.3436645139021952e-01	   5.0276109716535966e-01	   3.5611535722196153e-01	   7.7401781435797667e-01	   4.2953840456830927e-01	   5.5122626233548067e-01	   4.7862984086796950e-01	   0.0000000000000000e+00	   6.2069310929176857e-01	   2.6741773424415881e-02	   3.8378362018416962e-01	   2.9422513269976569e-01	   4.0200280959396145e-01	   3.1921489079864362e-01	   4.9992219593024967e-01	  -2.1563704372283152e-01	  -1.1197696166055893e-01	   1.2799000917693931e-01	   1.9869584880243647e-04	   2.1726092477243719e-01	   3.1399389848024550e-01	   3.6203885718650253e-01	   3.5930980230177989e-01	   3.0927070387112610e-01	   2.8933390051522057e-01	   4.2851752942830079e-01	   3.9295100348381229e-01	  -1.3083301034600384e-01	  -3.9042283289828221e-02	   1.8686064089972909e-01	   2.5114996731226102e-01	   1.2736609250391109e-01	   1.8483948032926792e-01	   3.9445044641722010e-01	   3.0185769700949161e-01	  -9.0997789600613221e-02	   2.4241903257454039e-02	   1.1961872503985982e-01	   1.4945271117295739e-01	   1.7636556118701632e-01	   1.0573871032800544e-01	   5.2060073976726584e-01	   4.5382833111548954e-01	   3.4560459422102496e-01	   3.1913403071341478e-01	   4.6377520394103988e-01	   4.5324963620256492e-01	   4.4856268545099159e-01	   4.8558155161476291e-01	   5.8250125808825681e-01	   5.8287056973893225e-01	   5.7855052738713164e-01	   5.2731478898507134e-01	   5.6606994655755449e-01	   5.7412359977205940e-01	  -1.0859063471885852e-01	   1.1459085629883900e-01	   6.1883567405123974e-01	   5.3065066069803701e-01	   6.6440109279423509e-01	   3.8734267548487311e-01	  -3.5153208487943066e-02	   2.7500740801154755e-01	   4.5669178679152744e-01	   3.9172425058798210e-01	   5.4277287987770684e-01	   4.8998023573058702e-01	  -3.1730071317217209e-02	   1.0429530655115660e-01	   2.4020225943958767e-01	   3.5260653576234602e-01	   6.7119512631054881e-02	   1.1631841891122377e-01	   2.7802497419425215e-01	   2.4920161942873484e-01	   4.9559075260744379e-01	   3.9308053631742473e-01	  -6.8675681196576854e-02	  -1.1076787837564502e-02	  -9.1695377270465644e-02	  -8.3789682809410071e-02	   3.1797874493081818e-01	   3.0684654338562989e-01	   2.5470709424296101e-01	   3.9546529433184630e-01	   2.5836019548271894e-01	   1.5337952553031395e-01	   4.0990050056720506e-01	   4.9908258387627535e-01	   4.8184005758023241e-01	   5.6076855589122954e-01	   3.6038807088903257e-01	   5.1508830032880804e-01	   1.2044984636025224e-01	   1.0774281418501838e-01	   4.4742826658011625e-01	   3.3590078045897231e-01	   5.3928340791483231e-01	   5.8066090414533400e-01	   5.2063125442784153e-01	   6.0733963595641116e-01	   5.3021003864001837e-01	   5.3854761055169398e-01	   5.7306977531270831e-01	   5.8410957974642541e-01	   4.9307920114222192e-01	   5.5298885208686044e-01	   1.9275335619556710e-01	   2.1273624071576563e-01	   2.5276058451626870e-01	   4.3005629063939432e-01	   4.6585288463103919e-01	   3.8489110318035247e-01	   3.8260167847227300e-01	  -1.5938124645696658e-01	
   2.3131775198044510e-01	  -8.9672671928608533e-03	   3.1996724146181460e-01	   5.5466975689198272e-01	   7.1213358428993523e-01	   8.3390097846639266e-01	   1.7487695869231887e-01	   6.6799478897046372e-01	   6.2069310929176857e-01	   0.0000000000000000e+00	   3.8732726571486797e-02	   6.3787617938783736e-01	  -9.2379735869923207e-02	   5.1824351566593885e-01	   1.8704220336198640e-01	   7.6321570736302569e-01	  -1.1885830502577829e-01	  -8.9134485924611026e-02	   2.8320376968119032e-01	   2.0583117191939876e-01	   2.7015202995057730e-01	   4.3863420876634035e-01	   2.8511964693152475e-01	   4.5678167378499535e-01	   2.9199868774497956e-01	   4.6187515276120228e-01	   7.0208726911920449e-01	   6.8493060101208159e-01	  -1.3006229803290131e-01	   6.5628213281818497e-03	   1.6677694817204639e-01	   3.5143827088728258e-01	   2.2347705976444096e-01	   3.9018691418880802e-01	   4.0422354793260729e-01	   4.1433606931358569e-01	  -8.4763183561629638e-02	  -4.1688924785690161e-02	   1.7623013328366482e-01	   2.9050481479494039e-01	   8.6834556796160783e-02	   7.7999126853727174e-02	   6.2577540653609076e-01	   5.8739628402140098e-01	   4.7806388824314294e-01	   5.0540986750747940e-01	   6.2866416802782998e-01	   6.0303850242653778e-01	   6.1465342506280485e-01	   6.0972863834692936e-01	   7.0940721183501565e-01	   6.6650028569355402e-01	   6.7927537098576996e-01	   6.2648526830059903e-01	   7.0558266956403570e-01	   6.6261870905710119e-01	   5.0868960442832359e-02	   2.7862906482838434e-01	   7.2190326738557919e-01	   7.6054373207029269e-01	   4.7528750525510194e-01	   5.6380061541055793e-01	   1.0623674637204228e-01	   5.3020413239072450e-01	   3.7663605948296791e-01	   4.2776953169266818e-01	   5.9542051055576151e-01	   6.8300764567321992e-01	   1.4928745362006896e-01	   3.7142642464091313e-01	   1.6636283260277981e-01	   3.7100794769859252e-01	  -2.4203439417488978e-03	  -4.2263480107194024e-02	   1.7108243133477291e-01	   1.3662477612885054e-01	   3.5089490257557443e-01	   4.3656985041787427e-01	   3.8505113491472419e-02	   5.0214557194818946e-02	   1.4648236766354086e-01	  -2.5903288200226283e-02	   4.5091138827180482e-01	   5.9752716534199402e-01	   4.5047305602391108e-01	   5.7960073479703900e-01	   5.5254898451527501e-01	   4.4631649992569444e-01	   3.8624201811657172e-01	   6.4605411500955134e-01	   6.8611729446814840e-01	   5.6084609402033858e-01	   5.8603672922993177e-01	   3.7199946070817164e-01	   2.2437282951146376e-01	   2.2862224029276179e-01	   5.3519671137785241e-01	   4.8105373756641567e-01	   7.6603405347716313e-01	   6.7878824708703300e-01	   6.8121375355168090e-01	   5.6784196578237311e-01	   6.8186680437117964e-01	   6.6845434022935268e-01	   6.2356552636939644e-01	   6.1800806971611943e-01	   6.8179471654327528e-01	   5.8444271602177311e-01	   2.6015154407398688e-01	   3.5969776191233827e-01	   4.0586927570732734e-01	   5.9254188332953694e-01	   5.5190631895761821e-01	   3.9686715320332122e-01	   2.7290306126891362e-01	  -1.7746930911006464e-01	
   6.9792416361088605e-01	   4.6759436739029492e-01	   1.7036122300692688e-01	  -4.1312066065376539e-02	   9.8104288891339139e-02	   4.7851541751490700e-02	   2.3030184966118944e-01	  -7.5236266684647529e-02	   2.6741773424415881e-02	   3.8732726571486797e-02	   0.0000000000000000e+00	   2.3821308400461044e-01	   6.6115006770353468e-01	   2.7766599816427201e-01	   6.5609595481145855e-01	   3.4857812576841962e-01	   4.9571902535376250e-01	   5.1255228771405359e-01	   5.7952678808059177e-01	   4.9123323456232793e-01	   1.5029324157036317e-01	   3.3174436432415078e-02	   2.0614231595741983e-01	   5.9005783500300037e-02	  -5.0565301277387712e-04	  -3.0299105520503059e-03	   1.0222451833808754e-01	   1.0298601629285911e-01	   5.6367385640491863e-01	   5.3861679199669543e-01	   3.3935119294571736e-01	   2.1318369878972165e-01	   3.8230724551788153e-01	   2.6560007416280806e-01	  -2.0446876704480824e-01	  -3.2844526765019633e-01	   5.7316348862705785e-02	  -1.3066081336232221e-01	   2.3788023518466473e-02	   1.5118922840240167e-02	   1.1805972292190894e-01	   3.6014266786436849e-02	   2.1471135134529207e-01	   1.5851895026152982e-01	   1.6143029488259916e-01	   1.2173115358481003e-01	   2.6968444607045050e-01	   2.1657040678796846e-01	   2.1810249031345644e-01	   1.4269505275578373e-01	   1.0073389583457654e-01	   1.1962263576276906e-01	   1.8180070768242448e-01	   1.6804440411571359e-01	   1.5400855412429199e-01	   1.3177358193561040e-01	   5.3842661017288640e-01	   4.0584135037882635e-01	   9.8443783998957451e-02	  -1.4023105135550537e-01	   1.5139867992623413e-01	  -3.1241262998847680e-01	   5.5764390059392166e-01	   3.7061566667873441e-01	  -2.1262172147138669e-01	  -2.9256610369616098e-01	  -3.6766975994261472e-02	  -1.6096376025922066e-01	   4.3128107519745862e-01	   3.2723812464910118e-01	   1.2614871530639332e-01	   2.9095720397533081e-02	   1.8904841408747566e-01	  -2.8694462068693360e-02	   2.0788464388443079e-01	  -4.1833765049103078e-02	   2.5961334038670514e-01	  -2.8367504857661893e-03	   5.4058776357821547e-01	   5.0333718921855608e-01	   5.1317509753442248e-01	   5.6182108071536607e-01	   4.3509725739913596e-01	   4.1402548123866945e-01	   2.1001879697582287e-01	  -3.0766293911207301e-02	   1.6449957921903496e-01	   8.3958009854819493e-02	   1.1654282285841823e-01	   1.4134710897268506e-03	  -7.3967146574288697e-02	   1.2865546602748407e-01	  -1.6466068061500053e-01	   9.4386574873583567e-02	   2.8826480900266116e-01	   9.1898919242864308e-02	   1.7944346329831373e-01	   2.0188697407791931e-01	   1.7091992096880354e-01	   2.1335422685363717e-01	   1.5281317575744124e-01	   2.9782206199026068e-01	   1.9786893764116276e-01	   3.0161391274635274e-01	  -6.3596462566580317e-02	  -1.7896583677056843e-01	   8.8800457891621581e-02	   5.5860912243109795e-02	   2.4326748430788880e-01	   2.7871814058196420e-01	   1.9390164253257519e-01	   3.0427707378281116e-01	   2.0754295678316462e-01	   2.3011724097565464e-01	  -1.8863038565299572e-01	  -1.7181114349319732e-01	
   4.7087935958048005e-01	   2.5558958259986803e-01	   1.8291676313637731e-01	   3.7219056605786160e-01	   4.7162724347372176e-01	   5.6895181225178582e-01	   1.9002288443504145e-01	   5.5251338971950170e-01	   3.8378362018416962e-01	   6.3787617938783736e-01	   2.3821308400461044e-01	   0.0000000000000000e+00	   7.3529737072008383e-02	   7.8703740531264610e-01	   1.3288470215185264e-01	   6.2995435273018974e-01	  -6.7494963767934721e-02	   1.4299564096098216e-01	   3.1235092854776692e-01	   2.7425330904628198e-01	   3.0816366168944659e-01	   3.8164329315000373e-01	   5.8528792399190108e-02	   2.0581887591717996e-01	   8.3821610924904061e-02	   2.1601959682820723e-01	   3.4810669059412125e-01	   3.6841159370276411e-01	   1.5268276534486125e-01	   2.5939231501957888e-01	   5.3967265338029799e-02	   1.5781514181762346e-01	   2.4765795455580075e-01	   3.8909941352495137e-01	   1.6311837102290966e-01	   1.4932064206819484e-01	   1.1772435436227147e-01	   1.5646580789237025e-01	   2.1177202854091703e-01	   3.7583169585503251e-01	   2.1200674183623786e-01	   2.4264589976887113e-01	   4.8397226130386128e-01	   4.7061159818271736e-01	   4.1053757226400023e-01	   4.7416014801722195e-01	   5.4294167854427067e-01	   5.2195780896903599e-01	   4.6941688979241808e-01	   4.5235010349089694e-01	   5.1273914097709572e-01	   5.2400214969745196e-01	   6.1498924761277940e-01	   5.0229933635815405e-01	   6.9484477703797443e-01	   6.3948748403966982e-01	   1.7751276881955444e-01	   5.5341419795485314e-01	   7.0595353851124742e-01	   6.7266521117654288e-01	   4.6704276534178812e-01	   3.3202410840878460e-01	   4.3375494763458206e-01	   7.7116840396212560e-01	   2.4201110055408978e-01	   3.2940060813802452e-01	   6.4093027712791772e-01	   6.7266454011850796e-01	   2.0667730677095336e-01	   5.7242052474012750e-01	   1.4243716653249816e-01	   3.2291156364593843e-01	   2.0724677672561678e-01	   1.6551216724410456e-01	   2.9909717265774505e-01	   3.0765942306488936e-01	   4.0085760074998539e-01	   4.8245218817719482e-01	   1.0291296678089489e-01	   1.3182615960761174e-01	   2.8968081404992313e-01	   1.5589031148505050e-01	   2.9761075698763761e-01	   5.6926192719241842e-01	   4.0288668780212322e-01	   5.3926472122352920e-01	   4.6542700653095470e-01	   4.1566488914620814e-01	   4.3670919443664213e-01	   5.9172771883235198e-01	   6.5464356627283105e-01	   4.5636183101787486e-01	   4.3125249285024780e-01	   2.2959221579854366e-01	   2.6745352815055867e-01	   3.4044191365575160e-01	   5.3751691721205841e-01	   5.8770895195587636e-01	   7.0426070339388014e-01	   6.2822054719685194e-01	   8.0979538595619149e-01	   6.4588450340111581e-01	   7.8749120372188552e-01	   6.1025166310511714e-01	   5.2045050800490900e-01	   3.2283858064010407e-01	   6.3146123998738257e-01	   6.3119234188331086e-01	   2.2924061393175488e-01	   4.2186758879064057e-01	   4.1509406387079628e-01	   5.8822336966298916e-01	   7.1349121257947024e-01	   4.8272754154842124e-01	   3.0703241399641668e-01	  -9.3109005937825839e-02	
   3.5459514848258089e-01	   1.7735962089176766e-01	   2.7312971447916923e-01	  -1.7649537389098269e-01	   1.0918437444582636e-01	  -1.2284401955324992e-01	   4.9986024043342908e-01	  -1.3910941156481083e-01	   2.9422513269976569e-01	  -9.2379735869923207e-02	   6.6115006770353468e-01	   7.3529737072008383e-02	   0.0000000000000000e+00	   3.1924646931114786e-01	   5.7543371057995563e-01	   1.6625267725279544e-01	   2.3009741914307547e-01	   3.2917700887933726e-01	   2.9195696771240265e-01	   1.2846633654520140e-01	   6.9997912734050066e-02	  -2.9641744749090107e-02	   1.8665125236398405e-01	  -4.3449672096914851e-04	  -2.7901957900137019e-02	  -1.1233840071007430e-01	  -4.7977838042864845e-02	  -3.9853181831758795e-02	   5.1844058380858449e-01	   4.4284126575561861e-01	   2.5482401652073039e-01	   1.2172745842280296e-01	   2.6675272115088794e-01	   1.0732174158185712e-01	  -1.0418862772838672e-01	  -2.5878912809714311e-01	   1.2518423616324406e-01	   3.0781468874453138e-02	   5.7308777511548753e-02	   7.1275598974680637e-03	   2.1343542412753005e-01	   8.3447010665485710e-02	   5.1551669786436986e-02	  -5.7296408984825655e-03	  -5.9958471390146803e-02	  -9.3210356976520581e-02	   2.0756979810548668e-02	  -6.1706219093130509e-04	  -4.2132850307548549e-02	  -5.9894925889527675e-02	  -4.7917071604247449e-02	  -1.3247382942634002e-02	   1.7030047299275064e-01	   1.4139570962549591e-01	   7.0815027462048249e-02	   3.3472358921462123e-02	   2.4126099967818021e-01	   1.7498934163858282e-01	   3.9662009214763143e-02	  -2.3862262076648413e-01	   3.5527850837815833e-01	  -2.7249738417193714e-01	   3.3830878976791834e-01	   1.3477296168638192e-01	  -1.3647612817349284e-02	  -1.4147292427335506e-01	   1.9565645131127679e-04	  -1.9534699230083463e-01	   1.8937691354156194e-01	   2.6081815774213452e-02	   1.6876357365340897e-01	   6.9209418113314145e-02	   1.4705132858188996e-01	   2.0465154679497902e-01	   3.6845712082623472e-01	   2.0019904351657478e-01	   3.3531623978512559e-01	   6.1045654819284728e-02	   2.7430597496336606e-01	   3.0452391276712260e-01	   2.3462919580885547e-01	   4.1228340169310068e-01	   1.9344460649319101e-01	   1.6729616192499258e-01	   8.8731414736971020e-02	  -6.3868996444316206e-02	  -3.2245066920683838e-02	  -1.4354193144835400e-01	   3.0432223624662913e-01	   2.1893107813116319e-02	  -9.7332161418100277e-02	   1.9060084654662995e-01	  -1.5028931400489720e-01	   3.0811389536968947e-01	   2.5641699262939832e-01	  -2.4812481913108343e-02	   1.4022529479145390e-01	   1.3178291652738483e-01	  -3.1650617275253985e-02	   1.0931864293462307e-01	   8.4873743526919510e-02	   3.1403023801305097e-01	   8.0508891613561853e-02	   1.7910080887934274e-01	  -1.1909695915233415e-01	  -1.5066162962848104e-01	  -1.1491758350953472e-01	   7.2430431413133423e-03	   2.1657281086942770e-01	   2.1027140459311519e-01	   8.3687892988188795e-02	   1.4857022767716865e-01	   1.7188645731764185e-01	   1.3460372669144022e-01	  -5.2017816476734854e-02	  -1.6810685921224022e-01	
