   0.0000000000000000e+00	   9.1680649790729607e-01	   6.9858257215999253e-01	   7.4509796620999180e-01	   7.7328754687957213e-01	   6.4500599600993869e-01	   7.6843801915135823e-01	   7.8813929564476737e-01	   6.0676471134722143e-01	   7.9839025434015198e-01	   6.9275309556668963e-01	   6.2719107053921841e-01	   6.1365334600632060e-01	   7.4272061049330462e-01	   7.5479649279287553e-01	   8.4225959934542383e-01	   7.3782894422939538e-01	   7.5510245610591054e-01	   8.9821974971692220e-01	   8.9236193790437834e-01	   7.3249963641326032e-01	   7.0765787380918221e-01	   6.3693447324535069e-01	   6.6854700160014058e-01	   5.3391452974431197e-01	   6.4658216531428725e-01	   5.9553346001580154e-01	   7.0051336814660947e-01	   7.6073789391540958e-01	   7.7815448337913207e-01	   6.8362325504016375e-01	   7.1420162177358293e-01	   7.7934199563072060e-01	   7.8121462213924731e-01	   4.4433298457212256e-01	   4.3032934721777605e-01	   6.2070807517427440e-01	   6.4270591725763293e-01	   8.1222127464627158e-01	   7.1803465235312802e-01	   6.7720221997166918e-01	   7.7922502201165778e-01	   6.6689040542935363e-01	   6.3285441968537692e-01	   6.6114109186138104e-01	   6.6870007560224942e-01	   7.0678280041770547e-01	   6.4072883269398517e-01	   7.9527471199709554e-01	   7.2253207592683788e-01	   7.8057454020874506e-01	   7.5609866529434333e-01	   8.1191055767265352e-01	   7.5187366539298472e-01	   8.0532875677737237e-01	   7.7435264073226895e-01	   8.9204847096939432e-01	   9.0988946904299772e-01	   7.8949326269549869e-01	   7.9547557307109851e-01	   6.1839343775004596e-01	   6.2318808428139449e-01	   7.1105655540648205e-01	   6.4394391260370121e-01	   4.0867044415135267e-01	   4.5885960723882613e-01	   6.5835021257602133e-01	   7.2810759789669421e-01	   8.8987507608997174e-01	   8.1608747044841434e-01	   6.9944927391239675e-01	   7.2929733149296572e-01	   6.2722515507007759e-01	   7.1590930093681082e-01	   6.0375143598168535e-01	   6.1351753976798751e-01	   8.0319276636952619e-01	   7.8464608644608402e-01	   7.1343283907537258e-01	   7.6327281990620677e-01	   7.9997382509413595e-01	   7.7758482589418243e-01	   8.3698540254493592e-01	   8.5410852931053349e-01	   7.9331442847905720e-01	   7.6103719839073825e-01	   6.2997568005022830e-01	   6.8061830950355995e-01	   7.4519253401332619e-01	   8.1782447694802729e-01	   6.1193581343503445e-01	   5.3077620112602186e-01	   4.3242032759314097e-01	   4.1494601273471021e-01	   1.6815953024518304e-01	   1.7142049903017248e-01	   3.7419499381232385e-01	   3.1327920072965143e-01	   7.3104609892517658e-01	   6.8243729664793329e-01	   5.1259750141528393e-01	   6.6786706942750540e-01	   5.9594610339890197e-01	   6.7497865248384636e-01	   4.3759246216815989e-01	   4.7810984122608446e-01	   6.4774405628451359e-01	   7.3455002020259319e-01	   1.8559491059608278e-02	  -1.2474070863250282e-01	   5.3103716681783331e-01	   5.7152419886367445e-01	   5.9170366545498310e-01	   7.2606578063454696e-01	   5.3557592223963713e-01	   3.6052314944138242e-01	
   9.1680649790729607e-01	   0.0000000000000000e+00	   5.7639902667407472e-01	   7.0513353101423892e-01	   6.8476229245266174e-01	   6.0475322585356617e-01	   7.2365143448766089e-01	   8.1623850571330303e-01	   5.3755729956368248e-01	   7.7216099980660502e-01	   5.9990171146911775e-01	   7.3621273364326867e-01	   4.9093365871807315e-01	   7.6554150424127032e-01	   6.3490568656523794e-01	   8.0598934612323814e-01	   7.9096193721515129e-01	   8.3323844938204816e-01	   8.6339266784820534e-01	   8.4167432206027248e-01	   7.3113193253677111e-01	   7.3170716136194391e-01	   5.0886851855380399e-01	   5.9295671118463078e-01	   4.4684118577155429e-01	   5.7586467199350255e-01	   5.5976764623709996e-01	   6.6440613492962686e-01	   7.4993055576782819e-01	   8.4738099430450564e-01	   6.7094721553807890e-01	   6.8969041050491164e-01	   7.9348410480893050e-01	   7.7853047516215756e-01	   4.0961790895945127e-01	   4.4260087020119210e-01	   5.1081072397754390e-01	   6.3217340403154854e-01	   7.6587688188624681e-01	   6.6505604673167218e-01	   6.7786957091794076e-01	   8.1237173662561823e-01	   6.4180397343297946e-01	   6.1803205933195504e-01	   6.8930620194145775e-01	   7.1150982305319088e-01	   6.8070324144639871e-01	   6.2358886000031433e-01	   7.9411953991351902e-01	   7.2314224710472574e-01	   7.6947739801690096e-01	   7.2818896831589508e-01	   7.8302705012823726e-01	   7.2858775343317295e-01	   7.5734011149837621e-01	   7.3240113309291810e-01	   9.1070343732277981e-01	   9.4511138430552299e-01	   7.5341915642172919e-01	   8.5276604747623264e-01	   6.5822096557126919e-01	   7.4001619480293857e-01	   8.1101659777241875e-01	   7.7120687938034027e-01	   2.9471237837684500e-01	   4.2746379276619628e-01	   6.2022267967939138e-01	   7.5228706882409435e-01	   8.6912493693244697e-01	   8.2942167891692486e-01	   6.5219316862599075e-01	   7.1298405433199141e-01	   5.3768132841580307e-01	   7.3682911757925573e-01	   5.0494653839726955e-01	   5.8781801877151485e-01	   7.8908464363941000e-01	   8.4203187893419862e-01	   6.9374105487942939e-01	   7.4697098084160463e-01	   8.5185569984484277e-01	   8.1930878719231981e-01	   8.0461752077929116e-01	   8.9962381665592206e-01	   7.0717462575735257e-01	   7.3229747875356244e-01	   5.5136784964801744e-01	   5.8945458100686765e-01	   6.7605298710929007e-01	   7.5553774698971810e-01	   6.3885000735102415e-01	   4.7843697208022296e-01	   4.3588768481673035e-01	   3.0720246339186319e-01	   9.7341268437015932e-02	   1.1993146122827508e-01	   3.1377886260838139e-01	   2.5941136860676323e-01	   7.6259929330096843e-01	   6.6624470212536124e-01	   5.7781714274192642e-01	   5.7736395588462319e-01	   6.6478378690154427e-01	   6.5933662247646596e-01	   4.2063163920337315e-01	   3.9429505755813121e-01	   6.5863081578261995e-01	   7.1368257515499922e-01	  -4.0440242519287573e-02	  -2.0455491659754008e-01	   4.9431017887093104e-01	   5.8555795173892577e-01	   5.9970483740356251e-01	   6.8818548052174067e-01	   4.7303789257319062e-01	   3.8612787679304572e-01	
   6.9858257215999253e-01	   5.7639902667407472e-01	   0.0000000000000000e+00	   8.0477687656369945e-01	   6.9579360898498088e-01	   5.5522273873305883e-01	   7.4878209520530314e-01	   5.8171949925108768e-01	   5.7654411132751582e-01	   5.4545267924267149e-01	   4.5709370195709720e-01	   1.2316282961723313e-01	   5.0874293071897092e-01	   4.2465388752988464e-01	   8.8834886217988318e-01	   7.4344706921678450e-01	   5.5362510194863768e-01	   5.5432240667274502e-01	   7.8759623448773453e-01	   7.1784790017498312e-01	   5.0927573264196446e-01	   4.5416209971524218e-01	   9.2610221837370976e-01	   8.5852901989638619e-01	   7.9771799110654462e-01	   7.8301979204084116e-01	   5.5112907246739318e-01	   5.6078057204674170e-01	   5.9013299950835407e-01	   4.7579653464231009e-01	   7.4648981249976742e-01	   7.5215227199911328e-01	   7.0896254334654685e-01	   6.8778049263224494e-01	   6.8833695924156224e-01	   5.9349724070923082e-01	   6.2593424914846207e-01	   5.8681419148432901e-01	   6.7944634712509688e-01	   6.2620976854869825e-01	   5.0183408682506103e-01	   5.6853996357423986e-01	   7.2405272362489503e-01	   6.7307055750728284e-01	   4.9866609037717080e-01	   4.5968270829771729e-01	   7.0461186686315580e-01	   6.6593699651900085e-01	   5.1021058667811126e-01	   5.8341535514444698e-01	   6.9297585668091932e-01	   6.3116068011130322e-01	   5.5551666928438304e-01	   7.2053657288183504e-01	   6.6005297032998467e-01	   7.1059759140499135e-01	   6.3338895498073200e-01	   6.7280067323730086e-01	   5.2193917154223390e-01	   4.1735767510773619e-01	   1.9542059124753686e-01	   1.6455941654158768e-01	   4.2627366547389678e-01	   2.4345031722070279e-01	   7.5109572017427317e-01	   6.2314272258184400e-01	   7.7001947787392355e-01	   5.9768296026527690e-01	   5.6749516272717671e-01	   4.6499742135005617e-01	   5.0653775286373437e-01	   4.7598997283345001e-01	   4.8606648097449956e-01	   4.7030561511868019e-01	   5.2104614990804787e-01	   4.7799582922170991e-01	   6.1460125544901900e-01	   5.2366666677149276e-01	   6.4222471545289450e-01	   6.9186858245682858e-01	   5.9148233832721819e-01	   6.1891191822468317e-01	   7.8412691504355991e-01	   6.0065277253925031e-01	   8.6250066963608507e-01	   8.1971958310115189e-01	   8.4785058545245984e-01	   7.3550896528716037e-01	   8.0101233899216440e-01	   7.6711999159664290e-01	   5.9904436081360046e-01	   6.9861735189177177e-01	   5.7434612257416140e-01	   7.6028080564539424e-01	   3.4311414356988401e-01	   3.4311015019733376e-01	   5.2440172416551278e-01	   4.5204569795902128e-01	   6.5770229234730526e-01	   6.8498975223204051e-01	   4.0365023900822650e-01	   6.8852540820383989e-01	   4.4066300440149142e-01	   5.6964903872900707e-01	   5.1942893165396675e-01	   6.2360790724690185e-01	   4.4595685654664941e-01	   5.7183668634788032e-01	   1.7531472167290119e-01	   7.6302354180795132e-02	   6.5165555119864860e-01	   6.2645656482769385e-01	   5.8785531774099120e-01	   7.1942313746023490e-01	   7.4005966796815870e-01	   3.5484024198149011e-01	
   7.4509796620999180e-01	   7.0513353101423892e-01	   8.0477687656369945e-01	   0.0000000000000000e+00	   7.0522021830639792e-01	   6.2362083055168283e-01	   7.9905315838514790e-01	   8.5543106926705703e-01	   6.4835883013952866e-01	   7.0337702555235815e-01	   5.0470155326912169e-01	   3.9277862670771607e-01	   5.1061014154705309e-01	   6.1990503413138609e-01	   7.7819563452261864e-01	   7.6356783567531572e-01	   6.3924311789388499e-01	   6.6184426030598953e-01	   7.9783213428974631e-01	   7.8828169549436833e-01	   5.6621774735122998e-01	   5.0922230943127433e-01	   7.8655671464232202e-01	   8.6900123898379034e-01	   6.4179368577642060e-01	   7.3496442532522610e-01	   4.4406641158117155e-01	   5.3343599758401039e-01	   6.4991597737468387e-01	   6.1221025370480320e-01	   8.3062085255366491e-01	   8.2833057755249384e-01	   7.7623342201044454e-01	   7.6641390990063529e-01	   6.0929962025273376e-01	   6.3458226927892736e-01	   5.3934334796337813e-01	   5.9674876363796503e-01	   7.0181016781327854e-01	   6.6908233357814773e-01	   4.9784226726398645e-01	   6.1050775444170691e-01	   7.5597573111210936e-01	   7.4114051688815019e-01	   5.9177018306153684e-01	   5.8603388123670885e-01	   7.7576317151811536e-01	   7.5125485437203376e-01	   6.1464159188509582e-01	   6.9501732365640279e-01	   7.8007120368642968e-01	   7.8327145840767287e-01	   6.7268426905920675e-01	   7.7423314115165165e-01	   7.6674581766545702e-01	   7.7494631724342722e-01	   7.3887209128958653e-01	   7.5554680791846329e-01	   5.8636216956470966e-01	   6.5143289578168251e-01	   3.7692110491309738e-01	   5.0456792508771564e-01	   5.6177508732089987e-01	   3.8771807530943048e-01	   5.6989228544168380e-01	   7.8868696956062001e-01	   7.7669233256081904e-01	   7.5153478521211525e-01	   7.1743918806239815e-01	   6.2484091257833940e-01	   6.1047417307391327e-01	   5.9528828678553602e-01	   5.5229633688198332e-01	   6.0166816109853605e-01	   5.7854885088192698e-01	   5.9206318191758700e-01	   7.0608203016279192e-01	   6.6880629694454563e-01	   7.1586024461971487e-01	   7.7119499878314868e-01	   7.6372258020923867e-01	   7.5312584428935092e-01	   7.8228701318077021e-01	   6.9395568569452770e-01	   7.9728031684324896e-01	   8.6609367471666066e-01	   7.2738600629915040e-01	   6.7686367352992893e-01	   7.2848691163867185e-01	   7.8068813905598566e-01	   7.5599096552607392e-01	   6.7119131376938801e-01	   6.9792103114035187e-01	   6.0026302296448530e-01	   3.8842158701245211e-01	   4.0897543998369640e-01	   5.9699097041502946e-01	   5.5669820040579077e-01	   7.8772391418175713e-01	   7.3909018212430844e-01	   6.2197537614926035e-01	   6.8129290359156647e-01	   6.0660752774848570e-01	   6.3264975435168247e-01	   5.2845158063327280e-01	   4.8191356016236975e-01	   5.6980728433218464e-01	   6.1191082158094479e-01	   2.1080035493830551e-01	   1.3315953788196733e-01	   6.5937799240532691e-01	   6.4621278017840633e-01	   6.5367586434460423e-01	   7.7945099366886428e-01	   6.9678840444449008e-01	   3.6200015366287158e-01	
   7.7328754687957213e-01	   6.8476229245266174e-01	   6.9579360898498088e-01	   7.0522021830639792e-01	   0.0000000000000000e+00	   9.0884863565112595e-01	   7.2036522183128959e-01	   6.9786482530981653e-01	   8.1714096059189489e-01	   8.6590148326794458e-01	   6.2320284675110416e-01	   4.2191207180812995e-01	   5.5995787672175978e-01	   5.7665585372814232e-01	   7.7609412456252880e-01	   8.0488826576454886e-01	   5.6033558839146602e-01	   5.0355411609194722e-01	   6.7161032150039868e-01	   6.6591210861575334e-01	   5.8778239926104414e-01	   5.7061578552986048e-01	   6.4487183570331852e-01	   6.8083381106474983e-01	   6.6754286332587076e-01	   7.5016251704576398e-01	   6.9757528579615768e-01	   7.3343068930896260e-01	   5.1864592632655082e-01	   4.8600201182504321e-01	   5.3619289274014825e-01	   5.5482414799384461e-01	   5.5533525698910613e-01	   5.4848178727639563e-01	   4.2155955281503432e-01	   3.9145504793483027e-01	   6.4141145905076358e-01	   6.4197467648036499e-01	   7.9664511750240075e-01	   7.3638562938826091e-01	   4.9288745576572701e-01	   5.8200576698330997e-01	   6.3028801831072179e-01	   6.2677631494467734e-01	   5.1529847436408605e-01	   5.2203371654543396e-01	   6.5003598038403054e-01	   6.4879843673613957e-01	   6.6213945805908414e-01	   6.3221378903771941e-01	   7.1811690732388245e-01	   6.9687424026898270e-01	   6.9376516880233674e-01	   6.8088232084148981e-01	   7.9696576456472623e-01	   7.5179368605944319e-01	   7.0017618172005458e-01	   7.0046821377663615e-01	   7.3526121164178315e-01	   6.4673220104870344e-01	   5.2410258772757023e-01	   4.7351730629004984e-01	   4.6675774839387629e-01	   3.7821140327082947e-01	   5.5851468749954658e-01	   6.0581017697289197e-01	   6.3518276968827314e-01	   6.2335594208634337e-01	   7.1219891514449729e-01	   6.6382908314791433e-01	   5.0120174637702675e-01	   5.2055224063916627e-01	   3.4184009368042856e-01	   4.4475015293516340e-01	   3.6731501715986220e-01	   3.9110715647450789e-01	   5.5791623241720489e-01	   5.2569300997839474e-01	   5.6568090977231444e-01	   5.9340808538925160e-01	   5.9898872751685450e-01	   5.9486114253379041e-01	   6.8520913469149713e-01	   6.1872150441447282e-01	   7.6135623675755015e-01	   7.5203669733904088e-01	   7.2780156850505640e-01	   6.8038792147235361e-01	   8.3144295257304246e-01	   8.3645028184747783e-01	   6.2760486704704288e-01	   6.4284320211795631e-01	   6.3097727375064516e-01	   5.9664119960793038e-01	   3.1865530819373356e-01	   3.3674885225887907e-01	   4.7044826619705427e-01	   4.5329426259430561e-01	   6.8209414872215379e-01	   6.9188367929332295e-01	   5.6229560540406909e-01	   6.5510326463322954e-01	   5.4587222156766668e-01	   6.2534188398713719e-01	   4.7034148611304771e-01	   5.6427254661214610e-01	   5.9903897068423939e-01	   6.7046876451875681e-01	   1.7289437454885548e-01	   1.0002397556203219e-02	   5.5372330692395422e-01	   5.8831315759414804e-01	   5.9529761276593596e-01	   6.9000093042721866e-01	   6.0881288941236367e-01	   3.3867050693132672e-01	
   6.4500599600993869e-01	   6.0475322585356617e-01	   5.5522273873305883e-01	   6.2362083055168283e-01	   9.0884863565112595e-01	   0.0000000000000000e+00	   6.2141134741537829e-01	   6.7339926040330278e-01	   8.2710338661943306e-01	   8.4032362302814489e-01	   5.6772294219187580e-01	   3.9780494743130806e-01	   5.3768584298441802e-01	   5.5764293473537996e-01	   6.4336271257897126e-01	   7.1914132545970533e-01	   4.7405517117181767e-01	   4.2692503998454073e-01	   4.9683583122732478e-01	   4.8466331903977233e-01	   4.6998702052555458e-01	   5.1233964811231936e-01	   5.4966541474310382e-01	   6.3687818053597478e-01	   6.2802054743429037e-01	   7.1877013996741457e-01	   7.1946938165857510e-01	   7.1046541375659311e-01	   3.4831643383170213e-01	   3.7288305387833365e-01	   4.2489384808814562e-01	   4.7530175687488441e-01	   4.5705444459874517e-01	   4.2846542038343816e-01	   4.4592245507556694e-01	   4.3232838434418730e-01	   5.4489111995290573e-01	   5.7958371810142750e-01	   6.8113389223099530e-01	   6.6063444158396256e-01	   4.2097424420682783e-01	   4.8811128426580830e-01	   5.1621857963338180e-01	   5.1847979055787730e-01	   4.0415940589270488e-01	   4.1312633882549077e-01	   5.5251294650277072e-01	   5.5049793853628448e-01	   5.4831129157520464e-01	   5.2685899094620581e-01	   6.3033200569731607e-01	   6.1929868542607980e-01	   6.4235149543393877e-01	   6.2010599760446039e-01	   6.7208889662845306e-01	   5.9099019803178354e-01	   6.0237595330075033e-01	   6.0185626714579832e-01	   6.3231396697605702e-01	   5.8220503813729541e-01	   5.2613175849058025e-01	   4.7987229715896795e-01	   3.2913342509948218e-01	   2.5915288297414929e-01	   5.3633749752722926e-01	   6.7416702003582052e-01	   5.1194330176493630e-01	   5.2072100804630328e-01	   6.5659745658964663e-01	   6.2334053231336495e-01	   3.7391761803855050e-01	   4.4277432994645827e-01	   2.1041758094188773e-01	   2.9909586080020234e-01	   2.3289954427354409e-01	   2.7115763580821295e-01	   4.6614770909054476e-01	   5.0408975841737680e-01	   4.9787860500178827e-01	   4.9187655416408649e-01	   5.3403811237455956e-01	   5.0095612372247311e-01	   5.4789539486812688e-01	   5.4780032526818578e-01	   6.5109057192842434e-01	   6.5512216450631688e-01	   6.2184518250328447e-01	   6.0378819733709843e-01	   7.6940036104022924e-01	   7.1703913355412296e-01	   5.5137903251679932e-01	   5.4735090161306199e-01	   6.1638530745335696e-01	   5.1072899470038946e-01	   1.3618058008691153e-01	   1.7754884636918802e-01	   3.1788047300365130e-01	   3.0073579823354379e-01	   5.5965637661082701e-01	   5.7395789535420616e-01	   4.5724260604060485e-01	   5.0978139402624234e-01	   4.1998467755412699e-01	   5.2578643558756777e-01	   3.5471814815914587e-01	   4.8811424448467700e-01	   5.0947709178196077e-01	   5.7321874950859020e-01	   1.7556150745522462e-03	  -1.1503467562230203e-01	   5.0345903369765210e-01	   4.4884261184181418e-01	   4.8572743320742801e-01	   5.1425373580516343e-01	   4.7738333650636233e-01	   1.9383846002967961e-01	
   7.6843801915135823e-01	   7.2365143448766089e-01	   7.4878209520530314e-01	   7.9905315838514790e-01	   7.2036522183128959e-01	   6.2141134741537829e-01	   0.0000000000000000e+00	   8.7421561336829190e-01	   7.6482780889457791e-01	   7.8524948010189310e-01	   7.0758680400421958e-01	   5.8945871650134851e-01	   6.7643359345964515e-01	   7.2539057783022232e-01	   7.4389506625159574e-01	   7.1997193643440638e-01	   6.7870688415070424e-01	   7.0377612212289165e-01	   7.8991714072613872e-01	   7.6966437513407215e-01	   5.9694624036172794e-01	   5.7888868050110598e-01	   6.8237937412798355e-01	   6.9442965773669707e-01	   4.5390774770717479e-01	   5.4577271417585438e-01	   3.6360841889788992e-01	   4.7056281982398973e-01	   7.1905010007378611e-01	   7.0126012586239461e-01	   6.6509699497352848e-01	   6.7822532268395630e-01	   8.1848821093636737e-01	   8.3387749543023837e-01	   5.0256322319546587e-01	   5.1070734973691545e-01	   5.4424203342507449e-01	   5.6112547526104517e-01	   7.1464984841490176e-01	   5.9270005616720267e-01	   5.6684928565059700e-01	   6.4097172095050303e-01	   5.8241461263284255e-01	   5.6389182912201663e-01	   5.5749479193624096e-01	   5.3577421109082735e-01	   6.3198547119425874e-01	   5.7658654596140169e-01	   6.6571185708931635e-01	   6.1760157568085439e-01	   8.0069843767519655e-01	   7.6257390566120009e-01	   7.4576137677136889e-01	   7.7175621277046469e-01	   6.9284905427795040e-01	   6.4487081019076309e-01	   6.5136498153423505e-01	   6.9074279411660522e-01	   7.3701723409400910e-01	   6.8878198967869397e-01	   6.6343101962388273e-01	   6.1437514186329745e-01	   6.7839493911706095e-01	   5.6101070200560943e-01	   5.8643669929123488e-01	   6.3182068750748555e-01	   6.9944304252862899e-01	   7.0851517790854290e-01	   7.0184276853900696e-01	   6.2270839394161837e-01	   6.1349488448607525e-01	   6.4639061433634915e-01	   6.1171154084720702e-01	   6.7301231201691192e-01	   6.1692939108512435e-01	   6.0835279952603305e-01	   7.4119876598525636e-01	   7.1542134406369828e-01	   6.8291688678316698e-01	   7.5448593487305649e-01	   7.5560958540769918e-01	   7.7044634591527617e-01	   7.7891479920624684e-01	   7.3713973260438270e-01	   8.1198486698904593e-01	   7.6834039071849980e-01	   6.3614139052949237e-01	   5.6413740487109609e-01	   7.6119957371580582e-01	   7.3819849089227907e-01	   5.8853403527086545e-01	   5.7495801096264787e-01	   4.8863200292946390e-01	   5.4949073625940614e-01	   2.2862214925192026e-01	   2.4787756764796043e-01	   3.8040510784231601e-01	   3.4323110945666663e-01	   6.3940872325533504e-01	   6.1409932505496445e-01	   5.0156868689301171e-01	   6.7070883522640146e-01	   5.2440322137572393e-01	   6.3028247918946589e-01	   4.4234707451628114e-01	   4.9409110752552321e-01	   5.1606099670388483e-01	   5.9110989067291342e-01	   5.7172239082135305e-02	  -2.4273332155794879e-02	   4.7928038137462892e-01	   5.0933958027639203e-01	   5.4628455034744594e-01	   6.9605061899256260e-01	   6.0674279874139458e-01	   3.1931898628644839e-01	
   7.8813929564476737e-01	   8.1623850571330303e-01	   5.8171949925108768e-01	   8.5543106926705703e-01	   6.9786482530981653e-01	   6.7339926040330278e-01	   8.7421561336829190e-01	   0.0000000000000000e+00	   7.1917830812110783e-01	   8.5212666953178595e-01	   6.7169060177200746e-01	   7.1049776051875146e-01	   6.3154647380011208e-01	   8.3426805596488274e-01	   6.5033835541061147e-01	   7.4344588810711598e-01	   6.9273976026687434e-01	   7.2657122240016814e-01	   7.6182509772265827e-01	   7.5402250287950989e-01	   5.7272031993385408e-01	   5.5951322275945037e-01	   5.7492271835334519e-01	   6.9418568440182804e-01	   3.6533725164680697e-01	   5.2109996882208998e-01	   3.6166918147431482e-01	   4.5848122212615872e-01	   7.0519376560036817e-01	   7.5331933399792461e-01	   6.9574099847539417e-01	   7.2279450210506269e-01	   7.8417537299521145e-01	   7.9624454779161502e-01	   3.9149126765665060e-01	   4.5850685161032667e-01	   4.5063942074831237e-01	   5.2870914913184941e-01	   6.7864735305538915e-01	   5.7595385005201549e-01	   5.1441546270542959e-01	   6.1964994898621262e-01	   5.9326987594644620e-01	   6.0627943558033737e-01	   6.2728824137075456e-01	   6.4869688110277024e-01	   6.7074531177955798e-01	   6.3653236042884320e-01	   7.0822672877492787e-01	   6.8313122920164271e-01	   7.8852616164413791e-01	   8.0282831843526870e-01	   7.6932035594455050e-01	   7.4278729812513700e-01	   7.1432504591520218e-01	   6.5914277081965433e-01	   7.3533392321689228e-01	   7.5347371950492070e-01	   6.8944115947396445e-01	   7.9677242863315667e-01	   6.9096074306376010e-01	   7.9830771606187423e-01	   7.1378624814478897e-01	   6.1088548977089729e-01	   3.9489798647877827e-01	   6.8074676776212462e-01	   6.1785866342764439e-01	   7.4931074873816828e-01	   7.7656654820343807e-01	   7.1817001723391982e-01	   6.2287841150180301e-01	   6.9561299079013050e-01	   5.8634663787812602e-01	   6.9618463141648879e-01	   5.9425500822974142e-01	   6.4579089723311767e-01	   7.5161211238510772e-01	   7.8012149687253030e-01	   6.7730777801175956e-01	   7.3505029614302941e-01	   8.1580041484676191e-01	   7.9212972497606526e-01	   7.2389373753980135e-01	   7.7592113713239630e-01	   7.0590602180471884e-01	   7.4565050148341527e-01	   5.1589181847475685e-01	   4.9771407614407714e-01	   6.5517366915815201e-01	   6.8859294854309039e-01	   6.6533153920543397e-01	   5.1943707156210361e-01	   5.6498392861123869e-01	   3.9097501016439340e-01	   2.0950143283085571e-01	   2.3227083413009281e-01	   4.0349638827013651e-01	   3.8500813332723094e-01	   7.0975940683863314e-01	   6.4278859859815807e-01	   6.1562590664193362e-01	   6.0099074687390330e-01	   6.1111440027092323e-01	   6.3142245581427647e-01	   4.0136835127015791e-01	   3.3431546144832508e-01	   5.7958906345377292e-01	   6.0067718860146868e-01	   6.3841458127706710e-02	  -1.0251807676771682e-02	   4.9075655529801365e-01	   5.1114698888469845e-01	   5.8478312854470149e-01	   6.7917067027169153e-01	   4.9612976582951396e-01	   2.4883016881591410e-01	
   6.0676471134722143e-01	   5.3755729956368248e-01	   5.7654411132751582e-01	   6.4835883013952866e-01	   8.1714096059189489e-01	   8.2710338661943306e-01	   7.6482780889457791e-01	   7.1917830812110783e-01	   0.0000000000000000e+00	   8.0043467391501477e-01	   7.2841107066337019e-01	   4.6083556003362469e-01	   7.5187979897853774e-01	   6.5081319020891604e-01	   7.5517853459178164e-01	   6.8774894157465039e-01	   4.4011229212181424e-01	   4.2474469169927331e-01	   4.9519874595527102e-01	   4.8717000960989343e-01	   4.3414061080136046e-01	   4.6138606962169249e-01	   6.3355657652114017e-01	   6.7068561406951177e-01	   4.7993006703163715e-01	   5.3687207161042916e-01	   5.0185766851702152e-01	   4.9311155876066243e-01	   4.1214365623645199e-01	   4.0763222662359894e-01	   4.0610029381215729e-01	   4.5314252411999068e-01	   4.6031299387561631e-01	   4.7380651873526158e-01	   4.5783812857397832e-01	   4.0613873572117143e-01	   5.4082239579120350e-01	   5.3721791989104850e-01	   6.4894304607478781e-01	   5.6790690353511963e-01	   4.6134044878710945e-01	   4.5808462838342356e-01	   4.4300012564087343e-01	   4.4154329378652002e-01	   3.6750637721946788e-01	   3.7634526911192756e-01	   5.4044638322171534e-01	   5.0893708196110943e-01	   5.4551136289017510e-01	   5.3697557779710170e-01	   6.5538418389200936e-01	   6.1712656992689485e-01	   7.0595408098133960e-01	   6.5404911569575530e-01	   6.5440067629161691e-01	   5.5534490793690527e-01	   4.6606497772646771e-01	   5.2459118174164365e-01	   6.3726328929080767e-01	   5.6189480539721026e-01	   5.9783544286660217e-01	   5.4350988436093406e-01	   3.4484804944305902e-01	   2.6707689607947888e-01	   6.8379683992041240e-01	   7.0977436929756332e-01	   4.3498451306361097e-01	   4.3787661854586674e-01	   6.1587380199281883e-01	   5.8677879383602816e-01	   4.1574326759404112e-01	   4.3817911617772987e-01	   3.5854837236658382e-01	   3.8526411554884854e-01	   3.5094715816835254e-01	   3.8857850961394635e-01	   5.3746117852345332e-01	   5.1680209651533093e-01	   4.9083348703879742e-01	   5.3178084942915949e-01	   5.5943706730482534e-01	   5.4990858483377425e-01	   6.2184736986578371e-01	   5.3913372363864664e-01	   7.5668860831357765e-01	   6.8195717077518581e-01	   6.6058055263670812e-01	   5.5595072010133917e-01	   8.3520748675198919e-01	   7.1786784094027212e-01	   5.1924332062576894e-01	   5.5814551601646256e-01	   5.8684662372183616e-01	   6.1201255140848287e-01	   1.6892279543380942e-01	   1.9625198876147398e-01	   2.9959771623376574e-01	   3.0209348789294044e-01	   4.9361221328091476e-01	   4.9934569401290446e-01	   4.0520175240071205e-01	   5.3799112535166183e-01	   3.3803553521777430e-01	   4.7924172295443596e-01	   2.8676927908739530e-01	   4.7732717423632054e-01	   4.4560465944055572e-01	   4.7836169348267110e-01	   4.7459644108812649e-02	  -3.3188599236602452e-02	   4.2718164128640346e-01	   3.7538698775245205e-01	   4.4126277663912300e-01	   5.3088425070897294e-01	   5.3983390561396516e-01	   2.0598505922978036e-01	
   7.9839025434015198e-01	   7.7216099980660502e-01	   5.4545267924267149e-01	   7.0337702555235815e-01	   8.6590148326794458e-01	   8.4032362302814489e-01	   7.8524948010189310e-01	   8.5212666953178595e-01	   8.0043467391501477e-01	   0.0000000000000000e+00	   6.7119133086428517e-01	   6.3725198430993557e-01	   6.0872690391434903e-01	   7.2054129737507189e-01	   6.8118864803155654e-01	   8.2793582016700629e-01	   5.8001830324697623e-01	   5.7586964638715221e-01	   6.8844162099091755e-01	   6.9366374290724531e-01	   6.3249263031487124e-01	   6.6616636176431654e-01	   5.1914086772955481e-01	   6.1726424177163708e-01	   4.0322096206296065e-01	   5.5191063932470263e-01	   4.7174881261156421e-01	   6.1206531246986762e-01	   5.7920525517394328e-01	   6.3792675389127429e-01	   5.0428817059726250e-01	   5.4244428919439014e-01	   6.0537331658884808e-01	   6.1187432783587170e-01	   2.7232350431481722e-01	   2.8798418243819224e-01	   5.7941670566271730e-01	   6.1400388663659833e-01	   7.8407116389804754e-01	   6.8449152747129771e-01	   5.6390962836122138e-01	   6.4459716027927549e-01	   5.0565462591456489e-01	   5.0917370230832992e-01	   4.8395830990359856e-01	   5.2835372525039381e-01	   5.8771245519671866e-01	   5.6547452408798993e-01	   6.5912207315028370e-01	   6.0279242475517947e-01	   6.9609668914368361e-01	   6.9939002741511169e-01	   7.5710872154191544e-01	   6.9786040965362595e-01	   7.6872000827563514e-01	   6.8901293809827457e-01	   7.1032878888216922e-01	   7.1971023995482963e-01	   7.6286974730424817e-01	   7.9250831452901149e-01	   7.1755073445932105e-01	   7.3780653554423359e-01	   5.8386498212843596e-01	   5.2337228254645807e-01	   3.9573734969439800e-01	   5.7483066342577671e-01	   5.5114336737040048e-01	   6.3789495988442624e-01	   7.9302636581036046e-01	   7.4160845795018293e-01	   5.4856156374920440e-01	   6.4160000798645189e-01	   4.3437336273453231e-01	   5.6717832043748773e-01	   4.1526952423327695e-01	   4.6993552047179349e-01	   6.5439897381148848e-01	   6.8182653097316426e-01	   5.8324985918827521e-01	   6.0911555939965867e-01	   6.8705383536461562e-01	   6.5421885223103771e-01	   6.8849934757743791e-01	   7.3967828834949312e-01	   6.9635067611672452e-01	   6.9699269586114232e-01	   5.4772578580049136e-01	   5.0816800593203026e-01	   7.4594933830755550e-01	   7.6712824290933423e-01	   6.0904088354565733e-01	   5.2329811865469544e-01	   5.6580971594081675e-01	   4.0100971036442812e-01	   1.7030238031058959e-01	   2.0331578721321811e-01	   3.2201781522267170e-01	   3.3392496791170134e-01	   6.6008771262674748e-01	   6.1187990793075286e-01	   5.7982387469886754e-01	   5.9307458482371911e-01	   5.6720775258579137e-01	   6.1904271559691693e-01	   3.9726999417091924e-01	   4.3534786662460423e-01	   6.2545848041399354e-01	   6.4320298421553113e-01	   2.5892074731297621e-02	  -1.2055179976145233e-01	   4.2502261759308485e-01	   4.8961158970903024e-01	   5.4709995361883934e-01	   6.4333356682142295e-01	   4.9557984868512928e-01	   3.0899396102170218e-01	
   6.9275309556668963e-01	   5.9990171146911775e-01	   4.5709370195709720e-01	   5.0470155326912169e-01	   6.2320284675110416e-01	   5.6772294219187580e-01	   7.0758680400421958e-01	   6.7169060177200746e-01	   7.2841107066337019e-01	   6.7119133086428517e-01	   0.0000000000000000e+00	   6.7707993332206651e-01	   9.1003093018517112e-01	   7.8055291503554169e-01	   6.4743023392930577e-01	   6.2313112657063430e-01	   6.4527923763576522e-01	   6.2424968278918058e-01	   5.5325398157087002e-01	   5.9430534499769438e-01	   5.1017401879258628e-01	   5.2024881322746808e-01	   5.3881622377536054e-01	   5.4067436903075516e-01	   3.3935342381467504e-01	   4.1955496091009092e-01	   4.1364210009742752e-01	   4.5911121543884914e-01	   6.8004542419708813e-01	   6.4101988330930326e-01	   4.9494961255053005e-01	   5.4200541250689882e-01	   5.6538225416223320e-01	   6.0801511020865673e-01	   3.3466627039036967e-01	   3.0699630914613291e-01	   4.9680410876517084e-01	   5.2563232839560003e-01	   5.9393070194704212e-01	   4.8409181182679673e-01	   5.9458776884446318e-01	   5.5266508187411789e-01	   4.3795693222282650e-01	   4.2292471553547623e-01	   3.8182171576513635e-01	   4.1303409673118896e-01	   5.1571782486314499e-01	   4.7066575869769955e-01	   5.8574239527541272e-01	   4.1784637539993302e-01	   6.2777552656102098e-01	   5.8172493942734260e-01	   7.5412416204437571e-01	   5.8413361568552635e-01	   6.2868363418285111e-01	   4.8573117031017221e-01	   5.0964305398578991e-01	   5.5643242432824025e-01	   7.0687224902981527e-01	   5.6862328162672038e-01	   7.6953660461180640e-01	   5.7970607206481373e-01	   5.7526873155819791e-01	   4.8462562211547144e-01	   3.8899495350947322e-01	   3.4468707985894853e-01	   4.2372500308562522e-01	   5.1047835571219069e-01	   6.8543670197449669e-01	   6.5888903857264691e-01	   5.1637531980521456e-01	   5.8813010234219765e-01	   5.8888555415470467e-01	   5.9654906971121302e-01	   4.9488139608244242e-01	   4.8540736464965134e-01	   7.0508959817736061e-01	   6.8007710064650329e-01	   6.3756521056589888e-01	   6.6874708931610638e-01	   6.8009277384394906e-01	   6.7603613242728300e-01	   6.6582126640704908e-01	   6.1680103523746854e-01	   6.7801746835887056e-01	   5.2696097006049025e-01	   4.2487155511226066e-01	   4.1078432409398064e-01	   6.2572191717619496e-01	   6.2201171051181436e-01	   5.2022322432430523e-01	   5.0568483679172560e-01	   4.1265836708155318e-01	   4.6433510482734058e-01	   1.6179348728513146e-01	   1.8823044274771561e-01	   3.3011598897161987e-01	   2.8920522741454446e-01	   5.0963926968009321e-01	   5.0470069782096794e-01	   3.7982632696639879e-01	   5.5379368525837647e-01	   4.3734501828654027e-01	   5.5571307505299294e-01	   3.8317453451429012e-01	   4.8206300318439943e-01	   4.6224395184688938e-01	   5.1985645150866111e-01	   4.8533312277254256e-02	  -2.7630432848136814e-02	   4.9180144916345869e-01	   4.1896465830844165e-01	   4.9944545000253798e-01	   5.4949762409720471e-01	   5.0303895570357382e-01	   2.4639216170789180e-01	
   6.2719107053921841e-01	   7.3621273364326867e-01	   1.2316282961723313e-01	   3.9277862670771607e-01	   4.2191207180812995e-01	   3.9780494743130806e-01	   5.8945871650134851e-01	   7.1049776051875146e-01	   4.6083556003362469e-01	   6.3725198430993557e-01	   6.7707993332206651e-01	   0.0000000000000000e+00	   4.9953363290014963e-01	   8.3573515458234571e-01	   2.6394842943662111e-01	   4.6764561058455750e-01	   6.8180488154869190e-01	   6.9861177194946422e-01	   5.1763349446300622e-01	   5.7567420248660739e-01	   4.7490919682759203e-01	   4.8884811123114286e-01	   1.1296444774709109e-01	   2.4299611180613151e-01	  -1.7384764876414736e-02	   1.3712082758142330e-01	   1.8732455258132813e-01	   3.4311957840437668e-01	   6.4942905926293992e-01	   7.5287417332128626e-01	   3.3283389815721320e-01	   3.6318993558159784e-01	   5.3110304131532460e-01	   5.6852367184757568e-01	   1.2994939064756135e-02	   1.2092549129892363e-01	   3.1613361714866767e-01	   4.1906442645366748e-01	   4.9226582818818410e-01	   3.9564159616684341e-01	   4.9071571832685801e-01	   5.2043218778111577e-01	   2.9780907709904114e-01	   3.1907665785884753e-01	   4.2774701039758939e-01	   4.9633877367628576e-01	   3.8976052324961896e-01	   3.4434376862072152e-01	   6.1705991322300668e-01	   4.3959247667611751e-01	   5.8797446329019232e-01	   5.6793368676706457e-01	   6.6207393974255235e-01	   4.8664687127253242e-01	   5.2664957917377631e-01	   4.0355251053456187e-01	   5.8445722458051663e-01	   6.0654817516720638e-01	   6.5517109042851873e-01	   7.6720465838600682e-01	   7.9832839493125940e-01	   8.7034677073083377e-01	   7.5339679918076607e-01	   8.1266514289879965e-01	  -9.8569970632824584e-03	   1.6839016795004677e-01	   2.7484106475484482e-01	   5.3607182173395085e-01	   6.4801943382149252e-01	   6.2919267149256553e-01	   4.6281806785558433e-01	   5.5798634806050906e-01	   4.6267186808352401e-01	   6.5693574754123718e-01	   3.9972804747392365e-01	   5.0835091241608121e-01	   6.0609499885455764e-01	   7.1538760527322631e-01	   5.5075439720560326e-01	   5.7388274851259924e-01	   7.3160027276220774e-01	   6.8752286197817414e-01	   4.8440391898211543e-01	   6.4685684376595254e-01	   3.7057690596480547e-01	   3.7145479606059195e-01	   1.4230532422750722e-01	   1.8584998646560125e-01	   3.5358374774923229e-01	   4.6920816618074673e-01	   4.7014375573490197e-01	   2.4211997734278509e-01	   2.8918861318002265e-01	   9.2465102812192473e-02	   4.3182023964378424e-02	   7.0444584147954598e-02	   1.7395344380205546e-01	   1.6951966527232620e-01	   4.8914496400195073e-01	   3.6220488179245708e-01	   5.0695157801911250e-01	   3.9300675079875907e-01	   5.3972832209846744e-01	   4.7125016507966172e-01	   2.6474157867220732e-01	   1.9323139199563499e-01	   5.0218967960524130e-01	   4.6055048505856355e-01	  -4.3233662504211338e-02	  -1.0293833862269823e-01	   2.3759520846910986e-01	   2.9388520666200080e-01	   4.0907844360092332e-01	   4.3678160446259817e-01	   2.0634624722573958e-01	   2.0316248941632503e-01	
   6.1365334600632060e-01	   4.9093365871807315e-01	   5.0874293071897092e-01	   5.1061014154705309e-01	   5.5995787672175978e-01	   5.3768584298441802e-01	   6.7643359345964515e-01	   6.3154647380011208e-01	   7.5187979897853774e-01	   6.0872690391434903e-01	   9.1003093018517112e-01	   4.9953363290014963e-01	   0.0000000000000000e+00	   7.4329867549569995e-01	   7.1320947593532280e-01	   6.0584631025523250e-01	   5.0927458765892464e-01	   4.9661894003726237e-01	   5.1453708364660755e-01	   5.1386839229250836e-01	   3.3768560286273214e-01	   3.4206170799061281e-01	   6.4034125142928799e-01	   6.3647425597624507e-01	   3.1991146011156102e-01	   3.8871197128153140e-01	   3.8547016626016450e-01	   3.6840023091901075e-01	   5.7636585506802596e-01	   5.3203908472613537e-01	   4.7054271325622266e-01	   5.3521943050998921e-01	   5.2841511585906098e-01	   5.6058006712830810e-01	   3.8965074059682236e-01	   3.1072585653921370e-01	   4.7690226186308238e-01	   4.5915295108203008e-01	   5.0990729007897984e-01	   4.2015510638612308e-01	   5.0456118367837266e-01	   4.1931314097427685e-01	   4.1005574908950665e-01	   3.8296887156429760e-01	   3.5206322256252198e-01	   3.5901970967953289e-01	   5.3117401753455629e-01	   4.6318029943527717e-01	   5.1544848623958439e-01	   4.2249302012369061e-01	   5.9792008149578302e-01	   5.6502944309485947e-01	   7.1624886456718007e-01	   6.0950407423072073e-01	   5.6198049583536991e-01	   4.4171505917953702e-01	   3.9880472365527747e-01	   4.7101853891061662e-01	   5.6112583801851157e-01	   4.1837559063388274e-01	   5.9638311057578408e-01	   4.3077454542297988e-01	   4.1772422505085333e-01	   2.8326399535351127e-01	   5.0909967847957538e-01	   4.4717395833328333e-01	   3.5232267458710509e-01	   3.8097847770445792e-01	   6.3191086534235597e-01	   6.0229794673774417e-01	   4.7450735499661717e-01	   5.3971453811113246e-01	   6.0594097538749436e-01	   5.4906628858106665e-01	   5.5958915738419357e-01	   5.4586095187731021e-01	   6.6639667900225952e-01	   5.9812951351146570e-01	   5.8537820254397821e-01	   6.2402149964994069e-01	   6.0475220194078538e-01	   6.0827199946666366e-01	   6.1810922817473668e-01	   5.2902892958805736e-01	   7.1160742145081235e-01	   5.4059403305712606e-01	   4.4193591688870965e-01	   4.3249383911616635e-01	   6.2409337487639782e-01	   5.5434122999477597e-01	   4.5088660481897186e-01	   4.8056698881153359e-01	   3.9008325643341152e-01	   4.9123163090895938e-01	   1.2934658418219377e-01	   1.5371821516451950e-01	   3.0750385319196516e-01	   2.6903636700876743e-01	   4.4376227556798220e-01	   4.4306535891719256e-01	   2.5183956504423599e-01	   4.8993988817372169e-01	   3.2100125377446631e-01	   4.7466381908276478e-01	   2.8917530104438083e-01	   4.3392769037509626e-01	   3.3609383411920474e-01	   4.1187078700010110e-01	   7.4110120126617468e-02	   2.9677717475823082e-02	   4.6805919994800360e-01	   3.5174047359737098e-01	   4.3120946333793642e-01	   5.0296733980127706e-01	   4.9020793153579323e-01	   1.1801019493276285e-01	
