   0.0000000000000000e+00	   9.1146148106096025e-01	   4.0441033774306129e-01	   4.4064889772924043e-01	   3.8767533420084438e-01	   2.2797084264463574e-01	   1.2541788917866636e-01	  -1.1879847485574231e-01	   2.1394334249080679e-01	  -7.0822931639272974e-02	   5.5008264661282780e-01	   1.1301993534463622e-01	   2.6820677296610962e-01	  -9.9009137905739175e-02	   3.7585764942212069e-01	  -1.7070309483077820e-01	   7.6109780581378472e-01	   7.4697800208893039e-01	   7.3330672178478440e-01	   8.6603848140713013e-01	  -4.3766963331696565e-02	   5.7610907782943310e-02	   8.0706935423296877e-02	  -1.4995136510398904e-01	   2.8440023314496865e-01	   8.2898828821943743e-02	   2.5078159628937724e-01	   4.0475952126751102e-01	   2.3189483120163962e-01	  -6.7403362310422751e-02	  -2.7417557030045836e-02	  -3.0529052817257007e-01	   6.4614200917342723e-01	   3.6548787113991776e-01	  -3.6739369784231909e-02	  -1.1302836739627528e-01	  -1.0921297222390289e-01	  -2.8439602864968183e-01	   1.7288105971990925e-01	   6.9028870251567426e-02	  -8.6938149743151449e-02	  -5.3569860215195636e-02	   1.0804346388460154e-01	   1.8491216466255456e-01	   1.6717349847872676e-01	   2.8942393934819172e-01	   1.3844984745245620e-01	   2.6529694988354974e-01	   3.8726265667108717e-01	   3.5824286133934424e-01	   3.3223527071537201e-01	   1.7011074096438863e-01	  -1.9838554860068519e-01	  -8.9421119473457600e-02	   1.7304476972982613e-01	   1.0065281611525197e-01	   8.9399222933626155e-01	   9.1881870508657237e-01	   4.0437526627638010e-01	   4.0689576679811473e-01	   4.0042351495983736e-01	  -8.0866182129684522e-02	   6.8397656910062610e-01	   4.6147904992177391e-01	   2.3275313451471200e-01	  -1.6616106491155198e-02	   8.6805364613283836e-02	   2.4230025699043443e-02	   8.7675875037633555e-01	   6.5543389966052179e-01	  -1.6037240158586896e-01	  -4.8143993147486297e-01	   2.6391829687834556e-01	   1.8919350896374873e-01	   8.7143707656004127e-02	   2.0910404754297757e-02	  -3.7265146013164618e-01	  -4.0063835648034984e-01	   4.9813303199520387e-01	   4.9226813609614389e-01	   4.6498400049057520e-01	   3.9185074442742307e-01	   2.9840153635914290e-01	   1.8592943589652296e-02	   5.7006919963671288e-01	   4.3640540176095133e-01	   1.6608783909380720e-01	   9.5173925185799993e-02	   3.6297960947618735e-01	   4.2780619686673299e-01	  -5.3618644702994778e-01	  -3.2285279946602474e-01	  -4.3779336631313104e-01	  -2.5580076981624522e-01	   5.9557490988290870e-02	  -3.1578285402041807e-02	   2.1823458513943012e-01	   2.6614986343539893e-01	  -5.8130980394123316e-02	   1.0799849595994063e-01	  -1.1191669215553943e-01	   4.4841221998001633e-02	   1.7540314207350916e-01	   1.3474633607520470e-01	  -2.3349890667221745e-04	  -4.3217821540954913e-03	   9.0539310495792336e-02	   1.6496349055292364e-01	  -8.6499286882744664e-02	   8.6323754306968287e-02	   1.5090978171209504e-01	   1.0496263496370123e-01	  -1.6024142867559210e-01	   4.0609480522078162e-02	  -2.0234147905407227e-01	  -2.1322388891464941e-01	
   9.1146148106096025e-01	   0.0000000000000000e+00	   2.7938906221528848e-01	   4.2203895947348458e-01	   3.1214822634040285e-01	   1.7982021600285292e-01	   2.3730436587483202e-02	  -1.1683283802148178e-01	   1.2008899640176998e-01	  -1.1017420760547840e-01	   3.5960010497322187e-01	   8.2515521779305892e-02	   1.7209405183042825e-01	  -1.7356024091119154e-01	   2.6280646829790671e-01	  -1.8215034506309014e-01	   7.0183665445882948e-01	   7.1381153981316858e-01	   6.9430710408073293e-01	   8.9289100472422567e-01	  -3.2574482545976578e-02	   9.6004390397978687e-02	  -4.6278326050492764e-03	  -1.8778659354669280e-01	   2.0877213489826754e-01	   6.9763198385439998e-02	   2.0178769338291647e-01	   3.7127059357104425e-01	   1.3763910936469978e-01	  -5.7758819011535074e-02	  -4.5847910247041559e-02	  -2.9610419698494539e-01	   6.9169359649652962e-01	   4.6275386272189317e-01	  -7.8424974694474292e-02	  -1.3705301140759032e-01	  -3.5427131611810971e-02	  -1.9655951791789850e-01	   1.9213729108668987e-01	   1.2874927127223196e-01	  -9.0027504684718707e-02	   3.2148558295688502e-02	   1.3259995875183064e-01	   2.3996006137750786e-01	   2.8230062813156842e-01	   3.9338388867103913e-01	   2.3566700251277922e-01	   3.4765069398460385e-01	   4.7083359600809604e-01	   4.1525363591431086e-01	   3.4490785714524663e-01	   1.8988378950807544e-01	  -1.9319388368720297e-01	  -1.1890787875957323e-01	   1.7078596988346170e-01	   1.2125294437050180e-01	   9.4704689159846045e-01	   9.6361267220448621e-01	   3.5237043734129614e-01	   3.7638778357333258e-01	   3.7126481366252412e-01	  -3.6916103842469503e-02	   6.2816879410496052e-01	   4.4806724634864026e-01	   1.5275236810307369e-01	  -5.7720395595546828e-02	   3.3101926951374948e-02	   1.8430107135917390e-02	   9.1860149135292113e-01	   6.7041347578924237e-01	  -2.7347904883390656e-01	  -4.5372977728605524e-01	   1.7202121540592502e-01	   9.9475977510354363e-02	   7.4230951854013641e-02	   7.7791200631781479e-02	  -4.4084196099068657e-01	  -4.3581788716917524e-01	   5.3439668030325072e-01	   4.6640927988696812e-01	   4.6093153718682534e-01	   3.6632210444439750e-01	   2.5379131737586935e-01	   4.7673206190298634e-02	   5.4712242312502823e-01	   4.4598909891131377e-01	   1.7019010464886114e-01	   1.0454485756720693e-01	   3.0201388290812980e-01	   4.2013065905513297e-01	  -5.7103618843576154e-01	  -3.8750559361096182e-01	  -4.9318678274826733e-01	  -3.2239220072588676e-01	   1.5276498447730308e-01	   3.3273588669776880e-02	   3.4718907205196159e-01	   3.4395955581594079e-01	   2.5558009111333584e-03	   1.0161702229440797e-01	  -1.1978309451472770e-01	  -5.9219353557248625e-02	   2.0793053653240512e-01	   1.6106303845126108e-01	   2.1560561959481382e-02	  -4.2976182690017566e-02	   1.7024347437582441e-01	   1.5906650247361154e-01	  -6.4977761931813857e-02	   1.6503022575155041e-01	   2.4503880408922191e-01	   1.6027493441021365e-01	  -1.8581374834347489e-01	   4.4484907349663219e-02	  -2.1915587006936568e-01	  -1.6998537764695479e-01	
   4.0441033774306129e-01	   2.7938906221528848e-01	   0.0000000000000000e+00	   7.7466105271153984e-01	   7.1747721712635659e-01	   5.9881031245248995e-01	   6.4095672975069073e-01	   2.1656562751256275e-01	   5.0814869586496525e-01	   1.6578269687810371e-01	   4.1134834556739047e-01	  -5.9105288387075863e-02	   5.0868924059337028e-01	   8.7081315170501758e-02	   7.2299908877041841e-01	   1.1962363074782774e-01	   2.6141502854090970e-01	   1.5125800930975575e-01	   7.2799631401230036e-01	   4.6626329302194586e-01	   3.2672588916810086e-01	   1.9220090007144072e-01	   8.2646589276321891e-01	   6.1963316502607446e-01	   7.6768708329940305e-01	   5.8590158767690459e-01	   7.1885018720739779e-01	   6.4727326347473468e-01	   2.2287242297821563e-01	  -8.3690327177242826e-02	   5.3109874927171119e-01	   3.1932477177257462e-01	   4.9774007141489868e-01	   3.7647391407837477e-01	   7.1072250916571034e-01	   6.2113472918296808e-01	   2.1024694764099072e-01	   9.1220292033341643e-02	   4.4466308191281639e-01	   2.8495490751295371e-01	   1.8723732217551439e-01	   2.2900036704377164e-01	   3.4369299973764317e-01	   3.3177618295005912e-01	   7.0227206969438058e-02	  -4.6697473509298652e-03	   2.8167551693244830e-01	   2.8437293913655159e-01	  -6.1279980738245997e-02	   2.2811797100194903e-02	   3.3183537414620728e-01	   1.7309126126223778e-01	   1.9379633657585144e-01	   1.1578834059307426e-01	   3.5745493322463096e-01	   3.5381926442839279e-01	   2.7595783365539656e-01	   3.1706022662730637e-01	   4.4441838376636073e-01	   2.9604280441913933e-01	   2.3421264596252903e-01	  -7.6510099862951902e-02	   4.3856564170601103e-01	   1.0316953994197080e-01	   7.0527073151345032e-01	   3.4971170384957473e-01	   6.3682064576875508e-01	   4.1098755276817212e-01	   4.3105906980609754e-01	   4.3761609148778713e-01	   2.4928856756670803e-01	  -7.8599517018121109e-02	   3.6268218984128159e-01	   4.6671742571167425e-03	   4.2043185995192650e-01	   2.3960609590664397e-01	   5.8857578379084743e-02	  -9.4013327467747737e-02	   1.8097024441449794e-01	   1.1817703858524430e-01	   2.9657257509142776e-01	   2.9609613705724713e-01	   6.6291099863957681e-01	   2.7391260854283839e-01	   7.4394413117004810e-01	   6.8995087582928827e-01	   6.0095284573765240e-01	   4.8065504238985168e-01	   6.1414946285453831e-01	   6.4533905700929328e-01	   2.1302564152107800e-01	   4.8292327359188059e-01	   3.3870289193196323e-01	   5.6923928491120956e-01	   1.5936687609311667e-01	   1.3657622152909094e-01	   3.6404399644785873e-01	   4.0557915009840617e-01	   2.9439066141718634e-01	   4.8407208557638448e-01	   8.2955407966816302e-02	   5.5179382613797423e-01	   2.3706046475358633e-01	   3.7801179819857150e-01	   5.5304923872218359e-02	   2.8205719562838905e-01	   1.1486738813416708e-01	   3.2493016177274536e-01	   1.0067188161497272e-01	   1.8417046641130103e-01	   4.9776688981889416e-01	   3.9622845059084588e-01	   2.0674442705564597e-01	   2.3357654368151612e-01	   8.5439364397676978e-02	  -1.5767386267180575e-01	
   4.4064889772924043e-01	   4.2203895947348458e-01	   7.7466105271153984e-01	   0.0000000000000000e+00	   7.4424079689464995e-01	   7.7459508029194890e-01	   6.4994729725542788e-01	   5.1654318724051163e-01	   5.7995926168300149e-01	   3.8528743159240081e-01	   2.9338520794240708e-01	   4.6535633068228971e-02	   3.7063663532853969e-01	   2.0887277814562527e-01	   5.0641626333716749e-01	   1.3812329856427696e-01	   3.8174794661022082e-01	   2.5685752751138080e-01	   6.9965049729423434e-01	   5.4518933167875261e-01	   2.3085280546548570e-01	   2.4470889903262072e-01	   6.1390809582767181e-01	   6.4409913150495324e-01	   7.4477286666646914e-01	   7.2812899506135698e-01	   5.2488323426991401e-01	   6.4515570090128116e-01	   2.6756568062647085e-01	   3.5699090969514527e-02	   5.3928273953312689e-01	   3.7829944287670159e-01	   5.6737775007124214e-01	   5.4651397457387341e-01	   4.9265815130157070e-01	   4.9761489044455143e-01	   1.0683261542576745e-01	   2.7422031705009276e-02	   4.5357608490307949e-01	   3.3665282935104496e-01	   1.2988709314155486e-01	   2.5839461023736365e-01	   2.4260601022289247e-01	   3.0027148964116279e-01	   9.8135032038236564e-02	   7.3313623800931454e-02	   2.3909001324627516e-01	   2.8392797973585510e-01	  -5.0406649821298138e-02	  -3.2334851088840558e-02	   2.5204965060400336e-01	   1.0258673647315482e-01	   6.5720868121984105e-02	  -6.4063616435700660e-02	   3.3391823756693528e-01	   3.1617700744964405e-01	   3.9828597052277070e-01	   4.1195582548482368e-01	   4.0308495979741965e-01	   3.7618959429765675e-01	   2.8816307101671246e-01	   1.0295709607196470e-01	   4.9971517048025205e-01	   2.5958144327631466e-01	   5.3525305209043350e-01	   4.5793134397214369e-01	   5.5348206321504867e-01	   4.6917795176221488e-01	   4.8264547464509189e-01	   4.4643631927745475e-01	   4.7897379867834287e-02	  -1.1597182649757506e-01	   3.3011455734830830e-01	   8.1905546582291128e-02	   3.3817836757300240e-01	   3.1959550644493462e-01	  -2.0258064698941985e-01	  -2.5190130238126868e-01	   3.3669300785792411e-01	   1.5856874019670275e-01	   4.0319739421124046e-01	   3.4982068088305213e-01	   5.2323958051160790e-01	   2.6960193342477101e-01	   7.4868502309100560e-01	   8.0182300482306668e-01	   4.4217570832020370e-01	   4.4531017656961019e-01	   4.8439155725058608e-01	   6.0264225321631892e-01	   9.9003878347303148e-02	   2.2539134271034975e-01	   2.3628094043970244e-01	   2.4558197955206493e-01	   1.8266527492731863e-01	   1.9527831375010724e-01	   4.7004663505017485e-01	   4.5422601055983003e-01	   2.9311819756980673e-01	   3.6760222733161957e-01	   9.7811123486623130e-02	   3.4366316446788486e-01	   1.8224654150198732e-01	   2.7447959459644927e-01	   9.9691257066879466e-03	   1.6618457711481560e-01	   7.8808749538750292e-02	   1.8558652794810879e-01	   3.6068505559998854e-02	   1.8464394898412506e-01	   5.6032978040159986e-01	   4.2776485469797176e-01	   1.8978848719596547e-01	   1.4972424848812843e-01	  -1.4951591815845322e-02	  -1.2167235198072288e-01	
   3.8767533420084438e-01	   3.1214822634040285e-01	   7.1747721712635659e-01	   7.4424079689464995e-01	   0.0000000000000000e+00	   8.2031608428303304e-01	   6.5184044257175988e-01	   5.0950229264626468e-01	   8.3331326531452765e-01	   5.4941959744207647e-01	   5.0389871539792441e-01	   2.4480996001471364e-01	   5.9519558223692393e-01	   4.2222845255507196e-01	   7.4397955063592702e-01	   4.1803288024120111e-01	   4.0392668783039287e-01	   2.7357304060257714e-01	   6.7673440818618436e-01	   4.9309735063462756e-01	   3.2881012664279208e-01	   2.6733769123860535e-01	   6.0119771554354506e-01	   6.4693620309748012e-01	   7.7300931713480048e-01	   6.8447128843007976e-01	   6.5745033850099477e-01	   7.0395321994450621e-01	   4.3653409628043494e-01	   1.6788206485593640e-01	   5.5277788985338305e-01	   3.8388434420643386e-01	   5.3546134321113437e-01	   5.0857283227129046e-01	   4.6417125012654470e-01	   3.9254607166612143e-01	   2.3503516749428655e-01	   2.1163839790605896e-01	   5.2354590707437154e-01	   4.2487191014116621e-01	   2.3427625954201065e-01	   3.4619008542293039e-01	   2.1428102653688214e-01	   1.5663013071379750e-01	   4.4919535358643889e-02	  -2.6667033786482532e-02	   2.0152994951083097e-01	   1.4641426046345082e-01	  -4.8635613548728945e-02	  -3.8837465065949893e-02	   2.7843874687976267e-01	   1.5626015198874968e-01	   1.3834162480891357e-01	  -1.0573687274218032e-02	   4.1639375761648806e-01	   3.9360384429721024e-01	   3.0821311740569168e-01	   3.3726726333477808e-01	   5.2392424092949252e-01	   4.6285624251190349e-01	   4.3729065587760030e-01	   2.9607465160760715e-01	   5.7565341902236478e-01	   3.4821182238663739e-01	   6.2229389818654290e-01	   5.4474398846371419e-01	   5.2950681708509362e-01	   3.8456101431086631e-01	   4.1682958775089224e-01	   4.9632933381940642e-01	   9.1194156863307216e-02	  -5.3709075780077609e-03	   3.0596714041447476e-01	   1.0914254537262605e-01	   2.3071665128698521e-01	   2.0469171809006784e-01	  -3.7240900179758230e-02	  -1.0364309107649519e-01	   3.8971102215933956e-01	   1.0674994956298017e-01	   5.1331221439347052e-01	   4.3837108841730055e-01	   6.8051251791045653e-01	   4.7879508462629572e-01	   7.7899184810568645e-01	   7.0919992932366127e-01	   5.2400957168147932e-01	   6.0861325565142477e-01	   6.6012888386809765e-01	   7.1415184276535826e-01	   2.1600237632060759e-01	   3.1644282554193925e-01	   3.0604734292685398e-01	   3.0978942351134475e-01	   1.1337881534559596e-01	   3.2287089027343346e-01	   3.4136268467351261e-01	   4.6826586391547187e-01	   3.0278051661044025e-01	   4.1891258545894117e-01	   1.6321404239134829e-01	   4.5878632660693375e-01	   2.1713337501979157e-01	   2.9937130123176614e-01	   8.9543123341081485e-02	   2.1124530709350542e-01	   1.6785360266452837e-01	   3.5877018731057836e-01	   4.9405609297523662e-02	   9.1020459301541040e-02	   4.4757553895927477e-01	   4.1036592509712067e-01	   2.3455119069977060e-01	   1.7975327432022253e-01	   8.0636087595156183e-02	  -7.7029770283962323e-02	
   2.2797084264463574e-01	   1.7982021600285292e-01	   5.9881031245248995e-01	   7.7459508029194890e-01	   8.2031608428303304e-01	   0.0000000000000000e+00	   6.2331256353484088e-01	   6.5437873628202048e-01	   7.6333899599901966e-01	   7.2281570945534024e-01	   3.8619029209704731e-01	   2.8487047741128696e-01	   4.3927190083185008e-01	   4.5442973153292793e-01	   4.8982259056366750e-01	   4.0421820112957296e-01	   3.1031124094710122e-01	   1.4369992107284543e-01	   4.7677060936470173e-01	   3.0337737930281067e-01	   3.0634109745797156e-01	   2.7086704797760874e-01	   5.3300182184318534e-01	   6.6702838230834027e-01	   8.4062449361261793e-01	   8.6871990456845172e-01	   5.7711131033286378e-01	   7.2122534749690770e-01	   3.5246072494930802e-01	   2.0348769884009577e-01	   5.7528593916590687e-01	   4.5565782469760063e-01	   4.5141587809092998e-01	   5.1013884125278097e-01	   4.5140069667985250e-01	   4.8444635819003035e-01	   2.2620493255078095e-01	   1.9637002263665385e-01	   4.9770110742264390e-01	   4.2304316267636366e-01	   2.9901758474463280e-01	   3.4733038090046764e-01	   3.0751216165297540e-01	   2.6201768334541098e-01	   1.3369145404113472e-01	   7.0574275028954220e-02	   3.0488120541963681e-01	   2.3452089971214596e-01	  -2.2634440493232870e-02	  -4.0632203038784218e-02	   2.8249070933726528e-01	   1.8743344506632437e-01	   2.2207097867738027e-01	   4.8028187878664898e-02	   4.5098442922608128e-01	   4.1521639319403958e-01	   1.9696779601235176e-01	   1.7159705873695047e-01	   4.6299443740548740e-01	   4.2558370929882128e-01	   4.3161582178914581e-01	   3.8741950383366580e-01	   4.4454378477154238e-01	   2.4599080205673207e-01	   4.6677526841865619e-01	   6.1815294874329452e-01	   5.2980622105699360e-01	   4.7918385904474470e-01	   2.6863270541670825e-01	   3.7639840197147650e-01	   9.5422828369946533e-03	   2.8137958145328046e-02	   2.0648505605497486e-01	   7.6800838191977444e-02	   2.1216736050777740e-01	   2.2159988027575664e-01	  -2.3255000540460549e-02	  -3.1338765335805610e-02	   4.0067233722652779e-01	   1.2239137400810643e-01	   4.7936906951522185e-01	   4.4464345597165333e-01	   5.1041841834730783e-01	   3.9107420331928644e-01	   6.3345322442351248e-01	   6.8825424276705127e-01	   4.9392655468051627e-01	   5.4721841941643856e-01	   5.5462481907677841e-01	   6.1640654043647747e-01	   2.5157635850593241e-01	   2.4407391887521007e-01	   3.6181995028086472e-01	   1.9322058576393514e-01	   1.2349089196532970e-01	   3.0471916412052291e-01	   3.4057231108066527e-01	   4.0018305685153388e-01	   3.2310164382576012e-01	   3.5679420813915569e-01	   2.1180034135728715e-01	   3.4448571089192587e-01	   1.6819364418052718e-01	   1.9705767997001236e-01	   7.2694556195107493e-02	   1.5177416142585146e-01	   6.4223794867139916e-02	   1.9161578353570985e-01	   1.8969227206215047e-02	   6.0963821942936432e-02	   3.9645231624978339e-01	   3.7542344096855573e-01	   2.2044179558234989e-01	   1.4141204676264607e-01	   7.7094372017815618e-02	  -7.8096524311652149e-02	
   1.2541788917866636e-01	   2.3730436587483202e-02	   6.4095672975069073e-01	   6.4994729725542788e-01	   6.5184044257175988e-01	   6.2331256353484088e-01	   0.0000000000000000e+00	   7.2666040749431471e-01	   5.7658893304751535e-01	   4.7338551200172624e-01	   3.7172218804167606e-01	   2.6442572102608003e-01	   5.6182045856571117e-01	   4.1313314090467851e-01	   5.2192736827809083e-01	   4.1795231547748457e-01	   2.3507681697714355e-01	   5.9472357246555238e-02	   4.9329658744972743e-01	   2.6610593169641805e-01	   4.6794651910591556e-01	   4.7913188949892704e-01	   4.9287827011805924e-01	   6.1669433561749054e-01	   6.1692849072495370e-01	   6.5165213348535722e-01	   5.5738125260503935e-01	   5.0766256566417578e-01	   5.5707388610007713e-01	   3.3879471506583431e-01	   6.5931923727276831e-01	   6.0820088929107174e-01	   4.8138041173152962e-01	   5.9919698835577506e-01	   5.1886088848733425e-01	   5.2619265291001183e-01	   3.0659480842204861e-01	   2.3860872071196021e-01	   4.6997999510522476e-01	   3.9958729718698804e-01	   3.2777346584371986e-01	   4.0214070557847970e-01	   3.9837952671936822e-01	   3.9839437637350150e-01	   2.5614227471600781e-01	   1.7087136872508460e-01	   3.5549743081382923e-01	   2.9966202016347931e-01	   2.8024567460301124e-02	   3.2032768644728787e-02	   3.8142010209372690e-01	   3.2536826319875900e-01	   3.3091188282257716e-01	   1.4992878960929792e-01	   4.6697226407450826e-01	   4.7180748055538824e-01	   4.6832794430228697e-02	   4.8492948480316357e-02	   5.4946016081531568e-01	   4.9685183922130427e-01	   4.2073399235587239e-01	   3.7766778936859313e-01	   4.0823018322674087e-01	   3.4328596966057218e-01	   3.7869060251096864e-01	   5.2344055912055953e-01	   7.8947940601313871e-01	   6.9864142641046079e-01	   1.7902284489127340e-01	   4.0888678952584800e-01	   3.3818126511504237e-01	   2.3344233142537452e-01	   5.1258070684754720e-01	   1.3799654913832582e-01	   4.5304460858434592e-01	   3.5641632180558314e-01	   1.6424348505222519e-01	   1.5625730896821416e-01	   2.3569522894261871e-01	   7.4410997754417937e-02	   4.3576089013175379e-01	   4.1963722226515643e-01	   6.2328449775865347e-01	   5.3761827777319326e-01	   5.6771726644546450e-01	   6.6329593802749742e-01	   5.2074842860771420e-01	   6.1218917543595452e-01	   5.0660409325588807e-01	   6.4037370165465879e-01	   4.6476965356986905e-01	   4.7643816863640986e-01	   5.1301059542871541e-01	   3.9852841322750776e-01	   1.6730130946481850e-01	   2.5214727236488477e-01	   3.5414762759248164e-01	   4.0823525421318663e-01	   5.3950089061558859e-01	   5.2100342197512772e-01	   3.7468303529694080e-01	   5.9100964939289979e-01	   3.7410238590227196e-01	   4.5058277121325502e-01	   2.7159886780557935e-01	   3.9801418449758852e-01	   2.9892723900728607e-01	   4.1436257484538253e-01	   2.0562430048110891e-01	   1.7351505432242031e-01	   4.7689868390551515e-01	   4.7480085046230502e-01	   4.3116558323247034e-01	   3.9426186835150800e-01	   3.3800996056146621e-01	  -1.7425428317680434e-02	
  -1.1879847485574231e-01	  -1.1683283802148178e-01	   2.1656562751256275e-01	   5.1654318724051163e-01	   5.0950229264626468e-01	   6.5437873628202048e-01	   7.2666040749431471e-01	   0.0000000000000000e+00	   5.9978392619400944e-01	   8.0204882660862142e-01	   2.5617392816370066e-01	   5.4376954715720838e-01	   4.1391367054955241e-01	   6.9877338721309190e-01	   2.9503629307592993e-01	   6.6600240922759057e-01	   1.2690221806577118e-01	   7.6385606842222674e-03	   1.6330299610422738e-01	   2.6435974172783275e-02	   3.3161310929529358e-01	   3.7906572884621748e-01	   2.7104112291835225e-01	   6.4905177335626441e-01	   3.6655654544507943e-01	   6.2445370590209992e-01	   1.9871276370244229e-01	   3.2484282057599578e-01	   5.4803467251868676e-01	   6.0042461968785854e-01	   5.6430243425679127e-01	   6.6174705531710865e-01	   2.1519600385519366e-01	   4.7789216856138300e-01	   1.8163434076537888e-01	   2.4684507297065633e-01	   1.7083350286676449e-01	   2.5440064033713622e-01	   2.7552646781741674e-01	   3.0200276546145777e-01	   3.2169258038611515e-01	   4.0051438397317674e-01	   2.0961345517726199e-01	   1.5056305567258393e-01	   1.2216312594975690e-01	   4.8679306016834067e-02	   2.2801099244471681e-01	   1.1266674064152729e-01	  -4.3161482343269678e-02	  -9.0408700449704713e-02	   1.8433343216734491e-01	   2.0482242268429235e-01	   3.4860581829431148e-01	   1.3973664744599948e-01	   3.2719143561760089e-01	   3.3787172447721969e-01	  -1.0195313203607095e-01	  -1.3412859569210436e-01	   3.9949870156979578e-01	   4.4104837791561569e-01	   4.4423911300554253e-01	   7.1319020669326449e-01	   2.7302349408052451e-01	   4.2121800357084677e-01	   1.5639565238495706e-01	   5.4477896807426962e-01	   4.6956514025788226e-01	   5.0127323892933795e-01	  -7.4237680861205885e-02	   1.6935714868021817e-01	   1.9453854016211070e-01	   3.7482857595183605e-01	   3.5118751420601102e-01	   2.7853271397332369e-01	   2.9863484888415603e-01	   3.8842000336906518e-01	   1.0916110657431539e-01	   2.1547686304142960e-01	   2.2139311246002424e-01	  -2.0468417811914143e-02	   3.9771818494942179e-01	   3.7722374247971024e-01	   3.7966720697683576e-01	   6.0465971264959395e-01	   3.4273949331568415e-01	   4.9319686637579124e-01	   2.1971789599458630e-01	   4.4134453992379474e-01	   3.4356134789136294e-01	   4.5165991560721414e-01	   5.3702183017246463e-01	   2.8349943611592948e-01	   5.4471282268732435e-01	   1.2757290561988341e-01	   7.0271921609149357e-02	   1.8640921123542156e-01	   2.1266071400101288e-01	   1.9759915152404761e-01	   4.6886292126061213e-01	   3.1437073477607530e-01	   4.4867647508861835e-01	   3.2514419147939599e-01	   2.3916165449507659e-01	   2.1780792910375590e-01	   1.7102388457931164e-01	   1.5702324133473483e-01	   1.5065812876368059e-01	   2.1100372340958623e-01	   1.1333200659063078e-01	   4.9700363462925459e-02	   2.7799852235535560e-01	   3.6919794038049741e-01	   4.2677278506682892e-01	   2.4237577943584107e-01	   2.6457706856459395e-01	   3.7763295295530221e-02	
   2.1394334249080679e-01	   1.2008899640176998e-01	   5.0814869586496525e-01	   5.7995926168300149e-01	   8.3331326531452765e-01	   7.6333899599901966e-01	   5.7658893304751535e-01	   5.9978392619400944e-01	   0.0000000000000000e+00	   7.5017415892880712e-01	   4.9995409370281874e-01	   3.7908831677002131e-01	   6.1377604533447316e-01	   5.2610764948987798e-01	   5.8116772619342716e-01	   4.7154047914210673e-01	   2.6843185729718583e-01	   1.6635733324945351e-01	   3.9893876457428146e-01	   2.4897017123883730e-01	   2.2307800159601782e-01	   2.0285468848815505e-01	   4.4504183037637801e-01	   6.1061861006926677e-01	   6.0067985929432666e-01	   6.1137720862028333e-01	   3.7568652714908179e-01	   5.0441815776486065e-01	   3.5989069893011877e-01	   2.1050641935659475e-01	   4.0224918799931769e-01	   3.6167562577303142e-01	   2.5706219228102284e-01	   3.2901765530333071e-01	   2.9615634098219978e-01	   2.6281309847828233e-01	   1.2899915702135456e-01	   2.0200123220828106e-01	   3.3257954808865980e-01	   2.9061973414615389e-01	   1.9983746401565475e-01	   2.5944586785151680e-01	   9.4229704984382406e-02	   8.9036612248650036e-03	  -4.2211032274160898e-02	  -6.0711443766475054e-02	   7.9908570043424498e-02	   3.6971251138653051e-02	  -6.9533306685254176e-02	  -5.6625603414653128e-02	   2.0013934481172363e-01	   1.2144946924316652e-01	   1.8950209130761786e-01	   4.2240730761577985e-02	   2.7417948302843825e-01	   2.8626140281228440e-01	   9.8649634368507794e-02	   1.3633267400250898e-01	   4.3563814617982810e-01	   3.6919122596004911e-01	   4.9190128973947050e-01	   4.9116719067710246e-01	   4.0025110054627333e-01	   3.2727867330966143e-01	   5.7231015275130792e-01	   6.0194178014658606e-01	   3.5691453927620986e-01	   2.5780628200296934e-01	   1.7815274750939916e-01	   2.6766989923934548e-01	   1.1422796778702372e-01	   1.0680173604790590e-01	   2.3361018639812958e-01	   1.7126641779567750e-01	   1.9100361289877169e-01	   2.1911720670445706e-01	  -1.1076162012457678e-02	   8.7944197881092579e-03	   2.4229507508351722e-01	   6.4545087749621310e-02	   3.6338972695936000e-01	   3.3603563830817007e-01	   4.4231643388809255e-01	   3.8788871015336412e-01	   5.1903706095528901e-01	   5.0774422018566767e-01	   3.2388021874260720e-01	   4.0752659220404430e-01	   4.9201088155678152e-01	   5.4494651712387299e-01	   2.5996152867484512e-01	   2.4116833394911141e-01	   3.4961116418910188e-01	   2.3409301221517551e-01	   4.8632801882050831e-02	   2.0844451281425680e-01	   1.7201118359219497e-01	   2.8160608388072728e-01	   2.4679390539647736e-01	   3.0262911418754401e-01	   2.6589705414117659e-01	   3.9876495578173210e-01	   1.5600612045751353e-01	   1.2827439367394583e-01	   8.6280807799274037e-02	   1.3814481172588644e-01	   3.7731067892461161e-02	   2.3804728412436504e-01	  -1.2802853869479054e-02	   3.9775375629124705e-02	   2.4283091140269381e-01	   2.9578501213526975e-01	   2.2100484798622680e-01	   1.1640695541582106e-01	   1.1503327143572814e-01	  -3.6330614723779873e-02	
  -7.0822931639272974e-02	  -1.1017420760547840e-01	   1.6578269687810371e-01	   3.8528743159240081e-01	   5.4941959744207647e-01	   7.2281570945534024e-01	   4.7338551200172624e-01	   8.0204882660862142e-01	   7.5017415892880712e-01	   0.0000000000000000e+00	   3.9729420576967944e-01	   5.7898271875129836e-01	   4.9099528712092044e-01	   7.3027134293368867e-01	   3.4324832962557744e-01	   6.8690927714424477e-01	   1.4946578902750107e-01	   7.0658138728230610e-02	   1.0358338863900751e-01	  -2.8187762306071878e-02	   2.0113657753248587e-01	   1.8694716170625389e-01	   2.7172137814669994e-01	   5.8137533880978964e-01	   3.8413791236267736e-01	   5.7526000897310903e-01	   1.6970886523016457e-01	   3.1533195633217526e-01	   4.3306637207428045e-01	   4.5777813863350569e-01	   4.1363674991699539e-01	   4.7099433970654103e-01	   9.8890018367866983e-02	   2.8169948298789060e-01	   1.0824310100285862e-01	   1.5932815248846277e-01	   9.3787249913181520e-02	   2.1489629659430817e-01	   1.7224017405003775e-01	   1.9027270262007354e-01	   2.8425855269199263e-01	   2.7539330248486532e-01	   6.1613561806794920e-02	  -3.1896610135474103e-02	  -6.4232239296978855e-02	  -8.2946464016192212e-02	   6.8034097069663485e-02	  -3.0685919432638077e-02	  -8.9263561445488748e-02	  -1.1962444526204605e-01	   1.3703772617665011e-01	   1.1672919681949301e-01	   2.7724195149833292e-01	   9.2870184406788542e-02	   2.0295313459760489e-01	   2.1520102076657630e-01	  -1.0259810015751492e-01	  -1.2419564906025049e-01	   3.5630722713399982e-01	   3.5101496942567345e-01	   5.0386607574219844e-01	   7.1980240129220507e-01	   2.6873618674383204e-01	   3.3746135942820660e-01	   2.7088536447559503e-01	   5.7872256335002470e-01	   2.5882899463181203e-01	   2.6927965533139003e-01	  -1.1320817676109024e-01	   6.4492253602271996e-02	   1.3591587077131626e-01	   2.4591263194846585e-01	   2.4566046424320911e-01	   2.7082203266615168e-01	   1.6305974166129317e-01	   2.4486453889796889e-01	   8.3503293096244671e-02	   1.8009135620895211e-01	   2.2743153984886488e-01	   2.0496057808741464e-02	   3.5523533853877998e-01	   3.5169085418610851e-01	   2.7928799646807212e-01	   4.6748914117930646e-01	   2.7897978935905776e-01	   3.3051406047958631e-01	   1.4405434924218458e-01	   3.2472105885558777e-01	   3.5021089748839068e-01	   3.8432388151400831e-01	   3.9968544045387971e-01	   1.7944697413682228e-01	   4.3731686326739622e-01	   8.2287219688165769e-02	  -2.9521009099221947e-02	   1.0699466158393463e-01	   2.9342719520266264e-02	   8.7757024714454360e-02	   2.1673711578277119e-01	   1.6591037327118424e-01	   3.6348416606135203e-01	   3.0556709791627923e-01	   1.0725152697853768e-01	   5.1284295941031184e-02	   9.5113179576630735e-02	   2.0987577655176896e-02	   6.0318922670567253e-03	   4.7802291438488471e-02	  -4.9997611875132408e-02	  -7.8787864650957801e-02	   6.6881776963003917e-02	   1.8767135897887716e-01	   2.7816105646766914e-01	   8.4039126065370326e-02	   1.6580524089609097e-01	   3.9438359398738888e-02	
   5.5008264661282780e-01	   3.5960010497322187e-01	   4.1134834556739047e-01	   2.9338520794240708e-01	   5.0389871539792441e-01	   3.8619029209704731e-01	   3.7172218804167606e-01	   2.5617392816370066e-01	   4.9995409370281874e-01	   3.9729420576967944e-01	   0.0000000000000000e+00	   6.5726862584481371e-01	   7.5742019215425371e-01	   5.0535423173177374e-01	   6.8636558716792007e-01	   4.9376378549364619e-01	   6.3646894780880081e-01	   5.7704752301621498e-01	   5.2775164987799461e-01	   4.9124709573123149e-01	   8.7455194018304649e-02	   1.0698240398272035e-01	   2.6933014660498766e-01	   2.3059401497116039e-01	   2.7214817630561616e-01	   2.0046764407484882e-01	   3.3457649214800822e-01	   3.6801716072581447e-01	   6.3243975892808291e-01	   4.2017790437040803e-01	   2.1549881917903474e-01	   1.1435972200900260e-01	   4.3268387121696483e-01	   3.4291737865886668e-01	   8.0997135285659466e-02	   3.9710517827916951e-02	   7.3572224463411481e-02	   3.0853670206132538e-02	   1.9806872664736042e-01	   1.7888824648337415e-01	   2.4592980158304639e-01	   1.8368533108398633e-01	   2.2454611828718019e-01	   1.2747483176668495e-01	  -2.8577564861336606e-03	   1.4354045420219480e-02	   1.4873411604824097e-01	   1.3105660717883483e-01	   1.1558879490748225e-01	   1.1962247586852350e-01	   3.0363868553722750e-01	   2.5885796029734010e-01	   6.5826904195644062e-02	   6.3501934724978837e-02	   3.2523399005680265e-01	   2.8969960210880907e-01	   3.6019658830497359e-01	   4.0468670223861114e-01	   6.0807729838640590e-01	   5.6124464722001621e-01	   6.6476431309325301e-01	   3.9571285715243026e-01	   7.2566689193501954e-01	   6.0312706431828600e-01	   4.3021073581608438e-01	   3.4972171922650136e-01	   3.0214633067723645e-01	   2.3762065904779095e-01	   3.9128384281787110e-01	   4.3120795153997793e-01	   2.0195016467262966e-01	  -5.5201446219914352e-02	   4.0361236076560153e-01	   3.8072952621331596e-01	   2.8315509282246754e-01	   2.1010326951890756e-01	   1.1926205016750208e-01	   1.4023741074315713e-01	   3.7607967833699302e-01	   3.2008583864909390e-01	   5.5959139989788120e-01	   5.5699956915937243e-01	   5.1210325368050913e-01	   4.8548719134595042e-01	   5.3487199319468270e-01	   4.2647932704421654e-01	   2.7002665865868419e-01	   3.4082487029493447e-01	   6.0691901105893775e-01	   5.8303603701076834e-01	   2.7391687858322477e-02	   3.8647371794760813e-02	   6.3832845012545991e-02	  -3.7516280901767285e-02	  -4.1001815024737431e-02	  -8.2676320244391019e-02	   1.3591220518664446e-02	   9.3353790044708881e-02	   1.4097233764402370e-01	   2.3837761563017482e-01	   1.1499409422712896e-01	   3.3386250645021448e-01	   1.4381704729859612e-01	   1.7075187682359005e-01	   4.5652366062476565e-02	   1.3648141627878443e-02	   4.9172581075401886e-02	   1.1843722878286697e-01	  -3.8601137333835647e-02	   1.2774483418376895e-02	   3.5147260919750248e-02	   2.2719615896894862e-01	   1.9393039539808798e-01	   9.5091288222723877e-02	   3.0459693447737919e-02	  -2.7007257860933420e-01	
   1.1301993534463622e-01	   8.2515521779305892e-02	  -5.9105288387075863e-02	   4.6535633068228971e-02	   2.4480996001471364e-01	   2.8487047741128696e-01	   2.6442572102608003e-01	   5.4376954715720838e-01	   3.7908831677002131e-01	   5.7898271875129836e-01	   6.5726862584481371e-01	   0.0000000000000000e+00	   5.9242657125409848e-01	   8.0878632959847419e-01	   3.7742989642665714e-01	   7.6633174250276848e-01	   3.4780900006043008e-01	   3.1919169365062838e-01	   1.0798041269858841e-01	   1.5432575681946203e-01	   1.3246343953777862e-01	   2.2157845962466083e-01	   5.2430365751292084e-02	   2.6973248899952673e-01	   5.9438551676047656e-03	   1.7681581479036673e-01	   7.2548428433145906e-02	   1.8174662530640451e-01	   6.4411014164279523e-01	   7.3953205820876644e-01	   2.2593433219874298e-01	   2.9333660317285859e-01	   2.0811856011035762e-01	   3.1841527487059806e-01	  -1.7635733516412400e-01	  -1.6927133986954093e-01	   1.4971084276968960e-01	   2.0390343290833091e-01	   1.0519885651948933e-01	   1.8767785859083475e-01	   3.1389028994465812e-01	   3.7218822259994955e-01	   1.7386891482309352e-01	   8.7664922010343566e-02	   4.2515996462348105e-02	   6.4095850953866856e-02	   1.9812499682287785e-01	   1.2453706745769966e-01	   1.6151448497369247e-01	   1.5301464423844746e-01	   2.6036616114002309e-01	   3.7938526984477217e-01	   3.0396528286208602e-01	   2.4338521261183108e-01	   3.1592650144762757e-01	   3.1683234655614906e-01	   8.1026783846643122e-02	   4.9744340678640510e-02	   4.7415243640759469e-01	   5.3964880085147970e-01	   6.5110577411170256e-01	   7.8422122324666210e-01	   4.8843660880697859e-01	   7.0253858364284394e-01	   6.8042330987351553e-03	   2.8210935380186652e-01	   1.2306789408453891e-01	   1.8962575634457424e-01	   6.6545273695356913e-02	   1.9986265808602854e-01	   1.2258225059554677e-01	   2.1986250739034399e-01	   3.4776268655609965e-01	   4.3054379704741885e-01	   3.2763711370667487e-01	   3.8749937739701112e-01	   1.3554436486553414e-01	   2.2924703043245911e-01	   3.2610404773147544e-01	   1.5821888267779416e-01	   5.4769610114477596e-01	   5.3272146776562612e-01	   3.4195056858047856e-01	   6.6574306958752172e-01	   2.6273244653384115e-01	   3.0448235205256491e-01	   1.2284045360503622e-01	   2.8078662497074824e-01	   4.3363167297909400e-01	   4.3255049623197617e-01	   2.3623956099671617e-01	  -3.4925884641318267e-02	   1.8449454839081694e-01	  -2.2736964476335705e-01	   3.2534929992917322e-02	   2.1995949012271934e-02	   1.7075647953298908e-02	   7.5004240426780888e-02	   2.4171546992546916e-01	   1.2810029252032790e-01	   3.1213455469026186e-01	   1.4456805273350956e-01	   1.0335673014554522e-01	   1.1448339987064474e-01	   1.0939164084869224e-01	  -5.0668887379841224e-02	   1.0410587298130919e-01	   7.7435729659749375e-02	   3.8273680594471046e-02	   5.2042250960992076e-02	  -2.2031732411730107e-02	   1.1203612929015974e-01	   1.5016403443721912e-01	   5.2235113504457850e-02	   1.3070455826270008e-01	  -1.3295934546792906e-01	
   2.6820677296610962e-01	   1.7209405183042825e-01	   5.0868924059337028e-01	   3.7063663532853969e-01	   5.9519558223692393e-01	   4.3927190083185008e-01	   5.6182045856571117e-01	   4.1391367054955241e-01	   6.1377604533447316e-01	   4.9099528712092044e-01	   7.5742019215425371e-01	   5.9242657125409848e-01	   0.0000000000000000e+00	   5.7673094178086026e-01	   7.9035781569609753e-01	   6.0971218172215713e-01	   3.4043119347216683e-01	   2.4633546282346336e-01	   4.6883435720906741e-01	   3.2963445289378812e-01	   2.3946236688792583e-01	   2.7528574167036768e-01	   4.1383921017348080e-01	   4.3852952722059613e-01	   2.8912753045183759e-01	   2.5435218349938271e-01	   4.3794323446121497e-01	   4.2459578425713546e-01	   5.4668727358361680e-01	   3.2884237422182477e-01	   3.1054539989351237e-01	   2.3203976627351558e-01	   4.2479973872900401e-01	   3.8452866232741112e-01	   2.2043641288477839e-01	   1.2851817263471821e-01	   1.7646255166684860e-01	   1.3215153174030631e-01	   2.6357231584956864e-01	   2.3645132103249550e-01	   2.4350376934470330e-01	   3.6901795674739618e-01	   1.9552038274337905e-01	   1.4138038611612280e-01	  -6.1172204862556576e-02	  -6.6289356257304533e-02	   2.1067523642835645e-01	   1.4592376040985039e-01	  -3.8659539326985934e-03	   5.2095836680396260e-02	   3.2869056072048819e-01	   3.0901178930796425e-01	   1.8536698193087242e-01	   6.1297272490759801e-02	   3.5671817414059021e-01	   3.5364758139364882e-01	   1.7299249161148292e-01	   1.8686722007613515e-01	   6.5494959260061947e-01	   5.3648614450685650e-01	   7.2007111248022326e-01	   5.0960812319829984e-01	   6.2048720523109369e-01	   5.6500656327265597e-01	   5.2551832330344028e-01	   4.4293561293453010e-01	   4.2432493011233474e-01	   3.1373575354550537e-01	   2.2590476995121034e-01	   3.2002285068070668e-01	   2.1334793616169503e-01	   8.1725632770644444e-02	   4.5965013398712828e-01	   2.0476024042551050e-01	   4.5911023355899450e-01	   4.4829477706284609e-01	   5.3024695398477914e-02	   4.9208845854818301e-02	   2.0123701832912921e-01	   2.3348264082403383e-02	   4.6803694286749475e-01	   4.1491198738943785e-01	   6.1011622071335248e-01	   6.2382456171795464e-01	   5.8880104622370233e-01	   5.2344692714222218e-01	   3.8616303929506490e-01	   4.5612936712248597e-01	   6.7767249271387098e-01	   6.8016659455060835e-01	   2.3367230943616540e-01	   2.2316055195671761e-01	   2.6597222913306373e-01	   2.0045718759580794e-01	   2.0327235733927429e-01	   4.9846651515312437e-02	   2.3027400906804324e-01	   2.6308769097930607e-01	   3.0904969640112606e-01	   2.9525019021210464e-01	   2.2806090416024161e-01	   5.5831035492067738e-01	   1.3771942926376135e-01	   3.4526212007583457e-01	   1.0136325590581556e-01	   1.2214526506121395e-01	   1.4050031572077798e-01	   1.7489026191396068e-01	   1.6376709980183940e-01	   2.3971124352813603e-01	   2.5523513690908461e-01	   2.5402562096510728e-01	   2.2022157508795165e-01	   1.3931751786435914e-01	   1.8846283204932790e-01	  -1.3454902431277299e-01	
