   0.0000000000000000e+00	   6.1164541682170825e-01	   3.3383424942925893e-01	   2.9923522952501158e-01	   4.1870354199315940e-01	   3.0827312852219113e-01	   6.4393708954356466e-01	   4.6861344043906483e-01	   4.3067126118447585e-01	   3.5436895656143724e-01	   7.9752214050148185e-01	   5.5832554931701250e-01	   6.2607021809012520e-01	   5.4138600669687154e-01	   6.3733147092929765e-01	   5.4297358851602806e-01	   4.9709475646248902e-01	   3.8412975240991382e-01	   6.4425352820406012e-01	   5.8172219665760427e-01	   2.4124542623758505e-01	   2.4160737166147359e-01	   1.7375296128712886e-01	   1.7424536665711884e-01	  -3.0624530566973666e-02	   2.9215098976378640e-02	   2.4226176122773613e-01	   2.6668157414060023e-01	   4.9846806768575319e-01	   4.3091073963882631e-01	   1.8345264734539746e-01	   1.5972930231436325e-01	   4.2324680293730044e-01	   3.7913759582150214e-01	   1.1393897982659895e-01	   1.4050539407906221e-01	   2.0710930305786679e-01	   4.0165358773541254e-01	   3.2087878775025641e-01	   4.6169139016546706e-01	   4.7083193577824711e-01	   4.7223278173869337e-01	   2.3370794381808258e-01	   2.9449011530478958e-01	   3.1618299386296922e-01	   3.5485651406234398e-01	   3.1326646142308101e-01	   4.0542251348223080e-01	   3.4100658515170051e-01	   4.0559130828736545e-01	   4.8282611559116800e-01	   4.5616258860205572e-01	   2.8598770394755701e-01	   9.0737870209110991e-02	   5.0771117454876880e-01	   4.1793139950580926e-01	   7.8037598927058749e-01	   4.4934821119796542e-01	   5.0662910319433019e-01	   4.3643809387074473e-01	   5.3734045194813529e-01	   4.3958940313737860e-01	   4.9549695272281735e-01	   4.2101766788327988e-01	   1.7202332603404194e-01	   3.2012738081244907e-01	   3.6400765435288546e-01	   3.0450392276979049e-01	   6.4850915820559674e-01	   5.0091723233323016e-01	   2.0475775526660553e-01	   2.3647903950774621e-01	   4.3634791875125839e-01	   3.7055386433311616e-01	   6.1932962118575052e-01	   4.5398271610438762e-01	   5.1584579226485427e-01	   4.3924466379969185e-01	   5.1534924523301084e-01	   4.5852020713024783e-01	   3.6392289365065555e-01	   5.7272337370342441e-01	   4.7574328163927992e-01	   4.4885959498375816e-01	   2.6999519015008078e-01	   4.4700339282358764e-01	   3.0613738895608761e-01	   3.1802617249398613e-01	   6.1368967542708153e-01	   5.1082166017401598e-01	   2.9957824164606472e-01	   2.4805825521383532e-01	   2.9129085394318177e-01	   2.4335159003164775e-01	   3.6231740024023029e-01	   5.0206585560992015e-02	   3.5110460036458474e-01	   2.9562337159126417e-01	   3.0600001015897033e-01	   4.5556076097188913e-01	   5.5697358642610095e-01	   5.0523021523523726e-01	   4.9294869279160725e-01	   5.7450861150606736e-01	   1.7044638019864380e-01	   2.3646102432368876e-01	   2.9722309063834146e-01	   3.7600746157816411e-01	   3.2436994736965685e-01	   5.4104541727760491e-01	   2.5778931453371784e-01	   3.9268441982740920e-01	   4.8932739814342097e-01	   1.1042663588016105e-01	   6.6748080765320211e-02	   7.5514827736034879e-02	
   6.1164541682170825e-01	   0.0000000000000000e+00	   2.4043771893081645e-01	   3.9097096470520665e-01	   3.1913362787920518e-01	   3.2866277844803515e-01	   3.6321922776493820e-01	   4.2169235687762280e-01	   1.9743980536165170e-01	   2.0866221730074783e-01	   4.9118515511130834e-01	   5.0324928994629481e-01	   3.0603944317164899e-01	   4.3567170697952284e-01	   4.5921996082774563e-01	   4.6670093968199278e-01	   6.6951909634696760e-01	   6.6455767489126205e-01	   4.7588668199848566e-01	   6.9023060924256940e-01	   1.9438825183362030e-01	   2.6899080872713443e-01	   2.0960218650754631e-01	   2.3479685503803882e-01	   3.6625059866085580e-02	   2.3243133461365164e-02	   2.4207445049259319e-01	   2.7502178118873866e-01	   6.7013592429624236e-01	   6.5044150020109359e-01	   2.7389428910402658e-01	   2.5547419403505744e-01	   4.9671236478202718e-01	   5.3773524928437699e-01	   2.3444090031505313e-01	   1.7905695373926972e-01	   2.2825953465078966e-01	   3.4831507984312915e-01	   3.4025186790973455e-01	   4.9625997053526161e-01	   5.3914561916196058e-01	   5.3170867672200850e-01	   4.5303727107482028e-01	   4.4196815127127009e-01	   5.0650716989041211e-01	   5.0379561832115094e-01	   5.4005577539840477e-01	   5.0052757488478927e-01	   4.5853258651209516e-01	   4.5705024734581634e-01	   4.9143804693515714e-01	   4.8114280125093861e-01	   4.7931769942169805e-01	   2.8790913764614567e-01	   5.9249627924186787e-01	   5.1402758462059950e-01	   6.4389262126869862e-01	   7.9852363436252594e-01	   4.3571613141079751e-01	   4.8316950812877302e-01	   3.5226327509305977e-01	   3.5565633586788609e-01	   3.7649307829714046e-01	   5.5568885012809099e-01	   2.0391922435833007e-01	   1.8258244904230758e-01	   3.5675340806714717e-01	   3.7349537106073083e-01	   5.7396840419510886e-01	   5.5657708843837039e-01	   3.2063392287873421e-01	   3.7032992337629134e-01	   5.7113860025492269e-01	   6.4875260864332418e-01	   5.3079208785481458e-01	   5.7552859220451924e-01	   3.6959024232713777e-01	   4.0559502080099774e-01	   6.2144924426545067e-01	   4.3405788014542396e-01	   6.0099784920293775e-01	   4.6974868678411930e-01	   5.0641090556251811e-01	   5.4746556066154983e-01	   3.1495478244192371e-01	   3.9077453747812135e-01	   4.6269431881765732e-01	   4.3431132531810734e-01	   4.9775697317542433e-01	   4.6205765588294173e-01	   3.4120590700372744e-01	   6.0458140362440065e-02	   2.7862014051599127e-01	   2.0362259375735220e-01	   4.3004673669250743e-01	   3.6930836283807572e-01	   6.0219072717285216e-01	   6.2096730504274344e-01	   6.2692363867530299e-01	   4.7789919688726157e-01	   5.3386572568610091e-01	   2.9722688610052656e-01	   6.2314251207982785e-01	   5.3337164703914819e-01	   2.5607727201052788e-01	   2.8045662663541659e-01	   2.6006948148285947e-01	   3.6133115180807407e-01	   4.2342944311647240e-01	   5.3193144683895821e-01	   4.4304934661524387e-01	   4.7542070439314404e-01	   4.7427195321545740e-01	   4.3671802714336361e-01	   3.2745125334489528e-01	   3.3483995477114498e-01	
   3.3383424942925893e-01	   2.4043771893081645e-01	   0.0000000000000000e+00	   6.7008285349950780e-01	   6.0358972242689590e-01	   3.2904938515209581e-01	   6.7075478198704075e-01	   1.6414526218888359e-01	   4.6541393833075612e-01	   2.6851600798949082e-01	   2.1921310052823298e-01	   8.7858499395778639e-02	  -5.4963891447388766e-02	  -1.5853697803646075e-01	   6.8660318462838021e-01	   5.3413023289110861e-01	   6.0486471606038733e-02	  -1.1043587161959065e-01	   7.3038591695117461e-01	   4.1575232688962205e-01	   6.1165558531410824e-01	   6.0568716615674223e-01	   8.6899784691158433e-01	   8.0395276566202034e-01	   7.6278088693758050e-01	   7.4494805069397074e-01	   5.8628095904996913e-01	   5.7812052892182730e-01	   2.2640158003263500e-01	   1.2882471802785103e-01	   7.5173629358101279e-01	   6.5353855070510647e-01	   6.8292609126990345e-01	   4.3331224807236773e-01	   6.6756473221622437e-01	   5.5111159693650591e-01	   6.4633585907925484e-01	   5.7918612382211476e-01	   6.7169726115150863e-01	   6.2939211091240588e-01	   6.2640547977585859e-01	   6.0560541251647249e-01	   4.1687918642109251e-01	   2.4670376573315067e-01	   1.2316064015218753e-01	  -6.0781970620079881e-02	   2.0943546474032587e-01	   4.3664245623448217e-01	  -9.3654748541249014e-02	  -1.8604488919796869e-01	   9.8763400031120760e-02	  -3.8528028445597315e-02	   7.9905859539914942e-02	   4.0306749597864255e-01	   1.0647790133086069e-01	   2.3293365065188207e-01	   4.0605653348865040e-01	   1.5139832224520466e-01	  -1.4600965990532205e-01	  -7.5665387384573152e-02	  -9.3552910269768808e-02	  -3.7552692725049144e-02	  -3.5725944111929231e-01	  -3.0828250221351644e-01	   7.8517041065108728e-01	   5.5501952481092531e-01	   3.2406902369008062e-01	   2.0212019692069716e-01	   5.4756520653247842e-01	   5.1284347376979700e-01	   6.4057086783512307e-01	   6.1531987116041775e-01	   5.0341140719656574e-01	   4.3183889670755859e-01	   5.0355208998291989e-01	   4.5169666820300336e-01	   3.6305764743716135e-01	   3.4772026719419080e-01	   2.6396177006676574e-01	   2.7939809807928656e-01	   2.9214206225129219e-01	   3.9118117823791781e-01	   8.0340260366912930e-01	   7.2900490923195360e-01	   8.0004090016190510e-01	   7.0371552910528989e-01	   6.7706287889687244e-01	   8.1589007218663001e-01	   5.8163836185481355e-01	   4.4940151028800035e-01	   4.4182450761427317e-01	   5.9520460283008070e-01	   6.0743611110343809e-01	   6.7641380792439043e-01	   1.5949706200518246e-01	   1.8836798838314794e-01	   2.5378177830370574e-01	   2.2154805077329182e-01	   2.6667835915018467e-01	   4.8689584941709591e-01	   1.1322358937019567e-01	   1.0690831332986488e-01	   1.9158760807454339e-01	   3.6392381654266787e-01	   4.5040185725949267e-01	   5.7268697216164521e-01	  -7.2226881880604041e-02	   1.1026001574522305e-01	   1.7851833409189294e-01	   3.5668284123791660e-01	   5.7165451260055433e-01	   4.8363219293255799e-01	   5.0347185657776072e-01	   2.7010877901500641e-01	   3.8889032698986481e-01	   1.3030511923505517e-01	
   2.9923522952501158e-01	   3.9097096470520665e-01	   6.7008285349950780e-01	   0.0000000000000000e+00	   5.5906977076824904e-01	   6.0050129008349717e-01	   6.7458598373798651e-01	   6.7600533770449467e-01	   6.1641080779409796e-01	   6.3844133317186003e-01	   2.1557404268899727e-01	   4.4429241797300423e-01	   2.1820171856787533e-02	   1.8134104783220817e-01	   5.5070647698340569e-01	   6.6820920019410468e-01	   1.6827581246950524e-01	   7.2952839516415499e-02	   5.8344474204360375e-01	   4.4952734682730411e-01	   3.9742239026411230e-01	   5.6050465026921437e-01	   6.0651438143428305e-01	   7.8088684016913423e-01	   4.2873354863106244e-01	   5.9493271773899337e-01	   4.4927962446663083e-01	   6.1152878818548939e-01	   3.2913043515884788e-01	   3.8130043470110814e-01	   5.8499430907686223e-01	   6.7361080511710303e-01	   6.2470580457107694e-01	   6.6641357453264205e-01	   6.3488424247623909e-01	   6.6314139840871689e-01	   4.7154954941953875e-01	   5.0990653465971580e-01	   5.3438153671529776e-01	   6.2543215142342623e-01	   5.7090131762858554e-01	   6.2268160795121585e-01	   3.7324660327572956e-01	   2.8274132571704408e-01	   2.8528974650914374e-01	   2.3168930537579585e-01	   3.0491531681179074e-01	   5.0728787751296034e-01	   1.0698955164525295e-01	   8.9621711158682990e-02	   3.0850761746342137e-01	   1.9244587379616229e-01	   4.1508743624827871e-01	   5.3068492051330352e-01	   3.2880942549094982e-01	   3.3725191163838830e-01	   3.1467958556725739e-01	   3.2084831307625228e-01	   1.0313668864712308e-01	   3.5323899563764977e-01	   2.0981140936128606e-01	   4.2780175161052097e-01	   5.7647355809687037e-02	   1.6582379922731438e-01	   6.4608205676844799e-01	   7.2964267756188206e-01	   4.9023853436968523e-01	   5.0116475632834445e-01	   6.5203077493553896e-01	   7.0865767127941370e-01	   6.1416984805808750e-01	   7.0996690549146302e-01	   5.3315249996411784e-01	   6.1727061275617756e-01	   5.2912465003658515e-01	   5.6959338847601559e-01	   3.8283226468254183e-01	   5.0377524874331969e-01	   3.1547138960322496e-01	   2.2267949969751100e-01	   4.2401353925979046e-01	   3.1105473063174405e-01	   5.6917381029446190e-01	   7.1756787087873697e-01	   5.2222486459351569e-01	   7.6713736938972854e-01	   5.7505059483459275e-01	   6.9553454519300384e-01	   5.8756226664440925e-01	   6.8396915478102416e-01	   6.1708994510654569e-01	   4.4127016246741502e-01	   7.8488083942517450e-01	   4.5645298708447579e-01	   3.1804139517655788e-01	   4.1039864713230378e-01	   2.7761463832232913e-01	   2.9354023317992617e-01	   5.2891486535786769e-01	   4.3240093917743311e-01	   4.5606730871790441e-01	   1.2260809056682354e-01	   4.0897448077139409e-01	   3.5752796817733967e-01	   6.3338637963461719e-01	   4.2258695033955174e-01	   1.1800476785682446e-01	   3.6047928832179754e-01	   4.2425472600988223e-01	   5.8356867076684482e-01	   6.3445824307599175e-01	   6.9116707261624999e-01	   7.2774595875072878e-01	   4.1686458592329623e-01	   5.3698463888164749e-01	   2.7211431784741724e-01	
   4.1870354199315940e-01	   3.1913362787920518e-01	   6.0358972242689590e-01	   5.5906977076824904e-01	   0.0000000000000000e+00	   8.0510327789422986e-01	   6.6882101600944011e-01	   4.3763671618176214e-01	   7.5277339330970194e-01	   7.0675087468566655e-01	   1.7346962370703720e-01	   2.6078777014354332e-01	   3.8196808252186520e-02	   1.1294174047495971e-01	   5.5620382284965775e-01	   5.9354103994752183e-01	   1.1483155958326974e-01	   1.4464385543902936e-01	   6.4457477939402286e-01	   4.7790931125985542e-01	   5.2935544337966411e-01	   5.8818029889727175e-01	   4.3963368904436162e-01	   4.7564175930887798e-01	   3.7792093251647574e-01	   5.0470765877025170e-01	   6.3761253723075950e-01	   6.7853325273273368e-01	   2.9567024885388915e-01	   3.7436462937271869e-01	   5.0433630903126636e-01	   4.8697627069871186e-01	   4.2385046645540969e-01	   3.8963805419711894e-01	   3.0010937381748443e-01	   3.0268709920043191e-01	   2.2575967660332619e-01	   3.3870653559541070e-01	   3.2049302398599699e-01	   3.9210276496555951e-01	   3.8338105196301159e-01	   4.6951292404257905e-01	   2.6534372343759227e-01	   1.5163573053916035e-01	   2.5560374245674056e-01	   1.8719688112980265e-01	   2.6066696782209525e-01	   4.1339478505088989e-01	   1.7960223215934584e-01	   8.7911084805081002e-02	   2.3855836274564968e-01	   1.3295833345339803e-01	   3.1068614572869541e-01	   4.7839282863960930e-01	   1.9741704501067162e-01	   3.3294754855574993e-01	   3.5464281547818977e-01	   9.3860945526924033e-02	   9.7608175539316347e-02	   1.5129653152308964e-01	   1.1717224076133798e-01	   2.6937767236738258e-01	   7.7752630909908221e-02	   1.8851135325364388e-01	   3.9884875703948608e-01	   3.1562866371521386e-01	   2.8259228883507104e-01	   2.1954286730468486e-01	   5.9270148086591179e-01	   3.9621579986917799e-01	   4.7826223739691387e-01	   4.0621450473993659e-01	   4.0260218302977824e-01	   3.7910715897945857e-01	   4.2313609140786246e-01	   3.7190236886870764e-01	   1.9396597899970214e-01	   1.8050597797584950e-01	   2.4998541702512028e-01	   1.8971006063267368e-01	   3.6033279967594417e-01	   3.6227244839992906e-01	   4.5911562555781715e-01	   6.3777151583479008e-01	   3.7290923771989232e-01	   4.4282077704291178e-01	   2.9668903593945484e-01	   4.8287765980583530e-01	   4.1994269721891975e-01	   5.0834829576738427e-01	   6.1339970870754446e-01	   6.0977607061348138e-01	   5.6275603609754699e-01	   4.9275587508428131e-01	   2.7905713228839452e-01	   1.5798947894258095e-01	   2.1575850833345850e-01	   1.6033846644811259e-01	   4.6191054958009903e-01	   4.9053671689899514e-01	   3.9592256928777481e-01	   1.7255677920393142e-01	   3.0994141213892368e-01	   3.0885940174235155e-01	   4.0534540260130802e-01	   3.0038096475003945e-01	   7.5092034759454446e-02	   3.0464454149534925e-01	   3.3278722471963107e-01	   4.0959929867270917e-01	   4.0310063449555700e-01	   5.2496440354830487e-01	   5.2015629166581545e-01	   1.1318932672557651e-01	   1.6309427671648041e-01	   1.6122220735922735e-01	
   3.0827312852219113e-01	   3.2866277844803515e-01	   3.2904938515209581e-01	   6.0050129008349717e-01	   8.0510327789422986e-01	   0.0000000000000000e+00	   5.0155846145461191e-01	   5.9941335676037499e-01	   7.1232842355243831e-01	   8.1053772929772827e-01	   1.0831510158324364e-01	   3.7695674074442342e-01	   3.8480706606246362e-02	   2.4926424622153934e-01	   3.9597301642147020e-01	   5.7060519752703298e-01	   2.9581022999927715e-02	   1.8927326185861756e-01	   4.8561151521411050e-01	   4.1324707099858637e-01	   4.8634647006812448e-01	   6.5626078557120104e-01	   2.5039792778701908e-01	   3.6571272609909877e-01	   2.1503283323725186e-01	   4.3951377600313452e-01	   6.3311896854927729e-01	   7.6491350593478424e-01	   2.2382260916380237e-01	   4.5611072567995858e-01	   3.9845629040413078e-01	   4.8693297717402673e-01	   3.1802487149857850e-01	   4.4570864354858031e-01	   2.6083923516230445e-01	   3.1408152759648467e-01	   4.1661692616288479e-02	   2.8330042898403873e-01	   2.0425510651116094e-01	   3.0468041961669234e-01	   2.2050823883948120e-01	   3.2845054052146966e-01	   2.5514597691669100e-01	   1.9609911252700832e-01	   3.3727972893138614e-01	   3.4135024237374123e-01	   2.9289066412032516e-01	   4.2181280506334895e-01	   1.7397007656833577e-01	   1.7544005110220767e-01	   2.2174118287410852e-01	   1.6260346102126283e-01	   3.5424216973686684e-01	   4.1804762814327279e-01	   1.9662534526138914e-01	   2.7860764645344333e-01	   2.4226050306799810e-01	   1.1736560265494983e-01	   1.3842815800610297e-01	   3.4181316265971518e-01	   2.4807182418076490e-01	   4.8417433069341165e-01	   2.3915932632431774e-01	   3.6308946248663032e-01	   3.1475539600416436e-01	   3.6646216064965431e-01	   3.0071171947410125e-01	   3.1556508357568336e-01	   6.0614863080132486e-01	   4.3996463799829244e-01	   4.2497930322096178e-01	   4.1680807246452267e-01	   3.1669936949750149e-01	   3.8399769020122554e-01	   3.1622245591931586e-01	   3.3804996428141471e-01	   1.1779706504784371e-01	   1.9192592928429864e-01	   1.8704159689665339e-01	   1.1560768087991767e-01	   4.0468020689013601e-01	   3.0529804384262005e-01	   2.1701587107057357e-01	   4.6321288981028574e-01	   1.9634554291978720e-01	   3.6246361519357162e-01	   1.3270953834061100e-01	   2.9951377106948934e-01	   3.6407782134190114e-01	   5.3062132881591040e-01	   6.1140627765176236e-01	   4.2386423633692477e-01	   5.0528385708220502e-01	   2.1099029219008589e-01	   2.9679916294130576e-01	   3.2694617860776909e-01	   2.4017449805516422e-01	   2.3382930750404829e-01	   5.5811274140104405e-01	   3.7383733265567454e-01	   5.2434529519450512e-01	   1.4194974280292599e-01	   4.1348849569488927e-01	   3.3978350445690164e-01	   3.7805917383566090e-01	   1.2086332662236687e-01	  -2.8799133384253056e-03	   3.8320089633708293e-01	   3.2244439035730132e-01	   4.0271860469995069e-01	   4.1496459813412356e-01	   5.5587468986233235e-01	   5.3983446993102990e-01	   2.3803512740315597e-01	   1.6965886796052881e-01	   2.0025077123334797e-01	
   6.4393708954356466e-01	   3.6321922776493820e-01	   6.7075478198704075e-01	   6.7458598373798651e-01	   6.6882101600944011e-01	   5.0155846145461191e-01	   0.0000000000000000e+00	   6.7288807412461826e-01	   6.9110294513613491e-01	   5.5638612360848205e-01	   5.6549274964871099e-01	   5.2128602361425425e-01	   4.8385934248462797e-01	   4.1438126149662546e-01	   6.7443173222960306e-01	   6.4066217782872692e-01	   2.1280963021753399e-01	   8.3014200762351775e-02	   7.3451532375455808e-01	   4.8517651631434733e-01	   4.3980428119359771e-01	   4.6053641529629208e-01	   4.1002122273238328e-01	   4.6155523794832864e-01	   2.4693291451368010e-01	   3.8772439006820381e-01	   4.1205594134803780e-01	   5.0768504468959808e-01	   3.1926348290780487e-01	   2.8652232437939928e-01	   4.4929800649317808e-01	   4.2988222927264369e-01	   6.6452311280869492e-01	   6.5901369954256694e-01	   3.9735989493507123e-01	   3.9451908521783141e-01	   3.9616651941917447e-01	   4.6098297218300521e-01	   5.8899197076452381e-01	   6.0454085904519883e-01	   5.1020597390213884e-01	   4.8039547592661069e-01	   3.2680987806729744e-01	   2.7862930077326742e-01	   2.4364985586013338e-01	   2.0419456337490077e-01	   2.2634316245534752e-01	   4.9544666242616736e-01	   3.4432043179989609e-02	   1.6704116982978186e-02	   2.3882193021589335e-01	   9.3234707013683707e-02	   1.0076172699579770e-01	   3.0776637631706039e-01	   3.0371273737656973e-01	   3.4945459081125785e-01	   5.1773105912713513e-01	   2.1959754699920314e-01	   2.1148649950008236e-01	   3.0913869165395558e-01	   4.3065811634815515e-01	   4.9422783299020223e-01	   2.1774144357904654e-01	   1.5286653003228212e-01	   5.4883572982579798e-01	   6.6403201220931540e-01	   4.5929407367482150e-01	   3.8518501634158930e-01	   7.1860701364165203e-01	   5.9476934079955146e-01	   4.7788481644956515e-01	   4.9711163964132332e-01	   4.2582817198748057e-01	   3.3495537808564335e-01	   5.1744470525617037e-01	   3.8189575451386870e-01	   4.3406921102087115e-01	   4.0094779525358926e-01	   4.0782785584978537e-01	   3.1790471229876227e-01	   3.7941385993047611e-01	   4.6052179507409896e-01	   5.6478077413414662e-01	   6.2105624999929865e-01	   3.7960852544204227e-01	   5.5991139441924509e-01	   3.7264300235694686e-01	   4.9677540810112131e-01	   5.6915733036157612e-01	   6.0677367048184361e-01	   5.4672095332645809e-01	   6.5743322896715761e-01	   6.1157200288909919e-01	   5.2007855550253357e-01	   2.0011524680743487e-01	   1.3726252655454829e-01	   2.4448213812858943e-01	   2.2136499696747880e-01	   3.3030600225228901e-01	   5.9164039130243484e-01	   4.9308884109506712e-01	   5.3430879183040536e-01	   3.9675732631446325e-01	   5.7514319041998407e-01	   3.8065442137488215e-01	   3.2413096660065982e-01	   1.4560639339150694e-01	   3.2364026620630859e-01	   2.3090815896492578e-01	   4.6722885368390271e-01	   4.9614639778633435e-01	   6.1721789346058042e-01	   7.1396083927911835e-01	   1.3604708086014300e-01	   1.5459456311777683e-01	   1.3339631291726572e-01	
   4.6861344043906483e-01	   4.2169235687762280e-01	   1.6414526218888359e-01	   6.7600533770449467e-01	   4.3763671618176214e-01	   5.9941335676037499e-01	   6.7288807412461826e-01	   0.0000000000000000e+00	   6.5606221620323857e-01	   7.5976159288750611e-01	   4.9750068745806669e-01	   7.7796524377162002e-01	   5.1493969841000342e-01	   7.5433648047757540e-01	   4.2218726690545388e-01	   5.8997398360649489e-01	   2.7777213489700997e-01	   2.5448604463219804e-01	   4.7148948933582013e-01	   3.8477726696236736e-01	   7.7610853788012815e-02	   2.1709569570330098e-01	   1.1738792216822230e-02	   1.9760521323736768e-01	  -2.1403383138249210e-01	   2.7459020233576274e-02	   1.0981940555982425e-01	   3.0358619153943839e-01	   4.1652830258502632e-01	   4.6729299883986070e-01	   1.2679775170181487e-01	   2.5507185792459319e-01	   3.9138120008500976e-01	   6.3807900480027258e-01	   1.6435054117582057e-01	   2.8417478271377755e-01	   1.1553431405062872e-01	   2.6958721376216421e-01	   2.9098674895527910e-01	   4.2606549499328839e-01	   2.8279987433709364e-01	   3.1074219931654018e-01	   1.0608634369551183e-01	   1.3390197332733245e-01	   2.7172978672778236e-01	   3.7873122976846152e-01	   1.7337524524501952e-01	   3.5372507596722980e-01	   1.7974808854349639e-01	   3.0718232763317060e-01	   2.9127024864441103e-01	   2.8010350392865213e-01	   3.2787110806707714e-01	   2.5697364888320240e-01	   3.8892703817984264e-01	   3.0694178233616454e-01	   3.2945188626980287e-01	   2.7368320591097040e-01	   3.7443742535569291e-01	   6.0256097367380224e-01	   6.3373217560734951e-01	   8.7889447735363713e-01	   5.2044214350177709e-01	   5.4563329748274914e-01	   2.4740308592108545e-01	   6.2981890446576161e-01	   3.8542089919703709e-01	   4.3635411043565353e-01	   6.4728300067491484e-01	   5.8933949745276948e-01	   2.3623545290465223e-01	   3.4828110913430471e-01	   2.5224352940014960e-01	   3.1465006006467738e-01	   3.4975332976751500e-01	   3.4329448549401209e-01	   3.5380308864627374e-01	   4.1564651352537574e-01	   3.5587230726891056e-01	   2.2539368586907732e-01	   4.4473973433148850e-01	   3.3105668149281864e-01	   1.9987400398505936e-01	   4.3547832136864412e-01	   4.1951556752837876e-02	   3.8714742587549505e-01	   1.7458231240868927e-01	   1.9651227954895395e-01	   4.9139907466309429e-01	   6.6815871730717302e-01	   5.2061826027435365e-01	   3.3600113916863250e-01	   5.7636026855147149e-01	   1.6496776727656784e-01	   3.1428373666325271e-01	   3.1785090764367352e-01	   1.8686239677917971e-01	   2.1000928199784466e-01	   4.1745559729848991e-01	   3.3264736964065311e-01	   7.1282942538861216e-01	   4.0061587769525231e-01	   4.5979159876515513e-01	   4.3028396870245122e-01	   3.4477544843857733e-01	   5.8443798888133766e-02	   2.9232794605460277e-01	   5.2435126776512964e-01	   3.9038662186502848e-01	   5.2389155370107787e-01	   3.4160522786093966e-01	   6.0965170587873629e-01	   6.9305214855778563e-01	   2.2572252210512564e-01	   2.0301665474881009e-01	   2.6682456868456783e-01	
   4.3067126118447585e-01	   1.9743980536165170e-01	   4.6541393833075612e-01	   6.1641080779409796e-01	   7.5277339330970194e-01	   7.1232842355243831e-01	   6.9110294513613491e-01	   6.5606221620323857e-01	   0.0000000000000000e+00	   8.3262041075877191e-01	   2.8962882862206196e-01	   3.9172334290572353e-01	   2.6401111952448619e-01	   3.3961101895681550e-01	   5.4490901981024320e-01	   5.4169963746999350e-01	   4.3905713719191705e-02	  -2.6293487595198527e-02	   5.2068829015020834e-01	   2.4779425539010619e-01	   4.0325089908682765e-01	   4.6740930920976093e-01	   2.7255447014498974e-01	   3.3115650307924260e-01	   1.9770670400564089e-01	   3.6743664171410062e-01	   3.9821097255957288e-01	   5.2128826753002244e-01	   1.6145016104092408e-01	   2.0340527284576282e-01	   2.7201391086981186e-01	   2.9364178798289425e-01	   2.7340360213011766e-01	   3.2160678558497746e-01	   2.7602233365044349e-01	   2.7697615775402912e-01	   2.8542843154993447e-01	   3.1601007035102902e-01	   3.8956907350133652e-01	   4.1474759953128981e-01	   3.5550476084021132e-01	   3.3560380516567351e-01	   2.3678711929312302e-02	  -9.0511440490905454e-02	  -1.6499088698990867e-02	  -1.8467427220966719e-02	  -5.2964112192296950e-02	   1.5997254438832875e-01	  -6.3571156791141337e-02	  -2.6792275405959187e-02	   1.2029544573526844e-01	   2.1699676933100473e-02	   2.2325794747051142e-01	   2.5937882494823966e-01	   1.8956809767476021e-01	   1.1240271210122643e-01	   4.0209158956731578e-01	   1.2148389866437559e-01	   1.6969457300067708e-01	   3.2904820071414398e-01	   4.2368325956028680e-01	   5.3388600964194777e-01	   1.3829159233811222e-01	   1.7075956457017766e-01	   5.0517894382723549e-01	   6.0062717481774808e-01	   2.6846549265477315e-01	   2.1403377538665955e-01	   6.2871884417048818e-01	   4.8950573272100040e-01	   3.3847864527192251e-01	   3.8031736523059290e-01	   3.0890629408944204e-01	   2.9587805766154518e-01	   3.9898703229329091e-01	   3.0751347536573648e-01	   2.5727881298243510e-01	   2.2686687939498579e-01	   2.3419774032746488e-01	   2.2594364811703507e-01	   2.8816468133642631e-01	   3.4293533009517896e-01	   3.1755700808142479e-01	   4.6306430784639596e-01	   2.5741044544114622e-01	   4.2700139179837615e-01	   1.8799768082081239e-01	   3.0473256467608173e-01	   5.2238227730846298e-01	   5.9935160979940338e-01	   4.7111504492921369e-01	   5.8065168643289078e-01	   5.5690931342523597e-01	   4.5302295441808282e-01	   2.3924516978593441e-01	   1.3140267071124903e-01	   6.6377164943180736e-03	  -5.5553254794666655e-02	   1.8985880696192592e-01	   2.3016420069117963e-01	   4.3441758135387448e-01	   3.1218260258246222e-01	   2.5845547078112496e-01	   3.2093013486014227e-01	   3.1710688552787486e-01	   1.7494692265439230e-01	   1.0571711977324635e-01	   4.3662282343224246e-01	   2.8603957454222900e-01	   4.1892324239696865e-01	   2.3178278638704289e-01	   4.6011979322355834e-01	   5.7309160350129384e-01	   4.9931897694583852e-02	   1.3660640792172338e-01	   2.3515465175547895e-01	
   3.5436895656143724e-01	   2.0866221730074783e-01	   2.6851600798949082e-01	   6.3844133317186003e-01	   7.0675087468566655e-01	   8.1053772929772827e-01	   5.5638612360848205e-01	   7.5976159288750611e-01	   8.3262041075877191e-01	   0.0000000000000000e+00	   2.1258876246555197e-01	   5.4182453798001884e-01	   2.1362662216240802e-01	   4.5664304821345836e-01	   4.5815458024140948e-01	   6.3286692609954365e-01	   2.9468356737315481e-02	   2.0138240483893462e-02	   4.1543182767604331e-01	   2.8253998809433101e-01	   1.5776831516133141e-01	   3.2904958484412694e-01	   1.3799125350065539e-01	   2.9894405420626852e-01	  -2.9714152095704015e-02	   2.3490399653541444e-01	   2.9457021681009704e-01	   4.7637293502141409e-01	   2.7183153810396515e-01	   3.3125918600927812e-01	   1.7952486541580054e-01	   2.9286014841775154e-01	   1.6446833373575315e-01	   3.2013363698288555e-01	   1.2415009825089411e-01	   2.1452331079675235e-01	   9.5082555716981002e-02	   1.6358241942944807e-01	   1.9586309121058196e-01	   2.6829388046366137e-01	   2.3118791403015868e-01	   2.8096436600057367e-01	   1.4463231760502937e-02	  -3.7466393650394815e-02	   8.7852487709413424e-02	   1.4169134390365393e-01	   4.7889747868951831e-02	   2.2218166814391083e-01	   7.3132327936905411e-02	   1.4608425439682332e-01	   1.8187103710580649e-01	   1.5139499168674267e-01	   3.3405236698058516e-01	   3.3264230543693363e-01	   2.3445042252989534e-01	   2.1305827548856937e-01	   1.9654874393353039e-01	   6.1798129295151251e-02	   1.4316091935469094e-01	   3.9971898830619246e-01	   3.5998180034225158e-01	   6.3066717788828819e-01	   3.0828735396174800e-01	   3.7365450645743475e-01	   2.6946628142862561e-01	   4.8526300113206611e-01	   2.1900220740046750e-01	   2.3235982717671716e-01	   5.3819961256812687e-01	   4.2076090597373123e-01	   2.4426880486948663e-01	   2.8384980594222953e-01	   2.1076985066241083e-01	   2.4160852030419677e-01	   2.9322389318483588e-01	   2.6941248262929463e-01	   1.3165118274726392e-01	   1.6125669702666834e-01	   1.0188706212511225e-01	   2.5204010007544655e-04	   2.9122598231995389e-01	   1.8574859741659588e-01	   2.0301053958561144e-01	   4.3853918327635055e-01	   1.2038474469852266e-01	   3.7083203311063656e-01	   9.0667795601744788e-02	   1.8431175412941597e-01	   4.4289051477981822e-01	   6.4448744933189905e-01	   5.1107561121813327e-01	   4.2427429384388643e-01	   5.7201943578640368e-01	   2.4270528356602161e-01	   3.2370775665877949e-01	   2.1405494023219335e-01	   2.2632680722947385e-02	  -7.3871080193564573e-03	   3.3658536647926840e-01	   2.4455320554661247e-01	   5.2804389003472740e-01	   1.8865588791418070e-01	   2.3863707237607448e-01	   1.7854259426401758e-01	   3.5688055448221712e-01	   3.4478742015344371e-02	   1.6027838535512307e-01	   4.8121768997835440e-01	   4.0119929475607852e-01	   4.1388146236937218e-01	   2.1522782718177955e-01	   5.0570284135471333e-01	   5.3891817672200082e-01	   1.2452496844925810e-01	   1.6964296041158389e-01	   1.8323247812094826e-01	
   7.9752214050148185e-01	   4.9118515511130834e-01	   2.1921310052823298e-01	   2.1557404268899727e-01	   1.7346962370703720e-01	   1.0831510158324364e-01	   5.6549274964871099e-01	   4.9750068745806669e-01	   2.8962882862206196e-01	   2.1258876246555197e-01	   0.0000000000000000e+00	   6.9013905106556384e-01	   8.4881648102904905e-01	   6.7028767469277684e-01	   6.7165105147475423e-01	   5.0410140811544557e-01	   4.1847255402675099e-01	   3.3784770158297595e-01	   5.2643658398217519e-01	   3.8587652667471645e-01	   1.3008127822863116e-01	   9.5594056658885901e-02	   1.5159478612330277e-01	   1.3075746357114332e-01	  -1.1615084590571240e-01	  -4.4231905277685279e-02	   3.6574277580532832e-02	   3.7615408492867847e-02	   4.4547970902435929e-01	   3.9496101390001503e-01	   1.6080307078901082e-01	   1.7756291934766821e-01	   3.5007392981836732e-01	   3.7475779773424595e-01	   8.2728869088933080e-02	   6.3891702615287260e-02	   1.6364815517572717e-01	   3.0554184664227169e-01	   2.5711436627020179e-01	   3.1272452539238410e-01	   3.5533743736247020e-01	   3.0949459024449949e-01	   1.5566076719127581e-01	   2.2738369401150418e-01	   2.1163398561425928e-01	   2.2829876981868547e-01	   2.3813942656238540e-01	   3.2060522011505810e-01	   1.9664921796737869e-01	   3.2049515239182091e-01	   3.3165341554282723e-01	   3.8572368309807764e-01	   1.8073368255394257e-01	   1.2099399824088178e-01	   4.1437067141850437e-01	   3.1582237805361879e-01	   4.9728059945095165e-01	   2.9919012491418828e-01	   3.4626318762801944e-01	   3.2541044365371863e-01	   5.5149290922576832e-01	   4.6664433851017872e-01	   4.5760395355477201e-01	   3.1448138283463511e-01	   1.7426518813285202e-01	   3.1212646146933054e-01	   1.9326247769442578e-01	   1.4171879924807754e-01	   4.3746640187924568e-01	   3.2235695735070669e-01	   1.3070806113988581e-01	   2.0752903169527154e-01	   2.5704562231323569e-01	   2.5266493848276245e-01	   4.1275541063799565e-01	   3.7146196915772739e-01	   4.6371954108949531e-01	   3.4843615947705986e-01	   4.3959417682973234e-01	   4.5486557468337763e-01	   2.9447664307414390e-01	   5.3435868891006955e-01	   4.4245220339999625e-01	   3.4847592337559508e-01	   2.6931874499058328e-01	   3.2325545051222848e-01	   2.3417382863696531e-01	   1.9270169831921757e-01	   5.7250282967663613e-01	   3.7073564003622167e-01	   2.2987471118108940e-01	   1.7733245886818755e-01	   1.8490693437639233e-01	   1.0968843179749212e-01	   2.2267791989006275e-01	  -2.9855540976992247e-02	   3.2456268297960295e-01	   2.1826152888359757e-01	   1.8844863776478346e-01	   3.7752922450696380e-01	   4.3977751890376016e-01	   4.6513810879638728e-01	   3.2643792805666361e-01	   4.9748079955262248e-01	   8.9831667272242226e-03	   1.8091962801605177e-01	   1.7514204757970436e-01	   1.8503429998051574e-01	   1.7277744256329858e-01	   3.9848785977421164e-01	   1.6301883240907702e-01	   2.8037895253216560e-01	   4.0530050923207650e-01	   1.1034865372007624e-01	   3.3557344785151245e-02	   3.0746928450958583e-02	
   5.5832554931701250e-01	   5.0324928994629481e-01	   8.7858499395778639e-02	   4.4429241797300423e-01	   2.6078777014354332e-01	   3.7695674074442342e-01	   5.2128602361425425e-01	   7.7796524377162002e-01	   3.9172334290572353e-01	   5.4182453798001884e-01	   6.9013905106556384e-01	   0.0000000000000000e+00	   6.3491941101945437e-01	   8.5003825621723605e-01	   5.3300996157696867e-01	   6.7374642053200140e-01	   3.5471063768488370e-01	   2.9952335400382885e-01	   4.4190728161070403e-01	   3.4181459523535918e-01	   4.9894655451338706e-02	   1.5874312515909070e-01	   8.7839346354395637e-02	   2.1552426586934875e-01	  -1.8933009442120757e-01	  -2.1626074946079273e-02	   9.6796380497943452e-02	   1.9833148089411229e-01	   5.6799743375593836e-01	   5.5061572923180302e-01	   1.7500522548355674e-01	   2.7184922858788857e-01	   2.7343294605009927e-01	   4.3854742513179001e-01	   1.2343644574264900e-01	   1.4719430031175915e-01	   8.4867203634565541e-02	   1.5238913392042602e-01	   2.0036878436707867e-01	   3.0472434975283558e-01	   2.8096151358619625e-01	   2.9548374352184759e-01	   1.5395584775671345e-01	   2.0145058824156148e-01	   2.2780072090103032e-01	   2.8834803210271909e-01	   2.2812807208702512e-01	   3.7368315150348186e-01	   1.2818889211575951e-01	   2.7956631370687424e-01	   2.0200959995633799e-01	   2.6167527162948201e-01	   1.9071749589804429e-01	   1.3137404841020392e-01	   3.4514325475233487e-01	   2.5177988913896987e-01	   2.8703183906043728e-01	   2.7447597900469434e-01	   1.8534177968514759e-01	   4.2442093191610458e-01	   5.0484459451583164e-01	   7.2256973826220561e-01	   4.5441917983090135e-01	   4.7529388539213219e-01	   1.5799516697568539e-01	   5.0424306158885202e-01	   1.9470552713430125e-01	   2.3099380758073540e-01	   4.2835229240882194e-01	   4.1372957226121287e-01	   1.6141821262761308e-01	   2.7369619558357217e-01	   1.8229663089818043e-01	   2.4660962074378001e-01	   2.5931141923589129e-01	   3.5517086668156311e-01	   2.6233034125271160e-01	   2.8661060920723846e-01	   3.4963136619459612e-01	   1.5966074154096327e-01	   4.8639223352246108e-01	   3.9337634253112785e-01	   3.3090651045302943e-01	   4.4457171636273218e-01	   1.9332443878479161e-01	   3.6780626670520150e-01	   2.1061632580462347e-01	   2.1345010042843321e-01	   4.3577089055642987e-01	   4.5586659135468549e-01	   3.0885923127455478e-01	   1.2593399087539958e-01	   4.0222569036126110e-01	   3.8301659962740507e-02	   2.5958903679994377e-01	   2.2787160069373644e-01	   2.2435854340037720e-01	   2.2739425230398003e-01	   3.0810991079365191e-01	   3.1058833036598488e-01	   6.0328158898548712e-01	   3.5436024677153594e-01	   3.1478919753833556e-01	   3.6003542676340794e-01	   1.7337605272718115e-01	   1.3607538152205091e-02	   2.5458426812176188e-01	   3.6563535191957819e-01	   3.5425381314613752e-01	   4.3839699822537170e-01	   2.7741008288636704e-01	   4.9761660703750749e-01	   5.0445979690989251e-01	   2.4065931995669565e-01	   2.2701740110821084e-01	   9.4995001613140340e-02	
   6.2607021809012520e-01	   3.0603944317164899e-01	  -5.4963891447388766e-02	   2.1820171856787533e-02	   3.8196808252186520e-02	   3.8480706606246362e-02	   4.8385934248462797e-01	   5.1493969841000342e-01	   2.6401111952448619e-01	   2.1362662216240802e-01	   8.4881648102904905e-01	   6.3491941101945437e-01	   0.0000000000000000e+00	   7.6819729759264033e-01	   4.4703543856759675e-01	   3.1583060013419478e-01	   2.8627178716309593e-01	   2.4689651897820220e-01	   2.9458663158718268e-01	   1.7876918805272818e-01	  -2.5912701213260315e-02	  -7.5985914812505911e-02	  -1.9520563569054350e-01	  -2.0789666765722736e-01	  -3.6231350497647152e-01	  -2.5891286557393273e-01	  -1.1143797160828928e-01	  -1.0033916468283263e-01	   2.4291264030192039e-01	   2.0964836239880691e-01	  -1.2594914215806352e-01	  -9.8240049815052077e-02	   1.5227980548653119e-01	   2.8067426399207140e-01	  -1.9652263545081791e-01	  -1.7788781526034111e-01	   2.8348973838802086e-02	   9.7031619773439964e-02	   1.9707235149833641e-01	   1.8406383309323890e-01	   1.7636989668338982e-01	   6.4864608391129716e-02	  -1.8731711184165698e-02	   6.3116769049412449e-02	   6.9164575197595196e-02	   1.4998202588716528e-01	   6.7333515187266310e-02	   1.8289942694022221e-01	   1.0558452099950208e-01	   2.6118655179670713e-01	   1.4427840908709830e-01	   2.2657337842860664e-01	  -7.7113755479959918e-03	  -1.0479880295279007e-01	   3.5560673256439140e-01	   2.1775233228333646e-01	   3.7458075826762838e-01	   1.6927546704748547e-01	   3.9388088937430826e-01	   3.3203742059523633e-01	   6.8809544299935976e-01	   5.5248862518238340e-01	   5.3528954871399126e-01	   3.1443625695560418e-01	  -6.0903144924016953e-02	   2.2039826812712748e-01	   3.7562572765444405e-02	   4.1639710909524130e-03	   3.2344820234709099e-01	   1.6581599427682742e-01	  -7.0249548086751795e-02	   1.6016588258958218e-02	   6.0564773861076698e-02	   2.1329292253486884e-02	   2.0570004861334404e-01	   1.1837773620476960e-01	   2.3935890903338888e-01	   1.1978935303871956e-01	   3.5471698081003394e-01	   3.3435959424721251e-01	   2.0722174749456002e-01	   3.8263181000324453e-01	   1.3431120210363037e-01	   7.8536975430661876e-02	  -1.2784743142855542e-01	  -2.6800827919976407e-02	  -8.8238609927875106e-02	  -1.2520962944742386e-01	   3.7760982420127548e-01	   2.7843615846031844e-01	   9.2249106292443442e-02	   1.7190595848860890e-01	   2.7725359302345761e-02	  -1.0577528955324723e-02	   1.2225619670938229e-01	  -1.2604200269868521e-01	   1.7262005039655781e-01	   6.1281417796410470e-02	   2.8186334765970558e-02	   2.8351111598891537e-01	   3.7918745035131307e-01	   5.8143045632558765e-01	   1.7572840172129872e-01	   4.0990484246685199e-01	  -2.1571912549226516e-01	  -6.9982485073081982e-02	   1.6317969717171199e-01	   1.5728239492479620e-01	   9.0784935146380447e-02	   2.5586630132164651e-01	  -7.8697469393232793e-03	   1.9185855042226271e-01	   3.2131727297304119e-01	   4.1312263909984842e-05	  -1.4555205945050512e-01	  -7.6811751025742364e-02	
