   0.0000000000000000e+00	   8.5657563695418570e-01	   4.3204334240900455e-01	   2.9994434250648017e-01	   3.1041919441649957e-01	   2.6161564446320773e-01	   2.8813583984972468e-01	   2.0166846773141445e-01	   2.6433281199657810e-01	   1.5864468709210786e-01	   6.2298814040307360e-01	   5.0444296373924602e-01	   5.0840283076727655e-01	   5.4674702805740316e-01	   4.7011206532103811e-01	   4.2829111497082095e-01	   6.5448942808019905e-01	   7.5026458159277865e-01	   5.5689845710390573e-01	   5.3972905733146448e-01	   4.3998789502321373e-01	   4.5348516999887034e-01	   1.8606212538867746e-02	  -5.4927216656415263e-02	  -3.3953903743055821e-03	  -1.8261740766852615e-02	   3.2891362358963283e-01	   4.5580591442678497e-01	   3.5319301391158486e-01	   3.3543627801804038e-01	   1.4455291682698532e-01	   3.5796497149454119e-02	   1.6537063368506388e-01	   1.2262868799322670e-01	  -3.0027402792105545e-01	  -2.9148799147783849e-01	   2.2616469083575841e-01	   3.8224872692335515e-01	   4.5150420404162184e-01	   5.0205499464110004e-01	   2.8445702042634435e-01	   1.7623193518081384e-01	   1.4749897862420608e-01	   2.1754728415895430e-01	  -1.7537025224097242e-02	   1.6718857030925774e-01	   2.8555267785507499e-01	   2.7365617826607347e-01	   2.5513927448536000e-01	   3.4866529988894163e-01	   3.8566933781507373e-01	   3.6887358779892726e-01	   5.6097950942545916e-01	   4.8900638086991083e-01	   4.2646553243730756e-01	   3.7084269008602522e-01	   8.7761049755541154e-01	   8.8491715822049444e-01	   6.1440117035437036e-01	   6.1635302955131577e-01	   5.5622119640960099e-01	   3.0416592851310970e-01	   6.6812098231210970e-01	   5.0792103075685990e-01	  -4.3271147539770918e-02	   3.4170697832639582e-02	   6.5017162299778317e-02	   6.4761144189650052e-02	   6.6832198270102650e-01	   6.3609112136011836e-01	   3.7335857267664924e-01	   3.0143623566823519e-01	   2.5098772318358786e-01	   1.9780342339264009e-01	   1.8208426403291167e-01	   2.1000863030818218e-01	   1.5959812256055403e-01	   1.3178503193222424e-01	   6.7048293906567813e-01	   7.2896841681876778e-01	   5.9741465939289784e-01	   6.5594889083852181e-01	   3.7926113001942241e-01	   2.0406139061597950e-01	   3.4682722440844438e-01	   3.0490624946501949e-01	   2.6789643040998423e-01	   9.4622423292833574e-02	   5.7203418094092029e-01	   5.6911141053340264e-01	   2.0738697191672351e-01	   1.6371118422247577e-01	  -5.3692304534227117e-02	   1.5396537270526925e-01	   2.1085795758656162e-01	   1.6855135023356468e-01	   3.2938756262411040e-01	   3.6666863578948028e-01	   4.6263120820715486e-01	   4.1423077798639774e-01	   1.9966978306404770e-01	   4.2024652671472579e-01	   3.2928884921412616e-01	   2.9040969873723227e-01	  -2.2788648084338625e-01	  -1.4417719223648351e-01	   1.0279266236017695e-01	  -8.9316199065800128e-02	   2.8916980619731986e-02	  -5.2894483020047489e-03	   1.8827933101777911e-02	   2.9738345255100340e-01	   3.1712361119366994e-01	  -8.4205705530810859e-02	  -2.4575797067405197e-01	  -7.0825864360291507e-02	
   8.5657563695418570e-01	   0.0000000000000000e+00	   3.7245933996032665e-01	   4.0941801681174844e-01	   3.5681340049339977e-01	   3.7834397663749431e-01	   3.2117384859370846e-01	   3.4326088634342278e-01	   3.0476876206616432e-01	   2.9292420661363344e-01	   5.5309230749014049e-01	   5.9100330057527994e-01	   4.9676466034135691e-01	   5.7642229888292962e-01	   4.6263007763311392e-01	   5.1142687293227440e-01	   5.6759818633861547e-01	   7.3030345784855233e-01	   3.9772603982214672e-01	   4.9918356466463465e-01	   4.8493410487603472e-01	   4.8328650380227439e-01	  -9.4132937243491976e-02	  -6.4179091081669831e-02	  -1.2615920983375294e-02	   6.5860760649746773e-03	   3.6579888396160087e-01	   4.7038642943811793e-01	   2.7979164855233535e-01	   3.1338932800297992e-01	   5.8867237240370254e-02	   1.0910482234893902e-02	   8.7529004737201654e-02	   1.2008764614826661e-01	  -3.1567941260828503e-01	  -2.9758770132764617e-01	   2.1690191958035507e-01	   4.1926096211679342e-01	   4.5101146404312276e-01	   5.4116006608693024e-01	   2.4603645209867372e-01	   2.6054500973133748e-01	   1.0608441542161415e-01	   2.1660543853828784e-01	   5.3738434450105746e-02	   2.7064884021776064e-01	   3.1727214914731983e-01	   3.4243583374733544e-01	   3.7946240462890279e-01	   5.0607159305924165e-01	   5.6523866392125155e-01	   5.0807968739578302e-01	   6.2749180149727912e-01	   5.2241595551711928e-01	   4.3678776412362252e-01	   3.8274738727380780e-01	   8.3730849998460677e-01	   9.0873794564473109e-01	   6.6342791626230380e-01	   6.7815630307039032e-01	   5.8072828220477946e-01	   4.1107842038065545e-01	   5.1768801916234741e-01	   4.3917758401823559e-01	   1.0048016017665858e-02	   1.3332240156771444e-01	   7.8195138129433808e-02	   9.6585151921334211e-02	   6.6239258743522988e-01	   6.9664902829990238e-01	   3.7341581039592742e-01	   3.2920202110877994e-01	   2.6256963264183841e-01	   2.5733675785496590e-01	   1.8475653592890703e-01	   2.8457935692504877e-01	   9.5734323854402309e-02	   7.4175348609322622e-02	   5.9597833341722284e-01	   7.2641335706704702e-01	   6.1785003233194424e-01	   6.9668362896162350e-01	   3.0057098358679180e-01	   1.6728568607056907e-01	   3.7364151929500622e-01	   3.7396064010978669e-01	   1.0344419954540349e-01	  -4.6446947285008672e-02	   5.5931923026015706e-01	   5.3666187779869423e-01	   1.5304462461794843e-01	   2.0296507904461206e-02	  -5.0060513319962613e-02	   3.8745519731898256e-02	   1.2430740929726092e-01	   6.7829006308026490e-02	   2.8374539494721968e-01	   2.8353060008672981e-01	   4.2437614461336970e-01	   2.7882312934090309e-01	   2.6406117168392668e-01	   3.4883018522247589e-01	   3.2612374163611590e-01	   2.0128627575508992e-01	  -3.3145004172534820e-01	  -1.9534730337362050e-01	   5.2803506497245328e-02	  -1.3041887510604469e-01	  -6.4093690148795221e-02	  -4.4182033786973135e-02	  -2.2474355605959444e-02	   1.8130109467005479e-01	   2.1126924255386512e-01	  -2.1132453076723337e-01	  -3.7775615969600945e-01	  -1.0304183492454583e-01	
   4.3204334240900455e-01	   3.7245933996032665e-01	   0.0000000000000000e+00	   6.4457264139984438e-01	   7.3393847013192992e-01	   6.0501369096851942e-01	   8.7622086961619661e-01	   4.7638087126325573e-01	   7.1794773084948194e-01	   4.4339939349920354e-01	   4.2070916979893702e-01	   2.4906319269170907e-01	   5.9450907135700004e-01	   3.1546134267971071e-01	   6.9737628139755059e-01	   5.1620118485041822e-01	   9.7470488875778083e-02	   1.7230347253485023e-01	   5.7488886312713383e-01	   5.5365874341129162e-01	   6.3742964117939160e-01	   4.7345828046355448e-01	   6.4922577429804129e-01	   5.5711680193902979e-01	   6.1873645503555108e-01	   6.1672348165156932e-01	   7.3085809603983831e-01	   6.8201088216001093e-01	   2.2327986199592001e-01	   5.6259415967076606e-02	   6.1327019350891265e-01	   5.1493130269263720e-01	   5.1351091997699960e-01	   4.4995641015657550e-01	   2.9934259719670520e-01	   3.1752839140012790e-01	   2.6400005149921674e-01	   2.9335466986499494e-02	   3.1530314740792631e-01	   3.2630001034846057e-01	  -2.6850750793480635e-02	   2.4765275627431926e-01	   5.1140808162181994e-01	   4.7076394854403147e-01	   2.9802857308847802e-01	   3.8133912769330536e-01	   4.7690729321514658e-01	   4.6697698253110415e-01	   4.2722057046338302e-01	   3.9948152061376846e-01	   4.8025572033453529e-01	   4.4359077151956383e-01	   2.2391503243082356e-01	   2.6898456193646691e-01	   5.7900488802755912e-01	   5.1659793543500898e-01	   3.1318636705732472e-01	   3.1685625484320279e-01	   4.5995921280221197e-01	   4.5279578825266298e-01	   5.8056231451465656e-01	   4.5500685888344200e-01	   3.4531309240257824e-01	   1.0859828587839748e-01	   6.0395796533747681e-01	   5.4571649449234416e-01	   5.5487514601303423e-01	   4.5547452427602164e-01	   6.0414730998979949e-01	   6.7584540217947242e-01	   6.3559635166671069e-01	   5.9001791642318235e-01	   3.7315443051969921e-01	   2.5379460533420206e-01	   4.4298766381812860e-01	   5.1119564367300008e-01	   4.0344099493042745e-01	   3.6639317225923707e-01	   1.2157867419257858e-01	   2.6089504183147527e-01	   2.7422037519058923e-01	   3.3257358946468207e-01	   6.2601129126177169e-01	   4.8756456041167079e-01	   6.2621558004585320e-01	   5.7234215652940446e-01	   5.5282059709635845e-01	   3.4580193677659965e-01	   7.5382053050243492e-01	   6.0599656053381568e-01	   5.0395878749390477e-01	   6.4059386732483969e-01	   4.5530717870159054e-01	   6.7877942059596630e-01	   4.0880087032910095e-01	   2.7102613775289552e-01	   4.7696022121686027e-01	   3.9414234967756484e-01	   5.1525069246899191e-01	   5.7081392426891608e-01	   4.6291227573294369e-01	   8.0367779623051172e-01	   5.7337845434121859e-01	   5.5163834832163461e-01	   1.5616039518522046e-01	   2.2132886781209457e-01	   1.6035729982246810e-01	   9.2041027557030572e-02	   3.0574808816441029e-01	   3.0263562345744910e-01	   4.1169985613246579e-01	   5.1812508986886918e-01	   4.2728086200870508e-01	   2.0460524314753900e-01	   5.0739280241731050e-02	  -8.5727972744008327e-02	
   2.9994434250648017e-01	   4.0941801681174844e-01	   6.4457264139984438e-01	   0.0000000000000000e+00	   4.9192808116929043e-01	   6.7257512115050111e-01	   6.2267864065243650e-01	   7.3149882253629706e-01	   5.6032914908698095e-01	   7.2662021149656442e-01	   2.4751772413688655e-01	   5.0873282550381915e-01	   3.5588860204826356e-01	   4.5862128398838631e-01	   3.9603662525584532e-01	   6.5515217956355132e-01	   1.7224046039038338e-01	   1.9788604016072794e-01	   3.6663371734117067e-01	   5.2152896606760868e-01	   4.5384727035284922e-01	   3.7353360837051336e-01	   4.7329938328700200e-01	   6.9241121760410196e-01	   5.1390773491748687e-01	   6.4598683719006533e-01	   6.1355737693118351e-01	   5.3730416962377214e-01	   6.6542867371913797e-02	   9.1843717305062383e-02	   4.7833999497718505e-01	   5.7792931911503509e-01	   5.1935194607941315e-01	   5.5189520498387656e-01	   4.7114017448629636e-01	   4.9855569708012326e-01	   2.2638913427926866e-01	   6.2368297966449049e-02	   2.6697815835831673e-01	   2.6608624230410388e-01	  -6.1851937037446021e-02	   2.9805181162244954e-01	   5.0944240169529009e-01	   4.6269731076155679e-01	   3.9351303276903837e-01	   4.5369057770586591e-01	   4.2463761080424589e-01	   4.5921874944289132e-01	   3.7618545556155281e-01	   3.4349252384145273e-01	   4.4329561100432080e-01	   3.2251382749483892e-01	   1.0647097183359455e-01	   6.6734159815639238e-02	   4.7156191018651361e-01	   3.5045919255101976e-01	   2.8208149941348898e-01	   3.0028375327403339e-01	   3.6318526310298666e-01	   4.2048788033771095e-01	   4.8269115309414845e-01	   7.2216182845445598e-01	   5.6806023513929924e-02	   7.5109220853282407e-02	   6.3546216428912738e-01	   8.5861899318932344e-01	   6.2021334739834288e-01	   5.5573590104493364e-01	   5.8312153464980132e-01	   5.6353570868501590e-01	   4.2689887573488100e-01	   5.0939971170709053e-01	   2.1917341228409171e-01	   2.0152247995678924e-01	   2.6098835500813405e-01	   4.6794671857505027e-01	   4.4828641022686982e-01	   5.0086139448706146e-01	   2.1097450148095265e-01	   2.1793890574526736e-01	   3.3610335825437970e-01	   4.0445110161747488e-01	   4.1663663801901213e-01	   4.9920473142921096e-01	   6.5148230111365457e-01	   7.5793511225104548e-01	   3.2332398977453086e-01	   2.9496640740228042e-01	   7.2324881977627220e-01	   5.9960382378239918e-01	   4.9512295617313107e-01	   3.2687658861699009e-01	   5.5080136194672247e-01	   4.6759186959511290e-01	   7.0771267402287785e-02	   1.1151384078506205e-01	   2.6203300989744843e-01	   3.0618287851898429e-01	   3.1011471217799902e-01	   2.5581379631374090e-01	   5.3890730357552707e-01	   5.6663550469639934e-01	   2.9506146783545806e-01	   3.3573448212196555e-01	  -8.4500462940138882e-02	   3.7602445544751763e-02	  -8.2774377322340609e-02	  -1.7297134477430182e-01	  -6.1428761969855777e-02	   1.2798626369568552e-02	   2.6906625990671407e-01	   3.0304725669160137e-01	   2.3094990228040690e-01	   7.6143632508242548e-02	  -2.1594135805772761e-02	  -1.6527481190673249e-01	
   3.1041919441649957e-01	   3.5681340049339977e-01	   7.3393847013192992e-01	   4.9192808116929043e-01	   0.0000000000000000e+00	   8.0138641476814354e-01	   7.6846453385174962e-01	   5.0304873743182665e-01	   8.4321426594502413e-01	   5.9982657646083526e-01	   3.4526952293207669e-01	   3.0823203110639141e-01	   5.2419665949123773e-01	   4.2329049669363172e-01	   7.6122990187216844e-01	   6.4342273034471709e-01	   1.6619669303193446e-01	   2.9461459706257370e-01	   5.4588874713561897e-01	   5.5262210926277788e-01	   5.6805743234603134e-01	   4.8717104856380683e-01	   4.8572000263877968e-01	   4.2353850776388646e-01	   5.4267146426609658e-01	   5.1005334024692472e-01	   7.8933940298363581e-01	   7.4937605462088452e-01	   3.7995448367241935e-01	   3.1749941545318311e-01	   6.9241753536021788e-01	   5.9573974507779104e-01	   4.6138086447360271e-01	   4.2543757276720545e-01	   2.2927500045205831e-01	   2.7431733875653758e-01	   4.3554671651721666e-01	   2.9294492480740036e-01	   5.6849336433992392e-01	   5.1935202746045506e-01	   2.2090671502118464e-01	   3.5724455133366384e-01	   5.4922103338196449e-01	   5.1332328024684770e-01	   4.1308325611844632e-01	   4.5194307893015262e-01	   5.6520364403019452e-01	   5.5134405106109918e-01	   6.4316472174004824e-01	   5.6723660303401413e-01	   6.1991509206411244e-01	   4.9295067641155155e-01	   3.2817224081271013e-01	   3.5040423880565352e-01	   6.8335749080729913e-01	   6.7555194096664506e-01	   3.6647811698917787e-01	   2.7474060109612430e-01	   5.1580896326717696e-01	   5.1123747015923759e-01	   5.3569877456333148e-01	   5.6922739923741172e-01	   2.6952970338171328e-01	   7.7640724381805026e-02	   4.4559514063125250e-01	   4.7593202227985310e-01	   5.4051488047152718e-01	   4.6105605885001244e-01	   5.6229589003388647e-01	   6.7617959441891051e-01	   5.7932450600180829e-01	   5.4090139208958210e-01	   4.7264355791609808e-01	   4.2100326114578346e-01	   4.1407534464865492e-01	   4.8994357682217926e-01	   4.0128955200953315e-01	   2.7480049680663754e-01	   2.0815914956715656e-01	   3.6985904991518492e-01	   3.4621096460691253e-01	   4.2658256389728555e-01	   6.0618716513784376e-01	   5.2053637249834039e-01	   4.9532296600480419e-01	   4.7330674421529012e-01	   4.7273351041160333e-01	   2.7740191153789795e-01	   6.7842953095286329e-01	   6.7229203094321388e-01	   5.2158953320769796e-01	   6.7301115878026785e-01	   3.9643878854575387e-01	   5.2385037898444287e-01	   3.7934611139055352e-01	   3.1745996627292733e-01	   5.2274314347274853e-01	   4.1666735386746512e-01	   5.5869596403481792e-01	   5.4449231584069757e-01	   5.6740061631545624e-01	   7.6580602018772093e-01	   6.3431867830303457e-01	   6.3208680490531877e-01	   2.1091760315585151e-01	   3.5576034098452775e-01	   3.6371706663237996e-01	   3.3599064081562813e-01	   4.3402493748267595e-01	   2.5689710632327889e-01	   3.6081262034511247e-01	   4.4542170169362710e-01	   4.6447965199804264e-01	   9.3292648918695639e-02	   5.4621196402447163e-03	  -3.0060036035369619e-01	
   2.6161564446320773e-01	   3.7834397663749431e-01	   6.0501369096851942e-01	   6.7257512115050111e-01	   8.0138641476814354e-01	   0.0000000000000000e+00	   7.0900032078620590e-01	   7.1963962585126184e-01	   7.6870571565382528e-01	   7.8755207531237126e-01	   2.2110036609662781e-01	   4.1458954882557153e-01	   3.5514634526984101e-01	   4.9402777002747522e-01	   5.8455474748296010e-01	   7.2602537090238328e-01	   2.5397955582717707e-01	   2.9150131412450819e-01	   4.9094667987497109e-01	   6.1225841889152988e-01	   4.6408768282148005e-01	   3.8081875518215036e-01	   3.7702561523840239e-01	   5.1655222956304436e-01	   5.3086643238444930e-01	   6.2396263534491236e-01	   7.8385109836274292e-01	   8.1908379088369809e-01	   3.9907783394069696e-01	   4.1299362412313678e-01	   7.0206981383767486e-01	   7.0443535413656377e-01	   5.4905198201192151e-01	   5.9409674783523769e-01	   4.1364515258254542e-01	   5.1034275986848576e-01	   3.7394767176178684e-01	   1.9565484457262533e-01	   4.7128264920547891e-01	   3.9930587224676350e-01	   1.5101857467295421e-01	   3.9351450050709719e-01	   6.3883106872714412e-01	   6.0447504124403129e-01	   5.5533253385422809e-01	   5.9970209635814342e-01	   5.7800565162675011e-01	   6.0179563036419770e-01	   7.1119256959790811e-01	   5.9753654369484122e-01	   5.7888581186127497e-01	   4.5756072240099155e-01	   1.7689361721427968e-01	   1.8910841705267684e-01	   6.4561565688941802e-01	   5.7826618098587890e-01	   2.8067880934430500e-01	   2.3330256765488050e-01	   5.0735185160643059e-01	   5.3795652628809487e-01	   5.4234927223334295e-01	   7.6886383879654030e-01	   1.9013483159964634e-01	   1.6407214198670908e-01	   5.1599546918408445e-01	   6.8102227742347288e-01	   6.7788904432692343e-01	   6.4091465245258017e-01	   5.6339214701198337e-01	   6.2919893499335189e-01	   4.9682950298280498e-01	   5.0508163092308744e-01	   4.1084584844734917e-01	   3.6787845168551714e-01	   3.9667340406918605e-01	   4.9001785519883301e-01	   5.4351018997051914e-01	   4.6872034632975945e-01	   2.3426101893697093e-01	   2.8783718347101134e-01	   4.2175978968526640e-01	   4.8641444562384623e-01	   5.2620884923371269e-01	   5.8000590053178080e-01	   5.3071546532886327e-01	   5.9662270339717804e-01	   3.5162253638748941e-01	   2.5196516946844472e-01	   6.5817300652804722e-01	   6.0539033618570848e-01	   5.9112145311228992e-01	   5.3756814478903669e-01	   5.0940770860634432e-01	   3.9314456842084888e-01	   2.7979303916703124e-01	   3.3695807638128239e-01	   4.5145525376859424e-01	   4.2819419458065089e-01	   5.5349721859326662e-01	   4.8775531225663626e-01	   6.7532521057016170e-01	   6.2914733496431530e-01	   6.0742628684760169e-01	   5.8632457886058731e-01	   4.3008873668781950e-02	   2.3800618158338788e-01	   2.7182529694638052e-01	   1.0929509062509218e-01	   2.6001150304452209e-01	   1.5293672353318422e-01	   3.7709421761402451e-01	   4.6279011095431349e-01	   4.0189418603109517e-01	   1.7684319886741759e-01	   3.6380034301509462e-02	  -2.3496975838749734e-01	
   2.8813583984972468e-01	   3.2117384859370846e-01	   8.7622086961619661e-01	   6.2267864065243650e-01	   7.6846453385174962e-01	   7.0900032078620590e-01	   0.0000000000000000e+00	   7.0505799265257274e-01	   8.0541350455633332e-01	   5.6984997609224886e-01	   4.8610596023255148e-01	   3.5631988095988160e-01	   6.4325638461889245e-01	   4.3679101968024958e-01	   7.5688078207020015e-01	   6.0746406409488096e-01	   1.0992985120933566e-01	   1.2872970861524158e-01	   5.8051594006592055e-01	   5.8829509807516622e-01	   6.1969827150486378e-01	   4.9607140623135326e-01	   5.2037381205872690e-01	   4.8823256745757754e-01	   4.3618477558498703e-01	   5.0968646066299050e-01	   6.2967924231750005e-01	   6.1277385992171607e-01	   4.1861839319419014e-01	   2.6530148540170095e-01	   6.3162237812844912e-01	   5.7061044775077652e-01	   4.9138294637958468e-01	   5.1518601767923400e-01	   2.5283413080101363e-01	   3.2191587170029184e-01	   1.4753516784219498e-01	  -9.0652293151386953e-02	   2.2248879271546607e-01	   2.8236861575746197e-01	  -2.1957870778229520e-02	   3.6325357530243507e-01	   5.0067913278253162e-01	   4.6484419809771427e-01	   3.9367297734345769e-01	   4.3767699748168104e-01	   4.5477331294213319e-01	   4.7705334068470806e-01	   5.2919105990652704e-01	   4.5822636636370495e-01	   4.8620157616824267e-01	   4.3368113244144957e-01	   1.2657038857738073e-01	   2.0611697363480647e-01	   5.2369075999430481e-01	   5.0440436679297451e-01	   1.3811520220434970e-01	   1.4333081667292968e-01	   4.0301497268022046e-01	   3.8385772684538821e-01	   5.7821889382240310e-01	   5.5603126531574198e-01	   3.2830653350733707e-01	   7.8787326353653653e-02	   5.5159590230023769e-01	   5.4213957920327616e-01	   5.5071162306336396e-01	   4.6311694628380740e-01	   4.3309610059167597e-01	   5.7160454449945020e-01	   5.6966068834458494e-01	   5.5944020882658807e-01	   4.5468032896675031e-01	   3.5170587137836934e-01	   5.1492237573291333e-01	   5.7090756983856672e-01	   4.8057246289252842e-01	   4.1586337187291494e-01	   5.0646053577658411e-02	   1.7920177123869951e-01	   2.6771367776583443e-01	   3.1094522866938490e-01	   6.2221623373856383e-01	   4.9786920082304997e-01	   5.1770633501107466e-01	   4.9902131009567641e-01	   4.4336023112657708e-01	   1.5880119056004255e-01	   6.4576682845108824e-01	   5.0045273987335925e-01	   4.8095997281095382e-01	   5.9399586268197346e-01	   4.5307431042247864e-01	   5.3241289756065635e-01	   3.7850507022707602e-01	   2.0751838422030644e-01	   4.0693005081807965e-01	   3.4334360411506659e-01	   4.7071977257036135e-01	   5.2722115798516545e-01	   5.9117163181817134e-01	   7.1696663109744319e-01	   5.2777280762368595e-01	   4.5015855706044644e-01	   8.3513390874998525e-02	   2.1327736944139558e-01	   2.2853975149355327e-01	   9.9307230307461594e-02	   2.9335690967545369e-01	   3.7659645141218245e-01	   3.6659934203596378e-01	   4.2960813120713798e-01	   3.4406868390700085e-01	   2.2251814086705374e-01	   3.4544840031772397e-02	  -1.7847936281782334e-01	
   2.0166846773141445e-01	   3.4326088634342278e-01	   4.7638087126325573e-01	   7.3149882253629706e-01	   5.0304873743182665e-01	   7.1963962585126184e-01	   7.0505799265257274e-01	   0.0000000000000000e+00	   5.6808076505987826e-01	   6.6831673866374486e-01	   4.4032155754041402e-01	   6.4567745236786478e-01	   4.7129273345305650e-01	   6.8782719156618477e-01	   4.9886950776562866e-01	   6.7414998074918264e-01	   3.7426458425847647e-01	   2.4498857814777050e-01	   5.3132899096412034e-01	   6.7800148266836913e-01	   3.9529717141243237e-01	   4.9840908431606701e-01	   2.0088393809513388e-01	   4.1739206149090935e-01	   1.7834640032116308e-01	   3.7685768142572051e-01	   3.6655606025730086e-01	   3.7579721695095752e-01	   5.0642568865717363e-01	   5.5278222461834581e-01	   4.9349957869266042e-01	   5.8612434372563815e-01	   5.4290355334617635e-01	   7.0204830056022349e-01	   2.7135807303699433e-01	   4.1440956098763920e-01	   6.1315657664002265e-02	   5.4587011458346072e-03	   1.7171339337671276e-01	   2.8080784270173520e-01	   1.8100153595918758e-01	   5.2933450692147810e-01	   5.5452401206512214e-01	   5.4369436147618222e-01	   4.9798183549736585e-01	   5.2770831678399810e-01	   4.5198939531493759e-01	   5.0561798005477954e-01	   5.5780272244556162e-01	   4.2865895205434212e-01	   4.6792893672196922e-01	   3.6442026475590328e-01	   3.7752724966929149e-02	   1.3640532404139493e-02	   4.8049658624708202e-01	   4.1379297987349284e-01	   8.8943664586264376e-02	   9.8179815069124390e-02	   3.5944753113399375e-01	   3.4969227265422753e-01	   4.2988314232491048e-01	   7.3369995813746125e-01	   2.8351079696575188e-01	   3.0716628687100284e-01	   3.8103974889474529e-01	   6.1508649084894451e-01	   5.6249116799892240e-01	   5.7615019995273209e-01	   2.6830240328682015e-01	   3.6840508733357602e-01	   2.8589437046412569e-01	   3.7735393442910081e-01	   3.9338083559955805e-01	   3.6183952397897468e-01	   3.8166010914868997e-01	   4.7898004789577930e-01	   5.6870084866941806e-01	   6.1364103670065306e-01	   1.9214529323183330e-01	   1.7042703269014214e-01	   4.9688099947940878e-01	   4.4391177435985785e-01	   4.7776248774658292e-01	   5.6413513123267145e-01	   4.4891461086863882e-01	   5.3133129597310891e-01	   1.8238991937973065e-01	  -3.1021138924893794e-02	   4.6402494702963631e-01	   3.9992775919104312e-01	   4.7541373484699256e-01	   2.5669857098588666e-01	   3.9488964439321905e-01	   1.7767564043058409e-01	   8.3921422641609206e-02	   9.0030647035603886e-03	   2.0798603171440047e-01	   2.7539124990747577e-01	   3.7749034347186988e-01	   2.7193397038493722e-01	   6.5055424067532908e-01	   3.5044506932432190e-01	   2.9564848149951850e-01	   2.2877290749443174e-01	  -1.4270059938628876e-01	   9.6049988458249080e-02	   6.3684878231616004e-02	  -6.7451904778199553e-02	  -2.9855938881378365e-02	   1.5395697117216034e-01	   2.2417841583637890e-01	   2.3624011913709192e-01	   1.2150071267936639e-01	   7.6101882046997860e-02	  -1.9953107274118132e-02	  -2.4249000892638994e-01	
   2.6433281199657810e-01	   3.0476876206616432e-01	   7.1794773084948194e-01	   5.6032914908698095e-01	   8.4321426594502413e-01	   7.6870571565382528e-01	   8.0541350455633332e-01	   5.6808076505987826e-01	   0.0000000000000000e+00	   7.8836428579050977e-01	   4.5827282513770623e-01	   4.5569908408240989e-01	   6.2973475811265267e-01	   4.9058664340260655e-01	   7.7740738322640301e-01	   7.2554619450732705e-01	   3.9412152535113106e-02	   8.0454271329812116e-02	   4.8718408150610004e-01	   4.3832212209472532e-01	   5.1308414199302532e-01	   3.9554401424493402e-01	   5.2456873208590105e-01	   4.7335199902962144e-01	   3.9498922204912879e-01	   4.2930896793291745e-01	   6.3168798681059546e-01	   6.1482826422107884e-01	   3.5268854477349265e-01	   2.6693836579953500e-01	   6.6038274320107648e-01	   5.9303244225116014e-01	   3.3945199611011756e-01	   3.4761709619391429e-01	   2.8690662315454507e-01	   3.1915264386960479e-01	   3.4890276100957607e-01	   6.9469506157708055e-02	   3.4092569406209416e-01	   2.4552156168667913e-01	   1.4836393730223102e-01	   3.5279401205594529e-01	   4.5539018997878994e-01	   3.4848566578267903e-01	   3.7346720692587521e-01	   3.2297090597071465e-01	   4.7051635839951073e-01	   4.0949301960108042e-01	   5.3584186062145667e-01	   4.1001548495074114e-01	   4.8662577715821986e-01	   3.1413000877430253e-01	   2.8831182358179347e-01	   3.4673736088343332e-01	   5.2299746004899850e-01	   4.5479395048479732e-01	   1.6507123356560832e-01	   1.4407357212206345e-01	   5.4048304818164206e-01	   4.8011812527622533e-01	   6.6615338696390924e-01	   6.8573885469294282e-01	   2.3314628256404288e-01	  -2.4494683435276290e-02	   5.0979922652583676e-01	   5.4678748073963768e-01	   4.6816972866898510e-01	   3.4195069361214803e-01	   4.9876251853440551e-01	   5.5295066400601345e-01	   6.5823341386314804e-01	   6.5323806408656071e-01	   5.1347014329889296e-01	   3.7350719176694680e-01	   4.8895706046630716e-01	   5.2770725494451765e-01	   5.1125205471047908e-01	   4.7431477964984159e-01	   9.7165007077329668e-02	   1.1575153450822764e-01	   1.2620035115917713e-01	   1.8782896359245821e-01	   5.5620163799322664e-01	   4.5263731249819400e-01	   3.8778758342846814e-01	   3.5166027462417659e-01	   4.0186024286585814e-01	   1.2427138664321780e-01	   6.9592065620527688e-01	   5.9077927439708489e-01	   6.1165137363643718e-01	   7.5934039651882135e-01	   5.2145449116616849e-01	   6.1762434532387922e-01	   2.7631916638344400e-01	   2.3874642825738901e-01	   4.5223774485975821e-01	   3.5786800067006286e-01	   4.8657786412930537e-01	   5.6414825094100751e-01	   6.0898567180787433e-01	   7.6250850938551729e-01	   5.5667930666515597e-01	   5.7574511912486115e-01	   1.9052114586655527e-01	   3.6508607350204986e-01	   2.3289833888155254e-01	   1.7524576521678831e-01	   3.5458296471810280e-01	   2.8044303867897513e-01	   3.4911164536091943e-01	   5.3133689360809677e-01	   5.6645425168409469e-01	   2.9129075477330391e-01	   1.9048285137287280e-01	  -2.4500730069571769e-01	
   1.5864468709210786e-01	   2.9292420661363344e-01	   4.4339939349920354e-01	   7.2662021149656442e-01	   5.9982657646083526e-01	   7.8755207531237126e-01	   5.6984997609224886e-01	   6.6831673866374486e-01	   7.8836428579050977e-01	   0.0000000000000000e+00	   2.4397977289369577e-01	   5.3537096424687547e-01	   3.8582812849568937e-01	   4.8837560258353957e-01	   4.9401171326781557e-01	   7.8112613530765507e-01	   4.5824598995074857e-02	   6.7926537299573347e-02	   3.3357191678106068e-01	   3.5904384831683245e-01	   3.4323376311462905e-01	   2.3547368017236742e-01	   3.6612333973746225e-01	   5.1099998211616082e-01	   3.1251459436910156e-01	   4.0221817934496901e-01	   5.0201721847613168e-01	   4.9328378311161558e-01	   1.7226419848467719e-01	   2.2945926071686651e-01	   5.1304786833498472e-01	   5.5696260585817714e-01	   2.7215431397310197e-01	   3.1749552375172607e-01	   3.6485301097952294e-01	   4.1500504258786092e-01	   2.9764898366170350e-01	   1.0246613889525186e-01	   2.7047632145283396e-01	   1.4695284131177233e-01	   4.6425103185744200e-02	   2.9713220756347158e-01	   3.6534090442821721e-01	   2.9025394556331607e-01	   3.5627796736458162e-01	   3.1772235707464724e-01	   3.8748131911858952e-01	   3.6813758324705764e-01	   4.5377627936299608e-01	   3.6147813350602176e-01	   4.3521900444430067e-01	   2.1171216644736959e-01	   2.0052039696809468e-01	   2.2875552237672037e-01	   4.0805185054140958e-01	   3.3593642962199161e-01	   1.3749361172178423e-01	   1.2198056664267798e-01	   4.5246912912350062e-01	   4.5439348394429646e-01	   5.8443548773172449e-01	   8.3937761489606810e-01	   8.1174644520708335e-03	  -9.8639128520790625e-02	   5.1160291947944758e-01	   7.1681507362948771e-01	   4.2261080438436271e-01	   3.2574868706055959e-01	   4.7640513265856710e-01	   4.3231160263701529e-01	   5.1752340099716954e-01	   5.8024077448992828e-01	   3.9013142315972238e-01	   3.3943863173089428e-01	   3.5951656884149391e-01	   4.9846780026748705e-01	   4.7484503675599782e-01	   4.6433931297429409e-01	   1.1102250357360674e-01	   1.0775431123952214e-01	   1.1610275939509142e-01	   2.1095815634495635e-01	   3.3110740283846263e-01	   3.8453675560728762e-01	   3.5975515806767105e-01	   4.1587433822434194e-01	   2.1052140066423991e-01	   8.7213198618558210e-02	   6.3270419285586299e-01	   5.5432474763451078e-01	   6.1220798599402093e-01	   5.1242024565749511e-01	   6.1227890702157606e-01	   4.3245819283177123e-01	  -2.4412623316504921e-02	   1.7865477460563900e-01	   2.3206905766603925e-01	   3.1471442296270102e-01	   3.2905877599013678e-01	   3.3166435169110192e-01	   6.4458143814350188e-01	   5.0436578351081773e-01	   3.5831414729876115e-01	   4.1217779785237274e-01	   3.1155510507901309e-02	   1.7881406090878210e-01	   7.6775294586278131e-02	   3.1820807910820051e-02	   6.9124576878550670e-02	   8.2298353388727159e-03	   1.9143242459290699e-01	   3.8373584756151502e-01	   4.6173200244357759e-01	   2.2926872233247364e-01	   1.8953591362471534e-01	  -2.4109256606218440e-01	
   6.2298814040307360e-01	   5.5309230749014049e-01	   4.2070916979893702e-01	   2.4751772413688655e-01	   3.4526952293207669e-01	   2.2110036609662781e-01	   4.8610596023255148e-01	   4.4032155754041402e-01	   4.5827282513770623e-01	   2.4397977289369577e-01	   0.0000000000000000e+00	   6.9469104663310799e-01	   9.1238366189070763e-01	   7.3100205564920351e-01	   7.2930560923940280e-01	   5.3005804002860413e-01	   4.8306992858584624e-01	   4.3547709541574753e-01	   5.3543453247679273e-01	   4.4877795910081059e-01	   4.3314525862177078e-01	   4.8942365671344512e-01	   1.4993413297045363e-02	  -1.0835994862353011e-01	  -2.1881847386604708e-01	  -1.9332550612528790e-01	   1.1520061746116095e-01	   1.9638119604775212e-01	   5.3946935980332555e-01	   4.3187168037393109e-01	   1.5490755874664411e-01	   7.5692384495819998e-02	   6.0799123291969244e-02	   1.3628715120894075e-01	  -3.4281145340398372e-01	  -3.0389477426542860e-01	   5.5330563270498297e-03	   1.2012441492773102e-01	   1.6160637883703843e-01	   2.9051269233395866e-01	   2.9911938506301167e-01	   4.2043171342689017e-01	   7.5345695352168285e-02	   1.5016361526339411e-01	  -7.2592327557983893e-02	   4.7919099317818618e-02	   2.0784495802762487e-01	   1.6817932476697944e-01	   2.1059251609316795e-01	   2.3933332261796858e-01	   3.5285519870398674e-01	   3.1519361482677105e-01	   4.7896643731349342e-01	   3.8318890554293905e-01	   3.4702856706303881e-01	   2.9300763248679423e-01	   3.6360968643963815e-01	   4.1862421913349757e-01	   5.5065369921087692e-01	   4.5828747025146610e-01	   5.5635009555984616e-01	   3.4043474457728262e-01	   5.7312983990447286e-01	   3.8656613499385206e-01	  -3.0976055485907546e-02	   3.0459296415481826e-02	  -3.4501872731133934e-02	  -2.7819218741918124e-02	   2.5371344998690537e-01	   2.6042246488809440e-01	   3.8674698641356042e-01	   3.6598412493678878e-01	   4.3093292944980299e-01	   3.4311257990944133e-01	   3.2603764512802391e-01	   3.0180455021355634e-01	   2.2157829486225980e-01	   2.5026458637130639e-01	   3.2269981517070667e-01	   3.5430349816111772e-01	   4.0436397006214653e-01	   4.0164794206999338e-01	   4.1630201970631431e-01	   2.0240236239120363e-01	   2.4205680931462739e-01	   9.7112101413461327e-02	   2.1406584323663605e-01	  -2.0164537702914292e-01	   4.7723532179823325e-01	   3.8661693905676686e-01	   1.6940566752346853e-01	   2.4613630118687879e-01	  -6.9943563144266557e-02	   1.8447042604488528e-01	   1.8699773730411889e-01	  -6.3960809222156537e-02	   2.2308969306791557e-01	   1.8031765319998180e-01	   3.0267271430372628e-01	   3.0994528032809776e-01	   2.3698113196990897e-01	   3.5128158039644941e-01	   2.0652214118225545e-01	   1.6384386316240307e-01	  -1.3952417004269313e-01	   6.6161853623958169e-02	   4.8242860920548518e-02	  -2.2288019420227457e-03	   1.0013731739003702e-01	   2.5122073021169566e-01	  -1.6598454423411353e-02	   1.7661256272187986e-01	   2.8021159949596713e-01	   1.4400726605225708e-03	  -1.0604608182736275e-01	  -1.7681774429641101e-01	
   5.0444296373924602e-01	   5.9100330057527994e-01	   2.4906319269170907e-01	   5.0873282550381915e-01	   3.0823203110639141e-01	   4.1458954882557153e-01	   3.5631988095988160e-01	   6.4567745236786478e-01	   4.5569908408240989e-01	   5.3537096424687547e-01	   6.9469104663310799e-01	   0.0000000000000000e+00	   6.3968787447510522e-01	   9.1457997495438015e-01	   5.3278406112505794e-01	   7.2388107108483590e-01	   3.5806607813127711e-01	   4.1444758983268803e-01	   4.1185345921571004e-01	   4.7397466370611008e-01	   2.6150023745076179e-01	   4.2234575929357254e-01	   4.7440678498847401e-02	   1.2002013012906396e-01	  -1.3039445264916549e-01	  -5.5119520408114048e-02	   1.7541019508793573e-01	   2.3138113548920961e-01	   4.0461649796686416e-01	   5.3328152475587420e-01	   1.8241821311014575e-01	   2.2795539707639809e-01	   6.7092932698877283e-02	   2.1771053795374695e-01	  -1.4453599987953381e-01	  -1.0371697749841069e-01	   1.0193158125145951e-01	   1.6791033368318700e-01	   1.7065354946069577e-01	   2.5407709005630141e-01	   2.8309642671774204e-01	   4.3870329397253760e-01	   1.5884290798656281e-01	   1.6263954474171885e-01	   3.2217023248967268e-02	   8.4087355967836105e-02	   2.1953807988770688e-01	   1.5849601855645995e-01	   2.4378549846871439e-01	   2.3812911337157022e-01	   3.9313364727581979e-01	   2.4223617699502736e-01	   4.6034191463955243e-01	   2.5832502668334439e-01	   3.0561225301172001e-01	   2.0400011503827875e-01	   3.4738911730102229e-01	   3.9880996370089095e-01	   5.8501373054275563e-01	   5.1837776241681355e-01	   5.7827284700387849e-01	   6.5050590949183384e-01	   4.0015646640595903e-01	   3.7138302529325395e-01	   1.0972865920032679e-01	   3.1839062522096601e-01	   9.5587745484780204e-02	   7.9842174962764134e-02	   3.4819183067551096e-01	   3.1098323308830816e-01	   3.7224292925322688e-01	   4.5390278400058642e-01	   3.6878545651785233e-01	   4.3573657462474968e-01	   2.8662086205228443e-01	   4.2959273538248405e-01	   2.8265719737439343e-01	   4.2458346829370880e-01	   2.8838420055646630e-01	   2.9424852600543916e-01	   4.2624174122477554e-01	   4.3090968636727689e-01	   3.0249080550888552e-01	   3.5011990432423912e-01	   3.0796836996740973e-01	   2.6003702476690727e-01	   1.1865571238383535e-01	  -1.7889673520236421e-01	   4.8377557643108327e-01	   4.7095302182694371e-01	   3.5262260985460919e-01	   1.8041622262613069e-01	   1.1413876438942161e-01	   1.5242503298023505e-01	   1.0397728193805951e-02	  -7.3770721914682605e-02	   1.3058220253368794e-01	   1.9137203624257057e-01	   2.9310772931805884e-01	   1.8917227409442133e-01	   3.6879441688603820e-01	   2.9875945428659911e-01	   1.6319633911769449e-01	   1.4968890543365138e-01	  -2.3300763146317363e-01	   3.7329243406574050e-02	   7.2912382094493244e-02	  -7.3310961596082788e-02	  -7.7239291053010944e-02	   1.9980526811187598e-02	  -1.2256997275217646e-01	   1.3148965185718198e-01	   2.4169684937171015e-01	   1.6307640202497180e-02	  -3.8265860160792253e-02	  -2.0208481734274222e-01	
   5.0840283076727655e-01	   4.9676466034135691e-01	   5.9450907135700004e-01	   3.5588860204826356e-01	   5.2419665949123773e-01	   3.5514634526984101e-01	   6.4325638461889245e-01	   4.7129273345305650e-01	   6.2973475811265267e-01	   3.8582812849568937e-01	   9.1238366189070763e-01	   6.3968787447510522e-01	   0.0000000000000000e+00	   6.7006542492603938e-01	   8.4652958461020278e-01	   5.9694047396740579e-01	   2.6699765248490509e-01	   3.0943828592961253e-01	   5.0899203546058780e-01	   4.0053647019928351e-01	   5.0253821231719298e-01	   4.5055573570103513e-01	   1.9106135295612131e-01	   2.3334489492365603e-02	  -2.7819314717016173e-02	  -4.3979068570938119e-02	   3.1029241852470402e-01	   3.3397369113652242e-01	   4.4135048204686522e-01	   3.0275286494906234e-01	   2.7432254280286983e-01	   1.6235342377666473e-01	   9.0609263921180197e-02	   1.5994566567596941e-01	  -2.0659040437382650e-01	  -1.9532529851030392e-01	   1.0337587671637574e-01	   7.1515450290834170e-02	   1.9551636709966777e-01	   2.7778351761874204e-01	   1.9150942099320989e-01	   4.0840331308949640e-01	   1.4404256390235112e-01	   1.8210288738419331e-01	  -1.3387522371146557e-02	   8.5747714761115437e-02	   2.8077209659705044e-01	   2.2189870830604641e-01	   2.6201426289203167e-01	   3.0714311666508864e-01	   4.4968486156530202e-01	   3.9772398448844537e-01	   4.5954746294109955e-01	   4.0986600903615128e-01	   4.0776167765329319e-01	   3.6333422803532411e-01	   2.8825205198198733e-01	   3.5075085468694206e-01	   5.4848536348817878e-01	   4.6598920322732440e-01	   5.9852966719777978e-01	   4.0566130250368526e-01	   4.3169911518014525e-01	   2.0400269543005844e-01	   1.9568658673087824e-01	   2.0364291406777796e-01	   7.1858122620693118e-02	   2.9846839244562835e-02	   3.1626672082575014e-01	   3.2765774526292130e-01	   5.4137445449215482e-01	   5.2821166388748730e-01	   4.4851566164709089e-01	   3.7193918339404286e-01	   3.8567846191796046e-01	   4.0601593372566092e-01	   2.6649833543525803e-01	   2.5853779759944284e-01	   2.1403976770283589e-01	   3.0957083258661711e-01	   3.1109935405210842e-01	   3.4764136156068748e-01	   4.6844534747612415e-01	   2.2309730478826256e-01	   3.5739859456678169e-01	   1.7495177444502097e-01	   3.1894455102057856e-01	  -1.1448828165603173e-01	   5.7568079365233027e-01	   4.4186946610196420e-01	   2.8228056889338082e-01	   4.0991333140201713e-01	   6.8966581529572468e-02	   3.5074993815648936e-01	   2.2397554138529474e-01	   2.2169551973372073e-02	   2.9862047277763171e-01	   2.2764399866050758e-01	   3.6787474426448591e-01	   3.9199510896250356e-01	   3.0971049857405830e-01	   5.0992306612412930e-01	   3.2375976712937271e-01	   2.9763915898457272e-01	  -4.9024840668024389e-03	   1.6095185920258787e-01	   1.0345188283207461e-01	   6.6933170385221064e-02	   1.5659109583774589e-01	   2.7142628459890300e-01	   6.3580252045208688e-02	   2.8634456127396013e-01	   4.0513282727378785e-01	   4.4825341292497739e-02	  -3.6408738516647471e-02	  -1.3760181035365829e-01	
