   0.0000000000000000e+00	   9.2302369884152924e-01	   6.0697923685029243e-01	   6.9716798604757191e-01	   4.9177111999341688e-01	   4.2210873812592553e-01	   6.3191422259999119e-01	   5.1983072079054127e-01	   4.3378212730040377e-01	   4.0384235173742822e-01	   6.9949989711235738e-01	   6.6801654911132580e-01	   5.5098669641934883e-01	   5.1384046408175821e-01	   3.7521238535775220e-01	   5.2657351406820685e-01	   7.8500685760487132e-01	   8.7410893851942895e-01	   9.0897151680241683e-01	   8.9532397589626955e-01	  -1.3114236861810324e-01	   2.2811641933890886e-01	   5.4808790418009035e-01	   4.7371336635032091e-01	   3.1468895322024709e-01	   1.7741362517713691e-01	   4.5731242355826152e-01	   3.4267651334915494e-01	   6.2053771937550006e-01	   6.2988995544475901e-01	   5.8749825839808989e-01	   5.0555959931225791e-01	   8.0552281315524776e-01	   7.5445172117529768e-01	   2.7009060385019312e-01	   1.3760309150220246e-01	   8.6883027780500569e-02	  -1.2863321799301891e-01	  -2.3183525079805067e-01	  -1.2734510959101641e-02	  -2.5830325687465294e-01	   4.4012148092029313e-01	   3.4266930890337144e-01	   3.6146075521276921e-01	   6.1905352198867802e-01	   6.4383308645371762e-01	   4.6621666508085352e-01	   3.7417674342831142e-01	   5.0536174378151189e-01	   4.7652877369909136e-01	   5.1243905958898583e-01	   4.7626077252214433e-01	   4.6623700785472699e-01	   4.9378445748577993e-01	   6.8148091959846901e-01	   6.0623479343866438e-01	   9.6176581277767892e-01	   9.2411934512052696e-01	   4.4007618208297844e-01	   5.2863181907122903e-01	   5.0312641478445597e-01	   4.7378402523381480e-01	   7.4002948099280985e-01	   7.7119026147105596e-01	   2.7814548606215783e-01	   2.1893714001186343e-01	   5.8464496332498916e-01	   5.5770073960670286e-01	   8.5069657553200928e-01	   7.6706000118581630e-01	   5.2210584165756295e-02	   1.0037911398358357e-01	   1.8575466478582514e-01	   3.8595425846401610e-01	   5.5602920863883160e-02	   1.9755752868937165e-01	   2.6202317923398766e-01	   2.1782312966203182e-01	   7.5212624415382523e-01	   7.6072616156488526e-01	   8.0754726587942016e-01	   8.3365949579386811e-01	   5.3012116246656849e-01	   3.0470960504254563e-01	   6.3231663381011327e-01	   6.2145662707235183e-01	   3.4558938095790181e-01	   1.5602904353502378e-01	   6.0499177844480512e-01	   7.8491743827223548e-01	   3.8911869145824707e-01	   4.0843027628307754e-01	   4.5122884934797391e-01	   5.2080612752950994e-01	  -3.1722675318463944e-01	  -3.0462485353374480e-01	   2.4160201581501492e-01	   2.8841277824524192e-01	   6.0497768403622576e-01	   6.2653520586432143e-01	   5.1812975185407528e-01	   6.5677338786189154e-01	   5.2679433926720642e-01	   8.0164482929605552e-01	   4.5384284365037075e-01	   4.8886512944536553e-01	   4.1241987336970976e-01	   3.4777605524834121e-01	  -4.2563272555165288e-01	  -1.7477065944191916e-01	   4.7658340544743194e-01	   3.2710390332391709e-01	   3.0226779166002055e-01	   4.3858225037163445e-01	   1.6419585393980141e-01	   9.7677456096892393e-02	
   9.2302369884152924e-01	   0.0000000000000000e+00	   5.0690691174914848e-01	   6.6300725500204849e-01	   4.9946255077192919e-01	   3.4854615323916904e-01	   5.6121876574173690e-01	   5.2515486641234221e-01	   3.7689510403723187e-01	   3.5288149493542265e-01	   6.4093716256122746e-01	   6.7835538448448829e-01	   5.0654805028632111e-01	   4.9594687357874445e-01	   3.2265229277125373e-01	   4.3978611091187281e-01	   7.1999128756364961e-01	   8.1106007062461938e-01	   8.6316701486753622e-01	   9.0899970814139941e-01	  -8.7188732233150323e-02	   2.6066607633012262e-01	   4.7047791575324116e-01	   3.8680421204839388e-01	   2.5110506613681927e-01	   8.0165663461494410e-02	   4.2577727872581117e-01	   2.2679678412747956e-01	   5.9930757475785290e-01	   5.7555715115233008e-01	   5.3058474761625163e-01	   4.4950696705391247e-01	   7.6312796458349574e-01	   7.4857611600661267e-01	   1.6046026675704120e-01	   2.4457632379867145e-02	   1.9073658078117353e-02	  -1.8859046573650221e-01	  -2.7514800948156282e-01	  -7.7852746262820127e-02	  -3.0615991206658871e-01	   4.1562841332748957e-01	   2.6371147770115810e-01	   2.8589006718546339e-01	   5.4183478722978895e-01	   5.5331690091910635e-01	   4.1392372591695337e-01	   3.0106866831455831e-01	   4.4865539401668164e-01	   4.6497079850920131e-01	   4.6710819520714375e-01	   4.5346821701356493e-01	   4.4973263773082839e-01	   4.6034542699834058e-01	   6.9434553910641905e-01	   5.5149225567397853e-01	   9.0484820228501284e-01	   9.5099578713564636e-01	   3.9638327458757860e-01	   5.3453001692872726e-01	   4.5781907674287459e-01	   4.5461197233255857e-01	   7.0875173870930752e-01	   8.1941237941487488e-01	   1.3339235448602360e-01	   1.2880375050223611e-01	   4.6762879993937723e-01	   4.6509369746834667e-01	   7.4881834765549671e-01	   6.9490020975124078e-01	   1.6178930032485891e-01	   1.9294135636869700e-01	   1.6552354735482055e-01	   3.4996876666963006e-01	   7.9370257679098277e-02	   2.0952466423558747e-01	   2.4279588159285961e-01	   2.4936998646986738e-01	   6.5777002334582102e-01	   6.7962864379493748e-01	   7.0427729655555349e-01	   7.0312888983389665e-01	   4.6358844592212911e-01	   1.5668420415912021e-01	   5.0193360286032762e-01	   4.3663676684525088e-01	   3.1651942512319764e-01	   5.8412820625692960e-02	   5.8112262713786844e-01	   7.1668391780018625e-01	   3.4746714666672440e-01	   3.0821827889929182e-01	   4.2348804709744681e-01	   4.5645645168764193e-01	  -3.4453758261579276e-01	  -3.3993444760872360e-01	   2.5208148934331154e-01	   1.9031514090120555e-01	   6.2227423178068042e-01	   5.5808236967000491e-01	   5.7675941281156429e-01	   6.5676369886479147e-01	   6.4047702623188363e-01	   8.0750801409991602e-01	   5.4679175137363401e-01	   5.5677774747280295e-01	   5.2555627475405564e-01	   4.0210206630624512e-01	  -4.6094261636492062e-01	  -2.2931240565937777e-01	   3.9638834485169144e-01	   2.8468899873865439e-01	   2.4017953022894056e-01	   4.5267015944094546e-01	   2.1717918812675382e-01	   1.6936541675470934e-01	
   6.0697923685029243e-01	   5.0690691174914848e-01	   0.0000000000000000e+00	   7.3326823291399190e-01	   6.8055973806195502e-01	   5.5254964293847464e-01	   8.9492309022223993e-01	   5.1623787703027013e-01	   6.5410181582478333e-01	   3.7333801206897699e-01	   5.3028322255660010e-01	   3.2626760829384144e-01	   6.0176925654990399e-01	   2.7109475122287008e-01	   5.3172304721488539e-01	   3.1661545500063959e-01	   2.3532339847873998e-01	   4.3280649334113608e-01	   5.8868717777549129e-01	   5.3455140034479798e-01	  -1.5221409404602398e-02	   2.8056973296203647e-01	   8.5943927841207790e-01	   7.9577141507375326e-01	   5.3116439122846126e-01	   4.1624494920012584e-01	   6.7971060694120800e-01	   6.7330252740418595e-01	   1.2646193248777438e-01	   1.0413242398937789e-01	   4.6068988073654127e-01	   4.4767151941569372e-01	   5.5838901620408810e-01	   4.6080415742105796e-01	   4.4608412468891279e-01	   3.3682175635337264e-01	   1.0212066189733554e-01	  -1.3083722837032841e-01	  -1.6395428250957955e-01	  -1.0908798743287830e-01	  -2.7710379296670706e-01	   1.9105025772436446e-01	   3.5224016420461368e-01	   3.4026284876708024e-01	   5.3907690418184007e-01	   5.6128068733683789e-01	   2.7807916227288421e-01	   3.2092238187518801e-01	   6.0347543992867392e-01	   4.9244098984857354e-01	   6.0607988825177928e-01	   5.8755426183934101e-01	   4.6477269794923259e-01	   4.9702684699403232e-01	   4.0850620272997035e-01	   3.5682502999427457e-01	   5.1306570697091403e-01	   5.1349287307865810e-01	   7.5679673016784810e-01	   5.7956490071187183e-01	   6.3421643896795343e-01	   4.1300366869074723e-01	   3.8343039409782276e-01	   4.6064458279453591e-01	   7.0595321791060806e-01	   5.3310126595789420e-01	   7.7293979377763977e-01	   6.7922801417291445e-01	   5.5713348757401548e-01	   5.4819156949151715e-01	   2.1079549194465019e-01	   2.8432764315759568e-01	   3.6334879482232331e-02	   1.3162240836833156e-01	  -2.2264798827398881e-02	   5.8577833919195327e-02	   2.4109026316919158e-01	   1.5954509458352895e-01	   3.4919883294768250e-01	   4.1310550172840754e-01	   3.4760011938757829e-01	   4.7108541869277659e-01	   2.6595385783968795e-01	   6.1543517426910346e-02	   5.8943673303809141e-01	   6.2957367603822512e-01	   2.2418479458505780e-01	   1.6793235150141472e-01	   7.7246331185578765e-01	   7.5623642495869348e-01	   5.6695997301852175e-01	   6.6363200101415942e-01	   7.3568441365621295e-01	   8.5142597865968705e-01	  -3.2285043527554408e-01	  -2.5792624622037852e-01	  -1.2144306547506145e-02	   2.4061580074973665e-02	   3.9552661880284562e-01	   4.6921131042711400e-01	   5.1925941992699043e-01	   7.7230566795614397e-01	   3.8774727622000404e-01	   6.6043468113584791e-01	   4.4847435527195423e-01	   5.1515287709086999e-01	   4.1456124299352043e-01	   3.3231302499572829e-01	  -4.0917957143049838e-01	  -2.1608631059890215e-01	   4.2689457629205807e-01	   3.6271451982406344e-01	   5.7865267011069510e-01	   5.6289420304622972e-01	   3.4037855325092531e-01	   1.3449715923153976e-01	
   6.9716798604757191e-01	   6.6300725500204849e-01	   7.3326823291399190e-01	   0.0000000000000000e+00	   6.4964341375510803e-01	   7.6110033053084925e-01	   7.7298151513190749e-01	   8.3647420467703815e-01	   6.7871728250793362e-01	   6.3342468762599469e-01	   5.4782883056166187e-01	   5.6515811655136206e-01	   5.9906604291016374e-01	   5.4277461307896924e-01	   4.6427926854195722e-01	   5.9771079301352181e-01	   3.6949445201538900e-01	   5.4013991603534783e-01	   7.0562981111912759e-01	   7.2109450403882114e-01	  -1.9604888066019547e-03	   3.1996690229383945e-01	   7.5779364773607427e-01	   7.6333133592726055e-01	   4.3325711692802604e-01	   4.8791742106886615e-01	   5.0342089020070413e-01	   5.3158032927571963e-01	   2.6651991666087266e-01	   3.0370775631914343e-01	   6.2699697043021574e-01	   6.1498798880888339e-01	   6.8804025044174100e-01	   6.6893371034082716e-01	   3.9028139557031860e-01	   3.8060778604789625e-01	   1.5539119824458600e-03	  -1.7243575547379711e-01	  -2.6989462015436749e-01	  -1.5241739166945251e-01	  -3.4030907539250344e-01	   3.0743306219663152e-01	   3.2918149804613006e-01	   3.1744297558098045e-01	   5.7276793716030228e-01	   5.9790487087264710e-01	   3.7975816967257825e-01	   3.6063987830478295e-01	   4.9109714129845566e-01	   4.7680361631344587e-01	   5.0179599197128222e-01	   5.2215385857802876e-01	   4.8838408963647473e-01	   4.9421192721053564e-01	   5.3102982411920685e-01	   4.9797146991177987e-01	   6.2739813592656724e-01	   6.2411146911509341e-01	   6.5274974460260171e-01	   6.7576374815187235e-01	   6.7762983620627160e-01	   7.3443141911976417e-01	   5.3416675646108969e-01	   6.0007246202594655e-01	   4.9508741176295834e-01	   5.9392879361683004e-01	   7.2951624727966102e-01	   7.1414720641293061e-01	   6.1575110182785997e-01	   6.1875202595463452e-01	   2.4513388337350389e-01	   3.9093266186606734e-01	   8.1308762605447768e-02	   2.6319917348221400e-01	   1.5883242003124423e-02	   1.5947265326148949e-01	   4.0025499449574053e-01	   3.7699786378487210e-01	   4.8631576132908594e-01	   5.0703065970630745e-01	   4.6824555905969989e-01	   5.5359337689944688e-01	   3.0153845631449960e-01	   1.2955061974221219e-01	   5.3705004021201752e-01	   6.1169495276825470e-01	   1.2592699167536034e-01	   1.1763399710357771e-01	   6.5700051923082214e-01	   7.6247271809383887e-01	   5.9317544414572998e-01	   6.1626416284583874e-01	   7.8884968094080543e-01	   6.4899178567490901e-01	  -3.6947498527468559e-01	  -3.2869954062481171e-01	   1.4823642954226803e-02	   4.3993553822279770e-02	   5.4837867230686355e-01	   5.6136511907660003e-01	   5.8004545014154973e-01	   6.3999325722395373e-01	   3.5173712447890942e-01	   6.4916637745319838e-01	   4.6288628710256885e-01	   4.4529396922742753e-01	   4.5577443224760450e-01	   3.3859723594308483e-01	  -4.5804614774582020e-01	  -1.6893608848525066e-01	   4.6759050883417230e-01	   3.7909461007371681e-01	   5.0208794173581150e-01	   4.7857596520979118e-01	   2.5585974987355720e-01	   1.5700598228517931e-01	
   4.9177111999341688e-01	   4.9946255077192919e-01	   6.8055973806195502e-01	   6.4964341375510803e-01	   0.0000000000000000e+00	   7.5291971632594612e-01	   7.0127053989831234e-01	   5.6231227150986429e-01	   8.2092505705570118e-01	   6.3792059049160743e-01	   4.9600673576360521e-01	   3.1270593687378712e-01	   5.8923543578750004e-01	   2.5743522629708354e-01	   6.3684394182728643e-01	   3.8240101355046396e-01	   1.8818844218465691e-01	   3.7226111733378209e-01	   4.7418697405605492e-01	   4.7406648331501267e-01	   8.7493771699494363e-02	   3.8266045009763627e-01	   6.0326337110912664e-01	   6.2475909760835591e-01	   3.1812881663972969e-01	   2.2580392903183760e-01	   7.3020478795885757e-01	   6.3949282984942091e-01	   1.7717662536691775e-01	   7.4765803026058550e-02	   3.0855185953439168e-01	   3.7521760381088892e-01	   3.9055110136092686e-01	   3.7590079712615754e-01	   1.5697837067458292e-01	   3.1409122480645743e-02	  -2.4154870659063488e-01	  -3.5529063436502961e-01	  -3.3107669633500930e-01	  -3.1091611179868128e-01	  -4.3219579312782197e-01	   6.4379628692272858e-02	   1.9072826646941271e-01	   1.8884244053160743e-01	   3.8914291601673445e-01	   4.1556184414716174e-01	   1.3567314346993653e-01	   1.6959678205581685e-01	   4.4660298227687634e-01	   4.2180115205686064e-01	   4.3855092961118669e-01	   4.8956539693443368e-01	   3.6026402075543196e-01	   3.9859927067749434e-01	   3.2619736902663221e-01	   2.2382417468235338e-01	   4.3032331850628175e-01	   4.7333348489771337e-01	   6.4234817152360968e-01	   5.2558998266376522e-01	   6.0492255303617570e-01	   5.0542525098412983e-01	   3.0718008669883728e-01	   4.6365028932684349e-01	   4.3248930016792397e-01	   4.3475639111414710e-01	   5.2793037253657404e-01	   4.6620850078000559e-01	   4.0917103658420850e-01	   4.2103474391028550e-01	   6.3214593719116002e-02	   2.1416690444414493e-01	  -1.0570865899317219e-01	  -6.7945793548843114e-02	  -7.2527482007386915e-02	  -7.2041800873009876e-02	   2.0240839954367231e-02	  -3.2799170389339175e-02	   3.5382046290324637e-01	   4.3344525977563753e-01	   2.0357957937513532e-01	   2.8605345433997659e-01	   1.8221404672173613e-01	  -1.1056702476419424e-01	   3.3502959227098211e-01	   3.4317223601482211e-01	   9.7641151223031741e-02	  -8.5359325547205336e-02	   7.0573165819738026e-01	   6.2024572304313774e-01	   4.9574946884657556e-01	   4.0543907049040645e-01	   6.3668426064858041e-01	   5.0183255190141585e-01	  -4.8558040797633517e-01	  -4.2119440028201094e-01	  -1.7070031875083816e-01	  -2.2534343940480123e-01	   2.2922568204530239e-01	   2.3703644280685948e-01	   2.9742213424673963e-01	   5.0757445514316424e-01	   2.6112752888351592e-01	   4.7918383467652165e-01	   3.8900889640351832e-01	   4.1433681194743049e-01	   3.5374425508799612e-01	   2.3616815649108014e-01	  -5.2472327264956198e-01	  -4.0930849229241340e-01	   2.3390600858481539e-01	   2.7686377517929694e-01	   3.5437881773719654e-01	   3.9474504630839630e-01	   2.5341770624789878e-01	   1.2371241314426248e-01	
   4.2210873812592553e-01	   3.4854615323916904e-01	   5.5254964293847464e-01	   7.6110033053084925e-01	   7.5291971632594612e-01	   0.0000000000000000e+00	   5.7118376120622061e-01	   7.0045686508083604e-01	   6.9691375167383884e-01	   8.1687656357296601e-01	   3.8327319565855689e-01	   3.3707415525069478e-01	   5.3136323187015233e-01	   4.5016168053098837e-01	   5.3663587732634010e-01	   6.0259895355616799e-01	   1.0286228786668153e-01	   2.6407039330324183e-01	   4.5289510508026487e-01	   4.4067904762762011e-01	   1.3409470473463934e-03	   3.2293323744228530e-01	   5.9417872033987695e-01	   7.1028075098565679e-01	   3.4621562370369774e-01	   4.3621580397678106e-01	   5.7668700459537259e-01	   6.6631021641862731e-01	   8.7658834142422037e-02	   8.3654923098028411e-02	   3.4216417733316679e-01	   3.9192981193290266e-01	   3.5529354404273367e-01	   3.6085770271861423e-01	   2.0827363505575155e-01	   2.5572009894115655e-01	  -6.5753721790163228e-02	  -1.0134601228137680e-01	  -2.8344331471619488e-01	  -1.6457549837299851e-01	  -2.5538971390166260e-01	   1.9968422495332283e-01	   2.5563565466667743e-01	   2.3333983585319590e-01	   3.9942591153169094e-01	   4.0929082867851341e-01	   2.1274593379621501e-01	   2.7590306261807007e-01	   3.8901645424076292e-01	   3.6369991762333154e-01	   4.4447752142096131e-01	   4.5950662172971374e-01	   4.6030798504399606e-01	   4.7320915099628347e-01	   2.7669687382491609e-01	   3.1795089139518373e-01	   3.5901429806867480e-01	   3.0933583782364660e-01	   5.5644510344339126e-01	   5.1678490856843806e-01	   5.1868314909681046e-01	   6.5730447625215271e-01	   2.8940744751786007e-01	   3.1293091298784914e-01	   3.8235048029910179e-01	   5.5299106718982893e-01	   5.3175529367313890e-01	   5.2293790490457837e-01	   4.3458167332592601e-01	   4.3042298409378132e-01	   1.3484894962540431e-01	   3.4092396782414308e-01	  -3.3775942010534930e-02	   6.9175186575327244e-02	  -3.4476346286315095e-02	   4.7263891793933518e-02	   1.9832899422867700e-01	   1.6047196552147674e-01	   2.8603815108549935e-01	   3.0018149006719297e-01	   2.4172226019567780e-01	   2.9446902827554960e-01	   2.4320033724499721e-01	   1.0764337902805099e-01	   3.8541533046918441e-01	   4.3975102861155968e-01	   8.7244531679696730e-02	   6.1463792975890552e-02	   5.2384071813595612e-01	   5.4978350149583577e-01	   5.6352814794158179e-01	   5.7350395041850055e-01	   6.8020198801733300e-01	   4.6269257673652753e-01	  -3.5614991372954563e-01	  -2.8944592109864198e-01	  -1.7536974825648249e-01	  -1.1503902625458420e-01	   2.7448015103205137e-01	   3.6910265737239667e-01	   2.3917357526040467e-01	   3.7370012525868634e-01	  -3.7629665171342213e-03	   3.6462484442521148e-01	   2.2107684094040672e-01	   2.4793388472649086e-01	   2.1304614114557122e-01	   1.7880581734606277e-01	  -3.6262675967632502e-01	  -1.4614506740120348e-01	   3.1073653014509900e-01	   3.2233394666425857e-01	   4.7158895994800260e-01	   3.7343884107505987e-01	   2.1868665885954547e-01	   2.2178791361077751e-02	
   6.3191422259999119e-01	   5.6121876574173690e-01	   8.9492309022223993e-01	   7.7298151513190749e-01	   7.0127053989831234e-01	   5.7118376120622061e-01	   0.0000000000000000e+00	   7.3547015017773443e-01	   7.0533038326710873e-01	   4.8730444448009846e-01	   6.6968673854828575e-01	   5.2251064836642069e-01	   7.1135805805581132e-01	   4.6858520373865420e-01	   5.2039182382201332e-01	   3.9888436581886866e-01	   3.4445400945980004e-01	   5.1096541147387875e-01	   6.3699557988727862e-01	   6.0486207190272079e-01	  -4.9765055887978811e-03	   2.6654036554334226e-01	   7.8890590907608393e-01	   7.1936560834361807e-01	   3.0877008589208393e-01	   3.0361142909816041e-01	   5.0536212426807892e-01	   5.3353280455902663e-01	   2.4540309586519693e-01	   1.9527013156186618e-01	   4.3749809684867669e-01	   4.7303934174942697e-01	   6.4372228188056868e-01	   6.0083118666475310e-01	   3.0998372568352589e-01	   2.2767865836558043e-01	   4.4299554841862786e-02	  -2.2706072635183952e-01	  -2.0469098917063927e-01	  -2.0468657545485044e-01	  -2.8767775208491797e-01	   2.2995923336777002e-01	   2.0213523908908904e-01	   1.8900538776073667e-01	   4.4461160825481116e-01	   4.6903172772395541e-01	   1.5511406139811074e-01	   1.3232951455342473e-01	   4.3386534333530102e-01	   3.8701160063515599e-01	   4.3075104005214743e-01	   4.3633204195249697e-01	   3.0866329976298329e-01	   3.4280264035569064e-01	   3.9896479292976617e-01	   2.4500969198288555e-01	   5.3114571695487822e-01	   5.1790323222084078e-01	   7.0997784819584586e-01	   5.4702517631297032e-01	   7.8289387995491944e-01	   5.9779035423864002e-01	   5.0731066294516503e-01	   6.1978951253878478e-01	   6.2822003005599536e-01	   6.2541637561978347e-01	   7.0087524885675800e-01	   5.9571899788354632e-01	   4.9095125427671527e-01	   4.3286054502448285e-01	   2.9046025640036327e-01	   3.6656779446753507e-01	   1.8926635428559382e-01	   2.1865253720692307e-01	   1.2390568021177642e-01	   1.6905420051239248e-01	   2.6327694644939870e-01	   1.8414391001525804e-01	   3.9939125872857517e-01	   4.5533697031999115e-01	   3.9203967466371531e-01	   4.7282982009835473e-01	   2.1223354856829141e-01	  -6.3967802247424432e-02	   5.4726940617955666e-01	   5.4174314179662031e-01	   1.7074369529654246e-01	   4.3855177112970288e-02	   8.1877837126346542e-01	   7.2710858629517672e-01	   4.5749117077180068e-01	   4.8861643366935448e-01	   8.1150938391695604e-01	   7.8563682370312415e-01	  -3.4340481192985339e-01	  -2.8507763861126578e-01	  -1.2173181831332534e-01	  -1.3612551430019812e-01	   3.4722986426875302e-01	   3.4900591348745647e-01	   6.6881053282923864e-01	   8.0667072625975089e-01	   4.6041372808103975e-01	   6.7244638209073471e-01	   5.0163453599442254e-01	   5.4146992045724651e-01	   4.9496845901020758e-01	   3.4091794384968488e-01	  -4.4280921482706270e-01	  -3.2150473527138118e-01	   2.5054123568785547e-01	   1.7799417086886393e-01	   4.5233502320227059e-01	   5.0813134595091236e-01	   3.7312023940997974e-01	   2.2354581488867420e-01	
   5.1983072079054127e-01	   5.2515486641234221e-01	   5.1623787703027013e-01	   8.3647420467703815e-01	   5.6231227150986429e-01	   7.0045686508083604e-01	   7.3547015017773443e-01	   0.0000000000000000e+00	   5.9942549914474985e-01	   7.1112134370351265e-01	   5.3654400430452864e-01	   6.8195884851020860e-01	   5.7666951385136833e-01	   6.9227941696531159e-01	   3.6794861344648355e-01	   5.9683208130478105e-01	   3.5178944139560331e-01	   4.3270829140040484e-01	   5.5619689015432117e-01	   5.9196495539594196e-01	   1.7969854310012860e-02	   2.8246184652617434e-01	   5.6112869390623432e-01	   5.7747148789663916e-01	   1.2519850496781698e-01	   2.6502485976605894e-01	   3.0280163418851724e-01	   3.6501109528405384e-01	   2.9583166782971637e-01	   2.7714300020661220e-01	   4.1978542003864883e-01	   4.7252821081916813e-01	   5.8326193154463157e-01	   6.2974292368542384e-01	   1.8150377277183793e-01	   1.9524271684979499e-01	  -2.8105279965917222e-02	  -2.3062681569181787e-01	  -3.0361479939184610e-01	  -2.5210319577171519e-01	  -2.8644862020895145e-01	   2.3700462068032974e-01	   1.0925088627663304e-01	   1.0630911389375672e-01	   2.9118064222012285e-01	   3.1031753811032858e-01	   1.2568657190870039e-01	   9.2519862475006681e-02	   1.8485315299530769e-01	   2.1422405872325845e-01	   2.6985289602688206e-01	   2.5742609065570066e-01	   2.7654409178777589e-01	   2.8030490465211899e-01	   3.2908057697166360e-01	   2.1083445326577346e-01	   4.3845657881789579e-01	   4.0464447643633927e-01	   4.4023903006936510e-01	   4.4825190279940569e-01	   6.6475255751733142e-01	   8.2364872923229182e-01	   4.8248452259911473e-01	   6.0618684197989403e-01	   3.6216191311573498e-01	   6.5515493503377187e-01	   4.7147992235792363e-01	   4.4437819373734899e-01	   3.9938334341709170e-01	   3.2820468040494333e-01	   3.7052051090028615e-01	   5.0379633520506606e-01	   1.7851565878117165e-01	   2.4311637068620878e-01	   1.2828251111589170e-01	   1.8819985090630928e-01	   3.1217891656327812e-01	   3.4488126048485290e-01	   4.3143552382517353e-01	   4.0213633156329731e-01	   3.8636730562744925e-01	   3.7520110258922301e-01	   1.4221953234219212e-01	  -6.8655073750387291e-02	   3.5207596203198316e-01	   3.7310976102647797e-01	   6.6151540519738866e-04	  -9.1256404729836926e-02	   5.9412736279534162e-01	   5.4401672737642448e-01	   3.6657706048627592e-01	   3.3948238695999189e-01	   7.8855001426971305e-01	   5.1044621284427683e-01	  -3.6585215997134102e-01	  -3.2395744079159061e-01	  -2.2904206862886298e-01	  -2.3830920800650202e-01	   3.0725878982765464e-01	   2.5845098727563315e-01	   6.2121645407748094e-01	   5.7375442947514588e-01	   3.0111425043353035e-01	   5.0527938687290630e-01	   4.6337432153402131e-01	   4.3918054088680658e-01	   4.6737882346093163e-01	   2.8873087503165429e-01	  -4.1921611106034701e-01	  -2.3469662256326140e-01	   1.7054717574207040e-01	   1.0407506765668535e-01	   3.4403394279883492e-01	   3.7888018494316289e-01	   3.3808663463797040e-01	   2.0342330363493352e-01	
   4.3378212730040377e-01	   3.7689510403723187e-01	   6.5410181582478333e-01	   6.7871728250793362e-01	   8.2092505705570118e-01	   6.9691375167383884e-01	   7.0533038326710873e-01	   5.9942549914474985e-01	   0.0000000000000000e+00	   6.4264905570940856e-01	   4.3883801945397438e-01	   3.3007158350860566e-01	   6.1882663835010954e-01	   2.6370816961962895e-01	   7.5451412585763522e-01	   4.9715924827236807e-01	   1.6722624859183252e-01	   3.0618600904318816e-01	   4.0803833455255673e-01	   4.0823737364570190e-01	  -1.1160801766599403e-01	   1.2313546732425186e-01	   6.3426407672296825e-01	   6.1421290821182972e-01	   1.7131891256648696e-01	   1.6614843202243043e-01	   4.4154162383285872e-01	   4.7069210273911594e-01	   2.3951244207246131e-01	   1.7492712983548797e-01	   3.5304554806455324e-01	   4.5064916065615029e-01	   3.9737774050715846e-01	   3.9092409537381984e-01	   1.4926756396696270e-01	   9.8768741583600397e-02	  -1.0487144209734911e-01	  -2.3686248608623994e-01	  -2.1103998096959853e-01	  -2.8768060451570393e-01	  -3.3517181978409361e-01	   9.4237552135720493e-02	   1.9035105030511207e-01	   2.0984265635612812e-01	   3.0170200107230594e-01	   3.6336902544874949e-01	   1.2853346226842779e-01	   1.7104689263525796e-01	   3.6957681816690990e-01	   3.3985155267848893e-01	   3.7088513489664399e-01	   4.0644460417543077e-01	   2.9325329507027520e-01	   3.0312595795114228e-01	   2.5601939863609247e-01	   1.8457091325260161e-01	   3.6857655830309649e-01	   3.4887512673453208e-01	   6.5877111673787025e-01	   4.5287747094860065e-01	   7.2621565069265137e-01	   5.7280168783595098e-01	   3.1688069248591710e-01	   3.9447509441873685e-01	   4.8118997969889676e-01	   4.4557059360950191e-01	   4.7828128427960825e-01	   4.0437728830996916e-01	   3.3479522231984582e-01	   3.4305862784945640e-01	   1.1421813178558143e-01	   1.9694121815365934e-01	  -4.3022039061476766e-02	   1.3944614671946621e-02	  -4.8339196418838840e-02	  -1.2037646883782424e-03	   2.9137044118971162e-01	   1.4625276619341207e-01	   3.4163967246484395e-01	   4.2475232167736598e-01	   1.9907527861334023e-01	   3.1703093996617998e-01	   2.3727853710397767e-01	   2.0279819588476479e-03	   3.6934011727096061e-01	   4.1127750384133088e-01	   1.6617236103297468e-02	  -3.1749697388015405e-03	   5.7620019870397721e-01	   5.2260426207881039e-01	   4.5645388440760443e-01	   4.3990084562147219e-01	   6.7427703029961239e-01	   5.1386629016919361e-01	  -3.9421800181170441e-01	  -3.5686173301653956e-01	  -1.4972961548778599e-01	  -1.2383884184973691e-01	   2.9465084971840105e-01	   2.4490690983205013e-01	   3.9558850913182320e-01	   4.5810321622709116e-01	   2.0816247783775915e-01	   3.8939587457498626e-01	   2.4342925525240072e-01	   2.7592685328364130e-01	   1.9092072622639375e-01	   8.7974360047093539e-02	  -3.9475586256426903e-01	  -2.5528371470456673e-01	   2.4866388171065801e-01	   3.2104392648072244e-01	   4.3692413938468522e-01	   3.2703280229053822e-01	   1.5879773824249632e-01	   5.3113846786336946e-02	
   4.0384235173742822e-01	   3.5288149493542265e-01	   3.7333801206897699e-01	   6.3342468762599469e-01	   6.3792059049160743e-01	   8.1687656357296601e-01	   4.8730444448009846e-01	   7.1112134370351265e-01	   6.4264905570940856e-01	   0.0000000000000000e+00	   3.7345221961603214e-01	   4.3934192937105543e-01	   4.5572877533692924e-01	   5.6505519637103052e-01	   4.7546092638802645e-01	   6.7032012976417055e-01	   2.2496831969337322e-01	   3.2865534250376299e-01	   3.9598279045810647e-01	   3.8535621870080761e-01	  -1.4174741733727542e-01	   1.7373600611514139e-01	   3.8088784444982027e-01	   5.1126059017477499e-01	   8.0515055587037504e-02	   1.8828306685746288e-01	   3.7953320025533610e-01	   4.4509548393125115e-01	   2.5095837924148356e-01	   2.8362086779485440e-01	   2.7105939359576237e-01	   3.7881840613557105e-01	   2.3325232759659326e-01	   2.5653297181737178e-01	   1.7965400923556259e-02	   9.9075698763759143e-02	  -1.5071596848000074e-01	  -1.4707352517540623e-01	  -5.0935472581557351e-01	  -2.7968797280515345e-01	  -2.9962826110655710e-01	   1.9385095620395409e-01	   3.2627586196199582e-01	   3.4738217858729981e-01	   3.4704795010305201e-01	   3.9683847139409484e-01	   2.7036338881687583e-01	   3.1426814289660998e-01	   3.2690529851812233e-01	   3.3107133444572279e-01	   3.9332825104386937e-01	   3.8414002464839025e-01	   4.0402949531789173e-01	   4.3879374117946113e-01	   1.7802602276252588e-01	   2.4714164679064293e-01	   3.4941843738246736e-01	   2.9762892408607555e-01	   4.2608225046889214e-01	   4.3242772054716710e-01	   4.8906004274185766e-01	   6.8734445098382502e-01	   2.6731853400151429e-01	   2.7540072171737673e-01	   2.2814528525419348e-01	   4.5474728363209393e-01	   3.7534477345024159e-01	   3.8645093589868246e-01	   4.2399921121949830e-01	   3.7876292262602340e-01	   2.1792890107767815e-01	   3.6648863789851505e-01	  -3.1129117398855162e-02	   9.5540384296077405e-02	  -1.8880217863488941e-02	  -2.6470477070692579e-02	   1.2178023146145905e-01	   1.8387968807488994e-01	   4.3839249324378193e-01	   4.4154121336689961e-01	   2.9093124757006616e-01	   3.2246631339953097e-01	   1.0632690101154424e-01	   3.6373600847229876e-02	   2.3818244435810518e-01	   3.3559562327025216e-01	  -1.3259899799209157e-01	  -1.7817826622654961e-01	   3.4511110213902679e-01	   4.9005145118029336e-01	   4.1753174072899413e-01	   4.2606812587474713e-01	   5.9261085617325726e-01	   3.4532983194260780e-01	  -5.4243565224933821e-01	  -5.2724970281072836e-01	  -2.5481848079463965e-01	  -2.3105019844230862e-01	   2.1352714241391152e-01	   2.1776528765552755e-01	   2.1024043373824411e-01	   3.2937503058705098e-01	  -7.3538227260449814e-03	   3.3747114019007241e-01	   1.7197505106313998e-01	   2.1584237736146747e-01	   7.7321611086089953e-02	   2.5869199800094885e-02	  -5.1354814147855243e-01	  -1.4073866331334225e-01	   2.9436912083004929e-01	   2.5084276972481379e-01	   3.9383898313287508e-01	   2.4459135666397158e-01	   1.3790465257335585e-01	  -1.7245802417630812e-01	
   6.9949989711235738e-01	   6.4093716256122746e-01	   5.3028322255660010e-01	   5.4782883056166187e-01	   4.9600673576360521e-01	   3.8327319565855689e-01	   6.6968673854828575e-01	   5.3654400430452864e-01	   4.3883801945397438e-01	   3.7345221961603214e-01	   0.0000000000000000e+00	   7.0627108344090117e-01	   8.5946816664866188e-01	   6.4063102598964650e-01	   5.3876317381019589e-01	   3.9104220866840300e-01	   6.3739981483727048e-01	   6.6589205808480401e-01	   6.7342626741952538e-01	   6.5938248245997455e-01	  -4.9425309940079924e-02	   2.9393153875474454e-01	   5.0068777048542734e-01	   4.3795301570544554e-01	   2.1077528198515438e-01	   1.5061095153442788e-01	   3.6774303470187941e-01	   2.9049082649138241e-01	   6.4532995906772217e-01	   4.8992934230696850e-01	   5.1562503684879890e-01	   5.2068773698499238e-01	   6.9432841210091800e-01	   6.9227267214412835e-01	   2.5129591525758993e-01	   1.5386798515992056e-01	   1.4744072226410720e-01	  -2.2668470299297239e-01	  -1.7011319883800477e-01	  -9.8500492683293639e-02	  -6.4232870228663280e-02	   4.6185608566661318e-01	   1.2558673018319408e-01	   1.8843596484876984e-01	   4.5874235371700700e-01	   4.5922075980488958e-01	   2.4028750615759958e-01	   1.1356818099266613e-01	   3.1396992509193833e-01	   3.4794322166929714e-01	   3.1131851364074631e-01	   3.1066830059877915e-01	   2.2923983143428817e-01	   2.5351563906534491e-01	   5.9197061447869281e-01	   4.1321582735317547e-01	   6.0695532561047094e-01	   6.0304103512190088e-01	   3.9353052995364501e-01	   3.5979441660555345e-01	   6.0025528072308687e-01	   4.8243418775223890e-01	   7.2871496529135116e-01	   7.4570791202251230e-01	   3.6669883292704181e-01	   3.2927644429336761e-01	   4.0709606977919122e-01	   3.1546853141525261e-01	   4.9004163559812314e-01	   3.3721861204767889e-01	   1.7657925642218802e-01	   2.1583723444131139e-01	   4.3785231659142798e-01	   3.9309825241619867e-01	   2.9252313798631452e-01	   2.6696614863675111e-01	   1.6269151562753256e-01	   6.0611090420645455e-02	   5.4480673080341935e-01	   5.8404919583387027e-01	   6.3866190452282612e-01	   5.7720517976566565e-01	   4.8577376809713191e-01	   1.6966182051854791e-02	   6.2407523767199913e-01	   4.6329956410401751e-01	   5.2904079691875039e-01	   2.1593090847199981e-01	   6.1404356039068020e-01	   6.2323778272881936e-01	   1.6671547419171351e-01	   1.4586748062461963e-01	   3.7950991466432765e-01	   4.0885258985430928e-01	  -3.1969421164746453e-01	  -2.7093592278743589e-01	   4.9552168779702283e-02	   4.0506935341704832e-02	   4.4696113511245772e-01	   4.2419278234007574e-01	   5.3018169967152728e-01	   5.7851581225211202e-01	   5.4446949092183794e-01	   6.7304459570563768e-01	   5.5535883670827668e-01	   5.7559920340384108e-01	   5.4907132812101256e-01	   4.7215920228903741e-01	  -4.3337340120754725e-01	  -3.6946292617812843e-01	   1.8377344788992694e-01	   3.4878681202304043e-02	   1.2899612300053623e-01	   4.3237249013179557e-01	   4.0523931751777686e-01	   3.1591754177499765e-01	
   6.6801654911132580e-01	   6.7835538448448829e-01	   3.2626760829384144e-01	   5.6515811655136206e-01	   3.1270593687378712e-01	   3.3707415525069478e-01	   5.2251064836642069e-01	   6.8195884851020860e-01	   3.3007158350860566e-01	   4.3934192937105543e-01	   7.0627108344090117e-01	   0.0000000000000000e+00	   6.3625731254262374e-01	   8.8267578768732968e-01	   2.9885678031446172e-01	   6.5812064708170004e-01	   7.1538405578191699e-01	   7.5195952030278601e-01	   7.1737576474044307e-01	   7.5086595025273706e-01	  -1.4838747351787548e-01	   1.7165744879373326e-01	   4.2374210998679041e-01	   3.7940046644749759e-01	   1.1686168977127762e-01	   1.4966001801938023e-02	   2.0431019117943083e-01	   5.9412510734114965e-02	   7.0420534267747170e-01	   7.3413961348728329e-01	   5.8803837798105141e-01	   5.3777116335295982e-01	   7.2966863874899579e-01	   7.3473785670371239e-01	   9.3100502451843606e-02	   1.3926911546324415e-02	   6.2360830076638570e-02	  -1.7930069184901254e-01	  -3.5388295619021026e-01	  -1.8822443277904455e-01	  -1.4555003063812463e-01	   5.2712103135965482e-01	   9.9800973289189340e-02	   1.3455570788549190e-01	   3.9118356869491633e-01	   3.6091411677379881e-01	   2.4557904023226165e-01	   1.1709380521509266e-01	   2.2770969391325249e-01	   2.8115729619901098e-01	   2.9624160763924978e-01	   2.7926821648511746e-01	   2.8985057893456406e-01	   2.6922283572596828e-01	   5.4136791752758928e-01	   3.7235218682225490e-01	   6.3443565831752169e-01	   5.7335629333482763e-01	   2.1036706142300610e-01	   2.4385284225022896e-01	   4.5498551326632686e-01	   5.0197086103653743e-01	   7.6395562788308480e-01	   8.0832338601292808e-01	   1.3690718442854499e-01	   1.8863829151209796e-01	   2.4963707161052912e-01	   2.2821476530120954e-01	   5.0495348725979483e-01	   3.7997580369563660e-01	   3.6684927673484891e-01	   3.8700199242983313e-01	   4.0179293007256289e-01	   5.6708011443412965e-01	   3.0838019071064693e-01	   3.7049627294763110e-01	   3.2577617296708633e-01	   3.2240143150506217e-01	   6.2449345713027138e-01	   6.0193440211487137e-01	   7.2422348991413066e-01	   6.5461744198731486e-01	   3.7981735464558797e-01	   1.2925036102164697e-01	   4.6865192362782382e-01	   4.5708855961575590e-01	   2.2192661511908526e-01	   4.4542718514056577e-02	   4.2355171778944667e-01	   4.5576898824545686e-01	   1.1147666325005390e-01	   1.0110553189049047e-01	   3.9922703113748387e-01	   3.0926504180467540e-01	  -3.7787837557904436e-01	  -3.7254891814477686e-01	  -4.6239827984387603e-02	  -4.7147678980735172e-02	   4.5386133927074440e-01	   3.5743975739931766e-01	   5.8429033352625503e-01	   5.3019036596693014e-01	   4.4866310002896920e-01	   6.5881936795768392e-01	   4.9169778746769333e-01	   5.1879918930766677e-01	   5.0245108783731318e-01	   4.0781898365619729e-01	  -4.7309388641556255e-01	  -2.4244791876036648e-01	   2.0516677266427130e-01	   7.5836476207498935e-02	   9.3240393788583689e-02	   3.1181603557734616e-01	   2.7388469150884825e-01	   1.4322651142339116e-01	
   5.5098669641934883e-01	   5.0654805028632111e-01	   6.0176925654990399e-01	   5.9906604291016374e-01	   5.8923543578750004e-01	   5.3136323187015233e-01	   7.1135805805581132e-01	   5.7666951385136833e-01	   6.1882663835010954e-01	   4.5572877533692924e-01	   8.5946816664866188e-01	   6.3625731254262374e-01	   0.0000000000000000e+00	   6.2926864491438439e-01	   6.9680301272852674e-01	   4.7712725033437581e-01	   4.0780626420338056e-01	   5.0969329597183610e-01	   5.6500034643862851e-01	   5.7146824842277966e-01	  -3.1758228898712618e-02	   2.5273221663808920e-01	   5.9846979170539971e-01	   5.7558418677564083e-01	   2.1199941487818089e-01	   1.7510396019669844e-01	   3.9382594725545228e-01	   3.6605884021078616e-01	   5.4331233735558659e-01	   4.2259133372986019e-01	   5.1430227887446689e-01	   5.5771420482419276e-01	   5.7302786382276139e-01	   5.7231107768978817e-01	   2.1281701199876368e-01	   2.0201317454334744e-01	   1.0181828979829521e-01	  -1.5780981893946638e-01	  -2.2226816122526566e-01	  -1.5307245824673735e-01	  -8.6727229640792644e-02	   4.8577891955845270e-01	   1.4140019688531558e-01	   1.8797815218476224e-01	   4.1020958911264344e-01	   4.1615153860687248e-01	   1.9395564840761398e-01	   1.4795640782819811e-01	   3.4852795743879195e-01	   3.8196973186610567e-01	   3.7150141747929943e-01	   4.0751331826510029e-01	   2.7088953333156279e-01	   2.9819115615335767e-01	   4.6408206211725628e-01	   3.4095449666199990e-01	   4.5542579972374875e-01	   4.5510228335687442e-01	   5.5614398458384073e-01	   4.0318144871802791e-01	   6.7947978686810528e-01	   4.9869549223372384e-01	   6.1033587879773776e-01	   6.2018370163018111e-01	   4.4429469980870068e-01	   3.8331075688409511e-01	   4.2034243942977922e-01	   3.3103006393305662e-01	   3.8829594010463242e-01	   2.8831218554751648e-01	   3.2451937585233254e-01	   3.4316038391718434e-01	   4.1927164137561723e-01	   4.0600149511819855e-01	   3.5072605448621791e-01	   3.4755732430128561e-01	   3.6298694931795272e-01	   2.2319199191104283e-01	   3.8299507579137504e-01	   4.7208972087184609e-01	   4.5938557097200361e-01	   4.5589413509163518e-01	   4.0019911573459926e-01	  -6.2132399842251794e-03	   5.6430783316759880e-01	   4.9242123347916322e-01	   3.7632681843215610e-01	   1.7106321856731851e-01	   5.6495307144123996e-01	   5.5863023453232508e-01	   2.6618694800773213e-01	   2.7043172178947261e-01	   5.2661244420329800e-01	   4.9032238791658955e-01	  -3.9314578574068587e-01	  -3.5493915387518105e-01	  -2.2134829973121637e-02	  -7.8528814976349171e-02	   4.3844443842356073e-01	   3.7241971133116225e-01	   5.1668918469567016e-01	   5.8121812017121899e-01	   4.4430305492398303e-01	   6.0697625383581233e-01	   4.8613168861826872e-01	   5.1053367072350808e-01	   4.6325815832630884e-01	   3.7244889674190051e-01	  -4.6589863903878792e-01	  -2.8986913744991477e-01	   2.4415141296963361e-01	   2.0878154740045934e-01	   2.4100615232774120e-01	   4.0146076718809687e-01	   3.3542715665714296e-01	   1.5092670405060646e-01	
