   0.0000000000000000e+00	   7.7368910035043303e-01	   6.9959443982570396e-02	   1.7558859860040202e-01	   7.2611342583143196e-02	   5.3705913402512656e-02	  -8.6711604891760816e-02	  -3.4316961840132665e-02	  -3.2617695634719779e-01	  -2.8972337485339650e-01	   3.9334085893336607e-01	   7.2960766737297608e-02	  -1.3294016932041369e-01	   7.4867868314348371e-02	  -7.2617452007740474e-02	  -5.1485005090683822e-02	   6.0460833764141086e-01	   4.6585464606935667e-01	   7.0101024551338620e-01	   5.2475236844477713e-01	  -9.7101409979300890e-02	   1.3158677669966995e-01	   4.8856492173756011e-02	   5.0566244704802255e-02	   1.2448458796469418e-01	   9.2138249097913183e-02	   2.5596036510662812e-01	   1.6630065627723695e-01	   1.0797599271770014e-01	   1.1200825312054977e-01	   1.9161220455646774e-01	   1.7103655898010087e-01	   3.7191344483299049e-01	   3.1389367153834058e-01	   9.5025547151827816e-02	   3.9064516648844097e-02	   3.2508229423838420e-01	   2.3115267803664979e-01	   2.9963262665504331e-01	   5.0952973579948690e-01	   3.6868981963811492e-01	   4.2211879766299998e-01	   1.1734036349282922e-01	   1.4085413116587001e-01	   2.1234901313553912e-02	   1.2591218333047016e-01	   1.6392527658751088e-01	   2.2534370946839494e-01	   3.8149170127579249e-02	   2.7843199808590824e-01	   8.8505791459480343e-02	   3.2460053247584675e-01	   3.2314482818206480e-01	   4.0535495226883872e-01	   4.4749520567325329e-01	   4.8048697473757684e-01	   8.9343435583609399e-01	   6.9480003624449982e-01	   1.4430403257531349e-01	   2.3975984101489470e-01	   1.0708262845310710e-03	  -1.3076015032470592e-01	   7.0158154260023187e-01	   4.0930745056484635e-01	  -2.4770692654569648e-01	  -1.4429837864041917e-01	   9.1101871680417779e-02	   1.3009203126898106e-01	   5.3466899194990236e-01	   4.9288034251944779e-01	  -5.0479920589539921e-03	   1.0874959750124394e-01	   1.8587463950738692e-01	   3.8344193388078240e-01	   2.4857724391034608e-01	   3.2488970890308405e-01	   2.8898909290377239e-01	   2.0285568033198562e-01	   2.8969602098346048e-01	   2.8210483566473377e-01	   5.4878830366056808e-01	   4.5605173738107285e-01	   4.1354223993645506e-01	   2.5502740610796565e-01	   3.2501975809950384e-01	   3.7423744955407334e-01	   3.7785475702633919e-01	   2.7836435657139746e-01	   9.8378596428487869e-02	   3.4713840733953394e-01	   1.9764142712790600e-01	   2.2933151553276607e-01	  -9.0848424568690227e-03	   1.3425012046944584e-02	   1.9856451806389752e-01	   2.5917732628434459e-01	   2.2702919036048314e-01	   3.7113114745635173e-01	   3.2499426249275248e-01	   4.0514532573532858e-01	   2.4115799124612057e-02	   8.4382621073479505e-02	   3.4331628228416772e-01	   5.1580412855149738e-01	   9.4702169783469348e-02	   5.8749003340661576e-02	   3.2181251321920240e-01	   4.0652027578900751e-01	   5.4204399992944605e-03	   1.6860950829852211e-01	   2.1178927469313824e-01	   1.7415878353805314e-01	   4.0162734455720335e-02	   3.3875649147642689e-01	   6.0542930020325417e-02	   4.8266804866070198e-02	
   7.7368910035043303e-01	   0.0000000000000000e+00	   3.0554383109108019e-01	   4.8000176187565236e-01	   1.5190680273409829e-01	   2.1313430632669531e-01	   2.1920298372220312e-01	   3.5826647231061159e-01	  -4.8225687492386454e-02	  -1.9776414070073554e-02	   2.8607245648811186e-01	   3.4550286001325242e-01	   6.9476280433657597e-02	   3.2041988479875833e-01	  -2.6325490841596966e-02	   7.1634974634068677e-02	   4.1803299055541954e-01	   6.1624422453071703e-01	   6.7639742045540174e-01	   7.1572835034470883e-01	   1.8873308486173301e-02	   2.0522053151001862e-01	   3.3906363955130019e-02	   1.0359929610693602e-01	   1.1818412567813233e-01	   1.0846958622744879e-01	   2.0537672773089882e-01	   1.0645766021359265e-01	   2.1002597170608306e-01	   2.9257736243091692e-01	   2.1548595603104659e-01	   1.9799073764788616e-01	   5.6832516690513257e-01	   6.1694902315877909e-01	   5.9019905242089818e-02	   7.9706733064988988e-02	   2.2038258107722308e-01	   1.9336256557264719e-01	   3.7940028157794048e-01	   5.6698198118514898e-01	   3.9648807774308320e-01	   4.7760667884945784e-01	   1.9880705891053779e-01	   2.0529507514867032e-01	   1.2142185956072279e-01	   2.6242229728322047e-01	   2.3691613956138652e-01	   2.7287680320138530e-01	   2.4876774260782153e-01	   4.5882967639019689e-01	   2.8475338395188948e-01	   5.0824397317052250e-01	   4.0584175435830649e-01	   4.4688869363678740e-01	   4.8196494759427499e-01	   5.6479833849529193e-01	   8.9030796233430154e-01	   9.0723371146870502e-01	   2.7007677674916292e-01	   4.0662703599169991e-01	   2.8937156633419880e-01	   1.7839638365394264e-01	   7.3200023627352184e-01	   6.9707421588265306e-01	  -1.0323563463520270e-01	   4.0581823097211339e-02	   2.6942987979563404e-01	   3.1499691859387141e-01	   5.7425005435857257e-01	   6.3922122674048876e-01	  -3.5072442520341210e-02	   1.1242669014990217e-01	   2.2866918082068707e-01	   4.4732113121464157e-01	   2.4523240557571807e-01	   4.5319917998151504e-01	   3.0940128275161516e-01	   3.4582885311906836e-01	   2.6112794892997293e-01	   4.0657557642301562e-01	   5.6125189639402151e-01	   5.4259350150092367e-01	   2.0001408788054631e-01	   2.4104620558503195e-01	   2.6351886690604354e-01	   3.9998322560543192e-01	   1.1740078069840612e-01	   1.2635815620630650e-01	   1.8747373178644075e-01	   4.9740503702383126e-01	   3.4828319472514058e-01	   2.5624167909465900e-01	   1.4294889647495115e-01	   8.2120505823769285e-02	   1.0996235223603668e-01	   1.8359584586188504e-01	   3.1656369813195318e-01	   3.5393822973857175e-01	   4.2693127579008083e-01	   4.1899505190162217e-01	   2.7609799594018225e-01	   2.2167562698255613e-01	   5.3123924498402286e-01	   5.2000816684358320e-01	   2.0335842009635380e-01	   1.4802156581060635e-01	   3.1611607961254828e-01	   4.2973288094847245e-01	  -2.7274563053851997e-02	   1.5293316998953096e-01	   2.3097319283455897e-01	   1.8798157443835986e-01	   1.7097185670307816e-01	   3.0227975577136018e-01	   1.2890614172940277e-03	   1.6793319969883876e-02	
   6.9959443982570396e-02	   3.0554383109108019e-01	   0.0000000000000000e+00	   8.0237571740346181e-01	   6.6438805386046584e-01	   5.8728184944500339e-01	   7.4840437031035301e-01	   6.2562763438279356e-01	   5.9642207960717974e-01	   4.2458592397759032e-01	  -1.7559637945010267e-02	   5.2886514645445970e-01	   4.7189548220967537e-01	   4.8865420613905175e-01	   4.0795999469896976e-01	   3.9724716171903873e-01	  -1.2358537785834456e-01	   2.8491825248028302e-01	   4.5670656212947464e-01	   5.7268526837064426e-01	   3.2786366325894234e-01	   3.1758021607530779e-01	   6.7401133066939090e-01	   6.5610456494596014e-01	   4.4120062673539251e-01	   3.8763992181358309e-01	   5.1603877870297243e-01	   4.3447140246219956e-01	   1.6624647096304407e-01	   2.3339871123388564e-01	   5.2343075003282946e-01	   5.4848000631389715e-01	   6.3466572844656521e-01	   6.4012697940126095e-01	   5.5180014182009784e-01	   5.7485189447453910e-01	   2.1394497797607812e-01	   1.2742552837616886e-01	   3.0524496281547775e-01	   3.1161240564531018e-01	   2.0401778611279769e-01	   2.5411941912594915e-01	   2.7244806013161343e-01	   1.6032522112671008e-01	   1.3039581193794070e-01	   2.0629285049761031e-01	   2.0719080949489985e-01	   2.1259745600171315e-01	   4.3771869592961410e-01	   4.0678376532425109e-01	   7.5606440647269624e-01	   5.6133149734012910e-01	   4.3351114112531108e-01	   3.4708501893080751e-01	   4.9355568009655493e-01	   3.9470920916830560e-01	   2.5907529445012023e-01	   3.2732696335151534e-01	   7.5064427739107975e-01	   4.4165072195919902e-01	   6.1702777856901603e-01	   4.1472920669562902e-01	   2.9623512926516288e-01	   4.7840183369812972e-01	   7.4200352723583696e-01	   6.9443603062777748e-01	   7.2506218473113260e-01	   6.8953130896844772e-01	   3.1244821207552487e-01	   3.7963341383855809e-01	   2.9671755314818715e-01	   4.1146803818667221e-01	   3.2607101196272692e-01	   3.4368355599103317e-01	   2.8495187706987612e-01	   4.8475557672004266e-01	   4.2977089658917988e-01	   3.8047508985767531e-01	   2.5964228097166552e-02	   1.8013676489801289e-01	   1.6344315249246649e-01	   4.0239751642746502e-01	   2.3038312460623622e-01	   2.9659004005926470e-01	   5.2078957614452648e-01	   5.8389736224162425e-01	   2.8976132105819158e-01	   3.3166340921430826e-01	   7.3338444541300474e-01	   5.8133553883396316e-01	   6.2977420213834900e-01	   4.8655954063735263e-01	   6.4507051818007044e-01	   7.4922224338633669e-01	  -2.9794306621717725e-01	  -2.7523086546323139e-01	   1.4004537649962337e-01	   1.0903574846929699e-01	   3.0600979383482579e-01	   2.6458758977453400e-01	   6.4774864010674083e-01	   6.6371099358548380e-01	   4.5182265208639222e-01	   3.3357733819688584e-01	   4.6625429421086534e-01	   6.0354792687031500e-01	   1.5713074531449950e-01	   3.8049060782662519e-01	  -1.1080828636437157e-01	  -1.9849247990240855e-02	   3.7506372806404220e-01	   1.1703222524703814e-01	   4.4525572691255405e-01	   6.1202488049517327e-02	   1.1969271643216836e-01	  -3.6659162263010733e-02	
   1.7558859860040202e-01	   4.8000176187565236e-01	   8.0237571740346181e-01	   0.0000000000000000e+00	   5.4766722760056807e-01	   6.3953744846380056e-01	   6.5600899729698181e-01	   7.8696264303277808e-01	   4.7350429111172909e-01	   4.9773934886771054e-01	  -9.4792844375341211e-03	   6.8657604091616609e-01	   4.5912826141347429e-01	   5.9900949071763199e-01	   3.1350026842426781e-01	   3.9712429380475006e-01	  -1.1649703394504016e-01	   3.3756430923788949e-01	   5.3355639617054751e-01	   7.4976685551989564e-01	   2.1399240329221009e-01	   3.0917672736649321e-01	   5.7153813241455109e-01	   7.1419211141973427e-01	   3.0639266198999116e-01	   3.1072912990953150e-01	   4.4368225611882850e-01	   3.8114510807192215e-01	   1.6239631502818327e-01	   2.8139366640608376e-01	   4.1335084847145614e-01	   4.7894772276674530e-01	   6.5569085347256195e-01	   7.1523534613890860e-01	   4.6519051877573936e-01	   5.3994749195667024e-01	   1.3166797711140113e-01	   1.7345766963268233e-01	   2.9212816008338122e-01	   4.6441237042337402e-01	   1.8856159268165032e-01	   3.5255950447287160e-01	   3.0737144022654472e-01	   2.1251534852851056e-01	   1.5799039827870584e-01	   3.1987447467875912e-01	   2.4089068791051035e-01	   3.0432945408413531e-01	   4.9373930666699262e-01	   6.5737111058807163e-01	   7.8761435223156462e-01	   7.5279343608136695e-01	   4.5516738063833473e-01	   4.0466585233379948e-01	   5.4457140393607806e-01	   5.6203124068805699e-01	   3.8887192192822184e-01	   5.0806344197527209e-01	   6.7363063124783173e-01	   6.6337204898968438e-01	   5.6823200046367217e-01	   5.7132346407915424e-01	   3.7610396136484936e-01	   6.3129961516986755e-01	   6.0245780537583515e-01	   6.9894043724607102e-01	   6.8436898907098709e-01	   7.6594259117787644e-01	   4.1303405213985755e-01	   5.5007163983639618e-01	   3.9079579826916920e-02	   3.4124876799720338e-01	   2.2293009843317507e-01	   3.5224043854948450e-01	   1.5765905755054477e-01	   4.7004211497968373e-01	   3.2171152984536527e-01	   4.1614882604542786e-01	   3.5530502040042877e-02	   1.9290334669375764e-01	   2.4001522846318080e-01	   3.4887916552284881e-01	   2.2307236358216981e-01	   2.8928821086026812e-01	   4.8243546364020129e-01	   5.9168091353155927e-01	   2.2218883751110130e-01	   2.8349443666011653e-01	   6.2791039487068334e-01	   7.5422718525383470e-01	   7.0162692963031725e-01	   4.8685199693020359e-01	   7.3719157440843552e-01	   6.3563918487820614e-01	  -1.9121380716820902e-01	  -1.8623691833524408e-01	   2.3758885737511568e-01	   2.2314597661327312e-01	   4.0005453814661884e-01	   3.6154170677110076e-01	   7.1230206390238160e-01	   5.3765987144276606e-01	   5.1386952143951259e-01	   3.5059716573289940e-01	   4.5595414610246277e-01	   5.2571095074011631e-01	   2.5397684806268822e-01	   4.3614354429171420e-01	  -1.1866494905055848e-01	   6.8285509809437539e-02	   3.7266685197401250e-01	   1.7813604837690991e-01	   4.4815951617691563e-01	   1.7500936086461907e-01	   1.6516427450866328e-01	  -4.8874132829855463e-02	
   7.2611342583143196e-02	   1.5190680273409829e-01	   6.6438805386046584e-01	   5.4766722760056807e-01	   0.0000000000000000e+00	   7.9298333082836792e-01	   4.9176117590735391e-01	   4.0915894659366459e-01	   6.0428127961859035e-01	   4.9670882876682176e-01	   5.2032752879046788e-02	   4.0812520139375152e-01	   4.6395816981875748e-01	   3.6305665145003857e-01	   4.4939032122641132e-01	   3.8619398134060767e-01	  -1.2536043555278539e-01	   1.7478211206393748e-01	   2.9053387589042606e-01	   3.3563664769414187e-01	   3.7260933682103492e-01	   3.2972509381912862e-01	   5.6899549679893680e-01	   5.4965718557864607e-01	   2.7688948169873140e-01	   2.9052205429650013e-01	   5.5339818397077534e-01	   4.6589747683056681e-01	   1.8064720176836754e-01	   8.6021869149214947e-02	   2.7122687854036398e-01	   3.1651060164372063e-01	   4.0223563964823261e-01	   4.0269211318346154e-01	   3.5781632103392191e-01	   4.2379084471244083e-01	   2.7187802815599527e-01	   2.1015668793706468e-01	   3.7678204033845564e-01	   3.9497281841765342e-01	   2.4576559037216092e-01	   2.7083355052117153e-01	   1.7197828726244249e-01	   5.0323138296020420e-02	   2.0087050599446866e-02	   8.8617251308541964e-02	   1.6604851891981909e-01	   1.2530597741182523e-01	   2.7482292670098962e-01	   3.0975226934169692e-01	   4.9892164238748865e-01	   3.4960835282443015e-01	   3.2172532006342480e-01	   1.4733015003308364e-01	   4.4850071297765415e-01	   3.3945441893403910e-01	   1.9378622470104681e-01	   2.1442150435784796e-01	   5.4517132140578606e-01	   3.8049778049693767e-01	   5.0247772725919138e-01	   4.4174420878485343e-01	   1.5583119720344188e-01	   3.0561511033577815e-01	   6.8826424606579062e-01	   6.1834734606925279e-01	   4.4868072260739827e-01	   4.3460511309414618e-01	   1.6737264669181018e-01	   2.5858670613065282e-01	   2.6301878395175760e-01	   4.5531172474710402e-01	   3.1413773903271675e-01	   2.8370563490750067e-01	   3.7026010278857058e-01	   4.2528791806528676e-01	   3.8620605658920282e-01	   2.8408921749284433e-01	  -1.4173064965227553e-01	   1.2700979862659056e-02	   7.3638374589636429e-02	   2.8484208986563986e-01	   3.3571165191718710e-01	   2.9389474890021849e-01	   5.2954059769125794e-01	   4.2938224253945173e-01	   2.9037421327093821e-01	   2.3882927193439235e-01	   7.3949411451885161e-01	   5.4015422933303192e-01	   5.1891418996480010e-01	   3.8774946018103662e-01	   6.3424887558331089e-01	   5.8648518586688470e-01	  -1.2731381306484144e-01	  -6.9143922813410766e-02	   1.1963614446833588e-01	   2.0545292545817906e-01	   2.4579935105883274e-01	   2.4268527355641092e-01	   4.9198953824626801e-01	   4.2382509906461574e-01	   2.4403650430436968e-01	   8.3006422823977993e-02	   2.2088352221149127e-01	   3.3362550608389524e-01	   7.7590721448614411e-02	   1.2486189037228490e-01	   8.9487322402524619e-02	   3.2610307309837001e-02	   1.6135259517856981e-01	   3.5013949559737530e-02	   4.1509678449105114e-01	  -3.7702445642660898e-02	   6.4259015276214609e-02	   2.0437357765648284e-01	
   5.3705913402512656e-02	   2.1313430632669531e-01	   5.8728184944500339e-01	   6.3953744846380056e-01	   7.9298333082836792e-01	   0.0000000000000000e+00	   5.0408612394916430e-01	   5.9103209699607240e-01	   6.3644644398758410e-01	   7.1706451697256957e-01	  -1.1582171507281436e-04	   5.3483796144882756e-01	   4.7889297092790462e-01	   4.3311625779295537e-01	   4.4782102921421529e-01	   4.9278005739191577e-01	  -2.3275433800126838e-01	   5.9829857856509780e-02	   2.9130792978188313e-01	   3.9641281201515388e-01	   2.6643259344801062e-01	   3.7775711894660652e-01	   4.6958853532728240e-01	   5.5692693514329128e-01	   2.7191421855623288e-01	   3.5104967635203654e-01	   5.0852400653163099e-01	   4.8379161764868661e-01	   2.9636641895919918e-01	   2.0072791698262582e-01	   2.9762590962682234e-01	   3.6996422628055919e-01	   3.7728344043621542e-01	   4.2838061837340685e-01	   2.5964479373913885e-01	   3.8095833021759784e-01	   8.5081623009569202e-02	   1.4526395021268756e-01	   2.3673921631266520e-01	   3.5192737572516580e-01	   1.8139482664561307e-01	   2.5543509161969175e-01	   1.4792285545804526e-01	   2.7719917008225625e-02	   3.6037464994101001e-02	   1.3320869858089696e-01	   1.2251271806609640e-01	   1.0359860660116833e-01	   2.9822280291170361e-01	   4.0661381334254909e-01	   4.6190854033320222e-01	   4.1716329613422920e-01	   3.6281252141038511e-01	   2.4514301952970119e-01	   3.4132853303881594e-01	   3.3307101867371736e-01	   2.1832171578803122e-01	   3.1829396209002575e-01	   5.5457055116282639e-01	   5.8034374753592000e-01	   5.3944965253712784e-01	   6.6299927621834298e-01	   8.5547446006331379e-02	   3.3145360642119187e-01	   5.6138379039360298e-01	   6.3283123526159368e-01	   3.6516499969018651e-01	   4.3414565999865257e-01	   2.1708036126979494e-01	   3.6320234364164850e-01	   1.7144725916327913e-01	   4.2835690460914699e-01	   2.8165573693050755e-01	   2.9285627463031605e-01	   3.0023741355047406e-01	   4.8381583082467905e-01	   2.8814212337316492e-01	   2.8782850107167668e-01	  -3.2797387988584857e-02	  -1.9759685953789775e-02	   7.2313346719445629e-02	   1.0960817873795098e-01	   2.5832666177776664e-01	   2.8057630712480358e-01	   3.7603765286825308e-01	   3.3286396843089749e-01	   1.7118859903978023e-01	   1.8747186712702413e-01	   5.8906347044655116e-01	   6.6526155219585270e-01	   4.9582392162876265e-01	   3.3062885299985983e-01	   6.5365100639957874e-01	   4.6906300813952095e-01	  -2.8412485123469078e-01	  -2.2247784825875871e-01	   2.8036065648578183e-02	   8.7430555212445457e-02	   1.5753986128153044e-01	   1.7159679305938624e-01	   4.8155410938443277e-01	   3.5971058416131796e-01	   1.3651402067674318e-01	   1.4918855052234892e-02	   1.1477893427072647e-01	   2.3062132574767297e-01	  -6.1804779124958853e-02	   5.8904721191127420e-02	  -1.5019740912866980e-02	  -4.4751783845829202e-02	   9.5206117604063528e-02	  -5.4197691029885420e-02	   3.7008083336187814e-01	  -1.4299557215152511e-01	  -7.7707364102391374e-02	   1.5155637034637826e-01	
  -8.6711604891760816e-02	   2.1920298372220312e-01	   7.4840437031035301e-01	   6.5600899729698181e-01	   4.9176117590735391e-01	   5.0408612394916430e-01	   0.0000000000000000e+00	   7.9158649449791674e-01	   6.6381512818883048e-01	   5.3243718574338095e-01	   2.0723495286095586e-01	   6.4790263961039229e-01	   6.6813023660927240e-01	   5.6179698155820623e-01	   5.2967587311245834e-01	   3.8689485321239159e-01	  -2.7436035793665381e-01	   1.7126712164755220e-01	   4.1331508954766460e-01	   5.4121850152829110e-01	   6.9965575603780861e-02	   2.3710320389723892e-02	   3.2760252397391570e-01	   3.7069778254770980e-01	  -1.2564310828324898e-01	  -1.2703203729718712e-01	   7.9717505898388205e-02	  -5.3831907978111423e-02	   2.9503587011994109e-01	   2.5596767780592428e-01	   1.0347978174088474e-01	   1.5225534042165090e-01	   5.1004098229403305e-01	   6.0890410574050469e-01	   1.0098787584083999e-01	   1.3611532047546443e-01	  -8.2728625136197446e-03	   1.4403198655652344e-02	   2.4447967178777258e-01	   1.5249132831458395e-01	   3.5082312730609960e-01	   3.1420341268586394e-01	   6.4131422053529036e-02	   7.4472624534925594e-05	   4.4474629347923768e-02	   1.6710650604603650e-01	   8.1949246286161292e-02	   4.5143916029998052e-02	   4.5140531814346657e-01	   4.0075323516437633e-01	   6.0452712975617973e-01	   5.2485442372814428e-01	   4.8805930164437633e-01	   3.1831366757848611e-01	   4.7235400196189248e-01	   4.0616597590868725e-01	   9.7871486249047374e-02	   2.5228166828185161e-01	   6.1184429590270972e-01	   4.6908863399037515e-01	   8.5036220571387144e-01	   5.7930498616716775e-01	   2.0618183915382843e-01	   5.8110053025821407e-01	   5.0958431065149123e-01	   4.0031361048340919e-01	   5.0377594767143430e-01	   4.8314471503863521e-01	   9.2752655052749364e-02	   2.3208403506054451e-01	   3.4803075517312937e-01	   3.7773798197720582e-01	   4.3759342818181213e-01	   3.7656444202448769e-01	   3.5483122268435041e-01	   5.4247761348873835e-01	   3.0126440503115937e-01	   2.8864663842381266e-01	  -1.8214832775354317e-01	  -5.8455211114136957e-02	  -1.1629318762855290e-01	   1.6528536733261642e-01	   1.6721592161503449e-01	   1.8243793450010573e-01	   2.8102887944771660e-01	   3.4575743474962239e-01	  -4.2259433036927654e-02	  -3.5656890178607153e-02	   5.1122111352246380e-01	   6.0228316881068722e-01	   6.8831264941233394e-01	   5.5346514782194101e-01	   6.5346158933703369e-01	   6.5769522914850631e-01	  -2.1639207546783698e-01	  -1.9673028033141909e-01	   3.1681059490092138e-02	  -4.5447304771439906e-02	   3.6567059792946865e-01	   2.8143203038764408e-01	   7.4119947089198956e-01	   7.3462685437603870e-01	   4.7394639997364674e-01	   3.0560161274005104e-01	   2.5418103838027117e-01	   3.4081912715020035e-01	   4.5933758933326463e-02	   3.3894486667244506e-01	  -1.1400821451150983e-01	  -1.1680552506175509e-01	   5.4013021907772234e-02	   1.0709589029722261e-01	   5.7152125881183036e-01	  -4.2787076205416878e-02	   3.2404084499458252e-02	  -6.9041719882344914e-03	
  -3.4316961840132665e-02	   3.5826647231061159e-01	   6.2562763438279356e-01	   7.8696264303277808e-01	   4.0915894659366459e-01	   5.9103209699607240e-01	   7.9158649449791674e-01	   0.0000000000000000e+00	   6.4524729888151655e-01	   6.8049059078394014e-01	  -6.1052341721198035e-02	   7.8279464240147112e-01	   4.8364283728532553e-01	   6.8442494613474503e-01	   2.5537580802545645e-01	   3.0735700565765545e-01	  -2.8267157060653980e-01	   2.5874415826624647e-01	   3.4980371363283108e-01	   5.5646397260372038e-01	  -3.1239201488757366e-02	   3.6540761499806840e-02	   2.3697415042348674e-01	   3.9642652166699477e-01	  -4.2042152164028117e-02	   1.6597416508035714e-02	  -6.9709284438460670e-03	  -5.3484552772493317e-02	   1.2951464373322283e-01	   3.1258261900421436e-01	   8.1285075079475633e-02	   1.6981950759139749e-01	   4.4756893683154059e-01	   6.1885622127207407e-01	   4.7446450590500060e-02	   2.0916813267876766e-01	  -1.3519026672149420e-01	  -1.1065038896332102e-02	   1.2512784020208456e-01	   2.0919137820269718e-01	   2.5453375186809618e-01	   2.9649318266353897e-01	   8.1098018810424694e-02	   3.6898747196778610e-02	   9.2493874213081279e-02	   2.5567986275480936e-01	   6.7123013130692771e-02	   8.3700086346368038e-02	   4.2254022789797901e-01	   5.1770893379818161e-01	   5.5802204003155642e-01	   6.0653542742566913e-01	   4.6840779008836420e-01	   4.0046667000203967e-01	   3.5949979252264286e-01	   3.8485372797930756e-01	   1.7127607323494054e-01	   3.7885095705810096e-01	   5.1389895444787237e-01	   5.7672740429553604e-01	   7.3313733158303729e-01	   7.8736900455920855e-01	   1.7929017778319889e-01	   6.5549100419147377e-01	   3.9946119651895329e-01	   4.8634987740734748e-01	   4.1445656862526303e-01	   5.3864076665113236e-01	   1.3398520668410438e-01	   3.2398429945497242e-01	   1.7195057943276526e-01	   3.3679534993536719e-01	   2.6327922153842925e-01	   3.3539655163554472e-01	   1.9231778674222497e-01	   5.1220619255469080e-01	   2.0081899541574422e-01	   2.8936661619441062e-01	  -7.3390814332268822e-02	   6.3804592385062670e-02	   5.7235550877783620e-02	   1.1461754352709014e-01	  -3.1749562429963900e-02	   7.9708007864934941e-02	   1.5075567296493231e-01	   2.4583489133227143e-01	  -1.6194564991809279e-01	  -1.2574206038313412e-01	   3.8752062489337574e-01	   6.2665954275163727e-01	   6.8676360360534960e-01	   4.2401779968613268e-01	   7.1238948332478136e-01	   4.7871321642066789e-01	  -1.9300249564265598e-01	  -1.6541872210536676e-01	   3.8189837805625196e-02	  -1.5417984236440972e-02	   3.4154808533029107e-01	   2.6748619343227398e-01	   7.5282831511862058e-01	   5.2024031908676238e-01	   4.2083210726007292e-01	   1.9693724318292988e-01	   2.1067329481386732e-01	   2.6496489845749910e-01	   6.2068736042255226e-02	   2.2238075795863754e-01	  -2.0395114747291498e-01	  -1.6566398033300234e-01	   7.7156245860577635e-02	   1.0002093904113046e-01	   4.8156231501807256e-01	   2.3338657134323110e-02	  -3.4522307992333164e-03	   2.2123381878125540e-03	
  -3.2617695634719779e-01	  -4.8225687492386454e-02	   5.9642207960717974e-01	   4.7350429111172909e-01	   6.0428127961859035e-01	   6.3644644398758410e-01	   6.6381512818883048e-01	   6.4524729888151655e-01	   0.0000000000000000e+00	   8.6732566438116709e-01	  -2.3353808064375586e-01	   4.9205501417727610e-01	   5.3077652952070309e-01	   4.4665236213043635e-01	   4.6906343008537266e-01	   3.9855819063854203e-01	  -4.7052664265442296e-01	  -2.0846200604413279e-02	   2.6112152415640473e-02	   1.3332889047471796e-01	   1.5406040758650000e-01	   1.1718417707624265e-01	   2.5040106722063427e-01	   3.0258624062728701e-01	   5.7904194184112745e-02	   1.0946704125951079e-01	   4.7393628540440609e-02	   7.5457031199843372e-02	   2.5421526323985235e-03	   1.6647142454840391e-01	   5.6717419906468683e-02	   9.6147632813258027e-02	   1.3599222628152069e-01	   3.2258147440138568e-01	   4.2637855514379069e-02	   2.1187740850647468e-01	   4.0442923565283326e-02	   8.8871663652050722e-02	   2.1151946711663724e-01	   8.1310595265677132e-02	   1.3157402871345339e-01	   1.0499525247138936e-01	   6.8840376155053021e-02	  -4.5092355778421894e-03	  -2.4184864913109012e-02	   5.4403392091352996e-02	   4.1794933620079300e-02	  -1.9128150558764413e-02	   1.8104339218253332e-01	   1.7862140776027435e-01	   3.6884834600108590e-01	   2.2555302973498795e-01	   2.1467553941326989e-01	   4.3014879884283680e-02	   1.7948530459463563e-01	   1.0960082176654981e-01	  -1.7899796360990669e-01	  -3.9545041572330353e-02	   3.5298955182397201e-01	   2.4063211668437770e-01	   6.7712502318784862e-01	   7.1061455727070055e-01	  -1.6104207754178573e-01	   1.7431755393831211e-01	   6.0899033384911982e-01	   5.8753553349376719e-01	   2.0882043094941977e-01	   2.4269192753738927e-01	  -1.4550770781324668e-01	  -2.9549641969345175e-02	   4.1053895948319796e-01	   3.9590182605823726e-01	   1.9016347550394286e-01	   1.4512091048901943e-01	   3.4784214057229096e-01	   4.0640864385958997e-01	   2.2761279506368684e-01	   2.2908582215044299e-01	  -2.6126887750981864e-01	  -1.0389621196909210e-01	  -2.1837192909798503e-01	  -8.0120311976342506e-02	  -3.6602827414177353e-03	   1.3268478079708185e-01	   4.6719555908173782e-02	   4.5990500016300263e-02	  -7.9363404466910398e-02	  -1.0298113226828887e-01	   4.8067984695801041e-01	   3.9206461564668410e-01	   4.7059542930570974e-01	   2.9248488341745121e-01	   5.5212969714052007e-01	   5.1177387433505273e-01	  -2.5259307961384075e-01	  -2.4929415104459213e-01	  -1.0912420728976463e-03	  -9.1957473930002143e-02	   2.2220593480653344e-01	   1.3495858861734528e-01	   5.7124620172876761e-01	   4.2615600217681804e-01	   2.2746607568346516e-01	  -6.8166926328545929e-02	   1.4253502523360012e-01	   2.3011519610090564e-01	  -3.6878782903690760e-02	  -7.1597489262280722e-03	   3.7788107099624657e-02	  -1.1363685855976266e-01	   3.4040068621618805e-02	   4.7984028470739862e-02	   5.3233266747842478e-01	  -7.0323609031360049e-02	   9.7732169063672131e-02	   1.1640756386041279e-01	
  -2.8972337485339650e-01	  -1.9776414070073554e-02	   4.2458592397759032e-01	   4.9773934886771054e-01	   4.9670882876682176e-01	   7.1706451697256957e-01	   5.3243718574338095e-01	   6.8049059078394014e-01	   8.6732566438116709e-01	   0.0000000000000000e+00	  -2.9995612582343045e-01	   5.6144610122079908e-01	   4.5017886417693043e-01	   4.8719615055283505e-01	   4.1109357758649168e-01	   5.2644264063639112e-01	  -4.7950485337936188e-01	  -5.5365635559745247e-02	   3.8310142922529447e-02	   1.7827426656723619e-01	   1.0529026586694820e-01	   1.3189085450541196e-01	   1.8327665804560739e-01	   3.1174325774975026e-01	   3.8431758625325219e-03	   1.1580395902166339e-01	   9.1595123692693858e-03	   7.5816571986025261e-02	   5.3226939190562157e-02	   2.8395366121385807e-01	   1.7695740659880936e-02	   7.9825728014711328e-02	   1.2587977373585249e-01	   3.2860468773072027e-01	  -3.3263911651402647e-02	   1.7198383037905310e-01	  -7.0361179479653563e-02	   1.4475132906462368e-01	   1.4481953434392608e-01	   1.4363445827152790e-01	   1.0980516852609898e-01	   1.9967357834627075e-01	   2.8544238851403999e-02	  -3.4512995339911250e-02	  -5.2573069609219827e-02	   4.7830340749964145e-02	   2.1769187582044443e-02	  -1.8361496346320588e-02	   1.3625086632725258e-01	   2.4190538956196153e-01	   3.0938591560214235e-01	   2.8556280436989212e-01	   2.5316422507489877e-01	   1.5014828338970765e-01	   1.2931418210680307e-01	   1.8192067758415978e-01	  -1.2356144079598239e-01	   5.7238641678026392e-02	   2.9599115867928288e-01	   3.8628864504716065e-01	   5.8936208151443281e-01	   8.1503568646660829e-01	  -1.4805530029029390e-01	   2.1781244500300875e-01	   4.6653447867440478e-01	   5.2311957293585365e-01	   1.3057905117484217e-01	   2.3125526742145058e-01	  -5.6234116526647691e-02	   1.0048430356908798e-01	   2.6716158603042695e-01	   3.8024287391138978e-01	   1.3984345598633779e-01	   1.6238733506959513e-01	   2.5557649945912164e-01	   4.1332348248484224e-01	   1.5154430937694319e-01	   2.6383473952086578e-01	  -1.7562376945684774e-01	  -9.6947190134558547e-02	  -1.1857447412478729e-01	  -1.5804258232487733e-01	   4.0075507863751268e-03	   2.0533149371884690e-01	  -2.7224226558143438e-03	   3.0178691756972001e-03	  -1.0316518412528028e-01	  -1.1021449178728357e-01	   3.5731056197009259e-01	   4.7096960850127473e-01	   4.6577211461692242e-01	   2.3872022281441216e-01	   5.5874060802677183e-01	   3.3927635051689337e-01	  -2.3799343871067055e-01	  -2.3062894113609717e-01	  -6.3939568590941839e-03	  -5.3739087882129520e-02	   1.7448783962003411e-01	   1.2962995983985665e-01	   5.0921460407229913e-01	   2.3160265801777916e-01	   1.2702748640939593e-01	  -1.8078810834728787e-01	   1.2863394593284592e-02	   7.0128359456032061e-02	  -1.0785049481328399e-01	  -8.3168702853495702e-02	  -4.5139028932982841e-02	  -9.5410412555116772e-02	   2.1973607054836744e-04	   2.0537777537941074e-02	   4.6751253493632811e-01	  -9.3010412549746693e-02	   1.4779871699999655e-02	   9.0849822466859881e-02	
   3.9334085893336607e-01	   2.8607245648811186e-01	  -1.7559637945010267e-02	  -9.4792844375341211e-03	   5.2032752879046788e-02	  -1.1582171507281436e-04	   2.0723495286095586e-01	  -6.1052341721198035e-02	  -2.3353808064375586e-01	  -2.9995612582343045e-01	   0.0000000000000000e+00	   1.1578773009711336e-01	   4.2031786278621741e-01	   1.1633437975806274e-01	   3.0130923150126709e-01	  -2.7713728426214572e-03	   4.3346713920550278e-01	   1.6800405716501635e-01	   3.8375665310415230e-01	   2.4675997344881567e-01	   4.4237729393469684e-02	   1.1077012402266267e-01	   1.8216151435530054e-01	   1.0033410286691799e-01	  -1.3045945347307777e-01	  -1.6971235531480036e-01	   1.6118396552167899e-01	   1.3583100184675023e-02	   4.7013432382896786e-01	   3.3968585288876141e-02	   7.6938092926362167e-02	   6.2584223353477644e-02	   2.4811247981941850e-01	   1.5446232707601654e-01	   2.9327177664513433e-02	  -1.7888416182601385e-01	   2.0875646183848093e-01	   1.6681501046826749e-01	   1.3077922986144583e-01	   1.5885244569125168e-01	   3.2184189645626160e-01	   4.0769946968931181e-01	   4.3613505429807055e-02	   5.4101114959072952e-02	   2.3474991802378276e-02	   9.0505531743187428e-02	   1.2008476177995382e-01	   1.1404026996075720e-01	   1.1601514940245733e-01	   1.5638673109299928e-01	   2.3213872797922010e-02	   1.2193491840273271e-01	   1.2198673800792989e-01	   9.0610040410694676e-02	   2.9491690634144030e-01	   2.7391074949162908e-01	   3.0160930363674404e-01	   2.0787125402892020e-01	   6.0970257870178873e-02	   6.3570218774923803e-02	   3.8646029485609384e-02	  -2.2041299141467047e-01	   4.1080892369880673e-01	   2.5067195656820890e-01	  -7.2331104451471562e-02	  -1.7237758574068404e-01	   4.1654836622135524e-02	  -1.0584753890775213e-02	   8.7147303610629168e-02	   5.5902296501530724e-02	   9.9661378476775687e-03	  -6.4125695399623317e-02	   3.9353917781957581e-01	   2.8098294009757085e-01	   2.7449608879841148e-01	   1.6082700069747019e-01	   2.5724906479242449e-01	   6.9621289870252651e-02	   3.2860169016800639e-02	  -1.6367557840419770e-02	   5.9840257851345252e-02	   2.5667319857466064e-01	   4.8862171597748927e-01	   2.0729864273757592e-01	   3.7443205678605868e-01	   3.4094828682365813e-01	   2.6553327237301860e-01	   1.9787018502666676e-01	   1.8501900955467787e-01	   1.2146692143339459e-01	   4.9655453640585469e-02	   2.7410773169195246e-01	   1.0457201290576442e-02	   1.4934573934466783e-01	   2.1340878022373322e-01	   1.9111810862887027e-01	   8.5407151857804994e-02	   1.3108014940854901e-01	   1.7929127463489497e-01	   2.2024925042679949e-01	   4.4984313552129694e-02	   1.7137766404400773e-01	   2.1681072126718462e-01	   2.3879516197156542e-01	   3.5737613251161163e-02	   9.2381871744381984e-03	   2.1460901085890516e-01	   2.8605766188729864e-01	  -2.1493242611762636e-02	   7.8685277014396024e-02	  -4.9008205314393191e-02	   6.0002268591794000e-02	   1.2233897347598677e-01	  -3.4992509028721745e-02	   2.6685339851215142e-02	  -1.1186598827811565e-02	
   7.2960766737297608e-02	   3.4550286001325242e-01	   5.2886514645445970e-01	   6.8657604091616609e-01	   4.0812520139375152e-01	   5.3483796144882756e-01	   6.4790263961039229e-01	   7.8279464240147112e-01	   4.9205501417727610e-01	   5.6144610122079908e-01	   1.1578773009711336e-01	   0.0000000000000000e+00	   5.6858671450904652e-01	   9.1404781227596210e-01	   4.1845083034136465e-01	   5.8362859270868028e-01	  -2.1111027595451334e-01	   3.3551963310723432e-01	   4.2300114150518248e-01	   5.8781829693692922e-01	  -4.8933622389307457e-02	   7.8062826442282462e-02	   4.1264646285726558e-01	   5.5631191220376885e-01	  -2.1871036125153606e-02	  -3.1795764028561033e-02	   9.7904814780804095e-02	   4.3536294695132954e-02	   2.1248503060525573e-01	   4.2555538868930409e-01	   1.1159884251162477e-01	   2.1041001191523420e-01	   3.4758679075900523e-01	   4.5143622717510445e-01	   1.0312379233464711e-01	   1.5938933063937777e-01	  -1.1187742691623252e-02	   2.5413486250198575e-01	   1.4866701852157063e-01	   2.5841972267187041e-01	   2.3093565080053677e-01	   4.4604638063675162e-01	  -5.4866265294515708e-02	  -1.0453991804106436e-01	  -1.8039060426184866e-01	  -3.2021763502965210e-04	  -4.0054307328007500e-02	  -2.0613908080349155e-02	   2.2069390661416682e-01	   3.8607020485013344e-01	   5.3379117485212924e-01	   6.3851780686204118e-01	   4.9872182411431143e-01	   4.3857116527381035e-01	   3.8138700985545837e-01	   4.2432569568832312e-01	   2.0488430681443992e-01	   3.3570666368900914e-01	   4.4417762084829471e-01	   5.0202636500048703e-01	   5.4910760751470800e-01	   5.8057368334483928e-01	   2.4520961916424078e-01	   6.0219850478877979e-01	   3.9201140591639483e-01	   4.3193996166529269e-01	   3.1864177004175737e-01	   4.0077521131718208e-01	   2.2849307221821147e-01	   3.3685464643349355e-01	   1.4900678923386160e-01	   3.1912809713742812e-01	   2.8637184361670592e-01	   4.0394143321996684e-01	   2.3623008371645593e-01	   5.5365192148230724e-01	   3.5091316899749425e-01	   4.0118935949126733e-01	  -7.9412217737671709e-02	   4.8353136154631798e-02	  -1.3595919459138109e-03	   1.0773928671971307e-01	   1.7042594584046783e-01	   3.3726056480909666e-01	   2.8171670420577205e-01	   4.0238068409479555e-01	   1.1381608333882911e-02	   1.4812269765646818e-01	   3.5182184383682458e-01	   5.9668060736087392e-01	   6.2981452221081358e-01	   4.4223887680676788e-01	   6.4479446345630831e-01	   4.5035726484596139e-01	  -1.9669573665689721e-01	  -1.9980708741828920e-01	   3.1467781636600391e-02	   1.3704742668975709e-02	   2.5181268168480286e-01	   2.4517079535509048e-01	   6.4533008226020316e-01	   3.7915840670381451e-01	   3.9384221669096381e-01	   1.2481345916834373e-01	   1.9859962995980257e-01	   2.1112875179733803e-01	   1.2568412781321239e-01	   2.2604506085128306e-01	  -2.1408098442863938e-01	  -5.3864629109683246e-02	   7.1982058277960795e-02	   3.4080789545760069e-02	   4.2118994378277480e-01	   5.2270832238717674e-02	   3.9875121995696497e-02	  -1.5157816841620209e-02	
  -1.3294016932041369e-01	   6.9476280433657597e-02	   4.7189548220967537e-01	   4.5912826141347429e-01	   4.6395816981875748e-01	   4.7889297092790462e-01	   6.6813023660927240e-01	   4.8364283728532553e-01	   5.3077652952070309e-01	   4.5017886417693043e-01	   4.2031786278621741e-01	   5.6858671450904652e-01	   0.0000000000000000e+00	   6.0774576690869575e-01	   6.6649040973344642e-01	   4.0790249238945275e-01	  -2.5597649415901319e-01	   1.7758295200573154e-01	   1.6863593251223197e-01	   2.5410868055099312e-01	   2.2264076294347157e-01	   2.1209116325477567e-01	   4.5368737093593425e-01	   4.3498879789280809e-01	   7.6386950508343501e-02	   5.9852570342510195e-02	   3.1089301562506916e-01	   2.1849373404053690e-01	   3.9427499232152607e-01	   3.4342172556155959e-01	   1.8966941159448064e-01	   2.0536917646936892e-01	   3.2113962516340105e-01	   3.9835660741626316e-01	   1.9818937199095793e-01	   1.2913470028368501e-01	   1.9233214507164909e-01	   2.6256189829737070e-01	   2.1655821440672512e-01	   1.7937979374740498e-01	   2.2122083264825779e-01	   3.6462904085421577e-01	   1.7896750369532421e-01	   1.2864044914239145e-01	   7.1151791070870080e-02	   1.3317492821494298e-01	   1.9774593203800095e-01	   1.4093117245334005e-01	   2.7878386057787596e-01	   2.2747146917591066e-01	   4.0237054528380523e-01	   3.1362436433653901e-01	   1.3332019673312639e-01	   1.8980086687977464e-03	   2.8303259759734856e-01	   3.0140342925387698e-01	  -2.5159751316327722e-02	   4.7749210156450825e-02	   2.8106439480875478e-01	   2.0624891935041861e-01	   4.5578688687951474e-01	   2.9511301506692100e-01	   6.2424725752542397e-02	   2.9795835473694682e-01	   4.8806397108752286e-01	   3.6710258373072857e-01	   2.5760512143421993e-01	   2.2466644747449283e-01	  -6.1018224379380648e-02	   3.1221971269549856e-02	   1.9622050736209787e-01	   2.6500274180328826e-01	   3.3993327735829187e-01	   3.6347039520878266e-01	   3.6518345650241185e-01	   3.9068896437034106e-01	   3.6833074992802373e-01	   2.7511896907078487e-01	  -1.7237143031349578e-01	  -4.1374843583877139e-03	  -1.3335636556694846e-01	   1.9657069719270243e-01	   3.4757119629175115e-01	   2.9919189335322088e-01	   3.5183402953798948e-01	   3.4821013354834707e-01	   1.9103669872041512e-01	   1.8268120786131276e-01	   4.8096782080353329e-01	   3.3596026990984396e-01	   2.8549117209380187e-01	   3.7512911645599289e-01	   4.3382717358738088e-01	   5.6191889195323319e-01	  -1.8136400973355898e-01	  -1.9277969206691253e-01	   1.7373305620182455e-01	   1.5025977249639200e-01	   2.4718802968165829e-01	   2.6784617537134214e-01	   3.6462939054679722e-01	   3.8124464941573921e-01	   2.0636383789159457e-01	  -1.4320847656647071e-02	   1.7513931736485522e-01	   2.2494351951257463e-01	   9.3299423893580188e-02	   1.7729205860191577e-01	  -3.0032232955311360e-02	   8.7220861311110814e-02	   1.6451252037432065e-01	   1.2526287207493397e-01	   5.1798129842774721e-01	  -5.7515510456591222e-02	   1.9953613908524231e-01	   9.5081109292145319e-02	
