   0.0000000000000000e+00	   8.1825358915395607e-01	   3.1192133099409858e-01	   4.8315615427312297e-01	   9.8406380866731508e-02	   2.3311477956217710e-01	   2.5300017444687400e-01	   3.9949694364608512e-01	   1.3915141588945301e-01	   3.2498433219293610e-01	   5.1380708970217959e-01	   3.9451763974293425e-01	   4.4984456909681891e-01	   4.3060645282554555e-01	   3.5481643970243276e-01	   3.3278616014351098e-01	   5.7041916195168374e-01	   5.0070170875615660e-01	   6.5504721553171374e-01	   7.2460838373089653e-01	   7.7956334547144249e-02	   4.1302130814622660e-02	   1.1599765011575820e-01	   1.5549835077885932e-01	   2.0618119028297291e-01	   1.7353669271130431e-01	   1.7537600580282542e-01	   1.2528254938056743e-01	   3.7458807906671043e-01	   4.6203684952772028e-01	   3.0558010738800417e-01	   3.0393749531779152e-01	   5.6271303785387283e-01	   5.2768487341707759e-01	   1.1332711469149909e-01	   1.5750609945326030e-01	   2.0079591304617056e-01	   1.9538721235978129e-01	   1.2323808658105356e-01	   1.5709125035422217e-01	   1.3750001895825043e-01	   1.8315178544338423e-01	   2.2786064621258215e-01	   2.7417744213895140e-01	   2.6041339860462354e-01	   3.7778986490197519e-01	   3.1649917585357595e-01	   3.5562446345497395e-01	   3.7163612997952178e-01	   3.9644122661403325e-01	   3.4654892306089452e-01	   2.8455213527413076e-01	   1.8862311771003193e-01	   1.5861054600310676e-01	   4.0055447085012108e-01	   3.4753514232357102e-01	   8.0685529026554825e-01	   6.9900047860825931e-01	   4.8630139809207945e-01	   4.2291029964190474e-01	   3.7348937536580135e-01	   3.2403206170026572e-01	   4.9781758592802522e-01	   3.4712043776966073e-01	   1.1401824459859872e-01	   2.0421151947220992e-01	   2.2454717469716770e-01	   3.2859483086958430e-01	   4.3894503412392105e-01	   5.2839231981748758e-01	   1.2822487568437710e-01	   2.6848277163179979e-01	   3.1757769644779837e-01	   4.2282893811967043e-01	   2.7022189594074764e-01	   2.9377883200127214e-01	   2.4825907421499543e-01	   3.7041581968898074e-01	   4.8956774847954265e-01	   5.5745852811257035e-01	   6.0764766712342366e-01	   5.4596075568562019e-01	   3.5610796912898124e-01	   2.9318465011986944e-01	   3.6187480126840771e-01	   3.5935743785505814e-01	   8.8362115930707141e-02	   1.3176644036317098e-01	   4.0242960868084982e-01	   3.1073220442805560e-01	   1.2926499099652217e-01	   1.6634685539583885e-01	   1.4201612305590766e-01	   9.6919350662645079e-02	   5.0360186075977961e-02	   7.0050373923023915e-03	   4.2665687772895500e-01	   2.3872918619820727e-01	   3.7622961471371391e-01	   4.1070343344644722e-01	   2.2460067317619736e-01	   1.8064660946798453e-01	   4.4868471813763455e-01	   4.6790261606774669e-01	   5.1335117633959249e-01	   4.8485781082602514e-01	   5.7410598790634071e-01	   5.4345829612971697e-01	  -9.5771870314562718e-02	   2.1572507634951038e-01	   4.4980763300605647e-01	   4.2505568387918380e-01	   2.2091659426174576e-01	   2.5695561456761812e-01	   8.1819223112560138e-02	  -2.5767173526055377e-02	
   8.1825358915395607e-01	   0.0000000000000000e+00	   2.1192378752817587e-02	   3.6766781021729300e-01	  -8.0514198027619249e-02	   1.7471068401982026e-01	  -4.1733657388215188e-03	   3.3222405793978016e-01	  -7.7843839890622425e-03	   2.9030673654520178e-01	   3.2416949370976644e-01	   5.2924249858341155e-01	   2.4256731949421445e-01	   4.7181027513085699e-01	   2.1166893689270727e-01	   2.0419865796951819e-01	   5.3069981937101551e-01	   5.9101372780277339e-01	   5.4406929443037244e-01	   7.1630826960380856e-01	   1.0255167370897263e-01	   8.9065001147331457e-02	  -1.1617249164535753e-01	  -1.0229506378188039e-01	   3.6927580930456096e-02	   1.6655906335150249e-02	   5.9476490980460553e-02	   2.6301269845117929e-02	   3.4020821430545600e-01	   4.9796427840247470e-01	   1.4524738945304183e-01	   1.3428260588933105e-01	   5.1744539146643909e-01	   4.9375847427100750e-01	   4.8451470412096020e-02	   6.4078397809607224e-02	   2.4496417693296108e-01	   2.9028539564187117e-01	   1.5598469985893784e-01	   2.0740981538274669e-01	   1.8796190824935544e-01	   2.2126390530412088e-01	   2.9031872068452186e-01	   2.9646770429651870e-01	   2.0732325803366727e-01	   3.8838648928721703e-01	   3.7268276266725803e-01	   4.2401865505020564e-01	   4.3497024467783918e-01	   4.8971897429663158e-01	   4.5627410240765925e-01	   4.3530736298059136e-01	   3.0018871840268613e-01	   2.1309442735668890e-01	   4.7373260656870442e-01	   4.3889421508006032e-01	   7.9576721783660420e-01	   8.8654505958841257e-01	   4.6938644781945915e-01	   5.6558075172026823e-01	   1.7889684349662216e-01	   4.3328191216424033e-01	   4.2050848323330248e-01	   4.9997498819694297e-01	  -1.2670521224434944e-01	   4.2213416922341082e-02	   1.2521888104372106e-01	   3.1346321917233760e-01	   3.9757093314759950e-01	   5.4091819553632381e-01	   1.2181378763286804e-01	   2.9023092021256697e-01	   3.4830737804476797e-01	   4.9363836632373115e-01	   3.5231005765380863e-01	   4.1880516586373506e-01	   3.4565004826128587e-01	   5.2728309390011985e-01	   4.5208112161172209e-01	   5.2036112028336301e-01	   5.8268933384300037e-01	   5.2388412716171651e-01	   2.6086891631397457e-01	   1.8599991089994156e-01	   1.7059602511300725e-01	   2.4448553961583780e-01	  -9.6456837095674292e-02	   1.8458611515038575e-03	   2.5154096346806565e-01	   2.2005643889423532e-01	   9.9065550407094749e-02	   5.5958610484392997e-02	   9.9916494454210351e-03	  -1.2594391110479095e-01	   7.5922192617856543e-02	   4.9951096014245924e-02	   4.0070961811262684e-01	   2.0031432150975492e-01	   4.3936006440730901e-01	   4.5533030407460412e-01	   2.5804757561974329e-01	  -2.0221453729716645e-02	   5.8632937132622553e-01	   5.0724278786685306e-01	   5.7846472262698212e-01	   5.6984267923331011e-01	   6.0532613550254166e-01	   4.4423859328028381e-01	  -2.1808236542969490e-02	   2.1847383133124398e-01	   5.2354344261811991e-01	   4.2786920615493540e-01	   1.6572209076515532e-01	   1.8183488658027819e-01	   3.5706296329631182e-02	  -2.4477061871705213e-02	
   3.1192133099409858e-01	   2.1192378752817587e-02	   0.0000000000000000e+00	   5.6354314429342345e-01	   7.7068027691264462e-01	   5.8489784996222305e-01	   8.7205573314219342e-01	   5.8705936156295102e-01	   8.6720277868545659e-01	   4.9558678415626489e-01	   4.2391839131438647e-01	   1.3837779084763854e-01	   6.4341349113943469e-01	   2.3871970138206988e-01	   5.9970752795834703e-01	   4.8875465063029955e-01	  -7.6428402628777370e-02	   8.3529386299285135e-02	   6.1088725295506485e-01	   3.7592522979905585e-01	   4.2511250847307190e-02	   6.3090324936759673e-02	   8.1503544488709501e-01	   7.1481755911064671e-01	   6.3564587919037285e-01	   5.4316682109899950e-01	   3.0897388134797382e-01	   3.4656130350807746e-01	   1.6340746911887183e-01	   1.5179093577319036e-01	   6.6250220563805917e-01	   6.2264503329415222e-01	   5.1861848261663657e-01	   4.9868114417810760e-01	   6.7944425320357849e-01	   5.8050683426398408e-01	  -2.4371814602045472e-01	  -1.7464062723146573e-01	  -7.8095143960472874e-02	  -1.2320796284612938e-01	  -1.3821827710153603e-01	  -4.0884080617116264e-02	   3.8215254740853144e-01	   4.3989657008096661e-01	   4.9442309009251245e-01	   3.4757008865499572e-01	   2.5565367372423092e-01	   2.7049012752372459e-01	   2.1375630083748265e-01	   2.0418869923416955e-01	   1.0365153736534952e-01	  -4.5045049708487845e-03	  -5.8900188057067662e-02	   1.8111314152411589e-01	   2.9370116949282786e-02	   5.1883006319742991e-02	  -1.2982972575252792e-02	  -8.8565408116876965e-02	   3.1504295110865471e-01	  -5.1695187428835769e-02	   6.8282550976876788e-01	   2.5604255430848116e-01	   3.3984998815498080e-01	   6.9130719264681395e-02	   8.0625496364351101e-01	   6.6131963786925874e-01	   6.4904106805283324e-01	   4.3681891239906201e-01	   9.0799700721527737e-02	   1.2374143700800194e-01	   8.0567104471235995e-02	   3.8775851078215228e-03	  -6.6669373378446195e-02	   6.7442465267776933e-03	  -5.4143711025480554e-03	  -8.0664218290340706e-02	  -1.2280118277468865e-02	  -4.4672178497556225e-02	  -6.5150362122966101e-03	   1.3304907587686046e-01	   2.0739097007627749e-01	   3.3395223121709638e-01	   4.0160183486790269e-01	   3.0315984393748635e-01	   5.3345974813698338e-01	   4.5080374933534245e-01	   9.1215728698593179e-02	   1.4659886748980150e-01	   5.5253237303547620e-01	   4.3545032908866566e-01	   4.0733006454513332e-01	   6.4543991824781621e-01	   4.7631947027059823e-01	   7.1334694634519780e-01	   1.3752441815514072e-01	   7.1089041986684004e-02	   3.9142634359144035e-01	   2.1870516950847252e-01	   2.3209522893962681e-01	   3.6644181194151215e-01	   2.3501470348096926e-01	   6.9739671001660875e-01	   7.9768097189749892e-02	   2.2456059593656649e-01	   1.3047264070873021e-01	   2.1006792734182184e-01	   1.4450789298791258e-01	   3.4440058929851275e-01	   5.9947604315583075e-02	   2.6176811431421626e-01	   4.0805016140641259e-01	   4.0026379820309688e-01	   5.3551751256480562e-01	   3.5572501523205136e-01	   3.7176038526061189e-01	  -1.2040302689809705e-02	
   4.8315615427312297e-01	   3.6766781021729300e-01	   5.6354314429342345e-01	   0.0000000000000000e+00	   3.2660000905444220e-01	   5.6909997059372619e-01	   5.2443324466352403e-01	   8.2469533004952833e-01	   4.1429466369536483e-01	   5.3855962207940067e-01	   5.5824810619871124e-01	   6.0041241811398716e-01	   6.0105975477456652e-01	   6.7982051455980796e-01	   4.8504249150411627e-01	   6.3698811117977072e-01	  -1.7534558099062771e-02	   2.0284975524564408e-01	   5.8221290423318717e-01	   6.1283692846248394e-01	  -1.2451574984700078e-01	  -6.9742342154950565e-02	   3.8490426346673140e-01	   5.5093474135062159e-01	   3.5677158578761492e-01	   2.9834243443539821e-01	   2.5644049366906141e-01	   2.3049997099635849e-01	   2.8859109806351074e-02	   2.4104926438824800e-01	   3.9204569783629606e-01	   4.3788477361914524e-01	   3.5337959598738461e-01	   4.2451367466976159e-01	   3.5296761483876571e-01	   3.4641233504354574e-01	  -3.4384902905107884e-01	  -1.1568574845740226e-01	  -2.1884256761075971e-01	  -7.7223322910912051e-02	  -1.5470239996593865e-01	  -5.8823238673066235e-02	   3.6414930060634876e-01	   4.3301777983290479e-01	   3.3769508166311635e-01	   3.5501608431408282e-01	   2.4343850753830129e-01	   3.2582628550858567e-01	   3.4572459472196559e-01	   4.3576328469683268e-01	   4.5427815436313457e-01	   4.5208657148831455e-01	   1.4840836671626315e-01	   2.9518694519598176e-01	   2.6286858785461575e-01	   3.4758660930452817e-01	   2.3891062859466727e-01	   2.1924637516881684e-01	   5.1049580961512753e-01	   3.7294799317753957e-01	   5.3084241692568068e-01	   6.2285276003698475e-01	   4.5425723395614503e-01	   3.8107828114936548e-01	   4.7006405036956966e-01	   7.1068063177113350e-01	   4.2116789474868743e-01	   4.1487677986119487e-01	   5.1766645409020345e-02	   1.3366107983773201e-01	   8.7066558766885085e-02	   3.0750716398819927e-01	   7.9616883597925403e-02	   3.0170630184198965e-01	   1.0470286395636949e-01	   2.0321999005344019e-01	   1.2423188812904495e-01	   3.3088866876232143e-01	  -5.3136092615320610e-02	   2.2783911331352130e-01	   1.8982894444122145e-01	   2.6588659887021582e-01	   1.9823408451788740e-01	   1.2926893590724842e-01	   4.2551940027378471e-01	   5.4267740221638283e-01	  -1.0940377623660058e-01	  -3.3808845712883492e-02	   5.5900645711648156e-01	   5.8555488762188879e-01	   4.4116394911457751e-01	   4.3299106167335311e-01	   5.0314333033809633e-01	   3.1037563706578758e-01	  -3.6452718957344296e-02	  -6.9933927428292769e-02	   2.5788020955178481e-01	   3.0692699325777104e-02	   3.0539810542232387e-01	   4.8821217759164642e-01	   6.1958438673470173e-01	   4.5551460084322970e-01	   4.5811875152826831e-01	   3.9274226967542658e-01	   4.2400742195853269e-01	   4.5580809436478020e-01	   4.4678238746604193e-01	   3.4508314682646701e-01	  -1.0531516568649560e-01	   8.9202143547347928e-02	   3.5439722889116554e-01	   3.9327189807867868e-01	   4.1658764967112916e-01	   1.8499589537628966e-01	   3.0743562367890215e-01	  -2.8717873897422808e-02	
   9.8406380866731508e-02	  -8.0514198027619249e-02	   7.7068027691264462e-01	   3.2660000905444220e-01	   0.0000000000000000e+00	   7.6763088260648926e-01	   6.1254247696119568e-01	   3.4933584877120294e-01	   7.5561344898342919e-01	   3.9763827337250601e-01	   1.6864734680674484e-01	  -1.4514645152138372e-01	   3.6468953361590162e-01	  -4.2068095072420236e-02	   5.3195736963612594e-01	   4.4104288929443292e-01	  -2.4705291621857134e-01	  -1.0412112500985812e-01	   4.9220506643142159e-01	   2.6680771100135492e-01	   3.5283215834746245e-01	   3.0024570593339828e-01	   7.9929584061843417e-01	   6.9405154726169183e-01	   7.4875613726882306e-01	   6.7970385662069965e-01	   6.0208709055512444e-01	   6.1156583824500421e-01	   3.3654548779890006e-02	  -6.5397572795825309e-02	   6.2152538004395730e-01	   5.2530481430935294e-01	   5.0118592137401319e-01	   4.6431309304728696e-01	   6.4868441103257635e-01	   6.0727760556899868e-01	  -1.2128408219859632e-01	  -2.5085092301172507e-02	   5.5449365855170088e-02	   5.9456892875794511e-02	  -4.1079453025373580e-02	   6.2653318873588503e-03	   2.6846858774612892e-01	   3.3582406544720989e-01	   4.0112608343284828e-01	   2.6048247070931840e-01	   7.8688996070493983e-02	   1.0858475076383858e-01	   8.3030844526802344e-02	   1.2032599532183272e-01	  -3.8306321749363173e-02	  -9.9339407301126365e-02	  -6.8794324520743758e-02	   1.7878954589221860e-01	  -9.2161372883619534e-03	   6.7692399866889394e-02	  -3.1374481389928488e-02	  -8.2906862767072681e-02	   1.3712694783825838e-01	  -4.0931100669316881e-03	   5.4357884436736092e-01	   1.3204868085609495e-01	   2.6844887723288052e-01	  -1.7512691289740291e-02	   7.1972793159632720e-01	   5.7495011153828091e-01	   5.5741259811223687e-01	   4.3203727875293063e-01	   7.6853195268007213e-02	   1.0364039573770607e-01	   1.4414547356586105e-01	  -3.0519335925175368e-02	  -1.2703128825303123e-01	  -1.2097602721824921e-01	  -1.7866402302125189e-02	  -8.1550944399146896e-02	   5.6801143182777021e-02	  -1.1818317178917123e-01	  -1.3653200984030284e-01	   4.9333678126268245e-03	   8.4173839506051576e-02	   1.8175898775484386e-01	   4.2664243530403168e-01	   3.5528496815195199e-01	   5.2904059222130717e-01	   4.6644644757463405e-01	   2.6776047513211315e-01	   2.5618221530422924e-01	   6.2195554839808842e-01	   5.3168489887839598e-01	   3.7113054414443902e-01	   5.6622605876239884e-01	   4.6813454807161187e-01	   7.0005052401879153e-01	   2.6601455397774937e-01	   2.8877952344547692e-01	   3.9717300086569274e-01	   3.4212947666328125e-01	   1.1532531900639791e-01	   2.5524954147329137e-01	   1.3025947505821009e-01	   6.1953534386521114e-01	  -1.1716653156863308e-01	   6.7807632273044080e-02	   9.8801658859743041e-02	   8.0892913412170947e-02	  -3.8555781942398316e-02	   1.1653063844894429e-01	   1.5945067766698401e-01	   2.9591694745502151e-01	   2.5349554665469964e-01	   2.1528353355992746e-01	   4.2613782603514994e-01	   5.0311056839256008e-01	   5.3062109293029702e-01	  -8.9019705488778023e-02	
   2.3311477956217710e-01	   1.7471068401982026e-01	   5.8489784996222305e-01	   5.6909997059372619e-01	   7.6763088260648926e-01	   0.0000000000000000e+00	   4.4057228798690462e-01	   4.7280714070607982e-01	   5.0435601610595460e-01	   5.3768678361299016e-01	   3.3263170556480104e-01	   1.3694165527089500e-01	   3.3038805496484125e-01	   2.1608847714183743e-01	   4.5840158127624275e-01	   5.9816116934182650e-01	  -1.4384239776490665e-01	  -6.7318864653367769e-02	   4.8681229801034653e-01	   4.7195748753994826e-01	   4.5102223734001856e-01	   4.4596300819092521e-01	   5.5126786971604369e-01	   5.3694180205006514e-01	   6.8805672824030173e-01	   6.2119968042360785e-01	   6.7211267921075313e-01	   6.7774906859139761e-01	  -1.2748474739792605e-02	   6.4038755027403166e-02	   5.4150395029535459e-01	   4.5933457273169698e-01	   5.8711016673096172e-01	   6.0702124722905004e-01	   5.8558064653313102e-01	   5.4867586708215865e-01	  -5.6431847471757293e-02	   1.6628124865786126e-01	   1.8732142704265931e-01	   2.8676468981200842e-01	   1.2742038463048869e-01	   1.6282854641720113e-01	   3.2610746780556332e-01	   3.9027587294402855e-01	   3.9140427113740883e-01	   2.9983267498161853e-01	   1.2849449085853629e-01	   2.1174604444192974e-01	   1.5961888337828939e-01	   2.1889564671918588e-01	   1.6478061654865039e-01	   1.0195280724681288e-01	  -1.9338218969397084e-04	   1.7119019241599626e-01	   2.7484077424710823e-01	   3.8438462092090619e-01	   1.4191847416923398e-01	   9.6886366602715726e-02	   2.9986501370703966e-01	   1.8965240506973921e-01	   5.5419220691872573e-01	   4.4506618999286063e-01	   4.1307301221722581e-01	   2.2967430775761921e-01	   5.8170669657998764e-01	   6.4122718991426630e-01	   5.1526472860416650e-01	   5.1595139513474264e-01	   3.0158623321572320e-02	   1.1876323949069618e-01	   2.1147323081835179e-01	   2.1740934540198167e-01	   6.2486600281909777e-02	   2.0554837422937616e-01	   2.2586073538485452e-01	   2.5325613127513658e-01	   1.6484847164983277e-01	   1.7649387231404365e-01	  -1.3415645907453655e-01	  -2.8345792889995877e-02	   1.1321803215196927e-01	   1.3906512872722809e-01	   3.3839278902110304e-01	   3.6825718648213890e-01	   4.7461890635192711e-01	   5.3328116262161274e-01	   9.3180989129023381e-02	   1.1900829817012189e-01	   7.3172633928162134e-01	   6.8420839869204486e-01	   3.0888971088946615e-01	   4.1078562107518912e-01	   4.3985284907752531e-01	   4.4869745760568130e-01	   3.9997229265639000e-01	   4.3197114357392252e-01	   5.6517068657478475e-01	   4.5571695538701296e-01	   1.9708628744625212e-01	   3.8250971347138907e-01	   4.0485493108338444e-01	   4.9681869289456021e-01	   1.3008314624674566e-01	   1.6046411393996146e-01	   3.4362512830859682e-01	   3.1450625301764379e-01	   9.1667366293385816e-02	   8.8982712986223317e-02	   2.9385091096335725e-01	   4.7747736258827067e-01	   4.2285456946037614e-01	   2.5228178852636096e-01	   3.7263437734644339e-01	   4.4308753861889427e-01	   4.9920326299255507e-01	  -6.7143763995632585e-02	
   2.5300017444687400e-01	  -4.1733657388215188e-03	   8.7205573314219342e-01	   5.2443324466352403e-01	   6.1254247696119568e-01	   4.4057228798690462e-01	   0.0000000000000000e+00	   6.8394048101288940e-01	   8.0665729034915390e-01	   4.2196664538015594e-01	   4.9926484033916330e-01	   2.8509052480280789e-01	   6.6367774690068804e-01	   2.9351117745644262e-01	   4.0691051851165616e-01	   3.3450044266949469e-01	  -4.6844668550588900e-02	   1.0403882222088551e-01	   4.5920171970132506e-01	   3.0850877207020921e-01	  -1.8830488129172407e-01	  -6.5756331997357517e-02	   5.7408738988058350e-01	   5.0331135814611183e-01	   3.6007867930402615e-01	   2.9652053808010370e-01	   3.4085075631472540e-02	   7.9476892329548493e-02	   1.4353804714940022e-01	   1.8891539840207544e-01	   4.4720288807581465e-01	   4.5599247639638640e-01	   4.0448191438717035e-01	   3.9268840033159425e-01	   5.5883189713402026e-01	   5.1442589270127204e-01	  -3.6005805688496095e-01	  -3.1137797145804130e-01	  -2.8421021640450056e-01	  -3.1856263943180141e-01	  -2.7227951493914176e-01	  -2.0097125511791347e-01	   4.9317138709959596e-01	   5.1400572091965213e-01	   5.8929908454266533e-01	   4.5280732355508235e-01	   3.3906603825463655e-01	   3.2111417698570027e-01	   3.6911779572413023e-01	   3.4642415398981657e-01	   2.5967938803087076e-01	   1.3025861676893394e-01	   4.4718003547254817e-02	   2.3064217634636486e-01	   5.4049687262435378e-02	   4.1890920855485243e-02	  -6.1068279728974648e-02	  -1.2940410705906297e-01	   4.0062589226412204e-01	  -4.2034641178818943e-02	   7.4812558429915454e-01	   3.7108985538720279e-01	   3.9784563033551235e-01	   1.8711384737438547e-01	   6.1400997787626788e-01	   5.7616408921233098e-01	   6.8218576647429674e-01	   4.8043980906524297e-01	  -9.2836503959147498e-02	  -6.9546772463489795e-02	   9.3913394569586695e-02	   2.7515966989092297e-02	  -8.0707984582411685e-02	   2.7382438163762436e-02	  -2.3836713494794323e-02	  -9.4631974982055680e-02	   2.3286150739832645e-02	  -4.0945156280140192e-03	  -4.0405061082556780e-02	   1.5867152835434611e-01	   2.2421273025770141e-01	   3.5479733143939329e-01	   1.5611646143183300e-01	   1.2695210085753286e-01	   3.4962398175524456e-01	   3.3577174448923408e-01	  -1.5520941020796233e-01	  -9.1511665525935131e-03	   3.7575962103490396e-01	   3.4722050085694434e-01	   4.5345561422977143e-01	   6.1960197217921986e-01	   4.5979770771832873e-01	   6.7712353385110435e-01	  -2.2415976103431230e-02	  -9.2669480154571798e-02	   2.9345372928287078e-01	   7.9440830063033499e-02	   3.4287334208470477e-01	   3.9150956640393769e-01	   3.8815464381324599e-01	   7.6628171309229609e-01	   2.4810087415680698e-01	   3.8797721325283929e-01	   1.9361731679203573e-01	   2.4142286477477470e-01	   2.7597183500805300e-01	   4.6785934344236574e-01	  -8.9887291754881346e-02	   1.3093462561573310e-01	   4.2288319817830133e-01	   5.0887949510325270e-01	   5.4821091765523655e-01	   2.3550435713044837e-01	   1.9975939200122175e-01	   2.8230312685509289e-02	
   3.9949694364608512e-01	   3.3222405793978016e-01	   5.8705936156295102e-01	   8.2469533004952833e-01	   3.4933584877120294e-01	   4.7280714070607982e-01	   6.8394048101288940e-01	   0.0000000000000000e+00	   5.7453967009295592e-01	   6.6381688905056591e-01	   5.0105719941729843e-01	   6.8521291928681649e-01	   6.6747230416926118e-01	   7.0075420942881195e-01	   4.3089913257604257e-01	   5.0337703754553265e-01	   2.9983957931758827e-03	   3.5623219468473205e-01	   5.9102428190691569e-01	   5.9496670156534082e-01	  -2.9055501650547572e-01	  -1.6135388949804130e-01	   3.8326093133732408e-01	   4.7693632021976506e-01	   2.4140287909184135e-01	   2.0288284413612012e-01	  -6.4654496864324423e-02	  -5.0034328410410195e-02	   1.4520224918755140e-01	   3.9204230413960084e-01	   4.2412427887466753e-01	   4.7740029331418787e-01	   4.4481223096041972e-01	   5.3304903420990091e-01	   4.4663696663848845e-01	   4.2075470678913518e-01	  -3.8340797790006098e-01	  -2.0039328725972835e-01	  -3.6763424240197495e-01	  -2.5638229341864249e-01	  -3.1001937359700193e-01	  -2.1288803978264409e-01	   4.6973466916856627e-01	   5.4489339059706376e-01	   5.3502507181178804e-01	   4.8470593404130091e-01	   4.0975806793019115e-01	   4.2094756817812268e-01	   4.5204476257130100e-01	   4.8820348390788582e-01	   4.7570472005686121e-01	   3.7094694750798785e-01	   1.3442525171294090e-01	   2.4229631130405557e-01	   1.8967471650341147e-01	   1.9900778116435436e-01	   1.7600388370827955e-01	   1.5437896213628177e-01	   4.8319561181426796e-01	   1.9623167138324357e-01	   6.9323104442366024e-01	   6.8629787374930784e-01	   4.9194871362425041e-01	   4.9800197770551013e-01	   4.8159759078741288e-01	   6.6642640166217981e-01	   4.8470741517101923e-01	   4.5390996701860470e-01	  -1.2382674840718491e-01	  -8.6691464182477432e-02	   1.5117848535370931e-01	   3.1508891197361011e-01	   8.8109765571414395e-02	   2.9564181975423331e-01	   1.4643103395150658e-01	   1.7589799053494609e-01	   2.3704119421800443e-01	   3.7092205712849469e-01	  -3.2434604278244586e-02	   3.1408813603681573e-01	   2.3985291264669562e-01	   4.0112293180879227e-01	   1.3851299473569992e-01	   5.3475776450096449e-02	   3.4815820551125815e-01	   4.2708299782232290e-01	  -2.6457021682146203e-01	  -1.4308113409610632e-01	   3.9928561482694680e-01	   4.0101403702613853e-01	   4.6002589340238342e-01	   4.5232739627866037e-01	   4.8140686820460016e-01	   3.6462848611933596e-01	  -1.2335505110646375e-01	  -1.8177403070416343e-01	   2.6141914894411927e-01	  -6.1989799980375571e-02	   4.5037991783911746e-01	   5.0567393416524764e-01	   6.4361892494643103e-01	   5.1591427044974958e-01	   4.8689097286204186e-01	   4.7799525838614437e-01	   3.9162961695561260e-01	   4.2398889500909964e-01	   4.9196201066610162e-01	   4.7320939001937712e-01	  -1.9932536174124582e-01	   4.7926271109663826e-02	   4.9171174814139973e-01	   5.8964578368511100e-01	   4.9512819927027374e-01	   2.0380038333274145e-01	   2.0742007085541719e-01	   5.1878921459276285e-02	
   1.3915141588945301e-01	  -7.7843839890622425e-03	   8.6720277868545659e-01	   4.1429466369536483e-01	   7.5561344898342919e-01	   5.0435601610595460e-01	   8.0665729034915390e-01	   5.7453967009295592e-01	   0.0000000000000000e+00	   6.0278262210255240e-01	   3.6094472350230700e-01	   1.0633883048582062e-01	   6.2273380540971546e-01	   2.0636330772629952e-01	   6.2260172948479875e-01	   4.0934027518118837e-01	  -1.6790772178369043e-01	   5.5289781897933217e-02	   5.3379806150159570e-01	   2.8353309788920633e-01	  -5.1851754881117623e-02	  -1.5114339749570160e-02	   7.8209868472378041e-01	   6.5887669470748778e-01	   5.3014363348464255e-01	   4.4500369562582875e-01	   1.6014487608188813e-01	   2.3105882828446644e-01	   1.6381877658509247e-01	   8.6972216075413666e-02	   5.5466126892123502e-01	   4.8505526406427735e-01	   4.0880832700768260e-01	   3.8778425645818948e-01	   6.4815446802117771e-01	   5.7066792231907926e-01	  -2.9878833130585841e-01	  -2.2300224836499039e-01	  -1.8607604195825683e-01	  -2.1770571889490550e-01	  -2.1114451954813951e-01	  -1.3289269069771692e-01	   3.5380573970468338e-01	   3.9812545820553152e-01	   4.7083061458020581e-01	   3.1871531740603587e-01	   2.2002873745534848e-01	   2.1689391781069306e-01	   1.6707661353625108e-01	   1.9992640150030005e-01	   4.0895547535931977e-02	  -6.0759554654784338e-02	  -5.8328361463583833e-02	   1.8757279450491546e-01	  -8.8897731413975445e-02	  -7.5340318875223244e-02	  -1.2167029166717913e-01	  -1.1832793845916212e-01	   2.0115647832175360e-01	  -5.8081829464353738e-02	   6.2489740201727462e-01	   2.3808872539529241e-01	   1.7315295838190106e-01	   1.2185386993658346e-02	   7.6310344983693201e-01	   6.4024154174129078e-01	   5.9358440793693468e-01	   3.8918694532168030e-01	   5.3852545668288329e-02	   5.2947737180862160e-02	   4.4469529636783453e-02	  -7.9087304653027518e-02	  -1.1606546375679985e-01	  -8.3203709881625759e-02	  -4.8154395046844482e-02	  -1.4774136939974689e-01	   1.1033733323500271e-01	   3.1744228261193726e-02	  -3.8182362861890647e-02	   6.1396882712273615e-02	   1.2428077946442553e-01	   3.1724254931063728e-01	   3.4941917375778758e-01	   2.5107455881391200e-01	   4.8212063613464606e-01	   3.8589891205568982e-01	   3.5574894504512483e-02	   1.3409841994492225e-01	   4.1519165243638723e-01	   2.8564925076887726e-01	   4.6572923742119410e-01	   6.8224234969388919e-01	   5.5555507117098912e-01	   7.4929473913779709e-01	   9.0283941645783017e-02	   6.2293079426272539e-02	   2.6608196504744330e-01	   9.3864304778400992e-02	   2.0332305272511225e-01	   3.2433730166439872e-01	   2.5392495598767900e-01	   6.6541765509965622e-01	   6.0922396382728304e-02	   1.8272059950498196e-01	   4.0991435295840872e-02	   1.4767850003257821e-01	   5.4751436921596196e-02	   2.3464362414727669e-01	  -3.7215378867196128e-02	   1.9446925240589946e-01	   3.2667107069568524e-01	   3.7893238118699801e-01	   5.8498114380772326e-01	   3.4244346491277272e-01	   3.7444966746675740e-01	  -8.4561451491135267e-02	
   3.2498433219293610e-01	   2.9030673654520178e-01	   4.9558678415626489e-01	   5.3855962207940067e-01	   3.9763827337250601e-01	   5.3768678361299016e-01	   4.2196664538015594e-01	   6.6381688905056591e-01	   6.0278262210255240e-01	   0.0000000000000000e+00	   4.4346439679655547e-01	   3.2108935083932427e-01	   5.4427338936432879e-01	   4.1854970335096919e-01	   6.1136367815460124e-01	   6.1333526412351813e-01	   2.1423624702401962e-02	   2.2587267186770627e-01	   5.8728975821882456e-01	   5.3698702876158111e-01	  -3.6992417071349204e-02	  -7.6238603090018420e-03	   4.8825146192572677e-01	   4.8943360387659640e-01	   3.4316823181504891e-01	   3.1031269400050177e-01	   6.5469648653615459e-02	   7.4359733640781689e-02	   3.3570229953835173e-01	   4.1431254645507443e-01	   5.3707162295329069e-01	   4.6794845341976465e-01	   4.4192382418056919e-01	   4.8814034060977007e-01	   3.5695266964916827e-01	   2.7050142789619286e-01	  -4.3736892432089343e-02	   1.0208958930673660e-01	  -3.1429542397573590e-02	   3.0674051491022425e-02	   7.2978664311607166e-03	   8.3053464121404783e-02	   1.6213300432719427e-01	   2.3366500602988510e-01	   1.9030185948029410e-01	   1.3238023676184835e-01	   1.2825537666935422e-01	   1.3373219610198955e-01	   8.9888947882498776e-03	   3.7946487691169699e-02	  -1.3636928053975001e-02	  -1.0938819929738386e-01	  -2.2460775261289637e-01	  -1.0842206174224735e-01	  -4.5702296532087988e-02	   1.0499902166261501e-02	   9.0572058109290796e-02	   1.5297701146448342e-01	   8.0569735324679592e-02	   7.2187867106578804e-02	   4.0969290908405520e-01	   4.0803571958019824e-01	   2.8327878387069966e-01	   3.1540074357745823e-01	   4.9139727613426171e-01	   5.0065393697746308e-01	   1.5824720770383188e-01	   1.2430417495020174e-01	  -4.7881016311839900e-02	   1.5330499406524300e-03	   1.6524744470642716e-01	   2.8842909169253284e-01	   2.5081856613803816e-01	   4.0026458774909768e-01	   3.0132690859523903e-01	   3.1776741969725775e-01	   3.8158849595030381e-01	   4.3187416910322174e-01	   9.1774548939189834e-02	   1.3803294893836554e-01	   1.8203846880227048e-01	   3.3191252797697018e-01	   3.1023415552093003e-01	   3.2334557385063123e-01	   3.8229983362598746e-01	   3.2187090541469388e-01	  -3.3830310096490235e-02	   6.4964645140748192e-02	   3.3511806092852597e-01	   2.1071281658836660e-01	   2.1830607280878545e-01	   3.2087158963425677e-01	   5.0414266491733650e-01	   3.8133156416977010e-01	   1.8812438117997135e-01	   1.1975494597481841e-01	   3.0761902992429369e-01	   1.0034876050595554e-01	   1.2369731972502734e-01	   2.2536185480572996e-01	   4.6607681136671897e-01	   3.8220406389939310e-01	   2.8383834851940976e-01	   2.2553519421301377e-01	   2.8651976918710803e-01	   3.5701034539737408e-01	   6.6024564833521010e-02	   1.5151635921662018e-01	   8.9863423000711026e-02	   3.4376545932540126e-01	   3.3608995905861422e-01	   2.8894957975529600e-01	   3.6456057268304959e-01	   2.5701235485787338e-01	   3.0386589222316673e-01	  -1.0124010586477464e-01	
   5.1380708970217959e-01	   3.2416949370976644e-01	   4.2391839131438647e-01	   5.5824810619871124e-01	   1.6864734680674484e-01	   3.3263170556480104e-01	   4.9926484033916330e-01	   5.0105719941729843e-01	   3.6094472350230700e-01	   4.4346439679655547e-01	   0.0000000000000000e+00	   5.0068372428809094e-01	   7.6014277258879137e-01	   5.4328291346918456e-01	   5.1432020515547849e-01	   5.3195730808855868e-01	   3.4842362149682449e-01	   2.1286196718887618e-01	   4.2646402586740995e-01	   4.2220826151592716e-01	  -1.0413740967429191e-01	  -3.8437049798989591e-02	   1.9502341470186890e-01	   2.3307087518490188e-01	   1.7997083016285897e-01	   1.0458999830500515e-01	   1.1209426242052753e-01	   9.8820553849371828e-02	   4.8176903529562004e-01	   3.2156308463706151e-01	   2.7330053949269828e-01	   2.7502935959728114e-01	   2.9337147616031667e-01	   3.0215699141187152e-01	   2.1400300578953999e-01	   2.4838785044809064e-01	  -4.4467641427256378e-02	  -7.2110622065874402e-02	  -1.3983086538915063e-01	  -8.9379990098877177e-02	  -1.7429183505634511e-02	  -5.6712917363729619e-03	   4.0012095159646410e-01	   4.6026416568623102e-01	   3.8194776498718147e-01	   3.8607712754476858e-01	   3.2839213232115083e-01	   3.5916752328033941e-01	   3.3584171684075803e-01	   3.5296108341825139e-01	   2.7835744702240994e-01	   1.8542537767523648e-01	  -4.7840389380909107e-02	   6.1791280859695215e-02	   2.3244066323933624e-01	   1.5153556516257971e-01	   1.3306542240337499e-01	   8.0011461042861207e-02	   3.2092745721957372e-01	   1.1646787288910218e-01	   5.0112248361403511e-01	   4.1484956287658098e-01	   4.8520523649913749e-01	   3.3572178159645494e-01	   3.9345235729569128e-01	   5.3451656079155252e-01	   3.4941155455169604e-01	   3.7044111441161881e-01	  -1.7083870103309978e-01	  -6.2396785775632069e-02	   2.7356830571824980e-01	   3.3007592840284022e-01	   2.2767609187044985e-01	   3.2740775884954765e-01	   2.9917831158725472e-01	   2.9816294948970123e-01	   2.8290569314319480e-01	   2.4954592750160831e-01	   1.9298944362705922e-01	   2.6723765256712584e-01	   4.4267939514885357e-01	   4.1858668758060164e-01	   2.8937027429130935e-01	   2.8107924715856980e-01	   5.1008938862581066e-01	   4.9740789712434186e-01	   3.4300646713721322e-02	   1.3207638637432351e-01	   3.9605470052063413e-01	   2.8775618248414048e-01	   1.3002994732428788e-01	   2.9966045289200527e-01	   2.3143032378467604e-01	   2.0161633373416704e-01	   6.6520210792859052e-02	   4.3800992509729561e-03	   3.4547674230009789e-01	   8.2462201146980108e-02	   2.8483926900299972e-01	   3.5398764283724538e-01	   3.9360489258434733e-01	   4.2728329047942315e-01	   3.4874197497549037e-01	   3.7432459326386686e-01	   4.9001314308205773e-01	   4.4740049453660613e-01	   3.6573699950827399e-01	   4.5905213497703801e-01	  -2.1874644603547919e-02	   1.6331515640455394e-01	   3.0908412642886268e-01	   4.3379916481372460e-01	   2.2873872293449493e-01	   1.0924582565523781e-01	   2.3603851512006313e-01	   9.4068335118341118e-02	
   3.9451763974293425e-01	   5.2924249858341155e-01	   1.3837779084763854e-01	   6.0041241811398716e-01	  -1.4514645152138372e-01	   1.3694165527089500e-01	   2.8509052480280789e-01	   6.8521291928681649e-01	   1.0633883048582062e-01	   3.2108935083932427e-01	   5.0068372428809094e-01	   0.0000000000000000e+00	   5.6488867761489636e-01	   8.7472397454252371e-01	   2.2480778694900666e-01	   3.1209757855556464e-01	   1.7662799863823550e-01	   5.5124681080555127e-01	   3.2765392764322920e-01	   4.8756497409966792e-01	  -2.8564086110984854e-01	  -1.5720512296246636e-01	  -7.7494772905193077e-02	   2.7728297219834792e-02	  -1.2066734733113429e-01	  -1.5664022635442321e-01	  -1.8545069312257428e-01	  -2.1041570039075527e-01	   1.7271350048185877e-01	   5.1530957223071927e-01	   3.0483615033852447e-02	   1.3422613419984564e-01	   2.1732799234108541e-01	   3.2774794818135711e-01	   1.2469134258084291e-01	   1.2270367542053418e-01	  -2.1507252436173549e-01	  -9.0462324390795254e-02	  -3.4100426464447348e-01	  -2.3543645749387873e-01	  -1.6657377089185665e-01	  -9.4755603089431512e-02	   4.2293929570594924e-01	   4.2904104033366230e-01	   3.2441266101278532e-01	   3.6386526245547957e-01	   3.9450840149338051e-01	   3.9927107341366186e-01	   4.7274885257531629e-01	   4.9454696663156983e-01	   6.4961326606230285e-01	   5.9373654612614024e-01	   3.2180706294688449e-01	   2.8828502390201532e-01	   3.7089416604225456e-01	   3.2269621864491504e-01	   2.0887555714826905e-01	   3.2729361550757557e-01	   4.9795706159195208e-01	   3.1177679511828871e-01	   3.5142009214125791e-01	   6.5334973554863107e-01	   4.9273342924243740e-01	   6.3646457236682386e-01	   8.2028111871187167e-04	   3.5284654578656466e-01	   2.0677179120131778e-01	   2.7525632057801552e-01	  -1.5625753396774233e-01	  -7.5766773676313431e-02	   1.3294839281675300e-01	   3.8084795361306734e-01	   1.6353528185738514e-01	   4.5270511231143995e-01	   2.4289871032205718e-01	   3.9838960462205320e-01	   2.0429062723431968e-01	   4.0415841528767171e-01	   8.7273464945278434e-02	   3.9581073923728560e-01	   3.0557093375685573e-01	   3.9489506971274613e-01	  -4.0258650411993963e-03	  -1.1333363575534808e-01	   9.0238348029418089e-02	   2.5190354874122833e-01	  -4.5644200312850863e-01	  -2.9416364250512939e-01	   1.3518081284442957e-01	   2.2606224718854340e-01	   2.9305624545163084e-01	   2.0906013485806046e-01	   1.5395614184727063e-01	  -4.5619010199075036e-02	  -2.4633987100467242e-01	  -2.5502975071512735e-01	   1.5398889211253339e-01	  -1.0853793709077322e-01	   4.7279429360660197e-01	   4.9192409794591269e-01	   5.7210288243910434e-01	   2.2382942868883138e-01	   6.4980883926544797e-01	   5.7391307815352499e-01	   4.3326873472522209e-01	   4.6031302064741314e-01	   5.5156742095426747e-01	   4.1851298098329948e-01	  -1.6620787951269930e-01	  -8.9649555910146284e-02	   4.4845276925541422e-01	   4.7761457901013482e-01	   3.8988825133583327e-01	   3.3368966796909698e-02	  -3.4264316709234827e-02	   1.7376743147603849e-01	
   4.4984456909681891e-01	   2.4256731949421445e-01	   6.4341349113943469e-01	   6.0105975477456652e-01	   3.6468953361590162e-01	   3.3038805496484125e-01	   6.6367774690068804e-01	   6.6747230416926118e-01	   6.2273380540971546e-01	   5.4427338936432879e-01	   7.6014277258879137e-01	   5.6488867761489636e-01	   0.0000000000000000e+00	   6.7435419201645841e-01	   7.2590911245804446e-01	   5.7464226651704653e-01	   1.4794118550533988e-01	   3.9779685564799788e-01	   5.6201596212513172e-01	   3.8950476507918191e-01	  -1.4000331550419429e-01	  -7.7939887569367261e-02	   5.4158999071616432e-01	   5.4588851729839460e-01	   3.7878179206602736e-01	   3.1133667942584176e-01	   6.3484929834993306e-02	   1.3117009313595332e-01	   4.2218943693037136e-01	   3.8045277999261007e-01	   5.1249118903584323e-01	   5.2913381462174447e-01	   3.9826196462425606e-01	   4.4794429431118171e-01	   4.3002461871503656e-01	   4.3585991592372408e-01	  -2.5121410206367234e-01	  -1.4056733978137353e-01	  -3.0779994614191530e-01	  -2.8827892332107274e-01	  -1.4585774714629335e-01	  -5.8135134554243975e-02	   3.9110591963030977e-01	   4.3068654896431591e-01	   4.4447404948897173e-01	   3.8050180727380312e-01	   2.9191297055281629e-01	   3.0792088305720589e-01	   3.2111171000787531e-01	   3.0503108077031182e-01	   2.2465112682265842e-01	   1.1978316032410870e-01	  -6.2309367283479224e-02	   9.1472510394409789e-02	   2.1853370877379871e-02	  -2.3226923372461433e-02	   4.9370371717977757e-02	   2.3814700319032357e-02	   2.6351170168615762e-01	   3.3136062445932118e-02	   5.7206990891697673e-01	   3.5199692381083014e-01	   5.0280510705566572e-01	   3.1632772326943126e-01	   5.9466100525591736e-01	   6.5266383442910536e-01	   4.1392155477255121e-01	   3.5693164370963049e-01	  -1.0250514764514992e-01	  -4.4736261602242283e-02	   1.7402704676999065e-01	   2.4091738691381012e-01	   9.8850023453504451e-02	   2.3173514899231923e-01	   1.4782557954679296e-01	   7.5708212861086366e-02	   2.1022074760987813e-01	   1.5152886335931395e-01	   1.4645124861290432e-01	   3.9505876089450870e-01	   3.9855491630608814e-01	   5.1696092837628327e-01	   4.5998024182755382e-01	   2.7278345483060101e-01	   6.0635256444419960e-01	   5.2576655411472739e-01	   1.2337290588172664e-02	   1.3992951142173801e-01	   3.8202357238814094e-01	   2.7004517515186344e-01	   3.5380912354778760e-01	   5.2402597883206492e-01	   4.6405065760735353e-01	   4.8257225562964046e-01	  -7.0581351055398631e-02	  -1.2033494191804231e-01	   2.6248414621194616e-01	   4.4712997143621959e-02	   3.2954862762084791e-01	   3.8095153795587233e-01	   4.2283862932953364e-01	   6.2778876626278513e-01	   2.8912466659740321e-01	   3.8509591770022977e-01	   2.9667150242247231e-01	   2.6867179744750219e-01	   2.9175517743371060e-01	   4.5541111196757700e-01	  -1.1610070771987056e-01	   1.1067797988724941e-02	   3.8228904947574549e-01	   5.0434014160519469e-01	   4.7905118954910897e-01	   1.6815738550912651e-01	   2.2027381836640100e-01	   7.9782161742394830e-02	
