   0.0000000000000000e+00	   8.5315673243780688e-01	   6.5560128082306390e-01	   5.4025711839699531e-01	   7.0556781184210704e-01	   5.3808192774505548e-01	   6.8545705355562803e-01	   5.3787449400315757e-01	   6.0246930222443340e-01	   4.3801471102080913e-01	   5.2158755410938118e-01	   5.8971750805292944e-01	   3.6803492440107000e-01	   4.0227881435429819e-01	   4.3705656118112812e-01	   3.4274739106420105e-01	   7.1458384751565829e-01	   7.3030781665096856e-01	   7.3242224819751867e-01	   7.7030908527996478e-01	   5.1202788337401350e-01	   4.7551270259328937e-01	   2.2189894534193622e-01	   2.5102858551781543e-01	   1.0488053794371728e-01	   1.9924972820204756e-01	   4.1539940241203827e-01	   4.2994812718835496e-01	   6.8389626594525887e-01	   5.6622467204245219e-01	   3.4595269665528344e-01	   3.1917595083780637e-01	   6.7169747912384492e-01	   6.7964266073900892e-01	   9.0965411463304169e-02	   1.5772440407383626e-01	   3.4874366796693007e-01	   4.0603267479157240e-01	   3.6629177969779847e-01	   4.7259374328056747e-01	   6.4403859028724297e-01	   6.4646454510758955e-01	   3.7748943645549826e-01	   4.1082925503584861e-01	   4.7330379309124737e-01	   5.8771658920915415e-01	   5.1258490620915109e-01	   5.3119703271506336e-01	   5.3219252260360927e-01	   5.6695360501450864e-01	   5.7085055001644336e-01	   5.5154315776004315e-01	   6.8479402875416284e-01	   6.3797600033592328e-01	   6.3117847330334143e-01	   5.5768381653345966e-01	   8.0987828412944141e-01	   7.1227511923482023e-01	   7.3559822907024519e-01	   5.6809779786015990e-01	   7.2438030774148598e-01	   5.4058117504104997e-01	   7.9084967760759972e-01	   7.6128199352701365e-01	  -6.8154207869090350e-02	   1.7061547734299931e-01	   6.6787613931571055e-01	   6.6685018736987078e-01	   3.0126731794937789e-01	   3.8309384047706019e-01	   3.4182407229960077e-01	   3.8440907333894964e-01	   6.4752182475698872e-01	   5.6818034771514836e-01	   5.8652107951546228e-01	   6.1012502400082114e-01	   6.3765965775263811e-01	   6.3539034196962385e-01	   5.8564811590890009e-01	   6.3650544810605414e-01	   7.3945258714402595e-01	   7.2974828953736459e-01	   2.2472435792647819e-01	   3.9868207135688044e-01	   3.3478514299426665e-01	   6.0204853002959069e-01	  -7.1484537551418731e-02	   2.1468196427599520e-02	   6.5174069877481988e-01	   7.6287266350567950e-01	   4.4029494134846359e-01	   4.8714860459603915e-01	   3.3923131702091969e-01	   5.2455673756821097e-01	   2.3179529726140724e-01	   3.6532278203353738e-02	   3.9904381058497818e-01	   4.0630382802966469e-01	   5.8734104055539271e-01	   5.4011048517620863e-01	   4.5440147966089461e-01	   6.6018085797981230e-01	   5.1912814090637616e-01	   4.1971771416066017e-01	   1.3111046049414637e-01	   4.5419811157059849e-02	   1.9298175935847253e-01	   2.7446742021091092e-01	  -7.2390742351343906e-02	   2.1316714826989533e-01	   3.3579489138977225e-01	   4.2350592017535671e-01	   5.3115261800402891e-01	   3.6674933828250178e-01	   2.5189829887192906e-02	  -6.5609885202881371e-02	
   8.5315673243780688e-01	   0.0000000000000000e+00	   6.4612999681171313e-01	   6.5091670879490793e-01	   6.5821803545308066e-01	   5.7257786811752209e-01	   6.0654565760802726e-01	   5.4678484681425232e-01	   5.4417177748552181e-01	   4.8543682654872022e-01	   2.9485142832813233e-01	   4.9234213920909009e-01	   2.5846327085549159e-01	   3.5991334935786778e-01	   3.7009795163080100e-01	   3.9382853726877898e-01	   7.0904821375520355e-01	   7.6574544420962287e-01	   7.0418836675786411e-01	   7.8544200011848364e-01	   4.6057604757193565e-01	   4.7842068377186547e-01	   2.4737253787145058e-01	   3.4385517034173951e-01	   1.4049241964413306e-01	   2.3878460952836320e-01	   3.8246068676472700e-01	   4.2145063274596883e-01	   6.1595659666408342e-01	   5.5272171959849659e-01	   3.4355726394962166e-01	   3.4822722136865758e-01	   7.3231578757149551e-01	   7.6307157772414858e-01	   1.1264828771574201e-01	   2.1625987116163320e-01	   2.5998346373016257e-01	   3.7594192310849056e-01	   4.3652955334871024e-01	   5.0817948787299194e-01	   6.6183482369877589e-01	   5.9746559266867183e-01	   4.6219985683890136e-01	   4.4548759008840372e-01	   4.8157711749063525e-01	   5.8549656130565342e-01	   6.1414265734332907e-01	   6.2037776674065825e-01	   4.6576707736102430e-01	   5.0321967090944331e-01	   5.2042786526766838e-01	   5.2276051783530408e-01	   6.8255170599351656e-01	   6.1632730266247515e-01	   6.2857546847394286e-01	   5.8014029616634255e-01	   8.3747691471497843e-01	   8.9644561454402982e-01	   7.3713465085033514e-01	   6.8012140178658487e-01	   6.4031924255369987e-01	   5.3105901102737341e-01	   7.5108354173408221e-01	   7.5632109128584712e-01	  -2.4101253400205670e-02	   2.1689300587214341e-01	   7.6693710019080474e-01	   7.8675295741410933e-01	   4.8611150331628417e-01	   5.8618089092530745e-01	   1.6878890519687523e-01	   2.4336860820847256e-01	   5.2763758413668282e-01	   4.8413732726271164e-01	   4.4527071905862392e-01	   5.1013083033927176e-01	   5.1801233964689586e-01	   6.3400870073785953e-01	   7.0563234155687793e-01	   7.0172151132126170e-01	   7.1486256269988158e-01	   6.9831076485012855e-01	   2.0291329838612218e-01	   4.9234434392454379e-01	   2.5089782994388332e-01	   5.3461633173808631e-01	  -1.3666614471874658e-01	   6.3102769660711433e-02	   6.6609191615742236e-01	   7.9344720469588470e-01	   6.5058445899779915e-01	   6.2527629966722953e-01	   5.3148798206815184e-01	   5.9814044868380445e-01	   3.1236086982980737e-01	   1.5235609850847226e-01	   5.3515232342993058e-01	   5.3495362264190116e-01	   6.6663195353761406e-01	   6.4701681999245120e-01	   4.7074410475477502e-01	   6.6166700168548664e-01	   5.5653530271806717e-01	   4.9111506482477835e-01	   1.8666078723042673e-01	   1.4682346186750256e-01	   3.5974675918062693e-01	   2.8976963288136859e-01	  -5.1384863541414666e-02	   1.9261929985165760e-01	   4.3195604936191406e-01	   5.6767112668850628e-01	   6.2137288043694971e-01	   5.0610551174839724e-01	   1.2930761392494045e-01	  -5.6700439632483834e-02	
   6.5560128082306390e-01	   6.4612999681171313e-01	   0.0000000000000000e+00	   7.9550269522446759e-01	   6.8078107362691065e-01	   6.0135712775397099e-01	   7.7840271106261039e-01	   5.8940366926942744e-01	   6.5415574852558200e-01	   5.4839203651357149e-01	   2.8699350317478645e-01	   4.3982506786081965e-01	   3.9354239223154014e-01	   4.5841860963020448e-01	   5.8261432022843085e-01	   5.7425317807082832e-01	   5.2572321944125466e-01	   5.7525192669065162e-01	   7.3726498371377125e-01	   7.5589706489534669e-01	   5.9462324172779590e-01	   5.8595915650614472e-01	   6.3658992797545055e-01	   6.5162791433807765e-01	   3.7496507168442511e-01	   5.3830850864217950e-01	   5.5342387345307786e-01	   5.7834759522422918e-01	   6.3124634177453531e-01	   6.5656706151741251e-01	   7.3010875251285701e-01	   7.0478225102725478e-01	   7.7423791341694392e-01	   7.8530310395380176e-01	   4.4041588789975400e-01	   4.7161910312216454e-01	   3.3795208397671822e-01	   4.0909189916151489e-01	   5.5511500786263046e-01	   5.3086755659440321e-01	   5.9976196052943065e-01	   6.3509546334298317e-01	   3.9213891338440421e-01	   3.2621311996241081e-01	   4.3909625774797534e-01	   4.5086742108958294e-01	   5.1241708693061716e-01	   5.0086799479752397e-01	   3.7208334627062017e-01	   3.7970648035288579e-01	   4.4629023995907757e-01	   4.6031475557902762e-01	   5.5263918284491809e-01	   5.1360870828919147e-01	   5.7481714376208060e-01	   5.4385032974406444e-01	   6.1609787381611847e-01	   5.6880360041405209e-01	   5.8295638695564089e-01	   4.5235755463380911e-01	   6.8147561992366479e-01	   4.9545867587642284e-01	   6.1226278904796050e-01	   5.2990252487580647e-01	   3.5809143556817136e-01	   4.0920062988062955e-01	   7.0920189051129900e-01	   6.6441136277338919e-01	   2.8436092655022371e-01	   4.3284573340383731e-01	   4.6572869350566259e-01	   4.8037805078062651e-01	   6.6560043294755444e-01	   5.4200175421482821e-01	   6.7316582788149715e-01	   5.5438210901861407e-01	   7.0297784062586444e-01	   6.9625113899523838e-01	   5.8906552273434132e-01	   6.0336233590219512e-01	   5.5675377994647146e-01	   5.8295732732693206e-01	   2.8646767452834127e-01	   5.2398220652814642e-01	   4.3098463667172687e-01	   6.3525160930074032e-01	   8.3356806034328934e-02	   2.8889709095050409e-01	   7.3733673543492007e-01	   6.8352618273919552e-01	   6.2270994116621292e-01	   6.0073763121008794e-01	   6.1089286091478900e-01	   6.9607809264656251e-01	   4.3618479483160333e-01	   2.4339158778819084e-01	   5.1959687006500432e-01	   5.4438492244846359e-01	   6.2074269641935476e-01	   5.8743366886754944e-01	   4.1332324873683157e-01	   5.4991795557321566e-01	   4.9039185645536248e-01	   3.1725602382820284e-01	   2.9076782743079388e-01	   2.5069605354504487e-01	   1.8416267125546273e-01	   1.6900859049916639e-01	   9.9643440168145914e-02	   3.4496307099681400e-01	   4.4169825639163962e-01	   4.7538862705076262e-01	   5.6987102027360637e-01	   3.9855788402176673e-01	   1.4177549177603060e-01	   2.3449059389109561e-01	
   5.4025711839699531e-01	   6.5091670879490793e-01	   7.9550269522446759e-01	   0.0000000000000000e+00	   7.0773730652941769e-01	   8.1915288413038767e-01	   7.2584525777052056e-01	   8.0990427309436441e-01	   7.1959734366964612e-01	   7.5467850889108434e-01	   2.7790606946138580e-01	   5.6823372021562335e-01	   4.0709931283461570e-01	   6.2635030391265145e-01	   5.3155268321005233e-01	   6.5988650186893538e-01	   4.3905550132758819e-01	   4.7097864149841362e-01	   6.3058645637711508e-01	   7.6996125095875068e-01	   4.8124643840848919e-01	   5.3519806059744690e-01	   5.2463930984868679e-01	   7.3958668427440211e-01	   2.9697731395818039e-01	   5.2108967287286878e-01	   4.9440479198888049e-01	   5.8210365881154447e-01	   5.6945347439386351e-01	   6.0682641500430212e-01	   6.3831702922692901e-01	   6.7654895802376436e-01	   6.8113523734815606e-01	   7.4924917451886708e-01	   3.9670524331540646e-01	   4.9806920319959225e-01	   2.1605025609997780e-01	   3.3537894085517717e-01	   4.7654648233205210e-01	   5.5165944296218417e-01	   4.5728441406364684e-01	   5.3296267069256209e-01	   4.4548583763341576e-01	   4.0034563527724432e-01	   4.7508387114295481e-01	   4.8280557865321588e-01	   5.5884775986258195e-01	   5.6475701435259973e-01	   3.4709345594091767e-01	   3.8929156131205400e-01	   4.2145245859113689e-01	   5.1426412233537266e-01	   4.9903182731676998e-01	   4.3364067213027857e-01	   6.0383319892366738e-01	   5.1814575235331706e-01	   5.1935523680983153e-01	   5.2434336151063554e-01	   4.6583203445136478e-01	   5.3902336392485362e-01	   6.2438104973566710e-01	   6.8792284569049311e-01	   4.6186080033516330e-01	   4.5853323857144784e-01	   3.1109679094986603e-01	   6.3275769705700402e-01	   5.9749505772691069e-01	   6.6630199320785044e-01	   2.6107511102185049e-01	   4.2108219587429840e-01	   3.6662076425474144e-01	   4.9378140826472405e-01	   5.9051474581978869e-01	   5.2138780537507423e-01	   6.1175634886931896e-01	   5.4593723994324161e-01	   6.1432284608832455e-01	   6.4108263285057798e-01	   5.1536311616812269e-01	   5.4240512927588436e-01	   4.5930251153160240e-01	   4.8369859543189897e-01	   1.2282574432024092e-01	   3.9999796608137772e-01	   3.6419119126241972e-01	   5.9854601165399979e-01	  -3.2515406514754278e-02	   2.2374110536613612e-01	   7.1307693911961589e-01	   6.6986616728544957e-01	   6.6619781039278381e-01	   4.5250886088644515e-01	   6.9788319336005922e-01	   5.8210484187987943e-01	   4.6548766692016375e-01	   2.7842843995051747e-01	   5.6686944308551457e-01	   5.3460617258969401e-01	   6.5295745537422278e-01	   5.4146558680972001e-01	   3.2716659928658032e-01	   4.6398898363851165e-01	   4.8909196947494338e-01	   2.9130538869978284e-01	   3.9471913025232525e-01	   3.7447101234247859e-01	   1.3106723104182169e-01	   1.0556910201922463e-01	   1.0348014930972389e-01	   3.5199322071160943e-01	   4.7325236417495598e-01	   4.8832803519966572e-01	   5.5649357767314700e-01	   4.2333878623860177e-01	   2.1375434778440144e-01	   2.1504596546269772e-01	
   7.0556781184210704e-01	   6.5821803545308066e-01	   6.8078107362691065e-01	   7.0773730652941769e-01	   0.0000000000000000e+00	   7.7829806995194339e-01	   8.4669664065887207e-01	   7.3067109567436717e-01	   9.0484649884013557e-01	   6.9057551915371473e-01	   5.4985170981489118e-01	   6.7816775600937884e-01	   5.9078510124203754e-01	   5.9868561051940417e-01	   6.2587982427911926e-01	   5.3313707056206194e-01	   4.3761089734559583e-01	   5.1702759683849608e-01	   5.8232619831161159e-01	   6.7693664838791090e-01	   3.9310103877776664e-01	   3.9399754512419605e-01	   3.4421311906372021e-01	   4.1055219437140006e-01	   1.4113904925918042e-01	   2.4546404290721424e-01	   5.2532138592039057e-01	   5.5509359161216876e-01	   5.7207003789246802e-01	   5.1626348201050443e-01	   3.5114643344204255e-01	   3.3076415876594240e-01	   5.5813480762537970e-01	   5.7729298048640221e-01	   2.1073332343785039e-01	   1.9038156396131456e-01	   1.8504892337734641e-01	   1.8536910733006473e-01	   4.2678161279635674e-01	   4.8962615883742577e-01	   5.4644817457786399e-01	   5.0628989609484099e-01	   2.5257964385880211e-01	   2.7292360948778327e-01	   3.9969570849462710e-01	   5.5040815806282684e-01	   3.5949462798515175e-01	   3.6857844650088373e-01	   4.9648059243890441e-01	   6.1300031599725702e-01	   6.5396118045754237e-01	   6.4886022777689722e-01	   7.2512584242713163e-01	   6.8922351390431902e-01	   6.1541383653135573e-01	   4.9571550401591358e-01	   5.3537420865567187e-01	   5.0373231549251607e-01	   7.3243512750098705e-01	   6.6030091475965569e-01	   8.2000316419305375e-01	   7.1303975056349500e-01	   6.3304149103472607e-01	   6.1832736847354430e-01	   2.2439089381735622e-01	   4.9349456206829967e-01	   6.2329939615026564e-01	   6.4093684483940883e-01	   2.0038631690949926e-01	   3.1581534477144213e-01	   3.5516504867254484e-01	   4.7059829138860865e-01	   5.5301984182565789e-01	   5.0312148516272892e-01	   6.4246021127820674e-01	   6.0761709294160493e-01	   5.7971344733098418e-01	   4.4974534458806109e-01	   3.9202502288995694e-01	   5.0617047683047534e-01	   5.5970112586397125e-01	   5.5700103070499007e-01	   2.9487031645544909e-01	   4.0324217397845052e-01	   4.5402698463079666e-01	   5.9090048665058270e-01	   3.6794924265236145e-02	   1.0328531358371562e-01	   8.0069568227283028e-01	   7.9342558897315130e-01	   4.5595838922174392e-01	   4.3406946259389201e-01	   5.0733663149258590e-01	   5.4906453359784835e-01	   3.4483548801077990e-01	   2.1701412389098729e-01	   2.4230862893787170e-01	   2.6660732763133299e-01	   4.7377506961615895e-01	   4.2407987020280657e-01	   4.1184823746764193e-01	   6.0601506034531893e-01	   5.2454846045791026e-01	   3.9684495241506218e-01	   1.2390415582302841e-01	   1.6143600851237769e-01	   7.0612006439331493e-02	   2.0226585830849914e-01	   2.1279806846758870e-01	   1.7328834848449634e-01	   1.0360905999029507e-01	   2.1086969743720602e-01	   4.2391707395637235e-01	   2.4824123007971310e-01	   4.1670181417998876e-03	   6.9769851414077322e-02	
   5.3808192774505548e-01	   5.7257786811752209e-01	   6.0135712775397099e-01	   8.1915288413038767e-01	   7.7829806995194339e-01	   0.0000000000000000e+00	   7.4974375667406168e-01	   8.8279403051711114e-01	   7.8612807590967471e-01	   8.6500121275731101e-01	   4.0637982306625708e-01	   7.4602130655230070e-01	   4.1329428883098301e-01	   6.5703561569945268e-01	   4.8954889746457192e-01	   5.5807343289520461e-01	   4.6628662029478185e-01	   4.1924527434437664e-01	   4.3735599947753756e-01	   6.7344957127491267e-01	   4.8848344766627438e-01	   4.9998421247890817e-01	   2.7241378218233048e-01	   4.6464830549696201e-01	   6.8070939923923546e-02	   3.4270564285644800e-01	   4.3129580778760584e-01	   5.1753453668146299e-01	   5.6321356979556703e-01	   5.3556676576424278e-01	   3.9394759561164105e-01	   4.2242937954615739e-01	   5.2116127369405696e-01	   6.2079691512651436e-01	   1.6666572036566368e-01	   2.1886154603246577e-01	   9.1641996885203636e-02	   1.6929557532189762e-01	   3.8556010540173191e-01	   5.4032919892022557e-01	   4.1143344864291997e-01	   4.7431155730056035e-01	   3.5312732636522626e-01	   4.0515441086494552e-01	   4.5777165355306315e-01	   5.8001737455396385e-01	   4.6764112125858504e-01	   5.0356177351860310e-01	   4.7570022754110153e-01	   6.0347243171644260e-01	   6.0691876248700383e-01	   6.6953948420138532e-01	   6.4112636044105553e-01	   5.8540903444562986e-01	   6.4615558273043172e-01	   5.7645267028991987e-01	   4.6379938513250640e-01	   4.2038091917504788e-01	   5.0951418849546404e-01	   6.2501709980201148e-01	   7.0311043028273479e-01	   8.9035282317579489e-01	   5.6949879837601081e-01	   5.9913793448076225e-01	   1.2108973448554425e-01	   5.8221654383908983e-01	   4.7579260737380263e-01	   5.7817115108065198e-01	   1.6505240345040664e-01	   3.1194354025299531e-01	   2.6554255096337026e-01	   4.1850450956666185e-01	   5.3555276651007466e-01	   4.9012556245277605e-01	   5.6751023868522144e-01	   5.3425440334247698e-01	   5.2026837469412179e-01	   4.7018704774756248e-01	   4.0042413975469515e-01	   4.3532650880341905e-01	   4.9246907933772760e-01	   4.3064286418048159e-01	  -8.1872431232743702e-03	   2.2906176359025204e-01	   2.8198860526719233e-01	   5.8181952107234869e-01	  -1.5039076859273856e-01	   5.2873851898806848e-02	   6.1492036528718641e-01	   7.3593592194852653e-01	   4.0493799496236693e-01	   2.3245062289252807e-01	   4.5722434991857464e-01	   3.5874547805233142e-01	   4.1052161959668787e-01	   2.1220333242155279e-01	   3.4041970024530510e-01	   3.2105756630383891e-01	   4.6401605888943465e-01	   4.1220589018947468e-01	   2.6870463300704461e-01	   4.6537889316115244e-01	   4.6532023811902945e-01	   3.0135617376214963e-01	   3.1623470516044450e-01	   3.1746791888046250e-01	   5.9406383057773314e-02	   1.3813518773536412e-01	   2.4339206441826278e-01	   2.4989261572147492e-01	   1.5454101224700159e-01	   2.3311491252048533e-01	   3.7016264872824117e-01	   2.4567678834223022e-01	   1.6172096905477149e-01	   2.2067433572784378e-01	
   6.8545705355562803e-01	   6.0654565760802726e-01	   7.7840271106261039e-01	   7.2584525777052056e-01	   8.4669664065887207e-01	   7.4974375667406168e-01	   0.0000000000000000e+00	   8.4202378007637479e-01	   8.2560867456042852e-01	   6.4427262689462950e-01	   5.2746414756642612e-01	   7.4577370343869354e-01	   6.1021876485811677e-01	   6.3815422140648637e-01	   5.1803099056562008e-01	   4.6275229964240727e-01	   4.9467294676622153e-01	   4.9274715389887147e-01	   5.9603660359038635e-01	   7.4816582153802980e-01	   4.3404124984944714e-01	   3.5965010650804141e-01	   3.1855347696595127e-01	   3.7792882824710095e-01	  -2.2501448295744856e-02	   1.6301659401359125e-01	   3.6567151260093450e-01	   3.8095257703082785e-01	   6.8103123421279177e-01	   6.1272594028686522e-01	   4.0721030432542948e-01	   3.6202995425015244e-01	   6.4636292518537053e-01	   6.4927466645658316e-01	   1.5156558186354407e-01	   1.5429967601328562e-01	   1.6786589968050331e-01	   1.7924940290104679e-01	   4.5418854735679176e-01	   4.4878734990065378e-01	   5.0559156344581213e-01	   4.9752482345663368e-01	   3.1777686194293431e-01	   3.4052349084808853e-01	   4.8600174274188679e-01	   5.8362692769199076e-01	   4.1778722545378666e-01	   4.1667965395519285e-01	   5.2806872919076586e-01	   6.0384138402172849e-01	   6.4439395491068430e-01	   6.1648556872066362e-01	   6.8257853475103925e-01	   5.6021292985429416e-01	   6.3108883231585278e-01	   4.8282529027156829e-01	   4.6342379921945975e-01	   4.2043213027020965e-01	   6.9327264976779568e-01	   5.4819050646243883e-01	   8.8675088531366364e-01	   7.2293463234185551e-01	   7.2546919773751994e-01	   6.5672089830194091e-01	   1.3141768570630666e-01	   3.8110932925502994e-01	   6.7195726374168852e-01	   6.5036277541978393e-01	   2.4711957673237595e-01	   3.7141662556288579e-01	   3.8235592654235911e-01	   4.3812460565557398e-01	   6.0961893585387150e-01	   4.7572469597597394e-01	   6.1907802096543330e-01	   5.0995087957672203e-01	   6.3402950584990203e-01	   5.1802382957401794e-01	   4.2882236853916955e-01	   4.3875840948154465e-01	   5.6713455226068332e-01	   5.0409390000011689e-01	   1.2249866572919575e-01	   3.2746285197079439e-01	   3.4843020685475878e-01	   5.5497088309607445e-01	  -1.3397644186914354e-01	   2.3845826252352881e-03	   7.0406696154114079e-01	   7.1634910546951180e-01	   4.9145796939012443e-01	   4.2341965236895757e-01	   4.9985449301201701e-01	   5.7757452362244877e-01	   4.0918649015031860e-01	   2.6822791075441466e-01	   3.3812524585745768e-01	   3.5401263557334040e-01	   4.9382131563989540e-01	   4.3783872531194024e-01	   4.5545913895217310e-01	   7.0219073973349733e-01	   5.5291269435812551e-01	   3.8268679026668867e-01	   2.9276989220056487e-01	   2.0325141857880397e-01	  -8.3812383267329957e-03	   1.3516041918705110e-01	   2.4367484025469646e-01	   3.0062323248277034e-01	   2.5266236724379998e-01	   3.4797385025904937e-01	   5.7738533278533066e-01	   2.7289386323116666e-01	   4.2311225308642605e-02	   1.9725797268674272e-01	
   5.3787449400315757e-01	   5.4678484681425232e-01	   5.8940366926942744e-01	   8.0990427309436441e-01	   7.3067109567436717e-01	   8.8279403051711114e-01	   8.4202378007637479e-01	   0.0000000000000000e+00	   7.6611594123872573e-01	   8.0033606042281336e-01	   4.0023009391300302e-01	   7.9946490628261868e-01	   4.3151488166122309e-01	   6.6948651789281899e-01	   3.0568179220911346e-01	   4.0469027176736549e-01	   4.2584732338608167e-01	   3.8076987171323795e-01	   3.9516925604684605e-01	   6.5758524255576367e-01	   3.3780483860343619e-01	   3.1038378868487487e-01	   1.4190181499468046e-01	   3.4143201821058899e-01	  -9.4465255155483902e-02	   1.6459238349058450e-01	   1.8984219074530934e-01	   2.6799033698554753e-01	   5.8649451694838584e-01	   5.5986565898365459e-01	   3.1349450920481875e-01	   3.3481937420269631e-01	   5.1638383519754028e-01	   5.9136412499048507e-01	   7.7572266740347631e-02	   1.3670394561460386e-01	   4.6663954541586498e-02	   1.1182360945219552e-01	   3.0337707412281989e-01	   4.3846337031210841e-01	   3.2991908452020935e-01	   4.1112463150639394e-01	   4.0481874065562973e-01	   4.7138639907862773e-01	   5.3819942225219475e-01	   6.1885330248544457e-01	   4.8844920644464085e-01	   5.1106442533906637e-01	   5.3609532204247590e-01	   6.2620853074586347e-01	   6.2514155382097680e-01	   6.6002751815549709e-01	   5.9046846792024010e-01	   4.5821697150689589e-01	   6.1505823989912911e-01	   4.7330703007665087e-01	   3.5135659465938712e-01	   3.1504530828731597e-01	   4.6183611345180497e-01	   5.0643282675970580e-01	   7.3063549335035183e-01	   8.6704089962196551e-01	   5.3353750572446168e-01	   5.8951869101747212e-01	   4.2498718323383228e-02	   4.8298019088458494e-01	   4.7458880768829048e-01	   5.5699237588466466e-01	   1.2119389389348670e-01	   2.5219128005492392e-01	   2.8109453606973095e-01	   4.2234461317692368e-01	   5.4370066544938445e-01	   4.7936090505204471e-01	   5.1645845799415957e-01	   4.6815743490688244e-01	   5.1764645700298262e-01	   4.5915667534955640e-01	   3.5889287710671758e-01	   3.4754478090723151e-01	   4.4994670108345264e-01	   3.9621627154915279e-01	  -1.7731924925678599e-01	   8.0826907807642706e-02	   1.3747489244406025e-01	   4.5735868035940547e-01	  -3.2732414330583620e-01	  -1.2414925346314599e-01	   5.2816803962064807e-01	   6.1110409371863827e-01	   4.1347171646845121e-01	   1.7444613639421280e-01	   4.0881083400661156e-01	   3.2018991802232499e-01	   3.9840859184095645e-01	   2.0192600551497569e-01	   3.5768925069236374e-01	   2.9978527396182497e-01	   4.6168450607178541e-01	   3.7745394688080181e-01	   3.2323229923366831e-01	   5.2181476996425225e-01	   5.2140372845317862e-01	   2.6845695449604090e-01	   3.3150161702985242e-01	   2.6635312088396512e-01	  -4.3758537039108897e-02	   8.9701901223207675e-02	   2.0108468710473962e-01	   2.6370032757784506e-01	   2.3174691776867995e-01	   2.9274943584840513e-01	   4.5359001966066431e-01	   2.4518888331247535e-01	   8.9001517745398856e-02	   1.8484579350899719e-01	
   6.0246930222443340e-01	   5.4417177748552181e-01	   6.5415574852558200e-01	   7.1959734366964612e-01	   9.0484649884013557e-01	   7.8612807590967471e-01	   8.2560867456042852e-01	   7.6611594123872573e-01	   0.0000000000000000e+00	   7.9407200224152996e-01	   4.8619539328475042e-01	   6.2736191655261253e-01	   6.4068728985446455e-01	   6.1422392083841038e-01	   6.1614041733158398e-01	   5.5452599846337502e-01	   3.1971015706206452e-01	   3.7691161720954580e-01	   4.8424791428399994e-01	   5.9604293179046808e-01	   3.1648725238522357e-01	   3.1482212044266905e-01	   3.6263290810055604e-01	   4.3089583980217899e-01	   1.3987347016562110e-01	   2.8133273207361431e-01	   4.1421130250728966e-01	   4.7983865107153889e-01	   5.0061645194585835e-01	   5.0170596780356536e-01	   3.7258345300139073e-01	   3.6118101032563388e-01	   4.9343198590202381e-01	   5.4740630906140220e-01	   2.7874470022343367e-01	   2.4218915705135227e-01	   1.3120236669024521e-01	   1.4664774318025167e-01	   3.6678275877783617e-01	   4.2543184270154194e-01	   3.9960327885207536e-01	   4.2074631897213793e-01	   2.0586963778697012e-01	   2.0865387326976365e-01	   2.9322299524140016e-01	   4.2241969510734750e-01	   3.0889880819209226e-01	   3.0138986173600002e-01	   4.0718459162300769e-01	   5.2367724091401113e-01	   5.9277528168342575e-01	   5.7978750899181608e-01	   6.3435145941614823e-01	   5.7332697065717209e-01	   5.3560107389571521e-01	   3.9735818915222704e-01	   4.3996907071355867e-01	   3.8197298984451594e-01	   6.2327606218211684e-01	   5.6263313150067651e-01	   8.4603139235855640e-01	   7.7239409143594651e-01	   5.0619693497995111e-01	   4.7629872994992273e-01	   3.7174818096043150e-01	   6.5040157128994791e-01	   5.0116868546851412e-01	   5.0937624022089933e-01	   1.2392320516086057e-01	   2.4171663150739287e-01	   4.1560473704752721e-01	   4.8952320244295805e-01	   5.4203541892572538e-01	   4.8222916868427351e-01	   6.5887770742390539e-01	   5.3921275865847973e-01	   5.4259069115537606e-01	   3.7858814420298142e-01	   3.2154517568198165e-01	   4.3230455365691101e-01	   4.2281844664471957e-01	   4.2775149997654860e-01	   1.2607919725350158e-01	   2.7458081526506739e-01	   3.8736753362481169e-01	   4.3135334542341480e-01	  -1.8338471523473270e-03	   1.1614689626698171e-01	   7.2958553507445600e-01	   6.6985275377989351e-01	   3.7760034175468282e-01	   2.8964979192687101e-01	   4.7709553437780200e-01	   4.6878488957244446e-01	   3.1382503023530800e-01	   1.6816620583097996e-01	   2.1936840299779434e-01	   2.1705282374240070e-01	   3.6188281102882358e-01	   3.2434457731874244e-01	   2.3971637699052412e-01	   4.5915347124164718e-01	   4.1292050257627594e-01	   3.3995172226205905e-01	   2.1761822085938046e-01	   2.5884505638779742e-01	  -5.0412289712719528e-02	   1.0433630094512809e-01	   1.9307730509329701e-01	   1.8608549901791865e-01	   1.2310862706180431e-01	   1.2388516452986631e-01	   3.3873436324657769e-01	   2.2958124861646687e-01	   6.8544420244517082e-02	   1.8689992647958617e-01	
   4.3801471102080913e-01	   4.8543682654872022e-01	   5.4839203651357149e-01	   7.5467850889108434e-01	   6.9057551915371473e-01	   8.6500121275731101e-01	   6.4427262689462950e-01	   8.0033606042281336e-01	   7.9407200224152996e-01	   0.0000000000000000e+00	   2.2723765181350830e-01	   5.4594359648604018e-01	   3.0524633587196159e-01	   5.7365293876236467e-01	   4.2829299906984636e-01	   5.7867159930313961e-01	   3.0673248200829334e-01	   2.6920672869605788e-01	   3.5010824091721138e-01	   5.7886942529665064e-01	   3.3104706929815142e-01	   3.8602540614508313e-01	   1.6425693547323955e-01	   3.9002368579923624e-01	   9.2448111573296909e-02	   3.4032870563958623e-01	   2.9239298203196340e-01	   4.1217703896815178e-01	   4.4609308391547209e-01	   5.0667779281061109e-01	   3.7316377340146167e-01	   4.0397126941059752e-01	   4.5707819068060856e-01	   5.5129935225812354e-01	   1.2379363094188635e-01	   1.8648839335987896e-01	   9.1434766893283177e-03	   1.4762023552092068e-01	   3.0997889768078402e-01	   4.6711201895838106e-01	   2.9360935803243249e-01	   3.9044407085392430e-01	   2.6763569784448837e-01	   2.6624681607166173e-01	   2.7259896746796430e-01	   3.6747063984024314e-01	   3.9952000250936132e-01	   3.9730475780173569e-01	   3.4214244276072170e-01	   4.4022555872895552e-01	   5.1072066367813485e-01	   5.1215543963802568e-01	   5.2884815981136701e-01	   4.5517104947882187e-01	   5.0535162863192518e-01	   4.3156704107089106e-01	   4.0417576738623373e-01	   3.8596192304260823e-01	   4.3003860489701112e-01	   5.7870846663391406e-01	   6.5266293536413789e-01	   8.7053475762948451e-01	   4.3718584190126875e-01	   4.5878049024484557e-01	   1.5354241969387522e-01	   6.0437375626685164e-01	   3.8336048220191088e-01	   4.6575924142287778e-01	   1.8911176794582824e-01	   3.2036310867320417e-01	   1.9072388742155297e-01	   3.1858970282632570e-01	   4.4511587260542074e-01	   4.9031027599465798e-01	   4.8951714261289742e-01	   4.6734903785792381e-01	   3.9401640185297682e-01	   3.3556745552400047e-01	   3.3134671107572755e-01	   3.2818846176093586e-01	   3.3172318053140704e-01	   2.9784090543893438e-01	  -1.0736549505612084e-01	   1.4556335463553510e-01	   1.1531157104509729e-01	   3.6188484410743171e-01	  -2.2596273758041630e-01	   3.5230616262358086e-02	   5.1708759643979207e-01	   6.2880352240480697e-01	   3.6925568947344134e-01	   1.4429366374124675e-01	   4.3656585194290537e-01	   2.3765402429487612e-01	   3.6811992304952218e-01	   1.7143319647834376e-01	   3.0764064794639506e-01	   2.6238534344826264e-01	   3.4105809676517140e-01	   3.1854527096728835e-01	   2.3315931288241576e-01	   3.5063620177405375e-01	   4.6889912819764423e-01	   3.1569576936207405e-01	   2.5220462325566406e-01	   2.8681532269307619e-01	   4.8949587554117907e-02	   1.9268286695771317e-01	   1.4662327504906675e-01	   1.9724921227367639e-01	   1.4739176984331973e-01	   1.5005902053541575e-01	   2.6400340904371455e-01	   2.3462818984222975e-01	   1.2797156460903730e-01	   1.8586780237685449e-01	
   5.2158755410938118e-01	   2.9485142832813233e-01	   2.8699350317478645e-01	   2.7790606946138580e-01	   5.4985170981489118e-01	   4.0637982306625708e-01	   5.2746414756642612e-01	   4.0023009391300302e-01	   4.8619539328475042e-01	   2.2723765181350830e-01	   0.0000000000000000e+00	   7.3387734444165786e-01	   7.3900649764859183e-01	   6.8587253061581155e-01	   6.2048297353109994e-01	   4.3198223799530694e-01	   3.6902942135071831e-01	   3.6374147030875237e-01	   4.8975532924745269e-01	   4.5894870675587007e-01	   3.5405450849013026e-01	   2.5969667123668300e-01	   3.5176309755854213e-01	   2.6540195095312974e-01	   1.8834547161100113e-01	   2.0421956543414366e-01	   4.2990336015158059e-01	   3.0091839105876711e-01	   6.0684544829588927e-01	   4.7071705243632955e-01	   3.1607704595216335e-01	   2.7441252177001169e-01	   2.4771919583783047e-01	   2.4599423626011985e-01	   1.0376020163431610e-01	   3.4373543371988911e-02	   4.7414737869390466e-01	   3.1453010826076599e-01	   3.8708702243414478e-01	   3.7651788000622044e-01	   4.4790443131223434e-01	   4.2411514863194921e-01	   2.4108177217075571e-01	   3.0724097622168933e-01	   3.4723240623860457e-01	   4.1826688147706104e-01	   2.9169006718556262e-01	   3.0418680034778334e-01	   4.8415894879001997e-01	   4.7962942425621780e-01	   4.8237206870347704e-01	   4.4305235810915800e-01	   4.1588179980051465e-01	   4.0227999093964734e-01	   5.6223030056445888e-01	   3.7040293004384084e-01	   2.2661358831254766e-01	   7.7195288709822063e-02	   3.7006272695011655e-01	   2.1003981217615469e-01	   4.2039873176717885e-01	   3.0203017693767581e-01	   4.0042201472964328e-01	   2.8304912649273384e-01	   6.7089434098455109e-02	   1.9213098628225611e-01	   2.2948484674346797e-01	   2.1659868705073515e-01	  -6.2391262966307336e-02	  -2.7395041754904523e-02	   5.5262495890086705e-01	   5.2260354306365508e-01	   5.3355251102759405e-01	   4.8913375873289533e-01	   6.2981680324030731e-01	   5.9429644123297454e-01	   6.0643416287842078e-01	   4.2537321745142576e-01	   1.6249544061743054e-01	   3.1435124070786347e-01	   4.0210250592968549e-01	   4.2596652295634990e-01	   4.8749494070234889e-01	   3.4756893983328085e-01	   6.5899771530035189e-01	   4.8568155143848724e-01	   3.9678757811944421e-01	   1.6840880512409062e-01	   4.8919220661769747e-01	   3.3490772042878647e-01	   5.9715580426413770e-02	   1.0577488983878346e-01	   5.4703855423262254e-02	   2.5090841191796859e-01	   1.2769402844486583e-01	  -5.7374118027887300e-03	   1.2971183265410374e-01	   6.1511743603083792e-02	   3.5054509011170965e-01	   2.0307094186526167e-01	   1.1807973512517667e-01	   2.9219412467692463e-01	   1.3727378183857164e-01	   1.0477278908749400e-02	   1.9479166941125053e-01	   1.5559339556272703e-01	  -1.0165280958353856e-01	   9.5810476155942847e-02	   2.3070149614834051e-01	   2.2305924179875058e-01	   5.1792007413081889e-02	   7.6524533211072443e-02	   1.7640396604753966e-01	   9.9213331729157833e-03	   6.9563893403527012e-03	   1.3002537423700794e-01	
   5.8971750805292944e-01	   4.9234213920909009e-01	   4.3982506786081965e-01	   5.6823372021562335e-01	   6.7816775600937884e-01	   7.4602130655230070e-01	   7.4577370343869354e-01	   7.9946490628261868e-01	   6.2736191655261253e-01	   5.4594359648604018e-01	   7.3387734444165786e-01	   0.0000000000000000e+00	   6.0533564064055434e-01	   8.3727938455294537e-01	   4.4130929567106031e-01	   4.3960712985388334e-01	   4.2749068768981469e-01	   3.6563202994467758e-01	   4.0329995165204280e-01	   5.9329688991142915e-01	   3.2293848552970006e-01	   2.6147191592669022e-01	   2.2952393628209716e-01	   3.0402061331528629e-01	   2.9342690428253073e-02	   1.5797413928721271e-01	   3.0170880110708503e-01	   2.4964995341530541e-01	   6.0845353210886355e-01	   5.0576304754226853e-01	   2.7435514175149001e-01	   2.7137151532812315e-01	   4.2232219121801157e-01	   4.5335840586500264e-01	   1.1216872446658895e-01	   1.2428341015498345e-01	   2.5697644157922939e-01	   2.0479690944368351e-01	   3.3887684943695962e-01	   4.5095589736629876e-01	   4.4922852249377432e-01	   4.8416186100590858e-01	   3.6228393667191061e-01	   4.5020106204674404e-01	   5.5265501432501729e-01	   6.8128948660273436e-01	   4.2431032564805926e-01	   4.5922738391783724e-01	   6.8395764523569413e-01	   7.5699244659023535e-01	   7.6280982013685006e-01	   7.6226468925978708e-01	   6.9569629978468606e-01	   6.0795685638453933e-01	   7.3694765887435065e-01	   5.9873798197520811e-01	   3.2382198218831382e-01	   2.1662016474593593e-01	   4.8398094740145614e-01	   4.4162747106886913e-01	   6.5209971684557799e-01	   6.4452091867834949e-01	   5.8634527539558368e-01	   5.6875817126217676e-01	   4.2916284512709629e-03	   2.9834083494383218e-01	   4.3216360335660631e-01	   4.9925450866495835e-01	  -3.1833624369513851e-04	   1.0218186936092315e-01	   4.1372701425421088e-01	   4.5422631091980936e-01	   5.3292368305750704e-01	   4.8124912015946342e-01	   5.5399080095211994e-01	   5.4580956781324186e-01	   6.0158163771410667e-01	   5.0154184668246982e-01	   2.2498599425724330e-01	   2.5509391401392711e-01	   4.5863810287614049e-01	   3.8940104183767332e-01	   1.5434823418521876e-01	   2.1822053572720673e-01	   3.8120843719048192e-01	   5.7634607794534598e-01	  -2.3780691699291905e-02	   3.5508529031904462e-02	   5.0645649170576745e-01	   5.8293229698271709e-01	   3.0679358030431647e-01	   2.1665871432349432e-01	   2.5298819379134579e-01	   3.1962523824049321e-01	   3.1606055869930527e-01	   1.3626467259167971e-01	   2.4969403468018483e-01	   1.8420453786500762e-01	   4.9904710861205470e-01	   4.1557081509819505e-01	   2.8574891791851548e-01	   5.3364416141605453e-01	   4.3333200182652898e-01	   1.9115968224760541e-01	   3.1877858053771058e-01	   1.9720792612983559e-01	  -5.9299522859486697e-02	   7.8865590746359418e-02	   2.8496845023427325e-01	   2.2885980905934517e-01	   1.0333180665674155e-01	   2.0440507146925424e-01	   4.1354918171453448e-01	   1.3473165787179184e-01	   7.2571624490977815e-02	   1.6931609265094927e-01	
   3.6803492440107000e-01	   2.5846327085549159e-01	   3.9354239223154014e-01	   4.0709931283461570e-01	   5.9078510124203754e-01	   4.1329428883098301e-01	   6.1021876485811677e-01	   4.3151488166122309e-01	   6.4068728985446455e-01	   3.0524633587196159e-01	   7.3900649764859183e-01	   6.0533564064055434e-01	   0.0000000000000000e+00	   7.5313327480268311e-01	   7.4755953895663996e-01	   6.4775926181076882e-01	   1.3971999114670539e-01	   2.2560823905892660e-01	   4.5319158619181132e-01	   4.0169172879647996e-01	   2.0809819586585940e-01	   1.7275447389908138e-01	   5.7049694677781126e-01	   4.8381804998358435e-01	   3.0098076244742755e-01	   2.7772214079195462e-01	   4.0092095138781503e-01	   3.0279165993045792e-01	   4.5631851926854661e-01	   4.8321018064877747e-01	   3.9045243596634693e-01	   3.4741011360515034e-01	   3.2179770369239324e-01	   3.1235281356668543e-01	   4.5004600641254366e-01	   3.3602678889840287e-01	   2.6926105861131244e-01	   1.8754542868304183e-01	   4.2065886471282304e-01	   2.9132886394295665e-01	   3.3314322962098430e-01	   2.4808148131913099e-01	   2.0694752179977000e-01	   1.0773713023518033e-01	   2.7808110224061072e-01	   2.7730755024513032e-01	   2.1997851375265964e-01	   1.4385996140480950e-01	   2.7834810652117309e-01	   3.0614256748506558e-01	   3.6764315601461534e-01	   3.3466427179319230e-01	   3.5798154099369373e-01	   2.9291624500413116e-01	   4.6074909501414740e-01	   2.1810188870300651e-01	   1.1342420529274670e-01	   6.6404754601057686e-02	   4.3296032985566563e-01	   2.4612945007120413e-01	   5.6637159197021614e-01	   3.3054589344131313e-01	   2.5871651440482291e-01	   1.2770911063708068e-01	   5.1311280223482958e-01	   5.1361735419600829e-01	   3.8111552071419041e-01	   3.2072579334683171e-01	   6.3200797156315186e-02	   1.3369472675995558e-01	   4.9805143269331270e-01	   3.9176032795723453e-01	   3.6449163536356766e-01	   2.8411698841746352e-01	   5.8586971503684349e-01	   4.0089478620141872e-01	   4.8785587344294251e-01	   3.2090193811142109e-01	   1.7141192589612061e-01	   2.8549464683026976e-01	   2.4495169948821527e-01	   2.6811284083593595e-01	   4.6224707816333316e-01	   4.5469494005912459e-01	   7.1135910360219445e-01	   3.3130711249502276e-01	   4.3602709523439598e-01	   3.8076653993809118e-01	   6.4208321426086223e-01	   3.0332456615896675e-01	   3.0282098943427571e-01	   2.6418296617834364e-01	   3.8176794006207937e-01	   4.8560335050913750e-01	   2.1542906474506474e-01	   1.6298432089363191e-01	   1.8743966950848495e-01	   9.0629756112670212e-02	   2.9377299011256031e-01	   2.0489970698719054e-01	   1.2574184322102427e-01	   3.2310507928486509e-01	   1.7413072266002494e-01	   2.4899247415367315e-01	   3.4942140861489279e-01	   3.7557529908622139e-01	  -5.1632148236692398e-02	   6.5321276450748479e-04	   2.3713719698689495e-01	   1.9060785846228345e-01	   1.5782409088136959e-01	   1.1911054889329120e-01	   3.2616734137627673e-01	   1.8950833903694769e-01	   2.0021976372088079e-01	   3.0255246892154625e-01	
