   0.0000000000000000e+00	   9.0839597340453793e-01	   5.4033981062238157e-01	   4.3149504706323766e-01	   5.0434995372172486e-01	   5.4656075722252351e-01	   7.4972103993641792e-01	   5.1866619568493855e-01	   5.8381824941031424e-01	   5.9205228756820993e-01	   8.1933157955632430e-01	   6.8147849219259393e-01	   7.6615650196687390e-01	   5.9478937008650146e-01	   7.8404405676477529e-01	   6.0943696658629143e-01	   6.5774166434382753e-01	   5.7171767739768609e-01	   8.5080016085613064e-01	   8.1003963875259966e-01	   4.2904086375981054e-01	   3.6306522171202726e-01	   2.8271807723248221e-01	   1.3704859953899245e-01	   6.8645533824866947e-02	   1.0436047337140594e-01	   3.4150600262985065e-01	   4.1657832135991774e-01	   7.1619260995583234e-01	   6.1372274835509910e-01	   2.5602654350418802e-01	   1.3654843113846554e-01	   5.7943678987214808e-01	   5.2323423783345602e-01	  -3.9427165796171684e-02	  -1.0427103531792509e-01	   3.3195252408694720e-01	   5.8764864338331120e-02	   1.8933056773780216e-01	   1.9931581345017471e-01	   4.8725731984707510e-01	   2.5363260492011364e-01	   5.2087336001377960e-01	   5.9530160705665369e-01	   5.1324780626999700e-01	   5.5725337019791354e-01	   5.7659491152618525e-01	   6.4587569531962385e-01	   7.4735650646980112e-01	   7.3561979609579231e-01	   7.1249583388251136e-01	   6.6912084713755560e-01	   7.4232054060467378e-01	   8.0673165496726196e-01	   7.6179149155437931e-01	   6.9092069020667779e-01	   8.1932335588885197e-01	   8.1953093442440239e-01	   7.9188395337450945e-01	   7.3491966068033254e-01	   7.6157134969541596e-01	   5.6736006591192911e-01	   6.5371533790748326e-01	   5.6450354823317817e-01	   1.7489077263719416e-01	   1.5025309380821816e-01	   4.1663907824304014e-01	   2.6205624268024397e-01	   6.7346257752133099e-01	   4.6436763740352810e-01	   4.2091128421493990e-01	   5.2671746852599122e-01	   6.2929091146155458e-01	   6.4492416780388984e-01	   6.9483392226980434e-01	   5.4894463090371626e-01	   3.7791204085213037e-01	   1.9001956521208183e-01	   4.6788618906283547e-01	   5.2240999413320766e-01	   7.5406382936618654e-01	   7.3308495768733561e-01	   7.7813291595256617e-01	   4.2389352711958478e-01	   6.7184533977756189e-01	   6.7259061606081405e-01	   6.9428895866940521e-01	   4.9853217750847317e-01	   7.0013026235802511e-01	   7.3081997171687374e-01	   6.4171838465298547e-01	   3.9442979970194336e-01	   2.4790817842764071e-01	   5.5300198644416454e-01	   1.8769870003099154e-01	   9.5566788419900572e-02	   4.2935634520046884e-01	   4.3799907076454925e-01	   6.7147781325845435e-01	   7.0538808401708142e-01	   3.9986415040965856e-01	   6.3537543003354058e-01	   5.6958545470690269e-01	   6.2004435081275155e-01	   2.4017150498314743e-01	   2.5465409142698231e-01	   2.3947678377611870e-01	   3.8979298353840042e-01	   6.9370713625432998e-02	   3.1770880235975002e-01	   4.1940103836489007e-01	   4.6834953252446276e-01	   3.9846115436304419e-01	   4.5320026803937108e-01	  -3.5093913867751722e-02	  -7.7939776692799514e-02	
   9.0839597340453793e-01	   0.0000000000000000e+00	   4.5832828995985686e-01	   4.4837813651735697e-01	   5.1423178914281320e-01	   5.7636895884522543e-01	   6.7635657605967237e-01	   5.0639200370800164e-01	   4.9359659966099584e-01	   5.5114389562870836e-01	   7.7133650534225173e-01	   7.0116202650845927e-01	   7.0355179041890614e-01	   5.7811180965679720e-01	   6.4597771983669960e-01	   5.3696401240512626e-01	   7.6503908476309179e-01	   7.3479601908028092e-01	   8.0374562012095307e-01	   8.1931284769401347e-01	   4.3007735047069401e-01	   3.5144075415341214e-01	   1.9573715140756764e-01	   9.3643184040401783e-02	   3.9793272425006521e-02	   7.1263259079159452e-02	   3.1331932665486051e-01	   4.2170750678854019e-01	   7.0580722935540108e-01	   6.8620421088191619e-01	   1.9410217442236249e-01	   8.3116912136529636e-02	   6.4018642181450525e-01	   5.8593788601228547e-01	  -9.0415250579023235e-02	  -1.0138473542077195e-01	   3.5259469136254884e-01	   1.1679698052344847e-01	   2.6866000637210691e-01	   2.4578503761297438e-01	   5.2825705431591186e-01	   2.8771288998043415e-01	   5.1751929837117572e-01	   5.9082860002587501e-01	   5.6620962689563958e-01	   6.1845324563498716e-01	   5.7533807943569837e-01	   6.5240016134103929e-01	   6.6313906187408200e-01	   7.1031552535006171e-01	   6.4684960298382199e-01	   6.2071832674468830e-01	   6.6717347456379683e-01	   7.9506606187962114e-01	   7.5430100727875127e-01	   7.2843676878044938e-01	   8.6840037093385725e-01	   9.2506751520018649e-01	   7.3792370486959513e-01	   7.6605373578028957e-01	   6.9635197436702700e-01	   5.4395815144873838e-01	   7.2829608673986868e-01	   6.2278646652367442e-01	   1.0422461279415109e-01	   1.3351408688316896e-01	   4.9174493583797707e-01	   3.8480210577763496e-01	   7.1271885737781238e-01	   5.7093598356641806e-01	   3.4407284245435649e-01	   4.6557981544914806e-01	   5.8408921975451467e-01	   6.1600496493101176e-01	   6.3722202240139536e-01	   4.7093700110810399e-01	   3.2761450663109903e-01	   1.3993866131067539e-01	   6.0021974217624785e-01	   6.4127492346242476e-01	   8.1311792098460844e-01	   7.8976166094373956e-01	   7.5677558633984787e-01	   4.4113641821384658e-01	   6.4605742011652412e-01	   7.0012091657781006e-01	   6.7218075147654754e-01	   4.9163651275138054e-01	   6.7945272962204906e-01	   7.2701798104869797e-01	   6.1714155604845056e-01	   4.4040607979154678e-01	   2.1953494904002735e-01	   4.7775338397848699e-01	   1.7484720216280566e-01	   1.1141495163763140e-01	   4.4507795709495801e-01	   4.4331547909230667e-01	   6.7284634115022346e-01	   7.2617528718626390e-01	   3.8950074720900507e-01	   5.6246816367861185e-01	   5.8351376252390807e-01	   6.3957691200697064e-01	   2.8159160605321931e-01	   2.8148469760295802e-01	   2.4605725776805026e-01	   4.4181665321772334e-01	   1.1704804581801383e-01	   2.9566661414145734e-01	   4.2492619577566659e-01	   4.9208084681838143e-01	   4.5190520148562330e-01	   4.3255833827537205e-01	  -4.8797647054706780e-02	  -9.9395253252834256e-02	
   5.4033981062238157e-01	   4.5832828995985686e-01	   0.0000000000000000e+00	   5.9277154055328929e-01	   3.2636709725995883e-01	   2.0794984455643553e-01	   7.8204682851075968e-01	   4.5881578306052773e-01	   3.6072977620206154e-01	   2.4184252189395988e-01	   3.5232630010622368e-01	   3.2139510832660778e-01	   4.5287730389912279e-01	   3.1433588435781179e-01	   5.5908372940506412e-01	   4.4797426392731365e-01	   3.2330503197172011e-01	   2.3783796658316703e-01	   6.9035293901901240e-01	   6.1102132351657001e-01	   6.1574075536308792e-01	   4.3199470015596142e-01	   8.8827161073559702e-01	   7.9405422274236859e-01	   6.2904355276167356e-01	   6.2194249655561173e-01	   6.4202936956036227e-01	   5.6932945604368834e-01	   4.6003593058996894e-01	   3.6240474488125474e-01	   6.7581004292411528e-01	   6.5070624186922499e-01	   5.4833941246895945e-01	   5.1563808315832527e-01	   4.8723633117776555e-01	   1.8815113239001890e-01	   3.2001633839864019e-01	   2.0610264900173628e-01	   2.1815935147662815e-01	   2.6823370111319550e-01	   3.7016282939847717e-01	   1.4747051833701408e-01	   5.4779044202863958e-01	   4.4976058820195242e-01	   3.4554344189379604e-01	   2.8354575516709069e-01	   5.1998611696518371e-01	   5.0822797211641679e-01	   3.0967293949348873e-01	   2.3465752543883389e-01	   4.9272831520052307e-01	   3.1395209857607176e-01	   3.1801084351551390e-01	   4.8204767062729348e-01	   5.7494831491914056e-01	   5.3092121780243740e-01	   4.5496924793790094e-01	   4.1378164013288804e-01	   4.9422869889422016e-01	   3.0899461606734968e-01	   3.9025018806925593e-01	   1.9390805027609340e-01	   2.8928647086505410e-01	   7.4064524595020387e-02	   6.2522391028781210e-01	   3.7390179949780833e-01	   4.7683824299417116e-01	   2.3135533477316883e-01	   5.5034276989509612e-01	   3.5344883409508798e-01	   5.3948500732098614e-01	   4.5986109812798320e-01	   6.2035265088585645e-01	   4.7233737960642075e-01	   6.5544035964068259e-01	   3.7965941990064495e-01	   4.7539381834190281e-01	   3.3420964775059303e-01	   2.9625618528682685e-01	   3.8119765432943092e-01	   3.7037242809724724e-01	   4.1987309305150328e-01	   5.5726337037372375e-01	   2.3845642032323291e-01	   6.7880521892639900e-01	   5.4755752267326530e-01	   6.8088910654368662e-01	   6.4099699168609381e-01	   6.9048103619335610e-01	   6.8984888780561471e-01	   4.1470854543835101e-01	   4.2213754724594305e-01	   4.4470091327827432e-01	   7.6265928470351940e-01	   2.6402588562477841e-01	   2.1098018149481035e-02	   4.9102266208292350e-01	   4.0408643780671749e-01	   4.0205730368750825e-01	   4.5777162286272938e-01	   2.4812530561702320e-01	   6.5695210482976651e-01	   2.6593616250278473e-01	   4.4210826478121135e-01	   2.8133740779735184e-01	   2.9527650785824200e-01	   5.6466672408057403e-02	   3.1087324874389122e-01	  -3.2012223220627176e-02	   3.8800673432594612e-01	   5.1056399775056382e-01	   4.0568383431304073e-01	   1.8850724298847055e-01	   3.3840652885169636e-01	   8.5488232284906457e-02	  -9.4729174398212240e-02	
   4.3149504706323766e-01	   4.4837813651735697e-01	   5.9277154055328929e-01	   0.0000000000000000e+00	   5.6394368431174424e-01	   4.8709146457220459e-01	   6.9835507273546660e-01	   8.5778647330486979e-01	   6.0874783597644844e-01	   5.9245872672214883e-01	   3.5548325979739692e-01	   4.4122653060129102e-01	   4.9529099919797837e-01	   5.5046791701166664e-01	   4.7299621869870362e-01	   5.9013289512672051e-01	   3.0559697946077502e-01	   3.1800469764946049e-01	   6.2010112590844368e-01	   6.8430030732275404e-01	   4.3788658360740862e-01	   3.7879991410176633e-01	   4.5171936260423579e-01	   6.5152358635954721e-01	   4.0610705720831353e-01	   4.6716283380772350e-01	   4.3841598000907100e-01	   4.0875027297744349e-01	   4.5655193377265585e-01	   5.2801583550418163e-01	   5.2704448942016702e-01	   6.2941641606616894e-01	   6.9886340630262500e-01	   7.2726079539976340e-01	   3.2092798517559662e-01	   2.9817438183606687e-01	   2.4087060278054159e-01	   7.4213694343511591e-02	   1.2139802611608770e-01	   2.7178193240689480e-01	   3.3699618028814871e-01	   1.4321341148433489e-01	   6.0835073351316193e-01	   4.8049229236252594e-01	   5.0224417048602776e-01	   4.8697610643327371e-01	   5.0214955589012977e-01	   5.3270795125847104e-01	   2.2972145753615603e-01	   2.3452899192457460e-01	   4.4737104668289263e-01	   2.4717986454971014e-01	   2.1298386497372901e-01	   3.8702732892084041e-01	   4.5002750800787894e-01	   4.2510776258392646e-01	   3.4482978376589357e-01	   3.6930503180287455e-01	   4.6752053072612432e-01	   4.1175014463529169e-01	   5.1893583306102586e-01	   5.7181056293470633e-01	   4.3700006518066292e-01	   3.1635753106811287e-01	   6.3787526436935005e-01	   7.6539471482926236e-01	   6.7848207526608018e-01	   6.3762960366590016e-01	   4.2810381010575443e-01	   3.5743245883465974e-01	   5.4347250734434049e-01	   5.1420447181507167e-01	   5.2171470838336320e-01	   4.6393500033105661e-01	   5.7017084579596489e-01	   4.2690781167216396e-01	   4.8631201001237701e-01	   4.4729145277235727e-01	   2.4017332958011020e-01	   3.2859783434200945e-01	   3.2566194242719004e-01	   4.0859148611342760e-01	   4.0863728478752559e-01	   2.7786459095522587e-01	   4.9519389583415446e-01	   5.0914582654562823e-01	   3.6833259646756111e-01	   4.2625057448637127e-01	   6.3619025856939460e-01	   6.0753170651614530e-01	   6.7179442454469296e-01	   5.8309040134853007e-01	   8.2699049023545834e-01	   7.4326794945865915e-01	   1.3025282096683760e-01	  -6.5142695330592082e-02	   3.8545207760111966e-01	   2.9720256558081670e-01	   4.8826073662959668e-01	   5.2046538746865334e-01	   6.6441664843565396e-01	   6.7627020207253918e-01	   4.6374012043762963e-01	   5.1895427200508881e-01	   3.3722590581915374e-01	   2.2085341999491528e-01	   3.5561348834050072e-01	   4.5776774689220429e-01	  -4.3820606849146897e-02	   3.2674806417557378e-01	   4.5722576485722127e-01	   4.3705857596339082e-01	   3.8819893606189132e-01	   3.7292208998249077e-01	   1.2592441575618224e-01	  -2.0261775207755689e-01	
   5.0434995372172486e-01	   5.1423178914281320e-01	   3.2636709725995883e-01	   5.6394368431174424e-01	   0.0000000000000000e+00	   8.4458656029126467e-01	   4.5894012934051642e-01	   4.0439313235388658e-01	   5.8843301859144015e-01	   6.1940351762221746e-01	   4.2909584474396401e-01	   4.0778372306114835e-01	   3.3976318542563916e-01	   2.4204418659218385e-01	   4.6430666289597922e-01	   4.3523334839915029e-01	   3.1316028921644562e-01	   4.5504193068579557e-01	   5.4294002992623680e-01	   5.7938514385421991e-01	   5.1443687238780933e-01	   5.6339562971964752e-01	   2.3655032854715766e-01	   2.7569403825969890e-01	   2.8195652750849787e-01	   3.5115189822464921e-01	   4.5820923761965504e-01	   5.4944598011371459e-01	   4.4109413100750006e-01	   4.1039331111023702e-01	   1.9760353062515629e-01	   2.2490049471834520e-01	   3.9725801688789597e-01	   3.8183012442327041e-01	  -9.6277509027470398e-02	  -7.8946528291137893e-02	   9.8331403357018510e-02	   8.6575716293730370e-02	   8.3437062224643421e-02	   1.9853553402722857e-01	   2.5327594955450983e-01	   1.9654083447755838e-01	   3.8756672826103256e-01	   3.9926143130365366e-01	   4.5970206584871154e-01	   4.9817986129674141e-01	   4.1554581479760100e-01	   3.8971415202645809e-01	   4.9608739306514205e-01	   4.7399352446407206e-01	   5.0032159754110839e-01	   4.3402784913119730e-01	   4.1332810624847105e-01	   4.4635067943354917e-01	   4.6446150383743490e-01	   4.0744186483063316e-01	   4.4613089618476343e-01	   5.0856359573452004e-01	   6.4861304939121123e-01	   6.7140329333712900e-01	   5.3504595710643876e-01	   4.7230072667718426e-01	   4.8565361459859324e-01	   4.3074241045844880e-01	   1.8130142918673098e-01	   3.2953358483790862e-01	   4.5621931623412221e-01	   3.9187391916478698e-01	   4.1602372367162088e-01	   3.6842789078704913e-01	   4.3119592809836671e-01	   5.8013727398548987e-01	   3.8361476756980750e-01	   2.9063600529343520e-01	   4.3698798548612261e-01	   6.4479509260864210e-02	   2.0682690243866736e-01	   6.6958641673192792e-02	   2.4504105882818433e-01	   3.9236534437346421e-01	   3.2931373237003386e-01	   4.3958083913240098e-01	   4.1747006902467809e-01	   3.2768262647165874e-01	   3.4852865213791084e-01	   4.2503804249585142e-01	   2.4051234018591680e-01	   2.1294571545375807e-01	   4.4811052680072394e-01	   5.1301878784413257e-01	   5.4229517582731446e-01	   4.1666447332490075e-01	   4.2512086513151126e-01	   4.2931089069920347e-01	   1.6684299781436232e-01	   7.8114943892450162e-02	   3.3880162684152415e-01	   3.4245080095474012e-01	   5.0443717064827187e-01	   4.8069872544773401e-01	   3.6767103186034022e-01	   4.3639357398386036e-01	   3.4294755306304903e-01	   3.5007066035802492e-01	   7.6087347748548251e-02	  -8.3427571036825646e-02	   2.6155358452101218e-01	   2.5962450092930539e-01	   1.1734252017963932e-01	   2.3910218814599554e-01	   3.1637661750548823e-01	   3.7403796737045297e-01	   3.9465604164910273e-01	   1.1301098978190663e-01	  -3.0021248583280596e-01	  -5.5514802256168083e-01	
   5.4656075722252351e-01	   5.7636895884522543e-01	   2.0794984455643553e-01	   4.8709146457220459e-01	   8.4458656029126467e-01	   0.0000000000000000e+00	   4.1357725679837398e-01	   3.9457871313926463e-01	   5.4073055614870336e-01	   7.5412193377526893e-01	   4.3202514690891325e-01	   4.3464658644156029e-01	   3.3549833951605745e-01	   3.0235216132886028e-01	   4.8708364751583944e-01	   5.4692292440844148e-01	   3.7589202079552919e-01	   4.2981468964685204e-01	   5.2663279625361958e-01	   5.6625464471257558e-01	   4.2403986656528186e-01	   4.9518662009541825e-01	   8.6717704124111547e-02	   1.1298583446057092e-01	  -4.1514388566196533e-02	   1.3023399427065582e-01	   3.7301263075915542e-01	   5.4252328987712839e-01	   4.4763925290223100e-01	   3.8055176040714478e-01	   7.3474268832519285e-02	   6.5916262028305875e-02	   3.4505479536694950e-01	   3.4125097354883288e-01	  -2.4433635067639886e-01	  -2.0360031469008710e-01	   4.3548313964405339e-02	  -1.0608711012580038e-01	   1.2259756770438742e-02	   9.1467947261629490e-02	   1.4074041737670165e-01	   6.6004378969676772e-02	   2.5903251837942587e-01	   3.1201107714187681e-01	   3.7717976561933109e-01	   4.6879338507719992e-01	   2.5454139662283987e-01	   2.9156408177452792e-01	   5.7324161838463805e-01	   5.5435174019941758e-01	   4.9258142414205019e-01	   4.7410126146019482e-01	   5.3804417393792792e-01	   5.5770632899000605e-01	   4.8109831018387483e-01	   3.7265242609652938e-01	   4.9760094348517303e-01	   5.4091881500471617e-01	   6.8470302246562442e-01	   7.1271749804404660e-01	   5.6857828179003678e-01	   5.6282541365254224e-01	   4.3568299782826941e-01	   4.5365884871904771e-01	   6.0416097080091477e-02	   2.6380782442548634e-01	   3.5182131317958432e-01	   3.2573824141552887e-01	   4.3467490607509052e-01	   3.9564908441828694e-01	   3.5142718621935320e-01	   5.3618955457295736e-01	   3.3381793371599361e-01	   2.7517370599661584e-01	   4.0012018526704873e-01	   1.0217711302472113e-01	   7.2129830172003515e-02	  -7.4475056712043408e-02	   2.5686211118245394e-01	   3.6314948898376054e-01	   3.6607033296306124e-01	   4.2679297661743082e-01	   3.7138316609594352e-01	   2.7785212115793179e-01	   2.9297990059280732e-01	   3.7812891516994707e-01	   3.2989058533479798e-01	   2.2832128169594959e-01	   5.0396368794769575e-01	   5.6593250074922918e-01	   5.7052051675059257e-01	   4.0041478587192481e-01	   3.7975443693167643e-01	   3.2409780758442996e-01	   1.8892215634847408e-03	  -1.4978199924520775e-02	   1.9628971060533770e-01	   2.1232740163929642e-01	   4.5374822133789616e-01	   4.2954728462578606e-01	   3.6308020617544662e-01	   3.5170167709189593e-01	   3.5941744739355308e-01	   3.2774793891176435e-01	  -9.7118312659973324e-03	  -1.2786648670577860e-01	   2.2850399078602557e-01	   2.0019928063663053e-01	   1.9338490264281687e-02	   9.3285741655182330e-02	   1.9805799689549031e-01	   2.8394333169153674e-01	   3.7004539884594079e-01	   2.6565846119059697e-02	  -4.0833860552999202e-01	  -4.1033924568535790e-01	
   7.4972103993641792e-01	   6.7635657605967237e-01	   7.8204682851075968e-01	   6.9835507273546660e-01	   4.5894012934051642e-01	   4.1357725679837398e-01	   0.0000000000000000e+00	   7.6783550890516228e-01	   6.1246193212077149e-01	   5.6450381127759286e-01	   7.2443092771614725e-01	   6.9774553236402947e-01	   8.0428226793339719e-01	   6.6567353797409279e-01	   7.5611991764190845e-01	   6.3786074252160407e-01	   4.6909381318587640e-01	   4.1072818102459474e-01	   8.1368559985785427e-01	   7.9372222264921999e-01	   4.1481652070221675e-01	   3.1618434098531012e-01	   5.5411541769104056e-01	   4.7644955805276068e-01	   2.5602341607037699e-01	   2.7296845708811801e-01	   3.8454831771953291e-01	   3.8083045155043749e-01	   6.9304081626728131e-01	   5.9386171868341919e-01	   4.9450370949078315e-01	   4.5247464779137930e-01	   6.4389196720011865e-01	   6.5006987370990954e-01	   1.8940320185984202e-01	   3.8569020614940192e-02	   1.9918544243065825e-01	  -4.5043390374182493e-02	   4.3366304281228264e-02	   1.3686204943976626e-01	   3.5065985127045690e-01	   1.4682709613919956e-01	   5.0396998340961408e-01	   4.4119938781281842e-01	   4.4561462570248073e-01	   4.3076302364843799e-01	   4.6812074208312487e-01	   5.1766544290674177e-01	   5.4879058652101975e-01	   5.1636286302568424e-01	   6.7316298796755913e-01	   5.2171000606205375e-01	   5.9783099011883867e-01	   7.1030067625510762e-01	   6.4358119465316443e-01	   5.8159688620673200e-01	   4.9358221776588834e-01	   5.2893123478880910e-01	   6.8686007423987405e-01	   5.2075930257443681e-01	   7.5699242408876621e-01	   5.8446822378674990e-01	   6.1800274476665984e-01	   5.3220334177323525e-01	   5.4227880777890758e-01	   4.0373281968807484e-01	   4.9013243788925831e-01	   2.9662823025945401e-01	   5.5799330453727491e-01	   3.6262087758266270e-01	   4.7602501417049126e-01	   5.1542567204527256e-01	   6.9071790429020108e-01	   6.5406679132244794e-01	   7.2844835209100323e-01	   5.4428900516861867e-01	   4.8477581514064760e-01	   3.3593552722796410e-01	   3.2879563163788267e-01	   3.8326675081422135e-01	   5.2826494651695199e-01	   5.7394159353494190e-01	   6.1788888136813569e-01	   3.2079962627080233e-01	   6.6017331867262352e-01	   6.0134739137373083e-01	   5.5367886847138681e-01	   4.7742039267358943e-01	   7.7963553763223792e-01	   7.5627212598706195e-01	   7.2568500701217720e-01	   5.5780095047300970e-01	   5.6607000849852518e-01	   8.2712550776719729e-01	   1.0096695001539549e-01	  -5.4869635804934688e-02	   3.5888343752186069e-01	   3.4534237466526013e-01	   6.2844766620780290e-01	   6.5649782211507879e-01	   5.6302730831013603e-01	   8.1575096487887655e-01	   5.4983784202982100e-01	   6.2694774438913004e-01	   3.0945644485871149e-01	   2.9117567168194353e-01	   3.1648393501146294e-01	   4.4750265789491134e-01	  -6.5271150890113622e-02	   2.8337222574059706e-01	   3.7851348826888970e-01	   4.2714730332357198e-01	   3.5776857880749779e-01	   4.1168817922041956e-01	   4.6398410236749177e-02	  -1.0186153399863715e-01	
   5.1866619568493855e-01	   5.0639200370800164e-01	   4.5881578306052773e-01	   8.5778647330486979e-01	   4.0439313235388658e-01	   3.9457871313926463e-01	   7.6783550890516228e-01	   0.0000000000000000e+00	   7.2428121010747448e-01	   7.1119060933488865e-01	   5.4805185193234440e-01	   6.7564054342600766e-01	   7.3003535428982236e-01	   8.1559829948897788e-01	   5.8306944430832353e-01	   6.3171605489449045e-01	   3.4849674266352387e-01	   3.5117727187405479e-01	   5.9523561931474900e-01	   6.5874092493147884e-01	   2.2403130989303061e-01	   1.6943423323979329e-01	   2.6917771753060793e-01	   4.0131411317787041e-01	   1.5558161364477963e-01	   1.7053335860624763e-01	   1.6614939817362964e-01	   1.4375719156160166e-01	   5.9125673377152665e-01	   6.3909541570741690e-01	   4.2768958853564898e-01	   4.9391329120001015e-01	   6.5210390801231288e-01	   7.3545853991014210e-01	   1.7263797725656760e-01	   2.0723857577911864e-01	   2.0638096665571548e-01	  -8.1664802516178372e-02	   4.3578274107282725e-02	   1.4073909377912269e-01	   3.4982809516356755e-01	   9.9143399952452332e-02	   5.3188492359746309e-01	   4.3561119785224822e-01	   5.0140427837008028e-01	   5.1693506613715101e-01	   4.3526020158925549e-01	   4.8475558003353580e-01	   3.1165498492008631e-01	   3.6125548187631185e-01	   4.9343870220820318e-01	   3.5148251830193689e-01	   3.6428421339987938e-01	   4.9883711336368097e-01	   4.5749507888699625e-01	   4.0660443057786694e-01	   2.7415887818627904e-01	   3.3841414512451862e-01	   4.3773677118394405e-01	   3.9053260477780849e-01	   6.4090122932701055e-01	   7.5303703561160229e-01	   5.2832984175340358e-01	   5.3846893655932293e-01	   5.5163482343286341e-01	   6.4478383548958962e-01	   4.6992331739229659e-01	   4.7168255120044172e-01	   2.6268566936096038e-01	   1.5003840717563363e-01	   4.2976978722791581e-01	   4.3006223712166031e-01	   5.9372587709514757e-01	   5.9189594496056885e-01	   6.1617267005287757e-01	   5.5262455245327990e-01	   4.9850161679263227e-01	   4.5295573893773022e-01	   2.1326025392125905e-01	   2.5498331530516699e-01	   3.5104539130833606e-01	   3.9850872522325914e-01	   3.8353595724924944e-01	   2.0233966611344384e-01	   3.9740374580497573e-01	   4.1217513264821815e-01	   2.7128563083945501e-01	   2.6681671788016326e-01	   6.3088369129266297e-01	   5.3529480720260036e-01	   7.2241484924185806e-01	   4.8775905557061161e-01	   7.7373724376435926e-01	   7.0694069385558078e-01	  -8.1307489384892825e-04	  -1.2995167597500912e-01	   2.6567687038303606e-01	   2.3326917755984472e-01	   5.5933638074462477e-01	   5.6936815758253934e-01	   7.9684480540985181e-01	   7.1900143050278609e-01	   6.2948887125895170e-01	   6.1909352423595265e-01	   3.7379550676700168e-01	   3.2633141952857514e-01	   4.4239068903236151e-01	   4.8114855673489576e-01	  -8.4749640069292309e-02	   2.6956666073732471e-01	   3.4820947564321447e-01	   4.1390153636262372e-01	   3.9325121676028052e-01	   4.8337615235704834e-01	   2.2182981025252291e-01	  -4.9829791781131380e-02	
   5.8381824941031424e-01	   4.9359659966099584e-01	   3.6072977620206154e-01	   6.0874783597644844e-01	   5.8843301859144015e-01	   5.4073055614870336e-01	   6.1246193212077149e-01	   7.2428121010747448e-01	   0.0000000000000000e+00	   8.1115136746121208e-01	   5.5955492717258160e-01	   5.8283150621246271e-01	   6.6955397040261710e-01	   6.9286427966001862e-01	   7.5141137454476836e-01	   6.5090561524377488e-01	   3.9602920677990228e-01	   3.5163750108433534e-01	   5.3197910246377667e-01	   5.4624064353871693e-01	   3.4620319157114920e-01	   3.5794865912092588e-01	   1.7393583918054836e-01	   2.2518190986346773e-01	   1.4213807406188750e-01	   1.4263384332957260e-01	   1.4198550652910025e-01	   1.9767901072071237e-01	   6.9401995803900496e-01	   5.8465664667396100e-01	   3.0074161931261517e-01	   3.4065210892200143e-01	   5.0687434000703013e-01	   5.5695770743102246e-01	  -5.6061535494909463e-02	  -1.9725068903400624e-02	   2.3567911495159538e-01	   2.2083096128037362e-02	   4.5979761960223908e-02	   1.3656792267147680e-01	   3.9393964088309291e-01	   9.2342982897790971e-02	   5.1526024875221643e-01	   4.5045096620593184e-01	   5.4853738082917225e-01	   5.3238381356357589e-01	   5.0224010013186726e-01	   4.9027082163525026e-01	   5.0785188698775796e-01	   4.9420075698514077e-01	   5.8144917957737652e-01	   4.7325314585164069e-01	   5.0703057887783776e-01	   5.7515825823134592e-01	   5.2970554905363398e-01	   4.1550264336651771e-01	   3.5572819655549437e-01	   3.9949949979279387e-01	   5.4056973189796564e-01	   4.9217070471896995e-01	   6.4968594174150707e-01	   6.5646094180854364e-01	   5.0797967695897583e-01	   4.9188544801861750e-01	   3.7066866340181359e-01	   4.3790548324396456e-01	   3.2369581714114376e-01	   2.9911410437611852e-01	   2.6087192170313217e-01	   1.3315264956290468e-01	   5.6567459652702479e-01	   5.2844488330111428e-01	   6.8249276409551918e-01	   4.8173770981006353e-01	   6.7635386091247907e-01	   3.0752928386603962e-01	   3.9879505044946895e-01	   2.5674748776625034e-01	   2.9939316407197741e-01	   3.4873162194170532e-01	   4.5925154142398900e-01	   5.2123629809028804e-01	   4.9806203888150513e-01	   2.6668847783243799e-01	   4.2329447774305534e-01	   4.3789386667331393e-01	   2.3534940540027885e-01	   2.4081228235793189e-01	   5.7629942915897314e-01	   5.2906692006831468e-01	   6.9001490989725422e-01	   3.7899265841743190e-01	   5.9588661537002252e-01	   5.9763729690934841e-01	   3.4728567956810556e-02	  -1.1519985954000950e-01	   3.6365383616551461e-01	   3.3251238578039144e-01	   6.1401128448700448e-01	   5.7273470320736020e-01	   6.1509924076540401e-01	   6.4094282671262226e-01	   5.6144853186787780e-01	   5.6461369085162805e-01	   2.1718387182182242e-01	   1.9168101053246259e-01	   4.2698721087412628e-01	   3.8853243242710872e-01	  -2.3057279296546902e-02	   3.4186023125689768e-01	   3.9489138782974564e-01	   4.6816078830899654e-01	   4.0831713373473194e-01	   4.3101618927838797e-01	  -9.7301210117587398e-04	  -2.3090538783196579e-01	
   5.9205228756820993e-01	   5.5114389562870836e-01	   2.4184252189395988e-01	   5.9245872672214883e-01	   6.1940351762221746e-01	   7.5412193377526893e-01	   5.6450381127759286e-01	   7.1119060933488865e-01	   8.1115136746121208e-01	   0.0000000000000000e+00	   5.3270141610306976e-01	   6.1882474164217860e-01	   6.0355472607481975e-01	   6.5389876584871021e-01	   6.4038239207021552e-01	   6.9383920887548045e-01	   3.8745267216852308e-01	   3.4609008114992712e-01	   5.4431499863673349e-01	   5.6255912789007023e-01	   2.0259412962366002e-01	   2.2094465401688337e-01	   6.9263521803580974e-02	   1.1900306545184330e-01	  -1.3339392208785680e-01	  -4.1525252953137304e-02	   5.8153500883532938e-02	   1.5805702684001918e-01	   5.9626123434405709e-01	   5.2449651765490424e-01	   1.2056918672027657e-01	   1.5214781136967562e-01	   4.0170149798404103e-01	   4.5467628917122627e-01	  -2.2576435476209278e-01	  -1.5784797940358014e-01	   8.3482105827604292e-02	  -1.9570912429219300e-01	  -6.7956467957442590e-02	  -3.1851722901081354e-03	   2.1307910268893193e-01	  -3.0497983374351455e-02	   3.5666044496514565e-01	   3.5865045881413593e-01	   4.2919028842174195e-01	   5.1361393900021790e-01	   3.4023470651144216e-01	   3.6528302862214002e-01	   5.5099065117605706e-01	   5.6342894945670208e-01	   5.4414757412286818e-01	   4.9834220515985705e-01	   5.7531197132876921e-01	   5.9306905395868692e-01	   4.9017742014395416e-01	   3.4707184649642603e-01	   3.6364462759277461e-01	   4.0277173859219595e-01	   5.7721548639888021e-01	   5.8422317657803102e-01	   6.6901127212607836e-01	   7.4669550817663266e-01	   4.9814099892633490e-01	   5.7475711315375055e-01	   1.8698469513997723e-01	   3.4046736989791132e-01	   2.4192354119667214e-01	   2.4269835466054418e-01	   2.5173845998787048e-01	   1.2140207612266052e-01	   4.2308754092844247e-01	   5.1155872212139231e-01	   4.9265851570797492e-01	   4.1408568179038791e-01	   5.3161625885650043e-01	   2.8536458119688030e-01	   2.7072828771087104e-01	   1.3907947233610551e-01	   2.4364526243592036e-01	   2.4748926446179847e-01	   3.7104351956143033e-01	   4.1505937185888897e-01	   3.7249292510419013e-01	   1.7217089300662736e-01	   3.0117546509655951e-01	   3.4419563074410653e-01	   2.5325728336538755e-01	   1.8424870335812693e-01	   5.8121766288461574e-01	   5.4718366275433616e-01	   7.0208370265419817e-01	   3.8068176267266085e-01	   5.8491195405307062e-01	   5.1825506780676800e-01	  -1.1164862575709995e-01	  -1.8747109411081653e-01	   1.9357653450305481e-01	   1.9108231198468822e-01	   5.5775402863667234e-01	   5.1849743721965180e-01	   6.2281253221523125e-01	   5.8088169854948601e-01	   5.4541992478951395e-01	   5.1236069724389677e-01	   1.0434219799923070e-01	   7.3559612141222364e-02	   3.2842856540640070e-01	   2.7097715515906040e-01	  -1.5024803311971496e-01	   1.6069510381021782e-01	   2.3813085754298463e-01	   3.8955484257860307e-01	   4.3287832275635124e-01	   2.9121870258878324e-01	  -1.6117560042069209e-01	  -2.3682223353861892e-01	
   8.1933157955632430e-01	   7.7133650534225173e-01	   3.5232630010622368e-01	   3.5548325979739692e-01	   4.2909584474396401e-01	   4.3202514690891325e-01	   7.2443092771614725e-01	   5.4805185193234440e-01	   5.5955492717258160e-01	   5.3270141610306976e-01	   0.0000000000000000e+00	   8.4729892085903069e-01	   8.8713152403483364e-01	   6.8144577888089775e-01	   7.3129351810058885e-01	   5.2162524196716276e-01	   5.8213926036924035e-01	   5.6841438134009725e-01	   6.7096108392315967e-01	   6.7765669501613424e-01	   2.3616768073731864e-01	   2.1576839442381390e-01	   1.3668820176017366e-01	  -1.2042630153963639e-02	  -6.8990794529387320e-02	  -5.8283654077477681e-02	   9.5152898202180730e-02	   1.7801413862645216e-01	   7.6529380710226036e-01	   6.5071932111667086e-01	   1.7853245264913559e-01	   7.8180027352208054e-02	   4.3795503991502149e-01	   4.5358667658267637e-01	  -1.6612183352807516e-01	  -1.7758052572165473e-01	   1.1252638885256948e-01	  -7.4449494710676190e-02	  -3.0136859906994044e-02	   7.5312362386270948e-03	   3.4704474311998745e-01	   1.6515586150208986e-01	   3.4924726530300038e-01	   3.9786832550509488e-01	   4.0871842221878107e-01	   4.2644610226497520e-01	   4.0069961645091323e-01	   4.4105356831620451e-01	   6.4937212322309656e-01	   6.4794974983950326e-01	   6.2952315568907125e-01	   6.2399172931377200e-01	   7.0127031901902193e-01	   6.9390502944422050e-01	   5.6406540171851183e-01	   5.0361604603315580e-01	   5.5279823163880615e-01	   6.4161988862517716e-01	   6.6611422228407324e-01	   5.9689938943681420e-01	   7.8084630745044958e-01	   6.0193214490401281e-01	   7.1933285696020399e-01	   7.4608321536067912e-01	   1.2048090837559083e-01	   6.5363026124927892e-02	   2.7120086163823581e-01	   1.4317676943362984e-01	   4.4743263816499240e-01	   2.9852420848921835e-01	   2.3819804588085386e-01	   3.5307466415992811e-01	   5.2312554811001821e-01	   6.3415708028244366e-01	   5.4343272004402110e-01	   4.5986263539342465e-01	   3.1096526971835553e-01	   1.3512698927844641e-01	   3.9435512481894086e-01	   3.9696383673150210e-01	   6.2981862643542674e-01	   6.4554979176938831e-01	   6.4220197614225705e-01	   3.1487523655727301e-01	   5.1422569461784773e-01	   5.0954122994239259e-01	   4.1292026528851844e-01	   2.5668967183529556e-01	   5.3797850513770196e-01	   5.5114983043819255e-01	   6.0498980580163630e-01	   3.3065147889539337e-01	   2.1643076580505366e-01	   4.2566888159523641e-01	  -1.9416923835495457e-02	  -4.9634854879937816e-02	   1.8618538295918338e-01	   2.1466324338860163e-01	   5.7566159152727181e-01	   5.5208100219502843e-01	   3.9244384522834985e-01	   5.2849806389714882e-01	   5.0121859101272570e-01	   4.8547901271943872e-01	   9.9323842553888292e-02	   1.1832273680204333e-01	   2.1944571466982504e-01	   2.8331308435247343e-01	  -1.2302095528838189e-01	   1.3576731137850553e-01	   1.7804836063522264e-01	   2.8055252230638117e-01	   2.7401460312357850e-01	   2.8724197344531210e-01	  -1.0191051896870496e-01	  -1.6796258926364344e-01	
   6.8147849219259393e-01	   7.0116202650845927e-01	   3.2139510832660778e-01	   4.4122653060129102e-01	   4.0778372306114835e-01	   4.3464658644156029e-01	   6.9774553236402947e-01	   6.7564054342600766e-01	   5.8283150621246271e-01	   6.1882474164217860e-01	   8.4729892085903069e-01	   0.0000000000000000e+00	   8.4474196475163266e-01	   8.5824400232371345e-01	   6.9014789191814163e-01	   5.7784552530211775e-01	   4.3919525163480921e-01	   5.4107566319873979e-01	   5.7937471446331601e-01	   6.0780944586705343e-01	   2.2122597794717624e-01	   2.5860689201233122e-01	   1.5404623936213954e-01	   6.5332870032541457e-02	  -6.3836538956297817e-02	  -8.5489156081254430e-02	   2.4848557098155991e-02	   1.3617909286141630e-01	   7.4895180998686395e-01	   7.4630184840696634e-01	   1.7518812608588524e-01	   1.1220365621375447e-01	   4.7739965757989605e-01	   5.0266785022013072e-01	  -1.6364549274207185e-01	  -9.9954699005936176e-02	   8.9039868204468520e-02	  -4.6807858190328080e-02	  -3.9539888528277264e-02	   3.8147437127766436e-02	   3.5837602186885170e-01	   2.1041658736647220e-01	   2.8647776560382299e-01	   3.3223981991111867e-01	   4.3152061435038480e-01	   5.1759824789425513e-01	   3.1137625863083501e-01	   4.0432684564523824e-01	   6.2150835128267590e-01	   6.8047459289046497e-01	   6.3550763695971169e-01	   6.7843742585537548e-01	   7.1903371748488043e-01	   7.4518141164532348e-01	   5.3143830889006283e-01	   5.3137438658128011e-01	   4.0037471736951358e-01	   4.9058723591698705e-01	   5.9133902285014328e-01	   5.9118267889490728e-01	   7.3937116848117024e-01	   7.2725549599434181e-01	   6.2161994192465242e-01	   7.7553301075857006e-01	   1.1924293162536251e-01	   1.6603213127457644e-01	   3.0266986900909126e-01	   2.7216853387717993e-01	   3.7090818102902606e-01	   2.1045596150973772e-01	   2.5252032164174176e-01	   3.9604624358663820e-01	   5.7418261990082642e-01	   7.1175323026766124e-01	   5.8827741548310686e-01	   4.6874687292816813e-01	   3.0395181147915701e-01	   1.8309169990822913e-01	   3.0426091028285934e-01	   3.5271667423128528e-01	   5.1021222074977834e-01	   5.7092412633481260e-01	   4.8796744970344941e-01	   3.0892482091665879e-01	   4.1396485067876887e-01	   4.6181627449497775e-01	   2.6846882220609469e-01	   1.6985756933484619e-01	   5.5630687391413236e-01	   5.6322292743658087e-01	   6.7556951404729870e-01	   4.1743037708077535e-01	   3.7424190239176830e-01	   4.7809482762890176e-01	  -1.8714086861093052e-02	  -1.9963801134461882e-02	   1.6760101856795251e-01	   2.3889114043414766e-01	   5.9782426970972302e-01	   5.9582114601959291e-01	   5.6617128954352647e-01	   5.5270152580858212e-01	   5.9129486749171978e-01	   5.7119961228224936e-01	   2.1423360200038175e-01	   1.8069884651102650e-01	   3.5603457380998976e-01	   3.6018668324584574e-01	  -3.3774959621366521e-02	   1.2322192237082272e-01	   1.3932096940730304e-01	   3.5324427953940563e-01	   3.7819161015551639e-01	   3.7489263611404833e-01	  -4.7758731450939028e-02	  -2.0864079299479521e-01	
   7.6615650196687390e-01	   7.0355179041890614e-01	   4.5287730389912279e-01	   4.9529099919797837e-01	   3.3976318542563916e-01	   3.3549833951605745e-01	   8.0428226793339719e-01	   7.3003535428982236e-01	   6.6955397040261710e-01	   6.0355472607481975e-01	   8.8713152403483364e-01	   8.4474196475163266e-01	   0.0000000000000000e+00	   8.4507895400844002e-01	   7.9055306888353227e-01	   5.8606213601862800e-01	   4.8445260085901382e-01	   4.2525794438755021e-01	   6.3699046145486860e-01	   6.4452533777077603e-01	   2.9504412333343699e-01	   1.9937310858489860e-01	   2.4383443901684149e-01	   1.5180811044818904e-01	   5.0819900820614779e-02	   3.4138709264787750e-02	   1.1571466004287170e-01	   1.4641396935415379e-01	   7.3749990699558809e-01	   6.3632086835998058e-01	   3.2528560193702827e-01	   2.6139471436455719e-01	   5.0885911004536866e-01	   5.2326770023959046e-01	  -4.4973479466647259e-02	  -9.4712011074753827e-02	   1.0631696770718137e-01	  -1.3070155716458448e-01	  -7.1808383809241205e-02	  -1.0463175817449787e-02	   3.2458808063062128e-01	   8.9794479489817419e-02	   4.1605677702315402e-01	   4.1880263117208599e-01	   4.4651213974992754e-01	   4.6554643151997388e-01	   4.1748036619536355e-01	   4.6724436281196335e-01	   5.8636400963155266e-01	   5.9732493917478924e-01	   6.1625851751686467e-01	   5.7330515925932513e-01	   6.0952153105539963e-01	   6.8018452718037659e-01	   5.1759020109264042e-01	   4.6061632135625308e-01	   4.3511989079421554e-01	   5.2028656229545478e-01	   5.9169854720256720e-01	   5.2722942827919850e-01	   7.7447355277560881e-01	   6.8206696887935980e-01	   6.0316612308943018e-01	   6.4561528302509474e-01	   3.2779654117306639e-01	   2.2134105097348089e-01	   2.7195883270893595e-01	   1.5953817241291171e-01	   3.9952003375073541e-01	   2.4390749271066636e-01	   2.9086386320090796e-01	   3.3057672324622323e-01	   6.1640719625545748e-01	   6.5060982337330509e-01	   6.4495655625728965e-01	   4.8731883093139927e-01	   3.5172727774961221e-01	   2.2426244282028607e-01	   3.2247653354416150e-01	   3.0060713110588805e-01	   5.4259321295351071e-01	   5.7946035816384822e-01	   5.7958611520715153e-01	   2.3334307262351411e-01	   5.2960106178559552e-01	   4.9762863149121678e-01	   3.7630782920668737e-01	   2.6692279844241595e-01	   5.9001655980061274e-01	   5.4324056610547011e-01	   6.5746276920619762e-01	   3.2941851924407839e-01	   3.7713837659678318e-01	   5.4749504130423032e-01	  -2.1990318841606099e-02	  -1.1547600552132142e-01	   2.0801548032222289e-01	   2.3551576095393606e-01	   5.5103003570045617e-01	   5.6154164077949908e-01	   4.8254757139005655e-01	   6.0606279855595768e-01	   5.1891343751269836e-01	   5.4191433821939794e-01	   2.2209362122319970e-01	   2.3782934026031893e-01	   2.8041833998942051e-01	   3.4401097502099132e-01	  -1.2271537910309170e-01	   1.6978956355570260e-01	   2.3222742316490336e-01	   3.4013184558476028e-01	   2.6057038480367756e-01	   4.1279971835800316e-01	   3.3963693169727957e-02	  -7.8477508963633716e-02	
