   0.0000000000000000e+00	   9.4214403144812620e-01	   7.2905631751796873e-01	   6.6482292717059455e-01	   7.2476541063582844e-01	   6.5524698437501494e-01	   8.4792637931058845e-01	   6.8433481800760187e-01	   7.8726090036796403e-01	   6.0663028218781923e-01	   7.3954343709840176e-01	   7.4894292499534232e-01	   7.2746576169520938e-01	   7.1818712607371160e-01	   7.6154353633348093e-01	   7.5678658029122703e-01	   8.3236130815588005e-01	   8.2184980214108250e-01	   8.7797217044648657e-01	   8.7816621068895195e-01	   6.6528219670301580e-01	   7.3317045798260860e-01	   7.3784235032819123e-01	   7.2668349036171331e-01	   7.2531259506640078e-01	   7.0484384576889847e-01	   6.7283347453719033e-01	   6.4344677754953350e-01	   7.9316932237667481e-01	   8.0507687435749153e-01	   7.4036433297012016e-01	   7.2029386534940620e-01	   8.9496441268415983e-01	   8.4892815194367677e-01	   6.7082292437544255e-01	   7.2697351667381116e-01	   6.6383898945608921e-01	   6.7551501053752128e-01	   7.5194542423531652e-01	   7.8178087069829338e-01	   7.7708431016547475e-01	   7.7609303168082611e-01	   7.6439472567466216e-01	   7.7583588900701217e-01	   7.7916340782009896e-01	   7.5200612337570549e-01	   8.3351355172710262e-01	   7.7990652146685391e-01	   7.8845441599597199e-01	   7.1588967216485577e-01	   8.1741338746832160e-01	   7.1834530202467495e-01	   7.6908751435379363e-01	   7.0062525334844050e-01	   8.8174194672152795e-01	   8.4428090625351027e-01	   9.6307021730203612e-01	   9.1018723429221771e-01	   8.5329914294731224e-01	   7.4426548832211203e-01	   8.4800481803079131e-01	   6.0721701332074951e-01	   8.0818715143649067e-01	   8.1114021614608989e-01	   5.8220390508186370e-01	   5.5300606497531812e-01	   8.0220160966356835e-01	   7.8910488689905733e-01	   7.8842318997104854e-01	   7.6481017164446230e-01	   6.6234779506339247e-01	   6.7152164866464059e-01	   7.9247533410863169e-01	   8.1517933488940586e-01	   7.9672914584959231e-01	   7.7536030093053387e-01	   8.2892375571514798e-01	   8.0690640529303315e-01	   7.0035857553211023e-01	   8.1301686618741686e-01	   8.4837421964943238e-01	   8.5521594911054555e-01	   8.1473680858606401e-01	   8.6328787638918569e-01	   8.1737266405209397e-01	   8.9909764450393592e-01	   5.8345744517713305e-01	   7.0095449244118280e-01	   8.2852229575413705e-01	   8.2529134361407530e-01	   7.2776913892990880e-01	   7.6305197702840200e-01	   6.9167283348817832e-01	   7.5307340316657856e-01	   5.2024075143328063e-01	   3.0626817798169448e-01	   8.3662884971328089e-01	   7.9592415291309637e-01	   8.7337058989054250e-01	   8.7275915567776285e-01	   7.9827803366516237e-01	   8.0294644855270902e-01	   8.0763849102221386e-01	   8.1539974086351075e-01	   6.9373753865084109e-01	   7.6563929439017331e-01	   5.5860199307980074e-01	   5.5743618188647381e-01	   4.7232582745714813e-01	   4.5833285031473836e-01	   8.2495944246974484e-01	   7.5394192640988711e-01	   7.8768247486777376e-01	   7.4544393466858461e-01	   7.5767699167110647e-01	   1.2914221764628114e-01	
   9.4214403144812620e-01	   0.0000000000000000e+00	   6.6580785825864042e-01	   6.6738158057776964e-01	   7.2552298692022132e-01	   6.8355302445490507e-01	   7.9142643899051512e-01	   7.4166364010909480e-01	   7.7808256366553152e-01	   6.3178162397750781e-01	   6.5607700072596709e-01	   8.1593644054469350e-01	   6.1722436998763874e-01	   7.4637253141737880e-01	   6.6469377157430543e-01	   7.2198171624956653e-01	   8.2511981287378444e-01	   8.1831045250193368e-01	   8.0893358220618250e-01	   8.5517994169699540e-01	   6.3896960671721059e-01	   7.3947208383100849e-01	   6.5574451414487200e-01	   6.8920081851075021e-01	   6.9531212868914638e-01	   6.8739427640242212e-01	   6.4534517618784215e-01	   6.2626407923765381e-01	   7.2503129923947807e-01	   7.8525794495971157e-01	   6.9940149081769565e-01	   6.9091984202506307e-01	   8.6451621893360797e-01	   8.4622056461254846e-01	   6.0981328415278646e-01	   6.7202323882708470e-01	   6.4388719855043397e-01	   6.5389352220659913e-01	   7.4410330809377534e-01	   7.8073746186622361e-01	   7.8380102542888952e-01	   7.9049192945227453e-01	   6.9327087511755225e-01	   7.1343481214129767e-01	   7.0873181273967112e-01	   7.2430605032829964e-01	   7.8384149090260724e-01	   7.2510503566049000e-01	   7.5072632651908389e-01	   7.6801619110189201e-01	   8.1966053736242483e-01	   7.7850317792517376e-01	   7.5689575793855624e-01	   6.9069143499934760e-01	   8.5329668344811860e-01	   8.3296644972891709e-01	   9.2363781721441085e-01	   9.6206622293769151e-01	   7.9624958792170242e-01	   8.1212459941544923e-01	   8.3744842932612018e-01	   7.0844100225493034e-01	   8.2579450867867088e-01	   8.8001025557599311e-01	   5.3181943747021809e-01	   5.5826572481418391e-01	   7.2938945659280396e-01	   7.5876306526421367e-01	   7.3111645129068925e-01	   7.0350160607664269e-01	   6.1396808459778096e-01	   6.0425393370792246e-01	   7.9589996758609971e-01	   8.4614453953263435e-01	   7.7328656093261439e-01	   8.0505530601467390e-01	   7.6872220574728289e-01	   7.8643600343590714e-01	   6.9140654525833023e-01	   7.8678561967661154e-01	   8.0759325509470914e-01	   8.1860453357959584e-01	   7.3919863891479543e-01	   8.3651264589334806e-01	   7.4573112978902811e-01	   8.7987515148050832e-01	   5.3178644486884030e-01	   6.6209535056105850e-01	   7.7608085436168361e-01	   8.1271290887423397e-01	   6.7882361592526175e-01	   6.8356186338710301e-01	   6.8599636794127994e-01	   6.8478349406154870e-01	   4.9644458038343264e-01	   2.8952062923049415e-01	   8.0350163619644488e-01	   7.5139399945065288e-01	   8.4560764401006638e-01	   8.1663344736952426e-01	   8.0139640832750636e-01	   7.2640464910869951e-01	   7.9937259081976575e-01	   7.4254237012249502e-01	   7.1612912155731345e-01	   7.5233796002597009e-01	   5.7547529245619866e-01	   5.2797284320128401e-01	   4.5544071778656481e-01	   4.1520548877053770e-01	   7.6509512852702988e-01	   6.9337530069555242e-01	   7.4889527970196623e-01	   7.3312750779223312e-01	   7.6793587888236869e-01	   2.2864976834560827e-01	
   7.2905631751796873e-01	   6.6580785825864042e-01	   0.0000000000000000e+00	   9.0312606959920161e-01	   7.5166112529640405e-01	   6.7081402735682316e-01	   8.9816502892982641e-01	   6.7701744560505317e-01	   7.1651108643325256e-01	   6.7167323214584318e-01	   5.3872867808248825e-01	   4.7768010244727732e-01	   5.5267471901060328e-01	   5.7504274930792110e-01	   8.0134724841994875e-01	   8.4313516033431202e-01	   7.2670467565855756e-01	   7.1668107477380893e-01	   8.4689888506265110e-01	   8.0803198387091368e-01	   8.1663185738281996e-01	   7.8179537704258295e-01	   9.3590321658017861e-01	   9.2096079786401552e-01	   9.0132377953458764e-01	   9.0652822186636750e-01	   8.5822453956705957e-01	   8.2599927823640273e-01	   7.0445029934316927e-01	   6.4244024190526516e-01	   9.0382551972536151e-01	   8.4969681934273944e-01	   8.4765030559721843e-01	   7.8983907000570142e-01	   8.5845030912870501e-01	   8.3897911509530210e-01	   7.6127641377682864e-01	   7.2104742873674887e-01	   8.3693356027236709e-01	   8.2532230099113724e-01	   7.7937138663122074e-01	   7.2375953579792962e-01	   6.5940883041831777e-01	   6.8573678131089999e-01	   6.3725255940778780e-01	   5.3951332988284895e-01	   7.0355583545857903e-01	   6.9532324861685080e-01	   5.3539010050164682e-01	   5.8492090307159172e-01	   6.2006090776188549e-01	   6.4380701038979316e-01	   5.9692774953984928e-01	   6.2048979369813440e-01	   8.0778416710674317e-01	   7.9737642545744547e-01	   6.5708675701858088e-01	   6.4057176412938399e-01	   7.4248025224255787e-01	   6.5616882716054281e-01	   7.5070731730234830e-01	   5.9482641850336759e-01	   4.7561214125034279e-01	   5.4358683374703443e-01	   8.6586085072283436e-01	   7.9058096538591149e-01	   8.1942276711653306e-01	   7.9278577696085462e-01	   6.7631230924211416e-01	   6.4428392037489757e-01	   6.6524892787059187e-01	   6.6718808553131870e-01	   7.2039661611282102e-01	   6.6715989109172291e-01	   6.9799371929860465e-01	   5.9723006141790858e-01	   7.6675589304663738e-01	   7.9030511819156035e-01	   7.6786442700218438e-01	   7.9814694538141673e-01	   8.0579304986793310e-01	   8.1230060279491445e-01	   8.1827032003429268e-01	   8.1794722300479583e-01	   8.9344138496115366e-01	   8.4965743268385885e-01	   8.4401619809953032e-01	   8.6111623638595769e-01	   8.2914964471411856e-01	   8.1971895088661717e-01	   6.5734306912076967e-01	   7.4108431456947144e-01	   7.8164143333115432e-01	   8.4738016901326085e-01	   5.1443127955549717e-01	   3.0903334234027507e-01	   7.6677681896852490e-01	   7.4797960066721436e-01	   6.6334052993891968e-01	   7.3667838332392310e-01	   6.1768453114513933e-01	   8.0511328038807473e-01	   5.7255181690223722e-01	   6.0316931363169779e-01	   6.6738031823076593e-01	   7.6045290847725044e-01	   4.9371204077954234e-01	   4.6624498245752266e-01	   4.4616321296087447e-01	   4.1295742940863195e-01	   7.9141387182761347e-01	   6.0715052970409333e-01	   6.3675069767853310e-01	   5.6113647720876925e-01	   7.5451556321862678e-01	   1.4187614000049652e-02	
   6.6482292717059455e-01	   6.6738158057776964e-01	   9.0312606959920161e-01	   0.0000000000000000e+00	   7.7938224425072400e-01	   7.7623783082563058e-01	   8.4062099533381796e-01	   8.0871170050345320e-01	   6.6050954801042971e-01	   7.6294740559018848e-01	   4.0118863795020288e-01	   4.9225725636179490e-01	   4.0050043384058986e-01	   5.7012794257526478e-01	   6.4175762665170999e-01	   8.2546113928012610e-01	   6.6547852435065236e-01	   6.3507564478860645e-01	   7.7268916188365633e-01	   7.8499084865882252e-01	   7.8338627298644603e-01	   8.0659955520310755e-01	   8.1507149343979046e-01	   9.1596512107199413e-01	   8.0673870158998695e-01	   8.9764701076614051e-01	   7.6688620708793853e-01	   7.9853223657198624e-01	   5.9602883989299094e-01	   5.6561651657197609e-01	   8.7871871587300832e-01	   8.8406166336009639e-01	   8.4547392768981244e-01	   8.4152800402912331e-01	   8.1070323662247312e-01	   8.1336209650154179e-01	   7.2433668064482282e-01	   6.7293381110364103e-01	   8.1476934202735563e-01	   7.9530587504937234e-01	   7.6372478085208539e-01	   7.2688452803162773e-01	   5.1850004121083837e-01	   5.4678229563128766e-01	   5.1040565210353128e-01	   4.2538800013952371e-01	   6.0413308611905348e-01	   5.8264672917378157e-01	   4.1232642235000994e-01	   5.1679666267171775e-01	   5.3927618797938515e-01	   5.8891172971846839e-01	   5.2432851708276362e-01	   5.1485925579810077e-01	   7.4842417523007221e-01	   7.1745676722488660e-01	   6.2065841877700501e-01	   6.2623742402817850e-01	   7.0577937571064886e-01	   6.7771524595020483e-01	   7.7326375754596011e-01	   7.6892463031052083e-01	   4.4780680161559627e-01	   5.4563393128359250e-01	   8.2271722902310751e-01	   8.5347422727097433e-01	   7.5029789887667020e-01	   7.5617958260136997e-01	   6.3212529434895459e-01	   6.0240288897678484e-01	   6.3008418900753527e-01	   6.2374821483727527e-01	   6.9436814832376426e-01	   6.6112741333640135e-01	   6.7326368520716906e-01	   6.2848674391945314e-01	   7.2055423665989160e-01	   7.6954946265192725e-01	   7.2723130292644900e-01	   7.4144151660076063e-01	   7.5967975865449944e-01	   7.6897324394596378e-01	   6.9892540461848607e-01	   7.6970268520701246e-01	   8.1448957380396980e-01	   8.4319746505531024e-01	   7.6056498739082423e-01	   8.3146042230560346e-01	   7.7508460317580630e-01	   7.9078034316704204e-01	   6.4353413540805227e-01	   6.5792842804518392e-01	   8.3715936615905762e-01	   7.6141381487053605e-01	   4.8097099047085512e-01	   2.9056386924599242e-01	   7.1420166448749600e-01	   6.7234467312442403e-01	   6.0432832073792242e-01	   6.4447432586562114e-01	   6.4194709612308953e-01	   7.2912334366719056e-01	   5.3324479531645319e-01	   5.1298706433980867e-01	   7.2334653485766032e-01	   7.6344157833446635e-01	   5.6116170709868562e-01	   4.6805558712886053e-01	   3.5765826498965247e-01	   3.2064428797489714e-01	   7.0855806569758362e-01	   5.0863493555743011e-01	   5.4717988662282946e-01	   5.4002536644652199e-01	   7.4145227494964983e-01	   7.8038696913393227e-02	
   7.2476541063582844e-01	   7.2552298692022132e-01	   7.5166112529640405e-01	   7.7938224425072400e-01	   0.0000000000000000e+00	   8.8554123845820165e-01	   7.5651019860206470e-01	   7.0187844552770373e-01	   7.0585056090924414e-01	   7.2278874572371876e-01	   6.2146071264571601e-01	   6.3333891502568196e-01	   5.3426298496132385e-01	   6.5405288144287199e-01	   6.1827421048748832e-01	   7.3448852350861449e-01	   6.9114669861853684e-01	   7.3570332623130108e-01	   7.1658452117315830e-01	   7.3158754007304139e-01	   6.0575528778820342e-01	   6.7432039504706431e-01	   7.0992116924513193e-01	   7.3480579076287433e-01	   6.9611877006333156e-01	   7.5572483118177169e-01	   6.7151703408296481e-01	   6.5501660752015367e-01	   6.1466352142183089e-01	   6.4568337577811064e-01	   7.3459866756771797e-01	   7.3323626212700388e-01	   7.5682994972920303e-01	   7.5480883623352102e-01	   6.5610826291423852e-01	   6.5821855568536691e-01	   5.9138448112756048e-01	   5.8616673701123778e-01	   7.1790579268027865e-01	   7.0720671990700112e-01	   6.8930846107987764e-01	   6.1557299255568454e-01	   5.5760631254054971e-01	   5.5873663276659169e-01	   5.5455409592084604e-01	   5.1622932204454897e-01	   6.1495927461143385e-01	   5.6836035646415017e-01	   5.3119525220150932e-01	   5.3828156341509970e-01	   5.9501520945709907e-01	   5.4791145960882282e-01	   5.5621872471212130e-01	   5.2781598538027019e-01	   7.2910683076630411e-01	   6.8225095257431267e-01	   6.9176728777951701e-01	   6.8451742268983318e-01	   7.4821440887051205e-01	   6.6113135124382716e-01	   8.1083787714789834e-01	   6.9439087456215631e-01	   5.4833403411383674e-01	   6.2787161397783864e-01	   6.3532986684271764e-01	   6.2312624540821426e-01	   6.3740504919218233e-01	   6.2137102508324227e-01	   5.4101692154904701e-01	   5.5141045830705682e-01	   5.2132379374432625e-01	   5.8691114352507745e-01	   6.7689873823245683e-01	   6.8081482752133549e-01	   6.0797707471772422e-01	   6.4514617628812720e-01	   6.1245475411792960e-01	   6.2256299514143387e-01	   7.2523902270328722e-01	   7.6013449306394887e-01	   7.7110558312954625e-01	   7.7181153013620452e-01	   6.6484075318527514e-01	   7.1429460211415985e-01	   7.1890271564756092e-01	   7.7976734494468392e-01	   5.6452159360593734e-01	   6.8052098573571262e-01	   7.3915909539335500e-01	   7.0296202749615622e-01	   5.5605256603458031e-01	   5.7271180032236735e-01	   6.9363610888174587e-01	   6.6962770149919559e-01	   4.4972838873421367e-01	   2.9489111090212938e-01	   6.4515152165246847e-01	   6.0026359986121225e-01	   6.4138512531327263e-01	   6.1984731198628329e-01	   6.3067236571837071e-01	   6.7012429018120778e-01	   5.3270265903138847e-01	   5.3682069059643533e-01	   6.0053007465532271e-01	   6.4244260540263798e-01	   3.4926076072797463e-01	   3.7846460083567762e-01	   4.1587766968068757e-01	   2.1129876332187020e-01	   6.1769877582422184e-01	   4.7235166445217258e-01	   5.2886243319827675e-01	   4.3618333617426708e-01	   5.9853962791986437e-01	   6.8974505348802645e-02	
   6.5524698437501494e-01	   6.8355302445490507e-01	   6.7081402735682316e-01	   7.7623783082563058e-01	   8.8554123845820165e-01	   0.0000000000000000e+00	   7.3567924570585619e-01	   8.3724971704181395e-01	   7.0226929556148365e-01	   8.3562955980686782e-01	   5.1878382122753042e-01	   6.5110882643366819e-01	   4.3264882563878326e-01	   6.3176912025610654e-01	   4.8979437956171457e-01	   6.9562652509631806e-01	   5.8594100288939654e-01	   5.9776908795286521e-01	   6.8947800854566021e-01	   7.3953671709724611e-01	   4.6239319027661951e-01	   6.2205659221926668e-01	   6.0523506501007551e-01	   6.9763716088323979e-01	   5.6992419930212646e-01	   6.6474219495514508e-01	   5.3025953056662622e-01	   5.4746562563131940e-01	   4.6115033373760805e-01	   5.3784556751548451e-01	   6.4926224495801033e-01	   6.7566659150670660e-01	   7.4935093912604700e-01	   7.9370372125981614e-01	   5.3567162973652249e-01	   5.5813657831395236e-01	   5.0210671196234413e-01	   4.9720134212510025e-01	   6.2937763415792469e-01	   6.1369705301460420e-01	   6.4712830107156372e-01	   5.9617277792215906e-01	   4.5933445970093123e-01	   4.5216357170912114e-01	   5.0631998164776559e-01	   4.8012706297566021e-01	   5.1661041127705176e-01	   4.6322914712613517e-01	   4.8036458829703838e-01	   5.1007147339770231e-01	   5.5275318959029762e-01	   4.9050817097723898e-01	   4.8713282107226857e-01	   4.0450394506641452e-01	   6.3968546868658993e-01	   5.7959119043977259e-01	   6.4406174679011818e-01	   6.1485673387681206e-01	   6.8601463148954744e-01	   6.7250398325724681e-01	   7.8338919602026436e-01	   8.2345903398364895e-01	   5.6925310460045286e-01	   6.3100864528890943e-01	   5.3852440748132901e-01	   6.0069689970955875e-01	   5.9225400744191370e-01	   5.8100686791712786e-01	   5.4830760734774109e-01	   5.4313632737435613e-01	   4.4991010567323508e-01	   4.9796310062493276e-01	   6.0458974720554626e-01	   5.8280913715705285e-01	   5.8004682536531615e-01	   6.0262981756703626e-01	   4.8043401176125472e-01	   5.5141208267970898e-01	   6.0242451121621288e-01	   6.2103008546957383e-01	   6.5915324510894768e-01	   6.6178836840129551e-01	   5.3021250065384540e-01	   6.4376147479782531e-01	   6.2521039082475260e-01	   7.1529693650150739e-01	   4.9073192539026889e-01	   6.4153188722481846e-01	   6.9638690898995770e-01	   6.6474171402611104e-01	   5.7092134046925702e-01	   5.3824504022063013e-01	   7.4231625986889405e-01	   6.4247340761793681e-01	   2.8845351581384904e-01	   1.0801743726011562e-01	   5.2376395854806257e-01	   4.4477327247513110e-01	   5.7341790664653758e-01	   5.3159222462619105e-01	   6.7675636632073555e-01	   6.4465964225621764e-01	   5.3024759207830863e-01	   5.1534834125773066e-01	   6.7487121390560256e-01	   6.5787110334096055e-01	   4.9270223327782975e-01	   4.7481433330348766e-01	   2.7952514513135929e-01	   6.0914988650191404e-02	   5.2736352323341573e-01	   4.1440838319762174e-01	   4.4783683851109057e-01	   3.9255670195556691e-01	   5.9790706686288808e-01	   1.9108203020791584e-01	
   8.4792637931058845e-01	   7.9142643899051512e-01	   8.9816502892982641e-01	   8.4062099533381796e-01	   7.5651019860206470e-01	   7.3567924570585619e-01	   0.0000000000000000e+00	   8.1151566799603458e-01	   8.6587045287570019e-01	   7.5824479162384806e-01	   7.2169805549687682e-01	   6.8348395424604025e-01	   7.4702378256956126e-01	   7.3520914072665056e-01	   8.2011924265045977e-01	   8.1356219211171354e-01	   7.4559641278094757e-01	   7.2817831129640120e-01	   9.1192065890387086e-01	   8.6359367589432345e-01	   7.1579318355391452e-01	   7.2789086688568716e-01	   8.4872353409332235e-01	   8.6633781452184755e-01	   8.0137903758498363e-01	   7.9057910445421942e-01	   7.4461022139629773e-01	   7.1473268852742078e-01	   7.3070906171410110e-01	   7.0059965613230757e-01	   8.1478372816870781e-01	   7.8694603598631352e-01	   8.9497551916592022e-01	   8.4440668971613708e-01	   7.4144572248640284e-01	   7.6856794284929242e-01	   6.9957993743136204e-01	   6.7100120903220439e-01	   7.9106033475461324e-01	   7.8663454592680138e-01	   7.8750591050073937e-01	   7.6697526123224335e-01	   7.4280018314347918e-01	   7.5343886240977853e-01	   7.4202470780867769e-01	   6.7733056501819178e-01	   7.8226503038875728e-01	   7.5342122454636473e-01	   6.8567318627090668e-01	   7.1328504264652981e-01	   7.6573124306820239e-01	   7.2982412893431392e-01	   7.1292953180468488e-01	   6.7304748405557979e-01	   8.7646607972848467e-01	   8.4047981954065287e-01	   7.7373449044610632e-01	   7.2627938124728775e-01	   8.5779890180691976e-01	   7.7617260557493195e-01	   8.6989460291185572e-01	   7.0166235230762375e-01	   6.4232324414592634e-01	   6.7029076973563106e-01	   7.0246689957689024e-01	   6.7821307883725368e-01	   8.6399843219374894e-01	   8.2838790668035323e-01	   7.3081747837704758e-01	   7.2641522814007553e-01	   7.2655293985975500e-01	   6.9376273421768486e-01	   7.7693964799717197e-01	   7.1915750250618371e-01	   7.7553862368822835e-01	   6.6872517064864467e-01	   7.9402764878072807e-01	   8.1749841072319440e-01	   7.5722220588186062e-01	   7.8229568527022808e-01	   8.3214490431604005e-01	   8.3628696411398962e-01	   8.2298248511671857e-01	   8.3307570992988222e-01	   8.6690610255238365e-01	   8.9279810974662488e-01	   7.0870140683337823e-01	   7.7791358911868080e-01	   8.9481928024621793e-01	   8.8290222075616409e-01	   7.7155304748876241e-01	   8.1532160680779286e-01	   8.1270203464038970e-01	   8.7241195281819350e-01	   4.5290333720960918e-01	   2.1271957283891779e-01	   7.5616008288759184e-01	   7.3261595339683994e-01	   7.8226545081811716e-01	   8.1859860495534298e-01	   7.8335867276812854e-01	   9.0092668851343172e-01	   7.0374329727202545e-01	   7.5542714240205666e-01	   7.0560491425530336e-01	   7.7151462933628401e-01	   5.5629475675253315e-01	   5.5025685455404527e-01	   3.8317986059830406e-01	   4.1064814744534228e-01	   8.0284108247027419e-01	   6.6312080975915433e-01	   7.1653287003575472e-01	   6.0986415815308570e-01	   7.6585581355726329e-01	   1.9979565736805534e-02	
   6.8433481800760187e-01	   7.4166364010909480e-01	   6.7701744560505317e-01	   8.0871170050345320e-01	   7.0187844552770373e-01	   8.3724971704181395e-01	   8.1151566799603458e-01	   0.0000000000000000e+00	   7.4353629619277695e-01	   7.9291274171196546e-01	   5.1562049952451561e-01	   7.5887380193825493e-01	   4.7850482336770545e-01	   7.2240207630763020e-01	   5.3901087808883807e-01	   7.1162607647231568e-01	   5.8180233912135393e-01	   5.8476619386459505e-01	   7.4411468207705123e-01	   7.7878494983509639e-01	   5.4219601764634606e-01	   6.6230820625623910e-01	   5.7388412859518667e-01	   7.0235675492290439e-01	   5.1542326849549336e-01	   6.0647657446304848e-01	   4.4673345837344747e-01	   4.7181864600637968e-01	   5.4590712457641155e-01	   6.1346164227511624e-01	   6.9153133677484213e-01	   7.4607005940535964e-01	   8.3141912317421895e-01	   8.7844885982099497e-01	   4.6312048034360853e-01	   5.3831920948708079e-01	   4.6428720464708551e-01	   4.5133882278291787e-01	   6.1435858451007896e-01	   6.2136066949886670e-01	   6.6605923588890192e-01	   7.0797609211852852e-01	   5.1101957748227389e-01	   5.5179135019320369e-01	   5.8309530035236334e-01	   5.7989878616786961e-01	   6.1979806093566858e-01	   5.6818703658721736e-01	   5.7552507012286203e-01	   6.3742134345858026e-01	   6.5737520433369068e-01	   6.1985399355646620e-01	   5.7792281165095649e-01	   4.7116792478534575e-01	   7.1201803999498847e-01	   6.8316439715678912e-01	   6.5472701853141013e-01	   6.5446202056330338e-01	   6.5831670896246330e-01	   7.5948570516043956e-01	   7.8309578103546151e-01	   9.1427907631055283e-01	   6.5865475911266114e-01	   7.2871009589827218e-01	   4.4228487170706243e-01	   5.5450896317519427e-01	   6.4791414624694155e-01	   6.8021303076328743e-01	   6.1664660596734633e-01	   6.2371346593728672e-01	   5.9658250143142066e-01	   6.1215964499288622e-01	   6.7541300841641139e-01	   6.6128706810648363e-01	   6.8339836551538224e-01	   6.8265187051092491e-01	   6.2328118324360604e-01	   6.8872868780271956e-01	   6.0963234815156464e-01	   6.3761458053606890e-01	   6.8816169212362699e-01	   7.0128883040773360e-01	   5.7466167510567479e-01	   7.0170439403734064e-01	   6.4397280966236203e-01	   7.8651820603553602e-01	   4.7099764741689087e-01	   6.2230661979354529e-01	   6.9742744017014591e-01	   7.3598114714890728e-01	   6.4508127165027340e-01	   5.9348379623852321e-01	   7.6435066156386799e-01	   6.4593007580884954e-01	   2.6208064110584839e-01	   5.0051031163560883e-02	   5.6910380313065012e-01	   4.9925758222006128e-01	   6.5418777842486975e-01	   6.1891193068630646e-01	   7.8453860259185937e-01	   7.1358218833920206e-01	   6.1370219845192431e-01	   5.8136274754281048e-01	   7.1800198260829373e-01	   6.9617151328884208e-01	   5.7308699541539820e-01	   5.3513619281458291e-01	   2.4887447580101923e-01	   1.2222659816107737e-01	   5.8542114553787816e-01	   4.6217073783396556e-01	   5.1683449317819818e-01	   5.0129730308499787e-01	   6.5825872901745153e-01	   1.2442044226486640e-01	
   7.8726090036796403e-01	   7.7808256366553152e-01	   7.1651108643325256e-01	   6.6050954801042971e-01	   7.0585056090924414e-01	   7.0226929556148365e-01	   8.6587045287570019e-01	   7.4353629619277695e-01	   0.0000000000000000e+00	   8.0001570441104253e-01	   8.1057628398175385e-01	   8.0726844079812443e-01	   8.1764059836250258e-01	   8.7563385732216181e-01	   8.2680021004505377e-01	   8.0214628825491818e-01	   7.2652117093337498e-01	   7.5782474734917560e-01	   8.0220496897627003e-01	   7.8147212906650809e-01	   5.0859286673389803e-01	   5.5449018732536004e-01	   7.4650766315628969e-01	   7.6646957585013875e-01	   6.8419257245214127e-01	   6.5339250623002976e-01	   6.5546600865181470e-01	   5.7614607114715422e-01	   7.1760134150144728e-01	   7.5761864613169294e-01	   6.6763492445664419e-01	   6.3613255329128582e-01	   7.3249042466575087e-01	   6.8425310279252982e-01	   5.7387481056109368e-01	   5.9340469573013221e-01	   6.4018325117992458e-01	   6.3500239221582033e-01	   6.8939106492887614e-01	   7.0599579188261430e-01	   7.1351920408177527e-01	   7.5125773976461230e-01	   7.4943367489374713e-01	   7.6619893042095777e-01	   7.0134963290686481e-01	   7.0710118574076342e-01	   7.9447900261359305e-01	   7.7522543510652642e-01	   7.3482688383025108e-01	   7.7655720861998834e-01	   7.9785501933372283e-01	   7.3223798908011706e-01	   7.5501338706213383e-01	   7.2835113299617338e-01	   8.4335836849198587e-01	   8.2308342166358295e-01	   7.1006817568358271e-01	   7.0605597230822137e-01	   7.8246224092065897e-01	   7.4966328833829055e-01	   7.9198919412588220e-01	   6.7190111531903163e-01	   6.3108252237253248e-01	   6.8060193553289683e-01	   5.3520499016051548e-01	   5.2013290855075867e-01	   6.6996973619880795e-01	   6.4575601695031537e-01	   5.6617730467646188e-01	   5.7767141265962763e-01	   5.6153666762609555e-01	   6.2132631433299090e-01	   7.0255811555582315e-01	   6.4654350058064047e-01	   6.9695809130220365e-01	   6.1279545770541344e-01	   6.8441216720578346e-01	   7.0628879495054986e-01	   7.6531340250430202e-01	   7.3659926639980666e-01	   7.9466770290967803e-01	   7.6562543452040455e-01	   7.7166691947101351e-01	   8.1419158080712040e-01	   7.4497451376802581e-01	   8.0293439310446768e-01	   5.9400547451567864e-01	   6.7435914698522836e-01	   8.5928780352583933e-01	   8.2744355559652405e-01	   6.9031722793168537e-01	   6.9934489850856452e-01	   7.3299096923385632e-01	   7.5826173711620282e-01	   4.4296686885002767e-01	   1.9804873626266559e-01	   6.4848513690591658e-01	   6.5602297813485655e-01	   7.8251636972635708e-01	   7.7204036526620690e-01	   7.4414302898353779e-01	   7.8821223180145028e-01	   6.1747917254728790e-01	   6.3170320699234472e-01	   5.5797452192334829e-01	   6.0225696408387897e-01	   3.7890460370549173e-01	   3.7472085953959977e-01	   4.1674773143690635e-01	   4.0328621575229789e-01	   7.1809173589087560e-01	   6.3040162769449815e-01	   6.5866538716461642e-01	   4.8074326924789224e-01	   6.5265399671218638e-01	   6.0156759155362817e-02	
   6.0663028218781923e-01	   6.3178162397750781e-01	   6.7167323214584318e-01	   7.6294740559018848e-01	   7.2278874572371876e-01	   8.3562955980686782e-01	   7.5824479162384806e-01	   7.9291274171196546e-01	   8.0001570441104253e-01	   0.0000000000000000e+00	   5.2008046633935812e-01	   6.1421211106279794e-01	   5.3195607130232359e-01	   7.1457809088047064e-01	   6.0814214867955019e-01	   7.6316608597572544e-01	   5.5717672355626868e-01	   5.8566057626330092e-01	   6.9148363506256083e-01	   7.1033771139735102e-01	   4.3754744008639163e-01	   5.4264759322280365e-01	   6.8662551926979865e-01	   7.8687546538572484e-01	   6.2721331943048186e-01	   6.7472752601696273e-01	   6.3814225700474492e-01	   6.2235738999706935e-01	   4.6942333152450033e-01	   5.2414522230692495e-01	   5.9656956324138921e-01	   5.9413858871578262e-01	   6.5757713331500289e-01	   6.6965551091576891e-01	   6.1509124622254407e-01	   6.3500158724714051e-01	   6.4340317821496595e-01	   6.3733242010633595e-01	   7.1671459152763906e-01	   6.9959003855047353e-01	   6.6775525851915418e-01	   6.2668718152132785e-01	   5.3804380205124946e-01	   5.4604695139083981e-01	   4.9080920927454164e-01	   4.7503374509687946e-01	   5.8494471541425741e-01	   5.6528087853210229e-01	   4.6522405760867336e-01	   5.8845332690352325e-01	   5.5590156203512031e-01	   5.3857704590370759e-01	   5.3469095465212779e-01	   5.0666499197863857e-01	   7.0147172309376704e-01	   6.6117729836215888e-01	   5.5156539076606437e-01	   5.5158193374536535e-01	   7.0688991523804068e-01	   6.9804180099130786e-01	   7.1918021790311271e-01	   7.6024887060094803e-01	   4.0967291954362572e-01	   4.7817419941951084e-01	   6.0566663214562455e-01	   7.0287538394173121e-01	   5.8555104466986607e-01	   5.7918508266601099e-01	   4.2174973380071024e-01	   4.2660991068711712e-01	   4.3736463538769632e-01	   4.2763692194340230e-01	   5.4936053009670127e-01	   4.6126163953720067e-01	   5.7342618027733128e-01	   4.6343395219090855e-01	   5.3283020260384939e-01	   6.1901026560537376e-01	   6.6021329769280679e-01	   6.2075315320869051e-01	   6.5678721295832543e-01	   6.5352903206198198e-01	   6.3570638333391183e-01	   7.0256150817953067e-01	   6.8524919772192039e-01	   7.0970380878943651e-01	   6.5247856257257486e-01	   7.2375116758455993e-01	   8.0179635275381811e-01	   7.7289479924616855e-01	   6.3737148537279775e-01	   6.1926216960856617e-01	   8.2602143760010116e-01	   7.3502280760220851e-01	   3.8574287588241712e-01	   1.6028672377561187e-01	   5.6531413448379997e-01	   5.2562834244407830e-01	   6.1791355561102712e-01	   6.0178892856307531e-01	   6.7158160269665412e-01	   6.9272246374631907e-01	   5.1199858814145571e-01	   4.8591545247808926e-01	   6.3991819841699837e-01	   5.9119045157740813e-01	   4.8923269649315815e-01	   3.7429474478824498e-01	   3.4856673919364034e-01	   2.6614607787284761e-01	   6.0363354163381544e-01	   4.9192946135840948e-01	   5.0799386079128606e-01	   4.0759557653753697e-01	   6.6537161552132629e-01	   1.9731141343676548e-01	
   7.3954343709840176e-01	   6.5607700072596709e-01	   5.3872867808248825e-01	   4.0118863795020288e-01	   6.2146071264571601e-01	   5.1878382122753042e-01	   7.2169805549687682e-01	   5.1562049952451561e-01	   8.1057628398175385e-01	   5.2008046633935812e-01	   0.0000000000000000e+00	   7.4736928227743293e-01	   9.4041567069788723e-01	   7.6782166525892370e-01	   7.7867161363819837e-01	   5.9904699839954978e-01	   6.4704144739996883e-01	   7.1342574348631560e-01	   7.1344018286954092e-01	   6.7346212480109924e-01	   4.0665436165497199e-01	   4.0647649621969911e-01	   5.8339951547459468e-01	   4.9776314899503371e-01	   4.8188408496068025e-01	   4.2504192803796847e-01	   4.6797581375084518e-01	   3.7112104566133980e-01	   7.4705588301916426e-01	   7.4199991614146987e-01	   4.9463826293760083e-01	   4.6428105122888630e-01	   5.9881150690725149e-01	   5.3631680386294123e-01	   3.6620205896259922e-01	   3.6278934849182920e-01	   4.6224210606002419e-01	   4.7646725944418777e-01	   5.0520166801274791e-01	   5.1790563486614483e-01	   5.7978779995134966e-01	   6.0749292659151855e-01	   6.3158296314221163e-01	   6.5162152603114598e-01	   6.2581685462989656e-01	   6.3362793333768730e-01	   6.7525344062378845e-01	   6.3974876717054463e-01	   6.7450604385213053e-01	   6.0553017213566696e-01	   6.8086047234132197e-01	   5.6179951084297930e-01	   6.3109236310389816e-01	   5.9502923271564412e-01	   6.9994888800292998e-01	   6.6018773457765512e-01	   6.4376433846872150e-01	   5.9028795867420436e-01	   6.8196542346990241e-01	   5.4706079275073582e-01	   7.0085273265774362e-01	   4.5499872426107579e-01	   6.6839262090321605e-01	   6.2805916976108245e-01	   3.2638373390092457e-01	   2.3932392559522417e-01	   4.9873346469452706e-01	   4.3269690351159329e-01	   4.5255148724599403e-01	   5.0594694581615041e-01	   5.2318250863189286e-01	   5.7707752663913825e-01	   6.5753745848169132e-01	   6.2498307229951444e-01	   6.7356665730380094e-01	   6.1041763774404678e-01	   6.0672116938913967e-01	   5.6918643814249725e-01	   6.3210690748821985e-01	   6.8249843232798468e-01	   7.4315161329085466e-01	   7.2079420518841164e-01	   7.1877758052943941e-01	   6.8682560317666497e-01	   6.2651201019145819e-01	   6.5347614049094882e-01	   3.8095729087051383e-01	   4.7204539698367309e-01	   6.9379749995424866e-01	   5.9556535592015325e-01	   4.9368429872015496e-01	   5.3762087126592417e-01	   4.5327771045100063e-01	   5.7694311071399929e-01	   3.6924533565114687e-01	   2.1043540530600802e-01	   5.3249199633236743e-01	   5.4813485795896466e-01	   6.4253240608148054e-01	   6.4239962692467589e-01	   5.5223451292648262e-01	   6.4923888689062215e-01	   4.7743710851875876e-01	   5.6089388276436103e-01	   3.3434663915038909e-01	   4.5501551990506706e-01	   1.6004464437127774e-01	   2.8893193493885166e-01	   3.5762664517493786e-01	   3.0578559670803218e-01	   5.6785438270921973e-01	   5.0458475045047169e-01	   5.5398014286410480e-01	   3.7096189219598724e-01	   4.7739250027232838e-01	  -1.7113680460428951e-02	
   7.4894292499534232e-01	   8.1593644054469350e-01	   4.7768010244727732e-01	   4.9225725636179490e-01	   6.3333891502568196e-01	   6.5110882643366819e-01	   6.8348395424604025e-01	   7.5887380193825493e-01	   8.0726844079812443e-01	   6.1421211106279794e-01	   7.4736928227743293e-01	   0.0000000000000000e+00	   6.8316033775307794e-01	   9.1849013114789391e-01	   6.2200936033568244e-01	   6.3427907985819632e-01	   6.8085724098715039e-01	   7.3521191757319415e-01	   6.7607178171346538e-01	   7.1978877371174077e-01	   4.1962073219282814e-01	   5.2795800359772493e-01	   5.0186856210676034e-01	   5.2405834940623397e-01	   4.4618355506499319e-01	   4.3751132032299994e-01	   4.0310567378190981e-01	   3.5334600793318882e-01	   6.7745016015385362e-01	   8.1158186243459851e-01	   5.4644857505057320e-01	   5.6140110594028569e-01	   6.7882093087430606e-01	   6.9021605342559544e-01	   3.0762091557754007e-01	   3.5069859370417134e-01	   4.1403114045473155e-01	   4.4309456776056461e-01	   4.8690891945577058e-01	   5.3016888132517848e-01	   5.5402097509486625e-01	   7.4722075150770761e-01	   5.6275355393127779e-01	   5.9447727633536096e-01	   6.0381062914135819e-01	   6.5113911345494646e-01	   6.5726139208255496e-01	   6.0024590350580209e-01	   6.9822002139702233e-01	   6.9484598611119663e-01	   7.5426135195287314e-01	   6.7625330736643607e-01	   6.4897996850173123e-01	   5.6957456626717717e-01	   7.0302043398003977e-01	   6.8315027723786625e-01	   6.9611436267651605e-01	   7.2369849333946479e-01	   5.9996511209081449e-01	   6.5421494301933047e-01	   7.1213304723577520e-01	   6.7520831121207237e-01	   7.8090910177495299e-01	   8.0611235533091552e-01	   2.5833321627595740e-01	   2.7280651705588999e-01	   4.7281585577403351e-01	   4.8606234956195271e-01	   4.5960548110011157e-01	   4.6811878409621160e-01	   5.5198924836542340e-01	   5.9772615282499542e-01	   6.8174220644266936e-01	   7.1513716506737746e-01	   6.6819650108670947e-01	   6.8777420078468243e-01	   5.9771796951488132e-01	   6.1484411587186727e-01	   6.8472410310042675e-01	   6.7820270061421817e-01	   7.4039065744706156e-01	   7.1054184456693947e-01	   5.9419250107349553e-01	   7.0030892928823218e-01	   5.9006806778179999e-01	   7.2545478112137407e-01	   3.5248124662798663e-01	   4.9935748905339949e-01	   6.4313386371269976e-01	   6.3086673929449655e-01	   5.0757940573189075e-01	   4.7909606461809096e-01	   5.4968230904907278e-01	   4.9975573418762553e-01	   2.3812008222542849e-01	  -2.2551840905654886e-03	   5.0094346908232446e-01	   4.6677797674980970e-01	   6.8179962855445242e-01	   6.1026462474803722e-01	   7.1514470293263921e-01	   5.9293466617597834e-01	   5.7661780843875954e-01	   5.4762695805497208e-01	   5.6699741857592156e-01	   5.6538988395514012e-01	   3.3416054468229039e-01	   3.8176208375093335e-01	   2.7074407941066991e-01	   1.9126848597837515e-01	   5.2503029023469816e-01	   4.6835601918955105e-01	   5.0950570454338806e-01	   4.1716562746900182e-01	   5.3147154736721491e-01	   5.8144978577621680e-02	
   7.2746576169520938e-01	   6.1722436998763874e-01	   5.5267471901060328e-01	   4.0050043384058986e-01	   5.3426298496132385e-01	   4.3264882563878326e-01	   7.4702378256956126e-01	   4.7850482336770545e-01	   8.1764059836250258e-01	   5.3195607130232359e-01	   9.4041567069788723e-01	   6.8316033775307794e-01	   0.0000000000000000e+00	   7.6473696608306807e-01	   8.3085329336945701e-01	   6.1727818355341180e-01	   5.9142033327744903e-01	   6.4942114750266067e-01	   7.1553870886120352e-01	   6.3510688410699467e-01	   4.0524853173463232e-01	   3.7091939547162389e-01	   6.1177507435521350e-01	   5.3519547796508671e-01	   5.0665769628946755e-01	   4.2989368224773050e-01	   4.9782707511249458e-01	   3.8930443508590112e-01	   7.1504410354017922e-01	   6.9271581610131938e-01	   5.1499478210274630e-01	   4.7151425321447227e-01	   5.8932750360414432e-01	   4.9976880446906008e-01	   4.0869481970219618e-01	   4.0937764625068040e-01	   4.8531512812736571e-01	   4.8505211215814742e-01	   5.0093519126732478e-01	   5.1239502937436510e-01	   5.2741376186729849e-01	   5.8029537535851750e-01	   6.8879008144147413e-01	   7.0936521020105614e-01	   6.5156003360283887e-01	   6.4827874793342954e-01	   6.9764556606721562e-01	   6.7580906830322052e-01	   6.7921473495383822e-01	   6.2426777427822178e-01	   6.7916974548277675e-01	   5.7820636822363491e-01	   6.3381439052459632e-01	   6.1973120002192039e-01	   6.9985247812542695e-01	   6.6506496369150736e-01	   6.3112725100849665e-01	   5.6355640751568170e-01	   6.9049542703066957e-01	   5.4552046197742587e-01	   6.6222357703929924e-01	   4.0249592678726048e-01	   5.6285305869011781e-01	   5.1608454610010057e-01	   3.5446671442362004e-01	   2.5682180818359029e-01	   5.3895645083166643e-01	   4.7100825994334028e-01	   4.5353634550839633e-01	   4.7012561795196944e-01	   4.9180477538996015e-01	   5.5909208687108447e-01	   6.0608372609510630e-01	   5.4521176675168104e-01	   6.3861426910543417e-01	   5.0795217164095130e-01	   6.3655993898776464e-01	   5.9563130945349374e-01	   6.0937248270703825e-01	   6.5262946384574905e-01	   6.9990369289173404e-01	   6.8265123082200652e-01	   7.4506866132422955e-01	   6.8236343341786954e-01	   6.4428761570774729e-01	   6.4825966635094356e-01	   4.3905027045796402e-01	   5.0330229298958906e-01	   7.0819262969025432e-01	   6.3142733221931135e-01	   5.3651691539053947e-01	   5.8856778569487767e-01	   4.8137446812848594e-01	   6.2775354221914426e-01	   3.3483146127115526e-01	   1.7457144149797521e-01	   5.3255234202450374e-01	   5.7522935217537108e-01	   6.6427971025763566e-01	   6.7776266119301765e-01	   5.5408115259538537e-01	   6.8586017242140784e-01	   4.7491430776405474e-01	   5.7993714398129625e-01	   3.2414906462101600e-01	   4.2229580764791841e-01	   1.8433298507858892e-01	   2.9316014276222169e-01	   3.2612838301961888e-01	   3.9462821975127921e-01	   5.9234313025927265e-01	   5.3509547373511768e-01	   5.7538243443647974e-01	   3.8598155196635775e-01	   4.7626752518515303e-01	  -4.0722176781415667e-02	
