   0.0000000000000000e+00	   7.2616373548342961e-01	   2.5265074716521319e-01	   2.3018234166058510e-01	   2.1943572515289045e-01	   9.0966555278170297e-02	   4.3123928035594739e-01	   3.2021662004569029e-01	   6.0388566509030495e-01	   5.2557190000918941e-01	   7.2959362146998830e-01	   6.0079823825833156e-01	   6.9437616209655451e-01	   6.0220913275257548e-01	   5.8595052332990982e-01	   4.3628480861216623e-01	   4.4407215376068987e-01	   4.3443731549090936e-01	   4.9249046263961371e-01	   5.5182730516792355e-01	   2.2022820334424692e-01	   2.3814670876471708e-01	   1.3606226823520939e-01	   1.7042815117180599e-01	   1.6296767211240806e-01	   7.7455814804370526e-02	   1.9290352140630854e-01	   8.3159453148355877e-02	   5.1733498170724734e-01	   4.2266829915937287e-01	   1.6959877224281858e-01	   1.3497017515855794e-01	   4.0472381104225702e-01	   4.7500964101018128e-01	   5.4811321953616536e-03	  -3.3866025792797169e-02	   1.0088502025067264e-01	  -1.7350527702589668e-02	   2.9355962915877787e-01	   1.5070071755688036e-01	   2.5597156513927799e-01	   1.4364636611360565e-01	   3.4675179750583929e-01	   3.1214080325401761e-01	   1.1420396941746097e-01	   7.0830272022949503e-02	   4.0089233130875013e-01	   3.1033760496244661e-01	   2.0501629442665650e-01	   1.1165083207507449e-01	   3.2138428908033956e-01	   1.5870105444322971e-01	   2.1556113545125655e-01	   1.2552570117368536e-01	   4.8914733562829138e-01	   4.2926467147103564e-01	   7.6777880317926694e-01	   4.8543368165781076e-01	   4.9759181094633775e-01	   3.0951828222391631e-01	   7.9734197344205127e-01	   6.4793896769873804e-01	   4.9916203748388299e-01	   6.0428141638738575e-01	   3.5005090392079341e-01	   4.9429432253413158e-01	  -5.0462115005394104e-02	   2.5107159692459281e-02	   5.3590893725892019e-01	   3.3347442384325104e-01	   2.3198256594471825e-01	   2.7357590799876763e-01	   5.0302897061297147e-01	   4.2404294851849866e-01	   4.4694463059834122e-01	   3.6379436430565726e-01	   5.1858593048271895e-01	   4.3982956117870631e-01	   2.6269387634650010e-01	   4.4032810063696182e-01	   4.8890003130376547e-01	   4.3971135685443663e-01	   4.3759172652338651e-01	   2.6987689388895880e-01	   2.2950348216307009e-01	   2.0002637098231185e-01	   4.7742453971171811e-01	   2.8540423935085651e-01	   5.4246733170269557e-01	   5.0657790356587018e-01	   3.8564347102825958e-01	   5.1173846053096084e-01	   1.8300130847330071e-01	   4.0041076434058570e-01	   2.1136709598659230e-02	   4.5545353670764857e-02	   2.4481193793061781e-01	   3.8298719636009981e-01	   4.4788532702335171e-01	   5.4000032150927291e-01	   2.9638058432973446e-01	   5.0707697822305031e-01	   3.8157749271957275e-01	   4.6022076748695601e-01	   1.9348606709275395e-01	   2.2104529774817355e-01	   1.1553481911951891e-01	   3.2610915118079242e-01	   2.2365976412835675e-02	   1.2625297686012094e-01	   4.6219096730243547e-01	   3.5674018298838472e-01	   4.9914158213252413e-01	   2.7683543892871437e-01	   3.7696652168640349e-01	   1.6367173252724895e-01	
   7.2616373548342961e-01	   0.0000000000000000e+00	   6.9157100232904223e-02	   1.9931813855012398e-01	   1.6831888565335282e-02	   5.2843078774352020e-03	   6.4075166139143644e-02	   1.2083063194017193e-01	   1.5844908062765697e-01	   2.0070489484268617e-01	   4.6757565845126581e-01	   5.2746495325374088e-01	   4.6682647694772950e-01	   5.2811919761700921e-01	   3.1380170712502953e-01	   3.7212121010741867e-01	   6.1482463039881097e-01	   6.0574404506096635e-01	   3.6657187490528198e-01	   6.3759692849870075e-01	  -4.9087238670840388e-02	   1.5834430202998663e-02	   3.0789241047021534e-02	   1.1282383466252299e-01	   2.9647026456718732e-02	  -3.3811675987812338e-02	   1.1559216885346299e-01	   8.7566157293020933e-02	   4.2830326654176992e-01	   4.3190861670332437e-01	   1.4363490268029408e-01	   1.5370712052744653e-01	   3.8766392995606858e-01	   5.3902287992263176e-01	   7.8379487638885921e-03	   8.7632908851840528e-03	  -9.7444601125341590e-02	  -2.3126779052546056e-01	   2.9030077643337086e-02	  -5.2075041725635221e-02	  -2.8145772312319600e-02	  -6.2360121666061641e-02	   3.6623205556920363e-01	   3.8368955364777396e-01	   1.8251352436179782e-01	   1.8820133308775161e-01	   4.1001172622508697e-01	   3.5140342955750475e-01	   1.7417728251325112e-01	   1.3873177120938360e-01	   2.4472633730960991e-01	   1.5433122248320924e-01	   9.6298089586675628e-02	  -1.4030809088739099e-02	   4.9707790633474969e-01	   4.3359350388880080e-01	   7.9416988759916818e-01	   8.6462878544871469e-01	   3.6563618000268189e-01	   3.9565759116360538e-01	   3.7735197343134264e-01	   3.9951317786245799e-01	   4.5641446223710203e-01	   5.1968617363610980e-01	   4.9954316758150846e-02	   1.4925712962961057e-01	  -5.7796671508256056e-02	   1.8981240141631628e-01	   4.3978679716598923e-01	   6.3325099480865221e-01	   5.1630151806056637e-02	   2.8635619739789262e-02	   2.9489018954508595e-01	   3.1768396537457000e-01	   1.9752432534611947e-01	   1.3652457040311122e-01	   2.2575952845128464e-01	   2.3813390162241069e-01	   4.6472838058904176e-01	   6.7562403436001339e-01	   6.1441243195106110e-01	   4.4334553329852228e-01	   2.7277438356466543e-01	   1.5407831085723875e-01	   3.0892853846951457e-01	   2.5757155602874721e-01	   5.0158567819018196e-01	   4.2313358055381822e-01	   4.2936684307223832e-01	   4.5766710769413127e-01	   2.1843513876182934e-02	   9.9159706674894987e-02	  -1.6955131530625234e-01	   1.2874477251574751e-01	  -7.1303424130017876e-02	  -7.7967561838089033e-02	   3.0505877965900596e-01	   4.0196197504265552e-01	   4.5080012480512638e-01	   3.4547772929575105e-01	   2.0071688127755677e-01	   2.4217110532776059e-01	   4.9996250487473859e-01	   4.3409662592303455e-01	   3.8220038032073800e-01	   3.4916742443257570e-01	   1.5985524244406399e-01	   2.9277719694078785e-01	  -1.0341352307211006e-01	  -7.9321818646136910e-02	   3.6194865040895075e-01	   3.0075911825726054e-01	   2.6451125432806383e-01	   4.1327079017868795e-01	   3.4933795759616015e-01	   1.9869144906004846e-01	
   2.5265074716521319e-01	   6.9157100232904223e-02	   0.0000000000000000e+00	   6.2540634197966616e-01	   7.8202689889656507e-01	   6.9561342331726084e-01	   7.1934763658559875e-01	   2.4158608166320322e-01	   6.0838300470278095e-01	   3.5206370757252831e-01	   3.9466609606007486e-01	  -1.5424169838377794e-01	   4.9469282535254511e-01	   1.3546639124979470e-01	   6.4713204207818986e-01	   5.1501035783387450e-01	  -7.1805420451700436e-02	  -1.6661365506733655e-01	   5.4819640656833546e-01	   2.1721364782463498e-01	   5.4408868155904244e-01	   5.4829265943270655e-01	   8.8350758391788209e-01	   8.3534015164014097e-01	   8.5163762291422729e-01	   8.3065666416795292e-01	   8.1693641128391481e-01	   7.8176585842152702e-01	   6.5210425520138421e-02	  -1.0363952333674141e-01	   8.1598549877758764e-01	   7.4296621410341457e-01	   5.1926653086987007e-01	   3.4961438149134294e-01	   8.5128663607992572e-01	   7.9912176944377311e-01	  -8.4280747104314574e-02	  -1.2052754290652148e-01	   1.5509710819838632e-01	   4.2367999592365188e-02	   1.6154614349595103e-01	   8.4147932401166581e-02	   3.2077983396071275e-01	   2.6328071029052430e-01	   3.5443642032152245e-01	   2.0614500439206501e-01	   6.5068418211182991e-02	   1.4436489352119158e-01	   2.5359793746116255e-01	   3.1742559026541300e-01	   5.9279641266644068e-01	   4.8272164864799061e-01	   5.1381365060394324e-01	   6.3758779852849323e-01	   3.7420928697607075e-01	   3.4525306120656130e-01	   2.7608069740806895e-01	   1.0597874626842879e-01	   2.2896438137072922e-01	   5.5957555088876273e-02	   2.0606252563043012e-01	  -1.7875664616028036e-01	   2.6567379797180962e-01	  -1.9983123292728451e-02	   6.0911508512490742e-01	   3.2188428235189470e-01	   7.3711803687750677e-01	   5.8030089789093076e-01	   5.3586606084075461e-01	   2.1715487035158249e-01	   3.0668368861677697e-01	   3.5249954707487308e-01	   3.0451805522459663e-01	   2.6667281518204317e-01	   3.1137814306836425e-01	   2.6247526693762180e-01	   3.3479099387029859e-01	   2.0020020979138561e-01	   6.9803219934416363e-02	  -2.6112285635245220e-02	   6.0067982402547834e-02	   1.1519497520094338e-01	   3.2791022358337313e-01	   6.2822786338659481e-02	   5.5035046699308809e-01	   6.0045830807833944e-01	   4.9090377537915919e-01	   4.6367218226326662e-01	   5.0870898820799826e-01	   5.3607986996897161e-01	   4.1729313056674300e-01	   5.9737762274281869e-01	   5.9439348057142138e-01	   7.9886070871894033e-01	  -1.9623382050720767e-01	  -1.2938368355464783e-01	   5.6093373700640877e-03	   1.8267549845745304e-01	   8.2487969944156400e-02	   2.3779551379985461e-01	   3.9473082534116716e-01	   6.9402402987286593e-01	   8.0698923881550186e-02	   3.5033741167161392e-01	   1.6626612996019668e-01	   2.7787937087381853e-01	  -1.4218423321940715e-01	   2.5406722639849399e-01	  -1.4923536846843682e-01	  -7.7854805100489533e-02	   3.0147499176811438e-01	   1.3838939755479962e-01	   1.9574527292817712e-01	  -4.6370928019211768e-03	   2.1807169035624019e-01	   9.6993266858849320e-02	
   2.3018234166058510e-01	   1.9931813855012398e-01	   6.2540634197966616e-01	   0.0000000000000000e+00	   4.9477566138203910e-01	   6.5020304927485995e-01	   6.2411855240882941e-01	   6.8628208212158626e-01	   4.1480459309135703e-01	   4.4493958690171431e-01	   4.0643035407578176e-01	   2.7390337953762134e-01	   4.0935308583440094e-01	   4.5484738345606368e-01	   5.0013135657100838e-01	   6.8650890062212766e-01	   7.8212637319860959e-02	   1.4071073107736298e-01	   3.2570830022293767e-01	   3.5130641226364567e-01	   2.9975365623559735e-01	   3.3061225356382751e-01	   5.8370883470641199e-01	   7.3590032744343192e-01	   5.4447732643141056e-01	   6.3553948611526845e-01	   5.2625417940014818e-01	   5.3654169003906604e-01	   1.2853292994403109e-01	   1.8627523811069149e-01	   6.5903099968516399e-01	   7.2187736297477056e-01	   5.2440143646678583e-01	   5.7050848279993305e-01	   5.9227456830013492e-01	   6.0992143450200198e-01	  -2.3704144407193195e-01	  -1.8243805184928463e-01	   3.3003084152030709e-02	   5.8188033393934213e-03	   1.3912412423224141e-01	   8.9891079033961874e-02	   4.2756598014973402e-01	   3.3135416963491021e-01	   3.4891427130807262e-01	   1.4456140409842055e-01	   2.5943291990390627e-01	   2.3145340671489423e-01	   2.4886156038604040e-01	   1.9680218117089865e-01	   5.5746892640076151e-01	   4.3455190566278579e-01	   5.3843751982889132e-01	   4.7195780031958195e-01	   4.2852453324267314e-01	   4.6681227570374062e-01	   3.1387167118886761e-01	   2.2715192199108197e-01	   3.0747411146104675e-01	   2.5951762032565345e-01	   1.8874844083680065e-01	   1.3614810459026055e-01	   4.3149585896552090e-01	   3.6684276886451672e-01	   3.7719194469490391e-01	   2.9530023440855457e-01	   4.4270821899293344e-01	   5.1163553684889074e-01	   2.0817698108419880e-01	   8.9600079899569474e-02	   2.4067119278819482e-01	   3.5845940369631341e-01	   3.8108904249472081e-01	   4.1219718405558758e-01	   3.6967573881643806e-01	   3.6943068508176868e-01	   3.4647118992323511e-01	   3.1659899630144583e-01	   3.4524351711597880e-02	   1.1258578161322268e-01	   1.6411426351718233e-01	   2.8767488210778902e-01	   3.1090214503710445e-01	   2.0486141831088400e-01	   4.9890166537426095e-01	   5.8306522209202538e-01	   3.6319236323739756e-01	   4.9535971331424555e-01	   3.7475944089236246e-01	   5.1403351059038327e-01	   4.7028089212562990e-01	   4.4370126173626245e-01	   5.0635509793088640e-01	   4.9560311469050178e-01	  -5.4671507689641019e-02	  -4.2746177463504557e-02	   1.5204060213994558e-01	   2.7148502905991101e-01	   3.3808239070237578e-01	   4.1644363179045790e-01	   6.3128499316228182e-01	   5.0741717292092692e-01	   3.4350038227489371e-01	   3.1691771683774250e-01	   1.4245909731182643e-01	   2.1262385196729805e-01	   8.9794593231422221e-02	   1.9853260104968093e-01	  -7.5185695711425013e-02	  -2.4458959717119790e-02	   2.7131465490930146e-01	   3.1162206893214867e-01	   2.5124504882115506e-01	   1.6192455984566070e-01	   2.3718355711584949e-01	   3.8737194931801854e-02	
   2.1943572515289045e-01	   1.6831888565335282e-02	   7.8202689889656507e-01	   4.9477566138203910e-01	   0.0000000000000000e+00	   8.4802756552763991e-01	   5.6488402002378979e-01	   1.1282296080732063e-01	   6.3669791131180598e-01	   4.4702648213259022e-01	   3.8484722572783558e-01	  -1.7532158920617344e-01	   4.6167146609503762e-01	   5.7614829974078033e-02	   5.9919353311947199e-01	   4.8008731651844938e-01	  -7.5275376185926640e-02	  -2.0283704039020767e-01	   5.3973206017502107e-01	   2.1865778398587543e-01	   5.7836155404121015e-01	   5.7778730760867791e-01	   8.1007024565012187e-01	   7.2952333570612438e-01	   7.2558597156094140e-01	   6.7413042877927232e-01	   7.6785193988476386e-01	   7.0195166017164445e-01	   9.7836901389157904e-02	  -1.2023125748884558e-01	   6.4056128877445684e-01	   5.7412354198847559e-01	   3.7961439347191905e-01	   2.6512213753829428e-01	   6.3991757010625117e-01	   5.7976938085284946e-01	  -1.1555119448468261e-01	  -1.4658121988734760e-01	   1.4133508334615386e-01	   7.3114218306191636e-02	   2.0004876683291062e-01	   1.4238697915746279e-01	   2.8019275798656407e-01	   2.1744561191937112e-01	   2.3245154349283634e-01	   1.3689899876380807e-01	   6.7535588879601878e-03	   9.2350901681563985e-02	   2.6731361162418510e-01	   2.7142720341096849e-01	   4.7853775466534443e-01	   4.3199488255066870e-01	   4.6240646616707870e-01	   5.8553548350035178e-01	   2.9622783577653222e-01	   2.9004443564697929e-01	   1.9472406825668814e-01	   3.0912849146300728e-02	   2.2631504207046821e-01	   1.1504243649786264e-01	   1.6617085234866397e-01	  -1.7007219487071862e-01	   2.7402451087431190e-01	   7.1751357936084489e-02	   3.8194437848973739e-01	   1.7311441548298825e-01	   6.4956744301481550e-01	   4.4529291862998316e-01	   4.4187068723761236e-01	   1.3523724253282293e-01	   2.4399258635533219e-01	   3.5072356578530384e-01	   3.0515972213600917e-01	   2.5667709794841964e-01	   3.4026801215460850e-01	   2.5981089727288198e-01	   3.3044297746753970e-01	   1.9119255121669471e-01	  -3.0492296786029296e-03	  -6.4693256468781796e-02	   6.7579138189574450e-02	   1.4090247225484370e-01	   3.1687946779577369e-01	   1.1184587894695999e-01	   4.2752317508445337e-01	   4.2891551992943194e-01	   3.6294963881192482e-01	   2.1086091847185134e-01	   4.4884511561706081e-01	   4.2505796224616921e-01	   5.6803505036545565e-01	   6.9780905740077170e-01	   6.3566708782677328e-01	   7.2092118126544702e-01	  -1.7264241876990391e-01	  -1.2478563911895318e-01	  -8.9475897101759294e-02	   1.0065637080352280e-01	   1.5435105004986541e-01	   3.0985903537528919e-01	   2.9968666840684566e-01	   5.6291384005168044e-01	   1.2986562951127872e-01	   3.4146027867541739e-01	   1.4457392530232405e-01	   2.1863596347203604e-01	  -1.2729910599290678e-01	   2.8945113660394034e-01	  -1.0483518033657863e-01	  -7.8785396006658473e-02	   2.3124444028393329e-01	   1.8583407862807280e-01	   3.6403356240451740e-01	   7.5023942446098366e-03	   2.4263709852667484e-01	   1.0322510443993281e-01	
   9.0966555278170297e-02	   5.2843078774352020e-03	   6.9561342331726084e-01	   6.5020304927485995e-01	   8.4802756552763991e-01	   0.0000000000000000e+00	   5.6823213482143131e-01	   3.5605519218844872e-01	   5.5767239553427550e-01	   5.3450247214564051e-01	   2.4687261702523400e-01	  -6.0448778999803859e-02	   3.7951807306911950e-01	   1.5097234318341013e-01	   4.8408847355130591e-01	   5.7546154695234075e-01	  -7.6526286352449874e-02	  -9.0529322747976010e-02	   3.7045083492410014e-01	   2.2350464954979601e-01	   4.4147352904950832e-01	   4.6969430053577421e-01	   7.2995028989771682e-01	   7.5480714278921401e-01	   6.2982264390737752e-01	   6.6625193883353506e-01	   6.4189913890343619e-01	   6.5657615072809672e-01	   7.7737870392130565e-02	  -1.7345268713609686e-02	   6.8863773768771885e-01	   6.8629588423982024e-01	   5.0292993853512691e-01	   4.6074340650165097e-01	   6.3285409772297196e-01	   6.4437655369770264e-01	  -2.2688789690313499e-01	  -2.6205075984053638e-01	  -7.5651293716212931e-03	  -7.2927952875205981e-02	   4.4891308697314378e-02	   1.5403452472219697e-02	   2.9879493100164572e-01	   2.2746979936706213e-01	   3.2058076301242933e-01	   1.7934843907482334e-01	   6.5131633658641677e-03	   6.6178116381679253e-02	   2.4189328743490657e-01	   2.2758921372098867e-01	   4.2710759243983853e-01	   3.9980393355548183e-01	   4.0720763990400088e-01	   5.3850964123285883e-01	   2.6073350630064174e-01	   2.7824637641877759e-01	   1.5763928901824692e-01	   4.6884572181814008e-02	   1.4096902123738225e-01	   1.2981517427557160e-02	   1.1387208587124352e-02	  -1.6226104209128372e-01	   3.1064862987719127e-01	   1.2537057928469322e-01	   3.0379106341276751e-01	   1.3243905975097706e-01	   6.1482897643378975e-01	   5.1763684282260702e-01	   3.4631867704918834e-01	   1.3468715577921736e-01	   1.6147778145907704e-01	   3.4581816303238905e-01	   2.7556585382224380e-01	   3.1585349077121144e-01	   2.6979459951774420e-01	   2.5018651451264201e-01	   2.2396234376073107e-01	   1.7139038563429279e-01	  -9.2273819399207933e-04	  -2.5455398762483636e-02	   9.7557749056928988e-02	   1.8958498927924278e-01	   1.6608142044380839e-01	   5.4556932267346113e-02	   3.8147630030639534e-01	   5.0120943455911271e-01	   2.2133569886620011e-01	   2.8635232074032513e-01	   3.2541766234238845e-01	   4.0099534274560700e-01	   4.5180383229726273e-01	   5.2300915033723872e-01	   6.2227457287871324e-01	   6.0410095589978863e-01	  -1.9608020160666220e-01	  -1.7721876186617921e-01	  -1.5907105062415321e-02	   1.5342254236023473e-01	   1.3096844442051361e-01	   2.4340057808072904e-01	   4.9025049279396188e-01	   5.1727966795050839e-01	   2.8047738027590108e-01	   3.7745216361183587e-01	   2.2573792917563754e-01	   3.0076911110093296e-01	  -9.3334309023546049e-04	   2.3572140633401950e-01	  -1.5443492585308416e-01	  -1.3861276683152385e-01	   3.0764048248489850e-01	   2.3771569046830282e-01	   2.6114647074197705e-01	   1.2100715051151435e-01	   2.4289209824386682e-01	   8.8110339132963233e-02	
   4.3123928035594739e-01	   6.4075166139143644e-02	   7.1934763658559875e-01	   6.2411855240882941e-01	   5.6488402002378979e-01	   5.6823213482143131e-01	   0.0000000000000000e+00	   6.2624371206750207e-01	   6.8071966327219213e-01	   4.9192568499775491e-01	   4.1911871354277397e-01	   9.9367444477093794e-02	   5.0515538096357848e-01	   2.4092811738649844e-01	   5.6408596516360809e-01	   4.5558426039730127e-01	  -8.3671747017465048e-02	  -1.2623179887854308e-01	   5.1151094813324505e-01	   3.2657105835162742e-01	   4.1822799505010622e-01	   4.3258614870815326e-01	   5.8268375331412137e-01	   5.8647989191587169e-01	   4.9064272399388376e-01	   4.9521332669590401e-01	   3.9892513921269651e-01	   3.8403279768132420e-01	   2.8401901944353936e-01	   1.0837327657252324e-01	   5.3111400030861666e-01	   5.0376149795053826e-01	   5.8579814066044189e-01	   5.1463044728474694e-01	   4.9835991878020147e-01	   4.8371458984514643e-01	   3.5743232364315466e-02	  -6.6145661678086876e-03	   2.6580491812585022e-01	   1.6288056563536124e-01	   3.1331104838307133e-01	   2.4270939500660921e-01	   2.0071986981325829e-01	   1.0422501125370216e-01	   1.5315403513326553e-01	  -6.6993982003062100e-02	   6.7388270393006280e-02	  -5.2321669677621498e-03	   8.5820303912803306e-02	   3.2721827333228405e-02	   4.0020285355306418e-01	   2.6397646229277694e-01	   4.3742482155320528e-01	   5.0546954912999342e-01	   2.9828154593859152e-01	   2.7535755033415582e-01	   2.2562121914006691e-01	  -2.2888729981828657e-02	   2.9331395122419412e-01	   2.5358487074201456e-02	   5.1628305550090814e-01	   2.3905632278627342e-01	   3.3585817792583494e-01	   2.7101303453030556e-01	   6.5867397120023463e-01	   4.3210867942329578e-01	   3.6952062158764731e-01	   2.6426791157974794e-01	   3.4993401869364377e-01	  -2.0914754962705704e-02	   3.6853762232503728e-01	   5.1212314188128394e-01	   5.3444883042459446e-01	   4.9390379874378737e-01	   5.4696982086856105e-01	   5.0405965226799887e-01	   5.7482518904925417e-01	   5.0763015266198908e-01	  -3.1323769568232684e-02	  -1.2042468924821464e-01	   4.8529275376781957e-02	   2.1680259386362544e-01	   2.9079458237187694e-01	   1.4972925004626428e-01	   3.0936189708540335e-01	   4.1689188920912523e-01	   1.8072043341823890e-01	   2.0111808782843543e-01	   5.3504745026953060e-01	   5.2612622111442620e-01	   6.3685474859761648e-01	   6.1878891023032478e-01	   7.0306046901807850e-01	   6.8445152240307494e-01	  -3.6021726482759281e-02	  -1.6905405809766662e-02	   5.8375867465840274e-02	   1.0821060467981836e-01	   1.4872363273632530e-01	   3.3264614168603990e-01	   6.0314520581612452e-01	   6.6849860720255416e-01	   1.9411808097571848e-01	   3.1451200252216371e-01	   1.6153467016762523e-02	   1.2452928646324016e-01	   8.4586270342161540e-02	   2.6079881808105743e-01	  -1.8023992877980503e-02	   8.2364825990668022e-02	   2.3723166102179583e-01	   1.5378999082938266e-01	   3.3216828265050380e-01	   3.4101419682381624e-02	   2.8183399214163274e-01	   7.4436589766208899e-02	
   3.2021662004569029e-01	   1.2083063194017193e-01	   2.4158608166320322e-01	   6.8628208212158626e-01	   1.1282296080732063e-01	   3.5605519218844872e-01	   6.2624371206750207e-01	   0.0000000000000000e+00	   3.4196760164489859e-01	   5.9012367889713002e-01	   3.9286366483581769e-01	   5.7400351839296149e-01	   3.2484243704936500e-01	   5.8222126832794918e-01	   3.2959419029634818e-01	   5.0890818211507571e-01	   1.0011669099266694e-01	   2.1897232236437073e-01	   2.2893710699673209e-01	   3.9176903203740210e-01	   1.9425816454110165e-01	   2.3937881136033495e-01	   1.7016609688614187e-01	   3.9173639064649446e-01	   1.7674017425916047e-01	   2.5764044636068412e-01	   4.1731823954927416e-02	   8.2182557113675669e-02	   3.1409273129311077e-01	   3.9317078202820266e-01	   3.1964643389001712e-01	   4.1490573628048405e-01	   4.0591406431927379e-01	   5.3971470511735375e-01	   2.1449411593408629e-01	   2.4757590972152901e-01	  -2.1711706228372415e-02	  -1.3762390833585875e-02	   1.1643689561889789e-01	   7.6193761890092679e-02	   2.0924314122674043e-01	   1.7698880835698177e-01	   3.7216356241065279e-01	   2.4660816115802850e-01	   1.8547066412675617e-01	   2.1075397660915346e-02	   2.9403708259694017e-01	   1.2815029715365808e-01	   5.9756679022370848e-02	  -4.5594875915461533e-02	   2.1676460686338514e-01	   6.1879422336809847e-02	   2.5073837726361614e-01	   1.4154159823066229e-01	   2.0508275393057052e-01	   1.8512020075953636e-01	   1.3117581539744078e-01	  -5.6024262737456504e-02	   4.0523995771285570e-02	  -3.7958553106227824e-02	   3.0272343998664591e-01	   5.3903797504474915e-01	   2.8808721582873253e-01	   4.9690612428369069e-01	   3.3305205852214792e-01	   4.5739217205844157e-01	  -6.8817169488945631e-02	   5.3755061776189703e-02	   5.6186943239841932e-03	  -1.7262649255674933e-01	   2.0162014296983866e-01	   4.2487439389866594e-01	   4.7382377365046313e-01	   5.2074809898598873e-01	   4.1353562613228495e-01	   4.5675359242151337e-01	   4.5431829180033168e-01	   4.5917398817001698e-01	   2.2320417452607714e-02	   3.9961269162147602e-02	   1.3180441235467874e-01	   3.1027642446116371e-01	   2.1761384854293586e-01	   2.3865000331521027e-01	   1.3102764053519661e-01	   3.3102763453349210e-01	   1.3735292915861452e-02	   2.1823828461246986e-01	   1.4951334629846155e-01	   2.6020047516664424e-01	   4.7794112445189163e-01	   3.0365049381978443e-01	   4.6482483447622491e-01	   2.3022609146976003e-01	   1.2975709033474925e-01	   9.7685244725984263e-02	   1.9884381127071354e-01	   1.8858458530639749e-01	   3.0301733119692753e-01	   3.2444394915763952e-01	   6.5556571074778591e-01	   2.6317367905790151e-01	   3.2978853365745864e-01	   1.2619184150234641e-01	  -1.0549887868170273e-02	   6.6835004881496254e-02	   1.9252951488797598e-01	   2.4936964153758213e-02	   8.9637513706691097e-02	   1.5505407497883034e-01	   3.1519897624261356e-01	   3.4208151503967676e-01	   3.1790036839474556e-01	   1.3998957763649383e-01	   2.3046862591386574e-01	  -2.4786370290505570e-02	
   6.0388566509030495e-01	   1.5844908062765697e-01	   6.0838300470278095e-01	   4.1480459309135703e-01	   6.3669791131180598e-01	   5.5767239553427550e-01	   6.8071966327219213e-01	   3.4196760164489859e-01	   0.0000000000000000e+00	   7.3149581722899160e-01	   6.8328774480356780e-01	   3.3212454613694176e-01	   7.2648277943174311e-01	   4.3429149691310343e-01	   7.6204128300083995e-01	   5.2551776726568433e-01	   5.2281453177636751e-02	   1.0892115059338683e-01	   4.4461072407480706e-01	   2.8795987477680363e-01	   5.4232153411958661e-01	   5.6493170668763226e-01	   5.1951909060378010e-01	   4.5786491017927622e-01	   4.9491626734856659e-01	   4.6899822549377923e-01	   5.3017016369825076e-01	   4.0694341112913363e-01	   3.8575180204668358e-01	   2.4526545587941531e-01	   5.1534038930829662e-01	   4.6022742762114655e-01	   4.6268758806259136e-01	   4.0220886143685491e-01	   3.5035122483376191e-01	   3.4292059190836249e-01	   1.6583911158959838e-01	   7.7099642520911782e-02	   4.0093378678573144e-01	   2.3411541777803491e-01	   3.8964686433478501e-01	   2.5617196340828041e-01	   2.7240608403043171e-01	   2.3050593821846399e-01	   2.0961473249557427e-01	   8.0622035113459792e-02	   2.2862991155322671e-01	   2.2168956941631879e-01	   2.6835621689022671e-01	   2.0207550036582572e-01	   4.6333890932119609e-01	   3.6153503644006424e-01	   4.4081403736225189e-01	   4.9861152672328979e-01	   4.5174573246055771e-01	   4.4616986710994483e-01	   3.6335582833238916e-01	   4.4845348081805049e-02	   3.9505247197189053e-01	   1.9222611708800164e-01	   6.4765218997901453e-01	   3.3660371865060895e-01	   4.9539825864292031e-01	   4.8456591279662925e-01	   5.5648489198939222e-01	   4.6124238721931454e-01	   3.0375879462844113e-01	   2.0691516351965050e-01	   4.5868009540516214e-01	   5.4044019317381772e-02	   3.2609411809244587e-01	   4.8352110684111693e-01	   5.4314089182319680e-01	   4.4223208257215818e-01	   5.1269743852388316e-01	   4.5765988054734896e-01	   5.3105563033823533e-01	   3.9532463208187202e-01	  -5.1740026341300982e-02	   6.9109108938405106e-02	   1.7198369199918007e-01	   2.8973637010088477e-01	   4.4621037604340474e-01	   2.7205539905019538e-01	   2.3809477514672442e-01	   2.6260929114297721e-01	   2.7537424997330423e-01	   1.3268000196644925e-01	   5.5759316048249385e-01	   4.6515807579128154e-01	   5.8541617405188173e-01	   7.0686964530027507e-01	   5.2167802634264704e-01	   6.0908183586228448e-01	  -1.1871257118527210e-02	   4.6409549875850359e-02	   1.4193732585412949e-01	   2.8219087924906722e-01	   3.0485938306159843e-01	   4.6953439895393811e-01	   4.7866906259634640e-01	   6.5528884170684565e-01	   2.4967412179854648e-01	   3.8835904137959371e-01	   1.4157704018746126e-01	   2.0664435861118893e-01	   2.9788568079053147e-02	   3.2245259409839683e-01	   2.9847422683711527e-02	   1.5675135662564901e-01	   4.6156048097467728e-01	   3.5465598660092301e-01	   5.1986317206348098e-01	   1.0063349865313284e-01	   3.1767755710742385e-01	   6.0410710269927462e-02	
   5.2557190000918941e-01	   2.0070489484268617e-01	   3.5206370757252831e-01	   4.4493958690171431e-01	   4.4702648213259022e-01	   5.3450247214564051e-01	   4.9192568499775491e-01	   5.9012367889713002e-01	   7.3149581722899160e-01	   0.0000000000000000e+00	   6.1388418758746444e-01	   5.5209335040462926e-01	   5.5621610560394408e-01	   5.7965148747899686e-01	   6.0616544578176090e-01	   5.6867215216980482e-01	   1.7068808989178158e-01	   1.7484157140779177e-01	   4.7400034066604790e-01	   4.4356423910559162e-01	   3.8339479595895570e-01	   4.2998631927923037e-01	   3.0440857614201183e-01	   3.7751414316684884e-01	   2.6247425001007274e-01	   2.6221740025847179e-01	   3.3593205834194823e-01	   2.3901707556600088e-01	   3.5168904891288633e-01	   2.9672577438024350e-01	   3.2321995165698730e-01	   3.2523382050637939e-01	   2.9814710076134376e-01	   3.9459310682860693e-01	   2.3000423598597780e-01	   1.9312877872331963e-01	   1.3968660289201387e-01	   8.5968413325369183e-02	   3.0874700906125652e-01	   2.3685099268017759e-01	   2.5299025839434341e-01	   2.6108117908110873e-01	   3.4313552657132829e-01	   2.8194328751147862e-01	   1.6760939740697195e-01	   8.5602150464635027e-02	   2.7733529311924304e-01	   2.1565450480720458e-01	   1.1235603956958044e-01	   7.4424328106682869e-02	   2.0055512064161374e-01	   1.3695965750051381e-01	   2.2396808366379756e-01	   2.3280860722800256e-01	   2.6859581024936813e-01	   2.7924564488658465e-01	   2.1007540163485822e-01	  -6.7807787927559621e-02	   7.1782069802549045e-02	   1.1791928345532094e-02	   4.3636768570145951e-01	   5.6906643853251038e-01	   3.1148508615039139e-01	   4.8657363483201704e-01	   3.5940918033843383e-01	   5.4365970469069103e-01	  -1.8061557505735390e-02	  -1.9647146824685567e-02	   2.9193706336204378e-01	  -5.7053226200021491e-03	   1.1246646171508436e-01	   3.5880918728124334e-01	   4.1795284021767415e-01	   3.6811176777575294e-01	   3.8911257082708939e-01	   3.4553547939288665e-01	   4.1604533127906940e-01	   3.5833161067993524e-01	   3.4466845928315157e-02	   6.4275446799149483e-02	   1.8524145736306238e-01	   3.0421160418352933e-01	   3.9384631271668874e-01	   3.3513258085329922e-01	   2.1977461090208300e-01	   2.3732561974843733e-01	   1.5340205276637126e-01	   8.3471647900899476e-02	   2.4612958293994064e-01	   3.5550228142345874e-01	   5.6222872936504176e-01	   6.0272060436977259e-01	   5.3247116199130273e-01	   3.8525393827079357e-01	   1.5888728037665056e-01	   1.5081448624880378e-01	   2.2204648532088422e-01	   2.7637482477199959e-01	   3.0380444775229670e-01	   4.2563702835921458e-01	   5.4232988667681736e-01	   3.4236004855045332e-01	   3.0380840373625351e-01	   2.0771754843766552e-01	  -5.6905254098516033e-03	   5.1904963298735174e-02	  -3.1836906220921772e-02	   3.5509533989979546e-02	   1.4469682745549833e-01	   2.3048810785105411e-01	   5.3391412284373629e-01	   5.1152011622514260e-01	   5.5583785548226250e-01	   5.5751036521458908e-02	   1.4565986372733039e-01	  -8.4788750477599026e-02	
   7.2959362146998830e-01	   4.6757565845126581e-01	   3.9466609606007486e-01	   4.0643035407578176e-01	   3.8484722572783558e-01	   2.4687261702523400e-01	   4.1911871354277397e-01	   3.9286366483581769e-01	   6.8328774480356780e-01	   6.1388418758746444e-01	   0.0000000000000000e+00	   6.4950619469282533e-01	   8.3269872060217209e-01	   7.2618118872409498e-01	   7.7884957844280378e-01	   6.4378463045622514e-01	   4.6562917848526281e-01	   5.0145551079454798e-01	   5.6984439879036541e-01	   5.6930256952043967e-01	   5.0880087433759724e-01	   4.8524008632911564e-01	   2.9383517396489756e-01	   3.1568146451340173e-01	   3.6336385951609074e-01	   2.9458977178845808e-01	   3.7695655648866561e-01	   2.1266115596716265e-01	   6.1390289610095738e-01	   5.1710790709486298e-01	   3.7661193039734514e-01	   3.6283098505277023e-01	   2.8411365609843819e-01	   3.9139900275548289e-01	   1.8881623207320208e-01	   1.2812505156439252e-01	   2.1318569621838546e-01	   1.2164185439056116e-01	   4.6147673114783089e-01	   2.9257602707363151e-01	   4.3322051780601328e-01	   3.2730053256764613e-01	   4.2908177691120253e-01	   3.5440111044360667e-01	   1.3409206416987621e-01	   5.9267562538473921e-02	   4.4396523985694902e-01	   3.6016931129324348e-01	   1.8132994862200152e-01	   5.5883216031795149e-02	   3.6494724730842854e-01	   1.6032040860122909e-01	   2.4370681682795087e-01	   1.0270223997395451e-01	   5.1786981018453004e-01	   3.8553456726010926e-01	   5.3989687621903870e-01	   2.9549962410817177e-01	   4.2887746626562423e-01	   3.4511622986317564e-01	   6.4975658610936704e-01	   5.3034848655182154e-01	   6.7036373016837447e-01	   7.1571658282875039e-01	   2.7114480311025568e-01	   3.8776979980443982e-01	   1.1195925033400272e-01	   6.4831985733046688e-02	   3.3559875322132082e-01	   1.0009428145595699e-01	   4.2137100581976511e-01	   4.9565655900861261e-01	   6.1654172097171722e-01	   4.8380090778091767e-01	   5.1108868410012209e-01	   4.4706395889641726e-01	   6.1494519553148730e-01	   4.7315457691475743e-01	   2.2473967953263835e-01	   3.8420471376636156e-01	   4.9555442474157618e-01	   4.9261177132243050e-01	   6.8594971755379763e-01	   4.6339166980625235e-01	   3.1905192103675806e-01	   1.9995075356370104e-01	   4.7497943796015440e-01	   2.0340003243970467e-01	   4.3526000893550365e-01	   3.1403598660028420e-01	   4.8997429533974940e-01	   5.5298961641208344e-01	   2.8968203151439531e-01	   3.5971494246642749e-01	   9.8834612608841452e-02	   1.3963114290297998e-01	   2.6669748253852188e-01	   3.0101841438513455e-01	   4.8770667420966263e-01	   5.4887928609879244e-01	   3.1022090952954223e-01	   4.0440129283810511e-01	   2.7255323981563212e-01	   2.9902338111052329e-01	   3.7551022683976878e-02	   8.3967969409311449e-02	  -6.8266972153621666e-02	   1.3729292194047185e-01	   1.2957619632919595e-01	   2.3588779143600536e-01	   4.2503091054038977e-01	   4.0257244388471924e-01	   5.7965274341961770e-01	   6.9414657998850729e-02	   2.2224009084786414e-01	  -6.9121738333961139e-02	
   6.0079823825833156e-01	   5.2746495325374088e-01	  -1.5424169838377794e-01	   2.7390337953762134e-01	  -1.7532158920617344e-01	  -6.0448778999803859e-02	   9.9367444477093794e-02	   5.7400351839296149e-01	   3.3212454613694176e-01	   5.5209335040462926e-01	   6.4950619469282533e-01	   0.0000000000000000e+00	   4.8731454475776348e-01	   8.3817660968727203e-01	   3.4180214851594498e-01	   4.5854197036787525e-01	   4.3766357982828913e-01	   7.2408451745935132e-01	   1.3417643010096900e-01	   5.1273005362363655e-01	   5.4720019852836518e-02	   9.1656300067405369e-02	  -1.6538962922757589e-01	  -1.6629846101610953e-02	  -1.2426665144432440e-01	  -1.1649864151697627e-01	  -1.0518326450110238e-01	  -1.6896035413058136e-01	   4.5877564789364444e-01	   6.6127807248060821e-01	   1.7333566000095654e-02	   1.0781901771962145e-01	   2.4378145277839958e-01	   4.7723052022425089e-01	  -2.1319020996507806e-01	  -1.8243538323361783e-01	   7.8769785544236956e-02	   7.5256473483501628e-03	   1.6622638630085476e-01	   7.1730311975751665e-02	   1.8218612520960967e-01	   9.8343468091738606e-02	   4.1467701068046470e-01	   3.7549046548590559e-01	   1.4689854820636727e-01	   1.1904420577176948e-01	   5.2782995858959414e-01	   3.6354404096689974e-01	   1.6042488372223102e-01	   3.3590425961276807e-03	   1.2180236636212122e-01	   7.3500206133941641e-03	   4.4793750525979725e-02	  -1.3704255290784847e-01	   3.7007227751514504e-01	   3.1922986728881941e-01	   4.0603135562143455e-01	   2.9169762597329330e-01	   2.1024366000693415e-01	   2.5623919223627245e-01	   4.5895659111709497e-01	   7.1009781810064410e-01	   5.0670903031077219e-01	   8.2867860870987520e-01	  -6.3555506646585734e-04	   3.1398670953053437e-01	  -3.6875053975655103e-01	  -1.5207416239346308e-01	  -4.3391014555828446e-03	   9.5431012499015665e-03	   1.0127827038063902e-01	   2.4087266571195670e-01	   4.4546341369807940e-01	   4.5390268755630836e-01	   3.2803246299337974e-01	   3.3034817446989717e-01	   3.5424052812018142e-01	   3.3602390246346830e-01	   8.3902476655402458e-02	   4.2551226095496136e-01	   3.9545467255272226e-01	   4.4862994853152210e-01	   2.8741080238057648e-01	   3.1159674905252577e-01	  -1.2538483876092441e-02	   1.8142378979643554e-02	   1.2465715544220096e-01	   1.0820758568085498e-01	   1.6452199651707333e-01	   1.3802064292409061e-01	   2.1226548491680192e-01	   1.6011895079893582e-01	  -5.5864342094202810e-02	  -8.7049296574813889e-02	   2.2685858450176755e-01	   1.8910768213014054e-01	   3.7764949015696547e-01	   3.8380928221705557e-01	   5.5517239717215050e-01	   4.8067021097471530e-01	   3.7849609605056478e-01	   9.3911555421457682e-02	   4.9081873732623038e-01	   2.6633862805472086e-01	   1.7791089930160897e-01	   1.9166921104599435e-01	   3.0860883979937603e-01	   1.4423250868119017e-01	   1.9270947967644417e-01	   2.2027382450686864e-01	   4.4397537452328911e-01	   5.4862343899279642e-01	   4.7323327182983993e-01	   3.5817958055544502e-01	   3.0052308191172739e-01	   7.1652854902036059e-02	
   6.9437616209655451e-01	   4.6682647694772950e-01	   4.9469282535254511e-01	   4.0935308583440094e-01	   4.6167146609503762e-01	   3.7951807306911950e-01	   5.0515538096357848e-01	   3.2484243704936500e-01	   7.2648277943174311e-01	   5.5621610560394408e-01	   8.3269872060217209e-01	   4.8731454475776348e-01	   0.0000000000000000e+00	   7.1220271214532560e-01	   7.9846789521318251e-01	   6.5927721168690379e-01	   4.5452996612938024e-01	   4.5731533065104563e-01	   5.0045637852358138e-01	   5.2435710930603874e-01	   5.1545391618796210e-01	   5.1033527164682213e-01	   4.1267039056005173e-01	   4.1560943812786177e-01	   4.7571161775289361e-01	   4.2526795398616568e-01	   5.1706505086294818e-01	   4.1326669101227426e-01	   6.0377247811432111e-01	   4.8659206245030562e-01	   4.7383981232038908e-01	   4.2793081573527658e-01	   4.2029939511609438e-01	   4.8892124426411521e-01	   3.2191386655677035e-01	   2.6174588778498642e-01	   1.8295375018900306e-01	   8.8498969157761356e-02	   4.5506315726503876e-01	   2.8369427103486866e-01	   3.7997158082351978e-01	   3.0901786394295661e-01	   3.7167899818850142e-01	   3.4459423004439926e-01	   1.0966912962023403e-01	   4.9189535981849296e-02	   3.6120310472727613e-01	   3.5856155271797907e-01	   1.8650248675046277e-01	   1.0543786966779872e-01	   4.6603567308048899e-01	   2.9349577876893873e-01	   3.2468614679878227e-01	   2.2826165475154742e-01	   6.3459312610968155e-01	   5.5748593632756616e-01	   5.6174354414186356e-01	   3.8858637702434473e-01	   4.5504204698280137e-01	   3.0940124313368850e-01	   5.9219308622832489e-01	   3.7092050354943840e-01	   6.9361388554863002e-01	   6.0116211946209319e-01	   2.9435284953291146e-01	   3.0670125457567987e-01	   2.5418273829378757e-01	   2.0430596436916781e-01	   4.1324970161509433e-01	   2.0534695023221322e-01	   3.3998010999189376e-01	   4.8449686213168280e-01	   6.0330543694919014e-01	   4.9789644832706359e-01	   4.9967720386163295e-01	   3.9223161229562414e-01	   6.0607014212488042e-01	   4.8171237047901438e-01	   3.3538189545759928e-01	   4.9072035733131925e-01	   5.3466825850747801e-01	   5.1169138809711812e-01	   5.9931144027513628e-01	   4.2830109935961602e-01	   4.2617993635649282e-01	   3.6078461571394749e-01	   4.4622514242873901e-01	   3.4869479744946913e-01	   6.4050580767724874e-01	   4.9140980113706045e-01	   4.2109587411561561e-01	   5.3677114842978124e-01	   3.2758854848141866e-01	   4.2746744165397332e-01	   8.1634762831365379e-02	   1.1916594135457120e-01	   3.3963035407836539e-01	   4.1847585043664048e-01	   4.3175917774878853e-01	   5.6999296922757969e-01	   3.1937609569282543e-01	   4.6017158891979171e-01	   2.8333860739326788e-01	   3.6344914238268117e-01	   9.9848638734572420e-02	   1.8088845298292555e-01	  -3.5867549817233717e-02	   2.1569614436503184e-01	   9.9571954263817292e-02	   1.9587522554289577e-01	   5.1594630321690227e-01	   3.4847786694233962e-01	   5.4018050141496610e-01	   1.6247925650089229e-01	   2.7819532250168078e-01	  -6.2905336594109601e-02	
