   0.0000000000000000e+00	   1.6370595412190516e+00	   1.1610030314349993e+00	   1.2025803231293759e+00	   8.3541027830844050e-01	   5.4126755907400315e-01	   1.1696800806392358e+00	   1.4172848933181070e+00	   9.3842362984388150e-01	   5.7035917657328283e-01	   1.0283302287410689e+00	   1.2941182322932523e+00	   1.2070041922113859e+00	   1.1152519101192129e+00	   9.4414494639614044e-01	   7.8423821565692531e-01	   1.1179857935279662e+00	   5.7365958212865187e-01	   1.4266676523576765e+00	   1.6524425689434936e+00	   2.8898248815947053e-01	   5.0287697489654004e-01	   1.1151055163730261e+00	   1.0031413906429238e+00	   6.4792378418881902e-01	   5.6155211432328445e-01	   5.4668163255997371e-01	   4.4822183600587995e-01	   7.7752302941139539e-01	   8.6538140265513097e-01	   9.6444792376385913e-01	   9.0536421502288977e-01	   1.0259094182805553e+00	   9.5194672826161064e-01	   5.4889126837852054e-01	   6.9104283839217895e-01	   2.2035677272064541e-01	   2.2450810734418425e-01	   9.3464090052705107e-01	   1.0470586180890713e+00	   7.9246734592155921e-01	   8.3880240531380079e-01	   1.2559786140486571e+00	   1.0417862481225106e+00	   1.2465652737514676e+00	   1.2174071380590545e+00	   1.3429962061359979e+00	   1.2880228546566364e+00	   9.2063848414017435e-01	   9.4231526474491489e-01	   9.4757698495246112e-01	   7.7869571420586314e-01	   1.1864340950708598e+00	   1.1031945565103656e+00	   1.2551200303293379e+00	   1.3497974899658789e+00	   1.8954120618600410e+00	   1.7135584571996505e+00	   1.1628519448338597e+00	   8.7149237049225481e-01	   1.4936965518972212e+00	   8.4842678093534141e-01	   1.4374955402256901e+00	   9.4536856534054392e-01	   6.1609073181331175e-01	   6.3204670736206081e-01	   1.3216159873188791e+00	   1.3537541892071732e+00	   1.4794686901973417e+00	   1.1523289813269495e+00	   5.7487137123499987e-01	   4.2787876214942477e-01	   6.8695865635201669e-01	   5.1154795264560748e-01	   7.5532726918868254e-01	   8.4445521356963926e-01	   6.8875001653119050e-01	   7.2353264543000873e-01	   9.9343811080881861e-01	   6.4411822073957004e-01	   1.5316165313421792e+00	   1.1727378209849959e+00	   1.4462255633201928e+00	   1.4823041423490384e+00	   1.3933960797503704e+00	   1.2954320160045121e+00	   7.3372670983872212e-01	   7.6560044044802389e-01	   7.4964940265087410e-01	   7.3815479342852208e-01	   8.2658037456159861e-01	   5.3542241960868842e-01	   5.4703774876860201e-01	   5.5320689564905456e-01	   6.5931041501814946e-01	   2.3797646008343740e-01	   1.1448451922478675e+00	   1.1664712403948287e+00	   1.1279434691744519e+00	   1.2523220513134738e+00	   3.3250867507907678e-01	   6.2176870446089683e-01	   4.7206723094646341e-01	   5.5288423926975694e-01	  -2.2578406688215358e-02	  -2.8062796192683293e-01	  -1.2214325453887556e-01	   1.5596632761141193e-02	   1.5120922942839554e-01	   5.0475198634239460e-01	   1.1608381558812548e+00	   1.3004992265348716e+00	   9.8701526327855527e-01	   6.5302223786095248e-01	   1.4819558671139021e-01	  -4.9548161995970375e-01	
   1.6370595412190516e+00	   0.0000000000000000e+00	   1.0986345457933950e+00	   1.0444654595177849e+00	   7.7442762045620728e-01	   4.8694472832295482e-01	   1.0394662946517652e+00	   1.2514461720997618e+00	   8.5518839856520601e-01	   4.9714010335098069e-01	   8.3295969642799617e-01	   1.1107411368656555e+00	   1.0539647400886007e+00	   1.0744248842672430e+00	   8.6722932378097839e-01	   8.0320967288089795e-01	   8.6938706740839145e-01	   5.5192623801904883e-01	   1.2190985317660750e+00	   1.3591398792031981e+00	   1.8811802464456182e-01	   4.1945281419493141e-01	   9.8235200536847289e-01	   8.4480775926091733e-01	   5.2241695178688063e-01	   4.5803346053269112e-01	   5.2975054320094905e-01	   4.6875208154391113e-01	   6.2433940995350823e-01	   7.3307777157165932e-01	   8.3684183298333614e-01	   7.9519365519411611e-01	   8.8432450282539721e-01	   8.3837385276892196e-01	   4.8045895746554967e-01	   6.4308571319380825e-01	   2.3241143887543081e-01	   2.1310702292792319e-01	   9.6615576385934876e-01	   1.0583389721526726e+00	   6.2807977994466468e-01	   8.1035934790356046e-01	   1.1090945368678353e+00	   8.6746110111398722e-01	   1.1572028434296897e+00	   1.1196617546679037e+00	   1.2551524133607770e+00	   1.1408770309165290e+00	   9.3997646755698050e-01	   9.5989153623108636e-01	   9.1417188659513771e-01	   7.9967253479520173e-01	   1.1854974217606558e+00	   1.0250840388666527e+00	   1.3215245818117889e+00	   1.3797556909374940e+00	   1.5330736528474755e+00	   1.7949807761532062e+00	   1.0829203466166619e+00	   8.9777178581613304e-01	   1.3638287722652007e+00	   7.4196694532973706e-01	   1.2555795598208834e+00	   8.9651659067528899e-01	   5.6973062636766336e-01	   5.6451452306357985e-01	   1.1419324864524740e+00	   1.1965297379793365e+00	   1.3590988373679962e+00	   1.1062343048984409e+00	   5.0813636149820218e-01	   4.7911397682956974e-01	   6.7449389989752051e-01	   5.5873867102760566e-01	   8.2870635604564191e-01	   9.0728338133485908e-01	   6.9047754506727033e-01	   6.6788124367151436e-01	   8.4321553052383158e-01	   6.0956435870846848e-01	   1.1929713013686973e+00	   1.0647106561344966e+00	   1.2931923970149255e+00	   1.1979295895439130e+00	   1.2008097039523302e+00	   1.2091630770655255e+00	   8.0087530490618708e-01	   6.7061032661754949e-01	   7.7015856400886051e-01	   7.7303890493844951e-01	   8.1831934704143838e-01	   4.8997373811971756e-01	   5.4197732116086927e-01	   5.2689629728790888e-01	   7.2804191963144260e-01	   3.2272141926338438e-01	   1.1844407008549152e+00	   1.1486273282107176e+00	   1.1054583980791877e+00	   1.1599426267992987e+00	   3.6638480360173431e-01	   6.4541057351618869e-01	   5.1669278152255815e-01	   5.3863642978025683e-01	  -3.4045638338890724e-02	  -3.3191275191453112e-01	  -8.0723570073280015e-02	   1.4504328591484768e-02	   1.5241288758834792e-01	   4.5079675773685157e-01	   1.0020759592633650e+00	   1.1776612305929359e+00	   9.6220770795419419e-01	   7.0254055751157718e-01	   9.0344715202310744e-02	  -5.0745658481081368e-01	
   1.1610030314349993e+00	   1.0986345457933950e+00	   0.0000000000000000e+00	   1.3909750757728394e+00	   1.2789168897748708e+00	   8.4960842450561547e-01	   1.5998671748887816e+00	   1.1395290065936170e+00	   1.3015538152715251e+00	   8.0018504406262081e-01	   7.2275657925248560e-01	   6.5144996267781652e-01	   8.2644158536990997e-01	   6.6751342263464786e-01	   9.8562448354041543e-01	   1.0252758179909780e+00	   6.2581166052304049e-01	   3.3299506652223504e-01	   1.1188357165082083e+00	   1.0908634248994986e+00	   4.0262999089501034e-01	   6.3966687430094660e-01	   1.2303226933689964e+00	   1.1115658349408839e+00	   5.9808610217290537e-01	   5.9949835585572953e-01	   9.2210682801640564e-01	   8.7120819755459344e-01	   3.9684825043478533e-01	   4.2308570714434157e-01	   6.0464699919670761e-01	   5.6432244754572547e-01	   8.1906806508048513e-01	   7.6764651089885183e-01	   5.8415380784229765e-01	   7.8958707381200133e-01	   4.7493789250606343e-02	   1.1669994910356583e-01	   8.7150432796673116e-01	   8.8164256203015756e-01	   6.7801290294996319e-01	   7.4457345282713494e-01	   1.0271476566944266e+00	   6.7673090981291173e-01	   9.4579923377873343e-01	   9.0621947145377368e-01	   1.0453327219985131e+00	   1.1365509647284253e+00	   8.5015118299364056e-01	   7.9771720060121776e-01	   9.0771678228441866e-01	   7.6310172876645721e-01	   1.0402715260195814e+00	   1.2740651864926709e+00	   1.1123859407880108e+00	   1.2132806117375576e+00	   1.0608563313092982e+00	   1.0104729989426537e+00	   1.2607880472056210e+00	   9.6772601525387436e-01	   9.9169696602547053e-01	   5.6343215740620556e-01	   7.2910532324291699e-01	   5.5500446814924453e-01	   5.9500641307576341e-01	   6.0454205452778942e-01	   1.2903905763694088e+00	   1.2032284359094094e+00	   1.4242457819945693e+00	   1.3935921577477428e+00	   3.1088259812480368e-01	   2.0882918251978561e-01	   4.4873807971522062e-01	   3.2029261600675785e-01	   6.0445085112263863e-01	   5.9381036956250366e-01	   4.0589176459503518e-01	   4.4995831266233172e-01	   6.9728470575262469e-01	   4.2304152189645006e-01	   9.5778169735417229e-01	   7.8881552957226730e-01	   1.1616938797017087e+00	   1.1219526981189414e+00	   1.3351506672282989e+00	   1.5376973583258873e+00	   7.3314711125147358e-01	   9.0159149468444766e-01	   9.8048119322220284e-01	   9.3168184907517815e-01	   9.8640682240141020e-01	   7.1455356968690809e-01	   6.6732127155494003e-01	   5.9536711988908986e-01	   6.4505964992542553e-01	   1.8334034495488563e-01	   9.3573060193368540e-01	   9.3970251905537561e-01	   1.1016374895186301e+00	   1.1292596006340188e+00	   1.7996313088828456e-01	   5.3688363251357174e-01	   2.9575258491628104e-01	   4.2572824749157118e-01	  -1.6920594902593636e-01	  -3.1775023310193895e-01	  -2.1632949582879674e-01	  -1.1832854841283305e-02	   1.1943981185395133e-01	   3.9858047315164835e-01	   7.6363548185524599e-01	   1.0349774703108343e+00	   1.0925144839243686e+00	   4.2186275269175666e-01	  -1.3926719273259799e-02	  -5.6690176287996730e-01	
   1.2025803231293759e+00	   1.0444654595177849e+00	   1.3909750757728394e+00	   0.0000000000000000e+00	   1.1843686467862298e+00	   9.1890087606325022e-01	   1.4744716699773126e+00	   1.6036737037085242e+00	   1.2041601517760847e+00	   8.3857315839310265e-01	   7.7555105450531747e-01	   9.1227715097614126e-01	   9.1066885376092455e-01	   7.7635368757855705e-01	   9.2140342909284756e-01	   1.0349853545788266e+00	   7.2561617570438219e-01	   3.2322658929272513e-01	   1.0556247531619871e+00	   1.1547725940566393e+00	   3.4080773059647645e-01	   5.4329998531760171e-01	   1.1429977969440097e+00	   1.2550349933070337e+00	   7.1215174566550021e-01	   7.5629727503825039e-01	   6.9710008158453762e-01	   6.0941305190393269e-01	   4.9951396159738326e-01	   4.9491585672962413e-01	   7.5551972051889249e-01	   6.8176985333867801e-01	   9.7332371603348955e-01	   9.3145928717030957e-01	   6.5748400290246301e-01	   9.1623864918520748e-01	   1.4567030348350385e-01	   1.6187636171169312e-01	   7.7306846725157041e-01	   8.9098731152603539e-01	   7.3148790130145580e-01	   6.6082025293735891e-01	   1.0601163167433960e+00	   7.1253458384416779e-01	   1.0206355288401872e+00	   9.8061473853606163e-01	   1.1152960443690443e+00	   1.1691164038600916e+00	   1.0088063487128716e+00	   8.9753728412333178e-01	   1.2054276905245755e+00	   9.8218288151323407e-01	   1.2695434522794957e+00	   1.3279082864084490e+00	   1.0796517855406140e+00	   1.1851912537835125e+00	   9.7871183592469968e-01	   1.0762393911608805e+00	   1.2244018470447493e+00	   1.0408486796607308e+00	   1.0229693718488744e+00	   9.3484424600459204e-01	   7.7392906981722687e-01	   6.6482637326031180e-01	   6.4446437933469281e-01	   9.5286181925899305e-01	   1.2611482966913283e+00	   1.3544024289979264e+00	   1.3289803085437282e+00	   1.2487514312952674e+00	   2.7196229713142867e-01	   1.3088526752737345e-01	   4.3007500314262326e-01	   2.3553233020474793e-01	   5.3861556946956135e-01	   5.7950915825314731e-01	   4.2392354595113885e-01	   4.9663593660830130e-01	   7.1183627877570588e-01	   3.7950087022061019e-01	   1.0526476392620754e+00	   7.8423513714198556e-01	   1.0874364469871733e+00	   1.2166536598702999e+00	   1.2537557906342376e+00	   1.4586824613447094e+00	   5.9976846304047438e-01	   7.4917974186415404e-01	   8.1297170902773241e-01	   8.3960940626743175e-01	   1.1623329120082568e+00	   7.3337763959316526e-01	   8.3574169136238829e-01	   5.8966270127686893e-01	   5.7088622039409542e-01	   1.6514075941926493e-01	   9.7339042633513650e-01	   1.0431178176866100e+00	   1.2633801372052416e+00	   1.2395110099515116e+00	   3.3840312791351718e-01	   5.5045779123144056e-01	   3.8961036609238381e-01	   4.7995446904035649e-01	  -6.4627445165675770e-02	  -2.1034378499316483e-01	  -1.7525659646499581e-01	   2.2408445300471702e-02	   8.1644504424785269e-02	   3.5527153622886259e-01	   9.5145584682093154e-01	   1.1824289146728972e+00	   1.1459387552889946e+00	   5.8868422384043628e-01	   1.8771091395061146e-01	  -4.3246344979113827e-01	
   8.3541027830844050e-01	   7.7442762045620728e-01	   1.2789168897748708e+00	   1.1843686467862298e+00	   0.0000000000000000e+00	   1.3339309889178745e+00	   1.1466584431310383e+00	   9.9505377795681260e-01	   1.5447251965504414e+00	   1.2318072979637411e+00	   5.9825392793405507e-01	   5.0388483923593508e-01	   7.1739139752433922e-01	   3.7495385734596898e-01	   1.0202223570632700e+00	   1.1170885406487476e+00	   5.7233437251606789e-01	   4.0492265226967034e-01	   7.8113241855158999e-01	   7.3209652557719751e-01	   6.2965149810282373e-01	   7.3754522131186084e-01	   1.0183733671345698e+00	   1.0238291252814400e+00	   6.7238119227584126e-01	   8.5766752745096086e-01	   1.1057352197883636e+00	   9.4841287640199867e-01	   4.2452080870341291e-01	   2.8347833527945521e-01	   4.8087122138939054e-01	   3.4746199324312210e-01	   8.3476117058490806e-01	   7.4746768609427472e-01	   4.1088764925542920e-01	   7.2279334063492962e-01	   3.2214452502043175e-02	   1.2791230326237119e-01	   8.0562187554377152e-01	   8.4454648659798126e-01	   6.8669905604251580e-01	   6.4120287737300063e-01	   8.2898840790862471e-01	   5.0543820462058209e-01	   7.6776006004710984e-01	   6.8049137829195361e-01	   8.9855701273149058e-01	   9.7774413622297807e-01	   7.6275551725842483e-01	   6.7667504416141633e-01	   8.1000154609085717e-01	   7.8638514845082730e-01	   9.6173917330620584e-01	   1.1511098006507294e+00	   9.5028848117184961e-01	   1.0201415789580150e+00	   7.3193032282965698e-01	   8.1508909211634550e-01	   1.1535527775579906e+00	   1.0533478691694886e+00	   6.7939589669015643e-01	   5.8329977539233979e-01	   5.2729683877345768e-01	   5.1264702867195566e-01	   3.4190693716288939e-01	   5.3263391472540644e-01	   1.0035388031833017e+00	   9.1375582878965678e-01	   9.4706247079499917e-01	   9.2144351851395534e-01	   1.9988336023077380e-01	  -4.0091524039357736e-02	   2.4908491726082116e-01	  -3.7360949083157152e-02	   3.8861371124890787e-01	   3.3251284662751024e-01	   2.6225783285336590e-01	   3.5340943836746391e-01	   6.6400051127772430e-01	   4.4897087077763920e-01	   8.1834452121478540e-01	   6.5311748910673273e-01	   9.3632338648928293e-01	   9.2448751641120974e-01	   1.0434308959890068e+00	   1.2013589406557490e+00	   6.1701325060910372e-01	   7.9704412280936054e-01	   1.0426964024681875e+00	   1.0038942671535385e+00	   9.5535416858832489e-01	   6.6657994753674921e-01	   6.6165145707505046e-01	   5.0414633191209457e-01	   6.0456692047168459e-01	   7.6031569856092468e-02	   9.5380929644218615e-01	   9.6001782392360691e-01	   9.1955221163676704e-01	   9.1016555740337080e-01	   2.0104598565879625e-01	   4.4023015561023537e-01	   2.4252806755628256e-01	   3.6702553309133840e-01	  -1.5530964384009061e-01	  -1.8241701905404234e-01	  -1.8982115555032752e-01	  -4.1268126589532363e-02	  -1.0328400026811199e-01	   2.1755101971686602e-01	   7.3194224463758628e-01	   8.3518540698767552e-01	   9.0318953308002770e-01	   3.7431128666890762e-01	   8.1122245804145107e-02	  -4.0322391023503457e-01	
   5.4126755907400315e-01	   4.8694472832295482e-01	   8.4960842450561547e-01	   9.1890087606325022e-01	   1.3339309889178745e+00	   0.0000000000000000e+00	   7.4232893152206669e-01	   7.1958111071846387e-01	   1.0150857324492022e+00	   1.4586316371095072e+00	   5.2051085001111563e-01	   3.2869936602928806e-01	   5.3372544896491192e-01	   1.0121673211311782e-01	   7.8483199527090308e-01	   8.7660223311956398e-01	   4.3140916731701484e-01	   4.0580617721843826e-01	   4.8055405065934381e-01	   4.3814452960907235e-01	   5.6641534839337448e-01	   6.6870098872367234e-01	   7.7254113602856311e-01	   9.2637885892486438e-01	   4.7855767331960603e-01	   8.2231303190439120e-01	   9.9124065179684429e-01	   9.2782269194826006e-01	   3.4839698256596430e-01	   9.8825870315769684e-02	   2.6173970796728951e-01	   7.3833436422082580e-02	   7.6487455402062221e-01	   7.0568292840986968e-01	   1.5962455884130367e-01	   4.5821535411276887e-01	  -2.0488036553278935e-01	  -1.0762651358371399e-01	   5.2401861465281829e-01	   5.5108679668823579e-01	   5.6929273620657805e-01	   3.7583996634301531e-01	   5.6398244261345076e-01	   2.5521556324778272e-01	   5.4865072916982860e-01	   4.8038219571389046e-01	   6.2435133370294238e-01	   6.7330327023737468e-01	   6.1266326503607593e-01	   5.3035440456832939e-01	   5.6809547599740462e-01	   5.7806493805330983e-01	   7.0959363480596849e-01	   7.5770857175199191e-01	   6.9955284275705121e-01	   7.1864103127509926e-01	   4.7913294487895236e-01	   5.6892887537367220e-01	   7.8611977298914348e-01	   8.0468928644264470e-01	   4.6812701184472144e-01	   5.5189308334205789e-01	   3.4422162217592095e-01	   4.7987120141185757e-01	   1.6810742596354428e-01	   4.3380705981746870e-01	   6.1858068765209639e-01	   5.6701902780034819e-01	   6.2939812786385663e-01	   6.1209365542809668e-01	  -9.3997064531884181e-02	  -4.1475387798092195e-01	   3.6689374396940456e-02	  -3.0865645462946928e-01	   2.0510371612559430e-01	   1.4430178735815608e-01	   6.3222068470107223e-02	   9.6794060218050940e-02	   4.8463037881303983e-01	   3.4653611531503592e-01	   5.7161715216361053e-01	   4.1204661983802721e-01	   5.8965690154778472e-01	   6.5091172877326153e-01	   6.9650540120702686e-01	   8.3964830832026016e-01	   4.2202717112412347e-01	   5.7149018742591329e-01	   8.7533927316835014e-01	   8.2418789286960037e-01	   7.8721251468623921e-01	   4.6839379647966128e-01	   5.9648398041549011e-01	   2.7269620342714107e-01	   5.1254733831328048e-01	  -1.1576624418452032e-01	   6.8256312148623821e-01	   7.2433106221277477e-01	   6.7112130711227458e-01	   6.3928081505504197e-01	   1.2649686110536454e-01	   1.9651307406151441e-01	   1.3176323712629551e-01	   1.4372053757600628e-01	  -2.7343524073988973e-01	  -1.7861549202339386e-01	  -2.2736722419173880e-01	  -6.7510323240347017e-02	  -2.3789802545115560e-01	   9.4185415406916620e-02	   5.4294827026177206e-01	   5.5893012402383047e-01	   6.0832058968278946e-01	   1.6561561867527186e-01	  -3.3342594596160888e-02	  -3.7229740747961210e-01	
   1.1696800806392358e+00	   1.0394662946517652e+00	   1.5998671748887816e+00	   1.4744716699773126e+00	   1.1466584431310383e+00	   7.4232893152206669e-01	   0.0000000000000000e+00	   1.4913107644300194e+00	   1.4039999440600175e+00	   7.2850326855967329e-01	   6.2105082957599922e-01	   7.8419742097434120e-01	   8.8597475181078156e-01	   7.2746589342181567e-01	   8.4626630646091638e-01	   8.3904837602506399e-01	   6.9375276454499946e-01	   2.7254269202706899e-01	   1.0240604500051449e+00	   1.1056676097867495e+00	   3.1016709588280367e-01	   4.5675351514800538e-01	   9.6612084704949197e-01	   9.0819356450014788e-01	   4.9472397993380601e-01	   4.9422785352153192e-01	   6.0320299162469726e-01	   5.5165147870970965e-01	   4.4143834566806472e-01	   5.1340172552939489e-01	   6.2906400276324137e-01	   6.1699225625430021e-01	   7.9279210134656153e-01	   7.4155050089828556e-01	   5.5568126955231256e-01	   7.6773023901101389e-01	   1.0636165523983640e-01	   1.2791191903189025e-01	   8.0382259825253910e-01	   8.0857512410877808e-01	   6.2014880805067196e-01	   7.1884410670238286e-01	   9.1561371296231253e-01	   6.2348528562736372e-01	   9.1249558877510417e-01	   8.8389650266444353e-01	   9.7865356176994811e-01	   1.0166060966517623e+00	   9.1304096946834479e-01	   8.3297625849962142e-01	   9.8640504023166131e-01	   8.7357409330420088e-01	   1.0035072005257555e+00	   1.2480334700717730e+00	   9.4806073814377612e-01	   1.0488070275063706e+00	   9.8474696340578349e-01	   1.0278908760184979e+00	   1.2556145532648957e+00	   9.9602896001533481e-01	   1.0991337721816681e+00	   7.1623467352721504e-01	   7.7962321440417726e-01	   5.7039414810659261e-01	   5.8978792947569481e-01	   6.7383797408090629e-01	   1.2561006880647703e+00	   1.1948760872104685e+00	   1.3243437561010791e+00	   1.3299456045912450e+00	   3.1147889356429748e-01	   2.4063865183603081e-01	   4.5337179864333199e-01	   3.2788210349933450e-01	   5.3436774422567668e-01	   5.5424403481942330e-01	   4.1798621573056177e-01	   5.0003318440832467e-01	   6.7125177636923716e-01	   3.8134852216673543e-01	   9.3400903865543139e-01	   6.9493799746973828e-01	   1.0485176925367652e+00	   1.0896933168208360e+00	   1.0984284090512655e+00	   1.2631174426305509e+00	   5.8704899548876588e-01	   7.3476366027153728e-01	   8.0714201746791447e-01	   8.4776021819555725e-01	   1.0566111635802364e+00	   8.2981658468647135e-01	   7.4393920813722203e-01	   7.0893687541366024e-01	   5.7265426559884902e-01	   2.9039140280454412e-01	   8.6920354407179801e-01	   9.6818689729299934e-01	   1.2118950307776775e+00	   1.1600372356759796e+00	   3.3224728426608335e-01	   6.5566666682048158e-01	   4.4869868168715621e-01	   5.6854233919251806e-01	   1.1650706264503399e-02	  -1.7714242482671363e-01	  -1.1077316659245540e-01	   7.5645192036619097e-02	   1.4836675506955996e-01	   4.3997107120951484e-01	   7.7597250158981423e-01	   1.0581068294172282e+00	   1.1227470915075721e+00	   5.5020255250528449e-01	   1.3219825753762968e-01	  -3.8204909024594436e-01	
   1.4172848933181070e+00	   1.2514461720997618e+00	   1.1395290065936170e+00	   1.6036737037085242e+00	   9.9505377795681260e-01	   7.1958111071846387e-01	   1.4913107644300194e+00	   0.0000000000000000e+00	   1.1358312888221662e+00	   7.0485715223734580e-01	   7.1304797486391858e-01	   1.1785185913472085e+00	   1.0353681745013685e+00	   9.3070813787662754e-01	   8.6157162596052284e-01	   8.0784995039045437e-01	   8.9057118117738965e-01	   3.7507778825137594e-01	   1.1315976515057147e+00	   1.3217279801687221e+00	   2.4159808618959719e-01	   4.0894811077088838e-01	   9.8083910413665931e-01	   9.5461674159177357e-01	   5.6949128274288185e-01	   5.8379928779118040e-01	   4.6402547975517655e-01	   3.7761239566422639e-01	   6.7067531242695022e-01	   7.2739581020587107e-01	   8.9285986485012792e-01	   8.1716694044918514e-01	   9.7708808567250482e-01	   9.4774200175483136e-01	   5.1026474891723994e-01	   7.6668914346850259e-01	   1.8200211539450373e-01	   2.0674613748616308e-01	   8.1188283463233579e-01	   9.3169062703326522e-01	   7.0550784768307284e-01	   7.0563968455714043e-01	   1.0531789232065596e+00	   7.6744371793634492e-01	   1.1349771113625806e+00	   1.0651166765466069e+00	   1.2063595217908960e+00	   1.1421764665022403e+00	   1.0453784344216304e+00	   9.6864290591981916e-01	   1.0822390310719892e+00	   9.6965441906959815e-01	   1.2011040607654677e+00	   1.1575482997143731e+00	   1.0630956274615595e+00	   1.1598780253605960e+00	   1.1294779455975215e+00	   1.3084717419067178e+00	   1.1532177221231348e+00	   9.5839966417130251e-01	   1.2536584473009866e+00	   1.0481330812445286e+00	   1.0277307234881208e+00	   8.3232285511174908e-01	   5.5767927920179039e-01	   8.1167803648464854e-01	   1.1444785561395918e+00	   1.2575167439021477e+00	   1.2662799647028802e+00	   1.0832739167409231e+00	   4.0811347274179111e-01	   3.1169230798627939e-01	   5.6578894364824850e-01	   3.6950225257523284e-01	   6.2602013820693747e-01	   7.3122033319843716e-01	   5.6185366978187268e-01	   6.3149015607564585e-01	   8.0848915390404275e-01	   4.1455444883271120e-01	   1.1688305177549465e+00	   8.3293100046413038e-01	   1.1779810128310948e+00	   1.2594680903540061e+00	   1.0910826479080382e+00	   1.1401770904915873e+00	   5.6059478602344881e-01	   6.0802474413257490e-01	   6.7457251651754524e-01	   7.3190549731120502e-01	   1.0723669468157033e+00	   6.8528290621946986e-01	   7.3689329874493426e-01	   5.9440147101056462e-01	   6.4009189770944752e-01	   2.2785760932146823e-01	   1.0625906275397246e+00	   1.2023903256288710e+00	   1.3559473105228210e+00	   1.3410366165168044e+00	   4.6155385438934282e-01	   6.7113541529202692e-01	   5.4171852524219899e-01	   5.9088437106641734e-01	   1.8925123865626538e-02	  -2.2276510792194626e-01	  -1.1607979193457857e-01	   4.5357461584580268e-02	   8.4520826961605025e-02	   4.1917144434913045e-01	   1.0926649183052113e+00	   1.2512966088383419e+00	   1.0940483311597269e+00	   6.9393298160356187e-01	   1.9885000741537964e-01	  -4.1769520915314340e-01	
   9.3842362984388150e-01	   8.5518839856520601e-01	   1.3015538152715251e+00	   1.2041601517760847e+00	   1.5447251965504414e+00	   1.0150857324492022e+00	   1.4039999440600175e+00	   1.1358312888221662e+00	   0.0000000000000000e+00	   1.0811422678757123e+00	   6.2146460603250198e-01	   6.1480869105924385e-01	   8.3428854207193637e-01	   4.7645438220343850e-01	   1.0485262117318659e+00	   8.9252548143343868e-01	   7.1947014419397226e-01	   4.7477077397869416e-01	   9.1172798251511500e-01	   8.3119666675468784e-01	   5.2382887321784621e-01	   6.2872533162164945e-01	   9.8450642130386834e-01	   9.8339534886059021e-01	   6.0380918238459336e-01	   7.5926461224136210e-01	   8.0983202403246657e-01	   7.0855256063460936e-01	   5.1056128147374913e-01	   4.2720357362499950e-01	   5.5020865804623720e-01	   4.4926056284135785e-01	   9.0763192944419502e-01	   8.2137979473289224e-01	   4.7694509245591871e-01	   7.6837482380834765e-01	   9.9079186640505787e-02	   1.9166122420340095e-01	   6.7200804991267993e-01	   7.4682916206363126e-01	   7.2951771419271350e-01	   6.9420801187041592e-01	   8.7399578306474623e-01	   5.8442241486022994e-01	   8.6529622476505574e-01	   7.8360329724298972e-01	   9.5683074821164793e-01	   9.8633893539721240e-01	   8.2577462397429802e-01	   7.8481280252800134e-01	   9.0261100543293105e-01	   8.7039372697064932e-01	   9.4483445536717914e-01	   1.1494456083919860e+00	   7.7253160249913344e-01	   8.7393876296299478e-01	   8.0311515615143703e-01	   8.9716675638415566e-01	   1.0664534671933421e+00	   8.9877624279690937e-01	   8.0205553537794416e-01	   6.4872435757465297e-01	   6.3580992731985364e-01	   6.1162533709519817e-01	   4.4299460748635716e-01	   6.0935055385336589e-01	   1.0451559860333559e+00	   9.6802287815890942e-01	   1.0675253949995671e+00	   1.0017746770933253e+00	   3.0133295035458657e-01	   7.0705604362499064e-02	   3.3921892258267999e-01	   9.5173960133621768e-02	   4.4898648204245500e-01	   4.3750938696957625e-01	   4.0240441627331613e-01	   5.0458178969009282e-01	   7.4574615141883438e-01	   5.4338245235903249e-01	   9.0343206476629789e-01	   7.8173763895183124e-01	   1.0215247485041770e+00	   9.8873851128470003e-01	   1.0123603567893540e+00	   1.1379754431025233e+00	   4.5107654280812448e-01	   6.0553438291631034e-01	   7.5415707033810198e-01	   7.8443661203131843e-01	   9.1096216536334862e-01	   7.3511192618129273e-01	   6.8844489255537622e-01	   5.8034774859622729e-01	   5.7602271709321484e-01	   1.8678373077763405e-01	   8.7815262903243840e-01	   9.0519909238777996e-01	   9.8748468350532015e-01	   9.5687656962799372e-01	   2.3081516418094700e-01	   4.8428983056926345e-01	   2.9865754722320753e-01	   4.4977336439140736e-01	  -2.9306426304329922e-02	  -9.4665483129196759e-02	  -2.0202161622442980e-01	  -6.9420413611920459e-02	   6.5396092417051256e-03	   3.6590259654977086e-01	   7.8666914900068707e-01	   9.3354057556375436e-01	   9.7578471475365780e-01	   4.2824309572285379e-01	   1.6205054810466304e-01	  -3.6301646163930729e-01	
   5.7035917657328283e-01	   4.9714010335098069e-01	   8.0018504406262081e-01	   8.3857315839310265e-01	   1.2318072979637411e+00	   1.4586316371095072e+00	   7.2850326855967329e-01	   7.0485715223734580e-01	   1.0811422678757123e+00	   0.0000000000000000e+00	   5.0239699401571891e-01	   3.6056509586714303e-01	   5.5906425230820200e-01	   1.2625194662490835e-01	   7.8445977250276466e-01	   8.8930789968863444e-01	   5.0229764032823598e-01	   5.6182592663328623e-01	   5.2017051392386038e-01	   4.4490552026881569e-01	   6.3858731818219205e-01	   7.1377008162459588e-01	   7.0163267873889701e-01	   8.2860932949877475e-01	   4.9000419194841427e-01	   8.1250191512389613e-01	   8.6645605675236126e-01	   7.7144927661969320e-01	   3.8320926804347111e-01	   1.3113992748986253e-01	   2.3954910177934569e-01	   5.8452656219042456e-02	   7.9286387924967250e-01	   7.2309381929361738e-01	   1.5692145748222458e-01	   5.0745144184601065e-01	   2.2214152767166093e-03	   1.1408862097445507e-01	   5.4504725004551324e-01	   6.4710742247955655e-01	   7.6378166847373286e-01	   4.9203265307296867e-01	   7.3970180346024805e-01	   4.1537020828085153e-01	   6.7986208411178939e-01	   6.3957903734358756e-01	   8.0688826380653000e-01	   8.5583940100868672e-01	   8.1242545909786623e-01	   7.5196834568977733e-01	   7.4394316996913212e-01	   8.2255028101991368e-01	   8.7510524444980087e-01	   8.7722471961382209e-01	   6.8812409891108395e-01	   7.3851329260384124e-01	   4.6112889195940232e-01	   5.8835083718073544e-01	   8.9227334092905397e-01	   8.8114895456090414e-01	   5.1895803864325318e-01	   5.4270113652914265e-01	   4.0194584216981066e-01	   5.6533456656173753e-01	   1.3359217952259503e-01	   4.2684087547744276e-01	   7.0888410796002721e-01	   6.3827687555400847e-01	   6.8577267823974486e-01	   6.9044030392049893e-01	  -1.9289330516230854e-02	  -3.4535292165879150e-01	   1.7942674360642882e-01	  -2.4614780543990172e-01	   2.7807999160115932e-01	   2.3063316527203376e-01	   1.9603264649682905e-01	   2.6081117580733193e-01	   5.4881110888551621e-01	   4.2774626108380442e-01	   6.3355890601918396e-01	   5.2326611023109471e-01	   7.0396073453805430e-01	   7.1757331920750456e-01	   7.6091176742053468e-01	   8.5651103304006093e-01	   3.2436257109408612e-01	   4.3284841491370107e-01	   7.4119786226062589e-01	   7.3036476531467920e-01	   8.0761749743553324e-01	   5.9018372196210211e-01	   5.4598062831236005e-01	   3.4122646611995999e-01	   4.8348980269558939e-01	  -1.8225930027568570e-02	   7.0912074971345596e-01	   7.2789934025904413e-01	   7.6503592665408715e-01	   7.4963429017456740e-01	   8.7452600960352941e-02	   1.8598512812523457e-01	   1.3879972394794399e-01	   2.0151461126482348e-01	  -1.7222453211365774e-01	  -1.1307100422389234e-01	  -2.0636175366838311e-01	  -7.1210123403657510e-02	  -6.4182521987317831e-02	   2.5759878269623765e-01	   6.3382650359177550e-01	   6.9738013576970559e-01	   8.0595902867561475e-01	   2.7605745666363796e-01	   5.5338565054453309e-02	  -2.7190492987419645e-01	
   1.0283302287410689e+00	   8.3295969642799617e-01	   7.2275657925248560e-01	   7.7555105450531747e-01	   5.9825392793405507e-01	   5.2051085001111563e-01	   6.2105082957599922e-01	   7.1304797486391858e-01	   6.2146460603250198e-01	   5.0239699401571891e-01	   0.0000000000000000e+00	   8.9801097812911435e-01	   1.1679521204980507e+00	   7.2728253565534517e-01	   7.7560467613769635e-01	   6.1446870302552448e-01	   1.1360655391256673e+00	   8.2533214055371507e-01	   1.1011147830652146e+00	   1.0181048125432326e+00	   2.2812806185037821e-01	   4.4960088798658709e-01	   1.0852141923656107e+00	   1.1056306150847655e+00	   7.4367749081832046e-01	   7.4145581878654665e-01	   4.7586001592172822e-01	   3.8148967173450932e-01	   9.0016497133723172e-01	   6.6295774046846634e-01	   8.7008344709163699e-01	   6.8138821314215647e-01	   1.0725404313062517e+00	   1.0547880093015849e+00	   4.8903066730936101e-01	   6.0962428166774263e-01	   1.5400479456450036e-01	   1.1253851814673732e-01	   5.0793023587754149e-01	   6.5098309938755361e-01	   6.9993034160459222e-01	   6.2197530231662057e-01	   8.6731653609487369e-01	   7.8851238196777784e-01	   9.0286941808497367e-01	   8.6474672343181846e-01	   8.7405362126505282e-01	   8.0857126785976197e-01	   5.7528780553623859e-01	   6.0919026304840684e-01	   6.1245973358687544e-01	   4.5258873193065297e-01	   7.4504052468441828e-01	   6.1252186403469411e-01	   7.0471317652474841e-01	   7.4262667536355687e-01	   9.0034834970186861e-01	   9.9234948871805506e-01	   5.7330889555666098e-01	   4.3723944258797393e-01	   9.6076858417050137e-01	   8.8391970912734341e-01	   1.0205429282451883e+00	   1.1099363492031995e+00	   6.4139366935523245e-01	   7.1668902670384316e-01	   7.3633846897334121e-01	   7.4991446733570333e-01	   9.7595537736026405e-01	   7.4806710199659365e-01	   4.9890591742360774e-01	   1.3520708432709527e-01	   6.0124528830102608e-01	   2.3644888899591443e-01	   6.1853170141230640e-01	   6.7613805061580390e-01	   6.7357567431160581e-01	   6.8854994297169791e-01	   1.0140471797043031e+00	   8.0836044005253116e-01	   1.2198433156986359e+00	   1.1312662264917943e+00	   9.7691628557391896e-01	   1.0879919633289299e+00	   1.0328319155641885e+00	   9.2548226296336655e-01	   4.3682852928270877e-01	   6.4186056761051657e-01	   4.5208961520067392e-01	   3.9402090500136872e-01	   3.6237215308033677e-01	   2.0799805022617882e-01	   2.1972660312015710e-01	   2.2474740905723589e-01	   5.5969787725340647e-01	   2.6042101372235841e-02	   7.4804262446158121e-01	   6.6275696590573330e-01	   5.1807772819817899e-01	   6.2111862818987429e-01	  -3.4505328481719784e-02	   1.3942625355885505e-01	   5.5276895462757082e-02	   9.8879326676484081e-02	  -2.6952679402175905e-01	  -3.9955018748647408e-01	  -4.3243779239402436e-01	  -2.9583461176758052e-01	  -3.9070980839533503e-02	   3.6494023326245512e-01	   8.6181619808950261e-01	   8.5369745699080957e-01	   5.6189681823693860e-01	   3.1792719363388106e-01	   3.1128235110172556e-02	  -6.1926630020553963e-01	
   1.2941182322932523e+00	   1.1107411368656555e+00	   6.5144996267781652e-01	   9.1227715097614126e-01	   5.0388483923593508e-01	   3.2869936602928806e-01	   7.8419742097434120e-01	   1.1785185913472085e+00	   6.1480869105924385e-01	   3.6056509586714303e-01	   8.9801097812911435e-01	   0.0000000000000000e+00	   1.0925842722045551e+00	   1.3608175274202048e+00	   6.7897138137499635e-01	   5.9147223178586505e-01	   1.0325282994778682e+00	   4.9171211647379742e-01	   1.0336364947939753e+00	   1.2707847629880138e+00	   1.3708416542952509e-01	   3.2026217147371955e-01	   8.2717583922646876e-01	   7.9006050367068115e-01	   5.8773752863256079e-01	   4.6893498573334502e-01	   2.4512334707709202e-01	   1.3987533793550333e-01	   8.9501682582916364e-01	   1.1258524449785181e+00	   1.0706331129916191e+00	   1.0612823694399962e+00	   9.0369686742433930e-01	   9.2274802025974079e-01	   4.7827425262174372e-01	   5.7024606860972726e-01	   3.5450724252137317e-01	   2.6108916216108768e-01	   6.7954038101761927e-01	   8.0644035397931335e-01	   6.3322571912855397e-01	   5.6527990998363564e-01	   8.4647463509933418e-01	   7.8643289466187172e-01	   9.3487805730743767e-01	   9.1228362989693079e-01	   9.5662688904039750e-01	   8.5909118734080825e-01	   7.1125063453111970e-01	   7.2327180550218673e-01	   7.7252377723484955e-01	   6.2749865288541917e-01	   9.1123185157467446e-01	   6.6164351955152512e-01	   8.1981071194593269e-01	   8.4980745438407812e-01	   1.0300225289829859e+00	   1.1933465206851683e+00	   6.8388079983612038e-01	   5.7389364987114788e-01	   1.1888191269910893e+00	   1.1187599663713792e+00	   1.2939775024939664e+00	   1.0040763424146730e+00	   6.5973880093007431e-01	   7.5595943832911972e-01	   8.3206685545023973e-01	   9.3931242489397482e-01	   9.7432768684266280e-01	   7.5273285860744010e-01	   6.0440269763813859e-01	   4.9857804677290596e-01	   6.7629506496770608e-01	   4.9017649579106304e-01	   6.2880731338755502e-01	   7.9975416032463897e-01	   7.0192062895661467e-01	   7.6926654112847026e-01	   8.6140891812855203e-01	   5.7762098863361055e-01	   1.1901716647482987e+00	   9.8359669534746730e-01	   1.0505129108517224e+00	   1.1090725184295984e+00	   9.0766252288798965e-01	   8.1390774168993585e-01	   5.1582236819429061e-01	   4.8962853388897332e-01	   4.2594880458637546e-01	   4.4271345411576524e-01	   5.5744448241725486e-01	   3.3945510039030796e-01	   3.9249442168270188e-01	   3.7137811389209141e-01	   5.8644030038022821e-01	   2.0809766783233796e-01	   8.6259370263739665e-01	   9.2858242927168300e-01	   7.4701188566368915e-01	   8.3488049577025647e-01	   3.5260691812737688e-01	   4.8030226979990398e-01	   4.1692622930200146e-01	   4.1463943412264825e-01	  -2.4997646872588559e-02	  -2.2502311697848401e-01	  -1.8980899451095384e-01	  -1.1146435397792481e-01	   4.7767291929674660e-02	   4.2558363205483013e-01	   1.0373986090750451e+00	   1.0039957957492207e+00	   6.4921398437098721e-01	   6.1574236758062950e-01	   1.8481947636255958e-01	  -4.2563733944679366e-01	
   1.2070041922113859e+00	   1.0539647400886007e+00	   8.2644158536990997e-01	   9.1066885376092455e-01	   7.1739139752433922e-01	   5.3372544896491192e-01	   8.8597475181078156e-01	   1.0353681745013685e+00	   8.3428854207193637e-01	   5.5906425230820200e-01	   1.1679521204980507e+00	   1.0925842722045551e+00	   0.0000000000000000e+00	   8.8131672992611043e-01	   1.0546828616813881e+00	   7.2407115223014518e-01	   1.1037369282204217e+00	   7.8389487976584360e-01	   1.0128508112129386e+00	   1.0281172830954608e+00	   2.6108703394029575e-01	   4.2185201048826204e-01	   1.1733539678483063e+00	   1.1149459984288546e+00	   7.7262397225318935e-01	   7.1285878917745571e-01	   4.6481496326841709e-01	   3.3626712935317882e-01	   9.6472075134031732e-01	   7.9314133882036009e-01	   1.0414029646161240e+00	   8.0964924479166300e-01	   1.1842479046230128e+00	   1.1163934272279559e+00	   5.7067732857748976e-01	   7.3538862525627646e-01	   3.0763680203885735e-01	   2.4613245796993874e-01	   6.6509714693111133e-01	   8.1933572097957619e-01	   8.0481088508945264e-01	   7.0700036933349397e-01	   9.8276596226549107e-01	   8.2582227292540833e-01	   1.0990116011594511e+00	   1.0194490056961991e+00	   1.0610951888015294e+00	   9.7783553297062842e-01	   8.2970569641452463e-01	   7.9214422312981980e-01	   9.0883593017485031e-01	   7.7004702349052934e-01	   9.2690661867140212e-01	   8.1875072751241507e-01	   8.5583288670074631e-01	   9.0266167438039147e-01	   1.0480843231578052e+00	   1.3235659602533498e+00	   8.1796657261275152e-01	   6.1351358996020300e-01	   1.2391025229474115e+00	   9.1904553294606062e-01	   1.2961707328492722e+00	   1.2225855665352789e+00	   7.2233204260988360e-01	   7.7112334937560312e-01	   9.8166244792385582e-01	   9.6459063960077684e-01	   1.1629385610239180e+00	   8.6901258185715213e-01	   4.6157494709565638e-01	   2.4769138868125237e-01	   6.7806099291738198e-01	   2.7033158591710432e-01	   5.9710985866830113e-01	   7.4034301779448108e-01	   6.7454626491246594e-01	   7.8514660903996514e-01	   1.0553823633058015e+00	   8.6685562524098292e-01	   1.3332154572272656e+00	   1.1745901749319312e+00	   1.2474239773139717e+00	   1.1099609033920343e+00	   1.1509806477697955e+00	   1.0372745342869836e+00	   4.5339664182575123e-01	   5.4207893907831561e-01	   4.8163899280551681e-01	   4.8869733581236630e-01	   5.4065198680925663e-01	   4.1707248177481626e-01	   3.7583635349272981e-01	   4.4754788435985010e-01	   5.8758150651841945e-01	   1.6927947234540830e-01	   9.3712233800266509e-01	   8.4052627483070519e-01	   7.3074159944877737e-01	   8.6503816900016672e-01	   1.5953922543923565e-01	   3.9634534825411188e-01	   2.9881301562266305e-01	   3.6748974477447521e-01	  -7.9639141293151014e-02	  -2.7240559518388796e-01	  -2.4705599606944142e-01	  -9.5747118550289986e-02	   6.5784288031532301e-02	   4.6984840073714662e-01	   1.1307850421852610e+00	   1.1316711423951382e+00	   7.8136071796957163e-01	   5.0537639476794116e-01	   1.5988732846691808e-01	  -5.0960524176356292e-01	
