   0.0000000000000000e+00	   1.0587665788865563e+00	   5.8734194315215693e-01	   5.1384015756472179e-01	   1.9381125906484518e-02	  -7.5295177481368714e-02	   7.6460500655493602e-01	   5.8712476255506241e-01	   1.2782560460072753e-01	   3.5011434125349974e-02	   9.5660134486362602e-01	   5.5056352338786108e-01	   3.0593264231840600e-01	   4.2157196851816903e-01	   2.3230768929899526e-01	   2.2871996340661255e-01	   5.5628672294026293e-01	   6.1502587299685596e-01	   6.8539085021216395e-01	   7.0838928926833922e-01	   4.1116792350308226e-02	  -9.8595840208470040e-03	   3.1648520187751461e-01	   3.7448561501574129e-01	   6.9174445005021956e-02	  -3.4676836165436431e-02	   1.2945820280985559e-01	   1.0326192349081063e-01	   4.6683732958977925e-01	   1.3617237246421524e-01	   1.2375560130643956e-01	   7.6650500569029445e-02	   3.0942381031008609e-01	   4.3141123985484076e-01	   2.4867604408807420e-01	   3.0755593998330966e-01	   3.9016638553037990e-02	   1.4594508195956499e-01	   6.8295172548245697e-01	   7.8337534691510491e-01	  -1.9861724441832414e-03	   4.7558894920887118e-01	   2.0000086172601056e-01	   2.6319968653962716e-01	   2.5720895605261468e-01	   2.7636682389331191e-01	   5.6052110343038364e-01	   5.4940461272370966e-01	   2.4255067634190658e-01	   3.1038746559954622e-01	   2.9292438283942501e-01	   3.3526330408205729e-01	   4.5544677692402324e-01	   4.3308441723663904e-01	   6.4859556970115761e-01	   7.0837331124776159e-01	   1.1420409492979227e+00	   9.0383431822403515e-01	   6.3594499263689930e-01	   5.2584756791932175e-01	   8.1633497643590958e-01	   4.6909421505477061e-01	   7.9918845931631677e-01	   7.3665198132027143e-01	   4.3098312666587402e-01	   4.3303984512775645e-01	   3.2179609234441797e-01	   2.6892444258051063e-01	   6.4178916381135243e-01	   3.2117609216060022e-01	  -2.6446111621169097e-02	   1.2473570616086112e-01	   4.2397559792095346e-01	   2.4705105646596226e-01	   5.1796783018308312e-01	   4.2975201971141719e-01	   2.8876867995738792e-01	   1.6219762046739933e-01	   4.0630322372950772e-01	   4.8211036865079560e-01	   4.6765608073089515e-01	   4.2635138164623448e-01	   1.6690917385231613e-01	   4.6563348697156626e-01	   3.3865124897377713e-01	   3.5142141855606635e-01	   1.6995930530170941e-01	   1.2742947568348098e-01	   5.4083131063289414e-01	   5.8410231817587699e-01	  -2.4620158164038897e-02	   2.9758003521722937e-01	   2.8970093042636708e-01	   3.8960165323144058e-01	   4.0997882369306127e-02	   2.5012176167181116e-01	   3.4218087954718007e-01	   6.1541887797309980e-01	   4.9149820577365300e-01	   4.1742067384421255e-01	   2.2524158968773697e-01	   3.3749332600894882e-01	   2.4560577676628231e-01	   2.9391679351608957e-01	   4.1982256417624519e-01	   2.4835467957254309e-01	   2.8233695385319207e-01	  -7.2203904686407347e-02	   2.4078296070070263e-01	   3.4187302537823600e-01	   5.2453369728244070e-01	   4.0595023499089605e-01	   3.7295062806875490e-01	   2.8757272895043140e-01	   2.0622804583141668e-01	  -2.3853012882631475e-01	
   1.0587665788865563e+00	   0.0000000000000000e+00	   5.0084353064019993e-01	   4.8080869460534925e-01	  -1.2453028690850639e-02	  -7.6449025666067150e-02	   7.0787913754885579e-01	   6.6535191833648921e-01	   1.2931693642965286e-01	   1.1515545379860317e-01	   6.1593507655243873e-01	   4.7689043157144051e-01	   2.5108396297249706e-02	   1.4298279505258130e-01	  -4.0010512570841317e-02	   3.4047359328905173e-02	   5.3861047168404341e-01	   7.4383940057938724e-01	   6.5002802001790350e-01	   5.8563309560083154e-01	  -2.3233993335032904e-01	  -1.9651238705906432e-01	   2.3294364014534497e-01	   2.7249103102902528e-01	  -3.3007654145006102e-02	  -1.1929760880095422e-01	  -1.6287325766556784e-01	  -1.3347195467548495e-01	   4.5442635360475936e-01	   1.9440074676335026e-01	   2.1730330168285791e-01	   1.9408508368688676e-01	   3.3911381648133637e-01	   4.9829998420873062e-01	   2.9429231695734126e-01	   2.9647423647649784e-01	  -3.3756419648104413e-02	  -1.4735997630905077e-02	   4.7924867308165042e-01	   5.3192737268642365e-01	  -6.1089716183188335e-02	   3.0636827874047440e-01	   3.1589867183756148e-01	   4.2369259083937166e-01	   4.6389801214647575e-01	   4.8393742501204107e-01	   4.8736151396705873e-01	   5.3923497515526664e-01	   4.1974698386252152e-01	   5.3490732026653154e-01	   4.4893667240821894e-01	   5.0923807639452567e-01	   4.8944677584857549e-01	   4.8040666046443425e-01	   5.5629061063985064e-01	   5.7448703051467742e-01	   1.4620581172312734e+00	   1.3940683355933079e+00	   5.9518225489312659e-01	   4.7900233663671565e-01	   7.0021046631719197e-01	   5.2468258526147027e-01	   5.5724409028541233e-01	   6.8170165818611728e-01	   5.4470212385737116e-01	   3.7998789475772932e-01	   3.7023279917423346e-01	   3.3713851831371483e-01	   4.1812768046260940e-01	   1.8158233934315737e-01	  -4.6090708718966623e-03	   1.5642273515893826e-01	   3.1046424886913165e-01	   3.7528789806848262e-01	   6.9612100223540674e-01	   3.4187168116162614e-01	   5.0032599922732923e-01	   4.2140774135138009e-01	   6.9920849318464018e-01	   5.6155601392083832e-01	   4.2274026450927338e-01	   3.2207681480279704e-01	   7.4709709422489806e-02	   3.4803075437875164e-01	   2.4804373165091459e-01	   2.8946505362438518e-01	   1.1748923498092523e-01	   7.4489648510311202e-02	   4.1858357586877737e-01	   4.7311191838255751e-01	   1.7990133464671768e-02	   3.5452164916658896e-01	   4.1334628387234418e-01	   4.4219112199568644e-01	  -9.7481332625597508e-03	   2.5778992376937604e-01	   2.0513697562781383e-01	   4.7704014119252303e-01	   5.6342696746337673e-01	   5.3222584488788671e-01	   3.6506588417401953e-01	   4.5359148478889572e-01	   3.1974523037598779e-01	   4.1794640805727645e-01	   3.7924720780880239e-01	   3.0738262355836243e-01	   2.4313505689449674e-01	   6.5384505685470856e-02	   2.6468642595062358e-01	   2.6635486181429102e-01	   4.9895570988672816e-01	   4.3273806602665355e-01	   4.2548143323678789e-01	   3.1180618215783684e-01	   3.3966964710008740e-01	  -8.4724664832717816e-02	
   5.8734194315215693e-01	   5.0084353064019993e-01	   0.0000000000000000e+00	   8.0751409298441956e-01	   9.9651176663328719e-02	  -2.1019130360566393e-01	   1.4145256570440761e+00	   6.3352610474861681e-01	   8.1996737723022919e-02	  -1.4016676192811733e-01	   3.1734426318251330e-01	   2.4236203107712215e-01	  -1.1619605386196737e-01	   1.5621910799856897e-01	   4.6777200672677793e-02	   9.2078290902236876e-02	  -1.0841885441648325e-01	   8.4162396353676658e-02	   8.6490382397319909e-01	   7.6131937435263097e-01	  -1.6677914388710310e-01	  -1.3490907582727918e-01	   1.1302380391633622e+00	   8.6489263255427018e-01	   3.2044643142893420e-01	  -1.7599016201515157e-02	   2.3265299730604644e-01	   9.1927480328548333e-02	  -1.5345307523857901e-01	  -1.9169365730586715e-01	   4.2978095910237518e-01	   3.8311740166567682e-01	   3.8311730242032460e-01	   4.4903944428763148e-01	   5.7805394486595207e-01	   2.8853367407290970e-01	  -4.5774275540674381e-01	  -5.5669571721418276e-01	   4.4882084824396634e-01	   5.3225866728938409e-01	  -1.7580705348255099e-01	   1.1399085675661745e-01	   1.3300715667598914e-01	   1.2648427930305806e-01	   2.2962374129329577e-01	   2.4951139687668675e-01	   4.6666832118928231e-01	   4.3087020254786007e-01	   3.7546258243349717e-01	   4.4747972212613268e-01	   5.6941842514397523e-01	   5.7695088107025660e-01	   7.3123731270690773e-01	   6.9484458136471650e-01	   7.5107090871758564e-01	   7.4308343976732494e-01	   4.6071536430778326e-01	   5.1569668460073159e-01	   7.7287398551775266e-01	   5.6832266695448908e-01	   8.7250979864739031e-01	   4.5908525231962827e-01	   3.2713004919740624e-01	   3.4648121052434738e-01	   1.0248975112441454e+00	   3.7693688004640546e-01	   5.6724654164040822e-01	   3.7150937696047498e-01	   6.5259133043807127e-01	   4.0292315996736383e-01	   8.8460488327845883e-03	   6.7502572581292705e-02	   3.4912094757257611e-01	  -1.8362630932151108e-01	   4.7749891410642231e-01	   5.1000072461132184e-01	   2.8121731470667199e-01	   1.2014294262084851e-01	  -1.4210096298182267e-02	  -3.6988910081202017e-02	   1.3082908764826712e-01	   3.7838201507333392e-03	   6.2148856362414862e-01	   3.3987040977077954e-01	   5.7565523897822779e-01	   2.5164290995289801e-01	   5.9417894308915464e-01	   3.9860285628355729e-01	   7.3550342557064430e-01	   7.1818155771417302e-01	   1.9483917065341702e-01	   8.5561369004954080e-01	   2.6240357925231461e-01	   9.6320559651602777e-01	   1.5735054483556529e-01	   1.1906093183051718e-01	   4.1405085531011354e-01	   4.9582396264542272e-01	   6.3183429129120416e-01	   5.5421113676441724e-01	   3.1761949192159095e-01	   6.8789482463707541e-01	   3.8194155149637932e-01	   5.5908242991225499e-01	   4.1590991177235859e-01	   5.1726604786625308e-01	   2.7808233638821422e-01	   2.8423558191767695e-01	   2.0400604146873111e-01	   2.1876862035430353e-01	   5.3794517104681128e-01	   4.1629659468136693e-01	   5.1755331283318717e-01	   6.8660791596307380e-01	   4.8902234852376802e-01	  -7.1333203241522536e-02	
   5.1384015756472179e-01	   4.8080869460534925e-01	   8.0751409298441956e-01	   0.0000000000000000e+00	   4.4677423207250605e-01	   1.8960500327346691e-01	   5.7715517123271731e-01	   1.1389488845780198e+00	   2.6622480021735029e-01	   2.1877687436764306e-01	   1.6624038027467566e-01	   4.5727737742408525e-01	  -3.9725344179040784e-01	   2.8675407431796157e-01	  -2.9641300188977704e-01	   2.3368146665209916e-01	  -1.3161940827200511e-01	   6.9377825262962781e-02	   8.6587496170813394e-01	   9.8663318465506289e-01	  -5.0786902787850773e-02	   4.3343711171314386e-02	   5.9864084545246332e-01	   1.1065878992412508e+00	   3.8897467034940153e-01	   2.4180733339209462e-01	   2.9816886942343451e-01	   1.7951870901263528e-01	  -1.4606804303229232e-01	  -2.8600314564371798e-01	   3.4377881439279173e-01	   4.3902189018125104e-01	   3.6795351047512526e-01	   5.4395745567357900e-01	   6.0737042356977955e-01	   6.1308511830683265e-01	  -2.5760373262510550e-01	  -2.6566227466918674e-01	   3.2725226861140294e-01	   5.1534511516136483e-01	  -1.3155552470582152e-01	   3.2155866307257114e-01	   2.1764764410789048e-01	   2.7872104683251442e-01	   4.2088286709075357e-01	   4.9676304142590633e-01	   7.2762098829554978e-01	   5.3037183712581260e-01	   4.5218060320732051e-01	   4.8600918541735660e-01	   7.9515829815988515e-01	   6.4091580010492655e-01	   8.2488630033105081e-01	   5.3567207942120276e-01	   7.5382331841644712e-01	   7.4319938963208676e-01	   4.4638552054683589e-01	   5.7869093970665775e-01	   1.0677270065199211e+00	   8.3266461675724124e-01	   6.3737541917039364e-01	   8.0673080736359071e-01	   4.0678172376156718e-01	   3.4209425473671418e-01	   7.8260091989534508e-01	   9.5580750127977554e-01	   9.1265908823626596e-01	   9.3943753913757644e-01	   8.7928868595537546e-01	   7.3486885996074602e-01	   2.0253866777871132e-01	   3.2896395052558952e-01	   2.3405664828995557e-01	   1.6347745524463628e-01	   2.1704843137366170e-01	   4.9253507420352383e-01	   3.1470593888908338e-01	   3.6515752924893463e-01	  -1.4000292385231766e-02	  -6.8648813145828991e-02	   1.3232503766898318e-01	   1.7338614598385493e-01	   3.9968806170415488e-01	   3.4681273078825342e-01	   6.7630975447470487e-01	   6.0161596756344671e-01	   5.9490526676174293e-01	   2.8830516328432887e-01	   8.2558161186133761e-01	   8.2655799789725737e-01	   3.9926172933773968e-01	   9.1368703794727435e-01	   8.5961020865756521e-01	   6.9088760199680144e-01	   1.2977728454197976e-01	   2.2541090226829302e-01	   5.9189089859313393e-01	   8.1114235950110847e-01	   8.6025986659142661e-01	   7.5986009756250117e-01	   8.0147511626178203e-01	   6.4057676241338002e-01	   7.1789823055244240e-01	   6.0574392473159211e-01	   8.6849223980965617e-01	   7.3512582500127643e-01	   4.7961601636729356e-01	   3.2485084683987819e-01	   1.9901517021972534e-01	   2.8429780409894934e-01	   7.1718247323893691e-01	   7.6550249318212937e-01	   8.8310535365488030e-01	   9.5305614542223960e-01	   6.1349883652873749e-01	   4.7330508798201311e-02	
   1.9381125906484518e-02	  -1.2453028690850639e-02	   9.9651176663328719e-02	   4.4677423207250605e-01	   0.0000000000000000e+00	   1.1395475916262081e+00	  -5.1427446240707782e-02	   2.2106215416748579e-01	   1.2867853508498392e+00	   9.9080650737317444e-01	  -2.2744651162392729e-01	   4.3879797519981540e-03	  -2.6624888421088988e-01	  -8.0160932243903249e-02	  -6.5389292811834074e-02	   3.8292620981326864e-01	  -1.4407836441289143e-01	  -2.2915433382057609e-01	   3.1450657087832951e-01	   3.8642128111252283e-01	   1.9713068369267231e-01	   4.6652074347016775e-01	   1.1850807604328779e-01	   3.4973661824403951e-01	   8.8726736605145529e-01	   9.7312088162357946e-01	   5.1877782829024743e-01	   5.1628561815344032e-01	   6.5187379356610606e-02	  -2.6331397507840704e-01	   2.8989268010453528e-01	   3.3253745551728309e-01	   3.3730942660883383e-02	   4.2018347607291104e-02	   3.8514682094425362e-01	   5.2624113090593028e-01	  -1.4614028823777298e-02	   2.4605796916050561e-02	  -1.3143957999019903e-01	  -1.1669186851461022e-01	  -2.1306131443890913e-02	   1.0405690064373833e-01	   1.4201192283327316e-01	   2.5844510136140042e-01	   2.8094384115323134e-01	   3.1172401631340191e-01	   4.4878042924798811e-01	   2.5491174176852222e-01	   2.7193606911982521e-01	   2.6224654278963100e-01	   4.6244558013756287e-01	   3.5816890813858865e-01	   2.2540152329336888e-01	   7.6537451568589737e-02	   1.1542122474279194e-01	   3.4506046840933426e-02	  -1.1379564729795144e-02	   4.5358406331284268e-02	   2.2953345262969779e-01	   2.6239080545046894e-01	  -1.9970788790028209e-02	   2.3140678023002922e-01	  -4.2163342225515307e-02	  -4.9669424405445202e-02	   2.5337844816808724e-01	   5.1061680299107071e-01	   3.9802408658682426e-01	   4.4442517774632079e-01	   4.7863276291192647e-01	   4.3014888918090455e-01	   2.8989984214114539e-01	   3.0800121527142010e-01	  -2.1683311084010429e-01	   3.7769116517745904e-01	  -4.0116771258644279e-01	  -6.8321570711112542e-02	  -4.4430795399315506e-02	   2.3512638405401942e-01	  -9.4690453184864631e-02	  -1.5026939366770498e-01	  -2.8249066923935812e-01	  -5.8264096979033696e-02	  -2.0609770417427651e-02	  -9.5339181358040925e-02	   1.7705435638345024e-01	   2.6922018485339805e-01	   8.8490272204032730e-02	  -9.6010550320622945e-02	   1.8740397457716720e-01	   1.9466406855824148e-01	   1.2994375132478961e-01	   3.1875141296646559e-01	   4.1067293007048677e-01	   1.8690945863803179e-01	   1.3429465455501863e-01	   1.0600732334778963e-01	   2.0693999988040676e-01	   2.7702992770599755e-01	   2.8357264349871641e-01	   3.4566985167235376e-01	   3.1115958641684355e-01	   1.6326799934373093e-01	   3.4803522645227275e-01	   2.1056855418388853e-01	   3.6312562988981545e-01	   2.8210886425041259e-01	   2.2696736237956383e-01	   3.4065376800474237e-02	   7.2931543683928263e-02	  -3.5338422446488885e-03	   2.3040215845201928e-01	   4.3373183878591337e-01	   3.6388140158313098e-01	   3.1651695525058177e-01	   1.1530405746386301e-01	   1.9808321279881792e-02	
  -7.5295177481368714e-02	  -7.6449025666067150e-02	  -2.1019130360566393e-01	   1.8960500327346691e-01	   1.1395475916262081e+00	   0.0000000000000000e+00	  -3.0504062837093554e-01	   3.6095514839950014e-02	   9.6489622541752207e-01	   1.6945539034569392e+00	  -2.3150616345710090e-01	  -4.8209942917366987e-02	  -1.3871309392405715e-01	  -1.1457977946112888e-01	   5.9664765550230155e-03	   5.7801116152864529e-01	  -4.8453876666547574e-02	  -2.3390370496367480e-01	   5.6772277129835465e-02	   1.9910176590626646e-01	   3.4418877620092275e-01	   7.9544924224619673e-01	  -1.7599972870688790e-01	   8.3265674411725388e-02	   5.0042229767442170e-01	   9.0478176509779340e-01	   4.9640573577839975e-01	   6.5768698038199713e-01	   2.1277261091681064e-02	  -1.4499378849746394e-01	  -5.9011823621147822e-03	   5.4221802102308897e-02	  -1.9172234887246314e-01	  -1.4084217797783033e-01	   9.8699320163041920e-02	   3.7694266954320121e-01	   3.2530231218026623e-01	   2.4562905328380863e-01	  -7.7842655775758024e-02	  -7.8626619534783310e-02	   2.1639279240011081e-01	   3.7640828905825263e-02	   1.1519720095620439e-01	   2.4624092195706807e-01	   1.7197143356902969e-01	   2.0951551705974863e-01	   3.0318535059464480e-01	   2.4392952722351610e-01	   1.2675491840167125e-01	   9.5323184762897376e-02	   1.4072432284269720e-01	   1.2595873448077244e-01	   2.5054788454309990e-02	  -9.2517385820996542e-02	  -1.4048651406098430e-02	  -2.1483854321449645e-02	  -7.2339549683392221e-02	  -5.8150591777350047e-02	   5.2651490512877111e-02	   1.5381202425835791e-01	  -1.7765261338211011e-01	   1.7974055102360287e-01	  -9.9451279858580155e-02	  -7.2234267096859942e-02	  -1.7312725767360825e-02	   4.1001093709745506e-01	   1.5522759791932761e-01	   2.7923591804399789e-01	   2.3505802900189199e-01	   2.1815672803692557e-01	   3.1274529632034209e-01	   2.9130101888951077e-01	  -2.5919723774991749e-01	   3.8121172308274826e-01	  -5.6392914547117912e-01	  -2.4113372980008363e-01	  -4.4607196741414314e-02	   2.7520563176865237e-01	  -9.8446583139851454e-02	  -1.5255218301610129e-01	  -3.1553348634081158e-01	  -1.7009799472867862e-01	  -1.0265494328943264e-01	  -1.7300886502215967e-01	   4.1383351769300303e-02	   3.0914168375405410e-01	  -3.8750615554527655e-02	  -1.4902543320858128e-01	   1.2982228888876240e-01	   1.7166157808037374e-01	  -7.6782699816783173e-03	   9.2251867355651593e-02	   3.8642906618780315e-01	   3.7267993077299624e-02	  -1.3132367436985535e-02	   1.2883937337997772e-02	   2.3618109413492966e-01	   1.1320246665242606e-01	   1.4769501884630418e-01	   1.5650507646542880e-01	   2.4686260577600377e-01	   4.8746498319262511e-02	   1.9699387506570187e-01	   6.6939746312877510e-02	   2.4839049656597306e-01	   1.9030327487413171e-01	   2.3908684327039187e-01	   3.9729121386198080e-02	   4.3649679981913256e-02	  -1.4360382280872830e-01	   1.8277282526498323e-01	   2.5217367755619380e-01	   2.8471695899955540e-01	   1.4660662656321194e-01	   2.0630122833254480e-02	   5.3938001244445928e-02	
   7.6460500655493602e-01	   7.0787913754885579e-01	   1.4145256570440761e+00	   5.7715517123271731e-01	  -5.1427446240707782e-02	  -3.0504062837093554e-01	   0.0000000000000000e+00	   6.6852354385730006e-01	  -1.9996310196989074e-02	  -2.3689168373102909e-01	   6.7217631087869989e-01	   2.5270385411505675e-01	   1.3963576866788033e-01	   1.9137767832193872e-01	   1.3659307713824426e-01	   6.3529544791718739e-02	   1.4392319556779168e-01	   4.3916130129576425e-01	   8.3761857472762580e-01	   6.8471117944236348e-01	  -1.1818551524501267e-01	  -1.7605000430238382e-01	   8.9703625302809853e-01	   5.4175453038234933e-01	   1.1108200517050319e-01	  -2.1327589745906500e-01	   8.4707693245348867e-02	  -3.6530184598143160e-02	   1.4053488213830376e-01	   1.4268997695792598e-01	   4.3561154370160088e-01	   3.7593965746867836e-01	   5.2417004078076568e-01	   6.1524106063644812e-01	   4.3296152680691286e-01	   1.9937222481081282e-01	  -3.9132536544807794e-01	  -4.1942345827075733e-01	   5.6088402641093660e-01	   6.5298105207320101e-01	  -1.4400481103218971e-01	   2.1994260942476526e-01	   1.9311359725270716e-01	   1.9198486015837884e-01	   2.1579729176028342e-01	   2.4171923848799620e-01	   4.6853743245273316e-01	   4.3384714828792814e-01	   2.9432314328541087e-01	   3.8633171233001162e-01	   4.7587516061800639e-01	   5.0911920417615697e-01	   7.0340144025090767e-01	   7.4680349834360693e-01	   6.8721002894307182e-01	   7.1286096654087150e-01	   7.1090280056609045e-01	   6.8590943960835948e-01	   7.1625364949974046e-01	   5.4565460197317950e-01	   9.5474986301936982e-01	   4.6131374054350666e-01	   4.9874066148830681e-01	   4.7891045512158770e-01	   8.7286209400342385e-01	   2.0372544400162723e-01	   5.3707303931357242e-01	   3.4227927819927140e-01	   4.9136016230533869e-01	   2.4868261605999992e-01	   1.1397884091639356e-02	   5.6769398420928471e-02	   4.7628282913979558e-01	  -5.3568240427373355e-02	   7.7873742247408195e-01	   6.3268879213790752e-01	   3.7903041797178982e-01	   2.2360558527895011e-01	   2.3876013755262948e-01	   2.0985540006866921e-01	   3.4509127636037362e-01	   1.1430937219048269e-01	   5.6833292585723305e-01	   5.1930985217328707e-01	   4.1454275307999056e-01	   1.0024051514912244e-01	   3.8640475349713932e-01	   2.4623338353343563e-01	   5.7653298108529616e-01	   5.5334445938279264e-01	   4.3413525512277583e-02	   5.6687843900874146e-01	   1.2918722637617314e-01	   7.0197664134028570e-01	   1.7987700898017495e-01	   2.6016649889573157e-01	   3.4021302251579610e-01	   4.9415031337384663e-01	   5.5865646860206153e-01	   4.9590015247780461e-01	   1.7056803097872530e-01	   5.3418576853068811e-01	   2.3374332256383001e-01	   4.3604194917782518e-01	   2.7054768021446524e-01	   3.6550885075103789e-01	   1.1408308982973370e-01	   2.0683547865398719e-01	   3.1582358907062802e-01	   2.7420597622191983e-01	   4.6929872000735828e-01	   3.5444832087136735e-01	   3.7200716030418196e-01	   4.4787208958625091e-01	   3.7054408809343059e-01	  -1.0945370658106698e-01	
   5.8712476255506241e-01	   6.6535191833648921e-01	   6.3352610474861681e-01	   1.1389488845780198e+00	   2.2106215416748579e-01	   3.6095514839950014e-02	   6.6852354385730006e-01	   0.0000000000000000e+00	   1.9127961654370257e-01	   1.2608558893349758e-01	   3.8850648583651126e-01	   8.0391133646252277e-01	  -2.5813936824921246e-01	   5.4421692780941322e-01	  -2.9725115009348835e-01	   1.6197095989915938e-01	   2.8491058393370461e-02	   3.5719410666058932e-01	   7.1734461545670769e-01	   7.6683202973232412e-01	  -1.9865645167915089e-01	  -1.3160331784533089e-01	   3.6369378278446968e-01	   5.7149946272593066e-01	   3.9674726543864454e-02	  -7.2956212519892788e-02	   5.6449422005189675e-04	  -1.2283104547062017e-01	   1.2348277077984154e-01	   7.9897403413525012e-02	   2.0422681339746585e-01	   3.1651543204342703e-01	   4.9315249215131662e-01	   7.7536014425027111e-01	   4.2135058311988643e-01	   4.6999982275723506e-01	  -3.7523096598815714e-01	  -2.3037528092929896e-01	   2.8737449642308655e-01	   5.7291530041203220e-01	  -2.6775216912995198e-01	   3.5963403333286753e-01	   3.5725893437763617e-01	   2.4006819070531860e-01	   2.9498979246632262e-01	   4.1820353961997669e-01	   6.0056568560094703e-01	   4.4270349706333439e-01	   3.0635280642228174e-01	   3.9759083281485991e-01	   5.9350127531491870e-01	   5.1950274342163616e-01	   8.2524403177015504e-01	   7.0633590269672675e-01	   6.0494894559373913e-01	   6.4504339008248313e-01	   6.5440572925494234e-01	   6.6463995125894459e-01	   9.6794389556819227e-01	   7.6514015556882331e-01	   9.1717413359592326e-01	   1.1230895536148693e+00	   5.7264222251122643e-01	   4.2646107124257437e-01	   6.2728577466554958e-01	   7.3489828494991216e-01	   6.7519690213765360e-01	   7.0942917277066564e-01	   5.9954401115762268e-01	   4.2785692335438680e-01	   8.1369468919161081e-02	   2.1192985101129225e-01	   2.1085582536616707e-01	   2.6618528978407674e-01	   4.3532698642679679e-01	   5.1767037024264051e-01	   6.1114024235286024e-01	   5.9221395317905179e-01	   2.5006433138450318e-01	   1.1527708737448365e-01	   2.5308699864963502e-01	   1.6205368371370601e-01	   3.7593029228961594e-01	   5.6514411221110827e-01	   4.3984787903139555e-01	   4.1626947687122096e-01	   3.4206937803074328e-01	   6.2905993604427834e-02	   6.0750396664146822e-01	   5.7962166156636530e-01	   2.4570849851498244e-01	   4.7988184730267786e-01	   5.0782161694767136e-01	   3.6964396154443435e-01	   7.4833581239340877e-02	   2.7909493733418411e-01	   3.3253147121261123e-01	   7.2076361444807946e-01	   5.8466130967289309e-01	   5.5714125960409722e-01	   5.0198195447074312e-01	   4.8966371882931725e-01	   4.5761708551675273e-01	   4.4274662662896686e-01	   5.2578810677194709e-01	   4.6143282926975926e-01	   2.6810624334790534e-01	   2.0672574483679726e-01	   2.6315930757773798e-01	   2.9640120200138065e-01	   5.0934789458267837e-01	   6.2182629651019683e-01	   6.2885574521265564e-01	   5.6635441694027178e-01	   4.5954185662682723e-01	   1.2143662873792119e-01	
   1.2782560460072753e-01	   1.2931693642965286e-01	   8.1996737723022919e-02	   2.6622480021735029e-01	   1.2867853508498392e+00	   9.6489622541752207e-01	  -1.9996310196989074e-02	   1.9127961654370257e-01	   0.0000000000000000e+00	   1.1110400199697836e+00	  -8.9148999424154537e-02	   8.2159523357591940e-02	  -1.6518146508908879e-01	   1.6887869593728979e-02	   8.8876979070069070e-02	   3.6245819581737959e-01	   3.7289726407924925e-02	  -7.0768397823280954e-02	   1.6763824202087699e-01	   1.7355479277091204e-01	  -3.6906074272972204e-02	   3.4252519234238221e-01	   1.7896678275025977e-02	   2.0267419178161727e-01	   5.5801073150519609e-01	   7.2709855169456639e-01	   2.5054366023824665e-01	   2.9019399539077234e-01	   2.3617146888739346e-01	  -9.0798631683862707e-02	   2.4179757657648479e-01	   2.8056520801546003e-01	  -8.3437150982234032e-02	  -5.0363639164266609e-02	   3.8635136605938891e-01	   4.7848013958405677e-01	   1.0623210984994965e-02	   4.9962529373933855e-02	  -7.5579540678474069e-02	  -1.1315627919214510e-01	  -1.9876736905123868e-01	   9.4798968499680298e-03	   1.2368009632817002e-01	   1.9140262257787788e-01	   2.4727530874221515e-01	   2.6228574651719894e-01	   3.1748057300813759e-01	   1.7892405293110242e-01	   2.5025556628472423e-01	   2.8934064793101832e-01	   3.9578849419997963e-01	   3.6292064773261490e-01	   2.5594141242399499e-01	   1.7434442179389331e-01	   1.0258619944668625e-01	   1.0090335116651262e-03	   1.7454274623969573e-01	   1.5778016090396610e-01	   1.6427186173735681e-01	   1.7830165450686103e-01	   7.1807997219728567e-02	   2.1545497915777703e-01	  -4.2578251441812882e-02	  -5.1674572835916088e-02	   2.2118672679504758e-01	   4.4686055418532789e-01	   1.6675069808755436e-01	   1.8241798596041961e-01	   3.2124811112921337e-01	   2.3322466637702727e-01	   2.2486108680695327e-01	   2.9284162673829300e-01	  -4.3741604375946580e-01	   4.3946337090887616e-01	  -2.5598192847737439e-01	  -2.0063654112598595e-01	   9.2654040238066879e-02	   2.7707276901432087e-01	   7.1931571760161434e-02	   2.0905878996964944e-02	  -2.8074756673498685e-01	  -6.4506681138291069e-02	  -7.6015183811482145e-02	  -7.7576183842761132e-02	   6.0688389350014874e-02	   2.6178749572752669e-01	   2.5907643487791544e-02	  -9.8878197151365574e-02	   2.4607425197560445e-01	   2.0631624661633019e-01	   3.8328067817430943e-02	   2.1010411310729921e-01	   3.2997526386880710e-01	   1.6952939180296930e-01	   6.0989757733417735e-02	   1.0866488190747661e-01	   2.6698349289596430e-03	   1.6984484538302774e-01	   1.2449218204917317e-01	   2.0066738951357654e-01	   1.9585492423104306e-01	   1.2392769023011999e-01	   1.7504888767620830e-01	   1.4560760211265514e-01	   2.3135826860909464e-01	   1.8664528048166834e-01	   2.2188401122655746e-01	  -7.3420943599280489e-02	   1.5266978654029148e-01	  -6.3288584774141487e-03	   1.4485534918461063e-01	   2.3789248872372598e-01	   2.8049936301532519e-01	   2.0645821040651038e-01	   1.0634245821694441e-01	   1.7965035345355387e-03	
   3.5011434125349974e-02	   1.1515545379860317e-01	  -1.4016676192811733e-01	   2.1877687436764306e-01	   9.9080650737317444e-01	   1.6945539034569392e+00	  -2.3689168373102909e-01	   1.2608558893349758e-01	   1.1110400199697836e+00	   0.0000000000000000e+00	  -1.6256685639306284e-01	   1.3199564501698274e-01	  -1.6669923164322781e-01	  -3.8996188073453196e-02	  -5.9026310613730142e-02	   4.9126760483350229e-01	   2.5923923462225235e-02	  -1.3634081427745579e-01	   5.2824655541375137e-02	   1.9096631468240857e-01	   6.6030875885047316e-02	   5.2628387229953077e-01	  -2.1247883354123376e-01	   8.2066567935524887e-02	   3.9800446621883140e-01	   7.6352929446990481e-01	   2.5900761032398645e-01	   4.2570894446816343e-01	   9.2384098506807455e-02	  -9.5980081124233368e-02	   5.8360690606555849e-03	   5.9386602778271971e-02	  -1.9374658025864014e-01	  -1.2606735278030079e-01	   8.2225194158204895e-02	   3.2485254532379743e-01	   2.5290129334069783e-01	   1.6219787861072460e-01	  -7.0483466525795790e-02	  -8.1675362109274466e-02	   9.6639878410945609e-02	   1.0657214124958604e-02	   1.8141922679967359e-01	   2.8811882140728318e-01	   2.6471131483782506e-01	   2.7531435471661453e-01	   3.2161485424975367e-01	   3.0087495661830232e-01	   2.3670789987204049e-01	   2.1416149692249573e-01	   1.8965789900107960e-01	   2.0790731285837127e-01	   5.3886515012413157e-02	  -2.7587262254741028e-02	   5.5952461486268631e-02	   1.7766253455312228e-02	   8.3618399752506914e-02	   1.1115950279185946e-01	   8.9913432575442834e-02	   1.7343080639801303e-01	  -5.1183331929854109e-02	   2.8577116541692216e-01	  -4.1877209441915225e-02	   7.6836923433496351e-02	   2.1822363127621567e-02	   4.6790633416643584e-01	   7.6509088122640331e-02	   1.7739596362176629e-01	   1.9624085435812319e-01	   1.4523166775169391e-01	   2.3174755146925075e-01	   3.2116689541026144e-01	  -3.7979624157437142e-01	   5.1476440487387420e-01	  -4.2027669736610640e-01	  -2.9116226077305740e-01	   4.7464076635060914e-02	   3.3191337856771952e-01	   1.3126661764756457e-02	  -7.9882897705970540e-02	  -3.1064249744801015e-01	  -1.5490381457614627e-01	  -1.7570998129627916e-01	  -2.0955096204911866e-01	   4.2410855904431680e-02	   3.6262585831327893e-01	  -6.2812606312497452e-02	  -1.8541552602929867e-01	   1.8135319050551868e-01	   2.1888317489113282e-01	  -2.4575369040758351e-02	   1.1348478141335538e-01	   4.0946323930956846e-01	   6.6455101642824047e-02	  -5.3128180609899246e-02	   2.9082633644300797e-02	   9.5447568566162835e-02	   1.1008998733233233e-01	   1.6228596106877174e-01	   2.0777181731613284e-01	   2.6792449072026531e-01	   7.7924075946107063e-02	   1.9489287343518585e-01	   9.1588342172074427e-02	   2.4543338628415806e-01	   1.8028858771620682e-01	   2.5447403411066716e-01	  -2.2373536695137815e-02	   5.1882535919209646e-02	  -1.0996231947907177e-01	   1.5923624294242822e-01	   2.4982832231149499e-01	   3.2770935153968345e-01	   1.3748183724817126e-01	   7.6392369736544119e-02	   4.7595920957900446e-02	
   9.5660134486362602e-01	   6.1593507655243873e-01	   3.1734426318251330e-01	   1.6624038027467566e-01	  -2.2744651162392729e-01	  -2.3150616345710090e-01	   6.7217631087869989e-01	   3.8850648583651126e-01	  -8.9148999424154537e-02	  -1.6256685639306284e-01	   0.0000000000000000e+00	   4.8855680328728934e-01	   6.2084710867901616e-01	   4.8268796054270291e-01	   2.8643354043553748e-01	   1.6811758133511612e-01	   5.6893718576360652e-01	   7.7973936192316073e-01	   4.1138156749639648e-01	   3.1551579474146924e-01	   1.9465585944428165e-02	  -1.2258914689983583e-01	   9.6795091301127928e-02	   4.9686333395475180e-02	  -1.5341191496261503e-01	  -2.1455274936629065e-01	  -5.4315310727348645e-02	  -1.1349747348961595e-01	   4.7853980072357627e-01	   4.3777295331042332e-01	   6.6491736451954567e-02	   1.6410992133986273e-02	   3.6963234576488790e-01	   4.4987842835729003e-01	  -1.8570966011730809e-02	   2.6880380859062202e-02	  -2.5102776112225594e-02	   1.0562858815850205e-01	   4.6368271323689852e-01	   5.0285716971412053e-01	  -3.5420740894001775e-02	   2.7022675101359872e-01	   1.5098683474438228e-02	   9.2567603434595053e-02	   5.3711870795072815e-02	   3.2427305037555892e-02	   2.7349824143862184e-01	   2.5939646974737646e-01	  -3.1067417611322735e-02	   6.4531014596892911e-03	   1.5926388207557648e-02	   3.4815868394419434e-02	   2.6240966317288494e-01	   3.3955486194913359e-01	   2.8123513862515459e-01	   3.4551379076933525e-01	   6.8131661347056927e-01	   6.0215371335118928e-01	   2.6592931664638464e-01	   1.3097084552291677e-01	   6.1325841790822011e-01	   3.6316372798930235e-01	   7.5005006765909721e-01	   7.2083240801483495e-01	   1.9890643094628851e-01	   7.1785987607872692e-02	   1.2317382948735801e-01	   7.4742860050894908e-02	   2.9100559699843165e-01	   1.3256834910781290e-01	   8.5219749624398863e-02	   1.8090526901096232e-01	   4.9699158439552815e-01	   2.8749008181637847e-01	   6.4302894531400390e-01	   5.1110826333979775e-01	   2.7900504238936635e-01	   1.1147807619677355e-01	   3.6036151728818000e-01	   5.0611976071373066e-01	   6.0081415008111061e-01	   5.3236015365704126e-01	   1.9830889687405090e-01	   5.9800497173959366e-01	   1.9718578300559986e-01	   1.1457319319903554e-01	   2.2123835870944162e-02	  -5.1200142420765263e-03	   2.4590912374390667e-01	   2.0638816324416204e-01	  -6.5062677339399827e-02	   6.1848954207061449e-02	  -1.4748379210684883e-02	   7.2457130234431052e-02	  -1.3828142613750982e-01	   9.3587852214453371e-02	   1.4381564854203202e-01	   2.7783859868742777e-01	   2.0330157118694550e-01	   1.8248948243032359e-01	  -2.4292671164034142e-02	   9.6207768007427835e-02	   3.6658850290437243e-02	   7.4999477562049097e-02	   1.0919377881528838e-01	  -2.5807300889153166e-02	  -2.8572945915866375e-02	  -1.0065768665783832e-01	   3.9348824004852199e-02	   8.3820319191709250e-02	   3.3209436425783351e-01	   1.7856455224447187e-01	   8.5028294805511676e-02	  -8.3823175058143587e-02	  -1.1435061602035107e-01	  -2.8349521482980866e-01	
   5.5056352338786108e-01	   4.7689043157144051e-01	   2.4236203107712215e-01	   4.5727737742408525e-01	   4.3879797519981540e-03	  -4.8209942917366987e-02	   2.5270385411505675e-01	   8.0391133646252277e-01	   8.2159523357591940e-02	   1.3199564501698274e-01	   4.8855680328728934e-01	   0.0000000000000000e+00	  -8.7325685751599366e-02	   8.8842361409640092e-01	  -2.6993435461374887e-01	   9.7548261584402773e-02	   7.0950178491346008e-02	   2.4310833646629054e-01	   2.7517719671398533e-01	   3.3318128456746143e-01	  -3.7140741316214287e-01	  -2.8178485277114013e-01	  -8.1494162027952108e-02	   2.0946801264413048e-01	  -3.2041601040724073e-02	  -4.4754886627894119e-02	  -1.7819656381666904e-01	  -2.5874307772092764e-01	   1.6513187744965185e-01	   5.4635303506810534e-02	  -4.8131018229177432e-02	  -3.4104516523905007e-03	   3.8184708962145247e-01	   4.9344587529989986e-01	   9.7044990310744650e-02	   2.5025135979482466e-01	  -1.5291928870635990e-01	   4.8914290517889487e-02	   1.3961272269127958e-01	   3.6053879591975890e-01	  -1.7996965582122793e-01	   2.6673311107034292e-01	   2.8196598871578549e-01	   4.7766710638603292e-02	   1.8371183714549347e-01	   1.9008035308603541e-01	   2.7824345718403393e-01	   2.4947700289307551e-01	   1.4830863362616117e-01	   1.5461347318583857e-01	   1.8310405502232197e-01	   1.3947430303848199e-01	   2.5053309479518793e-01	   3.4700679891007813e-01	   2.9266691820304092e-01	   2.9081662189169644e-01	   4.6919406576637235e-01	   4.6846965173124699e-01	   3.5512517599988341e-01	   2.1007634513296392e-01	   6.8202477964685537e-01	   8.3394889078175571e-01	   5.1762451504545659e-01	   6.1312992275228717e-01	   2.0067144684033156e-01	   5.3993507247015371e-01	   1.8250606312252099e-01	   2.0836084398506369e-01	   3.1731172462159402e-01	   9.9243623787866303e-02	  -4.7189501991171424e-02	   1.7071504178350416e-01	   7.3512045102643669e-02	   3.6228912629433785e-01	   3.5054326370036459e-01	   2.3082886009636713e-01	   4.5009924378868488e-01	   3.4620810763755017e-01	   1.5019335439407500e-01	  -2.8893518582743388e-03	   1.5896945107373120e-01	   2.0639218415054156e-01	   1.1778433931276024e-01	   3.5799017954511547e-01	   3.0458214306490261e-01	   4.4824410223279382e-01	   5.9380286269529348e-02	  -1.6291363100458170e-01	   2.8054105471314827e-01	   2.7135807362564146e-01	   3.7491695631370501e-03	   6.6503162201874744e-02	   1.7961534314287231e-01	  -3.7560508778935589e-02	  -1.3341824455119198e-03	   1.0524414151516738e-01	   5.4333681674050151e-02	   3.2531719240576706e-01	   1.6058674956024763e-01	   2.3210595669573908e-01	   2.5176118267421288e-01	   1.6866796410515311e-01	   1.8657461297662498e-01	   1.6426432123929616e-01	   2.4961639501648372e-01	   1.4339599350008758e-01	   1.7207416536920112e-01	  -7.4633852860025773e-02	   1.0069611936006112e-01	   1.5826986017986289e-01	   2.7567360567094795e-01	   2.8170855200106171e-01	   2.7332959958931946e-01	   1.2372467703594359e-01	   1.3764143344045970e-01	   1.8206267892861758e-01	
   3.0593264231840600e-01	   2.5108396297249706e-02	  -1.1619605386196737e-01	  -3.9725344179040784e-01	  -2.6624888421088988e-01	  -1.3871309392405715e-01	   1.3963576866788033e-01	  -2.5813936824921246e-01	  -1.6518146508908879e-01	  -1.6669923164322781e-01	   6.2084710867901616e-01	  -8.7325685751599366e-02	   0.0000000000000000e+00	   2.2348776040038709e-01	   8.6862845940664091e-01	   3.1430739226634041e-01	   4.3902514808902776e-01	   3.4160240924071844e-01	  -1.5816680388212664e-01	  -6.2589217697154531e-02	   3.5792436214836898e-01	   9.9511364590518819e-02	   1.6099437744889797e-02	  -1.9734298462363167e-01	  -2.2586623750830306e-01	  -2.2044799028468939e-01	   1.3239728168360204e-01	   1.5060595520890085e-01	   3.2759321437173528e-01	   4.9193587671704792e-01	  -1.7703215527621352e-01	  -2.4910715064612693e-01	  -4.9406280207752687e-02	  -9.0922971342691394e-02	  -4.3159396842708875e-01	  -3.9502538629001077e-01	   1.6744084013841667e-01	   2.1780866246135488e-01	   2.9076511629015239e-01	   1.6467903741995019e-01	   1.4200755507607882e-01	   4.5449651630073439e-02	  -1.2326236046585476e-01	  -5.5941813402199024e-02	  -2.9459102616679217e-01	  -3.6549661969007963e-01	  -2.3269718767201325e-02	  -2.3063675069415413e-02	  -3.2516480685452670e-01	  -3.5590042688951612e-01	  -4.5022876840938097e-01	  -3.6510516402090260e-01	  -2.3857571127173308e-01	  -1.7714350993620429e-01	  -1.3869891525819442e-01	   1.4638120671396511e-02	   1.1541726553684441e-01	   5.3556955259851741e-02	  -3.1641956702585533e-01	  -2.0752564279473962e-01	  -8.8193869362898608e-02	  -2.9678891552569847e-01	   1.9887474551250930e-01	   1.7242750118130204e-01	  -2.9075970391732175e-01	  -3.6880341603484917e-01	  -4.2243655275987768e-01	  -4.2826982207668052e-01	  -1.2364867420246524e-01	  -2.0994780816415370e-01	  -2.5770338647078350e-01	  -2.7476758162221560e-01	   3.0120513323600984e-01	  -6.0094466306700359e-02	  -1.9805348950677600e-02	   4.4410285767857056e-02	  -2.6461522661826337e-01	  -3.3321632191571160e-01	   1.1710259867828912e-01	   3.7747201851202361e-01	   3.7076413979863615e-01	   3.7618610212003761e-01	   3.9923287297409281e-03	   2.7941286762369033e-01	  -1.3673952136840422e-02	  -1.2213656021836314e-01	  -1.8311782314630740e-01	   4.7065096479586427e-02	  -1.9517741870997476e-01	  -1.6835561982859543e-01	  -1.3339607100543896e-01	  -4.0769622007579009e-01	  -3.6556420461941741e-01	  -2.5564873618985917e-01	  -2.3467482322106087e-01	  -1.0280995459830072e-01	  -1.0915716443246529e-01	  -1.6718418065150289e-01	  -2.0265153938417119e-01	  -2.5358148773684264e-01	  -4.0722485899073213e-01	  -3.3937113500170174e-01	  -3.6683613203792603e-01	  -3.4929801873608696e-01	  -3.7445824346803464e-01	  -5.8953317448890974e-01	  -3.8992730821862848e-01	  -2.7059744273621672e-01	  -2.3457050599400159e-01	  -1.4669536233439623e-01	  -2.4993281559435643e-01	  -3.1083227396317314e-01	  -4.8950613139406218e-01	  -5.6678932600561371e-01	  -3.8838356316736311e-01	  -5.1118502664595078e-01	
