   0.0000000000000000e+00	   1.1056782918974974e+00	   1.9878010766074697e-01	   3.7693947706018038e-01	   1.7648305673599471e-01	   1.0106765200351235e-01	   3.7724549974925081e-01	   4.2112203053813180e-01	   1.7872233765948528e-01	   7.3133902306840637e-02	   5.2572077952553098e-01	   3.8567112279542110e-01	   4.2804141829088610e-01	   2.8016872508134527e-01	   1.9176883582461438e-01	   3.3015484646897930e-01	   1.5268649665536366e-01	   2.7149861970691874e-01	   4.8414166928126484e-01	   4.4670412902142914e-01	  -8.8300535518779963e-02	  -6.6165475858499134e-02	   7.6148562214026272e-02	   1.6868346431228415e-01	  -1.0363955435701920e-02	  -5.5204794959048389e-03	   1.8990831340433545e-01	   2.1707264908683696e-01	  -2.8450622106509097e-03	   7.6985739499040487e-02	  -6.4272179867398138e-02	   1.0360737924480872e-02	   5.1068724746475957e-01	   4.7929890319056800e-01	   2.1016675236279261e-01	   2.2389212137506118e-01	  -2.5837863363711278e-01	  -2.4174005694997991e-01	   7.6249235106748997e-02	   1.0947516710771450e-01	  -3.4490067963206847e-02	   9.6095235725685207e-02	   1.3854584905910272e-01	   1.1888967901261216e-01	   1.4320329455136596e-01	   2.7538990017134135e-01	   1.5167527864573077e-01	   1.6390396559625578e-01	   2.9484657388837399e-01	   3.2821631991842615e-01	   2.7750946667169252e-01	   2.5661535906373034e-01	   2.8105338207224895e-01	   2.8327966977667784e-01	   4.3090633115214527e-01	   3.8227500007642989e-01	   1.0112608542475603e+00	   8.9817319763679926e-01	   6.7874802429125813e-01	   5.6422693453465567e-01	   5.6417647124815140e-01	   4.2555216234939819e-01	   3.6112212920539816e-01	   4.5131817533509316e-01	   1.5600009667100409e-01	   1.8632397816124899e-01	   5.4598664186330448e-01	   3.6719396322932835e-01	   5.6086900495657077e-01	   4.4055468249050794e-01	  -4.6543329275120886e-02	  -5.7188631039606051e-02	   3.4875902047078350e-01	   1.9711242014122488e-01	   6.1031355105741891e-01	   4.7549939247890449e-01	   3.9741572568870792e-01	   1.1796835778818776e-01	   8.2845123323781980e-02	   7.9610150666006366e-02	   1.9292207709960199e-01	   2.5754552093352034e-01	   1.9135793515068944e-01	   1.2755079247687692e-01	   2.0908382972930686e-01	   1.6185780854243600e-01	   3.5569126451987892e-01	   2.8734460004614765e-01	   4.8260868090851655e-01	   4.3890492696372552e-01	   1.4919853436741795e-01	   1.0025009524951695e-01	   1.4199706026416914e-01	   2.0358131586822142e-01	   1.4537097395251916e-01	   7.4183627081872497e-02	   3.5418389199177464e-01	   2.6197220259833748e-01	   3.7575836396917350e-01	   4.3129978226906046e-01	   3.9185260279915873e-01	   4.3168167583744482e-01	   6.6125918799365679e-01	   5.5707779159910953e-01	   1.7446094848913138e-01	   9.9665461401557659e-02	   6.4845495938875841e-02	   2.9625746860403834e-01	  -1.4080766541929216e-01	   2.8475624830618180e-02	   2.1491594088608204e-01	   3.4150567783286911e-01	   4.3888011356184969e-01	   6.2825767664315713e-01	   4.0203543361435340e-01	   1.8833254205748540e-01	
   1.1056782918974974e+00	   0.0000000000000000e+00	   1.0922717391820759e-01	   2.1708274125047128e-01	   2.9525601896283369e-02	   4.8994242680805239e-02	   8.7207557685427206e-02	   1.7885461858536730e-01	   3.2593585632586713e-02	   2.1219115532615809e-02	   2.2397685095754161e-01	   3.6622255947063864e-01	   8.8190056417081497e-02	   1.1934993926102952e-01	   1.2396145378899921e-01	   1.9615641276789642e-01	   1.6456228533735703e-01	   3.2294093806712942e-01	   4.4845419077500076e-01	   5.7452090019323765e-01	  -1.7376741009992119e-01	  -6.5676415626948467e-02	  -8.8439866489816998e-03	   3.3112704467536662e-02	  -5.4038914211414865e-02	  -8.5340202247919467e-02	   1.3539268988806627e-01	   1.4469002845293066e-01	   8.4859646675638126e-02	   1.5572053882817929e-01	  -4.2488996722901545e-02	   2.0026986178004302e-02	   4.0830605961358585e-01	   3.7995356653130319e-01	   4.4363501994047448e-02	  -3.3711231870299986e-02	  -3.5281663503433308e-01	  -2.4789601898146449e-01	  -3.3727381819792096e-05	   5.8578218098505518e-02	  -2.3352282839709471e-01	  -5.1621130027682425e-03	   1.4795518285581325e-02	   1.0781051350795648e-01	   1.2932657161309283e-01	   2.2021570634525697e-01	  -1.4061615899972952e-02	   1.3417376198873031e-02	   2.8505003408231772e-01	   3.1736378692799910e-01	   2.4631382187269052e-01	   2.3137345811066179e-01	   1.8108731877064810e-01	   1.5244503433863726e-01	   2.9062960259409698e-01	   3.2464945316110427e-01	   9.7491524447244204e-01	   1.3941446769167596e+00	   5.9084750979628686e-01	   6.3964793263589070e-01	   3.1996511886002960e-01	   2.1376454525909142e-01	   2.2012050813913731e-01	   4.4145093796518414e-01	   1.5268986399987031e-02	  -3.4551978587195255e-02	   3.8791693083516221e-01	   2.5557185736983562e-01	   5.9565852379023010e-01	   4.7953379660105200e-01	  -4.4308462784269323e-02	  -4.3171834492394784e-02	   1.5892643041455301e-01	   1.8232315344412878e-01	   3.6302484099891530e-01	   3.4602023312115471e-01	   2.4702388295948161e-01	   1.7168042927859470e-01	   9.4923224351759150e-02	   1.6004944950509140e-01	   1.6105886980195669e-01	   2.2409470744311927e-01	   1.1588869831349893e-01	   4.2401144430302587e-02	   7.9452645079071932e-02	   4.4021841778193127e-02	   2.6550885472987740e-01	   1.7380246543486261e-01	   3.2524690671867429e-01	   2.8002627902322208e-01	   2.8838723669125953e-02	  -7.4297983632027165e-02	  -7.9696966330233439e-03	   2.7352822859954620e-02	   4.0926996284430378e-01	   3.3209488334410547e-01	   3.8426557030728326e-01	   5.2932248925286496e-01	   2.7524940875352100e-01	   3.6408601239626598e-01	   3.3827035810227712e-01	   2.8012743779936145e-01	   6.6109240382316625e-01	   4.9766992765897250e-01	   1.1647117568890460e-01	   5.5865999375382079e-02	  -5.4643802535581890e-02	   3.7556356055720425e-01	   8.5262142304315058e-02	   2.0284115129440444e-01	   7.6533592534829914e-02	   2.0106093955220497e-01	   3.0325902325971027e-01	   4.7979245266453030e-01	   1.1309296514014243e-01	   1.2422147533975185e-02	
   1.9878010766074697e-01	   1.0922717391820759e-01	   0.0000000000000000e+00	   1.0099444038609482e+00	   9.6208790809679978e-01	   4.8882236492742248e-01	   9.4780180897338762e-01	   4.6135568903650143e-01	   2.2002366297814396e-01	   2.0747654359484269e-01	   1.7996647516902381e-01	  -2.3149010080906895e-01	   3.8742766987356257e-02	  -8.3908771338487495e-02	   8.4831267285050382e-01	   4.3292739922010104e-01	  -4.1749201075640140e-02	  -1.3357390723796839e-01	   8.6734365728003382e-01	   4.6416920394721772e-01	   4.6611718363760396e-01	   4.0342273771253329e-01	   9.6834335557841211e-01	   7.1932701285289624e-01	   8.4993107272762247e-01	   7.7780448597734408e-01	   3.7514121706695192e-01	   2.4441314581776474e-01	   1.3772639050387392e-01	   7.3299894710229463e-02	   7.3787052469857528e-01	   6.6137632725795470e-01	   5.3410510353339913e-01	   4.3153394070499485e-01	   6.5255568745510895e-01	   5.4341312991583346e-01	   3.1998116075686595e-01	   2.6431627993905371e-01	   6.4581705129030975e-01	   6.1126570194541818e-01	   5.6555115458108851e-01	   4.4571315795175748e-01	   3.6118422085416829e-01	   1.2654729300548964e-01	   2.3091485901581829e-01	   1.0400558357791079e-01	   4.9260347322770048e-01	   3.1667112068105197e-01	  -4.5857363475876933e-02	  -2.3560132270512069e-01	  -2.3540552200668977e-01	  -3.8392402267156722e-01	  -2.5791800552858124e-02	  -1.3384158131196872e-01	   2.8381359846982956e-01	   1.4142447418083320e-01	   1.4604141201614004e-01	   2.2570221789346875e-01	   1.4640800813299149e-01	   3.8972782159830813e-02	   6.5300123299227786e-01	   4.1993947577802537e-01	   2.3209181719322369e-01	   6.6049409101949522e-02	   7.9001971425692874e-01	   4.1646756638744459e-01	   5.2731555753465020e-01	   4.3255796411140263e-01	   4.8555401284404193e-01	   2.0821050124931900e-01	   2.9919958677909525e-01	   3.6778352316627744e-01	   3.4857836043121487e-01	  -8.1514037349049703e-02	   9.2043957294454221e-02	  -2.2833708975195111e-01	   5.9086992793331383e-01	   3.4699971322710199e-01	  -5.9924593647108941e-02	  -1.0149726482970416e-01	   4.3143851087518101e-02	   9.9175497738867885e-02	   8.3071533001847020e-01	   6.4525259744340935e-01	   7.3861790542234296e-01	   5.8318448471798257e-01	   6.8948509747305131e-01	   7.3894209159447444e-01	   6.3037409811777767e-01	   3.5532898693146692e-01	   2.8344416505475278e-01	   4.9633119847064500e-01	   3.6218566199743846e-01	   5.1348768457929062e-01	  -3.6549772935609279e-02	  -1.0754590594424830e-01	   4.3872124154109837e-01	  -4.2887105672540692e-02	   3.5301706146972994e-01	   3.8319340077135222e-01	   2.0997452581974976e-01	   3.2654775547286519e-01	   9.1500993396969488e-02	   1.8839673478033864e-01	   1.6421063025802221e-01	   2.9355574925796385e-01	   2.4855242539064021e-01	   2.2780978171138827e-01	  -2.1886038532769977e-02	  -1.2568745506977547e-01	   5.1159732470723518e-01	   3.7000463679261908e-01	   2.9527272032589308e-01	   3.3115112132571023e-01	   4.6454353673875992e-01	   1.2187292131551079e-01	
   3.7693947706018038e-01	   2.1708274125047128e-01	   1.0099444038609482e+00	   0.0000000000000000e+00	   6.1907682955643595e-01	   5.4983679356083281e-01	   8.4187097749597295e-01	   1.0545120918210678e+00	   2.4788937624256857e-01	   4.9922267040118762e-01	   3.1484863111941253e-01	  -3.7517092411109274e-02	   2.4405676971947954e-01	   2.1821778577707748e-01	   6.3049275898027746e-01	   6.5515893332918707e-01	  -2.4175729033521116e-02	  -1.2755649571045299e-01	   8.1099858181383833e-01	   5.4408318825348778e-01	   2.7165171930398058e-01	   3.1294240139879614e-01	   6.1338955796247496e-01	   8.0447223059646411e-01	   5.3111972074915692e-01	   5.7822092169308803e-01	   2.3296628757624546e-01	   2.3540743664513078e-01	   6.0982815778919203e-02	   6.9608767555167012e-02	   4.3388747847977738e-01	   5.4916415039542432e-01	   6.2051603110768672e-01	   6.4642145697503794e-01	   5.4588789903846280e-01	   5.9164960979975023e-01	   1.8654091323347685e-01	   1.1267551255181051e-01	   5.7341610958711087e-01	   5.5829011510626358e-01	   4.5209768444156651e-01	   4.4373900089911833e-01	   3.8932949735388661e-01	   1.3885736193811107e-01	   2.9330947570104415e-01	   2.4346268317386299e-01	   5.0411926958691589e-01	   3.6712722919570168e-01	   1.3606487711217452e-01	   3.3390293425191044e-02	  -2.5531788727815650e-03	  -1.0904853271508683e-01	   1.7406659317137549e-01	  -3.3699561702726151e-04	   4.6066296749677815e-01	   2.7085793975816697e-01	   2.8163236604319331e-01	   3.1182840059448991e-01	   3.3625031419917101e-01	   3.0652640324346836e-01	   7.4073602868682287e-01	   6.9081237967665032e-01	   3.4095762927518020e-01	   3.3235539981146406e-01	   6.4901006779699588e-01	   5.9824012825233053e-01	   6.3685443770693528e-01	   5.6256268439794244e-01	   4.9322508298389084e-01	   3.2668215469278711e-01	   1.7225487180227728e-01	   1.9383886306205128e-01	   3.5324215342437365e-01	   4.1994648150799264e-02	   1.5933031812696347e-01	  -3.0128870214274302e-02	   5.1863645502705125e-01	   1.8640044813273682e-01	  -2.8285719594608391e-02	  -7.6927503844902795e-02	   8.9536979315999465e-02	   1.4139055204778886e-01	   6.1144078249764089e-01	   6.1478231337419642e-01	   6.2359471255098298e-01	   6.3629307583657568e-01	   6.1734469356034039e-01	   5.6006635707828212e-01	   7.5387931679775555e-01	   5.9953207156056987e-01	   4.6333523492716600e-01	   4.5574705310542918e-01	   5.9691945092496057e-01	   5.0683343162353633e-01	  -1.1442742926974843e-02	  -1.6090925248847729e-01	   4.4296342533085109e-01	   5.4689777402367717e-02	   5.0539736640988053e-01	   4.4521384190162111e-01	   3.8711827815014255e-01	   4.2834222843255032e-01	   2.0262799949665408e-01	   2.2804596299474994e-01	   1.4778881957025114e-01	   1.8821180156977349e-01	   1.9670088765611177e-01	   2.2003409299590046e-01	   1.2646203544970409e-02	  -4.8186377204800297e-02	   4.5027245938940513e-01	   3.5485234876319988e-01	   4.1808615936860799e-01	   4.2408005688538641e-01	   3.9385579464729303e-01	   6.1863262309997759e-02	
   1.7648305673599471e-01	   2.9525601896283369e-02	   9.6208790809679978e-01	   6.1907682955643595e-01	   0.0000000000000000e+00	   9.3327061650397425e-01	   1.0553450774384132e+00	   5.5151495689766417e-01	   2.8996229395893347e-01	   4.2650607603089025e-01	   3.3612432518308050e-01	  -9.0702465775608157e-02	   2.5063989753871019e-01	  -9.9039540149407686e-03	   4.8000320024507986e-01	   3.9242991666885385e-01	   1.1823096837721099e-02	  -4.7957177507369237e-03	   4.9164199074099590e-01	   3.6329168403812673e-01	   2.4972600238642106e-01	   2.1537296155998906e-01	   4.6853250459941276e-01	   3.8321412118415321e-01	   5.7719540726467455e-01	   5.6127600949457523e-01	   1.9568001859671136e-01	   1.2705305856195251e-01	   2.4313137654180150e-01	   1.3807893156118858e-01	   3.5602697246899573e-01	   2.7400941480025487e-01	   2.9318609435693871e-01	   2.8616144638405616e-01	   3.5308317613274270e-01	   3.3058173442075817e-01	   1.2945624888932161e-01	   1.2961898619816278e-01	   3.3441914194635930e-01	   3.4396548603899646e-01	   3.6728971451442610e-01	   2.3099850946053430e-01	   3.4778120379883903e-01	   1.6617903452680396e-01	   3.1346927734449942e-01	   2.0196854142009818e-01	   4.9460903940143236e-01	   3.5559713203536769e-01	   1.0517135990007381e-01	  -2.8292420117598315e-02	  -4.0931458106111054e-02	  -1.3267210022131598e-01	   9.2070850397626330e-02	  -1.3543188262132277e-02	   3.6065963757611758e-01	   2.2700916468156601e-01	   1.4864275021799556e-01	   7.4105259060195855e-02	   1.9495446386210741e-01	   4.8559506412741517e-02	   7.1270251672087848e-01	   5.2062784878793478e-01	   2.5628208278993486e-01	   1.5347601946238948e-01	   5.5446553304873236e-01	   5.0929401006806463e-01	   3.8118614579634041e-01	   3.3611804012164276e-01	   4.1657780469177591e-01	   2.9943278535790785e-01	   1.9172406466999037e-01	   2.6122824886847990e-01	   2.9616264058917163e-01	   9.5680285006997490e-02	   7.5619087351262604e-02	  -8.1488426407531497e-02	   3.3379009558027362e-01	   1.8414721125954969e-01	  -2.8813142500268063e-02	   1.1928281419434195e-02	   6.8899497508450841e-02	   1.2635423225604731e-01	   4.6914366602399749e-01	   3.1171186166837178e-01	   5.1879361912011379e-01	   3.4177285665140278e-01	   3.1392188138905508e-01	   2.8923838610264152e-01	   5.4254648410418571e-01	   3.6309013817614588e-01	   2.8900466449016549e-01	   4.7955720717193007e-01	   3.8587119743193277e-01	   5.3854354302897423e-01	  -5.0282914000314101e-02	  -4.9795462027896857e-02	   3.0461347436653202e-01	   4.6057358876055221e-02	   3.8217860212745619e-01	   3.5830376495321659e-01	   2.8169001054659404e-01	   3.9666647465896188e-01	   5.8760614931121183e-02	   1.3951447061886682e-01	   1.4539026216394035e-01	   2.1928842692394640e-01	   1.2668765956200539e-01	   1.4900583985198190e-01	  -7.4668151069567049e-02	  -1.2794497082050196e-01	   3.6791377221104482e-01	   4.1715071412971683e-01	   3.3205864639817340e-01	   3.3014416198451374e-01	   3.5202705394689726e-01	   5.9868392249748222e-02	
   1.0106765200351235e-01	   4.8994242680805239e-02	   4.8882236492742248e-01	   5.4983679356083281e-01	   9.3327061650397425e-01	   0.0000000000000000e+00	   5.1035105960915683e-01	   6.0364883901110222e-01	   2.3200666327281527e-02	   6.8805233389491594e-01	   3.0357544199032055e-01	   1.7404362619851405e-01	   1.8776626416715536e-01	   2.3177287871757571e-01	   2.9710048725796306e-01	   4.8085800666162526e-01	   1.8446402460631159e-01	   1.7329409129848050e-01	   3.0575682890419559e-01	   3.9265518823466955e-01	  -1.7858896288469315e-03	   6.3935236991357572e-02	   2.0761708621465844e-01	   3.6811749925690818e-01	   3.1609113343787287e-01	   4.2725236373639958e-01	  -1.6590696087563231e-01	  -1.6722951383972409e-01	   3.2953526541349959e-01	   3.3297864481739331e-01	   2.2575586998971406e-01	   2.0759950565106827e-01	   8.8017611390870484e-02	   1.1910732741952826e-01	   5.5374561394224635e-02	   2.1122985857945251e-01	  -9.2467618606857260e-02	  -5.3702579676321534e-02	   8.2190163349414452e-02	   1.0708035465590714e-01	   1.7469120395827809e-01	   1.9062072188654122e-01	   1.1187779052119656e-01	  -7.6193448092666580e-02	   6.8057025878568725e-02	   3.9421737709028314e-02	   2.0938238263225956e-01	   1.4037029860401057e-01	  -1.0136314703254490e-02	  -7.1427747345130854e-02	  -8.0482161396727453e-02	  -1.1767808828085516e-01	   4.0152743601605249e-02	  -9.8291473395945711e-02	   1.9880289017769365e-01	   9.9757390960677969e-02	   1.1431239580931135e-01	   6.9620050646028525e-02	   1.1735086439162752e-01	   9.1284104518679313e-02	   3.8903231864899829e-01	   4.6684720408709457e-01	   4.5836826506756156e-01	   4.8621385210258461e-01	   1.2306772446542971e-01	   2.9998671387982911e-01	   1.7887111979554479e-01	   1.8032948382950287e-01	   3.2236735403160477e-01	   4.0238926525003366e-01	   4.9500623365737691e-02	   3.4255946350040134e-01	   2.1560592298864792e-01	   2.2646467977852980e-01	  -3.3530909731097652e-02	  -7.4030680597731366e-02	   1.8687724373399980e-01	   1.0635361151265918e-01	   6.2339273734944092e-02	   1.2163738954474981e-01	   2.8878214210119096e-01	   2.9381871388842778e-01	   3.4429327140877780e-01	   3.1766150564352685e-01	   2.6715857587614145e-01	   2.4196297413476892e-01	   1.0696835017893591e-01	   4.3114362368021103e-02	   3.1086356312625402e-01	   2.0682387661040566e-01	   1.3124192950222371e-01	   1.8473267497420107e-01	   2.2410727252943283e-01	   2.1235798043137366e-01	  -1.4189099219817419e-01	  -7.9217337525829393e-02	  -3.1249321312646996e-03	  -1.7097191036197914e-02	   2.8184154690709085e-01	   1.8380597315472644e-01	   1.2595713486550264e-01	   1.4566621860693343e-01	  -7.7779037737772103e-02	  -3.5643507978384781e-02	  -6.7957723357315813e-02	  -5.0622934050740351e-02	  -8.6615781614434409e-02	  -8.1776825522769575e-02	  -8.1298548907465684e-02	  -1.2279383865657698e-01	   7.3004412258360546e-02	   1.7589536415807283e-01	   1.9060009424556704e-01	   4.3288562462206270e-01	   2.2210377239328244e-01	  -2.5762182724538091e-02	
   3.7724549974925081e-01	   8.7207557685427206e-02	   9.4780180897338762e-01	   8.4187097749597295e-01	   1.0553450774384132e+00	   5.1035105960915683e-01	   0.0000000000000000e+00	   9.1518843214014722e-01	   5.6273285474038948e-01	   4.7628521792969458e-01	   5.1231690663544027e-01	  -7.2551291285562813e-02	   5.4381765240082103e-01	   8.6066514594367816e-02	   5.3416797034805641e-01	   4.8900266378507939e-01	   3.2396029295997497e-02	  -1.5203615048801170e-02	   6.5018406331478107e-01	   4.5221514543287555e-01	   1.7459167838675957e-01	   1.3432550688826486e-01	   3.8652196493745417e-01	   3.4509568130929230e-01	   4.2871316144911986e-01	   4.4299211489579648e-01	   2.6283301880179338e-01	   2.5177564337221664e-01	   1.3011894769528515e-01	   1.0018504117342016e-01	   2.9522013345865938e-01	   3.4858889421120692e-01	   6.4304263344778767e-01	   6.9131375423377617e-01	   6.3037959673331911e-01	   6.3511648638011176e-01	   3.9949204597965908e-02	  -3.1179629100351436e-02	   3.2289256033307118e-01	   3.3490635325435969e-01	   3.1053585407133172e-01	   2.1728861746900899e-01	   4.4020121296832460e-01	   2.3519329608757938e-01	   4.5807962021511606e-01	   3.5391854474596635e-01	   5.1956937609205800e-01	   4.0346644163721362e-01	   2.2035569052977411e-01	   1.0944057856010540e-01	   1.0518904768228897e-01	   1.6696753542252498e-02	   1.6669032861210836e-01	   2.2023499592632026e-01	   3.3295692126088011e-01	   2.1210161615752998e-01	   2.0795797036580460e-01	   1.5156352928468730e-01	   2.5059670494965969e-01	   9.7256361691468840e-02	   1.0306999070602487e+00	   7.7075538307829894e-01	   3.4098397337276798e-01	   2.8245045994589146e-01	   8.6760032614208882e-01	   8.3764333553602477e-01	   6.3432652435550074e-01	   5.4431184015124678e-01	   4.7842064253337002e-01	   4.1414786300300815e-01	   1.3325265482186713e-01	  -5.9739063700720262e-03	   4.0727837726389049e-01	   1.0568609397486362e-01	   2.6939909740912910e-01	   1.3599823599584973e-01	   3.4562264585283015e-01	   1.9249509604799288e-02	   2.8945582511828792e-02	   9.0255919037128766e-03	   9.6915529593550501e-02	   1.5835448603527669e-01	   4.4415835662856734e-01	   4.2792193506827159e-01	   6.2665983525902602e-01	   4.9639320509278440e-01	   4.2137028135255972e-01	   4.2926185115165288e-01	   6.1887217812232853e-01	   5.0780467691093767e-01	   5.1281307821478117e-01	   6.7876682490754936e-01	   5.9083092832919226e-01	   7.2022146813944832e-01	  -7.3657757071854957e-02	  -1.4365047651000726e-01	   3.1365415515533457e-01	  -2.3360585560420893e-02	   4.3737259855096144e-01	   4.1542053756479214e-01	   4.4482962665096953e-01	   6.5754398133079250e-01	   2.5320920899794142e-01	   3.8266456255522457e-01	   2.4500679953602497e-01	   2.9776252235956729e-01	   1.8454072308910688e-01	   2.1838803162641657e-01	  -9.7516611225781133e-02	  -1.4855738453210443e-01	   4.7539669382630240e-01	   5.9511951013657760e-01	   4.8627703670107353e-01	   4.3789353579320578e-01	   5.2146438048752153e-01	   1.8301798205201364e-01	
   4.2112203053813180e-01	   1.7885461858536730e-01	   4.6135568903650143e-01	   1.0545120918210678e+00	   5.5151495689766417e-01	   6.0364883901110222e-01	   9.1518843214014722e-01	   0.0000000000000000e+00	   4.2180934260776720e-01	   8.1197010666054381e-01	   5.8106135877123777e-01	   2.4898947401845503e-01	   6.2947110308302179e-01	   4.4122212554315560e-01	   3.2427251964413528e-01	   6.2992817115521005e-01	   4.1150902700727070e-02	   1.7575883518795327e-02	   5.0826698288225813e-01	   5.1341466843377659e-01	  -4.5712327619360386e-02	   7.0952468472607180e-02	   1.5527643076461312e-01	   3.6801517570005199e-01	   1.7408258993519762e-01	   2.1434360823858761e-01	   5.0388038712650518e-02	   1.6545650783154417e-01	   9.7313515704705353e-02	   1.5050804470354515e-01	   8.0244538088711528e-02	   2.2721679744968865e-01	   5.1749008584228462e-01	   6.7773911799099162e-01	   4.1209045211877166e-01	   5.5388721183308520e-01	  -1.3239431092878159e-01	  -1.7664593783953339e-01	   1.8590464166090095e-01	   2.1431015840780671e-01	   1.4039940686048399e-01	   1.8376356314694076e-01	   3.3339220793592889e-01	   1.4769082797761432e-01	   3.6951843147984242e-01	   3.8946690115949817e-01	   3.7754828166307886e-01	   3.0719643494098237e-01	   3.2466746554479387e-01	   3.5034270601463269e-01	   3.2664861276899343e-01	   2.7182299317725744e-01	   4.1317030572516233e-01	   3.3743947625744686e-01	   4.6458936340535506e-01	   3.4640378265430422e-01	   2.4502180076913499e-01	   2.1641821938933911e-01	   4.0072407561559426e-01	   4.1441779596351819e-01	   7.7119292279804819e-01	   9.2383384162633098e-01	   4.2509226536030309e-01	   5.8773719956800330e-01	   4.6579874438548374e-01	   7.8155202533033274e-01	   5.8156549659110468e-01	   5.5210863120308662e-01	   4.5328573670707306e-01	   5.3880882414748432e-01	   7.1232409408160766e-02	  -4.9564310637959734e-02	   3.4212632189203651e-01	   3.2064161084216469e-01	   1.9389530981752615e-01	   3.0928969355679908e-01	   2.4543423083690888e-01	  -2.7303878737349584e-02	   1.9422555581625627e-02	   2.9896585332652981e-02	   1.5468077965191082e-01	   1.9263733260256405e-01	   2.8006768229123963e-01	   3.7242907661608593e-01	   4.3618803747789237e-01	   4.6765335948776127e-01	   2.7088498463990546e-01	   2.3464869404818309e-01	   5.6499832365947511e-01	   6.7408708189227018e-01	   5.4469157751923569e-01	   4.4197607118785753e-01	   6.4606506268528119e-01	   4.5321386689951609e-01	  -4.6981388341538616e-02	  -1.5003666028966123e-01	   2.2481508214350077e-01	   8.9717797414010772e-02	   5.0841329670968904e-01	   3.8739650575066281e-01	   4.8795744530700202e-01	   4.9735034146133250e-01	   2.5170223584665197e-01	   2.5621843763131591e-01	   1.6931514442159637e-01	   1.0256955220627281e-01	   1.5201019235741955e-02	   7.3513966375677614e-02	  -4.9651418720009784e-02	  -4.4215095225111370e-02	   2.6689904837307210e-01	   3.7843512176583727e-01	   5.1400050337562542e-01	   4.3355890080029902e-01	   2.7554054862475080e-01	   1.4137094663441784e-02	
   1.7872233765948528e-01	   3.2593585632586713e-02	   2.2002366297814396e-01	   2.4788937624256857e-01	   2.8996229395893347e-01	   2.3200666327281527e-02	   5.6273285474038948e-01	   4.2180934260776720e-01	   0.0000000000000000e+00	   6.0726512560751067e-01	   1.1887508354359172e-01	  -5.4906662060941781e-02	   3.9717861092326112e-01	   1.6566203259598639e-02	   4.0501348325986897e-01	   3.8754516487799628e-01	  -1.9529519676547644e-01	  -1.3471299286203445e-01	   3.3708121981087052e-01	   2.6286450599357714e-01	   1.1931845620334093e-01	   4.3633582133800836e-02	   1.3637483308364990e-02	   6.0898075381181589e-02	   1.8070578245829005e-01	   1.0019429468543077e-01	   3.8994022573633991e-01	   5.9348365426638561e-01	  -7.2084699987671044e-02	  -7.1070364632047259e-02	  -1.0900663128623522e-01	  -3.7014828595938347e-02	   1.2667759224882369e-01	   1.5442665295809629e-01	   5.2944553080642731e-01	   4.8046915650060407e-01	  -1.3614486344580534e-01	  -2.0877462880246522e-01	  -8.5052518968842389e-02	  -6.4834600476423337e-02	   1.1398832357516729e-03	   7.9352791571440633e-03	   2.8621381031703491e-01	   1.5312038340549619e-01	   1.9985576446538980e-01	   2.5576196457272155e-01	   3.0636338739738694e-01	   1.9940228401424565e-01	   3.2163999899503248e-01	   3.0312868847424723e-01	   5.7838476977017084e-01	   3.9450105682016723e-01	   6.8245972308554603e-01	   6.9755707078555473e-01	   2.9186988231772865e-01	   1.9713244965233834e-01	  -5.3646020064162324e-02	   1.1791287605006024e-02	   2.4232827718987490e-01	   1.7183537498180118e-01	   2.9790537031334291e-01	   4.3509799077102551e-01	  -2.8245892944341966e-01	  -1.6861944029294759e-01	   5.4404080670209964e-01	   6.8286866074557739e-01	   4.0843848316411818e-01	   3.7595023461966143e-01	   3.9685695643869306e-01	   4.8789184087782594e-01	   4.5805980689562195e-02	  -4.3874791219566855e-01	  -6.0003404068783329e-02	   1.1707926044864911e-01	   1.8753112109152960e-02	   2.7399761950061607e-01	  -2.7183480570458973e-01	  -3.5044784049227484e-01	  -9.8450563475949937e-02	  -6.0593480735891228e-02	  -2.1136765076590121e-02	   8.8428764602592760e-02	   9.0877376418939670e-02	   1.6107526986687057e-01	   6.3711764368414392e-01	   4.7450682335016237e-01	   2.5439774440292773e-01	   2.7658902647633182e-01	   3.1616926431342712e-01	   4.7989682530413968e-01	   7.7683236904258446e-01	   6.9214666884422238e-01	   8.2153752964730797e-01	   7.3758734599226394e-01	   3.1015350237606286e-02	   6.8677956724026767e-02	   1.9689781665638867e-01	   1.7073120014109433e-01	   3.2838304529607981e-01	   3.2572930125598371e-01	   5.5881273282090393e-01	   6.5236120855824442e-01	   3.0098702364042851e-01	   3.9558222616562116e-01	   1.8822757507017301e-01	   1.3382717730598925e-01	  -5.3881542466342712e-02	   1.3610017042920436e-01	  -1.9127808732570473e-01	  -6.5973481891926880e-02	   3.1756004001724225e-01	   6.3132433182060521e-01	   6.3290679476041301e-01	   3.8211925658875601e-01	   3.2324363868488398e-01	   1.2592057589843297e-01	
   7.3133902306840637e-02	   2.1219115532615809e-02	   2.0747654359484269e-01	   4.9922267040118762e-01	   4.2650607603089025e-01	   6.8805233389491594e-01	   4.7628521792969458e-01	   8.1197010666054381e-01	   6.0726512560751067e-01	   0.0000000000000000e+00	   1.4803058469065447e-01	   1.2804543097591448e-01	   3.1869075915117168e-01	   2.7289245882059265e-01	   1.7664454520563577e-01	   4.5712060831804902e-01	  -7.6703047837313826e-02	  -3.4223947571718233e-02	   1.6602972106597408e-01	   3.0729756324858354e-01	  -9.0670025532224419e-02	  -3.2799002313316811e-02	  -4.7528564925492768e-02	   1.9953240938856293e-01	   1.4880845737647860e-01	   1.3904416810990486e-01	   4.6939543595271645e-02	   1.7446382181905484e-01	  -3.6050242877611836e-04	   1.0753407994785302e-02	  -1.4493325300326740e-01	  -1.8236801573293604e-02	   8.2290338472891314e-02	   1.8743785452071549e-01	   2.8858454000067202e-01	   3.7910864581358256e-01	  -2.7750396765911345e-01	  -3.1540560889270886e-01	  -5.9744756184654010e-02	  -1.3799261856525696e-01	  -1.1046541834678512e-01	  -6.8225083779176368e-02	   1.3958973083976250e-01	  -2.9928636478649764e-02	   1.1845168216141569e-01	   1.5739740851298256e-01	   1.3290306051824272e-01	   1.2245449954551325e-02	   3.1090414686799045e-01	   2.3356421474878897e-01	   4.8825446767013658e-01	   2.5518077456618771e-01	   5.0494746293544090e-01	   3.5877109672703839e-01	   2.2394989467421400e-01	   7.1205366860686833e-02	  -3.5299132340102603e-02	   5.9326200061202400e-02	   3.4756964075457120e-01	   3.6605524783711124e-01	   4.0466161192012351e-01	   6.6952485298443754e-01	   8.7685176841249851e-02	   3.2411232547743124e-01	   3.2782866990347570e-01	   6.6958496839346515e-01	   4.2579973322633374e-01	   4.2014688183625076e-01	   3.9142255446548679e-01	   6.6890559698022167e-01	  -8.4106482869265947e-02	  -2.1691883481320839e-01	  -1.0487776793121781e-01	   2.0576583526947745e-01	  -2.1084014292562214e-01	   1.6961362034519950e-01	  -2.3487576167698240e-01	  -3.0349083532194560e-01	  -4.7723363388390852e-02	   1.9342853454855719e-02	   8.7868583800880612e-02	   1.3312967368511236e-01	  -3.0501507587022952e-02	   7.3492780670077112e-02	   3.5406417675556828e-01	   3.3423777426842854e-01	   8.8639161907280911e-02	   6.4806182548856048e-02	   3.5466059316182214e-01	   4.2185770745387779e-01	   5.8031185472799252e-01	   4.5590221290002619e-01	   7.1038048688564104e-01	   5.4889578476166112e-01	  -2.7823349898480461e-02	  -1.1021651809671145e-02	  -2.6563459717732843e-02	   1.1445406464807227e-01	   2.3735816191186238e-01	   1.6613334987803924e-01	   4.9998117020823019e-01	   5.0034927282515296e-01	   2.0566190518327254e-01	   2.2588483932954614e-01	   1.5285893276296456e-01	   1.0400818138119727e-01	  -7.2729648448335432e-02	   1.2461561502311747e-01	   9.2235955069826958e-02	   5.5377478832990837e-02	   4.9366316824403990e-02	   3.0558703764699002e-01	   3.8277260089761389e-01	   3.3025215986683609e-01	   1.3491703526487689e-01	   2.5054652688128048e-02	
   5.2572077952553098e-01	   2.2397685095754161e-01	   1.7996647516902381e-01	   3.1484863111941253e-01	   3.3612432518308050e-01	   3.0357544199032055e-01	   5.1231690663544027e-01	   5.8106135877123777e-01	   1.1887508354359172e-01	   1.4803058469065447e-01	   0.0000000000000000e+00	   7.0663381193844976e-01	   1.1372590542263750e+00	   8.0281725213778143e-01	   3.4014977042744332e-01	   5.1730449357578068e-01	   4.3186884106850931e-01	   3.7365100040814847e-01	   3.1282321541933683e-01	   3.2932259029361532e-01	  -1.5411953903641490e-01	  -7.5123859188236095e-02	   1.4150040179222817e-01	   1.8267917235753928e-01	   1.8627473195398167e-01	   2.1658584553348587e-01	  -1.2506367877212846e-01	  -6.1709113120987223e-02	   4.3446364608090704e-01	   4.7190536152416396e-01	   2.2093440580797946e-01	   2.5103095240372958e-01	   3.5089769653538166e-01	   3.5165996662647347e-01	   1.3350583987898748e-01	   2.3945361541282584e-01	  -4.9156412743644774e-02	  -2.6161342522118700e-02	  -2.1466544449511682e-02	   7.1961174480313417e-02	   9.8637470849016209e-02	   1.5031483677403146e-01	   3.2344237147987448e-01	   2.3518246297208611e-01	   3.1036117077788472e-01	   3.1962630466629099e-01	   3.0033667409988707e-01	   3.4722624829932203e-01	   2.6195977157889333e-01	   3.1880579409808257e-01	   3.2462162087263491e-01	   3.9439672049957630e-01	   4.2375237311295233e-01	   3.5794473429459556e-01	   4.0417457591887823e-01	   4.5021384972990997e-01	   2.9338980573076556e-01	   1.7167431215458154e-01	   1.0580552331807894e-01	   8.4222175352614073e-02	   3.3810073123599244e-01	   2.1312282957559600e-01	   7.1336218414190466e-01	   4.8960727582533065e-01	   1.4882323037621314e-01	   1.7430706798802542e-01	   2.7369837946337849e-01	   2.3964114348656360e-01	   1.6487489526384183e-01	   2.3161439526886729e-01	   1.4580619781460688e-01	   1.1629392960117660e-01	   5.6882222860966414e-01	   4.3914962942960850e-01	   5.3587654792760309e-01	   4.7115019000182157e-01	   4.3064704502752799e-01	   1.6409239791317148e-01	   3.1043280842688747e-01	   2.8505939991547535e-01	   4.6685650728751971e-01	   4.5872288995875243e-01	   3.5236097790496929e-01	   2.5105915818361391e-01	   3.6326792339276903e-01	   4.2238190968050610e-01	   4.2688669709896564e-02	   7.3857283846449628e-02	   2.2306729558094507e-01	   3.3135055936103874e-01	   7.1052855229275392e-03	   1.1853315372845735e-01	   1.5533827873525349e-02	   2.2624921790266917e-02	  -2.2490435649691121e-01	  -2.8416873146424021e-01	   1.9162001630889044e-02	  -5.1426380879682959e-02	   3.3178915622772120e-01	   2.8848030800661634e-01	  -2.3727535030276019e-02	   8.8250132954045088e-02	   4.5906001644908434e-02	   6.0958079671614603e-02	  -5.7605831007234494e-02	  -1.2105292477700033e-01	  -9.7320684860072587e-02	  -2.3903814500709100e-01	  -3.1922541528164539e-01	  -2.0863947716703099e-01	   9.1838686325175944e-02	   2.8874814409589289e-01	   2.6920509917331797e-01	   3.0190703755298492e-01	   2.5150077878497440e-01	  -1.0283445791697804e-01	
   3.8567112279542110e-01	   3.6622255947063864e-01	  -2.3149010080906895e-01	  -3.7517092411109274e-02	  -9.0702465775608157e-02	   1.7404362619851405e-01	  -7.2551291285562813e-02	   2.4898947401845503e-01	  -5.4906662060941781e-02	   1.2804543097591448e-01	   7.0663381193844976e-01	   0.0000000000000000e+00	   6.6035991814189732e-01	   1.1508433790611341e+00	   5.9429200113168656e-02	   3.2275720278272646e-01	   3.2931167266430711e-01	   4.0454523582171964e-01	   2.7564093743947273e-02	   2.6875729551241873e-01	  -3.5512766622585917e-01	  -1.3711599816412579e-01	  -1.0046267752551280e-01	   4.8693237425215044e-02	  -8.8785921137981474e-03	  -1.1081080499862320e-02	  -1.7860026131426276e-01	  -5.1899787186025288e-02	   3.1200756887874570e-01	   4.3262912312254020e-01	  -2.6258950670576237e-02	   2.4787094388384567e-02	   1.1908133007133825e-01	   1.1060156358166694e-01	  -3.9465625817460735e-02	   2.8369242425368226e-02	  -3.5885053554895907e-01	  -2.8478663601653886e-01	  -3.0570047927850680e-01	  -2.1897344518406503e-01	  -2.6713188513707614e-01	  -5.6064547858976847e-02	  -6.8845008707845851e-02	   7.5374422702946678e-03	   3.1879560967835355e-02	   1.4588608131776787e-01	  -1.2640490396681978e-01	  -7.2121598967546108e-03	   1.1993961403515351e-01	   3.3713047171826344e-01	   4.2986654905948712e-01	   5.2220707209731310e-01	   4.5357398347235084e-01	   4.4103950433477629e-01	   1.7920974228874517e-01	   2.9813280360936406e-01	   1.7811783090137928e-01	   2.1219418392600078e-01	   1.1208185763105491e-01	   2.3807578887739006e-01	  -5.2095993459062011e-02	   5.6896336595293482e-03	   4.4281190474598497e-01	   5.0557303957001831e-01	  -2.3265278015869384e-01	  -1.1434412330594725e-01	   7.3898651011633551e-02	   5.4159735107241647e-02	   1.0202424895364114e-01	   2.5254127247787367e-01	  -1.0297558508279789e-01	  -1.2062409709774423e-02	   2.7613553939322438e-01	   5.3157387129167288e-01	   2.9191494202534457e-01	   5.1907966627263546e-01	   8.9850463029739494e-02	   5.8015078428380266e-02	   1.7611229701415454e-01	   2.1272210120269672e-01	   3.9554058087900479e-01	   3.3781077738374865e-01	   3.6294726297779488e-02	  -5.2941207105994849e-02	   7.7967085681758419e-02	   1.7323173995347435e-01	  -9.7960608795634813e-02	  -8.8933986155492362e-02	  -1.9807860276085849e-02	   2.0958166379736895e-01	  -2.2676842275397285e-01	  -2.5914494089188828e-01	  -1.8433502014701506e-01	  -3.1428429977229211e-01	  -1.2486206365304287e-01	  -4.6345992904267684e-02	  -2.2447483469702134e-01	   6.2564850478303444e-02	  -3.5641609754173076e-02	  -8.3899200186057413e-02	  -1.0510910835897322e-01	  -1.9094532948405543e-01	   2.4017248063260992e-02	  -7.1455220924858426e-02	  -8.0684234070519889e-02	  -2.1781139160776941e-01	  -2.5391442343661502e-01	  -1.8982170085520705e-01	  -3.0010048053621163e-01	  -1.7502262383545245e-01	  -2.8689633650152180e-01	  -8.1221913271339125e-02	   4.0522881043424967e-03	   1.3123117323726505e-01	  -7.8945293524901886e-02	  -1.5729209443863146e-01	
   4.2804141829088610e-01	   8.8190056417081497e-02	   3.8742766987356257e-02	   2.4405676971947954e-01	   2.5063989753871019e-01	   1.8776626416715536e-01	   5.4381765240082103e-01	   6.2947110308302179e-01	   3.9717861092326112e-01	   3.1869075915117168e-01	   1.1372590542263750e+00	   6.6035991814189732e-01	   0.0000000000000000e+00	   9.0770664188124117e-01	   2.7338317193592915e-01	   5.2734318186883478e-01	   2.7525881179300099e-01	   2.5694446640601137e-01	   1.3479857272182369e-01	   2.0621652385997905e-01	  -1.7882972241116551e-01	  -1.0670509524340782e-01	   3.4992107547000557e-02	   1.2960533170228744e-01	   1.8460000313501232e-01	   2.2127894736320050e-01	   6.9452450128545562e-02	   1.9597272040683397e-01	   2.2415656116792843e-01	   2.7142821923828819e-01	   4.0786554703652257e-02	   1.3067696968865006e-01	   3.7543957360589603e-01	   3.8477878865952886e-01	   2.6972229004463510e-01	   3.5685395301088835e-01	  -1.2914213727709087e-01	  -1.6462219464156022e-01	  -9.1989100005599622e-02	  -2.0333293463558392e-02	   1.2470758536782549e-02	   6.3590592374197291e-03	   3.8318858846541481e-01	   2.9759031074427617e-01	   3.9288290837130069e-01	   4.0839031034688711e-01	   3.1018056545408762e-01	   3.5129726457611726e-01	   4.2935587377139500e-01	   4.7275440390466128e-01	   6.1588007239019982e-01	   6.1438072870801397e-01	   5.4045788648123549e-01	   6.1529533051652863e-01	   3.7058025040717246e-01	   3.6649627532422679e-01	   1.5062953663549788e-01	   9.2225908140006370e-03	   1.4172431661589385e-01	   8.0082271428551677e-02	   3.0193668717712663e-01	   2.3293936695694756e-01	   4.5839182451047639e-01	   3.2487335720972493e-01	   2.8523051203091676e-01	   3.7327174403017560e-01	   3.6960560319575031e-01	   3.1456648359558714e-01	   1.7484675334369390e-01	   3.0504665267658293e-01	  -2.6588172136574034e-03	  -1.4587553134935513e-01	   3.7908363069209849e-01	   3.3513863730712135e-01	   3.6286505748317771e-01	   5.1226613835552204e-01	   1.3694042582630844e-01	  -1.5771798645293000e-01	   2.3098610167235273e-01	   1.8644902179102274e-01	   3.4658640231648213e-01	   3.6631753321270394e-01	   1.4604992560689894e-01	   1.0027304009809404e-01	   3.8987783136157761e-01	   4.5286709236853112e-01	   5.5151762520013324e-02	  -3.8884107887347625e-03	   2.5708089014362745e-01	   4.4217022740785644e-01	   2.1479443473847526e-01	   2.4491146787308365e-01	   2.6726360976266789e-01	   2.2155503178378147e-01	  -2.6116293461726181e-01	  -2.2230111783796516e-01	  -2.7823136259979677e-03	  -3.7409671400126972e-02	   2.6240266383350064e-01	   1.7887658501617887e-01	   1.4305175849684876e-01	   2.5633726506413618e-01	   1.7204090280857678e-01	   1.6332040052329766e-01	   5.4248404829964555e-02	  -1.3527959660591792e-02	  -7.4175580203623900e-02	  -1.5366746137873336e-01	  -4.1764977536393910e-01	  -2.6716223299170189e-01	   9.0500868831533132e-02	   3.5683637462054807e-01	   3.1383256094436607e-01	   2.9309897649185374e-01	   3.0189436031124173e-01	  -1.7961088668047250e-02	
