   0.0000000000000000e+00	   1.5884084166253589e+00	   7.3923981222037460e-01	   7.7380736406671335e-01	   1.0416317868076945e-01	   3.4589648283879376e-01	   1.0565614664383447e+00	   7.2400538107575552e-01	   1.4735395642112931e-01	   1.3216710465143522e-01	   7.6479279274912693e-01	   7.0643130764826512e-01	   7.4626724516436493e-01	   5.9458117327529991e-01	   4.1290863473607203e-01	   6.8522457142518511e-01	   7.1972844742094155e-01	   7.5591318061220603e-01	   1.3355960867675549e+00	   1.1009309877596565e+00	   2.4483625308932655e-01	   5.1280890647798705e-01	   6.0837337846410688e-01	   6.6834210334019362e-01	   1.8155983788641145e-01	   3.1907834976783933e-01	   2.2408960510599588e-01	   4.2095462615729573e-01	   5.3362402334955061e-01	   5.3388258050377924e-01	   5.7490240730153708e-01	   5.3027676323347395e-01	   9.8118644276669609e-01	   7.3801203577409491e-01	   1.3679074995779186e-01	   3.6259871659650256e-01	   1.9329226671618444e-01	   2.9626972502240007e-01	   6.5369904620153285e-01	   8.2476495969020880e-01	   5.6631818391670097e-01	   6.2866462697040282e-01	   6.5498556874633018e-01	   5.9915817922347403e-01	   6.1926621383344904e-01	   6.1309817864214144e-01	   6.9238573478769838e-01	   6.4429164410143791e-01	   9.2358516448825567e-01	   7.0642787402473994e-01	   8.6890192816719503e-01	   6.3241766462071902e-01	   9.0839580846044310e-01	   4.3927491550888487e-01	   8.9248171590929837e-01	   9.0195661533038529e-01	   1.5705201113068070e+00	   1.3826956336417606e+00	   1.1166225031000383e+00	   1.0107411509856465e+00	   1.0032588821134387e+00	   8.3163621849698521e-01	   9.8185653311582455e-01	   1.0941193914072718e+00	   4.0143123396425034e-01	   7.7416843275466318e-01	   8.2755401936004236e-01	   7.5693105001506766e-01	   8.6140864635134029e-01	   8.2654104410554829e-01	   8.9132726539973706e-01	   8.1495384600897602e-01	   7.0874268484625635e-01	   5.2798393326982906e-01	   5.8818501855375915e-01	   5.4664075524885358e-01	   8.0280129845838555e-01	   8.2839319363556729e-01	   6.7641489407226840e-01	   7.4607481358275152e-01	   8.1964830339255323e-01	   8.9982099066739885e-01	   6.7082909173942951e-01	   8.7543868964009830e-01	   4.5798484094622061e-01	   7.8905707004788750e-01	   4.4387933798719320e-01	   7.0082529396549009e-01	   8.0160280038594234e-01	   8.7038368532783150e-01	   6.1804164770213832e-01	   3.5465864847667683e-01	   5.4824980934396639e-01	   4.5823422583983542e-01	  -5.4786375600605668e-02	   3.7464463975098294e-01	   7.9643300249591786e-01	   8.5952866902155223e-01	   1.1772567920555526e+00	   1.0551562416234457e+00	   6.6011135755572770e-01	   8.0733670887286790e-01	   5.1363496513984486e-01	   6.8348182879502506e-01	   3.7025020757849841e-01	   4.1509895482113207e-01	   4.5939213196650586e-01	   5.1825213092944344e-01	  -3.6432133148746748e-01	  -2.1394350781640822e-01	   5.6166979885172397e-01	   6.6018157802516142e-01	   6.6178406768955778e-01	   5.8246268002278723e-01	   3.3658043684064565e-01	   2.2736302490010829e-01	
   1.5884084166253589e+00	   0.0000000000000000e+00	   5.7737575216390957e-01	   5.9670541922448894e-01	  -1.0409924302081042e-02	   2.0907179139241083e-01	   9.0182775753930111e-01	   5.3082868393705240e-01	   1.9007914617447344e-02	   5.1209789313784388e-03	   5.8343217835045036e-01	   6.1460942264436003e-01	   5.1924605664336720e-01	   4.7702537854985883e-01	   3.2972509582973009e-01	   5.6632273362695973e-01	   7.0616802378304433e-01	   9.2275853548587250e-01	   1.0674911631960131e+00	   9.9642577138547461e-01	   2.6208284854293384e-01	   5.3454463122639095e-01	   4.7887797492862627e-01	   5.2520882445264072e-01	   6.0522758664759903e-02	   1.6422116030856654e-01	   2.0173906467579394e-01	   3.7676027253548666e-01	   4.5645356845544116e-01	   5.7961690217909845e-01	   4.9262768407563529e-01	   4.7959020298927341e-01	   7.4293131686178460e-01	   5.8275096262113457e-01	   1.0315353461680448e-02	   2.2712792248127278e-01	   1.9314284317121000e-01	   2.6655787948976817e-01	   6.1962790904131582e-01	   8.1037045847044620e-01	   5.5734122479342296e-01	   6.4868964788523820e-01	   6.7254305539817005e-01	   6.2707609081285098e-01	   6.5182437095850965e-01	   6.6470114842197936e-01	   6.6796097696665846e-01	   6.3963962381912687e-01	   8.5900959018440504e-01	   5.7675447073130803e-01	   6.0510480309532877e-01	   4.3740943821444700e-01	   6.1939001293957086e-01	   2.7153200041479048e-01	   7.2712618799241058e-01	   8.1283103342756680e-01	   1.2494813659182087e+00	   1.1203261844119681e+00	   8.4560995646375847e-01	   7.7748614190492593e-01	   7.7328020626566096e-01	   6.2299521325881546e-01	   9.4679845018342190e-01	   1.0630090554596772e+00	   3.4495431821492922e-01	   5.7217401527511846e-01	   5.8032416565915690e-01	   5.6295985131859383e-01	   6.8814321430678127e-01	   6.1371298564566201e-01	   7.7673559459844155e-01	   7.0901352168209342e-01	   5.9566555465797000e-01	   5.1190363472185985e-01	   6.5054498827893992e-01	   4.2645099224014521e-01	   6.3504025897816940e-01	   6.8075462682563170e-01	   6.5356336045229180e-01	   6.8467829907789401e-01	   7.8864243128569345e-01	   8.5606752840352829e-01	   6.8898776020023178e-01	   8.8717507663233497e-01	   3.4490808607655937e-01	   6.7579988579753092e-01	   4.9106724454286088e-01	   7.1017463578565354e-01	   6.5998522158159634e-01	   6.7935633168849596e-01	   4.6237191226149715e-01	   2.1093016511776097e-01	   3.3937465827698715e-01	   3.1985428878829558e-01	  -9.2609191865259066e-02	   3.9189789649328127e-01	   7.1652803350705163e-01	   7.6617287697301728e-01	   1.0186780069391297e+00	   9.7701802604563914e-01	   5.8352512680779389e-01	   6.8081197618576084e-01	   4.5315897320795884e-01	   5.9706808546305190e-01	   3.0790363375365104e-01	   3.2411889313050352e-01	   4.5057839914824954e-01	   5.2348281841855127e-01	  -3.6290330714648128e-01	  -2.1215137939870995e-01	   4.4901314031995454e-01	   6.1510048258609129e-01	   5.0931984888141346e-01	   5.1932767791851608e-01	   2.6172256258556859e-01	   2.1223225673855109e-01	
   7.3923981222037460e-01	   5.7737575216390957e-01	   0.0000000000000000e+00	   1.0394327426723844e+00	   2.9492479476468153e-01	   5.3798927036972444e-01	   1.3124124697167152e+00	   9.8650202612157700e-01	   2.9425413615176310e-01	   2.8383756189421594e-01	   5.2086344773894222e-01	   6.4849508995724714e-01	   6.6708221357155995e-01	   4.9755890021827831e-01	   3.4159670496484867e-01	   5.9895385213555674e-01	   2.7485745758449459e-01	   3.5526440173218943e-01	   9.0765662805278147e-01	   7.7532044332358441e-01	   2.7216502509536722e-01	   4.3225524099789087e-01	   1.0526412632564868e+00	   8.6369533770393236e-01	   5.4030253522822891e-01	   5.8545035381797761e-01	   3.7384590764260922e-01	   5.0485393197300532e-01	   4.2738842644357167e-01	   3.8965064163686353e-01	   8.9792178111121201e-01	   8.0308443707537602e-01	   7.7998630621852827e-01	   7.4517639472958208e-01	   7.6813183977139232e-01	   8.8987056457075853e-01	   2.9022019736704352e-01	   1.9027413709946150e-01	   3.3525119844325518e-01	   4.8354775484651991e-01	   3.5904409763395256e-01	   5.5357764157384270e-01	   3.4263114098607100e-01	   2.9233948942395249e-01	   4.5700425890895169e-01	   4.1490387570863929e-01	   4.6404996444591989e-01	   3.9225697512130059e-01	   6.2322000264075494e-01	   6.6460573910155196e-01	   8.3713685338842780e-01	   6.8873169633520692e-01	   8.1469273017654065e-01	   6.4071763796032866e-01	   5.4063013077857558e-01	   4.4084228082648158e-01	   5.7011112408056164e-01	   7.7222139308692106e-01	   9.9650295331745686e-01	   8.7060601405243487e-01	   8.1412632073017632e-01	   7.3444641834128976e-01	   4.6398811758688863e-01	   6.1139323568244985e-01	   7.9734491210693426e-01	   9.0590666373098694e-01	   1.1395443788976294e+00	   9.9232562471164287e-01	   7.4213022852375377e-01	   8.4865798532143721e-01	   7.6069880472343088e-01	   7.9769533710566676e-01	   5.9545347590904318e-01	   4.3402721181092963e-01	   4.3842816907699911e-01	   6.3451089036238284e-01	   8.3231849391664814e-01	   7.6931568562484864e-01	   3.4867547060838194e-01	   5.1440889324968331e-01	   5.2553326897735864e-01	   5.8624397677684603e-01	   4.3001978977340577e-01	   5.4074568913789534e-01	   6.5397348675082279e-01	   6.0656138124543624e-01	   2.4784077772595459e-01	   3.0381252375830325e-01	   5.9270973443035346e-01	   6.1716921482837750e-01	   6.9381163536907065e-01	   5.8517713882497957e-01	   7.1077582558747454e-01	   5.1739785024594709e-01	  -2.2056159024572596e-02	   4.1295240826633428e-01	   6.0119998450461076e-01	   4.4592675153103145e-01	   7.1660146111293377e-01	   6.2275199181200425e-01	   5.4129984873884318e-01	   5.7021155189954120e-01	   4.8961580351916140e-01	   5.5695651324124773e-01	   4.7122889244850447e-01	   4.7066633449792872e-01	   3.3898598365423399e-01	   5.2061415184208648e-01	  -2.6121677701957424e-01	  -2.0187689519354399e-01	   5.3539134135767796e-01	   5.4503166090488608e-01	   6.1990285366946496e-01	   6.3458092343850980e-01	   6.0661182938542069e-01	   3.9293426382554741e-01	
   7.7380736406671335e-01	   5.9670541922448894e-01	   1.0394327426723844e+00	   0.0000000000000000e+00	   3.8883322604123921e-01	   6.8204200261664161e-01	   1.1590051231972454e+00	   1.5566944962161269e+00	   4.0150892932848736e-01	   4.2052149951374279e-01	   6.9718166749084398e-01	   9.4242095662892988e-01	   7.7391514261312022e-01	   7.4549523786702088e-01	   6.2422848629814520e-01	   9.5081963363551059e-01	   4.8107636393965064e-01	   3.7870926685661832e-01	   1.0494768104667169e+00	   1.1694732245054342e+00	   4.0376483575921218e-01	   4.9491343442261992e-01	   1.0877409274417473e+00	   1.4633106553883677e+00	   4.1200956195271582e-01	   5.7706925041972279e-01	   3.5594655093532307e-01	   5.1317056792313154e-01	   5.5951015287454120e-01	   4.2790355083134646e-01	   1.0280364053792626e+00	   1.0011493263725202e+00	   9.5173124753605620e-01	   8.8948322664333968e-01	   5.6520969199051085e-01	   7.7924788123801503e-01	   1.6546206383822962e-01	   7.9530109013138478e-02	   5.1587840226583703e-01	   6.6651391930651627e-01	   4.4022110834836314e-01	   6.3747532740540347e-01	   4.3742431556741707e-01	   3.8209412733997727e-01	   4.9590438413957028e-01	   4.6571503462570185e-01	   5.1933400212562886e-01	   5.5187770941281022e-01	   6.6785533466758107e-01	   6.3628648131880006e-01	   8.3646984625265985e-01	   6.5942231440570032e-01	   9.2487959038360179e-01	   6.3337779586393617e-01	   6.8724965645956637e-01	   6.7473677736206794e-01	   7.0199524336238905e-01	   7.7130627584326872e-01	   8.6945754501440398e-01	   8.0777729492880135e-01	   7.6511506656614670e-01	   8.9729768460033110e-01	   6.0675223191524341e-01	   7.8306139361960125e-01	   6.6234522390846517e-01	   1.1993101551539236e+00	   1.0509619427348231e+00	   1.0012517387867075e+00	   1.1120835133374458e+00	   1.1804646510242391e+00	   7.8329609161171176e-01	   7.4410246723681528e-01	   4.7443177958364557e-01	   5.3407940559658951e-01	   4.0919232833309377e-01	   7.2753256380913045e-01	   8.0895776841225453e-01	   8.1260043838398510e-01	   5.4007158876141648e-01	   6.4356690285276674e-01	   7.2848158470351676e-01	   8.0486577582501861e-01	   7.8811499955277942e-01	   9.1329926608160272e-01	   6.5405660606674731e-01	   9.6685351971687084e-01	   3.8459188894226604e-01	   4.9225128498269810e-01	   7.3631618381098096e-01	   8.3338803904489622e-01	   8.6835185895592359e-01	   6.1172459168964199e-01	   7.7191042700658941e-01	   4.8538242941260645e-01	  -1.4307790417613392e-01	   4.6512630347569911e-01	   6.8291127927914996e-01	   5.8378730175025473e-01	   8.6836644384580541e-01	   7.5501214746796974e-01	   5.7196434360219550e-01	   5.0635709276215946e-01	   5.0743463916886411e-01	   5.8100310217520224e-01	   5.4049724237817376e-01	   4.1259501904225548e-01	   3.1074639405160637e-01	   4.5224108827085091e-01	  -3.7658851401957971e-01	  -2.5023035708912750e-01	   6.0508698831011964e-01	   6.5787793391836313e-01	   7.5966063276333085e-01	   8.7812934300406431e-01	   6.9988760814432316e-01	   3.9724518223607413e-01	
   1.0416317868076945e-01	  -1.0409924302081042e-02	   2.9492479476468153e-01	   3.8883322604123921e-01	   0.0000000000000000e+00	   1.2747442637724242e+00	   1.9624453936769548e-01	   4.4225984091885023e-01	   1.7487640798367501e+00	   1.5909388296044575e+00	   1.1323028845782512e-01	   3.1852228418891237e-01	   2.6800167492905014e-01	   3.7332331396028762e-01	   6.6887469791107912e-01	   7.2248878009074580e-01	   6.5105225956847090e-02	  -2.5691333646182912e-01	   2.0918604619604375e-01	   2.1987458194989801e-01	   5.8317983035019616e-01	   4.6105528877154411e-01	   3.1193325784662118e-01	   3.6615801920758706e-01	   7.8413891766413357e-01	   8.0115468038063431e-01	   8.0835812192079182e-01	   7.3633398183971799e-01	   4.2016025889974618e-01	  -1.8038954424794579e-01	   3.3985381821961519e-01	   2.8223809956865881e-01	   3.0691461732432662e-01	   3.8995196739203597e-01	   1.6416525947904101e-01	   9.4954825453366268e-02	  -9.4125697151543189e-02	  -3.3900280673133654e-01	   1.8514241117258956e-01	   4.7175955460876863e-02	   7.1846781879392460e-02	   1.5484803943858261e-01	  -1.1163363576618089e-02	  -4.2665316800280413e-02	   2.7782906949014606e-02	   1.6171420661778641e-02	   5.4665248213108322e-02	   6.1494432415994421e-02	   1.8241001120068293e-01	   1.8078543773582362e-01	   3.4404117448183374e-01	   1.7758607694554232e-01	   4.5146833644361900e-01	   2.5150692109174810e-01	   3.4348820267435926e-01	   2.9533296937382586e-01	   1.6402028352990600e-01	   1.7831813522332915e-01	   3.0858527994099699e-01	   2.1041138511031374e-01	   3.6171831338320237e-01	   2.9421382357376891e-01	   1.9825517523210553e-01	   2.3480687478871248e-01	   2.5508502697218882e-01	   3.0959008666542515e-01	   2.7284933867005151e-01	   1.9012614957075927e-01	   2.1949988245892293e-01	   2.4987006794255501e-01	   2.2450923373606015e-02	   2.0544898784368526e-01	  -1.7917193093118580e-01	  -1.9479960750200209e-01	  -4.9428767318090316e-01	   5.0871421673135964e-01	   1.4202264567453723e-01	   2.0050296887160279e-01	   1.3487893101662524e-01	   4.7951340518067875e-02	   1.0366551442287003e-01	   1.3818110718396631e-01	   3.1402329244961413e-01	   2.7516151394258270e-01	   2.7128185353223472e-01	   2.8533777944978717e-01	   2.2283497548447861e-01	   1.0337781351647334e-01	   5.3566156789780628e-01	   5.4382062461096936e-01	   2.3704495309811041e-01	   2.6348665912899671e-01	   3.8109339405644421e-01	   3.3046624325238610e-01	  -5.9770976606372143e-02	   3.0322331941477715e-01	   8.5499832629877814e-02	   1.5183604402606785e-01	   1.9949800851906543e-01	   1.4529243895789204e-01	   3.9212288866282330e-01	   2.6726173236426892e-01	   3.9452922595252071e-01	   3.5207971129304577e-01	   1.8770241649091349e-01	   7.7648609509306327e-02	   2.2961879861586754e-02	   1.3749376148836800e-01	  -1.7364426988999554e-01	  -1.8383857541114157e-01	   1.1096410685948387e-01	   1.3832784401860793e-01	   1.0064590545969429e-01	   3.4744536387407327e-01	   3.3558738820620432e-01	   2.8023915181018288e-01	
   3.4589648283879376e-01	   2.0907179139241083e-01	   5.3798927036972444e-01	   6.8204200261664161e-01	   1.2747442637724242e+00	   0.0000000000000000e+00	   4.2490749531367106e-01	   7.1571583610537637e-01	   1.0292648030619029e+00	   1.2871760518531716e+00	   2.4900282960163256e-01	   5.4520728048802614e-01	   4.2311747607799904e-01	   5.3907550112774016e-01	   7.1087264758195856e-01	   1.0578372463370156e+00	   1.3093553997118126e-01	  -8.6970787894168858e-02	   4.4046035766171998e-01	   4.6882658523205267e-01	   7.0223520584760823e-01	   6.8903937803494453e-01	   4.8920465585725836e-01	   5.7698843620772255e-01	   8.1112907734527395e-01	   9.7849442293881317e-01	   1.0599970754656332e+00	   1.1122680995524574e+00	   3.8173732031294089e-01	  -3.9130471351040749e-03	   4.8226774547707052e-01	   4.0410353470606020e-01	   5.1457564182140958e-01	   5.7055855389575838e-01	   3.7782872183902183e-01	   3.8004417498433213e-01	  -3.4307616251148830e-02	  -1.0565238775491310e-01	   3.2285119201618140e-01	   2.9878414935750014e-01	   2.0331269482669267e-01	   3.9386651142265044e-01	   2.6122106647339865e-02	   3.1172272094228848e-02	   8.1221557442046580e-02	   1.0066661488954250e-01	   1.6953666729871247e-01	   1.5211253452670845e-01	   3.0354638298134623e-01	   3.3969237729093149e-01	   5.0576646738320963e-01	   4.1474046811054505e-01	   6.0195396352141906e-01	   4.1848517391772072e-01	   4.8982320950546138e-01	   4.5898774303921352e-01	   3.8711282256240448e-01	   4.4916210798231043e-01	   5.6262770954640562e-01	   4.9057045754418510e-01	   5.3688423566551635e-01	   4.9420380468500813e-01	   3.2065272529197958e-01	   4.0683162883971530e-01	   3.5071492410095778e-01	   5.9778393634544214e-01	   5.7630448308837168e-01	   5.0146391718107286e-01	   5.1277515313954769e-01	   5.2836743889299242e-01	   3.2771579055391931e-01	   3.7451858511168756e-01	   8.8234551052172677e-02	   6.8319547872483705e-02	  -2.2553802239932358e-01	   5.5752266130070638e-01	   3.5832879346204238e-01	   4.1192924132557096e-01	   1.5265184469275153e-01	   2.0681117413609751e-01	   2.8524517421483442e-01	   3.1912876400827855e-01	   4.3308459615642692e-01	   5.3935090863240287e-01	   3.8697631395662024e-01	   5.1166277589938480e-01	   2.3270206399371607e-01	   2.1926132104601351e-01	   7.4266113543123913e-01	   7.8062988540474743e-01	   5.1182091627886273e-01	   4.0971752908996206e-01	   6.3811429442126455e-01	   4.3448269610556217e-01	   5.4403503374520780e-04	   4.6008440536303813e-01	   3.1447576438568181e-01	   4.4552459256418231e-01	   4.1888928137672993e-01	   3.1942443212846966e-01	   6.0897221778467792e-01	   4.3112263658529859e-01	   6.0155872703249902e-01	   5.6951450044554286e-01	   4.7509117386041333e-01	   1.9331590399522927e-01	   6.4907857170551170e-02	   2.6397554135041984e-01	  -2.3168735941304910e-01	  -2.1106416222342861e-01	   2.7849935334496451e-01	   1.9697248028358819e-01	   3.7487794820698522e-01	   5.7899252232009535e-01	   5.5034698169076668e-01	   4.6956085988079876e-01	
   1.0565614664383447e+00	   9.0182775753930111e-01	   1.3124124697167152e+00	   1.1590051231972454e+00	   1.9624453936769548e-01	   4.2490749531367106e-01	   0.0000000000000000e+00	   1.1152590729215019e+00	   2.0346908512234543e-01	   1.9598357372489986e-01	   7.7869836137550019e-01	   7.5988026370353778e-01	   7.2438083393549579e-01	   5.5499941418156307e-01	   4.7645720121703217e-01	   7.1582455496660669e-01	   4.3870085797640695e-01	   5.8182478498181256e-01	   1.1317764573330753e+00	   1.0088258233237304e+00	   2.3487682476398364e-01	   4.1894649516509702e-01	   9.8429138561580742e-01	   9.6010946983477552e-01	   2.5250758698195253e-01	   3.3622223305897930e-01	   2.8238148792573592e-01	   4.4824738072104148e-01	   4.9237127768739186e-01	   5.5786471027356244e-01	   8.7136859156998003e-01	   8.0418824054372640e-01	   9.0469983915890206e-01	   7.6144297573396535e-01	   4.0226157138594448e-01	   6.1539597826412806e-01	   2.1379747587387385e-01	   1.4258284005310565e-01	   4.2197279321279058e-01	   5.3514698482079237e-01	   4.5410953515511598e-01	   5.8891222778517316e-01	   5.0564175079904972e-01	   4.5051552210899432e-01	   5.8075936482706458e-01	   5.6475733609298850e-01	   5.5913178149827769e-01	   5.1910838019856198e-01	   7.9751418068105817e-01	   7.2031642058748446e-01	   8.0443751517883233e-01	   6.5482360424456021e-01	   8.7297918286866150e-01	   4.9584731022035988e-01	   6.3705475130835498e-01	   6.0515554419375950e-01	   8.2538795816530042e-01	   9.5964781100487651e-01	   1.1457970115705205e+00	   9.6711881368156283e-01	   9.5985956099088454e-01	   9.1270618598969322e-01	   7.2029973176759821e-01	   9.1135660449952971e-01	   6.8021943436583043e-01	   9.5763159298262268e-01	   1.0577120562994018e+00	   9.6572164858158238e-01	   8.0832784184130391e-01	   8.7793756002411250e-01	   8.8887124106007875e-01	   8.4057041848419400e-01	   6.4176419509691696e-01	   5.2061379572788535e-01	   6.1869148261320561e-01	   5.6161444871481192e-01	   8.8890547199222714e-01	   7.6762437519366122e-01	   4.7528215689305409e-01	   5.8639777783799429e-01	   6.7431877796720274e-01	   8.1637176305875758e-01	   6.9644642028954373e-01	   8.2122138796053201e-01	   5.8219984991657159e-01	   7.5849691034296385e-01	   3.7238582323936370e-01	   5.0774119084749791e-01	   6.3186460439734526e-01	   7.0248480376700650e-01	   6.7679253220275304e-01	   4.6941276783792429e-01	   5.9089812769084249e-01	   4.1314233454768728e-01	  -9.1045280528340142e-02	   3.8873276688124253e-01	   6.0503815355480794e-01	   5.4117534504254783e-01	   9.4603346411809996e-01	   8.5604103640299456e-01	   5.7217421859869511e-01	   6.2654297200972608e-01	   4.8198218465770570e-01	   5.8724731892127202e-01	   3.8930604206148539e-01	   3.9399171535386374e-01	   4.3048672553152512e-01	   5.9857840984912880e-01	  -3.1971918949582989e-01	  -2.2914933348155930e-01	   4.7990660894760212e-01	   6.3625423033678330e-01	   6.4497867236083284e-01	   6.0827411414299526e-01	   4.6037183911463109e-01	   3.3543918122818683e-01	
   7.2400538107575552e-01	   5.3082868393705240e-01	   9.8650202612157700e-01	   1.5566944962161269e+00	   4.4225984091885023e-01	   7.1571583610537637e-01	   1.1152590729215019e+00	   0.0000000000000000e+00	   4.9861658641324746e-01	   5.6533561871619054e-01	   8.0505407844265231e-01	   1.0211717370166384e+00	   7.9878097259407110e-01	   9.1153681817118815e-01	   5.7052123806572907e-01	   9.8052328803502720e-01	   4.4544736055691825e-01	   3.1906563502948704e-01	   9.9035555090230543e-01	   1.0051661413843833e+00	   2.9075472436403005e-01	   4.4102959964409222e-01	   8.0835802315423055e-01	   1.0397816813684810e+00	   4.0823891460158956e-01	   5.4951619481664482e-01	   3.2136454024584599e-01	   4.3571334306902376e-01	   6.8383377345528640e-01	   4.7566661635288876e-01	   9.6207878106725164e-01	   8.5644177509691422e-01	   1.1217571752525639e+00	   1.0441037293606115e+00	   4.9450622656581933e-01	   6.9862130827624591e-01	  -1.7827912135851349e-02	   5.3680360011211592e-03	   3.3453685715628828e-01	   4.5361814302903636e-01	   3.0549135422505408e-01	   5.4626362680636020e-01	   4.1229068837043348e-01	   3.6923609994507034e-01	   4.6596944306018706e-01	   4.5842849203794556e-01	   4.9212500690791983e-01	   4.9391237674684846e-01	   6.2858867964394705e-01	   7.5264058601087336e-01	   7.8978053884587252e-01	   6.8109965455786003e-01	   1.0063655488776517e+00	   6.5438692087941808e-01	   5.8346955430719150e-01	   5.6127870228697119e-01	   7.1837056289840417e-01	   8.5930056749639294e-01	   1.0359035567153230e+00	   9.5371420567406695e-01	   9.2178876352267725e-01	   1.2764225929668915e+00	   6.3149896930268057e-01	   8.7476121997001832e-01	   5.7734840274373644e-01	   1.1358019819099918e+00	   1.0852730379292697e+00	   1.0577667616429374e+00	   8.7674069062143689e-01	   1.0476650674388517e+00	   7.5152566058701764e-01	   7.0081311733877083e-01	   5.0682728097848828e-01	   4.5392438325606760e-01	   2.9626762081124419e-01	   7.6693584996979836e-01	   7.4782290253919526e-01	   7.7422568469189934e-01	   5.6505609474387963e-01	   5.8748225077941763e-01	   8.0712552698473305e-01	   8.0237650999445687e-01	   6.8504735992684018e-01	   8.4050792183014311e-01	   6.9912181227740999e-01	   7.4196243482617474e-01	   2.6363742525700373e-01	   3.2136324246233094e-01	   6.9574912015940604e-01	   7.6905904592562568e-01	   8.5388377462299136e-01	   6.4052755730009525e-01	   8.2878095080462932e-01	   5.5499595671535462e-01	  -7.8574321752428067e-02	   4.4613732856975674e-01	   5.3276034281216789e-01	   5.2302579349672285e-01	   8.1162946993693419e-01	   6.5043182101571040e-01	   6.0261595140482260e-01	   5.4064586772725476e-01	   5.0398648355538578e-01	   5.4503381134300355e-01	   4.6757214307289441e-01	   3.5831687691525388e-01	   1.9580156984154090e-01	   4.1692935761365579e-01	  -2.6640758839155099e-01	  -1.7760763135920254e-01	   5.1572617688389411e-01	   5.7257001714068356e-01	   7.6229801417902532e-01	   7.4210354013082158e-01	   5.9103462451313438e-01	   4.1047895524714767e-01	
   1.4735395642112931e-01	   1.9007914617447344e-02	   2.9425413615176310e-01	   4.0150892932848736e-01	   1.7487640798367501e+00	   1.0292648030619029e+00	   2.0346908512234543e-01	   4.9861658641324746e-01	   0.0000000000000000e+00	   1.4929942809631036e+00	   2.5898737446147346e-01	   3.9877898445788867e-01	   3.8232699370571488e-01	   4.9541494160104083e-01	   6.6771198977052371e-01	   7.0925806216513210e-01	   1.8003848550190771e-01	  -1.9519618338869466e-01	   2.5365670901720194e-01	   2.5371646029249706e-01	   4.6489133482889683e-01	   3.8578520282462631e-01	   2.8653405182799585e-01	   3.6111657926724910e-01	   7.2476860306491298e-01	   7.6248110823586690e-01	   6.0064438288586153e-01	   5.5479180734893263e-01	   5.3031212127944560e-01	  -1.3861846181156681e-01	   3.6538595589840461e-01	   3.1052028363807449e-01	   3.6791066456339039e-01	   4.6564833233898634e-01	   1.1650472315570673e-01	   9.1798942624423702e-02	  -1.0471468769064328e-01	  -2.9627299601342771e-01	   1.9151670088929493e-01	   7.1951696060979412e-02	   1.0073833804639215e-01	   1.3673311134432509e-01	   1.0691322340024031e-01	   6.6371034461097086e-02	   1.1299688827027142e-01	   1.0833876670942330e-01	   1.4566910273142236e-01	   1.6720352263168389e-01	   2.6259593182878060e-01	   2.7231701091102217e-01	   4.2503027351873734e-01	   2.3737173872060013e-01	   5.4817809832833875e-01	   2.8501569263912396e-01	   3.7921745166241067e-01	   3.0987318095376570e-01	   1.9819558367316978e-01	   1.9092325259101819e-01	   3.3602458021281262e-01	   2.2522542480436100e-01	   3.9770731287518751e-01	   3.7991260345422156e-01	   2.3916330973047761e-01	   2.9396523496582549e-01	   1.9388405967335773e-01	   3.1197638956733420e-01	   2.9385457505608747e-01	   2.2306212985149093e-01	   2.3607744561349320e-01	   2.7213784786902617e-01	   3.6140088865891075e-02	   2.2399027744192579e-01	  -1.6911288285682075e-01	  -1.5676988515897750e-01	  -4.7709084273827801e-01	   5.3336874941551027e-01	   2.0936444814275240e-01	   2.7417378267877951e-01	   2.7809825141208733e-01	   1.1858648395280841e-01	   2.4385717086292583e-01	   2.4279679143610711e-01	   3.5774282860538459e-01	   3.0165427827014196e-01	   3.4361558448204838e-01	   3.1134199818025643e-01	   1.6549763987072794e-01	   7.9865589110486190e-02	   5.3568860086558412e-01	   5.3907889121129315e-01	   2.7351763489517250e-01	   3.3166872465165465e-01	   4.0008340704000889e-01	   3.8430967972837471e-01	  -4.0216502040850623e-02	   3.0654664270499093e-01	   1.3111573749760569e-01	   1.9747536524912190e-01	   2.5835066135550316e-01	   1.9899694889592465e-01	   3.2935943252817101e-01	   2.5327454900421481e-01	   3.1822150543132643e-01	   2.7119051854781329e-01	   1.3273833434567262e-01	   1.0205774841852941e-01	  -2.0267295317937507e-02	   7.5823248886673328e-02	  -1.7213908877465117e-01	  -1.8408860807700389e-01	   1.6150212940782763e-01	   2.5700714548123077e-01	   1.8507883757539148e-01	   3.6067498475206894e-01	   3.6925611146849308e-01	   3.3151166748551891e-01	
   1.3216710465143522e-01	   5.1209789313784388e-03	   2.8383756189421594e-01	   4.2052149951374279e-01	   1.5909388296044575e+00	   1.2871760518531716e+00	   1.9598357372489986e-01	   5.6533561871619054e-01	   1.4929942809631036e+00	   0.0000000000000000e+00	   2.1310789416186687e-01	   3.9529739447521567e-01	   3.3665445372945013e-01	   5.5026778007179100e-01	   6.0183420043095459e-01	   8.5132272512573959e-01	   8.7739197962483487e-02	  -2.5557432403591190e-01	   2.9403806229967661e-01	   2.8214377993589329e-01	   4.9943536497950941e-01	   4.6570394078497357e-01	   2.0131211956940889e-01	   3.3304162205717630e-01	   7.0599082283564396e-01	   7.9408589479698177e-01	   6.4498887109979230e-01	   6.1367547443086778e-01	   5.0943075140949590e-01	  -4.6984465196161215e-02	   3.5674947566018905e-01	   2.9098804510869980e-01	   3.7355039673078200e-01	   4.6307661791486104e-01	   1.0747440514146034e-01	   1.1476924056039933e-01	  -1.4354718951215392e-01	  -2.6677056821512174e-01	   1.3187934020486189e-01	   3.4521999023689444e-02	   5.4305128051910692e-02	   1.6278744397145473e-01	  -4.7551462492359505e-03	  -4.3393848658382682e-03	   4.0441233088403784e-02	   7.4427397084992533e-02	   1.2172740710129004e-01	   1.0954984316630795e-01	   1.6771923357518378e-01	   2.6084644850251709e-01	   3.2265954313481349e-01	   2.3321519249831177e-01	   5.6073670258166886e-01	   3.9172181671714723e-01	   3.1757672261136111e-01	   3.0352565983313728e-01	   2.4364125999296277e-01	   2.8978183357942194e-01	   4.1148945626989447e-01	   3.6145145139096185e-01	   4.1572741517862632e-01	   4.6608643989954163e-01	   2.4166766456671657e-01	   3.2721055613489053e-01	   1.3244207338389269e-01	   3.1398133908729220e-01	   3.5203733177671165e-01	   3.1590558577919137e-01	   2.7126945958512860e-01	   3.3573692530465832e-01	   1.3854055484474587e-01	   2.5084455704838399e-01	  -7.4364174245870232e-02	  -1.5570959156127440e-01	  -4.9937765597702810e-01	   4.8023678367059502e-01	   2.0531531080932336e-01	   2.7364781922535425e-01	   1.9511902664136385e-01	   1.1439379092712551e-01	   2.6945276168026078e-01	   2.2507651432733955e-01	   3.0502128006698798e-01	   3.7421599254477877e-01	   3.0386684614212189e-01	   3.0759218968469426e-01	   6.4168817635980702e-02	  -4.1793684077844818e-02	   5.0248165297067438e-01	   5.4031655899558828e-01	   2.9923214572995582e-01	   3.2726356472817136e-01	   4.3407747348880055e-01	   3.7255655751222089e-01	   6.2595175860441443e-02	   2.9737296798051349e-01	   1.1301484175339570e-01	   2.2557865883305606e-01	   2.4103510273484005e-01	   1.6561001287232674e-01	   3.7235270936546500e-01	   2.7159016220840615e-01	   3.3100227653286729e-01	   2.9731331231719504e-01	   1.9547637343839896e-01	   6.4155061787450604e-02	  -1.0887852144130962e-01	   6.7194591873740425e-02	  -9.1199573662584854e-02	  -9.1564518091660843e-02	   1.3025095842512899e-01	   1.4118076831180593e-01	   1.8819638452971449e-01	   3.3141892760416614e-01	   3.1887791759046552e-01	   3.0943118130268799e-01	
   7.6479279274912693e-01	   5.8343217835045036e-01	   5.2086344773894222e-01	   6.9718166749084398e-01	   1.1323028845782512e-01	   2.4900282960163256e-01	   7.7869836137550019e-01	   8.0505407844265231e-01	   2.5898737446147346e-01	   2.1310789416186687e-01	   0.0000000000000000e+00	   8.7290848793062370e-01	   1.0128638488367232e+00	   8.0619597746394278e-01	   4.3927012271902560e-01	   5.8400778430039801e-01	   6.0949688554192327e-01	   5.0579155832489886e-01	   7.5400628436273454e-01	   6.9620593474504655e-01	   8.4050956866826385e-02	   2.0510668996027265e-01	   3.8566133527309854e-01	   5.5055053020629741e-01	   1.1317764432954920e-01	   2.4337237061855591e-01	   1.5927367254131223e-03	   1.3360225480674548e-01	   5.6261721278825672e-01	   4.5462604428670650e-01	   5.8294464411760627e-01	   5.4825671819205213e-01	   7.6927681968306882e-01	   6.6592668833962054e-01	   1.0185508356893137e-01	   2.9291592639745767e-01	  -5.1751190472424283e-02	   3.4981994286870398e-02	   1.7301942957916411e-01	   2.7665728989115757e-01	   2.2710581786525555e-01	   3.6281846012040719e-01	   5.0073427402220361e-01	   4.9345834846217501e-01	   4.7957454766654489e-01	   5.0779597670209520e-01	   4.8382274412785464e-01	   4.7688199623977362e-01	   6.2975401059032354e-01	   5.8134894908787149e-01	   6.6213154399507324e-01	   4.9469638931709231e-01	   6.8717339586961212e-01	   4.5200085765321985e-01	   3.8991887203473741e-01	   4.0715895115269524e-01	   6.6609543443895602e-01	   5.8033670339651322e-01	   6.6544294330373610e-01	   5.6562437422921952e-01	   6.8551291934117187e-01	   7.3990922155282735e-01	   5.9897555443813821e-01	   6.6970599925760754e-01	   2.7133461953517712e-01	   5.7040201048762973e-01	   5.0757188245658114e-01	   5.2561510655156207e-01	   4.7270517715912419e-01	   5.4900120696505694e-01	   7.5442717768844858e-01	   5.6068100987331526e-01	   4.9655081181552529e-01	   4.1195563138333713e-01	   4.4265870719927275e-01	   5.0803043559812489e-01	   7.7114550548229843e-01	   5.9855722806683309e-01	   6.1266507305144247e-01	   5.6125036549229579e-01	   7.6096441538543669e-01	   8.2926570429371371e-01	   4.9059152778979009e-01	   5.6868612413668607e-01	   4.4207856460749090e-01	   5.8890071554329448e-01	   8.3518723677879741e-02	   2.5265799345059881e-01	   3.8175554986884469e-01	   4.3758123789431558e-01	   4.0620831520507161e-01	   3.0463428209705035e-01	   4.0090490846635968e-01	   3.0395143934768581e-01	   1.1442706223486922e-01	   3.9569746028217806e-01	   4.1700440766712155e-01	   4.5187690924140300e-01	   5.9854250333237979e-01	   5.5938371312581758e-01	   3.6962382479023348e-01	   4.1007521368604571e-01	   2.6955753394148890e-01	   2.6684670420224643e-01	   2.3932012393682697e-01	   2.9821353749175233e-01	   1.8720903774785136e-01	   2.2935448788214419e-01	  -1.6702706490862163e-01	  -8.0700573884472313e-02	   3.3870851507099514e-01	   4.6457921801441859e-01	   4.7211137326455010e-01	   3.5827429875176692e-01	   3.5198558387469359e-01	   2.6159111219086190e-01	
   7.0643130764826512e-01	   6.1460942264436003e-01	   6.4849508995724714e-01	   9.4242095662892988e-01	   3.1852228418891237e-01	   5.4520728048802614e-01	   7.5988026370353778e-01	   1.0211717370166384e+00	   3.9877898445788867e-01	   3.9529739447521567e-01	   8.7290848793062370e-01	   0.0000000000000000e+00	   1.0242644346742820e+00	   1.3593035461186938e+00	   5.6689478763831369e-01	   9.4986721486465042e-01	   5.6556767998417679e-01	   4.6505837729455457e-01	   7.4966727659764865e-01	   8.3940394431080378e-01	   1.7998772894785139e-01	   2.8142964365628598e-01	   6.0436426993289261e-01	   7.6823053161731147e-01	   3.2994339430055003e-01	   4.6148868939502991e-01	   2.5562103433073713e-01	   3.9937824622458967e-01	   5.8725052092545060e-01	   5.2285971615270777e-01	   7.5807886939878433e-01	   7.5359332055004513e-01	   8.2494260687261289e-01	   8.2606634806838297e-01	   4.2049739326427626e-01	   6.3506030911042344e-01	  -1.1854627295458402e-01	   3.0077657823425710e-02	   2.3361213202273512e-01	   4.5429653785230528e-01	   2.1248348932951083e-01	   4.6417953497983866e-01	   5.5386353426482127e-01	   5.5241607329427722e-01	   4.8069041299992166e-01	   4.8714570331181950e-01	   5.9866832172599438e-01	   6.2997639663018612e-01	   6.1835873386511697e-01	   5.9762560660338626e-01	   8.1560910682715881e-01	   5.5736814000735935e-01	   8.0143003536331736e-01	   6.0949360702339617e-01	   5.0068220783547945e-01	   5.5667153694449767e-01	   6.4899469746808747e-01	   6.2702274102720701e-01	   7.1219059534414952e-01	   5.9007460237627996e-01	   7.6003126586196867e-01	   8.7781741881236652e-01	   7.0017061879084574e-01	   8.4861164351915763e-01	   4.1801678357389493e-01	   7.0890099355281988e-01	   7.2118334685148022e-01	   7.3321915379353786e-01	   5.7891358128351711e-01	   6.8722049643189553e-01	   7.4453161334338136e-01	   6.3663345803303040e-01	   4.2193853271226833e-01	   5.2091844974623325e-01	   3.1927898350270167e-01	   7.5789732123639841e-01	   7.8504587617960198e-01	   9.0770801815331081e-01	   6.4168688739578561e-01	   7.5207846130789147e-01	   9.6589642501670792e-01	   1.1770755117483840e+00	   6.6234391756739253e-01	   8.8983031392821654e-01	   6.2503191584708473e-01	   9.2404935284959777e-01	   2.6538062885440927e-01	   4.3376946202629796e-01	   4.7108551322405134e-01	   5.5510177014572692e-01	   3.9790062595648701e-01	   1.9150392601102612e-01	   3.9356734824694944e-01	   1.9868249812471211e-01	   9.7769480164450917e-02	   5.5373510757797351e-01	   6.0377780058130115e-01	   5.5866815382137769e-01	   6.4557017800474059e-01	   5.5000369701165019e-01	   3.4657623968447782e-01	   2.5588663231383940e-01	   2.6081250824803115e-01	   2.5307615200905564e-01	   3.9406771225547299e-01	   2.7338300166356688e-01	  -3.2181614671175689e-02	   1.9938355272241678e-01	  -2.3816116679048094e-01	  -1.4080743859780551e-01	   5.0199900578527368e-01	   4.7418828252978623e-01	   5.1874633068795262e-01	   6.0673967797358275e-01	   6.4519196816929292e-01	   4.6065892796070690e-01	
   7.4626724516436493e-01	   5.1924605664336720e-01	   6.6708221357155995e-01	   7.7391514261312022e-01	   2.6800167492905014e-01	   4.2311747607799904e-01	   7.2438083393549579e-01	   7.9878097259407110e-01	   3.8232699370571488e-01	   3.3665445372945013e-01	   1.0128638488367232e+00	   1.0242644346742820e+00	   0.0000000000000000e+00	   1.0776470692556190e+00	   6.7056301944689922e-01	   7.2127311155430773e-01	   5.1975611367195729e-01	   3.4376516672377883e-01	   7.1474524025657926e-01	   6.9173414791248866e-01	   6.0694692977615115e-02	   1.7301655204508504e-01	   5.8936494359830549e-01	   6.7626735132378701e-01	   4.1302168174388254e-01	   5.6296021114048878e-01	   1.2001395097110416e-01	   2.5646195421425599e-01	   5.2231111136187591e-01	   4.3620447229357678e-01	   6.9803608425838992e-01	   6.7620055313089167e-01	   8.1296527170965938e-01	   7.4621000470491172e-01	   3.2453351331055164e-01	   4.4814800992233328e-01	   4.3419064154527287e-02	   1.0505527882596674e-01	   2.7680371520815805e-01	   4.5929333024908553e-01	   1.8911636241458790e-01	   3.4070076080411010e-01	   4.7668264441540437e-01	   5.0036999821241346e-01	   4.0913889289113475e-01	   4.2801146393599171e-01	   5.4984790143397766e-01	   5.3476781200089418e-01	   6.0193956669113258e-01	   6.0320603684920304e-01	   9.0822432734966874e-01	   6.3521721116272767e-01	   8.7869200732981567e-01	   6.6068174388422862e-01	   6.2227745337959894e-01	   5.3432115621032428e-01	   5.3087836458131177e-01	   5.3197443574784831e-01	   6.9730483244261465e-01	   5.9715663184650714e-01	   8.0728767789139022e-01	   7.1069150187743435e-01	   6.1215356774116225e-01	   6.0512299376817735e-01	   3.6359186032546675e-01	   5.5583549093081219e-01	   6.3198667570538858e-01	   6.3457312350818007e-01	   5.1656366292816780e-01	   6.2118245128314331e-01	   7.5100438564076455e-01	   5.9934778162405999e-01	   4.8412910320389768e-01	   4.3001671372431521e-01	   3.6294501927145828e-01	   6.0365603609805207e-01	   8.0785768148396642e-01	   6.4857553070056850e-01	   6.2862437943394467e-01	   6.6626351723041843e-01	   8.4249065722928873e-01	   9.3022480229976567e-01	   4.4149784275677528e-01	   6.4064950401470300e-01	   7.3989441383455357e-01	   7.8064016968911043e-01	   2.2489706523792202e-01	   4.3337098908695854e-01	   4.8178249715556642e-01	   5.2223962112684763e-01	   2.7070301177032885e-01	   1.5479786590126135e-01	   3.2356249462592945e-01	   2.1340557529174981e-01	   1.6692470075876800e-01	   3.3798088722559549e-01	   6.0725095820512220e-01	   5.9432651224281385e-01	   5.8787489639834556e-01	   5.3427883948297217e-01	   2.9652201295889280e-01	   3.5470611511485328e-01	   1.8417655414661765e-01	   2.1686807749617915e-01	   2.3637714215210776e-01	   3.2661078750547434e-01	   3.6409830033035551e-02	   1.0757137927127371e-01	  -1.6953425632530220e-01	  -5.4751435909061912e-03	   4.9448768295734552e-01	   4.4558433989681845e-01	   4.5796554584057192e-01	   4.7827208418926664e-01	   5.6344079369409195e-01	   2.9586771722612260e-01	
