   0.0000000000000000e+00	   1.3368962420427324e+00	   1.1856608046317203e+00	   9.3330740763651776e-01	   8.5039659623338537e-01	   7.4815575753311703e-01	   1.1499705531703106e+00	   9.6043940058556898e-01	   8.5187994741712658e-01	   6.3506020547537978e-01	   1.0119705903792833e+00	   1.1958599909672167e+00	   9.4272499745843097e-01	   1.0701280929348740e+00	   1.0241484397101142e+00	   8.3349467733152549e-01	   8.9212136295606914e-01	   9.7270858921341274e-01	   1.5382011580808710e+00	   1.5250360392581672e+00	   4.3729187694215854e-01	   5.0957444631414583e-01	   8.7914021702649592e-01	   7.0649387215161885e-01	   7.7396299020648707e-01	   7.2028099020836123e-01	   6.7371261884465272e-01	   5.4390042925885229e-01	   6.9093839475263241e-01	   7.9530900372149849e-01	   6.6178508815186665e-01	   6.9203158919145591e-01	   1.1225174930207173e+00	   1.0165820668908945e+00	   7.7790398013946604e-01	   7.3011627007203050e-01	   1.7076554462817445e-01	   3.8660072282768250e-02	   3.9837828412730475e-01	   4.3556485073546575e-01	   5.2299449358865879e-01	   7.6021035507287327e-01	   7.7229496128397102e-01	   6.6960267024105358e-01	   8.4767819363407204e-01	   9.0064730535226112e-01	   7.2534795249293793e-01	   8.6395177486638097e-01	   9.0022224868147860e-01	   9.2208837121682419e-01	   1.0635307753031140e+00	   9.4126856302710493e-01	   8.8989134001664083e-01	   8.3298490885395948e-01	   9.9184201906422031e-01	   9.4907165122936432e-01	   1.5678824165879417e+00	   1.3723696066225473e+00	   1.0446436381484014e+00	   8.8720615820637194e-01	   1.1456899122866897e+00	   7.2827622576344275e-01	   8.0145895963990965e-01	   8.1541609098492951e-01	   6.1022917152433687e-01	   5.8115051928918660e-01	   1.1710923728576277e+00	   1.0375774147885628e+00	   1.2863779242056863e+00	   1.2157750549737185e+00	   4.9797307475036322e-02	  -2.7048132901137406e-01	   9.3905941658921810e-01	   9.4486250042748354e-01	   1.0347678288845452e+00	   8.3063870894888392e-01	   8.8528362024560336e-01	   5.2653561782699421e-01	   9.6647544083591241e-01	   1.1035627828010897e+00	   1.0214417059846159e+00	   1.1420767902616762e+00	   1.1063628640100460e+00	   1.0845209351853340e+00	   8.3870696694502522e-01	   8.3919358854107318e-01	   7.8274099341925396e-01	   5.6045578034306798e-01	   1.1477970481282227e+00	   1.0142903529824883e+00	   6.3460243531016669e-01	   9.9548475490024069e-01	   5.9960890404449896e-01	   7.1480040380454601e-01	   4.2930863718757717e-01	   1.0264762086120813e-01	   9.4334933182581493e-01	   9.6458253578747954e-01	   1.0008957727349208e+00	   1.2579582246815584e+00	   2.0450352660867149e-01	   6.7181017763249185e-01	   4.8647294620555959e-01	   7.1509749064755324e-01	   4.1019051638068771e-01	   1.7815642939048365e-01	   4.2253431840644007e-01	   6.2354743865755347e-01	  -4.0027797903709902e-02	   2.0126508330586518e-01	   1.0079176394553895e+00	   1.0598969347767238e+00	   1.0051451178067179e+00	   8.8885139526609314e-01	   5.6349863433135705e-01	  -1.4210289290267181e-01	
   1.3368962420427324e+00	   0.0000000000000000e+00	   8.2054737324500837e-01	   7.5043608429238517e-01	   5.6278151695067025e-01	   6.3449812917545367e-01	   6.9843362972372991e-01	   7.0675996913197170e-01	   7.6599413765983615e-01	   5.6241129611378837e-01	   6.5076399687127884e-01	   1.0818229906340850e+00	   6.4348469771986783e-01	   9.9989865564399261e-01	   8.7867742810361249e-01	   8.4214058225494215e-01	   7.9878312695647047e-01	   9.7762945511190713e-01	   1.3976317088096974e+00	   1.6115381134664035e+00	   3.7380941302999260e-01	   4.4309458104908722e-01	   8.2086131623280090e-01	   6.4479172407867258e-01	   7.0973829730480009e-01	   7.2396896386503684e-01	   6.3882327134023453e-01	   5.3110350360507297e-01	   5.9773885009920114e-01	   7.5825336203351679e-01	   6.0532035146325502e-01	   6.2364413653895245e-01	   9.6655470093730933e-01	   8.9519524213354151e-01	   7.2267439571943359e-01	   6.4841733594788797e-01	   1.0756395529971599e-01	  -4.8035012683355586e-03	   2.8837353827439449e-01	   3.5663726918587740e-01	   4.2824815855775888e-01	   7.2612624082332844e-01	   8.7690831164214889e-01	   7.8923650759892605e-01	   8.0693075717453400e-01	   8.7482971704404922e-01	   7.9260467488149200e-01	   8.8278765491365174e-01	   8.4972468347075614e-01	   9.7260493080001098e-01	   1.0756008538592068e+00	   8.9246066115189460e-01	   9.9386656388423178e-01	   9.3297928501423844e-01	   9.4217388780975220e-01	   9.1212360438723872e-01	   1.4986557839765144e+00	   1.9465573729859442e+00	   7.6488165002583974e-01	   7.8833291333216138e-01	   7.8022766901757468e-01	   6.1680195653077607e-01	   6.5019482601969392e-01	   7.4970990717139574e-01	   5.1783976917082875e-01	   4.7510884256775981e-01	   8.8721369719867837e-01	   8.2077916163012177e-01	   1.2774572735874150e+00	   1.1481347132760666e+00	  -1.7111900097141846e-02	  -3.3394926601129349e-01	   9.2550003102210388e-01	   1.0668176858505198e+00	   9.3964957174742803e-01	   8.8294322396034908e-01	   8.1849632434047204e-01	   5.6304966083495267e-01	   8.5895924141744739e-01	   1.0783946430505129e+00	   9.6731581536861289e-01	   1.1459443168552859e+00	   9.0607678689888416e-01	   1.0657569522658203e+00	   8.6447249157300876e-01	   7.6878961626898823e-01	   8.0175420131376729e-01	   6.3585900504060267e-01	   8.5582284229506844e-01	   9.0757689962595289e-01	   4.7246259615056729e-01	   7.3597812857970935e-01	   4.3637656507742389e-01	   4.6118871852867199e-01	   5.0116287047233821e-01	   1.0411946676512450e-01	   8.9572008501862910e-01	   1.0285274066210148e+00	   9.3042629663813559e-01	   1.0422428531382713e+00	   3.0296203346608250e-02	   3.5458591574528908e-01	   3.1682570121820458e-01	   4.4752832075124738e-01	   2.9338828105851666e-01	  -6.6300563908401507e-03	   1.7380172272218930e-01	   4.8508517052287042e-01	  -3.2819398539445467e-02	   2.4176207147484571e-01	   9.5524314967579849e-01	   9.1870979539217967e-01	   7.1083623622260972e-01	   7.4336010194493840e-01	   5.6244477089454081e-01	  -1.9793348477420944e-01	
   1.1856608046317203e+00	   8.2054737324500837e-01	   0.0000000000000000e+00	   1.1042510823910301e+00	   1.0230161958973092e+00	   8.6296681272451414e-01	   1.8984481639938071e+00	   9.9857817473110677e-01	   7.3751010265009387e-01	   8.4077094245682704e-01	   8.7151921807600607e-01	   8.0475749599620094e-01	   9.9612782723070015e-01	   8.6602439587425684e-01	   9.9548382690233361e-01	   9.7318479504883859e-01	   5.0459461973162989e-01	   5.0956280961446709e-01	   1.1166104307874039e+00	   1.0646774615687300e+00	   6.7182152756596292e-01	   7.0092839100061266e-01	   1.2852952214954125e+00	   1.0215145963072949e+00	   1.2192824708743291e+00	   9.8648208173404850e-01	   9.7507107636750301e-01	   7.9682809793861720e-01	   3.5293662713555540e-01	   4.4648650799620815e-01	   6.9988051928729300e-01	   6.1274445926570942e-01	   1.0580290058941195e+00	   8.6661902169465466e-01	   1.0993122695999871e+00	   9.4453964385863920e-01	   2.3586179383939171e-01	   2.9906105824817848e-02	   6.2112285741517304e-01	   6.3440593564690506e-01	   4.7973774803737751e-01	   5.9626206787168456e-01	   6.0269541946255112e-01	   4.8780558885459113e-01	   6.5934880880178681e-01	   7.4242922941706457e-01	   5.5503193488732505e-01	   7.5404895267802463e-01	   8.2719218078641898e-01	   8.0029035861213937e-01	   1.1703137809154900e+00	   1.1156282058603748e+00	   7.7436536057264282e-01	   7.4497460382908542e-01	   9.7759703252933217e-01	   1.0017564869794564e+00	   8.9155266592943394e-01	   8.7772779372972509e-01	   8.5453133677847537e-01	   8.4558498132355409e-01	   1.0562894249132864e+00	   6.5628016250148147e-01	   6.8156958624868313e-01	   6.0719183418173672e-01	   1.0298295269867719e+00	   8.1466657518844254e-01	   1.3612369799764532e+00	   1.1541664462108423e+00	   1.1295968184805223e+00	   1.2279558689739505e+00	  -2.1178482458324769e-02	  -3.4535701742351510e-01	   5.5299483131775462e-01	   5.9201799604004413e-01	   7.3067019547107015e-01	   6.7280472042689488e-01	   6.7658417918333258e-01	   4.3768446376285980e-01	   6.9758214839616739e-01	   8.3618868698817594e-01	   9.0544379179164980e-01	   1.0826411669341052e+00	   1.1511942470929386e+00	   1.1013525746781834e+00	   1.0937348893948422e+00	   1.1343610685762742e+00	   1.0100510850152120e+00	   8.3373920371825239e-01	   1.5583190584874378e+00	   1.2596665203320438e+00	   7.7692518005052391e-01	   1.1837128901266609e+00	   9.2698732576385934e-01	   1.1231447715167300e+00	   4.3599151299923516e-01	   1.1793505422835671e-01	   8.8516028752015841e-01	   8.2019395716908716e-01	   8.3366868623170509e-01	   1.0749551581475907e+00	   4.2383889731807700e-01	   1.0130503550132177e+00	   6.1575637406638539e-01	   8.3627798640046946e-01	   6.3532772225890854e-01	   4.2416783012715370e-01	   7.8045787503643016e-01	   8.8398065837162676e-01	   1.4800379934910375e-02	   2.8872204288260928e-01	   1.0334368954639486e+00	   9.7031714808732661e-01	   1.0748195685620561e+00	   1.0104443070476212e+00	   8.3735877384880486e-01	  -2.0837970994372412e-02	
   9.3330740763651776e-01	   7.5043608429238517e-01	   1.1042510823910301e+00	   0.0000000000000000e+00	   9.2193860670325534e-01	   9.6866415111843496e-01	   1.0782627762527630e+00	   1.7076552826261968e+00	   8.9190841984573488e-01	   9.6724431921949172e-01	   6.0052761566929613e-01	   1.0705933310152276e+00	   4.8939782120857622e-01	   9.4248364099082327e-01	   6.6894865801076453e-01	   9.6684225066033036e-01	   4.6077239465579511e-01	   4.7766472722439368e-01	   9.7959868668599115e-01	   9.2228431365461461e-01	   4.3866394054994701e-01	   4.6697519836988455e-01	   9.7330970593639032e-01	   1.4057878694606123e+00	   7.6534932011839873e-01	   9.0803775692029876e-01	   6.5224156536827715e-01	   6.3862245969763776e-01	   3.4585293031328068e-01	   5.2512361017527909e-01	   7.1480527526323367e-01	   7.3585211598519518e-01	   9.4473039374343548e-01	   9.7641224929713122e-01	   9.0243316967995668e-01	   1.0142141090597463e+00	  -2.6619378538099214e-02	  -2.7709304985835387e-01	   2.7595076625400750e-01	   3.2519944644228121e-01	   2.4531761726358192e-01	   3.7228942733800297e-01	   4.2804203702728266e-01	   3.9365034601612098e-01	   5.5013943733908000e-01	   6.6288991057558877e-01	   4.5485080820230395e-01	   5.9512154702421627e-01	   5.7759530119334201e-01	   7.6710257321839759e-01	   8.3236747805433864e-01	   1.1135768753836066e+00	   7.8099521543011707e-01	   7.2508775832619754e-01	   6.2742408604604394e-01	   6.3979285785926798e-01	   8.0548866638137162e-01	   7.9824817976037044e-01	   7.9753538580479666e-01	   1.1188149873606885e+00	   1.0204570429540902e+00	   1.1646172672390305e+00	   6.0964070272182724e-01	   6.7268461989217487e-01	   1.1263265780513085e+00	   1.2695066476999293e+00	   1.0786358939316385e+00	   1.3092917443635979e+00	   8.5819234450268045e-01	   1.0567007853776322e+00	  -9.1304116786223397e-02	  -4.5380923535033091e-01	   5.9146761992206942e-01	   6.5873759829769996e-01	   7.3114699127790594e-01	   6.6705562558959097e-01	   5.7794347587059880e-01	   3.9933750534930618e-01	   6.3380730107508954e-01	   6.9380232345130677e-01	   6.9029911519117426e-01	   8.5059311086504041e-01	   8.7469508810799868e-01	   1.0220180184900529e+00	   8.9090811262827518e-01	   1.2986955137032397e+00	   5.7833943466758808e-01	   7.0152008676655297e-01	   1.0035445499405504e+00	   1.2072216172111310e+00	   7.8013773469932379e-01	   9.8883854082681433e-01	   1.0296102513395153e+00	   7.2308215584569568e-01	   4.3394669505054961e-01	   9.7863237613820847e-02	   5.6175841844843100e-01	   6.1703122884411032e-01	   7.2455287175476824e-01	   8.3049748898330544e-01	   2.8545475063620118e-01	   6.1400498185507368e-01	   4.5404700037822443e-01	   5.3065195377831098e-01	   5.0118192802283446e-01	   9.9176881835863137e-02	   4.4519033254827967e-01	   5.0136413344480746e-01	  -1.2750200397923347e-01	   1.7404332837982703e-01	   8.1349186778173821e-01	   7.9500121097626597e-01	   9.1838080424174184e-01	   7.1370030663909145e-01	   6.5182261424787691e-01	  -2.2706152938284360e-01	
   8.5039659623338537e-01	   5.6278151695067025e-01	   1.0230161958973092e+00	   9.2193860670325534e-01	   0.0000000000000000e+00	   9.5034936404920722e-01	   1.1846674331030760e+00	   1.0870948134867302e+00	   7.9478802371827006e-01	   9.6344220205232212e-01	   8.3545500132807038e-01	   8.8707634309570405e-01	   7.4191554065261534e-01	   8.0886149800024487e-01	   8.4402333793241047e-01	   1.1490452889328913e+00	   4.7320146583230305e-01	   4.1317118102117467e-01	   9.2981911806438833e-01	   8.4558761931489590e-01	   4.7172728863172086e-01	   6.7988679546449615e-01	   9.4076072398698274e-01	   9.3038873034681302e-01	   9.5094445980943632e-01	   9.5506282635470752e-01	   8.6044799136365135e-01	   8.2437602549451350e-01	   5.7702197884637529e-01	   6.4433961556554997e-01	   8.5029214459846481e-01	   7.8297727920080140e-01	   9.2816561188272106e-01	   8.8789377762775645e-01	   7.9002055901049750e-01	   7.9592804966388864e-01	  -1.6243945919851198e-02	  -1.2762423611265677e-01	   2.9934343001271085e-01	   3.3122022945445778e-01	   2.8980252344218910e-01	   4.9272348486138517e-01	   6.3258579597342612e-01	   5.6245528509230402e-01	   7.8203437135143750e-01	   8.4645643122964520e-01	   6.5547784327474701e-01	   7.9605284320687175e-01	   8.3331555273252578e-01	   8.5187626247501802e-01	   8.1563307032432542e-01	   8.8280823947636256e-01	   8.5615564652910492e-01	   8.0766655201973558e-01	   7.7457215804446211e-01	   7.5243655480538596e-01	   7.0159320653737856e-01	   6.6133217155210600e-01	   9.0769786834674004e-01	   9.0787002150826179e-01	   1.0395205425301248e+00	   8.1144991830700053e-01	   7.6922377211741111e-01	   7.2838693131049448e-01	   7.7035917641750418e-01	   6.5313253289943440e-01	   1.1266135642453525e+00	   1.0453490424368936e+00	   8.1327120817613796e-01	   9.5978715446449292e-01	   9.3763526368889363e-02	  -3.3240782898366239e-01	   5.5298612586898521e-01	   6.8339475825893070e-01	   6.5302322154616854e-01	   6.0319279097485279e-01	   5.9796313598918371e-01	   5.1602327038445173e-01	   5.1587424801030113e-01	   6.1986682463199583e-01	   6.9401163272088462e-01	   8.0064592351126995e-01	   1.0332632587340762e+00	   8.7979355147759852e-01	   7.1502273927001458e-01	   8.5099803660770457e-01	   5.0658439818299850e-01	   4.5069417622672014e-01	   8.4596909854968172e-01	   1.0289169906262274e+00	   8.1323196978127310e-01	   9.7699424550844682e-01	   7.7930725285150926e-01	   7.9158731715228459e-01	   4.2197085695312003e-01	   3.8922799692122041e-02	   6.0480255853454934e-01	   6.6864357752251091e-01	   8.5204653648880002e-01	   9.1015522838231966e-01	   4.3816587735487156e-01	   8.4515439621888200e-01	   7.4776180420734684e-01	   8.3488299666359889e-01	   4.7667255672919157e-01	   2.6398990886239926e-01	   6.8658396599793881e-01	   7.1074634538511228e-01	  -5.8167406795641668e-02	   1.5442360035443925e-01	   7.6391249803985473e-01	   8.0314071236422979e-01	   9.9642819359216106e-01	   7.8993783110880111e-01	   5.9743471411764615e-01	  -4.3469004686761271e-02	
   7.4815575753311703e-01	   6.3449812917545367e-01	   8.6296681272451414e-01	   9.6866415111843496e-01	   9.5034936404920722e-01	   0.0000000000000000e+00	   9.1028672354261642e-01	   1.0594989958142831e+00	   6.2656748140385565e-01	   1.6757454656579926e+00	   6.0456738496422180e-01	   8.1877294253559663e-01	   5.4859887463214740e-01	   7.8243313768438505e-01	   7.3847213469615391e-01	   8.9482794982007929e-01	   4.7840558769728470e-01	   3.1083925046513705e-01	   8.6308537491499115e-01	   7.8967418751773910e-01	   4.0011090025153290e-01	   5.8564106233348290e-01	   9.2447252233240640e-01	   9.1715609617399851e-01	   9.2894388291795460e-01	   9.6488019689299775e-01	   1.1246405431740525e+00	   1.2275068563193825e+00	   3.0697924790796632e-01	   4.4377267359916395e-01	   7.2257209349608287e-01	   7.1295260388186255e-01	   8.2841369736327952e-01	   8.2984104304854889e-01	   9.7885160714747155e-01	   1.0093931351683438e+00	  -4.4041630740010967e-02	  -1.6121938093022475e-01	   2.9844247031537641e-01	   3.1769554443200582e-01	   3.0530998719187896e-01	   4.5291035178010020e-01	   5.1326159188201981e-01	   4.4864785123047390e-01	   6.2497701144512996e-01	   7.4184654141059236e-01	   5.0626905845335046e-01	   6.1599761038972511e-01	   6.2454037992057010e-01	   8.3940741154696719e-01	   8.5872950352336674e-01	   9.7006258134786849e-01	   7.6204654593679300e-01	   7.3581988025983414e-01	   6.3368856146169794e-01	   6.4101447936494371e-01	   6.3201234304799891e-01	   5.9877060461355858e-01	   5.9538088629927532e-01	   9.0997398660798479e-01	   7.6617889143754647e-01	   9.4652006995609284e-01	   5.6306012334127620e-01	   6.2581448001248841e-01	   8.4623445916069862e-01	   9.6618172265827273e-01	   8.8226257727980506e-01	   1.0202293628774988e+00	   7.0579821143047594e-01	   8.5820607967682050e-01	   1.3899551522872075e-01	  -3.4104273078558639e-01	   5.4735685946493395e-01	   6.4087485126620647e-01	   6.7333350324011132e-01	   8.9551809833705343e-01	   5.7120230481027967e-01	   5.1663242311260427e-01	   4.7430814902122165e-01	   5.0823609589307783e-01	   6.5296487516472634e-01	   7.3061920264495128e-01	   7.8745556197756927e-01	   8.0807537259536377e-01	   7.5455093318155109e-01	   8.6551824734138005e-01	   6.2640295941293511e-01	   5.1476600954800744e-01	   7.3396090412505177e-01	   9.3738302188249478e-01	   5.6761908362248048e-01	   7.5163625604587958e-01	   7.3310224066827823e-01	   6.0024528715004344e-01	   3.6339797590660328e-01	   1.5625379943213341e-01	   5.3914471744303794e-01	   5.8611981076120967e-01	   6.8735348774229321e-01	   7.5738445051336256e-01	   2.7683533468118515e-01	   5.8071692829032173e-01	   5.2579628295641612e-01	   5.4185883804047008e-01	   3.7015697967628258e-01	   7.9363856142549538e-02	   4.8693999607161109e-01	   5.7163464459806812e-01	  -2.1638633667073814e-02	   1.5214163124586511e-01	   7.5528524115782958e-01	   6.6103615245900083e-01	   7.7325098200864106e-01	   6.2512093273743152e-01	   4.4299549630993368e-01	  -2.4508112827010867e-01	
   1.1499705531703106e+00	   6.9843362972372991e-01	   1.8984481639938071e+00	   1.0782627762527630e+00	   1.1846674331030760e+00	   9.1028672354261642e-01	   0.0000000000000000e+00	   1.1461269510453820e+00	   7.8657585520931872e-01	   8.6505255927198421e-01	   1.0178656123594738e+00	   9.0295318795242496e-01	   1.0486588584949244e+00	   9.3182975523407319e-01	   9.2922893609271717e-01	   9.4729310103918085e-01	   5.5083704321318161e-01	   5.3057638406597019e-01	   1.0352851948757860e+00	   9.2183707608464693e-01	   5.6206003905693469e-01	   5.9980865924799809e-01	   1.2027853936040833e+00	   1.0229221258186671e+00	   9.9761522862103469e-01	   8.6452335881947184e-01	   8.7629137855230455e-01	   7.4206740128981985e-01	   4.5392775971620269e-01	   5.4882590369863737e-01	   7.7198421474563916e-01	   7.2527384736209422e-01	   1.0285739618126266e+00	   9.0998260767983608e-01	   8.9999169142601865e-01	   8.2442436944388797e-01	   1.0939762255233458e-01	  -4.7534119308883523e-02	   5.0496643832218879e-01	   5.1579169978261330e-01	   4.1485131741495618e-01	   5.2465657961921186e-01	   5.8354527703222236e-01	   4.9350531807555392e-01	   6.7567214281278953e-01	   7.2357823020565515e-01	   5.4260506596519331e-01	   7.2039724709087705e-01	   7.7189195037992131e-01	   7.2964269450008878e-01	   9.5138614360636253e-01	   9.6213866184270269e-01	   6.8012376394829688e-01	   6.4552232356716788e-01	   8.3712842617043648e-01	   8.8704812421105561e-01	   8.3338655335331713e-01	   7.7217999753714672e-01	   8.4960595241723802e-01	   7.9646927932698530e-01	   1.1989295297375766e+00	   7.7291861511007631e-01	   7.9273896112967868e-01	   7.1867283501800050e-01	   1.0515156411245004e+00	   8.4616741122604633e-01	   1.2178549329125032e+00	   1.0720762134828630e+00	   9.3394627506115968e-01	   1.0349125073222631e+00	   7.1597174342432360e-02	  -2.6529325332971704e-01	   5.8970023747140654e-01	   6.0931348058856760e-01	   7.7002260398303524e-01	   6.7533553196696849e-01	   7.1850620705327717e-01	   4.4172239022842630e-01	   7.0737814399615973e-01	   8.1063224966548075e-01	   8.5972573635653671e-01	   9.8501944329401347e-01	   1.0877437343203316e+00	   9.5945373750760543e-01	   9.1592671367541301e-01	   1.0336510439496118e+00	   8.3169936990639526e-01	   6.4222090646762586e-01	   1.2915435981223966e+00	   1.1111241394452636e+00	   7.1190581159751054e-01	   1.0576824448207400e+00	   8.8606563332696742e-01	   1.0444476908535774e+00	   3.4767853027246037e-01	   8.7720243749040541e-02	   7.5201482848645351e-01	   7.0811856755016245e-01	   8.0774317628064862e-01	   1.0021118030199121e+00	   4.3498479950936536e-01	   1.1678968269717531e+00	   6.9056196027888772e-01	   8.7911578079119745e-01	   5.1846751840612704e-01	   3.4266264178824501e-01	   7.8925431223070008e-01	   8.5937585030837038e-01	  -8.8568920352724151e-02	   1.8475954678596862e-01	   8.8111672393916363e-01	   8.6673540709909003e-01	   1.0827066234650093e+00	   9.1705782751641474e-01	   6.8457884171952954e-01	  -5.0991355409838020e-02	
   9.6043940058556898e-01	   7.0675996913197170e-01	   9.9857817473110677e-01	   1.7076552826261968e+00	   1.0870948134867302e+00	   1.0594989958142831e+00	   1.1461269510453820e+00	   0.0000000000000000e+00	   8.3994395999867766e-01	   9.7968961956546519e-01	   7.6276541706513101e-01	   1.3017984127769182e+00	   6.0933758199694743e-01	   1.1061727990009549e+00	   6.6433782128923580e-01	   9.6864250274210284e-01	   5.3409492032884298e-01	   5.0899620150351388e-01	   9.5878573256264299e-01	   8.7722984795358760e-01	   3.4462567970587571e-01	   3.9977815327413674e-01	   8.9475060120510375e-01	   1.1681960047453808e+00	   6.5899411530319441e-01	   8.0135294557132053e-01	   5.9832427940138677e-01	   6.0288789271810450e-01	   4.7695250934469102e-01	   7.2423598209957618e-01	   8.5774153493038308e-01	   9.4951655528875023e-01	   1.1083982382993258e+00	   1.2003310344657052e+00	   8.2875752590873208e-01	   9.0841819732820728e-01	  -1.6493613408296531e-01	  -3.8580906977931634e-01	   1.5874439763234860e-01	   2.0685013245224518e-01	   2.0280144791154942e-01	   3.7534589871931384e-01	   4.9851305650834171e-01	   4.7781268731510335e-01	   6.8634924311076728e-01	   7.6858982952863586e-01	   5.1099860987692758e-01	   6.2948212667987302e-01	   6.3737690670479685e-01	   7.9596958937500095e-01	   8.1377351953264432e-01	   1.0103269616580492e+00	   7.4550555524538753e-01	   6.7396959402152290e-01	   6.1260054550798515e-01	   6.2988189230144720e-01	   7.8710018338651855e-01	   7.3932888150471310e-01	   7.8988699117825500e-01	   1.0140612776321849e+00	   1.1950880371776345e+00	   1.4462719839672311e+00	   7.9516191234370970e-01	   8.9201380989333956e-01	   1.0407151095044576e+00	   1.1554367649915929e+00	   1.0122887941412855e+00	   1.2006263955701884e+00	   7.4602381124066464e-01	   9.1899087667850721e-01	  -1.5014376066404827e-02	  -4.4079628497524903e-01	   7.0905330251605736e-01	   8.0160499654517881e-01	   8.4670632562240700e-01	   7.9787421656109669e-01	   6.0553632899936005e-01	   4.3490727728979989e-01	   6.8556382525606718e-01	   6.9448671455337407e-01	   7.1831874520246597e-01	   8.4797306363364244e-01	   8.6037164073888861e-01	   9.1275968756355830e-01	   7.7004248379933837e-01	   1.1146728116492666e+00	   4.7516625384179750e-01	   5.0196806033773711e-01	   8.3127847740438232e-01	   1.0414096982228462e+00	   6.2191545012858085e-01	   8.3318426977028892e-01	   8.0453402666613560e-01	   6.0964298126304939e-01	   3.5958310257419362e-01	   1.1382961368524831e-01	   5.3639146200879317e-01	   5.9873599992349824e-01	   7.4111138864683890e-01	   8.2197688510767586e-01	   2.9748921458432570e-01	   6.7827461771463016e-01	   5.2431039549644698e-01	   5.7320090792569334e-01	   3.5325401927772454e-01	   2.9948789268818311e-03	   4.4298353216647890e-01	   5.3856048104828225e-01	  -1.9692163288759240e-01	   4.2232304295704765e-02	   7.6019989971866953e-01	   7.3483563971244770e-01	   9.1124062921813653e-01	   7.4805624821733963e-01	   5.9366763014668811e-01	  -2.4182057572195315e-01	
   8.5187994741712658e-01	   7.6599413765983615e-01	   7.3751010265009387e-01	   8.9190841984573488e-01	   7.9478802371827006e-01	   6.2656748140385565e-01	   7.8657585520931872e-01	   8.3994395999867766e-01	   0.0000000000000000e+00	   5.9177801091246907e-01	   5.7280922924108468e-01	   9.9583178228082769e-01	   5.1369013009659381e-01	   9.7442864962357545e-01	   8.3343681472772979e-01	   9.1650843124950387e-01	   4.7330255987375019e-01	   5.4242295986372313e-01	   8.6602316123161449e-01	   8.3106711358805385e-01	   3.7321537819340295e-01	   4.0803617202002779e-01	   9.2407125216294284e-01	   9.9783875125083443e-01	   6.8670691162532327e-01	   8.7603700786832106e-01	   4.3883434316631148e-01	   3.8036255303457256e-01	   6.7446075891400059e-01	   7.2058170106438124e-01	   7.9429357756360375e-01	   7.5957035863106559e-01	   7.4579960900125974e-01	   7.1207407602261164e-01	   6.1612360897285745e-01	   7.1632895789894202e-01	   2.8202285647208808e-02	  -2.1694129250649047e-01	   1.5363744854177197e-01	   2.1991598606252566e-01	   3.3476273462504236e-01	   4.6990697170879270e-01	   5.7649365150273824e-01	   5.6632550148583438e-01	   5.6150393618757144e-01	   6.3688333510910733e-01	   5.6465516298308049e-01	   6.7394088930060136e-01	   5.7976720786995017e-01	   7.1847676697980267e-01	   6.5531283517902994e-01	   7.4484801237284326e-01	   8.1401984270676142e-01	   7.9986818167670226e-01	   6.2409743616166868e-01	   6.3306616615938949e-01	   7.2768589509051851e-01	   8.3468167474666422e-01	   7.7470479985534602e-01	   8.5492581953207947e-01	   1.0089813841050206e+00	   8.3415776540053299e-01	   5.7577784853056824e-01	   5.9821277738191825e-01	   6.9147805107567106e-01	   6.3046244747752311e-01	   8.3301021239146944e-01	   8.2840720568004667e-01	   7.7467872752832179e-01	   8.7713046675867579e-01	   3.1295936067001144e-02	  -1.5060584552818548e-01	   8.6154256203347679e-01	   7.9153525444142903e-01	   8.0329359864851235e-01	   5.5427784140140512e-01	   7.5543002051948438e-01	   4.5599952109341557e-01	   6.5491468502462613e-01	   8.5838271519918929e-01	   6.6997572166715536e-01	   7.6140445389395883e-01	   8.5353915904350675e-01	   8.7201305168437637e-01	   7.0051309967663755e-01	   8.2044738569049758e-01	   5.2446843506336427e-01	   5.0250319083463324e-01	   8.5838801790535368e-01	   1.0075372073729489e+00	   5.6160465984722496e-01	   7.0295319172869497e-01	   5.6243337997926313e-01	   4.2601836714594266e-01	   3.9396719264466695e-01	  -1.0142591780005264e-01	   5.0111284205313478e-01	   6.0226464654777156e-01	   6.3985214829626014e-01	   7.0881824401501770e-01	  -3.5220645054504687e-02	   3.5548627282966433e-01	   2.3817384693076260e-01	   3.5685894914721489e-01	   2.5355603128293286e-01	  -4.1175620301465703e-02	   1.8932127775061963e-01	   2.5683881294322142e-01	  -2.1354934285996149e-01	   8.9622389523231982e-02	   6.4404500080165483e-01	   6.5249976292414003e-01	   7.1556337282811711e-01	   5.7435964027270803e-01	   4.4567057782294905e-01	  -2.6892021426785045e-01	
   6.3506020547537978e-01	   5.6241129611378837e-01	   8.4077094245682704e-01	   9.6724431921949172e-01	   9.6344220205232212e-01	   1.6757454656579926e+00	   8.6505255927198421e-01	   9.7968961956546519e-01	   5.9177801091246907e-01	   0.0000000000000000e+00	   5.0971287673544130e-01	   7.2920348899731735e-01	   4.6134785840577514e-01	   6.9345509357794077e-01	   6.3500336971446447e-01	   9.5697951042061891e-01	   4.2080459624911026e-01	   2.0596633246378926e-01	   8.4525413901998325e-01	   7.3605982578579265e-01	   4.1575119744331390e-01	   6.0099534637831664e-01	   9.0137098587399511e-01	   9.7690184585741002e-01	   9.8254012691909487e-01	   1.0051533098156176e+00	   1.0767534042185254e+00	   1.2245544304004656e+00	   2.3412911168426698e-01	   3.6045225494417127e-01	   6.9085619777226936e-01	   6.2953412777789275e-01	   7.3877599930767790e-01	   7.3443192163516013e-01	   1.0088797851468589e+00	   1.0181946465399361e+00	  -5.6831797553244572e-02	  -1.6414221757617403e-01	   2.6840513966597973e-01	   3.0941061595509212e-01	   2.4375386118476311e-01	   3.8709112265595524e-01	   5.2927764590078852e-01	   4.4810883461495854e-01	   5.6585757028488048e-01	   6.6101871976761584e-01	   4.9173898603901245e-01	   6.0458852781884909e-01	   5.9232033634643577e-01	   8.0454230480625688e-01	   8.4679834177669955e-01	   9.9295159578660341e-01	   7.5253539389422064e-01	   7.6616277047223913e-01	   6.2059602950533255e-01	   6.3187894255950561e-01	   5.5757448333160142e-01	   5.2655337567679117e-01	   5.1832546714795691e-01	   8.4715430141890791e-01	   6.5600789770041468e-01	   8.8921410851826188e-01	   5.7425326675328192e-01	   6.0951089083538879e-01	   9.2771795476162500e-01	   9.8782578619569383e-01	   8.1448506530834464e-01	   9.2560016186843463e-01	   6.6977047917103250e-01	   8.2679824243418265e-01	   1.4576512395025712e-01	  -4.3389010887160750e-01	   4.4834390475802954e-01	   5.8088778671874275e-01	   5.8969415926967617e-01	   9.0313379650555869e-01	   5.5090694289637454e-01	   5.2272844526148898e-01	   4.2517713350942044e-01	   4.3644080195271279e-01	   6.3931132634556453e-01	   7.3330046019579997e-01	   7.2492054207941137e-01	   8.1929518322065165e-01	   8.2597944279611746e-01	   9.6078149000084168e-01	   5.3476361405011641e-01	   5.8489847159297625e-01	   6.7410925874670735e-01	   9.2420091327674803e-01	   6.1706455159609053e-01	   7.7871561566671976e-01	   8.1140690153489292e-01	   6.3863095484376187e-01	   3.9304697869309441e-01	   1.1801937658046600e-01	   5.2318306035927420e-01	   5.7381777365791653e-01	   7.1972600848414470e-01	   7.3003193335567362e-01	   2.9106440490412322e-01	   5.8784211660398455e-01	   5.3071742638022246e-01	   5.4102857633213675e-01	   4.4399074661490801e-01	   1.4289001305364044e-01	   5.0789286093032682e-01	   5.8636647409417275e-01	  -2.2493728578489174e-02	   1.7688952281682152e-01	   7.5007075038329263e-01	   6.8924942448787696e-01	   8.0805597893482239e-01	   6.5125798238574339e-01	   5.5292861612155264e-01	  -1.3588324268875082e-01	
   1.0119705903792833e+00	   6.5076399687127884e-01	   8.7151921807600607e-01	   6.0052761566929613e-01	   8.3545500132807038e-01	   6.0456738496422180e-01	   1.0178656123594738e+00	   7.6276541706513101e-01	   5.7280922924108468e-01	   5.0971287673544130e-01	   0.0000000000000000e+00	   9.1554366830839529e-01	   1.3645506534189171e+00	   9.3617865128564159e-01	   1.0447486275770932e+00	   8.0286922768462499e-01	   7.1280515775676057e-01	   6.4939955223884283e-01	   8.4551058381882682e-01	   8.1426756645114562e-01	   4.3717864847478144e-01	   5.3201920279313963e-01	   7.2460746641076190e-01	   5.3569004856528157e-01	   6.5916680902767022e-01	   6.4261909281095930e-01	   6.3839114436623268e-01	   5.0091616604163436e-01	   7.2264521714766305e-01	   7.3662630360768488e-01	   7.6456244060123535e-01	   7.6174026894727265e-01	   9.7123234905254618e-01	   8.6125968421565835e-01	   5.1948472273137658e-01	   5.1766153029733653e-01	   5.4491081509285805e-02	  -3.8581758583182352e-03	   3.0583982596384141e-01	   3.5023864745885785e-01	   3.7156977542721370e-01	   6.9528790758058212e-01	   7.7382270284991783e-01	   7.1225729974047769e-01	   8.1964125766049867e-01	   8.1734842886381831e-01	   6.7195135554454533e-01	   7.3189958424631507e-01	   7.3064291975194362e-01	   6.1092882741578947e-01	   7.5407966529221593e-01	   6.9110803252075803e-01	   5.2875642123456135e-01	   5.2164291454439982e-01	   7.7182840049882939e-01	   8.6740597072128278e-01	   8.1037719232016647e-01	   6.8724306097826193e-01	   7.9476038657895443e-01	   5.3765672956344268e-01	   1.0243525559752866e+00	   5.7129635917450250e-01	   9.8298626514692389e-01	   8.3509558339448509e-01	   5.7595918625253728e-01	   4.5102233514856471e-01	   8.5435875683635998e-01	   7.2002350860648079e-01	   7.2444317264609881e-01	   7.0576686317374593e-01	   2.5038851377708687e-01	  -4.3061415217095569e-02	   6.5264157496561537e-01	   7.5308661823588574e-01	   7.3839220974918685e-01	   6.0966524257643417e-01	   8.0708946160279604e-01	   4.4696406020429524e-01	   8.2930535182736276e-01	   8.9262833225106786e-01	   1.0367634043026279e+00	   1.0083597949890128e+00	   1.0115214025804753e+00	   7.6566537069888407e-01	   8.2069378149870142e-01	   7.2524759138284900e-01	   6.6089494993531861e-01	   4.7392964466617504e-01	   8.0303219961916350e-01	   7.1360231258834517e-01	   3.8763094520649538e-01	   6.5000915527292813e-01	   3.9753249329489043e-01	   5.7912615612463270e-01	   3.1045671195995894e-01	   2.7653674612973973e-02	   7.7154619311859007e-01	   7.0418479100995501e-01	   7.2457513231767201e-01	   8.4172103284624855e-01	   1.6900646885646003e-01	   7.3593143052398979e-01	   4.5969027501092796e-01	   6.5823685500513318e-01	   1.9294762932695825e-01	   1.4379969491561315e-01	   4.1569593761960216e-01	   5.6307047695339363e-01	  -1.6538826080487223e-01	   6.2808163544819912e-02	   6.6792054527600264e-01	   6.4300098053829968e-01	   7.4077693841284376e-01	   6.6261834641670436e-01	   3.4818042070931865e-01	  -1.4053287765987510e-01	
   1.1958599909672167e+00	   1.0818229906340850e+00	   8.0475749599620094e-01	   1.0705933310152276e+00	   8.8707634309570405e-01	   8.1877294253559663e-01	   9.0295318795242496e-01	   1.3017984127769182e+00	   9.9583178228082769e-01	   7.2920348899731735e-01	   9.1554366830839529e-01	   0.0000000000000000e+00	   7.0935408764866303e-01	   1.5944688539130327e+00	   8.0785106255952888e-01	   1.0295577602414878e+00	   8.6703384964706343e-01	   9.2134981864882681e-01	   1.2139693048231799e+00	   1.1094945729418817e+00	   3.0997338028321136e-01	   4.2143962755495340e-01	   8.3811021278977527e-01	   8.7877752536507425e-01	   6.3850827454846815e-01	   7.9514115267473751e-01	   5.5896268742191402e-01	   5.3153560035812486e-01	   8.1965896361192569e-01	   1.1040244710304685e+00	   9.4111478204700350e-01	   1.0567894703139979e+00	   1.1623239564139261e+00	   1.2199680697642206e+00	   7.0019591330994357e-01	   7.6479788977067398e-01	  -1.0299160475298695e-01	  -2.3550513184296690e-01	   1.4665399335270998e-01	   2.2502714545598268e-01	   2.9146967342008162e-01	   6.2122286344322308e-01	   7.9859801000119701e-01	   7.8669819117614104e-01	   9.3748401022739647e-01	   9.8548277165703158e-01	   7.7604677153465929e-01	   8.8383173376735114e-01	   7.7899045014738810e-01	   9.5541165394525118e-01	   8.7880946787703706e-01	   9.8017371817491972e-01	   8.6520765744703998e-01	   8.1482928143118816e-01	   7.8630797616466153e-01	   8.3737462261277706e-01	   1.1106420549697005e+00	   1.0943387198593786e+00	   8.7488546356830676e-01	   9.4728432559658782e-01	   1.1878211982992608e+00	   1.1271678822102098e+00	   9.6147778418377405e-01	   1.1245118510200176e+00	   7.2639971365324818e-01	   7.7706126133341491e-01	   9.5761256256037386e-01	   1.0093979182251340e+00	   8.0703276851960348e-01	   9.2096410240863258e-01	   1.5652466871562673e-01	  -2.7032265903342589e-01	   1.0838992623704868e+00	   1.3678519492058860e+00	   1.0962728575907901e+00	   9.5762987009766121e-01	   9.4087655615980859e-01	   6.1928340099939039e-01	   9.5544047193478387e-01	   1.0465918976658819e+00	   1.0051148010976687e+00	   1.1303178721270526e+00	   9.6623005158780817e-01	   1.0687869708226447e+00	   8.4521794417362017e-01	   9.9210387296885882e-01	   5.7326285379402331e-01	   5.5020862808626703e-01	   8.0677356196774785e-01	   1.0486752506675046e+00	   5.5012418132726115e-01	   7.9574863483637048e-01	   5.8290786574981934e-01	   4.8938992556405275e-01	   4.6348383359914436e-01	  -1.8250112677426739e-02	   7.3504812814360210e-01	   8.3016945451535284e-01	   9.8729347793255484e-01	   1.0673364745465395e+00	   1.5466155364043530e-01	   5.4134246704985967e-01	   4.8161140873396635e-01	   5.7713580645944129e-01	   2.8541959693674890e-01	  -7.7067057859817642e-02	   2.7647997836056148e-01	   4.9020500875484496e-01	  -2.7377274257976270e-01	   5.9241802181879098e-02	   8.5375414337753686e-01	   8.7255389626537283e-01	   9.4907401458071528e-01	   7.9818822155701052e-01	   5.3224784089484345e-01	  -2.8560501665099042e-01	
   9.4272499745843097e-01	   6.4348469771986783e-01	   9.9612782723070015e-01	   4.8939782120857622e-01	   7.4191554065261534e-01	   5.4859887463214740e-01	   1.0486588584949244e+00	   6.0933758199694743e-01	   5.1369013009659381e-01	   4.6134785840577514e-01	   1.3645506534189171e+00	   7.0935408764866303e-01	   0.0000000000000000e+00	   9.5471761423561285e-01	   9.7594003382210093e-01	   7.2000757727132758e-01	   5.3127869100763481e-01	   4.6172317910335492e-01	   7.1261985005572182e-01	   7.1861149578563999e-01	   6.7013054098503722e-01	   6.7908524401419246e-01	   6.9162444463952677e-01	   4.2476807615409401e-01	   7.5975031875629517e-01	   6.2645915794234186e-01	   7.2541117908272490e-01	   5.1572145412439407e-01	   5.4038923297241748e-01	   5.2398154535253805e-01	   6.4566467869526589e-01	   5.8491393398412073e-01	   9.4887092446660781e-01	   7.5875321087964898e-01	   5.8961375451743314e-01	   5.2173800688867211e-01	   2.5073387134738556e-01	   1.6235459377180078e-01	   5.4346295027337166e-01	   5.2291064416057798e-01	   4.9707712527438963e-01	   7.8219868883720589e-01	   7.5138639248442740e-01	   6.5270296345170642e-01	   7.3174430350301223e-01	   7.6297504828355156e-01	   6.6235622635937141e-01	   7.5984670461611092e-01	   8.2388878700723422e-01	   6.3319601399717340e-01	   9.0404763606904048e-01	   8.0153697247899369e-01	   5.1010214120208963e-01	   5.1407846083012410e-01	   9.8934596491278326e-01	   1.0143191540902750e+00	   7.0918612859188501e-01	   6.5715339021569374e-01	   7.3953646542220497e-01	   4.4676131769424365e-01	   1.0384212829046648e+00	   4.1620511088764012e-01	   7.4243989706684888e-01	   5.8612559222268545e-01	   5.7884933762171364e-01	   4.4878073168020249e-01	   8.6508079838370167e-01	   6.6370405302541458e-01	   7.3846643708842086e-01	   6.9990845722652772e-01	   2.1868713311472343e-01	  -1.1489599809378350e-02	   6.1283009825569978e-01	   6.3292340800678282e-01	   6.9574586892572510e-01	   5.8598569306948312e-01	   7.3516115124104753e-01	   4.5612590106474882e-01	   8.1418520312443388e-01	   7.6719798866487310e-01	   8.8833389644535987e-01	   9.1170786772175616e-01	   9.1678283751105738e-01	   6.8788406728699991e-01	   7.9296436135891635e-01	   6.9595104300173993e-01	   8.1522722011806459e-01	   4.8505560942921544e-01	   9.6153561489024109e-01	   7.1201231476391491e-01	   3.4402799416021496e-01	   6.0471709400906548e-01	   3.5330191976378211e-01	   5.7675928450378078e-01	   3.3080147985071662e-01	   6.6716699642751259e-02	   9.7794019612660210e-01	   8.3562674799167225e-01	   7.0099214389781073e-01	   8.3057602187515722e-01	   1.9640570053517870e-01	   7.9698997947463024e-01	   4.0229520533996010e-01	   6.5664037236506867e-01	   2.4856628930401711e-01	   2.1142003553365923e-01	   4.7088493725524666e-01	   6.2465782834979211e-01	  -1.0214859463697043e-01	   1.6522573999558021e-01	   7.6369516448912123e-01	   6.5120364532131225e-01	   6.8016745989261851e-01	   7.4714304430980727e-01	   4.6861321172391462e-01	  -8.6842309370784451e-02	
