   0.0000000000000000e+00	   1.4235396901968618e+00	   6.5172972634630233e-01	   5.3622749551627780e-01	   4.9697719925231243e-01	   5.2665022793611405e-01	   7.8280321651661267e-01	   8.4775052357414749e-01	   4.8736517400619306e-01	   3.1764155103365066e-01	   8.8114910660015355e-01	   1.0923869856702328e+00	   9.8619850217035732e-01	   9.6829964987007633e-01	   8.9512792723927581e-01	   8.4391935181226130e-01	   6.7088026652903365e-01	   7.9491856583355991e-01	   1.3008851237977415e+00	   9.9555996871529606e-01	   6.5819407270591102e-01	   7.1171165243381151e-01	   7.4057758602483781e-01	   5.8767464056138352e-01	   4.5075525627099250e-01	   4.3792338829018018e-01	   5.5248599992130243e-01	   5.0739701793104730e-01	   6.4257657555498182e-01	   6.6197466107668923e-01	   5.6410756907601589e-01	   5.1845174804644556e-01	   1.0429725079643841e+00	   9.2855261099801856e-01	   6.0774527132972600e-01	   6.2033053913032687e-01	   1.7698818762106169e-01	   2.9151340500146483e-01	   4.6136819625854386e-01	   5.5445894324181466e-01	   5.4519025335378002e-01	   6.9584422463499063e-01	   7.7106516473860420e-01	   6.9707942101545539e-01	   6.0725955393488462e-01	   6.1243788076743821e-01	   6.3193170055615000e-01	   6.6316083509090262e-01	   4.8173022118140008e-01	   3.8469328551140980e-01	   7.6253938647174879e-01	   5.2324816382121508e-01	   5.4155688998902618e-01	   2.1016423400038275e-01	   9.0471079926337539e-01	   6.0467234856236174e-01	   7.7168329504855793e-01	   1.0095763182140287e+00	   9.3606696160685643e-01	   8.2892855645395003e-01	   8.7024806323237713e-01	   5.5457003238822500e-01	   8.9828508384978834e-01	   9.2141468562338980e-01	   3.4154772302342096e-01	   6.9897140550995374e-01	   8.6974878262049005e-01	   8.2776126371243597e-01	   6.7263002650139825e-01	   6.4523071803883614e-01	   5.2394247481056899e-01	   4.7666469994626270e-01	   9.5957814160217969e-01	   7.8463863948967949e-01	   9.0275099322438113e-01	   7.6791646043156958e-01	   1.0521093685470155e+00	   9.5632390732900530e-01	   5.3856994548140624e-01	   7.7462720030335097e-01	   7.7291752917943901e-01	   8.7829262497504168e-01	   6.4969861234420656e-01	   6.5157935292950142e-01	   9.3545323075643216e-01	   8.6364510141332773e-01	   2.2209226690957481e-01	   2.7040718689708942e-01	   5.4763443469222950e-01	   5.4237600891954585e-01	   2.8251716466225552e-01	   2.1195705270284246e-01	   3.1852461428904744e-01	   8.7051076255944090e-02	   2.8293644762049058e-01	   1.7963292219153618e-01	   6.4696374164941373e-01	   7.7237303955981185e-01	   5.4276261124062419e-01	   6.8289001184095099e-01	   3.8696903186753240e-01	   4.2470949354603316e-01	   2.2452400991131849e-01	   3.5670526093346494e-01	   6.9347561085207926e-02	  -1.6022729469851973e-01	  -7.6141208015346171e-02	   1.0088672567525617e-01	   4.8309354468489926e-02	   2.1288965231707813e-01	   5.6747511759946623e-01	   5.5505930744427456e-01	   5.9985433972858537e-01	   3.1028515904510751e-01	   2.1728298427203355e-01	  -4.3213073240369670e-01	
   1.4235396901968618e+00	   0.0000000000000000e+00	   5.9075614191525960e-01	   5.0990765057751064e-01	   4.3836455020000353e-01	   4.9849282784146243e-01	   6.8495799013355008e-01	   7.6326956974025129e-01	   4.0230120920872542e-01	   2.6516719548990447e-01	   7.3607141275014687e-01	   9.0886552835927370e-01	   7.5684751467397782e-01	   8.1032750849463386e-01	   7.0111267399556099e-01	   7.6873823522619178e-01	   7.3173990090422392e-01	   8.4564612428080377e-01	   1.2841031268671181e+00	   1.1575653426300536e+00	   6.6416859496475356e-01	   7.4113611113671274e-01	   6.5451109497654203e-01	   5.1352935895830909e-01	   5.0942479057112444e-01	   5.1613333098342629e-01	   4.5126798709405286e-01	   4.0931879427800510e-01	   7.7459157869996786e-01	   8.2959049101351079e-01	   6.4834947565214052e-01	   5.7393621014672391e-01	   1.1698388111296327e+00	   1.0374506982104783e+00	   6.0418362345573307e-01	   6.0621382532817047e-01	   2.5623606887050215e-01	   3.2986583478857989e-01	   4.8609115957944615e-01	   6.4529337092033434e-01	   6.3203554184338051e-01	   8.6657584381973041e-01	   8.3449689790970671e-01	   7.4857963582110598e-01	   7.4612345569618599e-01	   7.7401115846032909e-01	   8.3094075856587057e-01	   8.4202060434347348e-01	   5.6310637137170916e-01	   4.8734937248641119e-01	   7.7938550754604463e-01	   6.3395761907465509e-01	   6.0250401603952497e-01	   2.8373146677569699e-01	   1.0193282135967561e+00	   8.1441797324270215e-01	   7.3055265164928251e-01	   1.0873396456272040e+00	   8.4872962131372087e-01	   8.1102535355852245e-01	   6.1157591919658483e-01	   4.2421362821387770e-01	   8.1513581919765110e-01	   8.3646292309772252e-01	   2.2876476627724662e-01	   6.1260991726798752e-01	   8.6577446155223636e-01	   9.2404254448733747e-01	   8.1781041757925732e-01	   7.2063446154658539e-01	   4.7887664441843247e-01	   4.7612630217927021e-01	   9.4528738736534701e-01	   8.4872113088833745e-01	   8.9801965956929442e-01	   7.1578082505795226e-01	   1.1793659905544343e+00	   9.3245361864738074e-01	   5.6018135739265329e-01	   8.9397356798729033e-01	   8.6428126957094786e-01	   9.2944215833416577e-01	   8.0363359736680318e-01	   7.3818015997634334e-01	   8.9572939520209649e-01	   9.4475673423986495e-01	   2.3736237745400401e-01	   2.5191574385427945e-01	   4.4063582889869096e-01	   4.8748095772797856e-01	   2.4569532168099686e-01	   1.5712283579510455e-01	   2.6125245715546852e-01	   5.0848358867379401e-02	   2.5964198874477140e-01	   2.2832396055790419e-01	   7.7196275921688096e-01	   1.0145279082590777e+00	   6.3353114549467193e-01	   6.8746910976101050e-01	   2.8479705250483667e-01	   3.0798023312886152e-01	   1.5779749313559935e-01	   2.8194721482892726e-01	  -4.0785733397517903e-03	  -1.4805423637695397e-01	  -1.9663374248220925e-01	   1.3376559321559161e-02	  -6.1906218809084845e-03	   2.8243291146442506e-01	   5.7019971287679927e-01	   6.4160564516091267e-01	   6.2047498399709289e-01	   2.8377128606530155e-01	   2.0389534048170824e-01	  -3.9974933209373797e-01	
   6.5172972634630233e-01	   5.9075614191525960e-01	   0.0000000000000000e+00	   1.0622548988983811e+00	   7.3778251531226247e-01	   6.3838023173117253e-01	   1.4658863417891390e+00	   1.1190826924662685e+00	   4.5900845643803834e-01	   3.2143085339540983e-01	   4.5249051611991709e-01	   6.5221301428357648e-01	   9.6466399334803365e-01	   5.2281247295144484e-01	   9.3848350452732121e-01	   6.7558307601136625e-01	   2.6911931662640648e-01	   3.7118157625502129e-01	   7.5126843484596506e-01	   7.1312128999533109e-01	   6.8857963426057089e-01	   7.0970442953282464e-01	   1.2597924726479512e+00	   9.5823219690724593e-01	   6.4902178992197457e-01	   5.3329395158406245e-01	   7.3136332889351063e-01	   5.9686880033618772e-01	   2.7874097002753917e-01	   1.9942774972771399e-01	   5.2490725924802351e-01	   4.5455144859921803e-01	   6.9982155166008841e-01	   6.4180737376690500e-01	   6.5445316658516162e-01	   5.5578828143769166e-01	   2.4113552200851676e-01	   2.8109286592407368e-01	   3.6266241965259349e-01	   3.8116993236114644e-01	   1.8731526841576088e-01	   4.3225576402358679e-01	   4.3777236048037194e-01	   3.6731787450810732e-01	   3.2859637404911651e-01	   2.9641504421915454e-01	   2.9699570928422747e-01	   3.4799235049558508e-01	   3.2957513194599475e-01	   2.7468864877712135e-01	   6.0878635717531338e-01	   4.0195340091336496e-01	   4.2601570222752649e-01	   2.9268961881615124e-01	   5.1832897634860109e-01	   3.1474670818390238e-01	   2.8330602147088219e-01	   5.4906436446962570e-01	   7.0323638046591475e-01	   6.4785742061922547e-01	   8.4505960148787562e-01	   5.8453508407557964e-01	   7.8678068662656298e-01	   7.5047111193897820e-01	   8.7190984656273651e-01	   6.6615782073288166e-01	   7.7571215599575227e-01	   6.0413064392759674e-01	   8.2395196552885641e-01	   8.1265015146102615e-01	   3.0999719524307634e-01	   4.5010775853741758e-01	   2.8213297474568622e-01	   2.8370992244782595e-01	   4.2111641629222474e-01	   3.5699645325316759e-01	   4.3117445882540634e-01	   5.0100571175729924e-01	   1.0785570135206358e-01	   1.9893234550418487e-01	   4.0737287978037506e-01	   5.4438159144596732e-01	   6.0020695331089624e-01	   6.4257188901966644e-01	   9.5959628679075726e-01	   8.7413194767886093e-01	   5.0777382057642928e-01	   5.8509639272832803e-01	   9.2180676757811719e-01	   7.5577325998258194e-01	   5.3643064782291927e-01	   5.4919880648683794e-01	   6.2995988654646284e-01	   4.9935470620959421e-01	  -1.1622835853436845e-02	  -1.2694122848608730e-01	   4.1308658413654448e-01	   3.7975886155897637e-01	   3.7113211120347495e-01	   4.4375690456396955e-01	   5.9217383299251669e-01	   7.3806629984089511e-01	   3.4272051927879943e-01	   4.5584796904944158e-01	   2.4916580600465055e-01	   1.5535328892383446e-01	   1.2826716314964076e-01	   2.0058033876061493e-01	  -1.1562066106307724e-01	   2.4054318774547639e-01	   5.1470242525279886e-01	   4.1566926186114883e-01	   4.9361494112353432e-01	   4.2529256960295919e-01	   3.2073392395414402e-01	  -1.1125090545619254e-02	
   5.3622749551627780e-01	   5.0990765057751064e-01	   1.0622548988983811e+00	   0.0000000000000000e+00	   5.0343160205559045e-01	   6.6781553778486380e-01	   8.8967029410723331e-01	   1.3187301799597433e+00	   3.2398470362454806e-01	   2.9997864797470797e-01	   3.8288368638455361e-01	   7.4678757548216090e-01	   7.0863746330665922e-01	   5.6540641842138684e-01	   6.6145725373253716e-01	   6.6799614124122986e-01	   2.6415950579862013e-01	   4.0592961609603445e-01	   6.6004687087278879e-01	   6.5745585718929311e-01	   6.9136575019649116e-01	   7.6534750626784454e-01	   1.0989323997890736e+00	   1.4108824103347442e+00	   5.5473851683224451e-01	   5.2762821426287243e-01	   5.4341800716392252e-01	   5.1356445638035142e-01	   3.5383131078519808e-01	   3.0067073480693540e-01	   7.5619730584040890e-01	   8.0636806319083076e-01	   7.2257855716902519e-01	   6.7654061867286874e-01	   6.7607362566862306e-01	   7.2337957643818451e-01	   3.6183339844759016e-01	   2.9781036431406560e-01	   3.9757409867249194e-01	   4.5031502678121615e-01	   3.4444292324114917e-01	   6.3570840305990861e-01	   4.0097607211431968e-01	   3.1562872901214728e-01	   3.2477950426298391e-01	   3.4643350975605114e-01	   3.6109904563376038e-01	   3.5811255551805771e-01	   2.7284024170113985e-01	   1.8715121894369352e-01	   5.1583250219698717e-01	   2.9803087657792693e-01	   5.0120072197586307e-01	   2.7803967965367327e-01	   5.7940964256889782e-01	   3.4607652899498070e-01	   3.8787978519552618e-01	   5.6866737157265690e-01	   6.7102635083217754e-01	   6.7551725436284793e-01	   7.6185107099702498e-01	   9.1207642648959553e-01	   6.1459566305932645e-01	   7.5555698035330787e-01	   5.3267496241555756e-01	   9.0084887673713787e-01	   7.3963284430293430e-01	   6.6039024765638765e-01	   7.5986286143105641e-01	   8.4336390034367958e-01	   3.9928057723476129e-01	   4.9948153287892622e-01	   2.5886800314644892e-01	   3.1372335872072094e-01	   4.2637774198701855e-01	   3.4511034885721970e-01	   3.8933858044485631e-01	   4.8657493066818686e-01	   3.0326457910738225e-01	   3.4930734210268571e-01	   5.4537906174627815e-01	   6.5097630648875915e-01	   6.4382242137838419e-01	   7.4312657202038768e-01	   7.8549385317284270e-01	   8.8154002594003367e-01	   3.9383312825259542e-01	   6.7194503472931999e-01	   7.7362276211838510e-01	   7.6709934557743964e-01	   5.1443638251159274e-01	   3.7088115841982738e-01	   5.9664981790662619e-01	   2.4123245483718736e-01	   6.7098631678476364e-02	  -5.1167541300687507e-02	   5.4810592109271949e-01	   3.8007231460810736e-01	   4.7061253640971945e-01	   4.2473500424523825e-01	   6.9226740196511927e-01	   6.8169138311821287e-01	   4.2794100200220386e-01	   5.4296804306082280e-01	   2.9944118554583465e-01	   1.5407067612436226e-01	   1.1518819948510044e-01	   1.8761746574898611e-01	  -5.3846883377002011e-02	   1.8615354799824205e-01	   5.0931147189962145e-01	   4.1879123343781516e-01	   4.0151482331806226e-01	   4.2044096777072149e-01	   2.9850804814432780e-01	  -5.8447347844384392e-02	
   4.9697719925231243e-01	   4.3836455020000353e-01	   7.3778251531226247e-01	   5.0343160205559045e-01	   0.0000000000000000e+00	   1.1923130002780367e+00	   9.3565120506294164e-01	   6.9897937967478607e-01	   1.1573003777640538e+00	   9.2873138041430203e-01	   5.1898965493939597e-01	   6.0556480464369389e-01	   7.0530061693222545e-01	   5.1227477318078563e-01	   9.7691589710873261e-01	   8.2915660553020387e-01	   1.5445264078715559e-01	   2.1751320712538610e-01	   5.2715250966404659e-01	   4.4511684188948875e-01	   6.2086604854529748e-01	   6.5495950798278491e-01	   6.4917351510028409e-01	   5.3157405938013824e-01	   8.6242679855906634e-01	   9.8016332491391689e-01	   9.5930807441559707e-01	   9.0726267982658015e-01	   1.0466050979468175e-01	   2.0665534748420300e-01	   4.2505189351413425e-01	   3.6938192840584677e-01	   6.1029185929968466e-01	   5.9862324702687875e-01	   8.5529149523947412e-01	   6.6084686364406187e-01	  -3.1274465667618698e-02	   1.1599848210067945e-01	   2.2950634317609789e-01	   2.4120537248696977e-01	   1.6649617291035382e-01	   3.3309204357847194e-01	   4.0946975157851745e-01	   3.0202942343226402e-01	   3.2435642413733229e-01	   2.8829370318314762e-01	   1.7268814653626460e-01	   1.4494633249020036e-01	   3.3569815830055832e-01	   1.7861530893660421e-01	   5.7029810914670009e-01	   3.6439049625373227e-01	   3.8237448450979039e-01	   2.8248918936641887e-01	   2.8659696528494649e-01	   1.5437045759264881e-01	   1.3484302720573005e-01	   3.6367452859628724e-01	   5.2264430621317337e-01	   4.8017291258186934e-01	   7.7685461644683618e-01	   4.7479820338459516e-01	   3.5020202644327464e-01	   3.9586132622146403e-01	   8.3138290595328845e-01	   7.3517698721924385e-01	   7.8113073544248146e-01	   6.3385875461430752e-01	   5.4341386414613402e-01	   5.9921060143604032e-01	   5.3054300918950437e-01	   3.8837056986534813e-01	   3.7473051924965173e-01	   3.1361865695414509e-01	   3.1033712510439337e-01	   3.3192451983408072e-01	   3.3199284635986065e-01	   4.2328823958178774e-01	   3.1664896816234321e-02	   2.3274162706905294e-01	   1.8373457433697132e-01	   3.4262278966594728e-01	   3.4311320759041974e-01	   3.5140026149776893e-01	   5.8044874402592417e-01	   6.0035164331872015e-01	   2.1998370696425268e-01	   4.3514323335676630e-01	   4.5249219905188953e-01	   5.0593224691202521e-01	   2.8459831494324028e-01	   3.4557499862674135e-01	   4.9477568266857819e-01	   2.7541589875784012e-01	   3.1659702906211390e-01	   1.3002261231773959e-01	   3.8890029703581519e-01	   3.2941271899309521e-01	   2.1116570323957515e-01	   2.7295616034467551e-01	   5.5007216908234813e-01	   5.4050730976497363e-01	   4.1356833302764007e-01	   4.4440127007096375e-01	   3.2414890430913351e-01	   1.6279594785427706e-01	   5.5464335567519549e-02	   6.9661491570097933e-02	   2.0532362581861857e-01	   3.4781545962195487e-01	   4.0692608728531582e-01	   3.7378463215024027e-01	   3.6795338919061382e-01	   2.8836134674681868e-01	   3.8670216775728916e-01	  -2.8901103532129546e-01	
   5.2665022793611405e-01	   4.9849282784146243e-01	   6.3838023173117253e-01	   6.6781553778486380e-01	   1.1923130002780367e+00	   0.0000000000000000e+00	   7.8328065765300992e-01	   7.6774958846449248e-01	   9.1747597306313555e-01	   1.2236433324236236e+00	   4.6548266461729498e-01	   6.7327252938920812e-01	   5.8456724031253893e-01	   4.7731251433223759e-01	   9.2245047015872783e-01	   1.1360869274801564e+00	   1.4473433976913747e-01	   3.0678327147257017e-01	   5.1895613810763153e-01	   4.8061056808852426e-01	   6.5583811100984868e-01	   7.9383414822306841e-01	   5.8066831496573701e-01	   6.2980847754036340e-01	   7.2010841679612281e-01	   9.8842717406485547e-01	   9.2336244992076100e-01	   1.0037873390884877e+00	   1.3139135658223511e-01	   2.7961234309043448e-01	   4.6338382604970879e-01	   4.2299611717517127e-01	   6.3196595327683369e-01	   6.0302567790731232e-01	   8.0297207028522333e-01	   7.3938168665318948e-01	   1.0001199270446551e-01	   2.0251091425771389e-01	   2.1147429490993838e-01	   2.4560460443729251e-01	   3.0300541363315120e-01	   4.8483852224938501e-01	   4.3251850599846225e-01	   3.2143607200411078e-01	   4.7106584224006082e-01	   4.7510151697223912e-01	   3.3424474519564412e-01	   3.1697692715686610e-01	   5.0672038265112995e-01	   3.8383054505281267e-01	   6.5447855216820472e-01	   4.9060921479940656e-01	   4.8025247998159704e-01	   3.5529248357199633e-01	   3.8191461163351964e-01	   2.7277954209508987e-01	   2.3315233403205382e-01	   3.9082159747445655e-01	   5.7862502436426277e-01	   5.8422407355196004e-01	   7.0324877195421587e-01	   5.8726950261876043e-01	   3.0325391988563249e-01	   4.3659534567880587e-01	   5.8332965112442459e-01	   8.0204296268991493e-01	   8.0249584418556563e-01	   7.0251961120521300e-01	   5.3060827815743061e-01	   5.6007653711442917e-01	   7.0389713604622439e-01	   4.8207870215749959e-01	   3.8697511397097240e-01	   3.4962007752467783e-01	   2.5712852701970201e-01	   2.6634020592064511e-01	   4.1712871182206684e-01	   4.8609287416615338e-01	   1.2084969880272051e-01	   3.8194142574129430e-01	   2.7827644595634882e-01	   4.2180759765752729e-01	   4.0981973910751024e-01	   4.4380343064211325e-01	   5.8340933487166768e-01	   6.9088979233983960e-01	   1.1947557961295115e-01	   3.8993350089673645e-01	   4.0998244458610889e-01	   5.4799052898448564e-01	   2.9391971148462248e-01	   3.1522366549059638e-01	   4.9689819999231832e-01	   2.0256436401604166e-01	   3.4347513151705084e-01	   1.5528978629565426e-01	   4.7364377558239767e-01	   4.0933135209447824e-01	   3.3108186245283439e-01	   3.8079181018723152e-01	   5.1390135998474751e-01	   5.0820987951878516e-01	   3.4054982697286967e-01	   4.0412138638011907e-01	   2.3416838180330851e-01	   7.7581353141464332e-02	  -8.7525243531457672e-03	   3.5052030981136635e-02	   2.9030372800863435e-01	   3.5319447227657003e-01	   4.3983887603254729e-01	   4.7518273128759653e-01	   3.8827203064260679e-01	   2.0060708625564333e-01	   3.8542815143539744e-01	  -1.4630982056956804e-01	
   7.8280321651661267e-01	   6.8495799013355008e-01	   1.4658863417891390e+00	   8.8967029410723331e-01	   9.3565120506294164e-01	   7.8328065765300992e-01	   0.0000000000000000e+00	   1.3034969284493412e+00	   7.0085308220785958e-01	   4.5422233002985457e-01	   6.1865817975758886e-01	   8.1777474629604130e-01	   1.0551112413721495e+00	   6.3894752781990072e-01	   1.0682976065469840e+00	   7.8581216158133260e-01	   3.0031794652474414e-01	   4.0705429690518369e-01	   8.4690243852781144e-01	   8.0031508062683410e-01	   7.9010639915478686e-01	   7.9526148395921548e-01	   1.1796615153660523e+00	   8.7712336246639377e-01	   7.8991308014638528e-01	   7.3850549559517975e-01	   7.4971965113069450e-01	   6.5813947491073788e-01	   3.7012687618243112e-01	   3.3063528229550476e-01	   6.7003642394828589e-01	   5.8934598936683691e-01	   8.8463643141693504e-01	   8.4399037180957337e-01	   8.6897039592724901e-01	   7.3344213040161932e-01	   9.2437243383814885e-02	   1.8452662775229861e-01	   3.6194643653771763e-01	   3.8065135459407312e-01	   1.9881588362073524e-01	   4.4242586089188402e-01	   5.8347854993838855e-01	   4.6269367598706035e-01	   4.0738419833683193e-01	   3.8577340963474249e-01	   3.5679533085800152e-01	   3.6422065596445874e-01	   4.2235440046420059e-01	   2.8618829678984803e-01	   8.0806625327025206e-01	   4.8621165861945526e-01	   4.8897673635527805e-01	   2.9094225600661017e-01	   5.1818183087809255e-01	   3.1404580407439098e-01	   2.8877203119633643e-01	   6.0278077665366536e-01	   8.6738055099682754e-01	   7.7540376303282132e-01	   9.6012054795667301e-01	   6.0299210290371064e-01	   7.9001265684368327e-01	   8.4681658674445559e-01	   8.5441851612990605e-01	   8.8903874616786016e-01	   1.0555751099277013e+00	   8.3512760226514171e-01	   6.6751543645285694e-01	   7.5953284281984557e-01	   4.3291266810593654e-01	   4.3294260276297492e-01	   4.2635274318132238e-01	   3.8230311703327402e-01	   4.3237154033609926e-01	   4.0666939762047721e-01	   5.4740725424541647e-01	   6.2703550649530182e-01	   1.4537018120547479e-01	   3.0606757389513728e-01	   4.3398885845213137e-01	   5.7472168877058050e-01	   5.6656481482749521e-01	   5.8414106347307437e-01	   1.0381108869008897e+00	   9.7842440358219696e-01	   3.6969589723290530e-01	   4.4521118180618857e-01	   7.6072612417943186e-01	   6.6733364602433953e-01	   4.4553997871914852e-01	   4.8343594066773332e-01	   5.8703034022995559e-01	   3.8725680219172076e-01	   1.1942754715125224e-01	  -2.7236534872571529e-02	   5.0779746736259268e-01	   4.5802754332946771e-01	   3.9724912353767233e-01	   4.8979873472699642e-01	   5.8277825822733720e-01	   6.8663591104617150e-01	   3.3590512052752974e-01	   4.6882516954978704e-01	   1.9808541073619518e-01	   1.0146976111069471e-01	   3.9481142053447292e-02	   1.5453515479559091e-01	  -8.3760452073377595e-02	   3.4524458841155270e-01	   5.3582683222518379e-01	   4.2493087104790206e-01	   5.0434352618385669e-01	   3.3493145116652134e-01	   2.7015308787953440e-01	  -2.5231367892470669e-01	
   8.4775052357414749e-01	   7.6326956974025129e-01	   1.1190826924662685e+00	   1.3187301799597433e+00	   6.9897937967478607e-01	   7.6774958846449248e-01	   1.3034969284493412e+00	   0.0000000000000000e+00	   5.7652396783641480e-01	   4.0742670939214370e-01	   5.4814395611552613e-01	   1.0084501391756127e+00	   9.8472720754944887e-01	   8.0935186953480776e-01	   8.8873405467841904e-01	   8.1151293683271897e-01	   3.0583923819412212e-01	   4.7710200653698404e-01	   8.3487548480930562e-01	   8.5281882938263087e-01	   8.2302831289294542e-01	   8.7437297537926661e-01	   1.0891700341253727e+00	   1.0384055470470233e+00	   7.0507341441433580e-01	   6.4194366161276351e-01	   6.2701840210298787e-01	   5.8100445050374205e-01	   3.8391319003654617e-01	   3.8742984538087344e-01	   7.7808677222803979e-01	   8.0295951894051354e-01	   9.8662628143384079e-01	   9.7112326296349039e-01	   9.1756017813062207e-01	   8.9768910173756733e-01	   1.5732388804447348e-01	   1.9802539027719349e-01	   4.1025257488470002e-01	   4.6993334805742981e-01	   3.3396379278540139e-01	   6.0055728024318999e-01	   5.6680651815975791e-01	   4.3371845255162672e-01	   3.7463349621799336e-01	   3.8685143181712472e-01	   3.7791949444807482e-01	   3.7053476492480297e-01	   3.2208588484684975e-01	   1.6594747951316283e-01	   7.3582401947947429e-01	   3.9530963888396853e-01	   5.7402155212406569e-01	   2.4595828021029126e-01	   6.0989809423556440e-01	   3.3375279082535531e-01	   4.1971825403175356e-01	   6.9898635312157242e-01	   9.9008986734198490e-01	   9.3554205837096627e-01	   1.0116830345100938e+00	   9.5418094757216543e-01	   7.3007846936514686e-01	   1.1063422826042260e+00	   6.6491072693056930e-01	   1.1297712483945086e+00	   1.0968815510778811e+00	   9.0016730921736099e-01	   7.2107895916692255e-01	   8.3458483397219796e-01	   5.1145066748246015e-01	   5.1853739983679437e-01	   4.6888893869987813e-01	   4.3431030874037924e-01	   4.8635923258743086e-01	   4.6849550837207937e-01	   6.4666310779946112e-01	   7.3110620956541661e-01	   2.4118481897897487e-01	   4.2989093482261692e-01	   5.9111614039968030e-01	   6.8548461014116857e-01	   6.5796294697618574e-01	   6.8188061134704425e-01	   9.9259235555345715e-01	   1.0294076778212180e+00	   3.7213326161505711e-01	   4.9523589656264905e-01	   8.2358377481156275e-01	   8.1731950322595304e-01	   4.6610136365057059e-01	   3.3437421131623801e-01	   6.2572223715798658e-01	   2.3539550728314135e-01	   1.0737728887041260e-01	  -1.7461310556406630e-03	   5.2781300889297589e-01	   4.3378113111548922e-01	   4.4159432303768897e-01	   4.5107284104769479e-01	   6.6743118219013853e-01	   6.9305150828718332e-01	   3.5882381392731832e-01	   5.3850795920955108e-01	   1.9330978985604275e-01	   4.2703725384040110e-02	   5.6519406011301974e-02	   2.0429351815383190e-01	  -5.9079691061535218e-02	   2.6709927597171779e-01	   4.5763979046206937e-01	   3.7444715965168313e-01	   4.7040771203657084e-01	   3.3809339287568130e-01	   3.5258156804908325e-01	  -2.5884254606683677e-01	
   4.8736517400619306e-01	   4.0230120920872542e-01	   4.5900845643803834e-01	   3.2398470362454806e-01	   1.1573003777640538e+00	   9.1747597306313555e-01	   7.0085308220785958e-01	   5.7652396783641480e-01	   0.0000000000000000e+00	   1.0976410873124192e+00	   4.8549485453237395e-01	   5.9911583943411162e-01	   5.4010379913823392e-01	   4.4152091359621004e-01	   1.0191521825666334e+00	   8.2336062784162145e-01	   5.8395841665758154e-02	   1.1910834613489130e-01	   4.0214936979166194e-01	   3.1165938838099783e-01	   3.1119304651618157e-01	   3.8655797294781624e-01	   3.4520709345850992e-01	   3.1272383784544233e-01	   5.3318109730052621e-01	   6.9953870081071401e-01	   4.5985786266929235e-01	   4.6048644089505608e-01	   5.1458743182229413e-02	   1.8098813620704260e-01	   2.0140766137376709e-01	   2.2506037500277490e-01	   4.5767991785521167e-01	   4.5775648781055894e-01	   6.5104612034969056e-01	   5.8006314352776289e-01	  -2.2688748089143695e-01	  -5.6280833219567769e-02	   1.0169103019595926e-01	   1.4874913929038455e-01	  -1.5016793705307744e-03	   1.4664996809580819e-01	   4.1923119981097268e-01	   3.1612164597203712e-01	   2.8754163600882021e-01	   2.8893293578508639e-01	   2.4704608293131525e-01	   1.6328825612788353e-01	   3.8442014214991077e-01	   1.6784656730774081e-01	   5.5215026546154322e-01	   4.3115105872246429e-01	   4.8209032620815662e-01	   3.4096222683076882e-01	   2.8059510471656024e-01	   1.7646817009266136e-01	   6.0367023094784623e-02	   2.5296190321268219e-01	   5.1316606765914197e-01	   5.6228055544872901e-01	   7.4536289228628427e-01	   5.0262704073067721e-01	   1.9863764989768740e-01	   2.5301322177555347e-01	   6.2554615855211793e-01	   7.3400280224585579e-01	   6.8316980275554529e-01	   5.8578137003568254e-01	   2.7005129324966964e-01	   3.4221018142080123e-01	   5.1698522668215330e-01	   3.2412247378300185e-01	   3.1628198495484283e-01	   1.8191698164042730e-01	   1.8426094909756097e-01	   1.7504040333813389e-01	   3.4816864797611335e-01	   3.5371669718431903e-01	   4.6899442614644522e-03	   2.3190099900959671e-01	   9.4693046481485174e-02	   2.3297487279146062e-01	   1.4433669964014867e-01	   1.8821810896524116e-01	   3.6624122893246880e-01	   4.6187514740708824e-01	   4.3582954545530996e-02	   2.4647607965696380e-01	   4.2647488655558558e-01	   4.9424438743507365e-01	   2.7751018361220620e-01	   3.2272313772228517e-01	   5.4935417287959099e-01	   3.1525062143021565e-01	   2.4433654892641168e-01	   1.2341028318836769e-01	   2.8854345661239167e-01	   3.1872867630256574e-01	   1.8127811433321400e-01	   2.3176577010660077e-01	   3.9053646473141762e-01	   4.5165094128943584e-01	   1.5757413184594549e-01	   2.6744362823010637e-01	   1.5408341878008519e-01	  -3.7519154317742102e-02	  -2.8312070393357515e-02	   9.1407910769816872e-02	   1.9479250047556229e-01	   3.8166212386134163e-01	   2.0710379490411188e-01	   1.9974439190028434e-01	   3.1845356681460291e-01	   1.5077817228314067e-01	   3.2533998244475021e-01	  -4.5431780840289171e-01	
   3.1764155103365066e-01	   2.6516719548990447e-01	   3.2143085339540983e-01	   2.9997864797470797e-01	   9.2873138041430203e-01	   1.2236433324236236e+00	   4.5422233002985457e-01	   4.0742670939214370e-01	   1.0976410873124192e+00	   0.0000000000000000e+00	   4.2432514128158072e-01	   4.8338269453008986e-01	   3.3504035804859983e-01	   3.4765616670934663e-01	   6.9087666906725365e-01	   9.2583620081509987e-01	   5.6992734037946996e-02	   1.9796916228903841e-01	   2.9489174797932127e-01	   2.2916053796816904e-01	   3.1741254838875221e-01	   4.2773793342321859e-01	   2.4588888337266007e-01	   3.0419643578123035e-01	   4.4496150035113080e-01	   6.8859862804604144e-01	   5.1235116257532720e-01	   5.5031188507806139e-01	  -6.2783910410028369e-03	   2.0419884995839516e-01	   2.3298434411596877e-01	   2.1406033233866106e-01	   3.7444966631557597e-01	   3.4953873385267853e-01	   4.8468932421596178e-01	   4.4069965773887715e-01	  -1.1432189697099718e-01	   4.0695390603237860e-02	   3.8079884695505280e-02	   8.9048573144112020e-02	   1.1164311154826731e-01	   2.2135910482266380e-01	   2.8889230198271149e-01	   1.9779361895117245e-01	   2.5789562531479232e-01	   2.5238777430767512e-01	   2.1185042571908322e-01	   1.5506695091940637e-01	   3.6836771699414095e-01	   2.3527123270014066e-01	   4.1009875413768071e-01	   3.7725668798730166e-01	   3.7569963900161357e-01	   3.5186190759091163e-01	   1.7673442958230109e-01	   1.3857391043446654e-01	   1.3025781994591334e-01	   2.1870441655230013e-01	   3.4539858401681517e-01	   4.0300701048164539e-01	   5.0435174047737164e-01	   4.4835875267714326e-01	   1.4782981820431590e-01	   2.1854198323756588e-01	   4.2322366256643307e-01	   4.9909441018703965e-01	   4.6631414145517408e-01	   3.8330278778548743e-01	   2.5995960347321811e-01	   3.3490137882487597e-01	   5.9198146126809903e-01	   3.5100461788880749e-01	   2.7417751793017181e-01	   2.1359987766537644e-01	   1.2269047640575689e-01	   1.5551931186291396e-01	   2.6299365495830057e-01	   3.0358248121273651e-01	   2.0864171876597198e-02	   2.9348952286448438e-01	   8.9308801976478516e-02	   2.2668001397755677e-01	   1.9889174030964490e-01	   2.1260589227882970e-01	   2.7728754170701658e-01	   3.5121896057287338e-01	   2.5016974208106883e-02	   2.3257254109109249e-01	   2.2303799193203999e-01	   3.7966337740750949e-01	   2.1899765826339371e-01	   2.3805614394672259e-01	   4.4677306634474756e-01	   1.9122703098822733e-01	   2.3211138468031606e-01	   1.1662791745744563e-01	   2.5667941092477287e-01	   2.6061884572790867e-01	   1.8697649948691944e-01	   2.1632930082424420e-01	   4.0563946204720636e-01	   3.5274705062421624e-01	   2.5949166708067400e-01	   2.7933114498765205e-01	   2.1210897362448244e-01	   4.5011715151927895e-02	   4.7214705610450700e-02	   8.5704442107590359e-02	   3.1473140193224514e-01	   4.2112408023324555e-01	   2.4613131718199482e-01	   3.0321097486609200e-01	   2.9851080594858775e-01	   1.2344452657207372e-01	   3.6505594039568778e-01	  -1.9058050715524877e-01	
   8.8114910660015355e-01	   7.3607141275014687e-01	   4.5249051611991709e-01	   3.8288368638455361e-01	   5.1898965493939597e-01	   4.6548266461729498e-01	   6.1865817975758886e-01	   5.4814395611552613e-01	   4.8549485453237395e-01	   4.2432514128158072e-01	   0.0000000000000000e+00	   9.5565430901507165e-01	   7.7813104419654600e-01	   9.5970854233051295e-01	   6.6782636989562993e-01	   7.7540271379303094e-01	   5.3271740369163179e-01	   5.6444252195017730e-01	   7.9354973134252016e-01	   6.8311051641324871e-01	   4.9349075651245872e-01	   5.2412330656486428e-01	   6.3685969085178251e-01	   5.0422681980797202e-01	   3.6631644490664239e-01	   4.3460676358015382e-01	   3.3939864209504284e-01	   2.6859773306030443e-01	   6.6759744097258700e-01	   6.5104027009046184e-01	   6.2805081706596211e-01	   5.3760017964604800e-01	   8.1103155377350256e-01	   7.5694406551718196e-01	   4.9631189737505244e-01	   4.7360147940545505e-01	   5.9484714742283444e-02	   1.9038633765944463e-01	   1.8980749617535922e-01	   2.9248841023695721e-01	   3.9764238346825298e-01	   5.7332571771196272e-01	   5.2844306696734511e-01	   4.2025813494009795e-01	   3.6611060899342746e-01	   3.4954403762204928e-01	   3.8576571442859592e-01	   3.6703586964384399e-01	   2.1975098690805983e-01	   1.4858710547200524e-01	   4.3204384479314939e-01	   2.4848469426331088e-01	   3.7134132479430670e-01	   1.3598268647022840e-01	   5.1393070259364437e-01	   3.2187344813426910e-01	   4.5761304819847226e-01	   5.9041656462952585e-01	   4.0022897197677215e-01	   3.7581605064583590e-01	   5.4686095051867556e-01	   4.1341833129361699e-01	   7.1188429193525171e-01	   6.1059200192002783e-01	   2.3206147888673367e-01	   4.7021096821496644e-01	   5.1851224695705334e-01	   5.3408727470308281e-01	   4.6854490374723323e-01	   4.9663285488166226e-01	   6.2081945046030462e-01	   4.6824599758581675e-01	   8.6382606721881539e-01	   6.7419764827132889e-01	   6.1551825309733221e-01	   6.5016780662994711e-01	   7.5302742542661638e-01	   6.1442775742086386e-01	   3.7056616198818171e-01	   6.4278944837550001e-01	   5.8561946572766554e-01	   7.0033346245520411e-01	   6.5425068132467468e-01	   5.4006815231726601e-01	   6.7996424269310396e-01	   6.1040884219551428e-01	   2.0774168474908622e-02	   1.8357329834704633e-01	   1.9035087550936608e-01	   2.7224736270008221e-01	   1.1795055570517515e-01	   8.7685318422356745e-02	   2.1735879670571068e-01	  -4.1372580866227374e-02	   2.9815124776152807e-01	   1.6004230186378390e-01	   4.8284957972054576e-01	   5.0780663884991795e-01	   3.4700922142225249e-01	   3.7369697580675237e-01	   1.9047410054031255e-01	   1.0605806146161044e-01	   9.3105892221690092e-02	   9.7774522025101326e-02	   1.0337318376892363e-01	  -1.3630916186441971e-01	  -3.1286353423151925e-01	  -2.5047652342006332e-01	   2.9591828580800377e-02	   2.9270041215848225e-01	   3.9035062252139419e-01	   4.9543212758435778e-01	   3.4369471893309644e-01	   1.2900440759099469e-01	   2.1301815549394956e-01	  -2.9491796096799738e-01	
   1.0923869856702328e+00	   9.0886552835927370e-01	   6.5221301428357648e-01	   7.4678757548216090e-01	   6.0556480464369389e-01	   6.7327252938920812e-01	   8.1777474629604130e-01	   1.0084501391756127e+00	   5.9911583943411162e-01	   4.8338269453008986e-01	   9.5565430901507165e-01	   0.0000000000000000e+00	   1.1608217430605114e+00	   1.5597213074734413e+00	   8.4417926611237648e-01	   9.2752400056192352e-01	   4.1410518030284227e-01	   5.5472240457634903e-01	   8.8427627007260245e-01	   7.5391153349322293e-01	   5.9142952324453779e-01	   7.3557941080372136e-01	   8.9599799876948083e-01	   8.4854753506686431e-01	   5.9531671239491646e-01	   6.2333809062677914e-01	   4.9391372860880489e-01	   4.4075604930986406e-01	   5.6320188097146207e-01	   6.5474152348969084e-01	   8.0800885073039774e-01	   8.4149611405873992e-01	   1.0763866674751994e+00	   9.5890844900552330e-01	   8.5196233048348480e-01	   9.1173597898593839e-01	   1.7305387982822856e-01	   2.5863513221264889e-01	   4.2071041939020953e-01	   5.2730065402299231e-01	   4.7473477328309455e-01	   7.6006270629177120e-01	   7.5296113024365929e-01	   5.9833730320053613e-01	   4.2987078634142600e-01	   4.6436715285713548e-01	   5.6280693837377416e-01	   4.8148583726035016e-01	   3.3647723427258885e-01	   1.4996228155435570e-01	   6.9783212508904524e-01	   4.0053426285421506e-01	   5.3531569793923206e-01	   1.7872080313176883e-01	   7.6422103961586896e-01	   4.3905181081382549e-01	   4.8266961637038597e-01	   6.8710988213640256e-01	   7.3418354100934224e-01	   7.2983712032723436e-01	   1.0293834731645546e+00	   9.2470894235571754e-01	   6.9308889359262682e-01	   8.8032821121361415e-01	   4.4501814819118474e-01	   1.1037522474230970e+00	   9.0491904465301631e-01	   8.7915022474825677e-01	   6.2995579287415826e-01	   6.9077761017028483e-01	   6.8356349892645740e-01	   6.1914180298323140e-01	   7.0345612787955281e-01	   6.7167671192267342e-01	   6.1349542057575912e-01	   7.1444389661368080e-01	   8.6361471960394032e-01	   8.7440488056698584e-01	   4.1339760906648204e-01	   6.5065989071235852e-01	   6.6180517116217941e-01	   8.5535108028965268e-01	   6.2702875781305656e-01	   6.6442794516105608e-01	   8.8975468973446170e-01	   1.0149250508040788e+00	   2.6059563916493678e-01	   4.0415409969468402e-01	   5.3509620051188300e-01	   6.0789619908796466e-01	   2.5108270125456289e-01	   1.2939696253510607e-01	   4.8606838383656903e-01	   6.4812812788622887e-02	   1.4394453450292177e-01	   6.8089956487205366e-02	   6.1756990568712766e-01	   6.1057911148259680e-01	   3.8438944221165838e-01	   3.9337936749893154e-01	   4.2162898306231550e-01	   3.6143232902460204e-01	   1.5374580122835627e-01	   2.4387921741156277e-01	   1.1425923381615591e-01	  -6.3133772829589513e-02	  -9.6631923414424281e-02	   3.9078408003204494e-02	  -6.8286920159863415e-02	   2.6976683950250896e-01	   4.6120066883478955e-01	   4.3728445260796578e-01	   4.8903769185098722e-01	   3.1902986195905159e-01	   4.4805710760321688e-01	  -3.5073891665568885e-01	
   9.8619850217035732e-01	   7.5684751467397782e-01	   9.6466399334803365e-01	   7.0863746330665922e-01	   7.0530061693222545e-01	   5.8456724031253893e-01	   1.0551112413721495e+00	   9.8472720754944887e-01	   5.4010379913823392e-01	   3.3504035804859983e-01	   7.7813104419654600e-01	   1.1608217430605114e+00	   0.0000000000000000e+00	   1.2049187115496505e+00	   1.0371352107854608e+00	   6.9564539855603780e-01	   3.6152134114074191e-01	   4.9233220590251481e-01	   7.9884037087794579e-01	   6.6335684807748696e-01	   6.3175453555512240e-01	   6.4634928144879833e-01	   1.0196401991805208e+00	   7.3541071515750478e-01	   5.4004388240694856e-01	   4.2472845403359616e-01	   5.9368840856320892e-01	   4.8840581505240210e-01	   4.6471125508199379e-01	   3.7002815170363368e-01	   6.0119886007174728e-01	   6.0100837901719384e-01	   8.0582483003440530e-01	   7.3089001034960266e-01	   6.7243762653461658e-01	   6.1967794854685820e-01	   1.8203482493030435e-01	   2.3402257043456992e-01	   3.2749236617775374e-01	   3.6460450145522144e-01	   4.1293515549638932e-01	   6.3153923323571148e-01	   5.4880657422482015e-01	   4.4126553293634685e-01	   2.7976240163436228e-01	   2.8799622479356618e-01	   3.2897153682621244e-01	   3.2456932543529837e-01	   2.0666663911236138e-01	   9.5629521309389273e-02	   5.9294456182506572e-01	   2.9217309797168378e-01	   4.0680207753701236e-01	   1.5742360602664593e-01	   6.0126234745178730e-01	   2.8298206225114086e-01	   4.1217773643326722e-01	   6.5615381794574501e-01	   6.7751458332208669e-01	   6.3108751173277844e-01	   1.1483889468819408e+00	   7.8157755662188622e-01	   7.9835325440374616e-01	   8.6454357290070316e-01	   5.7947127050703318e-01	   7.7764082728951367e-01	   7.8389994247961314e-01	   6.5645529602289343e-01	   6.4955909210283269e-01	   6.9196729072529839e-01	   5.0320204009427438e-01	   4.6545068622952518e-01	   5.9867932424721204e-01	   5.1181985793785578e-01	   5.6183246644215890e-01	   6.4939261187336972e-01	   6.9293113729079348e-01	   7.1866362889181523e-01	   2.6368180456319806e-01	   3.9595806939661726e-01	   5.0120666979794382e-01	   6.0781976010373606e-01	   5.8194873809169567e-01	   5.6054700028422122e-01	   9.8488817020983022e-01	   8.0222734498901505e-01	   2.9813713718103113e-01	   3.6197523765411738e-01	   6.5265780618240510e-01	   6.0118747345439827e-01	   2.7263487215785975e-01	   2.8291257185978430e-01	   3.7862944093753348e-01	   1.7946738435353018e-01	   1.5419945509020211e-01	   3.5272887892987569e-02	   4.8201742642352030e-01	   4.4492304831755070e-01	   3.0518912444735319e-01	   3.8300700033682045e-01	   4.3545754707940681e-01	   5.0259631942530014e-01	   2.3215616592829688e-01	   3.5406818873382373e-01	   1.2778605716897182e-01	  -6.0547064143417805e-03	  -3.6302467413813724e-02	   6.3975167580405973e-02	  -3.4368699284244117e-02	   2.7550712351130779e-01	   4.3167138835182139e-01	   4.0062268487327096e-01	   4.1229360196256404e-01	   2.6044061911792754e-01	   4.5465078736126563e-01	  -1.9419515200180978e-01	
