   0.0000000000000000e+00	   4.3178891504698996e-01	   5.9528525797743803e-01	   5.1308486325772940e-01	   2.4145126037767636e-02	   8.9659596399162461e-02	   7.4494051855524934e-01	   7.2299563595423388e-01	  -8.7499380696697188e-02	  -4.0565760337625614e-02	   1.1810919267188615e-01	  -4.2042309194516451e-02	   5.6200651675467034e-02	   5.9356963634509201e-02	   1.7336585943379665e-01	   9.4088705891424249e-02	  -2.4298551399445208e-02	   1.8337496401414986e-02	   9.9097963159186664e-01	   1.2554408269132087e+00	   1.6807319530861403e-01	   1.7139545999671210e-01	   6.0542811679667752e-01	   5.7679855050630735e-01	  -1.4519813595560266e-01	   9.5990790616691090e-03	   2.9765130016763430e-01	   3.1696157568183864e-01	  -2.0254776030647453e-01	  -9.3206466271381280e-02	   2.1661123481882358e-01	   2.5724623295970356e-01	   3.8065936390075794e-01	   3.0947388520403102e-01	  -2.1284477304318400e-01	  -1.9706007101761519e-01	  -2.7918889844383454e-01	  -1.8095779924663807e-01	   3.5650543631299686e-01	   5.0479889657997079e-01	   7.4710027618995964e-02	  -7.3600546585213422e-02	   7.1078020291038757e-01	   7.1189747016317684e-01	   6.5061413156767245e-01	   5.8454439948631576e-01	   3.8478093716581785e-01	   3.6597608096123180e-01	   6.3032422165310331e-01	   5.2065641186727885e-01	   6.4079878621715858e-01	   5.1161259111096180e-01	   6.1691670941274168e-01	   5.8575390657438908e-01	   7.3908678854756893e-01	   7.4769213514721578e-01	   9.9079149351662177e-01	   5.9187601310215288e-01	   7.5734667156423507e-01	   6.4733372693510405e-01	   5.5331705626604322e-01	   6.1541513059036923e-01	   1.2834249573338477e-01	   2.5399297286996592e-01	   4.0969816740518195e-01	   2.2942340063633002e-01	   8.2914667493203753e-01	   7.3067474432877921e-01	   1.0588652310916344e+00	   1.0501400993768177e+00	  -1.4321776014363952e-01	  -1.9781246602155086e-01	   6.3850275197398165e-02	  -1.1773993017065651e-01	   6.7966621310091846e-02	  -1.9932915438233964e-01	  -2.2191616261605651e-01	  -1.8787149932061714e-01	  -1.0360253300343251e-01	   1.5737347937656587e-01	   9.9526319933083668e-02	   2.5930940683568421e-01	   1.9985441194719250e-01	  -4.5387502470337793e-02	   6.3877246573365232e-01	   5.7094742368527074e-01	   6.3373418784639945e-01	   5.9417834934931069e-01	   7.0915230825869069e-01	   8.1272707551050472e-01	   4.9269777035763423e-01	   4.5572432696462695e-01	   5.8512456778174537e-01	   5.2438913742161852e-01	  -4.3282979541593360e-02	  -9.7728382270165601e-02	   2.2971623232197263e-03	  -1.1276210643205808e-02	   5.3440104046246784e-01	   5.1627182295846785e-01	   3.6720900524640493e-01	   5.0013565356124579e-01	   5.4871281632265667e-01	   6.0175165768462824e-01	   3.9081759094464286e-01	  -4.5461071575119777e-02	   6.6033240383917635e-01	   2.6236684329851379e-01	  -1.2005544494827423e-01	  -2.6820133157358306e-02	  -1.6419399114213404e-01	   2.1264176793539469e-01	   5.2544936709459844e-01	   2.3689347117999865e-01	  -2.7259668261042075e-01	  -2.7945180899394767e-01	
   4.3178891504698996e-01	   0.0000000000000000e+00	  -3.9261735613697238e-02	   8.7873948995948137e-02	   1.2440191489646836e-01	   2.2958170940200767e-01	  -4.1214354908176709e-02	   1.3943558923233998e-01	   2.0429107988911918e-01	   2.5025104136008636e-01	   4.0188605788150478e-01	   6.4195949972639177e-01	   4.5121696587413102e-01	   7.6690475941703229e-01	   2.8999450679078098e-01	   5.0026916638284713e-01	   6.6669693423115306e-01	   8.0063349910401316e-01	   5.9441894289829389e-01	   5.5503683197603582e-01	  -1.2679401278988103e-01	  -1.7840183764799347e-01	  -1.3276001697881287e-01	  -1.0794662568107583e-01	   3.5502057594906627e-01	   4.4816709620463013e-01	  -1.9816899802873336e-01	  -1.6923637595382807e-01	   5.4730623969707226e-01	   6.7049917615616916e-01	  -1.4984855340195283e-01	  -1.0504797449183104e-01	   4.3877382434634965e-01	   5.0930351604869017e-01	   3.8524215869139050e-01	   4.3270257582806404e-01	   3.6651667907291896e-01	   4.5377080962656646e-01	   2.3452759732566525e-01	   3.0717689504338119e-01	   5.5171120847738386e-01	   5.6320007820121132e-01	   6.7958232031133958e-01	   5.7961386188264963e-01	   3.9837756468774294e-01	   4.3161588016030206e-01	   9.8008071169214417e-01	   8.5277425120470851e-01	   2.7028168082684445e-01	   2.8027542794550209e-01	   4.5442498204489606e-01	   4.4218266973998038e-01	   8.7943569993554138e-01	   6.2570384532632151e-01	   3.7397467343875368e-01	   5.3217010827238709e-01	   7.3608342973598118e-01	   1.0570425597008497e+00	   2.3119001271975265e-01	   1.5998361419297669e-01	   1.5097785349041157e-01	   1.1968889874798994e-01	   5.1526651344353702e-01	   3.1037760286159599e-01	   6.8942666152152096e-02	  -1.2582232602858026e-01	   6.3187736558892937e-01	   5.6574862537186321e-01	   4.8782910967570137e-01	   4.0463642656286131e-01	  -2.2069963188651945e-01	  -1.2292232918717233e-01	   5.4073687807785364e-01	   6.6532319493337877e-01	   7.1921015763161955e-01	   5.3949534215124495e-01	   4.5520826430387429e-01	   4.4900654351209257e-01	   6.1435250709585199e-01	   6.0455542307362076e-01	   7.8536411885128432e-01	   9.2284111379162403e-01	   7.2979682239002541e-01	   5.6365369119236508e-01	   4.8471920555626480e-01	   2.5816393990216191e-01	  -1.9064338820770402e-01	  -1.8144168791566342e-01	  -1.3548864011079298e-01	  -4.3392350466760071e-02	   6.7858072889021603e-01	   5.1218883958267736e-01	   1.7665235927413958e-01	   3.6279368912428701e-02	   5.0970689726945961e-01	   5.5344832833615709e-01	   7.0570473723103089e-01	   6.2922159783924370e-01	   8.1283318854835218e-01	   8.0908574890626528e-01	   9.2198287012833294e-02	  -1.5714615163100334e-01	   1.9959398596160444e-01	   3.1555372666202020e-01	   2.6426139810836763e-01	   3.7900232103361498e-01	  -6.7441782432321656e-02	   1.3607316892103163e-01	   3.1386003618557501e-01	   5.8878772382464417e-01	   6.2227500496781385e-01	   8.2870981494947804e-01	   6.0093646798016453e-01	   1.9077068723294305e-01	   3.3929904073985767e-01	   1.7949951491049887e-01	
   5.9528525797743803e-01	  -3.9261735613697238e-02	   0.0000000000000000e+00	   8.1895757259546653e-01	   3.6685621591695794e-01	   2.7805935337384191e-01	   1.1145225483516925e+00	   6.0990647010898047e-01	   1.1463327086120711e-01	   1.3310906088163527e-01	  -2.8062028708945719e-01	  -6.1585406142104426e-01	  -6.8893560801832898e-02	  -4.2540526403560219e-01	   3.4122947144120014e-01	   1.5100777525650794e-01	  -3.7593214039441991e-01	  -3.4328737982720386e-01	   5.9605572954376795e-01	   5.1730194070566471e-01	   7.1089238107952568e-01	   6.2975070149808676e-01	   1.1558719688993759e+00	   1.0038437335213874e+00	   8.6786870673294325e-02	   1.7350316865077881e-01	   7.6007910218437147e-01	   8.0058116731025408e-01	  -3.9647682540029283e-01	  -3.7383046737936926e-01	   6.2207694344460940e-01	   4.5505647186724968e-01	  -4.4617221680696768e-02	  -1.9582120870499847e-01	  -6.1993064819911980e-01	  -6.4624316043863150e-01	  -5.7659632873798217e-01	  -5.9271671309749885e-01	   4.5017207873999165e-01	   4.4544561791480164e-01	  -7.9084326793039603e-02	  -2.1498110258850966e-01	   3.3820811113573007e-01	   3.7938884889730584e-01	   5.1526595072434223e-01	   4.4268888426967568e-01	  -3.9326133998564959e-02	  -7.6706214336997409e-03	   6.3674653051577357e-01	   5.8109193091059308e-01	   5.0473676098929154e-01	   4.0053314780966287e-01	   2.3031791117227263e-01	   2.3930239464949349e-01	   6.6820887362423298e-01	   4.7055957592179687e-01	   2.4990028893826335e-01	   3.2545049883119785e-02	   7.9182516667968639e-01	   7.8470400464089551e-01	   2.3928163110056394e-01	   1.6166745247175024e-01	  -4.1571620150196897e-01	  -1.3201834156296061e-01	   4.4782949889894363e-01	   2.4963709471712214e-01	   4.4573683347825238e-01	   3.6505709394938235e-01	   6.4132790039903509e-01	   6.6646803777668118e-01	   7.0548606309366699e-02	  -5.0716663375948018e-02	  -1.2018521896200318e-01	  -4.4140091341876986e-01	  -3.4605977454257092e-01	  -4.8742692778839292e-01	  -7.3204702782326359e-01	  -6.6090954866192209e-01	  -3.8157550091869530e-01	  -1.5975017780444453e-01	  -2.5915902743481728e-01	  -2.1170590379621562e-01	  -4.4300040426142086e-02	  -2.5159875290045791e-01	   2.7630035472890285e-01	   1.1116243910576085e-01	   9.1380241820986718e-01	   7.3635636249675340e-01	   1.0842479724481753e+00	   1.1415994529762499e+00	   3.6595502864997415e-01	   3.8854053431611729e-01	   5.7477738566217895e-01	   6.5358714179945510e-01	  -1.8786079099407713e-01	  -2.8860934822332529e-01	  -2.6719060238995435e-01	  -1.5752727183420065e-01	   2.5827856654987041e-01	   2.7284090198859084e-01	   6.1856086568300339e-01	   8.8751455277433910e-01	   4.6344434808636614e-01	   5.8938813325041972e-01	   1.6240511780732972e-01	  -2.5072888585980013e-01	   8.5805698496677418e-01	   4.7797480293819372e-01	  -1.5987239457672212e-01	  -2.5225921914245980e-01	  -4.3847982186768608e-01	   6.4533569641818861e-02	   3.1013228074869925e-01	   1.0605068330722459e-01	  -4.9488095369894414e-01	  -3.9191834113836860e-01	
   5.1308486325772940e-01	   8.7873948995948137e-02	   8.1895757259546653e-01	   0.0000000000000000e+00	   5.0732900619942156e-01	   5.3836178087691944e-01	   7.5566156951977959e-01	   1.0114079686793229e+00	   3.5892753134970512e-01	   4.9587583635278426e-01	  -5.2536105418614795e-02	  -2.7995934243949178e-01	   8.2419681135920700e-02	  -1.2884722686490965e-01	   4.7014872508580641e-01	   4.0241266965008399e-01	  -1.3604385221919735e-01	  -1.4937574718042534e-01	   3.5304305551466025e-01	   4.5139990841235905e-01	   5.5416738329355109e-01	   5.3839210870381815e-01	   5.8791813010617811e-01	   8.2715792198646698e-01	   2.9524907344175277e-01	   3.9327314616411602e-01	   6.4950793580566257e-01	   7.1011272844601969e-01	  -1.2140322966304611e-01	  -9.4721856890417205e-02	   2.8016958661698466e-01	   3.5314429914964390e-01	  -2.0320513347344432e-01	  -2.7579366090736784e-01	  -4.4199833523731646e-01	  -4.3243420429554869e-01	  -1.4445517620934570e-01	  -2.2930637778009377e-01	   7.5065798298979880e-01	   8.2970702617968717e-01	   2.9536135540172764e-01	   1.5205737623082152e-01	   3.7092352021857772e-01	   4.7988642582880486e-01	   4.1252567967743531e-01	   4.3725580204204134e-01	   1.7027658372970988e-01	   2.4266926208403766e-01	   4.1544258312822496e-01	   4.6458792197895871e-01	   3.8332196624061898e-01	   3.5315603895619385e-01	   1.8520950019337190e-01	   2.0114473808506877e-01	   7.5351508365886377e-01	   6.6617359015467681e-01	   2.1022085412473804e-01	   2.5359472932591314e-02	   6.6155008310993180e-01	   8.0667751193584825e-01	   3.8619423430235011e-01	   2.4080588440116416e-01	  -1.2099751881330001e-01	  -9.1535249501706245e-02	   7.5918770450939588e-01	   7.2131716813625613e-01	   5.9604248689200623e-01	   6.3947657278457060e-01	   5.5274549565143061e-01	   7.4494116142907207e-01	  -1.0351874391398089e-01	  -2.6860330546698058e-01	  -5.8726587904308389e-02	  -2.3221932278749083e-01	  -9.6058204193189806e-02	  -2.5221840476384894e-01	  -2.5266839392797147e-01	  -2.3310666787849821e-01	  -8.4293052119043352e-02	   6.5698745039634784e-02	   1.9941972697184653e-02	   6.2463295851681297e-02	   2.9820267548462098e-01	   1.4178753354886908e-01	   5.8847734119515926e-01	   3.4536067100696011e-01	   6.5058542563485644e-01	   6.9210355803729162e-01	   9.2065169134534308e-01	   9.1194536965239359e-01	   4.9840486072301943e-01	   4.8864313802526527e-01	   7.2101023480199977e-01	   5.5508506082168274e-01	   5.7782069016043720e-02	   2.9042781565426272e-02	   6.6924272378929506e-02	   1.7462590790714547e-01	   3.9995141481281393e-01	   4.1505153968835085e-01	   5.2819597952269448e-01	   5.5983890665828895e-01	   4.3882988704021303e-01	   5.2119483018991164e-01	   3.8971566094218174e-01	   8.9420009891135993e-02	   5.1114140409465092e-01	   3.5979395422744820e-01	   2.8060851007809164e-02	  -4.9652833098186317e-03	  -1.3218891749449765e-01	   2.4451559881220319e-01	   3.0313124332282393e-01	   3.3820293415939828e-01	  -2.1453180716987946e-01	  -2.6280747657121051e-01	
   2.4145126037767636e-02	   1.2440191489646836e-01	   3.6685621591695794e-01	   5.0732900619942156e-01	   0.0000000000000000e+00	   1.4083672958540461e+00	   2.6483738584973643e-01	   1.2378686275398415e-01	   1.1076060225479576e+00	   1.2038569445495781e+00	   1.7299713816360357e-01	  -1.3350445480517831e-01	   3.5694918485320593e-01	  -2.0325061069263403e-01	   1.2022421158449412e+00	   9.9606173196414272e-01	   9.6120737775031412e-02	   1.1544029098433940e-01	   2.1679687990288532e-01	   8.8901081482607086e-02	   8.4547495478737067e-01	   7.5315092288866425e-01	   1.9543779084023571e-01	   3.4130510213536530e-01	   6.5557056205533504e-01	   5.9927957159657075e-01	   8.8363662461295445e-01	   8.7704765648221739e-01	   3.2722528511039822e-01	   2.8447300004275294e-01	  -2.3457973728081290e-02	  -7.6123601180280151e-02	  -3.4403368194610207e-01	  -4.4167614675032002e-01	  -2.6272250820416387e-01	  -2.7550714020081907e-01	   1.5587171818990053e-01	   3.8611813427055532e-02	   8.2455517353532337e-01	   6.5142000323389160e-01	   6.2097893020865125e-01	   4.3913835809143575e-01	   4.2484072797389327e-01	   4.7628398305100594e-01	   2.4816646408069715e-01	   3.8433335531945578e-01	   4.4670634573793572e-01	   4.6098865379805898e-01	   2.9935400571365672e-01	   3.4663138015869355e-01	   2.9623342173203654e-01	   2.4180056316957599e-01	   3.6331553177737846e-01	   1.9201029523949836e-01	   6.3099989197128137e-01	   6.8857337104921401e-01	  -1.1399787542370021e-01	  -1.1080097602091613e-01	   3.6589678480741505e-01	   3.3990264349488691e-01	  -1.4427422648820865e-01	  -4.5573370595186269e-01	  -2.8035779704053337e-01	  -5.2801119361928350e-01	   3.8018866154218445e-01	   2.3265601443144190e-01	   2.5993632293769414e-01	   3.1035567209905768e-01	   8.8619874247738636e-02	   1.7088703277776821e-01	   8.4354273267724475e-02	  -2.8637152918027969e-01	   3.8454737259915822e-01	   1.2770727121116987e-01	   2.3637233184510748e-01	   1.0316288380860025e-01	  -1.1989313767125657e-01	  -1.3244499273074933e-01	   1.4288810360656029e-01	   3.0018358439315290e-01	   3.1608872184763898e-01	   3.2138339505887753e-01	   5.5961932497216349e-01	   5.2286792976218743e-01	   5.1695758545081283e-01	   2.8123262889485673e-01	   2.2812157835164143e-01	   4.1247108843610031e-01	   3.5392894582693524e-01	   3.1600373532443377e-01	   2.8194768704108930e-01	   2.6868424908646910e-01	   1.3602468897037989e-01	   9.5432786628220200e-03	   5.2532538821350283e-01	   3.8138669328571623e-01	   4.3841299397797379e-01	   6.2150830845911487e-01	   5.0459612659549569e-01	   5.9033181374240862e-01	   2.6440150986819566e-02	   6.4945914610847102e-02	  -1.5958922984750976e-01	   6.1517536393263031e-02	   1.9669108510576319e-01	   2.1739034456769352e-01	   1.1623985026169414e-02	   1.2127978431040995e-01	   3.0976243860830510e-01	   3.9700137260148805e-01	   2.6609687169611129e-01	   5.9863008428225217e-01	   2.8598823786516075e-01	   4.0059641447389771e-01	   3.0588909704785727e-01	   1.9410909177749547e-01	
   8.9659596399162461e-02	   2.2958170940200767e-01	   2.7805935337384191e-01	   5.3836178087691944e-01	   1.4083672958540461e+00	   0.0000000000000000e+00	   1.7151187568275794e-01	   1.8704458501836785e-01	   1.0099525899408526e+00	   1.6765384673456218e+00	   2.1902276706491949e-01	  -6.4627481347920193e-02	   4.7385931239539153e-01	  -6.0921594169385446e-02	   1.1541195189504407e+00	   1.2954655195770852e+00	   1.9089870966954689e-01	   2.4382780393082887e-01	   2.1982772329384162e-01	   1.2427702675209983e-01	   6.5518336948929734e-01	   6.8504342481826197e-01	   1.7281462807264836e-01	   3.2900556752725418e-01	   7.0030291079995677e-01	   8.0201142871877196e-01	   7.7913393415578891e-01	   8.3818362201257601e-01	   3.5138928827120142e-01	   3.9537649154589449e-01	  -2.2310947809964118e-02	   7.1951936035730968e-03	  -3.4430094556849045e-01	  -4.1973774660787877e-01	  -1.3718636780022472e-01	  -1.2327208478913768e-01	   2.5669562012113362e-01	   2.1202342788216524e-01	   8.2837992410254302e-01	   8.0071192992050744e-01	   8.1827426153535465e-01	   6.8033011813046873e-01	   4.4535723352848355e-01	   5.3452501482158210e-01	   3.0521906944647831e-01	   4.3643095770364776e-01	   5.4291519281458078e-01	   5.8394189862889334e-01	   3.1332342963665027e-01	   3.6830230758639299e-01	   3.3917723373100994e-01	   2.6374012204117298e-01	   4.0383873512526347e-01	   3.7148830533225863e-01	   6.7078817606973384e-01	   7.3626494305058454e-01	  -3.5132455401193724e-02	  -1.7471763911141403e-02	   4.2827759631745532e-01	   3.5340687550376604e-01	  -1.7264998065486584e-01	  -4.1448267560487551e-01	  -1.4809652640987378e-01	  -4.2652218812496973e-01	   3.9622632146464032e-01	   2.2268859850467865e-01	   4.3896549986767053e-01	   5.0228319372040697e-01	   9.6910854923502432e-02	   2.4588273985088305e-01	   3.7321806842577174e-02	  -3.6622390381372905e-01	   5.2614828632294985e-01	   2.3207610803370338e-01	   3.7999727937054800e-01	   2.1903671960947826e-01	   2.0117285533315935e-02	   1.6098777806461653e-02	   2.3295019157547220e-01	   3.5956183857885043e-01	   3.9950581481361014e-01	   4.3877259715052425e-01	   7.3458336264105450e-01	   6.9246897398113139e-01	   5.8526580647485615e-01	   3.0740984935289972e-01	   1.5370639184881141e-01	   3.4429086831585792e-01	   3.0707864604920437e-01	   2.8735259603983482e-01	   3.4591607955408726e-01	   3.0012032590929660e-01	   2.0225858372032540e-01	   3.1266154574635746e-02	   5.4838881245670690e-01	   4.1349915502303847e-01	   5.4321819327234455e-01	   6.9149379812357747e-01	   5.9143867713600429e-01	   6.4753513386191386e-01	   1.1947385053935515e-02	  -2.8735658139666057e-02	  -1.7344760851571669e-01	   5.1648544455469084e-02	   2.7428684573319384e-01	   2.9561762966426519e-01	  -6.0290230785069468e-02	   7.9165863449684432e-02	   3.0027724931282224e-01	   4.7052713026531312e-01	   3.5838727605206699e-01	   6.4165145043006178e-01	   2.5999858022151690e-01	   3.8853209019275226e-01	   3.0990617250758856e-01	   1.2061382736672056e-01	
   7.4494051855524934e-01	  -4.1214354908176709e-02	   1.1145225483516925e+00	   7.5566156951977959e-01	   2.6483738584973643e-01	   1.7151187568275794e-01	   0.0000000000000000e+00	   9.7001293944860900e-01	   5.4354793821711891e-02	   7.9955801755546146e-02	  -1.0010715533619154e-02	  -3.9099941005594308e-01	   5.1551722746990478e-02	  -3.0677728348182398e-01	   2.3535842433804274e-01	   1.0452867485614584e-02	  -2.5178296836993508e-01	  -3.2251651300818568e-01	   6.9542278152767267e-01	   6.8880752250820843e-01	   5.9433259147648099e-01	   4.6204464242537868e-01	   8.0704908221022298e-01	   7.2717410719016284e-01	  -2.0990212156777328e-02	   8.1468999200076234e-02	   5.5958973822854274e-01	   5.6961539221065771e-01	  -2.9602395695623274e-01	  -2.9473111077531178e-01	   5.0149055981617285e-01	   4.1273337034635676e-01	   7.3871474533439924e-02	  -2.7721662720465112e-02	  -6.7123425010401327e-01	  -6.4029178662486363e-01	  -5.1892399006501200e-01	  -6.2749819344532920e-01	   4.1181007553979998e-01	   3.7777160046124636e-01	  -1.3233394330070319e-01	  -3.0261340137034970e-01	   2.8452499220398292e-01	   3.8746486428589821e-01	   4.6950768813631738e-01	   4.6267085271654035e-01	   1.7601194096114860e-02	   3.1210580348111815e-02	   5.9370219353634079e-01	   5.8243475964986235e-01	   5.6071085028746492e-01	   4.7526548430369636e-01	   2.8942154104407702e-01	   1.8119222274318880e-01	   6.7932362142783109e-01	   5.4555929734914732e-01	   3.2648609879021556e-01	   8.0371804096361785e-02	   8.9321681114761198e-01	   8.6978465523036241e-01	   5.1519215980695199e-01	   3.5401023454244701e-01	  -2.6852086449521950e-01	  -3.7644225782280424e-02	   4.3002224742910544e-01	   2.9029621329989408e-01	   4.8314337347406611e-01	   4.2473570649180775e-01	   6.4039536620116577e-01	   7.3878309430470801e-01	   3.6931270955777723e-02	  -1.7740282815733449e-01	  -2.3719343546770716e-01	  -3.9954102801811192e-01	  -2.5396386669440019e-01	  -4.5963183055516382e-01	  -5.2164963582228219e-01	  -5.4581125525147234e-01	  -2.6688426239906882e-01	  -4.1195354073911686e-02	  -1.9469471197041449e-01	  -1.6186596196257233e-01	  -5.9348144269559797e-02	  -3.0217656820566186e-01	   3.2399825041092206e-01	   2.0879633223281391e-01	   8.9314453236566760e-01	   6.9552488895190179e-01	   1.1076807389678835e+00	   1.1139694987564583e+00	   3.9760915392525120e-01	   3.9177204072203953e-01	   5.1420719674287796e-01	   5.7999605869910686e-01	  -2.3738699655067483e-01	  -3.3485215225387893e-01	  -2.6331144772812365e-01	  -1.4646326413051541e-01	   2.7704699136111555e-01	   2.6317199752719639e-01	   5.2708777983939692e-01	   8.9806141171746201e-01	   5.3606266912640077e-01	   5.9738334286930694e-01	   1.3111739656965901e-01	  -2.5629244082640346e-01	   7.1899138182905442e-01	   3.0424866115662197e-01	  -1.4047185164879400e-01	  -1.7832394893832473e-01	  -3.9194210277897445e-01	   1.8139103843083062e-02	   2.2220961554704854e-01	   1.0806849381094479e-01	  -5.1718458057613026e-01	  -5.1964572037287848e-01	
   7.2299563595423388e-01	   1.3943558923233998e-01	   6.0990647010898047e-01	   1.0114079686793229e+00	   1.2378686275398415e-01	   1.8704458501836785e-01	   9.7001293944860900e-01	   0.0000000000000000e+00	  -4.4562823689940440e-02	   1.4626993620283918e-01	   9.3556150858006226e-02	  -8.4709162726862974e-03	   1.2673609577843336e-02	   6.6417077593798626e-02	   3.4956683065302287e-02	   4.2489172465666837e-02	  -6.8492156763663881e-02	  -1.6805206306994180e-01	   5.1462365011508160e-01	   6.0085468579035350e-01	   2.5119410637192302e-01	   1.9160287159998510e-01	   4.3444510320936824e-01	   4.5778243800132862e-01	   4.5619137229670391e-02	   1.2757208385896232e-01	   2.8189511213049401e-01	   3.0512128696943719e-01	  -1.8245573887572236e-01	  -1.6730965115453761e-01	   3.5375213581604747e-01	   4.9871412671566029e-01	   1.7264262521134938e-01	   1.3392948659168039e-01	  -2.6727439490897298e-01	  -2.1598914721978391e-01	  -2.3148782448157926e-01	  -3.0807998663833208e-01	   4.1550783336998126e-01	   4.3031430032524215e-01	   7.2077652162372718e-02	  -3.7548250776898141e-02	   1.9818291578067423e-01	   3.2284310982152847e-01	   3.5278810748086270e-01	   3.5501712769209165e-01	   8.6017193540556230e-02	   1.2483793612917349e-01	   3.5459630642093076e-01	   3.6056931425142091e-01	   4.0956145202024119e-01	   4.0355953340749789e-01	   2.6562056893415181e-01	   3.4416542040508791e-01	   5.3606341803582669e-01	   4.6345637015496127e-01	   3.5062594410615766e-01	   1.2363098261232472e-01	   6.3108028011787853e-01	   6.4679247124248807e-01	   6.6013355618649827e-01	   6.4789232236188221e-01	   6.2929915617020965e-02	   1.9611292333695757e-01	   4.9623018896092896e-01	   5.9021015035172686e-01	   6.5079812780561730e-01	   6.7997922044899972e-01	   6.0126938967287658e-01	   7.5213376070286253e-01	  -1.2271872012117549e-01	  -2.9915725695680856e-01	  -1.4454721844475707e-01	  -2.3339645900107597e-01	  -1.1864578891900197e-01	  -2.9546602826414997e-01	  -9.6985105266475358e-02	  -9.2593202479576905e-02	  -9.2057661867792739e-02	  -3.1193260670448489e-02	  -5.7991261838433866e-02	  -1.7873421629509004e-02	   9.2402661850562284e-02	  -1.3924497002542352e-01	   4.0573313926081567e-01	   2.2421236001100914e-01	   5.2582485065944196e-01	   4.2987197966559038e-01	   7.0043297776555791e-01	   7.0950372854511845e-01	   5.4292274941791485e-01	   4.4640667799914130e-01	   5.4698639203236421e-01	   5.3004609555466775e-01	  -1.2172811287122837e-01	  -1.4392737346336654e-01	  -6.0167644474561181e-02	  -1.1240131351618740e-02	   3.2264276017992916e-01	   2.9556421044813191e-01	   4.0243580545909008e-01	   5.3588098095202219e-01	   5.2939221429378680e-01	   5.2142332340729014e-01	   3.8649094094364117e-01	   6.0740456585042140e-03	   4.2733443563145301e-01	   2.0513903621123125e-01	  -1.1104193302354015e-01	  -7.2860900362038114e-02	  -1.7415101033697739e-01	   7.8568566217210686e-02	   2.8844821337585674e-01	   1.2862094417849435e-01	  -3.1243115124267301e-01	  -3.8211134156773779e-01	
  -8.7499380696697188e-02	   2.0429107988911918e-01	   1.1463327086120711e-01	   3.5892753134970512e-01	   1.1076060225479576e+00	   1.0099525899408526e+00	   5.4354793821711891e-02	  -4.4562823689940440e-02	   0.0000000000000000e+00	   1.0403046969198184e+00	   2.1110440529990948e-01	  -4.1060826850007351e-02	   3.6151400801427191e-01	   4.2955726819288977e-02	   1.2101473364721556e+00	   9.5576899591661724e-01	   2.3972210434388566e-01	   3.5995602291939621e-01	   2.9954282279714375e-02	  -1.4942827536037234e-02	   4.5270084839170122e-01	   5.0124910904988851e-01	  -5.5289841297831103e-03	   1.8598899740351835e-01	   8.9338916512532729e-01	   9.2042634984832805e-01	   4.2849625420117321e-01	   4.7053116285779406e-01	   4.8119310566916196e-01	   5.3211908760101556e-01	  -3.2176565087861861e-02	  -5.1972954914503940e-02	  -3.0575986926150867e-01	  -3.3105349999705147e-01	  -1.6964286232052064e-01	  -1.8887395826982484e-01	   3.3309331967889533e-01	   2.7643077001051902e-01	   6.8508592588866590e-01	   6.8927605884729770e-01	   6.8246309247586678e-01	   6.2999239818270303e-01	   3.8818219238529084e-01	   4.7212367384589699e-01	   1.3965321734786859e-01	   2.9372582243839312e-01	   5.9515516548855840e-01	   6.3103829786925802e-01	   1.8221951336095074e-01	   2.4763976644345881e-01	   1.4325796763689413e-01	   1.5185512308471205e-01	   2.7061468176181536e-01	   1.6687831480496151e-01	   5.0036597555054863e-01	   6.3266307042535708e-01	  -1.3916569956106200e-02	   1.1118589244716706e-01	   1.8701412656735264e-01	   2.1216980845164221e-01	  -1.9638850433663674e-01	  -5.0846880195075261e-01	  -2.2725201239080374e-02	  -3.3245187796083603e-01	   3.3416084730744972e-01	   1.6811462947310235e-01	   1.6710290391409310e-01	   2.0412636959863481e-01	  -3.9893771959694409e-02	   6.0625250605649418e-02	   1.0995836871434084e-01	  -1.5776232505795806e-01	   3.8075789559967976e-01	   3.8837503084504726e-01	   5.2612129560510568e-01	   4.0879251311192166e-01	   7.5053582182771722e-02	   7.5882258332471197e-02	   3.5635694611119828e-01	   6.1895204133495585e-01	   4.0440618392802713e-01	   4.7878615674018110e-01	   6.1220858627710273e-01	   7.4332260416152351e-01	   4.1956579798386706e-01	   1.0874541889385293e-01	   7.0967239546229077e-02	   2.4578568856133134e-01	   1.3589173769527937e-01	   8.6049364159363331e-02	   1.3757314695422149e-01	   1.7298013602919515e-01	   2.6317498448079044e-02	  -8.1955373647017604e-02	   5.8885113378234555e-01	   5.0588335168705179e-01	   6.7034749743680710e-01	   7.6728359709021243e-01	   5.1279882243039432e-01	   5.7182949841665509e-01	  -2.0532412542990902e-02	  -1.1775352719472271e-01	  -2.3951783121322756e-01	  -4.3563894416466138e-02	   1.6768319257713765e-01	   3.6826071654063181e-01	  -1.2936830809342914e-01	   6.6039621832417572e-02	   4.3089948921581583e-01	   4.7348508602025108e-01	   4.2319515741190383e-01	   7.3689142024398324e-01	   1.9414695843552615e-01	   4.9159530306207905e-01	   4.4304315590825660e-01	   2.2087931825159521e-01	
  -4.0565760337625614e-02	   2.5025104136008636e-01	   1.3310906088163527e-01	   4.9587583635278426e-01	   1.2038569445495781e+00	   1.6765384673456218e+00	   7.9955801755546146e-02	   1.4626993620283918e-01	   1.0403046969198184e+00	   0.0000000000000000e+00	   3.1494365934191998e-01	   8.1234346917584646e-02	   5.0944156615610559e-01	   6.3373487824305658e-02	   9.9120161612938584e-01	   1.3127106536517399e+00	   3.5315732095959446e-01	   3.7346197529538622e-01	   1.0901296764653123e-01	  -7.7109185534676447e-03	   5.2354789149393421e-01	   5.2877828123325088e-01	  -4.5093994698046820e-02	   1.2336126463448421e-01	   7.7908007163489967e-01	   8.0740553034812734e-01	   6.0706315907234765e-01	   6.7029760011151951e-01	   5.4790223402490246e-01	   5.8218771047972318e-01	  -1.3521871479120304e-01	  -8.1374862514547619e-02	  -3.4314913210234615e-01	  -4.2055925469786565e-01	  -6.0964862183026658e-02	  -6.9870176361531158e-02	   3.9389145556423422e-01	   3.2011475895958930e-01	   7.4588631656156801e-01	   7.0397177692889124e-01	   7.7411975590042981e-01	   7.5141527898989169e-01	   3.6218184192536634e-01	   4.5398583472973519e-01	   1.3780943408661306e-01	   2.9394638865792927e-01	   5.8315556756934372e-01	   6.2324501707813640e-01	   1.5706390675547788e-01	   2.1559723101800260e-01	   2.2427478000826001e-01	   2.1589097745173216e-01	   3.2264072373967684e-01	   3.1421390910128127e-01	   5.3277802899159998e-01	   6.1706807840829081e-01	  -7.8917417897109390e-02	  -1.2644823845879307e-02	   2.4781489181038863e-01	   2.4407112316074103e-01	  -1.3275614824318985e-01	  -3.9424502071916384e-01	  -2.3012578880717109e-02	  -3.9531329371506668e-01	   3.0814519475699037e-01	   2.5246721855421872e-01	   3.0302280727305275e-01	   3.5665229279062222e-01	   3.3558078553143994e-02	   1.4774877814407261e-01	   3.2124067070483903e-02	  -2.5407407525066866e-01	   6.1541228668386960e-01	   3.8730863720683395e-01	   4.0822839741177352e-01	   3.4447283024436265e-01	   1.5931751333376051e-01	   1.5682059769481577e-01	   4.5851271197165611e-01	   4.8014193651228232e-01	   5.5244278703069338e-01	   5.1554185387273899e-01	   6.7923289534111764e-01	   6.9396103315747804e-01	   4.7414320744153021e-01	   2.4532062549072040e-01	  -2.5806547139713858e-02	   1.4917622198776476e-01	   1.6426307868236806e-01	   1.3169444107799350e-01	   3.6859908417487847e-01	   2.9156194132714164e-01	   1.0542368647402862e-01	  -2.1218291501758444e-02	   7.1493219715198220e-01	   5.6613439642345631e-01	   6.9976924783902128e-01	   8.6397077850529347e-01	   5.3206167867381704e-01	   6.1447123635256395e-01	  -8.2095676023251643e-02	  -1.5315452101001814e-01	  -2.3609353589569609e-01	  -1.6942349081564865e-02	   2.3499758500034656e-01	   3.5754514222599548e-01	  -1.8394586592797182e-01	   9.5807699037769416e-03	   4.4316658247092849e-01	   6.7226374213000784e-01	   5.2391917587038028e-01	   6.9475508054550061e-01	   2.3282535569493229e-01	   3.9506218813765909e-01	   4.3063137431052168e-01	   2.0196693793511925e-01	
   1.1810919267188615e-01	   4.0188605788150478e-01	  -2.8062028708945719e-01	  -5.2536105418614795e-02	   1.7299713816360357e-01	   2.1902276706491949e-01	  -1.0010715533619154e-02	   9.3556150858006226e-02	   2.1110440529990948e-01	   3.1494365934191998e-01	   0.0000000000000000e+00	   7.3311982669223286e-01	   7.5884695137941294e-01	   6.1664263296342092e-01	   2.0480246902312893e-01	   2.9642999589086233e-01	   7.2729918093153612e-01	   6.9914551910553802e-01	   2.1498850618654824e-01	   1.0617879659068308e-01	  -2.1028380040200248e-01	  -2.9926314103198315e-01	  -2.5864472677174144e-01	  -2.3337982394325565e-01	   1.0682799197306719e-01	   1.4032433966995167e-01	  -1.9450550388729521e-01	  -2.1506422933831570e-01	   6.6553806117224479e-01	   6.4866073151986436e-01	  -4.3765546037367103e-01	  -2.6011900666799992e-01	   2.9613627300965208e-02	   1.1616173184528759e-01	   4.1365458163790325e-01	   4.5861878338407924e-01	   5.1766821920483996e-01	   3.5838847737305402e-01	   1.0192018603179590e-01	   3.3331481191933117e-03	   4.1436821306045324e-01	   2.8810108129397161e-01	   2.5369266907603777e-01	   2.7387072367400039e-01	   2.3515604824898027e-02	   9.6752165881740460e-02	   7.0703158737711946e-01	   6.5284275410137982e-01	  -6.4328121274795536e-02	  -1.3400004852233660e-01	   3.3885174223706203e-02	   1.3601441985722629e-02	   3.7713728103211402e-01	   2.9228841658242433e-01	   1.0519085930870617e-01	   2.6014207223970676e-01	   1.4576345928351639e-01	   2.6279119946151180e-01	  -1.0334868083883231e-01	  -1.7243426173949655e-01	  -2.8603861996412622e-03	  -1.3417334619230484e-01	   4.5396443487551036e-01	   3.9732069139730999e-02	   1.0616492509313433e-01	  -1.5759015756416653e-01	   1.9366673676879440e-01	   1.9268227343644054e-01	  -1.5142309407535493e-02	   3.1774767261205344e-02	  -1.2257811963973918e-01	  -3.0390055969192320e-01	   4.2167999821512808e-01	   6.6372283705665802e-01	   5.7580857367937932e-01	   6.5065249857791829e-01	   6.7375403666763223e-01	   5.9450243644997491e-01	   5.7613472282601408e-01	   5.8339142429957569e-01	   7.2710689345309643e-01	   7.1892074051692201e-01	   5.4236393807855998e-01	   3.9489440130558373e-01	   3.7145142074384219e-01	   2.4428294731569136e-01	  -3.1052677670747908e-01	  -2.4466911781151124e-01	  -2.4704512606752177e-01	  -2.7678417324747900e-01	   3.4001779947227800e-01	   3.5067238274436291e-01	  -1.4878211259412711e-02	   1.1317049023478571e-02	   3.7403838136409023e-01	   3.6230393141075984e-01	   5.9858888770656127e-01	   5.9008822932531002e-01	   3.9550117094360698e-01	   4.4869266433932908e-01	  -1.8365883525832474e-01	  -2.9801039194031936e-01	  -2.0546041531083810e-02	   1.2397902705233301e-02	   1.7558014108317266e-01	   4.1035950053611764e-01	  -3.1725453831638073e-01	  -6.9065687082478622e-02	   2.5027843686265211e-01	   6.1510419067243105e-01	   8.1354663890162626e-01	   4.7916465392742258e-01	   3.3131189312247111e-01	   1.7059442271103042e-01	   4.7788487981950517e-01	   3.2789021784662181e-01	
  -4.2042309194516451e-02	   6.4195949972639177e-01	  -6.1585406142104426e-01	  -2.7995934243949178e-01	  -1.3350445480517831e-01	  -6.4627481347920193e-02	  -3.9099941005594308e-01	  -8.4709162726862974e-03	  -4.1060826850007351e-02	   8.1234346917584646e-02	   7.3311982669223286e-01	   0.0000000000000000e+00	   2.8290924649476445e-01	   1.2912194596458437e+00	  -1.7450840434935433e-01	   1.6333128743146005e-01	   7.2955213213960646e-01	   7.9281868721822712e-01	   7.7809584076992386e-02	  -2.8447664463126680e-02	  -5.0749357050557597e-01	  -5.8671007077047799e-01	  -6.8515477765596766e-01	  -6.6350703132345190e-01	   1.7020669984767892e-01	   1.3005864395063887e-01	  -6.4721007253525431e-01	  -6.1387881778778786e-01	   7.3263961918646181e-01	   7.5236812265539643e-01	  -3.9927739411603447e-01	  -2.3047772402782080e-01	   4.3500708075998706e-01	   5.5598953713315413e-01	   7.7948554001995296e-01	   7.9808891653681147e-01	   5.8334267821556018e-01	   6.2813361026820025e-01	  -1.9133130367731613e-01	  -1.7535713499557540e-01	   2.6054142710988593e-01	   4.0479687166974754e-01	   1.9833849459232937e-02	  -5.3466088617328315e-02	  -2.6361875571333049e-01	  -1.9670616181617315e-01	   4.1944886596574016e-01	   3.4660441513547829e-01	  -3.8337776849811012e-01	  -3.6760336254870379e-01	  -1.8968178349874398e-01	  -8.9242142223100077e-02	   2.5308803442869721e-01	   2.5259611349505640e-01	  -2.8670320514821135e-01	  -6.5967287959559792e-02	   1.3778043858067324e-01	   3.3793126175787958e-01	  -4.6580896425593021e-01	  -4.6954080858277070e-01	   7.1525669167218683e-02	   1.0513953055452280e-01	   5.7453984473851638e-01	   2.9881471173696555e-01	  -2.4377930077361007e-01	  -2.0285124331003315e-01	  -4.9241263161621182e-03	  -5.1233669501577362e-03	  -1.0329796080035558e-01	  -1.4876806007275797e-01	  -2.0369928152449898e-01	  -1.0607740116870511e-01	   4.2697544848275287e-01	   8.6427890777007854e-01	   6.3063418827553097e-01	   6.7762184770862433e-01	   8.9787964092916528e-01	   8.9270357198055517e-01	   7.9670104012293386e-01	   4.5670664202175887e-01	   6.8584919427445545e-01	   6.1749236015312126e-01	   3.3388451822987131e-01	   3.2066698467184546e-01	   3.1473026469990067e-03	   3.9315856327823997e-04	  -7.9757115196344119e-01	  -7.6539523656901187e-01	  -7.3430266871155703e-01	  -6.8151037519821811e-01	   2.6785470851297105e-01	   1.8887337989221900e-01	  -2.3805149330735559e-01	  -2.1122196921462910e-01	   4.6145878217442987e-01	   5.9723936735488459e-01	   5.8131302074094282e-01	   4.9038283360359242e-01	   1.8442078417087487e-01	   2.4241629213780538e-01	  -3.4231718640453840e-01	  -6.2121333298842207e-01	  -1.6380244827284743e-01	  -1.7050855937088233e-01	   2.2621276388473421e-01	   5.6190364669318815e-01	  -5.6849595858559820e-01	  -2.0259840307952010e-01	   3.5062144660113409e-01	   5.5852689008553424e-01	   7.3106512447269678e-01	   3.5859192520459815e-01	   2.2658307672040015e-01	  -9.6393639917831064e-02	   6.1487148165653616e-01	   4.9186101183271480e-01	
   5.6200651675467034e-02	   4.5121696587413102e-01	  -6.8893560801832898e-02	   8.2419681135920700e-02	   3.5694918485320593e-01	   4.7385931239539153e-01	   5.1551722746990478e-02	   1.2673609577843336e-02	   3.6151400801427191e-01	   5.0944156615610559e-01	   7.5884695137941294e-01	   2.8290924649476445e-01	   0.0000000000000000e+00	   4.1784005635340965e-01	   5.7045573666273908e-01	   6.1959712754902352e-01	   6.8456983564995399e-01	   7.3916293758076612e-01	   1.3373668128920396e-01	   1.1339424790109348e-01	   9.3798723995108690e-02	   4.3179895569289632e-02	   3.8609862187920035e-02	   8.5314073965407203e-02	   2.1433304102186834e-01	   3.9202086516541751e-01	   8.1980366916948669e-02	   5.9145864506612154e-02	   6.0869556203053665e-01	   6.5083436448441223e-01	  -2.4815526221302692e-01	  -1.9685247328712768e-01	  -2.9083302778663583e-01	  -2.1353892833657256e-01	   1.0577776671799959e-01	   1.6760734240373246e-01	   3.1243628693324726e-01	   2.2202768900765441e-01	   2.9007731722566127e-01	   2.1280876069339738e-01	   6.1448796872168443e-01	   4.8223666404291676e-01	   3.4002447695071941e-01	   3.8324173357961216e-01	   2.8831205246003799e-01	   3.9696139863093971e-01	   6.5736695881104301e-01	   6.8827007371742965e-01	   2.1099021208568722e-01	   2.2602985938772696e-01	   2.4203937162486869e-01	   1.6212468187339679e-01	   2.8227686023623327e-01	   1.2705821549282587e-01	   3.9466428436153245e-01	   4.4806829540982146e-01	   2.5125796107750509e-01	   2.5555007222587778e-01	   2.1651616366271306e-01	   8.4672258492487051e-02	  -1.3591195189136182e-01	  -4.2858757136118675e-01	   3.3025494857272192e-01	  -1.1713553584105173e-01	   1.4884897644056574e-01	  -2.4227851815519552e-01	   3.0724117332154310e-01	   3.6042987180187575e-01	   1.1866233580799453e-01	   1.7987746744900046e-01	  -9.0719098655923910e-02	  -1.8419032189998452e-01	   4.9107959268476908e-01	   5.3638315460175556e-01	   4.8690115021518043e-01	   6.1196303787547424e-01	   3.5092162033418567e-01	   2.8475304063934165e-01	   4.9953584963438280e-01	   7.2785776559394866e-01	   7.1284855803587333e-01	   6.5638910150647478e-01	   6.4476498824760109e-01	   5.8163784926669992e-01	   4.6322046901549624e-01	   1.2667385506618789e-01	  -4.6140194392330157e-02	  -1.6678132202354486e-02	  -3.1705529354742628e-04	  -5.3833067730818994e-02	   3.2225080202270917e-01	   2.9813633691638391e-01	   1.4051720217858904e-01	  -6.8468799039248379e-02	   3.1683634182861364e-01	   3.2197872306808539e-01	   5.1331751935302339e-01	   5.7514139771182482e-01	   5.5182145917398784e-01	   5.3423703497571495e-01	   5.4479240026982817e-02	  -7.4275299519469179e-02	   9.6095331481913279e-02	   1.7088241193444464e-01	   8.3075646458917421e-02	   1.9116279852662171e-01	  -6.6363108549216940e-02	   2.7539809078527860e-01	   2.7343330630751328e-01	   5.2046506942157023e-01	   5.3055907948876369e-01	   4.7911466203765252e-01	   1.7996216160010470e-01	   3.6135919619568313e-01	   2.4390931416831496e-01	   3.2118453098738481e-02	
