   0.0000000000000000e+00	   9.7964373765946888e-01	   3.6884504881152042e-01	   4.5868486622269494e-01	   4.0812589139137090e-01	   4.6674559742656074e-01	   4.1907299983143381e-01	   4.0366063262876678e-01	   5.2597226973153455e-01	   6.4701357527202685e-01	   6.0824400816461011e-01	   6.3083606354241417e-01	   5.0971229702199239e-01	   5.5605942858749469e-01	   5.7121713536201979e-01	   6.7273295683663625e-01	   2.7234051837271755e-01	   1.4746151440994842e-01	   4.7899252573175749e-01	   6.9230677757708270e-01	   4.4236312487982349e-01	   5.6842671842862380e-01	   2.6290792810438368e-01	   2.7846490324392659e-01	   4.0491626294524857e-01	   2.4887211143884241e-01	   7.1072887758995806e-01	   6.3001835885809609e-01	   2.1848567852957151e-01	   2.4387146321126474e-01	  -2.5410102078544026e-02	   2.7121904563599360e-02	   3.3162205902035552e-01	   2.6044006810117332e-01	   1.7038806107724810e-01	   1.4359523324984610e-01	   2.6919225615100306e-01	   1.5312762521831300e-01	   5.3449654444975225e-01	   5.9180351497265826e-01	   4.8960578221908940e-01	   5.5356178907721620e-01	   6.2479031031455534e-01	   5.5881657527308115e-01	   2.5036787657044568e-01	   2.8895334113443244e-01	   7.3088971068820274e-01	   6.5474827910404798e-01	   5.6491868655689303e-01	   8.0371528679859594e-01	   6.4767200895865640e-01	   8.1891138731599356e-01	   6.7656186809087326e-01	   6.5474070367571824e-01	   8.1750368566202747e-01	   1.0197034759867696e+00	   9.8577948779381075e-01	   6.7439715497120112e-01	   7.8453448389038372e-01	   8.2369302643831754e-01	   8.2845218755307148e-01	   5.7804816797918324e-01	   1.5594352601273540e-01	   3.5724890133860987e-01	   9.2141501427592545e-02	   2.4713688042617771e-01	   3.2150647834094276e-01	   3.2251535638049078e-01	   7.8662399221571000e-01	   8.1208536101942452e-01	   3.1424545103466395e-01	   3.7748720965719457e-01	   3.5552184208596271e-01	   3.4054929098146414e-01	   2.4059565143611095e-01	   3.3968352202950974e-01	   3.4287575015490124e-01	   3.0892684082106497e-01	   3.0734540456968062e-01	   1.7718438682270163e-01	   5.5908719387302375e-01	   5.6561464865280453e-01	   4.6046760283308646e-01	   5.9812400735956739e-01	   4.2428985330165758e-01	   4.8519685833459458e-01	   2.8109673009545560e-01	   4.0568630671839734e-01	   7.7265900578572511e-01	   8.7968657790508376e-01	   3.2572405493645101e-01	   1.2493962986895256e-01	   2.3749247566435444e-01	   2.5347139201215507e-01	   2.7964972221615170e-01	   4.2997319966060421e-01	   6.7335509357980472e-01	   7.2988907194867880e-01	   4.6692421858972760e-01	   5.6010393702355210e-01	   2.8619981990625187e-01	   2.9272019049591230e-01	   1.2764851000701860e-01	   2.3858740763797856e-01	   1.1865854251999089e-01	   9.3201871901927552e-02	   1.2794326438833797e-01	   1.0819715507078345e-01	   2.5160039947574103e-01	  -2.3464695553606012e-02	   2.2241345723789929e-01	   3.1294946688090086e-01	   3.9168707165948258e-01	   5.3761232041581730e-01	   2.4096473529435017e-01	  -5.3985456546907867e-02	
   9.7964373765946888e-01	   0.0000000000000000e+00	   1.9638302277125511e-01	   2.5360408116231908e-01	   1.9985986046323134e-01	   2.7887255775403474e-01	   2.9938846692940463e-01	   3.0323961684321982e-01	   2.5717528300760945e-01	   2.6484420225242944e-01	   4.3523645444066927e-01	   5.1386290398964596e-01	   4.0207704000684724e-01	   5.1495226162302610e-01	   3.7200132198990415e-01	   6.5092333701229887e-01	   7.6989361071314999e-01	   6.1263427858604302e-01	   5.4220313047140600e-01	   9.0606309888234970e-01	   4.1593282198979964e-01	   4.8871650393511229e-01	   1.5838209096067377e-01	   7.3565905058645728e-02	   2.2436493270154786e-01	   7.1253324757519457e-02	   3.1739652015482700e-01	   2.5297028626570017e-01	   3.9416191734485917e-01	   5.1159578133999040e-01	  -5.4897887707876333e-02	  -4.1459694758860986e-02	   2.9846501821783877e-01	   3.4147250800213613e-01	  -7.7177242969948531e-02	  -1.7720851511448088e-02	   1.3443528232271382e-01	   2.1454248250486430e-01	   4.0010882362828915e-01	   5.6596315291681076e-01	   6.7784923262995533e-01	   8.0194002938448194e-01	   5.7728351646507636e-01	   4.9708848495560054e-01	   2.6964038890694642e-01	   3.0700024644458995e-01	   7.5629823112146488e-01	   6.7566548860234810e-01	   3.0069947146026715e-01	   4.7806046191306739e-01	   2.6472158958718572e-01	   4.3747487523255579e-01	   4.3362600087042819e-01	   4.9636887262235324e-01	   6.3754780443812431e-01	   7.5718766677118121e-01	   1.1846965070551323e+00	   1.2290795419104406e+00	   4.9277415646153755e-01	   6.7863552447726694e-01	   4.6778105552650828e-01	   3.2417745622983835e-01	   5.1973264211444037e-01	   6.5714496615988427e-01	  -7.3813863890459255e-02	  -3.9599168289660890e-02	   2.9281082233085604e-01	   2.4216369259900669e-01	   9.3005706340429872e-01	   9.9541207708702317e-01	   4.8249873471037313e-01	   5.6909858047371253e-01	   5.1034556929834063e-01	   6.3262877974865672e-01	   3.9113486800879738e-01	   7.4169546703678557e-01	   5.0027242963534868e-01	   4.6564337185177729e-01	   6.6719393495570278e-01	   5.0350757259800760e-01	   9.7022545599424248e-01	   8.0087995798957790e-01	   3.2834816853783888e-01	   5.7394593570599650e-01	   2.2391964970403552e-01	   2.4549156105493991e-01	   1.5676809411501871e-01	   2.5965742866298602e-01	   4.3487591903407763e-01	   4.6058580061967541e-01	   3.4168531592903639e-01	   4.3079822012502676e-02	   1.5155069147929345e-01	   1.4871774857268874e-01	   2.0163188718220346e-01	   3.8828766378173135e-01	   6.5895743000886942e-01	   5.3736664135945744e-01	   7.4282619062339827e-01	   6.5842950590421845e-01	   2.4509314972669802e-01	   2.6436387752800755e-01	   2.6332534782838346e-01	   3.3702511361825715e-01	   6.3410992252324092e-02	  -4.4551866318203589e-03	   1.6819305172187696e-01	   1.5664253449374538e-01	   1.6181808650047502e-01	   5.6508782262116239e-02	   1.7453610139879874e-01	   5.2054198536548468e-01	   3.5212714353174124e-01	   6.8416451164256376e-01	   2.9570087900756092e-01	   2.1884587786128026e-03	
   3.6884504881152042e-01	   1.9638302277125511e-01	   0.0000000000000000e+00	   7.3045714641942305e-01	   1.1358852063783409e+00	   5.7561618425427896e-01	   1.4185737810459194e+00	   5.4206847058146490e-01	   7.6449103137252084e-01	   4.1769865742647072e-01	   6.0809409792465163e-01	   3.1033385264289004e-01	   7.9883505797825594e-01	   2.9593365540876471e-01	   9.7965780412760606e-01	   5.8021485394855232e-01	  -1.2313697286845902e-01	  -1.5607526789098417e-01	   7.4309440705528540e-01	   5.4646417580249440e-01	   3.9170592271551286e-01	   2.6346959191832225e-01	   1.2931187547950433e+00	   9.6122837933578653e-01	   5.3392523725432506e-01	   4.0402031294254581e-01	   5.2842333759365534e-01	   4.9752234984722815e-01	   3.7243563854375461e-01	   3.5080565910180564e-02	   8.3473317800639046e-01	   7.2459380772492477e-01	   5.9259523247727752e-01	   4.5971526259967310e-01	   5.3329452269938904e-01	   3.3026895415790175e-01	   1.2896313233132737e-02	  -1.6643695355937749e-01	   3.1898962329509528e-01	   2.2379324385743088e-01	   2.9355408900728225e-01	   1.4450404563613622e-01	   2.4758604246858532e-01	   1.2898580776384011e-01	   1.9385551971185069e-01	   1.9568091394316359e-01	   2.1220865829146490e-01	   3.0115119449240918e-01	   8.5600360244220006e-02	   1.9990639303625585e-01	   3.2679098482415675e-01	   2.0121080284129861e-01	   3.6862127651984178e-01	   4.2609717533724545e-01	   3.1203708862178842e-01	   3.3262085868129998e-01	   1.2596923035022600e-01	   1.7192003631309297e-01	   8.4247640117085756e-02	   9.3279356167279101e-02	   2.5774890209739137e-01	   2.4561056290650154e-01	  -1.2161305653036812e-01	  -4.6238202382647642e-02	   8.2769283497297474e-01	   3.5365936292848127e-01	   5.8090720386728067e-01	   3.1159337598355574e-01	   2.4535724297033923e-01	   3.9064362618927279e-01	   3.1193197275523732e-01	   3.9318522248966642e-01	   5.1249772785878922e-01	   2.6231484605694094e-01	   5.2125150799842024e-01	   3.2167114030979188e-01	   3.7113313387653224e-01	   2.2836421809354490e-01	  -2.9079796778063649e-01	  -1.0584439312308704e-01	   4.6471413225230906e-02	   1.5806918322019436e-01	   9.0190628616214041e-01	   7.1031311921407847e-01	   9.7095563770247595e-01	   6.6545810158608876e-01	   5.8729267163002941e-01	   5.0043338647743085e-01	   6.9669041301447099e-01	   6.0258508622039431e-01	   4.0749614880771595e-01	   5.7904552474169868e-01	   4.7269773358810785e-01	   9.5457951819372300e-01	   1.5451900019122430e-01	   3.5603748705154870e-01	   3.7610565667767998e-01	   2.7990899523209745e-01	   1.8369787254354616e-01	   4.2163818284764271e-01	   4.0520663319659722e-01	   9.0378106591751761e-01	   2.1228305793193863e-01	   5.8082803101721647e-01	  -8.1903924685255577e-02	   2.2078354568509279e-01	  -1.0272933703715269e-01	   7.7728838986351911e-02	   1.2223165039672995e-02	  -9.7608513972048283e-02	   1.7201718167120786e-01	   2.3183678990028872e-01	   4.7567068630010778e-01	   1.3310087464083498e-01	   3.3676547703205398e-02	  -2.5999840498637694e-01	
   4.5868486622269494e-01	   2.5360408116231908e-01	   7.3045714641942305e-01	   0.0000000000000000e+00	   4.3958323732907140e-01	   1.2317315771224466e+00	   8.3496207220102792e-01	   1.2749519245387426e+00	   5.6578664248033372e-01	   8.5806471710381738e-01	   2.9232905779872703e-01	   5.1562188869446723e-01	   3.3940800279472466e-01	   5.5331280785664005e-01	   3.8131565398941053e-01	   7.9058654385522820e-01	  -9.3902441950569016e-02	  -1.4795645367681592e-01	   4.0099032563141329e-01	   3.7869264774397648e-01	   4.5966904806909226e-01	   4.3939993513139503e-01	   5.4131923295833817e-01	   1.1851930862826738e+00	   7.0244585150159944e-01	   8.9276714522318823e-01	   3.5885511160096989e-01	   5.9688774791888344e-01	   1.3835804095212342e-01	   2.2240679547832681e-01	   6.3415117524592302e-01	   8.2821225628290196e-01	   6.6047442162468972e-01	   6.3509818200687063e-01	   5.9330296491792711e-01	   6.2675835558124593e-01	   1.5277588601743725e-01	  -1.3569815228304008e-01	   2.7906091660825860e-01	   2.6262986169477587e-01	   1.4118211084276491e-01	   1.5770485785534141e-01	   4.7578433576222556e-01	   3.4811462764402185e-01	   3.7734270339789994e-01	   4.8432323218057305e-01	   3.4429400395878623e-01	   4.5943593958832196e-01	   2.5933283714021943e-01	   4.7592390409861218e-01	   3.7925670183495036e-01	   3.7672327805581407e-01	   2.9132783900954901e-01	   3.9400104635461158e-01	   2.7590596420264801e-01	   3.9367802071285019e-01	   2.2142962718943360e-01	   1.2351815124462892e-01	   4.3095597590668375e-02	   1.8496044986880811e-01	   2.6765446532717369e-01	   6.7532865025121835e-01	  -8.5850872343917764e-02	   6.4832587965913763e-02	   5.1550962962012348e-01	   8.4310298122372274e-01	   5.7540684152143196e-01	   6.9749627745401188e-01	   1.6200605977858842e-01	   2.9710454640119899e-01	   2.6713798699497504e-01	   3.7438407528485323e-01	   3.3020518495313045e-01	   2.4226584438433968e-01	   3.8536825201530767e-01	   3.5031969325040918e-01	   2.6913391503977435e-01	   4.5578992609527641e-01	  -6.7403890206544845e-02	  -4.7716879087355064e-02	   1.6211116339550855e-01	   2.0363796352184776e-01	   3.7406214580179969e-01	   5.6494323114170375e-01	   4.5635174630736863e-01	   9.9683508637632867e-01	   2.6677134747320719e-01	   4.7283492642521829e-01	   5.1055229951963266e-01	   6.8757600979430511e-01	   5.0960408906431576e-01	   3.5578619436449349e-01	   7.9457061924319961e-01	   5.7451069623188189e-01	   2.2088519433125270e-01	   4.1723996475054037e-01	   3.8613404954909869e-01	   3.8048360023808281e-01	   2.2406621140482241e-01	   4.0378594093368436e-01	   6.4752907088342782e-01	   5.4298141776202735e-01	   3.1277705036015402e-01	   3.9247150180851414e-01	   2.4577909083532712e-01	   2.7284997474028738e-01	   1.0063461272323418e-01	   1.6442973432902669e-01	   4.1890589702475230e-02	  -1.9055390121054682e-02	   4.0239510349878310e-01	   3.1955699753571920e-01	   4.5828016041571085e-01	   3.0747690286399221e-01	   2.4212565375413519e-01	  -4.4112929713827371e-03	
   4.0812589139137090e-01	   1.9985986046323134e-01	   1.1358852063783409e+00	   4.3958323732907140e-01	   0.0000000000000000e+00	   5.0730116451440310e-01	   9.8351551380142144e-01	   3.9821108974652270e-01	   1.0109321025679614e+00	   5.1433645935834893e-01	   4.7568423785357805e-01	   2.1864848059708042e-01	   5.7539126793288564e-01	   1.8437219298857388e-01	   9.4918189557465327e-01	   5.0362519992251331e-01	  -1.2455881474078634e-02	  -3.3203480059226284e-02	   5.4059105677501285e-01	   5.1556553798490923e-01	   4.0337749535911022e-01	   3.1990813007063196e-01	   8.0567538909683845e-01	   5.2464124495186271e-01	   3.0809093942937971e-01	   1.2445518857200427e-01	   6.9797981362325412e-01	   5.7322432402220147e-01	   2.3565919015110476e-01	   3.3834836288426116e-02	   3.8145202490730273e-01	   3.2620386034631693e-01	   2.5073720713678194e-01	   1.5021644693044747e-01	   2.5266909598818249e-01	   2.1569578899927064e-01	   8.1661721332365628e-02	  -8.0402644218598093e-02	   3.7973273956198172e-01	   2.3395290833134849e-01	   2.5644342684842342e-01	   2.0297179198183218e-01	   1.2143560797806273e-01	   8.1124310802536889e-02	   1.3204214884294826e-01	   1.2361278512091778e-01	   1.7734659178650822e-01	   2.8681893524860691e-01	   1.3449929233652641e-01	   2.1710563264172394e-01	   2.6925098555526678e-01	   2.5725887708872280e-01	   4.5557377500790458e-01	   6.1248540896772141e-01	   4.0644347667488806e-01	   4.5099587908931416e-01	   2.8364268846158247e-01	   2.0136350002540937e-01	   1.9401804486919585e-01	   2.0868847105443514e-01	   2.7219129069435632e-01	   2.8582567412087345e-01	  -1.4189827260988927e-01	  -7.2324735779893942e-02	   5.6261976590569929e-01	   1.9376312976038632e-01	   3.9998182359892154e-01	   2.0292334480748334e-01	   4.1423825734286063e-01	   4.4574780448682427e-01	   3.3870315142829183e-01	   3.2545787333667359e-01	   3.7365345974653619e-01	   2.9035931765979828e-01	   4.0816488795109734e-01	   3.1672782396079424e-01	   3.8828843464447355e-01	   1.3804926496710543e-01	  -2.0728635219793989e-01	  -2.4430846309937099e-02	   6.2734889246523748e-02	   1.7062161903855608e-01	   7.5885039123927711e-01	   5.5027351226642474e-01	   7.0946893848752346e-01	   4.5033294822284586e-01	   4.8347992305981263e-01	   3.5812087656161584e-01	   7.3683844796225217e-01	   7.0140898469993596e-01	   5.6175707219948123e-01	   6.9171203909337731e-01	   3.9045372444102394e-01	   8.3803412510190345e-01	   2.2168685660773252e-01	   3.0012871864971291e-01	   3.5690487414544070e-01	   2.5302699728915534e-01	   2.5503839833778974e-01	   4.9529347053104467e-01	   3.4374731313549239e-01	   7.1674025299488819e-01	   1.9098299524937923e-01	   5.5493725609324840e-01	  -7.7996054171517129e-02	   2.5220729746723725e-01	  -1.1919059018109553e-01	   1.7529237623860650e-01	   1.5330297694924180e-01	  -5.3255057774774739e-02	   1.3152103010385494e-01	   1.7030365116746121e-01	   5.2483897522312151e-01	   1.9156155018880802e-01	   8.9399106868120470e-02	  -2.6242170366110990e-01	
   4.6674559742656074e-01	   2.7887255775403474e-01	   5.7561618425427896e-01	   1.2317315771224466e+00	   5.0730116451440310e-01	   0.0000000000000000e+00	   6.9029429006582721e-01	   1.1031116032429076e+00	   5.2094395572550711e-01	   1.0295618818983161e+00	   1.7593946862607426e-01	   3.7185813783784316e-01	   2.1153538646741454e-01	   3.4988321928554483e-01	   2.5804741275735277e-01	   6.4130769639193608e-01	  -7.5210415756428339e-02	  -2.3452362840891733e-03	   3.6712407254030355e-01	   3.9441086443897422e-01	   6.4919712846650701e-01	   6.5516297715685967e-01	   3.2388804981471297e-01	   6.8628695769828796e-01	   4.9246311215575916e-01	   7.3235473484211233e-01	   4.4526204282801130e-01	   6.7257755178922551e-01	   1.0576068130163126e-01	   2.6806775365834740e-01	   4.7140150778504669e-01	   6.1025592419930974e-01	   4.8137499484456570e-01	   4.9145850842060934e-01	   3.3915664910650661e-01	   4.6660925474968351e-01	   1.4283726921369203e-01	  -9.9278836276262966e-02	   3.4292149060886340e-01	   2.3565708518440315e-01	   9.9127289783028649e-02	   1.5357954431623341e-01	   3.1578125692951692e-01	   2.5634870026289786e-01	   3.4240866253722607e-01	   4.9884760701413677e-01	   3.0427835973396378e-01	   4.4210116946967987e-01	   3.1479821100099376e-01	   5.3575869283613220e-01	   3.5112265080628069e-01	   3.6750086359026690e-01	   3.2436251481089418e-01	   5.2349540741141110e-01	   3.3808546070923207e-01	   4.8141495695594738e-01	   3.3705611521695761e-01	   1.8208387178435362e-01	   1.2596561127833553e-01	   3.0648433618548637e-01	   2.3969003636778297e-01	   6.2914296286939175e-01	   1.0665662398694828e-02	   1.1514115808958982e-01	   3.3499003018224466e-01	   4.9829378203920321e-01	   4.4122881310828999e-01	   5.5304213360607601e-01	   1.9711515957402448e-01	   2.6812070959073903e-01	   3.7477119718969287e-01	   4.0923909786976376e-01	   3.9754748728510231e-01	   3.4938585723264182e-01	   3.0542772709442645e-01	   3.4816486635707539e-01	   2.6589786287112804e-01	   3.9851992169467787e-01	  -3.0944577058257830e-02	  -3.9963370712032716e-02	   2.0635150902975563e-01	   2.3358202275993362e-01	   3.1771930224171641e-01	   4.8860769421900518e-01	   2.2456426270637589e-01	   5.8763268339628261e-01	   1.2012025322383739e-01	   3.5789343345035696e-01	   3.8398967304819664e-01	   6.1101920874793558e-01	   6.3448024315765994e-01	   4.0882503153167860e-01	   6.4805738515135858e-01	   4.3760455885099736e-01	   3.1465083810067529e-01	   3.5962201620656481e-01	   3.6629264522578603e-01	   3.6299003908537886e-01	   3.3805171129856931e-01	   4.8577334184430498e-01	   6.8158323399550802e-01	   5.1653330126182129e-01	   3.7632952870135872e-01	   4.6202362737711589e-01	   2.5002888722095151e-01	   2.5595680798488391e-01	   1.2243030828670222e-01	   2.6321003186391267e-01	   2.1079628899209663e-01	   9.3311615467008661e-03	   3.2797300240804445e-01	   2.5498910719313106e-01	   4.3110919697000244e-01	   3.3842215474018417e-01	   2.7762256421102283e-01	  -5.0997820386815143e-03	
   4.1907299983143381e-01	   2.9938846692940463e-01	   1.4185737810459194e+00	   8.3496207220102792e-01	   9.8351551380142144e-01	   6.9029429006582721e-01	   0.0000000000000000e+00	   9.3795816162524481e-01	   9.3773686130113088e-01	   5.9212866653000817e-01	   7.2170723905072709e-01	   4.9105526733793381e-01	   9.2125709119838894e-01	   4.9566317447485897e-01	   8.0310926374361757e-01	   7.1030958804495092e-01	  -8.7592220138636209e-03	  -2.8422574791179090e-02	   6.9679942013952534e-01	   6.2846603001108314e-01	   2.7434895106217694e-01	   2.2476586417196623e-01	   7.9431280289228889e-01	   7.4632217875067808e-01	   3.6343133976136982e-01	   3.4235548171994995e-01	   2.9398006510384350e-01	   3.4814204505875840e-01	   4.0086753507197048e-01	   2.1142740451162056e-01	   6.9357067019351060e-01	   7.1834247420403197e-01	   7.3387423424770326e-01	   6.1780925066338632e-01	   4.3605824763113710e-01	   4.0117685051330593e-01	  -5.7278959374650044e-02	  -2.0103751314887358e-01	   2.2349030190116448e-01	   1.6844505682629141e-01	   2.4090272959725223e-01	   1.3928581552493555e-01	   3.5954893250969505e-01	   2.3933837594880050e-01	   3.6079321329523428e-01	   4.0215402301406589e-01	   2.9082677391201123e-01	   3.9836028438912052e-01	   1.7119587888055307e-01	   3.5772968795610366e-01	   3.3075225566029631e-01	   2.4114060677126725e-01	   3.0615063070923759e-01	   4.4000991015474233e-01	   2.7833528008949227e-01	   3.5640521262998748e-01	   2.0010987763549642e-01	   2.0226654428594903e-01	   1.0362756131522963e-01	   1.4583833889819320e-01	   3.9938815348581408e-01	   5.4039312637560566e-01	   7.0708514585005655e-02	   1.2077708668581025e-01	   9.1530643883077911e-01	   5.1057606506467668e-01	   6.2692741724736600e-01	   4.6366174981209296e-01	   3.1666385924828078e-01	   4.7020796285173616e-01	   3.4709090322714536e-01	   4.6453161073587806e-01	   5.5475553765322860e-01	   4.0595643260739539e-01	   5.6776697066367543e-01	   4.8778605676711989e-01	   4.6490026103764881e-01	   3.3150199911394845e-01	  -1.8342653839113596e-01	  -6.8270785554096450e-02	   1.6819669647735791e-01	   2.0035765813616477e-01	   6.8617816419545152e-01	   5.9255625133083267e-01	   7.4727115869377625e-01	   6.8183407463974233e-01	   3.2165067278541981e-01	   3.3514886388617693e-01	   5.6363185544236794e-01	   5.5521301430559600e-01	   4.8529987613126668e-01	   5.4573633744551220e-01	   5.4917257368493555e-01	   7.6903332275861236e-01	   2.0817356610361992e-02	   2.7361734906020196e-01	   3.0117326466861738e-01	   2.0483397861275499e-01	   2.7692364023641847e-01	   4.6572424409224578e-01	   5.1275911485321191e-01	   8.6285434009167927e-01	   2.7537718270620481e-01	   5.8468538711836893e-01	  -1.2528247023030811e-02	   1.5993249291993317e-01	  -8.7580470705366412e-02	   9.9802489052425294e-02	  -7.0122892680475907e-03	  -1.5145742020806441e-01	   2.0214807036593735e-01	   2.6714299927722579e-01	   4.8803138719276440e-01	   1.9329854458867371e-01	   5.6260854117547693e-02	  -2.0167881834319765e-01	
   4.0366063262876678e-01	   3.0323961684321982e-01	   5.4206847058146490e-01	   1.2749519245387426e+00	   3.9821108974652270e-01	   1.1031116032429076e+00	   9.3795816162524481e-01	   0.0000000000000000e+00	   6.7320206770493163e-01	   9.4062043321984956e-01	   3.8260939219973278e-01	   6.7909046979627063e-01	   4.4263080360967538e-01	   6.9386723929016592e-01	   2.7296425592233131e-01	   7.4774419194793129e-01	  -1.2516421201981453e-03	  -2.2161640547979734e-02	   3.3561211316344597e-01	   3.6990650247613899e-01	   2.5368469638475599e-01	   3.1440942557431761e-01	   2.6236076567856742e-01	   6.4540457504309157e-01	   3.2534358209600672e-01	   5.2879094304872587e-01	   1.3632931547485883e-01	   3.3127084751705688e-01	   1.5701391779550652e-01	   3.8133504155003717e-01	   4.3210174631417303e-01	   6.6325744712037682e-01	   6.7200541682480208e-01	   7.0672909419789243e-01	   3.5676483233017864e-01	   5.4894822014004996e-01	  -2.2747397998558089e-02	  -1.9191240098930187e-01	   8.5837605838361447e-02	   1.3140009681406140e-01	   6.2182572091878149e-02	   1.3892880373488409e-01	   3.9070091257882128e-01	   3.0374237120692565e-01	   4.2853108444000743e-01	   5.9977039560541656e-01	   3.0014635945835760e-01	   4.0398533104453227e-01	   2.5437592676363852e-01	   5.0281468119126060e-01	   3.1431091322130444e-01	   2.6004693670075618e-01	   2.0017897619244227e-01	   3.4648304237043109e-01	   1.7788759389744657e-01	   3.1650113278834863e-01	   2.3560865708818532e-01	   1.0935102313821309e-01	   2.6388741538441850e-02	   1.9640029765961975e-01	   3.6509229022915396e-01	   9.8589785812604114e-01	   1.2175033272322881e-01	   2.2382013280668905e-01	   5.5421037709407561e-01	   8.0068492822332404e-01	   4.8899464293213912e-01	   6.9409872850779619e-01	   1.7357053956202501e-01	   2.7812192886972392e-01	   2.4338338272185278e-01	   3.7656418834749533e-01	   3.2856004709166847e-01	   3.9054502019370335e-01	   3.0674036938646188e-01	   4.7235057121193857e-01	   2.9003033117983829e-01	   4.2968753185013470e-01	  -2.8090922722072639e-02	  -8.7202385439808572e-02	   2.4822686958086954e-01	   1.6003986516289681e-01	   2.4603329209013433e-01	   3.8132265634576040e-01	   2.5596749068814512e-01	   6.9033410649608662e-01	  -4.3641177793409126e-02	   1.6002929722045983e-01	   2.8968686301165181e-01	   4.4217933917582047e-01	   4.8876917611355508e-01	   3.0014464000535668e-01	   6.4443070917723921e-01	   3.4097831048821431e-01	   5.6431417103891865e-02	   2.1454621435682536e-01	   1.9034954472140433e-01	   1.3592702206857335e-01	   2.1997226180255053e-01	   3.2548908636434187e-01	   5.2821020780333328e-01	   4.5357730830414206e-01	   2.1664928033038727e-01	   3.4595819768997588e-01	   1.1075936924671163e-01	   6.3062212513231075e-02	  -4.5856339405295016e-02	   1.0424252032696495e-01	   1.8160274519155265e-03	  -1.1465094173914832e-01	   2.5790251562001759e-01	   1.8641326682255660e-01	   3.4487407280381893e-01	   2.1096542747875627e-01	   1.7792336622844726e-01	  -5.0136502845602076e-03	
   5.2597226973153455e-01	   2.5717528300760945e-01	   7.6449103137252084e-01	   5.6578664248033372e-01	   1.0109321025679614e+00	   5.2094395572550711e-01	   9.3773686130113088e-01	   6.7320206770493163e-01	   0.0000000000000000e+00	   9.6814526383435351e-01	   5.8832165461174413e-01	   4.2406669979208600e-01	   7.0784349809440927e-01	   3.6870610013335886e-01	   8.0525245378510124e-01	   6.0379352425932242e-01	  -5.8737614539835871e-02	  -7.8247937566668882e-02	   3.2199789391103134e-01	   3.6566128716449242e-01	   2.1372031795651397e-01	   2.2519390088565233e-01	   5.0740720596117583e-01	   4.6382610963294124e-01	   3.2733623699573416e-01	   2.0610969261838330e-01	   5.1370642062919580e-01	   5.2932287165844516e-01	   2.1001711022405400e-01	   1.1902570257661917e-01	   1.9259591298168932e-01	   2.5514684451029823e-01	   3.3797159037583596e-01	   2.3544212332298431e-01	   2.9323966718647598e-01	   2.2949163150477223e-01	   5.3263567601521296e-02	  -2.1974985680484121e-01	   1.6335585179897005e-01	   9.0197893952045610e-02	   1.1689838806147260e-01	   1.0069243081798274e-01	   1.5935418539940091e-01	   1.2203121539581216e-01	   1.0727038680105588e-01	   1.4441771586434704e-01	   1.7584475933863442e-01	   2.9168055131943815e-01	   1.7320340193657052e-01	   3.7562924348406018e-01	   4.1117135889721668e-01	   3.3715597873757375e-01	   4.2856896476420886e-01	   5.7407622809513992e-01	   2.5272684494318554e-01	   3.9060348948127399e-01	   2.4315461577431069e-01	   8.4236953548400981e-02	   6.9045651665861810e-02	   9.8450906103840732e-02	   3.9876924219550058e-01	   5.7930380118980340e-01	  -1.6676685034038452e-01	  -7.4880855606537455e-02	   6.2111885256917210e-01	   4.1546754974936784e-01	   2.4368035214625389e-01	   2.2177682864583700e-01	   3.9954114958853787e-01	   4.6307937269744559e-01	   1.1077981964326422e-01	   1.9496415891227778e-01	   1.9069898934349011e-01	   1.7976740844737965e-01	   1.8730207459704679e-01	   2.6330507245343321e-01	   2.4455240558502514e-01	   4.1144069925057501e-02	  -2.3693359884690754e-01	  -1.4510590574915599e-01	   7.1658510948878443e-02	   7.0433891783800509e-02	   4.4603853164330437e-01	   2.5241353239290276e-01	   4.8924207384490015e-01	   5.3778873782918613e-01	   1.5873495252286351e-01	   1.1052979066927771e-01	   5.1336807494642167e-01	   5.8511221071378616e-01	   4.3768022829660208e-01	   4.7779828845437666e-01	   4.6815280974074552e-01	   5.8786840485571745e-01	   1.8894422671546240e-01	   2.7980180472254135e-01	   2.7713503170069415e-01	   2.8773284108594682e-01	   1.1367727024961091e-01	   3.4485369872149546e-01	   3.1274833192812462e-01	   5.1193910346809923e-01	  -6.0770057703573134e-03	   2.7545173718708466e-01	  -8.5406050150956134e-02	   1.5745132876092868e-01	  -1.2515564868282458e-01	   1.5074142844236119e-01	   7.0287119759128353e-02	  -2.4633993136833877e-02	   2.1089851794874809e-01	   1.4498421882435999e-01	   4.5823799911976881e-01	   1.4253570122059334e-01	   4.2866478888318349e-02	  -1.1967535520494010e-01	
   6.4701357527202685e-01	   2.6484420225242944e-01	   4.1769865742647072e-01	   8.5806471710381738e-01	   5.1433645935834893e-01	   1.0295618818983161e+00	   5.9212866653000817e-01	   9.4062043321984956e-01	   9.6814526383435351e-01	   0.0000000000000000e+00	   2.8684772034911465e-01	   3.9773023086330583e-01	   2.9601759193007121e-01	   3.1039749037317393e-01	   3.6353315759628579e-01	   6.1185036446161134e-01	  -1.0792813058217510e-01	  -9.8150716689446277e-02	   2.0325885740405647e-01	   2.9534274412214701e-01	   3.8195009575207162e-01	   4.8775477473393614e-01	   2.3499328840168635e-01	   4.8921646555844234e-01	   3.9723185801052280e-01	   4.9676900821356684e-01	   5.2708058459543150e-01	   7.6909283270215900e-01	  -2.9899199820870168e-02	   9.6134295636054301e-02	   9.0215615089788440e-02	   2.4051022529134369e-01	   3.5564600282497943e-01	   2.8213167070333339e-01	   2.9959658980327186e-01	   3.5846589703892789e-01	   1.2644026831352359e-01	  -1.6240037242925789e-01	   2.5479717903419119e-01	   1.6812408920485244e-01	  -2.1418731441490793e-03	   1.2949870950730716e-01	   2.6881890278137566e-01	   2.2329939953597361e-01	   1.8001769223210826e-01	   2.7521637420424089e-01	   2.6162121109601555e-01	   3.8121266804542225e-01	   3.0875017893262013e-01	   5.9021153213315636e-01	   4.7404793095627196e-01	   4.6847309189272140e-01	   4.1957699883624183e-01	   5.8820629964897042e-01	   3.1645858531956467e-01	   5.0412522853957586e-01	   3.1673279375608770e-01	   5.7774860859708163e-02	   1.0088639317265921e-01	   2.4019252137759359e-01	   3.4339042120132179e-01	   7.9367084598600801e-01	  -1.6870372447648596e-01	  -6.4685307550474372e-02	   3.7104238889846619e-01	   5.9175240666709705e-01	   1.9894196166553008e-01	   3.6066477667808211e-01	   2.8930877282542844e-01	   3.5132950159057952e-01	   1.2303377330584486e-01	   2.1516082789086804e-01	   1.6389387126260488e-01	   2.1989979098284124e-01	   9.7762273364582250e-02	   2.2721198352985741e-01	   1.5592894732453572e-01	   1.5926269666715476e-01	  -1.3164838577370591e-01	  -1.9140614059860742e-01	   1.2341121787896830e-01	   8.4691945943182592e-02	   2.2653865229840445e-01	   2.5968705886346044e-01	   2.1982590285382653e-01	   6.0685869219832844e-01	   4.6748216974480922e-02	   2.0655041096762353e-01	   4.3988038586029410e-01	   7.5064435298655041e-01	   5.3594624469277130e-01	   4.0398754565418171e-01	   6.9390630863181779e-01	   4.0166502923746611e-01	   3.8511147072346463e-01	   3.7195060393835111e-01	   3.7638779733565680e-01	   4.0679225006576464e-01	   2.1709163130994150e-01	   4.0539942432603909e-01	   5.4587938901847055e-01	   4.1171203763227093e-01	   1.5314913934725866e-01	   2.7747375057734625e-01	   2.1422871748722278e-01	   2.4049058908824511e-01	   9.9979319032314606e-02	   2.4335156302926619e-01	   2.0032394038058643e-01	   8.8357001574808911e-04	   3.7094605451636692e-01	   1.6955315486685973e-01	   4.8517530381066754e-01	   2.9539212074038101e-01	   3.1358463534061770e-01	   1.0824336806023868e-01	
   6.0824400816461011e-01	   4.3523645444066927e-01	   6.0809409792465163e-01	   2.9232905779872703e-01	   4.7568423785357805e-01	   1.7593946862607426e-01	   7.2170723905072709e-01	   3.8260939219973278e-01	   5.8832165461174413e-01	   2.8684772034911465e-01	   0.0000000000000000e+00	   8.5256296197716130e-01	   1.4300424806937164e+00	   7.2058866261755994e-01	   9.3914525915291591e-01	   6.4182870155756044e-01	   1.5889341846436855e-01	   3.2954889405818914e-02	   4.7665378222517396e-01	   4.9303425644716253e-01	  -5.4473230638124703e-02	  -3.7621371302336559e-02	   4.9999081114977595e-01	   2.9853195725404685e-01	   1.1526149046532580e-01	  -3.4702567561800998e-02	   1.8377341581023388e-01	   5.6687486492748164e-02	   5.1851376937571558e-01	   2.6857490206108192e-01	   2.1246092596527294e-01	   2.3502420551715247e-01	   4.2257887548459383e-01	   3.1652202783541239e-01	   1.7348502876958161e-01	   1.0726378571699370e-01	  -1.1454136644912703e-01	  -1.1241925750202648e-01	   9.7807393193412820e-02	   1.2408656711850342e-01	   2.6137001685141592e-01	   1.7952905421535467e-01	   2.4966515991570881e-01	   1.4670951410646718e-01	  -7.0967937242299665e-03	   6.6589035113221340e-02	   2.5048026477364060e-01	   1.9199174204960476e-01	   1.2089668963527023e-01	   2.9330766540106806e-01	   2.8420190878732388e-01	   2.2375813905918940e-01	   2.6979730205625518e-01	   2.1736182312902058e-01	   3.1960563667142056e-01	   2.5085834460494999e-01	   2.5611970829168818e-01	   3.1325371704327110e-01	   3.6951574259578857e-01	   3.2711404148646245e-01	   7.9693197036195562e-01	   5.5033301889364905e-01	   2.6448955253515549e-01	   3.9837038968681843e-01	   4.7332399258793167e-01	   2.0052622211067525e-01	   2.6277286536201550e-01	   1.4999576146496055e-01	   3.0913687643209919e-01	   3.9322394722661647e-01	   5.9536309942278827e-02	   2.0308159395414838e-01	   2.7509959317135935e-01	   2.1557894763232829e-01	   2.2334568652524819e-01	   2.9716402198740283e-01	   3.4050697625164456e-01	   1.6952403324539758e-01	  -2.0074920914979519e-02	  -2.4582092343433736e-02	   2.8835397422626224e-01	   2.4455042896825793e-01	   6.7004903493381363e-01	   4.9422109242912970e-01	   6.8218685535163315e-01	   3.6905444880483196e-01	   1.8534817564146719e-01	   1.2893389807918457e-01	   5.2831670015704246e-01	   3.8286579982069990e-01	   4.3557267410966563e-02	   1.0085104062431652e-01	   1.2405696801544570e-01	   3.0265575394470373e-01	  -9.7963937964412495e-02	   1.9891338909038736e-01	   1.4416305614554942e-01	   2.0842914994997055e-01	   5.7433889230946999e-02	   1.7278582546177296e-01	   1.0282806911342453e-01	   3.4327279083112039e-01	  -2.6069007361531449e-02	   1.5050892936169646e-01	  -2.0012901311723821e-01	  -6.2324744782623995e-02	  -1.9242062371738186e-01	  -1.6583524113232365e-01	  -4.8337640394054492e-02	  -2.0984262307924187e-01	  -7.7510438877135657e-02	   8.0739300877337272e-02	   1.9580479756211511e-01	   1.2236645891273945e-01	  -2.0190979231853976e-03	  -2.0189678708599199e-01	
   6.3083606354241417e-01	   5.1386290398964596e-01	   3.1033385264289004e-01	   5.1562188869446723e-01	   2.1864848059708042e-01	   3.7185813783784316e-01	   4.9105526733793381e-01	   6.7909046979627063e-01	   4.2406669979208600e-01	   3.9773023086330583e-01	   8.5256296197716130e-01	   0.0000000000000000e+00	   7.3793265312399281e-01	   1.4908072249285964e+00	   5.2445564899572950e-01	   8.9997445228432005e-01	   1.1570286176304548e-01	  -5.1221961692738814e-02	   2.5901515857369389e-01	   3.6514769256746543e-01	   1.9936146829051097e-02	   5.1121982452695718e-02	   2.0969765725363382e-01	   4.0988697825387083e-01	   2.2326238436819412e-01	   1.8467884524478848e-01	   1.8398585175619139e-01	   1.0348796195359099e-01	   4.5486560424190225e-01	   5.5398800641036039e-01	   2.5279300786154935e-01	   3.4209437496555367e-01	   4.1090458829332710e-01	   3.9938088866882404e-01	   6.0965539281752759e-02	   1.1383210604537376e-01	   5.4398777187512133e-02	   2.5113540287054977e-02	   9.3761448122716431e-02	   1.8519122346811431e-01	   3.2163144843748459e-01	   2.1986107273818503e-01	   4.4801923697516532e-01	   3.7292793262261731e-01	   1.3455127820743285e-01	   2.4350902668113109e-01	   4.8959615380072607e-01	   3.3001820324213971e-01	   4.4988988770937477e-01	   5.4346653169339765e-01	   4.8890125946258117e-01	   4.7966183599145096e-01	   4.7618065639157275e-01	   3.0905726840831477e-01	   4.3733947270579376e-01	   3.6819696293644627e-01	   3.3538819470982906e-01	   2.9548880270260880e-01	   4.0970085255811745e-01	   4.6574190765080192e-01	   7.0568205424731045e-01	   8.0043386418092910e-01	   1.8531237631468545e-01	   4.4937352870948860e-01	   1.7892212458483753e-01	   2.7475612799029925e-01	   1.8733410678226081e-01	   2.7562878283401582e-01	   2.4112541335037241e-01	   3.5211355329162730e-01	  -2.2706386517460736e-02	   1.3741949682229407e-01	   1.8123892015533125e-01	   2.0757050253915854e-01	   1.0752675403563669e-01	   2.5045798264272590e-01	   2.1410691922549005e-01	   2.5664104742173649e-01	   1.3115515337393829e-01	  -5.5549075587413434e-02	   3.6319435552447898e-01	   2.5621519907770152e-01	   4.5157532174285653e-01	   5.5216786599617285e-01	   2.9821839875848188e-01	   4.0635988673018919e-01	  -3.6832980178326549e-02	   5.5412885994882095e-02	   3.0279061961848219e-01	   3.3840229005984523e-01	   1.1453764369016062e-01	  -7.2044547082829064e-02	   1.3971951012290754e-01	   3.3470828271949138e-02	   2.9161789923317629e-04	   2.0900915470690523e-01	   1.5074013063592659e-01	   2.3319487384215276e-01	   1.0550538249938281e-01	   1.0093849748091618e-01	   1.4119570086194704e-02	   4.9559727382071872e-02	  -1.1410327747877398e-01	  -4.3079670858187348e-02	  -8.8931060734143613e-02	  -8.8847834308778725e-02	  -1.5903285781515616e-01	  -1.6963997313018492e-01	  -6.5248040562034357e-02	  -2.5238141651645052e-01	  -4.7917058883548413e-02	   8.2953069177146760e-02	   9.9266467961189681e-02	   6.6927096138426595e-02	   1.8600500092143795e-02	  -7.1732188508317182e-02	
   5.0971229702199239e-01	   4.0207704000684724e-01	   7.9883505797825594e-01	   3.3940800279472466e-01	   5.7539126793288564e-01	   2.1153538646741454e-01	   9.2125709119838894e-01	   4.4263080360967538e-01	   7.0784349809440927e-01	   2.9601759193007121e-01	   1.4300424806937164e+00	   7.3793265312399281e-01	   0.0000000000000000e+00	   7.4531789109399793e-01	   1.0871302433031169e+00	   7.4663053464039364e-01	   8.0534601037735493e-02	   2.7485961869554956e-02	   4.9765678429235294e-01	   4.6267740133010604e-01	   2.8376816118218590e-02	   3.7766435392989045e-02	   6.0214581597640093e-01	   4.0650393870563584e-01	   1.4743300754342642e-01	   2.3522760301373992e-02	   2.3930986132325294e-01	   1.3908751681454720e-01	   5.7523196214885408e-01	   3.0377182060380070e-01	   3.2770938175412223e-01	   3.3545730330791790e-01	   4.8909204843341814e-01	   3.9091847555862169e-01	   2.3747409257011595e-01	   1.1436057496778018e-01	  -1.2988524363733170e-01	  -1.6379318847416088e-01	   1.0080083463151240e-01	   1.2015732334916626e-01	   2.8445949460531234e-01	   1.6832350101047008e-01	   3.0355314035550046e-01	   1.4736188017716720e-01	   1.1356999293121260e-01	   1.3775418751918564e-01	   2.8741195642573247e-01	   2.4589664324019733e-01	   1.3308421646754909e-01	   2.7721729835259346e-01	   2.9131652196836133e-01	   1.8145341419632435e-01	   2.6346756309634972e-01	   2.1766806073519637e-01	   3.2286644734865982e-01	   3.0176826682404218e-01	   2.3751883553040642e-01	   3.3574484564146256e-01	   2.4970054344379683e-01	   2.0784899337430454e-01	   6.0721431032977158e-01	   3.8737435049892577e-01	   2.5532256847261681e-01	   3.1986218759812485e-01	   5.4063988415223130e-01	   1.8153768389065400e-01	   3.4889843013814137e-01	   1.8634926280871375e-01	   2.7215239334918589e-01	   4.2128549936445786e-01	   7.1908513461901469e-02	   2.0864592816529173e-01	   3.0011330505830547e-01	   2.0262157434551478e-01	   2.0823677873213836e-01	   2.9193123016434780e-01	   2.6214612927132608e-01	   9.2202397260197022e-02	  -8.3135170253432478e-02	  -3.3524227294277377e-02	   2.6999554262643777e-01	   2.6841075561602445e-01	   7.6500940638294734e-01	   5.3434918825209954e-01	   6.8491823805697594e-01	   4.1898998279595373e-01	   2.1121119771387398e-01	   1.4671429307023068e-01	   4.7645443330025283e-01	   3.3481242335353861e-01	   1.0670659228390938e-01	   1.6727395090723413e-01	   1.5399735191172334e-01	   4.2035172407092142e-01	  -2.9620893613436866e-02	   1.9117683806252447e-01	   1.9573019098647232e-01	   1.9029467933009606e-01	   1.0255183060308629e-01	   2.5011565960813653e-01	   1.0192607143837148e-01	   5.0569675081766263e-01	  -3.8920254352459722e-02	   2.1708742168126932e-01	  -2.6296924610044198e-01	  -9.5376371636363172e-02	  -2.6114480577137283e-01	  -1.6800177873693439e-01	  -5.0438778038037348e-02	  -2.1640024701707847e-01	  -3.6651818772191723e-02	   1.5112812237318368e-01	   2.9480701470662102e-01	   1.0016816113993998e-01	  -6.4516142184509323e-02	  -2.4316050891366342e-01	
