   0.0000000000000000e+00	   6.0361207284643259e-01	   4.8152996619532706e-01	   4.1112254311173624e-01	   2.3065993924634132e-01	   3.6505978727578525e-01	   5.2397022204841393e-01	   3.3575037650969058e-01	   9.8075948271644536e-02	   2.9543676151372622e-01	   4.9036074660062373e-01	   3.2015514561374764e-01	   3.5741205446564778e-01	   3.1939651280008802e-01	   3.2954890595872066e-01	   5.5996916164156529e-01	   5.0382122526735607e-01	   3.5368128157971213e-01	   8.0390704051213702e-01	   7.5721380477233902e-01	   1.4291174760384653e-01	  -2.7979544264910748e-02	   3.9040499047145133e-01	   3.9123069103706892e-01	   3.2548454955167633e-01	   3.6987454615770660e-01	   2.6557725749206318e-01	   2.9243346707765355e-01	   2.6332549557834301e-01	   1.4213295387101837e-01	   1.6426554188122702e-01	   1.2651821271490665e-01	   5.6990658363292912e-01	   4.7644894833144924e-01	   2.7332243711905846e-01	   2.8616844327739299e-01	   1.8055287909364931e-01	   7.5021588650072094e-02	   6.0283803131897440e-01	   5.7098520936540931e-01	   3.8928143770741674e-01	   3.9052368064630588e-01	   5.8809066866735960e-01	   5.9978119617095393e-01	   5.9684956031956016e-01	   5.4793442970820738e-01	   7.0208088551546899e-01	   6.9480921326502643e-01	   6.8348747453450687e-01	   5.5555486297648460e-01	   6.8548418119460597e-01	   5.3021440372038009e-01	   6.5907759885901807e-01	   6.0040640611189844e-01	   8.2514114121613069e-01	   7.8770449123344477e-01	   8.9332299604137089e-01	   5.5283224128567987e-01	   8.2656252565259769e-01	   5.2869511364936694e-01	   3.1934761534189066e-01	   2.7402488041546541e-01	   2.7782880420166350e-01	   1.8738816785518747e-01	   1.6148474671442914e-01	   1.8037239283202083e-01	   6.7874432468826285e-01	   5.1003805521047130e-01	   6.0838659643909410e-01	   4.4232132462005053e-01	   1.0810414830043602e-01	   1.5215944714030075e-01	   4.4151959392691664e-01	   3.3010105049033833e-01	   4.0036133976904059e-01	   3.2727096653762883e-01	   2.7714225240184348e-01	   3.6387925671990506e-01	   3.9031474982127434e-01	   1.3280711439793202e-01	   4.9636228726931575e-01	   4.7441575137709141e-01	   5.2740089038582150e-01	   3.9391747101626495e-01	   3.3576087771725160e-01	   3.5264325599043594e-01	   6.3544872936475050e-01	   4.3837373566411930e-01	   7.0074128085146825e-01	   7.1979151512852246e-01	   3.3182897248461996e-01	   5.2146732127407036e-01	   1.7371504354422265e-01	   4.2325088631481694e-01	   2.4945047896297895e-01	   2.3503952712392900e-01	   6.2741434823761466e-01	   5.3491526768519704e-01	   7.0929573702882276e-01	   9.6831818203298059e-01	   1.1289899860778943e-01	   4.0293837777013519e-01	   2.5969886291360345e-01	   3.8249786957398529e-01	   4.2818169605018719e-01	   2.9886419366496947e-01	   2.9287835322264799e-01	   5.9546232072420302e-01	   2.6753296551947903e-02	  -2.1561625145352401e-02	   7.2772786371582454e-01	   7.6588452280281094e-01	   7.3961362762545801e-01	   6.9656532547811689e-01	   6.6550901214244174e-01	   5.4507474147651491e-01	
   6.0361207284643259e-01	   0.0000000000000000e+00	   1.7546714435243682e-01	   2.0518054522652368e-01	  -6.1339396558648979e-02	   1.4732012452080193e-01	   1.3264052823094474e-01	   3.0635002038227593e-01	   1.8214233439403774e-01	   1.6744726969799054e-01	   4.1464203280631817e-01	   2.9890427791021662e-01	   4.2534432244373976e-01	   3.8816727335861867e-01	   3.0447046733278088e-01	   4.2811587746998669e-01	   4.2010692066833066e-01	   5.4096512668471908e-01	   3.4920275310250143e-01	   7.8518455395004982e-01	   9.2891366528273775e-02	   5.9769579924711450e-02	   1.7917554629765567e-01	   1.5624512915584821e-01	   7.9888118993541826e-02	   1.1292959208340644e-01	   1.2857882752320043e-01	   1.3473187614742951e-01	   2.8541479299534117e-01	   3.2264129904570615e-01	   2.2560623097966883e-02	   4.6733859653678286e-03	   4.2575007850047586e-01	   6.7918223642854514e-01	   6.5410860262342829e-02	   2.1571741062934618e-01	   3.6053971037721272e-01	   2.2629022455890546e-01	   4.0761883615879591e-01	   6.5767870090680447e-01	   3.6301676251031778e-01	   5.2236900528293229e-01	   4.2892413550774894e-01	   5.0296246896096930e-01	   5.0205559826543178e-01	   5.6509171020293936e-01	   6.1416762994935548e-01	   5.2627952227172869e-01	   5.4624571852789228e-01	   5.0101229515435031e-01	   4.2844959467043375e-01	   3.7148424491575854e-01	   5.7699412778172554e-01	   6.0491382118826864e-01	   6.6435197733062734e-01	   6.4568967143187839e-01	   3.6482419735944693e-01	   8.0843922344557095e-01	   5.2205717529314510e-01	   6.4152592048959778e-01	  -5.4108961994819092e-02	   2.8473921534250046e-01	   1.7545907140340722e-01	   3.5619873799119384e-01	  -5.1807336970607881e-02	  -1.5441172069283174e-01	   3.3326682069102814e-01	   3.0911327669176863e-01	   4.3376049550435897e-01	   4.3650182531798598e-01	   2.9780329887187990e-01	   2.7064398431790193e-01	   3.2094711900973660e-01	   5.4679234731685333e-01	   2.3822561597199071e-01	   4.5872538495912629e-01	   2.1844652036044715e-01	   4.8463192354053275e-01	   2.6244969960874165e-01	   1.6071867013571867e-01	   3.9524166089313911e-01	   4.7790556661050348e-01	   6.6252252155974622e-01	   6.8217681698192734e-01	   1.5235598554377974e-01	   8.5535930752847877e-02	   5.3530637859071128e-01	   5.1371405044584062e-01	   3.6341391377937077e-01	   4.4781997411696628e-01	   2.4793935047149035e-01	   1.1973228507777973e-01	  -4.4267784872530525e-02	   3.0468121923688651e-02	  -8.4678719353396860e-03	   7.4132019883236810e-02	   6.4913184046426198e-01	   2.8911633299867556e-01	   6.7661831775775794e-01	   4.0942605661425546e-01	   5.1360706122189816e-03	   1.0687171003435804e-02	   2.6174727479191684e-01	   8.8938585639392973e-03	   4.2168495211502144e-01	  -2.9943136724987190e-02	   2.4856875224278374e-01	   1.6035042783655151e-01	  -1.0036853217669264e-01	  -6.8127551685165350e-02	   4.2647822326001844e-01	   4.7519027909299638e-01	   4.0201726698050527e-01	   2.4330125740706970e-01	   2.3815022257137894e-01	   2.5654320880048204e-01	
   4.8152996619532706e-01	   1.7546714435243682e-01	   0.0000000000000000e+00	   1.0909970557119679e+00	   7.7318940827061244e-01	   5.9747709017413042e-01	   9.1910173392379213e-01	   2.8925625180298287e-01	   4.5559406802569458e-01	   5.1121155208099545e-01	   4.5644990376180428e-01	   3.2668987004140004e-02	   9.5225918439812110e-02	  -1.5229068675446389e-01	   5.5395521209193344e-01	   3.8973341592777522e-01	  -4.7887550630099911e-02	  -1.8589427646211676e-01	   8.6967938099482789e-01	   5.5482575919115018e-01	   4.4252762355454411e-01	   1.2745393164315089e-01	   9.5571572003528349e-01	   8.8195090277991950e-01	   6.2460119626578592e-01	   6.7271875966487482e-01	   4.8101442366190628e-01	   4.5312017563358836e-01	  -1.0352284567308931e-01	  -3.3188461288049798e-01	   5.9205540732833495e-01	   4.9774440186603064e-01	   3.2933763583687242e-01	   1.7252390553155514e-01	   6.3619320318574724e-01	   5.4715049781073322e-01	   2.8901204469668113e-01	   1.5886951797452797e-01	   6.2549983348913563e-01	   4.4111965552180671e-01	   4.2102805237842239e-01	   2.3833284136356067e-01	   3.8453600251524783e-01	   3.6411827942970432e-01	   3.7782103115241861e-01	   2.9486171856712962e-01	   4.0113536348764522e-01	   3.7548100298204157e-01	   2.9302841302449623e-01	   1.7730909538886502e-01	   4.4577929679369288e-01	   2.5252276164989540e-01	   4.2012829179998579e-01	   4.4690313054977721e-01	   4.7989784695050530e-01	   4.6973779529484716e-01	   1.7024114020607301e-01	   9.9435970030906845e-02	   3.0233835245035501e-01	   1.3862956166798984e-01	   2.3646623608012227e-01	   5.8724790140031125e-02	  -2.5727099180621665e-01	  -3.0438542962888016e-01	   6.5707450334098505e-01	   3.9257781204519121e-01	   4.6610016980591035e-01	   3.7577092304308563e-01	   5.8775151098889711e-01	   4.3587356245362130e-01	  -7.7433057719349205e-02	   1.0768115722046655e-02	   2.4527756058079037e-01	  -2.8815459597276204e-03	   2.8434623743116960e-01	  -2.6029186577892611e-03	  -8.0396093513472572e-02	   1.7348795081631559e-02	  -4.7030321555000254e-02	  -2.3482320716694255e-01	  -1.5011689706749860e-02	   6.4882583995080179e-02	   4.9040327849434212e-01	   3.8757182295530745e-01	   6.4570112246203615e-01	   4.5886760561734019e-01	   6.1646246075543543e-01	   5.9431520296216078e-01	   8.1347662707047985e-01	   6.9282210466850191e-01	   2.5198940276265330e-01	   6.2529315276298125e-01	   2.8768506844873415e-01	   5.9534379207114996e-01	   2.0151041108121903e-01	   1.0959630677653302e-01	   3.1587525489708951e-01	   1.7286339630241515e-01	   3.4351338921999813e-01	   4.6933591774855432e-01	  -2.2627864660421385e-02	   3.1131329472753766e-01	  -8.3988510446180609e-02	   1.4703447961726152e-01	   3.2053947804750388e-01	   4.9281343209342143e-01	   5.3009567674105924e-02	   3.2594413448823606e-01	   3.7016550496891447e-02	  -1.0057753898608428e-02	   4.2849476024475797e-01	   4.1969182320982124e-01	   4.4592443456553044e-01	   3.2410886409187767e-01	   3.7033753195432906e-01	   1.7038366246455947e-01	
   4.1112254311173624e-01	   2.0518054522652368e-01	   1.0909970557119679e+00	   0.0000000000000000e+00	   6.7401104545269064e-01	   9.2854385441637710e-01	   5.7617965146270689e-01	   6.1123436107696461e-01	   4.9051814998721910e-01	   7.8221521009007877e-01	   3.0829354454034624e-01	   2.1236360835503076e-01	   2.5877935584210258e-02	   4.7778549701860684e-02	   4.0365511852367519e-01	   5.1492569408289568e-01	  -3.6366621907776668e-02	  -2.1498178532445486e-01	   8.8169881851313003e-01	   6.7872419201112133e-01	   4.2410213375003392e-01	   1.6479386376470778e-01	   6.4881866615938000e-01	   8.7661528270254097e-01	   4.9008512808438182e-01	   6.1525525217000632e-01	   4.4924901824399166e-01	   4.5369469616229446e-01	  -5.1414384970247189e-02	  -1.7927992651520167e-01	   5.3226103251441170e-01	   4.5106200212615516e-01	   1.8576609636432639e-01	   8.7686740160765206e-02	   3.4672149327502877e-01	   3.5991216208728299e-01	   2.2477784472918222e-01	   1.2324007350725154e-01	   5.2254984166375562e-01	   4.5284426061058275e-01	   4.0112043955897236e-01	   2.8720005460718534e-01	   3.5753260601873160e-01	   3.3006556076887222e-01	   3.0442987507612401e-01	   2.7224739928675923e-01	   4.4921901433530981e-01	   3.6907460794496177e-01	   2.6896387931017002e-01	   1.7319700312758307e-01	   4.0271392249754573e-01	   2.2124725221522226e-01	   5.2547697478671207e-01	   5.1462419731849085e-01	   4.6406486746618886e-01	   4.6819274925244497e-01	   2.1247973698325462e-01	   6.9023795613488981e-02	   2.0645955772383009e-01	   1.5300565239852582e-01	   7.3646154986702822e-02	   1.2617222381169757e-01	  -2.5468257252460180e-01	  -2.3702366415012260e-01	   3.9651301151437812e-01	   3.7881255649757056e-01	   3.0606249242128003e-01	   3.0415222359959193e-01	   6.9426897279319189e-01	   4.3922094148861907e-01	   9.4187715322363155e-02	   9.4476550400498543e-02	   3.5589901387089468e-01	   8.8720490684523895e-02	   3.9121688491154727e-01	   1.5557237898255533e-01	  -1.2127410609304612e-01	   6.8443950272132972e-02	   1.6300081963393252e-02	  -2.5449946077749125e-01	  -4.7062533478157802e-02	   3.2541650556146898e-02	   4.3339942113682972e-01	   4.2673107235692420e-01	   3.9546067833508552e-01	   4.6602449723873435e-01	   4.5381410579057679e-01	   5.7733865227686576e-01	   5.6380721902145670e-01	   6.6610388240771745e-01	   1.9621022754301443e-01	   2.9149502821631840e-01	   1.8691170989258457e-01	   2.1865800757662890e-01	   1.0153158204904575e-01	   2.4539633476605632e-02	   2.9554912333856143e-01	   1.6818306545543574e-01	   3.4004134859205609e-01	   3.2941354074884949e-01	  -9.0683282895970982e-02	   3.5642701964791579e-02	  -2.2417229665795363e-01	  -1.0734856147691005e-01	   5.7188862141651184e-02	   1.5390077847648392e-01	  -5.0661153550432034e-02	   1.7169892353333352e-01	   3.9668529015071403e-02	   6.8253931574014048e-02	   3.6223558464230493e-01	   3.4298991469053935e-01	   3.6562149074948214e-01	   2.2129963742908057e-01	   3.4616464178882733e-01	   2.0723041513529289e-01	
   2.3065993924634132e-01	  -6.1339396558648979e-02	   7.7318940827061244e-01	   6.7401104545269064e-01	   0.0000000000000000e+00	   6.3309983176402584e-01	   6.6615474206775771e-01	   2.2174290500988197e-01	   8.5398962521749644e-01	   5.8920484826656006e-01	   2.9936270943628063e-01	   2.2924895638849496e-01	   5.3336254180284155e-02	  -8.6416787516914537e-03	   5.0186524177708181e-01	   2.1312146335681359e-01	   7.6813236915318606e-02	  -7.7843147764567314e-02	   3.2565365894434795e-01	   1.7455367945775110e-01	   4.4356685577449939e-01	   3.3350830261894344e-02	   6.3326814625073391e-01	   6.4059490200035318e-01	   6.5146721918132766e-01	   6.4104547156708336e-01	   4.6399013469288908e-01	   4.5013901058341532e-01	  -2.2100244891044316e-02	  -2.2119864729875141e-01	   6.1264985777131464e-01	   5.3219142362437166e-01	   2.2667607125157296e-01	   3.9763556094151178e-02	   4.8831651297730461e-01	   3.9057098769879184e-01	   1.3189046599526399e-01	   2.2637347348136300e-02	   2.7209950787824266e-01	   1.6192274791942848e-01	   2.9249615776648796e-01	   6.8378131198102543e-02	   1.3193644632948953e-01	   1.2170281996393113e-01	   2.3986276504657289e-01	   1.6906560907080509e-01	   1.4648233311754688e-01	   1.3849042466693212e-01	   1.5588491789686992e-01	   6.6730401670240219e-02	   2.5864756881326578e-01	   1.4922354573054433e-01	   1.1043964659485278e-01	   3.1175124612977122e-02	   1.5123921698838977e-01	   9.7217010850773083e-02	   2.2592941938606151e-01	  -1.2148715650188314e-02	   1.7339463616908099e-01	  -6.2215616588987152e-02	   2.7868943087098458e-01	   2.6103988072207603e-02	  -1.8374478651150941e-01	  -2.9744422464775255e-01	   7.8900560645343620e-01	   5.8458345848510762e-01	   4.9391697064584256e-01	   3.4317538882514559e-01	   2.7319589358056112e-01	   2.1318290840623108e-01	   1.5068634858686666e-01	   2.2706329637632922e-01	   4.3519023016141001e-01	   5.9544905678029225e-02	   5.0302095945782432e-01	   1.7230886957278829e-01	  -1.0063618518298394e-01	  -5.5936309246946481e-02	   5.8301658752614352e-02	  -6.7538926287597945e-02	   1.7809601057866505e-02	   1.3726587032546447e-01	   8.8569155436043906e-02	   1.1049861025069765e-01	   6.7047899791167065e-01	   5.2119099603761043e-01	   2.4595579956859887e-01	   2.5420798460109040e-01	   3.9015835668057341e-01	   2.7726108023267115e-01	  -1.5955316916416148e-01	   2.1247753454804835e-01	   7.4678484435444559e-02	   3.4475521456010511e-01	   4.5031383745344551e-02	  -8.2439814787976837e-02	   1.2091451783063038e-02	   1.4510638339332719e-02	   4.0289678009687843e-02	   9.6342349313423392e-02	  -3.1676665054635720e-03	   2.7728790396389236e-01	  -7.7420103966554146e-02	   1.8738279817319420e-01	   1.3553749512578478e-01	   3.8537816854639501e-01	   2.6911277090867505e-02	   1.9833657363249974e-01	  -8.9451380160456936e-02	  -1.4206691047975378e-01	   1.4576276350746864e-01	   1.5384479842651738e-01	   9.1415305261188573e-02	   1.6037170066857914e-01	   2.4392167467993739e-01	   9.0301067776392352e-02	
   3.6505978727578525e-01	   1.4732012452080193e-01	   5.9747709017413042e-01	   9.2854385441637710e-01	   6.3309983176402584e-01	   0.0000000000000000e+00	   5.2295278760712482e-01	   8.5912233268840832e-01	   3.7059683197973353e-01	   1.1436125658133300e+00	   3.2689322354243794e-01	   3.5099212256630685e-01	   1.1726979917427320e-01	   2.8489826235245236e-01	   3.6645037892827076e-01	   5.7635609302229951e-01	  -2.6505111071728749e-02	  -1.9768985755578095e-01	   5.5078010923042831e-01	   4.2634320074684173e-01	   4.3268521254349357e-01	   2.5927403181253567e-01	   4.2370017419910522e-01	   5.6409558593377729e-01	   4.0699758105935196e-01	   5.5937113970733598e-01	   5.4300855597041442e-01	   5.9535403600948289e-01	   2.5547412336316491e-02	  -7.1406338428877753e-02	   5.1940405161756242e-01	   4.1782275922051709e-01	   1.8384223260456845e-01	   6.4550225860087532e-02	   1.9835442173411078e-01	   2.7687043911100045e-01	   1.0698887724318722e-01	   1.4867668194748065e-01	   4.3850461463252738e-01	   3.8940760767684895e-01	   3.9934506283494303e-01	   2.6642565962115822e-01	   2.0564965084197004e-01	   1.3206617999995729e-01	   2.2278911337259819e-01	   1.7622167352679838e-01	   2.4384241548914418e-01	   1.9474080998575075e-01	   2.1847271972437493e-01	   1.5264315599662531e-01	   3.1174173708670178e-01	   2.6853313913641697e-01	   3.8141176960125323e-01	   3.8178118178092701e-01	   3.6556931246146224e-01	   3.8718513372711089e-01	   2.0921684867211560e-01	   6.8230082672136649e-02	   2.6450382224640395e-01	   2.9234881962900117e-01	   1.5794317033257033e-01	   3.0526599895090500e-01	  -8.8000403198120136e-02	  -6.7095443708447958e-02	   2.5246971320255324e-01	   3.2185239784259978e-01	   3.1626410852985137e-01	   3.0842494713514024e-01	   5.0941901613355534e-01	   4.0666777964482931e-01	   2.8684374372698856e-01	   2.1425677846553740e-01	   4.7735284209533968e-01	   1.9300675504775724e-01	   4.0934994760814936e-01	   2.3541066803314953e-01	  -1.2109047006263698e-01	   8.1902063817091308e-02	  -2.2072853550570083e-03	  -2.2816845045384399e-01	  -4.5701780907369139e-03	   5.9283691282213530e-02	   3.3211326218850595e-01	   3.5322549307450080e-01	   3.5734948068371825e-01	   4.3225700620367979e-01	   2.1913988334633358e-01	   3.7183232890573981e-01	   4.3323286107423764e-01	   6.4470587119344769e-01	   1.8108379526611584e-01	   1.7009220809428466e-01	   2.5784321508137126e-01	   9.9406545097193530e-02	   9.3410426716291226e-02	  -3.2500068321831971e-02	   1.3781821598041616e-01	   2.0213488008252095e-01	   2.2970597626472591e-01	   2.3939235776973494e-01	   1.4482123501334149e-01	   1.3947767308769488e-01	  -5.2296393264697648e-03	   7.9961326129568744e-02	   1.9441218608430372e-02	   4.7067320432365112e-02	   9.2891193012709823e-03	   1.6106803446759566e-01	  -7.2484465780752516e-02	  -1.0490728325645942e-02	   1.3912893529143894e-01	   2.4391465852770042e-01	   2.4739789035997903e-01	   1.2397114494151343e-01	   2.3212120543147582e-01	   9.7749699016257116e-02	
   5.2397022204841393e-01	   1.3264052823094474e-01	   9.1910173392379213e-01	   5.7617965146270689e-01	   6.6615474206775771e-01	   5.2295278760712482e-01	   0.0000000000000000e+00	   4.9358682767247442e-01	   4.1909888478620833e-01	   3.8276170066421367e-01	   7.5604213949716481e-01	   3.8282007642939631e-01	   4.4385270157607909e-01	   2.2401626533670299e-01	   5.8026799362794457e-01	   3.5213136318712368e-01	   1.3436739821641130e-01	   3.3329306296700986e-02	   5.6582166361525343e-01	   3.0732006995864170e-01	   2.5635350705905207e-02	  -2.6220942701860889e-01	   7.6170761406044685e-01	   6.7853911588330007e-01	   4.6450530121401390e-01	   5.0650114332540064e-01	   1.3239025256766085e-01	   1.1416982963354924e-01	   1.7124837435227003e-01	  -4.7693226596147401e-02	   5.6034770764270847e-01	   5.5809164078295703e-01	   5.4276410841898093e-01	   3.9455823611902913e-01	   6.4499111659706854e-01	   6.1388581071840354e-01	   1.0410317003356755e-01	   1.6633909725952847e-01	   3.6344244150461968e-01	   3.0202398585690937e-01	   3.0301057554399474e-01	   2.0828478099291953e-01	   3.8369247767002035e-01	   4.2616887895524747e-01	   5.8015017288990267e-01	   4.2489568018711588e-01	   4.5129241728974212e-01	   4.3791704129273845e-01	   4.4981993869326525e-01	   2.7818921023699639e-01	   4.9076355297608210e-01	   3.5974638426006439e-01	   3.6113275454006660e-01	   3.4033654678970743e-01	   4.1966871350381851e-01	   4.3341678313307391e-01	   3.2808029462504573e-01	   1.6722370116405200e-01	   4.0154219052024420e-01	   1.4410633190130140e-01	   8.1695671421075255e-01	   2.7531109393871528e-01	   7.5668598208155260e-02	   1.4790684053538700e-02	   8.4293602406402046e-01	   6.7338784290827036e-01	   7.0629437887796676e-01	   6.3264167996615561e-01	   2.2178370806399500e-01	   1.9964700118773795e-01	   5.6399112177236387e-02	   4.8161224523655809e-02	   4.8119301211060039e-01	   2.5052875144472031e-01	   3.5692913320654784e-01	   2.0654165937017868e-01	   1.9608645800673447e-01	   2.0559521228517247e-01	   5.6002684652974484e-02	  -1.3956462770081246e-01	   2.5166105241748460e-01	   3.4723610747020728e-01	   3.4487602570938708e-01	   3.2190339289942022e-01	   8.6839096261233095e-01	   7.4562258961525385e-01	   4.8146269701848199e-01	   4.7053188128763879e-01	   5.6132032878791760e-01	   4.8064936642241740e-01	   1.5288196964099612e-01	   5.9295234812245345e-01	   2.4794592490995340e-01	   5.0906959284298858e-01	   1.3080157957629293e-01	   6.4055599420896586e-02	   3.0103352412082274e-01	   2.4217953447515403e-01	   3.7644299630095313e-01	   5.3459632732147078e-01	   2.5767230342610548e-01	   5.2858486704532748e-01	   2.0650270634918746e-01	   4.1890816174124518e-01	   3.1181757995029935e-01	   3.9809203862776338e-01	   3.7020408305654368e-02	   3.4256309402485774e-01	  -6.1012242103592199e-02	  -1.9809564796480864e-01	   4.5677635961371332e-01	   5.2744560867468504e-01	   4.1879760873296662e-01	   3.5729061563273390e-01	   4.1275604920588710e-01	   3.6188171828123611e-01	
   3.3575037650969058e-01	   3.0635002038227593e-01	   2.8925625180298287e-01	   6.1123436107696461e-01	   2.2174290500988197e-01	   8.5912233268840832e-01	   4.9358682767247442e-01	   0.0000000000000000e+00	   2.7722118591749334e-01	   7.0644042016543696e-01	   3.2321956158577947e-01	   5.7285448099186398e-01	   2.7292733636564764e-01	   5.7369451407068717e-01	   1.8246927932497006e-01	   4.4691757758657052e-01	   1.6827508806366936e-01	   9.9538530265612352e-02	   4.7990260432192533e-01	   4.9485013861822091e-01	  -4.8117546671101033e-02	  -7.1398397772344635e-02	   1.2436460549920393e-01	   2.4012046625493713e-01	  -4.4369554443624759e-03	   1.1724011868670434e-01	   4.1911999631394505e-02	   4.6150911564938175e-02	   3.2964003910687140e-01	   3.3585405981386990e-01	   2.1413747131107638e-01	   2.1495735754770021e-01	   2.6493183814193333e-01	   2.5188682348778435e-01	  -1.3642140553505041e-02	   1.0858918780433718e-01	   3.5879091152474077e-02	   1.6173651384587021e-01	   1.6019541505513979e-01	   4.1989201453224834e-01	   1.9109187316977005e-01	   3.3723617762948171e-01	   2.2177592432474805e-01	   2.0595564591743853e-01	   2.8542991842435395e-01	   2.6606618959707462e-01	   3.5081892237493101e-01	   2.6820618135603802e-01	   2.6832624419194706e-01	   2.2356100402236107e-01	   2.9765630599219400e-01	   2.8878577785023446e-01	   4.2146785444861179e-01	   3.9284508081612940e-01	   3.1928304362593463e-01	   3.8103030579080244e-01	   1.8516624538896481e-01	   1.5920680428417519e-01	   2.6146600864475866e-01	   3.7774411247905731e-01	   2.3544805073479197e-01	   4.7708954976697610e-01	   2.0396308111565781e-01	   3.9719316354686202e-01	   6.1728952115210026e-02	   2.3398526770873818e-01	   3.1957017251683617e-01	   3.7543163343182734e-01	   2.3425893841497664e-01	   1.7271771281398049e-01	   4.0776479280385197e-01	   2.3367367656093319e-01	   4.9280989186391522e-01	   3.6723222837050390e-01	   2.6173511703902685e-01	   3.7628081468052083e-01	   2.0175051419554726e-01	   3.7206287547677896e-01	   1.5835899749792762e-01	  -1.0877212053121381e-01	   2.7619024497428429e-01	   2.6287941985339430e-01	   3.2086015604523210e-01	   3.8023307703262210e-01	   1.9950352311545708e-01	   3.4366572374301563e-01	   6.0642850995134320e-02	   1.8084828804361908e-01	   1.8801546445004041e-01	   4.0696728963803974e-01	   1.6775097965995217e-01	   3.8769267607712127e-02	   8.0612611602303819e-02	  -1.0556819363774392e-01	   4.6460060660947364e-02	   5.7331667521812020e-02	   2.2407595489319543e-01	   2.0106497593798731e-01	   3.2200954536107973e-01	   2.4728563773431581e-01	   1.0372303797742877e-01	   1.2395752540853839e-03	   7.7597021640637420e-02	  -2.9688841420714054e-02	  -8.5213377349219639e-03	  -1.8367215932535336e-01	  -6.4679632552836069e-02	  -1.0853907873027525e-02	  -3.8485945931859090e-02	   1.7644377693421316e-02	   1.9707149788359485e-01	   2.9587500002924527e-01	   2.6107346392764486e-01	   1.2180209612528696e-01	   2.1204924204330017e-01	   2.2701517924288739e-01	
   9.8075948271644536e-02	   1.8214233439403774e-01	   4.5559406802569458e-01	   4.9051814998721910e-01	   8.5398962521749644e-01	   3.7059683197973353e-01	   4.1909888478620833e-01	   2.7722118591749334e-01	   0.0000000000000000e+00	   5.9511132078221951e-01	   3.1433742208984994e-01	   3.0158447187975307e-01	   1.8043308003593811e-01	   1.7756505471056522e-01	   7.2965790054142121e-01	   3.2903032803654220e-01	   1.9244611318750870e-01	   1.3482765877864800e-01	   2.7095631780683094e-01	   2.8027981477287239e-01	   2.9570948895712190e-01	  -9.5027056931531097e-03	   4.9880982639707649e-01	   5.2376604202221100e-01	   4.3680612804654523e-01	   4.2036945621270633e-01	   1.7458427537875909e-01	   1.2441264773016170e-01	   1.8140068599801498e-01	   7.2565341999300370e-02	   4.8210079140941686e-01	   4.3629951801293110e-01	   2.0711802215471117e-01	   1.7673603179961492e-01	   3.7979969151960363e-01	   3.9024743108360621e-01	   2.2778429855645793e-01	   1.3788285290959404e-01	   2.3136771707784248e-01	   2.7025437810394387e-01	   2.9675428573392726e-01	   2.3688823746262835e-01	   3.1320891046148680e-01	   3.2254025110919426e-01	   5.2247468164754018e-01	   4.3733653856674204e-01	   3.7270253466783748e-01	   3.0921979688597434e-01	   3.0175078885795426e-01	   2.4708957951264299e-01	   2.9816055058346103e-01	   2.7640312392665384e-01	   2.6993782448175480e-01	   2.1400168369904357e-01	   2.9716330764464677e-01	   2.3787882018559758e-01	   7.4844592975370078e-02	  -3.5163287808920862e-02	   1.5101087040506062e-01	   4.6646625220329099e-02	   8.6592223169627724e-02	   9.2603668092442790e-02	  -1.3678345194204372e-01	  -1.3653069526238515e-01	   5.7599703825125570e-01	   4.9756766007680797e-01	   3.6389541987743967e-01	   3.0199976060668166e-01	   2.1916994853877417e-01	   1.6678825737230904e-01	   3.2217540048396665e-01	   2.3454219657282738e-01	   3.6697878341852963e-01	   1.9421154060871423e-01	   3.5373456998651043e-01	   2.8329859023951492e-01	   3.2634944402595963e-02	   2.9260852556611136e-02	   3.0712823912471493e-01	   2.2466564517720994e-01	   2.1081662012470162e-01	   3.8959392907847162e-01	   2.7494065090874942e-01	   3.7023276224329621e-01	   5.1656268628909263e-01	   4.4632448902627747e-01	   2.5912094219453397e-01	   2.2191632665140285e-01	   2.2910977649970174e-01	   1.9379947812509604e-01	  -1.4376566964256748e-01	   1.0859929634305862e-02	  -2.2886568473117169e-01	  -5.1333479295496157e-02	  -2.9334031995346906e-02	  -7.5517158259195791e-02	   1.5397734819423839e-01	   1.0224630373175146e-01	   2.4493073432624402e-01	   9.6768611130861729e-02	  -9.7619850030698313e-02	  -7.7586789004707418e-02	  -5.9869034483137046e-02	  -9.6285818252749913e-02	   1.7100784783034861e-01	   1.4993985759944800e-01	   1.0871293343255857e-02	  -2.0176470119826883e-02	  -4.0209129172239073e-02	  -1.9205964947626766e-01	   1.6485250474967417e-01	   2.7364229958702180e-01	   1.0219025439225767e-01	   8.4080036145803855e-03	   1.3299804078164676e-01	   6.2681304065904719e-02	
   2.9543676151372622e-01	   1.6744726969799054e-01	   5.1121155208099545e-01	   7.8221521009007877e-01	   5.8920484826656006e-01	   1.1436125658133300e+00	   3.8276170066421367e-01	   7.0644042016543696e-01	   5.9511132078221951e-01	   0.0000000000000000e+00	   2.7722834559763854e-01	   2.9794915916623033e-01	   4.6644067422028201e-02	   2.7109654086718499e-01	   5.0463969681672405e-01	   6.8547946217197686e-01	  -6.6922684906827137e-02	  -2.3409155762873951e-01	   5.4200639183175126e-01	   4.3643559783083447e-01	   4.3483752237349760e-01	   2.8507594691840993e-01	   4.5687660784365292e-01	   5.8785899197957359e-01	   4.1419969209858931e-01	   5.5004462582835145e-01	   4.4197093101370721e-01	   4.5785120968085752e-01	  -8.9021924476885728e-02	  -1.3905921484814193e-01	   3.8056080279365428e-01	   3.0536857614233787e-01	  -9.1765945234829251e-03	  -1.3786370193685388e-01	   1.2593621563996676e-01	   1.9958635715816625e-01	   1.8491100537728830e-01	   1.5362663378908828e-01	   4.6668498637884159e-01	   4.2695429315069722e-01	   3.5221020893972949e-01	   2.3466643311205893e-01	   3.9555762030822283e-01	   2.7648446949426608e-01	   3.4345007987957266e-01	   2.8076907365621839e-01	   4.2527232424601746e-01	   3.8411026068912946e-01	   3.3953462067471185e-01	   2.8640546223653951e-01	   4.5861059131885518e-01	   4.1577538906803108e-01	   4.8966625888128579e-01	   4.3407015589317144e-01	   5.2795807685428731e-01	   4.9943811572528241e-01	   2.6207759311289068e-02	  -6.3989490691019821e-02	   2.8797297779597097e-01	   3.8990518687289638e-01	  -3.0415507696553344e-02	   2.7756302166080626e-01	  -2.3964887075093677e-01	  -1.7597481761152931e-01	   1.6100523976094028e-01	   3.8151741396605487e-01	   2.7504628355398836e-01	   3.1006469491527916e-01	   5.0386547179752394e-01	   4.8055921652296635e-01	   2.3815690741054135e-01	   1.7662664836430847e-01	   2.5593599443767512e-01	   2.4140922120942772e-02	   2.5166653759298263e-01	   8.2297618248910354e-02	  -1.3921387626930845e-01	   3.6165910102034009e-02	   2.4072596190255497e-02	  -1.0553010254801895e-01	  -1.6585163798269933e-02	   4.2848357920788928e-02	   3.7387352445632588e-01	   3.3020811863771393e-01	   3.2274047125455413e-01	   4.3562343347906618e-01	   2.6240571341606406e-01	   3.5041477180428404e-01	   4.2613089891439260e-01	   6.2616647530128766e-01	   2.8007957584874443e-01	   1.5974257914140885e-01	   1.3400208889341853e-01	  -1.1058118312522717e-02	   9.6768186556236896e-02	   2.6859280820355047e-02	   3.2692010269629929e-01	   3.2764639376952076e-01	   4.2954002159350441e-01	   3.3005407258425490e-01	   5.8066748140520957e-02	   6.9496159489889110e-03	  -3.7332031902015450e-02	  -7.8048868963065093e-02	   8.1892767660656784e-02	   3.8322602037207124e-02	   7.5912291888876965e-02	   8.9956054259434384e-02	  -3.8199025395542964e-02	   5.4022121407430346e-02	   2.9132444253219830e-01	   4.0233742382864301e-01	   3.8495544721072816e-01	   1.3315963524603408e-01	   2.2296249052385997e-01	   7.3155831270529437e-02	
   4.9036074660062373e-01	   4.1464203280631817e-01	   4.5644990376180428e-01	   3.0829354454034624e-01	   2.9936270943628063e-01	   3.2689322354243794e-01	   7.5604213949716481e-01	   3.2321956158577947e-01	   3.1433742208984994e-01	   2.7722834559763854e-01	   0.0000000000000000e+00	   8.2745600924944518e-01	   1.2106609807589539e+00	   6.5129479426066839e-01	   8.5341665659693922e-01	   6.3367192480941992e-01	   4.7752471575304861e-01	   3.6558847788523635e-01	   5.1373630442483253e-01	   3.5471523319060710e-01	  -4.2780755951297454e-02	  -3.0739524693566772e-01	   7.2599105314215973e-01	   6.9616357891993674e-01	   4.5259239520017919e-01	   4.9026811565357420e-01	   1.5744245661207083e-02	  -1.1925766476293712e-02	   6.0061746455510201e-01	   3.2627977676097775e-01	   6.9832381594737170e-01	   6.8037589798171827e-01	   7.6359894964970809e-01	   6.5332505159348275e-01	   6.1048379230139660e-01	   5.1789414064691042e-01	   3.2273331573307118e-01	   2.3010188412038643e-01	   4.2895481126667345e-01	   4.5703837740559788e-01	   5.2511516190736574e-01	   4.3378113235969512e-01	   5.4475997111907259e-01	   5.9432298275806295e-01	   7.7305040717298745e-01	   6.5910086847389460e-01	   6.0679830042420890e-01	   5.8061935173844204e-01	   5.7997406867154577e-01	   4.6574617812886110e-01	   4.5811288781745624e-01	   4.3530250352062405e-01	   3.2388912590465802e-01	   3.4767607161859981e-01	   5.4485662918381750e-01	   5.2446857181976714e-01	   3.1522117143204292e-01	   2.7315237884416133e-01	   2.2694114714634114e-01	   1.7565477743879288e-01	   3.8688238861827373e-01	   3.1781575497827086e-01	   2.6336481226677738e-01	   1.4366964978291935e-01	   5.1543154072125108e-01	   4.2798762256690781e-01	   5.8556774327950945e-01	   5.5333700764834548e-01	   2.0669713573806694e-01	   3.0683560610178667e-01	   3.0078748132736366e-01	   2.3778970986629200e-01	   6.9144593673632848e-01	   5.5672335544328910e-01	   5.9481918502961750e-01	   4.7552221535566208e-01	   4.4381548480376443e-01	   6.2943512959051739e-01	   4.1042248903586304e-01	   2.3393334550857187e-01	   6.4742764130979702e-01	   6.6923609262671013e-01	   6.2569255652563271e-01	   7.1309244761735957e-01	   8.9025347079101380e-01	   6.2516344582087269e-01	   5.9750804837780003e-01	   5.5441248295972345e-01	   2.1599726297912999e-01	   2.7000228820928801e-01	   3.1400727098862026e-02	   2.3762265368542085e-01	  -7.7232038655744448e-02	   9.0129982733416561e-02	   1.0860353978394366e-01	   1.8579857734582894e-01	   4.8470358215110504e-01	   3.6185419106015915e-01	   5.3386488595071568e-01	   4.7801716554961560e-01	   1.7322587221476402e-01	   2.4242804990017330e-01	   2.6535883443185881e-01	   2.9161526526466430e-01	   2.2663730263096266e-01	   1.0477829207146419e-01	   1.1190104112176572e-01	   1.8673019447618727e-01	  -2.3906411788213228e-01	  -1.5704997191760287e-01	   5.4147644329647371e-01	   6.1101804244992652e-01	   3.4293660037862217e-01	   3.1003635361930254e-01	   4.7170779229596493e-01	   2.9455205863669093e-01	
   3.2015514561374764e-01	   2.9890427791021662e-01	   3.2668987004140004e-02	   2.1236360835503076e-01	   2.2924895638849496e-01	   3.5099212256630685e-01	   3.8282007642939631e-01	   5.7285448099186398e-01	   3.0158447187975307e-01	   2.9794915916623033e-01	   8.2745600924944518e-01	   0.0000000000000000e+00	   8.4167616034379611e-01	   1.2712437903712457e+00	   4.1978903359418424e-01	   5.7131500814716429e-01	   4.9315201655191565e-01	   4.0040987722576576e-01	   2.4894144894733083e-01	   2.0896731853937711e-01	  -2.0308812254384359e-01	  -4.0075435445999152e-01	   2.3809324397622003e-01	   4.0936355655912327e-01	   1.9834764874773755e-01	   2.3506444109129013e-01	  -9.4588587990650091e-02	  -1.0600534602415959e-01	   6.3276765466524543e-01	   5.4641069362536399e-01	   4.3244683339182999e-01	   4.8619234056009075e-01	   4.7219713553883907e-01	   4.4105964506357259e-01	   2.0288941141672120e-01	   2.2695472794969054e-01	   1.7475016192164577e-01	   8.1189372842350921e-02	   1.3440239651507210e-01	   2.7639028909188107e-01	   3.6090236391785302e-01	   3.5449345074965394e-01	   2.4929950284439584e-01	   2.9874901801100751e-01	   4.5590091412525746e-01	   4.3528859489345384e-01	   3.6324353183193370e-01	   3.1517406658148683e-01	   3.4284522768658893e-01	   3.1468276312419768e-01	   2.1160211887144459e-01	   2.4554887757155225e-01	   1.4737311032403688e-01	   1.1794892547756224e-01	   2.5301357602759106e-01	   2.3914853038017542e-01	   2.9233235375366895e-01	   1.3337341000613018e-01	   9.4166821595284667e-02	   3.3339299057798304e-02	   2.9553834327560841e-01	   4.9218141222174117e-01	   3.4053853711297727e-01	   3.2086813179726237e-01	   2.9051054148543592e-01	   4.7290197263961331e-01	   3.5122294867484127e-01	   3.2353216968872772e-01	   5.7291555111080000e-02	   7.5654131154963847e-02	   5.4363362919118186e-01	   3.2845442419040694e-01	   8.1492434619561849e-01	   5.8861123789422298e-01	   6.4014807606144553e-01	   6.6969466902601338e-01	   3.8781504734816380e-01	   5.5003772778648896e-01	   4.1976119026055403e-01	   1.7473170175835681e-01	   6.0655112740266426e-01	   6.0814049480481158e-01	   3.2212667182315796e-01	   4.9684436981482094e-01	   5.0746943194119887e-01	   5.9250766541463451e-01	   3.0907791164704829e-01	   3.7235653069909203e-01	  -4.7722569229819947e-02	   2.8049862362281193e-02	  -1.4869109733476660e-01	  -1.6275076380089024e-01	  -1.8808126517572124e-01	  -2.2437699093335928e-01	  -9.7359613519674121e-02	  -6.8800838369756936e-02	   2.5173071393757540e-01	   1.7300184239072397e-01	   3.0873481815635356e-01	   1.7114885355315129e-01	   1.4988722126862991e-01	   4.9005894054100753e-02	   2.2719615558141384e-01	   1.8000164606002975e-01	   3.2958964209470767e-02	  -1.2923954214459998e-01	   5.3945503398520230e-02	   1.0908647272004159e-01	  -2.1464133737019783e-01	  -1.4104583349831989e-01	   3.0413856119165228e-01	   3.1533965556315219e-01	   1.5422607994718510e-01	   2.2621086128834858e-01	   3.4030641395144062e-01	   2.6553578195221866e-01	
   3.5741205446564778e-01	   4.2534432244373976e-01	   9.5225918439812110e-02	   2.5877935584210258e-02	   5.3336254180284155e-02	   1.1726979917427320e-01	   4.4385270157607909e-01	   2.7292733636564764e-01	   1.8043308003593811e-01	   4.6644067422028201e-02	   1.2106609807589539e+00	   8.4167616034379611e-01	   0.0000000000000000e+00	   9.3471018741762180e-01	   6.6956136331102600e-01	   4.9169449704039264e-01	   5.0189393427809681e-01	   5.3773533137057250e-01	   2.0257653731918418e-01	   2.1355108367552023e-01	  -2.5746950231866966e-01	  -4.1915711199607825e-01	   3.6456469654916551e-01	   3.4119221114858223e-01	   1.6939050900312530e-01	   1.8655424875056406e-01	  -1.4886356269139289e-01	  -1.5277680489846182e-01	   8.4058926846478643e-01	   5.8886578507854948e-01	   3.8350148166226838e-01	   4.2404544345602158e-01	   6.4811036822466439e-01	   7.3728953503282857e-01	   3.6986679972217340e-01	   3.5748707179534317e-01	   3.2582215235568368e-01	   1.2656904220951987e-01	   2.5070511193706851e-01	   3.3689952151742109e-01	   4.8961380431297047e-01	   4.6980469587270557e-01	   3.5034996657671702e-01	   4.3455362259752983e-01	   6.4057104640171825e-01	   6.2390618347926963e-01	   4.2346534872115704e-01	   3.8923796117666853e-01	   4.8531135277249515e-01	   4.6967738451782198e-01	   2.7993663110079314e-01	   3.4030427378566963e-01	   1.7375474694461759e-01	   2.5425976282745694e-01	   3.7005624934756859e-01	   3.5056854132595017e-01	   2.6731650552637076e-01	   2.8243957162491806e-01	   2.0004097380069003e-01	   1.6857556071481428e-01	   4.1277600391559210e-01	   3.3137968081809638e-01	   5.6516048874847902e-01	   3.7737607976007181e-01	   3.0323194352575839e-01	   2.3450090251153569e-01	   4.5646977872306832e-01	   4.0740455791800523e-01	  -4.3212781362466104e-02	   7.9441937290947590e-02	   4.4698042915312164e-01	   3.1126116695023370e-01	   6.6314571953507007e-01	   6.5003456766795842e-01	   5.2628013500075932e-01	   5.9574530786027202e-01	   5.2176414042729080e-01	   5.8621296474149520e-01	   4.6966996895678631e-01	   3.4864165927495128e-01	   7.5253794913513561e-01	   7.6291806997320588e-01	   4.7934238680841296e-01	   5.6234466860678678e-01	   6.0611280983686600e-01	   3.7884604951554252e-01	   3.9314191966851164e-01	   2.6402738293317052e-01	   5.5185894148381827e-02	   3.2929833979806504e-03	  -1.6697863015254907e-01	  -2.9398072076873411e-02	  -2.2378666775319095e-01	  -9.1270138142873505e-02	   4.7991044913672454e-02	   1.3557749719214376e-01	   3.0318310225360234e-01	   2.2497675855538468e-01	   3.3720027667778030e-01	   2.5055961143077232e-01	   1.1278494535077853e-01	   1.1317757330103116e-01	   2.9570304490987737e-01	   2.1834872513160225e-01	   7.7426814891798923e-02	  -8.6462254583967668e-02	   9.9049067892944306e-02	   1.2444424856554263e-01	  -3.6063720100479607e-01	  -3.3298921844520546e-01	   2.6424099217148656e-01	   3.9170680668255287e-01	   1.4200513495778647e-01	   1.7293369549681170e-01	   3.0663178287090381e-01	   3.3036963755728610e-01	
