   0.0000000000000000e+00	   1.3291479163008737e+00	   6.4626184618506133e-01	   4.1948400232432481e-01	   8.9543768850241998e-02	   1.4762539097700680e-01	   7.6081674263168919e-01	   1.6311009064895488e-01	  -1.3358840547692387e-02	   6.3661472479174419e-02	   7.1000643931081098e-01	   5.5748320488001646e-01	   4.4445684612196751e-01	   4.7740889137943787e-01	   2.1488859552639022e-01	   1.2220949024474109e-01	   4.6267100601962285e-01	   5.6347460632280888e-01	   7.8566381515166250e-01	   8.7752082748334215e-01	  -1.6592622823471537e-01	  -1.8315113159838872e-01	   3.2285397934028243e-01	   2.2089076534301272e-01	  -4.4800917365060512e-02	   7.3098982358352313e-02	   6.0535144148694017e-04	  -9.2124135865826705e-03	   6.0501578692679603e-01	   5.6083383160714251e-01	   2.8321335806358785e-02	  -5.8937618553116140e-03	   3.3333033607242779e-01	   3.0503334434998530e-01	   4.0481613421381214e-03	   1.5839629048326111e-02	  -1.7664604546188328e-01	  -1.3216236934534004e-01	  -4.5579173989145957e-03	   1.1898953230223075e-01	   1.1728910633716019e-01	   1.3083746612198488e-01	   3.7653698462956997e-01	   3.1407497670371520e-01	   2.3570544499228113e-01	   2.0184239002869270e-01	   3.9891006952272190e-01	   3.0709197789985621e-01	   3.9853917111384940e-01	   3.9694214590465871e-01	   5.9824463032237662e-01	   5.1122581258588240e-01	   6.3569728701929540e-01	   5.3310621989761386e-01	   5.5113589975934285e-01	   5.6135002275896762e-01	   8.1629726241864409e-01	   8.9266852410605524e-01	   8.3854491174658530e-01	   8.5118955645181504e-01	   8.1765732331899799e-01	   6.7854472541047517e-01	   6.1629794757682066e-01	   5.0470952032512173e-01	   1.2093385865407941e-02	   9.2979028498163807e-02	   4.5832549067040596e-01	   3.3208301038906779e-01	   5.5149253566934320e-01	   2.2148416043317407e-01	  -4.2041660466411057e-02	   8.0015572172139449e-02	   5.8627990033946531e-01	   5.7308613779986617e-01	   3.0466075788447117e-01	   4.0272920808279672e-01	   3.9879597069279760e-01	   4.3472504290232122e-01	   3.4716189419984428e-01	   4.0732360512986254e-01	   4.1381401906074627e-01	   4.9607841588781165e-01	   3.8041958626554284e-01	   2.9360242673568704e-01	   5.1222668917763059e-01	   3.6547075174188298e-01	   6.3132831627972577e-02	   6.0094122845318898e-02	   3.6761601517242770e-01	   6.2639977232374433e-01	   3.1824732240096409e-01	   1.6595558004774383e-01	  -1.7019083317483319e-01	   1.8103453307161452e-01	   2.1819184257104862e-01	   3.8245189603134955e-01	   4.0227175704069595e-01	   5.3295260691830504e-01	   5.6408349270545532e-01	   5.5832152334575258e-01	   2.6945228452125120e-01	   4.5779010781971896e-01	   2.5418890563455665e-01	   3.4956020565322055e-01	   2.1511009167283784e-01	   5.5297757628629887e-02	   1.3092831738706934e-01	   2.4774643315753314e-01	   1.0482928582496270e-01	   1.8739998691919410e-01	   2.4587297678398937e-01	   2.5502476521025075e-01	   2.1864569534876410e-01	   9.1775733237667328e-02	  -9.4510517959770168e-02	  -1.6037807314585689e-01	
   1.3291479163008737e+00	   0.0000000000000000e+00	   4.7340221697887519e-01	   4.7047445251505582e-01	   6.1999742343359109e-02	   1.7517188393134459e-01	   6.8777416689287685e-01	   2.7292784882317211e-01	  -3.9728233913796816e-03	   6.4993499123816634e-02	   6.0996822200737644e-01	   6.4668870935582767e-01	   4.5308336285680934e-01	   5.6581090378765986e-01	   1.6067013173974778e-01	   1.0558251439517997e-01	   3.4926056647414094e-01	   5.1546476315565681e-01	   6.9117886893958558e-01	   8.1907767631175954e-01	  -2.4712887454201621e-01	  -2.5839851529247504e-01	   1.6239313193016941e-01	   1.6849542379613275e-01	  -6.0180289937426773e-02	   8.3070198574679288e-02	  -1.1660538884755423e-01	  -9.2431341200360548e-02	   5.6563446005888285e-01	   5.7708275544601850e-01	   8.8029860524739371e-03	   6.1943035590212719e-03	   3.8134949174925947e-01	   3.3356642830976596e-01	  -6.1263800343836772e-02	  -2.9053279175983712e-02	  -1.5697118363346463e-01	  -2.1299449683431596e-01	  -2.2998218539289003e-02	   1.1033428646578942e-01	   1.9710141072168394e-01	   1.3335093814542931e-01	   5.7332488740226850e-01	   5.1925582901188672e-01	   3.8270674887879413e-01	   3.5833236336613461e-01	   5.8325535692130748e-01	   5.2088005661072523e-01	   5.6126696907936624e-01	   5.6406109338349653e-01	   7.2042161557092610e-01	   6.5867297432829164e-01	   7.5669273407117577e-01	   6.7531434911935628e-01	   6.1165073632934552e-01	   6.2078510392068231e-01	   6.8787603106256956e-01	   8.7972701317220237e-01	   1.0438862512801514e+00	   1.0011436667942537e+00	   8.6781610203510418e-01	   8.2552196310920267e-01	   5.6758585119345506e-01	   5.2645758612146976e-01	  -3.8373745494103211e-02	   2.0267974478136755e-01	   5.1019617392844130e-01	   4.0688352711110720e-01	   4.3528030165886389e-01	   1.6151461929755284e-01	   2.1280992736432601e-02	   1.1445278713643614e-01	   5.9298237231077688e-01	   6.1886855580490685e-01	   3.8393049862390249e-01	   5.2547529769914925e-01	   4.7314366249848461e-01	   5.2487690623876859e-01	   3.1832799193158484e-01	   3.9440348619608750e-01	   4.3835959010381653e-01	   5.1282760566625152e-01	   3.4292319559701961e-01	   3.0867064685091083e-01	   4.6997956104356092e-01	   3.7265149971506295e-01	  -5.5459563176103316e-02	  -9.2155922802131335e-02	   2.7100876378639771e-01	   5.3361579647906721e-01	   4.0822010230934763e-01	   1.7310540275431191e-01	  -1.5525367329123602e-01	   5.0398079268769359e-02	   8.3914547531669340e-02	   2.8793782345156593e-01	   4.7070027271941139e-01	   4.7707424514073488e-01	   7.2383184680495616e-01	   6.5921259092678042e-01	   2.4638202664614614e-01	   3.5095811463697429e-01	   1.9266057712791912e-01	   2.5926075173123553e-01	   1.5788847975312381e-01	  -1.0407895293781858e-01	   1.7054037444908245e-03	   9.1675323241435902e-02	   3.0912152985560340e-02	   1.1566617417642994e-01	   3.2683547506789123e-01	   4.5133779614408659e-01	   3.4497200718816268e-01	   4.2326831350381448e-02	  -8.1385324237127646e-02	  -1.4746968690333173e-01	
   6.4626184618506133e-01	   4.7340221697887519e-01	   0.0000000000000000e+00	   7.5266987739978786e-01	   3.1398927145044903e-01	   1.7751105792407243e-01	   9.6550987387937037e-01	   5.5553372062873774e-01	   2.0957023081335988e-01	   1.8249979982487868e-01	   3.6108071788398338e-01	   1.3655514667781571e-01	   1.4922973781905768e-01	   1.7840120650673497e-01	   1.4644474924347639e-01	   8.4092195002187398e-02	   1.8941641444345303e-01	   2.1560639233749057e-01	   5.4742915149427207e-01	   6.0174073062867073e-01	   2.6343855796016430e-01	   2.1553530814336300e-01	   7.6467828819989170e-01	   6.5401583794996077e-01	   2.8000405851408905e-01	   3.2688380367976955e-01	   3.3705721217025797e-01	   2.9745249405166552e-01	   1.4100217042648050e-01	   3.4602128909356211e-02	   1.6192195690518132e-01	   1.8258324867841419e-01	   2.6488244298828040e-01	   3.1729073759698989e-01	   4.8024120455714969e-01	   4.3659090174828341e-01	  -1.5322535463387682e-01	  -8.1997437230278206e-02	   1.8831145092524440e-01	   1.8523960649179094e-01	   4.8865584036791108e-02	   1.6375470566411821e-01	   2.2500270445561293e-01	   1.4432196360605165e-01	   1.7912715618147407e-01	   1.9265587079332974e-01	   2.2615534495912154e-01	   1.5531817066407155e-01	   1.2365899646230050e-01	   1.0400862917758137e-01	   3.2287699776018364e-01	   2.8297636485990374e-01	   3.5962022310108022e-01	   4.6667862170524066e-01	   3.7927677954223815e-01	   4.0873563028874843e-01	   3.1832673066824191e-01	   3.5899144373497544e-01	   2.1387447655907296e-01	   2.9220218621887117e-01	   2.4679548395349438e-01	   1.4591711762073734e-01	   1.4018906591569674e-01	  -1.6017900369433517e-02	   1.9618158778348660e-01	   2.5332168371864083e-01	   4.6937838790384179e-01	   3.5643953354517510e-01	   5.5691269452106940e-01	   3.5555822862975744e-01	   1.0162061677169133e-01	   1.0746668372626476e-01	   4.9287570842428424e-01	   2.8164294232551179e-01	   2.6328308232042646e-01	   2.0391100357467748e-01	   8.5690088854441807e-02	   6.7578324371596624e-02	   1.2766030541695400e-01	   1.5915840194037623e-01	   7.5784033109670093e-02	   2.0896488757132900e-01	   2.0072287516012788e-01	   2.0448968903353629e-01	   4.2718039943089747e-01	   3.7977004331194553e-01	   9.9594442629112739e-02	   3.0963825815780882e-01	   4.1309311276314359e-01	   5.3489997483602969e-01	   4.5043882117495659e-01	   3.7994666187730930e-01	   9.7341411692930591e-02	   2.8591015925469782e-01	   2.3991806043223543e-01	   1.3158875172548215e-01	   3.0366624979692236e-01	   1.9755495490663461e-01	   3.2727831658085221e-01	   2.8822904548274625e-01	   1.5089070654763564e-01	   2.4828615462377174e-01	   1.0047524380758409e-01	   1.8865595394508869e-01	   6.7683496428424389e-02	   1.3604031582215706e-01	   1.7692068582709908e-01	   2.1533342519274662e-01	   2.1679893987848248e-01	   3.0242992733107427e-01	   3.5564487155339825e-01	   1.7151789499644249e-01	   1.1495254513484698e-01	   7.4551977729234803e-02	   5.7661228202527247e-02	  -1.9923702856413894e-01	
   4.1948400232432481e-01	   4.7047445251505582e-01	   7.5266987739978786e-01	   0.0000000000000000e+00	   2.3283965660342804e-01	   2.8075917156465452e-01	   7.5628940480220241e-01	   7.9948008004774140e-01	   2.5033844890973594e-01	   2.8803222832906622e-01	   1.9033866620741635e-01	   1.5633827807766865e-01	  -1.1129268464665193e-01	   1.9215311603964225e-01	   1.4209599527962574e-01	   2.3447846676724862e-01	   2.4721493588352275e-04	   8.1539131489523617e-02	   6.8522204422948696e-01	   8.4030609230872533e-01	   2.9413546624975034e-01	   2.4458404859398430e-01	   5.9582202106317628e-01	   9.3660873158678015e-01	   7.8380144103482471e-02	   1.5942535864355539e-01	   2.7803474260610539e-01	   4.3971836899977740e-01	   7.2924014934821868e-02	   1.3874142983067458e-01	   2.5682683277570389e-01	   3.5733654555639605e-01	   3.4955848880345752e-01	   4.0358601739287253e-01	   3.3582946429888394e-01	   3.4524632917199399e-01	  -2.5942578879259931e-01	  -2.4948557125250809e-01	   3.6290375913806796e-03	   9.8329221042505438e-02	  -1.4916693424599667e-01	   8.7399485605509322e-02	   3.7187653201530257e-01	   2.6772170573005394e-01	   2.4579074699315023e-01	   2.6710867120320114e-01	   3.2344660644534945e-01	   2.9831247877662093e-01	   2.9221657905160431e-01	   2.7364041421868313e-01	   3.5018692435099114e-01	   3.9787554940266356e-01	   3.6455707384436942e-01	   4.7878866967229949e-01	   4.8084430085270768e-01	   4.6982645276348234e-01	   1.3912614037900092e-01	   2.1493312113528867e-01	   3.2450367873036728e-01	   3.9843509708255620e-01	   1.5364656076295014e-01	   2.3751721974360535e-01	   1.4709566736644000e-01	   2.0526549634430655e-02	   1.0347474167851925e-01	   4.2350222018478600e-01	   5.2832843302022725e-01	   4.6689628536776923e-01	   7.1019634207241356e-01	   4.3546928531208517e-01	   1.5568544618797664e-01	   3.8308038657674091e-02	   4.8539316661695575e-01	   2.5238110481361542e-01	   2.9307938093883240e-01	   1.8774589925102494e-01	   1.1291823435319201e-01	   1.1233178700396038e-01	  -7.4229440187209533e-02	   6.9446532342987699e-02	   1.4886854171955953e-02	   1.5869195938464539e-01	   5.2539539717095705e-02	   2.4001322336426345e-01	   3.1580675424835480e-01	   4.6173518601524044e-01	   6.2817811729126663e-02	   4.1927297539702812e-01	   3.4005358040016287e-01	   4.9564609946825777e-01	   6.9808572503034594e-01	   3.9262541162572961e-01	   3.1359232505081469e-01	   2.3241533009744997e-01	  -1.1684690028749878e-01	  -9.3257007675484671e-02	   2.5758280772157266e-01	   1.1056245860027107e-01	   4.5699863774407956e-01	   3.4397310405084430e-01	   4.2332192128069673e-01	   3.6607194032045048e-01	   3.2161828620915994e-01	   3.2314043235444700e-01	   6.2203649932501562e-02	   1.1011836443499064e-01	   9.4522269173611895e-02	   1.9578267631100277e-01	   4.1811274350913419e-02	   1.5716240438336793e-01	   3.9950777330267928e-01	   4.0421395893539191e-01	   4.2259162992362032e-01	   2.1082530578963818e-01	   1.2884231724057879e-01	  -1.2088645320029363e-01	
   8.9543768850241998e-02	   6.1999742343359109e-02	   3.1398927145044903e-01	   2.3283965660342804e-01	   0.0000000000000000e+00	   1.4112852224095229e+00	   1.7191878824413109e-01	   5.1341969180906299e-01	   1.4401379237908474e+00	   1.4852152147815534e+00	   9.1926458057526722e-02	   8.4316351102206116e-02	   4.1115204801960864e-01	   4.3367559450620019e-01	   1.0653760100532275e+00	   9.8742800404596787e-01	  -1.9726841178398513e-02	   9.6409169816171023e-02	   2.9800693294609690e-02	   1.4355056302892460e-01	   1.0442758030251172e-01	   8.8223535237132361e-02	   3.6148004762749314e-01	   2.6992007190042494e-01	   7.0083531701481194e-01	   5.0866534809047403e-01	   8.4764878791923670e-01	   7.2721412141135289e-01	  -8.0462303133563715e-02	   3.7109687997693569e-03	   2.4238530919137354e-03	  -3.0500064281929282e-02	   2.5538231248764132e-01	   2.8242730802422222e-01	   2.6749902522806601e-01	   2.8949575938156874e-01	  -1.5231669235978113e-01	   7.5368109696625643e-03	   2.8529168889032225e-01	   3.4658734201877223e-01	   8.7865869713567551e-04	   1.0260727662661200e-01	  -4.8192450338215122e-03	  -8.5480585369695786e-02	   7.1427996079406711e-02	   4.0942915379068447e-02	   7.8656421697513412e-02	   4.4591635068866910e-02	  -1.7349413034513178e-02	  -1.6964220686804747e-02	   7.8129660297067846e-02	   6.1848233550462664e-02	   9.4309522992777603e-02	   9.8842193971726763e-02	   4.4464327357339983e-01	   3.1262047497895101e-01	   1.7686816961882515e-01	   1.5528343399168043e-01	  -1.1430221251692241e-01	  -8.4837346209862274e-02	   1.9571469596062460e-01	   8.6529887446154960e-02	  -1.9584782871083676e-02	  -3.5833161750371753e-02	   2.5070939722566943e-01	   1.7806542431014624e-01	   1.0964004245493199e-01	   1.6150978497387636e-01	   2.0944304700063959e-02	   1.2401333760134514e-01	   2.2447853406721015e-02	   8.2540066141111951e-02	   1.4391172414180417e-01	   1.0682716051037326e-01	  -1.5457339724111457e-01	  -2.2571702589043438e-02	  -9.5232751441373855e-03	   9.7905779439304823e-03	   1.5672727620256055e-01	   1.8658145314296848e-01	   9.3605183630187813e-02	   1.9294416612170501e-01	   2.7461833175135614e-01	   2.4575326532611538e-01	   5.1951365638682701e-01	   4.7868682759580578e-01	   4.1246849043244460e-01	   2.2003957152317843e-01	   6.6898193064905542e-01	   5.4991476709372089e-01	   3.7182242201122584e-01	   3.2105066110875180e-01	   4.1081364629099293e-01	   3.3344219713004974e-01	   3.2301408641259038e-01	   1.5208945027226095e-01	   3.1867914169393258e-01	   2.3123065790776412e-01	   1.6472382113293854e-01	   7.2390919685122970e-02	   9.3996457298960820e-02	   1.5411430360594636e-01	  -1.4801601647302492e-02	   5.2802334438290841e-02	   2.1623040180942527e-01	   1.9739580168529264e-01	   3.4879130959136084e-02	   1.0579394207790058e-01	   1.0413783810643715e-01	   2.4809108645762246e-01	   1.5700456830761933e-01	   6.0678828735515188e-02	   6.5157404202493024e-02	   2.9347713891067706e-01	   2.9063387698090604e-01	  -2.2969060482690762e-01	
   1.4762539097700680e-01	   1.7517188393134459e-01	   1.7751105792407243e-01	   2.8075917156465452e-01	   1.4112852224095229e+00	   0.0000000000000000e+00	   1.2823167525036089e-01	   4.6875163239813444e-01	   1.0135393017731047e+00	   1.6510352571225955e+00	  -2.8920858987846647e-03	   1.3507296499159258e-01	   3.9153411923331682e-01	   4.9597369503058519e-01	   8.8611453611921620e-01	   1.1842012925792442e+00	   5.9481355076726521e-02	   1.7431002503895054e-01	   2.3943555359540437e-02	   2.4666625593771990e-01	  -1.6599016556672251e-02	  -4.8132977680952109e-03	   2.0504505331445183e-01	   1.8909145076496431e-01	   6.1808823663666090e-01	   5.9629421744429578e-01	   8.0215787101401359e-01	   7.3791068079263711e-01	   3.1717088354801748e-02	   1.5485929827585601e-01	  -6.9027179069393679e-02	  -9.1023083082689096e-02	   2.9799827999099732e-01	   3.2531046045855661e-01	   1.8191242052423670e-01	   2.2077588808556908e-01	  -2.0514202072680215e-01	  -1.0139004631377799e-01	   2.5496006669453375e-01	   2.9966430953268119e-01	   1.9244505441365297e-02	   1.2803536773778845e-01	   8.6805244537274298e-02	   1.4273589590547333e-02	   1.6500521713706154e-01	   1.3101854167988114e-01	   1.7598936351140629e-01	   1.8098477782093572e-01	   1.0427141323009288e-01	   6.6751229153165434e-02	   1.5433869889257562e-01	   1.3725398179175488e-01	   1.4005279881952043e-01	   1.7631916556588878e-01	   5.2905591401858176e-01	   3.9652660637905357e-01	   3.0278746401503731e-01	   3.0303742844961568e-01	   4.2240160703237634e-02	   4.5720346297335353e-02	   2.1989084569992765e-01	   1.6574869102134010e-01	   8.5281668189029783e-02	   1.2845963891694262e-01	   1.0561746435532533e-01	   1.9106569489942909e-01	   2.3242502938108900e-01	   2.9891627589549141e-01	   3.3484749520876558e-02	   7.5805077590838571e-02	   9.1956063449137898e-02	   1.9284820477635325e-01	   1.8599668075995685e-01	   2.0775471171044271e-01	  -1.2778313108114236e-01	   1.2160603089170682e-01	   3.3862557500017723e-02	   1.1439425261309440e-01	   2.6647212149706628e-01	   2.6295025362345203e-01	   2.2246617668873497e-01	   3.1406668187753750e-01	   2.5824167290756372e-01	   2.5870911586478001e-01	   4.5145407286122963e-01	   5.7032775464724816e-01	   3.9622324589700897e-01	   1.4228523318647734e-01	   6.3032568017008017e-01	   6.1919470190390935e-01	   4.1869476394979988e-01	   2.1316032311658015e-01	   4.0731967881633807e-01	   2.1867156750878386e-01	   3.2136238253758276e-01	   1.6059205096718193e-01	   4.1113281443162036e-01	   3.2508302101350650e-01	   2.7488271501531314e-01	   1.3460580358118751e-01	   2.1601059238591461e-01	   1.7473219219981728e-01	   6.6248431614561107e-02	   9.7023420237768554e-02	   3.1054353963908021e-01	   2.0857619135938391e-01	   2.3577784571193729e-02	   5.6256610350552599e-02	   6.9752730071195951e-02	   3.1032008887990559e-01	   2.2856403776760395e-01	   1.3249031126516256e-01	   1.1841921736061711e-01	   2.7978888060698992e-01	   2.7622720517967070e-01	  -3.2135557158509537e-01	
   7.6081674263168919e-01	   6.8777416689287685e-01	   9.6550987387937037e-01	   7.5628940480220241e-01	   1.7191878824413109e-01	   1.2823167525036089e-01	   0.0000000000000000e+00	   6.0798053545987640e-01	   1.1989261717500191e-01	   7.7539245397773682e-02	   7.5332023735028808e-01	   3.1908651090837314e-01	   2.4519631472978354e-01	   3.3787347893804232e-01	   1.4363252532581594e-01	   7.0647751723096258e-02	   1.9322533299531178e-01	   2.7795458482542024e-01	   7.1432358719291322e-01	   7.1329187477960077e-01	  -9.4348834531147591e-03	  -6.4006946638367035e-02	   5.3948779347424136e-01	   4.9724081043253276e-01	  -6.0298109747863399e-02	   7.2196480634246066e-02	   7.3496280126212538e-02	   7.3764175588669351e-02	   3.5804183168634646e-01	   2.8374327499976237e-01	   1.8106347327473526e-01	   2.0055757630230797e-01	   2.8847917078131746e-01	   3.4029070626335717e-01	   3.1177193045090371e-02	   2.4394600332602587e-02	  -2.8678141364880172e-01	  -2.3661767335625022e-01	  -5.2277740730173522e-02	  -5.0134754629459306e-03	   2.6305032043894630e-02	  -2.3167887620868688e-02	   3.1251913676948406e-01	   2.5161303096112198e-01	   2.4018552574092977e-01	   2.1948249710710765e-01	   3.1072579201514233e-01	   2.6797527806098975e-01	   3.9238382792609494e-01	   3.6729592274334316e-01	   5.2197581526889703e-01	   4.6797962987448949e-01	   5.0734872905032169e-01	   6.3670687447060381e-01	   4.2755755752928637e-01	   4.6060082332547397e-01	   3.3212536540843274e-01	   3.9514673311754961e-01	   4.3130662865180103e-01	   4.5564545897715036e-01	   5.5113750499714498e-01	   5.1543400577907028e-01	   3.5474336774491183e-01	   1.6326213190774186e-01	   2.7996715517834669e-01	   2.9861441250831411e-01	   3.8518981291946958e-01	   2.5300028967788868e-01	   5.5699020738826210e-01	   3.6181961981063071e-01	   1.9203018302966729e-01	   1.7023512465323223e-01	   7.0464333906123977e-01	   4.2658312680526822e-01	   4.7501484219634399e-01	   3.1630494968450351e-01	   1.6171780186598675e-01	   1.5633015356247115e-01	   1.4559997735056918e-01	   2.0435264917502075e-01	   1.4458196609645224e-01	   2.2741107999973237e-01	   1.8275034609575891e-01	   1.0663479934828111e-01	   4.0451792860858926e-01	   2.8510426408134804e-01	   1.2411048755042998e-02	   1.1757427645756363e-01	   2.8801789683962831e-01	   5.1155946337802272e-01	   5.0441527309496648e-01	   4.4297754482567830e-01	  -1.5998390400282128e-03	   2.7041021703676438e-01	   9.3672306970741998e-02	   1.8684713657318305e-01	   2.2015845285873833e-01	   2.9061522920807842e-01	   4.4237152671853158e-01	   4.3499992943807148e-01	   1.7891292397961175e-01	   4.2589386457122463e-01	   1.2997427039846371e-01	   2.5078847037343532e-01	   2.7247616642450349e-02	   9.9585427955632022e-02	   2.1618184505201804e-01	   1.8695063342700474e-01	   1.7755552020093565e-01	   1.8682366484610316e-01	   1.9877525506971569e-01	   2.4987937886501438e-01	   2.0353753703588739e-01	   6.6591846132748767e-02	  -8.6000233543689922e-02	  -1.8922701711858600e-01	
   1.6311009064895488e-01	   2.7292784882317211e-01	   5.5553372062873774e-01	   7.9948008004774140e-01	   5.1341969180906299e-01	   4.6875163239813444e-01	   6.0798053545987640e-01	   0.0000000000000000e+00	   4.4077418575353566e-01	   4.7369076645350833e-01	   1.3177314424768388e-01	   2.2407836427038191e-01	   1.6941356621340353e-01	   5.1271513695400339e-01	   1.3795073056603741e-01	   2.3787972450340672e-01	  -1.6484604928202036e-02	   5.0373145817371713e-02	   1.5393845061155320e-01	   3.0349007860234817e-01	   2.2812459107929320e-01	   1.2136747779997227e-01	   3.7506751560307661e-01	   5.7274823061594038e-01	   3.5996355536940289e-01	   4.3043790939621135e-01	   2.5005699076658322e-01	   2.8852418070295516e-01	  -3.2406497078340465e-02	  -6.3284375704870638e-02	   1.8317902966945560e-01	   2.7111633949238934e-01	   4.9465751269925273e-01	   6.1152078734091508e-01	   3.2012834211790281e-01	   3.5108891382225960e-01	  -1.6630623690993260e-01	  -1.7240907894398322e-01	   1.7586541571853867e-01	   1.5354542807717517e-01	  -1.0600971715681017e-01	   1.7725083401475009e-02	   3.5003305597018280e-01	   2.5769474481296273e-01	   4.3930429874856325e-01	   4.8558116708476901e-01	   3.3621306145980734e-01	   3.4344067859819161e-01	   3.4734562251088424e-01	   2.7996467809443593e-01	   3.1058889330468964e-01	   3.0907144555228078e-01	   1.3475006330898573e-01	   2.2561700882715957e-01	   3.6630113794781710e-01	   3.0201703891914827e-01	   1.4240889883050259e-02	   5.4414750442715466e-02	   3.9126350927543192e-02	   5.2646695604999134e-02	   1.9883645076828235e-01	   2.9876204258938149e-01	   5.0796968506754983e-02	  -6.4626815591958361e-02	   3.6021469441012793e-01	   9.6803343454129276e-01	   5.2405759280018149e-01	   5.5885199825958853e-01	   2.1432959969117715e-01	   1.7250503916416945e-01	   1.1149324360149379e-01	   9.2726463653617489e-02	   3.5368778213072360e-01	   2.9777955667328371e-01	   1.9516480477438727e-01	   2.2047715153061520e-01	   1.2067391161160483e-01	   1.3882937609407903e-01	   5.7112041116691450e-02	   8.5541020347670887e-02	   1.0643854654137570e-02	   1.3805811643749166e-01	  -6.7616916827575271e-02	   7.8002409599626940e-02	   3.8456282528287677e-01	   5.7201430519299290e-01	   1.9755812236538998e-02	   8.0215990380693714e-02	   2.6774500065618140e-01	   2.6079707967189164e-01	   5.9696968240672699e-01	   2.8527742930102495e-01	   3.5358712487409988e-01	   1.3176412703296678e-01	  -6.9396619726340689e-02	  -9.9690668970668611e-02	   3.4018343956523428e-01	   2.3602669594830161e-02	   3.5018210975288061e-01	   1.9215296874436907e-01	   1.6348809798351127e-01	   1.5524309626479907e-01	   4.0056394317564088e-02	   1.1579756424508607e-01	   1.4890144962728297e-01	   1.8910288642925305e-01	   9.5094354324801553e-02	  -3.1573331677929015e-02	   7.7790006382022922e-02	   1.1766748638296107e-01	   3.9206861573357943e-01	   3.8087116994683429e-01	   3.7096130517532916e-01	   1.8389900474484583e-01	   1.7949482836708291e-01	  -1.1837157965135600e-01	
  -1.3358840547692387e-02	  -3.9728233913796816e-03	   2.0957023081335988e-01	   2.5033844890973594e-01	   1.4401379237908474e+00	   1.0135393017731047e+00	   1.1989261717500191e-01	   4.4077418575353566e-01	   0.0000000000000000e+00	   1.3029349651202031e+00	   1.2844232672308131e-01	   1.3335524045468014e-01	   2.7776871176507123e-01	   3.7039752409697480e-01	   1.0160291984961358e+00	   8.7238548215083256e-01	  -9.6434194053760126e-03	   7.1374843352805820e-02	   1.0187786049492648e-01	   2.0146043279010076e-01	   3.6302417969300643e-02	   5.7536205221684705e-02	   2.2383177944964355e-01	   2.5110796667010249e-01	   4.2101786158046084e-01	   2.2888922873562934e-01	   6.9897221285727895e-01	   7.1033842623857868e-01	  -6.2869276669106106e-02	   3.1501338386654185e-02	  -4.5892117574707535e-02	  -1.3985556886554151e-02	   1.6947711650087841e-01	   2.1633998537258936e-01	   1.7672428571957183e-01	   2.1762642718720696e-01	  -1.7430986650105676e-01	  -3.8158602251683958e-02	   1.2384165623313162e-01	   2.3684381523616702e-01	  -1.4945482157922230e-01	   3.3419766688800159e-02	  -8.6869987478902788e-02	  -1.4808482482001042e-01	  -4.9520913240297046e-02	  -8.7271569119257292e-02	  -1.3131812249963204e-02	  -5.1022649926950894e-02	  -6.7213436415160990e-02	  -6.8323062294712786e-02	  -3.0539473661862871e-02	   5.0559591256752077e-03	   2.6024560432040374e-02	  -1.6056219495326346e-03	   3.3190482056430920e-01	   2.0319422842338319e-01	   7.9201901784076531e-02	   3.9712717499576465e-02	  -9.0067969867062517e-02	  -6.6300411969730744e-02	   1.6439245692375506e-01	   1.3323018974603162e-01	   6.2665237910735277e-02	  -2.1323473951611726e-02	   1.3718876968675797e-01	   1.4410123955994480e-01	   4.6275297920054366e-02	   8.3623875194135416e-02	   7.5864260904191197e-02	   1.6851214402887385e-01	   9.3334243172486148e-02	   7.0286924841098025e-02	   1.2795384897853468e-01	   1.2804125325087032e-01	  -1.5720539625778654e-01	  -1.0410330642089599e-01	  -7.6093376474277289e-04	   3.7135700346476127e-03	   5.7782084096075950e-02	   1.4357595257870290e-01	   7.8586518014516910e-02	   1.2731145487179996e-01	   1.7716159157492567e-01	   1.6488263638001466e-01	   3.7278838959913646e-01	   3.7652396509005720e-01	   3.0263171795266491e-01	   2.1175635811301022e-01	   4.8599654284278870e-01	   4.8161590796272502e-01	   3.0928408775864624e-01	   2.4329847969474175e-01	   3.1496067678829354e-01	   2.7439473642317608e-01	   1.3403079410517221e-01	   8.6042635960846339e-02	   1.9387380356942643e-01	   1.5281403999253046e-01	   1.3636025649714717e-01	   6.4199784068374441e-02	   1.7753168688517063e-01	   2.3939719705495396e-01	   1.3277930820911280e-01	   2.0451641500944273e-01	   1.9291699382805166e-01	   1.3332439778024516e-01	   1.5631350083275885e-02	   1.2514854854381480e-01	   1.8025214756508333e-02	   1.2117488093495812e-01	   8.4625482027641502e-02	   5.0933131020759359e-02	   5.1341985260758708e-03	   2.3704484455850794e-01	   2.1093042868945555e-01	  -1.0603094552393741e-01	
   6.3661472479174419e-02	   6.4993499123816634e-02	   1.8249979982487868e-01	   2.8803222832906622e-01	   1.4852152147815534e+00	   1.6510352571225955e+00	   7.7539245397773682e-02	   4.7369076645350833e-01	   1.3029349651202031e+00	   0.0000000000000000e+00	  -1.3297837293172691e-03	   3.1246984367299072e-02	   2.5854270869388107e-01	   4.3227988591768524e-01	   1.0282075387963023e+00	   1.1784038806226296e+00	  -5.1014473133344047e-03	   5.7223880621567420e-02	   7.2363015485606502e-02	   2.0327938703998658e-01	   4.7978917738152771e-02	   3.2128370880148464e-02	   2.4175698943485455e-01	   2.5508071231456159e-01	   5.9395928923780072e-01	   4.5936690046606865e-01	   8.6441855211916119e-01	   8.4649147158314819e-01	  -9.0158066987150218e-02	   1.3678723952911429e-03	  -1.2590185476116411e-01	  -1.3943930259792392e-01	   2.0100467220307769e-01	   2.4078812759601725e-01	   2.1968302446954086e-01	   2.6927640352085497e-01	  -2.3338639191939350e-01	  -1.2666942245738549e-01	   1.6876980232675959e-01	   2.2939262712226016e-01	  -1.1419616213891488e-01	   2.2581425530133675e-02	   9.7086888490737645e-03	  -6.3179055118932889e-02	   5.4988144952673006e-02	   3.5684462646187430e-02	   8.1665483967599858e-02	   6.1904683868608062e-02	   1.9074587541774147e-02	   6.4633301663955317e-03	   8.9649864298131224e-02	   1.1162015473082047e-01	   8.8983640077435644e-02	   9.5463611953864325e-02	   4.3696579391234602e-01	   3.0733962269983600e-01	   1.8860180557851036e-01	   1.6323922261042964e-01	  -1.8630428214513162e-02	   7.1589277874390702e-04	   2.0831508011873900e-01	   1.8828691800668496e-01	   2.9105641127433739e-02	   2.7540850256917499e-05	   1.6992115223677878e-01	   2.3966491056210798e-01	   1.6973627567926841e-01	   2.4102245010358220e-01	   7.3075424705837388e-02	   1.3461032056867750e-01	   1.7393763942285031e-02	   6.0835828030453780e-02	   1.2173245429144793e-01	   1.3379077647963639e-01	  -2.0848271581902197e-01	  -4.4510650818736973e-02	   5.5710438026986562e-03	   4.3479936480339779e-02	   1.1280067787234403e-01	   1.0033070308391362e-01	   8.7641110462941957e-02	   1.7596862828503140e-01	   1.9631573518640102e-01	   2.0974252559817502e-01	   4.8810517680261445e-01	   5.8559833513785742e-01	   3.8800644096395742e-01	   1.9816330005079655e-01	   6.3371751334267834e-01	   5.8813598337718909e-01	   4.4313035521883781e-01	   2.6696766271112865e-01	   5.2001075322415602e-01	   2.9216688485357678e-01	   2.5248546881952272e-01	   1.5279109337158109e-01	   3.3085593454665285e-01	   2.3845874883863943e-01	   2.2245741665599011e-01	   1.2597007818709316e-01	   2.4001946603847901e-01	   2.1859073331455875e-01	   1.2667742760568237e-01	   1.7397217427913797e-01	   2.9140384086515403e-01	   2.0291061860471610e-01	  -1.1585689833825741e-02	   8.0739277220498160e-02	   8.5265115592113305e-02	   2.8655798873890759e-01	   2.1834322294903658e-01	   1.2459495036334549e-01	   1.4201292559268625e-01	   2.9873130980097129e-01	   2.4044504483986590e-01	  -2.7261902434853980e-01	
   7.1000643931081098e-01	   6.0996822200737644e-01	   3.6108071788398338e-01	   1.9033866620741635e-01	   9.1926458057526722e-02	  -2.8920858987846647e-03	   7.5332023735028808e-01	   1.3177314424768388e-01	   1.2844232672308131e-01	  -1.3297837293172691e-03	   0.0000000000000000e+00	   6.0216825609820757e-01	   5.6389534158221466e-01	   4.6580490993221463e-01	   2.9437838099204677e-01	   8.0870957542078875e-02	   2.8512466930532038e-01	   4.1777344290969426e-01	   5.9028584479350388e-01	   5.6017321365818995e-01	  -2.7498719885834172e-01	  -3.1080816223937269e-01	   3.1908915042145486e-01	   1.7732365939984315e-01	  -2.0769652521582346e-01	  -1.1185986523355215e-01	  -9.5514604629028887e-02	  -1.1629597997385768e-01	   6.1039665256822695e-01	   4.9039772813129567e-01	   1.9568942243608176e-01	   2.0039633777587681e-01	   2.2611812933013931e-01	   2.5918172903863684e-01	  -1.3214960402704165e-01	  -1.3458706678142365e-01	  -2.9329786130768104e-01	  -3.0723785554454208e-01	  -3.0938113774415982e-01	  -1.8953444226879934e-01	  -3.7120350784508177e-02	  -1.9305146812747134e-01	   1.9524188283733110e-01	   1.8059540447780112e-01	   1.5422383453238084e-01	   5.3863359582523182e-02	   1.9585165193220677e-01	   1.0074984176013148e-01	   3.3286135879974676e-01	   3.0270738457138202e-01	   4.2610452931391374e-01	   3.6259310396288391e-01	   4.7906339968461664e-01	   3.2506191310534172e-01	   2.0425919028381651e-01	   1.8896128192840284e-01	   2.4527393009708548e-01	   3.0173514830707043e-01	   4.3853897692012583e-01	   4.7835606700131056e-01	   7.8543680315358355e-01	   6.4477871094154759e-01	   6.7376575022643515e-01	   3.5884871088929765e-01	   2.2463898176144176e-01	   1.0563614892070265e-01	   1.6357294418099699e-01	   6.7804255022412524e-02	   1.7646972046030474e-01	  -2.3176035871855422e-02	  -3.3029585984102089e-03	   1.2965853868433558e-01	   6.9643735297980458e-01	   4.7480877021388090e-01	   4.3585462229473232e-01	   2.6859458410542730e-01	   4.2161530540572861e-01	   3.5951197635615290e-01	   1.6787992260643614e-01	   3.2682117332433919e-01	   2.6977790987498129e-01	   2.8272739826269822e-01	   2.7245521334451189e-01	   1.4327224268530367e-01	   3.9003514444313847e-01	   1.2017392778787585e-01	  -1.0400529747949536e-01	  -5.7702501891694333e-02	   8.2952114115012396e-02	   3.1272094659784871e-01	   2.7292805552665774e-02	   6.6324628422445617e-02	  -4.2429164249439827e-01	   2.8711007632661819e-02	  -7.0387214002803566e-02	   2.1023168410515777e-01	   2.0354478035044019e-02	   1.9866302867104624e-01	   2.3017635797817862e-01	   2.2303336550985073e-01	   6.2094090669649188e-03	   3.7385118895461261e-01	   1.3126672175172588e-01	   2.4160804701324259e-01	  -5.2290780539767164e-02	  -1.4267171432688011e-01	  -8.5252647751029378e-03	   6.6139365506026671e-02	   6.6919337356237799e-02	  -9.2287873667407127e-04	   2.2090604167425230e-02	   7.8563778579384042e-02	  -4.3302899958098863e-02	  -1.4447873457764038e-01	  -3.2021871398228346e-01	  -5.2771469317023249e-02	
   5.5748320488001646e-01	   6.4668870935582767e-01	   1.3655514667781571e-01	   1.5633827807766865e-01	   8.4316351102206116e-02	   1.3507296499159258e-01	   3.1908651090837314e-01	   2.2407836427038191e-01	   1.3335524045468014e-01	   3.1246984367299072e-02	   6.0216825609820757e-01	   0.0000000000000000e+00	   6.7914749254525975e-01	   9.3031726880566823e-01	   1.5432002515769708e-01	   1.5880409293388112e-01	   4.7735024744770443e-01	   6.6325629994167334e-01	   1.4269890301581828e-01	   5.2063798906224223e-01	  -4.5795841228489531e-01	  -4.2604163393936972e-01	   2.0679666909275533e-02	   3.2621079533934401e-02	  -3.0780427321064146e-03	   1.8566878197003064e-01	  -2.0452568044759012e-01	  -1.9760707495817817e-01	   7.3794458855787715e-01	   7.4968164535152670e-01	   1.3216456737628992e-02	   1.8194013474253992e-01	   4.4261432102197829e-01	   4.5009811184246623e-01	   2.9516266051042152e-02	   7.2501216297270979e-02	  -9.2988316238199351e-02	  -1.5807721345184028e-01	  -1.2447616961437440e-01	  -9.4677216455977348e-02	   4.6933219539041414e-02	   6.1284444087173283e-02	   3.2108929711639772e-01	   3.2355818091895744e-01	   2.5398681451300686e-01	   2.1248162974632381e-01	   3.2074097309846911e-01	   2.6931795987140755e-01	   3.8286393931417434e-01	   2.9624729759163776e-01	   3.6903661159512124e-01	   2.6277318136275002e-01	   3.1315756293175023e-01	   1.3678271457630381e-01	   2.5293078016063275e-01	   1.8692564346621823e-01	   3.8787768969275832e-01	   4.6835483601165706e-01	   5.0577301517552342e-01	   4.8115489250960219e-01	   6.1552121071644306e-01	   5.0191816558302982e-01	   9.1822870357429887e-01	   8.1031023120220425e-01	  -8.3139428656970868e-02	   8.5597220092545084e-02	   4.3702856399599610e-01	   3.5334254851338148e-01	   4.0464287281607260e-02	  -3.0565364015667301e-01	  -2.6948836683535066e-02	   2.4579898525672889e-01	   6.0935196714145856e-01	   7.2340652521726767e-01	   2.8572532414454094e-01	   5.6264615150904773e-01	   6.2343927826000811e-01	   7.9725366896013383e-01	   4.3616989175272719e-01	   5.0133337949380197e-01	   6.8029761547865208e-01	   6.6136948408916674e-01	   2.8627883457714620e-01	   3.5808396074103377e-01	   3.0349340310747641e-01	   2.1251121952768931e-01	  -1.5677409109154572e-01	  -1.1276648227204619e-01	  -2.3737325765151772e-02	   2.0437931115860689e-01	   1.0836485353512076e-01	  -1.0345454704328323e-01	  -3.6563230115541956e-01	  -1.5081705916304664e-01	  -8.5226173297814137e-02	   8.9252050375866462e-02	   2.0296956165897689e-01	   1.7312958209249013e-01	   4.0111675791699025e-01	   2.5181216427346242e-01	   1.1234894780966273e-01	   1.9612499885751689e-01	   1.7123945115497990e-01	   2.2603678758583315e-01	  -7.6133985109924952e-03	  -1.9114237799504419e-01	  -9.8120909710505494e-02	  -7.5865752833072481e-02	  -1.0139212822232675e-01	  -8.5477103472485438e-02	   1.8456127987044071e-01	   2.8990373432175348e-01	   2.7465706575450249e-02	  -6.4108984740777544e-02	  -1.8791925248804517e-01	   4.8216250604367662e-02	
   4.4445684612196751e-01	   4.5308336285680934e-01	   1.4922973781905768e-01	  -1.1129268464665193e-01	   4.1115204801960864e-01	   3.9153411923331682e-01	   2.4519631472978354e-01	   1.6941356621340353e-01	   2.7776871176507123e-01	   2.5854270869388107e-01	   5.6389534158221466e-01	   6.7914749254525975e-01	   0.0000000000000000e+00	   8.3242779492594787e-01	   3.5121509688552860e-01	   2.7728641330530229e-01	   2.3436447190740350e-01	   4.2541630778795886e-01	  -3.3181190860554724e-02	   1.9641094295362890e-01	  -3.8449689374343166e-01	  -3.6864247995694188e-01	   6.9115299011142273e-02	  -1.2511425486882005e-01	   2.7251018881004807e-01	   3.3627796863833798e-01	  -3.7343429503291191e-02	  -1.6888474563559103e-01	   4.5265779823395114e-01	   4.6797159118011666e-01	   1.9721853225854374e-02	  -4.8254072451439549e-03	   3.0813946260467917e-01	   3.9150079472032373e-01	  -4.4370986465428940e-02	  -3.3010721805448425e-03	   8.3466173510464939e-02	   1.6042693065769071e-02	   1.0872112754545857e-01	   1.2592716700013087e-01	   2.6968987273517969e-01	   1.3659221743081007e-01	   2.1389620636088125e-01	   1.7411932365492858e-01	   3.0927184290976395e-01	   2.2756365322690220e-01	   2.8331342490215788e-01	   2.0562813827215337e-01	   3.1563231395905234e-01	   2.3841691286528660e-01	   4.1836098464635185e-01	   2.2635937966103387e-01	   3.8477969555595576e-01	   1.4874682550032903e-01	   2.7534248105027881e-01	   1.4402136414537678e-01	   2.7985956884587687e-01	   3.3211397567022183e-01	   2.2534832973733687e-01	   1.9314809200803590e-01	   5.5919683359057060e-01	   4.4344137228423242e-01	   3.6626802252587776e-01	   4.3169786976483970e-01	   7.0659316812638429e-02	   8.9348466729897338e-02	   2.1551040013805522e-01	   2.2964735725994750e-01	  -1.9989181550784935e-01	  -2.7634464149010518e-01	   1.9704150767448692e-02	   3.3419544634111953e-01	   4.4075297215169873e-01	   4.2195943402148706e-01	   2.9600934122561012e-01	   4.5101552444232573e-01	   4.2684820001531765e-01	   4.4905378669188584e-01	   4.9244202922039476e-01	   5.3250208640643271e-01	   4.1016772621846509e-01	   3.9848419504532362e-01	   2.7065905976380783e-01	   2.2681007462072583e-01	   3.8401400691258691e-01	   1.7711851483445237e-01	  -1.0079430458860633e-01	  -3.5559932232161062e-01	   1.5054755662755281e-01	   2.2301444388837022e-01	  -2.9712094780196541e-02	  -6.3430568665713283e-02	  -3.3348849847080342e-01	  -5.8788440454560269e-02	   1.7910821191267123e-01	   1.2391759431881361e-01	   2.7697138938697108e-01	   2.7137132572992395e-01	   1.6208957348960784e-01	   4.6940691328577165e-02	  -1.6988401537805833e-01	  -2.8287039927312810e-02	  -1.9022018252161627e-01	  -1.4506448965461771e-01	   9.7201821240558345e-02	  -1.2075051889127794e-01	  -1.4489396267364318e-01	  -1.4453876028914392e-01	   1.1782475140984525e-02	   3.1624941751121835e-02	   1.9058932697852174e-01	   6.3238260258008022e-02	  -5.6330276077262334e-02	  -1.0304572135339586e-01	  -6.4327655046952745e-02	  -1.7449309759877427e-01	
