   0.0000000000000000e+00	   1.0794744078273417e+00	   7.5424889323128996e-01	   8.0010541476084940e-01	   5.6490586201358850e-01	   4.4457703078896671e-01	   6.8770117231588146e-01	   6.2602722543231037e-01	   4.3307925759658839e-01	   4.3879687846763010e-01	   6.8663023882256757e-01	   6.6837376968043649e-01	   5.6075842118452479e-01	   5.3009627108337787e-01	   8.6126202014282893e-01	   1.0352777469610839e+00	   6.1098602744559438e-01	   7.7595142750662238e-01	   9.9114800707508177e-01	   9.6443759505066873e-01	   5.6971797623131504e-01	   4.1715614953838009e-01	   7.3293593423763648e-01	   7.7852227970902954e-01	   4.8950584093068561e-01	   5.4465977595859161e-01	   3.0372693198540035e-01	   2.5998180964151557e-01	   4.9229484682460900e-01	   5.5090332824359400e-01	   5.2206746599810816e-01	   4.5508184437635668e-01	   6.3176011298542900e-01	   6.4464967844632926e-01	   4.0595780111957813e-01	   2.4146448795031289e-01	  -1.6921357725060582e-03	   2.0412652395810495e-02	   5.2144678381103915e-01	   5.5664530165215442e-01	   6.3682745128248297e-01	   5.3950634224368443e-01	   8.7708910856609101e-01	   7.4595428314700352e-01	   6.5651951065738468e-01	   7.4334059092344074e-01	   9.0389038545670997e-01	   9.0937585259695353e-01	   8.7328290802405839e-01	   7.2132349890297487e-01	   6.4612572829549575e-01	   5.9111166355381806e-01	   8.2866325456125078e-01	   7.1174339762304972e-01	   8.8161118314622511e-01	   9.8229049658700773e-01	   8.2639965832333195e-01	   8.5784492140909419e-01	   7.2942667373038828e-01	   6.7400418732918876e-01	   8.3441710904851485e-01	   5.6074419801737718e-01	   6.4900477556735336e-01	   7.0686107184613289e-01	   3.9453203787873431e-01	   2.4081013935889004e-01	   6.6501136379719217e-01	   6.3051659639104962e-01	   6.2139034211991828e-01	   5.8803465004359678e-01	   3.5403800908046512e-01	   4.1568030176753423e-01	   5.8451374510342469e-01	   5.9122549722627149e-01	   7.0657039035926150e-01	   7.9819734752466920e-01	   4.3674837587950643e-01	   2.4731611247123539e-01	   6.6910625246805644e-01	   6.7999133064309880e-01	   9.9248749277887116e-01	   9.2046711912091994e-01	   1.0081556865768591e+00	   1.1084116732723586e+00	   9.7247141392158032e-01	   7.2512018447702153e-01	   6.1237728899404953e-01	   6.1859085759691057e-01	   9.0731188751631564e-01	   8.5863573025172735e-01	   2.1259449846481010e-01	   4.9644126224229468e-01	   3.4818078858192258e-01	   3.7576649472700979e-01	   3.0191539712889574e-03	  -7.1296140498837424e-02	   7.3861971558154682e-01	   9.4207224868055162e-01	   9.9116561941046355e-01	   1.0976325185682201e+00	   2.2153167476249519e-01	   4.3973071444354894e-01	   4.4801830967803508e-01	   5.2386833847651049e-01	  -8.0984452163923318e-02	  -1.5948542059960930e-01	   6.6358170126849747e-02	   1.8547176917177680e-01	  -2.3087310922352569e-01	   2.2696368862496302e-01	   6.0479192993303865e-01	   6.0767295148143174e-01	   6.0326319651302684e-01	   4.3462500516083852e-01	   4.3323301126198893e-01	  -3.1184046852859920e-01	
   1.0794744078273417e+00	   0.0000000000000000e+00	   6.6465170243496863e-01	   8.8080302477895966e-01	   4.6052152935157353e-01	   3.7819687874087066e-01	   5.5635215794436799e-01	   5.6193240616867512e-01	   2.5389167987570993e-01	   3.5129226692497778e-01	   5.5132148525775215e-01	   6.3691715184852693e-01	   4.4098712698204717e-01	   3.6905571575027796e-01	   5.4904400989474311e-01	   7.8176558530164120e-01	   5.6138238870894441e-01	   7.6173690388993243e-01	   9.3893802857774311e-01	   1.0612413975548209e+00	   4.9603367549308230e-01	   4.4187294663598675e-01	   5.8466114971153493e-01	   7.0596784845073557e-01	   5.3925758340361274e-01	   5.5147770144444297e-01	   3.4364333955663640e-01	   2.7190243913791656e-01	   4.4229551845061288e-01	   5.4785479343573618e-01	   5.0926964562536314e-01	   3.9546699613786068e-01	   7.0842077277483373e-01	   7.1182023114905491e-01	   3.8857140363007503e-01	   2.1509774741354465e-01	   1.1490947597292889e-01	   1.1836645030929477e-01	   5.0192363500924708e-01	   5.6997687717833234e-01	   5.7439546263425023e-01	   6.0521345195279530e-01	   7.3337492116452274e-01	   6.0225826941319849e-01	   4.7786171926831034e-01	   5.1291956648366921e-01	   7.8349225298426595e-01	   7.5028772179622705e-01	   6.0395231774263058e-01	   4.5226760756048506e-01	   5.7902694085056239e-01	   4.4714778677497147e-01	   7.1117826469771139e-01	   4.7316017546507622e-01	   9.1841447403062970e-01	   9.3608018091241374e-01	   6.1671079287421937e-01	   1.3084910539909880e+00	   6.4896417465269407e-01	   7.4200343758484588e-01	   6.5198611664803630e-01	   4.2045858687136656e-01	   5.7572477853712067e-01	   5.7852374831341224e-01	   3.9206699227220115e-01	   2.8267686678524473e-01	   6.3815723160654714e-01	   5.9855043466763058e-01	   6.6660520789630984e-01	   5.8270067322120600e-01	   4.0364218380425509e-01	   3.3266226087439860e-01	   3.4611352311286220e-01	   5.9291530310656848e-01	   5.2906619827655721e-01	   6.8166924545242447e-01	   4.2827769743423300e-01	   4.3308717958627618e-01	   5.9521769583209672e-01	   7.3420590548560916e-01	   9.3361411975757147e-01	   9.5424925382277670e-01	   8.5419909232329938e-01	   1.0674958327408521e+00	   8.2768178328127839e-01	   8.8166190908419728e-01	   4.9958701064902300e-01	   6.8177840798782574e-01	   8.3713273340508465e-01	   8.9112355060111614e-01	   2.4910067967222183e-01	   4.2657388785784439e-01	   3.4495439117168109e-01	   3.2789609341510817e-01	   2.4490941095509446e-02	   9.6984339884973586e-04	   1.0427297798785198e+00	   8.4211312680630945e-01	   9.6196919784535040e-01	   8.5515043749925890e-01	   3.0046455119085808e-01	   4.4518744599289306e-01	   5.5618137725153416e-01	   5.5682116974671902e-01	   1.1953979396743589e-01	  -5.5553252080255411e-02	   1.6216827313594395e-01	   1.8295076482666334e-01	  -1.6810072947901572e-01	   3.3245791638187533e-01	   7.9065916674647585e-01	   5.9190795027723819e-01	   5.3073183317513350e-01	   5.4514038211056226e-01	   4.8180964833167461e-01	  -2.9468311698472799e-01	
   7.5424889323128996e-01	   6.6465170243496863e-01	   0.0000000000000000e+00	   9.8843125332622617e-01	   8.2116312479242870e-01	   4.8942217979918151e-01	   1.0903352186450537e+00	   6.9802772773783062e-01	   5.5084485306197617e-01	   3.8811461138372411e-01	   3.5310687401928303e-01	   3.7234915171504124e-01	   4.2333818541109663e-01	   2.8188570789368245e-01	   7.7787794848211311e-01	   7.4038604048777146e-01	   2.0322234047640991e-01	   3.2269692423107976e-01	   7.1416939870493534e-01	   6.4428343720329317e-01	   5.7692255650983437e-01	   5.4109313476234810e-01	   1.2637549720474939e+00	   1.0868314593776436e+00	   9.7382984904868664e-01	   9.1395766909573406e-01	   4.9783823460267507e-01	   4.2976232399631292e-01	   1.2119776831879858e-01	   1.5836388890275024e-01	   7.8623859816561492e-01	   7.0472090020380407e-01	   7.8902006383571988e-01	   7.6641576741132100e-01	   6.9455812326435151e-01	   4.4155867201690080e-01	   8.1728031894602954e-02	   1.3813526582167829e-01	   6.0610995852545113e-01	   6.0148899955439639e-01	   5.0259877306082379e-01	   6.6242343857216657e-01	   6.5440919817850252e-01	   5.4397155780342477e-01	   5.8730695486258999e-01	   5.8935505494837348e-01	   6.3859690430989957e-01	   7.1174357244463848e-01	   6.4869186812567914e-01	   5.0150824233039748e-01	   6.7147020175602101e-01	   5.4673895124625294e-01	   7.4657953647518482e-01	   6.9135201175676708e-01	   7.3236246437441732e-01	   7.9182663426357980e-01	   3.5421582314604633e-01	   4.6779919566384370e-01	   5.7068788682621518e-01	   4.6311806040657644e-01	   6.7802176670933101e-01	   2.4448539192210073e-01	   2.4824304873296843e-01	   2.6225684586574838e-01	   9.4370874315077158e-01	   4.5662565488828127e-01	   9.8309705905837097e-01	   7.3747106011055241e-01	   5.6761263338296031e-01	   5.0449430912794813e-01	   3.4261800666831049e-01	   4.4661807940740389e-01	   3.8288199112549981e-01	   3.8542633707246943e-01	   4.4638642939225026e-01	   5.0301140545868173e-01	   1.9689224412144313e-01	   1.5399550800172787e-01	   2.5333628430777960e-01	   3.7212666258577953e-01	   4.6635128302962991e-01	   5.7222028857320761e-01	   8.9847604268885561e-01	   7.5240959026592658e-01	   9.6787599366959842e-01	   7.3589138282293187e-01	   6.8163693733448261e-01	   6.7824405997096093e-01	   8.6565941141552882e-01	   7.5512600224690563e-01	   2.3116768092098486e-01	   5.5955295437650254e-01	   4.1258948819841423e-01	   6.0669947701872162e-01	   7.7966485110598102e-02	   7.3590074595173763e-02	   6.6893061049022318e-01	   7.7165393900094759e-01	   6.7972898634791534e-01	   8.3670932317675795e-01	   2.9010975251313542e-01	   5.3824997251939444e-01	   4.7424754959823573e-01	   4.7506503023316615e-01	   4.2218169168999418e-02	  -8.7704137718884571e-03	   1.8325417852258474e-01	   2.5219390526878538e-01	  -8.5019837491179147e-03	   1.8044868176539569e-01	   6.5697929366303820e-01	   5.0381906890664885e-01	   5.0827054958713280e-01	   4.0504205961617706e-01	   4.4733780619370095e-01	  -2.8434217180831406e-01	
   8.0010541476084940e-01	   8.8080302477895966e-01	   9.8843125332622617e-01	   0.0000000000000000e+00	   6.9065648823651515e-01	   7.1810057127335136e-01	   1.0290837401205197e+00	   1.2131700759209467e+00	   6.2381757157280571e-01	   6.7951421232900733e-01	   4.3783016601362368e-01	   7.1169361515323948e-01	   5.7683132622872091e-01	   4.1697810996992435e-01	   7.5190916843353772e-01	   9.0744252321790986e-01	   1.2308201943299754e-01	   2.6851527616549192e-01	   6.8209100653487498e-01	   8.1619679128970668e-01	   4.3522120703524370e-01	   4.8164380816856667e-01	   8.4236531987522123e-01	   1.3917868473155930e+00	   7.4055312049798405e-01	   9.3103352662030947e-01	   3.8124335878693349e-01	   3.4923087528505453e-01	   4.7619796534947210e-02	   1.7310348079914228e-01	   5.2502156679882683e-01	   5.6447577811040073e-01	   6.5336308908142304e-01	   8.1033748850622278e-01	   6.0333301177005461e-01	   6.4950381625355591e-01	   1.2592036998888498e-01	   1.7505696155192868e-01	   5.7566604137016253e-01	   7.1279234216301968e-01	   5.0574050802680637e-01	   6.3344577748948294e-01	   8.0780290674309896e-01	   7.2316130106329801e-01	   5.7744819119738444e-01	   7.0684768433252809e-01	   8.9478577978860030e-01	   8.5256760090610995e-01	   7.9150168967523982e-01	   6.5355125033382466e-01	   9.5271285014654949e-01	   8.6314741902794800e-01	   9.1142609428878829e-01	   7.0797495961560619e-01	   9.5988499147099537e-01	   9.4939871644049934e-01	   3.2361729132038336e-01	   5.4111047102557175e-01	   7.4091259700823398e-01	   7.7663206731923817e-01	   7.5667335736742269e-01	   5.3442626235759749e-01	   2.4860845362858533e-01	   3.6485822822595182e-01	   6.5548099251272052e-01	   8.1386578826622080e-01	   1.0624698154453367e+00	   1.0968289825996977e+00	   7.3794157544160455e-01	   6.8754489069036406e-01	   4.3094367701255876e-01	   4.4714028675168904e-01	   3.6198050902013268e-01	   4.9564733060488142e-01	   4.6787419188568047e-01	   5.7401180059604617e-01	   3.5994439685165014e-01	   2.9778176739957640e-01	   2.2267241218313752e-01	   2.8911026112285632e-01	   6.0443717300150368e-01	   8.0295133554915465e-01	   7.3640693186343587e-01	   9.5426692081693065e-01	   1.0783050373562721e+00	   1.3050589485858615e+00	   5.7275643709002133e-01	   6.8831760907147299e-01	   8.5382133303780039e-01	   8.9306821150855609e-01	   3.8813264372434109e-01	   6.3305832837120057e-01	   6.3893639612635922e-01	   5.7219314953479783e-01	   2.2551641895754090e-01	   2.1630250618879313e-01	   8.5946209478656699e-01	   9.1628213254322532e-01	   9.2339501638400445e-01	   9.3306460829068238e-01	   6.4493598813508402e-01	   7.6861881423163103e-01	   7.7247129342803333e-01	   6.8770597037944425e-01	   1.9464577553951978e-01	   1.3906178739755661e-02	   3.8012033323441019e-01	   4.1152361714153901e-01	   6.0122109211800584e-02	   3.4871938711574368e-01	   7.2081006979792062e-01	   6.0916013612592468e-01	   6.2370131599670064e-01	   4.6531846751160072e-01	   4.4388492512804834e-01	  -3.3001805255340350e-01	
   5.6490586201358850e-01	   4.6052152935157353e-01	   8.2116312479242870e-01	   6.9065648823651515e-01	   0.0000000000000000e+00	   9.8835757402965685e-01	   8.4331847758590295e-01	   4.9259362442882210e-01	   1.1948521551607520e+00	   8.8310260880635461e-01	   1.1289888626457198e-01	   1.1677116011337121e-01	   2.5262879688803197e-01	   1.0617173728167767e-01	   1.0391054677769498e+00	   7.8899040177981372e-01	  -4.0774419160444768e-02	   8.0545534965987112e-02	   4.7181895498541460e-01	   6.0339310017478676e-01	   5.7251946691099997e-01	   6.1132156556138484e-01	   6.5454267784203868e-01	   7.0245596584267389e-01	   9.2822433457091935e-01	   1.0001333579917022e+00	   7.0243022999591620e-01	   6.4651094451456570e-01	  -1.9922325550372300e-01	  -8.5983020453765255e-02	   2.0450830526784153e-01	   1.6016364109608250e-01	   1.8468666100020847e-01	   2.7581082265912288e-01	   5.0852706360951316e-01	   4.9700159072232436e-01	   1.3514846098777378e-01	   1.9205020330510558e-01	   5.5120058478421496e-01	   4.6211854188242979e-01	   4.4901973860685074e-01	   3.6737274044821083e-01	   5.1038035264488846e-01	   4.2658461818150106e-01	   4.3827097867296150e-01	   4.4266126005143092e-01	   6.8106314858279904e-01	   6.1760772039399148e-01	   5.0336540741775093e-01	   3.9617348374805972e-01	   6.0838522281657381e-01	   5.0270095578903340e-01	   8.5772973302476785e-01	   7.7359009490083197e-01	   6.9125605493286246e-01	   6.3005956755600112e-01	   1.4687209877392163e-01	   2.4740386658367836e-01	   4.9506198616073532e-01	   4.8836600768374444e-01	   4.6663375518986061e-01	   2.9184925649511040e-01	  -1.3419921276718910e-01	   1.9693792364546141e-02	   7.1959870367077405e-01	   5.9204324694725152e-01	   7.3156652141166656e-01	   6.4255627029883300e-01	   7.5559164427663750e-01	   8.0600004603117259e-01	   5.0318051270097242e-01	   7.3935339974448577e-01	   2.3650293327084149e-01	   1.5926653801345400e-01	   3.5887539179456956e-01	   4.0354987702612455e-01	   2.1875433469369035e-01	   1.1104357983456410e-01	  -7.2649040781869734e-03	   1.5893217513062688e-01	   2.6958755221788694e-01	   4.4775982543442200e-01	   6.1084099283617110e-01	   6.2303460459502891e-01	   8.1397303283934275e-01	   6.0985258855733981e-01	   5.6701985361673879e-01	   5.1472452073823149e-01	   9.1403046886757022e-01	   7.0679158241201956e-01	   5.4021391976151134e-01	   8.1915250816099294e-01	   6.8488426820761217e-01	   9.4653599273302202e-01	   1.6221382730843201e-01	   1.5603973286832956e-01	   4.9689713081960796e-01	   5.8303862241201732e-01	   6.7274502135216419e-01	   7.3761052700870966e-01	   5.9395994041830324e-01	   9.0760208992840297e-01	   6.0580878851368525e-01	   6.1929246105394586e-01	   2.8723643341153238e-01	   3.1062895290777448e-01	   4.4906882353225724e-01	   5.9062865365707184e-01	   1.4470186035135157e-01	   3.2493013652828784e-01	   5.4794562527575352e-01	   5.3057980950038697e-01	   6.8852839665289312e-01	   3.8476356742100953e-01	   4.7135313805705259e-01	  -2.2257381839698193e-01	
   4.4457703078896671e-01	   3.7819687874087066e-01	   4.8942217979918151e-01	   7.1810057127335136e-01	   9.8835757402965685e-01	   0.0000000000000000e+00	   5.0690422416437853e-01	   4.4799714752111963e-01	   7.9201592043478530e-01	   7.6365338421264484e-01	   7.0095652448042556e-02	   2.1026458468354914e-01	   1.2976210255341122e-01	   3.4724967947929834e-02	   7.7549212965166192e-01	   7.6952523642594173e-01	  -2.3134956495973771e-01	  -1.1829146749827224e-01	   2.3912823825004864e-01	   3.9703259937315571e-01	   5.3956578150781820e-01	   7.6076701320645934e-01	   4.7362428332712114e-01	   7.6839550148435987e-01	   6.4646548503024814e-01	   8.7684429932837571e-01	   9.1266761145947173e-01	   1.0154445616201757e+00	  -3.1257324326649216e-01	  -2.4448528194129887e-01	   6.9968497134188734e-02	   7.6380865991094837e-02	   5.0537673822233307e-02	   1.2359439164854777e-01	   4.8777799487557660e-01	   5.9294243189420737e-01	   1.6897617917989638e-01	   2.4873915716662509e-01	   7.1975886893913721e-01	   6.3702714274210703e-01	   5.7662011327679963e-01	   3.6661650345728564e-01	   3.2285913512265768e-01	   3.0346445486831303e-01	   2.7161825456845701e-01	   3.5632388931471171e-01	   5.0063365658783399e-01	   4.7722445801653912e-01	   3.2700759388845801e-01	   2.8903033329955258e-01	   4.3739700880652399e-01	   4.4291370719624928e-01	   6.9200800337579471e-01	   6.4799349198383127e-01	   7.0257180868772018e-01	   6.6003924614163645e-01	   1.0528058153215433e-01	   1.6981147141219893e-01	   3.2756165038203727e-01	   3.8407040719657248e-01	   2.0128428495521267e-01	   2.6309499727659391e-01	  -2.5255532727641766e-01	  -1.1378528346596833e-01	   5.7843427945375003e-01	   7.4201767307280475e-01	   5.2437621045348370e-01	   6.0570896864060397e-01	   5.5188827147053254e-01	   6.9843479775001194e-01	   4.1839271904646169e-01	   5.1385110757836605e-01	   6.9325973031835950e-02	   1.1011426699577433e-01	   1.9811486373725265e-01	   3.4025013102464141e-01	   8.8927442146935182e-02	   6.0007218923915251e-02	  -1.2928383867277179e-01	  -1.0771195201628234e-01	   1.0371624717439719e-01	   2.8239821350728467e-01	   5.2692303418824094e-01	   5.4421459023797925e-01	   6.6566155567240914e-01	   7.6094442347803604e-01	   5.5591369054662554e-01	   6.5092943379433466e-01	   8.9600121556562251e-01	   8.0525717791182028e-01	   3.6909445211366443e-01	   5.3879180992844178e-01	   5.9368411781495023e-01	   6.4519697368072282e-01	   2.4664061438286744e-01	   2.3736789558550730e-01	   3.4588945892372297e-01	   4.6525614217649819e-01	   4.0608083565322806e-01	   4.8764588952164811e-01	   5.4203276913321208e-01	   6.3502216872772688e-01	   3.7306210121581207e-01	   3.5724584540929027e-01	   1.7782426203325746e-01	   2.2711032121542588e-01	   3.1005293725698885e-01	   4.6040372821174275e-01	   2.3648299896776490e-01	   4.9498699393412809e-01	   3.5196857626332678e-01	   2.8484266420955451e-01	   4.2531438732968191e-01	   2.6749494235299393e-01	   2.9996610465927986e-01	  -3.2387675601556903e-01	
   6.8770117231588146e-01	   5.5635215794436799e-01	   1.0903352186450537e+00	   1.0290837401205197e+00	   8.4331847758590295e-01	   5.0690422416437853e-01	   0.0000000000000000e+00	   1.2417380085714034e+00	   8.3671184933275244e-01	   8.6650202894181960e-01	   6.2438748927205523e-01	   5.7367586458251651e-01	   9.2514910368036396e-01	   6.6137402061611927e-01	   9.5868203177744604e-01	   8.4556808604236422e-01	   1.4119631099295151e-02	   2.1993205361348730e-01	   7.5565682258338773e-01	   7.4938972595404518e-01	   4.0545934753735507e-01	   3.3136837034028443e-01	   8.4160425980789622e-01	   8.5136329230599117e-01	   6.7465228144116163e-01	   8.4536943462013658e-01	   1.8004245229371402e-01	   1.3201711753693507e-01	   1.3407901409221493e-01	   2.5549628365756399e-01	   6.4680014073387493e-01	   5.6490051447846312e-01	   7.2051094117152426e-01	   8.8191388009679250e-01	   3.9334158420184523e-01	   4.0252751988070035e-01	   9.1877213872802829e-02	   7.5364533096926131e-02	   2.7727751384214544e-01	   3.0867214854625674e-01	   3.4781808523473989e-01	   4.3525168834130112e-01	   8.2802031253945130e-01	   7.2904464267053315e-01	   6.4541670459413292e-01	   7.1975076234780200e-01	   8.2385028517992775e-01	   7.6424714723783316e-01	   8.4726406221617745e-01	   7.6640837458885003e-01	   1.0469167821653307e+00	   8.7818559896487924e-01	   7.7884375238561288e-01	   7.1679746127764199e-01	   5.4099372454454420e-01	   5.4827066797061341e-01	   1.1781637740971621e-01	   2.9944995619140713e-01	   5.4360291423232432e-01	   5.6583088656811598e-01	   9.0708959622647245e-01	   5.9887950512355870e-01	   2.0422847933737198e-01	   3.3165053271206696e-01	   5.5933612612078010e-01	   6.3730082532176680e-01	   9.7985391290292656e-01	   9.0330464706883706e-01	   5.8182305718618044e-01	   4.8904647405431523e-01	   5.1794817152306105e-01	   5.1232291323800006e-01	   6.0111577787827009e-01	   5.1520110727879209e-01	   6.9698193090926630e-01	   6.8022735232423182e-01	   2.7929652376397174e-01	   1.3905869546440019e-01	   1.3280936821024700e-01	   3.3005815322624804e-01	   4.7401625795437052e-01	   5.6394749302773617e-01	   5.6010005544649211e-01	   5.9903694955625530e-01	   8.2137894582687365e-01	   5.8001295598117153e-01	   3.0280770737163054e-01	   2.5877121150593829e-01	   5.4967532714758416e-01	   5.1301140413129365e-01	   4.1939623034026696e-01	   7.7245480995386173e-01	   4.7902647564584949e-01	   5.3998660693975920e-01	  -9.7150937477020350e-03	  -1.2069525632861757e-02	   5.9782664268266950e-01	   5.5489061194941525e-01	   8.2370748875125344e-01	   8.5405396328702265e-01	   4.4886805503802207e-01	   7.5187485896503059e-01	   7.5582652436742581e-01	   7.4724215288019480e-01	   1.6436872228306459e-01	  -1.0998984213980290e-02	   2.3256300276938141e-01	   2.5345873949393904e-01	  -9.0932879869200511e-02	   3.3793921948000712e-03	   6.1150971409839472e-01	   7.3080472837498711e-01	   7.3623778029929565e-01	   2.9813843821997815e-01	   2.5443935962991726e-01	  -2.1190302526402702e-01	
   6.2602722543231037e-01	   5.6193240616867512e-01	   6.9802772773783062e-01	   1.2131700759209467e+00	   4.9259362442882210e-01	   4.4799714752111963e-01	   1.2417380085714034e+00	   0.0000000000000000e+00	   6.3675608159744979e-01	   8.8371754124230129e-01	   6.1756382246206498e-01	   8.4676552008666739e-01	   9.2921705553825584e-01	   8.4049787444687829e-01	   5.9494066745767993e-01	   7.6195514562030198e-01	   7.1073857179320438e-02	   2.5946549531546326e-01	   6.8558241873381798e-01	   7.3037099105248060e-01	   2.2711542061659962e-01	   2.4656862289046988e-01	   6.6858324767912969e-01	   9.2650242710069164e-01	   4.3301287451029369e-01	   6.5774395845275002e-01	  -1.1507436422148394e-02	  -1.7038297499274536e-02	   1.8510417800242579e-01	   3.7067351598947668e-01	   6.2613801705868866e-01	   6.1837813545552600e-01	   7.2065964492947832e-01	   9.9160608245058468e-01	   2.6570724948306657e-01	   3.7373781043522181e-01	   9.4971404649897150e-04	   2.0118363508351406e-02	   1.5242744419082993e-01	   2.5750531593569592e-01	   2.2227969788958762e-01	   3.5306864725795323e-01	   8.0472870564081933e-01	   7.4662122673244125e-01	   5.8091887866460967e-01	   7.1908631938960066e-01	   7.8131780635429715e-01	   7.1179899336602681e-01	   8.6281560725000506e-01	   7.9946515774753679e-01	   1.0149050549369361e+00	   9.5554753054920960e-01	   7.3126853849925300e-01	   6.3086697715013640e-01	   4.8524819892291321e-01	   4.7792721689820405e-01	   1.6215871480524624e-01	   3.2393455845410341e-01	   5.4845864800168331e-01	   6.1774931417295176e-01	   8.7748047853332978e-01	   8.2646294058125835e-01	   3.2334725034509304e-01	   4.5503768807949557e-01	   3.3879477402485852e-01	   6.9395738623442849e-01	   8.3630891321332357e-01	   9.1179574461013324e-01	   4.5965558273799351e-01	   3.8895353190559229e-01	   4.4070805432613297e-01	   3.8558330656595835e-01	   5.0615725119802435e-01	   6.7271955506671144e-01	   6.8001434887953183e-01	   6.9365075860435543e-01	   3.4243794803486105e-01	   2.0185360214153877e-01	   1.9735867620966685e-01	   3.2882919663891030e-01	   5.6048846893872173e-01	   5.9890251912824066e-01	   4.1321057208315282e-01	   5.4928848688454235e-01	   6.7046192624181244e-01	   6.2747569246711332e-01	   1.9461287482770309e-01	   1.9313493459316461e-01	   3.8713153184450777e-01	   4.4344274208651746e-01	   3.5768458822181615e-01	   6.0217997568589554e-01	   4.6765826094505758e-01	   3.4893037821814327e-01	   8.5170138361363876e-02	   7.3234250804547929e-02	   5.2495838060617306e-01	   5.0896850321419929e-01	   7.8759420911266398e-01	   8.0139461615452456e-01	   5.3722042997835384e-01	   6.6780578632600884e-01	   7.4906621909955395e-01	   7.1213769329634102e-01	   1.3568729369957136e-01	  -9.2576767511835537e-02	   2.5070251312201913e-01	   2.5800566208138803e-01	   8.1048738640057485e-05	   6.5404580874543233e-02	   4.9291158216726400e-01	   6.2610374677373770e-01	   6.1987833014360483e-01	   2.7179134205384770e-01	   1.9575219774518432e-01	  -2.3281013188667921e-01	
   4.3307925759658839e-01	   2.5389167987570993e-01	   5.5084485306197617e-01	   6.2381757157280571e-01	   1.1948521551607520e+00	   7.9201592043478530e-01	   8.3671184933275244e-01	   6.3675608159744979e-01	   0.0000000000000000e+00	   1.1831825918879626e+00	   1.6393996099961641e-01	   1.1246024281275302e-01	   3.4407228105416282e-01	   1.4131813781249430e-01	   9.6178617623947804e-01	   7.0064122855536504e-01	  -1.0868252940132836e-01	  -1.9282819110812779e-02	   4.3228882623328374e-01	   5.8023517511571665e-01	   3.6486581846711180e-01	   4.1139688433631572e-01	   5.1712031639099587e-01	   6.0108127177952553e-01	   6.1690798342239050e-01	   8.8279625987164256e-01	   2.7468632290145167e-01	   3.1006707899687697e-01	  -1.1757775881343582e-01	  -4.1520071530427916e-02	   1.4071800630548140e-01	   1.0593462653751384e-01	   1.0221107439686655e-01	   2.3307791096739175e-01	   2.5920002899951311e-01	   4.6072851957332173e-01	   1.7767571063433246e-01	   1.8509087512975272e-01	   1.9039494792686934e-01	   1.7261043808414336e-01	   2.4422043971826946e-01	   1.9904414033305312e-01	   5.9149646130365485e-01	   5.1083718884517659e-01	   3.7249288488615190e-01	   4.1783068226376019e-01	   6.8440250558041782e-01	   5.9098415538480231e-01	   4.7237884870214103e-01	   4.1882660446117476e-01	   6.6423582839371809e-01	   6.2551482248770129e-01	   8.0470335905406587e-01	   8.6240559454579502e-01	   3.6690573711555619e-01	   3.5511810842227443e-01	   3.7712388278816657e-02	   7.7050657744912140e-02	   3.5465373507359693e-01	   4.1237820505853978e-01	   4.0377282428921041e-01	   2.9367422660403569e-01	  -1.5654003849515555e-01	  -6.4317706076392122e-03	   4.1597142997364556e-01	   4.8641191922036708e-01	   6.3574031679976517e-01	   6.5032318470372352e-01	   7.1150248691980467e-01	   7.9275224279573198e-01	   4.5371295970610542e-01	   5.5330452796540208e-01	   3.3839464699151217e-01	   2.2309214430155364e-01	   4.7931945630935852e-01	   4.0322670884754530e-01	   3.2166745775515859e-01	   1.1158542441351070e-01	   1.6184775365670371e-02	   1.2357635419887050e-01	   3.0530094081596698e-01	   4.1852643519119087e-01	   3.8668623847129835e-01	   4.8546034438090269e-01	   7.3007445563903106e-01	   4.8537077486022312e-01	   2.6264281120914212e-01	   2.1972601716607082e-01	   4.9994978595110262e-01	   3.7365150441221551e-01	   7.6708833919218056e-01	   1.1417622603067614e+00	   8.8086767697901891e-01	   9.8183496268023807e-01	   7.4173022830884242e-02	   3.6736155855899504e-02	   3.7247097659941847e-01	   4.3212739800355215e-01	   6.4453087818019150e-01	   7.0802944235556298e-01	   6.6538633759827703e-01	   8.7503549050993046e-01	   7.2563821459886724e-01	   6.9198689048609430e-01	   3.2207958514741480e-01	   3.2985736835391760e-01	   3.7288110419371229e-01	   4.6064795372479123e-01	   1.6616373416430374e-01	   1.9962754006251041e-01	   5.0103488675909191e-01	   7.1782771387564770e-01	   8.8142962336423447e-01	   3.8572673848272820e-01	   4.1107916666192690e-01	  -1.9250731031570534e-01	
   4.3879687846763010e-01	   3.5129226692497778e-01	   3.8811461138372411e-01	   6.7951421232900733e-01	   8.8310260880635461e-01	   7.6365338421264484e-01	   8.6650202894181960e-01	   8.8371754124230129e-01	   1.1831825918879626e+00	   0.0000000000000000e+00	   2.3581919113431818e-01	   2.4558049768844656e-01	   4.8404082977238494e-01	   3.5583290374102267e-01	   7.8597354526570695e-01	   8.2516208957380244e-01	  -8.8343594449819207e-02	   1.5764510457679907e-02	   5.0761150653919374e-01	   6.8739973538014432e-01	   3.2613190573219719e-01	   4.0264976759560056e-01	   3.0170106616299192e-01	   4.8733156391600652e-01	   4.4511642569032395e-01	   7.6363614714184225e-01	   2.1603116480025070e-01	   2.4036288692985747e-01	  -6.7661564584172787e-02	   9.1382021153826903e-02	   1.2380160520146528e-01	   8.5248195570800475e-02	   1.5912404173304953e-01	   3.6622428780891847e-01	   1.5854528688395092e-01	   3.9992274473699257e-01	   9.5143452262139869e-02	   1.5674979951991508e-01	   1.5707922527731324e-01	   1.7214012133397427e-01	   2.0083273543934985e-01	   1.3887153067732921e-01	   6.0512657900142131e-01	   5.4482101291413820e-01	   3.6226453709716305e-01	   4.5283754043482838e-01	   7.4147720076988566e-01	   5.7290784713800791e-01	   5.3487865925628175e-01	   5.5270799947272264e-01	   7.8497124451682088e-01	   7.7216588118536822e-01	   8.2405565957900251e-01	   7.3803006842350460e-01	   4.1059373081152417e-01	   3.8315982419459543e-01	   4.2055897359263517e-02	   1.4162394266777087e-01	   4.0686615617456023e-01	   5.9270605079502336e-01	   4.2704405258741140e-01	   5.5942565001392319e-01	  -3.6934440271075050e-02	   1.0807948021208623e-01	   1.8996338506575397e-01	   5.2452976216030756e-01	   5.7416088597043990e-01	   6.9407071293927902e-01	   6.1583533199137086e-01	   6.8248063960174465e-01	   5.5471783790637141e-01	   5.8266135080767900e-01	   2.7617644910964773e-01	   3.2927234156012830e-01	   4.8061059197160394e-01	   5.2459590841905723e-01	   3.1270837582792732e-01	   1.5923299355193662e-01	   2.3012779462887340e-02	   1.4168204382172561e-01	   3.4724127419625567e-01	   4.1736745421986227e-01	   2.9139019155776169e-01	   4.6786095475174300e-01	   5.4607292540505403e-01	   4.6202114070193567e-01	   1.4153043193306705e-01	   1.3278600327461262e-01	   4.4085789108381768e-01	   3.8679987523418019e-01	   7.6145283759274607e-01	   9.3500223746445399e-01	   7.6712695631545991e-01	   6.0494205572036208e-01	   1.5716501135754748e-01	   1.0526834502840267e-01	   3.9560198247357919e-01	   4.2990966017859972e-01	   6.7657668166007012e-01	   7.0098627169692340e-01	   7.5189256377312852e-01	   8.6253749163038407e-01	   8.2694286471461609e-01	   8.1341671371177904e-01	   3.2368060763269724e-01	   2.1506514432189838e-01	   4.3307417192656955e-01	   4.7086281947976105e-01	   1.3730717731385314e-01	   2.6722030202936703e-01	   4.4660448272585068e-01	   6.3649370642040071e-01	   7.6506356077378901e-01	   2.5758318260272617e-01	   1.8744159566464549e-01	  -2.6275311970749926e-01	
   6.8663023882256757e-01	   5.5132148525775215e-01	   3.5310687401928303e-01	   4.3783016601362368e-01	   1.1289888626457198e-01	   7.0095652448042556e-02	   6.2438748927205523e-01	   6.1756382246206498e-01	   1.6393996099961641e-01	   2.3581919113431818e-01	   0.0000000000000000e+00	   8.4129964475515062e-01	   1.3662133731747850e+00	   9.5623485972291300e-01	   4.1764187500340766e-01	   4.3453847008913837e-01	   2.7801327002980813e-01	   4.5753268381649531e-01	   5.2255451658275176e-01	   4.4920975506285221e-01	   1.9632843778899789e-01	  -6.0526726303188746e-03	   4.3791754941040062e-01	   4.0060533606507764e-01	   1.5217090969010968e-01	   1.8996021446594991e-01	  -1.8986008186725217e-01	  -2.4872013951695812e-01	   5.7032201195426213e-01	   6.2051046853151215e-01	   5.8614486020818157e-01	   4.9607883520727736e-01	   6.5589412687583559e-01	   6.5367321569412951e-01	   1.8703503078291880e-01	   7.0113159525729010e-02	   1.1696936899878982e-01	  -5.3103713579156532e-02	   3.9443172510989839e-02	   5.7827753012793616e-02	   3.3338141885287648e-01	   2.6376523172345862e-01	   5.8118922801164430e-01	   5.6356818740654879e-01	   4.1080658468616521e-01	   5.5807437635402546e-01	   5.2043015002408299e-01	   4.7527538010976206e-01	   5.9944016013363910e-01	   5.5826720608640468e-01	   5.4560076558251502e-01	   4.5938774312559538e-01	   3.5369407295571242e-01	   3.3292723578790684e-01	   2.7703350525105019e-01	   2.9716649904104964e-01	   2.5216472481331409e-01	   4.3101726570119892e-01	   1.9981576594722414e-01	   2.3536309048532988e-01	   7.2990134865237832e-01	   5.2976023258544969e-01	   4.8406794441294243e-01	   5.0493784375354156e-01	   1.8831020924919034e-01	   3.2347531365285503e-01	   3.2386884551277761e-01	   3.5474905538481005e-01	   1.5586722717454643e-01	   9.6205270405264179e-02	   3.1399730322924152e-01	   1.2770173369289961e-01	   7.5632758332896677e-01	   7.5537079043335120e-01	   8.8551026109017028e-01	   7.8760865555705806e-01	   2.4193509502862234e-01	   9.5462558519850457e-02	   4.5093506803410199e-01	   5.1170135795512428e-01	   5.8085460175521431e-01	   5.0125773732669177e-01	   4.0295595827324338e-01	   3.8235114440903023e-01	   4.6452741520768204e-01	   2.9539014971282251e-01	   4.7614026427867445e-03	   2.8322227959006765e-02	   1.7818052959391642e-01	   2.1487938299420040e-01	  -8.0109767187346317e-02	   1.8308603211654120e-01	  -1.6983395580259370e-02	  -6.7624164347111188e-02	  -2.6208651794698523e-01	  -2.6587428011459058e-01	   3.1248679100699794e-01	   2.2790061748271273e-01	   4.7109744717197732e-01	   4.1565889858254956e-01	  -1.0717973143820586e-01	   8.8002736722094049e-02	   1.9054645197155379e-01	   2.0755864618289327e-01	  -1.2665494334580546e-01	  -3.6709956095138496e-01	  -2.9552108286813600e-01	  -2.9472501825069897e-01	  -4.9763667646035087e-01	  -2.5507231703548583e-01	   2.9611994214810400e-01	   4.1237043585617184e-01	   2.8625068740157983e-01	  -1.8708785253576846e-02	   5.2608104606550181e-02	   7.5229157304152056e-02	
   6.6837376968043649e-01	   6.3691715184852693e-01	   3.7234915171504124e-01	   7.1169361515323948e-01	   1.1677116011337121e-01	   2.1026458468354914e-01	   5.7367586458251651e-01	   8.4676552008666739e-01	   1.1246024281275302e-01	   2.4558049768844656e-01	   8.4129964475515062e-01	   0.0000000000000000e+00	   8.4413995518095186e-01	   1.1052537626701022e+00	   3.9056665350627945e-01	   5.5156209080685681e-01	   1.7648718893435605e-01	   3.3966190219604991e-01	   5.6371387904732606e-01	   5.5372810622327973e-01	   1.1695894694473002e-01	  -4.9029479512470086e-03	   4.7367968771192215e-01	   5.7774807805151551e-01	   1.1542091920448928e-01	   1.9734527049783029e-01	  -7.1172392541971968e-02	  -1.2735735969249490e-01	   3.2704961741095928e-01	   4.7281770165610804e-01	   4.5809351062495673e-01	   4.3312354930463121e-01	   7.0991851151646501e-01	   7.3484588620714864e-01	   2.4182554205259377e-01	   1.5220190640217565e-01	  -1.1290471552601392e-02	  -1.1546017613975915e-01	   2.2053801217904934e-01	   3.3680144925397032e-01	   3.9266046713817271e-01	   3.9855398276947418e-01	   6.0794419480600748e-01	   6.0344128724010226e-01	   5.9953018767927602e-01	   7.7921163501836366e-01	   5.2791260448802380e-01	   5.6095508174380204e-01	   8.3978480076338147e-01	   7.4198333033221497e-01	   6.7062613064644849e-01	   6.7844212674181370e-01	   3.9800823934530283e-01	   3.6025068224991214e-01	   5.4443949623957111e-01	   5.6246450190527320e-01	   1.6188689928866026e-01	   3.1328756348135334e-01	   3.7172324679763319e-01	   3.9696725290973467e-01	   6.8577307455825698e-01	   7.6789355950261551e-01	   4.9982827211341230e-01	   6.3353202653016549e-01	   2.0002173120164729e-01	   5.5639934316532169e-01	   4.8883400143512712e-01	   5.9833413064004815e-01	   1.9909888836421299e-01	   1.2806162032212901e-01	   2.2762513940275636e-01	   1.5017190769810315e-01	   6.8189822209228812e-01	   5.6465945493759340e-01	   6.3600089324836073e-01	   6.3379966360383277e-01	   2.2107829049661415e-01	   1.0494580260059537e-01	   2.3312748441578388e-01	   2.9898521474124284e-01	   5.8027042281419838e-01	   6.4804135810498054e-01	   4.4054788570623121e-01	   4.8677170101722628e-01	   5.1697866591111430e-01	   5.9213676700536866e-01	   2.9765752011735030e-01	   2.6778319809689599e-01	   3.2659849502004462e-01	   4.9959792349810811e-01	  -8.0742737205355949e-02	   9.8084267039784026e-02	   1.1680790829207114e-02	  -8.6586971704225565e-02	  -1.4063500113483762e-01	  -7.2520450335065531e-02	   3.8079752404815920e-01	   3.9863849685849512e-01	   5.4650251718105858e-01	   4.8204193725679290e-01	   1.8687930020549220e-01	   1.9790367502921788e-01	   3.3891300016477277e-01	   2.5975958644721531e-01	  -1.2646375239759924e-01	  -4.6017121108242182e-01	  -8.0466098279255265e-04	  -7.6691540557187647e-03	  -2.6133507478363482e-01	  -1.6366304431481096e-01	   2.4270194884218738e-01	   2.8664760801828415e-01	   2.4336738150146958e-01	   1.1739993109592836e-01	   2.2979006502745522e-02	  -1.5792062764259238e-01	
   5.6075842118452479e-01	   4.4098712698204717e-01	   4.2333818541109663e-01	   5.7683132622872091e-01	   2.5262879688803197e-01	   1.2976210255341122e-01	   9.2514910368036396e-01	   9.2921705553825584e-01	   3.4407228105416282e-01	   4.8404082977238494e-01	   1.3662133731747850e+00	   8.4413995518095186e-01	   0.0000000000000000e+00	   1.1868096269692765e+00	   5.1346455409017777e-01	   5.2912574052274464e-01	   9.4174230665047612e-02	   2.7885051025856256e-01	   5.3758150314464415e-01	   5.1290540800209383e-01	   1.1224217411004893e-01	  -4.5542307629696355e-02	   4.2439603404222781e-01	   4.3593780832614271e-01	   2.0707769395588235e-01	   2.9200110478094377e-01	  -2.3171857922767722e-01	  -2.8673827709770983e-01	   3.8784663267872932e-01	   5.2518373012517516e-01	   5.7359887080085015e-01	   5.1826610896514680e-01	   6.5115627012098554e-01	   7.7084231936430836e-01	   1.6851953475157749e-01	   1.5821122303007043e-01	  -4.1892707037703087e-03	  -1.5240965914397572e-01	  -2.2099071380894206e-02	   1.3096527177953199e-02	   2.0685478707760649e-01	   1.5447142654980284e-01	   6.6747171676728334e-01	   6.8662967086661564e-01	   5.6845141029973068e-01	   7.0055880308144114e-01	   5.5712364565514927e-01	   5.1055794162211166e-01	   7.6051646007527718e-01	   7.2768384186238966e-01	   7.7769704683750263e-01	   6.7884847959263339e-01	   3.9941932836042277e-01	   3.3870357132100204e-01	   2.6325537955548606e-01	   2.6926452839459120e-01	   7.5261463951186991e-02	   2.3819759126098045e-01	   3.1963341949481711e-01	   3.6021678657291195e-01	   9.0447592322684833e-01	   7.1308525063863615e-01	   4.0190407724940191e-01	   4.6064753159404837e-01	   1.8662464841708901e-01	   4.9625315389641911e-01	   5.1641955283903840e-01	   5.3931278465458621e-01	   2.4184560582626538e-01	   1.5604814224936073e-01	   3.3528403809863877e-01	   1.4658125343856968e-01	   7.8500029621367928e-01	   7.6172489914548536e-01	   8.6064741782694343e-01	   7.4602030666724928e-01	   2.2125710195924372e-01	   5.7430217320778049e-02	   2.4762520574720873e-01	   3.7632061083463220e-01	   5.0186524748138195e-01	   5.0048024651478973e-01	   2.9475191639184922e-01	   3.1145609760403092e-01	   4.6110533600995640e-01	   3.1655715668746476e-01	   5.6111640385909335e-03	  -3.9673145224637156e-02	   1.4997710910481130e-01	   2.0422571855472005e-01	   1.8140936109207133e-02	   2.4380803835265563e-01	   3.2606194074497864e-02	  -1.0129695356605352e-02	  -2.2966027192904759e-01	  -2.1694204208190385e-01	   3.0212111419130805e-01	   2.1134758801689929e-01	   5.0106962728971283e-01	   4.5318921028674997e-01	   1.1354740233715745e-01	   3.1608693251982334e-01	   4.3328246825102157e-01	   4.2891420352080301e-01	  -1.2124029401042050e-01	  -4.1394439694842344e-01	  -7.3063620466613841e-02	  -7.4294068595697038e-02	  -3.7197867776483606e-01	  -3.1484893218488835e-01	   2.4187190560045238e-01	   3.8878812021382608e-01	   3.1112973250259879e-01	  -2.3183565336558628e-02	  -8.0865008512479939e-03	  -2.8696714697292774e-02	
