   0.0000000000000000e+00	   7.9574503725533574e-01	   7.5985377512328989e-01	   3.4947245917840547e-01	   4.9988742232879602e-01	   3.3291627306183835e-01	   6.7279601744643214e-01	   1.6282475159182408e-01	   4.4899835791775061e-01	   2.4599190883665228e-01	   5.6026591881181176e-01	   1.0586283774187170e-01	   3.4578562508223959e-01	   2.9463798466567107e-02	   5.4643184026300051e-01	   3.6686052841340250e-01	   3.0737103682703182e-01	   2.4142755158386084e-02	   1.0977268697901299e+00	   6.5474193986275564e-01	   2.6304637910435275e-01	   3.1223675887887425e-01	   5.2672419553001637e-01	   2.8171400225118393e-01	   4.4266282608961527e-01	   4.6142995629564731e-01	   6.4481749404749267e-01	   5.8129491206572970e-01	   3.3428650497500667e-01	  -3.6328353859319790e-02	   1.3789774219752404e-01	  -4.8896075074108987e-03	   3.3241623067412479e-01	   7.6108399099053814e-02	   1.9579109685124785e-01	   1.0458850797612064e-01	   4.1871342616888019e-02	   1.6453406308426943e-01	   2.7188754581617275e-01	   3.9928988415522437e-01	   2.7278644128007651e-01	   3.5251787063015072e-01	   2.3155739817166937e-01	   1.2176756999099284e-01	  -9.8599961761588473e-02	  -1.0026759391928383e-01	   4.2286420429380944e-01	   1.5863246610761034e-01	   7.7969604581994640e-03	   1.2212825475003630e-01	   3.7494335590133726e-01	   3.3134835627575637e-01	   6.6024731373540535e-01	   4.5771341218832012e-01	   6.5567865481173060e-01	   4.1655201978619999e-01	   6.8122359905063068e-01	   5.6622756585083289e-01	   8.4820521872682730e-01	   5.4317407547391339e-01	   7.2149927091686361e-01	   7.5465353833022386e-02	   3.9259021772661484e-01	   1.8727156998394701e-01	   2.4982560887233085e-01	   4.2487349762345824e-03	   4.7151657812434777e-01	   2.2054663531657626e-01	   7.8322677718795075e-01	   6.5189212489959769e-01	  -1.1948356255484574e-01	  -2.1109046218625688e-01	   5.2840421833133666e-01	   2.7945528330666203e-01	   6.0130550893212553e-01	   3.2746587547819928e-01	   3.3839684085087712e-01	   2.3038237460645108e-01	   2.0355636451471043e-01	   1.8059111576965217e-01	   3.3328291237633240e-01	   4.0556491887442270e-01	   5.9658226085744837e-01	   3.6969918536207069e-01	   6.2688544419209502e-01	   5.3221538661174528e-01	   4.9302400250073575e-01	   4.5250885280977449e-01	   6.9911179507512300e-01	   7.3627582424451599e-01	   3.5136934011568433e-01	   4.5768078989863858e-01	   1.3515793927803932e-01	   4.4215093763577340e-01	   2.4279474872052183e-02	   4.5057515062711093e-02	   3.8544870234611550e-01	   3.1063591352195269e-01	   3.7492608140872252e-01	   4.3620724249301890e-01	   2.6951794900821846e-01	   4.3882623220174405e-01	   5.2147515971942549e-01	   3.9260612770111414e-01	   4.0852498092480219e-02	   3.8415898637596054e-03	   4.6438414590471565e-02	   1.3649369812491785e-01	  -1.0002083288702174e-01	   2.0347676941448407e-02	   2.6215475154042894e-01	   4.0128478330569844e-01	   5.9329709760709082e-01	   3.3972064820425740e-01	   1.8935401228480037e-01	   6.3093341959064603e-02	
   7.9574503725533574e-01	   0.0000000000000000e+00	   3.1799308542788951e-01	   2.5043629405838985e-01	   2.2504170863384826e-01	   7.8433692164435770e-02	   2.5370953224697479e-01	   1.7221703811642097e-01	   1.5422242262589586e-01	   7.7962637532949963e-02	   1.0271675429254026e-01	   3.3245705537859810e-01	   6.4906430050594238e-02	   2.9070310562424345e-01	   2.0271407791140672e-01	   1.8083056169561648e-01	   2.8670196856822433e-01	   3.8170317836467327e-01	   5.8260582377691195e-01	   6.6915962342937907e-01	   1.1504693960676290e-01	   1.6564371715515402e-01	   2.2618183177799084e-01	   1.3007804733765213e-01	   2.9300031544136013e-01	   1.8261754584505846e-01	   4.3524678404613171e-01	   2.7549225600632082e-01	   2.6322195603894316e-01	   2.4579711079373573e-01	  -1.0506045000177053e-02	  -1.2288636914705803e-01	   2.0756465908159180e-01	   3.7581711391859181e-02	  -6.5324828639977975e-02	  -8.8840569876503822e-02	   6.0935830578566594e-02	   1.3024252888199748e-02	   1.1718088564716800e-01	   1.2952305844113537e-01	   1.9434209244416589e-01	   1.1380127235017405e-01	   1.4720264299689785e-02	  -1.0685403802223267e-01	  -1.0013098113571041e-01	  -9.6315381773327657e-02	   1.7521624678913009e-01	   2.7773134418357187e-02	   1.3446468768991895e-01	   3.0638028572401116e-01	   3.4198606882054383e-01	   4.0031343209749159e-01	   6.3126766592848549e-01	   4.5296507821629117e-01	   5.8904050371947791e-01	   3.6142932942531164e-01	   1.0436341915095455e+00	   8.8369017238004410e-01	   8.4810259637837881e-01	   6.9740009190633334e-01	   5.6241057488853496e-01	   8.1432263042475458e-02	   4.9148874573309886e-01	   6.6232953371808445e-01	  -1.1676792691370468e-01	  -1.9210821231358408e-01	   2.5420730286729043e-01	   8.4994788743539412e-02	   5.5113745165886585e-01	   6.1982030856012504e-01	  -4.3411662799158940e-01	  -3.7875722850357352e-01	   4.3627599381108345e-01	   4.4903623276776350e-01	   3.4383367587216829e-01	   4.2829873296851334e-01	   6.4559311957735468e-02	   1.6472285238588419e-01	   3.3548245178549624e-01	   4.1726013456567801e-01	   3.9567220989930885e-01	   4.9617541292804473e-01	   3.0465937784578567e-01	   3.3261382377388210e-01	   2.0965630064264917e-01	   2.5414695979825974e-01	   2.7604762383774584e-01	   3.3788986718585606e-01	   3.6325874434156391e-01	   5.7941854057729292e-01	   4.4598680710242922e-01	   3.2310361782811481e-01	   5.9053007505721088e-02	   1.9918415049616650e-01	  -1.0540794751072154e-01	  -2.4232135998575571e-02	   2.0012886951986147e-01	   2.3334680086739018e-01	   4.5603363149758941e-01	   2.7232767148581705e-01	   2.0394712707695517e-01	   2.3720003656918442e-01	   3.9777302902775968e-01	   2.0256503569716949e-01	   5.5406270230177593e-02	  -2.5233483744641672e-02	  -3.5084434540737459e-02	  -2.1029234996047252e-02	  -1.4769289526652768e-01	   1.6636688019436931e-02	   7.1624064207067351e-02	   3.1267422069014550e-01	   3.1402997884668754e-01	   7.7073648472696044e-02	  -1.6719869702068114e-02	  -6.7986599585760851e-02	
   7.5985377512328989e-01	   3.1799308542788951e-01	   0.0000000000000000e+00	   6.9828210715319561e-01	   6.6221891230843899e-01	   3.4574640910832161e-01	   8.7284205244168156e-01	   1.5254760220662767e-02	   5.4412546362376690e-01	   8.8123167246811129e-02	   5.7340623569905247e-01	   5.7875457110808999e-02	   4.0726820844850103e-01	  -1.3466003576799149e-01	   7.7845173894988640e-01	   5.3856568394413962e-01	   1.2503516571689882e-01	  -4.6176308465183030e-02	   7.6866868330906135e-01	   7.1088502503469830e-01	   3.2829210885660243e-01	   2.9422769077928279e-01	   1.4490349315704600e+00	   8.3962569913974061e-01	   7.4182230731336363e-01	   7.2589536666658339e-01	   7.8044330218865254e-01	   6.2407701436776142e-01	   6.0939720694684535e-02	  -2.3552620731301266e-01	   4.0828279634399123e-01	   2.7024602708315271e-01	   4.0520456371787722e-01	   1.5831811114068137e-01	   7.6904249046743345e-01	   4.3590936571621591e-01	   1.2304203531112626e-01	   2.4304847281631123e-01	   3.6241475463735889e-01	   3.9352884258682785e-01	   2.8953372141354639e-01	   3.2837244990095643e-01	   8.0124288866154358e-02	  -6.2567431195863679e-02	  -1.5833490738347550e-01	  -1.9587028043975308e-01	   2.3427516857131570e-01	  -4.5241146383516572e-03	  -1.6043516297737390e-01	  -9.4979655029135232e-02	   1.7221880447000903e-01	   1.6506462153183649e-01	   3.1428397715523498e-01	   3.6045282230832715e-01	   2.2030073184484722e-01	   1.0438336656867145e-01	   2.4647198728388792e-01	   2.6263765300267872e-01	   2.8933589710593655e-01	   1.6112758582929715e-01	   3.1415156849707665e-01	  -9.8038270154925597e-02	   1.3185669275205186e-01	  -9.8399036593980416e-02	   8.8944943422191169e-01	   3.4235712217316022e-01	   5.2516107809405532e-01	   2.8337550249637772e-01	   8.5039122025754854e-01	   6.8585738600512114e-01	   1.4751684197893428e-01	   1.4138729641269479e-02	   3.8572285426324249e-01	   2.1968173586462930e-01	   4.9927180691936335e-01	   4.1295180057008879e-01	   3.2254260390471873e-01	   1.5768259719081967e-01	   1.6609190374963290e-01	   9.3531486142678893e-02	   2.6055037010067100e-01	   4.2588222869995973e-01	   7.6213934828518937e-01	   5.2537008104156313e-01	   9.0425476812886707e-01	   6.1701239892133664e-01	   6.8357263617005704e-01	   5.7871483723832562e-01	   6.7627230301302044e-01	   5.6761598582662098e-01	   2.3814017035932580e-01	   5.9916839157888258e-01	   3.5670514224973948e-01	   9.8356710404497238e-01	  -3.7179075102855584e-02	  -5.8638005144864842e-02	   3.2863692173120668e-01	   9.8760132154364355e-02	   7.8230571674481733e-02	   2.0304323075481584e-01	   3.5956498234843459e-01	   5.4876133566921581e-01	   5.6455194272257692e-01	   4.8558288953440110e-01	   1.8962128336256412e-01	   1.5965776300221279e-01	   2.1829894432976629e-01	   2.6858076288758576e-01	  -1.5369933648989093e-01	  -7.0462147240328107e-02	   4.7182141656806076e-01	   2.8843722113238190e-01	   4.1584223369604822e-01	   6.2148618831352154e-01	   3.3551973925309697e-01	   1.4222421419499759e-01	
   3.4947245917840547e-01	   2.5043629405838985e-01	   6.9828210715319561e-01	   0.0000000000000000e+00	   3.7852844162588806e-01	   6.1500473830202873e-01	   5.4538413472162861e-01	   4.2267925977638188e-01	   2.7633762405996676e-01	   2.5982382478770927e-01	  -9.4380138990888277e-02	   4.0315097768905533e-01	  -1.7321330770970977e-01	   1.2641187810721224e-01	   1.5549108017293259e-01	   6.1737254932933405e-01	  -3.3339865799104410e-03	   1.0940546554485108e-04	   5.4882010615397669e-01	   9.9611383657112185e-01	   4.4522309320891029e-01	   4.5178398740373726e-01	   7.0543684377723925e-01	   1.3007824240733623e+00	   5.3990375305399785e-01	   6.8134538346835294e-01	   3.8836906562712220e-01	   4.5069840227285968e-01	  -2.5602066042015248e-01	   4.2224158508099859e-02	   4.5659824564889706e-01	   4.9832417010492414e-01	   4.7564185912428047e-01	   3.7311844625589818e-01	   4.5135410286923777e-01	   3.6932292264211025e-01	  -1.6630831621901893e-01	   1.2641675022929036e-01	   7.3094826686878223e-02	   1.9889971020900057e-01	   1.3598844418774012e-01	   8.3108867610477963e-02	  -6.7071534524375406e-02	  -2.2127894967402348e-01	  -6.8397108585811980e-02	  -7.7394658914019157e-02	   3.7837034201900481e-02	  -1.0884578640881212e-01	  -6.5984345310994105e-02	  -6.5550980547636514e-02	   1.1655660444844883e-01	   1.8415428943499007e-01	   1.3540102541096594e-01	   2.9788843714033181e-01	  -3.3738084171668230e-02	  -1.5954319892563879e-02	   2.8055613768652915e-01	   1.8436166201306028e-01	   1.8197026148728102e-01	   1.5116214802748720e-01	   1.6021814376220125e-01	  -5.0608779252188915e-02	   2.3594892870030176e-01	  -1.6626347042378989e-02	   5.8551216611468893e-01	   8.6131491543704941e-01	   6.1710707088189554e-01	   5.6866116250242282e-01	   6.8683824690790551e-01	   6.4666785336305532e-01	   1.1503811671717394e-01	   1.6436287479624903e-01	   1.6386049602767636e-01	   2.2180197428287338e-01	   1.5151570881438378e-01	   4.2670647655953320e-01	   1.5205109621827106e-01	   1.7192627898228102e-01	   1.9582727877405767e-01	   1.4324485125276501e-01	   3.3991217580756672e-01	   4.2834730975572077e-01	   1.7276136594635574e-01	   5.6301227894252481e-01	   3.7725215359490100e-01	   9.5540712360980362e-01	   2.9082983426412112e-01	   6.5696413741732640e-01	   3.7062019050025657e-01	   3.7535083925113283e-01	   3.2521383203668131e-01	   4.4148304792235116e-01	   7.6811775837114238e-01	   4.9561103911136284e-01	   1.0944379299568832e-02	   4.8596525137746061e-03	   2.4367288245590518e-01	   1.2835842743215442e-01	  -3.8667687144006202e-02	  -1.1819696710002690e-03	   4.9041514475907622e-01	   2.8921356897083317e-01	   3.3916678710393922e-01	   3.7809194905137211e-01	   2.5846270553471984e-01	   2.6880656309601464e-01	   1.8628793532925531e-01	   3.7407485038211963e-01	   1.2000371671898179e-01	   2.1952419917405741e-01	   3.0382396858138355e-01	   2.1253921201475934e-01	   1.3343737863730909e-01	   3.5044022692061255e-01	   2.4697550025122988e-01	   4.4872450638235709e-02	
   4.9988742232879602e-01	   2.2504170863384826e-01	   6.6221891230843899e-01	   3.7852844162588806e-01	   0.0000000000000000e+00	   8.9895876912430206e-01	   5.3482157062042535e-01	   2.0937519756655870e-01	   1.2122295924912316e+00	   7.3127763660220602e-01	   3.9612984475046242e-01	   1.4616268626657569e-01	   4.4098991346820560e-01	   6.9499489868522044e-02	   8.6445309895844347e-01	   7.2563895658444499e-01	   3.6621203084588197e-03	  -1.0984969450731560e-01	   5.7308346959310641e-01	   4.1382217025045753e-01	   4.8264591786585354e-01	   5.2540922328231865e-01	   5.4474535310618621e-01	   3.9295961752171399e-01	   6.4987528196917721e-01	   7.2345648602074075e-01	   9.1800487803850739e-01	   9.6604250556337179e-01	   1.8543907237930801e-01	  -1.1138285823307940e-01	   2.1993728556454553e-01	   1.7342338898960766e-01	   2.9502872515249512e-01	   1.5324380183073932e-01	   5.0559353750197300e-01	   3.6294604215209630e-01	   8.1143088798884502e-02	   1.1515277939623079e-01	   3.6998192995723972e-01	   3.2567934440734225e-01	   2.0434799118028443e-01	   2.0176091456743536e-01	   2.3483184338974918e-02	  -1.0774654491959126e-01	  -2.3675503509017859e-01	  -2.3275097051464347e-01	   1.9191094769861050e-01	  -1.3308802171934825e-01	  -1.8026762091313564e-01	  -1.3324069431335715e-02	   1.2340939484833000e-01	   1.9087593946941672e-01	   3.7856643618983810e-01	   4.1725785734873289e-01	   2.4806121557400507e-01	   1.2109194549066972e-01	   1.1220430989291363e-01	   1.0038435461270948e-01	   2.2617669877420693e-01	   1.2568219477262638e-01	   2.8321795688705198e-01	   1.5503966172553554e-01	  -1.2155117959335780e-01	  -1.6447078307756416e-01	   5.3424477896500355e-01	   2.8659092776194472e-01	   1.7698471379188255e-01	   5.3069419142320516e-02	   5.4322784271263713e-01	   3.7508823764713994e-01	   1.6357993083354061e-01	   1.5094847122281022e-01	   2.3138909392010179e-01	   7.2733342996055272e-02	   3.6429724424027937e-01	   7.1013405132700172e-02	   2.2020795888991099e-01	   1.2237109236548281e-01	   1.9732914271195237e-01	   1.3061518549207829e-01	   1.7412146599256109e-01	   3.4707644456224668e-01	   6.1362711872442033e-01	   5.0464945380418225e-01	   5.0512279602445864e-01	   4.1207132493555088e-01	   4.4768884294327538e-01	   2.9974988752997916e-01	   7.0811634531090262e-01	   5.4356822428902341e-01	   1.5589464634954489e-01	   3.3886562024969519e-01	   2.8922747710220126e-01	   5.6931176116690196e-01	  -8.9744066748874002e-02	  -6.7747427406661953e-02	   1.4971826708362451e-01	   4.0187548081420235e-02	   9.9094778092805369e-02	   1.6964309108082198e-01	   2.7204184619725280e-01	   3.3097413049284041e-01	   2.4044712256539807e-01	   1.4834598851581629e-01	   6.9993970208149986e-02	   1.7781970426180793e-02	   1.1621897687465443e-01	   1.0086496824264911e-01	  -1.7780023359975144e-01	  -1.3515940718309449e-01	   1.2236482092840180e-01	   2.1486203805956802e-01	   5.0244173955146365e-01	   3.9051444062159218e-01	   2.4222411607282959e-01	   8.8908258529666370e-02	
   3.3291627306183835e-01	   7.8433692164435770e-02	   3.4574640910832161e-01	   6.1500473830202873e-01	   8.9895876912430206e-01	   0.0000000000000000e+00	   4.2438540657432067e-01	   6.1948157512289415e-01	   9.3582204972533967e-01	   1.3207162794957410e+00	   2.7613098422004101e-03	   3.0649051826805951e-01	   1.3115187054271935e-01	   1.9570139319926844e-01	   4.1727038994925564e-01	   8.5160482730298215e-01	  -1.1998491292071876e-01	  -1.3164486341141332e-01	   5.4261672278319684e-01	   5.0538411274558592e-01	   4.3992051405114579e-01	   6.0810315331057541e-01	   2.9352006452146734e-01	   4.8639953576494965e-01	   2.9396472849862465e-01	   5.7746840299131008e-01	   4.2436517505952664e-01	   6.8906162197628074e-01	   2.9415483552979592e-02	   1.2280691187725563e-01	   2.6784305381113088e-01	   3.6596436171855629e-01	   3.3960400136662211e-01	   2.8389769178991603e-01	   2.8657866956269418e-01	   3.5802902929867098e-01	  -3.5555235553390387e-02	   1.5512393949793990e-01	   1.7725870449362716e-01	   2.5375384304022075e-01	   1.5955975962172306e-01	   1.0032533153208976e-01	   3.9139561040366901e-02	  -5.4289881073921971e-02	  -1.0439199622670978e-01	  -7.2286067958967873e-02	   1.2762101079558796e-01	  -8.0728630724303876e-02	  -1.4588358171852059e-01	  -7.0364770524562734e-02	   3.8926441884039951e-02	   1.2237401248286908e-01	   2.3870089908454611e-01	   3.6263137106520821e-01	   1.2316108512480164e-01	   9.2672056930556843e-02	   2.0605845938753992e-02	  -3.4535231054019518e-02	   9.2401537639387979e-02	   4.1715863411959764e-02	   1.8218514167029806e-01	   2.3851407024597121e-01	  -1.4210965396633001e-02	  -1.8109003220399206e-01	   2.8779101086734155e-01	   5.0931780465968779e-01	   1.2684596902810125e-01	   1.2593285404589194e-01	   3.6471578491006751e-01	   2.5143051394892091e-01	   1.5489198935299703e-01	   2.7546098421649823e-01	  -6.0047868571643577e-02	  -2.9755405461066027e-03	   5.0837353100089244e-02	   3.9579825484084959e-02	   1.8130740664533715e-01	   1.6705424566937471e-01	   1.4487117288615597e-01	   9.1715891154440399e-02	   2.8104861720235480e-01	   3.5399825619431763e-01	   2.8445556310262660e-01	   5.8786570363357071e-01	   2.4159914288815504e-01	   5.7054631354817398e-01	   1.9557558681332252e-01	   3.0833743971950778e-01	   5.9307438861223749e-01	   4.1847596636762685e-01	   2.8320560747147416e-01	   2.9739839966222015e-01	   6.4151465085292947e-01	   3.7782974902568245e-01	  -1.5732464282120214e-02	  -3.0137053020378272e-02	   1.3641139311259371e-02	   5.4299994696887781e-02	   1.2145433761623009e-01	   2.0630441198799360e-01	   4.6167288405344642e-01	   2.2630336255315575e-01	   1.5535664724204404e-01	   2.1854792047883248e-01	   7.2574990698684144e-02	   6.7470128456619344e-02	   1.2218249457063585e-01	   2.3619962842639347e-01	  -1.7006548023863456e-02	   3.6807506983139095e-02	  -2.1969769218684360e-04	   2.1424905985498530e-01	   2.6537710518910246e-01	   3.0169141930680110e-01	   3.2632678437286267e-01	   1.7068295574746126e-01	
   6.7279601744643214e-01	   2.5370953224697479e-01	   8.7284205244168156e-01	   5.4538413472162861e-01	   5.3482157062042535e-01	   4.2438540657432067e-01	   0.0000000000000000e+00	   6.1963417230472639e-01	   6.2652011914763017e-01	   3.0713389614238490e-01	   3.9436483200691358e-01	   3.1809995968266452e-01	   3.8239802236382303e-01	   1.3734575624010106e-01	   4.8251965417004727e-01	   3.8284101106084112e-01	   2.1099094066615676e-01	   7.5303354047104351e-02	   8.2008100246027582e-01	   6.4067190252216288e-01	   8.9933934951543263e-04	   2.4569422093727700e-02	   7.6811437319794873e-01	   5.6735179650493572e-01	   3.0990087972049024e-01	   3.4170525687317344e-01	   3.2802422298797340e-01	   2.6973996807931827e-01	   1.9488466516696354e-01	   2.7271401433775481e-02	   5.7233556183540668e-01	   5.5020142847385678e-01	   7.8216102624379991e-01	   6.1646505364704285e-01	   6.9084593707906683e-01	   5.7449260895660537e-01	  -3.5352939160318925e-02	   1.7201020998663902e-01	   2.2174313403393708e-01	   3.0854422323336761e-01	   2.4165639547498963e-01	   3.1269494156846722e-01	   1.6259641057358062e-01	  -2.1880768024540830e-02	   6.6985628919942072e-02	   1.2214157384433981e-02	   2.3348391775128008e-01	   8.9562635177992941e-02	   4.2338898022926348e-02	  -5.6834520948047293e-02	   1.5377784262930297e-01	   7.2673937862390015e-02	   1.4742411394878374e-01	   1.8001996440288939e-01	   1.9080830908189572e-01	   1.3432647099599548e-01	   8.1498607553913346e-02	   3.2572699268539465e-02	   2.8936541979819919e-01	   1.2323447510462482e-01	   5.0317000794883460e-01	   2.7653824941874050e-01	   3.8286986305777176e-01	   4.9026380751446240e-02	   6.1687298823582359e-01	   4.9591838765267748e-01	   6.6155693963898499e-01	   4.9456908590788384e-01	   3.7563915192216990e-01	   2.7057678460300000e-01	  -4.0859913893565095e-02	  -1.1399302319698842e-01	   3.4762807610371860e-01	   2.9088772373596189e-01	   4.5504212079751349e-01	   4.3194629821816999e-01	   4.0166682424764305e-01	   2.4238153734044460e-01	   7.1635391847373941e-02	   7.4895749800548417e-02	   3.0086694075747511e-01	   3.0025748061827184e-01	   4.7373905192086485e-01	   4.2949715731589660e-01	   5.5531370410520864e-01	   5.3681568658082290e-01	   4.3809848306390431e-01	   2.9711030873934041e-01	   7.3943572414180714e-01	   5.0652373025177866e-01	   2.6696749706571588e-01	   5.0732040243356313e-01	   2.5742591142936166e-01	   6.4490457114407729e-01	  -1.0777448317278561e-01	  -1.1062505531670097e-01	   5.2509233451076220e-02	  -3.3657807449995865e-02	   1.1482568225116808e-01	   3.1183396413969561e-01	   5.1321051538413620e-01	   8.8284171164933345e-01	   5.6605337452800841e-01	   5.5251604962187484e-01	   4.0982554856872536e-02	   1.8306952209703520e-02	   2.0300289453731923e-01	   2.6246593619882469e-01	  -1.6244159394171290e-01	  -9.9004471640309455e-02	   3.9111602469850421e-01	   2.7843260986547014e-01	   4.4461286587455096e-01	   3.5781193804818640e-01	   2.1186877677921978e-01	   1.7959290888653245e-01	
   1.6282475159182408e-01	   1.7221703811642097e-01	   1.5254760220662767e-02	   4.2267925977638188e-01	   2.0937519756655870e-01	   6.1948157512289415e-01	   6.1963417230472639e-01	   0.0000000000000000e+00	   4.0076644711521703e-01	   6.5815178787113404e-01	  -1.3830274628406045e-01	   6.3106549156112390e-01	  -1.3857365107321905e-02	   5.0020472142368999e-01	  -5.7760363851615308e-02	   2.1530698936215076e-01	   6.5511327240020220e-02	   1.6939531704623975e-01	   3.7317979247372235e-01	   4.0869725591491851e-01	  -1.7632957121548490e-01	  -2.6163899849438486e-02	   4.4161090270771239e-02	   2.3800195614075542e-01	  -9.7736572849159473e-02	   3.8410116537920085e-02	  -1.3010338635687618e-01	  -5.1227196597500281e-02	   6.6479733287048731e-02	   3.6974355977728834e-01	   4.1697387395823082e-01	   6.4008254917503482e-01	   6.0757691787132106e-01	   8.2171085327322779e-01	   1.8212953657453673e-01	   3.8519329749131775e-01	  -1.9770023532406900e-01	  -9.5752705046215204e-04	  -8.1707531710641365e-02	   1.7618446814912807e-02	  -9.8805203176123742e-04	   4.0598981396323577e-02	   7.2365431229308247e-02	  -2.8096627293188434e-02	   1.8137921956314476e-01	   2.0155315089472459e-01	   9.6276017282539053e-02	   9.4375076830943608e-02	   2.0559795109222276e-01	   1.0918048887999178e-01	   1.1076991574548499e-01	   7.8604026384204079e-02	   1.4957800281015381e-02	   9.6434932656336375e-02	   4.8805670995879152e-02	   1.1749646539262806e-01	  -3.4026577705520623e-02	  -1.1594941736884182e-01	   1.9794523816290566e-01	   1.3431490573482219e-01	   4.0076600990739536e-01	   7.2330943136192560e-01	   4.0249204752122958e-01	   3.2445824516081573e-01	   8.7551381770081260e-02	   6.3051639346681088e-01	   3.0381466262822721e-01	   3.7827298439684709e-01	  -5.3959713829246622e-02	  -3.4365935789255155e-02	  -1.1792131412638249e-01	   3.1352741181814157e-02	   6.0098112985189023e-02	   2.8330062271140816e-01	   8.8002626720914412e-02	   3.0530988934089848e-01	   1.8301622143648796e-01	   2.3104381078468555e-01	   6.4242113529969858e-03	   1.1984575112914263e-01	   2.7240960334268088e-01	   1.4232655390540569e-01	  -7.8932602515273509e-02	   2.2193566616136617e-01	  -1.4417758135468870e-02	   2.6409371165343692e-01	   1.7592632532978904e-02	   3.1227958407915667e-02	   3.3909300472737658e-01	   2.8594395889583624e-01	   2.8214107245601056e-01	   1.7294714123255400e-01	   3.4282125695977417e-01	   8.8923749229307167e-02	  -1.7632402359167990e-01	  -1.8657224772508849e-01	  -2.7296445097974109e-01	  -1.6370279905472668e-01	   1.1396623545692917e-01	   1.9975254062490039e-01	   5.5339570694314011e-01	   4.4997484620991707e-01	   1.7983847427299338e-01	   2.9358335429618837e-01	   9.2437009573568207e-02	   7.7016442637080504e-02	   2.5345633330100109e-01	   1.6027186784423839e-01	  -4.2139241509757425e-02	  -7.0242905718842286e-02	   7.0003011403025088e-03	   7.8212435836949382e-02	   8.9859928803907710e-02	  -2.8021153892859040e-02	   6.1125032980739277e-02	   2.3776719095317514e-01	
   4.4899835791775061e-01	   1.5422242262589586e-01	   5.4412546362376690e-01	   2.7633762405996676e-01	   1.2122295924912316e+00	   9.3582204972533967e-01	   6.2652011914763017e-01	   4.0076644711521703e-01	   0.0000000000000000e+00	   1.0183628828276645e+00	   4.0130495798243837e-01	   1.9279858257020763e-01	   5.0335923771787638e-01	   1.6723118180352017e-01	   9.7204300424717294e-01	   8.4421093136105896e-01	  -4.7100395497472053e-02	  -5.6980579751832856e-02	   5.3437377294773070e-01	   3.4911710848235117e-01	   2.2085747589288179e-01	   2.8140701085891523e-01	   4.2970963541756230e-01	   2.7111789587005020e-01	   3.5273340979031609e-01	   4.2113401127987893e-01	   6.6268501164143900e-01	   7.3060255887816128e-01	   2.0171199504397852e-01	  -8.3317299875367758e-03	   2.3590155641568661e-01	   2.6699667113094261e-01	   2.3952036961751100e-01	   1.3767019071199169e-01	   3.5085113718264804e-01	   2.5975821075841438e-01	   1.1409556920691759e-01	   1.2471558042249656e-01	   2.5442086544503612e-01	   2.8429695904161323e-01	   2.0830265235875547e-01	   2.3811165354963701e-01	  -2.0231698211934632e-02	  -8.5295861818632634e-02	  -2.2617179444721333e-01	  -2.2114513845225958e-01	   1.7384983552027686e-01	  -8.2947796731721507e-02	  -8.3142161023318700e-02	   3.3308667175824876e-02	   1.6352950948772027e-01	   1.8620644703966591e-01	   3.5914523096359308e-01	   4.6763571772054069e-01	   3.1557083132665514e-01	   2.3745750553745448e-01	   1.4646089540134126e-04	  -7.7777012681285260e-03	   2.1863684767485203e-01	   5.7323411101586244e-02	   3.5631327103210281e-01	   3.2971170662223409e-01	  -4.7203305268444129e-02	  -9.9548523188295379e-02	   4.8643268500274095e-01	   2.6781558558341156e-01	   6.8689978743926267e-02	  -6.8995068696674655e-02	   3.5315823695066473e-01	   2.2168658463668500e-01	   4.9555371775574668e-02	   2.7839490991769633e-02	   1.9002644428530685e-01	   1.1784624890831416e-01	   3.2036794253991985e-01	   9.3494779326006083e-02	   1.7533690701985330e-01	   4.4135560903238058e-02	   8.8023031828337109e-02	   4.9730401974912450e-02	   9.2997792518314762e-02	   2.4410137670383325e-01	   5.7595793052358479e-01	   5.0464589036062069e-01	   4.2852722356637962e-01	   3.5083277159683657e-01	   3.9954786682711135e-01	   2.4790277730739729e-01	   8.2548764139672492e-01	   6.0991550617140977e-01	   1.9218273793932522e-01	   3.3071664605245610e-01	   2.0696939312668156e-01	   4.8674186407911046e-01	  -1.1938442428276200e-01	  -1.2363927094659215e-01	  -1.7859652966504668e-02	  -6.5880957883817676e-02	   1.7837259060216859e-01	   2.8941168607079359e-01	   3.1157162029272384e-01	   3.8525727092474799e-01	   2.5559881839138004e-01	   2.1650853310441046e-01	   1.8689356067778272e-03	  -5.2822711821953423e-02	   1.5675024219827391e-01	   1.5230370179087752e-01	  -1.9137767623004973e-01	  -1.5521401251215486e-01	  -1.5722916662633021e-02	   1.0073848311609135e-01	   4.3388463039242114e-01	   3.1841143355465840e-01	   2.1653743741465067e-01	   1.9768241110733156e-01	
   2.4599190883665228e-01	   7.7962637532949963e-02	   8.8123167246811129e-02	   2.5982382478770927e-01	   7.3127763660220602e-01	   1.3207162794957410e+00	   3.0713389614238490e-01	   6.5815178787113404e-01	   1.0183628828276645e+00	   0.0000000000000000e+00	  -5.2377565034588767e-03	   2.6370362087601384e-01	   1.7591923236395854e-01	   3.4787658295092755e-01	   3.9480630748040280e-01	   7.5585585816293932e-01	  -1.9048591878595827e-01	  -1.3027055826100833e-01	   3.3679862064266103e-01	   2.7348061926607103e-01	   2.7651036211624458e-01	   3.8234100956612643e-01	   4.1081564049822501e-02	   1.5792922828786374e-01	   8.3175905151620946e-02	   2.4293560545115342e-01	   3.2906918827521237e-01	   5.3018824326198166e-01	   7.6009938339396899e-02	   1.7406473702639336e-01	   9.9654011117839059e-02	   2.2016555849918507e-01	   1.7211137275288468e-01	   1.6835833803543160e-01	   6.1600864088013317e-02	   1.3732989095352141e-01	  -2.7714168329915925e-02	   6.7042812911707411e-02	   1.5666936856589198e-01	   1.6788958516185981e-01	   6.5901773140068648e-02	   2.1756817401630421e-02	  -5.3973017667400987e-02	  -8.0925260101384733e-02	  -1.4223942609254869e-01	  -1.1317146732731106e-01	   6.3163530428473585e-02	  -1.0496257099782211e-01	  -9.4042422209037246e-02	   2.9154589431465781e-02	   3.8996757558700620e-02	   1.3227787660223317e-01	   2.9488740746625386e-01	   3.6433680912998273e-01	   2.4251962748251560e-01	   2.1264594518242802e-01	  -3.5816381430504647e-02	  -7.1375627481954682e-02	   1.3204245369966403e-01	   7.1263717638872126e-02	   2.8308338816986722e-01	   4.4310198844562265e-01	  -5.1398083374575732e-03	  -4.7761418563877528e-02	   6.7227377342214664e-02	   2.4907546597841898e-01	  -1.0190586423169964e-01	  -1.1452108357886724e-01	   1.3550033166563039e-01	   7.5812131026701229e-02	  -2.8352687444259620e-02	   1.7457990464791437e-01	  -1.2310586076927940e-01	  -4.5981718175974150e-02	  -2.0757211642184727e-02	  -1.0398052289744442e-01	   1.3590950668600122e-02	  -1.9630750094820557e-02	   1.7635156190700080e-02	  -4.7205578664007534e-03	   1.1778875160672711e-01	   1.5548811984772393e-01	   2.2945510620926829e-01	   4.3945853215587188e-01	   8.8292898618951468e-02	   2.9314327668645140e-01	   1.4821388557228321e-01	   1.4030438975842804e-01	   6.2812928117447819e-01	   4.6009186172662031e-01	   2.1992625272356819e-01	   1.1984172388741229e-01	   3.2910419401663971e-01	   1.9061501785472099e-01	  -7.8545666984316087e-02	  -8.6673636070214541e-02	  -1.3944926530351145e-01	  -2.4006009615662405e-02	   1.9412499860825808e-01	   2.2131527922665375e-01	   3.5344597071210870e-01	   1.9645376884185509e-01	   1.1557510281711038e-01	   1.3834726248366538e-01	  -2.3427584182715368e-02	  -5.4224737627259156e-02	   7.3883026657228915e-02	   1.5179578245074971e-01	  -8.4040725269801997e-02	   2.0880260987127097e-02	  -2.1630574728420485e-01	   7.6210954013728821e-02	   2.6733893110334450e-01	   1.9577330845708074e-01	   2.1872426547225982e-01	   1.2524415006517559e-01	
   5.6026591881181176e-01	   1.0271675429254026e-01	   5.7340623569905247e-01	  -9.4380138990888277e-02	   3.9612984475046242e-01	   2.7613098422004101e-03	   3.9436483200691358e-01	  -1.3830274628406045e-01	   4.0130495798243837e-01	  -5.2377565034588767e-03	   0.0000000000000000e+00	  -9.7776341185596444e-02	   8.6605177705243630e-01	  -1.4856213283106501e-01	   8.5526536640194450e-01	   1.8976075985564267e-01	   3.3894301694631912e-01	  -1.1032750846273684e-02	   4.5735875267106618e-01	   8.8125050563446744e-02	  -7.3165446503520873e-02	  -6.4453443552114117e-02	   4.9724743183860298e-01	   5.4342903137888629e-02	   3.0414754048648146e-01	   1.9014613443038025e-01	   3.6777290873069968e-01	   2.4525881641272762e-01	   3.2096265788566608e-01	  -2.7985240996165428e-01	   1.1365804560277738e-01	   6.1039660879416764e-02	   1.8501662095041113e-01	   8.6721758811970744e-03	   3.9323169443950889e-01	   1.8883670393703800e-01	   1.2794873905561660e-01	   8.9589601529733012e-02	   1.8706642495097414e-01	   1.5279745270316480e-01	   7.9909807616866071e-02	   2.7789911924247290e-01	   1.3127598196893442e-01	   5.4655886871491449e-02	  -1.4484603526317452e-01	  -1.8124912702001664e-01	   1.8640124631819674e-01	   1.2153642384018939e-02	  -1.7213308077098069e-01	  -1.1701949853768773e-01	   5.2037500598030056e-02	  -5.5687095777259943e-02	   1.7642653315144283e-01	   8.0321673599842366e-02	   1.9761036572349938e-01	   4.2998432190407741e-02	   2.0592534415695314e-02	   1.1629194243218334e-01	   2.1958215890285143e-01	   2.8048421102935529e-02	   3.4211801408366238e-01	   7.2176868371502556e-02	   7.0567515546152926e-02	  -5.4524553357822338e-02	   5.4528128658751718e-01	  -1.9892507308810585e-02	   1.7686736261038100e-01	  -3.3183533618621045e-03	   2.8264161582322006e-01	   1.0537398981468823e-01	   3.6325824335057835e-02	  -1.9345119405864764e-01	   4.8463114027643889e-01	   2.0176281077397351e-01	   6.4614025371145023e-01	   2.4453235231250853e-01	   3.3351707013302584e-01	   8.6698570700966995e-02	  -3.5427477993309572e-02	  -6.3618411610872061e-02	   2.3080058337720925e-02	   1.2880388057023356e-01	   7.3808169007121005e-01	   8.9330257511820388e-02	   8.5262007215931057e-01	   1.2447589597344137e-01	   6.5177416713148772e-01	   2.3732821166107410e-01	   3.1407566745100468e-01	   2.7334046719005239e-01	  -2.2789403149085792e-02	   2.7489321154154378e-01	  -1.2956808033253864e-01	   3.8775736081728684e-01	  -4.0885927488290903e-02	  -8.4769847492590533e-02	   9.1073721885686021e-02	  -8.6210415085203371e-02	   7.7953811972639757e-03	   1.8479805427982449e-01	  -1.2539679260863891e-02	   2.5503057687811564e-01	   2.0661045559368801e-01	   1.1870480641710489e-01	  -2.2406871163109448e-02	  -4.2824459887689140e-02	   1.1908674591775198e-01	  -7.1589008902189890e-03	  -2.5403619977411768e-01	  -2.6743304244596500e-01	   1.5292446533757453e-01	   8.7785164016526293e-02	   3.8633765241231599e-01	   2.5151523591481284e-01	   1.8808520814185023e-01	   2.1224397006261375e-01	
   1.0586283774187170e-01	   3.3245705537859810e-01	   5.7875457110808999e-02	   4.0315097768905533e-01	   1.4616268626657569e-01	   3.0649051826805951e-01	   3.1809995968266452e-01	   6.3106549156112390e-01	   1.9279858257020763e-01	   2.6370362087601384e-01	  -9.7776341185596444e-02	   0.0000000000000000e+00	  -4.4657008017469184e-02	   9.0700166506956148e-01	   2.1435070806296468e-02	   3.7559036753378017e-01	  -8.3020490154583210e-03	   9.3812192838036768e-02	   2.6350283460846663e-01	   4.0701969593961113e-01	  -7.9680967469891090e-02	   8.5918647008113788e-02	   2.0837856998526827e-01	   4.6273255017749337e-01	   7.3086517341848824e-03	   9.7265941387062835e-02	  -3.7702768290842861e-02	   7.8158691771504182e-02	   1.0326889253582833e-01	   4.8418666298683294e-01	   4.4820462486593449e-01	   4.8230361975363539e-01	   4.3202617519782743e-01	   4.5822936219745447e-01	   7.5432082314508764e-02	   3.2407071000034299e-01	  -6.6482741128891853e-02	  -8.2628668770658970e-02	   1.3037952518646620e-01	   9.2797082055582431e-02	   3.2693654689251139e-01	   2.1059885567696152e-01	  -9.5213717700924891e-02	  -1.7408666227150538e-01	   3.8315681248804995e-02	   2.9550166298842016e-02	  -2.8677396987312722e-02	  -3.6210302481893927e-02	   1.6364380712628279e-01	   1.3293577202391024e-01	   9.3828200322412889e-02	   1.7288357532928628e-01	   1.4397920522146737e-01	   1.7918588335514291e-01	   3.6049906997182767e-02	   6.2254019931701238e-02	   2.0564144693142227e-02	  -5.6496045270733847e-02	   2.8047245318900171e-01	   2.3735920749528527e-01	   3.7625258299026998e-01	   4.0259175454479718e-01	   4.5465330806989890e-01	   3.5096770199953509e-01	   9.6582038344233401e-02	   4.5467628849512914e-01	   2.8741449015235432e-01	   3.1399814286192518e-01	  -2.3673448290524473e-03	   5.7106872454531360e-03	   2.0591882900570169e-02	   2.1680979567939740e-02	   8.8399738132154196e-02	   2.9494858163119242e-01	   9.5146250192747500e-02	   4.3280305562924953e-01	   3.1568424443458870e-01	   3.1836037680076135e-01	   5.0144782327540501e-02	   5.7668719368600983e-02	   2.5952798353726420e-01	   2.4241489761210011e-01	   1.2187526593095026e-01	   5.3533161912020844e-01	  -7.4255954763281243e-02	   4.6462304602556725e-01	  -2.8584350183946498e-03	   2.7325972523750075e-01	   2.3382482093335694e-01	   2.6089378002834573e-01	   9.3781233682719775e-02	   5.6537834119493410e-02	   2.6446677170195915e-01	  -1.1822133530427405e-02	  -1.2413621436607175e-01	  -3.6152638461973960e-02	  -2.6285532491005481e-01	  -1.2369164275790728e-01	  -2.7348928865010919e-02	  -1.3306758423608052e-02	   4.2556171893522565e-01	   1.3262533096881901e-01	   1.1177691155587248e-01	   1.4574626466505319e-01	   1.3621939516148374e-02	   2.8953675413701346e-02	   2.5266859270745101e-01	   1.9505515404659890e-02	  -1.7951965056072680e-01	  -2.1939004516804839e-01	  -1.6898245217675689e-01	  -1.5224325259798466e-01	  -2.2927956958254614e-02	  -2.1549701432689301e-03	   1.3607211482051973e-01	   3.3255590445177691e-01	
   3.4578562508223959e-01	   6.4906430050594238e-02	   4.0726820844850103e-01	  -1.7321330770970977e-01	   4.4098991346820560e-01	   1.3115187054271935e-01	   3.8239802236382303e-01	  -1.3857365107321905e-02	   5.0335923771787638e-01	   1.7591923236395854e-01	   8.6605177705243630e-01	  -4.4657008017469184e-02	   0.0000000000000000e+00	   1.6250888554427140e-01	   7.9331658601771793e-01	   2.7602893817866386e-01	   1.8338864885667447e-01	   8.6476182915738289e-02	   3.3439162670726630e-01	   1.1119703153062671e-01	  -3.8752765854861697e-02	  -5.4741018923636059e-02	   2.6241514215423423e-01	  -5.7365633494356680e-02	   7.2986538128762615e-02	   8.2744269391133343e-02	   1.5698527290745645e-01	   1.2218343719839403e-01	   4.4991886864674568e-01	  -3.9079780259454126e-02	   7.2431733737547618e-02	   3.4147054049350395e-02	   1.4317476701639487e-01	   2.1112271352428259e-02	   2.1018433720288773e-01	   4.8412989520169258e-02	   1.2611339533665245e-01	   4.5541775217021116e-04	   1.6428304322354192e-01	   2.4956808384186034e-02	   1.4373059962472215e-01	   5.5645142951073888e-02	  -3.7343550115754735e-02	  -7.0618508548444092e-02	  -1.4636014953182508e-01	  -1.6716361841554550e-01	   2.3263051462366544e-02	  -7.5732022310332978e-02	  -2.8558620844392635e-01	  -1.9853562369051320e-01	  -1.4239036784635295e-01	  -1.3167844510699700e-01	   9.1812658826405727e-02	   4.0659570614139856e-02	   4.5468975735292794e-02	  -9.1542239724279661e-02	  -7.3952027987845947e-02	   3.4886435470907966e-02	  -2.2435654849055478e-02	  -1.5573619462256003e-01	   1.7521108187844481e-01	  -3.1170339196097269e-02	  -3.5719662429133284e-02	  -7.8861556284074263e-02	   1.7212808196475524e-01	  -1.8670951071927055e-01	  -1.2376795046991822e-01	  -2.3991363081940864e-01	   1.7964877733883289e-01	   1.3566328501224389e-01	  -1.5778541483486205e-01	  -2.3723372904398754e-01	   2.4006769503024750e-01	   1.1760858231088310e-01	   3.5087763787256249e-01	   1.3301260080145505e-01	   4.5776872015477033e-02	  -1.8056265948288272e-01	   1.3214725861826600e-02	   3.2202549013948104e-02	   4.3821958119942425e-02	   1.8198299583522035e-01	   5.8999897040855198e-01	   1.4714379003047337e-01	   4.0164951405920141e-01	  -6.7195827787097970e-02	   2.9219308513417380e-01	  -3.4777144676857275e-02	   2.9299783981909544e-01	   9.9717426876792095e-02	  -1.2565249081438910e-02	   1.9794158846775256e-01	  -9.0295516558002359e-02	   3.4926428419890226e-01	  -2.0818364705849376e-01	  -2.5308464505583883e-01	  -2.0640816067923884e-01	  -2.7521646153587570e-01	  -5.6850061276015759e-02	   7.7827427838834340e-02	   2.3365752221676056e-02	   2.3140723941658473e-01	   7.9073646532885677e-02	   1.4535328490809132e-01	  -1.9126611522844398e-02	  -6.7630306108255767e-02	   1.3464908650664947e-01	  -9.6783765177686484e-02	  -1.7528365586193501e-01	  -1.8610361630888769e-01	   3.4057586567377340e-02	   3.2966856002996488e-02	   2.6764254032622026e-01	   6.6304145011557944e-02	   2.6193077959674373e-02	   9.2094962222685831e-02	
