   0.0000000000000000e+00	   7.7665571950495371e-01	   5.5213832274666463e-01	   6.4796101064220513e-01	   3.8018693190769981e-01	   3.9067992978643151e-01	   4.3892169473724968e-01	   5.8025984683635845e-01	   4.6323132088038010e-01	   4.7150656499914090e-01	   6.3379149983836203e-01	   4.4563859201733930e-01	   5.6017196537718816e-01	   3.0007248493380340e-01	   5.6426654776005614e-01	   5.2140485564565520e-01	   7.2112358130891452e-01	   6.0110776050495807e-01	   8.1328395801209841e-01	   7.3710920714311201e-01	   3.9867954671998340e-01	   2.4454779031361978e-01	   4.9457269133506188e-01	   4.6721934540524224e-01	   3.7486999958460809e-01	   3.4368940037053064e-01	   4.3480051898607497e-01	   3.7759098579837380e-01	   5.9474304432370206e-01	   5.7351824834569920e-01	   4.7170565284967569e-01	   4.1564230278674119e-01	   6.0429855491724394e-01	   5.9039806226256231e-01	   2.9707410355798880e-01	   3.1954935802696804e-01	   4.2481160536282170e-01	   3.8688261950940328e-01	   3.2068578120578461e-01	   4.3479058054664765e-01	   5.1990390432063316e-01	   1.9791502568242569e-01	   2.1347458238091993e-01	   3.0186759059191237e-01	   2.8183726827722305e-01	   3.8933489387488451e-01	   2.6274956714437703e-01	   3.7283920915167873e-01	   2.9140621717444520e-01	   3.3901673663952248e-01	   4.9527705512253239e-01	   3.6574243308294546e-01	   5.8869213522155905e-01	   1.2398508671911179e-01	   5.6971977983958566e-01	   4.5195577365177242e-01	   8.6826589464005988e-01	   7.5708346157547746e-01	   7.3590191304203834e-01	   6.2968792143564967e-01	   6.5583934451877712e-01	   4.4390925142827720e-01	   6.4096649102017167e-01	   4.4530418818415340e-01	   3.9328407674258631e-01	   4.3722341181117480e-01	   5.6773155153812183e-01	   5.4061665343251308e-01	   7.0773855097442628e-01	   6.2895652885015729e-01	   3.1234131930820708e-01	   3.4084428334589190e-01	   7.2231212221839858e-01	   5.4324800208824353e-01	   6.5713155667663625e-01	   5.1212947952619925e-01	   4.6999647221262153e-01	   4.2007735304606908e-01	   6.1963341100964031e-01	   5.1551955979524755e-01	   7.0417143110026614e-01	   6.6511086083785431e-01	   6.2809840888040580e-01	   5.3855515427996903e-01	   6.0604457814328661e-01	   6.2293726155155515e-01	   4.2138379552627603e-01	   1.5497875262350130e-01	   5.0594264258696509e-01	   5.1609111233986593e-01	   2.8303287098541996e-01	   2.1873307335284661e-01	   2.9705508873942593e-01	   1.3914939935856543e-01	   6.4904748467301640e-02	   1.6661708313327628e-01	   3.8412252824374982e-01	   4.5934797556183438e-01	   5.0814227920693789e-01	   4.6621298865795718e-01	  -2.1309726729325747e-02	   1.2544957318684116e-02	   5.8446787743438464e-02	   1.5818919492088090e-01	   2.3281865520462425e-01	   9.5158774156105727e-02	   2.3790653462497963e-01	   1.3810648659424268e-01	  -1.6759363674744215e-01	   2.4360401935916495e-01	   4.3331547211566179e-01	   4.8411965139747143e-01	   3.9829684808415727e-01	   1.6113029157052383e-01	   2.1407249811030538e-01	  -2.0585913657576277e-01	
   7.7665571950495371e-01	   0.0000000000000000e+00	   4.8194255838060751e-01	   7.0665964217506250e-01	   3.5816138873933723e-01	   3.8214174049180705e-01	   2.5852916591354402e-01	   5.0898666368104839e-01	   4.0665599159536220e-01	   4.2622689140996450e-01	   5.5032931156109277e-01	   5.7116676477596995e-01	   4.1230159363251184e-01	   3.2951367727403658e-01	   5.4787674779974638e-01	   5.4829818862763013e-01	   7.8912918130582765e-01	   7.7969564160371185e-01	   8.1694830587761547e-01	   8.7668768075978454e-01	   4.4336217820475998e-01	   4.0185699596546759e-01	   4.5778639680035954e-01	   4.5925285466710342e-01	   3.6647154202229465e-01	   3.5157268903110128e-01	   4.3674526091045013e-01	   3.8557700555729812e-01	   6.8349621247085779e-01	   7.1706839803677758e-01	   5.2892365824814191e-01	   4.6443218328184599e-01	   7.5611514838563432e-01	   7.1958905010269636e-01	   3.2219609680696459e-01	   3.5916590325707620e-01	   3.6422072329857702e-01	   3.4950441312321828e-01	   2.5836537962866662e-01	   3.7930441877073284e-01	   4.6889650568015206e-01	   2.8427050391745279e-01	   1.6647559805217749e-01	   2.7762805018941905e-01	   2.8160387403143938e-01	   4.1882207647346031e-01	   2.7738352095570368e-01	   3.3688397198919473e-01	   2.5825168436891999e-01	   3.8810457670270782e-01	   3.6742987766538338e-01	   3.7181051416993660e-01	   4.7027356564643918e-01	   1.3156661723837404e-01	   4.8114931408527756e-01	   4.2806164232992699e-01	   8.4301458258525852e-01	   9.5863512511659577e-01	   5.5994577834186154e-01	   6.3983088994576587e-01	   4.5730118086512150e-01	   3.8930907292354766e-01	   6.2135382977716380e-01	   5.1189083260115664e-01	   3.1357566616335780e-01	   3.2953504673023648e-01	   5.2040450804271643e-01	   5.6957641798185710e-01	   8.0913105183816803e-01	   7.3744520249660450e-01	   4.4065864290885365e-01	   4.0557854258347048e-01	   7.2395805537444013e-01	   7.3166516628593736e-01	   6.0327229618106570e-01	   6.0841872950735010e-01	   5.4258310975146251e-01	   4.9264397316453790e-01	   7.0485137841026368e-01	   5.6632067305317224e-01	   7.7448612630334512e-01	   7.5616983778529190e-01	   6.7263392713092807e-01	   6.2602879127928968e-01	   6.1672775737275187e-01	   6.6429545980239713e-01	   3.6919156119231333e-01	   1.6649872604029636e-01	   3.4751492186518501e-01	   5.0366694049240057e-01	   1.8805608718528688e-01	   1.1839590157830381e-01	   1.5624839260561613e-01	   1.7893439617009163e-02	   1.7051526180617158e-01	   1.6090222621523181e-01	   5.2187869948512922e-01	   4.1731728034822507e-01	   5.9243833663610457e-01	   3.5666243203283748e-01	  -4.5323269310351249e-04	  -9.9296662481809267e-02	   4.5945323541254565e-02	  -4.6602749199503007e-03	   1.3490098012974083e-01	  -1.4452007604013575e-02	   1.8057564746461774e-01	   9.0730030813807178e-02	  -9.6054408359102311e-02	   2.6705900605047861e-01	   3.8843903927385615e-01	   4.4948709840162726e-01	   2.9328604170400185e-01	   7.4572518577266877e-02	   9.8692478770773279e-02	  -2.3155905969188600e-01	
   5.5213832274666463e-01	   4.8194255838060751e-01	   0.0000000000000000e+00	   7.8364235783958081e-01	   6.9873831684914411e-01	   4.6341647209906511e-01	   8.0641203923918181e-01	   8.2158916134614302e-01	   8.0915271192184191e-01	   5.3413400173204928e-01	   6.2195590439283333e-01	   5.6081630443033226e-01	   7.2476495889522985e-01	   5.4675662799742786e-01	   8.1673561526877969e-01	   7.4712334797721758e-01	   4.2944708383546870e-01	   3.8800509274948758e-01	   6.4944249533310006e-01	   5.7633061266532370e-01	   4.5101997575258118e-01	   2.5625167620838352e-01	   8.5554158144211967e-01	   7.7006284391740498e-01	   5.8211899705339032e-01	   4.1028648197783996e-01	   5.5249761021660515e-01	   4.2688530048458695e-01	   5.1780664095906381e-01	   5.7472881320432523e-01	   6.6992445325208716e-01	   5.9788405700251601e-01	   6.2271937457770976e-01	   6.2680980320176949e-01	   6.4851339710625333e-01	   7.0179986904578939e-01	   4.9349612940418719e-01	   4.4040338321887573e-01	   4.3300060384129613e-01	   4.0430296396484700e-01	   5.5382048120093952e-01	   1.9280756561098569e-01	   4.3045865505826891e-01	   4.3278820562767861e-01	   4.2259117117967648e-01	   4.7247845703045832e-01	   4.4430083817558441e-01	   4.4619026469057327e-01	   3.0779644053765715e-01	   3.6210170024959343e-01	   5.0809669017910775e-01	   3.6217603793565084e-01	   5.0409626118015738e-01	   3.6759947585248476e-01	   6.3215775162789101e-01	   5.4480581113966009e-01	   3.6204817491425828e-01	   4.1197471868444607e-01	   5.6828239705722561e-01	   6.4520284162454766e-01	   6.6471185975517966e-01	   7.2987220319192159e-01	   5.7078022224424962e-01	   5.6442194206466256e-01	   8.2798979144001539e-01	   6.0212352998462593e-01	   7.5021316665881987e-01	   7.1411712565295482e-01	   2.9300120605682206e-01	   2.4936680954349497e-01	   4.7763392705663588e-01	   3.8963193728156964e-01	   5.9708277501204199e-01	   5.9116557846810358e-01	   6.4740039809991057e-01	   4.9993891345563585e-01	   6.3990646506581716e-01	   6.4769199080089312e-01	   4.1758890466602550e-01	   4.9720891301666958e-01	   5.1445869468901040e-01	   6.1888104501071528e-01	   6.7882289365420390e-01	   6.1054757060519660e-01	   7.7890959189863873e-01	   7.5999078970977418e-01	   4.7570957678601855e-01	   2.1928134341911626e-01	   6.8644159383273773e-01	   6.0663896198946587e-01	   6.8000394783115437e-01	   5.9665296895383713e-01	   7.1016407454418717e-01	   5.5076954825992985e-01	   1.4035073121219410e-01	   1.5007251484067105e-01	   4.3486710000164175e-01	   4.2026952070413298e-01	   6.2590643091011711e-01	   6.6650592983313761e-01	   5.4575425919292358e-03	   3.7114943282861035e-01	   2.8263593763243899e-01	   4.1294918585326246e-01	   5.1699917153769681e-01	   4.0786959229052716e-01	   4.9185826577162850e-01	   2.6286723841252824e-01	  -1.2984819430728189e-01	   2.4850433312948994e-01	   4.6451819124130705e-01	   5.4480366241174927e-01	   5.5677619971090309e-01	   3.1617025777586399e-01	   5.3640343120016742e-01	   1.1329779306885548e-01	
   6.4796101064220513e-01	   7.0665964217506250e-01	   7.8364235783958081e-01	   0.0000000000000000e+00	   5.9417618137877215e-01	   5.5472951766267520e-01	   4.8536282814538600e-01	   8.0694220134422190e-01	   6.9526079108940242e-01	   6.1331238062332549e-01	   5.5064678251259436e-01	   6.0618718609337618e-01	   5.5345357965264097e-01	   4.2332211240929274e-01	   7.5479247463911281e-01	   7.7950331477032164e-01	   6.4429645269609848e-01	   5.7961696882666658e-01	   8.4094618431454204e-01	   8.1341851877611027e-01	   5.3670209121304024e-01	   4.6400967934290427e-01	   8.7584182992595094e-01	   9.0077628916647978e-01	   6.2875897353892007e-01	   5.6948878492901567e-01	   5.7911602845870847e-01	   5.3407744842118809e-01	   5.9349609977447237e-01	   6.8270344790975845e-01	   7.2110780172368782e-01	   6.7865538359752320e-01	   7.4054870007343832e-01	   7.5734025878413314e-01	   5.8464898440528112e-01	   6.6134229965022284e-01	   5.2574877642996254e-01	   4.3890558391547274e-01	   3.1670908587228647e-01	   4.4702694177655256e-01	   4.8154321443958331e-01	   2.5193476420570071e-01	   2.6372639066433523e-01	   3.1533878106161672e-01	   3.5363747472091694e-01	   4.6229912417982288e-01	   3.4586935910972516e-01	   3.9822462931767377e-01	   2.9723951563440276e-01	   3.6482746661013443e-01	   3.5826071578476681e-01	   3.4752863767178049e-01	   5.3210871246309177e-01	   2.6577530614940642e-01	   5.8371606267233822e-01	   5.1603355265529349e-01	   6.1841461545072440e-01	   6.5882762910492398e-01	   5.0585765053237719e-01	   7.0749143705469830e-01	   5.2170223131068894e-01	   6.8640001586134425e-01	   6.0840991572909608e-01	   5.7626608396275669e-01	   6.6651209220213992e-01	   6.5748129033746605e-01	   6.2921709572701712e-01	   7.5287334584818888e-01	   6.0516704463421589e-01	   5.8385606004054369e-01	   5.6471760921251102e-01	   5.2670029233939564e-01	   6.8938526747572615e-01	   6.8699388897970037e-01	   6.9688869141707277e-01	   6.1105126349524586e-01	   6.4954227053472291e-01	   6.0552087365483187e-01	   6.0132795230141933e-01	   5.2871557589578799e-01	   6.4159910344673921e-01	   7.0498348156514901e-01	   7.2963451837828464e-01	   6.8254689448044847e-01	   7.5521960714746295e-01	   7.9927225203799435e-01	   4.9054007237645542e-01	   2.2483087234421259e-01	   6.3859566347437657e-01	   7.2132964436945979e-01	   5.9010736551702969e-01	   4.8390345455109751e-01	   6.2717520909766289e-01	   3.9629312561021385e-01	   2.4007433455211802e-01	   2.4302046473970565e-01	   4.4424919204998664e-01	   3.8834737929954166e-01	   6.1104587414620337e-01	   4.7681704480177900e-01	  -8.4937949454186479e-02	   2.0618497515093898e-01	   1.5903402766616001e-01	   1.8769002460552331e-01	   3.7307264869805129e-01	   2.4961836917398941e-01	   3.3742016665129482e-01	   1.0130183435028407e-01	  -8.8643092845541532e-02	   2.9465709448289790e-01	   4.7000286151446713e-01	   5.6362498915024051e-01	   4.6823401064689296e-01	   1.7667804206975535e-01	   3.1639312496337513e-01	   2.4616881911581737e-02	
   3.8018693190769981e-01	   3.5816138873933723e-01	   6.9873831684914411e-01	   5.9417618137877215e-01	   0.0000000000000000e+00	   7.6758661118914762e-01	   5.0482336955230822e-01	   5.5980936527556957e-01	   7.8467314362917273e-01	   7.2785856100418167e-01	   4.1820081070939474e-01	   3.2187617991154782e-01	   5.1734258215536133e-01	   2.7535735201629508e-01	   7.1643382084441143e-01	   6.5117020890708766e-01	   2.9938901248248911e-01	   2.3908921919598222e-01	   4.5999436157118556e-01	   4.2560136619512601e-01	   5.7540175790300174e-01	   4.4688172279846816e-01	   6.9141690356024499e-01	   6.2234625560863677e-01	   7.0505383922181131e-01	   6.7339731218507515e-01	   7.8071491694704997e-01	   6.7822896626489970e-01	   3.5000021854105884e-01	   4.3167094010681539e-01	   3.6878801661511806e-01	   2.9521936953277883e-01	   3.8629817993468907e-01	   4.3399867741318704e-01	   4.9486000544770492e-01	   5.0319076982628375e-01	   4.1831541498620900e-01	   4.5288603460647314e-01	   4.3924291290544787e-01	   5.5618272777435163e-01	   4.4828504223427557e-01	   3.0665738620954358e-01	   3.0519534491596517e-01	   2.8827720183520411e-01	   3.5371588772540125e-01	   3.1910924706026045e-01	   3.3098162437114764e-01	   3.4690266616615506e-01	   2.6207525857424901e-01	   2.0966556495983621e-01	   3.6462692279029940e-01	   2.4951324131585850e-01	   4.2562866213166578e-01	   2.8237792216440788e-01	   6.0610053700621958e-01	   5.0279449653824815e-01	   2.2608870328218220e-01	   3.0062293953990904e-01	   4.2610732424480302e-01	   4.6680573658366931e-01	   4.5892304077233886e-01	   5.1236644778522744e-01	   4.1330248501852596e-01	   3.9163457187003969e-01	   5.3676897402525103e-01	   4.1048100945804716e-01	   5.7707090214118195e-01	   5.1782593912248243e-01	   2.0802627327336501e-01	   2.2478282979992470e-01	   5.6838068750492987e-01	   5.5459107092450621e-01	   4.9657539675574525e-01	   5.2329172868996343e-01	   5.9474317996737369e-01	   4.8549795782052796e-01	   4.2684417673439168e-01	   4.6398694952027819e-01	   3.2095887595255640e-01	   3.7602796702440056e-01	   4.1495210019614659e-01	   4.7211993755538822e-01	   6.1080983249184329e-01	   5.2328428083515233e-01	   5.8544828811258176e-01	   6.2402102041381624e-01	   4.2891646143627604e-01	   8.1776753844956307e-02	   7.6170363437479605e-01	   6.7686341418385076e-01	   6.2380823342398650e-01	   5.1869866132582909e-01	   6.2845892627163624e-01	   5.0086296196156266e-01	   3.1660305548372936e-01	   2.5305622669418926e-01	   4.1086779140499835e-01	   3.7585262938461966e-01	   5.0200599859515682e-01	   4.9742208828082923e-01	  -1.2503790192060893e-01	   2.1299115949452563e-01	   1.2588511645767406e-01	   3.5779802522165405e-01	   5.1247196587109201e-01	   2.9135190561076535e-01	   3.9073775823681128e-01	   1.0149677322076310e-01	   1.3184136117537559e-01	   3.0900106085535700e-01	   4.6965436095810453e-01	   5.4862410707492737e-01	   5.9975774077895405e-01	   2.4941731571467043e-01	   4.3853049091327112e-01	   2.9590382797466169e-01	
   3.9067992978643151e-01	   3.8214174049180705e-01	   4.6341647209906511e-01	   5.5472951766267520e-01	   7.6758661118914762e-01	   0.0000000000000000e+00	   1.4452393367187799e-01	   3.1677291111101186e-01	   5.9323068561994852e-01	   9.4453970905505757e-01	   1.8174721467420690e-01	   4.6150851973964097e-02	   2.3428164565522042e-01	  -9.7602942647087160e-02	   4.7259101363073519e-01	   4.9909479419096586e-01	   2.3873032563524288e-01	   2.1464848189313451e-01	   4.0502193922446300e-01	   4.0676151864948701e-01	   6.5691439882611313e-01	   5.3244738997775798e-01	   5.3152760739960780e-01	   5.5371028870126549e-01	   7.0087544792713630e-01	   8.8209522652161731e-01	   8.1761468573251139e-01	   8.2661807515052699e-01	   1.9273906087495796e-01	   2.6876979923147520e-01	   1.9628292156767668e-01	   1.3015054103771112e-01	   2.6317576679390453e-01	   2.9703837917499654e-01	   2.1061435281788252e-01	   2.6246046273439316e-01	   4.2795355857638495e-01	   4.4308224951786923e-01	   3.2298028662942407e-01	   5.0844682401146801e-01	   3.3755549600164786e-01	   2.4649573523319884e-01	  -1.7427334861518436e-02	   2.6804205926060271e-02	   2.1834078088518705e-01	   1.4347824504232093e-01	   1.0362157492801677e-01	   1.6823669852298256e-01	   1.7687222869778935e-01	   2.8758740060012944e-02	   1.8039001139679672e-01	   7.3854647184359204e-02	   3.2601988188860748e-01	   1.1515292318768167e-01	   3.9194729845720500e-01	   2.4900129000349269e-01	   3.9574872305178505e-01	   3.8008455540500474e-01	   2.4182177159603840e-01	   2.4032254616809018e-01	   2.5450915628381243e-01	   2.8248244911588533e-01	   2.4070040004705537e-01	   1.3973681458264595e-01	   3.4564785805866788e-01	   3.0198916321396885e-01	   3.4985344624363179e-01	   2.9785895056250206e-01	   3.4912182613234466e-01	   4.2595177953761615e-01	   5.4992023132851298e-01	   5.4709406863624688e-01	   4.3842924452443210e-01	   4.0163862161607033e-01	   4.6428174415662365e-01	   4.1571902758397472e-01	   1.8393387267675929e-01	   1.8605236526705538e-01	   2.8994303970112745e-01	   2.9161654434897605e-01	   3.7084443665565570e-01	   3.2654232342436573e-01	   4.3618790444808742e-01	   3.5278597189407002e-01	   3.9887632899447184e-01	   3.9235720320434170e-01	   2.8436356994926659e-01	  -6.1049988377087444e-02	   6.1793524348599438e-01	   6.0730479945180960e-01	   4.3081488848493871e-01	   3.4341083644851900e-01	   4.5953012331687071e-01	   2.2392189592972836e-01	   3.1373460396752084e-01	   2.3257301039022937e-01	   2.1507177041063202e-01	   1.5999997666836430e-01	   2.2592113972783778e-01	   1.5227938277345479e-01	  -2.9115880545839135e-01	  -9.6459285008225010e-02	  -6.4251787010947969e-02	   1.5627865380760199e-02	   2.5224590259557811e-01	   5.9714450208207315e-02	  -8.3913548870578544e-03	  -2.6973689443220600e-01	   1.4041462830869214e-01	   1.6908358288441555e-01	   3.3569025642216338e-01	   4.0573526152967732e-01	   3.6012129521989866e-01	   2.3143093335344742e-02	   2.0658747903093932e-01	   1.1442739685367764e-01	
   4.3892169473724968e-01	   2.5852916591354402e-01	   8.0641203923918181e-01	   4.8536282814538600e-01	   5.0482336955230822e-01	   1.4452393367187799e-01	   0.0000000000000000e+00	   7.9877827787045219e-01	   7.1302577637573639e-01	   2.2724179908010722e-01	   6.5135912165476806e-01	   5.6074071016003957e-01	   7.9912952918104985e-01	   6.4723953592029559e-01	   6.9218201708057481e-01	   5.4809332206253525e-01	   3.1174462914321238e-01	   3.1966427621340143e-01	   4.7313695787824656e-01	   3.5745744351855013e-01	   2.3373857811439189e-01	   1.3362070546260110e-02	   6.1924423729534572e-01	   4.8863994705079589e-01	   2.9008554992282831e-01	   7.4507860215923774e-02	   2.9065754755710016e-01	   1.3341184212495025e-01	   5.1459233612200883e-01	   5.1936808050153149e-01	   5.8678307148358400e-01	   5.2855448068070587e-01	   4.7989749507971363e-01	   5.0459630645536224e-01	   5.7158131495574338e-01	   5.7210863963988023e-01	   4.0878160011199494e-01	   4.0775640233018173e-01	   4.7756158696264778e-01	   4.0438208530809727e-01	   4.9724499985373238e-01	   2.0520723250967046e-01	   5.8644055824766617e-01	   5.5008060165986739e-01	   4.6231544969559363e-01	   4.6480257273962960e-01	   5.2665923467526632e-01	   5.3352696287464896e-01	   3.1169212810663299e-01	   3.4901577503431425e-01	   5.3638144723192926e-01	   3.1957733028612967e-01	   4.7495600566733642e-01	   3.6336879334717326e-01	   6.4835939642993567e-01	   5.9689749436294381e-01	   1.7152663970737353e-01	   1.9112980528603493e-01	   6.6415931501131631e-01	   6.3159609200358136e-01	   8.2188784470352971e-01	   7.2717957197304683e-01	   5.8367361059510658e-01	   5.9192568139847279e-01	   7.0309791155887935e-01	   4.1072086182996931e-01	   7.3151528268083343e-01	   6.1777424363596378e-01	   6.4560261887342263e-02	  -8.0115313813676377e-03	   2.7304804830082319e-01	   2.5235249906249241e-01	   4.6564203964835682e-01	   4.5694414905467839e-01	   5.3489515244905927e-01	   3.7926715650788589e-01	   6.6867450441237186e-01	   6.5501818391628630e-01	   2.9928792492064837e-01	   4.4311720450808367e-01	   3.6585686384352345e-01	   4.8017102982081872e-01	   5.4271584369682135e-01	   5.2653393252481728e-01	   5.4330552791908671e-01	   5.6106522790020086e-01	   3.8945429376897428e-01	   2.6240888887665881e-01	   6.5849507628530435e-01	   5.0416723370761884e-01	   6.9420342162789117e-01	   6.4560377332577701e-01	   6.5316175534905418e-01	   6.6078928358862110e-01	   9.8902292971418476e-02	   1.3148735380987395e-01	   4.4480526740591647e-01	   5.2608928102524755e-01	   6.4138782215722756e-01	   8.0682264869495857e-01	   2.6123242432956273e-01	   6.1234484793456279e-01	   3.7975325992764253e-01	   6.0783453737352378e-01	   5.7113913114589598e-01	   4.4960737189151490e-01	   6.0898518099727683e-01	   5.1662713887116007e-01	  -8.3826395580033686e-02	   2.9742471316207852e-01	   5.5204079666066319e-01	   5.6809735019735474e-01	   6.1371261739231819e-01	   4.5093464681242679e-01	   5.7793541051184905e-01	   1.9827166436076415e-01	
   5.8025984683635845e-01	   5.0898666368104839e-01	   8.2158916134614302e-01	   8.0694220134422190e-01	   5.5980936527556957e-01	   3.1677291111101186e-01	   7.9877827787045219e-01	   0.0000000000000000e+00	   7.8264301272308212e-01	   4.2310090170609738e-01	   7.1142350239392393e-01	   7.4176563746442159e-01	   7.7547452016582430e-01	   7.3131411405629820e-01	   8.0165272429214895e-01	   8.0242174807115640e-01	   5.6430450339040639e-01	   5.0036882219757062e-01	   7.2280340918081054e-01	   6.2458232565930072e-01	   3.9944757175944329e-01	   2.6247599951577050e-01	   8.3691746598673344e-01	   7.9840870549236764e-01	   4.1734637821910564e-01	   3.0078029376504756e-01	   4.6463730950402204e-01	   3.6027873408142802e-01	   6.4471447457627129e-01	   7.1547156003178303e-01	   7.6021702244546641e-01	   6.9720754717113675e-01	   6.8173273180010263e-01	   7.2865539936985391e-01	   6.1942447388282917e-01	   6.9375323165144387e-01	   4.9977041649386778e-01	   4.6393197395668245e-01	   4.1708507609523943e-01	   4.5027643572695375e-01	   5.2152929775981649e-01	   2.7054234237378233e-01	   5.0500237799471670e-01	   5.0495029936794200e-01	   4.3477879373492745e-01	   5.3100901654649602e-01	   4.8293283465421483e-01	   4.9062779179353644e-01	   3.1909958770094993e-01	   3.8928931351717444e-01	   4.3476361616317943e-01	   3.6450166823020441e-01	   5.2364644136259120e-01	   3.2415504955898750e-01	   6.9474746889015659e-01	   6.2166619618717045e-01	   4.2102168131747963e-01	   4.3320089884657587e-01	   6.1208680551195538e-01	   7.6720230729604189e-01	   7.4204072905442087e-01	   8.6608223358450132e-01	   6.8746274308102118e-01	   7.1805498681253355e-01	   7.3000175449108218e-01	   6.0691626352694739e-01	   6.6433041995427444e-01	   7.2808238318929408e-01	   3.0183765509861604e-01	   2.5905116689622765e-01	   4.7418011627483381e-01	   4.4316339105588287e-01	   6.6526343336924265e-01	   6.5979267517573470e-01	   6.8299859426947074e-01	   5.5908046719011950e-01	   7.6484109063387640e-01	   7.2798408015284122e-01	   5.0478430957464293e-01	   5.1641044428890759e-01	   5.5484052470790091e-01	   6.6208880120604474e-01	   7.1153102903882703e-01	   6.8276201959130889e-01	   6.6224399000322864e-01	   7.5947195327599804e-01	   4.8284840753084840e-01	   2.6352023367687799e-01	   7.0714127013569761e-01	   6.6941429669531038e-01	   7.1657963924274770e-01	   5.7410105853332916e-01	   7.3870433431669213e-01	   5.5642456048689537e-01	   1.6728501449548044e-01	   1.7347029873358311e-01	   4.3179881894607558e-01	   4.6065554559299715e-01	   6.9889353604835258e-01	   7.0166551143510691e-01	   1.2453355867548474e-01	   4.3023651435732402e-01	   2.9495753209751802e-01	   3.9921163033547152e-01	   5.2182689719538222e-01	   3.8181153064097767e-01	   5.2503988701999038e-01	   3.3867845670986713e-01	  -9.1567668178900524e-02	   2.4384360302853622e-01	   5.0127980519116511e-01	   6.0856642841000896e-01	   5.8787086263380395e-01	   2.9914445297188796e-01	   4.3749769003669103e-01	   7.9591450423043830e-02	
   4.6323132088038010e-01	   4.0665599159536220e-01	   8.0915271192184191e-01	   6.9526079108940242e-01	   7.8467314362917273e-01	   5.9323068561994852e-01	   7.1302577637573639e-01	   7.8264301272308212e-01	   0.0000000000000000e+00	   6.7961324427610803e-01	   5.5565629548816087e-01	   5.0966796212986809e-01	   6.9551301518436548e-01	   4.9065507282831072e-01	   8.4228850696440460e-01	   7.8974625538427701e-01	   3.5242127555569724e-01	   3.4371404313957449e-01	   5.4469732855817310e-01	   4.7973283781146397e-01	   5.0764470210293267e-01	   3.4897733761963801e-01	   7.9593850177835357e-01	   7.3643619194093968e-01	   5.2246501534329559e-01	   4.5543463433040143e-01	   6.9557162708161879e-01	   6.1141764366638385e-01	   4.6478189432202438e-01	   5.2032997453923358e-01	   5.9398881982165430e-01	   5.3719364765981581e-01	   4.8994993402369874e-01	   5.2896051958415669e-01	   5.2944886085278919e-01	   6.0994410238398400e-01	   4.8971243957151406e-01	   4.6278805415106572e-01	   4.2336927262560936e-01	   4.6652259894330889e-01	   4.8581942468405759e-01	   2.7797788823362407e-01	   3.7957590942813080e-01	   3.8273866440004523e-01	   3.9793012585578047e-01	   4.0404364828532863e-01	   3.6685578746603520e-01	   3.8636777372529674e-01	   2.4314669462667812e-01	   1.9204985033083199e-01	   3.4316264373868433e-01	   1.4745010266234571e-01	   4.2814723524233378e-01	   2.5240274397045520e-01	   6.1070809778295609e-01	   4.9564558532815584e-01	   2.9307021013764678e-01	   3.3682084159977788e-01	   4.7792625614322803e-01	   5.7208890336031615e-01	   6.0201451603794520e-01	   7.1176617654949403e-01	   5.5809552897620485e-01	   5.4069583695491175e-01	   7.0673319547689351e-01	   4.3426219062873289e-01	   6.1614392644451421e-01	   5.7567047975562780e-01	   2.4874579676866918e-01	   2.5692324314840187e-01	   5.5549801588753778e-01	   5.0145555857350721e-01	   5.5301718766721364e-01	   5.8691665168075091e-01	   6.6253407770055506e-01	   5.3345280036324783e-01	   5.5137976883917184e-01	   5.5486869736460775e-01	   3.6642389314632284e-01	   3.9927837969521673e-01	   4.6389121890778195e-01	   5.5950954269516728e-01	   6.4440933374441589e-01	   6.0717194947697450e-01	   6.4411146326891533e-01	   6.8141907452172101e-01	   4.3041506876698504e-01	   1.4233883233942507e-01	   8.1956324820924453e-01	   6.9599381385214554e-01	   7.7700857687845382e-01	   6.5364286372470914e-01	   7.8406529783303569e-01	   6.1150943774494060e-01	   2.1985811281989637e-01	   1.8185117702434053e-01	   3.3066441157455562e-01	   3.5851503024590692e-01	   5.6039009205206525e-01	   5.8439499009432005e-01	  -4.8635578071745261e-02	   3.1426169191268477e-01	   1.5433702893413742e-01	   3.3644217190575482e-01	   5.1647286327715225e-01	   4.1441261065735246e-01	   4.5772596674405003e-01	   1.5858244988543804e-01	   5.0597100469949294e-02	   2.0096964355067715e-01	   5.0389117554517759e-01	   6.1061177661448307e-01	   5.6052757503156725e-01	   1.9344753461263237e-01	   4.9440474199758849e-01	   2.4499220938755192e-01	
   4.7150656499914090e-01	   4.2622689140996450e-01	   5.3413400173204928e-01	   6.1331238062332549e-01	   7.2785856100418167e-01	   9.4453970905505757e-01	   2.2724179908010722e-01	   4.2310090170609738e-01	   6.7961324427610803e-01	   0.0000000000000000e+00	   2.6577489820832328e-01	   1.0808210994408417e-01	   3.3425088468354774e-01	  -7.9789978704488725e-03	   5.4647875026037562e-01	   6.0175332253876479e-01	   2.9467330642035572e-01	   2.6726659375660777e-01	   4.4943806786257007e-01	   4.4089259608960807e-01	   6.6443052756017629e-01	   5.4776499310333748e-01	   6.0076148023973563e-01	   6.3079099400567251e-01	   6.7824848552486117e-01	   8.2859749840588681e-01	   8.4346638264122453e-01	   8.4114669360606331e-01	   2.5809796286836728e-01	   3.0924398177556134e-01	   2.8258135672526968e-01	   2.3227785060441236e-01	   2.9896042868044070e-01	   3.3815694871895702e-01	   2.5755658788010793e-01	   3.3737867393318366e-01	   4.8034819057186406e-01	   4.9019856376371107e-01	   3.3331003523308844e-01	   4.7870538126986334e-01	   4.0224328619501276e-01	   2.8159767888563303e-01	  -3.5205615362694134e-02	   1.6196742368401330e-02	   1.7080485654949901e-01	   1.3065668757769880e-01	   7.4734413365141167e-02	   1.1530315715314338e-01	   1.1357970723066643e-01	  -2.5141765764442880e-02	   1.6131306967169592e-01	   2.5554579914298790e-02	   3.3084982700999410e-01	   6.0054132893195590e-02	   4.2084565451096417e-01	   2.3361034640910738e-01	   4.4514242516109531e-01	   4.1149483520970120e-01	   2.5603308284294712e-01	   2.7017890237486225e-01	   2.9994046507987271e-01	   3.8230508898015281e-01	   2.8781675056746914e-01	   1.9393311562806942e-01	   4.6468161617324866e-01	   3.9304116640149378e-01	   3.5536626752690936e-01	   3.0471342776098098e-01	   3.9120927859180499e-01	   4.4289753172395097e-01	   6.3299688645847940e-01	   6.1060685951782112e-01	   5.4644809945424810e-01	   4.5035411360685673e-01	   5.5015962297252063e-01	   4.7033016627967750e-01	   2.4537989582820136e-01	   2.4337149596163060e-01	   3.3426150112127073e-01	   2.9108015827112199e-01	   4.4012143278828825e-01	   3.8479962752128094e-01	   4.6855640701227042e-01	   3.8767816706607183e-01	   4.8933883731560157e-01	   4.7705941108198469e-01	   3.0741443977540794e-01	  -5.3661246036486157e-02	   6.6436700079783650e-01	   6.1841581206466989e-01	   4.8139163726773515e-01	   3.5204427246778891e-01	   5.5227186024081121e-01	   2.3220279708738453e-01	   2.4630569917786083e-01	   1.4731067340551379e-01	   1.5498785713934851e-01	   1.3461451510094347e-01	   2.2504630782693419e-01	   1.6898385429495050e-01	  -2.5566047581485207e-01	  -1.1108582598667477e-01	  -7.9429765082104808e-02	  -2.4104887495070750e-03	   2.4152390711391247e-01	   4.1432617330725785e-02	  -1.3704435882894387e-02	  -2.6360238863151247e-01	   1.0522569869728077e-01	   1.3207036147357698e-01	   3.0062654746778911e-01	   3.6720008823274919e-01	   3.3166271714526285e-01	  -3.0545733834838704e-02	   1.8334324175637590e-01	   4.0297049336058398e-02	
   6.3379149983836203e-01	   5.5032931156109277e-01	   6.2195590439283333e-01	   5.5064678251259436e-01	   4.1820081070939474e-01	   1.8174721467420690e-01	   6.5135912165476806e-01	   7.1142350239392393e-01	   5.5565629548816087e-01	   2.6577489820832328e-01	   0.0000000000000000e+00	   6.7814931415418056e-01	   8.0419346228430177e-01	   6.8889208683677750e-01	   6.4642396994210427e-01	   6.0629252449722881e-01	   6.2451310320278286e-01	   5.6300972116153847e-01	   6.5368214240606259e-01	   5.9060259255055580e-01	   2.2460938342630729e-01	   1.3269547064742013e-01	   5.8177637129364312e-01	   5.3832832883194137e-01	   3.2342633210332733e-01	   1.9525831726801823e-01	   2.7567972797489299e-01	   1.9570236859404141e-01	   6.8373055905029168e-01	   6.7017173359801607e-01	   5.5230686006929197e-01	   5.2047309366472072e-01	   5.8371339566906510e-01	   6.1471207048286447e-01	   4.8532591734450337e-01	   4.6408880331353736e-01	   3.8999187696939758e-01	   4.3392991373757284e-01	   3.8835360624110848e-01	   3.9911504300663031e-01	   5.1091327240554318e-01	   3.2784604346474422e-01	   3.9961193084467511e-01	   4.1112850743869311e-01	   3.1720817712835558e-01	   4.0274796228644338e-01	   3.9706847968764303e-01	   4.3236206564517699e-01	   1.9679211458825691e-01	   3.5261955157534253e-01	   3.5185661576057370e-01	   2.8311265040789146e-01	   4.3097531554830237e-01	   2.2419822508249915e-01	   6.3644366736430613e-01	   5.7616325966818571e-01	   4.2943062922036046e-01	   5.0952039461020648e-01	   5.9563500219316923e-01	   6.6301289452147083e-01	   7.1531244431226815e-01	   6.7017298804469905e-01	   6.5542083538210671e-01	   6.4051597694642570e-01	   4.9614351738745133e-01	   4.5201461780489022e-01	   5.3021931709204517e-01	   5.3887051953032661e-01	   3.7499208903582171e-01	   3.0115206970308123e-01	   2.7262847523102973e-01	   2.9993707627846883e-01	   6.7133117894131489e-01	   6.4382837396016457e-01	   6.1411072291345048e-01	   5.0748534879154050e-01	   6.0976990344056547e-01	   5.8521630531387336e-01	   5.3229078447795897e-01	   4.6560209963118171e-01	   5.6380109150039148e-01	   6.2610891984984096e-01	   6.6513201432193014e-01	   6.3892490915164224e-01	   6.3051811076730191e-01	   6.3848207893930087e-01	   4.5925628490877707e-01	   3.5711730097156946e-01	   5.0592597784419491e-01	   4.5499877491235857e-01	   4.2727614549371118e-01	   3.7128632825339192e-01	   4.2237007090731860e-01	   3.6909780995276448e-01	   1.4309480679795811e-01	   2.0183041658896084e-01	   4.8387773031788461e-01	   5.6889060295103344e-01	   6.2954593841871975e-01	   6.5579586054278338e-01	   3.1912888992870392e-01	   2.6088489224268913e-01	   3.6817458024105421e-01	   4.4197421693992123e-01	   3.6251926794256273e-01	   2.4072146411421730e-01	   5.1287831406875817e-01	   3.7877933001780029e-01	  -1.5027991865068996e-01	   3.3141076599970848e-01	   5.2661754273770645e-01	   4.7888892549011142e-01	   5.4487046938035433e-01	   3.6118861700985622e-01	   3.3635406980440741e-01	  -3.0492360703177741e-02	
   4.4563859201733930e-01	   5.7116676477596995e-01	   5.6081630443033226e-01	   6.0618718609337618e-01	   3.2187617991154782e-01	   4.6150851973964097e-02	   5.6074071016003957e-01	   7.4176563746442159e-01	   5.0966796212986809e-01	   1.0808210994408417e-01	   6.7814931415418056e-01	   0.0000000000000000e+00	   5.9311633301844580e-01	   8.3846915416655754e-01	   6.0082720579004201e-01	   6.1456106696799395e-01	   6.7314678127577898e-01	   6.7446355917821244e-01	   6.4500891401893012e-01	   6.5825347592524941e-01	   1.0915964001696235e-01	   6.4692406779966891e-02	   5.7420129867357816e-01	   5.5249839678964796e-01	   2.2265130537272448e-01	   5.0618399474497269e-02	   1.5076492147257167e-01	   4.6672385633492838e-02	   7.5418483628982691e-01	   8.2582286362336232e-01	   6.5870347417064079e-01	   5.7955479946880606e-01	   7.5369706000508119e-01	   7.5873111107821123e-01	   5.1738377161670712e-01	   5.8549626433048485e-01	   3.4900666273387609e-01	   3.3109339942429256e-01	   2.6450650545192095e-01	   3.1162423558423125e-01	   4.5937957679998132e-01	   2.8924968149927355e-01	   5.0758658081303087e-01	   5.2875646859081604e-01	   4.7703984567859403e-01	   6.0203414969693869e-01	   5.3005563736977679e-01	   4.9688058834313120e-01	   3.9951516740518622e-01	   5.6057043373360482e-01	   4.0384015290454522e-01	   4.2951668724999914e-01	   4.4193023119165076e-01	   3.6282335228255164e-01	   5.8853679382984025e-01	   6.2099062678708039e-01	   4.2893655707494083e-01	   5.0847522160319447e-01	   5.4014816924719189e-01	   7.6500918137068885e-01	   5.7872071604074338e-01	   7.0564062471353584e-01	   7.4415375532317096e-01	   8.8616308824139800e-01	   4.7567057911177457e-01	   3.5257961493368828e-01	   5.5695335061461915e-01	   6.9221152666772912e-01	   3.9815069479610365e-01	   3.2660468448505053e-01	   2.8169355841488453e-01	   1.7090834150429074e-01	   6.1548615979399368e-01	   6.8298080418054796e-01	   5.2052959694629297e-01	   5.0799127378256681e-01	   7.7120893162578852e-01	   7.0364990433568897e-01	   6.0507030595120148e-01	   5.5943521601526758e-01	   6.5218555520836652e-01	   7.8212913030365350e-01	   7.0087171707343365e-01	   7.5817508348231422e-01	   5.6308303679993943e-01	   7.1544799693261929e-01	   4.4538255443843294e-01	   3.8660341680744215e-01	   3.9412072103847562e-01	   4.9733086789126474e-01	   4.1804580684679438e-01	   3.4020568523563821e-01	   4.1726558867159191e-01	   3.8649885328220812e-01	   9.1461551028904658e-02	   1.2445962789312706e-01	   4.7864800198701224e-01	   5.0978932488295026e-01	   7.1198179783763993e-01	   6.1919334753402322e-01	   2.3445313007925414e-01	   3.1530518042754663e-01	   3.0314269018000284e-01	   2.9327423377488188e-01	   3.5025291241562734e-01	   2.2762214765566366e-01	   5.9646830715975074e-01	   4.0368322715789923e-01	  -1.9425583855875203e-01	   2.4700399770881806e-01	   3.9874436481806652e-01	   4.3727543427060483e-01	   4.5676799099443421e-01	   2.9483167908342234e-01	   2.9318537522106608e-01	  -3.7613977966316853e-02	
   5.6017196537718816e-01	   4.1230159363251184e-01	   7.2476495889522985e-01	   5.5345357965264097e-01	   5.1734258215536133e-01	   2.3428164565522042e-01	   7.9912952918104985e-01	   7.7547452016582430e-01	   6.9551301518436548e-01	   3.3425088468354774e-01	   8.0419346228430177e-01	   5.9311633301844580e-01	   0.0000000000000000e+00	   7.2147909075647054e-01	   8.2501850158053802e-01	   7.0110032040074977e-01	   4.3216786121020112e-01	   4.0600545278225675e-01	   5.5413923129633968e-01	   4.4816987288193488e-01	   3.1699417157496329e-01	   1.7404217468894106e-01	   6.6829846623224409e-01	   5.8278961105165672e-01	   4.2168156684605906e-01	   2.3930495404383503e-01	   4.1932554578275127e-01	   2.9303755971406492e-01	   5.4097207094321620e-01	   5.5026029392091846e-01	   4.9849242721020609e-01	   4.6894464621531529e-01	   4.9821053808908800e-01	   5.4672121739493962e-01	   6.3806791440909416e-01	   6.0402008742922786e-01	   4.5787664287203483e-01	   4.5256559610785152e-01	   4.7474066157579053e-01	   4.2100558420853307e-01	   4.8220454505611987e-01	   3.1877390610755685e-01	   4.7085208534672440e-01	   4.4128980827411313e-01	   3.0032551494821291e-01	   3.6642967620333861e-01	   4.1582798499863860e-01	   4.2998721445049060e-01	   1.8388311738146546e-01	   2.9866112126092592e-01	   4.8416827196078638e-01	   3.2086979484884526e-01	   3.8632328126790960e-01	   2.4658129710268689e-01	   6.3435844212286963e-01	   5.3931081173241235e-01	   2.9084545772308962e-01	   3.3233161415542317e-01	   5.6654630661566441e-01	   5.8494678177686177e-01	   7.0282892766539407e-01	   7.1784636390573398e-01	   5.2883730291971864e-01	   5.5083481305182946e-01	   7.1821945815400645e-01	   6.1070192046453375e-01	   6.2524363535745697e-01	   5.7990021929006375e-01	   2.3935773501722696e-01	   1.8339160816250685e-01	   3.2237913131074120e-01	   2.9140315509389769e-01	   5.9120811578215404e-01	   5.7295862154284327e-01	   6.1723239676133557e-01	   4.9628846615575301e-01	   6.3071432459764176e-01	   5.4926322049856946e-01	   3.9764748942913331e-01	   4.2262818349107323e-01	   4.4173159639227166e-01	   5.5779479579106672e-01	   6.2430463726013441e-01	   5.5997461349171374e-01	   7.2144210899802230e-01	   6.9853295463235399e-01	   4.5376794984496349e-01	   2.6119625973349836e-01	   6.2606625969758189e-01	   4.7381223178241572e-01	   5.9625675975076697e-01	   4.9993300631143656e-01	   6.0946955824207416e-01	   4.8027713684535150e-01	   1.6478994542104564e-01	   1.5411155045613834e-01	   3.9376135538241641e-01	   4.7350051609307525e-01	   5.8491498648343121e-01	   7.0588475184187183e-01	   1.9875080871936276e-01	   3.4196786380671418e-01	   3.5900283179343073e-01	   4.9419858021665602e-01	   4.9314850490620454e-01	   3.7083448216335269e-01	   4.9201879296609130e-01	   3.5478148552187472e-01	  -5.9080600818803897e-02	   2.6781697836424734e-01	   4.7513633159728430e-01	   4.6177915814435094e-01	   5.6520080791262195e-01	   3.3013886942999893e-01	   4.7562485185680148e-01	   4.5714685065852217e-02	
