   0.0000000000000000e+00	   7.5783979283206759e-01	   2.6754945520724682e-01	   4.7767236424658466e-01	   7.7214902987329276e-02	  -3.0058147471553810e-02	   2.8998672884933530e-01	   2.5828296351641755e-01	   1.5617962368962016e-01	  -2.8967878368084551e-02	   5.8209246826429284e-01	   5.9896633273988242e-01	   4.2791347315866146e-01	   3.5503896098538201e-01	   4.0701765491200664e-01	   3.2781407844894184e-01	   4.8075724212465887e-01	   5.7837249636811294e-01	   4.3779100344558097e-01	   5.8801559862631825e-01	  -1.5630499218438706e-01	   2.5341801333530305e-03	   2.4729846863366867e-01	   3.1194142587609719e-01	   9.6290872670856509e-02	  -7.5474953973850206e-02	   2.2397240856017303e-01	   2.2582451045355006e-01	   3.6781122766462920e-01	   3.4267186937740446e-01	   9.4929989279045154e-02	   2.3833646173414325e-01	   4.6079469874269297e-01	   4.6061067737310069e-01	   1.1479556884069551e-01	   2.2175256304073701e-02	  -1.6604859746480127e-01	  -1.3125403607105579e-01	  -1.5783549446548722e-01	   9.0117907268820352e-02	  -4.0665057601404042e-02	   4.0929663257658178e-02	   7.2524816260736114e-01	   7.3133819905699016e-01	   6.0567759349952133e-01	   7.0946761665768332e-01	   7.2684427245075023e-01	   7.2266329524844897e-01	   4.7048329140558603e-01	   7.5436456731259471e-01	   6.1881900226749831e-01	   7.1488653768327326e-01	   6.6971473782157109e-01	   4.9759250774732267e-01	   6.5678294128692960e-01	   5.7776375130088831e-01	   8.5163172752256244e-01	   7.5185299046021670e-01	   5.1701462959939393e-01	   3.5459264439303717e-01	   2.5191415923842669e-01	   1.4198406022405302e-01	   6.5136019880178109e-01	   5.1351972978019578e-01	   2.0339949320065345e-01	   2.1313125718467574e-01	   2.6322044296646202e-01	   1.2984642192505844e-01	   6.3756857340067818e-01	   7.2936990954551972e-01	   6.2969325230413931e-02	  -7.1023780702085509e-02	   2.0726122944584846e-01	   3.6495122120257317e-01	   5.3082525731202967e-01	   2.5727953083814625e-01	  -4.9393730761352001e-03	  -5.9774410043506952e-03	   4.7772746303890573e-01	   4.5808283645853731e-01	   7.4715847527572143e-01	   7.7149922969083984e-01	   2.5614670988003047e-01	   3.7874432431417232e-01	   6.4284299382324850e-01	   6.5895279213197222e-01	   2.4683637301685241e-01	   3.4906230096814594e-01	   3.7466580176818143e-01	   4.2368027332355129e-01	   1.5315799739946676e-01	   8.9044157989196238e-02	   5.8465676921744099e-02	   1.7621268241851651e-01	   3.3871146794505747e-01	   2.1843998158600569e-01	   6.7265905438890927e-01	   6.1315536494436618e-01	   4.7840713173531613e-01	   3.9779361735436108e-01	   1.0425084468111609e-01	   2.9441396453381918e-01	   4.2784527829150078e-02	   2.2392144988784113e-01	  -2.1813762012682100e-01	  -3.4766552072755447e-02	  -2.6809819436013640e-02	   2.3195945204224933e-01	   9.9979545513225729e-02	   3.7847159888514059e-01	   5.1815355870009849e-01	   2.9918605006306570e-01	  -2.5206441239757713e-02	   2.6844386324832709e-01	   2.8156424544434559e-02	  -4.5256413876710685e-02	
   7.5783979283206759e-01	   0.0000000000000000e+00	   1.7585449587155751e-02	   2.2565560995768039e-01	  -4.8742960390126502e-02	  -1.5258418926559988e-01	   1.2221602083804775e-03	   7.6365038642443289e-02	  -9.3455684762830171e-02	  -2.1162003719442540e-01	   4.4773553084978074e-01	   5.9422429869352045e-01	   3.0821764619701536e-01	   4.1953976559094674e-01	   2.1020374432047900e-01	   2.3426801916589018e-01	   6.2680730265430817e-01	   6.8060812575555951e-01	   2.4305684435374297e-01	   6.3193261455905092e-01	  -4.3380733044656394e-02	   1.2611284710129606e-01	   7.5543439662453860e-02	   9.2795199077832097e-02	   7.9254520503366940e-02	  -1.4661603817272187e-01	   2.0156375307178370e-01	   2.3712759804718783e-01	   3.3024938407378690e-01	   3.5846120142178595e-01	   5.9151778801678656e-02	   1.1338727276006014e-01	   3.0115781251631019e-01	   3.0411163135658248e-01	   2.4687050893336882e-02	  -6.0422873153755025e-02	  -1.7090763514088117e-01	  -1.1444321953937849e-01	  -1.7430427376513441e-01	  -7.0742145213691853e-03	   6.0785395134562575e-02	   1.5617543644813975e-01	   6.8551919159266084e-01	   6.9058844336689229e-01	   5.5067881096551452e-01	   6.4682700798378079e-01	   6.6660928657786345e-01	   6.7210788558374412e-01	   3.8540533809306909e-01	   6.9800046739019284e-01	   4.3360331691881743e-01	   5.6186989974917378e-01	   5.2348312973451749e-01	   3.1943688721618058e-01	   4.0078198277510357e-01	   3.7722647346748162e-01	   9.1124002633328827e-01	   8.6191267558555107e-01	   3.0165518512089418e-01	   3.4049129468132161e-01	   1.3429841366392115e-01	   6.1256113803208556e-02	   5.3598247738364013e-01	   5.2038290164262890e-01	  -6.0543546563139455e-02	   3.6555680083391419e-02	   2.4667292491527541e-02	  -4.3773026566590260e-02	   7.6171256449521640e-01	   8.1807425779733856e-01	   1.5231906760196492e-01	  -2.3504393893301560e-02	   1.7542077142043183e-01	   3.2871781575066894e-01	   3.9088124388286455e-01	   2.5215081691274571e-01	  -1.1319641102746758e-01	  -8.1875341569667304e-02	   5.7153312860922934e-01	   4.4469657535407148e-01	   6.1725879777118009e-01	   5.7127762548905303e-01	   9.1739569383604169e-02	   2.9686217706610563e-01	   2.9218544408102365e-01	   3.5974659118842611e-01	   1.8701857343274325e-01	   1.8208681839299340e-01	   2.4222483306163728e-01	   3.6003215728833549e-01	   3.0613824571136027e-03	  -9.8277274268116208e-02	  -1.5891035138972026e-01	  -6.5387487266730729e-02	   2.4446756601526656e-01	   6.6757403580311431e-02	   4.4363245413300723e-01	   3.6850671678746300e-01	   3.4410244563993014e-01	   1.8871462272172665e-01	   1.4727195764464508e-02	   1.0965012917639599e-01	  -5.4847529231225489e-02	   6.3522235396805252e-02	  -2.4196839026582589e-01	  -1.3454556828318692e-01	  -3.5599071775896322e-02	   2.5885617906658182e-02	   1.4255717071149648e-01	   2.7812485247214552e-01	   3.6827685654893361e-01	   1.4839339733669446e-01	  -1.0797265812731208e-01	   1.2944438029824137e-01	  -1.5517488611166508e-01	   3.5295418009001142e-02	
   2.6754945520724682e-01	   1.7585449587155751e-02	   0.0000000000000000e+00	   7.6797102684144358e-01	   5.0048988503386060e-01	   5.0869631721485542e-01	   8.4315958841718963e-01	   4.7523909271949349e-01	   4.7994527898254213e-01	   3.8496107828858750e-01	   3.0322752746506415e-01	   3.2767043513303834e-01	   5.9807028281276065e-01	   4.4364539818046467e-01	   7.8074899802471154e-01	   8.1934927783584155e-01	  -7.4059808355753376e-02	   7.6491805057982878e-02	   7.6084790593816531e-01	   4.9980047371062641e-01	   1.7421251702419424e-01	   2.3579530390849815e-01	   9.2845486651288422e-01	   8.6395001049250997e-01	   7.2441106251573162e-01	   7.1664425089324180e-01	   7.2360282913732954e-01	   7.0978458442002557e-01	   2.4573964081002014e-01	   3.9881600488713520e-01	   6.7214295929402668e-01	   7.9346413064660859e-01	   5.9001985304982307e-01	   6.7448729054081569e-01	   7.4567823221097529e-01	   6.0906922580327394e-01	   3.8495529197682711e-02	   1.6258694435699914e-01	   1.7251252199253364e-01	   3.2157094430193206e-01	   6.5537328941625769e-02	   1.5353866332432317e-01	   4.4491967356110146e-01	   3.1223340235043540e-01	   4.8722982048525032e-01	   3.4310063886153852e-01	   4.1262489115464218e-01	   4.3406660339981329e-01	   5.9710712115346531e-01	   3.4932449506306767e-01	   7.2001713198728801e-01	   5.1227925995841495e-01	   5.5018034883506173e-01	   5.7181019775709496e-01	   5.4744652896306900e-01	   6.1051934388710527e-01	   3.4946988401563413e-02	   1.5093223384882981e-01	   6.3008013086463399e-01	   3.6736932989556492e-01	   4.2853128923022282e-01	   3.4414536494356118e-01	   1.7619973337520176e-01	   9.2744946894024585e-02	   8.3222881290580453e-01	   6.2862929178807003e-01	   7.7657856355947941e-01	   5.4551287749342958e-01	   2.2422480541300319e-01	   2.3487466223940417e-01	   4.2820506634401673e-01	   2.5617993321716981e-01	   2.3423462397325062e-01	   2.3307097062898119e-01	   4.9559632461705749e-01	   3.7965975536186108e-01	   3.4626446331220384e-01	   3.0082371027123633e-01	   8.9297528720246266e-02	   2.5583682855609446e-01	   2.3573840644118960e-01	   3.1856077350352630e-01	   7.4973118924768578e-01	   6.6393445580981270e-01	   6.8033039984174293e-01	   6.1218600281036284e-01	   6.9559956214945817e-01	   6.8736168463526415e-01	   7.9471921964441083e-01	   7.4335827330051563e-01	   6.4946258180790872e-01	   7.2805227992567989e-01	   6.8028783744834698e-01	   8.0289632352294660e-01	   4.0595269265710465e-01	   3.2854393131427595e-01	   4.6147544007388952e-01	   4.4405386400443880e-01	   5.3006827824677016e-01	   6.9982519218494033e-01	   4.3330551513723869e-01	   6.3067799023728444e-01	   2.3813514208037728e-01	   5.6646213554905112e-01	   1.5006043587921636e-01	   4.2207731811536064e-01	   3.2973514865962228e-01	   4.8742933199138261e-01	   9.3876647413728698e-02	   3.0044721919593459e-01	   3.7555867709403579e-01	   4.0005508266679501e-01	   3.2741541172444505e-01	   3.7990432925596124e-01	   4.1883261025955848e-01	  -2.1057365597775721e-01	
   4.7767236424658466e-01	   2.2565560995768039e-01	   7.6797102684144358e-01	   0.0000000000000000e+00	   4.2936547894758209e-01	   5.6563294173779299e-01	   7.1325319402436915e-01	   7.6850967176711205e-01	   5.2741004850698392e-01	   5.2699548300734511e-01	   5.4877699270405911e-01	   5.0393005971563576e-01	   6.0314061069777847e-01	   5.6534229962486582e-01	   6.2672332608982328e-01	   7.3334769768404273e-01	   1.6573252078638565e-01	   2.6931461132307377e-01	   6.7547479489668594e-01	   5.6122549440744718e-01	  -8.0534677890174378e-02	   8.6998941947109693e-02	   6.8183013861206476e-01	   8.0835341316619824e-01	   5.3557475690265322e-01	   5.8559590769026637e-01	   5.3857380156830925e-01	   5.6529107036694604e-01	   1.8992466388229534e-01	   3.5098063953616260e-01	   3.7838076462068354e-01	   6.2670992167876505e-01	   6.3059850427679986e-01	   7.3407585344152326e-01	   6.1987742031880666e-01	   5.9045282860728343e-01	  -5.9955680179563930e-02	   2.7257066491069411e-02	   4.5753390614205275e-02	   3.2809390367970326e-01	  -2.1145984728097866e-02	   1.1051194727317509e-01	   5.6313016278846917e-01	   4.9849922872715935e-01	   6.0863179278720936e-01	   5.5539634030677421e-01	   4.8778759503034319e-01	   5.4842805183600629e-01	   6.4430526656117348e-01	   5.0665394764179861e-01	   7.9494528631243178e-01	   6.5250537472754866e-01	   6.7583580397590837e-01	   5.0945553645548691e-01	   5.7149590719452781e-01	   6.4182119619384159e-01	   2.8575306034390391e-01	   3.3789045163177633e-01	   6.7245255044422270e-01	   6.2946339451083289e-01	   4.4098684410297134e-01	   5.6340661699981787e-01	   2.9998081481378547e-01	   3.3866059872052001e-01	   7.4281966751772033e-01	   8.3088826053042530e-01	   8.0710383124579810e-01	   7.2040896294744106e-01	   3.5668884234356030e-01	   3.6289303781855303e-01	   2.1109427903821426e-01	   1.7768404980555097e-01	   1.6693136950261336e-01	   3.7695187421711485e-01	   5.2914076056883275e-01	   4.2794840537440504e-01	   3.3811822128123359e-01	   3.4443156034831202e-01	   3.1958098179111144e-01	   3.7678224057731957e-01	   3.9781280920012752e-01	   5.0626391440304697e-01	   6.0159285246548999e-01	   6.1532356928863408e-01	   7.5153646400640584e-01	   7.7128226601867822e-01	   5.1506267978622222e-01	   6.7652243359198994e-01	   7.4130326686769377e-01	   7.4392542620456825e-01	   6.8477997171176408e-01	   5.7315731784963830e-01	   7.4249503343556156e-01	   6.8825629031761615e-01	   4.4723212703222481e-01	   4.3993572255997926e-01	   5.9324314007775070e-01	   5.5231052631192989e-01	   6.0178494220231915e-01	   7.0067084990125628e-01	   5.4150843602630561e-01	   5.9081016650476581e-01	   3.4618491435636933e-01	   5.8010722906703971e-01	   2.3635447577347174e-01	   3.6142099021189045e-01	   2.5850839587611973e-01	   4.9733781597505350e-01	   2.9144167898340728e-01	   4.1305615384911076e-01	   4.4493765587507506e-01	   4.8817405961398996e-01	   3.5783674777923036e-01	   4.1880284747011004e-01	   4.8786564745223038e-01	  -1.2159444638343700e-01	
   7.7214902987329276e-02	  -4.8742960390126502e-02	   5.0048988503386060e-01	   4.2936547894758209e-01	   0.0000000000000000e+00	   7.0347363068923063e-01	   5.9669270215024361e-01	   3.7279716933450707e-01	   8.2367765316995500e-01	   4.9214627033007863e-01	   2.0609277169269119e-01	   2.3848113945375946e-01	   4.2935370841330189e-01	   2.0744147460626128e-01	   5.4729987923294654e-01	   4.3993320376356537e-01	  -7.8461657115936542e-02	   5.2187806188681601e-02	   4.3307317456670175e-01	   2.9450704739390654e-01	   5.2849856810113505e-01	   3.5774407875244157e-01	   3.9490744901984509e-01	   4.2053535910300954e-01	   5.0053459467763184e-01	   5.8125577496963787e-01	   4.5124078770141207e-01	   4.0276709027561386e-01	   2.0203060714331152e-02	   1.0999011214536233e-01	   3.1664448110247767e-01	   2.6828521877013994e-01	   2.2943865122788926e-01	   3.1056617295826738e-01	   2.7629662631530849e-01	   3.1526441346184869e-01	   2.9466678345746522e-01	   2.1126830486580986e-01	   4.8987854635184985e-01	   5.3431694260204643e-01	   2.4494075585928296e-01	   2.6943952102429591e-01	   2.8337360957814972e-01	   2.6156603238238030e-01	   3.7306710649819497e-01	   3.1469642567356526e-01	   2.5665796662868889e-01	   3.2959680162923310e-01	   5.0648189187191262e-01	   3.3998057330578063e-01	   4.7812618170870153e-01	   3.6758770726486389e-01	   3.3890004360616244e-01	   4.7149331074541828e-01	   3.6867548824990914e-01	   4.4488729070562294e-01	  -4.3107573016003889e-02	  -7.8364516086088607e-03	   5.7543224921313696e-01	   4.5227205845731328e-01	   6.4688492262565500e-01	   4.9827159657946135e-01	   6.7451810215817615e-02	   3.2632974900586986e-01	   5.1427040658195100e-01	   4.6810050057843933e-01	   4.9694651316489369e-01	   4.1004762566711850e-01	  -3.2720810319710428e-02	   5.7715330470059209e-02	   3.3092127626658757e-01	   2.9113527004916040e-01	   2.1430814241001730e-01	   1.9035229863107084e-01	   2.8890377923790816e-01	   2.0139250165070893e-01	   3.0265444320176631e-02	   8.6159121326581101e-02	  -1.1659214312159585e-01	   4.6278183138396517e-02	   5.8702900740537967e-02	   2.8605839836925395e-01	   4.7498683192505964e-01	   4.8946463893741277e-01	   4.1509596780586466e-01	   4.7756521738298990e-01	   5.0285523283046840e-01	   3.4386967606114111e-01	   5.1745428713491193e-01	   5.6239097067204968e-01	   4.1872985129061480e-01	   3.8430312360473218e-01	   3.2935188222916501e-01	   2.8437067565460905e-01	   2.7311819778374274e-01	   3.8124624741355884e-01	   3.2404193286584182e-01	   3.7045800988537947e-01	   3.6258137952358022e-01	   4.4644258462536157e-01	   3.5006924806021927e-01	   1.2582104331346960e-01	   1.7811023360402845e-01	   1.5756673026554546e-01	   1.9514282048069900e-01	   2.7673500337188295e-01	   1.8616209766945366e-01	   1.2135621426899806e-01	   1.2399103968575075e-01	   1.8542158651340357e-01	   3.7076376980226600e-01	   3.6130417746037191e-01	   4.2947588572585216e-01	   4.0418284274519922e-01	   2.6442975524646506e-01	  -5.6142706947437393e-02	
  -3.0058147471553810e-02	  -1.5258418926559988e-01	   5.0869631721485542e-01	   5.6563294173779299e-01	   7.0347363068923063e-01	   0.0000000000000000e+00	   6.4112258382011678e-01	   6.1470889746064639e-01	   7.1974087242236340e-01	   8.0636462360374661e-01	   3.0355524574550730e-01	   2.9799897615084558e-01	   4.8416120494289250e-01	   3.4637835360188651e-01	   4.5319812437918949e-01	   5.1994059245541391e-01	  -1.0493654828788198e-02	   8.7692009536039714e-02	   3.5696649715696577e-01	   3.1133238242531813e-01	   2.4999229254122779e-01	   3.6788709725886737e-01	   3.7825522354601554e-01	   4.4739701616361177e-01	   4.3118182945160705e-01	   6.1650606960831711e-01	   3.2390815934728390e-01	   4.1254000665896479e-01	  -5.7869523001878712e-02	   1.2496012466971027e-01	   3.1808470995154747e-01	   3.8135797383479408e-01	   2.9440815808465548e-01	   4.5158055219185661e-01	   3.6814299413554324e-01	   5.2742402355652018e-01	   1.1662749086913249e-01	   1.1040128417981962e-01	   2.3506604591031929e-01	   4.0549501363004492e-01	   4.3844419551708827e-02	   1.3138704801447845e-01	   2.1133386698652487e-01	   1.9266726841729656e-01	   3.5121981034866856e-01	   2.5510588360448072e-01	   1.1537525101938903e-01	   2.6109760626891276e-01	   5.5366620473130113e-01	   2.2777813414263029e-01	   5.4399464597309199e-01	   4.6881175627519611e-01	   4.1096007546424751e-01	   3.9757922461888157e-01	   2.1023220368345463e-01	   3.7322316185568183e-01	  -1.5397938223515395e-01	  -7.4289579637765724e-02	   5.5270839624883661e-01	   5.4208536239845262e-01	   6.0281481586310526e-01	   7.0527986799117304e-01	   2.6649632758495172e-02	   3.3507666905830435e-01	   5.0480516481527649e-01	   6.5162019127253323e-01	   6.7325905455395851e-01	   6.9117709901295854e-01	  -1.6193097644683605e-02	   1.0905223145239474e-02	   3.6254498097938720e-01	   4.0952752175240487e-01	   1.0028042036164171e-01	   2.8690445416044785e-01	   2.4071322823866206e-01	   3.2096948982038120e-01	   2.4886528042215730e-01	   3.9086905960827562e-01	   8.2410876985871601e-02	   2.0651187536641002e-01	   8.6641939218530167e-02	   2.9153053444841925e-01	   3.4674224596018782e-01	   4.4136161968588516e-01	   3.9849077241284447e-01	   4.7629219097134112e-01	   3.4149670320607639e-01	   3.3184778234083445e-01	   6.2795211412561236e-01	   5.7819406103736959e-01	   6.6564616014989875e-01	   4.9905445098762402e-01	   5.9808071196933521e-01	   5.0722103326111556e-01	   1.6009900208732281e-01	   2.9836411087531178e-01	   3.0335149248503779e-01	   3.4920470127898251e-01	   4.4479773430535174e-01	   5.2442693444408495e-01	   5.1354617812225523e-01	   4.1063020478409101e-01	   4.1607013342339050e-01	   4.2316270248106858e-01	   3.8430319059796625e-01	   4.6340635981018052e-01	   3.8792804008007642e-01	   3.3238488698551205e-01	   1.2771408850938165e-01	   3.0613456206875800e-01	   3.4908899451330128e-01	   4.3828471298755389e-01	   4.6905111430731827e-01	   4.0068101786020560e-01	   4.6517254166839406e-01	   1.9095758205126271e-02	
   2.8998672884933530e-01	   1.2221602083804775e-03	   8.4315958841718963e-01	   7.1325319402436915e-01	   5.9669270215024361e-01	   6.4112258382011678e-01	   0.0000000000000000e+00	   6.9301773404748324e-01	   6.3186314865770332e-01	   5.3097636396280490e-01	   4.8020608215887739e-01	   4.3667760450739013e-01	   7.6839575409229577e-01	   4.9058417323392967e-01	   6.5002714460633149e-01	   6.9934471686210675e-01	  -1.6397162412928899e-02	   9.8060826241448545e-02	   6.1890839892623362e-01	   4.4607313179644226e-01	   2.4026826971055548e-01	   3.0044315344874400e-01	   6.7998105315709734e-01	   6.8380143982254715e-01	   4.8209850669017928e-01	   5.3732426134265299e-01	   4.5787379542202866e-01	   4.9976971181961050e-01	   2.7127452180839606e-01	   3.6752084435114418e-01	   5.8280386507895632e-01	   6.6718196429866683e-01	   5.4519628041540713e-01	   6.1783591218102196e-01	   3.8968948470496073e-01	   3.7326520186305201e-01	  -6.9813295434248329e-02	   4.3079706633670146e-02	   9.1804789445903409e-02	   2.8608166099871657e-01	   4.7895802022702751e-03	   1.4629750662998642e-01	   5.0143181080817523e-01	   4.1620159359506115e-01	   6.1616095005472549e-01	   4.9457154803625197e-01	   4.8321476622659570e-01	   5.1436546336336653e-01	   7.3094137232594003e-01	   4.8171332218110385e-01	   6.7541175791669716e-01	   5.7048394177535044e-01	   5.5729228774234796e-01	   5.6866217216665715e-01	   5.0792401665418530e-01	   5.8380658808600727e-01	   5.0129063040504185e-02	   7.3896317451422083e-02	   7.4332679328155338e-01	   4.4676751241041568e-01	   6.9245206543064197e-01	   5.5177517783470797e-01	   3.1792965294794612e-01	   3.4957190035023011e-01	   7.0183807510620988e-01	   5.7778168250994488e-01	   6.4692755717833261e-01	   4.8216576027616531e-01	   1.0174675255841648e-01	   1.4694359024878489e-01	   4.4188844909730007e-01	   3.6401763272878018e-01	   2.2128692095769298e-01	   2.8379062604980748e-01	   4.6359956753392917e-01	   3.5047134176608874e-01	   2.0867513279119476e-01	   1.9611755454600760e-01	   7.7852971485586023e-02	   2.2446433140482852e-01	   3.4600732686265295e-01	   4.5165905638323955e-01	   5.3090842031554897e-01	   5.6280140944649815e-01	   5.6211905592766365e-01	   6.5245061266644000e-01	   4.2225398615370469e-01	   4.1017386608730277e-01	   6.9335659333733424e-01	   6.4967322916665715e-01	   6.1495204208126664e-01	   5.4944040608733014e-01	   5.6741155538272681e-01	   5.9484024825139592e-01	   3.2828826416571522e-01	   3.9733494858612206e-01	   4.5796761417407128e-01	   4.4416712672425179e-01	   5.2608870642139960e-01	   6.1673021069318257e-01	   4.9415352771704490e-01	   5.8085291992131438e-01	   2.3089818889440880e-01	   4.7920374280984512e-01	   3.9380373291020745e-02	   2.8972603288240895e-01	   2.2235018048554511e-01	   3.1066970343305400e-01	   1.3247188132639595e-01	   3.9067593934057676e-01	   2.8360662569450551e-01	   3.5924519495771612e-01	   4.0764713639132277e-01	   2.8459463412926828e-01	   2.5565355970428760e-01	  -1.8510603577988172e-01	
   2.5828296351641755e-01	   7.6365038642443289e-02	   4.7523909271949349e-01	   7.6850967176711205e-01	   3.7279716933450707e-01	   6.1470889746064639e-01	   6.9301773404748324e-01	   0.0000000000000000e+00	   5.4589515996121352e-01	   6.6539595160280440e-01	   6.3687790239324782e-01	   5.2251984460515344e-01	   6.6640924897649478e-01	   6.4072827363673590e-01	   3.0040311891824789e-01	   4.7912919782397545e-01	   8.9563821880484562e-02	   1.3554097282740252e-01	   3.6101855755802154e-01	   3.7369610975691292e-01	  -7.4519038917848307e-02	   1.4534492256115158e-01	   3.0043698314543227e-01	   4.6580242525927901e-01	   1.5686035502811901e-01	   3.2453212694002687e-01	   7.7214327120648407e-02	   2.1401820240830224e-01	   1.6066548889388177e-01	   2.6997707261167597e-01	   2.0880083991565845e-01	   4.1014759168863979e-01	   5.3340654967408718e-01	   6.1882536758921192e-01	   2.2287124486284887e-01	   3.6213849534974107e-01	  -2.4811375457749224e-01	  -9.5906308989132494e-02	  -1.1336329426579686e-01	   2.1145297463892843e-01	  -1.6138405060352978e-01	   5.7476126655447074e-02	   3.7672301810932485e-01	   3.3109607076355974e-01	   5.0261080576437900e-01	   4.8289529098974138e-01	   3.0214560429674336e-01	   3.7337126876894522e-01	   6.0930532537408566e-01	   4.1753687406468110e-01	   5.2415983977004710e-01	   5.1818530196921553e-01	   4.3648236439217164e-01	   2.9668950504959696e-01	   3.3477365367528844e-01	   4.5422754795175307e-01	   1.0758781415896419e-01	   4.0653789874289997e-02	   6.5479426782890682e-01	   6.8311999891809017e-01	   6.4820452600259038e-01	   8.0318849315822916e-01	   3.1123875477194640e-01	   5.4046760935106852e-01	   4.7109367035405603e-01	   7.1252115344863687e-01	   5.6852647442023641e-01	   6.5523894417550665e-01	   5.9462979792172847e-02	   1.1008429224679636e-01	   1.5941997901454077e-01	   2.7097147604384608e-01	   1.2253101211791780e-01	   3.6723566745651381e-01	   3.7378083261574241e-01	   3.9813274906438267e-01	   2.5902038399863214e-01	   2.4107763580749822e-01	   1.8802878922606453e-01	   1.9512669670752769e-01	   3.1324364583310754e-01	   3.7665937333790150e-01	   2.8403617300658301e-01	   3.8170696845517632e-01	   3.2315656318058894e-01	   5.6462647238072816e-01	   9.2618375501305972e-02	   2.6713823832280426e-01	   4.9398949445753360e-01	   5.0316961809824834e-01	   6.0974798106296269e-01	   2.6347855603843368e-01	   5.8240348795873087e-01	   3.5793204681770308e-01	   2.5319500712676118e-01	   3.6064684582637219e-01	   4.2114684734440727e-01	   3.8719178370102836e-01	   4.5924183259629209e-01	   4.7084288401790969e-01	   6.0929230370834953e-01	   4.5898573880610605e-01	   3.6447404686173052e-01	   4.2876855128417002e-01	   2.3883327318474556e-01	   1.4226066499858375e-01	   1.3896500875511261e-01	   2.4286812749312056e-01	   3.0095911450441848e-01	   3.6714989622985783e-01	   1.9783676717723403e-01	   3.2194316118515542e-01	   3.5705658430974285e-01	   1.3433117103725523e-01	   2.9322165074963180e-01	   7.4663375804564724e-02	
   1.5617962368962016e-01	  -9.3455684762830171e-02	   4.7994527898254213e-01	   5.2741004850698392e-01	   8.2367765316995500e-01	   7.1974087242236340e-01	   6.3186314865770332e-01	   5.4589515996121352e-01	   0.0000000000000000e+00	   7.1359920795466136e-01	   3.5587225062753070e-01	   3.4836029491314607e-01	   4.9720160189848467e-01	   1.9111103700008791e-01	   5.3481868731109294e-01	   4.2034921299329336e-01	  -1.1491577432204286e-01	  -3.5601582510803191e-02	   3.4743392012629337e-01	   1.5728503108391606e-01	   2.1968028908678047e-01	   1.3274744450233997e-01	   2.9979095761718777e-01	   3.8924933127882255e-01	   2.3615861412558728e-01	   3.8200947761040621e-01	   2.1943620325993146e-01	   2.1766795050812471e-01	  -6.7707349680584172e-02	  -6.1303139066173060e-02	   5.2713356208880346e-02	   1.6043560186804068e-01	   2.0355568630562432e-01	   3.2008730764780813e-01	   2.0115691546937595e-01	   3.0064729763116005e-01	   1.2690159291200018e-01	  -5.0180824118065542e-03	   2.3647383555006712e-01	   4.1233805288860403e-01	   5.3444545913861417e-03	  -2.3498601457033624e-02	   3.3314363355061349e-01	   2.9627376216630869e-01	   3.8036919470306585e-01	   3.6435874346031066e-01	   3.0877904021723196e-01	   3.5119006717013546e-01	   5.2263349485898403e-01	   3.5712364531892438e-01	   5.0636977001259598e-01	   4.3386337509625583e-01	   4.2224823200830430e-01	   4.7256798811493883e-01	   3.6259392911264166e-01	   4.5356302818001493e-01	  -2.8059395160584033e-02	  -8.0262414468260504e-02	   6.1692059553563339e-01	   5.0908051430450918e-01	   7.0952257350112213e-01	   6.6461188061023169e-01	   8.6077463129838327e-02	   4.0672519464779755e-01	   6.0265372517319193e-01	   5.9060947829752275e-01	   4.8654187463112392e-01	   4.7062515638076885e-01	  -1.4610003769725627e-01	  -4.5423198243540498e-02	   1.5383159933445628e-01	   1.2826719360225239e-01	  -4.9358743172382272e-02	   2.3033148280678539e-02	   2.0728157163141550e-01	   9.3839613258995397e-02	   5.7471577248276708e-02	   1.3147006281004553e-01	  -1.4411508656998381e-01	  -2.1365990121830644e-02	   5.2362063043113583e-02	   3.1666590484552032e-01	   4.5791498248792634e-01	   3.4558984865489184e-01	   5.1208842360352491e-01	   5.7846070256140103e-01	   3.3887429649507811e-01	   3.3391452223950246e-01	   4.8325705646908040e-01	   5.2596384358475590e-01	   4.4640212519810035e-01	   3.7100517799895472e-01	   4.3756091172854983e-01	   3.2633231151694719e-01	   4.0150779542180498e-01	   5.1819242565733237e-01	   3.8070160789280094e-01	   3.8723912751861911e-01	   3.4096436076563119e-01	   4.7827725708822255e-01	   3.5209432462919799e-01	   1.4293351323138498e-01	   1.4474617298847287e-01	   2.0169942719352243e-01	   2.2235139320215799e-01	   2.0247895306121766e-01	   2.1723505572368002e-01	   2.4043894629252255e-01	   2.6530019586059361e-01	   2.5877619566640270e-01	   3.2785842284753430e-01	   3.9389472865291564e-01	   4.8865703599685489e-01	   3.7598921221504600e-01	   3.1708461993316428e-01	  -1.3810576176335753e-02	
  -2.8967878368084551e-02	  -2.1162003719442540e-01	   3.8496107828858750e-01	   5.2699548300734511e-01	   4.9214627033007863e-01	   8.0636462360374661e-01	   5.3097636396280490e-01	   6.6539595160280440e-01	   7.1359920795466136e-01	   0.0000000000000000e+00	   2.1907480048755765e-01	   2.3367693919084981e-01	   2.8199080475149529e-01	   1.7518935802872815e-01	   2.0053876156640713e-01	   2.8589294103647128e-01	  -9.6533907656621620e-02	   9.2129785118806838e-03	   2.4914522825737576e-01	   1.2321116431431256e-01	  -3.0967958075677759e-02	   3.3725432832189921e-02	   1.5873481931005379e-01	   2.5023478142686284e-01	   1.5808668990849145e-01	   3.7851491763725265e-01	   9.2582641183828899e-04	   4.1162802399898030e-02	  -1.0688834818322453e-01	   9.7296654513715219e-03	   1.1765671273772310e-01	   2.0693046228346154e-01	   2.4154178510198498e-01	   3.6729190169527437e-01	   2.2094215066629028e-01	   3.7218657114588238e-01	  -2.2772864713298999e-03	   5.3421447760058759e-03	   8.8647460564126743e-02	   2.8998698228538938e-01	  -1.8750077733398463e-01	  -2.6524403171017619e-02	   1.9640499745221984e-01	   1.5891710200706566e-01	   3.0748017868065813e-01	   2.5936912262536610e-01	   9.1728993599037939e-02	   1.9126020592685170e-01	   4.3667129967142271e-01	   2.0748251525600173e-01	   4.3525295133904579e-01	   4.2306913988963951e-01	   3.5331871888428135e-01	   3.7417326485821600e-01	   1.6880129438673652e-01	   3.0256821018737429e-01	  -1.5822342679853324e-01	  -1.2007459168900975e-01	   4.4509618697445197e-01	   5.0987228292446263e-01	   4.5775553828585697e-01	   6.3694011390069849e-01	   4.5482649410776566e-02	   2.7816651095627115e-01	   4.0716081239790358e-01	   5.2540985047945288e-01	   5.6327659402664987e-01	   6.4816209058449981e-01	  -1.5873006126805916e-01	  -1.1617008208324675e-01	   1.8135816086613765e-01	   3.1291691960729584e-01	  -1.2322123342952318e-02	   1.8183427725280826e-01	   1.6232670585681344e-01	   2.9258418527505214e-01	   2.9437041442326650e-01	   4.6015969597879353e-01	  -3.2527163564831353e-02	   1.3694793089004248e-01	   5.3875578565755380e-02	   2.3370692905575297e-01	   2.2835953181059640e-01	   2.7019759259148335e-01	   3.1007478251146270e-01	   3.8190393297618325e-01	   9.7693566244619279e-02	   1.6233511930618683e-01	   3.7862318940323247e-01	   3.5510615739620693e-01	   6.3067268047908676e-01	   4.0775112960391668e-01	   6.1102489141391680e-01	   4.1962232449636877e-01	   1.9519542814932703e-01	   3.2838378327211803e-01	   2.4478080644214306e-01	   2.5352662296597045e-01	   3.6729117234986242e-01	   4.1199138190235840e-01	   5.5327865934192899e-01	   3.2424257508671617e-01	   5.0581910777764560e-01	   3.9210586690681171e-01	   4.8523170799631221e-01	   4.3154037519539534e-01	   3.8545778004414588e-01	   3.8943233823498924e-01	   2.5856764876451782e-01	   2.3700896422802181e-01	   2.0417937263458968e-01	   3.4251105590011965e-01	   4.6650213884316072e-01	   2.4753796698150468e-01	   4.1507181839732232e-01	   2.0710466602857364e-01	
   5.8209246826429284e-01	   4.4773553084978074e-01	   3.0322752746506415e-01	   5.4877699270405911e-01	   2.0609277169269119e-01	   3.0355524574550730e-01	   4.8020608215887739e-01	   6.3687790239324782e-01	   3.5587225062753070e-01	   2.1907480048755765e-01	   0.0000000000000000e+00	   7.4370138312234380e-01	   8.3004519934829801e-01	   7.3491994661641669e-01	   4.5669442399059151e-01	   4.9767921192389519e-01	   5.4377293986350828e-01	   5.2636774623206994e-01	   4.9432276148387444e-01	   5.6002834272957625e-01	   7.0009801470508976e-02	   2.5371201935350918e-01	   2.7057577255832621e-01	   3.7911326803890300e-01	   7.7930061533454303e-02	   5.6230336010320785e-02	   1.3104376656225347e-01	   2.5754458559185706e-01	   4.6843467257216070e-01	   5.0631110843328764e-01	   1.7049568049952496e-01	   3.6830327988051081e-01	   5.4304927773182499e-01	   5.4751787457937173e-01	   1.0374362894231248e-01	   1.4231400199307906e-01	  -1.6359381187079036e-01	  -1.7221783414705007e-02	  -9.8907562363851814e-02	   1.8278883447336941e-01	   4.4811474294239519e-02	   8.5791765693650879e-02	   5.0153110168347659e-01	   5.4376110564198199e-01	   4.8187200120513540e-01	   5.5097799201777153e-01	   4.9638603164358552e-01	   5.6807354965705681e-01	   5.3565951885255436e-01	   6.0425179193527834e-01	   4.9748623349864823e-01	   5.9173979056226722e-01	   4.8819953046419096e-01	   2.7212529627965282e-01	   4.7772480100824355e-01	   5.1502897500700162e-01	   4.6545113018671008e-01	   4.0423583245124162e-01	   6.0711428933010836e-01	   5.5268017591609186e-01	   5.9764145605761465e-01	   6.2449159306724500e-01	   6.8159885877278947e-01	   7.2394500942768425e-01	   2.2695577997619093e-01	   4.4799980537686174e-01	   3.5460445242464878e-01	   3.3236381333585513e-01	   4.0087005367645401e-01	   5.0346361104570558e-01	   1.9778072236046412e-01	   5.6431331686551671e-02	   2.2368147543830591e-01	   4.8758102210354998e-01	   5.3382276551651975e-01	   4.4195918501825937e-01	   2.4017257036118519e-01	   1.7385945069622327e-01	   5.5080161150551155e-01	   4.5144377223438770e-01	   6.3650316805895568e-01	   6.0091623351753221e-01	   2.6926531134206300e-01	   4.7728139396834729e-01	   4.3481905167894036e-01	   6.1681942661411937e-01	   1.3583647364135817e-01	   3.1736931024986192e-01	   5.1842429174629645e-01	   5.1081537032588686e-01	   3.9581764233038003e-01	   1.1192033415020827e-01	   2.4184694543312102e-01	   1.9690549279558356e-01	   3.3565828870989922e-01	   3.8922843334622725e-01	   5.9278874567037176e-01	   6.2519935728886589e-01	   5.3389796338719897e-01	   5.0781227248280458e-01	   3.9600252327396529e-01	   4.0729807430113207e-01	   2.5273071073171316e-01	   3.9084212030812548e-01	  -8.0139865873801747e-03	  -1.0915334976788703e-03	   4.4164373498908185e-02	   2.5127743974911243e-01	   2.4254779058951270e-01	   5.1328930096839243e-01	   4.5579075679304626e-01	   2.9994604600377717e-01	   2.8839854683277399e-01	   2.3297411809779284e-01	   1.2383070022527282e-01	  -8.7863252521088342e-02	
   5.9896633273988242e-01	   5.9422429869352045e-01	   3.2767043513303834e-01	   5.0393005971563576e-01	   2.3848113945375946e-01	   2.9799897615084558e-01	   4.3667760450739013e-01	   5.2251984460515344e-01	   3.4836029491314607e-01	   2.3367693919084981e-01	   7.4370138312234380e-01	   0.0000000000000000e+00	   6.8277407817461677e-01	   7.3490035032356005e-01	   5.1560668098404849e-01	   5.1855469232186069e-01	   5.2350328249492484e-01	   5.8894077797077071e-01	   4.0641599241947501e-01	   6.2329983552229395e-01	   9.4467213800095540e-02	   3.5315093819267607e-01	   2.5865280848221317e-01	   3.7003262072300735e-01	   2.3133838230074882e-01	   9.1163633184264070e-02	   1.8143518062566469e-01	   3.6991540184966498e-01	   4.9494264117287656e-01	   4.8684701358356686e-01	   2.2396792805213475e-01	   4.0325879049645214e-01	   5.8964168354703794e-01	   5.6740471104087808e-01	   1.8562323779706158e-01	   1.8742841412889455e-01	  -1.0526301467678398e-01	  -4.9330334820666434e-02	  -2.0793815295019946e-02	   2.6320241447281167e-01	   1.0683527457752606e-01	   1.1693219904643309e-01	   6.8981614952620973e-01	   6.2237844925735664e-01	   6.1707276139383971e-01	   6.5366925136074339e-01	   6.5133938009176440e-01	   6.6425136551460140e-01	   7.1163909105015533e-01	   7.2339537813166810e-01	   6.7819418006871579e-01	   7.1475048778827666e-01	   6.6515501601177285e-01	   4.0525249652513939e-01	   5.9012689708182220e-01	   5.9477265160273884e-01	   5.5832080938962769e-01	   4.8605226077303054e-01	   6.8126312988299675e-01	   6.4929950644355916e-01	   5.8297378823270418e-01	   5.6681906572970897e-01	   5.9260020319640105e-01	   7.4242782768399662e-01	   2.4473957808069130e-01	   4.4452275761171328e-01	   3.8861385393822856e-01	   3.5341718302929026e-01	   4.7046472261644046e-01	   4.6506715441164631e-01	   3.9192852366063313e-01	   2.7111402271980878e-01	   2.3490174068052111e-01	   3.9820842753512731e-01	   5.5296330383146586e-01	   4.7075242564953540e-01	   1.0364579529679348e-01	   1.3863955542644027e-01	   5.5077015327543322e-01	   4.0994675852585649e-01	   6.1443710481962210e-01	   6.8085649227567635e-01	   3.1689057796292852e-01	   5.4250555727584204e-01	   4.4389846693968382e-01	   6.8472896500323621e-01	   1.9383570240232878e-01	   3.0988413540464349e-01	   5.6794741748433453e-01	   6.2918136460385354e-01	   3.7949769672858069e-01	   1.4491665322857217e-01	   1.5213090706021681e-01	   1.8300232383583909e-01	   3.2401671376464630e-01	   4.4125748538067699e-01	   5.5225151229048375e-01	   5.8581414856989200e-01	   5.6558510786802429e-01	   5.4659746297024836e-01	   2.4432648920147715e-01	   3.8898207310963978e-01	   2.5333556062427393e-01	   3.3511559641828348e-01	   2.4689118677737307e-02	   7.0601402604694358e-02	   1.2362003435465665e-01	   2.6360231609850054e-01	   2.1912722448714650e-01	   3.1769567573949647e-01	   4.4010407265599694e-01	   3.4314110777547258e-01	   2.4134010875351261e-01	   2.3112446559511030e-01	   1.6482054667461091e-01	  -3.1807496537529694e-03	
   4.2791347315866146e-01	   3.0821764619701536e-01	   5.9807028281276065e-01	   6.0314061069777847e-01	   4.2935370841330189e-01	   4.8416120494289250e-01	   7.6839575409229577e-01	   6.6640924897649478e-01	   4.9720160189848467e-01	   2.8199080475149529e-01	   8.3004519934829801e-01	   6.8277407817461677e-01	   0.0000000000000000e+00	   7.6430948837569013e-01	   6.6449383098664938e-01	   7.0622747587189294e-01	   2.9983146430141594e-01	   3.3250752937661809e-01	   5.8437498540939870e-01	   6.2586470458566823e-01	   2.6850472679776599e-01	   4.5941305182352765e-01	   5.3782746218887523e-01	   5.5529464107597826e-01	   3.2371882487864218e-01	   3.2419013848386879e-01	   3.5897995337490163e-01	   4.8864771476983915e-01	   4.3640268600270865e-01	   4.8672723667443812e-01	   4.2985211055663120e-01	   5.7926356241766375e-01	   5.5073993043853720e-01	   5.8235624477489956e-01	   2.3098431951460732e-01	   2.4482298408010930e-01	  -1.0766839352181337e-01	   2.8896730531092599e-02	  -4.1673653892908757e-03	   2.4709772737222524e-01	   1.1902493423358432e-01	   1.3708170251784707e-01	   5.7450042270994917e-01	   5.4121244927813283e-01	   5.8816868981489734e-01	   5.6445039467766156e-01	   5.3757730244847945e-01	   6.1044403051014484e-01	   7.1723901880607677e-01	   5.8264280012439040e-01	   6.0496579092745262e-01	   5.9775194517665409e-01	   5.4488873839091667e-01	   4.1141647477710902e-01	   5.0045738919922145e-01	   5.6104678016464682e-01	   3.0207012185771159e-01	   2.5054235545179082e-01	   7.3450050847336690e-01	   5.2573855761004196e-01	   7.6057390071939934e-01	   6.6004726473459285e-01	   5.0121072529483734e-01	   5.9540488346543330e-01	   4.6542395037757633e-01	   5.4430369421639313e-01	   4.5721040821325742e-01	   3.5625961998253142e-01	   3.3264667351770899e-01	   4.2121519394328955e-01	   4.4233806300097578e-01	   2.8001502019158314e-01	   2.1090711148248947e-01	   4.0126336916706373e-01	   5.1107432564223498e-01	   4.1705374962112729e-01	   1.9351743804367738e-01	   1.0390535873055834e-01	   3.5812570759486095e-01	   3.4195845621341320e-01	   5.1615706788749594e-01	   5.1020603478922866e-01	   4.9640289826096462e-01	   5.7326617348454811e-01	   4.6205538399779444e-01	   6.3746676462616803e-01	   3.7011827943948589e-01	   4.0132286376147797e-01	   7.1745421037940171e-01	   6.8784840079250309e-01	   5.1876530465587822e-01	   3.4285118679677562e-01	   3.5297827988196151e-01	   4.0659252111858313e-01	   3.9199302147374304e-01	   3.7718029693646615e-01	   5.9224045863766639e-01	   5.9208750467077098e-01	   5.9902199905858544e-01	   6.2923455157015973e-01	   4.3654130915820616e-01	   5.3954566654690272e-01	   1.7148943546784789e-01	   4.8613766827941451e-01	  -4.7382896877860625e-02	   9.4773066242009665e-02	   1.8078397757059389e-01	   2.8584960073965926e-01	   1.4942463612335052e-01	   5.3872876833856964e-01	   4.2449897813694942e-01	   3.8566975553494076e-01	   3.6904142331105938e-01	   2.4201461062991170e-01	   1.9680879527239312e-01	  -1.2653457596234938e-01	
