   0.0000000000000000e+00	   8.3770979623581010e-01	   6.1137208871920512e-01	   4.6379643164100159e-01	   3.3007499365489790e-01	   3.2723528145295117e-01	   6.6502296826002105e-01	   5.5576890750654240e-01	   5.0144177714857463e-01	   2.8747147947435425e-01	   7.2194565582334735e-01	   5.7305983059432419e-01	   6.4681848773491391e-01	   6.5552202937496851e-01	   7.2280370067354105e-01	   5.9708053389965055e-01	   6.8106986798435465e-01	   8.1698452409738997e-01	   6.7016272868985993e-01	   5.9687324421524068e-01	   1.9727936006629077e-01	   1.1754928764604294e-01	   4.8062203906803058e-01	   1.7009891445656433e-01	   2.4974273237226141e-01	   2.2324976252488393e-01	   3.6275561621630259e-01	   8.4976227190107223e-02	   6.8723784818927602e-01	   5.6396815937859179e-01	   4.0942261139887737e-01	   3.4731870263909015e-01	   5.3390840188920941e-01	   4.7551277604536302e-01	   1.6052282978345464e-01	   1.4258357396983640e-01	   1.2443148615910156e-02	   3.8269475057765112e-01	   3.8268105543855363e-01	   3.8472482757457510e-01	   2.8897649851458257e-01	   6.0242004310452224e-01	   5.6996068231541708e-01	   5.0323805903889118e-01	   6.5083446855970384e-01	   6.4534940137106211e-01	   4.3421470307357546e-01	   5.1922692134049320e-01	   6.8405844374977787e-01	   7.0876764465310715e-01	   6.6113693006273944e-01	   6.8023773925475672e-01	   6.3124948783178847e-01	   6.2834344925416330e-01	   6.9268039482593835e-01	   6.6245378991448090e-01	   8.3544596448912778e-01	   7.6920838733094787e-01	   6.7240432932204530e-01	   6.1507450682218578e-01	   5.5103661141418536e-01	   4.6595534813985462e-01	   6.2847267211635360e-01	   7.2232267796193006e-01	   2.4082941017355150e-01	   2.2961692610629261e-01	   4.9570733622907281e-01	   4.6735561038497986e-01	   5.2149438736290188e-01	   3.5105721409150853e-01	   3.2532605289652561e-01	   2.5194140303713630e-01	   5.0347498041323102e-01	   4.3951955208048471e-01	   2.4961747360310854e-01	   3.7012604490269552e-01	   4.6547158740106387e-01	   6.1032192908780880e-01	   5.6397638861382038e-01	   7.0168151014390800e-01	   7.5556108097998886e-01	   7.8957199843478132e-01	   6.6812554259654910e-01	   5.2839425396871120e-01	   5.5106908782017960e-01	   5.7030497812740710e-01	   4.4978889582987058e-01	   4.1140026808201868e-01	   4.6806889544321106e-01	   5.8335664598101800e-01	   5.1861108462735750e-01	   4.6851651640296749e-01	   3.7834926541279712e-01	   5.2547521801652564e-01	   2.1098024061824516e-01	   1.8134976534153599e-01	   3.8160665016607609e-01	   4.3998686073621895e-01	   7.2719129209534250e-01	   5.8059823417690315e-01	   1.8764978928876613e-01	   2.5526692187062250e-01	   4.6688710157538227e-01	   4.3119812588312134e-01	   1.3977451576623873e-01	  -4.5153533713115451e-02	   4.1249405473085266e-01	   1.4210472385743511e-01	  -2.1457487014053517e-01	   9.2518930069784122e-02	   3.3592100386285123e-01	   5.9354426775713831e-01	   5.5868427279076061e-01	   4.3265279909839843e-01	   2.3045369784874928e-01	  -3.8179783299335679e-01	
   8.3770979623581010e-01	   0.0000000000000000e+00	   6.9642199518257675e-01	   7.0136113288057622e-01	   3.2147280997535277e-01	   4.8326062604006259e-01	   7.3669387761961702e-01	   7.5241350441453347e-01	   6.0068354405809188e-01	   4.8311265633310763e-01	   6.8733871365139776e-01	   6.4075891086142778e-01	   6.1959003973506777e-01	   6.3539468397678323e-01	   7.2109651298946065e-01	   7.4877194688950677e-01	   6.2707072818379694e-01	   7.0732126288566854e-01	   6.6524586541909092e-01	   6.7833373783575346e-01	   1.8424290798166953e-01	   1.9222165072455122e-01	   6.3821470673368608e-01	   4.3030005829244544e-01	   2.9570980239238287e-01	   4.0185309246009204e-01	   3.7398875712314050e-01	   2.3939857924864311e-01	   6.0493942586292204e-01	   4.9949639863290829e-01	   5.3358101330349139e-01	   5.6462482240987188e-01	   6.6044571734354895e-01	   6.1297846678290613e-01	   3.6436221597051999e-01	   3.5535722138128256e-01	   8.8509740153910790e-02	   4.8400856051928798e-01	   3.6947690268538647e-01	   5.1076572847577451e-01	   3.4641025543958798e-01	   6.4228691602155497e-01	   6.2389480945248321e-01	   5.5888685006725791e-01	   6.6862319684460880e-01	   6.9120548956555639e-01	   4.3121983441763800e-01	   5.7860511420222849e-01	   7.0250468854887060e-01	   7.6084915807993370e-01	   6.8066535725610722e-01	   7.1135132409342194e-01	   5.8007053136830267e-01	   5.8175920888633537e-01	   6.8498232680319859e-01	   6.6182278813139217e-01	   7.9925591404773033e-01	   7.8469848147266219e-01	   6.4507889267173613e-01	   6.1712438254091662e-01	   5.6131714067308236e-01	   6.0406460144189023e-01	   5.5479732857928343e-01	   6.8182271725446708e-01	   4.4042191830597832e-01	   4.4130416314922155e-01	   5.6918152950232304e-01	   5.4644364790274302e-01	   5.8070026956395548e-01	   4.4042033356471649e-01	   3.8731861280320179e-01	   1.4733618094406598e-01	   6.5834929796554731e-01	   6.0974855285660690e-01	   4.7552947837938819e-01	   3.9626228271111252e-01	   5.8734257764756448e-01	   6.8114686641369893e-01	   4.3813313086955780e-01	   6.5316050157231531e-01	   6.9159085460759284e-01	   7.6757350182018169e-01	   5.9944405967197034e-01	   5.9310110760632584e-01	   7.3011081575361869e-01	   7.6338828248063706e-01	   5.1039261596093477e-01	   5.8406775141018408e-01	   5.9411841016256917e-01	   6.3642927810246419e-01	   4.2809162838305437e-01	   3.1709243005504789e-01	   3.6784451899719700e-01	   3.2208737494008077e-01	   1.9052751405045942e-01	   9.5412463898113475e-02	   5.0433802406542916e-01	   5.0905336435058957e-01	   6.8259094781728358e-01	   5.3880585147353688e-01	   1.0703508206665036e-01	   2.2156307201324821e-01	   4.6843633008321184e-01	   4.0661092810566979e-01	   4.9567462760393449e-02	   2.2415886117650866e-03	   3.1353930901075105e-01	  -6.6796043046035342e-02	   7.0807458450627830e-03	   1.8366173148464005e-01	   4.3185846464352634e-01	   5.3307009771739455e-01	   4.9979082671389308e-01	   4.8114465421965030e-01	   2.4763460546799818e-01	  -4.8688922916653654e-01	
   6.1137208871920512e-01	   6.9642199518257675e-01	   0.0000000000000000e+00	   7.6562931798111544e-01	   3.3567689094075204e-01	   5.6779510753011841e-01	   8.6940572042759889e-01	   7.6002500990525279e-01	   5.0482935126493533e-01	   5.2457161600626889e-01	   6.7171566042624575e-01	   3.7050699305126844e-01	   5.4939504234481684e-01	   3.6519204796432031e-01	   5.0610457958663679e-01	   5.8214390666116322e-01	   3.2129713455969178e-01	   4.4990283907190043e-01	   5.0501421238640509e-01	   4.6666715676317222e-01	   3.2723520360412361e-01	   3.1420836127720170e-01	   7.6564867465514219e-01	   5.1515789188115502e-01	   3.2157651605792015e-01	   4.9821771435346640e-01	   4.3764330134244744e-01	   3.7643979413569417e-01	   3.6389878938821274e-01	   2.5503891099595993e-01	   7.7166344583080804e-01	   7.2870386151139832e-01	   6.0093552037713149e-01	   5.4927487288900900e-01	   4.6615131293141432e-01	   3.7953688065832608e-01	   5.9767572346928213e-02	   2.7729281470554878e-01	   3.2648328787695918e-01	   3.8898092871727935e-01	   2.3581203564527431e-01	   4.7622354225083696e-01	   5.2174455511528406e-01	   4.9889622828075558e-01	   7.0086451643155590e-01	   7.4592843773229833e-01	   2.9230359313906529e-01	   5.5440904713037065e-01	   7.6377421493945974e-01	   6.7914322554917406e-01	   6.9043034211032017e-01	   6.8104092063950239e-01	   4.4013402475266067e-01	   5.1251154639023244e-01	   4.8321433660783558e-01	   5.7982868232660001e-01	   4.9218618055534491e-01	   6.3977406847595775e-01	   6.0180494678954854e-01	   6.2943555766601222e-01	   6.1518601156340802e-01	   5.5030600607134361e-01	   3.6447210164287086e-01	   5.7724358440047285e-01	   6.2770951371347616e-01	   5.9288048455550679e-01	   6.3558992359219602e-01	   6.3674199641722684e-01	   4.3982520964300242e-01	   4.0789944470174677e-01	   5.0067126004931972e-01	   2.8299566298035067e-01	   4.0805172037627468e-01	   5.0579626263520494e-01	   2.8522893548248718e-01	   3.4024192433621053e-01	   4.6455421954231058e-01	   6.1622205607140068e-01	   1.9610157068928405e-01	   4.1678636280826797e-01	   3.6867407969041355e-01	   4.8137712903893792e-01	   3.8385647979057991e-01	   3.0764542343838946e-01	   5.9336094988657762e-01	   6.6200186483564127e-01	   5.1084141728922694e-01	   4.7233266245358863e-01	   4.3391288502935998e-01	   5.3030046073868120e-01	   4.5056337666781909e-01	   3.6617118434611101e-01	   3.0208061356699389e-01	   3.5059657359658669e-01	   2.6837226934956721e-01	   7.2995759102090857e-02	   4.1212614689820459e-01	   3.1714404721954653e-01	   5.0852305755833316e-01	   5.3446290443245426e-01	   2.3383667177632311e-01	   3.7037663877210519e-01	   2.6871557451003603e-01	   4.3022162643296757e-01	  -2.4380978213082535e-02	  -9.6766730511299998e-02	   4.0198769693755754e-01	   1.4814985648757556e-01	  -5.0593767565392592e-02	   1.7849228236731066e-01	   2.2313517445805447e-01	   3.2970088891488714e-01	   2.4526335112286818e-01	   2.8046720277313419e-01	   9.5042136485042394e-02	  -5.5205516919295783e-01	
   4.6379643164100159e-01	   7.0136113288057622e-01	   7.6562931798111544e-01	   0.0000000000000000e+00	   3.5281302000564907e-01	   4.6963011635113655e-01	   6.7244842768885915e-01	   8.1248995989543871e-01	   3.9760056914198566e-01	   5.2890839107155740e-01	   3.9330415592882007e-01	   4.0432347740143354e-01	   2.7620503765454213e-01	   2.8474469752797926e-01	   3.1708964205797430e-01	   5.2946937330174726e-01	   3.6399284432656814e-01	   4.0118888835271177e-01	   5.4856857391079950e-01	   5.6916820918802546e-01	   3.2115229522261607e-01	   3.7490908510072962e-01	   6.4575058377414274e-01	   6.4968832558770506e-01	   2.4646629357953154e-01	   5.0723786546294714e-01	   3.8186952172767419e-01	   3.2145998132391784e-01	   2.9509771152777636e-01	   2.1521056056071561e-01	   5.8673275438570272e-01	   7.1130118459575775e-01	   7.7657721255525125e-01	   7.2738579841703488e-01	   5.3128092680028893e-01	   4.9961114351191377e-01	   9.7655010755089589e-02	   3.2287520853053436e-01	   2.9095707274089233e-01	   3.7044576360833542e-01	   1.1812650634047095e-01	   3.8238364441160499e-01	   4.3276543757965424e-01	   3.8188994106438545e-01	   6.0022687121199791e-01	   6.1197358330564899e-01	   1.8114990730347907e-01	   3.8326770027143775e-01	   5.7887438375948264e-01	   4.9618803121606447e-01	   6.5973573150809950e-01	   5.3872109521851552e-01	   3.3433300415789341e-01	   4.2284446636189926e-01	   3.8848338260830506e-01	   4.3396369249392325e-01	   5.1757166374870411e-01	   5.8143321652892133e-01	   5.4023559306131674e-01	   5.7120255310741941e-01	   4.5802339133861980e-01	   5.3947438068797116e-01	   2.8992460859956642e-01	   4.8738123346299361e-01	   6.1366402391664199e-01	   6.7898497871603758e-01	   6.6635958187339339e-01	   6.6578284314005409e-01	   4.4348301989810113e-01	   4.6042931774102969e-01	   4.1100266051120449e-01	   2.2738301084511003e-01	   3.7072624031905799e-01	   5.3625241351408826e-01	   3.5013144543528552e-01	   3.6147860632473300e-01	   5.2238662534963409e-01	   5.5926047019177183e-01	   1.5972257311545907e-01	   4.7373545031517528e-01	   3.3768688579223211e-01	   4.5184783896675612e-01	   2.5780646909749461e-01	   3.4982023026858799e-01	   6.3318243093945070e-01	   7.3443321045100796e-01	   5.3445982477267950e-01	   5.5249240649864273e-01	   4.7861377020174201e-01	   5.5156926962431707e-01	   2.6862916405570236e-01	   2.5817906932603679e-01	   2.3434445447994887e-01	   1.1464892293966074e-01	   1.6291175983604261e-01	  -2.5746274201037166e-02	   4.0475937604253659e-01	   3.4049282354680560e-01	   4.0381738720994931e-01	   3.6793583843564992e-01	   9.0069725679420981e-02	   2.7506191811879754e-01	   3.5660545904785984e-01	   3.3290089032689080e-01	  -9.3513858140496925e-02	  -1.0807970393877611e-01	   1.5988592100545454e-01	   5.2848301695189545e-02	   5.5191152064627417e-03	   1.4352250546968848e-01	   2.6874117603412240e-01	   2.8292258443691393e-01	   1.5943113678562673e-01	   2.9211651820117773e-01	   2.8389024406879917e-02	  -3.9645353540380379e-01	
   3.3007499365489790e-01	   3.2147280997535277e-01	   3.3567689094075204e-01	   3.5281302000564907e-01	   0.0000000000000000e+00	   5.1511184888302908e-01	   3.5625235356190438e-01	   3.1977119220667294e-01	   6.6647687903812303e-01	   5.1665894129498069e-01	   2.5615414994228253e-01	   2.4657978651940013e-01	   1.9787050369093639e-01	   1.7099627037639592e-01	   3.0445223319776171e-01	   1.5174240761362237e-01	   1.5716089571253516e-01	   1.6559269760035078e-01	   2.5033691464809749e-01	   2.7257836133892099e-01	   4.2479005058885055e-01	   1.9333804151232808e-01	   4.7181652628111470e-01	   3.4227683054287328e-01	   3.9814195397421759e-01	   3.0724067614615935e-01	   3.9853266979824920e-01	   2.7644290708334063e-01	   1.0086238356527169e-01	  -4.2506785358489778e-02	   3.7949683178763405e-01	   4.2635238250258845e-01	   3.0974751098562947e-01	   3.0509771639423744e-01	   3.8071798289581610e-01	   2.1866631156862126e-01	  -3.2667726111349493e-01	   8.8999594008398221e-03	  -1.0518969275711336e-01	   5.6209842685016595e-02	  -3.2224429186820808e-01	   3.2943460800720144e-02	   5.7351567285494126e-03	  -1.2531163897257275e-01	   2.5601496914298183e-01	   1.5861481871734698e-01	  -1.3705118170834396e-01	   6.6078201470246775e-02	   3.6644350948222398e-01	   1.8498463986582431e-01	   2.8008515828288127e-01	   1.4129368938083786e-01	   1.5715385846092020e-01	   2.1337564455148614e-01	   7.7729524332478525e-02	   1.2433001772720900e-01	   3.3020955166550425e-01	   2.4190869711458141e-01	   3.8804819421617426e-01	   3.4174327264188564e-01	   3.9147635908258277e-01	   3.8878132649899677e-01	   2.1049296915797922e-01	   2.5167974657033465e-01	   4.9675160994050599e-01	   4.2245115041299036e-01	   4.2301939607153116e-01	   4.2503017309287927e-01	   4.1106684360526158e-01	   3.1504755829516568e-01	   3.2716218522710189e-01	   2.1570863864682843e-01	  -1.4035281218805692e-01	  -3.6756340618420258e-02	  -1.6315826707621855e-01	   1.4070980627778484e-01	   3.4520464397398656e-02	   1.0456741335207216e-01	  -4.7165290658738195e-02	   1.3940187374325722e-01	   2.7090568709089224e-02	   2.0615769862078409e-01	   1.2627040685654586e-01	   2.4691034388627747e-01	   4.9201215147730509e-01	   3.8584080531123355e-01	   2.9974506268123180e-01	   3.1122586703529703e-01	   4.2657641911553645e-01	   5.4964549328014800e-01	   1.4430794313956569e-01	   3.7713582985716554e-01	   3.1922783038018959e-02	   4.7994226546251062e-01	   1.8253752369390580e-01	   2.8959746465092018e-01	   1.1483813606693732e-01	   1.7249801600729642e-01	   2.0793638483170049e-01	   2.9481912616198930e-01	   1.7200752675410808e-01	   9.8838889613896475e-02	   1.0627683466491038e-01	   1.1749942236605609e-01	   1.1885594883412530e-01	   5.0079761191681949e-02	   3.1913483498327344e-01	   2.7800237391162452e-01	  -1.9052673001629501e-02	   3.8714072999298195e-02	   2.8842171010252320e-02	   3.1121567873335865e-01	   8.3989224918975119e-02	   3.2124129155639607e-02	   2.0686809407495294e-01	   2.0895021982290988e-02	
   3.2723528145295117e-01	   4.8326062604006259e-01	   5.6779510753011841e-01	   4.6963011635113655e-01	   5.1511184888302908e-01	   0.0000000000000000e+00	   5.9971736699278977e-01	   5.6509858958061254e-01	   5.7919960023767914e-01	   7.8967486331515957e-01	   3.8724415905072090e-01	   2.7984700909787819e-01	   2.9288332073219558e-01	   2.6856312016457290e-01	   4.4878805786858056e-01	   4.8165921963575270e-01	   2.2432485010046849e-01	   3.3591902802290641e-01	   3.6618828237257034e-01	   3.3512246224654840e-01	   1.8204655911644724e-01	   2.5562980143404135e-01	   5.3185845125219688e-01	   2.5540462780179890e-01	   6.5475122068406361e-02	   2.3366723091851987e-01	   1.6698520089008501e-01	   4.5743822084978236e-01	   1.5364374581317464e-01	   1.2652984637108722e-01	   3.8121207428577147e-01	   4.3475146425517142e-01	   3.7451276190178595e-01	   3.1277323816909475e-01	   1.1444557075249394e-01	   5.8951330304972592e-02	  -2.7163083741844074e-01	  -1.0127220625130523e-02	  -1.3489898485601198e-01	  -1.5796518524750010e-02	  -4.2195096456294795e-02	   1.0160976771896635e-01	   2.4141735641660528e-01	   1.5778303366247429e-01	   3.1338933536684960e-01	   3.6296603937501210e-01	   1.9508464739497816e-01	   3.5416871377250331e-01	   5.3091277709423101e-01	   4.7189641878039063e-01	   4.5449403575400765e-01	   3.7502605050994464e-01	   3.7205851809383861e-01	   3.3898073582621269e-01	   1.0789616019194750e-01	   1.5477802296957233e-01	   2.2765916347749549e-01	   3.0282216955707331e-01	   3.5443348712933842e-01	   4.4169863856531077e-01	   3.1165036169260685e-01	   5.0023343060595149e-01	   3.0138527651454672e-01	   4.0351949679098009e-01	   4.0336282553413438e-01	   3.7995814346496176e-01	   2.6707837266921292e-01	   2.8776996530990984e-01	   4.8333757860154825e-01	   4.4182065515819480e-01	   4.9208114806929781e-01	   3.3117514842411688e-01	   1.5388753110916659e-01	   2.1061708645348065e-01	   8.0181059288511713e-02	   1.2257681650839899e-01	   2.3453530281643092e-01	   2.7812340976526817e-01	  -2.0988509376463245e-02	   2.5747490677628565e-01	   2.4936102147848263e-01	   3.8815095477593287e-01	   3.5561715400759669e-01	   1.7173272176947985e-01	   3.9600547921211515e-01	   3.7732196912118227e-01	   2.3027901520683752e-01	   2.3231779439442557e-01	   2.5202708079088582e-01	   3.4703691618975635e-01	   3.2432801613383283e-01	   2.7251584599096179e-01	   3.3290419300930552e-01	   3.9281743487265885e-01	   3.1974950281736324e-02	   3.9042639303118021e-02	   5.8848067098730611e-02	   1.1849039659617009e-02	   3.2980267330489355e-01	   3.5333645826090548e-01	   1.0692348900430249e-01	   2.1250015280068374e-01	  -1.9617452281664532e-03	   1.7638425419828632e-01	  -1.2896270850247615e-01	  -2.5504835559939906e-04	   3.6694151356875215e-01	   6.7014613663163358e-02	  -4.3404186953796463e-02	  -2.3967035821115978e-02	  -3.3845242518202777e-02	   2.5504908186196157e-01	   1.8873095467527440e-02	   1.0313663845989415e-01	   2.4199860211571600e-01	  -3.1462627400289972e-01	
   6.6502296826002105e-01	   7.3669387761961702e-01	   8.6940572042759889e-01	   6.7244842768885915e-01	   3.5625235356190438e-01	   5.9971736699278977e-01	   0.0000000000000000e+00	   8.3869401763913554e-01	   6.0147430662868451e-01	   4.6923583102441846e-01	   7.2746389751241858e-01	   5.4427442314567820e-01	   6.0305164679878032e-01	   4.9355068496438642e-01	   5.9310387020819588e-01	   6.7145014293178373e-01	   3.9986000539849548e-01	   5.6437294831343243e-01	   6.0170654613567098e-01	   5.2835094566627050e-01	   2.0535107804170494e-01	   2.8770101564729744e-01	   6.8537129563485677e-01	   3.5445643925402665e-01	   1.0526441006507950e-01	   2.8680331983828822e-01	   2.9473507009409861e-01	   2.1256045235484569e-01	   5.0397070482597295e-01	   4.4746961259621154e-01	   6.4569646581620121e-01	   6.2464095730686797e-01	   6.3542266694431326e-01	   5.9276881207987620e-01	   2.3403650606791349e-01	   1.8282011757208966e-01	  -8.9533540370222015e-02	   1.5128139465436075e-01	   2.2727517553546076e-01	   1.7259204107939338e-01	   1.2205741308633350e-01	   4.5292520109667123e-01	   3.8929988289163686e-01	   3.8059179745167510e-01	   5.5910205051833117e-01	   6.3302607560312429e-01	   2.5548530131841857e-01	   5.4844108105672962e-01	   6.8806102179345596e-01	   6.3405000884459262e-01	   6.0409971963669695e-01	   5.7640203623211073e-01	   4.5267791684291314e-01	   5.9275588319001471e-01	   4.8576092440225616e-01	   4.7988738446206464e-01	   5.0172510421115768e-01	   5.7015814165219370e-01	   5.5831114365251555e-01	   6.0884364471730967e-01	   6.2584771194760702e-01	   6.4172138708786219e-01	   4.5878563347753937e-01	   7.2440338724682496e-01	   4.9803186369370600e-01	   5.0544387544411729e-01	   5.1979760751037563e-01	   5.3621054562924531e-01	   4.8651086032216945e-01	   4.0231558051236127e-01	   4.3938231746686074e-01	   2.4508475143316252e-01	   4.1823960400749194e-01	   5.6372510259895270e-01	   2.6559798693002151e-01	   3.4831218181224821e-01	   3.7991633048322637e-01	   4.7252341594705127e-01	   2.1072177321317870e-01	   4.9589852162488690e-01	   4.2600119492542871e-01	   5.5394801464787213e-01	   5.3676422580181837e-01	   4.4182135420847324e-01	   5.5845789112729305e-01	   5.8948808112458972e-01	   4.9361385503639710e-01	   3.9885764257760381e-01	   3.8318676987185535e-01	   5.7554763018334709e-01	   4.8741263026748266e-01	   4.3393901234523580e-01	   2.8324987131985213e-01	   3.4305408965837070e-01	   2.0570662729004530e-01	   7.5025230801763071e-02	   2.6483029874338115e-01	   2.2815284492852503e-01	   5.3967426830080056e-01	   5.1945136186569019e-01	   1.2327135072404591e-01	   3.2082274070037464e-01	   3.7891731906182446e-01	   4.2351051302302029e-01	  -1.4375879759802251e-01	  -9.1053815687693329e-02	   4.8148279123625426e-01	   1.4755072096882965e-01	  -7.7245113187531994e-02	   1.2523208879601883e-01	   9.3913447182070633e-02	   3.4562003563977273e-01	   3.4566009939793296e-01	   3.8767382094927633e-01	   1.6121968241990536e-01	  -4.9211015854699902e-01	
   5.5576890750654240e-01	   7.5241350441453347e-01	   7.6002500990525279e-01	   8.1248995989543871e-01	   3.1977119220667294e-01	   5.6509858958061254e-01	   8.3869401763913554e-01	   0.0000000000000000e+00	   5.1951711821554580e-01	   5.2840319000235958e-01	   5.9904088026639812e-01	   6.3616747444399380e-01	   4.4717843243508859e-01	   5.5343153058758365e-01	   4.2346147180074556e-01	   6.4316095220182712e-01	   3.8452410300596623e-01	   4.8766215517938599e-01	   5.2464247835207589e-01	   4.8255648188062783e-01	   2.2884657128649824e-01	   3.8287058026499421e-01	   6.3692718354006728e-01	   5.3718468690028187e-01	   4.1902610363895164e-02	   2.9364628524890113e-01	   1.9121041224183000e-01	   2.3839531869425051e-01	   3.4884781908558821e-01	   3.4273217406400136e-01	   5.1863265683927473e-01	   6.7909409619745253e-01	   6.7497791514657401e-01	   6.7989130884263393e-01	   3.3067421815341791e-01	   3.7735348747874964e-01	  -3.5513336211551665e-02	   1.9877267514472732e-01	   2.3838692049500368e-01	   2.0086703659486199e-01	   2.0671186721590631e-01	   4.1091538659780136e-01	   3.0911377642954879e-01	   2.5652602031231553e-01	   4.6713883372952586e-01	   5.4076114915938722e-01	   1.3450296596786665e-01	   3.8368824981114719e-01	   5.0994844380039905e-01	   5.2796636633004745e-01	   5.3853535257881002e-01	   4.9853081382525893e-01	   2.8383059130244898e-01	   4.5033239618767845e-01	   3.8449237984060713e-01	   3.9692659237622463e-01	   4.9474557284187021e-01	   5.0995522464093035e-01	   5.2165632626149872e-01	   5.4860876407615133e-01	   5.8454108874894017e-01	   7.5427098265269277e-01	   3.9279569724126889e-01	   6.7774780390262068e-01	   5.0873549393006479e-01	   6.5028124480475069e-01	   4.9967537873786472e-01	   5.6093418904745362e-01	   3.4826168149101661e-01	   3.0895606422733068e-01	   3.5789683060230054e-01	   1.5770710204719590e-01	   4.3547895723171437e-01	   6.2949876035216112e-01	   4.3056084823512630e-01	   4.2397003270961492e-01	   4.3435399183261547e-01	   4.7578006616043578e-01	   1.2795829990883908e-01	   4.4207564473776645e-01	   4.3004902333967709e-01	   5.8175053548290045e-01	   4.5160110229533146e-01	   5.1344851433916228e-01	   5.9884276354061527e-01	   7.2802335209670721e-01	   4.8525339227972508e-01	   5.5920405952345753e-01	   4.7145775577403182e-01	   5.7357358245559398e-01	   3.1379639885658744e-01	   2.0355626254156317e-01	   3.0107532258862968e-01	   9.9314673125455971e-02	   1.2474688048149954e-01	  -1.3795378797072769e-02	   1.6451834289906017e-01	   2.4337466390040227e-01	   4.2302813187891308e-01	   4.2217360389209724e-01	   5.6136276983237685e-02	   2.1921016895426515e-01	   3.3538297233442987e-01	   3.4645992758070598e-01	  -1.0037397405580888e-01	  -1.1630415909723260e-01	   3.0766711541572356e-01	  -9.9839329355093903e-02	   3.3023421509680684e-02	   1.2512702610948354e-01	   1.5534384649926825e-01	   2.6926792874714078e-01	   2.2452897974097180e-01	   2.6181442154481449e-01	   8.0236382485472588e-02	  -4.8397203220025142e-01	
   5.0144177714857463e-01	   6.0068354405809188e-01	   5.0482935126493533e-01	   3.9760056914198566e-01	   6.6647687903812303e-01	   5.7919960023767914e-01	   6.0147430662868451e-01	   5.1951711821554580e-01	   0.0000000000000000e+00	   5.8168056954653080e-01	   5.5172018953317714e-01	   4.8283858522712342e-01	   6.1061328184418195e-01	   4.8936977437898216e-01	   5.4347230267739732e-01	   4.3729520499165492e-01	   3.0365388457708231e-01	   3.7144362236534462e-01	   3.8876326388122218e-01	   3.7837564699425624e-01	   2.4341532182445835e-01	   1.9355324387266024e-01	   5.7256749110881278e-01	   3.9290893169620067e-01	   3.9949097470663614e-01	   3.7919167035839696e-01	   4.1964007383168189e-01	   3.4151565811404588e-01	   2.5310700225084737e-01	   1.3614449750828767e-01	   3.7352758770402750e-01	   4.3613912319427928e-01	   3.6819895962132287e-01	   3.6958274370740668e-01	   3.8181011657464059e-01	   2.8967448338278057e-01	  -3.1523244743298595e-01	   1.6298046702992033e-01	   2.3296134688955104e-02	   2.2445517972066265e-01	  -7.1971991904435928e-02	   3.4661888231969562e-01	   2.7956811253148206e-01	   1.8703763590341865e-01	   4.1529349823270284e-01	   4.0156060967632334e-01	   1.7050468774214092e-01	   3.7432407898110681e-01	   5.5053530483437796e-01	   4.9938573542003262e-01	   4.0784351889147491e-01	   4.7253094421405051e-01	   3.2051098637915010e-01	   4.2159138738373592e-01	   3.2386160946950665e-01	   3.2799491703268163e-01	   4.1421739627131848e-01	   3.9932276272719064e-01	   5.3718204225113952e-01	   4.7540943896894022e-01	   5.6540203418105983e-01	   5.9935112008226910e-01	   2.4825092292600198e-01	   4.2775085526832118e-01	   5.6412471593538160e-01	   4.9488535575917225e-01	   4.3094203050598012e-01	   4.5872751949961721e-01	   6.3203585601557832e-01	   4.4364060501025893e-01	   4.9415541025690479e-01	   1.5255358302642263e-01	   2.8337590407919827e-01	   2.2467209860784476e-01	   2.2799182578206054e-01	   1.3687747595972985e-01	   2.3976136522806282e-01	   3.5252558761952357e-01	   1.3918268089216129e-01	   3.6826403136371599e-01	   2.9942870978015440e-01	   4.6266697033866999e-01	   3.9703536836263009e-01	   4.1894107746393094e-01	   6.3629048709775460e-01	   4.8722617452260070e-01	   3.3226772232165147e-01	   2.8416583993623928e-01	   4.6652977919853994e-01	   5.4686724450016633e-01	   2.7266629309635709e-01	   3.1804852362833480e-01	   2.1328995108597773e-01	   4.9061524861060968e-01	   1.9214166253868492e-01	   1.9571622837763164e-01	   2.3871192670698044e-01	   3.2066972401146532e-01	   3.6297170021287617e-01	   3.6559517088605431e-01	   1.8797540230859938e-01	   2.5519640957434303e-01	   4.2418683810603472e-02	   1.2098563331908743e-01	  -1.7281770967310899e-03	   3.6907064440696927e-02	   4.5229678123735506e-01	   1.8948708523141433e-01	  -1.5867655748508855e-01	   8.8749861634173838e-02	   1.0338721269008283e-01	   2.7286717731151122e-01	   1.8855050335273463e-01	   2.1246149546939283e-01	   1.6782245801896470e-01	  -2.8398420958635656e-01	
   2.8747147947435425e-01	   4.8311265633310763e-01	   5.2457161600626889e-01	   5.2890839107155740e-01	   5.1665894129498069e-01	   7.8967486331515957e-01	   4.6923583102441846e-01	   5.2840319000235958e-01	   5.8168056954653080e-01	   0.0000000000000000e+00	   4.0350723684845397e-01	   4.2492444709330091e-01	   3.0543375607994855e-01	   3.2934842897287731e-01	   4.3630804291769448e-01	   4.6802392998095171e-01	   1.7687831524227360e-01	   2.9378690648791178e-01	   3.1310384915109679e-01	   3.4579238278753893e-01	   2.2309702643560350e-01	   2.5838879769666767e-01	   5.6904642358561730e-01	   3.4652712084670256e-01	   2.1145601851981180e-01	   3.0476766142662226e-01	   2.0505856919553347e-01	   4.3755346447723453e-01	   1.6770655478421319e-02	   1.1072031001388427e-02	   3.8610256458813286e-01	   5.3306238411188334e-01	   4.2309365646064157e-01	   3.8843968453570699e-01	   2.9096528000715693e-01	   2.0741448507708321e-01	  -2.2433431237409557e-01	   1.0017517921785897e-01	  -8.8402359467499497e-02	   1.4677309615176323e-01	  -5.8844225990531934e-02	   1.5646886769743540e-01	   1.6616461389212944e-01	   1.0357678731421122e-01	   2.6500498942485429e-01	   3.6134919961179651e-01	   1.6501459155424947e-02	   2.8417819366868907e-01	   3.8477135170360144e-01	   4.3926897510998164e-01	   3.3674109279488829e-01	   3.0470727932356656e-01	   1.1857378192570506e-01	   1.8693385825680470e-01	   6.9084077677902082e-03	   1.6987837024785168e-01	   2.4990159161354458e-01	   2.8678624301367844e-01	   3.6248036109989906e-01	   3.4046186677381057e-01	   3.4954147335257202e-01	   5.0336947428931011e-01	   1.6643276455919723e-01	   3.0394559219902850e-01	   4.4396533101732572e-01	   4.7318342729140717e-01	   3.0222073306252822e-01	   3.3702743566405546e-01	   4.4958441124873988e-01	   4.9698106600589675e-01	   4.3821564004377200e-01	   1.7817080841414007e-01	   1.7308062383504774e-01	   5.3920798033574975e-02	   7.6520898737812287e-02	   6.4924576019559227e-02	   2.7798233771666814e-01	   2.9587676074080860e-01	  -1.0143710312627986e-01	   2.4036623399438889e-01	   1.8264502273161529e-01	   3.6638413679607079e-01	   2.6179747453974150e-01	   2.9095454157784806e-01	   4.4257454811421865e-01	   4.5200707173466370e-01	   1.3536502833327763e-01	   4.2630521177392289e-01	   2.9911114838349523e-01	   3.7270765459492450e-01	   1.8026638751728935e-01	   1.6844348200716064e-01	   2.8630557501045928e-01	   3.0953298568536852e-01	   8.1095607572312517e-02	   1.0878049650198121e-01	   1.3196733482358897e-01	   2.1656881309460260e-01	   2.0186379103922333e-01	   2.6484686723917111e-01	   1.2729273317296719e-01	   2.9983847435366429e-01	   4.4032275992663621e-02	   1.8431687240427991e-01	  -3.4130584012743256e-02	  -6.5305343418572359e-02	   3.5970567660506847e-01	   9.8037227754360162e-02	  -1.5482191545332513e-02	   8.6168806157423880e-02	   1.7686311829822654e-01	   1.9525113219580267e-01	  -2.9773695102245567e-03	   5.6158684288156138e-02	   1.8561709134792154e-01	  -2.1041499821895898e-01	
   7.2194565582334735e-01	   6.8733871365139776e-01	   6.7171566042624575e-01	   3.9330415592882007e-01	   2.5615414994228253e-01	   3.8724415905072090e-01	   7.2746389751241858e-01	   5.9904088026639812e-01	   5.5172018953317714e-01	   4.0350723684845397e-01	   0.0000000000000000e+00	   6.1344312930333755e-01	   8.2996752472260860e-01	   6.6981473697855354e-01	   7.1728252095721756e-01	   6.6701469012566217e-01	   3.9690559078229293e-01	   5.3997089676569343e-01	   4.6335102693803276e-01	   3.5795238725805761e-01	   2.1221364440304530e-01	   1.4578322725517434e-01	   6.6649138487257009e-01	   3.7177475697521845e-01	   2.6359739865866477e-01	   2.7665394946864946e-01	   3.1796888412604929e-01	   2.2367203101499772e-01	   4.4751917848494416e-01	   3.8209525985649018e-01	   5.4484640588297217e-01	   4.9238642137244065e-01	   3.8616190617569718e-01	   3.7498212845598994e-01	   2.1203877800930468e-01	   1.9416011681195358e-01	  -8.9008099180803268e-02	   2.3426666973281640e-01	   2.6327744146547866e-01	   2.6974710981193728e-01	   3.4290993621301913e-01	   6.0677816178177180e-01	   4.1762958853301668e-01	   3.8425183936359691e-01	   4.7668621426862545e-01	   5.2798729810459899e-01	   2.6917221976875150e-01	   5.0749224629417999e-01	   5.6713302721251602e-01	   6.7704905520512937e-01	   4.7780951011609418e-01	   5.4751299244392038e-01	   3.7995751008696949e-01	   4.8831252476937015e-01	   4.9580401204086083e-01	   5.2980725473721146e-01	   4.8923362166671974e-01	   5.3517856059437463e-01	   5.7755271642527539e-01	   4.9290087531407278e-01	   7.1070344143136399e-01	   6.1293455756438564e-01	   4.8305915029379631e-01	   6.6344743314481125e-01	   4.1782451428605627e-01	   3.8025006429809166e-01	   3.7889013303669272e-01	   3.7965258961350073e-01	   3.4399994863079841e-01	   1.8573976607470941e-01	   4.0237913453743512e-01	   1.7508330028091587e-01	   4.5465379216162938e-01	   3.8006597937455444e-01	   3.1058619199391196e-01	   2.1997606786064644e-01	   4.5095609765970329e-01	   5.4370538139489155e-01	   2.6643253610408335e-01	   5.6777293608200019e-01	   4.8999115913195168e-01	   5.8818300742090290e-01	   5.4797277621211016e-01	   4.4862274926420398e-01	   5.3565605298383456e-01	   5.3154134761091465e-01	   3.2383622523224265e-01	   3.0890601713118870e-01	   4.7387150543825951e-01	   5.1535254537717246e-01	   4.1175726917627953e-01	   3.2716497986088994e-01	   3.9053761178826818e-01	   4.6543283103378136e-01	   1.1624016182898005e-01	   1.0109870237348696e-01	   1.8223979343751298e-01	   3.4802476989850983e-01	   4.9824620331423064e-01	   4.5360250750962483e-01	   2.5364560306286695e-02	   2.2996077072069135e-01	   3.1155335084805191e-01	   3.5735942126642878e-01	   6.2624199470897226e-03	  -1.5038307016223540e-01	   4.9438080379143962e-01	   9.6192298757207889e-02	  -9.7911617401354289e-02	   1.2150052304537064e-01	   2.1304455857832519e-01	   3.2519363281004765e-01	   3.6844438388779205e-01	   2.8285052224799312e-01	  -1.3212862413632178e-02	  -5.1909816074826209e-01	
   5.7305983059432419e-01	   6.4075891086142778e-01	   3.7050699305126844e-01	   4.0432347740143354e-01	   2.4657978651940013e-01	   2.7984700909787819e-01	   5.4427442314567820e-01	   6.3616747444399380e-01	   4.8283858522712342e-01	   4.2492444709330091e-01	   6.1344312930333755e-01	   0.0000000000000000e+00	   5.5286624751432456e-01	   7.3283394655770706e-01	   6.1032675650388035e-01	   6.4148155171619725e-01	   4.4878336788541195e-01	   5.2001563902195280e-01	   3.5218687654086595e-01	   3.9890600988050157e-01	   9.3953906202117632e-02	   2.9724942878878891e-01	   4.7654907325888540e-01	   2.6956874985393403e-01	   2.7976654723413909e-02	   3.5357245639422073e-02	   1.9875208988878271e-01	   1.5082170055696781e-01	   4.3742998329295635e-01	   4.2628513321703643e-01	   2.9063637434811151e-01	   4.4238664898527869e-01	   4.2496622609704082e-01	   3.6271381921170326e-01	   5.7588374167874407e-02	   1.2430072734434494e-01	  -1.8737339768619593e-01	   1.2843179081305170e-01	   4.0779617303739545e-02	   1.2477650628561818e-01	   1.1399983615740893e-02	   4.6582997542754712e-01	   1.7320455611920352e-01	   1.0798976287013649e-01	   1.9079739893196268e-01	   3.1968503214057647e-01	   1.0556549363131526e-01	   2.1247474517168299e-01	   3.0157680007398202e-01	   3.9807945862240490e-01	   2.7121537213999763e-01	   2.7780166279508367e-01	   1.0078559516716773e-01	   3.0670230089800543e-01	   3.4493817703286500e-01	   2.7034017522002607e-01	   5.1363148328085406e-01	   3.2879070100084240e-01	   5.0436764439624382e-01	   3.7475704342459959e-01	   5.2908786125697427e-01	   6.0647073180818389e-01	   2.9486740978439180e-01	   6.0875720450073145e-01	   1.5088688220143021e-01	   2.9652152698349099e-01	   2.2960960956931870e-01	   3.1381473178799169e-01	   3.1324412242851374e-01	   3.3501260659185661e-01	   3.1942109701449162e-01	   2.5955565030017100e-02	   3.7922358049921556e-01	   3.4899958465918679e-01	   2.8698435964247626e-01	   3.3576640039402927e-01	   2.8471103992809776e-01	   3.7806670258829866e-01	   1.8928617536672110e-01	   3.6576722737558526e-01	   4.3087489736451190e-01	   5.5951924515067697e-01	   4.7158812073937295e-01	   5.7867662950584464e-01	   4.3902993977825711e-01	   4.7946728194564292e-01	   2.6690711621442598e-01	   2.9124370030037078e-01	   3.0599452455394210e-01	   4.7696555919963007e-01	   3.4190435069733527e-01	   1.3605450947247705e-01	   4.1142057716486946e-01	   1.8626050022939847e-01	   1.3477405523312208e-01	   1.9893061580997146e-01	   1.6689957812673537e-01	   3.3029952825105113e-01	   3.5222540323603879e-01	   2.2894140523753556e-01	  -1.1778643502972232e-02	   1.0742599667287002e-01	   3.7896911277671519e-01	   2.0132775684215098e-01	   6.7453609744398901e-02	  -6.8647986446582376e-02	   3.0107928770451103e-01	  -1.1760400944612098e-01	  -4.4649838138600087e-02	   1.1452033000383594e-01	   2.1844390525281626e-01	   2.2421929203088775e-01	   4.0018418806877976e-01	   2.8239138258322227e-01	   1.0813717472000413e-01	  -2.5887087461058894e-01	
   6.4681848773491391e-01	   6.1959003973506777e-01	   5.4939504234481684e-01	   2.7620503765454213e-01	   1.9787050369093639e-01	   2.9288332073219558e-01	   6.0305164679878032e-01	   4.4717843243508859e-01	   6.1061328184418195e-01	   3.0543375607994855e-01	   8.2996752472260860e-01	   5.5286624751432456e-01	   0.0000000000000000e+00	   7.5325523452375887e-01	   7.1673139496067750e-01	   6.3334065686766672e-01	   3.7651561993469640e-01	   5.1438094240869092e-01	   3.1723457411184347e-01	   2.9943966614485001e-01	   1.3985455805471722e-01	  -3.7395498931332004e-02	   5.5882491825321157e-01	   3.9700153724120246e-01	   4.8264845355083308e-01	   4.1290312815923863e-01	   4.9701544258442143e-01	   3.2307144170011193e-01	   4.8033968941530436e-01	   3.6917236623304439e-01	   4.5022802182706645e-01	   4.1834135244978937e-01	   3.3107561383658074e-01	   2.9121905016650418e-01	   2.4759231711065477e-01	   2.6345887181834909e-01	  -9.4046917165980959e-02	   3.3551043704025402e-01	   3.1361344588671347e-01	   4.1363389541807838e-01	   2.9265680001458449e-01	   6.2929176242063556e-01	   5.2281950118212828e-01	   4.8216729511862744e-01	   5.1709458328759106e-01	   5.4487340934402628e-01	   3.1567016394980846e-01	   5.1294079118231262e-01	   5.6547864274306792e-01	   6.5888482707466178e-01	   4.8832173395781753e-01	   6.5364058941189662e-01	   3.8269853973186280e-01	   4.2052083475952773e-01	   5.1540318240909255e-01	   4.4067851003427472e-01	   4.6458673219358237e-01	   4.2612244883910944e-01	   6.0485707015435608e-01	   5.0922782371664232e-01	   7.2679854022169699e-01	   6.1407903227384208e-01	   4.4033136356619645e-01	   5.6500978042917382e-01	   3.8498864919703996e-01	   3.7603043953980497e-01	   4.3047027863488452e-01	   4.3975415943647544e-01	   3.6629853068023538e-01	   2.3783394740913408e-01	   3.4001006146381724e-01	  -3.4827398772220948e-03	   5.2204213264760890e-01	   4.0747166595901851e-01	   4.4085315672110353e-01	   3.1230014517606880e-01	   5.0100874148204333e-01	   5.9161751000482554e-01	   3.9639409521615471e-01	   5.6865587122418337e-01	   4.7246859464452617e-01	   5.8820035699748030e-01	   5.4092013310738696e-01	   4.0602784422888027e-01	   5.1171842322916816e-01	   5.1326454167332280e-01	   2.0118840371483140e-01	   2.5293558733856258e-01	   4.5114084906299479e-01	   4.5566770019389918e-01	   3.3334100709380743e-01	   2.0126169203682220e-01	   4.0501794419399523e-01	   4.2033825601142849e-01	   1.7826595042691817e-01	   1.0003512712089191e-01	   2.7280098342825349e-01	   4.0701383660924217e-01	   4.4478824972004827e-01	   3.4676001866107770e-01	   8.2944850239725004e-02	   2.0391898271441514e-01	   2.5920354520581002e-01	   3.1734263825628578e-01	  -9.4522791977178056e-02	  -8.9220434373942170e-02	   4.1290937216493034e-01	   8.3756469387174681e-02	  -1.5294740141184909e-01	   9.8451066958409147e-02	   2.9557967350642089e-01	   2.6183926022596310e-01	   4.1733191326481678e-01	   3.7232594741681141e-01	  -7.5029837223376500e-02	  -6.2821601366972712e-01	
