   0.0000000000000000e+00	   5.7631429066385431e-01	   4.8170479615232165e-01	   2.5069396925334198e-01	   2.4167403657573455e-01	   1.9741784324574274e-01	   4.2223325524661071e-01	   1.7130988361912244e-01	   2.7465843949140573e-01	   2.0044614129060098e-01	   5.8509021118912097e-01	   2.3954337053515093e-01	   4.6123591689173965e-01	   1.3787813373433380e-01	   5.6678758883251956e-01	   2.8283415727886158e-01	   1.3368818037919961e-01	   3.4534976609252022e-01	   5.3985104235467352e-01	   4.3236504347544669e-01	   2.6178249919070462e-01	   2.2516048710271769e-01	   4.4726600657351040e-01	   2.6436193679855280e-01	   1.4986101027365709e-01	   2.4215940819389180e-02	   1.9413373410285750e-01	   2.0572118068405282e-01	   2.7343416256423908e-01	   2.4137097425026929e-01	   4.0759864628660714e-01	   2.1394091595604164e-01	   2.5623174383295855e-01	   3.3584032067694763e-01	   1.0694217613577989e-01	  -1.1664243436469077e-01	   1.7727497077434370e-01	   1.3626598319853772e-01	   1.2217984261136908e-01	  -1.2148636538044898e-01	   5.8957950520211314e-02	  -5.2639980150240656e-02	   4.1503708923202259e-01	   4.8910540303827688e-01	   5.9827620818446736e-01	   5.7732622951716817e-01	   3.7503306617143056e-01	   4.3190974400941029e-01	   5.2375851305742960e-01	   4.4287915468370170e-01	   3.7253315317801738e-01	   3.3575325183881510e-01	   5.8062712011980488e-02	   3.2124560834072063e-01	   2.0322087187290394e-01	   3.0944842202325074e-01	   5.9943085236108218e-01	   2.1252231858423862e-01	   1.4924577338563660e-01	  -4.2141048412858317e-02	   1.1982914445747171e-01	   5.1729168544029043e-02	  -1.9711176922325480e-01	  -5.5265331411392456e-02	   4.1631428609526611e-01	   1.7838994118242307e-01	  -1.6787195586080467e-02	  -4.2622446548180017e-02	   3.5086741993527770e-01	   1.4500745480587568e-01	   1.2059507624190410e-01	   6.2082030645381224e-02	   2.7078892090118611e-01	   2.3547197336620959e-01	   2.3261145580310300e-01	   3.3271905496883336e-01	   2.4419425612907308e-01	   7.5446956856961567e-02	   2.9590182636328138e-01	   3.5624872723501608e-02	   9.3818247428291063e-02	   2.5777811501264664e-01	   3.6551270326447916e-01	   2.2992760601293671e-01	   5.0493979828194180e-01	   2.2024702889698602e-01	   1.5261134004651095e-02	   1.2921710168240525e-02	   4.9044610526644328e-01	   3.3397163995136570e-01	   3.9784530465727819e-01	   5.6695792190065397e-01	   2.2529980493906229e-01	   5.4432610506645807e-01	  -4.0620381305137135e-02	  -2.1902111394523291e-01	   1.1137203149208022e-01	   1.9058019497098538e-01	   4.8049295105588186e-01	   4.0092019020968933e-01	  -5.7384638206759514e-02	   1.5357544298540801e-01	   1.1817089066034669e-01	   2.6331303960723007e-01	  -3.6913545506733966e-02	   4.4377383879419774e-01	   6.7322062773797903e-02	   2.2027227288911655e-01	  -1.9777980191253414e-01	   1.8579150031927637e-02	   8.9459539403150393e-02	   4.2986263616492881e-02	   2.6570134785853183e-01	   1.8751315194487320e-01	   4.4510053316886006e-01	   3.8943186786610892e-02	
   5.7631429066385431e-01	   0.0000000000000000e+00	   4.7560422776825451e-01	   4.2346084122105648e-01	   3.4146463401878635e-01	   6.1886739752641695e-02	   3.8533265501418751e-01	   2.5561143618900706e-01	   2.1329307330509209e-01	   2.1336873596435543e-01	   5.1281620244388804e-01	   1.6809582772327081e-01	   2.6162511410379202e-01	   1.6562504231753472e-01	   4.3786296619516835e-01	   4.1353170174376275e-01	   3.8212955439898244e-01	   5.2585545547534551e-01	   4.6728405538169360e-01	   6.5436199260936667e-01	   2.9759395994263432e-01	   2.7749109139655703e-01	   5.1154695237722625e-01	   4.2132503104955127e-01	   2.0484424160561340e-01	   2.2366038845930764e-01	   2.9391309629043716e-01	   2.5499268969299504e-01	   5.0242240639433433e-01	   5.4782247281717922e-01	   5.2951702868978034e-01	   3.9972819331856690e-01	   4.2952942031873265e-01	   4.1813915389999923e-01	   2.3237484113756202e-01	   3.5261021596295468e-02	   3.4796746030125258e-01	   2.5344029039873461e-01	   3.4139125532687020e-01	   5.4182093299297789e-02	   2.3161237901483506e-01	  -1.3971096518370984e-02	   4.2923021066380984e-01	   3.4580038473442470e-01	   5.7638811488748742e-01	   5.1493740191238002e-01	   4.7376855236603699e-01	   4.5754127387240268e-01	   5.3141017958957326e-01	   3.9021754162633138e-01	   5.2434511089767866e-01	   2.2688577354386399e-01	   3.2505834717481680e-01	   4.4486958365907359e-01	   1.2269500170896397e-01	   3.4647903417631004e-01	   5.0331421731617110e-01	   5.2333441610407061e-01	   1.2217276090779722e-01	  -1.4803132675490632e-01	   1.4252810776131644e-01	  -2.3403661774545279e-01	   7.2573090413082398e-03	  -1.2927577902936721e-01	   3.7753765109572324e-01	   3.8863006297143378e-02	   1.0246422138412306e-01	  -9.2487998048444153e-02	   5.2350540715189142e-01	   2.6949200772986509e-01	   3.4427552824644492e-01	   1.9588451842229668e-01	   3.3120866797766924e-01	   4.4137015674260399e-01	   3.8208135269244925e-01	   5.0296701465837534e-01	   4.1048004356113671e-01	   3.5391184861693237e-01	   4.6452755069917384e-01	   4.3427148867972998e-01	   2.7588760345633145e-01	   6.1369322750512278e-01	   4.0261284425636806e-01	   3.6117073377597730e-01	   4.8009062734988206e-01	   4.3465265269611908e-01	   2.7369308392222108e-01	   2.6069904653442832e-01	   4.4122104187799699e-01	   3.2280097261232443e-01	   2.9143402927150075e-01	   3.9538967472803999e-01	   1.9410681677937719e-01	   3.6609330698718878e-01	  -3.3598255618520548e-02	  -2.5059066469410046e-01	   1.5959753731224152e-01	   2.3644695889455483e-01	   4.3548496676547166e-01	   2.7761625741885554e-01	  -7.5203804694808293e-02	   2.0129739928280110e-01	   2.0927341069893479e-01	   3.0474441443881572e-01	  -3.0196633277823841e-02	   2.8753689354016126e-01	   2.4536735725153250e-01	   5.5243398960983126e-02	  -3.6698956510889436e-01	  -1.4843265942124623e-02	   1.3126138866626896e-01	   1.6324653680798942e-01	   3.6475583326269059e-02	   2.1055595754813722e-01	   2.4341190956656683e-01	   3.5123697646251950e-02	
   4.8170479615232165e-01	   4.7560422776825451e-01	   0.0000000000000000e+00	   5.7221281630252230e-01	   1.8608990233506703e-01	   2.5304794979260647e-01	   7.6113020554122313e-01	   3.7447280856885201e-01	   2.0592576234443621e-01	  -6.5549009040923138e-03	   3.1793794918010421e-01	   2.0079239293425341e-01	   2.1370615445391447e-01	   1.3838047613061508e-01	   5.6288091908425875e-01	   3.2649746069713581e-01	   6.9578507160891506e-02	   6.0241339005800393e-02	   4.3908528825108961e-01	   4.2541048909275747e-01	   4.5197489115673983e-01	   3.1519402627950577e-01	   8.5036599116567091e-01	   6.5332063023117937e-01	   5.4019774787964780e-01	   5.2033728553588210e-01	   5.7439577780913698e-01	   5.0987514795674516e-01	   3.5087164331307624e-01	   1.9712506557592649e-01	   6.8403048544180467e-01	   5.2271473672430058e-01	   4.2791374673352078e-01	   3.9469391272171628e-01	   4.9571259547788127e-01	   3.1193934202593371e-01	   3.7622633455748922e-01	   8.7935827181330736e-02	   4.0182526758598114e-01	  -4.3540077641417069e-02	   1.3048411340600097e-01	  -7.2607284214588369e-02	   4.6217238263780785e-01	   4.1653300405594140e-01	   6.0899407458272969e-01	   4.3745743314173979e-01	   2.6167537148475295e-01	   2.7299801371274995e-01	   4.2293502517054421e-01	   1.4765603101245214e-01	   5.9765304443857270e-01	   2.9277043976500267e-01	   3.2511237169901330e-01	   4.0985600500103553e-01	   3.7545623761119568e-01	   3.9554804011190070e-01	   3.5403878859924132e-01	   1.1647884967244485e-01	   2.0504011210386169e-01	  -1.3854569534253203e-01	   1.6901914900803683e-01	  -1.7023543206483943e-01	  -1.1173124540168587e-01	  -3.2150113124445656e-01	   7.6561142195601128e-01	   3.5656362577569056e-01	   4.5602500626557407e-01	   2.6475198584618065e-01	   4.5954370743375950e-01	   4.0644817548217177e-01	   3.3736177327537653e-01	   1.3505245010397560e-01	   2.0314755634812381e-01	   1.4532798675821929e-01	   2.8146584886465503e-01	   3.0192813226035597e-01	   3.7539364070321790e-01	   3.8685390287524435e-01	   3.1212420528769441e-01	   2.0677293986881190e-01	   2.2961229460145910e-01	   3.3667828978239434e-01	   4.9593527228645906e-01	   4.8767642599707856e-01	   8.1919506160258670e-01	   6.6595515312988018e-01	   5.0137298802158847e-01	   3.6941128477233065e-01	   6.7929925512338185e-01	   3.6226517906564548e-01	   3.3347186031976311e-01	   5.5586003307672738e-01	   3.5959720231322195e-01	   7.3173541923811669e-01	   5.2227867027536679e-03	  -6.9677552617553040e-02	   2.4666714179899552e-01	   1.0972973564327819e-01	   3.8756996798656373e-01	   2.3305975657859360e-01	   4.5003377682943949e-02	   5.2718279885234887e-01	   1.6562219925661992e-01	   3.0007527228377606e-01	   2.0512605215787955e-01	   5.0156092717597023e-01	   1.1366817391287862e-01	   6.1016341455417560e-02	   4.0075304039269621e-02	   3.8736239648697746e-01	   1.1151030435614490e-01	   1.0837873622821684e-01	   2.7252609318190568e-01	   2.3470790289821900e-01	   4.0678568089484229e-01	   3.1558330066295781e-01	
   2.5069396925334198e-01	   4.2346084122105648e-01	   5.7221281630252230e-01	   0.0000000000000000e+00	   2.6424280935930328e-01	   2.9598668531259598e-01	   6.0180723151904925e-01	   7.3394186720375221e-01	  -1.1121102159932644e-02	   2.5085219818886062e-01	   1.9214098035685228e-02	   2.9738789748378774e-01	  -3.1281664219604523e-02	   2.5917581680036711e-01	   1.3059573728256785e-01	   5.6733786677802556e-01	   3.8656596346909544e-01	   1.6854433259295060e-02	   1.9293146038799397e-01	   5.9978291206308276e-01	   6.0003479073221233e-01	   4.0022216537058813e-01	   6.0131948667527424e-01	   6.9007181895677505e-01	   4.5678913628170570e-01	   5.7651615733655559e-01	   5.3836654728203814e-01	   5.5201411182554905e-01	   4.3926615985053719e-01	   3.8485665629541949e-01	   6.7449636783784850e-01	   7.1033154870429605e-01	   6.1939958094417258e-01	   6.1309733347549666e-01	   5.0687163649217504e-01	   4.2692712455610882e-01	   2.5970921797385171e-01	   4.2420011491057219e-01	   4.1871256474616159e-01	   3.9813494683699124e-01	   2.3154319388349062e-01	   1.0276824603433105e-01	   3.4027563939348521e-01	   3.5138788680829247e-01	   4.8494956384410487e-01	   3.5793609145009753e-01	   2.2291195632900451e-01	   3.7164169724290130e-01	   3.1915761795411512e-01	   1.6557928656795157e-01	   5.9381357538458990e-01	   2.0362756047105426e-01	   4.2010153089988550e-01	   3.6254701716598192e-01	   5.1810042828268421e-01	   5.3448670503728746e-01	   4.1593772849034055e-01	   3.1678172077245670e-01	   2.7357512831905650e-01	   1.8897185728518351e-01	   1.9796066316440583e-01	   3.7660887382029444e-03	   1.1805331876302506e-01	  -2.1155528387810874e-01	   3.6686912008605221e-01	   4.5031762087112337e-01	   6.5348137786911864e-01	   6.3308522948628476e-01	   5.1104758146046381e-01	   2.8658911590176778e-01	   4.7958637297854367e-01	   1.3728624779851978e-01	   2.5999564887095655e-01	   2.8120436993940096e-01	   3.6437574079676516e-01	   3.6757188719575440e-01	   3.7383317231931756e-01	   4.7464580066726236e-01	   4.3201266774673325e-01	   3.3774116203358306e-01	   4.7984842343188350e-01	   3.7659119706095517e-01	   3.0296079014356370e-01	   5.5761941569522000e-01	   4.9715775335599122e-01	   6.9566775547922632e-01	   3.8236432813308269e-01	   4.3710475070676602e-01	   4.9492029628294432e-01	   4.3265868051213008e-01	   3.9131252640567593e-01	   3.8134644654898531e-01	   4.8033629828009566e-01	   4.1319669337570375e-01	   9.9353899692392514e-02	  -1.4947078980399989e-01	   2.9172772180236128e-01	   2.6394646057837434e-01	   2.9912114408071566e-01	   3.0252146416122172e-01	   3.2065455583440605e-01	   3.9347826090958149e-01	   3.0787111764427805e-01	   2.4582573288881826e-01	   3.5364865441960691e-01	   3.2012444434175796e-01	   1.0399552772265341e-01	   1.0747198766268108e-01	  -2.8833880982661333e-02	   2.5451900620410134e-01	   1.7171774438623305e-01	   1.6511735853813439e-01	   3.6530698398695433e-01	   9.8604020317432817e-02	   2.2693281370188556e-01	   1.6917885485685435e-01	
   2.4167403657573455e-01	   3.4146463401878635e-01	   1.8608990233506703e-01	   2.6424280935930328e-01	   0.0000000000000000e+00	   2.1670864038580978e-01	   2.5393076931930864e-01	   3.5805346621485318e-01	   3.8541882082833845e-01	   5.5357750000028005e-01	   3.8799283652612793e-01	   1.7395648224800953e-01	   3.5008980167605275e-01	   1.3389856314606274e-01	   2.3314428980837565e-01	   2.4394574109098294e-01	   2.9311953353799253e-01	   2.6942118339608134e-01	   8.8852791726841338e-03	   1.0932692441805850e-01	   7.2942147842041505e-02	   2.4888439713536969e-01	   1.6082875588455431e-01	  -6.0806033651634853e-04	  -5.6241645531680914e-02	  -3.5600026692906322e-02	   1.1204645957300501e-01	   1.1650043994266039e-01	   4.1076990016810155e-01	   4.8397881759473356e-02	  -2.5555383584697122e-03	  -1.0273730298645777e-02	   1.0708800345583885e-02	   8.3909510954787464e-02	  -5.6585249221340284e-02	  -9.2638747707384866e-02	  -4.7946314499016429e-02	   7.4875759363313046e-02	   2.1838643131674937e-01	   1.1807112601558720e-01	   3.4006733847262027e-01	   3.1283986947645154e-01	   1.9184178419250689e-02	   2.6592956530283977e-02	   1.8328618055626588e-02	   1.3758704398712665e-01	   1.3074989288691774e-02	   1.4190038288778220e-01	   2.6390227924762028e-01	   1.5894303499939508e-01	   1.9672121241698051e-01	  -8.8395447236151281e-02	   1.0926722374659548e-01	   9.5108858017449588e-02	   4.7394005672544620e-02	   1.2602326083215054e-01	   2.3651303972698129e-01	   3.5175361807606409e-01	   4.9680780518858425e-01	   1.2325230091974701e-01	   4.7032720131774319e-01	   7.5996322929434326e-02	   3.6637964721414940e-01	   1.8049592973495870e-01	   1.7874326665668444e-01	   4.3700036589686964e-02	  -9.7688273664722804e-03	  -1.1047133418761460e-02	   1.5517854555040508e-01	   1.8804360297315262e-02	  -1.4951061304677946e-01	   5.8623662851383943e-02	   1.7838581388148314e-01	   2.1676243426530983e-01	   2.4356199699739253e-01	   1.9129412449649696e-01	   7.7375776443083688e-02	   3.0377150278738253e-02	   1.5782203696994240e-01	   4.5384890348068155e-02	   3.5149084321146817e-01	   2.6659211998736759e-01	   2.7363449920922767e-01	   2.2108377782737537e-01	   1.3033161691654824e-01	  -1.8134792311100531e-02	   1.7989240857811561e-01	  -1.5990039240153817e-01	   4.1549982524596946e-01	   1.7370698334369072e-01	   1.6894752061501961e-01	   2.0713125957083731e-01	   2.0121516212606619e-01	   1.4979789031499738e-01	  -2.0248637141982581e-01	  -7.8929770131323129e-02	  -1.1470992597958124e-01	   1.7006913842578802e-01	   1.4423494711112000e-01	   6.5705769444688077e-03	   1.9567793646363590e-01	   1.6654634732523954e-01	   8.6507424338044023e-02	  -5.2727235763506498e-02	  -2.0352469230181305e-01	   2.0200670843607038e-01	   1.0636538309542783e-01	   1.6135878253752955e-01	  -2.9944350870472158e-01	  -6.8940445936012520e-02	   7.3009416689047715e-02	  -2.6138009684047399e-02	   3.5749821002436878e-02	   2.6641760763743812e-02	   2.0287561064923670e-01	   1.1338055452133172e-01	
   1.9741784324574274e-01	   6.1886739752641695e-02	   2.5304794979260647e-01	   2.9598668531259598e-01	   2.1670864038580978e-01	   0.0000000000000000e+00	   3.4482573074327549e-01	   5.1224844876347231e-01	   2.9349312018316775e-01	   4.2594963138838882e-01	   2.4969859125139304e-01	   1.5807696678418998e-01	   3.1225116029031880e-01	   8.8228204852976624e-02	   2.2373178682068315e-01	   3.8863941943690805e-01	   3.6551855253557912e-02	  -6.4331933897867032e-03	  -1.5454993639220128e-02	   4.4971574811286559e-02	   3.6338391958342497e-01	   2.3301448758501001e-01	   2.1693799419798473e-02	   9.5223357749833482e-02	   4.4119030546436837e-02	   1.3771805588973141e-01	   1.5970171039321593e-01	   4.5979650548295947e-01	   1.8265110163978074e-01	   9.6320258833467159e-03	   5.0665145511078993e-02	   7.7427168691390186e-02	   1.7576079720022009e-01	   2.3242417679270427e-01	  -4.5438719104429225e-02	  -9.8783115450470541e-02	  -8.4246746411387602e-03	   4.1864434844617410e-02	   4.9481898233435961e-02	   1.9762142702403707e-01	   1.1184787904071369e-01	   2.5009178411564015e-02	   2.9852504876859465e-01	   3.2918235201160728e-01	   2.1762027950635254e-01	   3.6544258676295793e-01	   1.8390197010444531e-01	   2.4786513959484519e-01	   3.7087921259793771e-01	   2.5888627945597531e-01	   3.7660746043920723e-01	   3.1085140277008111e-01	   3.1370237623789160e-01	   3.5583094259032283e-01	   3.8794481891067079e-01	   1.1093849282670371e-01	   2.6732416162008621e-01	   2.0246242769465711e-01	   2.8389222650926432e-01	   1.3383312547868367e-01	   2.8714266481844097e-01	   1.9474214983163157e-01	   1.2261646954027687e-01	   1.2401781647513130e-01	   2.5461056456751716e-02	   6.2896273090527449e-02	   1.1359500720603172e-01	   2.0705444331759093e-01	   1.3122471542185754e-01	   2.0942669236234607e-01	  -2.8738146202831084e-02	  -1.9007052309744352e-01	   2.9760680688872959e-01	   1.4720776177201844e-01	  -5.4033100144985191e-02	   7.2404413424196873e-02	   3.6498943488760399e-02	   3.6892168369176566e-03	   3.0099348529898970e-02	   2.6344789613568974e-02	   1.7130484936018886e-01	   1.2329514037590941e-01	   3.2092675136669058e-01	   3.1279270073276433e-01	   8.9364672602012224e-02	   2.6953745516060079e-01	   1.8166966437105922e-03	   1.1834687721744008e-01	   1.8619244723457842e-01	   2.3069003335404756e-01	   2.0573865093896188e-01	   2.3844125211324146e-01	   6.4950141727127583e-02	   1.3421237880360404e-01	  -9.2490871686419351e-03	   6.6319190065788014e-02	  -5.4449285430943045e-02	   4.9196000853849849e-02	   2.1234016922068366e-01	   2.8793435318356553e-01	   1.7232172188894210e-01	   3.2102785079824520e-01	   1.8018917764560516e-01	   2.4070528889646414e-01	  -9.3950846912143074e-02	   9.2675133401826041e-03	   8.6847149779729835e-02	   2.2225403760787195e-02	   1.2936450629597154e-01	   1.8876653517260006e-01	   1.0041955918036746e-01	  -1.4931361002529686e-01	   1.2949503502867929e-01	  -3.1410564009473313e-02	   6.0662541795291409e-02	   1.8166256894487168e-04	
   4.2223325524661071e-01	   3.8533265501418751e-01	   7.6113020554122313e-01	   6.0180723151904925e-01	   2.5393076931930864e-01	   3.4482573074327549e-01	   0.0000000000000000e+00	   6.1464940597443818e-01	   1.6685651694248116e-01	   2.4936977986239087e-01	   2.6493285503856673e-01	   6.9434011424852879e-02	   2.7125996129239205e-01	   5.4014306282365893e-02	   5.4668334319274181e-01	   3.2958214348319148e-01	   1.1170915094351490e-01	   6.8466869460054730e-02	   4.9481911369923759e-01	   5.1449877209652728e-01	   4.8922591888498135e-01	   3.5804811588295804e-01	   5.6607982750378372e-01	   4.7835913587529044e-01	   3.8508028676863737e-01	   3.2478109931076105e-01	   3.8017947748481307e-01	   4.4071782101262280e-01	   4.9607053413118402e-01	   2.2051119921776968e-01	   5.1970109417860433e-01	   4.4866057076764743e-01	   4.8435747720899669e-01	   4.4327368615452428e-01	   3.0984429763750670e-01	   2.2541010949171433e-01	   1.4567161157120412e-01	  -6.4117814996642195e-02	   2.5769743551898927e-01	   6.0872548259185508e-03	   9.0198652311887437e-02	  -9.0732767033170014e-02	   3.1253407705555519e-01	   3.3771132310108654e-01	   4.4614384253742978e-01	   3.8720589079523460e-01	   1.4127258835863965e-01	   2.1071784342967312e-01	   4.0880685942159856e-01	   2.3237882104755125e-01	   4.4191283790131797e-01	   2.7141916939374405e-01	   2.1135809343062706e-01	   2.8115498553028684e-01	   3.0679331722229664e-01	   3.3799079575272928e-01	   3.0022861437803483e-01	   7.2901014403104647e-02	   1.9658742231725945e-01	   1.1031123705191870e-02	   3.1742572410590497e-01	  -1.8402461430370817e-02	  -6.9203677420104623e-02	  -1.6523192937306899e-01	   5.4597109424175561e-01	   2.6186862097742292e-01	   4.4603941409227937e-01	   2.8354650792805969e-01	   3.5155288428364978e-01	   3.5658397836791644e-01	   2.5419542867878314e-01	   6.6399086857586082e-02	   3.4189671453625659e-01	   1.7660915541319111e-01	   2.9090693703845755e-01	   1.5334335627333151e-01	   1.7005245990585083e-01	   3.1901800068958602e-01	   2.4531846241471139e-01	   1.9379304092085070e-01	   2.2535038260203161e-01	   2.3139653883791822e-01	   4.8632682617656187e-01	   3.8960186583444822e-01	   6.1471233919686330e-01	   5.8821738729938600e-01	   4.0438797620877809e-01	   2.5762104444095768e-01	   5.0024461069826121e-01	   3.1126304673879518e-01	   2.7230549707203128e-01	   5.0009516264382747e-01	   3.7981896999403830e-01	   5.5544488319378582e-01	   3.2799133634417825e-02	  -1.1527110711281967e-01	   2.0139158354003928e-01	   7.1358284338010987e-03	   4.1124000223968243e-01	   3.3940155473148093e-01	   1.6633503708265024e-01	   4.0441744910499411e-01	   1.5463693683928548e-01	   2.5462487549107388e-01	   2.1129757109363712e-01	   4.5775570055178516e-01	   2.1279591480253809e-02	   1.9882106875613811e-01	  -4.7019621264760371e-02	   1.5674469483352899e-01	  -1.5073033486523310e-01	  -3.6628838611813638e-02	   3.4733332281135643e-01	   4.6206731389927092e-02	   3.4486743580791124e-01	   2.7665025217352879e-01	
   1.7130988361912244e-01	   2.5561143618900706e-01	   3.7447280856885201e-01	   7.3394186720375221e-01	   3.5805346621485318e-01	   5.1224844876347231e-01	   6.1464940597443818e-01	   0.0000000000000000e+00	   6.6521104174666099e-02	   5.5573058409126352e-01	   5.8632068711295782e-02	   3.7338033124964831e-01	   1.5558798321073364e-01	   3.9169904757639279e-01	   3.2216756347468972e-01	   6.6623193862833363e-01	   3.8840479488563728e-01	  -1.5562911271849070e-02	   1.2746848673115332e-01	   3.4500479109160676e-01	   4.9989115836703518e-01	   3.7106039324826307e-01	   3.5240541448104667e-01	   4.7116049404295973e-01	   2.8686913508000400e-01	   3.9069867805309300e-01	   3.7908320530543138e-01	   4.9067848859642715e-01	   4.6223703540607852e-01	   2.8489203407774943e-01	   4.1220301028889456e-01	   5.2830414759850641e-01	   5.4521286785993928e-01	   5.0113518084560604e-01	   2.6993475125264332e-01	   2.2613482995651130e-01	   8.6764347716011395e-02	   2.6967443399787006e-01	   3.4804091309886509e-01	   4.6350812812696507e-01	   1.8925244486980905e-01	   1.9856184353590550e-01	   2.3730693049262078e-01	   1.9575282453484397e-01	   3.2362350631498360e-01	   2.4700594000751624e-01	   1.2408560079143463e-01	   2.4831942188871564e-01	   3.8204265665289527e-01	   1.7920368075941073e-01	   4.6484953461366990e-01	   1.6542202058683328e-01	   3.9077371106292969e-01	   3.3307202771855959e-01	   3.2157699575146992e-01	   2.9203216841713320e-01	   3.0013725517282103e-01	   2.3278640661928074e-01	   3.7674974464324418e-01	   2.9584048484039149e-01	   4.0906059285705476e-01	   3.8241736848177527e-01	   2.0607206436464082e-01	   4.3590859014147117e-02	   2.0392777441443527e-01	   4.3236490317531995e-01	   4.3060733584183292e-01	   4.8945270895178389e-01	   2.3448964300393613e-01	   2.3383232346314969e-01	   1.0376780313869001e-01	  -1.0733412429256345e-01	   1.4786293227387470e-01	   1.2613405016673745e-01	   1.2589390545598675e-01	   1.5394938927580082e-01	   1.1908009804628653e-01	   2.6018032104548228e-01	   3.2876122879469888e-01	   1.8991545321397960e-01	   4.7294243742047642e-01	   3.2491220547486810e-01	   3.8800581749787511e-01	   5.0865082077960633e-01	   3.7339446074633886e-01	   5.7900509834790070e-01	   2.4107628109811999e-01	   3.6422703691420533e-01	   4.0667897074480375e-01	   4.3735107959987790e-01	   4.2770117899234356e-01	   4.0744935286295814e-01	   4.6689294367934642e-01	   3.0118006399197972e-01	   2.4145224386155764e-01	   4.4453080791349332e-03	   2.4394004105340744e-01	   2.1412067710340238e-01	   4.0600768828044459e-01	   4.3149416967401805e-01	   4.6476827258336939e-01	   2.8877280979490261e-01	   3.8721904315347527e-01	   2.6689521258396826e-01	   1.1186544323824563e-01	   3.4234586875114120e-01	   1.4535092686097675e-01	   9.3434756259284740e-02	   6.5576277208792583e-02	   2.2334444368404416e-01	   8.4138329065101006e-02	   1.5119727799214377e-01	   2.8348455659878996e-01	   7.8742804056229104e-02	   1.8324439438054838e-01	   1.7394156699719904e-01	
   2.7465843949140573e-01	   2.1329307330509209e-01	   2.0592576234443621e-01	  -1.1121102159932644e-02	   3.8541882082833845e-01	   2.9349312018316775e-01	   1.6685651694248116e-01	   6.6521104174666099e-02	   0.0000000000000000e+00	   2.5549846576222129e-01	   5.1849966643852796e-01	  -6.1246381247698670e-02	   3.9148829297667492e-01	  -7.5925600717153194e-03	   4.2358455208058216e-01	   8.0300637911451977e-02	  -9.3329548992253184e-03	   3.5024466636164286e-01	   1.3562156917064548e-02	  -1.4028517133125734e-01	  -1.2684867436654138e-01	   1.2947084432863037e-01	   1.3784427989172887e-01	  -8.1055318064262805e-02	  -1.6741189097388498e-01	  -1.8914902285671686e-01	  -1.1612362784305243e-01	  -1.9553865866310927e-01	   1.7607700512796509e-01	  -9.0334551771300731e-02	  -1.7049796364330611e-01	  -2.4405489586172058e-01	  -1.6909344614026942e-01	  -1.5800746964305548e-01	   2.6331113760657567e-03	  -1.9157676375209118e-01	  -2.4636835570798535e-01	  -2.0166501251341512e-01	  -1.1015655167836638e-01	  -2.0829370793922380e-01	  -2.1072013359272540e-01	  -1.5294836063871600e-01	   1.0386341122058909e-01	   9.7472139136497132e-02	   2.3611750941974244e-01	   2.3325338516919150e-01	   2.3906257555356503e-01	   6.2748121839687115e-02	   3.8721228174685368e-01	   2.3415037142928929e-01	   2.3383066517974072e-01	   1.3572603273436232e-01	   1.8915931431742544e-01	   1.4067784505177838e-01	   1.1892821716221133e-01	   1.1416739338879403e-01	   2.1425558495864588e-01	   3.1435968243941464e-01	   3.1925157848519092e-01	   2.1063352991439330e-02	   4.7353572462549032e-01	   1.8991686501761851e-01	   7.2217042433792872e-02	   3.1923859478797439e-01	   3.3802174105035887e-01	   8.0570234379535866e-02	  -1.0160366997831921e-01	  -2.4270954467372738e-01	   8.1489478414812161e-02	   2.2673157237022895e-01	  -1.3630825035218078e-01	   6.6378700892947257e-02	   1.9179869673014668e-01	   1.2673066394108931e-01	   4.3360333568380524e-02	   8.9125164491365094e-02	   5.4609274806033101e-02	  -6.3196891117232631e-02	   1.3142977253744377e-03	   5.8759675560291613e-03	  -3.1093831539762775e-02	   8.6423398615292302e-02	   2.5876798289116981e-01	  -1.2020548842888204e-02	   2.7926484807374063e-01	  -7.9988674778527613e-02	   5.6504166993123543e-02	  -1.6019287610564198e-01	   3.5674973605814303e-01	   8.6517768535178174e-02	   1.2416603226038768e-01	   2.0296827248059868e-01	  -6.8947502034541780e-02	   3.4917955238145798e-01	  -2.4051263822429242e-01	   4.8073293832541783e-03	  -1.0597100771489032e-01	  -7.9978234579802798e-02	   1.8025762931001937e-01	   1.9936451155979643e-01	   9.7288565708331998e-02	   2.7554465184976307e-01	   6.1823486027849636e-02	   3.5842521556752022e-01	  -2.0945633509113740e-01	   2.4295771478493677e-01	   2.3615793821987402e-01	  -5.9788365406340901e-02	  -3.1287915474843087e-01	  -7.6979420606043486e-02	  -1.8364803903025978e-01	   4.4482898535172850e-02	  -1.2022456897544609e-01	   7.0481042256636040e-02	  -8.6472754123362083e-02	  -1.6888570107231693e-01	
   2.0044614129060098e-01	   2.1336873596435543e-01	  -6.5549009040923138e-03	   2.5085219818886062e-01	   5.5357750000028005e-01	   4.2594963138838882e-01	   2.4936977986239087e-01	   5.5573058409126352e-01	   2.5549846576222129e-01	   0.0000000000000000e+00	   3.0096775426416184e-01	   2.3837608485295131e-01	   2.9009212408992446e-01	   2.8035223195893294e-01	   2.0578448716904790e-01	   4.6147114513762211e-01	   3.9198146221260433e-01	   2.5089255316195325e-01	  -1.6332198805368552e-02	   1.7311407801592463e-01	   8.2337977103386306e-02	   2.1626791043328986e-01	  -1.1043176899260879e-01	  -5.3584848203461884e-02	  -1.6476890566405966e-01	  -9.7361643804323217e-02	  -7.4894423227094276e-02	  -2.5587018125058328e-02	   4.2655379137497623e-01	   1.7855225781876874e-01	   2.4770885402844736e-02	   7.2775038609526332e-02	   1.6646646350566804e-01	   2.8165354025862688e-01	  -2.1428286829095511e-01	  -2.0902459404027346e-01	   3.5765042516687065e-02	   2.0635373805880222e-01	   2.3793632439878676e-01	   3.5846693035339466e-01	   3.9291117154377631e-01	   3.4879736274117928e-01	  -9.3573959437547732e-02	   2.1269189161269617e-02	   1.1907088381288667e-02	   8.8608296461287359e-02	  -2.0553306405313408e-02	   2.0051220791102903e-01	   2.9812932086499783e-01	   2.8142683862058693e-01	   1.5706126513086763e-01	   1.1790212109527722e-01	   2.6896823388477281e-01	   1.5476203966243696e-01	   2.3216617609581613e-01	   1.2105004649559098e-01	   2.9332051486855243e-01	   4.0220623647347786e-01	   4.8196727103017312e-01	   4.1809127238536192e-01	   5.2989316381707330e-01	   4.4482535258880829e-01	   3.8982411532359362e-01	   4.5097961445763679e-01	  -8.8803217555726080e-02	   7.0605142320309788e-02	  -1.1951841605631103e-01	  -6.2954822205170645e-03	   1.7746189007100016e-01	   2.1135918689221084e-01	  -1.6997855220965552e-01	   7.7481667372059707e-02	   2.8864040565041044e-01	   2.3817228200345619e-01	   1.1340994873967913e-01	   3.1924171762191467e-01	  -2.2388721144166415e-02	   2.0024906520739277e-02	   1.2043550205052291e-01	  -1.9426133084488359e-02	   2.5829762252109212e-01	   2.7545346685404237e-01	   2.2445325358825469e-01	   2.6511627318106373e-01	  -3.2606596505105626e-02	   2.8700559652069781e-02	  -1.1278483173802473e-01	  -1.7214922537539862e-01	   3.1709126717613206e-01	   4.1376169045097649e-01	   3.5549274767009087e-01	   3.1082429423932068e-01	   3.2229612383936440e-01	   2.6067378514661878e-02	   1.3213802630823260e-01	  -3.5580450261778872e-03	  -2.5367812549826958e-02	   1.1260326419794212e-01	   1.0351589789104240e-01	   2.3108501567341627e-01	   2.3686189578450059e-01	   9.8287470728837215e-02	   2.3580283929662244e-01	   2.1535547364581847e-01	  -1.8224167860872370e-01	   1.2239274964688093e-01	   7.7465050935323548e-02	   2.1023734536379513e-01	  -5.5885650767561940e-02	  -5.8244149239722737e-02	   6.8314048117384188e-02	   2.0440683898771672e-01	   1.5628114609827634e-01	   4.8450613739601210e-02	   1.3708147861273192e-02	  -1.3429209950877508e-01	
   5.8509021118912097e-01	   5.1281620244388804e-01	   3.1793794918010421e-01	   1.9214098035685228e-02	   3.8799283652612793e-01	   2.4969859125139304e-01	   2.6493285503856673e-01	   5.8632068711295782e-02	   5.1849966643852796e-01	   3.0096775426416184e-01	   0.0000000000000000e+00	   2.0824080398953576e-01	   6.5342058470291609e-01	   2.0013625155622250e-01	   6.0768120528680936e-01	   3.0983954766155092e-01	  -7.6937051855514846e-02	   4.0970221334078549e-01	   1.5083418023745931e-01	   1.0233466376376524e-01	   1.1215688540803008e-02	   2.3741679819755035e-01	   2.2812757809704801e-01	   7.3806744395666826e-02	   8.6968768933737395e-02	  -1.4129981965112376e-01	   5.0470258261694503e-02	   7.4722461175011745e-02	   2.5446210888025150e-01	   1.8942220888131886e-01	   6.9760675191740118e-02	  -3.4788938851931524e-02	  -1.6040819830130071e-01	  -7.1807420612381517e-02	  -5.7594392385886747e-02	  -2.2903927045963521e-01	   6.7116807102703915e-02	  -6.1183214938520795e-02	   1.0718445891634537e-02	  -1.2507544088150635e-01	  -2.3969344587080658e-03	  -2.1997450013727357e-01	   1.2677782731570567e-01	   1.6888491513521312e-01	   4.2402233656475818e-01	   4.5167898246079152e-01	   2.5216172553589417e-01	   3.3505636621476387e-01	   6.4921075761405045e-01	   3.9844754473004407e-01	   2.7182018577859990e-01	   2.1470919558918847e-01	   2.5553473948997418e-01	   3.1964708812363490e-01	   3.7632101017031891e-02	   1.2667630323200876e-01	   1.8372513587584136e-01	   4.1634483583079784e-01	   3.0566015644988798e-01	  -1.2080715645677820e-01	   4.3937122587169980e-01	  -5.7578080119458242e-03	   9.5626378749523438e-03	   1.6087528725079753e-01	   3.9513890717032907e-01	  -1.8576985156299644e-02	  -1.9973735621194277e-01	  -2.5820436692146809e-01	   1.0725674048345789e-01	   2.7278708813954569e-02	  -6.5348140452328007e-02	   1.5419729736609800e-01	   2.4459343276573620e-01	   2.7382782087526797e-01	   1.3831991775873123e-01	   2.4476452283759909e-01	   1.4564004826077859e-01	   1.1463514564916631e-01	  -5.4225021728182263e-02	  -2.4738788709113987e-02	  -1.3641049045183298e-01	   2.5267054246943599e-01	   4.6241585663667206e-01	   2.6709004487916699e-01	   3.7605037211614234e-01	   1.0964758682189299e-01	   1.4513130847845229e-01	  -3.5651604495281507e-02	   4.7076321175858860e-01	   2.3653571819715685e-01	   2.3700727902082599e-01	   2.6178394901489616e-01	   5.4340435250045532e-02	   2.8521579327657531e-01	  -2.9906410031990383e-01	  -1.0026027872780653e-01	  -1.2751608763238348e-01	   1.7672038146203498e-02	   3.9438353616459698e-01	   1.1433201010447128e-01	  -4.9251713290773810e-02	  -2.7009588839724132e-02	   6.1411909913838422e-02	   2.6996790219842037e-01	  -2.5333881768967831e-01	   2.9779005789309471e-01	   4.8494264656873242e-03	   5.4156083289358717e-04	  -3.6783236384814222e-01	  -1.3903519578504214e-01	  -2.7469416540697539e-02	   1.1181740505132706e-02	   4.6535656656468097e-02	   1.3110765226924548e-01	   1.8939567036581889e-01	  -7.2281265512998377e-02	
   2.3954337053515093e-01	   1.6809582772327081e-01	   2.0079239293425341e-01	   2.9738789748378774e-01	   1.7395648224800953e-01	   1.5807696678418998e-01	   6.9434011424852879e-02	   3.7338033124964831e-01	  -6.1246381247698670e-02	   2.3837608485295131e-01	   2.0824080398953576e-01	   0.0000000000000000e+00	   3.1053026481274620e-01	   7.5808409843511915e-01	   1.1895007074603807e-01	   5.1765985685058769e-01	   2.3167085265091578e-01	  -1.0810567704865168e-02	  -1.3841781446950369e-01	   7.0280461796275354e-02	   1.8248510108549840e-03	   4.6966877979291902e-02	   3.0538713437194948e-01	   3.2739250424639887e-01	   1.6173902419027097e-01	   7.7227642306403069e-02	   3.3810974226986912e-01	   8.8165145766248190e-02	   7.6166911906420470e-02	   2.6958995216212123e-01	   2.6806916766908329e-01	   3.4006150581936739e-01	   3.3025407081845093e-02	   7.4314611032035349e-02	   1.7542964300837588e-01	   8.3456104848778273e-02	   1.5835669357029258e-01	   3.4707162377280443e-01	   1.4108543096152040e-01	   1.0867179673173771e-01	   7.2467032889138000e-02	   1.4367652499908626e-01	   5.2803247648893187e-02	   6.6564012369858983e-02	   2.1084953302574808e-01	   3.4835644566410112e-02	  -2.8775273436347122e-02	   1.9530013507970673e-01	   2.0394121805838372e-01	   7.1820612837439263e-02	   1.9083849616203144e-01	   1.4055324976256808e-01	   3.2119912151842500e-01	   9.0268689382330888e-02	   8.8034078156755111e-02	  -7.5982730678343033e-02	   1.3232110866328473e-01	   9.7440991142382166e-02	   3.0247206730884629e-01	   1.9245554234642620e-01	   2.5300067592421627e-01	   5.2622188492433586e-01	   2.0831035593212971e-01	   2.3937367044008442e-01	   2.3761919253284397e-01	   4.3219250005409082e-01	   2.0530312383449222e-02	   1.7488873798206891e-01	   6.4732346037544800e-03	  -2.3576450129763585e-01	   2.2389463185325742e-01	   2.5323948336788482e-01	  -2.2924433971192502e-02	   9.2870724374313596e-02	   5.6646961846438595e-02	   3.8298926003122646e-01	   2.6537552003678166e-01	   3.0625505818855048e-01	   2.6101237159303270e-01	  -5.6068456503948899e-02	   1.1418096776783149e-01	   2.5442340213872583e-01	  -2.6087359800713087e-02	   1.8576798917709486e-01	   3.1527607736248964e-01	   2.3485594220130881e-01	   9.7644088850344340e-02	   1.5935917485523871e-01	   3.1436712424147162e-01	   4.4415966741768592e-01	   3.4814731546494915e-01	   1.5308391454971551e-01	   3.6487392884540998e-01	   3.1187119686334863e-01	  -1.1344871857903546e-01	  -8.1806827615457350e-02	   3.0591877295744616e-02	   2.2549396478965122e-01	   8.6711118521537289e-02	   9.0696252128282372e-03	   3.0737767908743463e-01	   1.7725225567732181e-02	   2.3247889006068795e-01	   1.9939127305195772e-01	   3.4704561175526789e-02	   2.4093888594610074e-01	  -5.8680891102410426e-02	  -2.0673965826154694e-01	  -4.5401450062231820e-02	   3.5338229013267641e-01	   4.2514094889277565e-01	   2.0503541791411775e-01	   2.0620083459816402e-01	   3.0150079663489787e-01	   2.1942171416231110e-01	  -5.7971035497029137e-02	
   4.6123591689173965e-01	   2.6162511410379202e-01	   2.1370615445391447e-01	  -3.1281664219604523e-02	   3.5008980167605275e-01	   3.1225116029031880e-01	   2.7125996129239205e-01	   1.5558798321073364e-01	   3.9148829297667492e-01	   2.9009212408992446e-01	   6.5342058470291609e-01	   3.1053026481274620e-01	   0.0000000000000000e+00	   3.0760567733589356e-01	   4.1659000842567839e-01	   2.1807840214003851e-01	  -1.8901745960337255e-02	   3.4115438555010791e-01	  -7.9556250146864058e-02	  -6.0547750737603892e-02	   1.5046054230761691e-01	   2.3534533320190079e-01	   1.6231883323484730e-01	   3.0217063362343088e-02	   9.5747535999283651e-02	  -1.2704172875623684e-01	   6.7457567574840421e-02	   4.5112895050781560e-02	   1.6954576635580457e-01	   3.7429656068706491e-02	  -4.6606813915839335e-03	  -5.4226969142944670e-02	  -7.5258668497450026e-02	  -8.9168858588074863e-03	  -2.4337942703383016e-03	  -2.1015163799987485e-01	  -7.3838030985334077e-02	  -1.1572686490809074e-01	   2.8949562300598201e-02	  -2.2015732165549734e-01	  -1.7751536489040198e-01	  -1.9965366816344393e-01	   8.4868449462647530e-02	   1.7777957064783179e-01	   3.2125939282930405e-01	   2.8492914852026946e-01	   7.8438977588714251e-02	   1.9637109736152278e-01	   4.4966864238925014e-01	   2.4642208929882595e-01	   2.3215572671051146e-01	   1.8008875995651591e-01	  -3.4581908659155015e-03	   1.0371306324828475e-01	   2.0087073009670983e-01	  -4.5013116788026115e-02	   2.7855730011533020e-01	   8.7284080026368241e-02	   5.3757005113641410e-01	   4.7059791733373588e-02	   6.4276044029602675e-01	   2.2529764322217055e-01	   2.0530101085998920e-01	   3.2991332734450324e-01	   2.3718458497674502e-01	   4.3278608880263573e-02	   8.6532386374533879e-02	  -3.6492715991230863e-02	  -8.8924547889452532e-02	  -1.8313508792377888e-02	  -2.1569992272166005e-01	  -3.5342591149601067e-02	   2.3746516459653882e-01	   1.6060109904604136e-01	  -9.0409990917647315e-02	   1.1651605861579711e-01	   1.1485844958190689e-01	   1.0859003017827068e-01	  -5.5074529022344082e-02	  -1.5683488620596964e-01	  -5.5887079633602642e-02	   1.8800372804689436e-01	   2.0305306599299650e-01	   2.0843424883502804e-01	   1.7430985358931472e-01	   6.3766425802745400e-02	   2.4714639795661308e-02	  -1.0653883128495532e-01	   4.5835015779291000e-01	   2.2801161644930040e-01	   1.6902745922556922e-01	   2.9928163053947415e-01	   5.1274381330053014e-02	   1.8882020900884897e-01	  -1.2892984738426141e-01	   6.5378601374122741e-02	   9.7869468649777691e-02	   1.0489296539218661e-01	   3.2152588597037823e-01	   8.9667562886948160e-02	   1.6197382609789548e-01	  -3.2369269937233811e-02	   3.6526321813600521e-02	   1.1512777851350364e-01	  -1.6932023569521662e-01	   3.0800399164559977e-01	   3.7219575506637043e-02	  -6.0475571425264205e-02	  -5.4654220192460745e-02	   1.1256679554686250e-01	   9.5791717939347404e-02	  -1.3892556747619069e-02	   8.3830195939614091e-02	   1.5890308111940019e-01	   3.1485594868471961e-01	  -6.2354760556608102e-02	
