   0.0000000000000000e+00	   7.2803946322309288e-01	   3.0080984670415933e-01	  -3.4936997684203719e-02	   2.9341479402752080e-01	   2.3786316447398129e-01	   1.3883872413840889e-01	  -1.4080820609122519e-01	   3.9361614510013232e-01	   1.7836013248058064e-01	   5.7414904619788698e-01	   3.2351045285717162e-01	   4.2396415190477482e-01	   3.4569028432721127e-01	   4.3133980950648942e-01	   2.0745092636421131e-01	   4.0072580216108999e-01	   3.8646387188550502e-01	   6.6689511199283502e-01	   4.6906208618035905e-01	   2.4309647375154617e-01	   9.0643013462910094e-02	   3.5803572758812424e-01	   1.7944527375559177e-01	   1.9267626454101547e-01	   7.0263768092443460e-02	   2.6841164942530366e-01	   2.2398671167407355e-01	   1.8474868752169243e-01	   1.7780476819110805e-01	   8.1269223359031917e-02	   1.1890607738514249e-02	   8.1633306553161256e-02	  -3.5855104269056547e-02	   9.0606219149585068e-02	   6.4800576399576204e-02	   1.1844847140071899e-01	   3.2476833241083225e-01	  -2.2628025306743405e-01	   1.4664841441283843e-01	   4.3022080212166453e-01	   4.4053438200677508e-01	   2.9255466042683392e-01	   1.6998847232434505e-01	   6.9979102422258938e-02	   3.0342102469438337e-01	   3.3422932893211388e-01	   3.1485645150019836e-01	   3.7135876366057025e-01	   4.5551063180791923e-01	   1.7384456648700680e-01	   4.0122675287757109e-01	   2.5768082819371024e-01	   3.4176637533339616e-01	   1.2989639408874162e-01	   3.7865880043010341e-01	   7.1589294785376978e-01	   7.2230862184132905e-01	   6.0960637957242936e-01	   3.8237309209159542e-01	   4.9246944802811676e-01	   6.5899893694680828e-02	   1.4043393682893784e-01	   1.8015548929599934e-01	   2.9164600110709993e-01	  -1.3094768971288993e-02	   1.6849062880994886e-01	   9.3891557683769777e-02	   6.2595283819517755e-01	   4.3323484395937389e-01	   3.7898662238069375e-01	   2.4552737041334832e-01	   2.0392807777382033e-01	   2.9673362204212778e-01	   2.0155039989942264e-01	   1.9123876326110401e-01	   2.8777111935704358e-01	   2.5231077301317395e-01	   2.2548093675851616e-01	   3.7721948886624862e-01	   2.4893436768909630e-01	   3.0875722574520015e-01	   4.9266592597704467e-01	   7.6795930053263545e-02	   2.5631523335595524e-01	   2.2811038483914314e-01	   3.1087099340119684e-01	   1.2290808112842516e-01	  -2.5036586763901858e-02	   1.0331766106888486e-01	   2.9389175533187090e-01	   3.6343836372788674e-01	   7.8031923779382617e-02	   2.9111774833531512e-01	   3.1401867925890736e-01	  -8.0910622018017547e-02	   2.2712329989173027e-01	   2.7273936167304991e-01	   4.2843511408114698e-01	   4.4434670958408207e-01	   1.3157833672306873e-01	   4.2977956464809966e-02	   1.0814561596074099e-01	   1.5631778790671999e-01	  -4.2316298642867695e-03	   1.3518028975203759e-02	   2.0806606669373541e-02	   4.0385692021591924e-01	   4.5078686679122343e-01	   2.3387472020657085e-01	   2.4195798175697300e-01	   2.3022570869241926e-01	   2.6676688214709565e-01	   2.7296508490895433e-01	  -2.6891813927544389e-02	   1.5020252512475679e-01	
   7.2803946322309288e-01	   0.0000000000000000e+00	  -3.9544997595484993e-02	  -1.5155833505658703e-01	  -7.0660571050346621e-02	   1.7636054434175102e-01	  -4.9994588203502874e-02	  -1.1296824707206518e-01	   3.5539002435552004e-02	  -3.1299180855673091e-02	   3.9858905399608147e-01	   4.4993928931329574e-01	   2.0543272428912657e-01	   2.6564095350809336e-01	   1.0824249699287154e-01	   4.6377251066115566e-02	   5.1846171182265433e-01	   5.9310919462711742e-01	   5.5492156737446607e-01	   5.8919404102349304e-01	   9.1851466007986132e-02	   1.9683610492436179e-01	   2.6605339425607888e-02	  -9.8376597962014395e-02	   1.9768965265145242e-02	  -5.0897613192519793e-02	   4.1482594469811833e-02	   9.6506001229205621e-02	   3.8259220446943715e-01	   3.9603777651306415e-01	  -2.9261512604527678e-02	  -1.5623775456981917e-01	   1.7112847775346121e-01	   1.4237964736949091e-01	  -1.0210477405522500e-01	  -3.6697015180824931e-02	   1.9972468380284672e-01	   4.0465017744283088e-01	  -1.5461711611864820e-01	   2.1879270397487116e-01	   4.5544803186565985e-01	   5.9694441715478652e-01	   3.9718170047144513e-01	   3.2112807658145837e-01	   1.5726162845870298e-01	   4.2188138371776984e-01	   4.8006552969461103e-01	   4.1901289331827102e-01	   5.1035246048490923e-01	   6.2992060663268568e-01	   3.2192796586653477e-01	   4.7517200781303248e-01	   3.0441556143673687e-01	   3.7784677186677790e-01	   2.6805026144850252e-01	   5.3107678501404343e-01	   7.2484777611049545e-01	   8.3595238904574565e-01	   4.5982239995790908e-01	   5.1804762119165282e-01	   2.6017413114248045e-01	   1.2205117536855839e-01	   2.3533527697247039e-01	   4.2585700002669147e-01	  -7.9187731028045910e-02	  -1.7154411263232372e-01	   6.4193713985851789e-02	   2.0250656167923770e-01	   3.9010583003331978e-01	   5.1793591256591065e-01	   3.2348699034666956e-01	   2.3716351755644752e-01	   4.1025773655020575e-01	   5.6044111948859465e-01	   2.6129736340535625e-01	   3.8367759652789679e-01	   1.8408629398198870e-01	   2.7954903034050349e-01	   4.4721732966936273e-01	   5.8372648085337020e-01	   4.6373112044275461e-01	   5.4872896887768430e-01	   4.1231799222273890e-01	   4.7939956356409796e-02	   7.8037446177031539e-02	   3.6238185247804883e-01	   3.1452521169112174e-01	   1.0618747493955763e-01	   6.2444516189733734e-02	   1.0086964786042624e-01	   1.4160292680263697e-01	   1.6157630530355305e-01	  -1.0137020159686341e-01	   3.8590841257512766e-03	   3.7439305834335146e-01	   6.8660729789059308e-02	   4.5710487847529402e-01	   3.4540162099738730e-01	   5.2222921417628965e-01	   4.8584365329804824e-01	   1.4418850259766772e-01	  -1.0266472193753033e-02	   2.3829940907661606e-01	   2.5502568539261872e-01	   9.5538822637103407e-02	   2.1733328932598461e-01	   3.4569335016690107e-02	   4.4483355996081869e-01	   4.7958894662514073e-01	   3.4889595272455964e-01	   3.6959086209869280e-01	   3.4749599455283475e-01	   1.0272528491879976e-01	   2.6057274319710655e-01	   4.7654689303726280e-02	   2.6309358671870015e-01	
   3.0080984670415933e-01	  -3.9544997595484993e-02	   0.0000000000000000e+00	   7.1339865406362635e-01	   7.0153073409004640e-01	   1.1941538950741552e-01	   5.3894368666158365e-01	   2.1320445471014149e-01	   5.8338878823247464e-01	   2.5322118014561112e-01	   5.7281171993882690e-02	  -2.5786938537777926e-01	   2.4883836985090935e-01	   2.5818005118763521e-01	   6.0931633308853106e-01	   4.3184144725859919e-01	  -3.1509791478520910e-01	  -4.4374043831501819e-01	   3.6108446594186216e-01	  -2.2731881056990023e-02	   3.4798573069827221e-01	   2.0736577241919246e-01	   8.5690515771002129e-01	   7.9999301086693086e-01	   7.4405890099538841e-01	   6.9079683277026716e-01	   6.2183262726144539e-01	   4.8946048316813701e-01	  -4.1025011223750374e-01	  -3.2975689586394274e-01	   6.7982071268400490e-01	   6.6028337304892415e-01	  -8.7807108802644598e-02	  -1.5534895070772883e-01	   7.5249679741263809e-01	   6.3034368111393002e-01	   1.1304535848830721e-01	   2.6923925057170139e-01	   1.8769833099082164e-01	   4.0068809778617404e-01	  -1.5661779678057397e-01	  -1.4414413614537891e-01	   3.3398487909644825e-01	   1.7653054492429698e-01	   2.2930499407986515e-01	   1.6538154100981939e-01	   2.2087230342612346e-01	   2.7565513622578852e-01	   3.1006224457813758e-01	   2.4123694129375528e-01	   3.4936549765625291e-01	   4.6453738425364532e-01	   5.0634142408928329e-01	   4.5547381401068465e-01	   3.4728328443298673e-01	   2.7020460715437628e-01	  -1.2485237613395764e-01	  -2.0516961888715622e-02	   4.5865666373258679e-01	   1.0101753503935296e-01	  -5.4764602993549877e-02	  -1.0089016658299947e-01	  -3.6149923574508025e-01	  -3.8674791885145504e-01	   8.0936304757032751e-01	   4.8677076907605876e-01	   6.6309640368688727e-01	   3.9532911152495731e-01	   4.8553846448606208e-01	   2.6145106830477560e-01	   3.4972409647806046e-01	   3.4385083937903138e-01	  -6.9013910118923924e-02	  -8.7928853384102806e-02	   1.0971041594390503e-02	   6.8017651292100911e-02	   2.8485244785208341e-01	   2.4389050024393255e-01	  -3.8756982840871057e-01	  -3.4487903364503047e-01	  -3.5519397566984828e-01	  -2.3554131426135150e-01	   2.8645297776497936e-01	   1.7814528886434983e-01	   7.3682262316365710e-01	   5.4658803551828972e-01	   3.9529841306676627e-01	   4.7549367590507241e-01	   5.6652007039985741e-01	   5.4154505579385703e-01	   4.9593714603730665e-01	   6.2912545263224318e-01	   4.8644701487540126e-01	   5.2252419672639150e-01	   7.8485224074147986e-02	   1.4921425008317754e-01	  -1.0243681813427900e-01	  -6.2994979220410169e-02	   1.0106668898373342e-01	   2.8146578870105332e-01	   2.0003003602380234e-01	   3.8252456685275471e-01	  -1.1556011839192624e-01	   1.5520511677523850e-02	  -1.5698961199495150e-02	   1.9808089437664669e-01	  -1.1083945014139708e-02	   6.7112275749603309e-02	   1.1616449003574644e-01	   2.3109806889691661e-01	   1.8635312202926196e-01	   8.1522856397623050e-02	   8.1048222784529431e-02	  -8.0645399139110258e-03	  -3.1669084773444191e-02	  -1.3075348890046257e-01	
  -3.4936997684203719e-02	  -1.5155833505658703e-01	   7.1339865406362635e-01	   0.0000000000000000e+00	   4.1486941688934120e-01	   2.6643091785674300e-01	   6.9259114215116835e-01	   6.9100007341048919e-01	   2.5820573000932689e-01	   1.7127288411747266e-01	  -1.6685687195085005e-02	  -6.7923622729490207e-02	   7.0625561907885812e-02	   3.8804487026257217e-01	   2.3215826198326531e-01	   4.2073848519885826e-01	  -3.7796128634532328e-01	  -4.5199252057019856e-01	   1.5958300743950027e-01	   2.3756164903717500e-02	   2.7614015949232074e-01	   3.6852332920343639e-01	   4.9720017276510081e-01	   6.8686102846774666e-01	   5.4874770102093939e-01	   6.2306181002698846e-01	   4.1352713508861161e-01	   3.9977019939496328e-01	  -2.9548093101353812e-01	  -1.2623003760521348e-01	   6.4847076324902719e-01	   7.2780209258621031e-01	   1.0174176837038033e-01	   1.9998953876324393e-01	   5.8364250004324125e-01	   6.1517418682280156e-01	   1.1777794681091851e-01	   2.3523411151526959e-02	   2.1801884535805616e-01	   3.0761157893754676e-01	  -1.5500241818764310e-01	  -7.4257025375213531e-02	   4.2784688208688076e-01	   3.9819684438971475e-01	   3.5861974818518916e-01	   2.6761811605293551e-01	   2.4455916039830400e-01	   2.7457618075970641e-01	   1.7553358849901324e-01	   1.7561328290965417e-01	   3.6184354682225339e-01	   3.7309045650183248e-01	   3.6289737273975603e-01	   3.7394326638851483e-01	   3.8044678481880984e-01	   2.3801531915715873e-01	  -3.3021945271893005e-01	  -2.5475187559169443e-01	   2.1558694070926482e-01	   1.9934927722900261e-01	  -1.0780746109510124e-01	   2.5800952546211725e-01	  -2.2270855569692583e-01	  -1.6587824730385856e-01	   5.9673794427184657e-01	   6.7079283286901648e-01	   7.1106882406817218e-01	   6.2461307402886002e-01	   1.0977881119015498e-01	   5.4495529370967785e-02	   3.2015097207354459e-01	   4.5441055825004617e-01	   1.4673183690328609e-01	   6.6548209235811562e-02	   1.6399655331026231e-01	   3.0288071072632816e-01	   3.3560409228403648e-01	   3.9364151322761093e-01	  -2.7036651432049991e-01	  -2.7882175796875874e-01	  -2.4112072857584671e-01	  -1.5504710715978251e-01	   1.7643753458298904e-02	   1.7793024031909099e-01	   5.7650786983422542e-01	   5.9707615979179740e-01	   2.5017728393842142e-01	   3.6666121817041292e-01	   4.7780940782793813e-01	   4.4064087239244498e-01	   3.7035263390275130e-01	   4.0080749035409924e-01	   3.9911163260054749e-01	   2.1350877284905478e-01	   1.3794726276012750e-01	   1.7379606663343874e-01	   6.8388019717961240e-02	   3.3608225819890009e-02	   2.8026630940020024e-02	   2.1657342171431590e-01	   2.9482818848021686e-01	   3.8287006085585240e-01	   9.5441332209150465e-02	   1.4822993775524410e-01	   1.1301838702140504e-01	   3.3056521554507234e-01	  -3.3197811408257380e-02	   1.8066418321270851e-02	   1.4196944587479737e-01	   2.4704216846826849e-01	   2.7672533710973635e-01	   9.5614186349786190e-02	   1.0991367161335017e-01	   8.5137917507502298e-02	   2.1733427991738907e-01	   4.4731276939135201e-02	
   2.9341479402752080e-01	  -7.0660571050346621e-02	   7.0153073409004640e-01	   4.1486941688934120e-01	   0.0000000000000000e+00	   3.0056054870288879e-01	   4.2800461249881749e-01	   1.0592076653158164e-01	   7.8541604870525639e-01	   6.0153693173112766e-01	   1.5519979024446107e-01	  -1.6969313662486152e-01	   4.1395625562886895e-01	   2.1280033160628858e-01	   7.3589393427676020e-01	   5.5883922576205847e-01	  -1.4964657584600247e-01	  -2.8408461860994272e-01	   2.0925751402462028e-01	  -1.3351519599473380e-01	   4.1991881943392118e-01	   3.2310117821433565e-01	   6.5358173466727165e-01	   6.0468272019075986e-01	   4.3560154190219513e-01	   4.1215734495874395e-01	   5.2343640762151389e-01	   3.9529414768444759e-01	  -2.7129537193873432e-01	  -2.8468392987503660e-01	   3.4012152894185177e-01	   3.6168315897878955e-01	  -8.4350021030578454e-02	  -1.6758714606657815e-01	   4.9920520181858197e-01	   3.2234536406224867e-01	   1.0605889397925582e-02	   5.4458940930958597e-03	   1.8559999724613720e-02	   2.8829694397834060e-01	  -1.4045815433398290e-01	  -1.8931390846162566e-01	   1.3753720792935123e-02	  -2.4616604472493728e-02	   7.2722491988879923e-02	   5.5234913608574548e-02	  -1.7140961056721787e-01	  -6.2418940424208536e-02	   8.8045757386132378e-02	   5.2435946845964546e-02	   3.7100314676445936e-02	   1.7078434873447659e-01	   1.8503427480972798e-01	   1.3317721084416423e-01	   6.8097945518786535e-02	   3.7519261227212532e-02	  -1.0704309905643872e-01	  -8.5510149209021502e-02	   3.3634948902833728e-01	  -2.1170562246984347e-02	   8.7829116014155370e-02	  -6.1502792297317361e-03	  -1.8423958664118034e-01	  -2.9723596834270677e-01	   6.7802259295798284e-01	   3.3175611938266597e-01	   2.6298984632945144e-01	   3.6353720150103713e-02	   3.5175547349696035e-01	   1.5135285898521689e-01	   1.8023958598920725e-01	   3.4423294123630976e-01	  -7.0389703395765335e-02	  -6.6442278004591959e-02	   4.7751171007821116e-03	  -2.4057099022272703e-02	   1.1871710012419842e-01	   1.0408089671688847e-01	  -3.5127931568632653e-01	  -1.9044971636367092e-01	  -2.2232394526648419e-01	  -1.0683814447084328e-01	   1.4556397600395377e-01	   1.1130407562042344e-01	   5.5497624975780480e-01	   2.3346789409812232e-01	   2.5560797578758082e-01	   3.5847440060001295e-01	   3.4472724940684518e-01	   5.2287282308014382e-01	   2.5394973111459673e-01	   5.2012697168670452e-01	   4.6591859108164901e-01	   4.6475766785395001e-01	   1.1471883961261627e-01	   1.3935149253659135e-01	  -2.5625351436524835e-01	  -1.9934808683999114e-01	  -1.5579903792954494e-01	   2.9173101013208302e-02	  -1.1047814443566632e-01	   1.3844543793961400e-01	  -2.3811018971344466e-01	  -1.9846183295257033e-01	  -2.6331988681332308e-01	  -2.9930132542979673e-03	  -6.5885142855448345e-02	  -1.6619534103071734e-01	   2.3336534849459167e-01	   2.6454600053529215e-01	   7.5161867098181873e-02	  -7.0949106788837285e-02	   1.3875083415494005e-01	   5.3682595916476936e-02	  -1.5716452161652950e-01	  -1.4461856926495759e-01	
   2.3786316447398129e-01	   1.7636054434175102e-01	   1.1941538950741552e-01	   2.6643091785674300e-01	   3.0056054870288879e-01	   0.0000000000000000e+00	   5.8960157128875579e-01	   5.2574760062849424e-01	   1.2954396139509330e-01	   2.5032530758673832e-01	   2.9328022402408627e-01	   3.2383628449036350e-01	   3.9558286788852459e-01	   2.9715901606013539e-01	   2.6852450337522504e-01	   3.9225263281515738e-01	   9.8472169634972601e-02	   1.9097001794922339e-01	   1.3926746681285626e-01	   2.9380801358999004e-01	   5.8903778589528466e-01	   5.3439817942736845e-01	  -5.5062565294838044e-02	   9.9829010465892747e-03	  -3.0282178430104577e-02	   6.6709474821339418e-02	   1.6437020105918615e-01	   3.5974736224049236e-01	   3.1133659584203310e-01	   3.5154855207364832e-01	   1.2391512314797042e-01	   1.0889146824235273e-01	   5.4434965565212223e-01	   5.1848960958780921e-01	   5.7170439820392819e-04	  -7.0754304772207344e-02	  -6.2122211472938130e-03	  -1.8379335190422152e-01	   1.2364951064614747e-01	   1.9709084658624954e-01	   1.3200150739811867e-01	   1.0540012719369662e-01	   1.7342747480107007e-01	   1.9509090616136396e-01	   2.5256071294611926e-01	   1.9580533259802288e-01	   1.9683731525903142e-01	   1.1629805949943048e-01	   2.0027729359768334e-01	   1.3155265628112026e-01	   1.4605807139546717e-01	   9.2939462360124764e-02	   2.2026428769707732e-03	   2.4342451853049136e-02	   2.0291013163589794e-01	   2.7530313287380301e-02	   2.0700524796521183e-01	   2.7660629224717456e-02	   1.6979797756545667e-01	   3.2153585834055154e-01	   4.3896023716961646e-01	   3.6789950376634889e-01	   3.5439923767070641e-01	   3.4299887774770704e-01	   1.0239109504559054e-02	   3.1280459807226518e-02	   2.1080913822102892e-01	   2.3922336211059361e-01	   1.8288013014812632e-01	   2.1370926200886267e-01	   3.5571948637168405e-01	   5.0620439608625123e-01	   1.8625904776515190e-01	   1.2984721618993272e-01	   1.3723505230213154e-01	   2.8974542981765544e-01	   8.9499410580952413e-02	   1.0150062232708426e-01	  -2.4471687524280097e-02	   1.5653849251960103e-01	   2.6752920243056616e-01	   2.6041418684971673e-01	   3.5104061513276136e-01	   3.6799649811872426e-01	  -7.9387528602620615e-03	   1.9818088635159953e-01	   8.2875976994221473e-02	  -9.8267950206196636e-02	   1.3748651744238155e-01	   5.9563170575770714e-02	  -1.7027707495908886e-03	  -1.0784747978180753e-01	  -1.4591224351082632e-01	  -2.4634943016101321e-01	   3.1911572751305356e-01	   1.5188611937442539e-01	   2.4745640240558739e-01	   1.3660562147621118e-02	   2.0929357226568132e-01	   4.0849541325648428e-02	  -3.7240485233790581e-02	   2.9771391379829093e-01	   1.5453607172781914e-01	   3.2427683972124963e-02	  -1.3958078004539340e-01	  -2.8300992963927671e-02	   7.4509967723163484e-02	   1.3294276155861748e-01	   3.9553434408977234e-01	   1.7442800037960374e-01	   2.2209679907866309e-01	   2.6960375197585262e-01	   6.3597327117972169e-02	   2.8293874976295735e-02	   6.2707145471567246e-03	   1.2358202543452262e-01	
   1.3883872413840889e-01	  -4.9994588203502874e-02	   5.3894368666158365e-01	   6.9259114215116835e-01	   4.2800461249881749e-01	   5.8960157128875579e-01	   0.0000000000000000e+00	   7.7952434353138422e-01	   2.0866547125573229e-01	   1.9166826317388103e-01	   2.8000944112563969e-01	   2.0898755073887085e-01	   4.6842360301401864e-01	   4.8746623834304037e-01	   3.3783025857061044e-01	   5.7576705960503305e-01	  -1.9337594455978213e-02	  -2.0961884830616884e-02	   1.8645020763542475e-01	   2.2017996564912662e-01	   4.2906701241729472e-01	   4.2368940158793145e-01	   1.8075885250145177e-01	   2.6971387746850778e-01	   1.3224818522317983e-01	   2.1715760394448136e-01	   1.7020660598245907e-01	   2.0014296078796456e-01	   1.9965756683900626e-01	   2.7474682700069358e-01	   4.6838102889131750e-01	   4.9317979277884000e-01	   5.8740548120580849e-01	   5.7449815944463301e-01	   2.6646104962809919e-01	   2.8052168534612909e-01	  -8.0698454356111532e-02	  -1.9677198755227365e-01	   6.7669047851592765e-02	   1.5418345368989009e-01	   8.1342545751603185e-02	   3.4050371662464968e-02	   3.4455462423353755e-01	   3.2772199407779778e-01	   3.7676189981655572e-01	   2.4559969739317122e-01	   2.6787147590056126e-01	   2.5911270081103122e-01	   2.1863685596782240e-01	   9.3443508664664332e-02	   2.8275254972028924e-01	   1.7754624433203708e-01	   2.2867378009305189e-01	   3.0045979592370803e-01	   4.1352997685636683e-01	   2.1705034231926063e-01	  -8.6161705874242683e-02	  -7.9113431159711922e-02	   2.3505076194205729e-01	   2.4441228196153136e-01	   4.3332430051909665e-01	   4.4390587438525481e-01	   3.2935675625320510e-01	   3.3700716112675616e-01	   3.0364071646900515e-01	   2.5931405190118900e-01	   5.3905064610058351e-01	   4.6033398027178629e-01	   2.0331867961324634e-01	   1.0534058552453393e-01	   2.9729316463914651e-01	   4.7121114601775316e-01	   2.1957688337030395e-01	   1.6724570050011411e-01	   1.6651692569538701e-01	   3.8456657901179958e-01	   1.9853415272006422e-01	   1.6327936087219869e-01	  -6.8816728040922800e-02	  -4.8297390145115547e-03	   3.7101142525093236e-02	   1.4949408824204963e-01	   3.3089608015930727e-01	   4.7404090504767826e-01	   2.3449052797627803e-01	   3.9789851684404515e-01	   1.1392654553813586e-01	   2.0222527778609345e-01	   3.0219262685348386e-01	   2.3790763259811931e-01	   2.4733822841656627e-01	   1.7879158727629885e-01	   8.7501248802588277e-02	   1.7158070514090618e-02	   3.9483327227966458e-01	   3.2344522233852296e-01	   2.4080634712727811e-01	   1.8355380754255990e-01	   2.4200003111053248e-01	   1.7831211706914063e-01	   2.3350285670372162e-01	   4.6087606515639745e-01	   2.2605756386995093e-01	   1.8542331055832326e-01	   6.9981172182009804e-02	   2.1702488063955799e-01	   2.1362210011772681e-01	   1.4720668942306958e-01	   3.9593790212223423e-01	   2.8896274191405469e-01	   4.2925469268800032e-01	   1.8682985549382650e-01	   2.6898494781746392e-02	   1.2308146596519677e-01	   2.2218468721688178e-01	   1.8167709434002027e-01	
  -1.4080820609122519e-01	  -1.1296824707206518e-01	   2.1320445471014149e-01	   6.9100007341048919e-01	   1.0592076653158164e-01	   5.2574760062849424e-01	   7.7952434353138422e-01	   0.0000000000000000e+00	  -9.5126490569970676e-02	   1.3548868203173986e-01	   1.6562836943616435e-01	   4.0069029631898168e-01	   2.5120866999143282e-01	   5.7027423011403799e-01	  -3.5565655843164146e-04	   4.7803304318462886e-01	  -1.6492389961677184e-01	  -1.1770243586144499e-01	  -2.1951996453182448e-02	   1.0716928708758472e-01	   1.6417049813812973e-01	   3.0007845663214205e-01	  -8.7315296042347113e-02	   1.4827939285834280e-01	  -5.5098811248257301e-02	   7.9785420519026609e-02	  -8.8005996493089794e-02	  -2.0665656913799384e-02	   2.0421001300701563e-01	   3.2986994956513377e-01	   3.3014853814320289e-01	   3.8206452386238232e-01	   5.1322492948435217e-01	   6.2609364214591634e-01	   2.5291214356720215e-02	   1.2302141801381525e-01	  -4.8028545894732766e-02	  -2.9854442839706136e-01	   5.5355394053228681e-02	   1.1806416595626605e-01	   5.9054506741838972e-02	   8.2698231334793926e-02	   3.5503301381818442e-01	   4.4592793732213487e-01	   2.9938852264479754e-01	   2.7977362963549018e-01	   2.9044634347227039e-01	   3.5807033769844998e-01	   1.1491508273331710e-01	   1.5232351746871645e-01	   2.7322885031129057e-01	   1.6580395391387340e-01	   1.8143596493834632e-01	   2.6524000529366232e-01	   3.8856280464990445e-01	   2.2281490274704258e-01	  -2.6229986384738180e-01	  -2.8866535053362902e-01	  -3.5437493667225053e-02	   2.9473020089636870e-01	   2.0012065754395331e-01	   6.2481610066145077e-01	   2.4239397130623708e-01	   3.1579934536376530e-01	   4.8585688844543881e-02	   3.5520319120179800e-01	   3.4434070544075895e-01	   4.7371013101117010e-01	  -1.7295625556822258e-01	  -1.1172292189523625e-01	   2.2604718992468387e-01	   3.8299384486375754e-01	   2.8197928285754675e-01	   1.8135404294626084e-01	   1.7651129462901827e-01	   4.2207304837840254e-01	   1.1674718943233095e-01	   1.9159154880707474e-01	  -6.7829716903554146e-02	  -6.2161915128266569e-02	   5.4086524139782322e-02	   1.1663700304981420e-01	   1.8441491060991991e-01	   3.9013504996013015e-01	   3.2954164947575325e-03	   2.9887978986500330e-01	  -1.7493092675546766e-02	   4.0466205232579704e-02	   1.2774573448448129e-01	   6.1727756102190404e-02	   1.5963653510608153e-01	   2.1761489636124877e-02	  -3.9880945708658362e-02	  -2.9097599510059557e-01	   3.0193067822678044e-01	   2.2493581597774420e-01	   2.5054833253704062e-01	   2.1057125512431171e-01	   2.1998376912875650e-01	   1.6488887007479539e-01	   1.4855699476752746e-01	   2.6525823671465165e-01	   2.1872309695118219e-01	   9.4917936447155321e-02	   9.5191038964294206e-02	   1.7832863907453686e-01	   7.8239947240558994e-02	   6.9977932967447073e-03	   3.2368528157069382e-01	   2.4444482100710929e-01	   3.1183622815688705e-01	   2.0260790722801608e-01	  -5.0173594498624068e-02	   8.8502021330487277e-02	   2.5676861151932917e-01	   2.0022740000897632e-01	
   3.9361614510013232e-01	   3.5539002435552004e-02	   5.8338878823247464e-01	   2.5820573000932689e-01	   7.8541604870525639e-01	   1.2954396139509330e-01	   2.0866547125573229e-01	  -9.5126490569970676e-02	   0.0000000000000000e+00	   6.5709633072596796e-01	   1.2871852837004952e-01	  -2.1210160708405107e-01	   3.9488750013820761e-01	   1.9546454624165460e-01	   7.6257868478228463e-01	   4.5833503084938015e-01	  -1.4753609271814555e-01	  -2.6729870069264056e-01	   1.5745698990599111e-01	  -1.4343518560877683e-01	   2.8914888480194911e-01	   1.8332424810554490e-01	   6.8021677552571291e-01	   6.4299218460713825e-01	   4.4810935727635115e-01	   4.1201599204085260e-01	   5.1713486164849642e-01	   4.0968414154979943e-01	  -3.8909753060458707e-01	  -4.3017384683522442e-01	   1.3528235764860649e-01	   1.6954046890888566e-01	  -3.4805278852905952e-01	  -4.1478733271617041e-01	   4.6042835504206370e-01	   3.7223434339969463e-01	   1.3978147739895083e-01	   1.7292003120487420e-01	   1.1291455725279614e-01	   1.8338331990100962e-01	   9.2099290083531293e-02	  -1.4153755524329756e-01	  -3.1412071872022100e-02	  -1.7513277680847655e-01	  -1.3050861545217390e-01	  -8.4893016335964196e-03	  -1.1205124328902608e-01	  -7.0343792750533263e-02	   1.0272408988336043e-02	   4.0629679750366243e-02	  -4.0865572026598213e-02	   1.6668387880950195e-01	   5.7123353084437140e-02	   1.7656193916846746e-01	  -4.3943687318503843e-02	   7.8290982150363037e-02	   5.5670732687239891e-02	   7.0124954578709126e-02	   2.8320595369960488e-01	  -9.4198848124584247e-02	   1.0820423715923277e-01	  -7.3430876104896126e-02	  -3.3610262534501173e-01	  -4.5259050848377458e-01	   7.8825695007286600e-01	   4.2647900889299428e-01	   1.6838917549652110e-01	  -9.2677553114726335e-02	   5.1044842050516281e-01	   2.1440916668940285e-01	   7.5625476372686781e-02	   4.6331058823017301e-02	  -2.1120482712488250e-01	  -7.1077988719592200e-02	  -7.1443683751205911e-02	  -1.5770179548995439e-01	   6.5079342602201218e-02	   4.8718154422943069e-02	  -3.1025313677280758e-01	  -2.0332471787571810e-01	  -2.6815402294982182e-01	  -2.2534677010937648e-01	   1.6259027977823354e-01	  -7.4063357117021264e-02	   5.3289797145033790e-01	   1.3599104862298755e-01	   4.1570497373369691e-01	   3.9706075273664010e-01	   4.2741743788566083e-01	   4.7219827144318444e-01	   4.3116989091341418e-01	   6.4214086551019955e-01	   5.8213722450595862e-01	   7.0070751535756570e-01	   3.5988245632399857e-02	  -1.9826634273814068e-02	  -2.9412563936495223e-01	  -1.8624349705844570e-01	  -8.4063104980951750e-02	   1.2792676833499353e-01	  -9.0285610591112162e-04	   8.3085329487095794e-02	  -2.2425502001337866e-01	  -9.5937653460271402e-02	  -2.8209973221694451e-01	  -1.0648539854217420e-01	  -1.3211423998480229e-01	  -1.3017987161583930e-01	   7.9709118833042020e-02	   1.8116356033192005e-01	  -7.7852922598763391e-02	  -8.7897867800997675e-02	   2.7980864448011755e-01	   3.4705801268690391e-02	  -1.7969849666034665e-01	  -2.3655601333149714e-01	
   1.7836013248058064e-01	  -3.1299180855673091e-02	   2.5322118014561112e-01	   1.7127288411747266e-01	   6.0153693173112766e-01	   2.5032530758673832e-01	   1.9166826317388103e-01	   1.3548868203173986e-01	   6.5709633072596796e-01	   0.0000000000000000e+00	   1.3233079855360494e-01	   5.1853298762738968e-02	   3.2232517499042224e-01	   3.4630957776629573e-01	   4.2343737579140445e-01	   5.3663030056929273e-01	  -1.8060529389934371e-01	  -2.3457194279729895e-01	   6.4507237264998629e-02	  -1.2710619675361773e-01	   1.8550223142476338e-01	   1.8763413819174377e-01	   2.9728433910686397e-01	   4.2198329536711110e-01	   1.2671412789380093e-01	   6.2115225742030170e-02	   3.6785224864070004e-01	   2.9085636618106442e-01	  -2.3179213494277998e-01	  -2.8882532351954476e-01	  -6.9509053108394739e-02	  -5.0383499433379539e-02	  -1.8466655659888659e-01	  -2.1999379942017966e-01	   1.7630222927680625e-01	   1.8585732928176293e-01	  -7.6189580263377396e-02	  -1.1361473874155933e-01	   2.3434980018839334e-02	   1.8914074865966390e-01	  -7.0925294704748176e-02	  -1.5815076039577924e-01	  -1.2978207548422482e-01	  -8.3824100567807674e-02	  -9.6078045871944406e-02	   4.5788208203986130e-02	  -2.0605724333753211e-01	  -1.3384787074928109e-01	  -1.5270319246237821e-01	  -7.1674007998407466e-02	  -1.4835545115981680e-01	  -2.6941389068989359e-02	  -1.1896643541174937e-02	  -3.4758014557126321e-02	  -4.8953962688398890e-02	   6.4000506758067469e-02	  -6.3268467663817246e-02	  -5.5987788004637745e-02	   1.3183775158444261e-01	   2.3820598357812521e-02	   1.3797260301816172e-01	   1.9605844347017259e-01	  -1.7542561248261193e-01	  -2.5727813263712385e-01	   3.8548602313323704e-01	   4.2698747208665294e-01	  -1.7564160841582507e-02	  -4.9336627898636937e-02	   2.9004456427305636e-01	   9.3102708994906691e-02	  -4.4711435025187540e-02	   4.2234166711980416e-02	  -1.5023277953695016e-01	  -9.8248897715198347e-02	  -9.3671116023650525e-02	  -1.4416611801060608e-01	  -1.9487242686105055e-01	  -1.3019381089105103e-01	  -2.2732739779145952e-01	  -1.7074815295981452e-01	  -1.6864988945814979e-01	  -2.0328460444557050e-01	   6.9931189155029772e-02	  -5.9661678725854705e-02	   1.8916093434284509e-01	   4.2955166137982212e-02	   1.4438035564140941e-01	   1.4120278185212198e-01	   2.5455880312300161e-01	   4.8976637409708496e-01	   2.6328892321543973e-01	   4.4884687006399898e-01	   4.1988571700389371e-01	   3.3724674720889147e-01	   7.9070689482741874e-02	  -7.9178802077302199e-02	  -1.7991937354221857e-01	  -2.2342606883166979e-01	  -1.1395266704602924e-01	   5.0490944988941092e-02	   5.9953886988165589e-02	  -2.6918286528968688e-02	  -6.7382220060252601e-02	  -1.5150561169915042e-01	  -2.4877907075420380e-01	  -2.3339277278652135e-01	  -2.0593883467172006e-01	  -3.6304509728647272e-01	   6.9837907130470084e-02	   8.4258670667493735e-02	  -4.6371629192872695e-02	  -7.7341145577678572e-02	   1.3173557267692579e-01	   2.1173350957427069e-02	  -9.7671294468451464e-02	  -1.3867766861304476e-01	
   5.7414904619788698e-01	   3.9858905399608147e-01	   5.7281171993882690e-02	  -1.6685687195085005e-02	   1.5519979024446107e-01	   2.9328022402408627e-01	   2.8000944112563969e-01	   1.6562836943616435e-01	   1.2871852837004952e-01	   1.3233079855360494e-01	   0.0000000000000000e+00	   7.1435980026935542e-01	   7.4352499249936010e-01	   4.2332678187771600e-01	   3.7429060266961012e-01	   3.8227061804895174e-01	   3.3763533599440387e-01	   3.2105515389773231e-01	   5.8383300508912284e-01	   4.1279840602799966e-01	  -9.4282325072168646e-02	  -9.8025107601181383e-02	   1.7390424288723994e-02	  -1.0788032376674705e-01	  -2.3502053799680792e-01	  -2.5089312579592532e-01	  -2.2165692061694886e-01	  -1.3226160561461492e-01	   3.9746816710385857e-01	   4.2312202884693118e-01	  -8.0805108991455848e-02	  -8.3386592131605736e-02	   2.5715317951456529e-01	   1.8996718869300941e-01	  -1.8661479471546011e-01	  -1.4264832145094827e-01	  -4.4958896482643090e-02	  -5.2098978253692710e-02	  -4.1201005843576899e-01	  -2.0495847386746108e-01	   2.6196801940734510e-01	   3.2066642946871332e-01	   2.6891660741346224e-01	   2.6634258515199338e-01	   7.0414388926793012e-02	   3.6498383586020267e-01	   2.7071668689395667e-01	   2.7749366195223324e-01	   2.0848013506586130e-01	   4.1438657358795017e-01	   7.1434231003566953e-02	   1.9246332370561084e-01	   4.5588137224476508e-02	   1.8613766048739616e-01	   1.4458821104047115e-01	   2.5100494159550329e-01	   2.2775994960388701e-01	   2.6813645925737289e-01	   2.8597448174396051e-01	   2.7122758075082265e-01	   4.2181585601162852e-01	   2.3192914899558537e-01	   2.6738648714545865e-01	   3.4311658145022583e-01	   1.7067737446587208e-02	  -1.0119506569433244e-01	  -4.2063630109569469e-02	   4.0100237021832907e-02	   1.0792452040493417e-01	   4.3073222496354632e-02	   2.7636610143187385e-01	   2.5823286352053776e-01	   3.3157154004538159e-01	   4.3156483424389824e-01	   3.5123459514203093e-01	   3.7552719793567685e-01	   2.0966980587394754e-01	   2.1939256716248018e-01	   1.6464255417921006e-01	   3.3396753651661837e-01	   1.3248045294040042e-01	   2.1772790476730813e-01	   4.0898530705919134e-01	   3.4647088878832483e-01	   9.0903500130750478e-02	  -4.5481332814727729e-02	   5.5704986326406331e-02	  -4.3557370727470665e-02	  -2.8069437059478552e-01	  -9.9623057036329898e-02	   9.9450502318985390e-02	   2.0631331553394819e-01	  -1.3903610715303460e-01	  -3.5947672851202372e-02	   4.0516997905996155e-01	   2.4229549788347043e-02	   2.2298085860270966e-01	   2.8961368319073311e-01	   2.7098003468611492e-01	   3.0074024813098493e-01	  -4.1436111811344954e-02	  -9.0527990166237027e-02	   1.5404206100600101e-01	   1.4857807944025544e-01	   6.9050428652125892e-02	   6.4000557331409830e-02	  -2.3804380474785721e-02	   1.9405201167124603e-01	   5.4083685998785658e-01	   3.7905008781728922e-01	   2.9417223350687766e-01	   1.9759850975434939e-01	   1.5250588543118848e-01	   1.8857629715299259e-01	   4.6172201618436821e-04	   1.4768064039414272e-01	
   3.2351045285717162e-01	   4.4993928931329574e-01	  -2.5786938537777926e-01	  -6.7923622729490207e-02	  -1.6969313662486152e-01	   3.2383628449036350e-01	   2.0898755073887085e-01	   4.0069029631898168e-01	  -2.1210160708405107e-01	   5.1853298762738968e-02	   7.1435980026935542e-01	   0.0000000000000000e+00	   5.0445225050271458e-01	   6.1487062731145692e-01	   2.7887865035418610e-02	   2.7801913165506015e-01	   3.6249289642897392e-01	   4.4687915583634508e-01	   3.7978647071120436e-01	   4.0040638091523412e-01	  -1.8308233924837480e-01	  -1.3131922057929374e-01	  -2.9255002366861277e-01	  -3.0473748399628764e-01	  -3.9630214706907974e-01	  -3.6921902377644900e-01	  -4.5216570792480870e-01	  -3.7423446018369927e-01	   6.1149735175442244e-01	   6.2324472390012042e-01	  -1.0483622806782819e-01	  -1.8399105986915759e-01	   3.9156890211965634e-01	   4.1122220657144620e-01	  -4.4594503940996799e-01	  -2.9944080803877565e-01	   1.0863869146857077e-01	  -1.2101001308839984e-01	  -3.7380888196209855e-01	  -1.5129565550851082e-01	   3.8933916777007027e-01	   3.5092133443400181e-01	   3.0256147683960855e-01	   4.1252312808228037e-01	   1.0074470713752207e-01	   4.5024148469990688e-01	   3.3573791779670470e-01	   4.3697363809970530e-01	   2.2499926852870578e-01	   4.9409300137728274e-01	   1.4751074364812766e-01	   1.9601577089307382e-01	   1.2895612862275888e-01	   2.1564600270758491e-01	   2.8544650669482535e-01	   3.2816240621950343e-01	   2.2908413387437446e-01	   1.7782230362568899e-01	   6.6138277750177291e-02	   3.8495305276044894e-01	   2.9895475664223470e-01	   4.7956693045413745e-01	   3.7825626613703689e-01	   4.9268313403060915e-01	  -3.1185076283840696e-01	  -5.2216905417361785e-02	  -1.4372320308138406e-01	   1.4470480849591183e-01	  -1.0346569523980098e-01	  -5.2485676945361631e-02	   2.5436134443594316e-01	   3.4565390703634807e-01	   4.9892495120858005e-01	   5.2453001082537642e-01	   3.6050401041989250e-01	   5.3299200231385213e-01	   3.5803214727089069e-02	   1.4118249405157446e-01	   3.3027263856697398e-01	   3.9003632341550287e-01	   3.5203761234067932e-01	   4.3857131157059970e-01	   3.4165630608898762e-01	   2.7904217846855439e-01	  -2.3298210375895551e-01	  -8.9562050127855494e-02	  -1.1625409107131411e-01	  -2.6580719092637661e-01	  -3.3963819366077991e-01	  -2.4164494172743883e-01	   7.8948772975802134e-02	  -2.5334007400428727e-02	  -2.7623375255981009e-01	  -3.5371884488767230e-01	   4.2277506533830383e-01	  -5.3750164780830965e-02	   3.0542785175467613e-01	   3.4195570140056936e-01	   3.6796950385576521e-01	   3.3966993643870386e-01	  -5.8130589964374112e-02	  -1.2410516039717348e-01	   1.7336440322595478e-01	   6.3441788575959487e-02	   7.2724105279453125e-02	   7.2395385663070605e-02	  -1.0504569820151467e-01	   1.2156790029540281e-01	   4.4810624009486882e-01	   3.0284976175367195e-01	   2.8634598218592122e-01	   3.5766328374544898e-01	   1.0553763447942190e-01	   1.7329754157696986e-01	   5.1891468175385050e-02	   3.2856728364436372e-01	
   4.2396415190477482e-01	   2.0543272428912657e-01	   2.4883836985090935e-01	   7.0625561907885812e-02	   4.1395625562886895e-01	   3.9558286788852459e-01	   4.6842360301401864e-01	   2.5120866999143282e-01	   3.9488750013820761e-01	   3.2232517499042224e-01	   7.4352499249936010e-01	   5.0445225050271458e-01	   0.0000000000000000e+00	   5.0682237840414390e-01	   6.9280440115213993e-01	   5.9340305128323612e-01	   1.2912436283573980e-01	   1.2731891845835097e-01	   2.7661076880967472e-01	   6.2675852558066333e-02	   2.8557859057075873e-02	  -9.6197293587071409e-03	   2.0905889408006267e-01	   7.9010575349294787e-02	  -1.3413293074267327e-01	  -1.1328215119206167e-01	  -1.5115729122333021e-01	  -1.3871308642055283e-01	   2.4110660246970259e-01	   2.6802410809525257e-01	   5.4211211993329442e-02	   4.2568891488549546e-02	   2.5018138587926469e-01	   1.3475736435095215e-01	  -1.3219588146662794e-02	  -9.7289851149529538e-02	  -1.0494348056734830e-01	  -1.3028855572293110e-01	  -2.5081922490474612e-01	  -1.2632418664172657e-01	   1.9035669719073117e-01	   1.2498954047707535e-01	   1.3558547169076055e-01	   7.4632451065605176e-02	  -1.7311612599095652e-02	   1.5691149981622135e-01	   1.9942559622213663e-01	   2.6638067946318589e-01	   2.6722437117321007e-01	   2.7382581505770298e-01	   1.0644222615775181e-01	   1.8305355815803476e-01	   9.2370853111452017e-02	   3.0219933523211207e-01	   2.1099716766368942e-01	   1.4388578512118044e-01	   9.5109328897438838e-02	   1.0677737348404967e-01	   3.1380338561216486e-01	   2.0092324045200050e-01	   5.2215257506314372e-01	   2.8321535857639002e-01	   1.9630867633197829e-01	   1.8762717204915280e-01	   1.7288923090812461e-01	  -6.3442516572176699e-02	  -3.2663711449094704e-02	  -7.7955597037528510e-02	   1.3530639783288861e-01	  -5.7139269783554533e-03	   1.5562220205384172e-01	   2.4664395869384709e-01	   2.6284605082085230e-02	   1.8848126977035995e-01	   1.1600905739889436e-02	   2.1804660966829076e-01	  -2.2562125942219798e-03	  -3.5397232600945683e-02	  -1.1195337839462308e-01	   8.3951599252622050e-02	  -4.7246592461404696e-02	   1.1463853699934674e-01	   4.9307273153579317e-01	   4.5485489158569625e-01	   1.1614617852954914e-01	  -4.0394803013681785e-02	   1.5593752995007487e-01	   1.3001720522304411e-01	  -2.0778450302642332e-02	   3.9684144575922037e-02	   1.4170696540554975e-01	   2.4831186077437448e-01	  -7.3665264338254058e-02	  -9.0967225773991543e-03	   2.6991683630731111e-01	   3.8179565625958825e-02	   3.5254747146760568e-03	   9.7158075439245553e-02	   2.3476895829207645e-01	   1.9671767857455397e-01	  -1.7085348210031986e-01	   7.4187123490779532e-04	  -9.8489352628819471e-02	  -7.9213332655602348e-02	  -2.0100007568307982e-01	  -3.6863217605739976e-02	  -9.2866045990457578e-03	   4.9925362120408746e-02	   4.6545100993319066e-01	   3.6135931194543136e-01	   1.6683859626327488e-01	   1.3799316894398261e-01	  -1.3526201456708173e-02	   4.1212575529979902e-02	  -8.3688937517407011e-02	  -8.5253702520568502e-03	
