   0.0000000000000000e+00	   6.6235053779126907e-01	   4.0736439111809286e-01	   3.2380326515813729e-01	   1.8432838605070062e-01	   2.3503946188876487e-01	   2.1036801918192691e-01	   2.0412456433326565e-01	   1.4276961167838348e-01	   3.0515890018789345e-02	   6.0358274721289440e-01	   3.9142263987307191e-01	   5.7910830899091392e-01	   3.9316385038102036e-01	   6.6485468513873414e-01	   2.7602145884345930e-01	   5.7910489249362329e-01	   4.4326467858320429e-01	   4.1352922451905827e-01	   1.7817549074040231e-01	   1.9822463586265476e-01	   1.5355709592711986e-01	   3.0247136092236782e-01	   2.2969593612707828e-01	   1.8227649822608694e-01	   1.3823720426014560e-01	   3.4313983289526134e-01	   3.2783090981660279e-01	   4.1754233562917670e-01	   2.9169209435991722e-01	   4.2898540515466967e-02	   6.8898342528895762e-02	   3.2018239858400432e-01	   2.9456427531019658e-01	   1.4738621902750318e-01	   9.7956334899555603e-02	   2.7375836020290145e-01	   2.6107600928941543e-01	   4.4828958412904718e-01	   3.4806560120396651e-01	   3.9280159765843892e-01	   4.0534654130474512e-01	   4.3442314680619420e-01	   3.2615783128497933e-01	   8.5673871624260475e-02	   1.0683882492577029e-01	   4.3223284084553237e-01	   3.2744728971685633e-01	   3.2223144305776213e-01	   3.6984919614490119e-01	   4.2966634182184460e-01	   4.9236752671003642e-01	   5.9610572923229899e-01	   4.2121265054028584e-01	   4.9099477652217893e-01	   3.1675199311703961e-01	   7.9319158771966647e-01	   5.4097272093290116e-01	   6.4174972639495786e-01	   4.1882502879600525e-01	   6.0991202619609852e-01	   1.6195324381587337e-01	   2.6403415203945446e-01	   2.1712176324932692e-01	   1.0280078009075076e-01	   2.0212693957279543e-01	   2.1577379257872709e-01	   1.3181595635807308e-01	   4.1216964247036447e-01	   3.2531419006050566e-01	  -1.4237395507433706e-02	   2.5331986158142983e-01	   5.0616870536375580e-01	   4.2391790486151049e-01	   4.6914616077357091e-01	   4.0206820603192667e-01	   4.6233307021786291e-01	   4.7032994893120811e-01	   4.0145763650063382e-01	   3.9623596742096390e-01	   6.1394884018363882e-01	   5.5136665347814184e-01	   7.0188789765238702e-01	   4.4757440756633793e-01	   6.5997661366052074e-01	   5.2937525336803248e-01	   2.2566807099511477e-01	   5.8605218225881761e-01	   4.2633384228471766e-01	   4.7742021457496020e-01	   1.6644006723615179e-01	   2.0286059492910657e-01	   9.2250066074635928e-02	   3.2056441026031335e-01	   2.0109528396713405e-01	   2.0850468588502871e-01	   4.1916398423730306e-01	   3.1989602252037708e-01	   5.0066067916205592e-01	   5.2987887782132914e-01	   1.1869291094186957e-02	   3.1143721403825397e-01	   3.6595779512221327e-01	   2.7262464474183723e-01	   4.9322319537532822e-01	   1.7223879452539531e-01	   2.9465505254846325e-01	   3.0040394555673672e-01	   5.1960817050256897e-03	   1.6032884158056918e-01	   4.2758388172230671e-01	   3.9952674772284019e-01	   3.3557385890941893e-01	   3.4396225648292816e-01	   5.7323050668500553e-01	   1.0678643357320976e-01	
   6.6235053779126907e-01	   0.0000000000000000e+00	   5.5257332678290388e-02	   1.5155751204631956e-01	   2.0250947376669926e-01	   3.4700719857671775e-01	  -1.3985515520626085e-01	  -1.2820187613561218e-01	   2.2100769859718351e-02	   1.1854926996518149e-01	   3.7046580431779530e-01	   3.7073205783856628e-01	   4.3414461331342491e-01	   3.4981881033397066e-01	   6.3950798921425589e-01	   4.1272366979113445e-01	   6.2484970726072420e-01	   6.5989104036056256e-01	   3.2016104608416845e-01	   5.1593375937966668e-01	   3.1182251689789514e-01	   3.1481720788594664e-01	   3.5485496829929949e-02	   1.5193892655715706e-02	   1.2490704124494059e-02	   1.3763666006211707e-02	   4.9163112755608346e-01	   4.0727251903346706e-01	   4.0090821644314922e-01	   3.2418046693267488e-01	  -1.6329060318584532e-01	  -2.1279431640054441e-01	   1.7658610689546692e-01	   2.2274320766439976e-01	  -7.1834196350595611e-02	  -1.5763172262412112e-01	   2.3697714448749924e-01	   1.9803424440521011e-01	   3.0587310676175089e-01	   2.8131352965218209e-01	   3.8289195449320401e-01	   3.8913432476077320e-01	   1.9619788506911784e-01	   1.4355359704692292e-01	  -3.2803564412070222e-03	   1.8002799975431562e-02	   2.3733478439844402e-01	   1.6438839155586327e-01	   1.3392301672942566e-01	   1.7486411068105734e-01	   1.6432046023141866e-01	   3.2428213850236798e-01	   3.6640569985991078e-01	   1.7848230220445382e-01	   4.1275707865453415e-01	   2.6043101499460419e-01	   7.4778012236608771e-01	   8.6292149462851653e-01	   3.6962902809299497e-01	   3.4849161772597514e-01	   3.3268010893008332e-01	   2.2922612942553836e-02	   3.6098689064079148e-01	   3.6938390266977805e-01	  -1.8349879188127527e-01	  -2.1700885498032582e-03	  -9.2283261521708349e-02	  -1.4671155958517031e-02	   5.4401891898261390e-01	   4.9097466640992904e-01	  -1.0306189387278415e-01	   1.0779574461787429e-01	   4.1314773652062514e-01	   4.5459152822310783e-01	   3.2374463020772359e-01	   2.9413970816258045e-01	   2.4328214318074950e-01	   3.2699023352406470e-01	   3.4925536037056781e-01	   3.3323631485011285e-01	   6.7530278988293579e-01	   5.8551323492927243e-01	   6.6468933345847059e-01	   5.1126160187405967e-01	   5.0268429554022442e-01	   4.7007065480957089e-01	   1.7032326566606745e-01	   5.3307685407114636e-01	   3.9938484453367129e-01	   4.7537485607351226e-01	   6.6600222384647439e-02	  -5.2109675616604303e-03	  -3.1939122787081310e-02	  -2.1399926309909291e-03	   1.9738525299658649e-01	   4.0024304783796573e-02	   3.4899783358509034e-01	   3.2628913861451686e-01	   4.4348226973910565e-01	   3.2477017109182688e-01	  -2.0761308527136793e-01	   2.4139650352666064e-01	   3.1096242789216411e-01	   4.1810971806458819e-01	   3.9768532359191761e-01	   1.1848286594133881e-01	   6.0448398491840707e-02	   9.8094879937461466e-02	   2.6034176665201081e-01	   1.3580513134163893e-01	   2.9730551180477288e-01	   3.3346606592044070e-01	   2.3551951177243086e-01	   2.6246797802719474e-01	   4.0280996192947349e-01	   1.6765392417742908e-01	
   4.0736439111809286e-01	   5.5257332678290388e-02	   0.0000000000000000e+00	   3.6144173024712989e-01	   3.1637460001061124e-01	  -1.8936900006168045e-02	   7.7483854472510560e-01	   3.7010544308934462e-01	   3.8343313515376043e-01	   8.6852291312253971e-02	   1.3354369309377742e-01	  -1.4966094523808368e-01	   2.5606837551813411e-01	  -1.1305475238801720e-01	   4.0641783607376547e-01	  -4.6274795525501830e-02	   1.9984691362767376e-01	   8.5129757034727331e-04	   4.6095498819905945e-01	   1.1939512307748576e-02	   1.5214519410757285e-01	  -1.5434266193952512e-01	   7.9508823331187473e-01	   4.6197084860176230e-01	   6.4613618497785230e-01	   5.5291074386451233e-01	   1.1565895385443942e-01	  -1.0492877359456557e-01	   4.1071159560129061e-01	   2.3749083641666097e-01	   7.0840686865357361e-01	   5.5555128864424796e-01	   4.9870974454373690e-01	   4.1003272388965295e-01	   5.0637667587840707e-01	   3.9788859406193050e-01	   3.2198009751482681e-01	   3.2778629928209135e-01	   5.5521247215692393e-01	   3.9352176371795755e-01	   1.3626358336705430e-01	   2.2361908443426673e-01	   5.7924090339436229e-01	   4.9590562715507924e-01	   3.5742823795764822e-01	   2.2999148465799391e-01	   5.9113023779706730e-01	   5.0503152106456806e-01	   4.2726150958666165e-01	   2.8303361471886535e-01	   6.0908312867723402e-01	   2.9385372030374213e-01	   3.7862565059081649e-01	   3.9472575322347564e-01	   3.7102562758822533e-01	   4.3222058268061991e-01	   2.1422947937423931e-01	   1.0505893920221110e-02	   3.0915788116814907e-01	   1.2999256290572428e-01	   3.2461527034285320e-01	  -6.1805606157476170e-02	  -5.9165133126776577e-02	  -5.5267824894102487e-02	   7.1277199766870081e-01	   2.2055868872116841e-01	   5.7846701033281633e-01	   3.5847368114179912e-01	   1.4573224889682232e-01	   2.9102040893485703e-01	   2.8604696590500750e-01	   4.9214515830113581e-01	   4.5901673436196533e-01	   3.2455657083894179e-01	   4.5048304874614625e-01	   4.0882164913610303e-01	   6.4285415708008187e-01	   5.7856841592655184e-01	   1.9268379637202970e-01	   1.3638683825975595e-01	   1.3355738485755844e-01	   2.0134179146259937e-01	   4.2998120300986908e-01	   2.8351393850374129e-01	   3.4445027320948285e-01	   2.8456544423697211e-01	   2.2587990247794548e-01	   1.9313806698640459e-01	   3.5548207340958921e-01	   3.3413056063718100e-01	   4.1855106938195263e-01	   6.2791146096538264e-01	   2.8960512489254647e-01	   6.5362264843122897e-01	   1.7974042736630652e-01	   1.8184290166296208e-01	   4.4213742089891384e-01	   1.5008883899956355e-01	   3.8356750203817930e-01	   5.5001318960895107e-01	   3.0725694340607468e-01	   1.6613143798898833e-01	   3.1073453232850928e-01	   5.8651345550098280e-02	   3.9891060297121228e-01	   1.3787196700471713e-01	   5.1537959361918451e-01	   2.6007754158695967e-01	  -1.6484750393052755e-01	   4.0331083402773588e-01	   6.1771757088712032e-01	   5.1147526600037529e-01	   3.1484720898705421e-01	   1.5018588292293933e-01	   2.9075726221083864e-01	   1.0568695021413367e-01	
   3.2380326515813729e-01	   1.5155751204631956e-01	   3.6144173024712989e-01	   0.0000000000000000e+00	   3.0190900095744488e-01	   4.5905403711238385e-01	   4.8355764746791918e-01	   7.0174914140395994e-01	   4.1554239330870207e-01	   4.4959491714010291e-01	   1.2051371103554614e-02	   2.3935920348674039e-01	   7.8049743466737126e-02	   2.3799137199637588e-01	   3.9002823522904928e-01	   5.7788457990408371e-01	   1.8466925614962645e-01	   4.8583967305244224e-02	   4.3704516448044733e-01	   3.3834457915118182e-01	   2.8513974021686350e-01	   4.3540330964240551e-02	   5.8814699570724027e-01	   8.5769317598886596e-01	   3.7255036238025752e-01	   5.3282409412224985e-01	   1.7195909414983410e-01	   1.7712352015711674e-01	   3.8464542077925956e-01	   4.2688737646713554e-01	   4.3363952150707119e-01	   6.1600428819570741e-01	   5.4304067045978766e-01	   6.1532442429181811e-01	   3.5701758387490534e-01	   4.5203764338530039e-01	   5.2043583825965425e-02	   4.1378664721914343e-02	   3.3101483210971805e-01	   2.6681852631392428e-01	   2.1895001001109737e-01	   1.2097268810776689e-01	   2.0633881303041793e-01	   1.7978691284270820e-01	   2.5637486740159382e-01	   4.1203572353378926e-01	   2.8845402899540024e-01	   3.2021608026566739e-01	   1.7189551832306491e-01	   3.2509204157765503e-01	   2.7551153176828119e-01	   1.9512247280330566e-01	   1.5093540424518834e-01	   1.7082145385358347e-01	   3.1098208896879753e-01	   2.5744458168770618e-01	   2.7762173238332577e-01	  -7.6411609452289211e-02	   2.4110907041537832e-01	   4.3030058363971679e-01	   2.9070394040152947e-01	   2.9184421991391046e-01	   6.0610837365798864e-02	  -1.9666309930724166e-01	   5.5706028570897936e-01	   7.4525338494807269e-01	   4.3075959333679747e-01	   5.6555574373960782e-01	   4.0232654436247572e-01	   3.2063031460851832e-01	   2.7999103258010533e-01	   3.3072857300079272e-01	   4.0060361234524322e-01	   4.1282383006298168e-01	   3.5719734246548102e-01	   5.3488730264680351e-01	   4.2795756697060061e-01	   6.0643655725558898e-01	   2.7684562273273405e-01	   2.8791296995828275e-01	   2.6825635053743191e-01	   2.6470982432806572e-01	   3.5993370045156731e-01	   5.6528785194129305e-01	   4.3230596531865673e-01	   5.2691897595229165e-01	   4.0794365352881423e-01	   5.1466165795587049e-01	   3.2719478898170962e-01	   3.9512339448989842e-01	   5.7289233639138637e-01	   3.7018117840486153e-01	   6.7103485264317819e-01	   3.1865512930265905e-01	  -3.9424222511158229e-02	   4.8845275236747379e-02	   1.3654873054114755e-01	   1.4650385377231989e-01	   2.0354604622715705e-01	   4.0266075753686459e-01	   5.6418323377491408e-01	   2.8517326081003330e-01	   2.0923124806369908e-01	  -5.0781740996081196e-02	   2.3723317299860369e-01	   1.0000923540994278e-01	   1.6081698555428697e-01	   7.1799640616279248e-02	   2.1895395955927605e-01	   2.1774690690217102e-01	   3.1249405064634495e-01	   2.4187307924295703e-01	   2.5098659968713133e-01	  -5.2100485661277826e-02	   1.4023910940641701e-01	   2.3642327024597631e-01	
   1.8432838605070062e-01	   2.0250947376669926e-01	   3.1637460001061124e-01	   3.0190900095744488e-01	   0.0000000000000000e+00	   5.3564526675639601e-01	   3.7655843391859467e-01	   2.3152866462878935e-01	   4.6995256475898173e-01	   4.3806561332506011e-01	   2.4182919285451168e-01	   1.2926492728085745e-01	   2.5732156831516556e-01	   1.5211836717946176e-01	   4.3006291449115780e-01	   2.5829911933506233e-01	   1.0618579042062987e-01	   1.4130548976508783e-01	   3.0241509547180478e-01	   2.1665310086181824e-01	   5.4972053648335917e-01	   2.4391845065440265e-01	   2.9909569287288595e-01	   3.1377209417327145e-01	   2.4338337478165478e-01	   2.2447977207938860e-01	   4.6380458196873542e-01	   3.2194977936833447e-01	   4.4679785253404458e-01	   3.6727344834316961e-01	   9.8353373074138273e-02	   1.2047540860775949e-01	   4.1602420034557208e-01	   3.3257779416905470e-01	   6.6546328004797256e-03	  -1.4025730456288477e-01	   1.1320140156723060e-01	   1.3137664645470612e-01	   3.2968889389781614e-01	   2.4321536939105154e-01	   2.2178722368077156e-01	   3.6234829953465858e-01	   1.9848165866003808e-01	   2.1272119723663463e-01	   5.6207065341158116e-02	   1.0366968579367392e-01	   1.5867628468725092e-01	   1.7162285778425501e-01	   2.8284788976760428e-01	   1.5388029599238662e-01	   3.0358789550136495e-01	   1.7733781171774038e-01	   1.1248272625016639e-01	   1.2017096243258970e-02	   2.7486937378799459e-01	   2.1431753215312299e-01	   1.2840219838014416e-01	   5.2117110858019358e-02	   3.2020194974650229e-01	   1.1388025943951648e-01	   2.9618619680240699e-01	  -1.3134051808999864e-02	   1.8060101600094819e-01	   6.4376207357350113e-02	   3.0608543150437978e-01	   2.9701059003519120e-01	   3.0092557581838436e-01	   1.6633608854300036e-01	   2.3079431184472926e-01	   2.3929456889676448e-01	   1.0216492225985946e-01	   1.0131569860689793e-01	   5.2456219494825684e-01	   2.7963773054681124e-01	   3.2761844179225363e-01	   1.1502519824542469e-01	   2.6050311585866004e-01	   2.8840101492813397e-01	   1.8749911645787223e-01	   1.1121231885989144e-01	   2.2674832743137388e-01	   2.9265472496559775e-01	   3.0331484911634871e-01	   2.7352366953509999e-01	   2.5027300779486072e-01	   3.6121017709276687e-01	   3.7452271178534480e-01	   1.4426455748624556e-01	   4.9847988678292132e-01	   2.4883637803857200e-01	   6.2299454320061893e-03	   6.1483550664848174e-02	  -6.5508769514783266e-02	   2.2135639838575735e-02	  -9.6016595597253576e-02	  -1.5056052636810680e-01	   3.9073623719704603e-02	  -5.1682046057195967e-04	   6.4381111122268270e-02	   1.8318448972878271e-01	  -7.7591646997635183e-02	   3.5345832337876207e-02	   1.8756713258972169e-01	   9.1192929333678702e-02	   4.0267621586507552e-01	   3.8656711606634847e-01	   1.0978840088084016e-02	   2.8685777336509233e-01	   1.1930448912747897e-01	   2.1630263478082790e-01	   1.9601888350923719e-01	   1.9512057566215354e-01	   5.3865753138250483e-02	   1.7781593220621825e-02	   4.0928657412152109e-01	   9.0349243567239390e-02	
   2.3503946188876487e-01	   3.4700719857671775e-01	  -1.8936900006168045e-02	   4.5905403711238385e-01	   5.3564526675639601e-01	   0.0000000000000000e+00	   8.3882455765564579e-02	   2.7751802549980753e-01	   4.5492063505256675e-01	   6.9177108852009717e-01	   2.9749349771453087e-01	   3.1297557323490799e-01	   3.4449115077234393e-01	   3.5143794677888884e-01	   5.7412265404632334e-01	   6.6693210561971217e-01	   2.6327640623544835e-01	   2.0284615895990432e-01	   2.0681522721275855e-01	   2.8213563518189977e-01	   4.6244403830674841e-01	   2.8566574395063304e-01	   8.3115544467050773e-02	   3.7838403219816402e-01	  -8.4934292803486605e-02	   1.6454868212699431e-01	   5.1232069439155481e-01	   5.8265096644752234e-01	   3.5801314217622238e-01	   3.5002517885319478e-01	  -1.8077417339363144e-01	   4.0350494469872475e-02	   2.3159059899418521e-01	   2.3096009980167562e-01	  -1.5179723980089646e-01	  -1.6354154117117684e-01	   1.7093776010718059e-01	   9.6820449124784463e-02	   1.1069538213904519e-01	   1.3603090668294759e-01	   2.6593309447671198e-01	   2.3204351779402682e-01	   7.6788450576142087e-02	   4.1458332444181567e-02	   5.4276735918805698e-02	   1.9176906175725542e-01	   6.4280497910500917e-02	   3.6567807072191774e-02	   1.8294171087272604e-01	   2.4283094252128462e-01	   7.4269113251596949e-02	   2.0305322825914895e-01	  -1.0035618165204679e-01	  -1.8581076904050148e-01	   1.3937354652449824e-01	  -4.8544655308436421e-03	   2.0670556993115152e-01	   1.3337453899680585e-01	   3.5558744322568514e-01	   3.5118576501375404e-01	   3.7728671573642492e-01	   1.9153029710408556e-01	   2.4930843685352580e-01	   4.2840212872194805e-02	   1.0747711179148706e-01	   4.5176048528916701e-01	   8.3036371070635828e-02	   2.0231832932847543e-01	   1.9761360694455851e-01	   6.0156546945911785e-02	   8.8935237120858865e-02	  -3.4894909411372450e-03	   2.4000362192111477e-01	   2.5137447240127175e-01	   2.0891703998590738e-01	   5.2316025472316639e-02	   1.3976755523269666e-01	   2.9083997818766566e-01	   2.0223570884620018e-01	   9.2089373077346520e-02	   2.7744169470692842e-01	   3.2546532794580890e-01	   3.7145322760064586e-01	   5.3380450225152287e-01	   2.8206652788321962e-01	   4.5274704624087764e-01	   2.4617126441013792e-01	   2.7298809539721725e-01	   4.9306453571428804e-01	   2.7929645239628231e-01	   9.4460053975559899e-02	  -8.4750535612630226e-02	   1.3857724604817656e-01	  -1.5358494417230209e-01	   2.8213502882891626e-02	  -7.7570385658506047e-02	   1.9678076098132512e-02	   8.9697205537275407e-02	   5.6801747630170416e-02	   6.3236678443014796e-02	   8.9197635799218744e-02	   1.2821796609458108e-01	   1.3548501754966835e-01	   1.8845249981185058e-01	   2.3030716409520210e-01	   1.7803735246415986e-01	   1.4958498348489049e-01	   2.0545283441356460e-01	   3.4351911296962062e-01	   2.3704896568456896e-02	   5.4337645788824870e-02	   6.1178313098303162e-02	   3.0450126542676793e-02	  -2.1785211326537358e-02	   1.3469233908806449e-01	   1.9093467759727908e-01	
   2.1036801918192691e-01	  -1.3985515520626085e-01	   7.7483854472510560e-01	   4.8355764746791918e-01	   3.7655843391859467e-01	   8.3882455765564579e-02	   0.0000000000000000e+00	   6.9673139970841080e-01	   6.8530394243457193e-01	   3.0762497604824174e-01	   1.0940401893110491e-01	  -6.8848258790880579e-02	   2.6776720373212376e-01	   2.1842762195062964e-02	   2.6053287046884099e-01	  -1.9958161551675513e-02	  -2.6139180948292574e-02	  -1.8700484872267742e-01	   2.9420921760032215e-01	  -3.8273882663453662e-02	   1.1176122050826873e-01	  -4.3970454383595502e-02	   5.6145666780241188e-01	   4.3566792027465540e-01	   4.1758968696977383e-01	   4.2105348544701016e-01	  -8.0397165052954050e-02	  -1.6119576799476781e-01	   4.8707349967955871e-01	   3.3938151577054460e-01	   6.6789983580670587e-01	   5.7852972709244121e-01	   5.9353274537325618e-01	   6.0599445445732925e-01	   2.9519446602698013e-01	   4.0136839902362897e-01	   1.2898445915136855e-01	   1.8113174751292022e-01	   5.2628987371935632e-01	   3.5126437653822573e-01	   1.4543253851636198e-01	   1.9133877010959713e-01	   5.4922857601017039e-01	   5.2514000020034524e-01	   4.6255288809683232e-01	   4.0624812881546823e-01	   5.7790242913874845e-01	   5.7124018896598627e-01	   5.5769949426626897e-01	   4.3185049510882534e-01	   5.7868918666154978e-01	   2.4238204979965194e-01	   2.2992330891847226e-01	   2.4338761533416134e-01	   3.2149234377711244e-01	   3.8846829328713545e-01	  -5.7117966773076187e-03	  -2.0277311338366588e-01	   3.2835893639360614e-01	   2.3601385493330429e-01	   4.2620776255301729e-01	   1.8464287080342842e-01	  -2.4411477902776277e-01	  -2.0372659554282402e-01	   7.2621262498043548e-01	   3.6370149767111137e-01	   6.7380998384998803e-01	   4.5449726081170982e-01	   4.5385565920776375e-02	   1.9196789656593582e-01	   4.5338127932189975e-01	   4.6358605349665372e-01	   4.0280493378284116e-01	   2.7463322872978624e-01	   3.6389512811351421e-01	   2.5147057969797271e-01	   5.1216080230766980e-01	   5.6599135865740335e-01	   1.9917962532358557e-01	   1.4428766724009665e-01	   3.4634659194004006e-02	   1.4103226367687993e-01	   1.6768614853542110e-01	   1.5333135976785869e-01	   1.5417197724340523e-01	   2.4633027342866509e-01	   1.1469242021703410e-01	   4.0277879791474520e-03	   2.6029824539413882e-01	   2.0051751886457370e-01	   4.0683290605906736e-01	   6.1123123060174578e-01	   1.6394626560847397e-01	   4.9951786494342093e-01	  -1.6421433592452950e-02	   1.0692429434317391e-02	   2.7501884654325648e-01	  -2.8894299787367905e-02	   2.5480153224004304e-01	   4.6983790044005563e-01	   3.8674138497745209e-01	   2.3062732608698583e-01	   1.6161299595806752e-01	  -1.2100022486962245e-01	   2.3604451773478063e-01	   1.3042037454290745e-01	   3.2467547969749333e-01	   2.1156004788895988e-01	  -8.2878719862626030e-02	   3.2274565116703025e-01	   5.1173927720216450e-01	   4.6661769263348996e-01	   3.4730025415408045e-01	   6.8167641036002050e-02	   2.3048387415124094e-01	   4.0923187690144996e-02	
   2.0412456433326565e-01	  -1.2820187613561218e-01	   3.7010544308934462e-01	   7.0174914140395994e-01	   2.3152866462878935e-01	   2.7751802549980753e-01	   6.9673139970841080e-01	   0.0000000000000000e+00	   5.3871426888996243e-01	   6.1214830803813980e-01	   2.0924923118045663e-01	   3.3526356046295147e-01	   1.9793891175585737e-01	   3.0986518284589115e-01	   1.1980517554826262e-01	   3.3342394783355911e-01	   4.3119340483255303e-02	  -1.4710063223443209e-01	   2.9529777508953337e-01	   8.6490330617764982e-02	   1.3284419533088274e-01	  -1.9709629040962573e-02	   3.2231099775410621e-01	   5.3132904280337012e-01	   6.3976698495944284e-02	   2.3048455221349032e-01	  -1.9059935753203261e-01	  -1.3621023003598159e-01	   4.2804462486911266e-01	   5.5455804612620230e-01	   4.1700982007915477e-01	   5.5007126903244541e-01	   6.1665987142914169e-01	   7.3245771687092032e-01	   8.7746941127400099e-02	   3.8425563709510591e-01	  -7.2122702801233288e-03	  -4.6963450936309464e-02	   3.2656929148527203e-01	   3.2658991134822879e-01	   2.2188696772114272e-01	   1.2947971992373355e-01	   4.0856868314453493e-01	   4.1869813502818687e-01	   4.2243732130136358e-01	   5.4335982006324846e-01	   4.0139048714906406e-01	   5.0822018488665610e-01	   4.1878770735087689e-01	   4.8164759985004379e-01	   3.1936916459691145e-01	   2.6159839617203451e-01	   1.8659513194277444e-01	   1.7630896540349222e-01	   3.0612765596385522e-01	   3.1571675970857310e-01	   1.0703046219370220e-01	  -2.5800163311903324e-01	   2.9237154681427480e-01	   4.9894051030798547e-01	   4.9523313434133770e-01	   6.7304928767868555e-01	  -5.7906376524218123e-03	  -3.2812175987235119e-02	   4.1832851896311574e-01	   5.9239776741172756e-01	   4.6175470176951416e-01	   4.7685804636179585e-01	   1.2634854456962505e-01	   6.2404659599946892e-02	   4.9488817138506025e-01	   4.0512517253322422e-01	   3.8646622231632416e-01	   3.3361745502342471e-01	   3.0536803199750762e-01	   3.1749174131178404e-01	   4.4207223911587978e-01	   5.5060851769713615e-01	   2.9093045036951137e-01	   2.6822200819226161e-01	   1.4430588007572820e-01	   8.5858732447876160e-02	   6.6864940097389691e-02	   3.0085633819782431e-01	   4.9685300377455423e-02	   2.2042880342613075e-01	   9.8570522583649629e-03	   1.3059669592670606e-01	   9.0823561064986819e-02	   2.6465178827591801e-01	   4.6906043443008161e-01	   3.5500336674871114e-01	   3.4744312281579337e-01	   2.6166535204735675e-01	  -8.4426687804257841e-02	   1.1354634684507439e-02	   1.3984766347192473e-01	   8.4394210917458745e-02	   2.9100238118826055e-01	   4.3263168301036620e-01	   5.2114938986619852e-01	   1.9937894168607523e-01	   2.4131437708759307e-01	  -1.3616394796962314e-01	   2.5014800558928957e-01	   1.2370670623280874e-01	   2.6928184131152028e-01	   1.6467556228909674e-01	   1.1434166788370770e-01	   2.1300882991355610e-01	   2.5102657345221513e-01	   3.1657279443514075e-01	   3.4351871681123114e-01	   6.6691131286568756e-02	   1.9637328656050476e-01	   6.1676918458785278e-02	
   1.4276961167838348e-01	   2.2100769859718351e-02	   3.8343313515376043e-01	   4.1554239330870207e-01	   4.6995256475898173e-01	   4.5492063505256675e-01	   6.8530394243457193e-01	   5.3871426888996243e-01	   0.0000000000000000e+00	   4.8618052857851368e-01	   2.4808879911944681e-01	   1.2122762872888501e-01	   3.8865647343013643e-01	   1.7332440865488602e-01	   4.2729676759806218e-01	   1.9171816412749726e-01	  -2.9333216264002728e-03	  -1.0899398677248559e-01	   3.6188137955276103e-02	  -1.2773076341561454e-01	   2.1110344219432620e-01	   9.7369072595021415e-03	   1.8525406241180653e-01	   2.8558188611340901e-01	   6.8380491485208292e-02	   1.7931638585927895e-01	   1.9751752127063293e-01	   2.7778504878253552e-01	   4.1355007065806565e-01	   2.2700578896840817e-01	   2.0795865359716428e-01	   2.4168404494686171e-01	   2.4711999416943856e-01	   3.3639525077421495e-01	  -1.8401389892594822e-02	   8.1795990668006177e-02	   6.7756755067001087e-02	   1.2709830228443902e-01	   3.1537226558089482e-01	   2.6019657152868847e-01	   1.3484510875111111e-01	   1.4775638762760079e-01	   2.8873151108191752e-01	   2.5420500517020833e-01	   1.3235870964594698e-01	   1.6903061610168874e-01	   2.9700763268846508e-01	   3.0203526903451394e-01	   4.4463453810994130e-01	   4.2093627028245850e-01	   3.7000231526495381e-01	   2.2125224036251576e-01	  -4.6866803611409588e-02	  -1.2530249668437871e-01	   1.9085302633112478e-01	   1.6584560540120899e-01	   4.7996666096218027e-02	  -7.7626370890397700e-02	   3.3370072057978906e-01	   2.8952552098776047e-01	   5.4340061703357090e-01	   3.0481021997920987e-01	  -2.5309753370705845e-01	  -2.2193655205761592e-01	   5.5142414208867641e-01	   4.1791517015839758e-01	   2.4866809985898305e-01	   1.8314154692572526e-01	  -6.6617619240597586e-02	  -1.0706549264596138e-01	   1.6083551819765765e-01	   8.4502281167323806e-02	   3.3675524018820080e-01	   1.4296193374355404e-01	   2.0162590585443563e-01	   9.0915844452291700e-02	   1.8757256244261730e-01	   3.2927945562645383e-01	   2.6709765420111398e-01	   1.1277947453819760e-01	   1.1495307546173786e-01	   2.5765346526354116e-01	   2.0306955533298052e-01	   1.8573746471598077e-01	   2.1562384083387931e-01	   2.9599864745914251e-01	   3.5886077266658718e-02	  -2.3273815468093807e-02	   4.0340929304691442e-01	   1.2786866660758489e-01	   1.7142419386064725e-01	   2.7221107675472161e-01	   9.0308696866103037e-03	   1.6798248925227727e-01	  -7.6749550540961648e-03	  -7.4155543995841192e-02	   3.7869536239518491e-02	  -1.6458750228380284e-01	   4.0570950353240468e-03	   2.5077338105651459e-01	   2.3258259992003899e-01	   2.3330960936770048e-01	  -6.7421491587230056e-02	   3.4785973655069136e-02	   1.0800869360915824e-01	   1.7276988198675025e-01	   1.7102758986813790e-01	   6.8420120738386742e-02	   1.2309761895042701e-01	   1.1433730027873815e-01	   2.2241971205149524e-01	   2.2120246605888796e-01	   2.0667425994231214e-01	  -1.5450679530795677e-01	   8.4544567172546034e-02	  -5.5711407116746589e-02	
   3.0515890018789345e-02	   1.1854926996518149e-01	   8.6852291312253971e-02	   4.4959491714010291e-01	   4.3806561332506011e-01	   6.9177108852009717e-01	   3.0762497604824174e-01	   6.1214830803813980e-01	   4.8618052857851368e-01	   0.0000000000000000e+00	   2.7297824032495321e-01	   3.1855060522938761e-01	   2.6268746683937272e-01	   2.7274359944435050e-01	   3.3803280789950918e-01	   6.1599062026759499e-01	   1.3363726781311996e-01	   8.4667861038440997e-02	   2.1927161592019651e-01	   1.8751861682629353e-01	   3.6954053711674278e-01	   4.0629302912947807e-02	   7.8426370349106100e-02	   4.0643642182132006e-01	  -2.4334121076812484e-01	   1.9885028235921837e-02	   1.4046963077967362e-01	   1.9711971585862681e-01	   3.3054969104218801e-01	   6.2183730913275104e-01	   2.2881499640372147e-02	   2.0856228065687477e-01	   4.4282978931444017e-01	   4.7282825640507953e-01	  -3.3246063408679494e-01	  -1.4263163225336356e-01	  -3.8037920624652756e-02	  -1.9473481046933069e-01	   6.7361807374330479e-02	   1.2421664334309078e-01	   2.8786545911290690e-01	   1.1153732234165589e-01	   1.3107821839392975e-01	   1.4400756006963450e-01	   1.9215180063826909e-01	   3.1845000025116066e-01	   9.9971627939170221e-02	   1.6938920722538825e-01	   2.6272074618048741e-01	   1.8418825083606344e-01	  -3.2519953064388957e-02	   4.1769911175032794e-03	  -1.2437641298266867e-01	  -2.0413925888368101e-01	   7.4908673792243641e-02	  -2.8965592908708444e-02	   6.4555115981580508e-02	   5.2702543882155048e-02	   2.2725153730380016e-01	   3.6980691442776792e-01	   3.8740809649195673e-01	   5.0083772212959465e-01	   3.5258275837068614e-01	   3.2018984230470210e-01	   9.6932978994801980e-02	   3.2060524228497750e-01	   8.5819830307185874e-02	   1.4843017594229904e-01	   6.7608770763131461e-03	  -2.5039392949212202e-02	   3.2080163088252156e-01	   1.9811095364096365e-01	   3.4501149135007564e-01	   2.8708894217790770e-01	   3.3604062463593942e-01	   8.1540085958037148e-02	   2.1573795695490333e-01	   2.9140401005002869e-01	   2.1982786382898900e-01	   2.0654102234910551e-01	   1.8726985772773252e-01	   1.1468756364551747e-01	   1.2864855095914490e-01	   4.0893372519209725e-01	  -1.0419425250968539e-01	   1.3195036234342483e-01	   2.4829342551777926e-02	   2.3187251657119198e-02	   2.2542191088950747e-01	   2.0299500868428455e-01	   1.7550749508672134e-01	  -5.2405618614672841e-02	   1.6804740153040273e-01	  -1.6323362710059769e-01	  -1.2852197605131949e-01	  -1.4928071219448083e-01	  -1.1601405901448493e-01	  -1.7489541601689498e-02	   8.7422768076925159e-02	   9.8079797200730512e-02	   2.0933983819956908e-01	   3.7895796476888025e-02	   2.1507906007768357e-01	   5.6000648756175483e-02	   1.3805618982877493e-01	   1.1479260747863398e-01	   1.3781331835010704e-01	   2.0873698980188187e-02	   3.6711086100644430e-01	   1.5092239495175908e-01	  -1.4171301843459858e-02	   7.3838768510645969e-02	   1.1391739999767334e-01	  -2.4061309170547517e-02	   8.7691356295071382e-02	   4.8723718231013312e-02	
   6.0358274721289440e-01	   3.7046580431779530e-01	   1.3354369309377742e-01	   1.2051371103554614e-02	   2.4182919285451168e-01	   2.9749349771453087e-01	   1.0940401893110491e-01	   2.0924923118045663e-01	   2.4808879911944681e-01	   2.7297824032495321e-01	   0.0000000000000000e+00	   6.6009002766655600e-01	   8.2912870903897762e-01	   6.8500623239398939e-01	   5.2891726015353913e-01	   3.4411958918035424e-01	   2.6603173579068329e-01	   2.3677667863003857e-01	   1.6468340791441000e-01	  -1.4712706480607629e-01	  -3.2922125042394598e-02	   2.1706608719552233e-02	  -1.1591808578035814e-01	  -6.9093285285147993e-02	  -3.6087866639245436e-01	  -3.7354799381400200e-01	   1.5681477303539104e-01	   2.1821745807580811e-01	   2.4352771067342960e-01	   2.2528488687826778e-01	  -3.6371281419267559e-01	  -3.6479291671173120e-01	   1.0422530266061088e-01	   1.0166464369501058e-01	  -2.8364393997870885e-01	  -1.6019322359222612e-01	   7.4906247451631366e-02	   9.4690064687799697e-02	   1.0811827309471772e-01	   4.9273005656896775e-02	   1.4052347867060772e-01	   1.8292757150583230e-01	   2.9030774097833956e-01	   1.9009963462803037e-01	  -4.0114327373194994e-02	   2.3189206429124528e-02	   2.2251823405560317e-01	   1.5570973780480957e-01	   3.5853755554434719e-01	   3.0676923287147029e-01	   1.5300075617119069e-01	   2.9498233245810612e-01	   2.4486041450157373e-01	   3.2555888319073800e-02	   3.3351191705130145e-01	   8.6244513984181551e-02	   3.7774439714353469e-01	   2.3154540407368268e-01	   6.0818019828781522e-01	   3.6598434909918143e-01	   7.9526813752398073e-01	   4.1680892713512463e-01	   2.5264978135700866e-01	   3.2939530600984285e-01	  -1.1843231679725336e-01	   1.2189507389241566e-01	  -2.6961946558577938e-02	  -1.0029650076850057e-01	  -4.2154076655520525e-02	  -1.7942941845680871e-01	  -5.2449263863581841e-02	   9.4206830087750021e-02	   2.9692037267849297e-01	   2.3384203924367189e-01	   2.3454154667003338e-01	   4.9848221665168946e-02	   1.8663196678673638e-01	   1.7823257220651750e-01	   1.5312051344984062e-01	   1.3754292070006144e-01	   3.4748507782033944e-01	   2.6203439316386279e-01	   4.0593448384619718e-01	   1.3362422095735366e-01	   3.1629432205385810e-01	   3.0668219957373816e-01	  -2.4055713761696348e-02	   1.4515508003140370e-01	   3.2877683723249507e-01	   3.0673296482713519e-01	   5.5672459263489509e-02	   8.7818527518498446e-02	  -1.7785242998560030e-01	   1.7527896395575884e-01	  -9.6279733661620182e-02	  -1.6662553905014404e-01	   1.4978626282020990e-01	   4.3746541030471875e-02	   3.5266455936588492e-01	   3.6397411456124984e-01	  -1.0258453732183145e-01	   3.8716354825480465e-01	   2.8759977627456879e-01	   3.7780794892443825e-01	   4.0223461831793272e-01	   1.0503418189264890e-01	   2.4264153960829798e-01	   2.8027424642541682e-01	   1.2247895294164421e-01	  -6.7006839380946592e-02	   1.5401991421029051e-01	   2.3000970056403963e-01	   4.1448403246333243e-01	   3.3665046060923254e-01	   4.9197138628382697e-01	  -1.1627937742495650e-02	
   3.9142263987307191e-01	   3.7073205783856628e-01	  -1.4966094523808368e-01	   2.3935920348674039e-01	   1.2926492728085745e-01	   3.1297557323490799e-01	  -6.8848258790880579e-02	   3.3526356046295147e-01	   1.2122762872888501e-01	   3.1855060522938761e-01	   6.6009002766655600e-01	   0.0000000000000000e+00	   5.0099662694047964e-01	   8.2911448221123130e-01	   3.2060092221109893e-01	   4.9051544709475492e-01	   1.4328596049266418e-01	   1.9852323369882244e-01	  -4.2815420479465571e-02	   2.6041940374200205e-02	   9.3099494636935551e-02	   1.6376414301169564e-02	  -1.5808613713951070e-01	   1.4335660334180553e-01	  -3.3995915218276074e-01	  -2.6171488483861338e-01	   1.6358876163068548e-01	   2.6746436459091949e-01	   1.1854093267382411e-01	   2.9567696595415366e-01	  -3.1662850015508570e-01	  -2.2643793943377005e-01	   1.0805396228416453e-01	   2.8394936969065154e-01	  -1.1438359267224571e-01	   7.7303887844384633e-02	   3.9131118689744476e-02	   1.5481715988926925e-01	   4.8199096179121687e-02	   1.8473405244329108e-01	   3.3961570945632302e-01	   2.5075234266403801e-01	   1.3261059500914765e-01	   8.0489195123746651e-02	  -7.4854687160757799e-02	   1.3605479665108550e-01	   6.2971893106098145e-02	   2.9465589855332951e-02	   2.1002103459174976e-01	   2.8517529701344008e-01	   7.5022766733572388e-02	   2.7671207225298328e-01	   1.1939658191691577e-01	  -1.2641422280685302e-01	   2.9698458104824688e-01	   8.2794304564779958e-02	   3.2643609634173909e-01	   1.2518749122928921e-01	   4.1620911869138344e-01	   5.4663143746071075e-01	   6.5413947599366062e-01	   6.1312300290904242e-01	   2.1971203103215181e-01	   2.0476969928288419e-01	  -1.4724020721369829e-01	   4.7776948763444921e-01	  -1.0514213288648811e-02	   1.1833334992366139e-01	   2.0105603708076131e-01	  -4.1200224819684057e-02	   1.5416564437120767e-01	   6.2911305209240286e-03	   2.6391804433465410e-01	   2.5977644722615256e-01	   1.3928053752206951e-01	   2.3103328973348547e-01	   1.7338058651509125e-01	   1.3043063710658859e-01	   1.8376138747250156e-01	   1.8741964885171614e-01	   3.9021113388538375e-01	   2.3218770099903938e-01	   2.3072669854542679e-01	   3.0392744606952093e-01	   2.0695719313507804e-01	   3.9217979025734906e-01	  -1.7568567830451916e-02	   3.7902651037589341e-01	   2.2829969622899346e-01	   2.7233302067236403e-01	   8.4304464260062079e-02	  -1.6004815008196221e-01	   3.4406691858492162e-02	  -7.2625700649602068e-02	  -1.7938897060230696e-01	  -2.6936698493295375e-01	   6.1254408943726829e-02	  -9.3469507134045920e-02	   2.9800692567938902e-01	   1.6103480791151528e-01	   1.5807669758272999e-01	   2.6268262528840119e-01	   3.0707242199412060e-01	   1.3221520758060659e-01	   2.6407034683599989e-01	   4.5315176428983868e-02	   1.1071432518533930e-01	   1.9615729884516236e-01	   2.7182854448441762e-01	  -1.7841761419272972e-01	  -1.3407456534654566e-01	  -3.1319667903357627e-02	   3.0798643251799457e-01	   2.9499170792307827e-01	   3.4129202518921120e-01	  -5.2696000856916642e-02	
   5.7910830899091392e-01	   4.3414461331342491e-01	   2.5606837551813411e-01	   7.8049743466737126e-02	   2.5732156831516556e-01	   3.4449115077234393e-01	   2.6776720373212376e-01	   1.9793891175585737e-01	   3.8865647343013643e-01	   2.6268746683937272e-01	   8.2912870903897762e-01	   5.0099662694047964e-01	   0.0000000000000000e+00	   5.9981092952843307e-01	   6.7160755650541470e-01	   3.5440082353247043e-01	   1.7345725004425414e-01	   1.9031386560814340e-01	   1.0964003628333048e-01	  -8.7517658724610925e-02	  -1.5727288455238218e-02	   3.2180730757203277e-02	  -2.7924615062370952e-02	  -4.2296972196696356e-02	  -2.3137994100954173e-01	  -2.0123978212128601e-01	   2.5306003745651862e-01	   2.5811666481340934e-01	   2.6517980113301293e-01	   1.7815283905588034e-01	  -2.7761765039084757e-01	  -3.0124611600724116e-01	   1.0696070638880686e-01	   1.2316998914106669e-01	  -1.6787995646000517e-01	  -8.5187413861352798e-02	   2.1947662677188692e-01	   2.3086246296909624e-01	   2.7412149863690366e-01	   1.7729857087367312e-01	   1.9396793950284830e-01	   2.2306286333145436e-01	   3.9714582559645467e-01	   2.4336090836506591e-01	   5.2476764102590875e-02	   1.3314679052361512e-02	   3.2861869622408180e-01	   1.7105296736012870e-01	   4.7132771930041395e-01	   3.6657380090193731e-01	   3.3363093775261266e-01	   3.4461726263420872e-01	   2.5419494877167914e-01	   4.9811542579056671e-03	   3.7568189820887626e-01	   1.4124795821423447e-01	   3.0129964667511810e-01	   2.7374767373000591e-01	   6.7016852962483620e-01	   3.6947765960272905e-01	   7.9847465869918144e-01	   2.3618704762989029e-01	   3.1164151436661611e-02	   1.5351279440071475e-01	   8.4002855316971034e-02	   1.3524098309143193e-01	   1.1651250348973408e-01	   1.6413700241159662e-03	   7.7936375033114763e-02	  -3.1868227782108884e-02	   4.8492646744398911e-02	   1.2792133507533501e-01	   2.9299418300366431e-01	   2.7275478183441376e-01	   3.0599964377950245e-01	   8.3436002635768128e-03	   2.7844620945228954e-01	   2.9534083168405012e-01	   7.6366638368745382e-02	   6.6635218094264204e-02	   2.3731928619006126e-01	   2.8817280183726968e-01	   4.1175054958079743e-01	   1.6338069971084290e-01	   3.4207981391559539e-01	   3.8925750841642492e-01	  -4.2858318838462556e-02	   1.3142082671878644e-01	   4.7250574706707638e-01	   3.0982809894080882e-01	   7.2592921025288304e-02	   1.2983090350745796e-01	  -2.2140149156455635e-01	   2.1151126720445540e-01	   1.7351426716341450e-01	  -5.4009298518609188e-02	   3.7009722976165321e-01	   1.6145542564148377e-01	   4.1893105681408815e-01	   4.0322559323758189e-01	  -7.7555295480958950e-02	   5.2932213330156419e-01	   3.3780168775541192e-01	   4.8559890567342601e-01	   4.6128830448882996e-01	   1.2953741445892425e-01	   2.6776385983161033e-01	   3.3055359757316255e-01	   1.5184094224737227e-01	   9.4321389135643557e-02	   3.1916612057249694e-01	   3.1541747886134430e-01	   4.5488357586927275e-01	   4.0148979990639150e-01	   4.6556142427843278e-01	   1.3815222269311250e-01	
