   0.0000000000000000e+00	   7.5661559105355258e-01	   5.0780283761385048e-01	   5.2422215234902581e-01	  -1.8018719919467507e-01	  -1.6837854199533814e-01	   4.5170162827988392e-01	   4.2572833832638857e-01	  -1.7323338627027890e-01	  -1.2642076251400575e-01	   6.8453632769199602e-01	   6.3311296582818266e-01	   4.3359155379198305e-01	   3.9552177809034028e-01	   5.7256736745965042e-01	   3.9414939460854559e-01	   5.2523429858484239e-01	   4.8215158795896040e-01	   5.5538324538910322e-01	   4.9156229205379109e-01	   1.3205472967522980e-01	  -2.0197308306247152e-03	   5.5380156955417037e-01	   5.0735297859907658e-01	   1.3829573375101644e-02	   2.3632452504708332e-01	   1.6666132706252867e-01	   9.7938855148781326e-02	   4.0429528170064916e-01	   4.9303084066029457e-01	   5.6112669945156046e-01	   5.2126556821809789e-01	   6.4619285173128327e-01	   5.7676286885352401e-01	   3.5409353292408530e-01	   3.6668835017856460e-01	   5.0553015192224027e-01	   4.3873349916856641e-01	   4.6026339286474816e-01	   3.6242998699449325e-01	   6.1686515008625198e-01	   4.2857374565473938e-01	   4.5954756360412552e-01	   3.4010279085244582e-01	   4.9819901429675834e-01	   2.8430796859375840e-01	   5.5061259007117436e-01	   4.8728452832169977e-01	   4.3499835292551492e-01	   3.2453309305248046e-01	   4.8597062445741812e-01	   3.9758065827384009e-01	   5.0714283355629375e-01	   2.8899360294692805e-01	   6.5990625748584375e-01	   6.4453424980853091e-01	   8.0843122678675228e-01	   6.5737849413613536e-01	   6.1313445913351283e-01	   5.1230753902836390e-01	   7.0264898548712951e-01	   4.0649761640792681e-01	   3.8447393709917826e-01	   3.2763125890021078e-01	   4.3456877433404428e-01	   3.4202985262218522e-01	   4.5244743802365489e-01	   2.8536127895160601e-01	   6.7147069417466465e-01	   4.7358405199598330e-01	   5.2476858575572505e-01	   4.8808721408159600e-01	   5.7692507605858745e-01	   5.6011902831422433e-01	   6.0953160597481726e-01	   2.9033127948399545e-01	   7.5850239192055358e-01	   6.0103802503094439e-01	   4.9293677764790877e-01	   4.5626561313699532e-01	   5.9801988533159367e-01	   5.8312388222689360e-01	   4.8681517107094596e-01	   5.4585598120696199e-01	   7.5301052109184252e-01	   5.1370175543810315e-01	   4.9662208402306307e-01	   4.5231362562044952e-01	   5.9082738981193927e-01	   5.8465753042257584e-01	   5.0495941652453902e-01	   4.1736701154835731e-01	   1.4687690783327412e-01	   5.0774281644859511e-02	   1.7671888401918465e-01	   6.6632878644518653e-02	   4.0171906262611423e-01	   6.7557979499595733e-01	   5.4219432762935615e-01	   5.8846356480268203e-01	  -3.1006238045878518e-02	   1.0927617973410178e-01	   1.2797716517144381e-01	   7.5406125019466044e-02	   5.3458326517493204e-01	   4.6529504759672546e-01	   1.9956662127343544e-01	   1.9780345199215582e-01	   3.9505201715524241e-02	   9.9503446794611733e-02	   5.2733962389814604e-01	   5.1508485259212100e-01	   3.7582631925083315e-01	   3.2132819085640224e-01	   4.7069734026042420e-01	   9.4251162997505994e-02	
   7.5661559105355258e-01	   0.0000000000000000e+00	   3.2229986687370038e-01	   4.4841802254618190e-01	   1.7199857849196830e-02	  -1.1481176163752269e-01	   4.2966129601986258e-01	   5.2966067486240154e-01	  -6.6469822829570993e-02	  -2.1286449722048462e-02	   6.3619383345049463e-01	   7.7384837638274795e-01	   4.6596667488502352e-01	   5.0680124554416239e-01	   4.8059760001239599e-01	   3.6784355871559071e-01	   6.2406537355372671e-01	   5.3170780069389811e-01	   5.4202008975220739e-01	   5.2007879531289614e-01	   4.1615348874779946e-02	   1.1087099155950613e-02	   4.6426737189463296e-01	   3.7603018129028765e-01	   4.7415912990183051e-02	   2.0791952627431742e-01	   2.0437116829931434e-02	   2.5185535424187049e-02	   4.1367444950578092e-01	   5.5964848806629852e-01	   4.5735701349536773e-01	   4.4098439066889417e-01	   6.5145293694562501e-01	   5.8222439532348980e-01	   3.0236703780044505e-01	   3.0037334494987716e-01	   3.3440516599205916e-01	   3.7523494167593191e-01	   3.5732274463699393e-01	   4.4246023310900262e-01	   4.8218393656989200e-01	   4.7299580170719535e-01	   4.5876670792268320e-01	   3.0917345535309582e-01	   4.3185816725294923e-01	   2.8324729473131616e-01	   5.1819379043448477e-01	   4.8897539865885165e-01	   4.4963904813629374e-01	   3.4528987910355630e-01	   5.8912532966842124e-01	   4.6297038649039557e-01	   6.4351935310788322e-01	   3.5692960928589601e-01	   6.9087310261100643e-01	   6.4599988995843849e-01	   6.6916200778220936e-01	   7.4451723041808449e-01	   5.7676123528265699e-01	   6.0140934418754266e-01	   6.6153015900901235e-01	   5.3768588988495947e-01	   4.5482117712272108e-01	   4.4851243537473728e-01	   3.6082838690932006e-01	   3.8280145845546720e-01	   4.1051242677333000e-01	   3.3046220243492547e-01	   6.0529532687895449e-01	   5.1004358633029989e-01	   4.3249387320804572e-01	   4.3718933361028844e-01	   4.6547948207410628e-01	   5.9062501022512626e-01	   4.3065279624582525e-01	   3.3854181413697582e-01	   6.2761763393936287e-01	   5.8873022106470974e-01	   5.6093941109785073e-01	   5.0183072084982183e-01	   6.9575365895223418e-01	   7.2350621035523521e-01	   4.5266111073445831e-01	   6.4939208120310554e-01	   6.7001147073397793e-01	   6.5585020409877248e-01	   4.1322360643193712e-01	   3.6755012726073821e-01	   5.9629741627671851e-01	   6.1124936802819274e-01	   6.1373824539701882e-01	   4.2787398313210934e-01	   1.3274068513378684e-01	  -1.0902627575544199e-01	   2.7549968710674455e-01	   9.6338988213901799e-02	   5.2486952427776434e-01	   5.6462431367660193e-01	   6.2188383674712466e-01	   5.8714025658133007e-01	   3.6205919535195287e-02	   7.0890591187969615e-02	   2.3102968139391511e-01	   1.1724192470414629e-01	   5.3973313222857311e-01	   3.1594308993837295e-01	   1.1917754474092689e-01	   1.1596917918226358e-01	   8.9592092775566345e-02	   1.9598007415879892e-01	   4.4294241563092562e-01	   5.3919410803962120e-01	   4.0706709871683977e-01	   2.7114314607849527e-01	   5.3830133747112507e-01	   6.8913587344101621e-02	
   5.0780283761385048e-01	   3.2229986687370038e-01	   0.0000000000000000e+00	   7.9894269532949358e-01	  -1.5902397670298343e-02	   1.0728787165359889e-01	   8.1418355792812713e-01	   6.0147782132881422e-01	  -2.1939985486667785e-01	  -1.0453644186024839e-02	   5.9756807765745157e-01	   4.2620273847393342e-01	   5.0487380102939261e-01	   3.8457108860167577e-01	   3.9323466637827958e-01	   2.9094068169715037e-01	   6.4424234871053226e-02	  -3.9825915078731964e-03	   2.0848575184586093e-01	   1.5419253829559881e-01	   2.1464889646983312e-01	   1.8911669166003015e-01	   8.4167103362615614e-01	   7.2474923128305480e-01	   5.1116520127954745e-01	   5.7422978254322676e-01	   3.6243530751274788e-01	   4.5174735139404376e-01	  -2.6892753707328465e-02	  -5.4879380915478997e-02	   5.2075589045986925e-01	   5.3341099958673988e-01	   4.7336562661853160e-01	   4.0152759388239623e-01	   6.0269708027555624e-01	   5.1222342739449389e-01	   3.8369738757539729e-01	   3.0677602406888071e-01	   4.7862550386274383e-01	   3.9793621268316326e-01	   4.2174937266049539e-01	   1.9224786778639391e-01	   1.7771765488130259e-01	   7.9134535316527227e-02	   3.9182728029264030e-01	   1.1575486172484406e-01	   1.6875283217522682e-01	   1.9747679406593202e-01	   1.5340144654012208e-01	   1.4880807431026555e-01	   4.4344248708188699e-01	   2.3250687223330363e-01	   2.7481892117002282e-01	   9.8730055239801343e-02	   4.6919554522838647e-01	   3.6018704959222320e-01	   2.4647689105676673e-01	   6.8563590003618891e-02	   2.7885975509500771e-01	   1.5819118035088742e-01	   4.2424014216252082e-01	   1.4040268922217872e-01	   2.2149745713633574e-03	  -2.0806009087437857e-01	   7.4539437634721961e-01	   6.3560923855131735e-01	   5.4639643545639627e-01	   3.7105844252183651e-01	   1.9098540505919931e-01	   1.0963341182442568e-01	   4.9619527993475260e-01	   5.9680268916466450e-01	   3.1775282855163961e-01	   2.8510168970411165e-01	   4.0766963233819764e-01	   2.5116260588816575e-01	   5.1684320711748577e-01	   3.4503195076253468e-01	   1.2600048112944026e-01	   9.2884536678477736e-02	   1.3346787589261377e-01	   1.8767543042468571e-01	   2.4814819473243935e-01	   3.0634065294791668e-01	   6.3628602857925110e-01	   5.2690045913759920e-01	   2.2698842467168967e-01	   4.4501086124568390e-01	   4.8523468898266681e-01	   4.6257280221047359e-01	   2.7435606190694523e-01	   4.3194066784799923e-01	   3.5506705379783798e-01	   3.9332848683342864e-01	   1.2464747419470887e-01	   1.6599860117717202e-01	   2.2750280742161100e-01	   3.0106547459220706e-01	   1.9480530888114525e-01	   2.8411070665538740e-01	  -3.1483992057026861e-01	  -5.9728969763035301e-02	  -6.9471566521740261e-02	  -1.0333977683899506e-01	   3.3319774230297811e-01	   4.1401992686020439e-01	  -2.7556947029075646e-01	  -1.3935818044667668e-02	  -8.8894181348817353e-02	   1.8322488752000005e-01	   4.2678183144397996e-01	   4.3776201415162530e-01	   3.9314687999105541e-01	   2.2111507126278951e-01	   3.7995133981772844e-01	   1.2242130961600248e-01	
   5.2422215234902581e-01	   4.4841802254618190e-01	   7.9894269532949358e-01	   0.0000000000000000e+00	  -1.5459543581693394e-01	   1.2371202300319363e-01	   6.9253237983430393e-01	   7.3719773746901573e-01	  -2.4524983376094406e-01	   3.2898665001155507e-02	   5.5599610877945027e-01	   5.5806218892392401e-01	   4.5436995878050768e-01	   4.0734137078610511e-01	   4.4005810746707330e-01	   5.3851515763775415e-01	   9.4600978171172190e-02	   1.1028857698316435e-01	   3.8108647074644653e-01	   3.2642075195662845e-01	   4.3429352884801353e-01	   3.9635069450668647e-01	   8.0830828580968317e-01	   8.0556006730718299e-01	   4.7306486659219205e-01	   6.6085303527505390e-01	   3.9397809380354332e-01	   4.1328680114136918e-01	  -3.2972598568817645e-02	   9.7112451501385727e-02	   6.6371910574439930e-01	   7.1095802196387381e-01	   6.5236304782322907e-01	   6.4512980231475081e-01	   7.2503820241576888e-01	   6.8348677864666008e-01	   3.6021666875784081e-01	   4.1394919454792900e-01	   5.6619700720694799e-01	   5.3921061814260440e-01	   4.2633430374637771e-01	   2.8418395728705648e-01	   2.5276060718976634e-01	   1.5189170087662479e-01	   4.5321780586044991e-01	   1.8978996864733960e-01	   2.9514765476655863e-01	   2.9908142527773296e-01	   1.5092101175682607e-01	   1.5933898770840696e-01	   5.5553149737833585e-01	   2.7761912017312479e-01	   3.2943454080360635e-01	   1.5573584672172852e-01	   6.6519012780545628e-01	   4.8217947497128466e-01	   2.3732382796392215e-01	   1.5837995352650491e-01	   2.2344793888017997e-01	   2.6437047710250139e-01	   4.3769655015777359e-01	   3.2871038939635450e-01	   5.7084472814508166e-02	  -1.5738694355983386e-02	   6.8510681504039672e-01	   8.3139287500809111e-01	   6.5123916493486611e-01	   5.6094353028338551e-01	   2.4880149162066190e-01	   1.9257876155203954e-01	   6.1877126180453457e-01	   7.3268175664942092e-01	   4.4518816885720702e-01	   4.3305412134600191e-01	   4.9529225860215342e-01	   3.2931125643936776e-01	   5.5982969908774438e-01	   4.0599714687038690e-01	   1.5983319237652782e-01	   1.7591766376720350e-01	   2.4330890444924133e-01	   3.5386054358321806e-01	   3.3927930526307470e-01	   4.8443134496599960e-01	   6.5525373268607867e-01	   7.4879140761654517e-01	   3.5780422588324701e-01	   4.9947198443093510e-01	   4.7493403871754797e-01	   5.6091872955896582e-01	   4.0763678990041041e-01	   4.5810643570043003e-01	   4.0105792379826677e-01	   2.3705448513576027e-01	   1.1845858959224678e-01	   1.3659419920426646e-01	   4.3470490380946847e-01	   4.4304333791780626e-01	   3.5987969542398168e-01	   4.1543038422152540e-01	  -3.0086114617935955e-01	  -1.8086658536709410e-01	  -2.7359703517131233e-02	  -7.6255772461244514e-02	   5.1703478160150285e-01	   4.7728704600329841e-01	  -1.9516781529542238e-01	  -1.6562392066546579e-02	  -9.8419164475776061e-02	   1.1871598499483497e-01	   6.6070893829457467e-01	   5.7339790525906553e-01	   3.7404397486513863e-01	   2.3621292167528760e-01	   5.7353364392381012e-01	   7.0232725275144833e-02	
  -1.8018719919467507e-01	   1.7199857849196830e-02	  -1.5902397670298343e-02	  -1.5459543581693394e-01	   0.0000000000000000e+00	   4.4672754619763066e-01	   2.3783858735858576e-01	   2.7581612756823159e-01	   6.7635758176182881e-01	   6.0561446964422816e-01	   2.6006044593855141e-02	   1.4886689431113770e-01	   4.2249874765667894e-01	   4.4699428375999239e-01	  -1.5662562224056342e-01	  -6.8160160502140202e-02	   1.0913304113576305e-01	   2.7420972351251467e-02	  -3.0943933705396220e-01	  -2.8337893651004653e-01	  -2.4224891828100148e-01	  -1.6349163101265801e-01	  -1.9249084975642736e-01	  -2.9909531999046357e-01	   2.8018354995220079e-01	   2.5238348178330872e-03	  -1.3085590431795491e-01	  -4.8771633494688112e-02	   1.5225702706359634e-01	   9.2419924499875664e-04	  -3.2955115982979499e-01	  -4.6457921520446027e-01	  -2.1863402195245563e-01	  -3.0708792136385310e-01	  -3.0691258446501168e-01	  -3.8811748391738654e-01	  -1.4771648525300196e-01	  -1.8791132282762538e-01	  -2.2538873550487781e-01	  -8.3905691548506967e-02	  -1.3519619134401006e-01	  -6.0358104175251281e-02	   2.8577152358736296e-01	   3.4246692165538306e-01	   1.3735855206186831e-01	   2.2749733759020110e-01	   2.2547947865410695e-01	   2.2307709640117679e-01	   3.6573568705108250e-01	   2.9119638042356588e-01	   2.7896788910399861e-01	   2.6915126666334155e-01	   3.2366013888751355e-01	   3.5784920965446887e-01	   7.6870457694823674e-02	   1.6889581388947816e-01	  -4.4968432979453694e-02	  -9.2886588247471508e-02	   1.9362270632783687e-01	   1.9619375671948186e-01	   1.0730095145208127e-01	   1.4582228788725909e-01	   1.5289308593048576e-01	   3.1363313452118138e-02	  -1.9209716906352550e-01	  -1.4110099990686892e-01	  -2.3932839912188825e-01	  -2.1445754432420944e-01	  -1.7300362838025268e-01	  -1.4698297909446914e-01	  -2.5828990404008080e-02	  -1.4522441190046387e-01	  -2.2152441480947204e-02	   1.6623906155573703e-01	  -8.2349469834660030e-02	   2.2835831003338197e-01	  -7.9790351790983149e-02	   1.5989998234186332e-02	  -2.4828328332680859e-02	  -6.1710728554840791e-02	   7.4949934772209459e-02	   1.7275120094030977e-01	  -4.2950477334029659e-02	   5.2703241722965338e-02	  -3.4659271187305579e-01	  -7.0504609229459461e-02	  -4.5643866864343643e-02	  -1.2041542447983543e-01	   1.0446776042424251e-01	   6.0918006779760142e-02	   1.9558744715137680e-01	   5.3883645025045113e-02	   2.0957445850983230e-02	  -1.7105712540518100e-01	   1.1231015731404086e-01	  -7.0017075754950323e-02	  -1.3206005144598146e-01	  -1.4341350811046474e-01	   6.8709977743339118e-02	  -3.9375135090425305e-03	  -1.5590249899990249e-02	   5.1539472003876458e-02	   1.1779929115625978e-01	   8.1141938576976783e-02	   1.0223252387412884e-01	  -1.3155790512452742e-01	  -1.9696956919832428e-01	  -1.7255025540709801e-01	   8.2320487719268864e-02	   1.7244201384272079e-01	  -2.0458121828518222e-01	   6.1701130405486431e-03	   1.0262568989253606e-01	  -3.7367251226835585e-01	  -1.9402408219836251e-01	   8.0681022245811820e-02	
  -1.6837854199533814e-01	  -1.1481176163752269e-01	   1.0728787165359889e-01	   1.2371202300319363e-01	   4.4672754619763066e-01	   0.0000000000000000e+00	   4.6678837351251126e-02	   1.8292900811179053e-01	   2.0659200655382071e-01	   4.5705343978494584e-01	  -3.2601671517834635e-02	   7.4100770465868812e-02	   1.5574556094735451e-01	   2.4232493965420573e-01	  -5.4464822874434035e-02	   1.2824519180508592e-01	  -1.1493847986408542e-01	  -2.2310588821754712e-01	  -2.6564031774150920e-01	  -2.7923313567691510e-01	  -2.9832590615319121e-02	   3.3551007370107377e-01	  -8.0769161136717040e-03	  -3.4070170668283245e-02	   3.6898898190408547e-01	   2.1860915754781379e-01	   1.4195623227317866e-01	   5.0919889450533884e-01	  -6.5554335201631425e-02	  -6.4815926732478837e-02	  -1.6620628371771090e-01	  -1.9616635345325384e-01	  -1.7963359968524650e-01	  -1.3383344978274614e-01	   5.5730037370166116e-02	  -8.4339599064900989e-02	  -2.2285539807341492e-01	  -2.2444036417958926e-01	   9.2131348562081144e-03	   2.4017509134664469e-01	  -2.1034132148787063e-01	  -1.5344327353964335e-01	   2.0282908951802234e-01	   3.4022017955799011e-01	   1.4881311654600224e-01	   2.6138939023021568e-01	   1.5235001098992054e-01	   2.3661428558099651e-01	   2.6830621945422767e-01	   2.5087000051092356e-01	   3.5328829860421601e-01	   2.0473513414814457e-01	   6.5425976474847811e-02	   3.4677029174887170e-01	   1.5456254354877094e-01	   1.7599018950525055e-01	  -1.4997532301001304e-01	  -3.0885361602721595e-01	  -6.7587435878122076e-02	   1.2963350509341658e-02	   4.0146799233776675e-02	  -1.3299617208539002e-02	  -8.0178145368567655e-02	  -2.3261724601856526e-01	   2.2335298539040069e-02	  -5.4194181188925118e-03	  -9.5306979961978219e-02	  -6.7711350101156531e-02	  -1.3453937424714496e-01	  -2.3274876453672999e-01	   1.8898770016804817e-01	  -8.3068453095109102e-03	  -1.7494242631324635e-02	  -3.7368412229384827e-02	  -2.8697766996501554e-04	   9.8982822613126589e-02	  -4.6580532245915816e-02	  -1.6680894768529225e-01	   2.3669687744856231e-02	  -2.5014543780590348e-01	   2.4324509139402803e-02	  -7.7476286723877935e-02	  -7.0156868745751416e-02	   2.5455751007237787e-01	  -1.5546192917992840e-01	  -3.4670641649774500e-02	   1.9622451556713680e-01	   2.8315873258816682e-01	   1.4247281940019302e-01	  -2.9892791629262581e-02	  -6.7623564214954926e-02	  -8.7571314471289019e-02	  -4.6904227331524776e-03	   7.2189762580853023e-02	   9.1098916396006424e-02	   1.1222640830471586e-01	  -1.0938019476750574e-01	  -1.5396380126654918e-01	  -1.1538167941417754e-01	  -1.0252866633745511e-01	  -8.0703922282093166e-02	  -3.4846727434851107e-02	   6.1792362348662859e-02	  -1.5232882258408190e-01	   1.6812960801077352e-03	  -1.7234931211329485e-01	  -1.0274074549130938e-01	  -3.9767031812650899e-01	  -1.5933066546169859e-02	   2.8026914938128150e-01	   7.9264216749383831e-02	  -1.2522120017766841e-02	   8.3346624636015471e-02	   8.6787684800345606e-03	   8.7372449267236321e-02	  -6.5518201491909685e-03	
   4.5170162827988392e-01	   4.2966129601986258e-01	   8.1418355792812713e-01	   6.9253237983430393e-01	   2.3783858735858576e-01	   4.6678837351251126e-02	   0.0000000000000000e+00	   8.0628971111875880e-01	  -7.4681396975324211e-03	   1.5560934981873420e-01	   6.4252807063957817e-01	   5.3697032204585393e-01	   7.0761286610349849e-01	   5.0966433931190569e-01	   4.3403337724408997e-01	   4.4269002058261514e-01	   2.1432491490031391e-01	   1.1283336468012486e-01	   4.0816671596149806e-01	   3.1757789788378066e-01	   6.0843806177955477e-02	   5.7600097786578208e-02	   7.6565228318760870e-01	   6.2571407403964940e-01	   4.2086733360872486e-01	   4.3311786949377368e-01	   5.0302047843534682e-02	   2.0557732500877271e-01	   2.1751978574317257e-01	   1.6140732530386681e-01	   5.1586007749722862e-01	   4.1385355792636491e-01	   6.0157863405779555e-01	   4.7843334093287648e-01	   3.4508683995296952e-01	   2.7320977007696823e-01	   1.4964764060412716e-01	   1.0208163130211040e-01	   2.0422819978525270e-01	   2.2560026264081443e-01	   2.3996365218556692e-01	   7.8723133998809827e-02	   2.8462860878572704e-01	   1.6919763519761893e-01	   4.0594718434874788e-01	   1.8348978556490558e-01	   2.8325113481943032e-01	   2.6888926584731698e-01	   2.3978476844347851e-01	   1.8236505748179610e-01	   4.6938215911678743e-01	   2.7235261324934579e-01	   3.9297672565014602e-01	   1.5124833910985858e-01	   4.9040961382265519e-01	   3.9004660335862251e-01	   2.2555202552295200e-01	   1.4965929190114352e-01	   4.9187857358142939e-01	   3.1602888469363788e-01	   5.6915562887190485e-01	   4.1648973236708509e-01	   3.2754316322389898e-01	   1.4688886531542147e-01	   5.7546562391450118e-01	   6.2297804996141604e-01	   5.7389260430557232e-01	   4.0463329669946924e-01	   2.2469437060327521e-01	   1.8332128431169181e-01	   5.2121661943009290e-01	   5.9370567222411674e-01	   4.0833832902074901e-01	   4.0412372136424368e-01	   4.2690178926786593e-01	   3.7746236195604244e-01	   4.8677599533397869e-01	   4.3655656926254210e-01	   1.2876757985704054e-01	   1.3873985868396377e-01	   2.4046714446786727e-01	   3.8524832672520420e-01	   2.6345375210736482e-01	   3.2183544905654937e-01	   4.7068300258939355e-01	   5.8876520082495831e-01	   8.3970668931519304e-02	   1.9237397315049881e-01	   4.4244207361760035e-01	   4.4952698682036019e-01	   4.2119957149941967e-01	   4.8925834305919880e-01	   2.5712866615274027e-01	   2.1021805257509449e-01	   1.3502429065418059e-01	   4.0407112454496734e-02	   2.3278908256435332e-01	   2.5166692296752285e-01	   3.5039628160186265e-01	   4.1461939024721967e-01	  -2.5575728160948685e-01	  -8.1218813327559852e-03	   6.6690111820378123e-02	   5.2684230011319194e-02	   3.8265606818391279e-01	   3.5655375650295951e-01	  -4.0046973396444679e-01	  -9.2258182104608122e-02	  -8.2859763590962462e-03	   1.4216451150497417e-01	   3.5779457724620911e-01	   5.1709088092068523e-01	   4.1939543560437353e-01	   1.2688113557520692e-01	   3.8242406823863551e-01	   1.2245939210113396e-02	
   4.2572833832638857e-01	   5.2966067486240154e-01	   6.0147782132881422e-01	   7.3719773746901573e-01	   2.7581612756823159e-01	   1.8292900811179053e-01	   8.0628971111875880e-01	   0.0000000000000000e+00	   9.4871387447909294e-02	   3.5841879859826531e-01	   5.8311571457157707e-01	   7.4942641577245350e-01	   7.3833759420950595e-01	   7.4359477258368967e-01	   4.2671676850775730e-01	   5.5624885641149113e-01	   2.6670605847564094e-01	   1.4965964525117870e-01	   3.7934369100115745e-01	   2.9512604192134773e-01	   5.8911935745435726e-02	   1.4407558207710180e-01	   6.1954776184788507e-01	   4.7013278161719296e-01	   3.9802011768246770e-01	   4.4182468927704133e-01	  -3.2790139642141100e-02	   1.1868663170748078e-01	   2.8512343082909053e-01	   3.5065045270961259e-01	   5.9459222352812202e-01	   5.0186566021377288e-01	   6.2627794815149918e-01	   6.0484086277948723e-01	   3.1852587249771397e-01	   2.8192632935153805e-01	   1.1307432893094278e-01	   7.0127525037487815e-02	   2.6428004408487721e-01	   3.2480598079546807e-01	   2.1007165466551489e-01	   1.4347787195599709e-01	   4.6330467612911841e-01	   4.0042958689361485e-01	   5.7015579025351482e-01	   4.4383339121419119e-01	   5.1036561587103446e-01	   4.9883170089696793e-01	   4.1106319205796421e-01	   3.9114839114784916e-01	   6.6132443177845945e-01	   4.6051548426670663e-01	   5.7035843028040545e-01	   3.7373804031487562e-01	   6.8538272249968124e-01	   5.9175729551599754e-01	   1.8485512082156122e-01	   1.7942558490885960e-01	   4.7855171207482705e-01	   4.8004646075830659e-01	   5.9454434923893906e-01	   6.5026050959196380e-01	   3.4961927081043442e-01	   2.9915392197763535e-01	   4.4284247246371994e-01	   5.8071331678672578e-01	   5.1471936921500294e-01	   4.8404152860899119e-01	   1.5313275471182952e-01	   1.1245841028356926e-01	   5.4905351157246740e-01	   6.1723722328419262e-01	   3.7497142147511042e-01	   4.9003999061153897e-01	   3.8372826000008309e-01	   4.1747908256856003e-01	   4.3262295400682482e-01	   4.7445133379481436e-01	   2.3667401174560776e-01	   2.5922728273165430e-01	   4.0383823367752680e-01	   5.3755962137962288e-01	   3.1333505195868111e-01	   4.9719839553631651e-01	   4.2973986313680712e-01	   6.3132153901440502e-01	   1.5780675712911890e-01	   2.2900295012281482e-01	   4.2140469435890732e-01	   5.0083380770005315e-01	   5.6771143492309029e-01	   4.5578215766094243e-01	   2.1897304653502009e-01	   7.1304708607265468e-02	   1.8780821197667819e-01	   1.0942697143237554e-01	   4.8890618062749847e-01	   4.4744324298202054e-01	   5.7156177443865697e-01	   5.3094573695570146e-01	  -1.7173829600058155e-01	  -1.9278984817939943e-01	   1.6500418847339604e-01	  -9.6442121924800756e-02	   5.1986941217746840e-01	   3.4545912700373449e-01	  -3.5136528512321186e-01	  -9.6874455694610909e-02	  -2.9970396677798397e-02	   2.5588405876997855e-01	   5.3104989245342615e-01	   6.5233290147855616e-01	   3.8931853863260546e-01	   1.0102639802203164e-01	   5.6859111447355837e-01	   2.4179747950179548e-02	
  -1.7323338627027890e-01	  -6.6469822829570993e-02	  -2.1939985486667785e-01	  -2.4524983376094406e-01	   6.7635758176182881e-01	   2.0659200655382071e-01	  -7.4681396975324211e-03	   9.4871387447909294e-02	   0.0000000000000000e+00	   5.8705266758920971e-01	  -1.5799441644412088e-01	  -1.3234678959336697e-02	   1.3633034782270642e-01	   2.1158493548295387e-01	  -3.7701991469272056e-02	   8.4111402154177131e-02	  -9.6689400999750971e-02	  -7.9127406611785439e-02	  -2.3318062759905978e-01	  -1.9821815695860892e-01	  -2.1418855102039408e-01	  -1.9451608327286923e-01	  -3.0913896712025590e-01	  -2.6650009811151321e-01	  -1.1918562862133966e-03	  -1.2502107544564642e-01	  -2.3949135850788147e-01	  -3.7165601712398150e-01	   1.0675633134090826e-01	  -6.5294514204470661e-02	  -3.9401786954566920e-01	  -4.4338657381019808e-01	  -1.8472755479634539e-01	  -2.4462803518630055e-01	  -3.3430250258428251e-01	  -3.4747946844048772e-01	  -4.6324048333818243e-02	  -6.2930865943545189e-02	  -1.8622152208951476e-01	  -8.0907416963961379e-02	  -1.0789127793754771e-01	  -5.6286875504517969e-02	   1.9299843447434373e-01	   3.0602841823371402e-01	   1.7250359270137414e-01	   3.3816909746420015e-01	   2.0639825798852882e-01	   2.3775211680102776e-01	   2.9887570939141428e-01	   3.1878158007831459e-01	   1.5618632726374093e-01	   2.6788089584835445e-01	   1.7190324375384747e-01	   2.5386361749789166e-01	  -6.0751327628604176e-03	   1.1382388731744708e-01	  -3.4159738628449912e-02	  -4.2529677751792935e-02	   1.3356949794818682e-01	   1.8974638341111918e-01	  -2.0108093392032643e-02	   1.2401942842463753e-01	   1.5253218781231220e-01	   1.6269867146779490e-01	  -3.4929450441646598e-01	  -2.1968338820127736e-01	  -1.7501061514889243e-01	  -5.2996875607315821e-02	  -1.5258168979900656e-02	   3.8176733109576103e-02	  -2.5628624131098821e-01	  -2.9251217952615277e-01	  -5.6584741064966707e-02	   1.8319519973584338e-02	  -2.7438939070168400e-01	   2.7013524627357521e-02	  -7.3893844261801442e-02	   3.3534680788092644e-02	  -3.3626686997857930e-01	  -1.5778259567118427e-01	  -8.9687104176582377e-02	   8.7936252849728183e-02	  -6.9719462551374775e-02	  -3.7510688970042547e-02	  -3.6047981407936269e-01	  -2.3279217814409232e-02	   3.9687473290010856e-02	  -8.1733350190309001e-02	  -8.3656787808245925e-02	  -6.5543904146929788e-02	   1.3875188266411259e-01	  -6.9324231457132068e-02	  -1.0465412599254942e-01	  -2.4114953167447384e-01	  -5.9986264070839075e-02	  -5.3684291163264973e-02	  -1.3223775474122548e-01	  -9.3092249557085102e-03	   5.5622631091461885e-02	  -4.8618216991273909e-02	   2.2628789490980036e-03	   3.4401064773977037e-02	   2.5695168256463957e-01	   6.3486412013460961e-02	   9.2709512333253224e-02	  -1.0014276849517625e-01	  -1.1516163670113222e-01	  -1.8686553470747708e-01	   1.2233520896144756e-01	  -3.7312924963204597e-02	  -2.5438404527200065e-01	  -9.2880225178104542e-02	  -4.0664303052484946e-02	  -2.0700094423729903e-01	  -9.0736116165571298e-02	  -9.1506998288502645e-02	
  -1.2642076251400575e-01	  -2.1286449722048462e-02	  -1.0453644186024839e-02	   3.2898665001155507e-02	   6.0561446964422816e-01	   4.5705343978494584e-01	   1.5560934981873420e-01	   3.5841879859826531e-01	   5.8705266758920971e-01	   0.0000000000000000e+00	  -1.1186077240205509e-01	   1.4686454976886482e-01	   2.6456638486789541e-01	   3.8935883610695943e-01	  -1.7612886530282694e-02	   2.0578066624673028e-01	   6.8121881188455626e-04	  -8.9586409260090677e-02	  -1.0795517582563929e-01	  -4.1602196781445319e-02	  -2.0576708629591911e-01	  -1.8525802040894374e-01	  -1.5526470066068981e-01	  -1.4866910005827078e-01	   2.9731220955862298e-01	   2.2558928766371295e-01	  -2.4158663742762232e-01	  -1.8088229288707242e-01	   5.1486684312634964e-02	   8.0716826099898713e-03	  -1.5619498051616515e-01	  -2.2767226074824526e-01	  -6.8404645642195241e-02	   1.7435219463794730e-02	  -1.8996999660290917e-01	  -2.2641786629497601e-01	  -2.0401786625785476e-01	  -3.2415918121535059e-01	  -1.7128806834104557e-01	  -9.5956543261407401e-02	  -1.6782993956367787e-01	  -2.1318998065235312e-01	   4.5391941582497880e-01	   5.7251468927833737e-01	   4.0528964810417112e-01	   5.4336136698763771e-01	   4.4362691094743956e-01	   4.8210874433871054e-01	   4.3993289130261898e-01	   5.0567583162512619e-01	   3.8161751599602090e-01	   4.4400697610473971e-01	   3.1011532883329790e-01	   5.3780216954840432e-01	   1.8388526262388846e-01	   3.5553796531520843e-01	  -1.6582143043774594e-01	  -2.7255573532713639e-01	   6.0341144455485954e-02	   2.3912492574586119e-01	  -4.1422928218737953e-03	   1.7510581556238611e-01	  -1.4367128493181398e-02	   3.6743264515117863e-02	  -1.6897208279949943e-01	  -5.2674851127299652e-02	  -9.5019114585228742e-02	   4.3773894057836230e-02	  -1.0379368367275793e-01	  -1.5581828320521021e-01	  -9.9349999720681453e-02	  -1.5273795504719781e-01	  -1.1651132221313827e-01	  -1.5138328841299568e-02	  -1.3570888270870968e-01	  -4.0178642183880578e-02	  -7.9938401116314867e-02	  -1.9629552985891398e-02	  -1.9852653031329337e-01	  -1.3591216301445264e-01	  -2.0594438123658201e-02	   1.1479355718153478e-01	  -9.8832664557646804e-02	   1.0535648952217858e-01	  -2.3352607192964511e-01	   8.1292238148440527e-02	   4.2830017136471499e-02	   9.2944435806489756e-02	  -1.3719834776154677e-01	   1.4811643239263789e-02	   2.7238467693758861e-01	   7.8094109631398595e-02	   4.4612706247561348e-02	   8.2187020164629296e-03	  -6.1443441046406463e-02	  -3.6845170551150476e-02	  -1.3176651502326744e-02	   6.4993102245678891e-02	   2.2691977822252785e-01	   1.5181860269261332e-01	  -1.4513751461480923e-01	   8.3020589851167156e-02	   3.8830936536244226e-02	  -4.1772304508461380e-02	   1.4551478720511207e-01	  -1.8224454690175470e-02	  -2.4837790829291378e-01	  -2.6646459912301296e-01	   4.9313380350166969e-02	   8.1767052995224604e-02	   1.1005354536921469e-01	   2.5477194364003442e-01	   2.5394596541278647e-01	  -1.4384437546397838e-01	   8.9764814462640397e-02	  -2.4368748084694126e-02	
   6.8453632769199602e-01	   6.3619383345049463e-01	   5.9756807765745157e-01	   5.5599610877945027e-01	   2.6006044593855141e-02	  -3.2601671517834635e-02	   6.4252807063957817e-01	   5.8311571457157707e-01	  -1.5799441644412088e-01	  -1.1186077240205509e-01	   0.0000000000000000e+00	   7.4853335327505521e-01	   8.0139762134868819e-01	   6.0682550654303846e-01	   5.7834170424805176e-01	   3.2414547811907318e-01	   2.8355637694668268e-01	   1.4909727563183797e-01	   3.3935069671549978e-01	   2.6466380045640692e-01	   9.5073294167703687e-02	   1.2775734675240691e-01	   6.6678003412360898e-01	   4.5826881984966883e-01	   1.3977636429108739e-01	   2.7855774309316966e-01	   2.9131989966881500e-01	   2.8035027138640051e-01	   3.6702804927228461e-01	   3.4934683451095755e-01	   4.9248164279830070e-01	   4.6109775584024537e-01	   6.4694169930681644e-01	   5.2295471963150764e-01	   2.7343610782884609e-01	   2.1966986771819846e-01	   3.0503910963910397e-01	   2.8257719407994814e-01	   3.4954977899088985e-01	   3.6032547628323597e-01	   5.0690323252259906e-01	   4.1986048818975408e-01	   2.7981046209070221e-01	   2.1471816826299467e-01	   4.0056335666016274e-01	   2.2333336926723252e-01	   3.1884962376317905e-01	   3.2203699861341956e-01	   3.4603632644288329e-01	   2.8949504481030713e-01	   5.2193328793355520e-01	   3.8405131815833948e-01	   5.5208259888948563e-01	   1.7917107655254691e-01	   6.1076581557449372e-01	   5.2167008407747506e-01	   3.7447735489689338e-01	   3.9021571918382886e-01	   6.4500782193238959e-01	   5.4523815112667529e-01	   8.1751240202830244e-01	   5.1376832235889758e-01	   3.2895399805793807e-01	   1.4264966683944441e-01	   5.8724768876874789e-01	   5.0298148681498023e-01	   4.3995904546167908e-01	   3.0785725825563937e-01	   4.2910096628460492e-01	   3.2568611925709545e-01	   5.5952532641845942e-01	   5.6061564216214599e-01	   4.4526052825030460e-01	   4.4452118179763112e-01	   4.5161806803944021e-01	   3.1819043792273455e-01	   6.7441000941982798e-01	   5.5580498343571216e-01	   3.5216050810068383e-01	   2.5985854836027678e-01	   4.2313377218388293e-01	   4.0563598929919442e-01	   3.4475580068659523e-01	   4.9872159474836358e-01	   6.5584855585547319e-01	   5.3375235949098609e-01	   2.8711884542904881e-01	   3.2656333706732260e-01	   7.1899565256031950e-01	   6.6939290515584360e-01	   4.0913953737530828e-01	   4.7243187724372593e-01	   1.8902923853636128e-01	   2.2292546673015243e-01	   1.5084904338228194e-01	   3.9053548773245045e-02	   2.7527737782637168e-01	   3.7015287244311401e-01	   3.9497839345192015e-01	   4.6611061319668351e-01	   3.8251949416067774e-03	   6.3266647918714086e-02	   2.2325652605414753e-01	   2.7108294464661238e-02	   3.9861969891740612e-01	   3.7313918994367834e-01	   6.0635659111326914e-02	   8.7635745900862913e-02	  -1.2283781240791394e-01	   1.0156691772571287e-01	   3.6746278297453649e-01	   4.9834377249038742e-01	   3.4418344052402011e-01	   5.0340156628972364e-02	   3.4176590828287212e-01	   3.9081807786644981e-02	
   6.3311296582818266e-01	   7.7384837638274795e-01	   4.2620273847393342e-01	   5.5806218892392401e-01	   1.4886689431113770e-01	   7.4100770465868812e-02	   5.3697032204585393e-01	   7.4942641577245350e-01	  -1.3234678959336697e-02	   1.4686454976886482e-01	   7.4853335327505521e-01	   0.0000000000000000e+00	   7.5559265588928826e-01	   8.1010104466865462e-01	   5.5874179983218419e-01	   4.6973428391194583e-01	   3.2166741640272239e-01	   1.8812866934084993e-01	   2.9540493857854733e-01	   2.4361314460153810e-01	   2.2920555351979094e-02	   1.2498616243377823e-01	   5.1054771962738554e-01	   3.3785931545502856e-01	   1.5102365774566678e-01	   2.9829349300137931e-01	   1.4539925347322233e-01	   1.7177995683400663e-01	   3.4736517309783976e-01	   4.5353189401231142e-01	   4.7624811829100300e-01	   4.5674309628398946e-01	   5.1806026992081566e-01	   5.1231007230182857e-01	   2.6830545204337880e-01	   2.4150892637576901e-01	   1.7905237894754616e-01	   2.3753339998659687e-01	   3.0347144844380392e-01	   4.2431990053519902e-01	   3.1575235529275980e-01	   3.7253723256170018e-01	   4.7526695131774721e-01	   4.0593833571316479e-01	   5.9597992700203017e-01	   4.6012626915086507e-01	   5.6664992401270697e-01	   5.0262928980538257e-01	   5.7716973052692178e-01	   4.9443448222626829e-01	   7.0910197870941749e-01	   5.6271955917124383e-01	   6.8689509298010698e-01	   4.0818550929750774e-01	   7.1879585302794968e-01	   6.9791497834323135e-01	   3.6911307118292924e-01	   3.8170531095624916e-01	   6.0873390214148804e-01	   6.9691047073795787e-01	   7.1039784792456317e-01	   6.1411693300099468e-01	   3.0489015133151876e-01	   2.9007180924857512e-01	   4.4037984926273133e-01	   4.5369920768122862e-01	   3.9084971544456848e-01	   3.7084251224155307e-01	   2.7822399015890215e-01	   2.2581581471690410e-01	   4.4744280041204332e-01	   5.2409908556855722e-01	   3.5613132445321949e-01	   5.6835216674982181e-01	   3.8409232901927731e-01	   3.7184000116842997e-01	   5.1949625028905233e-01	   5.2729248538575579e-01	   3.0751302712013939e-01	   2.7476501496772776e-01	   4.4951031322692570e-01	   4.9388480734101436e-01	   4.1634353216094033e-01	   6.4210386561583932e-01	   5.8218154626605512e-01	   6.5184653846323637e-01	   3.2145952931455457e-01	   3.4111901412508794e-01	   5.5178787272228047e-01	   6.7113751855506132e-01	   5.6625426536372092e-01	   4.3065383518767453e-01	   7.7163770959233019e-02	  -1.4362170713448053e-02	   2.8373405290780296e-01	   1.5943715118089696e-01	   4.5963741984411749e-01	   5.4549004603922047e-01	   6.0128317424108157e-01	   5.3617195524394645e-01	   1.2763024552163182e-01	  -3.6463835920641785e-02	   2.6735809600064508e-01	   2.1736786352766282e-02	   5.9414163297851974e-01	   3.2773512058000476e-01	   5.9454053702757394e-02	   9.5492501806413776e-02	  -1.1883725021330492e-03	   2.8265704455171609e-01	   4.8001833658046122e-01	   5.6864301827684194e-01	   3.4918728668482402e-01	   1.2648404279637673e-01	   5.3230175376558853e-01	   1.1997527176144727e-01	
   4.3359155379198305e-01	   4.6596667488502352e-01	   5.0487380102939261e-01	   4.5436995878050768e-01	   4.2249874765667894e-01	   1.5574556094735451e-01	   7.0761286610349849e-01	   7.3833759420950595e-01	   1.3633034782270642e-01	   2.6456638486789541e-01	   8.0139762134868819e-01	   7.5559265588928826e-01	   0.0000000000000000e+00	   7.9963293199824381e-01	   4.7546407796435697e-01	   2.9761904426999580e-01	   2.4188882682942819e-01	   6.7480764974135216e-02	   1.2392395507969022e-01	   3.3436163003850418e-02	  -4.4374796680590023e-02	  -4.7841277360021243e-02	   4.8161955562648828e-01	   2.2671879553445198e-01	   2.1616411127046159e-01	   2.5551515719640472e-01	   1.2964146960429287e-01	   1.5621361057004762e-01	   3.9088975494005407e-01	   3.2024577044279540e-01	   3.2245136370670446e-01	   2.4274320162594720e-01	   4.0188946180335439e-01	   2.7392658276827231e-01	   5.5756608889761861e-02	  -4.2736223689712888e-02	   8.9586789934118977e-02	   4.5143285775344377e-02	   1.6782225572649245e-01	   1.7046461876618682e-01	   2.3049230655345448e-01	   2.3224358262799316e-01	   3.9042047965246096e-01	   3.6915890756008729e-01	   4.6422563584881743e-01	   3.6264284242194611e-01	   4.2474951958920476e-01	   3.6707937937112228e-01	   4.3695367414465835e-01	   3.7068284286277031e-01	   5.5306456505254764e-01	   4.2369015428123225e-01	   5.8024117891595051e-01	   3.4298498388552445e-01	   5.1828079502805213e-01	   4.9173538167518333e-01	   1.9929640898128689e-01	   1.8614578638194595e-01	   5.4507948898578085e-01	   5.1740174038764120e-01	   7.0040402576923544e-01	   5.8775505094170255e-01	   2.9119944894716654e-01	   1.2622980716986970e-01	   4.4351814410253382e-01	   3.9159107055431930e-01	   2.0330072435603508e-01	   1.3175939519839416e-01	   1.3475238399310466e-01	   8.1020360640645279e-03	   4.3588180913928243e-01	   4.3771141123971935e-01	   3.0070733350911283e-01	   3.5389827302775206e-01	   3.3208064287521566e-01	   3.6186803027835374e-01	   3.7647673212281074e-01	   3.3607390888390787e-01	   1.9242455591176888e-01	   1.7379148300213376e-01	   3.2935545284948409e-01	   3.9223037823202100e-01	   2.7007372414458231e-01	   4.0585399525133037e-01	   3.5970223764765274e-01	   4.2740797315667201e-01	   1.3300296692174779e-01	   1.7746433343753931e-01	   5.4920264597640678e-01	   5.7196322700564128e-01	   4.2100861137225631e-01	   4.2002220034481358e-01	   1.0676088763271166e-01	   1.6822392689431334e-01	   1.8715179767617707e-01	   5.0618737422900038e-02	   1.6693551209260199e-01	   2.0881318410610580e-01	   3.8403559133584386e-01	   3.8762807059462845e-01	  -5.9966190114076591e-02	  -1.0205753077043397e-02	   1.6749204644075083e-01	  -5.0628608974712767e-02	   4.5648964313785378e-01	   3.1533496611444323e-01	  -1.0183798003078608e-01	   1.8055345912349634e-02	  -1.1609738420036091e-02	   2.2643190825996690e-01	   2.9469596820208344e-01	   4.2873101037024497e-01	   2.5760430216056113e-01	  -1.5149127594427278e-01	   2.7601010305312523e-01	   1.4099690218568492e-01	
