   0.0000000000000000e+00	   8.2898873459985323e-01	   7.0929169707159190e-01	   7.3732062244742291e-01	   4.6969005883816461e-01	   1.0406005037941631e-01	   5.6911980606806178e-01	   7.2768971637038038e-01	   6.2472689161102224e-01	   3.0530820472315212e-01	   8.4851209620450452e-01	   7.0229532173110154e-01	   8.1081499044525529e-01	   6.7640571696373220e-01	   6.8564433020881677e-01	   4.7173098888947318e-01	   6.3620396228927789e-01	   5.1379877255431539e-01	   8.9689650420985867e-01	   8.5263497359502105e-01	   2.7212080251657389e-01	   1.8747098238149706e-01	   6.2894307615625022e-01	   6.0424293080074210e-01	   4.8631916922468849e-01	   3.8586735846562759e-01	   3.4207874600127425e-01	   5.9060548407532304e-02	   6.4975045837332523e-01	   4.9675037835086699e-01	   3.5698794385370392e-01	   3.8527625305860497e-01	   7.9743862941358490e-01	   7.6863787180325061e-01	   2.6339713472438386e-01	   1.7484549203482813e-01	  -2.1477818869707264e-02	   9.4460193619642085e-02	   5.0858928803140513e-01	   5.7974393665782176e-01	   2.7966571579274230e-01	   4.6758848263249797e-01	   6.0861195653654665e-01	   5.7089051586249351e-01	   6.2625655474788511e-01	   6.0548819666991527e-01	   5.7392456071288278e-01	   5.9931024543420985e-01	   6.2649089919709944e-01	   6.0029800485376739e-01	   5.6058478245495147e-01	   6.4244361415141860e-01	   5.1661155756475863e-01	   3.6949422851970765e-01	   5.9014132929787344e-01	   5.8461721300808356e-01	   8.8444162198086818e-01	   8.0028464544070621e-01	   8.2423286163053144e-01	   8.2330548816579452e-01	   7.9462905170413478e-01	   7.8510459296678192e-01	   6.1160430704078983e-01	   5.3367274662671582e-01	   5.4688231434002277e-01	   5.8946559187242675e-01	   7.4778885517427174e-01	   6.9103619909371006e-01	   7.0756642194446695e-01	   5.9525145316694039e-01	  -3.0799106259550241e-01	  -3.2266217929585833e-01	   2.7617532724110916e-01	   2.6036005920013122e-01	   2.0032189114783411e-02	   1.2826585829861392e-01	   1.2102790386648417e-01	  -9.7152834152520011e-03	   5.8469305094138935e-01	   4.0073053327012431e-01	   5.8030296093531863e-01	   5.5295479464927055e-01	   4.5807838405474244e-01	   5.6307655379781618e-01	   6.9082845146044169e-01	   6.4094594882334732e-01	   5.2795660146521461e-01	   3.7845833935231099e-01	   4.0218566047799648e-01	   5.0039984476571575e-01	   1.6749908686643514e-01	   2.6744827267951332e-01	  -2.7758505729880430e-02	  -2.3942892203104808e-02	   1.1775657583012120e-02	  -7.8146357216674553e-02	   6.7666484623728951e-01	   4.7590628013075481e-01	   5.3151494076189465e-01	   4.7404925322625058e-01	   2.5525801466012416e-01	   2.3234301849875694e-01	   2.0332383309119231e-01	  -6.9889845336582060e-02	  -3.0155367635488961e-01	  -3.2925539366319567e-01	  -2.8695430446457620e-01	   4.1750161998888047e-01	  -2.8371115249400070e-01	  -3.9545231287985830e-02	   4.2538359796088737e-01	   2.5278044714846748e-01	   2.9930952778831697e-02	   2.4917632938288670e-01	  -4.6566671153576419e-02	  -4.1596694885476415e-01	
   8.2898873459985323e-01	   0.0000000000000000e+00	   5.7347569492059680e-01	   7.5405775923684526e-01	   5.0649096550036032e-01	   2.6995975813448020e-01	   4.3160899829268484e-01	   7.2958988119670831e-01	   5.8896906749693845e-01	   3.9804709416581296e-01	   7.8713745548617187e-01	   7.4522368247238191e-01	   6.6807695249515242e-01	   6.6778085812779642e-01	   7.3417670437079019e-01	   6.0802358533856227e-01	   7.2770176738279946e-01	   6.8958162051614835e-01	   8.3322310300762203e-01	   8.7213302136353865e-01	   2.5193790241274716e-01	   3.0542493915823149e-01	   6.6053306610002283e-01	   6.5151651850008552e-01	   5.1058400245079072e-01	   4.8504657843172183e-01	   4.6417083033552164e-01	   1.9757860203455685e-01	   7.4816550672914772e-01	   7.0309875710914893e-01	   4.0229110396606949e-01	   4.9960799014773660e-01	   7.6087291808179014e-01	   7.7294240285337901e-01	   1.7078638651823666e-01	   1.5183997528289270e-01	   1.7261781057085743e-01	   3.8934419835210859e-01	   5.3274347754793561e-01	   7.8609963172343400e-01	   4.6130657552388271e-01	   6.2025084260892382e-01	   5.5351302020763615e-01	   5.2579424677561426e-01	   5.4341794303426505e-01	   5.2255657055121785e-01	   5.1524106366144529e-01	   5.5331758293289635e-01	   5.2057120572299165e-01	   5.0541563527942779e-01	   5.3625977611416742e-01	   5.8434804924971684e-01	   5.0339290733926290e-01	   4.1959400677436143e-01	   6.2805447054399632e-01	   6.2125584180279403e-01	   8.7046920383755733e-01	   9.5099208773081145e-01	   7.0581956639824961e-01	   8.1759168265593374e-01	   6.1274577798274243e-01	   6.4963229343403928e-01	   6.1771483899529045e-01	   5.3032191693322661e-01	   4.5983462070926362e-01	   4.8503546156865263e-01	   6.2772595179716539e-01	   6.1894377294928715e-01	   6.9663160503708887e-01	   7.3625446288508378e-01	  -2.7468445851564294e-01	  -2.4935179800183510e-01	   2.8407566123683853e-01	   3.7679843203202912e-01	   1.1954728812635441e-01	   2.3691949283350097e-01	   7.6955022624565175e-02	   2.7954790979523192e-02	   6.9502448804673267e-01	   6.1559754272331946e-01	   7.6751283495931144e-01	   7.6207901711292003e-01	   6.7667083940836192e-01	   7.7797742209231258e-01	   8.0602698186699129e-01	   7.7299887356121433e-01	   6.4134069102755242e-01	   5.7729858681272150e-01	   4.8053785803035509e-01	   5.7947273050496695e-01	   1.6694187420823398e-01	   2.7641569076376293e-01	   7.0945826402005335e-02	   1.0002694250984948e-02	   6.2655423257605581e-03	  -2.4550986947971667e-02	   7.4487841695601731e-01	   4.8207031818348051e-01	   5.6538873476963281e-01	   4.4240168073293973e-01	   2.6114364947587210e-01	   1.2737711939341173e-01	   2.7354145781283790e-01	  -1.2896796505459740e-01	  -2.1796004268682084e-01	  -3.1868764515963854e-01	  -2.1451508947614761e-01	   3.5907620214965941e-01	  -3.5102109824642169e-01	  -6.2857785246424516e-03	   4.2601049031894644e-01	   3.1793770150885314e-01	   1.0669116592313457e-01	   2.0585033348427245e-01	   2.4840346873365353e-03	  -3.6292171756234615e-01	
   7.0929169707159190e-01	   5.7347569492059680e-01	   0.0000000000000000e+00	   8.1492426152863984e-01	   6.6763019278154012e-01	   2.8058704522338024e-01	   8.5815240363481249e-01	   7.6273734740650223e-01	   8.0488955424180053e-01	   4.8975909888344671e-01	   5.7978956133805215e-01	   5.5828946840494198e-01	   7.1497306080876888e-01	   5.5833017925917461e-01	   7.1246786889536895e-01	   5.6732679913928030e-01	   3.3373650964535029e-01	   3.1601143397200548e-01	   7.5876055015191146e-01	   6.6698708322605427e-01	   4.1206326683361316e-01	   3.9858665361339063e-01	   8.4591678110073198e-01	   8.1318979858925133e-01	   6.4313276445022993e-01	   5.8141475982500368e-01	   5.0671783631393086e-01	   2.6366710342877564e-01	   4.9860313623376618e-01	   3.7160749337926913e-01	   6.7825372315772392e-01	   6.8509941150376519e-01	   7.0877715763111160e-01	   6.7064128284454128e-01	   5.1677763152565781e-01	   3.1658872115861320e-01	   1.3611021828478931e-01	   1.1989877677243743e-01	   5.1678075799726164e-01	   4.8330498460206583e-01	   2.1762636760552273e-01	   4.3860175926746248e-01	   4.4098691409957763e-01	   3.9703398829073178e-01	   4.8802844464120171e-01	   4.9141308159864239e-01	   4.0648172411002526e-01	   4.8790820503596583e-01	   5.4852216546096755e-01	   5.4650565715416177e-01	   4.6858875613941819e-01	   5.4108362133533761e-01	   4.6436203318927066e-01	   3.0582070523831073e-01	   5.6985557538533216e-01	   4.7249722048848736e-01	   5.4624489703275503e-01	   4.9043869379991134e-01	   7.6253661424440722e-01	   6.5408336486664076e-01	   7.3999027239403559e-01	   6.8417419624935816e-01	   3.9851331694053271e-01	   3.5799622464216485e-01	   7.8466064071653430e-01	   7.3768495812566082e-01	   7.5740024668534744e-01	   6.7455157774586927e-01	   4.5834250438298241e-01	   4.0389631362412859e-01	   1.5787567733657915e-02	  -5.5265077896705178e-02	   3.2574353856831023e-01	   3.4681193293530954e-01	   6.1458839193497469e-02	   2.8806184229987647e-01	   1.1637388593799418e-01	   8.5201792804154325e-02	   4.0159438069847220e-01	   2.8108323956361447e-01	   3.6033353952168301e-01	   3.8773460271296972e-01	   4.6037781756899004e-01	   5.0153187998865190e-01	   5.1560366914655686e-01	   5.1802757732250060e-01	   4.4268505195386632e-01	   2.2933801726546671e-01	   5.3381674032619952e-01	   5.0736118891512760e-01	   3.3594860531899273e-01	   3.9748832891360553e-01	   1.5813603685992950e-01	   1.8828355009811951e-01	  -1.4815078776670298e-01	  -1.0550876058000644e-01	   6.2243798419122742e-01	   3.2061557710985511e-01	   5.0647738201676262e-01	   4.8323564444023182e-01	   3.0797439731486087e-01	   2.5099515421000923e-01	   3.4012859550708563e-01	   3.6015818134177931e-02	  -1.5570900317694403e-01	  -2.1418319879190451e-01	  -6.9184804420347287e-02	   3.6138681354712721e-01	  -1.5183914611957164e-01	  -5.7560947059829823e-02	   4.4158126966002231e-01	   4.8648778700204492e-01	   1.6679671855532241e-01	   3.4704817054008363e-01	   6.9942454432623660e-02	  -2.3064746013025217e-01	
   7.3732062244742291e-01	   7.5405775923684526e-01	   8.1492426152863984e-01	   0.0000000000000000e+00	   5.6374696663390955e-01	   4.4086360432275662e-01	   6.7595941261525161e-01	   9.2474938726293909e-01	   6.9729972879649638e-01	   6.2765235707981248e-01	   6.2627137142057687e-01	   7.3917152937633324e-01	   6.1890738547761137e-01	   7.1595392537750480e-01	   7.0668933592634842e-01	   7.3207979825256453e-01	   5.2046036960807662e-01	   5.1508026554480901e-01	   8.1814212847184387e-01	   7.9140273761657975e-01	   2.5697815559043169e-01	   3.2990367646479002e-01	   8.1902100885432494e-01	   8.4528644967193878e-01	   6.3960363621334115e-01	   6.1989636102761669e-01	   5.1410779120770589e-01	   2.8985673203559814e-01	   5.9340715558619384e-01	   5.3378613660764995e-01	   6.2484499414026418e-01	   7.1995739394952152e-01	   8.0252173859824283e-01	   8.3208467477330728e-01	   4.4887541462840697e-01	   4.4309489487201625e-01	   9.5463164018115859e-02	   1.9141199126257197e-01	   5.0480253209857184e-01	   6.0457193110985830e-01	   3.2724986694205527e-01	   5.6074956976186741e-01	   4.7458612214625007e-01	   4.3615550117469076e-01	   5.1703236372413508e-01	   5.1585921208297569e-01	   4.1110786502611324e-01	   5.0109833802383441e-01	   4.7837371186610589e-01	   4.8576137921776030e-01	   4.4951792241611976e-01	   5.7116867433753382e-01	   4.2366157303171226e-01	   2.6045327920012995e-01	   5.3938756280454614e-01	   4.8247577195068669e-01	   6.6446228026298682e-01	   6.6111483932463599e-01	   7.4045665054725818e-01	   7.9505618356822438e-01	   6.4410753355308081e-01	   7.7750128251781747e-01	   6.0859516516091972e-01	   5.8018876756045967e-01	   6.1738987281184143e-01	   7.1446726283117390e-01	   7.8856572855046880e-01	   7.9974643897435804e-01	   5.6396318968313963e-01	   5.5747658680997003e-01	  -3.4490457891975766e-02	  -1.1750154827497115e-02	   3.1341588238723717e-01	   4.5786634780583774e-01	   1.4692647624006314e-01	   3.8075742544372682e-01	   1.5597608316633391e-01	   1.6247247954568816e-01	   5.6484635320140608e-01	   4.2876497827978199e-01	   6.0039228966570590e-01	   6.2814050746740102e-01	   6.8059198194765602e-01	   7.1834260614389867e-01	   6.4930948392084287e-01	   6.9389515124973467e-01	   6.4045602039178351e-01	   4.3772966333468649e-01	   6.5131055158301554e-01	   5.7159505113910913e-01	   3.6446939020648328e-01	   3.7756836086274742e-01	   2.6008335490826978e-01	   2.1960991397402801e-01	  -1.3363011069529817e-02	  -9.9334326566627548e-04	   7.0364601614653521e-01	   4.2755368795510718e-01	   5.4972634371069606e-01	   5.1726687782220904e-01	   3.8443007020273756e-01	   2.3317289928834534e-01	   3.5358383972007940e-01	  -1.5841894666297229e-01	  -1.1690122700683582e-01	  -1.9570987495132663e-01	   5.3224382452293374e-03	   5.2090386254595189e-01	  -9.6689620621258118e-02	   1.2159504608989244e-01	   6.1558048382564712e-01	   5.0321264769068508e-01	   2.0419073408395910e-01	   3.9341028962566471e-01	   1.4896871622191410e-01	  -1.9888407424640914e-01	
   4.6969005883816461e-01	   5.0649096550036032e-01	   6.6763019278154012e-01	   5.6374696663390955e-01	   0.0000000000000000e+00	   6.3096793070026269e-01	   5.7727699160351098e-01	   5.8846629560233288e-01	   8.5624475244687936e-01	   6.3301727109225525e-01	   4.4112691380476199e-01	   4.1792302949253018e-01	   5.9145076173506173e-01	   4.7388183474662660e-01	   7.0265414224745770e-01	   5.8002372325007145e-01	   3.5010955237999097e-01	   3.5208216315968971e-01	   5.3605710539688234e-01	   4.7437465935464473e-01	   4.4086881677616019e-01	   4.7165837501512509e-01	   5.9495716594926140e-01	   6.3484820103757600e-01	   6.4784606203551565e-01	   6.4513488106876071e-01	   6.2813118418140224e-01	   4.6871585776523084e-01	   4.4964057985832279e-01	   4.2408259499734274e-01	   4.4620096362557105e-01	   5.0766686941746131e-01	   4.3652562139108475e-01	   4.5408412932910852e-01	   4.0774310774811950e-01	   3.2484641951346194e-01	   2.2261708957951504e-01	   3.2517180704652293e-01	   5.2330196626025327e-01	   5.0458906564602191e-01	   1.8023485334664721e-01	   4.1644416917843252e-01	   3.1953229071240075e-01	   2.7383264170038252e-01	   3.5296495942907075e-01	   3.6454399132397131e-01	   2.8134624910047062e-01	   3.3360926448338191e-01	   4.0565295448722172e-01	   4.1023914408061196e-01	   4.3867328622642177e-01	   4.2409753768600034e-01	   5.1449271333950075e-01	   3.7146001607696555e-01	   6.6861225836000227e-01	   5.3717891138890961e-01	   4.0494103103497547e-01	   4.8666124550214396e-01	   5.6344348841134551e-01	   4.9188458892425591e-01	   5.9138214478778250e-01	   4.3249329388809571e-01	   3.0206160821446493e-01	   2.7879049082736862e-01	   6.4155479749495048e-01	   6.1360627166547344e-01	   5.8984769902324219e-01	   5.1279784979040710e-01	   3.8425006767373948e-01	   4.6082451056843998e-01	   1.2617549643030934e-01	   9.1851968155669594e-02	   2.9920266052126887e-01	   3.9438020320209666e-01	   2.0971060775412620e-01	   2.4555244673767376e-01	   1.4800073114222431e-01	   1.4060380403450043e-01	   3.5677009152356376e-01	   3.2886331277465752e-01	   3.5309476662826572e-01	   4.2173162982551027e-01	   5.6955525690940412e-01	   5.3759209595007829e-01	   4.3971461421139424e-01	   5.4986896889480963e-01	   3.4478260171364067e-01	   3.4408573221656491e-01	   5.6623405027388585e-01	   5.9192786478628256e-01	   3.8969770231974876e-01	   4.8812766558689852e-01	   2.3385638142933879e-01	   3.1295055150820816e-01	  -3.4682727085492068e-02	   4.3565016143855481e-02	   5.1920242311238085e-01	   2.7242213952722150e-01	   5.7879122264710658e-01	   4.7885218003891855e-01	   2.8308563645691487e-01	   8.8276902859175471e-02	   4.0696545498249442e-01	   4.7132609966823544e-02	  -7.9203992210426677e-02	  -2.0371109337673773e-01	   6.3982858150538419e-02	   2.3595426927009497e-01	   2.2779936626683796e-02	   8.3656456242826277e-02	   2.8440965079105884e-01	   4.4156186742542936e-01	   1.9806671149870342e-01	   2.9731518260172751e-01	   5.3033315958477101e-02	  -2.1541855742597482e-01	
   1.0406005037941631e-01	   2.6995975813448020e-01	   2.8058704522338024e-01	   4.4086360432275662e-01	   6.3096793070026269e-01	   0.0000000000000000e+00	   1.2396546893637833e-01	   4.3355722144169107e-01	   4.4363853639586992e-01	   8.1754581574425034e-01	   3.3745173765761458e-02	   3.2471193341327470e-01	   1.0789127958002864e-01	   4.2466283925201986e-01	   3.3579090731533590e-01	   6.8300502724377798e-01	   3.2630991823097766e-01	   4.1009641457318663e-01	   1.9971057149282906e-01	   2.5512050395755725e-01	   3.2126173099495742e-01	   5.3066627423385637e-01	   3.0257814083189244e-01	   4.7776491820096123e-01	   6.0654629819202466e-01	   6.7345211552342066e-01	   5.8660655027630904e-01	   7.2285032639051039e-01	   2.7298470732780966e-01	   4.4252718280347225e-01	   3.8571032383800052e-01	   4.7639908652701668e-01	   2.5269091201850424e-01	   3.3914353152806465e-01	   3.7964002193935142e-01	   5.5143910527642348e-01	   2.6677398950505182e-01	   4.2482174424358554e-01	   3.7493099027569754e-01	   4.4673590650175454e-01	   1.8337720933775442e-01	   2.7494984522263283e-01	   1.2550614786425159e-02	  -2.3518012958599663e-02	   4.6237055086407949e-02	   4.6483482359440033e-02	  -4.7692059603060576e-02	   2.1743005782737336e-02	   4.8451070071900290e-02	   9.9273612088344038e-02	   1.6319228527317414e-01	   2.6994004022730833e-01	   2.7815072933873708e-01	   1.9974626884498370e-01	   4.0727187710471419e-01	   3.1709057656015710e-01	   8.8500400200712065e-02	   2.5336591957589105e-01	   3.6461064698868906e-01	   4.3072463435339647e-01	   1.6177642226957700e-01	   1.9255388331482437e-01	   2.7362218436166658e-01	   3.7903495285695665e-01	   1.9999939585888121e-01	   3.9123433602125524e-01	   4.0889679736759676e-01	   4.0321299996266652e-01	   2.1684590000484266e-01	   3.2107848237695857e-01	   3.3367590062911950e-01	   4.3273090492882182e-01	   2.9525009276842645e-01	   5.3318822478260519e-01	   4.3371280625034353e-01	   4.9127509006498138e-01	   2.3814342511005543e-01	   4.0815932079432826e-01	   2.8723255857326324e-01	   3.8087434369870460e-01	   3.3514903826501347e-01	   4.3919821149303673e-01	   6.4591144152593771e-01	   5.6513907687301368e-01	   1.9415475708337954e-01	   4.4263637155341068e-01	   3.2850887445971050e-01	   3.7293647801113250e-01	   6.6909073696355414e-01	   6.2259077713822286e-01	   5.7459497211740140e-01	   4.2930441362590699e-01	   4.5719416464855206e-01	   4.6555868000136974e-01	   1.8116410611060438e-01	   2.0463064836496464e-01	   2.7558298738948966e-01	   2.2973279926495260e-01	   5.1426353345293441e-01	   4.2408565191344727e-01	   3.2280468516203320e-01	   2.6908359837325124e-01	   3.1348499873285340e-01	   9.9313436377638883e-02	   1.5960992338197780e-01	  -8.8779976928051296e-03	   4.7194922872995826e-01	   4.4234187915114331e-01	   1.5116906401016300e-01	   2.3538525653716563e-01	   3.3203440298421028e-01	   4.3037475516820406e-01	   4.2892890943433415e-01	   2.8410135608210857e-01	  -4.0538199514946497e-03	   2.0354297864549276e-01	
   5.6911980606806178e-01	   4.3160899829268484e-01	   8.5815240363481249e-01	   6.7595941261525161e-01	   5.7727699160351098e-01	   1.2396546893637833e-01	   0.0000000000000000e+00	   6.9906323157948058e-01	   7.4861277927465031e-01	   4.4003995731439205e-01	   4.8232395476134732e-01	   4.8695424487336386e-01	   7.3180236675431443e-01	   4.1766816259557255e-01	   6.3674365691223089e-01	   4.4859991893558948e-01	   2.4352068305430769e-01	   2.7114592277791300e-01	   6.0610675709664230e-01	   5.2192810929824351e-01	   2.1075681712185246e-01	   2.3454520911849697e-01	   6.6814162446226566e-01	   6.2856880974300644e-01	   3.1341181074824176e-01	   3.6544718357792838e-01	   2.5600314501477461e-01	  -4.7342779922744400e-03	   4.8069800447323141e-01	   3.2629186344693423e-01	   5.5626654220308125e-01	   5.5602428457306285e-01	   6.0445237352294900e-01	   5.6801363884481715e-01	   3.5251553027789623e-01	   1.9144904870311913e-01	   1.1628709287578393e-01	  -1.8407754615511834e-02	   3.1315025434540844e-01	   3.0897180975619554e-01	   1.7699687169217221e-01	   3.8341454423181026e-01	   2.6097664424279909e-01	   2.0831498569725393e-01	   3.2153620808178285e-01	   3.0942466675483904e-01	   2.3793935832828245e-01	   2.9630286342269813e-01	   3.5025293466257684e-01	   3.0900345954314706e-01	   2.5490125046745327e-01	   3.0735785681656752e-01	   2.3035272178425789e-01	   1.1851908062926814e-01	   3.6708778312807122e-01	   2.3918378056639852e-01	   3.7255345769127168e-01	   3.4192556557022136e-01	   5.7399418536540892e-01	   4.4067542108541036e-01	   7.3786793400010642e-01	   6.1010355544827810e-01	   4.4746288086746344e-01	   3.8763866135467184e-01	   7.4804513958653374e-01	   6.0132178796635660e-01	   6.0078622393505587e-01	   5.1708833338237192e-01	   2.7798962965113116e-01	   2.0759521365038616e-01	   8.7649445519126262e-02	  -6.1066254593925853e-02	   3.4067583466631368e-01	   2.9414713670766518e-01	   2.9989741898467370e-02	   2.6281192500301137e-01	   2.0135938925446301e-01	   1.8032225005716807e-01	   3.2910092192593493e-01	   2.6945633243772693e-01	   2.6283685619679020e-01	   3.1168566471230147e-01	   2.8038647556282803e-01	   3.1688105096609998e-01	   3.5940273233277797e-01	   3.0004673520594044e-01	   2.4253136117204743e-01	   5.9799236026681579e-02	   3.5131520297646429e-01	   2.3369055518830006e-01	   2.0221562273699509e-01	   2.3714384026446478e-01	   1.0309468473585326e-01	   1.5046856854648977e-01	  -1.1935676030726713e-01	  -8.0279051657962147e-02	   4.7122898223913234e-01	   1.8995242299731963e-01	   3.5778541369463135e-01	   2.9071769064798375e-01	   2.6408581303635609e-01	   6.3999892121408553e-02	   3.5747140849089798e-01	  -4.9976589465120923e-02	  -1.1882975375842797e-01	  -1.4616020569638416e-01	  -1.5774258558962001e-01	   2.1624427382184860e-01	  -9.1821963707463983e-02	   2.3830426718416939e-02	   3.1328119100341301e-01	   3.8754226637565331e-01	   6.4122273396580234e-02	   2.1575537587745730e-01	   4.1097440064699245e-02	  -2.2959046818854878e-01	
   7.2768971637038038e-01	   7.2958988119670831e-01	   7.6273734740650223e-01	   9.2474938726293909e-01	   5.8846629560233288e-01	   4.3355722144169107e-01	   6.9906323157948058e-01	   0.0000000000000000e+00	   7.3822327952536182e-01	   6.4211892747890587e-01	   6.7283645065249353e-01	   7.9509763574254677e-01	   7.2126929469619161e-01	   7.7674665862557046e-01	   7.5021439713918814e-01	   7.5823923078896793e-01	   4.9372355801407314e-01	   5.0382633622119610e-01	   7.6696972378939421e-01	   7.1653481846697020e-01	   1.9591215035147042e-01	   2.6870366385699423e-01	   7.5103483918447278e-01	   7.9703248086080802e-01	   5.6998197697649911e-01	   5.5875586520532716e-01	   4.2452210612299268e-01	   1.8910751561188158e-01	   6.1829399830183251e-01	   5.5090655744248940e-01	   5.8856813864975888e-01	   6.8213965130467225e-01	   7.8665853980598510e-01	   7.9912687523612480e-01	   4.1866012647417405e-01	   3.8887233807840199e-01	   1.3394558353462677e-01	   1.8044850543838545e-01	   5.3008635228340728e-01	   6.1569375409032401e-01	   3.9548240116554728e-01	   6.0887236199210870e-01	   4.7769202147083123e-01	   4.3712410594972972e-01	   5.2506387320315295e-01	   5.2268651761657836e-01	   4.2633602748644844e-01	   5.0935630156178158e-01	   4.9739056951865485e-01	   4.9680933712882369e-01	   4.7983757463671084e-01	   5.5975720241717808e-01	   4.3526520381038913e-01	   2.6180860087397040e-01	   5.8664882353676884e-01	   5.1019887527730690e-01	   6.4422178032447075e-01	   6.6076495610269370e-01	   7.3773031054726390e-01	   7.6851328760526316e-01	   7.2753475154582814e-01	   7.9518396969105987e-01	   5.9416795296448566e-01	   5.8282242430759323e-01	   6.6374407511742817e-01	   6.9573135751902959e-01	   7.7434550880717490e-01	   7.7475574778883294e-01	   5.3739757748033967e-01	   5.1880927028472223e-01	  -7.8587861514594626e-02	  -3.9768516539864990e-02	   2.9564915301581263e-01	   4.1781877933885425e-01	   1.1992933668182859e-01	   3.7395311461896230e-01	   1.9079627224484663e-01	   1.9864613743595166e-01	   5.0281099299147436e-01	   3.9574838377763344e-01	   5.4808756162288486e-01	   6.0786369211942226e-01	   6.5868432460626247e-01	   7.0492098778253587e-01	   6.2594787339257074e-01	   6.7491149521143357e-01	   5.8191567781362386e-01	   3.9652414967247296e-01	   6.0320196745936772e-01	   5.4819533961542866e-01	   3.1242660756103952e-01	   3.2713002813816261e-01	   2.2067197841285033e-01	   2.1526951175187958e-01	  -5.0650883237429480e-02	   3.5304622129240196e-02	   6.7073242187963644e-01	   4.1576563621904383e-01	   5.3385763812265385e-01	   4.6306897567813710e-01	   3.9081930768010714e-01	   1.9361635384958265e-01	   3.8456374780590341e-01	  -1.8537957934603322e-01	  -1.6619744400304054e-01	  -2.9060629016195960e-01	  -1.0548896832970128e-01	   4.5088147197698658e-01	  -9.9879459606081383e-02	   1.2941586508861014e-01	   5.5103590278345949e-01	   4.0987447584159509e-01	   1.9157437441846034e-01	   3.7345623002884920e-01	   1.3303194632039006e-01	  -2.5230573573793658e-01	
   6.2472689161102224e-01	   5.8896906749693845e-01	   8.0488955424180053e-01	   6.9729972879649638e-01	   8.5624475244687936e-01	   4.4363853639586992e-01	   7.4861277927465031e-01	   7.3822327952536182e-01	   0.0000000000000000e+00	   6.3572061456325235e-01	   5.6563435453476640e-01	   5.0830592799373320e-01	   7.6008249958540697e-01	   5.6459146432865615e-01	   8.1057388013673881e-01	   5.9544471860853310e-01	   4.3048555199535815e-01	   4.1571028318667580e-01	   6.6079375278866448e-01	   6.0720224431918335e-01	   3.5725901121112325e-01	   3.9540326264695047e-01	   7.2490160023216577e-01	   7.3540979219460578e-01	   5.8739338440268085e-01	   5.5799573504586619e-01	   5.2223063347308152e-01	   3.1364769362870398e-01	   5.4829435684546313e-01	   4.6951402829773553e-01	   4.4343353721170131e-01	   5.4241503535315050e-01	   5.7900273510142919e-01	   6.0018550866781883e-01	   4.1337404322201921e-01	   2.9541034109401798e-01	   3.1468851824239141e-01	   2.8983509730811496e-01	   5.7780921408614061e-01	   6.0802192962086243e-01	   2.9787532146940837e-01	   6.2905920062315668e-01	   3.2313069837564395e-01	   2.7311059520244274e-01	   3.6358344687134481e-01	   3.7134681519031942e-01	   3.2183479209764798e-01	   3.7699966820420272e-01	   4.3616019976898668e-01	   4.6075669327554453e-01	   4.4596580595971369e-01	   4.4902472786524117e-01	   5.1792055715745988e-01	   3.3718785414775443e-01	   6.7244476567766076e-01	   5.1235638554892271e-01	   5.4696648659267466e-01	   5.8622556798920256e-01	   6.7948818511053199e-01	   6.2738467550383992e-01	   7.5459202658308322e-01	   6.4190578713830415e-01	   4.2701975749515875e-01	   3.6400978143850632e-01	   7.9898239294551421e-01	   7.1581328537295807e-01	   6.4467204299091674e-01	   5.6833788583796940e-01	   4.0824613185990255e-01	   4.6577011288352166e-01	  -1.3788384280190944e-02	  -7.2258839526350080e-02	   3.2484312016544786e-01	   4.1765586182830233e-01	   1.3574474880526849e-01	   3.4467118851613021e-01	   1.1668239628511481e-01	   1.4170374055453705e-01	   4.2356263881534950e-01	   3.4472994439069710e-01	   4.1234936221688301e-01	   4.4359481677537888e-01	   5.0948213690311595e-01	   5.6656870792924474e-01	   4.8696593761789952e-01	   5.1682480723095403e-01	   4.5578250133546572e-01	   3.3080607462891148e-01	   5.0408329239381322e-01	   5.0995519841601233e-01	   3.4463254921251329e-01	   4.7667851571870579e-01	   1.7687961361844207e-01	   2.6397916893770890e-01	  -1.9039533412326054e-01	   1.3945107049814364e-02	   6.1541219594052343e-01	   3.3239645368549398e-01	   5.4449771113155121e-01	   4.8400263786213554e-01	   2.2663776164482910e-01	   1.0456777299286210e-01	   4.1775627493339934e-01	  -6.4133436201754684e-02	  -1.5955896157488780e-01	  -2.5600479883591087e-01	  -4.1102035612570337e-02	   2.6674623295433852e-01	  -3.7146972109745706e-02	   3.5051629393922361e-02	   3.3729285716877722e-01	   3.5956232368218732e-01	   9.5207469538115486e-02	   3.2200204456349724e-01	   8.6313879592555598e-02	  -2.4946318965409389e-01	
   3.0530820472315212e-01	   3.9804709416581296e-01	   4.8975909888344671e-01	   6.2765235707981248e-01	   6.3301727109225525e-01	   8.1754581574425034e-01	   4.4003995731439205e-01	   6.4211892747890587e-01	   6.3572061456325235e-01	   0.0000000000000000e+00	   1.5889285868721220e-01	   5.1499377968257209e-01	   3.3716598605878345e-01	   6.3166732907016199e-01	   5.2172005460458692e-01	   8.2165521894346494e-01	   4.1846832694184388e-01	   5.4335124208687291e-01	   3.5616563077285435e-01	   4.1873622556831158e-01	   1.1724672388256877e-01	   3.6691626360536411e-01	   4.4533388673095631e-01	   5.7987145820086949e-01	   5.9258865128635096e-01	   6.5462797455302790e-01	   4.8038168023676875e-01	   4.6003434604864402e-01	   4.4469491269572775e-01	   5.8568964613838836e-01	   4.9520746939559324e-01	   5.9872091443229247e-01	   4.6584275688112375e-01	   5.4028161843191125e-01	   4.7717815774828432e-01	   6.0241291093890958e-01	   3.2790477475486107e-01	   4.1075303471209690e-01	   4.0105602921645955e-01	   4.8950981626122236e-01	   2.6395716145443804e-01	   4.4548096012631100e-01	   2.6537844539981495e-02	  -2.2495601953610264e-02	   5.7880412159482551e-02	   7.5137736384371434e-02	  -2.8435822961233446e-02	   5.0628677130315970e-02	   7.1449199876608860e-02	   1.0649622541751813e-01	   1.3131163265646084e-01	   2.6862567356839651e-01	   2.3102327148177515e-01	   9.2435983789889431e-02	   3.9156235313640919e-01	   2.4745671155578292e-01	   2.2666636434798737e-01	   3.7265512559434649e-01	   4.9389109363182526e-01	   5.7013293112957164e-01	   4.1110671240465868e-01	   4.6214990321526100e-01	   4.2858584406936234e-01	   5.7664227169049753e-01	   4.4610681891891080e-01	   5.4914991253748346e-01	   5.0229412435179299e-01	   4.9823606414096411e-01	   2.5071482532712663e-01	   3.4192376434084087e-01	   3.4578623069807218e-01	   4.4860106113073145e-01	   4.1827090918051013e-01	   6.8293342746778463e-01	   4.5055492979377632e-01	   5.7510465014380585e-01	   3.3976037479221527e-01	   4.8925789729449737e-01	   4.0410122868392712e-01	   4.9968722151169509e-01	   4.3194399855187071e-01	   5.2000548740367680e-01	   6.4643451148404019e-01	   6.0450671677352685e-01	   2.0715670371550182e-01	   4.0514567362251774e-01	   3.2813944356597113e-01	   3.5475043908357740e-01	   5.9564605381721925e-01	   5.1711169338220797e-01	   5.2913899044938928e-01	   4.1170426721738584e-01	   4.2884780489756802e-01	   4.9107235515521663e-01	   5.4041957199203607e-02	   1.7261694862535479e-01	   3.8741941852264106e-01	   2.0338460022528146e-01	   5.2133793266965078e-01	   4.1058062823831054e-01	   4.4720256379562351e-01	   2.9725595829435469e-01	   3.8849337429963859e-01	   6.9610464557962909e-02	   1.2152164660566331e-01	  -3.2898980415770440e-02	   3.6403680636277064e-01	   5.1831872476431262e-01	   1.6354081178796451e-01	   2.3309501154623308e-01	   3.5156579526586729e-01	   4.6778270228799212e-01	   3.4881471788507568e-01	   3.6071138273218484e-01	   2.4520511338644281e-02	   1.0577502652487024e-01	
   8.4851209620450452e-01	   7.8713745548617187e-01	   5.7978956133805215e-01	   6.2627137142057687e-01	   4.4112691380476199e-01	   3.3745173765761458e-02	   4.8232395476134732e-01	   6.7283645065249353e-01	   5.6563435453476640e-01	   1.5889285868721220e-01	   0.0000000000000000e+00	   7.2957922543918285e-01	   8.1467711515683239e-01	   6.6477965782764870e-01	   6.7288275359891436e-01	   3.8113770076269199e-01	   5.0298551265123648e-01	   3.7398538492233879e-01	   7.6753883816493484e-01	   6.7171938717827062e-01	   2.8513059504002114e-01	   1.9151085911302843e-01	   5.7712208809785304e-01	   5.0806606157733925e-01	   4.0874966964546422e-01	   2.7789187561250861e-01	   2.3993359444358675e-01	   2.2341758197702073e-02	   5.3772609484781120e-01	   4.2564345359521560e-01	   2.2904656836674764e-01	   2.7494176529882630e-01	   6.2518672056604863e-01	   6.1104300131140032e-01	   1.3942973548957072e-01	  -1.5332083952077297e-02	  -3.3323579172908818e-02	   1.5263269859837841e-01	   5.4796178589855926e-01	   5.8893703270659992e-01	   2.5005188852238014e-01	   4.5848015279477194e-01	   5.6380258570951147e-01	   5.6989201343230156e-01	   5.8824715863328447e-01	   5.9835646839147316e-01	   5.7552502504433922e-01	   5.9799213120278050e-01	   6.4278273048107448e-01	   6.5948885014736880e-01	   6.5968498085063054e-01	   6.8693034396590358e-01	   5.9397560705438956e-01	   4.9778667493384682e-01	   6.5805467339196455e-01	   6.3914097888498489e-01	   8.2302654586218293e-01	   7.6464970810037380e-01	   6.8782332874306273e-01	   7.1380103480072332e-01	   7.3925327716912004e-01	   7.0328023168577380e-01	   5.2425709396052289e-01	   3.9851975039995435e-01	   4.9614184061508165e-01	   4.9773445628426150e-01	   6.0385281780113953e-01	   5.8891831763773650e-01	   5.9060228461143194e-01	   6.0563177558690229e-01	  -4.2899082559928603e-01	  -3.8890581948036490e-01	   1.1685732305221261e-01	   1.0222575901602043e-01	  -1.2825610277339217e-01	  -5.6169909438873483e-02	  -2.1837494579092672e-02	  -1.9317182004282113e-01	   4.0638841362747091e-01	   2.5195801841682203e-01	   4.8582717584195945e-01	   4.6143487705551289e-01	   4.0366294373507661e-01	   4.9067515260225730e-01	   8.0271173375383986e-01	   6.4843163408113524e-01	   4.9864582207038133e-01	   2.8903467297344432e-01	   2.8039314153466205e-01	   4.1156944040854704e-01	  -4.8162443586148275e-02	   1.8886612988892482e-01	  -2.3797428433448145e-01	  -1.2471561308350351e-01	  -3.1555501766870810e-02	  -7.1643465054062883e-02	   6.1164122084282235e-01	   4.3753999152035916e-01	   3.9114157681567613e-01	   3.3433393354708074e-01	   2.6000528710242393e-01	   5.8312610252422792e-02	   2.7143050591123524e-01	  -9.9924779739284236e-02	  -4.0529315507937880e-01	  -4.1674422061743988e-01	  -3.9013016349512974e-01	   2.4193721759916900e-01	  -3.3738928185101230e-01	  -1.2646293679660614e-01	   2.6281278357481963e-01	   6.0239444216554028e-02	  -9.7127295307625913e-02	   1.1121117505145642e-01	  -4.5682644150620871e-02	  -5.2258307128827042e-01	
   7.0229532173110154e-01	   7.4522368247238191e-01	   5.5828946840494198e-01	   7.3917152937633324e-01	   4.1792302949253018e-01	   3.2471193341327470e-01	   4.8695424487336386e-01	   7.9509763574254677e-01	   5.0830592799373320e-01	   5.1499377968257209e-01	   7.2957922543918285e-01	   0.0000000000000000e+00	   6.4201841321587350e-01	   8.8184554030576312e-01	   6.5271564463546350e-01	   7.8489342828754816e-01	   4.9182431575830976e-01	   5.8631523705447419e-01	   6.3860645556543683e-01	   6.4596125595789955e-01	   1.5205474849073305e-01	   2.3808185862700454e-01	   5.9120616349227528e-01	   5.8905912661171989e-01	   4.7851222231098467e-01	   4.8822878588748775e-01	   2.7075856072628374e-01	   8.0651427003226292e-02	   6.2959942948772385e-01	   7.0663574168831911e-01	   5.2132691691922139e-01	   6.0734581764741336e-01	   6.8317669781253010e-01	   6.7703135672650716e-01	   2.1551476303576739e-01	   1.8672704073741270e-01	   5.4747005596596357e-02	   2.1506554241927800e-01	   3.5851217644515643e-01	   5.5325402737880647e-01	   4.0045565919501513e-01	   5.4263194889394051e-01	   3.6508756643197626e-01	   3.4914497934458910e-01	   3.7353884708201274e-01	   3.7656711892502281e-01	   3.2449521590552000e-01	   3.8362276427543646e-01	   3.9722339375876442e-01	   4.2010636952970959e-01	   4.2810210599643511e-01	   5.1983677286644103e-01	   3.9885490675435059e-01	   2.6493281177011790e-01	   4.9239406694018700e-01	   4.3369552187074295e-01	   5.9392626191712672e-01	   6.7491785483000410e-01	   5.9153996537442710e-01	   6.6246455524103787e-01	   5.7171663539773454e-01	   6.1535515146337394e-01	   5.2179295092124767e-01	   5.8462321409487694e-01	   3.6945995444588442e-01	   4.2749934971868242e-01	   5.2512281489221446e-01	   5.3422650663538196e-01	   4.4204572466218617e-01	   5.1686384692752751e-01	  -7.4036917198422356e-02	   5.0193509941977896e-02	   3.0069149617647051e-01	   4.3629721371796026e-01	   1.4127910585034326e-01	   2.7677862946364756e-01	   1.3375031132225523e-01	   1.7508848135659966e-01	   4.4453545170143882e-01	   4.5733938512397326e-01	   5.5765793346498693e-01	   6.4567048586245346e-01	   5.5903740332734730e-01	   6.9682496321167542e-01	   6.5010350530858407e-01	   6.3958813217043275e-01	   3.8047874456523578e-01	   3.0807252991265022e-01	   4.1017832342164773e-01	   4.0877462529161346e-01	   8.0075451251036572e-02	   1.3650924966531830e-01	   1.3910167798549776e-02	   1.3175219901167064e-03	  -1.9341279847426989e-02	  -1.4904107845331405e-01	   4.5320781013448930e-01	   2.1778608072666361e-01	   3.4488170809167945e-01	   2.4126982840394248e-01	   3.9422190549301228e-01	   6.7088890533735139e-03	   2.6547702884495572e-01	  -2.0669810033434494e-01	  -1.7816972274805476e-01	  -3.4966802943788006e-01	  -2.4410619692252128e-01	   3.8171271987378336e-01	  -2.7668737711021274e-01	  -1.1881314884289836e-01	   2.7456467228436887e-01	   1.3923993137355806e-01	   6.4228348800261612e-02	   1.9991775270427292e-01	  -5.6633993645308946e-02	  -3.4342530149906214e-01	
   8.1081499044525529e-01	   6.6807695249515242e-01	   7.1497306080876888e-01	   6.1890738547761137e-01	   5.9145076173506173e-01	   1.0789127958002864e-01	   7.3180236675431443e-01	   7.2126929469619161e-01	   7.6008249958540697e-01	   3.3716598605878345e-01	   8.1467711515683239e-01	   6.4201841321587350e-01	   0.0000000000000000e+00	   6.4069581681948884e-01	   7.6734889239984216e-01	   4.2155461513001330e-01	   4.5533101592049530e-01	   3.9095543159532864e-01	   7.0751963187852840e-01	   6.4104796484566640e-01	   2.4176763675574070e-01	   2.0886920200157372e-01	   5.8169993070632098e-01	   5.2476804961234980e-01	   3.3674504600067690e-01	   2.4830340499646014e-01	   2.2535320110542761e-01	  -2.7777321847778157e-02	   5.9608351413595073e-01	   4.4495763732305638e-01	   2.5931829329850187e-01	   3.0494045321469254e-01	   6.4488224819452244e-01	   6.1746225728775184e-01	   2.0785767750258621e-01	   6.8715115880691291e-02	   1.5721719615672416e-01	   1.4725749946156330e-01	   5.3813002170828017e-01	   5.7513101138316314e-01	   3.3306961044016320e-01	   5.0140740371438919e-01	   5.1847615887964582e-01	   4.7659346636319033e-01	   5.6521813563355816e-01	   5.5660623346516025e-01	   5.1290949755579507e-01	   5.3172569127104385e-01	   6.2451617860323705e-01	   6.0913756405733188e-01	   5.5781682826952450e-01	   5.5761819947399704e-01	   5.0629925415770016e-01	   3.8895272017272986e-01	   6.1817167257777328e-01	   5.4516053620958471e-01	   6.9987428728237733e-01	   6.8154555517302584e-01	   7.2521129661520034e-01	   6.5502999750473778e-01	   8.8987016792811702e-01	   7.4691976151452422e-01	   5.0011304739173912e-01	   4.4589190668028478e-01	   6.9953411349667571e-01	   5.7026812973277430e-01	   6.5119356126326333e-01	   5.6309069046766191e-01	   4.6406784199205198e-01	   4.2582970844785123e-01	  -2.7249940526359584e-01	  -3.4061737304179990e-01	   2.2120472664103391e-01	   1.8694727896944147e-01	  -3.7453976541156786e-02	   8.5440800009501550e-02	   7.1162021598251718e-02	  -2.2762354259227837e-03	   4.2974278031399404e-01	   3.0226702172525888e-01	   4.5919534158612058e-01	   4.4399521326793517e-01	   3.7024221416462422e-01	   4.4351196228909495e-01	   6.4839671031732871e-01	   5.3748659819618394e-01	   4.2088397266494892e-01	   2.6582884241514410e-01	   3.3311196317039532e-01	   4.0197032139300970e-01	   2.5344731719852368e-02	   2.3438917605623771e-01	  -1.5017447215317728e-01	  -8.4635261325253040e-03	  -1.8581688173857985e-01	  -8.5852737951588515e-02	   5.8296575601271972e-01	   3.2915926307905496e-01	   3.9703430503110326e-01	   3.1720728893455929e-01	   2.3811229120073196e-01	   1.0946804531385103e-01	   2.8549376451761932e-01	  -1.1007881567598865e-01	  -3.5601958445812892e-01	  -4.0795658012996872e-01	  -3.5882769718353202e-01	   2.7346271472685024e-01	  -2.7281741810746524e-01	  -9.6088386362609191e-02	   2.5915154590393241e-01	   1.6347731082334752e-01	  -9.3487582495571819e-02	   1.0560258340265105e-01	  -1.6888923128224809e-01	  -4.6863000774067398e-01	
