   0.0000000000000000e+00	   8.3738750345358071e-01	   7.0532100997342229e-01	   5.8835013561469518e-01	   4.2965306352201960e-01	   2.1531986003377093e-01	   6.5525885295639963e-01	   4.8766438187908490e-01	   4.3595480472682246e-01	  -6.8898670528838310e-03	   6.5438422073238200e-01	   4.1579551169857004e-01	   6.9713712751847301e-01	   6.0742306445546113e-01	   4.8881096075444286e-01	   4.9204651920281428e-01	   6.1280181983506044e-01	   5.7743983870283344e-01	   6.9721980404483430e-01	   6.3955490627029166e-01	   3.6092485280429043e-01	   4.3852720939460366e-01	   5.4259773717168913e-01	   4.3761563039970325e-01	   3.8865521633174105e-01	   3.4968467604198461e-01	   2.4610344304429099e-01	   2.7069871475716156e-01	   6.8144192835122530e-01	   5.3758059774400468e-01	   5.0582400634635172e-01	   4.1733053587937285e-01	   6.4812750517203499e-01	   5.8416694432340177e-01	   3.6856700680690613e-01	   2.5758078292586378e-01	   1.0268204549300293e-01	   3.3299295127692430e-01	   4.5943332752307098e-01	   5.6681549154202659e-01	   2.3637749486331905e-01	   5.0309371842420603e-01	   6.5412404362346677e-01	   6.2403907417774429e-01	   5.3712560248191288e-01	   5.3748423838742232e-01	   6.7622451408155460e-01	   7.0431553423650817e-01	   6.0265170444957983e-01	   7.0021570663667032e-01	   7.0222710351526452e-01	   7.7731204808754151e-01	   6.6493457078175600e-01	   6.7783721627261451e-01	   7.0761182039293924e-01	   6.9416140204538457e-01	   6.3305705830854431e-01	   6.3671017543597308e-01	   6.4864031037243286e-01	   6.2373229352949910e-01	   6.8167141472317117e-01	   3.5397966341632775e-01	   6.1242585509742664e-01	   4.5889195998315341e-01	   5.5316398038133874e-01	   4.5090190444292111e-01	   5.6170824450622503e-01	   4.9008054151062047e-01	   6.9702889676141733e-01	   5.9817345356454243e-01	   3.0883306187890847e-01	   2.7464633819192552e-01	   3.8990194255977290e-01	   3.3404228070285458e-01	   4.1719713799393043e-01	   3.8279199830630445e-01	   5.5880215492764174e-01	   5.1946168912433610e-01	   6.6454241363134392e-01	   6.0610727318041546e-01	   6.2595284204746782e-01	   6.4232848875270943e-01	   7.3279105185820681e-01	   6.6873089483321091e-01	   7.0983649765340040e-01	   7.0802461743292289e-01	   6.0861533245413191e-01	   4.0294212832038878e-01	   7.1484147776446960e-01	   7.4910149480906774e-01	   3.8362876091927356e-01	   5.5860278883529779e-01	   1.2289262346938917e-01	   3.6234220460061872e-01	   3.2920391139393385e-01	   5.8835290385399974e-01	   6.0873848896811311e-01	   6.2253989488641248e-01	   5.9993730679292123e-01	   7.5163477722934680e-01	   2.6265189720909221e-01	   3.9011874799151569e-01	  -6.3736922054235742e-03	   1.0848680941891201e-01	  -6.2141246175430355e-02	  -1.8848186342401757e-01	   2.8156166807216498e-01	  -5.0399085194345737e-02	   4.4176614277682033e-02	   4.0934939116566016e-01	   5.8590247230330317e-01	   5.1892254845428198e-01	   3.2299779123336941e-01	   3.5949685414926752e-01	   1.9057628111660696e-01	  -3.7641188904105111e-01	
   8.3738750345358071e-01	   0.0000000000000000e+00	   4.4602353438447012e-01	   3.3539403201519263e-01	   4.0491669241645495e-01	   1.5488346921348534e-01	   3.6464471783622887e-01	   2.2055956366599988e-01	   2.7228966164631041e-01	  -5.9257077836665936e-02	   3.8659563905368421e-01	   1.2305687342891153e-01	   4.0121745880068610e-01	   3.2840503374510244e-01	   3.5786049886675825e-01	   3.0546652072557046e-01	   7.0899370810646545e-01	   7.3562920506209273e-01	   5.5494815099900952e-01	   6.0131555699689931e-01	   4.1830285408522799e-01	   4.2360667455000484e-01	   2.9798794128014977e-01	   1.9996931801936119e-01	   3.7632082535506195e-01	   2.9888832540114496e-01	   2.4211413417605182e-01	   2.9878356457503841e-01	   4.9753807959438368e-01	   4.2466433888200417e-01	   3.4057598811037904e-01	   2.3227831323971582e-01	   4.7164648376246698e-01	   3.9718514387807557e-01	   2.1191055478090068e-01	   9.7967703732221578e-02	   1.4955001114458914e-02	   1.8792268963466666e-01	   3.6114655668086981e-01	   4.5783383320659610e-01	   1.1728268618167516e-01	   2.9804990528705450e-01	   5.2717515725707420e-01	   5.3917884009933614e-01	   5.5451958486318476e-01	   5.9616764708673242e-01	   5.9559155410402742e-01	   6.2847041662724545e-01	   5.0390361059911914e-01	   7.0125216001813351e-01	   5.9291431716052734e-01	   6.2008325584219459e-01	   5.7317496031599036e-01	   6.1290204487187872e-01	   5.8079841009522870e-01	   5.8459885368570952e-01	   8.1639614977203823e-01	   8.4761462314389202e-01	   3.2326425129924474e-01	   3.5422168605101079e-01	   4.3554587733082312e-01	   8.6983656841784579e-02	   5.2478860212064127e-01	   2.1219679317148182e-01	   3.8424347216376292e-01	   2.4302759489859471e-01	   3.5343407326405030e-01	   2.8010975611038885e-01	   8.6861134270533635e-01	   8.2790650648424680e-01	   2.2875014623629381e-01	   2.1046142020448416e-01	   1.6124798512496050e-01	   1.4643170997870331e-01	   2.0463775179086580e-01	   1.5909812317941249e-01	   3.5317683571370673e-01	   3.2398766767126930e-01	   7.8010536981072998e-01	   7.2228008667593979e-01	   7.4921174874993368e-01	   7.3934374420041915e-01	   6.1939078361966327e-01	   5.6101834082160940e-01	   6.3540124294627442e-01	   6.4663053165419526e-01	   5.5921175860935235e-01	   4.2344959824195361e-01	   4.8268873088092817e-01	   5.3043797831795958e-01	   1.3791968393521731e-01	   2.9139717716167857e-01	  -1.2968333804357807e-01	   1.1159221173007809e-01	   4.1285310931830194e-01	   6.3013647066420009e-01	   6.2947839584513643e-01	   5.6952765132408623e-01	   4.7405819153822448e-01	   5.7218336274975301e-01	   1.5865812458158343e-01	   1.9363006660224763e-01	   5.0599295552235300e-04	   6.2487917712043185e-02	  -1.7342016318447104e-01	  -2.6751950696810256e-01	   1.6203230302408667e-01	  -7.8866135877690896e-02	   1.5364454984961587e-01	   3.5017327383219327e-01	   4.4226903748563906e-01	   4.0629568107961600e-01	   1.9503188545892561e-01	   3.1475376273607503e-01	   1.3039540921826824e-02	  -4.4024611438515993e-01	
   7.0532100997342229e-01	   4.4602353438447012e-01	   0.0000000000000000e+00	   8.3677172648025877e-01	   4.7198167338013020e-01	   2.4143154071476253e-01	   8.8282264858230997e-01	   6.3752100898187847e-01	   6.8834440143195441e-01	   1.6411325977701602e-01	   6.1357543508230594e-01	   4.2349844035987710e-01	   7.7607512728123862e-01	   6.1049414196158025e-01	   6.3239110263557385e-01	   6.3032912445401035e-01	   2.9239371614504561e-01	   2.1047226490140203e-01	   6.0748163758065910e-01	   4.9506310273335408e-01	   3.0556823089450841e-01	   3.8687180015807932e-01	   8.9552839061113398e-01	   7.7451351702775750e-01	   4.8691921560048662e-01	   4.6072205947017270e-01	   3.2483379680402735e-01	   3.2220433406983806e-01	   5.9549659405897137e-01	   4.0442550062460264e-01	   7.6335123124624271e-01	   6.8631261487820328e-01	   7.2270819222475813e-01	   6.4718989063565258e-01	   6.5352166706836390e-01	   5.7123594599274941e-01	   9.6243763035023300e-02	   3.1981858751103159e-01	   4.7316625333324519e-01	   5.5277433132381071e-01	   2.2161532576505388e-01	   6.0236239861139096e-01	   7.3423295819667278e-01	   6.0768006072706859e-01	   4.4109546458291066e-01	   3.9357926610642324e-01	   6.5445096693791016e-01	   6.1820237086090513e-01	   4.7234290949137270e-01	   4.9260034984449180e-01	   6.7947989219132932e-01	   7.5991681628565755e-01	   6.5401104016307232e-01	   5.6951129845696846e-01	   8.0978812973096992e-01	   6.4973423967426358e-01	   1.7166948601278717e-01	   2.0228867977312887e-01	   7.8575121625264155e-01	   6.8520320672275625e-01	   6.2626255117707963e-01	   4.3525588280902433e-01	   3.4892691095005468e-01	   4.0915730450936449e-01	   7.7685625192298191e-01	   6.5829204713471912e-01	   8.1889148156877811e-01	   7.4948361241410866e-01	   3.7941213751945813e-01	   2.7775605366765688e-01	   4.1638208806900123e-01	   4.5544609844924799e-01	   4.8958426095976543e-01	   4.1427065429398746e-01	   5.0161938309967880e-01	   5.1726247199060515e-01	   6.7726246033582560e-01	   6.2404789478116562e-01	   4.0708606976511164e-01	   4.3519017254704856e-01	   3.4158752165599793e-01	   4.5124356403958976e-01	   7.3983920795958458e-01	   6.3317416671834892e-01	   6.8399196131861373e-01	   6.9379530236094045e-01	   6.5263824039651241e-01	   3.1704206898618920e-01	   7.8685929497200346e-01	   8.0035062805342749e-01	   6.5017104738447240e-01	   7.4489897534143856e-01	   5.1890254466329933e-01	   6.3824719093457971e-01	   1.1240552483271934e-01	   4.7055907449059986e-01	   4.8957323307752387e-01	   4.9158303480511217e-01	   7.0065706770392033e-01	   7.5479589449365614e-01	   3.5629634889984030e-01	   5.8442137623129409e-01	  -1.9100105689187748e-02	   1.2030947884154375e-01	   2.5330337830339034e-01	   1.7326098617339142e-01	   3.8775262655635589e-01	  -4.0583118705605992e-02	   1.5062760970445346e-01	   2.9121536286191280e-01	   6.2778135629853338e-01	   6.6044398848721575e-01	   5.4185183318965990e-01	   4.6491397745459173e-01	   4.5927220363962218e-01	  -1.3581519288953234e-01	
   5.8835013561469518e-01	   3.3539403201519263e-01	   8.3677172648025877e-01	   0.0000000000000000e+00	   2.4320370118443521e-01	   2.2995793924670585e-01	   8.1029581238912174e-01	   8.1559619983000675e-01	   5.9006346907923901e-01	   2.3617364906517818e-01	   5.1522971362172620e-01	   6.0415848923048809e-01	   6.4465752498643814e-01	   7.1064578477834350e-01	   4.9780296014456710e-01	   6.2325610599419567e-01	   2.1891418752670749e-01	   1.6773831587370935e-01	   4.8885177336859414e-01	   4.5394679009951788e-01	   1.3912064696568940e-01	   2.1546879062177024e-01	   8.1134509140637689e-01	   8.5447975675138221e-01	   3.6571696378931534e-01	   4.5589862095871969e-01	   8.2597160033374278e-02	   1.5216977129673137e-01	   5.6122181330893106e-01	   5.0084963612991273e-01	   7.7029444590754315e-01	   8.1331362803177432e-01	   7.2973883142410034e-01	   6.9870671993920896e-01	   5.7908283280891060e-01	   6.2177563039891637e-01	   2.3335534197617547e-01	   4.1452597387599022e-01	   5.0090085918982197e-01	   5.8208497308175244e-01	   3.1934298572285902e-01	   5.9276053458423561e-01	   6.4228223854715072e-01	   5.1399632409181584e-01	   2.2425557125881596e-01	   2.1444815405788195e-01	   5.1799541959872486e-01	   5.0411562949391686e-01	   3.7540897632428483e-01	   3.8944818579875085e-01	   6.6887713150347650e-01	   6.9791467796147122e-01	   6.1693859371311599e-01	   4.6868966651716337e-01	   7.3958092531318775e-01	   5.6739307561074337e-01	   7.2143433485976655e-02	   5.8774937268660024e-02	   7.8847447111327207e-01	   7.8801773264485997e-01	   7.3620696239797268e-01	   7.0560782835323865e-01	   3.3813687333008985e-01	   4.8725721989844173e-01	   7.1030922745509395e-01	   7.5742581497498729e-01	   6.9362777754000016e-01	   7.3352577375504757e-01	   2.2282588288225397e-01	   2.0036834492130554e-01	   4.4819584236264798e-01	   3.3918216801468393e-01	   5.6343925143877183e-01	   5.4165106663551033e-01	   6.4503327398450350e-01	   6.5776979835630756e-01	   7.9074665562319857e-01	   7.2739854549365723e-01	   3.1451042249878586e-01	   3.8436942947916697e-01	   2.2432720498242315e-01	   3.2360755030720051e-01	   5.3859950896871667e-01	   4.7898101547442756e-01	   5.7550162564180185e-01	   6.2837276564956879e-01	   5.4144152894565922e-01	   2.4203774525470079e-01	   8.3275353074855596e-01	   8.1259464386434888e-01	   7.2408577557726317e-01	   7.0671132728402697e-01	   6.6640763858213781e-01	   6.1745490061517461e-01	   1.4033098942157510e-01	   4.1324433236093916e-01	   3.7742120970539178e-01	   4.1714361610146056e-01	   6.2789819284713722e-01	   6.5905146849211049e-01	   3.7077423493639250e-01	   6.4002643753869526e-01	   3.2158795878432195e-03	   1.8427926468450601e-01	   2.8698716062610879e-01	   2.0303378011903628e-01	   2.9925589697072974e-01	  -1.2201124354583531e-01	   6.9812894485803773e-02	   3.2703928866697057e-01	   5.2294357163603511e-01	   6.1399847220720327e-01	   6.2851256793518107e-01	   5.3157178243430270e-01	   6.0752489821514066e-01	  -1.0651168898591135e-01	
   4.2965306352201960e-01	   4.0491669241645495e-01	   4.7198167338013020e-01	   2.4320370118443521e-01	   0.0000000000000000e+00	   6.2602042394628221e-01	   2.4934427718870242e-01	   9.0295216740112344e-03	   2.6866072572470967e-01	   1.1185756541529082e-01	   1.5161105096328031e-01	  -1.3514959509785460e-01	   3.4145369379286883e-01	   1.4868762886060602e-01	   4.2733385671136093e-01	   2.4745437042029567e-01	   1.9749218780860797e-01	   2.3597083522062787e-01	   3.7340914846141410e-01	   2.4864774318320193e-01	   6.5192846874784038e-01	   6.2737824498325878e-01	   3.7972157128479456e-01	   1.9084829079059468e-01	   7.1698038417428533e-01	   6.3505314011724345e-01	   7.7156741188012534e-01	   7.0062110441831682e-01	   2.1703166081496597e-01	   2.5295207181652520e-02	   3.6142650139837729e-01	   1.3969486274246387e-01	   2.8439397403912670e-01	   1.5655939832484939e-01	   4.3842551756852416e-01	   2.4861130210879878e-01	   2.9393442598260788e-01	   3.5823120896385369e-01	   4.8174743240284801e-01	   5.1782551288605838e-01	   4.1533120932014178e-01	   4.7954859788074466e-01	   3.5996579415270236e-01	   2.5861734666033498e-01	   3.4269479055371299e-01	   2.6736579804815896e-01	   3.5715311811977329e-01	   3.6500613816811173e-01	   3.9063285962958666e-01	   3.3260141065509785e-01	   4.3703958145182875e-01	   3.9300748827301013e-01	   2.6766792338086776e-01	   4.7222902758991525e-01	   3.7269897673291963e-01	   5.1624879760809506e-01	   3.1498842981931574e-01	   2.8929478877012949e-01	   3.5870195201399291e-01	   2.6184095810428398e-01	   1.4395989750050087e-01	  -1.0888029009896552e-01	   3.6942050829396299e-02	  -2.2781672313642698e-01	   4.6397295220988821e-01	   3.6350569611427597e-01	   4.3488486600468124e-01	   3.4476124077932691e-01	   2.9087383984001669e-01	   2.0560085386016469e-01	   1.5232565343952206e-01	   2.4405318457344771e-01	   2.3585256960409173e-01	   1.3527800167993309e-01	   2.7646426639197552e-01	   1.4942383280887950e-01	   1.3842407461122561e-01	   4.5808570059699433e-02	   3.5921004539745172e-01	   3.0461511187325957e-01	   3.2685699003627727e-01	   4.1192172161121493e-01	   6.2653502669570316e-01	   6.0307111833125726e-01	   4.9081094163980743e-01	   4.3553972971894356e-01	   4.5233590404056778e-01	   5.8895754958520841e-01	   3.3626789238196464e-01	   4.1465959130814917e-01	  -1.8034569653801145e-02	   2.1261050432065351e-01	  -1.0138847995315066e-01	   8.6219204133779037e-02	   8.1552932205167336e-02	   5.2923654215554850e-01	   4.8103944937643939e-01	   5.5822042538371763e-01	   2.5171116411256345e-01	   3.9569506286117107e-01	   6.8969140618100069e-02	  -9.8381598657013097e-02	   7.5966317097429820e-02	  -1.2697013982207270e-01	  -9.1595739745630927e-02	  -9.1114753851367067e-02	   8.5858642453049000e-02	  -9.1982106118240411e-02	   1.8560033644427834e-01	   3.7264069724186090e-02	   3.5576915257108438e-01	   2.0030815905866639e-01	   1.4346581495946764e-01	   1.7562864767165368e-01	   9.9925643939898459e-02	  -1.7963350712013534e-01	
   2.1531986003377093e-01	   1.5488346921348534e-01	   2.4143154071476253e-01	   2.2995793924670585e-01	   6.2602042394628221e-01	   0.0000000000000000e+00	   1.7082315796414951e-01	   1.3075249919075313e-01	   1.0517897096778313e-01	   3.1368460256683961e-01	  -5.6505730581158445e-02	  -6.9883367245860389e-02	   1.1908897555579681e-01	   2.1040025438489240e-01	   1.8098087403624796e-01	   1.3060788242384652e-01	   5.9068700932887699e-02	   1.9696865269088451e-01	   2.8769654756902391e-01	   2.1323256812739894e-01	   4.9996872820224808e-01	   5.4955361581419182e-01	   9.8456190916700451e-02	   7.7285761103548248e-02	   6.5325931539808513e-01	   7.2146873044434789e-01	   4.9767031709041376e-01	   4.9303050996804360e-01	   1.5669857470291471e-01	   1.2521059515805671e-01	   4.0451774960557019e-01	   2.8149388998507563e-01	   4.4064230017778816e-01	   3.8293614882875138e-01	   4.1020271237168238e-01	   3.3259551314265190e-01	   5.4078437660718426e-01	   5.0146459519390252e-01	   5.2800825033084287e-01	   5.8837394430224754e-01	   5.0860244100641505e-01	   4.1692492344140997e-01	   4.0702392974122303e-01	   3.8319069885925272e-01	   3.3205285573581056e-01	   2.8125962255726200e-01	   3.9846561946506370e-01	   4.0938385849437720e-01	   3.6493273724456715e-01	   2.5639682318571483e-01	   4.3303397365057894e-01	   2.4913572135897488e-01	   1.5884123908512784e-01	   4.0975005751625715e-01	   2.5022385514639717e-01	   5.1803955657771017e-01	   1.8081324041050650e-01	   1.5833128803791424e-01	   4.3961759926897287e-01	   3.7134695526332762e-01	   3.0480542049274828e-01	   1.6126515877166522e-01	   6.9396527429248789e-02	  -7.5945114533958746e-02	   3.1791337336354514e-01	   4.4424849920442122e-01	   4.4628638740822868e-01	   4.9849508230287659e-01	   7.7042356511757809e-02	   1.0170786217083350e-01	   1.5377257973395501e-02	  -7.6804700468850705e-03	   2.0010398451555905e-01	   1.7331075422146475e-01	   2.4533181827472986e-01	   2.0779444103300454e-01	   1.0073455331362655e-01	   7.8815725364214818e-03	   2.9631532173876407e-01	   3.3097978278808426e-01	   2.8131283334752999e-01	   3.9559966411086278e-01	   4.0573970448558350e-01	   5.2057473598228077e-01	   4.1667550651755603e-01	   4.7642100780846830e-01	   2.4964672571040430e-01	   4.2491982887620589e-01	   2.5533633756277779e-01	   2.8895364693517628e-01	   4.7213882791414377e-02	   1.3488247680430732e-01	  -1.2070204712419388e-01	  -1.2504326534335400e-01	  -4.5583206031653389e-02	   3.9968330988176909e-01	   4.4430722014193158e-01	   5.7540039165074808e-01	   2.2054041309276157e-01	   3.0443370155306276e-01	   8.1021706882750039e-02	  -1.7428706144009531e-01	   1.6341050381961302e-02	  -1.7431606807286931e-01	  -1.4243139918027231e-01	  -3.2646854527395563e-01	   1.5876940705345488e-01	  -8.0758386415739625e-02	  -8.2548855071538738e-02	  -2.5411593058876053e-01	   3.8219991801708841e-01	   1.9320052247716982e-01	   9.5633663364387778e-02	   1.5865939823089528e-01	   1.6639982438967621e-01	  -8.9183063112166609e-03	
   6.5525885295639963e-01	   3.6464471783622887e-01	   8.8282264858230997e-01	   8.1029581238912174e-01	   2.4934427718870242e-01	   1.7082315796414951e-01	   0.0000000000000000e+00	   8.1700248494038397e-01	   7.9640932675967702e-01	   3.5209014384216791e-01	   7.1320583769274704e-01	   5.4392807768443896e-01	   8.0363337779781441e-01	   6.6081973461589383e-01	   6.7147763370384050e-01	   6.4569299216637355e-01	   3.0289017996789169e-01	   1.9901141279662282e-01	   6.6238786787231541e-01	   5.9191154335187057e-01	   2.0529627884566921e-02	   1.2754226407988556e-01	   7.2904105860678436e-01	   6.3740344799680826e-01	   1.9705213704475213e-01	   2.1056837876754311e-01	   9.3560334887863444e-03	  -9.0748028695284734e-03	   6.8310939538223270e-01	   5.5705810916077991e-01	   6.2110135709468883e-01	   6.2323634915671222e-01	   7.3214011337448626e-01	   7.2729046911863482e-01	   4.6002290399743850e-01	   4.0251054407840775e-01	   1.0866857349743210e-01	   1.8504710582281450e-01	   4.1782341527290812e-01	   4.6174514858071763e-01	   1.7436709335796743e-01	   4.5932643868890632e-01	   6.7124264558022495e-01	   5.7449758637983184e-01	   3.9745915972470541e-01	   3.5785177736844154e-01	   6.1340645380747993e-01	   5.6170318850903322e-01	   4.4954591467381044e-01	   4.6631309802362375e-01	   6.0668708592057041e-01	   6.6777194864776201e-01	   6.1748014583057209e-01	   4.8859952589642675e-01	   7.4642990286715982e-01	   5.8300291251403080e-01	   5.0803244206818227e-02	   9.1932974971292158e-02	   7.6119140098427907e-01	   6.6052619291967918e-01	   7.8255821194609099e-01	   6.0048049708871354e-01	   4.4383110366823497e-01	   6.4920604794335790e-01	   5.9342370282761236e-01	   5.2557503325127475e-01	   6.8680835506663662e-01	   6.4901380430013877e-01	   2.5428554270181447e-01	   1.8325311224607443e-01	   2.9493400122061342e-01	   3.2327518433400765e-01	   5.5824993069251860e-01	   5.1037819453078892e-01	   5.4449414816888564e-01	   5.8972702970278146e-01	   7.0072487923573201e-01	   6.8955632371657649e-01	   3.5335931835216661e-01	   4.0889743010506396e-01	   3.4873847391271251e-01	   4.1575826974067920e-01	   6.3544909851227704e-01	   5.3391621416660917e-01	   5.7434251701184469e-01	   6.0303112631370814e-01	   4.2285363343620419e-01	   1.1046681935872890e-01	   8.0489168201763195e-01	   8.0237124566996765e-01	   6.9151384781937053e-01	   8.0846049450411717e-01	   5.8549524395355468e-01	   6.6211615109301336e-01	   1.0007320381093161e-01	   3.4964526456872569e-01	   3.9976585815632260e-01	   3.8653732866273993e-01	   7.1578846127424012e-01	   7.2212505236714275e-01	   3.5556234955793725e-01	   6.1836920313811139e-01	  -4.4981763515223351e-02	   1.5532469779909408e-01	   2.8866042889224253e-01	   1.1249701273076015e-01	   3.4856513250612464e-01	  -3.6255058155900008e-02	   1.3117964022990611e-03	   3.4485789561125468e-01	   5.9689420666051429e-01	   6.5198478544439487e-01	   6.1570643831385052e-01	   4.6611732504550046e-01	   4.4150058035063144e-01	   9.9263853549277029e-03	
   4.8766438187908490e-01	   2.2055956366599988e-01	   6.3752100898187847e-01	   8.1559619983000675e-01	   9.0295216740112344e-03	   1.3075249919075313e-01	   8.1700248494038397e-01	   0.0000000000000000e+00	   6.9516158196399835e-01	   4.6669506885037465e-01	   6.2647096532619218e-01	   7.6388920647595049e-01	   6.6355404045185074e-01	   8.1411840210792241e-01	   5.1317458822343776e-01	   5.5703194932704791e-01	   1.8229677020168283e-01	   6.0007780487346202e-02	   5.0397389137169690e-01	   5.0968224960957276e-01	  -1.4992183472572737e-01	  -5.7831135379675512e-02	   5.2917841931245646e-01	   5.4608239465317865e-01	  -1.9753504859722902e-02	   1.0489797858902418e-01	  -3.2060744740559344e-01	  -2.3327389038808671e-01	   5.7765458354100241e-01	   5.9539211712642337e-01	   5.2637161043360003e-01	   6.3595114999477731e-01	   6.1246257429266659e-01	   6.8769830605135851e-01	   2.8206668301649884e-01	   3.2374248461685290e-01	   1.5006797208191819e-01	   1.8975634674254221e-01	   3.0999702114886368e-01	   3.6962068638000428e-01	   1.8017228701465499e-01	   3.7803267915239563e-01	   4.3800160778694930e-01	   3.3155552690045365e-01	   1.0231626408971378e-01	   7.9251942868843392e-02	   3.4333269432686764e-01	   3.1118679112060510e-01	   2.5756575198996767e-01	   2.7414719529745424e-01	   4.7131393183923737e-01	   5.2432181122951338e-01	   5.3380209012936608e-01	   2.7894297438620491e-01	   5.8242155530574857e-01	   3.7350848807973869e-01	  -8.8666721575391599e-02	  -6.3893319673103632e-02	   6.9935029309767405e-01	   7.2258464523988919e-01	   8.1674721179403065e-01	   8.7929745853800823e-01	   4.2429552236107787e-01	   7.3358121298785606e-01	   3.9184821006078807e-01	   4.8542293760583188e-01	   4.3948660333158179e-01	   4.9077555549965923e-01	   9.5932247107466395e-02	   7.6183329466704253e-02	   2.7594259581081793e-01	   2.5592841300356628e-01	   5.9279948114485836e-01	   6.2882472947623591e-01	   5.8593131778638041e-01	   6.9941266939785596e-01	   7.4479819340005771e-01	   7.3795233451569753e-01	   1.6550669906142557e-01	   2.3671107667495048e-01	   1.9336855502245065e-01	   1.8616723961917600e-01	   3.4826150231524866e-01	   3.0988820455325738e-01	   3.5762837759887850e-01	   3.9680699466389813e-01	   3.2883370303166976e-01	  -1.6796870466380950e-01	   7.4812748195622747e-01	   7.1541857057099489e-01	   7.6520929290178097e-01	   7.4559737748539834e-01	   6.7441807666310394e-01	   6.3319781833819533e-01	   1.4781343006223890e-01	   3.4003524102180815e-01	   1.9428952558661133e-01	   2.1103360422926884e-01	   5.5637393151890113e-01	   5.3544052520744079e-01	   2.7016778207266368e-01	   6.4116587405160130e-01	  -1.4018020673852438e-01	   2.7882963741268629e-01	   2.7044331805019672e-01	   1.5501716637752697e-01	   2.5287608031325337e-01	  -1.9428913044255697e-01	  -2.9126014400496555e-02	   3.6507870159863515e-01	   4.0029128532256064e-01	   5.6719703101797925e-01	   6.9835285163380767e-01	   4.9929045909276365e-01	   5.3840977369390353e-01	   4.4799371271692763e-02	
   4.3595480472682246e-01	   2.7228966164631041e-01	   6.8834440143195441e-01	   5.9006346907923901e-01	   2.6866072572470967e-01	   1.0517897096778313e-01	   7.9640932675967702e-01	   6.9516158196399835e-01	   0.0000000000000000e+00	   6.0428319113798590e-01	   5.1303886748674021e-01	   4.1159020512775391e-01	   6.1641628216407773e-01	   4.7627709225761872e-01	   7.8788376527644433e-01	   6.5376841489229509e-01	   2.5329630576022877e-01	   8.8406693846990403e-02	   5.3170244333532601e-01	   4.5870844228120278e-01	   2.1002273869725259e-02	   1.1598398652699839e-01	   5.6783468432574613e-01	   4.5854818332888142e-01	   3.1047112800596962e-02	   3.3009744632253160e-02	  -3.1498014370270944e-02	  -6.7248058879297284e-03	   5.2405990043572248e-01	   4.2893884394607856e-01	   4.2246303422408077e-01	   4.1725782050355043e-01	   4.4359172895298254e-01	   4.5598314576175569e-01	   3.2018683337409087e-01	   2.7451359165619782e-01	  -1.0849261829820189e-01	  -4.5930055659296018e-02	   2.3326912796105198e-01	   1.8112598812304909e-01	  -6.1687914365519209e-02	   2.6877564691866007e-01	   3.9042893898300846e-01	   3.0667279993752644e-01	   2.6588601671461881e-01	   2.3514124078441581e-01	   3.6646772876146561e-01	   2.7295574631631858e-01	   2.2782885838176387e-01	   2.5635222220115539e-01	   3.8385418928621695e-01	   4.3289188191919981e-01	   5.5935026891478912e-01	   2.8926324774746914e-01	   5.8692811602764938e-01	   3.1979017856704928e-01	  -1.2117693270636028e-02	   5.6799912974974012e-02	   5.0657547005113601e-01	   4.0376717594224254e-01	   5.4833084811080235e-01	   5.2587886152081298e-01	   2.1397347961803698e-01	   5.5550851808664869e-01	   3.8036164566122804e-01	   3.2766069952347193e-01	   4.3311958121138971e-01	   4.0182105857041162e-01	   2.4743056651270995e-01	   1.1035445902255578e-01	   2.9677763547738445e-01	   3.5412558104821773e-01	   3.3084346910046314e-01	   3.2979407608828182e-01	   3.3976498723530296e-01	   3.8663850107502740e-01	   5.6189032665566452e-01	   5.7963396114644794e-01	   2.5786384234553894e-01	   3.0762496110437243e-01	   2.4786472884973507e-01	   3.1629365218417138e-01	   5.1742045543064596e-01	   3.8604181655295866e-01	   3.8221209870190020e-01	   4.5793782693223911e-01	   3.4614545937604252e-01	  -1.0243815799186373e-01	   6.0440460828750620e-01	   6.5617368124958309e-01	   6.2549011284348266e-01	   6.2277160956716604e-01	   5.5207424715476017e-01	   5.9058641382503307e-01	   1.4167615662338165e-01	   2.8800295115713248e-01	   1.8109624735133140e-01	   1.0007009388919919e-01	   5.3837827798869009e-01	   4.9956677204165489e-01	   2.0074058179954904e-01	   5.3456805878158187e-01	  -8.2393414012111699e-02	   1.1325412686323891e-01	   2.5037976837152226e-01	   1.6929651988671285e-01	   2.6478921062498700e-01	  -1.9839385699677300e-01	   8.6395279853631546e-02	   3.0449142843644195e-01	   2.8526664652748746e-01	   5.6343325894794560e-01	   6.0649894062868781e-01	   3.9369700538952490e-01	   2.4778300460326558e-01	   1.7335432121223660e-03	
  -6.8898670528838310e-03	  -5.9257077836665936e-02	   1.6411325977701602e-01	   2.3617364906517818e-01	   1.1185756541529082e-01	   3.1368460256683961e-01	   3.5209014384216791e-01	   4.6669506885037465e-01	   6.0428319113798590e-01	   0.0000000000000000e+00	   2.2154031675751781e-01	   2.4852515482193560e-01	   2.0160320273018262e-01	   2.2179804428365746e-01	   5.2168438351069968e-01	   4.9240213572574099e-01	   3.1217896590230804e-02	  -1.0683885764795327e-01	   2.6718470837278130e-01	   2.2277202566319432e-01	  -1.0031681433426359e-01	  -5.3518257005302099e-02	   7.4952483792570176e-02	   1.1849495811838405e-01	  -1.6485524852772754e-01	  -7.2317601773314699e-02	  -1.3060987914876337e-01	  -5.7463071045154329e-02	   2.3646899666094465e-01	   2.8021066435709829e-01	   1.3056602249445010e-01	   1.6035326292696839e-01	   1.5726172697112875e-01	   2.1157625899859200e-01	  -7.0650059411107677e-02	   1.2566901864635140e-02	   6.2649296182220371e-02	  -9.4365310813483511e-02	   7.7686282444036414e-02	   7.1918685735815835e-02	   3.6010898146586901e-04	   4.6354041788739760e-02	  -4.8390839800106413e-03	  -3.3679392048270203e-02	  -7.2818057362082467e-02	  -7.8555948144831481e-02	   1.1663440085797644e-02	  -6.3688425172587979e-02	  -8.5627729027344140e-02	  -1.4238241177816185e-01	  -2.7225025851643318e-02	  -5.6412634301408464e-02	   1.6597302831764593e-01	  -2.2342621592684353e-02	   1.7720117432802779e-01	   4.4090350793255496e-02	  -1.8896848528219135e-01	  -1.8198074755557836e-01	   5.5142779534260090e-02	   2.8669305980328894e-02	   2.8843900383863097e-01	   3.4118727188950937e-01	   1.4026486899972915e-01	   3.8057772402072820e-01	  -1.4484634239146069e-01	  -6.2268592798363706e-02	  -7.1401741680746644e-02	  -2.4380771507624566e-03	  -8.0691456247224860e-02	  -1.9048473874535343e-01	   2.0119800394197512e-01	   2.9771351211774078e-01	   3.1782822139080857e-01	   3.4394145000376869e-01	   3.0235284340792118e-01	   3.6423042965292696e-01	   3.0449120508929961e-01	   3.1352275487558035e-01	   1.3250347479283924e-02	   4.6460869968793776e-02	   3.6512344114889100e-02	   7.4570764682168972e-02	   1.0003959789601426e-01	   1.6992292544210330e-01	  -3.4488934616499892e-02	   9.0281053669541339e-02	  -1.1537118557174326e-01	  -2.9624075122451915e-01	   2.8944786150550705e-01	   2.8445448518085065e-01	   3.2455499284252914e-01	   2.2593015690155366e-01	   2.8687424372020742e-01	   1.1804226901584530e-01	  -2.1092792679591306e-02	   1.2325601000920025e-01	  -7.8326060044875051e-02	  -5.9913065908802264e-02	   1.5967929445717671e-01	   7.4661399306335946e-02	   4.6029329767981519e-02	   1.2577894277897972e-01	  -6.8860437854120549e-02	  -5.6880131819218305e-02	   8.2480584456870065e-02	  -2.4629811962574261e-02	   2.4591429730340023e-02	  -3.0753443112079498e-01	   2.3557760740384931e-01	   1.0094835164761697e-01	   3.5426133838691379e-02	   2.2257944862146026e-01	   3.2626171229847911e-01	   2.3946816354748701e-01	   1.1147798754333571e-01	   3.4461095277006332e-02	
   6.5438422073238200e-01	   3.8659563905368421e-01	   6.1357543508230594e-01	   5.1522971362172620e-01	   1.5161105096328031e-01	  -5.6505730581158445e-02	   7.1320583769274704e-01	   6.2647096532619218e-01	   5.1303886748674021e-01	   2.2154031675751781e-01	   0.0000000000000000e+00	   7.1422599655424590e-01	   8.9220573573594075e-01	   7.1607693497550562e-01	   6.9266202269581278e-01	   5.8180593702599415e-01	   3.8038707856124415e-01	   2.2182484562165289e-01	   6.3324604081432401e-01	   5.5779910667862920e-01	  -1.7255671666404115e-01	  -7.7751924396187749e-02	   5.3203937681505831e-01	   4.1028421296760664e-01	  -8.3055657512487099e-02	  -7.8025313424691475e-02	  -1.0542888205811471e-01	  -1.3216169050432253e-01	   7.3342434509368970e-01	   6.3113833602827907e-01	   2.9519498249540865e-01	   3.6113353067287085e-01	   4.2620847866942468e-01	   4.7152329791292269e-01	   1.0596458152681291e-01	   7.0813444516858892e-02	   2.5470568813507670e-02	   7.8662321033605709e-02	   2.3207785786833332e-01	   2.9592182109700366e-01	   1.3041658382942251e-01	   3.5832692327509830e-01	   4.3416194563522698e-01	   3.9880888679433996e-01	   2.1792712180177840e-01	   1.8519554587516157e-01	   4.4003751118553780e-01	   3.9804507620390545e-01	   3.5224607272568498e-01	   3.2528081254534008e-01	   3.5921163523118016e-01	   4.8393772357591341e-01	   4.4869123065491412e-01	   3.3945648658695171e-01	   5.1259595868873087e-01	   3.4759493102868610e-01	   9.8471269853219273e-02	   9.4191847751180321e-02	   4.5892822511514542e-01	   4.0757095359470508e-01	   6.1298680240591208e-01	   4.4886976984065541e-01	   6.4947346418965501e-01	   7.4451713681927911e-01	   3.0863642694199611e-01	   1.5948306151197578e-01	   2.9738300346378177e-01	   2.2587424615917875e-01	   2.1092547762037900e-01	   1.4202602239847961e-01	   2.3372870000157350e-01	   3.5967915940429551e-01	   6.0853298372364995e-01	   5.5907992051173849e-01	   5.5874225117939047e-01	   5.6681172574328398e-01	   5.7592138946015303e-01	   5.7594471951747384e-01	   3.0608301272803895e-01	   2.9255760422234911e-01	   3.1080757685283061e-01	   3.0635259807553961e-01	   4.8189216180527245e-01	   4.3921476274435312e-01	   4.0036884707305892e-01	   3.3386792810217036e-01	   2.3568857544420010e-01	  -7.5855056114877542e-02	   6.0911775873586760e-01	   5.5049428020627689e-01	   5.6077244622180822e-01	   6.6959441430118438e-01	   4.6659786182854956e-01	   5.8043812919621041e-01	   7.9335740381325418e-02	   2.3668934241536918e-01	   2.9478446750359355e-01	   2.9053954817198724e-01	   5.9464518361083107e-01	   5.8853123183485623e-01	   3.6022079681359959e-01	   4.1709197866859848e-01	   8.3665649860807226e-02	   3.0264542997419541e-01	   2.4993631115268589e-01	   2.4430758466620242e-01	   1.6812318074082230e-01	  -5.8376866724749996e-02	   1.2517183363415238e-01	   4.3786241699921596e-01	   4.2296647529509013e-01	   5.6211274882963647e-01	   4.9171044523748414e-01	   3.9811847506050746e-01	   3.6741942707471609e-01	  -6.6157060140497576e-02	
   4.1579551169857004e-01	   1.2305687342891153e-01	   4.2349844035987710e-01	   6.0415848923048809e-01	  -1.3514959509785460e-01	  -6.9883367245860389e-02	   5.4392807768443896e-01	   7.6388920647595049e-01	   4.1159020512775391e-01	   2.4852515482193560e-01	   7.1422599655424590e-01	   0.0000000000000000e+00	   6.7921515949250511e-01	   8.6534038982149442e-01	   4.4203091978092340e-01	   5.9276138758777774e-01	   1.9765940488687608e-01	   4.0907683016966033e-02	   3.9246176509940156e-01	   3.5660299749664304e-01	  -2.8044122392835313e-01	  -1.7656204296293168e-01	   4.3255473169393877e-01	   4.8749222837683825e-01	  -2.0559787589601797e-01	  -7.0142408315443147e-02	  -2.9015645135775703e-01	  -1.7240289514570784e-01	   5.9469789268256212e-01	   5.9189090488639351e-01	   3.0271043619733595e-01	   4.9335751582713649e-01	   3.2174208528135229e-01	   4.4966970436479115e-01	   4.0506067098743812e-02	   1.3989253296753881e-01	  -1.3527799019350658e-02	   9.8710590818101254e-02	   6.6535119405044224e-02	   1.3391188039963181e-01	   1.1594096101038344e-01	   3.1722448253967150e-01	   2.4378836125054484e-01	   1.9511720656325426e-01	  -6.9545361060161098e-02	  -7.8023098899689530e-02	   1.5031002780074604e-01	   1.5498683906103433e-01	   1.3559824563663159e-01	   1.2561269332906519e-01	   2.8498185135678433e-01	   3.5320938500691523e-01	   3.3581166155700931e-01	   1.3066561545089950e-01	   3.7584120199668936e-01	   1.2920757200744329e-01	  -1.1250469956174028e-01	  -1.3993003796192743e-01	   4.5541600139148519e-01	   5.1736351665779168e-01	   5.6407303236766160e-01	   7.3944818192917861e-01	   4.5198336821936513e-01	   7.3760171621510262e-01	   2.1805381157188625e-01	   3.0860948798167165e-01	   1.5574628792724299e-01	   2.2944143655725779e-01	  -1.1097995199568715e-02	  -5.8728745191945486e-02	   3.2401693096130857e-01	   3.2272425931748971e-01	   5.6857600037820988e-01	   5.6241745567657908e-01	   5.4666651279897804e-01	   6.3800156002616593e-01	   6.2286656097882676e-01	   5.6807151485772889e-01	   5.3375792250999657e-02	   9.2176202236905536e-02	   1.1236917635546986e-01	   5.5553665818818668e-02	   2.2659123609732332e-01	   1.6077191116686859e-01	   2.7145058411591289e-01	   2.0185400602393203e-01	   2.6665775364585742e-01	  -3.0059631936208231e-01	   5.6908076738114799e-01	   4.7935581255010085e-01	   6.2328614369912483e-01	   5.4164072490082971e-01	   6.4196569246567403e-01	   5.5712425184746428e-01	   7.2441177062947254e-02	   1.5583833002274938e-01	   1.2234043439334177e-02	   6.9694796923425423e-02	   3.3320236284350824e-01	   3.1198973742109970e-01	   2.2960725840037804e-01	   5.1483663729193208e-01	  -3.0123233465717617e-02	   3.4496495203905275e-01	   2.3701588536882620e-01	   2.7481178126589489e-01	   2.4937578834766511e-02	  -1.5135140777413245e-01	  -2.0915487837758429e-02	   3.6776116482074317e-01	   2.1897818503420019e-01	   4.3239024733985482e-01	   4.9776097187418844e-01	   3.7883532345603860e-01	   4.9713710506478592e-01	   8.9265094249975536e-03	
   6.9713712751847301e-01	   4.0121745880068610e-01	   7.7607512728123862e-01	   6.4465752498643814e-01	   3.4145369379286883e-01	   1.1908897555579681e-01	   8.0363337779781441e-01	   6.6355404045185074e-01	   6.1641628216407773e-01	   2.0160320273018262e-01	   8.9220573573594075e-01	   6.7921515949250511e-01	   0.0000000000000000e+00	   7.9383526965364615e-01	   7.3858609077132265e-01	   6.0958968377123068e-01	   3.7301129628961144e-01	   2.4658164003295796e-01	   6.6732302462167847e-01	   5.8090351333955903e-01	  -1.0485433964151924e-02	   8.4058088808711434e-02	   6.8169113399062709e-01	   5.3981773212410789e-01	   1.4263687756093107e-01	   1.4891703107574467e-01	   8.0555402117145278e-02	   5.3387121999570630e-02	   7.5886289376509319e-01	   5.7081062350346212e-01	   4.4819141703179366e-01	   4.7726961641941495e-01	   5.4935770922775951e-01	   5.7926024187896386e-01	   3.4530145222381592e-01	   2.7028520007204154e-01	   8.8363365947382574e-02	   2.1749966725688036e-01	   3.5039111858968486e-01	   4.2057281561964271e-01	   1.9646229464548159e-01	   4.8199713782689096e-01	   5.6985461022051687e-01	   4.7809238042421742e-01	   2.7450328288700498e-01	   2.0895376171123176e-01	   5.3090242962320755e-01	   4.8759377111720797e-01	   4.0924476655048825e-01	   3.7548429282867191e-01	   5.0914568753366640e-01	   5.9616063519875506e-01	   5.1563868630165421e-01	   4.3123392147585282e-01	   6.3678866266039180e-01	   4.6370343123729818e-01	   1.0588783695132459e-01	   1.0489403370718786e-01	   6.4810121390227415e-01	   5.5946842628092031e-01	   6.3930530709883437e-01	   4.8612853327682382e-01	   5.3913828162539013e-01	   6.0451496134203064e-01	   5.1273960500130533e-01	   4.1520544590252939e-01	   5.1811237002803101e-01	   4.4065525153434038e-01	   2.6708979232004421e-01	   1.8924052539219979e-01	   3.1949657973511419e-01	   4.2309409480695875e-01	   6.3242102197298844e-01	   5.8131683541124435e-01	   6.0122506949121501e-01	   6.1235777950546555e-01	   6.9035513401569792e-01	   6.3541342562515712e-01	   3.5717686116524627e-01	   3.6823650464263102e-01	   3.3359396145408005e-01	   3.6105125458602971e-01	   6.2796095889134995e-01	   5.0018082425150845e-01	   5.5095809719155198e-01	   4.8881095335240804e-01	   4.3455362845818740e-01	   4.5095053548816516e-02	   7.0107774088864128e-01	   6.5998686295009268e-01	   6.2506141610777755e-01	   7.7756033890936316e-01	   5.2620927799731942e-01	   6.7730375772960838e-01	   6.7436487056968225e-02	   3.2983127226306314e-01	   3.9195931954878949e-01	   3.8167745838941552e-01	   6.7312253512378439e-01	   6.8510974820501547e-01	   3.7616275021897783e-01	   4.9490822268758172e-01	   9.7023601353213251e-02	   3.0645691683830856e-01	   2.8118723261457867e-01	   2.6551417974628583e-01	   2.6987022113818826e-01	  -6.1140555322138794e-02	   3.5700422206540211e-02	   3.8327667260114173e-01	   5.4080746892662290e-01	   6.9366932609582921e-01	   5.9631849460840425e-01	   4.7000499684012287e-01	   4.8354789959810096e-01	  -8.6013470305936091e-02	
