   0.0000000000000000e+00	   9.0323647999949341e-01	   6.5386260317458367e-01	   5.1852024798730301e-01	   3.8222878470650168e-01	   3.5173002049601254e-01	   6.2589010018797220e-01	   4.8157539122116522e-01	   5.6051735185148233e-01	   3.9186556324981164e-01	   7.5904989262244305e-01	   5.6073322576456519e-01	   6.1135270715198975e-01	   5.2571035039126313e-01	   6.2370471593066790e-01	   5.8417321124469412e-01	   6.7481024188811245e-01	   8.5409738963617499e-01	   7.4338550659537517e-01	   7.4055256016943005e-01	   3.0381009989165259e-01	   1.0913352913151794e-01	   3.6937335671907623e-01	   2.8089609696929257e-01	   3.6553836953943308e-01	   3.6957276050458832e-01	   4.8689500223737309e-01	   4.4532284882979523e-01	   6.6220833327303819e-01	   7.7302878173096978e-01	   4.6479039390378296e-01	   3.5298321917267483e-01	   7.4054615548974057e-01	   7.1267241761943356e-01	   2.9539767023066354e-01	   2.8382885693561694e-01	   3.6810299766166688e-01	   3.6052422837410669e-01	   1.8574535578118501e-01	   1.8503043526192886e-01	   5.3247833012529000e-01	   8.2805178685978087e-02	   4.6946560122998188e-01	   3.4264404802659953e-01	   3.9007646939053675e-01	   3.5855587943416733e-01	   5.0684547602965047e-01	   3.6102478845244201e-01	   4.3851526794646389e-01	   4.0343196742109316e-01	   4.1245022391550057e-01	   4.6888227412151395e-01	   6.0388239939140664e-01	   4.1296884183721005e-01	   6.5492845157230573e-01	   5.5157066444245229e-01	   8.5247218144494852e-01	   8.7769556235086355e-01	   7.8797066701630736e-01	   6.5908626356761402e-01	   7.0876244455496096e-01	   4.6854057072158639e-01	   6.9854901651006696e-01	   6.4622731779515119e-01	   2.1478779811196741e-01	   2.1427940558355010e-01	   6.0258209340355129e-01	   5.3893082705907391e-01	   7.4174960681882440e-01	   6.9356365812559806e-01	   6.4109677250919406e-01	   7.2257684339859662e-01	   7.0640697224969429e-01	   7.2290099022857157e-01	   6.4441770038934854e-01	   7.0500827304576408e-01	   8.0510893687455221e-01	   6.8860184581624451e-01	   6.6108796884890486e-01	   8.1699987325013812e-01	   6.2547385321167392e-01	   7.4128314111900839e-01	   5.9050984738806034e-01	   5.1685689400946422e-01	   6.1776622210621912e-01	   4.0638814760977382e-01	   4.0239189038550183e-01	   2.0730132613185093e-01	   7.5744142202224707e-01	   6.8230523522381459e-01	   5.3284099640440785e-01	   5.4769633271204876e-01	   4.8438651409263400e-01	   4.2049354820861629e-01	   1.9656380931672987e-01	   2.1686995340244530e-01	   5.0968727792944524e-01	   5.6969037968193292e-01	   6.7177165522312832e-01	   6.6665730081411478e-01	   4.1838004625801845e-01	   4.5768782480102066e-01	   4.2257905904946169e-01	   5.5527108757393995e-01	   3.3376824891598234e-01	   4.4784688298194353e-01	   3.0810377279355550e-01	   3.7987255554003252e-01	   1.5314561080763367e-01	   2.2584607467166529e-01	   4.5405662780764738e-01	   5.8952195578249489e-01	   5.6497022955798526e-01	   5.3406794369058097e-01	   5.2677731085838864e-01	   2.2905804229196763e-01	
   9.0323647999949341e-01	   0.0000000000000000e+00	   5.8823497869087626e-01	   5.5695503073072494e-01	   4.8336491787170544e-01	   4.8427874419705286e-01	   5.6595779168497384e-01	   5.3311414462746820e-01	   5.6744294027111986e-01	   4.3116060123654698e-01	   5.7786674415669204e-01	   5.7625905124598009e-01	   4.3866782886079436e-01	   4.8868994846737496e-01	   4.8529207632332749e-01	   5.9958256267511678e-01	   6.2377467100060868e-01	   8.4262368052508752e-01	   7.1240002166629446e-01	   8.0492808779896086e-01	   1.7901386410254172e-01	   1.8566547185897347e-01	   3.0334093831214409e-01	   2.6834450487175637e-01	   3.3063995412983421e-01	   3.4345855422354560e-01	   3.9043379231467734e-01	   4.6551496840550721e-01	   5.8180882061709294e-01	   7.8636586084815696e-01	   4.4893584842514228e-01	   3.3880384396342605e-01	   7.7614717910386499e-01	   7.6113960006221848e-01	   3.2438255375000569e-01	   3.3967987239739478e-01	   3.4917553973902871e-01	   3.9749167997443691e-01	   2.1354082250051365e-01	   2.1256575386887783e-01	   4.7127356018049937e-01	   5.9510199385869496e-02	   5.6572061388575823e-01	   4.2519868010026590e-01	   5.2184257773138032e-01	   4.7793566122375386e-01	   6.0402467060385123e-01	   4.7627609575897106e-01	   4.7990204450396140e-01	   4.8764488135000622e-01	   4.4059596619957897e-01	   4.8102379647577198e-01	   6.3290138336523238e-01	   3.9589469216481654e-01	   6.8180126226855697e-01	   6.1371950090703076e-01	   7.8159091444449191e-01	   8.8967243780804350e-01	   6.9552656940432622e-01	   7.1477897433005377e-01	   6.0763930019609802e-01	   5.3138289559682339e-01	   6.7501036757392141e-01	   7.1445325810698335e-01	   1.8282428555358859e-01	   2.1329331833738208e-01	   6.0989526742904876e-01	   6.1157322817684789e-01	   7.4696316808985930e-01	   7.4404848093056231e-01	   5.9152952925210656e-01	   7.1883886747844805e-01	   7.4855406935402868e-01	   8.1165136882467392e-01	   5.8770494333302947e-01	   7.5714651881721040e-01	   8.0233767997855243e-01	   7.4328447769011119e-01	   5.9759987267761128e-01	   8.1488372114258267e-01	   5.9331205205348725e-01	   6.9338540607690446e-01	   5.3932214677827228e-01	   4.5682220501182358e-01	   5.1443965116042223e-01	   3.6835044403009981e-01	   3.8816614624479279e-01	   1.1557911489488101e-01	   6.7686443896508175e-01	   7.0849090880608134e-01	   5.3009930529598615e-01	   5.0908566058997784e-01	   4.6661478449580496e-01	   3.3915340628325097e-01	   3.2307551211393803e-01	   3.4891958246749899e-01	   6.1749821551665740e-01	   6.2312477713949721e-01	   7.2019765812003278e-01	   6.4772653570865368e-01	   3.8229079080981609e-01	   4.0329829298134645e-01	   4.6815396063446235e-01	   5.2841989980266868e-01	   3.4469208747590058e-01	   5.1821300627981370e-01	   3.6342699888791352e-01	   3.6627919957601507e-01	   2.6001748490980092e-01	   3.6368011069104256e-01	   5.4305501904973363e-01	   5.9736374636794731e-01	   5.9829501745605818e-01	   6.2070142605972800e-01	   5.3735768579665444e-01	   2.8086958944349460e-01	
   6.5386260317458367e-01	   5.8823497869087626e-01	   0.0000000000000000e+00	   7.6706420335793102e-01	   5.6519011212977344e-01	   5.1750819048268870e-01	   9.1155850205627387e-01	   6.0058898543495787e-01	   7.6654355551128694e-01	   5.4187968679668541e-01	   5.8346097994266288e-01	   5.4574713537106745e-01	   6.5498769405308832e-01	   6.3604403016442157e-01	   7.9668565868763497e-01	   7.0779628949178230e-01	   2.8181317727551825e-01	   5.0848145129203992e-01	   6.8547891651377379e-01	   6.4085184037643927e-01	   4.5465029411059821e-01	   2.5345350115024484e-01	   8.1356291705339956e-01	   7.5474733497959268e-01	   7.2457007079216296e-01	   7.4566932019012566e-01	   6.8008832461609248e-01	   5.7830368003373622e-01	   4.7231078131310877e-01	   5.0536420749407918e-01	   7.9720306146497566e-01	   7.4044203631883410e-01	   6.9769859726615313e-01	   7.5587315432439062e-01	   7.1603770506661490e-01	   6.1980374319255827e-01	   4.7706643306425778e-01	   4.1068199396558058e-01	   3.0945891326875946e-01	   3.1040810072818859e-01	   4.0916331722975091e-01	   1.2387896704615001e-01	   3.8899582053730375e-01	   2.2316798450702485e-01	   2.7373813006702902e-01	   1.8807218573387577e-01	   3.8840172774802650e-01	   2.7851734148276724e-01	   2.6222454274263640e-01	   2.2802240825900894e-01	   4.4309756732591776e-01	   3.4013842354853113e-01	   5.2751397124167554e-01	   4.9125061730728303e-01	   5.8631495995240046e-01	   5.5022237507301430e-01	   4.4885254609242242e-01	   4.8049231250270430e-01	   6.4922152294391644e-01	   4.7755735165277113e-01	   7.0368870867182454e-01	   5.0967592253063354e-01	   4.5409651981135057e-01	   3.5012762358071886e-01	   6.4441244846672685e-01	   5.5479100173303519e-01	   7.5783655310173481e-01	   6.4237105742748435e-01	   5.4195285899698076e-01	   5.8323647459941808e-01	   5.4859903889228567e-01	   6.1077384125975209e-01	   5.3782830536549164e-01	   4.1064280856514290e-01	   5.1169127580678442e-01	   5.6182970866117787e-01	   6.4232771081343776e-01	   5.6853688208789477e-01	   4.5602466427814264e-01	   5.3034084172533658e-01	   3.6413783521151188e-01	   5.8462215017389885e-01	   6.2046309095619256e-01	   5.0145801435213155e-01	   8.0792674936707831e-01	   7.1742766318150319e-01	   5.4217741538615760e-01	   5.3266094373192330e-01	   8.0215052511303941e-01	   7.3339720507699424e-01	   6.0866554828631358e-01	   6.7511616282148579e-01	   6.4977080399469278e-01	   5.8269921511926714e-01	   2.2461612048405194e-01	   3.5708217223844368e-01	   4.2465188469770371e-01	   4.9653375989815796e-01	   5.2669484039936187e-01	   5.5057953456492004e-01	   3.5609105676014124e-01	   4.5521715017873521e-01	   3.7296732512014918e-01	   6.1423056341819193e-01	   5.6720333296104830e-01	   5.5882878267750258e-01	   4.9959075650905527e-01	   4.4388090756638215e-01	   2.2940248740558286e-01	   3.2477791479214713e-01	   4.2553830957931343e-01	   5.2560566292594224e-01	   5.8916583926454291e-01	   5.5252660592717395e-01	   5.8241770180199137e-01	   3.0665160543511266e-01	
   5.1852024798730301e-01	   5.5695503073072494e-01	   7.6706420335793102e-01	   0.0000000000000000e+00	   5.5701544877633591e-01	   6.6926255057874751e-01	   8.1858998060385790e-01	   9.1273962736467606e-01	   7.4998541606333524e-01	   7.4467797634450350e-01	   4.0743805138164324e-01	   7.4412057389560637e-01	   4.0913988353582875e-01	   7.4560505036303726e-01	   5.3666334625071066e-01	   7.7540699223482823e-01	   9.4870907181674763e-02	   4.5168908637942928e-01	   5.6502255010237823e-01	   6.7645911998935837e-01	   4.1437164573718677e-01	   2.9829007545021002e-01	   6.5012011739448394e-01	   7.9617000235892643e-01	   6.1566827260579693e-01	   7.0713164872543799e-01	   5.8947707809410987e-01	   4.2364258360396601e-01	   2.4513404568659669e-01	   5.0748658406224978e-01	   6.9006362617888695e-01	   7.6919428363558973e-01	   6.5466124547292726e-01	   7.6607819203340233e-01	   6.3040518489527175e-01	   6.7117536930602606e-01	   4.6617803401850810e-01	   4.2472414078566367e-01	   3.9013462600183035e-01	   3.8001858086638063e-01	   3.1574546532716374e-01	   1.0052322953733323e-01	   2.6336495268117821e-01	   9.9322066713123075e-02	   1.4679309867270446e-01	   9.5184092240628154e-02	   3.3244057815754485e-01	   2.0688991125293654e-01	   7.2262140284702930e-02	   1.4458899518493318e-01	   2.9902835535526101e-01	   2.2858836885393441e-01	   4.7820484046788747e-01	   3.0719770254020451e-01	   5.1663660154771707e-01	   4.9892827175893367e-01	   3.2906387160494888e-01	   4.2142646703111020e-01	   4.7062504969780206e-01	   6.1803974584273180e-01	   6.5004320819638806e-01	   8.2944893821852916e-01	   4.5088920603484495e-01	   5.1376333220198134e-01	   5.8668806601589130e-01	   7.7869331633194283e-01	   6.5808296810176348e-01	   6.6180609242316080e-01	   5.0832600449466336e-01	   6.0699233138763553e-01	   5.9647747624245839e-01	   5.8202384379619099e-01	   5.7648659143339409e-01	   5.5728142036767370e-01	   4.7834257377980249e-01	   6.2108133902017815e-01	   6.1071495943136611e-01	   5.8268441502169155e-01	   2.7239384181791082e-01	   4.7208521916053292e-01	   2.7017534665860610e-01	   4.7138671918776320e-01	   5.4766062987712505e-01	   5.0377615520333707e-01	   6.4524630392550320e-01	   6.8376988072182576e-01	   6.3787305581922038e-01	   5.8935588823919982e-01	   6.9261515464119605e-01	   7.8422323620567036e-01	   5.6190526410417996e-01	   4.9806729405385353e-01	   6.2536591984674350e-01	   3.7930928366466654e-01	   3.0476296603866126e-01	   4.6305325302288858e-01	   3.6629381723852028e-01	   4.5728987368705620e-01	   4.5298775992230067e-01	   3.5312008307979253e-01	   3.4155960510595712e-01	   3.0040574932299080e-01	   4.4647612366511319e-01	   5.3319947678465840e-01	   4.3363101738331078e-01	   4.7449726935807812e-01	   3.5675976176588564e-01	   3.0450731865656949e-01	   1.9740234471547446e-01	   4.5164952747357556e-01	   4.2690202247412035e-01	   3.4693682231083994e-01	   3.6912317072640344e-01	   4.5377781182624433e-01	   4.7569381830390128e-01	   3.0310671890226126e-01	
   3.8222878470650168e-01	   4.8336491787170544e-01	   5.6519011212977344e-01	   5.5701544877633591e-01	   0.0000000000000000e+00	   6.7016436542099866e-01	   5.8806879152728753e-01	   5.0752033323105328e-01	   6.8904201648086305e-01	   4.7297355748624603e-01	   2.0068209558427341e-01	   2.8282300610626382e-01	   1.9717062749323350e-01	   3.8900944708774471e-01	   4.1921179141721665e-01	   4.7330007523190626e-01	   2.8527254969012350e-01	   3.9779510535453633e-01	   3.3838051196563201e-01	   4.8790959980672843e-01	   2.9620296921085582e-01	   3.9352582956173010e-01	   4.7924461282372199e-01	   5.2281191495213875e-01	   5.1359929295311513e-01	   4.9714241053792474e-01	   4.9966870824131249e-01	   5.0207374775597258e-01	   3.5577115954023619e-01	   3.8136486306771761e-01	   4.1413150851372849e-01	   4.2603047820095774e-01	   5.4690311320828655e-01	   6.1562667922525904e-01	   4.3211476915116837e-01	   4.4766946443787925e-01	   4.9175454298475196e-01	   3.4997611706680165e-01	   4.7694517705663819e-01	   3.2167856926997440e-01	   4.0896082689741359e-01	   2.7496688345710013e-01	   5.4632609076232785e-01	   4.3110485379957564e-01	   4.9221277502256650e-01	   4.4620851114636251e-01	   5.7533035640483809e-01	   4.9425796310002446e-01	   3.8115059453520217e-01	   3.8365296574828595e-01	   4.4488277814955168e-01	   3.7780506557738458e-01	   6.1338835048350593e-01	   5.4015830196460479e-01	   6.0248927247576478e-01	   5.5308238836058599e-01	   2.8897744607862386e-01	   4.0537998482188298e-01	   3.9365630908084792e-01	   3.8320913087880509e-01	   3.5304650601215926e-01	   3.8230822901934730e-01	   3.0083858688868154e-01	   3.6918576825299726e-01	   3.3648309412717026e-01	   3.8000686699025388e-01	   5.7536934120026917e-01	   6.2119536857158708e-01	   3.4974054922302444e-01	   4.9791491156897538e-01	   2.1819782621684877e-01	   3.7181509341829716e-01	   4.8190560389836390e-01	   3.7655022974029639e-01	   1.8876007149914076e-01	   3.8561738825749337e-01	   4.5075644619800798e-01	   4.6421208440342787e-01	   3.6875699668113560e-01	   3.8050985624364730e-01	   3.4094803761728842e-01	   4.3818211448362659e-01	   4.8397065375654191e-01	   3.3837042619373392e-01	   4.8908973279232737e-01	   4.9822705402200396e-01	   4.9088401173545465e-01	   2.2367073957612266e-01	   4.8813990404944896e-01	   4.7897322084618532e-01	   5.0179522434264168e-01	   4.8735419406030878e-01	   4.8122044323501773e-01	   3.1917802161913361e-01	   3.7668955870602439e-01	   3.0358476861898714e-01	   4.7475043684580398e-01	   4.3941863357574779e-01	   4.9505533514681371e-01	   5.0943387108148996e-01	   8.0142103338721321e-02	   1.9164481687913548e-01	   4.1364722392611208e-01	   3.9651941574960903e-01	   4.8661121150346376e-01	   3.6837768293212508e-01	   4.1025147132429435e-01	   1.9044211433204167e-01	   1.6877056523232842e-01	   4.6166204739693739e-01	   4.7277882104758084e-01	   4.1396876988987985e-01	   5.3659130028687541e-01	   4.8111832512012920e-01	   4.6993332463362592e-01	   1.5496716950262243e-01	
   3.5173002049601254e-01	   4.8427874419705286e-01	   5.1750819048268870e-01	   6.6926255057874751e-01	   6.7016436542099866e-01	   0.0000000000000000e+00	   5.2281470026878318e-01	   6.0873004524110674e-01	   6.8585934905851964e-01	   7.9047000201656270e-01	   2.5534238716123275e-01	   5.3148560922814381e-01	   2.2196171641914841e-01	   5.2948151668605270e-01	   3.7174992112601690e-01	   5.7992833576299108e-01	   1.5782908820537564e-01	   3.3925119876544696e-01	   3.7857922167256108e-01	   4.6251630285778733e-01	   3.2568834411882819e-01	   4.8647689979241615e-01	   4.5507761491365856e-01	   6.4478433907746480e-01	   5.0892491810218221e-01	   6.0257677455374381e-01	   5.8328567086414052e-01	   6.8407437158041795e-01	   1.8630548308524891e-01	   3.3030148737482423e-01	   3.5483082783210618e-01	   4.0219992478029098e-01	   4.0851984625614701e-01	   5.2384997878508521e-01	   4.0786921007903798e-01	   4.0931570088213587e-01	   3.4763380834902757e-01	   3.1707771340192631e-01	   3.3437622625909835e-01	   3.6133371066375741e-01	   2.4672799242886401e-01	   1.5863427898350327e-01	   4.0526085311297566e-01	   2.5771039966929493e-01	   3.1891583454391692e-01	   2.8873137794268472e-01	   4.2904535248532244e-01	   3.3543292352786108e-01	   2.8385685568805724e-01	   3.6222236257143264e-01	   4.0949363569867636e-01	   3.3145049409979110e-01	   4.5947093397865246e-01	   3.3060941593619175e-01	   5.6253898005982006e-01	   4.9475553722707405e-01	   2.0425139129949932e-01	   3.4557179172652625e-01	   3.9093849438614925e-01	   5.0505746030195497e-01	   4.2341871549769061e-01	   5.4100485767523343e-01	   2.9268855241635766e-01	   3.2364604006716424e-01	   4.3302758154787357e-01	   5.9843730090549396e-01	   4.7668660761594178e-01	   5.5422494407744771e-01	   3.8057796467080646e-01	   5.0095243698651526e-01	   3.5940828793176494e-01	   3.7401166588407586e-01	   4.3430607158822032e-01	   4.2290097416649952e-01	   2.2615438320761749e-01	   5.0674944432252744e-01	   3.4132892655214475e-01	   4.5104428690026732e-01	   3.0174182648546088e-01	   3.8255257607795168e-01	   3.2525327980218899e-01	   4.4277776677450242e-01	   3.0254758191981862e-01	   3.2334717529278179e-01	   4.3793754755088293e-01	   5.3229918829107625e-01	   4.5298977962959819e-01	   2.9266497675020520e-01	   4.9799820281778445e-01	   5.5050499360511518e-01	   4.8559719675415020e-01	   3.4499835721293165e-01	   4.9877149894273809e-01	   2.2581407640159645e-01	   3.4911016208419182e-01	   3.2417546410661502e-01	   3.6035086413927003e-01	   3.3359580376777431e-01	   3.8887521587056761e-01	   3.1421553929596074e-01	   1.8686612233709143e-01	   1.9003096929260160e-01	   2.9258140042178332e-01	   3.5546899437214907e-01	   3.7829397750611965e-01	   3.3737474415874580e-01	   3.3874583302180861e-01	   1.2509241133685525e-01	   1.9690061332715503e-01	   3.3119907195596937e-01	   3.3728815286856384e-01	   2.1931418337199168e-01	   2.9134613902783663e-01	   3.0752445684453711e-01	   5.3505106027600147e-01	   4.7802483765935200e-01	
   6.2589010018797220e-01	   5.6595779168497384e-01	   9.1155850205627387e-01	   8.1858998060385790e-01	   5.8806879152728753e-01	   5.2281470026878318e-01	   0.0000000000000000e+00	   7.4919745406227956e-01	   8.6149162945433444e-01	   6.4583159197787277e-01	   6.5276356545661796e-01	   6.4280839807754653e-01	   7.2712880052261109e-01	   7.4475575675943384e-01	   8.2770382505480633e-01	   7.9801274598076832e-01	   1.7683555741458712e-01	   4.5083070124295965e-01	   6.3111858667062903e-01	   5.9239657186365668e-01	   4.4498600123268484e-01	   2.8273935809865997e-01	   8.4381505291657111e-01	   7.9191534539651331e-01	   7.5375791377860091e-01	   7.8417023179808854e-01	   6.9575503290465812e-01	   5.0824487792143880e-01	   3.9469023535890513e-01	   5.1518746074380695e-01	   8.3388285496981385e-01	   7.8349618588215564e-01	   6.4242220861879606e-01	   7.3221110746594609e-01	   7.5212704530080399e-01	   6.6477558942465931e-01	   5.1843229162463189e-01	   3.4847697425846236e-01	   3.7163075996091094e-01	   2.5563819977770363e-01	   3.7459203101630789e-01	   8.6214040626419075e-02	   3.7267342975954154e-01	   2.0037353650358014e-01	   2.4509862910580468e-01	   1.7240883634126955e-01	   3.9671525601767382e-01	   2.8058745548665603e-01	   2.1806358784601682e-01	   2.4924212876667301e-01	   4.3548012141178072e-01	   3.3979843094820572e-01	   4.9343414519731310e-01	   4.4905010062878803e-01	   5.6729227751596922e-01	   5.0157469542130961e-01	   3.6600821840202857e-01	   3.8805129440109742e-01	   6.0871045140741287e-01	   4.9403919155414988e-01	   7.5525356298124779e-01	   6.4475171250800223e-01	   4.0821008155318500e-01	   3.2577860610213433e-01	   7.1041599267341393e-01	   7.0471318626799706e-01	   6.9887452068583389e-01	   6.1101674152972485e-01	   4.3933093305389437e-01	   5.3715947485573878e-01	   5.9021655840310150e-01	   6.0560961161690430e-01	   5.3567358089964268e-01	   4.3320567921206582e-01	   5.3049231260377450e-01	   5.7488659479166104e-01	   6.1795022213927431e-01	   5.3739707072903775e-01	   3.8128184536868748e-01	   4.9414626090818642e-01	   3.3549126736187218e-01	   5.8605929536837476e-01	   6.7882530203856017e-01	   5.4415885214489734e-01	   8.4572731008643021e-01	   7.7705287216824637e-01	   6.1557466139787265e-01	   6.0556460316586713e-01	   7.4628102502891169e-01	   6.8695450805348435e-01	   5.8711546849726770e-01	   6.6591649529554509e-01	   6.1561279230086619e-01	   5.7723176090139872e-01	   1.3650304909081451e-01	   3.4216800408692394e-01	   3.5032357694194660e-01	   4.1044510572670889e-01	   4.6530093785139781e-01	   4.9981059460431648e-01	   3.2410488390977160e-01	   4.5837428926951829e-01	   4.1450880667170925e-01	   6.0185091586102979e-01	   5.0506393898478685e-01	   5.0465004075003272e-01	   4.7474053809605377e-01	   3.5829659465047720e-01	   1.8978050930884763e-01	   2.8190042446548730e-01	   3.6792945491742213e-01	   4.2607427692993038e-01	   4.7359386061239955e-01	   4.9539767314538019e-01	   4.9744979679434342e-01	   2.6466543394635667e-01	
   4.8157539122116522e-01	   5.3311414462746820e-01	   6.0058898543495787e-01	   9.1273962736467606e-01	   5.0752033323105328e-01	   6.0873004524110674e-01	   7.4919745406227956e-01	   0.0000000000000000e+00	   6.9591782925668566e-01	   7.2303431828942943e-01	   4.0176689697945983e-01	   7.9376988841977536e-01	   3.7838140460314607e-01	   7.7599955860725955e-01	   4.3838779971310587e-01	   7.5404464097913904e-01	   1.2129670837024439e-01	   4.1223580544819416e-01	   4.1797116312854821e-01	   5.4303750422506081e-01	   3.8770435216109411e-01	   3.2555356246924999e-01	   4.8339014996756857e-01	   6.5455011876455238e-01	   4.6855366525632741e-01	   5.9511280416610646e-01	   4.5053677829280303e-01	   2.6651553876769019e-01	   2.5726179690063333e-01	   5.5978242816645296e-01	   5.7772857737368910e-01	   6.8814310842333570e-01	   5.9230238228384480e-01	   7.1277856209976720e-01	   4.8638173633631498e-01	   5.6336835497935589e-01	   4.5404877554606354e-01	   4.1460525873847898e-01	   4.4240695899548294e-01	   3.6608304621667520e-01	   3.1891447315224392e-01	   1.5690823769757672e-01	   2.7406940462405721e-01	   1.3849730941838262e-01	   1.7090442648431337e-01	   1.4682816091337825e-01	   3.5240848776253647e-01	   2.4841522437254918e-01	   9.4893484386598198e-02	   1.8303526381849103e-01	   3.0741124611143622e-01	   2.2199152354818541e-01	   4.8732470455844112e-01	   2.6418356170950408e-01	   5.0817057656637266e-01	   4.8331049043125185e-01	   2.9306137892640638e-01	   3.5738562584833372e-01	   4.2212678720268731e-01	   6.1809622113926965e-01	   5.9530215537102704e-01	   8.9661435340920281e-01	   4.4641196634362512e-01	   5.3490289515890588e-01	   4.4563291160738172e-01	   7.5111394603896819e-01	   5.6255173284961490e-01	   6.1691678782750092e-01	   3.9527162393576570e-01	   5.1013286931757951e-01	   5.4732052423312827e-01	   5.1890121075535878e-01	   5.4035906203215966e-01	   5.2741593467875392e-01	   5.0096912594466869e-01	   6.0083740068855840e-01	   5.6049162574703615e-01	   5.3020402305523295e-01	   2.7342189860516430e-01	   4.5338080426528560e-01	   3.3806704064793430e-01	   5.0180090806317668e-01	   5.7365619831065318e-01	   5.7407910129634443e-01	   5.5003418864924825e-01	   6.4048695961496360e-01	   5.7250968856785844e-01	   5.0008008385505498e-01	   6.1757275186993710e-01	   6.8045038228818100e-01	   4.7657755778071409e-01	   3.6074049223661619e-01	   5.0261204020426509e-01	   2.5898460908776988e-01	   2.4120234522677880e-01	   3.9702677947699733e-01	   3.3038326529922429e-01	   3.8344136886815128e-01	   4.4615550545410487e-01	   3.0251988387978840e-01	   3.8245798727351893e-01	   2.5989969334108348e-01	   4.7089541963099202e-01	   4.8352187526461438e-01	   3.5475980722105421e-01	   3.8912979673464210e-01	   3.2067638764452105e-01	   2.7168020911566593e-01	   4.9356342945976579e-02	   3.4151224534056063e-01	   3.5872046988455791e-01	   2.8988094966253208e-01	   2.7106355768277068e-01	   3.8555190494196412e-01	   3.9176849010600723e-01	   2.7724404946014503e-01	
   5.6051735185148233e-01	   5.6744294027111986e-01	   7.6654355551128694e-01	   7.4998541606333524e-01	   6.8904201648086305e-01	   6.8585934905851964e-01	   8.6149162945433444e-01	   6.9591782925668566e-01	   0.0000000000000000e+00	   7.9422864193464249e-01	   5.6937172011664439e-01	   5.6951781649504418e-01	   6.5843925636336309e-01	   7.3214826862871796e-01	   7.7198425540775462e-01	   7.2894500588306077e-01	   1.3597452962540149e-01	   4.0092364448557594e-01	   5.0635215912806131e-01	   5.1922787019067029e-01	   2.5201633056240069e-01	   1.6971626534938830e-01	   7.9615778692113404e-01	   7.8690914071214868e-01	   7.3635602573451275e-01	   7.3340933111368933e-01	   7.1411476323448120e-01	   5.3329521586497886e-01	   2.5308891356659030e-01	   3.9230898598419928e-01	   6.7862606885854104e-01	   6.5229729466675423e-01	   5.3641103268786272e-01	   6.2741670868158450e-01	   6.6085120147315157e-01	   6.0728038733563139e-01	   4.1058859067275061e-01	   2.2159918770599901e-01	   2.4971321600277491e-01	   1.3586954419939451e-01	   2.6461575240636837e-01	  -9.0453886411366397e-02	   3.3558057618836801e-01	   1.3323150006969969e-01	   2.4933730332564902e-01	   1.8681255194755514e-01	   3.4840265045011287e-01	   2.2482083177939377e-01	   2.1158774998761626e-01	   2.8790017022496489e-01	   3.9527747259736834e-01	   3.0088513161214026e-01	   5.1176420193861838e-01	   4.8204888189279149e-01	   5.2764167317779131e-01	   4.2089490316554734e-01	   3.4994874361385131e-01	   3.9475953911077910e-01	   5.7857142557998298e-01	   5.3351216028257609e-01	   7.5419766384430820e-01	   6.5935542115777457e-01	   3.1828606948285681e-01	   2.9805027043754656e-01	   6.9591912390616795e-01	   6.7996114175466094e-01	   6.1506296506767577e-01	   5.5424051034440058e-01	   3.9262943180302962e-01	   5.2282017373032019e-01	   4.2171674736960352e-01	   4.5742959467898892e-01	   4.5164906907017244e-01	   4.2129291297120114e-01	   3.3416926819668574e-01	   5.6942022054634833e-01	   4.6756509963820286e-01	   4.5646548001670328e-01	   2.7650880705324477e-01	   3.8413227616184720e-01	   2.3867321503527467e-01	   4.9721921632064514e-01	   4.8808182689504254e-01	   4.1546152176844198e-01	   7.3007720563957768e-01	   6.3093994326600189e-01	   5.8209213228171708e-01	   4.4012826599287125e-01	   6.7515751292998472e-01	   6.4585450276337841e-01	   6.1661355583354516e-01	   6.2156835038154656e-01	   6.7075366669637382e-01	   5.9140242638067053e-01	   1.1952663116080930e-01	   2.9336687828371577e-01	   2.9347980720821915e-01	   3.4580980246094528e-01	   4.0152273525682464e-01	   4.1760468500796771e-01	   1.6790639810544120e-01	   5.1096005720947912e-01	   2.8078949149294513e-01	   4.4500247366748480e-01	   4.9498350569535982e-01	   4.0022384917409837e-01	   4.3774760198341245e-01	   2.4579439208015696e-01	   2.6461750522031136e-01	   2.6019471301323371e-01	   3.9411357791233087e-01	   3.8175251006571254e-01	   4.3942907945809850e-01	   4.6139770746510378e-01	   5.1044248635390788e-01	   2.5076059886261926e-01	
   3.9186556324981164e-01	   4.3116060123654698e-01	   5.4187968679668541e-01	   7.4467797634450350e-01	   4.7297355748624603e-01	   7.9047000201656270e-01	   6.4583159197787277e-01	   7.2303431828942943e-01	   7.9422864193464249e-01	   0.0000000000000000e+00	   4.4558578127680182e-01	   6.7106041278976891e-01	   4.6211074099621385e-01	   6.9035012323588485e-01	   5.3704383985619919e-01	   7.4242733047525555e-01	   3.5099520342157894e-02	   2.9834129062602810e-01	   4.0866067995757172e-01	   4.4432941689748834e-01	   3.3483770703461069e-01	   3.2231424789511959e-01	   6.3466188014051861e-01	   7.8486129592352682e-01	   6.1430147396517443e-01	   6.8477296311710312e-01	   6.4462745813012789e-01	   5.1944053552795955e-01	   7.8760388182811975e-02	   3.3067405657057186e-01	   5.2923970060409409e-01	   5.8303643030688446e-01	   3.5232293058392267e-01	   5.0689176175295436e-01	   5.1690910961869596e-01	   5.2788622781432382e-01	   3.3121127648791809e-01	   2.1687373275580010e-01	   1.8750653866365588e-01	   1.4835260211181639e-01	   1.4470113102434590e-01	  -9.1010795284051982e-02	   1.2612266355565688e-01	  -5.9597537893757491e-02	   6.8024309038271797e-03	  -3.4454959332118326e-02	   1.6331057988767922e-01	   1.7830691355659831e-02	  -5.6378773309606139e-02	   4.4530237384854510e-02	   1.2681602984239429e-01	   4.2317564718786387e-02	   2.5328822873511819e-01	   1.5821205759458096e-01	   3.0219745170721746e-01	   2.1013501285234387e-01	   2.0967506780441977e-01	   2.6632749098784886e-01	   3.7324887681299490e-01	   4.3901649153051658e-01	   6.3998986823050064e-01	   7.2162285231074419e-01	   3.5047634271481026e-01	   2.9500580159903167e-01	   6.5656653363249451e-01	   7.7829255581667334e-01	   3.9079280597157928e-01	   3.7534074279418539e-01	   3.1082535763520941e-01	   4.0472934976762565e-01	   4.7726762088290253e-01	   4.1847122250859270e-01	   4.1025735433719257e-01	   3.8985171862900503e-01	   2.8296985331565749e-01	   5.3564220881991764e-01	   3.3313813881635435e-01	   4.4766825320050574e-01	   1.7608529652480065e-01	   3.2376343150901127e-01	   1.9146690030015362e-01	   3.6886278282585383e-01	   3.3719340141486004e-01	   3.7756959203060514e-01	   5.4518688546208127e-01	   5.2976079921038899e-01	   6.1685662948106978e-01	   4.2389180154298600e-01	   5.2342195259669988e-01	   5.8076770013329782e-01	   5.0468269891341300e-01	   4.1982990167340500e-01	   6.2188201940569987e-01	   4.1367485954980693e-01	   2.0377152834959744e-01	   3.4050164561415941e-01	   1.3235790746852027e-01	   1.9060758299859795e-01	   2.0919070085906499e-01	   1.8453076806552232e-01	   9.1701857948023213e-02	   3.8444447060923337e-01	   1.5140526893683068e-01	   2.9452070248984069e-01	   3.1097478662082678e-01	   2.4833114863422764e-01	   2.1343937842809096e-01	   2.1880651339258924e-02	   2.4435026886829642e-01	   2.9894176407415768e-01	   2.8304565266768766e-01	   1.8935426182583290e-01	   1.5121133733387648e-01	   2.7128368320336654e-01	   3.9813486034621898e-01	   4.4458137505495776e-01	
   7.5904989262244305e-01	   5.7786674415669204e-01	   5.8346097994266288e-01	   4.0743805138164324e-01	   2.0068209558427341e-01	   2.5534238716123275e-01	   6.5276356545661796e-01	   4.0176689697945983e-01	   5.6937172011664439e-01	   4.4558578127680182e-01	   0.0000000000000000e+00	   4.8398249966497087e-01	   8.6925843426583782e-01	   5.2675486986045628e-01	   7.0476222433759772e-01	   5.6797248516081278e-01	   4.5643637302648132e-01	   5.4452407374512002e-01	   6.2715251713974052e-01	   4.6026220962757086e-01	   3.0781096078802700e-01	   9.0761524112182801e-02	   4.8242892413930560e-01	   3.3231401136377492e-01	   4.1724604645515184e-01	   3.9643167444680916e-01	   5.8201324947778876e-01	   4.7428639972934650e-01	   4.6847052889388330e-01	   5.3019577603239521e-01	   4.2997808980964192e-01	   3.0804880304517879e-01	   4.0951540400755027e-01	   4.1608836783351882e-01	   3.0420309430520504e-01	   1.9924368365844528e-01	   3.3940267877648000e-01	   1.4700958311594706e-01	   1.1484071645308944e-01	   5.0583175792942733e-02	   3.7860651282882962e-01	  -8.9506259277772303e-03	   2.0898511109856582e-01	   9.4087978118173501e-02	   1.1068102259816695e-01	   8.8356386621915237e-02	   2.4049529208563647e-01	   8.0093977349579903e-02	   1.9607576291599643e-01	   1.7861557742137468e-01	   1.8852362593740110e-01	   2.2868112919810413e-01	   2.7706556197158216e-01	   2.1595276078141498e-01	   4.0904337287659753e-01	   2.3086071659460278e-01	   5.1470037742225805e-01	   4.9313069733737225e-01	   6.9005572350165556e-01	   4.2362232063092153e-01	   8.0248072594625275e-01	   3.8291515604806120e-01	   5.4193164048363007e-01	   3.2806222325729301e-01	   3.7249819556288488e-01	   3.1621413463461517e-01	   3.8171951576893243e-01	   2.4357738196930345e-01	   4.3998331717987577e-01	   4.2704119382761252e-01	   5.8780201180691460e-01	   5.0631242898469619e-01	   4.6125676972858837e-01	   4.4669583741684715e-01	   5.2570135600240286e-01	   5.9733101806918010e-01	   5.2813639583261174e-01	   4.5941343358088771e-01	   4.7522836212813535e-01	   5.8590869503115839e-01	   4.0814205169869111e-01	   5.8989015559307667e-01	   4.6191859437612570e-01	   4.1993215000080952e-01	   6.3599200445826543e-01	   3.6493301809557022e-01	   3.6864754162578772e-01	   3.0587156968307194e-01	   6.5197359874582539e-01	   4.5012261253329955e-01	   4.0264405078713650e-01	   4.8872083674042532e-01	   3.7930061646867119e-01	   4.6529264390756209e-01	   3.4265284574358915e-02	   7.1685511324270257e-02	   1.6521741748610069e-01	   2.2482106354464734e-01	   3.4530056990338603e-01	   4.1143794172086667e-01	   3.8018802372950800e-01	   3.3072772818339069e-01	   2.7559290881442822e-01	   3.8278353192466819e-01	   2.7348970196384687e-01	   3.6478367630499142e-01	   3.0133211624349754e-01	   1.8552098849807275e-01	   2.0093609938302764e-01	  -5.3903151768086251e-02	   1.4301308090604103e-01	   2.9885924741086572e-01	   2.6139065693187702e-01	   2.7200076088044922e-01	   4.3335825659199750e-01	   2.4905361583993693e-01	
   5.6073322576456519e-01	   5.7625905124598009e-01	   5.4574713537106745e-01	   7.4412057389560637e-01	   2.8282300610626382e-01	   5.3148560922814381e-01	   6.4280839807754653e-01	   7.9376988841977536e-01	   5.6951781649504418e-01	   6.7106041278976891e-01	   4.8398249966497087e-01	   0.0000000000000000e+00	   4.5546071477498851e-01	   8.8561277733001287e-01	   4.9952425278336599e-01	   7.9938981948514809e-01	   2.6273065379369975e-01	   5.1182144553397113e-01	   4.8979132758083765e-01	   5.4554246791166761e-01	   3.9319082408981815e-01	   3.1214123376665132e-01	   4.4392844581267987e-01	   5.7334384145534500e-01	   4.8511572955524040e-01	   5.6079107429780395e-01	   4.2070037343870015e-01	   2.8779898001585952e-01	   3.6133327191703224e-01	   6.6148934355407008e-01	   5.6671335170240567e-01	   5.8751413315891221e-01	   5.2717743144017126e-01	   6.1217685617143980e-01	   4.5076681921813272e-01	   5.0592889341519942e-01	   3.9824463124717058e-01	   3.0029851582724154e-01	   3.6845244404666205e-01	   2.6954155858223150e-01	   2.7427363023990525e-01	   1.4066445005112771e-01	   1.6721767125860609e-01	   3.3191106822321133e-02	   6.2937267791686236e-02	   3.2750057728057676e-02	   2.0255414048431628e-01	   1.0402579689226102e-01	   9.2725500877399475e-02	   1.6979666799947118e-01	   3.3012896133806163e-01	   2.4865831689078549e-01	   3.9240372634379705e-01	   1.9401618368166346e-01	   4.3596146496661548e-01	   3.7769558052165192e-01	   3.6402348343404134e-01	   4.2898202717821216e-01	   4.7943638260910071e-01	   6.2674870062603838e-01	   5.9396579871718191e-01	   8.4284251900891383e-01	   5.1887969801553335e-01	   5.4425721848596531e-01	   4.4959604136496872e-01	   7.0081538773076268e-01	   5.1351383857117006e-01	   5.4685369385289284e-01	   4.3465917759178535e-01	   4.4751849778241620e-01	   7.0340302928936049e-01	   6.0283196858842403e-01	   5.4897159535949469e-01	   5.6751629464813935e-01	   5.3942844960492109e-01	   5.6867250574924255e-01	   5.6168322005494220e-01	   5.1374947014990835e-01	   3.9053553120703455e-01	   5.7186791117242208e-01	   5.0259776578902748e-01	   6.8065686854028595e-01	   6.1156919174552660e-01	   6.8123231990128919e-01	   6.2083259189849160e-01	   7.0393326469744832e-01	   5.2008129647429002e-01	   5.5415351427872916e-01	   5.4167515466389293e-01	   6.7017423347363769e-01	   3.6637966638507247e-01	   2.5266638857579266e-01	   3.5073307623955535e-01	   1.7587466161931850e-01	   1.8700961703974300e-01	   2.8310027826823386e-01	   2.1669918887951123e-01	   2.7402911736494573e-01	   3.4752111600327462e-01	   2.2603593912924008e-01	   4.2250693691350627e-01	   2.6472806015519279e-01	   4.3248444558032972e-01	   3.7812221593436035e-01	   2.4920810188864834e-01	   2.9410589944882465e-01	   3.1960254372724695e-01	   2.1323960034758957e-01	   8.9546311244213771e-03	   2.1773086021686730e-01	   1.7771445162897198e-01	   1.7718739637034100e-01	   1.4866293092029406e-01	   3.1080602770080035e-01	   3.9262433490188764e-01	   3.3924360411459858e-01	
   6.1135270715198975e-01	   4.3866782886079436e-01	   6.5498769405308832e-01	   4.0913988353582875e-01	   1.9717062749323350e-01	   2.2196171641914841e-01	   7.2712880052261109e-01	   3.7838140460314607e-01	   6.5843925636336309e-01	   4.6211074099621385e-01	   8.6925843426583782e-01	   4.5546071477498851e-01	   0.0000000000000000e+00	   5.7350780920619404e-01	   8.8398822025483370e-01	   6.2451526524303103e-01	   2.3512789914909549e-01	   3.5824975796822811e-01	   6.0353681232199097e-01	   3.5625697909006937e-01	   3.1632800652038229e-01	   4.3680205900321761e-02	   7.0581300267052782e-01	   5.1968027667943439e-01	   5.3135872343589707e-01	   5.2257142344761653e-01	   6.3583700296260082e-01	   4.7509726551307291e-01	   3.4782569804158947e-01	   3.3855826687367441e-01	   5.7386012185550395e-01	   4.6145212963070348e-01	   3.1951396345462041e-01	   3.5343260419762212e-01	   5.1029002866064954e-01	   3.4009635363739171e-01	   3.5787123070628180e-01	   1.6753582514046217e-01	   7.9097830415644471e-02	   1.9123601057113478e-02	   2.2024040648115795e-01	  -6.0286452624182196e-02	   1.3008800269984377e-01	  -8.6649065499056072e-03	   2.7340110481002960e-02	  -3.8726556905096479e-02	   1.2612461164560906e-01	  -9.9792309031046500e-04	   1.1261377196362951e-01	   9.1865144409207608e-02	   2.0649236662715009e-01	   1.4849066054305932e-01	   2.1371673031616534e-01	   2.6427357251876737e-01	   2.7812367156847850e-01	   1.2297009743974195e-01	   3.6519644736865020e-01	   2.9324537493185571e-01	   5.4418701057364471e-01	   2.9450395654004119e-01	   7.5742781317229357e-01	   3.5596545310644401e-01	   2.8254747400874625e-01	   5.4634128114284017e-02	   6.2898045162006766e-01	   4.4832943512150969e-01	   3.4571826368121761e-01	   1.6376452566121158e-01	   2.5604574019726600e-01	   2.7779536069494837e-01	   5.4297225718655351e-01	   4.6329171541105407e-01	   2.8398666621295260e-01	   2.4178471255537023e-01	   4.2348408746515709e-01	   4.3243647127122375e-01	   4.4071080596042034e-01	   3.4054391767126091e-01	   3.4726611446207634e-01	   3.7968918521052664e-01	   2.6036441795062665e-01	   4.8300177403244249e-01	   4.4021148067014548e-01	   4.2441293953303760e-01	   7.6154896058332922e-01	   4.8566166340575712e-01	   4.0790248822192576e-01	   3.5912603804995114e-01	   5.7333696292872460e-01	   3.9720255530116294e-01	   4.4258125801691056e-01	   5.6499636529765707e-01	   4.1833853104096064e-01	   5.4813195234754020e-01	  -6.3428750068175194e-02	   3.7161005251806718e-02	   4.6148025317265487e-02	   1.2411212933049821e-01	   2.3141932359175454e-01	   3.3186230375986026e-01	   3.2414029603950484e-01	   4.5527700559848233e-01	   2.1145024702021720e-01	   3.6896034716681997e-01	   3.5992271431380191e-01	   2.9447364749643212e-01	   3.1463862467109632e-01	   2.3838493295564905e-01	   1.4185275043362056e-01	  -1.1992512339208874e-01	   6.6863363364732364e-02	   2.3388872529878846e-01	   2.3035322131131208e-01	   1.9871053644310949e-01	   2.7682481536107462e-01	   1.8357914568005201e-01	
