   0.0000000000000000e+00	   6.9008214144915847e-01	   7.0625776344112823e-01	   6.8323081949410214e-01	   4.9084484568536968e-01	   4.4965285988573633e-01	   8.7322757322475009e-01	   7.5941077835673432e-01	   7.6708884072418659e-01	   7.1041813468229376e-01	   7.9065485502291410e-01	   6.2826274761377654e-01	   8.6409683243401925e-01	   6.5613760752596606e-01	   7.7332028711669465e-01	   5.9720581038231968e-01	   5.0566090394446894e-01	   5.3249682673863241e-01	   7.2679206860954459e-01	   5.1450156647528411e-01	  -5.7897403564214509e-02	  -8.9819616985269662e-02	   7.2617343178708216e-01	   6.4865932155800088e-01	   4.9570937852042241e-01	   4.9061429466773621e-01	   2.9338555348759460e-01	   2.5071153601639290e-01	   6.5134284899621275e-01	   4.9595248676784925e-01	   6.4149728210939305e-01	   6.3994787739697867e-01	   7.1728409944074389e-01	   7.4565896911749119e-01	   5.6220645473461717e-01	   4.8342488674002415e-01	   3.1852987798313798e-01	   3.2183779088650555e-01	   4.7028248756105129e-01	   5.4977513602735528e-01	   6.8276253985893570e-02	  -4.9354816400205601e-02	   3.6061187146302354e-01	   1.9449205595352953e-01	   3.6885507058302991e-01	   3.6865603973421673e-01	   5.5695756858108236e-01	   5.3484294718189107e-01	   3.0496790044200539e-01	   4.1044430034347151e-01	   4.4623906714553119e-01	   5.1846156245334896e-01	   4.6629881568446319e-01	   4.6464171571304619e-01	   6.3539808566732492e-01	   5.8088663041969579e-01	   6.8950424893229667e-01	   6.4205564957673222e-01	   7.0699018292339155e-01	   5.3107362189882745e-01	   8.2459358364944635e-01	   5.9826626911089242e-01	   4.8738682138007838e-01	   4.5389966433581741e-01	   7.6316155371933825e-01	   7.3386791047805455e-01	   5.5758310489229501e-01	   4.4444389585592436e-01	   5.4507418920024819e-01	   5.3340054123763392e-01	   4.4244444557311075e-01	   4.5627624435409830e-01	   7.0147096325728642e-01	   5.9455769267227099e-01	   6.0137525424082117e-01	   5.7310847923272501e-01	   7.1581394667607134e-01	   6.6182211846806738e-01	   6.2682408016320301e-01	   5.3138723262187426e-01	   4.9781019083890932e-01	   6.3490881222349582e-01	   5.8623947506845075e-01	   4.9376931621190634e-01	   4.2660517355012378e-01	   5.2524519603095521e-01	   3.6570073801615210e-01	   9.8132943395618122e-02	   5.5558829148395750e-01	   6.6743380484057591e-01	   4.4795829454438935e-01	   4.5009658554392384e-01	   3.9548217433900101e-01	   5.0906265816239704e-01	   4.2950025855225615e-01	   3.9332741183152209e-01	   6.0317420433899493e-01	   5.1206616776916747e-01	   5.6494527457807853e-01	   5.7035636352831820e-01	   3.7734895989370698e-01	   4.5310261398487295e-01	   2.4234982701130353e-01	   2.3975856898711731e-01	   2.7849824404190704e-01	   3.3139835588061656e-01	   1.8346461428201571e-01	   3.2943642685915986e-01	   1.7178906740060471e-01	   2.9860415670756446e-01	   5.5051597217448733e-01	   4.7833496281935717e-01	   3.4936782684178480e-01	   2.7581321685374538e-01	   4.0087515145262903e-01	   1.3096828202370686e-01	
   6.9008214144915847e-01	   0.0000000000000000e+00	   4.1170011030728826e-01	   6.6399360932024931e-01	   2.7059665184994891e-01	   2.2141858522097196e-01	   5.9898715185940432e-01	   7.1161582693158243e-01	   4.8250016193468509e-01	   5.0314206703346509e-01	   5.3571465876955837e-01	   5.8548607422449961e-01	   5.5896325757193133e-01	   5.3648461244077139e-01	   5.0357841067359765e-01	   4.0038104217415493e-01	   5.7062504803002678e-01	   6.0651859060753910e-01	   6.1918535858778589e-01	   5.6394786274994524e-01	  -2.6371800003584273e-01	  -2.8607176395666806e-01	   5.2500241476966558e-01	   5.1196877610453129e-01	   3.8661335705185085e-01	   3.7937928730289361e-01	   2.3450786457414019e-01	   1.5136800643280862e-01	   5.6472983095580220e-01	   5.0809566912885518e-01	   4.8450772467472880e-01	   5.0583194052871150e-01	   6.7351280519694312e-01	   7.8678601470622200e-01	   4.0842953568373808e-01	   3.1878132480234350e-01	   1.9242609679795916e-01	   2.4426547436996610e-01	   3.1111650593824808e-01	   3.0722572619354099e-01	   1.1763930977090117e-01	  -3.9636002308547039e-02	   1.9028784362825563e-01	   2.3613331423376321e-01	   3.4052416477640585e-01	   3.3978153749659501e-01	   3.3162237239835191e-01	   4.6721209431770361e-01	   9.1544488534829965e-02	   4.2311408146344071e-01	   2.7402628075886626e-01	   4.6971862011032406e-01	   3.2037954454870349e-01	   3.1882597433144455e-01	   5.6630880655979854e-01	   5.4462089713108952e-01	   7.0123341964065111e-01	   8.1751176991179841e-01	   4.4695872223618638e-01	   5.3287797914309554e-01	   5.7827215806797161e-01	   4.8829852545632890e-01	   3.9196124947673583e-01	   5.0051106894041597e-01	   4.9391815798442096e-01	   5.8937727379448690e-01	   4.4372499774130053e-01	   4.7013070159964693e-01	   5.0262527214350494e-01	   5.8120520441395274e-01	   2.5006415766892193e-01	   1.5710849801402013e-01	   6.4101864075856274e-01	   5.6509459570301268e-01	   5.8791489879389769e-01	   6.1990001500797154e-01	   5.3098255744430656e-01	   7.0444407825527677e-01	   6.4023972637515336e-01	   5.0598347335925165e-01	   5.7835760776442147e-01	   6.4821522944887722e-01	   4.3173223966372321e-01	   4.8008947988551104e-01	   4.6276974352073330e-01	   5.1521057886532640e-01	   3.7237540260197988e-01	   1.3598340594960139e-03	   3.6284123336718210e-01	   4.5760071609151376e-01	   1.9637479111602382e-01	   1.7928763679004903e-01	   1.3885491338796430e-01	   2.0858427177348299e-01	   2.2933958654606701e-01	   2.7392264011545087e-01	   3.9330405597903895e-01	   3.4412848720839678e-01	   4.9375933198786670e-01	   4.4430535587359710e-01	   2.2939599947907580e-01	   1.9168006727535622e-01	   2.2453657173843306e-01	   6.2498186783772267e-02	   1.9608908244716766e-01	   1.5114728535541089e-01	   1.5831909868521429e-01	   1.5346924798553921e-01	   7.4945986317958679e-02	   1.3424859189122881e-01	   3.3889008812145849e-01	   3.1256632536476414e-01	   2.7636940282943928e-01	   2.0696376429274372e-02	   1.4565709328409787e-01	  -4.8966749038550070e-02	
   7.0625776344112823e-01	   4.1170011030728826e-01	   0.0000000000000000e+00	   7.3386075713260990e-01	   6.4763768803280808e-01	   3.9122002101645131e-01	   8.4576994563498076e-01	   5.8844126055693446e-01	   7.0971844207762547e-01	   5.4450895150356593e-01	   4.0212584802274431e-01	   1.4775380408794642e-01	   6.1224861800270769e-01	   3.0625412890057918e-01	   6.4986997091520515e-01	   4.8028632988881326e-01	   1.5941459938037467e-01	   2.4708581341287464e-01	   5.1334236288965895e-01	   4.2645197235544691e-01	   9.2005828305798842e-02	   1.4164395029691174e-01	   7.9771075232386734e-01	   6.8315493397718208e-01	   6.7721983648754591e-01	   4.3679768857806556e-01	   5.9399759132956942e-01	   4.6344730157907360e-01	   3.7197378669779568e-01	   2.5632403425946576e-01	   6.0329892471455593e-01	   5.6328257149688343e-01	   3.3839939306232936e-01	   3.9835002944088332e-01	   3.9736608520811023e-01	   8.9653154199193119e-02	   1.2110473827660999e-01	   2.0131436718337298e-01	   4.8120986609508132e-01	   4.0607591437533569e-01	   6.7572094042354841e-02	  -1.7393660296881842e-03	   4.8374460505160038e-01	   4.5410774454694725e-01	   4.4285149993914413e-01	   3.6758799679902066e-01	   4.7905771380206486e-01	   5.6484692372967127e-01	   3.9610788110233019e-01	   4.8023143238667743e-01	   5.6567414664915339e-01	   5.6815099570150562e-01	   4.2329422979384845e-01	   5.5271769310271801e-01	   6.4459926320334970e-01	   6.3933747791341222e-01	   3.5535593738553062e-01	   2.5692656565992511e-01	   4.6143618452833302e-01	   3.2402615527297907e-01	   3.8722649217849292e-01	   1.4319849913226318e-01	   1.5688177279471460e-01	   1.4518535211672226e-01	   6.7924814589713645e-01	   3.9111259092971656e-01	   4.8002954584853014e-01	   3.4471855448144190e-01	   3.0220168843492168e-01	   2.9711850920977828e-01	   5.0872978262192514e-01	   5.4810766108249731e-01	   5.3499488318879418e-01	   4.3417277660111508e-01	   4.8462698590797065e-01	   2.9806492503713372e-01	   5.7300072653458445e-01	   4.3807298035226994e-01	   4.9531185455501303e-01	   4.7881973954138318e-01	   4.1158978887991593e-01	   5.4406817381527595e-01	   4.0145903438351993e-01	   4.6357635365091798e-01	   5.8965578600809032e-01	   5.7520071944855777e-01	   1.1351962816933833e-01	   5.9058420267581395e-02	   6.3656391681732027e-01	   6.2483414351081190e-01	   4.0536493427558462e-01	   5.6404219701972347e-01	   3.7078883145915742e-01	   6.7667636847137702e-01	   5.7821079912154205e-01	   3.9789053440477035e-01	   5.0011179152058272e-01	   3.7538157321973475e-01	   6.0164737440382110e-01	   5.5723859068418646e-01	   3.4742508187977705e-01	   5.8337435461272769e-01	   2.5451399399698860e-01	   4.7211345559865364e-01	   3.9680539626167721e-01	   4.6615709767368796e-01	   2.3140232158774432e-01	   3.9214327850241582e-01	   4.0285974717641659e-01	   2.3755143406791124e-01	   3.0706642817511942e-01	   5.0066326146431994e-01	   3.8093835009537091e-01	   3.2899753952598526e-01	   3.5867918949591993e-01	   3.2017516463757301e-01	
   6.8323081949410214e-01	   6.6399360932024931e-01	   7.3386075713260990e-01	   0.0000000000000000e+00	   5.0114217477894285e-01	   4.2024988008062941e-01	   7.8214520585534830e-01	   8.5939588811641077e-01	   6.7882573866234175e-01	   6.7604030921007985e-01	   3.4039229175927577e-01	   4.3257022044205334e-01	   5.6218348528901962e-01	   5.2783286645268102e-01	   6.8113301316059360e-01	   6.5123904012288747e-01	   4.7983751561111976e-01	   5.3132726011968345e-01	   6.0567529019040744e-01	   6.9375725970951918e-01	  -1.0036684584351319e-01	  -7.7751889921867379e-02	   7.5686507471692532e-01	   8.3116790699616250e-01	   7.0678464770275840e-01	   6.2871210647814335e-01	   5.5598955188971755e-01	   4.8550998754844854e-01	   6.1141744472417781e-01	   5.5673957520420392e-01	   7.4888195643016719e-01	   7.4452983837218878e-01	   5.6794979400876056e-01	   6.9635636732596362e-01	   4.4815273754641904e-01	   2.2369652184171152e-01	   3.7044165243775677e-02	   2.5008716211452076e-01	   2.6716640749103965e-01	   4.9631848360774999e-01	   4.0496452250688680e-02	  -1.2806976112006679e-01	   3.9973339987399326e-01	   3.8606123381156876e-01	   5.3350893636773522e-01	   5.0403763923984579e-01	   4.2371126342412652e-01	   6.0197854104266746e-01	   3.4515715197078556e-01	   5.9390390614947952e-01	   6.2203451938735799e-01	   6.8538391030641732e-01	   5.6861734309067358e-01	   4.7510970849780670e-01	   6.3766765122681779e-01	   6.4319706366251672e-01	   6.0095595650329314e-01	   5.2037151345423627e-01	   5.6936265524012597e-01	   6.0753965351439188e-01	   4.8598060054940645e-01	   3.3648675347173307e-01	   4.3352359542235852e-01	   4.4414765018604674e-01	   6.5414147257261224e-01	   6.5057133184640525e-01	   6.0642212976557308e-01	   6.3797694027808560e-01	   5.5889283512566301e-01	   6.0051820666540812e-01	   5.6919866927622897e-01	   5.9272421641851569e-01	   6.5523446707417654e-01	   5.7752318237098021e-01	   5.8749517558615549e-01	   4.7218157350387846e-01	   5.7429666890254860e-01	   6.8412157892256031e-01	   7.4448722893494224e-01	   6.6194300089240210e-01	   7.3636668816628004e-01	   7.8619745802789032e-01	   5.6349932318451124e-01	   6.4909589888055974e-01	   6.9701434331028522e-01	   7.7880470881380859e-01	   3.0669849275645822e-01	  -2.5212807926364586e-02	   6.1916500318436785e-01	   7.0939259951655620e-01	   5.1550417732959919e-01	   5.6528852573995914e-01	   5.5767448771593586e-01	   6.2836524196671695e-01	   6.2169692239780261e-01	   4.6299301661427839e-01	   5.1640973516043465e-01	   4.5963836178357886e-01	   6.9005505687356372e-01	   6.3925539484101146e-01	   6.1702507714710342e-01	   5.8037389241012893e-01	   5.0584014240512132e-01	   5.4308734423021576e-01	   6.2510929833906836e-01	   5.9973952599056923e-01	   3.3757958689144291e-01	   5.6979289673781142e-01	   5.5148866840972166e-01	   4.5653374437856531e-01	   4.6701908527780284e-01	   6.2245416043948865e-01	   5.4566897762619804e-01	   4.0473230423151818e-01	   4.6775993473875221e-01	   3.6357475056569111e-01	
   4.9084484568536968e-01	   2.7059665184994891e-01	   6.4763768803280808e-01	   5.0114217477894285e-01	   0.0000000000000000e+00	   7.7864675901969904e-01	   6.1952259721966341e-01	   5.4616236759051262e-01	   7.3584019669504241e-01	   6.7036679559281753e-01	   2.9009237220852674e-01	   2.3945784431691902e-01	   4.4470965444176214e-01	   3.1928607516954344e-01	   5.8215912380681600e-01	   5.5637290413331009e-01	   1.4664339788017222e-01	   2.0745506744937564e-01	   3.4049366515277091e-01	   2.7826805317711201e-01	   3.4771852989036550e-01	   3.3677986464972792e-01	   6.4555816093319573e-01	   4.9425637375711728e-01	   6.0370045759545776e-01	   5.5878231145078161e-01	   7.4883160683376304e-01	   6.7795185196877705e-01	   2.9765082940578302e-01	   2.0075715694468160e-01	   4.7030866671959271e-01	   4.5366859259656322e-01	   2.5020166094814605e-01	   3.1808906659676406e-01	   3.0586757609375148e-01	   1.3250947007820457e-02	   3.6728145771624887e-01	   4.7352797954835668e-01	   3.4190285506376039e-01	   4.6581864363941722e-01	   3.5489906402755955e-01	   3.0068937332622980e-01	   2.3573028286759218e-01	   3.0301872969267679e-01	   3.3839985660445004e-01	   2.6657102396123772e-01	   1.5613829124757406e-01	   4.2770398432959689e-01	   2.6929575461899324e-01	   2.9501587103182392e-01	   5.4393666060403878e-01	   4.9237829667173716e-01	   3.6664300257360405e-01	   3.8866848612154703e-01	   5.0268363141410588e-01	   4.4696192411438257e-01	   2.4288760035931672e-01	   2.1337236912314531e-01	   4.0454938971593774e-01	   3.9265014717104468e-01	   3.3263206544658819e-01	   2.9415480016871798e-01	   1.8362439231938613e-01	   2.4579062427593640e-01	   4.7023341430826826e-01	   4.5075769267472443e-01	   4.3869578629446360e-01	   3.5771208610188943e-01	   2.5365401121942577e-01	   2.3466658731066797e-01	   6.2228765226796190e-01	   5.2086965257905549e-01	   4.6826292593557234e-01	   4.3538118720152519e-01	   3.6797500551848972e-01	   1.7433518989206123e-01	   4.8842310719598725e-01	   3.5643995741530315e-01	   4.2053603262960892e-01	   2.9862122442165351e-01	   3.4180055353986233e-01	   5.0653928288464711e-01	   4.4142283262667326e-01	   5.0209742868677765e-01	   5.0389673230209386e-01	   5.6748538497289003e-01	   3.5618976465734870e-01	   2.2610737562165012e-01	   6.4677317975125193e-01	   5.6335226405381733e-01	   4.1398577142067849e-01	   5.5904122981482574e-01	   4.0623825720188161e-01	   6.0742700512135228e-01	   4.6543093514728029e-01	   2.1494421285816995e-01	   3.0266318012779980e-01	   2.7829327201059928e-01	   4.1233715744138166e-01	   4.2761861639482257e-01	   3.9100608647072488e-01	   4.7090966999220724e-01	   1.9428351316758768e-01	   4.7424232262419447e-01	   3.7102548257915730e-01	   4.3308450721991931e-01	   2.2878633438936613e-01	   3.3033691277154192e-01	   3.9295772164669612e-01	   4.1583236885040131e-01	   3.1256069861261504e-01	   4.5000551275294876e-01	   3.3398189248218774e-01	   2.5659985364032645e-01	   3.0971512512945654e-01	   4.6050567925682384e-01	
   4.4965285988573633e-01	   2.2141858522097196e-01	   3.9122002101645131e-01	   4.2024988008062941e-01	   7.7864675901969904e-01	   0.0000000000000000e+00	   4.2642679770599712e-01	   4.8876299235677068e-01	   5.8303724918616007e-01	   7.5650739023747926e-01	   3.2921576237712369e-01	   4.1287547424860394e-01	   4.1527694568503598e-01	   4.4894921775589053e-01	   5.5962623825429381e-01	   6.7350378067124672e-01	   8.3139272900626587e-02	   1.7963033699242303e-01	   2.5479644988160288e-01	   2.7015188162916215e-01	   2.2908095651431190e-01	   2.9563850063732366e-01	   4.6823194941019214e-01	   3.7400172455151082e-01	   4.0482663775327932e-01	   5.6281484908776824e-01	   5.8484821119106822e-01	   6.5279325019946577e-01	   2.9883238319110683e-01	   3.4732966851032165e-01	   3.9444839206404808e-01	   4.3281339015992493e-01	   2.8612978870494221e-01	   4.0969933069224579e-01	   1.6927357408382024e-01	   6.2784355735411204e-02	   3.7622227697474209e-01	   4.1274103218287611e-01	   3.1343279840513666e-01	   5.9894315547902988e-01	   3.4836508862291815e-01	   3.3911219896019229e-01	   1.7065332253209553e-01	   1.8132323861293814e-01	   2.3735120132642201e-01	   2.3074562931446088e-01	   9.8369063348163338e-02	   2.9265558322708640e-01	   2.4708314370527246e-01	   2.0230998467108768e-01	   4.5515455027538304e-01	   3.2607573601688072e-01	   3.1652723409987404e-01	   1.5732023964202405e-01	   3.5051127575528568e-01	   2.1842858947580296e-01	   2.1597896558683422e-01	   2.4932037152978889e-01	   4.3582172003249420e-01	   4.2466111639677456e-01	   4.6776703301056943e-01	   4.9364760016626108e-01	   2.3308380961850106e-01	   3.1405224171184365e-01	   3.0377577345074847e-01	   5.2433332490536200e-01	   2.7846662145433104e-01	   2.3141349157605889e-01	   3.1015263856802094e-01	   2.4924710412839379e-01	   6.1735378500509563e-01	   5.6857508558920022e-01	   3.3134181445932109e-01	   3.9649402089688923e-01	   2.1917252611160370e-01	   7.4751808646326856e-02	   3.3227130148860812e-01	   3.3830989582108284e-01	   2.8447035081974797e-01	   2.1330934845898361e-01	   2.9056227396164824e-01	   3.6697626645405812e-01	   5.0401719026055214e-01	   4.7946919336763683e-01	   3.1216037819155334e-01	   3.4833604691997744e-01	   4.4765719844358443e-01	   1.6464881698414535e-01	   6.3493447284228366e-01	   4.8547376500568951e-01	   4.0215374103958790e-01	   4.3377675489053003e-01	   4.1976972535159429e-01	   5.2466320531691391e-01	   4.2243035919263894e-01	   3.0997716791473745e-01	   3.1071061444897208e-01	   2.8312954430457332e-01	   2.9226219078393012e-01	   2.5398941255579521e-01	   3.1353948852355129e-01	   3.8396531064749406e-01	   2.2714078478387045e-01	   3.3779227477219409e-01	   2.8792655249082294e-01	   3.5532730649898064e-01	   6.7282058157045424e-02	   2.9302640144746939e-01	   4.4208584204713836e-01	   4.8713779945442803e-01	   3.3576614917367509e-01	   4.0063225010734754e-01	   3.2012635570550241e-01	   2.7498714353455095e-01	   2.7598296512385451e-01	   4.6034897919339657e-01	
   8.7322757322475009e-01	   5.9898715185940432e-01	   8.4576994563498076e-01	   7.8214520585534830e-01	   6.1952259721966341e-01	   4.2642679770599712e-01	   0.0000000000000000e+00	   8.0780235021154634e-01	   8.2836929181837493e-01	   7.0294151600090748e-01	   6.1087068301680070e-01	   4.4503398379838577e-01	   7.6358685805651461e-01	   5.4620808960988831e-01	   7.3680133966786654e-01	   5.8997664420519902e-01	   3.8937403558205014e-01	   4.3209170909082278e-01	   6.2998557684964629e-01	   4.7601351501417410e-01	   3.8468559169955632e-02	  -2.0160527133378675e-03	   7.4785220594173629e-01	   7.3367894501786890e-01	   6.8970942157987758e-01	   5.5174409509101374e-01	   5.1307015170181125e-01	   4.1038204472086554e-01	   5.7469154206909101e-01	   4.1171494830466060e-01	   7.1438590660204371e-01	   6.9937116543791056e-01	   5.8498001873721572e-01	   6.0388579204154835e-01	   5.8256240785413937e-01	   3.3871741265527933e-01	   2.6551403679114038e-01	   3.8071822073269329e-01	   4.5779746544974087e-01	   5.1134697445445254e-01	   1.3458203992015866e-01	  -1.3086082762134181e-02	   4.5588593071515537e-01	   3.5730739016791108e-01	   4.8269866161078678e-01	   4.2944651214785556e-01	   5.4171545587905989e-01	   5.7633484542708191e-01	   3.5667782043646856e-01	   4.9557377712255668e-01	   5.9307415641272787e-01	   6.6464546394572221e-01	   5.0814163802336487e-01	   5.6800650218087423e-01	   7.0944350464257844e-01	   6.4244584229329904e-01	   5.5602998724529162e-01	   4.4947258400944834e-01	   6.3648317339276650e-01	   5.0946427581136711e-01	   6.7884583603903914e-01	   4.1360715276519366e-01	   3.3749053349433911e-01	   3.4005094607944919e-01	   8.3272445592919553e-01	   6.6185126875121880e-01	   6.6266121771898845e-01	   5.2927301215271272e-01	   4.7265036084383760e-01	   4.7162722639762211e-01	   5.1809226654258334e-01	   5.3038213743548379e-01	   6.7410007555352625e-01	   5.2318007796024679e-01	   5.7117056604617078e-01	   4.6572692114853703e-01	   6.8431796671681566e-01	   6.3657536131984471e-01	   6.6431551719278348e-01	   5.3735359882689204e-01	   5.0516233007472777e-01	   6.9225555850985687e-01	   5.1907183027688519e-01	   5.1389373506987690e-01	   5.6240960681937857e-01	   6.9029995817375278e-01	   2.4338246858868939e-01	   5.3756339155673377e-02	   5.6596854951749553e-01	   6.7791453123900391e-01	   4.9242730804667378e-01	   5.8475373870015235e-01	   4.7144030309201901e-01	   6.7321801725044639e-01	   4.9442907918256740e-01	   3.9348658709178852e-01	   5.3450940827221594e-01	   4.4369491973059116e-01	   6.5403034933103521e-01	   6.3022068922894992e-01	   5.0224628151403716e-01	   6.3474175919778708e-01	   3.7157214284961149e-01	   4.7797397214222953e-01	   4.5472700514972431e-01	   4.9075778212366761e-01	   3.1830089324249905e-01	   4.5790346741319538e-01	   3.1648677029266181e-01	   3.1484942307426250e-01	   4.5749082664376778e-01	   5.4352033584515769e-01	   4.5582972720712078e-01	   3.6886249962564238e-01	   4.6768533306237747e-01	   2.8764981626372677e-01	
   7.5941077835673432e-01	   7.1161582693158243e-01	   5.8844126055693446e-01	   8.5939588811641077e-01	   5.4616236759051262e-01	   4.8876299235677068e-01	   8.0780235021154634e-01	   0.0000000000000000e+00	   7.6563254214866994e-01	   8.4027277665174371e-01	   6.1173299980370843e-01	   7.3875644544951680e-01	   7.5434428763484329e-01	   7.5898140407429882e-01	   7.9050779781378289e-01	   7.2397372607566390e-01	   5.5016880062875839e-01	   5.5839375082264464e-01	   6.6167532797904116e-01	   6.5604877860692257e-01	  -1.4139789066571570e-01	  -1.7991736506632450e-01	   7.7277532139972349e-01	   8.2167621852836303e-01	   5.1732652994037220e-01	   5.0599487400259968e-01	   3.8769127693916294e-01	   3.2904387247405864e-01	   7.1991735268818546e-01	   6.0557644093822505e-01	   7.2719549425372254e-01	   7.7996297774438905e-01	   6.1608255701412895e-01	   7.6308312034561765e-01	   4.6132749419022839e-01	   3.3038137029120829e-01	   1.9606291350852331e-01	   3.7337649770375064e-01	   2.2716635999967771e-01	   5.2592492490027820e-01	   3.8206919142506825e-02	  -2.0550869046539102e-02	   2.2502889019841960e-01	   1.8418641719196410e-01	   3.7080727373971462e-01	   3.6273648372497047e-01	   3.4850833519218116e-01	   4.8626271476777716e-01	   2.0565965840694070e-01	   4.7964478843169667e-01	   4.8512991947861739e-01	   5.9038160223504410e-01	   4.7911983812571379e-01	   3.8665205917932632e-01	   5.8231450566739174e-01	   5.5636147786545320e-01	   6.3070029423807172e-01	   5.4530810878634961e-01	   5.7515192462275011e-01	   6.7083242523981013e-01	   7.4237795632783032e-01	   6.4279042392843733e-01	   5.3346540008905297e-01	   5.6619599665992015e-01	   6.9754751019918104e-01	   8.4457360579844909e-01	   5.1593614373179753e-01	   5.4950565328810830e-01	   5.2095903913725627e-01	   5.3829367727516608e-01	   4.2239893417653879e-01	   5.2410250589080198e-01	   7.6438315378094224e-01	   6.2398510030309395e-01	   6.9462622200262958e-01	   5.5816887523005365e-01	   5.6629507551654124e-01	   7.0715859563182293e-01	   7.3075011855465144e-01	   5.7488055560608431e-01	   6.5921263998078283e-01	   7.4051013489140360e-01	   6.3363119361104048e-01	   5.7122994838504604e-01	   5.4290987638105026e-01	   6.7083821053059434e-01	   4.3283422421114764e-01	  -1.9766351495795688e-03	   6.0650019626344720e-01	   7.0065761557067496e-01	   4.9322094980864184e-01	   4.5773928566571997e-01	   6.3641226164586318e-01	   5.3500088826161940e-01	   4.4426974001763986e-01	   3.9177607609145426e-01	   4.2420809237818535e-01	   4.7598733949431460e-01	   6.0664739738208417e-01	   5.3553788698247584e-01	   6.5159754553123195e-01	   4.3583210125680749e-01	   4.6404559084840624e-01	   3.7188701280590586e-01	   5.0415612121424414e-01	   5.0621019334532913e-01	   2.7921595097306051e-01	   4.0924923553844161e-01	   3.6095887592768600e-01	   4.8826322013908968e-01	   4.9532362926510320e-01	   5.1145338393092898e-01	   5.0804264822619061e-01	   3.3729053779594498e-01	   4.8503245048446186e-01	   3.2117671268949471e-01	
   7.6708884072418659e-01	   4.8250016193468509e-01	   7.0971844207762547e-01	   6.7882573866234175e-01	   7.3584019669504241e-01	   5.8303724918616007e-01	   8.2836929181837493e-01	   7.6563254214866994e-01	   0.0000000000000000e+00	   7.8775181660026838e-01	   5.6100886682643702e-01	   4.4374659499500291e-01	   7.0708971742838955e-01	   4.6177530839532632e-01	   7.0724675422290695e-01	   5.1362358458590474e-01	   3.2423113121848979e-01	   3.6328187588267269e-01	   5.0389727467375289e-01	   3.6065929724051815e-01	   1.2177533886275417e-01	   3.8384335149055241e-03	   7.5909858102268069e-01	   6.7022907454980385e-01	   6.1941350211056734e-01	   5.9918051965767472e-01	   4.5104800461965061e-01	   3.4498122011409083e-01	   5.1031975106281924e-01	   3.0546241348502690e-01	   7.0996463286661526e-01	   6.6978565437023940e-01	   4.9039826770990302e-01	   5.4188423540850383e-01	   5.5970132132119199e-01	   3.4769440064566137e-01	   3.3622141439663189e-01	   5.0392343885708202e-01	   3.5014649922445884e-01	   6.1299168038409613e-01	   1.1820094811855315e-01	   1.1109648487138833e-01	   2.5903175327698846e-01	   1.6408659118638164e-01	   3.2568874485542709e-01	   2.8472037180687304e-01	   3.2322442437168375e-01	   4.4837708162800272e-01	   3.0992212508164513e-01	   5.1326977168556487e-01	   5.5664867244870875e-01	   6.1205472398074523e-01	   4.5260898724665655e-01	   4.1538212232035920e-01	   5.6662956549538201e-01	   5.6904843956649076e-01	   4.5459297307185864e-01	   4.1958103928221180e-01	   6.0384806900084986e-01	   5.8038342933479514e-01	   6.5299100485896322e-01	   5.5425874378425721e-01	   3.6801836669409244e-01	   3.5538555505924674e-01	   7.6167599766110328e-01	   7.3779640818858006e-01	   5.2247227772682803e-01	   4.7947806639059298e-01	   3.1103077161247372e-01	   3.5430522594170455e-01	   5.0248213423465971e-01	   5.4729879448720453e-01	   6.2832826749922921e-01	   5.4935011401242007e-01	   5.3635005939731406e-01	   4.0164464858396648e-01	   6.0246402769204943e-01	   5.8273056675527446e-01	   5.9926414796962169e-01	   3.9104657766561030e-01	   3.8704658989579277e-01	   6.0134423926817371e-01	   4.9834157404786439e-01	   4.4248702270457541e-01	   4.6469532950651266e-01	   6.1783354247122391e-01	   2.6554573938768067e-01	   7.1387195880758286e-02	   5.8423044524216661e-01	   6.9428014627297763e-01	   4.7592503015246268e-01	   5.6541573946090928e-01	   5.5362611083781388e-01	   6.0605707566706668e-01	   4.9101681607938696e-01	   3.8656534732779257e-01	   4.5576054362383239e-01	   4.2623623061416638e-01	   5.0968586553420248e-01	   5.1176838867192942e-01	   4.4848382945162207e-01	   4.8502375030046357e-01	   2.8718364337913982e-01	   3.6096771783828729e-01	   4.5470075952908606e-01	   4.4932024357885975e-01	   3.2361758923165174e-01	   3.4082177048573437e-01	   3.3924298289751598e-01	   4.5205508296105490e-01	   4.8520500297103697e-01	   4.9367641088824693e-01	   4.2558609898678090e-01	   2.6622613777415405e-01	   5.2156970607865727e-01	   4.9024250479642650e-01	
   7.1041813468229376e-01	   5.0314206703346509e-01	   5.4450895150356593e-01	   6.7604030921007985e-01	   6.7036679559281753e-01	   7.5650739023747926e-01	   7.0294151600090748e-01	   8.4027277665174371e-01	   7.8775181660026838e-01	   0.0000000000000000e+00	   6.1089480838748622e-01	   7.0266424062493915e-01	   7.1333667887198438e-01	   6.9377030600920842e-01	   8.1016719042487417e-01	   7.9875441711447825e-01	   2.8116493721058156e-01	   3.2289152902113627e-01	   5.4407217884994974e-01	   4.5565917700048919e-01	  -1.1585184576220159e-03	  -5.0366840023005635e-02	   7.1229775310024734e-01	   7.1850241119644598e-01	   4.2006398184610810e-01	   4.6478255080003394e-01	   4.2613423500991954e-01	   4.5708979223690793e-01	   5.5451205501216694e-01	   4.7176221958526449e-01	   5.7751998419604345e-01	   6.5127907857964107e-01	   4.6223688009959729e-01	   6.0287817481446682e-01	   4.1145228623604868e-01	   3.1715465386080605e-01	   3.6032174254972116e-01	   4.5997507066343640e-01	   2.7374063620435130e-01	   6.2444784228833772e-01	   1.2828490914990809e-01	   1.3602810741777530e-01	   1.6453021230127393e-01	   1.0122441819103319e-01	   1.9853822802723081e-01	   1.8888967468801171e-01	   2.2321211077728542e-01	   3.3051136119191271e-01	   2.3445089005254424e-01	   3.5043721279843854e-01	   4.9272207141124136e-01	   5.3072641231293605e-01	   4.5383211997388351e-01	   3.6831011410296527e-01	   4.3569609061430070e-01	   3.7168968847664607e-01	   4.2798515902702783e-01	   3.7602998464556403e-01	   6.1323185630912724e-01	   6.1300278873284619e-01	   7.7498090534183472e-01	   7.5487242735319915e-01	   4.2049478056016265e-01	   4.2508529114277693e-01	   6.5712588305287667e-01	   8.4069725083230828e-01	   3.5583467738423558e-01	   3.3384961017049475e-01	   3.9176701354575050e-01	   3.8292748010449557e-01	   4.8266127088862382e-01	   5.5752653956580012e-01	   6.0881119156824692e-01	   5.7195658316687870e-01	   5.1997713420960490e-01	   4.5037911065883668e-01	   5.3899574914848869e-01	   5.6524282276697391e-01	   5.1427671413793030e-01	   3.8357733317166087e-01	   4.0962767077530060e-01	   5.3407074094587448e-01	   6.5370821332613549e-01	   5.1887860651754691e-01	   4.3385685500088744e-01	   5.2824041120208776e-01	   4.7854887319070272e-01	   1.2377253199018984e-01	   6.6796386607291303e-01	   6.9101529380146098e-01	   4.8246794383377944e-01	   4.3468927151848014e-01	   5.9533881495604257e-01	   5.3567506459039893e-01	   4.4731516600378068e-01	   4.1912524344257490e-01	   3.6703481926702847e-01	   4.7564917899938453e-01	   4.6312197658988791e-01	   4.0939228748045797e-01	   5.4226003130503098e-01	   3.7533741320386249e-01	   3.8059982703589296e-01	   3.3323472293784434e-01	   3.6418078883660587e-01	   3.9020315853842924e-01	   1.7203816091712690e-01	   3.6369423131101136e-01	   3.8380232183979035e-01	   5.5014912739442523e-01	   4.7076971983166693e-01	   4.2961985896325638e-01	   4.7252940099905999e-01	   3.5555753216187042e-01	   4.9374110388963466e-01	   4.0713961528109271e-01	
   7.9065485502291410e-01	   5.3571465876955837e-01	   4.0212584802274431e-01	   3.4039229175927577e-01	   2.9009237220852674e-01	   3.2921576237712369e-01	   6.1087068301680070e-01	   6.1173299980370843e-01	   5.6100886682643702e-01	   6.1089480838748622e-01	   0.0000000000000000e+00	   7.9659137278659742e-01	   9.2258003715147185e-01	   7.7458090066015461e-01	   7.0262770268672492e-01	   4.9633241572675046e-01	   4.5099989764636994e-01	   4.1918681165422172e-01	   5.9701805535011032e-01	   3.8119361170418908e-01	  -2.3197262364111917e-02	  -1.1669274087952627e-01	   5.5914302944863792e-01	   4.6418760892694144e-01	   5.5366946564546299e-02	   1.5332598772931486e-01	  -4.9956803935022054e-02	  -6.1358554397210219e-02	   6.5049359505080340e-01	   4.9634029172891581e-01	   4.0677440629245898e-01	   4.5611699691876451e-01	   5.5700282242520416e-01	   6.4821649043512730e-01	   3.9399686526937994e-01	   5.1562648651497678e-01	   3.7095378391864975e-01	   2.6482916304998638e-01	   4.1487288139558492e-01	   3.9179197992927961e-01	   9.6076501120744784e-02	   1.4462956505191038e-01	   1.4152902707338488e-01	  -2.2416675193207190e-02	   1.1910983433688238e-01	   1.5701840386464730e-01	   3.7365339996186775e-01	   3.0898040735507348e-01	   9.5724900513343618e-04	   1.7276194791142466e-01	  -2.9644575637111998e-02	   1.4415779800045347e-01	   5.9938403959560835e-02	   1.5708109861299380e-01	   2.9807534037299388e-01	   2.8784808143508661e-01	   4.7033336943025261e-01	   4.6521159426520514e-01	   4.0435646006525028e-01	   3.5982171162854887e-01	   8.7205628431513738e-01	   7.4362357972363746e-01	   5.3448414273395495e-01	   5.5334052604650741e-01	   5.2763621946107631e-01	   6.5334127198681680e-01	   2.2675802242369453e-01	   1.2654310027162552e-01	   3.2367943407172606e-01	   2.5736191786417972e-01	   4.5703282317216765e-02	   1.3969113555614263e-01	   6.0746262911046389e-01	   5.4220635430088227e-01	   5.3818437798658147e-01	   4.5555806386934733e-01	   5.4329284474520989e-01	   4.8703340379501658e-01	   3.9739178436739780e-01	   2.4726386336871806e-01	   2.4932988605040257e-01	   3.1582166600958450e-01	   5.1793860468536135e-01	   3.4849785896875307e-01	   4.4671835194461877e-02	   1.1574046188637957e-01	   4.5522653916904410e-01	   6.5864718570178227e-02	   3.8715720380199720e-01	   4.1739804410349612e-01	   2.0004663941283524e-01	   9.4717467392230206e-02	   2.6330360780880285e-01	   1.8484222932158492e-01	   2.1641828594416107e-01	   3.1133016062551977e-01	   3.9291022631213279e-01	   4.2026285331124602e-01	   2.4986198899105522e-01	   2.3023314639762452e-01	   1.1342954049295703e-01	   9.4259755894534725e-02	  -2.6721910926378826e-03	  -1.1662013713971513e-01	  -2.2772566514078847e-03	   6.7282656964706963e-02	  -2.6787019305920430e-02	  -2.1758234964506701e-02	  -4.5122260186382740e-02	   2.0720117077472330e-01	   3.9609658781172674e-01	   1.9183133058722676e-01	   1.0268775312288611e-01	   6.7332040187284281e-02	   2.3832281346621287e-01	   1.3357226425657846e-02	
   6.2826274761377654e-01	   5.8548607422449961e-01	   1.4775380408794642e-01	   4.3257022044205334e-01	   2.3945784431691902e-01	   4.1287547424860394e-01	   4.4503398379838577e-01	   7.3875644544951680e-01	   4.4374659499500291e-01	   7.0266424062493915e-01	   7.9659137278659742e-01	   0.0000000000000000e+00	   7.5928829782214213e-01	   9.1449335482671601e-01	   6.7147238615835092e-01	   6.3699714641147354e-01	   5.6796224321927868e-01	   5.6410365794725592e-01	   5.3501284012801442e-01	   4.6593314322269686e-01	  -1.3090252301835792e-01	  -2.7880716319122240e-01	   4.7324563165340339e-01	   5.1823154173862951e-01	   8.7439555981264228e-03	   2.1438486137927243e-01	  -2.3574357074703900e-02	   7.5383149578424321e-03	   7.1071279766417106e-01	   6.5514694330516887e-01	   4.1856363725045231e-01	   5.1091492752447554e-01	   5.7313103646071495e-01	   7.0408553199812252e-01	   3.2366092655307643e-01	   4.4876949000715527e-01	   2.9228906339223942e-01	   2.7629846263026225e-01	   1.8855037502911931e-01	   4.4411508562174412e-01	   3.8544273890382875e-02	   1.1814203483365675e-01	  -5.3977248076169576e-02	  -1.6382569591496568e-01	   5.3854113126947864e-02	   1.3314672561787116e-01	   1.5942888610768599e-01	   1.9627157189749972e-01	  -5.0132703538177933e-02	   1.8152278887478451e-01	   2.9740410276951762e-02	   1.9989810518514300e-01	   1.4885225272909514e-01	   4.8476682740439134e-02	   2.5500958714142574e-01	   2.2607042890701176e-01	   5.3395597224308933e-01	   5.2230236083435044e-01	   4.1357029950733804e-01	   5.3931556978953898e-01	   8.3158877385224272e-01	   8.4175414154064343e-01	   6.0978561365729056e-01	   6.7690218289385595e-01	   4.1892542076392675e-01	   7.9277549088823684e-01	   1.9878838408262550e-01	   2.2531201540602258e-01	   4.2803796222891566e-01	   3.7584887956260493e-01	   8.9076320514210661e-02	   1.6704463712615250e-01	   6.1525045512712140e-01	   5.4357990053304595e-01	   5.1013913220586515e-01	   5.0875052253544584e-01	   4.1211745983601095e-01	   5.5742211433627487e-01	   5.0454705800795996e-01	   3.2090419704764678e-01	   4.2025015431984436e-01	   4.3498143111307763e-01	   5.8357263050401009e-01	   4.3733526927883820e-01	   1.1011721073292499e-01	   2.2352053495783478e-01	   5.5654291554694435e-01	   5.6223489865986145e-02	   4.3785828388124759e-01	   4.8201223232291424e-01	   2.8396826708867390e-01	   8.5619744051421809e-02	   4.6195819446691938e-01	   1.5023152602884088e-01	   1.8421053368144041e-01	   3.2570215217582105e-01	   2.7557978027794311e-01	   3.9005632817943769e-01	   2.7641326424522639e-01	   2.0473918215799880e-01	   3.4473441770284818e-01	   3.3598591560643112e-02	   2.2674707373048203e-01	  -5.0272163958933511e-02	   1.4953330528861641e-01	   1.7338011959412819e-01	   2.8242583179465097e-02	   1.1806974647264708e-01	   7.0459913933197366e-02	   3.7840231133310231e-01	   4.2235634449901832e-01	   2.0920384860517766e-01	   1.9245858033582020e-01	   1.1336523033612347e-01	   3.0579076318123860e-01	   6.7431265723406603e-02	
   8.6409683243401925e-01	   5.5896325757193133e-01	   6.1224861800270769e-01	   5.6218348528901962e-01	   4.4470965444176214e-01	   4.1527694568503598e-01	   7.6358685805651461e-01	   7.5434428763484329e-01	   7.0708971742838955e-01	   7.1333667887198438e-01	   9.2258003715147185e-01	   7.5928829782214213e-01	   0.0000000000000000e+00	   8.2045404180012516e-01	   8.2029984566118497e-01	   6.1596710359663254e-01	   4.6893701437118596e-01	   4.5510389339606977e-01	   6.3526097323734210e-01	   4.5180693718412823e-01	  -2.6303117885572061e-02	  -8.8742369656331088e-02	   7.3995283880381324e-01	   6.5199990710714095e-01	   2.8650370727526464e-01	   3.0586335517682556e-01	   1.3558814001194952e-01	   8.9889851246612820e-02	   7.1595925690942519e-01	   5.3032169244878880e-01	   5.8883669911329395e-01	   6.5583771427224169e-01	   5.7863519676487218e-01	   6.8444995842957024e-01	   4.3445835803098543e-01	   4.2384610892597163e-01	   3.0485741536528155e-01	   2.8814139380677972e-01	   4.7645425943626241e-01	   4.5693257258911490e-01	   5.0773562245133429e-02	   5.7850304905458935e-02	   2.3807827352933816e-01	   9.4575899657010562e-02	   2.4128970648190465e-01	   2.6592627014887271e-01	   4.4101847595663179e-01	   4.1707934529690927e-01	   1.1152943842907746e-01	   2.9500543488997361e-01	   1.7190903333737606e-01	   3.0931857042337785e-01	   1.9486779801365567e-01	   3.0783711920274692e-01	   4.6364994381100977e-01	   4.3795349019107815e-01	   5.5617083251114408e-01	   4.3271754450940536e-01	   4.3649170563240319e-01	   3.7682909091471489e-01	   8.3670679809668469e-01	   6.6505624440664646e-01	   5.0919565682681966e-01	   5.1508561673625297e-01	   6.5478128024233484e-01	   7.2003328889062301e-01	   3.2803351750208498e-01	   2.2661473303700508e-01	   3.6181081991229985e-01	   3.0096501942665632e-01	   1.9544461774322980e-01	   3.3992502992597079e-01	   6.8794568737608752e-01	   5.6663402992259726e-01	   6.3700524076004961e-01	   4.4483796514178531e-01	   5.7616601411656532e-01	   5.3993300001136291e-01	   5.4806659493386167e-01	   3.8584547934850794e-01	   3.8635474917267831e-01	   4.6257674086160860e-01	   5.5677619828221969e-01	   4.2827134005188033e-01	   1.8616955723610579e-01	   3.0000428409772167e-01	   4.0645983603398256e-01	  -7.7672345798831290e-03	   5.3307433466089338e-01	   5.5242184987833287e-01	   3.5441271607195762e-01	   2.6341339403779801e-01	   4.4269362802991358e-01	   3.7733855635951680e-01	   3.5676577369160045e-01	   3.3007775295881692e-01	   4.8948908705662275e-01	   4.7646872352204533e-01	   4.1888751826883908e-01	   3.8491556193702803e-01	   3.0538741016964654e-01	   2.6897204736862390e-01	   1.6967556651962945e-01	   7.2667583165728564e-02	   1.9591132405149328e-01	   2.6735800093548756e-01	   3.0151288347648554e-02	   1.5697248027304594e-01	   1.0173238994146436e-01	   3.2196320402227391e-01	   4.7243139852729965e-01	   3.3983153891518725e-01	   2.3440006680028147e-01	   1.8555812320579174e-01	   3.8567945934358028e-01	   1.7073789160081240e-01	
