   0.0000000000000000e+00	   7.2099352506328152e-01	   5.9046815717065515e-01	   4.8016610257221742e-01	   5.3696093450215132e-01	   5.3697852964831916e-01	   5.8494126123648449e-01	   5.6976281798621320e-01	   3.9430325460947757e-01	   4.7525806922357894e-01	   5.3261607185073989e-01	   3.9853614397688297e-01	   4.3587919010757337e-01	   4.1140703681995694e-01	   4.9349492812257434e-01	   4.4004783740089759e-01	   6.7242136183537249e-01	   3.5494555888344159e-01	   7.7883378607774190e-01	   5.8038779272772745e-01	   4.2101500318190838e-01	   3.4359561866711757e-01	   5.3868887144572597e-01	   4.1836713331498732e-01	   3.7467643645607623e-01	   4.2304933290468572e-01	   6.0726983100002263e-01	   5.3201097589293633e-01	   4.2730160575171061e-01	   4.0164991708583897e-01	   3.7100957940552526e-01	   3.9635932227956316e-01	   5.8690806407714224e-01	   6.2732281953836999e-01	   5.7339724793169178e-01	   5.8471884799702145e-01	   6.7960819357929336e-01	   4.9715059749546930e-01	   6.7826916042244167e-01	   6.4102959940076687e-01	   6.6507524920290273e-01	   5.6107026687244010e-01	   6.9448572760833049e-01	   7.0194345072486031e-01	   4.1320432047980526e-01	   3.5304084028016341e-01	   6.1032110123785754e-01	   6.8365475772807138e-01	   3.3495097422135217e-01	   2.8393146572584893e-01	   4.2046740949524691e-01	   3.4681794929345133e-01	   3.6333439878164420e-01	   5.5702971131734769e-01	   7.3480621986274397e-01	   7.1269300218465159e-01	   8.8457754661457066e-01	   6.4429213546762754e-01	   5.4898201745525510e-01	   3.9992938047126891e-01	   5.6366511061483959e-01	   1.7538204088199968e-01	   6.1498181845797606e-01	   4.9286041062757774e-01	   5.0010344322134392e-01	   3.8366861901685523e-01	   4.9030847082402768e-01	   3.5839670454776601e-01	   4.2694017112243543e-01	   3.1398106356207001e-01	   5.8642727248276993e-01	   4.1835939156206636e-01	   5.7090631694054761e-01	   5.8266983029182839e-01	   7.0146621681518417e-01	   7.3440697000552690e-01	   8.3025388707847869e-01	   6.5310015310916447e-01	   3.8672797978398166e-01	   2.5271116390183535e-01	   6.8524567078650322e-01	   5.8663785071369312e-01	   7.1185772209677278e-01	   5.1104842292431407e-01	   7.9843462383942831e-01	   6.6008885372538539e-01	   6.4532218993147650e-01	   1.7956494970541392e-01	   7.5138271116442845e-01	   6.6696311940009378e-01	   6.4698474021117103e-01	   6.0967890519272172e-01	   4.2359562510564364e-01	   5.1924600453554259e-01	   2.1291698824797653e-01	   3.0028584591612693e-02	   7.0406458964411112e-01	   7.0044412170483072e-01	   7.1965561294677372e-01	   8.4927634962905629e-01	   2.5131299404710383e-01	   3.6382092766354390e-01	   4.0654173188511067e-01	   5.3629784088113630e-01	  -2.1739671925197596e-01	  -3.3283401031068784e-02	   2.9420394197842553e-01	   3.7608614965285991e-01	  -1.3429880221915033e-01	   8.3026779939973525e-02	   5.6655832082592605e-01	   7.8881746823830168e-01	   6.9420462922799708e-01	   5.0418326831310845e-01	  -6.9563280110798417e-02	  -1.6046158012350714e-01	
   7.2099352506328152e-01	   0.0000000000000000e+00	   3.8435151066669149e-01	   3.4272186845901870e-01	   3.3011650734032033e-01	   2.0454384069815862e-01	   1.9331318607260695e-01	   2.5366259685275561e-01	   2.0652841407120759e-01	   2.8835466907756624e-01	   1.9405463516487154e-01	   4.4938518278864437e-01	   1.3409757228873662e-01	   3.0968971370165238e-01	   2.5737114774618242e-01	   2.8723611789891623e-01	   4.2983917638329239e-01	   4.2558080013154165e-01	   4.9642256313861577e-01	   4.7539109507929583e-01	   4.1942063428184795e-01	   2.6354375933596369e-01	   3.5014764995518977e-01	   3.0502375876785515e-01	   4.6264940864825049e-01	   2.6705528570809045e-01	   4.2643419631580837e-01	   3.5940190786414289e-01	   2.5863562329665746e-01	   3.3993343221810846e-01	   2.0806215772256689e-01	   2.3530978087353693e-01	   4.1169695586745780e-01	   5.0323969456134976e-01	   3.9007482328423843e-01	   3.6557650992721263e-01	   5.6734389037941646e-01	   3.7297981480492048e-01	   4.4963156067301624e-01	   4.7211069686498747e-01	   4.4531952408802489e-01	   4.4720376902758052e-01	   4.5634579991947005e-01	   5.5910517178091346e-01	   2.6987817101060552e-01	   2.4592598363838122e-01	   4.4154050206501050e-01	   5.6435271789725094e-01	   5.1852596729070360e-02	   1.5967726298777316e-01	   1.9247202747474068e-01	   3.1522870699951561e-01	   2.4897661199559498e-01	   4.0617931997342033e-01	   5.5435556061421620e-01	   5.2985175482996505e-01	   7.6016144537888319e-01	   6.9499983603986037e-01	   2.2858020107179880e-01	   3.6607354957160665e-01	   2.6070786289344605e-01	   1.9590892238553206e-01	   2.7807985786435485e-01	   4.1861193824578191e-01	   2.8947446434760221e-01	   2.9127847393009337e-01	   2.4106213080756500e-01	   3.1866656277333011e-01	   3.5262143319730510e-01	   3.6557020147857394e-01	   5.9850266705729105e-01	   4.9760690649043898e-01	   4.3318692322876667e-01	   5.2796736528205823e-01	   4.4890866822016162e-01	   6.4928373794407335e-01	   6.4358479434126115e-01	   6.0657362899751688e-01	   4.0556851438445352e-01	   4.0743586713955338e-01	   5.4290233584400049e-01	   6.1778268845631756e-01	   3.9193741619545924e-01	   2.7819123803935741e-01	   5.6238919838319834e-01	   5.5626146944295685e-01	   4.5515225551953470e-01	   5.9038096089355827e-02	   4.9017194743343762e-01	   5.3838304414486504e-01	   3.4651398722207782e-01	   1.8377523417513705e-01	   1.9913612221231963e-01	   2.0008804574690686e-01	   2.5965883738733830e-01	   1.5332689283516063e-01	   5.8006326285791099e-01	   6.0392973024125807e-01	   5.2101602435982586e-01	   5.1954393659690945e-01	   1.4349590171159571e-01	  -8.0162070924286297e-04	   2.8918786126061158e-01	   1.2109602621718206e-01	  -2.7046885853225422e-01	  -1.6521409970193163e-01	   2.5422188553667346e-01	   1.7890530882338104e-01	  -1.0930264458186732e-01	  -1.8345816062509693e-02	   3.4298519098478286e-01	   6.0302129730504817e-01	   5.3520673105629502e-01	   3.0765398223183177e-01	  -2.3647099914135417e-01	  -2.4586151915670812e-01	
   5.9046815717065515e-01	   3.8435151066669149e-01	   0.0000000000000000e+00	   8.3701387548632233e-01	   6.5900540008241471e-01	   6.9064102291424190e-01	   7.9206234653957519e-01	   6.9044490792535429e-01	   6.2290294939859792e-01	   6.6635702429773935e-01	   3.7966712287382681e-01	   2.3326766617569977e-02	   4.5959475649104264e-01	   1.7641608631651995e-01	   7.4655903262229273e-01	   6.9430493446852215e-01	   3.1857129677150664e-01	  -8.2638099953946026e-02	   6.8304822732349524e-01	   4.7034471466455402e-01	   5.6801682646972562e-01	   5.6356433387662697e-01	   9.0297403397271458e-01	   8.1388264100257590e-01	   6.7704516158938755e-01	   7.9271929210026371e-01	   7.4591835861430611e-01	   6.8067589509942339e-01	   3.2803820955123181e-01	   1.6056233840729792e-01	   7.9964443468971291e-01	   7.6303906182217496e-01	   6.7301722101042771e-01	   6.0343108378335653e-01	   7.3362934773901922e-01	   6.6010289093977859e-01	   3.9844227229890311e-01	   2.1165940494774171e-01	   4.6069363675752534e-01	   4.4963904169941460e-01	   4.4872301859306429e-01	   4.1888206357051017e-01	   5.4660083203967680e-01	   5.1391487132480951e-01	   3.4321035152785812e-01	   2.2135493184239008e-01	   3.6543477782536815e-01	   4.4352340877391161e-01	   2.1064726425885111e-01	   2.5066765319135753e-01	   3.1154292489226132e-01	   4.0636471552418318e-01	   1.3338246030771111e-01	   4.7817959883766681e-01	   4.3945696769816911e-01	   3.7661458546872167e-01	   4.4582445755107591e-01	   2.3754286042801798e-01	   1.8305982788353586e-01	   1.9738535098724319e-01	   2.4196609269926572e-01	   1.5726336104446742e-01	   2.0583001312392057e-01	   2.2101473215125245e-01	   8.0752919845743332e-01	   6.5308679750732457e-01	   6.5206909629277798e-01	   4.4602536720176256e-01	   5.6603537279379346e-01	   4.4735731359171999e-01	   4.1117809751613171e-01	   3.6640338883294277e-01	   4.5082031137786133e-01	   4.8576279329184879e-01	   5.8186291851365923e-01	   6.7683732214323089e-01	   5.3652121946203413e-01	   3.4502955251377537e-01	   1.9494302135497327e-01	   3.7684163028387230e-02	   4.2272343256463740e-01	   4.2983026969623078e-01	   7.2882523020899004e-01	   4.6196284466856052e-01	   7.3289538932633747e-01	   7.0924793306046330e-01	   5.6109196082145552e-01	   2.8492168184907352e-01	   7.8651795269994662e-01	   5.8727099601298793e-01	   6.2014210583604046e-01	   6.3359140661996649e-01	   5.3971416425917174e-01	   6.6603258446509406e-01	   2.3187990321017921e-01	  -3.5148183945171586e-02	   4.9707953563472612e-01	   4.3335116382985311e-01	   4.6100730248151078e-01	   5.4549000517984747e-01	   1.7956011478639811e-01	   5.0943630082275493e-01	   1.7358252996418438e-01	   3.7224071989215812e-01	   1.6227951124083984e-02	   1.1511320218187182e-01	   2.8934225702099531e-01	   2.7116184915889885e-01	  -1.0047826046187132e-01	   1.1876591748136822e-02	   5.9423929157710542e-01	   3.8282218584496586e-01	   4.2177486812103437e-01	   4.0318694176285991e-01	   4.0699116951440337e-02	  -1.5894326024532582e-01	
   4.8016610257221742e-01	   3.4272186845901870e-01	   8.3701387548632233e-01	   0.0000000000000000e+00	   5.5496934587340974e-01	   7.5749073476193907e-01	   6.5404634236291426e-01	   7.1175271309248345e-01	   5.3258391269802452e-01	   7.8033709965938880e-01	   2.6077068096816147e-01	   8.4326775907442253e-02	   3.2938775646707674e-01	   1.6784249634767298e-01	   5.3369269153757726e-01	   6.6259030061245450e-01	   2.7265539278451678e-01	  -1.3912864566412597e-01	   4.8850332934056812e-01	   4.0260182057142563e-01	   5.3290100653335659e-01	   6.0404016154874185e-01	   7.7256274959876547e-01	   8.5970596301609725e-01	   6.7630597377729995e-01	   8.8687620625409147e-01	   6.7399059775370485e-01	   7.0572433503454723e-01	   2.8070583992439402e-01	   1.4327586215602678e-01	   7.4964817718258103e-01	   7.8640544349230912e-01	   5.3178133003541017e-01	   5.9115157973637644e-01	   6.6022996244913146e-01	   6.7469256793762722e-01	   2.5481622950044214e-01	   2.9590884415458862e-01	   4.5496822487166866e-01	   4.5931050860628975e-01	   3.2116723724642471e-01	   4.1333335290256124e-01	   4.4744838242837209e-01	   3.9998224836633767e-01	   2.6695525040415946e-01	   1.8165843683880328e-01	   2.9869553594191739e-01	   3.9136633410922567e-01	   2.2721509753032568e-01	   3.0397935636607437e-01	   3.5370938606245217e-01	   4.5988248795737408e-01	   2.9505067085010001e-01	   4.9583938599337318e-01	   3.9924367362906699e-01	   3.9949304747012349e-01	   4.5498953228134031e-01	   2.6378998966672512e-01	   1.5896146016358487e-01	   3.1961549882797002e-01	   1.7004428706047930e-01	   2.0654679758374986e-01	   1.3292916613248801e-01	   2.0711043416685018e-01	   6.8899575846822847e-01	   6.9349533090293380e-01	   5.7620301514203665e-01	   5.0639456330099197e-01	   5.8034986656237342e-01	   4.5825726823892460e-01	   4.4284405121710690e-01	   4.8548007974820140e-01	   4.0379034259464403e-01	   4.6694947784484431e-01	   5.0449323844967431e-01	   5.6949455230837764e-01	   4.4110948128328786e-01	   4.0392278477811810e-01	   2.5491663986411917e-01	  -8.4833784526685985e-03	   3.3198711061494163e-01	   2.8520103479293946e-01	   5.4877709839319611e-01	   4.6822509816335001e-01	   5.2529849288999697e-01	   6.8533546373423260e-01	   4.7429666388007430e-01	   2.9057984961531225e-01	   6.7058166326630131e-01	   6.4874331367862936e-01	   6.7706013602692894e-01	   6.3258909637768801e-01	   6.1576217410332967e-01	   6.4649167101223481e-01	   3.3276242996636163e-01	   3.7996590686439916e-02	   4.7778509778316758e-01	   4.1212742136683633e-01	   4.8861165964302400e-01	   4.9730332247225978e-01	   1.8841543821860510e-01	   4.6739735494855994e-01	   1.7204623030470362e-01	   2.3956433236038910e-01	   2.0291645377611453e-02	   1.3888706810048335e-01	   3.9741559333683446e-01	   2.9723972454478242e-01	  -1.0423888672647262e-02	   3.1560714639059982e-02	   5.2766733892897044e-01	   2.9403846435384218e-01	   3.3777232990612593e-01	   3.2277741856031034e-01	   5.0956840923468180e-02	  -9.8940213595820697e-02	
   5.3696093450215132e-01	   3.3011650734032033e-01	   6.5900540008241471e-01	   5.5496934587340974e-01	   0.0000000000000000e+00	   5.5105391981322871e-01	   5.9086096167395497e-01	   5.0666825344238853e-01	   7.5217880993277864e-01	   5.9978500533520318e-01	   4.7741471951406977e-01	   2.5437545623246810e-01	   4.5689027258469939e-01	   3.2224107170349492e-01	   6.5039071960681816e-01	   6.4855821002894276e-01	   4.0988890112658094e-01	   1.6623902558798626e-01	   5.6852781252475681e-01	   5.6369008545566845e-01	   4.7017360649827111e-01	   4.8103563662305915e-01	   5.3867717853123043e-01	   4.9076170386564194e-01	   5.5104837881142454e-01	   5.5031299597607564e-01	   5.4668586563300470e-01	   5.1242815904641992e-01	   5.3752479332392145e-01	   3.7415258973564958e-01	   5.8329795141410268e-01	   5.2343989013763936e-01	   5.5294201704724266e-01	   5.1701266820674086e-01	   6.0844343495931341e-01	   5.7123983776854326e-01	   4.2367000978488745e-01	   2.1940448987556696e-01	   5.0118327639080718e-01	   3.9509753006801623e-01	   4.8292360051110361e-01	   4.4632861711475225e-01	   5.4375054449777482e-01	   4.4270650100061992e-01	   4.5179658340375572e-01	   3.2926828130311553e-01	   4.3084109006533972e-01	   4.0291109657645341e-01	   2.9076145575215606e-01	   2.2682239434122953e-01	   4.3754468404744284e-01	   3.0361810112332088e-01	   2.7382202769157327e-01	   4.1733507500921652e-01	   4.3785535482467436e-01	   2.4830958751147961e-01	   3.5396268237959277e-01	   2.3031970646351124e-01	   3.5212326603807498e-01	   2.2273784391010079e-01	   4.4440205575004960e-01	   3.1410187762215258e-01	   2.4113706689535735e-01	   2.8818559804421023e-01	   6.0630664237145748e-01	   5.6118262591842072e-01	   4.5702455891142418e-01	   2.9172414242555544e-01	   3.3876381280031703e-01	   1.0653266237543249e-01	   6.0369761323978199e-01	   2.8463431026538477e-01	   6.0162550291710870e-01	   5.3104823709227356e-01	   6.2855748982328619e-01	   6.1574106202929024e-01	   5.3165680532343529e-01	   4.4631838277640601e-01	   3.4845746284432400e-01	   3.6241047889867628e-01	   5.4150842814854772e-01	   5.3347892623190496e-01	   5.5976157393804427e-01	   4.4807864505250877e-01	   6.2929204948065198e-01	   5.9636648506096357e-01	   3.6062589888967450e-01	   1.2792917301643106e-01	   6.0190113367531306e-01	   5.1600227328714843e-01	   4.0419378935273104e-01	   4.0195311503904668e-01	   2.4631986304625647e-01	   4.3091510913871017e-01	   3.3838024119095278e-01	   1.2970013605322833e-01	   4.8164036620809175e-01	   4.9065363710251197e-01	   4.2316782560465027e-01	   4.3679359305394255e-01	  -6.0727939902385699e-03	   2.7462237499067355e-01	   1.5636980352262964e-01	   2.8743380096870891e-01	  -1.3788468234821152e-01	  -1.0346882833593510e-02	   1.2950431930754769e-01	   3.6310201747148863e-01	   3.2116181147307929e-03	   1.3363721004040061e-01	   4.4765104720613047e-01	   4.2284053111066244e-01	   3.5896642953357671e-01	   2.5923337178195593e-01	  -6.8374766737733239e-02	  -1.7138924543359407e-01	
   5.3697852964831916e-01	   2.0454384069815862e-01	   6.9064102291424190e-01	   7.5749073476193907e-01	   5.5105391981322871e-01	   0.0000000000000000e+00	   8.1960143120560924e-01	   8.5330488382874758e-01	   2.8405998772689200e-01	   7.2448776279786675e-01	   5.0018609724659457e-01	   7.0023102703987622e-02	   5.5246968084270631e-01	   3.8692022141042659e-01	   4.9470350793924023e-01	   5.1773637904897685e-01	   3.9301292682681488e-01	  -2.1681299756331729e-01	   6.3285518502167482e-01	   4.3208623442228367e-01	   4.6528172424947212e-01	   5.9150335732764536e-01	   6.0385826034081402e-01	   5.6685425286654589e-01	   4.0344026387880783e-01	   7.6707058906314929e-01	   6.7354229820869116e-01	   7.0376706258476340e-01	   3.3598253108251303e-01	   6.8991950391842111e-02	   6.1215512126506277e-01	   6.4887409877912672e-01	   4.3574520963836089e-01	   5.1386094715239916e-01	   5.7281958461430904e-01	   5.8948344014888299e-01	   4.0389860084410384e-01	   4.9560588463770661e-01	   5.0190804427214786e-01	   5.4904416286815128e-01	   4.7806391658292191e-01	   4.9212665634140712e-01	   5.5362373282764432e-01	   4.5103043709077972e-01	   3.3001373398216038e-01	   1.8130901122208548e-01	   3.8601763973731273e-01	   4.4932539235742602e-01	   4.0400503471857363e-01	   4.1627562869507406e-01	   5.3358529243677311e-01	   4.5920842777346338e-01	   4.4018484771995947e-01	   5.7975858050536944e-01	   4.5647233665627418e-01	   4.0580875061090227e-01	   4.3144131500369776e-01	   2.4122831595543601e-01	   3.8994791205398227e-01	   2.9892169470560143e-01	   4.0897221738095191e-01	   4.9041093631536026e-02	   3.6988008902516800e-01	   1.7240274838115541e-01	   4.9358029527227221e-01	   4.5247046738039964e-01	   5.9763694053103422e-01	   4.0934590860480957e-01	   5.6232549944003662e-01	   4.6760535278517412e-01	   4.2534910955643723e-01	   3.9200683238955764e-01	   4.4774535677298843e-01	   4.7723152193408569e-01	   5.9566673817110027e-01	   5.5446493331824431e-01	   5.0074136990479801e-01	   3.1167335901480853e-01	   2.4875228038081043e-01	  -2.0075106046359714e-01	   4.1528807352842684e-01	   2.0593407167634409e-01	   6.5088402560262004e-01	   5.0122883797564433e-01	   5.3433045074340180e-01	   5.7779109369885717e-01	   4.7218516692611012e-01	   2.3300908637955342e-01	   6.0586539860584687e-01	   6.4266824385610677e-01	   7.7012003321769995e-01	   8.4311663002038317e-01	   6.9919633805930526e-01	   8.0963413416751384e-01	   2.3491321244467303e-01	  -3.8161070040731868e-02	   4.9923670579144219e-01	   4.4784322998947879e-01	   5.9802363839590145e-01	   5.8692008014386365e-01	   3.4569281703557397e-01	   6.4572076876393913e-01	   2.0133542298999746e-01	   4.8239802738865789e-01	   8.7217491362884314e-02	   1.9639138036863030e-01	   4.1194942962645281e-01	   3.9167125299686845e-01	  -2.0333470979631874e-01	  -3.4402043432576121e-02	   5.5288761933943054e-01	   4.8075427046556363e-01	   5.0772080109341533e-01	   4.6213147229590412e-01	   1.7897040544061515e-01	  -1.3516514989679689e-02	
   5.8494126123648449e-01	   1.9331318607260695e-01	   7.9206234653957519e-01	   6.5404634236291426e-01	   5.9086096167395497e-01	   8.1960143120560924e-01	   0.0000000000000000e+00	   9.1286341551656669e-01	   3.8908997228356013e-01	   6.8533195014753401e-01	   5.9196148414888872e-01	   6.4516111430705833e-02	   7.3311816296707277e-01	   4.4973839322079573e-01	   6.2174887138624024e-01	   5.6537573464606794e-01	   3.7054353731118655e-01	  -1.5420730801878602e-01	   6.9617830173917228e-01	   4.4028632537638057e-01	   4.0706830663013760e-01	   4.8077499071337731e-01	   6.4958291186549866e-01	   5.4092891624791828e-01	   3.2008245376563316e-01	   6.2814256431544746e-01	   7.1356544426862301e-01	   6.4856242977155476e-01	   3.1686997712046799e-01	   2.7244773707305155e-02	   6.0277624577324829e-01	   6.1105490139353358e-01	   5.1693258183155633e-01	   5.1426150013388527e-01	   5.9069934570928040e-01	   5.9076632191925049e-01	   3.2906821595760449e-01	   2.6271204505020823e-01	   3.6027399107006552e-01	   4.2984740727474213e-01	   4.6796380048095954e-01	   4.0225415032933237e-01	   5.5499035216823900e-01	   4.6754990542090336e-01	   3.8153639194225725e-01	   2.2241176411339042e-01	   3.9103648062291396e-01	   4.0250146542098864e-01	   3.2811406510003938e-01	   2.6249582975004337e-01	   3.5757747975240978e-01	   3.2335692016681050e-01	   1.4011926515356668e-01	   4.2466090826528546e-01	   4.1596179950737933e-01	   3.1605345247936684e-01	   3.8936034207465398e-01	   1.1440727716664276e-01	   3.4101984839152710e-01	   1.4407593943766767e-01	   5.5015023341661107e-01	   4.2714511106285546e-02	   4.4534716307451455e-01	   2.2726304667288189e-01	   6.0484284379779829e-01	   4.6718007919932192e-01	   7.0098108223366240e-01	   4.2281773809991002e-01	   4.8414649187951908e-01	   3.8174823489009713e-01	   2.9724926076449060e-01	   2.1680645346512850e-01	   4.2454708382812245e-01	   3.8165784260367408e-01	   5.8468123773046998e-01	   5.1714576517515565e-01	   5.2304025111411145e-01	   2.4759794011881342e-01	   1.0041039137304653e-01	  -1.9290047575767114e-01	   4.3238294099880564e-01	   2.9955026828669895e-01	   7.0687721982886842e-01	   5.1274587746362765e-01	   6.9903284849216651e-01	   5.9893150072394463e-01	   5.4124845858833703e-01	   3.1070647347026120e-01	   7.5007418097347622e-01	   5.2437628650604251e-01	   7.0471829933946706e-01	   7.9922127209592164e-01	   6.4797980254348686e-01	   7.7037028155623610e-01	   6.6399411191310348e-02	  -1.5913445861217174e-01	   3.9719996666375923e-01	   3.7649367406252632e-01	   5.5015083705614198e-01	   6.1840885722662065e-01	   3.2637847734408421e-01	   6.0335643559463303e-01	   2.3059460811099763e-01	   5.0200404269518129e-01	   4.9629800529931135e-02	   2.0841679549532066e-01	   3.1189159357158519e-01	   3.9836575701919219e-01	  -2.8622982755941945e-01	  -9.5786686248862635e-02	   5.5141691636198764e-01	   4.5020969530947197e-01	   5.2674332492081077e-01	   5.0344397414920516e-01	   1.3201224984308507e-01	  -7.4697255605184365e-02	
   5.6976281798621320e-01	   2.5366259685275561e-01	   6.9044490792535429e-01	   7.1175271309248345e-01	   5.0666825344238853e-01	   8.5330488382874758e-01	   9.1286341551656669e-01	   0.0000000000000000e+00	   2.7424542424964699e-01	   8.0037047857492172e-01	   5.5478025770183192e-01	   2.1477712344280953e-01	   6.3061267349838190e-01	   5.5242660506796959e-01	   4.5407779682439192e-01	   5.6745586464423114e-01	   4.0973738272825178e-01	  -6.4165347866583983e-02	   6.2504802602519260e-01	   4.1589467969665139e-01	   4.0689283833467538e-01	   5.4009357737784680e-01	   5.1476123566841769e-01	   4.8667591649418562e-01	   3.1409563523646367e-01	   6.8291505405271280e-01	   6.2045582361093310e-01	   6.0727742015953246e-01	   3.5926231520059071e-01	   1.2396938489437978e-01	   5.4879176226088999e-01	   6.3791063761041922e-01	   4.9988142737378483e-01	   5.8652708867889425e-01	   5.8704399070718005e-01	   6.3596919976386213e-01	   2.9547782237964082e-01	   3.4957631436895920e-01	   3.9448042654607729e-01	   4.6165437035421164e-01	   4.2351549377436715e-01	   4.7490661218024277e-01	   5.9370121334418768e-01	   5.1819837876998598e-01	   4.3722561262876658e-01	   3.2006873790468443e-01	   4.7154412411021690e-01	   4.8140317341867994e-01	   4.4090195199458693e-01	   4.1729202569560847e-01	   5.0262948265256235e-01	   4.6829234052785929e-01	   3.1212020404363622e-01	   5.1269123682550821e-01	   4.9818674571012078e-01	   4.0106027267053523e-01	   4.3895262757319475e-01	   2.2307008272109846e-01	   4.2491463638359261e-01	   3.5388735057685144e-01	   5.6371104086129775e-01	   1.7336863676979486e-01	   4.7841329592709814e-01	   3.6089038422394254e-01	   4.8665346666866877e-01	   4.8318191150510625e-01	   7.4687189439367618e-01	   6.0327976697879215e-01	   4.7312696080484118e-01	   3.8565633367616398e-01	   3.5463107767941759e-01	   3.4893229883672749e-01	   4.3205864000872085e-01	   4.3261770190955884e-01	   5.2251138170405598e-01	   5.3552555687135783e-01	   5.6122138797454391e-01	   4.0331829660144780e-01	   1.7519818765339984e-01	  -1.4788132422827818e-01	   4.8336696320718786e-01	   3.5256662504796893e-01	   6.3906832658007762e-01	   5.4759276415123948e-01	   6.4518309674180563e-01	   6.4206757659447566e-01	   5.0819055700204940e-01	   2.6517644113623356e-01	   6.8607418048075886e-01	   6.0200004201709290e-01	   7.5723339098131015e-01	   7.8349174194211635e-01	   7.3588299819964387e-01	   7.8809285443995680e-01	   1.9134848949542779e-01	  -6.8202609317070589e-02	   4.7868723144606851e-01	   4.7419606270261183e-01	   6.5180416352116555e-01	   6.6329952453038099e-01	   3.5290005298882882e-01	   5.8562941953342018e-01	   2.6022909973262370e-01	   4.6511652535067394e-01	   2.3586144478119020e-02	   1.4702571086774374e-01	   3.5054878235226467e-01	   4.8019059043019130e-01	  -1.9282527378085407e-01	  -1.5842370242014472e-02	   6.0971489471623641e-01	   4.9324314589988127e-01	   5.6571492316466920e-01	   4.6039394828113411e-01	   9.0735554770032395e-02	  -1.3737492818308381e-01	
   3.9430325460947757e-01	   2.0652841407120759e-01	   6.2290294939859792e-01	   5.3258391269802452e-01	   7.5217880993277864e-01	   2.8405998772689200e-01	   3.8908997228356013e-01	   2.7424542424964699e-01	   0.0000000000000000e+00	   5.1961527768804350e-01	   4.7384458535556029e-01	   2.7057540258467105e-01	   3.8083229252232620e-01	   1.6616526914266433e-01	   6.5967486172512291e-01	   6.1448793716944861e-01	   3.0575002743040053e-01	   1.7072433619672722e-01	   4.6270058774016942e-01	   5.0876471173122995e-01	   3.9849256719288134e-01	   3.1712075063989237e-01	   6.1155850281485746e-01	   5.8286084590195408e-01	   5.1822562836502606e-01	   4.1966959934294407e-01	   4.6791413083138078e-01	   4.2319543747110433e-01	   4.6866252369493455e-01	   3.3640846005909675e-01	   5.6029212302895837e-01	   4.8261954150564712e-01	   4.9085462249004108e-01	   3.8887570656708303e-01	   4.7090995275713465e-01	   3.6208763276539319e-01	   1.3276775110802747e-01	   8.6123399447187013e-02	   4.1893946706581042e-01	   2.5075593796232948e-01	   2.9167385777824872e-01	   1.7407311650650498e-01	   2.3045495593955748e-01	   2.3900186058791259e-01	   1.0709721405064279e-01	   9.9737725229183075e-02	   1.9876877936770193e-01	   2.1822795827266384e-01	   4.6610619825126959e-02	   1.3853039887217811e-01	   1.8703042788784674e-01	   2.9941579310582817e-01	   1.5268864073824867e-01	   3.0333285540717864e-01	   2.6639073334321128e-01	   1.9674359030750074e-01	   1.6826965577875452e-01	   1.9252512027929916e-01	   2.0466043443108023e-01	   2.5976957148587870e-01	   3.3415938785416432e-01	   3.9332068755647154e-01	   9.1746674414656684e-02	   3.1854883821140456e-01	   6.0896202051235837e-01	   5.0342109078563202e-01	   2.5244622079564688e-01	   1.0143339384999736e-01	   3.4885373756305849e-01	   1.8978988126418775e-01	   3.6112629232772575e-01	   1.9910647285171851e-01	   4.5025057755221487e-01	   3.5671062277603460e-01	   4.2845278892848104e-01	   4.2762840336924868e-01	   4.0458078136861608e-01	   3.9925341726986002e-01	   2.1950416008436091e-01	   3.6033386491942332e-01	   3.1800667239425717e-01	   3.7813136298597638e-01	   3.9740020543181603e-01	   3.1852327210423725e-01	   5.0128544171585410e-01	   5.0844151956536754e-01	   2.9970992439644362e-01	   5.7625650356220179e-02	   5.7818231702729384e-01	   4.9896276366652725e-01	   2.2647378151295589e-01	   2.0923116039840634e-01	   9.7241014401163492e-02	   2.2960815686888758e-01	   3.0644520359232758e-01	   7.8930509711776467e-02	   2.6527503168675365e-01	   2.4117878237303664e-01	   9.8880152066192342e-02	   2.1278657613376351e-01	  -2.7754382931275245e-01	   2.4196190199195217e-01	  -4.4721175844078934e-02	   1.4381530624114819e-01	  -2.6166485900957070e-01	  -1.8436004331858385e-01	  -2.8684724572682799e-02	   9.0340381964592431e-02	   3.1410143155628456e-02	   1.2612916353815920e-01	   2.1186979554140936e-01	   7.7697775386249113e-02	   8.4610257450532550e-02	   8.4610706012006348e-02	  -2.1622117127616955e-01	  -2.6108337094205769e-01	
   4.7525806922357894e-01	   2.8835466907756624e-01	   6.6635702429773935e-01	   7.8033709965938880e-01	   5.9978500533520318e-01	   7.2448776279786675e-01	   6.8533195014753401e-01	   8.0037047857492172e-01	   5.1961527768804350e-01	   0.0000000000000000e+00	   4.6711119054469352e-01	   4.0710999708584539e-01	   4.3926038760409747e-01	   5.5389002922762620e-01	   4.6708289800783398e-01	   7.5986119873018099e-01	   2.1734193754843067e-01	   3.2466246044074217e-03	   4.3641462488382998e-01	   4.0988213191406486e-01	   4.5360707709248416e-01	   6.3246568820226090e-01	   5.5741435876107381e-01	   6.4872583641392045e-01	   4.9354358614079152e-01	   7.1047314409420559e-01	   5.8462182869127544e-01	   6.2717879109631169e-01	   3.1186475868491959e-01	   2.4852665385682352e-01	   5.7259196032323079e-01	   6.7587376165046220e-01	   4.0230477530087860e-01	   4.7675136384262240e-01	   5.8160810529915907e-01	   6.5033020686988285e-01	   2.1332791711215032e-01	   2.7734037177613935e-01	   4.2098461760547734e-01	   4.0162714705967806e-01	   3.2130057338134560e-01	   3.9445039375369451e-01	   4.5983741377204002e-01	   4.2504054176063549e-01	   3.8390523547882832e-01	   3.1919218620458806e-01	   3.8787575838319677e-01	   3.9441698784091506e-01	   4.1323696592010056e-01	   4.7720724070237336e-01	   5.7419280363934400e-01	   6.2261580600431676e-01	   3.7522355642535282e-01	   4.8432295567652250e-01	   4.7544404119872463e-01	   3.4055192502031595e-01	   3.4611734627666790e-01	   2.6316024226893425e-01	   4.0241436319040258e-01	   5.5263553235313656e-01	   3.8329783223369407e-01	   4.4439769078459940e-01	   1.9567017855880811e-01	   2.9709104854772800e-01	   5.3594835268764229e-01	   6.7813554479561633e-01	   6.6637652185747054e-01	   6.1700397666545259e-01	   4.2419708476209306e-01	   3.2494597309726692e-01	   4.2594331571749000e-01	   4.2267113951030022e-01	   3.9228323127678355e-01	   4.2899809278656315e-01	   4.7841616268888076e-01	   5.3704001819278679e-01	   5.1600957786191193e-01	   5.2552370095335732e-01	   1.2855985241547030e-01	   1.7509226344532516e-02	   3.0030571693616276e-01	   3.9584317848960521e-01	   5.1218545410995553e-01	   5.2794952790859684e-01	   5.3775660101626854e-01	   7.6203391905859896e-01	   4.3543504423522955e-01	   2.1017367159299766e-01	   6.1810401562280337e-01	   7.0326531011238058e-01	   6.5716837162085950e-01	   5.6675795832545295e-01	   6.4500030266374719e-01	   6.5653263144072271e-01	   3.9345569207867526e-01	   9.5610010696410411e-02	   4.7908181669774474e-01	   4.2743007651353815e-01	   5.3793888201662243e-01	   4.8630752282313566e-01	   1.5831685988998462e-01	   5.0708291297517449e-01	   1.7079694351531627e-01	   2.8795078370450222e-01	  -8.7833839304966993e-02	   3.4881566929822944e-02	   3.2684393084687058e-01	   3.6564314697421912e-01	   1.1766503311056480e-01	   6.7411206849462738e-02	   5.8785982995195529e-01	   3.1170268724671624e-01	   4.0784005048616345e-01	   3.7459065504710565e-01	   6.2201295153805009e-04	  -2.6999143362837241e-01	
   5.3261607185073989e-01	   1.9405463516487154e-01	   3.7966712287382681e-01	   2.6077068096816147e-01	   4.7741471951406977e-01	   5.0018609724659457e-01	   5.9196148414888872e-01	   5.5478025770183192e-01	   4.7384458535556029e-01	   4.6711119054469352e-01	   0.0000000000000000e+00	   5.8345693738135807e-01	   8.6796844869487622e-01	   7.2703601749221969e-01	   5.9156256806889629e-01	   4.5600678008843287e-01	   5.5120833506524236e-01	   2.8512801371322588e-01	   5.5692525223462430e-01	   4.3412774875128357e-01	   3.5523447754565574e-01	   1.9555721321355374e-01	   3.3674982927460273e-01	   1.8285365082238031e-01	   1.6012102160839128e-01	   2.1795122302862535e-01	   4.5456355706534535e-01	   4.1924937993161215e-01	   5.9506591257651020e-01	   3.5847443025099235e-01	   3.7502317619610442e-01	   3.4847427345843568e-01	   4.7451977124066175e-01	   4.2776947833516610e-01	   2.3568159423909180e-01	   2.5985190960692450e-01	   3.1730756838845992e-01	   3.2953129139190973e-01	   5.2309217649402284e-01	   3.5856768713147030e-01	   4.8022354393320665e-01	   2.4648652549311695e-01	   4.1875076923408749e-01	   4.7522270179239434e-01	   2.8917326918448860e-01	   2.7393587232883743e-01	   4.4117041145560815e-01	   3.9423660987436693e-01	   2.9671675442179379e-01	   3.5764791300183313e-01	   3.5677817325375355e-01	   4.6199069866313347e-01	   2.6637843931742305e-01	   3.6130337595499318e-01	   5.4956178030102865e-01	   4.0422574121503990e-01	   3.2167734523369212e-01	   3.1060772556042859e-01	   5.0786581057354097e-01	   3.8276630565129544e-01	   7.6284913608773430e-01	   3.6732250122339116e-01	   5.9482971523670902e-01	   4.8827947906331071e-01	   2.3986318001520002e-01	   2.3809486149171974e-01	   3.6022205154029147e-01	   1.8977941576551594e-01	   3.8867508861033817e-01	   2.3118095980436737e-01	   3.3295960193804708e-01	   1.4516694458580590e-01	   5.2936804807580617e-01	   4.0873981230701684e-01	   5.6439189030008463e-01	   3.9249508088330687e-01	   6.2852309189490840e-01	   4.7988163406570217e-01	   2.6516399561035259e-01	   2.1397521267885214e-01	   5.1320822443944814e-01	   4.2024849599190289e-01	   5.4923013919344177e-01	   3.9421519909156177e-01	   5.5902864967421362e-01	   4.3024242328508344e-01	   3.5604248789945214e-01	  -2.5812454855850916e-02	   5.3576074595389900e-01	   5.4719823655211286e-01	   4.0119467575349582e-01	   4.2146798536372504e-01	   2.9370705774866612e-01	   4.0180375365957099e-01	   2.2932418892966697e-01	  -1.9120762548271125e-01	   4.7495887168428941e-01	   3.7400007637934751e-01	   3.7822613472092143e-01	   4.7886906374652538e-01	   7.5357218238029572e-02	   4.8523029624214431e-01	   2.3369699972845409e-01	   5.0037490992432765e-01	  -2.2288519976902066e-01	  -1.5513299670983705e-01	   1.9072528553857593e-01	   3.1442868167689908e-01	  -2.8969643310616611e-01	   6.8383481239483970e-02	   3.8357395028632429e-01	   4.1933114561109908e-01	   4.7452909533466903e-01	   4.5379582048009981e-01	  -1.7974334241741352e-01	  -2.8236752024771161e-01	
   3.9853614397688297e-01	   4.4938518278864437e-01	   2.3326766617569977e-02	   8.4326775907442253e-02	   2.5437545623246810e-01	   7.0023102703987622e-02	   6.4516111430705833e-02	   2.1477712344280953e-01	   2.7057540258467105e-01	   4.0710999708584539e-01	   5.8345693738135807e-01	   0.0000000000000000e+00	   3.5251935041413235e-01	   7.9430553736780163e-01	   2.0233086011548340e-01	   3.8164205772030790e-01	   3.6434895967514735e-01	   6.6843307465628721e-01	   2.2163231415964904e-01	   4.0101246526624323e-01	   2.6039859642803403e-01	   1.3595004500024999e-01	  -1.8415558307101948e-03	   1.7187567462236764e-02	   2.4032098749387185e-01	   7.3285146329950396e-03	   1.0227188561223763e-01	   1.4202184146660524e-01	   5.1437621925448418e-01	   6.3135678138366147e-01	   4.2958058874099536e-02	   1.3918294346078106e-01	   3.0494968506995007e-01	   3.7929522427464835e-01	  -6.3995286647866578e-03	   1.0590515777612278e-01	   2.4307609143716052e-01	   3.6130539720831339e-01	   4.3095502292948695e-01	   3.0827693871517553e-01	   3.8655931345320432e-01	   2.9279038698688353e-01	   3.6337024785687055e-01	   4.8799548566848816e-01	   3.8137278944451347e-01	   5.0066147476462453e-01	   5.3756670423243569e-01	   4.4505383988387232e-01	   3.3125639562862136e-01	   4.8344689984033246e-01	   4.1460331767870001e-01	   5.7186118872236757e-01	   3.9334712104303216e-01	   3.1578366324996848e-01	   6.3768552164318748e-01	   4.8227461180933529e-01	   3.2442225810456204e-01	   5.3679882672385104e-01	   4.2452418933649738e-01	   6.4901700710045707e-01	   4.3975959835302042e-01	   6.6899642098646472e-01	   3.7132727704990409e-01	   6.2307889121598625e-01	  -7.7322041949449388e-02	   2.0037407232863735e-01	   1.7605426499091975e-01	   3.2537403747414217e-01	   1.3299175410856473e-01	   4.2958447025009436e-02	   4.5491134575421144e-01	   2.7755554426962331e-01	   4.0569027243581529e-01	   4.0567365756770302e-01	   2.9865481887001077e-01	   3.5639580487526440e-01	   5.6296684516178708e-01	   7.1793021880703789e-01	   2.9816476365561095e-01	   4.9493948660041509e-01	   3.8034653661873863e-01	   6.0431281728069153e-01	   1.8391767415533450e-01	   3.0007629338175468e-01	   3.6075193571493736e-01	   4.3781031361491862e-01	   1.8992926589822437e-01	  -1.2939215569764184e-01	   2.1770182118948145e-01	   5.0419414487902947e-01	   1.8742616222426370e-01	  -3.6256798036674365e-02	   1.5951728915696248e-01	   4.1524779012934276e-02	   3.6147081035544676e-01	   1.2465491760898161e-01	   4.4930818127222671e-01	   4.9294952577624263e-01	   3.9428472335314840e-01	   3.6138611773817170e-01	  -2.8657391804569493e-03	   4.7002010193559235e-02	   2.3206082299591191e-01	   1.2572948533332534e-01	  -3.8035155779698915e-01	  -3.3945372862056833e-01	   8.3824657323253129e-02	   1.4942301420733639e-01	   9.1388815064893159e-02	   1.8389001497833321e-01	   3.0281256413385083e-01	   3.5190444361935741e-01	   4.2238183883519542e-01	   2.4712047413282207e-01	  -3.8133605374441520e-01	  -4.3232247614772401e-01	
   4.3587919010757337e-01	   1.3409757228873662e-01	   4.5959475649104264e-01	   3.2938775646707674e-01	   4.5689027258469939e-01	   5.5246968084270631e-01	   7.3311816296707277e-01	   6.3061267349838190e-01	   3.8083229252232620e-01	   4.3926038760409747e-01	   8.6796844869487622e-01	   3.5251935041413235e-01	   0.0000000000000000e+00	   6.4566094430432686e-01	   6.5475649977891670e-01	   4.5758094975483782e-01	   3.5409601256364831e-01	  -8.4288101163292554e-03	   5.1365077613327748e-01	   3.2913668671280871e-01	   3.7155041379667664e-01	   2.8758956951664377e-01	   4.5652393115441625e-01	   3.1168283269317720e-01	   1.9724642832686878e-01	   3.2384258870676985e-01	   5.9103526213022273e-01	   5.2453922802331754e-01	   4.3891402748786951e-01	   1.4847590269348945e-01	   4.7095534752990337e-01	   4.4233677456910986e-01	   3.5544499850670891e-01	   3.5706275636450352e-01	   2.0793660517307050e-01	   2.4834945412535409e-01	   2.8758168694510244e-01	   2.3368179887758955e-01	   4.0749024461063776e-01	   3.9190262195288100e-01	   4.1774936099002447e-01	   2.5061926155380282e-01	   3.7185736762865473e-01	   3.6880910529728589e-01	   2.4532815723880516e-01	   1.4452721858987183e-01	   3.0200091601769286e-01	   2.9293287496597720e-01	   1.8931666132761571e-01	   2.2502842726657685e-01	   2.1788491449339090e-01	   2.9291948712136984e-01	   1.2622939194428140e-01	   2.7307579933980813e-01	   4.2081580994497764e-01	   2.8874741120271852e-01	   2.2811504258214971e-01	   7.2188002525191364e-02	   2.8270523968620931e-01	   1.1763856486229876e-01	   6.4771017752709470e-01	   1.1714941204634516e-01	   4.5174041291371042e-01	   2.6354565894163773e-01	   3.4169210643642189e-01	   2.6617790181107731e-01	   3.5298513194524872e-01	   1.1417507390371623e-01	   3.2644445935993827e-01	   2.4352235109548567e-01	   2.8151156192770477e-01	   1.1766204130726493e-01	   4.5080878304869970e-01	   3.3074170722293111e-01	   5.5787627978889520e-01	   3.1299135963233576e-01	   4.9130289482294393e-01	   2.6083573074306710e-01	   1.1170054517511060e-01	  -1.3835919573755500e-02	   3.7371592100386541e-01	   2.6981044248686287e-01	   5.7938090274390430e-01	   4.5859699319855340e-01	   6.0208750826633683e-01	   4.1248533957358807e-01	   4.4182162358762556e-01	   2.3165568365803957e-01	   5.8769887651009012e-01	   4.5331425017506471e-01	   4.3728118312025999e-01	   5.1948698021098039e-01	   3.8376422624587425e-01	   4.6905869468455885e-01	   1.1899994301026176e-01	  -1.9622625377858549e-01	   3.5387799770350925e-01	   2.6848198443685778e-01	   3.1049293673102740e-01	   4.3109427150170609e-01	   1.6285868483383314e-01	   4.5213890170895032e-01	   2.1888010351799531e-01	   4.0844895398568215e-01	  -7.6916011052223357e-02	   2.3412837380822230e-02	   1.5657089243543337e-01	   2.1505765305163266e-01	  -3.3165160348558148e-01	   2.2667594263868926e-02	   3.5652914380775602e-01	   3.4762618447483484e-01	   4.4317073214552882e-01	   5.0424747071158837e-01	  -2.2029766777354284e-02	  -1.8313194434913743e-01	
