   0.0000000000000000e+00	   6.0075217642284695e-01	   5.5519977811667043e-01	   6.0374585943868619e-01	   2.7070264327879179e-01	   1.8935655789550696e-01	   2.4663115393107782e-01	   1.7762236410387114e-01	   1.3425881704777359e-01	  -4.9271663020073381e-02	   2.8507016944515340e-01	   3.9394914579927359e-01	  -7.4302161294080224e-02	   4.6187780062289063e-01	   4.4608049463446031e-01	   5.9366296992484280e-01	   1.6880015538264070e-01	   2.8429446061348385e-01	   4.8149699344927371e-01	   7.6632478591412034e-01	   2.0670200204381378e-01	   3.4728361654976878e-02	   5.1466469070353005e-01	   5.7054366797067868e-01	   3.8691570403222342e-01	   3.7657821536889624e-01	   3.8003083813803767e-01	   3.3927420352312176e-01	   2.8333071091531392e-01	   9.8464397755923722e-02	   4.7772351523339968e-01	   5.7134610955543019e-01	   5.4199876949124337e-01	   4.4679597079636135e-01	   1.3104025866401953e-01	   1.6804684490006905e-01	   1.6828593022594512e-02	   8.0783124466032502e-02	   4.0793317992254552e-01	   3.8346729463088919e-01	   1.4074323077321363e-01	   1.6226367303351968e-01	   5.8308111602056220e-02	  -4.2999350420443949e-02	  -2.4510829040703480e-02	  -7.6365622345596367e-05	   9.4029022209873109e-02	   1.3267863046677400e-01	  -1.1999246906087874e-01	  -1.8782759910158331e-01	   1.1452331842217964e-01	  -8.1849084042342327e-02	   2.8345343962444791e-01	   3.4628666409978270e-01	   2.9149348852304485e-01	   2.9082523595759002e-01	   6.2873608809240222e-01	   4.6823844162899259e-01	   3.4013179495637991e-01	   7.1212919971627250e-02	   6.6822857140109215e-02	  -1.5392191895226015e-01	   3.8978277713729631e-01	  -3.0630371716802732e-02	   9.5397437708208771e-02	   1.4774817790650039e-02	   3.3482903249864371e-01	   1.6122252674098578e-01	   6.9972284976614818e-01	   4.5263719746951980e-01	   2.9339735388615473e-01	   9.9385099575884178e-02	   5.8055297944387096e-01	   1.6668008985803895e-01	   3.1729801201149488e-01	   6.2743579634483737e-02	   2.4592293327488302e-01	   2.9598097861434785e-02	   3.0281984754338792e-01	  -7.1461839082311601e-02	   4.1706192077107962e-01	   3.8066002617495043e-01	   4.7555297055741041e-01	   3.9249806766788653e-01	   5.1812293671136755e-01	   6.9843433070041328e-01	   5.2118049567725666e-01	   5.7371826527593062e-01	   4.0712957882965806e-01	   4.9627153412659458e-01	   2.3498423576870603e-01	   2.1803325277570917e-01	   3.1169213137621610e-01	   3.8087905279091755e-01	   1.6526403132345116e-02	  -2.2334361056105111e-02	   8.1614796674924356e-02	   1.2318471601528286e-01	   2.5754046627265398e-01	   2.6017615585319237e-01	   1.1302088106724184e-01	   5.2683990326663988e-01	   1.8140020464837731e-01	   3.4843053913241090e-01	   9.0074692806727780e-02	   1.2483346256415820e-01	   6.6097212414853168e-02	  -1.5932684022770888e-02	   5.3228095124596642e-02	   1.1531123040442178e-02	  -8.3187551355178524e-02	   1.1751072108134897e-01	   1.1723535251139242e-01	   8.8662512899079213e-02	  -2.3227006895623254e-02	  -5.2749921658449384e-02	
   6.0075217642284695e-01	   0.0000000000000000e+00	   2.7121773820938644e-01	   3.8806162563186181e-01	  -7.2110880676767769e-02	   3.9200000592852002e-01	   9.5380350042596762e-02	   5.5154203533611244e-02	  -1.7753559595733437e-01	   4.6325868259996907e-03	   2.3323295270555791e-01	   4.7225967399037749e-01	   1.2283467952785232e-01	   3.5076008763333882e-01	   1.3958784122958151e-01	   3.5852208653739598e-01	   1.5008584422537544e-01	   2.2246729576712609e-01	   4.8398823822205797e-02	   5.7379249413193201e-01	   1.5168680943390850e-01	  -3.2700366099436468e-02	   1.8745589468850574e-01	   2.3487159905700289e-01	   1.0686468861191749e-01	   1.8273645394389662e-01	   3.1574563294879815e-01	   2.8685174889280574e-01	   7.3143343395369195e-02	  -4.9993868756526179e-02	   7.1239514492774686e-02	   2.2766679973845502e-01	   2.2220448455966729e-01	   3.8743474927976512e-01	   7.9977330589729639e-02	   2.1670815228326018e-01	  -1.3902178345448307e-01	   6.5758629502780622e-02	   1.9588311287477161e-01	   3.0988744740796526e-01	  -6.9517796136717713e-02	   1.7505445148839707e-01	  -1.1895367708575216e-01	  -1.7641957224206473e-01	  -1.7449892989582644e-01	  -1.6155542061789302e-01	  -8.5986883151540405e-02	  -1.7668368630346271e-01	  -1.1433202395982958e-01	  -2.2050276097131222e-01	   3.0008316341549057e-02	  -1.9451349285666544e-01	   8.8300111043793580e-02	   6.5516001414571201e-02	   1.3401428778118962e-01	   1.1348467490232025e-01	   7.2450749854095864e-01	   6.4559606843483031e-01	   4.1173734562460917e-01	   2.8181655590472138e-01	   2.1661126593898494e-01	   3.5917143874606337e-02	   3.9539031508159583e-01	   1.7398030043774709e-01	   1.0308112808173638e-01	   2.1805828480208025e-01	   3.1636863469746446e-01	   7.1095073009381685e-02	   6.3397726034463253e-01	   5.2040333214368406e-01	   3.8320562574672085e-01	   2.2170902253855346e-01	   3.0925682594183768e-01	   8.1659363156514300e-02	   2.6878757078561616e-01	   6.7071428542364947e-02	   2.8585525487013198e-02	  -9.6250074033266547e-02	   1.1772024493485628e-01	  -3.8837842425933286e-02	   1.8038360225108946e-01	   2.1914073275486287e-01	   2.3263403155424461e-01	   1.3146432410700709e-01	   2.8133853630698702e-01	   4.7551203660084918e-01	   3.3686365934088625e-01	   3.6934406787176999e-01	   2.0318479915384008e-01	   4.8526501324397053e-01	  -9.9891407315165465e-02	  -2.0682089152103061e-01	   1.1931748484770507e-01	   7.0007515979961910e-02	  -1.3978359617543484e-01	  -3.2912155893817513e-01	  -1.4282729496647867e-01	  -1.7583241605511041e-01	  -6.2545996940013421e-02	  -1.7491828288162486e-01	   8.8507116190043780e-03	   2.3709930898858211e-01	   1.9074858305143119e-02	   7.6530733882452184e-02	  -1.4640005268739284e-01	  -9.2180084176706034e-02	   1.4089062016696012e-02	  -1.8174297083619129e-01	  -1.6652745690085119e-01	  -1.6602830035738614e-01	  -2.7517135867952364e-01	  -2.5847279315933869e-01	  -1.0195411373602037e-01	  -6.3344267614148908e-02	  -2.7820491990327056e-01	  -3.0447066266977452e-01	
   5.5519977811667043e-01	   2.7121773820938644e-01	   0.0000000000000000e+00	   5.7412629158436690e-01	   4.3989376759438370e-01	   3.7739559414698753e-01	   7.3457002980918362e-01	   2.6522220813028385e-01	   2.4580480352124237e-01	   8.3697787614880670e-02	   3.8408763676851865e-01	   1.0118642160545266e-01	  -7.1917561614719600e-02	   3.1584621507803762e-01	   6.4145854999122687e-01	   6.8132955396077188e-01	   1.0569166530930665e-01	   1.0931113005859315e-01	   5.3962357055788779e-01	   6.9786019708089997e-01	   3.4412351621369974e-01	   1.5680826690445587e-01	   8.6300829143581836e-01	   6.3553577092461322e-01	   5.0905484263031486e-01	   4.9552724580074520e-01	   5.3693658787626031e-01	   4.5326468384489849e-01	   2.5166866564999563e-01	   1.8090393006602951e-01	   6.5802807009999698e-01	   6.8122731472403042e-01	   3.2345285852335603e-01	   3.2565861062522244e-01	   3.9262350945265323e-01	   2.5596225866101263e-01	   2.2871802584007039e-01	   1.0425213471587011e-01	   5.0103836728223539e-01	   4.2156360608476245e-01	   3.6405628099936471e-01	   2.5396590532439911e-01	   3.6139461578563364e-01	   3.1232904709429182e-01	   2.8936384521014502e-01	   3.1485195884146050e-01	   4.6201194536623980e-01	   3.7195267717952862e-01	   2.1353307114844733e-01	   1.7474386644570547e-01	   4.0744442290087757e-01	   1.6230986278296652e-01	   3.7855550595475085e-01	   2.4987197050230336e-01	   4.7270820540956482e-01	   4.7569484507755255e-01	   1.6104529695694014e-01	   7.0832962488011159e-02	  -6.1463025074330498e-03	  -1.8248498761497456e-01	  -1.8818153858073439e-01	  -4.6171158462061984e-01	   2.7485439540833329e-01	  -3.2688067418912614e-01	   2.9700062308842390e-01	  -4.4227666554171978e-02	   5.1824233425312194e-01	   3.3071492519848600e-01	   3.7717140710947167e-01	   2.0524236793120521e-01	   3.5899087813238462e-01	   8.5814629917086688e-02	   4.1214999629635035e-01	   7.6349318497472396e-02	   3.7749079968316862e-01	   1.6488776957463640e-02	   2.8430050232185672e-01	   1.6067795535612059e-01	   3.7217700518161423e-01	   2.1008668397975747e-02	   5.1213541832641885e-01	   5.3881960710973509e-01	   5.1455072290500825e-01	   4.3320126301309247e-01	   6.4658092896759922e-01	   5.2072694719097368e-01	   6.4224208330479915e-01	   6.0894077792579926e-01	   4.7439355233650060e-01	   4.4068020906441302e-01	   3.7972450408606945e-01	   4.6260662095739080e-01	   3.4775599995745238e-01	   6.3889052209865616e-01	   1.8260232471398988e-01	   2.7752875404629451e-01	   2.9592585176669434e-01	   2.9732432659230068e-01	   2.6405801724275263e-01	   3.5083639601801414e-01	   1.4161382714614262e-01	   4.7271326526403512e-01	   6.9404426901757660e-02	   2.9386078209595945e-01	   5.1199664318409922e-02	   8.5537138162556897e-02	  -1.3060930613303756e-01	  -4.6260892791095937e-02	   3.8725671025819482e-02	   7.9907215363310469e-02	   3.2123280550455649e-03	   1.4920724364016105e-01	   2.0339446970740804e-01	   3.8244925305678634e-02	  -7.9779595879002005e-02	  -3.4715378295774357e-01	
   6.0374585943868619e-01	   3.8806162563186181e-01	   5.7412629158436690e-01	   0.0000000000000000e+00	   4.1203764247272712e-01	   4.0909806406137744e-01	   4.1182024178313087e-01	   6.2424190435422278e-01	   2.9000864984938740e-01	   3.7659378972316360e-01	   1.6973981161074531e-01	   2.7787725284815779e-01	  -2.1070166256052161e-01	   4.3854041139885325e-01	   4.7652798249162998e-01	   6.1791647319674858e-01	   6.4902602465707906e-02	   4.5190336385861056e-02	   2.5436907201703857e-01	   6.1055597198853795e-01	   2.3413388232156318e-01	   2.5841544068424793e-01	   6.0800837694805665e-01	   8.3048331984140078e-01	   3.5430772366191843e-01	   5.4446219101551141e-01	   6.3647284859019582e-01	   6.3818633593702723e-01	   9.8742662738321663e-02	   1.5107275328322957e-02	   3.5602816749767252e-01	   5.8677987200796244e-01	   4.2225280127642839e-01	   5.6280968034415146e-01	   2.0778309418963273e-01	   2.7558718240053082e-01	   1.4055707374819854e-01	   2.6317946203736059e-01	   4.6767078524714151e-01	   5.5266656787521984e-01	   1.6402094492983699e-01	   3.2810715214176167e-01	   2.9623883822710351e-01	   1.2060270776599888e-01	   7.9549189336478074e-02	   1.3046795744816897e-01	   3.2230083441441626e-01	   2.6864890669549069e-01	  -6.2758411237914424e-02	  -1.3504201351637235e-01	   2.2056292468239735e-01	  -1.2969784147941862e-01	   3.6300470677296376e-01	   9.4781557606790301e-02	   3.7412012938356742e-01	   3.4358807772246991e-01	   3.4798096007903229e-01	   2.7869595322644636e-01	   2.4514541534929732e-01	   2.3276405236633008e-01	   7.9534064238897625e-02	   1.3678174524617599e-02	   1.8933073606314973e-01	  -2.1360687698450315e-01	   2.3309378165687589e-01	   4.2048707653189660e-01	   4.9317842593123257e-01	   5.0099771739523402e-01	   6.3306966112674834e-01	   5.1758136192796522e-01	   1.9454368530857374e-01	   1.6786674082128572e-01	   3.7733699726274278e-01	   1.4034204655613530e-01	   3.0401690879778170e-01	   2.0650830870879414e-01	   9.9068139552450876e-02	   1.2158520207998862e-01	   2.6645390967503318e-01	  -2.9154028146721256e-01	   3.9074892366295072e-01	   3.9166246167486751e-01	   3.2863928492872507e-01	   4.9455497240830859e-01	   4.6744968616329796e-01	   6.6513432851348731e-01	   5.1954566443894457e-01	   6.3379080698339330e-01	   5.1026352263482455e-01	   6.2656151994390652e-01	   4.3769646040089882e-01	   2.1099859464171347e-01	   6.2324699422916618e-01	   4.3099593033436179e-01	   2.0937059255192214e-01	   2.5062307472070783e-01	   1.3655669323885922e-01	   2.3841466655561933e-01	   3.5860189068025433e-01	   2.8210730840034082e-01	   2.5356692996500341e-01	   3.3134033226621368e-01	   9.0995459057882561e-02	   1.8995345457321744e-01	   6.4151489903532727e-02	   4.7620922348238511e-02	  -1.0240558590617356e-02	  -4.5606369898376506e-02	   2.0643986926549651e-01	   1.1209188854034785e-01	   2.5435859385361158e-02	   2.8393158010762926e-01	   2.6287061457346639e-01	   1.4766634798332552e-03	  -8.5859449282236849e-02	  -1.5458450453598985e-01	
   2.7070264327879179e-01	  -7.2110880676767769e-02	   4.3989376759438370e-01	   4.1203764247272712e-01	   0.0000000000000000e+00	   2.4683517453428544e-01	   5.1569684355109413e-01	   4.0414656328627124e-01	   6.7139033588426056e-01	   3.4953351131789279e-01	   1.0652351683272460e-01	   2.7416997800061688e-01	  -1.2487777846395873e-01	   4.1288832727835723e-01	   6.0504390983049938e-01	   5.5593681179938115e-01	  -4.5671727875023840e-02	  -1.3940989515397059e-02	   4.8540250935217105e-01	   3.2229945231254498e-01	   1.4888176444644435e-01	   1.5380591561334170e-01	   4.7132103694845884e-01	   5.1276432500266456e-01	   4.3159373894966535e-01	   3.7639961919328857e-01	   3.9588335646173600e-01	   3.9324591985903040e-01	   1.8349806246813299e-01	   1.5024827327663062e-01	   4.5625842685840901e-01	   3.9585214295786936e-01	   2.7242584329597413e-01	   2.6787534581480060e-01	   2.4909688533253430e-01	   2.1655638425022961e-01	   8.2715451708143622e-02	   3.5378125293545060e-01	   2.2645361591262508e-01	   2.3940051542989416e-01	   6.8522800547851204e-02	   8.5541767604096430e-02	   3.5912305429730573e-01	   2.8374787338252233e-01	   1.3444928502355497e-01	   2.7726322176577856e-01	   3.7748475065685927e-01	   4.0338758323999258e-01	   6.0833828883399416e-02	  -5.1112505985032183e-02	   1.6907230581219493e-01	  -4.9369555409851523e-02	   3.7328155513283673e-01	   6.2328226262453892e-02	   1.9848449990626871e-01	   2.0323555063934734e-01	  -1.0275533350169638e-01	  -1.7836052387458612e-01	   8.1955929134908058e-04	  -1.2094642180987619e-01	   6.6105057409002828e-04	  -4.1623952049071003e-02	   1.4576252168682807e-01	  -7.5753651848832329e-02	   4.0908969239151899e-01	   1.0636994579993819e-01	   3.6914167208340409e-01	   2.9225783636057978e-01	   2.9822728683676808e-01	   5.8912924304534098e-02	   1.3076224006651371e-01	   4.5197153194370392e-02	   2.9913831076082575e-01	   3.2474305157596861e-02	   1.9741829672134181e-01	   2.0478667990144206e-01	  -8.8054941802252734e-02	   3.2919618337344164e-02	   2.0889332604139549e-01	   6.5865056619039547e-02	   3.5192911869839294e-01	   4.1475847214336475e-01	   4.7437782465276757e-01	   4.9417008100481408e-01	   5.4681008038135881e-01	   5.4517605066407926e-01	   4.2426836668705142e-01	   4.6953647777536850e-01	   5.7140972462708217e-01	   2.5042601582439672e-01	   3.9071838258008346e-01	   4.5887548422077334e-01	   2.8814276640261410e-01	   4.3167432516385756e-01	   2.2924541908315846e-01	   1.6025103686605507e-01	   1.3594710899674656e-01	   1.7414269346499073e-01	   3.2904134583152517e-01	   4.1393716651174606e-01	   1.1331315077185175e-01	   1.8867285382426910e-01	   1.3499621987980753e-02	   2.3430661349522414e-01	   1.6787515096735234e-01	   1.5369643917119641e-01	   9.7840507444592301e-02	  -1.3736562469471886e-01	   1.9581744901029191e-01	   1.6344424607206270e-01	   1.8089199236260092e-01	   2.5462265726394528e-01	   2.0788004929709247e-01	   1.6607520510513690e-01	   1.3169050829413304e-01	  -1.9676439296813378e-01	
   1.8935655789550696e-01	   3.9200000592852002e-01	   3.7739559414698753e-01	   4.0909806406137744e-01	   2.4683517453428544e-01	   0.0000000000000000e+00	   3.9090014415749524e-01	   2.9915752886517766e-01	  -8.2424347742834025e-02	   4.3336997200870553e-01	   4.2026209241611617e-01	   1.9229047983317044e-01	   2.0966624902073125e-01	   7.5009465809716236e-02	   3.7060578165624908e-01	   4.5113957554847317e-01	   1.4998194885027698e-02	   3.4478491401003980e-02	   1.0291343747656670e-01	   2.9524688816067413e-01	   2.9506103038563247e-01	  -7.0234112788688347e-04	   3.9878586279394179e-01	   4.0673333452798754e-01	   6.4653956007877864e-03	   2.7993622360685777e-01	   4.6639272303956913e-01	   5.4592016554871459e-01	  -9.7726094140154103e-03	  -1.8519434581486882e-01	   5.3781073147305271e-02	   1.6780021671191825e-01	  -1.9087061206151301e-01	   1.3974650195149571e-01	   8.4786283083823549e-02	   2.3447992841075856e-02	  -2.2652012867447258e-01	   1.9401248724239123e-01	   5.3484468324324137e-05	   2.4757381942278511e-01	   9.6446625734613267e-02	   1.2898449743057402e-01	   1.0953241539628780e-01	   1.6244016338212636e-01	   2.1875623663443833e-03	   1.3315945842412513e-01	   2.6016019165166271e-01	   1.7845668593328431e-01	   1.0783567865637640e-01	   1.2856787824477052e-02	   1.0006639030564669e-01	  -1.9516099705887036e-01	   2.8905883100328555e-01	   1.8272384645049161e-01	   3.1431440482966622e-01	   3.5672736814704048e-01	  -5.3231836590085231e-04	  -7.5314219662681620e-02	  -1.2550795287769109e-01	  -8.8456158652902170e-02	  -1.2980879383569821e-01	  -2.6941048791320404e-02	   5.2670797746232144e-02	  -3.2968638802426919e-01	   3.5203351668171179e-01	   3.9158189478117378e-01	   1.8315685630877707e-01	   1.0653062741057692e-01	   2.4308800011033399e-01	   1.1160236763928480e-01	   2.4840560750929125e-01	  -4.6311352638739910e-03	  -2.5950185863341704e-02	  -2.5018148209101077e-01	   2.3196544384621073e-01	  -6.2161149367300716e-02	   7.7872895400840679e-03	   1.4694619527637720e-01	   2.5812474099203321e-02	   5.8235677487458982e-02	   2.9687315723830682e-01	   2.9739711668286839e-01	   1.8709603834012900e-01	   2.5331680239170618e-01	   4.1956837339301245e-01	   3.7753877132523861e-01	   2.9048208292375155e-01	   3.0515028817535900e-01	   2.8571292945456855e-01	   3.4757390174423097e-01	   1.3208318696812871e-01	   1.9842904965685224e-01	   3.5199483095464784e-01	   3.2979370402454244e-01	   3.4906052797649953e-02	   4.7697589026174353e-02	   5.4164456909472178e-02	  -6.8695581780776798e-03	   2.1756925983153025e-01	   1.5777645151117517e-01	   1.6354927047740730e-01	   2.2167570614552751e-01	  -2.2009774865836270e-02	   5.0282051788041897e-02	  -2.6216440698088206e-01	  -1.8809737823476250e-01	  -5.1802443367619999e-03	  -1.5268651895205149e-01	  -7.5158975384442384e-02	  -2.3747318304372528e-01	  -1.7617221104658101e-01	  -9.6146465649427248e-02	   1.1294655981160007e-01	   1.9324267175720428e-01	  -4.0687655488254364e-02	  -3.7106323204654901e-01	
   2.4663115393107782e-01	   9.5380350042596762e-02	   7.3457002980918362e-01	   4.1182024178313087e-01	   5.1569684355109413e-01	   3.9090014415749524e-01	   0.0000000000000000e+00	   5.5114192922104832e-01	   4.1285297672984095e-01	   3.0860178205210842e-01	   4.4256422787573246e-01	   8.7191114453938373e-02	   3.0309899851457450e-01	   2.1828771742282055e-01	   5.6171031820671646e-01	   4.2025062527525947e-01	  -1.8746355534677406e-02	  -2.0155118549378834e-01	   3.4815253095942134e-01	   3.2777731135998978e-01	   3.1976772417988775e-01	   9.3104753384159689e-02	   6.2298788630031920e-01	   4.2305033729330788e-01	   1.3070135898970928e-01	   1.3070805794949611e-01	   2.4620108203901708e-01	   2.5749148215339135e-01	   4.6321404399556926e-02	   3.4343417393256255e-02	   4.1639159484794930e-01	   4.1316087340972552e-01	   1.8392074385676280e-01	   2.0620066015623001e-01	   1.6517305884878253e-01	  -4.5453767215661037e-02	   1.7955863846284872e-01	   2.1574639471429144e-01	   4.1295929153153221e-01	   3.6804101539685352e-01	   3.2846245419155684e-01	   1.1782958123350981e-01	   1.7810271357308127e-01	   1.5337596698262787e-01	   6.8763317354990486e-02	   1.2961726885832581e-01	   3.9979578457870768e-01	   3.0223312138312231e-01	   4.2126580214838422e-02	   2.4226970904400499e-02	   2.4926701741147433e-01	   2.9187344991618496e-02	   4.0066412785723282e-01	   1.4457385234169998e-01	   3.4870583000655531e-01	   5.3329941569830952e-01	  -8.0156187180093513e-02	  -1.8718369025147241e-01	  -1.0318822949009912e-01	  -2.6695875878503150e-01	   1.9801782063390577e-01	  -7.8402902095211668e-02	   2.2195577245149481e-01	  -8.2903006997031237e-02	   5.4865560739214092e-01	   4.9743244969798539e-02	   3.0137894164409040e-01	   5.6125080758122656e-02	   1.3624839105437470e-01	  -2.5069519257800328e-02	   3.2205671959710641e-01	   8.4339603284373899e-02	   2.6795354189705711e-01	  -2.8938382017781643e-02	   4.4375324616751366e-01	   1.2736105081471039e-01	   1.6693132169752217e-01	   8.9915646807945157e-02	   2.7182718118367394e-02	   6.0229518642819127e-02	   2.3588249176648415e-01	   3.3269514073101897e-01	   2.9544439166824715e-01	   3.2266062180841165e-01	   4.1535637286817639e-01	   3.4676589088875309e-01	   4.7312694537554978e-01	   4.9073021029064973e-01	   4.9734023212603085e-01	   4.9292227630008634e-01	   4.0251926701138468e-01	   4.9997316213079268e-01	   3.6168467377218527e-01	   6.2833898255101583e-01	   3.2232938588608728e-01	   3.3681578021229563e-01	   2.2342281071180309e-01	   3.0660420315685571e-01	   2.6712233605652080e-01	   4.0331390987048488e-01	   2.3083261327423685e-01	   2.8905368569419132e-01	  -2.8191068974599238e-02	   2.5378235676654132e-01	  -1.1537349220648663e-01	  -7.8282775461644083e-02	  -1.7297680562943271e-01	   5.6523608998159544e-02	   1.1584570200487765e-01	   2.4373032987769905e-01	   8.1869280512171100e-03	   1.4914158586886311e-01	   2.7661257146255924e-01	   8.4536373316522306e-02	  -6.9641951676226624e-02	  -3.4469131761227789e-01	
   1.7762236410387114e-01	   5.5154203533611244e-02	   2.6522220813028385e-01	   6.2424190435422278e-01	   4.0414656328627124e-01	   2.9915752886517766e-01	   5.5114192922104832e-01	   0.0000000000000000e+00	   3.1915000129440929e-01	   5.4104972615920210e-01	   6.0567191523826003e-02	   2.2228070802291783e-01	   5.0254597651655721e-02	   3.0223196876084457e-01	   2.7026386696590632e-01	   3.0134227395150381e-01	  -6.4686595643108150e-02	  -1.4785139567525707e-01	   1.3069667036040220e-01	   1.9118371883639057e-01	   8.6806190751015609e-03	   7.2228668591165224e-02	   3.2572132352925270e-01	   5.0521130276391379e-01	  -1.3165049759726727e-01	   9.3562307447507528e-02	   2.4032595980672644e-01	   2.0934343675362402e-01	  -3.0451233575291732e-03	   4.4798991336897298e-02	   5.2826310530522502e-02	   2.9117651569895042e-01	   1.5531897791620752e-01	   3.0775772813551427e-01	  -3.0637276853675666e-01	  -2.6698063861661331e-01	   9.2423630301213117e-02	   2.8307218682472013e-01	   2.3389317613568916e-01	   4.2055637226806530e-01	   6.5260036674390995e-02	   1.7340534940236235e-01	   1.6370645744256968e-01	   1.5567460693480591e-03	  -9.8926354977584049e-02	   1.5439353465413308e-02	   3.0128775503581079e-01	   1.9591951861256029e-01	  -2.1254967808141334e-01	  -2.5325471344347750e-01	  -9.6691340725975038e-03	  -2.1370318420191692e-01	   3.4543676924616140e-01	   8.6877696331651377e-02	   2.6250467837293795e-01	   3.4614044849251208e-01	   4.3806265598949901e-02	  -1.8225700244813819e-01	  -8.9162092780709426e-02	  -2.4613730932539844e-02	   3.5373133032392567e-01	   3.3104227497800520e-01	   1.0654236870210049e-01	   9.9940502859881507e-03	   2.3416550959158175e-01	   2.7080220422112233e-01	   2.9417773112418368e-02	   8.3739651827781467e-02	   2.4844112536966834e-01	   2.3052450643083450e-01	  -5.0055814026895060e-02	  -4.9646579487499724e-02	   1.1000491920501476e-01	  -1.9929594460455155e-01	   1.1630594922264162e-01	   4.8266033201955258e-02	  -8.5748571478779956e-02	  -2.8492535747315674e-02	  -7.7291251171808878e-02	  -2.2485699935090997e-01	   9.6480193333396802e-02	   1.3577009380763155e-01	   1.0006539923612497e-01	   3.6097544085768501e-01	   1.7601085826515173e-01	   3.2658878441928829e-01	   2.7161815118232369e-01	   4.2543515281908234e-01	   4.5380715549306361e-01	   5.7406004480174788e-01	   5.0524667015900571e-01	   3.0062808672537672e-01	   6.1920877486440296e-01	   3.9293395825761279e-01	   2.6641232530436687e-01	   4.6111233814135422e-01	   1.0963179674045540e-01	   2.4952020541133446e-01	   3.7571654585413061e-01	   3.7149172182013002e-01	   3.1817014944647148e-01	   1.4248061266802969e-01	  -2.4527106658973424e-02	   1.8503020197462272e-01	  -1.6583840448534498e-01	  -9.5452481139192774e-02	  -8.6271375479299819e-02	   4.8454096847763584e-02	   1.6418740788052744e-01	   2.5730247771514286e-01	   5.9118936649687204e-02	   3.6405305976761948e-01	   3.6505572713365919e-01	   7.8604019494925181e-02	  -8.1783085228944563e-02	  -1.0532487822838522e-01	
   1.3425881704777359e-01	  -1.7753559595733437e-01	   2.4580480352124237e-01	   2.9000864984938740e-01	   6.7139033588426056e-01	  -8.2424347742834025e-02	   4.1285297672984095e-01	   3.1915000129440929e-01	   0.0000000000000000e+00	   3.0861313744604357e-01	  -7.7161939607268054e-02	   1.6637228693746897e-01	  -1.9507801030041555e-01	   2.5405345343547325e-01	   4.8948804829254478e-01	   2.3283264702413345e-01	   1.3462212852847372e-01	   4.7872815311001495e-02	   2.4254506546723081e-01	   1.1291308866079561e-01	   8.8639178170748997e-02	   2.0868995144766220e-01	   2.1693758113658934e-01	   3.0071724175505882e-01	   1.5465326590993031e-01	   8.5290765289788101e-02	   1.9533094271992957e-02	   1.8792682544721007e-01	   3.0900450425375850e-03	   6.4155975455040815e-02	   2.8104947664679675e-01	   1.5791575400297281e-01	   2.6368298843767973e-01	   1.2375049145039521e-01	   1.0967108161553851e-01	   1.0803409678535980e-01	   1.8091750544741814e-01	   2.0587466381005101e-01	   2.5127349970279628e-01	   1.6726314637263850e-01	   2.6393015726267170e-02	   4.8790568245846072e-02	   2.2441371892616271e-01	   1.2944568841359677e-01	   6.7061267037397052e-02	   1.7779141205054996e-01	   2.7555585952365402e-01	   3.1723564881573318e-01	  -2.5341628187189144e-02	   2.5376660844260865e-02	   4.0372159141643597e-02	   4.1793228293221560e-02	   2.0386040543123449e-01	  -3.2560518031587576e-02	   1.2512540516155732e-01	   2.0207056490419067e-01	   2.1750670900172270e-02	  -2.5194276929541633e-02	   1.5866251571471529e-01	   8.5650677129076133e-02	   2.3539343979298799e-01	   1.4727969930534995e-01	   1.8034251240119242e-01	   1.5170643660732114e-01	   4.1345754412611224e-01	   7.6864085727274906e-02	   2.4025170318644648e-01	   1.8408168803182468e-01	   2.3679064979953743e-01	   1.3904254449655853e-01	   7.7874460592848860e-02	   1.9439351813444975e-02	   2.5598914596608513e-01	   2.1549394008846884e-01	   2.8386097385403380e-01	   2.4449567733497091e-01	  -1.1173784005018732e-01	  -7.3776572606417151e-02	   1.3929497136269184e-01	   1.3891901985011329e-01	   1.8331066510749666e-01	   3.0388371525679053e-01	   3.4400010022785021e-01	   2.3899861962338276e-01	   2.7776711692537354e-01	   3.1712136313490547e-01	   3.1803356651571901e-01	   3.1662414344814727e-01	   4.1578905598815602e-01	   2.8431747466660906e-01	   3.1362279649438030e-01	   3.7056014467197773e-01	   1.5601962864019181e-01	   3.2826308763671053e-01	   1.3413511171382059e-01	   8.4018797576688439e-02	   7.9555329891666957e-02	   3.0709238641777120e-01	   2.7193683019444026e-01	   3.6015579159785893e-01	   4.2427789422636392e-02	   2.1752191997688497e-01	   1.7562848954940766e-01	   2.8270959589058964e-01	   2.6219347367810436e-01	   2.5248520939948649e-01	   1.4382554792385260e-01	   2.4320535608558021e-02	   2.4026387798348953e-01	   3.4733504457841691e-01	   1.5360025285496917e-01	   1.0371389749489211e-01	   1.2102654443881203e-01	   1.8027328053436792e-01	   9.8272831360087270e-02	  -3.3633325042863885e-02	
  -4.9271663020073381e-02	   4.6325868259996907e-03	   8.3697787614880670e-02	   3.7659378972316360e-01	   3.4953351131789279e-01	   4.3336997200870553e-01	   3.0860178205210842e-01	   5.4104972615920210e-01	   3.0861313744604357e-01	   0.0000000000000000e+00	   7.0526002377394606e-02	   6.0726896218378540e-02	   5.2486512431909008e-02	   1.1689814630483539e-01	   1.0594111639352538e-01	   2.3165135963597022e-01	  -6.8925270270002281e-02	  -4.4052639613388733e-02	   3.0274470213389623e-02	   6.2775786174122050e-02	  -1.4360353125114331e-01	  -8.9208968683069254e-02	   1.8441231940758840e-01	   3.9470482161382736e-01	  -1.4597627205454111e-01	   5.3119454519733399e-02	   2.9478038462956002e-01	   3.0552227052539316e-01	  -7.9841211983918511e-02	   1.1536724998513598e-02	  -1.2906055112588438e-01	   3.1825675614602809e-03	  -1.6352094302451237e-01	  -3.1827682324786555e-02	  -1.3030244339035801e-01	  -1.1315042431820935e-01	   1.2577553250950191e-01	   2.8668729446302027e-01	   1.1053078073923375e-01	   2.2778839471949666e-01	  -7.2511979886238725e-02	   1.0158411110023881e-01	   2.4668879309686514e-01	   1.5893524415837146e-01	  -5.3599855406401012e-02	   1.1317228492706824e-01	   3.1211474653493465e-01	   2.5880084617075133e-01	  -8.3384057008625445e-02	   5.4263163008549928e-02	   8.3659776835502450e-02	  -7.8661858139555049e-02	   2.9468355919309935e-01	   1.6340532443769662e-01	   2.2190289589473708e-01	   2.2619256602718718e-01	  -1.8411850615348564e-02	  -1.6183360107355635e-01	  -2.8441910100210260e-01	   4.4063757545140914e-02	   1.8749284520353302e-01	   3.9463580255356129e-01	  -1.6925191658606276e-01	  -1.3838620527978307e-01	   3.4468741611526255e-01	   5.3933473845238100e-01	  -1.4876079438229306e-01	  -3.6856626950046184e-02	   1.8059761516996101e-01	   1.1318044345835213e-01	  -7.1985459216772296e-02	  -7.0325115484005551e-02	  -1.3789447035219005e-01	  -1.3446483303620491e-01	   1.7231797583643688e-01	   1.3144134463406063e-01	  -2.6403072334257027e-01	  -1.6246177860234899e-03	  -3.5412303901380178e-02	   2.4844162327301418e-02	   3.6852247030995197e-02	  -1.0462459515211105e-02	  -7.7219514960653726e-02	   5.7710467377394714e-02	   3.6463941614981475e-02	   9.1320818030241474e-02	   1.4261107703527970e-01	   1.4075788032062311e-01	   3.7489553635131634e-01	   3.5903127980008376e-01	   1.5771369096262866e-01	   2.2533877230119964e-01	   2.3947057609934336e-01	   2.0100804255699276e-01	   3.2126487643924262e-01	   1.7105623429636635e-01	   3.5925362145438303e-02	   2.9180606605789756e-02	   1.7859332724548582e-01	   1.5193838781232999e-01	   3.4194434470729632e-02	   1.2002425563718146e-01	  -2.4280412660590549e-02	   3.2356711652488726e-02	  -1.2767929518979190e-01	  -2.8897551178154324e-01	  -6.7113008082699765e-02	   6.5704126844083527e-02	   1.0567727075890508e-01	   1.1659857293005672e-01	   1.2210511434269305e-02	   3.2667970380629865e-02	   9.7450987114039461e-02	   2.2973170162302606e-01	   1.2574320178345835e-01	   3.9171567074395633e-02	
   2.8507016944515340e-01	   2.3323295270555791e-01	   3.8408763676851865e-01	   1.6973981161074531e-01	   1.0652351683272460e-01	   4.2026209241611617e-01	   4.4256422787573246e-01	   6.0567191523826003e-02	  -7.7161939607268054e-02	   7.0526002377394606e-02	   0.0000000000000000e+00	   2.3918673614824032e-01	   5.1671309259230624e-01	   2.3320830470499812e-01	   5.6649516407517231e-01	   3.3292213728778630e-01	   6.9030102733423707e-02	  -1.2592898452565268e-01	   3.2243146310507004e-01	   3.0688274504369456e-01	   3.0368115425468434e-01	   5.3080727825621202e-04	   4.6494141422072488e-01	   2.1283158305300859e-01	   1.9725721479238456e-01	   1.7069169634669215e-01	   1.4671268166797441e-01	   2.1127904160543623e-01	   1.9804654670905003e-01	  -1.3416086229840957e-01	   3.6703792878009867e-01	   3.7553485208796256e-01	   2.3448264941012792e-01	   2.4651712596944125e-01	   2.0965790976692517e-01	   1.3227219920831071e-01	  -1.2548975332907833e-01	  -4.7908839665930347e-02	  -9.6728795106185400e-02	  -1.5068342505356164e-01	   1.3586382315081058e-01	  -8.7894609775226853e-02	  -3.9663499848262059e-03	   3.0036563532060523e-02	   1.7626547590589067e-02	   5.5078689417616199e-02	   9.3321441723266604e-02	  -1.4214673691114665e-01	   2.0413730620377844e-02	   2.7808936788896052e-02	   9.5871588093516563e-02	  -8.3070193376275331e-02	  -9.0030624298827994e-02	  -7.0594722931279344e-02	  -2.8424199315160676e-02	  -2.2914882842333872e-03	  -9.9369820694253895e-03	  -1.0417349273708928e-01	  -3.9008466109127962e-02	  -2.9587422208506065e-01	   5.2362606543545950e-02	  -1.7255245745370040e-01	   2.2202062697759004e-01	  -3.6961906619360296e-01	   3.2695349060051737e-01	   7.9518152891187285e-02	   2.5774964936378286e-01	   7.6670955255852297e-02	   6.4310592422124294e-02	  -8.9398805947008830e-02	   5.3166064231475796e-01	   1.9146868722868518e-01	   2.1124050631182695e-01	   5.5100526929442978e-02	   2.4251857201485347e-01	   1.2204423318696523e-02	   2.3173071381845609e-01	   1.7151012186413461e-01	   1.0376018256642326e-01	  -4.7033179474723769e-02	   2.3535326104556337e-01	   1.9397478643418850e-01	   1.2130528856856053e-01	   1.3751188332401801e-01	   3.2379368454878443e-01	   2.6300889462416321e-01	   1.0999133623157549e-01	   2.1240675355850142e-01	  -7.9029132983122002e-02	   8.7034139147679022e-03	   8.3532388235654093e-02	   2.0953604680021032e-01	   3.3307925106667614e-02	   2.3022144979630632e-01	   1.0432040929642601e-01	  -1.4969919881092814e-01	   1.5644820204916615e-01	  -8.0322166141786500e-02	   9.3498917273518219e-03	  -3.6621475058689129e-03	   3.0293255499186912e-02	   1.6283811167994944e-01	  -3.9300044060946848e-03	   1.0164870508871182e-01	  -1.9586205927530184e-01	  -4.1867453560770478e-02	  -1.1358012229589481e-01	  -4.6954576553109598e-02	  -6.3127362965327866e-02	  -9.9918796709872360e-02	  -9.4132403418426491e-02	  -7.0855496606634955e-02	  -6.3532833987664808e-02	  -8.4291541522539065e-02	  -5.2131337828504619e-02	  -2.7810006686870758e-01	
   3.9394914579927359e-01	   4.7225967399037749e-01	   1.0118642160545266e-01	   2.7787725284815779e-01	   2.7416997800061688e-01	   1.9229047983317044e-01	   8.7191114453938373e-02	   2.2228070802291783e-01	   1.6637228693746897e-01	   6.0726896218378540e-02	   2.3918673614824032e-01	   0.0000000000000000e+00	   1.9343576024631454e-01	   6.7731746628952394e-01	   3.2224721497017239e-01	   3.2285987633323332e-01	   2.8133397858145281e-01	   3.5067136623560591e-01	   4.5023046356342100e-01	   4.8880096200752182e-01	   2.9742667036699899e-01	   1.4762986018769841e-01	   9.2364236780118042e-02	   1.1036298658931240e-01	   2.1626924260137084e-01	   2.1798267139256017e-01	   2.3809986223871146e-01	   2.4190855775901204e-01	   5.5313753881790140e-01	   2.8442660266216158e-01	   2.3221816331475831e-01	   1.9758105415907934e-01	   3.8581895340134209e-01	   4.6337472959052906e-01	  -1.4525484857899595e-01	  -1.7308665689146824e-02	  -1.9628872005156048e-02	   2.8140938442121233e-01	  -5.0603627580398491e-02	   9.6097837588947896e-02	  -3.6629672646918951e-02	   2.7377207582033281e-01	   9.3326916484316763e-02	   2.0566182813722519e-02	  -5.1844666625613281e-02	   4.9976787151439113e-02	   2.8913470160242233e-02	  -8.0598464983312260e-03	   5.3465307969196105e-03	  -8.0274347626712136e-02	   4.0793113837927414e-02	  -1.4234404167049822e-01	  -4.1550817437758437e-02	  -1.7331670634068506e-02	  -1.5062331455084720e-02	  -1.1782907623879683e-02	   3.7422438476614761e-01	   2.1153845601736682e-01	   2.9420849914295710e-01	   2.7432088527402676e-01	   2.3310350292725798e-01	   1.4174151130701745e-01	   4.4397235759836018e-01	   3.1455025113527663e-01	  -1.8512056144225478e-02	  -3.2445013673711609e-02	   2.3272798314929061e-01	   1.3263939999086177e-01	   4.1854802963258786e-01	   2.7676992332490680e-01	   5.1127856843348840e-01	   3.1073113732619073e-01	   5.9915054055494243e-01	   2.1301674172147178e-01	   3.0722821329033062e-01	  -5.0418307795301653e-02	  -4.8385133428766533e-02	  -1.4130066130604790e-01	   4.0605356731489983e-01	   4.9364066657625993e-02	   4.5460263505520371e-01	   3.7487590034820811e-01	   4.5083955239266282e-01	   3.6637987559531937e-01	   2.5518608578497737e-01	   4.2641519662668859e-01	   2.1773110980997920e-01	   4.6396490092204046e-01	   1.4314552429884547e-01	   2.1461484532781544e-01	   1.8281145523941886e-01	   2.7716547671740140e-02	   7.7684761957288059e-02	   1.1376399296304117e-01	   5.5674657124983581e-02	  -8.5450729893939606e-02	   7.5044474780474213e-02	  -5.3739121006761113e-02	   2.2476095869815260e-01	   6.0305280400153614e-02	  -1.7857269441956689e-02	   1.7442326744825837e-01	   1.5013094770861746e-01	   1.4484764504555098e-01	  -1.6140307784808131e-01	  -6.1251138935787278e-02	  -5.5296868294088371e-02	  -2.9261323840299258e-01	  -1.9508897775658846e-03	   1.1103244701407256e-01	   1.4413391292580241e-01	   8.5376441127721966e-03	  -1.3528531735474611e-01	   2.6991795001051845e-02	  -2.5933452754267999e-01	  -2.1037343175848222e-01	
  -7.4302161294080224e-02	   1.2283467952785232e-01	  -7.1917561614719600e-02	  -2.1070166256052161e-01	  -1.2487777846395873e-01	   2.0966624902073125e-01	   3.0309899851457450e-01	   5.0254597651655721e-02	  -1.9507801030041555e-01	   5.2486512431909008e-02	   5.1671309259230624e-01	   1.9343576024631454e-01	   0.0000000000000000e+00	   7.6726037996641058e-02	  -7.4185668537152197e-03	  -1.6606455757613622e-01	  -1.0810997656519372e-01	  -2.7051390987881480e-01	   3.2793730739614356e-02	  -1.6510914809475843e-01	   1.5388051275811546e-01	  -1.1478627886240529e-01	  -9.2322734921238311e-02	  -2.7907348208774746e-01	  -3.2044782754652956e-01	  -3.7676159126653863e-01	  -1.7019568300654886e-01	  -1.1893374684023125e-01	  -6.9168823970842952e-02	  -2.2816154551785345e-01	  -2.1680035467864153e-01	  -2.6229065640711702e-01	  -1.5795454220806432e-01	  -1.0756553476535070e-01	  -2.1110021140727619e-01	  -3.4053395507619505e-01	   4.6659054355082441e-02	   8.0855620009772630e-02	  -1.9405617691329882e-02	   1.7607424843761706e-02	   1.1179663969349463e-01	  -5.1818873427872364e-02	  -2.1346218489828073e-01	  -1.5251936414332132e-01	  -2.3567849137514379e-01	  -2.3530543734284554e-01	  -3.2969450155155323e-02	  -1.7215006917726286e-01	  -6.6946560354571708e-02	  -7.5319971996589616e-02	   1.3869163536687042e-02	  -1.2707617732667187e-01	   5.0433923812584949e-02	   6.8861103765336551e-02	  -3.8374621922556446e-02	   1.6445738214181171e-01	  -1.7537773531753190e-01	  -2.6128791438716026e-01	  -1.3051995282580470e-01	  -1.6540266342425503e-01	   3.1783611686219715e-01	   1.6537753567948785e-01	   1.3782386466669400e-01	   7.4051946223764153e-02	   2.5796103772361651e-02	  -5.1896731423581699e-02	  -2.9657518390360560e-01	  -4.9021377053978121e-01	  -2.5345359168063064e-01	  -3.3536944544231351e-01	   2.0297539446622043e-01	   1.1354886404938311e-01	   4.4255441300342757e-02	   8.1445181909733391e-02	   2.6571751723322296e-01	   1.5621092257341568e-01	   3.1300688618006382e-02	   1.8247051188920029e-02	  -1.5796698184992511e-01	   1.0844780774106973e-01	  -1.1388891296685763e-01	  -2.4780002662628858e-01	  -1.4749812225084852e-01	  -1.3616403031437072e-01	  -2.2763071409614954e-01	  -2.1860280781886679e-01	  -1.3247379925343736e-02	  -7.0904878469093338e-03	  -5.3806423786023266e-02	   7.6371724746962827e-02	  -5.5430274650101197e-02	   5.7248378953632800e-02	  -9.8202310579807803e-03	   9.3637113709290370e-02	   2.9797300172042457e-01	  -5.3723636053532128e-02	   9.0178833818807508e-02	  -3.8685982288952113e-02	   3.5220340644049775e-02	   8.1837844099893295e-02	  -6.6341568000349821e-02	   1.0157332074279130e-01	   1.3717014890016822e-02	   1.3482230219981212e-01	  -2.8523609174321052e-01	  -1.4231109777417400e-01	  -8.7006247451661550e-02	  -1.1453978564614198e-01	   5.1241512568588277e-02	   4.4886934739200246e-02	  -8.2578895727308227e-02	  -4.8363816369280922e-02	   1.0263089312357374e-01	   1.4875862872389028e-01	   8.8741040801527712e-02	  -5.7217972405897627e-02	
