   0.0000000000000000e+00	   4.5926109315661878e-01	   5.9007513773692666e-01	   6.1617654751065265e-01	   4.1976344261488785e-01	   5.1024229936245835e-01	   5.8443871322254615e-01	   5.2426690339409610e-01	   5.7361830662285562e-01	   4.3572640910132276e-01	   4.4202467594865591e-01	   2.7425969113826920e-01	   3.8627998152781629e-01	   2.0557232281760163e-01	   4.6918527446666169e-01	   4.3201656711172987e-01	   3.0600352325022923e-01	   5.4001621584584672e-02	   4.9245387492317633e-01	   1.3380427536203376e-01	   2.3070102739914666e-01	  -7.1355247379493558e-02	   4.7730922430413952e-01	   3.1011025128557312e-01	   4.1421238763753543e-01	   4.2026446337818596e-01	   3.6518779072819341e-01	   3.8397794642348460e-01	   4.3143465599654041e-01	   2.3565714605908020e-01	   4.3997651023182027e-01	   4.1050432505669782e-01	   5.1196899724390099e-01	   5.1117078273927619e-01	   3.3494230406998066e-01	   3.2793808443159977e-01	   3.0091074932566397e-01	   4.2296281274870666e-02	   2.2899322503096778e-01	   7.5812595499913538e-02	   3.2581327240410973e-01	  -9.2955465337808407e-03	   3.8063953571570408e-01	   2.7307353564248377e-01	   2.5209070668527922e-01	   2.1480376097233467e-01	   3.3621776671937409e-01	   2.8110115818289488e-01	   1.9936539204567161e-01	   1.9568266698935755e-01	   2.3045489701099581e-01	   1.8498039877503153e-01	   3.4176582786824683e-01	   3.2599315971237852e-01	   2.7908384356778360e-01	   4.8649026328438105e-01	   4.3353512039475361e-01	   2.8858566824620657e-01	   3.0879775667324283e-01	   1.7181870567602706e-01	   5.2201531120359623e-01	   4.4066347622235413e-01	   2.2147915196963502e-01	   5.4573439332745256e-02	   5.8762455776847999e-01	   4.4513268294611502e-01	   3.3302983673220377e-01	   2.9042262006953529e-01	   4.8235899804519500e-01	   3.5325319133015877e-02	   4.5160665535428957e-01	   1.1825360892282756e-01	   2.4564463413795429e-01	   3.5587645944520005e-02	   1.9300631147962866e-01	   2.7814860825702681e-01	   3.8613072348861638e-01	   2.7917606940381456e-01	   7.9512718996381820e-02	   4.0276534118654556e-01	   3.4005378984256496e-01	   2.7696220519335718e-01	   5.3792766597608366e-01	   3.5210721964711134e-01	   5.8046186224330887e-01	   4.4637839334451757e-01	   3.8961774207960942e-01	   3.5964412488706332e-01	   6.0663626778581703e-01	   5.2202574218113407e-01	   3.6932627314275035e-01	   5.3866647314529348e-01	   2.0722328975447019e-01	   3.0241111458420988e-01	   1.7554388142739799e-01	   9.5375084305134500e-02	   2.8488574350947637e-01	   2.6038211780416176e-01	   4.0876132996070536e-01	   5.4991376930444524e-01	   1.9146244752840316e-01	   6.8188917661898593e-02	   3.2120443304188440e-01	   6.1649922854274147e-02	   2.3250332440195642e-01	  -2.0502289929275455e-01	   1.9702192818776421e-01	  -6.2582448090439335e-02	   5.9102690979884423e-02	   2.1599992123054990e-01	   2.0138470754481294e-01	   3.0431439424028373e-01	   3.3700209651217755e-01	   1.3910229111130362e-01	  -2.3870631305001477e-01	  -3.0286186926186714e-01	
   4.5926109315661878e-01	   0.0000000000000000e+00	   1.0372666594950948e-01	   3.3797847515261420e-01	   2.5862064986066146e-02	   2.9369457141425503e-01	   3.9471512409781750e-02	   2.3650261792718347e-01	   2.2172041485358077e-02	   2.7878262083340372e-01	  -3.6129079534686505e-02	   3.5701710749470472e-01	   2.4460127858707117e-02	   3.1959104391078486e-01	   6.9559874220703768e-02	   3.6965281320370474e-01	   6.8095124391624063e-03	   3.0504904313645265e-01	   3.1526531848812867e-01	   6.9220642116368891e-01	   2.2328960057402064e-01	   7.3182929735106456e-02	  -6.8775678689629834e-03	   8.4033738512287862e-02	   1.5662204843187938e-01	   1.4673607295850799e-01	   1.0483734813340523e-01	   1.2596019127837721e-01	   8.1111952905025722e-02	   2.9418321918437718e-01	   5.5396979735884824e-02	   6.7311847206819500e-02	   3.6250166015137630e-01	   3.9863500821219600e-01	   7.4671370066666382e-02	   2.6517102052962888e-01	   3.5754247084958835e-01	   1.9760735264274398e-01	   4.5145330375403331e-01	   4.7209410151359177e-01	   1.6975174232846807e-01	   2.4654509837623927e-02	   1.3363636894605002e-01	   1.7342352321049898e-01	   2.7611312732891446e-01	   3.0126980204418347e-01	   1.9711499511566904e-01	   1.9135248961568130e-01	   2.7014502503700633e-01	   3.3395283390207986e-01	   4.2145046057228969e-01	   4.3698001701927369e-01	   6.2938496689871537e-01	   4.8300100616340103e-01	   3.7841053718461148e-01	   4.1087455572974213e-01	   6.8686510306942150e-01	   7.9325700277935662e-01	   2.6590280192101751e-01	   4.7212251156026008e-01	   6.9844122738329198e-02	   3.3039475419567843e-01	   3.1482419965655463e-02	   3.3398135565687564e-01	   7.0301454768189234e-02	   1.7206906775626024e-01	   3.2164785091699893e-01	   3.1463065922307670e-01	   7.4650607301667216e-01	   6.0410537781324714e-01	  -8.2158043829369989e-02	   1.1830542322895551e-01	   9.7144397956959547e-02	   2.1691516169661407e-01	  -2.0446637423190077e-02	   7.8174354250518302e-02	   9.9005851223492786e-02	   3.6291490508249791e-01	   3.2644825259181670e-01	   2.6161910785438602e-01	   3.4437677666205829e-01	   3.7358602264016905e-01	   2.3461381622965410e-01	   3.9773828072954309e-01	   2.1608792435497043e-01	   4.3686614322253658e-01	   2.5648300366244053e-01	   2.8740828790010553e-01	   3.5155495872271769e-01	   4.1544460760441432e-01	   2.5620537846563118e-01	   7.7840664291334197e-02	   3.3595896148668217e-02	   1.3805477897205051e-01	   3.3710211647013572e-01	   2.4580084477032091e-01	   3.3403050212674967e-01	   1.0978510427113525e-01	   4.1170055162149161e-01	   1.8340792452135887e-01	   4.1792919022840580e-01	   1.7780182534696684e-01	   3.8301006948820243e-01	   2.1903564372133633e-01	   1.7470672788802191e-01	  -2.1462662569808957e-01	   3.3409108509236662e-01	  -2.3419467646230935e-01	   2.0677420959149939e-01	   3.4211422084484039e-01	   3.2451468749521079e-01	   2.5860343822360998e-01	   1.7595305878754977e-01	   4.1699756554066764e-01	  -1.9108618988048559e-01	  -2.2717713366811290e-01	
   5.9007513773692666e-01	   1.0372666594950948e-01	   0.0000000000000000e+00	   6.0818382088458478e-01	   7.1245389748740617e-01	   5.5745974733957704e-01	   7.8750423239799971e-01	   5.3385756750974445e-01	   6.2271539651137175e-01	   4.2437359373319494e-01	   2.2519608962621110e-01	   1.2903423459306629e-01	   2.9337546191232633e-01	   8.3307102657687079e-02	   5.0703732889288944e-01	   3.1637512761472603e-01	   1.6638467204388153e-02	  -1.5246229917828649e-01	   4.8513543617336186e-01	   8.9283992981791429e-03	   5.6326540888773557e-01	   1.7268117141599776e-01	   7.2879261317471178e-01	   4.8681469950469991e-01	   7.4572293774306331e-01	   5.8702137576433344e-01	   5.3816798779903818e-01	   4.3114232905119104e-01	   4.0016964380274311e-01	   5.4538451585266018e-02	   8.0553135005529497e-01	   7.0381398747854562e-01	   6.1398461664810511e-01	   5.6652247802552402e-01	   6.2700898062858257e-01	   6.3480759085229832e-01	   1.4204688844913482e-01	  -9.4095955579736823e-02	   2.1817124819735262e-01	   1.8945928803586404e-01	   3.2063376736372562e-01	   1.3592003969034810e-01	   3.7762661258941788e-01	   3.1572577382669553e-01	   2.5497324343650174e-01	   1.8540790016355416e-01	   3.1255700629441391e-01	   3.0277213950383258e-01	   1.0905361092514919e-01	   7.2568697646572977e-02	   8.7947811018632555e-02	   7.1915201414468707e-02	   2.0715448677401033e-01	   2.0538036562980788e-01	   1.7604076193044824e-01	   4.6748537947588675e-01	  -2.5044788472679075e-02	  -8.9083699198215002e-02	   1.0499922405722108e-01	   2.1341523845968854e-03	   4.5580344879410828e-01	   2.4601367817072928e-01	   1.2810623741469557e-01	  -6.2051721184954112e-02	   8.1402719847561222e-01	   5.9858829214828191e-01	   3.2464133261349759e-01	   3.0328842158170277e-01	   3.2653267258692920e-01	  -1.0715441723144487e-01	   4.4686385912014276e-01	   3.4117471655610865e-01	   3.3239321221409818e-01	   1.6411709971133195e-01	   2.1064483486104452e-01	   3.9220490613556591e-01	   4.0592375229948685e-01	   2.6904660842078471e-01	  -1.3415408285021097e-01	   3.1728387129580662e-02	   1.5303296253957449e-01	   1.8819045685914954e-01	   5.9094393557916225e-01	   4.0491523729445755e-01	   5.9407173969424165e-01	   4.1329053766599921e-01	   3.9168366092955254e-01	   3.8480248722510890e-01	   4.6355992906830085e-01	   4.4783588242856653e-01	   5.0635398464259418e-01	   6.0056239196134709e-01	   3.7715952828682597e-01	   3.8757798404491250e-01	   9.8190472550403529e-02	   3.5801643722360686e-02	   2.4095741474277446e-01	   6.0020913474347820e-02	   2.9269375099323613e-01	   3.4890120140515263e-01	   2.8207064110164337e-01	   1.7364608010263880e-03	   2.4272254706240232e-01	  -5.2342303936397841e-02	   2.6521212291830421e-01	  -8.6052531873186705e-02	   2.0269937194233739e-01	  -3.6153368357481168e-02	   6.1575667144560343e-02	   2.2228273780766539e-01	   3.8306380528035927e-01	   3.8338895977370613e-01	   3.9375634851664970e-01	   1.4032475460878863e-01	   1.0792528247393879e-01	  -1.6358742359174067e-01	
   6.1617654751065265e-01	   3.3797847515261420e-01	   6.0818382088458478e-01	   0.0000000000000000e+00	   3.2390475208710712e-01	   5.9051618857080135e-01	   5.8309086203133365e-01	   8.8939194577021552e-01	   6.4709757303675952e-01	   6.6067110690448927e-01	   4.9149240260525223e-01	   5.0024561946023849e-01	   4.8539157427600871e-01	   3.2149082563173348e-01	   5.4120773943711431e-01	   5.6580194464426059e-01	  -7.6121445934995230e-02	  -2.7775425536385473e-01	   4.0938361882369817e-01	   1.2578155616632444e-01	   3.9316173470164395e-01	   7.4268432602008230e-02	   6.6788956431785440e-01	   7.6959132548740683e-01	   4.2033459018957275e-01	   6.0094587202939365e-01	   4.0875222709547132e-01	   3.8061944838552469e-01	   1.6237995825593432e-01	   7.6089230389174242e-02	   5.4433081182202003e-01	   7.0181104627662583e-01	   2.8623525053294058e-01	   4.4852975130105499e-01	   3.0495840367609861e-01	   5.0432104149459778e-01	   3.2246885793142066e-01	  -5.2209467348895769e-02	   1.9727002765317292e-01	   3.0764548557477914e-02	   2.8090017168137882e-01	   7.2324232814566763e-02	   1.8565709350367876e-01	   1.5944238847844067e-01	  -5.7289730961354125e-02	  -8.0038401843106968e-02	   1.4712827254065242e-01	   1.2589925616768838e-01	  -8.2211992678642057e-02	  -1.0455531680700690e-01	  -1.9025733345511635e-03	  -1.2424990070303180e-01	   1.5106234999709228e-01	  -1.4852045600562341e-02	   7.0324124478999883e-02	   2.8661792121287133e-01	   3.3492696576078729e-02	   2.8929112129601257e-02	  -1.1669717414343063e-01	  -1.5399780228206960e-02	   1.9786419485255471e-01	   3.6491143864302611e-01	  -2.3178764959028925e-01	  -1.8830713982168520e-01	   5.0500986267445824e-01	   6.3500173038920749e-01	   3.7936971987766535e-02	   3.6137609737018232e-02	   4.1685345575871535e-01	   1.0838202301973360e-01	   4.8381834654956346e-01	   3.1178097335678190e-01	   5.7457767493448268e-02	   1.2723826346807893e-01	   2.0365821243613021e-02	   4.6266708685637281e-01	   3.6638999160779523e-01	   5.0193244695121464e-01	   4.2591292320315527e-02	   1.9039235793200299e-01	   2.6063997376784798e-01	   2.4146355146090887e-01	   5.7319830494229174e-01	   5.0454652060667959e-01	   6.4001540524265654e-01	   4.7086981823127749e-01	   4.8100983984666212e-01	   4.9587238614703011e-01	   6.8823235396077576e-01	   5.7256093018405907e-01	   5.2091001706864515e-01	   4.2338531665358370e-01	   6.1738588581835230e-01	   2.0425563584520062e-01	   1.1261019678242121e-01	   1.8725530449007843e-01	   1.3183506131739609e-01	   2.6938143485437682e-01	   2.6004585070252784e-01	   2.7720659221424360e-01	   3.3519573700421162e-01	  -7.4001654320005094e-03	   3.7162114298717552e-01	  -2.1114069155088264e-03	   2.6647894867607491e-01	  -2.6187840417618979e-01	   4.1903988581311191e-01	  -1.2953236137317947e-01	  -5.6162267769999177e-02	   2.9268333010568398e-01	   3.4319163870861846e-01	   3.5814530486019136e-01	   2.0227505062851711e-01	   1.8304589651813405e-01	   2.7645333175665775e-02	  -1.5622692970712160e-01	
   4.1976344261488785e-01	   2.5862064986066146e-02	   7.1245389748740617e-01	   3.2390475208710712e-01	   0.0000000000000000e+00	   6.9771926105188964e-01	   7.4019797508317997e-01	   3.7879746262222591e-01	   6.2296318562887110e-01	   6.1498621825729871e-01	   3.1325954417845325e-01	   8.2610118166544788e-02	   3.8705442397687756e-01	   2.3778917194496235e-01	   4.6489627528660643e-01	   4.2726251106714136e-01	  -8.8381776015407060e-02	  -2.0369513848647847e-01	   1.6106565642630938e-01	  -2.4314048038477276e-01	   5.0480409225653589e-01	  -1.6399347906501049e-01	   4.4998664076478062e-01	   1.5264777242476316e-01	   6.1053853892129928e-01	   3.6354232284180787e-01	   6.7244432384344477e-01	   5.4815723897494073e-01	   2.9520541967282832e-01	  -7.8114660646097095e-02	   5.1234418585257147e-01	   4.3756177774840777e-01	   5.4081675503096993e-01	   4.8377025472503765e-01	   6.3653516721745051e-01	   5.6321127373094160e-01	   8.6891070163117534e-02	  -9.8538694324862716e-02	   4.3288119225082383e-01	   3.2222843987096278e-01	   8.8812420392685193e-02	  -4.3212184474355944e-02	   5.0158268920557181e-01	   4.9018177594108003e-01	   4.2569335018341625e-01	   4.1123644667380016e-01	   5.2517681170696062e-01	   5.2809389629414261e-01	   3.4816509249275901e-01	   2.9871021521974400e-01	   3.2848361599002524e-01	   2.3402070209346904e-01	   2.1734964040508825e-01	   1.8588082246959717e-01	   4.1427662260688047e-01	   5.7209799456917254e-01	  -1.9424686683946663e-01	  -1.0451353848873110e-01	   1.8908296167238814e-01	  -6.4787057524730560e-02	   4.3561004937030884e-01	   1.3173744147048977e-01	   1.0276281965926870e-01	  -1.1137499217005178e-01	   6.3681862338134576e-01	   4.7350465767875261e-01	   4.0245116407386072e-01	   4.1037215520598036e-01	   1.9096313317618929e-01	  -1.6151540531600575e-01	   5.1178226685438388e-01	   4.1948218538080395e-01	   5.0225992062227109e-01	  -8.9941750035693019e-02	   3.7422602353617246e-01	   2.0640317039661576e-01	   5.1630550623216709e-01	   2.7942601749622825e-01	  -3.7843875280627071e-01	   7.4707316676658948e-04	  -1.1882370970381798e-01	   4.9200359869222006e-02	   3.7984336009793218e-01	   7.6906823070500424e-02	   3.7563569070656511e-01	   2.5728959880590174e-01	   1.6832244755454828e-01	  -5.0977283896353462e-02	   3.1352962274115043e-01	   2.9888457755077347e-01	   4.1385570659793308e-01	   5.7313713641929542e-01	   2.7790084737583820e-01	   1.0579193037253093e-01	   1.7521154184657539e-01	   2.0692063895374896e-01	   5.4598518533631191e-01	   3.0494413106941798e-01	   4.9687278928426454e-01	   5.6195516211060781e-01	   2.6414902354243852e-01	  -3.7809417846192594e-01	   1.5400782152558248e-01	  -4.0123749929342251e-01	   2.2205724981586281e-01	  -1.9014812129588027e-01	  -6.9208693575426888e-02	  -2.9373693505290832e-01	   5.1222372647336430e-02	   1.7541882087392052e-01	   3.7732376012714480e-01	   5.4692923783554026e-01	   4.3765414160347094e-01	   1.1296595871411397e-02	  -9.5961118176226032e-02	   8.6320021872263022e-02	
   5.1024229936245835e-01	   2.9369457141425503e-01	   5.5745974733957704e-01	   5.9051618857080135e-01	   6.9771926105188964e-01	   0.0000000000000000e+00	   6.1000960932583403e-01	   5.5869434124894468e-01	   4.7921800700033834e-01	   7.3661508801346520e-01	   3.0341004734358956e-01	   3.5487118144235974e-01	   3.5705813532016978e-01	   3.2840179641987044e-01	   5.7789717749099889e-01	   7.3721621739794596e-01	  -7.5019092263870074e-02	  -1.9991438696559766e-01	   3.3161300391885762e-01	   3.1571342291955962e-02	   5.7863387305957126e-01	   1.3534092237201117e-01	   4.5218641883807009e-01	   3.6670748455780733e-01	   5.8489676715233518e-01	   6.0143237385975179e-01	   6.5421880714697744e-01	   6.7670993437634297e-01	   3.3455517149732639e-01	   1.3140621053334728e-01	   4.3099803404504594e-01	   4.6836529277095884e-01	   4.0950755083460511e-01	   5.2943883715968632e-01	   4.7087191702777248e-01	   6.4982996578303709e-01	   1.6025004198523901e-01	   1.3810640253863826e-01	   5.1773036134117056e-01	   3.6291983892754032e-01	   1.3277988555948270e-01	   5.6750277297811846e-02	   4.5338958703640986e-01	   4.0339056166478215e-01	   3.1503667125465901e-01	   3.1603072436641760e-01	   4.4336503714708569e-01	   4.2961907766879537e-01	   3.3492754963850424e-01	   3.8582714770046289e-01	   4.4862940737992363e-01	   3.2668854697194083e-01	   4.5585502680194645e-01	   2.8504887157351672e-01	   5.8047898281008092e-01	   5.1154776604359964e-01	  -5.0841000170340656e-02	   2.5377844321341072e-02	   1.3982848805660730e-01	   9.1754761151802519e-02	   3.0840468518950892e-01	   3.5763782815875805e-01	  -3.7483970505895470e-02	  -7.0260192863351625e-02	   5.4589421223951939e-01	   6.6461462221265932e-01	   3.2704779529202888e-01	   3.3761316583852230e-01	   3.6133130744993697e-01	   4.5166180016160296e-02	   4.2050875755765815e-01	   2.8950903854406118e-01	   3.9005658408789540e-01	   4.6567682529370311e-02	   3.2106525582869649e-01	   2.3468334885788580e-01	   3.7191972271398677e-01	   4.5359039634248988e-01	  -1.4622553099989966e-01	   1.0550817898330103e-01	   1.7784913295048893e-01	   3.0703850538174859e-01	   5.8733911717983911e-01	   4.0533470484241041e-01	   5.5016052705074792e-01	   5.8583248141789324e-01	   3.6314616306790432e-01	   1.2127475924206546e-01	   5.3558442038270326e-01	   5.2610060931091684e-01	   5.2361932486890217e-01	   4.3962319460658483e-01	   4.2993182753973191e-01	   1.8703146281542699e-01	   2.0745660017751891e-01	   1.4047967898779984e-01	   4.8198302102242607e-01	   1.6490483895397101e-01	   5.4470161921852034e-01	   4.1369620121711048e-01	   2.6584167952273680e-01	  -2.3722820224142421e-01	   1.7129263563955310e-01	  -2.6431323224463749e-01	   3.4402198492063751e-01	  -1.5233802871844160e-01	   1.9819300879188728e-01	  -2.6238182543832556e-01	   1.4988006505185342e-03	   1.7627101337365350e-01	   4.1169961204462685e-01	   4.8759047331143524e-01	   2.4364390703020922e-01	   7.7427680729517986e-02	  -7.7163027832037427e-03	  -4.6661759586380967e-03	
   5.8443871322254615e-01	   3.9471512409781750e-02	   7.8750423239799971e-01	   5.8309086203133365e-01	   7.4019797508317997e-01	   6.1000960932583403e-01	   0.0000000000000000e+00	   5.7408323884217882e-01	   7.2024601008921219e-01	   4.7022957171021701e-01	   4.3046788469695235e-01	   2.0553503275727700e-01	   5.2090038801425220e-01	   1.8336548333611657e-01	   2.9716956334010047e-01	   2.4254036022208980e-01	   2.1052200391354435e-02	  -2.1873518604705819e-01	   2.5140198816674020e-01	  -1.8466844447529601e-01	   4.0520066898588675e-01	  -8.2653234984966711e-02	   4.1213290590251134e-01	   2.3598518860556089e-01	   5.0479588622147653e-01	   4.0449843192274315e-01	   4.1414152140288918e-01	   3.7581845971892097e-01	   3.6149395746168217e-01	   1.1371646856366446e-02	   5.0144611218881052e-01	   4.4815404505091694e-01	   6.7104726095833533e-01	   6.5412380718341501e-01	   6.7382679912429777e-01	   6.1305308806301628e-01	   1.1588978855531726e-01	  -7.2688942045990246e-02	   3.1315819172109144e-01	   2.5147040148373678e-01	   2.3504798263548929e-01	  -1.0616922422444848e-01	   3.2382404966014683e-01	   2.7956723254446031e-01	   2.6033037791861735e-01	   2.0552138796872829e-01	   2.6240344858143011e-01	   3.2647795765004084e-01	   2.2298159302546522e-01	   1.6708981470892220e-01	   2.4708751399912471e-01	   1.2782826812833484e-01	   1.5181049295723315e-01	   1.6406094548053435e-01	   2.3114439068715945e-01	   4.9026987812122075e-01	  -1.0021233999116844e-01	  -1.3261913617856652e-01	   2.7781608669334290e-01	   1.3827055456097324e-02	   6.6185611860111171e-01	   4.2663682617778687e-01	   1.6000171730569646e-01	  -1.2471111283484221e-01	   7.9750020808924749e-01	   7.2250495726024533e-01	   5.0266195844111805e-01	   4.9667389553216823e-01	   3.7745352929753101e-01	  -4.3423934640647949e-02	   4.8907687114106158e-01	   3.7235321447351621e-01	   3.8601013101414283e-01	   1.4189023552501014e-02	   2.3430062119856160e-01	   2.8215728090367981e-01	   5.1438261649844430e-01	   3.4447524787880890e-01	  -1.7057961500445362e-01	   1.8158320772163936e-01	   2.0340991623128860e-02	   1.6022128285567941e-01	   4.1337662663654795e-01	   7.8649660413458403e-02	   4.4598930882271171e-01	   3.4435590307038716e-01	   1.2831250300761624e-01	   3.0089394466547355e-02	   4.4399445431912110e-01	   2.9479565632482957e-01	   4.5906531614089868e-01	   6.4423189574826112e-01	   3.5502147488358837e-01	   4.0899885609183756e-01	   7.8917745401627631e-02	   1.5445581506177974e-01	   3.2424565308692699e-01	   1.7826751089455226e-01	   2.8245028968837499e-01	   4.1676841270318299e-01	   3.1865235208098136e-01	  -9.0097883293842231e-05	   2.2177105587898280e-01	  -9.5886931319077925e-02	   3.0623779474354007e-01	  -1.8189689044127991e-02	   5.2770188773861443e-02	  -1.4024897158158178e-01	   9.9458018661889039e-02	   1.8808249581696562e-01	   3.4757138993189446e-01	   3.4436450911074390e-01	   3.9940506644746376e-01	  -3.8802635873825277e-03	   1.2140717545169682e-02	  -9.3519794210163862e-02	
   5.2426690339409610e-01	   2.3650261792718347e-01	   5.3385756750974445e-01	   8.8939194577021552e-01	   3.7879746262222591e-01	   5.5869434124894468e-01	   5.7408323884217882e-01	   0.0000000000000000e+00	   6.8332470080298213e-01	   7.3651379485011359e-01	   6.6953522542057309e-01	   6.3280708746769243e-01	   5.0330568394839226e-01	   4.7448468108544556e-01	   5.2260255812997880e-01	   5.2594128662309236e-01	   1.5759032269611228e-02	  -2.2176204043600933e-01	   3.4356516794860592e-01	   2.5249438025929799e-02	   2.8044338109864753e-01	  -6.5754646178474332e-02	   6.6880871338832670e-01	   7.2987922191433174e-01	   3.5494503610360806e-01	   5.1072511872289550e-01	   3.5273081116850147e-01	   2.5661938394418449e-01	   1.4091230700664428e-01	   1.7420069910943509e-01	   5.4793505277285237e-01	   7.2455726191627423e-01	   2.8988328831822485e-01	   5.3011323985321090e-01	   2.9093106507874333e-01	   4.0590648076910069e-01	   3.2480603983662820e-01	  -6.5156074115885934e-02	   1.5634107921546769e-01	  -4.6374620710165635e-03	   2.2206892011933344e-01	   3.7590390054651982e-03	   3.0199491505387466e-01	   3.0449007346895973e-01	  -9.6812119058630568e-03	  -2.7140336719464905e-02	   2.6062797776719737e-01	   2.3401079464759261e-01	  -1.5619442113326065e-01	  -2.0935909795875432e-01	  -1.3192331140218899e-01	  -2.8937397415847554e-01	  -2.7524467258904332e-02	  -1.8092430924238487e-01	  -1.2781969649497637e-02	   2.7231743885475534e-01	  -1.7026715080536275e-01	  -1.7980607752840683e-01	  -3.0056144071927182e-01	  -2.3913233210559864e-01	   2.9432181694281835e-02	   3.0322794716384616e-01	  -4.1534677055301061e-01	  -3.9881805633037959e-01	   4.1380920732170390e-01	   5.6526159419789002e-01	  -7.9155597469324823e-02	  -5.2591612453174369e-02	   2.6493398080324826e-01	  -5.8428304516417416e-03	   5.1837039739528834e-01	   3.7512080462528297e-01	  -1.9393902759629933e-02	   1.6316826687989786e-01	   2.2865409988462728e-02	   5.0068630526861890e-01	   4.2681433170668442e-01	   5.1805097577660697e-01	   1.4040101026659560e-01	   2.8253667000949467e-01	   2.1305128859549555e-01	   1.5940637841807831e-01	   5.8606425012956032e-01	   4.0121105531169221e-01	   5.7743191136826311e-01	   3.0529597917299212e-01	   4.7063852166526088e-01	   3.4485379365056851e-01	   5.2400037309144587e-01	   3.7650429876383151e-01	   4.7765869745544720e-01	   4.3611663847462101e-01	   6.0407777885484437e-01	  -2.6397272350462103e-02	   1.8612955789569885e-01	   2.6441418539201833e-01	   2.1250101602411417e-01	   4.3059854062003777e-01	   2.2008987728218604e-01	   3.0302504008197573e-01	   2.1666962685193947e-01	  -2.6227002375597541e-01	   1.3214070945954914e-01	  -2.6621474014932878e-01	   7.2435277006283577e-02	  -3.9998869046860208e-01	   2.5051640421900928e-01	  -3.5608336086605008e-01	   8.4303345952445249e-02	   3.9237739193426041e-01	   3.5516141588347216e-01	   3.7027583937993491e-01	   2.4443876878646498e-01	  -2.7218916402281888e-02	  -2.7961086866909825e-02	  -1.0495110558250280e-01	
   5.7361830662285562e-01	   2.2172041485358077e-02	   6.2271539651137175e-01	   6.4709757303675952e-01	   6.2296318562887110e-01	   4.7921800700033834e-01	   7.2024601008921219e-01	   6.8332470080298213e-01	   0.0000000000000000e+00	   7.0156313708612683e-01	   6.5902140035133239e-01	   3.1188401290656509e-01	   7.6371780201862993e-01	   3.6047186256605668e-01	   5.4825817617296702e-01	   3.7665683805568001e-01	   2.6317054405636812e-02	  -2.7700751131143952e-01	   2.5893875019757095e-01	  -2.5959624950242066e-01	   2.0498947828559555e-01	  -3.6853348741923309e-01	   5.8300735169305995e-01	   4.1387923709917390e-01	   1.8984957616710724e-01	   2.9966154766682307e-01	   3.2329368634738864e-01	   2.2553015982229163e-01	   3.1569628954792739e-01	  -3.9979883195199011e-02	   4.0092833038677650e-01	   4.9154820885529316e-01	   2.3004018436513107e-01	   3.5189851283209100e-01	   2.5826548838688107e-01	   2.5548232001301852e-01	   1.3370429159888564e-01	  -1.3792878843809170e-01	   5.5870325917239866e-02	  -1.0092877128606456e-01	   1.0142366589219527e-01	  -7.3215695338872816e-02	   2.4495587033938851e-01	   2.5024310869357325e-01	   2.2842659231141413e-02	   7.2381117012324291e-03	   2.3947061800825381e-01	   2.5847439023927588e-01	  -4.0992052542723985e-02	  -6.0145518569227119e-02	  -8.1637815845288328e-02	  -1.6596568659362348e-01	   2.6288632794716528e-02	  -4.9217001848975758e-03	   3.3354116564149980e-02	   4.4121656111208241e-01	  -1.8058556865689121e-01	  -1.4368570658547153e-01	  -9.5587120005797291e-02	  -1.1158735638947992e-01	   3.1337591726179348e-01	   3.1606438948812637e-01	  -1.3834959731118698e-01	  -2.7969295472562472e-01	   4.9726917894648653e-01	   4.1077421454751795e-01	  -8.2634348690371166e-03	  -7.8903601012413893e-03	   2.3310008667901527e-01	  -1.8840131561224127e-01	   6.5440511838582327e-01	   2.8510272902476186e-01	   2.2414766042307491e-01	  -2.0173026306381042e-01	   1.9720681665445944e-01	   2.7063429765431574e-01	   5.3918078410348325e-01	   3.1104285615760718e-01	  -1.6490756218546265e-01	   2.0912855614520537e-01	   4.5538725263461040e-02	  -1.6179623760204691e-02	   4.4171851919870264e-01	   1.1708156395568493e-01	   5.7972676712313165e-01	   1.4256386038664604e-01	   3.3506680137085437e-01	   1.9632402356515014e-01	   6.1871632224257267e-01	   3.9180539943177289e-01	   4.2691655182471883e-01	   6.8710643196655785e-01	   5.2054090528661301e-01	   1.9038672380007721e-01	   5.8485185407934875e-02	   1.3470325581231468e-01	   1.0997709860684474e-01	   3.9655237456169840e-01	   2.8611651728019233e-01	   5.7471473109963311e-01	   2.5510545271094009e-01	  -1.3928427984692132e-01	   2.1215125327843631e-01	  -2.0879779646816921e-01	  -3.3273084202943427e-02	  -4.5094327125907818e-01	  -6.2739217484094570e-02	  -1.1448549234393732e-01	   3.3884992148022375e-02	   2.5286384367492371e-01	   2.3405291162084313e-01	   3.9691767506730935e-01	   4.1852103071740648e-01	  -1.5323258442276225e-02	  -2.1896228716777366e-01	  -1.2953471009100148e-01	
   4.3572640910132276e-01	   2.7878262083340372e-01	   4.2437359373319494e-01	   6.6067110690448927e-01	   6.1498621825729871e-01	   7.3661508801346520e-01	   4.7022957171021701e-01	   7.3651379485011359e-01	   7.0156313708612683e-01	   0.0000000000000000e+00	   5.1610682525844886e-01	   4.5219462708544339e-01	   5.4529015757442179e-01	   5.5721936150435680e-01	   6.4836954022238458e-01	   7.3298563772467396e-01	  -1.2863245300641585e-01	  -2.4254487940024066e-01	   2.2432358220185497e-01	  -7.8792988154282359e-02	   3.9971915399109587e-01	  -2.0273522168740551e-01	   5.1025894749437661e-01	   4.3631649518423282e-01	   2.5857367335107218e-01	   3.9348526043167564e-01	   4.7932642382079915e-01	   3.5266373941067047e-01	   2.7617223348111847e-01	   8.1806508189932930e-02	   3.5425951328187993e-01	   4.7372169426317495e-01	   1.8466868783666496e-01	   3.6031480076572875e-01	   1.9780255184913340e-01	   3.4108856508752700e-01	   2.1416763217682769e-01	  -4.2727235644572342e-02	   3.2551819364703832e-01	   1.3496207717062242e-01	   5.4493032869122215e-02	  -1.7421494381350662e-02	   3.6037570706643840e-01	   4.1072676920292417e-01	   1.6051943834490673e-01	   1.9714182578146794e-01	   3.7953469588340888e-01	   4.0148488182489334e-01	   1.1058206284254160e-01	   1.3770046861406743e-01	   1.4275892264397982e-01	   3.4971713871394125e-02	   2.2019447379238724e-01	   4.3615071590383775e-02	   2.6894750035125320e-01	   4.3960331299925243e-01	  -1.7684752886718416e-01	   7.0719444367923967e-03	  -1.2717172923783263e-01	  -2.2382882461497618e-02	   5.8746145292754459e-02	   2.5089196471914815e-01	  -2.6424287314799366e-01	  -2.3898724704066288e-01	   3.2122827036266732e-01	   4.2812413469008170e-01	   5.6383539059374488e-03	   2.8650510460568161e-02	   3.1934764672189853e-01	   6.5990730850556512e-02	   4.9651196222061011e-01	   2.6368053462721808e-01	   2.2020888776709963e-01	  -1.8674008384987878e-01	   2.3189844786212824e-01	   1.7188238081797833e-01	   3.8941225057235862e-01	   4.1530234209537148e-01	  -5.3421872873307866e-02	   2.5019491548046396e-01	   1.6956735581921470e-01	   1.3799756820276088e-01	   5.5794924501007515e-01	   3.2758625264862767e-01	   5.2864555582652284e-01	   2.7409361042659453e-01	   4.2092471887811156e-01	   1.7004471547003375e-01	   5.7055341878864407e-01	   4.4289769050467637e-01	   4.4553628928103617e-01	   4.2224760396444361e-01	   4.9823391416452922e-01	  -7.1672649161201044e-02	   2.6275404397502300e-01	   2.7509768185224476e-01	   3.9426511970633704e-01	   4.4486987843735859e-01	   4.5044548553943686e-01	   4.5976467374443702e-01	   2.8198989174966915e-01	  -3.6983789735072936e-01	   2.3850045280181362e-01	  -3.4516293945604454e-01	   2.0844403168323613e-02	  -5.5123363981580220e-01	   1.6622294635765306e-01	  -3.8669038899790803e-01	   1.7953128154181444e-02	   3.0300592629104872e-01	   3.5508526372146998e-01	   4.9778205994335156e-01	   2.7690375571233861e-01	   6.0497927101926238e-02	  -2.4328033323423295e-01	  -3.7103619898483625e-02	
   4.4202467594865591e-01	  -3.6129079534686505e-02	   2.2519608962621110e-01	   4.9149240260525223e-01	   3.1325954417845325e-01	   3.0341004734358956e-01	   4.3046788469695235e-01	   6.6953522542057309e-01	   6.5902140035133239e-01	   5.1610682525844886e-01	   0.0000000000000000e+00	   6.0480247439290680e-01	   7.3693155874285554e-01	   5.6093989786431375e-01	   4.9071269203960466e-01	   4.3322443244622999e-01	   2.0943885239475418e-01	  -2.4239626607596965e-01	   6.1584451963224374e-02	  -3.0686093402036496e-01	  -1.6136002435364460e-01	  -4.8024044464397342e-01	   4.2994390783996683e-01	   3.7848201221477079e-01	   2.4487978128116563e-02	   2.0692761851708147e-01	   2.6100798688488186e-01	   1.3019289555848457e-01	   1.7309548339117459e-01	   1.1460995109900150e-01	   1.8574219055638494e-01	   3.7190809234416577e-01	   6.5103880363996072e-02	   2.7849005708017521e-01	   4.8197411891161571e-02	   1.0062045697668382e-02	   3.3612520781340605e-01	   7.4765938584104297e-03	  -2.7343055422253994e-02	  -2.4459117771869082e-01	   1.3011290113756449e-01	  -1.2539357238830331e-01	   2.6421059803862895e-01	   2.6627595810561155e-01	  -1.3442885103629623e-01	  -1.1144693286113505e-01	   2.6639608297754158e-01	   2.0070791397985896e-01	  -2.2074059668649820e-01	  -2.1775874638068632e-01	  -2.7184138324070639e-01	  -4.0809640824455684e-01	  -3.2568923585618964e-01	  -3.7404999959953383e-01	  -1.4515605143564328e-01	   1.1852019740789185e-01	  -2.8536844339660139e-01	  -3.2677169998351113e-01	  -2.8022841739764570e-01	  -3.6698590588328905e-01	   5.1439255277455083e-02	   1.8378520882564012e-01	  -3.3745391615890563e-01	  -5.0150910753769884e-01	   1.2610742872518529e-01	   2.3706680237591390e-01	  -2.4298603583455405e-01	  -2.0789973577750764e-01	  -5.4690078329887377e-02	  -2.7645399353231404e-01	   5.2493338439437520e-01	   2.8206692082601453e-01	  -3.7063896084857731e-02	  -1.2721857579332141e-01	   6.5278364190786003e-02	   2.8881249697176559e-01	   4.9708398549609878e-01	   3.7414547114307073e-01	   7.6240612463533697e-02	   3.2702363854774619e-01	   5.7270981523554788e-02	  -5.8486474852341708e-02	   4.0673968407725125e-01	   7.4520416711191917e-02	   3.9452686335921505e-01	   5.2635289313666261e-02	   1.9994534685443541e-01	  -5.4119218051008805e-02	   4.0359958204225088e-01	   1.3938312876675679e-01	   3.1386809718833181e-01	   5.5731053277300269e-01	   4.5969030994938276e-01	  -1.7939016594448576e-02	   1.8425914213364658e-01	   2.4289018697782017e-01	   1.2206249882996092e-01	   4.9516584055632484e-01	   1.1946031320327213e-01	   3.9063811709066898e-01	   9.0089841949080013e-02	  -3.2363541120977496e-01	  -4.9596082029239902e-02	  -4.0288174539326965e-01	  -7.8673000968101647e-02	  -4.2291007533130420e-01	  -2.3638990975057544e-01	  -3.0950024688465494e-01	   5.8127871948829540e-02	   2.7365824305995978e-01	   1.3997532160627493e-01	   2.3456676827350753e-01	   2.5958559346118792e-01	  -2.9912321860803026e-01	  -1.8646726948760978e-01	  -1.3053651369612557e-01	
   2.7425969113826920e-01	   3.5701710749470472e-01	   1.2903423459306629e-01	   5.0024561946023849e-01	   8.2610118166544788e-02	   3.5487118144235974e-01	   2.0553503275727700e-01	   6.3280708746769243e-01	   3.1188401290656509e-01	   4.5219462708544339e-01	   6.0480247439290680e-01	   0.0000000000000000e+00	   3.5901764339144693e-01	   7.5144645627901985e-01	   3.8369244632526750e-01	   5.7153911791414169e-01	   2.1258710355696202e-02	   1.0545995096805902e-01	   2.1526770625586816e-01	   2.8539582128338153e-01	  -1.2190568599560006e-01	  -6.8969313723269574e-02	   2.2480789802772713e-01	   3.7624182697749914e-01	   3.5406679069324758e-02	   2.1777409324812325e-01	   1.4505064207229820e-01	   4.5568562544321331e-02	   1.8126862725659049e-01	   4.9109939296697358e-01	   1.8317016674878162e-01	   3.7510688184533619e-01	   1.6972383837016344e-01	   4.7760575290976814e-01	  -7.0239984865909461e-02	   1.5075507909752661e-01	   3.8254336726189986e-01	   2.8773857901939237e-01	   1.9612986554597564e-01	   2.0632450178707698e-01	   1.9618821430082353e-01	   3.5754853872633795e-02	   2.2415043129468037e-01	   2.1166782077852853e-01	  -1.1879258272043398e-02	  -4.5693303532757142e-03	   1.9784951424886196e-01	   1.5298958463006299e-01	  -1.5861254532249736e-01	  -6.4572544359588369e-02	  -5.5269858941874063e-02	  -1.2289939522676993e-01	   2.6841983653541852e-02	  -1.9724706132048825e-01	   9.3413715471250602e-02	   1.8527581326193598e-01	  -1.0707050009794442e-01	  -7.4921912966343873e-02	  -2.6532549521246662e-01	  -2.2012431513803606e-02	  -1.0394253207413016e-01	   4.6314793687164990e-01	  -3.4597449881645181e-01	  -2.0686377756319921e-01	  -8.4549775713553404e-02	   3.6734581390090792e-01	  -1.3301903980925456e-01	  -5.1530872061676225e-02	   1.7448465861299917e-01	   9.2363445856302157e-02	   1.1448099208391235e-01	   4.3435641322398311e-01	  -9.3533020387539620e-02	   2.3209603475125803e-01	   4.3367360311441575e-03	   4.1039461474486716e-01	   2.2102857426848266e-01	   5.7606686806765439e-01	   2.6406383930623245e-01	   2.8147186769478727e-01	   3.3791435664518865e-01	   3.3046725810780486e-01	   4.9570437225527297e-01	   5.0193364978740251e-01	   3.4972477628510606e-01	   4.3663180106903421e-01	   2.6239041078501890e-01	  -4.6352121070955668e-02	   2.8503928344843876e-01	   2.5757972498938358e-01	   3.8151396977821073e-01	   1.9215115532493407e-01	   4.2456975123017576e-01	  -5.2995768572438054e-02	   3.9852783530692737e-01	   2.5870893118949484e-01	   8.6909599669388757e-02	   2.1631398610430819e-01	   1.5394829368388124e-01	   1.2305915365530841e-01	   1.7440813530015542e-01	  -1.7573773324772152e-01	  -1.2877528359080481e-01	  -2.8111058858747467e-01	   9.9892788180320338e-02	  -2.9770845333705004e-01	  -4.6336978763804507e-02	  -3.8031789298868673e-01	   1.1774511817522672e-01	   2.9276693127131997e-01	   2.4082652069281635e-01	   2.2918313037554433e-01	   8.9416172122138565e-02	  -1.1762946351443759e-01	  -1.7804388283597535e-03	  -5.4384415726449961e-02	
   3.8627998152781629e-01	   2.4460127858707117e-02	   2.9337546191232633e-01	   4.8539157427600871e-01	   3.8705442397687756e-01	   3.5705813532016978e-01	   5.2090038801425220e-01	   5.0330568394839226e-01	   7.6371780201862993e-01	   5.4529015757442179e-01	   7.3693155874285554e-01	   3.5901764339144693e-01	   0.0000000000000000e+00	   5.1576819826576026e-01	   4.1967760769156121e-01	   3.5042640710811079e-01	   5.0376949936777729e-02	  -3.0531364422658885e-01	   6.4380479896738452e-02	  -3.1834999155981120e-01	   3.1151513916772077e-02	  -3.6116838562473208e-01	   2.7728594013632213e-01	   2.5108270267706712e-01	  -9.8379991217437991e-03	   1.8609622515798130e-01	   2.7576338028097702e-01	   2.3604108010103458e-01	   2.3169842569358978e-01	  -4.2790330126289576e-03	  -1.8176095279120754e-02	   1.9182702091139525e-01	   1.4937263039110561e-02	   2.1734522761568958e-01	   4.8684989167137212e-02	   1.0869385768388282e-01	   1.1268671236705573e-01	   1.0093343844852410e-02	   9.0447287564992297e-03	  -6.9685880714768833e-02	   3.5275076873640510e-02	  -1.0078623484431964e-01	   1.6345965876899129e-01	   2.3751378939590562e-01	  -1.0342134124200422e-01	  -3.2203359305514018e-02	   1.9074622424198859e-01	   2.5280082707576168e-01	  -8.0214565630706017e-02	   8.1835093199795535e-03	  -1.0793493720189182e-01	  -1.4403407832403689e-01	  -5.7199673786054672e-02	  -7.2015729396216949e-02	   4.1875660910769164e-02	   3.1738706682193318e-01	  -2.0073525050567759e-01	  -1.1185333361304568e-01	  -8.7548736065924032e-02	  -5.9692594670988378e-02	   2.3616894647486045e-01	   3.4608921748625260e-01	  -1.4734447294724015e-01	  -2.3738772425834376e-01	   1.9282584938974592e-01	   2.8629599521070243e-01	  -1.3000881608876730e-01	  -9.5830255240611215e-02	   1.1704916931722484e-01	  -1.4933413011451219e-01	   4.9456111275614556e-01	   2.6864924056597284e-01	   2.4543205025061837e-01	  -2.3027123947767172e-01	   3.0150983104899420e-01	   1.5849620233824968e-01	   5.1306297385340183e-01	   4.1205450328907295e-01	  -4.0633799685589118e-02	   2.3688399413765882e-01	   8.3841106966636492e-02	   2.3021014275812310e-02	   2.7239538130858643e-01	  -4.1005829710179624e-03	   3.8426074403120741e-01	   1.1151491814139843e-01	   1.6914663934025040e-01	   5.7781768095209712e-02	   5.9386041571560844e-01	   3.2708901242910243e-01	   2.3474236573436785e-01	   5.5599528687321953e-01	   3.8906219470075254e-01	   1.6689677483896048e-01	   4.4132901457914299e-02	   1.9429079018111969e-01	   8.4192357588528513e-02	   3.2839246628573582e-01	   2.0668522144426327e-01	   4.5741917495807238e-01	   2.2400083045495700e-01	  -1.0914687244826028e-01	   1.4631651239119886e-01	  -2.0125694420210968e-01	  -3.2885183043773955e-02	  -4.3652831416344295e-01	  -1.4079662813726884e-01	  -1.2645049311886428e-01	   4.3313521114796111e-02	   2.9974831457781753e-01	   2.6971442042606364e-01	   2.6900941742806594e-01	   2.2868102885904734e-01	  -4.1026214578630725e-02	  -1.8045372972034765e-01	  -1.6735848108831192e-01	
