   0.0000000000000000e+00	   7.6215461143657248e-01	  -2.1283664030212848e-01	  -9.0043731915676550e-02	   1.9673411966910692e-01	   1.1122448846231747e-01	   1.7835350516671539e-01	   1.1814223847424607e-01	   4.6871598158223227e-01	   1.6137890843472477e-01	   5.3354200244759054e-01	   2.7800300153452123e-01	   4.7556938490170869e-01	   3.5006191610947679e-01	   2.0447431425280274e-01	   2.2717622049006087e-01	   3.7721302404362417e-01	   5.7784781614556247e-01	   4.1381384986869685e-01	   6.4693432610350921e-01	  -3.0618609494082882e-01	  -1.6656825497554920e-01	  -1.4314356294233202e-01	  -1.6476264994905299e-01	  -2.3364422102887189e-01	  -2.5544118108338548e-01	  -8.0743500188994205e-02	   5.2316770880840316e-02	   3.6824691917827324e-01	   4.0743316224731252e-01	  -9.6484920039613453e-02	  -4.8781945929575903e-02	   2.6167176463518838e-01	   3.1926504635371039e-01	  -1.8830128933154433e-01	  -7.8659787202190135e-02	  -1.5060074490830319e-01	  -7.5406862795388538e-02	  -3.0734686650103676e-02	  -1.8787210893221377e-02	  -9.5090033475283397e-03	   1.0909129701502369e-01	   3.9688675325750133e-01	   4.1003651997089136e-01	   8.8389438070365936e-02	   1.8028274446207143e-01	   3.3695321369299475e-01	   4.9128463247950060e-01	   4.0349751014483876e-01	   3.6873757669164287e-01	   5.6429995224123231e-01	   4.7823645588089914e-01	   5.0065517591286257e-01	   4.5390763599481615e-01	   5.3994503484335254e-01	   5.9052854097239182e-01	   7.3233042724420372e-01	   6.1055442580379826e-01	   6.4684644333671315e-01	   6.1399539317990681e-01	   5.9920092853168572e-01	   2.7184909994781647e-01	   6.0205635993638995e-01	   4.6695192727326823e-01	  -1.2327872764601550e-01	  -2.9981418613071964e-01	  -6.0953020235660711e-04	   4.4551862820368986e-02	   4.6296234096654831e-01	   2.8104815607185296e-01	   4.1904889226069636e-02	   2.9683980852614988e-01	   2.2255246899576175e-01	   1.1210801443336214e-01	   1.4474347631602277e-01	   1.1938101872986913e-01	   3.5965350178157263e-01	   4.8641547446565736e-01	   1.8872012258771476e-01	   5.0321724919598954e-01	   1.6485721334983824e-01	   2.4272242006900380e-01	   1.5468248845505750e-01	   3.5976609782536273e-01	  -1.9218001847402522e-01	   1.0392106902382559e-01	  -6.3337538972097401e-02	  -1.0698495685647724e-01	   3.8555652618812014e-01	   5.0702851375920122e-01	   5.0611599019287157e-01	   4.1629545480217028e-01	   1.6054003779679632e-01	   1.4061122048142613e-01	   1.3527103751016145e-01	   2.7418929923415492e-01	   3.5987959310683248e-01	   4.5539868977626075e-01	   7.2725460084740357e-01	   7.4959100511734034e-01	   4.0789918795160612e-01	   2.7676427672251946e-01	   7.2708212358168534e-01	   5.2141742737223817e-01	   3.6867393418275063e-01	   7.4036147847222206e-02	   4.9925338395418611e-01	   3.8234686556049191e-01	  -1.8479495309334965e-01	   5.6183552735339148e-02	   3.5278128554558086e-01	   3.7002527427158305e-01	   4.1297749552896912e-01	   4.9062269459367219e-01	   3.3745860472970846e-01	   9.0969748673541725e-02	
   7.6215461143657248e-01	   0.0000000000000000e+00	  -1.5657194032832905e-01	   1.7680080538091170e-01	   1.4419671414193158e-01	   1.8914183910098645e-01	   3.0384682999020113e-02	   1.6086859370536993e-01	   4.4082299351120957e-01	   3.2108478321673944e-01	   4.8640039817702652e-01	   4.5680207384068949e-01	   4.3292856413478187e-01	   3.9848690076455273e-01	   2.8141259497232318e-01	   3.7554324768433162e-01	   5.8363647641494731e-01	   6.0903289526680870e-01	   4.4343418774284110e-01	   7.6305554175277801e-01	  -1.7848720499222004e-01	   2.0253691973202762e-02	  -5.3973702675111035e-02	   3.2872849417665467e-02	  -9.6993329702954267e-02	  -2.2493594096187678e-02	   6.6010332430473162e-02	   1.5328916226787356e-01	   3.8997192661670083e-01	   3.7998446315906975e-01	  -6.1669360384397146e-02	   1.1682420610407074e-02	   3.1029781539149903e-01	   4.5103225471991032e-01	  -7.2195692644245607e-02	   5.1603662425339154e-02	   1.9940002420347405e-01	   3.0679793838862535e-01	   9.0763046490430960e-02	   3.0181476476880420e-01	   2.2537640124386829e-01	   3.9084462426504846e-01	   3.7936944290890817e-01	   3.9798752817192484e-01	   1.2540979677824166e-01	   2.1887731858444415e-01	   3.4245395407434781e-01	   4.8223998667148288e-01	   3.4755603593640011e-01	   3.7315252762986573e-01	   4.2531597668256821e-01	   4.0637328024844344e-01	   5.5465634492510851e-01	   4.3341420056969460e-01	   5.1994496420207503e-01	   5.9044426866900945e-01	   6.3169647812131147e-01	   6.7956958733664918e-01	   4.2283089039198191e-01	   5.1341520565174292e-01	   4.6954699994228621e-01	   3.1104645212291793e-01	   6.3025782361836769e-01	   5.4207685846785481e-01	  -9.6105530514444176e-02	  -4.5651951842556424e-02	  -1.0095603235497144e-02	   5.5375780493033169e-02	   6.3291829863140137e-01	   4.0149997615006305e-01	   1.5035834935703946e-01	   4.3780990386239799e-01	   4.6259759559463431e-01	   2.2671165626541931e-01	   3.1814369672753873e-01	   3.2282888385124303e-01	   4.3658709115506583e-01	   6.4859300157966904e-01	   3.7972198070843510e-01	   5.1639627015031653e-01	   4.8552655295551772e-01	   4.9844791602937405e-01	   3.0106398824180541e-01	   5.6395391100510195e-01	   1.0144346317408806e-02	   4.0162085260060687e-01	   1.1376282371488505e-01	   7.5688261280954766e-02	   4.5509745186085476e-01	   6.6014920147261480e-01	   5.8281179166322028e-01	   4.9001998470879637e-01	   3.7150177026094378e-01	   2.5031409334530197e-01	   3.1458236309626642e-01	   4.9614553515285875e-01	   3.6424460869872605e-01	   4.3800242037035003e-01	   7.0337029812455232e-01	   6.4979467759662879e-01	   4.1518496672924848e-01	   2.9489944639585941e-01	   6.6777249208233591e-01	   3.7570062588848296e-01	   3.0738545819322333e-01	  -6.1549272706854299e-03	   2.9218786323308554e-01	   9.6274362991015994e-02	   1.5561187130936755e-02	   1.6763646098384341e-01	   3.5582816990233113e-01	   4.1394005875234474e-01	   3.9923930739220748e-01	   4.3746306680767377e-01	   4.1795695854151754e-01	   1.1008714717023010e-02	
  -2.1283664030212848e-01	  -1.5657194032832905e-01	   0.0000000000000000e+00	   4.4074086796990058e-01	   2.4949239739441639e-01	  -7.7018457314138649e-03	   5.5850041379706561e-01	  -6.8224855062025413e-03	   1.0481686500822343e-01	   2.0171717552635421e-01	   1.3044016624469826e-01	  -3.0200051135783545e-01	   1.5095228027883739e-01	  -1.8092714166104670e-01	   4.7175815395914544e-01	   1.8804018193207139e-01	  -2.8487541773404540e-02	  -3.8460527951241635e-01	   3.7825390068644704e-01	  -2.4343606660611056e-01	   6.8190981104219994e-01	   4.4012448199564563e-01	   9.1772767111730025e-01	   6.5397005363999927e-01	   8.2700641346967774e-01	   6.6559440511220536e-01	   5.3255914375169677e-01	   3.2484771149149766e-01	   9.6924703939272341e-02	  -1.1675492179070360e-01	   7.3486070713150098e-01	   6.1760516070727522e-01	   4.3143688450499901e-01	   1.1028030361671157e-01	   6.9100177373357641e-01	   6.2321121162115911e-01	   4.2034303701709219e-01	   1.6061032342305986e-01	   5.3101683665132837e-01	   3.3678248510607889e-01	   2.9429320385149244e-01	   3.3209623887603568e-01	   5.2316926186675095e-01	   2.8026569876909696e-01	   4.9382124211186212e-01	   3.4554315732872065e-01	   4.0457661749169538e-01	   2.3151246944380929e-01	   1.7148096037257654e-01	   1.2916231569584469e-01	   2.5251833879605096e-01	   8.8072900753159794e-02	   1.3431978652009266e-01	   1.6171316783641471e-01	   3.4374081910315840e-01	   5.0792468871705389e-02	  -3.1334374081626309e-01	  -1.9398363437183375e-01	  -1.2841179026921892e-01	  -2.7998095865342471e-01	  -2.0192098266689573e-01	  -3.9736031105125424e-01	  -2.3230364833600819e-01	  -4.5839386553854999e-01	   4.7683740750277975e-01	   4.9713190770708904e-01	   6.0577018214320499e-01	   3.3236903356506897e-01	   1.0932204316514106e-01	   2.5523511540666216e-01	   6.2650757887681963e-01	   1.0617571019553326e-01	   1.6683770169275777e-01	  -5.0401816603695339e-02	   1.7174933919321492e-01	  -1.0481407375125798e-01	   2.9225457416182105e-01	  -1.6438754474461251e-01	   7.4271072983062680e-02	   1.5600183837888446e-01	   1.2624573098233205e-01	   7.8837866612434956e-02	   7.1683392994786366e-01	   2.9064298488975449e-01	   6.1377764571856441e-01	   3.4550600033763645e-02	   7.6472611387967881e-01	   6.4748611253485233e-01	   2.4330641031201067e-01	  -6.4489686403695332e-02	  -1.3808658015935699e-01	   3.3811748309020773e-01	   3.0970098568474821e-02	   4.5031333092328363e-01	   1.4824600723936765e-01	  -4.0700952220249775e-02	   4.6956359661136715e-01	   5.5101101356298240e-02	  -3.8197821760836470e-02	  -4.9969266405208150e-02	  -2.4662355424451751e-01	  -3.3358126995083372e-02	  -2.7988122344554844e-01	  -1.8321820696373256e-01	  -1.0188857750910751e-01	   3.8787129743497850e-01	  -2.3596575587136098e-01	  -7.3391230771926746e-02	  -5.8645813686114739e-02	   4.5027429880171131e-02	   2.2913571497551116e-01	   5.0231811350484636e-02	  -1.0787723973410898e-01	   3.6280892499953289e-02	   3.1103981007378306e-01	  -1.8378213386784803e-01	
  -9.0043731915676550e-02	   1.7680080538091170e-01	   4.4074086796990058e-01	   0.0000000000000000e+00	   2.1064392155555486e-01	   3.2323143346388122e-01	   2.2019920585217823e-01	   5.1508009519007913e-01	   2.4141261998856922e-01	   6.3759734488433839e-01	   2.3313457652788871e-01	   5.1545290503964403e-01	   3.1272408111548838e-01	   4.5717123987476571e-01	   4.7922475416410859e-01	   6.3637099257882712e-01	  -4.1033728904730574e-02	  -2.0358908553513386e-01	   5.1238354159678083e-02	   1.1846063744414434e-01	   3.6549277284826370e-01	   3.7609060205302369e-01	   4.8247785531517251e-01	   7.4179098192416770e-01	   5.2473272759995004e-01	   6.9100786827928939e-01	   5.5972655523656600e-01	   6.0176488295504960e-01	  -1.5804389013004488e-01	  -1.9732020427512648e-01	   2.1502881875761842e-01	   2.9211810774332392e-01	   9.9049880121929182e-02	   1.6753905502172944e-01	   4.6727256516877713e-01	   5.2969905289753305e-01	   3.3668456039546280e-01	   3.1776385691955000e-01	   2.7035134178052211e-01	   3.8471698664403586e-01	   2.3392238685394459e-02	   1.2298998731194934e-01	   3.4822752484806863e-01	   2.2312179668456711e-01	   2.7801812089598821e-01	   3.0440322636431555e-01	   2.0941689300836966e-01	   2.5252958570478873e-01	   3.0522017759636150e-01	   2.3955318049100416e-01	   2.4020757865052386e-01	   2.2230133835138782e-01	   2.8989224952643611e-01	   3.1885383082368124e-01	   1.6991216333536147e-01	   1.5412611456452727e-01	  -2.7799715708609218e-01	  -1.5006460742743682e-01	  -1.1607028177070509e-01	   1.0769000943239049e-01	  -2.2120612592261202e-01	   8.3333519051269830e-02	  -2.2951452182380017e-01	  -9.2615580866321823e-02	   1.3084549649221833e-01	   6.6629474472973982e-01	   3.0867906006092116e-01	   4.4663327341105596e-01	   4.2245310383405932e-01	   4.4874546505174306e-01	   1.8661008298630483e-01	   1.4895963938357074e-01	   1.6004776882210355e-02	  -1.5771261093104375e-01	  -3.6309266271985094e-02	   7.1946580242196412e-02	   1.5213263082447656e-04	   1.0900645326356220e-01	  -1.4363483125217180e-01	  -1.4868996895432185e-01	   3.1822056594525250e-01	   2.2359481319697183e-01	   5.9986740926135473e-01	   4.9486731728545363e-01	   4.4348467973360384e-01	   5.6338538612635880e-01	   5.6599587905669735e-01	   6.2024780802662505e-01	   2.8722761993927287e-01	   3.5649729704998812e-01	   4.7280794589986064e-01	   4.2470409223766092e-01	   6.4077687835867159e-01	   4.7334468521420892e-01	   1.4332483907748814e-01	   2.8342906147248015e-01	   1.3259812388240150e-01	   1.6336322861629296e-02	   1.5795667642867045e-01	  -8.5007730895070063e-02	   2.5493419671645617e-01	  -1.7546531520971276e-01	   4.9660244388579355e-02	  -3.1490246029406499e-01	   2.5962967500136802e-01	   2.0931712333088676e-01	  -6.3958204356920970e-03	  -1.8251239547097808e-01	  -2.2559986649091851e-01	   8.2765700491293129e-02	   2.1730156628631386e-01	  -7.8935905832376863e-03	  -3.1726488737564749e-02	  -9.2286213480674964e-02	   4.2914083071026410e-01	   8.7794485495352681e-02	
   1.9673411966910692e-01	   1.4419671414193158e-01	   2.4949239739441639e-01	   2.1064392155555486e-01	   0.0000000000000000e+00	   6.9392543912423288e-01	   7.5935693375761848e-01	   5.2297064611508270e-01	   8.2332440518791350e-01	   5.3162707116367880e-01	   2.2154178599105839e-01	   7.3886540098806852e-02	   3.9641390203881055e-01	   1.1120903194877439e-01	   5.9422968479525951e-01	   3.2948922821642301e-01	  -1.6008656110404671e-02	  -2.2972486649664600e-02	   1.6746674360621000e-01	  -1.3942775899122130e-03	   2.8760670715972858e-01	   1.9830938010699778e-01	   3.4442745389148977e-01	   2.3865864355237609e-01	   1.3458769133968190e-01	   1.6061004331172762e-01	   5.2169457614840820e-01	   4.7517429805391498e-01	   2.0857506856710217e-01	   8.7567178785013855e-02	   2.6555562404113747e-01	   2.8104343618312144e-01	   4.0635639847583932e-01	   3.0832032279059829e-01	   2.3568730228281426e-01	   3.3526425390193404e-01	   6.5942371148801929e-02	   4.7936422785443862e-02	   1.9507846481342486e-01	   1.6738932268193388e-01	  -9.0259834265385835e-02	   1.7331141863637650e-01	   4.6620073052420669e-01	   4.7175506049487437e-01	   4.9885312409876204e-01	   6.1172379189788961e-01	   4.2030221739674645e-01	   4.4512489258228244e-01	   5.0614735020983814e-01	   5.9956781524048386e-01	   4.5361708751480856e-01	   5.9734216631487991e-01	   3.8921819954654158e-02	   1.4582236567208440e-01	   2.2691105427567443e-01	   2.2712323383554672e-01	   1.1051723592727660e-02	  -9.5873376545896026e-03	   5.5703297550307962e-01	   4.9706492129763646e-01	   4.3559417588476051e-01	   2.9296162722682795e-01	   1.0428678840143771e-01	   5.4615855842875809e-02	   5.8800713083742573e-01	   4.4269299046331417e-01	   6.4113969509532465e-01	   5.9918579396845817e-01	   4.2088785911073118e-01	   3.0026641200812243e-01	   1.3815653479261211e-01	   1.8256122243396694e-01	   2.3797762065934447e-01	  -6.2041943566796112e-02	   1.9924402756984769e-01	  -8.2667734609023380e-02	   2.0228747932249491e-01	   7.9636915137360459e-02	  -7.0172561291583169e-02	   7.1827583631051172e-04	   1.2624933141918254e-01	   2.4548458442183083e-01	   4.6605418719518565e-01	   2.8356883285432427e-01	   3.8705169034605047e-01	   4.4024548251737161e-01	   1.8938894070933970e-01	   2.4922331108129833e-01	   4.7358877450424713e-01	   3.0559043734954378e-01	   3.2174233451773809e-01	   5.2247721613756704e-01	   2.8844490680094731e-01	   5.6759190830589423e-01	   1.3810147727243960e-01	   1.4031804136215714e-01	   3.3642141405618659e-01	   1.7764351246688520e-01	   1.4099481043493700e-01	   4.0478272709454299e-01	   3.1263642041215045e-01	   6.1412299385145674e-01	   3.3543516944816709e-01	   3.9227953637017832e-01	   1.9663360277134373e-01	   2.2481252333014540e-01	   3.7562525309631743e-02	   6.6940824900029450e-02	  -1.6344640457899806e-01	  -7.5761921566823140e-02	   2.1708159443512973e-01	   3.8912833945802666e-01	   3.7549768239775111e-01	   1.7062377703084744e-01	   5.0463288270984258e-02	  -9.2897947666623668e-02	
   1.1122448846231747e-01	   1.8914183910098645e-01	  -7.7018457314138649e-03	   3.2323143346388122e-01	   6.9392543912423288e-01	   0.0000000000000000e+00	   3.8746450737604388e-01	   6.7532994670178748e-01	   6.3603657272250214e-01	   7.7335748132629623e-01	   1.5096805808713087e-01	   3.2034777330099751e-01	   3.6971287967158839e-01	   3.1426190395342729e-01	   3.7873254102284448e-01	   4.1415228011344241e-01	   3.4772174924587319e-02	   1.4549174027245113e-01	  -4.4003561213524459e-02	   1.5080122707364249e-01	   1.8881727201854620e-01	   3.4291935399346896e-01	   8.5098385064831236e-02	   1.6433556460550103e-01	  -7.1600620075645022e-02	   1.7288806041648955e-01	   5.0959446924040985e-01	   6.3424363008824713e-01	   4.6141877808898758e-02	   2.7327896700989666e-02	  -8.6211464822149531e-02	   2.6083762651044298e-02	   9.8337348491727414e-02	   1.4366138127621497e-01	  -7.7705258336789818e-02	   6.5650116068129843e-02	   3.8834088390104084e-02	   1.4944612327162349e-01	   5.8900083958675874e-03	   1.1747041796715141e-01	  -1.9927993321432008e-01	   7.4740994829962715e-02	   1.1074395225170597e-01	   1.0824924669551197e-01	   1.0462747881722900e-01	   2.5323685006483881e-01	   5.5186198124223443e-02	   2.2200974566666148e-01	   2.9504606197874206e-01	   3.6883505138008937e-01	   2.2882577982334484e-01	   5.0744558234937065e-01	   2.6915074888023981e-02	   1.2659570028568942e-01	   3.3764104408588333e-02	   1.2465890684261378e-01	   6.6009468489324444e-02	   5.7738209982158957e-02	   4.1078458640124793e-01	   4.8838381184283330e-01	   3.8938361990374909e-01	   5.6156294387030559e-01	   2.3101444020292614e-01	   3.2838384688346545e-01	   2.6100418760587840e-01	   3.3149376359209892e-01	   2.5539558215448011e-01	   3.4540355907617148e-01	   4.7670479274420474e-01	   3.6179619089364090e-01	  -9.7932770052844662e-02	  -8.4651613577573954e-03	   1.0781142713325145e-01	  -6.1615708156127470e-02	   1.3355868535061194e-01	   3.5329199190800985e-02	  -4.9197556047608650e-02	   1.3260929712115860e-01	  -8.1130368602426742e-02	  -8.1218720511859188e-02	   3.2456923494209367e-01	   3.9760784943415256e-01	   2.3385552630154960e-01	   2.9672532098457693e-01	   2.3772782112766805e-01	   6.5691603405166987e-01	   5.5127032383234395e-02	   1.3710161884431904e-01	   4.5465448560199340e-01	   5.0498289518881179e-01	   4.0209731427717627e-01	   3.0616757193570188e-01	   4.4591200437787565e-01	   3.7684843733009332e-01	   1.6166405273053303e-01	   3.3491022895805478e-01	   5.3584575721420107e-02	   6.6682587462747134e-02	  -4.2862059969571098e-02	   2.0631830804736767e-01	   3.6235315308009342e-01	   4.3959250830167790e-01	   2.0957866887205223e-01	   1.5614278745300877e-01	   1.5034461402082644e-01	   5.7018425295685474e-02	  -5.6432562469236891e-02	  -1.6348169893051817e-01	  -2.1299829745394133e-01	   3.9650222577503468e-02	   5.8193665243762183e-02	   1.7562954984072782e-01	   1.3607931565156617e-01	  -4.2187021300326179e-02	  -6.1178354655650212e-02	   1.1457227258652478e-01	
   1.7835350516671539e-01	   3.0384682999020113e-02	   5.5850041379706561e-01	   2.2019920585217823e-01	   7.5935693375761848e-01	   3.8746450737604388e-01	   0.0000000000000000e+00	   4.5822589201638686e-01	   6.1354162585557048e-01	   3.4298288398441257e-01	   3.6239108560243177e-01	   1.6153471459846948e-02	   5.3060025419659274e-01	   1.4199946448986209e-01	   6.4221998755745735e-01	   3.1716276912090774e-01	  -3.5736480717225037e-02	  -1.1569349977170655e-01	   1.9219995622318728e-01	  -1.0726027467080498e-01	   3.5807594541968940e-01	   4.5008146728871171e-02	   5.6560359641831237e-01	   3.8658087723288326e-01	   2.1471188310322406e-01	   1.5239867383366196e-01	   3.3279016122048866e-01	   2.6206077792743665e-01	   3.0449138612200710e-01	   1.7666487920412433e-01	   5.2231250718357847e-01	   4.6612870905223758e-01	   4.7632082563788047e-01	   2.4621908021498923e-01	   2.9345586704818150e-01	   3.6921823802893294e-01	   2.4390512960713984e-02	  -5.9985192184049164e-02	   3.0453712497089636e-01	   8.7511802183772511e-02	   1.3820857792087308e-02	   8.9777399637480992e-02	   5.1878677979445087e-01	   3.7283282303610099e-01	   4.4429275678513341e-01	   4.6338674741781172e-01	   4.9620679330242728e-01	   3.9609459545617859e-01	   4.0763984550465426e-01	   3.7055606488647841e-01	   4.9281951157129888e-01	   4.5788460709515411e-01	   1.7250763595655395e-02	   1.0497554388269700e-01	   3.5474088370402324e-01	   1.0899182990011441e-01	  -1.0773935333261934e-01	  -1.1105640753396195e-01	   4.9097747376506634e-01	   3.1508511381733473e-01	   3.9157852681236949e-01	   1.4864240302177148e-01	   2.6960951441145378e-02	  -4.1642480229263340e-02	   5.5394804674907572e-01	   3.5626707851198558e-01	   6.8601233618289770e-01	   5.4378683798851046e-01	   2.5299936789691030e-01	   2.4707915485531293e-01	   4.0998165957190957e-01	   1.2593009484992596e-01	   1.4659869434787609e-01	  -3.8323137575468513e-02	   1.6461475843704310e-01	  -9.2591569043327798e-02	   2.6780834965637851e-01	   3.6645529668688621e-02	  -8.2238661782649880e-02	   1.1767185980395113e-01	   8.9116563474063104e-02	   1.5380015490361515e-01	   5.6715182950015208e-01	   3.3290697024986299e-01	   3.6262819286222792e-01	   2.5464113714654568e-01	   2.9866893974149455e-01	   2.5720633426303480e-01	   4.1841825630992013e-01	   1.2074410321621459e-01	   2.2733638233180026e-01	   4.6581794664928194e-01	   1.8266387845204796e-01	   5.8492986777010714e-01	   2.7300453094971178e-01	   9.6829389145858230e-02	   4.9072137491743495e-01	   1.0781175840203654e-01	   1.4928338672682376e-01	   2.4401212832966140e-01	   3.2950493721050877e-01	   4.6239291936652738e-01	   2.5450369187304944e-01	   2.8999235821422431e-01	   1.7296398740000907e-01	   3.5448762437727915e-01	   1.4615598487829856e-01	   3.0540328422038510e-01	  -2.7134921046493576e-01	   6.6151248116178049e-02	   2.5245713558477367e-01	   2.0841587628420524e-01	   2.4007614839734193e-01	   2.6192784636423322e-01	   3.0974978742181386e-01	  -8.6832942455468548e-02	
   1.1814223847424607e-01	   1.6086859370536993e-01	  -6.8224855062025413e-03	   5.1508009519007913e-01	   5.2297064611508270e-01	   6.7532994670178748e-01	   4.5822589201638686e-01	   0.0000000000000000e+00	   5.9053204372284518e-01	   7.4143204365000326e-01	   2.5366125862261157e-01	   5.1610915167999516e-01	   5.2300394552039819e-01	   5.8083534221360633e-01	   3.9332757851780464e-01	   5.1278221543335079e-01	  -1.3059641903762756e-01	  -2.1128739132092404e-02	  -1.8344263843855485e-01	  -1.5541131975304864e-02	   3.2353976007930454e-02	   7.4559967657810547e-02	   5.2598171923029138e-02	   2.3453887216406866e-01	  -1.1944097228525924e-01	   4.4688317658887207e-02	   1.8783208098713536e-01	   3.1946269768429436e-01	   1.9695264847358687e-02	  -5.9321661040511703e-02	  -8.4700085556745797e-02	   4.0941381247380809e-02	  -7.1602058985756223e-02	   5.0262151005241007e-02	  -1.4485444941660544e-01	  -1.7803721737050842e-02	  -1.2025878963867517e-01	   2.8173268515465723e-02	  -1.4823190789218087e-02	   7.3638020384779401e-02	  -2.1555707912493444e-01	  -1.0907378047731971e-01	   4.1673338416650059e-02	  -3.2748913564391177e-02	  -1.3266174503377584e-01	   2.4751938188788698e-03	   3.6643843208852750e-02	   7.5106637101470586e-02	   1.3367649170874740e-01	   1.5222725006725887e-01	   2.3561418080723120e-01	   3.9068173062926781e-01	   1.8039943734432748e-01	   2.0731713613769701e-01	   1.0061885860362132e-02	  -1.7041312897350839e-02	  -1.2089812429451376e-01	  -1.6104059003505972e-01	   3.1211017095180899e-01	   4.2220897404054736e-01	   2.8005514465419218e-01	   6.6325305133787149e-01	  -4.7637838579803429e-02	   2.2166785358852109e-01	   2.0115537674374603e-01	   3.6169460046931379e-01	   9.8614718964846498e-02	   2.3189738066260263e-01	   3.3696541042340045e-01	   2.7063761002100900e-01	  -4.3104235706161877e-02	   5.5737467362646148e-02	  -5.9984692263578443e-02	  -1.8284269789919286e-01	  -1.1320017455805403e-01	  -8.4001453329014403e-02	  -1.8856429902073968e-01	   8.2574349657914770e-02	  -1.7720797761736534e-01	  -2.1267952402217785e-01	   1.2825583281294584e-01	   1.4276438772541938e-01	   2.1576675528450395e-01	   2.4041734655026770e-01	   1.5069985037277286e-01	   5.4440837272068643e-01	  -8.6455459530359567e-03	   6.3862265846504632e-02	   3.7860266038071844e-01	   3.6554486039600365e-01	   5.4861787414912910e-01	   3.0714170726407214e-01	   5.3316001723141393e-01	   3.3232261209592973e-01	   7.2702502043893974e-02	   2.4261229451214067e-01	   2.3210689719385589e-02	  -3.3729796315926250e-02	   2.7963502523310250e-02	   1.8706668796256355e-02	   5.5447079249293929e-01	   1.8961798404420210e-01	   2.9557639043661466e-01	  -3.5120074510287605e-02	   2.7808321745735209e-01	  -1.0395040323333446e-02	   8.2179766982794875e-02	  -9.9980579447457377e-03	  -3.4677624897660531e-01	   3.9173648886663540e-02	  -5.9034673136375407e-02	   2.2117867022858829e-02	   1.6105075355520093e-01	   1.4639451025290418e-01	   2.9896123416896159e-01	   1.1369272019337046e-01	
   4.6871598158223227e-01	   4.4082299351120957e-01	   1.0481686500822343e-01	   2.4141261998856922e-01	   8.2332440518791350e-01	   6.3603657272250214e-01	   6.1354162585557048e-01	   5.9053204372284518e-01	   0.0000000000000000e+00	   6.2690331051713533e-01	   4.4812779673289327e-01	   2.6781085676055333e-01	   5.7994399876223657e-01	   3.5802489144913935e-01	   5.8089358799009339e-01	   4.2798812812453985e-01	   9.6430902120870465e-02	   1.3102328601966240e-01	   3.2214026092525594e-01	   2.2525521392553188e-01	   1.1417761718049799e-01	   1.4002647070117591e-01	   2.0932021571802284e-01	   1.5156382534265769e-01	   1.3046201075665663e-02	   5.6765307699397735e-02	   4.2199635069223762e-01	   3.8815578279091600e-01	   2.4996694309294681e-01	   1.1458088355704202e-01	   1.2568813832684717e-01	   1.7671179674150950e-01	   2.9364396910443125e-01	   2.5332744317416050e-01	   5.2613222248798025e-02	   1.8525766287787526e-01	   6.4794009351617610e-02	   1.2910207598099002e-01	   1.1474925042879949e-01	   2.0686283532840280e-01	  -7.2579385476024952e-02	   2.1800149929519155e-01	   3.7467209878582891e-01	   3.9880055278570015e-01	   2.9489949896877649e-01	   4.3830686828321352e-01	   3.2509163149113746e-01	   4.7717495476591698e-01	   4.5313534623172880e-01	   5.6762586319510444e-01	   5.0176675952627581e-01	   6.5798552918708841e-01	   2.6631457254690172e-01	   3.6417179531139177e-01	   3.1780201277489140e-01	   3.5938474265434062e-01	   2.4905918825034457e-01	   1.0155810873955631e-01	   5.5609214753141423e-01	   5.5997288805401557e-01	   4.8130779551024627e-01	   3.9093403328197052e-01	   1.9298935227618841e-01	   1.5152200969662119e-01	   3.9137613934288090e-01	   3.0738164753825031e-01	   3.5989999617248197e-01	   3.6999048242464699e-01	   6.3972546108810646e-01	   4.6416531238867215e-01	   5.9785643986264611e-02	   1.6915938700909716e-01	   2.1110376585056287e-01	  -7.9944352613152858e-02	   1.1341037755181078e-01	  -6.6419679503876589e-02	   2.3809480887335926e-01	   2.0613207829426772e-01	   1.8574609591476197e-02	   1.2787299037780639e-01	   2.6275280380406618e-01	   3.7573129710907660e-01	   4.7888862501327678e-01	   3.8558654894960598e-01	   3.3300335067217940e-01	   4.9694875164790231e-01	   1.7342037400593552e-01	   1.7131395610489253e-01	   5.7879792275106012e-01	   4.5908454943837018e-01	   5.3274277859968278e-01	   6.6484898268271064e-01	   4.2064804334029332e-01	   5.7440218284146771e-01	   1.3339427966304415e-01	   3.1049414550786159e-01	   3.1095271005726732e-01	   2.8719705301910647e-01	   3.4982195157814344e-01	   5.5487106017637622e-01	   4.5651491448994164e-01	   5.4218438933551671e-01	   5.6069812762048477e-01	   3.8817747065363728e-01	   3.0562456996145776e-01	   8.5268864092460747e-02	   1.4366218694112823e-01	   6.0257456869289447e-02	  -1.9040761210276852e-01	  -4.0049719609025917e-02	   2.6467406159349038e-01	   4.1801941545629556e-01	   4.1517415964581977e-01	   3.1196215098829305e-01	   2.5220439347562440e-01	  -1.1489832836788484e-01	
   1.6137890843472477e-01	   3.2108478321673944e-01	   2.0171717552635421e-01	   6.3759734488433839e-01	   5.3162707116367880e-01	   7.7335748132629623e-01	   3.4298288398441257e-01	   7.4143204365000326e-01	   6.2690331051713533e-01	   0.0000000000000000e+00	   2.1699854391821716e-01	   3.7601980605823360e-01	   3.6107393932111942e-01	   3.5415431999600627e-01	   4.2968139867876498e-01	   5.0338320082084542e-01	   1.1226062152923721e-01	   5.2969261691755545e-02	   1.2933103426359244e-01	   2.5262043922886812e-01	   2.6380152527743966e-01	   4.5005340916190539e-01	   2.9103821155205761e-01	   4.5526251544594026e-01	   2.1070610159706735e-01	   4.5311615982618730e-01	   5.2082968037705835e-01	   5.8145769027269301e-01	   8.1958613806729891e-02	  -7.0851805798112455e-02	   1.5259064283102608e-01	   3.0939275300475216e-01	   1.8491960973878230e-01	   2.2425534482546833e-01	   8.4921643014140805e-02	   1.6803507847626387e-01	   1.6542340069658221e-01	   2.8562455151126448e-01	   1.4075755656722788e-01	   3.6996169582896848e-01	  -2.3278107132010600e-02	   2.1891056043816359e-01	   2.5728318377426135e-01	   2.0963212427353189e-01	   1.3388414831093928e-01	   2.3849784798474505e-01	   1.8333020167709305e-01	   2.8132238075282445e-01	   2.3654013274285551e-01	   2.9016183926073685e-01	   3.0633571335754173e-01	   4.2344330164892596e-01	   3.4240388703402830e-01	   3.1676092578512460e-01	   1.4051216634003927e-01	   2.2142360982804696e-01	   5.0970653669031488e-02	   1.4183867056092014e-01	   2.1821281541801155e-01	   3.5099960465253877e-01	   1.9287897896017925e-01	   4.6384391225730459e-01	   1.1778199622220017e-01	   2.5287822435109258e-01	   2.2485355674244523e-01	   4.3929161455054849e-01	   2.3177791671213888e-01	   3.1129286166375969e-01	   6.3596421715932139e-01	   5.0510097464783410e-01	   9.7121004688643736e-02	   1.0425020990105682e-01	   2.2671561847725713e-01	  -9.1144033633939803e-02	   1.2192925235091502e-01	   6.0360613797971446e-02	   2.9073515847754007e-02	   1.5989111698673736e-01	   8.1059760898007926e-02	   2.6400935510803872e-02	   3.8561143170267870e-01	   3.8213764582304521e-01	   4.2225421146754083e-01	   4.5347439131640854e-01	   3.4186049081262099e-01	   6.6764244593271826e-01	   2.8915377085304439e-01	   4.1291610329666739e-01	   4.4975940324583230e-01	   5.5178760872663446e-01	   5.1916004976786034e-01	   5.2036614235699075e-01	   5.2285801824972822e-01	   4.2389189053495074e-01	   1.9581302072142887e-01	   4.2791809176980050e-01	   1.7360146697678386e-01	   1.9737447776473338e-01	   1.3570226433815819e-01	   2.6254103520279903e-01	   2.7119363121153106e-01	   1.6309162490954035e-01	   1.9909905616763038e-01	  -4.6201584984136151e-03	   2.0574199920864916e-01	   1.3175511166108247e-01	  -1.0217539380409030e-01	  -2.2960154673081076e-01	  -2.1294411739202465e-01	   1.1956634440582099e-01	   9.3654882603621481e-02	   2.2574465585848297e-01	   2.3709143724921825e-01	   1.7024058382545137e-01	   2.4385517136941876e-01	   1.3701862949169351e-02	
   5.3354200244759054e-01	   4.8640039817702652e-01	   1.3044016624469826e-01	   2.3313457652788871e-01	   2.2154178599105839e-01	   1.5096805808713087e-01	   3.6239108560243177e-01	   2.5366125862261157e-01	   4.4812779673289327e-01	   2.1699854391821716e-01	   0.0000000000000000e+00	   3.8974892560110991e-01	   8.2970615179687646e-01	   6.0529000395862376e-01	   6.2313765171063507e-01	   5.5211598478929502e-01	   3.3320743225663796e-01	   2.6052229889164596e-01	   3.3865314107181987e-01	   3.3047382482497362e-01	  -1.5040751836405174e-02	  -1.4812650881252018e-01	   1.8511591515752057e-01	   1.0013775799965290e-01	   4.5077741687325562e-02	  -1.8316467515233449e-02	   2.2887452956700519e-01	   2.3369240948275810e-01	   3.5707383607357240e-01	   2.6724690689169822e-01	  -3.7008665825985124e-02	  -2.1787783389951132e-02	   8.9234079761932442e-02	   8.9729491880916210e-02	  -5.6731529000744033e-02	   9.6124403406206510e-02	   2.9394960178379975e-02	   1.7319072998047919e-01	   7.6449914227244481e-02	   1.9713521848718502e-01	   1.5643067355530621e-01	   2.3613164232175335e-01	   2.8378788536571692e-01	   2.3117271540901152e-01	  -5.4878046244980078e-02	   8.3264755423910847e-02	   2.3290935367226212e-01	   3.4952591597678617e-01	   1.5295009817499650e-01	   1.8385884658566604e-01	   4.5178007541644272e-01	   3.9994205262556815e-01	   3.2712724414655897e-01	   3.6183713838148274e-01	   4.8734973730373432e-01	   4.1762178921676785e-01	   7.8886959858474645e-02	   8.8642499215108500e-02	   3.2538047239040285e-01	   2.8950455841397732e-01	   3.6733003133743947e-01	   1.9536827527145637e-01	   1.6235910416930796e-01	   9.5817028053977488e-02	   7.0130533131669393e-02	   5.9982482831418674e-02	   3.9783068922705007e-02	   8.1888043213170392e-02	   4.2849086007379761e-01	   5.4657279997717312e-01	   9.9437901828856534e-02	  -5.3488456442317867e-02	   1.9422276863992655e-01	   1.0570952480156096e-01	   2.1857823237106150e-01	   1.5663276080397914e-01	   2.5210497063826565e-01	   2.1466191722880618e-01	   2.3482785334322942e-01	   3.4865173004210948e-01	   2.9618612650186699e-01	   2.3731303006242943e-01	   4.7492102035544459e-01	   4.8915406489255020e-01	   1.5484017641345613e-01	   2.2595952500773611e-01	   1.7133433794409955e-01	   1.4035645180156897e-01	   4.6813930891214728e-01	   3.3322456709164683e-01	   2.3997070572252280e-01	   4.0184671507488900e-01	   1.4746756969108538e-01	   2.9169816429470674e-01	   1.4388651194832877e-01	   2.9162901102485939e-01	   3.1310934596245371e-01	   1.1281252399545152e-01	   3.4096400117728676e-01	   3.1515647373070471e-01	   2.5959832456505050e-01	   1.3974152965198411e-01	   3.9431434281686223e-01	  -6.5232010125378381e-03	   2.2648124255404156e-01	   1.6561879412366146e-02	   4.0671347866091401e-01	   8.5285726610612386e-02	  -3.7678408483803094e-01	  -1.6779558902298214e-01	   2.8184189680585614e-01	   1.2631866530774852e-01	   9.8343708123866183e-02	   2.0530973128981633e-01	   4.7956734807541868e-01	  -2.0264214329277064e-01	
   2.7800300153452123e-01	   4.5680207384068949e-01	  -3.0200051135783545e-01	   5.1545290503964403e-01	   7.3886540098806852e-02	   3.2034777330099751e-01	   1.6153471459846948e-02	   5.1610915167999516e-01	   2.6781085676055333e-01	   3.7601980605823360e-01	   3.8974892560110991e-01	   0.0000000000000000e+00	   4.9523176579407546e-01	   8.4066339599054474e-01	   2.9973880348796211e-01	   7.1556251963852580e-01	   2.2952028757465914e-01	   3.9146127998693470e-01	  -1.0185739198853576e-01	   4.8919640197258729e-01	  -2.2151601776636598e-01	  -2.3257195832899216e-01	  -1.9193583218730365e-01	   2.4822543826989085e-01	  -2.6920052955962548e-01	  -3.7779111296359129e-02	  -7.2381865444278576e-03	   2.1488066237367526e-01	   1.0367849392071159e-01	   2.7191511797439305e-01	  -3.0494988119329114e-01	  -1.7128911541557107e-01	  -1.0638332876939799e-01	   2.4152605067390398e-01	  -2.3482362504927390e-01	  -2.2616664961915774e-02	   4.6522203330993536e-02	   2.1853223193063459e-01	  -4.6328878466161419e-02	   1.0315783897445935e-01	  -6.2410528369510151e-02	  -1.2552709018112723e-01	   8.9919997228329607e-02	   1.1725127611407099e-01	  -8.0057154300047742e-02	   9.1384866231223633e-02	   1.1972465680297437e-01	   2.7623264496941669e-01	   2.7197700274585157e-01	   1.5001508879453918e-01	   2.0176531450307977e-01	   2.1606360557853438e-01	   2.0053501194324302e-01	   2.0234334532165713e-01	   1.5321048978121790e-01	   2.2102215658829358e-01	   1.3509806569977656e-01	   3.9805824835700457e-02	   1.4827151810497924e-01	   3.7927434857114051e-01	   1.2492309097818197e-01	   5.8688533535975795e-01	   1.7008508457316171e-01	   4.7035568922930571e-01	  -2.1452983036325063e-01	   1.8765855852735558e-01	  -1.6251393131658926e-01	   1.5490099808415911e-01	   3.6396547574476384e-01	   2.3998606692488805e-01	  -1.3554140308106521e-01	   4.7121182210376984e-02	   1.2546529581253079e-02	   1.2087863049407443e-01	   2.8158987276563685e-02	   3.0624230945125330e-01	  -1.0923602060099406e-02	   4.6518943880545444e-01	  -1.1507853019295905e-02	   4.2090949355818343e-03	   4.7837060511051932e-01	   4.1468139129512749e-01	   1.7871790663139386e-01	   4.6213161284434595e-01	  -4.4629283600013336e-02	   6.2692376154572238e-01	  -2.4959422814506985e-02	  -3.9138093811883108e-02	   1.8046745670744113e-01	   3.9540400336526182e-01	   6.0213283384428329e-01	   1.4482555550236442e-01	   5.2292179166245101e-01	   1.7550948328031754e-01	   1.7136859834903942e-01	   4.4176418543562013e-01	  -7.3553417715869734e-02	  -1.5611015532409712e-02	   3.6901286327035393e-01	   7.7655841720041224e-02	   5.9924034603076803e-01	  -2.6344793666634187e-02	   4.0341163069386043e-01	  -4.7430568935368872e-02	   3.3026934174493516e-01	  -1.3833869835082618e-01	   3.5919147569677018e-01	   9.5613446355441153e-02	  -2.1885967955681582e-01	   7.9651024012997035e-02	   5.5805357917382233e-02	  -2.4386067366337617e-02	   8.6845219161525641e-02	  -1.0276449411808528e-01	   2.4734013497276247e-01	   1.4607259387389404e-01	
   4.7556938490170869e-01	   4.3292856413478187e-01	   1.5095228027883739e-01	   3.1272408111548838e-01	   3.9641390203881055e-01	   3.6971287967158839e-01	   5.3060025419659274e-01	   5.2300394552039819e-01	   5.7994399876223657e-01	   3.6107393932111942e-01	   8.2970615179687646e-01	   4.9523176579407546e-01	   0.0000000000000000e+00	   7.3840518794904464e-01	   7.3737493028991008e-01	   6.6115895485365050e-01	   1.5748681069529430e-01	   1.8764027655070320e-01	   1.6041985146148480e-01	   2.3590934532626012e-01	  -6.0018276561803120e-02	  -1.4989450763790263e-01	   1.6252255271063384e-01	   1.5415517329555350e-01	  -3.0511831673699516e-02	  -7.3644318500872136e-02	   2.5479193781281001e-01	   3.3170578504115739e-01	   2.4352277571374026e-01	   1.8310251724903270e-01	  -9.1454667810587337e-02	  -8.1203337128494896e-02	   1.7976528420130783e-02	   4.0399872555147001e-02	  -8.9209080830876877e-02	   1.0492684298076668e-01	  -5.2464717085679791e-02	   4.3490470349643574e-02	   4.5424059190909180e-02	   7.2036606673957379e-02	  -3.4146951293296583e-02	   6.7018517988133741e-02	   2.8046775338694729e-01	   1.3450984443054373e-01	  -6.9569970752777335e-02	   6.5013960963556411e-02	   1.7726487422597198e-01	   3.0212438980675466e-01	   2.3847541855730983e-01	   2.5187319011207243e-01	   5.0811984417144984e-01	   4.9522174085836379e-01	   2.8376148436605170e-01	   3.8987452920594556e-01	   4.2990603046043263e-01	   2.6858664471009552e-01	   7.8599857511602450e-02	  -3.4274134315920440e-02	   4.1916734075135909e-01	   3.7037743580684690e-01	   3.8945478753511698e-01	   3.7409057063416890e-01	   8.6831159967686922e-02	   7.9968412236560454e-02	   1.1523396623456575e-01	   1.3598518238338991e-01	   7.7541022115311720e-02	   1.3464862048433870e-01	   4.7307200544516115e-01	   4.8774138606534673e-01	   4.6021564906572533e-02	  -1.2573706465325915e-01	   3.9726848165966847e-02	  -9.0242183302586987e-02	   1.4285415502541058e-02	  -7.9762191617646222e-03	   1.3391242657879349e-01	   1.6297197569699970e-01	   9.2172209269111197e-02	   1.9769085338620479e-01	   2.9934963398000436e-01	   2.4114562181949506e-01	   5.0244070916502814e-01	   4.8658701748284855e-01	   1.0549465874852221e-01	   3.1187313872521460e-01	   1.4795747485358018e-01	   6.1869928566837713e-02	   5.3301604812942172e-01	   3.8000762311427155e-01	   4.0393412724232453e-01	   4.2535415624921780e-01	   3.5130859491674260e-01	   4.7284198019780110e-01	   6.6542860884974325e-02	   2.7367209235488599e-01	   2.0284635799701617e-01	   1.6387964758169442e-02	   2.3490323446822020e-01	   1.8747978145061503e-01	   4.4612150900854075e-01	   2.4821416978850708e-01	   3.8695189187282741e-01	   5.7705897105753585e-02	   1.9691495822570285e-01	  -4.3244078661947363e-03	   3.2647000787221014e-01	   1.5099999553228716e-01	  -4.7049851048330227e-01	  -1.1804165094013336e-01	   2.3261342701212043e-01	   4.3668316514890448e-02	   5.3260687540965274e-02	   8.6390423434933555e-02	   3.9974159550124333e-01	  -6.2810253955587161e-02	
