   0.0000000000000000e+00	   7.1318721341596336e-01	   4.5379703071519784e-01	   3.9324633208241949e-01	   5.2601243853710500e-01	   2.8968603183472519e-01	   4.9245703366383331e-01	   3.8842572812622372e-01	   6.8726065642637627e-02	   2.5347421137212212e-01	   7.5961169877288781e-01	   3.3075973023949212e-01	   4.9718269384904984e-01	   2.2477012123747475e-01	   3.9713919925678864e-01	   2.3230719588820212e-01	   4.5315770489276519e-01	   4.3077208055989369e-01	   6.3498200830361229e-01	   4.8234473886017315e-01	   6.5847783120171005e-02	   1.7461501914902633e-01	   3.5126789514207807e-01	   2.6964256448951263e-01	   3.7504006178525251e-01	   2.2980597348381820e-01	   3.1863938103254152e-01	   2.8059111007862952e-01	   2.5449899220306760e-01	   2.0259672417007313e-01	   1.9382159238482488e-01	   2.2639210853490244e-01	   5.0168498902537706e-01	   5.3824711536091441e-01	   4.1616457533412660e-01	   3.2472991095787429e-01	   2.9862409535576101e-01	   2.2010629411035856e-01	   3.5242503316947194e-01	   3.7244908971239121e-01	   3.8577448899388028e-01	   2.7870876920098620e-01	   4.3005979431819286e-01	   3.8767409475100073e-01	   2.3189392546313856e-01	   3.7501236910601388e-01	   4.6325973061145798e-01	   5.1966045908331093e-01	   2.1193101326628389e-01	   3.4752277795995312e-01	   4.1966883756652729e-01	   4.3170674340506998e-01	   5.3605432531376962e-01	   4.7840533371212990e-01	   5.2187153702750333e-01	   6.0463594770383011e-01	   7.3772932560049642e-01	   6.4367399433872707e-01	   4.6854726689694548e-01	   3.5685596786819535e-01	   4.5336968850334469e-01	   1.3963538706738970e-01	   3.5716494222155998e-01	   8.0857646545884815e-02	   4.9131854800029279e-01	   3.6946990114650480e-01	   4.5093068099355688e-01	   4.3888575025504761e-01	   3.4468335954964668e-01	   3.5695018230951236e-01	   3.6431580730982538e-01	   2.3691542877263011e-01	   3.5629311839851202e-01	   2.3333195849328067e-01	   3.9292468911051215e-01	   3.4998033743011592e-01	   6.1495459803521713e-01	   4.6732530835640390e-01	   4.7743873172260576e-01	   1.9435867267461668e-01	   3.0128260868618967e-01	   5.5199277688020265e-01	   5.8130928929477499e-01	   5.7531086265379972e-01	   6.1136876904049853e-01	   5.9028342072423923e-01	   5.1834206571155561e-01	   4.0305366517694352e-01	   4.3940141074861705e-01	   5.2467851127141307e-01	   5.2660510827689533e-01	   5.8010564000711617e-01	   2.7560325394947827e-01	   5.1134912368479901e-01	   1.6102705225655545e-01	   2.6987171726375814e-01	   4.1615434265895179e-01	   4.4810826965765338e-01	   6.2309900776352678e-01	   7.6151658969404856e-01	   4.6680014131073644e-01	   5.8048547709980924e-01	   3.0244738445733288e-01	   5.5106637673344205e-01	   2.2933785149287117e-01	   3.8200419994263657e-01	   1.7854714741512662e-01	  -3.4460972563414204e-02	   4.0006330052686384e-01	   2.0540266060711421e-01	   3.9701385775439241e-01	   4.5460229399357538e-01	   3.6450680162327731e-01	   3.8886871739634410e-01	   3.2804879124821229e-01	  -1.5698089528555692e-01	
   7.1318721341596336e-01	   0.0000000000000000e+00	   4.5356473804813953e-02	   9.6670630195100193e-02	   2.1147331024960528e-01	  -8.1192096696192359e-02	   8.2755004415786079e-02	   1.1743628952532627e-01	  -2.9160541118932837e-01	  -6.4084995967531949e-02	   6.2239274571579839e-01	   4.3153690110114235e-01	   1.5724401726213216e-01	   7.8551378689197635e-02	  -2.3278196640912612e-02	  -5.5711951747091482e-02	   6.2262400516153016e-01	   6.8249358120359371e-01	   6.6802678514911606e-01	   5.5793278589896866e-01	   2.5959462378414750e-02	   8.9816291213582235e-03	   4.1980480556071863e-02	  -4.4559827347960032e-02	   1.7872808672661461e-01	  -2.9158365895866488e-03	   3.5015126891648721e-02	   3.1773913752991129e-02	   3.1639858517191488e-01	   3.5546422084962803e-01	  -4.6556281865027548e-02	  -2.2263321109957440e-03	   4.7337120966870788e-01	   4.2401859980244849e-01	   2.1326047137579657e-01	   1.1999970289080562e-01	   3.5884809115298444e-01	   8.6929933202199355e-02	   1.7526624020672316e-01	   1.6594084282985680e-01	   4.6664488586886654e-01	   2.2196889103921866e-01	   2.3994847261881375e-01	   2.9398722733077887e-01	   2.8224633814434387e-02	   1.1096808287626728e-01	   2.8120314666686719e-01	   3.0846840790412788e-01	   1.8290857415498271e-01	   1.6626348167559965e-01	   2.6468715008561844e-01	   2.0095973918914059e-01	   3.8119616903639919e-01	   2.4101319790319511e-01	   2.9807021893373009e-01	   3.5856231461463028e-01	   8.1701535274120918e-01	   7.2034932242964822e-01	   2.4802713354851064e-01	   2.6453803817675742e-01	   1.7231836228351194e-01	  -4.9970187073533019e-02	   4.7856296470018789e-01	   1.8049702133487028e-01	   2.0205229616290687e-01	   1.5809079650997368e-01	   3.1909002471985742e-01	   3.2518628471122185e-01	   2.4479782902392544e-01	   2.1609497552761356e-01	   2.4067153011335018e-01	   1.5526426823587983e-01	   5.8144296572272580e-01	   5.4482462863529979e-01	   6.2298265639161565e-01	   5.2283374354448597e-01	   7.2522030690377259e-01	   6.4226470169872663e-01	   4.7509679825515028e-01	   2.7683530428267605e-01	   3.4453373712168794e-01	   5.0038017915210720e-01	   3.5519641276439073e-01	   4.6160851535797892e-01	   3.2057777815346555e-01	   3.0227622613339389e-01	   3.7416479334865643e-01	   2.2913652872933776e-01	   1.2752865731722002e-01	   2.2587400859552553e-01	   4.0721428167525520e-01	   4.1023886105715757e-01	   1.9040649023251061e-02	   2.5199827038823253e-01	  -7.5517148548519833e-02	  -6.0039700791628584e-02	   1.7754546349575567e-01	   2.5900104867690887e-01	   5.0754438335466212e-01	   6.6621862251488828e-01	   1.6654503593068506e-01	   3.9513542278919928e-01	   3.9109621046407772e-01	   5.9553198666943608e-01	   1.9430055572276628e-01	   2.2002720660851230e-01	   2.3658859782253688e-01	   1.0632004160860907e-01	   2.1773614348230430e-01	  -7.1751296236341161e-02	   3.0608834559270681e-01	   4.0841885711315845e-01	   3.0223598624342130e-01	   3.9012094739445058e-01	   1.3027210844132947e-01	  -2.0974448589949224e-01	
   4.5379703071519784e-01	   4.5356473804813953e-02	   0.0000000000000000e+00	   5.8892308529790294e-01	   7.2139374267634082e-01	   5.3929187771348364e-01	   7.7972448977828002e-01	   5.1987554763754062e-01	   4.7570333870570847e-01	   4.4512824351893715e-01	   2.4890709021813504e-01	   1.4085965900535569e-01	   5.1835862495511364e-01	   2.8682418874363358e-01	   6.8294927958130336e-01	   3.9606749902797689e-01	   8.4798940516073132e-02	   4.2980336057276282e-02	   1.3543055722908084e-01	   1.0332374421564819e-01	   3.6508265795154982e-01	   1.9417496264711612e-01	   6.7401490305113887e-01	   5.2871758615916042e-01	   5.9487775462884662e-01	   5.0457709006032103e-01	   6.3122045602601662e-01	   4.9415487936945840e-01	  -6.7014525403683217e-02	  -1.0028781207648424e-01	   4.6908601185114285e-01	   4.0197846068682452e-01	   1.3838517503610925e-01	   3.6127562173749961e-01	   6.8107969982998440e-01	   5.7336306352696731e-01	   2.2565605943106151e-01	   1.5104142893470035e-01	   4.2922135975215814e-01	   2.8066792830118326e-01	   5.8415515156639952e-02	  -2.7676485544928658e-02	   5.5934118655231613e-01	   4.2991647893386103e-01	   5.5182773724013412e-01	   5.4601573024658645e-01	   6.1913821632265820e-01	   5.5039367718510235e-01	   4.4890171370401244e-01	   4.9985052251525924e-01	   5.9797333409878362e-01	   5.2333369772113913e-01	   3.8311534865181562e-01	   3.5994505267271115e-01	   5.1391862327534421e-01	   3.9562261837901291e-01	   8.5256998592285610e-02	   8.5403881786245639e-02	   2.1571220420387371e-01	   1.3832497968258092e-01	   3.2892081808378615e-01	   2.4502161881672899e-01	  -2.5684836475253470e-01	  -2.7652559955903416e-01	   7.6457034736342211e-01	   5.4347864808236657e-01	   4.0266082257120200e-01	   4.1406500712020444e-01	   1.1571715148382858e-01	   2.1935388344222917e-01	   4.4084907193481715e-01	   2.7611795346171369e-01	  -4.0924035495711518e-02	  -2.0425761226830874e-01	  -5.9672584527335495e-02	  -5.2559635770277127e-02	   1.3438428738015257e-01	   1.7917064917400252e-01	   2.0075786071934201e-01	   3.2136798717655943e-02	   6.1387848862089575e-02	   2.3433052355257070e-01	   5.5739461465556095e-01	   2.5769532780226156e-01	   7.0484252521247726e-01	   4.7295510993107004e-01	   5.7388740861538579e-01	   4.1993493582445651e-01	   4.7912550159354272e-01	   3.7188509923606600e-01	   3.5578074869616572e-01	   4.2546930289409779e-01	   4.0624026421210802e-01	   6.0612951408329052e-01	   2.3709576070912211e-01	   3.0944807028755283e-01	   5.9027344235975210e-01	   4.1637851764492051e-01	   3.8840381549963282e-01	   4.0705642595955305e-01	   3.9937014540258675e-01	   3.9993619882733877e-01	  -5.5501619180952110e-02	   1.1376702931761139e-01	   1.8034195043906157e-01	   4.4562238763618933e-01	   5.2004751251444589e-02	   6.1451193678647306e-02	   2.0636790997901425e-01	   4.3899638805993108e-01	   4.8878402933875253e-01	   3.3010156239108396e-01	   2.7817872752818906e-01	   4.2476267491985625e-01	   5.0303208952597811e-01	   4.7087747081431659e-02	
   3.9324633208241949e-01	   9.6670630195100193e-02	   5.8892308529790294e-01	   0.0000000000000000e+00	   4.4011327441567344e-01	   8.2262723062685650e-01	   4.1886225100367636e-01	   7.1556346041894847e-01	   2.4508762945057172e-01	   7.0369418684044494e-01	   8.9673987934607152e-02	   2.7195257501178954e-01	   2.9294532420517508e-02	   2.9199115489308131e-01	   4.9828438539864406e-01	   5.6749413455212505e-01	   1.8196042167644022e-01	   5.2527609311914789e-02	   3.0441835824337771e-01	   4.4182901626842075e-01	   5.0463748890888993e-01	   5.2063843856455783e-01	   6.5985148920966952e-01	   7.9050110404904972e-01	   5.6731817888699820e-01	   7.5632759574881070e-01	   5.5436522799501564e-01	   6.6963988921804940e-01	   1.5129703432413827e-01	   2.4207144418518653e-01	   6.8525208207295241e-01	   7.8170773078549594e-01	   4.7374854727950255e-01	   7.1029355094200741e-01	   6.2412454682579488e-01	   6.2938410717141713e-01	   1.0574133332818054e-02	   3.1362264331746598e-01	   2.8621676302984589e-01	   4.9749858419525961e-01	   6.4515815468059651e-02	   1.1907501088498353e-01	   5.1251951795539685e-01	   3.1693915286080393e-01	   5.0781367735317262e-01	   6.1455751545953041e-01	   4.8407171264024612e-01	   5.3960350628468023e-01	   4.0906726874953464e-01	   5.6043820908431230e-01	   5.4262751977714796e-01	   5.9436808968394050e-01	   6.1661353115480821e-01	   5.9488983092877523e-01	   5.4909944702283475e-01	   5.1833884470415970e-01	   2.4078662314944627e-01	   3.9557377715110492e-01	   5.5962546593802009e-01	   6.0825729540405882e-01	   3.3624004231403953e-01	   4.3061355148870945e-01	   2.3774194218983129e-02	   1.2601996853210740e-01	   5.3362545593336264e-01	   5.8152940407097919e-01	   6.1084470504278876e-01	   6.4629485309601575e-01	   4.4061678995510484e-01	   6.7253312523633557e-01	   3.8074155903769930e-01	   4.7356943152233655e-01	   1.3409671565640885e-01	   5.1964668122627677e-02	   4.7351887836841307e-02	   2.4927383472822273e-01	   2.4877555302014018e-01	   3.7844364243330625e-01	   3.0917203271068605e-01	   2.2496176539230867e-01	   2.6297934528597822e-01	   3.3230462272604933e-01	   6.5089792458914819e-01	   5.2345413038486710e-01	   5.9834005132639179e-01	   6.8033716209459349e-01	   6.0882217133631511e-01	   6.3313260493742274e-01	   4.4768665378304051e-01	   6.8427014851847379e-01	   7.3949963931486085e-01	   5.1538332955593824e-01	   6.3972477889935475e-01	   4.5653368866774702e-01	   2.6089561256683524e-01	   2.5072884728067707e-01	   4.9083490973041610e-01	   3.2037584283665643e-01	   5.5438352300723759e-01	   5.0695962631813773e-01	   6.0661227312563148e-01	   2.4787866926975330e-01	   4.3765055140835141e-01	   3.5936421928495471e-01	   4.7644703591467757e-01	   5.7710647265759707e-01	   2.7854104111359555e-02	   2.0081823299273999e-01	   1.3180611814085344e-02	   2.7181155359675246e-01	   3.4701989585595644e-01	   4.5347278828924309e-01	   3.8416605352358957e-01	   2.6378066248324183e-01	   4.4101744679368549e-01	   4.9498289523769471e-03	
   5.2601243853710500e-01	   2.1147331024960528e-01	   7.2139374267634082e-01	   4.4011327441567344e-01	   0.0000000000000000e+00	   5.7508054939306907e-01	   6.1532511536445100e-01	   6.4985429503172953e-01	   6.3086968732422122e-01	   6.0739068328418566e-01	   5.0093613827871031e-01	   3.6244007596143907e-01	   4.8411510089532328e-01	   5.3305940894519266e-01	   6.1916770083247974e-01	   3.8036798981439601e-01	   3.8690533324565024e-01	   4.1304455232832255e-01	   2.8382624223257341e-01	   3.2588097487510986e-01	   4.0886525979305760e-01	   4.2596184516167368e-01	   5.3911302507260772e-01	   5.1599834526081312e-01	   7.2030552231902889e-01	   5.1463105803597875e-01	   8.3338824758260888e-01	   7.3650902800119078e-01	   1.7927712047336000e-01	   1.0145856569640421e-01	   3.9102428388967342e-01	   2.9249596354653595e-01	   1.4083501023984479e-01	   3.2890618278057748e-01	   7.1049006414795790e-01	   6.8655416114523660e-01	   3.1492083845749985e-01	   3.1177252726515486e-01	   5.4528008248746551e-01	   3.9431360851214459e-01	   1.8086965508712952e-01	   2.4095659506231815e-01	   5.0618460903094620e-01	   4.3696410440171385e-01	   3.7808819138233496e-01	   3.7788225683369014e-01	   5.0120212877642556e-01	   4.8745167346058671e-01	   3.4375865781967874e-01	   3.5248626985347098e-01	   6.1127197677170653e-01	   4.8806578177879112e-01	   3.2713377604973815e-01	   2.6060674970247749e-01	   5.5277091227289177e-01	   3.2538972460056670e-01	   1.9212854068708388e-01	   2.0556648179584425e-01	   2.4857806674232316e-01	   1.7138744916058973e-01	   5.2322361009907314e-01	   4.0465396656080554e-01	  -2.1210170148996702e-01	  -2.2175154118041612e-01	   8.6458476283644781e-01	   7.7370769652270344e-01	   4.0557754622859638e-01	   4.0433979739774617e-01	   2.9297544957583166e-01	   3.3028488109134252e-01	   5.5677137208150540e-01	   5.4761251171871916e-01	   2.5679359549118408e-01	   2.4563307725308409e-01	   3.1412315381191491e-01	   2.2379074985231490e-01	   4.4413834191669371e-01	   4.7461736015961564e-01	   4.6356054556294712e-01	   3.1523979146455167e-01	   2.4424355483401788e-01	   4.3318759665324902e-01	   6.2364053878276127e-01	   4.3458624861630268e-01	   6.9406794767344748e-01	   5.6071989706119196e-01	   6.6927598699095314e-01	   5.3218073012227851e-01	   6.9384087084882895e-01	   4.3673368002259527e-01	   4.4819071208532135e-01	   3.3371901710716950e-01	   5.2629404296090809e-01	   5.8757032560997957e-01	   4.2295594464322095e-01	   3.3484516050352742e-01	   5.5016380582136726e-01	   3.9273128856987760e-01	   5.6478015957753658e-01	   4.0015145152076559e-01	   3.2528349977254289e-01	   4.2672771903994533e-01	  -6.7350239790435348e-02	   6.9556247731441950e-03	   2.3615495539198592e-01	   4.2835249823237564e-01	   1.4643774124474773e-01	   2.4540464489112013e-02	   2.1872317540185821e-01	   3.8392244624066957e-01	   5.1743214382301272e-01	   3.8737547877057521e-01	   4.3302215670452437e-01	   3.7717009539551288e-01	   6.1056169495917378e-01	   1.0936420997929694e-01	
   2.8968603183472519e-01	  -8.1192096696192359e-02	   5.3929187771348364e-01	   8.2262723062685650e-01	   5.7508054939306907e-01	   0.0000000000000000e+00	   4.9887595706433152e-01	   8.4054015599480114e-01	   5.5317452081231877e-01	   8.6230117619848656e-01	   1.9101623739003293e-01	   3.6936959643449757e-01	   1.5058032820803435e-01	   5.4526196605884603e-01	   5.8302387467576544e-01	   6.6082859840645836e-01	   2.5204583602680503e-01	   9.0352153680671024e-02	   1.8479146591464016e-01	   4.0310013068661077e-01	   4.5878683547930210e-01	   6.6419789882114211e-01	   6.0224753925032271e-01	   7.5507293880899873e-01	   5.4314254106386484e-01	   7.1842017395640323e-01	   6.4172003321853210e-01	   8.0745041991989452e-01	   2.4257082227610305e-01	   1.9341982464530821e-01	   5.6943454616683575e-01	   6.0944794692686854e-01	   3.6705175835340220e-01	   6.1032779813209292e-01	   6.1347845199375772e-01	   6.5575659185410462e-01	  -4.0358309081949565e-03	   2.7444760709926064e-01	   3.3537927308437032e-01	   4.8902560813779195e-01	   4.3207476706965085e-02	   3.0709366132880594e-01	   4.6189110623370783e-01	   2.8366420241779505e-01	   5.3231444467638389e-01	   6.2371623298504864e-01	   4.0653567220936726e-01	   4.6980198519680072e-01	   3.7781221743476334e-01	   5.3469214926056619e-01	   4.8907295319571303e-01	   6.1296404227150258e-01	   4.5055138291163171e-01	   5.5989828490007043e-01	   4.6738785840362529e-01	   3.8734391077482572e-01	   1.0158173000287077e-01	   2.8624281659553719e-01	   6.0194184384586791e-01	   5.9812227226805448e-01	   5.6907523992151887e-01	   6.0371125629143529e-01	   2.6177873303853891e-02	   1.5089623706872018e-01	   6.2645037486687793e-01	   6.3603064983850643e-01	   5.3444159933078295e-01	   5.4170071536705766e-01	   5.3404049201959158e-01	   6.5960584421174884e-01	   4.2417080964201043e-01	   4.8276349558475851e-01	   2.2942817602064575e-01	   1.5371424767009870e-01	   1.1441868311457555e-01	   2.2196102928088285e-01	   2.3978174035803912e-01	   3.0692472418316552e-01	   3.3354953393983333e-01	   3.2691857290482385e-01	   3.0209805691216612e-01	   4.2026597418065814e-01	   6.4227725253532164e-01	   5.3740824583566849e-01	   5.3685508864277587e-01	   6.4214104145868756e-01	   5.5574599934631674e-01	   6.4957706790009873e-01	   6.2798049094983255e-01	   6.4265210811953588e-01	   6.9977050687307130e-01	   2.9409007181153057e-01	   7.6532256119742481e-01	   4.1875600937911273e-01	   2.6677550531997474e-01	   3.4908980116672339e-01	   3.8837861060905887e-01	   2.2448203175126641e-01	   4.8604818840927250e-01	   3.1978283341165925e-01	   6.4967069946624656e-01	   2.8853326813901059e-01	   3.8683896121322997e-01	   1.4938383712816583e-01	   4.8416403167004851e-01	   5.4137363529166604e-01	   6.1311510469984905e-02	   1.6037285884794816e-01	   1.1027869161171142e-01	   3.0683746843047599e-01	   3.1851993550876384e-01	   4.7131266184165466e-01	   4.6733393349578289e-01	   3.1362885196250262e-01	   5.4183446675314839e-01	   1.4327693358431842e-01	
   4.9245703366383331e-01	   8.2755004415786079e-02	   7.7972448977828002e-01	   4.1886225100367636e-01	   6.1532511536445100e-01	   4.9887595706433152e-01	   0.0000000000000000e+00	   6.3682423121861942e-01	   5.3356876125704611e-01	   4.3304180015482541e-01	   3.9599264585918703e-01	   2.9410055074913699e-01	   5.8583070426917205e-01	   3.9635837178452904e-01	   5.1921100166862111e-01	   2.5582336977034026e-01	   1.4784838020144678e-01	   3.9265404004992441e-02	   2.4290284797653428e-01	   2.1765179849988275e-01	  -2.4649933220083019e-03	   5.4856202417726561e-02	   3.9743892532647512e-01	   2.5631835756435289e-01	   2.2707135758569436e-01	   1.7155587730854197e-01	   3.6474637805443866e-01	   2.9236302870990866e-01	   1.0942461557158741e-01	   3.6264010326908652e-03	   2.5472839212368475e-01	   1.5772635741450008e-01	   3.7126959986309421e-01	   4.9622713232730709e-01	   3.8514534418016988e-01	   3.2039368372446486e-01	  -3.3178632027494395e-03	  -9.3471601352577038e-02	   2.2792950159150288e-01	   2.4678903230221177e-02	  -5.0703222335090850e-02	   1.1905980120171780e-01	   2.6790799737269172e-01	   2.4538109126592866e-01	   4.3738599395695132e-01	   5.1923122112355813e-01	   3.2326490277602710e-01	   3.2617580076197261e-01	   3.2385323456521026e-01	   4.5075570249049185e-01	   4.5614289503227978e-01	   4.5205626525012305e-01	   2.7860977499719558e-01	   3.2804119384668384e-01	   3.2906666095388915e-01	   2.6660527876389434e-01	   6.9534181193207187e-02	   1.3639438891218802e-01	   3.4204529333998052e-01	   2.1846382463097458e-01	   5.5176003599912415e-01	   3.9573649275488915e-01	   5.6569530403316477e-02	  -2.5560467231907583e-03	   6.8134435157998896e-01	   4.6608668742479620e-01	   3.4115323215299076e-01	   3.2930377905880043e-01	   1.5723935083944535e-01	   2.3528038479319885e-01	   3.1808069713617720e-01	   4.5062937646992027e-02	   1.4629148130607345e-01	   1.1384126806194592e-02	   1.0253548093644309e-01	   7.9981138155326537e-02	   2.6694592435227121e-01	   2.1659066070812977e-01	   1.4682149065443270e-01	   4.2276175128369363e-02	   3.7832560293488762e-02	   2.0222300556369804e-01	   4.3302491067777077e-01	   2.4022793258592023e-01	   5.7431259442911309e-01	   3.6605439213806129e-01	   3.6931425972796617e-01	   2.2388929508205568e-01	   4.9066998756797875e-01	   2.6945128358721110e-01	   3.0000545056526012e-01	   2.7259087487874378e-01	   2.6989530141927620e-01	   4.9397193278072532e-01	   5.2307577568820603e-02	   1.1839918795684815e-01	   3.3156581306764715e-01	   1.8555935551288835e-01	   3.0800974624998806e-01	   2.9718162320338165e-01	   3.4050009553735250e-01	   4.3930448636993880e-01	   9.8201320236325954e-02	   2.3044373676368318e-01	   9.9706723556700128e-02	   3.4150071641149859e-01	   1.9549142793506036e-01	   4.3363336621815601e-02	   3.3778133223130102e-01	   4.0022880726095750e-01	   2.3066045817717823e-01	   2.8964209400938773e-01	   2.6878104258475788e-01	   3.2245194284749112e-01	   3.6652531781476100e-01	  -1.6768119570208495e-01	
   3.8842572812622372e-01	   1.1743628952532627e-01	   5.1987554763754062e-01	   7.1556346041894847e-01	   6.4985429503172953e-01	   8.4054015599480114e-01	   6.3682423121861942e-01	   0.0000000000000000e+00	   5.8600911127492561e-01	   8.6797358464130947e-01	   3.5958904885814746e-01	   5.4005420223427092e-01	   2.0690735441920879e-01	   6.9420527318682956e-01	   4.8571996561255254e-01	   5.0247355271023764e-01	   3.9945501850480786e-01	   2.5637994577830159e-01	   3.8926755682573300e-01	   6.0015001222285902e-01	   2.6708430686918616e-01	   4.2362390172963571e-01	   4.6424404369953465e-01	   6.1239040974769721e-01	   3.9817153635969749e-01	   4.5331083083507007e-01	   5.8201964272522544e-01	   6.9797650975080416e-01	   3.3050385745877758e-01	   2.8455683764991135e-01	   3.3985729630764050e-01	   3.9147803261546388e-01	   4.7238198552120814e-01	   6.5288127967702292e-01	   5.3866653090632899e-01	   6.3592610062149757e-01	  -9.2309815350778132e-02	   1.0266896371967515e-01	   2.2185044135284931e-01	   2.9111277378836858e-01	   4.8654217778431742e-02	   2.4899012655869590e-01	   2.9367411108457236e-01	   1.8758539386357204e-01	   3.4332645791992111e-01	   4.7645237499048254e-01	   2.7050108951427621e-01	   3.2869736929702065e-01	   2.5066537414495121e-01	   4.1600457267894075e-01	   4.5161726001690444e-01	   4.9191858159022445e-01	   3.2848915042041854e-01	   4.4164306393559710e-01	   3.9044727463407730e-01	   3.0336899681194773e-01	   1.6495932169957433e-01	   3.4010120969993451e-01	   5.3156730396918850e-01	   5.4330540054397913e-01	   6.8943582726970432e-01	   7.0524148427483591e-01	   1.3510255993704631e-01	   2.2334634692004168e-01	   6.9869123761940688e-01	   7.2062516932720599e-01	   5.0081861049971943e-01	   5.2427782079847618e-01	   5.3432373448900161e-01	   6.2193935145455304e-01	   3.9008826772264837e-01	   4.2409460851768743e-01	   4.2304742619846203e-01	   4.1299306088371757e-01	   2.8526302543570209e-01	   4.2756737774613890e-01	   4.4068023366604403e-01	   5.3565262723710583e-01	   3.8645983108984544e-01	   3.3619126429594931e-01	   2.8633828710585041e-01	   4.0694207565874096e-01	   5.4784910795874620e-01	   4.9730301172112817e-01	   4.8934081975186627e-01	   5.6099369702670399e-01	   4.5332575705178968e-01	   4.8496266732612542e-01	   6.5045775266030237e-01	   5.4816981102735451e-01	   6.9526386118786287e-01	   2.5627849038609529e-01	   7.1085325662872412e-01	   4.4250629027448102e-01	   2.3584773497267991e-01	   2.1372979488110455e-01	   2.6926005181875784e-01	   1.0471430353374822e-01	   4.9327708883063864e-01	   3.4402183134746189e-01	   5.7992220470689948e-01	   3.1771867902954487e-01	   4.0996710748777127e-01	   2.0907099244493677e-01	   4.2306763418016691e-01	   5.0462628137598831e-01	   9.3080869548706674e-02	   1.1556414321782212e-01	   1.6325981761975256e-01	   2.6926346030693737e-01	   2.7607373686803821e-01	   4.5698488858914171e-01	   4.8769420294593485e-01	   2.6687304304546061e-01	   4.3909374749829355e-01	   2.2729289681427234e-02	
   6.8726065642637627e-02	  -2.9160541118932837e-01	   4.7570333870570847e-01	   2.4508762945057172e-01	   6.3086968732422122e-01	   5.5317452081231877e-01	   5.3356876125704611e-01	   5.8600911127492561e-01	   0.0000000000000000e+00	   7.0902816801263380e-01	   1.4165272714768729e-01	   1.3202659883562201e-01	   3.2334232983649119e-01	   6.0784777309422633e-01	   6.1346541075172389e-01	   4.2033056958906773e-01	   1.8183799511083190e-01	   1.2119948073034401e-01	   4.2686545311622470e-02	   1.6580783545744643e-01	   3.1048075370666528e-01	   3.1587666553693217e-01	   4.0941288683104748e-01	   4.5742260881873664e-01	   3.2584517244752104e-01	   3.2096519542087998e-01	   6.4610627101560247e-01	   5.6913499026162917e-01	   1.4468297560959675e-01	   2.8882720696149682e-03	   2.6349273916850668e-01	   1.4501851326356172e-01	  -2.2951795240820222e-02	   1.1472184476743244e-01	   2.9000353014591546e-01	   3.7724278005397949e-01	  -1.0015021432002198e-01	   1.0220563015740931e-01	   2.6801786008992479e-01	   1.2246453331055687e-01	  -1.1386265943376733e-01	   1.9052170898827842e-01	   1.3721288093638864e-01	   2.3005984333809135e-01	   1.9181441221741577e-01	   2.4618035490067963e-01	   8.5821657946534041e-02	   1.8506714831409754e-01	   2.4982879582551271e-02	   1.1713186340331003e-01	   1.6489453122134162e-01	   2.7529685327659020e-01	  -1.6786256245866013e-01	   9.4462172481718981e-02	  -8.4461768519145733e-03	  -1.2929245631066494e-01	  -2.3048639491318410e-01	  -1.8904889618139412e-01	   1.1790916792686154e-01	   4.1999522922000982e-03	   4.2477725741478634e-01	   4.2840066320549675e-01	  -2.7029586295528890e-01	  -2.7149011588997796e-01	   5.2905433944372982e-01	   5.1960744259944192e-01	   7.3447539742655943e-02	   4.6964373431123529e-02	   2.8258199437741910e-01	   2.3798643709023118e-01	   4.5869945694828651e-01	   5.0973902335120980e-01	   2.2438146033814199e-01	   1.5467401976159545e-01	   1.7835343454276764e-01	   1.0094189433453095e-01	   1.5375906429499642e-01	   2.4420051373691509e-01	   1.2707766685669400e-01	   1.7203190124196510e-01	   1.0645774344553907e-01	   1.5000973289043887e-01	   2.5586862464030935e-01	   1.0567166304807733e-01	   2.9775926501875821e-01	   2.4502121566610702e-01	   2.8503137901985576e-01	   2.4721586108772209e-01	   5.0032379488728651e-01	   1.6051374022770448e-01	   2.4346982606028700e-01	   8.6336897051111916e-02	   5.2894813365983973e-01	   4.7418195492618970e-01	   3.3338109946723071e-01	   2.5636504123225146e-01	   2.2479353709737929e-01	   1.2999772608876886e-01	   1.5174244921683600e-01	  -1.3612001705314371e-02	   2.3581690399519292e-01	   2.8076458627078027e-01	  -1.5777540096040346e-01	  -2.3510822373462659e-01	   1.5539842124826470e-01	   3.1252413304699483e-01	   2.0788064821186558e-02	  -1.0782454058674862e-01	   1.1378338430588711e-01	   3.1774927852556728e-01	   1.9367779902959853e-01	   8.5875320197552826e-02	   2.2013873704030543e-01	   1.5219430876592624e-01	   4.8028153827492887e-01	   3.7408013913018784e-01	
   2.5347421137212212e-01	  -6.4084995967531949e-02	   4.4512824351893715e-01	   7.0369418684044494e-01	   6.0739068328418566e-01	   8.6230117619848656e-01	   4.3304180015482541e-01	   8.6797358464130947e-01	   7.0902816801263380e-01	   0.0000000000000000e+00	   2.2574270812779920e-01	   3.8282013237415824e-01	   9.1056692626007019e-02	   6.9604513941473500e-01	   5.1079025523809685e-01	   5.8943866952479562e-01	   3.4958158905863196e-01	   2.2511077844517463e-01	   1.9239991522453609e-01	   4.5263085087025523e-01	   4.8187103133202458e-01	   6.2711206621523963e-01	   4.8310345613194128e-01	   7.0538760160985037e-01	   4.9432140261996738e-01	   5.9475228095505583e-01	   6.8873720753896450e-01	   8.0519867995244743e-01	   2.7981114054107303e-01	   2.3669248611373450e-01	   3.8735831919357544e-01	   4.2735170458700922e-01	   2.4841234301474491e-01	   4.6998198098926314e-01	   4.9282086048389667e-01	   6.1901516978116577e-01	  -7.4030612795935785e-02	   2.5003676746179310e-01	   2.5156362578119440e-01	   3.8663642196497883e-01	   7.1270668425336067e-02	   3.2163752186996059e-01	   3.0667981564316893e-01	   2.1125164876856303e-01	   2.4965852886179168e-01	   3.9554669886874994e-01	   2.3180925124893725e-01	   3.2124707564407129e-01	   1.1449595912762095e-01	   3.1385480877346811e-01	   3.4796488897422551e-01	   4.4997997161147779e-01	   2.1723699334384405e-01	   3.9472033633449399e-01	   2.7648095696537739e-01	   1.9550488421023016e-01	   6.5221403333002678e-02	   2.3664543008758945e-01	   4.2973108383012293e-01	   4.7645411597816817e-01	   5.9491142182200629e-01	   6.8832169187787873e-01	  -1.2595480711846938e-02	   1.2213692402421669e-01	   6.2200142113312507e-01	   7.3676712269310884e-01	   3.8076565213945535e-01	   4.0363630936394196e-01	   5.5962541361295104e-01	   6.2951685468984198e-01	   3.8359309538748854e-01	   6.1693741343054664e-01	   3.1617014740987442e-01	   2.7930805792079727e-01	   1.6982575012483270e-01	   2.8782496076649189e-01	   2.7828317215942189e-01	   4.5463542081263719e-01	   3.5281802963960723e-01	   3.7340653192473383e-01	   3.1653127659462399e-01	   3.5518853510061088e-01	   4.7946053518100085e-01	   4.9187161944452895e-01	   4.0145284377046753e-01	   5.0839225064428284e-01	   4.2230155592254393e-01	   5.0308683260974585e-01	   5.7228976761629957e-01	   5.3322585216022567e-01	   6.5685532150326287e-01	   2.2553363915515895e-01	   7.9145965109696226e-01	   4.5241824894013910e-01	   3.8410301470102554e-01	   2.5631460959735070e-01	   3.0558225682534124e-01	   1.3459100754161421e-01	   4.6707177733465843e-01	   2.6334651893352151e-01	   6.1388192931646723e-01	   2.6472348448400695e-01	   3.3274032405220316e-01	   5.0458935418778876e-02	   4.7810632279142407e-01	   5.0940904612012283e-01	   3.1938152383561250e-02	   4.9061688564496185e-02	   6.1174428598506990e-02	   2.0350780545504227e-01	   2.7448096955545970e-01	   3.4438064802513968e-01	   3.9368631869886733e-01	   1.9879998510385505e-01	   4.8257871217542336e-01	   1.8139112685312878e-01	
   7.5961169877288781e-01	   6.2239274571579839e-01	   2.4890709021813504e-01	   8.9673987934607152e-02	   5.0093613827871031e-01	   1.9101623739003293e-01	   3.9599264585918703e-01	   3.5958904885814746e-01	   1.4165272714768729e-01	   2.2574270812779920e-01	   0.0000000000000000e+00	   4.7988039215171313e-01	   5.4430758562321013e-01	   3.8465602752108330e-01	   2.5915266648307206e-01	   1.4854754084039035e-01	   6.5572335477823940e-01	   4.9135860857383440e-01	   5.3259153831632411e-01	   4.4800976693445338e-01	  -5.2191173061819751e-02	   1.5698315047833233e-01	   9.1633854742889376e-02	   2.5122223472211179e-02	   2.4743968048571263e-01	   2.9497958568925939e-02	   2.1889588025895551e-01	   2.1686414568840912e-01	   4.3091045158457802e-01	   2.4479701488749067e-01	  -1.0748454103569699e-01	  -6.4857150224639171e-02	   4.1176520244238890e-01	   3.9618729233199934e-01	   1.9955876029892167e-01	   1.7700979950243220e-01	   3.6148797826579104e-01	   2.5745086410676482e-01	   3.6910960313038699e-01	   2.5835802390284440e-01	   4.4423491576922491e-01	   4.9892606681197943e-01	   2.5275163147154217e-01	   3.0733153942761560e-01	   9.7193788778906845e-02	   2.2022317650946563e-01	   2.9505470665553435e-01	   3.1835602989129252e-01	   1.3396435645822918e-01	   2.3358512276474080e-01	   3.7325880646730908e-01	   3.6135097475382560e-01	   3.1165792109543466e-01	   2.8073040322917359e-01	   3.6756574380221413e-01	   3.7060900679224440e-01	   5.9250102420528028e-01	   4.6010106251562222e-01	   3.3922840628670137e-01	   2.5392779428638101e-01	   5.4221345350043437e-01	   2.3404864266296738e-01	   4.4967787724654251e-01	   2.1554081881910195e-01	   3.8687306834292978e-01	   3.8034708374265480e-01	   3.4678326075619731e-01	   2.9090560603789395e-01	   3.7866843390330784e-01	   3.0055941028383465e-01	   3.0482687629881577e-01	   1.5575618705371047e-01	   5.0175156173590985e-01	   3.8181451212488260e-01	   4.8449955558537916e-01	   2.6642320340983189e-01	   6.7174280655465668e-01	   4.6273947036468371e-01	   5.2488860791789405e-01	   2.0999682990332319e-01	   4.0544682010113636e-01	   5.4723605424103572e-01	   4.6679254972213313e-01	   4.9489469458694557e-01	   3.8112147535191632e-01	   3.7270027794154242e-01	   3.3212103645292201e-01	   2.0635059128466093e-01	   3.7290073428179127e-01	   3.0337223909457273e-01	   3.1594196654925905e-01	   2.5308726696251976e-01	   2.1049191190481398e-01	   3.5626906139492998e-01	   1.5411398352254924e-01	   2.5055094018123764e-01	   1.8991720654510347e-01	   2.7222856611360347e-01	   5.0677310192846114e-01	   5.2251976429080504e-01	   2.9236252436131838e-01	   4.5157267324306616e-01	   2.1704525138363556e-01	   3.9130059795571104e-01	   1.6562922345169639e-01	   2.0112023313609770e-01	   2.6042214435322136e-01	  -3.5059880057838080e-04	   3.3144652842522798e-01	   7.4969478778060317e-02	   2.2759013210523615e-01	   4.7616228941193772e-01	   4.2335515010667951e-01	   3.7351447390372960e-01	   2.4556240089733644e-01	  -1.2022712596473253e-01	
   3.3075973023949212e-01	   4.3153690110114235e-01	   1.4085965900535569e-01	   2.7195257501178954e-01	   3.6244007596143907e-01	   3.6936959643449757e-01	   2.9410055074913699e-01	   5.4005420223427092e-01	   1.3202659883562201e-01	   3.8282013237415824e-01	   4.7988039215171313e-01	   0.0000000000000000e+00	   3.2066741205003763e-01	   7.3716226145293318e-01	   2.7894901930775329e-01	   4.8745474667145494e-01	   5.8379346109798269e-01	   4.2252380197192674e-01	   4.5312975974058767e-01	   6.6810064714881634e-01	   1.7893998275278278e-01	   2.7651159883187670e-01	   2.6612353418338197e-01	   2.5023781628631375e-01	   3.4613802139450667e-01	   2.5457946739035359e-01	   2.8379229905252135e-01	   3.9867782803643337e-01	   5.3313289958497800e-01	   5.2729914555254109e-01	   1.2494551204179399e-01	   1.0526704022580811e-01	   5.2523784942172935e-01	   4.6918957619133561e-01	   2.4000354247958855e-01	   3.0086917544856240e-01	   1.1409514790624026e-01	   8.9464825815480195e-02	   1.0737731803444781e-01	   1.9709386374357146e-01	   2.3392738905351187e-01	   3.9826308369305979e-01	   3.3898197874085567e-01	   2.0404382799159351e-01	   3.1005748138672895e-01	   3.2323226535912541e-01	   2.5472696260025735e-01	   2.4692743622760843e-01	   4.2203011643514038e-01	   4.6028984401936757e-01	   4.6979204360979776e-01	   5.0282237652644868e-01	   3.9146593539081354e-01	   2.8350670416444290e-01	   3.8176173836604999e-01	   2.6848136909741821e-01	   3.7734166219874210e-01	   5.4883489969485366e-01	   5.3271239250571534e-01	   6.7010070458719750e-01	   3.8841524873242100e-01	   4.8004495580409345e-01	   4.2606085961415002e-01	   5.8617527633437350e-01	   3.9410714914767253e-01	   4.7997317420205615e-01	   5.3512200542517685e-01	   4.9155050148841156e-01	   5.3282758384041984e-01	   5.0554897164018553e-01	   3.2544981623977498e-01	   1.1609255129288797e-01	   5.2809115019594521e-01	   5.2859998998248003e-01	   4.5236495535714638e-01	   4.7138010405746861e-01	   4.7098889273903793e-01	   5.9887409765977662e-01	   5.2595110718734628e-01	   4.3518180111712224e-01	   3.9229634164195282e-01	   5.4842271810237375e-01	   5.0785992381996203e-01	   5.1403495344721628e-01	   3.6745120550232896e-01	   4.3813957539068948e-01	   3.9402116455768527e-01	   4.5810805678948735e-01	   4.6503115125170280e-01	   3.7609016363298775e-01	   5.4933853074705752e-01	   1.5723200803808290e-01	   4.5697329882122939e-01	   3.8384603586964317e-01	  -5.1346439942804765e-02	   8.8622614093535418e-02	   1.4290929907506800e-01	   1.4560841411076905e-01	   5.4301969230968705e-01	   4.3516584154702698e-01	   4.4891866525025781e-01	   3.8258731999146689e-01	   4.7224111156743076e-01	   4.4807886783882966e-01	   3.3367958792672664e-01	   2.8657400641150177e-01	   3.8757474994802532e-01	   2.9782840371433505e-01	   1.8108601210750008e-01	   1.3989551852878246e-01	   2.3722478317826129e-01	   4.7892762828403257e-01	   5.1463709022109971e-01	   4.4933441810694685e-01	   3.5492808225952721e-01	  -1.0221426213319050e-01	
   4.9718269384904984e-01	   1.5724401726213216e-01	   5.1835862495511364e-01	   2.9294532420517508e-02	   4.8411510089532328e-01	   1.5058032820803435e-01	   5.8583070426917205e-01	   2.0690735441920879e-01	   3.2334232983649119e-01	   9.1056692626007019e-02	   5.4430758562321013e-01	   3.2066741205003763e-01	   0.0000000000000000e+00	   4.1668098965005129e-01	   6.4093007482920439e-01	   3.9499169433876846e-01	   1.4257735395743887e-01	   8.6608797253084693e-02	   2.1888138764244533e-01	   5.4748580091914148e-02	  -1.2421591704746192e-01	  -1.5833009169492948e-01	   4.3949875076383704e-01	   1.6024687012045100e-01	   3.0994269027367460e-01	   6.8881212575867018e-02	   3.4783662488947148e-01	   1.7810623010818719e-01	   3.1353834619057053e-02	  -7.2671120045644924e-02	  -3.0234010173289097e-02	  -6.6968307788744602e-02	   3.2533756917727530e-02	   8.6212043048916956e-03	   1.1412243903210306e-01	   1.0149524136376674e-02	   1.7003065822125407e-01	   1.3704371818041390e-02	   2.4699456764581029e-01	   8.5012319221340671e-02	   8.6480574347641004e-02	   2.3031386426393813e-01	   2.5477054959596368e-01	   2.2955573928119771e-01	   2.3004357768825534e-01	   2.2318695842449346e-01	   3.0303468115033672e-01	   2.5358325556736622e-01	   2.0269162127520790e-01	   3.5447433134314216e-01	   3.1096397938987413e-01	   3.9010409570904769e-01	   3.2239728799250522e-01	   2.0374932752744052e-01	   3.2851046052652311e-01	   3.8954649148108550e-01	   2.5404041887266388e-01	   1.6852125936380308e-01	   1.4463362627581877e-01	   8.9339664194444501e-02	   2.1956294652838970e-01	   8.7035936071473502e-02	   1.9513140117597878e-02	  -4.5052385053374611e-02	   3.8928035920213144e-01	   2.0517145010722973e-01	   1.4881698470096075e-01	   8.8771041362225966e-02	   2.4320012004399896e-02	  -5.3416066568868270e-02	   3.3911334108544994e-01	   4.3866153353020049e-02	   1.0216326565351935e-01	  -4.5121324795158069e-02	   2.3187968562892958e-01	  -2.7629908882092581e-02	   1.0080506681452298e-01	   6.1547410970819907e-02	   1.7808706149531900e-01	  -5.1975251704024499e-02	  -1.9062785182681140e-02	   3.5478628924217337e-01	   3.9165546839092530e-01	   1.1765788777272956e-01	   5.7333186196022012e-01	   4.1365082880259146e-01	   3.8213348013882598e-01	   2.2003626218098363e-01	   3.9134772507308913e-01	   3.1994706639931780e-01	   9.4323308874851540e-03	   1.9144313519076400e-01	   8.1627687854874134e-02	   3.7704693755665131e-01	   3.3446697209380205e-02	   3.6218352021293859e-01	   2.1034008064238466e-01	   3.0093197854823239e-01	   2.1535199596796367e-01	   3.8365101886617564e-01	   1.5947873145021185e-01	   3.9441231318090081e-01	  -2.4456167054541822e-01	   7.7868776425184527e-02	  -2.0825403269399551e-01	   1.1041606256570791e-01	   2.2783026433959802e-01	  -1.2257114818248141e-01	   5.1023288285691615e-01	   4.1984671042022037e-01	   5.8162956833625240e-02	   7.0166477546697442e-02	   1.2701941997274468e-01	   3.9928572534805634e-01	   2.6867616597253469e-01	  -7.8344692848461711e-02	
