   0.0000000000000000e+00	   8.0317899974345064e-01	   4.8462309752333110e-01	   4.5563221527813647e-01	   4.7725400763781722e-01	   4.1116497386822065e-01	   5.7293587448244576e-01	   5.5628146672350476e-01	   2.9927704653938575e-01	   2.4057925177294087e-01	   7.3257704121498524e-01	   7.0177170995050808e-01	   5.5433770419009787e-01	   6.1224642642923244e-01	   4.6278703571565527e-01	   3.0700459934497981e-01	   6.2677890859455809e-01	   6.0105485645559020e-01	   7.0097211149075456e-01	   5.3450633262964786e-01	   2.9904598040093500e-01	   3.3952439499092757e-01	   3.1441442091392685e-01	   2.5783732666643855e-01	   2.7248594225742134e-01	   2.0766435263945943e-01	   3.9207940397084917e-01	   3.0322958964900687e-01	   3.8363310739812123e-01	   5.4399712126196031e-01	   2.1116698800997158e-01	   1.9109605187468018e-01	   6.6761595911123495e-01	   5.8641108893446459e-01	   1.8790912660961695e-01	   2.4673671421005652e-01	   5.4150489903650068e-01	   3.8727406545507903e-01	   5.8175266227138445e-01	   5.6032634964271899e-01	   5.9531264961393937e-01	   5.7771594338789511e-01	   3.2988987444185058e-01	   3.8757778493365164e-01	   2.6551880663839933e-01	   3.3539619158155398e-01	   4.3015134010536804e-01	   4.2741126778286298e-01	   2.7554862834717475e-01	   2.7727905237063316e-01	   4.9495094639180404e-01	   4.5500640307989126e-01	   3.8760955022071830e-01	   4.4790115741680786e-01	   4.0872164825966040e-01	   6.1982718591900676e-01	   6.2769076590929207e-01	   7.8294380097741567e-01	   5.1606704322201469e-01	   4.3782350851304030e-01	   7.1655416984847575e-01	   6.4284878924049604e-01	   4.9539014594144049e-01	   6.1375468678390321e-01	   4.6232733423216954e-01	   4.3249419005230222e-01	   3.3877435931860600e-01	   3.2851276111096511e-01	   2.9638646549429593e-01	   4.2878034164114037e-01	   3.5043351737010681e-01	   1.6649859883322404e-01	   4.2440752988222363e-01	   5.3355423793603196e-01	   3.0932544774970716e-01	   4.8865364016828972e-01	   4.8282330170547011e-01	   6.2198409971196233e-01	   5.1279114228073208e-01	   5.9349609990773899e-01	   6.1420845244993350e-01	   6.6185183631780131e-01	   5.2013528850442670e-01	   3.6504454948222798e-01	   5.6567855766011099e-01	   7.1288110562004325e-01	   3.5198531499626817e-01	   1.7026038277069058e-01	   4.8191394554664724e-01	   5.5876560111421125e-01	   4.7532552514645821e-01	   4.2980155225258831e-01	   3.2211696392692829e-01	   1.0719312253948374e-01	   3.7944461091089254e-01	   4.1035388243468263e-01	   4.6907075486599548e-01	   5.9627982996229711e-01	   5.4167482174162362e-01	   6.1610683324418836e-01	   3.9420921905931539e-01	   2.0619467840667946e-01	   2.9409193633781489e-01	   1.2544742425384769e-01	   6.5284361119570034e-02	  -1.3926057953294435e-01	   3.3644589363632499e-01	   2.4385756917040302e-01	   2.4352071281101992e-01	   3.4131198090062054e-01	   4.3202765399943310e-01	   5.2384859492093283e-01	   5.3180096106795371e-01	   2.9055194376341492e-01	   2.2170742629497464e-01	   1.6708553089120942e-01	
   8.0317899974345064e-01	   0.0000000000000000e+00	   5.4689383819590787e-01	   5.9938080571294261e-01	   4.6328409605785426e-01	   4.8124180819994866e-01	   5.7826696622807172e-01	   6.4347199690139034e-01	   3.0999928630924828e-01	   3.0872069968616050e-01	   5.3794486956796994e-01	   6.8272719491083966e-01	   3.1929414466440326e-01	   5.4422796154809416e-01	   5.2327535396958058e-01	   4.9654432594985332e-01	   5.8021310656916436e-01	   6.5206579151327027e-01	   6.5292786575341832e-01	   6.8863230072003256e-01	   4.1577634944111330e-01	   4.9054361492563026e-01	   4.4690993653259081e-01	   4.4571834196114091e-01	   3.2520351243383760e-01	   3.5222736774352792e-01	   5.1296324551522954e-01	   4.2639153038850897e-01	   4.7138964281405316e-01	   6.1053213758087044e-01	   4.6624309037147682e-01	   4.2235537662829986e-01	   7.2111280842147207e-01	   6.9664713166285575e-01	   3.1244804877509047e-01	   2.7446264624335137e-01	   6.3237730456165309e-01	   4.0202357877155454e-01	   5.7929831811220189e-01	   5.1621792866200122e-01	   6.8486672434796358e-01	   6.4678431444196838e-01	   4.3886944899541275e-01	   4.6211467545533097e-01	   3.4216356433560413e-01	   3.8472920435086561e-01	   4.9969984222372960e-01	   5.1013070333956712e-01	   3.6917305624133356e-01	   3.6398381618320541e-01	   5.0936135541243810e-01	   4.9651854360389702e-01	   4.9063652649089196e-01	   5.9420905228023424e-01	   4.2065895091101302e-01	   7.1577257523073101e-01	   7.3365941688752911e-01	   8.7548510224327125e-01	   3.5997613505491849e-01	   4.4830592198562302e-01	   4.5013118096350291e-01	   5.9392861240128647e-01	   3.9007180196486846e-01	   4.4209905134502603e-01	   4.2211811695430301e-01	   5.0605660500551530e-01	   3.3949777316060831e-01	   3.9154650683987524e-01	   4.7526142151439710e-01	   6.3363384943966117e-01	   3.8560742630331374e-01	   2.4687906118049485e-01	   5.4821169917153389e-01	   5.7661350961259927e-01	   3.2294697819516149e-01	   5.0377967529446610e-01	   5.7318899232730058e-01	   6.7674498849005693e-01	   4.7543448127433574e-01	   6.9741544101200237e-01	   5.8551039675293759e-01	   6.0520134172408235e-01	   5.8819383077920762e-01	   5.4025295623632563e-01	   5.7018467329670675e-01	   6.8104227150035290e-01	   4.0477914506827728e-01	   2.9097233911697984e-01	   4.1958611247415656e-01	   5.3291286696922235e-01	   4.5672154495058470e-01	   3.0809119106603194e-01	   3.7350427777375922e-01	   3.1395764929216093e-02	   4.1076267666202115e-01	   5.0617734133168624e-01	   4.7290537953465095e-01	   6.3313887547494729e-01	   6.2493527028209583e-01	   6.6800625123358959e-01	   3.4570095204243512e-01	   9.3973661405015396e-02	   2.8085954132927859e-01	   9.9563333888333744e-02	   1.6788286900448679e-01	  -3.7074659986041078e-02	   4.2808058628836865e-01	   2.5631706055542475e-01	   2.0082777169289623e-01	   2.5378321535164305e-01	   4.7947006733510500e-01	   6.9249240139266499e-01	   6.2116304611441431e-01	   2.6715772184740272e-01	   2.1857813572757540e-01	   1.6901442235950759e-01	
   4.8462309752333110e-01	   5.4689383819590787e-01	   0.0000000000000000e+00	   8.3716150186224325e-01	   5.1872774691660695e-01	   6.3723737167607752e-01	   8.0541967900891875e-01	   6.3308060394689281e-01	   2.7674750226213563e-01	   5.8835854820259814e-01	   4.5710040454821255e-01	   3.9990311046556581e-01	   2.1710322166577342e-01	   3.0727534151251934e-01	   6.7480771007720708e-01	   6.0860484642059909e-01	   1.7163502041145018e-01	   2.4592445200807211e-01	   5.5400588468557921e-01	   6.6617201978164753e-01	   3.3646405718887579e-01	   4.5069777742183398e-01	   8.7623761328651217e-01	   7.9709641170658041e-01	   5.8251338965575583e-01	   6.6558623778461556e-01	   7.3019737509449201e-01	   7.7541866932359349e-01	   1.7380931292869486e-01	   2.0267914916132290e-01	   6.9071015914600198e-01	   6.6407739876225191e-01	   6.0919076922855897e-01	   5.8072646123542182e-01	   5.9126701626925682e-01	   5.4085073230085945e-01	   4.7353313318110890e-01	   2.8966592047480255e-01	   3.2550284589431505e-01	   3.8514015772561361e-01	   4.2170207950865929e-01	   3.9046384811180646e-01	   3.0295525038134341e-01	   2.6979317020230320e-01	   2.2265540814454982e-01	   1.8813753823872420e-01	   2.6211418043692264e-01	   2.3486897167509380e-01	   1.2010243236908862e-01	   3.8710644041040285e-02	   1.8171978058976024e-01	   1.0770214022775403e-01	   1.8484554233688419e-01	   2.8772994926057166e-01	   1.1402459169775911e-01	   4.2018186060053331e-01	   3.4807581938958249e-01	   2.9160314160356682e-01	   2.2002121810961026e-01	   2.6998884731924311e-01	   1.6771136866590222e-01	   2.2553759160913875e-01	   8.1092539376390993e-02	   7.8630486985235434e-02	   5.7135910985406235e-01	   4.9988595489050464e-01	   4.8592722151900353e-01	   4.8672915297436442e-01	   2.5529789919657281e-01	   3.3127564105507279e-01	   5.6895246099094288e-01	   5.3606131896720155e-01	   2.9182321135530381e-01	   2.5258174412867496e-01	   1.7433830891762681e-01	   1.3596898893536227e-01	   3.9581842475100426e-01	   3.8559742798439650e-01	   1.9800012513018589e-01	   2.4488569129974941e-01	   1.1203379185626533e-01	   1.8391258624102863e-01	   5.7859089642961070e-01	   4.8924052970834619e-01	   5.8234542419236601e-01	   5.5920237089972180e-01	   4.5576189873290168e-01	   4.5805945464250114e-01	   4.8243191559430332e-01	   3.9168953634048231e-01	   4.5380520090990117e-01	   5.0534370342412793e-01	   7.2999587091490370e-01	   5.2060137067830925e-01	   1.6972739451631103e-01	   1.9398138803672854e-01	   1.4466893421382901e-01	   2.4041052551737851e-01	   3.7432255975544271e-01	   4.7384675854846869e-01	   5.2512234152409221e-01	   2.8042626466187054e-01	   2.7314777319413719e-01	   2.0181480196016449e-01	   3.1368609514177404e-01	   1.8114738753881499e-01	   6.3081356937468347e-01	   4.7788649985821019e-01	   2.2123016059209771e-01	   4.3627687457085985e-02	   3.2711115329669799e-01	   4.7666413112278005e-01	   5.4530965597691927e-01	   2.9325407986852042e-01	   3.4848786936104387e-01	   1.0305647322800943e-01	
   4.5563221527813647e-01	   5.9938080571294261e-01	   8.3716150186224325e-01	   0.0000000000000000e+00	   3.9230647523749551e-01	   7.9822667274262149e-01	   8.7592104389323433e-01	   8.9758525804872091e-01	   2.6616636647625203e-01	   7.8095044157288274e-01	   3.3928323851297870e-01	   4.8910429540168276e-01	   1.4075537785814551e-01	   3.2068005942002237e-01	   6.8673327798367922e-01	   7.0489406070189475e-01	   3.6593248435028480e-01	   4.2317344581791172e-01	   5.2442006604502989e-01	   8.2380900600080786e-01	   3.5128074501794510e-01	   4.9760824390486469e-01	   7.9863863806100976e-01	   8.7269791685799725e-01	   4.8926998365583918e-01	   7.5579113369251094e-01	   6.8321823473893295e-01	   7.9499001924223844e-01	   3.7485300960204687e-01	   4.3383387197604062e-01	   7.5428828286307015e-01	   8.0686020539102277e-01	   6.8306546621739961e-01	   7.4179896593949990e-01	   4.8733108277777254e-01	   5.1854467144711647e-01	   5.1566159616065466e-01	   4.3035911618822065e-01	   2.9013430443231808e-01	   4.5771327050351956e-01	   4.7462248282292763e-01	   5.3321468871228217e-01	   2.7080249219964037e-01	   2.0765854309383142e-01	   1.5206323965415322e-01	   1.6819022738925785e-01	   2.3445521373093275e-01	   2.0976134737173674e-01	   2.6914529270817736e-02	  -8.8018361304528808e-02	   4.9884508624148761e-02	   3.8979377071361688e-03	   7.4232587633316291e-02	   2.1651801214630587e-01	  -7.6146365511317524e-03	   4.4732770067660826e-01	   5.0473807214495081e-01	   3.6147538028790926e-01	   8.5808806062023568e-02	   2.4412452499888579e-01	   1.0335840962551088e-01	   3.9682939292224634e-01	   1.5997073852306753e-01	   1.4771310238664548e-01	   6.1455278471532537e-01	   5.8826939886092378e-01	   4.1302624700915691e-01	   5.2564460585578898e-01	   3.1964509522697998e-01	   4.0480907007396216e-01	   5.4446046237962209e-01	   6.1020987983992048e-01	   3.8432168452637239e-01	   4.4218616978839398e-01	   2.8769118751605155e-01	   2.5986806017984065e-01	   5.1935217274530365e-01	   5.4928485502192137e-01	   3.2535399576775215e-01	   4.0178804130866458e-01	   3.1395755268595671e-01	   3.0298734457261145e-01	   5.8708958616130047e-01	   6.2668741382382387e-01	   5.2345418645658670e-01	   5.6546347295769062e-01	   3.7728444397875804e-01	   4.2358484749341724e-01	   4.1834716393291016e-01	   3.6807474653898209e-01	   4.1026165640324919e-01	   3.7767221431992554e-01	   7.4786101856854281e-01	   2.2865462331606706e-01	   2.2637365576707213e-01	   2.5620872194646016e-01	   1.4811769168253952e-01	   3.5961606714724187e-01	   3.6985620779903106e-01	   5.2532070083159388e-01	   5.8085113438046654e-01	   3.8478950370196580e-02	   3.5264059640857937e-01	   3.9998460821282729e-02	   2.9750350354630262e-01	   1.0462207022689836e-01	   7.4754328021445515e-01	   3.8024369246189788e-01	   2.5243070903284420e-01	   1.4625662505452247e-01	   3.3563953664662582e-01	   6.1949665694455291e-01	   6.1315297149252523e-01	   2.5160864063739730e-01	   3.5796316926581778e-01	   1.5839798019334450e-01	
   4.7725400763781722e-01	   4.6328409605785426e-01	   5.1872774691660695e-01	   3.9230647523749551e-01	   0.0000000000000000e+00	   5.0994886507131953e-01	   4.5896713946173939e-01	   3.7020432390843627e-01	   8.1180691127964488e-01	   4.1221570762642662e-01	   4.6098815786881453e-01	   4.9882931033047367e-01	   3.6032164712726100e-01	   5.3272405035173787e-01	   4.5542200076033890e-01	   3.5886827727160281e-01	   2.6718320034758924e-01	   1.5692654998455294e-01	   3.7719562687838804e-01	   2.9280888651777465e-01	   5.3024546029393582e-01	   5.8723908086797150e-01	   5.5137744262872701e-01	   3.6858376584251862e-01	   7.4996255624036934e-01	   5.4067715936546490e-01	   6.2684944424429645e-01	   3.0321318023693822e-01	   2.8427046621303187e-01	   2.7552497085967498e-01	   4.1498017132555909e-01	   2.9075122000289250e-01	   4.8328642591595161e-01	   4.2585816860818004e-01	   6.2275286374756678e-01	   6.5756853171085827e-01	   5.8466084235822358e-01	   5.3206260539777861e-01	   5.7439694733527413e-01	   4.6644092978846580e-01	   5.0615653297491903e-01	   3.2695188732522007e-01	   5.4812702765009336e-01	   5.0771198678189311e-01	   5.2299326041961947e-01	   5.4520327840568372e-01	   5.5466253297264190e-01	   5.3390567499988206e-01	   5.0108314808068877e-01	   5.0844052553941210e-01	   5.3247120313237639e-01	   5.6954300427856153e-01	   4.9882562211050840e-01	   4.6908970026864188e-01	   5.4704450092053825e-01	   6.0213188192778966e-01	   4.2081825329880546e-01	   4.2672783391607294e-01	   5.4521176730416299e-01	   4.7618696730606591e-01	   4.0500849532374217e-01	   3.8999814816861872e-01	   1.7338701032264703e-01	   1.8219296438893637e-01	   5.9761423404273539e-01	   5.9189439195111571e-01	   6.1589791654692416e-01	   5.9244645478947067e-01	   3.5939190177223468e-01	   4.9202599192657792e-01	   5.0197088811885471e-01	   3.3882218731318287e-01	   2.4576742418988889e-01	   3.3820546845751198e-01	   2.5661524813107672e-01	   2.7279075425709076e-01	   4.2049021732644665e-01	   4.2456996397039326e-01	   2.6171922875747378e-01	   3.1095657107858565e-01	   3.2575393330474900e-01	   4.5290055750561115e-01	   4.1765904262508657e-01	   2.7594034352906127e-01	   6.4125758598181892e-01	   5.9585989430968112e-01	   3.4004747517867340e-01	   3.6734116908736197e-01	   4.7384559531169412e-01	   5.6103885762198735e-01	   5.4138459792796401e-01	   4.2457066160721729e-01	   3.9801516138248616e-01	   3.6056727979017278e-01	   3.5817442130928984e-01	   2.7052960774107704e-01	   6.3882872791527467e-01	   4.8248932391561872e-01	   5.8668359913850621e-01	   4.3275169400108598e-01	   1.1220431967388862e-01	   2.9826452696557976e-01	   7.1100908402440127e-02	   2.4133642266588934e-01	   1.5726247746132688e-01	   3.8132868419042058e-04	   2.8192781559548585e-01	   1.8499494128167804e-01	   1.0860404731632552e-01	   1.9595395616808281e-01	   5.6325589128475761e-01	   4.5238873591697326e-01	   3.2844373528595827e-01	   3.7903150904426935e-01	   3.5922883614672974e-01	  -6.9813180123465948e-02	
   4.1116497386822065e-01	   4.8124180819994866e-01	   6.3723737167607752e-01	   7.9822667274262149e-01	   5.0994886507131953e-01	   0.0000000000000000e+00	   7.2327226905272402e-01	   7.5405432449638998e-01	   3.8361843126281064e-01	   8.5273756051141525e-01	   2.5037698739266800e-01	   4.5410134682971481e-01	   7.6299592129434518e-02	   2.3169319823694967e-01	   5.0149956661725947e-01	   5.2759501475176640e-01	   3.5046237917807066e-01	   3.9048361742482096e-01	   5.2680362356418842e-01	   7.1990146014362655e-01	   3.1607343381738995e-01	   5.7978366816158067e-01	   6.9432169914784758e-01	   7.3677618879100226e-01	   4.6318552045931560e-01	   7.5097399209453108e-01	   4.8060228219090806e-01	   7.4354853268043497e-01	   3.8889549692391223e-01	   4.6676120909002100e-01	   6.0926866373849897e-01	   6.7936715783038704e-01	   6.5088253932275908e-01	   6.9921993758300072e-01	   5.7355255550926065e-01	   6.3318856273760726e-01	   5.0351932061685556e-01	   5.6319710415722202e-01	   3.1718937305184397e-01	   6.1058258240285568e-01	   3.8559255288093081e-01	   5.3893649056963122e-01	   3.6457287468176708e-01	   3.0136214599009270e-01	   2.9462353350559811e-01	   3.4509537413910674e-01	   3.2904651047220035e-01	   3.1095141382476577e-01	   1.5622088307884202e-01	   7.3353660226844974e-02	   1.4049960679043297e-01	   8.5474107849838526e-02	   1.8568567830605853e-01	   3.2903434719426800e-01	   8.8265728336804822e-02	   5.2540091586491089e-01	   5.1997806128723412e-01	   3.6937093349261718e-01	   2.2833191115008253e-01	   2.7487034085663825e-01	   1.8412109465575432e-01	   4.2952730213612444e-01	   3.0342799304508161e-01	   2.4533151954424487e-01	   5.7534776349570405e-01	   6.2133701725263801e-01	   5.7610322664674019e-01	   6.5842744650230123e-01	   3.7081726698196221e-01	   3.9663341036830285e-01	   5.9339483029934925e-01	   7.0205842510771022e-01	   3.7808415212913971e-01	   4.9491776767760770e-01	   2.6995104844191747e-01	   3.1001417289264144e-01	   5.4011953079438058e-01	   6.2164267673229245e-01	   3.9231403718566649e-01	   3.4740383425409871e-01	   2.9567478257808566e-01	   3.3409909476494154e-01	   4.3558273745791248e-01	   6.5370075787192639e-01	   4.3788020315938514e-01	   4.9795771263066979e-01	   3.8215338888085759e-01	   4.0264731687137290e-01	   5.1233940132261058e-01	   4.3243476852475538e-01	   5.3206404109977656e-01	   5.3534585611767005e-01	   6.1854745175410242e-01	   2.5450611435812698e-01	   1.0783313554332137e-01	   1.9667376081115256e-01	   1.7465342617301244e-01	   3.8162546591395252e-01	   4.6081667600500020e-01	   6.2140110145324179e-01	   4.5669960461898368e-01	   1.2180960536072347e-01	   4.1542399362886162e-01	   2.5222958001712320e-01	   3.5019437150328303e-01	   2.2598294124619758e-01	   7.1314625020709044e-01	   5.2941016679515329e-01	   3.5291198847412046e-02	   8.9399121804058079e-03	   2.5541059812489064e-01	   6.2596572216628643e-01	   5.2424659465628143e-01	   3.7494038230315346e-01	   4.6097749498524082e-01	   1.4324748654303587e-01	
   5.7293587448244576e-01	   5.7826696622807172e-01	   8.0541967900891875e-01	   8.7592104389323433e-01	   4.5896713946173939e-01	   7.2327226905272402e-01	   0.0000000000000000e+00	   8.8848934772862176e-01	   3.5637088937250733e-01	   6.6720908099554832e-01	   5.4317132541976243e-01	   5.2154818671034930e-01	   4.0617447495857639e-01	   4.2890137029383368e-01	   7.2693549950252001e-01	   6.7606743757246579e-01	   4.9488283102089298e-01	   5.3705284025736855e-01	   5.4612186666796247e-01	   7.1562849739629142e-01	   3.6969629350621686e-01	   4.8973220418817165e-01	   7.1384170327025154e-01	   6.7787925683902683e-01	   4.2269013384840348e-01	   5.5387018562514923e-01	   6.0920970138252750e-01	   6.8556914915793832e-01	   4.6990649225776920e-01	   5.1242004057791224e-01	   6.6372307197114921e-01	   6.6331394923431297e-01	   7.7826407779086559e-01	   7.8695016230128700e-01	   4.2320606492136903e-01	   4.3851838283653383e-01	   5.5783379376895714e-01	   3.8715321111490741e-01	   3.6641166146230320e-01	   4.6503639524253210e-01	   5.3433651960275064e-01	   5.4874349753308560e-01	   3.0223777554108744e-01	   2.9024975306386419e-01	   1.8774655124894035e-01	   2.2770152389245435e-01	   3.6240810729020312e-01	   3.2941795047354278e-01	   1.2273444390119601e-01	   2.2692043982557461e-02	   2.1502733863039700e-01	   1.4938974461912685e-01	   1.6027247912857681e-01	   2.5554643003762423e-01	   1.2928567873952429e-01	   5.1356023239933091e-01	   5.2615067718958641e-01	   4.0215890575030872e-01	   3.3584011121260471e-01	   3.2580154139448714e-01	   4.0630278493766342e-01	   4.8131331144366946e-01	   4.4707944123996823e-01	   3.6631969860894137e-01	   6.8653374849394866e-01	   5.4950617934915913e-01	   4.6117563748717688e-01	   4.6840799166830482e-01	   2.5435004865150129e-01	   3.1490790990413581e-01	   5.8033343032325224e-01	   6.0097404774054342e-01	   4.3101080296812433e-01	   4.8723138182287690e-01	   3.8620914513991900e-01	   3.3152216686033720e-01	   6.1865107373099659e-01	   6.0060417481897610e-01	   4.5439516572167232e-01	   4.2213306195481054e-01	   4.6035860320080313e-01	   4.1808720619654816e-01	   5.9873002232818173e-01	   5.6102137856366519e-01	   5.2586989638522563e-01	   5.5651277795998610e-01	   2.7436421044310449e-01	   2.4789652659996284e-01	   5.2420956793352469e-01	   3.5364087985791509e-01	   4.8421500556993480e-01	   4.8297659217168010e-01	   6.8463751569415721e-01	   3.5481844574460697e-01	   2.8855536629556444e-01	   2.9211549155264210e-01	   2.8564746905584104e-01	   4.7440341308463629e-01	   4.7471839440399044e-01	   6.6184873679265932e-01	   6.5817768784271746e-01	   2.7997375937318753e-01	   4.5778717923289880e-01	   2.1559523041076631e-01	   2.0930813960782013e-01	   3.7656031065305191e-02	   7.1025125410585388e-01	   4.1208112618997317e-01	   2.5905731359954359e-01	   1.7111351918133105e-01	   3.8819424065725106e-01	   5.9873738926160491e-01	   5.9268722434248644e-01	   3.0772489604616104e-01	   3.0172997297637866e-01	   4.7754581836684580e-02	
   5.5628146672350476e-01	   6.4347199690139034e-01	   6.3308060394689281e-01	   8.9758525804872091e-01	   3.7020432390843627e-01	   7.5405432449638998e-01	   8.8848934772862176e-01	   0.0000000000000000e+00	   3.4946099351721316e-01	   6.9968016564306934e-01	   4.6725243469523714e-01	   6.1704304862948134e-01	   3.4243976873855303e-01	   4.8477035389871281e-01	   6.6542603041031056e-01	   7.1158079037171706e-01	   6.0410620250390390e-01	   6.2740919174582466e-01	   5.2159377510352811e-01	   7.6607315492455563e-01	   4.2977757574222786e-01	   5.5724444972656939e-01	   5.9026919511687292e-01	   6.7638530712594525e-01	   3.3702962438641582e-01	   5.7168109519394550e-01	   5.1203138014956662e-01	   6.0479393969267647e-01	   6.1199120751072589e-01	   6.6881849754983747e-01	   6.7608339239693238e-01	   7.0993731364986956e-01	   7.7733857064753975e-01	   8.3685318285701360e-01	   3.3464567268035889e-01	   3.9612136361038963e-01	   5.5242280565763224e-01	   4.4949098624322775e-01	   3.8211575364241634e-01	   4.6407035861873991e-01	   5.7014573801568735e-01	   5.7471363724377023e-01	   3.0959594604012319e-01	   2.7507198495071372e-01	   1.8760924703794118e-01	   2.5950420062595619e-01	   3.6044398197947858e-01	   3.2462401277442388e-01	   1.1520388102675072e-01	   2.5671350777641107e-02	   1.7042871220100375e-01	   1.4895385280647194e-01	   1.3091438960514792e-01	   2.3884627872802905e-01	   1.0808907075116239e-01	   5.1614960827068024e-01	   5.8095122146221789e-01	   4.8684544808951979e-01	   2.2961000848715810e-01	   3.4588574809508388e-01	   3.4770116179270816e-01	   6.4628418306436575e-01	   4.4557142974930364e-01	   4.2229027714681505e-01	   6.1916866773524437e-01	   5.8209970251177690e-01	   4.0486474261430705e-01	   4.9267482966877185e-01	   2.8420511742313576e-01	   3.8426494590456783e-01	   5.2896118997764918e-01	   5.8345826845555959e-01	   5.0367585831970707e-01	   6.0523519404165649e-01	   4.3984882810824055e-01	   4.4951164977700087e-01	   6.2888431008330226e-01	   6.6827530840020688e-01	   5.1255799175872041e-01	   5.8263579657259812e-01	   6.0415638866783827e-01	   5.2409743665091546e-01	   5.3238788677679683e-01	   6.3515524680411839e-01	   4.9161293149720275e-01	   5.4681729983686056e-01	   2.1064695426802824e-01	   1.8897703617203016e-01	   3.8644421037498533e-01	   3.0591869028041652e-01	   4.4511969915091643e-01	   3.2439175082810900e-01	   6.0415510918285165e-01	   1.1122818050589121e-01	   3.9234732558683560e-01	   3.9840438938374700e-01	   3.1968514717225516e-01	   5.5058898460103034e-01	   4.7591334173270294e-01	   6.2158196528607124e-01	   6.0953960997747114e-01	   9.6897593453916048e-02	   4.1048391220106017e-01	   8.9386451924342331e-02	   1.6879932794043559e-01	  -3.3015340833124185e-02	   6.7997090573861863e-01	   2.8519371872706073e-01	   3.2122734979065476e-01	   3.1496607329107801e-01	   4.2106760746795907e-01	   6.5737224225320479e-01	   5.8808505826769020e-01	   2.6787819831559412e-01	   2.7529805142686131e-01	   1.0479870593440743e-01	
   2.9927704653938575e-01	   3.0999928630924828e-01	   2.7674750226213563e-01	   2.6616636647625203e-01	   8.1180691127964488e-01	   3.8361843126281064e-01	   3.5637088937250733e-01	   3.4946099351721316e-01	   0.0000000000000000e+00	   2.8308116929336152e-01	   3.6710859969644727e-01	   4.9193781087448030e-01	   3.0388870295433651e-01	   4.5419840583260684e-01	   4.1065658150339512e-01	   3.8688692422218507e-01	   2.8815462081388016e-01	   1.9663664112120421e-01	   2.2152938154440219e-01	   1.6696046364400957e-01	   5.7232283687971186e-01	   5.0373797214987781e-01	   4.0051273293430645e-01	   2.2952402133061936e-01	   4.3056433488314222e-01	   3.1632911140304082e-01	   4.4003699368657934e-01	   1.0899320327963428e-01	   4.2276744845348124e-01	   3.7738752544983672e-01	   4.4078934916105794e-01	   2.8831207816470322e-01	   4.4617945391115604e-01	   4.4017872283578069e-01	   4.6525056578562096e-01	   5.6333610835389647e-01	   4.9963803952104013e-01	   3.4211434989185668e-01	   5.3841216414471837e-01	   2.3858170804744450e-01	   4.8555999981771392e-01	   1.7754112367939462e-01	   5.9897062046799610e-01	   5.7913491321678345e-01	   5.7699455569069635e-01	   5.8639785560715008e-01	   6.7657562627067991e-01	   6.2134717515915006e-01	   6.6231882943561260e-01	   6.3797808940797773e-01	   6.3614613711432744e-01	   6.9393609890556351e-01	   5.9074528956603212e-01	   4.9725703656495396e-01	   6.2623877888592872e-01	   5.4877081349667789e-01	   2.9554477612044144e-01	   3.1819932973008047e-01	   5.1236211749067395e-01	   4.8065361742527685e-01	   3.9418736893806727e-01	   5.2665722950697891e-01	   2.6215270265724472e-01	   2.6380782115623946e-01	   4.9645753037048179e-01	   5.8157762280945657e-01	   5.4668608627460058e-01	   4.9686872798745707e-01	   2.6610615675508514e-01	   4.3750807407499648e-01	   4.1494580858772906e-01	   2.7655456872592754e-01	   3.2424845638013339e-01	   3.3876075536201733e-01	   3.1696198113171148e-01	   3.2165101570737015e-01	   4.2316056812968028e-01	   4.1856898863534642e-01	   2.9071293100394091e-01	   2.9578465241879681e-01	   4.0593222768448134e-01	   4.5954347056089406e-01	   2.9976321816707385e-01	   2.4161238944917607e-01	   4.5039986315449171e-01	   4.4378037046179331e-01	   1.0894355973663850e-01	   8.8784989192170871e-02	   3.5330427292166555e-01	   3.3381443819927037e-01	   5.2073014426842124e-01	   2.7276703026228122e-01	   1.9317486328854966e-01	   2.2002460875539387e-01	   3.4301074269613602e-01	   2.1811200935043615e-01	   6.8884065132266437e-01	   4.5105325428492499e-01	   6.3119206716065335e-01	   3.5454481649457587e-01	   5.8666151238845304e-02	   3.0899608037537613e-01	   5.1292202720901389e-02	   2.4612520802597965e-01	   5.5593495803230135e-02	  -5.0916449041609975e-02	   1.7503386141646132e-01	   3.6538960813181073e-02	   5.9209181608367072e-02	   2.2336881070086584e-01	   5.9528378128802073e-01	   3.8509490974297272e-01	   5.4656467381076781e-02	   4.2074030877085600e-01	   2.7248483611574675e-01	  -2.5984225386666676e-01	
   2.4057925177294087e-01	   3.0872069968616050e-01	   5.8835854820259814e-01	   7.8095044157288274e-01	   4.1221570762642662e-01	   8.5273756051141525e-01	   6.6720908099554832e-01	   6.9968016564306934e-01	   2.8308116929336152e-01	   0.0000000000000000e+00	   1.7557635312370726e-01	   3.4556939323857605e-01	   7.1280715853937610e-02	   1.4991007652376168e-01	   6.1080059198768588e-01	   5.9598368312452665e-01	   2.6340347730266978e-01	   2.6014421664455589e-01	   4.1862751292257044e-01	   6.6442490208027605e-01	   2.9497465603844070e-01	   5.3201125776977043e-01	   6.4034269089574991e-01	   7.3712286032942931e-01	   4.4639934983714424e-01	   7.7611225352091417e-01	   5.3553172366956447e-01	   7.1738857931323485e-01	   3.5927818039243947e-01	   3.5639572260838037e-01	   5.7862790435156997e-01	   6.4898861299781707e-01	   4.5446823992818930e-01	   5.2739011011174597e-01	   4.2002181595283128e-01	   5.2182858269111565e-01	   4.0788245888188263e-01	   5.1850222514014854e-01	   1.3665363494551991e-01	   5.6789837170793001e-01	   2.8820638613717026e-01	   4.8905213411055282e-01	   8.6197845694398645e-02	   4.0386087294412239e-02	   3.3740883826253322e-02	   7.8957999472824836e-02	   7.5576948623299042e-02	   5.9200619977353396e-02	  -1.0509622805905836e-01	  -1.9429923478132027e-01	  -1.4431205484281950e-01	  -1.6456992727457459e-01	  -8.3173910961101480e-02	   6.1341586284279222e-02	  -1.3995300405907835e-01	   3.2447560407065246e-01	   3.8057338156065285e-01	   1.0735425794914427e-01	  -1.9478143619100982e-02	   2.3800629219201383e-02	   1.4977191970970086e-02	   2.3409695661749791e-01	   1.4181383005794695e-01	   4.0575984805255830e-02	   5.1677061169156713e-01	   4.9052999196918468e-01	   3.1258077037031834e-01	   4.2859637422413677e-01	   2.7817561776575922e-01	   2.8431821409044833e-01	   5.2463093354401158e-01	   6.9114617977740089e-01	   2.2868924604010557e-01	   3.7557270733269216e-01	   1.9776661206425422e-01	   1.0680953115239333e-01	   3.8125952672456526e-01	   3.5155496301143163e-01	   2.6620704428003894e-01	   2.5360125165300468e-01	   2.7072614126264111e-01	   2.5384775753649003e-01	   5.0403877618293114e-01	   6.3894422176203025e-01	   4.3449020133613037e-01	   4.5620831053352612e-01	   2.7666028388821140e-01	   4.5581082562041064e-01	   3.1689243224898167e-01	   3.1743349058179160e-01	   2.7477685803920354e-01	   2.7407714694150331e-01	   6.2075694100749401e-01	   1.3729201021840468e-01	   1.6217262742160710e-01	   1.5174570930357284e-01	   5.0440412449703279e-02	   2.5725795487711223e-01	   2.0477441313995565e-01	   3.8716560725824223e-01	   4.2730145595779967e-01	  -6.7351248500860966e-02	   3.6183336946016642e-01	   2.5610739060782130e-02	   2.6623101979356312e-01	   5.3185109775226252e-02	   6.1398826366292025e-01	   3.0394837414233444e-01	   1.1675678992987998e-01	  -3.7764344003944156e-02	   1.3097874827332937e-01	   4.4419430133918686e-01	   4.0066691288752920e-01	   2.4807884301475339e-01	   4.3409763159887171e-01	   1.5478630467766477e-01	
   7.3257704121498524e-01	   5.3794486956796994e-01	   4.5710040454821255e-01	   3.3928323851297870e-01	   4.6098815786881453e-01	   2.5037698739266800e-01	   5.4317132541976243e-01	   4.6725243469523714e-01	   3.6710859969644727e-01	   1.7557635312370726e-01	   0.0000000000000000e+00	   7.1034059399643124e-01	   8.1304008623690316e-01	   7.5964045848269168e-01	   4.1307831870766365e-01	   3.4834442530292642e-01	   4.8769674445597300e-01	   3.8048626429825344e-01	   4.4950495441554578e-01	   2.5692871548356777e-01	   4.1068854821187595e-01	   4.1690674949872142e-01	   3.1081155424976525e-01	   2.3826011333649172e-01	   2.1455025674171002e-01	   1.2743267353032808e-01	   4.0028722045962778e-01	   2.1130997584832550e-01	   3.9201476425309567e-01	   3.9147850075459578e-01	   2.5298060839897191e-01	   1.7282983103688593e-01	   5.1490731530555434e-01	   4.2923562560483697e-01	   2.4544999088362551e-01	   2.8229627749629860e-01	   5.8507788648680981e-01	   3.6358455234141918e-01	   6.3154101470475599e-01	   4.0315709123693810e-01	   6.2703605480843083e-01	   2.9235432477602363e-01	   3.5789114888721185e-01	   4.3055046499359662e-01	   3.1466900488249117e-01	   3.5733298978034356e-01	   5.0966556857897449e-01	   4.9215452643036522e-01	   3.9581198629048653e-01	   3.7064476762019882e-01	   5.4238873577653179e-01	   4.6039664590003526e-01	   4.1586602903020897e-01	   3.5036114222210279e-01	   5.2405123465948811e-01	   5.4815420811826288e-01	   2.6936775525055590e-01	   3.7836453958420613e-01	   4.9673422112264032e-01	   2.5125309249320477e-01	   7.2396855277322736e-01	   4.9123078717515811e-01	   4.9914688736503221e-01	   5.6757306594924051e-01	   4.3372169021666901e-01	   2.5805891774851453e-01	   3.6139038957654729e-01	   2.3278579950792438e-01	  -8.1469953561602471e-02	   8.2290296255472621e-03	   4.8708407780273388e-01	   1.5243967921645965e-01	   4.1183559997113711e-01	   3.9648702396680291e-01	   4.2642362819571267e-01	   4.0067180350275428e-01	   4.8134250632389786e-01	   4.2380079140864801e-01	   2.3129560382424283e-01	   2.4994828356167570e-01	   5.5431839106887926e-01	   5.9332488071284917e-01	   5.1940926266573106e-01	   2.9371798685363792e-01	   6.8106433924152687e-01	   5.7617772265170808e-01	   2.6695116581695094e-01	   1.0453546470722529e-01	   4.3431907061740183e-01	   3.4362665219850197e-01	   4.1269835493192658e-01	   2.8355219930487657e-01	   1.9590515525599825e-01	   2.5897390569602335e-01	   2.3111785362311280e-01	   2.1433391059753837e-01	   5.2125453245052467e-01	   5.2997678040468021e-01	   4.6259899845397784e-01	   4.5024780196378583e-01	   1.8895151856614459e-01	   3.1476368587091397e-01	  -1.2157302446007680e-02	   4.6343151923016433e-02	  -2.1326657623735495e-01	  -3.1235957149499205e-01	   8.7087039793878482e-02	   7.5022325425502856e-02	   9.4358734454783641e-02	   2.5229221257104772e-01	   4.7645933389940731e-01	   3.2688019763462939e-01	   2.6629362260501532e-01	   1.9900396569659967e-01	   8.7434446402373828e-02	  -4.2468918277382028e-02	
   7.0177170995050808e-01	   6.8272719491083966e-01	   3.9990311046556581e-01	   4.8910429540168276e-01	   4.9882931033047367e-01	   4.5410134682971481e-01	   5.2154818671034930e-01	   6.1704304862948134e-01	   4.9193781087448030e-01	   3.4556939323857605e-01	   7.1034059399643124e-01	   0.0000000000000000e+00	   5.9481152021269457e-01	   8.3159287522565295e-01	   4.3417557261336603e-01	   5.6471769089324242e-01	   6.4621401013646895e-01	   5.4709244066210228e-01	   4.5284883604419807e-01	   4.5628066820915103e-01	   4.3388058686465664e-01	   5.3721957008815557e-01	   3.2539071594024926e-01	   3.8153753159838438e-01	   1.6845042514274194e-01	   2.1137668020078623e-01	   3.8042030794668558e-01	   2.4431990471000636e-01	   5.5715274949514004e-01	   6.5976394748032852e-01	   3.5461708873423115e-01	   3.3791274019291906e-01	   5.3477134699894269e-01	   5.8764164301172139e-01	   2.6104998289829068e-01	   3.1999791755486207e-01	   6.4613391381254714e-01	   5.5266309633346156e-01	   6.0803780266373886e-01	   4.1596591783279557e-01	   6.3652948967100742e-01	   4.1709962064578820e-01	   4.3924318635216952e-01	   4.4176327075566502e-01	   3.2154972635544821e-01	   3.7630030100209716e-01	   5.5614457280295726e-01	   5.0275740938397639e-01	   4.0816287895468550e-01	   3.9671522119314107e-01	   5.3660901283146600e-01	   5.2760478711661463e-01	   5.0373554689987687e-01	   4.8228169194774062e-01	   5.3696564953353310e-01	   6.1621770440589496e-01	   4.6280972204383392e-01	   5.8454172154603912e-01	   4.6782454288216069e-01	   4.2190175611675362e-01	   6.3900782750547380e-01	   7.5386474174942819e-01	   4.9503123973388424e-01	   6.9188392735389204e-01	   3.5886508031853981e-01	   4.5246465858280205e-01	   3.7294599254839328e-01	   3.8700118468934164e-01	   1.9595164563522566e-01	   3.6774658055216380e-01	   4.7489338221080757e-01	   3.4492277979992625e-01	   5.8523107872934688e-01	   6.1130080941128540e-01	   5.0407268983243325e-01	   5.9864422504347159e-01	   5.2511971121136647e-01	   6.3420714346282425e-01	   3.9424602554148935e-01	   4.2493566587589382e-01	   6.6217920862357649e-01	   6.7438543896275238e-01	   5.2482635538010924e-01	   4.8364694068482061e-01	   6.0013349346143230e-01	   6.2101149357695773e-01	   2.5521144058167711e-01	   1.9582995489164506e-01	   3.9651190217129306e-01	   4.1852539486680790e-01	   5.5332628688413221e-01	   2.5385074982716016e-01	   2.9999529356796156e-01	  -1.6567325994654294e-02	   3.3046361780548406e-01	   2.6695695944938691e-01	   5.4645301419641223e-01	   5.5950767060971518e-01	   5.5388781891645833e-01	   4.5681514301111892e-01	   2.6228612783470262e-01	   1.2930193599608442e-01	   9.6707486687406641e-02	   3.4383088904154945e-02	   1.1325556637377708e-02	  -1.8226150420397380e-01	   2.7497785297996014e-01	   9.4809550794724556e-02	   1.1231237806496516e-01	   2.5094280469775998e-01	   4.5482106074700085e-01	   4.5823230736542797e-01	   3.3443260117647122e-01	   1.7284227708655825e-01	   1.3300496878173557e-01	   1.0930980922679281e-01	
   5.5433770419009787e-01	   3.1929414466440326e-01	   2.1710322166577342e-01	   1.4075537785814551e-01	   3.6032164712726100e-01	   7.6299592129434518e-02	   4.0617447495857639e-01	   3.4243976873855303e-01	   3.0388870295433651e-01	   7.1280715853937610e-02	   8.1304008623690316e-01	   5.9481152021269457e-01	   0.0000000000000000e+00	   7.8023508869291280e-01	   3.6082066159713311e-01	   2.9549348175931378e-01	   4.7603182044420550e-01	   2.6932173839423806e-01	   2.5713087758699338e-01	   6.8907640867523184e-02	   3.4024028625523511e-01	   3.1809220552690443e-01	  -1.7502370605124537e-02	  -1.0441150358716735e-01	   9.9394067988849366e-02	  -8.1912602925788031e-02	   1.6313159704416166e-01	  -2.0236513105632896e-02	   4.6766999396388981e-01	   4.2080019313320149e-01	   2.4784790469844199e-02	  -5.6356861742200365e-02	   2.8957026276974612e-01	   2.1293633191430400e-01	  -6.5181277271445473e-02	  -9.9792392288557616e-03	   4.0750935891388962e-01	   2.6039231397219920e-01	   3.4836310016195227e-01	   1.6208044774724559e-01	   4.8170252478516240e-01	   1.5392060785801187e-01	   6.9743556597086059e-02	   1.3326318698408865e-01	   3.0776290720122883e-02	   1.0030040665646775e-01	   2.6484746726806829e-01	   2.2556454820964950e-01	   1.5275219644036886e-01	   1.6249613997467360e-01	   3.5155889267546181e-01	   3.0834015519014490e-01	   2.0913826410104647e-01	   1.0080379795386638e-01	   3.8707447135276868e-01	   3.0219626450962617e-01	   9.8696442440860149e-02	   2.2781499935753285e-01	   4.5222722006923777e-01	   1.5195363869480716e-01	   8.1699545229518478e-01	   4.3739079251491741e-01	   4.9183046093879412e-01	   6.0921055236995070e-01	   1.8225822017682641e-01	  -4.2206103701624267e-02	   1.1508833655712479e-01	  -1.6360975434112066e-02	  -1.5422439914106773e-01	  -9.4380590594686120e-02	   3.6020701086677009e-01	   1.6887411996765042e-01	   3.2377529817236406e-01	   3.3779926091303414e-01	   3.9884024633986048e-01	   3.3450972954688779e-01	   3.4624616657454160e-01	   2.2495472916818127e-01	   1.6984421498130209e-01	   1.2953937986922393e-01	   5.4442600108544403e-01	   4.5406201779502509e-01	   3.3214447473995523e-01	   1.0690881842122708e-01	   3.7256318603313854e-01	   2.8134900853857764e-01	   1.8806817006388109e-02	  -1.6710251334580323e-01	   1.7890761705634606e-01	   1.6822886483444666e-01	   2.2858175260328104e-01	   1.8043529472799485e-01	   4.8939793738919192e-02	   1.1952357530765388e-01	   2.7508346631580705e-01	   1.7987099798072115e-01	   4.2275318832074937e-01	   4.0271073424365089e-01	   2.3327441256363540e-01	   2.4407628805756429e-01	   1.1450098898514638e-01	   2.3142629869695475e-01	   9.8797785471068175e-05	  -2.2674104285632220e-02	  -1.7547095070965846e-01	  -3.0046647774494067e-01	   1.7321785972543174e-02	  -1.1319610115640079e-03	   9.7973127408183425e-02	   2.9680886634455739e-01	   2.8393973134991546e-01	   5.9598396319997908e-02	   1.9737129018477395e-01	   1.7628438416615225e-01	   7.7883210061258243e-02	   1.5832761396152298e-01	
