   0.0000000000000000e+00	   8.6824328648397364e-01	   7.7005282774756978e-01	   7.6565737509704734e-01	   4.9062734868352109e-01	   2.5953570916286761e-01	   7.7849829730447540e-01	   7.3592895031200345e-01	   6.8389309314976421e-01	   6.6748230967740152e-01	   8.4971267280306628e-01	   7.0273659087890539e-01	   7.7538150975670983e-01	   7.3607537771492437e-01	   7.9297593178603010e-01	   7.1348434782023784e-01	   7.9546226007986975e-01	   7.1406094791912533e-01	   8.9329798406899841e-01	   8.5806862222295499e-01	   5.7827140718770864e-01	   5.3546368000775191e-01	   4.8300290885660319e-01	   4.2300916942516881e-01	   1.0589366659649331e-02	  -1.9934619396010319e-02	   4.9513629643100499e-01	   4.8286363883109445e-01	   7.0053241293764612e-01	   7.1249418334416925e-01	   7.1831735887124326e-01	   7.1535933044366462e-01	   8.4089732223356295e-01	   8.0598807983957754e-01	   5.3031937465456713e-01	   4.3204377567887686e-01	   6.1871264213423149e-01	   6.2319475448784467e-01	   6.6864492645568274e-01	   6.7280829753443971e-01	   6.3525620444326436e-01	   6.0627436641589560e-01	   5.8215520968547785e-01	   4.8005918781125606e-01	   4.0345200854336094e-01	   4.3748940613655063e-01	   5.1743201254566162e-01	   5.0001099526249315e-01	   4.7916465426189070e-01	   3.0539174000610148e-01	   6.0703325085384363e-01	   3.6188077963383558e-01	   5.7873637038772596e-01	   4.5872594090339103e-01	   8.0576344669660815e-01	   6.8249140439149969e-01	   8.8701540663503686e-01	   7.3126875108222933e-01	   5.4020041181678058e-01	   5.4831852426564254e-01	   7.7294329938373174e-01	   6.1953227277959477e-01	   6.9319308735350038e-01	   5.2683582730759082e-01	   3.3057935794225035e-01	   3.9463174490758501e-01	   5.5416205238523930e-01	   4.7645650444034349e-01	   7.9080384576310703e-01	   7.1268169189246833e-01	   6.8042036312208110e-01	   6.7679167552486796e-01	   7.2817407705562986e-01	   6.8323558508604321e-01	   5.8697306929990023e-01	   6.9311764901551243e-01	   8.2443047366812328e-01	   7.5293650718371996e-01	   7.1272715599449565e-01	   6.3268154085900252e-01	   7.4416355604473783e-01	   6.2585158404712915e-01	   8.3557271224351881e-01	   7.7739295015555743e-01	   7.2871957173545132e-01	   5.6503261174854291e-01	   6.9638265066546734e-01	   6.1445521752328069e-01	   7.7667970421115418e-01	   7.0172239334171960e-01	   6.1992685256345070e-01	   6.6366337237363160e-01	   4.5666640921259022e-01	   6.9429113304150125e-01	   5.8849108728338928e-01	   2.8832739131477508e-01	   7.4976255939006864e-01	   7.3895029189908112e-01	   7.8666867141517738e-01	   8.4373812678284565e-01	   6.2322945226460191e-01	   7.2465815521902099e-01	   8.1595481921830548e-01	   7.8303476551367501e-01	   6.9166258443345141e-01	   6.7538142552092495e-01	   6.5114110871702047e-01	   7.2618022149586592e-01	   3.7021076745012882e-01	   5.8938727746678587e-01	   6.0492284197954738e-01	   7.2767032557535538e-01	   6.7349170241372924e-01	   7.4819013769816056e-01	   7.2119057597791636e-01	  -2.8869620222255296e-02	
   8.6824328648397364e-01	   0.0000000000000000e+00	   6.7851537580526955e-01	   6.2870587298277347e-01	   4.3888892879547542e-01	   3.4453454741456907e-01	   6.0392327868205131e-01	   5.5792930339776858e-01	   5.9193156197944119e-01	   5.1349028312805811e-01	   7.0762220109156548e-01	   5.8922062815713283e-01	   5.8236609444384624e-01	   6.3809361994743052e-01	   6.6137033688942182e-01	   6.0463095025654423e-01	   7.0982387973391514e-01	   7.6014161699365845e-01	   8.3872621875040143e-01	   7.8881328081423663e-01	   5.4261693787800136e-01	   5.6595964198312898e-01	   4.3058752141451428e-01	   4.0427056166396025e-01	   9.6218140939835911e-02	   9.7897282434067950e-02	   4.5729881402905292e-01	   4.6484612805095676e-01	   6.3274158509132405e-01	   6.4772758756508242e-01	   6.5286189665278727e-01	   6.5230077962899857e-01	   7.9956891358409365e-01	   7.9896574433190315e-01	   4.6182470058656511e-01	   3.7180768387187457e-01	   5.5586037887329165e-01	   5.5026617850463477e-01	   6.9612247987586762e-01	   6.2455789886027324e-01	   6.0109826466987037e-01	   5.6358923489601853e-01	   5.1584317333202467e-01	   4.0725569361859226e-01	   3.8622315483190273e-01	   4.0577642824183435e-01	   4.6044420155797949e-01	   4.3443169414400312e-01	   4.2017337083923412e-01	   3.0100226414203274e-01	   5.1553283448066312e-01	   3.3753590507122322e-01	   5.3131739692979552e-01	   4.1433620877252542e-01	   6.7748665615807435e-01	   5.8317931350650931e-01	   8.7924755317896619e-01	   8.8009208183654453e-01	   5.3684589803515537e-01	   5.6953086073545500e-01	   6.9527456457633252e-01	   5.4353900685241041e-01	   6.1200253290482842e-01	   5.2671283974852401e-01	   3.3176250574939203e-01	   3.9530061576570125e-01	   4.8345722018659137e-01	   4.1220560635617431e-01	   6.2362495723469336e-01	   5.3080920032325762e-01	   5.7268353598422495e-01	   6.1485528943571333e-01	   6.7358132686487304e-01	   6.7417289927397195e-01	   5.1337177720475091e-01	   6.5001623428851452e-01	   7.0854954889929855e-01	   7.5065082282918549e-01	   6.5559287422967449e-01	   7.0904297023858764e-01	   6.8615601630852274e-01	   7.0245700081609819e-01	   7.9842385150279083e-01	   7.4055900820722176e-01	   7.2631682341499493e-01	   5.9395748819549221e-01	   6.6791640467934477e-01	   5.3481591595470324e-01	   6.8832049595920652e-01	   6.4120650556050174e-01	   5.8432025255163311e-01	   6.2919762146811542e-01	   4.6603468598277004e-01	   6.7000657465385605e-01	   5.7351028256490033e-01	   3.0861479135160041e-01	   7.4463005170961172e-01	   6.5940308354020138e-01	   7.5348197065776790e-01	   7.7226765159746602e-01	   5.0539756672968461e-01	   6.7422387897130043e-01	   6.6702132692238025e-01	   6.6904788735854970e-01	   6.0882367178163621e-01	   5.9990011433908030e-01	   5.4445443975356178e-01	   5.5317120819457133e-01	   3.1915567503958608e-01	   4.7644167496407264e-01	   5.7571995105706120e-01	   7.3135863671268275e-01	   6.4723667320145029e-01	   7.1294466281817070e-01	   6.1799717267240606e-01	  -1.1031633288015652e-02	
   7.7005282774756978e-01	   6.7851537580526955e-01	   0.0000000000000000e+00	   8.3962015347074492e-01	   7.2700757723159071e-01	   4.9969697058732265e-01	   8.6525572723292155e-01	   7.1864035745880295e-01	   8.3058925677688966e-01	   7.2285046529912977e-01	   8.2956602367801946e-01	   5.9891047902167938e-01	   7.6234313063380132e-01	   6.7734687780104497e-01	   8.6866669200948010e-01	   7.5106071598160806e-01	   6.8439664858357119e-01	   6.8538339645914936e-01	   8.7336994502527432e-01	   8.0614751980830568e-01	   7.2011633452674184e-01	   5.9256175962023439e-01	   8.2674369984915907e-01	   6.9487636453096480e-01	   2.7005926488158311e-01	   2.3822242017832168e-01	   6.3793500786849033e-01	   5.1798987453864487e-01	   5.9498981255620220e-01	   6.3553309556218907e-01	   8.8559179011479294e-01	   8.1597527243233570e-01	   8.4062144380091497e-01	   8.0553423063586393e-01	   8.0292202957705305e-01	   6.9032787672910301e-01	   7.4278862143973112e-01	   7.0704169325704669e-01	   7.2354071297507516e-01	   6.8035083717954681e-01	   6.6215143843710178e-01	   6.0552252128344142e-01	   7.0780673526207316e-01	   5.6813598310483615e-01	   5.9286025005023846e-01	   5.9149690183353021e-01	   5.7577241976574278e-01	   6.0998842809287446e-01	   6.2305137278307043e-01	   4.9319017326664150e-01	   7.7455794860874827e-01	   5.6109162439900251e-01	   5.9988775266872829e-01	   5.8112715406293314e-01	   7.5082233027856282e-01	   8.0320179570182659e-01	   6.9828134369000938e-01	   5.4640639068151819e-01	   6.2783699036518725e-01	   5.6592239843132452e-01	   7.5987534465212780e-01	   5.3699429925246356e-01	   5.2046882399856509e-01	   3.5690435450020092e-01	   7.0751106086208360e-01	   6.4926970463639722e-01	   8.0184246413157334e-01	   6.9712708840451287e-01	   7.7612289596796458e-01	   7.7046297479984627e-01	   7.6319441469226956e-01	   7.2841640428595034e-01	   6.8865121974531374e-01	   6.1917588546705860e-01	   6.1842950755100035e-01	   6.6299205729618071e-01	   7.5414914572785641e-01	   6.9303002906781708e-01	   7.0286724538328726e-01	   6.2021929824219346e-01	   6.7793951861302881e-01	   6.5370774075174953e-01	   8.5845769963387530e-01	   8.0164689404482803e-01	   9.0536029655343508e-01	   7.7105343098351442e-01	   7.8352862145716684e-01	   7.1037689611636079e-01	   8.5317614721969059e-01	   7.8926718321402323e-01	   7.9282358264459218e-01	   7.5216543398699043e-01	   6.7239386854298822e-01	   7.2846396136704450e-01	   4.7229530578308532e-01	   3.3520451216043129e-01	   7.2503592626377178e-01	   7.5537591826581885e-01	   7.9813395217371430e-01	   8.7074947152250415e-01	   6.7072135734878835e-01	   8.1021331446432543e-01	   7.2558813197826111e-01	   7.2190103145933560e-01	   6.3065003010252696e-01	   6.6289433519254604e-01	   5.0330215033234071e-01	   6.6445122521163891e-01	   3.2714731696977140e-01	   5.2845664685047722e-01	   7.4805667207787285e-01	   8.0315883474584204e-01	   7.6538827346995353e-01	   7.4602834904491599e-01	   7.9298138665643658e-01	  -2.0437678673689247e-01	
   7.6565737509704734e-01	   6.2870587298277347e-01	   8.3962015347074492e-01	   0.0000000000000000e+00	   6.4299466906331249e-01	   5.2677216860599940e-01	   8.9735633731506903e-01	   9.2437704358138917e-01	   7.6748490584366436e-01	   8.8231875258448555e-01	   7.6020931689855908e-01	   7.7347233846431651e-01	   6.4964814604335985e-01	   7.9964812994429590e-01	   7.2298310588087000e-01	   8.3255350862208177e-01	   6.8431554980788101e-01	   5.3665055073934209e-01	   8.1716782269343424e-01	   8.9032267952882793e-01	   6.8583451076129598e-01	   6.1940325234006366e-01	   5.8971351135218009e-01	   6.4681604313687535e-01	   8.9053729638360501e-02	   8.5843840042728964e-02	   6.8106974792469632e-01	   6.6708231429348486e-01	   5.5692141451182064e-01	   6.2658338844968486e-01	   7.8189782329961166e-01	   8.7086890636392122e-01	   7.5120555221883467e-01	   8.1508065228432725e-01	   7.1130732898534066e-01	   6.8744449593798751e-01	   5.9146731967198274e-01	   5.9029639561043945e-01	   5.8510836298454305e-01	   5.6943785279661230e-01	   5.6911248418279847e-01	   4.8342935571517948e-01	   5.9257485023742462e-01	   4.4531724193452182e-01	   4.3704888708182588e-01	   4.6401784976636207e-01	   4.8165667314952010e-01	   4.7356244448278273e-01	   4.9015680531344724e-01	   3.4208339953205291e-01	   6.9906417309070856e-01	   4.3583411694392660e-01	   5.2843217637903261e-01	   4.3061546823137775e-01	   7.0777769904395960e-01	   6.9206815570372926e-01	   6.5431243411794116e-01	   4.6891781630558660e-01	   5.4377825738666508e-01	   5.6348911301465854e-01	   7.7493758253067813e-01	   7.2052253152535894e-01	   4.9762461505409555e-01	   3.7556087241031338e-01	   5.8410920182880322e-01	   7.4753882027746466e-01	   7.1828143265057798e-01	   7.0044678401025218e-01	   7.8316900859570171e-01	   8.1055593953189731e-01	   6.6753465142845481e-01	   7.1556654613581283e-01	   5.6856283746545544e-01	   4.5584448963827573e-01	   4.3405268615400178e-01	   5.3170343146335042e-01	   7.1509125019474284e-01	   7.1010401194161976e-01	   6.8942823711903201e-01	   5.0082896327808224e-01	   7.2329794408611425e-01	   5.3626810300610384e-01	   7.2205585294179386e-01	   8.0189297736018395e-01	   7.9462780392955845e-01	   7.0986056844679701e-01	   6.6126655739953466e-01	   7.1018154694808522e-01	   8.4136300646573225e-01	   8.2966878371728259e-01	   8.2081957325658128e-01	   6.6976190500501442e-01	   7.5746370749251257e-01	   6.1539878827793970e-01	   4.9630969629869615e-01	   3.6659019965128625e-01	   6.3207094382031737e-01	   7.5150576746535847e-01	   7.2384011556964389e-01	   7.6356494757439952e-01	   7.2216461189663883e-01	   7.3033343186305777e-01	   8.0680634200522816e-01	   7.3277355222309715e-01	   7.6891915921429066e-01	   7.1973043502195200e-01	   6.4709087247586328e-01	   7.4146632220541830e-01	   2.5212456683994056e-01	   5.0638429665631690e-01	   6.4248793473711130e-01	   7.2430704330000373e-01	   6.9375236085871006e-01	   7.0914553591383911e-01	   7.4808136157551319e-01	  -1.6056478044584044e-01	
   4.9062734868352109e-01	   4.3888892879547542e-01	   7.2700757723159071e-01	   6.4299466906331249e-01	   0.0000000000000000e+00	   8.1451849054273950e-01	   6.2600729762300678e-01	   5.1733579262683405e-01	   8.1936028439119801e-01	   4.9745896139013579e-01	   6.4346072829605627e-01	   3.9866969626443571e-01	   4.5140846642746091e-01	   4.1154397971127787e-01	   6.4779074410730830e-01	   4.6362869314979771e-01	   4.0382682187587143e-01	   5.2968398868955735e-01	   6.4099395654781555e-01	   5.8450444988593364e-01	   5.8663071764352115e-01	   5.1422309316155035e-01	   7.3396104625437375e-01	   6.5394291867462706e-01	   5.0271737921238657e-01	   4.6876088011622885e-01	   6.5045085264305880e-01	   5.7453398905511943e-01	   4.1851380771256042e-01	   3.6743549213093402e-01	   6.4087819461380358e-01	   6.2422956362428605e-01	   5.6123394599384768e-01	   5.7092312344457652e-01	   6.7280479012365335e-01	   6.8019449233010798e-01	   5.1909544099525051e-01	   5.3503615842548724e-01	   6.2681190485693594e-01	   5.0597205816565927e-01	   3.7936872475530647e-01	   3.4153871414275433e-01	   6.7563011635964720e-01	   5.4411921291676446e-01	   6.6340762362677863e-01	   6.5804376179676072e-01	   5.5330447396954541e-01	   5.8424834173811324e-01	   6.3634118763758063e-01	   5.8532985815810834e-01	   7.7230853783847042e-01	   6.9472073455319650e-01	   5.4285980390941035e-01	   6.9169445558625675e-01	   5.4394835499870942e-01	   7.1308834034761792e-01	   5.1644883490477456e-01	   3.4718745517052596e-01	   5.8550448517952580e-01	   5.1778963634361941e-01	   5.6742510315389383e-01	   3.2805343634737738e-01	   1.1751527144507529e-01	   5.7936947721414944e-02	   8.0960339650456337e-01	   7.6767543280787609e-01	   8.1272360663217613e-01	   7.3004837442206805e-01	   6.0003927869086104e-01	   5.9098409295189291e-01	   5.1949351199005811e-01	   4.6245196794511401e-01	   3.9239127389457745e-01	   3.8907702350535167e-01	   3.6960029958224272e-01	   3.0551783277299549e-01	   5.1040907087829146e-01	   4.6412674563187772e-01	   5.8417650761384377e-01	   6.0338888842327065e-01	   5.5493507095987238e-01	   6.3940716839229528e-01	   5.9536142484230303e-01	   5.9660352874168732e-01	   7.1823372323803625e-01	   7.5150164560222166e-01	   5.0737393503733852e-01	   4.1039828114497079e-01	   6.5245244491092591e-01	   6.2737800086365580e-01	   6.9756299581606229e-01	   5.3907688341127757e-01	   6.6031629692917471e-01	   6.7364851519582325e-01	   4.5728127236597527e-01	   3.6299576153430263e-01	   5.7870727098508901e-01	   6.4196024184060785e-01	   6.7594461540715445e-01	   6.7950590854924131e-01	   3.9467171061604400e-01	   5.9872032602730019e-01	   3.8622790665195356e-01	   4.7476454018504688e-01	   3.3148497418341649e-01	   4.3360193117577561e-01	   2.7343650090349242e-01	   3.7355317174832536e-01	   3.4506248792997163e-01	   4.2896044737393707e-01	   6.3559187728876976e-01	   7.2063649674687569e-01	   5.8553409768294573e-01	   5.3788624845483524e-01	   6.4049097370355446e-01	  -1.2228653571645572e-01	
   2.5953570916286761e-01	   3.4453454741456907e-01	   4.9969697058732265e-01	   5.2677216860599940e-01	   8.1451849054273950e-01	   0.0000000000000000e+00	   4.0291283014417112e-01	   3.7996565447515118e-01	   5.9242911633561657e-01	   4.0699674841017963e-01	   3.6609977607312921e-01	   3.7949745721460726e-01	   1.0419120600936035e-01	   2.6080278739775281e-01	   3.2537027443525923e-01	   2.8268063060200144e-01	   2.6495639784896208e-01	   3.8190812580465355e-01	   4.2941970327835199e-01	   4.1877211854687013e-01	   4.1088603618497194e-01	   4.2702660218653016e-01	   4.6774488491631572e-01	   4.6978775114922100e-01	   5.2922804237502352e-01	   5.5961398410571661e-01	   5.2380115106195635e-01	   5.7195240799056624e-01	   2.0986963295775682e-01	   2.0771591992686012e-01	   4.0108795044560264e-01	   4.8110137234120520e-01	   4.0115983034886005e-01	   4.6958406532139596e-01	   4.8776002062890961e-01	   6.1906398675125662e-01	   2.4389134616079938e-01	   3.3301773711093002e-01	   3.7711785050393470e-01	   3.2927074363323106e-01	   2.6821663218699593e-01	   1.0180948075740062e-01	   5.0161337116457561e-01	   3.5958232692380943e-01	   5.5541024706167752e-01	   5.6939337225496067e-01	   3.7942377414555062e-01	   3.9999796666074994e-01	   4.9876626942265312e-01	   5.5334666360554008e-01	   6.4554626789372560e-01	   6.9189220661638873e-01	   4.3486176390631837e-01	   5.8629491609352236e-01	   3.0773458696430395e-01	   5.1722394145297501e-01	   3.6438559195022957e-01	   3.3421293015627646e-01	   6.0881041623013776e-01	   6.2797639259994764e-01	   4.4068552091649149e-01	   3.6177920225162974e-01	  -2.9766597555819889e-03	   7.5620089903100249e-02	   6.5214041718430305e-01	   7.6779081135719007e-01	   7.6830851085250540e-01	   7.8234994907709832e-01	   4.0754955309151997e-01	   4.4748034803217168e-01	   2.7616209851973167e-01	   3.3403197637991344e-01	   1.8502303941077219e-01	   2.2254929422449185e-01	   1.6125574291778882e-01	   1.3754881040074204e-01	   2.5452969881515819e-01	   3.7029593681155804e-01	   3.9520237961728816e-01	   5.0277810414259250e-01	   3.9770600959110980e-01	   5.2455521310632003e-01	   2.9334490152580533e-01	   3.9404232802866529e-01	   5.1958812570779978e-01	   6.5796344227835835e-01	   2.2917167761517632e-01	   1.8171848237047972e-01	   4.6087266006514149e-01	   6.1579095344797796e-01	   6.8677450152765318e-01	   4.5780231927523529e-01	   6.9371675664242916e-01	   5.5999815505739303e-01	   2.2625797716058982e-01	   3.1728874798832185e-01	   3.4419301332590524e-01	   4.6929893145766954e-01	   4.9784604282633094e-01	   4.8089902991994216e-01	   1.9883171536863320e-01	   3.8650305786441519e-01	   2.2366193153823327e-01	   2.5445202719337479e-01	   1.7954109025412016e-01	   1.9822414764373120e-01	   1.7939172497475966e-01	   1.8690379495439136e-01	   2.1695640296967378e-01	   2.6084509239089010e-01	   5.3556975940196683e-01	   6.3199118503138785e-01	   5.0777948470816314e-01	   3.7189314541617963e-01	   4.1922036939409946e-01	  -2.0005742870656684e-01	
   7.7849829730447540e-01	   6.0392327868205131e-01	   8.6525572723292155e-01	   8.9735633731506903e-01	   6.2600729762300678e-01	   4.0291283014417112e-01	   0.0000000000000000e+00	   9.0286753174872159e-01	   8.3975615546795357e-01	   8.8075982799875374e-01	   8.8866676405147793e-01	   7.2472598441878322e-01	   8.0845165488580140e-01	   7.8443680044450015e-01	   7.6835393796072726e-01	   7.9822144634116110e-01	   7.5015948980731040e-01	   6.1131707589090734e-01	   7.9302631766625886e-01	   8.0549248424199416e-01	   6.4317761981758159e-01	   5.5026739842327732e-01	   5.7756116578245265e-01	   4.6370464864311556e-01	  -1.0100381675617801e-01	  -1.3634305532582472e-01	   6.2140543860406638e-01	   5.7722571657761568e-01	   5.6332232405697513e-01	   6.3136187683547562e-01	   7.3875755615975736e-01	   7.5278894073704727e-01	   7.6035002814385111e-01	   7.7009802401699157e-01	   7.2772203778531952e-01	   6.5584537360760131e-01	   7.0374125805494170e-01	   6.5202302585965055e-01	   6.2820640561986041e-01	   5.6785831408821308e-01	   5.1324776158740026e-01	   5.2203564273214431e-01	   4.8597257663116000e-01	   3.5886414213121243e-01	   3.4282483725830137e-01	   3.6351470334246794e-01	   3.6891102337833104e-01	   3.7952859938808259e-01	   4.0217285319453611e-01	   2.1536827864596625e-01	   6.8059996397616840e-01	   3.3603843778238962e-01	   4.6473641269532145e-01	   4.1154936184777113e-01	   7.0857659291960640e-01	   6.2503262992251551e-01	   6.3793525932102702e-01	   5.0684605386907855e-01	   4.5054719140589738e-01	   4.4495892945129933e-01	   8.1945486300235715e-01	   6.7402617083272942e-01	   5.1316830525087864e-01	   3.6338507884905302e-01	   5.7713541649202349e-01	   6.6847885613202984e-01	   7.0294285235162501e-01	   6.3993948473233986e-01	   7.5474345732763526e-01	   8.2615042067031030e-01	   7.4215869031031323e-01	   7.1898602350504459e-01	   6.1098080112227393e-01	   4.9050498298143502e-01	   4.6269574819729875e-01	   6.0111944661149752e-01	   7.4096735012914228e-01	   6.5636453541755524e-01	   7.4302950080636487e-01	   5.1460396359917160e-01	   7.3504171443693134e-01	   5.0805932874562920e-01	   7.3245407033413445e-01	   7.9078480184562938e-01	   7.7613203123064933e-01	   6.1486578278492021e-01	   6.7098505459189606e-01	   7.2319523800732988e-01	   8.5914510210903283e-01	   8.0046956093017840e-01	   7.5890169155269804e-01	   7.1739477100970273e-01	   6.3470091498632919e-01	   6.2583758403663992e-01	   4.9324399474017405e-01	   3.3005479751696115e-01	   6.2890108397998468e-01	   6.5421181081922652e-01	   6.7492200862947505e-01	   7.4620325183680913e-01	   7.5658757214656513e-01	   7.5553911778107197e-01	   8.0849819789066535e-01	   7.2071720593291111e-01	   7.4566631457052679e-01	   7.0333923441736546e-01	   5.9702726378410020e-01	   8.1127432881146733e-01	   2.1451309065472549e-01	   4.9693469403615420e-01	   5.9165364921806052e-01	   6.4721503895984855e-01	   6.3910959041657045e-01	   6.7253141552134033e-01	   7.7615729913195208e-01	  -1.6679842714326701e-01	
   7.3592895031200345e-01	   5.5792930339776858e-01	   7.1864035745880295e-01	   9.2437704358138917e-01	   5.1733579262683405e-01	   3.7996565447515118e-01	   9.0286753174872159e-01	   0.0000000000000000e+00	   6.9168670865717430e-01	   9.2395687890742018e-01	   7.6996576113148607e-01	   8.3800648460693328e-01	   7.1731551622041345e-01	   8.7604501163326609e-01	   6.5794875436412992e-01	   8.6220503356813039e-01	   7.2625568270843877e-01	   5.1944810581607115e-01	   7.3960499414111136e-01	   8.5163557067677020e-01	   6.2088769068607985e-01	   5.5941085100458776e-01	   4.0311776750952810e-01	   4.6733712361626489e-01	  -1.9670145214754914e-01	  -2.1330988869500092e-01	   6.6396716463845651e-01	   6.4574238927433192e-01	   5.4745439107451976e-01	   6.3778144753926935e-01	   6.6755705872651860e-01	   7.8165882469453396e-01	   7.3506443171988445e-01	   7.7749176849239743e-01	   6.1502475660640599e-01	   5.9617623520471819e-01	   5.4384018580417604e-01	   5.2897139350722600e-01	   5.2245695300998496e-01	   4.7783840404744293e-01	   4.7880726972106047e-01	   4.4964983997341945e-01	   4.2718473438040416e-01	   3.1503345321537113e-01	   2.4959236778859614e-01	   2.8174917500904234e-01	   3.3991891429965948e-01	   3.2684129597917538e-01	   3.4604842582410072e-01	   1.6687255558385561e-01	   6.1025024900618985e-01	   2.8120367514887207e-01	   4.2374754176348517e-01	   3.1391240849845625e-01	   6.7987409445262070e-01	   5.5298608319510012e-01	   5.5649321201109192e-01	   3.6752259393692427e-01	   3.8235213515435051e-01	   4.3546679728028115e-01	   7.1242747599401246e-01	   7.4696832838909788e-01	   5.1821690245981455e-01	   4.3660806682886921e-01	   4.0054601807277035e-01	   6.2778789375791477e-01	   5.8467012797465157e-01	   5.7617748792916768e-01	   7.5887191845957891e-01	   8.2681782070971821e-01	   6.6520650404025239e-01	   7.2275951389760984e-01	   5.6192654105049322e-01	   4.2452348753478047e-01	   3.9709141818023175e-01	   5.3566987338823147e-01	   7.1365364092516104e-01	   6.8276380594340236e-01	   6.5357270049201377e-01	   4.0880655497146501e-01	   7.7516882358684547e-01	   4.4545896887660974e-01	   6.4078705276595516e-01	   7.6048882905045079e-01	   6.8855250680459701e-01	   5.6104434829138827e-01	   5.9299570043585692e-01	   6.8535784994904858e-01	   8.0820685679881987e-01	   7.7517313106719787e-01	   7.1803517214728740e-01	   5.6532867983457891e-01	   6.0126977057591358e-01	   4.5930503230588288e-01	   4.6082925810787745e-01	   2.2073050435936192e-01	   5.3942992693040326e-01	   6.3282115279054518e-01	   6.0164853257280071e-01	   6.6198041013337827e-01	   6.9331264096289402e-01	   6.2810172694134991e-01	   8.1284760608940687e-01	   6.9581287497373223e-01	   7.9959846835658399e-01	   6.7445748028082519e-01	   5.9168621681140166e-01	   7.7612372229286963e-01	   1.6908109155395959e-01	   4.2978731792886438e-01	   4.9407790907358667e-01	   5.7226589433074460e-01	   5.6507325359337945e-01	   6.1187063163362876e-01	   6.8295535901093118e-01	  -1.7025515391112644e-01	
   6.8389309314976421e-01	   5.9193156197944119e-01	   8.3058925677688966e-01	   7.6748490584366436e-01	   8.1936028439119801e-01	   5.9242911633561657e-01	   8.3975615546795357e-01	   6.9168670865717430e-01	   0.0000000000000000e+00	   6.8471264228043838e-01	   8.3273250239120411e-01	   5.3405677849876176e-01	   6.9778192816607421e-01	   6.1454563981617372e-01	   8.2464623927709457e-01	   6.3707452167705458e-01	   6.4950426992929466e-01	   6.7861245489658240e-01	   7.8725245566548585e-01	   7.2503360434759201e-01	   5.6246400123556572e-01	   4.7542881886239008e-01	   6.7909018535036680e-01	   5.6016216622580228e-01	   2.8336389984760718e-01	   2.5012439815152182e-01	   5.2615229372234340e-01	   4.4612500965295998e-01	   5.3014842785390637e-01	   5.5313760006739754e-01	   7.3109780414876102e-01	   7.0511498892127134e-01	   6.9502083493978606e-01	   7.1629576859835487e-01	   7.0973043111409606e-01	   6.4584219165612977e-01	   6.3708772485868892e-01	   7.0852223404346104e-01	   7.5044755055429069e-01	   6.3656122134887694e-01	   4.3995616660031689e-01	   5.6137629967830505e-01	   6.5323571038593786e-01	   5.2372313498560930e-01	   5.9361675852810225e-01	   5.9009433895694352e-01	   5.3633975069120199e-01	   5.6703226180253052e-01	   5.5221897083272586e-01	   4.2668283631930748e-01	   7.2925597174491319e-01	   4.9737817928406214e-01	   5.0233921007986260e-01	   5.6215787070137924e-01	   6.8262581283270263e-01	   7.0950571261627882e-01	   6.1657022232339098e-01	   5.1412452991616031e-01	   5.2625145475618007e-01	   4.6781031244350102e-01	   7.2292350858222576e-01	   4.9742460452164949e-01	   3.5721459508049624e-01	   2.2089849052112345e-01	   7.1336674763803321e-01	   7.3841332984256502e-01	   7.5907649479250494e-01	   6.7930690642205505e-01	   7.1625960720253523e-01	   7.1502074397180426e-01	   6.2538565956976155e-01	   5.6600219998391843e-01	   5.6653852878203725e-01	   5.7479973308337695e-01	   5.0565395885072040e-01	   5.5955201058346726e-01	   6.6999479004304818e-01	   6.2501644882487517e-01	   6.6028024301774091e-01	   5.8907057115724459e-01	   6.6659559753495212e-01	   6.6924550273188865e-01	   7.3018967737287310e-01	   7.1587257816431560e-01	   7.9414918584775862e-01	   7.4635859612863864e-01	   6.2059525833306994e-01	   5.5699003049760354e-01	   7.7364513733248019e-01	   7.1251364940840589e-01	   7.3160199173300744e-01	   6.2895232901805376e-01	   6.5500396629956181e-01	   7.3183248967535064e-01	   6.5441034668540721e-01	   4.4261561897636625e-01	   7.1652154324012440e-01	   7.1165199415192992e-01	   7.5783191668475580e-01	   7.5500108003834943e-01	   6.5142503266627760e-01	   7.7088565619697624e-01	   6.0888232765127392e-01	   6.8915536588329074e-01	   5.4858401130164569e-01	   6.0389087895525906e-01	   4.4539980599255558e-01	   6.1496994828452822e-01	   3.3158898124210984e-01	   6.0924429485730536e-01	   7.2062259440706522e-01	   7.7824672796299987e-01	   7.1124082291153967e-01	   7.4336321999719612e-01	   7.7462158542542126e-01	  -1.2579213474529516e-01	
   6.6748230967740152e-01	   5.1349028312805811e-01	   7.2285046529912977e-01	   8.8231875258448555e-01	   4.9745896139013579e-01	   4.0699674841017963e-01	   8.8075982799875374e-01	   9.2395687890742018e-01	   6.8471264228043838e-01	   0.0000000000000000e+00	   7.2042969350735120e-01	   7.5359875076402605e-01	   6.5497896618069351e-01	   8.1181924655276516e-01	   6.3400247521451369e-01	   8.7770640397285549e-01	   6.8840366305063339e-01	   4.5551303659973941e-01	   7.1568418488889773e-01	   7.8777101723204623e-01	   6.3346718417338232e-01	   5.5680155661278863e-01	   4.1686148305111093e-01	   4.4314106237519996e-01	  -1.6236659220430405e-01	  -1.6378292830652708e-01	   6.2850196658944590e-01	   6.5617337604024972e-01	   4.6085653940403931e-01	   5.6431090987743548e-01	   6.5543594993079157e-01	   7.6153109107511896e-01	   6.7589207166248966e-01	   7.0202846531854712e-01	   6.2465801636874141e-01	   5.7789555028155604e-01	   5.5591773937736155e-01	   5.2088813510064480e-01	   4.6129895092836615e-01	   4.4630923482430007e-01	   4.2006012162948164e-01	   3.7438156521944649e-01	   4.1340039459274924e-01	   2.9849209149135719e-01	   2.4756584126176026e-01	   2.7895351024208426e-01	   3.0748759234326783e-01	   3.1125786876000433e-01	   3.5021371927018918e-01	   1.6401882143184437e-01	   5.9386638499301070e-01	   2.7716520591236415e-01	   3.8858773482778586e-01	   2.7696033767925121e-01	   6.0426853487467558e-01	   5.2432931516009396e-01	   5.1375448118994738e-01	   3.8297281338429057e-01	   3.9220134291191766e-01	   4.3849160361185541e-01	   7.1608116528235788e-01	   7.3405791338940807e-01	   4.7372673084359684e-01	   3.4265846666404809e-01	   4.4257731644545623e-01	   6.6050011965028788e-01	   6.0509551947221851e-01	   5.8064081731273021e-01	   7.1667934809987255e-01	   7.9812751054294662e-01	   6.6195541732881125e-01	   6.9996723248209314e-01	   5.4305957365675628e-01	   3.9128371171457704e-01	   4.0283827955208967e-01	   4.8505569441710128e-01	   6.6992868975673625e-01	   6.4039409727028695e-01	   6.2769488321824674e-01	   3.4884168841220153e-01	   6.5620084875546558e-01	   3.4985262863033495e-01	   5.7959291025259774e-01	   7.1319156182511279e-01	   6.5377389928310758e-01	   5.4448097550344021e-01	   6.3431019032916403e-01	   6.9034981726751576e-01	   7.6300738563383352e-01	   7.9648559044186307e-01	   7.1646729580730273e-01	   6.3604449367598526e-01	   5.8912109876658103e-01	   4.9433756315547606e-01	   3.5929257357672206e-01	   1.2651613422319258e-01	   5.0951614860977101e-01	   6.2577418532058271e-01	   5.8365325123380429e-01	   6.6871282814732169e-01	   6.7718007703308236e-01	   6.4347283439377678e-01	   7.5668380689939618e-01	   6.5949877114082378e-01	   7.3458176683520260e-01	   6.1487144951462402e-01	   5.8407111279630719e-01	   7.5005032199378019e-01	   6.8197635339339119e-02	   3.9228081535277948e-01	   5.3185996271245062e-01	   5.4075862083683179e-01	   5.9642320815449579e-01	   6.0615599454865199e-01	   6.6218220492745439e-01	  -1.5299806033113461e-01	
   8.4971267280306628e-01	   7.0762220109156548e-01	   8.2956602367801946e-01	   7.6020931689855908e-01	   6.4346072829605627e-01	   3.6609977607312921e-01	   8.8866676405147793e-01	   7.6996576113148607e-01	   8.3273250239120411e-01	   7.2042969350735120e-01	   0.0000000000000000e+00	   7.0110795642630708e-01	   9.0609566969777500e-01	   7.7143224513068964e-01	   8.4274230185809229e-01	   7.4676134974449171e-01	   8.4024359641695279e-01	   7.7696169982860219e-01	   8.5803542644260222e-01	   7.7210808600273229e-01	   6.6408685663656442e-01	   5.8070121560883114e-01	   5.7064982520071650e-01	   4.2962863300076248e-01	  -2.8556052899987021e-02	  -5.7095676979681022e-02	   5.4675095371235227e-01	   4.8211853457083254e-01	   7.4910277599947106e-01	   7.7463660330436701e-01	   7.4359884444878044e-01	   6.9892144391873368e-01	   8.1704320485309201e-01	   7.9443162415579460e-01	   6.1269447531397070e-01	   5.4092900546608336e-01	   7.2737705336963465e-01	   6.8791410578303425e-01	   7.2446512187491008e-01	   6.4039374946384964e-01	   6.0627098237059085e-01	   6.2261448645646433e-01	   5.3867132906657211e-01	   4.4555563142755805e-01	   4.1719601842011722e-01	   4.4765302830045206e-01	   4.3278842483293090e-01	   4.6517483317856345e-01	   4.5196054220103726e-01	   2.8525600879377261e-01	   6.4651284415360188e-01	   3.7301982335634537e-01	   4.8648863371157602e-01	   4.3270380831611865e-01	   7.0703681180392519e-01	   6.4717107187372513e-01	   7.3073253948051375e-01	   6.1461917703861035e-01	   4.6413237257918538e-01	   4.4767356818877302e-01	   7.8795245684716919e-01	   5.5672339985539177e-01	   6.1688420325344950e-01	   4.8573023220999889e-01	   5.1541132416461588e-01	   5.2687967368008404e-01	   6.4196394107750787e-01	   5.7168533621704243e-01	   7.4950152837619666e-01	   7.0623055580135952e-01	   7.5935771624651971e-01	   6.9545869435508290e-01	   7.3304316249855628e-01	   6.7290714058979828e-01	   6.2780901948479306e-01	   7.3003501881529531e-01	   8.3589829718689779e-01	   6.6988055737480645e-01	   7.9380456515889142e-01	   6.8180617169958668e-01	   7.8106091242840736e-01	   6.4982652045923595e-01	   8.4218659426403186e-01	   8.3437881268982994e-01	   7.9310545368401097e-01	   6.1978619145848723e-01	   7.0230827842350529e-01	   6.3720875784901765e-01	   7.8581586595599373e-01	   6.9252013645310517e-01	   6.3822496363262515e-01	   6.3328810232044908e-01	   4.9280721444563413e-01	   6.7464715797554264e-01	   5.7772708805579676e-01	   3.4602872761493692e-01	   6.8806312090371335e-01	   6.2829157041785266e-01	   7.0042939830470019e-01	   8.0400315540209588e-01	   6.1597971250671701e-01	   6.9492245816035492e-01	   7.0199911120050351e-01	   6.8773134055184060e-01	   6.2284910469413790e-01	   6.0330455792334592e-01	   4.9271097106548051e-01	   6.9351724499212031e-01	   3.4811649929301486e-01	   5.9654201562476306e-01	   5.8748323913740275e-01	   6.7980940494531972e-01	   6.4932112432348932e-01	   6.9063106814647468e-01	   7.7975675902283226e-01	  -1.4055885825626530e-01	
   7.0273659087890539e-01	   5.8922062815713283e-01	   5.9891047902167938e-01	   7.7347233846431651e-01	   3.9866969626443571e-01	   3.7949745721460726e-01	   7.2472598441878322e-01	   8.3800648460693328e-01	   5.3405677849876176e-01	   7.5359875076402605e-01	   7.0110795642630708e-01	   0.0000000000000000e+00	   6.2786884955734845e-01	   8.9206882781550423e-01	   5.4703176678644216e-01	   7.7660660958928684e-01	   7.9049853066862075e-01	   6.2395710636997703e-01	   6.9786222092017458e-01	   7.9190214750159349e-01	   4.9910522026225712e-01	   4.9103105408559589e-01	   2.3494765084917277e-01	   3.5136466951398587e-01	  -1.3104406671213809e-01	  -9.5543329963984944e-02	   4.4057559004025126e-01	   4.4297096388698909e-01	   7.0706412969140642e-01	   7.6040468791803484e-01	   5.9296924303248533e-01	   7.4156364645008210e-01	   8.1381509985390688e-01	   8.5823983082107969e-01	   4.5191625158212612e-01	   4.5103104265118310e-01	   5.0005889960462468e-01	   4.8654923131537398e-01	   5.0525891749857554e-01	   5.1662011084088222e-01	   5.8519415552040654e-01	   5.3076382313385440e-01	   3.9016555953468424e-01	   3.2656544689698608e-01	   2.8833596358913577e-01	   3.3507995072288643e-01	   3.2832666479230910e-01	   3.1649598309628013e-01	   3.7185022962560343e-01	   2.8761631310618230e-01	   5.8100914162097084e-01	   4.0279689677596531e-01	   4.8590396329565327e-01	   2.8496841846731924e-01	   6.3325395336388801e-01	   5.2530229913255344e-01	   5.3982186430291690e-01	   4.2788789583751830e-01	   4.7718789565415165e-01	   5.6427256433476725e-01	   6.8802981342593106e-01	   8.2210813429532703e-01	   6.7372632268507626e-01	   7.3967477912303070e-01	   2.3675897324183667e-01	   5.7246038277726341e-01	   5.4034803432762624e-01	   6.2630493279840116e-01	   6.2371591671371740e-01	   6.4935797874016266e-01	   6.7362178429709252e-01	   7.3154592086959092e-01	   6.3072069209400061e-01	   5.7122328772871378e-01	   4.8965264166764078e-01	   5.8616403151126384e-01	   6.8475693355255307e-01	   7.5146918745665081e-01	   6.7992474675075820e-01	   5.0643520929834573e-01	   8.2586692237933246e-01	   6.0506017787880317e-01	   6.2302708064149792e-01	   7.6833512146339400e-01	   6.2733291726636620e-01	   5.8820084582161680e-01	   4.0904726401929159e-01	   5.0007763379597936e-01	   6.0317490225178549e-01	   7.0931548332664529e-01	   6.3592802388258329e-01	   4.8590130260547643e-01	   4.2971029941458982e-01	   4.4425601082377664e-01	   3.2577812602998052e-01	   1.6714999997461433e-01	   4.7114495330627987e-01	   5.9730018819344388e-01	   5.3508522062068931e-01	   6.1852527863166684e-01	   3.9024172910197780e-01	   5.0189620958889214e-01	   6.1665740608324593e-01	   5.8623674575484408e-01	   6.7528598594674716e-01	   4.6507512634443571e-01	   4.8763781533983425e-01	   5.6176510519554212e-01	   1.1438861660615324e-01	   3.8907936142260341e-01	   5.0393041607288169e-01	   5.5682645295316369e-01	   5.4433846313701184e-01	   5.3175137915770465e-01	   5.4915748589222357e-01	  -3.2978064085492209e-01	
   7.7538150975670983e-01	   5.8236609444384624e-01	   7.6234313063380132e-01	   6.4964814604335985e-01	   4.5140846642746091e-01	   1.0419120600936035e-01	   8.0845165488580140e-01	   7.1731551622041345e-01	   6.9778192816607421e-01	   6.5497896618069351e-01	   9.0609566969777500e-01	   6.2786884955734845e-01	   0.0000000000000000e+00	   7.6023113140481680e-01	   8.2323613559707731e-01	   7.3425737911417621e-01	   8.2540763967047104e-01	   7.0919335378401205e-01	   7.5147562650550981e-01	   6.6461539729950081e-01	   6.0591812990669447e-01	   5.0289972025509011e-01	   5.2420732760513389e-01	   3.7522289918078955e-01	  -1.0937765925069193e-01	  -1.7151011385343595e-01	   5.1422412458646583e-01	   3.6695248809441128e-01	   7.0090191786165856e-01	   7.3118456969903534e-01	   7.2173923838100285e-01	   6.2845548105307303e-01	   7.7377869433095392e-01	   7.0707400264457476e-01	   5.6380348380915690e-01	   4.1370542810455069e-01	   7.2480649697300537e-01	   6.6796558171567144e-01	   6.6476741323028266e-01	   6.0177752747519930e-01	   5.7428956556743382e-01	   6.9021526127033916e-01	   4.9020524587499020e-01	   4.4867557345527764e-01	   3.3866443626703113e-01	   3.5922133680635004e-01	   4.2352132870066089e-01	   4.5295470103415658e-01	   4.0981663280609615e-01	   2.2004603529018152e-01	   5.9230860212364322e-01	   2.8354639353832922e-01	   4.4111169409713791e-01	   3.4411122308792153e-01	   7.1585381986848629e-01	   5.8391123232777098e-01	   6.2518020746714820e-01	   4.4312536134541336e-01	   3.2606753299986624e-01	   2.9561945672071199e-01	   6.3267434999890326e-01	   4.4183436719449221e-01	   6.3885846282062597e-01	   4.8186791865782708e-01	   3.8289821971596749e-01	   3.0451919432750663e-01	   5.2335846381794759e-01	   4.3272964618583021e-01	   7.1859992725302269e-01	   6.4060712549556309e-01	   7.7082767659056972e-01	   6.8343471318261817e-01	   7.6168513397343351e-01	   6.6977771058217983e-01	   6.9658797523096494e-01	   7.5816149659538601e-01	   8.5663468239195373e-01	   6.3686770265240966e-01	   6.8945817584254510e-01	   5.4496117935499089e-01	   7.4205267255025364e-01	   5.3401464604614135e-01	   8.2069080541782491e-01	   7.5893382358978267e-01	   7.2816067873020540e-01	   5.1459777951716124e-01	   6.8543120516619382e-01	   6.6489682306993569e-01	   6.9617533657378683e-01	   5.6658932341012747e-01	   5.1231000020204731e-01	   5.0424956014248246e-01	   3.1593779796451588e-01	   4.7858305491435804e-01	   5.1432900894154976e-01	   2.3575066004340567e-01	   6.7053729427720810e-01	   5.5664241146775817e-01	   6.3094160367329422e-01	   7.3646126324965600e-01	   5.8333115611801178e-01	   5.8865254372605491e-01	   7.0843239656594370e-01	   6.1472871280255115e-01	   6.2282973781245454e-01	   5.6894310840711393e-01	   4.2853806740269140e-01	   6.7701535630564846e-01	   3.4472341377109955e-01	   5.8322809797263586e-01	   5.2535926735213734e-01	   5.4596408162290733e-01	   5.8279224333535373e-01	   6.2701968626218729e-01	   7.3430360612886392e-01	  -1.3987871025516257e-01	
