   0.0000000000000000e+00	   6.9452074576373857e-01	   5.0906354406841736e-01	   5.0700445124025983e-01	   3.1028722443969914e-01	   4.0447039238995897e-01	   5.8914174677797215e-01	   6.2792628421478025e-01	   5.4109064092968784e-01	   6.6639264144232724e-01	   7.9640821502663395e-01	   6.6071442441954276e-01	   7.3105945132947658e-01	   7.4424656109071219e-01	   5.4863555462458569e-01	   7.0334788411278626e-01	   6.5871099726699500e-01	   6.1345459276755754e-01	   7.8388827146117623e-01	   7.0911869582769116e-01	   5.5102027712839896e-01	   4.6777300193527971e-01	   2.7326967384789702e-01	   2.8243426798495158e-01	   2.2340023595770014e-01	   2.5589483797118295e-01	   2.0882086309014444e-01	   2.4289750351200556e-01	   6.7812358872281564e-01	   6.2403052121238611e-01	   2.9839578102435699e-01	   3.9225726866007560e-01	   7.1006301795792170e-01	   6.6331162646675823e-01	   2.7940146353492112e-01	   2.4592199700728967e-01	   6.0374807381689510e-01	   6.1086283050598467e-01	   7.2104293368581440e-01	   6.7358873833743882e-01	   7.2182678194610772e-01	   6.1264206113596276e-01	   4.8800987312195343e-01	   4.5197515822473655e-01	   2.1147343926906673e-01	   2.1612589388071762e-01	   6.4705919367845532e-01	   5.4781964010842343e-01	   5.8412689624018277e-01	   3.2206200768798265e-01	   7.5875474689669853e-01	   4.7916692966085372e-01	   8.4693854943553193e-01	   5.5753501248347082e-01	   7.3892362093575303e-01	   6.4838128288881780e-01	   7.5006372594280080e-01	   5.5054564674444895e-01	   7.3937122028070301e-01	   5.9643969804710628e-01	   7.1359252633435966e-01	   5.6803416622951186e-01	   6.4448446999838116e-01	   6.0309071670280012e-01	   4.9578849906592720e-01	   4.4743968979381410e-01	   5.4404160375374522e-01	   4.2805814633834316e-01	   6.5543375155259598e-01	   2.9142086450886961e-01	   6.0318879939758596e-01	   5.2779499018992937e-01	   8.2821540755609946e-01	   7.3189062134333094e-01	   7.8600533139016038e-01	   5.5496318719071880e-01	   8.6698462014882183e-01	   8.7398234621790261e-01	   6.3728074097898602e-01	   7.0934875980395673e-01	   7.6599661574208289e-01	   7.1302718957685363e-01	   7.1556140304565818e-01	   8.3708269119239187e-01	   7.1322480094800966e-01	   7.3822581372312068e-01	   5.3971118547869223e-01	   6.1915391013460630e-01	   7.4954479065557877e-01	   6.5373706540004484e-01	   5.9948824563767666e-01	   1.6919736237113789e-01	   4.1534901952034925e-01	   2.5782412236323243e-02	  -1.4182154809802333e-01	   2.3811523621689384e-01	   7.1257510082053621e-01	   7.7312996448328586e-01	   6.7281399660682029e-01	   5.9007442785919584e-01	   5.2549869826539475e-01	   4.6253780243480418e-02	   5.3511675332354958e-01	   9.5237428706286043e-02	   2.4108090974849353e-01	  -1.6591100507795792e-01	   2.5264010606801779e-01	  -2.4018654362406217e-02	   2.8475238038991724e-01	   3.0917425101901269e-01	   4.7977962816257291e-01	   6.9100103369255594e-01	   5.5676848533312751e-01	   6.7282992392329033e-01	   4.1566317985137086e-01	   6.6872679926482909e-02	
   6.9452074576373857e-01	   0.0000000000000000e+00	   2.3818789141042224e-01	   3.1524054842029237e-01	   1.3071938206144962e-01	   1.6320137773540819e-01	   2.9947366593088764e-01	   4.1952845537187911e-01	   3.8421516853647014e-01	   3.7275841292674761e-01	   4.7279215630319482e-01	   5.6165154566279463e-01	   4.4354989878021633e-01	   4.2406897492624035e-01	   2.9053339500884312e-01	   3.6094187957059076e-01	   5.6597245951518893e-01	   6.5637564764119216e-01	   6.1618447402952936e-01	   6.2510085393901837e-01	   4.2092440636459444e-01	   4.4687137640686347e-01	   6.7697331954216667e-03	   3.5994075728019083e-02	   5.1865805854385466e-02	   2.5778843809979864e-02	   1.7750496018864698e-01	   2.6061868830550367e-01	   4.2480221385958689e-01	   4.8027453201575171e-01	   3.8323218466048969e-02	   1.5136293381850574e-01	   4.4448159376651319e-01	   4.4202540204218776e-01	   5.0917466971042415e-02	  -1.6664674528379126e-02	   4.5599520414294581e-01	   5.5012119749352029e-01	   6.3187094835961033e-01	   6.4401385888677232e-01	   6.4948834785542797e-01	   5.5803789541912086e-01	   5.1823378432925704e-01	   5.3585781300642743e-01	   2.2063598268017054e-01	   1.9945366254476202e-01	   6.2462564558647815e-01	   6.6412374165494337e-01	   4.7900773384597034e-01	   2.6687786452606810e-01	   5.9665591903978543e-01	   3.6025074601755114e-01	   6.6295847634690697e-01	   4.2773086188294185e-01	   7.2230050781129074e-01	   6.9350402230312092e-01	   7.9207055027324802e-01	   8.1632996118571333e-01	   6.0124789599824291e-01	   5.5477713411529417e-01	   4.9635305537220181e-01	   5.2007312831828534e-01	   4.0458990147153673e-01	   4.8802598212963433e-01	   2.5805586893801685e-01	   2.2686146449870453e-01	   2.5214688648166750e-01	   1.5520817216011754e-01	   4.6395337380471191e-01	   3.3569516701843488e-01	   2.7484571805803271e-01	   2.7635213333373443e-01	   5.9349386564862505e-01	   5.8954184484836214e-01	   5.7261837723675491e-01	   5.5032359398899233e-01	   6.0440842041704501e-01	   7.1758172151075217e-01	   6.3936476420824251e-01	   5.7481227326465811e-01	   6.1765523664413935e-01	   5.6349806683727710e-01	   5.9453530531409360e-01	   7.6221912874065634e-01	   4.7206795040549332e-01	   4.9375098582983790e-01	   4.7075112541908648e-01	   4.9613021630743837e-01	   5.5993220004054400e-01	   5.9053555401602686e-01	   5.1230736432696755e-01	   2.3927836810002784e-01	   1.9723223365334747e-01	   1.8523459038440764e-02	   2.7079492849700842e-01	   4.3265693008554984e-01	   7.4755000725524923e-01	   7.4331169836485333e-01	   7.3441891067497922e-01	   6.1447792368994825e-01	   4.3040492106556760e-01	  -3.5850012391964767e-02	   5.4300732710245936e-01	   1.9284676287300944e-02	   1.8688795893351565e-01	  -1.2147826417708148e-01	   3.2462053426142590e-01	  -8.2908356773968489e-02	   1.7111110919355646e-01	   2.4699237014750569e-01	   4.5952114331309452e-01	   7.5979203488429947e-01	   5.7389860143910498e-01	   4.6219613214089073e-01	   3.2482702529940144e-01	   1.2258539435503690e-01	
   5.0906354406841736e-01	   2.3818789141042224e-01	   0.0000000000000000e+00	   8.1839059983826257e-01	   7.8167576727091037e-01	   5.5698137923009594e-01	   8.3113036722783185e-01	   6.1172784317400453e-01	   6.0512452533666550e-01	   4.7516161554693725e-01	   3.6415570057791746e-01	   1.9851424056585987e-01	   6.3036980988700264e-01	   6.8409613159020666e-01	   5.7506869074301681e-01	   3.6587201048916063e-01	   2.7250651800057613e-01	   1.7984517407469969e-01	   6.9181260645820031e-01	   5.0478976833539013e-01	   6.8290447991820646e-01	   3.6272469189185164e-01	   8.1013393580333326e-01	   7.9571361915949523e-01	   7.8440676250952690e-01	   7.5759843080591760e-01	   4.8312317365265300e-01	   2.6636295996929554e-01	   4.3986617378488729e-01	   2.4758395631501548e-01	   6.7216899960468202e-01	   7.2588168068777148e-01	   6.8341841223607647e-01	   6.0873081845781096e-01	   5.9276175746511206e-01	   6.3670799474880690e-01	   6.2963371793151945e-01	   4.4142803012959031e-01	   5.8087513949363712e-01	   4.3949677646146135e-01	   5.0711409765184201e-01	   3.8082845858653430e-01	   6.1323897586142517e-01	   5.0458055010074554e-01	   4.1893799769899531e-01	   3.0570204841390763e-01	   5.0565370594863956e-01	   4.8137125948461340e-01	   3.5111091658612142e-01	   1.8172896411874315e-01	   5.8116628601098563e-01	   3.5077199267855963e-01	   5.2314943524064306e-01	   4.2329943397661862e-01	   5.6469068315543547e-01	   5.0582275092833895e-01	   2.8185396713846272e-01	   2.3629154213797782e-01	   4.8456870937553065e-01	   3.1735509788462202e-01	   2.9811993508199874e-01	   3.9514347364760949e-01	   2.6054620134926143e-01	   2.0242440991957780e-01	   6.9905698610147260e-01	   6.1719367813039117e-01	   6.5714978023225745e-01	   4.7543986960695206e-01	   6.4265666231518648e-01	   5.1771447879253663e-01	   7.8681107954196827e-01	   6.4664978065125200e-01	   5.9969256217273692e-01	   2.5908667714141209e-01	   5.1752245713605627e-01	   3.5542439435720852e-01	   5.9233860809183847e-01	   5.6953973555157933e-01	   5.9182329634929354e-01	   4.4412476464420980e-01	   5.8044031493116877e-01	   6.4059807486161857e-01	   6.3964283275536715e-01	   5.8453230930785205e-01	   8.1297519314959299e-01	   7.8219908993799758e-01	   5.2673378009652905e-01	   6.5597501838553929e-01	   6.1776854696828076e-01	   6.3263120288224139e-01	   5.9990953282256121e-01	   4.6587592236902475e-01	   6.6350207640405257e-01	   5.1149333312829681e-01	  -1.7885776510489454e-01	   2.8487160568896730e-01	   5.2289591193976692e-01	   5.0970402639775636e-01	   4.4852887919151563e-01	   5.4306150175183487e-01	   5.2309977346741054e-01	   4.2152359392677080e-01	   5.0930961038078526e-01	   4.1150322013752755e-01	   5.6422339622143947e-01	   1.9089306813603038e-01	   3.2126144137066331e-01	   1.9458621888607230e-01	   1.3368617863397889e-01	   1.5467807083896976e-02	   5.5927033070676346e-01	   3.0633235586156088e-01	   4.3119433360899412e-01	   5.6278653301722747e-01	   6.3279903683383854e-01	   1.7968864294509174e-01	
   5.0700445124025983e-01	   3.1524054842029237e-01	   8.1839059983826257e-01	   0.0000000000000000e+00	   6.9666690713536161e-01	   7.1577060875958076e-01	   7.9330559218338614e-01	   8.3017773527165784e-01	   5.6326571780032486e-01	   6.3938603993146437e-01	   3.6744985931857299e-01	   3.5966145757865897e-01	   4.7091614016104261e-01	   6.8829645702176023e-01	   2.8007073663342974e-01	   3.4279296172690821e-01	   3.4465267353007900e-01	   6.1427438359595729e-02	   5.3403555789093204e-01	   5.3977458130759204e-01	   5.8266687059055178e-01	   3.4670575076682419e-01	   5.4016969537631265e-01	   7.3601767703549403e-01	   5.5287377444631314e-01	   6.0896341905857643e-01	   2.5863239999929843e-01	   1.4658786183559674e-01	   4.0555358949809195e-01	   2.4346217967552528e-01	   5.1620263476953088e-01	   7.1473530500655169e-01	   5.6519140057815620e-01	   6.3581103904146963e-01	   3.3854659785023111e-01	   5.2993870882368121e-01	   4.5066197788011764e-01	   3.6922551218726507e-01	   4.9706725615123382e-01	   4.2710882531819955e-01	   3.7363339973343146e-01	   3.3021691547851340e-01	   6.1889005513656958e-01	   5.3853303977426092e-01	   4.2714607279582706e-01	   3.9262792324036389e-01	   5.6018038990794428e-01	   5.3218016138044155e-01	   4.0574211230004609e-01	   2.2148797223089522e-01	   5.9002948040307257e-01	   4.0827083517508678e-01	   5.5290927732688078e-01	   3.8411634632654512e-01	   5.5396003246876147e-01	   5.4809782153095221e-01	   2.9328067308381056e-01	   1.5461635652029657e-01	   5.2063490548489477e-01	   3.9435426194656342e-01	   4.4761848219273909e-01	   6.0765165826735901e-01	   3.2211137909413162e-01	   2.8860889793271116e-01	   5.6040330061928811e-01	   6.9172144118600765e-01	   5.8593326577793103e-01	   5.1593243442418268e-01	   5.1062033917177652e-01	   4.1534050399821637e-01	   6.8177175276962476e-01	   6.4183043905731518e-01	   5.5283797252800382e-01	   2.0345298236176329e-01	   4.2815817280256663e-01	   3.5056947646152625e-01	   4.8607017510446482e-01	   5.5462373697535450e-01	   5.6535427467023625e-01	   2.7843830619841065e-01	   5.4109944087925643e-01	   5.0155447710773549e-01	   4.3899952376007367e-01	   5.4007534550929948e-01	   5.9998298499557101e-01	   7.1146454795031044e-01	   2.6440115736343861e-01	   4.3001794863300824e-01	   5.4594528213021187e-01	   7.3063981803496536e-01	   7.1343901938572507e-01	   4.9306968651265376e-01	   6.7425637874984790e-01	   3.9125788925926563e-01	  -2.9448393314560095e-01	   1.3007672396412551e-01	   5.1637859767508831e-01	   5.0894313852284490e-01	   5.2739105590462432e-01	   5.8348784716321100e-01	   6.5983186131939686e-01	   3.7300101145259834e-01	   5.7889702873065785e-01	   3.3924620063184457e-01	   5.3448759504069099e-01	   1.3093666754792752e-01	   5.5976394363149540e-01	   2.2390364320117384e-01	  -3.4676133746155066e-03	  -1.2075987420481096e-01	   5.3001090657433303e-01	   3.6829978495124083e-01	   5.0462547144740033e-01	   5.3692863117673872e-01	   4.6645513801994853e-01	   1.7582503306663771e-01	
   3.1028722443969914e-01	   1.3071938206144962e-01	   7.8167576727091037e-01	   6.9666690713536161e-01	   0.0000000000000000e+00	   7.2210249022661865e-01	   8.3180923803028572e-01	   6.1853866461476126e-01	   6.5833311894675095e-01	   4.8620322556458079e-01	   3.0899617446205085e-01	   2.3495657042298584e-01	   4.7759175359653394e-01	   4.5254755474526553e-01	   2.8242868643874108e-01	   8.2004861965897791e-02	   2.7345161507808691e-01	   1.6857939279473899e-01	   4.3947871102568753e-01	   4.0537214522659365e-01	   5.7432349032365426e-01	   2.1418880276215310e-01	   6.1494977394904882e-01	   5.9787429540063020e-01	   7.9455828046715038e-01	   6.7526334375630581e-01	   5.5193269052281324e-01	   1.3874750675491376e-01	   3.1000184620846233e-01	   2.2376626527027890e-01	   3.8774131623438807e-01	   5.2520906083649388e-01	   5.7012164694137135e-01	   5.5088143400712375e-01	   5.3158640879308128e-01	   6.0152511337593195e-01	   6.4019290258701578e-01	   5.3180266230161877e-01	   4.0140888782451567e-01	   4.6081693578322835e-01	   4.0532638807651866e-01	   4.3443063647164160e-01	   4.1298299256383886e-01	   3.2204225686765303e-01	   3.2681544667913665e-01	   2.9956979937080486e-01	   2.8108910069181892e-01	   3.1012408284460491e-01	   2.4790485642815194e-01	   9.1695064708828308e-02	   4.1160605422481189e-01	   2.4215511358702396e-01	   3.6351651897199527e-01	   3.3396418639450526e-01	   3.9446789305071012e-01	   3.7235888306457965e-01	   2.3021577754388195e-01	   2.8447864965849839e-01	   4.3523915516398037e-01	   2.9064249455620983e-01	   4.2939969195251665e-01	   4.5209596717351452e-01	   2.4723611581378047e-01	   2.1281435084867584e-01	   6.7979009351970276e-01	   6.3831614116218938e-01	   5.8153661935591439e-01	   4.5074876109488426e-01	   4.9497216779328068e-01	   5.1249715406560414e-01	   5.9348265606128947e-01	   4.8022640039395348e-01	   4.6936515768966924e-01	   1.2838680408674855e-01	   4.5154864982661608e-01	   1.9395668460194371e-01	   4.0720039507406547e-01	   4.3815145197328220e-01	   4.9004520233340187e-01	   3.2506115921424683e-01	   4.2014654124588929e-01	   5.1550834274483104e-01	   4.5075873111745934e-01	   4.8312638995139318e-01	   5.6972819570293265e-01	   6.6804147906271960e-01	   4.3602839684491290e-01	   5.8228515574251571e-01	   5.6878899880316547e-01	   6.2123959307070298e-01	   4.2353125064898095e-01	   5.6783371706412977e-01	   5.3357490043340827e-01	   5.1605439381880214e-01	  -6.0803283277052249e-02	   2.8156971513462770e-01	   3.5781552915505332e-01	   3.3198522853400358e-01	   2.6312196552890488e-01	   3.9359317883223277e-01	   4.8220029730321862e-01	   3.6392723955734563e-01	   4.8789303041613780e-01	   3.2945991653993401e-01	   4.9869069022821227e-01	   1.7273695982916223e-01	   3.1676628273467833e-01	   2.0916262499000388e-01	   1.4945810043204305e-01	   8.7916104965478026e-02	   3.9745044708914812e-01	   2.0944805250163340e-01	   3.6525906613251680e-01	   4.2895272037037346e-01	   4.6415331822504591e-01	   3.0300295237248631e-01	
   4.0447039238995897e-01	   1.6320137773540819e-01	   5.5698137923009594e-01	   7.1577060875958076e-01	   7.2210249022661865e-01	   0.0000000000000000e+00	   6.3699570894760349e-01	   7.6414315780920750e-01	   4.5263010847872320e-01	   7.7964804608742644e-01	   4.2865397349302681e-01	   3.9211665342003332e-01	   3.9535777761677088e-01	   5.2329211654586005e-01	   1.9543975096222141e-01	   3.5693220753295224e-01	   4.2602009715212907e-01	   1.8407572130537894e-01	   3.4433060505204094e-01	   4.3817388422495129e-01	   3.3824507368377005e-01	   2.3537092642074456e-01	   3.3153814551939320e-01	   4.3890586327953618e-01	   4.0526407039881052e-01	   4.2986731576543935e-01	   2.0403191984016200e-01	   4.9045618935419179e-02	   4.3479471625968152e-01	   3.4615936206438169e-01	   2.4362567645665428e-01	   4.8306329118915647e-01	   4.8480009865087348e-01	   5.7246258382057091e-01	   3.1329383679686995e-01	   4.7285478452726137e-01	   3.5216216715116527e-01	   4.7484732201783025e-01	   2.9970197427857215e-01	   4.8448808047559833e-01	   2.1653288223693229e-01	   3.6363216251592667e-01	   2.7215403424040996e-01	   2.2338695552346383e-01	   2.3968327116927432e-01	   3.0343682730388971e-01	   3.0285314495672017e-01	   2.6163521183628358e-01	   2.6212085180280253e-01	   1.4133330025911570e-01	   3.7659533517675403e-01	   2.6343581530844284e-01	   4.1512714066335765e-01	   3.0622790732327254e-01	   3.3777441753999315e-01	   3.5962115494345331e-01	   2.8868921164031136e-01	   1.6463806225780903e-01	   4.5289224373800269e-01	   4.1452173202714931e-01	   5.0971633952069995e-01	   5.3954214436394632e-01	   3.8424713707488845e-01	   3.6184867491025552e-01	   5.0329517164018167e-01	   5.7194811121824440e-01	   4.5902719278287918e-01	   4.6194892692698564e-01	   3.8464822388578335e-01	   2.8582249932365278e-01	   4.9780274225273752e-01	   3.6418832260955869e-01	   4.7905192164151911e-01	   2.4867911220584482e-01	   4.7806523862696326e-01	   2.2858293885587652e-01	   3.8213691797799110e-01	   4.5949433444119009e-01	   4.4022064839469383e-01	   2.6562891668785094e-01	   4.3262420072961993e-01	   4.4109052025450740e-01	   3.6556310501817124e-01	   4.9785420253232360e-01	   4.2556962568342616e-01	   6.0056622917052893e-01	   2.2783664280670435e-01	   4.3826795907957916e-01	   4.8454949415050569e-01	   6.2512742560952117e-01	   3.8825008993853038e-01	   3.9638232020713182e-01	   4.8769370042188875e-01	   2.5304186802042100e-01	  -2.8642478487577705e-01	   1.2312099938519126e-01	   2.6581857679476228e-01	   2.9931354930548626e-01	   3.1390236409062211e-01	   3.3943357115598904e-01	   4.8241282122999940e-01	   2.8012335174035319e-01	   3.9685509612394743e-01	   2.3322832895307372e-01	   4.3637938140834776e-01	   1.1517688369502244e-01	   3.7042622472021353e-01	   1.6891327762528024e-01	   1.0397088339657259e-01	   2.4793963614805500e-02	   2.9320449012163430e-01	   2.6609328924631520e-01	   3.0409975927821431e-01	   4.2396765883161258e-01	   3.6992135509772361e-01	   1.9664321821349617e-01	
   5.8914174677797215e-01	   2.9947366593088764e-01	   8.3113036722783185e-01	   7.9330559218338614e-01	   8.3180923803028572e-01	   6.3699570894760349e-01	   0.0000000000000000e+00	   7.8385536770492914e-01	   8.0980802420379183e-01	   6.1661663466420069e-01	   6.0304966203932875e-01	   5.1059438857039918e-01	   6.7388233582715196e-01	   6.8795784139436833e-01	   4.0343697136884060e-01	   3.4078432304756434e-01	   3.9662668873996759e-01	   2.6563605430255938e-01	   6.3068128653412125e-01	   5.5308702209567207e-01	   6.0467805568350363e-01	   2.9895242325399685e-01	   5.6702385439482283e-01	   5.9286872447473560e-01	   6.3239983911590691e-01	   5.6621455248611086e-01	   3.2625812342102906e-01	   5.6605774584732531e-02	   5.0918082967508815e-01	   3.5209934735562715e-01	   3.8517641267322977e-01	   5.6444142497204730e-01	   7.2974612012496975e-01	   6.9316500535957715e-01	   4.6011717409225106e-01	   5.2463427663797702e-01	   6.6447226130254422e-01	   4.6067261128687259e-01	   5.2279240576152730e-01	   4.6996363044502054e-01	   5.5655243523959408e-01	   5.0605184071494158e-01	   4.9230425579658688e-01	   3.7244905868320199e-01	   3.2522607143375643e-01	   2.7912043113018215e-01	   4.0838855233958715e-01	   3.8773204020164742e-01	   4.1582487441560512e-01	   1.7713372514705922e-01	   6.3573085276963037e-01	   3.4104953615656830e-01	   5.8784881451638937e-01	   4.4837246599491609e-01	   5.0243689831259608e-01	   4.2683202024758526e-01	   2.7625134505082244e-01	   2.5359563547839725e-01	   6.1048110212708173e-01	   3.8667163408185656e-01	   6.5544875093523824e-01	   6.3243214328395081e-01	   4.3636452884696364e-01	   3.8569835600182323e-01	   7.2306545606245320e-01	   7.2493244224902564e-01	   6.1088825375440359e-01	   4.5273124889634075e-01	   5.9662000257467829e-01	   4.3281796717337406e-01	   7.2802233127757154e-01	   6.2360810001786460e-01	   6.8256486652143877e-01	   3.6173539337431304e-01	   5.9320260176147999e-01	   3.7897977577590736e-01	   5.4997781772343135e-01	   6.3708938419174177e-01	   5.7389789632958443e-01	   4.8340672100924909e-01	   6.3728095878505220e-01	   6.7559115391086744e-01	   5.2900638405144829e-01	   6.2125789962502664e-01	   6.8744087360701800e-01	   7.6588573273346894e-01	   4.2750898569859375e-01	   5.4913618491280869e-01	   7.4430781178865690e-01	   7.0981863786878796e-01	   5.7411103383352313e-01	   4.6989895669104420e-01	   5.7062669436599756e-01	   4.0860951624666020e-01	  -1.3959222432227400e-01	   2.0339980605572469e-01	   4.8512995367547540e-01	   5.1338431712901866e-01	   3.8870224276725007e-01	   4.8796647803063897e-01	   6.1967074737155114e-01	   2.5783440153237025e-01	   5.8248120501159362e-01	   2.0297987910963511e-01	   4.1978634823810018e-01	   3.1989235357390636e-02	   3.9405334115049384e-01	   1.5517045114661815e-01	   2.4763522879021296e-01	   9.5151441610572152e-02	   4.2706730962236467e-01	   3.8876279114770385e-01	   4.9923574439667828e-01	   5.2455607154709316e-01	   4.6646046604486419e-01	   1.3701323517002525e-01	
   6.2792628421478025e-01	   4.1952845537187911e-01	   6.1172784317400453e-01	   8.3017773527165784e-01	   6.1853866461476126e-01	   7.6414315780920750e-01	   7.8385536770492914e-01	   0.0000000000000000e+00	   6.3697639022617747e-01	   8.6628694509498538e-01	   6.5579341273223046e-01	   7.1614664181236609e-01	   5.0225983413368325e-01	   6.8155068763083260e-01	   2.2937401896316140e-01	   4.6497612853397774e-01	   6.0885175095059940e-01	   2.8417094522207609e-01	   5.1084931997321226e-01	   6.0337794965301628e-01	   4.7697360216837564e-01	   3.9328387542886983e-01	   2.2451034430286135e-01	   3.8453330699808885e-01	   2.8099018187169011e-01	   3.0679893124904545e-01	   2.8617071505801017e-02	  -9.5063686579648018e-03	   6.2358970758743559e-01	   5.2338529930429145e-01	   2.9207479760587063e-01	   5.7314815334954594e-01	   6.2524615427298080e-01	   7.5436811292733696e-01	   1.7234137263026242e-01	   3.1795953229542412e-01	   4.4859965977259381e-01	   4.3441921262489697e-01	   4.6260117256461314e-01	   4.6375490941305220e-01	   4.2057482473090185e-01	   4.5320747548962903e-01	   4.6519457395952118e-01	   4.4358695019277516e-01	   3.5658092981261447e-01	   3.8278355762140137e-01	   4.7831900363188901e-01	   4.6934613518723223e-01	   3.9055740913759684e-01	   1.9324266914151028e-01	   5.4591818099397782e-01	   2.6180250266197908e-01	   6.3376926658792188e-01	   3.6158382248071469e-01	   4.8823083069735740e-01	   4.4380184069709522e-01	   4.2418095311359427e-01	   2.8795433731930520e-01	   5.6174881156567491e-01	   4.2756559604033517e-01	   7.4707989577086953e-01	   8.2463158508048373e-01	   5.5327522714157973e-01	   5.6307841555071503e-01	   5.5952724939287435e-01	   7.3921930202450614e-01	   4.4167094320293743e-01	   3.9645402029561139e-01	   4.7183214752825803e-01	   2.5123861548004445e-01	   5.9724473242238596e-01	   5.6894694033276538e-01	   7.1898856862334082e-01	   5.0213933753923790e-01	   5.8252346500593788e-01	   4.7185454759794010e-01	   5.3667782117232932e-01	   7.0073520297692915e-01	   6.5706465483715037e-01	   4.3033009477800133e-01	   6.4797067944046294e-01	   5.8363560484189247e-01	   4.0102464026758600e-01	   6.0928381035421619e-01	   4.9955872790471145e-01	   6.3793428514210992e-01	   1.7180434644379888e-01	   2.8843477142890689e-01	   5.8409847956237337e-01	   6.7492416860477289e-01	   6.0357017672388946e-01	   3.8217749477163254e-01	   5.3588370681942099e-01	   2.0412105029608291e-01	  -2.5397690354960212e-01	   1.4879864116888750e-01	   5.0343142035760535e-01	   5.2046421654545116e-01	   5.2171416015482042e-01	   4.7886683773426525e-01	   6.6360524034399293e-01	   1.7363894263970972e-01	   5.5045508704066570e-01	   1.4498369320535115e-01	   3.3229567378545732e-01	  -2.2427238377967187e-02	   5.1237896054920218e-01	   1.0542353983633376e-01	   6.0082121298658690e-02	   2.2133905726591834e-02	   4.0639622232742717e-01	   5.3513590184704807e-01	   5.4142475089001518e-01	   5.9775098507948132e-01	   3.9110686939921546e-01	   8.9564440534806528e-02	
   5.4109064092968784e-01	   3.8421516853647014e-01	   6.0512452533666550e-01	   5.6326571780032486e-01	   6.5833311894675095e-01	   4.5263010847872320e-01	   8.0980802420379183e-01	   6.3697639022617747e-01	   0.0000000000000000e+00	   5.4312245278380433e-01	   5.2533764443145459e-01	   4.0106662734055193e-01	   7.1597812463366206e-01	   5.6901062964045890e-01	   4.4352961724247675e-01	   2.7087161465143772e-01	   4.0667529319783213e-01	   2.7343174129881004e-01	   5.2254417906197970e-01	   4.7517535764284868e-01	   5.1306027218537054e-01	   3.1821585503972283e-01	   4.5850535959819549e-01	   3.3976425983839881e-01	   4.7749135878180082e-01	   3.5760947799684362e-01	   4.0394650708022306e-01	   1.7416459166851248e-01	   3.9876127378637460e-01	   2.3221516577606999e-01	   4.2032098143195751e-02	   2.1355359825805387e-01	   6.0889332711657451e-01	   5.5283347313059150e-01	   4.7544512349930507e-01	   4.5958955457426387e-01	   7.4058869402513716e-01	   4.6710888974468601e-01	   5.5479315725419243e-01	   4.9479870010208971e-01	   5.3191499285679988e-01	   4.4357924757029338e-01	   3.7818802178928645e-01	   2.6138045532585358e-01	   1.0532170288747561e-01	   4.4782089392731150e-02	   3.0925437240230247e-01	   3.1659482951535334e-01	   2.8627526588097391e-01	   8.6995421831311204e-02	   5.0374476059678508e-01	   2.7679595895125736e-01	   4.7185572900132522e-01	   3.6143227016917334e-01	   5.0385804052938488e-01	   4.0934390898079637e-01	   2.9015897155486003e-01	   3.6551305489395913e-01	   6.1764992668661767e-01	   4.2910826575005995e-01	   6.5026249702102801e-01	   5.5677912993443601e-01	   3.7791249549340289e-01	   3.5983882467139783e-01	   7.5212572838542702e-01	   6.4368871836489494e-01	   4.8288190268614462e-01	   3.1658322637231856e-01	   5.4305344713717840e-01	   3.7145461016755776e-01	   4.9800775743785408e-01	   3.1189387421142412e-01	   5.7303003461954372e-01	   2.7098149708354091e-01	   4.8836394252295318e-01	   2.5164187285526940e-01	   5.1565410280330937e-01	   6.0874307326538613e-01	   4.9648780390007574e-01	   4.1102438050836065e-01	   5.9774894236642340e-01	   6.5783738661331470e-01	   5.0277992088688450e-01	   5.8234805918441856e-01	   6.2146523141681342e-01	   6.4303035520886886e-01	   4.9322817090697046e-01	   5.6797570713777867e-01	   7.7871654372036692e-01	   6.6767293874051870e-01	   4.4698276430088679e-01	   5.0190049826559069e-01	   4.5840987823138712e-01	   4.3938455148715405e-01	  -2.5057690952652357e-02	   2.9368024326030467e-01	   5.3372488757855518e-01	   5.3113000960695489e-01	   3.4478257068697499e-01	   4.8095700719801859e-01	   3.6298869453068189e-01	   2.2033710707304369e-01	   4.6412634274893028e-01	   2.4365321760877937e-01	   3.5457234531164694e-01	   1.3533384523577807e-01	   4.1915006384935349e-01	   1.5515108158353788e-01	   1.5329736240087546e-01	   1.3133490692710642e-01	   4.4590390283699949e-01	   3.8162835267012757e-01	   5.0783779357507908e-01	   5.0785917514258538e-01	   4.5981247334176678e-01	   2.8029472191551880e-01	
   6.6639264144232724e-01	   3.7275841292674761e-01	   4.7516161554693725e-01	   6.3938603993146437e-01	   4.8620322556458079e-01	   7.7964804608742644e-01	   6.1661663466420069e-01	   8.6628694509498538e-01	   5.4312245278380433e-01	   0.0000000000000000e+00	   7.2913566320489775e-01	   6.5300590767951650e-01	   5.2556070832269464e-01	   6.4275289767817489e-01	   3.2198448938955049e-01	   6.1809903522414378e-01	   6.7920736022433159e-01	   3.8859842996567423e-01	   4.7901038903088983e-01	   5.4169122044652318e-01	   3.7918496778896993e-01	   4.4505084312181653e-01	   1.1978267754843488e-01	   2.1150258941093480e-01	   1.4125478091855570e-01	   1.8924660843207552e-01	   1.3502769917414038e-02	   8.7081646233880636e-02	   6.7847874425442534e-01	   5.7427092532998747e-01	   1.8034250341085589e-01	   3.9223093141303977e-01	   5.7781233602200621e-01	   6.5101790950396898e-01	   2.1007936877240690e-01	   3.1344044882819855e-01	   4.0459761993246196e-01	   4.9126480837219155e-01	   4.7397691597448999e-01	   5.0751621379572676e-01	   3.6392253567253741e-01	   4.9122632745027384e-01	   2.8954440396723424e-01	   2.4955932023555907e-01	   1.4764583794815200e-01	   2.6633751690893254e-01	   3.9872070870576704e-01	   3.2981604932675551e-01	   3.4718711064056429e-01	   1.9439863722516840e-01	   4.8341524141014397e-01	   2.5011567221647496e-01	   6.1842913089764928e-01	   3.7766053414166645e-01	   4.4033781089019641e-01	   3.9985986938256057e-01	   4.7274982972459706e-01	   3.1557988634719808e-01	   5.9451977156862335e-01	   5.5824084355037673e-01	   7.3334214622057869e-01	   6.4721923469924059e-01	   6.3781774425413251e-01	   6.0272617625639147e-01	   5.1059627679296005e-01	   5.8069490661951262e-01	   4.1333422026607336e-01	   4.0474960491326617e-01	   4.6187171707748070e-01	   1.7409098560699834e-01	   4.5306686817030750e-01	   3.6445723794492468e-01	   6.9289595978241647e-01	   5.5323059224870197e-01	   5.9991275395942867e-01	   3.6376132265994138e-01	   5.6929329923925187e-01	   6.7775008487601807e-01	   5.8680170689646838e-01	   4.6801093414973571e-01	   6.2295951281732731e-01	   5.6415737367013030e-01	   4.7316445689578035e-01	   6.3837167432115238e-01	   4.6755147444699535e-01	   6.0793811297266032e-01	   1.7676648724493552e-01	   3.4040981669658155e-01	   6.0394186350448797e-01	   5.9945021373221108e-01	   4.8950544947717223e-01	   2.1975971831073859e-01	   4.2168546013956842e-01	   9.8989762366350625e-02	  -3.1527580192363647e-01	   9.4320730194265512e-02	   3.8283704573589039e-01	   4.4952425513624661e-01	   4.8150598823748070e-01	   3.6711292678070756e-01	   4.7234877365030836e-01	   1.4297210145420480e-01	   4.3660702729657203e-01	   1.5919968836946785e-01	   2.3655671146274865e-01	  -1.0650680103339495e-01	   3.7017146266883710e-01	   5.9100103553482004e-02	   6.4661871198994594e-02	   8.0707145894669333e-03	   2.9267575294482223e-01	   4.6377005996572895e-01	   4.0690114381765513e-01	   5.0739666277336948e-01	   2.7569438993634332e-01	   1.5171233697691569e-02	
   7.9640821502663395e-01	   4.7279215630319482e-01	   3.6415570057791746e-01	   3.6744985931857299e-01	   3.0899617446205085e-01	   4.2865397349302681e-01	   6.0304966203932875e-01	   6.5579341273223046e-01	   5.2533764443145459e-01	   7.2913566320489775e-01	   0.0000000000000000e+00	   7.6248375213082209e-01	   6.9114489662602741e-01	   6.9602330360494769e-01	   4.8868501227158945e-01	   7.5034925574899614e-01	   6.7989816980698625e-01	   5.9503786635437672e-01	   6.4274372784198563e-01	   6.2372897143390826e-01	   4.6311891509471742e-01	   5.0358176191926596e-01	   1.0051610641157034e-01	   7.8252678111379606e-02	   8.2736109081672643e-02	   4.4822267011103513e-02	   3.7770061227500290e-02	   1.2698858821334946e-01	   7.9820897787046441e-01	   7.2998400678897757e-01	   1.8498401740252707e-01	   3.0652856738899792e-01	   6.9326745991625449e-01	   6.4574155125727506e-01	   2.3340874043916901e-01	   1.4387982389213297e-01	   4.6476365362582750e-01	   4.8891812800430162e-01	   5.1033256441852193e-01	   4.9601919126974719e-01	   6.4636689771286149e-01	   6.2577478796206554e-01	   2.6952531715003214e-01	   2.4268396325563496e-01	   1.3732614653370268e-01	   2.1368343157778261e-01	   3.8333701591556202e-01	   3.2963745290653190e-01	   4.1964804174214443e-01	   1.8242718275217587e-01	   5.6847545082340845e-01	   2.0970527963113120e-01	   6.7745622043023945e-01	   4.5725274233511337e-01	   4.5602534599005551e-01	   3.0648142751826263e-01	   4.9001473217737290e-01	   4.2315201402598879e-01	   6.1759607643369674e-01	   4.5893891823287808e-01	   7.9016970493708705e-01	   5.3257292603486506e-01	   7.4261667216464733e-01	   7.1073900528956313e-01	   4.6372805082892754e-01	   3.7000645428225909e-01	   3.2354345838325016e-01	   2.2640392168232587e-01	   4.9286436021426888e-01	   9.7309047726777065e-02	   4.6932128272438572e-01	   4.0084934262620403e-01	   8.1438313357058278e-01	   7.8267150862475543e-01	   7.5100976230685290e-01	   4.5819483601500643e-01	   6.8574294832464311e-01	   7.8327064328797691e-01	   5.2477209932123858e-01	   6.2768173450096787e-01	   7.0570108464150694e-01	   6.5070450308305383e-01	   6.1791292041999035e-01	   7.0944669371756230e-01	   5.5480247035660568e-01	   5.8220810894107045e-01	   3.6738576940304263e-01	   4.2151816910836382e-01	   6.4736389133815053e-01	   4.1848957709090256e-01	   3.6673532503235690e-01	  -4.1918800424729724e-03	   2.4470805273159379e-01	  -7.8380668868181388e-02	  -1.3097646294863807e-01	   1.1271861339115748e-01	   4.1937242613585746e-01	   5.0824606242026293e-01	   4.2558219272149489e-01	   2.8191666468994425e-01	   4.4596267021712199e-01	  -1.5753890795001196e-01	   3.9358959749731404e-01	  -1.2033751137025586e-01	   7.5128326742353119e-02	  -3.0741829998322340e-01	   2.5071940267518911e-01	  -1.6455988845103717e-01	   3.0932474515784503e-01	   1.9708479136677770e-01	   2.2413190986409071e-01	   5.6596472149222243e-01	   4.0790310186605883e-01	   4.8233077661419943e-01	   2.3351547334264294e-01	  -5.7695621866412340e-02	
   6.6071442441954276e-01	   5.6165154566279463e-01	   1.9851424056585987e-01	   3.5966145757865897e-01	   2.3495657042298584e-01	   3.9211665342003332e-01	   5.1059438857039918e-01	   7.1614664181236609e-01	   4.0106662734055193e-01	   6.5300590767951650e-01	   7.6248375213082209e-01	   0.0000000000000000e+00	   3.5331976767002793e-01	   4.0467364704464154e-01	   1.2124719375037382e-01	   4.0046134256919075e-01	   6.6789415010816666e-01	   5.1923156932319703e-01	   4.8619515774563221e-01	   5.8421576784361995e-01	   1.8429070503556824e-01	   2.1491668105317319e-01	  -1.8756482448534637e-01	  -7.5906755374903379e-02	  -1.0714724912396445e-01	  -1.3180148675907230e-01	  -2.5737424082679483e-01	  -2.7606809976069113e-01	   6.3208294340530757e-01	   7.6369674538237986e-01	   4.6293829199567808e-02	   3.0089046642632777e-01	   5.6082137667257170e-01	   7.0134611313645245e-01	  -8.9997799861663466e-02	  -1.1881355966090169e-01	   3.2759608082784536e-01	   3.7564417197228622e-01	   3.1697826691288455e-01	   3.4568893029998332e-01	   4.9750511858027524e-01	   5.2973394172166388e-01	   1.8208898538472695e-01	   2.1308500910619937e-01	   6.7349468552509603e-02	   1.5895060516786683e-01	   3.2145335642063638e-01	   2.9795252636925623e-01	   3.1974005115443832e-01	   6.1903168871424344e-02	   4.2347442956178971e-01	   5.8897222375181940e-02	   6.1499682967484148e-01	   1.9408741845607938e-01	   3.5267350616115178e-01	   2.8957976684842662e-01	   5.4914984170508097e-01	   4.6826945461257041e-01	   4.6563046165338018e-01	   3.8953400743702371e-01	   8.3689589781263551e-01	   8.5442352972171021e-01	   6.5430534074458691e-01	   7.1895387518290410e-01	   2.1610643483311892e-01	   4.4246168326538610e-01	   1.3234770699386336e-01	   1.4470565039285527e-01	   2.8227465461780948e-01	   2.3256892132009661e-02	   4.0008776877330648e-01	   4.1039546480674888e-01	   6.8559459623534558e-01	   6.9271705180160059e-01	   6.4442870126703755e-01	   5.5056860209130676e-01	   5.0282409430620600e-01	   7.0369346088157481e-01	   5.5727982726337544e-01	   4.7124336521894417e-01	   5.7334090321502307e-01	   4.9267145401971918e-01	   3.0689268851572610e-01	   5.9532875480200997e-01	   2.5667017998454711e-01	   3.9853507396978688e-01	   1.7617898799662993e-01	   1.4701028740290661e-01	   5.0239379099795034e-01	   4.3521616787693473e-01	   3.8663271339096322e-01	   3.8891440798606486e-02	   1.7771224872355587e-01	  -1.2120211563465202e-01	  -7.4646383530503979e-03	   2.0901005601615300e-02	   3.7903054166302041e-01	   4.2410716191834141e-01	   4.0656067553425135e-01	   2.5227654817083411e-01	   5.4884490358303828e-01	  -1.6148133550934080e-01	   4.5667138525123330e-01	  -2.2420616189964404e-01	  -9.4301962133980330e-02	  -3.6481516140541420e-01	   1.8496129647495010e-01	  -1.3926579601694977e-01	   2.5635293007692594e-01	   1.7144959414672911e-01	   1.0836453571907509e-01	   5.7899216687752941e-01	   3.9886973056020059e-01	   3.4712347637423785e-01	   5.0195661726667576e-02	  -1.4627154757891866e-01	
   7.3105945132947658e-01	   4.4354989878021633e-01	   6.3036980988700264e-01	   4.7091614016104261e-01	   4.7759175359653394e-01	   3.9535777761677088e-01	   6.7388233582715196e-01	   5.0225983413368325e-01	   7.1597812463366206e-01	   5.2556070832269464e-01	   6.9114489662602741e-01	   3.5331976767002793e-01	   0.0000000000000000e+00	   8.1341772752276453e-01	   8.2501175760563472e-01	   6.7989642816692786e-01	   4.3337684514353148e-01	   5.3059548152880731e-01	   7.2109053281228253e-01	   5.7876462844470256e-01	   6.2701338337043711e-01	   5.1747080056548422e-01	   6.2056641180480754e-01	   4.3728855850424009e-01	   5.2200848872872108e-01	   4.2718265321578208e-01	   4.2060773420778891e-01	   4.3649707646337910e-01	   6.4556510881180162e-01	   4.4441805370302767e-01	   4.0195289857493360e-01	   4.1873210014865248e-01	   7.1253594854466451e-01	   5.6127745576223553e-01	   5.6448095451617619e-01	   3.7508162072982754e-01	   7.0670080996916018e-01	   5.0361417906980677e-01	   7.3450976804872237e-01	   5.9651963519451812e-01	   7.5219615902872039e-01	   5.6989298958983792e-01	   3.5830029659432688e-01	   2.5180231646268675e-01	   4.3327614300060907e-02	  -7.0016880096670273e-02	   4.0433418290970669e-01	   3.3965434068723999e-01	   2.4657694210281650e-01	   3.5463367462655507e-02	   4.9474085077885782e-01	   2.2013684767989161e-01	   5.0582174294254856e-01	   4.1795395729796203e-01	   5.3149156945541609e-01	   3.6235852449404587e-01	   3.6714489136221157e-01	   4.0349738071901065e-01	   5.5534574248671320e-01	   3.2274688060660978e-01	   5.1228773603222577e-01	   3.2307849436391911e-01	   4.6754466534292682e-01	   4.5664667442919615e-01	   7.6778020118523593e-01	   4.8325771449620480e-01	   3.9565737243586041e-01	   1.6594232537616496e-01	   6.0915319118770495e-01	   2.2661634018820989e-01	   6.0586021626793873e-01	   4.5081836849677426e-01	   7.5512223987580307e-01	   5.8659502726352841e-01	   7.1854961022790897e-01	   3.5120075689684088e-01	   7.1059097753195744e-01	   6.7725489405281381e-01	   4.5313601980723217e-01	   5.9880035692928602e-01	   7.1338670236160073e-01	   7.6110490822928034e-01	   7.8201578587270482e-01	   7.4699846796551250e-01	   8.7565616761793985e-01	   7.7187531688691746e-01	   6.3582782422856743e-01	   6.7207639265297148e-01	   7.5471799611666035e-01	   4.6621796852197067e-01	   3.4041500748642772e-01	   1.4931929627073320e-01	   3.4661905033163831e-01	   1.9958742779781172e-01	  -2.2367657825036049e-02	   3.2128060838122502e-01	   5.7127387090892390e-01	   6.2840560956807479e-01	   3.6187413837444327e-01	   3.6883185010422664e-01	   2.9345189074071121e-01	  -1.8468677998450134e-02	   3.1379324445105655e-01	   5.3742140756576740e-02	   3.1627614028531431e-01	  -6.2869240701790174e-02	   1.8047607891086634e-01	  -1.7468473910059334e-01	   3.9498230791976152e-01	   3.6665228260951821e-01	   4.2745109414987570e-01	   4.1145373740636415e-01	   3.6492720699439002e-01	   5.6729931973741232e-01	   5.8492867057974640e-01	   2.0073988360258357e-01	
