   0.0000000000000000e+00	   5.7583356530317209e-01	   3.8603900144099723e-01	   5.3565235888855776e-02	   4.2642444261305279e-01	   3.0910937787677928e-01	   3.7226179365235124e-01	   9.6875247289534422e-02	   2.5024058733358001e-01	   3.2002814414613767e-01	   4.8374664918944987e-01	   5.8270084608262929e-01	   3.6243040146151528e-01	   5.5513677194048025e-02	   4.5278741647073673e-01	   3.0249960249432917e-01	   5.4000747771861290e-01	   6.1136324758048755e-01	   5.5828873017928404e-01	   5.2448675122329502e-01	   1.0755622765676104e-01	   2.3306322952752356e-01	   9.8698344955992182e-02	  -1.7850964969852792e-02	   1.6747818759551847e-01	   2.0346093410772964e-01	   8.0057357392408546e-02	   9.3605155968766854e-02	   6.0803084072290070e-01	   4.9079797346877763e-01	   5.3669435271802832e-02	  -9.5172384808028532e-02	   4.2581510978570591e-01	   2.8940479138750497e-01	   2.3629128789706605e-01	   3.0737921095900533e-01	   2.9614425359409186e-01	   2.8133325705634893e-01	   3.4368863339064198e-01	   2.1835376541149371e-01	   2.2034746228266444e-01	   3.4983921416073233e-01	   5.9604335826580712e-01	   5.9209193847923136e-01	   4.1420157395524548e-01	   4.3028105667190175e-01	   5.9775474916713178e-01	   4.7993559447478207e-01	   4.2610980267690668e-01	   4.8877305595355991e-01	   3.7521704066496164e-01	   2.8013458710320793e-01	   5.2053946002266138e-01	   3.9467910613761353e-01	   3.7104419082938633e-01	   3.1671172330904884e-01	   6.7966203437852124e-01	   4.4463191509171213e-01	   3.9606771825461917e-01	   4.0345123356792534e-01	   3.2002770524637209e-01	   2.4440713054204183e-01	   4.9954811027268187e-01	   4.9670015881873997e-01	   3.6862921729492494e-02	   8.7274563893599791e-02	   3.3151853563347450e-01	   2.6618207404928218e-01	   3.4714763068634541e-01	   2.8438914357181366e-01	   3.0616749663005821e-01	   5.4910079657386135e-01	   4.8043657295531816e-01	   4.5673833153630494e-01	   3.9094314009590114e-01	   5.0948591847293501e-01	   4.4246594454703070e-01	   4.9074692478825310e-01	   4.9870698948037850e-01	   4.8711643206417399e-01	   5.7938367426437820e-01	   6.4784735802228344e-01	   3.4673815845930911e-01	   4.1053694292944187e-01	   1.3031615278933317e-01	   5.1884401162440885e-01	   2.6957961797056069e-02	  -1.7309505991987323e-01	   4.3675268049259702e-01	   2.7367615173253046e-01	   3.5318722072640946e-01	   2.8832396731136406e-01	   9.5697856873547371e-02	   1.4806629030838564e-01	   6.9981041190932319e-02	   9.6036946148817720e-02	   3.5544644934575437e-01	   1.4896256189860971e-01	   5.2494134232067224e-01	   4.9507609416284842e-01	   6.9183767334001792e-02	   2.5494514426130310e-01	  -1.5108701794966733e-01	   1.3482957279391528e-02	  -2.0754271848650091e-01	  -1.0192484419830992e-01	  -2.1937699198987504e-01	  -2.0467439049111025e-01	   1.3735563748533466e-01	   1.9799023031785970e-01	   3.4015585339869342e-01	   5.9287590517782507e-01	   2.9131462331896368e-01	   2.0156098466563638e-01	  -2.0347219964317656e-01	  -1.1109216377815340e-01	
   5.7583356530317209e-01	   0.0000000000000000e+00	   1.3954628393582036e-01	   1.3774525031085100e-01	   3.6042878043833709e-01	   4.2330500416850292e-01	   8.9198891035019268e-02	   2.7190170127642477e-01	   2.5935350503501153e-02	   3.5732414071782947e-01	   3.1572258562229771e-01	   6.2828311008257176e-01	   1.7570787967758839e-01	  -4.3845454312994456e-02	   2.1987791506548898e-01	   1.9994049558815064e-01	   6.0513375837928063e-01	   7.7685552706324468e-01	   6.6413091862278861e-01	   6.8952428468187055e-01	   1.1113773461318842e-01	   1.1106236311375312e-01	  -1.0118541867969974e-01	  -1.7971023485353782e-01	   1.2471008467920405e-03	   5.4216977430297894e-02	   5.3086396954972359e-02	   2.3492402464470624e-02	   5.1116225182237718e-01	   4.7553632844818861e-01	  -1.2941280341531197e-01	  -2.4659504686094758e-01	   3.1701729749958346e-01	   3.3130949975688995e-01	   1.7925456371919937e-01	   2.8402519205835502e-01	  -5.3624096868928703e-02	   2.1315033181679260e-01	   7.1709542588019842e-02	   2.0374324031234359e-01	   2.4864890331562955e-01	   3.9291143829158487e-01	   5.0652003830426628e-01	   4.3959255876756448e-01	   4.1759671833755341e-01	   4.2911191444752633e-01	   5.2040674802417619e-01	   4.3723604079338740e-01	   2.5047313978706187e-01	   4.0610651865066161e-01	   2.1260463126913898e-01	   2.2523616678429159e-01	   3.4659183542523131e-01	   3.2425692020841657e-01	   2.5039554508814388e-01	   3.3062474279565562e-01	   6.5631954959580807e-01	   7.9238137948146758e-01	   8.1819161111982702e-02	   4.3020263625153904e-01	  -4.3968662260448427e-03	   3.0429689419191486e-01	   4.7568800005202183e-01	   6.3289818943419451e-01	  -2.0202122647975815e-01	   4.6530815081762128e-02	   1.9438754052572338e-01	   2.8629862997424821e-01	   3.9357409196179188e-01	   3.1579824616430752e-01	   9.4449039661590697e-02	   3.6437505776057838e-01	   4.3330416626941143e-01	   5.2013728800451142e-01	   4.9026175252625165e-01	   5.5330178056990031e-01	   3.5734065469224863e-01	   4.2544431879292366e-01	   5.7162115476012798e-01	   5.2278263915067535e-01	   5.6909207105349591e-01	   6.4386177527224775e-01	   2.9108362723022246e-01	   4.0942024378027486e-01	  -1.4980530642837536e-02	   4.4076568463109733e-01	   7.2541641669123360e-03	  -2.6736180256480991e-02	   2.7416593409289441e-01	   3.3280978871747025e-01	   2.1272758772382150e-01	   2.9298456379049354e-01	  -2.0562437869370391e-02	   5.1205384739820253e-02	  -1.7582486706624945e-01	   2.1206159166096000e-02	   1.9123470481801030e-01	   1.9453395614099478e-01	   5.0214418763271240e-01	   6.1763802017119618e-01	   1.8747391016578607e-01	   3.3222320188354915e-01	  -5.6129700935780864e-03	   2.9369351087092460e-02	  -1.8795659404232928e-01	  -1.2157845271611878e-01	  -6.2498213222479150e-02	  -1.0478664802278376e-01	  -1.6321359287518264e-01	   8.5703905935787753e-04	   2.1364693123676826e-01	   5.2511356697884071e-01	   2.3747460600026901e-01	   3.8422631357141779e-01	  -1.5990934437755086e-01	  -3.3368686438713790e-01	
   3.8603900144099723e-01	   1.3954628393582036e-01	   0.0000000000000000e+00	   6.0206597621544189e-01	   6.1703777098284385e-01	   2.8733064435330069e-01	   8.6540380191376864e-01	   3.9406457829420038e-01	   5.6159266145963427e-01	   4.2027639362609442e-01	   3.1333532093578303e-01	   7.1851283126180943e-02	   4.4232206818956737e-01	   3.9596891019789160e-01	   5.2081727339328987e-01	   2.8510896551653153e-01	  -2.7872128611925828e-01	   2.7353720456703888e-02	   3.5057199274245082e-01	   3.4507963043826217e-01	   1.6866054481160572e-01	   2.8273786845793364e-01	   5.8885269043833266e-01	   4.1306262338660582e-01	   5.5235029988601159e-01	   5.4526926175399471e-01	   4.3696594911259828e-01	   5.0691821260552805e-01	  -5.1599413077150144e-02	  -9.1399838784662957e-02	   3.8115138541997495e-01	   2.1648546394647705e-01	   4.4267903669722475e-01	   3.7154171401245906e-01	   4.5979764636546439e-01	   3.5432621443998369e-01	   1.9494588679905803e-01	   2.3124068269651188e-01	   3.5919027765958222e-01	   1.9769685545193608e-01	  -4.1073841710468750e-03	   1.2001434184974666e-01	   4.1672768594280973e-01	   3.5900260013793894e-01	   1.8112008105074548e-01	   1.9637066669694622e-01	   2.8663947077660079e-01	   3.4609862995114060e-01	   2.5181830966930263e-01	   2.0362658070943335e-01	   5.2585294129031268e-01	   2.2977891159878117e-01	   4.1172433593288565e-01	   2.1385975742056079e-01	   2.0779644018994095e-01	   2.6758239045665144e-01	  -2.8405729908147800e-03	   7.0826512221489613e-02	   3.5106433000810450e-01	   1.5860104762450661e-01	   4.7018573364046434e-01	   1.1003601299615368e-01	  -4.3729191464759169e-02	  -4.9836094029053660e-02	   4.9953752405424612e-01	   4.5177497875397321e-01	   7.0564149158442713e-01	   5.5903342566938941e-01	   1.6664417645024160e-01	   5.0383567432158594e-01	   4.2726617057915078e-01	   4.7826747728564079e-01	   1.4495810923384346e-02	   2.0300651321217836e-01	   1.3602254818478507e-01	   1.8827657650508547e-01	   2.8840153655527856e-01	   1.9947954871630311e-01	  -1.6795292794357802e-01	   3.3607282626093693e-02	  -1.2196538830238846e-01	   1.5003844655929147e-01	   2.6758686757004085e-01	   2.4178386523348655e-01	   3.7754129840927791e-01	   2.2346287948568488e-01	   2.9258643558443520e-01	   7.3504812573050943e-02	   5.7451482497415451e-01	   3.4584430796899435e-01	   4.1153939791699423e-01	   6.2130204683119916e-01	   4.1785288013521499e-01	   5.8757050163827906e-01	   2.2946848172451146e-02	   1.6287323633382613e-02	   1.7797590894263482e-01	   8.5305730905957861e-02	   2.7270582986864822e-01	   3.7409279761666842e-01	   2.7697847904018202e-01	   4.3525624162660115e-01	   3.1559755747389817e-01	   4.8345166761218278e-01	   3.4761003874519658e-01	   3.3682115961296377e-01	  -2.8113792745533168e-03	   3.0859168579779234e-01	   1.2850147527787487e-01	   1.4078202489775876e-01	   5.6764333029876179e-01	   3.5189967113098070e-01	   3.9271514470416374e-01	   4.2122516458203363e-01	   3.5635130329270498e-01	   2.3363025254587816e-01	
   5.3565235888855776e-02	   1.3774525031085100e-01	   6.0206597621544189e-01	   0.0000000000000000e+00	   4.3063841963258748e-01	   3.0803132633441815e-01	   6.3464463983589370e-01	   8.5142751780911952e-01	   5.5975247349454416e-01	   6.7902558154136727e-01	   1.0426735307035218e-01	   1.7721376532100347e-01	   1.9792318830667852e-01	   5.6819918861288987e-01	   2.1259839273872333e-01	   4.4144868696937489e-01	  -1.6261244822508647e-01	  -2.1187864051959465e-02	   2.6181918145218863e-01	   2.8263627106232025e-01	   3.0720672117262543e-01	   3.5344552430201304e-01	   4.3730005217317869e-01	   5.1131206315933186e-01	   6.0607652621248995e-02	   3.0054752879750235e-01	   4.5217800311838163e-01	   6.0139209015438821e-01	   6.6350819256003864e-03	  -3.3640731301687606e-02	   4.8957928138064938e-01	   4.7572556107774983e-01	   4.7646315942580131e-01	   6.3167915236333516e-01	   1.0393116034616737e-01	   1.0667704850686574e-01	  -1.5772617544487141e-01	  -6.7423439668767265e-02	   9.3244675967532484e-02	   2.0624008649994644e-02	   2.2182874853810361e-02	  -3.7284632749598590e-02	   2.8905498159392284e-01	   2.7754629340461434e-01	   3.9642353044378553e-01	   3.5381331862520227e-01	   2.7442310667550557e-01	   2.0726542071785606e-01	   1.1844627935833915e-01	   3.1765608160822779e-02	   2.4190870178292612e-01	  -2.7332171086679666e-03	   4.7555243569264258e-02	  -5.9131253346019180e-02	  -1.6073196649318469e-01	   6.2892113942772720e-02	  -2.5933552191395060e-01	   1.2314995614315245e-02	  -7.5344867771547280e-02	   5.6925316478178618e-02	   1.6348099525633922e-01	   2.9428371794112179e-01	   1.0650411278314444e-01	   1.5114408897276499e-01	   1.8155242388726722e-01	   2.9657318940026989e-01	   3.9369448281996633e-01	   5.1247855053126279e-01	  -8.0336353079669964e-02	   3.6091359005831619e-01	   5.5090896121598273e-02	   2.3106286372852741e-01	  -1.9675352570405780e-01	   1.7623707635104571e-01	  -1.1230070643479817e-01	   1.6253813474198048e-02	   1.8644440085439867e-01	  -3.8669474320160997e-02	  -7.3290585261838154e-02	  -5.9325510444260085e-02	   2.8030726480738295e-02	   5.5215449829332700e-02	   2.8585906072530931e-01	   1.4904828053442293e-01	   1.7625417238485602e-01	  -9.6106810466049727e-02	   2.8541470200597346e-01	   1.5032227993265418e-01	   5.6240393211508324e-02	   1.7602924968306277e-01	   1.8095731801947684e-01	   4.1348501337390720e-01	   1.6982933259816849e-01	   3.8897496187637226e-01	  -1.6796914356775139e-01	  -1.6911981567575973e-01	  -1.1894807915311152e-01	  -4.7635830043740501e-02	   8.1351652912808686e-02	   2.5686726535254556e-01	   1.1055977062372160e-01	   2.2449922715353890e-01	   2.9209930886404051e-01	   2.7756830920147735e-01	   4.6143135077388459e-01	   4.3974259930412618e-01	   2.1854787417760713e-01	   3.5624785587650909e-01	  -1.1438145592030683e-03	   8.4915322485679789e-02	   3.4351731175712175e-01	   1.9922560787553506e-01	   2.5465887252034874e-01	   2.0804845005583814e-01	   3.9723747261002817e-01	   2.3462385755693943e-01	
   4.2642444261305279e-01	   3.6042878043833709e-01	   6.1703777098284385e-01	   4.3063841963258748e-01	   0.0000000000000000e+00	   6.9272599806909496e-01	   5.7227782533683802e-01	   3.1867793041468484e-01	   4.4276573162994703e-01	   4.0423498936829860e-01	   4.1000250766084578e-01	   4.3097416781447728e-01	   4.9036806156656215e-01	   1.6834446659641128e-01	   5.9296114535621847e-01	   2.7281167566203729e-01	   1.0505949918722510e-01	   3.3038496624142127e-01	   5.8708134598385997e-01	   4.9513442331439028e-01	   3.7002623894628284e-01	   3.3563605727026241e-01	   2.0599629160194191e-01	   4.1442399355080942e-02	   4.6832331168736296e-01	   5.2255852000142133e-01	   3.7438954911865241e-01	   2.9880615797998411e-01	   2.6874683279275496e-01	   3.5426695743539954e-01	   8.4261881263979543e-02	  -7.9899938433854290e-02	   2.4798237531071254e-01	   2.6903550003879412e-01	   2.1994467645842625e-01	   3.8219967451190395e-01	   7.0606662147505800e-02	   2.3839863297753805e-01	   4.0972334039173131e-01	   1.9902758037517432e-01	   3.0358964521892368e-01	   2.9152888483093381e-01	   5.0898749915129371e-01	   4.8604120150761077e-01	   2.1019688308073792e-01	   2.5980388178023250e-01	   3.8878340094675906e-01	   4.5148703845071136e-01	   2.8872170308853851e-01	   4.6311214155475794e-01	   5.1114204715294709e-01	   4.3853801346202603e-01	   4.9281457535975781e-01	   4.5339168274523106e-01	   3.1259208921802339e-01	   3.7296942746466943e-01	   2.7862328667488806e-02	   1.6294704071491845e-01	   1.5927107269497831e-01	   3.9295614275512142e-01	   6.4826300165864520e-02	   1.6043944733757154e-01	   1.2044231769636730e-01	   2.3277535694233997e-01	   7.1665288354379110e-04	   2.3888350080382442e-01	   3.9693526169357518e-01	   4.5258108453088985e-01	   3.9596019999102178e-01	   6.3434716996520812e-01	   3.0594293193262101e-01	   5.8884776908833580e-01	   2.8112348694841233e-01	   3.6468953593977338e-01	   2.7733302894176259e-01	   4.2376508681883185e-01	   3.9764295167316699e-01	   4.7193878416744423e-01	  -8.6761330884704314e-03	   2.5126499938337582e-01	   1.3459188465325025e-01	   3.3651416961968272e-01	   4.3027152487261161e-01	   6.2386054370332777e-01	  -6.0009681664576126e-02	   3.0004240373412744e-01	   2.1157500751885194e-01	   8.7829991314837721e-02	   3.2422579190685513e-01	   3.1719673676390525e-01	   4.4316729611346350e-01	   6.2065574665781176e-01	   1.8579781364609502e-01	   2.7892540454061882e-01	   2.3056382796918687e-01	   2.3364119430453364e-01	   3.0627018352546848e-01	   1.5955197316150771e-01	   4.4159783584238388e-01	   4.5240359004148584e-01	   2.4726244301987843e-01	   4.8438052796185943e-01	   5.1611185399677559e-02	   3.3081706326713411e-01	   1.0054902153473946e-01	   6.2522590123153754e-02	  -8.6440056862049669e-02	   2.5006591724359439e-01	   1.5680067050046720e-01	   1.4075299385379714e-01	   4.5443275294444641e-01	   4.7362589171286767e-01	   2.7438135168093258e-01	   1.7137256431351300e-01	   6.5596985725924553e-02	   2.5348711287559328e-01	
   3.0910937787677928e-01	   4.2330500416850292e-01	   2.8733064435330069e-01	   3.0803132633441815e-01	   6.9272599806909496e-01	   0.0000000000000000e+00	   3.5139129181712514e-01	   2.7608152238832334e-01	   1.5211113564542050e-01	   4.5121462535856327e-01	   2.2625297870215549e-01	   4.1350122522152577e-01	   1.8501263715102201e-01	  -9.5058952175001959e-02	   3.7387233684747667e-01	   4.0691189618967949e-01	   3.3949286038533466e-01	   4.8768275496053748e-01	   5.1748538523844134e-01	   5.1109836544182863e-01	   2.8757282038267962e-01	   2.2710657322645789e-01	  -1.4509714391093420e-01	  -2.4600197057060308e-01	   1.8046700677997951e-01	   5.0207118213985202e-01	   1.6046164390128720e-01	   1.2939360784485604e-01	   4.0356283924630687e-01	   5.7192614159639632e-01	  -1.0990238113551279e-01	  -2.0842200722337681e-01	   2.7029319188774603e-01	   3.0390390972269260e-01	   1.3568472457696606e-01	   4.5937093052198219e-01	  -5.8117641371468444e-02	   2.9599729904209937e-01	   1.7457086598153740e-01	   9.2008136200730117e-02	   2.1547728419827888e-01	   3.0671921399559204e-01	   3.5419110911490437e-01	   4.3346002381077198e-01	   2.6231961775173135e-01	   3.5584558075626782e-01	   3.8394773105225699e-01	   4.2878309069417186e-01	   2.1796521327034540e-01	   5.4222041145449285e-01	   4.0528154261013027e-01	   5.3992905817823245e-01	   4.6546794964869409e-01	   4.8368373379272689e-01	   3.3530685378097713e-01	   2.5497910734483498e-01	   1.2704984152084595e-01	   2.5877507915061626e-01	   8.1183594942903350e-02	   5.5452349567673243e-01	   6.2061814620728226e-02	   4.4032423775931839e-01	   3.1000924622408438e-01	   4.3090583443468855e-01	  -1.7445781304308738e-01	   2.4768979935816510e-01	   2.7523713227581476e-01	   4.0716721108036763e-01	   5.0484747273208086e-01	   6.7814833698670784e-01	   1.6831527120007778e-01	   5.0932532663365537e-01	   4.2065999548260691e-01	   2.8190705415329687e-01	   3.0914231661597280e-01	   5.0525794338515762e-01	   3.6931275879567904e-01	   4.5619570939853482e-01	   3.4715333307315499e-01	   5.3866248357964208e-01	   3.6962791854927074e-01	   4.5092905026218300e-01	   8.7717987798097252e-02	   3.5327624445466960e-01	  -1.7306750964016593e-01	   2.3469609983099343e-01	  -1.9645628346362631e-01	  -2.5130602759871834e-01	   1.7874377004287942e-01	   8.0856058054825347e-02	   3.7088910078495529e-01	   4.3998073618203815e-01	   7.0507910125671036e-02	   1.1658344240683396e-01	   2.2438724950744571e-01	   3.1556693995987323e-01	   3.8722006921219926e-01	   1.1526267604910087e-01	   4.2961622063693838e-01	   3.7528038986311979e-01	   1.0649899309719367e-01	   3.6046893151205245e-01	  -4.1643205292625794e-02	   2.2626803544248542e-01	   2.0756986931962786e-02	  -1.6839564611202645e-01	  -1.5492244449960080e-01	   1.6393199504238340e-01	   1.4305996041817276e-01	   2.6261957644628398e-01	   3.9316054456407901e-01	   5.5496157748155395e-01	   2.3323902324730986e-01	   8.2662157133978065e-02	  -1.2451766044776785e-01	   2.2860381485398928e-01	
   3.7226179365235124e-01	   8.9198891035019268e-02	   8.6540380191376864e-01	   6.3464463983589370e-01	   5.7227782533683802e-01	   3.5139129181712514e-01	   0.0000000000000000e+00	   4.6735866687636307e-01	   6.1401697322680981e-01	   4.7405058655892185e-01	   4.8349364617170221e-01	   2.2335439598040824e-01	   5.7727378180529587e-01	   3.4027496508373867e-01	   5.0326796233809223e-01	   3.6440995997783443e-01	  -1.8677111510995581e-01	   7.4591582518021587e-02	   4.7395860665453260e-01	   4.3335449956453093e-01	   9.0328523366519434e-02	   2.4634731468026683e-01	   4.3849091010701458e-01	   3.2954535043046029e-01	   3.1520756916985526e-01	   3.9694446642767572e-01	   2.1653642115672622e-01	   3.9409874569884540e-01	   7.3443361911002189e-02	   3.2105394238995132e-02	   3.6222731699316241e-01	   2.0270767923831254e-01	   4.6728046533231971e-01	   4.6281088796478276e-01	   2.9548528926497575e-01	   3.5012895573225278e-01	   1.2097047204079858e-01	   1.5267293695957218e-01	   3.3812170923048251e-01	   1.4946560716586355e-01	   4.5900825275366715e-02	   1.2768835123669231e-01	   4.5357307353251897e-01	   4.3483358187396093e-01	   3.2295469595034743e-01	   3.4848876771900617e-01	   4.1252797065408686e-01	   4.3538568127932831e-01	   3.4149399211938047e-01	   2.6654280756461379e-01	   5.1752903498469593e-01	   3.0056720344242099e-01	   3.8369409012357841e-01	   2.6932523183591961e-01	   1.7494731786689735e-01	   2.2708919622115356e-01	  -1.3164720951829964e-01	  -2.3843644594743731e-02	   2.9570473102910166e-01	   1.9678311067519502e-01	   5.3684101919234928e-01	   2.2974763848013968e-01	   6.8976859014416581e-02	   6.7568392205582264e-02	   4.1629006284416237e-01	   3.7762703815532173e-01	   6.8423661684934789e-01	   6.2184845564593305e-01	   1.5513933181772427e-01	   5.5475225173584786e-01	   3.9724137064196630e-01	   5.0235749717646461e-01	   9.2029072462269768e-02	   2.1860311755584988e-01	   2.1589484438291157e-01	   3.3085701752378904e-01	   3.4175814942105187e-01	   2.4923343425824585e-01	  -3.7976452060836531e-02	   1.7546269821109825e-01	   1.8729440757712459e-02	   2.7058316268106619e-01	   2.8295483112757680e-01	   2.6007526538953718e-01	   2.6622538690692360e-01	   2.4807379225743312e-01	   1.7887442401536965e-01	  -6.4514500465355673e-02	   3.8831624456361347e-01	   2.3820874490127930e-01	   5.1569843225486489e-01	   6.0946847452909259e-01	   4.3590595875441401e-01	   5.5245607013500686e-01	   5.2113024814228234e-02	   1.2009463579476241e-01	   2.5210045426422512e-01	   6.6613639108864281e-02	   2.8340372091879362e-01	   2.9009146519314655e-01	   3.1171500965140742e-01	   4.4462515566059196e-01	   2.6336022607459486e-01	   4.0343615856590331e-01	   2.9764276876793122e-01	   3.1975009724320214e-01	  -2.7089246645016652e-02	   3.5703218581370200e-01	   1.2240382813600895e-01	   1.5655972464219023e-01	   5.6697292778902530e-01	   4.0016607559573270e-01	   4.4240960994784839e-01	   2.7830133273554442e-01	   3.4569857359258804e-01	   2.2573297525790803e-01	
   9.6875247289534422e-02	   2.7190170127642477e-01	   3.9406457829420038e-01	   8.5142751780911952e-01	   3.1867793041468484e-01	   2.7608152238832334e-01	   4.6735866687636307e-01	   0.0000000000000000e+00	   4.7683598716817444e-01	   7.8502535130665541e-01	   1.3972554126333678e-01	   3.3429349806432507e-01	   1.1264040808672164e-01	   6.1687990921046687e-01	   1.2583798519401312e-01	   4.4641480471477679e-01	   4.7502517037279292e-02	   1.2142478799237127e-01	   3.6944776851177585e-01	   3.6261729584248176e-01	   2.4436240252131713e-01	   3.0572802009940875e-01	   3.7718991124292900e-01	   5.0872147466498563e-01	  -3.8194785574601778e-02	   1.4596297474627898e-01	   3.3914237932640540e-01	   4.5763798226761276e-01	   7.0974609753741716e-02	   3.3385824900588112e-02	   4.2605870771104676e-01	   4.8353116305616134e-01	   4.2768541875352939e-01	   6.4542059765693949e-01	   1.2056956548711198e-01	   1.4737422488380636e-01	  -2.0110710927156228e-01	  -1.1987874076978132e-01	  -2.4588875210941080e-02	  -5.4974057175365902e-02	   4.2181780968102683e-02	  -1.0887972627332211e-01	   3.4098485260086719e-01	   2.6247194282596098e-01	   4.8525618536951454e-01	   4.2031913989198344e-01	   2.9536532237494029e-01	   1.5077430915092682e-01	   1.0162611574010186e-01	   1.7286972061407637e-02	   1.2379959040433230e-01	  -1.0748395959108223e-01	  -4.5883675196798195e-02	  -1.2554384112019934e-01	  -2.1408776912764055e-01	  -4.4618066697939864e-02	  -1.9185966635807422e-01	   5.1406430881646087e-03	  -2.1075462482713797e-01	   4.7623886769738499e-02	  -2.1475077023153315e-02	   3.8889856187859295e-01	   1.8861079499829789e-01	   2.5111724061351681e-01	   1.4374590477543014e-01	   2.8893052945155806e-01	   2.7203646921569330e-01	   4.3378552122511621e-01	  -5.0013773975421533e-02	   3.3469496347913585e-01	  -1.7342012095438655e-01	   1.4153036780702838e-01	  -1.6274411569850658e-01	   1.6285940262326962e-01	  -1.2236865658338883e-01	   3.0806898262623957e-02	   1.7904470705121830e-01	   2.4988029146710666e-02	   9.8585137207277504e-02	   7.6455942200787830e-02	   1.6417507945950680e-01	   1.0567170536544107e-01	   2.6560910848092700e-01	   1.4817541170626544e-01	   1.7335440353336823e-01	  -1.0413307177956595e-01	   2.7548860284685778e-01	   1.9066941262621545e-01	  -2.6811000824755332e-02	  -1.0933217048243954e-03	   2.3675203656659266e-01	   3.7027708259060510e-01	   2.4268785583009311e-01	   2.7978326897324551e-01	  -2.5594087771038510e-01	  -1.4913169526825512e-01	  -1.2417840722690981e-01	  -2.2567753378077461e-02	   1.8130908644892604e-01	   2.8120770032471576e-01	   1.3550577037100109e-01	   1.5234300795131664e-01	   3.3168299948776886e-01	   1.5372931477249963e-01	   3.9744900352444312e-01	   4.0919843998002275e-01	   2.9492277388370380e-01	   3.2135293507949386e-01	  -1.0271195856881053e-01	   7.4731000518126312e-02	   2.9918920278183070e-01	   3.0283023755921845e-01	   3.2461759024530168e-01	   2.9250109300213845e-01	   3.5430189462475536e-01	   1.2011678132381129e-01	
   2.5024058733358001e-01	   2.5935350503501153e-02	   5.6159266145963427e-01	   5.5975247349454416e-01	   4.4276573162994703e-01	   1.5211113564542050e-01	   6.1401697322680981e-01	   4.7683598716817444e-01	   0.0000000000000000e+00	   6.7213458899897360e-01	   2.8052855220145334e-01	   2.1059891913327267e-01	   3.3015923048785667e-01	   5.4451197533311702e-01	   4.6902696509068076e-01	   5.8987910712286895e-01	  -1.9497016348512342e-01	  -9.5291848655846834e-02	   2.5580244421235621e-01	   3.1741091768475460e-01	   3.6792501258251220e-01	   4.7614874710086996e-01	   5.5497406578838326e-01	   4.9209202486144510e-01	   1.0292373632569390e-01	   1.8986986224862643e-01	   4.0973200394697934e-01	   6.8324437094198576e-01	   6.4078353240665464e-02	  -9.2547496247921052e-02	   6.2160459571298354e-01	   4.6487709492714158e-01	   3.8169749368806039e-01	   4.3754143683017038e-01	   7.2747528669290643e-02	  -3.8986378746370134e-02	   1.7737622658481261e-01	  -9.9881288092858928e-02	   3.4706873194576793e-01	  -2.5787189725780549e-02	   2.6515837609580617e-01	  -6.1661921441713563e-02	   2.2819810656330813e-01	   1.9074656973765086e-01	   1.0605633066381071e-01	   4.9228403369599799e-02	   1.7255487882011911e-01	   1.6289233922589924e-01	  -9.1739173551473277e-02	  -1.9453666263120301e-01	  -3.9266813618352665e-02	  -2.3880593501674319e-01	  -1.0437055163544470e-01	  -1.6509345364770009e-01	  -3.3016777227684363e-01	  -1.4115987641998831e-01	  -1.8588406841453281e-01	  -1.1708256297029956e-01	  -1.9964149343917015e-01	  -2.5259770815022975e-01	   1.1488869468397778e-01	  -2.0370126561193855e-01	  -1.1582711057256037e-01	  -1.4015055188503289e-01	   2.4524586339350171e-01	   2.9136056183727090e-02	   1.7152863895143777e-01	   1.2984100432825163e-01	   1.5233811154787842e-02	   2.2922643453963784e-01	   2.0210764470991485e-01	   2.6998136894337499e-01	  -2.4529276088614951e-01	   2.1173115401098705e-01	  -7.8703826847693822e-02	   6.9865452513816179e-02	   1.7416189035558693e-01	  -6.8080367413901166e-02	  -1.5417830527064197e-01	  -6.1667971272154731e-02	   1.0544577568094726e-01	   1.3534868119260338e-02	   5.3185476031994261e-01	   2.7111837828807039e-01	   2.7720155021186332e-01	  -2.8829601764006875e-02	   5.8821097186234816e-01	   1.2829804695608493e-01	   7.3796727158974229e-02	  -1.7876204582694122e-02	  -1.4924834797521162e-02	   3.3353254767647733e-01	  -2.8580828167115213e-02	   1.9130137062462058e-01	  -2.9846789994573342e-01	  -3.0264159695966669e-01	  -3.0964711162789510e-01	  -3.1122372943648302e-01	  -1.9107230204535491e-01	   1.1011599686920165e-01	   2.4589641509952925e-01	   9.1598135218846598e-03	   1.4341125296007307e-01	   2.6445620939900516e-01	   2.3955490700779275e-01	   3.6057473770503184e-01	   7.6702718133337539e-02	   2.6652568671827415e-01	  -1.3047554508892839e-01	  -5.2419591396631604e-02	   1.8537657763023954e-01	  -7.8119347162122474e-02	  -1.2403649216431047e-01	  -9.0738788101989154e-02	   2.1942921582131864e-01	   1.8613108947321022e-01	
   3.2002814414613767e-01	   3.5732414071782947e-01	   4.2027639362609442e-01	   6.7902558154136727e-01	   4.0423498936829860e-01	   4.5121462535856327e-01	   4.7405058655892185e-01	   7.8502535130665541e-01	   6.7213458899897360e-01	   0.0000000000000000e+00	   1.9175130661606354e-01	   4.0512682496290098e-01	   1.3715550715805014e-01	   5.7499819064712510e-01	   3.4895219102997832e-01	   7.3739309568698541e-01	   1.5645400654370470e-01	   1.8887410913190020e-01	   3.9493173822872196e-01	   4.4068630330717828e-01	   4.0425555131743574e-01	   4.9490374178477170e-01	   2.7633270644854691e-01	   3.8592535732149247e-01	  -1.1670959615776810e-01	   1.7415658494484074e-01	   4.2928720255517305e-01	   6.4349507889623681e-01	   2.6164070081965662e-01	   1.6227013172648674e-01	   4.2715642907387841e-01	   3.7549325528451405e-01	   4.1585741771374496e-01	   5.5653794686973357e-01	   7.0569931720967233e-02	   9.0298202629877547e-02	  -1.5042380538707552e-02	  -8.4992131789732139e-02	   1.2415692941035529e-01	  -1.2923056508701206e-01	   2.0572797915006172e-01	  -6.1029721873062867e-02	   2.9447667015528012e-01	   2.3838370621664240e-01	   3.3714475349554396e-01	   3.0029220958081071e-01	   2.6624856378570999e-01	   2.5254060039380832e-01	   2.7517307173308157e-02	   3.8173351964643089e-02	   5.5693955887562263e-02	  -1.7529606620099544e-01	   2.5685630127760404e-02	  -8.0520817542625994e-02	  -2.1930806057842445e-01	  -5.8470418759367648e-02	   3.7344740531982133e-02	   1.4306802868658985e-01	  -1.6678030136427580e-01	   8.4829486132840373e-02	   6.9075173032912898e-02	   2.5641263836807676e-01	   2.0512868537765711e-01	   2.7037680129556085e-01	   9.0821641578079385e-02	   1.9167546439763222e-01	   2.3434136199739600e-01	   2.9758512968716677e-01	   1.6877967488680851e-01	   4.1639170301361628e-01	  -5.9724183549284696e-03	   2.1033080856559977e-01	  -1.5043501236650345e-01	   1.9785265313249670e-01	  -8.9088833328038658e-02	   1.4561459581297817e-01	   2.4022197548586455e-01	   1.0938107084963008e-02	   1.8331087427175419e-01	   1.1152544312350657e-01	   3.4277287344204876e-01	   1.5770884462925530e-01	   3.9840188625385708e-01	   1.4294335334335145e-01	   2.2038401490981308e-01	  -1.0757742948566901e-01	   3.4719113892834019e-01	   4.4026977723702301e-02	   1.2842579002355844e-01	  -1.9520949004060647e-03	   1.1979326976637134e-01	   4.2652626751483402e-01	   4.2037870510796105e-02	   1.9265800043635492e-01	  -2.6177965772453210e-01	  -2.1707058684331165e-01	  -1.2700491198434533e-01	  -1.5470827931931330e-01	   6.6988920988797038e-02	   3.7606496658119126e-01	   1.9209710119887474e-01	   9.1741067479786248e-02	   2.4542612065437069e-01	   2.4110704986093848e-01	   2.7927445263814499e-01	   2.9264396509427026e-01	   1.0492681963690537e-01	   2.5711464009066842e-01	  -1.5112310486610142e-01	   6.1729168849696529e-02	   2.7979729306586104e-01	   2.8721012119320821e-01	   1.6910486006303008e-01	   2.2269442381411431e-01	   2.3343700009267027e-01	   1.6182480527891058e-01	
   4.8374664918944987e-01	   3.1572258562229771e-01	   3.1333532093578303e-01	   1.0426735307035218e-01	   4.1000250766084578e-01	   2.2625297870215549e-01	   4.8349364617170221e-01	   1.3972554126333678e-01	   2.8052855220145334e-01	   1.9175130661606354e-01	   0.0000000000000000e+00	   7.0620798935341034e-01	   8.1615392561315403e-01	   8.0832132708727619e-02	   3.4403847593451742e-01	   1.7283870535993187e-01	   3.4339829484594281e-01	   4.3914478886595498e-01	   6.0000599008678090e-01	   5.9065021246538074e-01	   3.6119649573657937e-02	   9.6050234410163582e-02	   2.1063592339082210e-01	   3.7209871635941243e-02	   8.2553129145299733e-02	  -1.1962700767060261e-02	  -1.3454669466361618e-01	  -7.5462038897967737e-02	   4.4053169103848167e-01	   4.6681430427642423e-01	   2.5429472598575953e-01	   1.1647489944189712e-01	   4.0241333103854360e-01	   4.3919190669072522e-01	   1.6118573823470653e-01	   2.7722693205435045e-01	   4.2852166599003344e-01	   2.5750840849410350e-01	   4.1788664665000175e-01	   2.7775869702447581e-01	   4.7677594928366418e-01	   4.7693507443331606e-01	   5.3872764597363709e-01	   5.0562526694013255e-01	   4.7542974954641226e-01	   4.5458953542858904e-01	   5.5654300079175523e-01	   5.0238654321394360e-01	   4.3740539921870675e-01	   3.3475658930955737e-01	   3.7936209849054925e-01	   2.9906659381493594e-01	   3.8632458321839735e-01	   4.1527886513042067e-01	   3.2992154227642123e-01	   3.0062680422470156e-01	   6.0444833363049774e-02	   1.7572439732756677e-02	   2.8304844691003916e-02	   1.1474160068198516e-01	   1.1758177366792072e-01	   1.1447185646363969e-01	   3.0883290948038089e-01	   3.3865779700174409e-01	   2.3676334032313706e-01	   3.7579584833532111e-02	   3.6430798056883840e-01	   4.3137830014075551e-01	   3.7228495298889892e-02	   3.6028893646215165e-01	   3.4050873616937516e-01	   4.7032724802024745e-01	   3.9166874423905085e-01	   5.6654655125771514e-01	   5.0117264755727331e-01	   6.3857033607135749e-01	   5.5974979186213014e-01	   6.4354135542803037e-01	   2.6211694938213265e-01	   4.6534925906265967e-01	   4.3447300914470338e-01	   4.8748321256512128e-01	   4.1776825070543538e-01	   5.9024010975205565e-01	   2.6163654314647022e-01	   4.3750385675465608e-01	   1.8545148533238345e-01	  -1.4443659995138872e-01	   1.3929282928891976e-01	   1.4791706235397247e-02	   3.1596737411586251e-01	   4.3740790498998805e-01	   1.2308584870905399e-01	   3.0363717414312941e-01	   2.4704874401072280e-01	   3.3476881835223082e-01	   4.4610305539297895e-01	   2.8779374959064175e-01	   4.6738791613498187e-01	   4.8074736538870610e-01	   4.0656748787721864e-01	   3.3107680006939200e-01	  -3.7393028828004590e-02	   3.6181868997543748e-02	  -1.6300113470416683e-01	  -1.1383897726704248e-01	  -2.1118479964011561e-01	  -1.2888347022922953e-02	   1.9310740011835692e-01	   2.4708248133642371e-01	   4.8688555428869912e-01	   5.0939784631994234e-01	   4.2973530706987539e-01	   2.6026798031104192e-01	  -5.9186027400857195e-03	  -2.4033165253502076e-01	
   5.8270084608262929e-01	   6.2828311008257176e-01	   7.1851283126180943e-02	   1.7721376532100347e-01	   4.3097416781447728e-01	   4.1350122522152577e-01	   2.2335439598040824e-01	   3.3429349806432507e-01	   2.1059891913327267e-01	   4.0512682496290098e-01	   7.0620798935341034e-01	   0.0000000000000000e+00	   4.3320638441070580e-01	   1.5826960767710108e-01	   2.3373150316152819e-01	   2.9503426815000861e-01	   5.7199313697716592e-01	   7.1328292267664040e-01	   6.7441867742938655e-01	   6.9423013306040471e-01	   2.2024688919095700e-01	   2.0320052461218405e-01	  -5.5134088536121700e-02	  -1.4308159062892276e-01	  -7.7267924498613888e-02	   1.9295761987005840e-02	  -4.5449921296979397e-02	  -1.7663358086258022e-02	   6.7370355382753155e-01	   6.8934771487013102e-01	   1.4485489045628444e-01	   5.7375164330907023e-02	   3.5028167411871247e-01	   4.8103173448666653e-01	   3.9912893285178018e-02	   2.4737502275421377e-01	   1.1318575372305936e-01	   1.1341895280540505e-01	   3.1401997732433173e-01	   1.9700202135668518e-01	   5.1125056169158756e-01	   4.4112058071674992e-01	   6.0821152553137736e-01	   6.2388514719099697e-01	   6.4147714204093265e-01	   6.1010124236610186e-01	   6.8257289933007692e-01	   5.2413063021563067e-01	   4.3026567537758953e-01	   3.9887112586431039e-01	   2.1795926416989442e-01	   2.0989390753641388e-01	   3.9693250819639059e-01	   3.3747196227640786e-01	   2.3506380256629655e-01	   3.0755740032247403e-01	   2.7100692805950810e-01	   3.0725639033474617e-01	  -7.7968229375691506e-02	   2.3040205345206435e-01	  -8.9629124132587376e-02	   2.1992009073987467e-01	   5.4977260824499630e-01	   6.7170426515602744e-01	  -2.1568446360392610e-01	  -6.8167697977272429e-02	   1.2527503078136679e-01	   3.3227154507912321e-01	   9.7507478470587758e-02	   2.9505951923639490e-01	   1.3427489660141601e-01	   5.2349237848731844e-01	   4.4045146803700236e-01	   6.6472450808405892e-01	   4.3802888355510139e-01	   6.6801312478708974e-01	   5.5740212822513424e-01	   5.7077116852329435e-01	   5.6722758973959886e-01	   5.9213604907974804e-01	   6.0520821676575098e-01	   6.2843278604433317e-01	   4.3625736671829640e-01	   5.8679905382571340e-01	  -9.3493175599322617e-02	   3.4327823496163828e-01	   7.1630771537547017e-02	  -5.0812306880322705e-02	  -4.7864312252844765e-02	  -2.2374939828385083e-02	   2.8745937650056042e-01	   4.0294768877830689e-01	   5.5177076103048979e-03	   1.6367484680053473e-01	   4.2674440454610704e-02	   1.5441636923915261e-01	   3.0726801791801395e-01	   2.0324301569910333e-01	   5.5521123113500970e-01	   6.4714441908911435e-01	   3.1130643766165061e-01	   2.7905220574169975e-01	  -1.6756570084002681e-01	  -5.8080387031572311e-02	  -2.1220062401650949e-01	  -1.7917146210365759e-01	  -1.4908791658087117e-01	  -2.2109880539055254e-02	  -2.4676094565366083e-02	   1.5710134009960458e-01	   3.1859398371605491e-01	   5.2312772904052929e-01	   3.2335499691537778e-01	   1.6662589290539259e-01	  -1.7624450262472968e-01	  -3.2986053010963523e-01	
   3.6243040146151528e-01	   1.7570787967758839e-01	   4.4232206818956737e-01	   1.9792318830667852e-01	   4.9036806156656215e-01	   1.8501263715102201e-01	   5.7727378180529587e-01	   1.1264040808672164e-01	   3.3015923048785667e-01	   1.3715550715805014e-01	   8.1615392561315403e-01	   4.3320638441070580e-01	   0.0000000000000000e+00	   1.3018206611949346e-01	   5.6059349351840038e-01	   9.6044702484777755e-02	   1.5111980845622219e-01	   2.6803817311723249e-01	   4.7302082368997833e-01	   4.0445243882741072e-01	   1.3573384359970969e-01	   1.8121687422723248e-01	   1.9360999903592499e-01	   1.2449473523034188e-01	   1.8917043436259029e-01	   1.0129278663718076e-01	   2.8273964650920103e-03	   3.0780226292299102e-02	   2.5980514728039450e-01	   2.5888358972671288e-01	   1.0087901583632283e-01	  -4.2911550947058084e-02	   2.5144493876562135e-01	   2.5448688306470124e-01	   2.0284949627199189e-01	   3.6801578840537247e-01	   4.7384875209290522e-01	   3.6865695587771674e-01	   6.1765986206480172e-01	   4.9696015224368340e-01	   3.7413618956456240e-01	   4.2882238628212854e-01	   5.1380330368555904e-01	   4.3931165034419389e-01	   3.0817677553412548e-01	   2.9884809738491508e-01	   4.5546023050719825e-01	   4.7406218084233354e-01	   3.9816825640590342e-01	   3.5190966154276659e-01	   4.5787278410411825e-01	   3.9562463249256430e-01	   3.2791982185428320e-01	   4.6067376869671728e-01	   4.2366602329885922e-01	   4.2589402588376080e-01	   3.1718546618263024e-02	   1.8984980097770223e-03	   2.1859587812702802e-01	   1.9886860286215799e-01	   2.7287320781216096e-01	   1.7330289744453892e-01	   8.9951990360297135e-02	   1.5202373979192230e-01	   3.0114941712351906e-01	   2.3679430124655018e-01	   4.8496833157754438e-01	   4.8832993841549777e-01	   1.2275908338764285e-01	   3.9800968337932319e-01	   4.9616013824940597e-01	   3.8523379943038705e-01	   3.5951970287230828e-01	   2.7709952482071454e-01	   4.0137681305371176e-01	   4.6087427151187388e-01	   5.8101432304305978e-01	   5.6321520384009449e-01	   2.4353591548817121e-02	   2.7268821835146395e-01	   2.7780769152651030e-01	   3.8906222851028138e-01	   4.8735731471359178e-01	   5.5723400730655692e-01	   2.6217717798077461e-01	   4.5408638309132732e-01	   3.4387868764177543e-01	   2.4882108841597993e-02	   3.0022960085957712e-01	   2.2359236246259273e-01	   3.4682056597891975e-01	   4.4142229932954719e-01	   1.8319528161832130e-01	   3.4483984430780990e-01	   3.3891904438138931e-01	   4.0148224746683769e-01	   4.5554454025369173e-01	   3.7551863371949079e-01	   4.0388773562324509e-01	   3.4714890698587803e-01	   2.0098174128286600e-01	   3.1454588058905031e-01	  -3.4951581104373955e-04	   3.4678722349205035e-02	  -7.3791276530205965e-02	   7.9395444598549886e-02	  -2.1997559302393596e-01	   7.0791082122794238e-03	   3.4182698281085616e-01	   1.6181048542069285e-01	   4.3874156404719983e-01	   4.6908405287571053e-01	   4.0206670904310859e-01	   2.2027278593885308e-01	   8.7573802401615344e-02	  -4.0830294184627053e-02	
