   0.0000000000000000e+00	   6.6544703441849018e-01	   4.5978163209175549e-01	   4.3107305533501772e-01	   3.6131328127761952e-01	   2.2712581656673675e-01	   2.6247432242974605e-01	   3.1406883242194822e-01	   1.7213984222976481e-01	   1.1476914507876593e-01	   3.8913794244812577e-01	   4.8477700688113279e-01	   3.1812683701418931e-01	   3.7284658028296513e-01	   3.5922513932955696e-01	   2.5418918793884715e-01	   1.3774813326315541e-01	   1.7636960701539672e-01	   5.2180138209453286e-01	   5.8133773527170041e-01	   4.2222253686907757e-01	   3.6889285766435914e-01	   2.9589456703808370e-01	   3.6417159930551157e-01	   3.9845877615743169e-01	   3.1183246748101828e-01	   3.8060205948738302e-01	   3.2179037275938988e-01	   3.4967565806620403e-03	   5.9993234760007522e-02	   1.6400578222192350e-01	   2.6131615524597079e-01	   2.5296169876233432e-01	   3.9570826359230865e-01	   3.5702195995828739e-01	   4.9226433665470115e-01	   7.0769747230269275e-01	   4.7741074821804097e-01	   4.7985582303277352e-01	   6.0502010503370152e-01	   4.3702817277872869e-01	   3.6034165201835483e-01	   6.2308947429281958e-01	   6.3484939418724662e-01	   4.7600399118154135e-01	   5.4211550863556546e-01	   6.3041305215201426e-01	   6.0960959410783544e-01	   6.1840899480877187e-01	   5.5683325808020157e-01	   6.9544780434420217e-01	   6.4860870034586549e-01	   5.9419416793864366e-01	   4.8885097106159314e-01	   7.3006773828282823e-01	   7.1428617250638560e-01	   7.0231441560122021e-01	   4.2631076068403717e-01	   5.3532825213042368e-01	   4.6925968735338436e-01	   3.5014236937005999e-01	   2.1805322197878607e-01	   2.4604722764285311e-02	   1.0695141754336890e-01	   1.0481517600858578e-01	   2.5759221743134986e-01	   5.8650131732480171e-01	   5.3118389315119496e-01	   6.7936473651015139e-01	   6.7391415372837271e-01	   3.0632520235220173e-01	   4.0388851441810802e-01	   3.2715096233192109e-01	   3.2996373128664508e-01	   3.2477718433822228e-01	   1.6400280848395182e-01	   5.5356047470036973e-01	   5.8514267743896375e-01	  -1.1028333031864571e-01	   1.1515304476781899e-01	   2.9197210462589074e-01	   5.1924044173595352e-01	   2.2542297464668593e-01	   4.6103255458053488e-01	   4.2582460408305617e-01	   5.5123412972364227e-01	   3.4903842549271913e-01	   3.7675960010807552e-01	   4.0874785600649455e-01	   4.9965052712966096e-01	   5.9761367529994869e-01	   4.0688385380237968e-01	   3.2975349313245694e-01	   4.7687640272221332e-01	   3.7062398134690942e-02	   1.1945843745766996e-01	   5.5611863242488269e-01	   7.4235938722879036e-01	   6.8188754530175855e-01	   6.9848657663399960e-01	   5.0054215135214641e-01	   5.6688893395888840e-01	   4.3702869252732551e-01	   5.6708735341074257e-01	   4.4889491195301423e-01	   3.9861063694385124e-01	   3.1521978600949579e-01	   3.5785565863548691e-01	  -3.5330586636396544e-01	  -1.1814826946906325e-01	   5.0259130439012800e-01	   5.7705030479786723e-01	   5.6570192888566750e-01	   5.2740409940679300e-01	   3.2034401543410629e-01	  -9.3157690567267484e-02	
   6.6544703441849018e-01	   0.0000000000000000e+00	   1.2015877606146116e-01	   1.4372897829683290e-01	   4.6001432452442252e-02	   2.9131485925463899e-02	  -1.7986110310164391e-01	  -6.2378291718723555e-02	  -1.3022493834511295e-01	  -1.3245080233738016e-01	  -1.6527077270206472e-03	   1.7688979815813038e-01	  -2.4116012682202109e-01	   1.4937419080641298e-01	   7.8325292849431571e-02	   1.5890233260392148e-01	   1.3439107102737793e-01	   2.9623485397072946e-01	   3.1873489220104206e-01	   4.5325830251510368e-01	   1.4790388405738433e-01	   1.3302409142692634e-01	  -5.5233606152187732e-03	   1.1290010753715760e-01	   4.5999995578689362e-02	  -7.2107201754811834e-02	   3.1127267253616175e-01	   1.4812876244751291e-01	  -1.8876493311693343e-01	  -1.4377116855048086e-01	  -1.6005855226791227e-01	  -6.9709300225481344e-02	  -1.0689970139185995e-01	   3.7186774944821714e-03	  -6.9925334513378526e-02	   1.1695647612710756e-01	   3.9760290230294243e-01	   1.9400982608669334e-01	   2.9868093108818189e-01	   3.2627479463725056e-01	   2.2626175399394916e-01	   1.6320914612885629e-01	   4.8952826184819886e-01	   4.9934104092105114e-01	   3.6043814338066360e-01	   4.9258854356080606e-01	   5.7465156930123773e-01	   5.2868024519395340e-01	   6.0444672226508278e-01	   6.2803778903621588e-01	   6.2580191960053044e-01	   6.6066465163649579e-01	   6.2765252370874181e-01	   5.7734309948663542e-01	   6.7670241478094706e-01	   7.0126299241742873e-01	   7.7283134299536949e-01	   8.1898707293632744e-01	   4.5160246323382813e-01	   4.9126921908461363e-01	   3.0495839126907143e-01	   1.4268932277352761e-01	   4.5497716258240534e-02	   1.7009461196261114e-01	  -1.2095651257944859e-01	  -9.3525816367105344e-02	   1.9857091208619188e-01	   1.9235108312342489e-01	   6.4644109998520771e-01	   5.8404310042899465e-01	   9.7605822854848284e-02	   9.1487031647891848e-02	   2.3738972141833331e-01	   2.3649311874873064e-01	   2.6952743107662758e-01	   2.2024255263673201e-02	   1.6947318142729464e-01	   3.7858053155267135e-01	  -3.9437339070035854e-02	  -7.4261803975683591e-02	   3.5820514995147390e-01	   3.5367873657373478e-01	   9.4829285283011863e-02	   3.1454822445501868e-01	   1.5015194878118726e-01	   3.6716840295463227e-01	   2.8311508747265296e-01	   2.6066999043697092e-01	   1.7161884623900395e-01	   3.7014985008695417e-01	   4.0385944250049838e-01	   1.2647016958810320e-01	   3.5483391719232149e-02	   7.4415953507303387e-02	  -6.9317535984921796e-02	   7.8070268820003300e-02	   4.2891148910184768e-01	   6.0847644137381174e-01	   6.4242814686481353e-01	   5.2923838951443880e-01	   2.1725199552527139e-01	   1.7985249361274780e-01	   3.3747897564725482e-01	   3.1710999348102087e-01	   3.5561911421907422e-01	   2.7494063465690877e-01	   1.5009233848350309e-01	   3.0355080933487050e-01	  -2.0733467473999390e-01	  -1.2406641928759263e-01	   2.8970391390031558e-01	   5.4424041749432583e-01	   5.7307295237922107e-01	   5.4738501519041449e-01	   1.7777489078012437e-01	  -1.1058591473089469e-01	
   4.5978163209175549e-01	   1.2015877606146116e-01	   0.0000000000000000e+00	   7.0913575909836468e-01	   7.6056477704514991e-01	   5.1023838666063526e-01	   6.4084575332297133e-01	   4.2496528287964058e-01	   5.0143826364791955e-01	   3.6872674213922940e-01	   4.3733132550600551e-01	   5.5891494205471548e-01	   5.5972179965375246e-01	   2.5734955907944546e-01	   6.5354110883466032e-01	   5.4714908842488241e-01	  -1.9726593450326284e-02	   7.3771332095152714e-02	   7.2848982539272988e-01	   6.4737503206233571e-01	   4.7413527942084699e-01	   3.7464803029044630e-01	   8.4225157540949569e-01	   6.4954712058026931e-01	   6.6505435089041276e-01	   5.4597119568719599e-01	   5.8040352612683255e-01	   5.4773590810216488e-01	   2.8200933191702904e-01	   3.2090055720508659e-01	   6.9713277114966943e-01	   6.4180891657106987e-01	   7.1743976798570075e-01	   6.7785344395670066e-01	   6.7087266470281171e-01	   6.2883037976601686e-01	   3.6558583439752790e-01	   3.2730629001983652e-01	   3.7770029993387949e-01	   4.7455412126496699e-01	   4.4053682475405953e-01	   2.2074289552579945e-01	   5.3781327932148493e-01	   5.3142506690366853e-01	   4.9622272995886352e-01	   4.2538956210800338e-01	   5.3492318955747931e-01	   5.7930828721155914e-01	   4.4543666992302328e-01	   4.0965946169630074e-01	   5.1372599991808920e-01	   4.5331022687582379e-01	   5.1319333422060676e-01	   3.8352190737440639e-01	   4.1506467244712353e-01	   4.5810601233084769e-01	   1.9567177115201248e-01	   1.0131038854292421e-01	   2.4290757277591168e-01	   1.4719826184896193e-01	   1.4516591447125152e-01	  -1.0169936211884022e-02	   9.6931925475826838e-03	   1.5851669985189748e-01	   6.8933807008216519e-01	   5.2575775666216051e-01	   7.0338654336859507e-01	   5.8119165703632869e-01	   5.4796171503402746e-01	   5.5132444205066222e-01	   4.0467181437387179e-01	   4.0695623507310275e-01	   4.8124302671941532e-01	   3.2977254660924021e-01	   3.8248029341283574e-01	   3.7674989151605898e-01	   5.4804881504949043e-01	   4.5760920477656930e-01	  -1.1701912890883004e-01	   2.3475552574911546e-01	   8.3999293752946777e-02	   4.5424745977240666e-01	   5.2854834739684342e-01	   4.7411913444470100e-01	   6.3312282155727950e-01	   5.3901165621602432e-01	   3.7078852218494812e-01	   5.8983189192162744e-01	   5.3523459972500509e-01	   5.1094263642407833e-01	   5.2981945954171750e-01	   6.0700243406876586e-01	   4.2749771406961412e-01	   6.2621047937015684e-01	   8.1039680338098705e-02	  -1.0199808691382861e-01	   4.4613514932712961e-01	   4.8094833999659276e-01	   4.0047209020114605e-01	   5.8821382899383090e-01	   4.7784344602819839e-01	   5.1753858599782820e-01	   3.8712401081526843e-01	   4.1306776638647930e-01	   2.3360736221511380e-01	   3.8644311908345963e-01	   3.8052497404908492e-01	   4.4010720499866224e-01	  -3.7445504127834939e-01	  -1.1092196021697745e-01	   4.8062526302355413e-01	   3.6649541218277681e-01	   3.5525383924576820e-01	   4.5678453649365391e-01	   1.5585210942925920e-01	  -5.5293726627186436e-02	
   4.3107305533501772e-01	   1.4372897829683290e-01	   7.0913575909836468e-01	   0.0000000000000000e+00	   6.2100326833452146e-01	   7.4328133248064998e-01	   5.7052753735571071e-01	   6.4281830139086826e-01	   5.1426581388960146e-01	   3.7425663292922151e-01	   3.3690218130381633e-01	   7.7646872711267001e-01	   3.8445974947213390e-01	   5.3318934022904718e-01	   5.0153257407769969e-01	   7.0501057793970345e-01	  -6.1184379724866797e-03	   1.6454450462463288e-01	   4.7764886314589083e-01	   7.3030662055814988e-01	   6.0956719439974127e-01	   6.7306048373814364e-01	   6.4537663191988903e-01	   8.3555372397230876e-01	   7.1387108666649612e-01	   7.5967680899306933e-01	   5.3433890335449474e-01	   7.0726027057856711e-01	   2.3146143628364252e-01	   4.0567036923670885e-01	   7.0714107612231669e-01	   7.2470742156383017e-01	   7.0374400764085110e-01	   7.2675428405242970e-01	   6.2207277744904710e-01	   7.5084954455739317e-01	   4.4365091155108999e-01	   5.3170707876402812e-01	   4.7576333760056977e-01	   6.0233912962622127e-01	   4.5829650959254581e-01	   4.2946775355244582e-01	   5.6579235716276211e-01	   5.5281958822212907e-01	   5.7216458048462093e-01	   5.7344656290998075e-01	   5.3305830765277584e-01	   5.7609902950079039e-01	   4.5355208914689349e-01	   4.5320083605004002e-01	   3.8189338710605797e-01	   3.7705474909647141e-01	   2.9622651364899399e-01	   2.5665536290551638e-01	   3.7363777789154695e-01	   4.2295602812913463e-01	   2.9229276994098957e-01	   5.9539613850580694e-03	   2.1214356211244129e-01	   3.2098879482936138e-01	   9.1904342758251573e-02	   1.4962408948793185e-01	  -2.3921267082883065e-02	   2.0831447916624021e-01	   3.6365582610073377e-01	   5.6548112463202838e-01	   6.6742336589927143e-01	   7.5285646741862866e-01	   6.2173875405797552e-01	   5.9479465873398907e-01	   2.9607957812113761e-01	   5.8932273968698135e-01	   4.4808458606726120e-01	   4.7559350681072754e-01	   3.4686588837714227e-01	   3.8938596139115617e-01	   4.2078022826924216e-01	   5.2779805416022652e-01	  -1.0059101467488664e-01	   2.7755449124269427e-01	   1.3714221352192010e-01	   4.2963092781777068e-01	   5.4265027992730219e-01	   5.9213561192528363e-01	   4.2714354305307167e-01	   6.0381702938496096e-01	   5.3737746768031824e-01	   6.3332233193178378e-01	   4.4838978795243162e-01	   5.3752458448840246e-01	   6.4078465124429518e-01	   4.6254001384398102e-01	   7.6034490186135262e-01	   4.7193041737670771e-01	   2.8414622796989863e-01	   1.3841816879189245e-01	   5.5618051202545693e-01	   4.4967374203851052e-01	   4.4403202074504400e-01	   4.6393236088631329e-01	   6.5899160929067424e-01	   3.9283293137337533e-01	   5.1755019073758035e-01	   3.0660573467971830e-01	   3.3120403276616628e-01	   3.6566070417195734e-01	   3.7496013541218903e-01	   2.3941998698683031e-01	  -1.3070484734370322e-01	  -3.6972469871606531e-02	   6.1803811190208524e-01	   4.8683209000412231e-01	   4.0230549587846803e-01	   5.0092110351869001e-01	   1.7806732249452448e-01	   9.8708596852760427e-02	
   3.6131328127761952e-01	   4.6001432452442252e-02	   7.6056477704514991e-01	   6.2100326833452146e-01	   0.0000000000000000e+00	   7.1737228357532024e-01	   6.9588958993811112e-01	   6.5271820600948427e-01	   8.4717529796893265e-01	   5.8578757444167218e-01	   5.0646967130544029e-01	   5.9326857669637811e-01	   6.4745383432253933e-01	   3.6548294820208038e-01	   6.7633014578608808e-01	   5.1100961784334975e-01	   1.8796634490419772e-01	   1.6702663373372842e-01	   6.0400696918032970e-01	   5.7508278287526671e-01	   5.2437051875344198e-01	   5.5678905365127163e-01	   7.0232660739763575e-01	   4.7910425334306816e-01	   6.2675777868642557e-01	   5.9128597467064148e-01	   6.4070008509199661e-01	   7.0140771831994053e-01	   5.1649104103734778e-01	   5.0358658819437130e-01	   5.8038209462659796e-01	   5.2270266911607688e-01	   6.6189279119179323e-01	   6.2432294946134903e-01	   6.4789491520760689e-01	   5.4579041771623804e-01	   3.2794373976151936e-01	   4.5656529343450047e-01	   3.8877866519411819e-01	   5.2413250643928788e-01	   5.0150745842314548e-01	   4.9561537902020186e-01	   5.7711959460519013e-01	   5.2624056111391626e-01	   5.9168268231689147e-01	   4.9582952744828046e-01	   4.9926787212101553e-01	   5.2888184454212550e-01	   4.2986095716125461e-01	   4.3352856098445414e-01	   3.6064520615126183e-01	   3.1709503832607877e-01	   3.0688674705285723e-01	   2.5545223669309847e-01	   4.0651371277761017e-01	   4.1097858487030647e-01	   2.1241504534709094e-01	  -1.1586129420232471e-02	   1.9544011759609642e-01	   1.6721124369441470e-01	   8.4190681417405822e-02	   1.2079597021573796e-01	   2.5189835096071925e-02	   1.6323330503504396e-01	   4.1233666848695366e-01	   4.0024099250848938e-01	   5.4684657007459858e-01	   4.9994877963083045e-01	   3.7750578113645339e-01	   5.1116879708917984e-01	   3.2895866347776920e-01	   4.3888666278225419e-01	   5.1944437017107092e-01	   5.0088695655301940e-01	   3.1883606852027868e-01	   3.8149300017422499e-01	   4.1767424570300510e-01	   3.0997819265752602e-01	   7.9747554482466447e-03	   2.8328652061640058e-01	   2.8253895822138830e-01	   3.7725796539011119e-01	   5.8880949432888263e-01	   5.7258040767378915e-01	   4.1611561056840862e-01	   3.6776274600495273e-01	   3.7561822619182633e-01	   4.9564231296740840e-01	   5.7274170897734455e-01	   5.5373765994556012e-01	   6.6467218004985462e-01	   7.3343559963735272e-01	   6.1204497657491741e-01	   6.9544792482198947e-01	   2.8747603356116680e-01	   1.9453158308441965e-01	   5.4715072952468802e-01	   3.6140840153829434e-01	   5.2060633510120480e-01	   5.5434394985902735e-01	   6.7853224692598002e-01	   5.6482441749173085e-01	   5.4461574969028459e-01	   4.1797145133324359e-01	   3.8984290321623388e-01	   4.5949199417301689e-01	   5.4644498947337095e-01	   3.5752839176637985e-01	  -4.3387199033452423e-01	  -2.1579144424860369e-01	   6.1620698581682665e-01	   4.4341994941581386e-01	   3.6408145404453651e-01	   3.7352146014834231e-01	   3.1190067344416295e-01	   1.8088388736560557e-01	
   2.2712581656673675e-01	   2.9131485925463899e-02	   5.1023838666063526e-01	   7.4328133248064998e-01	   7.1737228357532024e-01	   0.0000000000000000e+00	   5.4936386632263756e-01	   7.3453694783196222e-01	   7.2245211388660768e-01	   6.8126267662787154e-01	   3.9203671633555293e-01	   7.1382230137440073e-01	   3.5287643813478931e-01	   3.9813624767366307e-01	   4.1234562725332408e-01	   5.1093315474490320e-01	   1.9199062135994097e-01	   2.4601999041438455e-01	   3.5003630728843638e-01	   5.7829689276136920e-01	   4.9018822008158769e-01	   5.7287889318446861e-01	   4.7007710169147565e-01	   4.9500380876440458e-01	   5.6115657143296194e-01	   6.6586349661970479e-01	   3.4687502683681920e-01	   6.1878399898760339e-01	   4.5475938498912416e-01	   5.7615965627453070e-01	   5.3439885083990502e-01	   5.5937381452433965e-01	   6.0190165746945734e-01	   6.0137404912906056e-01	   4.7030465195207860e-01	   4.9907334738429282e-01	   3.2154471470574797e-01	   4.7380717512442194e-01	   4.5032558030088465e-01	   4.8314004097977714e-01	   4.7036023221802181e-01	   5.0978227551346922e-01	   4.8013598362062399e-01	   4.5032426774103301e-01	   5.5116512455395017e-01	   5.5061089612951009e-01	   3.9547085250262826e-01	   4.3890050303433081e-01	   3.6312233369454561e-01	   4.2158752479230399e-01	   2.5505968040368793e-01	   2.3283048814613905e-01	   1.8271874672104629e-01	   1.6440635101453083e-01	   3.0092368761102262e-01	   3.2155870195184255e-01	   2.8782684273990022e-01	  -4.7171517084611807e-02	   2.1919353902092484e-01	   2.9573782329578080e-01	   1.4998790582105259e-01	   3.4541702836489663e-01	   7.3905503422787663e-02	   2.9657897752984447e-01	   1.5325577267534199e-01	   3.7782260962422121e-01	   4.4099684284655449e-01	   5.5532451233036095e-01	   3.9045238808871990e-01	   4.9299944502317689e-01	   1.4750740875961083e-01	   4.4392148949863464e-01	   5.1335561499190419e-01	   5.6398045693334864e-01	   3.1288440674976442e-01	   4.5896240884598849e-01	   3.9283087750422796e-01	   4.4076114708126346e-01	   1.8520457682497976e-01	   2.7329334465040089e-01	   3.3085136351517702e-01	   3.7605424410764882e-01	   4.6600846066000989e-01	   4.4187062924620346e-01	   2.2408719369423769e-01	   3.3687744733685010e-01	   4.3088234423521338e-01	   3.3028967820242061e-01	   3.8673129753859670e-01	   5.4061389953033745e-01	   6.3320266466962016e-01	   5.0884595814169797e-01	   7.5073609138512243e-01	   4.6313631544043327e-01	   2.5319017968687108e-01	   3.3302488965711685e-01	   5.3655607370887404e-01	   3.2008963776447119e-01	   3.9257353697930314e-01	   4.0077741951255341e-01	   6.7152799044058253e-01	   4.0970614250108262e-01	   5.8838429229801870e-01	   2.7086930614844074e-01	   3.7386292217786399e-01	   3.7370071304482744e-01	   4.6597417814446518e-01	   2.1380109783833684e-01	  -3.3121147333242956e-01	  -2.9171435646944327e-01	   5.3874506569150726e-01	   3.8847976976200371e-01	   3.8685874855332802e-01	   4.4885307293561594e-01	   1.5404889430472907e-01	   1.4657249406214684e-01	
   2.6247432242974605e-01	  -1.7986110310164391e-01	   6.4084575332297133e-01	   5.7052753735571071e-01	   6.9588958993811112e-01	   5.4936386632263756e-01	   0.0000000000000000e+00	   7.7421990355045511e-01	   8.0169166802167902e-01	   4.9261347290048291e-01	   4.0179905478379291e-01	   5.5249101891708996e-01	   7.0034555832080403e-01	   2.5736183851234817e-01	   3.9509772559057832e-01	   2.1644794454258459e-01	   1.3660153667049257e-01	   2.2660557139125975e-01	   4.5552765846426746e-01	   3.9917304134725340e-01	   4.7482633475493363e-01	   4.3709837102362575e-01	   3.8110019157202701e-01	   2.8438199726351499e-01	   5.6603354701100850e-01	   5.7574165894089369e-01	   2.4359362909424087e-01	   3.7929844801630164e-01	   6.9119546837832546e-01	   5.8012792423894188e-01	   6.7329887420982304e-01	   5.7423042368798627e-01	   7.1784629103431996e-01	   6.8245255889350576e-01	   5.3921711542709883e-01	   5.4045283302448777e-01	   2.8085322394068435e-01	   3.6342455717165845e-01	   5.1077705502789450e-01	   5.0165186440791265e-01	   4.8370153112701875e-01	   3.4622421075316018e-01	   3.8466773257626907e-01	   4.3449744847870270e-01	   4.1110602951555447e-01	   4.1431196352166455e-01	   3.3290311571493092e-01	   4.1136245664810883e-01	   1.3777723660857244e-01	   1.3312669951129216e-01	   7.9369681979901255e-02	   3.3928224106380418e-02	  -2.5171259688260977e-03	  -1.2253173987080933e-02	   1.3546223597277807e-01	   1.6284683740307609e-01	   1.6225959102197096e-02	  -2.6702554584812604e-01	   2.7153407560067055e-01	   1.9454371533157080e-01	   3.4455327283338860e-01	   1.8870232181878607e-01	   2.2910011240699732e-01	   2.9875294792675572e-01	   3.5280251108051763e-01	   4.8796348833294234e-01	   5.8925978096602627e-01	   6.0013227005338243e-01	   1.6473139442294202e-01	   3.2844127860706263e-01	   2.6091197109814385e-01	   4.6007313780936016e-01	   5.5874050329286229e-01	   4.5391036226372217e-01	   4.0700078718490829e-01	   5.1881587324646938e-01	   3.9955867903577896e-01	   3.9752082069467021e-01	   1.5514618080888387e-01	   4.0986915828276921e-01	   1.8863965131649654e-01	   4.3745801557343933e-01	   2.7541826522199514e-01	   2.6912107968342092e-01	   1.7223921694236000e-01	   2.3092214526026211e-01	  -5.6962014549426189e-03	   2.6459608261377543e-01	   3.3056866224686976e-01	   2.3966305634341156e-01	   3.4197899102577611e-01	   3.7499747205453127e-01	   4.0153534403597357e-01	   4.8422156033602459e-01	   2.0654016565898087e-01	  -3.1089493575521154e-02	   3.8345292310970902e-01	   2.0284325985057308e-01	   2.0380091805532025e-01	   2.9854726785755714e-01	   5.5909312910211828e-01	   5.3988972851509587e-01	   3.0858759111651080e-01	   3.1795564373188612e-01	   1.2101337004504809e-01	   2.2956280135046242e-01	   2.3751116549739842e-01	   2.1792675544195977e-01	  -3.3930374752157377e-01	  -1.1486522979993155e-01	   3.4789300439299153e-01	   1.5324569002856295e-02	  -8.4725179483651474e-03	   5.4069322196828452e-02	  -1.0667322475931568e-01	  -2.3915920008174527e-02	
   3.1406883242194822e-01	  -6.2378291718723555e-02	   4.2496528287964058e-01	   6.4281830139086826e-01	   6.5271820600948427e-01	   7.3453694783196222e-01	   7.7421990355045511e-01	   0.0000000000000000e+00	   7.9853418873293536e-01	   6.9113625632197406e-01	   3.5281196084296806e-01	   7.3977909916715534e-01	   6.1064039560556649e-01	   6.2722159799775945e-01	   4.1139340802132440e-01	   3.8158830149466150e-01	   1.7111712129889511e-01	   2.2618858403932215e-01	   2.6766340044069931e-01	   4.3508998237681645e-01	   4.6044415688828388e-01	   5.3779319358448940e-01	   2.3352492334626504e-01	   3.4926236999025206e-01	   4.9805228691038844e-01	   6.2569839391049631e-01	   2.4004505222515007e-01	   4.2437747417697957e-01	   6.0818261565140563e-01	   6.0628754575227939e-01	   5.0808265030789046e-01	   4.8536408382331075e-01	   6.0634344413299290e-01	   6.6895905411170720e-01	   4.7157936928577399e-01	   5.4498137897634802e-01	   2.9018725067541151e-01	   4.4956891692276291e-01	   4.2679362431152168e-01	   5.4564090090172568e-01	   5.5675042885706927e-01	   5.2883029836018836e-01	   4.0000225381541504e-01	   3.9341413235253470e-01	   4.5031479866229229e-01	   4.9893150654476909e-01	   2.8504718538075557e-01	   3.4820096969895675e-01	   2.1049995215871253e-01	   1.9274174744401257e-01	   1.0405416845423968e-01	   2.6922636628603284e-02	  -2.7465999330912969e-02	  -6.1854696146243775e-02	   2.0869534920958094e-01	   2.1375083629114355e-01	   2.1599450838014872e-01	  -2.0852609907426461e-01	   3.7297051588397695e-01	   4.5920254122633430e-01	   4.3203385206744216e-01	   5.7296812138298836e-01	   2.4075974542655665e-01	   3.9358667523611124e-01	   1.3896545622182432e-01	   4.9958427574304498e-01	   5.3151525056618332e-01	   6.4222838788976000e-01	   3.0405765994541556e-01	   4.1261316474949994e-01	   1.8460565985606597e-01	   5.4966631757164242e-01	   5.5572767780626675e-01	   5.7868485940705416e-01	   3.9661777079208960e-01	   5.8503413316939701e-01	   4.1409963233819846e-01	   4.8889175692534770e-01	   1.2705565041919839e-01	   3.0774641437749312e-01	   3.5986072082194165e-01	   4.0651776057600097e-01	   3.9444700721589393e-01	   4.2181970155417370e-01	   1.7865014560529954e-01	   3.2942011936382981e-01	   2.0721577953919937e-01	   3.2443191567961133e-01	   4.7271616920323134e-01	   4.7272015856586513e-01	   4.2196176621742693e-01	   3.6664456974315851e-01	   6.3888097636184416e-01	   4.5576298451463071e-01	   2.1132177230751620e-01	   1.5250806253610366e-01	   3.8900153834567225e-01	   1.9520840418536883e-01	   2.8321887051280525e-01	   2.4211838078730516e-01	   7.5695296889855990e-01	   4.7504054427471282e-01	   5.2895549041248457e-01	   2.5927956752418480e-01	   3.3741621811987788e-01	   2.8554246924912691e-01	   4.0204804361550106e-01	   2.2148546430111166e-01	  -3.5572250045727050e-01	  -2.1285719268710329e-01	   4.5418996656388927e-01	   1.3360016951608109e-01	   1.0769384263451817e-01	   1.3147859127863454e-01	   2.8485080470807240e-02	   9.6454986319592456e-02	
   1.7213984222976481e-01	  -1.3022493834511295e-01	   5.0143826364791955e-01	   5.1426581388960146e-01	   8.4717529796893265e-01	   7.2245211388660768e-01	   8.0169166802167902e-01	   7.9853418873293536e-01	   0.0000000000000000e+00	   6.8348610165066492e-01	   3.7822971008773310e-01	   5.7037717635391472e-01	   6.5982870655652803e-01	   3.3695747054551095e-01	   5.3003614656805476e-01	   3.4528847634685811e-01	   1.0582211057741517e-01	   1.7409605378001891e-01	   3.3712783560462917e-01	   3.7164522466020444e-01	   4.9957278513940551e-01	   5.5306732300517969e-01	   3.8155171239443408e-01	   2.6521706498480929e-01	   5.4807039310023842e-01	   6.0150301733538325e-01	   3.6415727713549217e-01	   5.2077932940213956e-01	   6.5768590515323244e-01	   5.6521516741938305e-01	   5.6804464689846568e-01	   4.9422445610350640e-01	   6.0159966837133161e-01	   5.7185072686386629e-01	   5.2837169483585655e-01	   4.6823845737526304e-01	   2.0217485802880403e-01	   4.1303646051414256e-01	   4.0140721093851078e-01	   4.7501995976755257e-01	   4.3788267854981200e-01	   4.9184323181986334e-01	   3.9691814603081377e-01	   3.6890797973355505e-01	   4.7112941918196777e-01	   4.5088920003825184e-01	   3.1406455700944819e-01	   3.5882226726545718e-01	   2.3384104308890030e-01	   2.6696017738574457e-01	   1.1414369389762798e-01	   8.7972592543189412e-02	   7.8368803772861616e-03	   3.7590973279768423e-02	   2.3864340398869605e-01	   2.3201371217550526e-01	   7.7056949871805322e-02	  -1.6968000093806168e-01	   2.1725119780546481e-01	   2.1174791367375245e-01	   2.0790217218593890e-01	   2.7626033767244124e-01	   7.2452502768370841e-02	   1.7312018360557141e-01	   2.5224269971655400e-01	   4.2790971113708465e-01	   4.0496563968056987e-01	   4.6802385969192323e-01	   1.5616146433641426e-01	   3.2990555524518689e-01	   1.6789627783525291e-01	   4.1972438332672829e-01	   5.0924696071089204e-01	   5.4524069879673343e-01	   3.5430238683322240e-01	   4.5674172186105366e-01	   2.9779475207046247e-01	   2.5508146185150310e-01	   1.0923831669895531e-01	   2.8775354009574933e-01	   2.6259730078596927e-01	   3.4461915533361892e-01	   4.0599515671349329e-01	   4.0122917079551501e-01	   1.3794368631337001e-01	   2.0136043824270461e-01	   8.7896258352572532e-02	   2.7708615074166854e-01	   4.1522285530837594e-01	   4.2263153038987822e-01	   4.9477721845952882e-01	   5.3369856003554383e-01	   5.4976038671150640e-01	   5.0066121833564625e-01	   3.3687481131902791e-01	   2.5896977594114201e-01	   4.6921806858589488e-01	   1.7631935851273056e-01	   3.5465027584907194e-01	   3.1431257819422004e-01	   6.3323339358688446e-01	   4.7996620616048646e-01	   4.5173977861968950e-01	   2.7775969639246356e-01	   2.7284104702819151e-01	   3.5491281609198189e-01	   3.4654615604263872e-01	   1.8336637050616869e-01	  -3.9429695475468374e-01	  -2.3358158284935704e-01	   4.3631269548129892e-01	   1.7683642491141524e-01	   1.5105564153843654e-01	   1.1431667178308848e-01	   8.5183548906598280e-02	   1.1480915202603474e-01	
   1.1476914507876593e-01	  -1.3245080233738016e-01	   3.6872674213922940e-01	   3.7425663292922151e-01	   5.8578757444167218e-01	   6.8126267662787154e-01	   4.9261347290048291e-01	   6.9113625632197406e-01	   6.8348610165066492e-01	   0.0000000000000000e+00	   4.0163883468232842e-01	   5.7329820789715535e-01	   5.5228993496823309e-01	   4.2544277585402190e-01	   4.8049269334573830e-01	   4.4600793367249841e-01	   7.1964730086641338e-02	   4.8661777560770753e-02	   2.4490277037587677e-01	   2.4420665957962823e-01	   2.4781097907575006e-01	   2.9103016860560676e-01	   2.5821423143842609e-01	   2.6066178163246700e-01	   2.9791043520356009e-01	   3.8052029793895747e-01	   7.8061024677144930e-02	   2.8462448591538281e-01	   4.7331162794025083e-01	   4.0205999312866170e-01	   3.4189775252640087e-01	   3.2034614292694619e-01	   4.3825437211538149e-01	   5.0173801990675737e-01	   3.8827231541041735e-01	   3.1936226349639868e-01	   1.1189525195733130e-01	   2.0932898684364376e-01	   1.8628866723962473e-01	   2.6256847008934364e-01	   3.3472044779373233e-01	   3.5863016001161108e-01	   1.9194248050943380e-01	   1.3334370548264715e-01	   2.7145376562859908e-01	   2.7685995197234986e-01	   1.0968457636260515e-01	   1.5062067713655211e-01	   1.2125806033502362e-01	   1.4659121204377024e-01	   9.8541656395534166e-02	   1.1265524259155113e-02	   7.1402610026825006e-02	  -2.8829963252640645e-02	   1.4449975447732719e-01	   8.8476667103762896e-02	   8.6029560261631083e-02	  -1.7745554307535641e-01	   1.7502760501704440e-01	   2.2855931209749200e-01	   3.2422507943672790e-01	   5.0626030456911475e-01	   1.0059904185551090e-01	   2.1600015982970233e-01	   3.0916487610786791e-01	   4.5024411404516401e-01	   2.7754616849116087e-01	   3.3920581744950717e-01	   1.9867376346564658e-01	   1.5015810410278851e-01	   1.5944978151757774e-04	   4.1168722778966432e-01	   4.1616076888891590e-01	   3.4745205092208603e-01	   3.4760200079616110e-01	   4.4271647725332669e-01	   3.8439965302393175e-01	   2.9490011057214754e-01	   8.1145889117469006e-02	   9.6559233915495882e-02	   2.0481864709530245e-01	   2.6941538125174391e-01	   3.7435165648365737e-01	   3.8632977340495267e-01	   3.7728831288406656e-01	   3.0640578029597965e-01	   2.4477612284093148e-01	   2.7437094722997624e-01	   5.0478149707523945e-01	   4.8730794389799026e-01	   3.3824471174751858e-01	   3.9261063658894158e-01	   5.2075588272542073e-01	   3.4703163076462828e-01	   1.2182614589714935e-01	   1.4621350771968211e-01	   2.6734011705146360e-01	   1.0901410069763959e-01	   1.4628615343915707e-01	   1.4692145543765164e-01	   5.0922385805503811e-01	   3.5617211906187751e-01	   3.3851975340173091e-01	   1.0627842525700698e-01	   2.4597305618874576e-01	   2.4146055502328406e-01	   3.2693948995754796e-01	   1.3660664309898080e-01	  -3.0356163238472761e-01	  -3.0129783304622182e-01	   2.7229416144772745e-01	   8.6465797662566776e-02	   1.2817129824021600e-01	   1.7716431324733461e-01	   1.8430662354927757e-01	   1.7929243761340458e-01	
   3.8913794244812577e-01	  -1.6527077270206472e-03	   4.3733132550600551e-01	   3.3690218130381633e-01	   5.0646967130544029e-01	   3.9203671633555293e-01	   4.0179905478379291e-01	   3.5281196084296806e-01	   3.7822971008773310e-01	   4.0163883468232842e-01	   0.0000000000000000e+00	   5.1469873188389792e-01	   5.6140842465894625e-01	   2.4810010510599734e-01	   5.4544601814548499e-01	   3.4909211471869156e-01	   3.2464840055133415e-01	   4.1635665280881376e-02	   4.6934413330362895e-01	   4.1411585461475248e-01	   3.5248152188245663e-01	   2.6328319946891299e-01	   3.9182860737503100e-01	   2.7219450504319193e-01	   3.3322592887110325e-01	   3.3032109570839963e-01	   1.8447951392997738e-01	   3.0520874062412678e-01	   4.1171431860182328e-01	   3.6154403904659133e-01	   3.2613804834460403e-01	   3.1563502466781268e-01	   4.7844336891748351e-01	   5.0442652143877786e-01	   3.5755815397988533e-01	   3.3533063880866276e-01	   3.7718116992078771e-01	   3.6209957115484509e-01	   4.2072771570546508e-01	   3.8590300021599233e-01	   3.0616765581708461e-01	   4.2403775837447322e-01	   3.2213205542829382e-01	   3.3452275689507271e-01	   2.2371909554946051e-01	   2.0001689823080054e-01	   2.6253615809039327e-01	   2.8776814942560602e-01	   1.7552989319812257e-01	   1.6625994501988567e-01	   2.1202133095777087e-01	   1.1341623822492791e-01	   2.7256630769697648e-01	   1.9417939076034085e-01	   3.9554086217057094e-01	   2.6780688689565774e-01	   1.0846045884202629e-01	  -9.0554092965036331e-02	   7.3528461839360959e-02	  -1.2443449764148409e-01	   6.9153730384790585e-02	  -1.1309247781812118e-01	   1.7883025543608055e-01	   6.3958916606962034e-03	   1.0146472391355933e-01	   9.2699915421064011e-02	   2.6564575165157006e-01	   2.7077205852327590e-01	   2.3098246805392170e-01	   2.4486044402574270e-01	   3.1688758988491206e-01	   4.2833254741536142e-01	   2.6880870852772126e-01	   3.0015532712685061e-01	   2.0207738389928809e-01	   1.8544997672020688e-01	   3.2207033572123361e-01	   3.1583987417727472e-01	   9.7746187639179957e-02	   2.4059405385507066e-01	   2.8295298857503470e-01	   3.7906233245235271e-01	   5.1085803596980628e-01	   5.1183591093360681e-01	   4.3285898040986759e-01	   3.0432528149791649e-01	   3.6520571729567741e-01	   2.7983268125635818e-01	   2.1081157009657125e-01	   1.2643627651291212e-01	   3.0498475487571286e-01	   3.6813641645857464e-01	   2.0736158959315315e-01	   3.3414400513911563e-01	   1.2155747321398168e-01	   1.9404384230313343e-01	   3.4497534021114801e-01	   2.1246886436048054e-01	   2.8313411084950524e-01	   3.6776009208858373e-01	   2.4598035311196353e-01	   4.0471500708876162e-01	   2.5320426992900313e-01	   2.9111283850582742e-01	   2.5891495772764983e-01	   3.2523518194711359e-01	   2.6550495056248896e-01	   2.4866068414048093e-01	  -3.2667815418282237e-01	  -2.7749830837390921e-01	   2.4842837975662935e-01	   1.6284640757167246e-01	   1.5511036391847713e-01	   1.4615135719868955e-01	   3.2039652959987652e-01	   1.2787546744424874e-01	
   4.8477700688113279e-01	   1.7688979815813038e-01	   5.5891494205471548e-01	   7.7646872711267001e-01	   5.9326857669637811e-01	   7.1382230137440073e-01	   5.5249101891708996e-01	   7.3977909916715534e-01	   5.7037717635391472e-01	   5.7329820789715535e-01	   5.1469873188389792e-01	   0.0000000000000000e+00	   4.8583746936031313e-01	   6.9066328639769314e-01	   5.2326914967928129e-01	   6.3735881139169337e-01	   1.6807924165589139e-01	   3.1423824545415868e-01	   4.6057865123965713e-01	   6.8983441682805902e-01	   7.1059804952993577e-01	   6.8338137132197330e-01	   4.5681400987687704e-01	   6.7919774486434292e-01	   6.1874250065823233e-01	   7.1286328994847770e-01	   3.8793717520353999e-01	   5.7565940016156314e-01	   4.0762174717412386e-01	   5.7619211317816976e-01	   6.1226603894833731e-01	   6.5787919395542849e-01	   6.0540081719345884e-01	   7.2031638514356122e-01	   5.9464190197236122e-01	   7.0549643962627706e-01	   5.4408020411077029e-01	   6.9777497253711318e-01	   5.5914396136851963e-01	   7.1957167257644228e-01	   5.6143570467639781e-01	   6.0622956487839708e-01	   5.4421062597064429e-01	   5.5961767544279162e-01	   5.1836053548930161e-01	   6.0484285738344079e-01	   4.8058101743094073e-01	   5.5221341273537550e-01	   4.6129107577313494e-01	   4.3969733115294152e-01	   4.3961504086793302e-01	   3.5899370191844243e-01	   3.1812636888496926e-01	   2.6790869005005102e-01	   5.3071412154192277e-01	   5.3340392824036498e-01	   3.8382016413629250e-01	   2.6139515673991330e-02	   2.4391385949871958e-01	   3.4261183177656834e-01	   2.2610079892876819e-01	   3.4783512553746732e-01	   4.3101025349107674e-02	   3.1132431356543555e-01	   2.6705779426806220e-01	   5.5291975666309368e-01	   5.8762517147006443e-01	   7.3392826406722689e-01	   5.5403797357665652e-01	   4.9723595212311744e-01	   2.6600614475777390e-01	   6.8479026944944255e-01	   5.8867438719867171e-01	   5.8632912915372959e-01	   4.8832848459588540e-01	   5.9541313771834203e-01	   5.3147312656175016e-01	   6.9218554056587367e-01	   1.2468537068219050e-02	   3.7110774868384000e-01	   4.3340120550381400e-01	   6.8846793060339928e-01	   5.8371511949840715e-01	   7.6211960041798621e-01	   5.0464803825990523e-01	   7.2424996715366141e-01	   4.5890542485307850e-01	   5.6082045322735252e-01	   4.7629407263891788e-01	   6.2254438510081878e-01	   6.0286829802673159e-01	   3.5225760788447880e-01	   6.5283582624091552e-01	   3.6610128979725298e-01	   2.5641894579761554e-01	   1.4890862072176017e-01	   5.7829055319716138e-01	   4.7958682461675595e-01	   5.1553384666599078e-01	   4.9462058374681905e-01	   7.5624065676134455e-01	   4.5273920960345349e-01	   6.4487948668706541e-01	   3.5395628609509922e-01	   5.1029305205761966e-01	   4.4406847062031285e-01	   4.3241365370560125e-01	   2.9965279956149138e-01	  -2.1636005950470616e-01	  -2.4894200115085968e-01	   5.7198557851530252e-01	   4.4138896497133140e-01	   3.7801607876595505e-01	   3.8368125902711497e-01	   2.6113893026633123e-01	   1.2023424419859180e-01	
   3.1812683701418931e-01	  -2.4116012682202109e-01	   5.5972179965375246e-01	   3.8445974947213390e-01	   6.4745383432253933e-01	   3.5287643813478931e-01	   7.0034555832080403e-01	   6.1064039560556649e-01	   6.5982870655652803e-01	   5.5228993496823309e-01	   5.6140842465894625e-01	   4.8583746936031313e-01	   0.0000000000000000e+00	   4.6875235347508415e-01	   6.4247456316769203e-01	   3.4730753493544303e-01	   1.2785089314299139e-01	   2.7363028641541214e-02	   2.9683436955418407e-01	   1.6314994382262138e-01	   3.3338418812635184e-01	   3.1509647801025298e-01	   4.4302010830658556e-01	   2.9120028859632469e-01	   4.7227340936540030e-01	   3.9358424002170339e-01	   2.0010215845358553e-01	   2.5201002556022128e-01	   4.8816102901599656e-01	   4.0894562258343792e-01	   4.2564320709760539e-01	   3.4007900796576362e-01	   5.6364126430820294e-01	   6.0558587698764055e-01	   5.9293456170474135e-01	   4.3530940338593738e-01	   2.9764104331431113e-01	   3.3753791070088113e-01	   2.3544585462421855e-01	   3.9972070334957077e-01	   3.5608835826480900e-01	   3.5714580898149895e-01	   2.4419780526834522e-01	   2.3470280851592507e-01	   2.4733010890648732e-01	   1.9020801997566661e-01	   1.7589373058178073e-01	   2.2377135882302965e-01	   1.0629228431376476e-01	   2.8469931910520514e-02	   1.6909905681853760e-01	   5.6437973241152170e-02	   7.5419582557513798e-02	  -7.2027196896448532e-03	   1.4592411192389490e-01	   1.4313195419412084e-01	  -4.7273639188460240e-02	  -3.3275793680588739e-01	   2.3935724171446210e-01	   7.2207042722143927e-02	   3.0213840327250474e-01	   1.9254432209974170e-01	   1.1968187718774236e-01	   9.6739572129722229e-02	   4.6741071269276413e-01	   5.4530277159483376e-01	   5.2403726833351949e-01	   4.4098316026654111e-01	   1.4973925745665920e-01	   1.4783230751885662e-01	   2.0111919652773741e-01	   5.2471586748620380e-01	   3.2005629608808650e-01	   4.3272678913217222e-01	   3.2241457967486814e-01	   4.2213281804088648e-01	   3.6753389766226957e-01	   2.3321336692544820e-01	  -1.8223953713321733e-02	   2.2044761014931885e-01	   9.4884952324690401e-03	   2.9631467835599318e-01	   3.2149235611858651e-01	   4.2310927741978210e-01	   4.6945425750268943e-01	   3.8007812472588048e-01	   1.2762130846114916e-01	   3.6941731453103471e-01	   4.7164837803537241e-01	   3.0780903980748708e-01	   2.9665003632673337e-01	   4.4702518278458492e-01	   4.1004748930906387e-01	   5.7423806742105166e-01	   1.0412726645733597e-01	  -4.3120219496417020e-02	   2.4123470945517775e-01	   9.9400284356094756e-02	   1.2910673432087516e-01	   2.2719027086638516e-01	   4.5456193198570605e-01	   5.5676146396914428e-01	   1.9341703318344675e-01	   2.5265970509026181e-01	   1.3775941773070197e-01	   2.7457330099347066e-01	   2.2136320083672384e-01	   2.2557390847788264e-01	  -4.2711778230981129e-01	  -2.8009249554864624e-01	   3.3308595886583370e-01	   6.7906764768025110e-02	   1.0895076117294250e-01	   2.9309794614999662e-02	   1.8572154444887368e-01	   1.3475510967991053e-01	
