   0.0000000000000000e+00	   7.6466936709322064e-01	   5.3841342347018317e-01	   4.4635628070348116e-01	   3.7603552817157770e-01	   4.0307122984979327e-01	   6.6392421681126401e-01	   5.8245922274452511e-01	   5.8724706307521479e-01	   5.0357218352280697e-01	   7.5720262138392658e-01	   7.1537966968190014e-01	   7.9687751307483257e-01	   6.7439790499589836e-01	   6.5261494172249312e-01	   4.3001716675271651e-01	   5.5439000790973758e-01	   5.1234467626418057e-01	   7.4525050890403000e-01	   7.8484177589143633e-01	   4.1498394579561715e-01	   3.5546681771254179e-01	   1.3970029530081468e-01	   1.7676240249724059e-01	  -2.2552689235604317e-01	  -1.1535279352498651e-01	   1.1573459237098682e-02	   2.5537970804745880e-01	   3.9358087429377042e-01	   4.3040252320959477e-01	   7.4705436770368158e-02	   1.8339624950847466e-01	   5.3526699032502723e-01	   5.9703266516179920e-01	  -6.9979571629759554e-02	   1.3332921144533416e-01	   4.4867370304969545e-01	   4.8777228254505756e-01	   2.5916499161614809e-01	   3.6860858176688183e-01	   2.5664522161335801e-01	   7.8534896071655966e-02	   5.4725102606911102e-01	   4.9065301285637497e-01	   3.6362269203942527e-01	   3.3058451210195600e-01	   5.7849791686174323e-01	   6.0054287838324938e-01	   5.0461570066397821e-01	   3.3836777445243732e-01	   5.8202703725101190e-01	   3.2817322600673948e-01	   6.4137961668169385e-01	   6.6925388706459543e-01	   4.3924521465149668e-01	   5.7714552665491170e-01	   7.8039006060446703e-01	   4.9849154886633440e-01	   5.1404641644209126e-01	   4.5004437322996704e-01	   8.1227076020306788e-01	   6.8851709919474557e-01	   5.5146104639478399e-01	   6.6454173259672944e-01	   1.7943902492892902e-01	   5.1619907123209685e-01	   2.6357274644222750e-01	   1.8998816992991141e-01	   3.4563598100514409e-01	   2.9231044232961485e-02	   4.4968229493060041e-01	   5.4207271269141932e-01	   4.1190909504825624e-01	   3.8919717673724397e-01	   4.0678316404461623e-01	   3.3467654184516560e-01	   4.6102168307802605e-01	   4.6288665731125811e-01	   1.2802281585332817e-01	   3.2619282690933155e-01	   5.6443508387552321e-01	   6.0568776959455373e-01	   6.2782903112838595e-01	   6.9838610857259220e-01	   6.5405958043536339e-01	   6.9394393048761660e-01	   1.7482541490517775e-01	   2.4729376328972058e-01	   3.3998749742611001e-01	   6.0706577702537368e-01	   6.9897155422931367e-01	   5.5455741014883397e-01	   4.8232030438137408e-01	   4.3462316123551248e-01	  -1.8190573274630073e-01	   1.3717462533915584e-01	   3.1907876050946160e-01	   3.0508702473425092e-01	   5.9833661557180484e-01	   6.5849689391296318e-01	   4.2439865568404794e-01	   4.9067102740692720e-01	   5.4849213654020283e-03	   5.3602379645140696e-01	  -1.2380106229208254e-01	  -1.1866928793233231e-01	  -7.4915703951178164e-02	   2.9175954325915698e-01	  -3.0631473031142130e-02	   1.8018786417677787e-02	   5.0369433824313259e-01	   5.5080287360343383e-01	   5.1378153019107864e-01	   5.0208082588753244e-01	  -1.2410897421619551e-02	  -1.6648294360780208e-01	
   7.6466936709322064e-01	   0.0000000000000000e+00	   4.7817748322728465e-01	   3.5340755230104254e-01	   3.3450675992976836e-01	   4.0550145121997350e-01	   5.0298083967753981e-01	   3.7354447605348440e-01	   5.3156925995886761e-01	   4.4435017345435679e-01	   4.8008807184730551e-01	   4.7856780104644697e-01	   5.5877323881633889e-01	   3.9138372971640928e-01	   5.7290517998657853e-01	   4.1676362956555169e-01	   5.2651717868353931e-01	   6.1261797662942152e-01	   5.4418535088620645e-01	   5.8066802233079984e-01	   4.5705922481417394e-01	   3.9789488656709560e-01	   1.3234282124625840e-01	   1.6589155508103831e-01	  -5.7755297302560127e-02	   6.1949053530404072e-02	   1.7110533278149948e-01	   3.0955183205681647e-01	   3.7263170025427295e-01	   4.8789433538281368e-01	   2.3197957898892813e-01	   2.4006331646702936e-01	   5.5479156061439139e-01	   5.6124974212291989e-01	   9.3230362187176757e-02	   2.4265887184671031e-01	   4.7664866107696313e-01	   6.1245864913795478e-01	   3.7558914964515516e-01	   5.1918818446386106e-01	   3.1958538799902259e-01	   2.2542397670326542e-01	   5.5527400857553999e-01	   4.8855982759075467e-01	   3.1968945859343184e-01	   3.6104205290914154e-01	   5.5270493429098377e-01	   5.9404594565817337e-01	   4.7838189376434848e-01	   3.8070125241511688e-01	   6.0409995483159240e-01	   3.8815681925957579e-01	   6.9435768868996517e-01	   6.2749975825105264e-01	   4.6390332793455635e-01	   5.9713623808383753e-01	   7.9123036854026441e-01	   6.8963473867763614e-01	   5.3438658654640026e-01	   4.9540459732927994e-01	   6.7295680559482229e-01	   4.9803989938666937e-01	   4.2838664028466034e-01	   6.7088800778057123e-01	   2.1550109950354218e-01	   3.8388103126944706e-01	   2.9184972605716064e-01	   2.0417312106790547e-01	   2.9354452923372332e-01	   1.2064907019692384e-01	   3.3597578490667052e-01	   4.0757384679613501e-01	   3.5729269894978716e-01	   3.2830315042470676e-01	   2.7363559206054050e-01	   1.9694930447934697e-01	   4.8209457909230130e-01	   5.2312116741947590e-01	   2.4106958325525329e-01	   5.3142903774527417e-01	   5.9458355018044462e-01	   7.1514800686752855e-01	   5.4679074257388005e-01	   7.3660340385971612e-01	   6.6343667463971023e-01	   6.6681596543583721e-01	   2.5520355501608571e-01	   3.0261086881268040e-01	   3.4917586265076117e-01	   5.4869215160912699e-01	   6.3094738634256264e-01	   5.4408210788587641e-01	   4.2089687163188921e-01	   5.0680962350353087e-01	  -9.2803360817713385e-02	   2.9635573883009292e-01	   4.2323226463507241e-01	   3.9125276917683238e-01	   6.3429017307488267e-01	   6.8289317952974993e-01	   4.4308897767708244e-01	   4.3428743865382224e-01	  -6.4967899591187428e-02	   3.9909733164022770e-01	  -3.0869003568741199e-02	  -9.0270036285858724e-02	  -6.8986587394265192e-02	   2.1359888809846977e-01	   2.9396305576587373e-02	   1.2768301745180602e-01	   6.5966400822092564e-01	   6.6792026712164887e-01	   6.4001667720003341e-01	   6.5915428430401046e-01	   2.0928116964123278e-01	  -5.7728972955715406e-02	
   5.3841342347018317e-01	   4.7817748322728465e-01	   0.0000000000000000e+00	   6.8539105998854377e-01	   4.9699750978281065e-01	   4.8478656075860460e-01	   7.0563313565236829e-01	   5.8461858153440682e-01	   4.9189901995227159e-01	   4.5459683898726289e-01	   4.8257217063283214e-01	   2.6224403744840880e-01	   4.7065154900584755e-01	   3.4616925606540516e-01	   6.6378279506485738e-01	   4.5112213768731463e-01	   2.3138452125883990e-01	   3.1309391914718188e-01	   4.2072485843110496e-01	   3.7537083687711992e-01	   7.2000839684418227e-01	   5.6503745320817012e-01	   6.2718552973630703e-01	   4.9121267258360962e-01	   3.8137095429246060e-01	   5.2347387348074681e-01	   3.1179556471043557e-01	   4.6905270218204198e-01	   1.6017828888899036e-01	   2.9070383825659885e-01	   7.3079270496848414e-01	   6.5193638710754498e-01	   5.9124300802008090e-01	   5.6776489121088947e-01	   5.3427637212808177e-01	   5.8977772541669360e-01	   3.0211335392264593e-01	   3.5697854765668502e-01	   5.7525018457913513e-01	   4.2678416362207477e-01	   7.2761030245915612e-02	   8.1446772403300616e-02	   5.0319552224062702e-01	   5.0349094685935858e-01	   4.2732026957605002e-01	   4.6406837109856930e-01	   5.0931685921838921e-01	   5.0536076254956330e-01	   4.7745897689213790e-01	   4.9478837837708900e-01	   5.2586859153675913e-01	   6.3184997481721483e-01	   4.6609497519952658e-01	   4.9584071996175899e-01	   4.4842511283597219e-01	   4.9369688386785915e-01	   4.3216257218232929e-01	   1.9927458206974519e-01	   3.2042457940812719e-01	   2.8191055989060687e-01	   4.9829971709140947e-01	   3.7571442288174584e-01	   1.7704523405413811e-01	   1.9679095713155653e-01	   5.7578890305678621e-01	   3.4673357690018908e-01	   5.5040684738188195e-01	   5.4134843245677611e-01	   1.6273928755885769e-01	   1.1584808272562125e-01	   3.6934555014606296e-01	   3.6488684894778201e-01	  -1.4693278571328427e-03	   9.9969760409658274e-03	  -1.4688399261245429e-03	  -4.0479621143538508e-02	   4.2128548699128515e-01	   4.2950849841192507e-01	   8.1880332424177332e-02	   2.2065838692723541e-01	   4.3814082467800852e-01	   4.5554613977262426e-01	   6.7114087280159351e-01	   6.1956621806007406e-01	   4.9531460569935160e-01	   5.5725903925615872e-01	   3.4557362207590447e-01	   3.5755591807172593e-01	   3.7304554864840955e-01	   5.8315011268058681e-01	   4.3499358624742868e-01	   4.9151753387248304e-01	   4.5866509484453155e-01	   3.5403755076721977e-01	   5.3743723554842249e-02	   1.4009899135710394e-01	   4.0552860898438270e-01	   1.9654683037067799e-01	   3.7452754762125445e-01	   4.5932902663690123e-01	   3.5065406640705088e-01	   5.7648434195286036e-01	   1.6447275534173311e-01	   4.5363314146800637e-01	   2.1320773778765340e-01	   2.3972885095518670e-01	   4.0793248903327410e-02	   4.1732777748478128e-01	  -1.5871001269679613e-01	  -1.4151084444047962e-01	   3.3561239734049969e-01	   2.0769534934048561e-01	   2.5242911298959669e-01	   1.1247551833649189e-01	   4.0240391476354914e-02	   2.2305966300413810e-01	
   4.4635628070348116e-01	   3.5340755230104254e-01	   6.8539105998854377e-01	   0.0000000000000000e+00	   3.7113065898303926e-01	   6.3076046267261709e-01	   4.4601708198804191e-01	   7.8425032290734986e-01	   3.5149130853278276e-01	   6.3435349513646200e-01	   2.9176092346563270e-01	   4.9284616926344099e-01	   3.6597263034945388e-01	   5.2687861900204047e-01	   5.5315396068256639e-01	   7.7175868660546854e-01	   3.4351666131236169e-01	   3.9176492948455471e-01	   4.0993967488062893e-01	   4.8344371201311087e-01	   5.2184053599581692e-01	   5.5467884471606677e-01	   6.3319121238226561e-01	   7.9304785862507254e-01	   2.9471128215380255e-01	   5.1489926137526187e-01	   7.6222461376537681e-02	   4.0521100471545596e-01	   1.2409296205761390e-01	   2.6598701573022665e-01	   6.2928155912593797e-01	   7.3975307490193143e-01	   5.0826793147451999e-01	   6.5325265255302867e-01	   3.9242480536375507e-01	   5.0315123711605603e-01	   2.1016856407398884e-01	   1.0638378288826444e-01	   3.8779921522080474e-01	   2.4468047771290910e-01	  -3.7051050122856977e-02	   7.4775887722778600e-02	   2.7946417303071813e-01	   3.3035670417343771e-01	   3.1666737001668843e-01	   3.5240619988567179e-01	   2.9325702584722235e-01	   2.8245271414651579e-01	   2.1296808721003041e-01	   3.8178297783120946e-01	   2.4782863616801706e-01	   5.3643073232883909e-01	   2.5023086359879820e-01	   3.2141829929540860e-01	   2.2915799462615472e-01	   2.3630273598190293e-01	   4.6128260328385473e-01	   1.5368049314117585e-01	   1.0574843840010381e-01	   1.7182213383212785e-01	   2.8351651265364763e-01	   4.5309130955033561e-01	   1.0764831290097210e-01	   1.4964486036646341e-01	   4.9482396340988588e-01	   6.4801062653125974e-01	   3.9055313989143897e-01	   5.2654833518956190e-01	   1.9670648339658819e-01	   1.8906400727442763e-01	   1.0073727230143419e-01	   1.9628630532036659e-01	   1.9139323063377750e-01	   1.8797283964400283e-01	   1.8736291612717504e-01	   2.3608046622547990e-01	   3.3962562891347692e-01	   2.8134695654301978e-01	   8.3130037287675929e-02	   2.0960377692925214e-01	   3.4474120965522903e-01	   3.3062514949687516e-01	   4.7615502791242903e-01	   4.8192427606365562e-01	   2.7781463032462533e-01	   4.1725177403580516e-01	   1.6139922163203371e-01	   2.7033360321201472e-01	   4.1067950528030661e-01	   5.4021567537337312e-01	   3.2088242982324833e-01	   2.3442484210029316e-01	   5.7513726043337376e-01	   2.9587799356869271e-01	   1.0537114046099263e-02	   3.8155406440385883e-02	   2.7930726792473376e-01	   9.5384214652178445e-02	   1.4920999794245060e-01	   2.1480770436610899e-01	   3.0189658842285255e-01	   4.3497442784818169e-01	   2.0710505793342415e-01	   1.4813727726021939e-01	  -2.3151387976070002e-02	   6.8803181009676986e-02	   8.6797163104383457e-02	   2.6542861675397594e-01	  -1.1674819585994954e-01	  -1.5926791128440823e-01	   1.7876805783909999e-01	   8.7476247051041359e-02	   2.3024213372433133e-01	   5.0669696081454003e-02	  -1.7555993099270745e-01	   1.2328536870451109e-01	
   3.7603552817157770e-01	   3.3450675992976836e-01	   4.9699750978281065e-01	   3.7113065898303926e-01	   0.0000000000000000e+00	   7.2763915976165761e-01	   5.4231644359936482e-01	   5.2862369823986288e-01	   5.2315682567943955e-01	   6.3318783411446478e-01	   1.8248479491085667e-01	   1.9545639082620003e-01	   2.6937412576899261e-01	   4.2189245392001662e-01	   4.8262432345744755e-01	   4.0304165663384195e-01	   1.8491660036960823e-02	   7.6810709453453054e-03	   1.3711639091272748e-01	   3.1638636839824208e-01	   4.5177012400331340e-01	   5.4431347023612608e-01	   3.9760952857691778e-01	   2.8722576304199759e-01	   4.1669178696931730e-01	   3.9865553279854660e-01	   6.7298930382839883e-01	   7.4380137811424141e-01	  -1.0280937933018527e-01	   6.0611239997505131e-02	   2.9158064110133020e-01	   2.2579493887351199e-01	   2.6087706700388802e-01	   2.7320609080701941e-01	   3.9532134588889878e-01	   5.3897474678382684e-01	   1.7689373735788749e-01	   1.7514277783016940e-01	   4.7468458987778805e-01	   2.7238185853062069e-01	  -9.6653683133154172e-02	  -4.1402693794626577e-02	   5.8789385122923621e-01	   6.3896909927514334e-01	   6.5979843046020314e-01	   7.0703806934062141e-01	   5.6329672127320540e-01	   6.1516792696138345e-01	   7.4819786887838202e-01	   7.5586245520588546e-01	   6.6321784082944601e-01	   6.5313648526079804e-01	   6.6000566953740791e-01	   6.0695260666772555e-01	   5.4571939889595644e-01	   4.4643881333446994e-01	   3.7715341178146899e-01	   3.5433775272754336e-01	   6.3123553669972088e-01	   6.4699391882650081e-01	   4.3597618768334762e-01	   4.7873911120857837e-01	   1.0049099699756991e-01	   8.3096834142191739e-02	   1.6548085128332635e-01	   3.0163321935430704e-01	   8.0540168270342560e-01	   6.5639032444178036e-01	   9.2158797592633152e-02	   3.2582685977729814e-02	   2.1482299846925917e-01	   4.1132266925996086e-01	  -1.6037332325015075e-01	  -8.7165933783048807e-02	  -1.9257059346879554e-01	  -1.3625290317180846e-01	   2.4911895063200312e-01	   3.3342474095510177e-01	  -1.1632459705605576e-01	  -5.6516689963092989e-02	   3.3753423236225777e-01	   2.0101554500732366e-01	   5.1808909703654793e-01	   4.3489186509262689e-01	   2.0839019566432915e-01	   2.1752539357537298e-01	   5.3087543814540705e-01	   2.8299655684081293e-01	   4.6458515895166186e-01	   4.4469041447423818e-01	   5.5321280232652081e-01	   4.6890134548860607e-01	   4.9164526797754965e-01	   1.8806316535945275e-01	   1.9369985102863960e-01	   2.1496449286706637e-01	   6.3047152223433245e-01	   4.5586183697457938e-01	   4.9553600976683754e-01	   4.6639741577060556e-01	   5.5490564490841310e-01	   3.3276045536707810e-01	   3.4484260303256642e-01	   4.2972983511680152e-01	   3.6198882600166460e-01	   3.1986113905210295e-01	  -2.3460295422927089e-03	   3.2138165217659553e-01	  -2.8267720833735543e-01	  -2.8506742336212806e-02	   3.3091649516202370e-01	   1.8402707260271298e-01	   3.1794540082950956e-01	  -2.3713599024595366e-02	  -2.4025762147779135e-02	   2.7114187908754514e-02	
   4.0307122984979327e-01	   4.0550145121997350e-01	   4.8478656075860460e-01	   6.3076046267261709e-01	   7.2763915976165761e-01	   0.0000000000000000e+00	   4.4328427802639908e-01	   6.6142334709510142e-01	   4.4511570907002607e-01	   8.9220782085821859e-01	   2.1849953768611335e-01	   4.4944880721955782e-01	   2.9339078254120626e-01	   5.1458852360372587e-01	   5.2953732659761199e-01	   6.9720252435445418e-01	   1.8251556216289136e-01	   1.6896858698606906e-01	   3.2688541646418234e-01	   4.9168535182903617e-01	   4.7439810194993404e-01	   7.1602691356025050e-01	   4.7853396786552849e-01	   5.7876872544288949e-01	   3.5475694689727300e-01	   4.3989584931357500e-01	   4.3135125651986150e-01	   6.2209780941767823e-01	  -1.7599160628907953e-02	   1.6733928746756116e-01	   3.5754063150453286e-01	   3.8347299862611983e-01	   2.5212121137283161e-01	   3.5710511759906494e-01	   3.6171736277662225e-01	   5.3062997877141127e-01	   1.4942601738928224e-01	   1.5375908226736495e-01	   3.6581978401935378e-01	   2.6073651665230513e-01	  -4.0879033117325242e-02	   2.8607851461538283e-02	   3.7537343708877491e-01	   4.3440932544381095e-01	   4.8716545154658653e-01	   5.4210764306142334e-01	   3.6876728525311431e-01	   4.1663079065571362e-01	   4.8072334803719002e-01	   5.8224713584390697e-01	   4.5619208502042452e-01	   5.4989970748453265e-01	   5.6835988975065055e-01	   5.2818074333307119e-01	   3.2742807964502640e-01	   2.6340017696944673e-01	   4.7049461461802089e-01	   3.3902146797066884e-01	   4.6721399950199111e-01	   6.1132493719157199e-01	   3.9298129386969016e-01	   5.6538138419543604e-01	   9.2621747559818363e-02	   1.6671457613421514e-01	   1.8941194970575606e-01	   5.5736174047944265e-01	   5.9340111853499766e-01	   5.5956528143072126e-01	   1.9914630702792285e-01	   2.0153367597452548e-01	   2.2343914571881779e-01	   4.5806548828564209e-01	   1.2154415614127184e-01	   1.4212680964627142e-01	   1.2267065066407004e-01	   2.9283411561454109e-01	   2.2887130701380487e-01	   2.2861273804898113e-01	  -7.3593167908074866e-02	   5.5943880749952990e-02	   2.7253656574257101e-01	   2.0294799657338225e-01	   4.0531165086148574e-01	   4.1730419360997817e-01	   2.4301269032602130e-01	   2.3317595180730677e-01	   2.4768324546960771e-01	   1.6469893763897359e-01	   5.7301596348266948e-01	   5.1405622807063789e-01	   5.8435948042692998e-01	   4.5637920203585691e-01	   6.6710615565827980e-01	   4.3994203528738063e-01	   1.3176196130914912e-02	   1.0650202593978586e-01	   3.1772359823395180e-01	   1.7966317515953903e-01	   2.9008740133188016e-01	   3.1045558803603884e-01	   4.6865577288089244e-01	   4.8517303331170319e-01	   8.0922383983170060e-02	   3.1435055325049693e-01	   2.3825276985105853e-01	   2.8325314317267425e-01	   8.5098973855189351e-03	   4.1443285098555083e-01	  -3.2508258660832923e-01	  -1.5983046421085734e-01	   2.2596271333955595e-01	   1.6109511354541001e-01	   3.1977429180613948e-01	   1.0863880808113241e-01	   2.1459031123232455e-02	   1.5147433856127462e-01	
   6.6392421681126401e-01	   5.0298083967753981e-01	   7.0563313565236829e-01	   4.4601708198804191e-01	   5.4231644359936482e-01	   4.4328427802639908e-01	   0.0000000000000000e+00	   7.6117834049423538e-01	   8.1969770452791790e-01	   5.4244598585191484e-01	   5.6347977383638603e-01	   5.1614438830107845e-01	   6.1965618370745057e-01	   5.5359073987201679e-01	   5.8232357567659832e-01	   2.4005032817450367e-01	   4.3585176773736367e-01	   4.1000639695149516e-01	   5.7822981901947612e-01	   5.5647498797022510e-01	   5.9466653285831272e-01	   3.8546765552094459e-01	   8.8533056493348208e-02	   4.5798051709851309e-02	  -1.7469081860744790e-01	   6.8770827868120028e-04	   1.2438149685684284e-01	   3.2755391600987815e-01	   4.4990159578666600e-01	   5.4538713838013830e-01	   2.4754497200151609e-01	   3.1883185633495181e-01	   6.4678225206069218e-01	   6.3876874158452435e-01	   1.5165885883625355e-03	   2.4571932412621289e-01	   3.2718826576880189e-01	   3.8098355092990999e-01	   5.0088972148613942e-01	   4.9983787336241459e-01	   2.5725269319058963e-01	   9.0924938491672103e-02	   6.4040568184338642e-01	   6.2787798470304801e-01	   5.4985100530516862e-01	   5.5937421418704525e-01	   6.9410724610608565e-01	   7.2121973933964456e-01	   6.8651531224521711e-01	   5.3134772564069599e-01	   6.6917051255022075e-01	   4.4947850230838349e-01	   6.2754675139314842e-01	   6.0252596204142572e-01	   5.7772034597664990e-01	   7.6324437193080752e-01	   4.1721622795513297e-01	   2.4128528481048844e-01	   5.6244863930331535e-01	   4.7106547094526552e-01	   8.0390906897217840e-01	   6.9282880391055157e-01	   5.5238658086224401e-01	   5.1903996003666597e-01	   2.8001700339371355e-01	   4.8242787495701489e-01	   5.7379704196325998e-01	   4.8918169609739409e-01	   1.2767446863329818e-01	  -1.5633156989860178e-01	   5.1645672673465670e-01	   4.6323499771294052e-01	   1.8059086622576387e-01	   3.2876884635524234e-01	   1.4671455324667199e-01	   2.0833505233508659e-01	   5.1629540538908802e-01	   5.9617112234679526e-01	   2.5248932096325910e-01	   2.7792625460795722e-01	   5.6678820537114794e-01	   5.5385079905151202e-01	   5.5119659814155031e-01	   6.1663955203888765e-01	   4.9982727133808413e-01	   6.4453310641834938e-01	   1.9528931704828917e-01	   1.1382545753989803e-01	   2.0248465604507360e-01	   6.7138908751346460e-01	   5.5435988215865850e-01	   5.5303334337533683e-01	   3.7520344682904938e-01	   2.3318165806443791e-01	  -3.8326411760815277e-02	   1.0926310679735493e-01	   5.7045878575839204e-01	   4.4784557981840284e-01	   6.7337006931623566e-01	   7.4052340178411025e-01	   4.8201784113261981e-01	   5.0258675240650041e-01	   2.2507214757228364e-01	   5.4380640614727060e-01	   5.7018334694566200e-02	  -9.1725493912228062e-02	  -7.1785754612423425e-02	   3.0162379349461310e-01	   1.9280878535693262e-02	   4.3166576445660590e-02	   4.9601509099917218e-01	   4.8556779865499022e-01	   5.1674129095370036e-01	   3.5336699509836222e-01	   1.5099349851994653e-02	  -1.5223884520703906e-01	
   5.8245922274452511e-01	   3.7354447605348440e-01	   5.8461858153440682e-01	   7.8425032290734986e-01	   5.2862369823986288e-01	   6.6142334709510142e-01	   7.6117834049423538e-01	   0.0000000000000000e+00	   6.4249839847112411e-01	   7.6259805011677095e-01	   3.9223684058772146e-01	   6.8147109647870419e-01	   5.6522382397801685e-01	   7.3452398734447866e-01	   5.7666490930820014e-01	   6.2298417268971262e-01	   4.1733451263102084e-01	   3.6338966990380261e-01	   5.0307631477054571e-01	   6.0826571253801798e-01	   4.9784285884065133e-01	   5.3155927233412159e-01	   2.8280859440568734e-01	   4.4463409778731355e-01	  -7.6139137289789938e-02	   1.5194864835165683e-01	   8.6177326270634680e-02	   4.0916693554174322e-01	   3.3649724636299283e-01	   4.8233346395143173e-01	   3.1817648035043106e-01	   5.1307019661591313e-01	   5.5268194393421433e-01	   7.1078910217877622e-01	   7.0933715647454876e-02	   2.8810051729374353e-01	   1.6295454238678012e-01	   1.4511708661173331e-01	   4.1106576868651246e-01	   3.2603690506745231e-01	   1.0115993257244509e-01	   8.7033266431084208e-02	   4.0324717762086715e-01	   4.4609745898554365e-01	   4.7880319027407336e-01	   5.0795605221059081e-01	   4.5682306971021203e-01	   4.9112397560429200e-01	   5.0895746360021887e-01	   5.1722039981112267e-01	   4.7731169156792008e-01	   4.6423352568328669e-01	   4.4205727539314787e-01	   4.8428228027379616e-01	   3.6231934795474063e-01	   4.8654912116547971e-01	   4.0433524443874691e-01	   2.2498155858916719e-01	   3.9820047493003091e-01	   4.5679912287360525e-01	   5.8185593170110705e-01	   8.0961840034764698e-01	   4.3106124686568631e-01	   4.2762571787416448e-01	   2.7641515180957726e-01	   7.1919799151127473e-01	   5.4409393754493451e-01	   6.0563335607692992e-01	   1.8648070837789962e-01	  -3.9425621074427306e-02	   2.0860195068340531e-01	   3.2618781201709446e-01	   2.0117228747543472e-01	   3.1791894456186454e-01	   2.0271602477571943e-01	   3.1472165170202748e-01	   3.4333966767604762e-01	   4.0971604561596231e-01	   1.5720675229055481e-01	   1.8798265642558845e-01	   4.4786224329978064e-01	   4.1804033762919041e-01	   4.6579896600436155e-01	   5.0470783351014759e-01	   3.3677885298717902e-01	   5.3749766054975101e-01	   1.3787625437562262e-01	   1.2285491987560013e-01	   3.2016699225035483e-01	   6.7818127556600549e-01	   4.5033867614105905e-01	   3.7365114833442531e-01	   5.4631213510314103e-01	   2.0433976137482143e-01	   1.0556399134742855e-03	   1.2914891422776468e-02	   4.5741762363299343e-01	   2.5467724194591135e-01	   4.0638748083896126e-01	   4.7278754527978473e-01	   5.0980680826888625e-01	   3.8296515590345792e-01	   3.0871500798792390e-01	   2.9313687415597417e-01	  -4.9534408462883088e-02	  -1.0882497333087462e-01	  -2.2816367654677226e-02	   2.9763988668155877e-01	  -6.2288931295539834e-02	   2.2808862000349702e-02	   2.8474465137219490e-01	   2.3843586912308151e-01	   3.5113106845791825e-01	   1.6472883306309716e-01	  -1.6630981340828882e-01	  -9.4048218805353384e-02	
   5.8724706307521479e-01	   5.3156925995886761e-01	   4.9189901995227159e-01	   3.5149130853278276e-01	   5.2315682567943955e-01	   4.4511570907002607e-01	   8.1969770452791790e-01	   6.4249839847112411e-01	   0.0000000000000000e+00	   4.7452463747474971e-01	   4.5762204149223634e-01	   5.2104329551793782e-01	   5.2278121715192671e-01	   4.2820622362750010e-01	   5.4503274336977070e-01	   2.7429897372035023e-01	   5.0013404405963335e-01	   4.5222158707522331e-01	   4.8423397489491649e-01	   4.6601044884217535e-01	   5.2155838033430968e-01	   4.3804566015785984e-01	  -1.8097151512856974e-02	   2.3467466819517158e-02	  -1.9898062895129992e-01	  -1.1539354598010528e-02	   1.4451444491221171e-01	   2.9059763754470741e-01	   4.2438726563016704e-01	   4.8759682885309352e-01	   8.9189152635472099e-02	   2.1530919518370137e-01	   5.5850157293916625e-01	   5.6704305476491701e-01	  -5.3828629471336931e-02	   1.9426035042420667e-01	   3.2484261011598670e-01	   3.4802839137313302e-01	   4.5555129113523180e-01	   3.9735768282773853e-01	   3.2860823917403942e-01	   1.5621109183110349e-01	   5.7510807589951152e-01	   5.3243511498607365e-01	   4.3150487293326734e-01	   4.3686979521989533e-01	   5.5962116279279628e-01	   5.8273163184226973e-01	   5.4450025251630108e-01	   3.8203770281386112e-01	   5.3633858657600808e-01	   2.6610834950892764e-01	   5.3880276516760461e-01	   4.7343977048776537e-01	   4.8761473329588706e-01	   6.1771139858241253e-01	   4.9682797130874834e-01	   2.8844515578142826e-01	   4.9397095231465893e-01	   3.9740704178447112e-01	   7.3690640979247113e-01	   5.9550463892161298e-01	   4.0698156838176969e-01	   4.1577501687449619e-01	   2.2600551487604192e-01	   4.3439170819204564e-01	   4.8041818748996851e-01	   3.5623191727131748e-01	   6.4364120074509798e-02	  -2.5598204209861980e-01	   5.5489226044256112e-01	   5.6659087461400026e-01	   2.1831466094178911e-01	   3.1420274582871510e-01	   1.7380879816756845e-01	   2.2721833028389643e-01	   3.9314788396225453e-01	   4.6060513610547227e-01	   3.4513139683314459e-01	   3.7454060154076457e-01	   5.5750868223463390e-01	   5.7537001454900361e-01	   4.3256438780366691e-01	   5.6447000185081464e-01	   4.2134159021308992e-01	   5.6148603741247105e-01	   2.1711362872820403e-01	   1.5908189954159707e-01	   3.4783095261146901e-01	   6.2012842768078902e-01	   4.5256705833263478e-01	   4.0918468014277531e-01	   3.1747794487319364e-01	   2.1819178141383089e-01	   2.9154707451116671e-03	   1.0235397884572586e-01	   5.5115259780496939e-01	   3.3499159662410749e-01	   6.0817846722837421e-01	   6.0210979054955793e-01	   4.1469963436955659e-01	   3.8098905566628349e-01	   2.0211330937559902e-01	   4.1777989715974473e-01	  -6.5342998098608107e-02	  -2.6577485056767991e-01	  -1.3790994344381036e-01	   1.0631238012843064e-01	   7.2723518529321921e-02	   3.8663429288056633e-02	   4.5213568410284533e-01	   4.3078781631391705e-01	   4.3965259685612951e-01	   2.7427666880304563e-01	  -9.2177390938846540e-02	  -1.7944081949699714e-01	
   5.0357218352280697e-01	   4.4435017345435679e-01	   4.5459683898726289e-01	   6.3435349513646200e-01	   6.3318783411446478e-01	   8.9220782085821859e-01	   5.4244598585191484e-01	   7.6259805011677095e-01	   4.7452463747474971e-01	   0.0000000000000000e+00	   2.9962330683271698e-01	   6.0409321228268809e-01	   4.9068232183928584e-01	   7.0462542681224483e-01	   5.9457568432300434e-01	   7.3194685552869576e-01	   3.2728728773076071e-01	   2.7937731068129779e-01	   4.0516994145833224e-01	   5.5814418779806896e-01	   4.1588138356433568e-01	   5.8415516956990832e-01	   3.3175986943616426e-01	   4.8040480411996456e-01	   1.6241989940584842e-01	   2.6998530821859978e-01	   2.5499174413716780e-01	   4.8276981280970088e-01	   1.9908555321268570e-01	   3.4921749691181525e-01	   2.3174672818762232e-01	   3.0397790513547890e-01	   2.8709630654244156e-01	   4.0667725739076621e-01	   1.4494692153248062e-01	   3.6079033266543920e-01	   2.4469603722261940e-01	   2.9689892265781148e-01	   4.1736582391983568e-01	   4.0168806637008292e-01	   6.9245935504491235e-02	   1.0145266261199154e-01	   3.9563293253376569e-01	   4.6511804749782532e-01	   4.7289787517786530e-01	   5.3557858899682453e-01	   4.2008136631796023e-01	   4.8775043442943150e-01	   5.5888026765916388e-01	   6.0750086124713520e-01	   5.2832859140496435e-01	   5.3791723151566406e-01	   6.3069148514264706e-01	   5.9954758613811898e-01	   4.2256281443130944e-01	   4.0416787758399797e-01	   4.5473965584624221e-01	   3.3799920882365808e-01	   4.6783407216585327e-01	   6.4950821246202972e-01	   4.9134282134855223e-01	   7.3800794149767213e-01	   2.6535542300844195e-01	   3.3987097015079126e-01	   7.9565348953108378e-02	   5.7097819730805854e-01	   5.3855195017091417e-01	   5.1672151482265849e-01	   2.4246795021951648e-01	   1.9092819767426711e-01	   2.1297454405179547e-01	   4.1689667530528696e-01	   2.2006868426956280e-01	   2.3932247033792511e-01	   2.0359325588204802e-01	   3.9989217736241589e-01	   3.0301577378034783e-01	   2.8342134597375623e-01	   5.6210040109503593e-03	   1.1678615761353438e-01	   3.7090525426618809e-01	   3.4430128373499297e-01	   4.5637141204035181e-01	   5.1956133752688793e-01	   3.5505004042100202e-01	   3.7275058884095741e-01	   1.9877124377490110e-01	   1.0050704964570051e-01	   5.2579415129587048e-01	   6.4367345844426316e-01	   6.1826808588678972e-01	   5.3966672284340245e-01	   6.6649095726538854e-01	   4.2209437403177053e-01	  -1.6053184625885376e-02	   1.2893156920764373e-01	   3.7251113489451654e-01	   2.6662229897630252e-01	   3.8003102916768788e-01	   4.4672119312585279e-01	   5.2777517039286415e-01	   5.3309805495093510e-01	   5.3275076788271460e-02	   4.3877490904466654e-01	   1.7606878767231152e-01	   2.0313415653106412e-01	   4.9659942492294988e-02	   4.1200321353375363e-01	  -2.9170141879902584e-01	  -1.3107746077703872e-01	   2.5775356749782508e-01	   2.5526640859051852e-01	   4.3786450515465658e-01	   2.5084373219522754e-01	   1.1601842869065590e-02	   2.4313734936986468e-02	
   7.5720262138392658e-01	   4.8008807184730551e-01	   4.8257217063283214e-01	   2.9176092346563270e-01	   1.8248479491085667e-01	   2.1849953768611335e-01	   5.6347977383638603e-01	   3.9223684058772146e-01	   4.5762204149223634e-01	   2.9962330683271698e-01	   0.0000000000000000e+00	   6.1630816848952863e-01	   8.1586381641192229e-01	   4.9697470886426226e-01	   6.1778437226043237e-01	   3.0484685682178808e-01	   6.6774681693187821e-01	   4.7515265730485284e-01	   7.0014180978752638e-01	   5.9524126827711976e-01	   3.8464765164491405e-01	   2.3407613568742197e-01	   1.3906813453453676e-01	   6.8445866861447421e-02	  -2.2735131535423347e-01	  -1.7370790183184359e-01	  -7.3134658032685360e-02	   8.2988119248487313e-02	   5.7876830879609098e-01	   4.7480802690038382e-01	   1.2638813505434504e-01	   1.9719892390970156e-01	   4.8128083729451560e-01	   3.8998674836970681e-01	  -9.3282023994964255e-02	   1.7595837344004103e-02	   4.6449787229544776e-01	   3.8680662481897654e-01	   2.2350955477444501e-01	   3.3338515660823437e-01	   3.4865582483820595e-01	   7.0364249770235449e-02	   4.0763607743407004e-01	   3.4041609007667384e-01	   2.3382118049307649e-01	   1.5981943837720142e-01	   4.3395605432658857e-01	   4.2001252755223539e-01	   2.5425549944011688e-01	   4.3809526484629255e-02	   3.5094193008323599e-01	   8.3158716411938366e-02	   4.1085381179297997e-01	   4.3456807817336107e-01	   2.7842761661886073e-01	   4.3276235596364165e-01	   5.4253678124265214e-01	   3.5653564133731663e-01	   2.8766914780180264e-01	   2.2544726982773960e-01	   6.6889029438872827e-01	   5.0770247070476660e-01	   6.2101265191355859e-01	   6.2355757038897086e-01	   2.3648569719344470e-01	   3.5752372512716746e-01	   6.2265758588610443e-02	  -5.2443767734737020e-03	   3.2696012574266875e-01	  -5.5768523756572645e-02	   4.5913249218335694e-01	   4.4540428486884476e-01	   4.8202488401842097e-01	   4.6724329062123826e-01	   5.3953453713704114e-01	   4.4470720838246525e-01	   4.9232925442165121e-01	   3.1765792238986723e-01	   3.7273997884401178e-01	   4.2238776531439848e-01	   6.3491112905407820e-01	   6.2812599293391402e-01	   6.1458508332548545e-01	   5.5202267701199204e-01	   6.6789667671930397e-01	   6.9721202158299134e-01	   1.7505375148640082e-01	   2.6158088897154963e-01	   3.4788070698765144e-01	   5.4575639928933295e-01	   4.9843280138086404e-01	   4.3317824029873359e-01	   3.2044386409628661e-01	   4.3020224008260355e-01	  -1.9255551411123861e-01	  -2.1184391377673417e-02	   5.3723490567734525e-02	   1.2569614078895330e-01	   4.0728079573626419e-01	   5.0823322568159257e-01	   2.8132810788934665e-01	   5.5390680290491201e-01	  -5.2212168366601613e-02	   5.6039920837796919e-01	  -3.4601098372552666e-02	  -1.4644311190445625e-01	  -1.5555996567884339e-01	   3.1974015903563013e-01	   3.2291297495547384e-02	   1.8506071255585226e-02	   4.4314345248071629e-01	   3.0568524294990240e-01	   3.5564570235269533e-01	   3.3349654452098154e-01	  -1.0572333523274824e-01	  -5.8183278738398417e-02	
   7.1537966968190014e-01	   4.7856780104644697e-01	   2.6224403744840880e-01	   4.9284616926344099e-01	   1.9545639082620003e-01	   4.4944880721955782e-01	   5.1614438830107845e-01	   6.8147109647870419e-01	   5.2104329551793782e-01	   6.0409321228268809e-01	   6.1630816848952863e-01	   0.0000000000000000e+00	   7.4876435433052102e-01	   8.5036032920213933e-01	   5.9774803207181426e-01	   6.1405025617649178e-01	   5.7383140814579092e-01	   5.2004315386352684e-01	   6.1437805612691021e-01	   7.1011057584299930e-01	   2.9282886935611901e-01	   2.6400074907673710e-01	   9.7925806085432332e-02	   2.5667391865804950e-01	  -4.1189614596221147e-01	  -2.7989107531675561e-01	  -1.8093896390495487e-01	  -2.8406632143668953e-02	   5.4553967004136339e-01	   6.0941697518365956e-01	  -1.7416755954503822e-02	   1.8287950906774095e-01	   4.7564029673678992e-01	   5.9170382493837348e-01	  -1.9995499233671066e-01	  -6.7535419772734653e-02	   2.0116888176236236e-01	   2.0850504281627308e-01	   5.4857961948765327e-02	   1.3144078904766490e-01	   3.6460066510504652e-01	   7.0450327544638897e-02	   2.1530250557932312e-01	   2.2766240744988725e-01	   2.0535374315278934e-01	   1.7260737993356209e-01	   2.2541246747469479e-01	   2.8292039696172522e-01	   2.0373257213160897e-01	   1.0520686469207918e-01	   2.5439877595927951e-01	   4.3302700663862076e-02	   3.2529099342322487e-01	   3.1734066949933948e-01	   7.9970119587234156e-02	   2.4659360375687273e-01	   5.1976445901946255e-01	   3.6093407417261592e-01	   2.1057236945235430e-01	   2.5652494715142748e-01	   6.1937219931033960e-01	   7.7993934242904772e-01	   4.6884504082040668e-01	   6.0240717854348325e-01	   1.4563075179092597e-01	   7.1535209988130655e-01	   9.3145372434067938e-02	   1.2801002634226724e-01	   2.9853046175066733e-01	  -1.2477553282864091e-01	   3.1327084229609753e-01	   4.6834987818961804e-01	   6.2250842420363384e-01	   6.0184133093485681e-01	   6.5624396834129950e-01	   7.1035961924313473e-01	   4.3846569037465827e-01	   3.6998924410692641e-01	   2.9731555540603449e-01	   4.5144069883416277e-01	   4.2487533536399652e-01	   5.2410203366000085e-01	   3.8948588134094786e-01	   4.0120770133145478e-01	   4.0202582083137484e-01	   5.4268357147394797e-01	  -9.1028806340944356e-03	   1.1977143574534005e-01	   4.4737129732144665e-01	   5.0169561156124132e-01	   4.8436439598584918e-01	   2.6587753350998866e-01	   4.6537239837696959e-01	   2.8383576628620166e-01	  -1.8790302501028178e-01	  -1.4409091404376415e-01	   8.2161822797745060e-02	   4.0980428475440166e-02	   2.5363137560813115e-01	   3.7306650150151011e-01	   3.1775659132482703e-01	   3.8895792333221751e-01	   1.6746858278836763e-02	   3.1329643481324798e-01	  -2.8016191709132182e-01	  -3.5961151230189881e-01	  -1.2260254630976318e-01	   1.2326720488530549e-01	   6.7678537034666822e-02	  -3.1096856816744806e-02	   1.7416054234814560e-01	   2.2002209891156541e-01	   3.1610468844027328e-01	   3.4161728689608195e-01	  -1.9896686610944822e-01	  -3.8319094845430635e-01	
   7.9687751307483257e-01	   5.5877323881633889e-01	   4.7065154900584755e-01	   3.6597263034945388e-01	   2.6937412576899261e-01	   2.9339078254120626e-01	   6.1965618370745057e-01	   5.6522382397801685e-01	   5.2278121715192671e-01	   4.9068232183928584e-01	   8.1586381641192229e-01	   7.4876435433052102e-01	   0.0000000000000000e+00	   7.5841734854758580e-01	   7.4273240727853906e-01	   4.9724950521059252e-01	   5.7129690356927887e-01	   4.4966982635549108e-01	   6.1937663736666060e-01	   6.3165710728504187e-01	   3.8035221239082417e-01	   2.4215989258087550e-01	   1.4721669776751195e-01	   1.1503731183900884e-01	  -2.8328350139970415e-01	  -1.9191540249016023e-01	  -2.8727058465436321e-02	   9.6733014128962388e-02	   6.2133411885920087e-01	   5.8249488867815025e-01	   1.0170051268754984e-01	   1.7063492491038998e-01	   4.5750926672710646e-01	   4.6847198312875837e-01	  -1.1830226009140581e-01	   3.9009554852040593e-02	   4.4892115938919291e-01	   5.0654147552027495e-01	   2.5223840194466907e-01	   3.9832191104432874e-01	   4.0923089859950812e-01	   2.1360198518788898e-01	   3.3254557979086330e-01	   3.0156897974134184e-01	   1.7531805071012210e-01	   1.7478201077373090e-01	   3.9172336266939978e-01	   4.6506297124993978e-01	   3.9730567880654644e-01	   2.2479910763016792e-01	   4.9649359689774131e-01	   2.0208916394357151e-01	   5.2843526202228119e-01	   5.7171580536776700e-01	   3.2979384181498034e-01	   4.9397030274089898e-01	   5.0786119112875316e-01	   4.3956123195007357e-01	   3.3289377761268985e-01	   3.9364688706779882e-01	   6.8441832500162914e-01	   7.5085801384954864e-01	   6.3971940893969470e-01	   7.0329299911250531e-01	   1.6988404604470492e-01	   4.3870966678762857e-01	   1.7320658676712136e-01	   1.4777918655512493e-01	   3.0977086315598917e-01	  -5.0304813286753902e-02	   3.7230333022946205e-01	   4.0176972973609965e-01	   4.5403523490585229e-01	   4.1674117496507934e-01	   4.6639658906272374e-01	   4.0261806772300407e-01	   4.9670152360666298e-01	   4.0945386726710942e-01	   2.7778101703261493e-01	   3.6057997542561881e-01	   5.8617058065606653e-01	   6.7155513315140347e-01	   6.1171205432451514e-01	   6.3832483287469088e-01	   6.7505495248361358e-01	   7.7377761189971594e-01	   1.7561384792197499e-01	   2.2880806514146729e-01	   3.8232393691664474e-01	   6.4362359628504129e-01	   5.9899027392626836e-01	   5.2459127443038478e-01	   5.0432422821603518e-01	   3.8169924579977105e-01	  -1.2888474360213437e-01	  -1.7887787046945583e-03	   1.4496972205125386e-01	   8.2517229050846463e-02	   4.7081518773138975e-01	   6.1099082647038505e-01	   4.7173210793018555e-01	   4.3181729575200090e-01	  -3.8276334653008295e-02	   5.8028199039818651e-01	  -8.1265669708341676e-02	  -1.5339279739182776e-01	  -4.8481110650843269e-02	   3.4236200943897904e-01	  -7.3941603967290756e-02	   9.1120776776465028e-03	   3.5753496022761616e-01	   3.2075003849001582e-01	   3.5596833475809209e-01	   4.4747949577034429e-01	  -6.2676397341982437e-02	  -2.1003887112579037e-01	
