   0.0000000000000000e+00	   7.5356740392869481e-01	  -4.5745381204907054e-01	  -3.6605369165327517e-01	  -3.5524785531427761e-01	  -2.5893989126007144e-01	  -2.2711954090246811e-01	  -7.7833439543796290e-02	  -1.5819026544699577e-01	  -1.0812984761625796e-01	   6.1805989108873272e-01	   5.7309195967489157e-01	   4.1466712465801209e-01	   4.7216398069976795e-01	   2.1497003802286796e-01	   1.7291061825460163e-01	   5.9297842893576314e-01	   6.1477595815831099e-01	   4.2267889233273315e-01	   3.2118734422560685e-01	  -1.1395914878869126e-01	  -1.6311151321317277e-01	  -1.6937549594812548e-01	  -2.0756478255265409e-01	  -4.3022046785323287e-01	  -3.1387763630044574e-01	  -3.8675813838931367e-01	  -3.0391376689768262e-01	   5.5624972964278130e-01	   5.9262996775161214e-01	   1.1185253004555522e-02	  -1.2570252544945140e-01	   1.0464175693663712e-01	   1.2572027674380123e-01	  -2.8117842180262170e-01	  -1.7208898800458250e-01	   2.1064205976149519e-01	   6.0590191938403072e-03	   2.5051405093766954e-01	   4.4725184690064382e-02	   9.5305444955842478e-02	   1.8063083763931914e-01	   2.2408517935481809e-01	   2.7286693886589369e-01	   1.0422076697911255e-01	   1.1213258142867354e-01	   2.8245074784447144e-01	   2.1247378584241872e-01	   2.5081309094408075e-02	  -5.5594460896507533e-02	  -1.3561476694001121e-01	  -2.1599443060941270e-01	  -3.0438136935117398e-02	  -1.2423521440830479e-01	   2.3518955236797745e-01	   1.5331242163252498e-01	   5.8289107948779728e-01	   6.5933098442650495e-01	   1.9238946048783709e-01	   1.4615634379453937e-01	   4.9647784138237561e-01	   1.1286405333180193e-01	   6.6211895781470720e-01	   6.7615917153151317e-01	  -2.4148287029397550e-01	  -2.6981023733304077e-01	  -1.5111584191770158e-01	  -1.4689729241517924e-01	   4.6117212020645204e-01	   1.0042445084846224e-01	   2.2362204914386799e-02	   3.2871369026263572e-02	   2.7900777713514469e-01	   2.2326669378091307e-01	   3.3034383793424915e-01	   1.5009961934030269e-01	   4.5098386277701685e-01	   4.0357841164141772e-01	   4.2914098534769107e-01	   4.6990916193826571e-01	   4.4008172699967318e-01	   5.7368312242045816e-01	   1.8393278910384969e-01	   1.1412555612483014e-01	   1.5780343470856475e-01	   2.2179942173706585e-01	  -4.5109788654450429e-02	  -3.7793681729616432e-02	   1.2312046053433601e-01	  -4.9624150981126380e-02	   1.2440231405258190e-01	  -1.3744677509045547e-01	  -1.1052174005941166e-02	  -1.6577591556894686e-01	   3.2663271537424632e-01	   1.4961810686376686e-01	   3.8125514830495577e-01	   4.2532267787924027e-01	   4.7190856932137826e-01	   5.8283911262086951e-01	   1.7656019834152414e-01	   1.4493634972676983e-01	   2.6709789854680877e-01	   3.6219695048545919e-01	   8.2009812281420874e-02	   1.2851614452535182e-01	   2.1889898649531606e-01	   1.7312180412859157e-01	   3.0623915311204869e-01	   1.5859953463899684e-01	   5.4035475028740038e-02	   4.5534241282045490e-01	   5.8625984184641711e-01	   6.3280690281711116e-01	   2.7001262576821894e-01	   1.1444715282876866e-01	
   7.5356740392869481e-01	   0.0000000000000000e+00	  -4.4455525102902771e-01	  -1.1315061847726762e-01	  -2.8258079338013364e-01	  -4.1306762388127541e-02	  -2.8662296680332250e-01	   5.6543677222896022e-02	  -2.3453760530347703e-01	  -7.5638299440653062e-02	   5.6206177027408333e-01	   6.7796179415492031e-01	   4.2363567878576669e-01	   5.2630713186271616e-01	   2.1437982310054818e-01	   2.4138015701723528e-01	   6.0010446275611240e-01	   5.4663845437406666e-01	   3.8886863238431357e-01	   5.5839807840676581e-01	   3.8630208607856709e-02	   7.6751585746654763e-02	  -2.1883177647279367e-01	  -1.3793610921827976e-01	  -2.2455895356158523e-01	  -9.8396026108183376e-02	  -2.1789464985731805e-01	  -1.0140137339788591e-01	   6.1516681517341087e-01	   5.9634132022357722e-01	   6.7848893554494735e-02	   4.0242039782750075e-03	   1.9030757201503634e-01	   3.0829340966469071e-01	  -7.4443126146125346e-02	   6.6570685202669330e-02	   3.8556547948647635e-01	   2.9885796772068784e-01	   4.6749432196792545e-01	   3.6580657110812548e-01	   3.8488905057437611e-01	   5.6703295849455659e-01	   3.7342165693596407e-01	   3.8303825398021468e-01	   2.0654085690409160e-01	   2.2745407650963939e-01	   4.8200160981883178e-01	   3.8901969061698777e-01	   1.7252662299631571e-01	   1.2710086819142960e-01	   2.0150619549710658e-01	  -4.3704968136286527e-02	   3.2225996829991388e-01	  -2.7339959834610562e-02	   5.4103325393352331e-01	   4.9163927371068983e-01	   4.8184747280854201e-01	   7.3500174335309032e-01	   4.1821223115480261e-01	   4.6184822838738326e-01	   4.5787237021721994e-01	   2.4804977030511383e-01	   6.0170914931858466e-01	   7.0266948838264653e-01	  -1.8969814439371527e-01	  -7.9497025023407483e-02	   4.1383997656140613e-02	   5.3943447476155454e-02	   4.3353584185846317e-01	   3.0656451159822495e-01	   1.9975254341189150e-01	   3.0266110815587544e-01	   4.7792285681368929e-01	   4.5190660174000030e-01	   4.3173089621983329e-01	   3.8773111730613580e-01	   5.8794211348949466e-01	   6.0299123238849850e-01	   4.5790486106785566e-01	   5.7125497569735473e-01	   5.6140990228164378e-01	   7.2014373570824719e-01	   3.7522512726334012e-01	   3.2549748781310595e-01	   2.7979424168354317e-01	   3.8898024288886079e-01	   1.3979221877261302e-01	   1.2534744044927068e-01	   2.3642359411636421e-01	   2.5404160718492985e-01	   2.5311928162501229e-01	  -2.6383773987654446e-01	   7.8130199605115858e-02	  -2.1408858734190372e-01	   3.9581449040025996e-01	   4.1118626628464261e-01	   6.2038330407033793e-01	   6.0164592044232457e-01	   6.9335250611790233e-01	   6.8478647534897119e-01	   3.8469368069861387e-01	   2.4245516601477829e-01	   5.0843389184357801e-01	   4.3136695290714777e-01	   3.0665432163163442e-01	   2.6690913110207587e-01	   4.4412089089362011e-01	   3.7341174670663252e-01	   2.8001649282527075e-01	   3.4878821585136255e-01	   3.2617122062885240e-01	   5.6706547408935759e-01	   6.1435152445273056e-01	   6.8845310396546144e-01	   4.2026435547486640e-01	   6.6692319017960966e-02	
  -4.5745381204907054e-01	  -4.4455525102902771e-01	   0.0000000000000000e+00	   7.3745955992577950e-01	   8.2986661207109924e-01	   5.7348068711281519e-01	   8.8602660144843481e-01	   5.3966701272251516e-01	   6.4728648587076409e-01	   4.8421502337762012e-01	  -3.4801191819270744e-02	  -1.6252077245301022e-01	   1.3042587125079258e-01	   4.3896897834005855e-02	   3.9440231644726553e-01	   4.0866067069284512e-01	  -5.2437254384566778e-01	  -5.0397243826923876e-01	   3.1841530608791174e-01	   2.4544576427515197e-01	   4.5251715387638769e-01	   4.5043493119571743e-01	   7.3801311539676084e-01	   7.2435808510828226e-01	   7.6224947800344389e-01	   6.7460108799458818e-01	   7.9446545315133943e-01	   7.1687737285641029e-01	  -3.6227637234758536e-01	  -5.2667988334601257e-01	   5.1448802911637337e-01	   5.2724397188207783e-01	   5.8180397704034092e-01	   4.0545913440256709e-01	   5.7618911722332089e-01	   4.1400226763051862e-01	   2.4252611695711468e-01	   3.2732853017322949e-01	   1.8447653249837792e-01	   1.9606367863495638e-01	   6.2844480484320869e-02	   6.7209949483207137e-03	  -6.1728963032199997e-02	  -1.6477095636729772e-01	  -1.0167951381249596e-01	  -1.1809376000480629e-01	  -1.0972875672600510e-01	  -1.1019310108852330e-01	  -1.2722773559130524e-01	  -2.0971105961590769e-02	   2.9561456841809985e-01	   3.7463487667892126e-01	   2.4134558166785039e-01	   2.8095291113131238e-01	   9.9716272441369005e-02	   1.3588402074657041e-01	  -5.8823754479868051e-01	  -4.4880992116881802e-01	   5.7161377142488826e-02	  -6.8116845607360792e-03	   1.5651937226278489e-01	   2.3643936972457413e-01	  -8.4450362049306352e-02	  -2.6552163976960497e-01	   6.2957487562030123e-01	   6.5629611812185584e-01	   6.0078006701564546e-01	   5.3940388958560348e-01	   1.0299257368361159e-01	   2.8810975114149495e-01	   3.2105689900500212e-01	   2.5879067128600830e-01	   3.9869764415700878e-02	   4.9016890891095781e-03	  -1.4393253121388391e-01	   1.0787032593403004e-01	  -2.0839805088983260e-01	  -8.8975924976122667e-02	  -5.6018370977784870e-01	  -4.9592558956204197e-01	  -1.2501141002420921e-01	  -3.7569436040236726e-01	   1.1880176477605722e-01	   4.5253705089112112e-02	   3.7226352492215975e-01	   3.5975100719135411e-01	   4.6581503561050008e-01	   3.4170132447073459e-01	   4.3740628376811630e-01	   4.6186793388165065e-01	   3.8901691713059017e-01	   6.0302453265121581e-01	   5.2492642399004197e-01	   7.3677135333674726e-01	  -3.3155716837545834e-01	  -2.5350911719346830e-01	  -2.1899881172983571e-01	  -3.4548478044049247e-01	  -9.3562418964074259e-02	  -1.6734651932704495e-01	   2.6851319754422048e-01	   4.9018963811129102e-01	   1.1859327109198939e-01	   2.9774039147844311e-01	   2.8724031746685180e-01	   4.0369956420413200e-01	   1.4236367685543536e-01	   3.0382981886487015e-01	  -2.2763160576645136e-01	  -2.8733948824942390e-01	   1.7714844435412369e-01	  -4.0458397071577856e-01	  -1.0709746137328960e-01	  -3.7359785881611468e-01	  -6.6951475590082160e-02	  -2.9219994288044626e-01	
  -3.6605369165327517e-01	  -1.1315061847726762e-01	   7.3745955992577950e-01	   0.0000000000000000e+00	   7.6530842444418767e-01	   8.3665286545489281e-01	   6.7210303524739279e-01	   8.4919209437743715e-01	   5.6835469544160044e-01	   7.2127547271814230e-01	   1.1907087769764323e-01	   2.0259557570128484e-01	   2.9116619561268858e-01	   2.9347448338533055e-01	   5.3657091087784281e-01	   6.0082452234306505e-01	  -3.7868140511690068e-01	  -4.0334845925439478e-01	   3.0255555964788772e-01	   4.6214371863131815e-01	   6.7904031759269534e-01	   7.5021491469086521e-01	   5.6374202802207951e-01	   7.3667618176793959e-01	   8.1875377008452288e-01	   8.6074965045821505e-01	   7.7910488874679129e-01	   8.1193366335373096e-01	  -1.0437804052293431e-01	  -2.7610082124779350e-01	   6.4973081716887249e-01	   7.5068275680965568e-01	   6.0425042887168412e-01	   6.6939391419266026e-01	   7.3210083146782923e-01	   7.0927943949244043e-01	   4.2411980190790111e-01	   5.6358130162671860e-01	   4.9108423879344865e-01	   4.6456720729509865e-01	   3.2033302615833981e-01	   2.6957754796432748e-01	   2.5534595803525212e-01	   6.5766434991296890e-02	   8.6720343381530368e-02	  -3.4326744557483836e-03	   2.0346111762095853e-01	   1.4116613957520394e-01	  -3.8722978461879450e-02	  -8.9191508996063734e-02	   2.8636431791731387e-01	   1.8684180171751877e-01	   2.7880877169902890e-01	   1.4869647381794490e-01	   3.3822131345023898e-01	   3.0505594693115112e-01	  -5.3488988524250602e-01	  -2.8528609447058983e-01	   1.9723765444355662e-01	   1.2023650056354449e-01	   2.8614152025876549e-01	   5.4501422654688481e-01	   1.7909836391557249e-01	   6.9156724640910050e-02	   6.7256218697108483e-01	   8.2566494203901208e-01	   7.1111577024142658e-01	   6.7779101809482944e-01	  -8.2892498293963002e-03	   5.2985650161766662e-01	   4.4542139887040560e-01	   4.6878588880474670e-01	   1.1993427112125235e-01	   1.1613691820799853e-01	   9.9316289018824833e-03	   3.1672012308225239e-01	   5.3049439680729740e-02	   2.4326636441194049e-01	  -2.6792567750861751e-01	  -2.8296682214948127e-01	   2.8468265384822133e-01	  -2.9214040389413283e-02	   4.8767260328715689e-01	   3.9816679598904059e-01	   6.3470350784418916e-01	   5.5596935715161233e-01	   6.4806315770473721e-01	   5.2212664155911037e-01	   5.9221115802730129e-01	   6.3600703708982542e-01	   6.5142332599612762e-01	   4.5864409947242640e-01	   7.7051906728241959e-01	   6.6110596174451342e-01	  -2.1806352703869367e-01	   1.1849842759391169e-01	   1.4055279901285539e-01	  -7.6279558225011406e-03	   3.3635307127136316e-01	   1.4256960507985492e-01	   6.0316615151055664e-01	   5.6423859550588773e-01	   4.4076853997694132e-01	   4.1934936997796829e-01	   6.1056327854449211e-01	   6.2905326578709653e-01	   2.6186710832577376e-01	   4.4119712441923498e-01	  -1.0932460466189191e-01	   8.6117529803526355e-02	   4.5182645562688412e-01	  -7.7997717476698666e-03	   1.6061959795404215e-01	  -3.3759887732773955e-02	   2.4069414062413047e-01	  -2.6223183399745508e-02	
  -3.5524785531427761e-01	  -2.8258079338013364e-01	   8.2986661207109924e-01	   7.6530842444418767e-01	   0.0000000000000000e+00	   8.0573813350774959e-01	   8.9222469910907054e-01	   7.0802990263065535e-01	   8.7961005846380269e-01	   7.0430741317481405e-01	   1.8643677180535578e-01	   1.5082547888378989e-01	   3.9659519377913299e-01	   3.2809746083820734e-01	   6.6013937219122720e-01	   6.4929582952954989e-01	  -4.5204110749668491e-01	  -4.6901686783021712e-01	   4.0436305995402855e-01	   4.0904854190040113e-01	   5.0959328605103371e-01	   5.2714488174251584e-01	   7.2258167054495193e-01	   7.6902790805885413e-01	   7.3518862205533919e-01	   7.2708022102375347e-01	   8.3709807491547172e-01	   8.2129171103836196e-01	  -1.6256129765401309e-01	  -3.3286354192635881e-01	   6.3931538486518535e-01	   6.4642911765550615e-01	   6.6642291788453267e-01	   5.9025041439350845e-01	   7.3143580192873880e-01	   6.3508115444781876e-01	   3.9619303809839973e-01	   5.7305719497946017e-01	   3.9784880004405232e-01	   3.8360831574547150e-01	   8.3130183813880029e-02	   1.4241404111220118e-01	   5.5848932475160533e-02	  -1.1740340585272921e-01	   2.3438157867123055e-02	   1.0858480361375770e-02	  -2.7931654863394443e-02	  -9.3985166207391696e-02	  -7.6132171034038923e-02	   1.5054005133325130e-01	   3.7830086791077000e-01	   4.8569045137043831e-01	   3.7685809810819099e-01	   4.5539905329354824e-01	   2.6993084813629287e-01	   2.9709749798065643e-01	  -6.2547007883587957e-01	  -3.6173549813026395e-01	   6.6595134278920665e-02	   1.1987082501758891e-02	   4.4880059420091356e-01	   5.7394049339308384e-01	   9.0831951936400909e-02	   3.9496599459979451e-02	   7.7986063668844618e-01	   7.6908675368275559e-01	   6.7200889272591735e-01	   6.1053376044320840e-01	   2.2589479225043213e-01	   5.2080053149882533e-01	   4.8020407836351187e-01	   3.7221244773707696e-01	   9.0722081615610697e-02	   5.0083858626813235e-02	  -4.0888175797058314e-02	   2.0561746622989846e-01	   5.3500776885335742e-02	   1.5613323528823328e-01	  -3.9379413975232141e-01	  -3.8933474697228332e-01	   1.7021695518248980e-01	  -1.7918030932107540e-01	   4.2269244817327772e-01	   3.5520983776708631e-01	   5.7823948387931434e-01	   5.0651886758114761e-01	   6.9804435690566646e-01	   5.5485673315981288e-01	   6.2108157957711574e-01	   6.6956427983406819e-01	   6.2567115236068249e-01	   7.3517316525881826e-01	   6.9249438353142034e-01	   8.0638691595591183e-01	  -2.7719345990122413e-01	  -9.7849354532976079e-02	  -6.0731368531634550e-02	  -2.3949603449969820e-01	   1.2998186889314400e-01	   7.4876199110889455e-02	   4.3011831981914672e-01	   5.4534150097810352e-01	   2.6253663491639168e-01	   3.0480192686467067e-01	   3.9940440817121475e-01	   4.7372245921225387e-01	   8.0866975906836780e-02	   2.9931332658097842e-01	  -1.6668349246921521e-01	  -1.3138884480527499e-01	   2.6023487591784200e-01	  -2.1635972451271993e-01	   4.3068546396657074e-02	  -1.8027766108533688e-01	  -3.0033393891482817e-02	  -1.2282691151695473e-01	
  -2.5893989126007144e-01	  -4.1306762388127541e-02	   5.7348068711281519e-01	   8.3665286545489281e-01	   8.0573813350774959e-01	   0.0000000000000000e+00	   6.5971830192737912e-01	   8.7346058961173800e-01	   7.2873640235195503e-01	   8.7478883985802058e-01	   2.3375905429221766e-01	   3.4958891796955160e-01	   3.8214490542409235e-01	   3.8273526108217459e-01	   5.9631310769089063e-01	   6.9470933469561791e-01	  -3.1717643449312899e-01	  -3.2537142713082906e-01	   2.9767894979046683e-01	   4.3577231719945708e-01	   5.4294048795296745e-01	   6.5563494336145023e-01	   4.3449043304507973e-01	   6.2556359016837226e-01	   6.6514242689363445e-01	   7.8325838580177320e-01	   7.3040379544750822e-01	   8.2892023941473880e-01	   2.0159020230252289e-02	  -1.3605927039418683e-01	   6.4232098713145835e-01	   7.0228989385971907e-01	   6.6578789689461415e-01	   7.4453681648540826e-01	   7.1017104921058860e-01	   6.7956036414119936e-01	   5.0387772988702184e-01	   6.9046221135373487e-01	   5.4976822343842602e-01	   5.8038829967594152e-01	   2.7233843268306934e-01	   3.1511993260752497e-01	   2.7899268006631572e-01	   6.8167100773861150e-02	   1.2761555383467726e-01	   2.4488637308924248e-02	   2.1476196992227856e-01	   1.0998931738427606e-01	   6.5018842302152664e-03	  -1.9911922778720816e-02	   2.6502533625230262e-01	   1.8958853092217198e-01	   2.9660354197347738e-01	   2.4781063985966689e-01	   3.8177300820604887e-01	   3.1643447193184110e-01	  -4.9601238313881790e-01	  -2.2324521665690616e-01	   8.2234560701745590e-02	  -1.4167726225812066e-02	   4.8411193411504017e-01	   7.4984450247258927e-01	   2.7710260666389852e-01	   2.6805921896931001e-01	   6.9395615975320790e-01	   7.6913391769783979e-01	   5.7161993184095283e-01	   5.2941839664057322e-01	   1.1030669272069694e-01	   5.2946965298242921e-01	   4.4687495410248868e-01	   4.7525580572715720e-01	   1.0644696147708389e-01	   8.5756805613866505e-02	  -5.8382302540573833e-02	   2.4594911403789249e-01	   2.0948854803522998e-01	   3.2159776909115811e-01	  -1.3351131824034271e-01	  -1.6714984433668556e-01	   3.9783218733544568e-01	   2.5004262378749156e-02	   5.6881715196702443e-01	   5.1294956305301498e-01	   6.2834445242541970e-01	   5.0702466113251177e-01	   7.2692924842731643e-01	   6.5432969224862325e-01	   6.3729157437660844e-01	   6.4115817260975427e-01	   6.9154252887937373e-01	   4.9613006435296669e-01	   7.5216982356685946e-01	   6.2539199726369743e-01	  -1.6438178807518505e-01	   1.0840996713880890e-01	   1.6434357303104741e-01	   1.0106967906836909e-02	   3.8782610418431507e-01	   2.2535024772234580e-01	   5.7094043611803391e-01	   4.6750917706700990e-01	   4.0234465714424317e-01	   2.9503944487253408e-01	   5.6633282172487898e-01	   5.0503954915710803e-01	   2.1381034131570742e-01	   3.6572709435699835e-01	  -1.3005125210861518e-01	   4.5955578831393215e-02	   4.1982427398810174e-01	   3.8739890059807408e-02	   2.1408389721826426e-01	   4.2573578083225275e-02	   1.4071286728643440e-01	   4.0015038166310107e-02	
  -2.2711954090246811e-01	  -2.8662296680332250e-01	   8.8602660144843481e-01	   6.7210303524739279e-01	   8.9222469910907054e-01	   6.5971830192737912e-01	   0.0000000000000000e+00	   6.8234286801933375e-01	   8.3525567776299425e-01	   6.1850283369840187e-01	   2.9229136054366567e-01	   1.3657673159140207e-01	   4.6815393028986529e-01	   3.5573118017548261e-01	   6.2794442738288025e-01	   6.3526695112203901e-01	  -3.8512182817391771e-01	  -3.7852891277553136e-01	   5.1140561668324702e-01	   4.1422629447873238e-01	   4.6094281944167986e-01	   4.4623491716926028e-01	   7.6522202688470231e-01	   7.7651201636144174e-01	   6.5887082845905764e-01	   6.3042696888664573e-01	   7.6432813657560339e-01	   7.3910053900634742e-01	  -1.3792645163452552e-01	  -3.5707354328769048e-01	   5.8495944406987066e-01	   5.4232778627406308e-01	   7.2047229438438642e-01	   5.4092748921553013e-01	   6.6594412195880159e-01	   5.1820606416925596e-01	   3.7503914922255077e-01	   4.6867629212330997e-01	   3.4600277058039364e-01	   2.8566896064612685e-01	   1.4948145621444367e-01	   9.1575313167453917e-02	  -5.4237419073429383e-02	  -1.9200036734811488e-01	  -5.6090590237490384e-02	  -4.8790467047128555e-02	  -1.0694207905398254e-01	  -1.5920415231342394e-01	  -1.5758046637838746e-01	   6.8947469001569589e-02	   2.9593298781792554e-01	   4.5328103859147961e-01	   3.0854317744076587e-01	   4.2254820696050704e-01	   1.8876169167529794e-01	   2.1364434739846144e-01	  -5.9646395564775223e-01	  -3.7016658925569235e-01	   7.1655414537850584e-02	  -2.9964579801049204e-02	   4.8638688362622945e-01	   4.7742077918725823e-01	   1.5909627505700066e-01	   2.5094867224736628e-02	   7.5635318879715496e-01	   7.3303318480568902e-01	   6.7624276243974746e-01	   5.8552018491425795e-01	   3.3943544545328280e-01	   4.7435681541983821e-01	   4.4386390311964274e-01	   3.2716929982477028e-01	   1.6217623522311822e-01	   9.7107728522972350e-02	   1.2035993991220319e-02	   1.8678378115716943e-01	   2.8533360408321145e-02	   9.8672807267183443e-02	  -4.2684516145375967e-01	  -3.8469355821849466e-01	   9.3315275461876901e-02	  -1.9041896888994811e-01	   2.9053354585756197e-01	   1.8298605914709509e-01	   5.6879373799272803e-01	   5.1560234076999201e-01	   5.8820976524555424e-01	   4.1928329965548378e-01	   6.4493428985396828e-01	   6.2416050269561207e-01	   4.9046256699335034e-01	   7.4271995487654008e-01	   6.5824431620702883e-01	   8.4310539199303991e-01	  -2.8851525565210878e-01	  -1.7522136640574210e-01	  -1.3025650503660272e-01	  -2.9383587637004066e-01	  -3.0132319832935658e-03	   6.0538134604292637e-02	   3.9068395237149667e-01	   6.2334054627692514e-01	   2.1327566072230134e-01	   3.7048031367781076e-01	   3.5052633431633284e-01	   4.4204698672060322e-01	   6.8343101691369174e-02	   3.3512569681765036e-01	  -1.5834066987261947e-01	  -2.4108094985410861e-01	   2.0133528498909464e-01	  -3.0074885221253228e-01	   6.2290083586515575e-02	  -1.6936147488146908e-01	  -9.1952559210938881e-02	  -2.1798011458029712e-01	
  -7.7833439543796290e-02	   5.6543677222896022e-02	   5.3966701272251516e-01	   8.4919209437743715e-01	   7.0802990263065535e-01	   8.7346058961173800e-01	   6.8234286801933375e-01	   0.0000000000000000e+00	   6.3696847828453329e-01	   7.7560047279008526e-01	   4.2771703608823908e-01	   5.0172976609957765e-01	   5.5331581348484915e-01	   5.4845463681578954e-01	   6.4610097067806893e-01	   7.3986609134513548e-01	  -2.1427330787119381e-01	  -2.4234440633973664e-01	   4.7156982306042655e-01	   5.6212196610359222e-01	   6.2478767649738298e-01	   6.8715430726537696e-01	   5.0119855349054088e-01	   6.8740093585506667e-01	   6.1118420379596505e-01	   7.3761455550683452e-01	   6.5958441296409942e-01	   7.6665005123591634e-01	   1.2431744920192911e-01	  -6.2851323148316179e-02	   6.5016638788776238e-01	   7.3803314517122098e-01	   7.2522237212368901e-01	   7.8172204293364889e-01	   7.3952003136811950e-01	   7.4503787133544086e-01	   4.5921991521592309e-01	   6.1140220099281439e-01	   5.6699837260130703e-01	   4.7138841297562861e-01	   3.3029665978654671e-01	   2.5876685852497489e-01	   2.9379935432096349e-01	   8.4603349997584981e-02	   1.7028352971641270e-01	   8.8448032468099166e-02	   2.4173785457944030e-01	   1.1870177013770769e-01	  -4.1230192336345818e-02	  -7.8275152647997115e-02	   1.9747533355230737e-01	   1.0957485150217283e-01	   2.0558521863682688e-01	   1.6172818952221357e-01	   3.6423048846592565e-01	   2.9521028069216276e-01	  -5.0263843224446791e-01	  -2.1034307748333492e-01	   2.0352887255172991e-01	   4.5398080438348504e-02	   5.8928963793407929e-01	   7.7803270561715254e-01	   4.6754267672030481e-01	   4.0712712336532753e-01	   7.1121657722222897e-01	   8.3536471983574456e-01	   7.1245083755688599e-01	   6.7262387005555668e-01	   2.2476834595828843e-01	   6.5422595524888483e-01	   4.5456581229461257e-01	   4.2059397625132938e-01	   1.5434085073462200e-01	   1.2000677000959536e-01	   1.1291848144105260e-01	   3.0889364167189653e-01	   2.6699291886286447e-01	   3.6557389432650222e-01	  -1.0916681845634595e-01	  -1.4549916975545263e-01	   4.9229021988975508e-01	   1.1531778987723834e-01	   5.6345397508863104e-01	   4.6744686565767724e-01	   7.3113315769173859e-01	   6.2031721569186538e-01	   6.4185317005992459e-01	   5.2556027444903797e-01	   6.3592310551247411e-01	   6.3623739330144047e-01	   6.4926676027793317e-01	   4.7248638048210245e-01	   8.2518038164293706e-01	   6.5697437165888239e-01	  -7.8158206911479150e-02	   1.0840073502498407e-01	   2.2902264477526013e-01	   3.4399822564619480e-02	   4.0621503046673146e-01	   2.8758645835138041e-01	   6.5452557738856643e-01	   5.9518432345916528e-01	   4.4315758065474919e-01	   4.6177590000684743e-01	   6.1371866668580632e-01	   6.1729571167048902e-01	   2.1770079415998272e-01	   4.4375087483385545e-01	   2.0473615993939594e-02	   9.7215119768309988e-02	   4.5222953973162661e-01	   8.8117699649579537e-02	   3.6543890565379733e-01	   1.9662784976703324e-01	   2.2998855409827984e-01	   1.7706608434824418e-02	
  -1.5819026544699577e-01	  -2.3453760530347703e-01	   6.4728648587076409e-01	   5.6835469544160044e-01	   8.7961005846380269e-01	   7.2873640235195503e-01	   8.3525567776299425e-01	   6.3696847828453329e-01	   0.0000000000000000e+00	   7.5150364129757774e-01	   3.3192465873253807e-01	   2.2459060511589862e-01	   4.9361812919751846e-01	   4.0161014571196418e-01	   6.7640523337440950e-01	   6.3334683050941964e-01	  -3.2522023330781391e-01	  -3.0212214197384790e-01	   4.2138982323148322e-01	   3.4313487833426903e-01	   3.6579386601715580e-01	   3.6759388829155443e-01	   6.2257728922410482e-01	   6.5482405339714267e-01	   5.0211919976765618e-01	   5.0644614368438823e-01	   6.2834440626174348e-01	   6.2697769426205130e-01	  -2.7300543881804543e-02	  -1.8535090255960618e-01	   5.3669665536556854e-01	   4.6523434226837479e-01	   6.0140552895391830e-01	   5.1384075185847622e-01	   5.9873456975347505e-01	   5.0207778107303758e-01	   3.5188640275956917e-01	   4.9903625346067432e-01	   3.2995314701349443e-01	   2.8425477091470636e-01	   8.9819175959820099e-02	   1.2437620417011783e-01	  -1.4324752085003508e-03	  -1.4658094050357010e-01	  -2.2720703972443558e-02	  -2.1664027291411397e-02	  -1.1116220656364906e-01	  -1.8645038403664210e-01	  -1.2835501488353246e-01	   1.0196092998319727e-01	   2.4201039242352235e-01	   4.0949028252206510e-01	   3.0113051552484965e-01	   4.6089519755079100e-01	   1.3686906836917792e-01	   1.5040816573020976e-01	  -4.7347171262526438e-01	  -2.3922205916345798e-01	   1.2864127156607974e-02	  -6.2178459273798004e-02	   5.4514284457519713e-01	   6.1286138230582410e-01	   2.1436412608958927e-01	   2.0277406070090215e-01	   7.1717908877755732e-01	   6.5444104604620168e-01	   5.3701306929163795e-01	   4.6999837292033420e-01	   2.5860467159276318e-01	   4.6637195322255010e-01	   5.2603060717471994e-01	   4.0184470932161170e-01	   1.6026865466402682e-01	   1.2575414429709894e-01	   2.9883457769009893e-02	   2.1221478123795812e-01	   1.1980975720390201e-01	   1.6698979725046711e-01	  -2.8561686269433229e-01	  -3.3609031854211818e-01	   1.8472532320131102e-01	  -1.3109706795533513e-01	   3.6163258915407387e-01	   3.2390087845381516e-01	   5.5200277699288425e-01	   4.2555171215294180e-01	   6.2712511536645610e-01	   5.0520547382975445e-01	   6.2699744464785279e-01	   5.6455207148345521e-01	   5.5234570683690187e-01	   7.4894192849187302e-01	   6.2282364517517408e-01	   7.9405081223705887e-01	  -4.1564684858297241e-01	  -2.0378044030686571e-01	  -1.5375134186367861e-01	  -2.8245449627801505e-01	   8.6067322931314943e-02	   1.8869524938899779e-01	   4.0787056420326773e-01	   5.2248114414814473e-01	   2.0918939349018342e-01	   2.6130138856549068e-01	   2.8094968075506244e-01	   3.2088276922639958e-01	   2.5404948311879706e-02	   2.1241986885050365e-01	  -2.7627775343924649e-01	  -2.1916674241677342e-01	   8.2929888272959468e-02	  -1.9722980882318775e-01	   5.6026462257440943e-02	  -9.1692487696229605e-02	  -1.2942089185580558e-01	  -7.5196245617494564e-02	
  -1.0812984761625796e-01	  -7.5638299440653062e-02	   4.8421502337762012e-01	   7.2127547271814230e-01	   7.0430741317481405e-01	   8.7478883985802058e-01	   6.1850283369840187e-01	   7.7560047279008526e-01	   7.5150364129757774e-01	   0.0000000000000000e+00	   2.6689234921685467e-01	   3.7703736846041702e-01	   3.6930547641333100e-01	   4.2239390535228116e-01	   6.1335174294328976e-01	   7.2061007899237683e-01	  -2.0334001323829712e-01	  -1.4538754505371498e-01	   2.3428812589923667e-01	   3.1143135640801445e-01	   4.9591833474746916e-01	   5.7051356773009554e-01	   3.6684277667082599e-01	   5.6979155598730591e-01	   5.5167404313213009e-01	   6.5872848535160966e-01	   5.7737217406028840e-01	   6.2637614711543821e-01	   5.4362647624613673e-02	  -7.2048000124374081e-02	   6.0621904877255139e-01	   6.2416534350385400e-01	   5.2041286529864239e-01	   6.2138356040753240e-01	   5.2411248105684316e-01	   4.5546216186475263e-01	   4.9602595201299549e-01	   5.8290935740927952e-01	   4.9394725607666018e-01	   4.4738375836216504e-01	   3.2827389860020190e-01	   1.8859155523282178e-01	   2.4728774077361010e-01	   7.5386966407609113e-02	   4.3879183800870941e-02	  -6.3955834322206709e-02	   1.6225492238811642e-01	   5.3121012464704923e-02	  -6.9723221811431119e-02	  -1.2961139294647880e-01	   1.1784458523394351e-01	   7.5363516583573195e-02	   2.2320717863368200e-01	   2.3231896591505238e-01	   2.0824094593958675e-01	   1.1452784442096675e-01	  -3.3295455351568942e-01	  -1.0216810578226188e-01	  -2.2965894779545078e-02	  -1.2865170019574904e-01	   4.5157177840794749e-01	   7.0603210451534038e-01	   3.0658747329417801e-01	   3.0315528095107280e-01	   6.2362594316899989e-01	   6.4562962416960512e-01	   3.9945763270989421e-01	   3.3791352810944325e-01	   1.3753113223876089e-02	   4.0284836046124306e-01	   4.8222303298471259e-01	   5.4037711689822943e-01	   1.7414161411357201e-01	   1.6955363010221286e-01	   1.6430334569199703e-02	   2.9589295533640358e-01	   1.9450465732365591e-01	   3.5472186942889072e-01	  -3.5120841537849140e-02	  -1.3276075504334287e-01	   3.9724610364081692e-01	   8.1948454882224700e-02	   5.3558464152814333e-01	   4.2914892879279765e-01	   6.0514784916296516e-01	   4.3370139243220507e-01	   6.0812176516484684e-01	   5.3188665414977265e-01	   5.8932021018244862e-01	   5.3789370538809134e-01	   6.6889375093689796e-01	   4.9464011082153769e-01	   7.2332331064146593e-01	   6.0152788258788281e-01	  -3.3282433979555814e-01	   9.5950269104840905e-02	   8.4884503278985848e-03	  -8.4242770475594808e-02	   3.1875966443248077e-01	   2.4120746946295635e-01	   5.2857357115133130e-01	   4.1557193820046145e-01	   2.7143455630255242e-01	   2.0395181263712014e-01	   3.9767745227871731e-01	   3.3222082677791792e-01	   5.1396099628449855e-02	   2.3203674382040509e-01	  -2.1404024994493226e-01	  -1.8523210692491972e-02	   2.7960791807064717e-01	   9.1209970783618532e-02	   1.3343440763599368e-01	   4.6827688971838505e-02	  -1.4123253158668990e-02	   3.1841566154112440e-02	
   6.1805989108873272e-01	   5.6206177027408333e-01	  -3.4801191819270744e-02	   1.1907087769764323e-01	   1.8643677180535578e-01	   2.3375905429221766e-01	   2.9229136054366567e-01	   4.2771703608823908e-01	   3.3192465873253807e-01	   2.6689234921685467e-01	   0.0000000000000000e+00	   7.9615497490307319e-01	   8.9202690696184184e-01	   8.7086783572184867e-01	   6.3191607093691915e-01	   5.9498903053991514e-01	   3.2904617223079630e-01	   3.1214647666495660e-01	   7.0423516137011910e-01	   6.6873742455594032e-01	   1.7628317004048313e-01	   1.2772417468857497e-01	   3.0595946428972987e-01	   3.6714235925157840e-01	   2.5509540681903916e-02	   1.4691452683544476e-01	   1.4300014615533516e-01	   2.2571996543797182e-01	   5.2640528610022008e-01	   3.9235818370928721e-01	   3.5125921849978370e-01	   2.0444729737940417e-01	   4.2860075636831096e-01	   4.0289063237485867e-01	   2.7822243191410839e-01	   3.1321399883004347e-01	   4.2988335387226612e-01	   3.5702057695048811e-01	   4.8337615666007372e-01	   2.9029592976147112e-01	   3.2391101744659762e-01	   3.4668701030867910e-01	   1.8242899430354240e-01	   1.1621413176294668e-01	   1.6127142096744645e-01	   2.4417356960948786e-01	   1.6452884186042296e-01	   8.5866136759322517e-02	   2.4868215982490467e-02	   2.1258771993069681e-01	   1.8091208670599190e-01	   2.2213092639098980e-01	   3.0086109571468223e-01	   2.2813219826925368e-01	   4.2809993388960410e-01	   3.6513732973167112e-01	  -4.5717550070597052e-02	   2.8245279499783366e-01	   3.0488994991747426e-01	   2.2928267493941085e-01	   7.8204569256489931e-01	   5.0707544540353700e-01	   7.4554158890959810e-01	   7.1261372758723440e-01	   3.0769369045705341e-01	   3.0065081489534307e-01	   4.0697519026498341e-01	   3.7895936581348416e-01	   5.5384205041280576e-01	   5.7074275740614711e-01	   3.9301059128209848e-01	   2.8346558112410303e-01	   4.0751642512665054e-01	   3.5209637703377844e-01	   4.7167643613973964e-01	   3.8328760425104247e-01	   5.3457917556520473e-01	   4.8496901956161370e-01	   5.2888670710777158e-02	   1.4038109161483253e-01	   5.2836647472106013e-01	   4.9934149413398365e-01	   4.5853057940700503e-01	   3.7564058328339095e-01	   5.8653583684007127e-01	   5.7449865994627725e-01	   3.6981233029282962e-01	   1.7496379613364260e-01	   5.5352029565000072e-01	   4.3362381599409516e-01	   4.2136724110208823e-01	   2.5179556546368292e-01	   4.1022619342847999e-01	   3.3896066838629202e-01	   1.1683950824773545e-01	   2.0815059941626676e-01	   2.3979067271419363e-01	   1.5768287996081840e-01	   4.1788836897530823e-01	   5.8360640118681439e-01	   4.9540860722646429e-01	   5.3065893967306565e-01	   3.6890312821641152e-01	   3.9585084515154545e-01	   3.6376627834081787e-01	   3.7387567703449531e-01	   1.1441677704055916e-01	   3.0852505494928306e-01	   1.5146837530617407e-01	   1.2065476168684879e-01	   1.7406525394372366e-01	   2.2305963459432218e-01	   5.1001608194559322e-01	   4.7033651719999842e-01	   1.9227821781062837e-01	   1.5479156401800401e-01	
   5.7309195967489157e-01	   6.7796179415492031e-01	  -1.6252077245301022e-01	   2.0259557570128484e-01	   1.5082547888378989e-01	   3.4958891796955160e-01	   1.3657673159140207e-01	   5.0172976609957765e-01	   2.2459060511589862e-01	   3.7703736846041702e-01	   7.9615497490307319e-01	   0.0000000000000000e+00	   7.1840345653225013e-01	   8.7675552691780645e-01	   5.2141064099171053e-01	   6.2486105863974362e-01	   4.0531141490662626e-01	   3.6541205006372501e-01	   5.2256726074786886e-01	   6.4819160978810997e-01	   3.3177790371697069e-01	   3.2559775284611603e-01	   7.1693013528102228e-02	   2.7452894719658955e-01	   3.6426109298582518e-02	   2.0441881128364930e-01	   7.9927906432736076e-02	   1.8205580947101965e-01	   6.4063008325371951e-01	   5.4314953143432887e-01	   4.1470296848668575e-01	   4.0073249522502002e-01	   4.8262486147334593e-01	   6.1998481407967465e-01	   2.8451974030996807e-01	   3.7618080864826720e-01	   5.9904299689570195e-01	   5.4818716256706979e-01	   6.6551765805862384e-01	   4.4402282105098090e-01	   5.2597501054934737e-01	   5.7573615425717783e-01	   4.5135826610604302e-01	   3.5804561924516021e-01	   3.4822750492600874e-01	   3.5062452525438648e-01	   4.5393246865773818e-01	   3.3764156165080284e-01	   2.6410358917479948e-01	   2.1595766500715474e-01	   2.6791533324565264e-01	   9.4612649730501722e-02	   3.2952472925987286e-01	   1.1756234727210120e-01	   5.2558487844542279e-01	   4.2380992624867836e-01	   6.5699682421556924e-02	   4.5686454146939043e-01	   3.2588814108378222e-01	   2.6650081296050854e-01	   7.1391979148737794e-01	   6.5671044755561336e-01	   7.1350442819283222e-01	   8.3116772508303738e-01	   2.2146285694342854e-01	   2.9185958374103843e-01	   3.5304395343576689e-01	   3.1755256893324901e-01	   3.9137572122625208e-01	   5.7776292567408749e-01	   5.3093353493109208e-01	   4.9942962014420944e-01	   5.5299202464701391e-01	   5.0541609699020984e-01	   6.2542658584789568e-01	   5.5940767516864065e-01	   7.0884843060512825e-01	   7.6183817765677930e-01	   4.0110708477561785e-01	   3.3237955150797005e-01	   7.2991559862024680e-01	   6.0627782387272200e-01	   5.8948404821584133e-01	   5.3571977962225947e-01	   5.8958761198337706e-01	   5.6911123252891715e-01	   3.9242373651013629e-01	   2.8355881110342634e-01	   4.5419606855094385e-01	   4.1971218120486753e-01	   4.6029805543696600e-01	   9.6728030741119020e-02	   3.8217024970176972e-01	   1.6024766949144681e-01	   2.2731376625048530e-01	   2.7321240829062432e-01	   5.0107124003689596e-01	   4.0892755273603815e-01	   6.4318386155967944e-01	   6.9493803393098141e-01	   4.5494371219659535e-01	   3.5816358781997681e-01	   4.0415492818250592e-01	   3.8098450212078594e-01	   4.5185531590972805e-01	   4.6300614636117071e-01	   2.4164124759632161e-01	   2.9337236839841097e-01	   1.9887791675067645e-01	   1.8737312472550460e-01	   3.7173556728680046e-01	   4.5759672065085155e-01	   6.4828873141386856e-01	   6.3829429793746473e-01	   2.4907815271424139e-01	   1.2804369683455163e-01	
   4.1466712465801209e-01	   4.2363567878576669e-01	   1.3042587125079258e-01	   2.9116619561268858e-01	   3.9659519377913299e-01	   3.8214490542409235e-01	   4.6815393028986529e-01	   5.5331581348484915e-01	   4.9361812919751846e-01	   3.6930547641333100e-01	   8.9202690696184184e-01	   7.1840345653225013e-01	   0.0000000000000000e+00	   8.8866220825815323e-01	   7.7579027070760753e-01	   6.9894955451250274e-01	   1.6405295254346347e-01	   1.1058823063980311e-01	   6.8094595028357752e-01	   6.8041821329923757e-01	   3.0645323329948942e-01	   2.4227277181310802e-01	   4.4054131124570423e-01	   5.0427987568766608e-01	   1.8847258220685639e-01	   2.9120913375222107e-01	   3.2573865611205799e-01	   3.9260510810376864e-01	   4.5569094207775801e-01	   2.2976551878648638e-01	   4.6422046729181266e-01	   3.1222329537610244e-01	   5.4395391202673493e-01	   4.8536464480529007e-01	   4.4643051297496378e-01	   4.7735528910255109e-01	   4.4651970819535014e-01	   4.8017220298088548e-01	   5.2370764088421684e-01	   3.9794840091398820e-01	   2.9211122490294383e-01	   3.8782626144309462e-01	   7.5612835050628088e-02	  -4.5334993273252300e-02	   8.3370934567717284e-02	   1.8334751470736865e-01	   4.3430738354298573e-02	  -6.2996849625594112e-02	  -7.9468066153743799e-02	   2.9048467714471282e-01	   2.3227426874167192e-01	   4.1193204211354950e-01	   3.9643277051016523e-01	   4.2123191970532048e-01	   4.0678489277820429e-01	   4.1062668133312996e-01	  -2.2844754939910511e-01	   1.1437919425127849e-01	   2.3286266669679212e-01	   1.6915576771029686e-01	   7.5907306737460234e-01	   5.2542048247695927e-01	   6.6286982034541020e-01	   5.7627755120167667e-01	   4.4509653000601740e-01	   4.4042155797982663e-01	   4.8616236085537762e-01	   4.6345503057439985e-01	   5.5665242706692575e-01	   6.4038149421084434e-01	   4.3653083611929921e-01	   3.0069517258194900e-01	   3.6271003570860455e-01	   3.1180021457719587e-01	   4.0223713993540933e-01	   3.8834791722772033e-01	   5.0934717054817402e-01	   4.7554627572056585e-01	  -2.5919168500475272e-02	   8.1239761303420463e-02	   5.4649956586277160e-01	   4.6535053389119108e-01	   5.7795418737597026e-01	   4.8145927128836707e-01	   7.0450226330188503e-01	   7.1476796044524771e-01	   5.2316914087126620e-01	   3.5753886445624439e-01	   6.5585464016342887e-01	   6.2741341676851592e-01	   4.9988854257730242e-01	   4.5578800565587074e-01	   5.4214209748181874e-01	   5.0055667028268691e-01	   1.0144003048999309e-01	   2.1112577748189845e-01	   1.9430011952847509e-01	   6.9973336260094221e-02	   3.3105067829503271e-01	   5.1044288094145274e-01	   5.7312898002950252e-01	   6.7334239747299529e-01	   4.7714881023954386e-01	   4.7587923179393943e-01	   3.8087019483156465e-01	   3.9960582831949976e-01	   1.9524346579424721e-02	   3.0619629293596912e-01	   1.3854374506813721e-01	   1.1549154218795765e-01	   1.8690118390010688e-01	   1.7373364724842319e-01	   4.2433697902089385e-01	   3.9570849301561972e-01	   1.9896259557032725e-01	   6.3392187406604128e-02	
