   0.0000000000000000e+00	   9.4227718061401422e-01	   8.6212419135482965e-01	   8.7084178289780323e-01	   4.4721397265851370e-01	   4.1455477867679202e-01	   8.4384719889352611e-01	   8.5575527712437216e-01	   3.4420139540434874e-01	   3.1094751690116451e-01	   8.1706695286038888e-01	   8.0257957207372654e-01	   6.2164111085660667e-01	   7.4655552486739007e-01	   6.7260374718551563e-01	   5.0956297299060072e-01	   6.0272072682862998e-01	   6.4113283593455872e-01	   9.1048057128127313e-01	   9.1058237006555998e-01	   5.5970577066867344e-01	   3.7783740807978994e-01	   7.1019608798149370e-01	   6.5361847154794428e-01	   5.7246097937890617e-01	   4.9771775026437787e-01	   5.8782161683561185e-01	   4.9269878494119346e-01	   4.3919351048275324e-01	   6.0592857976263992e-01	   7.9010779425072442e-01	   7.6938563601300836e-01	   9.1179943431076271e-01	   9.3670938861576925e-01	   7.3084079797177148e-01	   7.1633226689433760e-01	   4.0046750372324741e-01	   6.1520176641885760e-01	   5.9145701686359364e-01	   6.9590552054047627e-01	   6.2029176450639834e-01	   5.5064100070878141e-01	   7.0903771921900194e-01	   7.2467349457150765e-01	   7.2140959065414845e-01	   7.4610627497731974e-01	   7.0312717962943527e-01	   7.0716469870767229e-01	   7.5065648027219922e-01	   7.1626858526005344e-01	   7.1483143712077446e-01	   8.2829078138064882e-01	   5.6755433695233504e-01	   7.8771257393177296e-01	   7.4476250053817405e-01	   7.8204058038407764e-01	   9.3393408623189877e-01	   8.7621330421126031e-01	   8.5964566229580130e-01	   8.2338530822520661e-01	   8.1511634767457486e-01	   6.5253133826151632e-01	   8.1589684506739091e-01	   8.3457806289242331e-01	   6.2341188622020394e-01	   6.4588475819325453e-01	   8.3751451395399634e-01	   7.4198121327464972e-01	   8.4464573858857861e-01	   8.0105927624829132e-01	   6.1227642264911086e-01	   7.5551310527678095e-01	   6.5822115350740840e-01	   6.1608426286213480e-01	   6.9442994556069504e-01	   6.7163937761964287e-01	   7.9777053547730858e-01	   7.8734220861845228e-01	   5.4857569783662341e-01	   7.3666218139708539e-01	   7.2917305871595206e-01	   8.4794075204615760e-01	   6.7635684260501450e-01	   6.8020122806657757e-01	   7.0579213519176975e-01	   8.1005726979918746e-01	   4.4402956592536003e-01	   7.7691785627003329e-01	   6.9706614983812498e-01	   8.3149927993311101e-01	   6.9825078083441838e-01	   4.5459084457805660e-01	   5.3291794605275578e-01	   6.5108021720886800e-01	   3.8587248417608355e-01	   3.9994175817326372e-01	   7.3679262938216938e-01	   6.7565539487809145e-01	   7.6544736651842304e-01	   7.1460828122151310e-01	   6.2245328225596452e-01	   7.5735893690956912e-01	   7.3207897659599408e-01	   7.8006400676896792e-01	   3.6041402794721383e-01	   4.6375088593711261e-01	   5.4213713615056802e-01	   5.7622967126092717e-01	   3.8348665445332192e-01	   4.6840167260489629e-01	   7.6601405226832464e-01	   7.2781251540994951e-01	   4.2486390847197353e-01	   6.8923220258814366e-01	   6.6823607036914079e-01	   4.5418907144337668e-02	
   9.4227718061401422e-01	   0.0000000000000000e+00	   8.6694992623924927e-01	   8.8824721712712151e-01	   4.7609337885496250e-01	   4.0432853734261442e-01	   7.9577975540202073e-01	   8.8739317545549967e-01	   3.6218714660433637e-01	   3.3893398169719163e-01	   7.3921785561293629e-01	   8.0056793804554838e-01	   5.5757540620476131e-01	   7.7858279441237399e-01	   6.4148335430150261e-01	   5.0087866372664691e-01	   5.5992765397850808e-01	   6.9169477986565153e-01	   8.4398542996945647e-01	   8.8223000825552411e-01	   5.3620063309128385e-01	   3.3409669436600176e-01	   7.4989823969001157e-01	   7.2679805760483007e-01	   6.0421901155488100e-01	   5.3835653455286603e-01	   5.7593166060501610e-01	   4.9355200424383938e-01	   4.1661116999822961e-01	   6.2813706926577695e-01	   7.9992076829244896e-01	   8.2050272675252101e-01	   8.6202914717849677e-01	   9.0710932322149651e-01	   7.0875331941256803e-01	   7.3838270651572024e-01	   4.7375151938348725e-01	   7.0017800120469564e-01	   6.4260261147234232e-01	   7.1459552624470746e-01	   6.5945764071340718e-01	   5.7264803064233116e-01	   7.3395637704484096e-01	   7.0904779297112530e-01	   6.3865464993894694e-01	   6.6391689023687084e-01	   8.0620207135953614e-01	   7.6459965521972362e-01	   6.6239240670074873e-01	   6.3537161234645334e-01	   6.9308844017876914e-01	   7.4029564230858713e-01	   7.3357475189886767e-01	   8.1165160357850008e-01	   8.2223591402015606e-01	   8.2537566301779752e-01	   9.3048267207969249e-01	   9.4864114187008997e-01	   8.6010161473646929e-01	   8.7403640980598118e-01	   7.7561020778201051e-01	   6.0340669008728032e-01	   7.9176170865896900e-01	   8.3788340884046797e-01	   5.1305280400890108e-01	   5.5008725356383370e-01	   8.1510702800213752e-01	   7.2016681726557641e-01	   8.8734464461691598e-01	   8.4350043421091758e-01	   5.7445095722959594e-01	   7.6844753639236441e-01	   6.4818005738511197e-01	   6.5943679098954855e-01	   7.0333611492674919e-01	   6.9788049162376109e-01	   8.2504541795602915e-01	   8.4557754122462248e-01	   5.3012032119910268e-01	   7.9762139122962283e-01	   7.3206014513675544e-01	   8.8603907540594218e-01	   6.5041372404367637e-01	   6.8106786409779030e-01	   7.3172212986924212e-01	   8.1443323403702139e-01	   4.2005523367469738e-01	   7.8137090093489459e-01	   7.6103791015486033e-01	   8.3048871484691056e-01	   7.1400125410725002e-01	   4.2155432871929543e-01	   5.9203428840435690e-01	   6.5393147849810329e-01	   3.9138953259175591e-01	   4.2657180010092399e-01	   7.6931380196639854e-01	   6.9902577085095730e-01	   8.0364042787597834e-01	   7.7033563660178683e-01	   6.7446069985057155e-01	   7.7128106228598137e-01	   7.9090994613602705e-01	   8.0115298397976753e-01	   3.7614113970391155e-01	   4.5165927623366997e-01	   5.6851578454612461e-01	   5.9163309102022532e-01	   3.6193656464740309e-01	   5.0133957506938109e-01	   7.7153663533838457e-01	   7.6919102806021078e-01	   4.8653032899021220e-01	   7.5504751124600811e-01	   7.1756342907925719e-01	  -8.4968228284821121e-03	
   8.6212419135482965e-01	   8.6694992623924927e-01	   0.0000000000000000e+00	   8.9116087737568006e-01	   6.4600952869296302e-01	   5.2023742453221344e-01	   9.4658566566278313e-01	   8.8062915626435212e-01	   5.5179043102050684e-01	   4.8384711146265719e-01	   7.5874749108873285e-01	   7.5978197017086968e-01	   7.0529059322514653e-01	   7.3431234474459339e-01	   7.5498976171011067e-01	   5.6586017419548784e-01	   4.7980179921202448e-01	   5.7659412879465854e-01	   8.4068873482852957e-01	   8.6906186715481393e-01	   6.4557683600501758e-01	   4.1018728369862700e-01	   8.5814763365710023e-01	   7.5346456835177245e-01	   6.9318212201060603e-01	   5.4776922263475281e-01	   6.8747897005334291e-01	   5.5095060946912877e-01	   4.0309023607961497e-01	   5.7799451748186847e-01	   8.3814047705838290e-01	   8.1838887739610877e-01	   8.4403674841488185e-01	   8.5739506662252529e-01	   7.6001484538501085e-01	   7.3110686122168889e-01	   3.8981999220159291e-01	   6.0429692523322498e-01	   5.6719941970402932e-01	   6.1470693971660739e-01	   6.3446357308963974e-01	   5.8114234826843003e-01	   6.8574698214948260e-01	   6.3727110728273595e-01	   6.5128319812240021e-01	   6.5902936416696289e-01	   6.8717261461345647e-01	   6.7639307137000804e-01	   6.4636999796878147e-01	   6.2174903353345257e-01	   6.3228712744016402e-01	   7.3493109839710102e-01	   5.6302830290221006e-01	   7.6427378833838644e-01	   7.2144249087063117e-01	   7.6409030838133307e-01	   8.0358859881545630e-01	   8.0767504803006496e-01	   9.2506016707265326e-01	   8.2797830190764643e-01	   7.8431915251270212e-01	   6.6474856173613905e-01	   7.1843089999173615e-01	   7.5711403791049825e-01	   6.2823879183025033e-01	   6.3494928301406606e-01	   8.5231329906112285e-01	   7.5343798231697923e-01	   8.2996413976722427e-01	   8.5246148378992237e-01	   5.7140631954677079e-01	   7.4679070933629776e-01	   6.3174778853985536e-01	   5.9333299959042973e-01	   6.4500420971482786e-01	   6.2481086384660789e-01	   7.2900515231117557e-01	   7.4648737554065359e-01	   5.3044387332227594e-01	   7.1567905121140729e-01	   6.6338144170537494e-01	   7.7785478072789316e-01	   6.3389672648804218e-01	   6.3439226189522180e-01	   6.6137556627880634e-01	   7.4775847681569574e-01	   3.8684415857757470e-01	   6.9938878703546004e-01	   7.1105512164195395e-01	   8.4676259793319386e-01	   6.5817681937671990e-01	   4.6380090914646954e-01	   5.1975832854386528e-01	   6.4206599652308405e-01	   3.1315433099257250e-01	   3.7031289419719016e-01	   6.5922617706928577e-01	   5.9351685213098770e-01	   7.0503559889072431e-01	   6.8082738630595485e-01	   4.9655552547006754e-01	   6.9180140882820595e-01	   6.1148229591975711e-01	   7.1760889774318670e-01	   3.0184509583922425e-01	   4.4617881474400789e-01	   4.5250385463973364e-01	   5.1020116544056526e-01	   3.0737540671705943e-01	   4.1172060947744710e-01	   6.8480696018240050e-01	   6.6434515161421148e-01	   4.8142460702245460e-01	   6.2376834367230272e-01	   5.8163419521390325e-01	   6.0000514659261719e-02	
   8.7084178289780323e-01	   8.8824721712712151e-01	   8.9116087737568006e-01	   0.0000000000000000e+00	   4.3373781510652643e-01	   3.9659354727337920e-01	   8.0011956104469384e-01	   9.5390346134138793e-01	   3.0194819614548529e-01	   3.6113249991477397e-01	   6.2230881811778560e-01	   7.2434271681023654e-01	   5.0286306604452924e-01	   7.5766585751915250e-01	   5.8541173691713122e-01	   5.1046144596816956e-01	   4.6033036359964369e-01	   5.3703607759034988e-01	   8.2735374127234418e-01	   9.0712080095442882e-01	   4.6497708958555134e-01	   3.1049113556200203e-01	   8.2931189821965257e-01	   8.4281951923657017e-01	   5.6989533644463597e-01	   5.3198130871856564e-01	   5.8884559654652879e-01	   5.1097789875672073e-01	   2.4970291116449644e-01	   4.3257423715118809e-01	   6.7515302410384848e-01	   7.8456346568367663e-01	   7.6129841570386503e-01	   8.2708464283782912e-01	   7.2944997432202063e-01	   7.6379165885821498e-01	   4.1690390333296679e-01	   5.9449269825495654e-01	   5.6850258155086064e-01	   6.3551041950450959e-01	   5.4988750663429564e-01	   5.3059822193936335e-01	   6.4187107350717632e-01	   5.8043563404766363e-01	   6.3024932281303159e-01	   6.0756365960467540e-01	   7.0247510899313026e-01	   6.6719884429543486e-01	   6.0882837623798636e-01	   6.1982008753085682e-01	   5.8664465523203069e-01	   7.0354573071726301e-01	   6.4022036406961269e-01	   6.8291422089067111e-01	   7.6161849192985187e-01	   7.5612089016614692e-01	   8.2202653101074508e-01	   8.0768237921827568e-01	   8.4961479481159707e-01	   9.0542602022593721e-01	   6.8982445176640173e-01	   6.0251952939423981e-01	   7.0296004251073563e-01	   7.1266324954284199e-01	   4.5680443129060100e-01	   6.4662318552709608e-01	   8.4195197605824268e-01	   8.1926710839135941e-01	   8.8308869074483831e-01	   8.9028156236126299e-01	   4.0731868426252593e-01	   6.6391622766030567e-01	   4.5616272460833790e-01	   4.6038359479935681e-01	   5.1957223601945235e-01	   5.2647105791350579e-01	   7.0801952801467416e-01	   7.3251512648497097e-01	   4.7581648517960534e-01	   6.5327729718152672e-01	   6.6390203723462959e-01	   7.7076741052325448e-01	   5.5847571888948966e-01	   6.0962965285211690e-01	   6.8784006716949497e-01	   7.6888212258049948e-01	   3.0827782585370589e-01	   7.4027427407022284e-01	   7.4972568025755604e-01	   8.5196650751164005e-01	   7.3147583707194530e-01	   4.6637226148196520e-01	   6.5859439577229950e-01	   6.5425225498577999e-01	   3.2799545527624746e-01	   3.2324545249915948e-01	   7.2080863901297276e-01	   5.8370827122292424e-01	   7.8316484226351446e-01	   7.4073735189968382e-01	   6.0626357238603246e-01	   7.4733719318300440e-01	   6.8881551451439593e-01	   7.7263453769373347e-01	   4.8688764734213319e-01	   5.8021460146567971e-01	   6.1781589311193885e-01	   6.2858067283922481e-01	   2.8640141186001339e-01	   4.1591823941806139e-01	   7.3193640822991224e-01	   7.4096520353479178e-01	   5.0968866645055777e-01	   6.9814251117529236e-01	   6.8328413505982544e-01	   1.0426658056430757e-01	
   4.4721397265851370e-01	   4.7609337885496250e-01	   6.4600952869296302e-01	   4.3373781510652643e-01	   0.0000000000000000e+00	   7.6794747114846396e-01	   6.9441194390990602e-01	   5.1341317719249968e-01	   9.2942863103511186e-01	   7.7115472342914715e-01	   5.0260148695173212e-01	   5.7412895292193455e-01	   7.0484500175535825e-01	   4.9167901715024964e-01	   7.7363265999431485e-01	   7.3452169819416657e-01	   3.2502038735295791e-01	   4.6817836945579544e-01	   3.9533766552952848e-01	   4.0287228949383846e-01	   7.4271603483527016e-01	   6.7917665838850727e-01	   5.4382160440703653e-01	   3.7545326878115814e-01	   7.2808222392724020e-01	   6.4469862162335745e-01	   7.6533054819641988e-01	   6.9013618054134174e-01	   4.9232575661164457e-01	   5.6018217875375920e-01	   6.4381659974180372e-01	   5.6229302041222506e-01	   4.5224642392926107e-01	   4.2956844503811509e-01	   3.7043097093827615e-01	   2.9679159008310479e-01	   2.4868997809856447e-01	   3.8809058364262095e-01	   4.4964661403817607e-01	   3.3580417215564184e-01	   5.3077446389306460e-01	   6.5197914926993383e-01	   4.8555642721468506e-01	   3.4959870765722489e-01	   3.8747718650349194e-01	   4.2650875890964535e-01	   4.3268403595204497e-01	   3.5340041980946246e-01	   3.6994841365289288e-01	   3.5901705599252687e-01	   4.6271171457984306e-01	   3.5253973349880391e-01	   3.9936718879151722e-01	   4.1410703805435656e-01	   3.8853068331627699e-01	   3.2753905851394638e-01	   4.1207216392830021e-01	   4.6360979081281584e-01	   5.9614848941138754e-01	   4.4779755337816546e-01	   4.9089174388096946e-01	   4.4997524184429355e-01	   3.1150914419093473e-01	   4.3916453340214051e-01	   4.3368305113922900e-01	   3.2814216784404304e-01	   5.2555241725965685e-01	   4.3808197445871566e-01	   4.4792443518402325e-01	   5.1361090975638934e-01	   4.5092272972074765e-01	   4.9802557432343675e-01	   4.8198909653784305e-01	   4.3325320408083423e-01	   3.5203833237785431e-01	   3.0302966130366399e-01	   3.5113312683337977e-01	   3.5556907550503436e-01	   4.0338660595664177e-01	   4.6501596676370749e-01	   3.4728344848485482e-01	   3.8139750472402723e-01	   4.7194921262425560e-01	   5.0112020349601583e-01	   2.9663357326071926e-01	   3.4073076816917369e-01	   2.7077482636706229e-01	   3.8177364934903163e-01	   4.6300583068307088e-01	   4.7245537266528270e-01	   3.0152918996849487e-01	   1.8678628576488418e-01	   2.8903841563445953e-01	   3.9177763260266779e-01	   2.2353191649719534e-01	   8.4531405834500972e-02	   2.3717512292000062e-01	   6.6797689325036699e-02	   3.4600590583290403e-01	   3.2490596346888145e-01	   3.2931061903182079e-01	   4.6647787261027113e-01	   3.2993504728730816e-01	   4.2661720693678662e-01	   1.1037982312249747e-01	   1.6397396723167201e-01	   3.2361092526338975e-01	   2.3837143683373274e-01	   1.9114623050206555e-02	   5.6855907234941813e-02	   2.1483552764079200e-01	   3.1482997089228582e-01	   2.8343564945330157e-01	   2.5297617613727824e-01	   1.3640210631752947e-01	   1.1671163526044759e-01	
   4.1455477867679202e-01	   4.0432853734261442e-01	   5.2023742453221344e-01	   3.9659354727337920e-01	   7.6794747114846396e-01	   0.0000000000000000e+00	   5.4657279571904260e-01	   3.7565851679200257e-01	   7.3024564144007553e-01	   8.4139374241458131e-01	   4.8761196665507345e-01	   5.1371367515096833e-01	   6.6937437557874224e-01	   3.7507798132462999e-01	   6.2854727147001899e-01	   6.9577667215684325e-01	   4.6543297748294815e-01	   6.0588301941723377e-01	   3.9802106476596233e-01	   4.0221063153895659e-01	   7.6315987911671379e-01	   8.1243739964963835e-01	   4.8374317966742719e-01	   3.7826056097515448e-01	   7.4949915746273699e-01	   8.0606895612508378e-01	   8.2612901405363859e-01	   8.3578663650999097e-01	   4.9851630737935887e-01	   5.9616697403830676e-01	   5.0724519086235242e-01	   4.7301081745209927e-01	   3.5746200496126257e-01	   3.5074479180509055e-01	   2.9874151722534359e-01	   2.6659504032696890e-01	   3.0618605583567216e-01	   5.0097277682567010e-01	   5.2761542530093242e-01	   4.6150759154709192e-01	   5.1439356065538089e-01	   6.7123702302294097e-01	   3.9768343405597639e-01	   2.9672719516595009e-01	   4.6571292278592485e-01	   5.5861891706339351e-01	   3.2762046925495708e-01	   2.9219680753173050e-01	   4.4177251673250167e-01	   5.1496405042264959e-01	   4.2227622350476052e-01	   4.8960672959286383e-01	   2.7637007189183205e-01	   3.5018596995050566e-01	   3.2710929432212088e-01	   3.2601161368439519e-01	   3.8076457874233727e-01	   3.8181431974123448e-01	   5.3242548598804462e-01	   4.0986707154520818e-01	   3.0605453699836255e-01	   2.1731930735425598e-01	   2.3740147940908427e-01	   3.2254794055622904e-01	   3.2656555089909833e-01	   3.5360134339664490e-01	   4.4919985048253180e-01	   4.6300169413991454e-01	   3.5002621413352986e-01	   4.9295626266144082e-01	   4.1471575125232030e-01	   4.7316567516661856e-01	   4.1863018004244368e-01	   4.3924194599740612e-01	   2.6258794356797405e-01	   2.1807568377783831e-01	   3.4950202562745442e-01	   3.5907436012982380e-01	   4.5004175467017260e-01	   5.1646675622844074e-01	   3.2332378484313146e-01	   4.5189826196887722e-01	   5.3400319740053970e-01	   6.3014378969733198e-01	   2.4026344562413693e-01	   4.3418921603973459e-01	   4.7887195501107793e-01	   5.5939764212330001e-01	   4.1309389733011642e-01	   5.4211910226166671e-01	   2.5616823057360555e-01	   1.6344982141928674e-01	   2.9677997415723273e-01	   1.5248768825448938e-01	   3.1569602439016003e-01	   1.6864698807297657e-01	   1.6929922531008004e-01	   5.7433274454459532e-02	   2.7198606036458223e-01	   2.4824793394502198e-01	   2.7850753165626230e-01	   3.1166871206275182e-01	   3.5234061728052102e-01	   3.1514764859225303e-01	   5.7019553770988843e-02	   7.1782617748766689e-03	   1.7125502187559222e-01	   8.9239990254247198e-02	  -1.0174580475593051e-01	   8.2296344787220227e-02	   2.2438711242790529e-01	   2.8372595098150799e-01	   1.8792021853027358e-01	   8.7709629793501748e-02	   2.1731993397694195e-02	  -1.1820225456805835e-02	
   8.4384719889352611e-01	   7.9577975540202073e-01	   9.4658566566278313e-01	   8.0011956104469384e-01	   6.9441194390990602e-01	   5.4657279571904260e-01	   0.0000000000000000e+00	   8.2445400273561076e-01	   6.3227646570923568e-01	   5.0206128735745148e-01	   8.2417638032083373e-01	   7.8180102137370822e-01	   7.8380121355414911e-01	   7.0913420893756829e-01	   8.2603550739668341e-01	   6.1553992001031876e-01	   5.1315045889164912e-01	   5.3186012262147808e-01	   8.1876298750049292e-01	   8.0379830083760428e-01	   7.0645909678454610e-01	   4.9871738595589382e-01	   7.5162543791746927e-01	   6.0596066925457948e-01	   6.6013730727793085e-01	   5.1147264960441907e-01	   6.9875774128689105e-01	   5.6420652347596101e-01	   5.0101836866130334e-01	   6.2485900641159942e-01	   8.2307524553327438e-01	   7.6287314731448297e-01	   8.4080270097575260e-01	   8.3346768870019372e-01	   6.9906686014860164e-01	   6.3983591976304521e-01	   3.1939518651980470e-01	   5.2729097033517236e-01	   5.3069437791141505e-01	   5.6741480722284021e-01	   5.9800984545080083e-01	   5.9805268348771057e-01	   6.2880199385873492e-01	   5.9717756847449521e-01	   6.3781257414233750e-01	   6.6149082903659118e-01	   5.8606872099052298e-01	   5.8368298940521490e-01	   6.4959655288481155e-01	   6.1120931491779451e-01	   6.5771469347235789e-01	   7.4072249259460476e-01	   4.4001141301132463e-01	   7.2255893539100247e-01	   6.2006773944659244e-01	   6.6607179455114496e-01	   7.5412178966877252e-01	   7.2457490104032385e-01	   8.8449554879759984e-01	   7.3440181452040498e-01	   8.4141331490671800e-01	   6.9402214415551244e-01	   7.2393648513251263e-01	   7.5189165815937531e-01	   7.2072808659821475e-01	   6.5596654593668002e-01	   7.9968137686776897e-01	   6.8362171902779134e-01	   7.2491294113657212e-01	   7.3361815299464639e-01	   6.5860320147620999e-01	   7.4779571229111697e-01	   6.7701430799261031e-01	   6.0626082721405650e-01	   6.4757816003498425e-01	   6.0162811578464681e-01	   6.8937160936358843e-01	   6.8725980952292676e-01	   5.3961301009107576e-01	   6.6029961303264018e-01	   6.3405800143854341e-01	   7.1970574608798754e-01	   6.7729802765086067e-01	   6.4680536907996899e-01	   6.0945982496008821e-01	   7.1743248533266035e-01	   4.3958902100493025e-01	   6.7879969027489240e-01	   6.5704411850446498e-01	   7.9463899256913628e-01	   5.8424717246332936e-01	   4.3020198840705359e-01	   4.1026688662099864e-01	   5.9664403876134053e-01	   3.1744493876324159e-01	   3.0877395604548585e-01	   5.8738172454872151e-01	   4.9855751087874456e-01	   6.1797806912584852e-01	   5.7513959902344913e-01	   4.4002553636635977e-01	   6.4389939126600759e-01	   5.4599716474671167e-01	   6.4602743952738595e-01	   1.7431007695438713e-01	   3.3231118324935688e-01	   3.8168008663686903e-01	   4.1406606331986573e-01	   3.0520404478684721e-01	   3.6372598116246491e-01	   6.0183415647237859e-01	   5.7316889291217199e-01	   4.0045158995676272e-01	   5.2302360542598592e-01	   4.8106614826015115e-01	   9.5035902946358306e-03	
   8.5575527712437216e-01	   8.8739317545549967e-01	   8.8062915626435212e-01	   9.5390346134138793e-01	   5.1341317719249968e-01	   3.7565851679200257e-01	   8.2445400273561076e-01	   0.0000000000000000e+00	   3.6563159398398781e-01	   3.5200014992696327e-01	   6.1708523690610573e-01	   8.0410291701404302e-01	   5.2105927608328195e-01	   8.7538462923054705e-01	   6.0357739823693890e-01	   5.6928997835517736e-01	   4.3338483829030972e-01	   5.2993864129923840e-01	   7.5473212924489708e-01	   8.2124209700572637e-01	   5.2604394781098196e-01	   3.5910100939584033e-01	   8.4504144585665575e-01	   8.4112195302982351e-01	   6.0637277445652726e-01	   5.5352769823165993e-01	   6.1490986931499148e-01	   5.4250151395764012e-01	   2.5588333481618936e-01	   4.6809474292321468e-01	   7.3709684255814478e-01	   8.5975680015512823e-01	   7.7593087403808880e-01	   8.4469562988410718e-01	   7.0035766129050359e-01	   7.3408212799433370e-01	   3.7661395477590820e-01	   5.8618720122701140e-01	   5.4570296883976643e-01	   6.0950978624050534e-01	   5.3838594520288441e-01	   5.5633080215671304e-01	   6.3616667822301243e-01	   5.7110954902422661e-01	   5.5394641516792487e-01	   5.4139085400794584e-01	   7.0347749692351658e-01	   6.4802840361571312e-01	   5.3702883118217537e-01	   5.3036986065478875e-01	   5.8025611132593569e-01	   6.4438578714631545e-01	   6.5375402730894039e-01	   6.9545209318124335e-01	   7.3617621292885316e-01	   7.0403513605166701e-01	   8.2968065670493751e-01	   8.0225036709722408e-01	   8.3194381399212358e-01	   8.7663512003496891e-01	   7.2198050686169857e-01	   6.8612684391935663e-01	   6.8854284770443630e-01	   7.2757507573487601e-01	   4.4671730472806226e-01	   6.4726427286734167e-01	   7.9537274425093463e-01	   7.5737843791008164e-01	   8.4849877591500333e-01	   8.3883895002966780e-01	   4.7686728071193740e-01	   7.0499124002650804e-01	   5.0731298018873316e-01	   5.0293584875855291e-01	   5.6721305857471949e-01	   5.5055237931543100e-01	   6.9904781035082575e-01	   7.3977141982624994e-01	   4.6473608242906578e-01	   6.1714324756151473e-01	   6.5626466462993882e-01	   7.5991095299766576e-01	   5.1527712592842545e-01	   5.5770909341335306e-01	   6.6029060019146080e-01	   7.5311600128839995e-01	   2.4348863473665633e-01	   6.8122555094855342e-01	   6.9472232791866340e-01	   7.8198193702622787e-01	   6.6624916999352346e-01	   3.5805285519542784e-01	   6.0778859211049752e-01	   6.3585759004939069e-01	   2.7541569116546283e-01	   2.2489522457125097e-01	   6.6893059209027705e-01	   4.9640676968650288e-01	   7.3746515215553898e-01	   7.0718868117676914e-01	   6.1943851323980859e-01	   7.4545603747294198e-01	   6.7500476256166153e-01	   7.6146353041518022e-01	   4.8231323509822532e-01	   5.6820361340413716e-01	   6.7592385977512781e-01	   6.2876473319167281e-01	   2.7814713286192499e-01	   3.5476026241925279e-01	   6.6399862641004215e-01	   6.9287132864355139e-01	   4.7486715778358901e-01	   7.0135312115602932e-01	   6.5499698520256988e-01	   9.0169588820123325e-02	
   3.4420139540434874e-01	   3.6218714660433637e-01	   5.5179043102050684e-01	   3.0194819614548529e-01	   9.2942863103511186e-01	   7.3024564144007553e-01	   6.3227646570923568e-01	   3.6563159398398781e-01	   0.0000000000000000e+00	   8.0072602979013430e-01	   4.8450308184295166e-01	   4.4863697936633457e-01	   6.7894193477018172e-01	   3.5308056667938092e-01	   7.8165304800489210e-01	   6.8435721905389291e-01	   3.3933493047008623e-01	   3.4277789607074544e-01	   3.1626270922945210e-01	   3.0553979813748372e-01	   7.2039376029600666e-01	   6.6490162353110860e-01	   4.1055968716262647e-01	   2.3852264092130721e-01	   6.9592659355609432e-01	   5.8019696571941826e-01	   6.9530994877150354e-01	   6.3182186926352479e-01	   5.4406606880064223e-01	   5.1677739477873375e-01	   5.2451938952926713e-01	   4.1231027255367569e-01	   3.7384521571402329e-01	   3.3289231327399937e-01	   3.4338519101116105e-01	   2.7471233270685214e-01	   2.5945248395753517e-01	   3.4061063086961585e-01	   4.3626988413070195e-01	   2.6377380359831148e-01	   5.0623510740945643e-01	   6.1317328010347238e-01	   4.5571227842050388e-01	   3.4758798386654849e-01	   3.9250088193138521e-01	   4.2146672163080795e-01	   3.6190926941524176e-01	   3.0836057023333219e-01	   3.7273657194235832e-01	   3.4710743829892554e-01	   4.4971030398372558e-01	   3.3517207795251180e-01	   3.1556563096949497e-01	   3.7583818593277230e-01	   3.1919493318190306e-01	   2.5770764702241383e-01	   3.0628947431915726e-01	   3.7223005781576213e-01	   5.3714876812204215e-01	   3.7387455838342348e-01	   4.5090775472596611e-01	   3.9823287670469754e-01	   2.7230326603323785e-01	   3.6937914252506998e-01	   4.5001341823089736e-01	   3.0604181243431805e-01	   4.5458666680184956e-01	   3.6077847881799163e-01	   3.4564891521867491e-01	   4.1873275721520992e-01	   4.5749533108895168e-01	   4.1425450388899909e-01	   4.7988603802720786e-01	   4.1995683187275801e-01	   3.2289481315488100e-01	   2.4981992597991898e-01	   3.1574546368389772e-01	   2.8355999061684467e-01	   4.0939429033396918e-01	   4.0563944221430065e-01	   3.1428105893667335e-01	   3.0713730021457342e-01	   4.9941458157851770e-01	   4.8723649783300194e-01	   2.8731641766697313e-01	   3.0483535274673734e-01	   3.4520206035575124e-01	   3.2107649024173618e-01	   4.5571167157540499e-01	   4.2684421010181062e-01	   2.4624037531568624e-01	   2.1714640000371566e-01	   1.7558112154204997e-01	   2.7002908404800574e-01	   2.3864979546759815e-01	   1.1072878687601054e-01	   1.9243677014627925e-01	   3.3288248319344772e-02	   2.7836789886378260e-01	   2.2766518062603558e-01	   1.5370702857732435e-01	   3.0616271035565201e-01	   1.8466466736369899e-01	   2.4740951596717661e-01	  -5.7024866085384610e-02	  -2.0078974319195173e-02	   1.8731409846307834e-01	   7.2106303782079481e-02	  -4.6917786657905670e-02	   1.0816553703759980e-01	   1.9755962555270196e-01	   2.2983412014868987e-01	   2.2497337601166262e-01	   9.5586284513483527e-02	   4.3541176823081479e-02	   4.9344203749251858e-02	
   3.1094751690116451e-01	   3.3893398169719163e-01	   4.8384711146265719e-01	   3.6113249991477397e-01	   7.7115472342914715e-01	   8.4139374241458131e-01	   5.0206128735745148e-01	   3.5200014992696327e-01	   8.0072602979013430e-01	   0.0000000000000000e+00	   3.5828735573468889e-01	   3.6553259721690878e-01	   5.2879695214997025e-01	   2.9220949856021228e-01	   5.8694680769241236e-01	   6.2737601374849561e-01	   3.6076269416476459e-01	   4.4401145298529049e-01	   2.6760664697513625e-01	   3.0538747175563657e-01	   6.1117560775134239e-01	   6.4599545658463442e-01	   4.7429305896849838e-01	   3.7390761668607841e-01	   6.8812592094685188e-01	   6.6499883518619485e-01	   6.9253003718594108e-01	   6.3380614105829958e-01	   3.4312808730116928e-01	   4.2070113184655444e-01	   3.9134530532939343e-01	   3.9859806449211022e-01	   3.0285545431516792e-01	   2.7904561924490101e-01	   3.6613276226615243e-01	   3.7420704259361576e-01	   2.8716818448918341e-01	   4.1277820351821609e-01	   4.7102216323953450e-01	   2.8676696720927630e-01	   4.0719171382441299e-01	   5.7948780648591847e-01	   5.2333588855637825e-01	   3.9418654010976417e-01	   5.5238466925338348e-01	   5.7410546153021391e-01	   4.0510241585561746e-01	   3.8404898486876171e-01	   4.8129139654253927e-01	   5.3247013265013621e-01	   4.2934453709084625e-01	   4.4381155148682205e-01	   3.2537558238961067e-01	   3.3135332662102068e-01	   2.9095504286975982e-01	   3.1735584604118905e-01	   3.1714847993113171e-01	   3.4984890493857496e-01	   4.9813832445917094e-01	   4.5349317987189769e-01	   3.1753932513699906e-01	   2.4221589701332955e-01	   2.3536891770914303e-01	   3.1601409593297558e-01	   3.1167664852710875e-01	   3.4355098467194845e-01	   5.2432858305572894e-01	   5.5348600172573281e-01	   3.6245892767466742e-01	   5.1016561821198980e-01	   1.8049702553191041e-01	   2.7802048701915338e-01	   2.6506360228264836e-01	   2.9070546247575735e-01	   1.3501685595577251e-01	   7.1507528200458026e-02	   2.6973905022717010e-01	   2.4296451725510687e-01	   3.9413790105004209e-01	   4.2552244634437997e-01	   2.8849874080922999e-01	   3.7599401275658062e-01	   4.3189088782625773e-01	   5.0491697653377110e-01	   2.6269990226098550e-01	   3.7650322766772321e-01	   4.6878276856762829e-01	   3.4606571371812261e-01	   4.6238652666908864e-01	   5.1828892209495547e-01	   3.6847254520583905e-01	   3.5423694276807310e-01	   3.4391762462741915e-01	   1.5888830768579171e-01	   2.8922674311944319e-01	   1.4733187920685720e-01	   1.7484203070829241e-01	   8.1135690576100108e-02	   3.6028555512726756e-01	   3.1446960849678762e-01	   1.0695329464758146e-01	   1.9748056720661622e-01	   2.6171952068926396e-01	   2.4136313559051822e-01	   1.0113042814966455e-01	   4.1880619612831252e-02	   2.0488117844377507e-01	  -2.2747233437313288e-02	  -1.2658328995594403e-01	   9.7789326826342116e-02	   2.4494968389706051e-01	   3.4445599501906399e-01	   4.0209798617862147e-01	   9.7892495355577522e-02	   7.0881940585705600e-02	   6.0415345333883368e-02	
   8.1706695286038888e-01	   7.3921785561293629e-01	   7.5874749108873285e-01	   6.2230881811778560e-01	   5.0260148695173212e-01	   4.8761196665507345e-01	   8.2417638032083373e-01	   6.1708523690610573e-01	   4.8450308184295166e-01	   3.5828735573468889e-01	   0.0000000000000000e+00	   7.7367057336006406e-01	   8.5184494516444886e-01	   6.3031113064821354e-01	   8.0489304037186860e-01	   5.8009535270366641e-01	   7.8086416358075850e-01	   6.5217405761736402e-01	   7.9529282920693123e-01	   7.1531849072861686e-01	   7.0431362456811608e-01	   4.6111791397260415e-01	   5.9316420959512750e-01	   4.3088273299493496e-01	   5.5048956116446768e-01	   4.4861935907207373e-01	   5.9007699614747267e-01	   4.5327486189069294e-01	   7.4420348820047222e-01	   7.6520729407790156e-01	   8.0688363671732755e-01	   6.9318576066453286e-01	   8.4145410641867180e-01	   8.2212345694406075e-01	   6.1990190833238124e-01	   5.3419958485713259e-01	   4.3036589654746288e-01	   5.4515231247263296e-01	   6.5125895627185959e-01	   6.3870217719367528e-01	   6.6589939299637435e-01	   6.0885831096434206e-01	   6.1207417081600002e-01	   6.5521949244701794e-01	   6.5775806298798234e-01	   7.2413275443936476e-01	   5.5527811253364523e-01	   5.2998543748221782e-01	   7.1485308715998797e-01	   6.2786256110027006e-01	   7.3255929359532135e-01	   7.9241327920090121e-01	   3.8974888705919508e-01	   6.9071688227840078e-01	   5.9038424815322998e-01	   5.9964945660096336e-01	   7.5114416148049368e-01	   6.8948077384748629e-01	   6.8825899805282287e-01	   5.6569929176938538e-01	   7.7777969392761559e-01	   6.0023676525751357e-01	   8.0778570733914501e-01	   7.7191492696989772e-01	   8.1839802940777262e-01	   6.2358701884365353e-01	   6.6598466589849070e-01	   5.4057592105396624e-01	   5.3845216268647778e-01	   5.4703479044721626e-01	   7.8910645151785386e-01	   6.9584593362846026e-01	   8.3838475362763587e-01	   6.5484341352608233e-01	   7.7786267506154649e-01	   6.6462278288193177e-01	   7.8078131935976880e-01	   7.2539950286377330e-01	   7.2756746622304513e-01	   7.1058306703766239e-01	   7.5806784402657912e-01	   7.5421880994393176e-01	   8.0407784097416446e-01	   6.7767849474412045e-01	   6.7661915158160579e-01	   7.3856712411398706e-01	   5.6992724191978517e-01	   7.3644215172892680e-01	   5.8345223962950143e-01	   7.0626686107048708e-01	   4.2119119032475189e-01	   2.5340065790408439e-01	   1.6875258924401038e-01	   3.7443154370502196e-01	   3.5820665731203361e-01	   2.6128676873937062e-01	   5.3249963963628177e-01	   4.5737300490273347e-01	   5.0221681079588754e-01	   4.2980465768516202e-01	   3.5212763571119216e-01	   4.7397530926563713e-01	   5.0290774132371230e-01	   4.6275954661957669e-01	  -2.9931841241958908e-02	   6.9282882166861209e-02	   2.2104582847217735e-01	   2.5953104078231304e-01	   1.9089526926748906e-01	   3.4582976915676628e-01	   5.6651211112652233e-01	   4.8134155078936913e-01	   2.3944322922500721e-01	   3.7078068675032472e-01	   3.2670972453076930e-01	  -1.3964987148177865e-01	
   8.0257957207372654e-01	   8.0056793804554838e-01	   7.5978197017086968e-01	   7.2434271681023654e-01	   5.7412895292193455e-01	   5.1371367515096833e-01	   7.8180102137370822e-01	   8.0410291701404302e-01	   4.4863697936633457e-01	   3.6553259721690878e-01	   7.7367057336006406e-01	   0.0000000000000000e+00	   7.1683017073129540e-01	   8.8431903567009895e-01	   6.4648717605217343e-01	   6.7791020673190516e-01	   5.2346949020932010e-01	   7.6406396753417982e-01	   7.1383657982594562e-01	   7.0515908155216844e-01	   7.1135476456273827e-01	   5.7151880712287295e-01	   7.2080897830050561e-01	   6.2855147201885453e-01	   6.3514707755212996e-01	   6.1038214676385028e-01	   6.3956238630535189e-01	   5.9432477230207814e-01	   4.8021025034480430e-01	   7.8639719488830684e-01	   8.7514572815771829e-01	   8.8279762604286049e-01	   7.5636765811508133e-01	   7.8295102034457909e-01	   4.3681420328891746e-01	   4.3437486925915758e-01	   2.1670856089692658e-01	   5.8084032489724113e-01	   4.8382643910384038e-01	   6.1424705972639870e-01	   5.5520143945821043e-01	   6.8618473543564362e-01	   5.1086723604437867e-01	   5.2889921814325147e-01	   4.5211657194569782e-01	   5.6179894271199737e-01	   5.3892161248000658e-01	   5.0315166670015155e-01	   4.8375006343766658e-01	   4.6814490232306372e-01	   4.9203063406829550e-01	   6.2095074719126908e-01	   4.6344407565677942e-01	   6.6238465991875450e-01	   5.1797541573895967e-01	   5.5998877071201980e-01	   7.4376716542627452e-01	   7.1029752073066965e-01	   6.7022297479151849e-01	   6.1021371727216089e-01	   6.2820143459997158e-01	   5.4402013982513620e-01	   5.7444741196792415e-01	   6.9970524362852116e-01	   4.5857334430276853e-01	   4.9056837055916569e-01	   5.8775227069382097e-01	   5.2672681326085391e-01	   6.0136775283232347e-01	   6.1309023376306970e-01	   7.0901256808473823e-01	   8.4922730187494988e-01	   6.8488131359594562e-01	   7.4790550280497847e-01	   6.7900091394453932e-01	   7.2215349856609234e-01	   6.5389701386618937e-01	   7.1564336539657358e-01	   4.9561332834642391e-01	   6.7177663718290215e-01	   5.5274255090070556e-01	   7.5351722451348557e-01	   5.4154006120390275e-01	   6.2913412060731189e-01	   4.5306262881576864e-01	   6.6447415599836190e-01	   2.7942185040067957e-01	   6.9481518534656761e-01	   4.6267753303157710e-01	   6.2696557291492772e-01	   3.9083647314519565e-01	   1.2512118234117925e-01	   3.2791342775819698e-01	   4.6387336922297973e-01	   2.3953550676962276e-01	   8.1343727225804033e-02	   3.9216746253341894e-01	   3.1748754576751481e-01	   4.7747719816303352e-01	   4.9310538249115432e-01	   5.6545271562647315e-01	   6.0999153992746380e-01	   6.2856105652591587e-01	   6.1867199402050721e-01	   2.0489246229655242e-01	   3.0014973223322866e-01	   4.8399349007830395e-01	   4.2556805823665306e-01	   9.9146573240003852e-02	   1.8712306774307752e-01	   4.4767419461690294e-01	   5.1040162297741243e-01	   2.5850675398417744e-01	   4.8322985038637090e-01	   3.6696605239012559e-01	  -1.0509219650893076e-01	
   6.2164111085660667e-01	   5.5757540620476131e-01	   7.0529059322514653e-01	   5.0286306604452924e-01	   7.0484500175535825e-01	   6.6937437557874224e-01	   7.8380121355414911e-01	   5.2105927608328195e-01	   6.7894193477018172e-01	   5.2879695214997025e-01	   8.5184494516444886e-01	   7.1683017073129540e-01	   0.0000000000000000e+00	   5.4614645426788078e-01	   8.6279534786103185e-01	   7.1863167674549566e-01	   6.5284874263842885e-01	   6.2279666388418609e-01	   5.9442507593441196e-01	   5.4460719873937491e-01	   8.3232574511470236e-01	   6.8573829640954542e-01	   6.1796173621388717e-01	   4.2301058296405236e-01	   7.0397719351684274e-01	   6.1111741196889136e-01	   7.8442210401954049e-01	   6.6542860017476713e-01	   7.2910503890037237e-01	   7.5919968235297852e-01	   7.7723460773895670e-01	   6.6151008406767475e-01	   6.3633478135878208e-01	   6.1665516448314728e-01	   5.2133474590992135e-01	   4.1235487212410238e-01	   3.2017867490640806e-01	   5.0217806769027939e-01	   5.5521890913562155e-01	   5.5067529307747876e-01	   5.9548910998277227e-01	   6.8192293785840474e-01	   4.8317557440344766e-01	   4.7520405983825653e-01	   5.1431295229975182e-01	   6.2053936330184745e-01	   4.1748160251737892e-01	   4.0245921378234278e-01	   5.4242516587381329e-01	   5.6731300147624664e-01	   5.7281638588222872e-01	   6.8462633425948416e-01	   2.7211016896675566e-01	   5.3984914776810244e-01	   4.2381244410680841e-01	   4.6612060717202208e-01	   5.4652240422821863e-01	   4.9566311467222690e-01	   6.5172840063542814e-01	   4.6817236751784191e-01	   5.7225641749870204e-01	   4.6842432568734377e-01	   5.3386622482981050e-01	   5.4935401531438888e-01	   7.1611242838190003e-01	   5.7502025882959251e-01	   5.4299460707671210e-01	   4.4963626512354210e-01	   3.6416205015812309e-01	   4.3889094241110527e-01	   7.7017220697976252e-01	   6.9060790090798740e-01	   7.8308604542486893e-01	   6.3631093238502923e-01	   6.3981686041805585e-01	   5.5352749767211085e-01	   6.3026600569861024e-01	   5.7853883156602992e-01	   6.6409380235167892e-01	   6.5759841597848034e-01	   5.7404038139327163e-01	   5.8202680135203244e-01	   7.2183396409866574e-01	   6.4436534787187694e-01	   4.8871020703809398e-01	   5.6817124213071801e-01	   4.2750193641887091e-01	   6.1509003636644244e-01	   4.1065149582799376e-01	   5.8636176829260489e-01	   2.3952275904419779e-01	   1.3259797929993650e-01	   1.1753633506821226e-01	   2.7154157467032536e-01	   2.3931337767462879e-01	   1.2915337588613865e-01	   3.1106804940222488e-01	   2.0906228322834297e-01	   3.1314947930549797e-01	   3.2741428591337796e-01	   2.9223048962274534e-01	   3.6094075002287823e-01	   3.7635372615241336e-01	   3.2655947436573696e-01	  -5.7758818834484714e-02	   1.3074494145571956e-02	   1.3382995903210856e-01	   1.8323303545852235e-01	  -6.0471820975402768e-02	   8.9470706657583457e-02	   3.5874594298533335e-01	   3.2087140979339451e-01	   1.4132223693282453e-01	   1.6325002746042122e-01	   1.0860869021607342e-01	  -1.6444290349004720e-01	
