   0.0000000000000000e+00	   5.4561318546477311e-01	   5.6858624072948505e-01	   7.4470353953487500e-02	   2.2279080709069099e-01	   2.3158294842525927e-02	   6.1734872731137092e-01	   5.5366276060699338e-01	   4.4281458493414505e-01	   2.1632678180994327e-01	   8.0135064743695894e-01	   7.3707701168351947e-01	   8.4403106998443156e-01	   5.7292712200545581e-01	   4.5456579215733539e-01	   3.6758569597660246e-01	   4.2871544777193404e-01	   3.7722386658309276e-01	   8.1209403714903883e-01	   6.4766093223066790e-01	   1.3150759159064074e-01	   1.4367228083224867e-02	   1.2639734440652417e-01	   1.5640641580909820e-01	  -2.7894431552272259e-01	  -3.9581685368051411e-01	   1.7396434520420345e-01	   3.2804426110914581e-01	   3.9269169124110181e-01	   3.8357091151757078e-01	  -2.8082643212784986e-01	  -3.1588284031867453e-01	   1.1706706365238526e-01	   1.7464520751720478e-01	  -2.0783390918158368e-01	  -2.7045328807976154e-01	  -1.1227241748569608e-01	   3.8569886571510371e-02	   1.1607376933926376e-01	   1.8133077986680965e-01	   9.7018172224723212e-02	  -2.8416716501941175e-01	   9.9951514272844127e-02	  -1.0158801792589407e-01	  -7.6730998893657296e-03	   1.6122178692261825e-02	   7.5419446073831192e-02	   2.3001835973024504e-01	   1.4960056683402664e-02	  -4.8565615996317105e-02	   1.1142083208590986e-01	   5.4278723851070236e-02	   2.5365792255454624e-02	   4.3504029738281980e-01	   4.6951647757769532e-01	   4.1667184862937262e-01	   8.4838095056730101e-01	   7.2855612825654281e-01	   2.0587577917287236e-01	   6.6439412211167587e-02	   6.9886644632614681e-01	  -1.0071863393537387e-02	   6.7581085586424294e-01	   2.0995177889912675e-01	   4.8280974597940096e-01	   5.4559309425514669e-03	  -8.8043206839373625e-02	  -1.4380247625961196e-01	   5.9708173198100956e-01	   5.6423236140183641e-01	   3.3427494137139513e-01	   1.2674448481126721e-01	   1.1452600731587040e-01	   1.4725336127795346e-02	   1.3368446085110158e-01	   9.6540298105560973e-02	   4.0826847295865487e-01	   2.8941869892946448e-01	   3.6174866911600712e-01	   1.7327684973059410e-01	   3.6993960484074179e-01	   3.2333432545895507e-01	   2.2349970784009063e-01	   3.7941447387006333e-01	   4.2896090802932146e-01	   2.9332709237303800e-01	   3.1840110187694548e-01	   3.1845182232481983e-01	   4.6971934812673677e-01	   4.4098668853394452e-01	  -1.7706717829260887e-01	   3.8681475022315037e-01	   1.9941905210647959e-01	   4.7522188739266269e-01	  -4.1099231379481849e-02	  -2.7463729615063848e-01	   1.7617157696460789e-01	  -5.9413729893154743e-02	  -4.8791511821029136e-02	   4.0527867088415803e-01	   2.7971905329995722e-01	   5.3920419555105271e-02	  -1.3667894190349085e-02	  -8.2526273925595669e-04	  -9.7411060204809469e-02	  -1.2000146490155182e-01	  -1.3425304412157377e-01	  -5.5430583298761077e-02	   1.9942718859659977e-01	  -3.6008493158114135e-01	  -1.1951891369399455e-01	   6.8171002297834821e-02	   2.2499445663139161e-01	   4.7197717899490491e-03	  -2.5339938717909061e-01	  -3.2679577252777953e-01	
   5.4561318546477311e-01	   0.0000000000000000e+00	   5.6312746502786148e-01	   2.8905775032893777e-01	   6.1479742236891705e-02	  -5.3191844564946349e-02	   4.1277644809725300e-01	   2.1235175719746605e-01	   2.4086274257826054e-01	   3.7960803050027156e-03	   4.8169242628854270e-01	   3.1263526075242992e-01	   3.3594465792090267e-01	   3.5828630116000082e-01	   4.7061435098836812e-01	   2.8657125135675671e-01	   1.8469869297533295e-01	   1.7382382460465742e-01	   6.6230911841420637e-01	   6.5509350705877678e-01	   6.2055402917217464e-02	  -1.7176278570581738e-01	   2.4361862249731125e-01	   3.7826916533046273e-01	  -3.0059841094659860e-02	  -2.5155829151970688e-01	   1.6591264271890535e-01	   9.2490064074130740e-02	   2.2410924459027662e-01	   2.4289780933764005e-01	   4.0316885744964254e-02	  -2.5036100339816285e-02	   2.8404879731671978e-01	   2.9654072783044000e-01	   1.1084093852557729e-02	  -4.9090473244180609e-02	  -1.4062239574039292e-01	   1.3988051663936960e-01	   1.3276010126268487e-01	   2.3210564857307409e-01	   1.3366256593886036e-01	  -1.4965078168517564e-02	   2.9478289871293906e-01	   1.5853868647928021e-01	   1.9262209355243531e-01	   2.3477264537404033e-01	   2.4529622201305434e-01	   3.5560509207042185e-01	   1.7714569670014671e-01	   1.7504894563479495e-01	   1.9912091224091680e-01	   8.2009353593659559e-02	   1.4164961657327438e-01	   5.5792798757803685e-01	   4.4270568691087847e-01	   5.1221840981254174e-01	   4.5842906580705056e-01	   4.0892450402159675e-01	   7.8437149737842181e-03	   3.6329528565709056e-02	   4.3455332555115295e-01	   1.8048243478129189e-01	   2.6854169377489451e-01	   2.6962776030784952e-01	   5.2677875778218608e-01	   6.0434013647428994e-02	   3.5145283998040185e-02	   1.7785582326667101e-02	   4.3979023535443762e-01	   2.5155888311086239e-01	   3.2428042735049567e-01	   1.6065393750318399e-01	   3.7671981932426513e-01	   2.8906328028520356e-01	   5.2684111241270681e-01	   4.2295696419766182e-01	   4.0145061547397520e-01	   6.0686348278993919e-02	   9.9338135892845597e-02	   8.1750249953206691e-02	   4.6209551786875752e-01	   4.4732639457916118e-01	   5.1007006058785642e-01	   3.8715216105084327e-01	   3.8902909126154400e-01	   2.5685783008670376e-01	   5.1496792723193807e-01	   1.9791659182697416e-01	   5.2154451912025968e-01	   5.8596735689561708e-01	   2.5503611475207650e-02	   3.9348106677401767e-01	   7.0686839493031339e-02	   3.2069147892032973e-01	   1.2278076975928347e-02	  -1.4110813667929351e-01	   4.1092199353154613e-02	  -1.3179065772231202e-01	   9.1152093914222854e-02	   3.1812986770309676e-01	   2.5788063874090994e-01	   5.1857842330468092e-04	   2.3405811035495055e-01	   2.7938572099525615e-02	   8.2096537437812464e-02	  -5.8462401856882017e-03	   9.0389290204529710e-02	  -2.2581836196862820e-01	  -6.0721960653967941e-02	  -2.6046986885424472e-01	  -2.3439282036309181e-01	   1.0235082840710748e-01	   7.2658874382145633e-02	   1.6655391932737773e-01	  -9.5169562372862587e-02	  -1.1813103516154613e-01	
   5.6858624072948505e-01	   5.6312746502786148e-01	   0.0000000000000000e+00	   3.3042673949005230e-01	   4.6914806014074489e-01	  -2.3069922386268083e-02	   6.7083298726638729e-01	   3.0780557760356597e-01	   4.8711488533055292e-01	  -8.0613628268068394e-02	   7.0461495103858818e-01	   3.6616441424831470e-01	   6.0309639695040851e-01	   5.5994455491673101e-01	   8.1898605040396721e-01	   5.1908026448835898e-01	   2.8047520893122857e-01	   3.4091774317685808e-01	   5.9623102317251575e-01	   5.0875244610981363e-01	   2.8433054592704116e-01	   6.5297073783192439e-02	   4.9315055549777886e-01	   5.4583778037523190e-01	   2.9953956463452480e-01	  -6.4389031628301868e-02	   5.6429674908996696e-01	   4.4694929671757577e-01	   4.5819972537292447e-01	   3.8466630629293402e-01	   1.6252626283466229e-01	   7.9141533776687908e-02	   3.0844244273264299e-01	   2.7746744700156051e-01	   3.7097661234883075e-02	  -6.7320202466035511e-02	   2.5713554345321424e-02	   5.4290647015059319e-02	   1.8791789357979755e-01	   1.5539425874622007e-01	   3.6421716029913331e-01	  -8.5520203047663557e-02	   1.2555847033169931e-01	   1.4303289207310163e-01	   1.8088665297593304e-01	   1.6871464297691258e-01	   1.8426795092523252e-01	   5.0156389149657810e-01	   1.5824390911668398e-01	   1.3503386927550023e-01	   1.5168561168604133e-01	   1.8438192779024537e-01	  -9.5988800778187305e-02	   6.5637857735927752e-01	   4.6041077293379917e-01	   5.3832813476876340e-01	   4.3010260756192581e-01	   4.3918926821778337e-01	   8.4203871274092193e-02	   5.3318832127705718e-02	   6.6680997976751255e-01	   1.6445399656564075e-01	   4.7317788198711641e-01	   2.2430961920853570e-01	   6.9615277485053961e-01	   2.0788988639269146e-02	   5.9690147471676155e-02	  -4.5019359266317685e-02	   5.2154529902626867e-01	   3.6379708127848598e-01	   5.2260309381941417e-01	   5.0477364265257374e-01	   5.0492443948025167e-01	   2.4358409593952218e-01	   4.2745356976311860e-01	   2.3097249886066085e-01	   3.2554756780876803e-01	   2.3396837492441153e-01	   2.4947917495313648e-01	   2.5290735239379936e-01	   6.1618397477578324e-01	   3.3134113527242293e-01	   5.2922425383822747e-01	   5.8016495704990878e-01	   6.5254540488384416e-01	   2.8042332040703011e-01	   5.6544161131635884e-01	   5.1784518010630831e-01	   4.2031276612625473e-01	   4.5956485510385103e-01	  -1.9927160131002669e-01	   4.1259692416539917e-01	   1.0582997743506509e-01	   4.1284062136430733e-01	   2.4484158362074963e-02	  -3.7580055290944681e-01	   1.5770186586358798e-01	  -1.2191538984196849e-01	  -1.1015400299920859e-02	   4.8358267895514068e-01	   1.1137449498216384e-01	  -1.2440770575122487e-01	   9.3621697374338758e-02	   1.3435728735199468e-02	  -1.8898124248826578e-01	  -1.6896972329806439e-01	   3.7971979575647970e-03	  -4.9977741497293712e-02	  -1.7726887390776913e-01	  -2.4853238424557722e-01	  -4.3511399781663088e-02	   2.8540802741382609e-01	   3.3188972488387214e-01	  -7.7969347282546786e-02	  -4.5494686884984276e-01	  -3.3536418228535053e-01	
   7.4470353953487500e-02	   2.8905775032893777e-01	   3.3042673949005230e-01	   0.0000000000000000e+00	   9.0441716147530632e-02	   4.5604451507289256e-01	   5.8569434349190752e-01	   5.0443548790296966e-01	   3.5509258944242705e-01	   3.1774890883354023e-01	  -7.0218824848364602e-03	   5.2296044223316691e-02	  -5.5026946814415499e-04	   1.1401624712994447e-01	   2.2600032953206900e-01	   4.1484049774722709e-01	  -2.5107763179925485e-01	  -3.5095226860930601e-01	   5.6539002338562273e-02	   2.5588655945658129e-01	   1.5238218702702337e-02	   1.8082383699113852e-01	   3.2887003315647723e-01	   7.0257082925647119e-01	   4.0375055910370206e-01	   5.5232350509256256e-01	  -5.0968913740522197e-02	  -2.1945559642140757e-03	  -2.9103186578364207e-02	   2.9846968391963342e-03	   5.9382697202732126e-01	   5.8646027760374719e-01	   5.6746910876056622e-01	   6.3825163821566788e-01	   5.6829502395172804e-01	   4.6008200938001920e-01	   9.9892920643295247e-02	   9.5219411289581418e-02	   3.5179487666417951e-02	   2.6498478712852974e-01	  -8.5756211972092544e-02	   2.1975253587400365e-02	   5.2104567416982406e-01	   3.6782754360293324e-01	   5.5416387348124962e-01	   4.3396238492626615e-01	   6.2115666395269198e-01	   4.0981239049127993e-01	   5.4099185403780969e-01	   4.8421846402885799e-01	   5.5002500166397161e-01	   3.6715784942240981e-01	   3.1615381649774871e-01	   3.8071457966099265e-01	   5.1553341223452553e-01	   2.7113148294366562e-01	  -1.6574381599945459e-01	  -4.7527529684424120e-02	   5.6671380453167886e-01	   6.6804150890213276e-01	   2.7358902941743940e-01	   7.1987501042339219e-01	  -1.6927328383188867e-01	   3.7117085886634121e-01	   2.2442321372510510e-01	   7.2349292612647742e-01	   6.8580761791858624e-01	   7.1703169600985706e-01	   4.5733665757617503e-01	   4.4051396201957194e-01	   2.1201612841744985e-01	   4.8492480878510014e-01	   3.2370122142384167e-01	   1.9566731886634037e-01	   2.8252965854495898e-01	   2.5294044956885831e-01	   2.0178644619364819e-01	   2.1661391631919208e-01	  -3.8556195136850442e-02	  -2.0663734432055388e-02	   2.0446238046619167e-01	   3.8355753338985676e-01	   1.9376460933119388e-01	  -2.4623434545477947e-02	   3.3222788568538186e-01	   4.5326394563648420e-01	   1.0140752450416969e-01	  -8.0463721803885099e-02	   4.0326917237127824e-01	   4.2153300645255776e-01	   6.4604675424996882e-01	   4.7966092014745465e-01	   4.5255044064862182e-01	   3.7986442828677031e-01	  -9.9471705842377134e-02	  -2.5264286395969249e-01	  -1.6101627367636984e-01	  -1.3258175591375998e-01	   5.5830141580351089e-01	   3.1917892242281981e-01	   2.4695738334764300e-01	  -1.3233345415049095e-02	   1.8224569669851476e-01	  -1.8989987179320260e-02	  -9.1874340513858024e-02	  -6.5187078747339103e-02	   2.3848759486587107e-01	  -8.6669825401457942e-02	  -1.7631783389328065e-01	  -3.8355493651276062e-01	  -3.2829772324828638e-01	   1.2082924913208740e-02	   3.8996102577243946e-01	   1.3201362941437914e-01	   5.5353506662534097e-03	  -2.3139309832901667e-01	
   2.2279080709069099e-01	   6.1479742236891705e-02	   4.6914806014074489e-01	   9.0441716147530632e-02	   0.0000000000000000e+00	   5.4333393502871197e-01	   2.5088091508562949e-01	   3.2540166189362463e-01	   7.0752441876328453e-01	   2.8361325518335001e-01	   2.1146585780449517e-01	   2.6596475276708220e-01	   3.1903516186950481e-01	   4.2939023071688753e-01	   7.1810419733020336e-01	   4.1016678003407980e-01	   1.0484612760993103e-01	   2.0953779890558538e-01	   1.4820332090165919e-01	   3.4305726502606870e-01	   4.1422375561710995e-01	   2.9685669179058527e-01	   5.7654031832588604e-01	   3.6704417079005847e-01	   5.6532722012368986e-01	   3.2059393069917652e-01	   7.1133447096626612e-01	   8.0433382023228361e-01	   4.2325985396266114e-02	   1.7766532011376873e-01	   5.6903203798900057e-02	   1.4599159067241863e-01	   1.7646227234897317e-02	   1.3980026131637509e-02	  -2.4368811879485966e-01	  -2.6552710151614761e-01	  -2.4397104185851382e-01	  -2.7651325984029573e-01	  -1.3821068791272351e-01	  -1.9935088876157511e-01	   2.7942408448106228e-02	  -3.1395880205252136e-01	  -1.8220363371945486e-01	  -9.3282564156131481e-02	  -3.0063268378030295e-01	  -3.5374269548940029e-01	   5.8116916779163669e-02	   2.4934629036901340e-01	  -2.6574236136680718e-01	  -2.1396715611925338e-01	   2.9247162631597941e-02	   1.5266680635846372e-01	  -1.6890460022537565e-01	   2.5751626260857269e-01	   8.4438439994652198e-02	   3.1594433711838892e-02	   2.5658795384170530e-01	   3.0454470424615665e-01	   1.2968725242885233e-02	   1.0959837474403998e-01	   3.4528666415312281e-01	   9.2834947384818706e-02	   2.9975778147373577e-01	  -2.6583750251370042e-01	   3.7039958077414520e-01	  -1.9424377038147844e-01	  -3.2827674346744651e-01	  -3.4003765615818549e-01	   1.9966046147549915e-01	   1.1988598348494520e-01	   2.3428732525286156e-01	   3.5816975311130128e-01	   5.9067894441997032e-02	   3.4697736704161694e-02	  -6.8784854230832498e-02	  -2.0882022028317110e-01	   1.1672697930117180e-02	   6.5366771432362039e-02	   7.4311657852973945e-02	   3.0903989589302272e-01	   4.2901079973660783e-01	  -1.3329936607395693e-01	   1.3834835234020523e-01	   8.3984428968354036e-02	   4.5002488146745845e-01	   2.5199856942264720e-01	   1.2319854608526076e-01	   3.1098517907112994e-01	   7.5013134541268872e-02	  -9.5242220568469149e-02	  -7.2917374844719524e-02	  -1.6334247566195507e-02	   2.7918775335624546e-01	   2.5186353492964297e-01	  -2.0209266802850484e-01	  -9.3023485550806348e-02	  -1.2433989830475849e-01	  -1.4129901622692118e-01	  -9.0887354208425031e-02	   9.0463877375976345e-02	   2.6535114087041745e-01	   5.7428570914120458e-02	   1.7903504263226630e-01	   9.2339377788856022e-02	  -4.3793436131984137e-02	  -7.8541149461728993e-02	   1.9402506260865926e-01	   1.3601963415274163e-01	  -1.7241564836531223e-01	  -1.1998602136957118e-01	   1.8729178249862294e-01	   1.5498434534263678e-01	   4.8848915661161169e-01	   6.7808616933329069e-02	  -1.3799241809787985e-01	  -1.4055617509359836e-01	
   2.3158294842525927e-02	  -5.3191844564946349e-02	  -2.3069922386268083e-02	   4.5604451507289256e-01	   5.4333393502871197e-01	   0.0000000000000000e+00	   2.4112575697344163e-01	   5.7302017859683296e-01	   6.0922317773671941e-01	   7.2333198352351824e-01	  -1.1194562064326510e-01	   1.4080590991037273e-01	  -3.8691698205140538e-03	   1.4530523156355474e-01	   1.6968309118917274e-01	   2.6934037738959099e-01	  -1.5778306463782121e-01	  -2.4368635455050369e-01	  -8.9990788529071969e-02	   2.4454084396971720e-01	   1.0193039244490407e-01	   3.1697587806269190e-01	   3.3099332290007116e-01	   2.5481455994744234e-01	   4.0393593370433306e-01	   5.9804950139085988e-01	   1.5931834672889406e-01	   4.4333987989168744e-01	  -3.1623921661637977e-01	  -9.4222107922889695e-02	   2.1678719573634403e-01	   3.0426844230482808e-01	   1.3779561133417756e-01	   2.4684394429908649e-01	   1.7012472080219671e-01	   1.5216181740421375e-01	  -2.7032963848319103e-01	  -1.3903349982819552e-01	  -2.6595241531887381e-01	   4.0565626207785851e-02	  -3.2212900749228052e-01	  -1.1600161725463357e-01	   3.1995406209196942e-01	   1.7480096386364813e-01	   7.8598515927183074e-02	  -1.2966527962986753e-02	   5.2383106917383260e-01	   2.7469035727349150e-01	   1.0907973080700058e-01	   5.3212017991336215e-02	   3.6205855822731564e-01	   1.7749182020201831e-01	   3.2312864905692118e-01	   1.9927384464142806e-01	   1.6511574973108673e-01	   3.9337644970194645e-02	  -8.6417342314898504e-02	  -8.3508162130455033e-02	   3.4996575894962850e-01	   4.9996892084230271e-01	   8.5359274795157800e-03	   3.0759060852385700e-01	  -8.2181405050909165e-02	  -2.4934332348943289e-01	  -4.6187423565314217e-02	   2.6042971844345503e-01	   1.3725103380101594e-01	   2.2937825778174808e-01	   2.8573621903020130e-01	   3.7912089164810669e-01	   2.3339976157006434e-02	   2.6772000759464754e-01	  -2.3797441444381068e-01	  -1.7983940849454116e-01	  -2.1105097680752871e-01	  -2.7548421809529455e-01	  -1.3253016813294686e-02	   4.1651234428768356e-02	  -1.6508590656849939e-01	  -7.0998203045607167e-02	   9.1424268473486822e-02	  -1.4683146706924866e-01	  -1.7885483464623267e-01	  -1.6283903939596384e-01	   1.1585595170561652e-01	   2.7324077237518446e-01	  -1.9683176586877654e-01	  -7.3218539850836831e-02	   1.0771583687307799e-01	   3.9157709219987291e-02	   5.1404877398838422e-01	   1.5850199088670702e-01	   4.7692211367797599e-01	   2.0087489656457749e-01	  -1.4442042655768275e-01	   1.5095374978681961e-01	  -1.0572860773649312e-01	  -1.0082574101613183e-01	   3.2911517643038452e-01	   2.1637065194007621e-01	   2.8312883840002656e-01	   1.1500958093022308e-01	   1.9509578256444496e-01	  -1.2405718915685565e-02	   9.8553740773056342e-02	   8.5029558729199858e-02	   2.8770155423911681e-01	   5.0859719016061275e-02	  -6.8378176392378226e-02	  -1.1426642751034460e-01	   1.8799656943377659e-02	  -2.4891641593124604e-02	   4.1110784959841107e-01	   1.3911166301420536e-01	   1.9826031678856776e-01	   2.1627609373758145e-02	
   6.1734872731137092e-01	   4.1277644809725300e-01	   6.7083298726638729e-01	   5.8569434349190752e-01	   2.5088091508562949e-01	   2.4112575697344163e-01	   0.0000000000000000e+00	   6.4902016764634718e-01	   6.7414192869552791e-01	   2.5560164100078447e-01	   6.1706066244264801e-01	   4.7136108516298303e-01	   6.4147170784066221e-01	   4.1367389128927345e-01	   4.9056936614241220e-01	   4.5094436703509422e-01	   7.2933256274266806e-02	   6.4556837254405447e-02	   4.2136897568535547e-01	   5.2543218139492553e-01	   2.0329439514580636e-02	  -4.2883126488536243e-03	   2.6775060833331155e-01	   4.0163026831400317e-01	   3.0937167219370648e-02	   2.9715329631137849e-02	   2.6344099640538094e-02	   1.3978573181962195e-01	   2.6902496414991223e-01	   1.8099834310531515e-01	   1.4899067220713286e-01	   1.0551989290699704e-01	   4.7692113771992661e-01	   5.0219803848194489e-01	   1.6270392351325508e-01	  -2.9228811860794304e-02	  -1.5223657935772567e-01	  -9.2664825028413014e-02	  -6.0369071963359749e-02	   1.3517818202751206e-01	  -5.2704629865234803e-02	  -2.0716913516238999e-01	   3.6141539505348919e-01	   1.8406948064352652e-01	   3.9160991936804623e-01	   3.3315946185807482e-01	   3.3032704239123789e-01	   3.7724187542700832e-01	   3.0826535668456434e-01	   1.8789403484181735e-01	   2.7604374548224064e-01	   1.3346648542915091e-01	  -1.7931905785586234e-03	   5.0222688936938176e-01	   5.6298507256643293e-01	   4.5545269652197568e-01	   4.0035261696317204e-01	   4.1944332784001642e-01	   5.7085933775641551e-01	   4.0379792899275918e-01	   8.4321706395900575e-01	   4.3023702980350842e-01	   4.0820375265639586e-01	   4.6534993303309630e-01	   5.2351096220595095e-01	   4.7705705930074954e-01	   4.2819414116679977e-01	   3.5001523297202902e-01	   6.6667754553759606e-01	   6.9124411597704993e-01	   4.5382051757732278e-01	   4.1719927481449876e-01	   2.8498361306144609e-01	   6.1818714636202955e-02	   1.8187507215968995e-01	   6.6375054707229313e-03	   3.0720129202253066e-01	   2.3558949422645503e-01	   1.6871372612343680e-01	   1.0296933402822414e-01	   2.6002525958909134e-01	   2.9346051483974811e-01	   9.8115620314387517e-02	   1.7721185501392228e-01	   5.4374666609420741e-01	   3.6632405766999476e-01	   1.9253989438894217e-01	   2.2944160153093937e-01	   4.0982079375225300e-01	   5.2929007479195744e-01	   2.1453642355037664e-01	   6.6543891313995873e-01	   3.7799578401962869e-01	   5.4495698266809078e-01	  -1.5729179705484736e-01	  -4.0248064135023187e-01	  -2.6936430611545072e-02	  -1.6050023911184180e-01	   2.7337754454030055e-01	   5.5828581492338125e-01	   1.6632663683836335e-01	  -1.4284804645200891e-01	   1.1482752703897710e-01	  -1.0399229704769311e-01	  -2.4220952933499398e-01	  -2.7005533520442515e-01	  -5.1473605565559494e-02	  -7.6921402397048394e-02	  -1.5807639722979944e-01	  -5.4598409799627190e-01	  -2.9386051191369283e-01	   7.6875249671820283e-03	   3.6618166461313151e-01	  -4.8888320217120682e-02	  -3.0467588926602523e-01	  -5.2481648376407475e-01	
   5.5366276060699338e-01	   2.1235175719746605e-01	   3.0780557760356597e-01	   5.0443548790296966e-01	   3.2540166189362463e-01	   5.7302017859683296e-01	   6.4902016764634718e-01	   0.0000000000000000e+00	   6.4892601549498852e-01	   7.4325375175732855e-01	   3.7168057025849466e-01	   6.6806005008621860e-01	   4.9612201641871789e-01	   4.8185949451766052e-01	   3.1053577749203731e-01	   4.5444690950262662e-01	   2.0098989317015925e-01	   1.0606104966675527e-01	   4.1359132536446064e-01	   5.1821996202196696e-01	   1.3224119749900037e-01	   3.2774106974178208e-01	   2.8402821822630142e-01	   4.1142964198599413e-01	   3.5210500213294499e-02	   2.2066507364044391e-01	   9.3922810409773239e-02	   3.4785680743425929e-01	  -3.6602151358898376e-02	   1.8427853109386602e-01	  -5.7900807800355891e-02	   1.5390166625767960e-03	   3.2976736032412257e-01	   4.9380784377571929e-01	   9.7131967152034551e-02	   9.0534095454008270e-02	  -1.1330347941791272e-01	  -4.1639729721955801e-02	  -6.5894019979917534e-02	   1.8691161963080122e-01	  -1.9667591339827886e-01	  -2.4569925656296249e-01	   4.0472868025640862e-01	   1.6658463893978420e-01	   2.2773476589774699e-01	   1.9016321157661656e-01	   4.4284922150882999e-01	   3.0286313482596200e-01	   3.0028458093779431e-01	   2.2758675467252693e-01	   4.8748686860953594e-01	   3.1609075395355291e-01	   3.2091946150448286e-01	   3.5747998753006199e-01	   5.6534987390104341e-01	   2.8502130609717546e-01	   4.2922729924285435e-01	   4.8394717260728748e-01	   5.5113801046977662e-01	   6.4149270550152526e-01	   5.2137207459074453e-01	   5.5685370400015688e-01	   3.9157899970166055e-01	   2.7066019290335397e-01	   2.7668052073238181e-01	   5.0004748373632713e-01	   2.0854672953557746e-01	   2.7165118258295579e-01	   6.2274668870582606e-01	   7.7153183931808833e-01	   2.3151594022676708e-03	   3.7617239260612534e-01	  -2.1344723449632158e-01	  -1.3181160022826649e-01	  -2.5607081492210143e-01	  -1.2278589664693064e-01	   2.0621644309850717e-01	   2.4774614449101945e-01	   2.8386943093253780e-01	   6.7224132408878839e-02	   2.7012544143522949e-01	   2.8479542978308858e-01	   4.3652770570476590e-02	   5.2853913226490079e-02	   5.0154898208203025e-01	   5.9270258888686267e-01	  -6.7837082026596905e-04	   1.2981082728812351e-01	   4.7897578723792467e-01	   3.1533088483927857e-01	   4.7005714760379824e-01	   5.1503463250866022e-01	   5.3889551786362055e-01	   4.9231028575400837e-01	  -1.4564765202552105e-01	  -6.0407124689300970e-02	  -1.4149859734062870e-01	  -1.5306949327496988e-01	   3.6344530714776718e-01	   4.7090826096590754e-01	   3.4002308279489657e-01	   7.5325774009046456e-02	  -6.8059734377823505e-02	  -5.0440626458390189e-02	  -1.3179478742908307e-01	  -1.0287620885463092e-01	   8.5319725598949930e-02	  -1.5153743393889485e-01	  -7.3328880051725401e-02	  -4.5055218839689215e-01	  -2.7212071884449202e-01	  -8.7534688400396132e-02	   4.9569936585909713e-01	   2.2984775693773968e-02	  -7.5659773170336078e-02	  -2.6086112739332801e-01	
   4.4281458493414505e-01	   2.4086274257826054e-01	   4.8711488533055292e-01	   3.5509258944242705e-01	   7.0752441876328453e-01	   6.0922317773671941e-01	   6.7414192869552791e-01	   6.4892601549498852e-01	   0.0000000000000000e+00	   5.5812508504151437e-01	   4.1631071408982034e-01	   4.5050425137085837e-01	   5.4039037901350884e-01	   4.9968616694358747e-01	   6.1552669348974531e-01	   4.2056843819459810e-01	  -2.4450412398712346e-02	   1.6980233552738980e-02	   2.2338555151022921e-01	   5.8692997609541264e-01	   7.8540235702492689e-02	   8.9877449608048693e-02	   3.2547460634130976e-01	   3.0054187592963894e-01	   1.5874043816313740e-01	   8.7466975900720362e-02	   3.0524263421110631e-01	   5.2217738995276108e-01	   4.6212438690961047e-02	   1.0710791820685439e-01	  -6.3696361232488841e-02	   1.1616505901232532e-02	   1.4480748923332271e-01	   2.0298458913023695e-01	  -1.9806111809191626e-01	  -2.8358115494749203e-01	  -4.1137913207305016e-01	  -3.6991622188771911e-01	  -1.9200257994623141e-01	  -1.0706989408315917e-01	  -2.0133199501066684e-01	  -3.9881232090793667e-01	   8.6223227315718104e-02	   3.5058873228702402e-02	  -5.3689279322343089e-02	  -9.2037478740299744e-02	   2.4620893360545526e-01	   3.1858198204514732e-01	  -9.2235222136321016e-02	  -1.3274084027172714e-01	   9.3566004813217474e-02	   6.0080136622739713e-02	  -5.9466166186835007e-02	   3.8750488719103382e-01	   3.1940067777952352e-01	   2.8348072654336937e-01	   3.8462273098356287e-01	   4.0137257906283375e-01	   3.5720748740371133e-01	   3.1134988606591851e-01	   6.1664312034328717e-01	   3.4989873234557228e-01	   3.3104115672195344e-01	  -5.0040762690217913e-02	   3.6959337529631242e-01	   1.3657259843111061e-01	  -7.7220025282701638e-02	  -8.4682876933682649e-02	   4.1493879564854680e-01	   4.8177837934761447e-01	   2.2209098960578033e-01	   3.1475351999417023e-01	  -1.5214994675158036e-02	  -7.8567030605428148e-02	  -1.0152878906251177e-01	  -2.5302894026013523e-01	   6.9238479650887072e-02	  -3.6744301319428319e-03	   1.0428780645440305e-01	   6.9186156913952759e-02	   3.4374633171040464e-01	   3.7673896008038360e-02	   3.9609622656398800e-03	  -7.7694679424199168e-03	   5.0373777273165543e-01	   3.3138780720838790e-01	   9.0583428692579002e-02	   1.3014726397315191e-01	   2.1208301889199460e-01	   2.9094678716493094e-01	   1.4940413092692773e-01	   4.1589913618089269e-01	   3.4550656774111554e-01	   4.6898324138500080e-01	  -2.3127157147016861e-01	  -2.5676167532018451e-01	  -7.6269316155231165e-02	  -3.5027658219740432e-01	   2.1900064362597321e-01	   5.0194158471590644e-01	   2.6255001213167262e-01	  -1.1648206586551212e-02	   1.6099045058893147e-01	  -3.5718822549296939e-02	  -7.8592860410019963e-02	  -1.4304378630773795e-01	   8.0304895593523190e-02	   8.8495007931519126e-02	  -1.5199404950509629e-01	  -3.3782849017942673e-01	  -2.9848845870599158e-02	  -3.5318176728344954e-02	   5.0020154853934995e-01	   8.4165768531923785e-02	  -1.3935155174916675e-01	  -2.7664426745758919e-01	
   2.1632678180994327e-01	   3.7960803050027156e-03	  -8.0613628268068394e-02	   3.1774890883354023e-01	   2.8361325518335001e-01	   7.2333198352351824e-01	   2.5560164100078447e-01	   7.4325375175732855e-01	   5.5812508504151437e-01	   0.0000000000000000e+00	   5.1898072047134529e-02	   3.1792285742177490e-01	   2.1459806135336376e-01	   2.9064961908763426e-01	   8.5699677012965630e-02	   2.7837911100696100e-01	  -5.9728515428468911e-04	  -4.7303334056812821e-02	   1.1365816362668393e-01	   3.0290750190726018e-01	  -1.3069982645748990e-01	   1.9338301824062393e-01	   1.1940651745899639e-01	   1.8908736505076432e-01	  -6.3788811605182655e-02	   2.5670051611164862e-01	  -4.8880151786199220e-02	   2.5801512223776796e-01	  -2.7566226364718888e-01	  -1.9824546327504224e-02	  -1.6676677822793559e-01	  -9.6368056932897087e-03	   1.8573446749762189e-03	   2.0787383756147434e-01	   6.7363289759055818e-03	   1.1466044886300117e-01	  -2.1137936187899287e-01	  -1.5574445040370455e-01	  -2.0209813764497991e-01	  -2.3983093098633772e-02	  -2.9408702851020974e-01	  -1.6103955870286166e-01	   2.4785704177104981e-01	   4.4632153696860515e-02	   1.4329403721570743e-04	  -4.5226631148324828e-02	   3.5978646240779633e-01	   1.2089439942227295e-01	   2.1245508671473665e-02	  -4.7787661526366876e-02	   2.6826824546052475e-01	   8.7628849217101956e-02	   3.6254125568418227e-01	   1.8065497868417638e-01	   2.3766631336882910e-01	   7.3366725776618555e-02	   1.9131294998029352e-01	   1.5767335444708694e-01	   2.7343514170213890e-01	   4.3996389810285830e-01	   1.1219843884667322e-01	   4.3310580853056796e-01	   1.7838767040084363e-01	  -4.6429622756477759e-02	  -8.3133332998283072e-02	   2.6304850838864868e-01	  -1.5414321936436944e-02	   1.3499125494124031e-01	   2.4110212423490035e-01	   4.8986187963908706e-01	  -2.0005668901382390e-01	   5.3898025563711968e-02	  -4.6250354299962959e-01	  -3.2640947983049184e-01	  -4.0969072926157807e-01	  -2.2588179010954434e-01	  -1.3877485302760473e-01	  -4.3099049579067766e-02	   9.4490038253564695e-02	  -1.4165717442554352e-03	   1.7709151090799197e-01	   1.7334084745520706e-01	  -2.0611393599588762e-01	  -1.5836244528213783e-01	   2.1589654026714539e-01	   4.3758538454580498e-01	  -1.8429074533384510e-01	  -1.0060592205576721e-01	   2.0796865798348385e-01	   1.1071585580313494e-01	   5.1511898344395435e-01	   2.9321108781223681e-01	   4.3418011028074349e-01	   2.7825461444148170e-01	  -2.0510087620945611e-01	   1.5681119382247979e-01	  -2.5954670223584886e-01	  -1.1182282525907350e-01	   3.5079243395363735e-01	   4.0859925576706035e-01	   3.6946676556859459e-01	   1.0173243673034540e-01	  -9.2883421190317148e-03	  -1.2372905959590297e-01	   3.5632695365921730e-03	   3.9273104761860640e-02	   1.1103650930726378e-01	  -4.9798895280144584e-02	   4.9781057276551653e-02	  -1.8340522836358594e-01	  -2.7274538348392288e-02	  -1.0354115815044261e-01	   3.3605714862618419e-01	   1.0972288807605304e-01	   6.2395147253757409e-02	  -1.5439892552086068e-02	
   8.0135064743695894e-01	   4.8169242628854270e-01	   7.0461495103858818e-01	  -7.0218824848364602e-03	   2.1146585780449517e-01	  -1.1194562064326510e-01	   6.1706066244264801e-01	   3.7168057025849466e-01	   4.1631071408982034e-01	   5.1898072047134529e-02	   0.0000000000000000e+00	   6.6422787386008753e-01	   8.7533996281327997e-01	   6.5759085330162592e-01	   5.8937683225845794e-01	   4.0161671540281418e-01	   5.6441915256275110e-01	   5.5910203103392697e-01	   7.9802110055766651e-01	   5.4749696256674774e-01	   1.2658860437238593e-02	  -1.5788472413996846e-01	   2.4667383884402327e-01	   1.8592796584515664e-01	  -2.2616947136366650e-01	  -4.2931614593366607e-01	   2.2338717769370969e-01	   2.4402707648949096e-01	   6.4466678661537691e-01	   5.4935135489451481e-01	  -1.2279943680329153e-01	  -1.8320601752484883e-01	   2.1427817734852103e-01	   2.0641694238498212e-01	  -1.2128491426694077e-01	  -2.3520910661189581e-01	  -9.2992651457706563e-02	  -3.8904714813490705e-02	   1.2048619217362699e-01	   1.1886714693346431e-01	   2.9971479709547044e-01	  -1.5351041823900535e-01	   8.2338923033659930e-02	   4.9272690248565981e-02	   7.4319549739838772e-02	   1.3407578980316076e-01	  -2.1836378439617169e-03	   2.9685716985670679e-01	   3.6151896097986969e-02	  -4.0853600514239932e-02	   1.7902754087709576e-02	   7.3560417620397757e-03	  -7.3623817479802926e-03	   5.3425853565432568e-01	   3.2112552576103648e-01	   5.2605795808752176e-01	   6.9924603245655392e-01	   5.3292521475669596e-01	   3.9046557431771461e-02	  -1.0692570682868827e-01	   6.9804807577397343e-01	   6.2991673421972493e-03	   8.0963827340152450e-01	   3.3566854057467577e-01	   5.5777353166607224e-01	  -1.3965054404734820e-01	  -1.0585557372634261e-01	  -1.9547653469320389e-01	   5.2066948890886722e-01	   3.9562311760883018e-01	   3.0707639194438224e-01	   1.7649390478629512e-01	   2.5579509370512887e-01	   7.3762507775914962e-02	   2.4214090502298727e-01	   8.5155396636877392e-02	   3.5206623956876626e-01	   2.2747182811467914e-01	   3.6161331573865124e-01	   2.6224019192328762e-01	   4.3209558970961987e-01	   3.9018706158344507e-01	   3.4210528374921823e-01	   5.1607156827648759e-01	   4.8497334770808342e-01	   2.0012613332709908e-01	   4.5163613925532231e-01	   4.3451468642293645e-01	   3.9012355093146600e-01	   4.8214979122824375e-01	  -2.8982703930540349e-01	   4.3031702870442490e-01	   8.2456780673851218e-02	   4.7176681890998512e-01	  -5.9882610023665420e-02	  -3.0669354625646522e-01	   1.2063239629752157e-01	  -2.0542706575644587e-01	  -1.5556898560731958e-01	   4.7440753206438291e-01	   3.9324233809180494e-02	  -1.3513326691397934e-01	  -1.0034966216812839e-01	  -1.7117903712657956e-01	  -1.6952954638446932e-01	  -1.5762443051411895e-01	  -3.1723488426714064e-01	  -7.8021625114622989e-02	   1.3012585107215049e-01	  -2.1915904442193845e-01	  -2.0562051862124231e-01	   1.0402655219544284e-01	   8.7673027062758535e-02	  -1.8140010735860229e-01	  -4.0515939079493635e-01	  -2.7850528288491261e-01	
   7.3707701168351947e-01	   3.1263526075242992e-01	   3.6616441424831470e-01	   5.2296044223316691e-02	   2.6596475276708220e-01	   1.4080590991037273e-01	   4.7136108516298303e-01	   6.6806005008621860e-01	   4.5050425137085837e-01	   3.1792285742177490e-01	   6.6422787386008753e-01	   0.0000000000000000e+00	   7.5152407247145503e-01	   7.0525509056181535e-01	   4.2532611896294076e-01	   4.8486997450702424e-01	   4.7433265957830884e-01	   3.5309857120535615e-01	   7.0321636211927607e-01	   5.9776073536818819e-01	   1.3367182905917777e-01	   1.4746217580450610e-01	   2.0958196385747557e-01	   1.8261980145790377e-01	  -2.1353961071199368e-01	  -2.3141102148965348e-01	   1.6219209839516449e-01	   3.1670090482121738e-01	   3.7924469167589397e-01	   6.2859959770710683e-01	  -2.1135108600733177e-01	  -1.8782840468594986e-01	   2.8400207591121762e-01	   3.8658793557449711e-01	  -1.6636501454185632e-01	  -2.3682154043939335e-01	  -1.3000007279784681e-01	  -5.8117322577484719e-02	   3.6059636298226602e-02	   1.6380291011619610e-01	   1.1088855215094626e-01	  -1.8479982875028217e-01	   1.3139079471694867e-01	   3.1767434678420227e-02	   7.3339469392501022e-02	   1.1198634775785440e-01	   1.8379626236123443e-02	   2.1993582743141130e-02	   1.4939609634302045e-01	   2.0172749954106967e-01	   3.0664637894148467e-01	   3.8545554620993472e-01	   2.9643182852352274e-03	   1.6655616275042850e-01	   3.3045041608426562e-01	   2.1166319378056395e-01	   6.5574343699443716e-01	   7.0883180647546595e-01	   3.3647673730952915e-01	   3.3437538854007320e-01	   5.6958003671635082e-01	   1.5862090809955581e-01	   6.2429445835170494e-01	   3.2942004933182067e-01	   3.6480714949253989e-01	   8.5521956908323343e-02	  -1.0731592106445065e-01	  -1.1323474960774965e-01	   3.9931543616275411e-01	   4.8746151401660015e-01	  -9.4319460944396152e-02	   1.2980083659995206e-01	  -6.7713818085007732e-02	   7.2648526104748826e-02	  -1.4886694285717667e-01	  -8.2555736009555125e-02	   2.4067527209825573e-01	   3.1546759550145509e-01	   2.9672973664260954e-01	   2.1104799813965053e-01	   2.4459175245788500e-01	   2.4452576631533390e-01	   2.2169544579267864e-01	   2.3318132076081158e-01	   4.3571194892667892e-01	   4.7487826335280203e-01	   1.0312237624528989e-01	   2.2751538329070664e-01	   3.6541947088851212e-01	   2.3560442701115103e-01	  -8.0792642879313786e-02	   2.0605684316265299e-01	   2.7171217330818009e-01	   3.1485941233332959e-01	  -9.9016016669742440e-02	  -1.3305912530475206e-01	  -1.0397526168678170e-01	  -2.2031383750924433e-01	  -1.6662585967956975e-01	   1.7219554197889581e-01	   2.7737953719736563e-01	  -3.7187732780619528e-02	  -2.6920834991924059e-01	  -1.5533597366907045e-01	  -1.8581915654986952e-01	  -1.7623107946307998e-01	  -1.7383269875675977e-01	  -1.5973001003231974e-01	   3.8398354451963296e-02	  -2.8002847054117969e-01	  -2.3275295578371841e-01	  -2.4300674402635519e-01	   1.3262230713998460e-01	  -1.7117488453813751e-01	  -1.4348564901994651e-01	  -1.8311703415027819e-01	
   8.4403106998443156e-01	   3.3594465792090267e-01	   6.0309639695040851e-01	  -5.5026946814415499e-04	   3.1903516186950481e-01	  -3.8691698205140538e-03	   6.4147170784066221e-01	   4.9612201641871789e-01	   5.4039037901350884e-01	   2.1459806135336376e-01	   8.7533996281327997e-01	   7.5152407247145503e-01	   0.0000000000000000e+00	   6.9740743724544685e-01	   5.7003948221754785e-01	   4.7102512356636994e-01	   3.7250064659766530e-01	   3.9754877177810249e-01	   7.0071487486649109e-01	   5.2932101676697851e-01	   5.9566596682931863e-02	  -2.7696025254661349e-03	   1.8252278708262296e-01	   1.5696908929103720e-01	  -2.7087032897674868e-01	  -3.7102976834062124e-01	   2.0229268977091491e-01	   3.2441682368240898e-01	   5.0663852768736295e-01	   4.7005787052306824e-01	  -2.8922509512136996e-01	  -2.6181745523744454e-01	   9.7841528279331930e-02	   1.3490467550081314e-01	  -2.5251336938365909e-01	  -3.3669733843689920e-01	  -1.1556856312067185e-01	  -1.0886536918059608e-01	   9.9165743483441107e-02	   6.2263218604227663e-02	   2.3080785654655628e-01	  -2.3696329662911061e-01	  -4.1152307014171191e-02	  -1.0562954100662371e-01	  -1.9883916164901892e-02	  -1.3317226963317906e-02	  -4.2899071566259085e-02	   1.7396774975718393e-01	  -5.8127189239412347e-02	  -1.0309901353523673e-01	   4.9861725334923480e-03	   5.2407139589995343e-02	  -1.7891445769663042e-01	   3.8850331922302273e-01	   3.5756151209066656e-01	   3.7456566577258343e-01	   6.9255866483294937e-01	   5.9919312235944844e-01	   1.7173049866872256e-01	  -7.6148425681693143e-04	   7.4990170826675584e-01	   6.3071965493717585e-04	   7.4209694759432376e-01	   2.5450985384399916e-01	   4.9006823050464510e-01	  -4.4828766562997169e-02	  -1.5480874430573416e-01	  -2.0301177317945798e-01	   4.2230860704037287e-01	   4.2990888639284974e-01	   2.6500271211264276e-01	   6.0349290720292700e-02	   5.9287738708800580e-02	  -1.1519324304952498e-01	  -1.5522966728056430e-02	  -1.2873763736968452e-01	   2.1434453569757334e-01	   2.0747191504592055e-01	   3.2823273204686682e-01	   2.6625617073632668e-01	   3.4669069837549948e-01	   2.9998932447527371e-01	   1.9074664207174560e-01	   3.8998622134235572e-01	   5.2462251645226643e-01	   3.1189658146379368e-01	   2.1373451731026177e-01	   3.6403354889202633e-01	   3.2774708112411938e-01	   3.4070318912064568e-01	  -2.6387455660830778e-01	   3.6835199693308340e-01	   1.7856879235333081e-01	   5.0218583414708862e-01	  -2.2810109738773798e-01	  -3.2009218821724672e-01	   3.5777531300748136e-02	  -1.6319165905805261e-01	  -1.6363528454877713e-01	   4.4447560621874976e-01	   7.4781095809081377e-02	  -1.3731232838831009e-01	  -1.9432249102720137e-01	  -1.5270520403379853e-01	  -2.8090095023529860e-01	  -2.9303617457278641e-01	  -3.5117202497065891e-01	  -4.7021878050762217e-02	   1.1628106236895742e-01	  -2.7716965868672738e-01	  -8.0492611225827376e-02	   1.8330356607143820e-02	   1.9722823572946963e-01	  -2.0709077829943237e-01	  -4.6472286355095355e-01	  -4.6880530381684099e-01	
