   0.0000000000000000e+00	   8.2902572941298303e-01	   5.8893034169090064e-01	   4.5408990224795232e-01	   5.0010503373068216e-01	   3.3816509861061805e-01	   6.3312657064776123e-01	   5.3198053224582453e-01	   5.0826702288657433e-01	   3.5748011464622298e-01	   7.7831677410293920e-01	   6.6927587562951363e-01	   6.4638203679122763e-01	   7.1689873173253771e-01	   5.1378171823167063e-01	   4.6786263516420545e-01	   6.2385526111911038e-01	   5.2227166273286696e-01	   7.7020005167865158e-01	   6.5519148991576692e-01	   4.5341227953319829e-01	   1.2088835954401285e-01	   3.7987332175375232e-01	   2.5257837361356972e-01	   1.8564092361012549e-01	   6.1261817755903149e-02	   2.5405116731898303e-01	   6.3625818677221363e-02	   4.2798171969048615e-01	   3.4653205947589916e-01	   3.4314115478196083e-01	   2.1871795576460512e-01	   6.6630863854852973e-01	   6.1664382573508691e-01	   2.4773547353892095e-01	   3.6623353105383311e-01	   9.5785021356970951e-02	  -2.9209161487727148e-02	   2.2424965390409693e-01	   1.4187879016671268e-01	   3.6305126102234614e-01	   1.8100189886365084e-01	   2.6987380834010177e-01	   1.9987021073419176e-01	   3.5366795288424979e-01	   2.8420230888812770e-01	   4.7918231505344266e-01	   4.1843236774836390e-01	   5.1948847411092869e-01	   3.9525469336956021e-01	   4.1514593566885871e-01	   3.2313909497933091e-01	   5.3058834514621545e-01	   3.3384116540506470e-01	   4.9350939709106700e-01	   2.8779116959990225e-01	   7.4260254993772035e-01	   8.1061980177105530e-01	   7.1295041509132318e-01	   6.2472032877860872e-01	   5.8418557947979011e-01	   5.1380840020601004e-01	   5.6240847495344004e-01	   6.2931178470560156e-01	   2.1239597289317591e-01	   3.6891011480317970e-01	   4.9942269004208406e-01	   2.9658725925279100e-01	   6.2699456999843006e-01	   6.2563498710715504e-01	   4.5793428426980964e-01	   2.6366915415690539e-01	   4.0797221979074838e-01	   3.9368501109343923e-01	   5.4421966483786055e-01	   2.4543771867032399e-01	   4.8845591465441696e-01	   5.2516043837535431e-01	   3.0789747378471283e-01	   5.4339402325639541e-01	   2.8651323328669309e-01	   4.4122681201337355e-01	   3.1702219579516022e-01	   2.3460140743526958e-01	   3.1126630237747899e-01	   2.6846358295504791e-01	   6.3017871866398775e-02	  -4.6846187385354274e-02	   4.7994037317159466e-01	   3.8375178265286713e-01	   4.1638626729150702e-01	   3.1771482850363303e-01	   1.0668867788521970e-01	   1.2928722477126875e-01	   2.6346889406956936e-01	  -1.5772497613844277e-01	   4.0396318126907321e-01	   1.9498019116421633e-01	   5.3583353948300783e-01	   5.8993591430755610e-01	  -1.9070458941159280e-01	  -1.2140130927060774e-01	   4.7409147070860122e-02	  -1.5092013918085043e-01	   2.2360711117290388e-01	   3.6889289672497813e-02	   1.1767935306809019e-01	   2.0800681470790183e-01	   4.5509964467651209e-01	   9.1518477605953219e-02	   1.7825079334305861e-02	   6.3377715414301594e-01	   4.6047136094963381e-01	   4.7692134836179578e-01	   1.6745336656327239e-01	   2.0448351290034972e-01	
   8.2902572941298303e-01	   0.0000000000000000e+00	   5.0732393801715892e-01	   5.1258735429141389e-01	   5.1225110439272670e-01	   9.0795659697703937e-02	   4.0326130996718224e-01	   4.9553820562363715e-01	   4.0200706460171232e-01	   2.1578950050313883e-01	   6.2006216878759268e-01	   6.8349364972248483e-01	   5.8723742205713991e-01	   6.7701278777057794e-01	   5.7670396677286595e-01	   6.0549238750736811e-01	   6.2758306752840431e-01	   6.2220710909166654e-01	   6.6643374174474135e-01	   7.4384264237321807e-01	   4.4402641494776468e-01	   2.2740359462535975e-01	   5.8519969949254846e-01	   4.9153310715002851e-01	   4.7972727500819340e-01	   3.5887604469754381e-01	   3.4232711818809186e-01	   6.7467785514246495e-02	   4.6869366292650377e-01	   4.9782006825631231e-01	   4.6057164943060452e-01	   3.1933294470985940e-01	   7.1687731613248307e-01	   6.5383623233749233e-01	   3.6580370876376328e-01	   4.2053189467620039e-01	   3.2480977888757162e-01	   2.7793738715127642e-01	   4.7318916233995018e-01	   4.2091408074456715e-01	   5.4308130895487428e-01	   4.0115386687436733e-01	   5.7177125976699072e-01	   4.7967503600819039e-01	   5.8322217705853596e-01	   4.3431548227560496e-01	   6.9772529715672449e-01	   6.5321633634647436e-01	   5.8495408762470169e-01	   4.9291917748615444e-01	   6.4066208167432859e-01	   5.2911638256388560e-01	   7.0588113799811036e-01	   6.5517072101130513e-01	   7.1353690904786460e-01	   6.0871131077018892e-01	   6.1078549509247770e-01	   7.0182557367460963e-01	   6.3346155861543263e-01	   6.4062721338738937e-01	   3.9950030270124248e-01	   3.8617834572808279e-01	   5.5996411221753872e-01	   5.8308781103247709e-01	   3.2296671276564781e-01	   4.4959923765679649e-01	   5.8657364906414433e-01	   4.5228421239279587e-01	   5.8154799598347084e-01	   6.3085987025745938e-01	   4.7443428916000474e-01	   4.7380910480087413e-01	   4.6705083444024653e-01	   5.6212185365681044e-01	   4.9731811674007137e-01	   3.4129676409990412e-01	   5.8510571799172117e-01	   7.1006028681176381e-01	   4.1233433847469259e-01	   6.6450753006264263e-01	   5.1425064313812663e-01	   6.2842161005139052e-01	   6.4813211330623977e-01	   5.7638280092790994e-01	   5.7814464449965497e-01	   5.7092987531637263e-01	   4.4778338660444239e-01	   2.7795014725240069e-01	   5.8322048924294756e-01	   5.8006241779941892e-01	   4.1244734379587400e-01	   3.2054178921403520e-01	   6.4823827205822498e-02	   1.5566428855648484e-01	   2.4723303527169049e-01	   2.3486067267156541e-01	   6.0653309467569105e-01	   3.8468122731531612e-01	   5.7458323478616946e-01	   6.6292831606599090e-01	  -2.8714626621112105e-01	  -1.6726024631123257e-02	  -2.1903569972591680e-01	  -5.1761479176635095e-02	   1.0945204344120316e-01	   2.1021972815267416e-02	   5.1463201413461793e-02	  -6.8611701686953769e-02	   1.8959960123238367e-01	   2.3718458310905882e-01	   2.5331702191925987e-01	   5.0601519744268231e-01	   3.8344209694855447e-01	   3.1849470114332329e-01	   2.8689490991756139e-01	   8.0323309273911070e-02	
   5.8893034169090064e-01	   5.0732393801715892e-01	   0.0000000000000000e+00	   5.0306658698738171e-01	   7.2803471853986079e-01	   3.4388589186365925e-01	   6.8479111226377853e-01	   5.2455490823782402e-01	   6.7768574664851033e-01	   3.8146224170779341e-01	   5.7355018710857164e-01	   4.8560580104714951e-01	   7.1078538256327972e-01	   5.8419005306430438e-01	   7.0082911998501274e-01	   7.0397679704897476e-01	   4.9440238268843339e-01	   2.2798961347279584e-01	   6.8278527477537487e-01	   4.7185266646691193e-01	   5.6191744747819150e-01	   2.1889522403304373e-01	   7.4338531453878332e-01	   5.0461681493704091e-01	   5.0052206494852858e-01	   2.5999531787469071e-01	   5.0604623617479849e-01	   2.5209093870327542e-01	   3.4772745651812142e-01	   2.0928271032516116e-01	   6.0369574953555427e-01	   4.2410777798348642e-01	   6.2600786365780792e-01	   3.5928693492187846e-01	   5.5573143192722707e-01	   4.7460462309375878e-01	   1.6510405860674809e-01	   2.8082438416710792e-02	   3.2063870387300997e-01	   1.8152970410205377e-01	   2.8237558921866002e-01	   1.8814073081697358e-01	   1.5465409673218974e-01	   8.0028554902662960e-03	   2.1218004027577042e-01	   1.0437048480749461e-01	   1.9281576419341873e-01	   1.6502781086855861e-01	   3.4979776325618128e-01	   1.7076943123551244e-01	   3.3054944062894143e-01	   1.1764206215057571e-01	   1.8671974823866652e-01	   1.1876125290316569e-01	   3.3651610468747045e-01	   1.8903644125626262e-01	   5.2903049781906886e-01	   6.1518641659007012e-01	   3.7005570873263516e-01	   4.4382232771144370e-01	   4.0586079408638109e-01	   2.4939674404647605e-01	   1.4810919688049351e-01	   3.0771713455861283e-01	   5.8716859104310237e-01	   5.1079421320139329e-01	   4.5611240091514837e-01	   2.7054715446367428e-01	   4.6315432287787406e-01	   4.2571731994592227e-01	   5.1742126868507532e-01	   1.9403933768801526e-01	   3.7044709399294029e-01	   1.6262172412591977e-01	   5.2458798967485931e-01	   3.9327234377422471e-01	   5.6754908639835266e-01	   3.8573389342260944e-01	   3.2318614774748367e-01	   4.3696516272095809e-01	   3.0593065478788944e-01	   4.4816050084908837e-01	   3.4143896400798918e-01	   3.5444199581611191e-01	   5.6642616184724914e-01	   3.7067627017604887e-01	   1.9580594900348613e-01	   2.4615972310630130e-01	   6.2327518313325225e-01	   4.1978423275225901e-01	   3.7974798679210181e-01	   4.9894011733696864e-01	   2.8940848814663123e-01	   4.5526280029644633e-01	   3.0806719107673997e-01	   1.3421825318810650e-02	   3.5940797703055610e-01	   1.8591500026136135e-01	   3.3158582712803203e-01	   4.5386911360991633e-01	  -1.4665800718490135e-01	   1.7634167394545286e-01	  -5.7989485226653835e-02	  -9.9483954048756942e-02	   1.5283455180826458e-01	   1.1077280982133965e-01	   9.9846135113670895e-02	   1.9833295818711874e-01	   3.2084993552874586e-01	   1.5266353984046949e-01	   2.2216960116107559e-01	   5.2862830486837720e-01	   3.3996867614496623e-01	   3.3817425900244813e-01	   1.7267438662575443e-01	   1.4362095700092403e-01	
   4.5408990224795232e-01	   5.1258735429141389e-01	   5.0306658698738171e-01	   0.0000000000000000e+00	   4.0888759828236776e-01	   3.0959569950228283e-01	   2.8390241551621387e-01	   7.3273931750186527e-01	   2.7441076245296236e-01	   2.7006359649848222e-01	   3.6712897845311376e-01	   5.6735991522245688e-01	   4.1023099155351028e-01	   6.4655136888113973e-01	   3.6278082205629802e-01	   5.1818263568530665e-01	   1.7996374628225015e-01	  -6.5238115125323579e-04	   3.9803763669878595e-01	   5.6890854502221322e-01	   3.3437118596983534e-01	   3.2090819747527022e-01	   5.6710821895468733e-01	   7.3742450643608182e-01	   4.3976828997577372e-01	   5.9412432063522103e-01	   3.4756850467872252e-01	   4.6226638644928270e-01	  -1.7424303670135637e-02	   6.4789639985023767e-02	   4.9520860414559364e-01	   5.0401839272175097e-01	   6.2593081993818656e-01	   5.8326896116459603e-01	   6.0434276316510149e-01	   6.8990434440274673e-01	   1.4724875321397307e-01	   1.9910764654950897e-01	   3.8114448023855763e-01	   3.2200972192168043e-01	   1.2592571087786270e-01	   1.2541933209662515e-01	   3.3257502545422352e-01	   2.8470742948449440e-01	   3.4789418689661161e-01	   3.1206006783352203e-01	   4.3787580054878394e-01	   3.7932079249105044e-01	   4.3396933484195643e-01	   3.3537234218833079e-01	   5.0758057682354651e-01	   3.8055772609107485e-01	   4.5754257617941146e-01	   2.4924223751302083e-01	   5.5932913455698452e-01	   4.2395571111879476e-01	   1.8330986287866582e-01	   4.6247619442846216e-01	   4.5292210877167960e-01	   5.9553071408957059e-01	   2.8891431293742070e-01	   3.6652054932581246e-01	   3.7578831414871616e-01	   4.3975299266380274e-01	   2.9837082162927075e-01	   5.7566482707967259e-01	   6.8669949021658305e-01	   5.7360224541657368e-01	   4.3558876330315588e-01	   4.2377373296837323e-01	   2.7971762258090405e-01	   3.9099021775135306e-01	   1.7274819130803404e-01	   2.3163247980630475e-01	   2.9603582811274270e-01	   2.0376466285712225e-01	   4.5937478557417993e-01	   4.4728001492192293e-01	   1.6017581583651172e-01	   3.5060489466462863e-01	   4.1758988178458856e-01	   3.5259092391766711e-01	   3.5221308017850378e-01	   4.2622817400506718e-01	   5.8389868270154444e-01	   6.0545186657659233e-01	   3.7141386004857951e-01	   2.2057789274373807e-01	   6.5584460606331985e-01	   6.3063904274334015e-01	   4.6179999421327456e-01	   2.8708113904749644e-01	   2.8106134164705393e-01	   2.5668691470419663e-01	   1.8391535341478660e-01	   2.4189062987531335e-01	   5.4226987716153852e-01	   3.3422959763606480e-01	   2.5638032647297565e-01	   3.2235114394093867e-01	   8.3327595602022166e-03	   1.2662823558503097e-01	  -5.9142383131133069e-02	  -5.2860482972644091e-02	   2.1577705067546413e-01	   1.3455206943642484e-01	   1.3745629246436075e-01	   8.4493007874459208e-02	   7.9209679849182688e-02	   2.9403418499641876e-01	   2.7816943704380748e-01	   1.9886006197996123e-01	   6.5289456365839077e-02	   2.0481299296687969e-01	   4.0016226689519285e-01	   2.2385199690713539e-01	
   5.0010503373068216e-01	   5.1225110439272670e-01	   7.2803471853986079e-01	   4.0888759828236776e-01	   0.0000000000000000e+00	   5.0259895497909046e-01	   7.6437371522391562e-01	   6.3770689727591157e-01	   8.6203064012205077e-01	   6.0689415134018476e-01	   6.6559222735055124e-01	   5.7817042878206404e-01	   8.9756223909483401e-01	   5.5979851981525841e-01	   6.8247107657775530e-01	   5.8144938993343276e-01	   4.5400428456848790e-01	   2.5902411763745925e-01	   5.4329158886603701e-01	   4.2415053527121194e-01	   5.0225834133076219e-01	   1.1512102710161867e-01	   5.6332219432053177e-01	   3.5723587177714311e-01	   3.7269709124257716e-01	   2.2274821486228685e-01	   5.0506921042442965e-01	   2.9478153179598598e-01	   4.3713833043983230e-01	   3.2092171717700030e-01	   4.5696468293256576e-01	   2.8722388858079267e-01	   5.1713303595332738e-01	   4.2145489884472487e-01	   4.8621657323487921e-01	   4.4545267096971186e-01	   2.3520848053501742e-01	   3.7186508255469666e-02	   3.3079217423651980e-01	   1.1525112043781366e-01	   3.0526160988550022e-01	   1.4791889562614990e-01	   2.5000510783415564e-01	   7.8876630102211687e-02	   3.4739603680062164e-01	   2.1677474743244690e-01	   2.4380616915847100e-01	   2.1548594453892977e-01	   5.5836366061183074e-01	   2.2332447673183842e-01	   4.8492104169942496e-01	   1.7577098201504579e-01	   3.3364055606155330e-01	   3.3988895418485732e-01	   2.6221466764595930e-01	   1.6806024129422792e-01	   4.2319045104873976e-01	   4.4832992217710355e-01	   5.5252052083882175e-01	   4.0378983945328140e-01	   5.8531322006748532e-01	   4.8169795682170879e-01	  -2.0215763421407854e-02	   1.2178483399849341e-01	   7.6551724392373877e-01	   6.9509731279635523e-01	   3.9001328368563387e-01	   1.8553015058634603e-01	   5.8055573395560467e-01	   4.4786756706855124e-01	   5.1914014748101600e-01	   2.1434878724938514e-01	   3.3409139751210182e-01	   1.7275516200657567e-01	   4.8247521684081313e-01	   2.9591495385965716e-01	   6.1533112657483946e-01	   3.2550438331331233e-01	   4.4872148827827474e-01	   4.9811021277264012e-01	   4.6473883661923127e-01	   5.7148554576443600e-01	   3.9247171100004419e-01	   4.0300960583619128e-01	   5.0016422102850977e-01	   3.7070536107550056e-01	   2.9629206568999145e-01	   2.2533643410416354e-01	   6.1764345409283439e-01	   4.8822364416185737e-01	   5.0746330987838006e-01	   5.3502896997597615e-01	   3.6717061919289495e-01	   5.6992891374823818e-01	   3.0240851514494366e-01	   8.7147284420885762e-02	   4.0167111724285126e-01	   1.6922589702831900e-01	   3.7258896537947978e-01	   4.2625661755931687e-01	   4.0502528252276945e-02	   2.4007143022896837e-01	  -1.3063921152065805e-01	   8.5855332310643094e-03	   1.1474323605547010e-02	   1.1052366082968648e-01	   4.7555660753633482e-02	   1.3234336344366085e-01	   1.3495036584233469e-01	   2.5500279560197070e-01	   2.4107657605416116e-01	   4.0048904216370462e-01	   4.7813221990487526e-01	   4.6314670410283454e-01	   2.6947942605313735e-01	   2.4281695049586008e-02	
   3.3816509861061805e-01	   9.0795659697703937e-02	   3.4388589186365925e-01	   3.0959569950228283e-01	   5.0259895497909046e-01	   0.0000000000000000e+00	   6.3804440724960609e-01	   6.2534445295238295e-01	   5.9549099389432625e-01	   6.9863358930529351e-01	   4.4463857481359093e-01	   3.6638444181873192e-01	   5.2322936561086020e-01	   4.6258497850964553e-01	   3.6290111920407048e-01	   2.5827834386738163e-01	   2.7119226095222360e-01	   6.6622980135468371e-02	   2.2418158124976509e-01	   1.8059622876777826e-01	   3.7972406173907558e-01	   2.1921035818670004e-01	   2.7401622030716527e-02	   3.1615213419618836e-02	  -1.1737843322747336e-01	  -4.1285936622102185e-02	   9.2889067863163644e-02	   3.8118961688096364e-01	   3.1200095577130410e-01	   2.3218144662179052e-01	   2.3329849976924533e-01	   2.6566954259974374e-01	   4.1708265856591964e-01	   4.4841643870744530e-01	   3.3299660091295791e-01	   3.8028416968065931e-01	   1.8158147912192446e-01	   3.5102375336641795e-03	   1.2448953393818241e-01	   8.0336635264630391e-02	   1.4608198798963198e-01	   1.1195276244649444e-01	  -3.7928658473540926e-02	  -7.0357222845061060e-02	   1.2449205288862891e-01	   2.1988591260937018e-01	   3.3806074889434823e-02	   6.0282573730935651e-02	   3.6997520486250129e-01	   1.7156591947405725e-01	   2.0384568199791994e-01	   6.5616261105406998e-02	   1.0851315252838788e-01	   8.9195959939313341e-02	   4.9796548028412969e-02	  -7.0910188602701124e-02	   3.4310051726831758e-01	   3.6879235762771168e-01	   3.9097129186508006e-01	   2.3982482967177352e-01	   4.4771725972436954e-01	   5.5641993966680681e-01	  -1.4200043299507210e-02	   2.1219390290824279e-02	   3.2807312560159535e-01	   4.2998257622272801e-01	   1.8262915211692637e-01	   9.8137285508855504e-02	   3.7813616654799975e-01	   1.5608549143905059e-01	   4.8624946980575323e-01	   2.5158505009579285e-01	   3.9874121124381079e-01	   2.0116847488301215e-01	   4.1281998088455096e-01	   3.1691734595129756e-01	   3.6876673948671579e-01	   9.4438819251834144e-02	   2.2183865184322982e-01	   1.7679199802427137e-01	   2.5666407983003514e-01	   2.2533779849135074e-01	  -6.9375470668675790e-02	  -2.6812211244389657e-02	   7.8771304281878118e-02	   7.9670931741529782e-02	  -3.5696048947759948e-02	  -1.1244440787365215e-01	   3.5608609210928754e-01	   2.0135704101823546e-01	   5.2124955508975179e-01	   3.8988341353104655e-01	   4.7711473827508011e-01	   4.6727466074893842e-01	   3.0656827958375282e-01	  -1.6834851278506005e-01	   2.3385668503012111e-01	   1.5533753147224419e-01	   3.1250743788499297e-01	   2.2027363153481355e-01	   4.1605105460100583e-01	   3.0280488656290777e-01	   2.2992898065651365e-01	   1.5232812364741843e-01	   4.8580994559242779e-02	   3.5682500169611372e-02	   1.1110627373577456e-01	   2.1354194219514749e-01	   2.0403535579047061e-01	   4.0594438210252815e-01	   4.3641954658760578e-02	   2.9121083170663858e-01	   2.8560661770521556e-01	   5.1112142304746966e-01	   2.9019404943378213e-01	   9.5743736929877865e-02	
   6.3312657064776123e-01	   4.0326130996718224e-01	   6.8479111226377853e-01	   2.8390241551621387e-01	   7.6437371522391562e-01	   6.3804440724960609e-01	   0.0000000000000000e+00	   6.7551196259058299e-01	   8.8473193363855696e-01	   6.9553368391724146e-01	   7.0592272356656471e-01	   5.1875705919955895e-01	   7.5404492740486573e-01	   5.7149575343614423e-01	   5.0336117390538115e-01	   3.8090918133374030e-01	   4.5532803865274607e-01	   1.9796474292706423e-01	   6.1774615941664979e-01	   3.8672316063797252e-01	   3.7369869839045250e-01	  -2.8845469438559986e-02	   2.6049613738070987e-01	   7.1349703352583602e-02	  -9.4546999258340349e-03	  -1.2709441407856756e-01	   2.0900766269197799e-01	   1.6346468949734111e-01	   3.3284604418659114e-01	   2.0917312700865615e-01	   2.2037118788122123e-01	   1.2963246879621559e-01	   4.8134953960543470e-01	   4.3917144499514438e-01	   2.9891772789197291e-01	   2.8903078102854562e-01	   5.6768334507083231e-03	  -2.1784916262156093e-01	   1.6549396706183217e-02	  -9.2677207266805978e-02	   9.5649008645025041e-02	   2.0622311887289108e-02	   1.1928740501819652e-02	  -9.8198255819715877e-02	   1.4011779228787979e-01	   1.3280855284804816e-01	   8.4939612123151251e-02	   9.6477220286122822e-02	   4.4119635383081240e-01	   1.6981650896395145e-01	   2.3540887275869032e-01	   3.9778488459027664e-02	   1.7192092355064154e-01	   1.3561751638630776e-01	   6.3156190601785692e-02	  -2.7583964660775583e-03	   5.3582780388412088e-01	   5.0942926146922685e-01	   5.9336430459723688e-01	   3.7642335734320881e-01	   7.3621830957086187e-01	   6.0984967351396502e-01	   1.0556741491246213e-01	   1.8100554470991781e-01	   5.6441584092601182e-01	   5.0476544948132918e-01	   2.7363083307739322e-01	   6.7384348120962889e-02	   4.8634023284820016e-01	   4.4569137993271374e-01	   4.2800378117983073e-01	  -5.5701170895917831e-03	   3.4312286432796124e-01	   1.2931200534773940e-01	   5.9604300442204106e-01	   2.4351191792391080e-01	   3.6766993640435552e-01	   1.2105282141813833e-01	   1.6196814097684276e-01	   2.7910072407905623e-01	   1.4329423523541449e-01	   3.2808055685085474e-01	   1.6888977397258278e-02	   2.5082277612972322e-02	   1.4083400630366272e-01	   5.6645881971399109e-02	  -8.9073785470186795e-02	  -9.1324704385847305e-02	   4.6237479922198355e-01	   2.6083410626266584e-01	   4.9576265824411536e-01	   5.0705471109823375e-01	   3.6751940704810304e-01	   4.3317285129799515e-01	   1.6284843488105616e-01	  -3.0783261904094406e-01	   2.2816666040468728e-01	   1.3240176689262965e-02	   3.8048278016420023e-01	   4.0095615494184533e-01	   8.4912673333046390e-02	   1.6259784150898526e-01	   9.5214970224587719e-02	   9.6374922543895611e-02	   1.0401177617235191e-01	   1.0220326915537147e-01	   2.1071111810241716e-01	   3.6493072541806226e-01	   2.5242537714705793e-01	   1.2954077402379779e-01	   1.0896521745421110e-01	   4.7761174810109214e-01	   4.2970546913249136e-01	   5.9029273499278134e-01	   2.1357552471558217e-01	   9.6141773550940141e-02	
   5.3198053224582453e-01	   4.9553820562363715e-01	   5.2455490823782402e-01	   7.3273931750186527e-01	   6.3770689727591157e-01	   6.2534445295238295e-01	   6.7551196259058299e-01	   0.0000000000000000e+00	   6.8112520143735544e-01	   6.9357726700150124e-01	   5.7544891668456188e-01	   7.2563134586837141e-01	   6.2252098549497092e-01	   7.2363937909187070e-01	   4.4587586570796167e-01	   4.9566214223414196e-01	   3.7980057975683645e-01	   1.0450030881045257e-01	   5.2421917129071627e-01	   5.8817375456945520e-01	   3.6477510154576487e-01	   1.8054780207521309e-01	   3.9645249213285605e-01	   4.6597696213414358e-01	   1.8111079605473371e-01	   2.7991920590408170e-01	   2.1847146224153258e-01	   3.4472926026799389e-01	   2.0304602384375406e-01	   2.8085978056831029e-01	   4.3461907104323849e-01	   5.1145812155862902e-01	   6.6051568898535939e-01	   7.0009481232551252e-01	   5.4105627626873731e-01	   5.9606325141720073e-01	   6.6498661016777150e-02	   9.0239355152523393e-04	   1.8181299435457640e-01	   1.2991305904014716e-01	   1.5206822001340545e-01	   1.1604913756644895e-01	   2.9141115190999273e-01	   1.9966199232042575e-01	   3.9879616950028707e-01	   3.9612845532875418e-01	   3.7025348837717398e-01	   3.6128160677498905e-01	   5.5899900919039192e-01	   3.1940387673163234e-01	   5.2398601492427543e-01	   2.9430150750414485e-01	   4.5378758133809838e-01	   3.5967031796092158e-01	   3.4034360700533717e-01	   2.7518631353546719e-01	   3.6458632960109283e-01	   5.5997673480220578e-01	   6.1875653250516738e-01	   5.7678078487583373e-01	   6.2129360154397206e-01	   7.2641824883593586e-01	   3.1167051279963487e-01	   3.2173263215212633e-01	   4.7957120320241209e-01	   7.2792264803657503e-01	   5.5906821553490804e-01	   4.5654785424991173e-01	   5.4818940723247167e-01	   4.9386829770148932e-01	   4.0843523832651274e-01	   3.5602784889799777e-01	   3.5737003752706187e-01	   3.0411850074048907e-01	   5.2892284201383932e-01	   3.4822702728241350e-01	   3.9027464797235423e-01	   3.7279044779889692e-01	   2.4855466430530199e-01	   4.0795727574248719e-01	   4.6620769986368527e-01	   4.6679239788603299e-01	   2.1219768576658360e-01	   3.3513555889085356e-01	   4.2021711494304598e-01	   4.8192802144159264e-01	   1.7442005882592745e-01	   1.1949905165581040e-01	   6.4386335445473419e-01	   5.6157116221267100e-01	   6.3805059087766491e-01	   4.0521168329114382e-01	   4.1306391998476022e-01	   3.7457587181810381e-01	   1.0841366888046403e-01	  -9.5573916372457806e-03	   4.5847461137997048e-01	   2.4645214060770890e-01	   4.3498327956535110e-01	   4.4292858787059242e-01	   1.8705858023580135e-01	   1.5309258886814339e-01	   1.4103829231863006e-02	   2.7967732156590108e-02	   1.1031899585659653e-01	   8.2472965781155538e-02	   2.4257314314195758e-01	   1.6434547343936370e-01	   1.0838041230698556e-01	   2.8010570774969212e-01	   2.1326787288161814e-01	   3.3236286848987556e-01	   3.4530821393993627e-01	   5.5539082279462770e-01	   4.7097460753687465e-01	   2.0280247457937914e-01	
   5.0826702288657433e-01	   4.0200706460171232e-01	   6.7768574664851033e-01	   2.7441076245296236e-01	   8.6203064012205077e-01	   5.9549099389432625e-01	   8.8473193363855696e-01	   6.8112520143735544e-01	   0.0000000000000000e+00	   7.7131112336148866e-01	   7.4775326467727055e-01	   5.6982299559724314e-01	   8.4345568452014430e-01	   5.6001131248508640e-01	   6.2363859087206186e-01	   4.7382219590093899e-01	   5.4329509086611671e-01	   2.4659170496592214e-01	   5.9369959169677611e-01	   3.8590362240607329e-01	   3.2546374078562568e-01	  -1.2133995003344358e-01	   3.6196581434875030e-01	   1.4841563998897478e-01	   6.3710524973445926e-02	  -8.4621830389838476e-02	   1.7281271453264332e-01	   7.6451636576019139e-02	   4.7065999799227709e-01	   3.2412681434405777e-01	   3.6522252379561698e-01	   2.4805641826217451e-01	   5.0481661585288251e-01	   4.6201050070480876e-01	   3.1979643214123143e-01	   2.7547034247266944e-01	   4.2901280561211945e-02	  -1.2604338926199704e-01	   9.9112098553287883e-02	  -4.4312562435951261e-02	   1.7334708589750097e-01	   6.7487227453500082e-02	   4.6027941107938293e-02	  -9.3699276656371511e-02	   1.6585066616208544e-01	   1.1476690994993399e-01	   4.8692256509067972e-02	   8.4232911619961381e-02	   4.4971774019297717e-01	   1.1102790253485785e-01	   2.6886480956301423e-01	   2.0771249414659722e-02	   1.7259551434934889e-01	   2.3251641197311096e-01	   4.8985801681444618e-02	  -1.0529489716658000e-02	   4.9320902712193365e-01	   4.6996410598558586e-01	   5.4639914502681264e-01	   3.7209355164657132e-01	   7.1206471611476396e-01	   6.3443615285576538e-01	  -1.4591205601275503e-02	   6.8423819254136556e-02	   6.7367587985458888e-01	   6.3904425365580231e-01	   2.0723590785595952e-01	   2.9343093491335372e-02	   6.1953257349576063e-01	   4.3505783251274821e-01	   4.6374407302298470e-01	   1.4087634171839702e-01	   4.2772961840920931e-01	   2.2804951287297950e-01	   6.0055916553879429e-01	   4.1568538615161726e-01	   4.7499457573608317e-01	   2.2028447842066656e-01	   3.8207764053167970e-01	   4.6510026572393781e-01	   3.4585135483961560e-01	   4.6263767361794217e-01	   1.5809273690581993e-01	   1.6472537790012876e-01	   2.5403138483237131e-01	   1.4303080686460690e-01	   2.3362552840688965e-02	  -5.0584059992940245e-03	   5.6231085465818276e-01	   3.9330136508608615e-01	   5.2725706632638492e-01	   5.6069594559680525e-01	   4.2603032660496698e-01	   5.5839279437119238e-01	   1.8530391978848265e-01	  -9.6726621522685879e-02	   2.3228765096043730e-01	   8.3728720589535288e-02	   3.9115769430124037e-01	   3.7389135221293618e-01	   1.2763082012069199e-01	   2.6730726853739817e-01	  -7.4266704478654147e-02	   6.7910832164872884e-02	  -2.5286153065718200e-02	   9.1163558630672867e-02	   4.4534591498082338e-02	   2.1105552002088462e-01	   2.2753976668816664e-01	   2.7213711211579744e-01	   1.4867411778022749e-01	   4.2983194623774335e-01	   5.0156658103524931e-01	   5.7980623732744863e-01	   2.5480737135556181e-01	   8.6114041796992696e-02	
   3.5748011464622298e-01	   2.1578950050313883e-01	   3.8146224170779341e-01	   2.7006359649848222e-01	   6.0689415134018476e-01	   6.9863358930529351e-01	   6.9553368391724146e-01	   6.9357726700150124e-01	   7.7131112336148866e-01	   0.0000000000000000e+00	   5.4806654975189961e-01	   5.4438350941927482e-01	   6.2211736162276132e-01	   5.4275995761441254e-01	   3.4491621061157290e-01	   3.4534543749548940e-01	   3.0470051214106569e-01	   8.2445911931564975e-02	   3.4271215253035592e-01	   2.7415903581482604e-01	   2.6500125369175265e-01	  -1.3479867133930343e-01	   1.5251437171666615e-01	   1.1202226125469002e-01	  -7.6908643790571982e-02	  -2.4288161518602837e-02	   4.1054125157934121e-02	   5.2544705247994518e-02	   1.7789426830689192e-01	   1.6520425102117012e-01	   2.6208681915668008e-01	   1.9364573446447803e-01	   3.1821277865551389e-01	   3.6112319991962205e-01	   3.0344724751180913e-01	   1.9737065525792541e-01	  -1.1150001478453395e-02	  -2.5187093967037677e-01	  -1.3055637533706071e-01	  -1.6564093124670690e-01	  -3.3522513337510371e-02	  -4.5460507837340611e-02	  -8.3408963975840925e-02	  -1.5787907183238295e-01	   4.4211076122049206e-02	   9.7249678315634247e-02	  -4.2841002264119521e-02	  -1.5303499764782836e-02	   4.3964296089985216e-01	   1.6522910315686884e-01	   2.0083613949570561e-01	   6.6021691806514723e-02	   1.8148438723035226e-01	   1.1333383812141276e-01	  -9.4763749757823187e-02	  -1.8857660428509854e-01	   3.8360379386890947e-01	   3.5147142752393923e-01	   4.9296072538839164e-01	   3.5806271416489655e-01	   5.4971289714915872e-01	   7.1045825956688180e-01	  -9.1487291705476037e-02	  -1.9541300692292131e-02	   4.7566818137626993e-01	   6.1723984919857000e-01	   1.5181066183100950e-01	  -2.7362306489459028e-02	   5.1070277283712717e-01	   3.0259179394848845e-01	   3.7785472857135916e-01	   1.2818981980421151e-01	   2.1823355872415462e-01	   1.4253480151029238e-01	   4.4716165389249252e-01	   2.7218303887198791e-01	   2.2634221143054517e-01	   2.2886326263735039e-02	   2.2473866656255598e-01	   3.6494527348418931e-01	   2.8398786093247097e-01	   3.7572006505576072e-01	  -1.1721296486220031e-01	  -7.6541472588159382e-02	   1.1426330363128154e-01	   1.4003267137051517e-01	  -1.3631025943139738e-01	  -1.9389807244896864e-01	   4.3865017703047937e-01	   2.8911121752948382e-01	   5.9504441043896794e-01	   4.7522610568473067e-01	   6.0795294280128376e-01	   5.0082330818772514e-01	   2.5991641754757966e-01	  -2.6337742061240221e-01	   1.6229659471506727e-01	  -1.1280434270873371e-02	   2.8241032761230755e-01	   1.5909617474669066e-01	   2.9468663546847651e-01	   1.2165615015919928e-01	   1.5655724525213421e-02	   1.6495952274039674e-02	  -1.9284298924895138e-02	   8.3935939558652778e-02	   2.1048479342587195e-01	   1.9891246067127813e-01	   2.8148307022236108e-01	   3.4193266319551496e-01	  -3.3485685604884409e-03	   2.7300928974906052e-01	   4.0577769448792900e-01	   6.4441216775840793e-01	   2.8213696015383549e-01	   6.6636334856225388e-02	
   7.7831677410293920e-01	   6.2006216878759268e-01	   5.7355018710857164e-01	   3.6712897845311376e-01	   6.6559222735055124e-01	   4.4463857481359093e-01	   7.0592272356656471e-01	   5.7544891668456188e-01	   7.4775326467727055e-01	   5.4806654975189961e-01	   0.0000000000000000e+00	   6.9600545162644611e-01	   8.3387191192985255e-01	   7.2436355467228575e-01	   6.4129021634395622e-01	   4.5659994773075158e-01	   6.3208401428655814e-01	   4.2330427953729111e-01	   7.1847154199048480e-01	   5.9723379232672724e-01	   3.2267555316198682e-01	  -3.0741452904404859e-02	   3.8821309233059992e-01	   1.9185941533049411e-01	   7.7958696579965153e-02	  -9.1285282185679023e-02	   1.0854840501439220e-01	  -3.3127099329630955e-02	   5.8777463847357014e-01	   3.9798961290708912e-01	   3.4849795825597291e-01	   2.2418351017157745e-01	   6.0206633655065134e-01	   5.5705817643164823e-01	   2.2366202877157151e-01	   3.2753607354627157e-01	   3.8884634226064640e-02	   2.2971247341133035e-02	   2.4140597392933208e-01	   6.4518617430663644e-02	   3.0723779364913528e-01	   2.2101991793605655e-01	   1.9929998095683532e-01	   1.1497972226719577e-01	   3.1259527978642127e-01	   2.5643993538896237e-01	   3.1929992696920206e-01	   3.1763336115906438e-01	   5.7200349268335748e-01	   2.8996820009802038e-01	   3.9090267785014998e-01	   1.9544426155535627e-01	   4.2386439892510874e-01	   3.5592855437389248e-01	   3.6419175393015391e-01	   1.4227146788035594e-01	   5.6841244942592928e-01	   6.1590062531168699e-01	   6.0717635551246496e-01	   4.7911116927034464e-01	   6.6208573915474234e-01	   5.7479065457356038e-01	   3.7082180631401995e-01	   3.7887060529061234e-01	   3.9036574902445842e-01	   5.1167201741956703e-01	   3.9737970603251505e-01	   2.1751046496698018e-01	   6.2547675125765134e-01	   5.7696338599023456e-01	   5.3775866333161726e-01	   3.3225615208775139e-01	   5.0850015224642253e-01	   4.1085012435644402e-01	   6.7857188265430557e-01	   3.8980930073304942e-01	   5.5204191748543641e-01	   4.6674887031900658e-01	   4.3576027724689370e-01	   5.5635248823381356e-01	   3.4630796860671820e-01	   4.3818789714193351e-01	   2.2614483409096059e-01	   1.7734093228823827e-01	   2.6587998983212724e-01	   1.8158314358267869e-01	  -2.4958973062881362e-02	  -7.9213045758391692e-02	   4.6202713453388322e-01	   3.5609129811176299e-01	   4.0706786902965886e-01	   3.4989224254259960e-01	   1.3348270635120940e-01	   2.2934929175207081e-01	   2.5435796827746521e-01	  -9.3150920053904296e-02	   2.7437224677671390e-01	   7.4691946452192182e-02	   3.9763988022253594e-01	   5.0905920572367880e-01	  -1.2877530208450841e-01	  -2.1882005819412187e-03	  -1.5955645829706100e-01	  -1.3594451572319360e-01	  -1.1921633404781959e-02	  -7.5259432227941223e-02	   1.5034295425149203e-03	   7.3812576653358483e-02	   5.1273847067377043e-01	   1.9398258309849159e-01	  -3.5481332264458897e-02	   5.8826624401548377e-01	   5.3735524798634504e-01	   4.5017087328573818e-01	   9.0193905690968357e-02	   3.0926394833471149e-01	
   6.6927587562951363e-01	   6.8349364972248483e-01	   4.8560580104714951e-01	   5.6735991522245688e-01	   5.7817042878206404e-01	   3.6638444181873192e-01	   5.1875705919955895e-01	   7.2563134586837141e-01	   5.6982299559724314e-01	   5.4438350941927482e-01	   6.9600545162644611e-01	   0.0000000000000000e+00	   7.1374867347835991e-01	   8.2658818505574128e-01	   5.0935305084393467e-01	   5.0493728267997817e-01	   4.6429831558953349e-01	   4.5505193265972582e-01	   6.0254400682743203e-01	   7.2014366443820188e-01	   3.7837575003734492e-01	   8.0171343219601898e-02	   3.8110156731759837e-01	   3.8785698382286438e-01	   3.1956807547904054e-01	   3.0083591374188423e-01	   1.3457030756436186e-01	   9.8345517015217890e-02	   3.2797867637796280e-01	   4.6715840930705810e-01	   3.7470878780319816e-01	   3.5521265068168273e-01	   6.5001859395492390e-01	   6.4921031056245893e-01	   3.7000159738411070e-01	   4.2142219733822395e-01	   9.2112720218395602e-02	   1.3028603361699517e-01	   3.1112682692892657e-01	   2.3182993218435249e-01	   4.0066640853101076e-01	   2.7025001279602739e-01	   4.1843823812137559e-01	   3.7357213520126509e-01	   5.0336399004142851e-01	   5.3598684899656623e-01	   5.6853825825641990e-01	   5.5213080973641404e-01	   7.9664712608831523e-01	   6.3820193670011749e-01	   7.2125619918852213e-01	   6.2499779120967314e-01	   7.0942645624713918e-01	   4.8698133903002722e-01	   5.2989984895898734e-01	   3.8873500840243125e-01	   5.4396370840912645e-01	   6.7340137908963915e-01	   7.4546516168539045e-01	   7.9826275339120867e-01	   6.0856986197231810e-01	   7.1341264255754400e-01	   3.9167628675981059e-01	   5.0450157964884501e-01	   3.9862394189664618e-01	   7.2834126059832849e-01	   6.3724362671690415e-01	   5.1786208769873499e-01	   6.3064694613619487e-01	   6.7888627566620718e-01	   4.2996021656647926e-01	   3.9898463678624463e-01	   4.0587954464359582e-01	   5.0628289122679881e-01	   5.7147125636018625e-01	   4.3707022705070708e-01	   5.5066588445542142e-01	   5.8318186774936120e-01	   3.3375431515601117e-01	   4.7642969716818540e-01	   4.5180292579874826e-01	   5.1288345183161088e-01	   3.0589822277323864e-01	   3.4116125626006893e-01	   4.2310941794781320e-01	   5.6635649345154593e-01	   1.3291680589134408e-01	   1.0230890065912271e-01	   5.8385290307951709e-01	   5.6555919316159464e-01	   6.4156384724114490e-01	   3.6571481252741722e-01	   2.8455139732750201e-01	   2.8415151023520036e-01	   2.7178106932729096e-01	   4.3836035009789222e-03	   4.6793944545455518e-01	   1.8111941182919922e-01	   5.0807989796886455e-01	   5.4977976171647791e-01	  -5.8141581335885845e-02	   9.0693576619926219e-02	  -1.1299730321252854e-01	  -9.2884252138910384e-02	   2.1620031400282963e-01	   6.5228199100824710e-02	   2.6700526006681197e-01	  -6.8313763550026121e-02	   4.4826013325812541e-01	   2.6944379312104338e-01	   3.6014018587994516e-02	   5.3917709820690074e-01	   5.7982276125414856e-01	   4.7929175036377514e-01	   3.3452290146393626e-01	   3.4619619526094569e-01	
   6.4638203679122763e-01	   5.8723742205713991e-01	   7.1078538256327972e-01	   4.1023099155351028e-01	   8.9756223909483401e-01	   5.2322936561086020e-01	   7.5404492740486573e-01	   6.2252098549497092e-01	   8.4345568452014430e-01	   6.2211736162276132e-01	   8.3387191192985255e-01	   7.1374867347835991e-01	   0.0000000000000000e+00	   7.1736551492430178e-01	   7.6428980010179370e-01	   5.8152711289688352e-01	   5.5242683676676385e-01	   3.7924978914186702e-01	   6.4239533064085663e-01	   5.3319823621262241e-01	   5.0223644048935834e-01	   7.8970397375851903e-02	   5.1855990540494612e-01	   2.6576816225868632e-01	   3.2582087348867972e-01	   1.3650151049466056e-01	   3.1234791707559295e-01	   1.6169984840219542e-01	   5.4160294836183898e-01	   4.3282930534534403e-01	   4.4179051217799936e-01	   2.7622935546285698e-01	   6.0248513409675231e-01	   5.2221454429566661e-01	   4.6508174927938123e-01	   4.5664202030305046e-01	   2.6161857534131761e-01	   1.2129294462717831e-01	   3.4940489813297149e-01	   1.6973392868999887e-01	   4.1329397681118296e-01	   2.6887476925102149e-01	   2.1763824923039127e-01	   7.7758399595951516e-02	   3.8324694527370035e-01	   2.9630426370103025e-01	   2.9458862495308258e-01	   2.5244303199959472e-01	   6.5564204787920333e-01	   3.3335688645662864e-01	   5.2565188963908616e-01	   2.6462640338367138e-01	   3.8376950905613083e-01	   3.4700937360262774e-01	   3.3800266259750145e-01	   1.4302495851501712e-01	   4.7368682428099151e-01	   5.4389223627944738e-01	   5.8112731144875340e-01	   4.8402716194814588e-01	   5.9028012265107954e-01	   5.6562512331227355e-01	   1.3583336212849267e-01	   3.0336699060451777e-01	   6.3230225144506957e-01	   6.5457725314448467e-01	   4.3430219406175613e-01	   2.4170674104834561e-01	   6.3259726570731134e-01	   6.0860602163852473e-01	   6.1351673504777238e-01	   2.9343621356124883e-01	   4.4518853992327834e-01	   3.9496574423131259e-01	   6.1544009135585331e-01	   4.0040321557119996e-01	   6.8697264115207812e-01	   4.5673153269963351e-01	   4.8983845576777152e-01	   5.8704495438847926e-01	   4.9686726769011541e-01	   5.9132242392533918e-01	   3.6547346043047690e-01	   3.2811247318051368e-01	   4.4549176752285780e-01	   3.2510779163671849e-01	   1.8663304623383087e-01	   6.0215727024343413e-02	   5.9840940632558826e-01	   4.3550373663962744e-01	   5.3764134527194263e-01	   5.1144850007462139e-01	   3.1524453776458433e-01	   4.6883937908555884e-01	   3.1666547611654605e-01	   1.3120751047224793e-02	   3.7802801089794835e-01	   1.2691269352728782e-01	   3.8677608236253747e-01	   4.7328359111431562e-01	  -7.0481435662223091e-02	   1.0310548037115272e-01	  -1.3361225122495377e-01	  -1.2427987251291556e-01	   1.1668234664283300e-01	   8.0405554756328809e-02	   1.2374209090327884e-01	   1.0952208429678086e-01	   3.7346310525978627e-01	   2.8691425932333064e-01	   1.0168652587807477e-01	   5.3831949064569606e-01	   5.8181156198680262e-01	   5.2048933753831450e-01	   2.2802450870952651e-01	   1.6613122010600975e-01	
