   0.0000000000000000e+00	   7.6867767497085426e-01	   5.3154072535460173e-01	   4.6256674768682421e-01	   1.9106052362395903e-01	   1.0756358449205136e-01	   4.8645263315523424e-01	   3.0054232437140715e-01	   2.1774622146828065e-01	   1.1151489538147479e-01	   6.6046089457649559e-01	   5.4190859733489682e-01	   3.1489050134176655e-01	   4.5852939367372347e-01	   4.8106385289809750e-01	   3.2935488291070442e-01	   8.1472294352320018e-01	   8.1800671812694870e-01	   8.3209338909604824e-01	   8.0253429955561206e-01	   4.1003573767250645e-01	   3.7584414048938275e-01	   4.3097704910920387e-01	   4.2159119561254876e-01	   2.9583951810118236e-01	   2.4818967813372902e-01	   2.5247617103562792e-01	   2.4191409853254892e-01	   5.2780764293029914e-01	   4.6678065197153062e-01	   2.4985662637623618e-01	   2.2243128105265009e-01	   6.8067485551437734e-01	   6.1696084976780741e-01	   1.7877109631201349e-01	   2.0807259935752542e-01	   4.3292399321585529e-01	   4.4575651052149545e-01	   5.4467014032530692e-01	   5.2394783980775184e-01	   3.3078262907250511e-01	   2.3805291701404724e-01	   6.3966142315246133e-01	   6.4924127552870581e-01	   5.3898364435573676e-01	   5.9040849392514883e-01	   6.1106183154271221e-01	   6.4773237812120588e-01	   5.2372779986710516e-01	   6.1226298026196502e-01	   5.3682997900907514e-01	   5.2264268899647937e-01	   4.3818526593771134e-01	   5.1241178508033447e-01	   6.6461492657568400e-01	   6.2940181671140172e-01	   9.1925779232302540e-01	   7.0321695065878242e-01	   4.0004991546031926e-01	   3.4152404987826868e-01	   5.1540551114884781e-01	   3.3254599284908160e-01	   6.8152499442686565e-01	   5.2731186756567683e-01	   4.0257375306776522e-01	   4.1653269101660706e-01	   3.5594125633047702e-01	   3.6267881645081301e-01	   6.6619668842292434e-01	   2.3782556969914120e-01	   4.7295114132225646e-01	   3.4623310003400065e-01	   6.5178549613745651e-01	   4.3713764608895583e-01	   5.6812711859427634e-01	   3.2724327738629833e-01	   6.5634977935650174e-01	   4.1057187046662658e-01	   6.5982791665030238e-01	   6.2807803045469912e-01	   7.1814818691715754e-01	   7.5622389171090987e-01	   5.4888031584481889e-01	   5.0720784013920817e-01	   7.0112332799680854e-01	   7.0697680987780176e-01	   3.6527728633910062e-01	   3.0534147697419639e-01	   5.4361794094089322e-01	   7.6032319129684622e-01	   4.2443384117186816e-01	   3.2044270340938896e-01	   3.6601893082212650e-01	   3.3315628626498650e-01	   1.8232632529919959e-01	   2.9765637266167366e-01	   5.0661973175793373e-01	   6.3876303278860658e-01	   7.6366449982936757e-01	   6.0718920155881517e-01	   2.3762700340269366e-01	   3.9930749185978287e-01	   2.6413860087099889e-01	   4.2079379553989421e-01	   1.6941217663831798e-01	   7.9345263916503567e-02	  -1.9442007462533273e-01	  -1.8976258825059024e-02	   3.1784127434963960e-01	   1.9012510090279924e-01	   5.1068241363140343e-01	   6.8888928178336251e-01	   6.2926552814894432e-01	   5.7172645203414996e-01	   1.9229853231108529e-01	  -1.3975811841430302e-01	
   7.6867767497085426e-01	   0.0000000000000000e+00	   3.6137850682895567e-01	   3.5871241756241556e-01	   1.7055467928179527e-01	   6.4596929603779010e-02	   2.6349177869033569e-01	   1.9672268961661377e-01	   1.7231835391386463e-01	  -6.6069815738425686e-02	   2.9239767598365157e-01	   3.9210472688234965e-01	   1.8644181153292300e-01	   2.2082327511906785e-01	   2.6599088512244617e-01	   1.7148753212805196e-01	   4.7079848373494737e-01	   6.1728947556687952e-01	   5.1143050352116293e-01	   5.7579869010725715e-01	   1.8632305591090612e-01	   1.2367180960690780e-01	   2.6048433707183077e-01	   2.0651684974575579e-01	   2.3977358308762384e-01	   1.8794110489763222e-01	   2.3573005785744860e-01	   1.7163513125408242e-01	   1.5554837582775510e-01	   1.8343311471834045e-01	   9.0176898998543892e-02	   1.1377437944948065e-02	   6.0894231292643242e-01	   5.1768736500643930e-01	   2.9694210021702860e-01	   3.7029387726056950e-01	   2.3454785939362102e-01	   2.2856847140718139e-01	   3.5013601231840297e-01	   3.7691098471516599e-01	   1.4922316779112188e-01	   1.0370779817518949e-01	   5.0847153879843088e-01	   5.2049803768492930e-01	   5.7505915031445820e-01	   6.7529864119931204e-01	   5.0797642070558691e-01	   5.1153989855947912e-01	   5.0900589634613913e-01	   6.2859223426028299e-01	   4.4747223485064347e-01	   5.0494698100943203e-01	   3.8863183027142878e-01	   4.1161325885803024e-01	   5.3425625182548186e-01	   4.9715796229516995e-01	   8.6549715345011347e-01	   9.2862193099977075e-01	   3.9947308317298330e-01	   5.1892317989442183e-01	   5.1495973229853842e-01	   4.0133523896788637e-01	   4.5487727039997589e-01	   3.6143915897577167e-01	   3.4205229492648226e-01	   4.5018728588140133e-01	   3.4044545629737494e-01	   4.2311449431835257e-01	   5.2078104909958378e-01	   2.5115287794297891e-01	   2.1244301856511333e-01	   1.6445482369833475e-01	   3.4199885491640708e-01	   3.5765932376103338e-01	   2.6184538741338098e-01	   1.9711282077512746e-01	   4.0847313365706567e-01	   3.5452391492977803e-01	   3.5336892698447475e-01	   4.5942516091490149e-01	   4.1444752492641890e-01	   5.5535126863086459e-01	   3.6694726729230870e-01	   2.9389690677190194e-01	   5.1635286213958409e-01	   4.5723906213763371e-01	   3.8648109380065010e-01	   2.0554889690142117e-01	   5.7426557540233147e-01	   5.5906531492071654e-01	   4.3083070621053887e-01	   2.8318047422561621e-01	   3.4555883876142190e-01	   3.2953056285787186e-01	   1.3681866640959284e-01	   2.5428195605362819e-01	   4.9249636853818057e-01	   5.1156736689639748e-01	   7.0672937770141597e-01	   5.0727216844605949e-01	   2.2892021395595377e-01	   4.9204698497805938e-01	   4.6063224133886826e-01	   4.9320596458069493e-01	   3.0624663783207434e-01	   1.7948191089060742e-01	   8.5663539750415588e-02	   2.1919572614613650e-01	   2.4161589310325188e-01	   9.5969702498233736e-02	   3.3828336239995699e-01	   6.2260655868437931e-01	   5.6533033639408148e-01	   7.2483048875616696e-01	   3.3624337984312291e-01	  -6.6380312014737374e-04	
   5.3154072535460173e-01	   3.6137850682895567e-01	   0.0000000000000000e+00	   7.6788265420854285e-01	   2.1061666401995927e-01	   3.2155002072847522e-02	   9.0376684703354671e-01	   7.2105788146821836e-01	   6.3310184860532290e-02	  -6.6003092681316128e-02	   5.7553035359729721e-01	   4.0511720407901375e-01	   6.2259227378184367e-01	   5.6672424856248693e-01	   4.6272799616906246e-01	   2.3878954550302728e-01	   4.3486023437396959e-01	   4.5294033653082683e-01	   5.0280949910545236e-01	   4.8806287945011773e-01	   4.5013108431241539e-01	   3.7777993026171608e-01	   7.9244572286144399e-01	   6.5916391663351082e-01	   5.8457939215079291e-01	   4.3437054067662983e-01	   2.8888287707892152e-01	   1.9742210113571995e-01	   4.1317322246012722e-01	   4.0491503804349255e-01	   6.1036999936164105e-01	   5.2063800465853149e-01	   6.3567217608869730e-01	   5.5343476309760309e-01	   5.7768952080659031e-01	   4.3979896218640402e-01	   5.9678982185643403e-01	   5.3960018875969085e-01	   6.1099163690792868e-01	   5.4646176850406791e-01	   4.5770333904508909e-01	   5.2018806149763619e-01	   6.2757352610209605e-01	   5.0096788153657823e-01	   5.0056138374188042e-01	   4.9087516944632459e-01	   5.9750713323915894e-01	   5.2496040178933545e-01	   4.2156802717994812e-01	   4.9851035525580223e-01	   5.3619390859721461e-01	   5.2786038193400298e-01	   4.6334696603248093e-01	   3.3129634548025627e-01	   5.4401961159892309e-01	   4.7286406752455473e-01	   4.3921922035031008e-01	   3.2192599190875171e-01	   4.2194804002872560e-01	   2.3653367319588717e-01	   5.4837662756332750e-01	   3.4668025257793728e-01	   4.1588188451392255e-01	   3.5553816812035677e-01	   5.6706193604243649e-01	   5.2216804898586355e-01	   5.8569776219654424e-01	   4.8522557160103702e-01	   6.2841951777836658e-01	   1.8548388125908624e-01	   4.7253655706208630e-01	   4.5192811171112784e-01	   4.1413984302718809e-01	   4.4915042148872436e-01	   2.6607702935329758e-01	   3.1461541647668323e-01	   5.3100503378435837e-01	   4.1643838649135367e-01	   4.4908706286742306e-01	   4.6862185197529321e-01	   5.1754409705464466e-01	   5.3386897496145347e-01	   5.9463439767639670e-01	   6.1888845799024050e-01	   6.4788989614276005e-01	   5.6837180863612913e-01	   5.5325445384204963e-01	   5.4874558432738507e-01	   6.5375188953823438e-01	   5.7120560720969393e-01	   5.0869864521421271e-01	   4.0773919747108656e-01	   3.4119752142898735e-01	   2.7244226289695656e-01	   4.5762499870783574e-01	   3.2788685452577127e-01	   6.6855443751879595e-01	   5.5725931504510129e-01	   5.0108198416754712e-01	   5.3815758852274898e-01	   1.9192633339476839e-01	   4.3413506811606584e-01	   2.3441700589633965e-01	   5.5316574098112814e-01	   2.6612624032355231e-01	   3.1624017070538080e-01	  -5.9583753913909673e-02	   1.9586099562051706e-01	   3.3921958919990702e-01	   2.5404907593298887e-01	   4.2335982734857758e-01	   5.2256285152582738e-01	   3.6346278726471432e-01	   2.8202330166646034e-01	   2.9000685606482413e-01	  -1.1904010886560637e-02	
   4.6256674768682421e-01	   3.5871241756241556e-01	   7.6788265420854285e-01	   0.0000000000000000e+00	   3.3898482577732308e-01	   3.8223236922950782e-01	   8.4104887862774569e-01	   9.3486673880400040e-01	   2.2252724912801364e-01	   2.1120492861074097e-01	   5.2744750892423231e-01	   5.5610660256989697e-01	   6.7615689283285585e-01	   6.8194236683617437e-01	   5.7784485070205238e-01	   4.7169193830136130e-01	   3.0753116799379410e-01	   2.8899679092097230e-01	   4.5745595251352350e-01	   5.7332209716234250e-01	   3.4684985213141439e-01	   3.1279841906390043e-01	   5.4839437093854815e-01	   5.9772461199276949e-01	   5.2803759248769244e-01	   5.7154583136415349e-01	   3.8251610756561982e-01	   4.2841626041483266e-01	   3.4626278475751460e-01	   4.3393100441534060e-01	   6.3125777652878778e-01	   6.6643948121432528e-01	   6.4146942928764439e-01	   6.0703351736409039e-01	   6.1876045871059038e-01	   5.8014232023828682e-01	   6.2678334918251410e-01	   4.7531702916482671e-01	   5.9359400529798978e-01	   6.0007877106568119e-01	   5.8612839543675466e-01	   5.0501227670786530e-01	   5.8318882605213396e-01	   4.1879404745014570e-01	   4.6657543214404079e-01	   4.6339885567694694e-01	   5.2301005652973975e-01	   4.6100310149156709e-01	   4.3281281759856599e-01	   4.6547569144337053e-01	   5.0682047746026015e-01	   5.0263935235577062e-01	   5.2136603627439571e-01	   4.5783839503815166e-01	   5.9595918290338556e-01	   5.5410455867062680e-01	   4.2153773939027733e-01	   3.4715898381093435e-01	   5.7476631912368115e-01	   4.6951502743484075e-01	   6.3371348921429171e-01	   6.9711040164814242e-01	   4.2372505286699547e-01	   4.6555988957256800e-01	   5.9892943429238554e-01	   7.0584763987109056e-01	   6.7141516768825549e-01	   6.4586008313058740e-01	   7.5397385088906144e-01	   4.1949635556645315e-01	   3.1468491990486713e-01	   5.1050872136321801e-01	   3.1667360241799469e-01	   4.9805830067129575e-01	   2.4850159049507131e-01	   3.9157378693652412e-01	   5.6359718031247119e-01	   5.6314967991542975e-01	   3.7157321913381675e-01	   3.7085863167265876e-01	   5.2520241863780026e-01	   4.9738731713999274e-01	   6.3743112202035879e-01	   4.7216348342809267e-01	   6.4227390567338127e-01	   6.2108449515001651e-01	   5.2419113033138642e-01	   4.8115007315624025e-01	   7.3802756453023965e-01	   6.1462711446747775e-01	   6.8460399780140380e-01	   4.2852309278879169e-01	   4.4780328570676814e-01	   1.0573983395769010e-01	   4.7504151464237870e-01	   3.6771568523097509e-01	   6.6015566524467484e-01	   5.7211862908846878e-01	   5.5493017474434736e-01	   6.6620865231395676e-01	   3.4786582113672926e-01	   3.1983358730593026e-01	   3.6595759210054007e-01	   5.3909675380862998e-01	   4.0446723032240151e-01	   4.3286480058924981e-01	   1.0252002798413315e-01	   3.6442656846529042e-01	   4.0711184266575784e-01	   3.7229204373106350e-01	   3.9029839620929685e-01	   5.8183676303118592e-01	   4.8289934332706003e-01	   3.3375771935153109e-01	   4.0508452812123652e-01	   1.4604278630996070e-01	
   1.9106052362395903e-01	   1.7055467928179527e-01	   2.1061666401995927e-01	   3.3898482577732308e-01	   0.0000000000000000e+00	   8.2049510531546310e-01	   2.7455728350000452e-01	   2.5314994094178267e-01	   8.2030765116432591e-01	   5.4764468167042246e-01	   2.8620241259954926e-01	   4.0344039534220721e-01	   4.9537079303779596e-01	   3.9700932213547585e-01	   7.2975400482611863e-01	   6.5559185872112935e-01	   2.0893932662229228e-01	   2.2528267159851928e-01	   2.6818803297256671e-01	   2.7953334264166851e-01	   3.2960611602321854e-01	   2.3612147315326643e-01	   7.5547856849211212e-02	  -7.2570760491335040e-02	   6.6385048582326545e-01	   6.4601835002431041e-01	   8.1567929465244071e-01	   6.9405931077377758e-01	   3.1753064921386759e-01	   4.8610044038068684e-01	   5.0521031763626101e-01	   4.3633148840818814e-01	   4.9535825283377521e-01	   5.0253557434508511e-01	   3.7967444856033694e-01	   5.1496216057722843e-01	   3.0106316079737794e-01	   1.9913952861796885e-01	   4.1655208627558837e-01	   4.4343521335172875e-01	   4.8495367905698938e-01	   3.5631661392487235e-01	   2.8609911403275651e-01	   1.7661691909728630e-01	   3.3796748263344967e-01	   3.7074909442067228e-01	   2.2223408544571929e-01	   2.1072621855844245e-01	   3.0201699489672990e-01	   2.8282346709098433e-01	   3.2392445697739403e-01	   3.6899617243413085e-01	   4.8470226345346923e-01	   2.2477543503326475e-01	   3.6389016923147793e-01	   5.1858459394563250e-01	   2.0224659699548400e-01	   1.5834760154945399e-01	   5.8984287627948861e-01	   4.9037736371351837e-01	   4.2422425679697418e-01	   4.0926683857436691e-01	   3.8905576407991976e-01	   4.8215895083640226e-01	   2.2564496004677320e-01	   2.4584085663859698e-01	   5.1724824461366248e-01	   5.2626863080900321e-01	   5.3318080469793994e-01	   2.2621339461905524e-01	   1.7974175496278677e-01	   3.1208560590988232e-01	   2.4274228593343380e-01	   4.9724004121461485e-01	   2.3392239838858489e-01	   3.7712404606303679e-01	   2.7826858603544757e-01	   5.0082585021856807e-01	   2.0470788580868815e-01	   4.6234507247815831e-01	   5.1860350641835529e-01	   4.7353175896932020e-01	   5.7687842706952941e-01	   3.3370683453151667e-01	   3.9438643243422516e-01	   3.7171055326040303e-01	   2.5096490147014083e-01	  -7.7835382302935491e-02	   5.6834271005593984e-01	   4.2792701253413246e-01	   5.5110967558376589e-01	   5.3782479418127316e-01	   2.6529522850486242e-01	   1.8801828821162450e-01	   2.3495734662799261e-01	   3.6935244410734136e-01	   2.6985800831111173e-01	   3.1645540896231689e-01	   2.2936956331919831e-01	   5.5302984600265548e-01	   2.4524081653577279e-01	   9.6193435160231267e-02	   9.9963519145993496e-02	   5.8427989816716062e-02	   3.6750744451518957e-01	   2.1032530930544696e-01	   3.2001579458370505e-01	   1.3101738863280249e-01	   6.3733958809434083e-02	   2.1332695067322011e-01	   1.5247055834258383e-01	   3.0116764691527104e-01	   5.0269032255428714e-01	   5.3681368441458144e-01	   6.2165942442253508e-01	   2.1623559379932927e-01	
   1.0756358449205136e-01	   6.4596929603779010e-02	   3.2155002072847522e-02	   3.8223236922950782e-01	   8.2049510531546310e-01	   0.0000000000000000e+00	   2.0192716616824241e-01	   3.2675612339479010e-01	   7.6251521261212929e-01	   7.1001800876468357e-01	   2.3667861658734718e-01	   4.6699465820073788e-01	   3.6571526849612712e-01	   4.4228132509097107e-01	   6.3544827261045578e-01	   7.1812581396275799e-01	   1.0273298026123315e-01	   5.0724072690605165e-02	   2.2460822730911562e-01	   3.0393221767194523e-01	   2.6866747385414763e-01	   2.4609607808522632e-01	  -6.8163213692316621e-02	  -2.7856344603623545e-02	   4.4732352690269622e-01	   6.3909630931011685e-01	   7.1400238596212096e-01	   7.7494129753346241e-01	   2.5804820155949609e-01	   4.0464751656243952e-01	   3.9299557252320338e-01	   4.3716090708193434e-01	   4.1583900269673357e-01	   4.4308612810193104e-01	   2.3759616420935806e-01	   3.7904771484630351e-01	   2.3804906268522213e-01	   1.2092938876655836e-01	   3.0533009480521339e-01	   3.3365635947637345e-01	   4.2276289534723221e-01	   2.8197942966038431e-01	   1.2020827385441415e-01	   1.2119469574930918e-02	   1.6288216337704395e-01	   2.0561071071356346e-01	   2.8841449873327749e-02	   1.9138279358293663e-02	   1.7719862429706085e-01	   1.6357069630965848e-01	   2.3824983254323678e-01	   2.6907536264482990e-01	   3.2309747808546663e-01	   2.0405986484888131e-01	   3.1570305911210761e-01	   3.8152117202810854e-01	   8.9985552493172860e-02	   8.2151470522583675e-02	   5.0995267048898107e-01	   4.8140984971756473e-01	   3.5540047715718748e-01	   4.7760844291476767e-01	   3.0662839719661383e-01	   4.2911801834807406e-01	   1.8864266024784621e-01	   2.6366643014905866e-01	   4.2526233769119981e-01	   4.6030206744796665e-01	   4.1980099745525412e-01	   2.4352167165709626e-01	   1.2131599489278065e-01	   2.7592021291791047e-01	   1.5202687447280200e-01	   3.7300176933989826e-01	   2.0868874588379566e-01	   2.7094935678080884e-01	   2.6352864981420920e-01	   4.5386730815356036e-01	   1.3723076561013220e-01	   2.3994921943834460e-01	   3.9312450060936721e-01	   2.9234404662774960e-01	   4.3813002617651159e-01	   2.3382670706010267e-01	   2.6444919416821577e-01	   3.1654334348825347e-01	   1.3836382515006324e-01	  -3.0624682343242830e-02	   4.8554021963905847e-01	   3.6741283862874252e-01	   5.2933008163036610e-01	   4.1731257451316139e-01	   3.9276202930505866e-01	   5.7795326289268853e-02	   1.4191591767573061e-01	   3.0068168667713535e-01	   1.5229220701672791e-01	   1.7267952180442539e-01	   2.0135686293941202e-01	   4.4785618845503178e-01	   4.0130192309389079e-01	  -6.8203755502392827e-02	   1.8683133226080584e-01	  -1.3204582022613874e-02	   3.7992736781870240e-01	   2.1469639042089922e-01	   3.8963169375654927e-01	   1.6372451372088373e-01	   1.0437843185366859e-02	   1.7669788119115890e-01	   1.0756820552181437e-01	   2.1656226407218199e-01	   4.8857354252770779e-01	   4.1900911224493353e-01	   5.1018045942059509e-01	   2.7272081580880853e-01	
   4.8645263315523424e-01	   2.6349177869033569e-01	   9.0376684703354671e-01	   8.4104887862774569e-01	   2.7455728350000452e-01	   2.0192716616824241e-01	   0.0000000000000000e+00	   8.4310677850785010e-01	   1.7484853633917810e-01	   1.3329387505695267e-01	   7.0635911924162886e-01	   5.8051082956336653e-01	   7.5990068082456952e-01	   7.3328463549210343e-01	   5.7709382619717542e-01	   3.8078591257531025e-01	   3.5512398065917772e-01	   3.8295223050940774e-01	   5.2165782169741748e-01	   5.3266096744553071e-01	   4.8184950834828660e-01	   4.1537813471199808e-01	   7.1529968616858586e-01	   6.1601173811372067e-01	   5.0319135528808734e-01	   4.3715121544779378e-01	   2.7762032726959784e-01	   2.7056254238770738e-01	   4.9858577504225204e-01	   5.1172903782691770e-01	   7.1214999479939045e-01	   6.7129827772566197e-01	   6.8343770809097193e-01	   6.4915262211003977e-01	   5.5019238154333305e-01	   4.3721382983745211e-01	   5.6804279481187381e-01	   5.3594720082752234e-01	   5.9893191980685079e-01	   5.7821069801357949e-01	   5.6447677050498024e-01	   5.4005944039482945e-01	   6.0622574501480675e-01	   4.9609682883235340e-01	   5.2039638777285813e-01	   4.8546690850111962e-01	   5.8318621432478668e-01	   5.0130375119728254e-01	   4.6871527423526160e-01	   5.0173013247701215e-01	   5.3166308155719133e-01	   5.2615203944315014e-01	   4.5345663624232113e-01	   3.6129488556555983e-01	   5.4479066921611941e-01	   4.8101452515338383e-01	   3.5690439068559116e-01	   2.2696488659787917e-01	   5.1067517577789290e-01	   2.9422881714459653e-01	   6.7681971791774198e-01	   5.3993147322996848e-01	   4.8886707770176197e-01	   4.7934432758298884e-01	   5.6665248365243004e-01	   5.1647812836637430e-01	   6.4670012230523533e-01	   5.3830922637885781e-01	   6.6412748130481214e-01	   2.8560256748163870e-01	   4.4216757707165055e-01	   4.8824415028114854e-01	   4.2178658824109949e-01	   5.0218937952587517e-01	   3.2723737711063028e-01	   4.2235468489808076e-01	   5.8070282630468473e-01	   4.7333724056325682e-01	   4.4890518753309905e-01	   4.3046830519390306e-01	   5.4529444179624798e-01	   4.8390720181190938e-01	   6.2162298136860161e-01	   6.1411003927608110e-01	   6.3657614719878253e-01	   5.5211951007129179e-01	   4.7514473129551982e-01	   4.9493904020958324e-01	   6.3764431278403899e-01	   5.5976982305799305e-01	   5.1754363546153015e-01	   3.7992415745548130e-01	   3.1286254370477939e-01	   1.6458094271525220e-01	   4.2759837633447162e-01	   3.1272477336944560e-01	   6.7981638286160839e-01	   5.4887255770880294e-01	   4.9076618041568365e-01	   5.7794097003539080e-01	   2.5664751272814590e-01	   3.5287656803363637e-01	   1.9985921597317660e-01	   5.3897225100874346e-01	   3.1466119959753497e-01	   3.9732406249634894e-01	   4.8915706294554127e-02	   2.6423790087792959e-01	   3.0956140239375096e-01	   2.6665409966807407e-01	   4.3253420068365112e-01	   5.5166274664500758e-01	   4.1267569738443532e-01	   2.3327211150590943e-01	   3.3292858312409568e-01	   9.0835026867848306e-02	
   3.0054232437140715e-01	   1.9672268961661377e-01	   7.2105788146821836e-01	   9.3486673880400040e-01	   2.5314994094178267e-01	   3.2675612339479010e-01	   8.4310677850785010e-01	   0.0000000000000000e+00	   1.1792687699164417e-01	   1.8382436236914942e-01	   5.0191232734580016e-01	   5.3810525648560970e-01	   7.0284700245708520e-01	   7.2385761734203680e-01	   4.9386095780141126e-01	   4.0492524418188069e-01	   1.8202871962552786e-01	   1.5826838670418109e-01	   3.2176247534732300e-01	   4.4233875127730438e-01	   2.9352468681134242e-01	   3.0589702117855899e-01	   5.2970073223829206e-01	   5.6655586008608405e-01	   4.1186629427087385e-01	   4.7763962054956588e-01	   2.6347350851529855e-01	   3.1585138428517906e-01	   3.1187176501784358e-01	   4.1191500363246597e-01	   6.6229749035901497e-01	   7.3146381491131218e-01	   5.8061273209773134e-01	   5.9559312547650456e-01	   5.6270812314508090e-01	   5.0727241327148764e-01	   5.3866845352047621e-01	   4.2618657761408046e-01	   4.8396109894979722e-01	   5.1901203084081993e-01	   5.5192918569721117e-01	   4.9625882073113214e-01	   5.2598864472703655e-01	   3.6963917551059366e-01	   4.1787820996214575e-01	   3.9979062760924944e-01	   5.0390067645683767e-01	   3.8698182532036540e-01	   4.0861393712919458e-01	   3.8568415219638336e-01	   4.4967947629064864e-01	   4.3695522839428591e-01	   4.4273233485516045e-01	   3.7803735196555333e-01	   5.0694612705592290e-01	   4.3839987526846458e-01	   2.4083788346680673e-01	   1.7000659912286659e-01	   5.3358009461303391e-01	   4.1742150106153741e-01	   5.9582825169806386e-01	   6.7558199436744237e-01	   4.0363158373089830e-01	   4.5727901575108032e-01	   4.9567451924296885e-01	   5.9272807067036770e-01	   6.5839135110079150e-01	   6.1135337045431948e-01	   6.3666752844047680e-01	   4.0595071393346305e-01	   2.3213217811630604e-01	   4.7838474479085924e-01	   2.0466943880920732e-01	   4.6702288273415310e-01	   1.2721369387397219e-01	   3.7762069705056300e-01	   4.7649575515845000e-01	   5.1973747608243082e-01	   3.0630867753885582e-01	   2.9132981331141589e-01	   4.5557128539762326e-01	   4.0747876229026320e-01	   5.4342920694369934e-01	   4.5402445531220514e-01	   5.5826835727647239e-01	   5.1247819260535432e-01	   4.2717253492494794e-01	   4.7161654081426513e-01	   6.5176674938770263e-01	   4.4659740920069030e-01	   5.9737131664571419e-01	   2.5507530369530151e-01	   3.0883041578570408e-01	  -8.7707005893029738e-02	   5.0241847969510955e-01	   2.6096999292363054e-01	   6.4832882987099283e-01	   4.3244325283436275e-01	   4.3509099493254638e-01	   5.7028086743235806e-01	   2.6004892165614246e-01	   1.4907647035077617e-01	   2.5074523169229612e-01	   4.3282590384537989e-01	   3.3449204985773245e-01	   3.9320968361721181e-01	   2.0373693748592886e-01	   3.2520886683206129e-01	   3.9001202449698469e-01	   3.4691958320514499e-01	   2.7656131859364519e-01	   4.6431113059223927e-01	   3.8405451824380332e-01	   1.4588042383344174e-01	   3.0801011077013962e-01	   1.1210954590690911e-01	
   2.1774622146828065e-01	   1.7231835391386463e-01	   6.3310184860532290e-02	   2.2252724912801364e-01	   8.2030765116432591e-01	   7.6251521261212929e-01	   1.7484853633917810e-01	   1.1792687699164417e-01	   0.0000000000000000e+00	   6.6542607697281964e-01	   2.4649473183522036e-01	   3.3341940249885632e-01	   2.6898893017683373e-01	   2.7910831647181034e-01	   6.8785651013119553e-01	   5.2255317630078679e-01	   1.8662660316778371e-01	   1.9817672817643583e-01	   3.4315623326372657e-01	   3.3148857944817633e-01	   2.6512113986414959e-01	   1.4699205416537914e-01	  -1.4781906247803761e-01	  -2.2429131750653103e-01	   4.4158374790019633e-01	   4.7506717693586581e-01	   6.5699548266465158e-01	   5.8445851417232264e-01	   2.1723048448159177e-01	   3.1869250460867438e-01	   3.0109931917838478e-01	   2.1044448022787060e-01	   3.4370014307838537e-01	   3.1875655250348428e-01	   2.7958454750144851e-01	   3.3403220880654438e-01	   1.6989702741483023e-01	   5.5474723122072106e-02	   3.3675178234430542e-01	   3.6124373660861508e-01	   4.0629191332802694e-01	   1.8094272720727786e-01	   2.0668346820712089e-01	   1.5633649775781772e-01	   2.6639228959090278e-01	   3.0715212247661805e-01	   1.0875696475430663e-01	   1.8112519568674185e-01	   2.7550379073419035e-01	   3.2495808562652917e-01	   3.2484679396650251e-01	   4.0686880203689091e-01	   4.0709967146195025e-01	   3.2708691126338263e-01	   3.8806342027059648e-01	   5.1567160216668029e-01	   2.2727675471613915e-01	   2.1293295323260797e-01	   5.3233847740514095e-01	   5.3326089806903609e-01	   3.7505623049251580e-01	   3.4880940935585403e-01	   2.6063240963161771e-01	   4.1084714133558020e-01	   1.8694724971417359e-01	   2.1854443543251106e-01	   4.7230129026927525e-01	   4.4051722824334366e-01	   4.5238385561046662e-01	   1.3026052570313557e-01	   1.2510721278242462e-01	   1.2934305464667406e-01	   2.2225160412333084e-01	   2.5977843239899939e-01	   2.8963321027795152e-01	   2.4357877598465472e-01	   2.6146631152493527e-01	   3.4951425724079110e-01	   1.4922910104390771e-01	   2.5972348442559900e-01	   3.5025220818465336e-01	   3.1042152990906868e-01	   4.2763875673822888e-01	   2.4427396245756916e-01	   2.5957743902099661e-01	   3.3984897660326596e-01	   2.4310650118754820e-01	  -7.4660148789693626e-02	   4.8089639462271105e-01	   4.7240307750295663e-01	   5.7218825578398036e-01	   6.9136980303941098e-01	   3.8066223567209345e-01	   3.4933922071945611e-01	   8.0053047353703416e-02	   4.2996359705306086e-01	   1.2335105551732232e-01	   3.3494287360119601e-01	   2.8146314915353982e-01	   5.5041523840615936e-01	   4.2300350729060282e-01	   1.2780916523823188e-01	   2.3382752174905652e-01	   9.2602646450602552e-02	   5.2046255105480543e-01	   2.8981188502030514e-01	   2.6239991571694732e-01	   1.3810229820519090e-01	  -2.4875618410341176e-02	   1.3767201596348949e-01	   3.0783253544843114e-01	   3.1700299958686540e-01	   4.9788137514662412e-01	   5.1024312337024058e-01	   6.0699146031913265e-01	   2.7874177356394436e-01	
   1.1151489538147479e-01	  -6.6069815738425686e-02	  -6.6003092681316128e-02	   2.1120492861074097e-01	   5.4764468167042246e-01	   7.1001800876468357e-01	   1.3329387505695267e-01	   1.8382436236914942e-01	   6.6542607697281964e-01	   0.0000000000000000e+00	   3.2755460828070626e-01	   3.4983762929103479e-01	   3.0570619225717599e-01	   3.5600914935601213e-01	   4.9088242035375163e-01	   5.9398425415798850e-01	   3.3381875209232054e-02	  -2.6172227616259765e-02	   3.1452595406442363e-01	   2.8478010953930222e-01	   8.1924360719502043e-02	  -4.1549068616849469e-02	  -2.8340708823947280e-01	  -2.0143298000826726e-01	   1.3450015154922818e-01	   2.7604066115478504e-01	   3.4215322169080531e-01	   3.6396003177264713e-01	   2.1479039432173813e-01	   2.6152051066168314e-01	   1.7373255546002903e-01	   2.2782693869063680e-01	   1.1289216265779348e-01	   1.3513579799596584e-01	  -7.8873735489352573e-02	  -2.8346123498284814e-02	  -1.1164800591878063e-02	  -1.0830674503265003e-01	   7.6699494951858821e-02	   7.9799719496810917e-02	   2.5241115227993710e-01	   1.1510224339391672e-02	   9.1280600873705722e-02	  -7.2499508035153903e-03	   4.6295213632780635e-02	   5.0766974919458203e-02	  -1.5079938023592575e-02	  -6.5467578733411497e-02	   1.0134852266744342e-01	   5.8736575335458514e-02	   7.8308219710098548e-02	   8.1686052817351168e-02	   2.4360892067816170e-01	   1.8108840258421269e-01	   2.1820546456422454e-01	   2.3030509102392868e-01	   1.5962282838419359e-03	  -8.9932176790224069e-02	   3.5653451273068015e-01	   2.6397202659934788e-01	   2.6089073344873726e-01	   3.3831753668250031e-01	   1.9823865609395730e-01	   2.7982586959729344e-01	  -5.2714190748518019e-02	  -3.4084730683310513e-02	   2.2830792332710131e-01	   1.9138187265714246e-01	   3.7197826873120049e-01	   2.0525549529836601e-01	  -1.0413498170575911e-01	  -4.2216632235583459e-02	   1.0705426478026198e-01	   8.7759668341279726e-02	   2.8649872756821926e-01	   1.6624194043929191e-01	   3.2243281368557281e-02	   2.5363006287426874e-02	   4.1089311657059356e-03	  -2.6968741865526041e-02	   2.4954619074868839e-01	   8.7166293571691283e-02	   2.2258972727137594e-01	   1.0318319399670503e-01	   7.1099698195208533e-02	   1.7153415933533253e-01	   3.2872235536881705e-02	  -1.1703559093397595e-01	   2.9265254899433696e-01	   3.3971571414350377e-01	   5.1145289272201055e-01	   4.2236710169380098e-01	   3.4029826577007771e-01	   7.7369138547169064e-02	  -1.5610169767453036e-01	   1.3887821484823457e-01	  -2.1103064282715022e-03	   9.8316144363336799e-02	   2.2314729627251140e-01	   3.9859542159223760e-01	   4.1884515718014603e-01	   7.7713801020499365e-02	   2.5292508867205576e-01	   1.0981797812011179e-01	   3.4014791145245982e-01	   3.5502344401881170e-01	   1.6262408739075301e-01	   1.2539270782569625e-01	  -1.8145986784958665e-01	  -2.7960312758538906e-02	   2.4584046282045163e-01	   1.4084712361659424e-01	   4.1166026535874883e-01	   3.1196677971831516e-01	   3.4544456022494774e-01	   2.0420654135050792e-01	
   6.6046089457649559e-01	   2.9239767598365157e-01	   5.7553035359729721e-01	   5.2744750892423231e-01	   2.8620241259954926e-01	   2.3667861658734718e-01	   7.0635911924162886e-01	   5.0191232734580016e-01	   2.4649473183522036e-01	   3.2755460828070626e-01	   0.0000000000000000e+00	   7.2942562769297348e-01	   6.9973274788604978e-01	   7.6946078769448500e-01	   6.0828216811721736e-01	   5.0321281539497087e-01	   6.8403294663379022e-01	   6.8412863937017043e-01	   6.6703284368767535e-01	   6.2743882248557681e-01	   5.0615576763101333e-01	   4.5002824993766166e-01	   4.3671721307408384e-01	   3.5114932086161543e-01	   2.7888794681789308e-01	   2.3179304854699495e-01	   1.6897266633953895e-01	   1.8640280144465460e-01	   8.1168208933210406e-01	   7.2317317035283490e-01	   5.9487201260075806e-01	   5.8280940663493430e-01	   6.5069459579147826e-01	   6.4502752128833818e-01	   6.9471755644893995e-02	   7.2696974519605578e-02	   4.7040759051296765e-01	   4.7508723208315506e-01	   5.0791134574304220e-01	   5.4568133088674642e-01	   5.7333518640084835e-01	   4.4583335720265821e-01	   5.2508266543178050e-01	   4.7758177130994511e-01	   3.7948184753485359e-01	   3.5877055755311849e-01	   5.3843716198028213e-01	   4.7772953890234815e-01	   4.0303512405363956e-01	   4.0018316584628244e-01	   4.7054009254281670e-01	   3.8839400150271874e-01	   5.0238077773355727e-01	   3.9081670376240873e-01	   5.6290948813168962e-01	   4.8267122556285358e-01	   4.8988793618134419e-01	   2.6732575907700651e-01	   3.9646358005280563e-01	   1.5268643787508093e-01	   6.1721865047395152e-01	   4.1050714131607791e-01	   7.6321725261784890e-01	   6.4402369582849617e-01	   2.7011782979116583e-01	   1.8911035886089159e-01	   3.1836255258244023e-01	   2.3207540145973732e-01	   5.7234317742201202e-01	   2.4438162741840452e-01	   4.7523522383323880e-01	   4.3905889081065330e-01	   6.2736691683124679e-01	   5.8983212164695198e-01	   5.8339498701495174e-01	   4.5513213142075087e-01	   6.0445814017259825e-01	   3.8762453964213656e-01	   7.4395366644283223e-01	   5.2174181019322818e-01	   7.9943509321257922e-01	   5.9456831375212327e-01	   6.0446914778244665e-01	   5.8613892483864327e-01	   5.8971674206564872e-01	   5.0519121199568839e-01	   2.2386267100298968e-01	   2.0478008482120935e-01	   4.5855644776269400e-01	   5.8525074082395501e-01	   2.9498557273537884e-01	   1.8070848843014362e-01	   7.1274499065152430e-02	  -1.5121654720530952e-03	   2.7311623085954073e-01	   3.3119918152817185e-01	   5.4005209783154906e-01	   5.2723932695873210e-01	   5.5387762430174714e-01	   5.6412339681195400e-01	   8.6376889733636886e-02	   1.8930449942394115e-01	   5.6988225880116386e-02	   2.9280896522846289e-01	   4.1725141566808829e-02	   1.4576267691774425e-01	  -1.3885479554884730e-01	  -1.1291958732881946e-01	   1.6354083215606230e-01	   1.9805012646288564e-01	   4.5904496817422735e-01	   5.6854095165499718e-01	   3.7130037220074075e-01	   2.2523551459432556e-01	   1.7503328302664781e-01	  -7.9246300261619496e-02	
   5.4190859733489682e-01	   3.9210472688234965e-01	   4.0511720407901375e-01	   5.5610660256989697e-01	   4.0344039534220721e-01	   4.6699465820073788e-01	   5.8051082956336653e-01	   5.3810525648560970e-01	   3.3341940249885632e-01	   3.4983762929103479e-01	   7.2942562769297348e-01	   0.0000000000000000e+00	   6.9510487194037363e-01	   8.5203955814739785e-01	   6.2018069937831466e-01	   6.2619263314823692e-01	   4.9515568319607495e-01	   5.7145626125232885e-01	   5.9101922937108542e-01	   6.6543808192191334e-01	   4.6468501077564539e-01	   4.0841726546220047e-01	   3.5230033365474395e-01	   2.8050754882243589e-01	   3.1076880740848134e-01	   3.7820209501829810e-01	   3.6532813682909132e-01	   4.1231300713392366e-01	   6.8180100791792020e-01	   7.4795391528394894e-01	   6.2916784496485789e-01	   6.3734088691140234e-01	   7.4869038843227287e-01	   7.8874627571825362e-01	   1.9302364153988871e-01	   2.5267368605569673e-01	   4.5187526400417261e-01	   4.6570484474239071e-01	   4.8217967255630506e-01	   5.9291206446677069e-01	   6.0368231407032469e-01	   4.0348979463384582e-01	   4.6774303876081613e-01	   4.4363749670812758e-01	   4.6727204757062352e-01	   4.4613398197556575e-01	   4.9076381673617941e-01	   4.3490472044555661e-01	   5.6816915013978120e-01	   5.5833457604248227e-01	   5.5839385314362855e-01	   5.3404460078632410e-01	   5.5001460989583562e-01	   5.2180317456213143e-01	   6.6632709731044415e-01	   5.8734096450092343e-01	   4.3610795537472308e-01	   4.1797458543897203e-01	   5.8347708180860525e-01	   3.9768086749888276e-01	   7.3692554077915484e-01	   7.5712954175438152e-01	   6.8117831460503875e-01	   7.5573540078625445e-01	   4.1300764417139718e-01	   4.1721110043332182e-01	   3.9035836625775555e-01	   3.6157713981142986e-01	   6.7800941084784827e-01	   4.5850036339999317e-01	   4.3426496115522528e-01	   5.5621659314119076e-01	   5.7581410380311304e-01	   7.2019986459512997e-01	   5.5000393182765883e-01	   6.2166963532799702e-01	   5.9861964497223152e-01	   5.9008729598951604e-01	   5.6257792773439408e-01	   5.7919202387188395e-01	   6.9925679019947062e-01	   6.2006834468541716e-01	   6.1789708705686919e-01	   5.0967594510516778e-01	   6.3953779437405811e-01	   5.5037987374130903e-01	   2.8512583069167613e-01	   1.6479905168459913e-01	   5.6157410746810654e-01	   6.4911013326902012e-01	   3.4054891231341344e-01	   2.1520581497259966e-01	   1.4908584303556111e-01	   7.1456612038703834e-03	   2.1944282365032866e-01	   3.6215083422716404e-01	   4.9870048310642973e-01	   5.1996097115265016e-01	   5.7913631295571011e-01	   6.4511295109863542e-01	   1.8733886476183176e-01	   1.4502637585353848e-01	   1.5634177559509918e-01	   2.2036845704168506e-01	   9.9301167809818874e-02	   1.7109673302760309e-01	   1.0369169426519670e-01	  -1.7937517818567095e-01	   3.1863160620925213e-01	   2.6714345539356044e-01	   3.0157093154404485e-01	   6.1134995984784468e-01	   5.7962850070986582e-01	   4.1689620670867550e-01	   3.2865822577637060e-01	   1.7967077441549473e-01	
   3.1489050134176655e-01	   1.8644181153292300e-01	   6.2259227378184367e-01	   6.7615689283285585e-01	   4.9537079303779596e-01	   3.6571526849612712e-01	   7.5990068082456952e-01	   7.0284700245708520e-01	   2.6898893017683373e-01	   3.0570619225717599e-01	   6.9973274788604978e-01	   6.9510487194037363e-01	   0.0000000000000000e+00	   8.2439801835404047e-01	   6.5449322468198878e-01	   6.1036342504674868e-01	   3.0774502055471020e-01	   3.1280452079554955e-01	   3.5545527666018301e-01	   3.8902086176579043e-01	   4.8254876110488587e-01	   3.7032774816401787e-01	   5.0501033874223311e-01	   3.6608767145062443e-01	   4.9440238978726436e-01	   4.6085976953202812e-01	   3.6357961130391309e-01	   3.0800739709472036e-01	   6.1030731256247917e-01	   7.0378016886998895e-01	   8.5528760678658333e-01	   8.1823590615797315e-01	   6.3514364374786048e-01	   6.7772936771677117e-01	   3.4412073105438418e-01	   3.5920132434269331e-01	   5.1440437855665144e-01	   5.1186312529772116e-01	   4.9304844879385556e-01	   5.8162519249760836e-01	   6.6167567307869413e-01	   5.9419719450840991e-01	   5.1217184584924558e-01	   3.6709530524450151e-01	   4.4488687175235608e-01	   3.9304388392734130e-01	   5.1515935263387336e-01	   3.7010837649077460e-01	   4.2764899561043179e-01	   3.5748853737178660e-01	   4.3843254954888888e-01	   4.1338818889868723e-01	   5.8278497137376306e-01	   3.4670450541411046e-01	   4.6499973346433360e-01	   4.5293686046097703e-01	   2.1560265339437934e-01	   1.6118243408955338e-01	   4.6566674164995053e-01	   2.3074737749908125e-01	   5.7175180205433118e-01	   5.5396597261457425e-01	   5.1115188110488163e-01	   5.3383786613544637e-01	   2.7668085766104727e-01	   2.9397505623451992e-01	   4.5568663163605272e-01	   3.6085189337278878e-01	   6.0946469790356272e-01	   2.3720696198800925e-01	   3.6318709917596603e-01	   5.3863982144688305e-01	   3.2111087106941394e-01	   6.6217716033051677e-01	   2.6425097449691820e-01	   5.5556634414137029e-01	   4.4140945991584957e-01	   4.6161847910022380e-01	   4.3082939488506172e-01	   5.1463953210420688e-01	   6.1717251929636829e-01	   5.2122580426056264e-01	   7.1178687771715698e-01	   5.9537376709754852e-01	   5.5430575187123510e-01	   4.3683742370479245e-01	   4.1873200577419584e-01	   2.4422751601533058e-01	   5.6502459856189513e-01	   4.4796045384100963e-01	   3.9562039885614542e-01	   2.3530975132993892e-01	  -5.7635181333090063e-02	  -1.6307447377223158e-01	   4.3131908527514007e-01	   3.0667639683169889e-01	   6.3102005697436503e-01	   4.5534413897459186e-01	   3.5803881364833112e-01	   5.9695899298828348e-01	   1.2527690095754997e-02	   1.1027021592389746e-01	   7.2457685040094311e-02	   2.6152739509427664e-01	   1.6759513111310709e-01	   2.8436511491290967e-01	   1.6639706960663248e-01	   8.8097186007428357e-02	   2.5131560982725143e-01	   2.8662495908525354e-01	   1.9899260781464959e-01	   5.0762750186556205e-01	   3.4856555508274978e-01	   2.5080459185001847e-01	   4.3902027905868474e-01	   1.1529837100489800e-01	
