   0.0000000000000000e+00	   6.4231088080914900e-01	   3.6817759109518272e-01	   2.4016097994655616e-01	   3.8387973640379580e-01	   2.2504648317947079e-01	   3.9989633584804501e-01	   3.7826091592058603e-01	   4.7771694651968855e-01	   2.6505661111463147e-01	   6.9155772643039182e-01	   7.1253006808734232e-01	   6.4409692907965399e-01	   4.6126965726520541e-01	   2.8759062010014858e-01	   2.3208139314748985e-01	   7.1156497338632319e-01	   6.6727722487634622e-01	   7.2281825812471268e-01	   5.3822996342354879e-01	   3.7274742844619452e-01	   2.9021962965941631e-02	  -7.1172780469493865e-02	  -1.5175277305012594e-01	  -2.6955226907462015e-01	  -3.3672793397929729e-01	   5.5744664481295690e-02	  -9.9355834272223414e-02	   6.6689647873360780e-01	   6.8633229084772318e-01	   1.7111721159646287e-01	   1.0861356303097869e-01	   5.8057811963392081e-01	   4.5037769721861287e-01	  -1.3212790741041308e-01	   1.9603853820534894e-02	   6.0205167093580328e-02	   2.7301738015715421e-01	   2.6681378986412430e-01	   3.3254173661629960e-01	   5.4964568231282851e-01	   3.8906243415398811e-01	   4.4751936855595909e-01	   3.8115906102791319e-01	   3.5663168919040411e-01	   3.7450793280134953e-01	   4.8774809117606355e-01	   4.9072405058019786e-01	   4.2099339066437930e-01	   3.5516942545580599e-01	   5.3721883248168623e-01	   4.0554991543247448e-01	   4.7497532130226172e-01	   4.4743658511092310e-01	   5.4380608685750687e-01	   4.3487298970030525e-01	   8.3405500805814436e-01	   5.0605035953130728e-01	   4.7550371971834526e-01	   4.2131944474083943e-01	   5.1261568812521918e-01	   5.3916071340446670e-01	   6.1337115114365170e-01	   6.1972238853879991e-01	   7.7123610151589000e-02	   1.3609740318679345e-02	   4.2473104173344062e-01	   3.1819074270316200e-01	   5.0596628523896903e-01	   3.3927424443582477e-01	   3.4441923923099754e-01	   3.1069289856242460e-01	   6.6840847782274948e-01	   6.4995460292039575e-01	   6.5845992305595513e-01	   6.8610870791531076e-01	   5.7005684409488555e-01	   5.2851543264436340e-01	   6.6846181094133295e-01	   6.6754354519119130e-01	   8.0137850463419169e-01	   6.8481992624044818e-01	   1.8058975282723538e-01	   3.5638755791889498e-01	   2.8802352201118742e-01	   3.0317708736455479e-01	   1.3335578930454403e-01	  -1.2431024947164579e-01	   1.9626085727621073e-01	   3.9775245165380202e-01	   5.7437737057975369e-01	   5.4361732745620805e-01	   2.1165391213170254e-01	   2.1213319381813472e-01	   3.8127130086404629e-02	   2.1555218715323715e-01	   4.2043000580730849e-01	   4.0921728024804621e-01	   6.4045147020954196e-01	   6.0138072880774518e-01	   3.2185927721624097e-01	   3.9920365837379279e-01	   3.6112045919602959e-01	   4.7905911046461680e-01	  -9.7614023439917902e-02	  -1.8949809293244572e-02	   4.3952907945816988e-01	   4.2739979038966053e-01	  -6.0335931450649485e-02	   3.3374714086011927e-02	   4.1853192944997275e-01	   5.7977766726543911e-01	   5.9552523888908193e-01	   4.6756057816544283e-01	   9.4848149923459135e-02	  -1.4400222091789036e-01	
   6.4231088080914900e-01	   0.0000000000000000e+00	   5.1178282632648431e-01	   4.4982081075341307e-01	   4.9621621924866677e-01	   2.6538994441214270e-01	   5.7243438975254690e-01	   4.6644277120547695e-01	   5.5841661229095041e-01	   2.7656534188075887e-01	   5.6760519848874169e-01	   5.9967066360685162e-01	   6.5402846316579388e-01	   4.4673130248060489e-01	   5.7974734074687828e-01	   4.6975579061927852e-01	   5.0046499751809392e-01	   4.5865169892427882e-01	   6.2080758467328134e-01	   6.5039303028334583e-01	   5.9822407322811988e-01	   3.4494408966575590e-01	   2.9769951154210067e-01	   9.0769944260777863e-02	   1.1928330950185895e-01	   2.6329381143506982e-03	   3.8585788653984915e-01	   2.0201858731389341e-01	   5.0801155104944906e-01	   5.3704445133338452e-01	   3.3611741685801694e-01	   2.0732943099433937e-01	   6.9966415535918303e-01	   5.7029213738925710e-01	   1.3764566797776775e-01	   2.3822370600106813e-01	   3.7927603641968977e-01	   3.6044800651186082e-01	   5.6695943353704548e-01	   6.0041912308583911e-01	   5.8448550170696789e-01	   4.2409726177823476e-01	   1.9332527201864635e-01	   1.7284299070229070e-01	   1.5928179676817533e-01	   1.7857096627920041e-01	   3.1361955915780759e-01	   3.8213840975412960e-01	   2.9569011878181273e-01	   3.0812262383367339e-01	   5.5507248623323424e-01	   4.4934351628512853e-01	   6.3639592972980474e-01	   4.5108267503895738e-01	   7.8311390684460869e-01	   5.7223621058941099e-01	   6.3296469408883138e-01	   7.9353979320597623e-01	   5.8436863745821732e-01	   5.8511829462346032e-01	   5.7736158884939115e-01	   5.7085939795330376e-01	   4.6115838727243696e-01	   6.3165402641918078e-01	   4.7584039978639669e-01	   2.7399396616306537e-01	   5.0839860924526437e-01	   3.7669995010408536e-01	   6.8823247916626784e-01	   6.7918326512303029e-01	   5.0580342671214307e-01	   4.1303156814311803e-01	   7.4444580404569605e-01	   7.6334663100996591e-01	   6.6557760118432197e-01	   6.5044999897466016e-01	   4.8947539184247146e-01	   5.7679759735541192e-01	   4.5834681069605410e-01	   3.9722468658372256e-01	   5.6879129751676094e-01	   6.1728851318513844e-01	   4.5303388015700014e-01	   4.2123544151165671e-01	   6.2203451448782654e-01	   5.5762676460387661e-01	   3.1270255624985610e-01	   1.2535495456021137e-01	   5.9371989789673862e-01	   5.7373807520900721e-01	   4.9370005608523121e-01	   5.8297460416950542e-01	   3.2683379614679098e-01	   4.3337542210361391e-01	   1.1690625425636103e-01	   3.5462037266752622e-01	   6.5654645269129874e-01	   5.2857904974458880e-01	   5.6075897658799456e-01	   4.7282635039800425e-01	   2.8423008412964457e-01	   5.2678577959767370e-01	   4.7641286279805917e-01	   4.1814176587531493e-01	  -2.5888960573371911e-01	  -1.6984011495780732e-01	   2.9527628471969952e-01	   1.3820582172623611e-01	  -1.5810880090406465e-01	   9.8990509239000685e-02	   5.7629005512764309e-01	   4.4512895466807689e-01	   5.0816840680908615e-01	   5.2153565163370696e-01	   2.1566556372304699e-01	  -2.0206042238520355e-01	
   3.6817759109518272e-01	   5.1178282632648431e-01	   0.0000000000000000e+00	   7.0822286712361304e-01	   3.4054135726536300e-01	   6.5938545900192796e-02	   4.0470280289681282e-01	   1.9820050876189865e-01	   3.0093948677127014e-01	   2.2524964376711787e-01	   4.7362333750950014e-01	   3.9384196883792866e-01	   4.7954952301402531e-01	   3.7238037019269393e-01	   3.3371667191535548e-01	   2.9102977073433883e-01	   4.0380308631594586e-01	   1.9948488910357867e-01	   7.2770120609519717e-01	   4.5330125346171113e-01	   6.2519555132376792e-01	   5.0737793114689000e-01	   6.6985044557087470e-01	   4.5507370327972124e-01	   3.8051332805906291e-01	   2.1496417865921677e-01	   4.8234124516000532e-01	   3.2608973396187280e-01	   5.7407981227886284e-01	   3.4340084221534828e-01	   8.4164513105564276e-01	   7.1603805199440207e-01	   7.1638688710505916e-01	   6.0268282198195244e-01	   2.9713085468650557e-01	   5.0465836003725995e-01	   2.1079854782515045e-01	   3.1193245218858034e-01	   4.8173095793811671e-01	   4.3332737073613314e-01	   4.0104466150622003e-01	   1.9692260479491613e-01	   3.1561707651207149e-01	   3.2296165977648189e-01	   3.6448575741900324e-01	   3.1570895366562102e-01	   3.5470982448329236e-01	   4.3062411168441295e-01	   2.9111423392635660e-01	   3.5680225541542976e-01	   4.5120094712178671e-01	   5.2984752826176373e-01	   2.9204541172088849e-01	   4.7668677022642769e-01	   6.3843616655282664e-01	   5.6694966936960001e-01	   3.4287280040885859e-01	   3.9990819345932604e-01	   3.2444087290253576e-01	   2.3660309401634633e-01	   2.7103960017662904e-01	   1.8106866311604672e-01	   4.6373099568956699e-01	   4.1004950181071287e-01	   6.2244684175724940e-01	   4.2633458830624615e-01	   7.1311194729456351e-01	   5.8265750128247684e-01	   2.9392895408147202e-01	   4.4556504259049012e-01	   3.4339086917691919e-01	   2.6107131453672971e-01	   4.7945551272458198e-01	   4.2306114404782447e-01	   3.5103920332049082e-01	   5.1228248021837786e-01	   4.9755895249632776e-01	   4.9313331678948857e-01	   3.0955506636099545e-01	   2.2090910512965009e-01	   3.8487505421831852e-01	   4.4068457713116205e-01	   6.1671210606539717e-01	   3.6422790613122330e-01	   5.9321732437725627e-01	   5.0741711144856860e-01	   4.3286188893823541e-01	   3.9965796878336024e-01	   3.3902618821010849e-01	   4.5462612671322916e-01	   5.5589759051775611e-01	   7.5464547616845845e-01	   3.1011121238170547e-01	   3.6553258493643620e-01	   2.1990742215833436e-01	   3.5122409792435094e-01	   6.0254416677192113e-01	   5.0039612266370614e-01	   5.1760053630462721e-01	   5.9247114892651509e-01	  -3.5680483173421637e-02	   4.7060637227609176e-01	   1.8121221992499476e-01	   4.1390678484380639e-01	  -2.8803804389735753e-02	  -1.4595350105610666e-02	   1.1883408637709812e-01	   1.0663908401986102e-01	  -2.8752133385336748e-03	   3.5392914439097062e-02	   5.5824370760816144e-01	   4.3928485593003441e-01	   4.2223082114026711e-01	   6.3827165509240991e-01	   5.4753905540524395e-01	  -6.5234793741197672e-02	
   2.4016097994655616e-01	   4.4982081075341307e-01	   7.0822286712361304e-01	   0.0000000000000000e+00	   5.1272838836934964e-01	   3.9581348138395367e-01	   6.0158331061798198e-01	   6.0966239694234103e-01	   4.1076305224826792e-01	   5.2250613431115123e-01	   3.5113547728543104e-01	   4.8744462037965475e-01	   2.8360468462573546e-01	   3.6437438187992444e-01	   2.7568420840999697e-01	   3.9714320210167880e-01	   3.5530018432811494e-01	   1.4179562526904504e-01	   5.4659459401999799e-01	   5.5950504658355571e-01	   5.1298215867816643e-01	   5.1767623675631813e-01	   6.3816917994995126e-01	   7.2438853008944470e-01	   4.9167266211419353e-01	   4.4411720080583289e-01	   5.1695580915272277e-01	   5.2465807497853567e-01	   5.2325329902283424e-01	   3.4398351466993959e-01	   6.6556487099991524e-01	   7.1098260654135559e-01	   6.8169365976157903e-01	   7.6073300440477321e-01	   4.0487214079661016e-01	   6.5535024623492477e-01	   2.1824490652906511e-01	   1.2551486470723777e-01	   3.9305440551310006e-01	   4.0425702364883281e-01	   2.2281286228771674e-01	   8.4992373494486656e-02	   2.1918680219198297e-01	   2.2259913336453591e-01	   2.3667451779583765e-01	   2.3403218391476105e-01	   3.0718998754413990e-01	   3.3200331816493334e-01	   1.6439793467696096e-01	   2.4833298919052815e-01	   4.2094010964972767e-01	   5.0759258454913003e-01	   4.0741109762929295e-01	   4.9837415092382076e-01	   6.0502436430120610e-01	   4.9061356996325378e-01	   3.0734050307059846e-01	   4.2008989713183198e-01	   4.6428900557036556e-01	   3.4629283407972078e-01	   3.7170855681745785e-01	   4.5867888481024188e-01	   4.2468485813163592e-01	   3.5331697298915909e-01	   5.9318537491473156e-01	   7.8066840465835030e-01	   7.1755500497383440e-01	   7.0415781329551752e-01	   4.4807972198115492e-01	   5.5018972450260517e-01	   4.6881814189310173e-01	   4.7343434118494787e-01	   4.3545037074744292e-01	   4.1505591483324378e-01	   3.5902443365333070e-01	   4.2850807564167093e-01	   5.1589155216715532e-01	   6.4962352383939126e-01	   3.9649196462187369e-01	   1.6382617875350167e-01	   3.8487208864184563e-01	   3.9589388935638126e-01	   4.1186997992490654e-01	   4.6233840824556327e-01	   5.3694387733638349e-01	   7.1471990501952676e-01	   3.9696916457257420e-01	   3.8118662186844599e-01	   4.5033721150652467e-01	   5.9076974509517832e-01	   6.5237643134754486e-01	   5.7389571154992691e-01	   5.9642381751968609e-01	   3.2711740889959051e-01	   1.5014251867907813e-01	   3.8578020422418369e-01	   5.4345050888450852e-01	   4.5918559858777247e-01	   4.4865616264930502e-01	   4.6942132116096402e-01	   3.2517500852087888e-01	   4.4461201403541278e-01	   3.4523436721437006e-01	   3.5425876477385643e-01	  -7.6929489852791882e-02	  -8.9017021689847681e-02	   1.7509849520141391e-01	  -1.2325415492671915e-02	  -1.8012218816387882e-01	  -2.8087758329610680e-02	   4.9903227078703966e-01	   2.9160859338174328e-01	   2.9585422876309481e-01	   5.9884312244478177e-01	   4.4202507647534972e-01	  -1.9828111819141919e-01	
   3.8387973640379580e-01	   4.9621621924866677e-01	   3.4054135726536300e-01	   5.1272838836934964e-01	   0.0000000000000000e+00	   8.0794266880181542e-01	   6.3800682443558243e-01	   5.3555484365822159e-01	   7.6286376950657286e-01	   6.7242680165834345e-01	   5.2179040131748922e-01	   5.5822995087552962e-01	   3.8832629399513541e-01	   2.9393904850879254e-01	   5.0433109372984086e-01	   5.0596796656545939e-01	   5.9749906583371737e-01	   4.7354598556332084e-01	   3.8431734404216933e-01	   3.8744230599710489e-01	   4.6447951540654986e-01	   4.9166686374750929e-01	   3.3184281933910120e-01	   2.7372807297068280e-01	   2.0828495787311890e-01	   1.9779782442999716e-01	   4.3291299687551726e-01	   4.9285270098161582e-01	   5.3032360116501542e-01	   7.3696600469088880e-01	   2.4657222596350936e-01	   2.6704571399204724e-01	   5.5357996163078338e-01	   5.4300927542172062e-01	   1.4632136604582163e-01	   2.7636897881611033e-01	   8.3222089177451636e-02	   2.8050808571724628e-01	   1.6355944726887275e-01	   1.3098946306865378e-01	   1.2229278442431295e-01	   1.0432065309018029e-02	  -1.1152862097023669e-01	  -1.1271293210384084e-01	  -9.1309764685480022e-02	  -8.3130796852286096e-02	   2.2817892329930846e-02	   3.1814269992464957e-02	  -1.4553980508912379e-01	  -7.4889393876561461e-02	   6.8736405894010533e-02	   8.9044424315157938e-02	   2.9564577923204516e-01	   1.1908603478239996e-01	   3.3518361530076302e-01	   9.0855367745872218e-02	   5.2910445157540997e-01	   5.2192486156856588e-01	   4.7618413919518671e-01	   2.4423506303738385e-01	   5.5424678067387401e-01	   5.5483065165301926e-01	   4.5863633163366702e-01	   4.4658661281188683e-01	   3.9659428947604769e-01	   4.7587517370837606e-01	   4.0445958134334936e-01	   2.6339879910251041e-01	   5.3698855360826214e-01	   3.9685420446883612e-01	   6.1896169236360588e-01	   4.0176478492099527e-01	   5.6193612282757255e-01	   5.2390520441639710e-01	   5.3271358583752548e-01	   4.0805716262436709e-01	   3.7548176169673630e-01	   4.6183225294316749e-01	   5.7187148892816142e-01	   5.2923793619156068e-01	   5.1281589597198385e-01	   5.8195424816603403e-01	   1.8691933599625546e-01	   4.9361914366613358e-01	   4.2209495238153844e-01	   5.7805204968905277e-01	   1.9017399400454499e-01	   1.5669791217932344e-01	   4.6243109313190334e-01	   4.6235560117206609e-01	   3.9907109433903409e-01	   2.3067522530781456e-01	   4.1182819032707818e-01	   1.8975962317610007e-01	   5.6022730020859668e-02	   2.1303178697122738e-01	   4.1719602714572007e-01	   1.5517535592082735e-01	   2.1750861051531845e-01	   1.1184041917834184e-01	   1.7622828793596007e-01	   5.8285217986547615e-02	   4.0659941089279578e-01	   1.6797224429173783e-02	  -2.6563356539814276e-01	  -2.9927835663540231e-01	   4.2466514908035802e-01	  -1.7705455209855434e-01	  -2.2181547251772599e-01	   4.5781077506146968e-02	   2.3563789695936660e-01	   2.1993430182153800e-01	   1.9707854196495889e-01	   2.8569033733413191e-01	  -7.7490003078166989e-02	  -2.7074688888653842e-01	
   2.2504648317947079e-01	   2.6538994441214270e-01	   6.5938545900192796e-02	   3.9581348138395367e-01	   8.0794266880181542e-01	   0.0000000000000000e+00	   5.7686435689107529e-01	   5.9257392692352417e-01	   6.7490206714293022e-01	   7.6338537973731568e-01	   3.8880148591931363e-01	   4.4408085864074132e-01	   2.4430253084423809e-01	   2.0677971254209607e-01	   4.5287036971775185e-01	   5.4547097916315079e-01	   3.8334777926919994e-01	   2.4431950416754589e-01	   2.2628703451256502e-01	   2.5844846464306026e-01	   3.3498693417727055e-01	   4.2033693571893049e-01	   1.8665775727982140e-01	   2.7245265532148627e-01	   1.4830533054815895e-01	   1.8451055666695423e-01	   3.4751405741950875e-01	   5.3457948848605530e-01	   4.2739236585376222e-01	   6.2387722885215247e-01	   2.9844282152278235e-02	   9.9368903059504410e-02	   3.8103637038047533e-01	   4.5358825270172626e-01	   4.7815424635458015e-02	   1.0456389938091518e-01	  -1.2089021228994817e-01	   4.9579820429824183e-04	   3.6911202392529034e-02	  -3.7965401714764452e-02	   1.6382343840966866e-02	  -6.7706305696610736e-02	  -3.0401581630515323e-01	  -3.0899501031398158e-01	  -2.9486138957076025e-01	  -2.4373876642954337e-01	  -1.7275335124462721e-01	  -1.7814277542287008e-01	  -3.1791010717411550e-01	  -2.1809214061041116e-01	  -1.4778696679947143e-01	  -9.4045746149247905e-02	   1.5502688154642680e-01	  -6.3255563925825126e-02	   1.5160702094160383e-01	  -7.4965628387717351e-02	   3.5967854899000046e-01	   3.3557299585533251e-01	   4.8967562629295741e-01	   3.0582185174018062e-01	   5.0519337024030309e-01	   5.6461063682700796e-01	   3.3877640041511003e-01	   1.9920977751889693e-01	   3.0877117816016852e-01	   5.1827114208540381e-01	   2.2747037626941141e-01	   1.7055626481223501e-01	   4.3844098924700375e-01	   3.5348978999372438e-01	   4.4031489436324905e-01	   3.9508923102149568e-01	   4.3544676086324352e-01	   3.6462238112824447e-01	   3.9799803438994230e-01	   2.1116210011239428e-01	   1.1541320857223600e-01	   2.6312195003047878e-01	   3.6922374726161977e-01	   3.2626512894206661e-01	   3.3208866315205010e-01	   3.2823484400029845e-01	  -4.2064634824892200e-02	   4.1569318437700498e-01	   2.7182773811960637e-01	   5.7919641529850807e-01	  -2.5196869650364745e-02	  -4.6477784352338541e-02	   4.7361826134623786e-01	   4.9418936344512782e-01	   2.9150099513848493e-01	   5.5802383634761969e-02	   5.5757632675882807e-01	   2.0979287348974415e-01	   8.6443808424031099e-02	   3.1233245564194639e-01	   1.9464766988524648e-01	   2.9062508556911192e-02	   3.6617930217885515e-02	  -1.1176207967949355e-01	   2.4328063951507400e-01	  -3.1991941788506048e-02	   2.8677368546831983e-01	  -8.8315128070738241e-02	  -2.4372340613491922e-01	  -3.1847246246002830e-01	   3.3238341668317800e-01	  -2.3338373800821832e-01	  -1.2645171932393473e-01	  -4.3487590767827145e-03	   4.8911729193808283e-02	  -2.8121588237228053e-02	   2.8261282593418119e-02	   1.0312980705148407e-01	  -2.4967243377233872e-01	  -3.6329906622378044e-01	
   3.9989633584804501e-01	   5.7243438975254690e-01	   4.0470280289681282e-01	   6.0158331061798198e-01	   6.3800682443558243e-01	   5.7686435689107529e-01	   0.0000000000000000e+00	   8.0572395784134732e-01	   7.7868481462821060e-01	   7.2590517031094781e-01	   6.1191168023062747e-01	   6.3545106402452611e-01	   5.4280722848545704e-01	   4.4982169444749015e-01	   5.7041088297584108e-01	   5.3731398016476684e-01	   4.6530415666083746e-01	   2.9817772588392910e-01	   5.7122739019694824e-01	   5.2416482827041921e-01	   4.5987306328956029e-01	   3.8604960946141892e-01	   4.1227897101234073e-01	   3.1225644161315858e-01	   1.1705699678435813e-01	   5.3402646636233828e-02	   2.3623500634003786e-01	   2.7332173909933666e-01	   5.4110762997030282e-01	   4.9483366981448701e-01	   2.6027967658974716e-01	   2.4028932990247504e-01	   7.2512422225802831e-01	   6.1984883966140947e-01	   3.0314693160870133e-02	   2.0763453311788729e-01	  -8.5479995897174213e-03	   1.3215493763655639e-01	   3.4779627906317756e-01	   3.9072117381500021e-01	   2.1741980022803561e-01	   1.1319971463695147e-01	  -1.0710542495249484e-01	  -1.4859220097095135e-01	  -1.4398937437129031e-01	  -1.2003254651239800e-01	  -2.0996997919150259e-02	   1.2505411106616033e-02	  -1.1424672124446035e-01	  -8.8634330958230576e-02	   1.7798722090500954e-01	   1.2389984401312351e-01	   4.0904469780490299e-01	   1.5110218402743233e-01	   5.7799742991802505e-01	   2.5872313659009760e-01	   3.4528812040021878e-01	   4.7519669574787571e-01	   6.7581346965990319e-01	   4.3457866992826888e-01	   8.1257351568258607e-01	   7.3038699737516377e-01	   4.8291080612357973e-01	   4.9289588905346482e-01	   5.3068275149750188e-01	   5.7853045712293005e-01	   5.7978547247853374e-01	   3.9075698475256437e-01	   7.2844126005985410e-01	   6.1330365638108120e-01	   3.5283561512438871e-01	   5.0712432393990503e-01	   5.6675947094634815e-01	   5.7823203650854116e-01	   5.2184916584377961e-01	   5.2182184998576864e-01	   4.3988874600048045e-01	   5.0941850656703502e-01	   3.6740638095467859e-01	   4.1990597734639112e-01	   4.6356742002130669e-01	   4.9169367167876749e-01	   1.5950207895009647e-01	   4.1416171478338681e-01	   5.3003038380082945e-01	   6.8613216560316526e-01	  -1.6410135541153351e-02	  -6.4110699771343108e-02	   7.0075765301340898e-01	   7.0098870111035416e-01	   5.3489104112161834e-01	   4.9857351085348378e-01	   5.1372592505859305e-01	   3.5208476515671278e-01	   1.7755203728423469e-01	   3.7441170955594294e-01	   5.6324180959493386e-01	   3.7265050084055801e-01	   2.4379556106525219e-01	   2.4820002521228154e-01	   4.0436799235493914e-01	   4.8049778553588135e-01	   4.1372464424315941e-01	   4.0395427281753760e-01	  -7.6628122880030888e-02	   5.8115856414223677e-02	   3.7549542972807742e-01	  -7.8729201079648842e-02	  -6.5358098709421136e-02	   2.3524285602827269e-01	   3.8480846762748955e-01	   2.4062057202054996e-02	   2.2783577432712251e-01	   4.6387984365939389e-01	   2.2190135037221626e-01	  -1.1324505982256519e-01	
   3.7826091592058603e-01	   4.6644277120547695e-01	   1.9820050876189865e-01	   6.0966239694234103e-01	   5.3555484365822159e-01	   5.9257392692352417e-01	   8.0572395784134732e-01	   0.0000000000000000e+00	   6.9261485883339091e-01	   7.3917652028220449e-01	   4.6403397484158976e-01	   6.5384486054583313e-01	   4.6457169182308106e-01	   4.7064093259477485e-01	   4.6355450316601327e-01	   4.6787798983912809e-01	   3.9374875563703904e-01	   1.5796841823500124e-01	   4.6202082772864644e-01	   5.6449726137569445e-01	   3.3694344392775211e-01	   1.9835837514606119e-01	   2.1155596907143184e-01	   3.2096118769405990e-01	   1.0432599087579261e-02	   3.3686325640345106e-02	   1.1926836824879881e-01	   1.6579574065469693e-01	   5.0163710208477608e-01	   4.1161222347664000e-01	   1.5983641567582216e-01	   1.9821608434507068e-01	   5.6415464929919856e-01	   6.0587905005607245e-01	  -1.1714248377075348e-01	   1.3941055128953422e-01	  -2.0945434381647650e-02	   4.0155862384306441e-02	   1.5837649525790712e-01	   3.4840066543644349e-01	   1.3382962153734596e-01	   1.3553715186231274e-01	  -2.9010372732066756e-03	   6.9099760818439257e-03	  -4.4565902119127296e-02	   2.1333132877641998e-02	   1.0254593108470450e-01	   9.6565572707580066e-02	   6.4699056450086875e-02	   1.0384347602422422e-01	   3.3329277566616000e-01	   2.9180489076744087e-01	   5.2734586401244243e-01	   2.9558836923571191e-01	   5.0601736581189261e-01	   3.2083469958875993e-01	   3.4784437045351990e-01	   3.5600374413168751e-01	   6.4118438211242579e-01	   6.0585738603438655e-01	   6.6674751639645047e-01	   8.4368141265841534e-01	   3.8072682669540558e-01	   3.5151022573084423e-01	   2.3474843244996191e-01	   4.8720164551263045e-01	   4.7575499068983795e-01	   4.5231353140191921e-01	   6.6192652823454334e-01	   6.4924706530674026e-01	   2.2907195285328324e-01	   3.9873410893206895e-01	   4.8842260652727432e-01	   4.7736947354436243e-01	   4.5531897946832239e-01	   4.8284198940037421e-01	   4.1668424250651914e-01	   5.5058796079984273e-01	   4.1237498147029716e-01	   3.0941126036089750e-01	   4.8202470124425589e-01	   3.5653383884276535e-01	   6.4001621531594499e-02	   4.1532224589823097e-01	   2.9014656835774083e-01	   5.5442933895718327e-01	   2.2382190862137913e-02	  -8.1044447351947296e-02	   4.9327653692447060e-01	   6.7835152698068824e-01	   6.4887980024334735e-01	   4.1194786820568685e-01	   6.1017747733730920e-01	   2.3068561128376519e-01	   1.1342368991363748e-01	   1.8669759048400558e-01	   4.0742058484650034e-01	   2.8574859364017829e-01	   3.1799193575356111e-01	   2.8641759763146851e-01	   6.1347152925432358e-01	   3.9086849261860229e-01	   4.8678802667126764e-01	   3.7388747840921788e-01	   6.1070566803435533e-02	   7.6443399863333608e-02	   4.1508565524855706e-01	   7.9482313646614747e-02	  -1.0600503326480428e-02	   1.8932601094191981e-01	   3.4837410482131004e-01	   5.9006381384348577e-02	   2.5023962138851674e-01	   3.9682003387876574e-01	   7.1655715489035349e-02	  -2.0130405516326655e-01	
   4.7771694651968855e-01	   5.5841661229095041e-01	   3.0093948677127014e-01	   4.1076305224826792e-01	   7.6286376950657286e-01	   6.7490206714293022e-01	   7.7868481462821060e-01	   6.9261485883339091e-01	   0.0000000000000000e+00	   7.7980711757425669e-01	   6.7578795983927931e-01	   6.8523401176733190e-01	   6.7843459462578881e-01	   5.4081413333087580e-01	   6.8768568022093857e-01	   6.1418544548782594e-01	   5.4187487619681818e-01	   3.6763889929596416e-01	   4.9380281572335682e-01	   4.3442308834694882e-01	   4.4427934525323487e-01	   3.2803391786248437e-01	   2.6318968304740292e-01	   1.3074326060800506e-01	  -2.0719614672296160e-02	  -4.8516733092405041e-02	   1.7828680351074080e-01	   2.4411068625008442e-01	   5.8526411528970401e-01	   6.1294046994345264e-01	   1.7557063131664979e-01	   1.0934390148696341e-01	   5.3311107793783830e-01	   4.3364907994361002e-01	  -9.3372897705429031e-02	  -1.2745367169167921e-03	  -1.1921825855912050e-02	   2.5206020802254958e-01	   2.1944865897814481e-01	   3.1881874100659285e-01	   2.0942435749580846e-01	   2.8000266923043943e-01	  -1.5972449583631992e-01	  -1.7701199912561577e-01	  -1.7798233555190912e-01	  -1.3658199211730243e-01	  -4.7191469213048162e-02	  -1.3226096557112816e-02	  -1.3467333745284910e-01	  -1.0219226751564134e-01	   9.9160857659005230e-02	   3.3592403124191553e-02	   3.9958832850964188e-01	   8.5165425350476637e-02	   4.9415556479301576e-01	   2.4319632488686047e-01	   4.7391591446353254e-01	   5.7210672204336621e-01	   6.4981747540616497e-01	   5.0073284001927298e-01	   6.8548828841901865e-01	   6.7563988243328832e-01	   4.2804818723179727e-01	   4.6707723246129806e-01	   3.4955510371199294e-01	   3.3734350576227234e-01	   3.5606690873464736e-01	   1.9030301186577553e-01	   6.2630464916152728e-01	   5.4863765897145489e-01	   4.5533958952292553e-01	   4.3113911063785582e-01	   6.1968065928714822e-01	   5.1825939924466069e-01	   5.5439955466114266e-01	   5.8100450406852611e-01	   4.0664003128287329e-01	   4.2463071826765797e-01	   5.0394859286883442e-01	   5.0898023275028526e-01	   5.4127844457522412e-01	   5.4485715379394062e-01	   1.7692517271077296e-01	   5.1537610526293509e-01	   4.3061891482597447e-01	   5.4489131076122554e-01	   6.5976591837555165e-02	  -6.2164950147734158e-04	   5.9294478701129905e-01	   7.1348230326289719e-01	   4.4913853490193911e-01	   4.4100878559147605e-01	   3.7213027209385841e-01	   2.2876083713146284e-01	   2.2746226831752583e-01	   2.6776365876071112e-01	   4.0484376037753522e-01	   3.3302871009089141e-01	   2.7415502890270316e-01	   2.3653943394613455e-01	   3.7837117029807316e-01	   2.7605770284642561e-01	   5.2168120405906393e-01	   2.7097969738193972e-01	  -3.6390991886912361e-02	  -2.4432118617918660e-02	   5.1686232475151883e-01	   3.3111641539420963e-02	   2.8886054434893411e-02	   2.6857207473153910e-01	   2.5551853442648609e-01	   1.1585841447366839e-01	   3.1385431091921462e-01	   4.0492207775180872e-01	  -4.1753905793864336e-02	  -1.8237409734216520e-01	
   2.6505661111463147e-01	   2.7656534188075887e-01	   2.2524964376711787e-01	   5.2250613431115123e-01	   6.7242680165834345e-01	   7.6338537973731568e-01	   7.2590517031094781e-01	   7.3917652028220449e-01	   7.7980711757425669e-01	   0.0000000000000000e+00	   5.2442437236981598e-01	   6.3877531869522985e-01	   4.5109738681871059e-01	   5.8064760569866669e-01	   5.4531407416907507e-01	   7.0738073490395448e-01	   3.3007808386546844e-01	   7.7195946446590447e-02	   3.8377477152384076e-01	   4.4035641966689543e-01	   3.0675876132610036e-01	   3.5026346185398188e-01	   4.1762301408997915e-01	   4.6034042402628716e-01	   1.2443715517616574e-01	   2.1628525753581848e-01	   2.2071571620712238e-01	   3.3028012555111608e-01	   5.0023365640597373e-01	   4.8211312856146571e-01	   1.5767403035156996e-01	   2.3673218488729025e-01	   3.9404240089991599e-01	   3.8324033702765720e-01	   9.0060776101861632e-03	   6.5900317590254914e-02	  -2.3127644473836950e-01	  -3.5465160324747655e-02	   1.1404609763972219e-01	   1.1058447869997393e-01	  -3.5830306809304699e-02	  -1.7679493554639301e-02	  -2.0222997746223983e-01	  -2.2981927782761330e-01	  -2.5459966370345732e-01	  -2.2075171310741645e-01	  -1.3595946532900050e-01	  -1.6023850303003251e-01	  -2.4851808494189484e-01	  -2.5586074832972761e-01	  -8.2237250637000506e-02	  -8.6726420766791268e-02	   1.5528366110676922e-01	  -6.3574002725748924e-02	   2.3574710877043248e-01	   3.6151032890737317e-02	   2.3715565248208637e-01	   2.2787683021879884e-01	   4.9345110435563627e-01	   3.2094715114881101e-01	   4.8957098332349308e-01	   5.9553299757556089e-01	   2.7315136271827806e-01	   1.7937006375623704e-01	   3.5816475524839797e-01	   5.3294716680203591e-01	   2.4460224598530034e-01	   1.1458999558811125e-01	   5.4570716179078638e-01	   4.3505169190175974e-01	   3.0728452891719377e-01	   4.7539397466937383e-01	   3.4950636292726245e-01	   2.6898376903055093e-01	   3.6544142558363341e-01	   3.7409208280454098e-01	   2.9453163409359007e-01	   4.0195351049204037e-01	   3.8028008798397261e-01	   2.3437105451879300e-01	   4.0154665302043191e-01	   3.4100766860229653e-01	   3.1470512256412238e-02	   4.4986670217963332e-01	   3.1520289889256942e-01	   5.4769256333929039e-01	  -8.4167040196647946e-02	   1.8769803140656179e-02	   5.2913509283449667e-01	   6.8961233127591015e-01	   4.1466435515325750e-01	   3.4288668549205159e-01	   5.7593820870692791e-01	   1.8773479158766537e-01	   2.6241117638144679e-01	   3.1709811211167249e-01	   3.0119774496125429e-01	   2.3314133206617288e-01	   7.6974519339213399e-02	   4.6813623359827854e-02	   4.0493026057011861e-01	   1.4983357644821882e-01	   3.7883527989662302e-01	   1.1995856951526382e-01	   2.8209660339770209e-02	   4.5484786205823163e-03	   3.8403167844441455e-01	  -7.7398455206194400e-02	   2.3545033158730209e-02	   2.3954568573795043e-01	   1.7891083862205143e-01	  -4.8249416970682989e-02	   2.1306946996173495e-01	   4.6660771001166218e-01	   9.9146212469893608e-02	  -1.5095847002168764e-01	
   6.9155772643039182e-01	   5.6760519848874169e-01	   4.7362333750950014e-01	   3.5113547728543104e-01	   5.2179040131748922e-01	   3.8880148591931363e-01	   6.1191168023062747e-01	   4.6403397484158976e-01	   6.7578795983927931e-01	   5.2442437236981598e-01	   0.0000000000000000e+00	   8.6889743432402300e-01	   8.7144392390075320e-01	   6.7789512995119616e-01	   6.6550111389794941e-01	   6.1133697644938745e-01	   6.4202636628805387e-01	   3.7819254877852782e-01	   6.0815352489320240e-01	   4.8852509311701936e-01	   4.8126070138547505e-01	   2.5571967558025499e-01	   1.7181329284431018e-01	   4.2970063571735211e-02	  -1.8842577367962798e-01	  -2.1136323988602934e-01	   3.0666039561099168e-01	   2.2285143876929550e-01	   7.4180938414092656e-01	   6.2311259087734683e-01	   2.3482678605910351e-01	   9.3078299423447142e-02	   5.3672982870065566e-01	   3.4090224952420162e-01	  -1.9540243339527150e-01	  -6.9677478238172760e-02	  -1.8892955628864982e-01	   9.5972620299510203e-02	   2.3048152632028690e-01	   2.1266808867229683e-01	   2.8461566404872340e-01	   3.6593649108050241e-01	  -5.1061584425679662e-03	  -8.1199844765931367e-02	  -6.0019794413372823e-02	  -5.4921654514058248e-02	   4.4763171791206306e-02	   9.7650366554799431e-02	  -2.9618417611522313e-03	  -4.6389959941624710e-05	   2.3528017094689330e-01	   1.6736803451317681e-01	   3.5437484372389327e-01	   2.2505396799590457e-01	   4.5737962614828237e-01	   2.3368801583847348e-01	   5.6278844826921093e-01	   4.9342103780152513e-01	   5.5841032086956321e-01	   3.8070030135265565e-01	   6.9836102878433681e-01	   6.1025989452220952e-01	   6.2783748036304676e-01	   6.3798862402374956e-01	   3.4582705467840436e-01	   2.5927503919020989e-01	   4.1636864529792128e-01	   2.0106721015369539e-01	   6.0974415632767531e-01	   4.9410217181521965e-01	   3.0355769795394605e-01	   2.0485722915551285e-01	   6.2686596104185988e-01	   5.5170353845622899e-01	   6.0371335980156537e-01	   5.8226553392117175e-01	   3.6759007274386757e-01	   4.1199536219307498e-01	   5.8268303115645359e-01	   4.8494636017500475e-01	   6.7123841824053976e-01	   6.4834322350249451e-01	   3.1790520049421844e-01	   5.5293114464330206e-01	   5.8959110743700116e-01	   5.7178999114302220e-01	   7.3134529486707692e-02	  -5.7821443885872986e-02	   4.7705026828374431e-01	   5.5748648004593593e-01	   5.1018157923882679e-01	   5.2741730230720985e-01	   2.8459326965134069e-01	   3.5661225331468294e-01	   1.6996798443712474e-01	   2.1932716246567585e-01	   4.3527824351867128e-01	   2.0725350325069236e-01	   2.4519044300905024e-01	   3.0441866080099778e-01	   2.1890522032782395e-01	   4.8914035669104894e-01	   2.9317429620585134e-01	   4.7088320926545224e-01	  -1.0800652195796193e-01	   2.6313192640008712e-02	   4.2227206662365568e-01	   3.1474971067963509e-01	  -1.1804305445689289e-01	   2.3279588412240665e-01	   1.8598036318824029e-01	   1.4701212025661556e-01	   2.8364423117321685e-01	   3.9582633019829871e-01	   8.0741628748787958e-02	  -6.9234109828433865e-02	
   7.1253006808734232e-01	   5.9967066360685162e-01	   3.9384196883792866e-01	   4.8744462037965475e-01	   5.5822995087552962e-01	   4.4408085864074132e-01	   6.3545106402452611e-01	   6.5384486054583313e-01	   6.8523401176733190e-01	   6.3877531869522985e-01	   8.6889743432402300e-01	   0.0000000000000000e+00	   7.8288246994121080e-01	   7.6609831528539363e-01	   6.1104009264443138e-01	   6.3142308529460656e-01	   5.9304977080261145e-01	   3.3305013705727177e-01	   6.1484428898768684e-01	   5.9195998705127517e-01	   4.3954766239158538e-01	   2.2640681062322121e-01	   1.8578202853593012e-01	   1.4568274714333160e-01	  -1.4702338284819322e-01	  -1.6208907382754326e-01	   2.3873935213054201e-01	   1.6785283685278257e-01	   7.2263727511928466e-01	   6.0848614820205627e-01	   2.0058890020638492e-01	   1.3743315560074043e-01	   5.0733939329310396e-01	   4.0297231204262884e-01	  -1.6827446285258982e-01	  -4.1327278398439075e-02	  -6.5043996093203271e-02	   6.3269234821328457e-02	   2.9236757801444890e-01	   3.2628918881786517e-01	   3.2393352268575909e-01	   3.8319062638166446e-01	   1.4750048374269756e-01	   7.0636080458690950e-02	   2.9881678105866963e-02	   3.7695845253359915e-02	   1.7834179482274440e-01	   2.1533378780763468e-01	   1.2365366050892720e-01	   7.0015453395556787e-02	   3.6224637235557450e-01	   2.7211468856256360e-01	   4.3754616924819534e-01	   3.1220765346044960e-01	   5.0033331311540818e-01	   3.3799235133150457e-01	   5.6855820820931391e-01	   4.4757263986869300e-01	   5.9940271059481942e-01	   4.5850181587880035e-01	   6.5052583915486917e-01	   6.8400284196389460e-01	   6.0421140582632404e-01	   6.3017740878112805e-01	   2.8008157681922258e-01	   3.1845791480017599e-01	   4.2142327797950180e-01	   2.3919356194473163e-01	   6.7826168553934962e-01	   5.3325017255146512e-01	   3.9925165528489259e-01	   3.5064114856518547e-01	   5.9875782138564981e-01	   5.5627612084143085e-01	   6.9996692972949470e-01	   6.3121621411299633e-01	   5.0580351075191421e-01	   6.1606796455474766e-01	   6.4165265514008729e-01	   4.9140107814879735e-01	   7.7564701257200652e-01	   6.7765442190272274e-01	   2.8815124918767610e-01	   5.4584568735089101e-01	   5.1468970314891149e-01	   5.4462584096957578e-01	   1.2420567348995862e-01	  -4.9127987309228058e-02	   4.6898321274737476e-01	   5.6574006894832707e-01	   6.0189111383523963e-01	   5.6185662583809426e-01	   3.5417770393103104e-01	   3.2770128438944601e-01	   1.4872723917806932e-01	   2.0637191856417023e-01	   4.5838919753156726e-01	   3.8221145083912467e-01	   3.8237679654166856e-01	   4.3328038610419084e-01	   3.7821075149512029e-01	   5.4101383626364075e-01	   4.0349110721789716e-01	   5.3785710615047677e-01	  -9.9921122264231402e-02	  -1.4377537720969870e-02	   4.6986960332334227e-01	   3.9472734998906556e-01	  -1.6695178519943549e-01	   2.0486810619753673e-01	   3.4017761698548599e-01	   2.6552161539930302e-01	   3.8066169120933724e-01	   5.2954229852636669e-01	   1.1373958668682316e-01	  -2.0048780772844316e-01	
   6.4409692907965399e-01	   6.5402846316579388e-01	   4.7954952301402531e-01	   2.8360468462573546e-01	   3.8832629399513541e-01	   2.4430253084423809e-01	   5.4280722848545704e-01	   4.6457169182308106e-01	   6.7843459462578881e-01	   4.5109738681871059e-01	   8.7144392390075320e-01	   7.8288246994121080e-01	   0.0000000000000000e+00	   7.8849222756155379e-01	   7.8072697649415990e-01	   6.5648009419784092e-01	   5.0498562620270904e-01	   2.8063617459996509e-01	   5.6537991834942858e-01	   4.8303177869742137e-01	   5.7405155653537598e-01	   2.2553677631141711e-01	   2.1928228200641844e-01	   3.5019815065224238e-02	  -1.4739076202781790e-01	  -2.0082754095263997e-01	   2.9992829160415024e-01	   1.7403793642053461e-01	   6.3585172275224988e-01	   4.7608403425066270e-01	   2.6721875648828958e-01	   1.0624299071489102e-01	   4.9281753679144680e-01	   3.2877320252171149e-01	  -1.5372834663296225e-01	  -9.9330509058997610e-02	   3.6981130211557800e-02	   2.4245026092943300e-01	   3.3808483223178276e-01	   4.1350982927587870e-01	   4.3756845985139681e-01	   3.9561685348129672e-01	   2.0077916950543624e-02	  -5.2668472952731599e-03	  -4.2855502667389821e-02	  -2.9849663946193674e-02	   6.9294239207648725e-02	   1.5922385492639687e-01	   8.5141127918405196e-02	   1.0777185306795217e-01	   3.0237502367166580e-01	   2.3407691234646721e-01	   4.7892313016153898e-01	   3.1502231853362395e-01	   5.6208842120932601e-01	   3.4238039222035382e-01	   4.7887225080494911e-01	   5.2300780821574067e-01	   5.5233675824718698e-01	   5.1264589216110867e-01	   5.8194465291988007e-01	   5.5268090519093283e-01	   4.4544003721226522e-01	   5.2501615108957267e-01	   3.8726276510254298e-01	   1.6576913404691235e-01	   3.3534491407886136e-01	   1.1956211249422807e-01	   6.1405707133712351e-01	   5.6940451143594983e-01	   2.8942866956416297e-01	   2.5672849289066596e-01	   5.9161810312323992e-01	   5.6372437753736437e-01	   6.1071467097300824e-01	   6.8772711782607199e-01	   3.8278229609135772e-01	   4.6163474710706237e-01	   5.3049945747520233e-01	   4.4359486939894699e-01	   6.5359419651913697e-01	   5.9594725268845627e-01	   5.0015787985381843e-01	   5.8797186693339787e-01	   6.2114141000247491e-01	   4.7976178399927594e-01	   2.3666418467084965e-01	   5.5961180369830964e-02	   4.8775106156126580e-01	   6.1852375229538947e-01	   4.3102625539907125e-01	   5.5105707484649213e-01	   2.5237367655234333e-01	   3.7492047850852550e-01	   1.9784701640013796e-01	   1.8300323991476572e-01	   4.6900367278358990e-01	   3.2341372460789991e-01	   2.8929972722486952e-01	   3.7922789886469471e-01	   1.7216055362670682e-01	   5.2629265237168155e-01	   2.1730166050476252e-01	   4.7648422864575535e-01	  -1.2187270271277076e-01	  -3.0220197347561119e-02	   3.3809319736803306e-01	   3.5100754515766364e-01	  -5.6384571817205492e-02	   2.8339584718036809e-01	   3.0796667092199626e-01	   1.7129520897212222e-01	   3.5508768543918284e-01	   4.6738391040020272e-01	   1.1648758110743329e-01	  -1.5745581489344601e-01	
