   0.0000000000000000e+00	   7.1976936630693911e-01	   6.9873159389031314e-01	   4.8286709025133701e-01	   2.0060474145390150e-01	   6.5610830664260156e-02	   5.0619107259980978e-01	   3.4585628491111869e-01	   3.4348596255395891e-01	   1.3711482574473419e-01	   6.3955062608504587e-01	   5.9178991888547516e-01	   5.3351730852663914e-01	   4.1974855282264506e-01	   5.7278836351540119e-01	   5.2209070570540672e-01	   5.6706948548867731e-01	   4.8841425295296242e-01	   7.1642161073527233e-01	   6.2927295487761159e-01	   6.8469585965090207e-01	   3.8663295938896935e-01	   4.7914539278151158e-01	   2.7598678502479818e-01	   4.3091997858593278e-01	   3.6705530076984771e-01	   5.5502626487698614e-01	   5.7109555530866052e-01	   5.2996417491493619e-01	   4.3893202647532087e-01	   5.6965044217508831e-01	   4.7932399234386386e-01	   5.1316672334731894e-01	   4.0888205017100399e-01	   3.4620872697357752e-01	   2.9665650841886926e-01	   5.2240754371374976e-01	   3.6137316993446011e-01	   6.9569546752243494e-01	   5.6247479531083389e-01	   5.7317978832768213e-01	   5.6167469017103455e-01	   5.6672961434760749e-01	   4.9507437785023256e-01	   5.2566546157621086e-01	   4.3951588246820317e-01	   5.5678704807063228e-01	   5.1402105189060932e-01	   4.5416929283600715e-01	   3.0617523677663461e-01	   5.9278378164989309e-01	   5.0918687374528959e-01	   4.2947333660460457e-01	   4.3049022627705813e-01	   7.1369246181214963e-01	   6.6435501009169995e-01	   7.5788169588493615e-01	   6.1767079978545580e-01	   4.5914677192726683e-01	   2.7726680611001253e-01	   3.4449989140667825e-01	   3.5485690783600241e-02	   3.5712927681392842e-01	   2.4884844205248596e-01	   2.7726558361380382e-01	   3.4923264140427387e-02	   4.0809210178106325e-01	   3.2804460751639619e-01	   4.3659904982986769e-01	   2.0465934535147645e-01	   5.8287247248576413e-01	   4.0673131099166299e-01	   6.6531621866476420e-01	   6.1911198975227433e-01	   6.6858546275765285e-01	   6.1728244216423400e-01	   7.4674672269099318e-01	   6.3029669773172792e-01	   5.6678504110840700e-01	   5.6073722146031546e-01	   5.7335828567335856e-01	   6.2666718321251647e-01	   6.5945827468072038e-01	   7.3324710927508185e-01	   7.2017734892540763e-01	   6.1994123448670624e-01	   6.8165564603435880e-01	   7.4353501886913898e-01	   6.4861601903322530e-01	   6.8104978670362992e-01	   5.5454826164239923e-01	   5.6242415365846399e-01	   2.3918896362933648e-01	   4.6874548333226024e-01	  -7.8742196272418880e-02	   3.2106558999699220e-01	   6.6296419473182522e-01	   7.2901165360489706e-01	   5.7883864796809459e-01	   6.8332231993238013e-01	   2.4878305579551352e-01	   3.8752206799506894e-01	   5.1483519503702779e-01	   5.5268249429815763e-01	   3.4848380014597247e-01	   1.9667021645508759e-01	   3.4783679177351529e-01	   5.4871757187253023e-01	  -1.1665476015123027e-01	  -1.1045574909606523e-01	   4.5473650085245698e-01	   3.0542737778188167e-01	   2.6087062474246819e-01	   4.3058155825281841e-01	   5.7765856806661608e-01	   6.2029915637855225e-02	
   7.1976936630693911e-01	   0.0000000000000000e+00	   6.3379457263426187e-01	   5.7369190265411862e-01	   2.8266970979933703e-01	   2.1434427085487029e-01	   5.0596324458591102e-01	   4.8987266848223576e-01	   4.4686159669110281e-01	   3.4460437495557406e-01	   4.6855762937964607e-01	   6.0507613331069177e-01	   4.6917785008896862e-01	   4.5361019447266515e-01	   4.6351881509479281e-01	   5.0965270706641019e-01	   4.7520772479918644e-01	   5.7739341650284137e-01	   6.7667856341642962e-01	   6.6425638920253760e-01	   4.4744146182177574e-01	   3.3548472530360918e-01	   5.1846994852038986e-01	   3.5398735481270693e-01	   3.1966685639784609e-01	   2.1471258508352203e-01	   5.8937873813829422e-01	   5.3545054762482913e-01	   4.9265899332163454e-01	   4.4370107488271793e-01	   4.9063312376020657e-01	   4.6945194208274921e-01	   4.0499343977117142e-01	   4.4698578245051468e-01	   2.5758412324724678e-01	   2.4672174357329912e-01	   4.4887731703291489e-01	   3.3327045723503046e-01	   4.9230103726873436e-01	   4.8955027968169906e-01	   4.8861131785767120e-01	   5.1755256810926586e-01	   4.2335286441652864e-01	   4.1002446293736516e-01	   3.9882848379108859e-01	   3.6745096452653936e-01	   4.8136732174630847e-01	   4.0013871519663946e-01	   4.8641923394406078e-01	   3.5627611115595859e-01	   5.4955552533979357e-01	   5.0902185686840529e-01	   4.5610748383903943e-01	   4.7113707005912031e-01	   5.4748091651455733e-01	   5.6572465340982903e-01	   6.3033087256938669e-01	   7.5481425377073996e-01	   5.0097290873595912e-01	   4.0913437666728203e-01	   3.5301386043175759e-01	   1.4867307836332253e-01	   3.3229756948243289e-01	   4.2157367815817592e-01	   1.5762882690453872e-01	   8.5622251452758244e-02	   3.2475425893612175e-01	   2.5820677391986113e-01	   3.7309488385106143e-01	   1.8993499600796662e-01	   3.8572344037552320e-01	   4.0410685721810491e-01	   4.6143198908361105e-01	   5.6254427652416394e-01	   4.8668926674600865e-01	   6.7211141335161328e-01	   5.0918255458557837e-01	   5.1413711252822969e-01	   5.1742064407030852e-01	   5.0997375937330613e-01	   5.5878029339965141e-01	   5.7957015686462898e-01	   5.7782947477052549e-01	   6.0153915149084969e-01	   5.4021154933665838e-01	   4.9108895636084243e-01	   6.0276721763519414e-01	   5.7549512655471602e-01	   4.6536814992659825e-01	   6.1918697181798299e-01	   4.6975422957757307e-01	   4.5493224169719776e-01	   2.0240673560205152e-01	   2.3546700420769856e-01	   1.3610837099492840e-01	   1.5600693257894255e-01	   4.7149527265848756e-01	   5.4371253501517847e-01	   4.9426329099763561e-01	   5.6736677331820307e-01	   2.8506904758244744e-01	   3.4404564579081981e-01	   4.3368700348635592e-01	   4.9208774449880427e-01	   2.7049723570121204e-01	   3.2428372364754893e-01	   3.2302080081589746e-01	   4.7991640739931940e-01	   1.8339657365982462e-01	   8.7770880710444088e-02	   2.6227650879709696e-01	   7.5979217649233738e-02	   1.6934009145257137e-01	   3.6221752703459076e-01	   5.3418895943692912e-01	   9.0697868933832054e-02	
   6.9873159389031314e-01	   6.3379457263426187e-01	   0.0000000000000000e+00	   8.0512271873199193e-01	   6.2224358990922779e-01	   5.0642430157649510e-01	   8.7971782091079831e-01	   6.6365488901830505e-01	   6.0111143840604575e-01	   4.0606414286322373e-01	   6.2333880093281457e-01	   5.2377831450734713e-01	   5.6027222349042893e-01	   4.1172256705247562e-01	   5.2508195859163653e-01	   4.5172850868818559e-01	   3.9612441065436710e-01	   4.0147927924138960e-01	   7.7095752829664899e-01	   7.1610666251033905e-01	   6.0685624622895740e-01	   5.4015118661080186e-01	   8.1973917566659205e-01	   6.0500704558131879e-01	   6.5200955297770313e-01	   6.3247463086419242e-01	   6.1619366620566662e-01	   6.2799528345020583e-01	   4.4181236581616512e-01	   3.9312876576803507e-01	   8.3782820239010525e-01	   7.6637533838582494e-01	   7.4882542916730421e-01	   6.7289978060277056e-01	   6.3242247730388901e-01	   4.6762085211033244e-01	   5.7843732900448996e-01	   3.7269907756437304e-01	   5.7637015930328983e-01	   4.3124226486458700e-01	   5.4527136377320462e-01	   5.3957172575727319e-01	   4.4747158354221311e-01	   3.5202050032434745e-01	   5.1977860865680348e-01	   4.3854552831511356e-01	   4.2490332631434491e-01	   3.1264954269577261e-01	   4.0138592527465000e-01	   2.4902880076967013e-01	   5.2504472227125054e-01	   4.1686220028705911e-01	   3.2666992369251174e-01	   3.7703707451768931e-01	   5.2065336768690607e-01	   4.8933138057387537e-01	   4.5811182091196534e-01	   5.5992103622414013e-01	   4.2091528828593217e-01	   2.5292886951358284e-01	   4.3971175516398453e-01	   4.4191302546385508e-02	   2.3377509090078741e-01	   2.4153627004095066e-01	   6.1421476821984711e-01	   3.4966990944289011e-01	   5.9869921059259612e-01	   4.8821839410176054e-01	   4.1104943715005726e-01	   3.5464582369815056e-01	   5.9850468241995025e-01	   5.1431029582454502e-01	   4.7558219874616348e-01	   4.7009440643692813e-01	   6.6338230594227732e-01	   4.5796332607468088e-01	   6.5629527765807927e-01	   5.0820673906739766e-01	   5.1408354891642305e-01	   5.7165818759617970e-01	   4.3670032305335116e-01	   5.6574565867547466e-01	   5.8896470819506752e-01	   6.9321191120403280e-01	   7.0409001425294382e-01	   6.9559056121687890e-01	   6.9601404732087191e-01	   7.0208510790538237e-01	   6.8083227782616351e-01	   7.0904270106651290e-01	   6.5411074809052394e-01	   7.8420521142507749e-01	   4.4522993597092059e-01	   6.4440203197270696e-01	   7.8806499777943267e-02	   2.4108794664445585e-01	   5.7639418823491484e-01	   5.3257463815399742e-01	   4.8628337869079880e-01	   5.8016877988725368e-01	   2.1949914950745009e-01	   6.1279019957093628e-01	   4.2251735264673629e-01	   5.4756600099432429e-01	   3.3526186313395323e-01	   3.5335451516523136e-01	   4.7443656627911823e-01	   6.9302181455399980e-01	   1.0780749042254079e-01	   4.4380284944218397e-02	   3.9491793722926616e-01	   2.0482706579085191e-01	   1.6818873019133831e-01	   2.8781879270671362e-01	   3.6216707937787296e-01	   4.2980042784610102e-02	
   4.8286709025133701e-01	   5.7369190265411862e-01	   8.0512271873199193e-01	   0.0000000000000000e+00	   6.9418691859675663e-01	   6.7328597856217187e-01	   7.8535137731693117e-01	   8.4446049813764135e-01	   6.1940944402819220e-01	   5.1990384630656816e-01	   6.4427662540021025e-01	   5.3581692319507801e-01	   5.3263791551304251e-01	   4.9809794219214165e-01	   4.8702405337571320e-01	   5.4039605778173649e-01	   4.3920851353190105e-01	   4.1962446155552607e-01	   5.9858589881896973e-01	   7.1469535087372493e-01	   5.1148643374803082e-01	   5.2472492665986215e-01	   7.9818975949391180e-01	   8.1550644625271973e-01	   6.0011940343072800e-01	   5.8371301327912906e-01	   6.3443236986957374e-01	   6.4212969283063148e-01	   4.2935451630109511e-01	   3.7949540250609326e-01	   8.0535409043624218e-01	   8.2247568349149303e-01	   7.3384516289714341e-01	   7.6189197063764225e-01	   6.2578902679541237e-01	   5.4905071927935967e-01	   5.2468821032398338e-01	   3.4518569054229242e-01	   4.4775353537504647e-01	   3.5470379535705771e-01	   5.0463555753876110e-01	   6.1606375430563842e-01	   2.8323313195380123e-01	   2.1181114293240952e-01	   3.6345429887954783e-01	   3.1434548558141595e-01	   2.6077230666030343e-01	   1.4384703526124884e-01	   1.8800646424615239e-01	   1.0215158907382227e-01	   3.6877844356103107e-01	   2.9956015213916576e-01	   1.7259839440478500e-01	   1.8272206458991952e-01	   3.2356444396458817e-01	   2.2928595896035958e-01	   4.3862591989189664e-01	   6.3442510707872513e-01	   2.8606970235803525e-01	   2.4125017667098614e-01	   4.0034485956246746e-01	   1.8539607401988595e-01	   3.6834254570093772e-01	   3.8866528359163721e-01	   5.7338171439054220e-01	   4.7309867766895064e-01	   5.9930843376261989e-01	   5.4852504279957348e-01	   5.0438867360558826e-01	   5.2426490928372660e-01	   3.8766489933991011e-01	   5.3042758417730951e-01	   4.0493987531532011e-01	   3.9994348807646207e-01	   5.5897276423246378e-01	   4.0469886283509604e-01	   5.2474628835371229e-01	   4.3158965623189821e-01	   5.5973940639672826e-01	   5.5818650465538089e-01	   5.5560701368626919e-01	   6.3703450665713013e-01	   5.3403477321021897e-01	   6.2694400328156830e-01	   7.2663324484080616e-01	   7.2412853095946128e-01	   5.8773241263346532e-01	   6.9803855868200482e-01	   5.3557537475555672e-01	   6.0114025552403016e-01	   5.7715294745390733e-01	   4.9572522517097217e-01	   5.4213853384854416e-01	   3.7116535100971837e-01	   2.0894080709583249e-01	   2.2183126444120688e-01	   4.2821822918494878e-01	   2.6271740370806917e-01	   3.1553976819391105e-01	   3.4966802774619266e-01	   1.2698527491762082e-01	   3.8185896474420811e-01	   2.5061612132870636e-01	   3.1828362815277222e-01	   2.6569422574744650e-01	   2.4621458276014499e-01	   2.7972172167089765e-01	   6.2669451418034905e-01	   1.8885305170007161e-01	   9.6250707466132845e-02	   2.6975466574184970e-01	  -5.8380503508260823e-02	  -9.8863965695338452e-02	   1.2790839649745583e-01	   1.8306305151159730e-01	   1.6214048938451806e-01	
   2.0060474145390150e-01	   2.8266970979933703e-01	   6.2224358990922779e-01	   6.9418691859675663e-01	   0.0000000000000000e+00	   7.7878588039853058e-01	   7.7050969477619524e-01	   6.9397483330316290e-01	   8.1281299444248767e-01	   6.0911585024905479e-01	   4.3997816749696211e-01	   3.6672341356367782e-01	   4.8452063849615168e-01	   3.9932992536375805e-01	   2.9573476555911421e-01	   2.2787082970413991e-01	   3.6054592647499617e-01	   3.3877844066825497e-01	   3.8317909248143178e-01	   4.4211297742529587e-01	   4.2365549057300189e-01	   4.8511115808577787e-01	   5.4028508548484333e-01	   5.2693507931450501e-01	   4.8886198790917745e-01	   4.9864264504698530e-01	   4.9588280893501435e-01	   5.2257312214892626e-01	   4.1465273239395128e-01	   4.0877912045649789e-01	   6.4600525363257744e-01	   6.9786473714170494e-01	   6.1525813594658196e-01	   6.4566702260102282e-01	   5.6119750756399411e-01	   5.0477247652603996e-01	   3.3408057662200286e-01	   1.2698724636749109e-01	   1.9183864646226931e-01	   1.1387244551238593e-01	   1.9441161486896935e-01	   3.2858224314100626e-01	   2.4460809408279674e-01	   2.2389396682398427e-01	   4.3630163392569560e-01	   4.0924755938054325e-01	   2.3619673305377642e-01	   1.0978929166667888e-01	   2.3783430096548458e-01	   1.2878551005009933e-01	   3.4860060264286580e-01	   2.5206642310574517e-01	   9.7485503429315112e-02	   4.5298390516562828e-02	   1.7821859572542736e-01	   7.4467344732262283e-02	   8.1960307196254606e-02	   2.6333093656982404e-01	   3.7450089921299040e-01	   2.1424240593039884e-01	   4.7366558200987896e-01	   2.6571359672669431e-01	   2.3669545046619284e-01	   3.3547994938126630e-01	   5.3480005535059694e-01	   5.8902061331080513e-01	   6.6711821152934991e-01	   5.6916175284727111e-01	   2.7150003093606967e-01	   3.3062822746995724e-01	   4.1806899492063010e-01	   4.4890183453067323e-01	   2.1863691364377760e-01	   1.1430504242021937e-01	   3.7663229602225529e-01	   2.1444941547818935e-01	   4.7834556300139230e-01	   3.3518293718120218e-01	   4.0360391936232287e-01	   5.0241566832427076e-01	   3.6815469428279590e-01	   4.3607716610719988e-01	   3.6232441801534543e-01	   4.4266094913062565e-01	   4.6539025882853080e-01	   3.8258854239387952e-01	   3.8056300401173354e-01	   4.2516560740512710e-01	   4.6414404352821226e-01	   3.7192780783789542e-01	   4.1765035614695967e-01	   5.3647513613423559e-01	   4.4408251176891428e-01	   4.7480438202894570e-01	   3.0666500939412822e-01	   1.5579008978776157e-01	   3.4022195036362901e-01	  -4.8257100798390117e-03	   1.7610166950800374e-01	   2.1995935298618652e-01	   5.2037439854584347e-03	   5.1146558312761514e-01	   8.3798400058719677e-02	   3.6962807212107451e-01	   1.9446778074255541e-01	   2.6957617667900879e-01	   2.0532153926557978e-01	   5.4667061381013482e-01	   1.0452074296488487e-01	   1.5756495242157820e-01	   2.0557370966098010e-01	   7.3179271203181497e-03	   1.1482444876416137e-01	   7.2126815006881728e-02	   4.9729427779250213e-02	   7.8923185753714140e-02	
   6.5610830664260156e-02	   2.1434427085487029e-01	   5.0642430157649510e-01	   6.7328597856217187e-01	   7.7878588039853058e-01	   0.0000000000000000e+00	   6.5773839677744617e-01	   7.1551461292143181e-01	   5.8008043794929554e-01	   8.1311412207096723e-01	   4.2585957223183651e-01	   3.7147004544235551e-01	   4.6716159026293752e-01	   4.1539211190837200e-01	   3.1011824253894360e-01	   4.2486679942730488e-01	   3.9258544547814378e-01	   2.4780333252186149e-01	   2.9269614481599826e-01	   3.8497279171829535e-01	   3.8644165386561424e-01	   5.3331781620011609e-01	   5.2549899147708723e-01	   5.8753112794577500e-01	   3.8116671773525890e-01	   5.3628869410162117e-01	   3.4448031946360025e-01	   4.8542704937222103e-01	   3.8563485928712038e-01	   4.0723633104026113e-01	   5.4894377076682022e-01	   6.5472652358260630e-01	   4.7366185799623500e-01	   5.8644013536610662e-01	   4.6101615259173634e-01	   4.5490455977474187e-01	   3.8974168362953554e-01	   2.4304168085235597e-01	   2.0260344731883828e-01	   1.7836492757905598e-01	   1.9565602041338995e-01	   3.9417266098468612e-01	   3.0112359751088918e-01	   2.8158602361028218e-01	   4.8434902357766457e-01	   5.0089403540579691e-01	   3.0038886255893255e-01	   1.8185910379719730e-01	   3.4272638928730048e-01	   2.5387225888010478e-01	   4.1835284100514175e-01	   2.9338922416491253e-01	   2.7831920988151404e-01	   2.1160677773054581e-01	   2.1258398429640013e-01	   1.3036871329084204e-01	   1.7468775998211363e-02	   2.2419731227970546e-01	   4.5512222789439916e-01	   4.2750079185489231e-01	   4.7336341818206906e-01	   4.1066212692699972e-01	   2.9167939402234799e-01	   3.3667230484949651e-01	   4.7698898193463662e-01	   6.7650963132693631e-01	   6.9468640772383183e-01	   6.0051688770060030e-01	   3.2435241694037398e-01	   4.5536264759392381e-01	   4.0295585499562869e-01	   4.5661771852677213e-01	   2.1204255024963903e-01	   1.5981559210815705e-01	   3.1509835268227587e-01	   1.2204858650556849e-01	   3.9514128739286170e-01	   2.9118342631408517e-01	   5.3178797941274702e-01	   4.9188787073721257e-01	   4.9097214234482256e-01	   4.6129653420417016e-01	   3.7116764385619144e-01	   3.1980662433968043e-01	   4.3080950820767355e-01	   4.6097629795461692e-01	   2.5270880609068591e-01	   3.2729652979298041e-01	   4.7505632259442176e-01	   4.6815061825919851e-01	   5.0213455888114078e-01	   4.0885208383717375e-01	   5.1412723408957950e-01	   3.2991220221491241e-01	   5.2554837666078225e-01	   3.1406267040277108e-01	   3.5797408492136884e-01	   3.7355266443448928e-02	   2.5739398820868031e-01	   2.1598763311842067e-01	  -6.5165988570163758e-02	   2.8963999559769876e-01	   6.3249245282337010e-02	   1.7725804224690397e-01	   2.5736452849383196e-01	   2.5339305009782132e-01	   2.6163004518710037e-01	   6.0627142244955001e-01	   2.0167088436110878e-01	   3.6158146545903846e-01	   3.3799566765438038e-01	  -6.2265411729634486e-03	   9.1460527150880544e-02	  -2.8849255333047107e-03	  -1.2631484298502879e-01	   2.2373769961306866e-01	
   5.0619107259980978e-01	   5.0596324458591102e-01	   8.7971782091079831e-01	   7.8535137731693117e-01	   7.7050969477619524e-01	   6.5773839677744617e-01	   0.0000000000000000e+00	   8.1328411140600887e-01	   7.4907562180874676e-01	   5.3065488276450812e-01	   6.8997027773859909e-01	   6.4489015917408632e-01	   7.0316606103019463e-01	   5.0753160227737892e-01	   4.9780216684487710e-01	   3.5903287354183716e-01	   5.0909288899520444e-01	   5.1648523550350967e-01	   6.8312004739814935e-01	   6.5670123489023946e-01	   5.1719760458855213e-01	   4.8427814112439582e-01	   7.6669403460769003e-01	   5.9557815082396171e-01	   4.7825760883536339e-01	   5.1849873316656558e-01	   4.6358154385080946e-01	   5.0962962673107115e-01	   5.3110049119052261e-01	   5.0370966909856663e-01	   8.2398737320403903e-01	   8.0215502615602829e-01	   7.9317131588840173e-01	   7.5381976798888006e-01	   5.7568906259948971e-01	   4.6254548811297763e-01	   4.5047300916325728e-01	   1.8522145634821133e-01	   4.1953427026548096e-01	   2.7902542219610693e-01	   3.9328853076662162e-01	   4.7139077224268278e-01	   2.9108776975595330e-01	   2.1586041516795540e-01	   4.7774403695750245e-01	   4.2058859025192946e-01	   3.1503497918839718e-01	   1.5155404330934108e-01	   2.7341472580597015e-01	   9.0752979273237805e-02	   4.1151210747608397e-01	   2.8934770996872616e-01	   1.9606146573707714e-01	   1.8860143116676609e-01	   3.7519790386782959e-01	   3.1220378364547630e-01	   3.3122572909467729e-01	   4.5680239824901103e-01	   3.6506971682690803e-01	   2.0884149496824694e-01	   6.2973977187289965e-01	   2.8888115510795831e-01	   4.2153847858260246e-01	   4.6137662820819780e-01	   6.8519517396712937e-01	   5.3656424085111198e-01	   6.2571162095348332e-01	   4.6919892078615455e-01	   3.0339365163329152e-01	   3.5457586007628472e-01	   5.6188950641792978e-01	   4.6512921098847881e-01	   4.3802660965498352e-01	   4.4211636664713772e-01	   6.1836642387628804e-01	   4.1770133486471961e-01	   6.0886249917821311e-01	   5.1285383671221485e-01	   5.6087342171937982e-01	   6.9977419625757920e-01	   4.9731792772445188e-01	   6.1984380314905130e-01	   4.8193940618710757e-01	   6.1487774927496153e-01	   6.1296041103994547e-01	   6.2980905499539019e-01	   4.6343612111335802e-01	   5.4496722774012751e-01	   6.6703469849604136e-01	   6.1937296906205863e-01	   6.0586061012633041e-01	   7.3024980433944320e-01	   4.1491641594017881e-01	   5.9911354567688113e-01	   1.6101413582979268e-01	   1.4690353348708357e-01	   4.1340547893275026e-01	   2.8389816107031607e-01	   3.3574858741691049e-01	   3.9122822081778530e-01	   1.2864761884443005e-01	   5.4776231862714586e-01	   2.8376059402872700e-01	   4.0881819626840454e-01	   2.5173207017226751e-01	   3.0147833521387130e-01	   2.5821064989100295e-01	   6.3850711169558594e-01	   9.7489463401677551e-02	   7.3518828341263928e-02	   2.6364144128346922e-01	   1.6308053849582976e-02	   3.9312104693202440e-02	   2.3067104260364282e-01	   2.0517322263278462e-01	   1.0806107379131623e-01	
   3.4585628491111869e-01	   4.8987266848223576e-01	   6.6365488901830505e-01	   8.4446049813764135e-01	   6.9397483330316290e-01	   7.1551461292143181e-01	   8.1328411140600887e-01	   0.0000000000000000e+00	   7.4386203707584908e-01	   6.6991558633230475e-01	   7.0934570633369487e-01	   6.7571097704841177e-01	   7.2293148765218396e-01	   6.7181955028503326e-01	   5.5260265887623594e-01	   5.7244352006278920e-01	   4.8225123361881295e-01	   4.7437167994010065e-01	   4.5506600989183943e-01	   5.4361477218029064e-01	   3.7465695513745934e-01	   4.2417919427343531e-01	   7.8102660072437025e-01	   7.8315916597585811e-01	   4.0973859780211974e-01	   3.9152897456103586e-01	   4.9608105293647631e-01	   5.7098082402423112e-01	   4.5862148589784446e-01	   4.0724800166443731e-01	   7.1602839830571141e-01	   7.6903927082909496e-01	   6.1266416120199008e-01	   6.9542190561834505e-01	   3.5703846095789554e-01	   2.6713182461863355e-01	   3.0395314513110400e-01	   1.2380263489760265e-01	   2.8196377726960364e-01	   2.0308834475718845e-01	   3.4541485036366998e-01	   4.6028845120275208e-01	   1.3394021533620459e-01	   9.0304927262223583e-02	   2.6076854031333729e-01	   2.2722715529370402e-01	   1.7366250025330265e-01	  -1.2902672836903085e-02	   8.4316357481244469e-02	  -6.0955742632311641e-02	   2.4523004110897495e-01	   1.3704325429602254e-01	   6.9782381991340264e-02	   2.2457054653904482e-03	   2.0389124645945900e-01	   1.3457444605640645e-01	   3.1092496220213439e-01	   5.2647304387482508e-01	   2.0785232257838224e-01	   2.3271741240386323e-01	   6.3671076598142107e-01	   4.9258572622706442e-01	   5.3754415878103767e-01	   6.1389774582520273e-01	   5.9187016806613812e-01	   5.8818104742285660e-01	   4.4059147940797222e-01	   3.0872748878791645e-01	   2.8724004690868715e-01	   3.9804809204271940e-01	   3.5691305908147852e-01	   3.6902695004827757e-01	   2.7386189543741857e-01	   2.9319502216145460e-01	   4.7618197087369124e-01	   3.4501404813541175e-01	   4.2503730042952864e-01	   3.1571458650271111e-01	   5.4966187617274531e-01	   5.6887039363693825e-01	   5.6036750369971455e-01	   6.0550129280700782e-01	   4.4705430450930606e-01	   4.7112438586847294e-01	   6.0230014997525694e-01	   5.8382633750581181e-01	   3.6410987054050281e-01	   5.3224509444097523e-01	   5.5684798570472194e-01	   5.9742303679853503e-01	   4.9158132719280023e-01	   4.4075408776817715e-01	   5.1162686079215547e-01	   3.2900819509094459e-01	   2.4600821876138779e-01	   1.8350719100056323e-01	   2.4551861608470241e-01	   1.4297629325416561e-01	   1.6506005936905685e-01	   1.7026745949933852e-01	   7.2103304282806147e-02	   2.4406530135602550e-01	   6.1814936610318054e-02	   1.2992910609210520e-01	   1.5561058818953133e-01	   1.1789779883709117e-01	   9.3330574020921653e-02	   5.3172134780013836e-01	   2.8071077283200868e-01	   1.4440498554300027e-01	   6.1201080371884528e-02	  -3.2016499930366144e-01	  -1.4171455491230062e-01	   6.2392858415941277e-02	   3.6173156625476877e-02	   2.4663637065777963e-01	
   3.4348596255395891e-01	   4.4686159669110281e-01	   6.0111143840604575e-01	   6.1940944402819220e-01	   8.1281299444248767e-01	   5.8008043794929554e-01	   7.4907562180874676e-01	   7.4386203707584908e-01	   0.0000000000000000e+00	   6.0484262890272056e-01	   5.3851976960062142e-01	   5.9459892555102889e-01	   6.1666487364778289e-01	   5.1538411148608110e-01	   4.9060739101806261e-01	   3.9789521285707685e-01	   4.3917735319246498e-01	   5.2019491243536287e-01	   4.5088330381986130e-01	   4.4300452689645797e-01	   3.4777298125028150e-01	   2.6562439438066354e-01	   6.0497007791155810e-01	   4.8917294393207689e-01	   3.1186870219924206e-01	   2.3599998863188992e-01	   3.7492222758297356e-01	   4.5074380692256028e-01	   5.4466032690855659e-01	   4.8096128972198399e-01	   6.4186291094880032e-01	   6.6151543491970766e-01	   4.9844873222953662e-01	   5.5084685992181792e-01	   3.1648766286910568e-01	   2.7165523583750373e-01	   2.9620950950818492e-01	   3.5740706498955853e-02	   1.9080488213905147e-01	   6.9630561551214637e-02	   2.0195890848839956e-01	   3.5219010866352363e-01	   2.0569851491302840e-01	   2.0184570511966510e-01	   2.8703378944073776e-01	   2.7936655005645739e-01	   2.8163151593453439e-01	   1.5641419752369790e-01	   2.2554443199143376e-01	   1.2320743856509417e-01	   3.1554313047536708e-01	   2.7808148246368652e-01	   2.0527571691347690e-01	   1.4277085352335725e-01	   2.8306307987110663e-01	   2.1047313276703700e-01	   2.0232299735163889e-01	   3.4497131005572862e-01	   3.3261710947661505e-01	   2.5838140285120642e-01	   5.4885306012142432e-01	   4.2773700170888224e-01	   3.9770309569059065e-01	   5.3508949339708689e-01	   4.5973813851701573e-01	   4.4856365289929345e-01	   4.1955424972911670e-01	   3.0355348611212696e-01	   1.2467315855881914e-01	   1.5650348080084470e-01	   3.6601490526187397e-01	   3.3322297332215789e-01	   2.7467649530098975e-01	   2.0765146210519961e-01	   4.5423781767665172e-01	   4.4394238687983328e-01	   4.9549021535314536e-01	   3.4909162386380999e-01	   4.3299163260620693e-01	   5.2142128940424670e-01	   4.6792889830833145e-01	   5.1114141996040330e-01	   4.4709509452746909e-01	   5.1155286573346603e-01	   4.7527338059388846e-01	   3.3064796927347451e-01	   3.0600230250250393e-01	   3.5913564303496265e-01	   4.8945536547264656e-01	   4.0531499959379208e-01	   4.4684579244626610e-01	   5.5422221292410723e-01	   3.0281549099879979e-01	   4.1426703637446244e-01	   1.6514282732069463e-01	   3.4234494643176336e-02	   2.5773046473216488e-01	   5.3805021309192874e-02	   2.5364719140041708e-01	   2.9950464412161998e-01	   1.9792162518218255e-02	   4.0674327923930287e-01	   5.0120610814466844e-02	   2.9466340901466592e-01	   9.1317648320955402e-02	   1.9558081551637113e-01	   1.7380588989633988e-01	   5.1745075475955193e-01	   1.2335321591482273e-01	   6.7076264247080304e-03	   3.2114826502485601e-02	  -1.1147081230780537e-01	   5.2298403745423175e-02	   3.8383827596173654e-02	   7.6514707206676774e-02	   1.1420142599393482e-01	
   1.3711482574473419e-01	   3.4460437495557406e-01	   4.0606414286322373e-01	   5.1990384630656816e-01	   6.0911585024905479e-01	   8.1311412207096723e-01	   5.3065488276450812e-01	   6.6991558633230475e-01	   6.0484262890272056e-01	   0.0000000000000000e+00	   4.6710190139675845e-01	   4.6131835937671439e-01	   5.2435669546728403e-01	   5.2147256211506621e-01	   3.2232873192643990e-01	   5.6109731661544560e-01	   4.2279158704611214e-01	   2.4158644839385440e-01	   3.0407033237531733e-01	   2.8500971517350998e-01	   3.4005044888377201e-01	   4.9101183176636343e-01	   4.7255603048016409e-01	   5.3132532095908780e-01	   2.6269749862904734e-01	   3.4784318395160391e-01	   3.5172724330397021e-01	   4.9115724918601733e-01	   3.6632030871240251e-01	   3.6350545272957641e-01	   3.7129941481351547e-01	   4.6516420060074704e-01	   3.0261043770979817e-01	   4.0156476050854051e-01	   2.7661385801267024e-01	   2.5487324331332140e-01	   2.3991396857691571e-01	   9.1260793543651936e-02	   9.0380972956439765e-02	   9.6221516173419300e-02	   1.9868928748043546e-01	   2.8954693332063897e-01	   3.5422392154829485e-01	   3.6008735585670293e-01	   4.4972080338136367e-01	   4.6605831331678038e-01	   3.6997125321143320e-01	   2.5066532024486299e-01	   4.0904861288443539e-01	   2.8226175842183232e-01	   4.6787470024360223e-01	   3.0343729128239760e-01	   3.8092448450854932e-01	   2.5451025547185302e-01	   2.5151622820943220e-01	   2.0311405764283474e-01	   1.3834254438991042e-02	   2.7495840353499246e-01	   4.9251737794877648e-01	   4.7984024617050314e-01	   4.9982663797924465e-01	   4.3476981771809392e-01	   2.9212906490770296e-01	   3.7310784860991397e-01	   3.2112203634259867e-01	   5.0257915798637887e-01	   5.5026962420128200e-01	   4.2595778978805821e-01	   3.5339367708400238e-01	   4.3706499902711193e-01	   4.1915848801730121e-01	   4.7914585707225665e-01	   2.4479949388553973e-01	   2.0884202781221956e-01	   2.8448202173079551e-01	   2.7317780279047893e-01	   3.1568665126940476e-01	   2.0521766410517878e-01	   5.0865313209891849e-01	   4.3612655681557794e-01	   5.2061238578050373e-01	   4.6215560358727359e-01	   3.3699668697672625e-01	   2.5202477594451445e-01	   4.3499137337873861e-01	   3.8071248755001952e-01	   1.4266051732778987e-01	   2.9380462802142304e-01	   4.8374775187208685e-01	   5.0670675817890642e-01	   4.8709893420647254e-01	   3.5143930366035625e-01	   4.4965484779345999e-01	   2.9617817974950600e-01	   4.5651982877977876e-01	   2.8495776219032343e-01	   2.7307025325863654e-01	   1.1913881707174602e-01	   3.0964720618596608e-01	   2.7621997970506823e-01	  -7.5462803709483994e-02	   2.8153984197281712e-01	   1.7358131728739026e-02	   1.8548848905947452e-01	   2.4566025072230868e-01	   1.8740938088180759e-01	   3.4353469236569911e-01	   6.2963838589173604e-01	   2.7229675595782959e-01	   2.4250263798370073e-01	   2.7892675794605337e-01	  -1.2581336179523886e-02	   2.1789470390580609e-01	   4.1778412180809464e-03	  -8.0735288189962312e-02	   2.2474272450683358e-01	
   6.3955062608504587e-01	   4.6855762937964607e-01	   6.2333880093281457e-01	   6.4427662540021025e-01	   4.3997816749696211e-01	   4.2585957223183651e-01	   6.8997027773859909e-01	   7.0934570633369487e-01	   5.3851976960062142e-01	   4.6710190139675845e-01	   0.0000000000000000e+00	   7.7307449575005949e-01	   8.6647163257243931e-01	   6.8770327016740851e-01	   6.8407513042219370e-01	   6.1179146107455762e-01	   7.4964522642762166e-01	   5.4288166651593972e-01	   5.8353178380909643e-01	   5.3494445170499527e-01	   5.6722434053237425e-01	   4.3865142036717819e-01	   7.1180657532365177e-01	   5.9849360988603939e-01	   3.3409296863218901e-01	   2.8727233403493796e-01	   4.4695975828642354e-01	   5.2020531809988924e-01	   6.6106506993466718e-01	   6.0230567892784959e-01	   6.3665241654584293e-01	   6.7222510453101691e-01	   6.2910717514626269e-01	   5.6887973386471935e-01	   3.6043039992389636e-01	   3.4620329625768104e-01	   3.9286307617987015e-01	   2.3841407634237635e-01	   4.1048900357199797e-01	   3.2058791691224781e-01	   4.3918358665119422e-01	   5.6256505570585280e-01	   2.6592372536462472e-01	   2.4267215659259880e-01	   3.8438741910262952e-01	   2.8180564843742889e-01	   3.0252326223514581e-01	   1.4924559490137768e-01	   1.2393487038884310e-01	  -6.2401377300579930e-02	   3.5266582567584148e-01	   1.8715755579724203e-01	   1.6760977299885133e-01	   8.6143170009415709e-02	   3.9796510877762337e-01	   2.7359430251120143e-01	   5.0239923543805343e-01	   6.2563255551217622e-01	   2.8939312717369148e-01	   2.6791733328547529e-01	   7.0700944897803919e-01	   4.2284132256715551e-01	   7.0434295256051582e-01	   6.1738181648948154e-01	   5.7011243241830623e-01	   4.0300794898130299e-01	   4.9665155847254905e-01	   3.1702417226326701e-01	   3.6558488467450778e-01	   3.3945006647143866e-01	   4.8210980967539213e-01	   3.0911700816327126e-01	   6.1374921656645276e-01	   5.6177094268577943e-01	   6.2343452853092973e-01	   4.1017317773697159e-01	   6.4744160074985679e-01	   5.7954178464375938e-01	   7.0140433697649440e-01	   6.8247799978226342e-01	   6.9538288011534954e-01	   7.0139325936250008e-01	   6.5555721574041037e-01	   6.2298378697846013e-01	   7.3265462340969412e-01	   6.1447357171383499e-01	   4.7492698258457522e-01	   6.3955834660336552e-01	   5.9838154437583690e-01	   5.9295969891485667e-01	   4.3420034993946410e-01	   3.1810227508489664e-01	   3.1099525164407787e-01	   3.8871664450372900e-01	   1.8157907471809384e-01	   2.0424719777269554e-01	   3.0482790729330927e-01	   2.6055459214358162e-01	   2.4930298731282247e-01	   2.4688761350655108e-01	  -1.8561660651105621e-02	   2.0939502148547076e-01	   1.4985402289133620e-01	   1.2710494152044427e-01	   1.2277083379319662e-01	   6.1290234439289881e-02	   1.1722615399633124e-01	   6.7406991571175190e-01	   5.8028647608925253e-02	   3.7961492364282465e-02	   2.2231511039590979e-01	  -1.9849024706567195e-01	  -1.1652676552387337e-01	   1.1172508602558241e-01	   4.8650052898527960e-02	   1.1351856535646984e-01	
   5.9178991888547516e-01	   6.0507613331069177e-01	   5.2377831450734713e-01	   5.3581692319507801e-01	   3.6672341356367782e-01	   3.7147004544235551e-01	   6.4489015917408632e-01	   6.7571097704841177e-01	   5.9459892555102889e-01	   4.6131835937671439e-01	   7.7307449575005949e-01	   0.0000000000000000e+00	   8.2534664274630065e-01	   8.1374753554404866e-01	   6.8486101569314584e-01	   6.3075269233991127e-01	   7.1309187299510812e-01	   7.8362241104891728e-01	   5.1614639108493232e-01	   5.7538518458739041e-01	   5.1968426841470605e-01	   3.3805294894236138e-01	   5.1294573395048526e-01	   3.3872331001238254e-01	   3.0121051363107349e-02	   2.6127145469804346e-02	   3.1675783925499701e-01	   3.6182192154795922e-01	   7.3742859448557285e-01	   7.0053973380591028e-01	   5.3419137130060412e-01	   5.7905871700779721e-01	   4.9717082701003357e-01	   5.7802206773521858e-01	   2.2553050710557193e-01	   2.9593645959066511e-01	   3.3960934527440323e-01	   2.5099842860854310e-01	   4.4703615845725603e-01	   4.0302514667432376e-01	   4.5955754086059808e-01	   5.4564043389825900e-01	   3.7963730705852150e-01	   3.2337751692480654e-01	   4.1488713333142041e-01	   3.9826362655126490e-01	   4.5172358539305940e-01	   2.9986146990784202e-01	   3.2930494433836854e-01	   1.3728456401796860e-01	   4.5477840313132667e-01	   3.2207599897882344e-01	   3.4323625893175919e-01	   2.4454968962510282e-01	   5.3261295068916037e-01	   4.3947827087910812e-01	   5.0116714527186246e-01	   5.9217970611250981e-01	   4.1748928252050466e-01	   3.6247652333015112e-01	   6.4024512060390859e-01	   5.0967550224679870e-01	   7.2991077094827239e-01	   7.9418345291131243e-01	   2.6872584932186871e-01	   2.8315637426446932e-01	   4.0415885224425269e-01	   3.0701195152732674e-01	   3.3689222446347344e-01	   2.3241738678949825e-01	   4.6173085332423425e-01	   3.3177741987362863e-01	   5.7845804780329901e-01	   5.9611357754463401e-01	   5.6053287091003157e-01	   4.9806542785858032e-01	   5.7957328520110862e-01	   6.2921467523612806e-01	   6.8916458906773037e-01	   7.2334850340801538e-01	   7.6411375407808735e-01	   7.8030700774727757e-01	   6.3846657916282279e-01	   7.1502943185990675e-01	   5.9723698806425884e-01	   5.5316922655316003e-01	   3.4190251336822086e-01	   4.7533815241940292e-01	   6.2552082136984610e-01	   6.0180919237066077e-01	   5.6282404728589219e-01	   4.2843123044227316e-01	   3.2459260125316486e-01	   3.7046288091419277e-01	   1.4138059020315108e-01	   1.5552882021095693e-01	   4.0314150274557592e-01	   3.0749109585965650e-01	   4.2448082193098813e-01	   4.0138105568889165e-01	   2.4677582050154978e-01	   2.5847200729464920e-01	   3.7148805757557274e-01	   2.9074046589020619e-01	   1.4748767430036794e-01	   1.6480550778701929e-02	   1.6791201201147618e-01	   5.5560825388817248e-01	   7.5311637225794897e-02	   1.5227093475604386e-01	   2.9053009148325892e-01	  -9.7247760386189652e-02	   1.0425209981174133e-03	   2.8540227725304723e-01	   2.7265319550727335e-01	   1.3034728887542288e-01	
   5.3351730852663914e-01	   4.6917785008896862e-01	   5.6027222349042893e-01	   5.3263791551304251e-01	   4.8452063849615168e-01	   4.6716159026293752e-01	   7.0316606103019463e-01	   7.2293148765218396e-01	   6.1666487364778289e-01	   5.2435669546728403e-01	   8.6647163257243931e-01	   8.2534664274630065e-01	   0.0000000000000000e+00	   8.0262501208464376e-01	   8.1880390043250484e-01	   6.3457656352783065e-01	   6.6869667642383102e-01	   5.9274112155749659e-01	   4.2446404889321332e-01	   4.1998235147216600e-01	   5.8814200633715041e-01	   3.7128348295878333e-01	   6.3211292579199685e-01	   4.7677243509444611e-01	   3.1925705251561715e-01	   2.6105764744747623e-01	   4.0271045906361413e-01	   4.5756192739340729e-01	   6.8666169082856765e-01	   6.3936657434158217e-01	   5.8545342760399299e-01	   6.1351375653713169e-01	   5.6285148622752512e-01	   5.6203690403515461e-01	   2.5905249726360746e-01	   2.3082688438764404e-01	   3.8765929033583707e-01	   2.1795445617932935e-01	   4.6445548068869524e-01	   4.0866103088249706e-01	   4.4342121275002655e-01	   4.8281614564821196e-01	   3.0806648875358422e-01	   2.9995633248138492e-01	   4.3662147761870307e-01	   3.6573815600740617e-01	   3.4847932028937900e-01	   1.7175447338093985e-01	   1.6653111178461624e-01	  -7.5807418465027601e-02	   4.1601777701190112e-01	   2.1356580058943342e-01	   1.7564174871817687e-01	   6.2348483323826032e-02	   4.1958101419385418e-01	   3.0953978724838715e-01	   4.2085571638800245e-01	   5.4624395582455354e-01	   3.5824698099904145e-01	   3.0625892413722283e-01	   8.6044060024505598e-01	   5.3935006110288275e-01	   7.6510629659966711e-01	   7.1804350084527946e-01	   5.5361978073207174e-01	   4.6466506529063167e-01	   4.4017434213305517e-01	   2.6039453590306283e-01	   1.5172191500544951e-01	   1.2459172294171712e-01	   5.1187568288145080e-01	   3.2031837816201292e-01	   5.1709896945701694e-01	   4.9192938183410539e-01	   5.4561175990782673e-01	   4.3212728096984132e-01	   5.8153341526561253e-01	   5.7397489206093055e-01	   7.0079773373380516e-01	   7.1382873241153821e-01	   6.9838243815615053e-01	   6.7238737383542446e-01	   6.5057692378406129e-01	   5.8743104593876261e-01	   6.2443136789676124e-01	   5.4198661318677577e-01	   4.3225880408886719e-01	   5.3329664294043244e-01	   7.0441395921411909e-01	   6.2779209141540870e-01	   4.1110298076710516e-01	   3.8278878146877549e-01	   3.2403391691719685e-01	   4.3772251885886593e-01	   2.1781446605465726e-01	   1.9944906213931582e-01	   3.1354694317301657e-01	   2.2232507990677983e-01	   2.3702719387678134e-01	   2.4004396154566859e-01	   4.4888626771064394e-02	   1.8043150170340144e-01	   1.5954450010209636e-01	   1.5796378037020570e-01	   5.2451783157078449e-02	  -5.6960984650671544e-02	   3.1244525241327224e-02	   6.0389668166846722e-01	   9.9547316101495628e-02	   1.1213395585442684e-01	   2.0125092742555711e-01	  -2.5825430236582847e-01	  -7.4827572463947417e-02	   1.4118797091998411e-01	  -6.6136215496534808e-03	   1.3783003167474139e-01	
