   0.0000000000000000e+00	   8.0422597605391233e-01	   3.3747466540692417e-01	   3.1994321635746237e-01	   3.9209064575354863e-01	  -2.0216526019474626e-01	   2.2735146366756526e-01	   2.3792917082564916e-01	   2.7192078532354014e-01	  -2.0614381472515525e-01	   5.5229583541115701e-01	   4.2307476865092775e-01	   1.7416615901339327e-01	   3.2898247985408835e-01	   4.0305787428289319e-01	   3.9817002906268695e-01	   5.1579018785682940e-01	   3.6584583544894905e-01	   7.5786534185911858e-01	   4.7204632785756884e-01	   2.6210363005356874e-01	  -9.9151117210083309e-02	   3.2177763872106413e-01	   3.5421614983236133e-01	   1.9074204574044723e-01	  -2.2765499695265169e-03	   4.4139869301465795e-01	   4.3193010628755818e-01	   2.9093774118487614e-01	  -4.8125591318938281e-02	   5.1368205767377564e-02	   3.1571668696137853e-02	   5.6309022152762278e-01	   3.3485373248804856e-01	   1.6497192809165576e-01	   1.7445752401645670e-02	   1.6088379315532245e-01	   1.8508263775234754e-01	   4.5786116255775211e-01	   4.2155124566966362e-01	   4.7071749309663646e-01	   3.7334954271720305e-01	   2.2555780037147372e-01	   3.5396601877635647e-01	   2.2221462582191842e-01	   2.4350039115452288e-01	   3.3766879972731118e-01	   3.9928315545106324e-01	   3.1311419547357944e-01	   3.3063351892609222e-01	   3.5722278326098539e-01	   3.4665752740458089e-01	   4.8068502187911810e-01	   5.4993636776456478e-01	   4.0938400182549245e-01	   5.2483974310161208e-01	   8.2483533834761280e-01	   6.2457187519953350e-01	   5.1299183420825245e-01	   3.8135310812567569e-01	   7.0723450021519008e-01	   1.2758202157965687e-01	   6.3450686003235945e-01	   6.5340982927551494e-01	   1.2275976309381753e-01	  -3.1435339038301006e-04	   2.9892812351916920e-01	   3.1138506607549904e-01	   5.9674513676321073e-01	   6.5943844841088861e-01	   5.9791234942343485e-01	   2.6668886556426030e-01	   6.3348009136993910e-01	   1.7797199245462708e-01	   6.2820251691951789e-01	   6.0374346191740758e-01	   7.3010269352748880e-01	   6.5514565506591826e-01	   3.8405165787487167e-01	   2.4620335484641015e-01	   3.5728330083963861e-01	   3.3315356772594096e-01	   3.9463766913140752e-01	   3.8235271812554211e-01	   3.3378118866221806e-01	   4.6709113702503824e-01	   4.2001887604652499e-01	   4.1607056091543870e-01	   3.5881771601568879e-01	   6.4875147208621720e-01	   3.1244639480884728e-01	   1.1745296419843149e-01	  -2.0335984802939241e-01	  -7.4268301837112378e-03	   1.8304656265721764e-01	  -4.4242918862034013e-02	   4.0628827622705077e-01	   4.7675188578428834e-01	   4.8140897521799653e-01	   4.7761549257475250e-01	   2.5399831829212405e-01	   6.3118432507514521e-01	   1.3928232536884011e-01	   5.6175488686428998e-01	   4.3651279612288436e-02	   1.8409741617874564e-01	   1.7636378130108032e-01	   3.4947638968135664e-01	   2.8298244062236488e-01	   4.1849412216186649e-01	   2.3808077217957957e-01	   5.2201292351480166e-01	   1.0462358602455274e-01	  -1.7298699032777540e-01	  -1.4062785642106365e-01	  -2.1595078410672663e-01	
   8.0422597605391233e-01	   0.0000000000000000e+00	   4.9049833611205629e-02	   2.2955483451459957e-01	   1.5949127806977120e-01	  -2.5925119227086663e-01	  -3.7180762381951414e-02	   1.6411511687368274e-01	   6.7045872386974157e-03	  -2.2850857845466827e-01	   3.5287369091468918e-01	   3.8230651467279453e-01	   1.5514133686979565e-03	   1.4281859478055675e-01	   1.9610226304570350e-01	   1.9130726316520685e-01	   5.9792325269736790e-01	   5.7689559847459071e-01	   6.9945497041165949e-01	   5.9788068560359320e-01	   9.0523333430349309e-02	  -1.5146471668531530e-01	   1.6108456834831375e-01	   2.6993470733349872e-01	   6.4531435338131479e-02	  -5.8552104125429175e-02	   4.2104073366796885e-01	   4.5864334610794366e-01	   2.8640052428227553e-01	   4.0457450254555744e-02	  -2.0486286345879479e-01	  -1.4288102818680526e-01	   3.2833446050203480e-01	   2.7096891010000312e-01	   9.1091857168752344e-02	  -5.6670248264303676e-02	   1.7020936617864948e-01	   2.3761382084676080e-01	   2.1835636819289739e-01	   1.9527574236584941e-01	   4.3718149016085228e-01	   2.6131799170338504e-01	   2.7501726540412957e-01	   4.0506476916666012e-01	   1.9058913563935154e-01	   2.1183290713827857e-01	   3.6367309689122240e-01	   4.5411221123110723e-01	   3.1205790282568763e-01	   3.8637827909990985e-01	   3.6116529605123876e-01	   3.7355011240438052e-01	   4.8179051422831770e-01	   5.8331801913328751e-01	   3.2752299887884750e-01	   5.0464172036072286e-01	   7.4726433813199189e-01	   7.8229493803879846e-01	   4.2565886040834272e-01	   4.0761664083523441e-01	   5.7426892254573669e-01	   1.1883378060273654e-01	   6.0140599085285928e-01	   7.8916654259356300e-01	  -5.0147178519588526e-02	  -1.3387715796411173e-01	   1.7595767161232964e-01	   2.2141584264479480e-01	   5.2416481881724719e-01	   6.2180539006971391e-01	   3.7537700612247810e-01	   2.1880658220810895e-01	   6.5874240254555505e-01	   3.3830027707144045e-01	   6.0172374926259509e-01	   6.1704223192850505e-01	   5.4052852240767246e-01	   6.3301320723212084e-01	   3.8418364067249278e-01	   3.1715451403883793e-01	   2.3576564941846967e-01	   1.9913307829576504e-01	   3.1249830442752208e-01	   3.1201193760460399e-01	   1.4563819034929226e-01	   2.4293389449897346e-01	   5.4235735568617793e-01	   4.1141685521231985e-01	   2.4982920974677894e-01	   6.4419347167339525e-01	   3.5364727966378418e-01	   9.3615661622094504e-02	  -2.5638398412342983e-01	  -1.2738051607017420e-01	  -3.1340445365064765e-02	  -1.3833338207573532e-02	   2.4693261832871533e-01	   4.1737562486768776e-01	   4.8172761347203141e-01	   4.8764938426801741e-01	   2.8719686235520125e-01	   4.5655746322504787e-01	   1.8265818346191628e-01	   4.8898865635051181e-01	   1.3292222305577456e-01	   7.1574292680220614e-02	   2.7006034419275987e-01	   1.9714017516717325e-01	   7.2852190807554701e-02	   1.1210390877633665e-01	   2.9062541220527366e-01	   5.1651035273886914e-01	   1.4208294218029607e-01	  -1.2024972682408566e-01	  -1.2261195999945643e-01	  -2.4717526174250751e-01	
   3.3747466540692417e-01	   4.9049833611205629e-02	   0.0000000000000000e+00	   5.0961605302258417e-01	   6.2207945136527631e-01	   1.5603012194806273e-01	   3.6779818618837518e-01	   9.0393452784664569e-02	   3.8816153012780269e-01	  -1.6715432866494359e-01	   1.1101204024870193e-01	  -1.2665459747797880e-01	   3.4024215246458173e-01	   9.4780806898195180e-02	   5.1691314444568492e-01	   2.9156060661371841e-01	  -3.1287915178590225e-01	  -1.2109897483323338e-01	   7.6493819221477494e-02	  -1.9336530794697443e-01	   2.3027947081341837e-01	  -1.7579892890298629e-01	   7.2962384607724262e-01	   5.6308187179162028e-01	   6.9960107372496250e-01	   5.4048292552674693e-01	   5.3218334529002587e-01	   3.6744415844274436e-01	  -2.2737637099797176e-01	  -2.1399514375413156e-01	   6.9044396311833300e-01	   5.0577563105877710e-01	   4.4704280003262381e-01	   3.1376713505083875e-01	   4.3795287899359925e-01	   1.7368788995624940e-01	   2.6868836934867341e-01	   8.8786730820136633e-02	   5.1703876966053186e-01	   5.9417145825720596e-01	   1.1651493181881310e-01	   2.3788968651509179e-01	  -3.1074575992634541e-03	  -4.7767343053478602e-03	  -2.8366227296418627e-02	  -3.0269642669267512e-02	  -4.0661245559991226e-03	   1.7870447628773503e-02	  -1.0931029008151169e-01	  -8.5065798865274170e-02	   1.9611081329925228e-02	   1.2424287497109665e-01	   5.2626932256191472e-02	   4.2730490689169912e-02	   2.3781885646941353e-01	   2.8692723496626216e-01	   1.1259598376839128e-01	   9.4906842202228392e-02	   1.9564565548507151e-01	  -2.7891062274020807e-02	   4.1052829037048805e-01	  -2.8093235325550830e-02	  -1.6972566968979735e-02	  -1.1182603123684584e-01	   6.9838319328209852e-01	   3.4963167855039723e-01	   3.8394311536060632e-01	   2.5472355150854281e-01	   3.1968964766039143e-01	   3.3464663549569457e-01	   3.5923435013533961e-01	   7.6670350071328719e-02	  -2.2496747948999518e-01	  -3.9876917549675700e-01	  -1.1778953944670850e-01	  -1.3186420472781907e-01	   2.7933009922374291e-01	   3.9079875967739104e-02	  -2.8815226270223004e-01	  -1.3692843956502618e-01	  -1.4652234940779474e-01	  -6.5542365521075813e-02	   4.0222030830009442e-01	   2.5932533392748411e-02	   5.2880544534392948e-01	   3.8771478574769980e-01	   1.8217901768236200e-01	   2.0120849507216590e-01	   6.2628043652301035e-01	   4.0294340753519764e-01	   4.8032438066301912e-02	   2.7761013409946887e-02	   1.4819559204550437e-02	   4.1095069712967208e-01	   2.2547166142863728e-01	  -2.6507443298427663e-01	   4.7109668253905190e-01	   4.1038104058494196e-01	   7.9148655230446202e-02	   4.5148143349701360e-02	  -2.3851301280683981e-01	   3.5655311412836876e-01	  -9.3383572860657182e-02	   2.4704278309120886e-01	   7.2419864726672181e-02	   2.8509354559176658e-01	   5.3958830628134643e-03	   2.3515507627384549e-01	   2.5666756386011080e-01	   2.0305584003471316e-01	   3.0768309005557792e-01	   3.3554907099718742e-02	   2.3838214730373865e-02	   3.0361565627706394e-02	   1.4511596270836910e-01	  -1.9984932288182461e-03	
   3.1994321635746237e-01	   2.2955483451459957e-01	   5.0961605302258417e-01	   0.0000000000000000e+00	   5.8933170385191258e-01	   5.3919592141120343e-01	   4.0582049612741300e-01	   6.5802808719246952e-01	   1.6239637802720966e-01	  -9.4539780180886768e-02	   1.1922074078149290e-01	   4.3568418448583175e-02	  -1.0185783255606388e-01	   1.2526079207660110e-01	   9.5612513097289534e-02	   1.9831097130211678e-01	   3.8216006351021903e-02	   1.1372120205922334e-02	   5.0155255285525550e-02	   1.6223710052861221e-02	   2.5909465471382837e-01	   2.2516275845092654e-02	   3.2921862699083965e-01	   6.9990445109237387e-01	   3.1634555971954126e-01	   4.8583009917888897e-01	   4.7906327228829082e-01	   4.6736936442718713e-01	  -8.1701109353196091e-02	  -7.9407949934032968e-02	   4.5429126024611433e-01	   6.8720394161284770e-01	   4.2915825623970805e-01	   5.1078797804340614e-01	   2.8975414791814585e-01	   2.0032686233982422e-01	  -5.7392376712415094e-02	  -9.3872123910358166e-02	   1.6946596667505776e-01	   3.7384383381155084e-01	  -1.9530178909418147e-02	   1.8367197637791077e-01	  -1.1974362453425852e-01	   1.1567680720045898e-02	   2.7011888735701511e-02	   1.1608194313139000e-01	  -2.1845582246129969e-02	   1.4892801812926130e-02	  -1.3161693481602790e-01	  -2.0837526048659821e-01	  -1.1755314075520452e-01	  -4.0591087665247140e-03	  -7.4142603554992387e-02	  -4.4477170403704686e-03	  -4.5547166426003018e-02	   1.9195800219266904e-01	   2.3648680624140925e-01	   1.1823950720082993e-01	   1.0651726235838913e-01	  -7.6636880351464501e-02	   3.1452992835467319e-01	   2.0206751035728818e-01	   3.6534215844794510e-01	   1.6418748791326460e-01	   4.4079730570787312e-01	   4.7624163440234502e-01	   4.7036098625143774e-01	   5.5793919988666019e-01	  -1.5628556308551943e-02	   3.1346627920287418e-01	  -7.9331142773339958e-03	   3.7577519127160741e-01	  -1.3630689846362382e-01	  -1.6393491636136232e-01	  -1.1225809688754659e-01	   9.7859937077954040e-02	   2.2644512710278725e-01	   2.5278338080954049e-01	  -8.2198612086067276e-03	   2.1464795114333490e-01	   2.7675559666353627e-01	   1.5522564606503897e-01	   2.5007746620979721e-01	   2.6508038981726034e-01	   3.5199765601525568e-01	   6.5027676195775030e-01	   1.8642648948512217e-01	   3.3359545592141643e-01	   2.6876554604109076e-01	   3.7412473078672820e-01	   1.0613927618283796e-01	  -2.2673044303909268e-01	   2.6101110442064962e-01	   1.1044367429652086e-01	   1.7671274167652748e-01	  -4.9830971096609888e-02	   3.4514760752823476e-01	   1.9361383352210640e-01	   9.4996228886702633e-03	  -6.9176120950930911e-02	   2.3688229183935433e-01	   3.7763590717969597e-01	   2.4231642464940528e-01	   3.4504187544788512e-01	   6.0822123182638757e-02	   1.3296954312981893e-01	   2.1163245757892282e-01	   2.5343745112507482e-01	   1.3357301571806182e-01	   1.8230561610268881e-01	   2.5589733462048447e-01	   2.1376234128127974e-01	  -4.5062013554398477e-02	  -4.7193792807859125e-02	  -3.0308614721934142e-02	  -8.0537773935790619e-02	
   3.9209064575354863e-01	   1.5949127806977120e-01	   6.2207945136527631e-01	   5.8933170385191258e-01	   0.0000000000000000e+00	   2.3913973635005967e-01	   4.6502908710656432e-01	   3.6370997100844416e-01	   5.5857198980549339e-01	  -2.9991545287697724e-01	   3.2981885216251949e-01	   8.6606626404085674e-02	   1.8863620219801142e-01	   1.7920911779038332e-01	   3.2728268176870756e-01	   2.0088601409554799e-01	  -1.8966950769357801e-03	   1.3230163433142159e-01	   1.5560332998578300e-01	  -1.6477411439855166e-01	   2.6126943330397479e-01	  -2.6160906384388477e-01	   4.8411300243078459e-01	   5.5643844814877808e-01	   3.4917070024159591e-01	   1.7132766990279080e-01	   5.1588829441432149e-01	   4.3940848093178470e-01	   7.6450230022158283e-02	  -1.6768619399369281e-01	   4.3908287424285458e-01	   5.6500416996426661e-01	   3.7151117093603170e-01	   2.6983806902483021e-01	   1.8298237995774166e-01	  -2.6598341259080276e-02	   5.4540230173388497e-03	  -1.2884351956447554e-01	   1.6732814797945889e-01	   2.8507948132170474e-01	   5.7799698318883513e-02	   6.1085702118905086e-02	  -1.6530111495167740e-01	  -7.5261151934160220e-02	  -1.0867658995340543e-01	  -8.3681521793347646e-02	  -1.2298570581434762e-01	  -5.6019593822999106e-02	  -2.2843984912779811e-01	  -2.9388678483514391e-01	  -2.5969348183432772e-01	  -2.3586204030110902e-01	  -1.3657405147901847e-01	   2.6067455806350507e-02	  -5.4960483275577177e-02	   1.3279795022779156e-01	   1.7617281970810295e-01	   1.2388354774283884e-01	  -3.1967135173291847e-02	  -2.1205230611600656e-01	   3.5753643034814708e-01	   3.4325943476573501e-02	   3.4588530154423924e-01	   1.0196624007009850e-01	   5.1362303073264370e-01	   2.9156732609997837e-01	   2.0510900493208295e-01	   1.5371806599920892e-01	   1.2478139321026360e-01	   2.9796237388898006e-01	   3.0776584022918618e-01	   3.6811691991485368e-01	  -1.0515273193652491e-01	  -4.2181961732568518e-01	  -1.3054105273700312e-01	   7.0430522187222844e-02	   2.1094178459938173e-01	   1.0197600220015224e-01	  -1.3786776128444525e-01	   9.1360961426794340e-02	   1.6645112408266996e-01	   4.4758962044569181e-02	   2.2591778064317367e-01	   1.4413938913137880e-01	   3.0713255412197149e-01	   4.0509845886336215e-01	   2.1039541979084261e-01	   3.9094834061361694e-01	   2.9592882246405405e-01	   3.3005493692040966e-01	  -1.4348019812747165e-01	  -3.4646016647419731e-01	  -1.1353568246926890e-01	  -1.0485001899304945e-02	   2.4580721515972084e-01	  -3.5522165407458650e-01	   2.6508313271050088e-01	   1.2890272402409786e-01	  -5.3942998205277939e-02	  -1.5434484868518678e-01	  -7.1608440146319785e-02	   4.0493124499501343e-01	  -1.3765948769288527e-01	   3.9616115426462040e-01	  -2.2833522241489795e-01	   9.6794602987001696e-02	  -6.0700199047405354e-02	   1.9884383310049461e-01	   5.3603801940772883e-02	   2.7954002912460002e-01	   1.8171159724038555e-01	   9.3497204307347676e-02	  -2.1323920074308186e-01	  -3.5151848552360354e-01	  -1.1816508818022053e-01	   1.0304599992799615e-01	
  -2.0216526019474626e-01	  -2.5925119227086663e-01	   1.5603012194806273e-01	   5.3919592141120343e-01	   2.3913973635005967e-01	   0.0000000000000000e+00	   3.3921462927191492e-01	   5.9817188792685771e-01	   1.8817421894670797e-01	   4.4891822300639783e-01	   1.9661602114170861e-02	   1.1877106153593081e-01	   4.1137072124807286e-02	   2.5518894815209880e-01	   7.0340558686594903e-02	   1.5065511388648123e-01	  -2.8564927514206745e-01	  -2.8444549972649180e-01	  -3.3365560211526168e-01	  -3.8813985908921206e-01	  -1.2565307803160792e-03	   3.0177647981460409e-01	  -6.5355273614385062e-02	   3.5573889785032348e-01	   5.7939499506433137e-02	   4.1513107398347737e-01	  -7.3634359050727641e-02	   5.8182009505545459e-02	  -8.9222676354528727e-02	   1.2590982868691530e-01	   2.7879354662970890e-01	   4.3195224864701609e-01	   1.5227780863873761e-01	   3.4796834862481218e-01	   2.1881301909244311e-01	   3.9585990568624790e-01	  -5.5014550058977180e-02	  -2.7721030587753293e-01	  -1.5361024608187801e-01	   3.4481659682280605e-02	  -1.4224224883949210e-01	  -2.2845608210011473e-02	  -7.4398914393450893e-02	  -1.9455687168587650e-02	   2.1602994964120475e-01	   2.7416789317870077e-01	  -7.4127942064181399e-02	  -6.2597112695741988e-02	  -6.3186256947730057e-02	  -1.9048481423581692e-01	  -1.9497115722712116e-01	  -5.3585393970234277e-02	  -2.6201493532435655e-01	  -3.6522800712673925e-01	  -9.5112466853760069e-02	  -1.0316527734077671e-01	  -3.7486817116588378e-01	  -3.4364502014450127e-01	  -8.9250390520011325e-02	  -1.6105478429902936e-01	   1.5060660935253367e-03	   3.5755023242296485e-01	  -1.1434239833212306e-01	  -2.9996848266444465e-01	   2.7916081111681013e-01	   4.6796823735003285e-01	   2.3551193814397231e-01	   3.2373700913935882e-01	  -3.1717760398930411e-01	  -8.9120476083533989e-02	  -2.0354619720243364e-01	   2.5137111569687820e-01	  -4.8256235480296467e-01	  -6.2975800446667979e-02	  -4.6824210037362102e-01	  -3.1494374160120092e-01	  -1.6213902888309650e-01	  -1.4464265398866788e-01	  -1.1762026791114646e-01	   4.1697353539825378e-02	   2.2169836188004974e-01	  -1.4105674694346109e-02	   9.9049121090603598e-02	   1.3177583826840006e-01	   1.0721405519916789e-01	   2.5606222224927561e-01	  -2.8220896825632047e-01	  -3.9900304398026061e-02	   7.5891450293309765e-02	  -8.0541457250348530e-02	   1.8098958325892905e-01	  -9.7187947707699451e-02	   5.6634649941362236e-01	   2.6067825940322892e-01	   6.8403475132268909e-02	  -6.5037407076779283e-02	   2.5674524955072353e-01	  -1.3479454338939567e-03	  -6.4682958083511793e-02	  -2.1280439836140763e-01	   1.9927827854600164e-01	   1.6114119680224956e-02	   9.3094132436099736e-02	  -7.8458020914868920e-02	   2.6973116981802825e-01	  -1.4406792295108750e-01	   2.9081248362959082e-03	   1.5023122259528349e-01	   7.5942719833642161e-02	  -3.3943014134118293e-02	   2.6632738340657675e-01	   1.0305406917938684e-01	   2.7215307655031928e-01	   3.4160749249950723e-01	   3.2777860603470060e-01	  -6.1974008966945979e-02	
   2.2735146366756526e-01	  -3.7180762381951414e-02	   3.6779818618837518e-01	   4.0582049612741300e-01	   4.6502908710656432e-01	   3.3921462927191492e-01	   0.0000000000000000e+00	   6.6809293748782095e-01	   8.1337114494807505e-01	   4.1344616909097776e-01	   6.0626210787254553e-01	   5.4546347586858723e-01	   4.9898874858557518e-01	   6.6093534837403378e-01	   4.2191460542278741e-01	   4.8855130491106225e-01	   1.0869942603237050e-01	   2.5805780778165466e-02	   5.7980006167487649e-02	  -1.6408891019904498e-01	  -1.3490168300863791e-02	  -5.3947017836313393e-02	  -8.7679016165503096e-02	   2.6785882320127519e-02	  -1.1790832370117461e-01	   2.8887268654525016e-03	  -2.2363012515241376e-01	  -2.3764501543130878e-01	   5.0255985525097935e-01	   3.6301237280888166e-01	   4.0067923957424184e-01	   4.2512506326474853e-01	   5.8452314278223338e-01	   4.1230269792049790e-01	  -1.2088772684818443e-01	   3.7449626997880556e-02	  -1.9650040133230601e-01	  -2.2001925860778093e-01	   2.1361990925969538e-02	   4.4769541457789941e-02	   1.1690216294969155e-01	   1.6125066340083261e-01	  -2.0041076212226588e-01	  -1.2441327903708674e-01	  -1.1453389838044765e-01	  -7.3897338730059631e-02	  -1.9938893184629800e-01	  -1.3586392395548921e-01	  -2.4495098693203279e-01	  -3.6665017761170232e-01	  -2.0705836530146826e-01	  -2.3567365809029842e-01	  -2.3527891912542362e-01	  -9.6096994967287047e-02	  -2.7054754244985069e-01	  -1.9079321555875967e-01	  -2.1882083941703715e-02	  -2.6625731734105346e-01	  -2.7634038624414392e-01	  -3.6067234434930329e-01	   3.9287947477876617e-01	   2.9785820260236001e-01	   2.7052010415619682e-01	   6.9302535012691069e-03	   1.2906959894114348e-01	   1.2743776669050105e-01	   4.0929250909367160e-01	   3.9764798726882744e-01	   1.2019763429491633e-02	   2.8233981829004151e-01	   3.5787280152247952e-01	   2.0218610725029720e-01	   4.7935775311677462e-02	  -1.0695880665181658e-02	   6.2506234041359507e-02	   1.4727400949937006e-02	   2.3240013455716560e-01	   1.0436465752797706e-01	   2.6584398038385004e-01	   1.5527335869234393e-01	   6.4126961004098126e-01	   4.7768200068781169e-01	   7.3382639110693343e-02	   3.4384773635963989e-01	  -7.7220546288579231e-03	   3.9591026745416097e-01	  -2.8537998660373148e-01	  -2.2730511624739486e-01	  -1.2947073361808337e-01	  -1.0488975749956714e-01	   1.5761760299069033e-01	   4.8694641294777546e-02	   2.8032523352272115e-01	   1.0629226243465530e-01	   2.7242355078754588e-01	  -1.4271732427232575e-01	   7.5700110136094720e-02	  -1.3823803262364753e-01	  -2.1743913655468006e-01	  -1.5120227613119103e-01	   2.0944607154702666e-01	   3.0405239064353584e-01	  -8.3286817438544047e-02	   1.8065746201502836e-01	  -1.8740422722630729e-02	  -1.6207667960443337e-01	  -3.5482032127430019e-01	   1.6275102632616897e-01	   1.5000727832089019e-02	   2.9280012102728969e-01	   7.1351219948297726e-02	   1.5109035478606691e-02	   3.0474941474255845e-02	  -1.3689162844449504e-01	  -3.5948177757711974e-02	  -1.4130818652631158e-01	
   2.3792917082564916e-01	   1.6411511687368274e-01	   9.0393452784664569e-02	   6.5802808719246952e-01	   3.6370997100844416e-01	   5.9817188792685771e-01	   6.6809293748782095e-01	   0.0000000000000000e+00	   4.5035603987998463e-01	   3.3875742317365304e-01	   4.0983291978978625e-01	   5.4877036902909371e-01	   2.2833113778463227e-02	   3.8300237919133018e-01	   3.3170581893011836e-02	   2.8243778655622276e-01	   2.1755151121526883e-01	   3.4000168554431609e-02	   6.4080166651751785e-02	   1.1581272933354646e-04	   6.0101849096488691e-02	   4.4507435459193612e-02	  -2.0342466503227905e-01	   2.3316283683387884e-01	  -1.4302445992015828e-01	   9.2305175727456945e-02	  -6.6857680916721063e-02	  -9.5313734798588068e-02	   3.1366312256870671e-01	   2.6216985642916674e-01	   2.4933299003513384e-01	   5.0410023118232272e-01	   4.8206521982399997e-01	   5.7490928142729680e-01	  -6.4246050015532755e-02	   1.3131834581709484e-01	  -2.6395233796759487e-01	  -2.7500702181449405e-01	  -2.0528683553749255e-01	  -3.7512350205438173e-02	   1.9975568574159948e-02	  -9.3945902672493472e-03	  -1.3863224463665297e-01	   5.1017578110530782e-03	   3.4785010036323047e-02	   1.0919216241412948e-01	  -5.5942687446616637e-02	  -2.0418392366073089e-02	  -1.0453665338358580e-01	  -2.6540502515805009e-01	  -1.8766080105279345e-01	  -1.6248847761540042e-01	  -1.8467921474304427e-01	  -8.7731773501954824e-02	  -2.4627587145836496e-01	  -8.2604176512538041e-02	   7.6680774802313972e-02	  -1.9431056834756236e-01	  -1.3583089907877949e-01	  -2.0922674844234235e-01	   3.1320325169787561e-01	   4.9460357916696768e-01	   3.8810605611499271e-01	   1.9294936442623933e-01	   2.4467992896333869e-02	   2.5226754347972546e-01	   2.4812938963583828e-01	   4.2866909652467644e-01	  -1.5497444586486980e-01	   2.4162389908857429e-01	   1.2062457229690543e-01	   3.7921315575153347e-01	   2.0568242236056536e-02	   1.8368651289164900e-02	   2.3690549944036493e-02	   1.2769421904610223e-01	   1.9221092967150621e-01	   2.3653192630673420e-01	   2.3333875971071250e-01	   3.7151171125873794e-01	   6.0889494386988463e-01	   3.4431737994764078e-01	   2.0803557560856719e-02	   3.8726418919620209e-01	  -7.5850054892654478e-02	   3.4836181132777505e-01	  -9.3294863322896521e-02	   1.7902204964044703e-02	  -2.1722485038274453e-01	   4.1590120669340466e-02	   1.7681886717611112e-01	  -1.8332075355421926e-01	   3.3054746008384572e-01	  -4.1004582151065505e-02	   1.8338491533411072e-01	  -9.7306517390407549e-02	   8.2139662463518379e-02	  -1.4321872700939386e-01	  -9.8614171188610489e-02	  -9.4020056243132866e-02	   4.1567233904329848e-01	   4.2568466782811931e-01	   1.7975152718461873e-01	   3.2557198404636639e-01	   2.2564964923287635e-03	  -1.1929366693751470e-01	  -2.4702086936014070e-02	   1.9156278584046471e-01	  -6.5438357340323994e-02	   1.7627412300138839e-01	   3.8419191930154653e-02	   2.3784732626142827e-01	   8.4209582593851889e-02	  -5.5997382551135386e-02	  -3.0226578833172330e-02	  -2.4624374427646928e-01	
   2.7192078532354014e-01	   6.7045872386974157e-03	   3.8816153012780269e-01	   1.6239637802720966e-01	   5.5857198980549339e-01	   1.8817421894670797e-01	   8.1337114494807505e-01	   4.5035603987998463e-01	   0.0000000000000000e+00	   3.5350876846532880e-01	   6.6262440104665310e-01	   5.4700326911970309e-01	   6.1002499312855840e-01	   6.6586301365032052e-01	   5.5249991527000653e-01	   5.4749879680278191e-01	   6.4693698203917432e-02	   3.3878720198848890e-02	   8.1357029133202946e-02	  -1.8558758350218713e-01	  -7.8423096055196553e-02	  -2.0704762167121837e-01	   1.6891419133832013e-02	   3.9022537794761315e-02	  -1.2352443624598525e-01	  -2.3517030534345082e-01	  -1.5589755862880966e-01	  -2.4496206313468116e-01	   5.2116597722236613e-01	   2.9367186893487113e-01	   2.8136663918901722e-01	   2.2769663809264595e-01	   4.1677844626817101e-01	   1.8147996349198928e-01	  -1.7504831079361144e-01	  -1.2201007084082727e-01	  -1.2528126690209387e-01	  -1.9349806806292089e-01	   5.6931454869218683e-02	  -6.0238854294347569e-02	   2.2031679364868212e-01	   8.8723199396536029e-02	  -7.2042531252778028e-02	  -6.6912970224980578e-02	  -1.4955868166916753e-01	  -1.9267411563319725e-01	  -1.1588415047814778e-01	  -5.3420871921698726e-02	  -1.7827086294238639e-01	  -2.3658211243471353e-01	  -1.3528185626203543e-01	  -2.2291786360007654e-01	  -7.7982296481166530e-02	   4.1903675064118989e-02	  -1.0082370968161158e-01	  -8.7720431268781623e-02	  -1.7521737761054767e-02	  -1.5319588214852442e-01	  -2.0111367794360208e-01	  -2.4976645554765342e-01	   4.3690302437352113e-01	   2.4502283725232396e-01	   1.9667660866411524e-01	   7.7438510863059281e-03	   1.3430993119749121e-01	  -1.9943252445327929e-02	   1.5042847153963707e-01	   3.1321616834220245e-02	   1.8008067778022485e-01	   3.4655489982997911e-01	   4.5091407014857643e-01	   2.3722892926346864e-01	   6.6519253561694899e-02	  -9.6783951939710580e-02	   1.3885329016090192e-01	   8.2320664556002593e-02	   1.5002789032416108e-01	   4.9568332530986001e-03	   1.3357046521775429e-01	   3.9246907528670605e-02	   4.4591401301593525e-01	   3.0737177012906131e-01	   1.0224056316933497e-01	   3.2723318493624032e-01	  -6.5174790808260372e-02	   1.4705601457389669e-01	  -2.6421467066962417e-01	  -1.4717170279447805e-01	  -7.1960251745158577e-02	   3.0617501972036418e-02	   1.3824959782229809e-01	   6.4532332138192039e-02	   1.0615956341756184e-01	  -2.7929271581550424e-02	   2.2643368359583194e-01	  -2.5350219535136032e-01	   1.1747242449089189e-02	  -1.0879427511349636e-01	  -1.5904473367317884e-01	  -2.6604744237956092e-02	   6.8609344251619908e-02	   2.4653125801430925e-01	  -2.0184170293180065e-01	   1.6011540744240155e-01	  -5.5559761760425902e-02	  -2.4658954000384348e-01	  -4.2090353796053182e-01	   7.4636682740731840e-03	  -5.4702733732705330e-02	   1.9218351919990767e-01	   4.3058546690212252e-02	  -2.4323188929388583e-02	   5.4177325230445633e-02	  -2.9727841543215600e-01	  -9.3992397357380325e-02	  -8.2678554532827270e-02	
  -2.0614381472515525e-01	  -2.2850857845466827e-01	  -1.6715432866494359e-01	  -9.4539780180886768e-02	  -2.9991545287697724e-01	   4.4891822300639783e-01	   4.1344616909097776e-01	   3.3875742317365304e-01	   3.5350876846532880e-01	   0.0000000000000000e+00	   2.7183246109812426e-01	   4.7075160230657287e-01	   4.7478346252750803e-01	   5.9387897931469646e-01	   3.4879298412645177e-01	   4.9356220246469423e-01	   1.0061146308129513e-02	  -9.4797045878383071e-02	  -2.0235856765327781e-01	  -2.2657439770821369e-01	  -1.9885505595322356e-01	   4.0287188317998429e-01	  -4.1390686392232345e-01	  -2.3523558038714593e-01	  -3.0113241689744608e-01	  -1.3612235913668679e-02	  -4.8851544306335870e-01	  -4.2400170017101901e-01	   4.0131145093965770e-01	   6.3186648755398722e-01	  -7.4349702654290292e-02	  -1.2433184698626826e-01	   9.7911569764579209e-02	   5.4734035329064137e-02	  -1.4563789672466837e-01	   1.4025271100061434e-01	  -5.3262143741693330e-02	  -1.2236691566030551e-01	  -1.4349630519393933e-01	  -2.2024692403902218e-01	   2.5886454586573165e-01	   1.6453374427935530e-01	   3.5107599477288413e-02	  -1.5289360735516955e-02	   2.8519207620419026e-02	   2.5840442655277324e-03	  -4.0128304800787787e-02	  -7.4957194911944511e-02	   1.5557033035951783e-02	  -1.7602138054466244e-02	   2.6889550430261026e-02	   8.1660055509036877e-03	  -7.3647049939896708e-02	  -1.8213926487854493e-01	  -6.0505387542524602e-02	  -2.0575761893115271e-01	  -2.5550622869079864e-01	  -3.7520279931832434e-01	  -1.7019950865453984e-01	  -1.0379170278277006e-01	   4.1614259177120874e-02	   4.2764921000766853e-01	  -1.3580487027277666e-01	  -2.1193876077354118e-01	  -1.2996384218253898e-01	   8.8582067803586420e-02	  -2.0070954493670735e-02	  -2.5555799320724291e-02	  -1.0739729410217644e-01	  -6.3385235293918110e-02	  -3.3226401280179651e-03	  -4.2014596401278012e-02	  -4.8230810848855193e-02	   3.1630288328912837e-01	   1.0237742310403498e-01	  -1.4239635965547018e-01	  -2.9772251449773159e-02	  -1.6039527130324055e-01	   3.5212024718566526e-01	   1.3625148597164547e-02	   4.0683355333659266e-01	   3.5487954113143311e-01	   4.4709950614908324e-02	   3.4741899773197338e-01	  -1.2877524300727550e-01	   3.4993516655481220e-02	  -5.1907487265720631e-01	  -3.6053294239328104e-01	  -1.6233585807190948e-01	  -1.8153035269842280e-01	   4.2799258456525102e-01	   3.1711205214772287e-01	   5.0058863437233625e-01	   1.4880623234568741e-01	  -1.4922889663603522e-01	   6.3408485077279905e-02	  -1.4517170031810614e-01	  -2.0535435596905594e-01	  -9.2828524099890855e-02	   1.0665196910876211e-03	   1.9146218657934483e-01	  -2.0632359506635814e-01	  -1.5600785029270314e-01	  -2.6451558940990455e-01	   1.2821112845991844e-01	  -4.7941253150803409e-01	  -3.0573317641336567e-01	  -1.7617197487621847e-01	  -1.3930841494626983e-01	  -1.6411997252665514e-01	   4.4519372378599440e-03	  -1.1931676913313413e-01	   2.6520508508279850e-01	   2.6723049697591161e-01	   1.3833204148289252e-01	  -2.9069062102491167e-01	
   5.5229583541115701e-01	   3.5287369091468918e-01	   1.1101204024870193e-01	   1.1922074078149290e-01	   3.2981885216251949e-01	   1.9661602114170861e-02	   6.0626210787254553e-01	   4.0983291978978625e-01	   6.6262440104665310e-01	   2.7183246109812426e-01	   0.0000000000000000e+00	   5.8844554581561348e-01	   5.9282567692349519e-01	   6.7314183627846269e-01	   5.5730064054915229e-01	   5.9371667147243889e-01	   4.4779445376695393e-01	   2.2627462702429796e-01	   4.3480604772181014e-01	   1.8316138979631580e-01	  -1.4759015330240682e-01	  -7.2530137211072959e-02	  -6.2440768163454237e-02	   8.6169362532460894e-02	  -2.9354517174079386e-01	  -3.2357010665853442e-01	  -1.6952367009846614e-01	  -5.8290132190815198e-02	   6.3972323893324146e-01	   3.5264862287645649e-01	   2.7098519818436549e-02	   4.2134162891281982e-02	   5.0392275012373045e-01	   1.8870803092987032e-01	  -2.0692849705633759e-01	  -1.8173860202432424e-01	  -1.7930883204951651e-02	  -5.8006749008692786e-02	   8.3657888180643319e-02	  -2.3334210929010859e-02	   4.6012415585483840e-01	   1.7080493652794210e-01	  -1.5442754210242210e-01	  -7.7255386063036446e-02	  -1.2706254437340231e-01	  -1.0829129437074531e-01	  -1.1705770672301929e-01	  -3.2117156443739289e-02	  -8.5459024721110083e-02	  -7.6852956862613953e-02	  -6.4187175491441165e-02	  -1.7532045769187554e-01	   9.2265025366743011e-02	   1.9248549315931368e-01	   1.8536713432710447e-02	   3.1623094633223360e-02	   3.6572390709758157e-01	   1.5858380094442637e-01	   3.6176864751773188e-02	  -3.6898231434133892e-02	   6.2753237562075947e-01	   2.5961748054720790e-01	   5.2740794813630476e-01	   3.6567298950557559e-01	  -2.1406907473083402e-02	  -8.8252976647642326e-02	   1.2094242322437808e-01	   3.1018787495080968e-02	   3.1594542630387890e-01	   5.0757724610977595e-01	   5.1706401802886925e-01	   3.3872635163071702e-01	   4.5155913938612374e-01	   2.5028578424176784e-01	   4.6605983198218254e-01	   3.8039562699382967e-01	   4.3717950216186774e-01	   2.6745048221571921e-01	   3.9408202549872590e-01	   2.6541250634589686e-01	   6.4864062187797700e-01	   5.1426162422602384e-01	   3.4415923159471240e-01	   3.6990650159261218e-01	   1.2635828467563029e-01	   3.4268037929627182e-01	  -1.5548602127740918e-01	  -1.0880671472720715e-01	  -5.7106864440009383e-02	   2.0153452901556673e-01	   2.5738755444421096e-01	   1.6790926191533331e-01	   1.8313614528363428e-01	  -4.2403161977155296e-02	   1.7557292087245249e-01	  -2.0872159779960775e-01	  -3.0411813037276247e-02	  -8.9646606907058210e-02	  -2.8131494402591214e-02	   1.2791834188899559e-01	   3.6917876340638256e-01	   2.5866103324106715e-01	   8.4627327553708775e-02	   2.7089351168246911e-01	  -4.0947757099925694e-02	   1.7731799352451609e-02	  -1.8658117045806316e-01	   1.0195952387582544e-01	   3.4853692811603054e-02	   2.2798475048109101e-01	  -5.9449360018594272e-02	   1.7655701432092580e-01	   2.9769374068513071e-02	  -2.7160400098497288e-02	   7.8580550282667028e-02	  -4.3376637203979079e-02	
   4.2307476865092775e-01	   3.8230651467279453e-01	  -1.2665459747797880e-01	   4.3568418448583175e-02	   8.6606626404085674e-02	   1.1877106153593081e-01	   5.4546347586858723e-01	   5.4877036902909371e-01	   5.4700326911970309e-01	   4.7075160230657287e-01	   5.8844554581561348e-01	   0.0000000000000000e+00	   2.4366984984643117e-01	   5.9646647453474977e-01	   2.5868897792048884e-01	   4.8665334028106855e-01	   3.5253113262462932e-01	   1.9127237862957422e-01	   3.1204178033421759e-01	   1.7699438902640927e-01	  -1.1207490898778247e-02	   1.2708396468164687e-01	  -2.0415380691333140e-01	  -9.4428865704325571e-02	  -2.4581330475082963e-01	  -2.7288617783726932e-01	  -2.2718849349592135e-01	  -2.0249645008974426e-01	   6.6711534867026001e-01	   5.3474316518101239e-01	  -1.2869385845448141e-02	   1.8458211096662137e-03	   4.4727975635483486e-01	   3.3616509129690347e-01	  -1.8990085806720608e-01	  -6.4563587176597104e-02	  -6.5925943080223856e-02	   2.7763772265264434e-02	  -2.0204671361329862e-02	  -1.2563555332534115e-01	   3.5896130866173726e-01	   2.6919692710138604e-01	   2.0228187615711807e-01	   2.5954743998817936e-01	   2.0077847718105538e-01	   1.7612986903370004e-01	   2.1632889343625838e-01	   2.6645615342685142e-01	   3.0884989741710389e-01	   2.3262412067007193e-01	   2.2441718240914640e-01	   7.8235312984069091e-02	   3.3287807691588606e-01	   2.9521013633536958e-01	   9.0694630366022794e-02	   7.7243756589470178e-02	   2.4328293127782197e-01	   5.3317136705179499e-02	   1.1563390440831826e-01	   2.1989812598461705e-01	   4.6596202143503662e-01	   5.9716508021016323e-01	   3.8255577014163811e-01	   5.1314718471785703e-01	  -3.5855723871093165e-01	  -2.1235075858006600e-01	   8.7795985585198980e-02	   1.6844704583199777e-01	   8.4423174495184480e-02	   2.5486997385503779e-01	   3.8595273980004957e-01	   1.8535513401017581e-01	   4.6363262409254880e-01	   4.3063262231456545e-01	   5.0217209187412881e-01	   3.8967821854028384e-01	   3.8440208413304000e-01	   3.8912894810101784e-01	   4.4941208027797336e-01	   5.7105109860054584e-02	   5.5890744927304814e-01	   4.2328015825877974e-01	   9.7661293606642482e-02	   6.0574189579081483e-01	  -3.4174591428493400e-01	  -1.0372855897104582e-02	  -4.1603645366342458e-02	   1.7441996550935702e-03	  -2.8852811287671759e-01	   2.7043562310957860e-02	   4.5534981085246062e-01	   1.4369041806530886e-01	   9.9752175415629293e-02	  -1.2937204459645865e-01	  -2.3958705917875849e-02	  -4.9599312549011308e-02	  -2.9255489555203686e-03	  -4.0489907024653660e-02	   1.7900190438142038e-01	   2.6374679696253156e-01	   3.7173829980417239e-01	   2.7498382654541997e-01	   5.5759245489762049e-02	   1.5142688396340304e-01	   2.6897118208133182e-02	  -2.6034155916622925e-01	  -1.9178537358407710e-01	   7.4746767478024778e-02	  -8.6209969732667063e-02	   1.3378519997177901e-01	   1.2207730614682255e-01	   3.1414924511714948e-01	   2.7197307671972248e-01	  -1.3546383748468926e-01	  -3.4863332266153603e-02	  -3.1993370642065910e-01	
   1.7416615901339327e-01	   1.5514133686979565e-03	   3.4024215246458173e-01	  -1.0185783255606388e-01	   1.8863620219801142e-01	   4.1137072124807286e-02	   4.9898874858557518e-01	   2.2833113778463227e-02	   6.1002499312855840e-01	   4.7478346252750803e-01	   5.9282567692349519e-01	   2.4366984984643117e-01	   0.0000000000000000e+00	   6.0516977022850282e-01	   7.4388953231027199e-01	   6.0963482083525111e-01	   5.7254260194864959e-02	   1.5402473964222227e-01	   1.1530034681917101e-01	  -1.9795277840779149e-01	  -1.4945726942285875e-01	   5.8875744417014507e-02	   5.2775162859065416e-02	  -4.3662348497049822e-02	  -9.8558116303331403e-02	  -3.6982055247044010e-02	  -1.0499157013283777e-01	  -9.5111250144844478e-02	   3.5580984321395548e-01	   2.9921204847347749e-01	   2.2953005772256795e-02	  -1.6689236642456623e-01	   2.3837122304251557e-01	  -7.9173164364262291e-02	  -2.6335082255854535e-02	  -5.0477625304620702e-02	   1.9234318043234605e-01	  -6.8479692143247270e-02	   2.2527419275799249e-01	   5.4315770053469201e-02	   5.3803520295173424e-01	   2.8425762821815687e-01	  -1.8686287033334861e-01	  -2.4462924119120136e-01	  -2.7194073377449479e-01	  -2.8958631134847762e-01	  -2.7750106674381547e-01	  -2.5971986126850521e-01	  -3.2902467361821408e-01	  -2.2502896694894492e-01	  -2.1527203517986537e-01	  -1.5136100252806151e-01	  -1.7471438012299112e-01	  -1.6738124337449134e-01	  -1.2451452907817946e-02	  -1.4167193793986921e-01	  -3.0773682175899878e-02	  -8.5143412623041412e-02	  -2.1573563470415474e-01	  -3.0279576391519747e-01	   4.6844248803925354e-01	   1.8996964244567044e-01	  -4.2861114221905180e-02	  -1.2063213701544109e-01	   3.1292064921604951e-01	   1.0586611333290522e-01	   3.9430763337928137e-02	  -1.5547443966467694e-01	   2.8924408784609029e-01	   2.2261960117148480e-01	   3.6155670683011931e-01	   2.8372231119385374e-02	   4.1372228479143472e-02	   2.3909464010967788e-02	   1.3863683083676132e-01	  -1.6580899281301059e-01	   1.4637284406069559e-01	  -1.9825448706511448e-01	   2.0986757558590347e-01	   4.7105638870377709e-04	   3.1469970654485668e-01	   3.2798870288428528e-01	   2.3564337556796724e-01	   1.6626673749556437e-01	   2.6562410644900147e-01	   2.1522613724738468e-01	  -3.3008355707922149e-01	  -1.6900110655918676e-01	   2.5312565855907898e-01	   1.2800958390410586e-01	   2.0324731796136411e-01	   2.8389417559565927e-01	   3.4852773751943034e-01	   2.3225913613879026e-01	   2.0019234708447900e-01	  -1.7112622176457476e-01	   7.8681539688702055e-03	  -5.2642828531220952e-02	  -1.6912044262784942e-01	  -8.4324427574219346e-02	  -1.5470696188438163e-02	  -2.6896590851915616e-02	  -3.5413796946119758e-01	  -3.4156667816031439e-02	   7.7383543689545614e-02	  -2.1752122803338808e-01	  -3.3232194006549459e-01	  -1.2804949269363938e-01	   1.0079383284895964e-01	   2.6690028700026468e-02	   3.5224218567690372e-03	  -2.0600214390947003e-01	   4.1628011234263261e-02	   1.5952468660421007e-01	   1.7209916478297288e-01	   8.6249423901135588e-02	
