   0.0000000000000000e+00	  -4.6868485444456631e-01	   3.0375048068385591e-01	  -2.5737133588510841e-01	  -1.8341324137974924e-01	   1.4766992779731694e-01	   6.2247972382336036e-01	   2.2241233196722121e-01	  -1.3277574509579677e-02	   4.6243202103625251e-02	   4.1962495946040457e-01	   5.2929659651492300e-01	   4.1436589063541496e-01	   7.3251292896847131e-01	   2.3667995635092257e-02	   1.8756838258828751e-01	   2.0211068199033594e-01	  -4.0650255350454517e-01	   5.0059136464595377e-01	  -2.9809226143419165e-01	  -2.7716982862931616e-02	   9.8947440017128130e-02	   2.2258082859681044e-01	   1.7605107491023000e-01	  -1.7525131503890454e-01	   8.4892840994009428e-02	  -1.6173381097038228e-01	  -6.2974844885152315e-02	   9.4983113283730741e-02	   1.5797784447754912e-01	   3.3910770782255339e-01	   3.3245324436746215e-01	   7.2738208511097180e-01	   3.3626355679575021e-01	   4.1439444971487369e-02	   3.3876314207790270e-01	   5.3945807156183079e-01	   5.0565951900737638e-01	   5.3966215624390013e-01	   4.9199030432458546e-01	   2.4528770639424552e-01	   3.8910849679889498e-01	  -1.3979055052132039e-01	  -1.4839285066959640e-01	  -1.2860353859777729e-01	  -3.1270563235827292e-01	   4.6317113503106501e-02	  -5.5027706612573737e-02	   1.4547107169544241e-01	  -3.7362501118944624e-01	   5.4703818100798551e-02	  -4.5464442870529276e-01	  -8.8772531349447584e-02	  -1.5631302403948513e-01	   4.8546331300764556e-01	   2.3739387845122928e-01	   8.8037485014315364e-01	  -5.8739374977739234e-01	   8.1500653267907985e-01	  -4.8096976548723180e-01	   8.4243525077429360e-01	  -6.1942641789072617e-01	   1.1775634898604789e-01	  -5.8093513450309431e-01	   2.5263000642876488e-01	  -4.7110131445218684e-01	   3.5381241038425237e-01	  -2.5173061360990945e-01	   2.0546817041579368e-01	  -5.4112160162983247e-01	   2.5368123259674485e-01	   5.9922212184893997e-01	   2.1239870560421953e-01	   1.8615453458872200e-01	   1.0396744447027771e-01	   3.5120272705587335e-01	   4.9287807522821381e-01	   1.8855535904458140e-01	   3.3249646131100444e-02	  -5.6797008193949405e-01	  -2.0134206277177026e-02	  -3.5668424604507565e-01	   7.6167617099954010e-02	   4.1663401400042560e-01	   3.0065535827546681e-02	  -3.7603975253811844e-01	  -7.9080366330969258e-03	   1.6336999859293377e-01	   3.3792331580579726e-01	   3.8636554735460116e-03	   2.0719106407025933e-01	  -1.3037466895343075e-01	   1.9654268042443779e-01	  -2.4432767972933550e-01	   1.9074538032179900e-01	   2.1039712851584075e-01	   2.8759126774275617e-01	   2.2535027327424495e-01	   3.1019603672775442e-01	   2.1516574393118876e-01	   6.6968883671738666e-01	  -7.8946963411473364e-02	   7.9388264132837216e-01	   3.8409873679625929e-02	   6.4603595109641654e-01	   3.4796805885277732e-01	   8.0906896832565231e-02	   1.2772243560550242e-01	   3.4664153918024010e-01	   1.9634073575112740e-01	   9.1885038987432902e-02	  -9.6016595493692014e-02	  -9.5331319445168573e-03	   2.2820762778783010e-01	   3.6484295229743635e-01	   1.6558075694812896e-01	
  -4.6868485444456631e-01	   0.0000000000000000e+00	   7.2610487556972941e-02	   7.3615287330942736e-01	   3.2050035401814170e-01	   2.5036961166290927e-01	  -1.7986325503922498e-01	   3.4318091878283596e-01	   3.1648274125905040e-01	   3.8290727484340259e-01	   1.9878709435227605e-02	  -4.3706306897544629e-02	  -8.2241851771097052e-02	  -4.0359230798147105e-01	   2.8855382191261014e-01	   1.8945719722638465e-01	   4.4142975531641267e-03	   7.0870411830167868e-01	   1.7458582722990582e-01	   7.6084378552590093e-01	   1.8200183419083700e-03	  -9.0660823936416668e-02	   6.9826025220534452e-02	  -4.0413685017040499e-03	   3.6331246422625629e-01	   1.2083343827993497e-02	   4.1260464127076790e-01	   1.9443267981846382e-01	   4.8995247931743008e-02	   2.5358811381661145e-01	  -2.5838211683362572e-01	  -2.3642148981029582e-01	  -4.1208307844909209e-01	   2.0577513059593816e-01	   2.7296723495841535e-01	  -1.5086482482825762e-03	  -2.9830552724979481e-01	  -6.6320420733902596e-02	  -2.9140061798983397e-01	  -4.4445159222764159e-02	   2.0040765351968445e-01	  -1.3145206811946003e-01	   5.8997208445880667e-01	   5.7287604230838807e-01	   5.6821446876507498e-01	   7.4105683015261237e-01	   4.5853188757278834e-01	   5.0070392338517955e-01	   3.5913045040325453e-01	   7.3825406906448765e-01	   3.2624729218555820e-01	   7.5810844493906948e-01	   6.1789111242071404e-01	   6.9941556714900743e-01	   2.1909788664139226e-02	   4.8446988681643927e-01	  -5.7574586778945880e-01	   9.6137981226479075e-01	  -5.6248333669312034e-01	   9.3064599231915546e-01	  -6.1258840250512436e-01	   9.0690996490941678e-01	   2.8654960544734392e-01	   9.2264359908436133e-01	   8.2292890299140428e-02	   7.5840002298617926e-01	   5.9572707732130255e-02	   6.9728891232055823e-01	   5.1602304486136585e-01	   7.5547780601095582e-01	  -7.0873473220507507e-02	  -3.3881619281973008e-01	   1.0741829663830443e-02	  -1.6403595143813868e-01	   6.7359314619570954e-02	  -2.1336490602696817e-01	  -5.7469654815623619e-02	   1.7199161871520208e-01	   1.1649673795231372e-01	   7.4956824569320202e-01	   4.6966805816083146e-01	   7.5674204015232771e-01	   5.0858432882385052e-01	   2.1175243446180686e-01	   4.4987965181440570e-01	   7.9574663209331220e-01	   3.9004901628159849e-01	   1.5874208722870406e-01	   2.8412443568193368e-01	   6.8366909492572370e-01	   3.5611866156198335e-01	   6.4882680230748846e-01	   3.0737194719477823e-01	   7.6986694472137052e-01	  -6.9149875465692581e-02	   1.3314607435889397e-02	   1.5762548171292595e-01	   2.0282943323930999e-01	   2.2995361033660527e-01	   4.5810777858909230e-01	  -3.0693557421692441e-01	   7.0874479010312452e-01	  -5.6528532940954423e-01	   4.6372504569901385e-01	  -4.6236057906845462e-01	  -1.4982528508215759e-01	   5.6527201005156569e-02	   2.1859868054218359e-01	  -4.0217798418397788e-02	  -1.6008947926518441e-01	   2.6024681027304042e-01	   5.2948904518778617e-01	   3.8929862828041317e-01	   2.0089188077121423e-01	  -4.8506726787499220e-03	  -4.4973800855879799e-02	
   3.0375048068385591e-01	   7.2610487556972941e-02	   0.0000000000000000e+00	   5.2484408272515770e-01	   4.6774828842084726e-01	   4.7363962801829351e-01	   6.3968533938512351e-01	   1.9277605403006237e-01	   2.8469099976021101e-01	   2.0253570275713398e-01	   3.3459385634167738e-01	   1.7656697980545433e-01	   3.3213445013225645e-01	   3.1878112706219469e-01	   4.4519619436599595e-01	   5.8216334128267311e-01	   3.2954833066684691e-01	   7.3937678851098185e-02	   2.3167862626112667e-01	   3.9395297840416829e-02	   3.6541840947974746e-01	   9.0994599350109714e-02	   8.3337597671435359e-01	   5.9767740961017002e-01	   5.9244494314332730e-01	   5.3081269027742062e-01	   5.1848717089287022e-01	   2.8919284080468483e-01	   2.6741020663080300e-01	   1.5489445939391336e-01	   7.2436318125396759e-01	   5.6939317952182322e-01	   3.3716217671529092e-01	   3.2110141527972191e-01	   5.2019871213306446e-01	   3.7223020524020112e-01	   3.1410612668843740e-01	   2.0662570822985477e-01	   5.0025772591312045e-01	   2.3879724357014467e-01	   3.9974173865169199e-01	   3.4636412897491600e-02	   1.8408133565921420e-01	   1.0450598299643073e-01	   2.0864419416657595e-01	   1.6417036141680516e-01	   1.5402851626058728e-01	   5.0325378011209440e-02	   1.5660274219274337e-01	   7.4099299932399304e-02	   3.1215517751809885e-01	   1.8042291464454913e-01	   1.5517110369189049e-01	   2.6308578090100410e-01	   4.0139089391910399e-01	   2.6882396923735169e-01	   2.1285846581007434e-01	   3.9390463417663904e-02	   2.4509313978798580e-01	  -3.4851120890439639e-03	   2.0526822313410939e-01	  -2.4789352433272911e-02	   3.2136039448052489e-01	   6.3923533945488831e-02	   6.2539655079694800e-01	   2.0595687969773624e-01	   4.8904618681046164e-01	   2.5935674320023999e-01	   2.4759628713562090e-01	  -1.3892853590294627e-01	   6.0766618445432496e-01	   2.6369141062981211e-01	   3.4725843249528632e-01	  -1.4387387016001232e-01	   4.6757965792706657e-01	   3.9873619853815538e-02	   5.0228374204805004e-01	   4.6021202773429604e-01	   3.6358859579962943e-01	  -5.8217240434414189e-02	   4.7632490361722468e-01	   1.4836900996389646e-01	   5.5817891929038288e-01	   4.4326243981187780e-01	   5.8460290520722957e-01	   2.5310847567861094e-01	   5.6804044964230893e-01	   3.5460626821592317e-01	   5.0069387709764379e-01	   3.5392495509590949e-01	   1.4952272753031517e-01	   2.2694812050673555e-01	   1.4290717357481206e-01	   3.3390484641824347e-01	  -8.0766748530169644e-02	  -1.3779404193301734e-01	   9.6468266996118351e-02	  -2.6931723128431356e-01	   2.1043714533250005e-01	   1.0787785348076909e-01	   1.7021748651525470e-01	   2.4072778902974085e-01	   9.1834650842495300e-02	   3.1350531096849793e-02	   1.4558878466246450e-01	   1.7168041349024027e-01	  -1.4501402972204780e-01	  -8.9072450582734441e-02	   7.8773252137422520e-02	   1.1436573429745621e-02	   7.7542475516514955e-02	   2.2883274094946437e-01	   2.4085186652507359e-02	   9.2280316510610166e-02	   2.1465326315777722e-01	  -1.5368899545570741e-01	
  -2.5737133588510841e-01	   7.3615287330942736e-01	   5.2484408272515770e-01	   0.0000000000000000e+00	   5.0134161244952713e-01	   5.4841705856182399e-01	   1.9789382721171364e-01	   5.1139019043474021e-01	   3.5743708152303455e-01	   4.1311899368476002e-01	   4.5988165874135567e-02	   5.6168497344534114e-02	   2.1180992502491430e-02	  -7.6450649601232337e-02	   3.5519941508292252e-01	   4.5701308178107969e-01	   3.8731986265937102e-02	   4.4944372141871669e-01	   8.4086133571099606e-02	   5.8044417744577537e-01	   2.4036389021741153e-01	   9.2062695680506818e-02	   5.0409971149962274e-01	   5.2155143040048624e-01	   6.5527443214007597e-01	   4.8378909670890546e-01	   6.7735896233581927e-01	   4.1294809005208089e-01	   3.2931730657544678e-02	   1.9229987824751504e-01	   2.2163698282056910e-01	   1.6487442515853129e-01	  -1.2475004480734928e-01	   3.0384000752055312e-01	   5.4646249670970803e-01	   3.4739731867595808e-01	  -6.1962705811805519e-02	   2.1003037042987591e-02	   8.8495916702007071e-02	   9.3075128411856611e-02	   3.5482273614404847e-01	  -8.8031715290079776e-02	   5.0547982618761689e-01	   4.2628244527841147e-01	   4.9840898754711516e-01	   5.8261586084088801e-01	   4.0445075310316209e-01	   3.9416778523534313e-01	   3.0047485532564955e-01	   5.6415752705682620e-01	   4.5478719800598610e-01	   6.5939038814795747e-01	   6.0711233768376527e-01	   7.2291292204403446e-01	   2.1280944225467741e-01	   5.0142781073568543e-01	  -3.1110015531925961e-01	   7.2194145560418299e-01	  -2.8287423007694867e-01	   6.7662127839605335e-01	  -3.3199118059034582e-01	   6.8096442883237585e-01	   3.0911734840283245e-01	   6.5880846864781051e-01	   4.6921442877026087e-01	   7.5438019192119743e-01	   2.6406592116805960e-01	   6.8752579531849978e-01	   4.3974809042681717e-01	   4.8817813213996469e-01	   1.9596790319428112e-01	  -2.1517191890740461e-01	   1.3624638555235008e-01	  -1.8818756280558233e-01	   2.7532702489727234e-01	  -6.7418899398282023e-02	   9.9344256847713211e-02	   4.1076082678224490e-01	   2.1711155816726163e-01	   4.4719396250734789e-01	   5.8907307677685949e-01	   6.2619074797411967e-01	   6.4948263070751100e-01	   4.5242282357586699e-01	   6.8008884001764147e-01	   7.5643578866599037e-01	   5.7501729026664838e-01	   4.1033124912447710e-01	   4.7552649102971967e-01	   6.8351224957286771e-01	   3.9285943046529032e-01	   6.0032408087777300e-01	   3.8020675034016960e-01	   7.1820271782462330e-01	  -2.0237442593735144e-01	  -2.3794569305710483e-01	   1.3850116833450954e-01	  -7.4135074183991539e-02	   2.7642527107772757e-01	   3.5582675029499666e-01	  -8.8258240412003863e-02	   5.4264069573229068e-01	  -3.4455735417221134e-01	   2.5184359176054327e-01	  -2.5325710348308877e-01	   3.6279548453685725e-03	  -3.8068015992937881e-03	   8.4814742639574670e-02	  -1.0348155030902764e-01	  -2.3181810432682068e-01	   1.6102354080590975e-01	   5.0916738286752450e-01	   3.4444196537340910e-01	   1.7544162645582323e-01	   5.0688207610624612e-03	  -1.3945713914219651e-01	
  -1.8341324137974924e-01	   3.2050035401814170e-01	   4.6774828842084726e-01	   5.0134161244952713e-01	   0.0000000000000000e+00	   5.0872029435269939e-01	   1.9791417060210864e-01	   2.4751399641563993e-01	   7.7593035553481948e-01	   4.4174116260569146e-01	  -4.1544674343211373e-02	   5.3884724114037864e-02	   2.6035757985194047e-01	  -1.9263005695695690e-01	   7.6815734453590434e-01	   3.8629253915390449e-01	   1.3900787025198463e-01	   5.6316590784145415e-01	   1.1629607406276601e-01	   1.8778106731885516e-01	   2.5842466083790455e-01	   1.5866191868205060e-01	   4.2001589855651317e-01	   1.8230755687037092e-01	   5.8278254738180812e-01	   2.8008317623117157e-01	   5.7625587633000597e-01	   4.8610398862634335e-01	   3.0563457276982980e-01	   4.0156826504690135e-01	   3.3640886875430781e-01	   1.8841568054199892e-01	  -1.7290025123630440e-02	   2.5257249317802993e-01	   9.4852757488758058e-02	  -1.0461674632267151e-01	  -1.9602445734043603e-01	  -2.1196010310508423e-01	  -4.6767591273862742e-03	  -2.4801547569671739e-01	   9.5766978322639779e-02	  -3.6258921675177935e-01	   2.5536767864896814e-01	   1.6359919610117171e-01	   2.6657875727281516e-01	   3.2847036720399014e-01	   1.0943536389888193e-02	   5.2955591495655777e-02	   2.2748204684138573e-02	   3.5434936546274998e-01	   1.9478729322041285e-01	   5.0883151430717000e-01	   1.0137690040701283e-01	   2.8777641583721120e-01	  -9.5815810742437224e-02	  -3.0001863563846227e-02	  -1.8709508793054108e-01	   3.3964984444656671e-01	  -1.7094093293232915e-01	   2.2741358092092290e-01	  -2.3172843986452735e-01	   3.3646121134079221e-01	   1.6287800885682299e-01	   3.6304591122825736e-01	   2.0311170464683742e-01	   4.9496570593869971e-01	   1.2309567119673329e-01	   2.4585583650447562e-01	   5.1997279908477051e-02	   2.7097173389758861e-01	   3.1678483130923429e-01	   9.8895916340467974e-02	   1.6424756770782861e-01	   3.1852512358323476e-01	   1.3192251644125014e-01	   1.9870795342707820e-01	   2.0473723096716943e-02	   4.1997632403468060e-01	   4.4378150404812433e-01	   5.1771240410783770e-01	   3.9624835050578078e-01	   5.0563330981432841e-01	   4.6400409565160916e-01	   2.8019499885144983e-01	   4.0811091592181392e-01	   4.0436862006785806e-01	   4.0555168347221149e-01	   1.7265781478932302e-01	   3.2710280400257208e-01	   2.9983945964215075e-01	   1.0221794656269610e-01	   1.2075769575144130e-01	  -2.1297835854755812e-02	   2.9605173020253073e-01	  -3.1917470277888838e-01	  -4.1464478247401027e-01	  -1.1329769699721945e-01	  -2.9840609382320371e-01	   2.6398940166410860e-02	  -6.3603949419724901e-02	  -2.9866720605588309e-01	   2.5229590207535252e-01	  -3.1448465072938780e-01	   2.1186676085910277e-02	  -1.6761645978634582e-01	  -1.1159009069457450e-01	  -4.8310807398312526e-02	   3.4255347942818790e-03	  -2.3290383578092272e-01	  -3.1789968977027722e-01	   9.9976881837226320e-03	   2.2367438714367399e-01	   1.6137591718610883e-01	  -9.0301159141439498e-03	  -1.0142816092645901e-01	  -2.3551900890291957e-01	
   1.4766992779731694e-01	   2.5036961166290927e-01	   4.7363962801829351e-01	   5.4841705856182399e-01	   5.0872029435269939e-01	   0.0000000000000000e+00	   4.2246758047492466e-01	   5.4539269489003350e-01	   5.6061853795581174e-01	   7.0742097257888070e-01	   3.4734222164180695e-01	   3.0174443920206701e-01	   3.7829375741547883e-01	   2.7475992108955483e-01	   3.7773485847696209e-01	   7.0793809739845937e-01	   3.2548415405442399e-01	   1.7798346584930333e-02	   8.4438941030425346e-02	   7.3274137343718182e-02	   4.7130128505773317e-01	   3.2642910444114470e-01	   4.2120896591466878e-01	   4.4447339891490356e-01	   3.7727441578584175e-01	   6.3546645493810461e-01	   4.5892062596999172e-01	   4.4427789077801272e-01	   4.3748257360309561e-01	   1.6934821274911541e-01	   3.8479549432348581e-01	   4.6488144006111148e-01	   4.3208114385056041e-02	   3.0386295939363528e-01	   1.6814718154237010e-01	   1.1428361473904355e-01	   1.3221597282486397e-01	   1.0139678577595942e-01	   1.9311858778206287e-01	   1.4712811093933217e-01	   2.6209254519397024e-01	   1.7014777010849438e-01	   1.9908043407004347e-01	   8.3869596108340216e-02	   1.8442602634105654e-01	   1.9261874630995771e-01	   1.6034746576860187e-01	   3.4392865243983620e-02	   5.0056497857286414e-02	   1.3228978087244228e-01	   2.0806635113739391e-01	   1.8374452888513407e-01	   2.3677482475788214e-01	   3.0741233362788095e-01	   1.1752885085514703e-01	   2.2294564524080601e-01	   5.9753972714258662e-02	   2.6760240860619183e-01	  -2.7586863844938726e-02	   2.2985515361613423e-01	  -1.1636184069577211e-02	   2.3220551101256562e-01	   2.1365018307502409e-01	   2.1273002376242259e-01	   2.0302113241436409e-01	   2.5721047334795544e-01	   1.0845596272887803e-01	   1.5059589994889175e-01	   1.6234838471756849e-01	   5.4666844424754210e-02	   4.1593528727540968e-01	   1.4676212043325265e-01	   3.5754568732597780e-01	   1.9563818346365777e-02	   3.7981389576851399e-01	   1.3151516859953374e-01	   1.5705788524125869e-01	   2.3677782869698344e-01	   3.6315854387422453e-01	  -2.9544398053863313e-02	   5.2410066810344857e-01	   1.2266426742248046e-01	   3.5942813850474564e-01	   2.1262174177555535e-01	   3.0460775234348070e-01	   1.9689126646356653e-01	   4.8547114577209877e-01	   1.3222194886586611e-01	   3.0276884773520896e-01	   3.8818913144654632e-01	   7.9336803329687566e-02	   1.7607830777756123e-01	   5.7923889309754548e-02	   2.5192189165352669e-01	  -2.8278580939311154e-01	  -3.8592376967743180e-01	  -1.5939289077250035e-01	  -3.3829843004485932e-01	  -2.6929804730494746e-02	   6.6194122301839270e-02	  -1.4384938209882046e-02	   1.7493852963703746e-01	  -6.1257103756119355e-02	   1.2949392214836636e-01	  -1.0966104744617786e-01	   2.4432600723453480e-02	   5.3047421942891110e-02	  -1.5049595837283264e-01	  -2.6239401305095683e-01	  -2.9706892423806830e-01	   5.0201318215121582e-04	   1.2959373553664649e-01	   2.2695424964506108e-01	   1.3031912153530609e-01	   4.6826417483746538e-02	  -4.3740462513447098e-02	
   6.2247972382336036e-01	  -1.7986325503922498e-01	   6.3968533938512351e-01	   1.9789382721171364e-01	   1.9791417060210864e-01	   4.2246758047492466e-01	   0.0000000000000000e+00	   5.0596371500561110e-01	   3.7343444467058479e-01	   2.3660344499779717e-01	   5.3909258987869002e-01	   3.3080312998112471e-01	   6.4700454160609300e-01	   6.0304011167912097e-01	   3.5961970130163357e-01	   4.1287374919618058e-01	   2.3250183732988883e-01	  -2.1415628718723387e-01	   4.7193396685279043e-01	  -2.9821389711189927e-02	   2.4070656262712442e-01	   2.0169956846850937e-01	   6.2195823801196515e-01	   4.3446057402669458e-01	   8.1910972723982567e-02	   2.5450364750000531e-01	   2.2901321974942371e-01	   2.0646230861019552e-01	   2.5870120720387818e-01	   1.8474544350967706e-01	   6.6521815474518076e-01	   6.3287093797707872e-01	   4.7506854019522826e-01	   3.2751536331246606e-01	   1.3804787110904279e-01	   2.3030377549909148e-01	   3.8303990598185506e-01	   2.9785388274494690e-01	   5.3984887811605253e-01	   3.4113830700701264e-01	   3.1750339598563448e-01	   2.1743397182411167e-01	  -1.6009091719987448e-01	  -2.0008087760683346e-01	  -1.3245469218097622e-01	  -2.1184861648696746e-01	  -6.7094217422691810e-02	  -1.0029359521822839e-01	   6.4546573849940447e-02	  -2.2849617482647988e-01	   8.9434004576657858e-02	  -2.3779292860154719e-01	   1.5064130792100387e-02	   7.0804903117729384e-02	   3.2479364551537238e-01	   2.4553868045836891e-01	   4.7456157468740945e-01	  -1.9319132887020377e-01	   4.6142551790164793e-01	  -1.5651839646937529e-01	   5.2090936600535709e-01	  -1.9691653070679291e-01	   1.0005607555335475e-01	  -3.1492554864060618e-01	   3.5214631285386827e-01	  -2.0988444018493407e-01	   1.9180250074271843e-01	  -1.5636232319899351e-01	   2.5305998741625746e-01	  -1.9521064058895113e-01	   3.6468909267862459e-01	   6.4379769367193762e-01	   4.0454098859687437e-01	   2.7355456928195998e-01	   3.7798221152364425e-01	   4.2997630963484507e-01	   3.6921415642730682e-01	   2.2312631800192215e-01	   1.4218880406213896e-01	  -3.1940591004126312e-01	   1.9868087957083014e-01	  -4.2557513775630593e-02	   3.6304307067806718e-01	   4.7316034868341572e-01	   3.0380842429953286e-01	  -3.8602575942771569e-02	   2.1915393283014378e-01	   1.5598503312225084e-01	   4.7441721852387569e-01	   3.2980126075387972e-01	   1.7227837180946112e-01	   1.1966297689562849e-01	   1.4640355476407721e-01	   5.9618530602835548e-02	   9.0758454566113755e-02	   1.8569396945763369e-02	   6.5512335516794806e-02	  -1.3568260305963264e-01	   1.7778277320232627e-01	   4.9527412110582161e-02	   3.3752344156929787e-01	   1.1285512584902754e-01	   3.7152002256932826e-01	  -5.5048434552857264e-03	   2.5014258058097416e-01	  -8.2786726982568386e-03	   5.6882189423188387e-02	   9.7973340583433849e-02	   3.0563794876649109e-01	  -1.1117078308421889e-02	  -2.2523598884223062e-01	  -8.8048911265219021e-02	  -1.5659427502762877e-01	   5.6315100315830480e-02	   2.2578513797366404e-01	   7.1883720243836186e-03	
   2.2241233196722121e-01	   3.4318091878283596e-01	   1.9277605403006237e-01	   5.1139019043474021e-01	   2.4751399641563993e-01	   5.4539269489003350e-01	   5.0596371500561110e-01	   0.0000000000000000e+00	   4.7095783340943720e-01	   5.5881328982430778e-01	   3.5064827575714219e-01	   5.0323639362237538e-01	   4.2992481928155823e-01	   4.2657448275462850e-01	   2.2609682027309130e-01	   3.0355228797423039e-01	   1.6401544616596753e-01	   2.1687261772094238e-01	   2.4119687923176975e-01	   3.6544412176444752e-01	   4.2135018706314219e-02	  -2.5434550982974750e-02	   1.6653309814125833e-01	   1.7627992920340443e-01	   3.1563423231329685e-02	   1.1070779681453882e-01	   1.0212365612522845e-01	   3.8796509663988503e-02	   2.3992985825996413e-01	   4.6392408207324831e-01	   1.6737283673412134e-01	   3.2936096247164204e-01	   2.7202428706624043e-01	   5.8083319107077824e-01	   1.3880465583264137e-01	   1.2106873590416509e-01	   5.0989309561074517e-02	   1.5689451571096880e-01	   1.4810827666034854e-01	   2.3194982282651205e-01	   2.3834115081619917e-01	   2.0049485113573356e-01	   2.0206694223433114e-01	   1.6550765624356645e-01	   2.4216598460961297e-01	   2.7778510468343959e-01	   2.9172043087402694e-01	   3.0020182722581262e-01	   3.1619610972968409e-01	   3.0946191575503806e-01	   2.7164179245809167e-01	   2.5473043504936110e-01	   4.1258723801270225e-01	   5.1471894815617691e-01	   2.2144292880611069e-01	   4.1905233755147459e-01	   1.2712949613115265e-01	   3.2929721768883591e-01	   6.6285065510556032e-02	   3.9176550711552566e-01	   1.8780004187306462e-01	   3.8966596268347753e-01	   4.0207445898708355e-01	   2.5480070985348952e-01	   1.6988509082662620e-01	   2.8756503661709965e-01	   1.3346800296502259e-01	   2.6884750529530194e-01	   3.7131820058336806e-01	   1.5981788039031850e-01	   3.6186283581666957e-02	   2.1740295569635087e-01	   3.1452841990780578e-01	   3.4794608906886948e-01	   1.8113492239368123e-01	   4.7728861719536564e-01	   9.9051282764271997e-02	   2.6516503783906065e-01	   1.3118608251590322e-01	   1.1519449452857256e-01	   4.2838211559256151e-01	   3.9024684241610252e-01	   3.2144478077057015e-01	   3.9923906593510017e-01	   3.4174144266341383e-01	   3.5238991407126902e-01	   2.2528572138485609e-01	   3.8934383536217927e-02	   4.2049713100441055e-01	   5.0490007249291169e-01	   4.1125186033915578e-01	   2.8499303676354565e-01	   3.8437914301467979e-01	   2.9458771663182043e-01	  -1.1708354627933656e-01	  -2.0229203667261286e-01	   1.5330505844283343e-01	   7.9850969536840385e-03	   2.7724699311635720e-01	   3.3473067523981992e-01	   1.9992332344116848e-01	   2.7695151844453308e-01	   1.0572732403857144e-01	   1.4828402798377333e-01	   9.7320604217619733e-03	  -1.2057899443832419e-01	  -8.8357332955179592e-03	   1.8107615081600653e-01	  -1.1114719019518793e-02	  -2.0260265962940144e-01	   4.7853171933278017e-02	   2.2808254046264947e-01	   1.9727735176613620e-01	   1.8092115700587386e-01	   1.4895256149908223e-01	   3.4320733381951532e-02	
  -1.3277574509579677e-02	   3.1648274125905040e-01	   2.8469099976021101e-01	   3.5743708152303455e-01	   7.7593035553481948e-01	   5.6061853795581174e-01	   3.7343444467058479e-01	   4.7095783340943720e-01	   0.0000000000000000e+00	   6.5566681304985375e-01	   2.6521192617885009e-01	   2.5368586578139701e-01	   5.5885775280832184e-01	  -3.8445728577438001e-03	   7.4296630512910200e-01	   3.6865288095765586e-01	   1.9846815319445626e-01	   4.8050773174652212e-01	   2.5487272851353987e-01	   1.8317875394252600e-01	   2.2236756604284513e-01	   6.0728491493149614e-02	   3.4717366878682454e-01	   5.7379017218685525e-02	   2.9821841199918009e-01	   8.1022655144191283e-02	   2.9586670054521219e-01	   2.8655023130037371e-01	   4.4506101394653519e-01	   5.6513021142818465e-01	   2.4598871283232546e-01	   1.9913045899920287e-01	   1.1048434466396755e-01	   4.4531997256436767e-01	  -7.4049771029097863e-02	  -2.5502096415830594e-01	  -1.7408488097922642e-01	  -1.2739648332625159e-01	  -6.2419400781190029e-02	  -1.9459300134299440e-01	   5.4498680194614832e-02	  -1.7570029205108906e-01	   2.0541202523210134e-01	   1.5399669415101219e-01	   2.0820077296013947e-01	   2.8671391233657506e-01	   1.2079671676830511e-01	   1.3370341959144905e-01	   1.2065529656676260e-01	   3.2887365566737303e-01	   1.5148872159393431e-01	   3.8865120402669051e-01	   1.4153627449730266e-01	   2.9343832161948602e-01	  -6.0147996971860115e-02	   1.1052728483242407e-02	  -1.2756989798546123e-01	   3.4006966453676174e-01	  -1.2431683384753947e-01	   3.0778670045399859e-01	  -6.9239794462999910e-02	   3.7388110314836198e-01	   1.6206072711294628e-01	   2.8633101600021471e-01	   2.6926464001251597e-02	   2.9062657664168878e-01	   4.4110901745422842e-02	   1.5888969889346358e-01	   1.1602509488911958e-01	   2.6905181126516720e-01	   2.1885028318945160e-01	   1.4330975550955621e-01	   2.7121065414207784e-01	   3.7283101259279688e-01	   8.6800973240498236e-02	   2.4316951847406240e-01	   2.3278707607900465e-03	   3.6810122203081957e-01	   3.2331795336101260e-01	   4.0835834364595547e-01	   3.7280343990279141e-01	   4.4287187435249220e-01	   2.5869182730259493e-01	   3.3189318061757134e-01	   2.6959801194535848e-01	   2.9558345644859074e-01	   2.1881181567148350e-01	  -7.0105311253264913e-02	   2.7275712334335750e-01	   3.5251704325397015e-01	   7.4595964480220156e-02	   7.8085441780928314e-02	  -8.2094061386086242e-02	   1.6259356131991573e-01	  -3.6847183633295189e-01	  -2.3622572358121668e-01	  -1.8414652204939785e-01	  -2.1137954291894823e-01	  -2.3211115191380575e-02	  -3.8796354029884308e-02	  -2.6035499444348498e-01	   1.6655350061595919e-01	  -2.2388336064213699e-01	  -1.6076090374944049e-02	  -2.5301730641448222e-01	  -3.3942934814573322e-01	  -2.9000989598014434e-02	   1.0023870632336219e-02	  -8.7705194587992363e-02	  -2.7845926618305361e-01	  -6.9155175447764408e-02	   9.4181425076813138e-02	   9.8901721626761807e-02	  -2.8078929058075575e-02	  -1.0523374943179289e-01	  -1.9849120972468265e-01	
   4.6243202103625251e-02	   3.8290727484340259e-01	   2.0253570275713398e-01	   4.1311899368476002e-01	   4.4174116260569146e-01	   7.0742097257888070e-01	   2.3660344499779717e-01	   5.5881328982430778e-01	   6.5566681304985375e-01	   0.0000000000000000e+00	   3.4739145954302408e-01	   5.2047681006971402e-01	   4.4060197074569796e-01	   2.3325371064517389e-01	   3.3176858480071536e-01	   6.5624801144836753e-01	   3.9485227994320815e-01	   2.4254666564870686e-01	   1.6250150016972187e-01	   1.5920314863205842e-01	   1.8453191270705618e-01	   1.0296423102949273e-01	   2.1834914173480072e-01	   2.2309896960066494e-01	   1.4972463112110010e-01	   3.0300954389085855e-01	   1.3246657806060597e-01	   1.1567204867182687e-01	   5.2143219252828898e-01	   4.2798699281636360e-01	   7.8729189297920402e-02	   1.5862372310027370e-01	   8.0729323954637014e-02	   4.0249992969327980e-01	   2.7101185728566089e-02	  -4.8590658977095580e-02	   4.8417446106909366e-02	   6.1182991054822569e-02	   4.1240513671820522e-02	   2.7397944610244154e-02	   9.1577100045588666e-02	   1.5478656268489030e-01	   3.3723122845264292e-01	   2.4992508140494551e-01	   2.8809780151261444e-01	   3.5864769404377317e-01	   3.2653541941084896e-01	   1.9923945479889996e-01	   2.9227400589149499e-01	   3.3462818924112780e-01	   3.0777388857943938e-01	   3.4718321033651872e-01	   3.1670075212542576e-01	   4.1807691919794515e-01	   2.0531854588540627e-01	   2.2759041611981259e-01	  -5.8977844850548376e-02	   3.7774122238704050e-01	  -8.0350966600800877e-02	   3.6012473890259133e-01	   9.8139054781006801e-03	   4.0867815010028424e-01	   3.8931463000588840e-01	   3.6674260125512681e-01	   9.8640577736124335e-02	   3.8812563955212831e-01	   1.4185652906010451e-01	   2.7435519085999532e-01	   2.7246094854208253e-01	   6.7916783058651772e-02	   2.5047986752371798e-01	  -2.2270169576193623e-02	   4.1660147186826624e-01	   4.2424148271709552e-02	   3.0442339941513208e-01	   8.5378430836384092e-02	   4.8294269865545233e-02	   2.8420468883092398e-01	   3.6955688774709522e-01	   2.0076337389432963e-01	   6.1082976285013701e-01	   2.4835932547330053e-01	   1.7629880005995907e-01	   1.0699622726439645e-01	   3.3341610316000037e-01	   3.0998548015425020e-01	   3.2542651101820114e-01	  -9.8883463594847176e-02	   3.5468621316171434e-01	   4.4855328568471597e-01	   2.1331023590211817e-01	   1.8597141250165589e-01	   2.3433702900432241e-01	   2.5731726594710325e-01	  -2.6459784444233347e-01	  -1.4147187310882720e-01	   4.1157201233517265e-02	  -3.4116369843447916e-02	   8.5743829641770311e-02	   2.5552864534270958e-01	   4.3114983934694345e-02	   2.1243451885332082e-01	  -5.0960521015980503e-02	   1.8344742607055786e-01	  -1.1207969101770374e-01	  -6.1227361734238650e-02	   2.2038835269496617e-03	  -9.4005024167640547e-02	  -1.9384340805361694e-01	  -2.7982925136070724e-01	   1.2832810543725542e-01	   3.4992667277269496e-01	   3.9398398161448545e-01	   3.5606228567787029e-01	   2.7346214586485162e-01	   2.1670276734631955e-01	
   4.1962495946040457e-01	   1.9878709435227605e-02	   3.3459385634167738e-01	   4.5988165874135567e-02	  -4.1544674343211373e-02	   3.4734222164180695e-01	   5.3909258987869002e-01	   3.5064827575714219e-01	   2.6521192617885009e-01	   3.4739145954302408e-01	   0.0000000000000000e+00	   3.6163260114701012e-01	   8.1802685427299404e-01	   4.7565406450738468e-01	   3.0095188346913687e-01	   4.3716644823712003e-01	   5.8636342412547282e-01	  -2.0234344478707147e-01	   3.0407568844187283e-01	   6.0574150082203862e-02	   2.5367329757322454e-01	   1.8020781094354607e-01	   2.6821985519517333e-01	   1.8523615677639341e-01	  -1.6621544970751845e-01	   7.9308654649652491e-02	  -8.7640020260629864e-02	  -1.2617406376401230e-01	   6.5640971940077431e-01	   2.8954906323497148e-01	   4.2330865776568011e-01	   5.6494650850902062e-01	   3.4869006775971473e-01	   3.6322690002923957e-01	  -2.3180804754518034e-02	  -1.5982938146375192e-02	   2.6682184003187959e-01	   2.5979998066447119e-01	   2.6690573175865251e-01	   3.0527490925166162e-01	   3.4976739848857147e-01	   3.5091284674935852e-01	  -1.2442514271055616e-01	  -1.0643572607180342e-01	  -1.7430280606410054e-01	  -1.3494384264948997e-01	   8.4654228408797202e-02	  -3.2716318276922229e-02	  -6.8168163219415268e-02	  -2.4957078533083027e-01	  -1.1210705989342903e-01	  -2.4077408253179045e-01	  -4.3263516117515180e-02	   3.5075798070088156e-02	   1.9912886781397104e-01	   1.8335911695092008e-01	   1.9501277278706225e-01	   5.6883031873828857e-03	   9.4002285211371023e-02	   1.8620211442614290e-02	   3.0988325159947261e-01	  -5.6384223014897478e-03	   3.1010850470503248e-01	  -1.0941111449881417e-02	  -1.2660084061884652e-02	  -2.6436664652014852e-01	  -9.0025220171353879e-02	  -2.1612889130125304e-01	   2.2815915705899109e-01	  -1.3551120304196596e-01	   3.5659491416609662e-01	   3.1491102838993773e-01	   5.2688113271571002e-01	   7.3364478790686735e-02	   4.1825002480656376e-01	   1.3340884834135858e-01	   4.1382659563937907e-01	   7.8553783606887750e-02	   2.0079939571034983e-01	  -2.9405163858071348e-01	   3.6227447064840529e-01	  -1.5441900420715907e-01	   2.0540385951135121e-01	   2.3927869443323962e-01	   4.2106342421429570e-02	  -1.7469325975501923e-01	   3.3865110964446593e-01	  -3.3730320549360038e-02	   1.0834680136700287e-01	   1.6626625316151578e-01	  -1.2233700416284563e-01	  -1.7038077749724700e-01	  -9.4118322074938213e-02	  -2.1811426182802940e-01	   6.9909528111693930e-02	   2.3386021679279073e-01	  -1.0009459067724263e-01	  -1.0562551844215479e-01	  -1.0964847258576803e-01	  -7.6269703931168581e-02	   1.0979794655587793e-01	  -1.0806714270029634e-01	   1.7666398406268541e-01	  -1.6197138651812748e-01	  -2.3586744820061997e-02	  -1.6371555042126282e-01	  -3.2432069569373778e-01	  -1.3478048989301322e-01	   3.2271282468406920e-01	   1.1243595957279445e-01	  -2.3993378402826102e-01	  -1.2802638110956435e-01	  -2.1120999888285219e-01	  -8.3519824463067105e-02	   1.5029977685253651e-01	  -2.7367000329560222e-02	
   5.2929659651492300e-01	  -4.3706306897544629e-02	   1.7656697980545433e-01	   5.6168497344534114e-02	   5.3884724114037864e-02	   3.0174443920206701e-01	   3.3080312998112471e-01	   5.0323639362237538e-01	   2.5368586578139701e-01	   5.2047681006971402e-01	   3.6163260114701012e-01	   0.0000000000000000e+00	   4.0256262202147342e-01	   6.8547416492878677e-01	   1.9233883673359761e-02	   5.0344165533999752e-01	   3.4184620608851479e-01	   5.6587116228615703e-02	   3.0424482212043080e-01	   5.3326430067853897e-02	   2.7833968248128966e-02	  -3.2241550402569083e-02	  -1.6917052604880217e-02	  -3.5435617621074784e-03	  -1.4932701460860390e-01	   1.0481222763141870e-01	  -2.7795921991537426e-01	  -1.8631005140854445e-01	   4.2086599784259127e-01	   5.9148928115478649e-01	   1.3000242974008258e-01	   1.6527211201383718e-01	   6.6235785569098860e-01	   6.7206907078072553e-01	   1.1021512856383130e-01	   2.3283061242322198e-01	   3.8406661251244645e-01	   2.1689019461562206e-01	   3.2808382456412116e-01	   2.6225903174669257e-01	   1.6361341854988551e-01	   2.8108335266176199e-01	   3.1208798966312978e-01	   3.1420966391404648e-01	   2.8566474079790277e-01	   2.5918479822472523e-01	   5.1794784906771141e-01	   3.7190665891582214e-01	   5.0734590418505054e-01	   2.1379568291451434e-01	   3.5597137866945588e-01	   9.4769360949786247e-02	   1.7614451496896819e-01	   2.7973616538674739e-01	   5.3112182271352371e-01	   4.3712940205576029e-01	   4.0422650193654036e-01	  -1.3689857932824909e-01	   5.0471301056958795e-01	  -1.9178189597985118e-02	   5.6253007825863055e-01	  -6.7485000106197707e-02	   4.6790497416707844e-01	  -2.0848140675744302e-02	   1.3027690511675927e-01	   4.3240157538469048e-02	   4.7832461236534796e-01	   2.1262572176653630e-01	   1.9496773526970590e-01	  -3.2239712463273051e-01	   2.4084298843207147e-01	   1.3675916093200724e-01	   4.4482182494784878e-01	   1.6806884077636441e-01	   2.2709528847013757e-01	   3.0581723702620323e-01	   4.5023780178686879e-01	   4.7821563033659398e-01	   1.6842576663220810e-01	  -1.6340803932326908e-01	   3.4234940105802081e-01	  -8.8328463301243887e-02	  -4.5743976153727786e-02	   2.4871083197890148e-01	   1.1717946726022549e-01	  -5.0039730229229033e-03	   1.7107634894457824e-02	   1.8098418284450191e-02	   3.6003694286999832e-01	   1.9068272129648059e-01	   2.6941610153868856e-01	  -8.0146024879033176e-02	   2.7651869550101582e-01	  -1.8600458918648068e-02	  -4.1333832802304307e-02	   7.2706612486929945e-02	   3.8654034956491889e-01	   3.4618445373505946e-01	   3.0491467361310404e-01	   4.3423567831971593e-01	   4.6707786799939427e-01	   1.0918321910246705e-01	   4.0070945357120807e-01	   1.0919084483280740e-01	   2.0822605550066628e-01	   6.0559492436390389e-02	  -1.1293021341742614e-01	  -1.0059165497107422e-01	   2.6887383985499125e-01	   1.8276908818416887e-01	   3.2047039148234063e-01	   3.0642487546087527e-01	   3.9580965719725247e-01	   3.0927411538209071e-01	   3.8449014052853836e-01	   2.4043411098297002e-01	
   4.1436589063541496e-01	  -8.2241851771097052e-02	   3.3213445013225645e-01	   2.1180992502491430e-02	   2.6035757985194047e-01	   3.7829375741547883e-01	   6.4700454160609300e-01	   4.2992481928155823e-01	   5.5885775280832184e-01	   4.4060197074569796e-01	   8.1802685427299404e-01	   4.0256262202147342e-01	   0.0000000000000000e+00	   4.7128811741828469e-01	   5.7808893638684067e-01	   3.9567929032658306e-01	   5.1284172720137877e-01	  -9.1627111665554345e-02	   2.9079138561593459e-01	  -4.7857205705221492e-02	   2.7764691983696632e-01	   1.9099432098642433e-01	   3.7177272116658300e-01	   2.2165150540642092e-01	  -8.6423717269826339e-02	   7.2960022105708316e-02	  -2.6808705528768670e-02	  -5.8835261335204142e-02	   6.6487692756656691e-01	   4.5252518651209944e-01	   4.4199923818309639e-01	   5.0836798307155273e-01	   4.5816105921366757e-01	   4.3190091590275254e-01	  -1.0430528322884157e-01	  -7.5900739464115741e-02	   2.8252245033520623e-01	   2.3583464926211578e-01	   3.6822047106519373e-01	   2.6792857165952211e-01	   2.9259462853358881e-01	   3.0262141967103440e-01	  -2.2245099438608923e-01	  -1.9745843366292715e-01	  -2.1808160502432788e-01	  -1.6928230167153535e-01	  -7.2269957252207334e-02	  -1.3265555717047497e-01	  -8.9242144147415686e-02	  -2.1740696560516093e-01	  -6.4894373703875297e-02	  -1.9900396471022669e-01	  -9.4118283185196661e-02	   1.4800118123340082e-02	   1.6243076415831792e-01	   8.9909834071877623e-02	   2.5108455499175808e-01	  -7.7030433652067756e-02	   1.8390145227909091e-01	  -8.5394597813327672e-02	   3.5775556448806561e-01	  -4.1319497022703641e-02	   2.1962175500803199e-01	  -9.9930802960810361e-02	   6.8831576185377046e-03	  -2.3806568741733827e-01	  -4.5402653860874768e-02	  -2.5269450628829426e-01	   9.1825298210202744e-02	  -1.7965813094465999e-01	   3.3517069518025050e-01	   3.5525688923283388e-01	   6.1280104713070760e-01	   3.7715144008059354e-01	   4.3110380088462685e-01	   4.0138141076910050e-01	   3.7167248315094009e-01	   2.2796480977972083e-01	   3.4026585266200493e-01	  -1.9668133738762089e-01	   3.5761433420574978e-01	  -8.0881514220838419e-02	   2.0830925272895318e-01	   3.5170936945436115e-01	   1.0205835404783362e-01	  -1.6883227889268101e-01	   3.1778257574812929e-01	   3.4417754961758688e-02	   2.1544788858319286e-01	   1.7551107657872017e-01	  -8.0811095645873396e-02	  -2.5639752587435061e-01	  -1.3054350905274664e-01	  -2.6793319256247450e-01	  -2.6206581846307357e-02	   8.1221005660512449e-02	  -1.4982262979216365e-01	  -1.4450977977801940e-01	  -9.3663721714890971e-02	  -1.5022584879983156e-01	   1.0917444258169487e-01	  -1.4454046086629063e-01	   2.4308923759619766e-01	  -2.7102095245130137e-01	  -2.5051144552591725e-03	  -2.1977004472791717e-01	  -2.6301851476292470e-01	  -1.3950938577169311e-01	   2.8652043818958173e-01	  -3.4001060539255612e-02	  -3.3828238992094029e-01	  -1.9196079752484085e-01	  -2.2074068992764567e-01	  -6.0407664247934187e-02	   1.1262385844226508e-01	   8.7845017798782194e-03	
