   0.0000000000000000e+00	   9.0283281216857980e-01	   5.7375139117765217e-01	   4.2666054322377867e-01	   1.0234245439939445e-01	   1.8749647740536790e-01	   5.0325720104865368e-01	   3.8568153416406531e-01	   8.5724930864858800e-02	   8.3124330527343804e-02	   7.9556506229139146e-01	   5.9723270611217583e-01	   5.3630401657040494e-01	   3.3959713253763923e-01	   2.0972822256879078e-01	   3.9888534487760202e-01	   7.6346490655111332e-01	   5.6133164903228983e-01	   7.4436204572911135e-01	   7.5237004905911120e-01	   4.9472712583901168e-01	   4.5265144876873220e-01	   2.5934619532496833e-01	   2.6393188993974742e-01	   2.0885324194631005e-01	   2.5825696435673640e-01	   3.5747314524478702e-01	   2.6875637467980962e-01	   5.7453741222536303e-01	   4.5900860699079837e-01	   3.8933305184835387e-01	   1.9142852738245841e-01	   8.2416305570377424e-01	   7.9504340315461153e-01	   6.7895018512481309e-01	   6.0920523718761077e-01	   4.8438556030918301e-01	   6.7572352937849556e-01	   6.4113042542899346e-01	   7.0897379444702269e-01	   7.3736997045024411e-01	   6.6811552219267178e-01	   5.8897384253257301e-01	   5.5948306215562926e-01	   5.8661938625450283e-01	   5.5481466529858769e-01	   6.0146233057776022e-01	   6.0663936364015614e-01	   6.4155615392625021e-01	   4.7792118844243248e-01	   6.9133331533823839e-01	   4.5290767043814029e-01	   5.9961290659558242e-01	   5.0062590773566162e-01	   6.8772025371942758e-01	   6.9488303803496243e-01	   8.7810756927896794e-01	   7.5723011192662781e-01	   5.2585154429641001e-01	   5.3100325439109364e-01	   7.1963782172296820e-01	   5.5583072421005930e-01	   7.0330825594034985e-01	   6.4738716374312522e-01	   6.4783872250043517e-01	   5.5733372986404661e-01	   5.5569829309411189e-01	   5.4872191863984476e-01	   4.3210358595218978e-01	   4.2508504215082954e-01	   6.4361375796618248e-01	   3.5885945460948171e-01	   6.3900920360620228e-01	   3.7400527771913683e-01	   6.7326396341583061e-01	   4.4097650768761731e-01	   6.3417416532907656e-01	   7.1045915695895878e-01	   6.7148983550404628e-01	   5.7423633922749540e-01	   7.6637549657419357e-01	   5.9162073377131219e-01	   5.8999168910699096e-01	   6.8456351519528291e-01	   6.6114218667426339e-01	   7.7432647333061344e-01	   5.7849174754488930e-01	   5.2766859073400696e-01	   6.3899817598030384e-01	   6.8220225314295035e-01	   5.7471199324456923e-01	   4.8494019859190268e-01	   6.3652406808077344e-01	   5.3784495988556280e-01	   2.4334910854170910e-01	   1.6255761989897127e-01	   7.9716751771844629e-01	   6.7434575771377214e-01	   7.6039816932760440e-01	   6.9635885796353403e-01	   5.8915836308676073e-01	   4.3970151913293454e-01	   4.6264191462433635e-01	   4.8856775947914444e-01	   3.2440035143360757e-01	   3.7328592356692480e-01	   7.5962495967175511e-02	   1.0489456255131735e-01	   3.5501628567263332e-01	   3.0946663146656428e-01	   6.1194699359307581e-01	   5.7464318756064414e-01	   5.8896151690740250e-01	   6.8155193833648464e-01	   6.3768025761985891e-01	  -1.7160082343865188e-01	
   9.0283281216857980e-01	   0.0000000000000000e+00	   5.7348059906416349e-01	   4.6896211621022693e-01	   1.7659089078414503e-01	   1.7399735832746491e-01	   4.4439842944374991e-01	   3.9031186644894034e-01	   1.4803642179377549e-01	   8.2483138519948943e-02	   6.7261704086017349e-01	   7.0816089936463400e-01	   4.3370284401114390e-01	   3.6056377886444835e-01	   3.0811538736344912e-01	   3.1502967196359088e-01	   7.4377273857990478e-01	   6.6845017827104458e-01	   7.3514679561195440e-01	   8.0423146815185154e-01	   4.9242937035173173e-01	   4.1460308729013751e-01	   3.9537689352922645e-01	   3.6151992554274343e-01	   2.9698348845976463e-01	   2.9251776989851253e-01	   3.9993993673048284e-01	   2.5846824500379956e-01	   5.9080305483454720e-01	   4.3348142389828370e-01	   4.7800435758907789e-01	   3.1656795437288487e-01	   7.8181151058219100e-01	   7.9371112553403633e-01	   6.5669425736322973e-01	   5.1225777326981414e-01	   4.7362831061446908e-01	   5.3930648425473027e-01	   5.9162723137517204e-01	   6.0917402532840004e-01	   6.9301797177274715e-01	   6.0070950581479909e-01	   5.2449663696597770e-01	   5.4652684526485085e-01	   4.6982047542965055e-01	   4.2839990064278177e-01	   5.8775597221392084e-01	   5.4239198922558685e-01	   5.5294140845212936e-01	   3.2649004847776875e-01	   6.2332592204171988e-01	   2.9724487214525330e-01	   5.2263894579993331e-01	   3.8301379223904619e-01	   6.0267409501440228e-01	   5.5342311037177727e-01	   8.2915194595612163e-01	   8.3138473648282141e-01	   3.9508917402309218e-01	   4.1085401160449331e-01	   6.3078071110242040e-01	   4.3371706096077595e-01	   7.1663970124761212e-01	   6.2142020020085187e-01	   5.9837071970433175e-01	   4.1387634304457066e-01	   4.2595889840066259e-01	   4.2584388953592112e-01	   4.4459379106368030e-01	   4.4769413473979564e-01	   5.4990415871230325e-01	   3.5413980158010838e-01	   6.5607250739462564e-01	   4.2628955103267668e-01	   6.2595319243590897e-01	   4.8949140696138382e-01	   5.7077079271788500e-01	   6.7875935073148641e-01	   7.1797328211041955e-01	   6.4319806523150280e-01	   7.8093245906850117e-01	   6.1054048629815538e-01	   5.5159206671454064e-01	   6.1361091032927195e-01	   6.3178366903233152e-01	   6.6102592148077477e-01	   4.5850278291342350e-01	   3.8359504416998963e-01	   5.7655815786358733e-01	   5.1048953808868136e-01	   5.0758625221037368e-01	   3.0905930071298371e-01	   5.2388639396707659e-01	   3.7549744191197737e-01	   1.9890881700298890e-01	   5.9357351574387471e-02	   7.5981180583032659e-01	   5.5081673770882311e-01	   7.2766257626069131e-01	   5.3541091189242651e-01	   5.6876986087560821e-01	   4.0310575643724206e-01	   5.6068052733495755e-01	   4.1255593078626163e-01	   3.1432185936132129e-01	   2.7857124249807597e-01	   1.8359593628800058e-01	   1.0984374933266419e-01	   3.0951723474527482e-01	   3.1319499400554840e-01	   6.5743582141218804e-01	   4.6085265069237508e-01	   4.4860384598164721e-01	   6.5178611532746733e-01	   6.5498031371919407e-01	  -1.8288910012758869e-01	
   5.7375139117765217e-01	   5.7348059906416349e-01	   0.0000000000000000e+00	   8.2261129475886308e-01	   6.0524800716225691e-01	   6.1992274521062618e-01	   8.7135972909124448e-01	   7.6887722080065335e-01	   5.9367691215698393e-01	   5.7654654745271694e-01	   3.9104020627733144e-01	   5.1553554735900542e-01	   5.2143000246164528e-01	   5.7293290664018437e-01	   7.3212104432525060e-01	   6.7461508712637763e-01	   4.3978878353647721e-01	   3.8846455244786726e-01	   5.1427876275580742e-01	   5.4926273491833966e-01	   5.7138969258608607e-01	   5.8934117706519451e-01	   7.2022897070623426e-01	   6.8340064354523489e-01	   7.5392003188208601e-01	   7.1595466948977515e-01	   7.6013118778984845e-01	   6.3182839292361770e-01	   4.2958240515786134e-01	   1.6889793154529029e-01	   7.0597636385342954e-01	   5.3458167070590590e-01	   6.1458820437252060e-01	   5.2714407772854799e-01	   6.0471675877344300e-01	   4.2220563683622403e-01	   2.1505135805574732e-01	   3.4048429419691822e-01	   5.6544640944747182e-01	   4.3893207561292813e-01	   4.5229962736577550e-01	   4.6991930441090801e-01	   6.8709645297599709e-01	   6.5968297457518488e-01	   5.3812526734624910e-01	   3.9958377007229207e-01	   5.9295000005250897e-01	   5.2718112934096095e-01	   5.7194676520092536e-01	   3.0814693176776597e-01	   6.0022152947554064e-01	   2.7093721692434536e-01	   4.9591419424211242e-01	   2.7978973185513545e-01	   5.0756222670071083e-01	   3.8312205360060037e-01	   5.3322084473499654e-01	   5.8633264238527638e-01	   5.6317137929089034e-01	   6.0410956709403751e-01	   5.9773816952505554e-01	   4.9710712923821421e-01	   4.2993222680507343e-01	   3.1612742808428446e-01	   6.3435886648577311e-01	   4.8619984086546875e-01	   5.3723628497398956e-01	   4.6484338392655744e-01	   6.7487767526993758e-01	   5.9971525723468788e-01	   5.0954815630073758e-01	   3.1190061287699650e-01	   4.5958665312931446e-01	   2.6771799385215833e-01	   3.9838301127652587e-01	   4.2530829924619951e-01	   3.2950645618826496e-01	   4.7791088979058438e-01	   5.4832707978154693e-01	   4.1470510983445980e-01	   5.8873148638585215e-01	   4.6073487952220554e-01	   7.3272299450112821e-01	   5.9799919705647175e-01	   5.9935714447483712e-01	   6.4417229849538282e-01	   5.4785142349810934e-01	   4.4930233511996021e-01	   6.9658903928060267e-01	   4.3962233872821244e-01	   5.7584125485432647e-01	   3.0004717754682492e-01	   6.8122066508596724e-01	   4.4965914308203536e-01	  -4.4404772577184230e-03	   9.9939497578812680e-02	   4.3797184870761813e-01	   2.7429301973108694e-01	   6.2548559833485406e-01	   3.7611390657348776e-01	   5.9487560190195865e-01	   5.3608896862603195e-01	   5.5461566684925090e-01	   2.7632274278728175e-01	   3.0448841569976753e-01	   1.9271276297959933e-01	   3.6029966305105943e-01	   2.8486797003707715e-01	  -4.8190538270004364e-02	  -7.4753374714097820e-02	   4.1716979824766576e-01	   2.4582909240573786e-01	   3.5878962804494618e-01	   4.9911651445920585e-01	   5.2316651822676485e-01	  -1.7040053628321389e-01	
   4.2666054322377867e-01	   4.6896211621022693e-01	   8.2261129475886308e-01	   0.0000000000000000e+00	   7.7510410861904677e-01	   6.4500132402524168e-01	   6.9001482696825089e-01	   9.2151618058842022e-01	   7.2643600047022427e-01	   7.3241302846935930e-01	   2.4056621285154295e-01	   6.3609142213006054e-01	   2.7476747294065645e-01	   7.4723922743957205e-01	   8.0672223115253838e-01	   5.8689216255604926e-01	   2.7639573614757412e-01	   2.1555590312973866e-01	   2.7104417402321440e-01	   3.7524320743391665e-01	   4.1104345173990037e-01	   4.7894784619487940e-01	   8.3804712969672424e-01	   9.1565743674645816e-01	   8.2789514380772011e-01	   7.6930665797733433e-01	   6.2541200091724480e-01	   4.3123625297586954e-01	   3.0630299261010752e-01	  -3.8254146602706075e-02	   8.4385236872518110e-01	   7.9311040831314172e-01	   5.4881686634761451e-01	   5.2724260299828185e-01	   4.3952981525494639e-01	   2.2645922407090521e-01	   5.3162047335717721e-02	   1.2572918655189577e-01	   2.9528619479254653e-01	   1.9115703052648736e-01	   2.9935786696871847e-01	   2.2325261543654495e-01	   4.9310546019253715e-01	   5.1216638217251509e-01	   3.5669417601594078e-01	   1.8540088266992716e-01	   4.6203537922569027e-01	   3.4192344164229332e-01	   3.6447337198250462e-01	  -3.2223475515004173e-02	   3.5854129637101612e-01	  -1.0031249172558440e-01	   2.2903806095675441e-01	  -1.1474076757425872e-01	   2.5342215923060246e-01	   8.9600240702702047e-02	   3.7998991650168101e-01	   4.1360346085634392e-01	   2.7894474505596756e-01	   3.4924431918819010e-01	   4.6602537251069337e-01	   2.8552066188757619e-01	   4.4747511771321091e-01	   1.1632547150340007e-01	   5.3907388019742919e-01	   1.4715905281694969e-01	   2.3566116181363311e-01	   1.9684859444374969e-01	   5.7573359380370837e-01	   4.3187085848515672e-01	   3.9815016118573054e-01	   2.2471576518594333e-01	   4.2203615379855652e-01	   2.8755829641614122e-01	   3.1046107724375849e-01	   5.3199463252550372e-01	   2.9941922291776113e-01	   3.9864087220198957e-01	   4.2636538381876310e-01	   2.4116345723669802e-01	   4.2475085891873415e-01	   2.7280933083303982e-01	   5.0987962680670906e-01	   3.2717002528470618e-01	   4.4431668093785343e-01	   4.5970114507030091e-01	   2.7897220287129521e-01	   2.5659501819362440e-01	   3.8738348161590763e-01	   1.2056222866596450e-01	   2.9002554349311394e-01	  -1.1098694397941712e-01	   4.4988654562650682e-01	   1.2755233229012305e-01	  -1.2459553696212855e-01	  -1.6373485451747938e-01	   2.4246976495350878e-01	   1.0350500268568147e-02	   4.0765579203854668e-01	   1.0377408765945545e-01	   4.2868040996631795e-01	   4.8965635126073526e-01	   4.9677992574721480e-01	   1.5074834481314986e-01	   2.1770344736340241e-01	   3.5979803418723949e-02	   5.7171646831744483e-01	   3.9301255060284013e-01	  -1.8938242650589376e-01	  -2.0537385432066824e-01	   2.5293758170368175e-01	  -1.7666513272404080e-02	   1.1436489170645647e-01	   2.3853181039118707e-01	   3.1499456839000273e-01	  -2.3902570963104242e-01	
   1.0234245439939445e-01	   1.7659089078414503e-01	   6.0524800716225691e-01	   7.7510410861904677e-01	   0.0000000000000000e+00	   5.6048007361823005e-01	   6.4368136009894783e-01	   7.9553451366471228e-01	   9.1865381064118279e-01	   8.0267359344195244e-01	  -7.9450748863166401e-02	   4.0226083368725607e-01	   1.5044556727699182e-01	   6.7513735219441229e-01	   8.6670267699180781e-01	   4.0301666431364319e-01	  -7.1378750445577233e-02	   5.3961669543170297e-02	  -1.1856295731804372e-02	   9.4134424690131308e-02	   3.5754178319068464e-01	   3.9750967330138509e-01	   7.5667608960665866e-01	   7.8745493318843951e-01	   8.2033598332875213e-01	   5.8912558037696638e-01	   5.9839693738682509e-01	   3.1342106126874314e-01	   4.1897279284214385e-03	  -2.9311079153046016e-01	   6.5344545013772781e-01	   6.8268546320996226e-01	   1.7468737060458014e-01	   1.3221397883642028e-01	   1.7872463962839888e-01	  -4.4964951033526240e-02	  -2.5784888703941267e-01	  -1.8607669830600343e-01	  -4.6656470837684649e-02	  -1.2599176892608663e-01	  -9.4960261072216917e-02	  -8.0686963792265143e-02	   1.6535079724099891e-01	   1.7701309116675640e-01	   7.1079323497320393e-02	  -1.2560292019700639e-01	   8.7881828709303861e-02	  -7.6932371424004040e-02	   7.9047384267696710e-02	  -2.7332396481031929e-01	   4.7513617878976976e-02	  -3.2304788568230880e-01	  -1.0205432882044879e-01	  -4.2194485625473377e-01	  -7.6492420255623819e-02	  -3.1790620022245031e-01	   2.8153137830683295e-02	   9.2047533681162697e-02	  -2.4239657635514181e-02	   1.8643286771845798e-02	   2.1186001557903136e-01	   9.0981963796006760e-02	   2.0471146144989383e-01	  -1.2672441109423505e-01	   3.3583894072025899e-01	  -9.9312045387428438e-02	  -3.3662076071456382e-02	  -1.1202873687547933e-01	   4.5853112842233124e-01	   2.6796739164475403e-01	   8.1629048597808312e-02	  -8.3381077953537899e-02	   8.6736522221190465e-02	  -2.1714796876116625e-03	  -9.7996455080917630e-02	   2.7440915112108344e-01	   2.7962618157380886e-03	   7.4895775939841036e-02	   7.9997376548669008e-02	   9.8519689027994801e-03	   5.8695751660645182e-02	   1.1611944997053650e-01	   3.5993660604428152e-01	  -2.5894908935678675e-02	   2.0837517669301947e-01	   1.5872822605476397e-01	   1.8462538636883694e-01	   5.0857764336048772e-02	   1.3921960939065289e-01	  -2.6214964192923901e-01	   3.8568887124491205e-02	  -3.0160782395046365e-01	   1.8750072297250464e-01	  -6.3519153980516468e-02	  -3.3154751062154314e-01	  -3.5485645708801805e-01	  -1.3744194742585417e-01	  -4.0214479293026756e-01	   7.1419508081912737e-03	  -2.8737153016207723e-01	   1.5106125260089934e-01	   2.0134790301294908e-01	   1.9996392424492676e-01	  -9.8987174632131442e-02	  -1.0493385921601101e-01	  -2.0155058943443815e-01	   4.8886639825613853e-01	   4.0590358014522826e-01	  -3.9190902642773440e-01	  -3.0507189443921168e-01	  -9.6957392568359557e-02	  -4.4322437586799668e-01	  -2.8752268476072662e-01	  -1.2334001564270605e-01	   4.2696810312911893e-02	  -1.8284076580538403e-01	
   1.8749647740536790e-01	   1.7399735832746491e-01	   6.1992274521062618e-01	   6.4500132402524168e-01	   5.6048007361823005e-01	   0.0000000000000000e+00	   6.0424102758932974e-01	   7.1878027926554711e-01	   5.5025490943603717e-01	   8.6084109096798445e-01	   2.3251760214971109e-01	   1.2960059193953627e-01	   4.6348239616851084e-01	   5.1879719029175231e-01	   6.2492465401409369e-01	   8.7902822641462208e-01	   1.0075617498778990e-01	   1.7453862306475457e-01	   1.0117626992583884e-01	   1.8376406780000906e-01	   5.8182707690100854e-01	   7.1334448110914506e-01	   4.4038355472714019e-01	   4.9960723821866027e-01	   7.3083982609563047e-01	   8.8763784936646895e-01	   7.1775578000254314e-01	   8.0867965708638900e-01	  -9.8012930816203858e-04	  -1.7811014785871307e-01	   3.6103050482457094e-01	   2.3645378490201804e-01	   2.4136270193245749e-01	   1.1815684843538568e-01	   4.0342588068341534e-01	   3.4510572740713957e-01	  -3.8149760676354683e-01	   9.2213731803450369e-02	   2.4007910585797806e-02	  -3.4211892081960404e-02	  -2.4050571674381474e-02	   7.6020564223776940e-02	   5.4245289970476251e-01	   4.5802867653479862e-01	   5.4596029931756695e-01	   4.7355768218151767e-01	   3.0679219697303084e-01	   3.0026308164411164e-01	   5.2261328831119047e-01	   3.8193135895749430e-01	   4.0165959989983779e-01	   3.0248650875376709e-01	   1.0936902706631944e-01	   7.7087530639707774e-02	   9.1473972910217263e-02	   1.4174733192890179e-01	   2.9793629285983336e-01	   3.7958163193616334e-01	   5.2012330161858167e-01	   6.1008990459020329e-01	   4.8046445295976459e-01	   5.0228694284984432e-01	   3.3248721508116597e-01	   3.4008233994467463e-01	   5.2151032504312644e-01	   4.7156247933768780e-01	   5.6891907012447751e-01	   5.3905247159069258e-01	   4.4653916915554015e-01	   4.1766936650838116e-01	   1.4143548395118435e-01	  -1.2341460366210003e-01	  -2.1976825735735780e-02	  -9.9117900133660147e-02	   6.8515375627004604e-02	   1.5097047973866823e-01	  -5.3533255813802291e-02	   5.7550809027526482e-02	   2.2393184763319035e-01	   2.2338393547152852e-01	   2.3124436060881398e-01	   4.6933723715697234e-01	   5.0874627393521610e-01	   3.0720648438874060e-01	   3.8486048494753639e-01	   5.5223052415673979e-01	   4.4767544170096374e-01	   5.2765579535942053e-01	   3.6094450321575494e-01	   1.9590234813341992e-01	   3.1351761784119747e-01	   9.5164854859667941e-02	   4.6100255157689163e-01	   2.7303131372895961e-01	  -2.9519487076999323e-01	  -3.0951707010368773e-01	   9.8817068278342191e-02	  -3.4243492572568202e-02	   2.7647655001724536e-01	   2.1407912178173694e-01	   4.3860997373374150e-01	   5.8153867050199970e-01	   3.8647659686149904e-01	   4.4800327193064610e-01	   1.5396360037950516e-01	   2.3867789349182225e-01	   5.8556380868573477e-01	   9.8649778967693114e-02	  -3.9885618932088929e-01	  -4.4092759108310497e-01	  -4.5149689213736577e-02	   9.6080910624014269e-03	   1.3110892449601597e-01	   1.8868356026940575e-01	   2.5462712234439311e-01	  -3.6056471166084803e-01	
   5.0325720104865368e-01	   4.4439842944374991e-01	   8.7135972909124448e-01	   6.9001482696825089e-01	   6.4368136009894783e-01	   6.0424102758932974e-01	   0.0000000000000000e+00	   7.5095067832978624e-01	   6.5483803647856487e-01	   6.3641223032020833e-01	   3.4922033551352050e-01	   4.3065741547412600e-01	   6.0577077578316196e-01	   5.7082153268732494e-01	   6.3682265537728877e-01	   6.7554356147399230e-01	   2.7835587545973117e-01	   3.0251464675117223e-01	   3.6649519595041613e-01	   4.2371208194748200e-01	   4.9671310065531321e-01	   5.4281896075768132e-01	   5.5031950343919367e-01	   5.2778761750664072e-01	   6.0283969533052617e-01	   5.6757001520933592e-01	   6.2591192423355624e-01	   5.6922501324100128e-01	   2.2543278060557570e-01	   8.7683665081405973e-02	   5.2939446681788305e-01	   3.8794972788243376e-01	   5.4524748175485271e-01	   4.4944218168890815e-01	   4.3195647321033481e-01	   3.3577775292809020e-01	   3.0674256004642644e-02	   3.5112570445506608e-01	   4.0259202723937193e-01	   4.4995759029147975e-01	   3.0059335028301137e-01	   3.8809169495857687e-01	   5.2267946813910959e-01	   4.8938723454532940e-01	   4.7317766870770051e-01	   3.7530153805910932e-01	   4.4527175540323138e-01	   3.7415410943845839e-01	   5.4311087510637490e-01	   3.1618658820723688e-01	   5.2816713984547559e-01	   3.0279704965371523e-01	   3.5388347279978999e-01	   2.2885955390741414e-01	   4.3590793906729514e-01	   3.6208932831317897e-01	   4.1056604898976767e-01	   3.9072325215080872e-01	   5.6627897413263317e-01	   5.5848050070661159e-01	   5.8125756349139635e-01	   5.4437349579183381e-01	   2.8058040876484136e-01	   2.6393201449070813e-01	   5.7652379016878474e-01	   4.8161846681249054e-01	   5.0880358125009006e-01	   4.5394022808210843e-01	   5.7208108821564485e-01	   5.1035881928833760e-01	   4.9847846122084882e-01	   2.5900199656441625e-01	   3.6284103843660054e-01	   1.7491021670390100e-01	   2.8838317256480445e-01	   3.0551329639407709e-01	   3.2140556781596807e-01	   4.2341592026032049e-01	   3.9976603190677351e-01	   2.5642817880279761e-01	   4.0784401530662678e-01	   3.8110575431856564e-01	   6.0449360162655741e-01	   4.9676035080489600e-01	   4.6201726247811703e-01	   6.1708177296263533e-01	   5.1058719351883219e-01	   4.5051239602781362e-01	   5.8739013309845611e-01	   4.1584533242112909e-01	   5.3423238286965502e-01	   3.6701306820630608e-01	   6.2514977621529955e-01	   4.5520723940619034e-01	  -7.4009374798244043e-02	   1.2318742921370557e-01	   3.2814953374745265e-01	   2.1171485874957457e-01	   5.1382508310533392e-01	   3.4359691598193820e-01	   5.3289655674446501e-01	   4.9394928658141551e-01	   4.1074017297051951e-01	   2.7074534864413907e-01	   1.9547198865370358e-01	   2.2452688686960404e-01	   2.7072085878467883e-01	   2.0147265728537714e-01	  -6.2702648704806532e-02	  -8.4509951640643816e-02	   2.5995902406909366e-01	   1.6012011031018089e-01	   2.6910434678245648e-01	   3.5135326816263523e-01	   3.6229684252130334e-01	  -3.3143276122386489e-02	
   3.8568153416406531e-01	   3.9031186644894034e-01	   7.6887722080065335e-01	   9.2151618058842022e-01	   7.9553451366471228e-01	   7.1878027926554711e-01	   7.5095067832978624e-01	   0.0000000000000000e+00	   7.5568252719263940e-01	   8.3202245754266135e-01	   2.1995253135449461e-01	   4.8226290757962076e-01	   3.7177125177523129e-01	   7.2253908452824223e-01	   7.4727584353555154e-01	   6.7693860461257627e-01	   2.0027131340555315e-01	   1.5302734691309122e-01	   1.6250645523739873e-01	   2.8317161891779175e-01	   3.9622129130208344e-01	   4.9278621689006086e-01	   6.9123434699527542e-01	   7.7730101760853532e-01	   7.5288767486730157e-01	   7.1613582885276028e-01	   5.9146324453999266e-01	   4.6456922663047873e-01	   1.5084456342653019e-01	  -1.6565343116182896e-01	   6.9692089514993649e-01	   6.4633570334740376e-01	   5.3751821863382721e-01	   4.8621787044356013e-01	   4.2795382977445173e-01	   2.7733081290197814e-01	  -1.2709499961026632e-01	   1.2744320244058047e-01	   1.6553084761413139e-01	   1.2356373844202148e-01	   1.5552437754910112e-01	   1.3273670549958530e-01	   4.4637707909817481e-01	   4.4461731318548559e-01	   3.9651027177176912e-01	   2.5530270683136619e-01	   3.6391512762473466e-01	   2.6322388485474640e-01	   3.9095967700178902e-01	   4.1692134174223405e-02	   3.2856812112311817e-01	  -4.2571466019338700e-02	   9.4132650862228412e-02	  -1.7529546963924569e-01	   1.7438936050738824e-01	   4.7015602039214351e-02	   3.5585735382721362e-01	   3.4947874912403931e-01	   3.1197337745496012e-01	   3.7970543935668555e-01	   5.1897842842122777e-01	   3.9974885163602475e-01	   4.3989459449245882e-01	   1.8849537873331265e-01	   5.4915029027756002e-01	   2.3176604575669038e-01	   3.2565882002710345e-01	   2.9982374566688952e-01	   5.6455794927014569e-01	   4.5104621011397528e-01	   3.6409825667846102e-01	   8.5024304428708231e-02	   2.8183248997797339e-01	   1.2149737843478367e-01	   2.1225154613449468e-01	   4.4845816390593873e-01	   2.1519056482619967e-01	   3.0774163588142306e-01	   3.1751144894977668e-01	   1.4039268223852117e-01	   3.2099735018546038e-01	   2.6550355017299759e-01	   4.5881795213676335e-01	   2.4356027243217193e-01	   3.8413196112020387e-01	   4.7693656498998438e-01	   2.5905100028361927e-01	   2.7783113086348754e-01	   3.3414186244785038e-01	   8.8359799084171506e-02	   3.0869809324172415e-01	  -3.3344783939542301e-02	   4.6373385340970186e-01	   1.8537231424197409e-01	  -2.2270494804297319e-01	  -1.6647175247067930e-01	   1.4933722898670321e-01	  -4.8135828071416586e-02	   3.2095083151266862e-01	   1.1714902252162077e-01	   4.4404126399112165e-01	   5.7136523760295732e-01	   4.4956266731510919e-01	   2.8396144758097885e-01	   1.8717906857572142e-01	   1.3159925062046551e-01	   5.5825960084176485e-01	   3.9449495670221396e-01	  -2.2450534332102640e-01	  -3.1801586360579037e-01	   1.4066180226661584e-01	  -6.5157644590777053e-02	   8.3656512542584480e-02	   1.7986358208991512e-01	   2.3888019077384720e-01	  -1.8852473426897748e-01	
   8.5724930864858800e-02	   1.4803642179377549e-01	   5.9367691215698393e-01	   7.2643600047022427e-01	   9.1865381064118279e-01	   5.5025490943603717e-01	   6.5483803647856487e-01	   7.5568252719263940e-01	   0.0000000000000000e+00	   8.0565805975112126e-01	  -5.7657797035879359e-02	   4.4400845605749673e-01	   1.4788235083924012e-01	   7.1481322299575378e-01	   7.9842926514265833e-01	   4.2458580888053832e-01	   2.1982119566698214e-02	   1.1744635006722272e-01	  -3.9595218726699169e-03	   1.2446362581543065e-01	   2.5502539508239724e-01	   2.7223963473876256e-01	   6.8778960699855096e-01	   7.1642390566297831e-01	   7.2373046898556626e-01	   5.5026070316292786e-01	   4.8324539275041545e-01	   2.7998604582935327e-01	   7.9786875961760234e-02	  -1.6038123418959402e-01	   6.2223805352160833e-01	   6.5639548356656907e-01	   2.1709920988808734e-01	   1.6827959871840226e-01	   1.1074640675760022e-01	  -4.8300068478739928e-03	  -1.7603188922557847e-01	  -1.2472941739057111e-01	   6.4443825039855185e-02	  -3.0618295048615912e-03	   4.6338809490180589e-04	   2.7025428113167042e-02	   1.8332002826230642e-01	   2.4140623126161978e-01	   1.1702834905056050e-01	  -1.7529885978406684e-02	   1.8076385179844218e-01	   6.1981937494504646e-02	   1.7485947575303057e-01	  -2.0279884733926345e-01	   1.4223937846350024e-01	  -2.4597350401378751e-01	  -1.3011967360857725e-02	  -3.1993728827643886e-01	   4.1165771700306580e-02	  -2.0001021414258582e-01	   7.9797744064456166e-02	   1.0971223546632167e-01	   1.5145561973998084e-01	   1.3672031935152429e-01	   3.2859249865359602e-01	   1.3675224142514611e-01	   2.5533148548608064e-01	  -5.7465266575244256e-02	   3.5132942101430509e-01	  -6.8215367592872694e-02	   7.5210736128235089e-02	  -1.0386697196320580e-03	   4.8079631877446011e-01	   3.3532062665762175e-01	   1.3423846790283142e-01	   1.2994419467538315e-01	   2.0093259055686769e-01	   1.8063891781902791e-01	   4.8231569798054028e-02	   3.6573011318122595e-01	   7.6411307922566896e-02	   1.4007945983090342e-01	   1.6690422586577805e-01	   2.3532896757090603e-02	   1.1815483973636461e-01	   8.1059751880435002e-02	   3.0448047774453185e-01	   8.4515255377772575e-02	   1.8698824851174833e-01	   1.8680421890791765e-01	   1.1690142136440179e-01	   4.4052694692693073e-02	   1.9466659298205818e-01	  -1.4794136098612326e-01	   1.0286457580621583e-01	  -2.0321370292017260e-01	   2.2082392955210872e-01	  -2.9091450932157033e-02	  -3.6466036878224267e-01	  -1.8002774449267409e-01	  -8.2361092067529923e-02	  -2.8035637314831985e-01	   1.0259959454532336e-01	  -1.9908653654814035e-01	   2.0239542611377687e-01	   2.0363223906496364e-01	   2.1970539593362143e-01	  -9.3065714337232014e-02	  -1.8207271972116967e-02	  -1.5361629788382999e-01	   4.4330855710498507e-01	   3.6308324111470203e-01	  -3.4447245538818494e-01	  -2.6638387042872996e-01	   3.0913484019682515e-03	  -2.9700356121430038e-01	  -1.9231145949781653e-01	  -8.4391226332041339e-02	   4.4680016740090096e-02	  -1.4458904411515228e-01	
   8.3124330527343804e-02	   8.2483138519948943e-02	   5.7654654745271694e-01	   7.3241302846935930e-01	   8.0267359344195244e-01	   8.6084109096798445e-01	   6.3641223032020833e-01	   8.3202245754266135e-01	   8.0565805975112126e-01	   0.0000000000000000e+00	   3.6473825234076156e-02	   2.2944974830940806e-01	   2.7616521084693479e-01	   6.4318184195980765e-01	   7.4559657327825468e-01	   7.2658336484070785e-01	  -2.6903985245432804e-02	   8.4484837849727185e-02	  -5.5978871045414741e-02	   5.3622033091441972e-02	   4.4030387868315490e-01	   5.4473084844592767e-01	   5.7224457615628577e-01	   6.6309446617299506e-01	   7.5819349699883887e-01	   7.7649220549658571e-01	   5.9851296263067066e-01	   5.6666971306112024e-01	  -7.0328228893771189e-02	  -2.8294098697030479e-01	   4.9510387562297342e-01	   4.5973287365672794e-01	   2.1147275482935191e-01	   1.0485159078394432e-01	   2.3588268756262043e-01	   1.6514687960642122e-01	  -4.5776313692461235e-01	  -6.0356786333196882e-02	  -1.0542168711424441e-01	  -1.2446856971271567e-01	  -1.2892059908634429e-01	  -5.5116325067224331e-02	   3.6680490968253465e-01	   3.2251009765591260e-01	   3.8055544931632923e-01	   2.6752133273722212e-01	   1.9565952757253954e-01	   1.3421890594780819e-01	   3.6151342798317643e-01	   9.9341061628844596e-02	   2.4328867245137545e-01	   7.5847196261469687e-03	  -5.5439651966484579e-02	  -2.1313429248297672e-01	  -7.1670658096387660e-02	  -1.1923199234289705e-01	   1.4238222872830020e-01	   1.9060038330521806e-01	   3.0892952802665630e-01	   3.6692305889778876e-01	   3.9944640711633039e-01	   3.4936322241894341e-01	   2.8363588582004856e-01	   1.2780918453392578e-01	   4.5773749696113503e-01	   2.0183908005234130e-01	   3.2688651914838385e-01	   2.8883498974487287e-01	   4.3130959706933558e-01	   3.5054884667410607e-01	   9.7100931155565520e-02	  -1.0802312467676503e-01	  -1.9467070480112904e-02	  -4.9979946346416532e-02	  -5.4391033763561136e-02	   2.1226769117865418e-01	  -6.8963151797342304e-02	   8.0954331034819287e-03	   1.2946648105039521e-01	   6.7479282360135145e-02	   9.4172713983991102e-02	   2.6495008307067930e-01	   3.7797273566285589e-01	   1.0500249794909858e-01	   2.3276880072294817e-01	   3.5145425796196772e-01	   2.3207887385796241e-01	   2.6081437232662319e-01	   1.7585773599327059e-01	  -6.1128367854213314e-02	   1.4121139678505801e-01	  -1.3317505489115172e-01	   3.2228858781934216e-01	   9.4167453388856279e-02	  -4.7598513967850276e-01	  -3.4461555556312579e-01	  -1.2433363822660373e-01	  -2.5138933417137282e-01	   9.6888572225443878e-02	  -4.2231521097374110e-02	   2.6196076582584016e-01	   4.5526990423114777e-01	   3.0371997040613097e-01	   2.1480539832954307e-01	   4.5853672360292981e-02	   6.8173093717850602e-02	   6.4712540561555032e-01	   2.6044374362387002e-01	  -4.5121555423735227e-01	  -4.7117682930881455e-01	  -1.5095076748264286e-01	  -2.3881307685437173e-01	  -1.3079400393380589e-01	  -7.7944011359874804e-02	   2.3217369616203350e-02	  -2.8434611389249981e-01	
   7.9556506229139146e-01	   6.7261704086017349e-01	   3.9104020627733144e-01	   2.4056621285154295e-01	  -7.9450748863166401e-02	   2.3251760214971109e-01	   3.4922033551352050e-01	   2.1995253135449461e-01	  -5.7657797035879359e-02	   3.6473825234076156e-02	   0.0000000000000000e+00	   4.0359381145325557e-01	   7.4183140945631998e-01	   2.3845876136828184e-01	   1.1582491438168735e-01	   3.8802484129326836e-01	   6.7424577571044164e-01	   4.0387064522526456e-01	   7.4916984448544088e-01	   6.4405653996052092e-01	   5.8895036737574480e-01	   5.5292006382222358e-01	   1.1720020685909160e-01	   8.2377697915363549e-02	   1.0348469888838197e-01	   2.3382544875691541e-01	   2.4208466887587404e-01	   3.2196390773057859e-01	   6.8141784391745464e-01	   5.4689067451903561e-01	   2.7557593911655653e-01	   4.1773718518137562e-02	   6.6491637752360422e-01	   6.2088914026357944e-01	   5.4182856623954090e-01	   5.8166475974873022e-01	   3.8992516510318825e-01	   6.3026838458844225e-01	   4.9757524971936606e-01	   5.7549744877261122e-01	   6.6042428255664853e-01	   5.8544423309899529e-01	   4.3103085517372158e-01	   3.9976719267284322e-01	   5.4005999757333256e-01	   6.0215616451759957e-01	   4.4700780457438960e-01	   5.0143579808525951e-01	   5.8974973561994015e-01	   5.3425882090597754e-01	   5.8691845200183290e-01	   4.9192627324508031e-01	   4.0023001570695260e-01	   4.5184564511461756e-01	   5.2281066118137232e-01	   6.5906478066723873e-01	   6.6570920546698298e-01	   5.7928929997291934e-01	   5.1310191512764158e-01	   5.5579188609247110e-01	   5.8820124032508814e-01	   5.2158529129543685e-01	   5.7607493117427289e-01	   6.3453045411497855e-01	   6.1753211059178259e-01	   5.6905363652846996e-01	   5.6960710252925673e-01	   5.6523015344750727e-01	   2.0284332103631500e-01	   2.0711076372987153e-01	   7.1284904629365364e-01	   3.3037261970185655e-01	   6.1065211280343301e-01	   3.5934657999155628e-01	   7.0700835998964107e-01	   4.4734474865520957e-01	   6.3931385614625380e-01	   6.0003911018521217e-01	   5.7697283775675956e-01	   5.2590935967431496e-01	   6.4463726154246648e-01	   5.4547570139165369e-01	   4.9846608574025481e-01	   7.1733315905544570e-01	   6.1631237738709888e-01	   7.8186328810477213e-01	   4.8793572412860692e-01	   6.3345114713414041e-01	   4.4882327222826657e-01	   6.4171135585447936e-01	   4.0661117386600254e-01	   3.6096427427835276e-01	   4.0301552348475855e-01	   3.6898876770685218e-01	   1.3078988875489192e-01	   1.7495688651746104e-02	   7.1909307899056163e-01	   6.6396952780099960e-01	   6.2194327983257292e-01	   6.3993180560145568e-01	   3.7969406987187759e-01	   4.4195760072529694e-01	   2.3414648399377080e-01	   5.1424472980945324e-01	   1.2412739107470647e-01	   2.9914337884892445e-01	   7.8358195356368968e-02	  -8.2595205905014818e-02	   2.5706854849970634e-01	   1.6715800233855060e-01	   3.6243625407622826e-01	   5.3642429855958462e-01	   5.3227077387712074e-01	   5.8695989904026946e-01	   4.8500020900826391e-01	  -2.8643771696184284e-01	
   5.9723270611217583e-01	   7.0816089936463400e-01	   5.1553554735900542e-01	   6.3609142213006054e-01	   4.0226083368725607e-01	   1.2960059193953627e-01	   4.3065741547412600e-01	   4.8226290757962076e-01	   4.4400845605749673e-01	   2.2944974830940806e-01	   4.0359381145325557e-01	   0.0000000000000000e+00	   2.2730479351071020e-01	   7.0673055769315363e-01	   5.1044333921298479e-01	   2.1364868962129432e-01	   4.5360141082139760e-01	   4.5814656762094585e-01	   3.6238239862138971e-01	   4.3603718101612388e-01	   2.2522766325353633e-01	   1.9793340059933537e-01	   6.1238453921788638e-01	   6.2612904379191392e-01	   3.9373599851401569e-01	   3.1974323003236138e-01	   2.4352176622442159e-01	  -2.8666319051387890e-02	   5.7366308150159306e-01	   3.8305920933684867e-01	   7.3391094767141629e-01	   7.0878225010553275e-01	   5.6054681571849363e-01	   6.6705419833512980e-01	   2.6104626261237363e-01	   1.3786816434966939e-01	   4.9023104834325471e-01	   3.3592042605374317e-01	   5.1061973962593932e-01	   4.8403030811711767e-01	   6.4317120923462900e-01	   5.1907954770422615e-01	   3.0108368234927735e-01	   3.9348623234740304e-01	   1.4911960720388850e-01	   7.6235933805000045e-02	   5.4804791643196893e-01	   4.1084268763596055e-01	   2.5538538247885395e-01	  -1.1224869918314068e-01	   3.6099241386816200e-01	  -1.3391130669593965e-01	   3.4117256932801610e-01	   7.4731209993500788e-02	   4.6866039970319567e-01	   2.8301675388942904e-01	   4.8594281726893418e-01	   4.7374518529685777e-01	   1.5274803337952703e-01	   1.5770697807808007e-01	   4.2203945988222802e-01	   1.2371890646512763e-01	   4.7249717453063761e-01	   1.8206395523456492e-01	   4.6511247236171688e-01	  -1.6610160794933538e-02	   2.8587870677871899e-02	   7.3866297340716338e-03	   2.5284385656107677e-01	   1.8379737728151335e-01	   4.7756218255251093e-01	   5.8276905043328275e-01	   7.1002871917802624e-01	   6.4070363912487494e-01	   5.9573972723782631e-01	   6.6604603039430499e-01	   5.9018273006485367e-01	   6.6021346481053733e-01	   5.6657144934067394e-01	   3.9403961669182053e-01	   5.8562037529220223e-01	   2.6235060298867735e-01	   3.4860445529813494e-01	   4.5142843315701020e-01	   4.9320724769589724e-01	   4.2690162938105231e-01	   9.8795454056201770e-02	   2.0503339784681083e-02	   3.8390747650523305e-01	   2.4982534602975037e-01	   2.3033720215634823e-01	  -1.8483049457709261e-02	   2.7058522262672990e-01	   4.6582292523961233e-02	   1.9124175578315383e-01	   7.6311213621517257e-02	   5.3444029437729190e-01	   3.4199084938744057e-01	   5.6111711181045210e-01	   2.2040123254019811e-01	   3.7000374061095787e-01	   2.1421524480954196e-01	   4.5803656343895016e-01	   1.1575410062266610e-02	   2.6441806787834382e-01	   2.7509731405664092e-02	   2.7504066210310130e-01	   1.9757395317653581e-01	   1.9985385350107732e-01	   3.8664220778738656e-01	   6.1803110078268619e-01	   2.8806957619959450e-01	   1.9797223600511876e-01	   3.7770876698725575e-01	   3.9961845978115657e-01	  -1.4311475526152453e-01	
   5.3630401657040494e-01	   4.3370284401114390e-01	   5.2143000246164528e-01	   2.7476747294065645e-01	   1.5044556727699182e-01	   4.6348239616851084e-01	   6.0577077578316196e-01	   3.7177125177523129e-01	   1.4788235083924012e-01	   2.7616521084693479e-01	   7.4183140945631998e-01	   2.2730479351071020e-01	   0.0000000000000000e+00	   3.6971580589397934e-01	   3.1015750824206967e-01	   6.1794324878980200e-01	   4.3054311391733602e-01	   3.6121168128951620e-01	   5.3149394445388920e-01	   4.1819429505931305e-01	   6.3168298568454651e-01	   6.8598033250132273e-01	   1.0301249409426114e-01	   4.3286851271311447e-02	   2.0854864850820018e-01	   2.9011243398188252e-01	   4.1441303548337510e-01	   5.2662618980275233e-01	   4.2506977440795612e-01	   3.6531666056899120e-01	   1.7548356008779531e-01	  -3.5273228760503442e-02	   4.6414473623288877e-01	   3.9969866408441318e-01	   4.7768383595807429e-01	   5.5270978278463412e-01	   1.1853097698285453e-01	   5.2236128349738453e-01	   3.5845496150570599e-01	   4.0730415853196533e-01	   3.9619728925515479e-01	   4.6457324609289330e-01	   3.2066552874868726e-01	   2.5360106204657185e-01	   4.0671717918099926e-01	   4.9879897963252540e-01	   2.6430510188279899e-01	   2.8766984862667883e-01	   4.7836272809990837e-01	   5.3024232906681679e-01	   4.6996293603849382e-01	   5.0794633257383459e-01	   2.2071299334382724e-01	   3.3901252985572738e-01	   4.0809522134431164e-01	   4.7143413688547453e-01	   4.8996833244723315e-01	   4.3098598308885711e-01	   4.9046720821433604e-01	   5.6036283542582210e-01	   5.1329077312525695e-01	   6.5441619187706301e-01	   2.8111012680349678e-01	   5.5270571518774481e-01	   5.5335712950873495e-01	   6.9399869880558440e-01	   5.7741042529795261e-01	   5.5297882747573657e-01	   1.9304539551665448e-01	   1.6419817720567081e-01	   5.2515560520523885e-01	   1.1598542993002402e-01	   3.2134054965344216e-01	   1.3163104467027470e-01	   4.2150929143390847e-01	   3.4000172412284629e-01	   3.6111293944949802e-01	   4.4543902993886803e-01	   4.8949663862609627e-01	   4.2030100995807074e-01	   4.3441085599860296e-01	   5.3871376099793078e-01	   4.6697690677335812e-01	   5.3593789402589620e-01	   4.8722519830686001e-01	   7.3379955789658791e-01	   4.7492277598673049e-01	   5.5682318585480539e-01	   4.5427003463456106e-01	   4.8800298825072774e-01	   3.6525212214506275e-01	   3.2921334131773061e-01	   3.4977324314669045e-01	   3.2438374026566968e-01	   3.7919771302482995e-02	  -4.1725354281507740e-02	   5.0945481236912948e-01	   3.8938717986853566e-01	   5.0062604868645888e-01	   4.6871381492038811e-01	   3.8172462250649380e-01	   4.5531990375831732e-01	   1.3245542437094396e-01	   4.5462240740061388e-01	  -6.0624742272734580e-02	   2.3216973451750902e-01	   1.4915605647003469e-01	   5.0359966895690944e-02	   1.2282809264041181e-01	  -6.2310466677920825e-03	   1.4381697759209189e-01	   3.6230549779633980e-01	   3.2997255055955627e-01	   4.9388766860368860e-01	   3.4749668950610046e-01	  -3.0870002226957316e-01	
