   0.0000000000000000e+00	   7.8880031669280437e-01	   7.8473689450012996e-01	   6.5951305834732410e-01	   7.0319357041856290e-01	   1.5827317923607365e-01	   7.3668409368870313e-01	   5.5433098524159385e-01	   5.9471644423699310e-01	   3.6623936390819578e-01	   6.6067321432418513e-01	   6.6921622491279087e-01	   4.6840831779835546e-01	   4.2935330297901764e-01	   7.2984443828505197e-01	   3.7241119005141626e-01	   5.9865764270591082e-01	   3.8915771003875166e-01	   8.2369932646098254e-01	   6.3987607360174104e-01	   3.8705489408425570e-01	   2.9651854735199312e-01	   7.4481276874163815e-01	   5.2205706194323676e-01	   4.1034848993132561e-01	   4.1526688703604586e-01	   5.0141609320346048e-01	   3.9050995079740369e-01	   5.7189659309650753e-01	   2.2973275891912268e-01	   6.2727916178603249e-01	   5.6518508715759763e-01	   7.4706945416056836e-01	   6.9953575372043741e-01	   2.7726239097391969e-01	   2.3002395907459605e-01	   5.5297330978832782e-01	   3.1389390813640761e-01	   4.1988362250754452e-01	   4.8653879911028763e-01	   6.3014324551715029e-01	   4.7486818427644173e-01	   7.7167677837813198e-02	   9.6548898801202584e-02	  -2.4250827431283671e-02	   8.7039518433068827e-02	   1.9063055646050076e-01	   2.1947359666991684e-01	   8.7785285711614869e-02	   1.3065221229704410e-01	   3.4109928623635111e-01	   3.8158035376537974e-01	   3.5540053944812494e-01	   3.0701951546963702e-01	   5.8759967926758261e-01	   4.1300473284723555e-01	   7.3452482903022398e-01	   6.7207418011223496e-01	   6.0250631583638437e-01	   4.4193492410026070e-01	   5.6246574691866469e-01	   2.8273670701123860e-01	   6.0882606458278488e-01	   3.8249084138797063e-01	   4.3136634921984701e-01	   5.2383913281187500e-01	   4.5182813378037201e-01	   3.4924588545241037e-01	   4.2247567319750923e-01	   2.3329036028468930e-01	   6.1311603529075642e-01	   4.8161148165582901e-01	   5.5690041922857847e-01	   4.9144954078150560e-01	   4.2509249569083929e-01	   6.1376687118666684e-01	   7.7511604568289039e-01	   6.6555251644798807e-01	   5.4521887959146131e-01	   4.9589029550768471e-01	   7.8706665316892388e-01	   6.8789655609238154e-01	   7.6813784882009384e-01	   6.4652384398743423e-01	   8.2948358657610022e-01	   7.8859871068241394e-01	   3.6358795160269292e-01	   5.5506139978642999e-01	   7.4753132101415787e-01	   6.8072588287591684e-01	   5.6929333531356607e-01	   1.0556606628278307e-01	   3.3582849117281299e-01	   6.5932266755181224e-01	   3.9638650760944316e-01	   2.2665060082376040e-01	   4.6310534791970004e-01	   5.2712498851967871e-01	   4.2889558265525318e-01	   3.2010897037225433e-01	   4.7030293243685661e-01	   6.3695774132299932e-01	   4.9286939771352978e-01	   7.1242352182023083e-01	   3.9947657009493331e-01	   2.9742893964379358e-01	   3.7994015146383808e-01	   3.3251045184715444e-01	   2.8248512307452167e-01	   3.4751300061807144e-01	   4.2203546220265858e-01	   5.1280637421232489e-01	   1.8839994715767550e-01	   3.0528704490285641e-01	   5.3142485318533728e-01	  -1.0129152715471558e-02	
   7.8880031669280437e-01	   0.0000000000000000e+00	   6.0108095026754904e-01	   7.1101033112125389e-01	   6.3084092052313412e-01	   3.0617167308582532e-01	   6.6391449979729322e-01	   6.4549212035571468e-01	   5.2459874721462740e-01	   5.7195192170244891e-01	   6.9348553726239759e-01	   7.7472599242107343e-01	   6.3275447685103847e-01	   5.6153921555102493e-01	   6.5362152646011396e-01	   5.1002588210263755e-01	   8.0388715905762320e-01	   6.3083819887366943e-01	   6.6363873463198608e-01	   7.3869020174321598e-01	   2.7342681432654697e-01	   1.1840746907028750e-01	   6.5516566213808969e-01	   5.2071692312322559e-01	   1.6563328047065101e-01	   3.2954675121556526e-01	   3.8118581377093919e-01	   4.5640645300644300e-01	   6.6390588193723166e-01	   2.5489188791907458e-01	   4.5283529210803608e-01	   4.4102413703076349e-01	   7.0519519233158545e-01	   7.0295321272358902e-01	   1.2685678885839191e-01	   1.2054702869199591e-01	   3.8447401505400097e-01	   1.9188923827248955e-01	   2.8552413114666153e-01	   3.6626980849108459e-01	   5.8473129324557238e-01	   5.3512556301380920e-01	   2.8264278037361201e-02	   8.1473896395285128e-02	  -6.9447761036882952e-02	   4.2265610990815758e-02	   1.3756580565218501e-01	   1.2615837229663579e-01	   6.5853269610940388e-02	   4.3099543166643071e-02	   2.6252114574008623e-01	   3.0340382101160673e-01	   2.8799574052246613e-01	   2.0623377813877752e-01	   4.5900315121972440e-01	   2.5739153588811986e-01	   8.0705259741327562e-01	   7.2661816989630645e-01	   4.8570553846240200e-01	   3.7295156580989902e-01	   6.6907205779132284e-01	   5.0499489681426302e-01	   6.7758375762696998e-01	   5.9992005040429119e-01	   1.9259444230853057e-01	   4.5053513711873094e-01	   2.7166841963056049e-01	   1.9431830473448725e-01	   4.5034660469226717e-01	   1.8935779724585214e-01	   3.4801599071038664e-01	   3.1857943219934809e-01	   4.2587431412201332e-01	   4.3020684598439957e-01	   2.3798973794378503e-01	   6.2075634535124613e-01	   6.4599631934258062e-01	   6.4412642599464254e-01	   7.3187823129896046e-01	   5.3676008858022672e-01	   8.0112137901813596e-01	   7.3283453693943523e-01	   6.6851023415926492e-01	   6.9728783549924844e-01	   6.5374148022224776e-01	   7.3195857585366220e-01	   1.5101032932482061e-01	   5.0477742858131691e-01	   6.6225538237850623e-01	   5.9854252645253858e-01	   5.9801980343224725e-01	  -2.7820359915643193e-02	   5.9391444895332790e-01	   7.0959012990422687e-01	   3.7207835318454080e-01	   2.1829337327091702e-01	   3.5533150959764137e-01	   3.9041280617728991e-01	   4.3827398220704383e-01	   1.5347021822809354e-01	   6.4002389992503272e-01	   6.5978126400183235e-01	   6.5991642357636882e-01	   7.4952947658490221e-01	   2.9324980901916731e-01	   9.3547010663353247e-02	   3.6485901255281816e-01	   2.0520662889548147e-01	   1.7772949907210875e-01	   4.0150106979123223e-01	   3.9058947687086559e-01	   5.0070507119138408e-01	   8.5086571156421556e-02	   2.8278747268836291e-01	   4.3562830038534345e-01	  -1.7450251535429140e-01	
   7.8473689450012996e-01	   6.0108095026754904e-01	   0.0000000000000000e+00	   8.0017232590459109e-01	   8.3560884655447254e-01	   3.3956389003434306e-01	   8.4856981557587863e-01	   6.2720333914047877e-01	   7.5181428758321434e-01	   4.1625557822530096e-01	   5.2029147477197224e-01	   6.4562927095916600e-01	   5.0667690715102842e-01	   4.2005065531030694e-01	   7.2487016702433249e-01	   4.5921233144089219e-01	   3.7975764316906441e-01	   1.8823210804396295e-01	   6.4730753657089157e-01	   5.1180044506164313e-01	   4.5302414946486680e-01	   4.0923681239355225e-01	   8.8158152342615992e-01	   6.8330554844330194e-01	   6.1968234296062974e-01	   6.5895826025055881e-01	   6.0979444334133115e-01	   4.7402631348099145e-01	   5.2560548014029074e-01	   2.6196814248845002e-01	   7.7859306814343665e-01	   7.3884966698757260e-01	   7.1647723833106647e-01	   7.0219509394104507e-01	   4.2922569701747409e-01	   3.6608388782566798e-01	   5.7416404129500576e-01	   5.9547584155973032e-01	   5.0192942987890676e-01	   5.9987417837075352e-01	   6.4870908023037988e-01	   5.0096725281376409e-01	   3.0224703377198237e-01	   3.1025122814037770e-01	   1.9793294669339551e-01	   2.8151604617046022e-01	   4.0790539939015746e-01	   4.3091459253613629e-01	   2.9316824731999769e-01	   2.9152688846585212e-01	   4.8792079606626315e-01	   4.8784679919108087e-01	   4.6579902219389752e-01	   3.6549274088921618e-01	   7.0174077727979045e-01	   5.2925888842251312e-01	   4.0104711824132455e-01	   3.6607764569273155e-01	   5.2915827949383487e-01	   4.8014149728846367e-01	   4.7513345087620490e-01	   2.2476233873002588e-01	   5.1788861727779900e-01	   2.8941172335373383e-01	   4.4785616866466582e-01	   6.0219481992286250e-01	   6.0382857213844421e-01	   5.2551345960870810e-01	   1.8353939392686647e-01	   9.9931554075644816e-02	   6.6837262622676274e-01	   5.2087989530251655e-01	   4.7327937810147730e-01	   3.8075620856760028e-01	   3.4548103980575329e-01	   4.9215827872542145e-01	   6.6681704653067864e-01	   5.4564813689941227e-01	   4.0036806167034467e-01	   4.1489080246153587e-01	   6.9150328626263047e-01	   6.2348995198947932e-01	   7.8364081654226414e-01	   7.1858413209793282e-01	   8.0931191427135452e-01	   7.7279121399943707e-01	   5.0365188758638335e-01	   6.8647883722485936e-01	   7.2106984054671097e-01	   6.5084632339504433e-01	   6.0184939227589895e-01	   1.4535465924234564e-01	   2.9429815781263458e-01	   5.3683213113640005e-01	   4.0545333163405112e-01	   3.1284108230557534e-01	   5.6336501138626338e-01	   5.7592213729116426e-01	   4.7490601553542744e-01	   3.2639468081813666e-01	   3.5734427074683450e-01	   5.1078204663645288e-01	   2.5699870659673069e-01	   4.9845504607072338e-01	   2.9845412031748747e-01	   1.9453160263518948e-01	   1.9028155437434516e-01	   2.4261418971452153e-01	   2.5512862743262316e-01	   3.1667867595895766e-01	   4.9177912429876847e-01	   4.7350255097502153e-01	   1.7831315407420939e-01	   3.1124068301786001e-01	   4.2606809730912365e-01	   2.5531575799646850e-02	
   6.5951305834732410e-01	   7.1101033112125389e-01	   8.0017232590459109e-01	   0.0000000000000000e+00	   7.4673613900033842e-01	   4.8518444025861351e-01	   8.2333318520173049e-01	   8.5486231182258643e-01	   7.2652664290687441e-01	   6.5064354500815191e-01	   4.7654931759775571e-01	   8.0552481490131755e-01	   5.4834379805999267e-01	   5.3698387929474989e-01	   5.9137950619712898e-01	   5.3658387258899842e-01	   5.5609027569548175e-01	   3.0444300681652930e-01	   5.5878099680952020e-01	   6.7761422256949377e-01	   4.1214603386264986e-01	   2.9746525384641365e-01	   8.0617780644081416e-01	   8.0654603367016664e-01	   4.6261448478447809e-01	   6.8803338982708806e-01	   3.8711926342111047e-01	   5.0153573367301219e-01	   5.7628223546017610e-01	   3.0078111414148290e-01	   7.2932728838302574e-01	   7.4840101312203045e-01	   8.1124763661997368e-01	   8.2215629317474015e-01	   3.6464490897202928e-01	   3.8055419714741734e-01	   4.3205609350522756e-01	   4.7149865970436683e-01	   4.3004994126398188e-01	   5.2493926448982764e-01	   6.6160842998755565e-01	   6.0953245165828274e-01	   2.2466293667239817e-01	   2.3445784845259637e-01	   2.0109374963324170e-01	   2.8393145201387793e-01	   3.2999778625213799e-01	   3.4468118924571323e-01	   2.2989121737958229e-01	   2.1173626607642052e-01	   4.0113255213692023e-01	   3.9390754057051858e-01	   3.5522861350128332e-01	   3.3122269470720311e-01	   6.0299540088108805e-01	   4.4834363218130535e-01	   4.8993813223955196e-01	   3.8514337462803971e-01	   4.3076505160686751e-01	   4.0056739371422062e-01	   5.7454913327606361e-01	   5.0165459087707187e-01	   6.5182705656368634e-01	   5.1342934484199643e-01	   3.1780643402725528e-01	   6.7799915871087957e-01	   5.5954391367507961e-01	   5.5886235933064654e-01	   2.8299586005707705e-01	   1.7624934518053539e-01	   4.8572989172738379e-01	   5.7034906844051503e-01	   4.7643742245003545e-01	   4.0634371056717927e-01	   3.0776343843029286e-01	   6.1318933480224735e-01	   5.8861677508486099e-01	   5.6508771645688438e-01	   5.5126321571929349e-01	   4.0105616916423559e-01	   7.2471948833528221e-01	   7.1518475843163420e-01	   6.0699955857113519e-01	   7.8199809706394241e-01	   7.1819356606006313e-01	   7.9469059274205500e-01	   2.8863691646083728e-01	   6.4826977264624941e-01	   6.4612735515275899e-01	   6.6217239595513755e-01	   6.4163570469275044e-01	   4.8722462857255525e-02	   5.0053537407570714e-01	   5.3699802646851813e-01	   4.7884946494770619e-01	   1.8846841384174590e-01	   4.9432195046440269e-01	   4.7285392027183437e-01	   5.4411415464291235e-01	   2.5395288879735173e-01	   5.4541406545762661e-01	   5.5274531517024783e-01	   3.9456925889626626e-01	   5.2447371130881404e-01	   2.7391996418553111e-01	  -6.2870985276902755e-02	   1.9792905545718775e-01	   2.6142877800711872e-01	   1.5768226207617078e-01	   3.4872540342763653e-01	   4.9704713675997964e-01	   4.4581540003779285e-01	   6.7159969049226526e-02	   1.6564227190009256e-01	   3.8655003281208178e-01	  -2.0343082748012196e-02	
   7.0319357041856290e-01	   6.3084092052313412e-01	   8.3560884655447254e-01	   7.4673613900033842e-01	   0.0000000000000000e+00	   3.4203776855049850e-01	   8.5599625258845935e-01	   7.1846342880382141e-01	   8.1525508397439150e-01	   5.4513529455960730e-01	   6.8982861197418666e-01	   7.8722406071254003e-01	   6.6932940027082366e-01	   4.5634754726647686e-01	   8.0780275786787459e-01	   5.4374582413644035e-01	   5.3472802100026806e-01	   2.9104282747451760e-01	   5.9463412604816701e-01	   5.1514847113453655e-01	   3.8943113867985646e-01	   2.8417757464855570e-01	   7.6646705201428167e-01	   5.6952450890957684e-01	   3.9766176233043593e-01	   4.1105598743294486e-01	   5.3642815220016371e-01	   4.6921431019083715e-01	   6.0658091848630402e-01	   2.3640713446477690e-01	   5.8099697228805147e-01	   5.8113380682940419e-01	   6.6529203022914796e-01	   6.2071082166178093e-01	   3.0256386111130740e-01	   2.2031409568647142e-01	   5.2679428788111382e-01	   4.7856079864529810e-01	   4.0910727253600515e-01	   5.4604313382672465e-01	   5.6963360479390202e-01	   4.9681091652153808e-01	   2.1666886271031821e-01	   1.9384567096750274e-01	   1.2911236243060581e-01	   2.0736512563077722e-01	   2.7567850275818295e-01	   2.9297687757293928e-01	   2.1297967142316754e-01	   2.0871255211272643e-01	   3.7325019169401225e-01	   3.8659789413159706e-01	   3.2612935177962665e-01	   2.2755940866110355e-01	   5.6320522563846631e-01	   3.8397806390054029e-01	   3.9931385058000213e-01	   3.3245745622200096e-01	   4.9256000303300740e-01	   4.2317923243551869e-01	   5.8862116619376736e-01	   3.5846214452001401e-01	   6.9499968495404485e-01	   4.7998582893331310e-01	   3.7370774570782395e-01	   5.1209517158625262e-01	   5.2734718845852824e-01	   3.9567700298206532e-01	   1.9938639609017034e-01	   9.3359991115738103e-03	   4.6771733634115548e-01	   3.3487367475364749e-01	   4.5033381274016282e-01	   4.0702763813198573e-01	   3.0917942668400999e-01	   4.8089041395651499e-01	   6.0296979881109780e-01	   5.2203779495742320e-01	   4.3583849533900176e-01	   3.7393222788001379e-01	   7.4697421338932379e-01	   6.0345644252798314e-01	   7.5511087454837111e-01	   7.3497803413694207e-01	   7.9816145884623979e-01	   7.1072886095111687e-01	   3.9170945823465952e-01	   7.4067519014174965e-01	   6.6377739805082214e-01	   5.4201926087363994e-01	   5.8220598971977056e-01	   1.5216041137688491e-03	   3.7322556680407154e-01	   6.5345034099275257e-01	   4.7018277902167649e-01	   2.5084159029148767e-01	   4.1085303431639875e-01	   4.4148270079976926e-01	   3.7402483812058818e-01	   1.5887589214454012e-01	   4.9138816649920303e-01	   6.4394780906762783e-01	   3.6399178068075511e-01	   6.0514190339212615e-01	   2.5813769041154583e-01	   2.9079459455497569e-01	   1.2483869777905789e-01	   6.1599631595274450e-02	   3.9549296874938067e-01	   3.7183846433486806e-01	   3.5496360702554658e-01	   3.5775259064547643e-01	   3.2527004930372548e-02	   1.6852785900110492e-01	   3.7570118699777477e-01	  -5.3384734766386444e-02	
   1.5827317923607365e-01	   3.0617167308582532e-01	   3.3956389003434306e-01	   4.8518444025861351e-01	   3.4203776855049850e-01	   0.0000000000000000e+00	   3.3927108036357706e-01	   4.4613536841832174e-01	   2.7352811579421732e-01	   6.7172814606242559e-01	   4.1527789944487825e-01	   4.9547779512210482e-01	   4.5146541034963594e-01	   6.2056297710463926e-01	   4.4384627092114515e-01	   6.0930212936634609e-01	   2.4152457225352800e-01	   1.8937442234363214e-01	   4.3357111153188396e-02	   2.3733205360914972e-01	   5.1071137147048618e-01	   4.1874468563704126e-01	   2.9370723027985474e-01	   3.4098320138496946e-01	   2.3718014074679272e-01	   4.6306382126063916e-01	   3.0451174983960272e-01	   5.5573969449567895e-01	   4.0598814661769583e-01	   4.5644496176409188e-01	   1.7473060239711580e-01	   1.9564434708998418e-01	   3.6135568296836934e-01	   3.3251658558871461e-01	   4.3029673181842543e-01	   4.8448769974946460e-01	   3.0283133291073827e-01	   3.5277503524313658e-01	   4.1604976006407468e-01	   5.6248461808496075e-01	   4.0310894535247882e-01	   4.7215579462382351e-01	   3.7496965015956596e-01	   3.3623958944388033e-01	   3.7569765510327979e-01	   4.1246647577922479e-01	   3.6750147058411170e-01	   4.0768879236292072e-01	   4.3032036794059741e-01	   3.9414943791250212e-01	   4.9914781839847999e-01	   4.0097768726452132e-01	   3.8982094665396466e-01	   2.3681772211105423e-01	   3.9654645673097588e-01	   3.8338436430142347e-01	   1.7719437072079211e-01	   1.6191270876625691e-01	   1.9897316075799795e-01	   3.2794037749862859e-01	   4.0034252839591222e-01	   4.9968171936819644e-01	   3.7761179994905331e-01	   4.3302499609494921e-01	   4.4486246302903432e-01	   6.2104753019792924e-01	   3.7558688221696845e-01	   3.8781940165194073e-01	   5.0891205051338928e-02	   7.1153242003399522e-02	   1.7905412527405137e-01	   1.1669568967484931e-01	   1.6209186155929678e-01	   1.6936602890510397e-01	   1.9336079221757474e-01	   1.3145540326833605e-01	   3.2185130311300936e-01	   3.6853806449242776e-01	   2.7914335558366454e-01	   2.6411870775504459e-01	   4.0492282825836712e-01	   3.8275364043535276e-01	   4.0965469034364593e-01	   3.8408870848384191e-01	   4.3147277296995756e-01	   3.7900194001109572e-01	   3.2301702955824863e-01	   2.5464118741731656e-01	   4.9361703201979190e-01	   4.6145230460021192e-01	   5.0018836420775636e-01	   1.5511750505632044e-01	   5.5479756124147028e-01	   3.3453692016885417e-01	   4.6959284581860467e-01	   3.2260094463954159e-01	   4.6458799394722083e-01	   4.5918954659210753e-01	   4.6170689396168624e-01	   3.5697064498185649e-01	   3.5931216059229087e-01	   1.9235985163134117e-01	   1.1702842598113029e-01	   1.7465022342303488e-01	  -8.6964237001522331e-03	  -9.9939029910639007e-02	  -7.6856108384701874e-02	  -1.5686403333053708e-02	   1.2990747293364199e-01	   5.3352945245101502e-01	   4.3418082103889066e-01	   3.5719564982340979e-01	   2.0803540980603524e-01	   2.0375057265987517e-01	   2.4687578239433233e-01	  -3.3245471902627513e-02	
   7.3668409368870313e-01	   6.6391449979729322e-01	   8.4856981557587863e-01	   8.2333318520173049e-01	   8.5599625258845935e-01	   3.3927108036357706e-01	   0.0000000000000000e+00	   8.6255022746595222e-01	   8.7936742889990205e-01	   6.7904067234205467e-01	   5.9833499691849223e-01	   7.8811096098529676e-01	   6.6062017184972666e-01	   5.2504906292899234e-01	   6.4887063609294482e-01	   5.2035166823669343e-01	   5.4922922327369950e-01	   2.8014531084382710e-01	   6.6815522260827842e-01	   6.7292730762287589e-01	   3.2589563555010670e-01	   2.8142869486370475e-01	   7.0359701362824445e-01	   4.8283790156676176e-01	   3.2377168390395755e-01	   3.8818600279602550e-01	   3.2422072126035373e-01	   3.0738241318109949e-01	   5.6598741636060568e-01	   2.8087458490658318e-01	   6.6964568613460296e-01	   6.0186704560442128e-01	   7.3392500048876985e-01	   7.6431389384767223e-01	   1.8057092510972378e-01	   1.5608994431273615e-01	   3.5264725841970812e-01	   3.9453581112491543e-01	   3.5543362441948445e-01	   4.6553760422764612e-01	   5.7891047436572474e-01	   4.6683269310517062e-01	   8.3843657374553571e-02	   4.3641414145337787e-02	   2.1673636737203406e-02	   1.0763689051337919e-01	   1.9251476367222495e-01	   2.1699838746741218e-01	   1.3225480376099527e-01	   1.1742827555292204e-01	   3.4143040858635421e-01	   3.1658547714484397e-01	   2.3242787671403300e-01	   2.5777241659850458e-01	   4.7804532493992252e-01	   3.3990186305029996e-01	   4.3403432731514785e-01	   4.3140463960945979e-01	   5.2663295835503854e-01	   4.7386105895417696e-01	   6.4525883879099633e-01	   5.0189040410950558e-01	   7.4837446998058166e-01	   5.6659546811815298e-01	   2.8791952104413171e-01	   5.3371287439511972e-01	   5.8584264175573963e-01	   4.8672799034817882e-01	   2.9398774064541350e-01	   1.5435801016545569e-01	   4.3786545884093819e-01	   4.0130948611960704e-01	   4.8046825001620702e-01	   4.1935047742021170e-01	   2.8875981340005485e-01	   5.7478046383478976e-01	   5.7903150127014769e-01	   5.2951612292841599e-01	   4.1874331434366691e-01	   3.2173775075293115e-01	   7.2061240407683258e-01	   6.2941409752520505e-01	   6.1187055412865821e-01	   7.4968281530889191e-01	   7.3809431561550565e-01	   8.0075581527848971e-01	   2.0584138222841322e-01	   5.5011238474286195e-01	   6.5811014338458707e-01	   5.8773740493618154e-01	   5.9530264464319593e-01	   1.2915639475251720e-01	   4.6621464882924518e-01	   6.8053841751994093e-01	   3.8741171745591002e-01	   3.0194216511067640e-01	   4.2037854583541256e-01	   3.9860480763478928e-01	   4.1204036338236266e-01	   2.3818344252809365e-01	   5.9632280695900652e-01	   7.2067328864872571e-01	   4.5967788222855083e-01	   6.5664536741058244e-01	   2.7793675498081610e-01	   1.6481865465192147e-01	   2.7690627119910183e-01	   3.0553490942458428e-01	   3.0156006610210645e-01	   2.2190837417136114e-01	   3.7653667071394886e-01	   3.8370667089253058e-01	   1.0538080189472096e-01	   2.8545626083600173e-01	   4.3979008466528902e-01	   5.4328780968610820e-03	
   5.5433098524159385e-01	   6.4549212035571468e-01	   6.2720333914047877e-01	   8.5486231182258643e-01	   7.1846342880382141e-01	   4.4613536841832174e-01	   8.6255022746595222e-01	   0.0000000000000000e+00	   7.5783043508186732e-01	   8.0504085015280369e-01	   4.9676979034484475e-01	   8.3905810509406675e-01	   5.8798566743992253e-01	   5.9098633919568644e-01	   4.8304280186878806e-01	   5.0725054469332043e-01	   5.9114987141479436e-01	   3.2862801410199377e-01	   4.7342710474211780e-01	   6.6408146994075845e-01	   3.1563340505572973e-01	   2.3142615990954313e-01	   5.7792403564506323e-01	   5.0790571695042530e-01	   1.8666410463286864e-01	   3.7851469480825872e-01	   1.4855771712792615e-01	   3.3117994399928430e-01	   5.4520217777507818e-01	   2.8040331437425375e-01	   5.5953585453875387e-01	   5.3416646027484238e-01	   7.1708627871482089e-01	   7.6113443855155238e-01	   1.6106288152574832e-01	   2.4129810597560400e-01	   2.2742158527908302e-01	   2.8415215672807581e-01	   2.9008326114252381e-01	   3.9148831611305318e-01	   5.4356193511216355e-01	   4.8004150626524733e-01	   3.2553271352588328e-02	  -1.0677785598029793e-02	   4.7456329901075463e-02	   1.1581680010879430e-01	   9.6481741364606299e-02	   1.2921324884850915e-01	   8.5378657195234131e-02	   4.5645153506864072e-02	   2.5685017016045486e-01	   2.2252562541703697e-01	   1.3554827506140371e-01	   1.7282375752452833e-01	   3.2459167447576864e-01	   2.1518130150832693e-01	   4.3897470857011223e-01	   3.8418145821407623e-01	   4.1911417136884954e-01	   4.1694385706437298e-01	   6.4917126429614702e-01	   6.4998435023656342e-01	   7.6237239618363706e-01	   6.7108257626623979e-01	   2.3065840899402579e-01	   5.8439605190722110e-01	   5.4975000786688744e-01	   5.4688910392008139e-01	   2.9214711903226076e-01	   1.3327193153304961e-01	   2.4044156405528577e-01	   3.2826848798296132e-01	   3.7162586678966103e-01	   3.5443614219724351e-01	   1.6449428426218884e-01	   5.5153011341408908e-01	   4.4122716496819281e-01	   4.7733620056375103e-01	   4.6765552513415787e-01	   2.8984202897430023e-01	   6.5683392689113695e-01	   6.1677419234402653e-01	   4.1973366322175099e-01	   7.4049092430025210e-01	   6.1796247434915419e-01	   7.3767575545674680e-01	   1.0711742542002467e-02	   5.0096404826009744e-01	   4.8396600606083628e-01	   5.0208835510089334e-01	   5.6317442593231481e-01	   1.6647939991332093e-02	   5.7697227151455277e-01	   6.2711558114419064e-01	   3.8104683659035621e-01	   1.8161533016749853e-01	   3.0167795498522765e-01	   2.8115019812086167e-01	   3.7011859194993324e-01	   1.0629260791878196e-01	   6.5164192380815844e-01	   6.9444882122849572e-01	   5.2686893612902308e-01	   6.4370922196367730e-01	   2.0172831400892008e-01	  -4.3019563825729391e-02	   3.0144042774143653e-01	   2.7866302171273083e-01	   2.1942215868509318e-01	   2.1394716987148613e-01	   3.6752342340800592e-01	   3.0073766878443398e-01	   2.1761137725440964e-02	   1.6211398884215614e-01	   2.8975944818879062e-01	  -1.1290563975578534e-01	
   5.9471644423699310e-01	   5.2459874721462740e-01	   7.5181428758321434e-01	   7.2652664290687441e-01	   8.1525508397439150e-01	   2.7352811579421732e-01	   8.7936742889990205e-01	   7.5783043508186732e-01	   0.0000000000000000e+00	   6.3914278125219992e-01	   5.7203998043889270e-01	   6.5834372511665484e-01	   6.0034208379243570e-01	   3.4547336272183043e-01	   6.5385572578585616e-01	   4.0625398681734748e-01	   3.9488931487990775e-01	   1.0640019408206763e-01	   5.0085362145265433e-01	   5.2760984566130986e-01	   1.3632576679581310e-01	   1.8328924847358199e-01	   5.8583041203772290e-01	   3.9771997665018349e-01	   2.5005789832989572e-01	   3.0270052558375171e-01	   2.3178277791405782e-01	   1.3939237498208157e-01	   4.1541379309166798e-01	   1.7734474524577035e-01	   5.3495352877031399e-01	   4.9741684628480631e-01	   6.3543933763851523e-01	   6.1467271581172056e-01	   1.8098002470024344e-01	   1.5768546753228119e-01	   3.6450030199936984e-01	   4.2002440781190253e-01	   3.4763940876363764e-01	   4.3571205217135894e-01	   4.6003792327463372e-01	   2.9397545518256057e-01	   1.7490926347812139e-01	   1.3813291739458944e-01	   1.5063946551213026e-01	   2.2565716866349786e-01	   2.6630335545951994e-01	   3.1024105109577205e-01	   2.6341876704372025e-01	   2.5720664786835157e-01	   4.1173529735018566e-01	   4.5478689655855109e-01	   3.1572777074544739e-01	   3.7604947361644059e-01	   4.9471063758793044e-01	   4.4114365055179539e-01	   2.2386134392203416e-01	   2.1746894422424701e-01	   5.4346141943489501e-01	   5.1460167072769991e-01	   6.1357128508543224e-01	   3.9834618390997084e-01	   6.6474947408195173e-01	   4.1186557431860549e-01	   1.8954400826432261e-01	   5.5681636237115595e-01	   6.2755691178058903e-01	   5.1669809421385027e-01	   2.0211628792813241e-01	   5.4028975604653015e-02	   3.1923125497217542e-01	   2.8386077945698640e-01	   3.6342176474931875e-01	   1.7373201220747583e-01	   2.1339932205562329e-01	   3.7306437698148825e-01	   4.1977993226409582e-01	   3.6866500757176746e-01	   2.4812937324909271e-01	   1.8039356448978630e-01	   5.9551516572942331e-01	   4.9169736594787183e-01	   5.4743197358973117e-01	   6.9664351162553606e-01	   6.5050342455674681e-01	   7.0717531310741388e-01	   1.4547087149155075e-01	   5.0936611055747671e-01	   6.4374696435708745e-01	   6.0630989488467191e-01	   5.9274315056827298e-01	   2.4563824926062972e-01	   4.1583644447726514e-01	   5.1908831178648351e-01	   2.8561116368548856e-01	   3.2852352734204759e-01	   4.6018752264898810e-01	   4.4654112166018495e-01	   4.2891565145965349e-01	   3.1909578087002577e-01	   5.0590691958622247e-01	   5.8267596941172517e-01	   3.6743606814335017e-01	   4.9917489192304620e-01	   3.8249663900393849e-01	   1.2973527832040854e-01	   1.4170242321475129e-01	   2.2146123492571929e-01	   2.4676992064218428e-01	   2.0811418147300420e-01	   4.4600176497047683e-01	   3.6191337521213690e-01	   1.4610084922799696e-01	   1.3100160385398979e-01	   3.1652700934211020e-01	   5.2347299251479906e-02	
   3.6623936390819578e-01	   5.7195192170244891e-01	   4.1625557822530096e-01	   6.5064354500815191e-01	   5.4513529455960730e-01	   6.7172814606242559e-01	   6.7904067234205467e-01	   8.0504085015280369e-01	   6.3914278125219992e-01	   0.0000000000000000e+00	   5.7745251913753659e-01	   7.0852616974100158e-01	   6.8875080132824074e-01	   6.4921191446675641e-01	   5.0711518981481618e-01	   6.4776200099733905e-01	   5.2369254384665509e-01	   3.1374290104719865e-01	   2.8465431700574284e-01	   5.4146389121011607e-01	   1.8588930022257372e-01	   9.7189924771859559e-02	   3.5141523638551525e-01	   2.5740923797991905e-01	  -1.0237093874096778e-01	   1.8121990915093020e-01	  -3.0693789989991498e-02	   2.8991459519790530e-01	   4.4906500876829619e-01	   1.8414941530972473e-01	   2.2976349060122575e-01	   2.2662203974950540e-01	   4.6511174306009201e-01	   4.9043531857320211e-01	   4.8984104572752186e-02	   1.1462510689427283e-01	   5.6211983009956723e-02	   1.1086797067739651e-01	   1.0367663313576515e-01	   2.6354040481247731e-01	   3.2269118181570683e-01	   3.5625462621405368e-01	   2.4101580497261729e-02	  -2.8216146911490714e-02	   4.8888453255529714e-02	   1.1548391734208938e-01	   5.8500201923644565e-02	   9.6275655230066759e-02	   1.2969821762493700e-01	   9.9299455327600011e-02	   2.4488581218659927e-01	   2.4769907638093569e-01	   1.6847511332494813e-01	   1.5623600835949938e-01	   1.9583991027539760e-01	   1.5223110465545561e-01	   3.4230361379894536e-01	   3.1091634771539972e-01	   2.7125870033814853e-01	   3.4435524451891308e-01	   6.4815140733810761e-01	   7.4269321610117822e-01	   7.1026315672283502e-01	   6.8633825331803078e-01	   2.1721639669941795e-01	   5.3943945006916083e-01	   3.1618441817592324e-01	   3.1507765321221093e-01	   2.4871632885648909e-01	   1.1309642829192429e-01	  -4.7903098811737779e-02	   3.3664955607619701e-02	   1.6537850723161679e-01	   1.5601279168544127e-01	  -4.6272681281009668e-03	   3.5635542196077408e-01	   2.4044873325345634e-01	   2.9331207831842815e-01	   3.6639069237802913e-01	   1.5411983579669439e-01	   5.5852077032105329e-01	   4.1716333010862794e-01	   3.5943966421933915e-01	   5.6439227824525806e-01	   4.4227868809148285e-01	   5.1734862847627883e-01	  -8.7624637424018909e-02	   2.8966354694038088e-01	   4.9183306677091587e-01	   4.6447932306857354e-01	   5.5939496723235416e-01	   4.1758931918710669e-02	   7.2677522351630630e-01	   5.8293582336752237e-01	   2.9267718354292394e-01	   2.0690712573824399e-01	   2.6284439922353697e-01	   2.5058821165291539e-01	   3.1968706252730400e-01	   1.2607759107971261e-01	   6.3178263022336900e-01	   5.8973972301085975e-01	   4.7716601496299260e-01	   5.3433538591472740e-01	   1.0178163908642442e-01	  -1.6324086927629852e-01	   2.2071534590029507e-01	   1.0760833785697721e-01	   9.1132779976654602e-02	   2.7553412217553069e-01	   3.2310447911787804e-01	   2.1748524578166237e-01	  -2.4169441318960629e-02	   1.2683544229393612e-01	   2.2457144086512087e-01	  -2.0622486861715789e-01	
   6.6067321432418513e-01	   6.9348553726239759e-01	   5.2029147477197224e-01	   4.7654931759775571e-01	   6.8982861197418666e-01	   4.1527789944487825e-01	   5.9833499691849223e-01	   4.9676979034484475e-01	   5.7203998043889270e-01	   5.7745251913753659e-01	   0.0000000000000000e+00	   6.7739479199566821e-01	   8.1935294476937659e-01	   6.2244090861311807e-01	   8.5226836512943938e-01	   6.3920451909876852e-01	   5.8158409774010722e-01	   4.1009045533111343e-01	   4.9557448390444248e-01	   4.6217200474812248e-01	   2.5666310939068682e-01	   1.8339758874750406e-01	   4.4134278305500119e-01	   1.8815700857497800e-01	   2.5997919228607225e-02	   9.0510553383253839e-02	   3.3917379849960522e-01	   3.8134142456239811e-01	   5.8444714628503769e-01	   1.7337497185101530e-01	   2.4421339638523523e-01	   2.3323118768919132e-01	   4.6785708208444310e-01	   4.0333192181113930e-01	   1.4395726879151188e-01	   1.1479363936097796e-01	   3.7911327937083661e-01	   1.5085030771419461e-01	   2.2614941645279682e-01	   4.4415032432971713e-01	   4.3826358174167290e-01	   3.3830494566119684e-01	   6.4466109971636529e-02	   6.3162726715338097e-02	   2.6310906642689123e-02	   1.3287743358294118e-01	   1.3932109681876750e-01	   1.5867648151759317e-01	   1.7592889237527859e-01	   1.8179022001962744e-01	   3.1422711534946324e-01	   3.9365009449106103e-01	   2.5671450365097181e-01	   1.5968080625439204e-01	   4.1456866018077138e-01	   2.9459058884949907e-01	   4.8838070902766523e-01	   4.3445159318350918e-01	   4.9559126696723832e-01	   4.1533542418587388e-01	   6.5446573872662062e-01	   3.8380903292462498e-01	   6.3612619263210446e-01	   5.2043466186785947e-01	   3.0392311547628659e-01	   4.5296721697841286e-01	   2.7157865277499033e-01	   1.2974057937039171e-01	   2.8420555882509768e-01	   2.8258568277352542e-02	   2.6510355573388916e-01	   1.7428943303533473e-01	   3.4486908892685930e-01	   2.7164642201298084e-01	   1.8488783034778244e-01	   3.7520492976000203e-01	   5.5226438714541159e-01	   4.4130478868127043e-01	   4.5046241040076634e-01	   3.2715581169853991e-01	   6.9054362169581041e-01	   5.2959145467002799e-01	   7.0684311043802350e-01	   5.4120259315247909e-01	   6.7661832490175278e-01	   6.2232211418058236e-01	   1.0874298508811618e-01	   3.9557808968192415e-01	   7.0580853533725474e-01	   4.9005823591736297e-01	   5.5078833515531311e-01	   1.9739823746143741e-02	   5.2763350100397921e-01	   6.5818556176514798e-01	   3.8823599710382778e-01	   3.0322291206616325e-01	   3.1860464163788038e-01	   3.9247674938738408e-01	   3.2637891105228700e-01	   2.1986321751955085e-01	   5.7699681262484714e-01	   5.8520265533101612e-01	   5.1126751453027486e-01	   6.0909974749502060e-01	   2.6565956767256993e-01	   2.3991021428074744e-01	   2.3708445261178845e-01	   1.3500340546086903e-01	   2.8880267657437275e-01	   3.5001653183299120e-01	   2.8040151024112714e-01	   3.3437878384524278e-01	   7.6374048734923025e-02	   2.1792789137823868e-01	   4.0384766367849756e-01	  -2.1657148594323175e-01	
   6.6921622491279087e-01	   7.7472599242107343e-01	   6.4562927095916600e-01	   8.0552481490131755e-01	   7.8722406071254003e-01	   4.9547779512210482e-01	   7.8811096098529676e-01	   8.3905810509406675e-01	   6.5834372511665484e-01	   7.0852616974100158e-01	   6.7739479199566821e-01	   0.0000000000000000e+00	   7.1121783722656817e-01	   7.1020857646978419e-01	   7.0618443059533142e-01	   7.0547599184243093e-01	   6.9422865457673277e-01	   5.1570383770632811e-01	   5.7563834915728740e-01	   6.4235513712507941e-01	   3.5524830230219751e-01	   2.2069625032969326e-01	   6.6968065557831391e-01	   5.4431868901975733e-01	   2.0241672546191666e-01	   3.6995987391079327e-01	   3.4506569227476369e-01	   4.8718643877922907e-01	   6.9454206464313817e-01	   3.6576612564558647e-01	   5.0518895071250214e-01	   5.1021378034085541e-01	   7.1455277234848058e-01	   7.1138833787558553e-01	   2.2667939755544370e-01	   2.5732854007732264e-01	   3.8407921800680922e-01	   3.4112387973280828e-01	   3.5116099191297123e-01	   4.9360421230328499e-01	   6.2879662614874932e-01	   5.6752043679335873e-01	   7.1392969247304011e-02	   5.1859799858588747e-02	   1.9589651149630571e-02	   1.1386271987022714e-01	   1.5645307613164400e-01	   1.7496653288827596e-01	   8.3172807152689057e-02	   6.8289099710956397e-02	   2.6730793064689434e-01	   2.5618602310873939e-01	   2.1029510923678557e-01	   1.2664023670658747e-01	   4.3867566222180121e-01	   2.7428075754516446e-01	   5.7035088042756077e-01	   4.7549110672696498e-01	   4.4685534943874361e-01	   4.1017653215274258e-01	   7.3464994631619529e-01	   6.2630057020770802e-01	   8.1021429534852984e-01	   7.5119037869331384e-01	   3.3633457611309192e-01	   5.1955227234525692e-01	   4.3850115305291038e-01	   3.6554679193575979e-01	   2.6310148134904116e-01	   6.7066931294615930e-03	   3.2635708797060059e-01	   3.2036654938214243e-01	   4.6998157733093182e-01	   4.8518211180047444e-01	   3.1093974952922587e-01	   6.0849827715078708e-01	   6.6082565896274714e-01	   6.3361509279284300e-01	   5.5054080964725394e-01	   3.8517344311669183e-01	   7.7686264957528883e-01	   7.0895426313470900e-01	   6.3990991891346205e-01	   8.2164984246595452e-01	   7.6198403229019707e-01	   7.7763170155778505e-01	   2.4730564503220676e-01	   6.4678495501003175e-01	   6.0332339265984536e-01	   5.4432400031097750e-01	   6.1340342058554920e-01	  -3.9830377834830635e-02	   5.7742884071861611e-01	   7.1560170564387116e-01	   5.3621587894680922e-01	   1.4885396933094264e-01	   3.8091282812047544e-01	   3.8713094764528228e-01	   4.4487168027693524e-01	   1.4747357758580346e-01	   6.4111907612819330e-01	   7.0681112948490588e-01	   5.7279404164712144e-01	   6.9301518720380972e-01	   2.3267444747661564e-01	   1.0813955931522123e-01	   1.6775693671403391e-01	   1.8897938068330858e-01	   3.2611616854765568e-01	   4.2697913383819019e-01	   3.9474174673114376e-01	   3.5783895750808514e-01	   2.4133842314415802e-02	   1.4276168885279691e-01	   3.8395019431208499e-01	  -5.0266354239195704e-02	
   4.6840831779835546e-01	   6.3275447685103847e-01	   5.0667690715102842e-01	   5.4834379805999267e-01	   6.6932940027082366e-01	   4.5146541034963594e-01	   6.6062017184972666e-01	   5.8798566743992253e-01	   6.0034208379243570e-01	   6.8875080132824074e-01	   8.1935294476937659e-01	   7.1121783722656817e-01	   0.0000000000000000e+00	   6.6592217052848224e-01	   7.5795820218184851e-01	   7.3194499601721441e-01	   6.1771337700992757e-01	   4.3494208673660711e-01	   3.6094988377417048e-01	   4.1361515997088355e-01	   1.4018356973177301e-01	  -1.4395065065503823e-02	   4.2600790453007614e-01	   1.7121155409598793e-01	  -1.4709060102114993e-01	   7.1925293598885623e-02	   1.5440067374019800e-01	   3.4939449586958754e-01	   6.0276740994426192e-01	   3.7396974440161684e-02	   2.2834124088441365e-01	   2.4129107298264105e-01	   4.3708705713085583e-01	   4.4937433252978298e-01	   6.4310681957478622e-03	  -3.1076309527064666e-02	   1.6299022043027678e-01	   9.5872964786172368e-02	   4.9794441926157305e-02	   2.7817117978154288e-01	   3.3837883795932366e-01	   3.3407555683597423e-01	  -1.3758343757938735e-01	  -1.3120393066180666e-01	  -2.0703429068128221e-01	  -1.2302172673581681e-01	  -5.9443982700097528e-02	  -5.3602381587497361e-02	  -5.1230802108372331e-02	  -8.6991974361791707e-02	   9.9792440261454091e-02	   1.0909435718691735e-01	   4.0601057110144598e-02	  -6.9269886247551177e-02	   2.0295486358620685e-01	   1.9608356597098260e-02	   3.8549317226120799e-01	   3.2678391720115163e-01	   2.9289255768995237e-01	   2.7963536842373210e-01	   7.5328465927896970e-01	   6.2935928224311988e-01	   7.2144257358774844e-01	   7.1681481628572929e-01	   2.3717349557517903e-01	   3.9385713109817255e-01	   1.3009870593516626e-01	  -2.0851378625470745e-02	   1.9542014154544923e-01	  -6.6141482826141212e-02	   1.2071170895978664e-01	   1.1298860671051515e-01	   2.9663189904411619e-01	   2.5096074497894272e-01	   4.0376544136645619e-02	   4.5200770368818788e-01	   3.8291515300067802e-01	   2.8053085427358182e-01	   4.5679149010554904e-01	   2.0352689862436779e-01	   6.4320102931462153e-01	   4.6236286413256755e-01	   5.3250449613803563e-01	   5.5099379715270669e-01	   5.3661005952806984e-01	   5.4650246505146938e-01	  -4.1830589171208299e-02	   3.6040029504499638e-01	   5.9214839853500867e-01	   3.3092165391162576e-01	   4.0983886631760902e-01	  -1.7076928009894426e-01	   5.1981134960571518e-01	   6.5031898378237118e-01	   2.7111520124455513e-01	   1.7953626222952201e-01	   1.5836228180950782e-01	   1.1480984666493302e-01	   1.4698056180005153e-01	  -2.7391895405799220e-02	   5.9779879331729591e-01	   6.3394324277788905e-01	   5.0501393600402567e-01	   5.9239064413003195e-01	  -8.6147397163806455e-03	   7.2360327384654883e-03	   5.9868269147140926e-02	  -1.5567468168442070e-02	   1.1410178891172659e-01	   2.5997366236690950e-01	   1.6643571349961672e-01	   5.1036293598249592e-02	  -2.1545100649359308e-01	   8.9300363757049597e-02	   1.5497026973571676e-01	  -3.0512240911031308e-01	
