   0.0000000000000000e+00	   7.2381554831126615e-01	   4.8543132233974318e-01	   3.4976151803314809e-01	   4.5822504127611952e-01	   4.0218219438349412e-01	   5.8192309234643280e-01	   5.2542540184288311e-01	   5.2062549946855285e-01	   2.4569344934095438e-01	   6.3050303508806294e-01	   5.5112899175875008e-01	   5.3810530422328451e-01	   3.6050778715461990e-01	   5.7013351888012598e-01	   4.4558690678706786e-01	   5.3203783698708118e-01	   4.5220652059974537e-01	   6.8308502466482945e-01	   5.5640438215833254e-01	   1.4731835855697750e-01	   2.0393413062957233e-01	   2.5691270037099478e-01	   9.9529753173895855e-02	   2.9675569107792843e-01	   1.7160392516248102e-01	   3.6322359844947105e-01	   2.2004420998148272e-01	   3.3330013540314224e-01	   4.6697296631469948e-01	   1.5856114843825064e-01	   5.8355884510851705e-02	   5.3725178372644589e-01	   5.3460326374769562e-01	   2.0000357667400739e-01	   3.3401676793459967e-01	   2.5501729601160400e-01	   3.9086217787887972e-01	   4.1193126287838178e-01	   4.6583995331453243e-01	   3.4326288249381226e-01	   6.8279273365586146e-01	   5.6749856268263166e-01	   5.7967789342979514e-01	   6.2324379745391323e-01	   6.5464125368669990e-01	   6.4979514663558890e-01	   6.3477758769626302e-01	   6.9886197753295431e-01	   6.6718894463862655e-01	   7.1538932819476364e-01	   6.9182325306513015e-01	   7.6821498681623557e-01	   7.3865390176327606e-01	   6.9119916458425057e-01	   6.8200908099032387e-01	   6.4947142213451881e-01	   5.8741774708190297e-01	   6.8314530341984558e-01	   5.3708569940584683e-01	   5.5016174786661720e-01	   4.2020395206388150e-01	   6.5122304681391108e-01	   5.6173180777514919e-01	   1.3829749434591757e-01	   8.3410826276102704e-02	   5.8457313580628623e-01	   6.0007853270693712e-01	   2.6616863638974936e-01	   3.0400577619593727e-01	   5.0811353287558281e-01	   2.5333665388103299e-01	   5.4247314419506143e-01	   5.2702542326986934e-01	   5.6198996282437730e-01	   4.6317719450059691e-01	   6.3142410303341823e-01	   6.1296236125125070e-01	   4.8888473396546728e-01	   2.0332359445206855e-01	   3.3764811739051764e-01	   4.0482473271991182e-01	   3.9227286972949882e-01	   5.7609780626343388e-01	   4.0340106385708580e-01	   6.2211653640496378e-01	   4.5319342462215151e-01	   4.1815906094834249e-01	   5.5030008243012862e-01	   6.3963273632256001e-01	   5.9996338556600071e-01	   3.2813820309701058e-01	   4.2689757459382899e-01	   5.9057935044365395e-01	   2.0111256123324189e-01	  -2.2175730774828695e-01	   5.4902755459233188e-01	   4.7807528624061940e-01	   7.6379312627684315e-01	   7.1899208472138043e-01	   6.6024756011751440e-01	   6.1575064793273027e-01	   6.8991430456379244e-01	   4.9793807706364879e-01	   1.3427317845979517e-01	   2.7109474012758528e-02	   3.3918043924314933e-01	   2.9170617913518848e-01	   9.7396234793357961e-02	   8.0278281704922738e-02	   3.7654988554332985e-01	   6.6956288060044722e-01	   7.0091612945030213e-01	   4.7501192272912862e-01	   1.9167618026897315e-01	  -2.3629469681434195e-01	
   7.2381554831126615e-01	   0.0000000000000000e+00	   1.5277486909144489e-01	   6.6821010159338445e-02	   1.7374433789932070e-01	   9.4116927262664740e-02	   2.2485818132593766e-01	   3.4090279706417154e-01	   2.8833353836366898e-01	   8.9256903629185980e-02	   3.9819015884528886e-01	   3.7417591859398169e-01	   2.9219178823724212e-01	  -3.5597417826547469e-02	   2.5421240029112435e-01	   7.3160848162160425e-02	   5.9976397996424335e-01	   6.0800555211700547e-01	   5.9258948701478165e-01	   5.4559647938135214e-01	  -6.8231735212578651e-02	   3.0953827555901824e-02	   1.3674391860371038e-01	  -9.8156505029552046e-02	   1.3644396798961789e-01	  -9.9779484072916397e-02	   1.9232225898563099e-01	  -6.1693498489311674e-02	   3.2071796577200495e-01	   5.6827006573633310e-01	  -5.2087510212610752e-02	  -1.8056161454612968e-01	   3.6690892037073097e-01	   4.8588148398340514e-01	  -5.1472629918487920e-03	   2.9255744185420313e-01	   8.3911714149436489e-02	   1.7790932215859365e-01	   2.2170754758704653e-01	   2.3461887856167291e-01	   2.9635532147831256e-01	   6.0747734780352092e-01	   4.8502107935120736e-01	   4.6886253160376523e-01	   5.4103311778124796e-01	   5.3370935307830869e-01	   5.0397204916772576e-01	   5.0401110175726371e-01	   5.9087007201971331e-01	   5.4565058378042941e-01	   4.9450408389339517e-01	   4.6709978479323139e-01	   6.4936049818385766e-01	   6.2022658768314110e-01	   5.0251808870841630e-01	   5.4527560610240688e-01	   7.7567317243240230e-01	   8.2554678302588014e-01	   4.7202102096075088e-01	   4.5321868800216225e-01	   2.5245710827484380e-01	   2.0939749389360229e-01	   5.5767761002992378e-01	   6.6913153666835457e-01	  -1.4576502088207194e-01	  -1.6852587363199734e-01	   2.8564008012364078e-01	   3.8567219256503016e-01	   2.4635736951648091e-01	   2.5396328115605515e-01	   5.1545385612476202e-01	   6.2608661011749472e-02	   6.3808809988614112e-01	   5.7374633175943290e-01	   5.9330550537371884e-01	   4.9132039613567480e-01	   5.9173295429577166e-01	   5.3372441462790376e-01	   4.8824004108383467e-01	   2.4893911995173643e-01	   2.6238644647206011e-01	   2.8056907249275687e-01	   2.2890376934704521e-01	   3.6335103409726466e-01	   1.2578456943817834e-01	   2.9777412361202643e-01	   2.6222645160801011e-01	   1.7188263762501987e-01	   3.6583161538843079e-01	   5.4168751523600955e-01	   4.8492255053932598e-01	   2.1853335892174108e-01	   2.2269219282790148e-01	   3.4218526000535332e-01	   1.4865684532586251e-01	  -2.9991135982479611e-01	   3.7958289566311137e-01	   3.9549011692879743e-01	   6.4418853593667891e-01	   5.8653203046258562e-01	   4.2101132088035453e-01	   3.0080158929602047e-01	   5.3913466158872669e-01	   3.2518863210800852e-01	   1.2855603486656215e-02	  -1.5560789038273651e-01	   2.8211606910869896e-01	   2.9867098533886882e-01	   5.0849227039587636e-02	  -7.8204236765337873e-02	   3.4126276658808075e-01	   6.0241050007284269e-01	   5.6501079525924869e-01	   3.1961935773333272e-01	   3.5288511951800244e-02	  -3.7010756003404011e-01	
   4.8543132233974318e-01	   1.5277486909144489e-01	   0.0000000000000000e+00	   7.9197935640391137e-01	   7.1159890097888567e-01	   5.3574808357849535e-01	   7.9825111487689671e-01	   5.9323353072649254e-01	   6.0786657134803579e-01	   3.3670175821514514e-01	   4.2626010983627893e-01	   3.0551040374467270e-01	   2.7927085862893697e-01	   2.9985565410512671e-01	   4.6465550936685546e-01	   5.4811744463259393e-01	   2.6511892615107325e-02	  -1.3863690459807812e-01	   5.0195665522947253e-01	   4.5247400116800018e-01	   2.8340840542092366e-01	   2.4802903412109317e-01	   5.9412963852161749e-01	   5.3302198831230518e-01	   4.4769812093678030e-01	   5.7620062503315084e-01	   3.7894841814464186e-01	   4.1130919141583777e-01	   2.2258293653295530e-01	   1.3057137676220903e-01	   6.1698058418293156e-01	   5.3863612504141978e-01	   6.6878599893990220e-01	   6.5879637518891687e-01	   5.8891200201968230e-01	   4.7740832833230712e-01	   4.8825291282585448e-02	   1.7698219422893674e-01	   2.5318376217351646e-01	   3.1159848456035028e-01	   1.4588243194293504e-01	   3.3176130574186791e-01	   4.2324258480220900e-01	   4.0050596427446150e-01	   4.7363535086649705e-01	   5.1278905218308923e-01	   4.9814974766035525e-01	   4.7241562173620638e-01	   4.3692495327361308e-01	   4.2053780330398627e-01	   5.0263597751531097e-01	   4.5417094130812752e-01	   4.6551397022513247e-01	   4.2822950239624979e-01	   4.8197840786329332e-01	   4.8207604497680745e-01	   1.3781052442230543e-01	   5.7290995552946936e-02	   3.4768360649940344e-01	   1.6016923327289467e-01	   6.0173257989810525e-01	   5.0020572829426424e-01	   1.9692461783483803e-01	   1.5599610019684595e-01	   6.6613430340881175e-01	   5.9663772303793683e-01	   7.0968628796222566e-01	   6.8320038973848884e-01	   9.0440740961665184e-02	   3.7865697717499486e-01	   4.3018944855811470e-01	   4.2248091611182231e-01	   3.9011530316886323e-01	   1.8551825347516221e-01	   4.1544480922794474e-01	   2.3555482615553230e-01	   3.7609182004626307e-01	   4.1461766426955593e-01	   9.5246886405758430e-02	   1.0238254003134344e-01	   8.7335562195909766e-02	   1.6307323424416814e-01	   3.1962957341859100e-01	   4.1371121293940544e-01	   5.4922539635037493e-01	   5.1950241812867182e-01	   4.7965501761954210e-01	   5.7316552239885976e-01	   5.3130571571983864e-01	   4.5438256042091374e-01	   4.4915470688634934e-01	   3.6960137787809033e-01	   3.8212716220314369e-01	   5.1850854078943864e-01	   3.0566227574754262e-01	  -5.6046261204393252e-02	   4.5612528614314468e-01	   2.4228453343276518e-01	   5.1624418107693415e-01	   4.8573173043966145e-01	   4.6370487625415230e-01	   4.8202520984333908e-01	   3.8579836569336762e-01	   3.5188951013510339e-01	   6.9115682749321880e-03	   1.0692109265482228e-01	  -5.1398491867097112e-03	   1.8773107680511283e-01	   1.1326596635566769e-01	   2.6581602915838837e-01	   3.5045536689398304e-01	   4.5061047192460069e-01	   4.3626576812600903e-01	   2.6248894123480432e-01	   7.2744466982463840e-02	  -1.6524919040697694e-01	
   3.4976151803314809e-01	   6.6821010159338445e-02	   7.9197935640391137e-01	   0.0000000000000000e+00	   6.8783681892802151e-01	   6.2945599859527501e-01	   7.1697415137763643e-01	   7.5530428741260924e-01	   5.0988513366451071e-01	   4.2059520833498459e-01	   3.5259399716023659e-01	   4.3571122071539592e-01	   1.7680765649125918e-01	   3.4985675312591630e-01	   3.8728333755204003e-01	   6.1475818901778789e-01	  -1.4732751029839178e-01	  -2.0793017278434206e-01	   4.9196002699044300e-01	   4.5645998691872203e-01	   3.7207313858627311e-01	   2.9013778551496561e-01	   4.4015213144317800e-01	   6.2017655748223233e-01	   3.5824560425695917e-01	   6.2020132820437379e-01	   3.1668085997663981e-01	   4.8072425876698055e-01	   2.4399337477939606e-01	   1.1346603336259573e-01	   5.5966488680819915e-01	   5.8582593678197159e-01	   5.7243625824001954e-01	   6.5108622632300239e-01	   5.4224903604660590e-01	   5.3859258900374685e-01	   6.2788682282606589e-02	   2.6840133274419320e-01	   2.6592149994927139e-01	   3.8529659361796020e-01	   8.7633666884356531e-02	   2.4865217537257514e-01	   5.3847066933950793e-01	   5.1480256998123086e-01	   5.6069748076575965e-01	   6.3264779333552856e-01	   5.5999074174647812e-01	   5.3418094562909424e-01	   3.9164903249575195e-01	   4.3790885693505149e-01	   3.8515488150541177e-01	   4.1961945799245559e-01	   4.1243061080021359e-01	   3.4549576306192242e-01	   4.2394775950380620e-01	   4.0035879629537929e-01	  -8.9396275747969517e-03	  -2.1217815569284731e-02	   3.0358566840967849e-01	   1.6138529190007594e-01	   4.7599043671810876e-01	   5.6788339434848112e-01	   1.5289372386147193e-01	   5.2649707468775980e-02	   6.1483454062852660e-01	   7.2778647230954263e-01	   6.7426749705706335e-01	   7.0050666817859986e-01	   4.4366099989547686e-02	   2.9574972392721144e-01	   4.3034924479226888e-01	   4.9025881269565574e-01	   3.5872964322602507e-01	   1.6720794504852832e-01	   3.0007426883796628e-01	   1.7693879732569140e-01	   3.4494292962452905e-01	   4.1722619779622971e-01	  -3.8504258215012119e-02	   7.5514727022171407e-02	   7.4768161908713729e-02	   1.3713608449244910e-01	   4.0510138478774127e-01	   4.6078360800689899e-01	   4.4235549521843520e-01	   4.3743560387334984e-01	   4.3323297508717584e-01	   5.3613136641339210e-01	   3.6736479756069051e-01	   3.4423821683305306e-01	   5.1931894158419800e-01	   2.4780925883800103e-01	   5.3234895752058009e-01	   5.2959237177752427e-01	   2.7228997518464992e-01	  -6.8007679781469377e-02	   4.6574170984926788e-01	   3.0525270937436488e-01	   5.2276058324753383e-01	   4.4044745654884809e-01	   5.6626036467290708e-01	   5.3773294215936951e-01	   4.8891384175885833e-01	   4.5545075579447863e-01	   1.7596779379919286e-01	   1.9950259683387134e-01	   1.4768167685910244e-01	   9.0786498292270035e-02	  -5.6265654855767615e-02	   1.9737106198484042e-01	   4.3652910925071031e-01	   5.0719202585416090e-01	   5.4407512929056945e-01	   3.4770513124517122e-01	   6.1948719205788795e-02	  -1.4416853619431391e-01	
   4.5822504127611952e-01	   1.7374433789932070e-01	   7.1159890097888567e-01	   6.8783681892802151e-01	   0.0000000000000000e+00	   7.1218334559824170e-01	   7.4173514883404557e-01	   6.5617997452669086e-01	   7.4812717367673309e-01	   4.2333956738964162e-01	   5.4934319630171857e-01	   4.1926108774106874e-01	   3.9688747464490054e-01	   3.2677179295052844e-01	   5.7004672366482745e-01	   5.0692710363216686e-01	   1.7841469134592480e-01	   1.8977029943682368e-02	   3.6863353235949581e-01	   3.2055771191353993e-01	   3.4329688212592196e-01	   2.2479459074625721e-01	   3.5293531779522164e-01	   2.5484671706099876e-01	   3.1572586633022115e-01	   4.8043504616998400e-01	   3.7518104625485638e-01	   3.8088107680067557e-01	   4.3370564454109706e-01	   2.6613670492322983e-01	   5.3154342522427855e-01	   4.5081897715309011e-01	   5.3470285569532661e-01	   5.2535781727147013e-01	   4.5244907745805008e-01	   4.7847308015212342e-01	   1.4446152631931280e-02	   2.4236628152695971e-01	   3.7870740494536814e-01	   3.0597487658917216e-01	   9.2742490763039850e-02	   2.1567733203938910e-01	   4.6967025969197707e-01	   4.0779301728979089e-01	   5.3411482916640218e-01	   5.6410378392472293e-01	   4.8639454528302217e-01	   4.4239519278802497e-01	   4.4162641541191350e-01	   4.6565907873007262e-01	   4.7966743340119133e-01	   4.8448224000631723e-01	   4.7530655651232578e-01	   4.2693791462842307e-01	   4.3026736058799253e-01	   3.8816643249601102e-01	   2.4572820333887152e-01	   1.1999091564712901e-01	   5.0340101256503655e-01	   2.9139902637209558e-01	   6.0337949778404576e-01	   4.9333791914468350e-01	   2.8072133692013701e-01	   2.3603543651030207e-01	   4.9796706271537883e-01	   4.2508676837077464e-01	   6.8898917164604501e-01	   6.6390931632051509e-01	   2.3850381753214894e-02	   3.4741111778292838e-01	   3.4783881607729072e-01	   3.0598293025016698e-01	   3.3618789950217237e-01	   1.0236664713110176e-01	   3.3106495230057120e-01	   7.1015601623665117e-02	   4.5954056356783718e-01	   4.4353522089573788e-01	   2.8570413984540943e-01	   1.6188590446503665e-01	   1.1166996984709276e-01	   1.9914204903251442e-01	   2.8915527835739369e-01	   3.6746070175333334e-01	   4.0458761407622201e-01	   4.3911888602030680e-01	   3.3363344152658791e-01	   4.4807251397384440e-01	   3.8393976961514381e-01	   4.4602586385111648e-01	   4.0462766817800894e-01	   1.5762864136933905e-01	   2.7797416481962445e-01	   4.1259792931733585e-01	   3.8340916513796608e-01	  -1.6858843881717550e-01	   5.1244220772202131e-01	   2.4851161351640977e-01	   4.8894236474232611e-01	   4.8394752804201313e-01	   4.8892258270953393e-01	   4.9126300314784227e-01	   3.0475018597916742e-01	   3.0195697753782391e-01	  -1.6176292419970231e-02	  -1.6646858560545624e-02	   1.8273009095410339e-01	   5.9426817930394560e-02	   2.5741065036814503e-01	   2.4193867939176983e-01	   3.5984094781627274e-01	   4.0304705783155659e-01	   3.7120610489043804e-01	   2.0213433803720238e-01	  -4.1074438092243482e-02	  -1.4604945813206587e-02	
   4.0218219438349412e-01	   9.4116927262664740e-02	   5.3574808357849535e-01	   6.2945599859527501e-01	   7.1218334559824170e-01	   0.0000000000000000e+00	   6.1945930363841006e-01	   7.7047018711300486e-01	   6.6715836089995029e-01	   5.2931881646290635e-01	   5.8344836625520324e-01	   5.1694736457447110e-01	   3.8034805264246491e-01	   3.3959744745410037e-01	   5.2360384225700529e-01	   5.3822362059616768e-01	   1.5538522976624625e-01	   1.0688887764177167e-01	   4.5697012960927319e-01	   3.9352305104957341e-01	   2.1067411602532787e-01	   2.2952794629521880e-01	   3.8114080095499137e-01	   4.0126697144161422e-01	   1.0674897523764754e-01	   4.1785674685279062e-01	   2.2046706087028156e-01	   4.2851613911503039e-01	   2.5361151975755869e-01	   1.8901062542499927e-01	   3.4549956944699201e-01	   4.1844621763111611e-01	   5.5335131919513347e-01	   5.5579505401439100e-01	   2.3416665421954985e-01	   3.4439528962691079e-01	   3.9372571864413189e-02	   2.3023984354035626e-01	   2.4227890984490141e-01	   3.1257880550186934e-01	   1.6223555435741846e-02	   1.8754690536473506e-01	   4.7602764797732011e-01	   4.0495411376850177e-01	   5.9022766031666851e-01	   6.0585378443160187e-01	   5.5491439787678964e-01	   4.9150194775099915e-01	   5.4103175635845557e-01	   5.9057870078023711e-01	   5.2182133308944190e-01	   5.3909974170116359e-01	   5.4100655614822490e-01	   5.4989783906885936e-01	   4.7339931002534757e-01	   4.5146531144276625e-01	   2.2089046171022414e-01	   5.2901247202976259e-02	   4.0992582423860124e-01	   2.6399218987546919e-01	   4.8801810437322046e-01	   6.2957401425482895e-01	   3.9862070405899164e-01	   2.0247363181817166e-01	   3.8421518489170148e-01	   4.8182276949653835e-01	   5.8734384472218737e-01	   5.6165216853390121e-01	   2.6555593316260601e-01	   4.6286059655579115e-01	   2.1590463936029519e-01	   2.2044302200284047e-01	   3.3309219795335149e-01	   1.7804785465224193e-01	   2.5802290301077313e-01	   3.6236995365132751e-02	   3.3269076645044882e-01	   4.0060936053497676e-01	   2.1751434392865820e-01	   2.1467670784317380e-01	   2.1773063465038694e-01	   2.0447622020113376e-01	   2.4076606112510210e-01	   3.5705789641925328e-01	   3.0656771041581671e-01	   3.5959754992388171e-01	   3.1652838353490775e-01	   3.2687500951149562e-01	   3.4156024670450985e-01	   3.8167855556935798e-01	   5.2756070376443409e-01	   2.0826499006304541e-01	   4.0136091929513601e-01	   4.2004032572978778e-01	   6.5395451838236571e-02	  -1.3021519245924776e-01	   4.7593337844587325e-01	   3.6520753611761225e-01	   5.9517301095712316e-01	   5.0338562782024743e-01	   5.2603771497405583e-01	   4.8334762907034212e-01	   4.1288376764954715e-01	   4.1104586996959080e-01	   1.5358409840903889e-01	  -8.8048091696358396e-02	   4.0128542403007017e-01	  -8.7258956641945523e-02	   1.1234869663900945e-01	   2.8192242869271766e-01	   3.9446876200490510e-01	   5.1840206060207017e-01	   4.6153600765876923e-01	   3.6980360460386325e-01	   1.2075755876812541e-01	   4.2350486322830672e-02	
   5.8192309234643280e-01	   2.2485818132593766e-01	   7.9825111487689671e-01	   7.1697415137763643e-01	   7.4173514883404557e-01	   6.1945930363841006e-01	   0.0000000000000000e+00	   7.7821085458412464e-01	   7.4707642858796930e-01	   4.3652544483552458e-01	   6.3898219508231036e-01	   5.7080789098620066e-01	   5.6819644101567579e-01	   4.2232412667369756e-01	   5.4020037077091065e-01	   5.4643356290497191e-01	   2.2695866682142324e-01	   3.4155816265720659e-02	   5.6171107860797698e-01	   5.6713987718358272e-01	   5.3354746333087219e-02	   2.9183949479890975e-02	   3.8931663082954271e-01	   3.5847598812939102e-01	   1.3727869378407315e-01	   2.7410580428300269e-01	   2.1460691541469656e-01	   2.9228859459044432e-01	   4.0206113765253182e-01	   2.1194231972512689e-01	   3.4142004201743020e-01	   3.2398709679368037e-01	   5.3143875543155394e-01	   5.6562767917413259e-01	   2.7277601423388831e-01	   3.7034597156247046e-01	  -9.7345035099636712e-02	   1.5329191646530621e-01	   1.6816998450191181e-01	   1.8953953849696692e-01	   2.5432775615363015e-02	   2.3364232495955672e-01	   4.4019786231821761e-01	   4.0631024127216059e-01	   5.3117157088115596e-01	   5.5921631349960499e-01	   4.9719218538624249e-01	   4.7656597924973992e-01	   5.3396017397228279e-01	   5.1188684584564659e-01	   5.6471605845515949e-01	   4.6407982380721524e-01	   5.3925831543821101e-01	   5.1942088168207912e-01	   4.4147441492881578e-01	   4.3335396742617749e-01	   1.1984853594009701e-01	   1.1709160764041364e-01	   5.1052271599856702e-01	   3.0142173117839233e-01	   7.9446109173143553e-01	   6.5528893628013019e-01	   4.3704145462096600e-01	   3.5954191604053087e-01	   3.6766931044823614e-01	   4.6134521222521507e-01	   6.9269215288343688e-01	   6.3855061797388690e-01	   2.1869940388022763e-01	   5.4894821145559747e-01	   3.1918441362342942e-01	   2.9019815006158423e-01	   3.5235055460407966e-01	   1.7543916100559259e-01	   3.4088043404876167e-01	   1.5095424209258668e-01	   3.4434697964735778e-01	   4.4632493786383320e-01	   2.7720262559906383e-01	   1.3279031127335655e-01	   1.3746394429341968e-01	   2.7903097958748158e-01	   2.1374020842954594e-01	   3.2922275756846664e-01	   4.0669905431663089e-01	   4.6155674133658636e-01	   2.9285985628296418e-01	   3.0367885919849891e-01	   4.3056784566054662e-01	   4.2574355158633564e-01	   4.7914592732150363e-01	   3.2529144478814143e-01	   3.6033366911334808e-01	   5.3645863073330458e-01	   2.8347262543239582e-01	  -3.3096812331013314e-01	   4.5439306126791346e-01	   2.9352011734469874e-01	   5.3970755076162502e-01	   5.6406847125640214e-01	   4.8960512027354947e-01	   5.8065390907000225e-01	   4.2353247984821452e-01	   3.3332660677925569e-01	   3.5237696718282058e-02	  -1.6237632908263726e-02	   1.1191287306860846e-01	   1.6253696335497667e-01	   5.8539202647368949e-02	   1.3540645673408444e-01	   3.6075708562832409e-01	   5.0409643844688490e-01	   4.1482552667853989e-01	   3.4535397261760453e-01	  -9.4799538618336836e-03	  -1.9894766639195849e-01	
   5.2542540184288311e-01	   3.4090279706417154e-01	   5.9323353072649254e-01	   7.5530428741260924e-01	   6.5617997452669086e-01	   7.7047018711300486e-01	   7.7821085458412464e-01	   0.0000000000000000e+00	   6.9110230467846467e-01	   5.5448558497925571e-01	   6.4306267331507061e-01	   7.4749843387199977e-01	   4.4803902500989901e-01	   3.5978985124481722e-01	   4.7722184239522247e-01	   5.4694092664141336e-01	   2.2224076854062519e-01	   1.4492621115374241e-01	   6.2495641298976401e-01	   6.1272010856226722e-01	   1.1014600865356600e-01	   1.5698272023116033e-01	   3.6235377578985156e-01	   4.4518302714805907e-01	   1.2581697350360144e-01	   3.3825143579831740e-01	   2.0554793405879296e-01	   3.7910084875816075e-01	   3.2244988710233879e-01	   2.7185998140714951e-01	   2.8846229857819966e-01	   3.5350012617259385e-01	   4.3764010076082632e-01	   5.5903104763006572e-01	   2.3322223627231148e-01	   3.8873125901505168e-01	  -9.1830100913982929e-02	   1.9254524416595686e-01	   1.5506277964402182e-01	   2.8329981784798042e-01	   1.1004071475445468e-02	   2.6070812721229975e-01	   6.2095917879131812e-01	   5.5949035017127957e-01	   6.9684777541199172e-01	   7.2263946057241124e-01	   6.6371969954954702e-01	   6.0700223512998541e-01	   6.2764343745429707e-01	   6.7742471412152394e-01	   5.6363736813078957e-01	   5.9826209297845190e-01	   6.3775772176244983e-01	   6.3368859425965418e-01	   5.0107517528195689e-01	   5.0935219311127666e-01	   2.6627491720378427e-01	   2.4597167313230320e-01	   4.8560632718835489e-01	   3.3075820403722667e-01	   5.6502675116492118e-01	   7.9253137021351061e-01	   4.5554655309973036e-01	   4.4249736217523450e-01	   3.1917849959469102e-01	   5.4366377882870642e-01	   6.2850810477807695e-01	   6.3132258353921700e-01	   2.2469699348653491e-01	   5.3756175761026637e-01	   3.1605028581303068e-01	   3.3489636069363315e-01	   4.7897511674622445e-01	   3.5194414923889561e-01	   4.8222883891998047e-01	   2.3080600840582524e-01	   3.6225731031187575e-01	   4.8643978815693667e-01	   2.5345640219456333e-01	   1.9977239098148078e-01	   1.8673577159604240e-01	   1.9407231389911311e-01	   2.4217418272962565e-01	   4.4536334210403217e-01	   3.0711250707430432e-01	   3.6821061460936738e-01	   3.5612080965443749e-01	   3.4946077960705824e-01	   3.4148485353012603e-01	   4.7115405982433789e-01	   6.7362095600705407e-01	   2.9972725631072716e-01	   5.7061774387365372e-01	   5.3017519335185681e-01	   1.4093832866078904e-01	  -3.0966785831547383e-01	   5.0975686058706249e-01	   4.2295538983242342e-01	   7.1659307426726715e-01	   6.1055991494134376e-01	   6.4195503620237249e-01	   5.3036241786398519e-01	   5.5823742775239849e-01	   4.1758842525312567e-01	   1.5679822659803583e-01	  -9.4916237066034581e-02	   2.8687266541452894e-01	   1.4315048683226627e-02	  -5.6450668060854373e-02	   1.2508883173492716e-01	   5.0918869039615666e-01	   6.9463449790978715e-01	   6.1504924899909785e-01	   4.7697658805015208e-01	   7.9884384253584850e-02	  -2.1659701932283013e-01	
   5.2062549946855285e-01	   2.8833353836366898e-01	   6.0786657134803579e-01	   5.0988513366451071e-01	   7.4812717367673309e-01	   6.6715836089995029e-01	   7.4707642858796930e-01	   6.9110230467846467e-01	   0.0000000000000000e+00	   5.8131399020058128e-01	   6.8596024914337494e-01	   5.8029090148137441e-01	   6.4940391379011109e-01	   4.1350699355558918e-01	   7.3278713551620489e-01	   5.4094228412546741e-01	   3.5268969495768343e-01	   2.7114361850620633e-01	   3.8016655467440325e-01	   3.5544231668762549e-01	   1.6716988711806682e-01	   1.0187292860246629e-01	   4.7570070466410497e-01	   3.3047354849393479e-01	   2.5986615906488508e-01	   4.0040906282420990e-01	   4.4483065051155668e-01	   4.1845429106954651e-01	   3.7123933162720452e-01	   3.6737814280839060e-01	   3.3689099461058070e-01	   2.7627268821011780e-01	   3.3887816996131470e-01	   3.6379422576424481e-01	   2.9111561672302089e-01	   3.1725781998626279e-01	   3.9919548004401617e-02	   2.8553010737795192e-01	   2.4833467525874028e-01	   2.3446220078892577e-01	   1.6650540587614140e-01	   3.7067551801565779e-01	   5.3045378341912974e-01	   4.6552528296104295e-01	   6.1522122238442134e-01	   5.7845294425202731e-01	   5.7032785167548272e-01	   5.5127452726848425e-01	   6.1161915558109103e-01	   5.7624247056208944e-01	   6.4972131382718945e-01	   5.7939994391161620e-01	   6.3305828295849265e-01	   5.7540705900577127e-01	   5.5205483605683359e-01	   5.2391096949040006e-01	   2.0309939705341068e-01	   6.9292687202732045e-02	   4.6691437193317148e-01	   1.5940374384230255e-01	   6.6433849215990981e-01	   4.9021309885819253e-01	   4.6066881684667627e-01	   3.4541502108094435e-01	   4.1692803307028953e-01	   3.0183039129774308e-01	   6.1676396170906567e-01	   5.7231355015090224e-01	   6.5283175924415349e-02	   4.0992178819263059e-01	   3.4625689768746420e-01	   3.2412244482184605e-01	   4.7074832565785496e-01	   2.9123103524064387e-01	   4.9193691494280867e-01	   2.9442425012343931e-01	   4.5694263064162199e-01	   5.3378219294855267e-01	   3.6201823997732063e-01	   2.0301171364826232e-01	   2.7939947414279381e-01	   3.0497404675610246e-01	   3.2411009248376588e-01	   4.2640372850829988e-01	   5.0666441795729256e-01	   4.2802714839935158e-01	   3.9490869471808587e-01	   2.8107728716669383e-01	   5.6103321625570857e-01	   3.9424169796393282e-01	   5.1550042344523461e-01	   2.2635749199992400e-01	   3.6080702894306360e-01	   4.2183543078903840e-01	   2.9928646177223983e-01	  -2.8654224975466847e-01	   4.8365618939212263e-01	   3.7336541960990310e-01	   6.2328390141842949e-01	   6.2255016001683616e-01	   4.9994582884211103e-01	   4.3291386705680046e-01	   3.6351093202868912e-01	   1.7725328715829980e-01	  -3.2440970417794535e-02	  -2.7106485680657766e-01	   1.8134169032676550e-01	   6.0776681988425466e-02	   8.7448103423065082e-02	   1.6914388451078324e-01	   4.1831900655846299e-01	   5.3587898892787988e-01	   4.6266507555403347e-01	   2.9519536681566561e-01	  -7.6205684641917903e-03	  -1.7521996070869220e-01	
   2.4569344934095438e-01	   8.9256903629185980e-02	   3.3670175821514514e-01	   4.2059520833498459e-01	   4.2333956738964162e-01	   5.2931881646290635e-01	   4.3652544483552458e-01	   5.5448558497925571e-01	   5.8131399020058128e-01	   0.0000000000000000e+00	   5.8551064922908580e-01	   5.1600423005872598e-01	   5.2718386183445187e-01	   4.7609506270991919e-01	   5.7592328202759269e-01	   6.8134665908980119e-01	   2.8709597358108185e-01	   1.7662777583524381e-01	   3.4397350471078308e-01	   3.4183550895613968e-01	   1.6403396789247926e-01	   2.6313144703027619e-01	   5.0865740772524026e-01	   5.7509453700221069e-01	   2.3729123107049449e-01	   4.2765112682823264e-01	   3.9798002678504707e-01	   5.7315116578131875e-01	   2.6725339511018542e-01	   3.2502024494927140e-01	   1.9841160394681312e-01	   3.1391388869261472e-01	   2.8251134786465232e-01	   2.9792179275456065e-01	   2.9579924927789158e-01	   1.9941592128612470e-01	   1.1757191683488248e-01	   2.0049563958199196e-01	   2.3540977225727613e-01	   1.9559375842575288e-01	   1.8125589176765650e-01	   3.0280505294409166e-01	   3.7629086601687955e-01	   3.4817917698591638e-01	   4.3882712851311489e-01	   3.7505568792083877e-01	   3.7664584468977763e-01	   3.7487190749999294e-01	   3.2926534005533842e-01	   3.6465319314053901e-01	   3.9003225326954827e-01	   2.9763357672622492e-01	   4.4513149030580390e-01	   4.4101915596412922e-01	   3.7983578609701296e-01	   3.3450856684472607e-01	   1.2698941889659851e-01	   2.3092175334664601e-02	   2.0828988965873485e-01	   9.3153537728558042e-02	   4.3140156453450484e-01	   5.2442303999593465e-01	   4.4359926938429173e-01	   1.9974171363257801e-01	   3.1606341392677162e-01	   4.9186957208393572e-01	   3.6087566979388741e-01	   3.5901611861574984e-01	   1.0968065007623058e-01	   3.8088712437290112e-01	   7.7230915509753389e-02	   1.1661636068641321e-01	   2.8218847364590910e-01	   2.5294635952091016e-01	   1.5606626082159408e-01	  -4.1256712058861580e-03	   1.8865616554406525e-01	   3.0947389849983475e-01	   3.1977280556026749e-01	   2.1685792714957558e-01	   3.9358505480431194e-01	   3.6007768822681357e-01	   4.0970996985579472e-01	   4.0967176963809737e-01	   4.3564644388568852e-01	   4.1065509870215006e-01	   4.5385290555652746e-01	   2.1830320218855190e-01	   4.1274451811908586e-01	   3.6373101221247905e-01	   3.9981157360317232e-01	   1.7385528229054206e-01	   3.6486277848636478e-01	   3.1521482798118361e-01	   2.5285247130071292e-01	  -3.9692413615323628e-02	   3.8120909441116724e-01	   3.8819695647388175e-01	   4.2655643790881237e-01	   4.9726983958706211e-01	   3.1933511187114177e-01	   2.1384234450103715e-01	   2.4389090312208400e-01	   4.6313783865779126e-02	  -3.8921469317482783e-02	  -2.3616423294478231e-01	   2.6612216628758933e-01	   5.6450513762953203e-03	   7.8047995105050644e-02	   3.1779398010764698e-01	   4.2947842661233759e-01	   4.8264270065793990e-01	   3.4888552416960533e-01	   3.5255330526933765e-01	   1.3105017465408589e-01	   6.1939117908507313e-02	
   6.3050303508806294e-01	   3.9819015884528886e-01	   4.2626010983627893e-01	   3.5259399716023659e-01	   5.4934319630171857e-01	   5.8344836625520324e-01	   6.3898219508231036e-01	   6.4306267331507061e-01	   6.8596024914337494e-01	   5.8551064922908580e-01	   0.0000000000000000e+00	   7.5643471955197872e-01	   8.2882710470442156e-01	   6.0412673919781068e-01	   7.1214311005428677e-01	   6.2764199471913684e-01	   6.8514833915980300e-01	   4.7707678435486278e-01	   5.8569369616365607e-01	   5.0416193295670098e-01	   8.8596449181322506e-02	   2.7688777898325223e-01	   4.7383643189324975e-01	   3.0946549881797369e-01	   2.3449526620064637e-01	   2.8197944493621768e-01	   4.0251868035969118e-01	   4.0866135523137326e-01	   4.8644094845317198e-01	   4.8825478688111590e-01	   2.8315896934646723e-01	   2.5864203682910791e-01	   3.6214642081366494e-01	   4.1571822157737359e-01	   1.7718237075075385e-01	   3.5667985255308332e-01	   1.8165075027952746e-01	   3.9651811950347537e-01	   4.4219687050973877e-01	   4.1498103534352959e-01	   2.5498918166677603e-01	   4.8149074137165476e-01	   4.8707932539727561e-01	   4.4388788230377507e-01	   5.2666668243327219e-01	   5.0312874804683672e-01	   5.4399657752097152e-01	   5.2169397939941831e-01	   5.3285820799486328e-01	   5.2667264596104357e-01	   6.1886627045234044e-01	   5.4996437850247970e-01	   6.0327799001539284e-01	   5.9200465899313670e-01	   5.7713297678089470e-01	   5.0449710390790081e-01	   3.8480248827957536e-01	   2.8860280154235723e-01	   5.1803652477169493e-01	   3.0623874200360635e-01	   5.6748836688670645e-01	   5.6542934850435944e-01	   6.8969971398146912e-01	   5.2278557593182784e-01	   1.1287614085797433e-01	   2.4588315833055330e-01	   5.2591836288293881e-01	   5.3152394885949550e-01	   2.5923253101331523e-01	   5.3292336482721359e-01	   2.7353117908138819e-01	   2.7335399426371332e-01	   5.5202528467952916e-01	   4.1189836623500975e-01	   4.9495859897717809e-01	   3.5575858181120401e-01	   5.3320469272744242e-01	   6.1732199437275603e-01	   6.7782082299742674e-01	   3.8273991130706320e-01	   4.9758973002390083e-01	   5.4629260126741030e-01	   3.5634811701324587e-01	   5.1351445598072687e-01	   5.1344884588550466e-01	   5.7260418156427528e-01	   3.9207519100657162e-01	   2.8569254978978881e-01	   5.0504193797050068e-01	   4.9106031933578609e-01	   4.0729635687084736e-01	   6.8981861054793314e-02	   2.8710460791365888e-01	   3.7674864395340407e-01	   1.8111679784058718e-01	  -2.1557609212904044e-01	   5.2420987088507276e-01	   5.0907674432429029e-01	   6.0561104122617304e-01	   6.2336995915048377e-01	   4.3682889046783946e-01	   3.7357069525745845e-01	   3.7909970943185622e-01	   2.1465301284444022e-01	  -1.2045796157967925e-01	  -2.5033299719817137e-01	   2.6419395413558916e-01	   1.0468838066840314e-01	   1.8006553789602414e-01	   3.6178586229593734e-01	   4.3993152376975797e-01	   6.0125657493873386e-01	   4.6439593450663741e-01	   4.2986423664865375e-01	   1.8459305421654212e-01	  -2.8921306901028905e-02	
   5.5112899175875008e-01	   3.7417591859398169e-01	   3.0551040374467270e-01	   4.3571122071539592e-01	   4.1926108774106874e-01	   5.1694736457447110e-01	   5.7080789098620066e-01	   7.4749843387199977e-01	   5.8029090148137441e-01	   5.1600423005872598e-01	   7.5643471955197872e-01	   0.0000000000000000e+00	   6.1469513354104621e-01	   6.4619458423312204e-01	   5.8601425559720588e-01	   6.1144488797921526e-01	   4.6200614688385699e-01	   4.6820749202179690e-01	   5.4609218442448448e-01	   4.9629431233606913e-01	   1.6171800443288603e-01	   2.5349795252543150e-01	   2.9320821892984777e-01	   2.7798447899051054e-01	   1.1026211091589003e-01	   1.9986216338126597e-01	   2.2512338691107536e-01	   3.1883075421246865e-01	   4.4730503274919164e-01	   4.4780010008442395e-01	   2.8580782335580046e-01	   3.5786646816719203e-01	   2.5321119997065900e-01	   3.7519156888497229e-01	   6.8107610685349512e-02	   1.8324127560269737e-01	  -5.8281379396001951e-03	   2.7523033104551209e-01	   2.4991232972538890e-01	   2.9212475883223854e-01	   9.9485941122926747e-02	   3.5106416518795625e-01	   5.3481000984330995e-01	   4.7328168981516267e-01	   5.3916763771937892e-01	   5.4739087108822226e-01	   5.5242360695956483e-01	   4.9008790651977530e-01	   4.6632060722555863e-01	   5.0293394881677467e-01	   4.4644104804955526e-01	   4.8559285253545542e-01	   5.2933917843070200e-01	   5.1061599201247709e-01	   4.6220048446920919e-01	   3.7700179822549440e-01	   2.5151481659576780e-01	   2.8194820808843124e-01	   5.0242243529007324e-01	   3.3317068769088987e-01	   4.4678231977578853e-01	   5.5776238069215101e-01	   6.4516549684665536e-01	   5.2333051227327099e-01	   8.1558138708692884e-02	   2.3639728505409446e-01	   4.0524797990817496e-01	   3.9074762752667519e-01	   1.0663065264266323e-01	   3.1824773039042348e-01	   2.5748637930932655e-01	   3.7162620102739252e-01	   5.4437249463010906e-01	   4.7236472875123919e-01	   5.2173862516897862e-01	   3.4669965752334647e-01	   4.3215219284197537e-01	   5.1037284923049975e-01	   5.3389260986016374e-01	   3.7363748628134119e-01	   4.4332011688663697e-01	   4.7490890157951232e-01	   3.1148381474544129e-01	   4.4057652522746527e-01	   3.2776049934619284e-01	   3.8318525678897519e-01	   3.0297050015365173e-01	   1.4278161224672747e-01	   2.8879472018300117e-01	   3.0887488343130881e-01	   3.9867483106584445e-01	  -4.0858609983491528e-02	   3.5225573167977720e-01	   2.6529097160679144e-01	   5.3284683979268631e-02	  -3.2111087365922519e-01	   3.6982722733937845e-01	   4.2550447730866015e-01	   5.6630542244865334e-01	   4.8597139448683413e-01	   5.8450443441827815e-01	   3.4837254808829154e-01	   5.1703187494107961e-01	   2.7121813631888569e-01	  -3.2579481748379380e-02	  -2.5083968945453516e-01	   1.8651640531925476e-01	   1.2547085347870948e-01	  -1.0906523245888330e-01	   1.2966573930869563e-01	   3.6339555893021924e-01	   5.6118261756518251e-01	   4.9707119257862853e-01	   4.2098216557559615e-01	   6.8325739452218884e-02	  -2.1462970376028917e-01	
   5.3810530422328451e-01	   2.9219178823724212e-01	   2.7927085862893697e-01	   1.7680765649125918e-01	   3.9688747464490054e-01	   3.8034805264246491e-01	   5.6819644101567579e-01	   4.4803902500989901e-01	   6.4940391379011109e-01	   5.2718386183445187e-01	   8.2882710470442156e-01	   6.1469513354104621e-01	   0.0000000000000000e+00	   6.7235824891801177e-01	   8.0901749426716574e-01	   6.1668715785648864e-01	   5.8093990227059666e-01	   3.7202091313144964e-01	   3.8822463518935879e-01	   3.6011851998129968e-01	   4.3565525116296300e-02	   1.9374025867023242e-01	   3.7834582384191251e-01	   1.8259279096545181e-01	   2.5772131883099891e-01	   1.7663367432200150e-01	   4.7409539945424783e-01	   3.5942340724976929e-01	   3.4862893083344276e-01	   3.7888609046997046e-01	   6.0202084910296036e-02	  -1.9564246356728182e-02	   1.2752376934865808e-01	   1.3249173191091740e-01	   2.1041063268158933e-01	   2.2810184324152646e-01	   2.8087363572962576e-01	   4.7185843933580335e-01	   4.5324249134845862e-01	   3.9506560066381269e-01	   2.7823419023589258e-01	   3.6713604218048790e-01	   4.0122852801148784e-01	   3.7822668692323169e-01	   3.8698273505957981e-01	   3.3706225336060380e-01	   4.0063176357282126e-01	   4.3897523605948185e-01	   3.9077514903759991e-01	   3.3721992887317220e-01	   5.6090184236056051e-01	   4.3579717712763921e-01	   4.4418829294923634e-01	   4.2762200402405559e-01	   5.1766033829215297e-01	   4.1467706170424190e-01	   1.6652156995787540e-01	   1.1578641801550996e-01	   4.0975952035762286e-01	   1.4298446417519128e-01	   5.6223197684103599e-01	   3.3764549993754478e-01	   6.2925735621956425e-01	   4.0001053844279644e-01	   7.7688967689075322e-02	   3.1745843675318644e-02	   5.3399272708569079e-01	   4.4281774267311080e-01	   2.0361012950202778e-01	   4.6568635656762297e-01	   1.5796826743183862e-01	   2.4797005377160891e-01	   3.2997696847407726e-01	   2.7032193129574705e-01	   2.7759813183861293e-01	   2.1401968719935202e-01	   4.9422656627410921e-01	   4.5462481649296149e-01	   5.3381048989823354e-01	   3.0708459284396245e-01	   4.3919203139714513e-01	   5.4222937829711182e-01	   3.8467228712388990e-01	   4.6462744629863251e-01	   5.9037374380602425e-01	   5.8882597751103338e-01	   3.8679503008394045e-01	   2.3571721633282158e-01	   5.2722681781960157e-01	   3.8003085066877246e-01	   3.3598320017814437e-01	   3.9902093943984529e-02	   2.2661152936498985e-01	   3.6381825130944428e-01	   1.5344049511124952e-01	  -1.5531626330179837e-01	   4.8266475046019630e-01	   4.3802327298666993e-01	   4.1206896414332411e-01	   4.7113348114264048e-01	   3.1530790509100226e-01	   3.1390861323726027e-01	   3.0241151508517278e-01	   1.1482456090552537e-01	  -4.5274219998810532e-03	  -1.9466568456621844e-01	   2.1892537383335503e-01	   6.1174652240014579e-03	   1.4614067583103041e-01	   2.5338128035236052e-01	   4.3594211715323195e-01	   4.5430500355163883e-01	   3.0179359037025155e-01	   3.4498949179651078e-01	   1.5783372630083417e-01	  -7.3550918908520696e-02	
