   0.0000000000000000e+00	   9.0726794028777102e-01	   6.1693962061050223e-01	   6.3038901187594820e-01	   5.8535063313344471e-01	   4.8161073450796743e-01	   6.9095216931448400e-01	   6.2199403096757000e-01	   4.4244217818799525e-01	   4.3459082367576662e-01	   6.6258422627503477e-01	   6.3065056779688966e-01	   5.9760959627506138e-01	   5.2672807960664436e-01	   7.2581867132286604e-01	   7.6600577654356705e-01	   8.5229553636586941e-01	   7.7798357614994829e-01	   8.4151444859613878e-01	   8.6438946465702238e-01	   5.6601340542096867e-01	   2.4298302998056071e-01	   5.5895350685343870e-01	   5.8422640753399291e-01	   4.1844868442605798e-01	   3.7338671533027884e-01	   5.0738305946094897e-01	   3.5407385670218916e-01	   7.7147093188214710e-01	   7.4911181344588373e-01	   6.3004152908221533e-01	   5.8376208767254423e-01	   7.9214557296137467e-01	   8.3381343463302282e-01	   3.3355752538819400e-01	   3.1883136335363160e-01	   4.2897160071099738e-01	   5.1379928315934142e-01	   3.9523371965636639e-01	   2.2482914000300547e-01	   5.3224812567884061e-01	   3.9710448499670509e-01	   7.7660666412744761e-01	   6.2544308387161185e-01	   5.7129397573080420e-01	   4.8342193422194935e-01	   7.3774935109737805e-01	   7.7993532980095681e-01	   3.2363696851220025e-01	   1.6343282538122694e-01	   5.5861821555147229e-01	   3.7020547313646357e-01	   4.6191040533346972e-01	   7.0754553532406250e-01	   6.3690331179532556e-01	   5.7343367819161117e-01	   9.1687563336625666e-01	   9.2015832902412331e-01	   3.5876534216903477e-01	   3.5236492677469872e-01	   5.7104674973931191e-01	   4.5306138854764594e-01	   8.4018138922716523e-01	   8.0940136970445609e-01	   3.8887253926382581e-01	   2.1884311727552869e-01	   2.8912891986982908e-01	   2.6011529204098527e-01	   7.6412015436957192e-01	   7.5590675354656123e-01	   7.1548577217927611e-01	   2.6721273699284309e-01	   7.4909146140392402e-01	   7.5777340976626273e-01	   7.8583740734099805e-01	   7.2452278674075787e-01	   8.3233558988030831e-01	   7.2439363286709546e-01	   7.2576738874342117e-01	   8.0544692603663215e-01	   8.2614171868373809e-01	   8.6770452104184592e-01	   7.7837600587908873e-01	   8.0469144926964864e-01	   7.0509208462792961e-01	   6.5669885582316934e-01	   5.0337375139063500e-01	   5.4029130454867147e-01	   6.5427661053564412e-01	   6.7178161720004581e-01	   7.6298076184286256e-01	   5.9784948236569080e-01	   6.0924034537656269e-01	   6.0305026675138562e-01	   3.4997050875832908e-01	   2.3549496830196537e-01	   7.4560051589953635e-01	   6.0061372806037105e-01	   8.6817492582786815e-01	   8.6050967021116687e-01	   6.2732333707580556e-01	   5.4803742695099522e-01	   8.3426448102423478e-01	   7.6072186643402806e-01	   1.4223127422920728e-01	   1.0600131385587729e-01	   5.5024096416152257e-01	   4.3635916858253931e-01	   1.4965618078274268e-01	   4.7309599032807081e-01	   7.5175923401358635e-01	   7.4185497352928365e-01	   6.5953987023286798e-01	   7.6468743058500455e-01	   3.9800828115743137e-01	  -2.7001372743924640e-01	
   9.0726794028777102e-01	   0.0000000000000000e+00	   5.2398667059813553e-01	   5.3534171480943249e-01	   5.1600696572929183e-01	   3.9701370832806060e-01	   5.6365233306493090e-01	   5.0463260408565558e-01	   3.3131288568465261e-01	   3.0250863782405252e-01	   5.5499567389961091e-01	   4.8240018976193355e-01	   4.6650661908492885e-01	   4.4674257411298857e-01	   6.3063506793730162e-01	   6.3797473722276465e-01	   8.0017288422629251e-01	   7.5496461960061956e-01	   8.0943415636402216e-01	   8.2186370900359329e-01	   5.4040562354503963e-01	   3.0638884122973314e-01	   5.5019555983631407e-01	   5.9562962356738569e-01	   4.5005469921373131e-01	   3.9933550655302480e-01	   4.8888760179513530e-01	   3.3609454926454352e-01	   7.1270693618263281e-01	   6.9422149746412931e-01	   6.3434586741576005e-01	   6.0232966790160436e-01	   7.4923488828285967e-01	   8.1207927348501341e-01	   3.4107004990414924e-01	   3.6117111611717845e-01	   4.2142026700416885e-01	   4.7997794107685116e-01	   3.8166960710724990e-01	   2.0004337996670629e-01	   5.1432407570563710e-01	   3.7039527661241950e-01	   7.3625790187103979e-01	   5.9796260410072821e-01	   6.1168415220856698e-01	   5.2329790790310182e-01	   6.9385745626953810e-01	   7.5155201676322525e-01	   3.3065834551491291e-01	   1.9153125383126934e-01	   4.9936852956965866e-01	   2.9267576261432821e-01	   3.3657366514401371e-01	   6.2750719185165227e-01	   5.3704015604356081e-01	   4.8981150202539725e-01	   8.8216558721757887e-01	   8.5729726845646681e-01	   2.0721763931343595e-01	   1.6219466674806765e-01	   4.2747398095464650e-01	   3.5098019628518684e-01	   7.0336652397428601e-01	   6.9868621865995884e-01	   3.6371012862465701e-01	   2.1938241098405842e-01	   2.4455251197130565e-01	   2.5190636918908443e-01	   7.1337706424312142e-01	   6.8149112044155524e-01	   6.0259365664157261e-01	   1.9647391370635059e-01	   7.1556178029187745e-01	   7.0428124218574994e-01	   7.5409684212807759e-01	   5.9861782541836983e-01	   8.1258898258273859e-01	   7.1750255987940570e-01	   7.5151223923069566e-01	   8.0064953809068540e-01	   7.8259152621893990e-01	   8.0875668680112600e-01	   7.2038277343006807e-01	   7.7680959067228517e-01	   6.5083145311382939e-01	   6.0605615884000397e-01	   5.2508102164072845e-01	   5.2705059334281390e-01	   5.6935274956622450e-01	   5.7802149896242838e-01	   6.5550416440313775e-01	   5.9292478000590132e-01	   5.3449362798632183e-01	   5.4957346395587237e-01	   1.7659867712013194e-01	   1.1800613078158778e-01	   6.8609910092380133e-01	   5.2986257145758708e-01	   8.0382128374676709e-01	   7.8787288861676674e-01	   4.7595354312221466e-01	   4.2766468785500750e-01	   7.7299494898087284e-01	   7.1314517993450588e-01	   1.6440474153624207e-01	   7.0703450465416789e-02	   4.6370640673807573e-01	   4.2026867293163983e-01	   1.2134800014483829e-01	   4.2436773790929216e-01	   6.7945337154073937e-01	   7.4040420430698661e-01	   6.1339322579009847e-01	   7.6857151473263685e-01	   3.6811622932492361e-01	  -2.3587835700354015e-01	
   6.1693962061050223e-01	   5.2398667059813553e-01	   0.0000000000000000e+00	   8.3179645190043050e-01	   7.2246001593618892e-01	   3.2709026411043779e-01	   8.2641983035182998e-01	   5.2025896013898354e-01	   5.6518701213277089e-01	   5.0136982995869106e-01	   6.0162916451334780e-01	   4.1563593222130862e-01	   7.2814454900620729e-01	   6.0596676615066425e-01	   8.6681350901716470e-01	   7.2807710585323693e-01	   3.3387124769844845e-01	   2.5121674170167635e-01	   7.4316457917237588e-01	   6.8866788739307516e-01	   7.0946617715418236e-01	   4.3787112527774474e-01	   9.3971685556566675e-01	   8.8353571557976796e-01	   8.0294004583034417e-01	   6.4255767001839326e-01	   8.4728671643674003e-01	   7.1694363114093695e-01	   3.3164024743485154e-01	   3.1885434819769787e-01	   7.7161148724057405e-01	   7.2534196348110891e-01	   8.0722151191024671e-01	   7.2473644737227505e-01	   7.5583744604701286e-01	   6.3322046824808609e-01	   5.6621589084630553e-01	   6.1088733358372416e-01	   5.6939198645734734e-01	   3.9518213894407184e-01	   3.7460512355262288e-01	   1.7674354651216034e-01	   4.8114854265924867e-01	   2.3644058575123703e-01	   3.3007067614143493e-01	   1.0972281354719368e-01	   5.7072991639843140e-01	   4.9758891733470267e-01	   6.2407043885564749e-02	  -5.1515085948051896e-02	   5.6417740533280547e-01	   4.6607337106694680e-01	   2.4558112844099353e-01	   5.2447989783955329e-01	   6.7712777960408588e-01	   6.6160624247801647e-01	   5.0288036694425176e-01	   6.0700047132324619e-01	   6.4249841738985525e-01	   4.1368900773550760e-01	   7.4122473429160540e-01	   5.9810098261295130e-01	   5.2292265597065790e-01	   4.9882518723067037e-01	   9.0739858723889388e-01	   7.2177264488655490e-01	   6.1926722790541722e-01	   5.3124961185141351e-01	   7.8399518945191216e-01	   7.9558866489691016e-01	   8.0489994741656434e-01	   4.9310656874560194e-01	   5.7025834547950094e-01	   5.0068102332159992e-01	   5.3600516215394611e-01	   5.6638380642556829e-01	   5.7668566816216971e-01	   4.5788273163255477e-01	   2.5522668450056868e-01	   3.7222114224426045e-01	   4.8023608066888590e-01	   6.1110930791211049e-01	   8.4910766270129268e-01	   6.9828265377940901e-01	   9.2335099250876618e-01	   8.9935774689714820e-01	   8.2812559898042981e-01	   8.2985104198577830e-01	   8.9995478710840981e-01	   9.0093625636214303e-01	   6.5075815196180964e-01	   7.1932528158830478e-01	   6.8955324343136304e-01	   8.8176833866035587e-01	   4.1123217777496873e-01	   3.5087939148938752e-01	   6.2535614925212224e-01	   6.3035111723136916e-01	   4.9194310914003486e-01	   5.7416764622207905e-01	   3.1832743971663213e-01	   6.7828636983285151e-01	   5.4507685622079916e-01	   6.9185284781506895e-01	   2.9121584663607830e-01	   2.7632246272386662e-01	   6.0762775415813075e-01	   4.9814926437024093e-01	   1.4533193224700783e-01	   2.8096123993124433e-01	   6.4744379598039847e-01	   3.3811620293577327e-01	   1.7516520643240346e-01	   4.6778718147128273e-01	   3.9450065377578725e-01	  -1.4306610640668305e-01	
   6.3038901187594820e-01	   5.3534171480943249e-01	   8.3179645190043050e-01	   0.0000000000000000e+00	   7.6795674471043784e-01	   4.6191021024635665e-01	   8.7672567326708239e-01	   8.2598616497671440e-01	   7.3113363630806361e-01	   7.0402575420552638e-01	   6.6858640753784115e-01	   5.2720003874957055e-01	   7.5470994454349594e-01	   6.5898296481900498e-01	   8.0391924841727147e-01	   7.5819304995807568e-01	   4.4584186890140276e-01	   2.9920347603168534e-01	   6.2718261935551090e-01	   6.9639233907295894e-01	   7.1151665684236776e-01	   4.9151592122852583e-01	   7.4764432503873901e-01	   7.7110216474905080e-01	   6.1713511462642090e-01	   6.1467242637835262e-01	   6.3525736551414991e-01	   5.9022972699936183e-01	   4.1889682505229620e-01	   3.8555630152678505e-01	   7.4414453084692167e-01	   7.8984081518860538e-01	   7.9251717943531319e-01	   7.7851182319910106e-01	   5.7675828090160919e-01	   5.2936401976212988e-01	   3.8826661914249705e-01	   4.8101330395058767e-01	   5.0577771265631832e-01	   2.6065643394531379e-01	   3.1308604103219517e-01	   1.9273872791178495e-01	   4.4432069256363238e-01	   1.5626508146057300e-01	   3.3042325872617112e-01	   1.6305833316985419e-01	   5.3505856870867552e-01	   4.3742746495043322e-01	   1.0242358808003461e-01	  -5.6490713693201078e-03	   5.2706537394902686e-01	   3.4964802345209034e-01	   1.8165558845592789e-01	   4.5350321507485902e-01	   6.1192458699440300e-01	   6.0859084351034820e-01	   5.8042604544447252e-01	   5.9268314289781576e-01	   6.0020198394664459e-01	   4.5822548261801166e-01	   7.9707908376660275e-01	   7.9767194447157996e-01	   5.2065972199193578e-01	   5.5603340528441203e-01	   7.1452580413776734e-01	   7.4481515769317252e-01	   5.2634991026234390e-01	   4.5014933765496562e-01	   7.7567596680926820e-01	   8.3931411251069588e-01	   8.4753756115458700e-01	   5.6217659892484684e-01	   6.4417431217077548e-01	   5.9509373464907345e-01	   6.2304155498830249e-01	   6.7177697732728392e-01	   6.5948334087343663e-01	   5.6560216341396774e-01	   3.5725409718263318e-01	   4.3214458552760110e-01	   5.2854029038269768e-01	   6.0169185934375824e-01	   7.0748256529423759e-01	   6.5953112351330301e-01	   7.7175824326135889e-01	   7.9220676554944491e-01	   6.4727460887484312e-01	   7.2662812654077624e-01	   8.5632478368323095e-01	   8.6588599892186258e-01	   7.4177211103936225e-01	   6.1131191847459743e-01	   7.7463718195744991e-01	   7.4505749281200906e-01	   3.9980503966550018e-01	   1.8471099494668480e-01	   5.4845562723809915e-01	   5.8604270914260359e-01	   5.6383316237908576e-01	   6.4921451521651952e-01	   5.0337960615981348e-01	   6.6890719555058786e-01	   5.2434392240494576e-01	   6.7097392805835976e-01	   2.0703782137557569e-01	   1.2815138189298336e-01	   5.0631865908182849e-01	   5.1062714301602574e-01	   2.2790255655572939e-01	   2.7799855998895256e-01	   5.5387094534893988e-01	   3.2607117050638179e-01	   2.6494824510291809e-01	   4.5767789374178403e-01	   3.1879909410616147e-01	  -1.1013240913658592e-01	
   5.8535063313344471e-01	   5.1600696572929183e-01	   7.2246001593618892e-01	   7.6795674471043784e-01	   0.0000000000000000e+00	   6.4297366473837725e-01	   8.1851052087627174e-01	   7.4493901909607119e-01	   7.6056161108037179e-01	   6.8319441699622108e-01	   6.1908536551102511e-01	   5.6502509487953378e-01	   7.6381884614956119e-01	   6.2938903783856492e-01	   7.1807500108349265e-01	   6.4021575529599750e-01	   3.4055566561863615e-01	   2.3409804953023247e-01	   6.5955756654086262e-01	   6.5470165880778974e-01	   4.2418556565562615e-01	   6.0052932506158882e-02	   6.3279358728407376e-01	   6.4013268546176971e-01	   5.1039274888166508e-01	   3.7635232505363925e-01	   6.0473372847639062e-01	   4.8373241473614548e-01	   4.2036735024311145e-01	   3.8242616539353680e-01	   4.9967417120693236e-01	   4.8008411167204768e-01	   6.1815196972885988e-01	   5.9809414554347895e-01	   5.5977666467948128e-01	   4.6252409187133658e-01	   2.1917237958187863e-01	   3.1482740083889699e-01	   2.7906060737211880e-01	   4.5840162027557925e-02	   2.1638051995839283e-01	  -4.9298713849316930e-03	   4.7218659927160517e-01	   2.3951895433919890e-01	   4.4111521124137104e-01	   3.0575344045211506e-01	   5.7890854159632910e-01	   4.2624422172535370e-01	   2.9146612532048816e-01	   1.9985841885995961e-01	   6.5411882386934550e-01	   4.8806381569095691e-01	   4.2929535058234269e-01	   5.1583922096769841e-01	   6.4308089974739557e-01	   5.4001840089968423e-01	   5.3769361257001858e-01	   5.8623205703430570e-01	   7.9813045961359719e-01	   7.3133018830764007e-01	   7.9097988958240606e-01	   7.6115986097566446e-01	   4.3405121840791244e-01	   4.9185687681912893e-01	   6.6322695381095365e-01	   5.9179660469083517e-01	   6.6667123606274137e-01	   5.8691849048132638e-01	   7.0527874024123838e-01	   7.6021781538652811e-01	   6.6385052986836945e-01	   3.6516436721613116e-01	   5.3677025639860920e-01	   5.1882109395392528e-01	   4.7203317496033970e-01	   5.4900979563254915e-01	   5.0947661481279694e-01	   5.5636937312106971e-01	   2.1349346837247235e-01	   3.8677926259577633e-01	   4.3102191652220589e-01	   5.3722900334145918e-01	   5.9954974809317385e-01	   4.3698810395460952e-01	   7.1380601269137822e-01	   6.7235736431199356e-01	   5.0328780930289163e-01	   5.6342816888397051e-01	   7.9265971313555428e-01	   8.5283338650146012e-01	   7.4766261804087764e-01	   6.8598994547118575e-01	   7.9289184545632152e-01	   7.8603719535438232e-01	   2.7448839726931190e-01	   1.7899675186005665e-01	   4.4449402275295280e-01	   4.8982538700503203e-01	   5.5546212797181738e-01	   6.0739378707104508e-01	   5.0248841640111608e-01	   7.0379018612430255e-01	   5.0893620445990195e-01	   7.0029551048774152e-01	   2.2650381264980302e-01	   8.7353182396264301e-02	   4.8557415980437996e-01	   5.9538529856753253e-01	  -6.4355554691131245e-02	   2.4660503964780867e-01	   4.9739216010301324e-01	   3.6446451104692434e-01	   3.0088481369264675e-01	   4.5183064028610836e-01	   1.5792451569043481e-01	  -8.5724160344383210e-02	
   4.8161073450796743e-01	   3.9701370832806060e-01	   3.2709026411043779e-01	   4.6191021024635665e-01	   6.4297366473837725e-01	   0.0000000000000000e+00	   5.5947208431621620e-01	   5.4745723256292200e-01	   5.9491685725584853e-01	   7.2637393677462514e-01	   5.7776067293057576e-01	   6.1851161596282256e-01	   6.1986387495770179e-01	   6.4743902006489740e-01	   5.2386116151913242e-01	   5.8659473130524176e-01	   3.8897338243802593e-01	   2.8495406119946931e-01	   3.4710672652284780e-01	   3.5133988648452619e-01	   3.0315421857665920e-01	  -7.0600499485349300e-02	   2.2147178095943004e-01	   2.2217942326808487e-01	   8.4421243504311780e-02	   2.1335420982971093e-01	   2.7203305448389486e-01	   2.7482819174645390e-01	   4.8056210014746004e-01	   4.1789701074384494e-01	   1.6325930199196334e-01	   2.1864730413315739e-01	   2.6397648017204928e-01	   2.9732116424498828e-01	   1.0962364293355278e-01	   9.8007156357540134e-02	   3.7683362512593563e-02	   2.0397264629114700e-01	   1.5956041223870860e-02	  -1.1166674617672137e-01	   2.1445640064388305e-01	   1.5692147044766924e-01	   3.4791986082424875e-01	   1.4657977270646150e-01	   2.4978978026333215e-01	   2.6595892768481233e-01	   4.2762727743548273e-01	   2.9450181712394219e-01	   3.5950243378070201e-01	   3.4657009332420724e-01	   5.1007394026980135e-01	   3.0919068966733976e-01	   3.9018694351288113e-01	   3.8815133110672906e-01	   4.4771839757488857e-01	   3.3872079134860644e-01	   4.0207144482609081e-01	   3.8147141406585111e-01	   5.7918208747764643e-01	   6.4699859723554876e-01	   5.7300447133058852e-01	   5.5544254166535645e-01	   3.9328184322700110e-01	   3.5140968170953030e-01	   2.3164682604931147e-01	   2.4965322732049647e-01	   2.9978933575009775e-01	   2.2584806827539283e-01	   3.1384677117697340e-01	   4.8636772304257359e-01	   4.9063156724183821e-01	   3.0060525969906232e-01	   3.2753040295350566e-01	   3.5589011780992635e-01	   3.6908252069159186e-01	   3.8473392142629786e-01	   4.0734331853534284e-01	   4.5783231655293527e-01	   3.2220562950958531e-01	   3.9324766459680160e-01	   4.2641714271319370e-01	   4.6101730621684178e-01	   2.9837917798169422e-01	   2.5081497597102498e-01	   3.4707746178029547e-01	   3.5731297804482642e-01	   3.8700979972969465e-02	   1.5285592747594734e-01	   4.7942289462913135e-01	   5.1149041522348015e-01	   6.0891943524120296e-01	   4.5025242781737934e-01	   6.6893822947192305e-01	   4.6792941561561707e-01	   2.0445328358884199e-01	   8.9533479940020783e-02	   3.1235133756256001e-01	   2.2882080993760423e-01	   4.8066911033779425e-01	   5.0435480873837968e-01	   5.0015322357930547e-01	   5.0140028395974134e-01	   4.0298050966651922e-01	   4.9780219744462106e-01	   9.3320629829171983e-02	  -1.2960288194365097e-02	   2.2814129973007549e-01	   4.8122033904348704e-01	  -2.1204496719373417e-01	   1.9867215826938431e-01	   3.5155965334319650e-01	   3.4500179024422639e-01	   4.3625093103415102e-01	   3.5449048481431844e-01	   9.9479107907534892e-02	   2.0399527398684024e-02	
   6.9095216931448400e-01	   5.6365233306493090e-01	   8.2641983035182998e-01	   8.7672567326708239e-01	   8.1851052087627174e-01	   5.5947208431621620e-01	   0.0000000000000000e+00	   8.2795952519452221e-01	   8.3593238979806106e-01	   7.5236384628315478e-01	   8.1135673605924108e-01	   6.4574514756763879e-01	   8.4416755379333586e-01	   6.4821938893549769e-01	   8.2276711884380749e-01	   8.2065523912447436e-01	   5.2478731493460884e-01	   4.0016469073189909e-01	   6.9775685310910673e-01	   7.3333824690898508e-01	   6.3683628461256059e-01	   2.6687368377309129e-01	   6.7665900183434946e-01	   6.7489174098531879e-01	   5.0690263052100881e-01	   4.1510125826853767e-01	   5.7338631282529584e-01	   4.5683075830977060e-01	   5.7650541869233807e-01	   5.0790246119810856e-01	   6.7993089157556796e-01	   6.6397181287510110e-01	   8.0543389405856980e-01	   7.6035774268905143e-01	   4.4151906607852287e-01	   3.8154185379427524e-01	   3.2466334330990237e-01	   3.9757038623190555e-01	   3.8504664803496480e-01	   1.2202939665759024e-01	   3.2353361821794280e-01	   1.7011223939473691e-01	   4.6261470726215798e-01	   2.0538214807853389e-01	   3.5607544417377540e-01	   1.6735521237029205e-01	   4.8876933803240630e-01	   4.1193619695339212e-01	   1.5951414764617411e-01	  -5.3913513561818754e-02	   5.7688163123494129e-01	   3.6892537640950929e-01	   2.6025351357960147e-01	   4.6864580777994513e-01	   6.4732576649067042e-01	   5.9118165306781012e-01	   6.5707195421036335e-01	   6.6749137767216216e-01	   7.0829045402780566e-01	   5.3547536890211345e-01	   9.0877897503481186e-01	   8.0383393587403384e-01	   6.2586176965108953e-01	   6.9654269240099809e-01	   6.7024824731659938e-01	   5.5842803719269341e-01	   5.6901589015685949e-01	   4.6185575930032929e-01	   7.0832046696910189e-01	   7.7642344507629724e-01	   8.4169270371838611e-01	   5.0702838626678581e-01	   6.9625051711365848e-01	   6.2368495062794471e-01	   6.5042759305864528e-01	   6.9566879130961556e-01	   6.5637611818396535e-01	   5.2722274241935385e-01	   3.8233787896128613e-01	   5.2318727763571582e-01	   5.4769765929448788e-01	   6.6513346603117363e-01	   6.9976642295630320e-01	   6.0993258295243979e-01	   7.5880023162169086e-01	   7.3934116245924142e-01	   5.2818722085553427e-01	   6.1962352843030011e-01	   8.3975347231054154e-01	   8.5293462284259558e-01	   8.2008737996236014e-01	   6.7833047883308106e-01	   8.1465044659559238e-01	   8.1409423310437801e-01	   4.4361169325915956e-01	   1.8457288972000940e-01	   5.7753615686364590e-01	   4.9921627062377416e-01	   6.7065448388799265e-01	   7.1722832284729698e-01	   6.1813519929703520e-01	   8.0692900841996607e-01	   6.0043050572227885e-01	   7.2265687022876279e-01	   1.3766235514720698e-01	   6.7903845517722772e-02	   5.0208445920037414e-01	   5.2892575390612695e-01	   2.0713204570895147e-01	   3.4881187650896400e-01	   5.2905530941663670e-01	   3.7662274651706656e-01	   3.3030750121353369e-01	   4.6680486071664085e-01	   1.7319663332698071e-01	  -1.8741500527042543e-01	
   6.2199403096757000e-01	   5.0463260408565558e-01	   5.2025896013898354e-01	   8.2598616497671440e-01	   7.4493901909607119e-01	   5.4745723256292200e-01	   8.2795952519452221e-01	   0.0000000000000000e+00	   8.0241570147441088e-01	   7.7908512499828797e-01	   7.3114270455488661e-01	   6.9531748248269776e-01	   7.1184750010928466e-01	   5.9687502814120919e-01	   6.0798018715512192e-01	   6.7442895030133299e-01	   5.8817079161084496e-01	   4.3280888027560005e-01	   4.9805239161850079e-01	   6.3221809606804946e-01	   4.6630505947690915e-01	   2.0945359139820774e-01	   3.6319681766462514e-01	   4.1843289844417120e-01	   2.1161083196548242e-01	   2.2874436907390611e-01	   2.5111938900645336e-01	   1.7563116022362266e-01	   5.9120501998475683e-01	   5.5057840037714001e-01	   4.9487004638326682e-01	   5.4256188387757598e-01	   6.5021727068849744e-01	   6.8856649537993941e-01	   1.9112630102008971e-01	   1.9061575492607769e-01	   9.3764608163031837e-02	   1.8798690321927927e-01	   2.4750934447682782e-01	   5.5405397137050089e-03	   2.3998723001232347e-01	   1.6753420560236995e-01	   4.2037085065757962e-01	   1.9955514708290273e-01	   3.2382915901571724e-01	   2.1024297067515288e-01	   4.3632675652283315e-01	   3.4621593712153753e-01	   1.5786498276042396e-01	   3.8284622857816725e-02	   4.2888249104789106e-01	   2.6777695901791565e-01	   2.0237400386408669e-01	   3.3890903643795167e-01	   4.7500961529561370e-01	   4.3359356763505896e-01	   6.3771736136008050e-01	   5.9882799907545547e-01	   5.0685936135496845e-01	   5.0748553032181509e-01	   7.6712890494579988e-01	   8.3781919544203587e-01	   5.8024352978532190e-01	   6.7575077727532973e-01	   3.3797955044242911e-01	   4.5270443628235457e-01	   3.7153317443872957e-01	   3.1898870458194500e-01	   5.8805405384070708e-01	   6.7722614044339768e-01	   7.2324580896292323e-01	   4.6349573593274351e-01	   6.7308637539862914e-01	   6.6897940165377334e-01	   6.1626542613246016e-01	   7.1529701639581644e-01	   5.9025886657849447e-01	   5.7152244682252062e-01	   4.3685485480501984e-01	   5.3425388892073111e-01	   5.3611234074249958e-01	   5.7844179626058512e-01	   4.3120600629825290e-01	   4.3702503783095037e-01	   4.8578495114563558e-01	   4.6950466481484376e-01	   2.4464510876624612e-01	   3.8025215860589634e-01	   6.2393613899831135e-01	   6.6463359743827533e-01	   7.5421711660405166e-01	   4.4281605371529736e-01	   7.1072720898360098e-01	   4.9891616410446804e-01	   3.7682490982941236e-01	   5.4252670841484690e-02	   4.2710264993242897e-01	   4.0181605859695463e-01	   6.4703054361728274e-01	   6.6408583997520254e-01	   7.0847551544586140e-01	   6.3153236753658304e-01	   5.1989330356421726e-01	   5.9683871025365876e-01	   4.3090504454860054e-02	  -9.5770219317734800e-02	   3.7683230904799531e-01	   3.8635620936486115e-01	   2.2954013711569893e-01	   3.0254250630290291e-01	   3.7995045819533940e-01	   3.0743004260619533e-01	   3.5214949907889498e-01	   4.2738909848633538e-01	   1.0446555150176154e-01	  -1.5959548390425482e-01	
   4.4244217818799525e-01	   3.3131288568465261e-01	   5.6518701213277089e-01	   7.3113363630806361e-01	   7.6056161108037179e-01	   5.9491685725584853e-01	   8.3593238979806106e-01	   8.0241570147441088e-01	   0.0000000000000000e+00	   8.0878117772541835e-01	   7.4174127850646987e-01	   5.5958546669952947e-01	   7.8867084711828384e-01	   5.0536599832746554e-01	   6.6543363114730703e-01	   6.2799297090124229e-01	   3.4948482757162597e-01	   2.0361307533618445e-01	   4.8109506710880279e-01	   5.4676812237293504e-01	   2.5436430559334411e-01	   2.3063554359137465e-03	   3.9811054012295044e-01	   3.8673074137758645e-01	   1.7360047746208251e-01	   9.7283904758934225e-02	   2.9708349073603502e-01	   2.0390868722820238e-01	   4.3487151890679848e-01	   3.5423109072572467e-01	   3.5399049809341510e-01	   3.4587734858138031e-01	   5.1801237559899627e-01	   5.1498655267332238e-01	   2.3799180553464189e-01	   1.6058208594595469e-01	   8.8786620916064948e-04	   3.8170180123014805e-02	   4.6608194131390002e-02	  -2.0316633123812308e-01	   4.8398090841238445e-02	  -1.4368016390727267e-01	   1.5362872200313918e-01	  -9.2830854750530628e-02	   1.2772272239311178e-01	  -3.3749192200955166e-02	   2.4341177260376737e-01	   9.1776768247680759e-02	   9.6190776467020081e-02	  -7.0169763033377811e-02	   3.3106649041030939e-01	   1.3428035598351895e-01	   2.4512693812855060e-01	   3.0134806318916696e-01	   3.6599308263339003e-01	   3.1016834287972211e-01	   4.0334259777839665e-01	   4.1351943033564298e-01	   6.6231344984548812e-01	   5.5092158884235887e-01	   8.0991525071427128e-01	   8.3996352452350675e-01	   3.6727623756392197e-01	   5.1192604933964891e-01	   4.3709119372966665e-01	   4.4504045145547677e-01	   3.1980153755376950e-01	   1.9603154314289920e-01	   5.2839354438451269e-01	   6.0902147580338306e-01	   6.4573104586946584e-01	   4.4117950024839186e-01	   5.3598586465286502e-01	   4.3315181378003820e-01	   4.8759885677473902e-01	   5.5850560351025336e-01	   4.4756901899167517e-01	   2.5409449253192035e-01	   2.2054118014439500e-01	   3.1944882893343962e-01	   3.8707406515897064e-01	   4.2789970785136378e-01	   4.1415894178064833e-01	   3.2983003121647664e-01	   4.8094469485348945e-01	   4.3572928750633699e-01	   2.3760568202034132e-01	   3.1963248788381049e-01	   6.8384851409142933e-01	   6.7093952051908934e-01	   6.8260027032987070e-01	   5.5728378138343904e-01	   6.9938899491883078e-01	   6.3512759158512166e-01	   3.4557542479831704e-01	  -4.9102038947341164e-02	   1.9054396060279327e-01	   2.3416655632417027e-01	   4.8157138489499318e-01	   4.7551458804798985e-01	   4.9840943201409682e-01	   6.7172420948302447e-01	   3.3536304899411745e-01	   4.5016804912184971e-01	  -1.4107176186200204e-01	  -2.2635832432847180e-01	   2.3989022918729835e-01	   3.4651262837822472e-01	   4.6536369328034441e-02	   1.3105792770860691e-01	   1.8149376737507378e-01	   1.3766970576839888e-01	   1.7267606101233243e-01	   1.9690736299426531e-01	  -1.4282996951021029e-01	  -1.5022228594855358e-01	
   4.3459082367576662e-01	   3.0250863782405252e-01	   5.0136982995869106e-01	   7.0402575420552638e-01	   6.8319441699622108e-01	   7.2637393677462514e-01	   7.5236384628315478e-01	   7.7908512499828797e-01	   8.0878117772541835e-01	   0.0000000000000000e+00	   7.5100772551574224e-01	   6.9889784550995016e-01	   7.6361821437840149e-01	   6.6993868322401529e-01	   6.5027917269146851e-01	   7.3230500224827244e-01	   4.2537274814711257e-01	   2.4708572499042875e-01	   4.0066292436368950e-01	   4.8528130478908854e-01	   3.9641525102731617e-01	   1.4654892294982358e-01	   3.2819104245438108e-01	   2.8942173660510340e-01	   1.3015269587979511e-01	   1.7040014502128673e-01	   3.0046059097613992e-01	   2.4115801637102163e-01	   4.7941707007544904e-01	   4.1433137928242575e-01	   3.1579762884072970e-01	   3.6172416666948504e-01	   4.8390346477525065e-01	   5.0354647407863118e-01	   1.1608283872266345e-01	   7.1497747884513241e-02	   7.9100824641061884e-02	   1.7393830457213333e-01	   1.4513152187466030e-01	  -7.6833971965825074e-02	   1.6252096769846741e-01	   1.1240683574804157e-01	   2.3666254381046831e-01	  -8.6103913826425186e-03	   1.5675265629081114e-01	  -1.5239133409274228e-02	   3.2432624891542600e-01	   1.9953788688705709e-01	   1.1014856606221007e-01	   4.7856802869342144e-02	   3.3984583400892343e-01	   1.8969573072985302e-01	   2.1711518318389264e-01	   2.8646407916606648e-01	   4.2282762366143406e-01	   4.3590792199311562e-01	   4.3888692480148106e-01	   3.9677342809397020e-01	   5.9772962259071227e-01	   6.3302234427647708e-01	   7.4922681777734779e-01	   8.5274063755264540e-01	   4.4537335410817069e-01	   4.4337066968170957e-01	   3.3519560113973235e-01	   4.2424726003199126e-01	   2.7007962459135959e-01	   1.7304816569516937e-01	   5.0631580669341325e-01	   6.2609602852721291e-01	   7.0887745321006168e-01	   6.2999445358513273e-01	   5.0669861408489147e-01	   4.9525557327611069e-01	   4.7245028228798214e-01	   5.6637747427140139e-01	   4.5770019264087136e-01	   3.6895993902059915e-01	   3.1637573013559445e-01	   3.9938752619333212e-01	   4.5093688304838564e-01	   4.1996383398701936e-01	   3.4827563707881731e-01	   2.4077145031225364e-01	   4.0109356006822089e-01	   4.1615048257605936e-01	   1.5546761916617216e-01	   2.4431775653945387e-01	   6.0128822203805177e-01	   6.7645517422775925e-01	   7.0114271708352471e-01	   4.4069401869048414e-01	   7.4661234755474248e-01	   5.3310781959317066e-01	   2.7095215686186658e-01	   4.2162381148789577e-02	   3.3398182538580967e-01	   3.3109778341456536e-01	   5.2881222987031873e-01	   5.3731238812806015e-01	   5.8070500508270251e-01	   6.2553693336186256e-01	   4.2004662114365648e-01	   5.0928899287743767e-01	   9.8332230285404949e-03	  -8.9467816637171030e-02	   3.1343826494766769e-01	   4.3646586448108532e-01	   9.8666942144203171e-03	   1.6067818892333913e-01	   2.5548101146100199e-01	   1.5921819110005175e-01	   2.2332482831634334e-01	   3.2681023042354218e-01	   3.9363638609232355e-03	  -1.0383032206334725e-01	
   6.6258422627503477e-01	   5.5499567389961091e-01	   6.0162916451334780e-01	   6.6858640753784115e-01	   6.1908536551102511e-01	   5.7776067293057576e-01	   8.1135673605924108e-01	   7.3114270455488661e-01	   7.4174127850646987e-01	   7.5100772551574224e-01	   0.0000000000000000e+00	   8.3943091422011973e-01	   9.1957016466957464e-01	   7.5952690396568390e-01	   7.9836555293330702e-01	   8.1350589084077640e-01	   6.7690134626558884e-01	   5.6198039025661650e-01	   6.1412127404506589e-01	   6.4779290669933243e-01	   5.0490515114455092e-01	   1.8478160975700661e-01	   4.1757142441706196e-01	   3.6859167766136636e-01	   2.3680551211060297e-01	   2.0725213254474156e-01	   2.9937552970974857e-01	   1.8793182992969232e-01	   7.1178346424729422e-01	   6.7833594430891742e-01	   4.6531698882765249e-01	   4.4124571578700367e-01	   7.1650592603657004e-01	   7.1105240451768981e-01	   1.4879506961640393e-01	   1.0774473888421429e-01	   1.7479031364347880e-01	   2.5899957864776102e-01	   2.5067063646201454e-01	   2.1165411682441591e-02	   4.0219458463989266e-01	   1.9246294610079803e-01	   3.9125593578743134e-01	   1.9420114359060051e-01	   3.0182689958247721e-01	   1.8699984855472848e-01	   4.5390833997966112e-01	   4.1003970274848184e-01	   1.6145629797732497e-01	   2.5091326328370654e-02	   4.6147212994018133e-01	   2.9618639660745238e-01	   2.8790122710555149e-01	   3.2539511465369508e-01	   5.4903988753573962e-01	   4.7984569921975750e-01	   6.2087894081543271e-01	   6.4151333857631021e-01	   6.0173136288417572e-01	   4.5758941720242546e-01	   8.6447574636309477e-01	   7.2480596703567557e-01	   7.2117181726761703e-01	   7.5644455933704280e-01	   3.4883171055600004e-01	   3.2474850411210138e-01	   2.8866959895875738e-01	   1.9515341397351821e-01	   5.8511419152539501e-01	   6.3490757894131611e-01	   6.7686769281218107e-01	   4.0345740162993793e-01	   5.4116583319983325e-01	   5.6051808296042482e-01	   5.8980799425271679e-01	   5.9068403975046868e-01	   6.7198340777626731e-01	   5.0781749956478095e-01	   5.2530197188469974e-01	   6.4088310762832945e-01	   6.3398423308811647e-01	   6.8452129628986169e-01	   5.8308798666650641e-01	   5.3167769892170369e-01	   5.3444710874701995e-01	   5.2711746044101959e-01	   2.7203574135347014e-01	   3.6004398196991322e-01	   6.7426350062463225e-01	   6.4986196794056683e-01	   7.0812100701903014e-01	   5.3714913140365872e-01	   6.8511158573152819e-01	   6.2496600109096234e-01	   3.3583118219819097e-01	   1.3740548270751718e-01	   5.1478157161770544e-01	   4.1526060522842179e-01	   6.5486506925572163e-01	   6.8512455723453869e-01	   6.4563202171229006e-01	   7.7356237008712170e-01	   5.9343389310155681e-01	   6.2403093953267019e-01	   3.2699699928689874e-02	  -4.3893855291978486e-02	   4.8824576586538182e-01	   3.5774177580771932e-01	   1.8263992342018959e-01	   3.4092007056621998e-01	   4.6849805170625025e-01	   3.6378418526080192e-01	   3.5034820754178553e-01	   4.7558714921918471e-01	   1.1910478992180550e-01	  -1.3950696091274814e-01	
   6.3065056779688966e-01	   4.8240018976193355e-01	   4.1563593222130862e-01	   5.2720003874957055e-01	   5.6502509487953378e-01	   6.1851161596282256e-01	   6.4574514756763879e-01	   6.9531748248269776e-01	   5.5958546669952947e-01	   6.9889784550995016e-01	   8.3943091422011973e-01	   0.0000000000000000e+00	   7.4161865144573369e-01	   7.6128160768148989e-01	   6.1875886889831189e-01	   6.8945919681613521e-01	   6.8030947261835983e-01	   6.2927810368333792e-01	   4.3172651825048891e-01	   5.0367201686467711e-01	   4.4878827463130805e-01	   9.2903628586319800e-02	   1.9841140975721300e-01	   1.7738091620095003e-01	   4.4318360645036789e-02	   4.2010123301296477e-02	   1.9047281082720252e-01	   8.0621105696925932e-02	   7.2512804146987186e-01	   7.1983727765871963e-01	   2.2596739445084818e-01	   2.4190853470079482e-01	   5.4714217702543433e-01	   5.6645565334800718e-01	  -1.0192936217826042e-02	  -2.5735774328939583e-02	   9.5093569525530386e-02	   2.4378340867678100e-01	   1.1733517374727845e-01	  -2.8326526730444921e-02	   4.2764597543138511e-01	   2.3929009653003469e-01	   4.1063413577618768e-01	   2.5128020889779934e-01	   3.2740673585509478e-01	   2.5505285669409161e-01	   4.6574086898836320e-01	   4.1619154869833752e-01	   2.6070821170550051e-01	   1.7258438302062212e-01	   4.7535859118395801e-01	   4.0987428601590181e-01	   3.5234385342851110e-01	   2.9653223986133648e-01	   5.1975805927197694e-01	   4.6367536758525102e-01	   6.3264213393143398e-01	   6.5416470594139686e-01	   5.2539388532084774e-01	   5.9955334820361872e-01	   6.9875020094603790e-01	   6.4298628560194460e-01	   7.3292101048705793e-01	   7.2586750402305933e-01	   1.4454135396802362e-01	   1.9273625777035175e-01	   2.8240927156722956e-01	   2.1330822752807174e-01	   4.5781106986746378e-01	   5.3831069602987291e-01	   5.8583577688375210e-01	   3.4648439298548078e-01	   5.2339695156392474e-01	   5.8426266935810534e-01	   5.7883312457738589e-01	   5.8995249958833762e-01	   6.1631978772854801e-01	   6.2966790457804744e-01	   5.3424981538833038e-01	   6.6879998536089524e-01	   6.1821092460545035e-01	   6.1949515845001824e-01	   4.2867633387192522e-01	   3.5042328609052742e-01	   3.6643468964666193e-01	   3.6967213863211040e-01	   8.9678898677033644e-02	   1.8364902664849375e-01	   4.5095668185032678e-01	   5.5130261329021713e-01	   6.8951953038822711e-01	   3.7091353108352021e-01	   6.4103867652469959e-01	   4.6871450728201031e-01	   2.7144734112697511e-01	   2.3968083764032327e-01	   5.1674481406779516e-01	   4.4832182847566604e-01	   6.9080927569285877e-01	   7.0442267449586893e-01	   7.3932064487138804e-01	   6.1377520742973846e-01	   6.2671917115151199e-01	   5.9637485211451136e-01	   1.4166143385494823e-01	   6.5457315056622195e-02	   5.1449062227762310e-01	   3.5603202861075389e-01	   8.4627624995194203e-02	   3.7056373619957811e-01	   4.7350804389389473e-01	   3.4973733175507354e-01	   4.3341319483913598e-01	   5.6233801458684285e-01	   1.9142490555127417e-01	  -7.0655547680506414e-02	
   5.9760959627506138e-01	   4.6650661908492885e-01	   7.2814454900620729e-01	   7.5470994454349594e-01	   7.6381884614956119e-01	   6.1986387495770179e-01	   8.4416755379333586e-01	   7.1184750010928466e-01	   7.8867084711828384e-01	   7.6361821437840149e-01	   9.1957016466957464e-01	   7.4161865144573369e-01	   0.0000000000000000e+00	   8.2702112934981620e-01	   8.8083602684094997e-01	   8.4278994550496322e-01	   5.1612868690258129e-01	   4.0187042453102034e-01	   6.3732273579003174e-01	   6.5561922462733468e-01	   4.9733406504340910e-01	   1.4663811184231812e-01	   5.7879751195782003e-01	   5.2572674450585166e-01	   3.8282316418446871e-01	   3.1381536153060036e-01	   4.4655762556892953e-01	   3.3147053439266960e-01	   5.7764399909664366e-01	   5.6602559859699197e-01	   5.1396701682737556e-01	   4.8492081264555176e-01	   7.1905214124483763e-01	   6.8591165013511823e-01	   3.8335881872597882e-01	   2.5217735968076949e-01	   2.2147601536768430e-01	   3.0447234364152342e-01	   3.1353142478882223e-01	   7.9583819517196730e-02	   3.3766452006356851e-01	   1.0617093117437648e-01	   3.6416181691419952e-01	   1.2562795719710876e-01	   2.8937894981313594e-01	   1.6383461810758621e-01	   4.8380201200837830e-01	   3.6877466985691282e-01	   1.1716504148099588e-01	   2.6261453173897983e-02	   5.1794347100645022e-01	   3.4298029446075984e-01	   2.8519792305155545e-01	   3.3475350037535401e-01	   5.9636226732671860e-01	   5.0836436844832433e-01	   5.1454991676805306e-01	   5.7270977494723352e-01	   7.2859689947016615e-01	   5.3763750285639356e-01	   9.0576140194259802e-01	   7.8745182142092807e-01	   6.1079212671094896e-01	   6.4911360231320814e-01	   5.6289448929390007e-01	   5.1484443790876733e-01	   4.2814448038570951e-01	   3.2175638342077595e-01	   6.8433458448319429e-01	   7.1875760025917212e-01	   6.8063380861289446e-01	   3.7295033223756346e-01	   5.0492519240357914e-01	   5.1998085820418760e-01	   5.4982913612558315e-01	   5.7392405729084195e-01	   6.3165411023316764e-01	   4.8908329931739936e-01	   3.7214210588255398e-01	   5.2516508865676315e-01	   5.5664165148452116e-01	   6.5339916140809851e-01	   6.4290828307590642e-01	   5.5688286619613270e-01	   6.6650607599385081e-01	   6.5059656469125549e-01	   4.2190210304690207e-01	   5.0393463018250761e-01	   7.9283060817567041e-01	   7.7694856862208428e-01	   7.0859497520142001e-01	   6.1030565106770662e-01	   7.4411545546637892e-01	   7.3963809377263900e-01	   3.1176328950107501e-01	   2.1099542911171165e-01	   4.9150996973037331e-01	   5.1332317504143310e-01	   5.6228911179654184e-01	   6.3047140658141698e-01	   5.6839889533376331e-01	   7.9303148706958237e-01	   5.3728631932790671e-01	   6.1698836805118229e-01	   8.4859340689891830e-02	  -3.1951224646530489e-02	   4.8627155395840238e-01	   4.1717775998807094e-01	   1.3295930224085831e-01	   3.5287300906250463e-01	   5.3217282473583816e-01	   2.7620293853289446e-01	   2.8493308398421990e-01	   4.3321484722764908e-01	   1.2602410608443956e-01	  -1.1376625713637445e-01	
