   0.0000000000000000e+00	   9.0243189874308616e-01	   5.0903788614879053e-01	   6.0041276818642320e-01	   5.3088078611003564e-01	   4.2683367704902830e-01	   7.9916071177797365e-01	   7.2394091683305117e-01	   3.9603412811684779e-01	   5.5782849397646217e-01	   8.1270902212574403e-01	   7.7637335121232587e-01	   6.9190868508388026e-01	   7.6042913352363917e-01	   5.1792146296890473e-01	   5.5918828677133836e-01	   7.6439979583227813e-01	   7.0352840732735822e-01	   7.8577420666486919e-01	   7.8818303223182729e-01	   3.9650853181359358e-01	   2.9279974252060637e-01	   2.8974597665899371e-01	   3.7186272096122464e-01	   3.0036972570706311e-01	   2.9512811647756698e-01	   3.2203158262364473e-01	   2.0400312525910497e-01	   6.3291697277664782e-01	   5.9092415402491449e-01	   3.9626606570819822e-01	   4.5103960410768529e-01	   6.8928913410646420e-01	   6.7794767914091181e-01	   1.4144372870090366e-01	   3.8463761132627222e-01	   4.6343656238047526e-01	   3.5782551102818988e-01	   4.4743624126249898e-01	   5.0684723509870677e-01	   5.9947083723825367e-01	   5.7937336427440300e-01	   7.0027529502450536e-01	   6.8880804809362073e-01	   5.1608922229832976e-01	   5.4414069869960524e-01	   6.7313224385924586e-01	   6.6450264888334187e-01	   5.5994185947330521e-01	   4.0500974807399442e-01	   6.9829091721742365e-01	   4.1729241526180727e-01	   6.7248664026776783e-01	   6.3928175467424064e-01	   6.7623643640315323e-01	   7.2759618458206543e-01	   8.0119911951063560e-01	   7.9511849815088476e-01	   6.2318773001330063e-01	   5.4795969613835549e-01	   8.9027696933363476e-01	   7.4603572222914083e-01	   7.5757288410304335e-01	   7.5597508879390851e-01	   2.3619180072140475e-01	   3.4799509841119580e-01	   5.1755281166101963e-01	   3.5830705972131371e-01	   5.3552772513804558e-01	   4.7840498079922533e-01	   5.1376891479349007e-01	   3.9341226398108498e-01	   6.2188257749732678e-01	   6.5745348387373292e-01	   5.7680012315676943e-01	   5.8074485978371482e-01	   7.0409506027890900e-01	   6.4182964796279174e-01	   6.8336181280078723e-01	   5.7445026006720545e-01	   7.4330957697220823e-01	   6.7652184696137119e-01	   7.2137718155724717e-01	   7.3622241856136084e-01	   5.4026873815533971e-01	   5.2284269510967551e-01	   5.7331413770517448e-01	   3.5940794752264160e-01	   3.4953065564332958e-01	   6.5958268624818395e-01	   5.8180660756077218e-01	   7.9013689208197835e-01	   3.4093668895843554e-01	   6.5183523336983207e-01	  -1.7786896045898887e-01	  -7.9942660075943889e-02	   4.4068869497320273e-01	   5.6861210997846301e-01	   6.5279756972550163e-01	   8.0150117530069132e-01	   2.4012832051824090e-01	   5.4236390792756239e-01	   4.0268335799624189e-01	   6.5981833908294241e-01	   3.4098083291181513e-01	   2.4551960306987836e-01	   4.3423538233640846e-01	   3.3933544460608039e-01	   1.4019394576068159e-01	  -5.9313592866751003e-02	   3.9853415390464209e-01	   6.4160462995700573e-01	   5.5095307073449518e-01	   6.7224188876346125e-01	   5.2675652459608302e-01	  -2.6001520182683907e-01	
   9.0243189874308616e-01	   0.0000000000000000e+00	   5.3376741141041673e-01	   6.3001779495395038e-01	   5.7005315861138850e-01	   4.6423591046243562e-01	   8.1212631956141190e-01	   7.1888830545729021e-01	   4.7190375644117405e-01	   6.6488391314500694e-01	   7.6007739939583918e-01	   7.5891335101797031e-01	   7.0982115288341174e-01	   7.5276985232841231e-01	   5.8418495777324631e-01	   6.1571330835530313e-01	   7.8151537927976067e-01	   7.6242308164979278e-01	   8.3348264354235502e-01	   8.5779938433225944e-01	   4.3020075758374077e-01	   2.3238071481967310e-01	   3.3363888500963246e-01	   4.0716651502168161e-01	   3.6307267176303276e-01	   3.7349526550280165e-01	   3.0498422112560486e-01	   1.5652290267859525e-01	   7.3204626934830186e-01	   6.8652820854904428e-01	   5.1624016427273156e-01	   5.4136678073479594e-01	   7.8634327404799875e-01	   7.9504212512917583e-01	   1.9664734576200119e-01	   4.0684886723570984e-01	   5.4855940015245552e-01	   4.6705993311796823e-01	   5.2142197368825305e-01	   6.2208818887629380e-01	   7.1203904682612451e-01	   6.5659412130194672e-01	   7.4199692384469396e-01	   7.4534975770486100e-01	   5.9877845436995791e-01	   6.3742815830826383e-01	   6.9200175128676888e-01	   7.0159276815738558e-01	   5.9544161264578255e-01	   4.7585718670960958e-01	   7.1679780026003304e-01	   4.9381440310570263e-01	   6.6060764686050222e-01	   6.8179449116908297e-01	   6.8657759911534877e-01	   7.9717915387499549e-01	   7.4607828000583343e-01	   7.9489295557680784e-01	   6.3374652426701594e-01	   6.2768573290776541e-01	   8.3610791546353869e-01	   7.4548248517096849e-01	   7.3508458908025642e-01	   8.1098033989475182e-01	   2.2055114964519185e-01	   3.9388915471864328e-01	   5.8963887653822566e-01	   4.6316174962147899e-01	   5.4012146991747723e-01	   5.4200392484118320e-01	   4.9505593751417265e-01	   3.8556387211911314e-01	   6.9413718353675347e-01	   7.1539682927242931e-01	   6.3401697890208619e-01	   6.5452487947599414e-01	   7.1828060455312381e-01	   7.1626292386408963e-01	   6.9033350435142715e-01	   7.0665230932652290e-01	   7.7410963244052433e-01	   7.6368023418236930e-01	   8.0600640474002827e-01	   7.8171647097142105e-01	   5.7271986375500727e-01	   5.5291911614832467e-01	   5.9833185360348873e-01	   3.3149874298516402e-01	   3.5497478499426999e-01	   6.6961275360604289e-01	   5.5510916022283785e-01	   7.9306939733184723e-01	   3.5389173832224785e-01	   6.8573793000298588e-01	  -1.1809086380703054e-01	  -2.3075257396382484e-02	   4.9173520128134557e-01	   6.0642466064133127e-01	   6.4822369316239559e-01	   8.4380942240381385e-01	   2.2104496434788176e-01	   5.0202579219643728e-01	   3.9146083080553967e-01	   6.2179220886073994e-01	   3.2325106333619547e-01	   2.4005228959426433e-01	   3.6293366103887092e-01	   2.7645279888170649e-01	   1.6801652752230722e-01	  -1.6624726749279360e-02	   4.7349616320953997e-01	   7.1833084942094616e-01	   6.2993364820543407e-01	   7.6315408723396283e-01	   5.0327354918531109e-01	  -2.5419651344111399e-01	
   5.0903788614879053e-01	   5.3376741141041673e-01	   0.0000000000000000e+00	   7.8295055401928071e-01	   7.2334886156398026e-01	   7.1255604483166068e-01	   8.0156305819345097e-01	   7.2611624823602650e-01	   7.2336902239612599e-01	   6.3066677401034643e-01	   4.9724416595984522e-01	   4.8130791019350944e-01	   5.7449290266936259e-01	   4.7393963727912386e-01	   6.6989681021884318e-01	   4.7840609188666755e-01	   2.8982628490359125e-01	   2.3080521911624313e-01	   7.0453199709195924e-01	   6.1446082739862740e-01	   5.1782465493023599e-01	   4.1609830443874385e-01	   8.2961925023006411e-01	   8.3931613947917172e-01	   7.4611284609046735e-01	   6.8489700240115070e-01	   6.6976464964483795e-01	   5.7649641474635960e-01	   2.7309169064677274e-01	   2.5495637676156707e-01	   7.1641054489776468e-01	   7.0433196980233181e-01	   7.0074395065128470e-01	   6.3602346777123364e-01	   7.0804851482101383e-01	   7.4156782767882445e-01	   7.8691219847196159e-01	   6.2583210538851830e-01	   5.8336417552939601e-01	   5.5795510431035489e-01	   4.5119552869620289e-01	   5.9471694170851741e-01	   4.2177584917508593e-01	   3.7970486994213870e-01	   4.8728654400583454e-01	   4.8612530851260866e-01	   3.6410417105317466e-01	   3.6417700441333123e-01	   4.2763873957704324e-01	   3.9557259381689897e-01	   6.1015612625997095e-01	   4.8016172068352303e-01	   3.9862206603607631e-01	   4.3201449201229525e-01	   5.4418556014088326e-01	   4.8159489172523517e-01	   2.2161667284489811e-01	   2.4144410274786357e-01	   4.2468761395213139e-01	   4.4299216093058180e-01	   5.4880553686471023e-01	   6.3896174714185539e-01	   2.5736389650928404e-01	   3.9657767255771137e-01	   7.1836609030256993e-01	   6.9555204019578720e-01	   7.3463619963988847e-01	   6.4162537118438712e-01	   5.4511947331552668e-01	   5.5212608312175959e-01	   5.0880057252401312e-01	   4.4326704398132755e-01	   3.6057021193092598e-01	   3.9249574515457603e-01	   3.9709438493055504e-01	   2.6207212375453004e-01	   4.9083206181125960e-01	   4.3724132532961746e-01	   3.0835790580778510e-01	   3.1154978406835987e-01	   4.6355694393297553e-01	   5.0109535511133130e-01	   6.0524587757214843e-01	   6.5597573276959942e-01	   8.1662805085940049e-01	   8.0481045378429483e-01	   6.1317977542657798e-01	   6.6969783289372609e-01	   7.7866860066981736e-01	   7.1852531310606427e-01	   5.9827177838025325e-01	   6.1657769832735121e-01	   7.0333322449388302e-01	   5.8967735354938344e-01	  -2.3633335376545381e-01	  -1.7080265522940211e-01	   3.2782577683289227e-01	   1.9797441080869288e-01	   3.1250724483261161e-01	   4.3612880376457352e-01	   3.9170337685580403e-01	   4.0989379149383032e-01	   3.7987895790733783e-01	   5.0193461632177649e-01	   4.3503292678864247e-01	   2.9486863085290871e-01	   3.1829324733045461e-01	   3.1533454040292497e-01	  -1.7695302929006487e-01	  -1.5927639087868251e-01	   3.9806764149174800e-01	   3.8240392434109061e-01	   4.8734914134898100e-01	   6.3294996775988177e-01	   5.3843976627996082e-01	  -1.3323753124601381e-01	
   6.0041276818642320e-01	   6.3001779495395038e-01	   7.8295055401928071e-01	   0.0000000000000000e+00	   7.6631011200365007e-01	   8.6528770830994772e-01	   8.0603657259856543e-01	   9.3883862921313299e-01	   5.8205360859486899e-01	   7.5953019368547725e-01	   4.8422365506205800e-01	   6.0461301553517466e-01	   6.1026135400820025e-01	   7.4026318158730886e-01	   5.9153412020884411e-01	   5.3479411450122560e-01	   4.9618672550027809e-01	   2.8930833558993441e-01	   7.7847625321912062e-01	   7.7914715791664135e-01	   5.8853742589355829e-01	   4.7836416408321508e-01	   6.3441687672454017e-01	   7.8756651903101427e-01	   6.4550580794081014e-01	   7.1007978810942984e-01	   5.9999976449313830e-01	   4.9206032913706255e-01	   5.1673420486058497e-01	   3.7451676730067712e-01	   7.4448399889614003e-01	   7.8603094524785666e-01	   8.0005540019815125e-01	   7.6867617807796762e-01	   5.3978306883764315e-01	   7.0926343881808773e-01	   6.6897931201673688e-01	   6.4025465304005869e-01	   6.1232372959254522e-01	   6.9596154707110691e-01	   4.8826521179588300e-01	   5.1480707912873380e-01	   5.3942984749866918e-01	   4.9312910325558412e-01	   4.9181070996146925e-01	   5.1895135137932169e-01	   4.7769189224220143e-01	   4.9230132833433859e-01	   4.3709789985361347e-01	   3.6093974398121875e-01	   5.9610071050934543e-01	   5.0142670584875471e-01	   4.6835765196733742e-01	   4.1678789853489190e-01	   6.1253754985863929e-01	   6.5264479484364757e-01	   3.6786711504450648e-01	   3.5718594304003587e-01	   4.9847308768947574e-01	   5.8015142783632567e-01	   5.7824043250320967e-01	   7.2355770933609254e-01	   5.0819392232982574e-01	   6.1839458884134990e-01	   4.1079837875408443e-01	   5.5695863442135751e-01	   6.2291522997073556e-01	   6.1063072137206953e-01	   5.8852633248052344e-01	   4.5650039465534942e-01	   6.4008189881205402e-01	   6.0757520524930864e-01	   5.0825050482915235e-01	   5.3699222418303882e-01	   4.8167710347632930e-01	   4.3748409626791251e-01	   6.4058890881818842e-01	   6.3082989109951604e-01	   4.5682416809679482e-01	   3.5113784012388632e-01	   6.1136844118290823e-01	   5.5568815175082520e-01	   6.1003469765676033e-01	   6.9401665719150596e-01	   6.5411972264096696e-01	   7.4832989010342732e-01	   4.7874612430888297e-01	   5.7054828007550984e-01	   6.6418763036760664e-01	   8.2891638230959086e-01	   6.7594795049921963e-01	   6.5593894151613219e-01	   6.6967866401015252e-01	   5.4069514716018530e-01	  -1.5955761640182003e-01	   3.8221391639830578e-02	   4.5625506196118198e-01	   3.1490188026029287e-01	   4.6275630828342840e-01	   5.7420263251785320e-01	   4.4896044502708443e-01	   4.3460616381813716e-01	   5.2163233068323889e-01	   5.6121158653224390e-01	   4.4600036113516861e-01	   1.9583139849411316e-01	   4.0550370155961851e-01	   3.9521334275845865e-01	  -6.8208818203486427e-02	   5.3020537895556941e-02	   4.0891706714277409e-01	   4.3663352459821958e-01	   5.2895810111235542e-01	   5.6890110783528969e-01	   4.3531094586685304e-01	  -3.0948216996017841e-01	
   5.3088078611003564e-01	   5.7005315861138850e-01	   7.2334886156398026e-01	   7.6631011200365007e-01	   0.0000000000000000e+00	   7.3742295183413986e-01	   7.7081311333536884e-01	   8.1193463391327803e-01	   5.8345708970651589e-01	   6.1495288545547055e-01	   4.0141140161447253e-01	   4.5421957010267705e-01	   4.7120404979360486e-01	   4.8541095569964299e-01	   4.8461278145058828e-01	   3.0780136518530760e-01	   3.8913963341266194e-01	   2.9825316337460817e-01	   6.2017484456830574e-01	   6.3289461692279736e-01	   4.9411930306330920e-01	   2.3525143555149061e-01	   5.2279014367529708e-01	   5.9423422295980299e-01	   6.5381455618062612e-01	   6.2949137660721233e-01	   7.0112662452286845e-01	   4.8522466722135782e-01	   3.4752772103886787e-01	   2.2721828540672931e-01	   5.5915772269648556e-01	   5.2071831120562695e-01	   5.5746932572145524e-01	   5.3952444715837622e-01	   4.9003690335789329e-01	   5.8806506899348587e-01	   5.7401399614936643e-01	   5.2525097764869788e-01	   3.8001798675122539e-01	   4.4492899226272731e-01	   3.2929794059158823e-01	   4.4896332439322467e-01	   5.0290905299354505e-01	   4.8241159241386228e-01	   4.8554203106320259e-01	   4.9814700550846103e-01	   4.2940512406214815e-01	   4.7743633461268303e-01	   4.1353646655780252e-01	   3.2682184601017639e-01	   5.2654983252412246e-01	   3.8921126471506751e-01	   3.4755923382329623e-01	   3.4523171451579521e-01	   4.0980961750827549e-01	   5.4905633538327792e-01	   3.7894539737673005e-01	   3.1872711347000954e-01	   3.1830090965660962e-01	   3.3861229632296502e-01	   4.8874979703608762e-01	   6.2690860145428717e-01	   3.1606646355300644e-01	   4.4210606131522379e-01	   4.7436176169690847e-01	   5.2922662882636351e-01	   4.7483031778572449e-01	   4.5426680215740300e-01	   3.0337988167264029e-01	   3.4120034593440690e-01	   4.8584130166066397e-01	   4.3445441343895791e-01	   3.5919141330108606e-01	   3.6989412235410490e-01	   4.2645775060210733e-01	   2.9224046017814154e-01	   4.6132160404533462e-01	   4.2570584185088545e-01	   3.7865049450583244e-01	   3.6236317964631398e-01	   4.9881118754563153e-01	   4.5994154440948065e-01	   5.0642573741774821e-01	   5.4110080595434273e-01	   5.4908231222354942e-01	   6.2339845871053667e-01	   4.8952421408126368e-01	   4.8319326526987749e-01	   5.0313754907804165e-01	   5.9861835460423729e-01	   4.0249663595817098e-01	   5.3242750870697819e-01	   4.2728439054422035e-01	   4.6157330917731021e-01	  -3.8679632158928096e-01	  -2.8690496616391808e-01	   1.7598754315586301e-01	   2.1919227395241436e-01	   3.0514559250647688e-01	   4.8361631670470673e-01	   2.6282588597190865e-01	   2.7711664427482741e-01	   4.1199726293853139e-01	   4.0539398335842314e-01	   3.3896346571018793e-01	   4.7531992135829898e-02	   4.2975294497902339e-01	   4.1326403759182889e-01	  -1.7182958096485351e-01	  -2.6441420247751002e-01	   2.2932375615600314e-01	   2.7375728108868963e-01	   3.4563157311898579e-01	   4.2391024719816328e-01	   3.1608468719074395e-01	  -3.0935580926989292e-01	
   4.2683367704902830e-01	   4.6423591046243562e-01	   7.1255604483166068e-01	   8.6528770830994772e-01	   7.3742295183413986e-01	   0.0000000000000000e+00	   6.1969842713990331e-01	   8.1178230501836190e-01	   5.8740672639462166e-01	   8.2744294661725903e-01	   3.6232610225150641e-01	   5.0387880447241018e-01	   4.9384811593180522e-01	   5.9369712957381748e-01	   6.4097762155930171e-01	   5.5004652758971118e-01	   3.5388506176857865e-01	   1.7776470911567424e-01	   6.2110354949882085e-01	   6.2780712431635066e-01	   6.3598446850462942e-01	   5.1492990564688890e-01	   7.1422103543664162e-01	   8.2050189958424480e-01	   7.4589877089528134e-01	   8.1617366763229904e-01	   7.5555938437546000e-01	   6.9204871892493425e-01	   4.1602018007649311e-01	   3.2246217949786987e-01	   7.4246602351097901e-01	   7.6022021470030088e-01	   6.8637141933053147e-01	   6.4384394822912872e-01	   6.1537089555942792e-01	   6.7262197326364936e-01	   6.4392029937900475e-01	   6.4134594298157777e-01	   5.8137969333572470e-01	   6.1785672890951193e-01	   3.7094861545473928e-01	   5.5110950608651343e-01	   3.4571650091710215e-01	   2.9122708435875322e-01	   3.4592873510022781e-01	   3.7741974410287671e-01	   3.0475730075932123e-01	   3.0410438187460709e-01	   3.3646574189888612e-01	   3.1628674269872270e-01	   4.7701063808709276e-01	   4.5538737061084827e-01	   3.5196946174750365e-01	   3.3690867985364936e-01	   4.7423268262919505e-01	   5.0096167236882416e-01	   2.6814878046535728e-01	   2.3497660033889931e-01	   3.9927088052920490e-01	   5.0863809288376971e-01	   4.1935517873536621e-01	   6.8391078116520143e-01	   3.4271478658769283e-01	   4.4789763816849637e-01	   5.0844880600919895e-01	   6.0429341229662303e-01	   5.6938707760203511e-01	   5.6601268675246352e-01	   5.2021182297843049e-01	   4.6591994776737133e-01	   6.6796265101314034e-01	   5.1086855128049091e-01	   4.4504455406736848e-01	   4.5597721356736898e-01	   4.4888378040930554e-01	   3.8326955282178077e-01	   5.3981868179126757e-01	   5.1143354336351754e-01	   3.4292598593918655e-01	   2.1321386092471495e-01	   5.5414995404573208e-01	   4.7935620745424057e-01	   5.4895614711595053e-01	   6.5400541777120669e-01	   6.5328277765644660e-01	   7.5777901771621536e-01	   4.6424477580291046e-01	   6.5797863395202705e-01	   6.1841509543973605e-01	   7.3001038374819471e-01	   5.8459629092134280e-01	   5.4162798699460102e-01	   6.6795420997143862e-01	   4.3541494949321352e-01	  -2.1364712672098160e-01	  -1.7298890890066553e-02	   3.0655202032549933e-01	   1.8047993024756531e-01	   2.9099658378265958e-01	   3.8561897556184083e-01	   3.4534693788675919e-01	   2.1017569544673378e-01	   3.4920685345147096e-01	   3.7802351181368443e-01	   3.3023103206131094e-01	   8.6025854345735592e-02	   3.2343723397914287e-01	   2.9338386804597733e-01	  -1.3470683460457594e-01	   9.7841512511279115e-03	   2.3979192317748266e-01	   2.4680769794870305e-01	   4.1018869373988692e-01	   4.8155963279392555e-01	   3.6084515454571836e-01	  -3.3465695682397795e-01	
   7.9916071177797365e-01	   8.1212631956141190e-01	   8.0156305819345097e-01	   8.0603657259856543e-01	   7.7081311333536884e-01	   6.1969842713990331e-01	   0.0000000000000000e+00	   8.6033264736970771e-01	   6.3202806613666140e-01	   6.9126318599508285e-01	   7.0131682614793378e-01	   7.4722277198107090e-01	   7.3091804159335172e-01	   7.2812988405929358e-01	   6.1974251455882401e-01	   5.6571118518680663e-01	   5.9806431838723417e-01	   5.2339144658428460e-01	   7.6549860231574907e-01	   7.9229131702694922e-01	   4.8399133946074530e-01	   3.0813502402380488e-01	   5.1784826201094836e-01	   5.9922948491969164e-01	   5.3044867654668637e-01	   5.2839099076420704e-01	   4.6833427579450676e-01	   3.5128182651461715e-01	   5.6360117779814978e-01	   5.2626295058381678e-01	   6.4778204293369390e-01	   6.5967630643957387e-01	   7.6691711584270039e-01	   7.6127494086936309e-01	   4.8796855852048154e-01	   6.2431779820711575e-01	   6.2596915313793711e-01	   4.7174557933926209e-01	   5.2580020126562266e-01	   5.6450264610505929e-01	   5.0341135524596059e-01	   6.0130742524184289e-01	   6.5355793254985606e-01	   6.2541521923542820e-01	   5.8843670556504246e-01	   6.1287572319273809e-01	   5.9434048993310529e-01	   6.1141259948808835e-01	   5.3025960254697302e-01	   4.0725570396491351e-01	   7.2800210600791659e-01	   4.7505123342733480e-01	   5.2128097828311770e-01	   5.1048859972452409e-01	   6.6214980856962846e-01	   7.0329441859295194e-01	   5.1829411893034949e-01	   5.1895091185466524e-01	   4.6783607592354676e-01	   4.8454523064971411e-01	   7.7360928909160953e-01	   7.8813352251168389e-01	   5.4448280810903982e-01	   6.8671485981533908e-01	   5.2365601650718474e-01	   6.4215901263598485e-01	   6.5211617555903856e-01	   5.5810792719585134e-01	   5.1324644926470475e-01	   5.1923368956703131e-01	   5.3520891891235856e-01	   4.8519314026036175e-01	   5.2467185581976172e-01	   5.6029509114418918e-01	   5.6586700919224009e-01	   4.6824429273279256e-01	   5.9710053134398233e-01	   5.8733173893585966e-01	   5.7527786060617558e-01	   5.5725954684694523e-01	   6.5958687007063288e-01	   6.7993123543124767e-01	   7.1957308115656737e-01	   7.2212280347875613e-01	   6.9316621579980842e-01	   7.0859653340358608e-01	   5.4334171385976560e-01	   4.1861681437096010e-01	   5.9654485259530099e-01	   7.2246765006579372e-01	   5.9818686513672326e-01	   6.9754266143986610e-01	   5.4468001361674612e-01	   6.1819105755481085e-01	  -2.4058512797815695e-01	  -1.4695649545918943e-01	   4.2208933579483171e-01	   4.5822592749994312e-01	   5.6470874806096660e-01	   6.9396663773017531e-01	   4.0345202153342008e-01	   5.1421399845973559e-01	   4.2894086053298663e-01	   5.8451684931846026e-01	   3.3653169149513196e-01	   1.6001936907193734e-01	   3.9124826738214341e-01	   3.5367820216326917e-01	  -2.5154068346278133e-02	  -1.0226825668996636e-01	   4.5877113401965169e-01	   5.7241663322215630e-01	   5.4058023420756118e-01	   6.5556146816118877e-01	   5.0100464036881309e-01	  -2.9162863283977891e-01	
   7.2394091683305117e-01	   7.1888830545729021e-01	   7.2611624823602650e-01	   9.3883862921313299e-01	   8.1193463391327803e-01	   8.1178230501836190e-01	   8.6033264736970771e-01	   0.0000000000000000e+00	   5.3321103622548360e-01	   7.5283985457606351e-01	   5.9659823619640251e-01	   7.1737235166458035e-01	   6.3954446212804672e-01	   8.2034641598043712e-01	   6.1240924853378098e-01	   5.7236606526227396e-01	   5.7273951941984769e-01	   3.8669022166629952e-01	   7.6504281008096753e-01	   7.8606962877261288e-01	   5.6641673952518767e-01	   4.0086071059779937e-01	   5.7621861465114321e-01	   7.0151433801075846e-01	   6.3770749929080650e-01	   6.8657192849967918e-01	   5.8341621956222645e-01	   4.5802377234072733e-01	   5.8977817314574010e-01	   4.4519706491284350e-01	   6.8727117266053617e-01	   7.3214337247278072e-01	   7.7056971413752506e-01	   7.6473958007326237e-01	   4.7110367902232203e-01	   6.7050702344721413e-01	   6.5184534970820196e-01	   5.9105496238628541e-01	   6.1237076473094498e-01	   6.7404318627896598e-01	   5.5455078261816459e-01	   5.6882992199312832e-01	   6.1491706948085745e-01	   5.7614196406897511e-01	   4.9787947233593699e-01	   5.2234865441359557e-01	   5.7453394551124592e-01	   5.8870917652632926e-01	   4.4588773496914702e-01	   3.3076753954375659e-01	   6.2643905271398181e-01	   4.6836351787225827e-01	   5.0959006011051677e-01	   4.6356194734183798e-01	   6.5573862467684541e-01	   7.2347969880140828e-01	   4.8858274990319761e-01	   4.5369800851368958e-01	   4.5605784685807738e-01	   5.1132177608318730e-01	   6.5708841657691686e-01	   8.2834054730616646e-01	   5.5488292638884407e-01	   6.8312605742280208e-01	   3.9870945084550358e-01	   5.5665553523078115e-01	   5.7838477583963721e-01	   5.2788841954412935e-01	   5.4219511049019820e-01	   4.4712281353562766e-01	   6.5705635364030623e-01	   5.6134318415582529e-01	   5.4571589536408394e-01	   5.6333360685260403e-01	   5.6493319501162809e-01	   5.0378762360947937e-01	   6.4965257960442757e-01	   6.3505566644203715e-01	   5.3224387303702048e-01	   4.4223173458178527e-01	   6.8100304670753409e-01	   5.9435887954492017e-01	   6.6827750947518605e-01	   7.4492845876698555e-01	   6.5553777853176465e-01	   7.1936169918633031e-01	   5.2588401074888413e-01	   5.3846566593072420e-01	   6.0956336453354587e-01	   7.8154260790226526e-01	   6.2101002832555130e-01	   6.6301310536487390e-01	   5.6325705200809750e-01	   5.4062235315602347e-01	  -2.1553854539693301e-01	  -4.7329930967126649e-02	   4.6204809419727977e-01	   4.2177033239748651e-01	   4.9027227601311724e-01	   6.3837901442560330e-01	   3.6161076612510828e-01	   3.9456987221979961e-01	   4.2158272979191752e-01	   5.0580856568972443e-01	   3.8061565185830992e-01	   1.1189450622128337e-01	   4.3924380256155648e-01	   3.6390121251368124e-01	  -2.4185519361771025e-02	  -1.0405805717167021e-03	   4.3681155576719677e-01	   4.8047912702891077e-01	   5.1292357347977391e-01	   5.7999100809675197e-01	   5.0316468091532196e-01	  -4.0673224611771497e-01	
   3.9603412811684779e-01	   4.7190375644117405e-01	   7.2336902239612599e-01	   5.8205360859486899e-01	   5.8345708970651589e-01	   5.8740672639462166e-01	   6.3202806613666140e-01	   5.3321103622548360e-01	   0.0000000000000000e+00	   6.2818481868491705e-01	   5.4926234522047390e-01	   4.6531160260426563e-01	   6.1948378417256844e-01	   4.2296560588405507e-01	   6.4251751007599545e-01	   5.2412786120321919e-01	   4.9555963520237700e-01	   4.3933910698764933e-01	   6.6922966105376580e-01	   6.1697748168074296e-01	   3.3850127557762033e-01	   2.9448058846000780e-01	   6.4841753969781057e-01	   6.5207806362204468e-01	   5.5626217789515087e-01	   4.9500671450366596e-01	   5.0150960820602708e-01	   4.4431627121877010e-01	   4.3396100265404197e-01	   4.4718443898163623e-01	   5.9292250067459296e-01	   5.9481635160682567e-01	   6.5438319020703628e-01	   6.4560948509719429e-01	   5.8836407711483774e-01	   5.4621772436719584e-01	   5.8414929919592351e-01	   5.5974336320735296e-01	   6.1399178001514887e-01	   5.6719288217041641e-01	   4.6031156213323915e-01	   6.6457475338559213e-01	   2.4384699749122307e-01	   2.3878897705411126e-01	   2.8738144891209305e-01	   3.0863061645956846e-01	   2.1852119991924002e-01	   2.0827285108357693e-01	   2.4754235398080787e-01	   1.9529362903575179e-01	   4.3921867591974972e-01	   2.6145342730547316e-01	   2.7344349328562095e-01	   4.4130145143638239e-01	   4.1755578401165716e-01	   3.9627499912138747e-01	   3.3840971857084773e-01	   3.5115209965532046e-01	   2.6645240571170992e-01	   2.5559978656812526e-01	   4.8018009396517158e-01	   4.9712832685187669e-01	   3.8632322252578283e-01	   4.1734720940459336e-01	   7.3352428781058399e-01	   5.8510940487790708e-01	   5.6534607434190609e-01	   4.0984714619524043e-01	   6.5493994080156426e-01	   7.0583109494431517e-01	   5.0670671808706702e-01	   3.9779887940569247e-01	   5.3133756906478957e-01	   5.0701131613760575e-01	   5.3363664135657796e-01	   4.0379563351267511e-01	   4.2963461569990319e-01	   4.2156637966925853e-01	   5.3272961773840755e-01	   4.6034463255331426e-01	   6.3090126850959904e-01	   6.7828416350791698e-01	   7.0917291425569218e-01	   6.7419652182545742e-01	   7.9927685375715107e-01	   8.0090680146103166e-01	   6.5116642239106703e-01	   6.4058634170895390e-01	   6.4760864856220390e-01	   6.6707141443896245e-01	   4.2147501898598660e-01	   5.5336008706199191e-01	   4.9127787940692902e-01	   4.3086693763786688e-01	  -1.5512008469567819e-02	  -3.5661116542287506e-02	   1.5809583016021325e-01	   1.2310690869023040e-01	   2.0075765573139867e-01	   3.5105072242235114e-01	   1.3863990650294625e-01	   1.5033007073506582e-01	   9.5328013808018836e-02	   2.2447259298288719e-01	   6.5375806806109105e-02	   3.9167279898065073e-02	  -9.2631736660270858e-02	   9.8555746842371346e-03	  -1.6358813993840826e-01	  -1.5730676733344391e-02	   2.7907409048059401e-01	   3.6461529800920695e-01	   3.4599211261574803e-01	   5.6199262434254094e-01	   3.6028268600030472e-01	  -2.0909422714627202e-01	
   5.5782849397646217e-01	   6.6488391314500694e-01	   6.3066677401034643e-01	   7.5953019368547725e-01	   6.1495288545547055e-01	   8.2744294661725903e-01	   6.9126318599508285e-01	   7.5283985457606351e-01	   6.2818481868491705e-01	   0.0000000000000000e+00	   5.8845261342965349e-01	   6.6961536714897840e-01	   6.1430959570997912e-01	   6.7100529907250728e-01	   7.1203253960935786e-01	   7.1964654480485235e-01	   5.6676166508668857e-01	   4.5169867908587724e-01	   7.3599889434717025e-01	   7.7320081971023880e-01	   6.2233759104266662e-01	   3.6836898516010319e-01	   5.6310668561565536e-01	   6.9131735984312392e-01	   5.7817728780034749e-01	   6.3392669170763971e-01	   5.1553538204620608e-01	   4.3402363111534087e-01	   6.1035720823573825e-01	   5.9280772817758187e-01	   6.8784551471489130e-01	   6.9146128800548823e-01	   7.6989632323766455e-01	   7.5629220224709626e-01	   5.2039261503388468e-01	   5.8107351065728041e-01	   5.3824777814737346e-01	   5.2559872194101132e-01	   5.4096131140062298e-01	   6.5780296561319562e-01	   4.7573638809685720e-01	   6.9677990802465939e-01	   4.6013442468564969e-01	   4.4030986340355993e-01	   4.1110032933627672e-01	   4.9244813790979947e-01	   4.3728221375924298e-01	   4.1569144909170530e-01	   4.5240288254056349e-01	   4.2420330438687409e-01	   5.9337558687927960e-01	   5.1054271454442268e-01	   4.7449581808438646e-01	   5.3471815168980275e-01	   5.8706311061923655e-01	   6.4209599696034358e-01	   4.3514118529414947e-01	   4.8110680943429796e-01	   5.4705282530722588e-01	   6.5230094891086265e-01	   6.1115224926775302e-01	   7.7331285355320079e-01	   5.1479548059162727e-01	   6.4784344111587266e-01	   4.8792542762946517e-01	   6.6079270373446508e-01	   6.6926028752521494e-01	   6.2078067153871752e-01	   6.2866498171421936e-01	   6.2463117076170005e-01	   6.2303863717401975e-01	   4.9766990345938800e-01	   6.3117987661887232e-01	   6.1421496137461007e-01	   6.4601879141699703e-01	   5.8411473810286763e-01	   6.1654123725585830e-01	   6.2532478292327820e-01	   5.2751588658920801e-01	   3.7875767293087620e-01	   7.1177311018718348e-01	   7.1140494059964443e-01	   7.1059600603664930e-01	   7.4586839640084590e-01	   6.8472675483547774e-01	   7.7623559123534169e-01	   5.0380957603023502e-01	   5.3367167571519092e-01	   5.6359706537947951e-01	   7.4886137935487007e-01	   6.4115258294040633e-01	   6.7596895901944909e-01	   7.2028797907805564e-01	   6.0459652197579872e-01	  -3.9876727132732430e-02	   1.3810903849723127e-01	   4.1434365996700595e-01	   4.1839383176189304e-01	   5.1642443862481235e-01	   5.7782530765955364e-01	   4.0029019657014653e-01	   3.4054618244780238e-01	   3.4380089033625993e-01	   4.3817987127407210e-01	   2.7020543968939792e-01	   7.6906591902881932e-02	   1.9610046410304616e-01	   1.9696245591341038e-01	   3.0480227767539815e-02	   1.1070049192265080e-01	   3.3092214976754580e-01	   4.6973414355828413e-01	   5.4483088069660990e-01	   6.3857203462147516e-01	   3.7710380656601278e-01	  -3.5241355549589426e-01	
   8.1270902212574403e-01	   7.6007739939583918e-01	   4.9724416595984522e-01	   4.8422365506205800e-01	   4.0141140161447253e-01	   3.6232610225150641e-01	   7.0131682614793378e-01	   5.9659823619640251e-01	   5.4926234522047390e-01	   5.8845261342965349e-01	   0.0000000000000000e+00	   8.3177638908980955e-01	   8.7515150827253763e-01	   7.8080590958199325e-01	   7.1276320062078613e-01	   7.0668300276803686e-01	   7.4086876554013747e-01	   7.0319915705231006e-01	   7.3623541569526918e-01	   7.3207480557359050e-01	   4.7157516881108152e-01	   3.2559718640050861e-01	   3.8752619035209179e-01	   4.1201677679661181e-01	   3.4754880599207028e-01	   2.9373472962229269e-01	   2.5186763685137648e-01	   2.1699097077621812e-01	   7.2557829674916419e-01	   7.0700858697762003e-01	   4.5664100021615661e-01	   4.8066075102785655e-01	   6.8531673478717814e-01	   7.0688601166329001e-01	   3.5427563807215173e-01	   5.1124649512668152e-01	   5.0598555723220173e-01	   3.3447830608459928e-01	   6.0111050042997349e-01	   5.5829387175879353e-01	   6.4617070840876623e-01	   6.3649546072518337e-01	   6.1034811592777760e-01	   5.9616692711465880e-01	   4.8671223388841589e-01	   5.1657786082448220e-01	   6.1177121811529367e-01	   5.7620348258973741e-01	   5.0128680475238796e-01	   3.3975276837874885e-01	   6.7766757471454286e-01	   3.6835080106250589e-01	   6.0542485810515312e-01	   6.0463694727517547e-01	   7.2053374774521028e-01	   6.7049121813151791e-01	   6.2410687089604600e-01	   6.8276023473308656e-01	   5.2460913347236060e-01	   5.0140055766532243e-01	   8.5077673971910639e-01	   7.1199336849910388e-01	   7.6349267623506623e-01	   7.7742341155408012e-01	   4.3858857608697654e-01	   4.8806585084860055e-01	   6.4458006072116658e-01	   4.4385652816176019e-01	   6.1615393627331638e-01	   6.2116188655621696e-01	   6.3129460940921689e-01	   5.0381901567413667e-01	   7.2487446956178347e-01	   7.1506689925630651e-01	   6.7860169404787973e-01	   6.6460562667723266e-01	   7.4947748887331789e-01	   6.6759233975005561e-01	   6.6725809492550470e-01	   5.5806687441797953e-01	   7.9498219795216918e-01	   7.8420529723079269e-01	   7.9264939266239764e-01	   7.1312040793547471e-01	   7.0945553934627781e-01	   6.2620466708339917e-01	   6.0891951330396199e-01	   3.7662975598813614e-01	   5.1632820474570940e-01	   6.5270006591361640e-01	   5.2004416964073541e-01	   7.0906462145099802e-01	   4.0372796179763271e-01	   5.5799898784815016e-01	   1.8207394933151159e-02	   1.2903453122314411e-02	   4.6330352764910276e-01	   6.1578040751574004e-01	   5.4257046950968091e-01	   6.7948050739449117e-01	   2.0890323509236691e-01	   4.0529664866967341e-01	   2.0465547389791189e-01	   4.2871051363509677e-01	   7.8532532765421131e-02	   5.6816467084002467e-02	   1.2325538705373457e-01	   1.1180914360327639e-02	   2.0611954325425025e-01	   1.1741646948388973e-01	   4.1722052755403494e-01	   6.5524433268747506e-01	   5.1411719943155498e-01	   6.8200615145825028e-01	   5.0505824060610893e-01	  -4.2042897124324774e-01	
   7.7637335121232587e-01	   7.5891335101797031e-01	   4.8130791019350944e-01	   6.0461301553517466e-01	   4.5421957010267705e-01	   5.0387880447241018e-01	   7.4722277198107090e-01	   7.1737235166458035e-01	   4.6531160260426563e-01	   6.6961536714897840e-01	   8.3177638908980955e-01	   0.0000000000000000e+00	   8.2437394094746708e-01	   8.9183252234509536e-01	   7.1426100181031815e-01	   8.7618866569348353e-01	   6.6076193523976312e-01	   6.5118451064015848e-01	   6.7817851715839295e-01	   7.8180214342581078e-01	   5.1493266087610434e-01	   4.2588125733666810e-01	   4.1661462449027648e-01	   5.0222194816604715e-01	   4.0786649861318303e-01	   4.6236944708010175e-01	   3.0579308043139342e-01	   3.1620010386301745e-01	   7.8138164343954353e-01	   7.5431992095744960e-01	   6.3279636863296740e-01	   6.6316707629469573e-01	   7.1396046081072240e-01	   7.5383655703414032e-01	   3.7056809102891047e-01	   4.9876312736944384e-01	   5.5977279860384810e-01	   3.8389617970618495e-01	   6.3871008803067120e-01	   5.7686319285646226e-01	   6.9422738460893707e-01	   6.2914498300258548e-01	   6.5932384228974961e-01	   6.3342195430799986e-01	   5.2502520917682538e-01	   5.7408605114853895e-01	   6.7211177577500869e-01	   6.5506501891842328e-01	   5.3516068310835929e-01	   4.3725865850288648e-01	   7.0995932155780239e-01	   4.8662431475732276e-01	   6.4057049997597981e-01	   6.3225828302639020e-01	   7.7266082566822092e-01	   7.6165264451455905e-01	   5.2600322947556499e-01	   5.3334165912229115e-01	   4.7318684262343363e-01	   5.2055497764526604e-01	   7.2464369087745906e-01	   8.1581222118328811e-01	   6.4307114185058978e-01	   7.5791222359786858e-01	   3.3128160846230925e-01	   5.9304573027342222e-01	   5.9633069536994210e-01	   5.0932110891490723e-01	   5.0162945433620609e-01	   5.4392757646274204e-01	   6.2909488734482966e-01	   4.4545492669744219e-01	   6.5066830005012510e-01	   6.7777125110896219e-01	   6.0628702264471357e-01	   6.5464150231219087e-01	   6.7073622881199024e-01	   7.4361234035320112e-01	   6.3793574454093660e-01	   5.9672274173368023e-01	   7.6936181408826698e-01	   7.5720935517150656e-01	   8.2084207067964887e-01	   8.3527767375862805e-01	   6.5848422709164400e-01	   6.4213442381828156e-01	   6.0012444234151385e-01	   4.2826331882314711e-01	   4.7858476891226442e-01	   6.5510846296146286e-01	   5.6227194588359453e-01	   6.1539097844395418e-01	   4.0166645214279395e-01	   4.3790716166744670e-01	  -7.1836299817187657e-02	  -3.2039209272768654e-02	   6.0328646899070548e-01	   6.4447451095170072e-01	   5.6823721138200445e-01	   6.9467862247481582e-01	   2.4122471393858119e-01	   2.6868482326002430e-01	   1.8174975936736210e-01	   3.6448046619869146e-01	   1.0434920867830533e-01	  -1.6870203332390150e-02	   1.9855874564940879e-01	   5.4229035603464495e-02	   1.6603501430209058e-01	   5.5772919035218499e-02	   4.7779287898785033e-01	   6.0597668547196171e-01	   5.0777349325493459e-01	   6.3892678908629186e-01	   5.5382630933997334e-01	  -4.9520520001992097e-01	
   6.9190868508388026e-01	   7.0982115288341174e-01	   5.7449290266936259e-01	   6.1026135400820025e-01	   4.7120404979360486e-01	   4.9384811593180522e-01	   7.3091804159335172e-01	   6.3954446212804672e-01	   6.1948378417256844e-01	   6.1430959570997912e-01	   8.7515150827253763e-01	   8.2437394094746708e-01	   0.0000000000000000e+00	   8.3547377140069079e-01	   7.6259414754122457e-01	   7.5241347878234432e-01	   6.8489556101704219e-01	   6.0990646758846823e-01	   7.2501489885680848e-01	   7.6928962324245198e-01	   4.8113404360507417e-01	   3.9083210268485158e-01	   5.0244367252808853e-01	   5.3634048046680860e-01	   4.6811873768824563e-01	   4.3880994104733828e-01	   3.3356376210545935e-01	   3.0735589474189806e-01	   7.6844254272643986e-01	   7.3214855711673521e-01	   6.6167570553350530e-01	   6.8203035885377616e-01	   7.7920614571604507e-01	   7.7918498873164477e-01	   4.7399818917750131e-01	   5.7849390411445922e-01	   5.6302133069121307e-01	   3.9424574492112674e-01	   6.4718491649294574e-01	   6.0389808581524029e-01	   6.0909291985094249e-01	   5.6695439069679010e-01	   6.0961794427679905e-01	   5.8102757751644041e-01	   5.4968165328909424e-01	   5.6579645077769647e-01	   5.6107537550423925e-01	   5.5270807370281583e-01	   4.8746211119330762e-01	   3.3853851741891161e-01	   6.4389140077321771e-01	   3.7018646817430556e-01	   4.9306077364856404e-01	   5.0682342419625792e-01	   6.4582561606144495e-01	   6.5227360835666981e-01	   4.4967091080248178e-01	   4.9279274917153737e-01	   4.6713259327829854e-01	   5.0326344120301725e-01	   7.2244503375845570e-01	   6.5346904342939904e-01	   7.5007338273566337e-01	   7.8300239280382411e-01	   4.8223162225013794e-01	   5.1292899808486281e-01	   6.9825778469508992e-01	   5.4794109810221736e-01	   6.1262714019823106e-01	   5.8383451446665435e-01	   5.8490701587843463e-01	   5.3116248512352793e-01	   6.8072435757186422e-01	   6.7921567751332557e-01	   6.1777225529295043e-01	   6.0749973165658955e-01	   7.0678367618396387e-01	   6.5337632389702238e-01	   6.3833466084537061e-01	   5.8310627295497197e-01	   7.6800224289430397e-01	   7.9419300842684692e-01	   8.3707416519555022e-01	   7.4733741967684053e-01	   7.4927095418253487e-01	   6.9770001231366374e-01	   5.8063638479794477e-01	   4.1050057942806539e-01	   5.3834228233414605e-01	   6.8178863039374216e-01	   5.1230022644359519e-01	   6.6357545849075761e-01	   4.2733449287209557e-01	   4.6536944405302527e-01	  -3.1006874253630835e-02	  -5.4086482560427428e-03	   5.0851222859740797e-01	   5.4449510238336463e-01	   4.9582662394502552e-01	   6.1991167666061664e-01	   2.1294227735028659e-01	   3.1368160318302035e-01	   2.6031448447542949e-01	   4.1893057365398095e-01	   4.7176645973979872e-02	  -2.7090290448898789e-02	   1.3780377720698503e-01	  -1.7685795429741843e-02	   7.5661763500089407e-02	   1.1358823170681207e-01	   4.2066763704135413e-01	   5.9204248792247816e-01	   5.0273993011572071e-01	   6.4864266391132541e-01	   4.5186342683036351e-01	  -3.7440265081749824e-01	
