   0.0000000000000000e+00	   7.4036408271738441e-01	   4.5512790287457650e-01	   4.0744676358842813e-01	   1.8515573462114943e-01	   3.3209519501470730e-01	   6.4614858744749770e-01	   5.5827034572197576e-01	   4.5674718877634285e-01	   5.4549032450066270e-01	   7.2042292838877298e-01	   5.0763367681624993e-01	   5.0179126140382135e-01	   4.6401068530718181e-01	   2.2819913464361796e-01	   1.9761719372111533e-01	   6.0587255043173571e-01	   5.4608361654923299e-01	   7.8613711754169824e-01	   8.0476013963759496e-01	   1.5467315508858648e-01	   2.6188156804187464e-02	   1.9446726343452370e-01	   2.3915504006396091e-01	   5.4514144629377162e-02	   9.8100054472882919e-02	   1.5938898375558980e-01	   2.5876423812630789e-01	   4.0658972534794852e-01	   2.8023434679221715e-01	   1.5891328869485463e-01	   1.8555458115838053e-01	   6.0727556673686278e-01	   7.0571256189332132e-01	   2.5586407209073403e-01	   3.9136766719364546e-01	   3.0100342922994883e-01	   2.5583946632158999e-01	   3.4845205142500624e-01	   4.9060740389769386e-01	   4.9177138168293788e-01	   4.3453263240401813e-01	   5.6403534004087652e-01	   6.0048940038117116e-01	   5.1908607045422395e-01	   4.6442706512028686e-01	   5.8416788391977337e-01	   5.8544200798974155e-01	   5.2746968587423926e-01	   3.8506654132072327e-01	   6.1403505934877545e-01	   4.3567417970877592e-01	   4.4496399057171548e-01	   3.3404310609754417e-01	   6.6636741333455329e-01	   6.7076296672445546e-01	   5.0845519139895323e-01	   2.1611596236223671e-01	   4.6579275440798606e-01	   3.0221377365705004e-01	   6.0259132266158422e-01	   4.8159975416806611e-01	   5.4126902349932227e-01	   5.1043077447249718e-01	   1.9465090552987196e-01	   2.8573283214423217e-01	   6.3372085944083345e-01	   4.9746882813718313e-01	   5.2660978063776309e-01	   1.4973370042297529e-01	   2.2830675592657931e-01	  -2.5921555667580603e-03	   5.3889717091396494e-01	   5.8834907617624022e-01	   5.6965963284418564e-01	   5.0954998445451238e-01	   7.1161277711002935e-01	   5.9913960765305996e-01	   4.0423494235968471e-01	   3.7858295349067145e-01	   5.8842164640854833e-01	   5.2445861977806829e-01	   5.2984295367210932e-01	   3.2821532722919633e-01	   3.2810221680501744e-01	   1.9082474936690511e-01	   5.1598803970734952e-01	   4.5794670532543080e-01	   6.0380794112043656e-01	   6.2537643396938303e-01	   5.6051160422808710e-01	   5.7531334773185283e-01	   2.2430970444454718e-01	   3.9819120274617054e-01	   1.3668929149761683e-01	   1.5391740800559506e-01	   2.9308911075111510e-01	   4.3469359008635755e-01	   5.0999913654336204e-01	   5.4973840977504973e-01	   2.2102294934901937e-01	   4.0603942330455312e-01	   5.7122845389723031e-01	   6.4591048292920472e-01	   4.5774486753719990e-01	   5.4423970443632252e-01	   4.2079698933571635e-01	   5.1636285502523716e-01	   1.0615849687971390e-01	   2.8362003725794660e-01	   3.7793182444765061e-01	   5.5517624144082500e-01	   4.7051807180492566e-01	   3.1288848798053703e-01	   1.4425986989265366e-01	  -9.6184412239289363e-02	
   7.4036408271738441e-01	   0.0000000000000000e+00	   1.5897410698284520e-01	   1.5403954585129814e-01	  -7.4553837812643395e-02	   7.5741908095586966e-02	   2.9072302375072068e-01	   2.9124168794859712e-01	   2.8086788361227810e-01	   2.4647833675386319e-01	   5.3329021186808534e-01	   3.7617483337301655e-01	   4.1244093289182571e-01	   4.4579559959333137e-01	   1.7972106347458427e-01	   1.3398162545425896e-01	   6.4329817890390872e-01	   4.6047867076694948e-01	   4.6198656513128078e-01	   5.4365514121426561e-01	   1.0876752106150397e-01	  -3.7825161607407176e-02	   1.4428096427500890e-02	   2.3402384729390201e-03	  -8.7655651864771436e-02	  -8.0360051851188996e-02	   1.3084665073061041e-01	   2.1710473932565433e-01	   3.4375404798571757e-01	   1.9613391436393263e-01	   1.6281597701243909e-02	  -2.2995164812956423e-02	   3.7627391826961754e-01	   5.3056994887736941e-01	  -1.9904518548045966e-02	   1.0762931250044036e-01	   2.5847487209036918e-01	   9.4489857781034373e-02	   2.6983088046240511e-01	   3.2193504539546380e-01	   3.9166607757324345e-01	   2.7014476203473703e-01	   3.3523206858994581e-01	   3.7355318376556634e-01	   3.0491505212726810e-01	   3.9050304030269384e-01	   3.9334870599203048e-01	   3.4152600607495026e-01	   3.5873972914267510e-01	   3.3366943282699468e-01	   5.2825719500488133e-01	   3.9956559354512333e-01	   2.6025612608730425e-01	   2.7680186376234139e-01	   5.5875207020516771e-01	   5.0384603531052474e-01	   6.9888755310369310e-01	   5.6365884084017703e-01	   4.1492233974583348e-01	   3.7174860778048713e-01	   4.4904251889410490e-01	   2.6860315195391110e-01	   5.4667655325131481e-01	   4.6379565626476404e-01	   1.2804665166444190e-01	   2.6945960562964910e-01	   5.3543475231126325e-01	   4.6861642498067735e-01	   4.8815821314145386e-01	   2.9808960539718588e-01	   8.6146817439586368e-03	  -1.9414283743351229e-01	   4.7756551798187352e-01	   4.4100919522980031e-01	   4.2502522158351469e-01	   4.7841893659687007e-01	   4.8886547582121292e-01	   4.2186997287082056e-01	   5.3740714992115901e-01	   5.6318393201455463e-01	   5.4658816649939956e-01	   5.1262206441896363e-01	   2.6400563797511167e-01	   1.7081807294865838e-02	   2.8039864862365826e-01	   2.0379537956982086e-01	   3.6801984582541580e-01	   2.8999080045135112e-01	   4.1645802108118729e-01	   4.2219881231473000e-01	   2.6252628291877667e-01	   2.8094365887050476e-01	   6.6857134367077103e-02	   1.4491807449634814e-01	   7.5079078941928792e-02	   1.1880585671616174e-01	   3.7649780652876785e-01	   4.6082263670421930e-01	   4.3880611102823908e-01	   3.2961407464026871e-01	   1.0866885765099923e-01	   1.3672435380935774e-01	   4.1595569423504941e-01	   3.0956153403545628e-01	   3.7859060906645636e-01	   2.5210344319477873e-01	   1.6132171023653982e-01	   1.8247601709737443e-01	  -4.1722390491247673e-02	   1.4928723429833213e-01	   2.9621038221632584e-01	   3.5896974765059864e-01	   3.4636127717306281e-01	   4.7635727869905142e-01	   2.9650418058492495e-01	  -2.0415023969534202e-01	
   4.5512790287457650e-01	   1.5897410698284520e-01	   0.0000000000000000e+00	   6.9483118165900681e-01	   3.4205623332649598e-01	   3.1866864620537949e-01	   6.5485854041994029e-01	   5.2076244615785738e-01	   5.0849305493602859e-01	   3.7015670068829609e-01	   5.7790121061975708e-01	   3.6898051427992584e-01	   5.0743914302661552e-01	   9.4179888978182871e-02	   6.2667454304388426e-01	   3.3402801007800664e-01	  -1.5090792818449505e-01	   8.7630167590836069e-02	   4.9979335803846370e-01	   3.7472660724367951e-01	   3.2811068167910362e-01	   1.9846066727617839e-01	   7.9625334325997277e-01	   7.3956235218526956e-01	   5.3522227647705234e-01	   4.8006942853885287e-01	   4.6559136313394034e-01	   3.9485588974119179e-01	  -6.1048142785030929e-02	   2.9858789640747771e-02	   5.8905224353776509e-01	   5.6937401756523009e-01	   4.6973336913721092e-01	   4.6654944823186040e-01	   6.6018484629814167e-01	   5.2286172797511321e-01	   4.0596052326429249e-01	   2.5797147414202631e-01	   2.8642843172398796e-01	   3.0916159776523022e-01	   2.7980960466439586e-01	   2.6439086806918155e-01	   2.5485018156560224e-01	   1.8977071981607871e-01	   1.6317344403292491e-01	   1.7132378667118694e-02	   2.0904160385814824e-01	   2.0257394500619635e-01	   1.0466955911390242e-01	   4.2946492854059021e-02	   1.7089130100782929e-01	   4.4056980633932069e-02	   2.4802829184444139e-01	   1.4434257183491256e-01	   2.8252993784318692e-01	   3.7831728539464687e-01	  -3.5751451035536778e-02	   5.7392532507919439e-02	   4.5696133441658954e-01	   2.1249873419140519e-01	   5.4195147788148157e-01	   4.7042962564276325e-01	   1.4530690615201414e-01	  -2.2749429167456453e-02	   6.3934943546859357e-01	   3.6881900404312740e-01	   5.5309787277696953e-01	   2.7284611165384143e-01	   3.3873298368483068e-01	   1.0343520155082722e-01	   5.2538003124118438e-01	   2.3303284653652123e-01	   1.7682076320130935e-01	   2.4657796498560541e-01	   4.9045365779299133e-01	   1.9366791898157704e-01	   3.9306629321413744e-01	   3.6208577299868122e-01	  -7.3596517614395673e-02	   1.7207230971596158e-02	   7.1389431160320482e-02	   2.4882561364818745e-01	   5.5505015922979661e-01	   4.6291127860982906e-01	   7.5026341190853141e-01	   4.8757063575450932e-01	   5.4322989789937148e-01	   3.5884404107875589e-01	   6.7982218585433496e-01	   5.3742414260555760e-01	   4.2296432401337014e-01	   6.1503992354245252e-01	   5.2753572202527121e-01	   6.8814715735253495e-01	   1.5631217884390858e-01	   2.6951280302051173e-01	  -5.6472297342306507e-02	   1.0403278427939418e-01	   2.3237692064111687e-01	   4.1771862283152666e-01	   3.3911741951999719e-01	   6.8613496199372770e-01	   3.7900476366220159e-01	   3.8587377790015437e-01	   2.2190590709030328e-01	   4.9341968346939025e-01	   1.7700026407989317e-01	   3.7212860409120957e-01	   2.2616319529310819e-01	   2.6041659369249681e-01	   2.6356111252503905e-01	   4.0523812246090429e-01	   1.8953013801376756e-01	   2.2657806895710461e-01	   1.9005030981993815e-01	   8.6531236640971940e-02	
   4.0744676358842813e-01	   1.5403954585129814e-01	   6.9483118165900681e-01	   0.0000000000000000e+00	   1.6226754055911327e-01	   7.1580364772559135e-01	   5.8397634952228161e-01	   8.3715228458141477e-01	   4.2803408077925670e-01	   6.7868991964151315e-01	   4.1361154548145218e-01	   4.8663361404347966e-01	   4.4921712893611804e-01	   2.7285687626586386e-01	   3.4185914353058755e-01	   2.6572344250640617e-01	  -5.9636988939634220e-02	   2.6877524236493905e-01	   5.1137152627433524e-01	   5.1301873498658168e-01	   1.4121421691451638e-01	   1.5213275383981287e-01	   6.9734569407224911e-01	   7.7654117767660513e-01	   3.2552288864820128e-01	   4.4426323897904751e-01	   1.1022397472459600e-01	   3.8604183787428470e-01	   9.4119207474075879e-03	   2.2309570506860413e-01	   5.3819513522645268e-01	   6.5821451463585157e-01	   5.2091405394551327e-01	   6.7551694993530498e-01	   5.1969296372832896e-01	   5.0131111905019066e-01	   2.6977201958526192e-01	   1.3397901501114820e-01	   3.3703973914752439e-02	   1.8405831071867362e-01	   2.8675405903300744e-01	   2.8828861273657824e-01	   1.5856543057545164e-01	   1.4689569012584633e-01	   1.3946149201919993e-02	  -8.0159265595189572e-02	   8.1296419558618466e-02	   1.2411087181119106e-01	  -4.5564794296947195e-02	  -1.6280937634478368e-01	   7.6715133139721170e-02	  -8.8800917914876570e-02	   2.9732338664373542e-01	   1.0756118724066330e-01	   2.6330537943839410e-01	   3.1382194353984638e-01	  -2.2472387847549465e-02	   2.3371835858866000e-02	   3.8378197575245099e-01	   2.6778036501126512e-01	   5.5778549237992026e-01	   5.5065960958592153e-01	   2.6004950596778653e-01	   1.5279597447741511e-01	   2.5557096516920541e-01	   2.4748735522117360e-01	   4.0724640966759706e-01	   2.1821865509212018e-01	   3.3541351069731207e-01	   6.5407362188706922e-02	   3.7896740061982193e-01	   1.8397855559478316e-02	   1.0514183430057346e-01	   3.2838039797757212e-01	   3.1684726990289103e-01	   2.6834170185849837e-01	   3.2801120495884833e-01	   3.7748857897629040e-01	  -6.9083261873397694e-02	  -5.6048601692382420e-03	   1.9997020415579883e-01	   1.8487458817609731e-01	   4.5215982767717500e-01	   4.7572370888038229e-01	   4.3899644158440354e-01	   2.5518517748902225e-01	   4.3764832281902027e-01	   3.5472937172315944e-01	   5.6780824581128087e-01	   5.4426270267397325e-01	   5.0406470559659577e-01	   4.4752048624342822e-01	   4.6540342738894935e-01	   4.7370119528027455e-01	   1.5172906813519421e-01	   9.8678824556469563e-02	  -1.1713486342391781e-01	   1.7194991112493832e-01	   6.7114404977035774e-02	   3.3405907995417961e-01	   2.8364615651976088e-01	   4.8208919988855026e-01	   5.2146648141584184e-01	   4.5939305220867277e-01	   1.4604100185315538e-01	   2.8246515093573205e-01	   2.8169683538191126e-01	   4.0073693812147970e-01	   2.2855564555365038e-01	   2.9874704882486669e-01	   1.3565954288378768e-01	   2.2493027272928856e-01	   2.0347191652624878e-02	   9.7908014495663193e-02	   1.0117658371148718e-01	   3.8624752766461351e-02	
   1.8515573462114943e-01	  -7.4553837812643395e-02	   3.4205623332649598e-01	   1.6226754055911327e-01	   0.0000000000000000e+00	   1.9124866908974933e-01	   5.3905309887942732e-01	   1.7430648598838314e-01	   6.5199540050442817e-01	   3.3995407476721938e-02	   1.5076858246551711e-01	   1.8009287273376801e-01	   3.3899526504946204e-01	   2.6800247885667383e-01	   4.1005340017324499e-01	   5.0010387955373159e-01	  -3.8649164583812748e-02	  -7.9759533286413387e-02	   1.7564449377988989e-01	   2.1732192354018590e-01	   2.1570921487850475e-01	   1.8832201334781268e-01	  -6.9502575010740100e-02	  -4.1432986212294895e-02	   1.8604972549912224e-01	   9.9716600730771904e-02	   4.0116008535872671e-01	   7.9486001853216609e-02	   3.4330453381272152e-01	   2.9344816567713616e-01	   1.8433067618162852e-01	   1.3441896274382617e-01	   4.0474699403593073e-01	   2.8260392875894819e-01	   3.6100761151261440e-01	   3.5206719775087353e-01	   2.2320691327513115e-01	   3.7687261805502986e-01	   3.4717965630111686e-01	   4.5415403224593714e-01	   1.8679799877716463e-01	   4.2163150328090071e-01	   3.0734670315662826e-01	   2.5344359831547059e-01	   3.4858219684080477e-01	   2.7921483422944166e-01	   2.5746326854632212e-01	   3.1697431628944817e-01	   4.0906024120278317e-01	   4.2545500929865243e-01	   3.7461781390240528e-01	   4.4648325992750793e-01	   4.0952782225232176e-01	   4.5539996430974677e-01	   2.7555294037268635e-01	   4.3267389071809392e-01	   1.3555726626682485e-01	   8.8941218913981324e-02	   4.1362860740279944e-01	   4.2376813238464306e-01	   4.5187508114251940e-01	   4.4783466740380506e-01	   2.3324170919775944e-01	   3.3922574106768399e-01	   2.6816010080412411e-01	   4.0912087956830034e-01	   4.3110354309830234e-01	   3.8663562439784033e-01	   2.6903228809043367e-01	   1.9209763523729217e-01	   4.9751467094911483e-01	   4.8413804792368537e-01	   5.4333648107935117e-01	   1.2501969006576230e-01	   3.6595172102303897e-01	   3.7268319746837686e-01	   3.9322725637396944e-01	   4.1652987828412574e-01	  -2.2970912847726376e-03	  -1.5495187012571349e-01	   7.8789394005176858e-02	   3.6291596581885166e-01	   1.9994314541749808e-01	   3.6076368303298145e-01	   2.2522448790869190e-01	   3.7704026991956935e-01	  -4.4912764743039700e-02	  -2.1516059295092849e-01	   4.8413596079630306e-01	   4.0930301345483733e-01	   6.6103587534934849e-01	   5.3017756775642944e-01	   6.6743017818246453e-01	   4.1051195227966336e-01	   2.1245625706049762e-01	   4.6098827017183142e-01	   9.3257756519682128e-02	   3.8179583170717424e-01	   5.1064109219066289e-01	   5.6777897142901601e-01	   4.9266317749005284e-01	   5.5110502502969028e-01	   4.5063558066053799e-01	   3.6970298561715143e-01	  -9.3785359868570478e-03	   2.1690160019068766e-01	   6.8027296600337947e-02	   1.3729451975674523e-01	   1.6011095554568255e-01	   1.3895726641020573e-01	   3.7122090272262326e-01	   5.6985903101331070e-01	   5.5586529582538324e-01	   2.6164461223892910e-01	  -3.0013829784087631e-01	   2.8279744778629445e-01	
   3.3209519501470730e-01	   7.5741908095586966e-02	   3.1866864620537949e-01	   7.1580364772559135e-01	   1.9124866908974933e-01	   0.0000000000000000e+00	   5.1504890970260886e-01	   7.4531876267347474e-01	   3.7713565812422178e-01	   8.6368342615922145e-01	   2.3805764387481759e-01	   5.2629766287941426e-01	   2.9678895407405481e-01	   4.6695454144816234e-01	   1.6089336667579254e-01	   4.1904780570174482e-01	   8.2941385086102826e-02	   1.6680497871569908e-01	   3.5597731220833406e-01	   4.4772450929961893e-01	   1.4724070833669042e-01	   2.3440508872134957e-01	   2.8587181699829078e-01	   5.1846954822221991e-01	   2.0190291245811073e-01	   4.3799960713729663e-01	  -5.8201637183395508e-02	   4.2916805211987386e-01	   1.6280358275874748e-01	   3.0281540280907154e-01	   2.9022584140513363e-01	   4.6260177317750339e-01	   5.4012937091073376e-01	   6.6595897062087506e-01	   4.7454179906859084e-01	   5.2196538537858383e-01	   3.1999999976629412e-01	   3.4851990821917855e-01	   1.2238483965942135e-01	   3.6480779214380427e-01	   3.3645650106431008e-01	   3.4173607822930163e-01	   3.9451291702069574e-01	   3.4078776347082962e-01	   2.6519755113398313e-01	   2.1675323582159750e-01	   2.7322387125642222e-01	   2.4790007054325658e-01	   1.4384865520767762e-01	   4.3221340285896082e-03	   2.4053877948768254e-01	   1.0518668469073320e-01	   2.5364112662094612e-01	  -2.9650015193862789e-03	   3.2720293446460980e-01	   2.7783621980155804e-01	   8.3379825612680633e-02	  -1.7842887289557810e-01	   7.3602016659282274e-02	   7.5519885004120588e-02	   3.7631893646247039e-01	   4.8045331284320247e-01	   2.4415321861919237e-01	   1.9616949851530407e-01	   1.1523972630996672e-01	   2.8926758471873465e-01	   4.0576854017438324e-01	   3.6147232165608478e-01	   3.0135659243719970e-01	  -8.2546796888190915e-02	   3.1884563710305880e-01	   6.1430488970154726e-02	   1.3273986070361021e-01	   3.1450802991040872e-01	   1.4242637698608115e-01	   2.4811602193845689e-01	   2.6951495315681234e-01	   4.0636058066648728e-01	   5.3472265449730832e-03	  -3.1815232852743798e-02	   3.3663418032276604e-01	   1.5825919421380236e-01	   3.1410947390552801e-01	   4.9915840352594021e-01	   1.7314799469281900e-01	   2.0907824482238779e-01	   3.4575201037934389e-01	   4.1435450284324182e-01	   3.8845909416931645e-01	   4.0872700676769780e-01	   5.7939540914743559e-01	   2.8736683514689426e-01	   4.6426802190147221e-01	   3.1607472965268052e-01	  -8.6926053836405684e-02	   7.4443559934502523e-02	  -1.2275382571605620e-01	   1.8100723681943587e-01	   1.5323867923199114e-01	   1.4769745783910665e-01	   4.1790099652278195e-01	   3.5874777896801058e-01	   5.4654856984498812e-01	   4.9238193490231891e-01	   1.7317538583134662e-01	   2.0821915176992345e-01	   3.7510188697525609e-01	   3.2687143407307123e-01	   1.0887807145719638e-01	   2.6562890934787053e-01	   2.4127661314649415e-01	   1.4483635776881887e-01	   5.0925369987861249e-02	  -1.5689657240454011e-01	   3.6425050566998816e-02	  -1.0333585321653144e-01	
   6.4614858744749770e-01	   2.9072302375072068e-01	   6.5485854041994029e-01	   5.8397634952228161e-01	   5.3905309887942732e-01	   5.1504890970260886e-01	   0.0000000000000000e+00	   7.4817755584813650e-01	   7.7489347479313508e-01	   5.6749132043380213e-01	   6.7464239587828478e-01	   5.2330728314313957e-01	   6.4211072124206359e-01	   4.6457644504754619e-01	   3.3909391690100654e-01	   3.5201145572622389e-01	   2.9257917722671878e-01	   3.5517057437232563e-01	   6.9027339007210631e-01	   7.0420764960305060e-01	  -5.8536013709253661e-02	  -1.3096328650288755e-01	   2.7737891235037737e-01	   3.5704583888678221e-01	   3.9475648052610758e-02	   3.5888715134728195e-02	   6.0558523181744039e-02	   1.3991399654631326e-01	   2.8331255226691532e-01	   2.8503982288113244e-01	   1.5815391410545016e-01	   2.5070442104419133e-01	   6.1083851484158203e-01	   6.8957893459812425e-01	   3.8762640948275973e-01	   4.3466391882639738e-01	   2.8992814898151625e-01	   2.9522501265224876e-01	   2.7900861656734133e-01	   4.4656440134234454e-01	   2.5675742818852698e-01	   4.0100657890172253e-01	   4.8429804908191221e-01	   4.4153706641087798e-01	   4.6817451750830619e-01	   3.3185677313338025e-01	   4.2104168671043396e-01	   4.7556079498360831e-01	   4.2390844543721623e-01	   2.3285391886967238e-01	   4.9760720783721335e-01	   2.9083707314263829e-01	   3.3110675596590367e-01	   3.3197775585254491e-01	   3.8994669606081911e-01	   5.2207493936538762e-01	   1.1292929038992502e-01	  -1.0348416412417812e-01	   3.3140358842269413e-01	   1.5954241308241696e-01	   7.1584561162491789e-01	   6.3600619546467507e-01	   4.9990963604053451e-01	   4.5653813964309242e-01	   3.5518868340391463e-01	   4.0078888533364065e-01	   6.2507005109408054e-01	   4.0050859102393854e-01	   3.6926490943132212e-01	   4.5387265358420525e-02	   2.9851701457636293e-01	   4.8103541884438356e-02	   4.1689263209529170e-01	   4.2970036359041963e-01	   4.7508453431367242e-01	   4.9216297870809234e-01	   4.9364057043084364e-01	   5.2926687289887153e-01	   1.1106399333882602e-01	  -5.3852494429446089e-03	   3.5081948373235183e-01	   4.3203388762673584e-01	   3.5406805691945459e-01	   3.6152012009378587e-01	   3.3835617765277159e-01	   2.5070068445820126e-01	   3.2867557608389014e-01	   2.2570447977863234e-01	   6.4536893047056565e-01	   5.7136980086547717e-01	   7.1547729239736924e-01	   7.0790875955054111e-01	   5.1033772576095326e-01	   5.6975194436476628e-01	   2.0806673791184832e-01	   2.5599107133543236e-01	  -7.1839881902501890e-04	   3.6288102425067836e-01	   4.8836856679421026e-01	   5.9117086566216104e-01	   4.7939811676836530e-01	   7.0842293100870113e-01	   6.7200791797190362e-01	   6.8339928403704309e-01	   2.6126180058238013e-01	   4.7986651588474366e-01	   3.7751795634017049e-01	   4.5578636023799896e-01	   1.2624288344694184e-01	   2.8464356315090111e-01	   3.7663201616683728e-01	   5.8483418924193020e-01	   4.4962219872867315e-01	   1.6525153657353331e-01	   1.5942071181185794e-02	   1.1434727364254300e-01	
   5.5827034572197576e-01	   2.9124168794859712e-01	   5.2076244615785738e-01	   8.3715228458141477e-01	   1.7430648598838314e-01	   7.4531876267347474e-01	   7.4817755584813650e-01	   0.0000000000000000e+00	   5.6342178202824744e-01	   7.7826204982339764e-01	   5.7041595329247397e-01	   5.9244208416807742e-01	   5.7231459233543447e-01	   5.0339550289064161e-01	   1.1431810463968872e-01	   2.5530237435602782e-01	   2.7604379147268743e-01	   3.8929160662857326e-01	   5.9347355177348116e-01	   5.9293099727516863e-01	  -1.8044163418588233e-01	  -1.0148266272074845e-01	   4.3784094402288198e-01	   5.7463015235588388e-01	  -2.7405926855150992e-02	   1.1542343129073453e-01	  -1.7451160146125491e-01	   1.8695728647172188e-01	   1.0952417408824719e-01	   2.7416907899073439e-01	   2.1080292757567440e-01	   3.9022929363372427e-01	   5.5072935046319371e-01	   7.8861988623937274e-01	   3.8140456344421753e-01	   4.9927662817448470e-01	   1.8790509145382397e-01	   1.1633333619434144e-01	   8.3761546689804206e-02	   2.2444259176750064e-01	   2.9415053736347913e-01	   3.1931924183340343e-01	   3.5667112933412337e-01	   3.3921983461394634e-01	   2.3293558331904246e-01	   1.3902847472939206e-01	   2.7018457861147455e-01	   3.1066576002996449e-01	   9.7306438349373178e-02	  -8.0200758531313115e-02	   2.4641523079575989e-01	   3.7790891316949592e-02	   2.8990274582088704e-01	   1.6164825886991732e-01	   2.9479362142360294e-01	   3.5533247291494452e-01	   1.1904270761828897e-01	  -7.4891950127425166e-02	   2.5544628080442466e-01	   1.9559488567155475e-01	   7.0098073275690209e-01	   7.1688427848236180e-01	   4.7636130985250913e-01	   4.0173570077381926e-01	   2.0442618156319431e-01	   3.2080698069587804e-01	   4.8361917125615217e-01	   3.4211169041273060e-01	   3.2637728208411443e-01	  -6.3137078890406571e-03	   1.9506444999720279e-01	  -1.1050172917618968e-01	   2.5324765849449649e-01	   4.5596515137830751e-01	   3.7331332546472323e-01	   4.3661446904214724e-01	   4.2403850528367903e-01	   4.9707165109047802e-01	   9.5771680317837074e-02	   7.3152826307104721e-02	   3.8130298222765097e-01	   2.6466732777082241e-01	   2.4054643932959907e-01	   3.0501494165617238e-01	   2.7832493941150027e-01	   1.4716809334819414e-01	   2.5752203603974266e-01	   2.7365698953250300e-01	   5.3294910815873853e-01	   4.9985180673156382e-01	   5.8551839459090171e-01	   4.4195606601864068e-01	   4.0216230444036305e-01	   3.1402786956175965e-01	   6.4658572402683419e-03	  -5.5108717679517444e-02	  -1.1334386144817814e-01	   1.9843092773346221e-01	   1.5206865976235917e-01	   3.7046084269007390e-01	   3.5809871295747303e-01	   3.9775967300580828e-01	   5.9126449502692291e-01	   5.2411149211934149e-01	   2.4105867267167749e-01	   2.4342847704595122e-01	   3.1951987140052257e-01	   4.0050706084606058e-01	   3.2418937432888875e-04	   1.5264476027483431e-01	   1.5569685252102092e-01	   2.6961152752726192e-01	   1.5210586944470647e-01	  -3.9412420716147020e-02	   4.5442505684191059e-02	  -1.0074680542416416e-01	
   4.5674718877634285e-01	   2.8086788361227810e-01	   5.0849305493602859e-01	   4.2803408077925670e-01	   6.5199540050442817e-01	   3.7713565812422178e-01	   7.7489347479313508e-01	   5.6342178202824744e-01	   0.0000000000000000e+00	   4.3288616046440531e-01	   5.7847108743668252e-01	   4.4503106323268499e-01	   7.0693921053072317e-01	   4.7475749670228734e-01	   5.2920679903232959e-01	   5.2884955640101550e-01	   1.5992297387405302e-01	   1.0139125224574683e-01	   4.5510689567608942e-01	   4.3731926792024434e-01	  -1.0037468751099756e-02	  -9.0104072728127940e-02	   1.5494106073910849e-01	   2.2642813998038006e-01	   4.1745116180426062e-02	  -8.7710855056775099e-03	   2.4829625229974700e-01	   1.9468682889502664e-01	   1.2033549240980296e-01	   1.3692713718141464e-01	   6.4306209292192855e-03	   4.5273182322230210e-02	   3.9719573326369445e-01	   5.1375806610507124e-01	   3.6607486203738970e-01	   4.4947577281158335e-01	   3.5225406414615312e-01	   3.5309513790768793e-01	   3.1944074281631007e-01	   4.9664922442038911e-01	   3.1581031777948149e-01	   3.7549769440089847e-01	   2.8573949504796065e-01	   2.1104674564648851e-01	   2.8471124046574281e-01	   1.5273398205708194e-01	   2.2443131537938249e-01	   2.6894750624199648e-01	   2.5534373231934671e-01	   1.5342290935275166e-01	   4.1988656688058312e-01	   2.9990008012249891e-01	   3.0527948661305687e-01	   3.0133907132111631e-01	   3.8809158288645906e-01	   5.2194416696492463e-01	   2.3272371290742100e-01	   2.0920513864876211e-01	   4.4828088700028063e-01	   3.9474616172440169e-01	   7.5670567291406310e-01	   5.9994517009593562e-01	   4.9091102269969872e-01	   4.5985301146805202e-01	   4.4069469623709495e-01	   5.1043581510554126e-01	   6.4428353066558786e-01	   4.6148409923879796e-01	   2.6876166615402908e-01	   5.0062070911438281e-03	   1.8789362667174411e-01	   9.1333579267649387e-02	   4.6823930845064377e-01	   3.3123924623043099e-01	   4.6304260435486039e-01	   5.1852026456490352e-01	   4.3309636620358127e-01	   4.5941870371726623e-01	  -2.7893698367759873e-02	  -2.5609300060986138e-02	   1.2018223862510476e-01	   3.2422874278640545e-01	   2.1962539540919165e-01	   2.0040624051450601e-01	   4.0766610417210769e-01	   3.8771569465678657e-01	   1.3959901092996649e-01	   5.5650559093053248e-02	   7.3139974912417705e-01	   6.6330335715755995e-01	   7.1452398092422498e-01	   6.6986965285554745e-01	   6.5498859547390897e-01	   5.2241136046481673e-01	   1.8756576919964080e-01	   3.1527099923497792e-01	  -9.7803064309530202e-02	   3.3921290975857221e-01	   3.9840517990885871e-01	   5.5773576882761089e-01	   5.5802852461646890e-01	   6.9448241875818462e-01	   6.5253446704487028e-01	   5.3798079175517788e-01	   3.3737172847232216e-01	   4.2753751061555972e-01	   2.1227651070159270e-01	   2.1006753785103377e-01	   1.7960614001659159e-01	   2.5599940856796655e-01	   2.6263477283205494e-01	   4.7840700589623431e-01	   4.4692568325409243e-01	   2.7801248304486914e-01	   1.1127060151753329e-01	   1.2542983121709350e-01	
   5.4549032450066270e-01	   2.4647833675386319e-01	   3.7015670068829609e-01	   6.7868991964151315e-01	   3.3995407476721938e-02	   8.6368342615922145e-01	   5.6749132043380213e-01	   7.7826204982339764e-01	   4.3288616046440531e-01	   0.0000000000000000e+00	   4.7531292646308865e-01	   6.2198899725296319e-01	   3.9703994087482786e-01	   4.4623218696057609e-01	   1.5978152550255106e-01	   3.5225034482783513e-01	   2.5476579522172316e-01	   3.1659984528029472e-01	   5.5615829174378117e-01	   6.1203046044813703e-01	   1.3064942339899740e-02	   7.7196829273386405e-02	   3.3149093881436659e-01	   5.5867941820716593e-01	   8.6442658957297955e-02	   2.9271601129332880e-01	  -1.0933829537980114e-01	   3.9463481356401453e-01	   7.9458317305104179e-02	   1.8309613143246564e-01	   1.2991025181738011e-01	   3.2254336319710142e-01	   4.1795613845206203e-01	   6.4238492593954200e-01	   4.1419204892399147e-01	   5.1822919805972112e-01	   3.0267670728248319e-01	   3.1541156265639098e-01	   6.7100264780091595e-02	   3.4294146999143266e-01	   3.7151203074774308e-01	   3.1350923848051448e-01	   4.4724529641424582e-01	   4.2500368498771718e-01	   3.3273825503026377e-01	   2.2612110754302778e-01	   3.5157721276313814e-01	   3.3269419361570568e-01	   1.7982059609993656e-01	  -2.1226436672762385e-02	   3.1340446958707341e-01	   1.0646716557321348e-01	   2.4435906635687704e-01	  -4.9566885981499303e-02	   4.3221628342832730e-01	   3.1430386072409539e-01	   8.3397638005427377e-02	  -1.6478045648389766e-01	   1.3738495359117661e-01	   4.5116036343113002e-02	   4.9268371921587839e-01	   5.0029207949026755e-01	   2.9219743411248467e-01	   2.7627416763060086e-01	   1.6759469469231825e-01	   2.6064770098042944e-01	   4.4791411429326644e-01	   3.3949519116653953e-01	   2.4983813409052236e-01	  -2.0049433272778966e-01	   1.0883322427840637e-01	  -9.0634820609639469e-02	   1.0888297072069193e-01	   4.4955858618186828e-01	   1.9518634276254360e-01	   2.4745729889096651e-01	   3.6232021461055791e-01	   4.5556263690533894e-01	   5.6512077933867311e-02	   8.2928316742430036e-02	   4.2924503093589678e-01	   2.3109947270045111e-01	   4.1332563599618305e-01	   4.7300530440169852e-01	   2.6791605628512022e-01	   1.8878424416260342e-01	   5.0648673615431250e-01	   6.5883430670582621e-01	   5.1841375972411752e-01	   5.3830956414062836e-01	   5.5271232512619761e-01	   3.5805584764339038e-01	   3.5110237314917336e-01	   3.8799110428972788e-01	  -1.3446504856442199e-01	  -5.5398174097373229e-02	  -1.2904935732186951e-01	   3.8421869394968007e-02	   9.8156595590645879e-02	   1.5098450905910307e-01	   3.3852698930718350e-01	   3.6088688168878547e-01	   5.6762562108424663e-01	   5.9969119348065247e-01	   3.7196864242975292e-01	   4.3840359198488094e-01	   5.3705408303224478e-01	   4.9961638178460327e-01	   1.5021973094575033e-01	   2.1375326264533379e-01	   1.3721590041713244e-01	   1.5114603847392352e-01	   7.5686873588577466e-02	  -1.0172679473982063e-01	   1.8511890190499450e-01	  -1.9034321897440307e-01	
   7.2042292838877298e-01	   5.3329021186808534e-01	   5.7790121061975708e-01	   4.1361154548145218e-01	   1.5076858246551711e-01	   2.3805764387481759e-01	   6.7464239587828478e-01	   5.7041595329247397e-01	   5.7847108743668252e-01	   4.7531292646308865e-01	   0.0000000000000000e+00	   5.9150464295959870e-01	   7.9517209108818743e-01	   4.9687253622850702e-01	   4.8861239981267224e-01	   2.8636685717083660e-01	   4.9682088390459545e-01	   5.1466956559370380e-01	   6.6581306229250592e-01	   5.4383183522945722e-01	  -4.7385662408919942e-02	  -2.0959047918387153e-01	   3.8792731009010162e-01	   3.1231995052573447e-01	   3.9789933549268519e-02	  -1.3732012193775478e-02	   1.9022877615810668e-01	   1.2870292216708146e-01	   2.8029410018530188e-01	   2.2990705445641105e-01	   2.0069624422279969e-01	   2.4783303618669505e-01	   4.7299828770719532e-01	   6.0484898167510592e-01	   3.1404395879871405e-01	   3.4230958607850992e-01	   4.7089372684698433e-01	   3.0954843904532420e-01	   4.1286973252866888e-01	   4.0231721533518872e-01	   5.4496667168344248e-01	   4.9117048470624258e-01	   4.7274116217007445e-01	   4.7084213638354844e-01	   4.0980305323077598e-01	   2.6588750134866684e-01	   4.1349012113108535e-01	   4.8394332227292902e-01	   3.2045517195215961e-01	   1.2008824107610735e-01	   4.0504730799216798e-01	   1.6038007833088941e-01	   1.9235873544562165e-01	   1.5967468987835556e-01	   4.7757096505616969e-01	   4.5073780113674233e-01	   1.7014255051455826e-01	   1.1177258321530795e-01	   3.5600462066988858e-01	   1.5310173283842909e-01	   6.0372709969144855e-01	   4.2045261607370266e-01	   5.5384791804162548e-01	   4.7426238380678842e-01	   3.8320699632688060e-01	   2.6729089766271052e-01	   5.7151747752574944e-01	   3.7035606679723693e-01	   2.1942764917888682e-01	  -7.4186725597632744e-02	   1.7636086944036211e-01	  -7.4982087861155997e-02	   3.9540358881068077e-01	   5.8721789599297602e-01	   5.2270580839209424e-01	   4.3347173656849197e-01	   6.5689697888605669e-01	   5.4550378627022056e-01	   2.5223050564707278e-01	   3.0191018253293189e-01	   3.6989093223430131e-01	   4.9654133689699326e-01	   4.9737327440532203e-01	   3.0146802097586656e-01	   4.5899657232125951e-01	   1.5558463664492575e-01	   4.0079300657950989e-01	   3.2912353718827880e-01	   5.9949793649454186e-01	   4.8569061780993594e-01	   4.5441359372930068e-01	   5.7615341265150055e-01	   2.5538294289063518e-01	   4.0171908810692425e-01	   3.4612257421414661e-02	   1.4606576011573888e-01	   5.7088409579004122e-02	   2.5025207965553703e-01	   3.0912362072797905e-01	   4.3635870896276685e-01	   1.5414835005292202e-01	   4.3979077755651963e-01	   4.4716079315504315e-01	   4.6353479050703350e-01	   3.4453616300025725e-01	   5.1346583057068340e-01	   1.9830966506905828e-01	   3.1194034586270603e-01	   1.5968870068815860e-01	   1.3226771237542190e-01	   2.9060630178304603e-01	   4.7756091582097981e-01	   4.2880119268979899e-01	   2.6997752939839165e-01	   2.2252311567082472e-01	   4.5489770822118789e-03	
   5.0763367681624993e-01	   3.7617483337301655e-01	   3.6898051427992584e-01	   4.8663361404347966e-01	   1.8009287273376801e-01	   5.2629766287941426e-01	   5.2330728314313957e-01	   5.9244208416807742e-01	   4.4503106323268499e-01	   6.2198899725296319e-01	   5.9150464295959870e-01	   0.0000000000000000e+00	   5.4223880602060182e-01	   6.7936902026399615e-01	   3.1922648190259856e-01	   6.1937292364218133e-01	   3.3914328357940920e-01	   5.1014922798547147e-01	   3.6571350740266989e-01	   4.4706400766421217e-01	   1.8136574426708286e-02	   6.1105528449400086e-02	   2.8949331824835040e-01	   4.5048270402788038e-01	   7.8988899751566338e-02	   2.0333078905919430e-01	   9.7363112395182791e-02	   3.3087034753730715e-01	   3.1611858075215082e-01	   5.0018429368801054e-01	   2.1195967436983590e-01	   3.6017857246299939e-01	   3.5172346719112507e-01	   5.8699562766704161e-01	   3.6916980511920983e-01	   4.7823106700941975e-01	   3.7642773238648664e-01	   2.8240509944401931e-01	   2.9875030972600708e-01	   2.9975722002554051e-01	   5.0666474985738419e-01	   4.4806577023309635e-01	   3.7542492543372957e-01	   3.9841618975539528e-01	   2.2319259619076981e-01	   1.0656682223841019e-01	   2.9706008063627443e-01	   3.2304946425177317e-01	   2.0439701311302594e-01	   1.3465609900156038e-02	   3.6301705268330164e-01	   1.8146093366261529e-01	   3.4706871667195005e-01	   2.3165127270854835e-01	   3.6929415754500150e-01	   2.5065291377064175e-01	   2.1208771417115546e-01	   1.0209081844516554e-01	   2.5055990653853061e-01	   2.0835751894448279e-01	   6.0106824200751996e-01	   6.0332908405289853e-01	   5.5359721249882576e-01	   5.0311993071636130e-01	   3.0034608541066166e-01	   3.6419995432754149e-01	   4.4441650054731163e-01	   3.5002990640093073e-01	   3.7372334813303459e-02	  -1.9153199756773900e-01	   1.5515557121880935e-01	  -9.7336849240730709e-03	   4.0744151217100544e-01	   6.4247607545293528e-01	   4.2287721154152302e-01	   5.6454555101560122e-01	   4.8240653321396521e-01	   6.7793303858697118e-01	   1.2422156492554820e-01	   2.3148161366402847e-01	   3.3318161537251179e-01	   4.6606638450216964e-01	   3.8360476182744851e-01	   5.0400519398059440e-01	   4.0642577758052079e-01	   3.6986784613619389e-01	   4.2396564482254406e-01	   3.6359725777993201e-01	   5.2157933741829376e-01	   4.8448798284146055e-01	   4.6299913051019198e-01	   3.0104537477337545e-01	   3.0734050322126039e-01	   2.8231183747444988e-01	  -1.7290831004993962e-01	   3.7294048087899094e-02	   7.9201443388879572e-04	   1.2999740115407060e-01	   1.4511093840542294e-01	   1.7738103040456671e-01	   3.6333320701428140e-01	   2.8955636341762120e-01	   5.1165282426794900e-01	   3.2650539440212589e-01	   4.0196610519715692e-01	   2.9661286130179426e-01	   1.1570108120128131e-01	   3.5716322337010603e-01	   6.5884034935164412e-02	   2.6434611455919593e-01	   2.1755678626944772e-01	   1.8592234356269671e-01	   2.5862563746878803e-01	   9.0674917943162542e-02	   5.2628957564846396e-02	  -2.9808212516358989e-01	
   5.0179126140382135e-01	   4.1244093289182571e-01	   5.0743914302661552e-01	   4.4921712893611804e-01	   3.3899526504946204e-01	   2.9678895407405481e-01	   6.4211072124206359e-01	   5.7231459233543447e-01	   7.0693921053072317e-01	   3.9703994087482786e-01	   7.9517209108818743e-01	   5.4223880602060182e-01	   0.0000000000000000e+00	   6.8049236435307903e-01	   6.0305720872848045e-01	   4.6638000406482027e-01	   3.6767963237071538e-01	   3.0141636842950303e-01	   4.5829640454500498e-01	   4.0151521718688726e-01	  -7.1994387613093331e-03	  -1.2163930617535763e-01	   2.7141080074575952e-01	   2.4991492440306931e-01	  -4.3432064392654360e-02	  -5.8955499339858428e-02	   1.6880956927559293e-01	   4.6778477737236590e-02	   3.3596115361293089e-01	   3.2375975984669325e-01	   2.5359446584545842e-01	   2.8882576922504344e-01	   5.1112358774735600e-01	   6.0964872691186989e-01	   3.1396332554213696e-01	   2.8418577569984516e-01	   3.2978045437153386e-01	   3.0811521357319083e-01	   3.0743416309363436e-01	   3.4765670060529774e-01	   4.4505584372572016e-01	   4.8907887003103656e-01	   2.3196853586527919e-01	   2.0829665817292176e-01	   2.3351255499340118e-01	   2.0650352054516813e-01	   1.5578011966109223e-01	   2.4318880716434943e-01	   1.2985333911256708e-01	   5.7384700726359560e-02	   2.1903462961474271e-01	   1.0480100531492077e-01	   1.3193131212209136e-01	   1.0221427643374051e-01	   2.6329736470723236e-01	   2.6810737902873566e-01	   3.1274360965704984e-01	   2.9348812299786775e-01	   4.2016677689720061e-01	   2.9535472277209934e-01	   7.3572707081649036e-01	   5.0520407891943586e-01	   6.8991454108569839e-01	   5.8843124586108919e-01	   3.8586072548425204e-01	   4.3472973991609448e-01	   5.6752756499364532e-01	   4.1134056933701257e-01	   3.0910478255301976e-01	   1.4827769479406722e-01	   1.8827976303419991e-01	   1.1294856197281813e-01	   4.5358441207478362e-01	   4.8806025887577631e-01	   4.3331170116788836e-01	   4.8994659388776718e-01	   5.6180889999745376e-01	   5.4772316414165945e-01	   2.1479297526800606e-01	   1.3515158897424809e-01	   2.6587392280650335e-01	   5.3896064982815695e-01	   3.7701860577347918e-01	   3.5780626706885132e-01	   4.3311282724511102e-01	   2.4696070105217832e-01	   1.2456285141378745e-01	   1.1089625390467434e-01	   6.7726082090912998e-01	   4.5934493387613379e-01	   5.0788376960482740e-01	   3.9705362948130929e-01	   4.5071475902667019e-01	   3.6681052096723388e-01	   4.1802731165227147e-02	   1.5950857104984001e-01	  -5.5820568417394120e-02	   2.2233222262950111e-01	   2.5297213981346334e-01	   3.2706793888745267e-01	   2.6809629495827286e-01	   4.7401009462384452e-01	   4.5111677848567011e-01	   3.6402466199649197e-01	   1.4775290310229633e-01	   2.4167718246086839e-01	   4.5760232238382416e-02	   1.2325414222086861e-01	   3.0278983726905510e-02	   2.5140129942289647e-03	   2.0546152981381760e-01	   3.4789725394272619e-01	   3.3545777145729722e-01	   1.9154488428119368e-01	   1.4397120708041727e-02	  -1.3356027620217639e-02	
