   0.0000000000000000e+00	   8.6545043915530984e-01	   4.0087850622651555e-01	   8.4049120717228282e-02	   1.9724567300091730e-01	   2.7528221612072123e-01	   7.8961959854014263e-01	   2.9562773152270294e-01	   3.2772927278546821e-01	   2.0878481702226032e-01	   7.7391366820345553e-01	   5.6076176372302133e-01	   6.1692691939377875e-01	   2.8465833787108658e-01	   6.3247887712397954e-01	   4.6883805262076783e-01	   7.9347117052273719e-01	   7.1305888805486806e-01	   7.2227318133701446e-01	   7.5578633381879501e-01	   6.1612403377966896e-01	   3.6705252847938002e-01	   1.8657570887873756e-01	   9.2802079355269775e-03	  -1.3516044454524570e-01	   6.3747615262932281e-02	   1.0198004329199906e-01	   1.5925614051259740e-01	   7.5111760983594000e-01	   6.6187989254773749e-01	   2.0574470361306857e-01	   3.5089994082505606e-03	   5.6761484250565830e-01	   4.6891482915323290e-01	   8.8949828072956150e-02	   4.6571994299457589e-02	   4.4617188179495565e-01	   3.9263401337922582e-01	   5.9966281738213678e-01	   4.0373573843858734e-01	   6.3642379452847719e-01	   4.9388088167940936e-01	   2.7403782420201583e-01	   3.3433353823989365e-01	   1.2665364033896348e-01	   2.2773797057284073e-01	   3.2191614422185555e-01	   4.9661007177200001e-01	   4.2824686429018233e-01	   4.1176718526960693e-01	   4.9045485254975296e-01	   4.5509581684619677e-01	   5.7350847849968289e-01	   6.0919420469903596e-01	   4.9880759823397286e-01	   4.6838524356491168e-01	   7.8598333293894118e-01	   7.8230067091071409e-01	   6.5304509299704006e-01	   6.2623580684813895e-01	   5.6112464446989385e-01	   2.9080538561842867e-02	   7.2281627932790216e-01	   7.3397099328698201e-01	   1.0858011076318276e-01	   3.1459077779153709e-02	   4.5350800108135791e-01	   2.4759131952427638e-01	   6.2065099215610964e-01	   4.6622399532739522e-01	   6.1163508073871242e-01	   4.7442373081941813e-01	   7.2095538108846313e-01	   5.5199123623295676e-01	   5.4041352492147454e-01	   4.9232928766332579e-01	   7.8613430802067252e-01	   7.0920847305819790e-01	   7.7125063867048216e-01	   6.0695442030389635e-01	   7.3371856754325848e-01	   6.0889143051042827e-01	   6.2987684194544791e-01	   4.9605624967951700e-01	   4.2397540305749642e-01	   2.3532907424750055e-01	   2.9374471704322480e-01	   1.4206646972385679e-02	   5.1873593579261068e-01	   4.9143346885068473e-01	   3.8604709308653440e-01	   4.9502092303038076e-01	   3.9833958606729386e-01	   4.5452096563683769e-01	   3.8523984665672123e-01	   3.7382890487438192e-01	   6.7170615970349989e-01	   5.9963598975314192e-01	   6.4487860600126246e-01	   7.3230375227659472e-01	   5.3645315598368581e-01	   4.8946839381307949e-01	   6.3717006112002572e-01	   6.7022660807951817e-01	  -1.2957637383933880e-02	   3.1222193155461464e-01	  -3.6283557160339069e-02	   1.4346147005165499e-01	   3.0941600166315691e-01	   4.1229709302359163e-01	   3.4561326020088512e-01	   4.3873246963026613e-01	   4.5658460443994475e-01	   5.9053395034152079e-01	   1.7954698679101314e-01	  -5.2809053070140791e-02	
   8.6545043915530984e-01	   0.0000000000000000e+00	   4.1500511119573957e-01	   2.3769443204789636e-01	   8.8429328581875563e-02	   2.0175350890966798e-01	   6.4021328568235991e-01	   2.4032331709901811e-01	   1.8654020912414465e-01	   1.6310948750910270e-01	   6.4392648814159770e-01	   5.2775840943157026e-01	   5.1320768984697795e-01	   2.9943574567604664e-01	   6.1905632552680290e-01	   4.2965505682755661e-01	   7.0649552357261336e-01	   6.7065567528483006e-01	   6.4748409816886587e-01	   7.4979213405347678e-01	   6.5105823947397146e-01	   4.6951364682686991e-01	   2.6885532911092053e-01	   1.6755513407797890e-01	  -6.8069606102184987e-02	   1.7868932307350127e-01	   1.9607611355971299e-01	   3.0753277870608736e-01	   6.5059843518667881e-01	   4.8711322981990735e-01	   2.6253555660053085e-01	   2.4932783195065606e-02	   5.2117509299079057e-01	   4.0348708521430182e-01	   2.1570746577910968e-01	   1.5559416342707300e-01	   5.1204269530074642e-01	   5.1920443254989412e-01	   6.8859056724878664e-01	   4.9502665640731602e-01	   5.4719173451838210e-01	   5.4421422412283849e-01	   3.3524906728392595e-01	   3.6781660554093498e-01	   1.9021434002044021e-01	   2.8362479304797550e-01	   3.2633403225937813e-01	   5.0648880450957656e-01	   4.3210653821612727e-01	   4.2554112052243193e-01	   5.1698797659577134e-01	   4.3555116016373496e-01	   6.2620631655200287e-01	   5.9374051516132531e-01	   5.2934894382010955e-01	   5.2254061365765359e-01	   7.2693990337870440e-01	   7.8228774771535126e-01	   5.5904746300730279e-01	   5.7629509383703859e-01	   4.8051286340826216e-01	   5.0125551676547964e-03	   6.3115437257806373e-01	   6.3400925941449549e-01	   1.3249790831829727e-01	   1.4258172207788736e-01	   4.9043051245613906e-01	   3.4312571183745222e-01	   5.3854884629904320e-01	   5.1793770564587516e-01	   4.6723118514513284e-01	   3.2391374641161141e-01	   6.7641318767395409e-01	   5.5851929848835635e-01	   5.9849117235528948e-01	   5.3364933773534440e-01	   6.6694343544203161e-01	   6.2792168527184700e-01	   6.3391808567519903e-01	   5.7241339746262865e-01	   6.7384046223728311e-01	   6.0227635526307211e-01	   6.1662879155593342e-01	   4.7488833140518505e-01	   5.2580179717506637e-01	   3.7866011747871114e-01	   4.1619278232518625e-01	   2.0829575964978492e-01	   6.0695294182343651e-01	   5.9373290730332473e-01	   4.0216522795744891e-01	   4.6613483868052574e-01	   3.9216318704853131e-01	   4.1889636448211898e-01	   3.3467533491460233e-01	   4.8193449120990850e-01	   6.8094138787961545e-01	   6.2070128315400153e-01	   6.2212751421105461e-01	   6.5882552441400644e-01	   4.2014171472077722e-01	   5.3329731384244861e-01	   5.8641680883400360e-01	   6.1507559398608547e-01	   1.1901861019788221e-01	   3.0117922198395619e-01	  -4.3865885652119754e-02	   2.6453175188482309e-01	   2.7734472614117572e-01	   4.0689654387203555e-01	   3.9087491727466223e-01	   3.6816079708522964e-01	   4.2170549134975527e-01	   5.3284414041272321e-01	   1.6570051926824239e-01	   6.3792007040032378e-02	
   4.0087850622651555e-01	   4.1500511119573957e-01	   0.0000000000000000e+00	   5.2132034028526475e-01	   1.1510709461204624e-01	   1.7378332160094301e-01	   6.7939977387978423e-01	   9.9629270613004417e-02	  -6.1252653262915104e-02	  -1.4519798345582178e-02	   3.7972179200473188e-01	   2.3502180583393678e-01	   2.4044454492046904e-01	   2.8274036460086088e-01	   1.9114695433133333e-01	   2.6303764842360478e-01	   3.9564056248070956e-01	   2.6914574614822601e-01	   5.5745468847624891e-01	   5.9025794192767589e-01	   3.8156659179796470e-01	   2.1620334512102182e-01	   8.6561407131180035e-01	   5.7533918823453867e-01	   6.0812039502094883e-01	   5.2956838394645311e-01	   7.1927238869281296e-01	   4.1267243703258560e-01	   3.8172329416430156e-01	   2.7507790188863790e-01	   6.5286868462080272e-01	   4.9903516357193489e-01	   6.6004231163208327e-01	   6.1799640537872136e-01	   7.4579765053932756e-01	   5.6325041544884957e-01	   4.2092644415026026e-01	   5.0820646399658509e-01	   4.3688843897881446e-01	   6.2055169851777781e-01	   3.9043893025315612e-01	   5.9353572070223970e-01	   5.2605977109343638e-01	   5.0244175391473789e-01	   3.0263669866750720e-01	   4.4288835475496185e-01	   4.2666642605001132e-01	   5.4329106578043784e-01	   2.6055431065000439e-01	   3.6097797185572272e-01	   4.7412863580712161e-01	   3.5196069582556833e-01	   4.5795272767912182e-01	   4.0625443484826385e-01	   4.3988330893376221e-01	   5.2931980759727026e-01	   2.3799730363693361e-01	   2.1060135555122733e-01	   2.5909315867862892e-01	   1.3969510138328695e-01	   4.0052071776856896e-01	   7.4218215093612983e-02	   3.3591301761794456e-01	   2.4895200493265890e-01	   6.7368527151144231e-01	   3.4401210910690805e-01	   5.8205455297161768e-01	   4.7149842247390467e-01	   4.5878446197807143e-01	   4.0958473927533745e-01	   4.8868816181944408e-01	   2.6958770481302247e-01	   5.3781102646675683e-01	   3.9864191029590024e-01	   6.8585640809608883e-01	   3.4891371490233047e-01	   5.4001061440871700e-01	   4.1551538285729034e-01	   3.3731182763897172e-01	   2.8125905381820754e-01	   4.6785261042302090e-01	   6.0965347366044420e-01	   4.2060701549741775e-01	   6.8555977676853930e-01	   7.3591325442966404e-01	   5.7831217155962833e-01	   5.8827981079777558e-01	   6.1859080598313121e-01	   7.0582136062238032e-01	   5.9951294280688694e-01	   3.8609069466612678e-01	   5.0306955535999986e-01	   3.1622616829417516e-01	   5.4363019780460320e-01	   7.9261592628912386e-02	   2.6486217654728539e-01	   5.6170482077631945e-01	   5.8774790779113595e-01	   2.2105389121605054e-01	   4.4679507382783251e-01	   2.9260651074534760e-01	   2.4284312694257532e-01	   2.2802406005795378e-01	   3.7310483205422390e-01	   8.9091916763099965e-02	   3.1088780417206491e-01	   6.1334792640682881e-02	   4.0489710807380608e-01	   2.5721640989558456e-02	   3.0422125709910153e-01	   5.1100636373685504e-01	   1.8112956641685354e-01	   1.8123954012187046e-01	   4.1052099249447616e-01	   3.0674690360404927e-01	  -1.7663223984017107e-01	
   8.4049120717228282e-02	   2.3769443204789636e-01	   5.2132034028526475e-01	   0.0000000000000000e+00	  -3.6683265087204220e-01	   2.1469365180410968e-01	   3.7886948116673397e-01	   5.9703772048586978e-01	  -3.7054976700710307e-01	   4.6145577712095193e-01	   1.0054779731046977e-01	   5.4267866048965407e-01	   1.6698197159774032e-02	   6.2588567548691854e-01	  -6.6893539009949075e-03	   5.0488858370487455e-01	  -1.1795073562680053e-01	  -1.8354940481054813e-01	   1.3624408520890630e-01	   3.6713328680198976e-01	   2.6961271793096941e-01	   2.8729620469497319e-01	   6.0467485219183670e-01	   8.7505796114028134e-01	   3.0736701087171825e-01	   7.6286768543554062e-01	   4.8141885719435473e-01	   5.5587134272208938e-01	   2.9954533082516078e-03	  -8.8318949940521307e-02	   7.0446876394265945e-01	   7.4940769518875627e-01	   4.1431570919727378e-01	   5.3957626346208643e-01	   6.6795296034895690e-01	   8.1683533203200742e-01	   3.6213199660143336e-01	   5.3267120810192048e-01	   3.8889364403258819e-01	   6.8434912468740117e-01	   1.8627884196929428e-01	   3.9747124077403639e-01	   5.5846711499847002e-01	   4.6291890693770177e-01	   3.6224710753152911e-01	   4.8116774988085931e-01	   4.9055343680436392e-01	   4.9755485413562772e-01	   3.6757621355929704e-01	   4.2764251896151817e-01	   6.3519176756199935e-01	   4.6649396618858419e-01	   6.5429025348558278e-01	   1.6536373834216211e-01	   6.8636080202149086e-01	   6.0502222695537400e-01	  -5.2424751767367869e-02	  -1.1833625151176660e-01	   1.7213305125165687e-01	   2.4197471344605628e-01	   2.6495190026381943e-01	   5.4584814172658147e-01	   1.7297023823102782e-02	   1.1408958357918961e-01	   6.0427307545095454e-01	   7.6599896117740174e-01	   5.3990941006799942e-01	   7.0810061435049254e-01	   2.7779269100990600e-02	   5.1048668246704576e-01	   1.7653900093073244e-01	   2.6000440909462091e-01	   3.0584962968730967e-01	   3.5413067359552131e-01	   3.8661678612013545e-01	   2.4977839231293325e-01	   2.4907263196986490e-01	   3.5869843982002680e-01	  -1.2781123530986912e-03	  -1.0074862774854362e-01	   2.0615117593836957e-01	   3.1336767168477375e-01	   2.3916891867693341e-01	   3.6594685347590494e-01	   7.0112235638401132e-01	   7.1817617972474834e-01	   5.4533765967415349e-01	   6.1961368404590678e-01	   6.1089424475798793e-01	   7.5738648565047539e-01	   5.7699530783321484e-01	   3.9842417784297646e-01	   6.4361774862372079e-01	   2.3561578268428504e-01	   1.0223415776929594e-01	   3.8428823665234590e-01	   6.1709065487373849e-01	   5.2476187271329633e-01	   4.2340912845421419e-01	   3.0227821535508043e-01	   2.9821608574536695e-01	   1.2428999021536069e-01	   9.3959592944982573e-02	   1.2649753109028031e-01	   5.1792274148761019e-01	   3.9337547449987570e-01	   2.3025947179044945e-01	   5.5227491205960710e-01	  -1.0516534426026314e-01	   1.0584643218899636e-01	   4.8753862790606689e-01	   1.5741389163228267e-01	   2.4361695666318350e-01	   3.2822624231138164e-01	   3.9031485642139918e-01	  -9.2058281977510620e-02	
   1.9724567300091730e-01	   8.8429328581875563e-02	   1.1510709461204624e-01	  -3.6683265087204220e-01	   0.0000000000000000e+00	   2.8942482570800376e-01	   1.4158261773879027e-01	  -4.3224171012075818e-01	   8.8989897642771931e-01	  -2.8697316392113975e-01	   2.3520444370937732e-01	  -2.3755439720865307e-01	   2.5527037019334446e-02	  -4.5758359944062077e-01	   9.7315652523037172e-02	  -2.7178718857518647e-01	   4.7749911205439760e-01	   3.7824939476337122e-01	   3.3712387001405664e-01	   2.0794484699315019e-01	  -1.8931165508329992e-01	  -1.6238018482293742e-01	   2.0370827520960942e-02	  -3.5315110987531295e-01	   3.7410889446855722e-01	  -1.2385867601960734e-01	   1.1224834562946581e-01	  -1.6471842622693805e-01	   2.6226295322557058e-01	   3.5832883005547445e-01	  -3.3146397428322172e-01	  -3.3396889222745479e-01	   1.7519345718553123e-01	   5.3674202666070571e-02	  -5.1459199693316089e-02	  -7.2483768715695784e-02	   8.3490849488207716e-03	   7.3349910102597948e-02	  -1.2918069496710457e-02	  -8.2766174027966821e-02	  -5.1449670739016143e-02	   2.2707237107736800e-02	  -3.4453795448587354e-01	  -4.0350212179010614e-01	  -4.1293874820407955e-01	  -3.5371809441531532e-01	  -3.9449081414401199e-01	  -1.9143612595108433e-01	  -3.3646022392580099e-01	  -2.4326620650620773e-01	  -1.8025807984047337e-01	  -1.8430297706112475e-01	  -9.6568559467553022e-02	   2.2711590189778258e-01	  -2.2989044262159991e-01	  -2.4005589202383534e-01	   1.4392760213758052e-01	   3.2432410400522049e-01	   2.6823959839273326e-01	   1.5982009361332788e-01	   5.2424234209160453e-02	  -3.7785422059047191e-01	   5.3398123575576117e-01	   2.3614030716240142e-01	  -6.9151110327793530e-02	  -3.0156171581393743e-01	   2.7962618832947922e-01	   5.2560785242591092e-02	   3.5814704720668200e-01	   6.4638905419446904e-03	   2.6013741620552039e-01	   1.2176443480272700e-01	   1.2252283479219261e-01	   7.6702409862706572e-02	   1.4983132956089984e-01	   1.2549788759447744e-01	   1.9135521524466495e-01	   1.8488673396059807e-01	   2.1257380526875644e-01	   4.4465171553518412e-01	   2.9512180796388976e-01	   3.6200808370838278e-01	  -1.5539076048410297e-01	   1.4661649505726573e-01	  -6.6325221246880547e-02	   1.6856403346251692e-01	  -2.2310501474864219e-01	  -2.3581750874370017e-01	   3.2403598512516042e-02	  -8.1783388190715317e-02	   1.5946114550380552e-01	   2.8117519378143607e-01	   5.1220260404840325e-02	   3.0121953810080021e-01	   1.6707348433472297e-01	   1.7675962785930182e-02	  -1.5831931629169493e-01	  -1.1947838463522061e-01	  -2.2978941619429133e-01	  -2.0882487048874801e-01	   2.9413821767489234e-01	   1.4631935107780983e-01	   3.9304663483683033e-01	   2.5899970509908465e-01	  -6.7353986264189425e-02	   2.3016443381513313e-01	   4.4402745402418550e-02	  -2.4690970860774968e-02	   1.4789350271428026e-01	   1.8688086938501591e-01	  -2.0840024924708181e-01	  -1.5930344412509986e-01	  -1.7456912207516728e-01	   1.3473894376562104e-01	   1.1760029536354621e-01	   1.4201776120749310e-01	
   2.7528221612072123e-01	   2.0175350890966798e-01	   1.7378332160094301e-01	   2.1469365180410968e-01	   2.8942482570800376e-01	   0.0000000000000000e+00	   2.3225518559226438e-01	   3.2067776865967995e-01	   3.7820718619352156e-01	   5.8878076945877789e-01	   1.7968822872607013e-01	   3.3137749724261067e-01	   1.0652246374640074e-01	   1.9519347479549007e-01	   2.5280169906961468e-03	   3.4175107412705641e-01	   1.5486630456934791e-01	   1.6466157865428960e-01	   4.5718182124282934e-02	   3.5763952304394631e-01	   2.2732757341269921e-01	   8.5761123364707648e-02	   5.2461145834634883e-02	   1.0328073132312282e-01	   1.8918317378880872e-01	   3.8321976786374046e-01	   2.0096135193282785e-01	   2.5395544443504503e-01	   5.3761791749195383e-02	   1.6053439308037548e-01	  -2.9950367255813168e-02	   3.1323224924904497e-02	   1.4715994913104818e-01	   2.8914176910516060e-01	   9.8193628134071231e-02	   2.7178938368731237e-01	  -2.1306953789010714e-02	   2.0288156248156916e-01	   2.3721639949416712e-01	   1.9712263636079250e-01	   7.8587880231191318e-03	   6.6326218267145784e-02	   2.6633107543250323e-01	   2.4517159688494139e-01	   1.5166364515467215e-01	   2.9611745790505772e-01	   2.6566046519780701e-01	   2.6160744689025267e-01	   3.9126155839918697e-01	   4.7396871489422582e-01	   5.1168768372311879e-01	   4.2931819319979803e-01	   2.9400924586404487e-01	   1.9090096808353429e-01	   3.5861419670193606e-01	   3.7833253704776304e-01	  -3.0529845411278501e-02	   9.3668262673535674e-02	   3.2102805729175632e-01	   3.8442217441596976e-01	   2.9569536993261269e-01	   4.0431455530093352e-01	   1.9911092580929735e-01	   1.0625650719053145e-01	   2.7882007607433401e-01	   2.7256495823185373e-01	   2.1823374147776220e-01	   2.3105079445648194e-01	   5.9564336646724864e-02	   2.8398980316758543e-01	   3.6538760515586355e-01	   2.3769041225125442e-01	   2.8821831494671862e-01	   2.2709013440342865e-01	   2.5495915033584582e-01	   1.0068152536257621e-01	   2.2296895240479619e-01	   3.0820331672481638e-01	   1.6817429994902094e-01	   1.8280354510704971e-01	   2.3790131441935383e-01	   3.0418566113300677e-01	  -8.7221403141286499e-02	   2.8687703510535029e-01	   2.7397761367021445e-01	   3.3262276825484294e-01	   7.3127937134416968e-02	   1.5752963139771295e-01	   2.2057054268095219e-01	   3.7257788892982613e-01	   3.6572046981985951e-01	   2.0375418516214711e-01	   4.1718609157071129e-01	  -5.2380470251700298e-02	   1.3609203135206557e-01	  -1.3941265821627147e-01	   3.3444333526515013e-01	   9.5240498840764048e-02	   3.8287673875482731e-01	   1.2039432345004764e-01	   4.4518003901047826e-01	  -1.7764788594514757e-02	   2.2967748649553166e-01	   2.1441000994655099e-01	   1.5666615179688864e-01	   2.3274940922376502e-01	   4.8130451457863110e-01	  -6.7634376009375382e-03	   1.0235520422352193e-01	   1.7290438343926452e-02	  -1.6998749459918736e-02	   1.0516034248495598e-01	   8.8996517195863142e-02	   2.3552498137779937e-01	   1.8551971187327064e-02	  -6.5003203090293518e-02	
   7.8961959854014263e-01	   6.4021328568235991e-01	   6.7939977387978423e-01	   3.7886948116673397e-01	   1.4158261773879027e-01	   2.3225518559226438e-01	   0.0000000000000000e+00	   4.2461323177744914e-01	   2.0661947323137345e-01	   1.9962449873840046e-01	   6.7940008617613290e-01	   5.6909544625782360e-01	   5.1070984572230405e-01	   4.2688032548220861e-01	   4.6931348554797081e-01	   4.8932135297738233e-01	   6.3379299802922862e-01	   4.7466133870103594e-01	   7.9018401983392739e-01	   7.4999956979272775e-01	   5.1897099032885319e-01	   2.8117193793277856e-01	   4.8902681352383798e-01	   2.8300265703620692e-01	   7.8113133156200679e-02	   2.5629967694299466e-01	   2.2404501903657123e-01	   1.7564815833627434e-01	   6.7285607209539244e-01	   6.0241672243881528e-01	   5.2679997420616109e-01	   3.6915531933823470e-01	   7.6908350054364305e-01	   7.0160196869905234e-01	   3.9742905492812719e-01	   3.7369375261436011e-01	   4.5753787631660381e-01	   4.9744337930383498e-01	   4.5545944261051557e-01	   5.5759168291717875e-01	   5.4690646413185706e-01	   4.8022024645023004e-01	   5.2458113262522132e-01	   4.9767060250638201e-01	   3.4620036330443266e-01	   4.6147472018929769e-01	   5.3153342843425944e-01	   6.6643751892012448e-01	   4.7147292386130513e-01	   4.6335454772442636e-01	   6.1632877398247388e-01	   5.0647987560491448e-01	   6.1773590780881882e-01	   4.8670594146247137e-01	   6.0265758399991354e-01	   5.4112953835557165e-01	   5.5298377528547549e-01	   4.7473376509215937e-01	   5.7924164303240133e-01	   5.0804433266247973e-01	   5.7531858807808089e-01	   2.2297272213092745e-01	   6.5695778325765941e-01	   6.6332740513273492e-01	   3.6750243941527927e-01	   1.9883232764890013e-01	   6.4727337205439150e-01	   4.6382637573128216e-01	   5.8577766993704250e-01	   4.7379220489545570e-01	   6.7075206729070491e-01	   5.7847870618405728e-01	   6.9511759183009936e-01	   5.3264495941287504e-01	   6.2358564419514551e-01	   5.5130713527288577e-01	   7.6885407087082569e-01	   7.2475045713169595e-01	   5.9706913965492203e-01	   4.9876711302552401e-01	   6.7562051098608389e-01	   6.2181631810587246e-01	   6.0840030780296206e-01	   5.9127761278547453e-01	   5.9970535414652204e-01	   4.3921702636899262e-01	   4.3057827596168075e-01	   2.4543707289492905e-01	   6.7845314376334342e-01	   5.9487533253298841e-01	   5.9057851664878214e-01	   6.8885736353865767e-01	   4.9459669292622677e-01	   7.0908745006180696e-01	   4.1229021950995026e-01	   4.1082197436298135e-01	   7.5497025686244812e-01	   7.6430454166524908e-01	   6.2833673925289868e-01	   7.7442126946594969e-01	   5.4189371050952495e-01	   5.6547369499425804e-01	   5.6522874100353970e-01	   6.4480007020118402e-01	   4.6098743923035090e-02	   4.1185614161164485e-01	   1.7273376644916343e-02	   3.5692648452237102e-01	   2.1724863471702704e-01	   4.8461715443148545e-01	   5.8688049178919288e-01	   4.2763863256515683e-01	   4.9434517786595589e-01	   6.4882875806225226e-01	   3.2956888881659591e-01	  -8.6624199459037918e-02	
   2.9562773152270294e-01	   2.4032331709901811e-01	   9.9629270613004417e-02	   5.9703772048586978e-01	  -4.3224171012075818e-01	   3.2067776865967995e-01	   4.2461323177744914e-01	   0.0000000000000000e+00	  -1.9853443001635879e-01	   7.6580667321472762e-01	   2.7413384428018461e-01	   7.7768530270521785e-01	   3.3076906187444255e-01	   7.6901724906815061e-01	   2.4004547826887990e-01	   7.0190278757412972e-01	   1.2843596808297487e-02	  -5.9481378241930671e-02	   6.4518429366794749e-02	   3.3201350096937760e-01	   3.5883625759033255e-01	   3.4699185623178430e-01	   1.1229814477304524e-01	   4.0838194310176629e-01	  -3.0962339664481930e-01	   2.4227504942116912e-01	  -3.5372608597478580e-02	   1.1990276769702626e-01	   1.4757084605980150e-01	   1.9320401194650547e-01	   4.1842770029105103e-01	   5.7393305602181488e-01	   3.0228153336914199e-01	   5.2931573086790462e-01	   1.6876792177696626e-01	   3.5912366416177949e-01	   1.8350073005376807e-01	   1.6563907381210327e-01	   2.2038351842403026e-01	   4.2889954714812267e-01	   1.7092580887448094e-01	   1.9469743297785413e-01	   6.3725605134001029e-01	   6.1798308618277753e-01	   6.0974040026421517e-01	   6.5681535081205600e-01	   7.1259210146396246e-01	   6.4411523706587337e-01	   6.6101664786646563e-01	   6.7140333890910808e-01	   6.3170905241106878e-01	   6.3831825317399971e-01	   5.8213200100189122e-01	   2.7268520037945991e-02	   7.4180291945895938e-01	   5.7135515254732061e-01	   1.0392744911261190e-02	  -3.3828569119584345e-02	   3.0748701942151235e-01	   4.3545225770682705e-01	   3.7831879611847874e-01	   8.0931461036834051e-01	   4.2266132791971084e-02	   3.5829135295105824e-01	   2.5177696198657740e-01	   4.7160366907235873e-01	   2.5247950439591743e-01	   4.1453723626089600e-01	  -7.0838000173333041e-02	   4.4405196398864694e-01	   2.0788277577683617e-01	   3.6422790923912213e-01	   3.0232965626855784e-01	   3.8365848161663141e-01	   1.9566633831382910e-01	   3.2105486857927906e-01	   3.8152264895804211e-01	   4.8100215538065444e-01	   2.3717660379279334e-01	  -6.8706874056821896e-02	   2.9354116823850251e-01	   1.0609897103683094e-01	   2.8298789573327193e-01	   2.9827421992406089e-01	   3.9441603432236966e-01	   2.9692908511998362e-01	   3.3078904962354949e-01	   2.7287939024473340e-01	   3.7015191252579349e-01	   5.1718868178845212e-01	   4.5893456926099052e-01	   2.1944309962143171e-01	   5.2677091011809696e-01	   1.0548471004912199e-01	   1.0545811519052514e-01	   2.1652837879777281e-01	   6.5125786201292080e-01	   5.0167546381291028e-01	   7.3984367404080220e-01	   5.7743990276285140e-01	   2.8354762939328410e-01	   8.9793790326463938e-02	   1.6299635286519898e-01	   2.4148088164959555e-01	   3.0996503995692748e-01	   2.3243376330318039e-01	   3.0752701697820273e-01	   2.3224759855084207e-01	  -6.8817174050120458e-02	   1.8179867402945635e-01	   4.5667254285142556e-01	   4.7953834406267898e-01	   6.1244741038446382e-01	   5.5379483973815868e-01	   3.0186458656746784e-01	  -7.3427343981760596e-02	
   3.2772927278546821e-01	   1.8654020912414465e-01	  -6.1252653262915104e-02	  -3.7054976700710307e-01	   8.8989897642771931e-01	   3.7820718619352156e-01	   2.0661947323137345e-01	  -1.9853443001635879e-01	   0.0000000000000000e+00	  -1.1424953155253843e-02	   4.1762448613090120e-01	   3.0289550167538794e-03	   2.7266515075398889e-01	  -2.3328130104434658e-01	   2.6561039607107895e-01	  -4.6640629374486840e-02	   4.6965550260122430e-01	   3.8805089978473611e-01	   2.8953643056514200e-01	   2.0914010574317593e-01	  -1.3329865319708722e-01	  -1.2690676655408309e-01	  -1.8822063881984197e-01	  -4.3324586424975109e-01	   1.2073457527102353e-01	  -1.6643570313043449e-01	  -1.1441620834458351e-01	  -2.7596328377379575e-01	   2.6928768438408746e-01	   3.7609319389637491e-01	  -4.1859593423396846e-01	  -3.6833825335285886e-01	   1.0306093770813579e-01	  -3.5053295883809531e-03	  -2.1794891469810324e-01	  -1.8651088082643255e-01	  -3.5203756705765185e-02	  -2.6148778909011003e-02	   3.8318039799277254e-02	  -1.2948702552611463e-01	  -7.2699786449803044e-02	  -7.9190437246249967e-02	  -2.5456291943792392e-01	  -3.2076785761293508e-01	  -2.7540933088428332e-01	  -2.4106394141873674e-01	  -2.6257870439200254e-01	  -9.5611778173915682e-02	  -1.0857907282028628e-01	  -1.0383497450339380e-01	  -8.7387108664006598e-03	  -2.7662947342719763e-02	   3.0899285252227675e-02	   2.1097308647746060e-01	  -6.7595444403598645e-02	  -1.7805488419636906e-01	   2.0782794486257825e-01	   3.5980383848129444e-01	   4.3101754010867055e-01	   3.0477987446283467e-01	   2.5745004759381629e-01	  -1.4135791314457832e-01	   5.2196131499031528e-01	   3.3294700176816305e-01	  -9.0649195298976498e-02	  -2.0659156414505539e-01	   2.4897325260671571e-01	   1.6391717720477133e-02	   2.6798727519097976e-01	   4.9078546228357979e-02	   2.9365509392697692e-01	   1.6300555206309322e-01	   9.2995846313996822e-02	   9.8061575837180809e-02	   1.1890427814128371e-01	   1.5665023258170546e-01	   2.3645044516064578e-01	   2.9850670797930001e-01	   2.6711616201818406e-01	   4.4488696245967313e-01	   2.9466893324667914e-01	   2.8671721553549701e-01	  -1.4473829935961871e-01	   7.5792045414419390e-03	  -4.9869131134632025e-02	   1.7451632468209033e-01	  -3.2238800564836684e-01	  -3.4318429208162482e-01	   5.9181929123057045e-02	  -2.3381707793344024e-02	   1.9896884934075049e-01	   3.1034933338657988e-01	   1.8487050707939506e-01	   2.7927589260558877e-01	   2.6467475862751316e-01	   1.2832771355020846e-02	  -1.5161540426159959e-02	  -1.2476902385218304e-01	   2.4291055859149958e-03	  -9.2577129637156003e-02	   4.6468151482992703e-01	   2.6210203655594261e-01	   4.7511486692547245e-01	   2.7575664136191486e-01	   9.8872909032217161e-03	   2.3855915573316089e-01	   1.3509408187376665e-01	  -5.7779018343337804e-02	   2.1855437556656968e-01	   2.2460859243340880e-01	  -1.7425477392294775e-01	   3.3926262499764055e-02	  -6.0885965897724437e-02	   2.0506503645769564e-01	   1.4198728361671017e-01	   2.3488705924161496e-01	
   2.0878481702226032e-01	   1.6310948750910270e-01	  -1.4519798345582178e-02	   4.6145577712095193e-01	  -2.8697316392113975e-01	   5.8878076945877789e-01	   1.9962449873840046e-01	   7.6580667321472762e-01	  -1.1424953155253843e-02	   0.0000000000000000e+00	   2.7089830915553603e-01	   6.0728387084430302e-01	   3.0371985821262926e-01	   6.2781421473818122e-01	   2.2693130557737062e-01	   7.1803864445987209e-01	  -1.3352923790853757e-01	  -1.2117929609007577e-01	  -1.1282721614632639e-01	   2.0148505432864558e-01	   2.4366481581457891e-01	   1.6471884746889251e-01	   7.4884814170379857e-03	   3.7305116234474489e-01	  -2.6139136279238884e-01	   2.9806904191236278e-01	  -2.3236552842910794e-02	   2.1443054990605481e-01	  -8.6552326643551725e-02	   1.1037325782475984e-02	   1.0967726394520740e-01	   3.0711066885428107e-01	  -1.1127047254904364e-02	   1.9589943496561107e-01	   6.5592507788088408e-02	   2.7825720376867558e-01	   3.5960954361850525e-02	   4.4522744992778876e-02	   2.4974051337786279e-01	   2.2024445985616201e-01	   4.6418457032986214e-02	   4.7556769317599570e-02	   3.8797272728021032e-01	   4.1395780938492255e-01	   3.9506072964476979e-01	   4.4710330097349182e-01	   4.5777284242467420e-01	   3.8721248075842341e-01	   5.4830393178751802e-01	   5.4581435226539110e-01	   6.1010851545739608e-01	   5.3522486423218396e-01	   4.7455295123889413e-01	   1.0501255931168652e-01	   5.3911338740523274e-01	   4.2677213936918312e-01	  -6.9414400051734909e-02	  -1.3582963368657805e-01	   2.4557171173029307e-01	   3.1481656690006382e-01	   4.5856989000297116e-01	   8.0525783870697010e-01	  -1.2593628711146018e-01	   9.7750097086506893e-02	   3.9096213916912526e-01	   5.3462555214534047e-01	   6.9729235154109642e-02	   1.8963110043033432e-01	  -1.9847347827912409e-01	   3.0108052831312337e-01	   1.1428572788824960e-01	   9.5219894079372508e-02	   7.1334964757099203e-02	   1.3141264001535499e-01	   7.3415215232893238e-02	   5.3948743037902439e-02	   1.6002180246573255e-01	   3.3290297413803066e-01	   1.2965366017275126e-01	  -1.1783436593968150e-01	   9.7388572549766572e-02	   6.3309058777706526e-03	   1.4380742491795812e-01	   9.9768545023071281e-02	   3.7099346334403610e-01	   3.0504971138608228e-01	   2.2254088524999655e-01	   2.2406044759217619e-01	   2.7606777880578348e-01	   4.7704528327404416e-01	   3.3618787547011586e-01	   1.7990374105787771e-01	   5.3717943518261924e-01	  -1.9481242647527219e-02	   2.4289256311452744e-02	   4.5375015693440185e-02	   4.2710182124581242e-01	   1.3833232317716224e-01	   5.6102725756649230e-01	   2.7651672424095763e-01	   3.7023654909125225e-01	   1.1348841819086844e-01	   1.2135151492502819e-01	   7.5889029150714327e-02	   3.6126285576027956e-01	   2.2728322421734540e-01	   4.1819594364375468e-01	  -7.7576970835402381e-02	  -2.8260375805208675e-02	  -2.2577276495821521e-03	   1.5492362110349045e-01	   2.5447077570735305e-01	   3.2500338411753138e-01	   2.5624077328229800e-01	   2.0581466318961444e-01	   7.9220266895797725e-02	
   7.7391366820345553e-01	   6.4392648814159770e-01	   3.7972179200473188e-01	   1.0054779731046977e-01	   2.3520444370937732e-01	   1.7968822872607013e-01	   6.7940008617613290e-01	   2.7413384428018461e-01	   4.1762448613090120e-01	   2.7089830915553603e-01	   0.0000000000000000e+00	   5.9333736808874293e-01	   8.5218885765485353e-01	   5.0351127411844721e-01	   7.2058823425458940e-01	   5.5436065510528798e-01	   5.5619793000216367e-01	   4.0972982596022600e-01	   4.8474089138210363e-01	   4.5015934138655883e-01	   3.9224785242008831e-01	   3.1938611107713655e-01	   1.8236492054265907e-01	   6.9410550926286979e-02	  -6.7015802111774270e-02	   1.3038709000123938e-01	   1.4602493956216989e-01	   1.5451349031465048e-01	   5.2707270237491199e-01	   4.7150430508940155e-01	   1.2875680002854856e-01	   3.2196836729934911e-02	   4.0354654560701592e-01	   2.8882483869833681e-01	   1.8292576096495755e-01	   7.8428786531925809e-02	   3.2021311655485546e-01	   2.9258668324007847e-01	   4.9105615038349792e-01	   3.0758091324364412e-01	   4.6550479458463140e-01	   4.0398106772116471e-01	   2.4775304185851230e-01	   2.4769197414354532e-01	   1.7586930882475782e-01	   2.3052943815610447e-01	   2.9932442922159586e-01	   3.6964100473447664e-01	   3.8275602846622581e-01	   3.2508528783381963e-01	   4.7873895839575975e-01	   4.1498131646185532e-01	   5.3188222650254091e-01	   5.4389489009114500e-01	   4.7738606439587183e-01	   3.4746404907295314e-01	   4.7949711639222203e-01	   5.1109388720476101e-01	   6.3792936498003117e-01	   4.5713643086054839e-01	   7.9721985980823085e-01	   1.9809350810201448e-01	   4.7495420885631368e-01	   5.1274491654446952e-01	   3.5404512162946722e-01	   2.0662401306293607e-01	   4.1133816805462908e-01	   1.7054339122029014e-01	   3.1798162579686268e-01	   2.7276343837775857e-01	   5.6361758101693793e-01	   4.4682328578375907e-01	   4.6951431694922385e-01	   3.2799781111853960e-01	   4.1771333704995922e-01	   4.1692301999114739e-01	   6.5840620666140504e-01	   5.6962468539114997e-01	   5.6344026903987987e-01	   3.6671275927042313e-01	   4.9764824547437814e-01	   4.0399796798799825e-01	   4.7810405723992888e-01	   3.8757315840740675e-01	   4.9892393268909452e-01	   3.3437294645303500e-01	   2.1215710649321715e-01	   8.1030911903124753e-02	   5.8349592617935087e-01	   4.6534051747034910e-01	   3.7635342407005967e-01	   4.7444452654897240e-01	   4.0721278512950326e-01	   4.5850103731730574e-01	   2.2476500988759696e-01	   3.2480265514978646e-01	   5.4625431186694251e-01	   3.8131957896161006e-01	   5.0642161075285430e-01	   5.6955878928412962e-01	   5.4286935773234968e-01	   4.6442996812386000e-01	   4.2930272529859437e-01	   3.7303422102818989e-01	   4.1029999503490698e-02	   2.5078372323608206e-01	   3.3680607224881573e-02	   9.5627827845385149e-02	   3.3839889159502340e-02	   2.0518155905450691e-01	   2.1836136096188113e-01	   3.5467431802937599e-01	   2.6558834638198675e-01	   3.6965168702965140e-01	   1.8393047228928747e-01	  -3.3072654726218509e-02	
   5.6076176372302133e-01	   5.2775840943157026e-01	   2.3502180583393678e-01	   5.4267866048965407e-01	  -2.3755439720865307e-01	   3.3137749724261067e-01	   5.6909544625782360e-01	   7.7768530270521785e-01	   3.0289550167538794e-03	   6.0728387084430302e-01	   5.9333736808874293e-01	   0.0000000000000000e+00	   5.8240658846058568e-01	   8.4694680933419586e-01	   3.8919131174006433e-01	   8.0124605261399218e-01	   2.0152636938435003e-01	   7.7075207794533362e-02	   2.6857479376036697e-01	   4.9480091197703668e-01	   4.1186234164320057e-01	   3.5595535291049818e-01	   9.9425468651064719e-02	   3.7669589534377174e-01	  -2.0284303515418922e-01	   3.4943879889753354e-01	   3.1005513660715550e-02	   2.3599585694849623e-01	   3.4716741522569872e-01	   2.8216375382250564e-01	   3.9276981716109438e-01	   4.1699105671149800e-01	   4.2542963408355561e-01	   5.3012528987422503e-01	   1.4901122586153021e-01	   3.4107108489082549e-01	   3.4759256585719167e-01	   3.9438818870024633e-01	   3.8885414343578339e-01	   5.4895481994734585e-01	   3.7435402466225787e-01	   3.8809253875229216e-01	   5.2690094136304333e-01	   5.0718699507761900e-01	   4.2504277472576246e-01	   5.1516957201193758e-01	   6.2113224480805207e-01	   6.0376303089774586e-01	   6.4124588347790135e-01	   5.7944043786365007e-01	   6.8278153950181353e-01	   6.1484720730531683e-01	   6.8143552025946041e-01	   3.0163236450922548e-01	   7.6632854263397365e-01	   5.9343499401384814e-01	   1.6525577574046751e-01	   1.7436056935984473e-01	   4.7106475056086072e-01	   4.9582010918606112e-01	   5.7345292065091802e-01	   6.6154615278926476e-01	   2.7804323584503304e-01	   4.9064051414121501e-01	   2.8025173696523614e-01	   4.9331546826063566e-01	   4.2053790258513357e-01	   4.4937643163439900e-01	   1.5184836934136478e-01	   4.3756114622653092e-01	   4.1705086131897662e-01	   5.1613245379499151e-01	   4.3225958474504755e-01	   4.5964295899970609e-01	   2.7284157239674767e-01	   3.9507568789173730e-01	   5.0348209131843835e-01	   5.7246946381171127e-01	   3.0408805851331988e-01	   4.6105675164713533e-02	   4.5167735392587932e-01	   3.3070224824082367e-01	   3.5370883349880539e-01	   4.1862509991988917e-01	   5.1518328560189453e-01	   5.1322831300280780e-01	   3.3987816732986875e-01	   2.5160626867185493e-01	   5.5659345299284602e-01	   6.3408661904609287e-01	   4.9462994493857970e-01	   3.9907464456740982e-01	   5.4846610545264052e-01	   1.5623374526988359e-01	   2.6827451629991933e-01	   3.3020815045080132e-01	   7.4107137407254098e-01	   5.1492886260369430e-01	   7.2432220228347077e-01	   5.9680087676116944e-01	   3.9441239686112256e-01	   1.8587890298415827e-01	   2.9206806448631384e-01	   3.3300652893265703e-01	   3.2114601011777544e-01	   2.8609429523505814e-01	   2.5461349819352325e-01	   3.4091723367404309e-01	   3.2478653363495948e-03	   1.5204715372772090e-01	   4.2056670290357256e-01	   4.6079731939237867e-01	   4.4226075065602455e-01	   4.8638563877091873e-01	   2.6557627763689673e-01	  -1.9677528024542562e-01	
   6.1692691939377875e-01	   5.1320768984697795e-01	   2.4044454492046904e-01	   1.6698197159774032e-02	   2.5527037019334446e-02	   1.0652246374640074e-01	   5.1070984572230405e-01	   3.3076906187444255e-01	   2.7266515075398889e-01	   3.0371985821262926e-01	   8.5218885765485353e-01	   5.8240658846058568e-01	   0.0000000000000000e+00	   6.1717487647097091e-01	   7.4733431373752024e-01	   5.5223068338546977e-01	   3.6959444374657990e-01	   2.6679144660269216e-01	   2.7924368727911636e-01	   3.0578586163261545e-01	   4.3431287797889406e-01	   3.7558613186324108e-01	   3.1295791603157472e-02	   5.7685172764871812e-03	  -1.2358374079910996e-01	   7.8436129956748007e-02	   1.1020891106628856e-01	   4.2202808762384005e-02	   3.8045541330511429e-01	   3.2062148981517874e-01	   5.1188444806344394e-02	  -1.5113748591987622e-02	   2.4411412825638903e-01	   1.7400089657583256e-01	   6.0718769224909194e-02	  -1.0351230150395217e-01	   2.2992760850526478e-01	   1.1750475787992801e-01	   4.4733065095190688e-01	   2.6743421495071040e-01	   3.2498908375596203e-01	   2.5426105120750497e-01	   3.1229919589529725e-01	   3.5242126304285942e-01	   3.0443698533315044e-01	   2.9425800744521630e-01	   3.9613831998337246e-01	   3.8732974625887506e-01	   4.6850119344683694e-01	   3.8674087494420128e-01	   4.4876525502392667e-01	   4.3490036038286339e-01	   3.9225955882220853e-01	   3.8142496481502058e-01	   4.4819660730906680e-01	   3.1750587871497443e-01	   3.1461612004822592e-01	   3.5482323701115448e-01	   5.5918984727408816e-01	   3.7675951189265783e-01	   7.3736070427477651e-01	   2.6752728813844845e-01	   2.1282471939373604e-01	   4.0002650840802528e-01	   2.4747458631254840e-01	   1.7878276676755706e-01	   2.7902819414195129e-01	   1.0050236284976236e-01	   2.2861429317181398e-01	   2.7090490287283309e-01	   4.5431224138786264e-01	   3.2469301835752828e-01	   2.7943090949548643e-01	   1.9001921487038514e-01	   2.0308139553518703e-01	   1.9955435637249075e-01	   5.1062327597582524e-01	   4.1324916055299193e-01	   4.5567910217879781e-01	   2.1056074152059129e-01	   4.0091211022056084e-01	   2.5349332261445529e-01	   4.4475730330778585e-01	   2.5067049853455892e-01	   4.1041718997305598e-01	   2.2298618328247852e-01	   2.2926381981378621e-01	   5.6444504641209071e-03	   4.8909397925583786e-01	   2.7835720378204093e-01	   1.4790213848012645e-01	   2.7941232522691561e-01	   2.3542051139905998e-01	   3.0778219419313213e-01	   1.5651043060817216e-01	   2.1920893701970118e-01	   5.1780151026168397e-01	   2.8234266485406878e-01	   4.5165478672872705e-01	   5.1417323960209660e-01	   3.8593658558922589e-01	   3.7057829688463417e-01	   2.5478739352875829e-01	   3.2607696203351361e-01	   1.2948717522966609e-02	   1.7895820900489906e-01	   1.6125456195200658e-01	   4.2598805856936900e-02	  -2.6413947275840122e-02	   1.9291515663138198e-01	   2.6614852975904923e-01	   5.0302555099738744e-01	   2.6840509426844872e-01	   3.9511252987697781e-01	   9.8564094366731816e-02	   3.8469815596725701e-02	
