   0.0000000000000000e+00	   8.5789871605345902e-01	   3.4138250831757755e-01	   3.2371991175535059e-01	   2.9874192797857213e-01	   1.4380831115719522e-01	   4.6181767112877731e-01	   6.2656536883048264e-01	   1.9606706277249453e-01	   1.9810676487871526e-01	   6.0929467801523662e-01	   5.8482686383435345e-01	   6.1733453676053973e-01	   5.8998795896878464e-01	   5.7560215380883761e-01	   4.4007571436201587e-01	   6.6211714790604892e-01	   5.5704459969948628e-01	   7.5312064954776758e-01	   6.3746883156613710e-01	   8.5734913925450851e-02	   5.4053505389764979e-02	   1.4277190731392353e-01	   7.8002718209747648e-02	   9.6990958561993981e-02	  -2.3528473988105808e-03	   5.0038971064012755e-02	   1.2701818602966516e-01	   6.4325871651129385e-01	   5.2071803159283681e-01	   2.9701920358709388e-01	   2.7599225263119920e-01	   4.8393333890380069e-01	   5.1587996138203085e-01	   4.0566556301791103e-02	   1.8398802211098580e-01	   3.2354923773731858e-01	   1.9400143385026763e-01	   4.0675815629549328e-01	   2.1530138412664285e-01	   4.0749001346199731e-01	   3.1855065818918782e-01	   3.2097148709285284e-01	   3.7684373464413701e-01	   1.3029236621352625e-01	   1.9708241920397926e-01	   3.5323323825742337e-01	   4.3236560980204192e-01	   2.1910838063982055e-01	   3.6922681370454080e-01	   3.5275075618151974e-01	   4.3957013555883423e-01	   4.9585007200690867e-01	   5.1430562853060802e-01	   4.6789937079969901e-01	   5.5158398263352182e-01	   7.4622370279007744e-01	   6.7558054043025506e-01	   5.0798112448215704e-01	   5.0569093955836708e-01	   6.9388234542152971e-01	   6.0639857892989490e-01	   5.7165809408133084e-01	   4.9592398135778026e-01	   1.0720144260487022e-01	   8.6717444734208504e-02	   1.5613931171123160e-01	   1.7003575021601794e-01	   7.8108218295202814e-02	  -1.1139564220211243e-01	   2.5149338096771173e-01	   1.8045073796342623e-01	   3.9931998523628787e-01	   4.9435873255924956e-01	   5.3807719170597734e-01	   3.7684487704233760e-01	   5.8705554253864778e-01	   4.8764312229128981e-01	   5.2931088786531144e-01	   3.0443589644844954e-01	   5.7103751880404197e-01	   6.1639711734901259e-01	   5.1800496681394703e-01	   5.2053259365410265e-01	   4.1111057728250588e-01	   4.6054260719038820e-01	   3.6618171120216958e-01	   1.1219909910259576e-01	   5.9585368649148573e-01	   5.2315608550852866e-01	   4.7191412144452261e-01	   4.4065100398808021e-01	   2.2451309830349520e-01	   3.8268213028871301e-01	  -1.1754464213673757e-01	   3.4617947764321720e-02	   1.9690340436821430e-01	   2.7213413048065505e-01	   4.9486662542975562e-01	   6.8835716303334649e-01	   5.3449073030039629e-01	   5.8557810549941336e-01	   6.7431358697396859e-01	   6.4024490971834291e-01	  -3.3770888995978007e-02	   1.4994601713735312e-01	   3.1005778928402411e-01	   3.3488081725421648e-01	   1.6639947291436258e-01	   2.5778516052684292e-01	   2.2834905918911533e-01	   6.8605476517758635e-01	   5.6239567626117026e-01	   5.1526526144372187e-01	   4.0116077014532170e-01	  -3.9585027946717516e-01	
   8.5789871605345902e-01	   0.0000000000000000e+00	   2.8570264933698764e-01	   3.4563050797599770e-01	   2.3933650752623742e-01	   1.2132462105443871e-01	   3.4053229321486284e-01	   5.1672648205590188e-01	   1.4152098466834320e-01	   2.0649685707492610e-01	   3.8554770404479338e-01	   4.6525712025016197e-01	   3.8126558390428344e-01	   4.1858695114059696e-01	   4.5504304305914678e-01	   3.6786300380919890e-01	   5.8505647199743849e-01	   4.7756051635637309e-01	   6.1497619617176613e-01	   6.3926780642097869e-01	   9.8439103821559584e-02	   9.0163177555130564e-02	   6.5510264767676442e-03	   5.2243661429519042e-02	   1.1568354262479648e-01	   9.8733893408813819e-03	   1.3967865842605867e-01	   1.8072010412500950e-01	   5.3055704888755661e-01	   4.2896303124128055e-01	   2.0137120292176797e-01	   2.0858286949031768e-01	   3.9995776307853531e-01	   4.0541827102185857e-01	   2.4732177537586809e-02	   5.9657950480284952e-02	   2.8984649841420951e-01	   6.7671031488085190e-02	   3.0677262868939809e-01	   9.0866959077439399e-02	   2.9496413357972973e-01	   2.2312154353984179e-01	   1.9259474573476498e-01	   2.6416861839516559e-01	  -2.5889018376898103e-02	   1.9899890483775270e-02	   2.7102814095199224e-01	   3.2657953909645265e-01	   8.0581420803575998e-02	   2.2008499588119274e-01	   2.4006786506670225e-01	   2.8877696673071890e-01	   4.4595168459486800e-01	   5.1680843513035113e-01	   3.3541615722111762e-01	   5.0490877406974455e-01	   8.1252502820560113e-01	   7.4349508209452675e-01	   2.6546516192646835e-01	   3.3698960086746310e-01	   5.4650137029649781e-01	   4.9294572835950179e-01	   4.0049078477730460e-01	   3.3212650288901252e-01	   4.0417026628696055e-02	  -7.0789990103271323e-03	  -2.6769130795281766e-02	   1.0050221469370749e-03	   1.9202772478761818e-01	  -8.4090294004365657e-02	   2.9729357310142146e-01	   1.8360066049076651e-01	   4.3617294785791449e-01	   5.0352440522949138e-01	   5.7015325869508893e-01	   4.2683568836591329e-01	   5.2445549498210220e-01	   4.0019325862999833e-01	   4.2934539039458158e-01	   3.0120892941572536e-01	   5.1342678169337053e-01	   5.9797463147573293e-01	   4.5955600159378024e-01	   4.7220456554668849e-01	   3.5224051878406742e-01	   3.9875470670679558e-01	   4.2052643545901458e-01	   1.7232186000296013e-01	   5.2803972384387032e-01	   5.5567961391436382e-01	   5.8576198795542478e-01	   4.4341079708956854e-01	   3.7757477576913412e-01	   4.4619504383740749e-01	  -8.6744401175759792e-04	   8.4856380734740222e-02	   1.6684505430196858e-01	   3.1461258501976652e-01	   4.7661554017565949e-01	   6.0894836536324914e-01	   5.9251692760316155e-01	   5.1370998816114533e-01	   6.4726014988915470e-01	   6.2973099571745139e-01	   3.6882472057931902e-02	   1.1010846706318883e-01	   2.1132089647521407e-01	   1.8930384784296173e-01	   2.0431309182786223e-01	   2.0327532618157615e-01	   1.7958938958829734e-01	   6.9918247859959537e-01	   5.2160331611545496e-01	   4.9884076463795657e-01	   5.2354203380408126e-01	  -3.5579697641408287e-01	
   3.4138250831757755e-01	   2.8570264933698764e-01	   0.0000000000000000e+00	   7.6809217071252156e-01	   6.7334837101888545e-01	   4.0594278933704075e-01	   8.7221387687586849e-01	   6.2058820262059711e-01	   5.6314287740662172e-01	   2.9387759155305798e-01	   4.9917855242652048e-01	   2.7555595216637413e-01	   4.8456553541215597e-01	   4.3319032656789647e-01	   6.3725203116862161e-01	   6.2118504118041062e-01	   1.2671886704354160e-01	   4.3210432140145666e-02	   3.2543958152678615e-01	   2.7026773255433439e-01	   6.4459366148721786e-01	   4.9276003488508169e-01	   7.6913334359889374e-01	   6.6372773850971245e-01	   8.2178171127439259e-01	   7.2683332364628273e-01	   6.2300852223820602e-01	   6.8166583465700925e-01	   2.0204584262327743e-01	   1.0553329953299527e-01	   7.8171590385203982e-01	   7.5071773765952377e-01	   6.0074957293885778e-01	   6.6024086742730492e-01	   7.3005509635625687e-01	   6.9625399348621664e-01	   2.7298976719120749e-01	   1.3402951300076954e-01	   3.7889833131479284e-01	   3.3772186892112360e-01	   2.7201143978994957e-01	   1.5265852900487459e-01	   4.2537991892001059e-01	   3.9133347110076389e-01	   4.1001036422332326e-01	   3.2778413189801869e-01	   3.4613026386167611e-01	   3.5908228744483134e-01	   2.3638245817886955e-01	   2.2467206594481393e-01	   2.3448513925227549e-01	   1.7079761194462981e-01	   1.3735280887684770e-01	   2.2175927963961822e-01	   2.9969188557780524e-01	   3.4406919684803006e-01	   7.5448731971320057e-02	   1.4731104330148420e-01	   3.4391233328885984e-01	   2.5218748028588804e-03	   3.5124673676639628e-01	   1.4997960376511901e-01	   3.8065249111982891e-02	  -3.1195494882507762e-02	   8.3081715130102163e-01	   5.2139165039385416e-01	   5.8499644783080795e-01	   5.4195178284364787e-01	   2.1337896003988685e-01	   2.7906182017820158e-01	   5.3027981342974484e-01	   3.9560616395379189e-01	   1.2155004354369904e-01	   1.3376803719853272e-01	   2.5787189113616504e-01	   8.6176453088879584e-02	   2.4298098544407504e-01	   2.2324122533000695e-01	   3.5381040200502067e-01	   2.9960373341698510e-01	   2.9408327588977429e-01	   4.4409540936185404e-01	   4.5890604636164534e-01	   3.4862373074327085e-01	   7.5542535958913359e-01	   6.9962093699614814e-01	   6.0128713896442232e-01	   4.4204213596030595e-01	   6.7884918663931515e-01	   5.5568808831165972e-01	   4.8690348837334341e-01	   5.3978106309726570e-01	   5.3159029043633543e-01	   6.2626364707590998e-01	   1.1172908840071655e-01	   1.5351678975028268e-01	   3.5552165333072916e-01	   4.3773914769171729e-01	   2.0152138536370726e-01	   3.6826854436693701e-01	   3.5739165201542922e-01	   5.6482290148503944e-01	   3.5176774984467307e-01	   4.4407186024819734e-01	   4.0505260889911365e-01	   5.0907672819468630e-01	   2.7118512918226800e-01	   3.2157912507245506e-01	  -3.1828239320528355e-02	  -8.9223200111913745e-02	   3.6566046073270531e-01	   3.1796591782937844e-01	   2.4059238529867491e-01	   4.6677036515772274e-01	   4.7142676876689005e-01	  -7.7358620090390434e-02	
   3.2371991175535059e-01	   3.4563050797599770e-01	   7.6809217071252156e-01	   0.0000000000000000e+00	   6.4687240946822611e-01	   4.7536029902740418e-01	   7.8795264499124618e-01	   8.0510745747866563e-01	   4.2807108036098951e-01	   3.9258429623319968e-01	   4.2678389739341133e-01	   4.5377586656114594e-01	   4.3864621880516874e-01	   4.9486582473506124e-01	   6.9507189670783820e-01	   7.0098701867437296e-01	   2.7169679086878112e-01	   1.8828298564148033e-01	   2.8727756732483678e-01	   3.7004698570752015e-01	   7.7694936474737153e-01	   6.4958580327480830e-01	   5.7288735397796053e-01	   7.4588410451982823e-01	   7.5739429256365443e-01	   6.9670392393158986e-01	   7.0402535524342236e-01	   7.6405738913250865e-01	   3.2429493993391778e-01	   2.5986801643034962e-01	   7.1046200899452072e-01	   7.8193576028629730e-01	   5.7230805462042955e-01	   6.7107839008744485e-01	   5.7211825948334694e-01	   6.1268557929016609e-01	   4.2468236890077893e-01	   1.8251618424258675e-01	   5.0868650352589762e-01	   4.1057714435737047e-01	   3.7336229958361239e-01	   3.2430057264939571e-01	   2.2579030446300311e-01	   1.6158565748497727e-01	   1.8772974263050773e-01	   1.0765403868185111e-01	   1.5883557015920957e-01	   1.3263981318284901e-01	  -6.0738415326294162e-02	  -6.0316180905631539e-02	  -6.1240953906544163e-03	  -1.4199383510963760e-02	  -2.4259574311030459e-03	   1.9767137351743075e-01	   2.0280992016889415e-01	   2.4856654346674706e-01	   2.1446542596051099e-01	   2.3832661564133550e-01	   5.7611681864924824e-02	  -1.5299820961322635e-01	   2.6641718575204898e-01	   3.1370710282567060e-01	   7.6731281375592708e-02	   1.0039823615810367e-01	   7.2278465871834352e-01	   6.2914588462835186e-01	   3.9780136443339714e-01	   4.5382181635764574e-01	   2.5243904485892543e-01	   1.3992921627412391e-01	   6.4296034842895877e-01	   5.4119533517810758e-01	   2.9120154628383377e-01	   3.5777942602024188e-01	   2.9571233495940308e-01	   1.4109983916026592e-01	   3.2478541788095389e-01	   3.7239134547273367e-01	   4.6939021423610244e-01	   4.6783112069469313e-01	   4.1044219082561217e-01	   5.2984179546210330e-01	   5.2516282852989682e-01	   5.2289123968675910e-01	   7.6313377079422073e-01	   8.0005636120838597e-01	   7.2901589340329975e-01	   7.4747401084935317e-01	   6.9472289262890086e-01	   5.8899244347259583e-01	   4.9778857992981629e-01	   4.4121159446966363e-01	   7.0101028527302744e-01	   5.8297795790453433e-01	   2.1261441667781997e-01	   2.4346579221057896e-01	   2.3785517572051085e-01	   3.1270825944809533e-01	   7.2006336885717073e-02	   2.3845127221645002e-01	   5.6103714709293451e-01	   5.4695112210639318e-01	   4.9675708240417898e-01	   5.1912125672401011e-01	   3.6189580298783630e-01	   4.8096262163517511e-01	   2.9325640332579478e-01	   3.2465048574871724e-01	   6.4316771844571990e-02	   7.1126677226108964e-02	   3.3787740295801993e-01	   2.8205622645485912e-01	   1.8840903465762032e-01	   4.6655436574630660e-01	   5.2264273300235964e-01	  -1.1349311431364023e-01	
   2.9874192797857213e-01	   2.3933650752623742e-01	   6.7334837101888545e-01	   6.4687240946822611e-01	   0.0000000000000000e+00	   3.6808282616069532e-01	   7.1762030938520804e-01	   6.5620921864798176e-01	   3.3351197550969214e-01	   2.6478874014867415e-01	   6.7988912873249174e-01	   5.0628972949624651e-01	   5.4361975209617508e-01	   5.6809927674330996e-01	   7.4086340167081033e-01	   6.9895791242648309e-01	   1.1588889445698632e-01	  -2.9899919865288543e-02	   2.5993225109709145e-01	   1.3433479096091261e-01	   6.2931681272072881e-01	   5.4719537903797144e-01	   6.7727930625436583e-01	   6.6208432684005825e-01	   6.0946578821027375e-01	   3.8604940809616073e-01	   7.1071267875510935e-01	   7.6694704253785106e-01	   2.7392914738703444e-01	   6.1643013712383100e-02	   6.5873272081321543e-01	   7.1020324481871111e-01	   3.3500848778272418e-01	   3.5322230675673671e-01	   3.9479618478600625e-01	   4.5063226981313309e-01	   2.6552351133871860e-01	   1.7875236211765372e-01	   3.0409840360048274e-01	   3.3509838797244429e-01	   2.7310204212350164e-01	   2.2820476386801045e-01	   1.6967861566832371e-01	   5.3843347877922512e-02	   1.7591055159878760e-01	   5.7236440714360792e-02	   1.0391437538186862e-01	   1.5494932546828197e-02	   2.1642792692596940e-04	   9.2971586356682054e-03	   1.9384918622719446e-02	   3.0282573431293910e-02	   6.0966270174907279e-02	   1.3280464061987823e-01	   1.4025559569701029e-01	   2.2554831418801491e-01	   6.8062593074260727e-03	  -3.5827414687303910e-02	   1.1181453086434967e-01	  -1.6750821866381441e-01	   1.5132386377920171e-01	   1.6748583685553467e-01	  -6.0937590403989342e-02	  -1.0296326442549433e-01	   5.8351411211989168e-01	   3.6595310673774128e-01	   2.0965418640784800e-01	   1.4435682781150438e-01	  -5.0535582880437253e-02	  -4.8081171316472313e-02	   3.4376309456107068e-01	   3.5659349186674349e-01	  -1.4304314559760983e-01	   4.0783649695110960e-02	  -2.7678345128277177e-02	  -2.0181988730872344e-01	   2.2483057394513420e-01	   8.5278929709637519e-02	   3.1634670645461649e-01	   1.6810949553757532e-01	   2.0901399138042989e-01	   2.5153540811832537e-01	   3.0308939681983899e-01	   1.9935499010943669e-01	   7.0896314077115052e-01	   5.5247197076065979e-01	   4.5202054631718475e-01	   3.9711474173005884e-01	   5.5032982287513654e-01	   4.2624093237640981e-01	   4.1628524577678477e-01	   5.9260572765793817e-01	   5.3609013544736994e-01	   6.3435273395654990e-01	   1.3704285161722990e-01	   2.3811052597858495e-01	   1.0074644259734541e-01	   7.5883340444640457e-02	  -1.5780006911527036e-01	   2.3657459151491614e-01	   3.2317398221420590e-01	   5.8579082125037141e-01	   2.2728630325489391e-01	   3.7089014621855160e-01	   1.4725210606670766e-01	   4.0978777217139839e-01	   1.6309801885637590e-01	   6.7134802909252625e-02	  -7.7841133451188066e-02	  -6.6426889069606143e-02	  -1.0663298702096025e-02	   8.3888750986409411e-02	   1.6588706659707797e-01	   1.7686016683216155e-01	   3.4850808000616862e-01	  -5.9343910865776700e-02	
   1.4380831115719522e-01	   1.2132462105443871e-01	   4.0594278933704075e-01	   4.7536029902740418e-01	   3.6808282616069532e-01	   0.0000000000000000e+00	   3.2905701163133316e-01	   4.4448892073845081e-01	   6.8227892175644334e-01	   7.4125047313254611e-01	   3.4667211804856146e-01	   3.6743358430009254e-01	   3.7315656248013040e-01	   2.9779964267967596e-01	   4.8679242328046546e-01	   4.7672606830526010e-01	   2.1965952027856622e-01	   9.6277894778428047e-02	  -6.8472638982262829e-02	  -1.8885032808689171e-02	   4.4867319211781997e-01	   4.1274420150741847e-01	   4.7335200810950612e-01	   5.3592014833298973e-01	   4.6632636304841096e-01	   5.7055739295258656e-01	   4.1656713407318030e-01	   5.9264704980116156e-01	   2.0029522699243107e-01	   2.0176065468652513e-01	   1.5748926700953736e-01	   1.9244063657606203e-01	   8.9762513014458728e-02	   1.8922798323106352e-01	   2.5969772844294353e-01	   3.5440054017727518e-01	   5.0710373672512099e-01	   3.0859073882140431e-01	   3.9469077090087024e-01	   3.1216780425229390e-01	   4.0371646188959481e-01	   3.4091672887718666e-01	   3.8359431466643314e-02	  -1.1627298380973115e-02	  -4.0992997214358173e-02	   7.6824816890492583e-03	   7.4448822478379140e-02	   5.9057304437143229e-02	  -1.4726683193385902e-02	   5.7508842141616834e-02	   2.5884326479261954e-01	   1.6919951243842243e-01	   2.1833871434728219e-01	   3.6449206224052250e-01	   2.2682704471917303e-01	   1.5787099134207408e-01	   1.6237275914263072e-01	   8.1346609011852727e-02	  -5.5336496053258067e-03	   2.0864411930350685e-02	   1.5253537003858447e-01	   3.4090764284837871e-01	  -2.9988546701541197e-03	   1.8493166907168214e-02	   4.5909756101641769e-01	   6.2833752236421159e-01	   2.4725590361528166e-01	   3.0741733406392791e-01	   1.5166798330253822e-01	   2.0665838615069954e-01	   1.3036975981269708e-01	   1.0963065702997407e-01	   2.3514615992726745e-01	   8.8053182917087705e-02	   5.7514576909497017e-02	   7.2480804592211677e-04	   3.1123616550132092e-02	   2.6845390773252215e-01	   4.0435927438020652e-01	   3.6559136048999513e-01	   2.7310347002638646e-01	   2.6236676348057852e-01	   2.7408678145828308e-01	   2.5602930813356717e-01	   4.8804551161886633e-01	   6.5770905146293401e-01	   2.3647643945865071e-01	   2.0852645543438139e-01	   4.4867201334831175e-01	   4.0015443312833210e-01	   4.3926405940803681e-01	   1.0630123959267697e-01	   5.5007555890222337e-01	   1.9284076972544048e-01	   1.9567288296665780e-01	   3.4967484287249917e-01	   1.6354643642244093e-01	  -8.3763436650869771e-02	   9.5031051369156558e-02	   5.4622995927880197e-02	   4.4884460799642756e-01	   2.4859069868043707e-01	   2.3112134750691044e-01	   1.9552769247964047e-01	   2.4294852345343090e-01	   3.4404011125790745e-01	   1.3515512243707903e-01	  -6.8072291256330186e-02	  -1.2443663649592183e-01	   1.5978102979170250e-01	   2.3475351922987711e-01	   9.8988783877135361e-02	   2.4920529724415980e-01	   1.7020697510514182e-01	   1.6953697446438043e-01	   5.7534103227499814e-02	
   4.6181767112877731e-01	   3.4053229321486284e-01	   8.7221387687586849e-01	   7.8795264499124618e-01	   7.1762030938520804e-01	   3.2905701163133316e-01	   0.0000000000000000e+00	   7.7104657329482684e-01	   4.6977806592170746e-01	   2.3214514034248568e-01	   6.6891011341669993e-01	   4.0456644421515608e-01	   6.1775184402369576e-01	   6.0396957994696621e-01	   7.2807388163046671e-01	   6.9650615433027729e-01	   2.8286615679295934e-01	   1.8702465445971606e-01	   4.7182041866407698e-01	   3.7697375923377296e-01	   6.8772040587747929e-01	   5.3174793315957891e-01	   6.6022331380260957e-01	   6.2997993323060508e-01	   6.6302349938577376e-01	   5.5017928424760321e-01	   5.5031352100561959e-01	   6.2671607843849286e-01	   3.8049218141126601e-01	   2.3086699261217991e-01	   8.0500890317997464e-01	   7.6178175622002486e-01	   7.1484966317332088e-01	   7.4470802356851107e-01	   6.3301652032473432e-01	   6.7704298862130441e-01	   3.5780442399253731e-01	   1.5289721252594796e-01	   4.6087603188054949e-01	   4.0961842208481575e-01	   3.4467191509890183e-01	   2.5037191203434866e-01	   3.9853096854152864e-01	   3.4792375618206151e-01	   3.8751444788143219e-01	   3.1418381270635920e-01	   3.0464815893064012e-01	   2.9969788298880823e-01	   1.6211556909359831e-01	   1.5735518226663989e-01	   1.7817999035036025e-01	   1.3594177662717227e-01	   1.2419271592588363e-01	   1.9564308087496621e-01	   3.2208937749955563e-01	   3.4888958318435559e-01	   1.9744842847253782e-01	   2.2234023415226112e-01	   3.7772807352745386e-01	  -1.3051995929343641e-02	   4.8042200402113844e-01	   3.0812048767843403e-01	   2.5162042934622941e-01	   1.9418045132013956e-01	   7.3031575918685476e-01	   5.2646582522237018e-01	   6.1515513120801890e-01	   5.4405611259500164e-01	   2.0559889141305929e-01	   2.0549839840551265e-01	   5.4700483277981071e-01	   4.5294413315049448e-01	   1.7439203902494818e-01	   2.9929600335740081e-01	   2.4227735356585545e-01	   1.4065150930713244e-01	   4.5120478139299719e-01	   3.2814156168351771e-01	   4.4806356236330624e-01	   3.4732782747286983e-01	   4.0967746212904954e-01	   5.2516899287252750e-01	   4.8808115873725944e-01	   4.1896352046986352e-01	   7.7455936824324589e-01	   7.1135374141487606e-01	   6.1593501175358556e-01	   5.0222431200477369e-01	   7.4337083639539592e-01	   6.0065301080417577e-01	   4.1280508052939580e-01	   5.4019773197569931e-01	   5.0896582074654562e-01	   6.0663275105592795e-01	   1.9746483837908399e-01	   1.6332262572289447e-01	   4.0954409689089177e-01	   4.8453495031937005e-01	   1.6024501750704842e-01	   3.9920567527211270e-01	   3.5822886181735608e-01	   6.8568412135884671e-01	   4.3849283664014893e-01	   5.9077475269785396e-01	   2.8514931242729491e-01	   4.6448516283490771e-01	   4.0413088969620525e-01	   4.2152097408136047e-01	   5.7628626413138317e-02	  -1.0171507472919721e-02	   3.6027286846724194e-01	   3.1582628776726696e-01	   2.0459845553142886e-01	   4.8987808284625012e-01	   4.2809547174597390e-01	  -1.7111540453696295e-01	
   6.2656536883048264e-01	   5.1672648205590188e-01	   6.2058820262059711e-01	   8.0510745747866563e-01	   6.5620921864798176e-01	   4.4448892073845081e-01	   7.7104657329482684e-01	   0.0000000000000000e+00	   4.2740378066138285e-01	   4.1153028769810329e-01	   7.0738231534859553e-01	   7.5981743402885771e-01	   7.6630249823971230e-01	   8.1460597866046291e-01	   8.3512108244579908e-01	   8.1819199691142663e-01	   4.1655850507284531e-01	   2.7512251834257795e-01	   4.1700850025938557e-01	   3.4133010870252634e-01	   5.8421701429795370e-01	   4.9683006831981436e-01	   5.1790019276720634e-01	   6.3029110677749423e-01	   5.2302599299621444e-01	   4.6405933863564253e-01	   4.9443813797892722e-01	   6.3001786640988899e-01	   5.2324856512958562e-01	   4.0278150031237175e-01	   6.2437317120739799e-01	   6.7752296837356596e-01	   5.0430418900772200e-01	   6.4256135765778866e-01	   2.7808915420925012e-01	   4.6436134474370511e-01	   4.8365062326530389e-01	   2.5101522033007695e-01	   5.8350600535815167e-01	   4.8340166119485456e-01	   5.1521124561732701e-01	   4.4155221341388040e-01	   3.3878599843108942e-01	   2.7610205888205741e-01	   2.5426217400843598e-01	   2.1542591966834077e-01	   2.9227316588830127e-01	   2.6096107249114187e-01	   9.3242628401970756e-02	   1.7192395162108590e-01	   1.6099694510055340e-01	   2.3356055936016154e-01	   2.0745413110744590e-01	   3.1144492616915459e-01	   4.0291934291482889e-01	   4.2754311511725923e-01	   3.2678988611529630e-01	   2.9365694275482207e-01	   3.3509849023206406e-01	   1.7499989335331576e-01	   5.6866791379199666e-01	   6.7705682861784111e-01	   2.3538428321983340e-01	   2.7003543851333678e-01	   5.3955145974556484e-01	   5.5019095889493908e-01	   3.2224125563358330e-01	   3.8511097575839887e-01	   1.1865469449470169e-02	  -6.1327362169557323e-02	   4.1908876009789020e-01	   4.0428278485222846e-01	   2.2418554907548399e-01	   4.2862257710148127e-01	   2.6415437467187330e-01	   1.1196782642028461e-01	   4.1176015035453717e-01	   3.8039895744378832e-01	   6.0280345628069265e-01	   4.0375597270537644e-01	   4.7408135634300419e-01	   5.1191477466720681e-01	   5.5213015542521238e-01	   5.2545200463222186e-01	   7.2392738880232754e-01	   7.2270963518602149e-01	   5.6432585589705453e-01	   5.2953095778616910e-01	   7.2694679738726276e-01	   6.2946530193217121e-01	   4.4705079093266076e-01	   3.7818497203291668e-01	   4.9392809538859750e-01	   4.7414547516267053e-01	   5.6208753647587026e-02	   1.5161324031081075e-01	   2.1644498485513003e-01	   2.2810555554356332e-01	   1.7234256282914431e-01	   3.8700132765376338e-01	   5.4852137002891976e-01	   6.0761534903318049e-01	   5.2935558984504882e-01	   6.0005319453869732e-01	   8.9959354626829330e-02	   3.1452820701097051e-01	   3.5384458978567457e-01	   3.4474054101468865e-01	  -2.9530485845494350e-02	   6.3163753716553764e-02	   1.8549988092460695e-01	   3.4177805730302080e-01	   3.0405443412247829e-01	   3.8743592665912929e-01	   4.1223386633773484e-01	  -3.5446864225121399e-01	
   1.9606706277249453e-01	   1.4152098466834320e-01	   5.6314287740662172e-01	   4.2807108036098951e-01	   3.3351197550969214e-01	   6.8227892175644334e-01	   4.6977806592170746e-01	   4.2740378066138285e-01	   0.0000000000000000e+00	   7.5608322816809781e-01	   3.9281301468062330e-01	   3.8313611220044941e-01	   4.9705660195265833e-01	   3.0688792381251018e-01	   5.6326623893226990e-01	   4.6467362643994897e-01	   1.7843133139309311e-01	   1.2767689906066687e-01	   1.9203151775235790e-02	  -3.7545877084800422e-03	   2.4049828706589521e-01	   1.4437941636158702e-01	   5.0364096641285439e-01	   4.2080527024272119e-01	   3.4972142346380497e-01	   4.0453821510035437e-01	   1.1001804276937655e-01	   3.1817734752929139e-01	   1.4433541438469677e-01	   1.9442779683124678e-01	   1.4397481864131595e-01	   1.3810950197355534e-01	   7.9477615058776263e-02	   1.6682510322734120e-01	   1.8254712594890807e-01	   2.5044987622760706e-01	   3.9776685535798534e-01	   3.2302519472786673e-01	   3.2040856489290748e-01	   2.5772514438263550e-01	   3.6802798330459802e-01	   2.0938899170338787e-01	  -5.5398890882795877e-03	   2.8026582275348648e-02	  -1.0970625922221350e-01	  -5.6363506094136435e-02	   4.9022221439352962e-02	   1.4580866124080696e-01	   4.1005023146120013e-02	   1.1907277866619867e-01	   2.6715799706692511e-01	   2.1203283975833825e-01	   2.3804556477376815e-01	   4.1023246594044460e-01	   1.8559251716649131e-01	   1.5149107241265508e-01	   1.2244034224023072e-01	   9.1273781161559486e-02	   1.1407074365759719e-01	   6.1530742274091251e-03	   2.6738852726905904e-01	   3.0913951133514456e-01	  -2.1804007531153642e-02	   3.5584797620178917e-02	   5.2550318968480236e-01	   4.3850430119029266e-01	   2.1388150272257384e-01	   1.7539872711240589e-01	   1.0124983015064826e-01	   2.0037998969366710e-01	   2.5444614747968963e-01	   6.8895919757006235e-02	   1.7072591993908662e-01	   2.7252532755973259e-02	   1.0718664950519598e-01	   1.9626638235215880e-02	  -6.9205898575895736e-02	   7.2654853586252802e-02	   3.6068680533090380e-01	   3.5511334983411436e-01	   2.4197824043102500e-01	   3.2242138722237096e-01	   3.5256240373875658e-01	   3.0572415268796410e-01	   5.0564445107706069e-01	   5.9702396792436330e-01	   2.6145900702149361e-01	   9.0631573157765558e-02	   5.1717800599426256e-01	   4.7616624125829299e-01	   3.3634795801780537e-01	   1.6254980353155923e-01	   4.2333782263851089e-01	   2.8624130911194040e-01	   9.8026273344409054e-02	   1.6098705705148131e-01	   1.7760750352466320e-01	   4.6004601894507786e-02	   1.1339977382022554e-01	   1.1425580614198676e-01	   4.2606518433199048e-01	   3.7297447516091498e-01	   2.2856064711129717e-01	   2.9567860874264873e-01	   2.7700162024396274e-01	   3.1744926776749399e-01	   1.4404907359377153e-01	   1.9844117420305116e-01	  -2.5077590918143522e-01	   8.6151542425774955e-02	   2.3788339223280830e-01	   1.7063708744258277e-01	   6.1394890583836133e-02	   1.9751232712972486e-01	   2.4460155203920397e-01	  -2.6597119223818046e-02	
   1.9810676487871526e-01	   2.0649685707492610e-01	   2.9387759155305798e-01	   3.9258429623319968e-01	   2.6478874014867415e-01	   7.4125047313254611e-01	   2.3214514034248568e-01	   4.1153028769810329e-01	   7.5608322816809781e-01	   0.0000000000000000e+00	   3.0744121951866898e-01	   5.1760915570723820e-01	   4.3420262074582583e-01	   3.0207244232896147e-01	   5.4509921738082878e-01	   4.7476441105596423e-01	   1.4551843456130456e-01	   1.0028267389858360e-01	  -6.3541363076993568e-02	   6.6899616542448040e-02	   1.8376793369754540e-01	   1.2439634151512097e-01	   2.6933688018457830e-01	   3.4799912835598856e-01	   1.8336019558474029e-01	   2.5145676080737023e-01	   1.8584506984070670e-01	   3.9491259057505468e-01	   1.3022861129360139e-01	   2.4584248743980675e-01	  -9.7712389454907983e-02	  -2.3829419118982675e-02	  -1.3124706710791562e-01	   3.7680907652239476e-03	   4.6218034935469696e-03	   9.9949864995014154e-02	   3.4064216911949241e-01	   2.5254998073415680e-01	   2.3045805983296538e-01	   1.0649541410972113e-01	   2.8825647315167746e-01	   1.0606969083059510e-01	  -2.3691082673743691e-01	  -2.2871484538531234e-01	  -3.5010075013199299e-01	  -3.0001662309280996e-01	  -1.5784097864672025e-01	  -1.1628394522471995e-01	  -2.3338533307016507e-01	  -1.1555085678528468e-01	  -4.4311638037212190e-03	   2.4140764179092715e-02	   1.0809402710200226e-01	   3.2532885688601759e-01	   3.1230075790453133e-02	  -5.3082736922585270e-03	   1.9439840831377289e-01	   1.0777573984964742e-01	  -8.7602116811327402e-02	  -2.4130456307049318e-02	   2.5450215791632014e-01	   5.2563956245806542e-01	  -1.2072041995987448e-01	   4.4146958765518017e-02	   3.6949405113199807e-01	   3.9521611045171312e-01	  -9.5199582930238613e-02	  -2.1395258684238104e-02	  -1.6626210186906694e-02	   1.2940587743546764e-01	   9.9790368352698111e-02	  -6.5428252291097111e-02	   9.5919732333885788e-02	   2.7967436812362446e-02	   1.1299455613216698e-02	   6.0544680088706851e-02	  -1.1871120670713267e-01	   1.2559162761458967e-01	   2.4138791447041202e-01	   2.4274986682521377e-01	   1.9651985856200849e-01	   2.9521216989238941e-01	   2.9393729684099523e-01	   3.2558633932142605e-01	   3.6488906653426395e-01	   5.3335299653417678e-01	   2.3812307010955797e-01	   1.0001935655727351e-01	   4.4117636243582714e-01	   3.2786728074903554e-01	   3.1670466343556103e-01	   1.2387794242264161e-02	   4.6547941904950241e-01	   1.9187837146646686e-01	   9.4077104519112137e-02	   1.3893131813022458e-01	  -4.6710985370904651e-02	  -2.3156782204276427e-01	  -7.3312279061276631e-02	  -1.1528335007448795e-01	   5.3034103299170710e-01	   3.6710378638888197e-01	   2.6072295180558408e-01	   2.7435335596825317e-01	   1.7418042607400167e-02	   2.1103019950170485e-01	   9.4493492160692277e-02	  -1.1212723076909481e-01	  -2.7424551145144493e-01	   1.5255696418716624e-01	   1.9107519046877568e-02	   6.2842874945275656e-02	   5.2538739301703739e-02	   1.2216096252925782e-01	   1.6801015186626200e-01	  -4.5044171922044511e-02	
   6.0929467801523662e-01	   3.8554770404479338e-01	   4.9917855242652048e-01	   4.2678389739341133e-01	   6.7988912873249174e-01	   3.4667211804856146e-01	   6.6891011341669993e-01	   7.0738231534859553e-01	   3.9281301468062330e-01	   3.0744121951866898e-01	   0.0000000000000000e+00	   7.4545642299423442e-01	   7.9768938760388841e-01	   8.4036471249591349e-01	   7.4024569178024124e-01	   7.0602380084206529e-01	   5.4368545302206017e-01	   3.8050012584237247e-01	   5.6831528339333093e-01	   3.3215972347300660e-01	   4.1045442788554987e-01	   3.5261764284307751e-01	   6.5531802393987382e-01	   5.6281216022647551e-01	   3.7406694020453835e-01	   2.6121384141121734e-01	   3.1450803635633467e-01	   4.1224946656073402e-01	   6.6269115804272538e-01	   5.1136748171397284e-01	   5.3394899780426086e-01	   4.7955791537787817e-01	   4.9160493733065824e-01	   5.2434084344694309e-01	   1.9299919594943996e-01	   4.1315136095240812e-01	   4.2635695307677463e-01	   3.9849783717922560e-01	   5.1888901015453071e-01	   5.1900317568957433e-01	   5.8707640621454349e-01	   4.6839362670630647e-01	   3.9820867414254690e-01	   3.5076396344256766e-01	   3.3382087352109513e-01	   3.5286604477789818e-01	   3.5889220029874275e-01	   3.3041930850952633e-01	   2.7172411737659241e-01	   3.5393867310297067e-01	   3.9407532400185274e-01	   4.3353066240273169e-01	   3.8246760126273893e-01	   4.1781611735339069e-01	   4.8618342307595003e-01	   5.0576262884032308e-01	   1.9847284358064371e-01	   1.6594571007330161e-01	   3.8706773628566243e-01	   2.6535715255938380e-01	   4.8896251859367645e-01	   4.8162008848840443e-01	   4.1551710462276747e-01	   3.9463151374470867e-01	   3.6022142918104327e-01	   3.3792141076565629e-01	   4.0104362372385149e-01	   3.5505589979868857e-01	  -1.8510545233015069e-02	   5.7355449494107050e-02	   2.1031410060316647e-01	   1.9163156569281209e-01	   7.1649876332107842e-02	   2.7236960318042908e-01	   7.4233086597875364e-02	  -2.5853314844113656e-02	   3.8746104396084391e-01	   2.7071831694528431e-01	   6.5132978568013133e-01	   3.8269964714681731e-01	   6.0714111638020096e-01	   5.1893032757865609e-01	   5.4592466489844182e-01	   4.1180858625498468e-01	   7.2105022171694100e-01	   6.0324740909818564e-01	   2.7455539994915679e-01	   1.9843602042968006e-01	   6.3295186877967469e-01	   6.0360072135493503e-01	   3.6484594381476509e-01	   4.0872914511331043e-01	   2.5574756664230769e-01	   4.1168478488850535e-01	   1.5299075179424870e-01	   2.5552125149681870e-01	   3.0516247686003217e-01	   9.2103389841386274e-02	   2.0992722065588759e-01	   4.2548789644134832e-01	   3.4694358442937434e-01	   5.3509334711281042e-01	   3.6522123570624643e-01	   4.6014876709832842e-01	  -6.6128995331991597e-02	   3.2495024758720326e-01	   3.6967740225485568e-01	   1.5392721670570692e-01	  -9.6911503649360478e-02	   2.0503487612539367e-01	   1.7550616017981296e-01	   3.0133332771157773e-01	   2.7489185379929626e-01	   2.9289751951816329e-01	   2.6180294940415161e-01	  -1.5575250753035319e-01	
   5.8482686383435345e-01	   4.6525712025016197e-01	   2.7555595216637413e-01	   4.5377586656114594e-01	   5.0628972949624651e-01	   3.6743358430009254e-01	   4.0456644421515608e-01	   7.5981743402885771e-01	   3.8313611220044941e-01	   5.1760915570723820e-01	   7.4545642299423442e-01	   0.0000000000000000e+00	   8.0777093473159689e-01	   8.6693879551338016e-01	   7.5100270427176330e-01	   7.4467043668563737e-01	   5.3813641907888743e-01	   4.0139812003521846e-01	   3.5141008182480749e-01	   2.8641306768793523e-01	   2.8721364593537846e-01	   2.4330840497530096e-01	   4.0997772206271266e-01	   5.0222332949388870e-01	   2.1131972103537294e-01	   1.4172037827865688e-01	   2.2359133607205323e-01	   3.9259211791611670e-01	   6.3666746592544277e-01	   6.0644418939867650e-01	   2.8119265433976925e-01	   3.5147117978634579e-01	   2.0739412596770490e-01	   3.7528655983158155e-01	  -1.2206626198680087e-01	   8.0189740518713901e-02	   4.4950399889878367e-01	   3.8199300975790207e-01	   5.4053071273797781e-01	   4.6255736617912824e-01	   6.2697972788247358e-01	   4.9410253504715518e-01	   1.2335389082987352e-01	   4.6583490183512224e-02	  -2.4446241861704283e-03	  -1.5358281378826510e-03	   1.6799647517123245e-01	   1.1549373030133039e-01	  -2.4127953095401562e-02	   9.0109662129068069e-02	   1.6637623588774406e-01	   2.9105629482322837e-01	   3.4332891840228186e-01	   4.2709348365319322e-01	   4.1769852060825607e-01	   3.6820998111398534e-01	   3.1558753570369308e-01	   2.7112053855923435e-01	   1.6127518663851792e-01	   2.6766205809559451e-01	   4.8746914633148120e-01	   7.0378091698104228e-01	   3.2169906505824597e-01	   4.3767580683100682e-01	   1.9981280999471829e-01	   3.1253320349625902e-01	  -6.0733591278999037e-03	   4.8412756596897699e-02	  -1.2180964346941489e-01	  -2.1849718990668587e-01	   2.0554675895967978e-01	   2.1988860562493850e-01	   2.3098226436881458e-01	   4.8008673365957533e-01	   1.8447041741920037e-01	   1.2653766288771578e-01	   3.0301195390996072e-01	   3.1040502773711831e-01	   6.2225092946394889e-01	   3.9267161040921977e-01	   5.3888070961595824e-01	   4.9495812000878270e-01	   5.7361590119037209e-01	   5.3324015077578468e-01	   5.8472720178664583e-01	   5.6163149120853872e-01	   3.0161011690230888e-01	   2.4725385672936728e-01	   6.1199064836680050e-01	   5.2677180262139256e-01	   2.8865034410702362e-01	   1.5144652005844692e-01	   2.5921535977821653e-01	   2.2860929213695577e-01	   1.1294062490959444e-01	   2.1606331428659589e-01	   1.1175912892321110e-01	  -9.8290975881314330e-02	   1.0460891008794226e-01	   2.6515935730801765e-01	   5.0841123001236666e-01	   4.1376634555886005e-01	   3.9535985686239672e-01	   4.2588755729735073e-01	  -2.1854909428551905e-01	   1.6106496335753129e-01	   1.9970677346430110e-01	   7.8593473908775552e-02	  -2.6936849945207275e-01	   1.8941881679114303e-01	   3.4783351479084575e-02	   2.2915567634696257e-01	   1.7230096838475778e-01	   1.4620699924218145e-01	   2.1009746623988254e-01	  -3.2638899867847027e-01	
   6.1733453676053973e-01	   3.8126558390428344e-01	   4.8456553541215597e-01	   4.3864621880516874e-01	   5.4361975209617508e-01	   3.7315656248013040e-01	   6.1775184402369576e-01	   7.6630249823971230e-01	   4.9705660195265833e-01	   4.3420262074582583e-01	   7.9768938760388841e-01	   8.0777093473159689e-01	   0.0000000000000000e+00	   8.3045202429628451e-01	   8.5003179202944401e-01	   7.4702326533300600e-01	   4.9116943458805074e-01	   4.1403621148088676e-01	   4.6258540006265009e-01	   2.8877465279303588e-01	   3.3052409012954276e-01	   2.1296760841800910e-01	   5.0839311502076012e-01	   4.0618664808088661e-01	   2.7523562575298371e-01	   2.1283706283380649e-01	   1.8589244463012417e-01	   3.8504617198804375e-01	   6.2512496086874125e-01	   5.0630338289544952e-01	   4.4499686237648817e-01	   4.2279736931392475e-01	   3.7458032922927054e-01	   4.8718429091629034e-01	   6.7898796400419792e-02	   2.4009180112762335e-01	   4.2965480381971066e-01	   2.9080831672930463e-01	   5.9257770835870693e-01	   4.8651234345813404e-01	   5.4877270194714711e-01	   4.5407982218632570e-01	   2.8716416061496175e-01	   2.3141068538973034e-01	   1.6492104044813022e-01	   1.6876513582846531e-01	   2.7325548296628710e-01	   2.3696966353200680e-01	   9.7798386697144232e-02	   1.9021478347689352e-01	   2.0839725875384169e-01	   2.7813299535722158e-01	   2.9402840137222480e-01	   2.8847880082209043e-01	   4.3497093478463256e-01	   3.6936852834907696e-01	   2.6369291117984628e-01	   2.5005487313449465e-01	   3.7564098911108190e-01	   2.9358340550509360e-01	   6.5313415356897564e-01	   6.7212456460743619e-01	   3.6620251620995786e-01	   4.1851266934577991e-01	   4.1562959252384224e-01	   3.9473072682879595e-01	   2.7696962417113685e-01	   2.4396650096299599e-01	  -5.5258199240309475e-02	  -9.0713706666435218e-02	   3.0605706054603027e-01	   3.3165555643686484e-01	   1.8230533424661588e-01	   4.4239224771815672e-01	   1.9876277535551842e-01	   9.8298788181373220e-02	   4.1332830184950264e-01	   3.6069523276558035e-01	   6.3691348690878269e-01	   4.1903022187644090e-01	   5.1122657489409018e-01	   5.3743322438975505e-01	   5.1213326144403348e-01	   5.4465757683943294e-01	   6.5107344548876489e-01	   5.7526146152797630e-01	   3.4879708027492623e-01	   2.1066876456416256e-01	   6.7431192456943190e-01	   4.8045925286279506e-01	   2.2302934935986238e-01	   2.5586233712782130e-01	   1.8011157941356723e-01	   3.3169324383143239e-01	   5.6425678187698128e-02	   2.2253392376846171e-01	   2.0993861083982457e-01	   7.5918314886051580e-02	   1.2019727141255802e-01	   3.5366324473529998e-01	   3.9248691700262167e-01	   5.6189556295448950e-01	   3.6224684461933432e-01	   4.9214941818811409e-01	  -1.2125720118737626e-01	   2.8782377221263633e-01	   3.5692388970853262e-01	   3.1134002338482747e-01	  -1.3157946428399991e-01	   1.3324116080208290e-01	   1.9642921443353978e-01	   2.1681649811265835e-01	   1.3582239491736811e-01	   1.8447207078868144e-01	   2.0833729362151662e-01	  -4.2758185118293324e-01	
