   0.0000000000000000e+00	   6.5902105446092085e-01	   3.5557503020374853e-01	   2.8429002320015345e-01	  -1.9792854909284868e-02	   3.2008049369514152e-02	   2.1293262525609974e-01	   2.9324396045883538e-01	  -1.4574026651575131e-01	  -3.0825367231354154e-02	   3.6347161919788967e-01	   3.1564114579263136e-01	   1.7501962819540287e-01	   1.8452707889962833e-01	   1.5489107465220489e-01	   1.9422409561472065e-01	   4.3361431990218768e-01	   4.5509110509725664e-01	   4.0428678598277390e-01	   1.6655180289650431e-01	   1.4393995327359374e-01	   1.1670355371188919e-01	   2.0741252085912279e-02	   2.3467421436100505e-01	   1.6532608012634969e-01	  -3.8907862337752806e-02	   4.1226874547929782e-01	   3.3201842835981360e-01	   1.0957019539633622e-01	   1.1264115611416153e-01	   2.0564144124436284e-01	   2.0797217072143512e-01	   5.0193285498966056e-01	   2.7746146360692342e-01	   8.3647533930248791e-02	  -8.4996990694046842e-02	   1.9882404287830091e-01	  -1.8215588052414002e-02	   5.2973559837204287e-01	   4.4416526708987231e-01	   2.7241881882057173e-01	   1.3804353187359358e-01	   2.5990021790227935e-01	   1.2166884881159684e-01	   3.1740259817385130e-01	   1.7702223287368579e-01	   3.2639125456513068e-01	   1.2312946127563053e-01	   4.2614338988251443e-01	   1.7921707211410176e-01	   1.5258306966714061e-01	   8.0102260210745638e-02	  -1.0405188428617410e-01	  -1.7576420336489834e-01	   4.1466561548563624e-01	   4.1375090127304498e-01	   8.7065530921707013e-01	   3.1475498790621387e-01	   3.8988299918727942e-01	   2.0171599303493873e-01	   3.1585674433016925e-01	   2.5887048525268408e-01	   3.7038619061713862e-01	   1.0292449644696711e-01	   5.0280087139209895e-02	   4.2782204570545705e-02	   9.6065743814178983e-02	   2.6851795550300196e-02	   2.7659259498009214e-01	   1.9672584923126674e-01	  -1.7729171086232021e-01	  -4.8473028878682003e-02	   3.2173513782454277e-01	   6.7623326254241140e-02	   5.4721586728903426e-01	   1.5129088526072662e-01	   4.0033079660867193e-01	   7.9220863449522547e-02	   5.2962800243916386e-01	   1.7326843558938079e-01	   4.4176086370055201e-01	   6.4799833440712640e-01	   1.2095084737641251e-01	   2.6750133503189277e-01	   2.3079875657197618e-01	   3.3508837792502255e-01	   1.2327002818598851e-01	   5.5079454363478886e-01	   1.6364311694600786e-01	   3.3615898788591336e-01	   2.1760719937697653e-01	   7.2978593132948522e-02	   5.7016062683822033e-02	   5.6436236878575928e-02	  -3.4879565338744967e-01	  -2.3065816410408488e-01	  -6.8388748706801644e-02	   3.0043233972404848e-01	   3.8682435767330647e-01	   4.5701803444289807e-01	   1.8141024262825534e-01	   2.8576138594704859e-01	   1.8173157984285504e-01	   2.1216747695084440e-01	  -1.2524845873756082e-01	  -1.4612070547243078e-01	   1.2055365323898648e-01	   3.2567383282312162e-01	  -3.8230949831628069e-01	  -2.8562742611482245e-01	  -8.9723327958192961e-02	   2.9416696314910135e-01	   2.8159983380572851e-01	  -1.6114068420583039e-01	  -3.4763969850942927e-01	  -4.1283788061742310e-01	
   6.5902105446092085e-01	   0.0000000000000000e+00	   1.7972501215174433e-01	   1.6660733949119264e-01	  -1.6216407433577429e-01	  -9.3137239006406677e-02	   3.9185149932644242e-02	   1.8732716536113914e-01	  -1.2971626023417071e-01	  -8.1357411377242894e-02	   4.1975215045859360e-01	   2.2799659319840065e-01	   1.9690277551406409e-02	   2.3763495095718842e-02	   9.3803073414461174e-02	  -1.1093376054896256e-02	   5.9313848948846659e-01	   4.7505480382956800e-01	   3.9940978669223937e-01	   2.1840529961756000e-01	  -6.0142446037862660e-02	   1.0907642466243979e-01	  -1.5481863587038791e-02	   1.4558861452679367e-01	  -2.2853313650652730e-02	  -1.5329168198076137e-01	   1.8008903985974992e-01	   1.3070746241650699e-01	   1.8359939605919773e-01	   1.4592485522774692e-01	   7.8999795933381134e-02	   1.8005489731251777e-02	   4.2832281847694942e-01	   2.8651260945845036e-01	  -4.1761552378360545e-02	  -1.3042910907232480e-01	   1.4174885986500824e-01	   7.0953724235740326e-02	   4.0527815867856021e-01	   2.2439355265304595e-01	   2.7516483800934777e-01	   1.7706109166612846e-01	   8.4193944872948720e-02	   1.2255033486962861e-02	   2.1382953865623733e-01	   6.4884038028837063e-02	   2.4312592466134192e-01	   1.7985428253671243e-01	   4.2541859946311078e-01	   1.7771168485639058e-01	   9.4358874191237063e-02	   8.1499376783398053e-02	  -1.2706409576823002e-01	  -2.1032201584752072e-01	   4.5021231663014771e-01	   3.2672507851772048e-01	   5.6235012122986339e-01	   4.5875191134606891e-01	   3.1057739566497683e-01	   2.4268578153692297e-01	   3.3683224466275324e-01	   2.0906983430240703e-01	   3.6733707672511284e-01	   2.3245117080199723e-01	  -4.0081956134834888e-03	   3.3636655557961817e-02	  -3.9325176510720851e-02	  -6.3316352414696631e-02	   3.0698111388289834e-01	   2.7137435032280310e-01	  -1.9407053218452688e-01	  -3.4055331175749520e-02	   2.5664594826996823e-01	   2.0672598403905840e-01	   3.6427606840027593e-01	   2.1713383928034449e-01	   2.7842453778463744e-01	   1.5785854339968597e-01	   5.5558221731282953e-01	   3.0425301629638901e-01	   5.3549661256964187e-01	   5.5614904326749448e-01	  -2.6724777327841827e-03	   1.5148088403315424e-01	   2.4618614121582005e-01	   2.7581439467712671e-01	  -1.9790351145984826e-02	   3.2519482853597220e-01	   2.0991441396019145e-01	   3.1077562755549565e-01	   6.3065407492735023e-02	   1.0344206710623222e-01	  -7.0438358137730930e-02	  -2.1145088888832802e-02	  -1.7905089172376121e-01	  -2.3869702684503036e-01	  -2.0510197312306216e-02	   2.5167922931817271e-01	   4.0868368260755128e-01	   2.9625845933117001e-01	   1.8517650298468402e-01	   1.5318930569666361e-01	   5.3684894086111337e-02	   5.3950599543439101e-03	  -3.8854092232508552e-01	  -5.2823360854062851e-01	  -4.0178286254885791e-04	   7.4795706593594261e-02	  -1.7708309938971017e-01	  -1.4919088917214274e-01	   3.8128367644676524e-02	   2.7053541634763628e-01	   1.6393222358266610e-01	  -2.6983503800657227e-01	  -4.4613570336494968e-01	  -3.7430617543757072e-01	
   3.5557503020374853e-01	   1.7972501215174433e-01	   0.0000000000000000e+00	   6.7439484020205032e-01	   4.3266772637975015e-01	   5.2445921080071978e-01	   5.0772009085812841e-01	   5.8686703510637273e-01	   2.6982177379123606e-01	   3.6840761885145146e-01	  -6.6640604732130196e-02	   5.0948324236856510e-02	   3.4258092326754697e-01	   2.2694095309037743e-01	   5.8912005065880757e-01	   7.1709532299594980e-01	  -2.3970250615436028e-01	  -2.0252199275032032e-01	   1.4997952931509798e-01	  -1.8823449551820329e-01	   3.5805639922175247e-01	   1.4839371504776311e-01	   8.1531314854160342e-01	   7.4820029960769574e-01	   7.2116572236436627e-01	   5.7150620013277220e-01	   5.7326197563244752e-01	   5.8637167962228109e-01	  -2.6616889249074288e-01	  -1.7106695534123562e-01	   5.7898247152070259e-01	   5.6696966507276503e-01	   4.5053921808975095e-01	   3.6743489807408847e-01	   6.6188299989564048e-01	   5.0009176070386885e-01	  -8.9909308782519362e-02	   1.8720810064223814e-01	   4.0709894810787617e-01	   2.3752847482315170e-01	   9.4486387108194972e-02	   4.1668622568601474e-02	   2.9877417599182915e-01	   2.1646147039426963e-01	   1.3067223737194106e-01	   1.5940851273129339e-01	   1.3924938915502069e-01	   9.3165465646463691e-02	   2.4750599984929877e-01	   2.9509446353671992e-01	   4.3353121134033445e-01	   2.8475010425210090e-01	   4.2833060114028648e-01	   2.8610404355918417e-01	   1.0336235762501061e-01	   3.9855244549536140e-01	   1.3672998790342744e-01	  -3.7885963186825959e-02	   1.4112992234727945e-01	   1.7581039437065057e-01	   1.4514996262540364e-01	   4.0110396030130163e-01	  -3.4201218836788685e-02	  -2.0638993337570793e-01	   8.0325567533140907e-01	   6.5345140938324042e-01	   4.2476078653571847e-01	   4.0211303282833993e-01	   1.7481765174206065e-01	   2.0643295776331855e-02	   3.1797522206905765e-01	   2.1264399354830779e-01	  -2.5812957525184420e-03	  -2.6584597080561762e-01	   1.9193858153415533e-01	  -1.6469811183220934e-01	   6.7484172567977313e-02	   8.9771802494420412e-03	   1.2022547086684796e-01	  -1.5934430510650466e-01	  -7.1632015888162245e-02	   1.6863732714093832e-01	   3.2618751219180819e-01	   3.0875760734660440e-01	   6.6857314493020237e-01	   7.1498738824616970e-01	   2.0893869329608666e-01	   3.7550377282525010e-01	   6.0608573395772647e-01	   4.9539165766090432e-01	   2.3170121312698774e-01	   1.5688521477016662e-01	   3.8633269880503712e-01	   3.0526556628026591e-01	  -2.9022242314284352e-01	  -3.7650747121723338e-02	  -2.4468316003385365e-01	   4.1771599031744308e-02	  -1.2445956519435797e-01	   1.8673062395426079e-01	   9.9888994017295590e-02	   1.9392841195350330e-01	  -1.9158349235366610e-02	  -7.1629611332436671e-02	   2.1427790559192569e-02	  -6.7880944030534074e-02	  -1.1026372389256030e-02	  -5.7053432623734066e-02	  -2.1552693068600456e-01	  -2.0036327276243868e-01	  -9.8075540880548248e-02	  -6.6611199948560532e-02	   1.0991389209300807e-01	  -1.6374044528692877e-01	  -1.8928355969326252e-01	  -2.5470020160730550e-01	
   2.8429002320015345e-01	   1.6660733949119264e-01	   6.7439484020205032e-01	   0.0000000000000000e+00	   2.7081323106432653e-01	   3.7975179226292566e-01	   4.5577607024926847e-01	   6.9903597104465898e-01	   1.0794079585890584e-01	   3.3415349453124765e-01	  -1.0030071433430945e-01	   2.4475994872050946e-02	   3.5443458835028689e-03	   1.7648229259174417e-01	   2.3372719340924714e-01	   4.8037671099150231e-01	   1.2564356071276265e-02	  -2.3410069013000571e-02	   4.0702806141578829e-01	   2.2565275711982596e-01	   4.6620396330410652e-01	   5.5594696278958737e-02	   5.0133311402441794e-01	   7.5082518842366119e-01	   4.1643115762707644e-01	   5.5064564312056841e-01	   3.8092628588761696e-01	   3.8985706550594212e-01	  -1.0002125720648225e-01	   1.2166553135596116e-01	   5.8111822548233261e-01	   6.4822612374065902e-01	   6.6614544844078005e-01	   6.9227020320721477e-01	   4.6492979942466506e-01	   3.9138312894326838e-01	  -1.6747342390042527e-01	  -1.2311707645429817e-01	   3.6755134097017839e-01	   2.8904556688859728e-01	   2.1950876871941130e-01	   1.6505011909814113e-01	   3.2965710924789149e-01	   2.3858299184832665e-01	   9.7833903583617210e-02	   1.4118780225040639e-01	   2.5536350307196076e-01	   2.7756260456109649e-01	   1.6449273156677680e-01	   1.4656367736143308e-01	   2.2067440524541343e-01	   1.3849693969240434e-01	   2.5527580940955041e-01	  -7.5588292376211549e-03	   2.7390665897695632e-01	   4.7096972559263206e-01	   2.2624582897481166e-01	   2.1794798095282497e-01	   1.8548196542111639e-01	   2.9564815671663724e-01	   3.1142335278348166e-01	   4.8654621164402467e-01	   3.1810110317906626e-01	   1.1041563025261808e-01	   5.1294147231870113e-01	   7.1719993313441044e-01	   5.4385557957146957e-01	   5.5429191062212257e-01	   2.6546874591283193e-01	   2.0107117532636942e-01	   2.4368184828664799e-01	   1.6136831753298325e-01	   8.9706895441546100e-02	  -4.1958615567074059e-02	   1.2280875572880512e-01	  -9.7037577512822271e-02	   3.1243153888040454e-01	   3.5142603160313923e-01	   1.4206079604420394e-01	   5.2993410055957375e-02	   1.0341938681853666e-02	   4.3717899383762783e-02	   3.3300297977915483e-01	   2.7606282078333111e-01	   4.5376883501467996e-01	   5.0126288782503992e-01	   2.6737175609979091e-01	   1.3709277931194636e-01	   5.9620160818825163e-01	   6.2539087773544044e-01	   2.9699860584715082e-01	   2.3147949068136556e-01	   4.9849632564667157e-01	   1.5093978507647313e-01	  -1.7624109305059288e-01	   1.7836910869082331e-02	  -7.7893693760119995e-02	   2.7485516987412312e-01	   7.6782120270324578e-02	   2.4537230081870892e-01	   3.9445276149063624e-01	   1.3104754671041172e-01	   3.2750777286435256e-01	   1.2455204560568336e-01	   2.5501901485876016e-01	   8.4495556910794259e-02	   4.7137448331533285e-02	   3.0777117041488378e-01	  -2.2577780207221515e-01	  -1.6154097395799566e-01	   1.5240894767457464e-01	   1.0137187182733934e-01	   2.7605454228037035e-01	   1.1442384224410303e-02	  -1.1709290169558628e-01	  -1.9335506006636222e-01	
  -1.9792854909284868e-02	  -1.6216407433577429e-01	   4.3266772637975015e-01	   2.7081323106432653e-01	   0.0000000000000000e+00	   6.0664766590631802e-01	   6.9020400620116706e-01	   3.7413527106913813e-01	   7.1233123503482509e-01	   4.2984161204726667e-01	   1.8670338678892578e-01	   1.9490053382686719e-02	   5.4300599599329968e-01	   1.8271773183208267e-01	   6.9231655914926349e-01	   3.4463188382848570e-01	  -2.4344112496787418e-01	  -3.9565656255182063e-01	  -6.8676333102289586e-02	  -2.4865721691332432e-01	   5.1726646325243941e-01	   2.5224296172469152e-01	   2.0620678445724736e-01	   1.2948673454180191e-02	   3.8005931912844271e-01	   4.3855201792086496e-01	   1.2613790550868287e-01	   2.7741959859354004e-01	  -4.4595700589589976e-02	  -2.1274200987085246e-01	   8.6748580779670431e-02	   4.8781927980649377e-02	   1.7833869836777808e-01	   9.3485165270996734e-02	   1.5841554840967231e-01	   9.2660867311199768e-02	  -1.0738259026116712e-01	   2.3223658753751880e-01	   3.6178301380285049e-01	   1.3244710017550732e-01	   3.4869266318958858e-01	   1.5400198179980079e-01	   2.5232603211465165e-01	   2.6485297089177795e-01	   2.6354055349059935e-01	   4.7913692278084907e-01	   1.0246690095538577e-01	   7.2272525514426894e-02	   1.2126323185521790e-01	   1.6859912077841951e-01	   1.9112179161650300e-01	   2.2046221072044425e-01	   2.4199178246781244e-01	   2.7909682605494590e-01	   9.6913032732316967e-02	   2.0227208115652542e-01	  -4.5232841473074353e-02	   1.4839340619058065e-02	   3.3814001571417929e-01	   3.3675167106698439e-01	   3.7892585146058699e-01	   3.5195139789307717e-01	   1.8553585373157461e-02	  -9.6292210101934395e-02	   5.1223456094134112e-01	   4.3373801317180527e-01	   5.8475037196978197e-01	   5.1228958998869234e-01	   5.6477179834493796e-02	   6.8934431256725631e-02	   2.1825443132836300e-01	  -3.2130501389984044e-02	  -1.6352214379929623e-02	  -2.1593933330578602e-01	  -3.9834336571870112e-02	  -2.1452631156502122e-01	  -1.4855007090002997e-01	  -2.9264343585687214e-01	  -1.4661083621466073e-01	  -3.1643739043833030e-01	   1.1218773781263437e-02	   7.4610000483255459e-02	   2.9183624568419342e-01	   2.9457462384020200e-01	   4.7711598854695481e-01	   3.4356698865960605e-01	   1.9554960926535128e-01	   1.9846660348043826e-01	   5.8472687514209010e-01	   4.2558215553929846e-01	   2.2979087615678345e-01	   3.3509605297615624e-01	   4.8046356619120267e-01	   5.9832114415352833e-01	  -5.5890278993034323e-02	  -5.8103754510311696e-02	  -1.0404149217667581e-01	  -1.1164542811027934e-02	  -7.3122101713629900e-02	   8.9557704511033745e-02	   3.0300111226713544e-01	   5.8931305634307840e-01	   1.8757829871820866e-01	   2.4579627060467807e-01	   3.1708786451840909e-01	   2.3028447109982653e-01	   2.6795437708636793e-01	   1.6135734817808361e-01	  -1.1144192210829715e-01	  -3.2612479969810515e-01	  -1.6135606621331172e-01	  -3.0649328826620093e-01	   1.3295566386505437e-02	  -9.1319040844413460e-02	   1.6254007302463867e-02	   8.7777870943980221e-02	
   3.2008049369514152e-02	  -9.3137239006406677e-02	   5.2445921080071978e-01	   3.7975179226292566e-01	   6.0664766590631802e-01	   0.0000000000000000e+00	   5.1031206051573874e-01	   6.6873320302060446e-01	   5.9366133671506516e-01	   7.7375708628492801e-01	  -1.6694684687910889e-02	   5.9237252230388018e-02	   3.1049911461029550e-01	   3.7607605617470802e-01	   4.6093814919097059e-01	   5.3885405589956259e-01	  -3.1216073145741741e-01	  -4.5438446004823851e-01	  -9.1562358670005520e-02	  -2.7791218746380530e-01	   5.6899264287743434e-01	   2.8146328270441034e-01	   4.2063407116618540e-01	   3.2661812338775875e-01	   5.6413142851355336e-01	   5.3937758091442833e-01	   4.9622744993889834e-01	   6.2731572317378326e-01	  -3.6890696659085365e-01	  -2.2162820275678236e-01	   2.3457914391049714e-01	   3.1158584196942252e-01	   6.8149490823013997e-02	   6.6031071839634317e-02	   3.9120362975498824e-01	   2.0746179343673568e-01	  -1.3743959699903716e-01	  -3.3240896131679519e-03	   3.2591390381590746e-01	   1.2425149763466631e-01	   2.2535336116644378e-01	   2.7765519517185425e-02	  -1.2747167146659422e-01	  -2.1459936618741199e-01	  -2.6057108372872051e-01	  -4.0542473898816184e-02	  -2.0784950604311692e-01	  -3.0271202659931007e-01	  -7.1048854566666750e-02	   8.8852474294893125e-02	   2.0529608522916179e-01	   1.4330375044695301e-01	   4.2073870626667592e-01	   3.3647193563998756e-01	  -1.4329242235011665e-02	   9.0143289510340840e-02	  -7.6116869138164095e-02	  -2.3484421575763809e-01	   1.9713183665219569e-01	   3.3863974766061200e-01	   2.5956857224797758e-01	   5.9962964033995492e-01	  -1.7539210924036097e-01	  -2.8892887190883282e-01	   5.7835382714279293e-01	   6.2949141707321987e-01	   2.5529104269594205e-01	   2.3881322384154519e-01	   3.5647175553892796e-02	  -7.6374453008065529e-02	   3.3202033964514399e-01	   9.6781774334327192e-02	  -8.4206944318832272e-02	  -3.3993955705238621e-01	   5.2362563511506997e-02	  -1.8343473898795112e-01	  -1.6411905018704046e-01	  -1.8690723518135366e-01	   7.2712682087543151e-03	  -4.6210519912807968e-01	  -3.0044685084778214e-02	   1.3453821237399249e-01	   7.9666993915843795e-02	   1.8066650815802424e-01	   3.6269672603150027e-01	   4.8800565309687377e-01	   6.3006220096088833e-02	   2.2665758682631121e-01	   5.0789458555626665e-01	   4.6599295103252991e-01	   2.3705183342076908e-01	   1.3794752533073978e-01	   5.3054434885100288e-01	   3.3450027716682079e-01	  -2.0378425627141503e-01	   8.6188043377742440e-02	  -3.5572626718155959e-01	  -4.8886626598905830e-02	  -2.6624776295689095e-01	  -1.0023609257957325e-03	   3.7029747871951590e-01	   2.5681793364973071e-01	   1.3773245759574962e-01	   1.1811709192380958e-01	   1.5442948373307416e-01	   3.3455664492701334e-02	   3.8165984700493025e-02	   1.2819645440737387e-01	  -3.3295185277346995e-01	  -3.3819488068582315e-01	  -1.5830799359424544e-01	  -2.5779523620144318e-01	   4.5173762508263701e-02	   4.4058494884855297e-03	   3.3649661966772194e-02	  -1.9471365314840058e-02	
   2.1293262525609974e-01	   3.9185149932644242e-02	   5.0772009085812841e-01	   4.5577607024926847e-01	   6.9020400620116706e-01	   5.1031206051573874e-01	   0.0000000000000000e+00	   6.2642064341059323e-01	   6.1701680163687689e-01	   3.7170872527187504e-01	   4.5286026056250361e-01	   1.8003143454405307e-01	   6.8534934187370755e-01	   2.9477756062798782e-01	   6.5267696197579317e-01	   4.1140578027071745e-01	   6.7909017971964414e-02	  -8.7910736809609813e-02	   2.7516214841671111e-01	   5.7370845875085834e-02	   5.6878077873485611e-01	   3.3115156266430862e-01	   2.6969433770535384e-01	   2.2805848524260039e-01	   2.6485318231762356e-01	   3.9911083428974087e-01	   1.0900081527455077e-01	   3.9661154023455114e-01	   3.1015657316163431e-01	   2.0100104814182662e-01	   2.5513063400148966e-01	   2.6381786266361623e-01	   4.0942395271769655e-01	   3.5091693689453740e-01	   8.9515325164529383e-02	  -2.8712043315170306e-02	  -1.6249974130199341e-01	   2.2730364180149877e-02	   4.8214970011146063e-01	   3.1455230202302631e-01	   4.2936316248936690e-01	   1.7070418316713865e-01	   3.6448725245362079e-01	   3.1456835536607658e-01	   2.1276034511542335e-01	   3.6458936755488580e-01	   2.7854732019687578e-01	   2.4895948328410553e-01	   2.2040371096275685e-01	   3.1508882350762424e-01	   2.7286054010940630e-01	   2.9689099308123601e-01	   2.1087154225858437e-01	   2.5848288631481076e-01	   3.4726153336761634e-01	   3.7163914529678077e-01	   7.3557779390632128e-02	   8.8687729539175725e-02	   3.1559896226143114e-01	   2.7694717751272496e-01	   5.2920963776209073e-01	   4.2386203455432092e-01	   3.6157396416710863e-01	   1.1269072928586932e-01	   5.3896369834086288e-01	   4.7695535164354169e-01	   5.3727842310981411e-01	   4.6105562649915899e-01	   1.4953370493724552e-01	   2.4236119984395640e-01	   3.0188321162459009e-01	  -6.4198023726433906e-02	   2.5295860158848477e-01	  -1.0087988932737589e-02	   2.7233262903487421e-01	  -9.2149851835227007e-03	   1.3921414072086397e-01	   7.5041084949849263e-02	   1.6844117794912056e-01	  -6.7301708055403808e-02	   3.2368834689851111e-01	   3.1612256717076836e-01	   3.5227708697635879e-01	   4.8653040520823992e-01	   5.5872716623973628e-01	   4.1586547756200709e-01	   1.7445588797932154e-01	   2.6045299083098283e-01	   5.7304656767084516e-01	   4.2927531224062820e-01	   4.2691433101039272e-01	   4.6305937165092670e-01	   5.2777853388817753e-01	   4.1407751395457648e-01	   1.2439784884575332e-02	   4.3745017402446004e-02	   1.8019371128957035e-01	   2.6915415011160787e-01	   2.8163856770894308e-01	   2.9480478871389898e-01	   3.5726786514871078e-01	   5.3231853114897065e-01	   3.0709615156287173e-01	   2.9389282855292187e-01	   3.0080600184880901e-01	   1.9537763645341313e-01	   2.3019431449224820e-01	   7.9171176170702517e-02	  -1.6403848614767130e-01	  -1.4790444500282576e-01	   1.6512885398658900e-01	   7.1649806542106217e-02	   2.2163717771972030e-01	   1.6951388261593617e-01	   1.3380598702830376e-01	  -6.6148157175052347e-02	
   2.9324396045883538e-01	   1.8732716536113914e-01	   5.8686703510637273e-01	   6.9903597104465898e-01	   3.7413527106913813e-01	   6.6873320302060446e-01	   6.2642064341059323e-01	   0.0000000000000000e+00	   3.6303819140499399e-01	   5.7773816485700114e-01	   1.1640792501249525e-01	   3.4918977243189275e-01	   2.9178745596676059e-01	   5.6444783267989818e-01	   4.0135679858848006e-01	   5.4065813771873028e-01	  -9.4432945626429343e-02	  -5.5989770162531385e-02	   6.5562861441939096e-02	  -1.1602477296222841e-01	   3.7155615218184657e-01	   1.2742382344580760e-01	   4.2510434321104501e-01	   5.4643363692102831e-01	   2.4822170320319592e-01	   2.9078768286345436e-01	   3.9406768321581387e-01	   4.9770225685035108e-01	  -1.5398914960829918e-01	   7.1007466940384623e-02	   2.4534601637003806e-01	   4.7110673351193610e-01	   3.2753129187918228e-01	   3.5793076528708212e-01	   3.3920494860634748e-01	   8.5169700748148391e-02	  -2.9149568412126869e-01	  -1.7840961461428206e-01	   3.7013383274789619e-01	   3.4569911948569315e-01	   2.1455102206492313e-01	  -3.4797085350709530e-03	   1.4493958824525896e-01	   6.1931910484917002e-02	  -8.1697009694620210e-02	   1.3142921172869590e-01	   1.4662458246210927e-01	   2.2982255123390638e-02	   1.3802038912220749e-01	   3.6585100974343870e-01	   3.7391221481636738e-01	   3.5347661002883601e-01	   4.5160629495784937e-01	   3.1343188668209387e-01	   2.8896300590816354e-01	   4.7183332606881173e-01	   1.2094695853015797e-01	   5.0456263221286470e-02	   2.9178791284674438e-01	   5.1380984959627096e-01	   4.5215005523180452e-01	   7.6312694040405304e-01	   6.3405985792739344e-02	   1.0398599704076465e-02	   5.5617846180555097e-01	   7.2508751048526121e-01	   3.5043769391368879e-01	   4.0085594419484943e-01	  -3.5541148244284480e-03	  -6.2501567631442836e-02	   2.0896033179579976e-01	   2.5664652784746811e-01	  -6.0027367187203556e-02	  -1.8305039339898171e-01	   1.5297815271700116e-01	   4.2032465981550769e-02	   1.1504474654591157e-01	   2.0971053388967531e-01	   2.8015903487851196e-01	  -2.7594913542283372e-01	   8.5550199093735985e-02	   2.8755183578134641e-01	   1.0271441403107950e-01	   2.4210875479837551e-01	   3.5913555586874102e-01	   5.6392738561981082e-01	   5.5018635920807440e-02	   2.1745904394301407e-01	   5.3100387229305024e-01	   6.0124638956853360e-01	   4.1855749769076411e-01	   1.4093139677294528e-01	   5.3416603997758472e-01	   2.0347024447235587e-01	  -2.7280119542738318e-01	   9.9491203510721951e-02	  -1.6754111279158285e-01	   2.2293377434857845e-01	   5.4930471988461132e-03	   2.0570201744691186e-01	   3.4400022896887245e-01	   7.8357508896021916e-02	   1.1971300270440821e-01	   5.1840972513347933e-02	   2.3422664885648664e-01	   2.8423080745072174e-02	  -1.0092992328823913e-02	   9.6114754999422458e-02	  -4.4956705965709298e-01	  -3.3549166711558348e-01	  -7.2569129377241484e-02	   6.0191415839170634e-02	   2.7163172579376904e-01	   7.4656838535851117e-02	  -2.0740677352871165e-02	  -1.7833953979452483e-01	
  -1.4574026651575131e-01	  -1.2971626023417071e-01	   2.6982177379123606e-01	   1.0794079585890584e-01	   7.1233123503482509e-01	   5.9366133671506516e-01	   6.1701680163687689e-01	   3.6303819140499399e-01	   0.0000000000000000e+00	   7.4493900075449671e-01	   2.7615831537843727e-01	   3.6450627567999883e-02	   6.0115968879015713e-01	   2.4512353910065043e-01	   6.6989490391579543e-01	   4.5588129899899760e-01	  -1.4742271588387507e-01	  -5.6113502367839518e-01	  -3.2261054655487231e-02	  -9.0245680813202528e-02	   3.6655760188249187e-01	   2.1777637096603869e-01	   2.5590492687035693e-01	   7.7512761553493764e-02	   2.7307249140752898e-01	   4.2265940517390765e-01	   3.3942830709598942e-02	   2.0484705472230591e-01	   1.3548094641132064e-02	  -2.4587398366266783e-01	  -1.1186667734739240e-01	   2.5409163215977897e-02	   3.8908886793428507e-02	   2.5248672620548591e-02	   4.5105789238249708e-03	  -7.3226806694169672e-02	  -1.9868956133961682e-02	   3.2296644558725085e-01	   2.7682309028537772e-01	   1.1507932406794905e-01	   1.9903327817129177e-01	   3.3271247430174389e-01	  -7.1226654187938068e-02	  -3.6574855723380373e-02	  -1.3385348554880072e-01	   5.7776337128964170e-02	  -1.1435129454235385e-01	  -2.4496387327308201e-03	  -7.4250316668735161e-02	   3.3726943689347304e-02	   1.3654739813811748e-01	   1.0774062856776236e-01	   1.7693593973667882e-01	   3.0059646357135761e-01	   6.3000186643232023e-02	   6.4856772531268453e-02	  -2.1343140646333997e-01	  -1.4035674180479751e-01	   2.4818925564858690e-01	   2.4731017915384201e-01	   3.3031073948276518e-01	   3.7649817212803888e-01	  -3.7311830468206852e-02	  -1.0195861856721650e-01	   5.5115269854430726e-01	   4.3989976819589482e-01	   3.4330177972250836e-01	   2.6718948518362029e-01	   1.1340525992932129e-01	   1.8311726836158720e-01	   3.2140124345225290e-01	  -3.1024495725878704e-02	   1.6502481044464834e-01	  -1.7718608651385320e-01	   9.0607656533183908e-02	  -1.1898584678749034e-01	  -2.3847049021894409e-01	  -2.6457647829201092e-01	  -8.8947489164355437e-02	  -2.1337469791418195e-01	   1.0691903497302235e-01	   4.3007185147165936e-02	   3.0518459208646287e-01	   4.0943911839788455e-01	   4.9815934590040933e-01	   3.7247746047714392e-01	   2.9676676211931896e-01	   4.6129787614474838e-02	   6.0001416123406270e-01	   4.1924140469955190e-01	   1.0816197038464696e-01	   4.0886811473605361e-01	   3.7923404020600804e-01	   6.2232084555772926e-01	   5.8741812502380232e-02	   1.3416636359293721e-02	  -7.9019401063427884e-03	   3.8314499998674589e-02	  -7.8916616715241656e-03	   1.1426428235144454e-04	   1.7851586702781425e-01	   5.0966483222273773e-01	   2.1025692486667596e-01	   2.7934100469501721e-01	   2.4944325233546810e-01	   1.8392530641887817e-01	   1.6820180883848118e-01	   2.5002828667928394e-02	  -9.4089166692139264e-02	  -1.3153666333968567e-01	   3.8374954421785096e-02	  -1.3617573109332526e-01	   4.7771505653506269e-02	   1.7314651463783656e-01	   2.4262543868357728e-01	   4.7436131946773638e-02	
  -3.0825367231354154e-02	  -8.1357411377242894e-02	   3.6840761885145146e-01	   3.3415349453124765e-01	   4.2984161204726667e-01	   7.7375708628492801e-01	   3.7170872527187504e-01	   5.7773816485700114e-01	   7.4493900075449671e-01	   0.0000000000000000e+00	  -6.7247655708489919e-03	  -3.5498666282503755e-02	   3.0101618507351680e-01	   2.9614967675571718e-01	   4.4710565161234006e-01	   5.8724170786622043e-01	  -2.8931978430138883e-01	  -6.0426686303545984e-01	  -5.9384934486510214e-02	  -1.6095706313696687e-01	   3.5131154828999889e-01	   9.4612252175327455e-02	   4.2769446454479565e-01	   4.0944714616220157e-01	   4.1822699267736613e-01	   4.7428556259170573e-01	   3.5965402823235504e-01	   3.8943834418493672e-01	  -3.6298043829391680e-01	  -3.8689031031349197e-01	   3.7079439038448278e-02	   2.9406925910176490e-01	   7.9347260473695037e-03	   2.2791207031401677e-02	   2.2726643383888373e-01	   4.0796771565074282e-02	  -5.4396741254499364e-02	   9.3436257923867838e-02	   2.1264284219320984e-01	   8.0473953609648874e-02	  -1.1543875615845155e-02	   1.7160165027159141e-01	  -2.2523474897508086e-01	  -2.7563766403614881e-01	  -4.2300413370939804e-01	  -2.7632065176742693e-01	  -1.8352615643678369e-01	  -1.6696437421677912e-01	  -2.1351234705856439e-01	  -6.1422736716901072e-02	   1.1544417511617217e-01	   1.1397272770062441e-02	   2.8431151696686374e-01	   3.0372332706347999e-01	   2.2818363670961031e-02	   3.6319946642277411e-02	  -1.4490469566115891e-01	  -3.1153671303700292e-01	   5.8815406570224590e-02	   1.9618227666787025e-01	   1.1170903777028711e-01	   5.2359557725477490e-01	  -2.3671175329714592e-01	  -3.5667786085859343e-01	   5.6153689528069484e-01	   5.7273591424944970e-01	   1.1843351537889174e-01	   9.1693728101806871e-02	   6.9640422220059769e-02	   1.4876710514745118e-02	   2.6810335607831248e-01	   4.4048780767741429e-02	  -1.2099491075934294e-02	  -3.5544536298772045e-01	   6.3864643488414169e-02	  -2.2364985552073835e-01	  -2.2048160300427011e-01	  -1.9730994900564103e-01	  -5.2054563127170772e-02	  -3.2565224186711039e-01	  -3.6791291267481756e-02	   2.5544575491926298e-02	   1.4746255842842235e-01	   2.3365824577778188e-01	   3.7009224467866209e-01	   4.3824004763895225e-01	   2.1635365423270492e-01	  -1.9889535746938799e-02	   4.9558570501311006e-01	   4.2940537160529335e-01	   1.2397855176776644e-01	   1.8621031006824806e-01	   4.2401674259582600e-01	   4.3857977207589205e-01	  -7.2361298069300917e-02	   1.1582992448156749e-01	  -1.9970224705720596e-01	   6.6394263943633972e-02	  -1.6245774506117805e-01	  -1.1339503821698176e-02	   2.1359347429701947e-01	   2.0748512778103201e-01	   1.9077029120580019e-01	   2.0475962314478507e-01	   1.6361021748455265e-01	   1.0754793247709980e-01	   1.0023005895179771e-01	   1.2856749803690953e-01	  -2.3985578354937631e-01	  -1.8602304471921893e-01	   1.4705621583025016e-02	  -1.4735621545738108e-02	   8.7930003805652246e-02	   2.4231850554229045e-01	   1.7032322782935461e-01	  -2.0070759354651021e-02	
   3.6347161919788967e-01	   4.1975215045859360e-01	  -6.6640604732130196e-02	  -1.0030071433430945e-01	   1.8670338678892578e-01	  -1.6694684687910889e-02	   4.5286026056250361e-01	   1.1640792501249525e-01	   2.7615831537843727e-01	  -6.7247655708489919e-03	   0.0000000000000000e+00	   2.6633635746921314e-01	   5.7252371797258794e-01	   7.4234859676154757e-02	   2.3554142516807361e-01	  -9.6708954499908628e-02	   4.9257891194689041e-01	   2.7194482989874991e-01	   1.8013591994022826e-01	   1.0448720324894795e-01	   7.9221780221431837e-02	   1.8809153183103436e-01	  -2.9445998817438290e-01	  -2.6415154766111448e-01	  -2.8458002137980737e-01	  -2.1419606426329668e-01	  -3.1538830727499695e-01	  -7.0481790165001265e-02	   5.5463820781938367e-01	   1.6932219153024991e-01	  -1.5148733405984741e-01	  -2.1083112415556649e-01	   1.2863731964067368e-01	  -3.6010758612074936e-02	  -4.6672572625408471e-01	  -5.4979243518922694e-01	   1.2485270993388407e-01	  -1.4100572552170543e-01	   2.3839301223777842e-01	   1.6092012429896929e-01	   2.9044069169064979e-01	   1.5379151399294252e-01	   1.2539911426889847e-01	   8.4242893156691534e-02	   2.3829244274833736e-01	   1.6195260322618610e-01	   2.1331267277188520e-01	   1.3382857851395619e-01	   3.1789859695392064e-01	   1.4551432668731334e-01	   4.8412509233392936e-02	   4.3623699953759185e-02	  -1.9198225943702876e-01	  -6.1541743669723224e-02	   4.2995452312750687e-01	   1.2191332986684703e-01	   2.0974080241521376e-01	   2.5092550587308221e-01	   3.3156607822261108e-01	   1.0978641862658509e-01	   5.0705232453994264e-01	   7.1968517084692846e-02	   4.2366515536720095e-01	   2.8489305407906207e-01	  -6.4647747570587569e-02	  -2.0615600570935239e-01	   4.3408637210582739e-02	  -6.4415206254578167e-02	   1.1054717630374658e-01	   2.5082172350092047e-01	  -8.5841853373206031e-02	  -2.5614350837562516e-01	   3.3335028152665103e-01	   1.5037190583042548e-01	   3.4320549113120413e-01	   3.8845264594993684e-02	   3.0996555969234750e-02	  -1.5515476788042515e-01	   2.8762253988520109e-01	   1.5730614982033458e-01	   5.4721707329240221e-01	   4.0999215204882544e-01	   3.1559744610338843e-02	   1.9059119039162450e-01	   2.4981345163273672e-01	  -9.1546272251584165e-03	  -3.2235934413282250e-02	   2.0183826136951094e-01	   1.2392124943321442e-01	   9.4768929123598522e-02	   1.9711371800897265e-01	   3.2971785109842694e-01	  -3.2183969101748672e-02	   2.3879143432490810e-01	  -2.9927309948192149e-02	  -2.2587911847328190e-01	   1.8167241005067036e-01	   1.5810000282791087e-01	   4.6027863198430430e-01	   1.7211637350484116e-01	   1.7884043048947657e-01	   4.7126808679450027e-01	   9.7060874743478326e-02	   1.9096507245726593e-01	   1.6947861502138517e-01	   6.0385662739833201e-02	   1.6534263185837611e-01	   5.3604190005839950e-02	  -2.2940015401872621e-01	  -2.9785504556408526e-01	   4.5826939184783519e-02	   9.1028701495821790e-02	  -3.3589855674223679e-02	   4.4801728555159070e-02	   6.1409557573301507e-02	   3.3713089283573902e-02	
   3.1564114579263136e-01	   2.2799659319840065e-01	   5.0948324236856510e-02	   2.4475994872050946e-02	   1.9490053382686719e-02	   5.9237252230388018e-02	   1.8003143454405307e-01	   3.4918977243189275e-01	   3.6450627567999883e-02	  -3.5498666282503755e-02	   2.6633635746921314e-01	   0.0000000000000000e+00	   8.0162570503970701e-02	   7.1670062271955870e-01	  -1.0084528657151576e-01	   1.5415556665359517e-01	   8.2022817597001210e-02	   2.5063617573823654e-01	  -2.4567936189163286e-01	  -1.6507336632004616e-01	  -1.9443362751972249e-01	   2.8381069354709810e-03	  -1.9415873306836803e-01	  -1.0053330513215465e-01	  -1.6120607118147900e-01	  -3.2483781194331107e-01	   4.9362933728809205e-02	   3.7857593754748578e-02	   4.2742025286838771e-02	   2.5292846118127010e-01	  -1.2842762366936272e-01	  -9.1183991087442684e-02	   1.6603549027109923e-01	   8.6308743749701239e-02	   9.8765528820191323e-02	  -1.1274638027001924e-01	   2.6010761825842041e-02	   8.6431437839483066e-02	   1.9302810178438357e-01	   2.6672242078436997e-01	   5.3897604545998706e-02	  -6.2358005418677573e-02	  -7.4680380153636068e-03	  -1.5504647506480975e-02	   3.4854414664726115e-02	   1.7238724372435654e-01	   1.8695441573303288e-03	  -1.6743036432494493e-01	   1.1093401460606943e-01	   2.3051113446020066e-01	   5.1802736105665118e-02	   8.1689481902196687e-02	   9.8855644958376454e-02	  -7.9481512226602741e-02	   2.5633909288437290e-01	   2.0861124573261847e-01	   2.5351650985888974e-01	   2.8722186669271116e-01	   4.4938141408570620e-01	   5.2304271294672611e-01	   3.7998662059482713e-01	   4.3393434059719360e-01	  -2.2204807567562948e-02	   3.7945048582151125e-01	  -1.3984466586170924e-01	   1.3140768078072573e-01	   1.6742218596504019e-01	   2.1631354814388126e-01	  -2.1050690974147529e-01	  -1.9836040410372055e-01	   5.5981746485005951e-02	   3.6928199569122994e-01	  -6.5022763676845702e-02	   6.1989063784804253e-02	   4.8965098221533651e-02	   1.7387897544691097e-01	   1.4411527637455285e-01	   2.0138598750281211e-01	   1.2896886107179376e-01	  -2.6446672123127157e-01	   5.0139105165912273e-02	   2.4496554571518997e-01	  -1.5494305669384251e-01	  -1.2425792513048334e-01	  -7.6766915984783177e-02	   1.5044474078863412e-01	  -9.9397170039952132e-02	   2.7435522844705927e-02	   1.6655975172260321e-01	   3.6248618646813341e-01	   8.2920972056993017e-02	  -1.9848649928119072e-01	  -1.5493718264414032e-02	  -1.2050936697001419e-01	  -2.5099435535921899e-01	  -4.8557727355702296e-02	  -7.9206493280975759e-02	  -8.9960923874193882e-02	   7.6938334306197564e-02	   1.2252398982226072e-02	  -6.4512481585478954e-02	  -1.2172164180654946e-01	  -7.9998646196555542e-02	  -2.3237107944995522e-01	   7.2246942084934124e-02	   6.7239203836883629e-02	  -6.6040119314128440e-02	  -1.3668450131140299e-02	  -2.3502595039626392e-01	  -2.3182899136579882e-01	  -3.3615542959521300e-01	   1.3558054935476624e-01	   3.5635499573336632e-01	  -1.5311811274956930e-02	   7.4550078841304740e-02	   2.8053603823377335e-02	
   1.7501962819540287e-01	   1.9690277551406409e-02	   3.4258092326754697e-01	   3.5443458835028689e-03	   5.4300599599329968e-01	   3.1049911461029550e-01	   6.8534934187370755e-01	   2.9178745596676059e-01	   6.0115968879015713e-01	   3.0101618507351680e-01	   5.7252371797258794e-01	   8.0162570503970701e-02	   0.0000000000000000e+00	   2.9105617159101865e-01	   7.8523855918588059e-01	   4.6741024507197437e-01	   5.1537170376772246e-02	  -1.3039365022651889e-01	   4.2246308941726061e-02	  -1.5529131865575796e-01	   2.8350644071586117e-01	   3.6813052560881532e-01	   2.5958951820075071e-01	   2.3193963633159457e-02	   2.0025325702613800e-01	   1.8318109242704486e-01	   2.4342923192021009e-02	   2.5143380512857766e-01	   3.0994619537262313e-01	  -7.8467997827928626e-02	  -2.8685129368941738e-02	  -4.9512836738262074e-02	   1.2265234088944336e-01	  -3.7627555065147616e-02	  -9.4582966047922282e-03	  -1.7072129219485160e-01	   9.4991621237634938e-02	   1.8943614386606986e-01	   4.0012787382151932e-01	   2.9212436614024762e-01	   1.6197018533594981e-01	   2.4926588661103580e-01	   2.9746461757462583e-01	   2.5426513949892321e-01	   2.3251492499536180e-01	   2.7686284548204182e-01	   2.2855686200513156e-01	   1.8393080743936255e-01	   2.4284694921164982e-01	   3.1699707199945443e-01	   3.1520657610805769e-01	   3.4019132216193854e-01	   1.0904980684825039e-01	   3.2951573993312500e-01	   2.3300930040208567e-01	   2.8387715559882010e-01	  -1.3719498171593838e-02	  -9.2097300060680731e-02	   1.1750963268970110e-01	   6.5218936671815317e-02	   3.2831225606139713e-01	   1.4902312306053023e-01	   1.3362094631151247e-01	  -5.7808858363349314e-03	   4.9507839048552804e-01	   1.4370020739452902e-01	   2.6710737386164757e-01	   1.6779781785444725e-01	   9.3531223636179481e-02	   1.1951149715240382e-01	   2.5693816796607116e-01	  -1.5321925329652618e-02	   2.5009640452076676e-01	  -1.6903267380290909e-02	   3.2389262615631176e-01	   3.1973736251799632e-02	  -4.5707016603214579e-02	  -1.4939548119124851e-01	   1.1263269838734973e-01	  -1.9913889062729159e-02	   3.0760363155244341e-01	   3.4132233393518924e-01	   3.8952059861821409e-01	   4.5287068790816554e-01	   6.1451869620107247e-01	   3.4701091844095888e-01	   2.5089794797678466e-01	   2.8833184509494059e-01	   3.9554651668842256e-01	   2.2579074689123874e-01	   2.3332574663170985e-01	   3.7121374078643099e-01	   2.8352237342960018e-01	   5.3989218761857749e-01	  -3.2093648905945259e-02	  -9.6684126289274586e-02	   2.2906358693300150e-01	   1.6029785990898565e-01	   2.0200822357326106e-01	   1.9584791000638602e-01	   1.1983625254782104e-01	   5.0658510872126072e-01	   7.0263959192626041e-02	   1.6007451880468576e-01	   2.8719769606850559e-01	   2.7699399020884302e-01	   2.4533592561300130e-01	  -1.5002029561734892e-01	  -2.2121549060181184e-01	  -1.6614202302679154e-01	   1.2537998187612964e-01	   7.2697531313220459e-02	  -9.4470262488087313e-03	   1.7590619488526144e-01	   2.5530673675372784e-01	   1.5634844344204077e-02	
