   0.0000000000000000e+00	   9.8941632266791357e-01	   9.4730743253483474e-01	   9.6558379010684281e-01	  -1.8579358019330808e-01	  -1.5620236176711888e-01	   8.5119725277600566e-01	   8.1661705808082485e-01	  -2.3389380324315615e-01	  -1.8732246479700998e-01	  -1.2951778073199910e-01	  -5.2652048751364540e-02	  -3.9537562810183624e-01	  -4.2057770977270542e-01	  -1.4242270896068238e-01	  -1.5662420109656633e-01	  -1.3563199117208785e-01	  -1.3784004983886611e-01	   9.6959104917058547e-01	   9.5854255621504492e-01	  -1.3546486816559661e-01	  -1.4202466615249915e-01	   7.0671526495536985e-01	   7.1777922933580018e-01	  -2.8829458544760006e-01	  -2.9664608361596395e-01	   3.4779459604064061e-02	   4.5222665664082014e-02	  -4.3900826141568083e-01	  -4.4630061657111886e-01	  -4.9585949964421422e-01	  -4.1380103627539899e-01	   7.3621761887629400e-01	   6.9970887936582105e-01	  -3.3788489907145536e-01	  -2.2401040596197908e-01	  -1.0968306502426078e-01	  -1.0848265707465747e-01	   8.9666546961969268e-02	   6.5990954554336526e-02	   4.3578988926471572e-02	   6.9919202322636348e-02	  -3.3535504750434503e-01	  -2.0557466206123004e-01	  -1.2518303952832094e-01	   3.4000572295176984e-01	  -3.0225446148297114e-01	  -3.3811705757852073e-01	   3.9201840811631816e-01	   6.0144144816249223e-01	  -3.2590244438839866e-01	  -2.4177356812240930e-01	  -2.0229389892347072e-01	  -1.7775346753251231e-01	   3.5729604934307407e-02	   1.2810593771737173e-02	   9.6912328161511874e-01	   9.8868784196869863e-01	   9.7558875604524498e-01	   9.2803703132806548e-01	   8.1034284110673438e-01	   8.1292463988210495e-01	   2.3675591066214169e-01	   7.0383809184166557e-01	   6.9146164639978869e-01	   8.3565050598919932e-01	   9.8028213267897191e-01	   9.4730516370565065e-01	   9.4099035908979911e-01	   9.5213906695759909e-01	  -4.1082076417657598e-01	  -4.1461071578945685e-01	  -5.2858202217740768e-01	  -5.3175294176546750e-01	  -4.5864851106079629e-01	  -4.7622315366023427e-01	  -2.5992570805077164e-01	  -2.6013258357697783e-01	  -5.5740059578612680e-02	  -1.0969405470113959e-01	  -3.6684281629028714e-01	  -4.2690894800724405e-01	   8.5023380751029470e-02	   2.4837706671729635e-02	  -3.1550703935870023e-01	  -3.0370531606484158e-01	  -1.6610762409040442e-02	  -2.3329954827004881e-02	   5.8789589246068204e-02	   3.0631642206089106e-03	   7.6304284472708900e-02	   4.0543260596975522e-02	  -2.5711482299996098e-02	  -4.0678553634042672e-02	   2.3872007905766232e-01	   2.7423439345458611e-01	   5.8821986821377584e-02	   1.2292681930752959e-01	   1.8235231118553780e-01	   2.0518691156938115e-01	   2.0801892586853013e-02	  -4.6990610341764967e-03	   1.7001889702516988e-02	  -1.4662125946684808e-02	  -1.6504209237300574e-02	  -2.9767430158845976e-02	  -6.5641806197046265e-02	  -5.1775859569917843e-02	   3.1731108527060503e-01	  -4.8234926432842419e-02	  -2.4445699412992000e-01	   7.6222420095834381e-02	   2.5575573830106113e-01	  -2.4974715115401509e-02	  -4.4574153610197287e-02	  -6.3200549591471283e-03	
   9.8941632266791357e-01	   0.0000000000000000e+00	   9.5048623808320332e-01	   9.5906798477287547e-01	  -1.5952717066169891e-01	  -1.2865055168351996e-01	   8.4207701755082232e-01	   8.1817366411675152e-01	  -2.0784362613608978e-01	  -1.6098245111877113e-01	  -1.3531842938085148e-01	  -8.5843723716224479e-02	  -3.6323351809190674e-01	  -3.8745117081494773e-01	  -1.1836165931213802e-01	  -1.3243489271453301e-01	  -1.1997638984884314e-01	  -1.1753717490305193e-01	   9.6024901114974304e-01	   9.5196367812499116e-01	  -1.0825384372976475e-01	  -1.1548291937004765e-01	   7.0929052457944475e-01	   7.2357854642983876e-01	  -2.7225155325163886e-01	  -2.7848541915924352e-01	   5.9189817518943255e-02	   6.9722051739962015e-02	  -4.1944358236002210e-01	  -4.2566598315395349e-01	  -4.6961426289401975e-01	  -3.8217135467122976e-01	   7.3651117851501913e-01	   6.9573392586967120e-01	  -3.5786341183520459e-01	  -1.8048614303838523e-01	  -8.2059652593380980e-02	  -7.9749021412339971e-02	   9.7054899432113206e-02	   7.5128869198558407e-02	   6.8487078972153906e-02	   9.4423023052395721e-02	  -3.3084611416045062e-01	  -2.1004950825723501e-01	  -1.2885940877218768e-01	   3.4502577215899638e-01	  -2.8247652745178176e-01	  -3.1960184593357743e-01	   4.0297062223159308e-01	   6.0666536076414379e-01	  -3.4000697707810079e-01	  -2.5762815802487121e-01	  -1.8209469857974497e-01	  -1.5646648163700716e-01	   5.2260776494116208e-02	   2.7749111620079647e-02	   9.7716547284494060e-01	   9.9140778424027287e-01	   9.7000387981918057e-01	   9.0319856022923961e-01	   8.4604194716063907e-01	   8.3949053190003020e-01	   1.7453573328888533e-01	   7.3277545292724278e-01	   6.7930725381934498e-01	   8.4269443092393348e-01	   9.7422339519328549e-01	   9.5368666914467715e-01	   9.6396192665023495e-01	   9.6410819712441542e-01	  -3.8650458850222458e-01	  -3.9250947960436539e-01	  -5.2460085745645757e-01	  -5.2466829075664012e-01	  -4.4680891365254832e-01	  -4.6550038354811363e-01	  -2.5683635564282997e-01	  -2.5764917671899834e-01	  -6.3421627123671054e-02	  -1.1392101846049055e-01	  -3.4042777551368064e-01	  -3.9976754740213105e-01	   9.8580854097611303e-02	   4.0530352778941452e-02	  -2.9154373908142678e-01	  -2.8368476340149895e-01	  -2.7061817767079960e-02	  -3.0818331775092765e-02	   6.6976037784399534e-02	   1.5718026501336160e-02	   6.3432707645530245e-02	   2.8053620594595707e-02	  -2.4306941316927316e-02	  -3.7383292358731487e-02	   2.5636322356925600e-01	   2.9142221863123907e-01	   7.1158455992422293e-02	   1.3735375320633297e-01	   1.8547951347406211e-01	   2.0092371473060935e-01	   3.3766673476321424e-02	   1.0312881300344945e-02	   2.8222404939157432e-02	  -2.4010616739346606e-03	  -6.9918684099626368e-03	  -2.0818099287495520e-02	  -5.2848385820532334e-02	  -3.7272331829270991e-02	   3.2426225236947670e-01	  -2.5770712788551472e-02	  -2.2455295985425244e-01	   9.7781269752478112e-02	   2.4693235719999362e-01	  -3.2442666746785864e-02	  -5.1886358473998265e-02	  -1.8643073340757547e-02	
   9.4730743253483474e-01	   9.5048623808320332e-01	   0.0000000000000000e+00	   9.8585297998607213e-01	  -1.9431229070470823e-01	  -1.5591517172008551e-01	   9.4838068175080248e-01	   9.3524217794800180e-01	  -2.2648671808009874e-01	  -1.5875910625692091e-01	   4.7654421294802428e-02	   5.9195125575175728e-02	  -1.7775419188556912e-01	  -2.2403543285807923e-01	  -1.4012981886947118e-01	  -1.5921731772868039e-01	   9.2036294535101149e-02	   7.5865709063522552e-02	   8.8819817960657843e-01	   8.7864625480521452e-01	  -7.9346365248774545e-02	  -9.4082281522846936e-02	   8.7661399824332531e-01	   8.8459373321863111e-01	  -3.2287654907235852e-01	  -3.3012510697567909e-01	   9.8602158799140679e-02	   1.0713791722508484e-01	  -3.1371146520731441e-01	  -3.4093359710833138e-01	  -3.8288654091555707e-01	  -2.3216960905304360e-01	   7.8569888905306740e-01	   7.4596451642209960e-01	  -3.2998752466448372e-01	  -9.2707354396216773e-02	  -6.6816976093209426e-02	  -6.2204069183057993e-02	   1.2684079598275796e-02	  -9.2450224678183521e-03	   1.0336886772235340e-01	   1.2839239493491597e-01	  -1.6233818552266402e-01	   3.9246917513077054e-03	  -3.1815565003387350e-02	   4.6708626992126334e-01	  -3.2466075833356756e-01	  -3.6545007606753038e-01	   5.1673272510838597e-01	   7.1924208838207337e-01	  -1.7473516125847002e-01	  -7.2047515593227418e-02	  -2.0249210415434049e-01	  -1.7100870740750657e-01	   5.3421296279276449e-02	   2.0497256475545518e-02	   9.5320183184506146e-01	   9.3605934221918052e-01	   9.1845676416786148e-01	   8.2764842561789387e-01	   8.9120910242663665e-01	   8.6829296793488875e-01	   9.0751201916360796e-02	   7.4206100199149172e-01	   6.7219057573820462e-01	   8.5818066911059998e-01	   9.6519290661597312e-01	   9.6017500779272213e-01	   8.6547677158581782e-01	   8.6869893506618934e-01	  -2.5149126373209296e-01	  -2.6191838398200207e-01	  -5.1751334053725417e-01	  -5.1761033197018758e-01	  -5.2949745211175558e-01	  -5.4136753683418415e-01	  -6.8088611950388483e-02	  -7.1954908700238462e-02	   1.2401952167113241e-01	   1.0810022169889155e-01	  -1.9800816206100880e-01	  -2.6249867401656729e-01	   4.4256436588353848e-02	  -2.5352375994374527e-02	  -2.4856422307171722e-01	  -1.9702669493637831e-01	  -9.2910617288288144e-02	  -8.8769865655200689e-02	   2.2583027791103633e-02	  -2.6051228640222315e-02	  -3.1485113375987570e-02	  -6.0310941582030667e-02	  -7.9466905764977225e-02	  -8.4940831774642928e-02	   2.2902571631941812e-01	   2.3826766577545422e-01	   1.9861883596511507e-02	   8.7524836011928495e-02	   1.1737936903871622e-01	   1.1369828174804866e-01	  -1.6915763694068681e-02	  -3.0429103300858039e-02	  -2.4032105704584899e-02	  -4.5549617545336402e-02	  -5.3320167244110997e-02	  -6.1600898767211476e-02	  -6.9703206645396421e-02	  -5.8656982298315737e-02	   2.4345674429661868e-01	  -2.3073511900940719e-02	  -2.4534477272080946e-01	   1.2086494841408571e-01	   9.9316345545909998e-02	  -9.7580244693212970e-02	  -1.1079966934685556e-01	  -9.8867489904511080e-02	
   9.6558379010684281e-01	   9.5906798477287547e-01	   9.8585297998607213e-01	   0.0000000000000000e+00	  -1.5631011011708534e-01	  -1.1536864179431436e-01	   9.2626571812514236e-01	   8.9398747032231296e-01	  -1.9549965071128855e-01	  -1.2224259400625301e-01	   5.3159212651925913e-02	   9.0176112755639026e-02	  -1.9527908495497570e-01	  -2.4062536348875663e-01	  -1.0366372841603741e-01	  -1.2087882121083612e-01	   7.2764492314594295e-02	   5.0411901428579521e-02	   9.2386611606178337e-01	   9.1357515220154173e-01	  -4.8470218872543019e-02	  -6.2473563466452844e-02	   8.3662552400912094e-01	   8.4445816585803635e-01	  -2.9880552528551674e-01	  -3.0674280377889290e-01	   1.3915234592675332e-01	   1.4661050325463909e-01	  -2.9873328692690138e-01	  -3.2219857520671535e-01	  -4.0406725807407362e-01	  -2.6615017178083739e-01	   7.5844324258824269e-01	   7.2200036866998452e-01	  -3.0262048265847408e-01	  -1.3224344794493223e-01	  -3.1064762244692394e-02	  -2.8326219461826126e-02	   5.8651350580717403e-02	   3.9499238600035610e-02	   1.4106012456029512e-01	   1.6595924788825350e-01	  -1.5210869122881085e-01	   9.6982266998619127e-04	  -6.3491373736881032e-02	   4.0652757335964007e-01	  -2.9424018308675703e-01	  -3.4172014534837275e-01	   4.6815748598683848e-01	   6.7045359188045217e-01	  -1.7082487907019406e-01	  -6.6490723496277937e-02	  -1.7196979152315164e-01	  -1.3759451009496931e-01	   1.0735362073850109e-01	   7.4261018019335573e-02	   9.5660272892470577e-01	   9.5664156434974723e-01	   9.3796747005100523e-01	   8.7578597289155236e-01	   8.3059368101252962e-01	   8.1977761314672215e-01	   1.6372153935284245e-01	   6.9242276865301489e-01	   6.6397286950570900e-01	   8.2747482619573376e-01	   9.7525761879069073e-01	   9.4993689389225833e-01	   8.9276739526184112e-01	   9.0343192898220015e-01	  -2.6780065447663726e-01	  -2.7416388094818062e-01	  -5.0107963782057108e-01	  -5.0475627196233674e-01	  -5.2541332331501744e-01	  -5.3640984907605893e-01	  -6.6982094561189420e-02	  -6.8686987986392473e-02	   1.2392416663634925e-01	   1.1027619109572410e-01	  -2.0129305472185671e-01	  -2.6868581893034649e-01	   9.5153476444439361e-02	   2.8728297258892289e-02	  -2.2521636443931189e-01	  -1.7951023418541243e-01	  -4.5787537731749810e-02	  -3.7765536099674306e-02	   7.8908432659371697e-02	   2.7588476641330382e-02	   2.6355432787153202e-02	  -5.4075605059013430e-03	  -3.3531556966766227e-02	  -4.0168810002439673e-02	   2.7676151127540294e-01	   2.7970573590792891e-01	   7.9148113637627041e-02	   1.4561062447983109e-01	   1.8277885919730105e-01	   1.7980583837921424e-01	   1.0091866348862565e-02	  -6.3756929300697474e-03	   4.1817898598963277e-03	  -1.5321920977789703e-02	  -1.9097599500328306e-02	  -2.4686227015812606e-02	  -3.8306726425478617e-02	  -2.5374006540743250e-02	   2.6624319321395062e-01	   1.7693444412214869e-02	  -2.0287522247908157e-01	   1.7173574678028558e-01	   1.5090421768019849e-01	  -4.3482900386760052e-02	  -5.8575646476613799e-02	  -4.6489034379653467e-02	
  -1.8579358019330808e-01	  -1.5952717066169891e-01	  -1.9431229070470823e-01	  -1.5631011011708534e-01	   0.0000000000000000e+00	   9.9063458499616464e-01	  -1.8570267113582076e-01	  -2.3636960390799222e-01	   9.6863446440689871e-01	   9.7463170330460058e-01	   2.1474243826796688e-01	  -1.1143989095358656e-01	   1.5202080893705611e-01	   1.5337292814575712e-01	   9.8239653979357922e-01	   9.7979764188698959e-01	   2.1780528933710394e-01	   2.8595873800567395e-01	  -6.5678643944420328e-02	  -5.4845326123966767e-02	   9.2446788414357706e-01	   9.4064453737541331e-01	  -2.8790251530033961e-01	  -2.4954613462293940e-01	   8.6589920628073824e-01	   8.5460591332292690e-01	   7.4008967823140970e-01	   7.3067902984763777e-01	   6.6190758413761230e-01	   7.1538914901648032e-01	   4.8591848122308667e-01	   3.9064040447924503e-01	  -4.2540547068317763e-01	  -4.3611871528515533e-01	   3.9301356358841655e-01	   4.1644944259104766e-01	   8.8858886305546370e-01	   9.0073703066450439e-01	   7.4501761879863593e-01	   7.7594022928348050e-01	   7.4101013379643077e-01	   7.3094658492118203e-01	   4.2548637021662178e-01	   5.0187646219322785e-02	   2.5910950079688821e-01	  -1.9803819632877656e-01	   8.8229208884669852e-01	   8.2197145603868094e-01	  -4.6114387491413317e-01	  -3.7599899680548066e-01	   5.6683522932978417e-02	  -3.0145449327080274e-02	   9.1761732152126052e-01	   9.4793792212037009e-01	   8.2847859849206551e-01	   8.6090235856154496e-01	  -7.5728784443565816e-02	  -1.2819377230035606e-01	  -8.2273823605112539e-02	  -3.2056666389950347e-02	  -2.1100295115173817e-01	  -8.4530475099768965e-02	  -3.1118802970911807e-01	  -4.5396330511595429e-01	  -4.7096324407822365e-01	  -3.7949902680613101e-01	  -1.5701529604334760e-01	  -1.4177795499658039e-01	  -6.6946788151761694e-02	  -6.1664603993226971e-02	   4.7303115356090952e-01	   4.9854513813952733e-01	   4.0156621080799654e-01	   3.7098376625365770e-01	   2.7252273310754710e-01	   2.6921200715711829e-01	  -3.2860857768080905e-02	  -3.3882327805374007e-02	  -7.5465693170125248e-02	  -9.9034447731542533e-03	   6.3001939831671439e-01	   5.9219605108702078e-01	   7.5498536564033469e-01	   8.3123282615475957e-01	   8.8852009254738196e-01	   8.1160075536305720e-01	   6.0551945875514968e-01	   6.6381284344616909e-01	   7.7757500242035005e-01	   8.5622937083628858e-01	   5.3934666689911248e-01	   5.4903183201588446e-01	   6.4808369920496356e-01	   6.5960457256011606e-01	   4.5994708906681342e-01	   3.8450708796333272e-01	   8.3128883689528454e-01	   7.5193097444395418e-01	   6.0793539432077304e-01	   5.1636149731492620e-01	   4.9025450898072853e-01	   5.1426785940315589e-01	   5.0694924342430681e-01	   5.7459004150823267e-01	   6.0024890583739621e-01	   6.3344280678110321e-01	   6.3089540297977698e-01	   6.3439771860544092e-01	  -3.2050176783317008e-02	   9.2477165062444311e-01	   9.5110393859676035e-01	   7.3074756920175132e-01	   2.4814252673264695e-01	   6.4508499048156098e-01	   6.4222502907477952e-01	   5.7420136525320009e-01	
  -1.5620236176711888e-01	  -1.2865055168351996e-01	  -1.5591517172008551e-01	  -1.1536864179431436e-01	   9.9063458499616464e-01	   0.0000000000000000e+00	  -1.3584331387860271e-01	  -1.8702699394502875e-01	   9.3868314287788079e-01	   9.7153247694668532e-01	   2.4108634900277218e-01	  -4.8841916451973985e-02	   1.7035787456373322e-01	   1.7127442770104762e-01	   9.7558058346784682e-01	   9.6657178680522793e-01	   2.3543376262664961e-01	   2.9158316632574810e-01	  -4.3872300782666962e-02	  -3.2718854604303217e-02	   9.4285675977507788e-01	   9.5535826382542222e-01	  -2.3647888453163338e-01	  -1.9799103890443670e-01	   7.9783704427357149e-01	   7.8465438612670546e-01	   8.1460759735292820e-01	   8.0657047671270177e-01	   6.4189658048723353e-01	   6.9001993706351983e-01	   4.1753394446635028e-01	   3.6002055707153352e-01	  -3.7083132634635174e-01	  -3.8100285095815523e-01	   3.8060263864749350e-01	   3.9012657131836104e-01	   9.2432279843308163e-01	   9.3493865550537458e-01	   7.4894836933156039e-01	   7.8268584403659969e-01	   8.1678475112132409e-01	   8.0699741587551177e-01	   4.2852917068230956e-01	   8.4158257549227733e-02	   2.3605278086326340e-01	  -1.7392640359698203e-01	   8.3084685991287133e-01	   7.5404543908858002e-01	  -4.0984954972497922e-01	  -3.2965352908728918e-01	   5.2455414491796623e-02	   4.0996369731611526e-03	   8.7231191679939002e-01	   9.1972035832600985e-01	   8.7365167579298275e-01	   8.9581580745984579e-01	  -5.0026608844384285e-02	  -9.9259095764962002e-02	  -6.0701996026444965e-02	  -1.3499198498948971e-02	  -1.8316183775495196e-01	  -6.1264898204502663e-02	  -2.5550908035184999e-01	  -4.1325646857856019e-01	  -4.2349872276889300e-01	  -3.2926440083933639e-01	  -1.2356004676033060e-01	  -1.1438484966499375e-01	  -4.2496433358318819e-02	  -3.8228011745053372e-02	   4.2853890433455805e-01	   4.4882854752444612e-01	   3.3006775192077026e-01	   3.0067593657331793e-01	   1.8787300748780972e-01	   1.8481762831948179e-01	   3.4007744040415950e-03	   5.5433067706452226e-03	  -1.6341676990404487e-02	   4.3764606749073315e-02	   6.1456093112548504e-01	   5.6437763823046727e-01	   7.9025265618013907e-01	   8.5257756023957532e-01	   8.7698937061335058e-01	   8.0612559910421289e-01	   5.8494913059773479e-01	   6.5112891551413177e-01	   7.9760936271165994e-01	   8.6764839638181235e-01	   5.2596144100749997e-01	   5.3051900433283250e-01	   6.4541763136460018e-01	   6.6062324118391991e-01	   5.3927529099232741e-01	   4.5907348814623328e-01	   8.5813789965580622e-01	   7.9431151631777730e-01	   6.5165124233562632e-01	   5.4861756565172903e-01	   5.0494217260533447e-01	   5.2909852833464477e-01	   5.1656899582723570e-01	   5.8552013365963873e-01	   6.0830111392335129e-01	   6.4322526319323348e-01	   6.5182951619213314e-01	   6.5345966958391355e-01	   1.5244379875065467e-02	   9.5196580504177586e-01	   9.2708488450819637e-01	   7.9606706047387144e-01	   2.5688739194297605e-01	   6.3267459149721805e-01	   6.2649113106370136e-01	   5.5293932052842942e-01	
   8.5119725277600566e-01	   8.4207701755082232e-01	   9.4838068175080248e-01	   9.2626571812514236e-01	  -1.8570267113582076e-01	  -1.3584331387860271e-01	   0.0000000000000000e+00	   9.8033824490310184e-01	  -2.1935626164229624e-01	  -1.3152450750205738e-01	   2.1572630576104840e-01	   2.4926647317083228e-01	  -5.3682121249061188e-02	  -1.0852936896979101e-01	  -1.3399230152603447e-01	  -1.5916529186639650e-01	   2.1634250756976275e-01	   1.8235320170097230e-01	   7.7318436318498684e-01	   7.6367618549254268e-01	  -3.1240274210558458e-02	  -5.1612070844065605e-02	   9.2053167768649546e-01	   9.2447378589878970e-01	  -3.6045289744607090e-01	  -3.6696952446330944e-01	   1.7198990180401466e-01	   1.8070867020446485e-01	  -2.3884627462480831e-01	  -2.7970453370934412e-01	  -3.4705473995565506e-01	  -1.4741918186759417e-01	   7.9512977219142655e-01	   7.5885161032444981e-01	  -3.2261451284853965e-01	  -1.2528550737392102e-01	  -1.2360387598306290e-02	  -8.9965701843823832e-03	  -1.4747384855034833e-02	  -3.2771614695209395e-02	   1.7798686109069833e-01	   2.0237397157308024e-01	  -5.4900757755047921e-02	   1.3707301806866262e-01	  -2.2794763662206740e-02	   4.8960985948467317e-01	  -3.3641412946770077e-01	  -3.8992154373697080e-01	   5.0422461238741745e-01	   7.2920128181005450e-01	  -5.9360748875975602e-02	   5.2583731647297099e-02	  -2.1179124346732614e-01	  -1.6645082999105124e-01	   8.8132772067462090e-02	   4.6454597674509303e-02	   8.6329315517690286e-01	   8.2577378627320908e-01	   8.1569966114201331e-01	   7.2103248629378125e-01	   8.3723969218466165e-01	   8.3895070400061855e-01	   1.2761439634535532e-01	   6.5766120225441815e-01	   6.2437338812224563e-01	   8.2928110141590650e-01	   8.8939244329340195e-01	   8.7689818128989194e-01	   7.1814663649487476e-01	   7.2384260603717654e-01	  -1.9429328751911074e-01	  -2.0233441455317602e-01	  -5.2714106158777096e-01	  -5.2216419706306771e-01	  -5.9380942814082061e-01	  -6.0164640867493635e-01	   6.7915739496153676e-02	   6.5097117177761218e-02	   2.5705631348379909e-01	   2.6029728876821884e-01	  -1.1205981872063991e-01	  -1.8804249757815417e-01	   4.9764141527386424e-02	  -3.0478021493236526e-02	  -2.0572500827380916e-01	  -1.3273784510266445e-01	  -1.3592861595137726e-01	  -1.2455436871793724e-01	   1.8214397544736430e-02	  -3.0221246598683374e-02	  -7.8999325229350797e-02	  -1.0690127186459503e-01	  -1.0993239562225886e-01	  -1.1101943944602438e-01	   2.6029888832162162e-01	   2.5146852477070825e-01	   2.6233781089468354e-02	   9.5571788909529984e-02	   1.1637782442045713e-01	   9.2389119283058818e-02	  -4.5940082121927676e-02	  -5.8568252357078417e-02	  -5.6400006928811391e-02	  -7.4456511656668292e-02	  -8.4276586921881058e-02	  -8.9029931074276120e-02	  -7.8582509362003741e-02	  -7.2418501076773514e-02	   2.2012024737523495e-01	   1.1052578329191980e-02	  -2.3744178393384147e-01	   1.8258109910727097e-01	   3.4368309463079977e-02	  -1.3210889714410567e-01	  -1.4561010814908820e-01	  -1.4197073277652705e-01	
   8.1661705808082485e-01	   8.1817366411675152e-01	   9.3524217794800180e-01	   8.9398747032231296e-01	  -2.3636960390799222e-01	  -1.8702699394502875e-01	   9.8033824490310184e-01	   0.0000000000000000e+00	  -2.6728504257489388e-01	  -1.8364780727368635e-01	   1.8002786865037518e-01	   2.1583021256417845e-01	  -2.5097000288724198e-03	  -4.4482631583769687e-02	  -1.9416847555981709e-01	  -2.1642737674486098e-01	   2.0647776559824263e-01	   1.7539754311704880e-01	   7.1864975647948104e-01	   7.1016446427832713e-01	  -8.3286213980403562e-02	  -1.0282889891233307e-01	   9.4196119233550557e-01	   9.4371164639729033e-01	  -3.9770188815921631e-01	  -4.0112809091449186e-01	   1.1697851314270630e-01	   1.2634550336795314e-01	  -2.4884271366907815e-01	  -2.9124924313545031e-01	  -3.0776926769975083e-01	  -9.4591790405237658e-02	   8.0545334446247063e-01	   7.6852779275507432e-01	  -3.7607501956662365e-01	  -9.9219319232577666e-02	  -6.4789231819876322e-02	  -6.1306656153994707e-02	  -9.1953074262396919e-02	  -1.0725083622664450e-01	   1.2259413054945215e-01	   1.4423408816791009e-01	  -6.1219894266971962e-02	   1.4673181238929428e-01	  -1.3342441001591220e-02	   5.3066673925471197e-01	  -3.7200919818848599e-01	  -4.2031522198674853e-01	   5.7415830411940438e-01	   7.6153944225529357e-01	  -5.5263188393814569e-02	   5.8370353549407783e-02	  -2.6360609576053057e-01	  -2.2029240860091592e-01	   2.0481136892789107e-02	  -2.2644713717308473e-02	   8.3233389575157368e-01	   7.8797530741530208e-01	   7.7890233721771274e-01	   6.5552218992581734e-01	   8.7153623105944877e-01	   8.4744558997460229e-01	   5.4664383836808272e-02	   7.2024778166361147e-01	   6.2858542438001275e-01	   8.4066056880796980e-01	   8.5746617481282095e-01	   8.7093395035883647e-01	   6.8249560035957835e-01	   6.8140606824135563e-01	  -1.8737558998414211e-01	  -1.9733425963019885e-01	  -5.0845721340496830e-01	  -4.9590910627515561e-01	  -5.6022941022988626e-01	  -5.6624646573203719e-01	   8.4022124013552274e-02	   8.0709974830049172e-02	   2.6526135448224941e-01	   2.5622883848973865e-01	  -1.1935359051763461e-01	  -1.8559650180405246e-01	  -2.0418759931256521e-02	  -9.8824625076992453e-02	  -2.3899559739654874e-01	  -1.6395357437645319e-01	  -1.9101629299958989e-01	  -1.8109879526798645e-01	  -5.4177023180768599e-02	  -9.9460901810869334e-02	  -1.4192679860615770e-01	  -1.6597216136293300e-01	  -1.5053094800906824e-01	  -1.4807771964649324e-01	   2.0467256862353717e-01	   1.9868579642987125e-01	  -4.8978763232685268e-02	   2.2589788892135546e-02	   4.3713826048917846e-02	   2.2849651528124550e-02	  -7.0312477162767006e-02	  -8.0886965693569332e-02	  -8.2374981542856315e-02	  -1.0194752405569746e-01	  -1.1310697042005245e-01	  -1.1867611509761644e-01	  -1.0109971199412188e-01	  -9.3512270260831559e-02	   1.9431958946192690e-01	  -5.0896892082921148e-02	  -2.9059355777782603e-01	   1.1683430987276139e-01	  -1.5076612577876075e-02	  -1.7856008588339345e-01	  -1.9484427287764194e-01	  -1.9801202820998581e-01	
  -2.3389380324315615e-01	  -2.0784362613608978e-01	  -2.2648671808009874e-01	  -1.9549965071128855e-01	   9.6863446440689871e-01	   9.3868314287788079e-01	  -2.1935626164229624e-01	  -2.6728504257489388e-01	   0.0000000000000000e+00	   9.7663318727520432e-01	   2.6682209410931473e-01	  -9.5095583472766643e-02	   2.1013523868326417e-01	   2.0418028083912307e-01	   9.6019032510933067e-01	   9.6273585839584630e-01	   2.7451942341869451e-01	   3.5184656567294009e-01	  -1.1602786546265557e-01	  -1.0444022984352715e-01	   9.1504248521563492e-01	   9.2857775747471361e-01	  -2.9901215059287972e-01	  -2.6464951871466369e-01	   9.3707707322706346e-01	   9.3246717904379683e-01	   6.1548934181288817e-01	   5.9985613802536997e-01	   7.3751869501886835e-01	   7.8852719456528664e-01	   5.9450420386815039e-01	   4.6177796274972999e-01	  -4.5397758190976945e-01	  -4.6368616238267490e-01	   4.0148322832039945e-01	   4.4346779079961746e-01	   8.2429516214733012e-01	   8.4615974248183801e-01	   6.5716542640802245e-01	   6.8378722578868989e-01	   6.1921618597105887e-01	   6.1531706254998486e-01	   4.9470280743500694e-01	   1.0873181059312373e-01	   3.3056151875775225e-01	  -1.7875648310127401e-01	   9.3542831819234751e-01	   8.9280175295248709e-01	  -4.7633492808735906e-01	  -3.7888001216660638e-01	   1.6685527413917539e-01	   2.5988194502913467e-02	   9.6246554966552278e-01	   9.8069561496442614e-01	   7.3603234831455266e-01	   7.7598800319783834e-01	  -1.1372288114645709e-01	  -1.7291368851874075e-01	  -1.2763114928584837e-01	  -7.9164004326741214e-02	  -2.3443562084462091e-01	  -1.1374787014089213e-01	  -3.9585899791785617e-01	  -4.9857482590459790e-01	  -4.9851690041178243e-01	  -4.1746405516046470e-01	  -1.9399202753872533e-01	  -1.7128398539073358e-01	  -1.1311943009434901e-01	  -1.0836386343221915e-01	   5.8898583387525472e-01	   6.1297391043127247e-01	   5.0576224496190780e-01	   4.7966197120410359e-01	   3.5623894505195008e-01	   3.5637383033934972e-01	   1.6862879227108031e-02	   8.2494715960485243e-03	  -4.5864859454645253e-02	   2.1843102923384865e-02	   7.0734713168235686e-01	   6.8101261631875465e-01	   6.1066371054903901e-01	   7.1072300490972395e-01	   8.9908114882605927e-01	   8.3772974217925755e-01	   5.6351846307238418e-01	   6.1638252734304566e-01	   6.8907840884005367e-01	   7.7926104392120576e-01	   4.6362054266037134e-01	   4.8952468262671156e-01	   5.8236509704614203e-01	   5.9117217488820661e-01	   2.8489259003959833e-01	   2.0514957425045710e-01	   7.2387973838178421e-01	   6.2196598268927306e-01	   4.5615538446793757e-01	   3.6684074505367681e-01	   4.0423442654634778e-01	   4.2811983266855524e-01	   4.2868243123857791e-01	   4.9368556650666745e-01	   5.2220974288117628e-01	   5.5373066932756565e-01	   5.4035882391903944e-01	   5.4612340613960830e-01	  -2.0551447108687315e-01	   8.6108241770914229e-01	   9.5380127580882879e-01	   6.2225814473105590e-01	   9.9237837263908640e-02	   5.9046985352024206e-01	   6.0528137853369213e-01	   5.2623037465006817e-01	
  -1.8732246479700998e-01	  -1.6098245111877113e-01	  -1.5875910625692091e-01	  -1.2224259400625301e-01	   9.7463170330460058e-01	   9.7153247694668532e-01	  -1.3152450750205738e-01	  -1.8364780727368635e-01	   9.7663318727520432e-01	   0.0000000000000000e+00	   3.3976447811767851e-01	   1.8425637920289391e-02	   2.4869409227724049e-01	   2.3692480642253044e-01	   9.7558023558828799e-01	   9.6870065091829893e-01	   3.4131803705751618e-01	   3.9437464458096483e-01	  -8.3436650948368163e-02	  -7.2394074831697602e-02	   9.7320760870232836e-01	   9.8112461803377626e-01	  -2.0019430857813991e-01	  -1.6444318962975008e-01	   8.5098480171096780e-01	   8.4023724646904774e-01	   7.5457872514574786e-01	   7.3847720425248031e-01	   7.3573390600942556e-01	   7.7809888001181338e-01	   5.0365359726460268e-01	   4.3386565007070083e-01	  -3.6724176462334290e-01	  -3.7450951145109912e-01	   3.8855784187283204e-01	   4.1711704256644011e-01	   9.0717450900387386e-01	   9.2559109944644258e-01	   6.7954765828286900e-01	   7.1145154641812303e-01	   7.5685019288543720e-01	   7.5618153848588943e-01	   5.3884550030992728e-01	   1.9419837789371772e-01	   3.0695187761963022e-01	  -1.3159048782148453e-01	   8.7621434883778559e-01	   8.0709038350057771e-01	  -3.9468505611600857e-01	  -2.9193182326434519e-01	   1.8432039998153676e-01	   9.8720475773898586e-02	   9.1793315584146185e-01	   9.6346928306912161e-01	   8.3074386596819783e-01	   8.5618447478547577e-01	  -7.2808295411715726e-02	  -1.2865459003704680e-01	  -9.6684074986243915e-02	  -5.3477166973199548e-02	  -1.9557154605772947e-01	  -8.8516224117738684e-02	  -3.1481944520997157e-01	  -4.4166277712566904e-01	  -4.3349908797259140e-01	  -3.4959804412067974e-01	  -1.3956779768008401e-01	  -1.2861945177404810e-01	  -7.8263312158008094e-02	  -7.4294773130352723e-02	   5.4480566806499808e-01	   5.6492118853418494e-01	   4.0565871651542973e-01	   3.7854509316665391e-01	   2.1584035904818544e-01	   2.1624223896954015e-01	   9.4331773862209922e-02	   8.9227229736417890e-02	   6.2621123463032516e-02	   1.3512813617271988e-01	   7.1764494789788091e-01	   6.6956510564381111e-01	   6.8095938551358715e-01	   7.6167842314982703e-01	   9.1659473672480973e-01	   8.6923033622886248e-01	   5.5504616962746200e-01	   6.2013020689909237e-01	   7.4105322367451953e-01	   8.2007872494492851e-01	   4.5725031283139717e-01	   4.7716338494454036e-01	   6.0257819761770537e-01	   6.1830759225599807e-01	   4.0887616621812944e-01	   3.1834637242515940e-01	   7.8435243329526361e-01	   7.0367380849607231e-01	   5.3500075658610891e-01	   4.2421067054454886e-01	   4.4797203576299760e-01	   4.7379957633079128e-01	   4.6493807414728261e-01	   5.3499142111985121e-01	   5.5882400585996805e-01	   5.9465736873923192e-01	   6.0016296162702776e-01	   6.0328559031323414e-01	  -1.5081672896956719e-01	   9.2998767173640751e-01	   9.4389323418529214e-01	   7.4425520796913314e-01	   1.0349664143404765e-01	   5.9477939333237118e-01	   6.0443574247777765e-01	   5.1348361436403456e-01	
  -1.2951778073199910e-01	  -1.3531842938085148e-01	   4.7654421294802428e-02	   5.3159212651925913e-02	   2.1474243826796688e-01	   2.4108634900277218e-01	   2.1572630576104840e-01	   1.8002786865037518e-01	   2.6682209410931473e-01	   3.3976447811767851e-01	   0.0000000000000000e+00	   7.3987273962043809e-01	   6.3276531322296226e-01	   5.6813894539130083e-01	   2.4099679245471384e-01	   2.2562249902013240e-01	   9.3119815352346813e-01	   9.0068250981308917e-01	  -1.8898802052039795e-01	  -2.0126649866161006e-01	   4.0137273415762076e-01	   3.7921120626564497e-01	   3.2999143674008313e-01	   3.5609320685232770e-01	   9.5715850644049527e-02	   9.1676162514192999e-02	   3.6531606702439962e-01	   3.4703934908690071e-01	   5.8604868670152621e-01	   5.1356333551989941e-01	   3.3639443357514753e-01	   5.1372836100397190e-01	   1.1792904869454884e-01	   1.2473684224915296e-01	   5.8507628566038250e-02	   2.6689705888490611e-01	   2.7347960777387365e-01	   3.0973116648500892e-01	  -1.8441786871516883e-01	  -1.6445789928343668e-01	   3.4842128124994082e-01	   3.2834452724552610e-01	   6.9749493087751158e-01	   7.6746773744475072e-01	   4.5571011640944514e-01	   4.8146627649845519e-01	   1.0326349866233092e-01	   4.1430114092155843e-02	   2.2265766941891893e-01	   3.4531139180483927e-01	   6.2825454933585867e-01	   6.1998654356268967e-01	   2.0147727776330193e-01	   2.4462597341538617e-01	   2.0050507563990178e-01	   1.7728831423325062e-01	  -4.1728656061717329e-02	  -1.1236394386764614e-01	  -1.2394408868163144e-01	  -1.7202650312068002e-01	   1.3574229943462631e-02	  -5.5760999315344881e-02	  -2.3109612674628482e-01	  -1.3435099228671299e-01	  -1.4635795441361452e-01	  -7.3080658060652698e-02	  -4.2563421682484922e-03	   1.2217145776348059e-03	  -2.0023984741786455e-01	  -1.7864362750481899e-01	   6.8197978068655929e-01	   6.7631875035917988e-01	   9.3394326095303681e-02	   9.3836299520048308e-02	  -2.9149592742975955e-01	  -2.7978445243691258e-01	   6.4299600191204831e-01	   6.2959265875022830e-01	   7.6491654910731299e-01	   8.4356085142769133e-01	   7.3826746154970535e-01	   6.8195525323673989e-01	  -3.1443087132796019e-02	  -3.5171710952241461e-02	   3.6265018176062658e-01	   5.1409542057546576e-01	  -1.4117427100961938e-01	  -8.6568107920609372e-02	  -2.1856989923516087e-02	   1.8292695999505559e-02	  -2.2930060504125546e-01	  -1.9735046632227565e-01	  -8.7147913375394417e-02	  -6.7425892349920441e-02	  -4.9478102271545546e-02	  -1.8967156547109615e-01	   1.2835463665730953e-02	  -2.1864911719537219e-02	  -1.2450845067176497e-01	  -2.2667503994081578e-01	  -1.3668274934581848e-01	  -1.1581242777855534e-01	  -1.3672698686003074e-01	  -1.0294383526422818e-01	  -1.0473369897085839e-01	  -7.5804200741892258e-02	  -1.7601860428667473e-02	  -1.9461155900468631e-02	  -4.5250028312557311e-01	   2.7162424080125380e-01	   1.5289924299033664e-01	   2.5545965083686517e-01	  -5.3432718735787388e-01	  -8.5762510045285553e-02	  -6.1454563996272867e-02	  -1.4492836277324128e-01	
  -5.2652048751364540e-02	  -8.5843723716224479e-02	   5.9195125575175728e-02	   9.0176112755639026e-02	  -1.1143989095358656e-01	  -4.8841916451973985e-02	   2.4926647317083228e-01	   2.1583021256417845e-01	  -9.5095583472766643e-02	   1.8425637920289391e-02	   7.3987273962043809e-01	   0.0000000000000000e+00	   5.3688490759634311e-01	   5.0571989860914790e-01	  -1.0153857738056868e-01	  -1.2327452265813478e-01	   5.6258138285199244e-01	   4.2638810886203343e-01	  -1.4392580888785084e-01	  -1.4259084657767435e-01	   1.1787059450782178e-01	   7.9951320386818431e-02	   3.4570227908240836e-01	   3.3617751192928702e-01	  -2.9423609894983471e-01	  -2.8781392372819259e-01	   2.4814373983683868e-01	   2.3423008811549628e-01	   3.5681478202368844e-01	   2.8496045274458126e-01	  -9.7286413862805801e-02	   5.8405745317235899e-02	   3.1776691769536147e-01	   3.5409748423202880e-01	  -1.8283985853329071e-01	  -3.2533247960058614e-01	   9.8425926375607375e-02	   1.1024724737241035e-01	  -2.9286772847968218e-01	  -2.8264483034591936e-01	   2.2961508095985064e-01	   2.2228426716426075e-01	   6.0012821705282615e-01	   8.0050624653209435e-01	  -1.5508838175192923e-02	   2.4184040671217910e-01	  -1.9326972048793975e-01	  -2.3629692480118425e-01	   3.2150627078599098e-01	   3.4854699515554544e-01	   6.7769629317585067e-01	   7.5285187940754072e-01	  -1.6289542028940440e-01	  -1.1834718616581483e-01	   4.5155949486644725e-02	  -1.3011895113761764e-04	  -9.0068872736620398e-02	  -6.1083985189104226e-02	  -1.2495023960292737e-01	  -1.1511743396663254e-01	  -1.0945392279020758e-01	  -1.6786108560962504e-01	   3.5824506926417476e-01	  -5.2886069078869308e-02	   1.8921169059200882e-01	   1.0363098316731770e-01	   3.4676164224973161e-02	  -6.1835342234364606e-02	  -1.3960835626141385e-01	  -1.2643125374084302e-01	   2.2619399562836606e-01	   2.0446494505607765e-01	   4.1153998007432760e-02	   6.0289861473820330e-02	  -2.7520676770061925e-01	  -2.5756669128279341e-01	   7.6867477372007997e-01	   7.7237166256237488e-01	   8.0637386476072614e-01	   8.0560209606813293e-01	   3.6441873895988125e-01	   2.9577312200677852e-01	  -1.2238333654826497e-01	  -1.7100266300843664e-01	   8.9341029504586694e-02	   2.2591092686879849e-01	  -2.1793242215392894e-01	  -1.6959959724186813e-01	  -1.3043872563145253e-01	  -1.5819932228855371e-01	  -2.4983697733467319e-01	  -2.3375223081916124e-01	  -1.9258873009894589e-01	  -1.8388630710055892e-01	  -2.7284165097366579e-02	  -1.2921652077791831e-01	  -1.4143902389243285e-01	  -1.1730238314564909e-01	  -1.2640803996640351e-01	  -2.0059178145384954e-01	  -2.2814108166891212e-01	  -2.3030523302490796e-01	  -2.3131507242050858e-01	  -2.2483154861394827e-01	  -2.1907879075510284e-01	  -1.9458677909090516e-01	  -1.6029796545656860e-01	  -1.6727855923126572e-01	  -2.8030363099820199e-01	   1.0539793412578768e-03	  -1.2649883815564769e-01	   1.3381606879709412e-01	  -4.0020952900311901e-01	  -1.7029126602467209e-01	  -1.5338722887974615e-01	  -1.9511705111244099e-01	
  -3.9537562810183624e-01	  -3.6323351809190674e-01	  -1.7775419188556912e-01	  -1.9527908495497570e-01	   1.5202080893705611e-01	   1.7035787456373322e-01	  -5.3682121249061188e-02	  -2.5097000288724198e-03	   2.1013523868326417e-01	   2.4869409227724049e-01	   6.3276531322296226e-01	   5.3688490759634311e-01	   0.0000000000000000e+00	   9.8782539556681626e-01	   1.3384521953837514e-01	   1.2757747383005669e-01	   6.6122664500807415e-01	   5.8390702159639341e-01	  -3.9588711014947653e-01	  -3.8072644801640360e-01	   3.0426495298212042e-01	   2.7254105017263369e-01	   1.5623002856453366e-01	   1.3917442686147702e-01	   6.8474165327966185e-02	   9.4412484652248482e-02	   2.6567742140074369e-01	   2.5547895875049875e-01	   7.2541459637255190e-01	   6.7149564496475256e-01	   5.9095493036644808e-01	   6.7710410632000029e-01	  -2.1540584840923399e-01	  -2.1226519367990743e-01	   1.4752496654000755e-01	   3.1684949396639445e-01	   2.6537864524788335e-01	   2.7239962930660733e-01	  -2.0903800650337379e-01	  -1.9437790745119254e-01	   2.4519708291967360e-01	   2.0872844239520438e-01	   7.9743787333950866e-01	   8.0459163486176899e-01	   2.2551076929697686e-01	   1.0711477981962415e-01	   1.8299211394277781e-01	   1.8265719814136022e-01	   1.8408366720672165e-01	  -2.6425253980951136e-02	   7.6094801032839265e-01	   7.9459060245950586e-01	   1.5000825229998707e-01	   1.6570144026971656e-01	   1.2212392985557262e-01	   9.7684304391413027e-02	  -3.0466816213653791e-01	  -3.5716043491330013e-01	  -3.5780914491428228e-01	  -3.8168799975050782e-01	  -1.9267921741006316e-01	  -2.0284276290042508e-01	  -3.8580934484372303e-01	  -2.9241941038450447e-01	  -3.4096338955634264e-01	  -3.1446249648079461e-01	  -2.8099817312388364e-01	  -2.3626473938686543e-01	  -3.5295241524931709e-01	  -3.5862975395444241e-01	   7.0273610155108035e-01	   6.7474223469301764e-01	   4.8250468611685937e-01	   4.9760407996125716e-01	   1.9574532392065777e-01	   2.1831850560265753e-01	   8.4552527452052595e-01	   8.4145398327921750e-01	   6.0660981213757537e-01	   6.9768033894071879e-01	   7.2445988678708406e-01	   7.4751005296933160e-01	  -4.8392695376965222e-02	  -4.3557315244400555e-02	   4.2880420673099517e-01	   5.2572174227983770e-01	  -1.3544979225753839e-01	  -8.1307282865016983e-02	  -4.4877441612911954e-02	  -1.5768572519804749e-02	  -2.2657230406812201e-01	  -1.9457281676452934e-01	  -8.4069131649240347e-02	  -6.1476303664173046e-02	  -5.5354948776655949e-02	  -1.8434025626976894e-01	  -4.6676693838209410e-02	  -7.0441422742638149e-02	  -1.5384630739356722e-01	  -2.4226569727141115e-01	  -1.5870895897192866e-01	  -1.2438309787206342e-01	  -1.5030158906608557e-01	  -1.0857257727968042e-01	  -9.9348599028700912e-02	  -6.4822999141956023e-02	  -1.4126228281687598e-02	  -1.4625910997438424e-02	  -3.3228256544478307e-01	   1.3895657558362026e-01	   2.0553179892765960e-01	   1.7252137277342172e-01	  -4.5946691572019249e-01	  -9.0144990595415059e-02	  -5.5682243918480798e-02	  -1.5293829548747565e-01	
