   0.0000000000000000e+00	   7.0453509256005886e-01	   5.0865026096781918e-01	   4.2063703091519555e-01	   5.9949364252282966e-01	   4.3972439940824798e-01	   7.0529890832121167e-01	   6.0641146318558903e-01	   6.3024647281346380e-01	   5.3056694597603826e-01	   8.0731029258506637e-01	   7.0309234833157030e-01	   7.4925452361204936e-01	   6.1118383604235182e-01	   5.8768292961305091e-01	   5.5919975227689012e-01	   7.4619985813965028e-01	   6.8974291847578961e-01	   7.6925152324139856e-01	   6.0826044495573461e-01	   4.7054051293896948e-01	   4.1669785504139678e-01	   3.6317346289061270e-01	   3.4023982532705971e-01	   3.2125514392970617e-01	   2.3489618757371339e-01	   3.5563126401282835e-01	   3.7554435225079130e-01	   5.7405756594394253e-01	   4.9213109594061916e-01	   3.8631391804254300e-01	   3.7240156586845852e-01	   7.0772553778287040e-01	   6.3381120110920552e-01	   1.8681024795104215e-01	   2.3077662467881782e-01	   6.2816336854729449e-01	   5.7106280693230704e-01	   7.6240010385452139e-01	   5.7268184110068687e-01	   5.5919351134536910e-01	   3.2021293474523932e-01	   5.2056610729576724e-01	   4.9136345152728939e-01	   4.5843898285565110e-01	   4.6916448599748778e-01	   5.9439201880356840e-01	   6.1749476472642817e-01	   6.0489512910443155e-01	   5.2177323156364508e-01	   6.6630670236320255e-01	   5.4966009510465919e-01	   6.1022137694007383e-01	   4.8170522508856206e-01	   7.2329676915110741e-01	   7.0449015130763559e-01	   8.6131216007374278e-01	   6.9187046758207238e-01	   7.4706350317212999e-01	   5.2274660067317025e-01	   8.2397025750222275e-01	   4.4028331410800486e-01	   7.4355035925118651e-01	   6.2691816378983989e-01	   4.4263488435899340e-01	   4.3348340432716648e-01	   6.0961094421901141e-01	   5.4201836421680716e-01	   6.4109142744815839e-01	   4.7856788897481983e-01	   1.9922524428456861e-01	   1.8452125915134432e-01	   5.7031994291238863e-01	   5.0338977461344070e-01	   5.7859599969329611e-01	   5.5595756044733591e-01	   4.5155143794177466e-01	   3.4894763631609360e-01	   7.2221786258882381e-01	   5.4486196843119061e-01	   6.0681860724431624e-01	   6.7715815190413198e-01	   3.5896058934973663e-01	   6.2186883108189672e-01	   6.3835881178099951e-01	   6.8954639026377862e-01	   1.0619236219857739e-01	   3.0671892379930515e-01	   7.0557185256993238e-01	   6.4352381888048749e-01	   5.5217438062725077e-01	   5.5263136794948786e-01	   4.1865415570542153e-01	   5.2794615736781481e-01	   3.0405985332742558e-01	   2.0618114554638947e-03	   5.3620148461494044e-01	   4.6554832290692688e-01	   5.3119090495658794e-01	   6.4194036792874187e-01	   4.4542678748416203e-01	   5.8467813443432715e-01	   4.5771506481811131e-01	   5.9467818037910014e-01	   1.3129994180217044e-01	   1.8572890734791039e-01	   2.2961986362235531e-01	   3.3909221868781314e-01	   1.4711807746676114e-02	   2.1043570885398644e-01	   4.7705393512028815e-01	   5.5256891444090817e-01	   5.9557236452356510e-01	   3.5566590768497830e-01	   5.1050971939087531e-03	  -8.1365323932070813e-02	
   7.0453509256005886e-01	   0.0000000000000000e+00	   3.7557843989789069e-01	   3.9625938572267916e-01	   4.8310247382152416e-01	   3.8253234380531126e-01	   4.4218596986427783e-01	   4.5259062109305215e-01	   5.0729700821518586e-01	   4.4278054988088134e-01	   6.2702938619885862e-01	   6.1718362230564272e-01	   5.4036604714503622e-01	   5.6964593423084675e-01	   5.2050148371656424e-01	   5.0244510613066562e-01	   6.4855705180233458e-01	   8.0565468887471892e-01	   6.5527344912033181e-01	   6.6508288018708028e-01	   4.2723094406441481e-01	   3.7135557107412648e-01	   3.1948409878537698e-01	   2.9547752403046501e-01	   3.0811567704494525e-01	   2.2248133858130592e-01	   2.7834633235146261e-01	   2.9538913271078682e-01	   4.5995626544468166e-01	   5.9779323981744659e-01	   3.5030411821077284e-01	   3.7568770326238665e-01	   5.5161575091842296e-01	   5.9836240453421108e-01	   2.6430651956536394e-01	   2.8048358850951377e-01	   6.4607507077477933e-01	   6.0301274101529923e-01	   6.6779657266735537e-01	   6.5030621583193293e-01	   5.8795655089594034e-01	   3.5661217960714964e-01	   5.5173751570210883e-01	   5.3994764064740719e-01	   4.9911279901597261e-01	   4.9355686032895918e-01	   6.3396107009655922e-01	   6.4844965835959845e-01	   4.9872654787439430e-01	   5.4135195920970025e-01	   5.9295368795643366e-01	   4.6102912478423730e-01	   6.1881122208417194e-01	   4.4723134526855540e-01	   7.0623932882715312e-01	   6.4824810634552099e-01	   7.1276662520363021e-01	   7.3898812424300775e-01	   5.0843920879212579e-01	   4.0206940214325082e-01	   4.9494014795987079e-01	   3.7423421338029600e-01	   5.6084397129560404e-01	   5.1338527004408552e-01	   3.6872068703854954e-01	   4.2045229158746017e-01	   4.4034748970570631e-01	   4.1922474170823060e-01	   6.5938891975049074e-01	   5.0499868832842898e-01	   1.5055165164434847e-01	   1.4759338914045853e-01	   5.3855273220806110e-01	   5.9494501569269376e-01	   5.0497059837172686e-01	   5.8877472785851115e-01	   4.0414373553887106e-01	   4.6081030641905896e-01	   6.9311378567989235e-01	   7.9920923103036423e-01	   6.8772013246450714e-01	   7.3421612719605001e-01	   3.9744655458701317e-01	   6.0629092121201866e-01	   5.8052920929565233e-01	   6.3266511211321697e-01	   6.3992371481730634e-02	   2.9658696189706457e-01	   5.0203174186509292e-01	   5.2732468637310048e-01	   4.4595459454228936e-01	   3.7598659616524105e-01	   2.7664403297482876e-01	   3.4265034488070117e-01	   3.0953795010549334e-01	   1.5346537425698942e-01	   5.9180963192988767e-01	   4.7637644631374604e-01	   5.8549199118634454e-01	   5.0224557981597173e-01	   2.9954992902594080e-01	   3.8291310387688138e-01	   3.3085224236639665e-01	   3.7169287299101073e-01	   2.5373642263295970e-01	   1.6835950203817260e-01	   4.1746980096600317e-01	   3.4359046418445427e-01	   8.2502681098978473e-02	   2.8171966374240276e-01	   4.8631111730361876e-01	   5.5416725380793674e-01	   5.0334461581776169e-01	   2.9492335672710734e-01	  -2.7890305611874021e-02	  -1.0546450292524257e-02	
   5.0865026096781918e-01	   3.7557843989789069e-01	   0.0000000000000000e+00	   7.6754781267785233e-01	   7.5853072643741848e-01	   7.2047803269310684e-01	   7.3963425782359182e-01	   4.5472247794860715e-01	   5.9772474836426603e-01	   4.7097767760058090e-01	   5.2629182151373344e-01	   2.4835595081260231e-01	   4.6464501506804734e-01	   3.8875281482073631e-01	   7.0827399702047356e-01	   6.4143420380409288e-01	   3.0453123257379699e-01	   3.2061677845877312e-01	   6.5322927785359408e-01	   3.9078722426290080e-01	   7.3426645346280117e-01	   6.8898617781936222e-01	   8.8172024701161522e-01	   7.6595732384708692e-01	   8.3129783780697331e-01	   7.4761412018145501e-01	   7.4395777378721784e-01	   7.6815250528792034e-01	   2.7047862509780829e-01	   2.4347074068785224e-01	   7.0583102020489541e-01	   6.0245806371485189e-01	   5.7831036953913195e-01	   5.3966363145122276e-01	   7.2764579824691777e-01	   6.4878358014307214e-01	   4.9917773225903583e-01	   5.2143883978470684e-01	   6.7933474578428843e-01	   4.9821290256986006e-01	   2.9958758545521397e-01	   1.8689738359813651e-01	   5.1294007341149606e-01	   4.8972689590152674e-01	   5.0380634583801420e-01	   4.8361821868060662e-01	   5.6467457952876265e-01	   5.8514378766613317e-01	   4.4723573544671708e-01	   4.6632464084545300e-01	   5.7251058047628667e-01	   4.4790952317786409e-01	   5.0182244139477694e-01	   5.1600381978828191e-01	   6.1248946251103009e-01	   6.0705231451770447e-01	   3.4189595123925920e-01	   2.5913372748522495e-01	   4.8385494244237737e-01	   2.6700720238732406e-01	   4.8683762229681066e-01	   3.8473482922788321e-01	   3.2706145814454757e-01	   2.5431176042303522e-01	   8.8082032039442937e-01	   5.9201464378371293e-01	   5.3057801975126306e-01	   4.7328056439775046e-01	   3.8971876894350971e-01	   2.8314107597341054e-01	   5.4532436107267890e-01	   4.8704285832922134e-01	   4.9930743919530818e-01	   4.3541221639272359e-01	   5.3915256162502279e-01	   4.5611913138966809e-01	   4.1911892583317240e-01	   2.4213382194380978e-01	   3.9460834846005727e-01	   4.4737264694788670e-01	   2.7667587333306437e-01	   5.4592716992571577e-01	   6.5756390059993897e-01	   4.0827620642815277e-01	   7.8693246129516581e-01	   5.9367457637615662e-01	   6.1908823243019540e-01	   6.1435973359522456e-01	   6.4158167092167706e-01	   5.3166118433020881e-01	   4.3024621146074826e-01	   4.4668367531827224e-01	   4.6299137496431336e-01	   5.5160852670958949e-01	   1.8886086482109452e-01	  -1.2817275170007758e-01	   4.7984647312507100e-01	   4.0881446241189640e-01	   3.0193985418953301e-01	   4.1049925051463731e-01	   9.1462780844691810e-02	   2.9689902181111527e-01	   1.8769369841284117e-01	   3.1360651051859689e-01	   1.0493685744634704e-01	   2.8417395127232919e-01	  -1.2583392373634764e-01	   2.0334848582330792e-01	  -4.8527351732320430e-02	   1.2389664993744848e-01	   4.7652427857451524e-01	   4.2694196955753949e-01	   5.1548902140738462e-01	   5.3493713861334202e-01	  -2.7665263236570606e-02	  -1.7458543908192531e-01	
   4.2063703091519555e-01	   3.9625938572267916e-01	   7.6754781267785233e-01	   0.0000000000000000e+00	   6.3426143979204996e-01	   8.6698415648737837e-01	   5.8566362483582490e-01	   7.2171137183289880e-01	   5.2110090357355743e-01	   6.5579016694689030e-01	   4.3345827600064746e-01	   4.5069962061004032e-01	   3.6968010191327011e-01	   5.8907562522521428e-01	   6.6608736591893702e-01	   7.9898763047803423e-01	   3.3326375543776998e-01	   3.0094971965418416e-01	   6.2196259296881329e-01	   4.3237687798168978e-01	   7.0965473641662036e-01	   7.3999577744749445e-01	   7.9899930940147890e-01	   8.8693083746560608e-01	   7.6266999371929889e-01	   8.2243614651025498e-01	   6.3222667042985481e-01	   7.5411974586129127e-01	   2.5941499929420775e-01	   3.6304112966233459e-01	   6.6638323758726448e-01	   7.6575522167516652e-01	   5.5078262433737157e-01	   6.6917774130746155e-01	   6.2248056493704274e-01	   6.5654623011131819e-01	   4.4573777881171983e-01	   5.9102459064745250e-01	   6.0658292579685713e-01	   5.6406291980364032e-01	   3.2669388361625878e-01	   2.0720874281434573e-01	   5.0290800104702016e-01	   5.1141902849392507e-01	   3.9556591846960981e-01	   4.5732839022911209e-01	   5.7187850720875089e-01	   6.1020747044157475e-01	   2.6948424586982450e-01	   4.2587710669039569e-01	   4.8830624767210118e-01	   4.3063466265076727e-01	   4.7367995247917427e-01	   4.5125150677197401e-01	   5.5674698345202556e-01	   5.8222965948105276e-01	   3.4936609233708527e-01	   3.0643594943507946e-01	   3.4791500775421014e-01	   4.2361324512203091e-01	   4.0407150964632843e-01	   6.6693245720660488e-01	   3.0263366192225327e-01	   3.3943270861090596e-01	   7.5006121006425164e-01	   8.0721404650226991e-01	   4.7119199865508143e-01	   5.5148903991985143e-01	   4.7181301135791776e-01	   4.0464501046905543e-01	   4.5740300123302841e-01	   5.6602808171597818e-01	   5.5621773037725186e-01	   5.7268011553041709e-01	   5.3040681882461227e-01	   6.1003070400857273e-01	   3.4093474677371927e-01	   3.9283274387224459e-01	   3.9813076437244155e-01	   5.5803313027706325e-01	   4.0960323107161911e-01	   5.9570399416801711e-01	   6.5590982796410779e-01	   3.6552207892149646e-01	   7.7784369844489643e-01	   7.1616295768385685e-01	   4.5644913494341510e-01	   5.4989806412980746e-01	   5.4996342732583092e-01	   6.4113625038086541e-01	   4.3603754480839513e-01	   3.7617963866119730e-01	   5.4825362487737572e-01	   3.9717312019211415e-01	   2.2196438038338942e-01	   7.0102076582701650e-03	   4.6221655370670722e-01	   4.3887229016934937e-01	   3.0897239910721191e-01	   4.2038062998745035e-01	   8.4271193395332081e-02	   1.3304845831990147e-01	   1.0762819680536032e-01	   2.0115662955205652e-01	   2.3661147289288700e-01	   1.4597386834222978e-01	   6.3600721444295238e-02	   2.0956645326647994e-01	  -1.4793123913190773e-01	   2.0509919862896420e-01	   4.9126013188184914e-01	   3.9816261795486679e-01	   4.6531030238507182e-01	   4.7472362438431548e-01	   2.2531869202876073e-02	  -1.1451114747468580e-01	
   5.9949364252282966e-01	   4.8310247382152416e-01	   7.5853072643741848e-01	   6.3426143979204996e-01	   0.0000000000000000e+00	   7.9568666644343322e-01	   7.0962259820974083e-01	   5.5923598541565689e-01	   8.6446289304498358e-01	   6.0340501459161877e-01	   5.5776567412165523e-01	   4.5830757220042545e-01	   6.2331118511321482e-01	   5.3069328069155319e-01	   6.5038376564851930e-01	   5.2770320163905204e-01	   4.0762880947294422e-01	   4.3016308654166246e-01	   6.4698414013503003e-01	   5.1666200826468012e-01	   6.7536643231017535e-01	   6.6229495096814950e-01	   6.4227008492662119e-01	   5.6850506715614824e-01	   6.5193388734141089e-01	   5.1411400843869437e-01	   7.2262180873182091e-01	   7.3139273029503526e-01	   2.6549131130572357e-01	   2.4484474537497702e-01	   4.4033509011725602e-01	   3.9146202229890725e-01	   5.5597534191089115e-01	   5.5771673445219094e-01	   6.5742973831784957e-01	   6.5472403331960782e-01	   6.3707392298847854e-01	   6.7884013043048663e-01	   7.7445834453291162e-01	   6.2238669450259954e-01	   4.9874236623123480e-01	   3.2654974264024195e-01	   5.5930125599250036e-01	   5.3934096962903399e-01	   5.7796389854633123e-01	   5.2407502313208343e-01	   6.3206915272412378e-01	   6.9718622464372870e-01	   6.1750676805682780e-01	   5.7823059286675837e-01	   6.4760472028047089e-01	   6.1649639638790177e-01	   5.4481305329694485e-01	   4.9065375084815843e-01	   7.0064451108490844e-01	   6.9294604688475370e-01	   4.1783126323770559e-01	   4.3896795155118085e-01	   7.3026496857790590e-01	   5.6166223903834833e-01	   6.4535673981534103e-01	   4.8740168163506870e-01	   3.7136458180272158e-01	   3.1948625724611029e-01	   7.5776306210189814e-01	   7.2249778040689672e-01	   7.2396844038560004e-01	   6.8747306754628690e-01	   5.4697894545302006e-01	   5.0634078404394434e-01	   4.0722597666661015e-01	   3.9295480408888661e-01	   5.0261585993928570e-01	   4.7074285706306440e-01	   5.2104159931697280e-01	   5.0704051871567701e-01	   4.5971653459994011e-01	   4.0716739211050634e-01	   4.5598068485734727e-01	   5.0326423609112669e-01	   4.2571967692791685e-01	   5.6262460574144524e-01	   5.0725128556638066e-01	   4.3974985617901829e-01	   7.7572906943801900e-01	   6.8294791177830116e-01	   4.1821988115002928e-01	   4.8775194172101166e-01	   7.4765920252651574e-01	   7.0986330654621121e-01	   5.7039911407153188e-01	   5.8544829379109797e-01	   5.0732605753792348e-01	   6.4277578528794466e-01	   3.3292810758675712e-01	  -1.2828900888305229e-02	   7.0453491367172827e-01	   5.3165026248611014e-01	   4.4523663495002125e-01	   5.4656689916142587e-01	   3.9974244450270147e-01	   5.8184773485432917e-01	   4.3692171141280872e-01	   5.6534815833936303e-01	   2.3634500473211933e-01	   2.9923810640477688e-01	   4.7592370463114292e-02	   2.5930466750948822e-01	  -2.3549547393682757e-02	   2.5802367507306262e-01	   6.6922295994527581e-01	   5.7352303057995535e-01	   5.5819102685550959e-01	   5.3276744634777828e-01	   7.3337653298540348e-02	  -1.1158625642772305e-01	
   4.3972439940824798e-01	   3.8253234380531126e-01	   7.2047803269310684e-01	   8.6698415648737837e-01	   7.9568666644343322e-01	   0.0000000000000000e+00	   5.7360828242466078e-01	   6.8687012891341115e-01	   6.3697773768528387e-01	   6.8478999486265879e-01	   4.1144970315975898e-01	   4.7802708388253801e-01	   4.9027548374627777e-01	   6.3541646776179617e-01	   6.6666194010996005e-01	   6.8041549085372299e-01	   3.1496347601990538e-01	   2.5880922261522016e-01	   5.4705680437396875e-01	   3.9854343277001381e-01	   7.1387448853054214e-01	   7.4531810661258446e-01	   7.4630497582811395e-01	   8.1246757370452660e-01	   7.2506567757278295e-01	   7.3333342896672271e-01	   7.3817645680609767e-01	   8.1978250594473234e-01	   1.3946141277529611e-01	   2.3622768415469569e-01	   5.1232964798393699e-01	   5.9312389582199376e-01	   4.8217225102816463e-01	   5.9776124480210480e-01	   6.9583415027710593e-01	   7.4938882649959893e-01	   5.0556575767581946e-01	   6.2873510505549812e-01	   6.5889712322386029e-01	   6.0970015632298369e-01	   3.4210016093334294e-01	   1.8763725668801440e-01	   5.2126213295839574e-01	   5.3825433701532832e-01	   4.8422203141100550e-01	   5.1746086003912550e-01	   5.9035611242149821e-01	   6.6284201390922937e-01	   3.5573420333407058e-01	   5.0990595268733707e-01	   4.8521448869731809e-01	   4.6261447945935896e-01	   4.5541067543628766e-01	   4.1525748510189348e-01	   5.7306237810625571e-01	   5.7360996368021566e-01	   2.9393402083763398e-01	   2.9414134614432480e-01	   5.0788533053965312e-01	   5.4274593473793986e-01	   4.7720466354716495e-01	   6.7199317045997775e-01	   1.9635556211175328e-01	   2.0287574611740938e-01	   7.4999790577246939e-01	   8.6093590801987541e-01	   5.5391230126330449e-01	   6.1500022856370562e-01	   4.6941560856747011e-01	   4.2775488991592703e-01	   4.2778765896254312e-01	   4.9353143647798614e-01	   4.8431235378032378e-01	   4.8254726843386453e-01	   4.6946467300657946e-01	   5.5779042919954525e-01	   3.1632254123102688e-01	   3.5625171386091481e-01	   3.6284986837319150e-01	   5.4085693498921472e-01	   3.9931265291019552e-01	   5.3422813719159834e-01	   5.6425263174427653e-01	   3.0238270814892093e-01	   7.5881353520470163e-01	   6.6478173177101507e-01	   4.8343392463938129e-01	   5.8000960831008352e-01	   6.5316776800796950e-01	   6.9613604344352309e-01	   4.8710070890869311e-01	   4.4665307521655007e-01	   5.9762119433922323e-01	   4.8381675549114422e-01	   2.8811713695702057e-01	   1.7945554594177789e-02	   5.9102721921379808e-01	   4.9776364070739176e-01	   3.0977884170453807e-01	   4.1008176320663531e-01	   1.8598069497492498e-01	   2.4397743668794197e-01	   1.8225026062339383e-01	   2.7866742647429604e-01	   2.6669124872166328e-01	   1.9544882773505862e-01	  -5.3847090198612869e-02	   1.7660059359912075e-01	  -8.3708257949444129e-02	   2.5373486488505276e-01	   6.1061583067387926e-01	   4.5341056175681527e-01	   4.9626200845857982e-01	   5.1959719896484424e-01	   1.1203903696579016e-01	  -1.2580637640067321e-01	
   7.0529890832121167e-01	   4.4218596986427783e-01	   7.3963425782359182e-01	   5.8566362483582490e-01	   7.0962259820974083e-01	   5.7360828242466078e-01	   0.0000000000000000e+00	   7.2297820286598835e-01	   7.3409355856333203e-01	   6.2843246875459247e-01	   8.2302608431732827e-01	   5.4867888785633401e-01	   7.3255935322957244e-01	   5.6521045629148636e-01	   6.6361760753830279e-01	   6.4027077895945861e-01	   4.8789332551801590e-01	   4.8484756754815644e-01	   7.9777042646873875e-01	   5.6192265810395048e-01	   5.6196046522247256e-01	   4.8634214996092567e-01	   5.3859736144719528e-01	   4.5788988630201211e-01	   4.5665742078557026e-01	   4.1938378740844384e-01	   3.9079626150730390e-01	   4.7511813188722873e-01	   5.5802946833117195e-01	   4.4313446691562858e-01	   5.4064495413121638e-01	   4.9463065952127827e-01	   7.8535408913891247e-01	   7.0232075125871196e-01	   3.4568679975209810e-01	   3.1587853347319378e-01	   5.2818636352638793e-01	   4.9429235324051873e-01	   7.0002773919701577e-01	   4.3155117886608363e-01	   4.4446150085561920e-01	   2.2114986715700097e-01	   4.4970814019342586e-01	   4.0907818898380721e-01	   5.0614479527665435e-01	   4.7727902954874080e-01	   5.2779644880229426e-01	   5.8364046662724611e-01	   6.3315537930876142e-01	   4.1786194161987894e-01	   6.4800016292687346e-01	   5.7038279098848399e-01	   5.6662060961572336e-01	   5.3319474445522763e-01	   7.1094339209367952e-01	   7.1226164798758562e-01	   5.2447428943028118e-01	   4.4926676069996341e-01	   6.3644207233343153e-01	   3.8701486923995432e-01	   8.2132908011689876e-01	   5.2578843172109258e-01	   7.0273747430471956e-01	   6.6036304557252024e-01	   6.8052824247605181e-01	   5.4932545125152177e-01	   7.5537133413718349e-01	   6.7213539723991822e-01	   5.6648224666538072e-01	   4.9942990062371073e-01	   3.5651388364607306e-01	   2.7479036939536383e-01	   5.4151208933373862e-01	   4.7194554995143445e-01	   5.8055806136144772e-01	   5.4049416124236438e-01	   4.4914227280524588e-01	   3.1761282764696019e-01	   5.2341621361022106e-01	   4.3132782649949414e-01	   5.0783177007353930e-01	   6.7359976644886888e-01	   5.0225017331561861e-01	   5.7863185098226322e-01	   7.3035271396944990e-01	   7.2445928081828559e-01	   2.9738151467391738e-01	   3.2516306799290623e-01	   7.2253284402605178e-01	   5.9335610639204783e-01	   5.9601093324807708e-01	   6.4196554096942560e-01	   4.8100411513663921e-01	   6.5121209150336923e-01	   2.5461647000627191e-01	  -9.1516639371779021e-02	   4.8334561463389947e-01	   3.5964354374389573e-01	   4.7363334427283221e-01	   6.1473052832118191e-01	   4.1212450975984616e-01	   5.6247371416132030e-01	   4.4737311404376429e-01	   5.8612577381874298e-01	   1.1004701970529243e-01	   2.0829113702767865e-01	   9.3231204957814479e-02	   3.7251091258772578e-01	  -3.0164706935970731e-02	   1.5147847556101313e-01	   4.4639155872426683e-01	   5.2506746487739275e-01	   6.1273544362237164e-01	   4.1698919102707099e-01	  -6.7450364084500405e-02	  -1.0420170130784301e-01	
   6.0641146318558903e-01	   4.5259062109305215e-01	   4.5472247794860715e-01	   7.2171137183289880e-01	   5.5923598541565689e-01	   6.8687012891341115e-01	   7.2297820286598835e-01	   0.0000000000000000e+00	   6.6402991502670394e-01	   8.5247591931530531e-01	   6.8153003937427559e-01	   8.1785872844435525e-01	   6.5436247152647087e-01	   8.0579397930428620e-01	   6.2380608216939470e-01	   7.5361408800108298e-01	   5.2666965107458907e-01	   4.7650531253343403e-01	   6.9017077066216281e-01	   5.5228128086900385e-01	   4.4109978096229496e-01	   4.5794837813495937e-01	   4.6521180280178365e-01	   5.7985659229383590e-01	   3.2430324122421700e-01	   3.9865748681811014e-01	   2.7103427510282513e-01	   3.8811873957598897e-01	   4.3646892610026239e-01	   4.9792923058020055e-01	   3.6686802155052189e-01	   5.4065029969889844e-01	   6.1021835084084652e-01	   7.1695660161871111e-01	   2.1594934565963619e-01	   2.7702866800090026e-01	   5.0313046280563289e-01	   5.8868373543491703e-01	   6.1615254770855987e-01	   5.4710239740792788e-01	   3.9514115291688068e-01	   1.8325337228878072e-01	   4.6338781656165806e-01	   4.5867129406279189e-01	   3.6124082020895248e-01	   4.1790188160218733e-01	   5.7381505851125181e-01	   6.3663444529834046e-01	   4.5926334698521881e-01	   4.4109655992395846e-01	   5.5509704166748042e-01	   5.5518549772491887e-01	   5.6645473666850887e-01	   4.2156163272014191e-01	   6.4376939932156352e-01	   6.5208094202036149e-01	   5.0427719683860550e-01	   5.0913863853457675e-01	   5.1789680429855522e-01	   6.0935619478306680e-01	   7.0551963709285559e-01	   8.3719209450903664e-01	   5.9744354286109536e-01	   6.3800917758215459e-01	   5.2679338304335954e-01	   7.4455091321851441e-01	   6.0086503964293592e-01	   6.5864881531727637e-01	   6.3099926735806866e-01	   6.0486060392314667e-01	   2.1766605864633920e-01	   3.2951038760001961e-01	   5.0854763646575751e-01	   5.4962575109060363e-01	   5.0340208392722818e-01	   6.6394436694185310e-01	   3.1423451139168168e-01	   4.1331622181538363e-01	   5.0059302448881449e-01	   5.2852581705588253e-01	   6.2978008168977062e-01	   6.5303455785516207e-01	   4.3964205514238097e-01	   4.7144765612675610e-01	   7.2691950112120518e-01	   7.8027961976249394e-01	   1.5247506205168199e-01	   3.0675860017758494e-01	   6.4647381938127801e-01	   7.3908481474677057e-01	   6.3562477585746646e-01	   5.8979930601756370e-01	   6.2097283036966033e-01	   5.3229311845666094e-01	   2.3148530786317179e-01	   2.5124415422066067e-02	   4.7011880544712725e-01	   4.4593096840896213e-01	   5.0199657994479585e-01	   6.1350306540604338e-01	   3.7536904948829208e-01	   3.6699915458475302e-01	   3.1727543289583410e-01	   4.3614233813418257e-01	   2.2787256161048991e-01	   8.3151909739182350e-02	   2.4881613908502831e-01	   3.8322911267441429e-01	  -1.1932624776064667e-01	   1.8248073846747892e-01	   4.5701687849074557e-01	   5.1275897011253635e-01	   5.8420708572295588e-01	   3.7066584541687270e-01	   6.8328114641663426e-02	  -4.3013714573735221e-02	
   6.3024647281346380e-01	   5.0729700821518586e-01	   5.9772474836426603e-01	   5.2110090357355743e-01	   8.6446289304498358e-01	   6.3697773768528387e-01	   7.3409355856333203e-01	   6.6402991502670394e-01	   0.0000000000000000e+00	   7.9055171705004279e-01	   6.7435016188028385e-01	   6.0232236170805531e-01	   7.4107947416242270e-01	   6.3147244256511503e-01	   7.1319247800176755e-01	   5.9706548270111659e-01	   4.7510624524511769e-01	   4.8461168703119506e-01	   6.5431324339396646e-01	   5.2934313715000825e-01	   4.6920417671006920e-01	   4.6340309129295981e-01	   5.5483640521588595e-01	   4.8958375321495140e-01	   3.7958146353731814e-01	   3.0399076908706629e-01	   4.2559313708414070e-01	   4.6051662006112321e-01	   3.1351196234351608e-01	   3.2373927568799549e-01	   2.3909987864151358e-01	   2.5986680291223452e-01	   5.1409031605810129e-01	   5.0828480023839495e-01	   3.8550559603299195e-01	   3.9405180445606358e-01	   6.1247857185387389e-01	   6.4109463270735190e-01	   6.8433368738857880e-01	   5.9184921166747639e-01	   4.1228743868221424e-01	   2.7514151496709371e-01	   4.6635787203712675e-01	   4.4517151883180239e-01	   4.5795368568019512e-01	   4.2599196028318537e-01	   5.9879266630699335e-01	   6.6094474707102546e-01	   6.2321315967048696e-01	   5.3552013492528072e-01	   6.3107589745748793e-01	   6.0832583965902542e-01	   6.3211233276238510e-01	   5.4676027586552367e-01	   7.3381641716398127e-01	   7.2794275687528820e-01	   4.5230201582065443e-01	   4.2996290117066671e-01	   6.5957284165953634e-01	   5.1721646156501899e-01	   7.1202146313768466e-01	   5.7406440886744936e-01	   4.7530324806853008e-01	   4.0721726164342098e-01	   6.6991598939497943e-01	   6.1661745302798743e-01	   6.1673835886980299e-01	   5.8480664929708714e-01	   6.0779168721813637e-01	   5.4329613989028203e-01	   2.6948216818891957e-01	   3.1421105143307992e-01	   4.6295284905341022e-01	   5.0507810037203171e-01	   5.0122260628613202e-01	   5.6734729403089323e-01	   4.1994186712355830e-01	   4.0828726651255398e-01	   4.5433068466954007e-01	   4.7396795577256828e-01	   5.0181034333238039e-01	   5.7641724322401622e-01	   4.0532223879912110e-01	   4.8565692589467430e-01	   7.5099141275122816e-01	   6.8797130047395560e-01	   2.2159312339209886e-01	   3.2147728726579644e-01	   7.8611433193748437e-01	   7.3376545053322051e-01	   6.6646521942967185e-01	   6.7514834892947939e-01	   6.0354308312251193e-01	   7.2199676018133652e-01	   3.2058995753471431e-01	   8.2927499285650075e-02	   6.5435682036306364e-01	   5.5261481930236978e-01	   5.5697634528321815e-01	   6.3593558807077821e-01	   4.8272181618793020e-01	   6.3370587787294697e-01	   4.8204259728508814e-01	   5.9532975320335813e-01	   2.3249668917291882e-01	   2.3252720973060653e-01	   1.7633628588807149e-01	   3.9803620298263509e-01	  -1.8292244350317350e-03	   2.2812857446835283e-01	   5.8668938177030294e-01	   6.2551105713774735e-01	   6.4366472104118633e-01	   5.3247300178163881e-01	   1.2574166850006763e-01	  -5.8276079144092253e-02	
   5.3056694597603826e-01	   4.4278054988088134e-01	   4.7097767760058090e-01	   6.5579016694689030e-01	   6.0340501459161877e-01	   6.8478999486265879e-01	   6.2843246875459247e-01	   8.5247591931530531e-01	   7.9055171705004279e-01	   0.0000000000000000e+00	   5.9821743865565979e-01	   6.9962385486535017e-01	   6.2870186799167027e-01	   7.3335412804508859e-01	   6.9275905666779236e-01	   7.4918150783794046e-01	   4.2630066966784053e-01	   3.9081373461924318e-01	   5.9764103614230413e-01	   4.3662334494768740e-01	   3.9276419681052221e-01	   4.4232099572559230e-01	   5.5341938209151664e-01	   6.3018681122956322e-01	   3.0923680308452145e-01	   3.6779739091399433e-01	   3.0539428451762762e-01	   3.8398797780012134e-01	   2.5787898108205071e-01	   3.7714757057425263e-01	   2.1031085643245093e-01	   3.6525100521902654e-01	   4.3347737883658777e-01	   5.1315271566420340e-01	   2.5759124675256179e-01	   3.0514598019247163e-01	   5.2655051709264289e-01	   6.1872473714146570e-01	   5.9584564048519129e-01	   6.0897356656687407e-01	   3.1021715457071819e-01	   1.5119622439282673e-01	   4.5442326094019231e-01	   4.4746858750348473e-01	   3.7005498255684388e-01	   4.2479503245503580e-01	   6.0758041592671508e-01	   6.5452621191459426e-01	   4.8832752711153998e-01	   5.1754237605571662e-01	   5.7796405726471933e-01	   5.4073754461611423e-01	   6.4034404575428960e-01	   5.1102188225937184e-01	   6.8737411206178978e-01	   6.9033601510016651e-01	   4.1428774070887908e-01	   4.0378424189890705e-01	   4.7752916979156290e-01	   5.1792149674490717e-01	   5.9894458434094577e-01	   7.4996314680628051e-01	   4.4694635661566473e-01	   4.3445142289991356e-01	   5.9101389469084165e-01	   6.6910696267598124e-01	   4.4830626780783350e-01	   4.9261124187797478e-01	   5.5429298296459151e-01	   4.9503114098057560e-01	   1.9942548273242378e-01	   3.4666115422872423e-01	   4.0786813271540739e-01	   5.1345235987902349e-01	   4.3443016838244380e-01	   6.3183729307129166e-01	   2.7370984104268614e-01	   3.4973976745073965e-01	   3.4707170007513011e-01	   4.7735095242476766e-01	   5.0475338668249992e-01	   5.3237012835360054e-01	   4.1969962203500988e-01	   3.8321960692884693e-01	   7.3591240633178845e-01	   6.9987996595099311e-01	   2.3233441747063532e-01	   3.1420388741487432e-01	   7.2066818416590295e-01	   7.6226627125823887e-01	   6.5534781649651563e-01	   6.1120945932515036e-01	   7.1591348487517026e-01	   6.0033452095824558e-01	   2.7277213820195423e-01	   1.5261605186327670e-01	   5.3945405990108219e-01	   5.5389787469474183e-01	   5.5625118548015107e-01	   6.0354564021264634e-01	   3.7333491562843180e-01	   3.7444358118568205e-01	   3.2892493164923209e-01	   3.9438323567656403e-01	   2.7084309013453700e-01	   1.3802274020915511e-01	   2.1629882819238735e-01	   4.2324392216284151e-01	  -1.0229968184940347e-01	   2.0916377801379865e-01	   4.8527623904010814e-01	   5.7636235909864064e-01	   6.4063195271139128e-01	   4.9505666126457626e-01	   2.1468796659825962e-01	  -2.1108419467292951e-02	
   8.0731029258506637e-01	   6.2702938619885862e-01	   5.2629182151373344e-01	   4.3345827600064746e-01	   5.5776567412165523e-01	   4.1144970315975898e-01	   8.2302608431732827e-01	   6.8153003937427559e-01	   6.7435016188028385e-01	   5.9821743865565979e-01	   0.0000000000000000e+00	   7.4158431397866420e-01	   8.3924910774150596e-01	   7.1315325367052163e-01	   7.1581633744919904e-01	   6.4899950951113372e-01	   6.9592942204361241e-01	   6.6370245862284116e-01	   7.9449354603569944e-01	   6.0013576289218162e-01	   3.6118695214161989e-01	   2.9624996558438793e-01	   4.0792785116929797e-01	   3.2663607308617332e-01	   2.4396958627649715e-01	   1.8421579870288624e-01	   2.2284083173227603e-01	   2.6412690015133988e-01	   6.6443084145476927e-01	   5.5240811324395811e-01	   3.8149380010506800e-01	   3.8411580263285616e-01	   6.7664600947115683e-01	   6.1651406936739939e-01	   1.3836438432776960e-01	   1.1221103489572457e-01	   5.6910135531442929e-01	   4.8431042875815505e-01	   6.3751774681870621e-01	   4.5050711007218724e-01	   4.9465118674487307e-01	   2.5822025958210459e-01	   4.7481921092500295e-01	   4.4823119115657523e-01	   4.5734562309363014e-01	   4.7965374892412388e-01	   5.9103027500846150e-01	   5.9934676556965849e-01	   6.4374654066208536e-01	   5.1436956423140046e-01	   6.5259334696547167e-01	   5.6792657245291456e-01	   6.3436222716921675e-01	   5.5017113973402765e-01	   7.1401005696400266e-01	   6.9933545464232971e-01	   6.3865870451085560e-01	   5.9341589631293890e-01	   6.3843672898284609e-01	   4.4296307971700682e-01	   8.1120090148283075e-01	   4.8681262846037887e-01	   8.2851242592970875e-01	   7.0519951794061830e-01	   5.0126774340901448e-01	   4.4943970206211681e-01	   6.2786783060778606e-01	   5.6605086598189280e-01	   5.9245080683062445e-01	   5.0015876231156753e-01	   1.8798777950262879e-01	   1.4772042692484705e-01	   5.4107265691338813e-01	   5.0154608341075790e-01	   5.6177662644045556e-01	   5.7944509127147215e-01	   4.3541508621078595e-01	   3.4833381232646121e-01	   6.6518124841619430e-01	   5.4471950233237487e-01	   6.5479103515417925e-01	   7.2629863833120067e-01	   4.9046037651252605e-01	   6.5546723600718770e-01	   7.2701339756773664e-01	   7.3433701433694998e-01	   1.4463556358442356e-01	   2.7022529463565836e-01	   6.9717412739124907e-01	   6.0858234701695513e-01	   6.2972050253843970e-01	   6.3427824437406033e-01	   4.7953734454701646e-01	   6.0835766609509145e-01	   2.1923641046119663e-01	  -5.0154473545048955e-02	   4.4487491494684173e-01	   3.7178790554257612e-01	   6.0436968361523946e-01	   6.6617861070988094e-01	   4.5585073659076419e-01	   5.7616875828107683e-01	   4.5589133412465754e-01	   5.8387710096906109e-01	   1.7026066262248926e-01	   2.3380656247906442e-01	   1.8621399139834413e-01	   3.2772729822056268e-01	  -2.0231746733867045e-02	   1.6409907445533251e-01	   3.9228400138225378e-01	   5.7942557749636203e-01	   6.4227936634858984e-01	   3.3068201633063321e-01	  -7.7659062109832228e-02	  -6.0526066585793618e-02	
   7.0309234833157030e-01	   6.1718362230564272e-01	   2.4835595081260231e-01	   4.5069962061004032e-01	   4.5830757220042545e-01	   4.7802708388253801e-01	   5.4867888785633401e-01	   8.1785872844435525e-01	   6.0232236170805531e-01	   6.9962385486535017e-01	   7.4158431397866420e-01	   0.0000000000000000e+00	   7.5979963574492104e-01	   9.0122771812779012e-01	   5.7451003918582189e-01	   6.3061685493376285e-01	   6.6202455016704009e-01	   6.6043460465168768e-01	   6.3169423745700670e-01	   6.1541161167384617e-01	   2.7792079622155613e-01	   2.7810782070579965e-01	   2.7044555979052692e-01	   3.5223628134193463e-01	   9.4493400990961346e-02	   9.2997357506148820e-02	   1.4714810483019372e-01	   1.9251830482181420e-01	   4.8099538824610444e-01	   5.5723894794583573e-01	   1.6288306812975209e-01	   3.2680716621432154e-01	   5.5005696048413655e-01	   6.5019234161793671e-01	   3.9672803802102488e-02	   9.6860736112596948e-02	   5.4008104721810779e-01	   5.2375717532166566e-01	   5.5224268224529016e-01	   5.0847647524411976e-01	   4.4887249738183960e-01	   2.0974443386654729e-01	   4.3950201167697089e-01	   4.5177233865407695e-01	   2.8660475131163832e-01	   3.4907276548956251e-01	   5.4727011901203715e-01	   6.0499624279685182e-01	   4.6873445703958511e-01	   4.5351558859008906e-01	   5.4649431238090485e-01	   5.4819477134774841e-01	   5.4241257534778731e-01	   3.1307995772742880e-01	   6.0247617622680105e-01	   5.5946551986405879e-01	   5.9660254941264035e-01	   6.5914396279078802e-01	   5.9806680357670583e-01	   6.6700300214834074e-01	   7.3085623303378544e-01	   7.2018080641152815e-01	   6.5057587276241069e-01	   6.5037573475411392e-01	   3.2645524975062501e-01	   5.9519386318292677e-01	   5.3953939800727846e-01	   5.7864475113320935e-01	   6.8574824767701104e-01	   6.4788140957235263e-01	   9.3993589977648589e-02	   1.7845157463070851e-01	   4.9648537165282719e-01	   5.4845438786129308e-01	   4.7396432886103534e-01	   6.5487199570293375e-01	   3.4586085245228848e-01	   4.7954600031485395e-01	   6.2611228641177963e-01	   6.0518305880169398e-01	   7.1762674406699445e-01	   6.6392135922224349e-01	   3.0181432309380474e-01	   5.0428204399620302e-01	   6.3502861892987883e-01	   7.4750002873806687e-01	  -7.0201870751591105e-03	   2.3409800695455865e-01	   6.3704150252698355e-01	   7.1583911552851132e-01	   5.8646234590842083e-01	   5.3648347000807473e-01	   5.1946564424209318e-01	   4.7683983283923720e-01	   2.9955333796086120e-01	   8.5136372029369550e-02	   4.9289799357201214e-01	   4.3863521263798644e-01	   5.0500884898826837e-01	   5.5714976045643927e-01	   4.0343486849287363e-01	   4.1907081100785770e-01	   3.6317562040471957e-01	   4.5138634823334095e-01	   2.1241420427662328e-01	   6.8757831212165832e-02	   2.9206679274082592e-01	   3.8813071978428604e-01	   6.5807287029142972e-02	   2.6452486198688924e-01	   4.6394491256496551e-01	   5.1613348545894333e-01	   5.3673048803168588e-01	   2.7701276871257824e-01	   2.4758017793069787e-02	  -3.0854840851494328e-02	
   7.4925452361204936e-01	   5.4036604714503622e-01	   4.6464501506804734e-01	   3.6968010191327011e-01	   6.2331118511321482e-01	   4.9027548374627777e-01	   7.3255935322957244e-01	   6.5436247152647087e-01	   7.4107947416242270e-01	   6.2870186799167027e-01	   8.3924910774150596e-01	   7.5979963574492104e-01	   0.0000000000000000e+00	   7.9925443818307718e-01	   7.1384728327952329e-01	   5.5298630532131576e-01	   5.3547852089450332e-01	   5.3853413606045486e-01	   6.1317879870158598e-01	   4.7669722532302444e-01	   3.2081523568476356e-01	   2.8329053047879460e-01	   4.1506511881058183e-01	   3.6885382784993870e-01	   1.6663818059744406e-01	   6.9743117575713137e-02	   3.3326491602182662e-01	   3.1051638858226183e-01	   3.9194956195112945e-01	   3.2777511871416531e-01	   1.6828233821720029e-01	   1.8378021637433556e-01	   5.1921876664761246e-01	   5.0747648835957881e-01	   1.2174982820600017e-01	   1.5252388820003895e-01	   5.6717624772008746e-01	   5.2097463236833852e-01	   6.2455519636707990e-01	   4.8037633761311377e-01	   3.5385725632426240e-01	   1.8707407412053595e-01	   4.3335460693044614e-01	   4.5383056395950921e-01	   3.3025403972602008e-01	   3.3983742888861701e-01	   5.2632125040756839e-01	   5.8746881598504885e-01	   5.9573763448923789e-01	   5.0443734910220039e-01	   5.7676382867538367e-01	   5.5166752208783731e-01	   5.2916707185637291e-01	   4.0880183662775760e-01	   6.4882232430059150e-01	   5.8692517786157239e-01	   4.7707464829097662e-01	   5.0605677027169782e-01	   7.8426212544326901e-01	   5.6461798033640420e-01	   8.6321400917307833e-01	   5.3619825788114861e-01	   5.7447052164321732e-01	   4.4904341522181124e-01	   4.7637672012668797e-01	   5.2656644175954792e-01	   5.7077380377545972e-01	   5.2307294123387038e-01	   5.7210850400392232e-01	   5.0472871185489343e-01	   2.5606164599937509e-01	   2.2612517603934390e-01	   4.6581859964104683e-01	   4.2066021653483887e-01	   4.9408149920402766e-01	   5.3196571055717357e-01	   4.0801384494882431e-01	   3.5302175661194657e-01	   5.2836041274397672e-01	   4.7149703122979442e-01	   5.4676609856568015e-01	   6.1662877927875159e-01	   3.2477535351197262e-01	   4.8083703839404357e-01	   6.7282859470462597e-01	   6.6940412074520694e-01	   1.6774529828390988e-01	   3.4449017045739211e-01	   8.3040271939115695e-01	   6.6076075411101720e-01	   5.6493817249757838e-01	   6.0578178968271756e-01	   5.2487783315705405e-01	   6.2518253969849991e-01	   2.6113684973777035e-01	  -7.5208073540767154e-02	   5.2663502472867529e-01	   4.4690888861579370e-01	   4.3031003729965256e-01	   5.1369552729894630e-01	   3.9799195022673917e-01	   5.1463201968763550e-01	   3.7016031410087036e-01	   4.7067471975513020e-01	   1.3599855390892324e-01	   1.5954607067756008e-01	   6.1324245983601311e-02	   2.7750797940482563e-01	   1.1494234722976823e-01	   2.0445227231491231e-01	   4.7862416602215596e-01	   5.0440128237945281e-01	   5.7800752627385421e-01	   3.2375402921083463e-01	  -1.5360943294660003e-02	  -1.6144298491683073e-01	
