   0.0000000000000000e+00	   5.3392998146634596e-01	   4.1594657349116748e-01	   1.0768359984593537e-02	   2.9507496367459940e-01	   1.5500379152692192e-01	   5.9405996261596028e-01	   9.6627910236612019e-02	   3.6794237928887452e-01	   1.9412993457098232e-01	   8.4204099005989685e-01	   4.9946603979655690e-01	   5.6452852297438683e-01	   4.4997752571284672e-01	   2.7014669947150022e-01	   6.1801507520025278e-02	   4.0528747009876509e-01	   3.5931951498542480e-01	   7.5075516202446635e-01	   5.9004213247208326e-01	   1.0549154648989437e-01	  -5.4729901173292392e-02	   1.8182647417249026e-01	  -1.6327335246368915e-01	   5.3168572915024831e-02	  -1.4618264000399783e-01	  -2.3753889754760307e-03	   4.5474984956902748e-02	   4.5745101294793822e-01	   3.6628216158579863e-01	   1.0363380486601197e-01	  -6.3910338572473413e-02	   3.7425202127224277e-01	   1.2524039265354045e-01	  -9.8703202622259872e-02	  -2.0475288832015914e-01	   5.0589176414239378e-02	   1.5546914822553870e-01	   2.0979915131155424e-01	   2.4470156015747449e-01	  -8.9932962805397518e-02	   7.4350215890239851e-02	   4.7273678214391152e-01	   4.8152082989460565e-01	   3.1239171784506092e-01	   2.2713765483492487e-01	   5.1578618243727736e-01	   5.3319521830889471e-01	   4.2601801347942481e-01	   6.3881605165991129e-01	   1.6980697792149180e-01	   5.5089432256028315e-01	   2.8413880696024474e-01	   4.2632155639359126e-01	   3.5283120772720966e-01	   4.2809628521398924e-01	   5.9332378590498314e-01	   2.7761922310348058e-01	   4.0329444644330292e-01	   3.4415713091483818e-01	   2.9674425044466612e-01	   1.6629406489725496e-01	   2.8928401565394030e-01	   1.8949209881101048e-01	  -3.7744916413185059e-02	  -1.1438074335557383e-01	   2.7624088053028623e-01	   2.4147971573760507e-01	   4.2701210644383114e-01	   4.1839113784269305e-01	   2.8039576822690193e-01	   1.8769892484925793e-01	   4.0257318012098275e-01	   3.4777725334522125e-01	   4.4126147718486342e-01	   4.9880170685107311e-01	   4.4012976161269679e-01	   3.4241118584992275e-01	   1.0877388645811545e-01	   2.8146946776657333e-01	   2.9614425804269279e-01	   3.1544724786664236e-01	   5.8361015815555928e-01	   3.2300875501878373e-01	   4.8446105421849417e-01	   3.0825692915069475e-01	   4.2382916304427209e-01	   1.7471924027431546e-01	   4.0422981558087379e-01	   4.3600812239754511e-01	   3.5267191205196202e-01	   4.6882719150234420e-01	  -8.0137701841598782e-02	   7.0200123733688086e-02	   1.7587177390967507e-01	   3.2693740725182296e-01	   4.4264888986888823e-01	   3.7879977596283937e-01	   4.4295784869859317e-01	   5.4070281802589870e-01	   3.4013243225044210e-01	   3.7032288336149288e-01	   2.7032743937715981e-01	   3.5720804383578714e-01	   1.2957579370899278e-01	   1.5652852579053797e-01	   2.3577457265644136e-01	   1.6171467417137522e-01	   7.5724539269727928e-02	   7.0698807273431488e-02	   4.1336860237894957e-01	   5.4523045505754730e-01	   5.9746650502255028e-01	   3.8525974636672200e-01	  -3.5491648198826664e-02	  -8.8885170073736627e-02	
   5.3392998146634596e-01	   0.0000000000000000e+00	   2.2666230159388734e-01	  -4.6224079665969968e-02	   9.6512888599746827e-02	  -7.6532552659914085e-02	   2.2556626171733793e-01	  -6.1028223685122285e-03	   1.4652629787825600e-01	  -1.3972360013258090e-02	   4.1073721220245596e-01	   4.1495695364296703e-01	   2.4062345004065031e-01	   2.6056719765117614e-01	   9.6581395914880921e-02	  -1.8854508843282408e-02	   4.3017561898677847e-01	   4.9442115382118607e-01	   5.0991071650114761e-01	   5.8588417923881309e-01	  -5.4126165458631609e-02	  -1.2276074822122013e-01	   1.5798516392473011e-01	  -1.3741029533304322e-01	  -7.3105032636272341e-02	  -2.6593889525813363e-01	  -9.9002224184888715e-02	  -1.6189855550398199e-01	   3.7717744991351038e-01	   3.8579009414252941e-01	   1.9234911652856762e-01	   4.9631274680673944e-02	   3.0689267623195071e-01	   2.3910762568807201e-01	   1.0354786116054098e-02	  -1.0166827803146258e-01	  -3.9631411396217602e-03	   1.6631015641816474e-01	   8.3191388464122093e-02	   1.8307094957356734e-01	  -9.8850526442089276e-03	  -1.5120311899708687e-03	   4.1922702575691972e-01	   5.2066232270644908e-01	   3.2586173584340461e-01	   3.2350221556560099e-01	   4.9980957604264731e-01	   4.9400327324665189e-01	   3.8358622950574295e-01	   5.6668203623498448e-01	   1.1044678744966266e-01	   4.3150299186147500e-01	   3.2814666371697521e-01	   4.2820635623027770e-01	   2.5345828098709761e-01	   2.9844743077878028e-01	   4.3630777472719817e-01	   6.8861680011034809e-01	   3.5418100837755463e-02	   1.7010073497678488e-01	  -3.9073391643256999e-03	   4.5046424171791319e-02	   8.7233743261602686e-02	   1.4988650585781427e-01	  -9.7112407534587691e-02	  -1.7846460517412627e-01	  -2.4182512703805562e-03	   2.3268150619482123e-02	   2.7872916351045429e-01	   4.8670328074726810e-01	   7.9980233357385550e-02	   9.3405296659216430e-02	   2.5130968617952726e-01	   3.1556934993708963e-01	   2.7427291754974148e-01	   4.1184098608130282e-01	   3.1489591499730829e-01	   3.0262996850156149e-01	   1.8627383838723383e-01	   3.1498014649642336e-01	   3.1433150307361057e-01	   3.5807390459810762e-01	   4.0685291971819382e-01	   3.9829189672866505e-01	   2.7598787751067999e-01	   2.3221718845748271e-01	   2.9298710831464475e-01	   1.3271008485116623e-01	   1.9025365056652654e-01	   2.3412010529774013e-01	   2.3491781118986008e-01	   1.9351208238036599e-01	  -4.9091007883261817e-02	  -3.1576699675834936e-02	   1.9670889292957494e-01	   1.9972290810897755e-01	   3.5876630474230886e-01	   1.3072593838789681e-01	   3.8549569984195092e-01	   3.3650299700105424e-01	   3.6164319206804496e-01	   1.3092758434788007e-01	   1.9078152668244330e-01	   1.6953393210560519e-01	   6.0541445313571932e-02	   4.2769834105617043e-03	   1.0453282459566189e-01	  -1.1339271221631389e-01	   6.2084009022748785e-02	   1.1841490613882916e-01	   3.2032364707310595e-01	   4.9982186902512621e-01	   4.9220952983097788e-01	   4.6487764307643387e-01	  -6.5292304776454506e-03	  -5.3107368170776298e-02	
   4.1594657349116748e-01	   2.2666230159388734e-01	   0.0000000000000000e+00	   4.3435182275183448e-01	   7.4799637690329512e-01	   5.1050931038154235e-01	   7.3250489375893235e-01	   2.5086376890673029e-01	   6.1234895701787595e-01	   4.0712420332227189e-01	   3.3366633970343573e-01	   8.1475912281817303e-02	   4.5906700485921925e-01	   3.1976585556830095e-01	   6.4186338174361568e-01	   4.6209283165497983e-01	   3.5773598169049660e-02	   9.1862853971765218e-02	   5.3455532579130904e-01	   4.5076862403257184e-01	   4.4259598813187856e-01	   2.4795133294714911e-01	   8.4866856663020596e-01	   4.8523167445989135e-01	   7.0515753310394402e-01	   3.9805672055561847e-01	   5.4371623671135416e-01	   4.0591018979272220e-01	   3.3286869838024435e-01	   2.5535531670907941e-01	   5.4631247669887872e-01	   3.6762136291213410e-01	   5.5572889642633094e-01	   2.9569572607120831e-01	   4.8010827884449792e-01	   2.0104653936514877e-01	   3.4144927179274143e-01	   3.0364471691212036e-01	   4.6007085736112574e-01	   3.8155084725358873e-01	  -3.8254777683466412e-02	   1.3583280786101692e-01	   6.7106750221887312e-01	   5.1489699156358326e-01	   5.3863858188901559e-01	   2.1365973921929160e-01	   5.9652742620836463e-01	   5.5447587960414835e-01	   5.3351665665307646e-01	   4.1587869924262799e-01	   4.2804528379049200e-01	   4.4135699608680745e-01	   2.3663407913935824e-01	   5.0244404739177451e-01	   4.3042339877874275e-01	   4.3713150389648259e-01	   3.1249267317057933e-01	   2.6188245105163882e-01	   2.3916150291130850e-01	   3.2393159486105316e-01	   1.2265611774577666e-01	   1.6389613293247918e-01	   4.6977503800527849e-02	  -4.9497187427430936e-02	   4.2961092812738311e-01	   2.3598451622257197e-01	   4.6246125366625368e-01	   3.3721628730402087e-01	   6.8770174812230822e-01	   7.2515560216250008e-01	   5.3493916851609058e-01	   3.7358887271320612e-01	   3.4775771211655127e-01	   2.8022517207137443e-01	   4.2469361092033597e-01	   3.6138157862627485e-01	   4.5532963001076066e-01	   4.1954901806270672e-01	   7.2632206678970822e-03	   2.4538657309932391e-01	   7.4686235261265319e-02	   1.2673953562294737e-01	   5.0898801802944826e-01	   4.4888619740082791e-01	   6.0853928626159359e-01	   3.9126815912279139e-01	   5.7205535220678683e-01	   5.5542520343135005e-01	   5.6606737497534754e-01	   5.1853824346604482e-01	   5.4824970480227997e-01	   6.8258167093879563e-01	   1.4658753133766819e-01	   4.8602992354102659e-01	   5.6002125195143977e-02	   3.1643523247707334e-01	   5.7459246200619996e-01	   3.5075910344251260e-01	   4.2320083565298494e-01	   4.7670171178284626e-01	   3.1567955272060311e-01	   4.5691261465377520e-01	   3.0670071043053027e-01	   3.4656211838950846e-01	   6.2715359887398875e-02	   2.4569940488777342e-01	   2.8711325876288307e-01	   4.1665834433459625e-01	   3.0798272922131048e-01	   9.8286259279426552e-02	   5.3113782359339445e-01	   4.6757396399240253e-01	   5.0319074397103347e-01	   3.5626508846423954e-01	   9.3376792512017401e-02	  -6.4413578962266738e-02	
   1.0768359984593537e-02	  -4.6224079665969968e-02	   4.3435182275183448e-01	   0.0000000000000000e+00	   5.6945892544788390e-01	   7.3373797863943158e-01	   4.3866958922777499e-01	   7.7583176384027208e-01	   3.7624254617030439e-01	   4.2321378555329514e-01	   6.2700683437957622e-02	   1.1929518572972661e-01	   1.6815982799215601e-01	   3.0785007158603661e-01	   3.5035087636800732e-01	   5.5114367281696564e-01	   1.4520268389654811e-02	  -1.8472303847402314e-02	   4.7677534846892536e-02	   1.7385458006418947e-01	   4.8638199780646685e-01	   5.5061025327511393e-01	   4.4407843175838724e-01	   7.1541333753454595e-01	   6.1063535660559143e-01	   7.5984630384400709e-01	   5.5182306562061445e-01	   6.4350346626060906e-01	   1.1869169615956424e-01	   2.5334909572424136e-01	   3.7772669889234428e-01	   5.4939718847840913e-01	   4.4719100519659727e-01	   5.5589885074798051e-01	   6.3736334005009199e-01	   5.9550796211480361e-01	   1.7426407582435280e-01	   2.7128720622998681e-01	   3.1228252277628515e-01	   3.4771197074037602e-01	  -1.1752327494578974e-01	   1.5793491496995243e-01	   3.8732745102804744e-01	   2.9891185730964970e-01	   5.1242437602760926e-01	   3.6190413885760553e-01	   2.9522308454026663e-01	   3.6446704870886709e-01	   3.1674100711722653e-01	   1.4459866494319376e-01	   4.0158762843186308e-01	   2.8358931608618343e-01	   1.1375125980461893e-01	   2.0248791833308782e-01	   2.9451181919604785e-01	   3.8808285067230536e-01	  -5.6065168398618651e-02	  -3.7583740588439996e-02	   9.8851919860866166e-02	   5.6657373825837049e-02	   2.3311375199538598e-01	   4.7867153101016013e-01	   1.1742528124007684e-01	   1.7796787651103049e-01	   5.4629356078086710e-01	   7.2833169034319245e-01	   5.2830722977538536e-01	   6.0801720564917705e-01	   4.0078825197659651e-01	   4.8596486084373069e-01	   2.0049582907851915e-01	   4.2866170880288124e-01	   1.3753865030820020e-01	   2.1088230327792734e-01	   1.6298941948874754e-01	   2.7014173522276153e-01	   2.5478746978762046e-01	   4.0885297173553192e-01	   9.3709499122962961e-02	   2.1753583795543779e-01	   1.0271841376768254e-01	   1.6507957176888222e-01	   1.1746258756600816e-01	   3.4168268231024401e-01	   5.0259198221961110e-01	   5.7386673975132096e-01	   8.1891175957673496e-03	   4.5228512387811615e-01	   3.7458176982044500e-01	   4.3622377428136100e-01	   5.1886902213897179e-01	   2.0632211809914200e-01	   5.2421953494656814e-01	   2.1199164280353655e-01	   1.7327561451820472e-02	   2.4467468499716494e-01	   3.8376109435933370e-01	   2.5056888139453892e-01	   3.0827482951346297e-01	   1.4880033050232003e-01	   3.0152876630828063e-01	   4.0465415529819984e-02	   2.0774983464157643e-01	  -5.6489544509846293e-02	   2.2307428547253166e-01	   1.2291807701244849e-01	   2.7134878253052036e-01	   2.8277041513120993e-01	   9.2995911880433518e-02	  -1.0516797177909473e-01	   3.5798793379017768e-01	   2.3103458250266656e-01	   3.2802429211698170e-01	   3.2974851447912168e-01	   2.1551601792088892e-01	  -8.1349316593407939e-02	
   2.9507496367459940e-01	   9.6512888599746827e-02	   7.4799637690329512e-01	   5.6945892544788390e-01	   0.0000000000000000e+00	   7.8606435392949348e-01	   7.8633657630951104e-01	   4.8190717031954533e-01	   8.7710770704984609e-01	   6.8304833916584662e-01	   2.9425678589891602e-01	   7.1512838258808817e-02	   5.4685891159556232e-01	   3.3920039196484858e-01	   7.4440529040446002e-01	   5.8801362288587888e-01	   1.8149920760901064e-02	   1.0283027485483687e-03	   2.2761999621244458e-01	   1.7874919064534753e-01	   4.9047640260556313e-01	   3.5576770890786585e-01	   6.5159791395620070e-01	   4.4972488986255182e-01	   6.9487149879794030e-01	   6.1599021463763437e-01	   5.6940910364969266e-01	   6.0140765727246948e-01	   1.8985773554515550e-01	   1.8835569314172101e-01	   2.6925630971442605e-01	   2.2946175693457183e-01	   4.0465501155871175e-01	   2.8107044863429997e-01	   4.1978787524421768e-01	   2.1050098243572032e-01	   2.2710526505753506e-01	   2.3825741383820631e-01	   4.2448908388607098e-01	   2.9498046824789248e-01	  -1.5961243913936884e-01	   2.0699263476584245e-01	   5.2325986226869925e-01	   3.8642955568975740e-01	   4.9744091538355090e-01	   2.4779392257044919e-01	   4.2675432085804837e-01	   4.3370185828787272e-01	   4.6351157033634149e-01	   3.3635756585210175e-01	   5.4774397639277539e-01	   4.8896999208385800e-01	   1.7459959062237906e-01	   3.7225203898769466e-01	   4.4923268472088940e-01	   4.6491835613904331e-01	   1.5106449340232825e-01	   5.9745805596474258e-02	   3.3134627467516325e-01	   2.0822165334378959e-01	   4.5987314725429518e-01	   4.5433276379656529e-01	   1.5601887163299549e-01	   1.0310630694708803e-01	   6.4368532124815836e-01	   5.0233234572017638e-01	   6.1693773945914510e-01	   5.1623001776407418e-01	   6.1248170501764210e-01	   6.1269720693888052e-01	   4.2265040823018130e-01	   3.3009218197137064e-01	   2.0812792203423186e-01	   1.6939927458298626e-01	   3.2307537203350289e-01	   2.8206317968536621e-01	   3.3230766128292172e-01	   3.7208920680398472e-01	   7.5181081944780737e-02	   2.3562489258773836e-01	  -1.4203279146389089e-02	   9.7882646325200953e-02	   3.4378175266947641e-01	   2.8237738551910629e-01	   5.3408552061866366e-01	   3.4161078487135205e-01	   2.7007107853993229e-01	   2.8482255143778712e-01	   6.4743829715559631e-01	   5.1387604985095714e-01	   4.7055817234931607e-01	   5.8137136563117775e-01	   2.4962289992748468e-01	   5.4297867944891109e-01	  -3.1223849735527512e-02	   2.7678522965763330e-01	   4.7671849081606721e-01	   3.0654524489845963e-01	   3.4040844728298814e-01	   3.5928583510859846e-01	   1.2960544697261761e-01	   4.1141798345715530e-01	   2.1635327170671043e-01	   2.7561222290833787e-01	   1.0785941270637919e-01	   2.8581590100659909e-01	   3.2851116512231443e-01	   4.2387384029502595e-01	   1.2252232353887452e-01	  -1.3519046935863513e-01	   3.5922749415683242e-01	   2.8270034712232911e-01	   3.9657131123981426e-01	   4.3581677425060850e-01	   2.9943918416687615e-01	  -7.9372889367965660e-02	
   1.5500379152692192e-01	  -7.6532552659914085e-02	   5.1050931038154235e-01	   7.3373797863943158e-01	   7.8606435392949348e-01	   0.0000000000000000e+00	   5.6606777093191663e-01	   5.7909678814848520e-01	   6.5204550594529465e-01	   8.6614502063960064e-01	   1.6516704887498129e-01	   1.6765535136681681e-02	   3.4498964085198175e-01	   2.6912807227003177e-01	   5.2718709663870256e-01	   5.7004587470332557e-01	  -6.9780795954869496e-02	  -8.3235063100222217e-02	   8.0038846291612314e-02	   8.0674203743147752e-02	   4.2270285535099988e-01	   4.2352977731351976e-01	   4.1800299022158027e-01	   4.7696320758626110e-01	   6.7701849146531357e-01	   7.7692840118417361e-01	   5.8235751736090846e-01	   7.2766022260102892e-01	   6.5741038394610055e-02	   1.2737693926523297e-01	   2.1321757796490862e-01	   2.6813220873139360e-01	   3.0128488063642545e-01	   2.9803046171043240e-01	   4.8100426895025750e-01	   3.5601566374549265e-01	   2.1505468917321102e-01	   2.0737988802944451e-01	   3.5138839643757414e-01	   2.6972188024900395e-01	  -2.1600533546388140e-01	   2.3188935843319991e-01	   4.4463775953408635e-01	   3.2189787252222191e-01	   4.3677837885651688e-01	   2.3875942586871379e-01	   3.1693682359651609e-01	   3.4004664415239760e-01	   3.5339650292787789e-01	   2.2656035291992138e-01	   4.5002019074834548e-01	   4.0279057905566235e-01	   9.8425588043511536e-02	   2.6406159452393191e-01	   2.9778624279947652e-01	   4.0050206665885646e-01	   7.1438622682295366e-02	  -3.2157533247982213e-02	   2.1827300238936420e-01	   1.3760561139399177e-01	   3.0706672480186303e-01	   4.1716156068120414e-01	   6.3035589907718390e-02	   3.8761221640070016e-02	   5.3310622855535872e-01	   5.8112655441149197e-01	   5.3459015114601238e-01	   5.1902023286887933e-01	   4.7003466122895665e-01	   4.4466397380762079e-01	   2.9543760022446308e-01	   3.5467283719208376e-01	   1.0198957155446961e-01	   1.3188934965942553e-01	   1.3660502199489255e-01	   1.9801908002269147e-01	   1.7902402935733233e-01	   2.9204971867371021e-01	   6.1450304151634182e-02	   1.6588273857960356e-01	   1.1038719714473648e-02	   4.1197048827061510e-02	   9.8447020054236334e-02	   1.7499099100968529e-01	   4.2926864703370204e-01	   3.5319899238668012e-01	   6.8590414181989821e-03	   2.5405102889549591e-01	   4.2195501331500967e-01	   3.7424754108094255e-01	   4.0016747391881513e-01	   3.5841594154058443e-01	   3.2058701857717437e-01	   3.3530875445167069e-01	  -2.7739705231184737e-04	   2.7750246469076600e-01	   3.8621091855019340e-01	   2.9992300968567764e-01	   2.1106265661426660e-01	   1.9823127559929637e-01	   8.5246798311494454e-02	   1.7080126597909034e-01	   1.3145857363465399e-01	   6.4308294548852299e-02	   1.6370161466940164e-01	   2.1188571798872244e-01	   2.4678432771569520e-01	   3.6690914630737648e-01	   1.4397976173839472e-01	  -1.7760291023576699e-01	   3.2636685337068472e-01	   1.5326388755360731e-01	   2.4306695078007601e-01	   3.0588180347763216e-01	   2.8883513571495900e-01	   1.3875500598799649e-03	
   5.9405996261596028e-01	   2.2556626171733793e-01	   7.3250489375893235e-01	   4.3866958922777499e-01	   7.8633657630951104e-01	   5.6606777093191663e-01	   0.0000000000000000e+00	   5.6221865184880992e-01	   7.2418322910681276e-01	   4.8130395259034975e-01	   6.1849930684656329e-01	   3.8725602243594398e-01	   7.5560888716468222e-01	   5.8645858460185007e-01	   7.2496356681822793e-01	   5.2861913269027694e-01	   1.6653652567652727e-01	   1.3705486773549391e-01	   4.8134326729625754e-01	   4.1096615037044193e-01	   4.7158956348056735e-01	   2.4630310901767472e-01	   5.6692967720114229e-01	   2.8388821794428781e-01	   4.0156013089410614e-01	   2.9169627907797285e-01	   2.6801975714634990e-01	   3.5890432128124050e-01	   4.3568180451123900e-01	   4.0130003113623181e-01	   3.4216671178047342e-01	   2.6577087472588612e-01	   5.2418978709195385e-01	   3.3799828445125524e-01	   1.8240119026613938e-01	  -1.1507019020054833e-02	   1.3654165720477249e-01	   2.0728260911910384e-01	   3.5952178326333512e-01	   2.8775586032502165e-01	  -9.8684959229905542e-02	   1.2201997276516804e-01	   4.5583351434177494e-01	   3.8503519251455076e-01	   4.4023779811408431e-01	   2.2664801133495879e-01	   4.6771011798848883e-01	   4.9085111905020273e-01	   4.9669296844425748e-01	   4.6468675287029315e-01	   4.7979264176750613e-01	   5.0831284602906812e-01	   3.1638189515973647e-01	   5.2158928920274372e-01	   4.2894311903667903e-01	   4.7881478438981745e-01	   2.7688773957181101e-01	   7.9880878949572076e-02	   4.2863193324086796e-01	   1.6964964424758888e-01	   5.5192066951106189e-01	   5.0545021475258933e-01	   2.6400619707999173e-01	   2.8325454110522941e-01	   5.6237331487817654e-01	   3.4478851549513856e-01	   5.2937109160713969e-01	   4.1977372539300883e-01	   6.2539611415049690e-01	   6.1853244452613332e-01	   5.4359436594551447e-01	   4.4136186833220770e-01	   4.5581966347741698e-01	   3.9562640514710457e-01	   5.1749371256252541e-01	   5.0344967285608633e-01	   4.8155213325671775e-01	   4.6781947628901266e-01	   8.4946883198144751e-02	   3.1510611862056193e-01	   8.9968284549806460e-02	   2.4797446036512705e-01	   5.7677568995329254e-01	   3.8006373990390219e-01	   6.2250531219690286e-01	   4.6405541800104327e-01	   3.1732407526038231e-01	   2.6256574187856879e-01	   6.2135213543021517e-01	   5.6660602769137847e-01	   5.0440733252896175e-01	   5.9157455880146848e-01	   1.9022671768303914e-01	   4.1982642501174056e-01	   1.0139508781032000e-01	   2.6239843912372074e-01	   4.4316865503158676e-01	   2.7072745394328779e-01	   3.8004856256778941e-01	   4.2393592140010705e-01	   2.6922609411386650e-01	   4.8438033636387362e-01	   2.1094619364998457e-01	   2.8622730687596065e-01	   6.9468572451553169e-03	   1.4647422020495160e-01	   3.2350923991130826e-01	   3.9056486361366227e-01	   1.6586166766243848e-01	  -1.9509055992166489e-02	   2.6166343450275825e-01	   3.1368479921856146e-01	   5.2534439549059342e-01	   3.9473489027120645e-01	   2.1181765813338194e-01	  -2.8661575424477150e-02	
   9.6627910236612019e-02	  -6.1028223685122285e-03	   2.5086376890673029e-01	   7.7583176384027208e-01	   4.8190717031954533e-01	   5.7909678814848520e-01	   5.6221865184880992e-01	   0.0000000000000000e+00	   3.4119816501994316e-01	   3.5283145244602843e-01	   1.8969530830242676e-01	   4.9339219326696343e-01	   3.3494375671092930e-01	   6.2000470457434576e-01	   4.6856507526140090e-01	   6.7612427759085336e-01	   2.7285256679971487e-01	   1.8309268334443096e-01	   4.6780611097948982e-02	   2.1160833938185275e-01	   4.7088231232028499e-01	   4.9169582642734566e-01	   2.7764633151754442e-01	   5.2541992104161495e-01	   2.4083328327484119e-01	   4.6486904035353682e-01	   2.5909083577331993e-01	   4.8844508235370265e-01	   3.5528754022594178e-01	   5.4913971887388680e-01	   3.3865913974697315e-01	   5.3669065581092190e-01	   4.2034934905898558e-01	   6.3271423071366284e-01	   2.0695952820924651e-01	   2.1608770527014609e-01	   6.2783548211478371e-02	   2.0462487665159387e-01	   2.7693939419251112e-01	   2.9640111441170724e-01	  -5.0033128802879412e-02	   1.9842430180066914e-01	   2.2192870878630214e-01	   1.6214579040940924e-01	   3.8503326654476033e-01	   2.9046924759690279e-01	   2.3798951785557843e-01	   3.3878915786932795e-01	   2.6508533843686072e-01	   1.6887984537704265e-01	   3.1025532635116010e-01	   2.2307058451322709e-01	   3.1046679717831782e-01	   3.4117560442692296e-01	   2.8983942152108955e-01	   3.8565607806031532e-01	   3.7181463834009942e-02	  -1.5951136157185483e-01	   2.2714087756008838e-01	  -9.3611850043178235e-02	   5.5214830406845894e-01	   7.8160406201860066e-01	   3.3195745413606542e-01	   5.4745649411038810e-01	   6.3138436408593068e-01	   6.7167838581973860e-01	   3.3236196680542074e-01	   3.8999405062386833e-01	   4.2409931180446170e-01	   3.7897611658625618e-01	   2.3882647533401913e-01	   4.9581051871112514e-01	   3.2868142045073268e-01	   4.2516245260659347e-01	   3.1622428045908690e-01	   4.6255684899615929e-01	   3.4245633417355203e-01	   4.9560960676710980e-01	   3.2793964052367797e-01	   3.7629939749448488e-01	   2.6261332785887725e-01	   3.6745022030199803e-01	   3.0115697200032771e-01	   3.8324389579962187e-01	   3.6802479361571006e-01	   4.7136778761198783e-01	  -1.3019048898986482e-01	   1.6683691405408924e-01	   3.5077104017570848e-01	   4.7740919509180041e-01	   5.0854210879288408e-01	   1.4816337379235542e-01	   5.0091259629001184e-01	   1.9995098810192075e-01	  -2.0080882149955261e-02	   1.7417768904906034e-01	   2.2830864377067317e-01	   1.5527043676667721e-01	   3.1173518360298352e-01	   1.5943397892902786e-01	   2.0227098767320922e-01	   7.0719529186315999e-03	   9.7376868819326334e-02	  -1.1072029944977105e-01	   1.1193611695459831e-02	  -9.8616626283501013e-02	   3.3137440330715762e-01	   2.5285274278543246e-01	  -7.6367025456735294e-02	  -1.7733010892279338e-01	   8.8169462176332258e-02	   1.4245292237160018e-01	   3.5912381993309161e-01	   3.0966195382677353e-01	   1.8642829269666139e-01	  -1.0636766506079111e-01	
   3.6794237928887452e-01	   1.4652629787825600e-01	   6.1234895701787595e-01	   3.7624254617030439e-01	   8.7710770704984609e-01	   6.5204550594529465e-01	   7.2418322910681276e-01	   3.4119816501994316e-01	   0.0000000000000000e+00	   6.9063936498206291e-01	   3.3391369941007648e-01	   9.9380881468891333e-02	   5.1571884271692758e-01	   3.0323899179621239e-01	   6.2578170839953096e-01	   4.1146672345403212e-01	   1.5706902734240014e-02	  -1.0916774997726048e-02	   2.1820559147064933e-01	   1.6186322743445197e-01	   3.1827213216178607e-01	   1.1614245098523963e-01	   4.6570112232243832e-01	   2.3298003328828543e-01	   4.9739817085859489e-01	   4.2186406221556916e-01	   3.5225091443932655e-01	   3.6236372348415580e-01	   1.5636810700311699e-01	   1.3493126705084899e-01	   1.8385943920781486e-01	   1.0891426903815080e-01	   3.1211598283711739e-01	   1.7087294932011612e-01	   2.4329929981202120e-01	   6.8498664784458207e-02	   1.0470567367386870e-01	   9.8060140486320835e-02	   2.7258072036388348e-01	   1.3193369867807223e-01	  -1.1926675968319991e-01	   1.4248975944945280e-01	   3.9923351261732443e-01	   2.9127893935327553e-01	   3.0347490925414644e-01	   1.4241251046208814e-01	   3.1737837801256930e-01	   3.1288329435836471e-01	   3.5757507786158299e-01	   3.1514380147590110e-01	   4.2447141335455885e-01	   4.2989866629039997e-01	   1.4197193374208145e-01	   3.3618278525940332e-01	   3.4467772493723298e-01	   3.4501171832178529e-01	   2.1263370504989124e-01	   5.7733543259708656e-02	   3.2651854948029257e-01	   2.2351213550672672e-01	   4.3493927706475416e-01	   3.5910829827832186e-01	   1.9131386412799861e-01	   1.0649474164542116e-01	   4.3133410961805779e-01	   2.8255948633577899e-01	   4.7909799774722905e-01	   3.8752057323000216e-01	   5.1556687422188330e-01	   5.4594765734311290e-01	   3.2153883909843861e-01	   1.8287503436292182e-01	   1.1236476231833473e-01	   5.6786790686184377e-02	   2.2458317017933033e-01	   2.2611023979693323e-01	   2.3645782243880595e-01	   2.6151342191198540e-01	  -1.8328781581456996e-02	   1.4106708104125212e-01	  -5.2991725013019367e-02	   6.9208601009617066e-02	   3.1707605329808608e-01	   2.3583023137829917e-01	   4.2718792525564164e-01	   2.7295568676628823e-01	   1.7710724187476420e-01	   1.7442505857892787e-01	   5.7237806980878936e-01	   4.1182950231097226e-01	   2.6531356001543360e-01	   4.7577255482856184e-01	   1.3072317482253584e-02	   3.8850550484387647e-01	   8.9250850700736795e-02	   2.5740451625592220e-01	   3.7538331518450202e-01	   1.8339082179903266e-01	   2.2525285093275876e-01	   3.0677692713525806e-01	   6.2184711098686445e-02	   3.9117154900995876e-01	   1.2332150085701732e-01	   2.9938231776165047e-01	   1.1354666822094950e-01	   2.9383453247133151e-01	   2.2915383153016936e-01	   2.7134789663585734e-01	   1.9417209838042365e-01	  -3.2057831247237836e-03	   2.6753996620116144e-01	   2.1848087547860884e-01	   3.1167801612345292e-01	   3.3106924973623159e-01	   2.6739186752888033e-01	   8.3066482245563275e-02	
   1.9412993457098232e-01	  -1.3972360013258090e-02	   4.0712420332227189e-01	   4.2321378555329514e-01	   6.8304833916584662e-01	   8.6614502063960064e-01	   4.8130395259034975e-01	   3.5283145244602843e-01	   6.9063936498206291e-01	   0.0000000000000000e+00	   1.6083550518470896e-01	  -2.4381922759092726e-02	   2.9209378217215820e-01	   1.4349770589054117e-01	   4.5642145709513504e-01	   4.2294275902559708e-01	  -9.3646772242499385e-02	  -9.0312131251355052e-02	   3.3956082247159750e-02	  -8.4927946237282597e-03	   1.9107220039517087e-01	   1.5763784943801107e-01	   2.7599049328108588e-01	   1.8640041503284199e-01	   4.8390115962123187e-01	   5.2913124747807427e-01	   4.1196251047281407e-01	   4.8378865171401819e-01	  -1.6685775507537415e-02	   7.3607577439594295e-03	   4.7350435134809521e-02	   2.1089566121768894e-02	   1.0945068931784331e-01	   6.2440608939363873e-02	   2.9374871588599877e-01	   1.6704592179001593e-01	   9.7813913706306849e-02	   4.9063032550077705e-02	   2.1945560273325676e-01	   1.0384995754333963e-01	  -2.2248277437920308e-01	   2.1638828473279884e-01	   3.4357398659285732e-01	   2.4468305991173769e-01	   2.5554020847764214e-01	   1.1723763687135764e-01	   2.3630962537249409e-01	   2.1779983023923763e-01	   2.4793529033131226e-01	   1.9914094082298700e-01	   3.3235423011523330e-01	   3.4983978171742713e-01	   8.9616943898491563e-02	   2.2387400392234988e-01	   1.9223523288169608e-01	   2.4699045939629405e-01	   1.4539540216200686e-01	   5.6492798954925916e-03	   2.5046549599260332e-01	   1.8045001115705336e-01	   3.0134943962785055e-01	   3.2301823417927950e-01	   6.1264200402800700e-02	  -4.0895178052634054e-02	   4.2035008231743520e-01	   3.6684501403153735e-01	   3.5782897015037640e-01	   3.0510117499176226e-01	   3.6044141545382630e-01	   3.0774707176234989e-01	   2.3145634297213141e-01	   1.8368655692398500e-01	  -3.3462273187600443e-02	  -1.6654683399936407e-02	   6.5444619081262102e-03	   7.3953787679871999e-02	   6.7503725571574594e-02	   1.1697613793982367e-01	  -1.6104692892429925e-02	   3.9164746160297720e-02	  -5.3716155729688290e-02	  -5.2279526647518997e-02	   4.1660843189854725e-02	   6.3151556288694247e-02	   2.4707327120434580e-01	   1.0583444476556778e-01	  -6.4358760795144035e-02	   4.4363855809493501e-02	   3.5367900583612683e-01	   2.2651322853389005e-01	   1.8137895341425617e-01	   2.6461153105164514e-01	   1.0319336262407483e-01	   2.6070282423523522e-01	  -4.7775716214131462e-03	   1.7392152717244935e-01	   2.4352876544423749e-01	   1.6483696547885035e-01	   6.6150094236451906e-02	   1.3434605872043831e-01	  -3.5576948103425585e-02	   1.9156404148707451e-01	   3.9695415895317589e-02	   1.0445028383329222e-01	   3.7691523254334294e-02	   1.8513847392184546e-01	   1.3641654879851892e-01	   2.5075106756408333e-01	   1.3837613958438866e-01	  -1.7727408179658571e-01	   2.0067188548836018e-01	   3.9459451379577487e-02	   1.1952484165230995e-01	   2.2888102209595390e-01	   3.0893999979825970e-01	   9.5593165440581218e-02	
   8.4204099005989685e-01	   4.1073721220245596e-01	   3.3366633970343573e-01	   6.2700683437957622e-02	   2.9425678589891602e-01	   1.6516704887498129e-01	   6.1849930684656329e-01	   1.8969530830242676e-01	   3.3391369941007648e-01	   1.6083550518470896e-01	   0.0000000000000000e+00	   5.8641606388338430e-01	   7.5831010873846472e-01	   5.3492409335586300e-01	   3.6723407442804051e-01	   1.5125288199929673e-01	   3.3480578619047641e-01	   3.5045781046179575e-01	   7.4085270141855175e-01	   6.0906456688556376e-01	   5.1237312292791749e-02	  -9.0702553252365398e-02	   1.7416635451886914e-01	  -1.3466384956479538e-01	  -2.2216180011493379e-03	  -1.2212950811017530e-01	  -4.4932965277728137e-02	   1.8293941742989320e-02	   5.0867103721078599e-01	   3.8522984288444095e-01	   9.9770410416054334e-02	  -2.4437798657037699e-02	   3.9016850377391255e-01	   1.6951222139072739e-01	  -1.3880068987827443e-01	  -2.5326389806909638e-01	  -6.9891693835823873e-02	   5.9083362809522311e-02	   6.8675294579945034e-02	   9.4784503242158813e-02	  -7.9553556564048084e-02	   2.2409585832944869e-02	   3.9321594704677687e-01	   4.3116006703887094e-01	   3.1101730288401075e-01	   2.4940133591847935e-01	   4.4513887607765867e-01	   4.7629665683755751e-01	   3.9088172230959795e-01	   5.8701921783105804e-01	   1.8040059476017076e-01	   4.8793108710793653e-01	   2.4056982902670893e-01	   4.2694142923632156e-01	   3.2848473882460860e-01	   4.3786680556284641e-01	   3.3720340434162127e-01	   1.7567043449254793e-01	   3.7508368474936782e-01	   2.7583237416622297e-01	   3.2915838149402077e-01	   1.6537782222854244e-01	   3.5278455949506998e-01	   2.8536149478997125e-01	   4.5879456403342248e-02	  -1.3798199392381680e-01	   2.8186457323517100e-01	   2.5194641758456826e-01	   3.4680330678865584e-01	   3.7328925477970132e-01	   2.7721112906439671e-01	   1.9409262754355061e-01	   4.0017486022105858e-01	   3.4686232159724051e-01	   4.6642099076202181e-01	   4.8733609719087456e-01	   4.3483885554844348e-01	   3.2872392208799572e-01	   1.1022889334391889e-01	   3.0071063987138957e-01	   3.1228235553585587e-01	   3.9347888017583366e-01	   6.1571544975292647e-01	   3.6375918144686992e-01	   5.6951441910679423e-01	   3.9025614524366464e-01	   4.3346641998999236e-01	   1.9633463539870583e-01	   3.7106028405063790e-01	   4.1799997065922589e-01	   3.3467799934425635e-01	   4.4754385668151064e-01	  -3.0025814809299365e-02	   6.8844352075420626e-02	   2.1603843503656911e-01	   1.9726527113676356e-01	   3.5404538676815556e-01	   2.3068989450140445e-01	   3.9379611349553767e-01	   4.5584285326083879e-01	   2.9801727834346048e-01	   3.0051124451804828e-01	   2.3305027549149915e-01	   2.5691822070659559e-01	   6.0227605976040134e-02	   1.5682817936730797e-01	   1.0569876953664015e-01	   7.4777217696826659e-02	   8.1760557697684436e-02	   1.0694986055315753e-01	   2.6900629271962589e-01	   4.0682675552494374e-01	   5.2007880336976120e-01	   2.6621346449445360e-01	  -5.3769972171644628e-02	  -1.0236024786930498e-01	
   4.9946603979655690e-01	   4.1495695364296703e-01	   8.1475912281817303e-02	   1.1929518572972661e-01	   7.1512838258808817e-02	   1.6765535136681681e-02	   3.8725602243594398e-01	   4.9339219326696343e-01	   9.9380881468891333e-02	  -2.4381922759092726e-02	   5.8641606388338430e-01	   0.0000000000000000e+00	   4.2449706919005498e-01	   8.3969703979747745e-01	   3.0982465889338678e-01	   4.2208291318525804e-01	   6.3194769183449084e-01	   6.6203126269138668e-01	   4.5070984765288702e-01	   6.0320847248363541e-01	   2.3580875783881100e-01	   2.0107178847798343e-01	   7.4267090030219959e-02	   6.9051621309444478e-02	  -1.4208383720487203e-01	  -9.4475364330374983e-02	  -6.5182197745418641e-02	   7.6490566840527852e-02	   6.4217819085552075e-01	   7.5675967382510523e-01	   2.8882356650502983e-01	   3.1759877136673420e-01	   4.6297023614079963e-01	   5.5569564154507378e-01	  -2.3246268550126248e-01	  -1.6213842640211407e-01	  -3.8819198787552481e-02	   2.0967817719896459e-01	   1.6706819936126963e-01	   2.5849660148660375e-01	   1.6977698365530591e-01	   1.0797747360793125e-01	   2.7665649525062846e-01	   3.2400049017202948e-01	   3.4640772535768610e-01	   3.6777613927325253e-01	   3.9958784054522045e-01	   4.7989781879413324e-01	   3.6079247077235244e-01	   4.5045903175567059e-01	   1.3681269136200747e-01	   2.1398881047088270e-01	   4.0616629776078939e-01	   4.0411858342545326e-01	   3.4050328303063204e-01	   4.3190924760288574e-01	   4.1147736184305433e-01	   1.2961991834306449e-01	   2.9646605262007458e-01	   1.0678323604346110e-01	   4.4877538470656508e-01	   4.5485721809038238e-01	   5.2976868525833121e-01	   7.4233077159899408e-01	   1.4340912460973598e-01	   3.7939886784294094e-02	   6.2511785376954024e-02	   1.2264504669783449e-01	   3.9851986619792529e-01	   3.2235102638135182e-01	   1.5250630881077681e-01	   3.6116923540246215e-01	   4.9785572685159551e-01	   5.9555398305430229e-01	   4.5787559038173237e-01	   6.7030323299010097e-01	   4.1067098092695614e-01	   5.4799042430831779e-01	   4.9859643006455501e-01	   5.5802221241879546e-01	   6.3195125249743156e-01	   7.4592790275135656e-01	   6.1472933833580057e-01	   6.2515099537194563e-01	   3.0871321693916609e-01	   4.9829187795751784e-01	   1.5011383304903386e-01	   1.2695603523445867e-01	   2.8349519960315317e-01	   4.2217184357056048e-01	   4.4282985214247783e-01	   1.3785177852015279e-01	   1.5805396838582816e-01	   6.1756913527402065e-03	   1.5514629283036821e-01	   1.9589818192263420e-01	   3.2688516442557569e-01	   1.7988516529604501e-01	   5.0695990130366053e-01	   3.3010584272542426e-01	   3.6082692073043277e-01	   5.3113658002656113e-02	   2.2612056979789122e-01	   9.1280623326474089e-02	   1.1886221821585450e-02	  -1.2644313826366219e-01	   1.9915505768010414e-01	   7.6270477464630299e-03	  -4.0442398106195841e-02	   1.0764990303608599e-01	   2.0982757611971561e-01	   4.2262740176293712e-01	   5.2922654294278526e-01	   2.8893241501106182e-01	  -1.4856333249308357e-01	  -2.0718020412953836e-01	
   5.6452852297438683e-01	   2.4062345004065031e-01	   4.5906700485921925e-01	   1.6815982799215601e-01	   5.4685891159556232e-01	   3.4498964085198175e-01	   7.5560888716468222e-01	   3.3494375671092930e-01	   5.1571884271692758e-01	   2.9209378217215820e-01	   7.5831010873846472e-01	   4.2449706919005498e-01	   0.0000000000000000e+00	   6.2456798880263997e-01	   7.4252089219455275e-01	   4.8542315388883162e-01	   1.8460666900012060e-01	   2.1406960427583935e-01	   5.1137783154906769e-01	   3.9618579885982158e-01	   2.3256004497877475e-01	   6.5251689167903845e-02	   4.6225673434051795e-01	   1.5352743606907179e-01	   1.5449070682581564e-01	   7.5973481022544434e-02	   1.0006020229572618e-01	   1.7013198977198929e-01	   4.5220526259846638e-01	   3.7782725441384263e-01	   1.9340467081616264e-01	   1.0296408548127711e-01	   3.7181949708618245e-01	   1.8812322761152164e-01	  -4.6868464317482088e-02	  -2.5108541173732746e-01	   2.8334423379913036e-02	   1.1371755195096853e-01	   1.6074715146654850e-01	   1.1352116279993862e-01	  -9.1136780854870952e-02	   1.0803423492485739e-01	   3.5027701544554957e-01	   3.6267092799029821e-01	   2.6992008542131019e-01	   1.3336204229541457e-01	   3.7593828538192353e-01	   4.0580333213190328e-01	   3.3361617108871050e-01	   4.6199169042115418e-01	   2.7732586583331031e-01	   4.2336816184094106e-01	   1.6709881679576816e-01	   4.8502506700932391e-01	   3.3609981760504626e-01	   3.9184223374727467e-01	   1.7316645894309329e-01	   9.4549379014211579e-02	   3.1597453973794543e-01	   1.2598657134989188e-01	   4.4632351075701071e-01	   3.0367769138813128e-01	   3.0110807704824782e-01	   2.5320552360664039e-01	   3.3723442349825139e-01	   4.3736112384010650e-02	   2.6855584544501876e-01	   1.7042297130905726e-01	   3.9061352513663045e-01	   4.2016945407149570e-01	   3.7020563143830498e-01	   2.8025738374722747e-01	   4.1501165747210944e-01	   3.4802639431655036e-01	   4.7882164163494872e-01	   4.0369128318432651e-01	   3.9347324606442269e-01	   3.3024241585858355e-01	   1.4067969873856073e-01	   3.2302655534488706e-01	   1.4698729129819912e-01	   2.8402859825900384e-01	   5.3923458895157861e-01	   3.4313111981073185e-01	   5.7395812734280738e-01	   3.1544776005393205e-01	   3.6348875533647707e-01	   2.0251399830795092e-01	   4.7955294971011048e-01	   4.8369721899587997e-01	   2.9871317101116879e-01	   4.8567216707701366e-01	   7.8678100328480660e-02	   2.3607640000989455e-01	   1.4057565128080293e-01	   1.4790648841082082e-01	   2.6822956153456468e-01	   1.0718714942210891e-01	   2.2898923293300144e-01	   3.0507658401571236e-01	   8.2762321692943855e-02	   2.3527218138318373e-01	   6.6911262764290880e-02	   1.3445226981154457e-01	  -1.4204196718681034e-01	   2.0163982667058634e-02	   1.0326881753461377e-01	   1.4086510098953214e-01	   1.3541347293531353e-01	   3.9610622654633519e-02	   9.7481967861348398e-02	   1.8756339364427113e-01	   3.7378355930770701e-01	   2.7165918490396485e-01	   5.2885658970699509e-02	  -1.1625142698684277e-01	
