   0.0000000000000000e+00	   6.1184851396279516e-01	   4.6292717758433655e-01	   3.4334939367363737e-01	   1.3680204626515863e-01	   1.4039531965798002e-01	   3.5830922450460112e-01	   1.4925114101296988e-01	   2.2987448774414460e-01	   6.2710450769419501e-02	   5.2809137895974412e-01	   3.1289157798307338e-01	   3.9237233455474091e-01	   2.8064462914896937e-01	   4.8003690136839400e-01	   4.8770036114167359e-01	   6.4160635125268017e-01	   4.9201934084832921e-01	   7.1920506564213760e-01	   5.8390605274443486e-01	   4.6911232423909355e-01	   4.6431459927345642e-01	   3.2696989159987533e-01	   2.6342726803838534e-01	   2.1232215401947180e-01	   2.3623192574849791e-01	   4.5022203611770778e-01	   4.1370279207934979e-01	   4.0453809149201447e-01	   3.5075986866574549e-01	   2.8842689576903691e-01	   2.1994833429575322e-01	   5.4286209731271051e-01	   3.9570391236205471e-01	   2.1603744763458932e-01	   1.8911279100346368e-01	   5.8237862181388100e-01	   5.6830821546151999e-01	   4.9705818099202348e-01	   5.0459416504858157e-01	   5.2284275251439005e-01	   4.0544715183612334e-01	   5.1438236830923523e-01	   5.0246179215743947e-01	   4.5309706951147927e-01	   4.0268470887198987e-01	   5.3350206997380112e-01	   5.2735328677190729e-01	   4.2812316407375861e-01	   4.3316128486715311e-01	   6.0674150462253262e-01	   5.7482676594226312e-01	   4.3101305668578299e-01	   5.4274467947880123e-01	   5.8613312172121845e-01	   6.3802456862982138e-01	   7.8029071319416088e-01	   5.6339055576236663e-01	   4.8251745663436285e-01	   3.2574219394114468e-01	   3.9999393829648217e-01	   1.4347699781891726e-01	   5.0710214549047650e-01	   2.4996106631300902e-01	   2.5681477916795031e-01	   1.9863993988473375e-01	   3.5688323315882531e-01	   2.7888490864156623e-01	   4.8580927573264887e-01	   4.4691998406876793e-01	   3.3840906784961039e-01	   3.1906148885811864e-01	   6.1323649851611650e-01	   5.1098919371926732e-01	   5.4649544217435608e-01	   4.3818826388904553e-01	   3.6080611750868513e-01	   2.4169694488374405e-01	   5.0195851214195664e-01	   4.7277122228578489e-01	   3.6937725652843234e-01	   5.1206853396761898e-01	   2.2720263345858166e-01	   3.4654731451678406e-01	   5.4721844029384237e-01	   5.2246845675363729e-01	   4.8461414508417100e-01	   4.4315939474085753e-01	   5.5037492702221247e-01	   6.7695320728601960e-01	   4.5320632295258145e-01	   5.5809009942826804e-01	   2.8583869235562803e-01	   3.5613157372618348e-01	  -1.1298467934584286e-01	   4.8074061180449688e-04	   3.6528513294491149e-01	   4.6702197699245385e-01	   5.5961413719047759e-01	   7.3917068807732067e-01	   1.8740730517704585e-01	   4.0438767796179703e-01	   3.6518776480269377e-01	   4.8313012626354912e-01	   2.2700116156020123e-01	   3.8012066521020144e-01	   3.2510534345426012e-01	   3.1918659798993354e-01	   1.0455242641467818e-01	  -6.2123205385849464e-02	   3.6127888141521514e-01	   5.1845256448753929e-01	   4.7450701875726375e-01	   4.6163026492506387e-01	   1.5906067516197936e-01	   5.0742785918990445e-02	
   6.1184851396279516e-01	   0.0000000000000000e+00	   2.3355001806623826e-01	   4.3481339175750738e-01	   1.5041947205668516e-01	   1.9521752071138854e-01	   2.3190445655571867e-01	   2.0379308414026565e-01	   2.2848800590649559e-01	   1.1880333816894142e-01	   3.4977472239464774e-01	   2.5528977606377973e-01	   3.3601249741420219e-01	   2.7161927026603461e-01	   3.6110767052638387e-01	   4.1673917821629247e-01	   6.1945738874137324e-01	   6.6656398636302083e-01	   5.9265753423766365e-01	   7.8272854235705824e-01	   3.3932942809328159e-01	   4.2961896790235482e-01	   2.0722431133578972e-01	   1.8390935779273682e-01	   2.1265933415967289e-01	   2.5284977803397080e-01	   4.2388828374163456e-01	   4.4250170503474590e-01	   2.5792234015346005e-01	   3.0132884336872423e-01	   2.1957064344412133e-01	   1.6033228348501255e-01	   5.3754282488001892e-01	   5.8316304386286699e-01	   6.1345574304265335e-02	   8.8898441569006642e-02	   4.5354988915122801e-01	   5.2546299523189455e-01	   3.6884912059229374e-01	   4.8352753270780247e-01	   3.8112952621303070e-01	   4.6616405134290217e-01	   5.6825183354869080e-01	   4.8639130142260290e-01	   5.3004700586484388e-01	   4.1143510655177634e-01	   5.9125649876337383e-01	   5.1074590352112881e-01	   4.6269750717138547e-01	   4.2784925707299049e-01	   5.3974392528588722e-01	   4.4263688714590727e-01	   5.5771516390652032e-01	   6.1629851369432787e-01	   4.7423520590048751e-01	   5.4579356563186021e-01	   6.3538897741926181e-01	   8.2951256896072356e-01	   2.8235869096977395e-01	   2.9562165613700359e-01	   2.6518677652658701e-01	   1.1271195980294202e-01	   3.3273725486994327e-01	   3.2424984560962511e-01	   1.2030644812353718e-01	   8.6350167525797758e-02	   2.4656337475335649e-01	   2.2775634646240628e-01	   6.6830660697428634e-01	   6.7668562079797345e-01	   2.2868684811227946e-01	   2.9559778772228862e-01	   4.4496534684785205e-01	   5.0203314564638968e-01	   3.5513373218498168e-01	   4.1787360052613060e-01	   1.1181184525375498e-01	   2.1511772874830742e-01	   5.5747774269697836e-01	   5.8593105840053594e-01	   3.8797593550610432e-01	   4.6523688024482723e-01	   1.0506518528009713e-01	   3.7077680147909819e-01	   2.9018793501098350e-01	   2.7736179148822782e-01	   3.5747458855541908e-01	   3.0274989304184502e-01	   4.4881587864929251e-01	   6.5112930375739619e-01	   5.9714050378504779e-01	   5.3712033032069995e-01	   2.5656943438505819e-01	   2.1800217511721837e-01	   3.1599465507501853e-02	   1.0410794530381307e-01	   3.7517313608190456e-01	   2.8910540335557705e-01	   6.4624679317187128e-01	   5.1165571971539336e-01	   2.6478352209001610e-01	   2.4409063545411785e-01	   4.3147867110319094e-01	   3.3937834219181401e-01	   2.4414350297328485e-01	   2.5808082243983854e-01	   4.8472515973976960e-01	   4.0792560851355458e-01	   1.0921008759583958e-01	  -4.2972600528538532e-02	   2.0308607049199387e-01	   3.7445073171377641e-01	   3.4315536883635089e-01	   2.8719948210961127e-01	   8.6638203110905143e-02	   1.3310865772074895e-01	
   4.6292717758433655e-01	   2.3355001806623826e-01	   0.0000000000000000e+00	   6.3969309942344799e-01	   1.7637173141422710e-01	   1.6692089275115014e-02	   6.6394838222574903e-01	   8.7477079982359957e-02	   1.6395484128383933e-01	  -1.0215093502303632e-01	   5.5103719168053411e-01	   1.7639143364385751e-01	   3.6768646145707995e-01	  -5.9412755683761719e-03	   6.4292197932326522e-01	   2.9377366317294984e-01	   2.7223833825254773e-01	   1.8739746491519144e-01	   6.8195498803439625e-01	   4.1656367128970717e-01	   5.3992664875089613e-01	   3.0979922473901456e-01	   8.7827514697177722e-01	   7.7599536283403237e-01	   3.1419547411568505e-01	   3.3664518196981530e-01	   4.7878646951253501e-01	   3.0053967352203892e-01	   4.2111045358055277e-01	   3.2256968672660463e-01	   6.4565504873324420e-01	   5.8838177492480559e-01	   5.4888270277744433e-01	   2.5686905623950346e-01	   4.8637890619288870e-01	   4.1828898633692702e-01	   5.3106099760905356e-01	   3.8904029124757267e-01	   5.2409234331307009e-01	   3.8641568778730273e-01	   5.6123847187284914e-01	   3.3346777769108837e-01	   2.9605386083993651e-01	   2.0734577321974818e-01	   2.7422183716868193e-01	   1.6362110353618128e-01	   2.1684289712992708e-01	   2.4638151846036943e-01	   4.2312071020355987e-02	   5.3426458794465906e-02	   3.3922792815204145e-01	   1.9930417323675523e-01	   1.5867482824027895e-01	   2.6345738773202143e-01	   2.6256163302875868e-01	   2.8029742185673484e-01	   2.7597228655830031e-01	   2.2575745650544438e-01	   1.3733016328803321e-01	  -2.5022771350045631e-02	   9.1430301111642520e-02	  -1.6285037891242271e-01	   3.3730623996228132e-01	   3.3524172810592272e-02	   6.2808697897288579e-01	   1.9513835183940631e-01	   5.0675884303413488e-01	   2.8721216600842381e-01	   3.2158856377314710e-01	   2.9261368077308808e-01	   6.5066302086003869e-01	   4.4778133960636174e-01	   4.5233240582289769e-01	   3.6248072180179114e-01	   4.1760969649037061e-01	   2.8193666947587237e-01	   4.2169434726654387e-01	   2.7694696639359084e-01	   3.3353461299820386e-01	   3.6753357881602688e-01	   2.1452257262522048e-01	   4.8602403605800315e-01	   4.8029136919183374e-01	   4.1667040795719679e-01	   7.5162050416434512e-01	   5.6667595468207854e-01	   7.3604167996912961e-01	   6.9321095419518386e-01	   3.5691141064371557e-01	   3.6598460009083883e-01	   2.9499703257742549e-01	   5.0278437779171981e-01	   3.3860502922252028e-01	   5.7746755142504025e-01	  -8.3942142507504536e-02	  -4.3854343190167136e-02	   2.6727177482376918e-01	   2.2609192155579805e-01	   1.6921900345255594e-01	   3.3020297243352581e-01	  -3.7039693108187464e-02	   4.4404843211776679e-01	   1.1877098145426926e-01	   3.0568522230431838e-01	  -6.2252507773936649e-02	   2.2540539282961441e-01	   1.4897137799333788e-02	   2.6834425688262509e-01	   1.9325106948455913e-02	  -1.1758009843784259e-02	   1.8263339959872193e-01	   3.1889636787047898e-01	   3.0485252951133923e-01	   1.9204981858591602e-01	   1.2055618916752708e-01	  -1.1331807803024896e-01	
   3.4334939367363737e-01	   4.3481339175750738e-01	   6.3969309942344799e-01	   0.0000000000000000e+00	   2.5694616285249339e-01	   3.0591824972772919e-01	   5.4342767376387702e-01	   5.0558406437618597e-01	   2.5140926901206906e-01	   1.1704013622772599e-01	   4.1330748980323229e-01	   4.1647009033885851e-01	   3.3056780427494392e-01	   2.4869498345407626e-01	   4.7657860953155473e-01	   4.7264383607657129e-01	   2.9924959357543490e-01	   3.1386851586130127e-01	   5.3525668176814167e-01	   5.7365269082692327e-01	   4.6951165556208879e-01	   4.6788101399392540e-01	   5.6110398969276143e-01	   6.8020689934582013e-01	   3.2702835837129729e-01	   4.0930408991070233e-01	   5.1563717491515981e-01	   5.1668024630701592e-01	   3.2125912512322014e-01	   3.3440618190017035e-01	   5.1698635420782324e-01	   6.1283773954693799e-01	   4.8729290976327394e-01	   5.0394616067201392e-01	   2.6016087028951290e-01	   3.1965283749678269e-01	   3.8042994573341210e-01	   4.7707556682689289e-01	   3.3330128807675208e-01	   4.0539894107293983e-01	   3.7846087135530293e-01	   4.3015197458483889e-01	   2.8631429012286691e-01	   1.8148899734638718e-01	   1.8216223661990230e-01	   1.0238778285592354e-01	   2.6557419393520942e-01	   2.6354361480694433e-01	   8.7588691538330085e-02	   1.2117181987768860e-01	   3.2462777633020473e-01	   3.3969022188016745e-01	   2.8567809245977094e-01	   3.5420163139062194e-01	   3.0906077461297277e-01	   3.2844552583499620e-01	   2.8394087446474925e-01	   4.1310328637731253e-01	   2.8859006084203359e-01	   3.9899016675019833e-01	   2.4573493505203658e-01	   1.9709864235692895e-01	   4.1170659314425584e-01	   3.9156448970667868e-01	   4.0947628179022588e-01	   3.3857985967130499e-01	   3.5649881797473737e-01	   4.3900464629165259e-01	   3.3169308627873850e-01	   3.3812961739133141e-01	   5.1051974523545085e-01	   5.6733881138594278e-01	   4.2804561011950804e-01	   4.6813178094026747e-01	   3.6136128570111370e-01	   4.4636754534064516e-01	   2.5741745470386096e-01	   3.5953588905562195e-01	   3.3375678401699699e-01	   3.4446098613116283e-01	   2.1916424949082361e-01	   4.9331951094109039e-01	   2.3700854478706074e-01	   3.7297603975504467e-01	   5.0494918049354176e-01	   5.7620719017875122e-01	   5.4089417408622920e-01	   5.4519332454867719e-01	   4.4798569875825917e-01	   5.3667424266150610e-01	   4.6471717458453371e-01	   5.3015362027722501e-01	   5.0199675712158887e-01	   4.0232694639263444e-01	  -4.4383529216399153e-02	  -5.7439127798244567e-02	   2.1732422900345996e-01	   1.0925286998269054e-01	   2.7407115542671923e-01	   3.0866303319983934e-01	   3.3413755006154588e-01	   3.8812513700699802e-01	   4.2473219671559925e-01	   3.9957219644481778e-01	   1.8545386535757494e-01	   2.7766949414684522e-01	   1.3031601986662819e-01	   2.8190714400792122e-01	   5.3720779587379579e-02	   3.7366683242141979e-03	   7.8080422163821481e-02	   3.0947041759457194e-01	   3.8059969650222741e-01	   2.5467511701521034e-01	   1.7472198734694294e-01	  -1.6271951204836578e-02	
   1.3680204626515863e-01	   1.5041947205668516e-01	   1.7637173141422710e-01	   2.5694616285249339e-01	   0.0000000000000000e+00	   8.8506775533481108e-01	   2.2762507332640308e-01	   3.0606477271175547e-01	   9.2373868096218681e-01	   8.5272339753985438e-01	  -1.0099524920384557e-01	   6.1589033225192102e-02	   1.1363892566647979e-01	   5.6879427685068026e-02	   3.6034164120919157e-02	   9.5455389679125521e-02	  -6.7983590373938869e-03	  -2.6321915602478096e-02	   4.1317472560121346e-02	   9.8703893876259843e-02	   3.2815680261163055e-01	   3.7953835294198113e-01	   6.9875750074475843e-02	   9.6310681946072063e-02	   8.1856720449560927e-01	   7.8059802481784590e-01	   4.4984364658834253e-01	   5.5175913397919629e-01	  -9.3441104203685788e-02	  -3.7321638672362205e-02	   2.0850033003545926e-01	   1.7107081905494922e-01	   1.5616792126461745e-01	   1.3896983663611828e-01	   1.3396314297205447e-01	   1.7467397079025132e-01	  -2.7275345484929811e-02	   2.0909296590799467e-01	   1.6210305802404377e-02	   1.2815714672121076e-01	  -3.4414922478158597e-02	  -4.4846584849747365e-02	   8.2948026279002579e-02	   5.3263996945079550e-02	   2.3858100395970028e-01	   1.7759292800422238e-01	   1.1718393039734964e-01	   8.2793025382459556e-02	   1.5552012437503304e-01	   1.9561704190996418e-01	   7.8384051560164827e-02	   1.4167157607738728e-01	   6.1523129651861894e-02	   4.2765897244175066e-02	   1.8847051388264074e-01	   1.4296373082727407e-01	   1.2756868411471128e-01	   8.0896204364050595e-02	   3.4024444381573271e-01	   3.1218373384501091e-01	   2.1423369580649107e-01	   1.9324183928210617e-01	  -3.3538992577764944e-02	  -4.5267474784395953e-02	   2.5380777684652783e-01	   3.8380697349516857e-01	   3.4964950602227940e-01	   4.2709609577643481e-01	   1.0803466904993610e-01	   1.2361325854591067e-01	   1.0894262742566772e-01	   1.8170746529339374e-01	   1.2534167170618288e-01	   1.0116955349581704e-01	   9.8393086507107694e-02	   1.0573215006903006e-01	  -4.7682826791734065e-02	  -7.0951020401052080e-03	   2.2016520516243615e-02	   2.8066119281344858e-02	  -7.9510902594806809e-02	   8.6748547492740885e-02	  -1.7945104759521627e-01	  -7.1083667600960104e-02	   1.4289016979028651e-01	   2.7553764347691084e-01	   1.7480978519761972e-01	   7.1983497368222918e-02	   3.1248491105514481e-01	   2.4448914754293641e-01	   2.3420531864102853e-01	   2.2718439586806721e-01	   2.8938253223612354e-01	   5.8913751898206634e-02	   2.0479231413765956e-02	   6.1009064669547718e-02	   1.4944512304678415e-01	   7.5222271469359753e-02	   1.6999194798199785e-01	   2.0233772049357798e-01	   2.2404658178261638e-01	   2.6823016604099966e-02	   1.3944651813944858e-01	   8.6397994736454070e-02	   1.1454334924420341e-01	   6.6880231928663048e-02	   2.4642246356387964e-02	  -6.3057300465361524e-02	   1.5251341131242003e-02	  -2.5350511144494436e-02	  -6.6998569610922307e-02	   2.2500781673284265e-01	   1.9873982628712225e-01	   2.3700019692823815e-01	   1.5806726125190379e-01	   5.7507173590769595e-02	
   1.4039531965798002e-01	   1.9521752071138854e-01	   1.6692089275115014e-02	   3.0591824972772919e-01	   8.8506775533481108e-01	   0.0000000000000000e+00	   2.2065927825200210e-01	   4.9342418099333629e-01	   8.6284255160859624e-01	   9.2769511312206288e-01	  -5.1280735115640699e-02	   1.9964485209351948e-01	   1.6313339418842265e-01	   2.1792218389645812e-01	   5.1886765842604800e-02	   2.5865196998696077e-01	   4.6088891823037326e-02	   4.4818256680598023e-02	  -3.0531291521352791e-03	   8.8463058705703701e-02	   3.8068875851511197e-01	   5.3370179274170626e-01	  -1.2771383760662594e-02	   1.0630568996526957e-01	   7.3230840407785613e-01	   7.5511201385326576e-01	   4.7097244584779357e-01	   6.6683422361308420e-01	  -7.4987813905586231e-02	   5.4221763081328759e-03	   1.6298266247111209e-01	   1.7977146317797493e-01	   1.2568518710016433e-01	   2.1448606493729558e-01	   1.4848184281064378e-01	   2.3763700875659852e-01	  -4.6156411077748531e-02	   2.8648527083878494e-01	  -5.0422332481369896e-02	   1.7901465704347277e-01	  -3.8920304762145530e-02	   1.9690763909250460e-02	   1.0658803104216120e-01	   7.4800546584683880e-02	   2.4524771438164766e-01	   2.2107072781908568e-01	   1.4898243162085187e-01	   9.9459147781353369e-02	   1.7699322892635677e-01	   2.2811362251197465e-01	   8.6698486490548468e-02	   1.4009350329657791e-01	   5.9078730767505777e-02	   1.3597165838214777e-02	   1.5328547629841732e-01	   1.0537481544277816e-01	   1.1621567489554628e-01	   1.1700317789220997e-01	   3.7635039121511737e-01	   4.1998430946760107e-01	   3.0845760285673479e-01	   3.5343394817060891e-01	  -5.9418392207936238e-02	   3.9875218370183159e-02	   2.5645413663527661e-01	   5.3414524425328880e-01	   3.9102809336470351e-01	   5.7300014442687197e-01	   8.5851063300720953e-02	   1.6089059971937647e-01	   9.1106674299169826e-02	   2.2562956150515040e-01	   1.8365729261330704e-01	   1.9514870415274727e-01	   1.4405328919736660e-01	   2.1407574838237906e-01	  -1.4825016395476370e-01	  -4.2520397926977052e-02	   8.0699219018735571e-02	   8.1398257546611202e-02	  -4.8248209712611276e-02	   1.0614715964171605e-01	  -2.8044821390967151e-01	  -1.1390385946771202e-01	   7.8606857082303597e-02	   3.0823556874200908e-01	   1.2616498534982334e-01	   4.6038111703374296e-02	   3.4822966494074864e-01	   2.5843424816874000e-01	   2.4900289036643436e-01	   1.7840866728405078e-01	   3.8199348155949686e-01	  -2.9514672121571527e-03	  -2.9901105121901396e-02	   9.9899193376523560e-02	   1.1882268716245646e-01	   1.7188057833022644e-02	   1.9314843964437445e-01	   1.8625620568673890e-01	   3.7366589197054945e-01	   2.5909271301749130e-02	   2.2077195612553074e-01	   8.5518226372439582e-02	   2.7279823844966383e-01	   1.7983418255663230e-01	   7.4263296840259993e-02	  -4.9198545794388156e-02	   5.5217045306268633e-03	  -6.0941585712555188e-02	  -3.4004504049343826e-02	   2.1472111589274084e-01	   2.6368656856630673e-01	   3.1473227903980688e-01	   2.1994518562106094e-01	   1.6336133973030295e-01	
   3.5830922450460112e-01	   2.3190445655571867e-01	   6.6394838222574903e-01	   5.4342767376387702e-01	   2.2762507332640308e-01	   2.2065927825200210e-01	   0.0000000000000000e+00	   6.4081700191669344e-01	   3.5100477729421697e-01	   1.3729654456131654e-01	   6.3385495186974183e-01	   6.0497942380937308e-01	   8.0452253711150534e-01	   5.2830447872056374e-01	   6.3250949022655645e-01	   5.0946253766208294e-01	   6.9652352724619754e-02	   6.1801486307218767e-02	   5.2012577549348438e-01	   2.9552354789456398e-01	   4.5352767574168540e-01	   4.0789818105471681e-01	   6.9533298859676806e-01	   6.9241368869981246e-01	   1.9132160562323652e-01	   1.9688420831549072e-01	   3.5073241506602559e-01	   2.5331039585712589e-01	   3.1488630017977215e-01	   2.4456902536645686e-01	   4.3836183124862516e-01	   4.4806171150983465e-01	   3.7985996182793574e-01	   2.5917485814018165e-01	   3.6109264628152637e-01	   3.4867006884481488e-01	   3.8773048054052894e-01	   3.8807444891442822e-01	   2.9351677111279706e-01	   3.1868943516586640e-01	   3.9599863688611531e-01	   2.9731183081480861e-01	   2.9329043991876769e-01	   1.9930015211767377e-01	   1.5351416983253219e-01	   1.0722016942671778e-01	   2.3773710672480064e-01	   2.6889671371810636e-01	   7.9633174799394066e-02	   1.9466076451219994e-01	   3.3101055918480782e-01	   2.4837796215778493e-01	   1.4398882018727105e-01	   2.5466617517321116e-01	   2.5746066661110784e-01	   2.6048120526762847e-01	  -6.0709632500340574e-02	   5.2618036485582248e-02	   3.0017593641421242e-01	   4.2143423488879679e-02	   5.4536458438564217e-01	   3.2157191188202366e-01	   1.1434347480053031e-01	   1.1354204216102422e-01	   6.7450701575218286e-01	   5.4616489293823844e-01	   4.6628075325327306e-01	   3.9018807974931835e-01	   1.5646896269840622e-02	   1.6987588565490558e-01	   7.1305786131444138e-01	   6.5089573058580052e-01	   4.9868113951981952e-01	   4.8444512924198579e-01	   4.7214766272674102e-01	   4.2306883281887508e-01	   3.9211114995488505e-01	   4.2016711451724764e-01	   1.3517052852561767e-01	   1.7522216923770823e-01	   9.5120060859811645e-02	   3.5265861884835142e-01	   2.1425014205554344e-01	   2.5280668944596041e-01	   4.8837363405607026e-01	   5.8278832171572148e-01	   4.0820531432733709e-01	   3.3008788513874227e-01	   5.3517527349561556e-01	   3.4071696882121494e-01	   3.4353445254216525e-01	   4.1589565403584139e-01	   4.0169684816323192e-01	   3.5077474330598485e-01	  -1.6183348533646030e-01	  -3.8357084170745431e-02	   2.0148695023248503e-01	   8.4107322969715848e-02	   2.1017909845321719e-01	   2.4002129928769356e-01	   2.2231682181860679e-01	   3.8939851513606244e-01	   1.3872464742810886e-01	   1.3124912365255617e-01	   1.2438669157748447e-01	   2.1951606515172514e-01	   7.0545544999278967e-02	   8.8155703876130254e-02	   3.4706014626494149e-02	  -5.9257900616566730e-02	   1.1267565928940954e-01	   2.2556372653003665e-01	   3.3067359702068672e-01	   1.6708097324172860e-01	   1.9833978093773730e-01	  -1.2277120214787614e-01	
   1.4925114101296988e-01	   2.0379308414026565e-01	   8.7477079982359957e-02	   5.0558406437618597e-01	   3.0606477271175547e-01	   4.9342418099333629e-01	   6.4081700191669344e-01	   0.0000000000000000e+00	   4.0770188240931432e-01	   4.3107542482729677e-01	   2.7171730532910027e-01	   6.8577317678934513e-01	   6.0656887827663886e-01	   7.3913938967411985e-01	   2.4713120029432878e-01	   5.1420858619382681e-01	  -1.3564479643867319e-03	   6.7248320047863852e-02	   1.5841835141135394e-01	   2.0284165690953179e-01	   2.1875648968338618e-01	   4.2817521604915176e-01	   1.4582316873738954e-01	   3.2548296112113229e-01	   1.4664562505961959e-01	   1.7066912727397363e-01	   2.1941169173839575e-01	   3.0243483633003332e-01	   9.1678288151959927e-02	   1.3818634041505884e-01	   1.1867290660898891e-01	   2.4285171605761360e-01	   1.6373296570649959e-01	   3.3813914239404208e-01	   7.1848558320923406e-02	   1.4489230209352885e-01	   4.1689283792173758e-02	   2.1612635096958721e-01	  -7.8449399768285411e-02	   1.4286836726808400e-01	   7.3795194647721912e-02	   1.8437687779840883e-01	   1.5496960430466986e-01	   1.0169383090211061e-01	  -2.2199253908726489e-02	   1.2434724749736141e-03	   1.7789471933965023e-01	   1.8599993672645082e-01	   9.2429901828923050e-02	   2.2591799582113664e-01	   1.8279564296714448e-01	   2.3939662445149421e-01	   1.2936517410996551e-01	   1.5066435287914529e-01	   1.9457889401684020e-01	   1.5844773049251032e-01	  -1.2040092886230604e-01	   4.8118096181993912e-02	   4.5223819918658714e-01	   4.1682620147831750e-01	   6.9452997471976330e-01	   7.6624301940514705e-01	   3.3230127318656995e-02	   3.4176397384918572e-01	   2.9382894965429834e-01	   6.5543705990882228e-01	   1.9374143338015309e-01	   4.1097569991558691e-01	  -1.1374932196388812e-01	   5.5617613761226092e-02	   3.2666983020468437e-01	   5.4545590079816908e-01	   3.1204449071087959e-01	   4.0958457976042706e-01	   2.8124739313135050e-01	   3.9401339060384066e-01	   1.2652506327344992e-01	   3.6541306493102776e-01	  -6.2690989261602343e-03	  -1.6851928777762443e-03	   6.4608205359083558e-03	   1.5659025756681835e-01	  -1.3525615064726787e-01	   8.0730485602787352e-02	   4.9507506918004214e-02	   3.5208967105107664e-01	   6.9585545031758721e-03	  -3.1244392171918316e-02	   5.1365339389901665e-01	   3.3013646307766165e-01	   3.3251383223454134e-01	   1.9033413759044956e-01	   3.6905154682615282e-01	  -2.8906562524037328e-02	  -1.4427786776256968e-01	  -1.0524793929273610e-01	   4.9459648604387979e-02	  -7.8796989064673362e-02	   1.5647876309153658e-01	   9.9653870891491497e-02	   5.1514992010443039e-01	   1.4191983320114174e-01	   2.5529395713295366e-01	   5.6781330407060418e-02	   2.6585813465413694e-01	   8.7818073193755078e-02	   6.7882374458457045e-02	  -3.1993742160244379e-02	   2.1901438302135062e-02	  -4.9098326368437167e-02	   3.8637643219660554e-03	   8.1765144040426257e-02	   2.0295883155162484e-01	   1.7233552657455720e-01	   1.2823584058404441e-01	  -1.1462107815712533e-01	
   2.2987448774414460e-01	   2.2848800590649559e-01	   1.6395484128383933e-01	   2.5140926901206906e-01	   9.2373868096218681e-01	   8.6284255160859624e-01	   3.5100477729421697e-01	   4.0770188240931432e-01	   0.0000000000000000e+00	   8.6026708561249898e-01	   1.0099043469702829e-01	   2.3950398381883090e-01	   3.3181957718818883e-01	   2.4931701200689871e-01	   2.5389510673879057e-01	   2.8653744142088300e-01	   5.1795047332373279e-02	   5.4423615986198104e-02	   1.2186151694086444e-01	   1.3934361135836482e-01	   3.2915976346003123e-01	   3.9781082065363493e-01	   1.4274386715286080e-01	   1.4342325984240623e-01	   6.9981527598003046e-01	   6.6392037728655484e-01	   4.3491661628427791e-01	   5.2344332423508222e-01	  -4.6360442359823423e-02	  -7.3498507144487950e-03	   1.4702597350660165e-01	   1.0817092618460858e-01	   1.5468811265833007e-01	   1.4060215549598337e-01	   1.4708709600714617e-01	   1.6220246919476788e-01	   4.6209923493293337e-02	   2.9980595093983731e-01	   7.9713689539513549e-02	   2.0107935618455525e-01	  -1.5965152190948323e-03	   1.7625076366741418e-02	   1.3743297934048312e-01	   9.5851969224803768e-02	   2.8018471875285500e-01	   2.2139708440332026e-01	   1.6312585508474375e-01	   1.3674086078086797e-01	   2.1409240608977861e-01	   2.6327248026966588e-01	   1.6457344249062483e-01	   1.8114049626279263e-01	   1.3740452496783290e-01	   1.6340185961044404e-01	   2.6296738000143671e-01	   2.2499323731979981e-01	   1.0836237185239343e-01	   9.6116216914418462e-02	   3.6132792785645035e-01	   2.7319837141708259e-01	   3.5299920667823836e-01	   2.7367117976140531e-01	  -3.1274382392171535e-02	  -1.9644138444137153e-02	   3.6326566694432549e-01	   4.7560617300247254e-01	   3.6547576021566908e-01	   4.2665643858211938e-01	   9.4085599208462073e-02	   1.4195330319584190e-01	   1.7239147711674013e-01	   2.1637598638935640e-01	   1.9152715794677394e-01	   1.7037778494803293e-01	   1.6652014464826401e-01	   1.6808304150839476e-01	   6.1413718902781703e-03	   3.0174586271158869e-02	   6.6194136582680099e-02	   7.9185549008975814e-02	  -1.7926248799444645e-02	   1.6188980697924199e-01	  -1.2954893443590607e-01	   1.3868979120722871e-02	   2.3709548069362607e-01	   3.5671281038331515e-01	   1.9292563098436644e-01	   8.6491384909688218e-02	   4.3889037598584657e-01	   3.3169254996420888e-01	   3.0296060424404836e-01	   3.1562623394836453e-01	   3.8793774723166408e-01	   1.5614903302421451e-01	   5.9891865571559070e-03	   1.0112040109591497e-01	   1.8085603586301160e-01	   1.2338375316110273e-01	   2.3024951438643659e-01	   2.7153793459864645e-01	   2.6115583905067674e-01	   1.1545345480913602e-01	   1.5614861215104636e-01	   1.1764245305742119e-01	   1.6227136183915006e-01	   1.6135207091382983e-01	   6.6496139674195293e-02	  -2.3855785539133940e-02	   3.1623548963043285e-02	  -6.8488195460211843e-02	  -5.6719015175431708e-02	   2.7588004541560068e-01	   3.0965251147358858e-01	   3.3425577983283777e-01	   2.2964745529773484e-01	   7.8726727937254395e-02	
   6.2710450769419501e-02	   1.1880333816894142e-01	  -1.0215093502303632e-01	   1.1704013622772599e-01	   8.5272339753985438e-01	   9.2769511312206288e-01	   1.3729654456131654e-01	   4.3107542482729677e-01	   8.6026708561249898e-01	   0.0000000000000000e+00	  -1.1440646643976432e-01	   1.4064416367653862e-01	   1.6028695311628333e-01	   2.4796634459482109e-01	  -3.0383500541159000e-02	   2.0257758113392937e-01	  -1.2003095842847304e-02	   7.5534556770715899e-04	  -6.3114303179306219e-02	   2.2857658593875556e-02	   1.9167431032077953e-01	   3.6224553324919090e-01	  -1.1911946315766442e-01	  -1.6475667909467882e-02	   6.4062087458746197e-01	   6.2741551242392468e-01	   3.0612639981737411e-01	   4.8538507790942415e-01	  -1.6703412249255703e-01	  -8.3386198709695394e-02	  -3.3300046129969459e-02	  -3.9548196160113638e-02	  -1.4460975528681837e-02	   6.0849296612976729e-02	   9.8357906643768783e-02	   1.4450140341907558e-01	  -6.4270428724895148e-02	   2.1966288308750015e-01	  -8.3616179409952890e-02	   1.2876994530186858e-01	  -1.1240931994001375e-01	  -7.8393946480564223e-03	   1.1676479132749695e-01	   7.9068236098473937e-02	   2.4023979577249444e-01	   2.0605576649158466e-01	   1.5087962429113699e-01	   8.8886068449664679e-02	   2.4948772759742882e-01	   2.3209203598802908e-01	   9.8568126802893008e-02	   7.0803673571479209e-02	   6.1152263130931611e-02	  -3.9096375412168607e-02	   1.7892695884947296e-01	   7.9289796563292853e-02	   8.4887861188497928e-03	   2.3128366249563638e-02	   3.5277271592678094e-01	   3.5807598130728585e-01	   2.5215990098839819e-01	   3.1953935111094744e-01	  -1.7978231569671876e-01	  -8.7563496686851955e-02	   1.6323290695318560e-01	   4.7422240868854182e-01	   2.9982376881273254e-01	   4.4164669215664742e-01	   6.9584610556796989e-02	   1.5828876101400050e-01	  -1.9801671701618621e-02	   1.2565484199851790e-01	   7.0922346637043068e-02	   8.9271287737220817e-02	   2.0750912453091217e-02	   8.3971587689671140e-02	  -1.5921779925584983e-01	  -6.0287898496976966e-02	  -3.9819386446147201e-03	   1.6286029244999382e-02	  -6.0065773001269022e-02	   1.9937621257480206e-02	  -2.6494846025444924e-01	  -1.2692968543704933e-01	  -2.3286413179674149e-02	   1.9688386894672641e-01	   1.7995749054551924e-02	  -6.0115008387425659e-02	   3.3840560125728669e-01	   1.9798621084859735e-01	   2.1569034715968705e-01	   1.1293588214106359e-01	   3.5315371632732862e-01	  -7.2332480754193101e-02	   3.5026219833915663e-02	   1.2859211323924424e-01	   1.8249262995127530e-01	   7.5778469334637416e-02	   1.4708324658895205e-01	   1.5119840827820988e-01	   3.7480877853661410e-01	  -2.0421398180387310e-02	   1.6514757817650785e-01	   3.7257484428525500e-02	   2.3878682031008286e-01	   1.2537544691983185e-01	   8.2187611357613335e-02	  -4.9473894171938343e-02	  -5.8619204688800221e-03	   1.2686902443570017e-02	   2.7071007899874050e-03	   2.1638013795179800e-01	   2.0963447592949030e-01	   2.9938496392782687e-01	   1.9283385958301361e-01	   1.2836629806873229e-01	
   5.2809137895974412e-01	   3.4977472239464774e-01	   5.5103719168053411e-01	   4.1330748980323229e-01	  -1.0099524920384557e-01	  -5.1280735115640699e-02	   6.3385495186974183e-01	   2.7171730532910027e-01	   1.0099043469702829e-01	  -1.1440646643976432e-01	   0.0000000000000000e+00	   6.7820593190308287e-01	   7.5268436200867050e-01	   4.9291892651707953e-01	   8.0970599468115267e-01	   7.0683404507579484e-01	   4.7283860799609334e-01	   4.4877583143774569e-01	   6.8717731020036399e-01	   5.0873384932240273e-01	   4.0280013667951953e-01	   3.0512959856628319e-01	   6.4550480737109672e-01	   5.1438000186647814e-01	  -2.0403195065250818e-02	   1.2951510739891162e-02	   2.5661708090199609e-01	   1.6014014925404860e-01	   6.0195039001406048e-01	   5.1128545427809335e-01	   4.1996467328001069e-01	   3.8566442542693374e-01	   3.8803067578600242e-01	   3.0262982271538075e-01	   1.6800853969477253e-01	   8.6173759874378503e-02	   5.4605718558032712e-01	   4.7984004845250472e-01	   5.3097849606632064e-01	   4.8281093259941188e-01	   4.6959553365340267e-01	   4.5126288416938576e-01	   3.0107354611096226e-01	   2.0787089897753153e-01	   1.9629043494552148e-01	   1.8295788235528770e-01	   2.2561439209701939e-01	   2.6778413609921548e-01	   1.3267203035575059e-01	   1.5719170898747831e-01	   3.6104374240712533e-01	   2.7986245329585746e-01	   1.9465372342676557e-01	   3.6756544829858240e-01	   2.7653164313105144e-01	   3.7108581598800183e-01	   1.3339265740746298e-01	   2.2744581276355652e-01	   2.0422165484341304e-01	   1.2498850867020716e-02	   4.1689596499117015e-01	   2.0195986768009302e-01	   4.6176142972960971e-01	   3.8077689229198308e-01	   5.6744884129435613e-01	   2.5844888374855091e-01	   2.8892070812231124e-01	   1.6556890842158178e-01	   2.3763503294741145e-01	   3.3154334220976917e-01	   5.4273606598775959e-01	   4.0620934163334360e-01	   5.3723909881459009e-01	   5.0502489288627594e-01	   4.2036696747351293e-01	   3.5453563522904513e-01	   2.7154185904982231e-01	   1.9135122042778679e-01	   5.0124031570549432e-01	   4.7420688838558889e-01	   4.7182895166330191e-01	   6.2735870129569804e-01	   5.1478841970733014e-01	   5.4004948207198322e-01	   6.7954854126181763e-01	   5.8509534100596383e-01	   5.6579795209501960e-01	   5.2715772134607675e-01	   4.4353753466835083e-01	   4.8982965538094297e-01	   2.9318796071127240e-01	   4.8344240741164646e-01	   2.9672592789498953e-01	   4.8739245988254287e-01	  -2.8762268506738120e-01	  -7.7136925835646311e-02	   1.2043166202726829e-01	   1.2346471042898144e-01	   2.2047098813379346e-01	   3.2434325936349251e-01	   1.7174927219758752e-02	   4.5035964122190048e-01	   1.0242187424740894e-01	   2.2089684687463335e-01	  -3.2736032517289931e-02	   2.9112778427666458e-01	   1.8303036758998611e-01	   3.5394175829551533e-01	  -1.3754703551770919e-01	  -2.3698671556171244e-01	   9.1940167977252865e-02	   1.9678269857359329e-01	   3.6513907328505363e-01	   1.9944138377220624e-01	   1.9418949468833985e-01	   2.0413171467005820e-02	
   3.1289157798307338e-01	   2.5528977606377973e-01	   1.7639143364385751e-01	   4.1647009033885851e-01	   6.1589033225192102e-02	   1.9964485209351948e-01	   6.0497942380937308e-01	   6.8577317678934513e-01	   2.3950398381883090e-01	   1.4064416367653862e-01	   6.7820593190308287e-01	   0.0000000000000000e+00	   7.1141962170606265e-01	   8.5338935681587980e-01	   5.2246000681291771e-01	   8.1480715963607164e-01	   2.4788083256804233e-01	   2.9496973532062071e-01	   3.3579644470760378e-01	   3.6634869687008187e-01	   3.2766147321094508e-01	   3.8940643673763831e-01	   3.1512455967039460e-01	   3.8955199638514132e-01	   5.1054021467735536e-02	   8.7544376264166793e-02	   1.7596437550763644e-01	   1.9635519467877449e-01	   4.5381811629951652e-01	   4.7393621041536743e-01	   3.1054675863136960e-01	   3.7947577830896850e-01	   2.6120565663747886e-01	   3.8071614971585227e-01	   8.1178430685736897e-03	   1.2094072666170717e-02	   3.0870836034668919e-01	   4.0154158228298842e-01	   2.5777649371122718e-01	   3.2662222323019968e-01	   2.9768431231735859e-01	   3.5763685605713813e-01	   2.2968165914117949e-01	   1.2068865673419298e-01	  -4.0536882393332439e-03	   2.5292103683227506e-02	   1.8407855905424073e-01	   2.2248196617243271e-01	   7.1414287056021791e-02	   1.6744539110592044e-01	   2.3917594091529554e-01	   2.3655283111702541e-01	   2.0527854480584196e-01	   3.1932428561803117e-01	   1.2738519664314080e-01	   2.0981096519021872e-01	  -6.0029545165324938e-02	   4.5516094327100902e-02	   2.4634230796267309e-01	   1.4783639269329790e-01	   5.6971368901583241e-01	   5.6371441538945699e-01	   3.3335864095951373e-01	   5.3275729303608876e-01	   3.4773502919833155e-01	   4.2405962735750569e-01	   1.1933119233409570e-01	   2.4183195678594932e-01	  -5.1155798314549299e-02	   1.1690232397094158e-01	   3.8964373428682181e-01	   4.8957468548970845e-01	   4.1693481773960883e-01	   4.3129988773969841e-01	   2.9332056874271950e-01	   3.3121950987293292e-01	   1.0622297907820877e-01	   2.2963853320557340e-01	   2.6990041511339929e-01	   2.2934081065025239e-01	   3.5827008675724881e-01	   4.9163792194726064e-01	   1.8948707959633804e-01	   4.0394580073554209e-01	   3.0389065235007662e-01	   5.9625869820594857e-01	   2.0916486810834939e-01	   1.5616122771445334e-01	   3.7010316589479719e-01	   3.8514493474317002e-01	   3.1816525174610888e-01	   3.6638384627439136e-01	   3.6251744052122226e-01	   2.0414637686120585e-01	  -2.6835891870535200e-01	  -4.1158603337625436e-02	  -4.2985676811160820e-02	  -9.0439461938143811e-02	   1.7618263469119572e-01	   1.9853245972332809e-01	   3.7662591622690145e-01	   2.5566254089247248e-01	   2.4122357474094758e-01	   8.7814164847264592e-02	   1.6272225954910657e-01	   2.0958185830768986e-01	   1.9619579090750267e-01	   1.5570119069334548e-01	  -5.8518424875757744e-02	  -1.9195031192502338e-01	  -2.7485852607967001e-02	   1.6890582938481613e-01	   3.3727365245333951e-01	   2.0399444694169894e-01	   2.6391629993330745e-01	   7.5287738367733420e-02	
   3.9237233455474091e-01	   3.3601249741420219e-01	   3.6768646145707995e-01	   3.3056780427494392e-01	   1.1363892566647979e-01	   1.6313339418842265e-01	   8.0452253711150534e-01	   6.0656887827663886e-01	   3.3181957718818883e-01	   1.6028695311628333e-01	   7.5268436200867050e-01	   7.1141962170606265e-01	   0.0000000000000000e+00	   7.7477646337443340e-01	   6.7444141068513352e-01	   6.5599884661408747e-01	   1.7868923216184021e-01	   1.9120498166736816e-01	   4.8316439513820442e-01	   3.4273208607829869e-01	   3.1051887129805789e-01	   3.7513672750270577e-01	   5.0706650130054243e-01	   4.6785492802625461e-01	   6.5029763366519389e-02	   4.1353231407420359e-02	   2.3572936941083844e-01	   1.7644850340149965e-01	   3.1588870623260790e-01	   2.5523241777054939e-01	   2.4561080199169466e-01	   2.2912545190289407e-01	   3.2364715426541540e-01	   3.1044322433486771e-01	   2.2670475228938902e-01	   1.9729967449328059e-01	   3.9749830672647096e-01	   4.4086251573606200e-01	   3.2861872999854680e-01	   3.9114664248486986e-01	   3.5112099940916053e-01	   3.6899985343561525e-01	   3.5726857055636596e-01	   2.6722838005912830e-01	   2.0457973272013455e-01	   1.8286296085139908e-01	   3.2144592116809906e-01	   3.4676688753392293e-01	   2.2550966049455368e-01	   3.4361507088775578e-01	   4.2572176132507322e-01	   3.2595516627442667e-01	   2.3327296455141444e-01	   3.3618634867669794e-01	   3.4897363284518590e-01	   3.4180774235919131e-01	  -4.9340524002946945e-02	   1.5212206964116143e-01	   3.3144577978449935e-01	   1.0070066000865298e-01	   6.3837847681980042e-01	   4.5190685090887028e-01	   1.1930619756876798e-01	   2.0388034795744986e-01	   5.3355512173593267e-01	   5.1619986442142796e-01	   3.5558020607348834e-01	   2.9518150697173845e-01	   8.1610051688244006e-02	   2.8189009373885771e-01	   5.1960029311324374e-01	   5.1858021624275064e-01	   4.9613937159518728e-01	   5.0264436690422731e-01	   4.4759815276699250e-01	   4.1753939219413311e-01	   3.4213915031980291e-01	   3.8476084555066470e-01	   2.1609171930348670e-01	   2.3746808476799972e-01	   2.1457992787027710e-01	   3.4009027081381771e-01	   2.0518413309964420e-01	   2.7760988373645562e-01	   4.2697190648930183e-01	   4.9080586545759119e-01	   2.8750914201694022e-01	   2.3601647394924369e-01	   6.0238080505584668e-01	   4.3258862852962371e-01	   3.1082786547116614e-01	   3.5552715504513288e-01	   2.9888355083585511e-01	   2.4671026894080497e-01	  -2.0351893234280505e-01	  -5.7304758089862110e-03	   2.2410779090323288e-01	   9.3212016666605640e-02	   2.6094986437404433e-01	   2.4055051861719212e-01	   2.1418302173706097e-01	   3.5870086781051896e-01	   1.1406068419964852e-01	   9.7391927278751622e-02	   1.3087154788490551e-01	   2.2530472895682419e-01	   1.8336232123439866e-01	   1.5453300170451129e-01	  -2.5838201358883543e-02	  -1.1220987189328552e-01	   1.2644318275003830e-01	   1.5390283124951881e-01	   3.4372228523478787e-01	   2.2640431336818745e-01	   1.7405889152281853e-01	  -4.7417073077932206e-02	
