   0.0000000000000000e+00	   6.9919897702757350e-01	   3.0635715576931932e-01	   2.1611687793749834e-01	   6.2482009863494968e-02	   3.7726838216852743e-01	  -2.3511903894168674e-02	   1.2551653717302275e-01	   4.3069747667902440e-02	  -9.6297575019797799e-02	   3.3222159136867857e-01	   2.3209170855783540e-01	   3.1422363090668898e-01	   2.2940415198189254e-01	   4.2913417316688829e-01	   3.4459714865393681e-01	   6.4686310110947465e-01	   4.9391979514041245e-01	   7.7415741393738202e-01	   6.5656294808591764e-01	   4.6002132780517191e-01	   4.8535257014345046e-01	   1.6768587859166090e-01	   1.4625914156677672e-01	   2.7609092966326365e-01	   3.4905149960689408e-01	   5.7656114216030441e-01	   6.2273581380471443e-01	   4.2292055055632349e-01	   3.3803801781878529e-01	   8.7862025909751298e-03	  -5.1737136532868343e-03	   7.6665565002860245e-02	   7.5929907540111585e-02	  -2.6230691592416683e-01	  -2.7375726039681925e-01	   3.8652201921727014e-01	   3.4385234497588324e-01	   3.0201492890405635e-01	   4.4507255894738884e-01	   4.9299182189754420e-01	   4.5199454386370574e-01	   4.3014745545352473e-01	   3.2655651385800377e-01	   2.9552629850072210e-01	   1.8405266322953170e-01	   3.5116127417566168e-01	   3.7231201732569130e-01	   2.0402702875966416e-01	   2.8450136668369019e-01	   4.2546276092883750e-01	   4.4896386216571205e-01	   4.8552042297285891e-01	   1.8638487571639065e-01	   5.8955080139513349e-01	   5.0086759439559236e-01	   8.1304034598853558e-01	   6.8564274734923014e-01	   6.0007087011635452e-01	   5.4922327468198451e-01	   4.6094663739202368e-01	   2.5944695695808123e-01	   6.0149505444718665e-01	   4.3273066715602382e-01	  -1.4531000842307989e-01	  -5.3366235864297021e-02	   4.1881285731752788e-02	  -1.1459711130782685e-01	   7.0175809224758612e-01	   5.7004121941547981e-01	   1.8084754762924066e-01	   6.9933780271505791e-02	   4.6498827639247375e-01	   4.0935945743765179e-01	   5.3072159752408454e-01	   3.7632152384711937e-01	   4.0195292101526942e-01	   3.2995966464929272e-01	   6.3336963597282891e-01	   5.9327516279339976e-01	   6.3143111737972746e-01	   4.0934769524300579e-01	   4.1122471269943828e-01	   3.3131229897062930e-01	   4.8505037273503770e-01	   3.0861237365009692e-01	   4.2810836867703506e-01	   4.2678555093343828e-01	   5.2593336603786178e-01	   6.5235540148171722e-01	   5.2006765749308581e-01	   5.2823846823952902e-01	   2.0886079306923522e-01	   2.7523189438427298e-01	   4.8800813296359669e-01	   3.6196613957438206e-01	   5.6760502924183143e-01	   5.5509734918301523e-01	   5.8942653933866218e-01	   5.7185730358136388e-01	   3.9653107026445678e-01	   4.4851951520096300e-01	   5.8469677017834742e-01	   6.1605524830361558e-01	   3.7891013823861874e-01	   2.8469608150012449e-01	   3.5189319494899074e-01	   1.3645631265878533e-01	   7.8695099930890341e-02	   3.6244240720511089e-01	   4.8225487159121416e-01	   4.9510018013599122e-01	   5.4718322846871936e-01	   5.4394484933366061e-01	   3.0057952024979617e-01	  -9.6115314293949927e-02	
   6.9919897702757350e-01	   0.0000000000000000e+00	   1.9012224308013814e-01	   2.4196461433244845e-01	   1.1228831448717702e-01	   3.9312823012182474e-01	  -6.8700479571411871e-02	   1.7744793241241241e-01	   3.8755876787863727e-02	  -1.2935023979877530e-01	  -3.6001797495709607e-02	   2.5336229162349722e-01	   1.3342426507260791e-01	   2.6828362551812773e-01	   2.5566283043392302e-01	   2.7902671921344901e-01	   5.6628918208070556e-01	   5.9649156046700880e-01	   6.8578590129480199e-01	   7.6275156516686882e-01	   5.8330668651284290e-01	   5.5565297993975604e-01	   9.6286968311212251e-02	   7.5117954642154372e-02	   2.9875282170606599e-01	   4.0684744582246440e-01	   5.5241077845118991e-01	   6.4081071596092887e-01	   3.6083599391303256e-01	   4.1972191484886734e-01	   1.1162797718765421e-01	   9.1270981154764161e-02	   2.4593848005462907e-01	   3.4713476966386236e-01	  -1.2292421126411948e-01	  -9.3198723778623607e-02	   3.9825699910182266e-01	   4.1134449534109374e-01	   3.7174712082226835e-01	   5.6127290904839577e-01	   5.4899686745563114e-01	   5.6076501363116860e-01	   4.3475526088877836e-01	   3.4341300037513472e-01	   3.4604276740547579e-01	   2.7408749235983787e-01	   4.2206770853659281e-01	   4.0211519686720359e-01	   3.0158251164512395e-01	   3.8212604087520524e-01	   4.9133533370226246e-01	   4.9547720514536053e-01	   5.4557245043318858e-01	   2.7717999511550745e-01	   7.1346497481097204e-01	   6.2438187752183261e-01	   6.9097722226472413e-01	   8.2146617515312836e-01	   5.4656524486752489e-01	   5.6624566624708594e-01	   3.3237988866202323e-01	   3.0868972553248986e-01	   5.2323763466402462e-01	   5.9340733129026813e-01	  -1.5694162884123031e-01	   4.0463680400089300e-03	   1.8312595971980256e-01	   8.3547913109619204e-02	   6.9965882065584450e-01	   6.6524890625201927e-01	   1.5502194149157517e-01	   1.1583227455508338e-01	   4.8901636701891726e-01	   5.3464503106387617e-01	   5.3039090372819064e-01	   4.8992794647344251e-01	   4.1088953396268768e-01	   4.6935740558727906e-01	   5.7492515266059729e-01	   6.6211140246895250e-01	   6.6063066060980991e-01	   4.7864431242051109e-01	   3.1609991158771994e-01	   2.7740295546901605e-01	   4.1457304329341027e-01	   3.7199179987807085e-01	   4.4401363098637259e-01	   3.3034645109577226e-01	   4.3578089025001848e-01	   6.1941994872200512e-01	   4.1996176141250174e-01	   3.0545904898133647e-01	   1.0128229016771831e-01	   4.3912295174033097e-02	   5.3029932509172961e-01	   4.8044052137388521e-01	   6.0979249775919986e-01	   6.5323898847905881e-01	   6.4055264583192273e-01	   5.3235754580822503e-01	   4.2488911369712790e-01	   2.0401953099553616e-01	   5.6073914632633648e-01	   4.5626230775585186e-01	   3.3272713624419847e-01	   1.4547362559435614e-01	   4.3573046525565928e-01	   2.1327174489791001e-01	   1.5856841594636267e-01	   3.8202381692885101e-01	   5.8431212301694524e-01	   4.8276124564521050e-01	   5.6404166739311012e-01	   5.6561737782520327e-01	   3.1164103145389238e-01	  -1.7938842878469463e-01	
   3.0635715576931932e-01	   1.9012224308013814e-01	   0.0000000000000000e+00	   5.7222368133924140e-01	   4.9004271709504721e-01	   3.4222770206716036e-01	   3.7678850139821007e-01	  -7.9306975061175761e-02	   4.3071072579356029e-01	   2.1728802803114813e-01	   3.3481559477268108e-01	  -8.3460959957573758e-02	   8.2154056780529922e-02	  -5.3582691848517869e-02	   6.7108623721782767e-01	   6.2397675858410795e-01	   1.0134793410103478e-01	   6.4048488700756509e-02	   4.9274618695771466e-01	   4.1095570630171413e-01	   4.3218405557473716e-01	   4.1874343887765786e-01	   8.8417284351967851e-01	   7.9005544257207816e-01	   7.9739410374270392e-01	   5.6642838612063118e-01	   6.6320565772748008e-01	   5.1229810199077075e-01	   1.2276264589382647e-01	  -2.4352660558260974e-03	   5.1238700723461239e-01	   5.6098712344413459e-01	   4.4104230423558993e-01	   2.3376767522549038e-01	   4.9850921037080842e-01	   3.6225613602322831e-01	   4.1509800425430615e-01	   3.2306968436553063e-01	   2.6954672200016988e-01	   3.7111368892256980e-01	   2.9683458152914988e-01	   2.2953914766156086e-01	   5.9426326309862873e-02	  -1.3402882303315052e-03	   1.0119384604935908e-01	  -5.4944942041219483e-02	   1.0576252748609231e-02	   5.2415084851867653e-02	  -2.1826248357698624e-01	  -2.3300838267821850e-01	  -1.0425620094465560e-01	  -4.4150437961925623e-02	   6.8520688655411638e-02	   1.7607401471915726e-01	   2.6304312155119675e-01	   8.7017435542025706e-02	   1.3113942787335336e-01	   1.1414046474550778e-01	  -1.6914564409105430e-02	  -5.9944897828766705e-02	   1.8179309591713780e-01	  -4.8482636573368175e-02	   2.2943239759929726e-01	   1.6721095864517577e-02	   7.5063925856929203e-01	   3.5020956996054864e-01	   4.1413913868975499e-01	   1.9827983629472537e-01	   2.2383890573391318e-01	   2.7983678328350031e-01	   6.4077353199338316e-01	   3.6248574071053208e-01	   1.7944534843575263e-01	   1.6735041239427428e-01	   2.9809952153844510e-01	   1.8098351468163890e-01	   3.3925168397882799e-01	   1.5010544687738753e-01	   2.1240652010143626e-01	   1.7679991094068920e-01	   1.8182121676221863e-01	   3.5833264021022954e-01	   3.3555916411499875e-01	   2.3221813522463397e-01	   7.6689789345986492e-01	   5.7326942795774904e-01	   5.6841259322758919e-01	   5.3953501383237301e-01	   6.3154048746179381e-01	   3.2525873562571384e-01	   5.2486006003337093e-01	   6.7746011373353687e-01	   4.1739694905638580e-01	   6.6580449392245122e-01	   4.3331843151315957e-01	   3.2025000753388955e-01	   2.9723221111390774e-01	   1.5382822622926662e-01	   1.3057880190825771e-01	   9.6761047418065738e-02	   8.6833255793188166e-02	   2.4362216127369710e-01	   2.9026900242560572e-01	   2.5946820863897019e-01	   3.4665672810108428e-01	   3.2467709918705900e-01	   1.5613750200644683e-01	  -2.0361999608179349e-01	   5.4194463280590188e-02	   1.9504324985864649e-01	   2.9998894637192625e-01	   2.8169314160673392e-01	   2.7608724876874202e-01	   3.0933046227201938e-01	   1.8883145280965802e-01	  -9.6473477694237211e-02	
   2.1611687793749834e-01	   2.4196461433244845e-01	   5.7222368133924140e-01	   0.0000000000000000e+00	   6.3119540879565628e-01	   6.5839729297794103e-01	   4.6608679323174335e-01	   5.1374857792668194e-01	   5.4621812463704222e-01	   5.5653458277375278e-01	   9.9141336482788472e-02	   2.8381005292456207e-01	   1.2180911236722047e-01	   1.9449587902397830e-01	   2.8837188109739670e-01	   6.3998357703760422e-01	   1.9710044644767796e-01	   4.5653046535253844e-02	   4.5024402739225650e-01	   5.1000719726969757e-01	   3.0688865877113652e-01	   3.6740916264427470e-01	   4.5238556510633199e-01	   7.1485502483703289e-01	   4.7777153952722196e-01	   5.7765493550242919e-01	   4.7494559996975561e-01	   5.0969556863281618e-01	   1.9305067330149209e-01	   2.3947795428547836e-01	   2.3994102096888714e-01	   5.5174723689968475e-01	   3.6020886966655552e-01	   4.2120451153117489e-01	   2.1608212168765845e-01	   3.0578957941378709e-01	   1.6848436922802509e-01	   2.5131851587210896e-01	   1.5156063318620161e-01	   2.6946269763354558e-01	   2.1925698125826559e-01	   2.5417130785769221e-01	   1.0605332868394199e-01	  -2.9008936643278208e-02	  -1.1282189803180108e-01	  -1.5185987294747025e-01	   1.1657459402066402e-01	   1.0899161377170592e-01	  -1.8583019089626429e-01	  -2.5021705680372092e-01	   1.1897356032535862e-01	  -5.2413240773582594e-02	   2.8956628312593291e-01	   3.3319122551601066e-01	   2.6119843197204184e-01	   1.1698357945388438e-01	   1.4417153502719093e-01	   1.0732304427412645e-01	   1.8879021031539312e-02	   2.0366260345271531e-01	   2.4562009156584358e-01	   4.2157655265338467e-01	   3.4078185380348724e-01	   2.3883710804918229e-01	   4.1676484791529034e-01	   6.2764170080634007e-01	   2.5156039960131488e-01	   3.9246009138261834e-01	   2.9114974910355834e-01	   3.4391301021697107e-01	   4.4226205220348558e-01	   5.6927775590715501e-01	   2.7920556353362874e-01	   3.2715666732992493e-01	   3.2989173646446257e-01	   3.7042370812517433e-01	   3.4318597282035906e-01	   3.8288848391073582e-01	   3.2142259112675997e-01	   1.9023704483721796e-01	   2.8584243351155308e-01	   2.8298144097754885e-01	   1.9206791464644696e-01	   2.3305110420019265e-01	   4.7468310500789135e-01	   5.6326587003647277e-01	   2.3384544823999243e-01	   4.1816398882543226e-01	   3.5144179077212384e-01	   4.2216592203715614e-01	   5.3188240458466096e-01	   4.5853350338024612e-01	   5.6835746880378002e-01	   3.3955088444283554e-01	   2.6968600348265576e-01	   1.9378737791947037e-01	   1.0849807517857797e-01	   3.4252958769981565e-02	   2.5720506012644306e-01	   1.5377392655218183e-01	   3.3337352188077818e-01	   2.0723814230470003e-01	   3.7066126977231839e-01	   2.9265995732474948e-01	   2.9913611127885886e-01	   1.7969837590775162e-01	   2.2078600427833922e-01	  -1.1122077101587709e-01	   2.0515182951226649e-01	   1.8414330457101674e-01	   1.7156518739115995e-01	   2.7798264147780538e-01	   3.4367947340872007e-01	   4.0758225112646052e-01	   2.4728300414543000e-01	   6.0538237893484885e-02	
   6.2482009863494968e-02	   1.1228831448717702e-01	   4.9004271709504721e-01	   6.3119540879565628e-01	   0.0000000000000000e+00	   6.2467585083192489e-01	   5.3732227804363164e-01	   3.3777918723831157e-01	   7.5230924645597697e-01	   4.3618275053908934e-01	   1.7050524604129555e-01	   2.2410709583570024e-01	   2.1603560639398486e-01	   9.7961769359216758e-02	   3.9760900173359004e-01	   5.2334343748763323e-01	   1.5277174074292260e-01	   4.3240051955097177e-02	   2.1587182419586876e-01	   2.3889010316998133e-01	   4.1363342902743111e-01	   3.1862548464102070e-01	   4.5553762657182106e-01	   5.4908905646869599e-01	   5.6641943119367277e-01	   6.3005781205345490e-01	   4.1150048224017410e-01	   4.0342366574769173e-01	   3.2024243103661859e-01	   3.1502459585680692e-01	   5.1867018675526233e-01	   6.4709793289387629e-01	   4.5876589275301671e-01	   4.4900224509405606e-01	   2.7166924416385185e-01	   2.9180726551004466e-01	   1.8578276638444299e-01	   1.3646852360410458e-01	   2.1991396175359401e-01	   2.5216093021982949e-01	   2.5659354392629219e-01	   1.4783253108613140e-01	   2.6672551267929540e-01	   2.1253240050114791e-01	   2.0028804153577595e-01	   2.0773411045752296e-01	   2.6728158794043511e-01	   2.8829048501675164e-01	   1.2711904569541704e-01	  -4.7134550964401511e-03	   9.8512248266951291e-02	  -7.6084209627613475e-02	   1.5192302187973150e-01	   3.9618752676711355e-01	   2.3486964740833538e-01	   2.1712811078882538e-01	  -5.6708713041364652e-03	  -4.0070759534135539e-02	   5.4969242244790453e-02	   3.3021116938370794e-02	   2.1616439864478140e-01	   2.7993988184162205e-01	   1.3973782172337446e-01	   1.6160238731552654e-01	   4.3555395051321194e-01	   3.6793924446219667e-01	   4.3993569004631433e-01	   4.2948889354432029e-01	   1.3932454837439934e-01	   2.5249312141913516e-01	   5.6625600422315114e-01	   4.9752701647698189e-01	   3.5658474081716773e-01	   3.7528080383060708e-01	   3.8738381820061613e-01	   3.1911542980310670e-01	   2.6069150595057122e-01	   2.0304535052166289e-01	   2.1247491607672653e-01	   1.4798677184057990e-01	   1.3893557439122006e-01	   2.4645138588078108e-01	   2.3814380391210954e-01	   2.1010253527664885e-01	   3.8122766381546630e-01	   3.7525894168953144e-01	   3.9015655184791331e-01	   4.0142792108642827e-01	   2.3609492165620069e-01	   1.3095823928074193e-01	   1.5152967061365724e-01	   2.7299133403679865e-01	   8.4838761796722395e-02	   1.7927196614880878e-01	   2.7076601997571803e-01	   2.6704379626012692e-01	   1.5476804543306794e-01	   1.3915514587229916e-01	   1.5129972767372313e-01	   1.8112354219812699e-01	  -1.3822439287612129e-01	  -9.6687514819026529e-03	  -9.6634510394785888e-03	  -2.8594994442023167e-02	   7.6061078698889617e-02	   3.0333681952302701e-03	   4.8664517818686137e-02	  -2.5734306586629485e-01	   1.0836384732040026e-01	   7.2919242068342993e-02	   1.4138726769291221e-01	   2.4506646557894346e-01	   2.0529412311930501e-01	   3.1804014034332984e-01	   1.2282642201230710e-01	  -2.3781968943646708e-03	
   3.7726838216852743e-01	   3.9312823012182474e-01	   3.4222770206716036e-01	   6.5839729297794103e-01	   6.2467585083192489e-01	   0.0000000000000000e+00	   3.5056025401064544e-01	   5.5984096902641700e-01	   6.2140676124755623e-01	   6.3111970091914804e-01	   1.5602995543546036e-01	   3.6319449735743747e-01	   4.3552575985193220e-01	   4.2975289611275980e-01	   3.0027846052197671e-01	   6.1191802044241961e-01	   3.7917443862791578e-01	   2.6935704653445791e-01	   4.9810266290865024e-01	   5.4888315916374730e-01	   4.5364791274705907e-01	   4.8427129214586040e-01	   2.2891425344043997e-01	   3.9306998922821346e-01	   3.6049611927505187e-01	   5.6402399305393136e-01	   5.5305108677476678e-01	   7.2704597006349747e-01	   3.2740523813802880e-01	   4.7411027289728880e-01	   1.6139289406796956e-01	   3.5011757652875641e-01	   2.6742743995936691e-01	   3.8188382487479666e-01	  -4.6317269246334055e-03	   1.0847223045443025e-01	   2.0844620402416902e-01	   2.0300194315846981e-01	   1.9977407151203708e-01	   3.2614201181188995e-01	   3.6246877863407212e-01	   3.3584977297940999e-01	   4.2099916866868931e-01	   2.6676038041476058e-01	   1.7686131190384413e-01	   1.8522211738305300e-01	   3.3901960414597854e-01	   3.5174937031089737e-01	   1.7188737086913608e-01	   1.4947513640208560e-01	   3.9116672774713029e-01	   2.2294893519924064e-01	   4.7656570882135729e-01	   3.9011441519440948e-01	   4.5196915410024341e-01	   3.7969072376904106e-01	   3.0415061570958196e-01	   2.3482177388653486e-01	   3.4975847723530640e-01	   4.2824748843914606e-01	   3.2823853358433341e-01	   4.9822228117756817e-01	   4.1399715857325692e-01	   3.8255541146840355e-01	   1.0783844084847316e-01	   3.4673736432511132e-01	   2.8997075473862005e-01	   3.5573889057038416e-01	   4.2455983766293587e-01	   4.5640472386054637e-01	   4.3619678051929889e-01	   5.2718045587713913e-01	   4.9649696807643101e-01	   5.3958730615382811e-01	   5.0488501566053412e-01	   5.1151722179469805e-01	   4.9764722750490453e-01	   5.1623649127252924e-01	   4.0239328288241061e-01	   3.4031931924138126e-01	   4.1863127013671025e-01	   3.2262020817754361e-01	   2.0136851615505477e-01	   2.8189921030502413e-01	   3.6703911339402412e-01	   3.6332957239532715e-01	   2.2078620455038545e-01	   3.0886355673503824e-01	   3.5973436820056065e-01	   4.9985527839464095e-01	   4.5017077173499620e-01	   4.3734520554253670e-01	   2.9499470644480402e-01	   1.9829182489821645e-01	   3.4862511015488640e-01	   2.8769423278976974e-01	   2.1874004398476246e-01	   2.1024706812585442e-01	   4.0981064286700092e-01	   4.2272880356156195e-01	   3.1699649397435709e-01	   2.8442413754442297e-01	   3.9746327280994209e-01	   3.7939943393426789e-01	   3.5151428212478886e-01	   2.1574120423748755e-01	   2.2614543987927446e-01	  -2.4708785245089465e-01	   2.4108705670716768e-01	   1.7247969224514023e-01	   2.0304720552197442e-01	   4.3019226165950797e-01	   4.2587627500588077e-01	   5.2902346823676161e-01	   3.9095102499798440e-01	   1.5238537400753657e-01	
  -2.3511903894168674e-02	  -6.8700479571411871e-02	   3.7678850139821007e-01	   4.6608679323174335e-01	   5.3732227804363164e-01	   3.5056025401064544e-01	   0.0000000000000000e+00	   6.0476591779398536e-01	   4.4970749385626840e-01	   3.4058291683163044e-01	   2.9173286944582144e-01	   2.4779177236798244e-01	   5.0019528243014366e-01	   2.9440854313351911e-01	   1.3930451929461343e-01	   3.4188145370884748e-01	   1.7399994156366905e-01	   7.7005072147180498e-02	   1.4439819390875872e-01	   1.9961750283640717e-01	   3.7764099912727556e-02	  -2.0588837996081383e-02	   1.4491458394771831e-01	   2.0503910320860608e-01	   8.9757800068227742e-02	   1.0053373673405451e-01	   2.2864373905987131e-01	   1.5937812654294620e-01	   4.1709491782401686e-01	   2.8846772357836215e-01	   2.0297480662565043e-01	   2.2902180804068001e-01	   4.9420370714218143e-01	   4.1728505605065269e-01	   2.6035589720674965e-02	   6.3052420657969094e-02	  -3.0676041004605067e-02	  -1.0801962909279694e-01	  -1.1692056521302452e-01	  -8.2800726412875794e-02	   6.7708136493694102e-02	  -8.6391649283149269e-02	   1.4360503887574913e-01	   1.4372965233354801e-01	  -1.6056433225066499e-02	   2.8669151893980921e-02	   1.4193492590231169e-01	   1.9976009798019953e-01	  -6.2946581764344450e-03	  -6.0676036240826993e-02	   4.4643357781126672e-02	  -7.9971205982738533e-02	  -1.7217489244799943e-02	   2.5851640393801162e-01	   2.9447115721393073e-02	   3.3627599311231410e-02	  -1.7650016805848717e-01	  -2.2438139441850602e-01	   9.5543498172567062e-02	  -1.1491190125303828e-02	   4.0522757926220204e-01	   1.8344360794220263e-01	   3.0745815365702506e-01	   2.2080537770934799e-01	   2.8936753896697603e-01	   2.9020857862449684e-01	   2.1813003468348430e-01	   2.5914675062567022e-01	  -1.1552320096101751e-01	  -1.7438996514679159e-02	   3.3397329413301796e-01	   2.6330131303475723e-01	   1.8296526866153551e-01	   1.7912240267554985e-01	   1.8068304036978439e-01	   2.3306201794496273e-01	   8.5824102104604227e-02	   1.0639571084751596e-01	   1.7220001188685552e-02	   1.4613958467053854e-02	   1.4113713219119084e-01	   2.3971109339192470e-01	  -6.5285919241077489e-03	   1.5524238222498130e-01	   1.7949176534244277e-01	   3.5916579979074637e-01	  -5.7167717951893737e-02	  -8.2450594091328417e-05	   1.2324404821448467e-01	   7.5930800452079394e-02	   1.2064053648622400e-01	   2.1900768465850046e-01	   1.3373481396264056e-01	   1.3627154717354739e-01	   3.9836532488205116e-02	   1.2922311043001308e-01	  -6.8825895208404582e-03	  -5.1884351910708268e-02	   5.8076333835972077e-02	   5.4575110007419943e-02	   1.2044785913453487e-01	   1.9126865035721596e-01	   5.1443067693861311e-02	   9.2230037790733535e-02	  -3.1763425581810695e-02	  -1.7429917159820681e-02	   7.4106308437915880e-02	   7.7920634830429825e-03	   1.0836071661986521e-01	   2.4685968316498875e-02	   4.9690425323467777e-02	   6.7322094291535434e-02	   1.3687162249772532e-02	   6.2776878512781450e-02	  -7.8277600320636714e-02	  -6.4915417430661482e-02	
   1.2551653717302275e-01	   1.7744793241241241e-01	  -7.9306975061175761e-02	   5.1374857792668194e-01	   3.3777918723831157e-01	   5.5984096902641700e-01	   6.0476591779398536e-01	   0.0000000000000000e+00	   3.0977931087988853e-01	   4.4058588835703960e-01	   3.8661657854423423e-02	   4.6637039794328156e-01	   5.3015469341307142e-01	   5.4580957371780436e-01	  -1.1235828832911535e-01	   2.2624941017993630e-01	   3.4716910824873570e-01	   2.5917070143943766e-01	   1.6655393350551209e-01	   2.7562776410953538e-01	   2.2352429379802467e-02	   7.6420880701920768e-02	  -2.7288361572725894e-01	  -6.4572869436545013e-02	  -1.7189880020167361e-01	   1.0206930663538272e-01	   8.8797415464092769e-02	   2.3981697957045170e-01	   4.3896036862651189e-01	   5.4306167215976042e-01	  -8.6358701458943893e-02	   5.0902863695308609e-02	   2.7094368943213576e-01	   4.5139003353017337e-01	  -3.2490279994196175e-01	  -1.4196634959534282e-01	  -2.8169506309589393e-02	   4.9263222881215278e-03	  -3.0689569170099643e-02	   5.1671412447113735e-02	   1.9041446008803040e-01	   1.8321476528949043e-01	   2.6676743868705610e-01	   1.8907092351594959e-01	  -1.4213199288335018e-02	   8.3987798250898804e-02	   2.6352963335435953e-01	   2.4725827403930212e-01	   1.6466442750535842e-01	   1.5201892003447293e-01	   3.8007953514430665e-01	   1.3249064085980494e-01	   3.0686287911251386e-01	   2.7294543143674455e-01	   2.3592821073132539e-01	   2.4269613300879525e-01	   1.2693393479094645e-01	   3.7545090415922439e-02	   3.9186097634649353e-01	   4.2782022116694562e-01	   4.8597533987796659e-01	   6.0899114976565549e-01	   4.1248246538922390e-01	   5.1508302021333308e-01	  -1.8033471297905251e-01	   2.8903524811224990e-01	   1.3705830704439141e-02	   2.1619186149623515e-01	   1.6694874939214349e-01	   1.9501100848337569e-01	  -1.1335599620586358e-02	   2.6949348716139082e-01	   3.3631119272663507e-01	   4.0724689681664888e-01	   2.3559548026843363e-01	   4.3120153894041025e-01	   1.6927385200006353e-01	   3.5079076665459974e-01	   1.8284208412342523e-01	   1.7381324891755331e-01	   3.2308522814689122e-01	   2.0098973132512973e-01	  -1.8437374413216419e-02	   1.9163382815181834e-01	  -2.6676685925276399e-02	   1.5571719801751444e-01	  -2.1783516724428120e-01	  -1.0110602066019113e-01	   9.1139833624575117e-02	   3.5321679378836818e-01	   1.9997884912797148e-01	   7.5569316955090823e-02	   1.6750674592375586e-01	  -1.4016419132309038e-01	   4.3854225305448469e-02	   8.6406437234694822e-02	   3.3852958352275662e-02	   4.6524733192742751e-02	   2.8945959127851117e-01	   2.4014004545641210e-01	   4.2254907222170457e-01	   2.3725971038120175e-01	   2.6081331689340359e-01	   2.6516069983059964e-01	   8.8762117327784079e-02	   3.7611999056811701e-02	   2.1738159222010023e-01	   8.1303375656145274e-02	   2.1528393708264226e-01	   7.3257204863250214e-02	   4.0292364753760919e-02	   1.5010070902929515e-01	   2.1881481007764469e-01	   2.2139406653053662e-01	   7.3995664808311518e-02	   4.8584596964539380e-02	
   4.3069747667902440e-02	   3.8755876787863727e-02	   4.3071072579356029e-01	   5.4621812463704222e-01	   7.5230924645597697e-01	   6.2140676124755623e-01	   4.4970749385626840e-01	   3.0977931087988853e-01	   0.0000000000000000e+00	   6.7243925815065542e-01	   1.9414565688816771e-01	   1.8973665858652883e-01	   3.7572747638749193e-01	   2.1388339145186963e-01	   3.1659246360333604e-01	   4.9653148282741655e-01	   7.1411960049252821e-02	  -9.6782034667868930e-02	   1.4217208440817436e-01	   1.9363880376038073e-01	   2.6597799069085953e-01	   2.8295280738791218e-01	   3.5351926654573135e-01	   4.1633486825885335e-01	   3.6325997179703634e-01	   3.5672056080054021e-01	   4.0148804284498191e-01	   3.5752467415463846e-01	   1.4519140268570177e-01	   1.4518702034672182e-01	   2.1114731597496128e-01	   3.9351599517086133e-01	   2.7663492431240622e-01	   2.8010962920071869e-01	   1.9931962982152909e-01	   2.0287695196049466e-01	   1.4127476949997655e-01	   7.2166572913213115e-02	   4.9009081457990253e-02	   1.2828876172640183e-01	   8.8335915541465179e-02	   2.2398280032010873e-02	   1.5060447418339976e-01	   8.1915678950517962e-02	  -2.3805945974309926e-02	   1.1575411438680069e-02	   1.4690874563349154e-01	   1.7769425187048729e-01	  -7.2984086026422297e-03	  -1.2593397322220296e-01	   6.2238365161864637e-02	  -9.2031190472319682e-02	   2.0090911231801542e-01	   3.9800223584622346e-01	   1.9453904975869596e-01	   1.3543072091892805e-01	  -3.5678763444474175e-02	  -1.0033055885873599e-01	  -1.2766355357909265e-02	   3.1035057238215295e-03	   2.4421305146324707e-01	   2.9565737658558999e-01	   1.5390033884716231e-01	   8.4433497633179699e-02	   3.9644391903169884e-01	   3.7974951851462097e-01	   2.2315559273071031e-01	   2.8092518234902386e-01	   1.2769037027187213e-01	   2.0600471877641130e-01	   5.5057004809955701e-01	   4.5771738794264777e-01	   1.2994478601028731e-01	   1.9515911994897470e-01	   2.2314707896080105e-01	   1.5416207358480064e-01	   2.9053756620388782e-01	   2.4349183811668806e-01	   1.3376837003773701e-01	   3.7104154605227639e-02	   8.3314342093929461e-02	   2.0502297864183239e-01	  -1.3098561963628148e-02	   1.4185534630835791e-02	   3.7489536642865928e-01	   3.5732412172103145e-01	   1.6654052241186723e-01	   1.7445439587689548e-01	   3.1573741883454587e-01	   1.8866952458140374e-01	   2.4980327013743187e-01	   3.3700893811404820e-01	   1.9917131289368228e-01	   2.6489656648079229e-01	   1.2631847774417676e-01	   1.5547941803107074e-01	   8.7355961097031751e-04	  -4.0411108676164625e-02	   8.0202711699197182e-02	   1.3153987401292233e-01	  -1.1610157168139543e-02	   1.7744064145161839e-01	   5.1216728809844153e-02	   8.5625331020092163e-02	   6.3937618239790772e-02	   7.0069451297957761e-02	   1.1481498654171406e-01	  -2.0274615581791305e-01	   1.4176588755204772e-01	   1.0089637937818367e-01	  -9.3737638150397373e-03	   1.3967937702501995e-01	   9.2746810338713709e-02	   2.7816138467677853e-01	   1.5428260486231299e-01	  -1.1512708496209027e-02	
  -9.6297575019797799e-02	  -1.2935023979877530e-01	   2.1728802803114813e-01	   5.5653458277375278e-01	   4.3618275053908934e-01	   6.3111970091914804e-01	   3.4058291683163044e-01	   4.4058588835703960e-01	   6.7243925815065542e-01	   0.0000000000000000e+00	   4.5228646737780459e-02	   1.3037804569594988e-01	   2.1991960416780182e-01	   1.4773643894603905e-01	   3.0331206384536222e-02	   3.7820522413618352e-01	  -6.9543646722340716e-02	  -2.2873067325243573e-01	   5.0461407040693559e-02	   1.0691882270959957e-01	   3.8246805243644023e-02	   1.1681586256245019e-01	   1.7723818519745740e-01	   3.3806608736967514e-01	   5.7791322124910519e-02	   1.2738015976184452e-01	   1.8393110906334464e-01	   2.2641948413160135e-01	  -7.8786552569677759e-02	   3.4496408792386003e-02	  -4.8323412671541069e-02	   1.8593033664934144e-01	   1.7374585887757882e-01	   2.2312139926399241e-01	   2.0204614868854104e-01	   3.0742935836480317e-01	  -5.1493199570421269e-02	  -1.2333516910465242e-02	  -1.2874327297614929e-01	  -4.9373100801555464e-02	  -5.1780772314177090e-02	  -3.1825744439262824e-02	  -6.6906596680361877e-02	  -1.9643316066325958e-01	  -2.8591976881380898e-01	  -2.2036777329837681e-01	  -7.5884425363556371e-02	  -7.6407493083993847e-02	  -2.4491444577802507e-01	  -2.9800478624745763e-01	  -3.3955581466970197e-02	  -2.1765460827099453e-01	   1.5760152278270059e-01	   2.0024364999473954e-01	  -1.4203927283691123e-02	  -1.5313861774781151e-01	  -1.1884137760436950e-01	  -1.9697437494044912e-01	  -7.0402737618868977e-02	   1.0413155686088238e-01	   1.8451414778742742e-01	   4.1950715777034747e-01	   1.1074301907818006e-01	   9.2876137668096867e-02	   2.7766287184132388e-01	   4.3261776140753594e-01	   1.7396733981708118e-01	   3.7087759603221537e-01	   7.1173907002325953e-02	   1.3971190820387211e-01	   2.6277240144628378e-01	   3.1149476987815800e-01	  -8.3149075067356887e-02	  -1.3850131101104697e-02	  -8.4163072390196325e-02	  -1.1621747250107343e-02	   1.7817678128091077e-01	   2.1045706091494398e-01	   4.6510878564061553e-02	  -8.4240115121641534e-02	   2.6729244136811249e-02	   5.5682337799265985e-02	  -1.8782373421629747e-01	  -1.0694071241253361e-01	   2.0810402781162007e-01	   2.1359327405826065e-01	  -1.4024231430153047e-01	  -1.0012344875601776e-02	   1.5202678163172806e-01	   1.5097668029160699e-01	   3.9508908066145132e-01	   3.3251562658890160e-01	   4.8435335801986257e-01	   3.1581120692906567e-01	   1.3582019464227193e-04	   5.0763509596535965e-02	  -2.1311120399376487e-01	  -2.7590042134881165e-01	  -1.8377965383711295e-02	  -6.5047989519468205e-02	   2.5805689076438909e-01	   3.2945129687742691e-01	   1.9418380391968745e-01	   2.4358491598132681e-01	   1.6229236381337162e-01	   1.6242701227453579e-01	   1.7670266537158830e-01	  -1.7966686354590455e-01	   1.0218162936051164e-01	   3.4032536627526283e-02	  -8.2531971493428141e-02	   2.6164503835271285e-02	   8.7904360491468242e-02	   1.1465584181281217e-01	   9.2704393965136675e-02	   9.6576903144506399e-02	
   3.3222159136867857e-01	  -3.6001797495709607e-02	   3.3481559477268108e-01	   9.9141336482788472e-02	   1.7050524604129555e-01	   1.5602995543546036e-01	   2.9173286944582144e-01	   3.8661657854423423e-02	   1.9414565688816771e-01	   4.5228646737780459e-02	   0.0000000000000000e+00	   4.0658669041758988e-01	   5.9640469420510722e-01	   3.1628190390673233e-01	   6.2393343928047573e-01	   5.0141000283766313e-01	   2.5085055969254766e-01	   4.6973172399170926e-02	   3.3620071682763064e-01	   1.5611987363834129e-01	  -6.4945994620227892e-03	   7.8217040774947663e-02	   2.8547574817503985e-01	   2.1683720858333339e-01	   1.7544198157841698e-01	   9.9237747818932839e-02	   1.9485397677400951e-01	   1.3212848196690805e-01	   3.7455553863654678e-01	   1.8462911139302568e-01	   1.9888331025218708e-01	   1.3543829535840224e-01	   1.0155938720674765e-01	  -3.8553661259682202e-02	   1.4166879402036667e-03	  -1.6027576878857322e-02	   5.4826950181774060e-02	   3.6404894924099429e-02	   8.7898128629915515e-02	  -2.1280780825108331e-02	  -5.1075114975244681e-02	   2.8870970724082085e-02	   2.7302245332011216e-01	   2.5247406838188419e-01	   2.6719046414411673e-01	   2.3758108501925054e-01	   1.9789596955674885e-01	   2.4231855535818933e-01	   9.3313671288868263e-02	   1.3583012844948428e-01	  -5.1060136191974609e-02	   2.5442227711567213e-02	  -7.2612911723983521e-03	   1.0643715165793234e-01	   3.7584924310105725e-02	   5.7487771277149519e-02	   3.5089431753313124e-02	  -1.2222632685946705e-01	   1.5760338712437413e-01	  -7.3885366937729791e-02	   2.6258375439632020e-01	  -4.5617566911224736e-03	   1.2483696654621383e-01	  -1.1569227007383312e-01	   1.6622610383747330e-01	  -2.6641168734698611e-02	   1.1906536285877834e-02	  -8.0244966514523730e-02	  -2.0472809550720211e-02	  -3.9320817079991646e-02	   3.3045473156961097e-01	   1.2987811690325776e-01	   1.2909692507587944e-01	   5.5240976622185231e-02	   2.5535700050708271e-01	   1.3395047369378130e-01	   1.7447490331543378e-01	   1.9561710518051546e-02	   1.6890327078237809e-02	  -3.9661562122455432e-02	   8.2365025621117194e-02	   1.0992386588965805e-01	   3.6093119199550361e-01	   3.7837858920829642e-01	   2.7131241453358756e-01	   1.4606753840742409e-01	   1.7086266975495007e-01	   1.3594019088401105e-01	   2.7447483260719430e-01	   1.3834135280909096e-01	   1.9565109410268081e-01	   3.3339667423687219e-01	   1.3327671897158749e-01	   2.7565118300740998e-01	   1.3933152915497868e-01	  -6.9391095332656527e-02	   1.1411869237828488e-01	  -6.1415420648001415e-02	   7.4755264729044285e-02	   1.8897222550431764e-01	  -7.0259573571947120e-02	   1.7894634570567886e-01	  -1.4718358314788597e-02	   1.4360458048780646e-02	  -1.5687347082834750e-02	  -3.0753167021904081e-02	  -1.0497286315598038e-01	  -1.3457308612301347e-01	   8.8305271480642572e-02	   4.8238837810484478e-02	   5.6122558408318673e-02	   2.4763540054313007e-01	   4.8763597776367185e-02	   4.4938284279384885e-02	  -1.7459592889697912e-02	   7.2281090154263358e-02	
   2.3209170855783540e-01	   2.5336229162349722e-01	  -8.3460959957573758e-02	   2.8381005292456207e-01	   2.2410709583570024e-01	   3.6319449735743747e-01	   2.4779177236798244e-01	   4.6637039794328156e-01	   1.8973665858652883e-01	   1.3037804569594988e-01	   4.0658669041758988e-01	   0.0000000000000000e+00	   5.2792175776079675e-01	   7.5470484394739745e-01	   1.7633988570907178e-01	   4.5918758644076729e-01	   2.0593684358110420e-01	   1.5160716611389741e-01	   1.1017955322698009e-01	   2.0231318294597012e-01	  -3.2771461902200184e-03	   6.5441339788554806e-02	  -1.7125962903406933e-01	   3.7873539337815308e-02	  -5.5016628268834085e-02	   1.1749853649377928e-01	   1.4741729744973736e-01	   2.3589033059221329e-01	   3.6043958932501191e-01	   4.3625188011633870e-01	  -3.9547369675933405e-02	   5.7663853110442712e-02	   1.3253939170275306e-01	   2.6968591493752558e-01	  -1.5111146288628213e-01	   5.8873737210966746e-02	   1.3861824053570969e-02	   1.6556207000387332e-01	   1.1770695242810809e-01	   1.0733729431451156e-01	   8.3460624237134240e-02	   1.7683932432695551e-01	   1.9944172599824145e-01	   1.8699319281330978e-01	   8.8237318099985224e-02	   2.1749848364191163e-01	   2.0525440152911462e-01	   2.3842120105594167e-01	   1.9271325261685740e-01	   2.1774567636390554e-01	   2.6422875269932128e-01	   7.9740931694669587e-02	   2.2927360719156978e-01	   1.7619620442572637e-01	   2.1307415284979414e-01	   2.7469271591222361e-01	   1.0671459815698284e-01	   1.5061328975605716e-04	   2.6093129758368938e-01	   2.0733673887606363e-01	   3.5859141933974092e-01	   5.0267361164246582e-01	   7.2057142531730331e-02	   1.6188720304531906e-01	  -6.3430516771608117e-02	   3.2035607519061154e-01	   1.6073678367888321e-02	   2.3247048395442094e-01	   9.0613699009323034e-02	   1.2273573891509237e-01	   9.5110798984975431e-02	   2.6466915636452815e-01	   2.4894274113593851e-01	   3.0990050466436425e-01	   2.4419963111770121e-01	   3.4305656433395537e-01	   2.8437978201375436e-02	   2.2113157445791040e-01	   9.9792501098858177e-02	   7.5551664240608579e-02	   1.3610768741993567e-01	   8.9150775162190832e-02	   5.6341554100559445e-02	   2.1533763827866351e-01	   5.6313991479566942e-03	   2.2124180679972627e-01	  -2.2031081370441019e-02	   4.6051257430088879e-02	   1.6413558245250143e-01	   3.9709584809011955e-01	  -1.0082585215535296e-02	  -7.5526371981812626e-02	   2.2710395992406435e-03	  -2.4627488994191499e-01	   2.1689609616429042e-02	  -4.9552797436177590e-02	   6.8165949238333662e-02	   9.8259404345576840e-02	   9.1525821121336379e-02	   1.7926472485816347e-01	   1.7435678946784154e-02	  -3.9874450176474355e-02	  -6.8215321827079373e-02	  -6.3139731344474745e-02	  -1.5761805565938022e-01	  -2.4579014679762126e-01	   7.5631910272465699e-02	   1.3883588432771407e-01	   7.4248012309817202e-02	  -5.8835744702869036e-02	   6.6865867366774677e-03	   1.1458659860781810e-01	   3.6148803787378135e-02	   1.2246588599684573e-01	   1.7510763638173856e-02	  -1.3589496797331574e-01	
   3.1422363090668898e-01	   1.3342426507260791e-01	   8.2154056780529922e-02	   1.2180911236722047e-01	   2.1603560639398486e-01	   4.3552575985193220e-01	   5.0019528243014366e-01	   5.3015469341307142e-01	   3.7572747638749193e-01	   2.1991960416780182e-01	   5.9640469420510722e-01	   5.2792175776079675e-01	   0.0000000000000000e+00	   7.7230464643027408e-01	   3.3339249604313992e-01	   4.4255235158011563e-01	   3.1136002515999478e-01	   1.8217513469030414e-01	   2.3105515140882607e-01	   2.3859249159278229e-01	   6.6116575371590464e-02	   1.0238579287662759e-01	  -7.5283031140935638e-02	  -8.7296606286567685e-02	  -6.4032450245338254e-02	   4.3271328370909995e-02	   2.5211098037407098e-01	   3.0245783212662852e-01	   4.3632294075732669e-01	   3.9921750690148150e-01	   2.2926285818396182e-02	  -4.0729433498141281e-02	   1.7602089533765930e-01	   1.7433449077198451e-01	  -2.7800872939600912e-01	  -2.2304947292555846e-01	   1.7447783080880186e-01	   5.5660818625253683e-02	   6.9433274633481840e-02	   1.1285453693566413e-01	   1.7720286816889216e-01	   9.5119528489884766e-02	   3.2792546456338534e-01	   2.9308991178145916e-01	   1.3159393505341374e-01	   1.9538957155172187e-01	   2.5342891475576834e-01	   3.2650585857798753e-01	   2.2037024260438554e-01	   2.7320531098673689e-01	   2.8093091908938617e-01	   2.0941728718196240e-01	   2.1368309317292231e-01	   1.9874334279338535e-01	   2.6689650420217792e-01	   3.1050925583219868e-01	   1.2293898568110137e-01	   2.3894575568472999e-02	   4.9473793573780356e-01	   3.1296477601997141e-01	   5.6829096942904500e-01	   3.3464194854391666e-01	   3.1719928607799475e-01	   2.2679753720416865e-01	  -1.0449275575146817e-01	   4.0237742340796231e-02	   2.8555878492007424e-03	  -2.6980615093831855e-02	   1.4684638872091596e-01	   1.4583134455663574e-01	   2.2030396595452834e-01	   2.1933926105820142e-01	   2.6736325066089794e-01	   2.4436338077029088e-01	   2.7216262926430224e-01	   2.8798373149849454e-01	   2.4824235181926491e-01	   3.0259915979477220e-01	   4.2924599210790330e-02	   5.2225736594302928e-02	   1.7915916298141227e-01	   1.3983009845684238e-01	   8.8566397259010859e-02	   2.7500824594660006e-01	   1.1883260583934813e-01	   1.4305049381618745e-01	  -5.3047369290720486e-02	  -1.2062487918884060e-01	   3.5337833564544802e-01	   3.9029338450925066e-01	   1.2852546467580689e-01	   2.4804254076527121e-01	  -2.3900865365440720e-02	   3.6605544707882617e-02	   8.5624828202016751e-02	  -1.0367319534192742e-02	   1.2597120065943151e-01	   4.2726045592316443e-02	   1.9312973374398212e-01	   3.3592004384302976e-01	   1.6277663564269776e-01	   3.7393983990881496e-01	   1.4225265295311859e-01	   2.7007597133041628e-01	   8.8788931129990492e-02	   6.9101374677856056e-02	   6.4002212041953888e-02	  -9.7580080611795003e-02	   1.1336673150558241e-01	   5.3789656541639742e-03	   1.2008306982120083e-02	   2.2711032524265451e-01	   1.1827286187378240e-01	   2.3121543637078579e-01	   1.5803155912873820e-01	   7.4026073008109747e-02	
