   0.0000000000000000e+00	   9.4456101737904308e-01	   5.0374776741639271e-01	   4.2693585403418638e-01	   3.8271188733415085e-01	   4.7591891160860611e-01	   5.9976063614081576e-01	   5.0348067796003315e-01	   2.5714901072257462e-01	   4.1611049730613608e-01	   7.8886588779807243e-01	   5.6144689158788963e-01	   6.9777693538562935e-01	   4.5319974634424137e-01	   9.4174208559995376e-01	   7.9999316934606735e-01	   6.3186739804882852e-01	   6.0285050386048256e-01	   1.0378222536377519e+00	   8.4339217513295472e-01	   4.8045913193220324e-01	   4.8181035871373096e-01	   6.3539641049068407e-01	   5.0991501690688845e-01	   3.4794414023049264e-01	   3.6595594773827911e-01	   5.6909880663483015e-01	   4.9302367508111566e-01	   6.2119977467646004e-01	   5.9789547684284483e-01	   3.1066948708424530e-01	   2.8865655212195485e-01	   6.8467493057320294e-01	   5.9220807485834692e-01	   3.4428728555517574e-01	   2.4714821350291058e-01	   8.1274399393880026e-01	   7.6604711827814542e-01	   8.9571629562340449e-01	   7.1086232350292355e-01	   6.6652570647846721e-01	   6.2532345107210074e-01	   4.3395854131242839e-01	   2.8417175860697480e-01	   2.3949538718179136e-01	   1.6822894643821643e-01	   5.5625971687565601e-01	   6.1845011156375218e-01	   1.7554365542542411e-01	   2.0374101772703607e-01	   5.5816122843437022e-01	   2.8980513448535050e-01	   4.3016914427867414e-01	   4.5895986681020812e-01	   7.4531147681331045e-01	   7.6569707035450718e-01	   1.0703494819302661e+00	   7.9215307563349080e-01	   7.8920536181706125e-01	   6.5952440884506991e-01	   9.4972012025130625e-01	   5.1045364127734949e-01	   5.2570982833652669e-01	   5.3846950922731129e-01	   5.7111038077988674e-01	   4.2805711085000631e-01	   5.1358256436908656e-01	   5.7261780769930659e-01	   1.0209197400712586e+00	   7.9850674233520857e-01	   3.3225412351639005e-01	   2.9162906948287393e-01	   5.8495984921233202e-01	   5.2541737560554791e-01	   5.6416083989834231e-01	   5.8636322129468843e-01	   7.5931546194218991e-01	   6.9652079575437453e-01	   7.5560664596181315e-01	   6.9148356858841720e-01	   8.6973207835310162e-01	   8.1461841602412810e-01	   8.3665524535706215e-01	   8.2419631875465504e-01	   1.0618980477327746e+00	   8.5646722173313128e-01	   5.5708299265232841e-01	   7.0067305706359895e-01	   8.5014594552828737e-01	   8.1711424464783855e-01	   6.9094562212992061e-01	   6.8763775719255615e-01	   4.8198780921515894e-01	   3.1691016654363657e-01	   4.7388610604411618e-01	   5.7334668748666606e-01	   7.1430192960115646e-01	   6.8620607738516115e-01	   5.7138128574380143e-01	   7.9970185128311155e-01	   3.7916117776522312e-01	   4.0206875225049915e-01	   6.1614821613577131e-01	   5.1147691876797385e-01	   3.2897727296875129e-01	   3.5632661308805519e-01	   2.2867988033852726e-01	   2.0025248626532605e-01	   2.7945884364605700e-01	   2.0810575358959441e-01	   7.2630487812843358e-01	   7.7808186475891394e-01	   5.3743573998128835e-01	   5.5946368205406682e-01	   2.5226928007635097e-01	   1.9309451891205578e-01	
   9.4456101737904308e-01	   0.0000000000000000e+00	   4.3894855195193622e-01	   5.4248603315434929e-01	   4.3248983679680042e-01	   5.5961790455450178e-01	   5.8104247294290334e-01	   6.3887648597760816e-01	   2.8135871481043623e-01	   4.0819900655195429e-01	   6.4673947071509663e-01	   7.8723770777879565e-01	   4.7965645793635392e-01	   5.1714837395691582e-01	   7.8464446534014753e-01	   7.7860293832897842e-01	   5.7115017404017498e-01	   7.6469482907366837e-01	   1.0144660552876261e+00	   1.1703097404426275e+00	   6.4481343854256146e-01	   7.3485109930760428e-01	   5.8497804187011038e-01	   6.1414462423331473e-01	   4.0549763954957851e-01	   4.6259532239324719e-01	   6.7317180449636105e-01	   6.4714854123181298e-01	   7.1002984627924903e-01	   8.5516095657913960e-01	   4.8488248853946481e-01	   4.0353855783413178e-01	   7.1640479806680191e-01	   7.2407148758291706e-01	   2.9083469080989149e-01	   2.4544158223930523e-01	   8.1037398976369768e-01	   8.7048902739554923e-01	   9.3126018051308812e-01	   8.7432532211133474e-01	   7.7214404227491817e-01	   8.1753935672461187e-01	   6.3975646002037379e-01	   5.0891615857259798e-01	   4.3953090002605727e-01	   3.4123929627658961e-01	   7.2853530237838182e-01	   7.9933869361110854e-01	   3.7152412475263336e-01	   3.5140920374483220e-01	   5.7414700126054996e-01	   4.4371465289146284e-01	   6.3662633753683417e-01	   5.7186260534483158e-01	   9.7942364525271230e-01	   9.8571207206987721e-01	   8.0569137448997108e-01	   1.2878703033085446e+00	   6.5503454810525341e-01	   8.6852251099462718e-01	   7.0725945312408378e-01	   4.9291504772113248e-01	   5.5621669355106629e-01	   7.8245335670155369e-01	   3.8870678341476422e-01	   2.5503851231761876e-01	   4.7081626925433373e-01	   6.1597332351819645e-01	   9.4745952677673639e-01	   1.0228752716081937e+00	   3.2565727677809425e-01	   4.2125824409527424e-01	   5.9859767154807597e-01	   7.0475141461019541e-01	   5.9857312492020365e-01	   8.0543865046613494e-01	   6.3859516998718924e-01	   8.3300355002241799e-01	   7.6021960642904063e-01	   7.8265366995974817e-01	   8.8086641119049380e-01	   9.9289373326622099e-01	   9.6229813044340062e-01	   1.1971004749187364e+00	   1.0399250195634147e+00	   1.1016887138777038e+00	   6.1366396027224079e-01	   9.2906794424016481e-01	   8.6949551284933757e-01	   9.4163161067534273e-01	   8.0911387575598048e-01	   5.3329707372705648e-01	   5.3646892306987293e-01	   2.0753023280614660e-01	   5.8185180203166897e-01	   6.5069683953535318e-01	   8.9531153910289674e-01	   8.2888474063630679e-01	   8.3840479087738617e-01	   8.3245759992384527e-01	   5.6058507211843511e-01	   2.6428751385188326e-01	   6.9239574782272639e-01	   3.9189261548022147e-01	   3.0249511157408931e-01	   2.5208512190797583e-01	   3.8148353541783020e-01	   2.6797276204780529e-01	   3.5410158226713312e-01	   2.4152444787989932e-01	   6.7351343095398641e-01	   6.4930267827692523e-01	   4.6345615481510122e-01	   4.4069848892190533e-01	   2.3014633702431339e-01	   1.8594246193562175e-01	
   5.0374776741639271e-01	   4.3894855195193622e-01	   0.0000000000000000e+00	   7.6947144370243425e-01	   3.3190714135820659e-01	   3.0331348951973980e-01	   1.0315542093257588e+00	   4.8813829281889609e-01	   2.5420052421380057e-01	   2.0466896575191801e-01	   3.6555564344016278e-01	   2.3610412491845506e-01	   4.2464477797707489e-01	   1.6658788867642077e-01	   6.6296745642981803e-01	   5.2129359802063224e-01	   1.0684727953380749e-01	   1.2423443537534887e-01	   6.1268696817514046e-01	   3.6888126268665511e-01	   4.4483461874373786e-01	   3.4084559119662405e-01	   1.1835233868383097e+00	   7.8462128466890513e-01	   4.3594668551005916e-01	   3.8573273157776616e-01	   4.0857563331245172e-01	   2.7015504422732434e-01	   2.5239549707892261e-01	   2.3241902650410820e-01	   6.1599246218327530e-01	   5.6885631152740190e-01	   5.2475756691535502e-01	   4.3133819566142445e-01	   8.0645992444296999e-01	   6.7880464246759997e-01	   4.3921530690931798e-01	   4.5684611970746913e-01	   6.4095554696385648e-01	   4.4757885069523706e-01	   4.5248561092817419e-01	   2.9125453417685165e-01	   2.6197655675860682e-01	   2.1311940322956710e-01	   2.0847955874113047e-01	   1.5095352902072162e-01	   2.5739671267351694e-01	   3.9946050229019675e-01	   1.6161855342180429e-02	   8.5281557256635943e-02	   3.4263596505620636e-01	   1.1340882713882341e-01	   1.3897810265132948e-01	   2.9334387897640363e-01	   3.6742180026117777e-01	   4.5798401339099426e-01	   1.3388121461027547e-01	   3.6122905299134289e-01	   2.4921013867485026e-01	   3.2483419993607582e-01	   4.1976811840500172e-01	   3.7953829254605853e-01	   4.0529539432047679e-02	   2.7461490760043172e-01	   9.4644906461998324e-01	   5.4277932404016682e-01	   5.5722551682881294e-01	   5.5532542754986769e-01	   4.0953396646088347e-01	   3.4643844907693899e-01	   2.5628530110162739e-01	   1.7821692737142283e-01	   2.2997776792716032e-01	   1.9834575130470919e-01	   2.0310257943615645e-01	   2.5059489324226036e-01	   2.6665964096020600e-01	   2.8371264168577470e-01	   2.4657606879989932e-01	   3.0100795835650956e-01	   2.3283852411221140e-01	   3.9198162544105414e-01	   6.9466151507560259e-01	   4.0111202429624987e-01	   7.2624674316685067e-01	   5.0447800254809816e-01	   4.9746237673669785e-01	   3.9989924712834718e-01	   6.6400544092881297e-01	   6.1596966156156108e-01	   3.7188643287029682e-01	   5.0673870553927258e-01	   4.1012329416471410e-01	   1.8301336096461976e-01	   3.1345496575080489e-01	   3.9960803916876375e-01	   4.6936909507351660e-01	   3.6247821761661370e-01	   2.4515019580251801e-01	   3.6143590130331460e-01	   2.3348223194780926e-01	   6.7068523603262584e-02	   2.9298072032687783e-01	   1.9307880957836268e-01	   3.0123913691446041e-01	   2.6249410966744713e-01	   1.7644887616989557e-01	  -1.6435545531359169e-01	   2.0051388201080278e-01	   2.5629853073024961e-01	   5.4286633131847739e-01	   5.0215292203781048e-01	   3.0426234743034308e-01	   1.7476890889125021e-01	   1.8434581352050775e-01	   2.6835412429224298e-01	
   4.2693585403418638e-01	   5.4248603315434929e-01	   7.6947144370243425e-01	   0.0000000000000000e+00	   3.5603818404242354e-01	   6.1956059345362013e-01	   8.6360954946554669e-01	   1.2474804102000938e+00	   3.0709041905550982e-01	   5.7618841274671939e-01	   2.0796175703492101e-01	   5.5945181761797513e-01	   3.0494290030169113e-01	   4.1519545933824542e-01	   4.6679181900458711e-01	   7.8871712579554043e-01	   3.3336883481098156e-01	   3.2837414954263483e-01	   4.0891606091697641e-01	   5.6196669211845784e-01	   4.3238606770163562e-01	   5.0267949412634383e-01	   8.2309162810731751e-01	   1.3031756492159960e+00	   4.0510932941403788e-01	   5.0677383118715780e-01	   3.7498207202654565e-01	   3.4048371532316041e-01	   2.9047481272435888e-01	   4.6830571174614666e-01	   5.1165934121467394e-01	   7.4436706319176182e-01	   7.6413771853884449e-01	   9.1550882583414628e-01	   4.0908482285754033e-01	   5.0123813960203500e-01	   5.4633556530009497e-01	   5.8089519175578697e-01	   7.7605960153321707e-01	   7.6439892995896608e-01	   4.9938802113269565e-01	   4.1828383604707697e-01	   4.5952664703391810e-01	   3.6293601736666548e-01	   3.1224115874434477e-01	   3.4973503967256014e-01	   4.7625740535640154e-01	   5.9723084203906329e-01	   1.9846508451019931e-01	   2.7072254456817979e-01	   5.7690358093173866e-01	   3.4727719120481487e-01	   3.6178975148842096e-01	   3.8874881097296787e-01	   6.7105176878258666e-01	   7.9581219924755509e-01	   1.8381607333132446e-01	   4.3024307110811505e-01	   4.6010933274859844e-01	   5.7721019592458478e-01	   5.2233524701312140e-01	   5.7979212581597639e-01	   3.2973566800046911e-01	   5.5217460104084060e-01	   7.2311084802425396e-01	   8.4894534067078131e-01	   7.0385374565595338e-01	   8.1865570047721259e-01	   5.9861651259502680e-01	   6.5649332185193898e-01	   2.1575354286983062e-01	   3.9054344095290244e-01	   3.9949410542986469e-01	   4.7553425876071176e-01	   3.3249039535220715e-01	   5.1016222574913184e-01	   3.3277420081979658e-01	   4.3004730847969197e-01	   4.4574136235349099e-01	   4.7867578240178238e-01	   4.2092358864473323e-01	   5.3377864419892496e-01	   5.4610847252757866e-01	   6.1473969493742664e-01	   6.3766596881012272e-01	   7.4225836624039110e-01	   5.3518422172250446e-01	   6.3130417898025049e-01	   9.0658020855500809e-01	   8.9749282407144348e-01	   7.4201171121667053e-01	   4.3010038779019533e-01	   7.0359950490507162e-01	   6.8368640246346632e-02	   6.0081153970316514e-01	   6.1984884228413162e-01	   7.2896275858118142e-01	   6.8145546247421140e-01	   4.8977029931441229e-01	   5.6566508424283268e-01	   5.1880198786150888e-01	   3.0976667503416376e-03	   5.2270498546765254e-01	   2.6120073350395767e-01	   4.6761276941653696e-01	   4.0087091332702518e-01	   2.6616490812296667e-01	   1.1307061141110543e-01	   4.2052305990422811e-01	   3.7615960841650053e-01	   6.7906494639604387e-01	   5.0831308350044302e-01	   4.0196864971859958e-01	   3.1658912737065670e-01	   3.1112541857264575e-01	   2.6898500084294980e-01	
   3.8271188733415085e-01	   4.3248983679680042e-01	   3.3190714135820659e-01	   3.5603818404242354e-01	   0.0000000000000000e+00	   1.1331550703674138e+00	   2.8654740351708563e-01	   3.3399183946059224e-01	   1.6070183793929249e+00	   7.8157988507659049e-01	   2.4061102594705322e-01	   2.9038951605115570e-01	   1.6744598619692072e-01	   1.0466475769652465e-01	   5.4056840118014271e-01	   3.9973532184540983e-01	   4.4053391024710696e-02	   2.1899239975034515e-01	   4.3204011176714147e-01	   3.9591706787922942e-01	   7.3822696197717108e-01	   7.3570746421436917e-01	   4.6007963418735909e-01	   4.7830179120777128e-01	   1.0555600689266276e+00	   1.0540812827765031e+00	   1.0804529103878193e+00	   9.3249435029441852e-01	   2.9023453210520939e-01	   4.0617331081593433e-01	   4.3939574965103823e-01	   2.7026056780754282e-01	   1.9585253912176703e-01	   1.7884489299715642e-01	   1.9734941317385246e-01	   2.1408829562429404e-01	   3.3243952798041054e-01	   3.2792712866432494e-01	   3.5183187881239203e-01	   2.7634925922632880e-01	   4.3112647319231345e-01	   3.0707443145800062e-01	   3.8533859537291437e-01	   2.8052348965463386e-01	   3.7354725484079260e-01	   2.4762746668540891e-01	   3.9385713933884675e-01	   4.0311442707122003e-01	   1.3380848737305753e-01	   1.8935812863978113e-01	   2.2723569446969935e-01	   1.0230700940696123e-01	   3.6598017408018269e-01	   2.6996326921140501e-01	   4.9761414347426480e-01	   3.6710616660184514e-01	   4.0587889748109218e-01	   5.5745243578998749e-01	   3.8285049320185555e-01	   4.6480767655744515e-01	   3.2678911854387621e-01	   4.5365940945718736e-01	   1.3800597074719365e-01	   4.5370004113306961e-01	   3.5856455673606852e-01	   2.6099284100336562e-01	   1.3758265009004136e-01	   2.3941866633866415e-01	   4.6105782385022687e-01	   4.0097753187851232e-01	   3.4321518817782593e-01	   4.5292540671092052e-01	   3.7516303416000985e-01	   3.4289395024017572e-01	   4.2492233655089751e-01	   3.9213330918813744e-01	   2.0822165608925014e-01	   2.5324415294310326e-01	   1.5937052358398440e-01	   3.0612310047075897e-01	   2.7647066861129965e-01	   3.3845977222871754e-01	   3.8523973752284446e-01	   4.3492329826367659e-01	   4.0950759951289589e-01	   3.7105926298085795e-01	   1.5401218562853930e-01	   3.7049115126030502e-01	   2.9751876830928814e-01	   4.4912986559760776e-01	   5.6458592499236815e-01	   4.4156931688092738e-01	   3.7295843415712787e-01	   4.0817283784591019e-01	   2.7491453361274598e-01	   2.0675273178581499e-01	   3.7695393993169268e-01	   2.8318849483478231e-01	   5.2446403361325933e-01	   4.4865774091198929e-01	   2.3100271685471208e-01	   2.8248096103738929e-01	   3.0006583360704531e-01	   2.4251491391501057e-01	   1.9954121571492600e-01	   3.5280395949983757e-02	   1.3220435409917417e-01	   1.5754417032612111e-02	   1.6883527982140104e-01	   9.0841845003522159e-02	   3.2265346090376473e-01	   3.6189113487200841e-01	   3.1382445656445423e-01	   3.9219222864687731e-01	   1.6619796141381590e-01	   9.6372220892319060e-02	
   4.7591891160860611e-01	   5.5961790455450178e-01	   3.0331348951973980e-01	   6.1956059345362013e-01	   1.1331550703674138e+00	   0.0000000000000000e+00	   3.6949979081493178e-01	   6.4897674487526613e-01	   8.5297923543560616e-01	   1.3791202745830360e+00	   2.8569783802817639e-01	   6.0296392105064123e-01	   3.5224962518957992e-01	   4.4025971576249290e-01	   5.8454611166290182e-01	   7.5469585972395126e-01	   9.8849831890009426e-02	   2.9325363169090624e-01	   3.7650697022951224e-01	   4.8114245037709935e-01	   7.5615899349456106e-01	   9.0569309433615475e-01	   5.5652503107085993e-01	   7.6323322649358949e-01	   1.0034689197271089e+00	   1.2584506002956848e+00	   1.0102112143647148e+00	   1.0126559395511914e+00	   2.7310993992875998e-01	   4.9657583233093483e-01	   3.1757050385184121e-01	   3.2791135640260455e-01	   2.9125540611243994e-01	   3.8091751893534953e-01	   1.0148087860410687e-01	   1.5343467179381629e-01	   5.0091641077430271e-01	   5.3477621475062387e-01	   5.6113428731000281e-01	   5.5596988331527319e-01	   5.3598605999386006e-01	   4.2559719594666562e-01	   5.3226672483787163e-01	   4.3759729250929563e-01	   3.2041550228731985e-01	   3.2059945479337265e-01	   4.8226052081070903e-01	   5.5905624813556121e-01	   1.6775759986704281e-01	   2.8813923798982372e-01	   3.8714919689398469e-01	   2.2108925900383306e-01	   4.6919844726112675e-01	   3.1354106362767897e-01	   7.3347096014963653e-01	   6.3773881012014744e-01	   3.6230845313546844e-01	   6.3897455623786403e-01	   5.8654183109829350e-01	   7.0859370180951264e-01	   5.7938772776611080e-01	   7.7292566081673608e-01	   2.0760466721057563e-01	   5.9867681325086630e-01	   4.4260010162889279e-01	   5.7667146459309027e-01	   2.8097928638757363e-01	   4.0606374855678407e-01	   6.0291879732518416e-01	   5.7959823752891737e-01	   2.5192391273531312e-01	   5.1599794654226661e-01	   3.9155468026160883e-01	   4.4116392094878704e-01	   4.0432236783659414e-01	   4.8444186546330853e-01	   2.2540764411662759e-01	   3.6211956490423558e-01	   2.6651489867366529e-01	   4.0630256890278638e-01	   3.9054820975045867e-01	   4.3543589368925273e-01	   4.1225106341199352e-01	   5.7228150861265326e-01	   4.8872508583168761e-01	   5.5522743525108542e-01	   2.8142235968321594e-01	   5.8709096920269810e-01	   5.4746713190178975e-01	   6.8941168705568123e-01	   7.5352944898958074e-01	   4.6276456468070476e-01	   6.7522470736317752e-01	   3.0590163737167519e-01	   4.5846450269796446e-01	   4.7769936009720526e-01	   6.0686983950015672e-01	   5.8556110922598203e-01	   5.9179055784910806e-01	   5.6623450367884165e-01	   4.5064407075422996e-01	   2.0076882877429275e-01	   4.9650971389978699e-01	   3.2022145682897646e-01	   3.1795168406009044e-01	   1.9647066570347263e-01	   2.2907239743832036e-01	   1.5596467177862128e-01	   3.2963779212129202e-01	   2.6739822550625530e-01	   4.9125555058567560e-01	   4.7373089921484590e-01	   4.7005692380495534e-01	   6.0808183279143246e-01	   3.4866408096757406e-01	   1.3758427438649026e-01	
   5.9976063614081576e-01	   5.8104247294290334e-01	   1.0315542093257588e+00	   8.6360954946554669e-01	   2.8654740351708563e-01	   3.6949979081493178e-01	   0.0000000000000000e+00	   9.6431456367778234e-01	   2.7647091834696091e-01	   3.4172444361742810e-01	   5.7601917455911067e-01	   5.8384199498903422e-01	   6.8105171258561237e-01	   4.0407149981382312e-01	   7.3368699072744537e-01	   6.9269065138802632e-01	   3.1337537444983682e-01	   2.8170829191998775e-01	   6.6364572738819416e-01	   5.5598419589125703e-01	   4.3049269255585554e-01	   4.1103377007248643e-01	   9.1005577953648720e-01	   8.8560698152447048e-01	   2.0938032406025450e-01	   3.1232484349744016e-01	   2.5858865191268959e-01	   2.6563587315227560e-01	   6.0576025673519174e-01	   6.0104029685698990e-01	   6.9322390818166946e-01	   7.5773537669144131e-01	   6.9139028291090587e-01	   7.1807794216717880e-01	   3.5339019747500089e-01	   3.4221629346598692e-01	   5.0655547438194426e-01	   5.1795958702155254e-01	   6.9905329055161536e-01	   5.5892854519700153e-01	   6.0175853764613330e-01	   3.7334642092608683e-01	   3.5555218828638863e-01	   3.1185657373405978e-01	   3.1589895216811914e-01	   3.1206170868450905e-01	   4.2721750261434099e-01	   5.0264601558750743e-01	   2.4193564719081539e-01	   2.8197207051053935e-01	   5.7242370691057620e-01	   3.5409243475647767e-01	   3.1682247262489888e-01	   4.6728204702612058e-01	   6.0998267053344435e-01	   6.6696476299906982e-01	   2.1377713908003002e-01	   4.1071940365682336e-01	   3.0524204887975315e-01	   4.4041867101189891e-01	   5.0425478535383905e-01	   5.5418120950471073e-01	   3.1416052330345123e-01	   4.6321912885000582e-01	   7.3530895229055149e-01	   5.0315393456374313e-01	   5.1008991549246918e-01	   6.0511972881252207e-01	   4.0946066351555899e-01	   3.7898096018693572e-01	   3.2950491490912653e-01	   2.7297285154261330e-01	   4.3994639793078544e-01	   4.2136555671869724e-01	   4.0519296968287738e-01	   4.7544575930369715e-01	   3.8394548954006941e-01	   3.7809806756470099e-01	   4.2499712891766983e-01	   4.7760074646959710e-01	   4.2611266105531453e-01	   5.6809531514035638e-01	   8.5223753426589044e-01	   6.2498548039605484e-01	   6.9091612290332960e-01	   6.7309557526839470e-01	   4.9334677876472033e-01	   4.2039986753145220e-01	   7.0100432074573193e-01	   6.9576927423735080e-01	   5.7284565411692290e-01	   3.8735557192133085e-01	   5.1521334957896092e-01	   1.3572692252265783e-01	   4.6427184995744064e-01	   5.0224204743514145e-01	   6.0658285221926300e-01	   5.2724310772631822e-01	   4.8350903043046722e-01	   5.2149211605996593e-01	   4.3709135774632624e-01	   5.6409430079750127e-02	   4.4109599590832343e-01	   1.7546501414467647e-01	   3.7805875212884943e-01	   2.8092148724398475e-01	   2.2153843757873093e-01	  -1.5913732301018009e-02	   3.7695581323480276e-01	   2.8705714058138171e-01	   5.4156431726589860e-01	   5.5572155849130267e-01	   4.3115790606813253e-01	   3.4224617464073531e-01	   3.0774575191423376e-01	   3.5163559839803255e-01	
   5.0348067796003315e-01	   6.3887648597760816e-01	   4.8813829281889609e-01	   1.2474804102000938e+00	   3.3399183946059224e-01	   6.4897674487526613e-01	   9.6431456367778234e-01	   0.0000000000000000e+00	   3.4012197951264139e-01	   6.7285160334999194e-01	   3.9790880220691377e-01	   1.0048676832528363e+00	   5.1762739130774293e-01	   7.1403722263554903e-01	   5.1777051443524869e-01	   8.9017997903520119e-01	   4.1568650693697340e-01	   4.4946441232344270e-01	   4.7592646720554954e-01	   6.0797936817922782e-01	   4.5950582977848142e-01	   5.6073326990511996e-01	   6.1673309907670504e-01	   1.0651312624562026e+00	   2.6398980373092984e-01	   4.4387889734926100e-01	   3.0979075681569074e-01	   3.6420716017935090e-01	   5.4206960458948528e-01	   7.4758643731815799e-01	   5.4001286617202426e-01	   7.6205496672226825e-01	   7.4353831793081426e-01	   9.6997844770393193e-01	   1.6664359502355480e-01	   2.5462182995878668e-01	   6.1026750803801322e-01	   6.3681959791081344e-01	   8.1440516946353159e-01	   8.5265702942951860e-01	   5.4501593724142716e-01	   4.2595121941237191e-01	   4.8311162339063674e-01	   3.9743153263367964e-01	   3.6724316933985346e-01	   4.6221134426064087e-01	   5.5140237519452373e-01	   6.0985277629164780e-01	   3.5771607117927728e-01	   4.2395722981890832e-01	   6.7379669740324843e-01	   4.8978263951359435e-01	   4.6445146508813612e-01	   4.4506671752200411e-01	   8.1788119139672699e-01	   9.3089067983016116e-01	   2.3133043394447911e-01	   4.6944359693743543e-01	   4.5349661880028036e-01	   6.2742157790554420e-01	   6.1902346887682791e-01	   8.1377475965222812e-01	   4.3630715162119099e-01	   7.2952846844239627e-01	   5.4180869988840819e-01	   7.3660771152599802e-01	   5.3170337643403309e-01	   7.2079362927444390e-01	   5.3283737480501114e-01	   5.7311492004508446e-01	   2.9228765431188714e-01	   4.6864310742737059e-01	   5.4270969495324828e-01	   6.3669034304198979e-01	   5.0358037915892950e-01	   6.9593869111901063e-01	   3.9110570572671899e-01	   4.8889822152796680e-01	   5.1210794658307612e-01	   5.9560169163061960e-01	   5.2457268839067250e-01	   6.1140994812377336e-01	   6.0186743066104675e-01	   6.8958432403300096e-01	   6.1192338092412957e-01	   7.8888239620527711e-01	   5.4467307584033886e-01	   6.0450245594268648e-01	   8.3816747684806570e-01	   9.1015815498488273e-01	   7.6319052989238823e-01	   3.1433734522351908e-01	   6.9835224845285604e-01	   9.4261637630032504e-03	   7.0830867249127005e-01	   6.2539004824500222e-01	   7.6005622500433567e-01	   7.1560664928835960e-01	   6.0311893884673440e-01	   6.2046342081454131e-01	   6.6436930391794957e-01	  -2.3517585119259291e-02	   5.7650148061654694e-01	   1.5553735996481158e-01	   4.3391986187865006e-01	   2.8650321554317160e-01	   2.7512673505424556e-01	   1.8006212956036441e-01	   6.1999820934581651e-01	   4.2700543200436708e-01	   5.9092627634161277e-01	   4.6742417133174402e-01	   4.7170363293169815e-01	   4.0091247884319109e-01	   3.8631857841861078e-01	   3.6781451314852975e-01	
   2.5714901072257462e-01	   2.8135871481043623e-01	   2.5420052421380057e-01	   3.0709041905550982e-01	   1.6070183793929249e+00	   8.5297923543560616e-01	   2.7647091834696091e-01	   3.4012197951264139e-01	   0.0000000000000000e+00	   7.7226649692882487e-01	   1.1605112726475861e-01	   2.1344003441763221e-01	   8.7596625689633723e-02	   5.3427371339056624e-02	   3.9229208407937954e-01	   2.7047661302248061e-01	   4.4942654640266866e-02	   1.8488872810310733e-01	   3.2452011003163012e-01	   3.0638783120175411e-01	   5.9051836395166690e-01	   6.0001181733351561e-01	   3.0066498143207676e-01	   3.8744656490203827e-01	   8.1899419765035819e-01	   8.6549680982361332e-01	   6.7464928738303254e-01	   6.4923780481444104e-01	   2.4354685162754428e-01	   3.7522768330706213e-01	   3.8857482211766087e-01	   2.3125350760651517e-01	   1.5493705869561381e-01	   1.4119229976221179e-01	   1.2448685294532487e-01	   1.8655257235276995e-01	   2.5601374529987247e-01	   2.5057469191535453e-01	   2.4229716034504437e-01	   2.0041424123285909e-01	   3.5359912598864141e-01	   2.1533937841858972e-01	   2.9246500942243236e-01	   1.9281530457090584e-01	   3.9494184672459454e-01	   2.6410785235512324e-01	   3.5421429391324954e-01	   3.1732258828039056e-01	   1.8833202454717571e-01	   2.0419923851753435e-01	   2.2625651775317923e-01	   1.3477732547907079e-01	   3.4693813370102350e-01	   2.9792899493169850e-01	   4.1081284312555288e-01	   3.0853480032364716e-01	   3.1385172135946932e-01	   3.6117810547259283e-01	   2.6448203068336706e-01	   3.1694955529289809e-01	   2.1967777241141589e-01	   3.5112668110268624e-01	   1.2619719541606653e-01	   3.5559636628013536e-01	   2.3162120123864804e-01	   2.0256856683515556e-01	   9.9755700455912130e-02	   1.9672369502634210e-01	   3.5870241215461596e-01	   2.8862732017202058e-01	   3.2953103717873894e-01	   3.9404902225807875e-01	   3.5221081010404098e-01	   3.1516426410468434e-01	   4.1132571218054187e-01	   3.4126347298395454e-01	   1.4773996920323634e-01	   1.4181071139949422e-01	   1.0031121677998925e-01	   2.3618223088341944e-01	   2.0471967481090056e-01	   2.6347265567266165e-01	   2.5141137296421279e-01	   3.0329062933668205e-01	   2.5034398216056580e-01	   2.6820968484373647e-01	   6.4106940293311848e-02	   2.2386421494495687e-01	   2.0080471148484980e-01	   3.6462810519025457e-01	   4.8023139340808685e-01	   3.3875911275314552e-01	   2.7541722201346358e-01	   3.3091829934720968e-01	   2.8363020156322005e-01	   1.1875872335442282e-01	   3.0787996539150542e-01	   1.9016784206116061e-01	   4.9960820595812450e-01	   4.1134855484377136e-01	   1.8736502910182548e-01	   2.1587653312424060e-01	   2.2441025341974200e-01	   1.4726181424871188e-01	   2.1500639864008195e-01	   1.7281466051917067e-02	   8.7095962982032385e-02	  -2.1573538959939884e-02	   1.9703671502897319e-01	   1.2466163966308716e-01	   2.8778158285925504e-01	   3.2447273357858863e-01	   3.1379418982470159e-01	   3.4074696982862762e-01	   1.3333751574424263e-01	   1.3113899224664985e-01	
   4.1611049730613608e-01	   4.0819900655195429e-01	   2.0466896575191801e-01	   5.7618841274671939e-01	   7.8157988507659049e-01	   1.3791202745830360e+00	   3.4172444361742810e-01	   6.7285160334999194e-01	   7.7226649692882487e-01	   0.0000000000000000e+00	   1.7141100085791339e-01	   5.3694707397362829e-01	   2.7602032017148181e-01	   3.9533204046351511e-01	   4.1707055399776255e-01	   6.3602512550657353e-01	   8.6268742091562406e-02	   2.4285938674497978e-01	   2.5822726637121907e-01	   3.8202897262948893e-01	   4.9627512589495448e-01	   6.3844161542359190e-01	   3.9870786339441988e-01	   6.5234157707971896e-01	   7.1294096244190208e-01	   8.6763181161929437e-01	   5.7476036531515051e-01	   6.1558863775530992e-01	   1.3669068555941113e-01	   3.9066752653303499e-01	   1.1660200114315861e-01	   1.7215146306842205e-01	   2.2165199523106729e-01	   3.1369474126591229e-01	  -1.2598176307592336e-02	   7.2213165344956309e-02	   4.1838659803464195e-01	   4.6231617167506245e-01	   4.3785928251843165e-01	   5.0031541920343758e-01	   4.5697758390459886e-01	   3.4397889238006929e-01	   3.9830384552119963e-01	   3.3089845405245616e-01	   2.1151609400196217e-01	   2.2446757964171771e-01	   4.1131838333629800e-01	   4.8915930989184864e-01	   1.9270031537242768e-01	   2.7465516051114675e-01	   4.2850519967199563e-01	   3.0331683591271985e-01	   4.6422320746421297e-01	   3.3263298841198191e-01	   6.1100798141754220e-01	   5.7758518509890078e-01	   3.0217289439535933e-01	   4.1758402280657725e-01	   4.9825673478817289e-01	   5.5681116336187420e-01	   4.8160817353966934e-01	   6.2385859325097492e-01	   1.8517252332359282e-01	   4.4973482092654415e-01	   3.0912434073802414e-01	   5.4591225092148155e-01	   2.6971704427831528e-01	   4.0021470782947771e-01	   5.5972275568970864e-01	   5.3288337961390142e-01	   1.2225038013032050e-01	   3.8142962244263706e-01	   2.8038432028989924e-01	   3.6359295275327208e-01	   3.0816687353731381e-01	   3.7554313369920678e-01	   1.3074934802890667e-01	   2.3697992625824968e-01	   2.0033261796490018e-01	   2.9458906998930368e-01	   3.1770403466455904e-01	   3.5488206803895478e-01	   2.8758769316718963e-01	   4.3752731393915772e-01	   3.6183070623973457e-01	   4.7400877950308329e-01	   1.7043184123191502e-01	   3.8634791292696435e-01	   5.2979495613305005e-01	   6.1399723649164817e-01	   7.6045634360846492e-01	   4.8460385781752646e-01	   6.5850739379319867e-01	   2.0731596992446305e-01	   5.0723512615869482e-01	   4.5870556961597603e-01	   5.5808590715077422e-01	   5.2379034194807006e-01	   5.8960733294612311e-01	   6.1719348009568875e-01	   4.2716849098501469e-01	   1.2772056766082013e-01	   4.2266164672737028e-01	   3.1284131316238289e-01	   3.7803078400896289e-01	   2.6061819092624661e-01	   2.6278161799744582e-01	   1.2740816488212653e-01	   3.0900438586170792e-01	   3.3658456397097591e-01	   4.9427821628678792e-01	   5.2579367257996701e-01	   5.8772717290451526e-01	   5.8951465782979540e-01	   3.5456924339505408e-01	   1.4227976561275069e-01	
   7.8886588779807243e-01	   6.4673947071509663e-01	   3.6555564344016278e-01	   2.0796175703492101e-01	   2.4061102594705322e-01	   2.8569783802817639e-01	   5.7601917455911067e-01	   3.9790880220691377e-01	   1.1605112726475861e-01	   1.7141100085791339e-01	   0.0000000000000000e+00	   7.8936403006537414e-01	   1.2827033231837923e+00	   6.8271729051242092e-01	   1.0455082897572820e+00	   6.9730905076654248e-01	   4.0491511521171525e-01	   4.2067547413035300e-01	   6.8779737527367990e-01	   4.2325221569613847e-01	   4.7628627483438180e-01	   3.9692737447459631e-01	   6.2769898802655510e-01	   4.3537354669813022e-01	   1.7775039326741249e-01	   1.6892584140066547e-01	   3.3332743254723479e-01	   3.1056864625615865e-01	   9.5153666516279234e-01	   6.5923937431877044e-01	   5.0477003738866943e-01	   4.4502473039327184e-01	   4.1415291935111936e-01	   3.6556801284026508e-01	   2.7073443044432788e-01	   1.2238659498091514e-01	   5.5972875320550208e-01	   5.5305028655940025e-01	   6.4623279065469552e-01	   5.4032514380043262e-01	   5.8009561019357669e-01	   5.0826011378410207e-01	   4.6819535999274681e-01	   4.3571443832884915e-01	   3.3704277608271049e-01	   3.3163393069281727e-01	   3.9715154771687111e-01	   4.4125064115794521e-01	   3.2193094955481116e-01	   3.4603500248303748e-01	   4.4873768153930882e-01	   3.0580155228852418e-01	   2.8828583531662527e-01	   2.4152338908027937e-01	   4.5983119541326600e-01	   5.1786286022837746e-01	   3.7928640609165853e-01	   5.7139306945618040e-01	   3.4733065694859322e-01	   5.4565045243879506e-01	   5.7419382326029977e-01	   4.7520200106273658e-01	   4.6387181707292169e-01	   5.4297701533429665e-01	   3.5978384914942302e-01	   2.1060841251800777e-01	   2.7164353387582496e-01	   3.3059421399112981e-01	   3.7398763027044113e-01	   3.3919356115720145e-01	   4.6988824856709560e-01	   2.7537764264410658e-01	   6.1734991276755702e-01	   5.3454874953424159e-01	   5.4863134689499771e-01	   5.9088525277884252e-01	   5.0013355186530140e-01	   4.8397008737862868e-01	   4.7181657241026254e-01	   5.6007773806705941e-01	   6.5059318086171847e-01	   6.3877877632649205e-01	   9.7251033404862930e-01	   6.4753067217171489e-01	   8.5791084098949799e-01	   6.5129108596796903e-01	   6.1843456905794025e-01	   6.2506252123547512e-01	   4.1110447728483185e-01	   4.4515576822402259e-01	   2.7645397167275382e-01	   1.4342752939753134e-01	   1.7577091127790451e-01	   7.0472393854646043e-02	   3.2283012710973047e-01	   4.7647939010882828e-01	   4.1275581336611911e-01	   5.1144970755573149e-01	   2.6884363959023316e-01	   3.2596277700491777e-01	   1.7344050248594439e-01	   4.4748737522741631e-02	   2.5667460176431811e-01	   1.8042285180009724e-02	  -1.0212186601868055e-02	   3.7464271587169334e-02	   6.1930861188646838e-02	   4.9764805422430447e-02	   3.7708047574529763e-01	   1.7283216592907752e-01	   2.9297129251635329e-01	   2.9834858284188925e-01	   2.0574949745422733e-01	   2.5836573174309829e-01	   3.0796749177563415e-01	   3.4621745429158662e-01	
   5.6144689158788963e-01	   7.8723770777879565e-01	   2.3610412491845506e-01	   5.5945181761797513e-01	   2.9038951605115570e-01	   6.0296392105064123e-01	   5.8384199498903422e-01	   1.0048676832528363e+00	   2.1344003441763221e-01	   5.3694707397362829e-01	   7.8936403006537414e-01	   0.0000000000000000e+00	   8.2959276190430442e-01	   1.3012839073596221e+00	   7.2038867137835627e-01	   1.0941442110782240e+00	   4.6016931855070925e-01	   6.0408299331298299e-01	   4.6843840898860983e-01	   5.9435332799943197e-01	   4.6703897855141607e-01	   5.9158763793899438e-01	   5.5772834681911010e-01	   7.8810525861393099e-01	   2.3518762140083288e-01	   3.4721985004245015e-01	   3.0086812901943755e-01	   3.1575023262301422e-01	   7.7675151810389076e-01	   9.4671934780936462e-01	   4.3272515677365520e-01	   5.5811171233033796e-01	   4.8842372404180645e-01	   6.2805598182783229e-01	   4.6117349869926126e-02	   1.1158878291764746e-01	   6.7921878853131168e-01	   7.0300635417588653e-01	   7.6989975272545708e-01	   8.5935799456043038e-01	   6.5791270459671636e-01	   5.6472530833799583e-01	   5.1900535781287194e-01	   4.8037100267007199e-01	   3.6240455253595383e-01	   4.9113372848984271e-01	   5.2522202424126296e-01	   5.7841342115344108e-01	   4.3197684127254921e-01	   5.2571557982433859e-01	   5.7081895785190118e-01	   4.7860751176910982e-01	   4.8510026287293107e-01	   3.8028845497117103e-01	   7.4882491908297588e-01	   8.7856996097441931e-01	   3.0902109877793132e-01	   6.1899518399556530e-01	   4.0249336020803106e-01	   7.0527997750621041e-01	   6.2093100502120246e-01	   8.3280137730999426e-01	   4.8944083489736567e-01	   8.0749621891793355e-01	   3.2283825947923700e-01	   5.0326039951946322e-01	   3.2171502960623188e-01	   5.0768317262170826e-01	   4.8405157243548164e-01	   5.5259451798844328e-01	   2.7917047820923818e-01	   4.2776593212199665e-01	   6.2040419639111044e-01	   7.5015776097173714e-01	   5.4161893298213348e-01	   7.8355839275077621e-01	   3.7335456482043694e-01	   5.7929999928469644e-01	   5.8920897232075320e-01	   7.0676538611030615e-01	   7.1632978877751763e-01	   7.6520062631992480e-01	   7.8822594219216913e-01	   8.6938535605477085e-01	   7.2663983646887287e-01	   8.3146797042424814e-01	   6.4243132587905194e-01	   7.4496567807124647e-01	   6.8681597761734126e-01	   7.7175683291620545e-01	   6.0777325827292783e-01	   1.8027472548162293e-01	   4.8757804131767929e-01	  -5.0512466209608677e-02	   5.8225425513299744e-01	   6.2977444571591379e-01	   6.1750962219727212e-01	   6.9835482794428128e-01	   5.3094427695419844e-01	   4.9371146997601056e-01	   5.3739834180066681e-01	  -7.1494384568396158e-02	   4.8602179990574457e-01	   5.6566961403026250e-02	   2.5273942561533386e-01	   1.3144185091786051e-01	   2.5590708443106075e-01	   1.6204600239234879e-01	   5.3697386461319363e-01	   3.3703041584913579e-01	   4.1300090825984970e-01	   3.5499335385881087e-01	   3.4106758993508490e-01	   3.5066050656625924e-01	   3.6659641413027677e-01	   3.3540449119783616e-01	
   6.9777693538562935e-01	   4.7965645793635392e-01	   4.2464477797707489e-01	   3.0494290030169113e-01	   1.6744598619692072e-01	   3.5224962518957992e-01	   6.8105171258561237e-01	   5.1762739130774293e-01	   8.7596625689633723e-02	   2.7602032017148181e-01	   1.2827033231837923e+00	   8.2959276190430442e-01	   0.0000000000000000e+00	   9.2646504534518281e-01	   1.0328423487576506e+00	   9.1181108188871474e-01	   3.0050402338957777e-01	   3.5013123795618489e-01	   4.5591025639884564e-01	   3.2031963512256545e-01	   3.5591707312207466e-01	   3.1168696034716353e-01	   7.5100289750248639e-01	   5.6456902553958088e-01	   1.9044037401244171e-01	   2.0631898091372267e-01	   2.4280884627394406e-01	   2.2355012344680347e-01	   7.0729980930874459e-01	   5.5287553875179118e-01	   3.7958545227210660e-01	   4.3935601432361787e-01	   3.8549509524154663e-01	   3.8779930518994182e-01	   2.4824420765476196e-01	   1.3334175101748916e-01	   5.7875922379680866e-01	   5.4210827555086916e-01	   6.7859304072390270e-01	   5.7446842685575228e-01	   5.5788735824584290e-01	   4.2838911753017317e-01	   3.5838011655177765e-01	   3.3106632052864909e-01	   1.8608459989473641e-01	   3.0424059164851919e-01	   2.8082119402795341e-01	   3.3968932422362957e-01	   1.9772246416362024e-01	   3.2101789968592176e-01	   4.3783790672822193e-01	   2.8408581296742863e-01	   1.4110672181118405e-01	   2.1562174737747525e-01	   4.8032753994802690e-01	   5.3193834478904911e-01	   2.1170801323969696e-01	   4.3189416285987808e-01	   3.3052154362255076e-01	   4.5297423086592892e-01	   6.2115971173097051e-01	   6.0404864853771345e-01	   2.6552128143781739e-01	   4.1272917951319932e-01	   4.1233398443469504e-01	   4.2050522939963902e-01	   3.2541095203835241e-01	   3.7740941772398673e-01	   3.4705187708815854e-01	   3.2276065983980956e-01	   3.9058823456562630e-01	   2.1019693220283914e-01	   5.4379102529227041e-01	   4.7263843603991945e-01	   5.0825641650140452e-01	   5.0892602717653301e-01	   4.1977393673993568e-01	   4.0326840251944956e-01	   4.2283412492856720e-01	   5.5201892925567142e-01	   5.1130246919525368e-01	   5.4489085478597743e-01	   7.7704752536463861e-01	   5.1315845742471011e-01	   6.7461599835330488e-01	   5.8572181210714536e-01	   6.3563811279587978e-01	   5.3347945873694269e-01	   4.3384257092036560e-01	   4.8188086274319952e-01	   2.9224292227810855e-01	   1.4202297629533123e-01	   3.7681675414998328e-01	   8.3802231437545185e-02	   3.1417759498092818e-01	   4.6103081886362063e-01	   4.2772782331065307e-01	   4.8712325205186885e-01	   1.8535951383657390e-01	   2.8406040745693961e-01	   3.4948741339496397e-01	   3.8894518166938744e-02	   3.8020878475946973e-01	   7.3072526665351370e-02	   1.3112839054328915e-01	   1.6173708494938022e-01	   9.6785710881517037e-02	   9.0059510362291373e-02	   3.8952596455734312e-01	   2.0970036144664528e-01	   3.2942991837302638e-01	   3.1014956101371333e-01	   3.2366442674009233e-01	   3.5349992840567468e-01	   4.0432168623990006e-01	   3.6684943631837386e-01	
