   0.0000000000000000e+00	   8.6573161805327881e-01	   3.1652027555467604e-01	   2.1957912219849721e-01	   6.2563510811327910e-02	   3.9687087364994211e-01	  -2.3516237867366264e-02	   1.2618198478515780e-01	   4.3096408854218331e-02	  -9.6596905207648590e-02	   3.4532340112603249e-01	   2.3639913312736316e-01	   3.2522489675454341e-01	   2.3356042875898989e-01	   4.5883493190177782e-01	   3.5929982132180194e-01	   7.6988590463234052e-01	   5.4123175762630826e-01	   1.0306213290453969e+00	   7.8674819089258619e-01	   4.9733833991929388e-01	   5.2996269001629293e-01	   1.6928463415932107e-01	   1.4731564772552141e-01	   2.8344546590834530e-01	   3.6436325049722196e-01	   6.5729606575318766e-01	   7.2946153831748550e-01	   4.5124340656770795e-01	   3.5187576432062928e-01	   8.7864286919842396e-03	  -5.1737598161657235e-03	   7.6816300340326160e-02	   7.6076335251680491e-02	  -2.6858417435354570e-01	  -2.8092098676286192e-01	   4.0770468685978778e-01	   3.5845490259195401e-01	   3.1173528720798854e-01	   4.7853872236639827e-01	   5.4000509302646049e-01	   4.8720409717825752e-01	   4.6007760002809256e-01	   3.3896884739026373e-01	   3.0461064917575575e-01	   1.8617423946192208e-01	   3.6676775767887759e-01	   3.9110450009029929e-01	   2.0693092260653453e-01	   2.9257309582287233e-01	   4.5434343467041616e-01	   4.8340180462852422e-01	   5.3018229166658748e-01	   1.8858930439877242e-01	   6.7697728707027738e-01	   5.5046360685009843e-01	   1.1359338122985307e+00	   8.3968606801250201e-01	   6.9325792247497608e-01	   6.1726841005116750e-01	   4.9851265868865458e-01	   2.6551535900611262e-01	   6.9548648619731679e-01	   4.6325162752000471e-01	  -1.4634590441001638e-01	  -5.3416984158286759e-02	   4.1905798714393344e-02	  -1.1510275028497800e-01	   8.7075611969424183e-01	   6.4758390370770680e-01	   1.8285875463776025e-01	   7.0048125161281019e-02	   5.0365692950783136e-01	   4.3484149064842015e-01	   5.9114916727529554e-01	   3.9576734189188478e-01	   4.2597600445236256e-01	   3.4278299041781679e-01	   7.4702313163561695e-01	   6.8270507315146645e-01	   7.4379263675095042e-01	   4.3482736069202937e-01	   4.3708430084772604e-01	   3.4430164459002988e-01	   5.2956744347563534e-01	   3.1901098360885122e-01	   4.5757825537386643e-01	   4.5595971158532717e-01	   5.8450682766440032e-01	   7.7938818785651320e-01	   5.7643249175090272e-01	   5.8769869727905044e-01	   2.1197988047919655e-01	   2.8251578481797596e-01	   5.3344247043031112e-01	   3.7914663544237764e-01	   6.4398240993002187e-01	   6.2571896530236415e-01	   6.7678684804277189e-01	   6.5027832610152936e-01	   4.1952603902356117e-01	   4.8284541871245684e-01	   6.6956971406564736e-01	   7.1862238017868985e-01	   3.9878646741825818e-01	   2.9278497184217361e-01	   3.6760287514176032e-01	   1.3731285633424997e-01	   7.8858157027396056e-02	   3.7969482055586706e-01	   5.2591833906356378e-01	   5.4279423030744645e-01	   6.1435185945590387e-01	   6.0974113197918156e-01	   3.1015656141965120e-01	  -9.6412941774605659e-02	
   8.6573161805327881e-01	   0.0000000000000000e+00	   1.9246399360634917e-01	   2.4685985186021325e-01	   1.1276385251311359e-01	   4.1549475313539580e-01	  -6.8808869847209062e-02	   1.7934641073054589e-01	   3.8775298301742755e-02	  -1.3007897679865396e-01	  -3.6017363932845090e-02	   2.5900249023155436e-01	   1.3422457200297538e-01	   2.7501340854671319e-01	   2.6146237340327527e-01	   2.8662630700860758e-01	   6.4204326426797409e-01	   6.8768316127934659e-01	   8.3995627387293870e-01	   1.0027617080815507e+00	   6.6746014334778692e-01	   6.2652241269440734e-01	   9.6586199231090075e-02	   7.5259724470858463e-02	   3.0814964101886533e-01	   4.3182750093501276e-01	   6.2184422347751334e-01	   7.5954811727193428e-01	   3.7784670464818992e-01	   4.4735442550449878e-01	   1.1209513303927372e-01	   9.1525696516423602e-02	   2.5108518402823948e-01	   3.6218225027185003e-01	  -1.2354902895417794e-01	  -9.3469980306346789e-02	   4.2157564697716732e-01	   4.3722847051312097e-01	   3.9044885888082592e-01	   6.3468958790019436e-01	   6.1694426643026801e-01	   6.3394841353047993e-01	   4.6574537990986126e-01	   3.5795673233425240e-01	   3.6094116383561436e-01	   2.8127800721278262e-01	   4.5020525261025668e-01	   4.2616956591172028e-01	   3.1125953747945606e-01	   4.0254685746956742e-01	   5.3781910205747441e-01	   5.4329380691126239e-01	   6.1205557238475328e-01	   2.8462478118729889e-01	   8.9420605986274992e-01	   7.3215482187841374e-01	   8.4982344514688724e-01	   1.1613094841460034e+00	   6.1347019518334089e-01	   6.4197920833647548e-01	   3.4550134798507026e-01	   3.1909648038157729e-01	   5.8078759524456158e-01	   6.8290905382924494e-01	  -1.5824953884766541e-01	   4.0463901240810748e-03	   1.8521521181324369e-01	   8.3743126560070935e-02	   8.6663186161470784e-01	   8.0217131628119132e-01	   1.5628197949001560e-01	   1.1635453036126861e-01	   5.3476673213883885e-01	   5.9662694736792610e-01	   5.9068891790259226e-01	   5.3596552126749353e-01	   4.3668097254398269e-01	   5.0924586536182292e-01	   6.5484888160240462e-01	   7.9656387714010157e-01	   7.9393185709746494e-01	   5.2122421567058130e-01	   3.2730809614106759e-01	   2.8486631306394272e-01	   4.4112080340277493e-01	   3.9073280380038483e-01	   4.7721899068097839e-01	   3.4321709469022160e-01	   4.6701074302794043e-01	   7.2406338407710846e-01	   4.4764559584178748e-01	   3.1552944718447129e-01	   1.0163075883640560e-01	   4.3940553083258505e-02	   5.9056150132136376e-01	   5.2355683799943908e-01	   7.0859095581686149e-01	   7.8092792547153500e-01	   7.5911035929764326e-01	   5.9342934545074622e-01	   4.5364320338825059e-01	   2.0692309918873897e-01	   6.3391068172862564e-01	   4.9258071088135252e-01	   3.4589177344228728e-01	   1.4651305494005490e-01	   4.6694849893844431e-01	   2.1659650715190409e-01	   1.5991784490230077e-01	   4.0242715992582528e-01	   6.6898545869376003e-01	   5.2657837991779965e-01	   6.3874094546964288e-01	   6.4105487609427370e-01	   3.2236193475971353e-01	  -1.8135071079290663e-01	
   3.1652027555467604e-01	   1.9246399360634917e-01	   0.0000000000000000e+00	   6.5082290738906856e-01	   5.3611655225968258e-01	   3.5661357857419906e-01	   3.9631147394415212e-01	  -7.9473874974010664e-02	   4.6076895768434178e-01	   2.2080797954361789e-01	   3.4824206336410291e-01	  -8.3655562826851979e-02	   8.2339636037537259e-02	  -5.3634060878214686e-02	   8.1271676910512058e-01	   7.3149112782331560e-01	   1.0169708357675450e-01	   6.4136284991077930e-02	   5.3968064264251181e-01	   4.3676058865204670e-01	   4.6257927249350461e-01	   4.4616730592456044e-01	   1.3945725721039417e+00	   1.0715791941234887e+00	   1.0914152402213655e+00	   6.4224820582997899e-01	   7.9851482725062850e-01	   5.6584067012186701e-01	   1.2338498812405591e-01	  -2.4352708699751334e-03	   5.6596121877057803e-01	   6.3427246367967616e-01	   4.7352408062465856e-01	   2.3817124863152822e-01	   5.4732039577138558e-01	   3.7948039608429524e-01	   4.4175488203924435e-01	   3.3507074885372962e-01	   2.7637496686037194e-01	   3.8971405267583192e-01	   3.0604473454775388e-01	   2.3370292805846005e-01	   5.9496429368673109e-02	  -1.3402890328847034e-03	   1.0154139885444521e-01	  -5.5000334361445316e-02	   1.0576647118142801e-02	   5.2463164838035661e-02	  -2.2183095067905984e-01	  -2.3736821480679027e-01	  -1.0463641622726391e-01	  -4.4179158471165540e-02	   6.8628228577788053e-02	   1.7792818098882621e-01	   2.6937494150998736e-01	   8.7238071808114617e-02	   1.3189904043627690e-01	   1.1464005151260645e-01	  -1.6916177785729215e-02	  -6.0016854848714309e-02	   1.8383644664634161e-01	  -4.8520677451522769e-02	   2.3359024361405514e-01	   1.6722654504526341e-02	   9.7441784101849105e-01	   3.6568260040675238e-01	   4.4059695951957750e-01	   2.0094135685153902e-01	   2.2769387355305182e-01	   2.8750497975977846e-01	   7.5948502788394479e-01	   3.7974470832687884e-01	   1.8140952365470028e-01	   1.6893948219018695e-01	   3.0743247095520732e-01	   1.8299932253814583e-01	   3.5324664363523428e-01	   1.5124831172579803e-01	   2.1569022736396010e-01	   1.7867740045072170e-01	   1.8386552876725715e-01	   3.7497159424350207e-01	   3.4907974700715638e-01	   2.3653276183487423e-01	   1.0127520511655272e+00	   6.5237916800458007e-01	   6.4517462239047707e-01	   6.0349944616061935e-01	   7.4397454861220824e-01	   3.3751684308797331e-01	   5.8302427490841968e-01	   8.2440464221060783e-01	   4.4453562629838361e-01	   8.0316864799433996e-01	   4.6397503899031273e-01	   3.3192566243209898e-01	   3.0648084133587289e-01	   1.5505910197800868e-01	   1.3132864697601296e-01	   9.7064736826555184e-02	   8.7052489798151916e-02	   2.4862123014086379e-01	   2.9885999152048942e-01	   2.6553814457107072e-01	   3.6163881330298392e-01	   3.3686653096508107e-01	   1.5742521213842137e-01	  -2.0650624719625571e-01	   5.4247614075117453e-02	   1.9757455330912710e-01	   3.0950745740333768e-01	   2.8952019629152909e-01	   2.8344148128518537e-01	   3.1980485819669635e-01	   1.9112513616407906e-01	  -9.6774457372301614e-02	
   2.1957912219849721e-01	   2.4685985186021325e-01	   6.5082290738906856e-01	   0.0000000000000000e+00	   7.4340073199901235e-01	   7.8997927119504396e-01	   5.0505939660013832e-01	   5.6780926796436770e-01	   6.1297533851215080e-01	   6.2779869308047997e-01	   9.9468085848371551e-02	   2.9182105922902396e-01	   1.2241697907079503e-01	   1.9700559907488580e-01	   2.9678956124971595e-01	   7.5814592850851470e-01	   1.9971400002585740e-01	   4.5684802959988613e-02	   4.8500631120349069e-01	   5.6273949675504564e-01	   3.1710693488229824e-01	   3.8542463978652203e-01	   4.8769562374354758e-01	   8.9704304334470220e-01	   5.2009267980770291e-01	   6.5893606857402243e-01	   5.1643725519429307e-01	   5.6231840630831775e-01	   1.9550401130885883e-01	   2.4422023280816244e-01	   2.4471152973773713e-01	   6.2088977399808565e-01	   3.7712589167094401e-01	   4.4915541924786084e-01	   2.1954266335746078e-01	   3.1589403212311784e-01	   1.7010634018333237e-01	   2.5681972441760204e-01	   1.5273737542328600e-01	   2.7628436157946190e-01	   2.2287543302334331e-01	   2.5986719118201013e-01	   1.0645363845695152e-01	  -2.9017077939003752e-02	  -1.1330428259178521e-01	  -1.5304366474229303e-01	   1.1710701078566146e-01	   1.0942629288453934e-01	  -1.8801471818570656e-01	  -2.5564435254642881e-01	   1.1953972180837445e-01	  -5.2461315679660468e-02	   2.9809278691209523e-01	   3.4641372750327909e-01	   2.6739415683315904e-01	   1.1752165081834512e-01	   1.4518306961558547e-01	   1.0773797299746227e-01	   1.8881264448732411e-02	   2.0655069792925823e-01	   2.5074632598294183e-01	   4.4960778738026058e-01	   3.5497684497906823e-01	   2.4354050882956271e-01	   4.4377041094400999e-01	   7.3751543812111342e-01	   2.5707793253030031e-01	   4.1470472272354192e-01	   2.9982204313284994e-01	   3.5852370395910893e-01	   4.7503940258192201e-01	   6.4645366365646739e-01	   2.8682026151436563e-01	   3.3964078780086326e-01	   3.4270676502517655e-01	   3.8891410323449405e-01	   3.5769937392101753e-01	   4.0343997408242682e-01	   3.3323279739811068e-01	   1.9258310336054182e-01	   2.9403287672792483e-01	   2.9092008732100882e-01	   1.9448340958429494e-01	   2.3741338944065082e-01	   5.1609835581386265e-01	   6.3760390332640404e-01	   2.3825351899745340e-01	   4.4546485404600294e-01	   3.6708776758672484e-01	   4.5032476030312080e-01	   5.9276652566791665e-01	   4.9545278353493111e-01	   6.4509319043261082e-01	   3.5358479709265722e-01	   2.7652516682679101e-01	   1.9626934791289219e-01	   1.0892684812616547e-01	   3.4266364142745628e-02	   2.6311315630514265e-01	   1.5500348673506745e-01	   3.4661880307726761e-01	   2.1028381582735761e-01	   3.8918947373100365e-01	   3.0147292047299407e-01	   3.0857054594344713e-01	   1.8167098213238778e-01	   2.2448224112848972e-01	  -1.1168280768090980e-01	   2.0810486084302940e-01	   1.8626806059569576e-01	   1.7327887411456666e-01	   2.8549443569934280e-01	   3.5825886418526753e-01	   4.3270837657272926e-01	   2.5251677314261767e-01	   6.0612356032643984e-02	
   6.2563510811327910e-02	   1.1276385251311359e-01	   5.3611655225968258e-01	   7.4340073199901235e-01	   0.0000000000000000e+00	   7.3263677403965932e-01	   6.0038332732579014e-01	   3.5158357038429139e-01	   9.7825437995444720e-01	   4.6750691595280786e-01	   1.7218699176629623e-01	   2.2797622764053227e-01	   2.1949387033560938e-01	   9.8276949781108222e-02	   4.2080573319654291e-01	   5.8093329564376095e-01	   1.5397719050428904e-01	   4.3267030899005035e-02	   2.1932207635156600e-01	   2.4359671058790278e-01	   4.3998671356968139e-01	   3.3011653471100305e-01	   4.9166588857400240e-01	   6.1707623804625833e-01	   6.4223502060882065e-01	   7.4151200802613659e-01	   4.3741624104194388e-01	   4.2773140111535002e-01	   3.3191722011021074e-01	   3.2611385862664449e-01	   5.7451881811139971e-01	   7.7028980082118659e-01	   4.9574708124244199e-01	   4.8344987858250960e-01	   2.7866520097811309e-01	   3.0054060870479199e-01	   1.8796559784075201e-01	   1.3732529898653514e-01	   2.2356569652154329e-01	   2.5771913721983281e-01	   2.6245842993819646e-01	   1.4892381006064281e-01	   2.7333520522489652e-01	   2.1582205907878133e-01	   2.0303261533579386e-01	   2.1080209621889823e-01	   2.7393396675187881e-01	   2.9670078474579142e-01	   1.2781047822025610e-01	  -4.7134900026468401e-03	   9.8832792872684566e-02	  -7.6231533933605378e-02	   1.5310830499050690e-01	   4.1911846542408232e-01	   2.3933723998934209e-01	   2.2064014392630418e-01	  -5.6709320947461840e-03	  -4.0092226968631232e-02	   5.5024708180824937e-02	   3.3033126807709881e-02	   2.1962897171443757e-01	   2.8761684126642817e-01	   1.4065816637280631e-01	   1.6303161658380391e-01	   4.6673063756248800e-01	   3.8603758177344683e-01	   4.7215105777201222e-01	   4.5926980260895001e-01	   1.4023668726092578e-01	   2.5807391686281883e-01	   6.4199442556473962e-01	   5.4601424826267597e-01	   3.7296763466899979e-01	   3.9455547378497308e-01	   4.0871824924150102e-01	   3.3066193533450977e-01	   2.6685019091902584e-01	   2.0590681874122094e-01	   2.1576185601619222e-01	   1.4908150065433745e-01	   1.3984003520958288e-01	   2.5163118398905593e-01	   2.4280539295768394e-01	   2.1327861467531362e-01	   4.0149529101326881e-01	   3.9453002820739430e-01	   4.1198468257802157e-01	   4.2534999454833938e-01	   2.4063444704155740e-01	   1.3171468577361350e-01	   1.5270568505178828e-01	   2.8009319669498051e-01	   8.5043190962866264e-02	   1.8123037834727437e-01	   2.7769026109601369e-01	   2.7367789792605035e-01	   1.5602184209416947e-01	   1.4006393549287544e-01	   1.5247034664566964e-01	   1.8314409577669935e-01	  -1.3911492841194131e-01	  -9.6690527924254456e-03	  -9.6637518547161953e-03	  -2.8602792059628620e-02	   7.6208268365942355e-02	   3.0333774989481496e-03	   4.8702988841456303e-02	  -2.6326094411187151e-01	   1.0879102333861816e-01	   7.3048898417105032e-02	   1.4234085910992439e-01	   2.5015724099329462e-01	   2.0825341085237603e-01	   3.2946518539573022e-01	   1.2344974061280405e-01	  -2.3782013779313888e-03	
   3.9687087364994211e-01	   4.1549475313539580e-01	   3.5661357857419906e-01	   7.8997927119504396e-01	   7.3263677403965932e-01	   0.0000000000000000e+00	   3.6608236317273624e-01	   6.3260152823681637e-01	   7.2729352124321966e-01	   7.4327489618525100e-01	   1.5731498007952815e-01	   3.8056092196336311e-01	   4.6669584737844338e-01	   4.5959356296083465e-01	   3.0982563287975029e-01	   7.1198173057183811e-01	   3.9909511167414818e-01	   2.7617044200632590e-01	   5.4677955202735784e-01	   6.1678151559137395e-01	   4.8928393080459509e-01	   5.2854917559483527e-01	   2.3304337782297613e-01	   4.1542586756785305e-01	   3.7745600820977948e-01	   6.3871502496014343e-01	   6.2276620907645897e-01	   9.2243215187378613e-01	   3.3991917774346297e-01	   5.1535916774472756e-01	   1.6281651311689604e-01	   3.6557775090234851e-01	   2.7409104659253214e-01	   4.0226325616059427e-01	  -4.6317600463757951e-03	   1.0890069561233869e-01	   2.1154642017662509e-01	   2.0586154526881648e-01	   2.0249722295144307e-01	   3.3850493710714569e-01	   3.7972518049292825e-01	   3.4940726649986426e-01	   4.4890581484350123e-01	   2.7337274390500882e-01	   1.7874078333751475e-01	   1.8738496870215057e-01	   3.5298440268624393e-01	   3.6743873332175098e-01	   1.7361084746152911e-01	   1.5060353427065984e-01	   4.1317679464258494e-01	   2.2675715621101533e-01	   5.1853134957035163e-01	   4.1193498107225190e-01	   4.8717218896216780e-01	   3.9969822676460620e-01	   3.1408700181342947e-01	   2.3928657200090139e-01	   3.6516854115890579e-01	   4.5774860673047962e-01	   3.4085280787553052e-01	   5.4693865396377261e-01	   4.4042559927128483e-01	   4.0304974195861792e-01	   1.0825940443116479e-01	   3.6173046608538495e-01	   2.9853433332871782e-01	   3.7199889901266492e-01	   4.5324145573430219e-01	   4.9276058376614096e-01	   4.6752424250997437e-01	   5.8623233637915828e-01	   5.4464628372260415e-01	   6.0357321433324274e-01	   5.5584087276085525e-01	   5.6478249578921713e-01	   5.4617401687117739e-01	   5.7119519097278060e-01	   4.2650133497666926e-01	   3.5445363079349551e-01	   4.4603129450354284e-01	   3.3456897314343825e-01	   2.0415849922949883e-01	   2.8974404023344680e-01	   3.8499690958468280e-01	   3.8071653107155479e-01	   2.2448245166337566e-01	   3.1928863188866496e-01	   3.7658075111125860e-01	   5.4911320080657966e-01	   4.8491443307028498e-01	   4.6894339870255319e-01	   3.0402828753243183e-01	   2.0095383610522446e-01	   3.6387778571643048e-01	   2.9605060701221603e-01	   2.2233245428581572e-01	   2.1342982709884867e-01	   4.3538362440666639e-01	   4.5100991595459389e-01	   3.2830452338926230e-01	   2.9248906716365519e-01	   4.2063265127413735e-01	   3.9935791324285952e-01	   3.6717047653965901e-01	   2.1918507594830483e-01	   2.3012339496977022e-01	  -2.5230892158488782e-01	   2.4592793079745226e-01	   1.7422126604003776e-01	   2.0590875350767956e-01	   4.6013258007837177e-01	   4.5484845583852779e-01	   5.8878814409497193e-01	   4.1292214981002423e-01	   1.5358161467264025e-01	
  -2.3516237867366264e-02	  -6.8808869847209062e-02	   3.9631147394415212e-01	   5.0505939660013832e-01	   6.0038332732579014e-01	   3.6608236317273624e-01	   0.0000000000000000e+00	   7.0062748838066446e-01	   4.8433356024104002e-01	   3.5475178673645569e-01	   3.0045928999748223e-01	   2.5305875093851526e-01	   5.4956655481585992e-01	   3.0338637467547180e-01	   1.4021626175184260e-01	   3.5622145072877992e-01	   1.7578855317274594e-01	   7.7157823728078875e-02	   1.4541454743167051e-01	   2.0233415123508164e-01	   3.7782067426833134e-02	  -2.0591747940757840e-02	   1.4594197413547230e-01	   2.0798718458752150e-01	   9.0000015445503748e-02	   1.0087450486498331e-01	   2.3275792277167395e-01	   1.6074854953255158e-01	   4.4416992935552863e-01	   2.9689409987939713e-01	   2.0583324254252672e-01	   2.3315688309130722e-01	   5.4160735080795563e-01	   4.4440013414879109e-01	   2.6041474872682702e-02	   6.3136177770945462e-02	  -3.0685668691932809e-02	  -1.0844272815478137e-01	  -1.1745776272978153e-01	  -8.2990734805667876e-02	   6.7811888902638701e-02	  -8.6607545433991934e-02	   1.4460459684008475e-01	   1.4473183656494329e-01	  -1.6057813269799787e-02	   2.8677010355453929e-02	   1.4289973273566231e-01	   2.0248266860076045e-01	  -6.2947413155737602e-03	  -6.0750662410662376e-02	   4.4673051805962677e-02	  -8.0142345618794575e-02	  -1.7219190876085481e-02	   2.6451790515672807e-01	   2.9455631670751454e-02	   3.3640283454518499e-02	  -1.7836800273709222e-01	  -2.2826504978618672e-01	   9.5835825822361179e-02	  -1.1491695959500657e-02	   4.2988785027459425e-01	   1.8554390182489938e-01	   3.1773576320389740e-01	   2.2450260743179884e-01	   2.9787586677704214e-01	   2.9879400948826801e-01	   2.2169188071910564e-01	   2.6519351342877268e-01	  -1.1604126485260120e-01	  -1.7440764678394463e-02	   3.4729371912440749e-01	   2.6965234591833376e-01	   1.8504895003792363e-01	   1.8107585280656097e-01	   1.8268869034135590e-01	   2.3742493001592960e-01	   8.6035758688934275e-02	   1.0679992803396340e-01	   1.7221703564946112e-02	   1.4614998957285267e-02	   1.4208563051787887e-01	   2.4446757046683476e-01	  -6.5286846814768913e-03	   1.5650785616981139e-01	   1.8145748535812706e-01	   3.7592782129212637e-01	  -5.7230117877555213e-02	  -8.2450594278097596e-05	   1.2387378587842948e-01	   7.6077233341512063e-02	   1.2123097416138034e-01	   2.2261356162466325e-01	   1.3454076284492844e-01	   1.3712459001334637e-01	   3.9857625428630555e-02	   1.2994968633385093e-01	  -6.8826982001062289e-03	  -5.1930984570449826e-02	   5.8141760751078533e-02	   5.4629389987142410e-02	   1.2103545574985576e-01	   1.9365366307006271e-01	   5.1488519345196618e-02	   9.2492895258931826e-02	  -3.1774114253942914e-02	  -1.7431682562933502e-02	   7.4242414845574603e-02	   7.7922211904217888e-03	   1.0878785543939341e-01	   2.4690984669402716e-02	   4.9731383531411773e-02	   6.7424078945011054e-02	   1.3688017056263940e-02	   6.2859540624126756e-02	  -7.8438069627490781e-02	  -6.5006833449238660e-02	
   1.2618198478515780e-01	   1.7934641073054589e-01	  -7.9473874974010664e-02	   5.6780926796436770e-01	   3.5158357038429139e-01	   6.3260152823681637e-01	   7.0062748838066446e-01	   0.0000000000000000e+00	   3.2030127563403354e-01	   4.7295758494818685e-01	   3.8680937981685218e-02	   5.0542177012497236e-01	   5.9036030523778604e-01	   6.1239324838853026e-01	  -1.1283472046226641e-01	   2.3023297179917196e-01	   3.6222129421704069e-01	   2.6521918867543071e-01	   1.6812016644231992e-01	   2.8294415109814475e-01	   2.2356153152460558e-02	   7.6570174017238576e-02	  -2.7997680802717351e-01	  -6.4662843513275031e-02	  -1.7362262478127571e-01	   1.0242599648821357e-01	   8.9031914524650313e-02	   2.4457991497075526e-01	   4.7094230920415048e-01	   6.0848769439672823e-01	  -8.6574349949195356e-02	   5.0946897001842711e-02	   2.7788199673024572e-01	   4.8644463729338483e-01	  -3.3711884830179500e-01	  -1.4293180263667440e-01	  -2.8176960891542587e-02	   4.9263621404343804e-03	  -3.0699209605311060e-02	   5.1717472691563980e-02	   1.9276718683169719e-01	   1.8530710037107814e-01	   2.7338034294786540e-01	   1.9137347313523739e-01	  -1.4214156497672584e-02	   8.4186120218964516e-02	   2.6989769011141179e-01	   2.5249043249644498e-01	   1.6617737605126986e-01	   1.5320647029020570e-01	   4.0015261166679472e-01	   1.3327414639227020e-01	   3.1707847508682285e-01	   2.8004359844295612e-01	   2.4045790231739561e-01	   2.4763700832380664e-01	   1.2762233142954377e-01	   3.7562746961559236e-02	   4.1399672471974069e-01	   4.5722549938757961e-01	   5.3077769448842949e-01	   7.0731622596060517e-01	   4.3859897867043962e-01	   5.6962390733754664e-01	  -1.8232863096827193e-01	   2.9751324735546103e-01	   1.3706689013678511e-02	   2.1965778090534901e-01	   1.6852627458176600e-01	   1.9754103712636481e-01	  -1.1336085183740753e-02	   2.7631756207562497e-01	   3.4992743989309710e-01	   4.3230627951926792e-01	   2.4010558899061982e-01	   4.6137171728988563e-01	   1.7091900019111020e-01	   3.6634519741635918e-01	   1.8492150188020715e-01	   1.7559603819863709e-01	   3.3508810416596874e-01	   2.0376373717364812e-01	  -1.8439464019967589e-02	   1.9403273521975056e-01	  -2.6683016743813473e-02	   1.5699443449998160e-01	  -2.2138230326671929e-01	  -1.0145266560795278e-01	   9.1393448893932763e-02	   3.6911434215597100e-01	   2.0271052199279838e-01	   7.5713663651636079e-02	   1.6910032450473150e-01	  -1.4109305380856030e-01	   4.3882371171391640e-02	   8.6622444604788643e-02	   3.3865899339092544e-02	   4.6558345239339424e-02	   2.9797633426689041e-01	   2.4492272307146473e-01	   4.5079109866610750e-01	   2.4186835469790960e-01	   2.6698088820866694e-01	   2.7165129622501022e-01	   8.8996335963565751e-02	   3.7629750220926975e-02	   2.2090618228201622e-01	   8.1483234454616971e-02	   2.1870553624140232e-01	   7.3388676270693801e-02	   4.0314190562252529e-02	   1.5124346466898861e-01	   2.2241097884383876e-01	   2.2512155350736490e-01	   7.4131161150809935e-02	   4.8622878578760582e-02	
   4.3096408854218331e-02	   3.8775298301742755e-02	   4.6076895768434178e-01	   6.1297533851215080e-01	   9.7825437995444720e-01	   7.2729352124321966e-01	   4.8433356024104002e-01	   3.2030127563403354e-01	   0.0000000000000000e+00	   8.1518248208645472e-01	   1.9664163338623400e-01	   1.9206397931291447e-01	   3.9507546717029240e-01	   2.1723738773968956e-01	   3.2785542173216320e-01	   5.4469209123317930e-01	   7.1533725274368437e-02	  -9.7085922474254183e-02	   1.4314177547111520e-01	   1.9611498117857587e-01	   2.7253060201645607e-01	   2.9088896147242965e-01	   3.6945997355208982e-01	   4.4325016068090672e-01	   3.8063634761238968e-01	   3.7312324896437216e-01	   4.2542166777401164e-01	   3.7404490756866388e-01	   1.4622474242510072e-01	   1.4622026571754121e-01	   2.1437189660390985e-01	   4.1595348507301838e-01	   2.8403444469599926e-01	   2.8780103171049420e-01	   2.0202393544183536e-01	   2.0573118526977213e-01	   1.4222606802733556e-01	   7.2292247369466545e-02	   4.9048376244563964e-02	   1.2899958671850467e-01	   8.8566765942801037e-02	   2.2402026771602499e-02	   1.5175888129258228e-01	   8.2099643121339119e-02	  -2.3810444630316795e-02	   1.1575928477285745e-02	   1.4797951626299025e-01	   1.7960074988322658e-01	  -7.2985381943302579e-03	  -1.2660612515984576e-01	   6.2318914925704003e-02	  -9.2292345664840292e-02	   2.0367972572800699e-01	   4.2127289541929019e-01	   1.9705046749811334e-01	   1.3626795403289305e-01	  -3.5693914399542954e-02	  -1.0066925672974120e-01	  -1.2767048978543184e-02	   3.1035156879405997e-03	   2.4924949975586033e-01	   3.0475427664408344e-01	   1.5513296320263151e-01	   8.4635002829951164e-02	   4.1942263195882040e-01	   3.9976692725298357e-01	   2.2697463375409752e-01	   2.8868624214711164e-01	   1.2839122954561119e-01	   2.0899538592163297e-01	   6.1919895454746021e-01	   4.9441988417229832e-01	   1.3068368729198007e-01	   1.9769500846142554e-01	   2.2696567381017307e-01	   1.5540105867114498e-01	   2.9915329038765720e-01	   2.4848268870389167e-01	   1.3457493015573740e-01	   3.7121196006916879e-02	   8.3507918316784377e-02	   2.0797035243531567e-01	  -1.3099311157666571e-02	   1.4186486261242644e-02	   3.9410693031195471e-01	   3.7381498158331355e-01	   1.6810637273922613e-01	   1.7625723436239082e-01	   3.2690541383369459e-01	   1.9095722583665270e-01	   2.5520297770134948e-01	   3.5071437675208228e-01	   2.0186948710659658e-01	   2.7136720850122237e-01	   1.2699684519275634e-01	   1.5675075482422854e-01	   8.7355983317678200e-04	  -4.0433128146423553e-02	   8.0375345780948321e-02	   1.3230651557007198e-01	  -1.1610678876946933e-02	   1.7933888273986151e-01	   5.1261582536525102e-02	   8.5835516075437074e-02	   6.4024958636227994e-02	   7.0184464280471814e-02	   1.1532353042960590e-01	  -2.0559477836641021e-01	   1.4272722322836659e-01	   1.0124086368235269e-01	  -9.3740383790833822e-03	   1.4059855821299913e-01	   9.3014126487439064e-02	   2.8568815831516259e-01	   1.5552452657487117e-01	  -1.1513217177552711e-02	
  -9.6596905207648590e-02	  -1.3007897679865396e-01	   2.2080797954361789e-01	   6.2779869308047997e-01	   4.6750691595280786e-01	   7.4327489618525100e-01	   3.5475178673645569e-01	   4.7295758494818685e-01	   8.1518248208645472e-01	   0.0000000000000000e+00	   4.5259525012172119e-02	   1.3112441377044376e-01	   2.2357162569046860e-01	   1.4882557238467142e-01	   3.0340512910966157e-02	   3.9796363675547541e-01	  -6.9656084923993750e-02	  -2.3284965432631691e-01	   5.0504303459295803e-02	   1.0732905918428738e-01	   3.8265471002287978e-02	   1.1735161022920650e-01	   1.7912985264140818e-01	   3.5190745551562480e-01	   5.7855789223689093e-02	   1.2807588995760147e-01	   1.8604842613522732e-01	   2.3041222858950577e-01	  -7.8950180220881683e-02	   3.4510102171817700e-02	  -4.8361079635165630e-02	   1.8811844795515523e-01	   1.7552654965081321e-01	   2.2693864855599116e-01	   2.0486487113452617e-01	   3.1770396200992956e-01	  -5.1538784372254634e-02	  -1.2334142341152484e-02	  -1.2946173091984736e-01	  -4.9413278569505170e-02	  -5.1827125945738212e-02	  -3.1836496173025162e-02	  -6.7006701318920447e-02	  -1.9901983822772829e-01	  -2.9411709502342970e-01	  -2.2404262078035053e-01	  -7.6030589492723788e-02	  -7.6556707768159801e-02	  -2.4999551430378253e-01	  -3.0732849933636458e-01	  -3.3968640554855684e-02	  -2.2119275738498248e-01	   1.5892616881770433e-01	   2.0298636902113926e-01	  -1.4204882620788090e-02	  -1.5435285632339624e-01	  -1.1940564335376276e-01	  -1.9958283624993381e-01	  -7.0519402893218119e-02	   1.0451040410985500e-01	   1.8665194716140834e-01	   4.4709377382549276e-01	   1.1119909788922600e-01	   9.3144577518237917e-02	   2.8514792008334561e-01	   4.6311271669597392e-01	   1.7575493375608350e-01	   3.8944027805615178e-01	   7.1294456097059186e-02	   1.4063173686910005e-01	   2.6908411965322099e-01	   3.2219994843267313e-01	  -8.3341498413058074e-02	  -1.3851016808738129e-02	  -8.4362642135459992e-02	  -1.1622270522979766e-02	   1.8009905620498443e-01	   2.1364954182409088e-01	   4.6544460565525331e-02	  -8.4440234993197874e-02	   2.6735612458647636e-02	   5.5739993212724256e-02	  -1.9008036217510749e-01	  -1.0735120206841008e-01	   2.1118872779230741e-01	   2.1693338212842853e-01	  -1.4117274323834830e-01	  -1.0012679465072453e-02	   1.5321451787476240e-01	   1.5213974746373035e-01	   4.1781617144727212e-01	   3.4565395193108095e-01	   5.2865638936158443e-01	   3.2698737450704052e-01	   1.3582019547741503e-04	   5.0807181877162100e-02	  -2.1642832213667229e-01	  -2.8323924933135508e-01	  -1.8380034853328744e-02	  -6.5139967713890176e-02	   2.6402554569113673e-01	   3.4221262012323544e-01	   1.9668127490057183e-01	   2.4858163517706161e-01	   1.6374017647948100e-01	   1.6387847046269641e-01	   1.7857701885841284e-01	  -1.8163841842372519e-01	   1.0253950304270042e-01	   3.4045684747414505e-02	  -8.2720130650096105e-02	   2.6170476865220494e-02	   8.8131833566909679e-02	   1.1516226273773410e-01	   9.2971342253415648e-02	   9.6878855511866591e-02	
   3.4532340112603249e-01	  -3.6017363932845090e-02	   3.4824206336410291e-01	   9.9468085848371551e-02	   1.7218699176629623e-01	   1.5731498007952815e-01	   3.0045928999748223e-01	   3.8680937981685218e-02	   1.9664163338623400e-01	   4.5259525012172119e-02	   0.0000000000000000e+00	   4.3151506231337972e-01	   6.8754832804399779e-01	   3.2751030459258795e-01	   7.3142019165179673e-01	   5.5118791920862631e-01	   2.5632028163267478e-01	   4.7007766647938348e-02	   3.4980288027910572e-01	   1.5740714332182151e-01	  -6.4946907780172531e-03	   7.8377137013127360e-02	   2.9363361084352801e-01	   2.2033486892081564e-01	   1.7727600142699407e-01	   9.9565455158911562e-02	   1.9737780272538388e-01	   1.3290553464412910e-01	   3.9371158901945780e-01	   1.8677096532149767e-01	   2.0156960559500858e-01	   1.3627567000258770e-01	   1.0191073577228456e-01	  -3.8572780172066223e-02	   1.4166888879713030e-03	  -1.6028949495613967e-02	   5.4881985981261566e-02	   3.6420990392776381e-02	   8.8125553179131871e-02	  -2.1283994185615322e-02	  -5.1119597281701477e-02	   2.8878996373388137e-02	   2.8012682217852714e-01	   2.5805356653346995e-01	   2.7383583485701318e-01	   2.4220892686303142e-01	   2.0054181245841560e-01	   2.4723583791067394e-01	   9.3585936252935403e-02	   1.3667484660722781e-01	  -5.1104579333087201e-02	   2.5447719488259055e-02	  -7.2614187968946028e-03	   1.0684184351443560e-01	   3.7602637145974768e-02	   5.7551226519604273e-02	   3.5103843902679448e-02	  -1.2284049907252008e-01	   1.5892808064639952e-01	  -7.4020256944649740e-02	   2.6888149129160011e-01	  -4.5617883343315891e-03	   1.2549159628128320e-01	  -1.1621262420909552e-01	   1.6778300216261746e-01	  -2.6647474293268893e-02	   1.1907098979519644e-02	  -8.0417874304087728e-02	  -2.0475670566943920e-02	  -3.9341100887926472e-02	   3.4333864404493930e-01	   1.3061587369586428e-01	   1.2982136020321935e-01	   5.5297270214452729e-02	   2.6113518272612662e-01	   1.3476035634268835e-01	   1.7627838560049547e-01	   1.9564206255851219e-02	   1.6891933528453786e-02	  -3.9682378174088831e-02	   8.2552042152976832e-02	   1.1036984982685756e-01	   3.7795615754405221e-01	   3.9816595445571651e-01	   2.7827997757706707e-01	   1.4711986185052112e-01	   1.7255514077435635e-01	   1.3678697955164637e-01	   2.8169685765092078e-01	   1.3923416847171485e-01	   1.9820651350384044e-01	   3.4664485048920668e-01	   1.3407435468416451e-01	   2.8296949559812140e-01	   1.4024380623722568e-01	  -6.9502793794606318e-02	   1.1461799180532639e-01	  -6.1492812534675693e-02	   7.4894986368497868e-02	   1.9127111806321206e-01	  -7.0375527168883220e-02	   1.8089396575461683e-01	  -1.4719421265956907e-02	   1.4361445322018192e-02	  -1.5688634120907166e-02	  -3.0762867537649993e-02	  -1.0536100855455155e-01	  -1.3539439817497984e-01	   8.8535880962848562e-02	   4.8276307163742808e-02	   5.6181593868009597e-02	   2.5289215654454777e-01	   4.8802304481134304e-02	   4.4968571182568931e-02	  -1.7461367326464673e-02	   7.2407365097157853e-02	
   2.3639913312736316e-01	   2.5900249023155436e-01	  -8.3655562826851979e-02	   2.9182105922902396e-01	   2.2797622764053227e-01	   3.8056092196336311e-01	   2.5305875093851526e-01	   5.0542177012497236e-01	   1.9206397931291447e-01	   1.3112441377044376e-01	   4.3151506231337972e-01	   0.0000000000000000e+00	   5.8725951172894741e-01	   9.8379686881675699e-01	   1.7820257150120927e-01	   4.9628131682634208e-01	   2.0892450361809234e-01	   1.5278500271560827e-01	   1.1062867185730531e-01	   2.0514328605399729e-01	  -3.2771579221372851e-03	   6.5534999586007558e-02	  -1.7296406599529868e-01	   3.7891663603400183e-02	  -5.5072237945481557e-02	   1.1804378484577335e-01	   1.4849932557833481e-01	   2.4041778978831668e-01	   3.7739103595504098e-01	   4.6759229120699791e-01	  -3.9568006333640923e-02	   5.7727894001495611e-02	   1.3332376861281187e-01	   2.7652507133661064e-01	  -1.5227767682198656e-01	   5.8941900109388233e-02	   1.3862712006543463e-02	   1.6710017635579547e-01	   1.1825512368272398e-01	   1.0775238910805747e-01	   8.3655224751479615e-02	   1.7871808587396015e-01	   2.0215108619887429e-01	   1.8921958868736177e-01	   8.8467393943535602e-02	   2.2102887461853507e-01	   2.0821194186163761e-01	   2.4309948841794218e-01	   1.9515355233697454e-01	   2.2128835622756679e-01	   2.7064913422432813e-01	   7.9910593447998585e-02	   2.3342263660813523e-01	   1.7805428282559288e-01	   2.1638950852522471e-01	   2.8193250811854043e-01	   1.0712247757407432e-01	   1.5061329089489638e-04	   2.6710748431631343e-01	   2.1038683911186187e-01	   3.7526852786993053e-01	   5.5287734033936253e-01	   7.2182244962150630e-02	   1.6332408365768292e-01	  -6.3515792150576095e-02	   3.3204385604949294e-01	   1.6075062864501270e-02	   2.3679951070490945e-01	   9.0862932954174053e-02	   1.2335766952605356e-01	   9.5399158516065563e-02	   2.7112265257658680e-01	   2.5428538647831034e-01	   3.2043533966913396e-01	   2.4923522830771275e-01	   3.5755269681521851e-01	   2.8445648030705400e-02	   2.2484554901587425e-01	   1.0012575727127648e-01	   7.5695909572230102e-02	   1.3695763361689398e-01	   8.9388093881139427e-02	   5.6401284231769128e-02	   2.1876184797834652e-01	   5.6314586779647804e-03	   2.2496145173032173e-01	  -2.2034646806808719e-02	   4.6083852830506790e-02	   1.6563384065666500e-01	   4.2019636740492106e-01	  -1.0082926896622246e-02	  -7.5670472163936964e-02	   2.2710435036398815e-03	  -2.5144328346569456e-01	   2.1693011790738292e-02	  -4.9593415925670514e-02	   6.8271824461260122e-02	   9.8577477556146376e-02	   9.1782683266353568e-02	   1.8122289661515895e-01	   1.7437446101450510e-02	  -3.9895603443469110e-02	  -6.8321427703244730e-02	  -6.3223837440717037e-02	  -1.5894312284680459e-01	  -2.5092730723547663e-01	   7.5776616774633723e-02	   1.3973838437811006e-01	   7.4384902721796375e-02	  -5.8903775542340220e-02	   6.6866863927674131e-03	   1.1509209770278885e-01	   3.6164561792095019e-02	   1.2308369855962040e-01	   1.7512553724243929e-02	  -1.3674090548764850e-01	
   3.2522489675454341e-01	   1.3422457200297538e-01	   8.2339636037537259e-02	   1.2241697907079503e-01	   2.1949387033560938e-01	   4.6669584737844338e-01	   5.4956655481585992e-01	   5.9036030523778604e-01	   3.9507546717029240e-01	   2.2357162569046860e-01	   6.8754832804399779e-01	   5.8725951172894741e-01	   0.0000000000000000e+00	   1.0260137359106760e+00	   3.4664014980529406e-01	   4.7540034761743266e-01	   3.2205073161956405e-01	   1.8423157124774675e-01	   2.3530383935668003e-01	   2.4328111062844915e-01	   6.6213169549382514e-02	   1.0274582509208782e-01	  -7.5425739805691283e-02	  -8.7519379464915920e-02	  -6.4120180488166173e-02	   4.3298365944405393e-02	   2.5766579636012521e-01	   3.1222271546799379e-01	   4.6768005796031709e-01	   4.2271773749842634e-01	   2.2930303882352246e-02	  -4.0751977780676157e-02	   1.7787336263826836e-01	   1.7613356814445696e-01	  -2.8552270859195850e-01	  -2.2686295517664548e-01	   1.7628140501075881e-01	   5.5718407136453402e-02	   6.9545177301353067e-02	   1.1333734242881394e-01	   1.7909339044029232e-01	   9.5407967716884270e-02	   3.4050197608936200e-01	   3.0194321477550568e-01	   1.3236152888278913e-01	   1.9793459603557578e-01	   2.5907368471399872e-01	   3.3891214651455637e-01	   2.2404521612266970e-01	   2.8032441881462522e-01	   2.8869247042685986e-01	   2.1256182851520672e-01	   2.1702749675455690e-01	   2.0142387799931860e-01	   2.7351930226982824e-01	   3.2110890619868787e-01	   1.2356403007070180e-01	   2.3899124668842340e-02	   5.4231447141604350e-01	   3.2382874188390243e-01	   6.4499496498194864e-01	   3.4804650626160649e-01	   3.2852998600132521e-01	   2.3081074610711863e-01	  -1.0487557645434335e-01	   4.0259479447536890e-02	   2.8555956110900226e-03	  -2.6987164833360680e-02	   1.4791578446301315e-01	   1.4687852727288267e-01	   2.2397555766327881e-01	   2.2296186970747625e-01	   2.7402191431766548e-01	   2.4940936957151044e-01	   2.7919797876415431e-01	   2.9636625779523496e-01	   2.5353886329356923e-01	   3.1237828104078114e-01	   4.2950991555611384e-02	   5.2273296830394812e-02	   1.8111383191598268e-01	   1.4075228208553853e-01	   8.8799065078568162e-02	   2.8227382195508299e-01	   1.1939674593737523e-01	   1.4403842089813701e-01	  -5.3097212319457125e-02	  -1.2121508565040974e-01	   3.6929892327570268e-01	   4.1214609429365900e-01	   1.2924025794943700e-01	   2.5332594165848760e-01	  -2.3905418059972310e-02	   3.6621907926185512e-02	   8.5835009543645716e-02	  -1.0367690989190898e-02	   1.2664395269514767e-01	   4.2752073118426520e-02	   1.9558613358407542e-01	   3.4948647337835387e-01	   1.6423758868851052e-01	   3.9299560916105647e-01	   1.4322400709795161e-01	   2.7694576959879902e-01	   8.9023362766540562e-02	   6.9211677221809889e-02	   6.4089817852056849e-02	  -9.7891577192997778e-02	   1.1385617496217484e-01	   5.3790175320891486e-03	   1.2008884229097872e-02	   2.3114052018050585e-01	   1.1882902274824887e-01	   2.3547317059032241e-01	   1.5936718925291785e-01	   7.4161736832229569e-02	
