   0.0000000000000000e+00	   9.4203643676218218e-01	   4.9864769889031235e-01	   4.1603329064868394e-01	   3.6490681680571840e-01	   6.0351434115694290e-02	   4.7249905216602839e-01	   3.7650881716017182e-01	   2.6764745655939731e-01	   1.2562080140737369e-01	   7.6083482025692861e-01	   3.6115246185199246e-01	   5.4539409780459425e-01	   1.6915943617540863e-01	   6.3627498757959311e-01	   3.6509628911121833e-01	   1.0208081429815783e+00	   9.2742876131860219e-01	   9.0669401629821156e-01	   9.3343811842183733e-01	   3.2535093319065944e-01	   2.7263010088418127e-01	   4.3770551824276649e-01	   2.4984645374752321e-01	   2.6520817151575138e-01	   9.2130761708982448e-02	   1.6387618360401837e-01	   2.4355328152912761e-02	   9.3237793571077776e-01	   7.8758740543521555e-01	   5.2838522270024124e-01	   4.7748774160650637e-01	   7.6289235948842127e-01	   7.5407619506647761e-01	   1.9936215458217413e-01	   1.0115500180700124e-01	   5.1515045590104314e-01	   4.3047215993666721e-01	   5.1154037228658722e-01	   4.0894892228672919e-01	   5.2491375702448861e-01	   5.1399977793305895e-01	   7.5906046481510092e-01	   8.2997406114581451e-01	   3.9550300963979640e-01	   3.6471990757184358e-01	   7.8536843068424045e-01	   8.1528849694891836e-01	   5.0415205561986687e-01	   4.8681125526425090e-01	   5.7650437353120787e-01	   5.7499994363330043e-01	   4.3714301005403361e-01	   8.1198396761662306e-01	   5.0225499127209638e-01	   8.0148202034754945e-01	   9.9869821549434334e-01	   7.0428380402763657e-01	   1.4397484302481323e-01	  -1.1391566528622561e-01	   3.2518097300229493e-01	   4.9192569652779843e-02	   6.7490485751953755e-01	   5.8756067995286343e-01	   2.5881290048281819e-01	  -2.8585359250403956e-02	   1.8884307475129805e-01	   1.8388768324107549e-01	   7.3894589040157943e-01	   5.9206814376474415e-01	   4.1958880972140766e-01	   2.7346675046243696e-01	   6.1324111745553456e-01	   4.8828126034781971e-01	   6.0434358748368533e-01	   3.0951798856283846e-01	   6.2483132299289912e-01	   4.2916781870001475e-01	   8.7447471673999677e-01	   8.8104408002038848e-01	   7.7444264743612945e-01	   8.6267570650105474e-01	   6.4997061702400005e-01	   6.6835365636813349e-01	   5.7486320837455573e-01	   3.9668511848714577e-01	   5.3299955273640309e-01	   5.1253938846553049e-01	   3.4865199251981388e-01	   4.0231661263765439e-01	   4.8908965281133870e-01	   4.7972549873176218e-01	   1.0192103894987775e-01	   3.8019599764791701e-01	   2.3793857622625719e-01	   2.8617171054184615e-03	   4.5027954879362730e-01	   3.4243948174984817e-01	   7.7525770719609111e-01	   7.3393768760201084e-01	   1.5605635791117561e-01	   3.3205800120525986e-01	   1.8487713397450617e-01	   3.5358269627486932e-01	   1.2252294769532127e-01	   1.6158403534312332e-01	  -8.6961005221246071e-02	   1.9220032552378735e-01	   1.4342032802864266e-01	   2.8371948963062404e-01	   4.0951730001207692e-01	   6.8805002535643189e-01	   6.2317212048501713e-01	   4.4281544336916234e-01	   2.5604613404550863e-01	   5.7586054973114580e-02	
   9.4203643676218218e-01	   0.0000000000000000e+00	   2.9001461725091510e-01	   4.8553502820398176e-01	   1.7116505142292449e-01	   1.0454162356105412e-01	   1.3623510554590224e-01	   5.1812853678062409e-01	   9.2388392400594793e-02	   1.9112593153610932e-01	   4.2271892722703514e-01	   5.2647550225775697e-01	   3.0144863996394045e-01	   3.2068414354344665e-01	   3.7556374017000355e-01	   3.9462888610371910e-01	   8.5693047559230884e-01	   1.0501899356636211e+00	   7.8829173390537999e-01	   1.2006511239658890e+00	   3.5608689888736061e-01	   4.1244711026347264e-01	   3.8470766905407067e-01	   2.9255322305771286e-01	   2.2882910262409226e-01	   1.4419169973420348e-01	   1.9303922786630534e-01	   1.4814987978728794e-01	   7.0380451466110894e-01	   8.6622153407120139e-01	   3.9585823292695571e-01	   4.4556913735856479e-01	   6.6679229628290548e-01	   8.2503341607496572e-01	   1.7321769401817122e-01	   1.2676031937377702e-01	   5.3142354632560607e-01	   5.2973713626708430e-01	   5.4581157250193879e-01	   4.9918103494048460e-01	   5.7702229499648972e-01	   6.5176722525260433e-01	   7.2329449867276185e-01	   7.4141162518296255e-01	   4.6488283129016300e-01	   3.9754904173433253e-01	   7.6169601778203688e-01	   8.0718917421339309e-01	   6.8322126187162380e-01	   6.9304160223958000e-01	   6.7608707813557078e-01	   7.0199896031034892e-01	   3.6733387564444941e-01	   6.2308918541954106e-01	   6.0844505450236985e-01	   8.1939699173071490e-01	   1.0775137318630008e+00	   1.0717720167829310e+00	  -5.2876228725153844e-02	   7.7824301424357437e-02	   4.0677408292145660e-02	   9.4754981514919706e-02	   4.8456686121686887e-01	   7.3834701468260111e-01	   1.3877351520022577e-01	   4.6690194507284406e-02	   5.6662549311697320e-02	   2.1336804259010850e-01	   8.3237681435773025e-01	   7.0336051644907405e-01	   2.2890333715424158e-01	   3.4020538162345970e-01	   4.9442264702330907e-01	   5.9548570649334054e-01	   4.7067997159622554e-01	   4.8973556617864944e-01	   5.7322277017991208e-01	   6.0725036350256312e-01	   8.6597498156305441e-01	   1.0533864654883840e+00	   9.6481721129214637e-01	   1.0006814125180763e+00	   5.6879316711844674e-01	   6.8804625016309540e-01	   5.5427865988190006e-01	   4.8544965894356462e-01	   6.0990692627765797e-01	   5.3318810638759462e-01	   2.6528795732336219e-01	   5.1308560307035578e-01	   5.4889960763884260e-01	   2.7722108281762070e-01	   2.1211837523134569e-01	   1.5556558384687336e-01	   1.8905332318500534e-01	   3.2245448459216876e-02	   5.3257714728565797e-01	   3.1527254505845864e-01	   8.6018811255549199e-01	   5.6554580135161570e-01	   2.3201220467091238e-01	   1.0649618102832650e-01	   2.2170091875066000e-01	   1.5448864956561964e-01	   1.7376172763460102e-01	   8.5503713010699561e-02	   5.2787454809345609e-02	   2.4295787473338139e-02	  -4.3265049607418863e-03	   1.1602132664922048e-01	   4.2024727732431733e-01	   6.3501321354393025e-01	   5.3099674753178894e-01	   3.3698435103785856e-01	   9.3634465198776315e-02	  -9.1871608227495391e-02	
   4.9864769889031235e-01	   2.9001461725091510e-01	   0.0000000000000000e+00	   1.0952856889755900e+00	   1.1473116096606735e+00	   7.1259689891214473e-01	   1.1479153170236676e+00	   4.7375008980720301e-01	   7.7122201245618183e-01	   4.7931473083596016e-01	   7.5187060244309356e-01	   3.9595530240311971e-01	   7.1426689851559688e-01	   3.7864844618304705e-01	   1.0469392738729735e+00	   7.0536798220392549e-01	   2.0512063313901047e-01	   1.1694181393721277e-01	   9.2208165727030889e-01	   6.9314865660302860e-01	   5.7955532480349314e-01	   4.1502207586499545e-01	   1.4124480066586960e+00	   1.0308415598336600e+00	   9.6966409904543738e-01	   8.1962748899809412e-01	   6.7041269369195289e-01	   5.2536973108173246e-01	   4.2040453577219722e-01	   2.6527584034168106e-01	   9.5213107271946174e-01	   6.9349204492882266e-01	   7.7568380477030696e-01	   6.6168932759845267e-01	   7.1162814661706153e-01	   7.1021838928366288e-01	   5.7413395244299958e-01	   4.7605455265797381e-01	   5.0397352306730747e-01	   2.9612805895793548e-01	   6.5330000852585035e-01	   4.3931590237260515e-01	   7.0890938790154578e-01	   5.1697722145486069e-01	   4.0462189161573692e-01	   3.3985664698986756e-01	   5.0212207362415573e-01	   5.3383679968932829e-01	   3.2468071083943484e-01	   3.9327478836891072e-01	   6.5980430877438767e-01	   5.1022489982840324e-01	   1.5317313959417239e-01	   4.6970191645761167e-01	   4.9699950817865557e-01	   5.6196920019639895e-01	   1.2237165808565860e-01	   1.2105846766714942e-01	   2.5787937960889362e-01	  -1.7716133347906474e-01	   3.5070634403766998e-01	   3.2934687544479835e-01	   5.8642782627424131e-02	   1.5245023295227672e-01	   9.4306567667749164e-01	   4.4781873511939319e-01	   7.9533110424275555e-01	   6.6188987895110030e-01	   7.7302179746666777e-01	   8.3419959067198424e-01	   4.5147282944341155e-01	   2.5393759492923584e-01	   2.3958894359899557e-01	   1.2804867374819462e-01	   3.1661929255925336e-01	   1.6588156883289434e-01	   3.3874996408243513e-01	   2.6547525694154611e-01	   2.6450693727474073e-01	   2.7552054376369228e-01	   1.6947322194979100e-01	   4.3003060018574563e-01	   1.0562295231730945e+00	   8.8104736313207144e-01	   9.8028851936989858e-01	   8.1543792525969905e-01	   7.2779623973289109e-01	   7.6274595791950217e-01	   9.0211948876305692e-01	   6.7585559823403807e-01	   7.5243548557370699e-01	   1.0726918801352197e+00	   4.7784306189654835e-01	   5.6519460707689551e-01	   4.3279057933627979e-01	   1.2708530000472565e-01	   5.8804613565446040e-01	   3.9596934631209174e-01	   5.2263553065643853e-01	   7.6758490497740917e-01	   2.5784876166013421e-01	   4.1186048038780343e-01	   3.2725853505374070e-01	   3.3067249776685742e-01	   2.3303716066819560e-01	   2.5120417339538026e-01	   1.8620920156591636e-01	   1.2748710101922733e-01	   3.9853470287154035e-03	   5.0297119575626026e-01	   9.6296934843723248e-01	   6.9616791432277936e-01	   8.4592422732090411e-01	   7.7322532148932344e-01	   4.9817382379645875e-01	  -4.5545378154353576e-02	
   4.1603329064868394e-01	   4.8553502820398176e-01	   1.0952856889755900e+00	   0.0000000000000000e+00	   7.3570427288330942e-01	   9.5496575658029415e-01	   7.0097042600358805e-01	   8.6489901222057286e-01	   6.9685677847070226e-01	   8.0331274780273332e-01	   6.5944477746362529e-01	   6.9909160030842077e-01	   5.6319006252950454e-01	   6.2369473274438669e-01	   7.1020104934668460e-01	   9.2446424663602200e-01	   1.4212563825358093e-01	   1.0663787397757105e-01	   8.0880211004402747e-01	   7.8563561891875100e-01	   4.4466815679321703e-01	   4.5814280372707877e-01	   1.0895057287455649e+00	   1.3090768122722869e+00	   6.3665136589645399e-01	   8.5829706798093697e-01	   4.6955486577657263e-01	   5.2923089929856804e-01	   3.2732122717841866e-01	   3.2662157615199899e-01	   7.0972532107295028e-01	   7.2106175183060828e-01	   6.4894553546436140e-01	   7.0901480682682483e-01	   5.0301222519668787e-01	   6.7593906265138148e-01	   4.2809041433152828e-01	   5.2027662947729469e-01	   4.8600601910038022e-01	   3.7564591913577983e-01	   6.2036240925067077e-01	   4.5813988470118527e-01	   6.0511586870358314e-01	   4.5631194454295915e-01	   4.6015500450498492e-01	   4.0351430948510353e-01	   4.4453848247613437e-01	   5.1121890538972414e-01	   4.2214625059459515e-01	   4.8965554165267244e-01	   7.1910016744320826e-01	   6.7247377573301659e-01	   1.1339512426925785e-01	   4.8430612278803931e-01	   4.9184414507697249e-01	   6.1034597298833337e-01	   1.7729707034559128e-01	   2.6759032705499830e-01	   9.5712627909713438e-02	  -3.0573039895930996e-02	   2.7871465551644820e-01	   5.6538077292424316e-01	   5.3814435165738701e-02	   2.9155983037401517e-01	   6.7094980739927779e-01	   5.2181792658179782e-01	   6.2576155055557281e-01	   7.2019802114867815e-01	   8.6774850964426720e-01	   1.0056565121611338e+00	   2.7016702921270325e-01	   3.2041078741509810e-01	   1.2733683365361362e-01	   1.5575913622665588e-01	   1.7319810788552339e-01	   2.3198936090401429e-01	   3.4275644496179997e-01	   4.0725697692871826e-01	   1.9538981318924109e-01	   2.9732271797715626e-01	   2.0135337648501775e-01	   4.6534433281409554e-01	   9.6289060589403652e-01	   9.6521279911391689e-01	   9.6528673087808581e-01	   1.0982885464850709e+00	   7.8310493614598520e-01	   9.1111250528391108e-01	   7.6445704905973821e-01	   9.0885837065913311e-01	   8.6369733188384712e-01	   8.1715536101623765e-01	   5.9820240498952937e-01	   3.2079977962446893e-01	   3.5698690777170361e-01	   1.8322616726582977e-01	   5.3754190007909308e-01	   3.8103697357257171e-01	   5.1419218225980901e-01	   6.4642619562309056e-01	   3.5086995013261524e-01	   2.4653687643068647e-01	   3.5882971969456118e-01	   2.4078248258891513e-01	   1.9503507627206607e-01	   1.2831652490193923e-01	   1.8606998381695666e-01	   3.0329383414343561e-02	  -1.4031828222559298e-01	   3.8884514427786476e-01	   7.9070655071011797e-01	   5.4101159862383530e-01	   6.6712005356830062e-01	   5.9921055831859149e-01	   2.9756787866330042e-01	  -1.3917082987861454e-01	
   3.6490681680571840e-01	   1.7116505142292449e-01	   1.1473116096606735e+00	   7.3570427288330942e-01	   0.0000000000000000e+00	   7.9748395049306009e-01	   9.1256133096865599e-01	   3.6710315098078528e-01	   1.0337841676490449e+00	   6.6350715897011203e-01	   6.5068726274261401e-01	   3.9564626322631058e-01	   7.0176269067735375e-01	   4.1113514310318217e-01	   1.0487082282642457e+00	   5.9582883010147958e-01	   1.3376668093964567e-01	   7.0947768275565593e-02	   5.6149711859060281e-01	   4.4400684844155791e-01	   5.5325422899976606e-01	   3.9772941639337500e-01	   9.6723320686796366e-01	   8.0380376690108091e-01	   8.8994402307067189e-01	   6.9495967590349683e-01	   7.1041465270478099e-01	   5.8235334857252585e-01	   3.0667372611693644e-01	   1.6954616310580101e-01	   6.7899793339819436e-01	   5.0171476252732217e-01	   5.1631311653517820e-01	   4.4786502122056082e-01	   7.6746865811181297e-01	   6.1412748335371903e-01	   3.6261606164843141e-01	   2.3680944984319074e-01	   3.7932413906422741e-01	   1.3673434787081051e-01	   4.7760304126803027e-01	   2.4160912998143438e-01	   5.5019744840149321e-01	   4.4163801727938778e-01	   4.0131266731258025e-01	   3.8783875066049067e-01	   3.4173364517422988e-01	   4.3849647551889415e-01	   3.0675088073515511e-01	   3.8093609140835516e-01	   5.9106133083241352e-01	   4.3990960799897605e-01	   1.1109562019180189e-01	   4.8130088778051777e-01	   3.0320846208145735e-01	   3.7167122422952531e-01	   4.4745629997822119e-02	   6.4355671132405132e-02	   3.3255708964300729e-01	  -1.3687416472160360e-01	   3.2853648875368552e-01	   3.6045955095823512e-01	   5.6256651476793197e-04	   9.0491301400860771e-02	   9.8375975289391981e-01	   5.2128289346492795e-01	   7.9165377906145140e-01	   6.2199024142776282e-01	   5.2900881957527346e-01	   5.6293130057643803e-01	   3.4809785248778652e-01	   1.2452269839496842e-01	   8.6675475672409463e-02	  -2.5921253850766685e-02	   1.5367469192722621e-01	   1.9825377958861273e-02	   9.4041268502577602e-02	   2.3726435270578546e-02	   2.2168488547464282e-01	   2.2220855741925455e-01	   1.4018177691048317e-01	   3.6879271793041496e-01	   7.8004469084952888e-01	   5.8794499546677181e-01	   7.9171673892789074e-01	   6.9898621176127185e-01	   5.3098149505157111e-01	   4.2805884603951361e-01	   6.5326719778448072e-01	   4.7705441740758114e-01	   4.9704663317685749e-01	   7.1877474747120562e-01	   4.4165288614571774e-01	   5.6803229257946319e-01	   3.6955127856766834e-01	   9.8122989228354614e-03	   4.0225106612381928e-01	   2.3909665122779933e-01	   3.1273283189364204e-01	   5.3086318183784620e-01	   2.5243532521696788e-01	   4.8300219306880099e-01	   2.8754982911477611e-01	   3.2542720518975926e-01	   1.7139774355745657e-01	   2.3900034342972648e-01	   5.9259747037896777e-02	   6.4594489512103864e-02	   1.3829903307982480e-01	   3.2492727705245766e-01	   5.6505394867627523e-01	   4.8984188930830563e-01	   5.7824156925792547e-01	   6.2293753023635823e-01	   5.1187874074975792e-01	   1.3236220254952322e-01	
   6.0351434115694290e-02	   1.0454162356105412e-01	   7.1259689891214473e-01	   9.5496575658029415e-01	   7.9748395049306009e-01	   0.0000000000000000e+00	   5.7459636076878695e-01	   6.8057561386387144e-01	   8.3521888426895075e-01	   1.2263246551290621e+00	   4.1651440879375901e-01	   5.5462321373227130e-01	   4.0666856139042534e-01	   5.1655652613940584e-01	   5.4499170644524908e-01	   7.2268687398573517e-01	  -8.7067308266891921e-02	  -1.2598375247842733e-01	   3.8154852607047696e-01	   3.2000824362150165e-01	   4.4990352566682035e-01	   4.9759457606961266e-01	   7.1237100573999423e-01	   9.2350780119861353e-01	   5.4433748771758894e-01	   9.7167638274822399e-01	   5.2573269122310184e-01	   8.1430971306520916e-01	   8.9549133146206703e-02	   8.1856350746210157e-02	   5.0966456553061756e-01	   5.3869320984147062e-01	   3.2975476668338666e-01	   3.7277078369544842e-01	   4.4143548189440573e-01	   6.0833218520640631e-01	   2.2271232933773266e-01	   2.9113367436614823e-01	   3.1945799946650810e-01	   2.4672058004563135e-01	   4.7884133442347460e-01	   2.9210441191806530e-01	   3.3889473858196506e-01	   2.3263647649287281e-01	   4.1477509765223314e-01	   4.2247457754846385e-01	   2.3745818012137382e-01	   3.2408715648099146e-01	   2.7435025465580076e-01	   4.1971281507233743e-01	   4.2216962820421583e-01	   4.0294662609831106e-01	   5.2818350208307344e-02	   3.4182311979500768e-01	   2.6285547024906869e-01	   3.2537176868676515e-01	  -1.3387687303277190e-01	  -2.6250464450865749e-02	   1.5956185229157449e-01	   1.6107319525259752e-03	   2.7700140538028606e-01	   7.4329736328891893e-01	  -1.1197285237107063e-01	   8.8270446897019780e-02	   6.4811308408614321e-01	   6.2041698510589827e-01	   6.1982530661680346e-01	   6.5187454473505357e-01	   4.6632912443688651e-01	   6.0764456173633674e-01	   8.5751313933976725e-02	   1.8601963874662600e-01	  -1.7642416509654195e-02	   9.8056202912380191e-03	   2.3319608841427922e-02	   1.4027939123784311e-01	   1.5145170982099953e-02	   9.9762389018772671e-02	  -2.0281594707161163e-02	  -6.6664055281164709e-03	   2.8067807432942484e-02	   1.9306113053058471e-01	   6.1281901154764207e-01	   5.4029121852570661e-01	   6.2644323132848145e-01	   7.0840578004175803e-01	   4.5179572397843926e-01	   4.5997721342101061e-01	   5.9292886936678757e-01	   6.3021119836355699e-01	   5.8398792870328053e-01	   5.7567273180245193e-01	   6.0196581324986853e-01	   2.5831481580054311e-01	   3.2948070684270253e-01	   1.0037286706451133e-01	   3.4838095934049801e-01	   2.7839449532583588e-01	   2.7544768442774270e-01	   4.0846136905706082e-01	   3.6973284415950702e-01	   2.6466805038963365e-01	   2.7007052695716893e-01	   1.2777981721916262e-01	   8.4289335186373715e-02	  -1.4462382038247573e-03	   2.8413225517847146e-01	   9.5344173873118526e-02	  -5.1455983356819723e-02	   2.9542247313016451e-01	   4.8060831755648581e-01	   3.4417902113737270e-01	   4.2300646606799197e-01	   4.3302499894627261e-01	   2.2616052374778800e-01	  -3.2757292794155089e-02	
   4.7249905216602839e-01	   1.3623510554590224e-01	   1.1479153170236676e+00	   7.0097042600358805e-01	   9.1256133096865599e-01	   5.7459636076878695e-01	   0.0000000000000000e+00	   5.5713110878659844e-01	   8.8950058695910683e-01	   4.2467187679189733e-01	   7.1893958691160287e-01	   3.2686388262095178e-01	   7.2784733335456120e-01	   2.3614811073805059e-01	   7.8516010822912796e-01	   4.6592067164093931e-01	   2.8418840653578825e-01	   1.7705636194982996e-01	   6.0388371653303319e-01	   4.3812417305453655e-01	   3.1450228970344529e-01	   2.2698866809212903e-01	   6.8880708025491533e-01	   5.0492941881348918e-01	   5.0815139168993140e-01	   4.1821807178475634e-01	   3.0153470807878108e-01	   2.4410214717800516e-01	   4.8792259686285944e-01	   3.3636304446364529e-01	   7.5526384943168567e-01	   5.1841634672747883e-01	   6.5992950756241997e-01	   5.5489221879872241e-01	   3.6420128173935346e-01	   4.1747819551766369e-01	   3.9136495104143310e-01	   3.3241405028039916e-01	   3.7042218431266710e-01	   2.3277183285254952e-01	   4.5739165730844800e-01	   3.7283149685959993e-01	   4.6201104765810097e-01	   3.5491248567479122e-01	   2.9286498594758947e-01	   3.3121784892373329e-01	   3.8279035405720740e-01	   3.9933259899233009e-01	   1.1916198355565030e-01	   2.5052823824978110e-01	   3.6493957833776319e-01	   3.3071033737144229e-01	   1.8021094587021000e-01	   4.4103702480059115e-01	   3.4701548144660649e-01	   4.3036021578857969e-01	   5.0391576684126617e-02	   5.0565981423648036e-02	   5.4009734873903825e-01	  -1.0232167926318381e-01	   6.3565280554688086e-01	   3.9260942875891058e-01	   2.5966611282235358e-01	   2.7341979646222631e-01	   6.9862752168282871e-01	   3.2399621892944658e-01	   8.1950737204696966e-01	   6.1064914762629197e-01	   3.8021025112415013e-01	   4.5001738064832342e-01	   3.5063875361845059e-01	   1.6246347898036512e-01	   2.4371950510338647e-01	   1.7101019956848126e-01	   2.6062058322495713e-01	   1.6952747024936221e-01	   2.3063389348959867e-01	   1.3381078663232465e-01	   2.8990374705403710e-01	   2.4606817947343973e-01	   1.5199022712976790e-01	   2.9213393908755703e-01	   6.9025893333202093e-01	   5.9031960001992156e-01	   6.4717088429907232e-01	   4.6019248896303366e-01	   4.3881737250713421e-01	   4.2308034941209494e-01	   7.4741220838960776e-01	   5.2708554783740014e-01	   5.1318646755788511e-01	   8.4570757049998857e-01	   2.9225747145546377e-01	   6.1917366065552015e-01	   3.1154838877831359e-01	   4.2953418706733956e-02	   3.7181436721612104e-01	   2.1490596618429308e-01	   3.8289827955910882e-01	   5.5748673246361147e-01	   2.1963162425375737e-01	   5.9691938972808556e-01	   2.5823153876178773e-01	   3.8043352708534289e-01	   1.3427189385280422e-01	   1.9048374716180289e-01	   1.6708959592580780e-01	   1.3655794456763476e-01	   1.7853461373132995e-01	   4.2904021857924035e-01	   5.0097456300877541e-01	   5.0114472230817086e-01	   6.0822655237437306e-01	   5.6904436163630623e-01	   3.1275551238825372e-01	   2.6227599053659758e-02	
   3.7650881716017182e-01	   5.1812853678062409e-01	   4.7375008980720301e-01	   8.6489901222057286e-01	   3.6710315098078528e-01	   6.8057561386387144e-01	   5.5713110878659844e-01	   0.0000000000000000e+00	   5.6363388738975773e-01	   8.8200380491368680e-01	   4.7588801440463613e-01	   7.5073527023934794e-01	   4.4471314480778168e-01	   5.9953633483862689e-01	   3.9128781386459849e-01	   6.7106590139028832e-01	   3.0999212006353449e-01	   3.4507257745460740e-01	   4.6121031617232933e-01	   5.3652455129061627e-01	   2.6657271695756740e-01	   3.8012147809697128e-01	   3.8995997473939858e-01	   4.4357034262007389e-01	   2.1760244828430783e-01	   3.5970348068056779e-01	   3.5508501001662467e-02	   1.6166496503050259e-01	   4.3640118026716507e-01	   5.9899168581407813e-01	   4.3762234648188847e-01	   5.1382359877467376e-01	   5.2360311458894326e-01	   7.1240401812421128e-01	   1.1224988304344087e-01	   3.5563377147574010e-01	   4.2839615923052832e-01	   5.7677249666255126e-01	   4.3691966226633766e-01	   4.5683295297976034e-01	   4.5793616448696378e-01	   6.3072297370127017e-01	   4.4392202851282336e-01	   3.1954420469403316e-01	   3.5129569090239449e-01	   3.6955865839166535e-01	   3.7860719410522226e-01	   3.8697982793383373e-01	   2.7892154923410806e-01	   5.0206517223216218e-01	   3.9502313847726733e-01	   4.5861450528282621e-01	   2.2585961668920251e-01	   3.4645060972147235e-01	   4.9086739641168575e-01	   4.9095198936564999e-01	   1.5265656655322651e-01	   3.0346343120057340e-01	   3.6755855124219233e-01	   3.6949433630699313e-01	   5.2439873985327812e-01	   8.3810172564793972e-01	   2.7418326231599927e-01	   5.1195770306317290e-01	   3.1292886181336216e-01	   4.3038993028943284e-01	   4.5034198172527096e-01	   5.8093179755456481e-01	   4.4563067354717556e-01	   5.2052137463701609e-01	   1.8943491142823113e-01	   4.1200751197548141e-01	   2.3785831001452329e-01	   3.7721273539470751e-01	   2.6271871002199254e-01	   4.6860575015212780e-01	   4.0032201243144044e-01	   4.8402274571579762e-01	   3.2080482336335897e-01	   3.8642102277785845e-01	   3.1718298348478968e-01	   3.5856026886401737e-01	   4.7383729562749466e-01	   5.9590749962985612e-01	   4.9147236034575892e-01	   4.6772092098585472e-01	   3.9928251853477686e-01	   4.6202759263449783e-01	   6.9754412225782281e-01	   9.4047066900709686e-01	   5.5195092100332310e-01	   3.1591135920779406e-01	   3.6998171592313556e-01	   1.0303212554814682e-01	   2.8962071467154687e-01	   8.9963094483921077e-02	   3.9715431528265599e-01	   1.3987783747607224e-01	   4.3213280936530807e-01	   2.8017418355312573e-01	   4.4293478018014071e-01	   2.5091462465550474e-01	   3.7480245031411052e-01	   1.8402466565262138e-01	   1.6529276489094119e-01	   2.1588420814570613e-02	   1.2393368617573290e-01	  -7.0713516316446678e-02	   8.5595666680959442e-02	   4.0526585598487713e-01	   3.8929446970092652e-01	   3.1241223808003726e-01	   3.1939813330107475e-01	   2.9671074083093757e-01	   1.6620317631002812e-02	  -9.3296059522973054e-02	
   2.6764745655939731e-01	   9.2388392400594793e-02	   7.7122201245618183e-01	   6.9685677847070226e-01	   1.0337841676490449e+00	   8.3521888426895075e-01	   8.8950058695910683e-01	   5.6363388738975773e-01	   0.0000000000000000e+00	   7.9977698895193783e-01	   6.3091803129763269e-01	   4.1371728978107353e-01	   6.3173037729733661e-01	   3.0784459328756908e-01	   7.4296726273643265e-01	   4.4446321998994809e-01	   6.0506574798438961e-02	   7.7682469145832628e-03	   3.5742102431813277e-01	   3.0680996208167521e-01	   1.3285500923242785e-01	   7.5553326392973075e-02	   5.4909627487697366e-01	   5.2218163622914804e-01	   3.3535295359982453e-01	   3.5949942493976772e-01	   2.0069976501005976e-01	   2.0522861479512425e-01	   1.7132601199519620e-01	   1.2459700385666056e-01	   3.7437620440804664e-01	   2.5980670875149697e-01	   3.6897762765268449e-01	   3.5635785779392837e-01	   2.9513816600422343e-01	   3.1918075555768594e-01	   1.5951259402245724e-01	   1.0957995295569579e-01	   2.0783784931841859e-01	   2.8411881394465651e-02	   2.9919706305913724e-01	   1.2455419746098895e-01	   2.4061017193746748e-01	   1.6847762610046088e-01	   2.4958995731670733e-01	   3.0147249687211469e-01	   1.3405904420769610e-01	   2.2208943456828711e-01	   1.8411400382413193e-01	   2.5271229328912831e-01	   3.6057327549429241e-01	   3.8014916042270014e-01	   1.6763211136285744e-01	   4.5329828611216705e-01	   1.8912595474645297e-01	   2.7234411452998469e-01	  -8.4850581422345250e-02	   7.9683082909071751e-02	   4.7267579554965511e-01	   6.6304556583200100e-03	   6.6385607238465960e-01	   7.0506333796205600e-01	   1.0625511551625111e-01	   2.5931286392974279e-01	   7.3266247605328927e-01	   3.7740766496639649e-01	   6.9422113691038112e-01	   5.3117707976744422e-01	   4.0395410435356777e-01	   4.9609900097920062e-01	   1.9703647865417412e-01	   1.8550604924885312e-02	  -1.7996913202808395e-02	  -5.2658472903678512e-02	  -2.7876413375785525e-05	  -1.0880935782112315e-02	  -3.1819273183312784e-02	  -7.5569194727083025e-02	   3.5913239355340500e-02	   7.8959944859339951e-02	   3.7235110845247492e-02	   2.5036733618819484e-01	   5.3850454675834414e-01	   3.9224538153289729e-01	   5.8213503828283597e-01	   4.7833111375295667e-01	   2.7817278400450612e-01	   2.7347190844357727e-01	   7.3231167513422668e-01	   5.9259262327628415e-01	   4.7227113391228376e-01	   6.6012756221369040e-01	   3.7387266758563131e-01	   4.8820745190931036e-01	   2.6962861799178922e-01	  -1.5774595978257488e-02	   1.7611324935356637e-01	   9.7121065166663689e-02	   1.8124467673103789e-01	   3.4828318953968418e-01	   2.9153995691040779e-01	   5.8255208059710950e-01	   2.8812395708321031e-01	   4.0502726621822693e-01	   9.3703987127233240e-02	   1.8766794998675035e-01	  -3.1994320129546359e-02	  -4.5720847530907903e-02	   1.4587741390137662e-01	   2.3426304671807657e-01	   2.4534945695649210e-01	   2.7556146217870753e-01	   4.0139848564302183e-01	   4.6523941577072003e-01	   2.7230581333729176e-01	   1.7178270065017409e-01	
   1.2562080140737369e-01	   1.9112593153610932e-01	   4.7931473083596016e-01	   8.0331274780273332e-01	   6.6350715897011203e-01	   1.2263246551290621e+00	   4.2467187679189733e-01	   8.8200380491368680e-01	   7.9977698895193783e-01	   0.0000000000000000e+00	   4.6161898878316687e-01	   8.0069976044081770e-01	   4.5646431229252166e-01	   7.3148830489723082e-01	   5.8068842317698899e-01	   8.7580461793930020e-01	   4.5541673775298906e-02	   1.1257990277282264e-02	   3.1368069090170547e-01	   2.9333332182557609e-01	   3.4870502457380070e-01	   4.1686945502594047e-01	   5.1271502972398986e-01	   6.8885001592675976e-01	   3.1426204201881297e-01	   5.5240558428354980e-01	   2.4353143302157712e-01	   4.5351443400176394e-01	   1.7832532484188954e-01	   2.3356874755203516e-01	   2.9910306969517114e-01	   3.9780361258185565e-01	   2.5100400101579007e-01	   3.6513632002768320e-01	   2.6724166311403075e-01	   4.7544592907033378e-01	   2.8449545700544510e-01	   3.5063986913574396e-01	   3.5835065820441669e-01	   3.1188928138380667e-01	   4.6834675876333615e-01	   3.9451988977965907e-01	   3.3155640017337484e-01	   2.4738987009197422e-01	   4.1341425909350854e-01	   4.5316654898268127e-01	   2.5780525526509168e-01	   3.4590278378433964e-01	   3.1049332673294977e-01	   5.3422263782787316e-01	   3.9758955876385860e-01	   4.3282086832106148e-01	   1.3249950136600422e-01	   3.6966812062148435e-01	   3.0151246515274088e-01	   3.5314574810040433e-01	  -8.8336116694063729e-02	   2.6525625431132717e-02	   2.1677785487994575e-01	   1.5362677708832359e-01	   3.5915556007385618e-01	   9.1482355013940464e-01	   1.5466408447441700e-03	   1.8856818333335887e-01	   5.1156203717782589e-01	   5.8537745194634938e-01	   4.7271161714333915e-01	   5.6201589866596446e-01	   3.5406762327685554e-01	   4.6264425665538933e-01	   2.0153113874251680e-01	   3.3123038132358362e-01	   3.7547348552651551e-02	   9.7534740461757113e-02	   9.2936806302941738e-02	   2.6021324113942995e-01	   1.6109990908051436e-01	   2.2646266786113289e-01	   7.0979845317008877e-02	   1.2994735467760543e-01	   1.0616289892112070e-01	   2.0558516138305108e-01	   5.4430029002335134e-01	   4.9623180053505600e-01	   5.2778740335747265e-01	   5.8979870042486549e-01	   3.7857959321698492e-01	   4.1088586742363059e-01	   6.0953578945415954e-01	   6.9610466063884990e-01	   4.7703039179154039e-01	   3.5103853197214818e-01	   4.7303574529809128e-01	   1.1065046476717369e-01	   2.4515926543594568e-01	   6.2336979456356550e-02	   2.8497388514338279e-01	   1.3164884589418657e-01	   2.4387530655950196e-01	   2.7544692837411355e-01	   3.7739851552954062e-01	   1.9489312420105723e-01	   2.6146092949253863e-01	   7.8971414015432992e-02	   3.2416128451759472e-02	  -6.4894947944119361e-02	   5.7677071066173084e-02	   8.1375815138643136e-03	   2.1033237753722671e-02	   3.1424003987246091e-01	   3.6954860293917868e-01	   2.3566920806281508e-01	   2.4638342353745968e-01	   3.0737544650992177e-01	   1.2855089757380145e-01	  -3.1831597872858580e-02	
   7.6083482025692861e-01	   4.2271892722703514e-01	   7.5187060244309356e-01	   6.5944477746362529e-01	   6.5068726274261401e-01	   4.1651440879375901e-01	   7.1893958691160287e-01	   4.7588801440463613e-01	   6.3091803129763269e-01	   4.6161898878316687e-01	   0.0000000000000000e+00	   7.2509043175747734e-01	   1.5243022834543469e+00	   5.6617550908957892e-01	   9.7377114024342359e-01	   6.6737008802978681e-01	   5.3296460779974975e-01	   3.7585229921678798e-01	   9.6005737731315166e-01	   6.2318818363757023e-01	   3.9667215954310731e-01	   2.6354894137399709e-01	   8.3777920934997674e-01	   6.2820330325718043e-01	   2.9705753707366583e-01	   2.3695530815173627e-01	   2.8248592952659107e-01	   2.2199718522837003e-01	   7.3941613160568542e-01	   5.8184113856979969e-01	   6.1115139694339382e-01	   5.0443911009929931e-01	   4.5297012551751437e-01	   4.6658496534490573e-01	   2.3419559840244597e-01	   2.9521294742562426e-01	   3.1886934626876151e-01	   2.7513413044017010e-01	   2.9604934424359686e-01	   1.7458247632685203e-01	   4.4434913520797870e-01	   4.2854721972181031e-01	   6.7521617771452735e-01	   5.5328354520316991e-01	   4.4664555396448735e-01	   4.8170864605204933e-01	   5.7265702756085468e-01	   6.0020522783543540e-01	   3.5800119191216601e-01	   5.2003052373964742e-01	   4.4811197764214505e-01	   5.7532197300243215e-01	   3.6928361552084499e-01	   7.7237601224783869e-01	   3.9517780353062770e-01	   5.6246463975708738e-01	   2.7502596327420137e-01	   2.5786626308451210e-01	   2.0018371879716529e-01	  -1.0234629546404896e-01	   4.2171102970721908e-01	   3.7962368427054349e-01	   3.1662957622489402e-01	   3.3465586923192336e-01	   5.2834044955144288e-01	   1.5705382622758127e-01	   3.8521557962609926e-01	   3.6936760159158560e-01	   5.3160002021394681e-01	   5.2805049793371039e-01	   4.2879285896845243e-01	   1.9691974240149535e-01	   3.0260960546851678e-01	   2.0256360662965339e-01	   4.1819917294649139e-01	   2.4461301311494593e-01	   3.2992848268493163e-01	   2.0262149206353777e-01	   4.3186352824237489e-01	   4.4134273827543807e-01	   3.0691119323102195e-01	   5.6586553796258077e-01	   8.9132459788446661e-01	   7.6346640380964703e-01	   8.7457587024002637e-01	   6.0987669759696816e-01	   5.4342173057195975e-01	   6.3196634257387629e-01	   5.8224785862766670e-01	   5.0500348322100042e-01	   5.4444847135589391e-01	   7.1034933927683386e-01	   2.4638371854879271e-01	   4.1668049946521263e-01	   2.9796499277112759e-01	  -1.6838192279533464e-02	   3.2215052744259420e-01	   1.4783785766961377e-01	   5.1318273184135310e-01	   6.3029114592230751e-01	   1.3243613165064555e-01	   3.3428195333515648e-01	   1.4190674027231803e-01	   2.0126199040690015e-01	  -6.2957629905555160e-02	   2.0567163073679149e-02	  -7.3754039994733983e-02	   1.7424954949120480e-02	   1.8288267720464305e-01	   3.9401710574708548e-01	   4.6727793448590116e-01	   4.7896233956025469e-01	   4.7105697483004083e-01	   4.8832441276763533e-01	   2.2081679650919164e-01	   8.1511928468810779e-02	
   3.6115246185199246e-01	   5.2647550225775697e-01	   3.9595530240311971e-01	   6.9909160030842077e-01	   3.9564626322631058e-01	   5.5462321373227130e-01	   3.2686388262095178e-01	   7.5073527023934794e-01	   4.1371728978107353e-01	   8.0069976044081770e-01	   7.2509043175747734e-01	   0.0000000000000000e+00	   6.9099608813351010e-01	   1.2446158775605913e+00	   5.1785076394113327e-01	   9.2260131133000745e-01	   3.9596243380434570e-01	   3.8250669755133282e-01	   5.8899936094844318e-01	   5.4393872864718074e-01	   4.1378119088587589e-01	   4.7276321966472240e-01	   5.5912360182962539e-01	   6.8070215346939167e-01	   1.8250962890944997e-01	   2.9113573604561116e-01	   1.5670233452554161e-01	   3.0260037628298242e-01	   5.2809037904469269e-01	   6.8693527635701945e-01	   3.6197523295884854e-01	   4.7197954515685570e-01	   3.5454938193639435e-01	   5.7454250124821382e-01	   1.4449880293561823e-01	   3.2019114853006214e-01	   3.0748201949870968e-01	   4.2178392888967853e-01	   3.8922380259863887e-01	   3.5967312723199485e-01	   5.4382115799760955e-01	   5.7941659644270005e-01	   5.0701486969092446e-01	   3.9548242988137422e-01	   5.1759344240187133e-01	   5.5474281748658627e-01	   5.0416553872044811e-01	   4.9676541734399321e-01	   4.5310782373103142e-01	   7.4605305704828506e-01	   4.3221519684086479e-01	   5.3898886612026164e-01	   2.2412244651160912e-01	   4.3581289433891118e-01	   4.0134606500759978e-01	   4.8469861448226659e-01	   1.6789628318030142e-01	   1.9038520159999875e-01	   7.8126511391183637e-02	   1.0362178563065921e-01	   2.1735282608160716e-01	   5.6276042680965077e-01	   2.9360368776340362e-01	   4.9006458475942249e-01	   3.4740108094803301e-01	   3.0738898327322217e-01	   2.7170845869241589e-01	   4.0034709298304672e-01	   3.5076628803180993e-01	   4.0319387987075911e-01	   2.5402866674304803e-01	   3.6774616050296643e-01	   1.6888007678463751e-01	   2.6564652517445508e-01	   2.3253996296404933e-01	   3.4995693880743617e-01	   3.1502137200698710e-01	   4.0355019223165517e-01	   3.9279690828645730e-01	   4.4976408790180877e-01	   4.2588827452462591e-01	   5.3439702317155202e-01	   6.1433388196310434e-01	   6.8403909653385098e-01	   6.0833386073143603e-01	   6.2027221463244886e-01	   4.8775335732770497e-01	   5.1201607135673588e-01	   4.6308775681730296e-01	   6.2926081995842198e-01	   5.5124581068486400e-01	   3.6689470849370298e-01	   4.5886390536643801e-01	   1.5750582865084492e-01	   1.7467276737512155e-01	   4.0388196960265348e-02	   3.0994659179469364e-01	   8.1504914552400248e-02	   4.5963408200845968e-01	   4.0105031744048425e-01	   3.8756711645804304e-01	   1.5833128029235943e-01	   2.8276172655930976e-01	   8.5415068099830224e-02	   6.1187620004267987e-02	  -5.8752766074761952e-02	   3.0368081161763861e-02	  -3.1637203394559069e-02	  -5.6651300113284852e-04	   2.8532961784062782e-01	   3.8189675487264707e-01	   3.2132759179258391e-01	   2.9892414892138541e-01	   2.5036043125112278e-01	   2.5168487277863517e-02	  -9.2071903218045287e-02	
   5.4539409780459425e-01	   3.0144863996394045e-01	   7.1426689851559688e-01	   5.6319006252950454e-01	   7.0176269067735375e-01	   4.0666856139042534e-01	   7.2784733335456120e-01	   4.4471314480778168e-01	   6.3173037729733661e-01	   4.5646431229252166e-01	   1.5243022834543469e+00	   6.9099608813351010e-01	   0.0000000000000000e+00	   6.9461398186992240e-01	   1.0573310533828399e+00	   7.0577869206249932e-01	   3.5807000584551441e-01	   2.5426947102133579e-01	   7.3177635950855757e-01	   4.6892353918875490e-01	   4.3480502571949625e-01	   2.5857698551239344e-01	   7.9953229665590131e-01	   6.1210082730073267e-01	   3.0269456206183276e-01	   2.2113447306841957e-01	   2.9409900844341041e-01	   2.3317577198954925e-01	   6.1578722755095783e-01	   4.9645969772405540e-01	   5.3139900614272539e-01	   4.0830541273018756e-01	   3.7553297196700081e-01	   3.7941516540722547e-01	   2.6828021904069888e-01	   3.1784622581282929e-01	   3.1665402494248945e-01	   2.7547761037016411e-01	   3.2280572416913239e-01	   1.8993715057009219e-01	   4.5860225853848080e-01	   3.8406110616467404e-01	   5.8107457519281447e-01	   4.4036331929226102e-01	   3.8587248566683124e-01	   4.5588609172909472e-01	   4.9160609265396571e-01	   5.0815954922774942e-01	   2.7157872108936715e-01	   4.7119898499599533e-01	   3.9035921787171535e-01	   4.6947857957483263e-01	   3.1662658370809516e-01	   6.3683777934353047e-01	   3.9108458310446914e-01	   5.1025933562446735e-01	   1.1186983944871626e-01	   1.4377378272354852e-01	   3.0705472268461659e-01	  -4.0162134186477287e-02	   4.2210610833754941e-01	   3.9371440413631187e-01	   2.2557127796212909e-01	   2.5878921867298338e-01	   5.7579541595285577e-01	   2.1153903760536608e-01	   4.4180164623675622e-01	   4.2999704143741047e-01	   3.8441578357473610e-01	   4.1294272808806343e-01	   3.3726046977167418e-01	   1.2879311765407087e-01	   1.5814461580274186e-01	   7.7645959234828782e-02	   2.6445142993957566e-01	   1.5740626056703072e-01	   2.2343617780204814e-01	   1.2330265504216283e-01	   3.4891619816456498e-01	   3.4518584324323781e-01	   2.0727940764646660e-01	   4.7384781149931765e-01	   8.5119755977298506e-01	   7.1041212419982624e-01	   8.5233838571528697e-01	   5.9213293937385714e-01	   5.0239482397412183e-01	   5.2050807919497433e-01	   5.8241848226449100e-01	   4.9928817981163753e-01	   4.1239452667216270e-01	   6.3083523387384099e-01	   2.2843969173887466e-01	   4.5327909842091868e-01	   2.1929488168836456e-01	  -7.0552489315031497e-02	   2.8321919466613404e-01	   9.3583448451599840e-02	   3.8429086154585113e-01	   5.2388213713687537e-01	   1.2198636614821232e-01	   3.9951328439000622e-01	   1.0542296342606229e-01	   1.7689448887035350e-01	  -1.0743555890115518e-01	  -2.9780109852671287e-02	  -3.6093033290299795e-02	  -3.3264269621817423e-02	   1.4168858337716744e-01	   3.0770110533112610e-01	   4.2306802983058600e-01	   3.8560525862427325e-01	   4.0461837650157506e-01	   4.4435263723605667e-01	   1.6578023672984787e-01	   4.8210161411683626e-03	
