   0.0000000000000000e+00	   8.3440374901682768e-01	   2.6174447320321459e-01	   2.3740778130931053e-01	   1.7166620478298175e-01	   2.0552594053979304e-02	   2.7950647012192409e-01	   1.5291105196747029e-01	   2.0249050541285701e-01	   8.0832624449137816e-02	   5.7205443461208194e-01	   3.6981783706449051e-01	   4.7503420675090097e-01	   2.8608439068695779e-01	   2.5516483490924224e-01	   2.1038193704950856e-01	   7.7129897206647668e-01	   5.3962368796251092e-01	   8.0609538197124198e-01	   7.2482249045411462e-01	  -8.7172423269708643e-02	  -8.3203564806730732e-02	   1.7808040189007859e-01	   1.2190363812872398e-01	   7.6984610936833245e-02	  -4.4665964220780225e-03	  -8.7122675626515999e-03	   1.0820446965110106e-02	   4.4674564670259792e-01	   2.5424629186266723e-01	   5.2598464388562041e-02	   8.8139603236187913e-02	   7.1232696217008351e-01	   5.6232208869320310e-01	   1.2019003343141164e-01	   2.7378463217514842e-02	   3.2445897772266752e-02	   7.2546345187127326e-02	   3.4517131961116498e-01	   3.2858474904715901e-01	   1.6153599590078810e-01	   1.8988685086976537e-01	   4.6450975572975278e-01	   3.2948313196127071e-01	   4.9863168978896022e-01	   4.6659046497528389e-01	   3.9550072002481851e-01	   4.5138336679841251e-01	   1.8025794410799742e-01	   2.2621915253715866e-01	   1.5762393760670401e-01	   6.8161159153947271e-02	   2.8694358256544811e-01	   2.7565020970214771e-01	   4.7745476783984847e-01	   4.9541524337928700e-01	   9.0505384876318173e-01	   6.9866045466149662e-01	   4.7833453395013092e-01	   2.7105946557437366e-01	   7.0938404545108757e-01	   9.2656028941515658e-02	   7.1407877498300310e-01	   3.3680915906400755e-01	   1.6704523620479039e-01	   1.9827519414153152e-01	   4.0063159975245355e-01	   3.7966544613029596e-01	   6.5786046988984048e-01	   4.7983025076026531e-01	  -8.9702637926723006e-02	  -2.1315888233543115e-01	   1.6851190612382771e-01	   1.4818114422283171e-01	   1.9592875463076237e-01	   7.2181482224167523e-02	  -2.6184236618799855e-01	  -3.6959304982393471e-01	   7.2336634542505029e-01	   5.9154931252669063e-01	   6.6962520986752061e-01	   5.5568154399759528e-01	   6.4671931482888090e-01	   3.2769452070735744e-01	   3.4378890048613486e-01	   3.1087068030420589e-01	   3.6018562938141868e-01	   4.1073651936359379e-01	   4.4574656225303377e-01	   4.1362374649161182e-01	   1.0444521019403893e-01	   1.8791568994153640e-01	  -1.8483431599590161e-01	  -8.0490055716841771e-02	   7.0273465338200988e-02	   3.5828005798302219e-02	   2.9919862064743397e-01	   3.3512353198363104e-01	   5.4664221528468482e-01	   4.9589714046281375e-01	  -1.9487882634536069e-01	   4.9262015685019360e-02	  -2.8454658924960952e-02	   9.0811286788502046e-02	  -2.2284352840638444e-01	  -2.4403055302283433e-01	   1.8298077441955249e-01	   2.4533772915389906e-01	  -4.8525243509916723e-02	  -5.1650022862070856e-02	   3.7423665348799146e-01	   4.1773851330574752e-01	   1.0841382094273584e-01	   1.5513837753841911e-01	  -8.7261584941966758e-02	  -1.4318402626882032e-01	
   8.3440374901682768e-01	   0.0000000000000000e+00	  -4.0399677897094879e-02	   9.5640286585241277e-02	   3.1270591053574909e-02	  -1.1042180210112891e-01	  -2.5902519175220278e-02	  -5.4133640555643445e-02	  -3.5687569115861413e-02	  -2.4636845764647569e-01	   1.9569825249803180e-01	   2.9116640083098499e-01	   7.4441161433523320e-02	   1.2464592378028089e-01	   6.2039980132479064e-02	   2.8447677032078702e-02	   7.0238618218008553e-01	   7.1046984824254522e-01	   4.2088213097149529e-01	   6.6497899128266125e-01	   2.8834324338791657e-03	   3.0704446056760964e-02	  -2.4624539741591445e-02	   6.1201744632173212e-03	  -1.2581102829834583e-02	  -6.9605661389035511e-02	  -5.2968540798414530e-02	  -2.5633254674430110e-02	   3.4261104048147217e-01	   3.2381332725795203e-01	  -2.4420093679819965e-02	   5.8065142317407871e-02	   7.0895024970257448e-01	   6.7072147119464898e-01	  -1.2592051001322671e-02	  -6.7617864940415162e-02	   1.2122689723302350e-01	   2.1913155574108206e-01	   3.6470098704339154e-01	   4.0687025678587396e-01	   3.3824167423625934e-01	   4.1159193577622655e-01	   5.6315793725300389e-01	   4.8579416319928065e-01	   5.3888792084552994e-01	   5.5254242299772116e-01	   6.0458220132775220e-01	   6.9463914896783074e-01	   4.1610815074773055e-01	   4.0490527435705237e-01	   2.4790675445916788e-01	   2.3560522791651900e-01	   3.3127083402917951e-01	   3.4346563647254957e-01	   4.9553780973218786e-01	   5.4612000453963638e-01	   1.3681527748070066e+00	   1.4649069144866491e+00	   3.4473459536512535e-01	   1.5316631521281629e-01	   4.0336559339665778e-01	  -4.1321392337719615e-02	   9.1648183491894297e-01	   7.7311692425626799e-01	  -4.4487192431711835e-02	  -5.0613185568898836e-02	   3.6111427386944572e-01	   3.6292660361126161e-01	   8.2390782128106843e-01	   6.5603344501753547e-01	  -1.4128650559805969e-01	  -1.9746551203102283e-01	   2.1252021658923789e-01	   2.6680021460487868e-01	   2.1764959325498784e-01	   1.4687647224694936e-01	  -2.9704970950292531e-01	  -2.8044208909729085e-01	   7.9572754983610106e-01	   9.2100624686861010e-01	   7.7312908709975114e-01	   7.6709054974305246e-01	   4.7328478587928835e-01	   2.8552398722197891e-01	   2.8840929960362638e-01	   3.2179293735214631e-01	   2.6313396072770928e-01	   2.7468590585350650e-01	   1.8564110537925058e-01	   3.3116815951909645e-01	   8.8018147820622922e-02	  -4.4136170745091192e-03	  -2.6092029780560161e-01	  -2.4144714223845171e-01	   1.1005964781883745e-01	   8.2769367490348328e-02	   3.6039584360132870e-01	   5.1257690445776505e-01	   7.4743352786087902e-01	   4.3716621522299076e-01	  -6.8799277483910889e-02	  -1.1279043280836064e-01	   9.6231651266457593e-02	   2.9842628926962260e-02	  -2.1460071390040961e-01	  -2.9599967820912770e-01	   2.6694811606227206e-02	   8.7541915235372497e-02	  -1.3696480887256631e-04	   1.7169636348530342e-02	   4.3493524879996925e-01	   4.2802901616187200e-01	  -8.7152783192398619e-03	   8.9117161371129211e-02	  -3.0024888173707759e-01	  -3.5044623491135213e-01	
   2.6174447320321459e-01	  -4.0399677897094879e-02	   0.0000000000000000e+00	   8.8518635210355123e-01	   5.3318195942392055e-01	   2.4115874877802987e-01	   1.0375473035186329e+00	   5.0736970794306768e-01	   4.7246140600200837e-01	   2.0978647628828176e-01	   2.9812572199908410e-01	   1.8372783463400494e-01	   3.4669972411357758e-01	   3.1786800433946805e-01	   4.5845739252428919e-01	   3.8104576286937358e-01	   1.5036247148259387e-02	   1.0248523190617885e-01	   4.6168395680498386e-01	   3.5958783797973143e-01	   1.0860756790385859e-01	   7.3763631781653682e-02	   1.0838433268778032e+00	   8.1789325353063180e-01	   4.5511940707276421e-01	   2.9203238772992990e-01	   1.2801437444966460e-01	   1.2072593574996295e-01	   1.8474190222198106e-01	   8.2260179685022652e-02	   4.4091902993914034e-01	   3.4325658540826137e-01	   3.2892780218993467e-01	   3.2525707037837770e-01	   4.0225897794015952e-01	   2.5130149173801231e-01	   2.1029478402695687e-02	  -3.3357837431330577e-02	   1.1420868705815995e-01	   5.7737747872493084e-02	  -3.8746838544743673e-02	  -7.7023310722390270e-02	   1.9944885059336032e-02	  -4.0133497299271390e-02	   1.5444421727963778e-01	   4.6375897686553008e-02	   5.7346450614207956e-02	  -3.1486558902428075e-02	   5.0712695479257393e-02	  -6.3386347924252118e-05	   1.9257098657155758e-01	   1.4699120489196506e-02	   1.5256640718735673e-01	   4.8539005440632471e-02	   1.2213467653525088e-01	   6.4391606737293147e-02	   9.7787376274377780e-03	   2.0413844332235379e-02	   8.0930751917805230e-02	   3.0053141790059527e-02	   1.9411779329059931e-01	   1.4110171568529536e-01	   1.1026140505711718e-01	   1.3970612616673856e-02	   4.5864265998639581e-01	   1.7914774331223837e-01	   2.5014143807017469e-01	   8.7353895314746285e-02	   1.9208671187553633e-01	   9.0993332464524734e-02	   1.6042812238498391e-01	   1.2520859147328567e-01	   5.9528789278591773e-02	  -1.2889417241214098e-02	   4.2808122379706754e-03	  -7.2364530105429439e-02	  -2.0492196851201991e-01	  -1.9344413452080950e-01	   5.9424079286834464e-02	   8.9055344248415588e-02	   1.1569745596848391e-01	   1.1046757000179637e-01	   2.7968957171945058e-01	   4.1371069057987014e-01	   3.7939664682136104e-01	   3.2458572831074373e-01	   4.3845650674839959e-01	   4.2473415904693401e-01	   5.1621813359991375e-01	   3.7545213634641428e-01	   9.0532869325402554e-02	   2.7404971768349651e-01	   1.0348540602557596e-01	   4.5207626467115192e-01	   8.3001991587954002e-02	  -1.3885454684158286e-02	   1.1793334792903987e-01	  -4.4343734105065799e-02	  -1.3706754487085387e-02	   6.1684067571992143e-03	  -5.9462633540968229e-02	   1.8230478608356751e-01	   1.5182366700396417e-02	   2.1072416176584927e-01	   7.4307533302836654e-02	   2.1761029457393027e-01	   2.9594221159570722e-01	   3.6709902486224855e-01	   1.4743421119650900e-02	   8.4687266737146855e-02	   1.3472413922739482e-01	   7.2532285779428329e-02	   1.1949668637974108e-01	   1.2888674628513092e-01	   9.2568971265805031e-02	   4.4623069434898188e-02	
   2.3740778130931053e-01	   9.5640286585241277e-02	   8.8518635210355123e-01	   0.0000000000000000e+00	   5.2374938768291601e-01	   3.9204690279598903e-01	   7.1978720495546722e-01	   8.8511380032124776e-01	   4.9591461690424793e-01	   3.4536324460653450e-01	   3.6778568272978351e-01	   4.4413664950223219e-01	   3.6879247636780688e-01	   5.7438336639282528e-01	   4.8368662587833877e-01	   5.4846140829683721e-01	   8.1399135485647325e-02	   1.7287398782463029e-01	   3.3658729001246668e-01	   4.7570589891999371e-01	   8.6398932316840399e-02	   1.7018567854517572e-01	   8.7770589918764086e-01	   1.0009244509800845e+00	   3.7544035472116016e-01	   3.2600933126560744e-01	   1.3710225866494391e-01	   1.6418980899859997e-01	   1.9847699240318958e-01	   2.4492139252407485e-01	   4.1624227701650496e-01	   5.1231262656169485e-01	   3.5565276216271424e-01	   4.8942256438657084e-01	   3.6628516721070620e-01	   3.0999768838688252e-01	  -7.4121488628818835e-03	   3.8203822123145985e-02	   8.7129454884338431e-02	   8.9627649664257153e-02	   6.9537180374376159e-02	   1.1534659427660657e-01	   2.0321535062282205e-02	  -1.4171058375033695e-02	   1.3840199750843743e-01	   3.0454887511137261e-02	   1.0815165219522159e-01	   5.0306167304197319e-02	  -6.2363882336743184e-02	  -1.0965749446514085e-01	   1.1759979134185806e-01	  -6.2970779676134458e-02	   1.3036820460817972e-01	  -7.1611679437122667e-03	   1.3352953441431051e-01	   1.2093173299443083e-01	   6.2979047972839583e-02	   1.0452091375332184e-01	  -1.9049565275420639e-02	   1.3209758911261538e-01	   1.6341682579279962e-01	   3.7511651330213891e-01	   1.9424433589357756e-01	   2.3704735321757445e-01	   3.6972403066350279e-01	   3.7250162129377251e-01	   2.6405593686078355e-01	   2.2016980229789768e-01	   2.7513464169684682e-01	   2.6994906687020487e-01	   7.5702021203783776e-02	   3.0528197551548020e-01	   7.9221818607347547e-02	   8.9318102834205299e-02	   4.0444672527663761e-02	   6.3868675412636966e-02	  -2.8321780520100193e-01	  -9.8806433031982360e-02	   8.1751129971749770e-02	   1.3372888163550786e-01	   2.1326823584446250e-01	   2.2653199839959698e-01	   3.3084508098862658e-01	   5.6831667299403721e-01	   4.1957036123742675e-01	   4.9595712742588816e-01	   3.2169306429172773e-01	   3.6421581812869436e-01	   5.0375348367660300e-01	   5.0386073259812592e-01	   2.7792215216853494e-01	   3.0530796532162435e-01	   3.6024377698087723e-01	   4.1228227255952227e-01	   1.0394122178654123e-02	  -4.2117392391969641e-02	   2.4386232185467621e-01	   3.6744241771473708e-02	   1.1719906655803584e-01	   8.4839575533582248e-02	   1.7129926044914701e-01	   1.7325426355996787e-01	   1.5204336640207217e-01	   2.3134750808162374e-01	   1.8383019307952428e-01	   1.7804977971059976e-01	   3.4103315551661667e-01	   2.7858113279592134e-01	  -8.9685580772122908e-02	   1.2274807120567048e-01	   3.0732485712279484e-01	   1.8581473310806357e-01	   2.1947706927472777e-01	   1.3820067343752268e-01	   3.0038498066064807e-02	  -9.8840632421903524e-02	
   1.7166620478298175e-01	   3.1270591053574909e-02	   5.3318195942392055e-01	   5.2374938768291601e-01	   0.0000000000000000e+00	   1.2258010987372030e+00	   2.9667092776205550e-01	   2.6280457333501972e-01	   9.1910271799083765e-01	   6.0956028104384363e-01	   2.8443580332285989e-01	   3.8539041096012439e-01	   3.3392175507915428e-01	   5.9436685580845150e-01	   9.3364075700750737e-01	   8.5994543587197492e-01	   1.9989617052033778e-01	   2.6147051317603515e-01	   2.8866751252534784e-01	   2.5894618695099175e-01	   6.1445868958488914e-01	   6.9447500475277524e-01	   6.9429542617989548e-01	   6.7559090201405581e-01	   7.0895111090103391e-01	   6.4024945252644683e-01	   9.1511353036736509e-01	   8.4733397273844024e-01	   5.2113550721699953e-01	   5.2368768345304639e-01	   6.4210195630423561e-01	   6.0862979666288264e-01	   1.6517837868670479e-01	   1.5464724188640769e-01	   2.6608656584528312e-01	   1.3308315834802531e-01	   4.4185129991190247e-01	   4.3629296439510057e-01	   4.2837726491795691e-01	   3.2717248055208942e-01	   5.4230508238149810e-01	   3.9313217721326743e-01	   3.7505333021478615e-01	   4.1765844919051054e-01	   1.8924160682748975e-01	   1.1100426138216272e-01	   3.5646524791626855e-01	   2.7429301707480280e-01	   1.2385876064162843e-01	   9.2016508468383690e-02	   4.5778736936948250e-01	   2.8651743839155797e-01	   4.6141179990837644e-01	   3.2037891309544503e-01	   3.4717820377625452e-01	   2.8662354419761193e-01	   1.1879338373334128e-01	   1.1859282254623331e-01	   9.6294300446674475e-02	   4.6462138214783115e-02	   1.5447634721241815e-01	   1.9894891529589254e-01	   2.0609012310691507e-01	   1.2711693486073683e-01	   2.7041050776783093e-01	   2.4645638216859847e-01	   2.2235265868703913e-01	   1.4971667274366521e-01	   2.0021621426429415e-01	   6.2840323897792247e-02	   3.6849077705743843e-01	   4.4514695914030034e-01	   5.6268384028214424e-01	   4.4381961348766863e-01	   5.1067419321601071e-01	   3.4395115943531462e-01	  -1.6064649595331531e-02	  -2.0064752743306769e-02	   2.3377676809072706e-01	   2.3552640500380900e-01	   2.7552370306890644e-01	   2.4449151956671941e-01	   5.3453700995441289e-01	   6.3702847229899362e-01	   5.4159720095852060e-01	   5.7966018149472798e-01	   3.2415581259079213e-01	   3.5418808136891988e-01	   3.1547996433149800e-01	   3.3812858566808218e-01	   1.7212182824513500e-01	   1.8669720824610836e-01	   8.6486973551164609e-02	   1.8909939290639832e-01	   1.6067211448920771e-01	   3.1951609269089509e-01	   4.7296697254548403e-01	   3.3494068913321534e-01	   2.8776650012806010e-01	   3.2457933560005964e-01	   1.8691176478566268e-01	   2.1014199961985280e-01	   3.9352668593459361e-01	   3.2419270921255011e-01	   2.7769668596060182e-01	   2.9519980915606325e-01	   2.3871406839157544e-01	   2.4796532545088421e-01	   1.2457950069413490e-01	   3.3144581968516190e-01	   3.7101066695176360e-01	   1.3249995853549293e-01	   2.3895071428578657e-01	   5.3114193020279910e-01	   3.4737550183758242e-01	   5.4594123674464326e-02	
   2.0552594053979304e-02	  -1.1042180210112891e-01	   2.4115874877802987e-01	   3.9204690279598903e-01	   1.2258010987372030e+00	   0.0000000000000000e+00	   6.7658320830717433e-02	   1.8561900280752022e-01	   7.1729407567985037e-01	   7.4118186524091256e-01	   1.3917842733814842e-01	   2.6200094448784983e-01	   2.3564753669135413e-01	   5.2580146406052342e-01	   6.5950674001889387e-01	   7.0778368634257738e-01	   1.4807313138470299e-01	   1.7633978006436093e-01	   1.0220975564694773e-01	   6.7479229167722948e-02	   7.1418659556765651e-01	   8.6026526375278167e-01	   3.9258652779496994e-01	   4.4957252154383809e-01	   7.9127767639450131e-01	   8.9598820462185369e-01	   1.0205506974126177e+00	   9.9081637631769037e-01	   3.8399140773191037e-01	   4.4653899451407619e-01	   6.0239285420310784e-01	   5.3015942351288248e-01	   5.5143575444914550e-02	   4.8054289424024732e-02	   1.9198941507447978e-01	   1.5634455243492129e-01	   5.6375930706074007e-01	   5.3493278294317737e-01	   4.9203957250844260e-01	   3.7819234824361381e-01	   6.1121033725745966e-01	   4.9539421258630256e-01	   3.1494925167259802e-01	   4.0791152525805441e-01	   1.8959008034864724e-01	   1.2596041501220018e-01	   3.5458161450649289e-01	   2.9541401494909092e-01	   7.8997289648439512e-03	   1.5391447946452192e-02	   2.9664516268040181e-01	   2.0646961996799307e-01	   3.3386307803970289e-01	   2.4841944100401542e-01	   3.1366295023889534e-01	   2.8775531734567472e-01	   1.4518718981368688e-02	  -3.5990456610494118e-02	  -7.5792447997491949e-02	  -6.4201421876248041e-02	   2.7884226996623167e-02	   1.8991594636948639e-01	   4.1862148022762044e-02	  -2.0480905072311487e-02	   1.1338443210706574e-01	   2.3628250800642586e-01	   1.0840991932837872e-01	   1.1484129636581049e-01	   9.4514148660248182e-02	  -5.7569829651402643e-02	   4.5456135542485682e-01	   6.5908950324959059e-01	   5.7008067069456025e-01	   4.3123140110453800e-01	   5.0218233193061490e-01	   3.3987856831673147e-01	   3.2989282105607469e-02	   5.1104093750252329e-02	   1.3871625958184153e-01	   1.1790600948313985e-01	   1.8892859060543504e-01	   1.6977001938085265e-01	   3.2352089731262229e-01	   4.4714320902579846e-01	   3.3481822130727518e-01	   4.4948809535550910e-01	   1.1708619594621464e-01	   2.2405129511005606e-01	   1.4488934786860053e-01	   2.3768361913491504e-01	   1.5222872632865819e-01	   1.6338416641140335e-01	   1.3381785055918846e-01	   9.1519689414075997e-02	   8.6963469729726628e-02	   3.7292588800498111e-01	   5.0689397170570838e-01	   3.7859861362271802e-01	   2.3020541262068125e-01	   3.4732140183509169e-01	   1.7636904801288417e-01	   1.3995493893423849e-01	   2.9236250551441895e-01	   1.8630817457146442e-01	   2.4087300911748527e-01	   1.9042477460147755e-01	   3.6701056671221956e-02	   4.6511918118591219e-02	   4.8754762700170796e-02	   2.6735394893038278e-01	   3.8179009132752650e-01	   1.0503258131106925e-01	   1.5877724568364743e-01	   3.3643731190334308e-01	   2.6438388880665781e-01	   6.5599373926948493e-02	
   2.7950647012192409e-01	  -2.5902519175220278e-02	   1.0375473035186329e+00	   7.1978720495546722e-01	   2.9667092776205550e-01	   6.7658320830717433e-02	   0.0000000000000000e+00	   1.0454610447653359e+00	   4.7151377745516421e-01	   2.8995418702033143e-01	   6.0185027332510055e-01	   2.3278881658909964e-01	   6.3600834003481210e-01	   3.7061554662254309e-01	   2.7103503452059508e-01	   2.5657716415490261e-01	   1.5511639413644562e-01	   2.0162101946733993e-01	   4.9603847359613618e-01	   4.4506851691912286e-01	  -1.8751013204000608e-01	  -1.7227676781304826e-01	   5.8585115144636835e-01	   4.3774142929233517e-01	   2.5948197041623440e-02	  -5.4700366785297716e-02	  -2.1482814768447334e-01	  -1.4737865686039020e-01	   2.1434481870624617e-01	   1.2820093465057722e-01	   1.1918906788319514e-01	   9.0040077487213044e-02	   3.2380359220240656e-01	   3.2696131800346345e-01	   3.2521102844613077e-02	  -2.3363917495209548e-02	  -2.4837020226247936e-01	  -2.8393893394325070e-01	  -5.0352910299913338e-02	  -8.5422827921868366e-02	  -2.3796087071739239e-01	  -2.0629018629501256e-01	  -5.3917013734417693e-02	  -1.4000452075270256e-01	   1.4775900622245916e-01	   6.6292348983208127e-02	  -4.3977145271767736e-02	  -9.8522138734019479e-02	   4.2283379500106764e-02	  -6.1629238543660113e-02	   4.7605601128564483e-02	  -1.2256626308169713e-01	  -3.0586690888278322e-02	  -1.3610569917378126e-01	   2.4801583519881241e-03	  -4.4349908267296630e-02	  -2.7344985333591063e-02	  -1.8153411875339059e-02	   1.2510025709679512e-01	   1.6908237715126181e-01	   4.4340105781691685e-01	   3.3875023115656755e-01	   1.6734389079302847e-01	   1.4762837394528328e-01	   4.3808234049743305e-01	   2.6441164878340262e-01	   2.1906848050432337e-01	   1.0948977121759258e-01	   1.8529939301799642e-01	   2.4614955196370705e-01	  -9.2162944414446946e-02	  -7.4405143052514292e-02	  -8.3349536351582196e-02	  -1.0114975679251922e-01	  -1.5846320035343689e-01	  -1.4808909628204558e-01	  -3.2974178171863427e-01	  -2.6168507950221465e-01	   9.6551790668884419e-02	   9.6862822869725279e-02	   1.2376479754594893e-01	   1.0627997193759853e-01	   2.6488450406524866e-01	   2.6399973811024752e-01	   2.3627932379876584e-01	   1.7586948455063936e-01	   1.9661034077680425e-01	   1.6278780895946571e-01	   5.1243573474684756e-01	   2.8063622290716689e-01	   3.3372456001523254e-01	   4.7133146972666090e-01	   3.2901686209224867e-01	   5.3127204617108426e-01	   4.3259973390222889e-02	  -6.2890124610245263e-02	  -5.3739302123971114e-02	  -1.8577303472163353e-01	   5.3999026221439534e-03	   2.1464610051735326e-02	   6.2414657805578977e-02	   3.2697472229210717e-01	  -2.4995880030476304e-02	   1.9376518991615840e-01	  -1.5447054641319138e-02	   6.9802382898713350e-02	   4.3484465201884137e-01	   3.3778991809596892e-01	  -3.0033262836198057e-02	  -8.7623996910939028e-02	  -1.3764369269198549e-02	   1.5765604100279607e-01	   3.1657182990420252e-01	  -9.6203626625104410e-03	  -5.5528246287781309e-02	   1.7759209421139552e-02	
   1.5291105196747029e-01	  -5.4133640555643445e-02	   5.0736970794306768e-01	   8.8511380032124776e-01	   2.6280457333501972e-01	   1.8561900280752022e-01	   1.0454610447653359e+00	   0.0000000000000000e+00	   4.1706628161313952e-01	   4.2227116790906899e-01	   5.7911838456512532e-01	   3.7088705046599774e-01	   5.7145399011181441e-01	   5.1970598833745640e-01	   1.8935772617310348e-01	   2.7549546097061389e-01	   1.0961203832247964e-01	   1.6974972996064638e-01	   3.1829347123092339e-01	   3.9049269162692907e-01	  -2.9137268390755627e-01	  -1.6442280008727111e-01	   3.7953377205920147e-01	   3.8877573809098948e-01	  -1.0684311700295260e-01	  -1.0138314490137668e-01	  -2.2502903329245294e-01	  -1.3973056859410898e-01	   1.6344514026560278e-01	   2.1986889777189886e-01	   8.2378258730467658e-03	   9.0412966489355082e-02	   1.5518281325601585e-01	   2.4100468145581164e-01	  -6.6036860927805516e-02	  -2.0472024412335837e-02	  -3.7014557503760814e-01	  -3.2206349824479624e-01	  -2.2575511779935697e-01	  -2.1106596290054969e-01	  -2.5929962499968617e-01	  -1.5612018079913281e-01	  -1.2976930766324207e-01	  -2.2395266746887671e-01	   4.7133154144502976e-02	  -1.1603825068115697e-02	  -1.3313232423608057e-01	  -1.6854453781010642e-01	  -9.8423993563152748e-02	  -2.0797223069433207e-01	  -9.2684946295798737e-02	  -2.4785928457907641e-01	  -1.4731983137057672e-01	  -2.7623484407230975e-01	  -1.4673072361810269e-01	  -1.3987474147059700e-01	  -1.1500580978570780e-01	  -9.7072024746044372e-02	   2.9391162377102784e-03	   2.3790296884215498e-01	   2.6856969345426185e-01	   4.5497539426453121e-01	   8.6495072655987423e-02	   2.0967490589722299e-01	   2.3155410864173409e-01	   3.1026674950460020e-01	   1.1433779181247654e-01	   1.3856689130278371e-01	   7.9661250539586823e-02	   2.6102295979297174e-01	  -2.1940507086182331e-01	   5.8974122122289474e-02	  -1.3847273595630397e-01	  -8.6962929332156255e-02	  -1.9338115383374060e-01	  -6.3588432181587315e-02	  -2.8381703183502888e-01	  -9.8490010573078782e-02	   3.6871410150158468e-03	  -2.9636132558897570e-02	   4.8554333748174028e-02	   4.0144327194677372e-02	   1.8599643340225980e-01	   2.4921146159437635e-01	   1.1988977281274585e-01	   1.3862734978383548e-01	   1.1920436204016574e-02	   1.0915241290432325e-02	   2.9263178167252829e-01	   2.2944908243905854e-01	   5.6263925776299173e-01	   5.1128448808807581e-01	   6.9457737163976085e-01	   5.1121747468027723e-01	  -5.8680960876760301e-02	  -1.1315996926053595e-01	  -9.9229286458631577e-02	  -2.4489244878533190e-01	   7.3912360980018738e-03	   5.6136809460587182e-02	   2.8506371756093996e-01	   3.5173725434417663e-01	   3.9025382388300403e-02	   1.6953182823177043e-01	   6.7812589711030657e-02	   2.6975613531793643e-02	   4.3177387682035917e-01	   1.8861069484410140e-01	  -8.8955076938728755e-02	  -3.3965032925610122e-02	   7.1510979512332040e-02	   2.7698162891962225e-01	   5.4067730454636109e-01	   1.4622290523624263e-02	  -2.0740540949134786e-02	   1.4402190422729286e-02	
   2.0249050541285701e-01	  -3.5687569115861413e-02	   4.7246140600200837e-01	   4.9591461690424793e-01	   9.1910271799083765e-01	   7.1729407567985037e-01	   4.7151377745516421e-01	   4.1706628161313952e-01	   0.0000000000000000e+00	   1.1286463037278436e+00	   4.7568817080949799e-01	   4.2912615904084128e-01	   5.1859692726345408e-01	   6.4033558461030471e-01	   6.4295958507132522e-01	   7.6262342430860652e-01	   2.1822404436669973e-01	   2.6857845271942704e-01	   2.6253444017516570e-01	   1.9993500658287555e-01	   2.1851449121120844e-01	   2.5216768506346576e-01	   4.5254784749117904e-01	   4.6338277162977026e-01	   3.7576490288555991e-01	   3.1566138721870912e-01	   4.1838888138791641e-01	   4.1900995903707494e-01	   3.6949102132283457e-01	   3.8496786876074079e-01	   3.2096819507999808e-01	   3.4569938357180768e-01	   1.5078265777888236e-01	   1.2940883123429983e-01	   1.5803892693301602e-01	   3.2664471752906925e-02	   2.0200490004955521e-01	   2.1213648836918195e-01	   3.1182968678727097e-01	   2.7067114779378720e-01	   2.5813373644110149e-01	   2.0326774038607148e-01	   3.5533871080344270e-01	   3.4849701376287706e-01	   1.6696627710089890e-01	   1.5174900198537492e-01	   3.4529958834349422e-01	   3.2149247935950864e-01	   1.3180945892812521e-01	   9.8925602589491665e-02	   5.0003020471904747e-01	   3.1535928577978473e-01	   3.8418931704585052e-01	   2.7509246107546437e-01	   3.3970315035975773e-01	   3.2803333764832576e-01	   4.5237474500849091e-02	   8.9201236624849495e-02	   2.3142253791751122e-01	   2.0781656630485210e-01	   3.7552280460841875e-01	   3.9584687040009253e-01	   2.2091447654044544e-01	   1.5624867454555008e-01	   4.8586026270038718e-01	   4.8697391578276761e-01	   2.8694457240506827e-01	   2.3250934202623491e-01	   2.1965395094493950e-01	   1.1926632553519492e-01	   1.6414534048631418e-01	   2.3586480351984887e-01	   3.2271033290771695e-01	   3.1555225642888390e-01	   2.7567924908123442e-01	   2.6627769211853142e-01	  -1.6961258556196923e-01	  -1.7471485702129930e-01	   1.8377504878783893e-01	   1.7149587280870074e-01	   2.2173669548318209e-01	   2.2330113758737596e-01	   4.0316382110311733e-01	   4.9335701820193739e-01	   5.2125151452156016e-01	   5.7088633643038789e-01	   3.4279232677845650e-01	   3.7533975475314774e-01	   4.4804179095450397e-01	   3.9678612536625890e-01	   2.1211887460057927e-01	   2.6350161362075020e-01	   7.8055566197656912e-02	   1.7524921177887973e-01	   8.8289175412276266e-02	   2.3456929457808035e-01	   3.7330687376328830e-01	   2.6155061588305872e-01	   2.7904344506701456e-01	   3.2353177935501115e-01	   2.0529010211487054e-02	   1.4217475064093699e-01	   1.5675901380027671e-01	   1.5542852360579718e-01	   1.2607106971600818e-01	   1.4662050444291772e-01	   2.8202095677534716e-01	   2.3842759628389931e-01	  -3.0869810569748829e-02	   1.2015952318077641e-01	   2.7537462583120459e-01	   1.0821730330515027e-01	   2.4120812379839474e-01	   3.1322815579266683e-01	   2.0754387044413222e-01	  -1.1453412863616579e-01	
   8.0832624449137816e-02	  -2.4636845764647569e-01	   2.0978647628828176e-01	   3.4536324460653450e-01	   6.0956028104384363e-01	   7.4118186524091256e-01	   2.8995418702033143e-01	   4.2227116790906899e-01	   1.1286463037278436e+00	   0.0000000000000000e+00	   3.6187263142725778e-01	   2.6536128120991226e-01	   4.4882417369462158e-01	   4.8231273688599002e-01	   3.9373591866290225e-01	   6.0498372325812599e-01	   1.1706549193749606e-01	   1.0407226650228141e-01	   9.1855406467079265e-02	  -1.4003260499100547e-02	   8.4528677465209159e-02	   1.4953260024911025e-01	   1.7622259845384194e-01	   2.3524487855970050e-01	   2.3386463331147128e-01	   2.3947089048794004e-01	   3.4273687742508818e-01	   3.7290287557480928e-01	   2.0953307796069287e-01	   2.3370970756227535e-01	   1.4227900730277029e-01	   1.8019087946516105e-01	  -1.3230389751383151e-01	  -1.3160174589896639e-01	   2.3510127104495872e-02	  -3.9672274467182085e-02	   1.3302463689675334e-01	   1.7387990967378225e-01	   1.8714693304227026e-01	   2.0417836527147074e-01	   1.4212899937604262e-01	   1.7901085918587825e-01	   1.8472024644208410e-01	   1.5675232345185491e-01	   4.6500966678503911e-02	   5.1369452469281790e-02	   1.6609207353856242e-01	   1.3977918612843776e-01	  -1.7484294199600649e-02	  -2.2667467175423051e-02	   2.7193806236804619e-01	   1.7840876363435798e-01	   1.9244716760638661e-01	   1.3732272571618356e-01	   2.2808045245152286e-01	   2.5716871067364311e-01	  -1.0644183430323420e-01	  -1.4998648786216423e-01	   4.0393538220227433e-02	   1.2235144403405429e-01	   1.7439943935883648e-01	   3.5049746690794725e-01	  -1.5864090419422231e-03	  -1.0091385299601523e-01	   2.4221896356277373e-01	   4.0404341145543488e-01	   5.1978533439778714e-02	   7.0235971409279063e-02	  -1.0366500017587543e-02	  -7.1867343341598236e-02	   9.6097217524985304e-02	   2.2278434517789422e-01	   1.9070326940287841e-01	   2.1340956322057339e-01	   1.2658054064897151e-01	   1.8251927121460737e-01	  -9.8425888255609578e-02	  -1.1131721801455643e-01	   1.8160630115929180e-02	  -6.4613208414056697e-02	   6.2014851847637241e-02	   4.2413683599502171e-02	   2.1416516103756839e-01	   3.1211119573070456e-01	   2.5354007121917704e-01	   3.3448036055101860e-01	   1.6567997095622011e-01	   2.5086219260448783e-01	   3.2321478672169274e-01	   3.1556120950418892e-01	   2.0995333359094964e-01	   2.2736463577307348e-01	   1.9161900405437909e-01	   1.4064959842080721e-01	   1.2365837886598990e-01	   2.1013531697326665e-01	   2.6946788119751952e-01	   1.8540504049647366e-01	   1.5420492271839775e-01	   3.3281498593344772e-01	  -2.9302058020206412e-02	   1.0302117866594665e-01	  -2.8881007163384332e-03	   3.1397982326842239e-02	   5.8176910377902132e-02	   5.2583591762646986e-02	   1.5932150866397113e-01	   8.5293103104548587e-02	  -2.0406271995181007e-02	   6.7292418446729341e-02	   1.0774388577382127e-01	   9.2404211852902568e-02	   2.4215559789144689e-01	   2.0700325438157624e-01	   2.3532887367390137e-01	   2.5371264992918405e-02	
   5.7205443461208194e-01	   1.9569825249803180e-01	   2.9812572199908410e-01	   3.6778568272978351e-01	   2.8443580332285989e-01	   1.3917842733814842e-01	   6.0185027332510055e-01	   5.7911838456512532e-01	   4.7568817080949799e-01	   3.6187263142725778e-01	   0.0000000000000000e+00	   1.0060323645884792e+00	   1.5300530294713621e+00	   9.4670762838608102e-01	   5.8329859360103742e-01	   5.8175742756679905e-01	   5.4684668281313042e-01	   5.3822758333187337e-01	   4.5802748156721973e-01	   3.5349293951634470e-01	  -1.7500702477092506e-01	  -1.1218921619435322e-01	   3.9918812433404804e-01	   3.1576110096790283e-01	   3.0850472368614101e-02	  -7.2262974747148061e-03	  -1.1276397335629100e-01	  -1.0354260724201669e-01	   6.2934933230240975e-01	   5.0608249375996628e-01	   2.0488570175591153e-01	   2.9464425465062505e-01	   4.0357749607795507e-01	   3.4952726948957941e-01	  -1.2083099571553402e-02	  -8.1549532994029283e-02	  -3.9083481407061554e-02	  -6.9481342116344005e-02	   9.1474382375681229e-02	   2.0665320971199868e-02	   1.0349618488381482e-03	  -7.3661581470741519e-02	   7.5789327245776528e-02	   7.6688679977881258e-02	   1.1065299417585683e-01	   9.3365976847205073e-02	   3.6801988602237601e-02	   2.5184971342159169e-02	   2.6423483253209255e-04	   6.0782821385385894e-03	   1.3018888082705704e-01	  -6.3816059218423912e-02	   1.3076172110595510e-01	   1.0249562941567725e-02	   1.1941670457633208e-01	   8.5020498295484859e-02	   1.4160658376751550e-01	   1.5284913516791912e-01	   2.1214656653962943e-01	   3.1690675690755749e-01	   7.8482918363958898e-01	   5.9218183968075599e-01	   4.1391499106743745e-01	   3.1153825420242592e-01	   4.9647611129757063e-01	   4.9714948931618835e-01	   1.6220280515204696e-01	   1.1374089725091815e-01	   2.2314563764537973e-01	   1.9796011212896963e-01	  -3.3044120380282115e-02	  -4.9514721023791425e-02	   2.0171547338704224e-01	   1.8675572429119944e-01	   2.1452715642558584e-01	   1.3340056404427164e-01	  -2.0950668311282472e-01	  -2.6068183376408594e-01	   3.9957242397590081e-01	   3.6603476923172268e-01	   4.1486175713751139e-01	   3.9736956317532979e-01	   5.2373292258406390e-01	   3.7400483664366041e-01	   4.4632681216309050e-01	   3.7769049525147619e-01	   2.2142373292439960e-01	   1.6870013154629837e-01	   4.7118696391788195e-01	   2.7643836649596737e-01	   4.9223913310922053e-02	   1.3022156018523900e-01	   3.8253449976009282e-02	   4.1507224750758853e-02	  -5.7026197229940151e-02	  -5.2383723572179287e-03	   1.4218378477698962e-01	   1.3059526446773759e-02	   4.5481447254316285e-02	   1.2099035297090884e-02	  -1.4152352348709382e-01	   1.7634617700245627e-02	  -1.5944524091328530e-01	  -1.1278268387370159e-01	  -1.8997056978812740e-01	  -1.7025785954260719e-01	   2.3234833247349104e-01	   1.5107733015907990e-01	  -2.7829659414879460e-01	  -6.4824009017558762e-02	   5.4083065239431155e-02	   3.5389382693374292e-02	   1.4841295219560996e-01	   2.9212301177660303e-02	  -5.3458759392462321e-02	  -8.5043741333078571e-02	
   3.6981783706449051e-01	   2.9116640083098499e-01	   1.8372783463400494e-01	   4.4413664950223219e-01	   3.8539041096012439e-01	   2.6200094448784983e-01	   2.3278881658909964e-01	   3.7088705046599774e-01	   4.2912615904084128e-01	   2.6536128120991226e-01	   1.0060323645884792e+00	   0.0000000000000000e+00	   8.1753254556077426e-01	   1.2630089080706539e+00	   6.8082275212359122e-01	   7.8462462301068825e-01	   2.8849918866768726e-01	   4.2174830776165340e-01	   1.8210796577088439e-01	   2.2339751741068464e-01	   1.2783902399247693e-01	   2.1864459222322050e-01	   4.3950103020997938e-01	   4.6554793770209002e-01	   2.0666431673941560e-01	   1.9873894124751773e-01	   1.0714020669601426e-01	   1.2604478548862424e-01	   5.6721945643647154e-01	   6.2671843884547473e-01	   4.3332438981757959e-01	   6.3217104294882132e-01	   3.7930362957901098e-01	   4.0356069166012992e-01	   1.2224808516530782e-01	   5.8442936923792696e-02	   1.0512658462527391e-01	   1.6795768315198917e-01	   1.8537799509508784e-01	   1.7546704267542518e-01	   2.5556243994522404e-01	   1.5084400948316240e-01	   1.2281811523051672e-01	   1.8144579805029754e-01	   6.7200588200503772e-02	   9.0739206558204027e-02	   1.1145230398395591e-01	   1.1138391926688736e-01	   1.6100360801353068e-02	   7.5639825091886437e-02	   2.0471545128998342e-01	   3.2440029202272611e-02	   2.0072290025923717e-01	   9.8460706972694198e-02	   1.5617793584575365e-01	   1.9429792160061732e-01	   1.2333892168884296e-01	   2.2416417308980746e-01	   1.0846794758195846e-01	   2.7586176677386537e-01	   4.5346436221793801e-01	   6.4013105443766105e-01	   3.4250633639221495e-01	   4.8375839635503498e-01	   4.8254631551583471e-01	   5.4000696970639805e-01	   1.4656966730895840e-01	   1.4625033584884664e-01	   1.9888607857976992e-01	   1.4665809169707197e-01	   7.7487780892010250e-02	   1.2735933955861228e-01	   3.2234454943857077e-01	   3.5377215093743675e-01	   3.5163390530246708e-01	   3.1315440006206685e-01	  -1.4859915227738363e-01	  -1.0734627297675672e-01	   2.4680031381868983e-01	   3.3167949061599333e-01	   3.3557478273892571e-01	   3.7512567573469913e-01	   4.7724657043475383e-01	   5.8482151443849750e-01	   5.1625993472445597e-01	   5.3269871014964187e-01	   3.0225983979750609e-01	   3.2762697430704263e-01	   3.7177689772751810e-01	   3.5890374478450809e-01	  -8.0189608563128734e-02	  -1.3557906302662223e-01	  -2.7328003069002810e-02	  -1.0635700210245652e-01	   2.0323030310350581e-02	   1.3558629302150813e-01	   3.5218839534994795e-01	   2.5683123961990351e-01	   5.9196831171116585e-02	  -2.8491348040974009e-02	  -4.7930852240425934e-03	  -8.4190844914781238e-02	   3.0953884742075159e-02	  -4.8849867306816668e-02	   4.0927410196572575e-02	  -4.6869550376905239e-03	   2.0244099978982094e-01	   2.0236701172198338e-01	  -2.1943056134269984e-01	   1.1925705795546697e-01	   2.6194132565428341e-01	  -1.6077977504266112e-02	   6.5947634766367641e-02	   1.9899924833184227e-01	   7.5603891193217171e-02	  -1.3717794680666762e-01	
   4.7503420675090097e-01	   7.4441161433523320e-02	   3.4669972411357758e-01	   3.6879247636780688e-01	   3.3392175507915428e-01	   2.3564753669135413e-01	   6.3600834003481210e-01	   5.7145399011181441e-01	   5.1859692726345408e-01	   4.4882417369462158e-01	   1.5300530294713621e+00	   8.1753254556077426e-01	   0.0000000000000000e+00	   1.0083397098001150e+00	   5.9828766279330514e-01	   5.5781917503008549e-01	   4.5651248908907249e-01	   4.7070674783733046e-01	   3.9771843063148843e-01	   2.6002434747952552e-01	  -1.0453648462726721e-01	  -8.2889297987061059e-02	   4.3590639144142695e-01	   3.3669211812243266e-01	   1.6944398660989948e-01	   1.4784853427933559e-01	  -7.5153549897184591e-02	  -9.3303305680574058e-02	   5.5914492227358670e-01	   4.7102589079353352e-01	   2.5254761916158486e-01	   2.9730518195770844e-01	   3.6089476782786806e-01	   3.1142878817107728e-01	   5.5192053777538927e-02	   2.0543877354061057e-02	   6.1446157801275325e-02	   2.5326759518698318e-02	   1.8133381674210416e-01	   9.0023502784632850e-02	   5.8404292663575878e-02	  -3.5441134112559357e-02	   1.1298951254549938e-01	   1.2831745614912493e-01	   1.7113890897215223e-01	   1.5178615733795625e-01	   6.7222833339293686e-02	   5.0458807635843601e-02	   5.8038330232093333e-03	   4.8089353956826557e-02	   1.6457732047465098e-01	  -1.4119184453980681e-02	   1.2224417047200735e-01	   2.9791176057874545e-02	   1.5767151138156971e-01	   1.3844134748757150e-01	   4.6811364656151169e-02	   5.2065135999443277e-02	   1.7578469033404923e-01	   2.6245943575268660e-01	   7.1821501939126742e-01	   5.6926570697817402e-01	   2.5419449097881297e-01	   1.5815594449640777e-01	   5.1663074530821262e-01	   5.1577082561845722e-01	   1.9764193318518861e-01	   1.5640159433985171e-01	   1.9254026208342767e-01	   1.5443538032493639e-01	   8.2709008790760943e-02	   6.0504094691096924e-02	   2.5856164761571304e-01	   2.6193211711475650e-01	   2.4412592357935931e-01	   1.9436275806706443e-01	  -1.6542299835195970e-01	  -2.0768058655731153e-01	   3.3901530984379163e-01	   2.8262310895942100e-01	   3.5002543840368444e-01	   3.6114334071394161e-01	   5.0535573675064949e-01	   3.2806946270198034e-01	   4.7385421477466505e-01	   4.1512501056872531e-01	   2.8094077397129147e-01	   2.5374338866814783e-01	   5.8178135586199309e-01	   3.1305945352449022e-01	   4.8646786672435764e-02	   1.9614058070343568e-01	   3.3905845270056127e-02	   7.6320797124623363e-02	  -8.1175048751442574e-02	   5.2735306234342444e-02	   1.9072616581389018e-01	   1.7696782723474930e-02	   3.3511018182481485e-02	   3.3405515817601782e-02	  -2.0613747707627228e-01	   2.1318732870437323e-02	  -1.9216316681745060e-01	  -9.8128925533689709e-02	  -1.9094338010985548e-01	  -1.6408335952992531e-01	   1.8285302034397796e-01	   1.3813238324961150e-01	  -2.7396700533385110e-01	  -7.3514713691519809e-02	   9.6494287996943456e-02	   2.9812875623943393e-02	   1.7438129743628342e-01	   4.6159558982480947e-02	  -9.0602197999218662e-02	  -1.3181954010613747e-01	
