   0.0000000000000000e+00	   1.2650342627190987e+00	   8.6383232873922455e-01	   6.1736182751853708e-01	   4.4016095926009469e-01	   6.5217562339817370e-01	   6.2998145121371774e-01	   5.5882660009104401e-01	   4.7425397479313908e-01	   3.6405587508177439e-01	   6.3487098186773760e-01	   7.4946480206324695e-01	   7.1471058356762440e-01	   5.8485743641571819e-01	   4.9339967416036951e-01	   4.2441085118911664e-01	   6.8648679529184198e-01	   7.1015132426910810e-01	   1.1714566369198514e+00	   9.8141853220577391e-01	   5.8366336902739557e-01	   5.6228773841622159e-01	   6.6135724670364648e-01	   5.9333835441796956e-01	   6.7487649437242470e-01	   8.0839715149999247e-01	   4.4734156917918738e-01	   6.7598419112826724e-01	   4.4233985734855286e-01	   4.4896826935965473e-01	   5.0644227886913351e-01	   5.2377363002540078e-01	   8.5654894850081109e-01	   7.2037958315110451e-01	   7.6226901720877405e-01	   8.6754920406798797e-01	   5.9795655574425732e-01	   5.1260027137986131e-01	   3.7670675742739246e-01	   3.8511189986673000e-01	   7.4502787170328122e-01	   5.5364266143122443e-01	   8.8741915240885560e-01	   8.6297444088173236e-01	   9.3373238892868315e-01	   8.7483237801003355e-01	   9.2524199084386849e-01	   1.0629296233232008e+00	   7.7875489602953318e-01	   7.0644789962471033e-01	   8.6795580543075179e-01	   7.8239487106224492e-01	   8.3535232284561234e-01	   7.7995922482735469e-01	   9.2595493886829039e-01	   7.7549818635226186e-01	   1.2221406297549373e+00	   1.1542726365611446e+00	   6.0338709125610990e-01	   4.8717705965060226e-01	   7.0336429853574178e-01	   4.8799727617150901e-01	   5.2151394365338222e-01	   5.6885133509459729e-01	   4.8321363418959618e-01	   4.8377711856999728e-01	   7.2796875463496435e-01	   7.1337841457056717e-01	   1.0396789711515706e+00	   9.5512484789752616e-01	   5.6414491733526551e-01	   3.5214182179155706e-01	   5.9138105855878809e-01	   4.3396536187148160e-01	   6.1293353452429877e-01	   6.0773464300310709e-01	   7.0384973596307954e-01	   6.9753046272813002e-01	   7.4847855218350146e-01	   5.4450312391065747e-01	   8.1896781201902047e-01	   8.2984994138539903e-01	   4.0624389260115318e-01	   5.6878529499548602e-01	   7.3010153967654157e-01	   6.3818978965452633e-01	   3.7224647973700437e-01	   3.0702370624567110e-01	   7.3946889894783618e-01	   5.7184723743010335e-01	   9.9949222386116432e-01	   7.1625684889248831e-01	   6.0079279291297671e-01	   7.7086911445425699e-01	  -3.5267240145011744e-02	   1.4647964450972195e-01	   7.8640225358049332e-01	   4.8897951580928078e-01	   1.0703320259485622e+00	   1.0848602147425752e+00	   5.6480278248664229e-01	   7.6732334480724629e-01	   4.3605691465992247e-01	   4.7607543048238826e-01	   2.2270920005086214e-01	   3.8119726086710776e-01	   2.8551241655320930e-01	   3.7034677036646024e-01	   2.0863725407028677e-01	   6.1420780569752864e-01	   8.1200641060740097e-01	   8.6585037700196676e-01	   6.8795009869225054e-01	   6.6772324359742385e-01	   2.8453479105669921e-01	   2.4240055250682239e-02	
   1.2650342627190987e+00	   0.0000000000000000e+00	   6.3183836410005867e-01	   6.5408365158370918e-01	   4.2362405632995015e-01	   6.2895923526488817e-01	   5.3889888147163911e-01	   6.1643231723487413e-01	   4.7556969130498600e-01	   3.7446028919375235e-01	   6.1594248997119561e-01	   7.8557384649685547e-01	   5.3603607942896669e-01	   6.2182690499346793e-01	   5.1005131861580033e-01	   4.8522837621419335e-01	   7.4038688109513340e-01	   7.5727870692930921e-01	   9.8744405660865742e-01	   1.0404626534941244e+00	   4.4094979855978467e-01	   6.0580547636046878e-01	   4.7400134209435696e-01	   5.3228842007525357e-01	   6.4483255718292820e-01	   7.2693480716319248e-01	   4.9290537893575226e-01	   6.6997190400962126e-01	   4.7255983569658000e-01	   5.0412332874533550e-01	   3.4705638618183532e-01	   3.9497724259650846e-01	   7.2808211451937843e-01	   7.1657262439549763e-01	   5.1391204460770390e-01	   7.1040520241260363e-01	   6.4086050228863733e-01	   6.2990748358470305e-01	   4.5590777862228449e-01	   4.5041279636453047e-01	   7.0225340839172667e-01	   6.9894574490904537e-01	   7.9742719726334110e-01	   8.3223984979361731e-01	   7.0981915424252739e-01	   7.5943091604915081e-01	   7.8831702817030780e-01	   9.3437874269493026e-01	   7.0421314850613259e-01	   6.9130743096282665e-01	   7.5861295476694734e-01	   7.3181365834220069e-01	   8.0881919044053818e-01	   6.2358026424281887e-01	   9.5535618053456139e-01	   8.6871673181660802e-01	   1.2833216482246663e+00	   1.2295389522342266e+00	   5.8974972077951149e-01	   5.7855105414325214e-01	   7.0090667629741510e-01	   5.5102383317356873e-01	   4.8978831491727631e-01	   6.9517520545515921e-01	   3.9687006960636451e-01	   5.2147912755778036e-01	   6.9055344952463693e-01	   7.2734313158503960e-01	   9.0760779473614084e-01	   8.6744707819882572e-01	   3.1683712959826216e-01	   1.2895570501629464e-01	   6.0881405323259630e-01	   5.0641142258325811e-01	   5.9205366957174177e-01	   6.4868219576081754e-01	   6.2400341828682648e-01	   6.8024344681821414e-01	   7.0008710538967811e-01	   5.2336856765724704e-01	   7.9012983034984619e-01	   8.4546927718586762e-01	   4.0642468155976136e-01	   5.7276362319869989e-01	   6.3427110044859059e-01	   6.2419419211407767e-01	   2.9275425104810937e-01	   2.3244803098143155e-01	   6.9176921249148704e-01	   6.3639774006091743e-01	   9.0145813478926207e-01	   6.8214023883727992e-01	   6.1325496720324857e-01	   7.5609491777401350e-01	   7.0631484569056699e-02	   2.5243438775251714e-01	   9.0850987515355142e-01	   5.9614929048851750e-01	   9.6686797250179246e-01	   1.0134593064829169e+00	   6.9818313316526093e-01	   7.4998461198957889e-01	   6.7856297194136017e-01	   5.4031768313617057e-01	   4.1230329870355770e-01	   5.5406475660979870e-01	   3.0470231713307261e-01	   3.4199926043350498e-01	   3.6678350777097996e-01	   6.1592830255474451e-01	   7.8310132953700706e-01	   9.3695540880870587e-01	   6.9530640607777183e-01	   7.6082307126313320e-01	   4.8930592873918510e-01	   1.5472373325534802e-01	
   8.6383232873922455e-01	   6.3183836410005867e-01	   0.0000000000000000e+00	   9.6114829216388076e-01	   3.9302631670382626e-01	   5.0204187003539302e-01	   7.7740839929150418e-01	   5.2032885057423428e-01	   3.3020525909166748e-01	   1.7797114832104996e-01	   5.7509035981732104e-01	   6.8326184941932311e-01	   9.1649237914833148e-01	   8.1223466551131840e-01	   5.6466967702902804e-01	   4.9465668534471996e-01	   4.4053786617129070e-01	   5.1852495539718757e-01	   5.5970970251907781e-01	   6.6814363357838835e-01	   6.3406848821953343e-01	   6.3759275071811339e-01	   1.3134171099418748e+00	   1.1486544672347518e+00	   1.0296279661120860e+00	   1.0901896945983713e+00	   5.2693194328145410e-01	   6.0646052482227963e-01	   3.2138041958420799e-01	   3.9328180645783944e-01	   7.8074545403814266e-01	   8.6099583002373925e-01	   7.6801748436214590e-01	   6.5925128272318001e-01	   1.1678229632653272e+00	   1.2203714951661295e+00	   6.5076796523511538e-01	   6.5486856382607628e-01	   6.3128590861932243e-01	   5.4049405496028580e-01	   7.9023614907069639e-01	   5.4542498591643174e-01	   7.2836740653837617e-01	   5.3400119325213780e-01	   5.9637056588105053e-01	   5.2828178802454717e-01	   6.9058402460982182e-01	   7.6446923724580662e-01	   3.3469980138317967e-01	   2.7961017335924870e-01	   5.5463096369002129e-01	   4.2657444808635175e-01	   5.2646065012090004e-01	   6.2131782761283494e-01	   7.7354341950065275e-01	   6.2646178117623941e-01	   5.9271610665916463e-01	   7.5822695028165410e-01	   4.1868075644406388e-01	   3.5759522237154540e-01	   5.6269744761825158e-01	   4.6259341034504875e-01	   2.5361882243216288e-01	   4.2055159715516732e-01	   9.2356632296367924e-01	   6.3729294002814330e-01	   8.4703759851297178e-01	   8.1007890976583941e-01	   7.2947940474127193e-01	   7.8552649125686458e-01	   7.0016504382223521e-01	   4.7477846248530403e-01	   5.7035969084910387e-01	   4.1371311255089099e-01	   5.1869485517110248e-01	   5.6794010140806073e-01	   7.2032927068108843e-01	   7.2973587137615992e-01	   6.4298531359696498e-01	   5.8130663904769009e-01	   5.6530852704984047e-01	   6.1879238733507658e-01	   4.0692960180728988e-01	   4.1411287095094584e-01	   1.0625936213580562e+00	   8.8481019196508182e-01	   5.3171351722467008e-01	   4.5626882363486393e-01	   1.0847606130861704e+00	   7.1478518226480747e-01	   8.8474403758241849e-01	   5.2861675202785119e-01	   8.0132787758995194e-01	   7.6449481934198404e-01	   7.8862235322270852e-02	   3.3390429049799741e-01	   8.0817273404069057e-01	   5.2617814331435153e-01	   7.5595312507929657e-01	   6.8292143888598711e-01	   6.2552136234115319e-01	   5.5064696451913142e-01	   2.3872479305809652e-01	   1.7999022117306257e-01	   9.5259882638290688e-02	   2.2928609987731657e-01	   4.3057765846100582e-01	   3.7496852394164409e-01	   1.5647367121033967e-01	   4.2231442567056260e-01	   7.8760538620600729e-01	   5.7733709635822417e-01	   4.6227387833811123e-01	   4.5114294766532592e-01	   1.3465769721328774e-01	  -2.0667196374893854e-01	
   6.1736182751853708e-01	   6.5408365158370918e-01	   9.6114829216388076e-01	   0.0000000000000000e+00	   3.8852310971918641e-01	   7.3149192333118485e-01	   8.1494645063528803e-01	   1.0432977375673831e+00	   3.5339014920041223e-01	   2.7884464191750935e-01	   2.6314855352547528e-01	   6.1652379075737374e-01	   4.0983009573707568e-01	   6.5280868570177342e-01	   4.5759125747757140e-01	   5.0420226762695086e-01	   2.2880867364758090e-01	   3.1976398340825690e-01	   4.7529116394549537e-01	   9.0439460165300134e-01	   4.8473628993223361e-01	   6.1615607618725565e-01	   7.1496287731225761e-01	   1.0148719766481413e+00	   8.4267312647144710e-01	   1.1379022177432001e+00	   5.1077281229139382e-01	   6.4876566311559580e-01	   1.1211683370739389e-01	   2.2803908200391071e-01	   5.4073632894144097e-01	   7.8092174686720139e-01	   6.5874801884718459e-01	   7.7427692934407266e-01	   7.6272221412353258e-01	   1.1026546598251794e+00	   4.0621864103599398e-01	   5.5550607650784856e-01	   5.2631887123422794e-01	   4.3529836890493095e-01	   6.1288071382526410e-01	   4.4619303951739481e-01	   5.6421835296559442e-01	   5.0481583345211845e-01	   4.9028802636462976e-01	   5.4675178938480606e-01	   5.4661794707596878e-01	   5.8472324880616322e-01	   3.6510342497887949e-01	   2.6073671735197257e-01	   6.0878758724061743e-01	   4.4643084220938156e-01	   3.9679419276520450e-01	   3.0221781481085280e-01	   6.1892617035096398e-01	   6.4335269141338325e-01	   4.0383189943495690e-01	   6.2573714046262174e-01	   7.3665571078234970e-01	   7.8519872129298041e-01	   6.4281274277997569e-01	   1.0653749153242826e+00	   1.2012781611702429e-01	   6.3924560038912970e-01	   8.1488964554452215e-01	   1.1290033210095611e+00	   1.0777805055578278e+00	   1.3077199611168300e+00	   8.1225490381100873e-01	   1.0088225822372470e+00	   4.4820925024653596e-01	   3.9359205650107548e-01	   3.7584009325679901e-01	   2.8731651719941076e-01	   3.1966587764697829e-01	   4.7933529624544957e-01	   5.9496861023279213e-01	   7.4805820900321640e-01	   3.1382946778016996e-01	   1.9087441110443126e-01	   3.4052501727351031e-01	   3.8120912742134538e-01	   3.4232482737044539e-01	   4.1426717121040191e-01	   7.9955354321218386e-01	   6.9227547606621442e-01	   3.5623853125323701e-01	   4.2312178085879870e-01	   9.7459432169347393e-01	   1.2056476182187477e+00	   1.1795610258402087e+00	   6.8250866751336625e-01	   1.1975457645269820e+00	   7.9875320415859019e-01	  -1.3591262387282788e-01	   1.8697962408310606e-01	   8.2857485777807538e-01	   4.4688922947388876e-01	   7.9773075006244176e-01	   5.9748970713196958e-01	   9.8702822876776009e-01	   5.8834891020745383e-01	   6.5190004875691976e-01	   4.3389501782533590e-01	   3.8993181583491737e-01	   3.7013700176263958e-01	   5.2856869404851825e-01	   4.8336369943646829e-01	   1.9554835781146226e-01	   6.1129452481413271e-01	   7.9559370801176210e-01	   5.5379309407827138e-01	   4.9298671651467735e-01	   4.4925001346195398e-01	   1.9754683508917628e-01	  -2.0354150527465414e-01	
   4.4016095926009469e-01	   4.2362405632995015e-01	   3.9302631670382626e-01	   3.8852310971918641e-01	   0.0000000000000000e+00	   8.5293557050647273e-01	   3.4824276320689973e-01	   3.7122074851441916e-01	   1.5852079831945947e+00	   1.1416916644996955e+00	   1.3083938476578411e-01	   3.3576417777070006e-01	   1.2057530978743644e-01	   3.5492657555818391e-01	   4.5691215562668630e-01	   4.2211347141842376e-01	   2.2895009361293542e-01	   2.7308346307838915e-01	   3.4902026748838044e-01	   4.4692955882802970e-01	   2.0143394095125489e-01	   3.0639086527330406e-01	   7.6961133999399592e-02	   6.7303386598775466e-02	   2.5370189379369951e-01	   5.3330054528675608e-01	   7.5767433784862981e-01	   6.7835462976038241e-01	   1.1001366781438145e-02	   3.9065242187660443e-02	   9.8619508053773883e-02	   8.7291671162162465e-02	   3.0759768640644541e-01	   3.3367520838180220e-01	   2.3490094077058318e-01	   3.3221220956439362e-01	   1.3789180876008739e-01	   1.0873425986024156e-01	   8.5381132059664452e-03	   2.6501426472429764e-02	   1.8105938076582587e-01	   8.6026078868828834e-02	   5.3734666420719224e-01	   4.4264465199540748e-01	   4.0860691838264140e-01	   4.3972722207388004e-01	   5.6930069170484121e-01	   5.6878348256214739e-01	   5.8155059830247935e-01	   6.0104139657180777e-01	   6.4988564159971107e-01	   7.5412970443891447e-01	   5.2237896656006289e-01	   4.1709435866968148e-01	   5.2205082472467812e-01	   3.9233913362813411e-01	   3.6288519937698482e-01	   4.5845109894173908e-01	   5.4523498441512674e-01	   5.0806781968038228e-01	   4.8239489675662295e-01	   4.0950613557829335e-01	   1.3809579051132778e-01	   3.5997279614442274e-01	   1.8889472871146809e-01	   4.8134240732698802e-01	   4.1973518628232798e-01	   4.6767213312864159e-01	   5.6370605894972048e-01	   4.4576265209314919e-01	   2.2370800826780241e-01	   2.0304759265199462e-01	   2.1309155889260706e-01	   9.7711079271967899e-02	   2.1610987448312061e-01	   1.2088970764674306e-01	   2.7617695177279766e-01	   2.9439084916821717e-01	   2.6649025182103003e-01	   2.3793181622229254e-01	   2.2453989149743758e-01	   2.3625328116690525e-01	  -1.9392726487893464e-01	  -1.7255872982911374e-01	   1.4631484746438297e-01	   7.7102247235518617e-02	  -1.8779017086057284e-01	  -4.6136606176393435e-01	   3.2785941598146312e-01	   2.9114740528662625e-01	   4.8134834642739854e-01	   1.5458826773941448e-01	   2.4329545783300233e-01	   1.8514724182256070e-01	   4.9135660416305640e-02	   3.4306560335193179e-02	   3.9401043764395854e-01	   1.9058056815933794e-01	   4.9495305332141470e-01	   4.3003165284076428e-01	   3.0068689076421273e-01	   2.3116621133484702e-01	   3.4912627003804064e-01	   2.3140413204622645e-01	   1.0359116984806770e-01	  -2.0740362839021503e-02	   4.6583922937195943e-01	   4.1173840788481242e-02	   1.7516885358615933e-01	   2.2557681743314412e-01	   3.5965902695805979e-01	   3.3568072264973253e-01	   3.8777666386988613e-01	   2.9780667041785980e-01	   3.2631071073081504e-02	  -1.7681594701134268e-01	
   6.5217562339817370e-01	   6.2895923526488817e-01	   5.0204187003539302e-01	   7.3149192333118485e-01	   8.5293557050647273e-01	   0.0000000000000000e+00	   6.2055185787920752e-01	   7.6141036639836523e-01	   6.8560709976516554e-01	   1.1014562991868837e+00	   2.4923134520055826e-01	   5.6282255083354160e-01	   3.0674330210455458e-01	   5.2212782395171986e-01	   4.7849338705003619e-01	   6.8069699300121633e-01	   2.6966876544340818e-01	   2.8768919008576255e-01	   6.4027250799669455e-01	   8.1556601725555633e-01	   3.3862894809232502e-01	   3.9715519892894513e-01	   2.4120907414096432e-01	   3.3856463222099331e-01	   4.7330409098895165e-01	   9.6656289084017033e-01	   5.5307793935181382e-01	   6.8314397393853554e-01	   1.2290713394838165e-01	   1.7338307686521537e-01	   2.3680836260033905e-01	   3.0024329283318979e-01	   5.3963298722785591e-01	   5.8430205180465455e-01	   4.1080363444593448e-01	   6.0804850070905103e-01	   1.6325963807494312e-01	   2.5970331529900498e-01	   9.8548967915109656e-02	   1.3520018698719174e-01	   3.7357666720833155e-01	   1.8086040619027385e-01	   6.0289340401083891e-01	   6.7808258644797170e-01	   5.6779728436814247e-01	   6.6661249741161022e-01	   6.3355527426606095e-01	   6.6461256263613488e-01	   6.8023871813087944e-01	   6.4958558754111173e-01	   8.4869962847870128e-01	   8.1282016873575991e-01	   5.9281379113098887e-01	   4.8297174165033913e-01	   5.4829263164527942e-01	   4.9013423114228771e-01	   4.5679524729194632e-01	   4.9570324647874564e-01	   7.1115358650569593e-01	   6.2687967436413206e-01	   7.6617601685583048e-01	   7.7398075354495210e-01	   2.9301093398975486e-01	   5.7530054403111719e-01	   3.9472612809530438e-01	   8.0264677000486850e-01	   6.8023570701861269e-01	   7.2014925135062557e-01	   7.6528243798963014e-01	   7.2648608060108077e-01	   2.3268142828010133e-01	   2.1051355763798224e-01	   2.8492051758643416e-01	   1.6956189758467199e-01	   2.5051827609465827e-01	   2.1851305991293829e-01	   4.0465052435442161e-01	   4.9445491217546433e-01	   2.6617054627539050e-01	   1.7529499764839812e-01	   3.4601447519016187e-01	   3.1365960626999523e-01	   1.3033161669176554e-01	   1.7984607200981001e-01	   3.6950864757083890e-01	   3.1164619507017344e-01	   6.6483285529437802e-02	  -1.1842684339559527e-01	   5.3246794413582677e-01	   6.5736125669974865e-01	   7.4377216186852224e-01	   5.0442423409741144e-01	   4.4150385288845506e-01	   4.3721018266276779e-01	  -1.4456007469185506e-01	  -2.5692191394253931e-02	   4.8300691262439044e-01	   2.5979259674648308e-01	   6.8593953212576375e-01	   6.1515266293362292e-01	   4.7376726366556493e-01	   4.5838992275825963e-01	   4.5719840049495741e-01	   4.9259887162540461e-01	   2.6214055672786735e-01	   2.1470333473791045e-01	   4.8291011247007953e-01	   3.1856960800575124e-01	   1.4867348298622474e-01	   4.5123171476556728e-01	   4.5148170328995829e-01	   4.5938994856081616e-01	   5.3133702941384864e-01	   4.4465026315538447e-01	   2.0879851872327559e-01	  -7.0258960820994060e-02	
   6.2998145121371774e-01	   5.3889888147163911e-01	   7.7740839929150418e-01	   8.1494645063528803e-01	   3.4824276320689973e-01	   6.2055185787920752e-01	   0.0000000000000000e+00	   1.3641473374866810e+00	   4.2523584587255880e-01	   2.5392123463727834e-01	   5.0981548951488875e-01	   6.2071166566013358e-01	   5.2424438021883613e-01	   5.3695283891749535e-01	   3.3296829165065889e-01	   3.9902738367887230e-01	   7.0933175832671724e-01	   6.3541865312171786e-01	   7.1814305612387785e-01	   7.2285788939334583e-01	   4.8794776208442037e-01	   3.7195950741157285e-01	   5.8846714011500867e-01	   6.2761975694915484e-01	   4.7621781809918118e-01	   7.8188465300627874e-01	   1.3963652087207162e-01	   4.3660859727653556e-01	   5.8999370175759847e-01	   5.4016099786208605e-01	   8.2776703291132425e-01	   8.1018203846616865e-01	   1.1662629476688156e+00	   1.1100959727101198e+00	   8.7714569057885405e-01	   8.5027851712420133e-01	   3.8483246350047301e-01	   4.5715296827122065e-01	   5.1150555039958856e-01	   4.5193258417996052e-01	   7.4181097085341352e-01	   5.5067780095686103e-01	   7.9208820438421967e-01	   6.5570295727315497e-01	   8.1864428677017687e-01	   7.1640078247556505e-01	   7.8119645019211403e-01	   7.7904159115372640e-01	   4.6698949821354890e-01	   2.4199011520603239e-01	   7.4257778748124381e-01	   4.1783311055124711e-01	   5.8906534469653116e-01	   4.1900865834212164e-01	   7.0634052665113090e-01	   6.2356784132490872e-01	   6.0643476994755230e-01	   6.1584482865402590e-01	   5.8774257407095454e-01	   4.1889839069452650e-01	   9.2858086468138212e-01	   7.2195721059155815e-01	   6.6897770666141487e-01	   9.0383369380825962e-01	   7.5073642077502734e-01	   8.2103357205979088e-01	   1.2026263936583579e+00	   9.3585250104649420e-01	   5.8503514956851310e-01	   5.9532533142753474e-01	   4.2349505149273770e-01	   3.2746190955464688e-01	   5.5926183792459627e-01	   3.2973886697586208e-01	   5.0358023429275323e-01	   3.5586447540003741e-01	   5.8138594731859561e-01	   5.5639971909728869e-01	   7.2203162794022968e-01	   5.3638405905789899e-01	   7.7196055208595316e-01	   6.7485103045643691e-01	   3.8481647923644124e-01	   4.5240747778070417e-01	   5.7608762225557952e-01	   5.1616016789185071e-01	   1.6130004215320023e-01	   1.9224181657249689e-01	   7.7411082833552003e-01	   6.4162151203073359e-01	   8.9404498114793085e-01	   5.9353570272082790e-01	   7.1903885937097634e-01	   5.9824674694894198e-01	  -5.1102108875711233e-02	   3.7775035485763842e-01	   6.6058422825976271e-01	   4.8733601110658237e-01	   8.1472640456982393e-01	   7.7312556219268691e-01	   7.3625633206669638e-01	   7.3504859750023743e-01	   4.3303540993608858e-01	   4.2407605193682496e-01	   1.2208597329696302e-01	   1.6917814502285466e-01	   4.4938626010506871e-01	   5.5346892783092261e-01	   2.4552341836042918e-01	   4.0914285321188992e-01	   7.7084633061312557e-01	   7.0097515841263947e-01	   6.6030605426872413e-01	   5.9521512896693196e-01	   2.1228598910347635e-01	  -1.6107733874719721e-01	
   5.5882660009104401e-01	   6.1643231723487413e-01	   5.2032885057423428e-01	   1.0432977375673831e+00	   3.7122074851441916e-01	   7.6141036639836523e-01	   1.3641473374866810e+00	   0.0000000000000000e+00	   4.3279599996699514e-01	   3.2844922477548560e-01	   4.0572253982512069e-01	   7.0697725156648572e-01	   3.5488117570593869e-01	   5.6998416717490807e-01	   3.1267708719612719e-01	   4.4395514278484388e-01	   5.2792445993003934e-01	   5.1888157950668923e-01	   6.7376152854560334e-01	   8.8936017064128892e-01	   3.8833868171038033e-01	   4.1667973447146339e-01	   4.2182657255344935e-01	   6.2074091777824492e-01	   4.4430228009198780e-01	   7.9620860902404356e-01	   1.8149648211220623e-01	   4.8138189097471928e-01	   4.1844089483397889e-01	   4.3040752321688541e-01	   6.0321277516205951e-01	   6.9537499843905382e-01	   9.2500918347694105e-01	   1.0988292577597381e+00	   5.9175432757062296e-01	   7.4130849430700596e-01	   3.2001018681077070e-01	   4.8135091629892490e-01	   4.2571471063116528e-01	   4.1852439896341043e-01	   6.4179705329827963e-01	   5.3568710418528553e-01	   7.2406251329401794e-01	   6.7961626565667788e-01	   7.0449918296342962e-01	   7.4347376119242714e-01	   7.0798888624788214e-01	   6.9508624930092155e-01	   5.1428180105827370e-01	   3.2409543437834459e-01	   7.7520837111549767e-01	   4.7741289168936357e-01	   5.5384283034508786e-01	   2.9012274060541388e-01	   6.6197593380565023e-01	   6.6984624540916538e-01	   4.8671354484359852e-01	   5.5576480176726062e-01	   7.0917503603593290e-01	   6.0287306260572704e-01	   9.0304749147395025e-01	   1.0865168777344016e+00	   5.2942561851364955e-01	   1.0480673419175370e+00	   6.2603865595024222e-01	   1.0806679402057491e+00	   1.1128322033075133e+00	   1.0591498387736147e+00	   6.1868690782805269e-01	   6.8626346787558234e-01	   3.2698968439869674e-01	   3.2943417592101765e-01	   4.8291385987944796e-01	   3.4658685924182497e-01	   4.4335546386725505e-01	   4.1439342035177928e-01	   5.3323276249634499e-01	   6.0778570263004228e-01	   5.0439848090625328e-01	   3.3484934335949501e-01	   6.0430799652185263e-01	   5.5089367679425738e-01	   3.4223182106077793e-01	   4.5742047961264254e-01	   5.3360298695703101e-01	   5.2646567095403307e-01	   1.4996382285220591e-01	   1.7752761372229459e-01	   7.1747314949168561e-01	   8.6569795331557264e-01	   1.0073568014053620e+00	   6.1823293610959518e-01	   8.4637357686951475e-01	   5.6774816585013410e-01	  -1.1549946444013591e-01	   2.5999162543139315e-01	   6.9359654031756168e-01	   4.5731753072417447e-01	   8.1776643112085068e-01	   7.2597951521260640e-01	   9.1266368220290006e-01	   6.4964426920525287e-01	   6.7870860545613709e-01	   5.1741123302754111e-01	   2.6346073911849077e-01	   2.7082687315635057e-01	   4.7660411661071278e-01	   5.2019956035813408e-01	   3.1289974372926815e-01	   5.0082255209841287e-01	   7.3917732649441015e-01	   6.9331714027828617e-01	   6.7495156640888265e-01	   5.8183261269179254e-01	   2.5577893496485926e-01	  -1.0324737344220060e-01	
   4.7425397479313908e-01	   4.7556969130498600e-01	   3.3020525909166748e-01	   3.5339014920041223e-01	   1.5852079831945947e+00	   6.8560709976516554e-01	   4.2523584587255880e-01	   4.3279599996699514e-01	   0.0000000000000000e+00	   1.0568074140767096e+00	   1.6343649199247798e-01	   2.5340024183469412e-01	   9.7907053631858143e-02	   2.5026195811741542e-01	   3.8107056142397766e-01	   3.1639049121076263e-01	   2.6942559216680106e-01	   2.8021754969346241e-01	   3.6752234379545973e-01	   4.4614211945458893e-01	   1.4973973672636534e-01	   2.1000052646540107e-01	   2.2425391860895528e-02	  -1.9916558542049888e-02	   1.2767877361970256e-01	   3.9548702133788438e-01	   5.5915290319363398e-01	   5.6239795798785630e-01	   2.2898489544986529e-02	   2.9491920934989993e-02	   8.1022556860503456e-02	   4.9473234869161060e-02	   3.5394904999986931e-01	   3.5596058663724001e-01	   1.8379108966901447e-01	   2.7641379218547718e-01	   1.3942334608868154e-01	   7.7492453589446453e-02	   4.4827120946189757e-03	   1.0799218992155310e-02	   1.8275731133245735e-01	   1.4473011021437390e-01	   5.5118471384945300e-01	   4.2396718530602451e-01	   4.4425477454034196e-01	   4.3680274363137078e-01	   5.6593689285609816e-01	   5.5460988968324521e-01	   5.8403925058024275e-01	   5.5770861608879607e-01	   6.6927880920840288e-01	   7.4928138458972793e-01	   5.0425730355988529e-01	   3.7233671796239637e-01	   4.9470278079057017e-01	   3.9014982661297087e-01	   3.9619018598246913e-01	   4.8164492119477836e-01	   5.5714672811716504e-01	   5.6283142540422926e-01	   4.8364533719925551e-01	   3.7824860657896958e-01	   1.5909846680373890e-01	   3.9743715332900237e-01	   1.4959551476503172e-01	   4.3259014363462550e-01	   4.3832402745432836e-01	   4.5546039395128107e-01	   5.7793097764989509e-01	   4.2140788336863377e-01	   2.6615298608683469e-01	   2.1878418607724515e-01	   2.3898089068155745e-01	   1.1074608198143775e-01	   2.4346899092429403e-01	   1.5620020131333506e-01	   2.5363503964305517e-01	   2.1161019471123921e-01	   2.5962633407571678e-01	   2.0309675755842618e-01	   2.5817184877704946e-01	   2.4575979247857332e-01	  -1.9134370553312441e-01	  -1.7444468694493936e-01	   9.6302159055803499e-02	   1.2199805762615226e-02	  -2.5584338335064893e-01	  -5.0491638384826587e-01	   2.9046421885975160e-01	   2.3960211071511855e-01	   5.1169845761663346e-01	   2.0085073220144806e-01	   2.4724847079825596e-01	   2.0378905156745539e-01	  -9.5064578934054883e-04	   4.1076676854965084e-02	   3.6413576530642872e-01	   1.7965409279871641e-01	   5.2812928027806294e-01	   4.6504157268916591e-01	   2.9332345120116282e-01	   3.1409190439473172e-01	   3.9466680168152668e-01	   3.0176137158683541e-01	   9.2508833037883653e-02	  -2.0358772832754855e-02	   3.4898032720474698e-01	   9.2105276532742836e-02	   2.0709200095371530e-01	   2.2413422849166592e-01	   4.0568996745552077e-01	   4.0153068959881638e-01	   3.6819839943314941e-01	   2.7878034993710449e-01	  -3.3359759207073458e-02	  -2.6169342176265059e-01	
   3.6405587508177439e-01	   3.7446028919375235e-01	   1.7797114832104996e-01	   2.7884464191750935e-01	   1.1416916644996955e+00	   1.1014562991868837e+00	   2.5392123463727834e-01	   3.2844922477548560e-01	   1.0568074140767096e+00	   0.0000000000000000e+00	   9.5305069009578039e-02	   2.3387095612453895e-01	   8.6185389730930984e-02	   2.0683199524779333e-01	   3.3323647640352511e-01	   4.2195880145938458e-01	   5.3507105341519590e-02	   2.3821002034350933e-02	   3.1270637628603776e-01	   3.8762516299999011e-01	   2.3296892921777876e-02	   6.8364425145329005e-02	  -1.0408461985570740e-01	  -1.0461991802620391e-01	   6.4811370483670291e-02	   3.7223862472410713e-01	   5.1365733712296291e-01	   5.1094224655362130e-01	  -1.4922109584151533e-01	  -1.4333482016252516e-01	  -1.6715351873070422e-01	  -1.4097793383334983e-01	   1.8178484739779308e-01	   2.1079735560595453e-01	   3.8702277385759883e-02	   1.8667576398422001e-01	  -7.0558763817168330e-02	  -4.1821962897571917e-02	  -1.8315478726309742e-01	  -9.2590529921461120e-02	   1.1566912171935131e-02	  -6.9691115156541569e-02	   3.2293858456796415e-01	   3.4413381770125900e-01	   2.5885085230484434e-01	   3.1501926391820412e-01	   3.7951452005946790e-01	   3.5277636168644094e-01	   4.8700845524650349e-01	   5.6873263956896947e-01	   5.4089198868945942e-01	   6.7715532688133606e-01	   3.8425676714531876e-01	   3.4995520974774347e-01	   2.9900775439039440e-01	   2.2773194113491066e-01	   2.4225452286040000e-01	   2.5015484145160444e-01	   4.0685174611576291e-01	   4.4350939777438392e-01	   4.3432360112707025e-01	   3.7132850952971885e-01	   5.7344314440402479e-02	   2.6626791511919951e-01	   9.4055978563761022e-02	   4.3745106751503277e-01	   2.5692207520625565e-01	   2.9100698639511297e-01	   4.8651439153920750e-01	   3.4185824134350434e-01	   1.8568076917706915e-04	   7.8806547556746001e-03	   6.9006748190493961e-02	  -3.1402615211211793e-02	   1.2595364140602655e-01	   5.7828180868846500e-03	   6.8747000236485376e-02	   9.9310180165033707e-02	   5.4638708028131859e-02	   1.5402317297495456e-02	   7.7368872851883111e-02	   4.5000728834291528e-02	  -2.6044625889040529e-01	  -2.8288270117879033e-01	   6.5819612661283028e-02	  -2.5833437340290897e-02	  -1.6682198463794495e-01	  -5.3120637226353162e-01	   1.8030456502827946e-01	   2.4264416257098681e-01	   3.0655929643702529e-01	   8.3501815518489328e-02	   3.4581876856677789e-02	   6.0578999037191161e-02	  -9.6373532475196658e-02	  -9.1595605078740289e-02	   1.4878143608720421e-01	   4.0915405802744109e-02	   3.2983452518552819e-01	   2.6594534423140626e-01	   7.3673971794312024e-02	   1.1103199776788419e-01	   1.9396749703055749e-01	   2.2594062579329199e-01	   1.1672241221411490e-02	  -5.9519978411274120e-02	   2.9161417881606472e-01	   1.0736183883765297e-02	   9.0987502135306181e-02	   9.9400291427756179e-02	   1.2416212149264569e-01	   1.7965649961896002e-01	   2.2020535595710247e-01	   1.7040324485291974e-01	  -4.1455462264569330e-02	  -1.6584642331213503e-01	
   6.3487098186773760e-01	   6.1594248997119561e-01	   5.7509035981732104e-01	   2.6314855352547528e-01	   1.3083938476578411e-01	   2.4923134520055826e-01	   5.0981548951488875e-01	   4.0572253982512069e-01	   1.6343649199247798e-01	   9.5305069009578039e-02	   0.0000000000000000e+00	   1.0619473701458113e+00	   1.0400788150481306e+00	   8.4002889054404228e-01	   4.1606096200408099e-01	   4.6286020403602018e-01	   8.5095337032042018e-01	   8.0004356590509473e-01	   7.4268197714860651e-01	   5.4741280092226696e-01	   4.8359626406027312e-01	   3.7565661955480500e-01	   7.4795668659324044e-01	   5.6982638694071586e-01	   4.9353093710178730e-01	   4.3254903072400197e-01	   9.1335174067287014e-02	   2.3231502760992143e-01	   8.2114883176412712e-01	   8.1264644683924070e-01	   5.8449411511924476e-01	   4.7385377265394846e-01	   6.4070081753331964e-01	   5.8810937377904116e-01	   4.4144373090818839e-01	   3.9381243447320979e-01	   5.9508134864034568e-01	   7.5991530601089974e-01	   4.3289536851107491e-01	   6.3023192852011600e-01	   6.3688642309289667e-01	   8.7513512299671481e-01	   7.7537433742651352e-01	   5.4929877391375226e-01	   6.0825072872188268e-01	   4.6205776315712821e-01	   7.6290884132545367e-01	   7.3923956228975030e-01	   3.0537795934848244e-01	   3.3954503409880843e-01	   3.6655735282003710e-01	   3.0460726023264800e-01	   5.9290527242893565e-01	   6.0347938940506141e-01	   5.8110077874983579e-01	   4.7778985596501744e-01	   6.6413467139424309e-01	   6.1686986229538021e-01	   8.9688560115911611e-03	  -2.9454858293309578e-02	   3.8989229730056651e-01	   2.0403749922236789e-01	   6.5942067546146499e-01	   5.2572761731442830e-01	   3.6559626731365424e-01	   2.5212607310643931e-01	   3.3485206299725739e-01	   2.5217038601572422e-01	   3.2225163969896370e-01	   3.6262700745075571e-01	   4.8937670757612328e-01	   3.0776369815145638e-01	   9.0404963142688732e-01	   8.6220523581844755e-01	   9.3869449308869846e-01	   7.9111100305633675e-01	   6.4507213271844299e-01	   5.8605483874307773e-01	   9.4372452620364944e-01	   8.5685086499719154e-01	   9.7355966848162534e-01	   9.1702779568998771e-01	   5.2065817131795233e-01	   5.9060763242848768e-01	   7.1760538016871511e-01	   8.1313028629263906e-01	   3.2910207326206881e-01	   1.9419293937675838e-01	   4.3790892010439048e-01	   2.3508271054351701e-01	   4.6788337250061035e-01	   2.3978072422369362e-01	   3.7441021663194951e-01	   2.7537331922436853e-01	   3.7241779713457746e-01	   5.4861878019324706e-01	   4.6346776143354973e-01	   5.6181199124613601e-01	   5.4442564230440271e-01	   6.2220401386429058e-01	   3.3373744202688277e-01	   3.2860952804016563e-01	   7.6778434071923030e-02	  -2.0677832208012715e-02	  -1.4827382908453440e-01	   1.4930594994639196e-02	   1.2084520736181066e-01	   9.0741679136434161e-02	   2.4047030855980403e-01	   1.6953543739640808e-01	   5.2897574735025310e-01	   7.0852957862003274e-01	   3.9492560134758092e-01	   3.5886474174198502e-01	   1.2914132011559201e-01	  -2.3161492413914391e-02	
   7.4946480206324695e-01	   7.8557384649685547e-01	   6.8326184941932311e-01	   6.1652379075737374e-01	   3.3576417777070006e-01	   5.6282255083354160e-01	   6.2071166566013358e-01	   7.0697725156648572e-01	   2.5340024183469412e-01	   2.3387095612453895e-01	   1.0619473701458113e+00	   0.0000000000000000e+00	   8.2056421025248816e-01	   1.3250982832974911e+00	   6.8112431768652026e-01	   7.7904347900177950e-01	   7.4313375548802674e-01	   7.7930773661075281e-01	   8.3880396148651548e-01	   8.3930739962431589e-01	   6.0964088230766234e-01	   6.3139364673478104e-01	   8.2738842400289880e-01	   8.8243627609351272e-01	   7.6428714491294447e-01	   7.7134337337323922e-01	   2.4861128494032556e-01	   4.4327158911626635e-01	   7.1929373647918526e-01	   7.6551087703037279e-01	   6.8001330315080810e-01	   7.0228283632141719e-01	   7.3904331295730463e-01	   7.7877516532894697e-01	   5.7354273773598941e-01	   6.4409177045048238e-01	   5.2233108459606270e-01	   7.7502058835798437e-01	   3.6760165677207229e-01	   5.2292496319571669e-01	   6.6939535526645810e-01	   7.1944224771742227e-01	   1.0176812869215712e+00	   8.9612038710947750e-01	   7.9067381632574096e-01	   7.7896575576348059e-01	   1.0905402397013100e+00	   1.0305667446843689e+00	   5.3918145379532811e-01	   5.7788154098095323e-01	   7.3750521462053642e-01	   6.0154353467339849e-01	   9.0070909542038857e-01	   7.5426460601507039e-01	   8.4210992575029742e-01	   6.9421784797301467e-01	   6.3805520765041790e-01	   6.6671367818704608e-01	   2.5170557180296060e-01	   1.7568872065420110e-01	   5.7357871340209576e-01	   5.5133789860224980e-01	   5.4930245809819389e-01	   6.2888581138104493e-01	   4.9959167421026579e-01	   6.6034965194994955e-01	   6.1687353713325888e-01	   6.1328653246043308e-01	   5.4112669969198224e-01	   6.1509660219841478e-01	   5.6644896733729455e-01	   4.8836664475574165e-01	   1.0100159569378124e+00	   9.2332832514280450e-01	   9.6657947739802841e-01	   9.3302957865117242e-01	   7.5599923020133375e-01	   8.5891914769352573e-01	   7.8897879708662044e-01	   6.8102966167376633e-01	   8.5255240087966855e-01	   8.3465740303403713e-01	   6.2447111413680523e-01	   6.8245091859814044e-01	   8.6873767338666652e-01	   1.1145475054855172e+00	   3.9605242384320732e-01	   2.5150057787782187e-01	   6.0812941638268159e-01	   5.3454107106747950e-01	   7.8139214336943952e-01	   4.0513811531648608e-01	   6.7596194151407707e-01	   4.7610566786234249e-01	   1.8017105781907561e-01	   3.7855217929325469e-01	   7.4794729265722115e-01	   5.6000719516652164e-01	   8.6376428625066037e-01	   8.3698250034927857e-01	   6.7631395110296955e-01	   4.4071046649129425e-01	   3.5588861106623976e-01	   1.7591569798450085e-01	   1.4559640268028823e-01	   2.1311684068774783e-01	   3.1053023481675424e-01	   1.5766282114295371e-01	   1.6379033861195452e-01	   3.1137638174354104e-01	   6.3926509672841814e-01	   8.4940446694477434e-01	   6.4231019689439472e-01	   5.4279628855655837e-01	   3.0568143416492943e-01	   7.3806000610231765e-02	
   7.1471058356762440e-01	   5.3603607942896669e-01	   9.1649237914833148e-01	   4.0983009573707568e-01	   1.2057530978743644e-01	   3.0674330210455458e-01	   5.2424438021883613e-01	   3.5488117570593869e-01	   9.7907053631858143e-02	   8.6185389730930984e-02	   1.0400788150481306e+00	   8.2056421025248816e-01	   0.0000000000000000e+00	   9.8818077706631180e-01	   4.9259344335885036e-01	   4.9967069848912959e-01	   5.2070561761038836e-01	   5.2927678275854761e-01	   5.3130615645995705e-01	   4.9964477859371315e-01	   6.3808740615224924e-01	   4.4913652636006907e-01	   9.5342398199503720e-01	   7.5409790899829743e-01	   6.5701439711581233e-01	   6.1638997808135043e-01	   2.2763320808536594e-01	   3.5162630129849026e-01	   5.0196589790547008e-01	   5.3435116370718816e-01	   5.8897655233032553e-01	   5.8614435780792262e-01	   7.3470951824075681e-01	   6.0605636228727477e-01	   7.1206881373320297e-01	   6.2285370859171219e-01	   5.9688773666716921e-01	   6.5167548944952081e-01	   5.1488244732424082e-01	   5.4636844367237791e-01	   6.5134143663227961e-01	   5.1481859147287201e-01	   5.8187462996546035e-01	   5.2081331561149391e-01	   5.1989241543275377e-01	   4.5647034266520481e-01	   5.8595771399620522e-01	   6.2808983529599482e-01	   2.8952816690401367e-01	   3.0076531436189569e-01	   4.1709541330478977e-01	   2.9556849849872169e-01	   5.0979907206315667e-01	   5.4322212394360125e-01	   5.8795749308679202e-01	   4.1906900959892590e-01	   5.4613830331133661e-01	   6.0287694678430104e-01	   1.7924985532849633e-01	   1.1506574927038364e-01	   5.2042050472251777e-01	   2.8900669463880663e-01	   4.6282864346549629e-01	   3.9783650403706938e-01	   6.4707523174145032e-01	   4.2445286144766364e-01	   4.8942604241430643e-01	   4.0151515714081365e-01	   4.8328604333433911e-01	   4.6583396013644696e-01	   5.5531446447847921e-01	   3.6443716757430050e-01	   7.9491348587982558e-01	   6.7370758596933866e-01	   8.0727909595986325e-01	   7.1737837649133396e-01	   5.9244155316917668e-01	   6.1020119085612756e-01	   7.0952391898075595e-01	   6.3435142604929573e-01	   6.6106247848253630e-01	   6.4485173024825326e-01	   5.0358393113473021e-01	   4.8429990209007640e-01	   1.0764796046357883e+00	   1.0301546329651265e+00	   7.1012648860462824e-01	   4.1438302012597533e-01	   7.2777967722516246e-01	   4.2509773746829510e-01	   4.6508851369671789e-01	   2.0497941314002796e-01	   3.6823287842754798e-01	   3.8297172679414276e-01	   3.2112662864878710e-01	   5.3618269250775463e-01	   5.4242803926894867e-01	   6.9403047271148388e-01	   4.6848127745499829e-01	   5.2323554655874460e-01	   2.8264738137822348e-01	   3.2296110240709802e-01	   1.2459866697819760e-02	   5.3809206287959654e-02	  -3.6234382449858105e-02	   1.9862663085554147e-01	   1.7467374698688290e-01	   2.1917063248799207e-01	   1.5622586542336592e-01	   2.3051356184912833e-01	   4.9990787254954833e-01	   4.9190413903730013e-01	   3.4543561121089805e-01	   4.4970701664094037e-01	   1.9737878871629080e-01	   4.5377733500533493e-02	
