   0.0000000000000000e+00	   9.1681510849766323e-01	   3.0298516254326652e-01	   3.3271839593944208e-01	   4.9064038134103938e-01	   3.1802825493543035e-01	   5.9223369385699676e-01	   5.5460304860047938e-01	   5.5060699001085545e-01	   4.1017617628946235e-01	   8.3406959287778459e-01	   7.6277815656204973e-01	   6.7163203451552400e-01	   3.8867030845860440e-01	   5.5687940921176382e-01	   6.5074122236111065e-01	   6.0538944581552712e-01	   4.8390236897913430e-01	   8.1637328696043987e-01	   7.5804772976909918e-01	   1.5199994120437108e-01	   2.9029686900955204e-01	   2.9667359109202313e-01	   3.2518630566446649e-01	   5.7532467727171355e-02	   1.6808743660488498e-01	   2.7941358516652454e-01	   6.0182364335844574e-01	   5.9600502899143515e-01	   4.3861040647228156e-01	   2.0832184191973546e-01	   2.2141518385126854e-01	   5.5003269661654830e-01	   4.5628199404871234e-01	  -1.8180280892433778e-01	  -2.6993864511171350e-01	   1.0570872616276979e-01	   3.2125619650932086e-01	   2.1350015198061439e-01	  -1.2097759714835375e-02	   2.8515527809309971e-01	   3.4991107754919967e-02	  -1.1266199867058905e-02	   4.2696915990646851e-02	  -3.8953234137451505e-02	   2.3572403184517528e-03	   1.0354626901140884e-01	   1.2047770785574433e-01	   2.8193614972964209e-01	   1.7762903538423896e-01	   3.5194982418991122e-01	   3.8720236449644529e-01	   3.9407427310824533e-01	   2.6827951827305169e-01	   3.2261682799715369e-01	   1.6014714287173679e-01	   9.5892962307055662e-01	   7.2755966443492304e-01	   6.1889146819287832e-01	   3.9477973149656120e-01	   5.3053059874736697e-01	   5.0210774255032931e-01	   6.0014008269208663e-01	   6.0687310451779031e-01	   1.1416786117600730e-01	   4.5608762072192277e-02	   5.8469632977401514e-02	   1.6016404852847707e-02	   6.9773651478144938e-01	   3.0284615047390639e-01	   4.6139290004960731e-01	   4.2009126020621501e-01	   6.8072900028398975e-01	   6.8669083518994667e-01	   6.1921602614575533e-01	   5.2984268524915268e-01	   3.5442200142582442e-01	   4.8696235899284962e-01	   4.4234038314262775e-01	   3.4531901077547161e-01	   5.4105463842532397e-01	   6.7855439741223367e-01	   5.3351624495209693e-01	   4.0884753977511212e-01	   3.5747580564058468e-01	   5.0574323490849482e-01	   2.1867549396197836e-01	   2.1516097853965688e-01	   4.4702015662345967e-01	   6.6867934704779530e-01	   5.0704635659578923e-01	   5.1864180199455201e-01	   4.2784512284873960e-01	   4.6649672588500585e-01	   2.7199818763647000e-02	   1.2349919750093173e-01	   2.4743425424877791e-01	   1.5433187740404455e-01	   4.0525177178991673e-01	   4.9168093080798342e-01	   5.3354994661519384e-01	   4.3654442692575296e-01	   5.8800130233825920e-01	   5.4065261037759560e-01	   1.9811596595879336e-01	  -8.6800095110178860e-02	   1.3178734417836918e-01	   3.2702716961378547e-01	   4.9267679237971734e-02	   9.5438696246641794e-02	   1.1138604489344574e-01	   3.8007813870643031e-01	   5.6371539475600807e-01	   3.9606842020427047e-01	   2.0086465173967094e-01	   2.7754347446755763e-02	
   9.1681510849766323e-01	   0.0000000000000000e+00	   2.7972580560621868e-01	   2.7911573331700890e-01	   3.7387372683273340e-01	   1.2575776082508075e-01	   3.2490409404136611e-01	   4.0517436568444343e-01	   2.9463902647864837e-01	   2.3410373302023599e-01	   5.5758790138635117e-01	   7.2296421901092500e-01	   5.0757344777275315e-01	   3.5441346311463712e-01	   4.8130733759599487e-01	   7.1183096537248958e-01	   5.2666712023620532e-01	   4.9810947942212702e-01	   8.4016514852963975e-01	   8.4758414029513829e-01	   1.8314931422569354e-02	   2.3410647032393672e-01	   3.5138324827828338e-01	   3.6603266832670622e-01	   1.9901147431847055e-01	   2.2855384522586586e-01	   3.1896732214866591e-01	   4.4757310858288191e-01	   5.3629542057670976e-01	   5.3647042176246662e-01	   3.0566571026447936e-01	   3.8883571869562294e-01	   5.0797569360971440e-01	   4.9633010170793523e-01	  -2.5880406421055015e-02	  -6.3575181518490440e-02	   1.7327949299466286e-01	   3.7050703811788643e-01	   3.4641143204716224e-01	   6.8778046937204074e-02	   1.8101089474952708e-01	   8.7400084741306991e-02	   5.5244162435499344e-02	   9.9433096443063126e-02	   7.4442411442282419e-02	   8.5055996440497841e-02	   1.7361819119045482e-01	   2.1180170836829854e-01	   2.7374739791608621e-01	   2.8183508764806986e-01	   3.3647407522879524e-01	   3.5738093505239166e-01	   4.4621591529923899e-01	   4.1820625959468560e-01	   3.3808205298641869e-01	   2.2121168977291908e-01	   8.8468110353783536e-01	   7.1857922616481151e-01	   1.3095585088360973e-01	   1.0171624485351093e-01	   2.1400512374422279e-01	   2.7945526890579064e-01	   4.0646746389198946e-01	   5.5613306418730457e-01	   1.9616493465075702e-01	   1.0766780480507922e-01	  -1.2850393559869999e-01	  -1.5108531179668672e-01	   7.4773109715470087e-01	   2.2206795966606363e-01	   3.4359532200500675e-01	   2.9202106588570331e-01	   8.0212417159189919e-01	   1.0533096649912930e+00	   7.6610998571109368e-01	   7.7372714394131625e-01	   4.9036850106366114e-01	   5.1167233418356806e-01	   3.9425174916182953e-01	   3.2492576695541481e-01	   6.9742372333264735e-01	   8.2586524250573512e-01	   5.9940296250387259e-01	   6.7106726334706146e-01	   6.1352947691354542e-01	   6.4897903475860275e-01	   2.7138856406798550e-01	   3.2833108349817769e-01	   3.8627960260546312e-01	   5.5241363192005599e-01	   5.7892096650746550e-01	   3.7820750774982981e-01	   4.5499635554670537e-01	   2.5165185277483720e-01	  -1.0223998353418395e-02	   1.1370207931292182e-01	   2.5949893420081782e-01	   3.2259503343838652e-01	   5.7886196681171087e-01	   5.4758029620518012e-01	   5.6151108956967200e-01	   1.3153676034768091e-01	   6.0612885109207715e-01	   3.4359124885407494e-01	   1.6366796631162275e-01	   3.0975032754789696e-02	  -1.9971326483375393e-02	   1.7520155365705245e-01	  -6.3183723703116090e-02	   3.9590949600865712e-02	   1.7632646297699270e-01	   5.1872750026311598e-01	   5.5554246382025030e-01	   4.6124301058368494e-01	   3.0500646950712773e-01	   1.2369629484326021e-01	
   3.0298516254326652e-01	   2.7972580560621868e-01	   0.0000000000000000e+00	   8.7688185698963683e-01	   7.6130044528214247e-01	   3.3935243913576496e-01	   9.7011811963919559e-01	   5.8866546539759035e-01	   3.7298306318902325e-01	   4.2167308211565097e-01	   1.9897925596479946e-01	   1.1176177270887594e-01	   4.8030045314908287e-01	   2.8692843385585609e-01	   8.7918194590602661e-01	   6.4077940835969927e-01	  -1.7480169463047132e-02	  -1.3892466884951243e-01	   5.6835204822273822e-01	   5.8961714514337515e-01	   2.8978438473287191e-03	   3.9722625999785499e-01	   1.3747349083999172e+00	   8.3683885813818881e-01	   7.8734359440174051e-01	   7.1728634396308644e-01	   6.7126784331690037e-01	   4.9003016914778785e-01	   6.1792788759934283e-02	  -3.8743393628177497e-02	   6.9474016763242485e-01	   6.3574477611453040e-01	   4.3099235648172107e-01	   4.6698146117090489e-01	   7.1167217351444068e-01	   5.0675164634133629e-01	   1.4264386104085078e-01	   1.7188176176631506e-01	   9.4310117688181080e-02	   1.1759434652025214e-02	   1.1310028774830025e-01	   2.0012679511894180e-01	   2.7044372661006566e-01	   1.3766660946669515e-01	   2.0628135853211912e-01	   1.1989744760839878e-01	   1.8943780349076153e-01	   2.2559344385556523e-01	   4.1135815536020370e-01	   1.7234680328112911e-01	   5.3116475050452039e-01	   2.2875304022204712e-01	   4.3576159515217372e-01	   4.4169610312980595e-01	   3.4094971914402811e-01	   2.6421370976765757e-01	   2.4482158952962411e-02	   9.1156001228211922e-02	   2.1361402936001680e-01	   3.0856847161298717e-01	   1.0267336443625363e-01	   2.9339236817521241e-01	  -6.4125998269223078e-02	  -7.7423252665763304e-02	   1.0956508162583805e+00	   7.0736349574831758e-01	   7.9494783941595148e-01	   6.2893455724443847e-01	   4.7501883023228952e-01	  -6.9990895506657547e-02	   1.7593314688826400e-01	   3.2572814239852999e-01	   3.5078883831945673e-01	   2.7552719698181966e-01	   4.5788784623153322e-01	   2.8253417127196068e-01	   4.3781979052035513e-01	   5.0163806866172422e-01	  -5.5511282535881189e-02	  -1.1517584509260360e-01	   1.7129956258857229e-01	   7.9390567955243158e-02	   5.8827137982977140e-01	   3.1830397830648682e-01	   7.3523291846969696e-01	   5.9798055714347953e-01	   4.9426521425443870e-01	   5.1938903187577001e-01	   9.1087343632871232e-01	   6.0952876599333028e-01	   6.3037937417802425e-01	   8.4087055227906193e-01	   5.4391745449315199e-01	   8.4150668630703129e-01	   3.1090806592783754e-01	   1.6905328568809497e-01	   2.1973650446610096e-01	   3.4482501294466006e-01	   1.5655556676895407e-01	   4.0873089582882255e-01	   2.6138477290956585e-01	   4.5060133207095254e-01	   3.5511824029276190e-01	   4.3514819016951878e-01	   1.7084656398484360e-01	   1.2017233635473087e-01	   2.4304613550867788e-02	   5.7150165714500645e-01	   1.2888634535727506e-01	   5.1026969344167082e-02	   4.9920987809677098e-01	   3.5382763889189101e-01	   3.6255148757277106e-01	   2.1446134540755957e-01	  -5.8160256347763631e-02	  -2.7998023580085263e-01	
   3.3271839593944208e-01	   2.7911573331700890e-01	   8.7688185698963683e-01	   0.0000000000000000e+00	   6.7506775005540010e-01	   4.4979858150766816e-01	   6.8839435937596960e-01	   9.8874967185784068e-01	   4.0883489122634503e-01	   6.7953578442338880e-01	   1.4685583235401745e-01	   1.6114047441760415e-01	   3.7718931024197877e-01	   2.8905140022162057e-01	   6.1965005479002266e-01	   4.3966787631887916e-01	   1.7787096320851147e-02	  -1.3190462532749700e-01	   5.3887431005383624e-01	   7.8746827533190045e-01	  -4.9570186172608471e-02	   3.6032066525798440e-01	   9.2932127896391037e-01	   9.3842992163682859e-01	   8.0113947540062858e-01	   8.5634665222944706e-01	   7.8080438631257998e-01	   5.0017027829149785e-01	  -1.0677220280199748e-01	  -1.5701093878135794e-01	   4.0230630626339048e-01	   4.9464598345240907e-01	   3.7733860779555822e-01	   4.9356362749819482e-01	   7.7813197904696063e-01	   6.8514577185352132e-01	   8.0998394586482142e-02	   1.6228345330114585e-01	   8.9066761296904426e-02	  -3.3336329208479162e-02	   1.1070033121306472e-01	   1.4004306966408170e-01	   1.5008587655429234e-01	   7.8266167784543816e-02	   1.8647733644638959e-01	   1.6545657929281626e-01	   5.8025536818052670e-02	   1.8725238206510966e-01	   3.5482945524224452e-01	   2.0491067522123080e-01	   3.8019802235997230e-01	   2.7203946932437040e-01	   3.7119399147594823e-01	   4.2978915275772545e-01	   2.5077515054883232e-01	   2.2096215925487903e-01	   1.2867865097134509e-01	   1.0523228345857349e-01	   1.9417531339498464e-01	   5.6352602042634947e-01	   8.1727600377097739e-02	   5.6744083968579151e-01	  -1.7661411804639077e-01	  -1.2742101098913636e-01	   6.7724858358527407e-01	   1.0507053135903317e+00	   7.4190939755779162e-01	   8.4922192808491492e-01	   5.0291816850959159e-01	   1.6826327298951355e-02	   1.6924519437989771e-01	   1.6378312168693343e-01	   2.9463500803311427e-01	   2.1163976775255958e-01	   4.9358856876688761e-01	   3.5529878709333329e-01	   3.2454786399691854e-01	   4.5713097262057312e-01	  -9.6263262387236675e-02	  -2.7251705671679738e-01	   1.4691482988376822e-01	   2.1016746506257452e-02	   4.7380222705110131e-01	   1.4941650213537583e-01	   4.3872536329382089e-01	   5.4929365375636474e-01	   4.7638013935404860e-01	   4.5105804126269711e-01	   8.3476849612112503e-01	   7.3197908468437201e-01	   1.0089514041961607e+00	   9.4993787174573807e-01	   1.0325640071926407e+00	   8.4789561092814292e-01	   1.3099656912938487e-01	   9.2443447446203572e-02	   6.7887356926548778e-02	   2.0916845804306111e-01	   1.1597585703738436e-01	   2.9543705138190557e-01	   5.2448001055114157e-01	   4.5142267603300490e-01	   4.3562217330075376e-01	   5.0354355434551934e-01	   1.9865048661590334e-01	   6.8760690324875098e-02	   1.9424799902976050e-01	   5.0543097426892392e-01	   5.2367016334737226e-02	  -2.2284058218953982e-02	   6.0021649423202605e-01	   3.2853146312491477e-01	   4.2166888386032186e-01	   2.2199111084585565e-01	   3.6743821550654462e-02	  -2.0586534197174394e-01	
   4.9064038134103938e-01	   3.7387372683273340e-01	   7.6130044528214247e-01	   6.7506775005540010e-01	   0.0000000000000000e+00	   2.0714676632314244e-01	   7.3076378638345685e-01	   7.2581029142424591e-01	   8.7168956458899971e-01	   4.8362035899510719e-01	   2.8379640711506043e-01	   3.9574159791931479e-01	   4.5356915868098513e-01	   4.6666843191836588e-01	   4.6747907325318400e-01	   5.5770651682272732e-01	   2.1777888849704327e-01	  -2.7521083764786530e-03	   4.7368087977421602e-01	   6.7332394942982865e-01	  -8.3545791079584538e-03	   1.9356646056902288e-01	   6.9248244927103653e-01	   6.3083545546149411e-01	   4.3268003409897049e-01	   4.3807136547466946e-01	   4.1283698665108670e-01	   3.5091916418570973e-01	   9.2743682500781813e-02	   5.1396696148319626e-02	   3.9872905086628901e-01	   5.5119567850735773e-01	   3.8354086473178450e-01	   4.0948823813963153e-01	   4.1886163150359462e-01	   2.5731220964107049e-01	  -1.7627243880596097e-01	   1.2054613730375502e-01	  -5.7068913135309519e-02	  -4.2370904229494155e-01	  -1.7706544524258258e-01	  -3.0170569153664639e-01	  -5.8548749001863326e-02	  -8.2027401540983993e-02	   4.6975177357936023e-03	  -1.8959333227911625e-02	  -5.8784738664251011e-02	   3.3531773036124379e-03	   2.8871771943014440e-01	   1.0112970907562292e-01	   3.8903789601547317e-01	   2.0191259236803649e-01	   4.5661057716028730e-01	   5.2674810249669324e-01	   2.3231739724709949e-01	   1.1783798543870259e-01	   2.5245806625487127e-01	   2.1738786707878963e-01	   3.7898203249876583e-01	   3.4166909345711366e-01	   2.6935882154882951e-01	   4.0235793712659879e-01	   6.1063683496435379e-02	   1.4111563415752282e-01	   5.3333107061704088e-01	   4.6263186307843457e-01	   4.2998610153341871e-01	   3.8617707736804263e-01	   5.0810151121006719e-01	   9.6773143470190837e-02	   1.6868711045343790e-01	   3.4078617764181202e-01	   3.6303751644932392e-01	   4.2097153744754667e-01	   5.3186274474482731e-01	   6.1880594608186412e-01	   1.8734920532176333e-01	   3.5921012293207272e-01	   1.6260476257707487e-01	  -7.9460890102726486e-02	   2.1770875123419153e-01	   2.5316093802049500e-01	   2.2588836057529776e-01	   1.5773135523960452e-01	   4.8268713404818975e-01	   5.7527024894013157e-01	   1.8775127657716706e-01	   3.2947555329013151e-01	   5.8878402120238782e-01	   5.4494308940408143e-01	   6.4836156104354803e-01	   5.4057752628446709e-01	   5.5042738293245030e-01	   6.4965714420163367e-01	  -9.3311822627410404e-02	  -4.7825097551176185e-02	  -1.8671471511419308e-04	   1.4645682902077914e-01	   1.1462668735528098e-01	   2.6627442250179512e-01	   5.7073984802261912e-01	   4.2865923668177863e-01	   4.7031931052088577e-01	   4.9644724208758551e-01	   3.0399455452935303e-02	  -8.9969298610569265e-02	   6.5257703338496301e-02	   3.1178394093663814e-01	   1.2403704091419163e-01	  -1.1855322153654652e-01	   2.1577463962179499e-01	   1.1542181242161061e-01	   3.5540891086718812e-01	   2.3936877090506245e-01	   9.3000995445062240e-02	  -1.2841175831597404e-01	
   3.1802825493543035e-01	   1.2575776082508075e-01	   3.3935243913576496e-01	   4.4979858150766816e-01	   2.0714676632314244e-01	   0.0000000000000000e+00	   5.2096570896694727e-01	   5.6671035432225358e-01	   3.6073926379783261e-01	   9.4450862227288446e-01	   2.7005137270330620e-01	   3.8658327297097499e-02	   3.8145037260841702e-01	   1.5524771693659489e-01	   3.7685984491379715e-01	   1.9361965103490666e-01	  -6.3654225963426750e-02	  -1.0861137106164832e-01	   1.5516381587420316e-01	   2.8741010704193076e-01	   2.5653012347702114e-01	   3.2704308495819268e-01	   2.3117277291016244e-01	   8.0984845165868471e-02	   2.6510394455908215e-01	   4.2931292870991167e-01	   2.2591109172336271e-01	   7.1718606415172381e-01	  -6.1023012755795185e-02	  -1.6006474401402868e-01	  -6.2973404255327284e-02	  -1.0258915821356207e-01	   1.9137673325121388e-01	   2.3679962659719203e-01	   1.4084719508175761e-01	   2.1383604281341997e-01	   1.2462990998760622e-01	  -1.9640031610164608e-03	  -2.3421234913930718e-02	   1.7988076836421042e-02	   2.8770683744476316e-01	   1.4820977969397564e-01	   3.3394238042962870e-01	   3.6271641409185174e-01	   2.8315310545778322e-01	   3.0289072651311433e-01	   2.5365628727054568e-01	   2.6854224511185398e-01	   5.0618349125798145e-01	   3.1114078089928038e-01	   3.4930055564734064e-01	   3.6006752525630414e-01	   3.9023318301735321e-01	   1.7348921714159288e-01	   3.1343440443264980e-01	   1.6299515947639781e-01	   1.4248217151416132e-01	  -3.2476656498143845e-02	   3.4545405606053320e-01	   3.8284367569832400e-01	   4.5400547648185102e-01	   4.1527421315214985e-01	  -6.9462606924637432e-02	  -3.2446099682643260e-02	   2.0375471224305675e-01	   2.0549588295373913e-01	   4.0311095596237889e-01	   3.5568266056228481e-01	   4.8471406364213843e-01	   1.8025024682504953e-01	   1.5375183315709223e-01	  -5.0746475195265761e-02	   7.9416369108255488e-02	  -1.1281333367791391e-01	   1.1189851099297962e-01	  -3.0397762357052879e-02	   2.0099142758233418e-01	   2.7459209617779656e-01	  -5.3029658819158221e-02	  -4.8450149093278085e-02	  -4.6284244500189038e-02	  -4.2112898526833226e-02	   2.3560884993693179e-01	  -6.2352743462395421e-03	  -4.4020364773586423e-02	  -8.0078413088567335e-02	   2.3414988222209199e-01	  -2.7916432702953155e-03	   4.1928680529828932e-01	   2.4547379166373928e-01	   3.1091270056154996e-01	   4.3378340285499595e-01	   2.6336080470993067e-01	   4.0579655192319564e-01	   1.5385293260241448e-01	  -3.3256454425354331e-03	   2.1228825164944223e-01	   8.5110324813077329e-02	   1.1549013909651774e-01	   1.8491035432609074e-01	   2.2170143372454659e-01	   5.1290973721388899e-01	   1.8075586151819006e-01	   2.2975091556517852e-01	   2.6941051379098002e-01	  -2.3665268158074273e-04	   5.0499978791861011e-01	   2.8139398828791851e-01	  -1.2367226448108877e-01	   2.1420629622680462e-01	   4.3050931919660290e-01	   2.5656684100018434e-01	   9.6964750453398932e-02	   1.0876355973116538e-02	   6.5295929989997170e-03	  -1.2202101689669334e-01	
   5.9223369385699676e-01	   3.2490409404136611e-01	   9.7011811963919559e-01	   6.8839435937596960e-01	   7.3076378638345685e-01	   5.2096570896694727e-01	   0.0000000000000000e+00	   9.3360498285302052e-01	   6.6263298950423088e-01	   6.5775300635004152e-01	   6.2665605364202992e-01	   2.7201442701977663e-01	   7.4798052871613052e-01	   2.5977818400831054e-01	   7.3653599915088752e-01	   6.2564068960144681e-01	   3.1892193082284759e-01	   9.3396002277778251e-02	   6.8723794954262696e-01	   6.9143407940740775e-01	   1.1294789241267472e-01	   3.2396582801612211e-01	   6.3166113959152037e-01	   3.9293180035459208e-01	   2.1444192980096816e-01	   2.7556762210687158e-01	   1.9911058556297145e-01	   4.7734433775322305e-01	   3.9165423738116212e-01	   1.9056557717920267e-01	   4.4395394406130395e-01	   4.3217017962196991e-01	   7.8568504567355357e-01	   7.5668118415810237e-01	   2.4572249898377202e-01	   1.1126232855236082e-01	   2.8821321474506192e-02	   8.7907927187042739e-02	   1.6632404088262054e-02	  -9.1299360933349130e-02	   1.0058694982212045e-01	   1.9956868151377863e-01	   1.8144676045534611e-01	   1.1945883581490628e-01	   1.7766967414423121e-01	   1.3085899353034247e-01	   1.5339167387691532e-01	   1.8207149959569607e-01	   3.2460931422858885e-01	   1.1300327386429795e-01	   2.9866198177850217e-01	   1.9615227009759947e-01	   3.3869608713595950e-01	   3.1372612077344170e-01	   2.5980981201916009e-01	   1.9743100089408677e-01	   2.2591499217209304e-01	   1.9171736217450827e-01	   4.1933749056162706e-01	   2.0745919992606621e-01	   4.9816652713231291e-01	   3.9035153420017177e-01	   3.1701654030865400e-01	   3.4253513286558546e-01	   5.2686548641391240e-01	   3.1100263955635327e-01	   4.9217574247515750e-01	   3.3292092090529296e-01	   5.5090528811900152e-01	  -3.4649465684737928e-03	   2.7336504755343072e-01	   2.9869466221022417e-01	   4.5307597472675609e-01	   3.2808288959037196e-01	   4.3602171759687253e-01	   3.6591208277893750e-01	   4.4656772087360774e-01	   3.9718232468585030e-01	   2.2583852960246273e-01	   1.3893676058380561e-01	   3.5837716776814232e-01	   3.5878528354916217e-01	   5.6423065262766503e-01	   3.9515986611297083e-01	   4.8498619461534198e-01	   3.9106522804292859e-01	   3.0118774980373653e-01	   2.6116088754638062e-01	   6.2583613951256734e-01	   4.4155380957898260e-01	   4.5047513825257246e-01	   7.0213485019714406e-01	   3.1486931027632009e-01	   6.4462004861166067e-01	   8.2537572475754481e-02	   3.0561470506538624e-02	   1.7088317050634111e-01	   1.9119544059506571e-01	   2.2894729424042942e-01	   4.5724793292534216e-01	   3.1663790441144291e-01	   6.7828816489748933e-01	   3.4542007066450203e-01	   5.9710197297581769e-01	   1.4901527696623543e-01	  -1.1535601904346270e-01	   1.8338938608734823e-01	   2.8213266072202470e-01	   8.5280495374951387e-02	   1.1201266095255390e-01	   2.6812746234361784e-01	   3.7147828007613132e-01	   4.2591571150800628e-01	   2.9448366495336026e-01	   1.2705898291548758e-03	  -1.6469224704658955e-01	
   5.5460304860047938e-01	   4.0517436568444343e-01	   5.8866546539759035e-01	   9.8874967185784068e-01	   7.2581029142424591e-01	   5.6671035432225358e-01	   9.3360498285302052e-01	   0.0000000000000000e+00	   6.4617072261555630e-01	   8.9508819847677579e-01	   3.9825085199890786e-01	   4.6239506592782609e-01	   4.6636617355646381e-01	   3.3262894053070829e-01	   4.0392112332722896e-01	   4.6873992263385128e-01	   2.8229764231691923e-01	   5.4348179997558220e-02	   6.1151245511456975e-01	   8.7291475532767526e-01	   7.9038516008655718e-02	   3.1469255806350172e-01	   4.2345637958942495e-01	   3.5641733261367253e-01	   2.3819940564386166e-01	   3.4182824852143467e-01	   2.6440123475176169e-01	   4.8098284095602006e-01	   1.9996289190370539e-01	   1.1259731907315278e-01	   2.4111856084806010e-01	   3.4025912089979915e-01	   6.7943326580988173e-01	   8.1597819640531077e-01	   2.8160520604469191e-01	   2.6339969285434661e-01	  -1.4026400387302390e-01	   3.5531856390347769e-02	   6.9487874475412048e-02	  -1.6251640188423516e-01	   2.6509922085564564e-02	   6.8343336540045430e-02	   1.1114128756033624e-01	   7.3569471880514534e-02	   1.8812427880417515e-01	   1.8137807138659109e-01	   1.1826708152429316e-01	   1.9307413273356880e-01	   3.6014954995568271e-01	   2.6607965549413204e-01	   2.6526682439727334e-01	   3.7831994694833077e-01	   3.6025263411074326e-01	   3.9315953713393931e-01	   3.1446496562996185e-01	   2.7913095893200912e-01	   2.9469164591561925e-01	   1.7124196773540512e-01	   3.2623212682838371e-01	   4.1467437976677379e-01	   3.8853731869423991e-01	   6.4578914965185441e-01	   1.0713092375802355e-01	   2.6883827384782832e-01	   2.6204394291978805e-01	   4.4813671507197217e-01	   3.8982128374567743e-01	   4.0937456418809076e-01	   5.9611402482403053e-01	   8.4280470771411195e-02	   1.3875162268737845e-01	   1.0517838064097587e-01	   4.1594150856625661e-01	   2.9258221314173105e-01	   4.2131037795324466e-01	   5.5263380913658422e-01	   2.9465908172738137e-01	   3.8986446638052147e-01	   1.4652516995533424e-01	  -9.6719345766515166e-03	   2.5138617885038078e-01	   2.3178321771051691e-01	   3.5818733308081974e-01	   2.2576080814118688e-01	   2.2665508595704503e-01	   2.2682449599688978e-01	   2.8295308349256498e-01	   1.2341676990451333e-01	   5.0118776535739784e-01	   4.4559949196052273e-01	   8.5386244386732824e-01	   5.8205511200960003e-01	   5.4142391076608487e-01	   4.9606930484551204e-01	  -1.0419106599936577e-01	  -1.1219155050144942e-01	   7.7081255777495722e-02	   6.9808497379377374e-02	   3.3356264833374405e-01	   3.8507581276234354e-01	   5.9880185576386613e-01	   5.3261660603835170e-01	   4.4693097753916050e-01	   4.6137668882078775e-01	   1.2980375283746637e-01	  -1.4929980762390893e-01	   2.9140255174607765e-01	   2.3693274867736178e-01	  -6.9432705366710049e-02	  -1.4985954524076586e-01	   3.1068943519516173e-01	   3.5880779430262882e-01	   4.1837771490607079e-01	   2.0657709539087368e-01	   8.6012657769518275e-02	  -9.8471434342507158e-02	
   5.5060699001085545e-01	   2.9463902647864837e-01	   3.7298306318902325e-01	   4.0883489122634503e-01	   8.7168956458899971e-01	   3.6073926379783261e-01	   6.6263298950423088e-01	   6.4617072261555630e-01	   0.0000000000000000e+00	   6.3957735801250404e-01	   3.7801859959578088e-01	   3.9065955736476821e-01	   4.3701361968930574e-01	   3.5816331788579331e-01	   3.2262619248767205e-01	   2.8202396309861022e-01	   2.2194814907813970e-01	   7.7024456219164364e-03	   3.1735798708814100e-01	   4.1100965418864238e-01	   7.0813832035063709e-02	   2.0638795288899378e-01	   3.0017230795661554e-01	   2.5339454726102045e-01	   1.0664476773394348e-01	   2.0293813765070468e-01	   5.4134242766814236e-02	   4.4303321220310266e-01	   1.4319362911922967e-01	  -2.2499389019417525e-02	   3.3069118475194857e-02	   1.0191306577554020e-01	   2.4457628792405184e-01	   2.4697577869660170e-01	   5.2593306084586164e-02	  -2.1591450552229705e-02	  -2.2897292155521604e-01	  -9.4303328823356819e-02	   2.8232066638580976e-02	  -4.0998486522517424e-01	  -1.6508759579791371e-01	  -2.2888072440650725e-01	  -1.2174240107979527e-01	  -4.6253402894181270e-02	  -1.9123761268272102e-02	   5.1093324813235370e-02	  -8.8470656328297648e-02	  -6.0276395405158507e-02	   2.8767540109781142e-01	   1.6323918310512658e-01	   2.6539565254962744e-01	   2.1997065639300131e-01	   2.8886086473319550e-01	   3.0684980935328654e-01	   1.1764576477063456e-01	   6.9424238047069320e-02	   2.4890829979088103e-01	   8.7535641506409995e-02	   3.7926555230682241e-01	   2.0201122069909258e-01	   3.5364757893909671e-01	   4.4992815412843984e-01	   2.0980840966637989e-02	   2.0725429960195924e-01	   2.2663713497824650e-01	   2.1373488889755080e-01	   1.9479997365689561e-01	   1.4146470898294897e-01	   4.4966271062787910e-01	   8.3344819279301416e-02	   7.5235825080506247e-02	   9.2520719970411378e-02	   2.4487912015785374e-01	   2.4466720169579914e-01	   3.4814670512399071e-01	   3.5444537810037702e-01	   9.6029331906726856e-02	   1.2848637346654657e-01	   1.6063595872472508e-01	  -4.0735425275261965e-02	   1.0642025665123948e-01	   1.6671020310447388e-01	   1.8046607216653796e-01	  -1.9455110776393763e-03	   1.2921093106775672e-01	   1.5649836972884007e-01	   1.2547968896554268e-01	   3.8391783435896908e-02	   3.3365099560302086e-01	   3.5785984871623905e-01	   3.5642815062963606e-01	   2.8896623664639465e-01	   2.7803295421210394e-01	   4.5548799875282531e-01	  -1.5022957417254337e-01	  -5.2364976710121490e-02	  -2.2208657408785401e-02	  -1.8352726714731954e-03	   2.2993617997019513e-02	   1.2482831515912204e-01	   3.9261166837680317e-01	   5.9548868268416144e-01	   2.0551907853910437e-01	   2.9375988408357540e-01	  -8.3419560293118977e-02	  -2.5748635523736019e-01	   2.3294390580346824e-01	   9.5569677688487384e-02	   4.7120717845730145e-02	  -1.5399112538795115e-01	  -6.5558591299859281e-03	  -2.8319335173396645e-02	   3.0192007734589360e-01	   1.2137328112827860e-01	   1.5402752065618626e-02	  -8.6090918545622327e-02	
   4.1017617628946235e-01	   2.3410373302023599e-01	   4.2167308211565097e-01	   6.7953578442338880e-01	   4.8362035899510719e-01	   9.4450862227288446e-01	   6.5775300635004152e-01	   8.9508819847677579e-01	   6.3957735801250404e-01	   0.0000000000000000e+00	   4.0362038687677143e-01	   3.1986053606335030e-01	   5.7027404077626520e-01	   4.1642658741422778e-01	   3.8630833810676890e-01	   4.0760956608744175e-01	   1.0226160097631259e-01	  -1.2723788814057840e-01	   4.2204610761349287e-01	   5.0613944989960324e-01	   1.3293983580005109e-01	   2.8236497746686995e-01	   3.5637097666680650e-01	   2.8742245680583572e-01	   2.6864966891256820e-01	   3.5463863274091717e-01	   2.5628762830991647e-01	   5.8108998335873008e-01	   1.0218217029785126e-01	  -5.7496751974124530e-02	   8.5287756466966846e-02	   7.9264099118202938e-02	   3.5982156263117759e-01	   4.7944798224483182e-01	   2.0453095713450228e-01	   2.5447562953428821e-01	   3.8927908941018670e-02	   1.3976748570293243e-01	   9.1127034545782748e-02	  -9.1367333429005146e-02	   5.0471437525285795e-02	   3.5665920100584982e-02	   1.9968142670584527e-01	   2.3517949180564912e-01	   2.3234934744130298e-01	   2.6205091706215661e-01	   1.8261413503513321e-01	   2.4473953811191357e-01	   4.6650590572664169e-01	   2.9804263718886465e-01	   3.6935858179311354e-01	   3.9285974636514720e-01	   4.0110148781806776e-01	   2.3096855773685196e-01	   3.4560435228998704e-01	   2.7356006630165242e-01	   2.3039259090210590e-01	   9.1726491818990188e-02	   4.7855465182735957e-01	   5.2548495971235365e-01	   6.0653294631891541e-01	   7.9654004233208353e-01	   2.1761629294141983e-04	   1.5909699929776266e-01	   2.4839925284247988e-01	   3.5499544715378195e-01	   4.6251335611230254e-01	   4.1540538437605257e-01	   6.0928212240251556e-01	   1.7612604458283693e-01	   2.4850307471341304e-01	  -3.3985651870692926e-02	   3.1792555903083303e-01	   9.2953409072597873e-02	   2.8753190558010344e-01	   2.1541334093975095e-01	   2.1510654742852453e-01	   1.4008616395276099e-01	   6.7299579717853102e-03	  -7.7377482669583761e-02	   6.4266576878851622e-02	  -1.3473567699695800e-02	   2.4958949812955661e-01	  -4.5394802307627533e-02	   7.1011194521585136e-02	   9.2786861860288446e-03	   2.1531386248047568e-01	   3.6626265384214804e-02	   4.9342664966032307e-01	   4.5892289764261013e-01	   4.9836843543806708e-01	   5.2241819275734203e-01	   3.4483242028056232e-01	   5.3925394433161589e-01	   1.2343005166441035e-01	   2.8697100646895218e-02	   2.3350481650562971e-01	   2.0821134286340881e-01	   2.1525058630326049e-01	   2.7735227123186201e-01	   5.5635027873469567e-01	   6.4110657580540742e-01	   3.5116295651779661e-01	   4.6621901090020068e-01	   2.8291059120733048e-01	   2.1340838277092395e-02	   3.5785925915037431e-01	   2.9102882778093181e-01	   5.6439695700714762e-02	  -2.4154360358652247e-02	   3.4047036128936115e-01	   2.8177564978981073e-01	   3.2830093671654448e-01	   1.4397862838399847e-01	   2.0523615340981374e-01	   8.6188677064070435e-02	
   8.3406959287778459e-01	   5.5758790138635117e-01	   1.9897925596479946e-01	   1.4685583235401745e-01	   2.8379640711506043e-01	   2.7005137270330620e-01	   6.2665605364202992e-01	   3.9825085199890786e-01	   3.7801859959578088e-01	   4.0362038687677143e-01	   0.0000000000000000e+00	   7.9331496874063112e-01	   1.0033051768379038e+00	   6.2496938558089510e-01	   5.8953039044839095e-01	   7.1951843448838282e-01	   7.1435078815347230e-01	   5.2833515063516034e-01	   6.3876776840860505e-01	   3.2464263963088147e-01	   1.4281429027837422e-01	   2.0784199428419220e-01	   2.2607196054010623e-01	   2.0307751143062891e-01	  -1.0687426707002370e-01	  -5.9885810570443711e-02	   9.4229223268641624e-02	   2.7950518163516358e-01	   9.6253860230037702e-01	   6.8144412922759623e-01	   2.5033375196363816e-01	   2.9055828896625868e-01	   6.0104157378437439e-01	   5.5009860881755723e-01	  -2.7455163075193922e-01	  -3.7757537116228712e-01	   2.2743166428631700e-01	   4.6894054069407587e-01	   2.8573675279324745e-01	   1.3690569492854718e-01	   2.2044905414334162e-01	   1.3153525799073296e-01	   3.6477071291435473e-02	   9.5072349772178405e-02	  -2.5631870872825702e-02	   7.0857789630091178e-03	   1.8930269646322909e-01	   1.6671338300692648e-01	   1.2935911272564438e-01	   1.0270346246605445e-01	   1.6597085358986946e-01	   2.3297308953120904e-01	   3.8322820657704337e-01	   1.8614347978691412e-01	   3.7938767075101754e-01	   1.4766807062630094e-01	   5.2869962727396258e-01	   4.5513291788272481e-01	   4.3522660739126601e-01	   5.1946450152161663e-02	   6.8575425535672585e-01	   4.8326073132539699e-01	   6.7778225811469461e-01	   6.9540915760933375e-01	   1.0613938975828996e-01	  -5.6024211547041104e-02	  -5.3014629109893005e-02	  -1.4775725868379536e-01	   3.8051493496656347e-01	   1.3123268667298291e-01	   6.6896849014831927e-01	   3.0904316735393073e-01	   6.7392995956033752e-01	   4.7984495109142089e-01	   4.9660558138331207e-01	   4.8591511271246468e-01	   5.9108402328826193e-01	   3.3178945459088277e-01	   6.3412405807435235e-01	   6.4008920324657015e-01	   6.8898185017127878e-01	   6.4529595080130941e-01	   4.8253849972946755e-01	   4.7380549897990720e-01	   4.3593624852140267e-01	   3.6588628984139898e-01	   1.5558923092787644e-01	   1.8145151151210226e-01	   3.0942083469128467e-01	   3.4042136599989947e-01	   1.8102215591289600e-01	   3.0035184051385733e-01	   1.4944764402591434e-01	   2.6231263276283556e-01	   1.1791359354926280e-01	   1.8267957300001600e-01	   4.2281553388513116e-01	   3.7537975004545343e-01	   4.2643125415155092e-01	   4.8976867003082564e-01	   2.6691624231401556e-01	   4.8203448655038150e-01	   3.5343050938036080e-01	   6.0669685053819189e-01	   3.9368889638929111e-01	   1.6736449917071866e-01	   6.0584390282281117e-02	   1.8825523612987574e-02	   1.0929573979702942e-01	   2.6341293575094393e-01	   8.0645787784468986e-02	   4.6231666407614597e-01	   4.9902444284731440e-01	   4.4588855359573387e-01	   5.1515510998075453e-01	   3.5011556011145289e-01	
   7.6277815656204973e-01	   7.2296421901092500e-01	   1.1176177270887594e-01	   1.6114047441760415e-01	   3.9574159791931479e-01	   3.8658327297097499e-02	   2.7201442701977663e-01	   4.6239506592782609e-01	   3.9065955736476821e-01	   3.1986053606335030e-01	   7.9331496874063112e-01	   0.0000000000000000e+00	   5.6934934133762949e-01	   9.2531221698299237e-01	   3.8858812402333975e-01	   8.0868520476476879e-01	   5.3410132465739668e-01	   3.7528452036100840e-01	   5.5926578372657842e-01	   4.0761978569050367e-01	   1.3245694080164072e-01	   2.3281640644877172e-01	   1.5539963596503126e-01	   2.4435990610965219e-01	  -7.8892091409200102e-02	   1.7542996251496985e-02	   8.3847238773138544e-02	   2.3409351861362801e-01	   6.6910623124166801e-01	   6.5123186764481233e-01	   3.3265530812027144e-01	   3.9904623768617498e-01	   4.6383487393610467e-01	   4.8561180136817717e-01	  -1.9369102907491859e-01	  -2.2903767729858837e-01	   1.3056058887955526e-02	   4.6850419149458000e-01	   2.9793804743944491e-01	   9.1120466841479841e-02	   7.7509674196824044e-02	  -1.4652397667856540e-02	   4.6705623703071436e-02	   1.1389283777654854e-01	   4.1801633242984568e-02	   9.0704697398827500e-02	   3.0909303342197697e-01	   2.7284912537366851e-01	   3.0002884562811888e-01	   3.2926134892055059e-01	   3.8974510180988137e-01	   4.6696857692858712e-01	   5.4397409183832346e-01	   4.0743709732971228e-01	   5.6597539227035631e-01	   4.5315465008290801e-01	   5.6189610487050645e-01	   4.5766416461048898e-01	   3.4775011526362892e-01	   1.4097676390329439e-01	   4.7188633655211287e-01	   4.2883804586400526e-01	   4.4120701821180486e-01	   5.7248003389053448e-01	  -5.2239907490663290e-02	  -4.6666812851534872e-02	  -1.7050166724916085e-01	  -1.1905835314044834e-01	   3.7080173695735769e-01	   1.9492477252701085e-01	   3.5424973941335330e-01	   1.8351407730883434e-01	   6.5807516372481978e-01	   6.9262440911657697e-01	   5.7344336875747215e-01	   8.0232326008045418e-01	   4.6384465319279777e-01	   3.5441198838898180e-01	   4.4896970859990287e-01	   2.2328901493550260e-01	   4.3778667717679892e-01	   4.9093959973056339e-01	   2.8226080030113360e-01	   4.3921247464323843e-01	   3.1203176745714883e-01	   3.3820672667967272e-01	   1.1781438156296481e-01	   8.4598490018097217e-02	   1.4380223899896916e-01	   4.2509350793987921e-01	   3.7652253940917291e-01	   1.2272813530582902e-01	   1.9556907108050092e-01	   2.7383295290818555e-02	   2.1347832202704468e-02	   9.1026265538563994e-02	   4.1251394437103850e-01	   4.0037105298559478e-01	   6.8339712526805929e-01	   5.5720415196909279e-01	   5.4231125727121232e-01	   1.2829410134911254e-01	   4.5172811757882708e-01	   2.3666315529856216e-01	   2.2212916671257737e-01	   1.8763878605147232e-02	  -1.6664250418614784e-02	   5.8614750958406694e-02	   4.7143954836966873e-02	  -1.6007808303557577e-02	   1.0829360387948384e-01	   3.6802482402671571e-01	   5.0840249112007474e-01	   4.1074641773355774e-01	   4.8268602251315529e-01	   2.4462252541614313e-01	
   6.7163203451552400e-01	   5.0757344777275315e-01	   4.8030045314908287e-01	   3.7718931024197877e-01	   4.5356915868098513e-01	   3.8145037260841702e-01	   7.4798052871613052e-01	   4.6636617355646381e-01	   4.3701361968930574e-01	   5.7027404077626520e-01	   1.0033051768379038e+00	   5.6934934133762949e-01	   0.0000000000000000e+00	   7.8867759425247952e-01	   9.4772962565451102e-01	   9.3429345945315512e-01	   4.7630177118179640e-01	   1.7274631215490865e-01	   6.1268806092997963e-01	   4.1397378210123609e-01	   1.9315223631973222e-01	   3.1041589683395066e-01	   5.5469421169095234e-01	   3.5810938487450794e-01	   2.2895312132659071e-01	   2.4680127460194445e-01	   3.2212939864016876e-01	   3.2133861734265046e-01	   6.4361944650820802e-01	   4.3617423260007060e-01	   4.6867226632059872e-01	   4.2371152510784404e-01	   6.4404099762971379e-01	   6.8264937797640191e-01	   1.1793282130134712e-01	   3.2060028707439181e-02	   2.7235230830108309e-01	   5.1090462081508170e-01	   3.6394804393310437e-01	   1.2184370400443480e-01	   2.3243541316807198e-01	   2.6409190335031768e-01	   1.5086549178518413e-01	   1.8932760681463104e-01	   9.9123628178009501e-02	   9.6597960631905178e-02	   2.2518954465405069e-01	   2.7851152696300641e-01	   3.0691554472741578e-01	   2.1286259292576248e-01	   4.7523579280551714e-01	   3.5976342793106630e-01	   6.3176726891520074e-01	   4.1175753733851161e-01	   5.6214382668072405e-01	   3.0012265712720948e-01	   3.4261641506397322e-01	   3.0789787724675044e-01	   4.3639413100227981e-01	   1.7897127341451652e-01	   6.2707507029937104e-01	   5.6349307258651526e-01	   3.5704133605298416e-01	   4.7374822500401864e-01	   4.0520816402941839e-01	   2.4331879168260367e-01	   2.3328583034975497e-01	   1.6702557679344340e-01	   6.9565830029512876e-01	   6.8432218887458138e-02	   4.8538541307913829e-01	   3.3114285004581695e-01	   6.7207512076299780e-01	   4.8401387688487163e-01	   6.0422974359570147e-01	   4.7949273065190756e-01	   6.4670959817121421e-01	   4.3808827436939279e-01	   3.9481222464654914e-01	   3.5538999413374989e-01	   5.6867800166110460e-01	   4.8046115127309308e-01	   6.1123561543014548e-01	   4.3312784698754514e-01	   6.3951286284696318e-01	   3.9788865859570999e-01	   2.8243103205452463e-01	   1.6749217319785409e-01	   6.4702137003096694e-01	   4.7865571462674950e-01	   4.2606219963269953e-01	   4.5494539868080114e-01	   3.6335988204939762e-01	   5.1646471343829181e-01	   3.3062702265111238e-01	   3.1717531488240375e-01	   5.3769781465668331e-01	   5.6678014893507345e-01	   3.9686483652773608e-01	   5.4894621956549305e-01	   3.0509243211288006e-01	   5.8266976793170655e-01	   3.6675397146338179e-01	   5.5208353918398112e-01	   4.8920006723901505e-01	   2.7894613346763153e-01	   7.7283712877756497e-02	   3.1216875639775360e-01	   1.1900844575369844e-01	   2.0291388014032727e-01	   3.0231238940173305e-01	   5.0097701645629078e-01	   4.4012684433892169e-01	   4.3885611989423651e-01	   4.7923098148209697e-01	   1.9774396620590093e-01	
