   0.0000000000000000e+00	   9.2283975195430823e-01	  -9.9185013251208196e-02	   3.5426443157514897e-01	   1.3888170648309442e-01	   6.2957326619342641e-02	  -1.6490346195160629e-01	  -2.7614108550998318e-02	  -1.8126514170242281e-01	  -5.6632983416258637e-02	   4.2059325435707134e-01	   2.8062522274879775e-01	   5.0974054135007707e-01	   4.7565229281837623e-01	   3.7384125787325567e-01	   2.1874649442837665e-01	   8.5685544641613365e-01	   7.2081699221030626e-01	   9.4646389091230942e-01	   8.1353338406059172e-01	   1.9767100597605125e-01	  -1.1249181784987048e-02	   1.2218943948905844e-01	   1.7246059748413155e-02	   2.2812547697509938e-01	   1.4489930095768552e-01	   3.2078802964943959e-01	   2.5549409164733777e-01	   5.2192816154598187e-01	   4.6435166457803445e-01	  -2.4904222333707354e-01	  -1.9251092082625423e-01	   4.5191143645093201e-01	   2.9893062916586427e-01	  -4.7456476070377993e-02	  -6.7213336683329725e-02	   2.5316887098871865e-01	   7.6230257534410067e-02	   3.0955673853150095e-01	   1.6277151740712387e-01	   1.9593063968123731e-01	   1.4541003275191139e-01	   2.8401459312776528e-01	   2.3906423199218346e-01	   2.6858095213100042e-01	   2.7296144229586000e-01	   3.0512534427655552e-01	   2.6418075193594576e-01	   3.9477069453692698e-01	   3.0255606208842611e-01	   5.1022393747121386e-01	   3.3590725079679462e-01	   3.6705291621376140e-01	   3.4039979747992943e-01	   4.0938203002180706e-01	   3.6284626004146348e-01	   1.3818680744863665e+00	   9.6767881877720208e-01	   5.0850458047391323e-01	   4.6358771102691476e-01	   4.4241473768010009e-01	   1.0888095437291680e-01	   7.7812417639483844e-01	   4.5487242880918355e-01	   7.7246758765281559e-02	  -8.5382824702366023e-02	   3.4185616904467631e-01	   3.1840482980783463e-01	   6.4777038866030334e-01	   5.2256085772887673e-01	  -2.8350630032235241e-01	  -4.5207926661040415e-01	   7.7540603124706550e-02	   9.9179660848879400e-02	   1.0750341263943204e-02	   2.9001405344855805e-02	  -6.4489340605806675e-02	  -1.2930641065597902e-02	   6.4953273701894065e-01	   5.2262798055392956e-01	   8.6320051280918042e-01	   7.8079844131407816e-01	   7.1154746841943461e-01	   5.5306932446936297e-01	   4.3019667520508414e-01	   5.6233289865273850e-01	   5.7948815715068347e-01	   4.1775103741194397e-01	   5.0627434947831429e-01	   4.8155950390978131e-01	   1.3980423782690132e-01	   6.4433860610786362e-02	  -1.3049074526018825e-01	   8.3689136811592041e-02	   1.3241159373927491e-01	  -3.8235203692537863e-02	   2.6834008042604224e-01	   3.0702799892267441e-01	   3.5215294789127538e-01	   4.8214490807783195e-01	   9.6555693897701425e-02	   2.9459597868841386e-01	   2.7581339919885972e-01	   4.5322798293395722e-01	   2.0007741958204886e-01	   1.1731513966634337e-01	   3.8363603410078284e-01	   3.2467041760140863e-01	  -1.5916165971073931e-01	   2.8225492666348861e-01	   3.6147466999803968e-01	   2.1178366752354597e-01	   5.6358998237351007e-02	   3.1279410108476152e-01	   3.3525806955612872e-02	  -7.2748479152401471e-02	
   9.2283975195430823e-01	   0.0000000000000000e+00	  -5.6351833226620747e-02	   2.8895269364172615e-01	   6.0191342829045980e-02	   1.3751550794887477e-02	  -2.3832173236966769e-01	  -1.2691931085899646e-01	  -3.0767532654972163e-01	  -7.3369190763630271e-02	   8.6900727462524627e-02	   5.7612714652205049e-02	   1.0671495049846250e-01	   2.9588178633412004e-01	   3.3210212446517690e-01	   2.7196236844388155e-01	   9.8993512024080010e-01	   1.1076798319185008e+00	   7.5503052240365820e-01	   9.6799520115201088e-01	   2.4597436176412063e-01	   9.2802432503632917e-02	   3.6394258140643211e-02	  -5.2163016710505911e-02	   2.9149209145189287e-01	   2.1944585071846959e-01	   3.0468091552941123e-01	   2.7240385844646126e-01	   3.6117305678080619e-01	   4.3856247060950448e-01	  -1.2672455030805782e-01	  -9.8888568512500774e-02	   5.4231266651782639e-01	   4.1417401286561062e-01	   4.3352121063839552e-02	   4.8028559769555459e-02	   2.6431178506034730e-01	   2.1087209907956639e-01	   5.0847533011524937e-01	   4.3225178642084577e-01	   2.0495702019248033e-01	   2.4893589497176477e-01	   6.2110703457886196e-01	   5.8986840926802531e-01	   6.2496275510556132e-01	   5.8689859060182326e-01	   7.5066139288747569e-01	   6.4394346326616814e-01	   4.2518586974076805e-01	   3.6612452932269224e-01	   1.9665990454350568e-01	   6.8501275574140583e-02	   4.3450497419508502e-02	   4.5748087673689479e-02	   5.1499774028090706e-01	   5.2021027553208876e-01	   1.1949618267444642e+00	   1.2231476915334156e+00	   1.3335335435589896e-01	   1.9490796315006287e-01	   1.7945197914941428e-02	  -1.9039574551772348e-01	   3.6492595707828285e-01	   2.2105931563237446e-01	   9.4122194741942999e-02	  -8.6824502467431341e-02	   3.7538490756690934e-01	   3.8424395903475939e-01	   7.0151498537140644e-01	   6.4484988209028093e-01	  -3.2903119964746896e-01	  -3.8781524491223435e-01	   9.8518150007063335e-02	   3.1549796809544028e-01	  -2.1879767987897092e-02	   2.9400569076207778e-01	   8.2270758096415125e-02	   1.8673853886647024e-01	   9.8163904071184649e-01	   8.1775371525980289e-01	   8.3721170766740372e-01	   6.7051596862221330e-01	   4.8268413008461797e-01	   5.4280458445763735e-01	   2.5841454631735816e-01	   3.5745357766898683e-01	   3.7423570768801612e-01	   2.7728030719588104e-01	   2.3328380504151661e-01	   2.4299596975646620e-01	   4.1719405435338384e-02	  -9.6508418267547594e-02	  -1.9844035808124136e-01	   2.4535310117785758e-02	   5.5121552134495218e-02	   5.7014259152847205e-02	   5.7400528410128215e-01	   5.0837066434233402e-01	   5.0981230052638704e-01	   3.5021280339609817e-01	   1.1615343161355440e-01	   1.4574490520677030e-01	   2.0788240683068654e-01	   3.5562637534404590e-01	   3.8673221351071124e-01	   2.0401980698986549e-01	   4.7721307991058182e-01	   2.6355984659486603e-01	  -3.4530199025426400e-01	   2.2692318977699463e-01	   6.2859225523632478e-01	   1.9761347118048062e-01	   9.7793936286322131e-02	   2.3830817686779188e-01	   4.9981663017594505e-02	  -1.6080163701593314e-01	
  -9.9185013251208196e-02	  -5.6351833226620747e-02	   0.0000000000000000e+00	   2.2198579381470204e-01	   6.9708980067478932e-01	   1.6201873919315812e-01	   9.4681254825758898e-01	   2.5342940498103200e-01	   7.5578920676190708e-01	   2.3447238064343082e-01	   2.6657951826664117e-01	  -2.9003342829409928e-02	   2.2849640048090950e-01	  -1.9259785033508468e-02	   8.7089121806812261e-02	  -1.4071983645329453e-01	  -2.3801056117361562e-02	   4.2423248223813756e-02	   2.2690826503777750e-01	   1.4247122762312799e-03	   2.9641152370534507e-01	   2.6647771482812249e-01	   2.8765637095254182e-01	  -5.8445302219662973e-02	   1.0121986325933936e-01	  -6.6153571043375214e-02	   2.5478226399097426e-01	   2.3247330698456847e-01	   2.5343691055565926e-01	   1.2008289588570538e-01	   3.1832695130566091e-01	   8.2712488005888152e-02	   3.0464431396109659e-01	   2.0170718611777258e-01	   2.7036270640619886e-01	  -4.9010769023591465e-02	   2.5219065886303460e-01	   3.6538916098856267e-01	   3.6584559842361014e-01	   3.8868728034133682e-01	   1.7311903312385954e-01	   8.7455089242821041e-02	   7.2480577325433421e-02	   6.3640596963965471e-02	   3.2217442236084408e-02	   2.4399104229098186e-02	   1.1746179256546420e-01	   1.0999218041676094e-01	  -3.1370031544564643e-02	  -6.0388634963792313e-02	   4.9952819552335562e-02	   1.4805315057445975e-01	   1.5884397386267099e-01	   1.0182158673462713e-01	   3.2249033748888123e-01	   2.6417514966173244e-01	  -9.6120025779501378e-02	   1.6835124188123232e-02	   7.9198061070266501e-02	  -3.3088333079633707e-02	   1.2526924938349490e-01	   6.3250469840336790e-02	  -5.4514900003242737e-02	   5.2689925463918479e-02	   3.0041697962182634e-01	   1.4118848162681077e-01	   3.4036237255558144e-01	   1.1382442646241822e-01	  -2.6147156919709109e-02	  -9.8243042486403920e-02	   4.5737655860276927e-01	   2.3652876350616803e-01	   1.0771817121207816e-01	   7.8899511699243952e-04	   2.6995401717109197e-02	  -1.3242820838593827e-01	  -4.9793405514893162e-02	  -2.0341875879769603e-01	  -6.1803834059114368e-02	  -2.7343262564986370e-01	  -1.5727279505739411e-01	  -2.1755770863571997e-01	  -1.6364142155943157e-01	  -1.0579911019076481e-01	   8.8992255429563266e-02	  -1.1232369796225344e-01	  -1.4250685598477120e-01	  -1.0580117087775734e-01	   3.3438594640911590e-01	   1.3724546381725533e-01	   3.5749067345164136e-02	   2.2710443279781051e-01	   2.7913876351429837e-02	   2.7897824553739858e-01	   1.8270621443767984e-01	   2.6361735407789910e-01	   3.9207642909399620e-01	   3.8328455786619270e-01	   1.8628288117507208e-01	   2.3022495100952642e-01	  -3.4278557670245312e-02	   1.5113537097407215e-01	  -6.7331240021797842e-02	   8.6030871521435667e-02	   2.5985009907519652e-01	   3.5339097031816086e-01	   1.3220872225930486e-01	   5.8750262380537575e-03	   1.9119445137378083e-01	   1.7679149339869721e-01	   3.6780977067354920e-01	   1.5765014304206881e-01	   2.2203770018408051e-02	   1.8484573975529661e-01	   2.5300618169167777e-01	   1.0453723275422463e-01	
   3.5426443157514897e-01	   2.8895269364172615e-01	   2.2198579381470204e-01	   0.0000000000000000e+00	   4.2007962563490964e-01	   4.9492806394113953e-01	   4.3744721531021054e-02	   6.0509482931304570e-01	   2.2102880675462518e-02	   4.1010165641296020e-01	   1.0476824114396856e-01	   1.3228115074692359e-01	   1.9930537432645293e-01	   2.6070707465513798e-01	   1.2718220242703931e-01	   3.8830085888586341e-01	   1.5218001692095626e-01	   4.3721593512249878e-02	   4.6244843923275142e-01	   5.1044363712906082e-01	   1.9924503259899817e-01	   3.1158861891493833e-01	   4.6822353041473519e-01	   5.0983898789722804e-01	   5.0088645576878110e-01	   3.6227514679497946e-01	   4.7076072326367979e-01	   5.8644816235338204e-01	   2.5170032897897709e-01	   2.8181164063087483e-01	   2.6239169422358366e-01	   3.2571188913737403e-01	   3.6919383841733777e-01	   4.4403933228039966e-01	   4.0937832734479757e-01	   3.5433108334503383e-01	   3.5585565052202783e-01	   2.6306784198732902e-01	   2.9686299974494468e-01	   3.3729166824590351e-01	   2.6224184748413171e-01	   2.7678382351633524e-01	   2.2121075044462521e-01	   1.6313057355916441e-01	   1.3277010698988870e-01	   1.9178927215099048e-01	   1.7753180922582884e-01	   1.4150010681395433e-01	   1.1997144020623851e-01	   1.2346373653215943e-01	   1.9223481633851366e-01	   1.7216354428635178e-01	   1.7795760609981792e-01	   1.9898287175496976e-01	   2.3866986687419728e-01	   2.0022743856144248e-01	   2.8466729866223250e-01	   3.0826482305030450e-01	   2.0452292723079196e-01	   3.8161401861681499e-01	  -7.4106130560183201e-03	   2.7054779496128367e-01	   2.0387944990847584e-01	   1.8496387488549662e-01	   1.5138455817149113e-01	   3.1792755339677625e-01	   4.8127213692820170e-01	   5.3443533136551558e-01	   3.9453810385232957e-01	   4.5668743278668955e-01	  -1.3281410304622612e-02	   1.7249957263656140e-01	   8.6908338470629454e-02	   1.0593582881197633e-01	   1.0683509043226061e-02	   1.5843676614089402e-02	  -3.2436051015837554e-02	   1.6182865803725041e-01	   1.2760200702790653e-01	   6.9347269053244481e-02	   3.0323419151341335e-01	   1.7432731482617680e-01	   3.1262960634973103e-01	   1.8825585270896239e-01	   3.7811897962179702e-01	   3.3985885679399241e-01	   3.1730151162719739e-01	   2.4774435960849545e-01	   4.9977589065840344e-01	   5.7008772197132795e-01	   5.7424096910201072e-01	   3.8766971043895671e-01	   3.6603335637288648e-01	   4.9477694129389183e-01	   3.7908119346933672e-01	   4.1261421366442841e-01	   3.2459523910131816e-01	   2.8804657277434592e-01	   4.0603869977489637e-01	   2.9081619960904492e-01	   3.4148309720670150e-01	   4.2037554863603299e-01	   6.2922341146338290e-01	   4.9307757742099600e-01	   2.9468563639550971e-01	   3.9527639259692982e-01	   5.3444637477294532e-01	   2.3170903865124148e-01	   1.1207469350861184e-01	   3.0346563170218005e-01	   3.5003694186512335e-01	   2.8645955412385476e-01	   2.0561282445134599e-01	   4.0561236606414114e-01	   3.1798436568938104e-01	   1.0952011537413373e-01	
   1.3888170648309442e-01	   6.0191342829045980e-02	   6.9708980067478932e-01	   4.2007962563490964e-01	   0.0000000000000000e+00	   4.1425932263554266e-01	   4.4489413284163870e-01	   2.5392768201605753e-01	   5.9381810159212078e-01	   4.2091537572354287e-01	   3.5320840294802641e-01	  -1.9838340796727017e-02	   3.9243968119436401e-01	   1.7814802694625115e-01	   5.4803089398896387e-01	   3.6549734280914542e-01	  -4.8883195355843484e-02	   6.1980407458483530e-02	   3.5823410273239831e-01	   2.2190131396020671e-01	   3.3489941034391990e-01	   3.7802707146466602e-01	   7.2040430887242524e-01	   2.5330963407874085e-01	   4.3620686961138411e-01	   2.4509105968750547e-01	   6.0448885087383397e-01	   6.1509797857696269e-01	   3.2725414665302816e-01	   1.8094318259218867e-01	   4.1275763948317035e-01	   2.9631475502919391e-01	   3.8813919676016395e-01	   4.2246334870173091e-01	   5.1853814091217465e-01	   2.8937963128748251e-01	   3.7702332190579446e-01	   2.5354806967880933e-01	   3.7011148252343035e-01	   2.6644052947281188e-01	   3.8282867771760681e-01	   1.9567967477908119e-01	   2.0553717231194266e-01	   2.1549119002794140e-01	   3.3549337257733230e-01	   4.0041976109857963e-01	   2.9883479928169954e-01	   3.1718524481215576e-01	   2.6405046245463953e-01	   2.8784804676614051e-01	   9.4624317446721673e-02	   1.5897802414123968e-01	   1.3597287387629564e-01	   1.4823978272194929e-01	   3.7300194430735939e-01	   4.6763986202723123e-01	   4.3630190845656405e-02	   1.6654431297847236e-01	   1.8897152876505072e-01	   1.8910443168003460e-01	   9.8729112899888158e-02	   6.0439308640960254e-02	   1.2649913305855140e-01	   7.2777334006621092e-02	   5.1324004378639310e-01	   3.5181553656090192e-01	   7.1899199817014103e-01	   5.6442485148341137e-01	   2.4776931194670762e-01	   3.1972362086221096e-01	   2.7529643248817276e-01	   1.1594931663427092e-01	   2.9971288084259393e-02	  -8.3952281888176591e-02	  -5.5140945688001541e-02	  -2.4406295853895754e-01	  -7.0011162366146934e-02	  -1.4302469070454896e-01	  -2.1012480519443249e-02	  -3.9901827119593843e-02	   3.0190612282683261e-03	   6.3502119393722536e-02	   4.2573564189300450e-01	   1.8017188626021469e-01	   4.2295829534064722e-01	   2.7852456077960253e-01	   3.0151907200410871e-01	   3.0730386784396985e-01	   4.3536550491705317e-01	   3.9322516263056817e-01	   3.0010261063252347e-01	   4.5806831329045755e-01	   2.7577263605435814e-01	   5.3052983101168094e-01	   3.4871606741433853e-01	   1.6581386844706886e-01	   4.0197333079095748e-01	   4.0731215348871175e-01	   2.5110475973233992e-01	   4.6140961297460137e-01	  -4.6169544731809224e-02	   2.4013890629274820e-01	   1.2453029007953381e-01	   2.9898715224911077e-01	   3.3248286840458280e-01	   4.2051351580041080e-01	   2.5495543471836768e-01	   1.8742911173639501e-01	   1.1670651154185795e-01	   1.7777236658341519e-01	   3.9880268735258856e-01	   2.0552943641696167e-01	   3.2040437519931943e-02	   2.4437632380760188e-01	   3.2032397449681099e-01	   8.7048952415127168e-02	
   6.2957326619342641e-02	   1.3751550794887477e-02	   1.6201873919315812e-01	   4.9492806394113953e-01	   4.1425932263554266e-01	   0.0000000000000000e+00	   1.6077924546211478e-01	   6.5109810813342583e-01	   2.6056891152359551e-01	   8.7068791160050774e-01	   2.1634810240114096e-02	   1.4806109130361206e-01	   1.1809788545087935e-01	   2.7840334452532023e-01	   2.2655004165645770e-01	   6.4709262101807763e-01	  -1.3512777390423336e-01	  -1.9525110190144138e-01	   4.9059404270344067e-02	   7.9724148157743577e-02	   1.4263144817331741e-01	   2.7348938587212113e-01	   1.4160122617539198e-01	   1.6701509758845820e-01	   1.7651857780538063e-01	   3.5900152537790025e-01	   2.5147390187824231e-01	   7.2367756676154249e-01	  -2.3325785723347092e-02	  -7.7803506252933655e-02	   8.0019342417986070e-02	   2.3695588466071937e-01	   1.4149002053888987e-01	   2.2902629873212021e-01	   4.0654721253243586e-01	   4.4988692211835463e-01	   1.4003000201548549e-01	   3.3792363284093199e-02	   2.6168625519774286e-01	   1.8714852402054669e-01	   2.3057627242880530e-01	   7.0712337954586424e-02	   7.8574624787988698e-02	   4.8451136761407845e-02	   1.3004296824253714e-01	   2.4600519659457928e-01	   1.1730448824688952e-01	   8.6095335579475532e-02	   2.3173439903074616e-01	   2.4453876616634385e-01	   1.1326244631470057e-01	   7.0822594569473041e-02	   6.2402573966849242e-02	   6.6348172537041686e-02	   2.1932345220799526e-01	   1.9852618172674219e-01	   6.7469396753464866e-03	   3.3981452765340453e-02	   2.8311127170726402e-01	   4.8864899188588107e-01	   1.5044054628208592e-01	   4.2512588968424092e-01	  -6.2898583978290415e-02	   1.5086022704089945e-02	   1.3470868096973282e-01	   4.4819502215815066e-01	   4.3173675881913509e-01	   4.4710274448598175e-01	   1.3395393680838322e-01	   2.6353548387554770e-01	  -4.9490122518227056e-02	   7.8765724248374587e-03	  -2.6237561313719959e-01	  -2.2960432308681678e-01	  -2.1604052506222698e-01	  -2.2662290508130492e-01	  -8.2948243141936565e-02	   2.3482264402531323e-03	  -2.5197502373822878e-01	  -2.0211823099781454e-01	  -7.5027613678129046e-02	  -1.3479332641948780e-01	   1.5718113014055610e-01	  -1.1237707384117737e-02	   8.7085598075661200e-02	   1.1792342860833716e-01	   1.9053441997737494e-01	   6.0307623752606600e-02	   4.4143171802791692e-01	   5.1947702841175714e-01	   6.2812728417480401e-01	   3.9775911789817103e-01	   6.6543738741007896e-01	   5.0979786460277754e-01	   1.7585912339633386e-01	   2.0267208628214850e-01	   1.0159031713028033e-01	   1.5509630526097556e-01	   2.5992789036016517e-01	   3.0193077627752618e-01	   4.2497804379068455e-01	   1.7297755695919589e-01	   4.2204552135319162e-01	   3.9620544207822306e-01	   3.8604873001030660e-01	   2.2834731975383521e-01	   3.8260291584753531e-01	   2.4451362808380647e-01	   6.4548334539816831e-03	  -4.1639201767304561e-02	   1.5394206860248882e-01	   1.7961310288255311e-01	   1.6614611210340538e-01	   2.9207211557502749e-01	   6.9785584209249671e-02	  -1.7758275896931453e-02	
  -1.6490346195160629e-01	  -2.3832173236966769e-01	   9.4681254825758898e-01	   4.3744721531021054e-02	   4.4489413284163870e-01	   1.6077924546211478e-01	   0.0000000000000000e+00	   5.0777020092111058e-01	   1.1631239552349502e+00	   4.8636581672607698e-01	   5.2806514000603955e-01	   2.2478374592639974e-01	   4.4283388731327511e-01	   1.3365353731459331e-01	  -3.9484801664961253e-02	  -2.4954097238240286e-01	  -5.5450127248397631e-02	  -4.1190476004888989e-02	   4.2827406402269265e-02	  -1.9651667480243717e-01	   1.7924544280551297e-01	   2.2283636426763115e-01	   1.2667213151092457e-01	  -1.7536682701023124e-01	  -3.4366492007470978e-01	  -4.2866890527288887e-01	  -1.7217793729954228e-01	   1.1759579725402381e-02	   4.2118624712975355e-01	   1.6181075538098016e-01	   3.1627952611271615e-01	   4.3668914403141482e-02	   3.6825093512475648e-01	   2.6717771073550556e-01	   7.7170701026789521e-04	  -2.0326290841789829e-01	  -1.1889202207985461e-01	   1.4139142800058654e-01	   6.2465489436072726e-02	   1.0923910848653738e-01	  -5.8078326803085098e-02	  -4.6271852045086964e-02	  -2.8074158250578818e-01	  -3.0093018105773567e-01	  -2.8884798361874553e-01	  -2.9351639198649787e-01	  -2.1147919878580848e-01	  -2.2568899922165847e-01	  -9.0259463183969574e-02	  -1.0758619622276831e-01	  -1.7302296335647788e-01	  -1.1561829605301970e-01	   6.9145101521019353e-02	  -1.2677758206976303e-01	  -2.5499245908427056e-02	  -7.6651561680731881e-02	  -1.7142329900667425e-01	  -1.2548421845796964e-01	   2.7895276349728737e-01	   2.1894764378475685e-02	   4.9523033761458135e-01	   4.7154104340398773e-01	   4.8485144955021105e-02	   2.9808594161784768e-01	   1.7921696943070400e-01	  -4.1029822456097015e-02	   1.1780381021335234e-01	  -1.4933510421720572e-01	  -2.5456081173102668e-01	  -2.2771648049624116e-01	   5.8901686945586795e-01	   2.6169429071918404e-01	   1.3480464114468366e-01	  -4.8319677863321253e-02	   1.2528888950850725e-01	  -1.5475215312893859e-01	   1.0380003359178420e-01	  -5.4536414461000791e-02	  -1.5924909342106369e-01	  -2.7000685924048895e-01	  -2.3184490037260452e-01	  -3.0928144890791870e-01	  -3.0148290227009600e-01	  -1.6227412241126699e-01	  -1.8599609321450769e-01	  -3.3014301996717338e-01	  -3.5231038785027124e-01	  -3.9889780886160564e-01	   2.7241287508528150e-01	   7.2663528969157717e-02	  -5.4477476458345893e-02	   1.2474361553851900e-01	  -2.3150479298390224e-02	   1.3646125091450043e-01	  -6.8763622457369736e-02	  -3.2182429422166405e-02	  -1.3964378215263128e-02	   7.8308181714087099e-02	  -5.2598678179788120e-03	   1.3815835641915192e-01	   1.1134063196675704e-01	   5.2926726046215719e-02	   6.5359946686367645e-02	   1.3678054533352635e-02	   6.5736435682629851e-02	   1.3055893374479099e-01	  -1.2337154316521755e-01	   5.7870065410864452e-02	   2.1758959225858832e-01	   1.2636709320351747e-01	  -9.6415693475901537e-03	   1.2604621155281409e-01	   2.2110333850017261e-02	   4.6957816947705115e-02	   2.3505271559310866e-02	   8.3001384431504815e-02	
  -2.7614108550998318e-02	  -1.2691931085899646e-01	   2.5342940498103200e-01	   6.0509482931304570e-01	   2.5392768201605753e-01	   6.5109810813342583e-01	   5.0777020092111058e-01	   0.0000000000000000e+00	   4.4619183993894063e-01	   8.9466851153212457e-01	   3.0440033835079250e-01	   6.1664600406315007e-01	   2.5400048830786909e-01	   3.5005287852726785e-01	  -5.6352296065010715e-02	   7.3992692462939019e-02	  -1.0594708294074925e-01	  -1.7058690333827653e-01	   2.4370431000783406e-02	  -1.1170584272171709e-01	   9.8061668320079259e-02	   3.6858731502819114e-01	   1.4425063091481646e-01	   6.7516446363906954e-02	  -9.7505311395614636e-02	   2.7452189416445016e-02	  -9.6447303337847498e-02	   2.6493791040322701e-01	   2.0359914791589342e-01	   6.3182701120560361e-02	   2.8433405243757826e-01	   3.3685568466971294e-01	   2.5912863185030521e-01	   3.9112039526609010e-01	   2.5439810874871527e-01	   3.0648936953708805e-01	  -5.7475814143040815e-02	   6.2879362969098046e-02	  -4.3880432469498992e-03	   1.3122996830253639e-01	  -5.0248776177522485e-02	  -2.5119396585821498e-02	  -3.0609798409124672e-01	  -3.3032328248387588e-01	  -3.1619957455765080e-01	  -2.4655070171986104e-01	  -3.4043081558141103e-01	  -3.3577589294702526e-01	  -1.8101215334920570e-01	  -9.9941602316630296e-02	  -1.0077262643982694e-01	   5.1323927860972646e-02	   3.8844999726732492e-02	  -7.6137151474249196e-02	  -1.1305846833030192e-01	  -8.5734595973596381e-02	  -1.3283457831554474e-01	  -1.0306721212694875e-01	   2.2683004390906586e-01	   3.6097645673759887e-01	   3.8812666776403210e-01	   8.9049049846715289e-01	   8.8667927597049806e-02	   3.8101119951599843e-01	   1.4691390163172741e-01	   4.4910039866873952e-01	   1.7075165179290500e-01	   2.1235913438348675e-01	  -2.1400064295562110e-01	  -5.7593611978661398e-02	   2.5856173694192919e-01	   2.4497465016806313e-01	  -1.1106185298904041e-02	  -1.0632757267089969e-01	   4.0740653390083321e-02	  -3.9097760622450036e-03	   5.3179549594448143e-02	   1.4507364196708217e-01	  -2.1208166702597980e-01	  -2.6620567392329320e-01	  -2.6555887246771194e-02	  -2.1574401115166209e-01	  -1.3693478770330478e-01	  -1.8508043145675834e-01	   1.8094738226552547e-02	  -7.0701713965919122e-02	  -1.9815266030271825e-01	  -3.1318155297250644e-01	   3.8500144386309382e-01	   3.5418400364055452e-01	   4.9526159086814647e-01	   3.2720352269729253e-01	   4.1704254827529208e-01	   3.4443219790798241e-01	   2.7526679389712549e-02	   2.4549598656909703e-03	  -9.8821495737919179e-02	  -5.9742254920432093e-02	   1.5072072229115469e-01	   1.9083761338396771e-01	   4.4395143333373033e-01	   2.2802680643349824e-01	   4.7371386881171584e-01	   3.4416374330569743e-01	   2.0251034039639534e-01	   1.2386069214636140e-01	   1.5011840833165407e-01	   1.9480243500647212e-01	   9.1284706748741298e-02	  -1.0142391189347214e-02	  -8.9659215189280037e-02	   2.2102971716193112e-01	   2.9265425715681320e-01	   1.9147778648546315e-01	   9.5011139218967297e-02	   1.1301284116811622e-01	
  -1.8126514170242281e-01	  -3.0767532654972163e-01	   7.5578920676190708e-01	   2.2102880675462518e-02	   5.9381810159212078e-01	   2.6056891152359551e-01	   1.1631239552349502e+00	   4.4619183993894063e-01	   0.0000000000000000e+00	   6.0528519866962649e-01	   4.0423847013308467e-01	   1.3378892341382065e-01	   4.4276145244219278e-01	   7.2602289515621588e-02	   6.7570479565275995e-02	  -2.1394623464084161e-01	  -2.2016414346272808e-01	  -1.6044943806934608e-01	   6.7131904636558229e-02	  -1.4116973569649172e-01	   1.1954347831255128e-02	   9.1730133309064779e-02	   9.4218546726850969e-02	  -2.4627171684301286e-01	  -4.0789235733511719e-01	  -4.4540519223313224e-01	  -1.8000392605190849e-01	   4.5935639674646644e-02	   2.5640543991491582e-01	  -7.9528244426097294e-02	   2.5101532219599948e-01	   4.5885022187218544e-02	   3.1009474738590870e-01	   2.2833895104879323e-01	   5.0169001893609080e-02	  -1.0691713447253749e-01	  -1.9675264819182958e-01	  -2.3871049601937477e-02	  -7.6696313852890552e-02	  -6.5393231160270099e-02	  -3.7331186324735685e-02	  -6.9072509338795260e-02	  -3.2943763839768081e-01	  -3.4146067573125610e-01	  -2.9302951773858449e-01	  -2.8051201583820762e-01	  -2.3224659200799058e-01	  -2.6847191371857604e-01	  -4.5935352642718988e-02	  -9.0930726107216503e-02	  -1.8791865239153777e-01	  -6.8360179270766777e-02	   1.0584356322470401e-01	  -5.2558418907239501e-02	  -1.8393090802002274e-02	  -5.4136532374586842e-02	  -2.4906532503002277e-01	  -1.8292121738968681e-01	   3.3781778402645546e-01	   1.3261765791800811e-01	   3.2541985807974705e-01	   4.4173576102510398e-01	  -2.1560254694821215e-02	   9.9877160991734618e-02	   1.0284567406049808e-01	   2.5353789862729001e-02	   6.3522914775748368e-02	  -1.5471319174919995e-01	  -1.7799550006010348e-01	  -1.4918435258365401e-01	   4.5979543668585138e-01	   2.1286371617238228e-01	   1.5604697400483136e-01	  -3.0107116524220479e-02	   3.9634569581467383e-02	  -1.3868174245925158e-01	  -1.0332351433684049e-01	  -1.7826614611218766e-01	  -3.1760701621014553e-01	  -3.5271310133287603e-01	  -4.1331138462824563e-01	  -4.5203889911556155e-01	  -2.8166520257353017e-01	  -3.6838975944843677e-01	  -2.6096169140162173e-01	  -3.8179575892838458e-01	  -3.3102922545187996e-01	  -4.2445565134297969e-01	   1.8561178369306786e-01	   7.5964763785678888e-02	   3.1499821335267006e-02	   2.0749722480032778e-01	   1.0451532761242280e-01	   2.3322979241529515e-01	  -1.1971040095244696e-02	  -5.9984868778483580e-02	  -3.3899925767241707e-03	   7.7303878642985144e-02	   3.3630401307945132e-02	   1.9829368914369505e-01	  -2.5671300595605847e-02	   3.8528582534433219e-02	  -6.2082964483449299e-02	  -4.1929245304579615e-02	   3.0241467636072657e-02	   5.3738281228500259e-02	  -1.9713821465848572e-01	   1.0594824783174539e-01	   1.2239801330034722e-01	  -1.7897463241615991e-01	  -1.0147894733773202e-01	   2.1190549965311953e-01	   7.0574153227167660e-02	  -1.1452144256102666e-01	  -8.2294200314725133e-02	   1.3005272811553348e-01	
  -5.6632983416258637e-02	  -7.3369190763630271e-02	   2.3447238064343082e-01	   4.1010165641296020e-01	   4.2091537572354287e-01	   8.7068791160050774e-01	   4.8636581672607698e-01	   8.9466851153212457e-01	   6.0528519866962649e-01	   0.0000000000000000e+00	   1.9591095993571120e-01	   2.3564025803615796e-01	   2.8177863465732356e-01	   2.0292830669331594e-01	   4.0464762149015350e-02	   3.0450419373712329e-01	  -7.5364860561382876e-02	  -1.3734001869504037e-01	   2.0596424830643507e-02	  -1.1991186110105006e-02	   1.4097340040663198e-01	   1.9994423821204454e-01	   9.6942576613094134e-02	   1.7244632092100119e-02	  -1.3422350971934927e-01	  -6.5664318639446842e-02	  -8.8870063068179003e-02	   3.5702042905734771e-01	   2.1061102547051547e-01	   1.2752844313668965e-02	   2.7923377492111451e-01	   2.6711749303383509e-01	   4.1511821287330464e-01	   4.5532416844212203e-01	   2.4989640281194478e-01	   2.6275304053223314e-01	  -6.8650333750151032e-02	   1.3741795426263626e-02	   8.3557793248960649e-02	   3.7782326396417293e-02	   1.1648919370596079e-01	   5.2672281503345610e-02	  -1.2663342635093339e-01	  -1.9773031035046837e-01	  -1.1442893010992355e-01	  -6.9457282370200185e-02	  -3.8885697503734357e-02	  -1.3021918809110580e-01	   1.4094289152073616e-01	   1.6379548081107381e-01	  -1.0458645398124783e-01	  -1.3226789110402093e-01	   4.2538062596201062e-02	  -7.1100180206469119e-02	   4.7836565660700605e-03	  -3.7020749085422494e-02	  -1.0175594861205628e-01	  -2.2034542477198989e-02	   3.4591030564567915e-01	   4.4313780107065814e-01	   2.5349036855617690e-01	   6.7852912159177448e-01	   2.6640080392169495e-02	   1.6001328662998271e-01	   7.5845155032564490e-02	   2.1211311800861576e-01	   2.3982959838288181e-01	   1.3518345598138379e-01	  -3.5388018895225554e-02	   1.2145311038425018e-01	   2.1021878522796145e-01	   9.7643427922276677e-02	  -1.0752978572480192e-02	  -5.3710955724582704e-02	   2.0615139604961728e-02	  -8.6295587033967017e-02	   8.1422768360690109e-02	   8.9504312301219982e-02	  -1.9700928070439466e-01	  -1.8996285195766771e-01	  -6.2487437905645961e-02	  -2.1510954645906524e-01	  -1.4046836878346961e-02	  -1.3097665132727385e-01	  -6.5326366374522160e-02	  -1.7026184464590527e-01	  -2.9980652885982329e-02	  -2.7016683969762867e-01	   3.4580728973900854e-01	   2.5925975336181073e-01	   4.0505091517210423e-01	   2.6065763094014571e-01	   3.9330116727785402e-01	   3.8138692804740093e-01	  -3.4718826470264293e-03	  -3.1244573394745476e-03	  -1.0301179062988940e-01	   4.1439514305455002e-03	   2.0078554900172479e-01	   2.3021823328712782e-01	   2.9484323135871876e-01	   1.7080845159910937e-01	   3.3485695169081925e-01	   2.1630815093471106e-01	   1.4943031198275963e-01	   1.0945117315551801e-01	   1.3224394790046765e-01	   3.2500858924266168e-01	  -5.5925498955965346e-02	  -1.4277714709564346e-01	  -1.0471237533541514e-01	   1.9209818466289844e-01	   2.2868832836731506e-01	   1.4342673809175821e-01	  -5.7615165321894445e-02	  -9.8927267154487228e-02	
   4.2059325435707134e-01	   8.6900727462524627e-02	   2.6657951826664117e-01	   1.0476824114396856e-01	   3.5320840294802641e-01	   2.1634810240114096e-02	   5.2806514000603955e-01	   3.0440033835079250e-01	   4.0423847013308467e-01	   1.9591095993571120e-01	   0.0000000000000000e+00	   5.7801806385758625e-01	   8.6211446957786231e-01	   5.5274419134967401e-01	   4.2257154082664483e-01	  -3.3113385624715698e-02	   2.7907888937410119e-01	   3.1193309536481356e-01	   4.3280483191686936e-01	   1.1184068869522887e-03	   1.6639279566099427e-01	   1.3075035990562967e-01	   4.7871884439489548e-01	   1.2082153598070189e-01	  -1.2072067841283572e-01	  -1.6623393671508588e-01	  -4.3252614387283311e-02	  -4.6445131346716219e-02	   6.7072473560557788e-01	   4.1692041566202154e-01	   1.0920117256963931e-01	   4.7151853450524667e-02	   3.8964948941663258e-01	   3.4404563358504497e-01	  -9.2200625913583453e-03	  -4.1817476480195882e-02	   1.7309091582499209e-01	   7.9021510756784999e-02	   1.0425074415279363e-01	   1.1795717304485902e-01	  -1.7790330038230086e-02	  -8.4003364780152204e-02	  -4.1687803670659468e-02	  -1.8751690262843138e-02	  -9.2914296159565465e-02	  -8.9826036917441288e-02	  -7.4908299428593561e-02	  -5.5547249080135898e-02	   1.6015806554393025e-02	  -7.6553330689438523e-02	   7.5131074004574000e-02	   1.0201763070815684e-01	   2.3192470433867113e-01	   1.5710291210183946e-01	   6.7327563572949847e-02	   6.7182666676109504e-02	   2.2021173116685697e-01	   1.4386774806889882e-01	   2.4384317367395125e-01	  -1.8205346535395548e-02	   6.6726508864724643e-01	   3.9339493704303891e-01	   7.7154390781956961e-01	   6.3409898805991771e-01	   4.8015035193592970e-01	   1.1081670178279181e-01	   2.0855433497076550e-01	   1.1845582379033491e-01	  -1.4977835105449425e-01	  -1.4909470803191979e-01	   2.9310888781366151e-01	  -1.2073910158076234e-01	   6.2334240584346251e-02	  -9.8731872806826340e-02	   1.2973892525888417e-01	  -1.2238368857256054e-02	   1.5366535902899911e-01	  -2.0288023095263872e-02	   1.8394657757714281e-01	   1.7404874887158869e-01	   2.6977879730298571e-01	   2.6647534192243605e-01	   2.7636645806962090e-01	   1.8270350225098470e-01	   2.8998719115361116e-01	   1.7869755982400573e-01	   1.4253823599181220e-01	   3.6324599373513337e-02	   5.2591398846818715e-01	   2.1682612118213379e-01	   3.4948229192389421e-02	   1.1546244650647869e-01	  -1.6774713786744327e-01	   1.0036496479230408e-01	  -1.9788394924145597e-01	  -2.2121235003210427e-01	  -1.1520230097673088e-01	  -4.6615921759390166e-02	   1.0464846201369801e-02	   2.8137937996386098e-01	  -1.5254229123754937e-01	   1.3868851603992938e-01	   3.6389968810010533e-02	   1.4713301166563372e-01	  -3.2643211335462462e-02	  -8.0286994310591314e-03	  -3.1357101372750738e-02	  -1.0546007709234280e-01	   4.4526308559740983e-02	   1.5769109637279102e-01	  -3.7885151191977370e-02	   1.3026579965446911e-01	   1.8112694967501359e-02	   2.2934139698777806e-02	  -4.4340973270870346e-02	  -1.0005253472837870e-01	
   2.8062522274879775e-01	   5.7612714652205049e-02	  -2.9003342829409928e-02	   1.3228115074692359e-01	  -1.9838340796727017e-02	   1.4806109130361206e-01	   2.2478374592639974e-01	   6.1664600406315007e-01	   1.3378892341382065e-01	   2.3564025803615796e-01	   5.7801806385758625e-01	   0.0000000000000000e+00	   3.6717190055084692e-01	   6.9619122728265215e-01	   1.0230919377497845e-01	  -4.6825584218458664e-02	   1.1184193692864822e-01	   1.3945547130316963e-01	   1.3165712486466841e-01	  -7.7503934078401365e-02	   9.2815931290534295e-02	   2.2718400885409110e-01	   1.9031798524097210e-01	   1.1285123039512583e-01	  -2.3283548347899652e-01	  -6.8610409073738082e-02	  -1.6060801047100026e-01	  -1.2875814816602763e-01	   3.1842438087209046e-01	   3.6221684887909411e-01	   1.7052751998076093e-03	   1.1465648634518465e-01	   3.8703256011322566e-02	   9.5106436013588549e-02	  -2.0826085503317188e-01	  -1.0665879116629318e-01	   7.8480064681936900e-04	   1.0584752269999044e-01	  -6.9999118036595448e-02	   5.2901890295850976e-02	  -5.9029019887638715e-02	  -5.5576351631200907e-02	  -2.2703806277556735e-01	  -2.9195509277810550e-01	  -3.8638415081830635e-01	  -2.8413914259119888e-01	  -3.7272484430298902e-01	  -3.3662019769397800e-01	  -2.6862176778788716e-01	  -2.1567808140965783e-01	  -5.4299586732921380e-02	   8.5216546395649906e-02	   5.4089535541215275e-02	   4.0620790034964799e-02	  -1.2893441074158207e-01	  -6.8431633881663137e-02	   4.3714823599306979e-02	  -5.4208196439612055e-02	   6.1914847176176499e-02	   1.4174051621915240e-01	   4.4247464393532515e-01	   4.6381016518856666e-01	   3.6058287839812669e-01	   7.1747042509318582e-01	   1.5282498595867577e-01	   9.5754996353903318e-02	  -1.3981283710467754e-01	   1.8039994209595900e-02	  -3.3737812010004264e-01	  -2.4111495500446459e-01	   1.6775138824527297e-01	   3.1093116032539121e-02	  -9.3244223066056509e-02	  -9.1352457494959377e-02	   3.0837116470499457e-02	   9.2086226732952553e-02	   1.6511080768252029e-02	  -1.5058448988034981e-02	   4.2049188291091123e-03	  -2.5695589803241662e-02	   2.2801030618199558e-01	   1.5062813384405269e-01	   7.7168210169623608e-02	   1.0478006086705206e-01	   1.5416334166408896e-01	   1.7730251770707159e-01	   6.8848781558424832e-02	  -9.1411462270023183e-02	   5.3750951874293207e-01	   2.4467631063878928e-01	   2.8041041998504418e-01	   2.2069460975731317e-01	   1.4726981403166162e-01	   1.4778960151863368e-01	  -2.5952808826989606e-02	  -4.6191697686532522e-02	  -1.8371119583435491e-01	  -5.5013723234159262e-02	   2.9374067079768573e-03	   2.0753152095476052e-01	   2.2126241898591484e-01	   1.8568047248085254e-01	   3.1864500699074977e-01	   1.9695736760323374e-01	   1.6288938147029863e-01	   2.0918002812819785e-02	   1.8475518486777415e-01	   7.1686457475816992e-02	   1.5890233682676808e-01	   7.3321274668629158e-02	  -1.7058254644913032e-01	   3.6215879689326264e-01	   2.8821244179956884e-01	   8.6351699064449935e-02	   9.8100844014669702e-02	   1.3686715250237189e-01	
   5.0974054135007707e-01	   1.0671495049846250e-01	   2.2849640048090950e-01	   1.9930537432645293e-01	   3.9243968119436401e-01	   1.1809788545087935e-01	   4.4283388731327511e-01	   2.5400048830786909e-01	   4.4276145244219278e-01	   2.8177863465732356e-01	   8.6211446957786231e-01	   3.6717190055084692e-01	   0.0000000000000000e+00	   7.0828256058490557e-01	   4.7092357222768355e-01	   1.7716029833378485e-01	   4.0941466905229340e-01	   2.9401168202092098e-01	   4.4246748902918298e-01	   2.5033222136171784e-01	   1.0096931656075971e-01	  -2.7024796424302559e-02	   2.9407105090472935e-01	   3.7104770674533015e-02	  -7.3694395989698999e-02	  -1.5124762087977869e-01	   9.8612730493100959e-02	   7.8903689930386947e-02	   8.2297162427441450e-01	   4.9193850572502729e-01	   4.3155310312471711e-02	  -4.6674197007056132e-03	   4.2913280422868805e-01	   3.6021125377308760e-01	  -8.2037324082021093e-02	  -1.2238925262135286e-01	   1.8556008289571244e-01	   1.0832367815743195e-01	   8.4389808006379005e-02	   4.7045558929195042e-02	   1.5783506838206629e-01	   1.1123969518936093e-01	   4.1743201828114782e-03	  -9.3682994551871610e-02	   1.6163543631495178e-02	  -3.8002338740022137e-02	   2.7283313666913779e-03	  -5.4081544610107751e-02	   2.7664083744108170e-01	   2.1676644050428084e-01	   2.6762679946498846e-01	   1.5508324908500370e-01	   4.9729657361811608e-01	   2.3222240945663988e-01	   1.9205747466560236e-01	   1.4740690913925350e-01	   3.8300779984172811e-01	   3.1110428512255717e-01	   7.2503638408837767e-01	   3.2611347519104744e-01	   5.5577643878118888e-01	   2.5537497222280686e-01	   7.4471099201186064e-01	   4.8257349880762457e-01	   1.8459810098645182e-02	  -1.6517309725343673e-01	   2.2477112885334627e-01	   9.5623454297413136e-03	   2.0080305708458887e-01	   1.7673125658128117e-01	   2.4331995214198421e-01	  -5.6404640099593645e-02	   2.6333562357785956e-01	   1.2304165341027398e-01	   2.8324178021853474e-01	   1.8397364316189008e-02	  -7.4466543543608025e-03	  -4.5050939187788151e-02	   2.4934497055358279e-01	   2.5481480634877735e-01	   3.7803564534185474e-01	   4.0950449497988267e-01	   3.4240956465356964e-01	   2.3279872388206324e-01	   1.4710467831609947e-01	   2.1310338037745705e-01	   2.2677927309851159e-01	   9.1093699318168714e-02	   5.7253866646923623e-01	   4.1917847845992462e-01	   1.7755749323488434e-01	   1.9805214323841588e-01	  -1.5168498028500088e-01	   1.0862147006880596e-01	   8.9961436997492455e-02	  -2.3462548664357021e-02	   8.2252914058055848e-02	   1.6228213988693285e-01	   2.2522729808274142e-01	   4.5279455714364097e-01	  -5.7328064806389911e-02	   2.2730623404550102e-01	   2.0455836120059931e-01	   2.9365971667998025e-01	  -1.5230933700380396e-02	   1.3573014465907316e-02	   1.1626218184994984e-01	   2.6159588702081205e-01	   3.3192640905309351e-02	   1.6481276016819940e-01	   5.9504342473478113e-02	   2.1448809537384317e-01	   1.2933786120963853e-01	   1.0387666005618310e-01	  -8.4466092123065606e-02	  -1.0880324855749245e-01	
