   0.0000000000000000e+00	   1.0840753637142659e+00	   3.3757718409078113e-01	   7.9103572488445614e-02	   3.1010664290313827e-01	   1.9471466411297417e-01	   3.1073541233877622e-01	   2.4034681028776397e-01	   2.7834820246616521e-01	   2.9108806857017894e-01	   1.0323292065602689e+00	   6.6676689484670382e-01	   8.0525260484769934e-01	   6.3727230422880810e-01	   6.2334107490534008e-01	   5.6215687561073913e-01	   4.4425835185198503e-01	   5.4081818897374823e-01	   8.7604324118366306e-01	   6.3544215695040807e-01	   3.4714552127174420e-01	   3.1415028729054262e-01	   1.6289608541271408e-01	   7.8574538558860735e-02	   5.2433851107935310e-02	   5.1214372854218298e-03	   3.7225301320255993e-01	   3.9377475318086730e-01	   3.5988621498033885e-01	   4.4862433590009421e-01	   7.0852535375844447e-02	  -4.6007267141528592e-02	   4.8140477504095225e-01	   4.8641527396587447e-01	  -6.8427101660233719e-02	  -9.3687896149792799e-03	   5.3186099226567274e-01	   3.7914313531336752e-01	   5.6235538701807908e-01	   5.7953822397919286e-01	   4.9590959681490743e-01	   4.5379916987305480e-01	   5.2062186129389543e-01	   4.0228091992595755e-01	   3.8380475513800499e-01	   4.3421434564971306e-01	   5.1287859054101481e-01	   4.6503947631517123e-01	   5.2720976475357206e-01	   4.7611825470164371e-01	   7.0224054588046469e-01	   4.4540980272324948e-01	   6.1013125282899872e-01	   3.7142205157730218e-01	   5.8287212793820020e-01	   6.1526137539769143e-01	   6.7217754567017696e-01	   8.1698588695404961e-01	   7.0290812850417916e-01	   7.2430417105775236e-01	   9.9515371756537718e-01	   5.0084944687260791e-01	   8.4525477160887919e-01	   7.0791735287708979e-01	   2.5696615997689642e-01	   6.9645223315279503e-02	   4.4746910995395926e-02	   1.8023566258981621e-01	   5.1659954502639860e-01	   5.7380822994873126e-01	   2.5978851959009708e-01	   2.6403012689915129e-01	   2.3725850038287150e-01	   4.3171713473524198e-01	   3.1272829350265652e-01	   2.4421731046851464e-01	   5.5171137476439291e-01	   7.2169949954530477e-01	   4.6383714279230104e-01	   7.1544741367029352e-01	   4.9340370540797718e-01	   6.4529682541861122e-01	   5.7877403386521786e-01	   5.2997179020934293e-01	   4.7747739668101774e-01	   4.6852151621189742e-01	   4.4701609393341635e-01	   4.0249599791353480e-01	   5.9115454513403343e-01	   7.0624156063454857e-01	   2.3867306672247188e-01	   1.1157995976795601e-01	   9.1942555961538636e-02	   1.2573705868080839e-01	   2.4620622266397835e-01	  -1.3821286427093424e-01	   5.6611404568147461e-01	   5.1654998660397156e-01	   7.4320251884588462e-01	   6.4841697368882434e-01	   3.3235093515314507e-01	   3.9022850716341650e-01	   5.2380448786920386e-01	   6.0630810531964086e-01	   2.0758987541575641e-01	  -1.0862495941613270e-01	   2.3294184362044748e-01	   2.4357752559959803e-01	  -6.3990836541793591e-02	   5.5698886936617931e-01	   5.5505429948653418e-01	   7.3827849408552260e-01	   5.8762103637231189e-01	   4.6215127125052857e-01	   6.6926610813778029e-02	   2.3942691829402046e-01	
   1.0840753637142659e+00	   0.0000000000000000e+00	   1.0628929526255899e-01	   4.5562493179160564e-02	   1.4640538280640383e-01	   1.3457206379737061e-02	   5.9844371485845441e-02	   1.2775157894309047e-01	   8.3361059266262749e-02	   1.3575344367291572e-02	   5.2101927019241190e-01	   3.8147356760116008e-01	   5.2530552870373148e-01	   4.4144362732786985e-01	   5.2300040015588156e-01	   5.7285626246413357e-01	   5.7406200743979263e-01	   7.2287135432929062e-01	   8.1800829828280164e-01	   5.1965188666765039e-01	   3.2247444620377197e-01	   3.6016668953333902e-01	   1.1968020366864170e-01	   7.7189325928838884e-02	   1.1433040629906038e-01	   3.0545681955073387e-02	   4.0695712123568412e-01	   3.9268194817479340e-01	   3.5839078051491158e-01	   4.9365720234597743e-01	   4.8578303524110265e-02	  -4.8744515446292949e-02	   5.1128765756227645e-01	   4.5901244346064263e-01	   4.3213382161062745e-03	   6.3299877782672404e-02	   5.4898807271172134e-01	   6.0015395594507692e-01	   5.5412876148906953e-01	   6.5324335838826497e-01	   4.1462445833680661e-01	   5.6794086344805128e-01	   5.5110891485008817e-01	   5.2981171039401653e-01	   4.2547569000266805e-01	   4.8097203037782799e-01	   5.4565779534017267e-01	   5.2969401553552231e-01	   4.9555598320452487e-01	   5.6706750488294244e-01	   6.5027283291893034e-01	   5.0651669895170859e-01	   5.4697457417881112e-01	   3.8106989095226501e-01	   6.7582553304520365e-01	   6.5807941125093905e-01	   9.0593084492823572e-01	   1.3863496803057269e+00	   5.7902713442126874e-01	   6.8082814397669256e-01	   7.1701134896074448e-01	   3.6903549674112696e-01	   8.0879028217897198e-01	   6.0590792929041415e-01	   2.4116065721311530e-01	   8.0967970768411834e-02	   1.0294098587173549e-01	   2.0321788325138068e-01	   4.4681759552359140e-01	   5.7818045455641665e-01	   1.0729835916015804e-01	   1.8378719801940052e-01	   1.8649377388158797e-01	   4.9526133164796704e-01	   1.6585523323233373e-01	   4.2786012222512926e-01	   4.9216919093647993e-01	   7.9651788724909756e-01	   5.0285228714159691e-01	   7.6611965290393580e-01	   7.1170991734223410e-01	   7.6013387327877524e-01	   5.5621333561478270e-01	   6.0969919103157688e-01	   4.8196051398888873e-01	   4.4093101815926172e-01	   4.8060792238988681e-01	   4.8996641502574256e-01	   5.4117409474153055e-01	   6.2186570617068582e-01	   1.9132186544052160e-01	   5.9291703225097019e-02	   5.1626397921976847e-02	  -2.7724900929566133e-02	   2.7159744253782525e-01	   3.1299662500814021e-02	   7.7559165617308534e-01	   6.8023821350914215e-01	   8.1408616743278295e-01	   7.8506258981152710e-01	   3.0695668713540680e-01	   3.7375393667871881e-01	   6.3641145359337914e-01	   6.0432642361015987e-01	   2.2838519851314656e-01	   7.8447704713701494e-02	   2.9378657255079027e-01	   2.7862399830698925e-01	   1.3997601845032229e-01	   7.1944961732629309e-01	   6.2538135021456887e-01	   8.8225225435754073e-01	   5.7991562615516434e-01	   4.6370019719553218e-01	   1.2949818071145891e-01	   4.1866067548219976e-01	
   3.3757718409078113e-01	   1.0628929526255899e-01	   0.0000000000000000e+00	   8.1984292681157345e-01	   4.4960667663988829e-01	   3.1931443097484558e-01	   1.0575037773231104e+00	   5.6679053753859598e-01	   1.4715707642832054e-01	   1.1904596927126901e-01	   2.9362142407867575e-01	   1.9826652337639716e-01	   3.5886011668730478e-01	   2.4695118459952414e-01	   4.5555882060095243e-01	   6.6243753114967308e-01	  -3.1359829383712090e-01	  -1.8160850530636866e-01	   4.7082625297127023e-01	   6.0482379925330676e-01	   4.0677729097303794e-01	   3.4412731224612941e-01	   7.4374234093334446e-01	   5.9378222190414276e-01	   4.7862324803862005e-01	   5.2110317359534053e-01	   5.2823840259034682e-01	   5.3311276561356724e-01	  -9.2385532219738234e-02	  -1.6351797614289558e-02	   4.3203999795458986e-01	   4.2249396673994311e-01	   5.4996469822030103e-01	   5.4178065886349414e-01	   5.2670625541344995e-01	   4.2300684911349296e-01	   3.3683267326802679e-01	   3.1884490097563084e-02	   4.8121644446278800e-01	   5.1397386991923022e-01	   4.4506513575527140e-01	   3.4171017119158725e-01	   3.6029872499450993e-01	   9.1047879873371360e-02	   2.0152273445927857e-01	   9.4473917177180816e-02	   1.9477304352006319e-01	   1.1439419497455901e-01	   1.2154658015249825e-01	   2.1630816905716731e-02	   3.7925756556883533e-01	   1.9789339822839402e-01	   3.2492383997364938e-01	   1.3897234513619650e-01	   3.2370015091094834e-01	   1.2507147971765969e-01	   1.5104994398241440e-02	   1.3143716573667261e-01	   3.1829260917960261e-01	   4.8051761503062229e-01	   3.5545467500657613e-01	   5.1459952617253180e-01	   2.6487515143132701e-01	   2.8461655154719179e-01	   5.8560584188537235e-01	   5.5980537696383204e-01	   5.5947155501369417e-01	   5.9626596686324507e-01	   6.6474696683819334e-01	   7.0003377577818526e-01	   4.1314236514707270e-01	   2.8873457746954156e-01	   1.1069115934553744e-01	  -4.5572624359755717e-02	   1.4559714950260805e-01	  -6.1616174799520532e-03	   9.5888469480974625e-02	   1.1414701386382446e-01	  -1.7478971571415886e-01	   4.2622543818695548e-02	   2.2667122785638948e-02	   2.0673472710714783e-01	   5.3932151095339464e-01	   5.0467992285442187e-01	   6.4005378746272890e-01	   6.6691648167693496e-01	   4.8133443626418837e-01	   4.7793735428688783e-01	   4.3754992878928650e-01	   4.6182954811568400e-01	   4.4066838799931474e-01	   6.7287511706972480e-01	   4.9354881751531454e-01	   8.1242261038232566e-01	   1.1473502843733684e-01	   5.9473956838287399e-02	   3.2073443581737376e-01	   1.6801279505632219e-01	   1.6159684743535094e-01	   1.3019628530027844e-01	   1.4374438345687035e-01	   5.4680297681555601e-01	   2.1788507664997031e-01	   4.8971262107716751e-01	   4.4150983384581721e-01	   1.5682743119675971e-01	   1.0678659278999314e-01	   2.5343302162804104e-01	   9.9969724454077938e-02	   2.1250737931812583e-01	   3.7845728716020083e-01	   1.9562840212957777e-01	   2.3297371842874942e-01	   2.8427050841116791e-01	   9.9680374583393974e-02	  -3.0806504867450502e-01	
   7.9103572488445614e-02	   4.5562493179160564e-02	   8.1984292681157345e-01	   0.0000000000000000e+00	   4.1422580628998967e-01	   4.0699625389245553e-01	   5.6514178672587223e-01	   7.5671003803830295e-01	  -1.2884180274690538e-02	   7.7837155415255710e-02	  -1.5719096042080272e-02	   1.5784509078483044e-01	   4.2510214495745789e-02	   2.0421682248956050e-01	   1.0766404003983554e-01	   5.5820294956701866e-01	  -3.0808327653531020e-01	  -2.5668072927971342e-01	   2.6525044755675659e-01	   5.3603949217376001e-01	   4.6627090024615497e-01	   5.1397515414625961e-01	   6.7862329951881539e-01	   8.8942358350853712e-01	   7.8487980602788698e-01	   8.6887253548083010e-01	   6.8113514385235829e-01	   6.6063241604945500e-01	  -1.5718396547002950e-01	  -8.3464180413275232e-02	   4.3346921124159832e-01	   4.7990523196882295e-01	   5.6189837051454150e-01	   5.5603018415184957e-01	   5.6838516666143579e-01	   4.6476620188381479e-01	   1.8153094766974265e-01	   1.3883990873581703e-01	   3.6252756729919217e-01	   5.4005112661502030e-01	   3.0371061908953867e-01	   3.5828644222384504e-01	   3.8875003154289584e-01	   8.4976719251667179e-02	   1.9712048533415885e-01	   4.3235106213382057e-02	   1.4999423229463066e-01	   2.0743688715654903e-02	   3.9061167560129603e-02	  -1.0146286318261664e-01	   2.9464836827197377e-01	   1.3881230990644181e-01	   1.9379589384242515e-01	  -1.9759308838991709e-02	   3.1716962948205485e-01	   6.0828379610923938e-02	   5.2153384280011400e-02	   8.8417966014002064e-03	   1.9702709073603303e-02	   1.9027743520814241e-01	   9.9287114771895932e-02	   3.6321963095998600e-01	   2.6059015850930300e-01	   2.0055611629745743e-01	   5.7796701410581675e-01	   1.0778718778207375e+00	   8.7595217829309502e-01	   9.1355148001492381e-01	   5.4908906986984896e-01	   4.3428223480597289e-01	   3.8299181623962641e-01	   4.7180333370371769e-01	   1.2809447013521091e-01	   3.9963904687942794e-02	   1.1731216027499045e-01	   1.8269167855346080e-01	   2.9232519536512933e-02	   1.3823371804335993e-01	  -1.9908162166845980e-01	  -1.1665139612266442e-01	   7.9668189915521451e-02	   2.2275014434845331e-01	   3.4832695766657562e-01	   4.2293937482363736e-01	   5.9879089046722411e-01	   7.0443193669143644e-01	   3.9168363301983411e-01	   5.7507794533072143e-01	   2.9494865096616724e-01	   2.7011494585750101e-01	   6.6689591678749016e-01	   4.8083889213276965e-01	   9.1806542667083435e-01	   6.2667731525711567e-01	   1.9116418877636085e-01	   4.8147987457589414e-01	   4.0134968325703690e-01	   3.5392252593474016e-01	   1.7302308001930347e-01	   1.1924653992101636e-01	   2.8414454217262641e-01	   5.5821623846153545e-01	   3.6447492437502516e-01	   5.7943695576998810e-01	   7.5748249166438830e-01	   5.6984041701283239e-01	   2.0101270690422690e-01	   2.8637635139307843e-01	   2.7229749186175228e-01	   2.8120763328695914e-01	   3.8440030883478077e-01	   9.9290910982635275e-02	   2.4743392414147414e-01	   3.7028536459259509e-01	   2.4753803281251635e-01	  -2.0157365494461907e-01	
   3.1010664290313827e-01	   1.4640538280640383e-01	   4.4960667663988829e-01	   4.1422580628998967e-01	   0.0000000000000000e+00	   1.0930506966959874e+00	   4.3820297055417767e-01	   3.5846023537383864e-01	   9.8438314958063255e-01	   7.6324480849944731e-01	   2.8780719152617174e-01	   2.3280442053128642e-01	   4.0693572632742719e-01	   4.3882728681378591e-01	   4.1427485148972570e-01	   2.7344218150727706e-01	  -1.4927611124722401e-01	  -1.1955996842277844e-01	   9.2166585468955023e-02	   1.8619816851007079e-01	   6.6616786098870517e-01	   5.4988070285370172e-01	   5.8326338253118781e-01	   4.9499294389828696e-01	   5.6441770733360275e-01	   5.9609885994305245e-01	   8.9052179174547041e-01	   1.0496671341942378e+00	  -1.0599438002528305e-01	  -6.4307738598804579e-02	   2.2717576423958119e-01	   2.7911904416091632e-01	   2.4774209669559627e-01	   3.5435569756016644e-01	   2.3822982273778451e-01	   2.2205384759711566e-01	   8.0525803375508978e-02	   9.6002088654243603e-02	   1.0309433485575933e-01	   2.4033801987266423e-01	   1.2321646263798536e-01	   1.0246639486003697e-01	   3.4514568394742456e-01	   2.2860124126458686e-01	   2.9525185836998269e-01	   2.1485944156401590e-01	   2.3927881660777001e-01	   2.4289789221958835e-01	   2.2947201985356103e-01	   1.7600348858108861e-01	   3.6322973428338878e-01	   3.4724939076239941e-01	   2.2832380964691240e-01	   2.1423376578424741e-01	   2.6041373458504319e-01	   2.2011136559662700e-01	   1.2242358895438827e-02	   4.4716486452068605e-02	   1.2410219908984255e-01	   2.9159924196420178e-01	   1.9068787652977179e-01	   3.7206208001401636e-01	   1.0619986554664078e-01	   4.3195661769956109e-02	   4.5308350256320190e-01	   3.7222212463419385e-01	   3.0362022071568195e-01	   3.6959570312685897e-01	   4.2260188349910832e-01	   3.8978415286928342e-01	   4.4169907841587286e-01	   3.5478990049550452e-01	  -2.4222232315566181e-02	  -4.9180680981368817e-03	   2.0864319262898671e-02	  -1.6611417287653477e-01	  -1.0315845339124849e-01	  -2.1772656216831814e-02	  -8.3173380709380768e-02	   5.1030364353265960e-02	   2.4952098986570095e-02	   1.2640750175395998e-01	   1.8820909291009666e-01	   2.3403910245664500e-01	   2.8731202161513431e-01	   3.7288294557681084e-01	   2.2382879743170328e-01	   2.8078187836115187e-01	   1.4724535514142278e-01	   3.2771392898476953e-01	   1.0658006402607351e-01	   1.0267672244415559e-01	   2.2560082137775292e-01	   3.5449664094156658e-01	   1.8337475332805850e-01	  -8.3218306007150477e-03	   2.1717341530011453e-01	   2.6008544435512987e-01	   8.3610125485912984e-02	   1.2255588936628581e-01	   6.2295321554475654e-02	   2.2859708246178143e-01	   2.4007842993662845e-01	   2.8162465178194868e-01	   4.0693762349547485e-01	   2.2034543671204238e-01	  -3.3555415981376041e-02	  -8.1112249291180508e-02	  -1.1714269586154180e-01	   2.0316364724185251e-01	   2.3107651418886060e-01	   2.6234592935668000e-01	   4.6702606388088835e-01	   3.1700649793636848e-01	   2.2405720385300509e-01	  -2.1134677456943700e-04	
   1.9471466411297417e-01	   1.3457206379737061e-02	   3.1931443097484558e-01	   4.0699625389245553e-01	   1.0930506966959874e+00	   0.0000000000000000e+00	   4.7835467357267303e-01	   5.7820900629176974e-01	   9.2506267006470078e-01	   1.1002053559978486e+00	   1.6079086010425253e-01	   3.0338659205484142e-01	   2.6369734396849720e-01	   4.2175443287948777e-01	   1.8887930514662754e-01	   9.7678301238352597e-02	  -1.9315889988910578e-01	  -1.9987299221217830e-01	  -5.3129051274653546e-02	   1.4802653841130789e-01	   5.1331208913185067e-01	   4.3991539030677429e-01	   3.6951634018086527e-01	   2.9731205896530893e-01	   4.3118257871224086e-01	   5.1699670543865128e-01	   5.0089999921005357e-01	   7.6870315672149880e-01	  -1.3399694300422721e-01	  -1.3658821488930034e-01	   2.3955476667920156e-01	   2.7377090307033763e-01	   2.2639399039021318e-01	   3.2799876716554272e-01	   1.0180530324128170e-01	   1.1749920784604179e-01	  -1.4548198318076694e-01	  -1.5996649753962350e-01	  -4.1134822238482582e-02	   7.4485504314492662e-02	   2.6638812034650489e-02	  -6.7128048445242922e-02	   2.3161695397567061e-01	   1.3564862990667781e-01	   2.1792025698628809e-01	   1.7925284919911944e-01	   1.3636366910252751e-01	   1.5578923230856223e-01	   2.4713918400247881e-01	   1.6311036281438407e-01	   3.1271168924170301e-01	   3.5784463983679593e-01	   1.3337703571409759e-01	   1.9689215090743109e-01	   8.8126100485171915e-02	   9.3647233738843094e-02	  -2.6345545984910314e-02	  -2.0174627797805201e-02	   1.1349977330778728e-01	   2.4528927703683287e-01	   2.2005944707734740e-01	   4.7157298885826682e-01	   9.3506409479705149e-02	   4.4358739737152819e-03	   1.6624744243725154e-01	   3.1191824905475196e-01	   3.2727812499716563e-01	   3.7683826993451286e-01	   3.2474373295009445e-01	   2.3257165249412221e-01	   3.5102046702184164e-01	   3.4625756918509776e-01	  -1.6190853031174565e-02	  -1.5624627626294413e-03	   7.6746996438458795e-02	  -1.4645345385195552e-01	  -1.1319445566641995e-01	  -1.1616784665128672e-01	  -1.6251293138697709e-01	   5.5564431250720329e-03	  -1.7497340644443285e-01	  -1.2685051436581074e-01	  -4.5413353643224158e-02	  -2.5514975569859464e-02	   2.3566250101171093e-02	   1.4058098722836826e-01	  -2.0487246579405444e-02	   9.9234137646146171e-03	  -6.5255215840124706e-03	   1.7307661955376347e-01	   1.4967614571193197e-01	   6.2246518834685523e-02	   2.8869339548766149e-01	   2.9157171971726548e-01	   3.9576015160591616e-02	  -1.4168812565692160e-01	   1.5966546868801574e-02	   1.3916742752324116e-01	   5.5388345714106918e-02	   7.1955265366761808e-03	   1.0370109110436553e-01	   1.4699469531653098e-01	   9.1670312760803466e-02	   9.9564102771937849e-02	   3.5206906070681243e-01	   2.3722997192408929e-01	   1.3575427901446512e-02	  -7.6256377822320018e-02	  -4.7571259895115632e-02	   2.4122048181422329e-02	   4.5999115247686996e-02	   9.7639041627800113e-02	   2.9007908521874720e-01	   6.4988459755455169e-02	   1.6821530739327001e-01	  -6.5795530184784928e-02	
   3.1073541233877622e-01	   5.9844371485845441e-02	   1.0575037773231104e+00	   5.6514178672587223e-01	   4.3820297055417767e-01	   4.7835467357267303e-01	   0.0000000000000000e+00	   9.8945321502817363e-01	   3.4885193087691690e-01	   3.0817199559782715e-01	   3.6759678603917867e-01	   5.5256933205683312e-01	   3.4388568118206053e-01	   4.0960127364569188e-01	   2.3184500093240637e-01	   4.6268211641925616e-01	  -1.8508634789570100e-01	  -1.5077697471112408e-01	   4.2091938793363504e-01	   5.9606964702105047e-01	   2.5821650987923250e-01	   3.1161031961253866e-01	   4.7611073439743024e-01	   3.3757907774792212e-01	   3.6969091011150584e-01	   4.1757714850233774e-01	   3.0899955150405994e-01	   4.8280439280118226e-01	   6.0862492056809096e-02	   8.0866480502686230e-02	   4.8815756199839616e-01	   4.5563276231551686e-01	   6.2550043194035099e-01	   6.6682878159139503e-01	   2.8052779018913132e-01	   2.7693187965723476e-01	   4.9292209945195758e-02	  -2.0143931216609140e-01	   2.2726963868754946e-01	   2.5799594277757099e-01	   3.5884870796434248e-01	   1.7927749779646510e-01	   3.8451056402222256e-01	   1.7487532121713556e-01	   3.3032483914099331e-01	   2.7730923874748936e-01	   2.7455965016770884e-01	   2.3320370136181645e-01	   3.1469298268122642e-01	   1.2652038937282348e-01	   3.9111759421316206e-01	   2.7968143634219644e-01	   3.4679319899841282e-01	   2.5451183248686604e-01	   1.2959078531373891e-01	   8.5163343545938519e-02	  -7.1982510020468501e-02	  -1.0840123428666771e-02	   2.3841347616403563e-01	   3.9001525603717124e-01	   4.6024371293170457e-01	   7.3337868996362487e-01	   2.8841796279217424e-01	   4.6116900416539941e-01	   1.9514078080569999e-01	   2.7838705566360283e-01	   4.3339392397916154e-01	   5.6873245130411021e-01	   4.4394094468281992e-01	   4.8739970627529805e-01	   3.3315436033196733e-01	   2.9065106805100899e-01	   1.2972474404568157e-01	  -2.4238042608692757e-02	   1.8201187016694659e-01	   2.6257108134883717e-02	   1.0404942642520795e-01	   1.1572938979552205e-01	  -7.8972033237826159e-02	   1.4311412163523296e-01	  -2.2911749435763028e-02	   1.0449472121055153e-01	   2.6924525980286429e-01	   3.0750738130963640e-01	   2.0082589325093977e-01	   3.5352521074693943e-01	   1.2665845209619950e-01	   1.3019540122819614e-01	   9.9467698174279418e-02	   2.4036221931915294e-01	   4.5143966549935521e-01	   4.5603025322096857e-01	   4.7604314199779202e-01	   5.6989870833474321e-01	   4.6681172771286000e-02	  -9.5389811884689896e-02	   1.6144425226188810e-01	   5.2924439663025111e-02	   1.9211618433579908e-01	   1.1709797124273083e-01	   2.1487747067730723e-01	   4.8324554199988207e-01	   1.0315135048065852e-01	   3.3498579510795506e-01	   3.6012151369837114e-01	   7.5235630933637609e-02	   1.8991727674808917e-01	   1.3880922150069328e-01	   5.7944918230572844e-02	   2.0902625366141087e-01	   3.1744293356271119e-01	   2.4181937684928867e-01	   2.4860223175109292e-01	   1.8725252449499502e-01	   6.4090549890964979e-02	  -2.4362133058383686e-01	
   2.4034681028776397e-01	   1.2775157894309047e-01	   5.6679053753859598e-01	   7.5671003803830295e-01	   3.5846023537383864e-01	   5.7820900629176974e-01	   9.8945321502817363e-01	   0.0000000000000000e+00	   2.6142410421878570e-01	   3.9353163570559713e-01	   2.0376044246524858e-01	   6.8602641006617093e-01	   2.3888569735875459e-01	   5.5488854877064009e-01	   4.4731991245975246e-02	   3.9109070820019687e-01	  -1.5950543401619977e-01	  -1.3006504505371244e-01	   3.5058942497578222e-01	   5.4386908626827513e-01	   2.7271825598484672e-01	   3.7155837878676262e-01	   3.5063880513530649e-01	   2.8619351426692491e-01	   4.1994621701709339e-01	   4.3334191559298230e-01	   2.9657493981025085e-01	   5.0384001391043021e-01	  -1.0089553338638294e-02	   4.8384162636619529e-02	   4.3524176649027263e-01	   3.8494751991948600e-01	   7.6027761148806883e-01	   7.8790984887575866e-01	   3.8113525261157827e-01	   3.8454824736334448e-01	   7.1519090846153960e-02	  -4.4004997617025254e-02	   3.1125562338323148e-01	   3.9443192738071370e-01	   3.2000620956090392e-01	   2.4493697600192413e-01	   5.4478010274177424e-01	   3.0371993738467129e-01	   4.3477937284932100e-01	   3.8969871101428954e-01	   3.7378054511481479e-01	   3.3212090499303831e-01	   3.9694791363978077e-01	   2.0211757516447645e-01	   4.6869699503672252e-01	   3.4389529128086505e-01	   3.7041420683436194e-01	   2.7641052268950916e-01	   2.2419808430338933e-01	   1.6374279156073721e-01	   7.3465952434658047e-02	   5.2967563758208616e-02	   1.4333909869393116e-01	   3.0484037305786849e-01	   3.9717489889368002e-01	   8.5919136021533837e-01	   2.6749537184893979e-01	   3.9218679093773862e-01	   2.0870646866068596e-01	   4.9122107666525738e-01	   7.0699000416314006e-01	   8.2844525329927965e-01	   4.0460188449322093e-01	   3.7682150965626171e-01	   1.6679897710347932e-01	   2.5069222175364442e-01	   8.7173607481789886e-02	   3.8480306849590792e-02	   1.2310739313555145e-01	   1.6460429895886056e-01	   2.1214644639847194e-01	   2.0408105825894116e-01	  -6.8631121624601291e-02	   8.5709694419026899e-02	   7.1911371358866438e-02	   1.5299961434358614e-01	   1.7560361793143386e-01	   2.7855967799868536e-01	   1.7943684886270483e-01	   3.3661442864044261e-01	   1.0550338165044280e-01	   1.7919077472259837e-01	   4.8903761919056127e-02	   1.5720017786791490e-01	   6.9649955017778697e-01	   3.8183651750566461e-01	   7.8113501257357121e-01	   5.1845461172760254e-01	   2.0499569134803255e-01	   1.1688504305096617e-01	   2.9050348390121478e-01	   2.2653450097199732e-01	   3.5544713538435180e-01	   2.4089665021743384e-01	   4.5446127991584662e-01	   6.3090252428825822e-01	   2.9718107169516167e-01	   4.1762781160352302e-01	   5.6744701657361707e-01	   2.5529474607163050e-01	   3.2473932202299666e-01	   1.3810524436392577e-01	   2.2016209050605154e-01	   3.3437278032579515e-01	   4.1487355971558004e-01	   2.9055239996036719e-01	   2.9493396788341081e-01	   2.8381315724878636e-01	   7.0945372217071784e-02	  -1.5562463729436965e-01	
   2.7834820246616521e-01	   8.3361059266262749e-02	   1.4715707642832054e-01	  -1.2884180274690538e-02	   9.8438314958063255e-01	   9.2506267006470078e-01	   3.4885193087691690e-01	   2.6142410421878570e-01	   0.0000000000000000e+00	   1.0478799841903266e+00	   2.0777546303619557e-01	   3.0506985468617526e-01	   3.1053837511432064e-01	   4.1529253123674470e-01	   2.4778134512099870e-01	  -7.9819632054508732e-02	  -1.0230532060145564e-01	  -1.2869608708033761e-01	   1.8557072406201330e-02	   6.6272544665557709e-02	   3.0854798090348051e-01	   2.8485948221157570e-01	   1.3309513004074272e-01	   5.1792850728397503e-03	   7.8445586470819381e-02	   1.0599239868310073e-01	   3.0350745532716406e-01	   5.0042753667477236e-01	  -1.4576806506317203e-01	  -1.2996137154305457e-01	   6.1333078683119699e-02	   7.5269754476104372e-02	   4.6941874889959781e-02	   1.3697689727030860e-01	  -1.5192963036458310e-01	  -1.2798160041361703e-01	  -1.5913308288581210e-01	  -1.4921779417802933e-01	  -4.5270008184053190e-02	  -4.1900113196890250e-02	  -1.5195960747763865e-01	  -2.1308948260971883e-01	   2.3515205179912929e-01	   2.5454020872340305e-01	   2.3891733974540783e-01	   2.3255481845515458e-01	   2.4497664681935372e-01	   3.1355967232394910e-01	   3.0888749380345137e-01	   3.0588436964679788e-01	   1.9830871633811656e-01	   3.1189829916107714e-01	   8.6731275916818826e-02	   3.3153784898778144e-01	   8.5421571099580013e-02	   1.9324950186662215e-01	  -9.1435935627732237e-02	   2.1385246528568318e-02	   1.4093327251120563e-01	   3.0413534923402374e-01	   1.7640268533975634e-01	   4.1058948751529423e-01	  -5.5963329471834286e-02	  -9.6411873257944633e-03	   1.3902218855999012e-02	  -3.8454172572184302e-02	  -6.5958228529066423e-02	  -2.5937338404344432e-04	   1.8299829770488885e-01	   2.2577210501632489e-01	   2.5148874801608512e-01	   1.6765495454570198e-01	  -1.0860411452174154e-01	  -8.7605249321969114e-02	  -6.1072453128860026e-02	  -2.7595084799012060e-01	  -2.4913159897237869e-01	  -1.8328099975275333e-01	  -1.2681667963033300e-01	  -2.0097322707868553e-02	  -2.0241350593132737e-01	  -1.9994240830647395e-01	  -1.4937308278291947e-01	  -1.7916018834736741e-01	  -1.2338040561997468e-01	  -2.9280936643393179e-02	  -1.0052038814253164e-01	  -1.9386978490566797e-01	  -9.1400663898560663e-02	   1.4445935043516978e-01	  -1.1816367242307556e-01	  -3.5186828319010030e-02	  -1.0293689556757631e-01	   1.2713812651157072e-01	   2.7511949038750007e-02	  -2.3123204313663925e-01	   4.1717710079607678e-03	   1.1955862381095624e-01	   8.2457060718268790e-02	   8.8223436056079865e-02	  -1.2623801550328342e-01	   2.0543565612712127e-02	   1.4269959650761936e-02	   4.6312969380676493e-02	   1.4683454624400663e-01	  -3.3544512575560764e-02	  -9.6152415053360668e-02	  -1.9073013150975646e-01	  -1.1746565815473990e-01	   1.0331057101264386e-01	   6.2326931758004654e-02	   2.1510567822530369e-01	   3.0380374142175315e-01	   1.2773929684473465e-01	   1.1639948533887610e-01	   8.0504980414269914e-02	
   2.9108806857017894e-01	   1.3575344367291572e-02	   1.1904596927126901e-01	   7.7837155415255710e-02	   7.6324480849944731e-01	   1.1002053559978486e+00	   3.0817199559782715e-01	   3.9353163570559713e-01	   1.0478799841903266e+00	   0.0000000000000000e+00	   2.1903630791508422e-01	   3.7876326140549216e-01	   3.5223277106724193e-01	   4.8834815819795968e-01	   2.3621205913789628e-01	   1.1430661528954954e-02	  -2.4380095788189982e-01	  -2.5817183368105734e-01	  -6.0003742809441166e-02	   6.6269077294654630e-02	   2.1134995785122868e-01	   1.1200647924745023e-01	   1.0147462185111067e-01	   4.1915920278362544e-02	   7.5216269442965361e-02	   1.3683925847802311e-01	   2.6654904802985768e-01	   4.2411808978462795e-01	  -2.6176905100755032e-01	  -2.8792220445025168e-01	  -3.6457527274418818e-02	  -1.6404559945998598e-02	  -3.3161837432573338e-02	   9.5012896820399442e-02	  -9.6038379516798181e-02	  -7.6929816797085215e-02	  -2.3777424132284464e-01	  -2.3987799478662650e-01	  -1.0222218772093274e-01	  -1.2224702998816434e-01	  -2.1706144194584581e-01	  -3.4379019096529057e-01	   1.0370246297302965e-01	   5.3686720492218482e-02	   9.6296041423168804e-02	   1.0810272245522784e-01	   8.9303989552379906e-02	   1.4725416048068346e-01	   2.6711918584510108e-01	   2.2390105275509870e-01	   2.6512496905137845e-01	   2.9934054659224624e-01	   1.5216680022797791e-01	   3.4281022389997962e-01	   5.5187463153921999e-02	   1.5413275587834610e-01	  -6.1529279604250642e-02	   1.6547224082037301e-04	   2.6315696406265104e-01	   3.4025109950231808e-01	   2.4046610136023366e-01	   4.5107243135554581e-01	  -1.8436103181133014e-02	  -4.6829876876868085e-02	   8.6933054756999278e-02	   7.7240311412378207e-02	   6.7970111980336007e-02	   9.5208562356988408e-02	   2.5353109465011919e-01	   2.0547315968485824e-01	   9.7835940556955284e-02	   5.6180521946971054e-02	  -1.9269230715799757e-01	  -1.5719824629232904e-01	  -4.5612509575097174e-02	  -3.7897512655569399e-01	  -1.9110404903277201e-01	  -2.4540739272326451e-01	  -2.6774051119484626e-01	  -9.0635241818851117e-02	  -3.0147533869192916e-01	  -1.7330943198521478e-01	  -1.3943107130143434e-01	  -1.9058363376758397e-01	  -5.5788071282660182e-02	   4.9052542514355854e-02	  -8.2157092542852417e-02	  -1.5607693791626256e-01	   2.9134127457329035e-02	   2.5194287435328022e-01	   6.7667586750209341e-02	   3.9175404847342228e-02	   7.4796789562587090e-02	   2.2731495735997490e-01	   7.8180534277057706e-02	  -2.3246799341648375e-01	  -9.1956090435061269e-02	   2.5128658697307189e-02	   5.3713582128362997e-02	   1.5137043705559804e-02	   3.5089399586227490e-02	   1.0602395433226729e-01	   2.7275961292528282e-03	  -6.4984829277084473e-03	   1.7569634985995916e-01	   2.2077650869064557e-02	  -2.6280865180129582e-02	  -1.4930974207305078e-01	  -4.4122136974021731e-02	  -1.2560392757077651e-02	  -5.2995564282497964e-02	   1.0258731356298827e-01	   1.7150806256991408e-01	   2.3781768699425405e-02	  -5.3918553917730186e-03	  -8.4219853053287996e-02	
   1.0323292065602689e+00	   5.2101927019241190e-01	   2.9362142407867575e-01	  -1.5719096042080272e-02	   2.8780719152617174e-01	   1.6079086010425253e-01	   3.6759678603917867e-01	   2.0376044246524858e-01	   2.0777546303619557e-01	   2.1903630791508422e-01	   0.0000000000000000e+00	   6.8707942055344196e-01	   1.0896779645257422e+00	   6.8783160500638296e-01	   6.0247823539958056e-01	   4.4930757624377476e-01	   4.1247782987904558e-01	   3.5537376187665404e-01	   5.8449226998619364e-01	   3.8589287340455031e-01	   2.8897004228605211e-01	   2.8027995440761300e-01	   2.9201358793468041e-01	   1.5999728504895253e-01	   1.2919202022984466e-01	   7.8867690707019919e-02	   2.0256144274729856e-01	   2.3294219097363250e-01	   5.4184621578831793e-01	   5.1785702299306635e-01	   1.5774095044495121e-01	   1.0059528161274439e-01	   3.5682113256429032e-01	   4.0270811421608527e-01	  -8.5602365689300741e-02	  -2.9280463072104870e-02	   4.3251178147661129e-01	   2.8133767884067612e-01	   4.1147286451055198e-01	   3.6375928752060804e-01	   5.4803398955685811e-01	   3.8993743341503440e-01	   3.3174161326942730e-01	   2.5637353097580595e-01	   2.1524082913442094e-01	   3.4356350693611526e-01	   3.3511917895463145e-01	   3.0801809015623305e-01	   3.3975896498217861e-01	   3.0314527201067454e-01	   3.7683425162586309e-01	   1.9943033579808844e-01	   4.3921424301005391e-01	   2.2500390052397282e-01	   3.0334739320691889e-01	   3.4810118023581443e-01	   3.4874357573482256e-01	   3.4207660767695053e-01	   3.5365930227632536e-01	   3.6532245232068866e-01	   6.2815623044373625e-01	   3.3263638081597996e-01	   5.4524085528142285e-01	   4.4135734027072659e-01	   2.3306535704377149e-01	  -3.8096271060989347e-02	  -1.0844176607197122e-01	   5.5116104620647956e-02	   3.3810161049228088e-01	   3.0524786479150151e-01	   4.6733017136596655e-01	   3.9805498751352275e-01	   4.6162244639067751e-01	   4.5602850925025729e-01	   6.0733086285340165e-01	   3.3898465301255370e-01	   6.7981982161797561e-01	   6.5202526431686214e-01	   4.9442398372357588e-01	   5.4368443383370391e-01	   3.8431057970101934e-01	   5.0678937003919966e-01	   5.8484530809733648e-01	   4.4417726865407392e-01	   2.9904833829350330e-01	   2.5632457079731241e-01	   3.2002602264662250e-01	   2.8440140130275737e-01	   2.9533223165416195e-01	   3.5718586075874509e-01	   1.1365652789068220e-01	   4.2522435822771869e-02	   2.7039061805353769e-02	   1.9087718865167358e-01	   2.6653883122613614e-01	  -1.2096269628352437e-01	   3.3012457949685703e-01	   2.3562124687225458e-01	   4.4753074082313904e-01	   3.8809898349326710e-01	   1.8273519981974312e-01	   3.3644834873759266e-01	   1.8685075003430207e-01	   2.9023280087291831e-01	   3.2408413117681056e-02	  -2.1149905690854826e-01	   3.7138613922193676e-02	  -2.4296824759465693e-02	  -2.6480458537531876e-01	   4.3339276839686591e-01	   4.1445669042058575e-01	   4.6228750423950493e-01	   5.1846707116899182e-01	   3.6406972772759438e-01	   9.3354189444676966e-02	   1.9706139685059024e-01	
   6.6676689484670382e-01	   3.8147356760116008e-01	   1.9826652337639716e-01	   1.5784509078483044e-01	   2.3280442053128642e-01	   3.0338659205484142e-01	   5.5256933205683312e-01	   6.8602641006617093e-01	   3.0506985468617526e-01	   3.7876326140549216e-01	   6.8707942055344196e-01	   0.0000000000000000e+00	   5.0029417343542382e-01	   1.0318831629195298e+00	   1.3277301764810701e-01	   3.8515068148020309e-01	   3.3716450572172735e-01	   2.7729173460963630e-01	   4.6566761021590664e-01	   6.1020636878881829e-01	   7.3523847814183238e-02	   1.5171403203830802e-01	   1.6012652715185611e-02	  -5.5587270688978244e-03	   4.2765614214333473e-03	   7.1709251174184351e-03	   8.6387583558974662e-02	   2.2859071395535052e-01	   3.1300297751466499e-01	   3.9706603950914615e-01	   5.3136977346534803e-02	   1.1112054345323015e-03	   4.5775853596476690e-01	   5.5181015692568502e-01	  -1.3793464499558106e-01	  -6.4551746594544587e-02	   6.8419176301740034e-02	   5.0691659009249879e-03	   1.1393480656858580e-01	   2.0030000928311553e-01	   2.3896780297153977e-01	   1.4526610958003824e-01	   5.0479465163310910e-01	   4.2677268592305900e-01	   3.8623501763064311e-01	   5.5950182840644813e-01	   5.1379541707990617e-01	   5.1171098960370431e-01	   5.8564933882169889e-01	   4.5122962262086985e-01	   5.7394395302530843e-01	   4.4933575413199789e-01	   5.6357244836797649e-01	   3.9332896297588138e-01	   2.5954641743197965e-01	   3.8490636373599901e-01	   1.2503926944179791e-01	   1.3251036805342739e-01	   2.6762678697192632e-01	   3.5917192401403342e-01	   5.6120137441457607e-01	   7.0381946528458694e-01	   5.0112568626269960e-01	   7.4109181666764479e-01	  -1.1055750805641439e-01	   5.8864085821583582e-02	   1.3034741144741072e-01	   3.1020541387954537e-01	   2.3963785569202137e-01	   2.4856540055175114e-01	   9.5158978284024531e-02	   1.5530042933801072e-01	   2.2631883210051973e-01	   2.7357119990527767e-01	   2.0607686395724795e-01	   2.4383320154541097e-01	   3.9747311012013392e-01	   4.7098268634869622e-01	   3.3915064769903180e-01	   5.0547140001431001e-01	   2.6976045936176035e-01	   2.7304755753057924e-01	   1.3683898131855360e-01	   2.2267255523655710e-01	   1.8204003661609250e-02	   1.6616126467526823e-01	  -7.1474028135348961e-04	   2.0084972510611390e-02	   9.8719642076373043e-02	   2.9053902337435805e-01	   4.6969339775323776e-01	   1.1261608711802285e-01	   4.1530754821449201e-01	   1.7379044651804512e-01	   1.2578448698751585e-01	  -1.2963753096654793e-01	   2.6214921673670838e-01	   2.3540608716705300e-01	   6.3247347549498512e-01	   4.5969811766621294e-01	   4.5962079778568793e-01	   4.3084934155472276e-01	   3.6353401465659990e-01	   3.7160960077159727e-01	   2.7984317459668806e-01	  -1.1273442583149586e-01	   1.6863732292458247e-01	   5.8489852245344059e-02	  -1.0588237212656222e-01	   4.0921730039388493e-01	   4.7137214478068556e-01	   4.9119419517850238e-01	   5.4868647734743736e-01	   3.1329539161945558e-01	  -8.4361004698415204e-02	   1.3006364638863394e-02	
   8.0525260484769934e-01	   5.2530552870373148e-01	   3.5886011668730478e-01	   4.2510214495745789e-02	   4.0693572632742719e-01	   2.6369734396849720e-01	   3.4388568118206053e-01	   2.3888569735875459e-01	   3.1053837511432064e-01	   3.5223277106724193e-01	   1.0896779645257422e+00	   5.0029417343542382e-01	   0.0000000000000000e+00	   8.4228976159425339e-01	   1.0090449100735557e+00	   5.4998809422925121e-01	   9.3772868406301807e-02	   9.5475903555453698e-02	   3.8724406761078106e-01	   2.5561975504720058e-01	   3.5119864478434487e-01	   2.9639909978602219e-01	   4.3469625504729426e-01	   2.5858796167181330e-01	   2.2411727276805424e-01	   1.7770327340246864e-01	   2.8580055309787522e-01	   2.8374987655486655e-01	   1.8811561988315720e-01	   1.7817865373422090e-01	   1.3336493769523253e-01	   9.7196762283322552e-02	   2.9211907581208579e-01	   3.4401025620087466e-01	   1.8170829824899612e-01	   2.4360804787224483e-01	   3.8514796522519767e-01	   2.4537765587510088e-01	   4.2546311868151077e-01	   3.6222291456231870e-01	   4.3716583774022977e-01	   3.3632191257089927e-01	   4.8067567467876149e-01	   3.6275483343026055e-01	   3.8515338930957055e-01	   4.5684097164939530e-01	   4.8392141901568619e-01	   4.5081910677481268e-01	   4.8136368218432624e-01	   5.5601084939459189e-01	   5.3622555568025598e-01	   3.9285605614061381e-01	   6.6581580229915527e-01	   4.7762657202726788e-01	   6.0751187727786793e-01	   6.0653118164808806e-01	   3.1717762800060412e-01	   4.1724527030442032e-01	   4.8486618175619245e-01	   5.1715241653591493e-01	   5.0757556977039764e-01	   3.9755841065850961e-01	   2.7060328173397641e-01	   1.5216207057742201e-01	   3.1469123443805691e-01	   6.8890397858803659e-02	   5.9453689937552151e-02	   1.6150513942864009e-01	   4.2216610127388476e-01	   4.9653293324575520e-01	   4.6010925847820794e-01	   3.1775983473902786e-01	   2.2306924499769096e-01	   2.0033853941190125e-01	   3.6785970590297795e-01	   1.3890411851408629e-01	   3.9820735531554552e-01	   3.5864580657193673e-01	   1.6633060148854231e-01	   3.3653288431165079e-01	   2.1353694798922510e-01	   4.4145361800667704e-01	   5.9142363057810843e-01	   4.4111065277998990e-01	   4.0143458319772563e-01	   3.4482979176947298e-01	   4.9731116701971001e-01	   3.7016896355109480e-01	   5.0064547830513972e-01	   5.7581121707498251e-01	   2.1945661447003412e-01	   2.1760015457848966e-01	   1.1779966839829052e-01	   3.6006858229892397e-01	   2.1224483496291127e-01	  -1.7437313256615083e-01	   4.3610450040151227e-01	   3.1297627786530313e-01	   4.7988321990385263e-01	   4.8154468644685616e-01	   1.7688289464370485e-01	   4.1903338164660564e-01	   2.0026817558849103e-01	   2.3380633852400814e-01	   9.1969474440652871e-02	  -1.6221831999719358e-01	  -6.1214937355987223e-02	  -5.4693481623758894e-02	  -1.5550625039302379e-01	   3.2050487472637296e-01	   5.0378300798672504e-01	   5.5974316255160605e-01	   5.5442514540474508e-01	   2.7539075908172322e-01	   5.4595427492064568e-03	   6.9770185817696784e-02	
