   0.0000000000000000e+00	   1.5988415974868226e+00	   6.1293745313745074e-01	   8.5023599557276519e-01	   5.0834707244257205e-01	   9.5027178465265161e-01	   7.0901837763945652e-01	   9.4923211414722042e-01	   5.9450933036076004e-01	   1.2076617951703750e+00	   1.2370212010501116e+00	   9.6078603376564398e-01	   1.0836555497182792e+00	   1.0047248761819727e+00	   1.0777852744895451e+00	   7.6098502513650479e-01	   8.9473526791433877e-01	   1.0051843134248486e+00	   1.4855847283691195e+00	   1.3454611202437927e+00	   2.4326590581819924e-01	   9.0558178650013657e-02	   6.8344054934277965e-01	   6.7126359008430192e-01	   5.6334421640038068e-01	   6.9419515610148619e-01	   6.4644199531604696e-01	   4.4390528884572866e-01	   7.7731731411628457e-01	   6.6962073826938873e-01	   4.9771639115604904e-01	   5.5358199790220208e-01	   1.2677607289439712e+00	   1.1427745650249526e+00	   7.0126498539042648e-01	   8.4556943228180725e-01	   6.8478179261831162e-01	   8.4438621937699310e-01	   7.7872865960861737e-01	   8.7240971018107794e-01	   1.0579881076211612e+00	   1.0306101182604626e+00	   1.1422146586218500e+00	   1.1808904838716967e+00	   8.5855405320547651e-01	   9.4518157070682274e-01	   1.2191529018277294e+00	   1.2572816437891952e+00	   9.4979410110897589e-01	   9.8392236564908020e-01	   1.1402150725289315e+00	   1.0555755536350713e+00	   1.1387166240659679e+00	   1.0012414578943438e+00	   1.1291677015973005e+00	   1.2750248339667387e+00	   1.2741255464876202e+00	   1.1771854817839804e+00	   9.9846864158604998e-01	   1.1417019389595029e+00	   9.3726375410364215e-01	   9.8824334378827672e-01	   8.8049687603925253e-01	   1.0024553693323526e+00	   7.1265148259113387e-01	   6.7313912608737214e-01	   9.1495821555225887e-01	   1.0314041220529708e+00	   1.1199911712432591e+00	   1.0795722902822846e+00	   6.2081192672586016e-01	   5.8835213111671325e-01	   9.8377806943180501e-01	   1.0547956533741760e+00	   7.6839938271047936e-01	   1.0401198245514276e+00	   9.6237833202365763e-01	   1.0604555347876805e+00	   7.2911279622161285e-01	   8.6111730498820549e-01	   1.1645134950732092e+00	   1.0365402302792426e+00	   9.0328832183038332e-01	   1.0518887860344877e+00	   8.5889452935716282e-01	   8.7334375710318923e-01	   7.3759848936580963e-01	   7.9313763692052863e-01	   1.0662627469964912e+00	   1.0521680272373202e+00	   5.5432298631199672e-01	   5.0631827085955539e-01	   4.3681953634007076e-01	   4.2155392630687166e-01	  -1.7155861237296763e-01	  -9.7490733261243606e-02	   7.6709035404026382e-01	   6.5985775154422155e-01	   9.6877357801840946e-01	   1.0108590372469939e+00	   4.6936542865166841e-01	   7.0227482144450248e-01	   6.5474802504124952e-01	   7.4997953812731655e-01	   1.7273722975334443e-01	  -1.5018767658696153e-01	  -2.3204747183274455e-01	   4.4968760734957702e-01	  -2.3421022174419565e-01	   1.3513578323599484e-01	   1.1195685121681416e+00	   9.8635118020527279e-01	   7.9034373866415686e-01	   5.8385020352116945e-01	   1.6604217695140966e-01	  -2.6191728997997421e-01	
   1.5988415974868226e+00	   0.0000000000000000e+00	   5.4462799355949576e-01	   8.1940450807443033e-01	   3.6417080265319024e-01	   9.0440876944565085e-01	   5.4595774919506468e-01	   8.2612229223721578e-01	   5.1731234105612534e-01	   1.0449956171306540e+00	   1.0238053929518030e+00	   1.0566559273647129e+00	   1.0446709847075122e+00	   1.1163936697115355e+00	   9.2720630388207370e-01	   8.0797021373572264e-01	   9.0617094954270960e-01	   1.1044692266727465e+00	   1.1855444824509125e+00	   1.1432327036647203e+00	   2.8021514467263009e-01	   1.8617087957628775e-01	   6.1392770640222993e-01	   6.3407363999512079e-01	   4.9067778570299070e-01	   6.7841480298179724e-01	   5.9367864121699276e-01	   5.3439293933643217e-01	   7.8159194167928447e-01	   7.1912421813960392e-01	   4.7439058881398299e-01	   5.6782420610826700e-01	   1.2338704701352503e+00	   1.1567575178331033e+00	   7.0869002329476982e-01	   8.0705455025481498e-01	   7.7591887587906805e-01	   9.2032249516390963e-01	   8.5561313529610539e-01	   1.0160561873393112e+00	   1.0497174269170482e+00	   1.1631406188489934e+00	   1.0744450520665716e+00	   1.1253902048852555e+00	   8.2890997733339222e-01	   9.3363821645854839e-01	   1.1800661270086636e+00	   1.1897438052078757e+00	   9.1737244681841945e-01	   9.4703900601310109e-01	   1.1687918286035357e+00	   1.0070866054992815e+00	   1.0770619113449038e+00	   9.0270999535287033e-01	   1.1740739872690855e+00	   1.2384958734805636e+00	   1.5166819145168364e+00	   1.6070119185539393e+00	   1.0191585608639815e+00	   1.0743963855617136e+00	   8.7891233831975324e-01	   1.0413700798495762e+00	   8.3761382792686434e-01	   1.1139211534654696e+00	   5.8233742718873083e-01	   6.5231811317048227e-01	   8.8382969958217794e-01	   9.8767185348333275e-01	   1.0230184708937922e+00	   9.8388794763666632e-01	   4.9908653665386293e-01	   5.1215051529470013e-01	   9.7816772134192098e-01	   1.1513405089740745e+00	   7.9181564711446750e-01	   1.1010838238169882e+00	   9.5681428738168461e-01	   9.9993593740352626e-01	   8.4862066849905671e-01	   8.9315859224456895e-01	   1.3172888964330427e+00	   1.1863631969718020e+00	   8.6166426357154757e-01	   1.1318026736101834e+00	   9.4372850961635246e-01	   9.2622995491242865e-01	   7.5425827967170478e-01	   9.5657929700266975e-01	   9.5660233097343284e-01	   9.2244945952545698e-01	   4.4540944154676709e-01	   3.9191079684237540e-01	   3.8033872307082439e-01	   3.1392355551412487e-01	  -1.7009875814605396e-01	  -1.2855740291171053e-01	   8.7630661416261657e-01	   7.1907669610157232e-01	   9.0634228238034420e-01	   9.2039002030539885e-01	   4.1652196847359746e-01	   5.3005146007300408e-01	   5.7214499711304112e-01	   5.8421372906967495e-01	   6.7580864482866362e-02	  -2.6457623164343869e-01	  -2.6541803401980096e-01	   4.6169202945583698e-01	  -2.5383688122167192e-01	   1.2747872738865487e-01	   9.7747005194900072e-01	   9.4188593344874527e-01	   6.6524821816590640e-01	   5.6153279015194479e-01	   1.3928635476739742e-01	  -2.1277611363101212e-01	
   6.1293745313745074e-01	   5.4462799355949576e-01	   0.0000000000000000e+00	   1.0797092108961557e+00	   1.1006418282375370e+00	   7.3758950201223383e-01	   1.5445519102580860e+00	   8.8909802648047009e-01	   8.4998310782036235e-01	   5.7760900062864995e-01	   6.1569331339233435e-01	   4.2439269863625922e-01	   7.1095080661298871e-01	   4.4133154608432978e-01	   8.7523136703378046e-01	   6.6759950426615156e-01	   1.7586963058549052e-01	   2.4129313905777616e-01	   8.0329091585957335e-01	   7.0263802012465726e-01	   2.0234426940169056e-01	   1.6351509523151710e-02	   1.4188168777770849e+00	   1.0617286271367157e+00	   1.2830707526880536e+00	   1.0907461587714753e+00	   8.7927419015437724e-01	   5.6610132571687721e-01	   2.3213059920031218e-01	   2.0183741692942656e-01	   7.7255554452723496e-01	   8.0019670459017656e-01	   8.1805940164166557e-01	   7.0190136893604127e-01	   1.0495240074096182e+00	   8.9220757909609860e-01	   4.2664842637251016e-01	   2.9766000591900066e-01	   6.2036673384288443e-01	   4.8301051217984792e-01	   6.0972946566862629e-01	   4.8008613009518863e-01	   6.5818373582665157e-01	   5.9466326831067606e-01	   6.4020508348745053e-01	   6.4214528412284333e-01	   6.1207239207710074e-01	   6.3736780752721733e-01	   5.6160121946203512e-01	   5.5477015806868757e-01	   7.6033493739339819e-01	   6.2866765170042949e-01	   7.5783652876231988e-01	   6.4178612877876851e-01	   7.4061749232961216e-01	   8.1209575562537906e-01	   3.0635009113559059e-01	   4.5485986852052740e-01	   7.1674930559747452e-01	   6.8789516859117672e-01	   5.3854935256358982e-01	   5.4893523173867487e-01	   2.4119710025930169e-01	   3.3024005774740339e-01	   1.0173588570593317e+00	   8.5451787668119894e-01	   9.1782427589208571e-01	   7.4713969455015050e-01	   7.0060308052673048e-01	   7.2577948928855640e-01	   5.2128448504272207e-01	   3.3286460188817291e-01	   4.2569136162041787e-01	   3.3993515187771861e-01	   4.1463008697522147e-01	   4.0594782223520870e-01	   5.1603382427840028e-01	   5.1448787581563482e-01	   6.9667668084565759e-02	   3.0950846360284490e-01	   2.8719998841508426e-01	   4.7951711746902737e-01	   8.7347616148738516e-01	   6.2798351486402582e-01	   8.3801518603633585e-01	   9.3272698924126352e-01	   7.0088496770225439e-01	   6.0231507569299481e-01	   1.0150784999886930e+00	   9.2415439979642511e-01	   8.2073451994104074e-01	   8.8744041610235258e-01	   6.7976154737696493e-01	   8.4325523768224775e-01	   2.2835918636295319e-02	   2.1434644512812384e-01	   5.4151587129474654e-01	   5.1663913971990905e-01	   7.8965895647238948e-01	   8.6662643490966940e-01	   5.9037071955928622e-01	   8.3263660444251564e-01	   6.4838653431713444e-01	   5.2733667934736261e-01	   1.8123047832899522e-01	   8.3308481878090340e-02	  -8.3592856260804843e-02	   4.4924868847738925e-01	  -1.1350934743787540e-01	   1.5245506605251058e-01	   8.4171338036763055e-01	   6.2065501301512493e-01	   5.1987688310085844e-01	   4.3488996782353456e-01	   3.6344583654133872e-01	  -2.6369106780076784e-01	
   8.5023599557276519e-01	   8.1940450807443033e-01	   1.0797092108961557e+00	   0.0000000000000000e+00	   9.2930991512194283e-01	   1.0227134907646058e+00	   1.0671078650089418e+00	   1.6263137730625752e+00	   7.1517198580454999e-01	   8.6002500517978464e-01	   7.3257735405094193e-01	   8.0996067101455960e-01	   7.0607386683825191e-01	   8.5929695286693253e-01	   1.0209783099306642e+00	   1.0389099005599631e+00	   3.3345802516976247e-01	   4.3177767858274063e-01	   1.1060675540245377e+00	   1.0555672360864370e+00	   2.5064750681135994e-01	   9.1868479227236538e-02	   1.3492050499410373e+00	   1.6122675934114190e+00	   1.2152674634071583e+00	   1.2112986403174177e+00	   9.6937127915751475e-01	   6.9607997988701853e-01	   4.1705481685746953e-01	   3.7961537307693383e-01	   7.4255469388589213e-01	   8.8501084302623245e-01	   1.0369607025341940e+00	   9.4472048392448282e-01	   9.7587093453843776e-01	   1.0023777682393111e+00	   6.8716716172904724e-01	   6.2112576226463090e-01	   8.2141547445657304e-01	   7.0623345453257169e-01	   9.2306238898011539e-01	   6.7510248942388962e-01	   9.0876487987687371e-01	   7.8102314300848419e-01	   7.0354450732914287e-01	   6.9941377729771037e-01	   9.0538837604575229e-01	   9.0641804160999728e-01	   7.2601188866453470e-01	   7.4246839308322787e-01	   1.0627529147793882e+00	   9.6220285837490449e-01	   1.0907765696518799e+00	   9.6476739109212972e-01	   1.0094098206779212e+00	   1.1397459176111093e+00	   4.9210754182581246e-01	   6.1743620056294712e-01	   7.8940823449595920e-01	   1.0265786880737158e+00	   5.2513991492185907e-01	   8.7222015962713073e-01	   3.5223207477927093e-01	   4.5365832835719960e-01	   9.0280756150127017e-01	   1.2143189401043168e+00	   1.0218509984871795e+00	   9.9574710960567436e-01	   9.3994183712522728e-01	   1.0629388018049362e+00	   5.9679755111516453e-01	   5.5223387110837974e-01	   6.0835698411396488e-01	   6.0559174405525884e-01	   5.3903037309173896e-01	   5.8161592910154325e-01	   8.0749717405107957e-01	   9.1713539144605916e-01	   2.8038681733132786e-01	   5.3585032586159953e-01	   5.7601349295044757e-01	   7.4407909551045115e-01	   1.2582949403931023e+00	   9.5365706852774546e-01	   1.2435499139626185e+00	   1.3730665620098177e+00	   8.3698462109647054e-01	   9.7665958995361013e-01	   1.2195351187437442e+00	   1.4244646573506254e+00	   9.8737607725564658e-01	   9.0999330853555982e-01	   8.9460773726493714e-01	   6.8902670695119539e-01	  -1.3939885815871114e-01	   7.3478212574128010e-02	   7.1673863617519906e-01	   5.2525982256880810e-01	   1.1386978948038455e+00	   1.1074861902017625e+00	   6.7063806498583267e-01	   7.3706738571019059e-01	   7.4500462557141922e-01	   6.2352565133484106e-01	   1.7119048554028482e-01	  -1.3338137746398274e-01	  -7.4458646671835937e-02	   5.5492560138185842e-01	  -1.7478709550477722e-01	   1.9911840086106330e-01	   1.1630094395418689e+00	   8.8470112337065321e-01	   6.8781520956682374e-01	   6.6803601679864888e-01	   4.0355642275392450e-01	  -2.3501328621398299e-01	
   5.0834707244257205e-01	   3.6417080265319024e-01	   1.1006418282375370e+00	   9.2930991512194283e-01	   0.0000000000000000e+00	   8.1064783838534327e-01	   1.1612638250186842e+00	   9.2637749194274788e-01	   1.1608149991486063e+00	   6.0858545012465737e-01	   5.9480142933610369e-01	   3.6149435564735044e-01	   6.0024898846582542e-01	   4.3959562631521221e-01	   8.7591429904145723e-01	   7.3405176761049484e-01	   1.0739925328103020e-01	   1.6693218130721865e-01	   6.8076544055566834e-01	   5.9229812231841505e-01	   1.8697840341657990e-01	   9.2397962425203511e-02	   1.2293345275155096e+00	   9.9755281736997581e-01	   1.0967717099017729e+00	   9.5398984870373948e-01	   6.8911849734586650e-01	   4.6342591530990707e-01	   2.2249778265402562e-01	   1.5757843016284251e-01	   8.6205577947795686e-01	   8.3394164208806898e-01	   6.8693052868997484e-01	   6.0538361231680105e-01	   7.4565673912329500e-01	   6.8293019087511631e-01	   4.0452024170722106e-01	   2.5816032988332804e-01	   4.7867323820104379e-01	   2.9510654266668379e-01	   5.4145055635013206e-01	   3.4762593051977453e-01	   5.5535994506873454e-01	   4.9576911646713362e-01	   5.9189777824584466e-01	   5.9288030926201696e-01	   5.6898377776272946e-01	   6.0025943421366112e-01	   5.8983606111884601e-01	   6.2287717834146505e-01	   6.4663222035450252e-01	   5.6779828860327841e-01	   7.1801478855291045e-01	   6.3250901670026072e-01	   6.2881455213344206e-01	   6.9852527824420740e-01	   1.9543706583010489e-01	   2.7084477536434559e-01	   5.9503102424948706e-01	   6.4258070666971445e-01	   4.7749644819161063e-01	   4.7142247514015317e-01	   1.3306639883849017e-01	   9.1578389634641433e-02	   9.3416859706267497e-01	   8.3111143843187563e-01	   7.2110049347972394e-01	   5.7130269197927963e-01	   6.3099838112460338e-01	   6.4071842063321827e-01	   5.6133241044568427e-01	   3.9416431789159317e-01	   4.3295684580951133e-01	   2.7964557619318803e-01	   4.3051929340641187e-01	   3.1473683473502784e-01	   4.5034600601348301e-01	   4.4933167275491437e-01	  -1.9064862107444541e-02	   2.7681651115641415e-01	   1.8631594238828342e-01	   3.3294135728846769e-01	   8.2329618253713532e-01	   5.5553176664583193e-01	   7.4114049555034223e-01	   7.9285807495945093e-01	   5.2088720843267311e-01	   4.8200447425093584e-01	   7.9795998499367904e-01	   8.8816860742168879e-01	   9.1651925746657747e-01	   8.8039499237364027e-01	   7.4171462163451740e-01	   7.5611444588241561e-01	   1.1161637081449866e-01	   2.4227379073674726e-01	   5.2202256612646081e-01	   4.5854081924002771e-01	   7.9786924457085306e-01	   8.4545311402947654e-01	   6.2784288475430594e-01	   6.9466060850225653e-01	   6.3708486013349530e-01	   5.0998504784998144e-01	   2.5321526212134632e-01	   1.5542424882513761e-03	   3.5918347765982232e-02	   4.9729445437759717e-01	  -1.2752387667178700e-01	   2.2233491412219628e-01	   7.8144526207415899e-01	   5.6389996647775553e-01	   6.3218654782281447e-01	   3.6733447353330895e-01	   2.5298894532057825e-01	  -3.2575084659708814e-01	
   9.5027178465265161e-01	   9.0440876944565085e-01	   7.3758950201223383e-01	   1.0227134907646058e+00	   8.1064783838534327e-01	   0.0000000000000000e+00	   8.3632746594087348e-01	   1.1956789319058019e+00	   8.1576911659903428e-01	   9.6648856968846597e-01	   8.4697341764629708e-01	   8.4508904926511053e-01	   8.2410956426626225e-01	   9.5051746870405529e-01	   1.0240418920157630e+00	   9.5665388318156941e-01	   4.5526595123643943e-01	   4.9566412764340906e-01	   1.0765315446077490e+00	   1.0274608819566262e+00	   3.8848657173070922e-01	   3.0223360322969373e-01	   8.7371733999458168e-01	   9.0257447192969464e-01	   7.1489783434990584e-01	   9.9110616975332122e-01	   4.4694677882931433e-01	   6.5247425643274193e-01	   4.7750333443422655e-01	   4.6034337753339555e-01	   7.0504562072739152e-01	   8.0435857848206926e-01	   1.0636230961795528e+00	   1.0562518602263693e+00	   7.6052235412298275e-01	   8.5115134143718896e-01	   7.5397168350700772e-01	   5.9735737066620753e-01	   8.3996662003318001e-01	   7.2329440929316813e-01	   9.3064802599575802e-01	   6.9616623599569394e-01	   9.7800935268482714e-01	   9.0023655298386851e-01	   9.2658348892802200e-01	   9.6764014463992443e-01	   1.0893767939532122e+00	   1.0835290860945301e+00	   9.4186864648580693e-01	   9.7595153338344220e-01	   9.3318941640488795e-01	   9.7266245239157856e-01	   1.0247591057493037e+00	   9.5928343947442996e-01	   1.0655320252460045e+00	   1.1417531277158015e+00	   7.0572902034552654e-01	   7.9756412684318589e-01	   9.4297771936297536e-01	   1.0937307869229693e+00	   8.5298549984552152e-01	   1.1595800550373963e+00	   5.2998047919046642e-01	   5.4992717204586461e-01	   6.5138910078157242e-01	   9.0413274455087334e-01	   9.6347201180472475e-01	   9.5293130736686416e-01	   9.4899605762469297e-01	   1.0112730297618546e+00	   5.2771914017735688e-01	   5.4730228838897321e-01	   6.7456077661290026e-01	   7.0122779971630711e-01	   6.7107089209436754e-01	   6.5756421612927562e-01	   6.5306944509761955e-01	   7.0610101606450992e-01	   2.9262504518997196e-01	   4.8402128017878193e-01	   6.5556285120001356e-01	   6.4130946604326033e-01	   9.2618164910055556e-01	   8.1655253405758799e-01	   8.2636135174811476e-01	   7.7249167357535642e-01	   4.9279413864456029e-01	   7.0212812704131777e-01	   9.1418033829894685e-01	   1.0393534484259752e+00	   8.2347361048421752e-01	   6.7573826064094433e-01	   6.8722244568551083e-01	   5.0661403332127386e-01	   4.5036617564737230e-02	   2.3392667790069277e-01	   8.1631616227557080e-01	   7.2702123347443914e-01	   1.1367727068885478e+00	   1.0866923812290405e+00	   7.9643682373793423e-01	   6.7131639880626981e-01	   8.0067263527444510e-01	   7.0929402484195780e-01	   3.0355329671731385e-01	  -5.2620735161680497e-02	  -8.4201808010010010e-02	   7.1812414114948830e-01	  -1.5007023253585181e-01	   3.3100501329894005e-01	   1.0867926384613951e+00	   9.6268611414131922e-01	   8.0433715731100119e-01	   4.2999483788254772e-01	   1.6250268825313202e-01	  -2.7187413033294661e-01	
   7.0901837763945652e-01	   5.4595774919506468e-01	   1.5445519102580860e+00	   1.0671078650089418e+00	   1.1612638250186842e+00	   8.3632746594087348e-01	   0.0000000000000000e+00	   1.0340223022413437e+00	   1.0009641272124934e+00	   7.6515519745909399e-01	   7.1581229819758252e-01	   4.2171905371707613e-01	   7.3026357413983389e-01	   4.4404395483062642e-01	   8.1583375168337136e-01	   5.9025306270588140e-01	   2.1554164122279473e-01	   2.7537000702962611e-01	   9.0804057743206590e-01	   8.2810132429199956e-01	   1.6963587929911994e-01	  -1.1150945305658950e-02	   1.1482777510805793e+00	   9.3343789719092185e-01	   1.0298415828360996e+00	   9.6614850233158844e-01	   6.5303688397288195e-01	   4.0680403159159761e-01	   2.4551139496316887e-01	   2.0142156254319282e-01	   6.8948126659803954e-01	   7.0592658528108665e-01	   8.7090540449564613e-01	   7.7940922390004030e-01	   8.5419303281903103e-01	   8.2638328863612598e-01	   3.7976414050489160e-01	   3.0352461970303901e-01	   5.7963228958675383e-01	   4.2203028597432429e-01	   6.1681815936804552e-01	   5.1807952993280215e-01	   7.0063371155892040e-01	   6.2840685656961170e-01	   6.8189765803022340e-01	   6.8060889732910068e-01	   6.7086636267432709e-01	   6.9926588725737937e-01	   6.0601716224846647e-01	   5.9403145718529105e-01	   7.4537059737635236e-01	   6.8347461840030488e-01	   7.6826000537907591e-01	   6.3818608171311797e-01	   7.0846544610107798e-01	   8.1487911647449573e-01	   3.3022386370360440e-01	   4.4690167398758257e-01	   7.1257859579607652e-01	   7.5613865021169235e-01	   5.8536042250380149e-01	   6.0258721787768876e-01	   3.4966372305310978e-01	   3.3569031422542067e-01	   1.1253520024792882e+00	   9.9163474890278580e-01	   9.1984794821302429e-01	   7.8769106712883941e-01	   7.7213710719777362e-01	   8.1679824696814018e-01	   5.5820432710428791e-01	   4.0939820961468049e-01	   4.7940108870658432e-01	   4.0116037514178576e-01	   4.5659462249916127e-01	   4.6238184185875647e-01	   5.7358460251034105e-01	   5.8397236927786689e-01	   8.4539817233284506e-02	   3.6674114226211080e-01	   3.5829039617585884e-01	   4.9122581882790983e-01	   7.3795292623959352e-01	   5.4403317824215880e-01	   7.0646974849356936e-01	   8.4924051545111467e-01	   5.1019142670461126e-01	   4.4193475005538368e-01	   8.9435821487299672e-01	   8.9014593675234088e-01	   8.5245710219013737e-01	   9.2011114025961838e-01	   7.1079785648594274e-01	   9.1172641000545718e-01	   4.8964999823415803e-02	   1.8411087697518461e-01	   4.9022895944417944e-01	   5.2018564581799398e-01	   8.3789076774129645e-01	   9.3271254813011262e-01	   5.7563876922143442e-01	   8.9717883186247538e-01	   7.2344634438597932e-01	   6.2437164215262064e-01	   2.5506251534750263e-01	   7.6792034904016968e-02	  -1.2318063290386230e-02	   4.2134972701209833e-01	  -1.5296028343763773e-01	   1.0161424819101210e-01	   8.6449479709719745e-01	   6.1072573494827320e-01	   6.2025212506711680e-01	   4.3125702797869181e-01	   2.6033567606854774e-01	  -2.7885258508123389e-01	
   9.4923211414722042e-01	   8.2612229223721578e-01	   8.8909802648047009e-01	   1.6263137730625752e+00	   9.2637749194274788e-01	   1.1956789319058019e+00	   1.0340223022413437e+00	   0.0000000000000000e+00	   8.1660584773107703e-01	   1.0762374390114147e+00	   9.0515169065671619e-01	   1.0183634950704870e+00	   8.1809323602817252e-01	   1.0932722886322850e+00	   1.1173925240552194e+00	   1.0674237253527294e+00	   3.9729985002561857e-01	   5.0376519717423451e-01	   1.0819600782781773e+00	   1.0350871799860355e+00	   3.4628229840686531e-01	   2.0758560305537674e-01	   1.0947699163058298e+00	   1.2095228487499277e+00	   9.4615241284043239e-01	   1.0972329350290402e+00	   7.2353871459188823e-01	   6.9646266822666902e-01	   5.3376836608214784e-01	   5.0462459564537121e-01	   7.6462481805677085e-01	   9.3189355988927125e-01	   1.0355528048122340e+00	   1.0496322164075014e+00	   7.3295006927817719e-01	   8.1743208353798535e-01	   6.8678868173401575e-01	   6.3995258543698863e-01	   8.6540297497055940e-01	   6.9173016023224188e-01	   8.4826706282882924e-01	   6.5449405285572182e-01	   8.8169666756155651e-01	   7.9374128112792719e-01	   6.8742327510057544e-01	   7.2380611647383941e-01	   9.6298548722424548e-01	   9.2977132331965029e-01	   7.1256266184628492e-01	   7.9382703614328187e-01	   9.4437604821724697e-01	   9.6505908523307282e-01	   1.0353910600421503e+00	   9.5537234762390411e-01	   1.0029569166112839e+00	   1.1347703439555994e+00	   5.6566483079269081e-01	   6.5958799676030755e-01	   7.6642112551109454e-01	   1.0243239437924636e+00	   6.7404425502706400e-01	   1.0967717245259758e+00	   5.0052084427736210e-01	   5.6035998819743060e-01	   9.0822219972003093e-01	   1.2784451651206101e+00	   8.9822818277995409e-01	   9.3681646100692362e-01	   8.6571193473913055e-01	   9.7031894743381208e-01	   6.7123859716455481e-01	   6.4466382984666004e-01	   6.8315543232272069e-01	   7.3863538255071282e-01	   5.6678763107534325e-01	   6.7459832287247279e-01	   7.8289683860745374e-01	   9.1327992713914508e-01	   3.3114814939246939e-01	   5.5778969703817360e-01	   6.6782468391133154e-01	   7.7861541673140700e-01	   1.1041820500505108e+00	   9.0408876587418052e-01	   1.0989272637319376e+00	   1.1016977299038833e+00	   6.3822670151537875e-01	   7.4401562675044552e-01	   1.0490330962534247e+00	   1.2570950593105767e+00	   8.7121641619811818e-01	   7.3613198681757541e-01	   8.3134613517574873e-01	   5.9391657179476554e-01	  -1.6097320106667756e-01	   5.4308923762671484e-02	   7.8279274885122530e-01	   5.7857015551941604e-01	   1.1172938861179682e+00	   1.0575034287354854e+00	   7.3405502184981519e-01	   6.7034093706045650e-01	   7.1247223283048333e-01	   6.1438084861918973e-01	   1.3853847519910428e-01	  -1.7602181565142533e-01	  -1.5034391985620618e-01	   5.5166745479389201e-01	  -1.4236864015681439e-01	   1.9092321640973134e-01	   1.0670235278068654e+00	   8.5716776415074425e-01	   7.5426592847780405e-01	   5.7100712872507220e-01	   3.2004740002939058e-01	  -2.2986577958712906e-01	
   5.9450933036076004e-01	   5.1731234105612534e-01	   8.4998310782036235e-01	   7.1517198580454999e-01	   1.1608149991486063e+00	   8.1576911659903428e-01	   1.0009641272124934e+00	   8.1660584773107703e-01	   0.0000000000000000e+00	   7.9801333388111628e-01	   7.7415639399481007e-01	   3.9524665335438985e-01	   9.4495375040129836e-01	   5.5205667373654843e-01	   8.3514104041181425e-01	   5.2770980634650577e-01	   1.8212963283520925e-01	   2.3517457500300148e-01	   6.9929472029801376e-01	   6.3167439514675838e-01	   1.9553235813752035e-01	   9.3919556137661217e-02	   8.1406388856597067e-01	   6.6390035217010968e-01	   6.0109569737761603e-01	   6.7684114305634391e-01	   4.0017246562114489e-01	   2.8663081801208856e-01	   2.5070226987490896e-01	   1.8354935939140835e-01	   6.2446301892273282e-01	   6.3193174234303096e-01	   6.5025948190603866e-01	   5.8857078138108632e-01	   5.4510959526271896e-01	   5.5796961550564617e-01	   3.1248561262001884e-01	   2.0021987019000118e-01	   3.6889635118302672e-01	   2.3777510938900798e-01	   4.1705185637064429e-01	   4.1299485838533062e-01	   6.9273617457714720e-01	   6.9872661608470221e-01	   7.2084926242377589e-01	   7.6512459485888840e-01	   7.3759609094667267e-01	   7.7961172385220012e-01	   7.9931818083276196e-01	   8.7217121000147557e-01	   7.1832962458056082e-01	   6.9251640467840203e-01	   7.0057748777896323e-01	   6.0692437892133400e-01	   7.1545888657956658e-01	   7.4251488318073089e-01	   3.0348039233644869e-01	   3.9208944274119034e-01	   8.0289783973626194e-01	   6.6722648411032348e-01	   6.7785491099133499e-01	   5.3230761993113318e-01	   2.8008640868790663e-01	   2.4632867256834143e-01	   6.8703262344599014e-01	   7.2358767357024090e-01	   6.5930770896471458e-01	   5.5947431283439586e-01	   6.5298208973998628e-01	   6.3483379402958784e-01	   5.2009657590654490e-01	   4.4549168928636595e-01	   5.1134800080650200e-01	   4.1499360992848167e-01	   4.7297524525117174e-01	   4.2644863403640237e-01	   4.3608669745783046e-01	   4.0878257115620542e-01	   5.8799002778027160e-02	   3.4170261804026847e-01	   2.8148891409127169e-01	   4.1499662915777735e-01	   5.8269753600652541e-01	   4.5579240751755717e-01	   5.6208588796270931e-01	   6.3084946610540260e-01	   3.4820876908051623e-01	   3.0101607300795052e-01	   5.8984949338398507e-01	   6.7596507934610128e-01	   7.3696917798915973e-01	   6.8288253307935010e-01	   6.8914794946771096e-01	   6.0805748736645682e-01	   1.4089594418274501e-01	   9.4249103718971342e-02	   6.4648232327303501e-01	   5.2143112246915568e-01	   8.8755757194836205e-01	   9.8324247198289338e-01	   6.9090949628349085e-01	   6.3356807556267714e-01	   7.1585700049793455e-01	   5.6238251914624848e-01	   3.0819191689224440e-01	  -9.4861325988734771e-02	   8.2665425108799963e-03	   5.2399624523740285e-01	  -7.8415778367818101e-02	   1.7940980796396302e-01	   7.5721768654950417e-01	   6.7362195708024264e-01	   7.4022345030474634e-01	   3.7620844897236627e-01	   2.1183055010786103e-01	  -2.5540166675214887e-01	
   1.2076617951703750e+00	   1.0449956171306540e+00	   5.7760900062864995e-01	   8.6002500517978464e-01	   6.0858545012465737e-01	   9.6648856968846597e-01	   7.6515519745909399e-01	   1.0762374390114147e+00	   7.9801333388111628e-01	   0.0000000000000000e+00	   1.0965917146040822e+00	   8.0953916425736894e-01	   9.6287315311321398e-01	   9.5824952733200786e-01	   9.6606470695913360e-01	   7.4238685846003427e-01	   5.8170029582579497e-01	   6.3746574763835218e-01	   1.0612052232549061e+00	   1.0049287824186461e+00	   2.8221419647729767e-01	   1.0645874732575507e-01	   5.6847705693938599e-01	   5.8955357023816801e-01	   4.7367385166222981e-01	   6.0015434728691563e-01	   4.2778333751010200e-01	   3.7280101170274382e-01	   6.3037528961936273e-01	   5.3015606387536540e-01	   4.6935892620836694e-01	   5.3641692292547749e-01	   9.4724069224119523e-01	   8.9799938072562324e-01	   4.7777550121770551e-01	   6.0421307715923112e-01	   5.4412443748175665e-01	   5.4769643061170115e-01	   7.7913894912853254e-01	   6.6303208140058301e-01	   7.0209796977232986e-01	   7.7194618530374970e-01	   1.0168367119061807e+00	   1.0354459869142083e+00	   8.4319875949555168e-01	   8.9434905477989002e-01	   1.2289884675829239e+00	   1.1531093270973143e+00	   1.0324162601204840e+00	   1.0871778111355177e+00	   1.1204115292174635e+00	   1.3201173498017871e+00	   1.1467875949149273e+00	   1.0476219012855803e+00	   1.1038119806521309e+00	   1.1557118988852002e+00	   8.3412545586464171e-01	   9.4437753683846504e-01	   1.0184672504545165e+00	   1.0841480553793130e+00	   1.0348927560014662e+00	   1.1658124140002848e+00	   8.1177589459026644e-01	   7.7884581974576017e-01	   6.5253708518550690e-01	   7.6908733518317840e-01	   8.2977917614049912e-01	   9.0969067892626498e-01	   9.6159966331398350e-01	   9.8529864358645058e-01	   5.0808101649664916e-01	   5.6566846589852526e-01	   8.3166824523515714e-01	   8.3706124617516442e-01	   6.9384887803847728e-01	   8.4205119342448376e-01	   6.3635586413825096e-01	   7.0294703907909606e-01	   4.9818135967177435e-01	   5.7642587319969107e-01	   8.8746499060476669e-01	   7.8740893886793695e-01	   7.3741524215449605e-01	   7.5827691200481229e-01	   6.9175066314874922e-01	   7.1268268810725965e-01	   4.4567418470824061e-01	   5.2683479953425993e-01	   8.0876888373269462e-01	   8.3787752577174524e-01	   5.8441168494591411e-01	   5.0613962393253498e-01	   5.5881335670897059e-01	   4.5316789244521399e-01	  -1.1309819987615485e-01	  -2.0305223815625234e-01	   8.1425694080958921e-01	   5.5632894148646472e-01	   9.9059790455432783e-01	   9.5186613523907770e-01	   5.2604160009912704e-01	   6.2257047713090163e-01	   6.3964571238551926e-01	   6.8082811783561015e-01	   1.8669521155406774e-01	  -2.8721753654779980e-01	  -2.2561853155426587e-01	   4.1435706979297166e-01	  -1.8071551802076119e-01	   7.6761804275170042e-02	   9.3194836605428444e-01	   9.1938976940246431e-01	   8.0681304484702354e-01	   4.0144371800833645e-01	   1.1873212162731338e-02	  -2.8341073592804811e-01	
   1.2370212010501116e+00	   1.0238053929518030e+00	   6.1569331339233435e-01	   7.3257735405094193e-01	   5.9480142933610369e-01	   8.4697341764629708e-01	   7.1581229819758252e-01	   9.0515169065671619e-01	   7.7415639399481007e-01	   1.0965917146040822e+00	   0.0000000000000000e+00	   9.3964535423582896e-01	   1.5972795655326488e+00	   1.0412712699893625e+00	   1.2067923664479914e+00	   7.7006260904121171e-01	   8.1000249815376790e-01	   8.6930412055173734e-01	   9.8955426329372942e-01	   8.3122503389924185e-01	   3.5768083613868051e-01	   2.3908964148351655e-01	   6.8021804695504473e-01	   6.1931051219162703e-01	   5.0022618267329266e-01	   6.7915404449023131e-01	   4.2337274393010405e-01	   4.1389782984538248e-01	   1.0344841015470858e+00	   8.3285268794403422e-01	   7.6987036520749419e-01	   7.6766775273894960e-01	   1.1583599328076613e+00	   1.1627352567187561e+00	   5.5766612913791580e-01	   6.1838638184666461e-01	   6.0812789215106366e-01	   7.0250696725540807e-01	   7.5986518845059914e-01	   6.4838907340700169e-01	   7.4619179195663243e-01	   8.4293034881930939e-01	   8.6785834344654345e-01	   8.9629917312694829e-01	   7.1477033259688416e-01	   8.1269494501999784e-01	   9.7665810295591649e-01	   9.3938236991018143e-01	   7.7828488629440584e-01	   8.5840335464247786e-01	   8.7305137490277374e-01	   7.8951198796120914e-01	   8.5197921976360480e-01	   7.4042660562870355e-01	   1.0045031002680089e+00	   1.0399673014238973e+00	   8.3139923957980000e-01	   8.1396540886133562e-01	   8.8523286815840474e-01	   7.3503785990855075e-01	   9.8107105338473266e-01	   8.7623734645706108e-01	   8.7199974606093489e-01	   8.6625648323822635e-01	   6.6046919696563344e-01	   6.4199832056914818e-01	   7.1669304505851494e-01	   7.1216382394982136e-01	   7.0570805289136629e-01	   6.6156262798414001e-01	   8.0154109855305844e-01	   6.4024809724758458e-01	   1.0535866764934818e+00	   1.0069442475046566e+00	   8.8362344595521403e-01	   9.1800006198537720e-01	   8.2675123630858138e-01	   8.2082951218893807e-01	   6.6675437958312178e-01	   8.2950437406268041e-01	   9.0612073533498505e-01	   9.5041518944503411e-01	   8.5848559851218287e-01	   8.7417057390865438e-01	   8.1198718182499363e-01	   7.4827175143208113e-01	   7.1101062397223547e-01	   6.0181078958482404e-01	   7.9587732824346480e-01	   8.5751393530148690e-01	   4.0041741345937987e-01	   3.4686128536252397e-01	   3.7787375885169461e-01	   2.5696528516179495e-01	  -6.6747198882280395e-02	  -3.7739256963837489e-03	   9.2182459627657642e-01	   7.4024706068234891e-01	   7.7696989979579789e-01	   8.2472137307458837e-01	   3.9446577904867386e-01	   4.8243993496720700e-01	   4.8878212897345086e-01	   5.0759204240356659e-01	   1.2848082472555383e-01	  -2.8154662761749272e-01	  -2.7304907426288311e-01	   3.7911079360254601e-01	   3.8256422826074075e-02	   3.1918235215926932e-01	   8.2841479335953228e-01	   6.7108248192191777e-01	   6.4215518868490340e-01	   4.2724859722195913e-01	   2.6851653150814114e-01	  -1.8730202914372579e-02	
   9.6078603376564398e-01	   1.0566559273647129e+00	   4.2439269863625922e-01	   8.0996067101455960e-01	   3.6149435564735044e-01	   8.4508904926511053e-01	   4.2171905371707613e-01	   1.0183634950704870e+00	   3.9524665335438985e-01	   8.0953916425736894e-01	   9.3964535423582896e-01	   0.0000000000000000e+00	   8.3981804754722167e-01	   1.8005980512452613e+00	   8.7623663001528185e-01	   9.5964782889061728e-01	   8.0823090885522053e-01	   9.8436643309397187e-01	   7.8696057773959294e-01	   7.5982724550194858e-01	   5.3101549394252978e-01	   4.6228639798433657e-01	   6.1065080611964428e-01	   7.3457820070925761e-01	   4.5760507345460599e-01	   7.2174539638201496e-01	   4.2173620871540296e-01	   7.5844089908118306e-01	   1.0170128976990596e+00	   1.0836789853503888e+00	   7.1304703121678548e-01	   8.8830582321281260e-01	   1.0018725020080950e+00	   1.1395302408659340e+00	   5.5550348057811549e-01	   5.8698584296953393e-01	   8.0613858825731632e-01	   9.3559964428263964e-01	   7.9084136840892616e-01	   8.1670401617423405e-01	   8.6755841444767157e-01	   7.6998104789884159e-01	   7.4765858308482447e-01	   7.2267520202977087e-01	   5.1494963648982817e-01	   5.9674397836887549e-01	   8.7095159747793005e-01	   8.0379132455172830e-01	   5.7221625107933971e-01	   6.2658867671734164e-01	   7.7493292021387861e-01	   6.7913785889150102e-01	   7.6893181236625818e-01	   7.1728551256072937e-01	   9.3143827583939032e-01	   9.6550258073456174e-01	   9.1622088704463867e-01	   8.7128727428651542e-01	   6.2853391084594845e-01	   6.8627446007753490e-01	   6.3530241164606405e-01	   9.7900965856105215e-01	   7.5556617790814951e-01	   9.6000691641714631e-01	   4.6427255261172218e-01	   6.5250598942838456e-01	   5.8265637907572154e-01	   6.7008948376018951e-01	   5.3061243929446111e-01	   5.6790353288860940e-01	   6.6724585290669036e-01	   6.8609635545728886e-01	   8.9986246601330833e-01	   1.1739581850253522e+00	   6.9406748204366908e-01	   9.2252174499503115e-01	   9.4826406172544542e-01	   1.0290329652240300e+00	   7.8339915457649667e-01	   8.2541391125420760e-01	   1.1036764530161536e+00	   1.1447399487807144e+00	   8.2438243376924980e-01	   1.0383230752580304e+00	   1.0745406987882733e+00	   8.4889015525139178e-01	   6.1844102341024465e-01	   7.7053270733340651e-01	   7.3785977715994411e-01	   8.4039427014714196e-01	   3.5812849649108258e-01	   2.3507469527182712e-01	   3.7651792494525904e-01	   1.1358986728438369e-01	  -4.1080715234302856e-01	   4.5950778934573441e-03	   7.9852787333064479e-01	   5.6036103758031719e-01	   7.4164537834076749e-01	   6.7936518558084669e-01	   3.6300587518154609e-01	   2.8206005006698109e-01	   3.4951728375899715e-01	   3.3018870152246299e-01	  -9.3126912824965449e-02	  -3.2355627192034236e-01	  -4.2221441737242116e-01	   3.8593570224390267e-01	  -9.7330888369446256e-02	   2.7040209661194725e-01	   7.2631805358158430e-01	   6.1903137875552838e-01	   4.5015622172797198e-01	   4.3476447385249684e-01	   2.8800821000785903e-01	  -4.2254428418365637e-02	
   1.0836555497182792e+00	   1.0446709847075122e+00	   7.1095080661298871e-01	   7.0607386683825191e-01	   6.0024898846582542e-01	   8.2410956426626225e-01	   7.3026357413983389e-01	   8.1809323602817252e-01	   9.4495375040129836e-01	   9.6287315311321398e-01	   1.5972795655326488e+00	   8.3981804754722167e-01	   0.0000000000000000e+00	   9.9409827062321354e-01	   1.1856970890221277e+00	   7.1587451466914753e-01	   6.9824802762458715e-01	   7.4006002446707408e-01	   9.0899781754571429e-01	   8.0635046419606671e-01	   3.1851297811071566e-01	   1.9978233760041955e-01	   6.9829863936801517e-01	   5.8827009833020771e-01	   4.6806783858572309e-01	   6.7710168178584340e-01	   4.5417911644286796e-01	   4.2705872000465894e-01	   8.0390608782686723e-01	   6.8590730749562523e-01	   6.9575031355277894e-01	   7.0504580251008231e-01	   1.0293071354625374e+00	   9.8435941775120750e-01	   6.0663159404180489e-01	   6.3884199564131638e-01	   5.9392022164801495e-01	   6.4613988543383005e-01	   6.8266009480561707e-01	   6.4844146912062417e-01	   7.0539698469063283e-01	   8.2761769437127675e-01	   8.8007508539111667e-01	   9.5247791209214494e-01	   7.3598686515931067e-01	   8.4444659895008867e-01	   9.6736297351011347e-01	   9.9159308671310453e-01	   8.1085774058435134e-01	   9.0512618773861231e-01	   8.8860730470164251e-01	   7.9188594967626835e-01	   8.5844934567070430e-01	   7.1555286370937310e-01	   1.0538979743942924e+00	   1.0533398632926783e+00	   7.8147425339867427e-01	   8.3429354797313715e-01	   9.2201532686435006e-01	   7.4822177559665548e-01	   1.0498713703531031e+00	   8.2815826135861270e-01	   7.3372200320055914e-01	   7.8710644194695112e-01	   6.2273830304126920e-01	   6.0358502194944008e-01	   7.0373651660810277e-01	   6.7240420366988640e-01	   7.2986307835312403e-01	   6.7059725356974187e-01	   7.4767679913094887e-01	   6.0887250653663116e-01	   9.6935470695142589e-01	   9.5821641041545469e-01	   8.5394826932178525e-01	   9.3620749165101980e-01	   8.1119848124149507e-01	   7.7619910632907652e-01	   5.6958194771737181e-01	   7.3724491315970553e-01	   7.8799341697686498e-01	   8.8766704039265232e-01	   7.8485406025309545e-01	   8.1767733475259341e-01	   7.5700456818579576e-01	   7.5010920136286707e-01	   6.4728237647020281e-01	   5.9182866670401935e-01	   8.2833787529046965e-01	   8.3248793758233230e-01	   4.0204803193443062e-01	   3.5417204260171731e-01	   3.6723990137870088e-01	   2.5294244337041966e-01	  -1.0213864635295630e-01	  -5.1949136200846888e-02	   8.9161432492907955e-01	   7.2346665688740197e-01	   7.9699423804434255e-01	   8.4942361196325078e-01	   4.4233234476096828e-01	   4.6130443499152829e-01	   4.7152535868798601e-01	   4.6009725895544895e-01	   7.9493758734871550e-02	  -2.9949629263192096e-01	  -3.0095882986273192e-01	   4.5306776436561291e-01	  -7.5863055399146714e-02	   2.4684487930509555e-01	   8.3087514371838578e-01	   6.9611527027205977e-01	   6.4410289397925968e-01	   4.5408574292898907e-01	   2.6227941476034422e-01	  -1.4272734954545399e-01	
