   0.0000000000000000e+00	   1.8762257526176349e+00	   1.0492179100054715e+00	   1.1785344043732784e+00	   4.9453866674098151e-01	   6.2746294176425488e-01	   9.6399312362365108e-01	   1.0147335298782405e+00	   7.4225386131570759e-02	   3.9172404955316109e-01	   1.4475371420209318e+00	   1.4949514896148535e+00	   1.0510209595642046e+00	   1.3681295247463385e+00	   1.1666720491293505e+00	   1.3788549993959083e+00	   9.5545339916047967e-01	   1.0821287465128113e+00	   1.1835986640348197e+00	   1.1044521497307409e+00	   8.1016851086622443e-01	   9.4197246987934324e-01	   1.0901604869115604e+00	   9.1530245938362509e-01	   7.6128587661035041e-01	   7.8517393275250513e-01	   5.8242549658970166e-01	   7.8611603159293442e-01	   1.1370105145016958e+00	   9.7989622322081127e-01	   1.0574480558905379e+00	   1.0709712114904439e+00	   1.3161555015388693e+00	   1.3704195768721057e+00	   8.9947527461946963e-01	   7.1843078446488517e-01	   1.0234324495926863e+00	   7.2130167415803936e-01	   9.7137224370504427e-01	   1.1287966683500139e+00	   1.2183815607132573e+00	   8.8334000090530207e-01	   8.0177910793319385e-01	   1.0212823461173510e+00	   6.4717459821768875e-01	   6.8783074214915252e-01	   8.1196150589976235e-01	   8.7049676422990474e-01	   6.6065097847272902e-01	   8.3659399024231895e-01	   1.0013019895307040e+00	   1.1228666365481721e+00	   8.9928581426560694e-01	   6.8441236138331707e-01	   1.2330289818193831e+00	   1.1401747063573746e+00	   1.4095298673930567e+00	   1.3305312028668472e+00	   1.0349530202023725e+00	   8.1065935964900870e-01	   1.2392052478352076e+00	   1.1586683601082302e+00	   1.3233155893571040e+00	   1.3023434821328927e+00	   1.0969139446630454e+00	   1.0322369388391572e+00	   1.0197455402153504e+00	   9.1310467599790490e-01	   9.4179080210434862e-01	   8.8472142888526539e-01	   1.2247144013385607e+00	   1.1529372215617606e+00	   1.1750279899852762e+00	   1.2254976073817794e+00	   1.2350671187143516e+00	   1.2812897645021541e+00	   1.3216506663395098e+00	   1.3540925383919231e+00	   7.7589968008368526e-01	   6.6961700425253989e-01	   1.0410156403495021e+00	   1.3172927901065412e+00	   1.1909499198349822e+00	   1.1282163360876483e+00	   1.4265614856397761e+00	   1.2681655351512555e+00	   8.8709103805450118e-01	   9.9186781784721811e-01	   1.1169605666873095e+00	   9.2582347107243967e-01	   3.3683860319494779e-01	   2.1793226415782710e-01	   3.4553016927687619e-01	   4.2536758864537655e-01	   3.1661906731593598e-01	   4.7055508071121910e-01	   1.0383881928485383e+00	   9.5539006842556473e-01	   7.8608644929184035e-01	   6.6041735485781705e-01	   4.3337852956383344e-01	   5.7684691377544584e-01	   5.7289406763423478e-01	   6.3793955452005791e-01	   4.4579003106419834e-01	   3.5436001175123953e-03	   6.4500993408199025e-01	   4.6484688539665037e-01	   3.5607911647083651e-01	   7.6094543200166220e-01	   7.9364981699325943e-01	   5.7049420375470472e-01	   6.8933479478729509e-01	   7.9300856971474154e-01	   5.9373984115260281e-01	  -3.6755572416924753e-01	
   1.8762257526176349e+00	   0.0000000000000000e+00	   9.3902014979152160e-01	   1.1672389675769335e+00	   5.2298491415185511e-01	   5.7389947910007200e-01	   8.0017736831474706e-01	   8.8179427184492698e-01	   9.0985960057957713e-02	   3.6876312133283995e-01	   1.2853815369922124e+00	   1.4411214821028757e+00	   9.0864232898080433e-01	   1.3346601916667558e+00	   1.0704935439968983e+00	   1.2493634362750310e+00	   1.0673477655599064e+00	   1.1979216812731990e+00	   1.0447531090144080e+00	   1.0321123626305637e+00	   8.0805781894040019e-01	   9.9155766679953472e-01	   1.0855086000926744e+00	   9.1472121770086301e-01	   7.9778579620204637e-01	   8.3179524134097516e-01	   5.9010173272960054e-01	   7.7734296556656945e-01	   1.1949368081345288e+00	   1.0454013290161828e+00	   1.0616124461308489e+00	   1.0746048930311838e+00	   1.2957552052592483e+00	   1.4020720275616505e+00	   7.6411003032346858e-01	   6.0292019728689294e-01	   1.1723321312688915e+00	   8.4393710762497987e-01	   9.5097204173651906e-01	   1.2668110578454963e+00	   1.2639592232017953e+00	   7.9939757279338852e-01	   7.4395191800436766e-01	   1.0735346174087239e+00	   6.2729131982471431e-01	   6.8906149763148627e-01	   8.0868930585144561e-01	   8.6743711813651991e-01	   7.4957639714320867e-01	   8.7187393185071060e-01	   1.1746718680680241e+00	   1.1627467108507561e+00	   9.9252604109753062e-01	   6.7902388791075141e-01	   1.3377812319406335e+00	   1.1143626044197130e+00	   1.4256110535389543e+00	   1.4769229051803769e+00	   1.0240204426794839e+00	   8.3104440544556435e-01	   1.1336947507453810e+00	   1.0242162106212758e+00	   1.4017490694400729e+00	   1.4479670708705539e+00	   1.0384110708908783e+00	   9.1325956686677701e-01	   9.2737883696159351e-01	   8.2874152613797947e-01	   8.5470953231120284e-01	   8.4350815016653158e-01	   1.1726195060251428e+00	   1.1429709725180450e+00	   1.1485961487366767e+00	   1.3443539881200075e+00	   1.2257297885032938e+00	   1.3720929681302902e+00	   1.3665613145633693e+00	   1.4112699536093263e+00	   8.6794800325639532e-01	   7.1029967318280374e-01	   1.0779840123840967e+00	   1.4400620743245487e+00	   1.1067378719591185e+00	   9.9092251149006982e-01	   1.4140505922707800e+00	   1.1996430721161067e+00	   8.8571666410693384e-01	   9.3297763525022182e-01	   1.0462722758282172e+00	   8.5547917227121151e-01	   2.2465953373807701e-01	   1.1766583693623116e-01	   2.3762402708636776e-01	   3.1640385448980918e-01	   3.9476525342601909e-01	   5.7470115468961236e-01	   1.0801546515748626e+00	   9.8476859764422964e-01	   6.8689591680270090e-01	   5.4270745730242920e-01	   3.6821390268843424e-01	   4.5123300142336431e-01	   5.2446924538542772e-01	   5.2615611848852684e-01	   4.3258619429645617e-01	  -2.9658701152188511e-02	   6.3349710760408851e-01	   3.6325727551640002e-01	   3.7952049038404251e-01	   8.7342799542578409e-01	   7.3311814310132017e-01	   5.1007054181719624e-01	   6.6892002818487062e-01	   8.7218725859981205e-01	   6.5810831512556134e-01	  -2.4273898502953645e-01	
   1.0492179100054715e+00	   9.3902014979152160e-01	   0.0000000000000000e+00	   1.4388479503959131e+00	   9.0149901069698601e-01	   9.6880252960287305e-01	   1.5012651758636102e+00	   1.4621067569687145e+00	   3.4224811469654298e-01	   5.6194021052362320e-01	   9.4846400249685769e-01	   9.3142542839471298e-01	   1.0637739266381727e+00	   9.5448748592100874e-01	   1.2879193872075798e+00	   1.1785785711375070e+00	   4.8024654539736356e-01	   5.3512946985229404e-01	   1.3651882951123036e+00	   1.4492650195714389e+00	   8.0843147487839462e-01	   7.7461501522563680e-01	   1.3912302424199170e+00	   1.1763002530288635e+00	   1.0482374863572244e+00	   1.0243999138913833e+00	   8.9261289537490274e-01	   1.1570951803283362e+00	   5.3204770388829170e-01	   4.4106531344782635e-01	   9.4877689841678015e-01	   9.5516101807740139e-01	   1.0755693372128883e+00	   1.0853111787726362e+00	   1.1477528284070631e+00	   1.1747982817678078e+00	   6.7028822386405162e-01	   4.6018244642717276e-01	   8.6562575913215645e-01	   7.8911925407149641e-01	   9.4058843318430363e-01	   6.9552958996273917e-01	   9.8759279027210090e-01	   6.4158836502682659e-01	   5.9127280020334860e-01	   4.8802372175059999e-01	   8.4760389368560496e-01	   9.2108867714567155e-01	   4.0046397071670797e-01	   7.1591365928727468e-01	   7.2069086653269177e-01	   9.2920223228351495e-01	   7.2543972583409821e-01	   1.0599994867664251e+00	   1.0360001613725696e+00	   1.4186232579003935e+00	   8.2090288583307425e-01	   9.1988809401895910e-01	   9.1631894047186568e-01	   1.0593511486944984e+00	   1.0277323034246582e+00	   1.0735727497483472e+00	   8.2865233815114514e-01	   8.5877460189452737e-01	   1.0426863674941751e+00	   1.0825152345358942e+00	   1.4439379605176579e+00	   1.2557327314069411e+00	   1.2141512809230597e+00	   1.2577801310954140e+00	   9.7671288623428743e-01	   6.9667696549582236e-01	   6.8247658552859392e-01	   6.1365998693160362e-01	   6.9743339107537528e-01	   7.3581767911590878e-01	   7.6518933713434634e-01	   8.0131005156028867e-01	   4.0031795076042515e-01	   3.9556482435122170e-01	   7.3199866554771220e-01	   8.8574307567286115e-01	   1.3035094897407526e+00	   8.8992675594275883e-01	   1.0691809256930469e+00	   1.1362738376453019e+00	   7.8298769893574627e-01	   8.5433954024144265e-01	   1.3701367060009195e+00	   1.3688732079557200e+00	   7.3191222740177986e-01	   6.9043948373561126e-01	   6.3653625754497889e-01	   9.0215992605670792e-01	   3.0285538367565307e-01	   2.8559158180385164e-01	   9.1742172466888194e-01	   7.5393801384633852e-01	   1.0045131409247163e+00	   1.0745708353854044e+00	   5.9396587231530451e-01	   9.2139756917972515e-01	   6.0693154553968065e-01	   8.2285346038802398e-01	   6.3119239829060336e-01	   2.4279767378714012e-01	   6.6249865126810503e-01	   8.9614124707762788e-01	   2.7504917000790291e-01	   5.2510552088983042e-01	   9.4067876743191781e-01	   7.8778628536232742e-01	   8.7337725350676398e-01	   5.5886912201826155e-01	   3.8061457040087265e-01	  -3.8624230574615531e-01	
   1.1785344043732784e+00	   1.1672389675769335e+00	   1.4388479503959131e+00	   0.0000000000000000e+00	   8.6650472323158700e-01	   8.2536234230430205e-01	   1.0065125614991273e+00	   1.4170894597651020e+00	   2.7073430715852609e-01	   4.9394724576561005e-01	   9.9233801754656625e-01	   1.2590748007604309e+00	   8.4547267478551813e-01	   1.2292034642814131e+00	   1.1664000791280300e+00	   1.3156267830155186e+00	   5.7711007901014211e-01	   6.7735051440112215e-01	   1.0917274798783865e+00	   1.3136605645857966e+00	   1.0844901296241607e+00	   1.1070293632963248e+00	   1.5362475956737862e+00	   1.6559207625599501e+00	   1.2970375646200296e+00	   1.4440436383710771e+00	   1.0061658118891494e+00	   1.2646724647765057e+00	   6.4929028647975684e-01	   5.7730360511873136e-01	   1.1316878846659397e+00	   1.1967959518228166e+00	   1.1392071162256592e+00	   1.2704853865126184e+00	   1.1150136300627180e+00	   1.0113201030629588e+00	   8.8652467926622713e-01	   7.2920237183204761e-01	   1.0319742627614601e+00	   1.0743754163425066e+00	   1.0970951626389269e+00	   8.1244866819448336e-01	   1.0083036782760069e+00	   8.7975067702264820e-01	   6.2991360646085093e-01	   6.2549574749387105e-01	   9.3816153809654812e-01	   1.0328594924792456e+00	   5.5198666684596587e-01	   8.2027264090175966e-01	   9.0933326488175736e-01	   1.0910212509490309e+00	   8.4654942233892116e-01	   8.8390057177569226e-01	   1.3140157203981060e+00	   1.6670361700184502e+00	   8.8044106666213173e-01	   1.0250497430132262e+00	   9.3253586966483104e-01	   1.0010151965572742e+00	   9.2868787355470472e-01	   1.1837121789045493e+00	   8.8506781426511250e-01	   1.0153051700533198e+00	   1.1749493403660685e+00	   1.4916359306963975e+00	   1.4520437629777374e+00	   1.5028081214124904e+00	   1.0920244498197307e+00	   1.2178947824050235e+00	   1.0604572012871931e+00	   8.6716534210581109e-01	   8.4611133356070423e-01	   8.0755620735715761e-01	   8.3389846154304714e-01	   9.6562569449963642e-01	   9.1040281172628823e-01	   1.0234967761587155e+00	   5.7828090003435995e-01	   4.6841580172998631e-01	   8.0591403284736418e-01	   1.0669167405261810e+00	   1.2689938805670586e+00	   9.4501916816990639e-01	   1.2324508310803726e+00	   1.5914169433847034e+00	   1.0260915095050809e+00	   1.0970906809809158e+00	   1.4324104222949621e+00	   1.3182406820417776e+00	   6.3884206175636826e-01	   4.5851474602636327e-01	   6.2235558659323464e-01	   6.4769580051218834e-01	   4.2808073835812754e-01	   4.8339123745969542e-01	   1.2237725009392351e+00	   1.0347327249877072e+00	   9.5852397906909326e-01	   9.3878627043431684e-01	   6.6856612697184170e-01	   6.9248802036986523e-01	   7.3437132932147020e-01	   7.7840235050493400e-01	   7.5252895699489963e-01	   2.7188241084057041e-01	   7.9495521192518859e-01	   6.5753141794493819e-01	   3.6637711627584890e-01	   7.4904617339047030e-01	   1.0408838891501724e+00	   7.5140859630483192e-01	   1.0747279320916268e+00	   8.6955544497883763e-01	   6.8295409330689338e-01	  -2.9345793540754339e-01	
   4.9453866674098151e-01	   5.2298491415185511e-01	   9.0149901069698601e-01	   8.6650472323158700e-01	   0.0000000000000000e+00	   1.0542210931845273e+00	   6.6505363185208843e-01	   7.6257643151428001e-01	   1.0049641368663558e+00	   8.3619660402284723e-01	   5.0744529759408286e-01	   5.4877888221102156e-01	   6.4287872913833188e-01	   6.8030581160767190e-01	   8.1277896523282622e-01	   5.6899127869327182e-01	   2.6529738468944553e-01	   3.2542263588047071e-01	   5.9229024984538947e-01	   7.2510019699389039e-01	   6.9194591257274096e-01	   5.7335016781248227e-01	   8.1716198478990942e-01	   7.4927486539858434e-01	   9.2800734401673934e-01	   8.6181277505904241e-01	   1.0015541650437116e+00	   9.9622873727955785e-01	   2.3036837874331040e-01	   1.8609914808227057e-01	   5.3443747485818760e-01	   5.3134628997665767e-01	   5.7570941960161848e-01	   6.0583289321572009e-01	   7.0029663157970690e-01	   7.3161118335238307e-01	   4.6611422674197089e-01	   4.0145132321001986e-01	   5.2467410835428785e-01	   4.5147772384362594e-01	   5.8087342796393349e-01	   3.5419987922008467e-01	   7.5941350461829060e-01	   5.2411924565168055e-01	   5.2560070650561297e-01	   3.9840150055361634e-01	   7.6775379584538528e-01	   7.6943308644457398e-01	   3.6952301232007811e-01	   5.8296790567515266e-01	   5.8950302903337648e-01	   7.1849644899576304e-01	   7.3595538034377028e-01	   8.9023630540281729e-01	   7.1713641330988753e-01	   8.7009678453659545e-01	   4.4868349935456803e-01	   6.2613232630343629e-01	   6.4623452434217676e-01	   8.0614059165598939e-01	   6.2918186492698414e-01	   7.1382946984713513e-01	   4.9669836120397315e-01	   5.7681595852895240e-01	   6.7866741295417887e-01	   7.0193468066985409e-01	   8.3436800987058057e-01	   7.5547862538912636e-01	   7.6033431110415817e-01	   7.5442095921033503e-01	   5.5000169606113836e-01	   3.4192800690642949e-01	   4.0581944958234833e-01	   3.7837935590729083e-01	   4.4103273603650139e-01	   5.0900780565158177e-01	   4.6564151488192207e-01	   4.7246158146100753e-01	   2.6685489126274342e-01	   2.4607072055722087e-01	   4.2173587964308862e-01	   4.8353700241117370e-01	   6.4282613936812338e-01	   3.7617901662409120e-01	   6.0381098216942553e-01	   6.1018478745502513e-01	   6.0296318706376451e-01	   4.5533428161455181e-01	   7.2293219640935136e-01	   8.1900760064661970e-01	   6.4235922518649757e-01	   5.0787718403598392e-01	   5.5751757000232649e-01	   6.3291636608063118e-01	   2.5378421589414452e-01	   3.8105939751791185e-01	   6.5959059655588059e-01	   5.9988750783667266e-01	   7.8132024579565085e-01	   8.0284136541546969e-01	   5.4545961547509081e-01	   6.2193150031442634e-01	   5.8407294323947223e-01	   5.5923885735650170e-01	   6.3395180866713052e-01	   2.7498845378109260e-01	   5.0460571416205646e-01	   5.3013509508449930e-01	   1.6561679177595687e-01	   4.0667616989612748e-01	   7.4792968679753857e-01	   7.4061510995817259e-01	   7.6932696374562870e-01	   4.7999835042953470e-01	   3.6599434236520667e-01	  -1.1395679453963128e-01	
   6.2746294176425488e-01	   5.7389947910007200e-01	   9.6880252960287305e-01	   8.2536234230430205e-01	   1.0542210931845273e+00	   0.0000000000000000e+00	   1.0167185706971433e+00	   1.1171410765832492e+00	   8.0042951213109836e-01	   1.2943722842781096e+00	   6.6782550054855538e-01	   6.3241653125373565e-01	   9.1641114118180189e-01	   8.7955326613458729e-01	   1.0824428712264673e+00	   8.8106232950825591e-01	   4.7472424773382310e-01	   4.4266922274025067e-01	   9.0346955444513455e-01	   9.3797156181266639e-01	   5.6401350112595416e-01	   4.7340958376905862e-01	   6.9162442690200598e-01	   6.7232411563854955e-01	   6.2602129199491641e-01	   6.8373641323158674e-01	   6.7750962199965636e-01	   8.7692106552326032e-01	   3.6574679625191547e-01	   2.7171191594394767e-01	   5.3532510347699236e-01	   5.3228156389017700e-01	   7.1664359021529322e-01	   6.5600673288529154e-01	   7.0256829541128296e-01	   8.0555325458005400e-01	   3.7752305258197166e-01	   2.2022949504037412e-01	   6.6559604008752271e-01	   4.5596802812489973e-01	   6.3005306865518240e-01	   5.8406159340649078e-01	   1.0267912157718539e+00	   6.4843761042604109e-01	   7.4500699573431406e-01	   5.7234751813642859e-01	   8.7490652820869619e-01	   9.5127386036357808e-01	   4.7770706798812557e-01	   8.2451098037796822e-01	   5.9669304388246236e-01	   7.7421035707857533e-01	   6.5913498624000044e-01	   1.1458467394280902e+00	   6.7182853254674346e-01	   8.9387189255422972e-01	   5.7640751621687525e-01	   6.1435191364523190e-01	   7.7106513402613519e-01	   8.4741699929414094e-01	   8.5276581970520748e-01	   8.5724324773090388e-01	   6.1899653771980900e-01	   5.4791435240006503e-01	   6.2688175869418461e-01	   6.5318301331992801e-01	   8.8146366072087312e-01	   7.6566071432561000e-01	   9.5056167152901527e-01	   8.9952417568751775e-01	   7.6395589357209159e-01	   5.1677824111548465e-01	   5.5482984861898510e-01	   4.5873987729436916e-01	   5.3588397103883267e-01	   5.3186678950782595e-01	   6.1656528193684168e-01	   5.2405959775138145e-01	   3.4646761330656967e-01	   3.4561750931074953e-01	   6.2601087794020138e-01	   5.2798812607634493e-01	   7.9852068960028388e-01	   5.7062103528677899e-01	   6.1830830664785708e-01	   5.4289875332336512e-01	   3.5753183093296598e-01	   3.4627843293343791e-01	   7.3713804619121615e-01	   9.0295382174668548e-01	   7.5605331689588517e-01	   6.6764449235874745e-01	   6.3221650472676394e-01	   7.4090141513595564e-01	   3.1352403964043168e-01	   2.0834070243003888e-01	   6.4834690833836983e-01	   5.9592619028623184e-01	   9.4723835423870739e-01	   8.9682628021346211e-01	   5.0236139456927242e-01	   8.3691620273324185e-01	   4.9685416122167597e-01	   6.9941762459044610e-01	   5.1337021059329979e-01	   2.3268392024706810e-01	   4.7830287660791604e-01	   8.4699981886611431e-01	   1.2074139498123478e-01	   3.6886480556234352e-01	   8.4176661011760001e-01	   8.5428897062263298e-01	   7.7997095570326469e-01	   3.5256910930269525e-01	   2.1481944714628309e-01	  -3.5412687436036638e-01	
   9.6399312362365108e-01	   8.0017736831474706e-01	   1.5012651758636102e+00	   1.0065125614991273e+00	   6.6505363185208843e-01	   1.0167185706971433e+00	   0.0000000000000000e+00	   1.5513819903448161e+00	   3.2762788313525620e-01	   6.4814417127397517e-01	   9.6164163609717801e-01	   7.8853133457029401e-01	   1.2377330228205132e+00	   9.0697227924644608e-01	   1.2394741952054247e+00	   1.1137944449007791e+00	   5.1611879315946030e-01	   5.3208158867778244e-01	   1.2755720268633570e+00	   1.1336710465352935e+00	   5.6147675160111077e-01	   5.4993599842801333e-01	   9.0961173779274163e-01	   7.9218256468642811e-01	   7.1172824648892785e-01	   7.0048951589553354e-01	   5.2823372219221121e-01	   7.6228068472657950e-01	   5.1999816075853700e-01	   4.1071368828877042e-01	   7.9478244795730302e-01	   8.0368494874854923e-01	   1.0321327114817425e+00	   9.3832257695466281e-01	   1.0800026126525082e+00	   1.1226027208208256e+00	   5.2871536281416953e-01	   2.7735383624560039e-01	   7.9607742520099845e-01	   6.5430047242769052e-01	   8.0855077833253719e-01	   6.7805762943878622e-01	   9.9075367245852619e-01	   6.3845110187234289e-01	   6.7090098520337837e-01	   5.4224282590822936e-01	   8.1072005909556588e-01	   8.7667861779832523e-01	   4.1355675855041713e-01	   7.3958614028210823e-01	   6.1521185353994912e-01	   8.7130873528685593e-01	   5.9979273619601425e-01	   9.8833719332260983e-01	   7.7015167554122954e-01	   1.0198588659521461e+00	   7.6435255018013837e-01	   7.5748019658655508e-01	   8.5245492008318491e-01	   8.4021190336939156e-01	   1.0860068833945253e+00	   1.0265901858156929e+00	   7.8609139052823640e-01	   6.7605088668438573e-01	   8.9564279927779444e-01	   8.9745106800982288e-01	   1.1850749262834219e+00	   9.9386832913687895e-01	   1.0010361150847018e+00	   9.3506940707262642e-01	   9.6937903517064128e-01	   6.4905782932216138e-01	   6.9628043796309169e-01	   5.7581180209382099e-01	   7.0691198734184713e-01	   6.3906953414639966e-01	   7.8811509654277290e-01	   7.2329803388907121e-01	   3.4961848217052688e-01	   3.5861256300955585e-01	   7.0860013919963794e-01	   6.9106373786014086e-01	   1.0462730910351294e+00	   8.4366894754915323e-01	   8.3648291118736184e-01	   7.9570149245059163e-01	   4.6242726529572875e-01	   5.8599005087255285e-01	   9.7008733361425714e-01	   1.0066104891724339e+00	   6.6089261617184469e-01	   7.0896884553340855e-01	   5.5906229510589256e-01	   9.0617867890010384e-01	   2.6866957208265840e-01	   2.0355164824635280e-01	   7.7920663436608750e-01	   6.4494137348349700e-01	   1.0097366488514463e+00	   9.8247639331769543e-01	   4.9872732235143946e-01	   1.0409657922397493e+00	   5.2308396762144893e-01	   8.0068601522488492e-01	   4.8676076674532570e-01	   1.7620129911664825e-01	   4.4932149357006868e-01	   8.6330387638818240e-01	   2.6587643001894928e-01	   4.5901742324778788e-01	   9.0581831177550576e-01	   7.6247024957633047e-01	   7.2165315138543951e-01	   4.3445261393292595e-01	   2.7436545407931079e-01	  -5.0097475324334317e-01	
   1.0147335298782405e+00	   8.8179427184492698e-01	   1.4621067569687145e+00	   1.4170894597651020e+00	   7.6257643151428001e-01	   1.1171410765832492e+00	   1.5513819903448161e+00	   0.0000000000000000e+00	   3.2722400388982231e-01	   6.7577972374361961e-01	   1.0046588542981196e+00	   1.0694016156960826e+00	   1.0538495950838140e+00	   1.2062107897849348e+00	   1.2077559416790264e+00	   1.3399387285130751e+00	   5.6254949870401705e-01	   6.0780348863763856e-01	   1.2264268628768722e+00	   1.2926113286254688e+00	   7.8109168382595251e-01	   7.5830052898115496e-01	   1.1379109098004265e+00	   1.1570971026700392e+00	   8.9114985135596536e-01	   9.5186969481760908e-01	   7.1815827557741307e-01	   9.4152096850836287e-01	   5.6188032762432605e-01	   4.7225426035317752e-01	   9.5057412693603882e-01	   9.9996003299303515e-01	   1.0623478206862487e+00	   1.0409210336437280e+00	   1.1521000316981562e+00	   1.1797956698455208e+00	   5.8932608417872534e-01	   4.1323761946141974e-01	   9.1010113212739818e-01	   7.2550202372181616e-01	   8.7842794106053312e-01	   7.5236394760240144e-01	   1.1300146324659601e+00	   7.7039792363474446e-01	   7.0514533371895438e-01	   6.2114961608167751e-01	   9.1649497878974118e-01	   1.0032781149254746e+00	   4.7170322499876438e-01	   8.3116200014598718e-01	   7.0912777270031191e-01	   9.5444210885723701e-01	   6.9695901443270358e-01	   1.0516047696764936e+00	   9.0619830484436337e-01	   1.2344063919105863e+00	   8.0962744568912282e-01	   8.4174442778014424e-01	   9.2733501640902838e-01	   9.1660631494364819e-01	   1.0603423389106676e+00	   1.2010249250067382e+00	   8.3142500011256970e-01	   8.0591936077283743e-01	   9.9579802858617439e-01	   1.2031095316543259e+00	   1.3671650474614065e+00	   1.2627909674270794e+00	   1.0173446204694385e+00	   1.0442241523625635e+00	   1.0045841767023593e+00	   7.4803504232755080e-01	   7.5304669085140274e-01	   6.5365088254299863e-01	   7.3018287822493189e-01	   7.4080170150778357e-01	   8.1182079710076738e-01	   8.2785694549425803e-01	   4.8403347069090641e-01	   4.5244254845928467e-01	   8.1732352441548339e-01	   8.4061082543740617e-01	   1.1201900700933003e+00	   9.1750173221299303e-01	   9.8406131501684080e-01	   1.0462241710031697e+00	   6.2355974375969747e-01	   7.5670469188403988e-01	   1.1772910610131500e+00	   1.2225180617463065e+00	   8.1411763783985391e-01	   7.1213226919217165e-01	   7.1965280639089124e-01	   8.7318475296429554e-01	   3.5501800705110070e-01	   2.8885835019343814e-01	   9.3346587592314312e-01	   8.1859210331838950e-01	   1.1387476201592344e+00	   1.0897805568813235e+00	   6.4964442820639479e-01	   9.7503145046648931e-01	   6.3530813712582257e-01	   9.0366906697045435e-01	   6.5905562323325251e-01	   2.9421512227782348e-01	   5.7664882310327736e-01	   8.7620850952438889e-01	   2.5877661243566458e-01	   5.3608794609069133e-01	   1.0507757524583241e+00	   8.7381367775691765e-01	   9.8455757452730963e-01	   5.8027461485991338e-01	   4.5936394818025789e-01	  -4.3924195271430055e-01	
   7.4225386131570759e-02	   9.0985960057957713e-02	   3.4224811469654298e-01	   2.7073430715852609e-01	   1.0049641368663558e+00	   8.0042951213109836e-01	   3.2762788313525620e-01	   3.2722400388982231e-01	   0.0000000000000000e+00	   1.1370622293622925e+00	   1.2765132837135570e-01	   8.3597833138166516e-02	   4.3531326980318819e-01	   2.7464668767025757e-01	   4.4301666004878892e-01	   1.5250849041637496e-01	   8.5961128434300274e-02	   6.2554998851360594e-02	   2.2240138153510208e-01	   3.0257305714186189e-01	   1.2987100664692469e-01	   2.0270224030524493e-02	   1.6534811170540367e-01	   1.4064567501213499e-01	   2.7266894474674075e-01	   2.5998336285405282e-01	   3.0197914489701966e-01	   3.2456516575444044e-01	  -7.8668390790287590e-02	  -1.4110613316623660e-01	  -3.0226365302548155e-04	   1.4780352369886869e-02	   1.8109875627770158e-01	   1.7298074517550455e-01	   2.1333656322075600e-01	   3.3695187007544503e-01	   5.3183406051881460e-02	  -2.7457661587553889e-02	   1.1299790941567028e-01	   2.5548682727126834e-02	   1.9019711622990576e-01	   7.0484091772555907e-02	   3.7930877865758839e-01	   2.2043210751262632e-01	   2.8691363265716119e-01	   1.8769174525721466e-01	   3.7953659492375502e-01	   4.0518426252473094e-01	   1.3361923516459046e-01	   3.1202875454471529e-01	   2.0472280964359493e-01	   3.1219954931192978e-01	   3.3354081513388917e-01	   5.2605307791144784e-01	   1.6214084180608090e-01	   2.6512551315874611e-01	   8.1990739005877694e-02	   1.8251521233317680e-01	   2.6250479944950356e-01	   3.7323327912485560e-01	   2.3130486780001133e-01	   2.2695433446859054e-01	   1.2171496952860170e-01	   9.9674957641526243e-02	   1.8913290020921292e-01	   1.6081899793366472e-01	   3.1356638626613470e-01	   2.5269217352509626e-01	   3.3754316694754671e-01	   2.9734915500601661e-01	   2.2054339071549386e-01	   4.0799855958729592e-02	   1.5876788549739498e-01	   9.8884123374173211e-02	   1.7406715769511813e-01	   1.8420763028445283e-01	   1.8006768588405328e-01	   1.2637921959815532e-01	   4.0274428717384236e-02	   4.8781790855430995e-02	   1.0875112966676925e-01	   5.0337959174714945e-02	   1.6059577705623518e-01	  -3.1818264939554190e-02	   8.2800679645535669e-02	   5.8351663570240069e-02	   6.9041297557353470e-02	  -9.9389028598570670e-02	   1.5293642872213936e-01	   2.6133009573200094e-01	   4.1483285274478243e-01	   3.3836460049901623e-01	   3.0853668441464138e-01	   3.3958806901030081e-01	   5.0761575996896728e-02	   1.0902337619899716e-01	   1.9585478519739669e-01	   1.7487067400969009e-01	   3.9251860128462746e-01	   4.2845027879609032e-01	   2.3737124100345880e-01	   3.7758027784751769e-01	   2.9807067587354830e-01	   2.7481363358534461e-01	   3.1899424082714628e-01	   1.8018275023597841e-01	   1.9645655117224517e-01	   3.3168148713083240e-01	   2.4743789112210996e-02	   9.7741028789408060e-02	   4.0589977059852889e-01	   5.0055556040451354e-01	   3.9622060507579526e-01	   1.0896970461308442e-01	   1.3980715500602165e-02	  -9.5075749934535658e-02	
   3.9172404955316109e-01	   3.6876312133283995e-01	   5.6194021052362320e-01	   4.9394724576561005e-01	   8.3619660402284723e-01	   1.2943722842781096e+00	   6.4814417127397517e-01	   6.7577972374361961e-01	   1.1370622293622925e+00	   0.0000000000000000e+00	   3.8863444462333763e-01	   3.4714600629292230e-01	   6.8406316951061763e-01	   5.5741943435369412e-01	   7.2055145154433642e-01	   5.3069914555323872e-01	   3.7613161788545429e-01	   3.0099334799166932e-01	   5.8288161496602053e-01	   5.9289765298336827e-01	   2.6424101901051772e-01	   2.1663448472849106e-01	   3.7459492860180438e-01	   3.4498807083617827e-01	   3.1896957895371902e-01	   3.7935272671847986e-01	   3.0618750419892593e-01	   4.4531177022913404e-01	   2.1312837211220839e-01	   1.3937374255071805e-01	   2.4476986723893970e-01	   2.6621265280154005e-01	   5.0742687944802878e-01	   4.4932435460125952e-01	   4.5180196328504163e-01	   5.7808385971208009e-01	   1.7990342728253506e-01	   3.7482645191139273e-02	   3.5640040416868624e-01	   2.2356843990970518e-01	   4.1765450900976075e-01	   2.8314727090767111e-01	   6.3171427822957016e-01	   4.4728236578411706e-01	   5.6983138777373332e-01	   4.4344786553430726e-01	   5.8321598372680272e-01	   5.9479769150103223e-01	   3.3691241637596175e-01	   5.1369595480208385e-01	   3.7502491494070805e-01	   4.8629198746309665e-01	   4.2908168770331512e-01	   6.7353456959480673e-01	   3.2525109008480302e-01	   4.6022156778490703e-01	   4.0002086800287012e-01	   3.8575172926903001e-01	   4.9618681083618654e-01	   4.8265913440182218e-01	   5.8045041111875517e-01	   4.8189045752310605e-01	   3.9543060903864918e-01	   2.9245091208785345e-01	   4.4636365894147784e-01	   3.7567026112763574e-01	   5.7191063883532078e-01	   4.6675840745303232e-01	   5.9594814714242894e-01	   4.9089073546589235e-01	   4.9081040262730014e-01	   3.1283860168873001e-01	   4.2923353633531913e-01	   3.5425263172496751e-01	   4.0812501895953518e-01	   4.0564738013284041e-01	   4.7715843772000555e-01	   3.7830130942579654e-01	   2.8209106696033265e-01	   2.8853964072252225e-01	   4.0139502000376326e-01	   3.2772612397483974e-01	   4.2897079962785772e-01	   2.6670105874598460e-01	   3.5672339934208552e-01	   3.0817036666818692e-01	   1.5545114661689674e-01	   1.2763816262197331e-01	   3.9963734787962313e-01	   4.7028772888504189e-01	   5.3964957032094119e-01	   4.5054387229235460e-01	   4.2389367208812784e-01	   4.6086011831969220e-01	   1.4950178220638957e-01	   1.6003097307116010e-01	   3.6305882283050162e-01	   3.5864530138283568e-01	   6.1160979360316026e-01	   5.7328048539851817e-01	   3.2220845318115621e-01	   5.7170555261985201e-01	   3.4991123740955243e-01	   4.2691603377385212e-01	   3.5121783052618122e-01	   1.3546494392849073e-01	   3.5326093433837291e-01	   5.4930591994034017e-01	   4.9778504295419142e-02	   2.1155678336869899e-01	   5.5761546469901457e-01	   6.3455359493745844e-01	   5.0108734680914591e-01	   2.0236004033379065e-01	   8.4833187405899041e-02	  -3.2498866571857055e-01	
   1.4475371420209318e+00	   1.2853815369922124e+00	   9.4846400249685769e-01	   9.9233801754656625e-01	   5.0744529759408286e-01	   6.6782550054855538e-01	   9.6164163609717801e-01	   1.0046588542981196e+00	   1.2765132837135570e-01	   3.8863444462333763e-01	   0.0000000000000000e+00	   1.3234844048934569e+00	   1.3559440994907068e+00	   1.4245168364719525e+00	   1.2476956165009672e+00	   1.3164427921974533e+00	   8.4818170601672904e-01	   9.2593437240410859e-01	   1.0600709946299052e+00	   9.1520458093736567e-01	   6.9434064414396990e-01	   7.8351080056140276e-01	   9.9946040639399036e-01	   7.9631857920537064e-01	   6.2591445826809911e-01	   6.0770968724026142e-01	   5.4917088861817187e-01	   7.3211754215109504e-01	   1.0409446728977418e+00	   8.5235559837050268e-01	   8.9599526772602101e-01	   8.4764568907370896e-01	   9.8057266758365713e-01	   9.8082168759471300e-01	   6.9387061277625794e-01	   5.2439688368730297e-01	   8.7106042606724299e-01	   7.2279554183314720e-01	   8.9591422587275527e-01	   9.4916852486541259e-01	   1.0324244178563522e+00	   8.2286996066865581e-01	   7.3738481760405039e-01	   8.9500666229402492e-01	   5.5472800462161242e-01	   5.5441250440344580e-01	   7.3660765854440358e-01	   8.1013909741705403e-01	   6.3249179246317988e-01	   9.1349397765318918e-01	   8.9298603955569500e-01	   1.0578844526090521e+00	   9.2197314718042112e-01	   7.4724278010145895e-01	   1.2130660969823301e+00	   1.0380009689219158e+00	   1.1537047135989629e+00	   1.2296313676232655e+00	   1.0916977531355272e+00	   8.9850164945979494e-01	   1.3212825020058874e+00	   1.1017991187182157e+00	   1.2298288464481526e+00	   1.0784551953090442e+00	   9.2824208688290777e-01	   8.6429113337410524e-01	   8.0695067767015627e-01	   6.6955500358470699e-01	   8.1377262259471972e-01	   8.1075544892244844e-01	   9.4367929580268928e-01	   8.3444736578635292e-01	   8.7460495531179228e-01	   9.4401394336058797e-01	   9.6143210187310901e-01	   9.0665515084241188e-01	   9.9098344572254748e-01	   9.6254959036740995e-01	   5.7051606092980878e-01	   5.8839715144507210e-01	   9.2330244972876574e-01	   1.0314902309013285e+00	   1.1126367574753102e+00	   9.9949846648627960e-01	   1.1674663770154108e+00	   9.2867012369852731e-01	   7.3142345461123892e-01	   7.3068995767191802e-01	   1.0803443518502036e+00	   9.2475468558671770e-01	   3.6279411468065603e-01	   3.0833804111576502e-01	   3.2914761771033990e-01	   4.8330812281103785e-01	   3.0230400665577389e-01	   3.7069721149146939e-01	   9.6937457604778610e-01	   9.2536721278962364e-01	   7.8184020466547677e-01	   6.5524819458921224e-01	   4.3877905937552636e-01	   6.2127239782983856e-01	   4.9875643771553857e-01	   6.3368938241313089e-01	   3.9066446936593757e-01	  -1.4750044287938625e-02	   5.8031297176561414e-01	   4.2510362657399869e-01	   2.5191261468478043e-01	   5.6952418627685997e-01	   6.6987612866670221e-01	   5.0600304032310395e-01	   5.6407591995587647e-01	   6.2130266843059634e-01	   4.6587025236947244e-01	  -3.1358790260111263e-01	
   1.4949514896148535e+00	   1.4411214821028757e+00	   9.3142542839471298e-01	   1.2590748007604309e+00	   5.4877888221102156e-01	   6.3241653125373565e-01	   7.8853133457029401e-01	   1.0694016156960826e+00	   8.3597833138166516e-02	   3.4714600629292230e-01	   1.3234844048934569e+00	   0.0000000000000000e+00	   8.4973218487631863e-01	   1.5421237296935046e+00	   1.0405606502422933e+00	   1.4102737733065267e+00	   8.8391143437378927e-01	   1.0713468212094996e+00	   9.2107951432455082e-01	   9.4605262020052239e-01	   1.0084702064358797e+00	   1.1800372392290532e+00	   1.2310172285011183e+00	   1.1188806851211974e+00	   8.7858118565882637e-01	   9.3719218838708895e-01	   7.2022331675884743e-01	   8.7576588248019127e-01	   1.0854311223201023e+00	   1.0035920579176414e+00	   1.1917347011798327e+00	   1.2126720135744988e+00	   1.1641063920269616e+00	   1.2700780545830179e+00	   8.2329134158396777e-01	   6.3966282076935821e-01	   1.0179211159463395e+00	   8.3152155922651105e-01	   9.3025172874780826e-01	   1.0149915776598533e+00	   1.0914700580292758e+00	   7.9665346477095489e-01	   8.0896640667738873e-01	   1.1451801583857442e+00	   6.6706232632237950e-01	   7.5307370713128596e-01	   8.4322374152416757e-01	   9.1917867515763330e-01	   7.0283351348687995e-01	   9.0329123694958824e-01	   1.0838734033098465e+00	   1.0844309287106475e+00	   9.2320920098216797e-01	   6.5706825912563138e-01	   1.2543506281823131e+00	   1.1243077903744556e+00	   1.1124382763177367e+00	   1.1799013342648454e+00	   1.0362018079436781e+00	   8.1320344667937483e-01	   1.0321247635035422e+00	   1.1604102798414806e+00	   1.2036066627491371e+00	   1.3228051176169040e+00	   1.0896224911196499e+00	   1.1484111342049537e+00	   9.8333837481988795e-01	   9.7550885001119969e-01	   7.6787908888335732e-01	   8.1973471980356083e-01	   1.1080561470789554e+00	   1.1468727321692496e+00	   1.0932812952642583e+00	   1.2009722043335356e+00	   1.0894895472563422e+00	   1.2148661690570723e+00	   1.1143996016496986e+00	   1.3202695119529109e+00	   8.5079229488632757e-01	   7.4382803402230857e-01	   1.0666570624147624e+00	   1.3544003890803067e+00	   1.1037924396521677e+00	   1.0289597774223036e+00	   1.4470072811965400e+00	   1.3499115375953468e+00	   9.5626691873760861e-01	   1.0385460050140549e+00	   1.0813992783476021e+00	   9.5122784053831066e-01	   3.3875294930113664e-01	   1.8953852959736267e-01	   3.5848081587952324e-01	   3.5040983400283421e-01	   4.1986173904377133e-01	   5.3288711550943502e-01	   1.1117894659120904e+00	   1.0360012408349297e+00	   7.4212489783616586e-01	   5.9766735297571649e-01	   4.4870899815859100e-01	   4.7030231043263399e-01	   5.6856877827700247e-01	   5.9775148074608564e-01	   5.2709974813838256e-01	   1.0184733918359638e-01	   6.8476334412555884e-01	   3.9236989328190242e-01	   3.4606416864286621e-01	   7.3144414088573995e-01	   7.9120637405685112e-01	   5.1729948876634180e-01	   7.4550297173834479e-01	   8.6948747542909455e-01	   7.1574739031903389e-01	  -2.0898716175019727e-01	
   1.0510209595642046e+00	   9.0864232898080433e-01	   1.0637739266381727e+00	   8.4547267478551813e-01	   6.4287872913833188e-01	   9.1641114118180189e-01	   1.2377330228205132e+00	   1.0538495950838140e+00	   4.3531326980318819e-01	   6.8406316951061763e-01	   1.3559440994907068e+00	   8.4973218487631863e-01	   0.0000000000000000e+00	   1.0361004884439469e+00	   1.5189702564270424e+00	   1.0988330821174070e+00	   6.8260549765132816e-01	   6.3365569424154700e-01	   1.1598262463800462e+00	   9.7088092795176562e-01	   5.0233579257210470e-01	   5.1190514443545265e-01	   7.8799270929493215e-01	   6.3313296444945499e-01	   5.4649179253884472e-01	   5.2366723495162415e-01	   4.5388846541530459e-01	   6.8162874335397927e-01	   6.8387029572410896e-01	   5.0540394942403777e-01	   6.2667180320037075e-01	   6.0589918580446567e-01	   8.7196389789625006e-01	   8.1796228003064131e-01	   7.2393125558348947e-01	   6.7782662590592613e-01	   5.8459881688201987e-01	   3.8014196656623322e-01	   7.7659472402796048e-01	   6.6775166311553469e-01	   8.1892182864768492e-01	   6.7654281239476832e-01	   8.3804504531798740e-01	   7.4515917766651107e-01	   6.0054036338691574e-01	   5.2299695700294191e-01	   7.8760684414475413e-01	   8.3635079144310553e-01	   5.2771484823597903e-01	   7.9975771271233931e-01	   6.7450994665433894e-01	   8.8370664441862501e-01	   6.8601121822202482e-01	   8.9000304681191056e-01	   8.4745518346071558e-01	   9.1938872625540646e-01	   8.9768156597756987e-01	   9.1812166346967261e-01	   9.5492540342029253e-01	   8.8352567571237572e-01	   1.1266789828863206e+00	   8.6523825878261706e-01	   9.7399886352963727e-01	   7.2783525068753951e-01	   7.3732152804463291e-01	   6.9436875149251942e-01	   8.5735523079426301e-01	   6.5953764397842929e-01	   9.2827166620979273e-01	   8.0558661565584033e-01	   8.9095362292342661e-01	   6.5380666187995473e-01	   7.2543524449213770e-01	   6.7842113648085944e-01	   7.8324409044427812e-01	   6.8369977715609542e-01	   8.2551270748102268e-01	   7.3621668252563088e-01	   3.5570026707659341e-01	   3.7752500696793395e-01	   7.5425615661722611e-01	   7.2071738770363769e-01	   1.0347065513941580e+00	   8.2401490742398287e-01	   8.3499742983967939e-01	   7.0156905061718389e-01	   5.0438951229716689e-01	   4.7819540711055342e-01	   8.9173311278667311e-01	   9.0473872103444131e-01	   5.1396562131658907e-01	   4.9712781520744931e-01	   4.0607150324397367e-01	   6.7064542162222707e-01	   2.5247581323923551e-01	   2.3589255231074496e-01	   8.0875967823877382e-01	   7.0313811965648643e-01	   8.8871088175706570e-01	   8.4061149368731425e-01	   3.9660769125027950e-01	   8.4187588390188051e-01	   4.6836344555377390e-01	   7.3588594010186770e-01	   3.7532317579856478e-01	   8.4940214294021557e-02	   4.6576408516836659e-01	   6.4268092059177251e-01	   2.2018407525268571e-01	   4.6565427736439102e-01	   7.5674228113185349e-01	   6.5781480561582939e-01	   5.9007649142291174e-01	   4.2017293676161721e-01	   2.4416555857655747e-01	  -3.8798449304871374e-01	
