   0.0000000000000000e+00	   8.2669174720434868e-01	  -1.6962416219670085e-01	  -2.3435011033637776e-01	  -2.9098691938961913e-01	  -1.2133018123426756e-01	  -1.5375677655092848e-01	  -1.9434601364663584e-01	  -3.0341737463110294e-02	   1.3921089289303576e-01	   6.6012530794397717e-01	   7.0814813208309757e-01	   3.3416750427036640e-01	   2.0924800122041665e-01	  -2.0658584369600875e-02	   2.7175891307925903e-01	   7.1507192191920954e-01	   6.9105528165131380e-01	   4.9433052369760488e-01	   4.5222572478427858e-01	   1.4037860173435085e-01	   6.8666390261420587e-02	  -2.6646772372355437e-01	  -3.0614836942441315e-01	  -1.8307689805404251e-01	  -2.3033881770253012e-01	  -2.0272816314036729e-01	  -2.2023375674433007e-01	   3.1093376624467461e-01	   2.7019506712469449e-01	  -2.5177498532327525e-01	  -3.2849212596107169e-01	   3.1609846055135127e-01	   1.6749180343187015e-01	  -7.7949766264544057e-02	  -2.0442544009265967e-01	   1.9626930148768307e-01	   3.3978143627365215e-01	   1.4933921439123873e-01	   2.9111618342346657e-01	   1.7755293740666739e-01	   3.9954318160175617e-01	   2.0707478833845844e-01	   1.1986182077938676e-01	  -1.0900782494291482e-02	   1.4958073593094440e-01	   3.5745094928311300e-01	   3.1889116285193275e-01	   4.2505680989106975e-01	   4.8873737164071496e-01	   4.8450454281712907e-01	   1.2002491961831774e-01	   4.2984456436336932e-01	   2.1870238141330892e-01	   4.9090946530608437e-01	   6.7462952294602330e-01	   1.0745138285737685e+00	   7.8490835778364199e-01	   5.6527069431869592e-01	   2.1599226730700466e-01	   4.0184551872391838e-01	   1.6250345593427379e-01	   6.5733562705043391e-01	   4.9249816470912711e-01	  -2.7166953787459919e-01	  -1.6531910047627041e-01	  -1.4008542540570326e-01	  -3.0468513401931718e-01	   4.3566441471689787e-01	   2.4975355637644295e-01	  -2.4129424796326474e-02	  -6.2827388593777898e-03	   5.8677009502423494e-01	   5.8038009332925555e-01	   3.8933108753159634e-01	   3.2615840633822379e-01	   3.7444603912487240e-01	   2.9034400461876042e-01	   4.9745827036593204e-01	   6.5630386452978851e-01	   6.9476188410573847e-01	   3.7631365374314335e-01	   1.3487675830395496e-01	   5.4435198309724031e-01	   6.8226981173885311e-04	  -1.2383603481520451e-01	   2.9468820744675286e-02	   2.8174271932129288e-02	   3.6166471502868386e-01	   1.9551628373651889e-01	  -3.9066392359978136e-02	  -3.9909774020925146e-02	  -1.7386207831332798e-01	  -9.1673504090644772e-02	   2.3953911508635167e-01	   1.2931005105152907e-05	   4.0946821165137243e-01	   2.1413824093993244e-01	   4.3987371689948274e-01	   6.6369556909084160e-01	  -5.2265565033754117e-02	   1.9362414137058087e-01	   1.0659555427463463e-01	   4.8544720652358359e-01	   1.3912838028837596e-02	  -1.0175187918647571e-01	  -1.1434126955042849e-01	   1.3308089067391712e-01	  -3.7159244018749815e-02	   2.1947719457385742e-01	   1.7827493225753360e-01	   4.2824112919454760e-01	   2.5338725206427182e-01	   1.7702413829075194e-02	  -2.6018144196097415e-01	   3.6942185763272636e-05	
   8.2669174720434868e-01	   0.0000000000000000e+00	   8.9198365807706986e-02	   1.1302566737251160e-01	   5.6615871303460699e-02	   1.1428677397659789e-01	   1.2642577143931522e-01	   1.7666136652636372e-01	   2.9289928141542110e-01	   3.5728472137815892e-01	   4.1496185541111064e-01	   6.2172079634401189e-01	   3.6406443820744955e-01	   3.6128605770833228e-01	   2.1095308393461717e-01	   4.7752397546354636e-01	   3.9736090428721538e-01	   3.7796073227623150e-01	   3.9926101312664836e-01	   6.7331256044117627e-01	   1.0452211972558291e-01	   2.7798213643011216e-01	   9.7073688920700216e-02	   8.7543942711310538e-02	   7.8426705454172380e-02	  -5.0490577942375273e-03	   9.2706078406939271e-02	  -4.7404896749793549e-02	  -3.5036005378632053e-03	   8.5602727920801536e-02	  -1.9194882048575773e-01	  -1.9992150951797349e-01	   4.4101442570243793e-01	   4.6196073560080120e-01	   2.4880603880674768e-01	   1.5135715707927580e-01	   3.7185019597891689e-01	   4.8680017997586439e-01	   3.1394543194347790e-01	   5.1911593686320257e-01	   3.5984974481796478e-01	   4.4847561224416982e-01	   5.2733606216546436e-01	   4.8862612204674416e-01	   1.7443887051384838e-01	   3.4267800252927150e-01	   7.1852080657455542e-01	   6.6911480913214583e-01	   5.5188351851798356e-01	   7.7837764011612132e-01	   8.6402468937024146e-01	   6.1952072627850496e-01	   6.9737700315098217e-01	   4.0190266104901523e-01	   7.9017518828773592e-01	   8.2625049583678045e-01	   7.3632392491819920e-01	   8.2411425335276101e-01	   6.5573353006595925e-01	   4.5784471197286175e-01	   3.4254295590672590e-01	   3.2232254126407545e-01	   3.0800462594836397e-01	   3.2368915963482658e-01	   5.6093401814281463e-02	   1.6842353044272798e-01	   2.1337121879165255e-01	   1.2963092099716025e-01	   6.7899228138007428e-01	   6.2828302030609695e-01	   1.7803408550842389e-01	   2.2668820300601594e-01	   5.2577374867100590e-01	   5.6685667866654288e-01	   4.0071728637878268e-01	   4.6377365180262220e-01	   5.0203441064673404e-01	   5.3726582624251151e-01	   4.4851967688812855e-01	   4.5450784526295901e-01	   4.0577151850792054e-01	   3.4483352706935616e-01	   3.3384535143559618e-01	   6.0300378242404007e-01	   2.5442374471360274e-01	   2.1715956778951270e-01	   1.8223803222147394e-01	   2.4182009048449227e-01	   5.6639971866352856e-01	   4.9398689342634855e-01	   4.0543774400077970e-01	   3.1402894915382312e-01	   1.9966036234912504e-01	   2.4042575878838901e-01	   3.0892640371300917e-01	   9.4261308830187657e-02	   8.9502150349705434e-01	   5.4528371555235466e-01	   8.3511541688104840e-01	   8.4706965698940717e-01	   2.9108875605478107e-01	   4.8521704109822489e-01	   4.3271918374423268e-01	   7.6624626294973841e-01	   3.4654543244654346e-01	   1.6330707235206096e-01	   2.4078174533111818e-01	   4.3776559943306709e-01	  -3.3132437298247219e-02	   5.5865638184828359e-01	   5.9828389348147104e-01	   7.2564643610706359e-01	   5.7751028089491885e-01	   3.1902403635172760e-01	   1.1711599407714607e-01	   1.1339226324845328e-01	
  -1.6962416219670085e-01	   8.9198365807706986e-02	   0.0000000000000000e+00	   7.7965751990124865e-01	   7.0689332338653554e-01	   6.2564594571749554e-01	   1.2880461646443668e+00	   8.7844564252594237e-01	   7.2042360928780524e-01	   4.0812653481370970e-01	  -1.2825079845598060e-02	   8.9722214396365282e-02	   2.2453719806233974e-01	   3.3813236560267024e-01	   5.8427521595419707e-01	   2.0706619769014670e-01	  -5.7223821297652389e-01	  -4.9839851672116342e-01	   3.3440924244398357e-01	   4.7363012935665283e-01	   6.3715382932406667e-02	   3.7210476916504526e-01	   9.7144921525477068e-01	   6.1012600308618603e-01	   6.1957030864459528e-01	   5.0927355837930421e-01	   6.7007117857959486e-01	   4.5587449969629251e-01	  -2.9946127232858022e-01	  -3.0090252619611246e-01	   4.9828256884077726e-01	   2.8288335358250322e-01	   7.2062359677345622e-01	   6.9690747622620630e-01	   6.7368118475117600e-01	   7.0931605257899133e-01	   2.8093055625168117e-01	   3.5104075010779545e-01	   2.4487828249984583e-01	   3.0113395270405713e-01	   1.3917937053659155e-01	   2.5311828962500721e-01	   5.7313696218709320e-01	   3.7227890163459654e-01	   2.6261089813662586e-01	   2.2136333876873149e-01	   5.6190210484432124e-01	   3.1552249249662806e-01	   1.1588338664091613e-01	   2.1372610759148070e-01	   2.6401554994749077e-01	   5.5086938881689929e-01	   2.2417925282265483e-01	   4.2009411041760214e-01	   2.7920434285799517e-01	   9.9021197376656794e-02	  -2.8903862503291911e-01	  -2.8486835558220236e-01	   8.1421686894525599e-02	   1.6748325342656631e-01	   3.2820820719866356e-01	   3.6197622664213619e-01	  -2.6742850334699331e-01	  -1.2720427588668692e-01	   8.6308491224303052e-01	   6.4872305129886054e-01	   7.2570163987957659e-01	   6.8016105805103599e-01	   1.9992633497085918e-01	   4.7411950905315392e-01	   2.1972001583421852e-01	   1.4134476121393036e-01	  -5.5195672519317536e-03	  -3.9575056010631221e-03	   1.4876700165258264e-01	  -3.5795257310599002e-02	   4.1621810566912387e-01	   4.5684349050988138e-01	  -4.3471057604610597e-01	  -3.2940658919545807e-01	  -5.0858090977735937e-01	  -2.6362471596595694e-01	   3.4023960050129859e-01	  -9.8069200707523188e-02	   4.7959177279603749e-01	   5.6720723332604461e-01	   3.0233599835364300e-01	   2.0872448907680430e-01	   2.5225672892800233e-01	   4.3060455153843785e-01	   6.7846739049889815e-01	   8.2841919736211744e-01	   6.8379182922747705e-01	   7.9712377090584008e-01	   1.1149059351939636e-01	   2.2006642935486623e-01	   2.4765237104752613e-01	   1.5900271488214823e-01	   3.9605323456330116e-01	   2.8263686716687636e-01	   4.5204316007832368e-01	   4.7376665562895526e-01	   2.5685767618492206e-01	   2.3880328616231300e-01	   3.9137961467660465e-01	   3.3834847266090995e-01	   4.6949670599718607e-01	   5.1024092859180192e-01	  -1.8568591574130916e-01	   2.0145686283332864e-01	   4.7576611932578305e-01	   3.3960604687508567e-01	   4.5023141344268963e-01	   3.9481781329535981e-01	   4.6062286959149579e-01	   1.0062244491383039e-01	
  -2.3435011033637776e-01	   1.1302566737251160e-01	   7.7965751990124865e-01	   0.0000000000000000e+00	   7.9957613880939382e-01	   6.1068248926425905e-01	   6.7548561636502558e-01	   1.0808948485938636e+00	   6.5412808139128598e-01	   4.5227744635686651e-01	  -2.2762064003266586e-01	   2.1977778424220037e-01	   1.4228355813723237e-01	   6.3922797851185098e-01	   5.9222941026531939e-01	   6.6210218119152675e-01	  -5.6981900168379218e-01	  -4.8480226020604678e-01	  -7.2060728430328125e-02	   2.1392271670702145e-01	   3.4839807018130375e-01	   5.0785930203366236e-01	   8.5663068632559791e-01	   1.1055483055739943e+00	   5.9142926031447529e-01	   6.8538198895202684e-01	   8.0096407158060723e-01	   5.6007704369106348e-01	  -4.3946617874925992e-01	  -2.7109885862927285e-01	   5.2237754456631647e-01	   4.9871411636301388e-01	   4.5175273910068836e-01	   8.2778605026557550e-01	   6.8913060490476152e-01	   8.9645501584650644e-01	   4.3508078801197314e-01	   3.5124509908750456e-01	   2.8510072198203118e-01	   3.8303078964959408e-01	   2.8837605977381858e-01	   3.3032032252327032e-01	   5.6053071691064582e-01	   3.5504404032977205e-01	   5.3785400171579600e-01	   5.4899211647112489e-01	   4.2273550285971068e-01	   2.6234078178007642e-01	   1.6828940161117456e-01	   2.6927929875232914e-01	   1.9680731024397344e-01	   4.2518742491627892e-01	   1.7663893219422672e-01	   1.4475688085644983e-01	   3.1585929599574253e-01	   9.5194323412910842e-02	  -1.8347529773849797e-01	  -1.0103515534820584e-01	   1.9745658058487695e-01	   4.3368188213109987e-01	   3.2260059488551318e-01	   7.6662289519891602e-01	  -2.9151114267976613e-01	   9.6822419942801705e-02	   9.0187259115911367e-01	   8.7260670629587489e-01	   9.1378209467996074e-01	   1.0439074523396419e+00	   4.7933207736595249e-02	   3.0664871064479943e-01	   3.4071695776109290e-01	   4.4921018775713201e-01	  -3.9226614374653440e-02	   1.5287705771305060e-01	   1.0667060578855424e-01	   9.3155564864260257e-02	   2.1824190118937686e-01	   5.4837178787495233e-01	  -2.4674500555456191e-01	  -2.8061409655079289e-01	  -4.9587393989733974e-01	  -1.3485396904216265e-01	   5.6016287641038420e-01	  -3.7518231955483317e-02	   7.4693175420452118e-01	   1.1373182680795155e+00	   8.1334304014288650e-01	   5.2014614922074931e-01	   4.9499912338943874e-01	   6.6009487998394134e-01	   6.5082406738911736e-01	   4.8685088101151641e-01	   5.8884718072337372e-01	   5.2656456917135575e-01	   6.9374005087970841e-02	   1.0618031060753216e-01	   2.5849945026666810e-01	   3.5035064431563762e-01	   2.5056596061853942e-01	   3.8774113318391833e-02	   3.2485706206887727e-01	   2.2566253522366048e-01	   3.3906420344206650e-01	   9.9831676287886320e-02	   4.9004552078026942e-01	   2.5537989567223135e-01	   4.2381252589121482e-01	   3.6987075236419065e-01	  -1.2774875040318112e-01	   2.6663813277350934e-01	   4.2187534378144043e-01	   2.0550237864194484e-01	   1.9100352774796331e-01	   3.5091350040317226e-01	   4.3520407039852715e-01	   5.2276963883400467e-02	
  -2.9098691938961913e-01	   5.6615871303460699e-02	   7.0689332338653554e-01	   7.9957613880939382e-01	   0.0000000000000000e+00	   8.0235098667400240e-01	   6.3999487822846035e-01	   8.9217196483445405e-01	   6.9068965998917065e-01	   3.9027677475193434e-01	  -2.5342521604309920e-01	   2.5404318753769226e-02	   1.3764728272175586e-02	   3.5283204404445534e-01	   4.0635021190304266e-01	   4.0304272510306016e-01	  -5.8630286457052483e-01	  -5.1852244074337217e-01	  -2.9211339526981975e-02	   1.6300441927387549e-01	   2.8647231949418289e-01	   5.7540593204445623e-01	   7.9046698923366798e-01	   8.9658005937044538e-01	   8.5761322665695672e-01	   8.2268570129157925e-01	   1.0550188525251656e+00	   9.4201097517573917e-01	  -4.9864070275799588e-01	  -4.0328338002480019e-01	   4.4280823034300415e-01	   3.6775917792459417e-01	   3.9099700383763758e-01	   6.5563641324615118e-01	   7.1853306072003520e-01	   8.2842990411379547e-01	   3.7434815317555853e-01	   3.6727069055607353e-01	   3.4213789775311432e-01	   5.2440032968097849e-01	   4.1477147041761575e-01	   3.0695184945450582e-01	   5.1467163083975376e-01	   3.8752817479923207e-01	   4.1133828669546579e-01	   4.0791686614824474e-01	   4.5333356383213907e-01	   3.5221062280873006e-01	   1.0107979268024307e-01	   1.6065841190632227e-01	   1.7586124401810155e-01	   5.2709985212113564e-01	   1.9379204730533722e-01	   2.0985328522528460e-01	   2.4318069061862430e-01	   8.8974824385714205e-02	  -3.0942759587122443e-01	  -2.0732106587976057e-01	   5.6730654314526202e-02	   2.2731472050635967e-01	   1.6079959822298556e-01	   5.7384074213213876e-01	  -3.6115400754567584e-01	  -1.5884222213579993e-01	   6.4775197633862713e-01	   7.9440362203060966e-01	   7.5520955299498604e-01	   8.8547051992013004e-01	   1.1478026669909654e-01	   3.5476203828514907e-01	   2.1686917725910104e-01	   1.5527914881074659e-01	  -4.4711136546796725e-02	  -1.1982836367826070e-01	   1.0304232539711168e-01	   3.6188459984831924e-02	   6.4050875232981475e-02	   3.6997442291553373e-01	  -3.0749940873180287e-01	  -3.2400558347056818e-01	  -4.5217966652584884e-01	  -2.6037478027938277e-01	   3.9383303490488775e-01	   3.5449858025525001e-04	   5.7146225582536203e-01	   7.5999945959132365e-01	   6.0279212758149814e-01	   5.1045702154107941e-01	   3.6728906636906322e-01	   5.7979380492576116e-01	   5.8365972737747340e-01	   5.6398706156283329e-01	   5.4973543335839881e-01	   5.0879226153544099e-01	  -6.8188046316698628e-02	  -3.3683144751165163e-03	   2.2501958120411192e-01	   2.8802134715505445e-01	   1.9597987290505683e-01	   6.3297095988953927e-03	   2.6137496292840656e-01	   2.8311163106266934e-01	   1.5096193466894109e-01	   1.3933830661245775e-01	   3.5535874075316060e-01	   2.2740257950053416e-01	   4.0361234460342882e-01	   4.2364495814468806e-01	  -1.0908496609612776e-01	   3.1484324091647048e-01	   5.2807219076550271e-01	   1.8766252999912114e-01	   2.4689137942787617e-01	   3.1911238666054903e-01	   4.6100012436535615e-01	  -1.9364673535995393e-02	
  -1.2133018123426756e-01	   1.1428677397659789e-01	   6.2564594571749554e-01	   6.1068248926425905e-01	   8.0235098667400240e-01	   0.0000000000000000e+00	   5.5022353622486364e-01	   7.3388865906734313e-01	   6.5339337527747687e-01	   5.6753279344857721e-01	   7.1050404581692941e-02	   2.1911074029224781e-01	   1.6072045504603660e-01	   2.7597788161137382e-01	   3.3328865990310319e-01	   3.4886598653312167e-01	  -3.0713295907616672e-01	  -2.2983939018024538e-01	   8.6631811525804764e-02	   3.6630287663132782e-01	   1.2938230206635137e-01	   6.3436480665570461e-01	   4.9525420310924750e-01	   5.4933393970661260e-01	   6.7592526136583653e-01	   1.0086026461410300e+00	   5.9747000293296737e-01	   8.4532716082027726e-01	  -2.1591635168891718e-01	  -2.9622749209613158e-01	   2.5639428343700765e-01	   1.6884221817567566e-01	   4.6971253726128870e-01	   5.9459178382534528e-01	   5.3668038812631313e-01	   6.4760292231014360e-01	   2.6155129748068856e-01	   3.3218069829097913e-01	   1.2067747427648487e-01	   3.6800457571397899e-01	   3.8081902085980024e-01	   2.3128336473205507e-01	   4.4892700503669436e-01	   1.8022854985641895e-01	   4.1611803920947932e-01	   3.5534167448181830e-01	   3.9527354725866587e-01	   1.7764493576925411e-01	   2.9132765274341371e-01	   2.4198295319765484e-01	   2.6736246896923677e-01	   5.0541417900413732e-01	   1.6183909166425012e-01	   7.4782192709480097e-02	   3.5982629831123913e-01	   1.9904755830988727e-01	  -2.0306402143973704e-01	  -7.5219803004836064e-02	   2.6263520097296034e-01	   3.6998756484423179e-01	   2.9086307132558964e-01	   4.6595144128534027e-01	  -1.1941674978351854e-01	  -9.1665191953877699e-03	   4.0382364120575315e-01	   5.5701652881571451e-01	   6.9613495529167302e-01	   7.1062513913821757e-01	  -9.1353561852293957e-02	   3.7413502362531481e-01	   1.7733998861599687e-01	   1.3848801552509249e-01	  -8.3754696376632520e-02	  -1.1181734139898262e-02	   4.2982553742052169e-02	   5.9783365236237423e-02	   1.3916230918562927e-01	   3.1761958541304625e-01	  -2.5498121924135070e-01	  -1.9308332360734931e-01	  -3.1352797611370969e-01	  -3.2977260566427230e-01	   3.6382983393661017e-01	  -1.8272602298030224e-02	   3.5842255492870229e-01	   4.9886190226448490e-01	   4.5132968982824428e-01	   2.6861743170921693e-01	   4.2427309836104060e-01	   5.7212103587594731e-01	   7.7384511770617193e-01	   6.5234730691501541e-01	   7.3716932297812565e-01	   7.3234931287839777e-01	   4.4647040778037314e-02	   4.5822633585287875e-02	   2.3885686387060287e-01	   1.4042393285096300e-01	   3.8927046406287280e-01	   1.3731320449532197e-01	   4.8336584001718375e-01	   4.7461444759954552e-01	   2.4641542683631237e-01	   3.6664292044284796e-01	   4.5043703604661045e-01	   3.9188916795143119e-01	   2.0513881721954122e-01	   2.7029482117145770e-01	  -1.1111987407553396e-01	   2.5302494389986074e-01	   4.2030948103309013e-01	   2.7462558292578565e-01	   3.9262632040443113e-01	   2.5115635531999003e-01	   3.6469454127457906e-01	   5.2154987430003831e-02	
  -1.5375677655092848e-01	   1.2642577143931522e-01	   1.2880461646443668e+00	   6.7548561636502558e-01	   6.3999487822846035e-01	   5.5022353622486364e-01	   0.0000000000000000e+00	   1.1119575848771539e+00	   8.3517727024163690e-01	   5.6239220684953406e-01	  -6.1139217792531590e-03	   2.1281071276103361e-01	   3.7713880472207767e-01	   4.7095168957346600e-01	   4.9228204793244590e-01	   2.9896422577679099e-01	  -5.3159020210922237e-01	  -3.7553007981976566e-01	   2.0634546294608938e-01	   3.8350205443552415e-01	   2.3511698830350404e-02	   4.1439995420286302e-01	   6.7331370716632577e-01	   4.9896385588260866e-01	   3.3400699577859561e-01	   3.1539752196944848e-01	   4.3398602622179216e-01	   4.6844247956059887e-01	  -2.0145957248026175e-01	  -2.0348094269418562e-01	   5.2474567784817872e-01	   4.1553380260883216e-01	   6.1487840569035035e-01	   6.7029484430081898e-01	   5.1049049360311138e-01	   6.1295469059286933e-01	   2.1005688004741213e-01	   3.1433103095273363e-01	   2.2255494354683203e-01	   3.3651560062305935e-01	   2.0712034211628957e-01	   1.1462125683453502e-01	   5.9143537880089259e-01	   4.4345603725591232e-01	   4.1630081362602700e-01	   4.2021285205447573e-01	   5.8159909582406699e-01	   3.9759755617033288e-01	   2.3850234629321845e-01	   2.7734123765799584e-01	   3.5810161741080498e-01	   5.2334262828010092e-01	   2.5429880769594904e-01	   3.2936036864889762e-01	   4.0814448455446939e-01	   1.8155074876033961e-01	  -2.1753718516159332e-01	  -1.0920750799921299e-01	   2.1970304127649543e-01	   2.8267879489915243e-01	   4.8946545020136351e-01	   4.9000680274102615e-01	  -2.3270621915993239e-01	   5.7077794830667217e-02	   7.2033627035417558e-01	   5.8858439667197193e-01	   8.0495689487127664e-01	   7.5757981338675162e-01	   1.4685254128936953e-01	   5.6116575121181955e-01	   8.9872130368573971e-02	   1.6257288558268698e-01	  -1.4961643117881276e-02	   1.7056159421233577e-02	   1.6253653904076903e-01	  -2.3432986551583278e-02	   3.7305575082478648e-01	   4.1647866466397410e-01	  -3.9876590850425125e-01	  -2.7709344799574137e-01	  -4.9361362319534957e-01	  -1.5368400308854990e-01	   2.5745186911998208e-01	  -2.1441224585935358e-02	   3.8988991418741437e-01	   4.7196620981209447e-01	   1.8872305426363914e-01	   1.5484871743127054e-01	   2.9175744390352087e-01	   3.8525818272836770e-01	   6.1286713340942833e-01	   6.3026495707582808e-01	   5.4004977172479729e-01	   6.4358650690037644e-01	   5.5969340906640935e-02	   2.0154019285978436e-01	   2.9855757772131686e-01	   1.5315741341069211e-01	   4.8979693797572788e-01	   2.6478015061409738e-01	   6.1444138193644549e-01	   6.3041006323499382e-01	   4.1635229107722366e-01	   3.2222281507149297e-01	   3.9178275406309171e-01	   2.9324406087131738e-01	   4.7263468588021290e-01	   4.6205635489515040e-01	  -6.7431935850452901e-02	   2.3163722475500848e-01	   4.0656751544173858e-01	   3.2408367148342643e-01	   4.9543755852557159e-01	   3.6426399620587480e-01	   4.1752847543930460e-01	   2.3817749218968169e-02	
  -1.9434601364663584e-01	   1.7666136652636372e-01	   8.7844564252594237e-01	   1.0808948485938636e+00	   8.9217196483445405e-01	   7.3388865906734313e-01	   1.1119575848771539e+00	   0.0000000000000000e+00	   8.6634478109770874e-01	   7.0720890412520254e-01	  -1.7054725908893859e-01	   2.5317802955158297e-01	   2.2746405151512175e-01	   6.2306888318995091e-01	   5.2389721938808242e-01	   5.3977860660943922e-01	  -4.9963534550051431e-01	  -3.7122439710994010e-01	   4.0481743447401504e-03	   3.4739646604343116e-01	   1.5708944564040717e-01	   4.6104394625187239e-01	   8.4800117932069652e-01	   9.2213437814651789e-01	   6.2917568480525521e-01	   6.2513734070574600e-01	   7.4193556847879349e-01	   6.0398100430899793e-01	  -3.8065478848233986e-01	  -2.8863836584503560e-01	   5.9297654657655852e-01	   5.3649912596796068e-01	   6.2765984198849734e-01	   1.0199457172944983e+00	   8.1423893761908472e-01	   1.0947076680608585e+00	   3.2239102163408018e-01	   3.7937098481237475e-01	   4.1731239140787113e-01	   5.0802770503420225e-01	   2.8732881978960151e-01	   2.5405579965529496e-01	   6.7896555156170579e-01	   4.8279867082552830e-01	   4.4321136204951533e-01	   5.6106408008914199e-01	   6.0993970857499047e-01	   4.6222750469105189e-01	   1.1474647381373512e-01	   2.4481247506928377e-01	   3.4938618389977349e-01	   6.1006765194578150e-01	   3.4827429363323364e-01	   2.8370446259946269e-01	   4.2314475592954670e-01	   1.1524869732722738e-01	  -1.9926136334468980e-01	  -4.5656154487595080e-02	   2.2028547659715850e-01	   2.9413691373411399e-01	   3.8003977265305089e-01	   7.7646518512380369e-01	  -3.2461056529155469e-01	   5.0532993857598969e-02	   9.3298838726773203e-01	   9.6344774138594691e-01	   1.1019987620059863e+00	   1.2350605241720380e+00	   1.4040322791947610e-01	   5.8469313209051599e-01	   8.9202846250521467e-02	   1.8645125616961047e-01	  -9.6626934671568840e-02	   6.0609928303423009e-02	   8.9077776797108918e-02	   7.7705348993993492e-02	   2.0991007502319806e-01	   5.2005088296211166e-01	  -2.5352606591413118e-01	  -2.2421271630145670e-01	  -4.8372686870252207e-01	  -2.1535947708977729e-01	   3.7911289798778142e-01	   1.4877719503828640e-02	   6.1961937541916901e-01	   8.3139689319855958e-01	   4.6416218905678830e-01	   2.8014533845122969e-01	   4.8402384745137722e-01	   6.3701988426923317e-01	   8.6214121563136570e-01	   5.9837958167431415e-01	   6.9765544488279629e-01	   5.9091685592936460e-01	   8.2233810179150567e-03	   1.7757480970525683e-01	   4.0779795007010744e-01	   3.6344022046475555e-01	   4.3453831664760711e-01	   1.2059322878214021e-01	   5.3275370114096332e-01	   4.4765762882386972e-01	   4.5349561983597897e-01	   2.5093717580045244e-01	   5.6091368068601788e-01	   2.7700599743414206e-01	   5.8030724483136586e-01	   4.7165394770031588e-01	  -1.1962376872727358e-01	   2.9232767262680831e-01	   6.4529280309881387e-01	   2.6561500905165403e-01	   4.1704774953059265e-01	   4.2739136568137620e-01	   5.2809918928177435e-01	  -2.7856607373812074e-02	
  -3.0341737463110294e-02	   2.9289928141542110e-01	   7.2042360928780524e-01	   6.5412808139128598e-01	   6.9068965998917065e-01	   6.5339337527747687e-01	   8.3517727024163690e-01	   8.6634478109770874e-01	   0.0000000000000000e+00	   9.2216466080296944e-01	   9.9626504684781431e-02	   4.4244377755797559e-01	   5.1043152544456361e-01	   6.8125162916963145e-01	   8.1883354809133557e-01	   6.0613821047953520e-01	  -3.9381633639577385e-01	  -2.5183561155642270e-01	  -1.1931589093544123e-02	   2.5392668123791906e-01	   1.2060292129637354e-01	   5.2461666411429553e-01	   7.0228652518596424e-01	   5.9552307591945297e-01	   4.1140557719616155e-01	   3.7435321539076166e-01	   5.9395795480938385e-01	   4.1007311422156889e-01	  -3.6434512307493200e-01	  -2.1394554846250863e-01	   1.5416970861451565e-01	   7.9587868341598145e-02	   3.7571625991534591e-01	   5.6966779383470556e-01	   6.9478775974636775e-01	   6.7942837608599138e-01	   4.8639400066240712e-01	   4.0344327283942577e-01	   5.8111445985993226e-01	   4.5229939436166339e-01	   5.9346645009596788e-01	   1.5102912103989319e-01	   4.5212054838554572e-01	   2.2792731137452421e-01	   4.1962046789365809e-01	   3.4734487536923231e-01	   4.1225281209935349e-01	   2.3101826859696822e-01	   2.8752687999810372e-01	   2.5484395774525509e-01	   3.8488578509609456e-01	   5.8769088231998745e-01	   3.4370457724668635e-01	   3.0859464212897192e-01	   4.5432807222364135e-01	   2.6672671754038679e-01	  -9.8330822226442266e-02	   9.8101252976319150e-02	   4.1482821615456100e-01	   3.8959704669974971e-01	   5.4782057120055161e-01	   6.8222547793851795e-01	  -2.2134746836134950e-01	   1.5681271199384408e-01	   7.9813059031020428e-01	   8.2985401794221458e-01	   8.5007778839192949e-01	   7.5119311393641497e-01	   2.2012482786543769e-01	   7.0038367528966727e-01	  -3.7327091581232749e-02	   2.0811416928537757e-01	  -1.2870513644998702e-02	   5.8430064556455705e-02	   1.4884090505106534e-01	   1.9720404583418658e-02	   2.1339319575512661e-01	   3.1879382776766302e-01	  -2.3118281837403859e-01	  -1.9356219135933708e-01	  -3.3410324555492843e-01	  -1.1576131857070787e-01	   4.1987272359916755e-01	  -5.3769241652001275e-02	   7.1295455307642619e-01	   7.5217062725411432e-01	   4.7817953989183515e-01	   3.8179983258339190e-01	   6.0692517083116360e-01	   7.9067183128556995e-01	   6.0397663334171370e-01	   4.9864854052695151e-01	   6.7115105739691294e-01	   6.0969903701256933e-01	   2.4661229912377497e-03	   1.3263799138821641e-01	   3.5945613944088667e-01	   2.4822271432284476e-01	   2.7981196716304091e-01	   9.5327300654258679e-02	   5.6787298187064250e-01	   4.7505142278648632e-01	   3.7629944806727961e-01	   3.6978622158886659e-01	   5.0742887854744634e-01	   3.3487396213931797e-01	   4.0318887000274478e-01	   5.2504184617111593e-01	  -1.0403321576976055e-01	   1.4116796330858961e-01	   3.8298089393857027e-01	   2.5066504172844339e-01	   3.4881001155893337e-01	   2.8506354980309090e-01	   3.7223372191113435e-01	  -1.4182927496612802e-01	
   1.3921089289303576e-01	   3.5728472137815892e-01	   4.0812653481370970e-01	   4.5227744635686651e-01	   3.9027677475193434e-01	   5.6753279344857721e-01	   5.6239220684953406e-01	   7.0720890412520254e-01	   9.2216466080296944e-01	   0.0000000000000000e+00	   7.5586249603321207e-02	   4.6905680754165058e-01	   3.4905659407544404e-01	   5.5379014027319229e-01	   5.5055690825388892e-01	   6.9979321579235088e-01	  -3.1406376196684277e-01	  -1.5034724237243366e-01	  -1.3430605682960314e-01	   2.4188858246996403e-01	   2.1272971212254917e-02	   3.7054036688272468e-01	   4.9667477606783894e-01	   5.2258928007510119e-01	   3.6460129089307697e-01	   2.7839188865170283e-01	   5.2650352271557244e-01	   2.1811924447553241e-01	  -4.3934986500368378e-01	  -3.3820533891908588e-01	  -2.1033912735600640e-03	  -2.0235513532383152e-02	   3.3795013612998637e-01	   4.3940668562598939e-01	   6.5556113211330092e-01	   5.9620470719150698e-01	   4.6538304474849718e-01	   3.4322404192167877e-01	   5.7193739536578381e-01	   3.3356370616959496e-01	   6.6382860400210664e-01	   1.0301087280398107e-01	   5.2950917800297970e-01	   2.1394607166830962e-01	   4.0790100087953507e-01	   3.6782395398950141e-01	   4.4830845918858991e-01	   2.7315269642195428e-01	   3.1221981847028440e-01	   2.7448384271698617e-01	   5.3832792386428585e-01	   5.1419570735716480e-01	   4.8551636173724311e-01	   2.0203483549113471e-01	   4.0119448571050553e-01	   2.2996229965859510e-01	  -3.3885400519790984e-02	   1.8324962045622312e-01	   5.6039501404114112e-01	   3.8018009690864796e-01	   3.8124445524578354e-01	   6.5441305378030812e-01	  -2.7675391944302857e-01	   1.0549577445906110e-01	   5.4805937277646344e-01	   6.8393890723465434e-01	   6.8083880278605202e-01	   5.6112104767730508e-01	   2.9310056888506403e-01	   6.0536863509563010e-01	  -1.4822972005176774e-01	   6.8503899099835772e-02	  -7.5170157256633049e-02	   2.6238023728349151e-02	   9.7448964400385946e-02	   9.1031460835828387e-02	   1.7558405886395179e-01	   2.8882881813451178e-01	  -1.9931832630742155e-01	  -1.0412987497724840e-01	  -2.5223504170087918e-01	  -3.1437497479742127e-01	   2.9872430904631431e-01	  -7.6421847724878367e-02	   5.4094584458381423e-01	   5.9344288091006403e-01	   4.8090301175432004e-01	   3.1537558253068171e-01	   5.8557756249729964e-01	   8.2706225300614544e-01	   5.3552648267606018e-01	   2.7437785175905244e-01	   5.0090613206060719e-01	   4.1149907584223083e-01	  -1.0344506894616243e-01	   3.5860236839272086e-02	   3.5876053223856408e-01	   1.9684392885985105e-01	   2.4465108937591037e-01	   8.9586728963802403e-02	   3.1963100023734120e-01	   3.9397494600360716e-01	   2.4730138003192531e-01	   3.6966796458974288e-01	   3.8387167460866073e-01	   2.2777217470188243e-01	   2.0324799755134385e-01	   3.2526826988362811e-01	  -6.6071979178760454e-02	   2.1967911791949141e-01	   4.6378402886435360e-01	   3.3184149242792177e-01	   5.1723797867382570e-01	   1.9042285811907669e-01	   2.7141719922465857e-01	  -2.0177744486394414e-01	
   6.6012530794397717e-01	   4.1496185541111064e-01	  -1.2825079845598060e-02	  -2.2762064003266586e-01	  -2.5342521604309920e-01	   7.1050404581692941e-02	  -6.1139217792531590e-03	  -1.7054725908893859e-01	   9.9626504684781431e-02	   7.5586249603321207e-02	   0.0000000000000000e+00	   7.1067970576462214e-01	   9.5404891097971900e-01	   2.5402861048469177e-01	   1.7526070996388909e-01	   1.6486025693625300e-01	   6.1745237530862163e-01	   5.8190075088749227e-01	   5.6516133067933050e-01	   3.7292462916022390e-01	  -4.1350131240719623e-02	   9.4150768869384838e-02	  -1.9421843309547809e-01	  -2.8584682545107803e-01	  -2.9325778292508003e-01	  -1.9043805526866700e-01	  -1.8555448929659552e-01	   2.2911729531743082e-02	   6.0702589183830680e-01	   3.7538922602092950e-01	  -3.4077333948687083e-01	  -3.4365917712187127e-01	   1.4400130286797688e-01	   2.1372274717853478e-02	  -2.3005151480808275e-01	  -2.7985321801862140e-01	   1.5146561645762713e-01	   3.6626890039359222e-01	   4.0140076070621242e-02	   1.8382779906573632e-01	   1.8936922459681657e-01	   9.4236516360008390e-02	  -9.0470870077383483e-02	  -1.1133931611036088e-01	  -1.3262234099185063e-01	   3.8038095582974697e-02	   7.4745838762336952e-02	   3.4271805651553057e-02	   2.7880435696182315e-01	   2.6874034810326536e-01	   2.6022492320679569e-01	   4.6574158229992398e-02	   2.3094752145670217e-01	   5.0684941477168947e-02	   4.9651267187767190e-01	   6.6947396548063698e-01	   4.6033631305555228e-01	   5.6235369682049041e-01	   4.0674316152724543e-01	   2.5096540427349556e-01	   5.2871802842136439e-01	   9.1681526603429014e-02	   8.0065649251583482e-01	   5.1982300310765939e-01	  -2.2422699475789681e-01	  -1.6152804568158013e-01	  -1.6071530702313291e-01	  -2.7254305345941982e-01	   7.1410077722237980e-02	   2.4704802022107403e-01	  -3.0786491940886469e-02	  -4.9440037080760856e-02	   3.7125017719645964e-01	   3.8773921342838674e-01	   3.0922871001024654e-01	   1.2125883385068366e-01	   3.0372057132720315e-01	   1.3381356371116146e-01	   3.1822682608182512e-01	   4.6580881467648882e-01	   5.3541617886999049e-01	   4.3934304599891455e-01	   2.1830456966516021e-01	   3.2160738211967554e-01	  -2.3695364363177214e-02	  -1.5384859503690917e-01	  -7.7434128168805433e-02	  -7.6610020609556545e-02	   3.4652298570467194e-01	   1.2978712126856612e-01	   4.2174029096840517e-02	   1.5800159625189303e-01	   3.6014207568810840e-03	   6.7519702059702438e-02	   1.7201117522428733e-01	  -1.8255905298172784e-02	   2.4915522925691064e-01	  -4.6538618542196097e-02	   3.6725132756063988e-01	   5.3288162859986254e-01	   2.2607492157189513e-01	   3.2099820177153088e-01	   1.5882611986982020e-01	   4.7908774842286062e-01	   1.0082180108180376e-01	   3.8844522690488444e-02	  -1.3537260674956669e-01	   2.5882932456871499e-01	   2.0632154677077477e-02	   1.3787124277142873e-01	   4.2776747172232525e-03	   3.3323663041593554e-01	   3.1236054544549630e-01	   4.2041690600221233e-02	  -2.0120752740774309e-01	   9.9217631255556146e-02	
   7.0814813208309757e-01	   6.2172079634401189e-01	   8.9722214396365282e-02	   2.1977778424220037e-01	   2.5404318753769226e-02	   2.1911074029224781e-01	   2.1281071276103361e-01	   2.5317802955158297e-01	   4.4244377755797559e-01	   4.6905680754165058e-01	   7.1067970576462214e-01	   0.0000000000000000e+00	   8.9160541304438146e-01	   8.4259173811928068e-01	   3.5568294823025476e-01	   7.3981485170299122e-01	   3.1162999420524928e-01	   4.6876397750779442e-01	   1.9706754263474177e-01	   3.6045288917670970e-01	   2.2753744371056928e-01	   4.3675524955722578e-01	  -2.5540920187576976e-02	   5.8167606445822966e-02	  -1.2473601242305547e-01	  -7.3790641828263091e-03	   5.0764058072710366e-02	   2.0465172214749047e-01	   1.9161148775428513e-01	   2.2674716216673130e-01	  -1.1968316035285897e-01	  -1.1071068668668030e-01	   3.3445048943793992e-01	   4.2144424224488791e-01	   8.9035848283830182e-02	   9.9792162215003519e-02	   4.1168285546678285e-01	   4.2059808464592308e-01	   2.8698541688035384e-01	   4.6883148564825772e-01	   4.9379380527823002e-01	   2.6607111102945313e-01	   3.3362036310378479e-01	   1.5970859937329837e-01	   3.6960586376784760e-01	   5.6499814710920138e-01	   4.1375297356405383e-01	   3.2163959925757274e-01	   6.1521385026188846e-01	   6.4819181014004257e-01	   5.0226611838424529e-01	   3.0548181881501929e-01	   4.6267005845145309e-01	   1.0468968675976435e-01	   9.1584208853748561e-01	   7.8014955623448579e-01	   7.2473862128358124e-01	   8.6542418496158335e-01	   9.6457465223604377e-01	   6.5529212464952513e-01	   1.0633101381672589e+00	   7.2181625241606906e-01	   5.0576976685577846e-01	   9.2632029176674180e-01	   3.3718207458208596e-02	   1.8404828541322446e-01	   3.0026409565465284e-01	   1.8745132289333169e-01	   2.0371577641447114e-01	   4.4475967039507297e-01	   1.1314919704699834e-01	   2.2736042769377349e-01	   3.2298151573067935e-01	   5.0832915984682325e-01	   3.0713414636541908e-01	   2.5754932471767411e-01	   3.6726118126377566e-01	   4.3443196290606040e-01	   3.2742680060651630e-01	   3.8108664196759146e-01	   2.8776426550305184e-01	   3.4634238502604048e-01	   4.2571307679455084e-01	   4.8527767142085065e-01	   2.7447350266541737e-01	   2.8284443789454189e-01	   3.5657735124512124e-01	   2.3755595791676132e-01	   8.9007372730417988e-01	   6.2100818864355445e-01	   2.2709247949203021e-01	   9.9965538004349791e-02	   1.3418979184276578e-01	   1.1523424608849711e-01	   1.3484148359098261e-01	  -1.0326750279747958e-02	   4.8614843684092146e-01	   2.3106271235756681e-01	   5.7533611389524986e-01	   4.0684519801665131e-01	   2.6074675644905643e-01	   4.0684727669469556e-01	   4.3831096728941993e-01	   4.2862700395833653e-01	   2.0887873754174419e-01	   3.0913499839289971e-02	  -3.2853027215097197e-02	   2.6597589692426410e-01	  -1.0518096916973384e-03	   3.8321477898395440e-01	   2.4376297984168144e-01	   4.1458960618736429e-01	   3.3312262988737557e-01	   2.7689694141371535e-01	  -4.2979120569452377e-02	  -1.0859017930121345e-02	
   3.3416750427036640e-01	   3.6406443820744955e-01	   2.2453719806233974e-01	   1.4228355813723237e-01	   1.3764728272175586e-02	   1.6072045504603660e-01	   3.7713880472207767e-01	   2.2746405151512175e-01	   5.1043152544456361e-01	   3.4905659407544404e-01	   9.5404891097971900e-01	   8.9160541304438146e-01	   0.0000000000000000e+00	   7.9804692859922632e-01	   7.1262219234315383e-01	   5.3583735977531177e-01	   1.1299428735886707e-01	   2.1457779937657939e-01	   2.2924968854125682e-01	   2.4147034445618781e-01	  -5.6222292164471867e-02	   2.3936839714232255e-01	   1.1541180341183586e-01	   4.8801565875233668e-02	  -2.2427813529421664e-01	  -1.3189192154532159e-01	   3.0825413196716382e-02	   1.7621448972412537e-01	   3.1108121102813757e-01	   2.2488679827044422e-01	  -1.9505884251994068e-01	  -1.6758488073846933e-01	   1.7186413124654421e-01	   1.7766081334246664e-01	   5.0316797585423026e-02	   2.8825466915925670e-02	   3.6992558204693660e-01	   3.5087500238960762e-01	   2.8236655976675873e-01	   3.1436810531115278e-01	   4.3051982000011674e-01	  -5.3855143556900721e-02	   1.4608450521171748e-01	   9.9780482882372803e-02	   1.7008749985714228e-01	   3.0350894598661610e-01	   2.1523141467498291e-01	   1.4263696856114985e-01	   3.4731825091874924e-01	   3.3982968002890163e-01	   2.6648352733809211e-01	   1.8339353758777222e-01	   2.7577791536092738e-01	   3.3653043530753428e-02	   6.6465313639767643e-01	   5.4835836666195814e-01	   2.7117587085253059e-01	   4.9157601993616046e-01	   5.7014901014179231e-01	   3.9889711263999111e-01	   8.1925477157708759e-01	   4.6846957003917100e-01	   3.4168604750145748e-01	   5.5978178259500200e-01	   1.9912896380991094e-01	   1.9630126260637876e-01	   2.3639597366317347e-01	   1.3252873103413326e-01	   1.6090188305975658e-01	   4.9505881015491504e-01	  -2.9986828211514847e-02	   1.3810380827509552e-01	   2.3422236433620131e-01	   3.1210105918882058e-01	   2.6985785811573959e-01	   1.4538166251854542e-02	   2.4288911877444563e-01	   1.8081016917993992e-01	   4.2296567814693396e-02	   2.1481094673049295e-01	   1.0673045056098612e-01	   3.4141559255193815e-01	   5.1182923889299281e-01	   2.2206532718702815e-01	   3.6883111394064383e-01	   2.6847256963644983e-01	   2.0512723405761629e-01	   1.1991172768332291e-01	   7.1970689495667450e-01	   4.2879335658424472e-01	   2.2430875436494177e-01	   2.3943003997591361e-01	   1.7635584647574926e-01	   2.0044055893313753e-01	   1.7782338391923838e-01	   1.6103984050025172e-01	   3.7802548787958107e-01	   1.3776501931001101e-01	   4.0012359916341567e-01	   2.9468501219436199e-01	   4.3361264141476474e-01	   3.9030707456018443e-01	   4.2080964362386264e-01	   4.1416847582721250e-01	   2.4633795224302701e-01	   6.1520671599281429e-02	   4.0193995346393514e-02	   4.4475126739112741e-01	   1.5118159218755456e-01	   2.8096347769091046e-01	   9.3285887370682247e-02	   2.7260650832088257e-01	   2.9953696353196446e-01	   2.3524634350899132e-01	  -1.9148130278015319e-03	  -6.8538336938782753e-04	
