   0.0000000000000000e+00	   1.4648105292970166e+00	   1.0133414697491714e+00	   5.3497823061100869e-01	   6.1630325598680002e-01	   6.1324687638253206e-01	   1.0842306287259154e+00	   7.5058168061131492e-01	   5.3847067598853848e-01	   6.0427866560623555e-01	   1.2066614699650997e+00	   9.6916537740705400e-01	   1.2894661837524288e+00	   1.0355612933897049e+00	   1.0973023244497913e+00	   8.6429151502293200e-01	   9.2300409338811074e-01	   9.8699780411881610e-01	   1.2166967368125718e+00	   1.0567574479982409e+00	   6.6030046026014144e-01	   7.4907831837297378e-01	   8.5068464108062902e-01	   6.2975782952651704e-01	   6.0953079167495072e-01	   5.2697182708334767e-01	   6.1677368064817584e-01	   4.6027898553412894e-01	   7.0688301953438970e-01	   8.6472947264845512e-01	   8.2691228549948215e-01	   7.9679265882597794e-01	   1.2293532723416960e+00	   1.2068972869847516e+00	   8.8615605107812567e-01	   9.0593843174088740e-01	   1.0048072930880347e+00	   9.3128960179746634e-01	   9.0139081376877894e-01	   7.5464902618995156e-01	   1.2618780180564897e+00	   8.5253611518672945e-01	   1.1155182902454179e+00	   1.2373286629213400e+00	   9.0936078111232754e-01	   9.5686027669045248e-01	   1.1847540909857650e+00	   1.2535300366737032e+00	   7.7511914140486660e-01	   7.6786757296992447e-01	   8.7985931145697238e-01	   5.8608316088559409e-01	   8.9420474403941896e-01	   5.5374454074531521e-01	   9.9576661673362399e-01	   1.1292198294779696e+00	   1.3298608386261712e+00	   1.1942292353373238e+00	   8.5285200350316503e-01	   5.6342146960984119e-01	   1.1287961934454567e+00	   8.1795285033422371e-01	   9.4615977585268540e-01	   8.6059117722076905e-01	   8.4009379617664171e-01	   6.0302313403125440e-01	   7.7856279008796681e-01	   8.2750158333938906e-01	   9.7925923068145049e-01	   8.5110015310666221e-01	   8.2213506362042388e-01	   7.4837706442138041e-01	   1.0270799448771377e+00	   1.0116701146395142e+00	   1.0087458763097565e+00	   1.1198485671660863e+00	   1.1974020703818136e+00	   1.0062187457143370e+00	   9.6136638249646045e-01	   1.2474765602151712e+00	   1.2074570292446443e+00	   1.1766071171332757e+00	   8.7466684182774790e-01	   7.2308350256375564e-01	   8.0750248776601397e-01	   8.8313793091310755e-01	   6.2338529821663624e-01	   4.3609589466696125e-01	   1.1183674229604101e+00	   9.4251588138393183e-01	   6.1267204770263772e-01	   3.8295757146884735e-01	   3.8971929414544443e-01	   1.1719117246844599e-01	   4.9073308648509728e-01	   5.4850666593881603e-01	   1.1526907543111031e+00	   8.7013508010449558e-01	   1.0025249643330914e+00	   1.0248725115636974e+00	   3.0923097178950598e-01	   2.1270759384519694e-01	   4.6864661854912504e-01	   3.1390581141731300e-01	   2.8454359396184736e-01	  -3.6124338669290040e-01	   3.5227561067393814e-01	   3.8313765467154448e-01	   2.3490765393795819e-02	   1.1984771498046807e+00	   1.0773323665559837e+00	   9.4027050356994224e-01	   8.0017687953135230e-01	   6.0290313949332386e-01	   4.0749414697233366e-01	  -6.1274107611117579e-01	
   1.4648105292970166e+00	   0.0000000000000000e+00	   9.8095840287825931e-01	   6.6773900649600060e-01	   5.6461627310241491e-01	   6.7081866951994273e-01	   9.8487265797657209e-01	   9.0161607599354354e-01	   4.9446550135163581e-01	   7.0466533385585950e-01	   1.0315974287212120e+00	   1.1943181032335710e+00	   1.0734447475514264e+00	   1.2006265687654305e+00	   1.0181164337789925e+00	   1.1264511401759565e+00	   7.9492303943483333e-01	   9.0078170037941585e-01	   1.4472588466184131e+00	   1.4014076140206253e+00	   5.9577686009781028e-01	   7.5125310108916799e-01	   9.2609432720139939e-01	   7.6098496712305386e-01	   5.9384689347886521e-01	   5.1327454161670072e-01	   5.8456987693788520e-01	   4.0770629158832383e-01	   5.6021257547721692e-01	   7.7532368649523842e-01	   8.0770400354008165e-01	   8.6544933620234821e-01	   1.2263762590193483e+00	   1.2671905425243062e+00	   9.9095280316293799e-01	   1.0426243151204599e+00	   8.4351983902485583e-01	   9.1958863490638132e-01	   7.7169243649236563e-01	   6.8595306262759781e-01	   1.2077903960234986e+00	   7.6647502173636317e-01	   1.0231604567260206e+00	   1.1216575305264731e+00	   9.0094135757443439e-01	   1.0141690517486674e+00	   1.0452310968096827e+00	   1.2080648362002586e+00	   7.4460949285150491e-01	   9.1452504399155987e-01	   8.5555194698338521e-01	   7.1882194321419857e-01	   9.8072771144157045e-01	   7.7639218161948664e-01	   8.9821609854096374e-01	   9.8950535595712086e-01	   1.2031442134838253e+00	   1.2846358065943677e+00	   7.9127447979848686e-01	   7.2391741419297317e-01	   1.0181984595871905e+00	   1.0937135601361965e+00	   9.2001100511136058e-01	   9.1026791755322156e-01	   8.1057011145404101e-01	   6.8059875442747353e-01	   8.4541380876362904e-01	   1.0006548070954511e+00	   1.1265524328391952e+00	   1.0191175070152247e+00	   9.2879621309965477e-01	   9.8661217691129699e-01	   9.3902077575160481e-01	   9.2860624908166667e-01	   1.0002916492317917e+00	   1.1145304974175068e+00	   1.2662440734179563e+00	   1.2553540168958339e+00	   7.6476054056138310e-01	   1.0912469556911240e+00	   1.0535908850821099e+00	   1.0878709329940273e+00	   7.9084424899525363e-01	   7.2633288650524952e-01	   7.2200472263161453e-01	   8.3978448828596186e-01	   5.7811792747832469e-01	   4.0304932831395662e-01	   1.1772007022645621e+00	   1.1247945195036326e+00	   7.9888262042177804e-01	   4.9827569042222719e-01	   6.0748188502562506e-01	   1.9000436103270896e-01	   4.1419475786829119e-01	   4.9578918717587872e-01	   1.0775893379010422e+00	   6.9036394369890752e-01	   1.1321586725504924e+00	   1.1547996659072259e+00	   5.6239124642444049e-01	   2.9192343378718055e-01	   7.1783800105403750e-01	   4.3434061046964734e-01	   4.6567705731749359e-01	  -3.7399031609283007e-01	   3.8207347537315811e-01	   4.7610510331831651e-01	   1.1942156849318136e-02	   1.1439176421758877e+00	   1.0704141626553971e+00	   1.0808376830813242e+00	   1.0128658881466106e+00	   6.7775681663383736e-01	   3.4639547501010920e-01	  -7.2066901766926317e-01	
   1.0133414697491714e+00	   9.8095840287825931e-01	   0.0000000000000000e+00	   7.0787006585959522e-01	   6.8287715658791492e-01	   7.1891375197429652e-01	   1.5578127207113968e+00	   8.0969173490634361e-01	   6.1390399708898036e-01	   7.1500410956205840e-01	   8.6404914519153864e-01	   7.0791459153916958e-01	   9.4764639943745854e-01	   7.1932500012080391e-01	   1.0464223308660023e+00	   8.1780889084015285e-01	   4.9185732218197731e-01	   6.3928414504960729e-01	   1.2145892027303429e+00	   1.0213168824498693e+00	   7.6522899771321273e-01	   6.8858107365102883e-01	   1.2775529820097455e+00	   8.0433968451298843e-01	   7.3624087275737649e-01	   6.3640345521210928e-01	   6.2417082226735254e-01	   4.2347877836879788e-01	   4.0323652341199417e-01	   6.0158597248615686e-01	   9.9284646343160288e-01	   1.0181718218917439e+00	   1.3461920760507833e+00	   1.2413832550272745e+00	   1.3377868945148910e+00	   1.1620955457564628e+00	   6.4631585119170754e-01	   8.1097334903502727e-01	   6.4647986184431749e-01	   5.5355409355751783e-01	   1.0565552835732119e+00	   7.0219786991765087e-01	   1.0552284734685646e+00	   1.0379452430249692e+00	   9.3016241416605550e-01	   9.6377199039343930e-01	   9.5781028494789688e-01	   1.1309653345559412e+00	   6.2240359162240289e-01	   7.2216382764236531e-01	   7.9603477704027603e-01	   5.6236998490423196e-01	   6.5778619497563318e-01	   6.2170473233657941e-01	   6.6572340754922743e-01	   8.4492242484464009e-01	   7.5551637728723464e-01	   7.0920347723420663e-01	   7.7055220536608626e-01	   5.5803355783603248e-01	   9.7560441897849071e-01	   7.2041282610036483e-01	   5.3201459632265879e-01	   5.8460054056964228e-01	   1.2892999473956979e+00	   7.1211777967878043e-01	   1.0207131331600465e+00	   1.0513858659322981e+00	   9.9264379971826044e-01	   9.1957201576141556e-01	   9.1032506632233323e-01	   8.1393392258693231e-01	   7.4248525689432943e-01	   6.5698291239454998e-01	   7.9205254569373773e-01	   7.9817865050091807e-01	   1.0764251233864490e+00	   9.7359124805493846e-01	   5.6260916129552641e-01	   9.1729905017073554e-01	   7.6800100167280905e-01	   8.5863109673902471e-01	   6.7056283533028449e-01	   6.4585514467485317e-01	   6.6960307132886632e-01	   7.4821880252129624e-01	   5.4856476599134396e-01	   4.6546089888510822e-01	   1.0589479666414183e+00	   9.2298758721875818e-01	   7.1610917767821147e-01	   5.4242534178902913e-01	   4.9251297674232108e-01	   3.0221839732637706e-01	   3.1008010605210135e-01	   3.3240091809776601e-01	   9.7881932103377944e-01	   6.0492147314937361e-01	   8.9818825981239381e-01	   9.7487906634001409e-01	   3.7959666753084004e-01	   4.2931431306464873e-01	   5.9626228066833553e-01	   4.3559838045517318e-01	   3.4278777904345098e-01	  -2.8903186211866250e-01	   2.3757760949703802e-01	   5.4324772632771667e-01	  -1.6643074693409313e-01	   9.8209610849957596e-01	   1.0924254628276144e+00	   9.9503815904247239e-01	   9.1860145382175951e-01	   5.6502467779348875e-01	   3.8677089229223549e-01	  -7.8103490543444865e-01	
   5.3497823061100869e-01	   6.6773900649600060e-01	   7.0787006585959522e-01	   0.0000000000000000e+00	   5.4523985672994779e-01	   7.9865281899296925e-01	   6.3076371003784748e-01	   1.4771715214268408e+00	   4.1639409289056717e-01	   8.5252108826878636e-01	   4.1531709950352724e-01	   8.5423500987580481e-01	   4.6350153719469450e-01	   7.8563359445760039e-01	   4.8748389703730777e-01	   1.0042703382989440e+00	   1.3359414268442996e-01	   1.5406638254399127e-01	   7.3810181348208570e-01	   9.2400764718088491e-01	   4.1529797162154891e-01	   5.3942408459395708e-01	   7.0252942874004520e-01	   1.3232970020979118e+00	   4.7139406258873479e-01	   5.1139926818055170e-01	   5.9715551872627393e-01	   4.7410314532722564e-01	   9.2647630000025114e-02	   2.6099917070933998e-01	   4.5392439955088093e-01	   7.5143264681058453e-01	   5.8246743138900647e-01	   7.0768786292953501e-01	   6.7669636217707863e-01	   8.4393012124732447e-01	   3.4199584467356897e-01	   4.4683050855638251e-01	   3.5167229130479943e-01	   3.3073067226230729e-01	   4.9600622908969233e-01	   3.3365245590101111e-01	   7.9101369087058437e-01	   8.1446714180678526e-01	   7.2440834280484034e-01	   9.0657436591066043e-01	   6.0638150485960995e-01	   7.0878608170475432e-01	   5.4441294347142977e-01	   8.6670182622584435e-01	   5.3101525015489137e-01	   6.7310116816786680e-01	   3.9658427607543612e-01	   4.3089865157318608e-01	   4.4105437239490941e-01	   6.1157153109070939e-01	   3.1960514700630899e-01	   2.8211008860349573e-01	   5.8378470706636498e-01	   7.5213377084228272e-01	   5.0075672285666861e-01	   8.6254069047486470e-01	   2.2963038118970960e-01	   3.5017116270777332e-01	   5.7444052308063354e-01	   1.1498267642580031e+00	   7.2272060616662293e-01	   1.0205757095934880e+00	   7.4988112078283897e-01	   6.5027120843221153e-01	   3.9531855204515404e-01	   7.3094156888105111e-01	   3.7985645921069172e-01	   3.9989830329729065e-01	   4.5026545922122924e-01	   5.7174918874336900e-01	   5.1543147618565976e-01	   6.7289605346991699e-01	   1.7802906422052703e-01	   2.9866411889682770e-01	   3.5968819056465495e-01	   4.6316751076178708e-01	   4.9940898288627911e-01	   6.0568779301819153e-01	   3.9614458102531119e-01	   8.5223405617469927e-01	   3.3124231291906803e-01	   2.6797838144876712e-01	   7.1258053411189448e-01	   8.7017128375943686e-01	   6.5215457495386253e-01	   4.0194739334990004e-01	   7.8386057741478765e-01	   2.2422562805785942e-01	   2.4714564959964347e-01	   3.0108098402890671e-01	   6.0336316300767567e-01	   4.2706063126572547e-01	   6.2981062006810895e-01	   6.3954902033427719e-01	   7.2259890864362386e-01	   3.3588803635661990e-01	   7.7474761173063489e-01	   3.7542296523491220e-01	   5.6121852488757884e-01	  -1.2868980652036213e-01	   6.0553754207867083e-01	   4.6154081775403960e-01	   2.7275948931787905e-02	   6.5274579740679783e-01	   6.5940647660152441e-01	   6.9808344199179850e-01	   6.9282545292389430e-01	   5.2996977799044986e-01	   3.2123932882976630e-01	  -4.0074792550196625e-01	
   6.1630325598680002e-01	   5.6461627310241491e-01	   6.8287715658791492e-01	   5.4523985672994779e-01	   0.0000000000000000e+00	   1.3562991781831728e+00	   6.6049639906212410e-01	   5.1950232137751695e-01	   1.5257129794863271e+00	   1.0147103212919459e+00	   4.2063545754373549e-01	   4.1409661126720299e-01	   5.4568133822900222e-01	   4.2341078974002178e-01	   6.5080280189772322e-01	   4.3811392858263021e-01	   7.0619764101788954e-02	   2.0948717453900476e-01	   6.9096815186674465e-01	   5.7738264974266607e-01	   7.7116090528390768e-01	   7.5630394941674961e-01	   7.3995234670072507e-01	   7.5949028655800033e-01	   1.2286423058245599e+00	   1.0533870487853729e+00	   1.3067871167671714e+00	   1.1241650469348694e+00	  -2.1447616714171155e-02	   1.0034062030756936e-01	   3.4989942188992496e-01	   2.8570771549671686e-01	   4.4452765183215476e-01	   4.0595783262950880e-01	   7.7357137962687361e-01	   7.8676664794226925e-01	   2.9934471195106366e-01	   4.6310024780070574e-01	   2.6827884095327342e-01	   2.7079829098506880e-01	   4.9073687181368347e-01	   5.2752434909182377e-01	   8.0633903934034612e-01	   7.0403809829191688e-01	   7.3374131312500390e-01	   7.7046155756451729e-01	   6.3201376141485832e-01	   7.4694970339686162e-01	   8.2598342931643653e-01	   9.5179358777671630e-01	   9.1983397134418721e-01	   8.2583882519996665e-01	   6.5264987437026145e-01	   8.0360853013063460e-01	   5.4656157377248604e-01	   6.4577217225796646e-01	   4.4237685534908727e-01	   3.8517061389668750e-01	   9.4288478404602694e-01	   9.1193348423898402e-01	   6.7132739513817052e-01	   5.5906706034854770e-01	   1.7906952639319987e-01	   1.6756455966917350e-01	   6.4778651779396368e-01	   6.4153294717146714e-01	   1.0097042609217957e+00	   9.1989604219480792e-01	   7.6023512827117168e-01	   8.1188876233561724e-01	   4.8955109528895313e-01	   4.7133639971782065e-01	   2.9695945694356674e-01	   2.6135887250977718e-01	   2.8265322363120737e-01	   3.1922222962725627e-01	   4.2366737438450897e-01	   4.7156924800535327e-01	   1.9642431828532111e-01	   3.1555250303317461e-01	   2.9333938702228157e-01	   3.2477411519222033e-01	   4.2512127854322923e-01	   4.1101534566385023e-01	   3.6749629178673238e-01	   5.4769272927513468e-01	   5.7383654359374270e-01	   5.0232463343669365e-01	   7.6893530118905207e-01	   8.2387733090395376e-01	   8.5493650503665908e-01	   7.4301627731116948e-01	   6.5433503971358797e-01	   5.8873481459805699e-01	   2.3688621395056747e-01	   4.0229930669130043e-01	   5.5758289562673158e-01	   4.4685887076147224e-01	   7.3557726641219878e-01	   8.2018320300459968e-01	   4.6370734678993619e-01	   6.9842366361775865e-01	   5.5531453671599385e-01	   6.3270967032849446e-01	   3.6744790535498284e-01	  -1.7219179384136751e-02	   3.1797492622038726e-01	   4.6724642138698058e-01	  -4.7290025703897308e-02	   7.2636373753290218e-01	   7.1134506300543510e-01	   7.0944611642209632e-01	   5.6248122036152282e-01	   2.2556143299504633e-01	   1.5962839197328910e-01	  -5.6949329873373555e-01	
   6.1324687638253206e-01	   6.7081866951994273e-01	   7.1891375197429652e-01	   7.9865281899296925e-01	   1.3562991781831728e+00	   0.0000000000000000e+00	   8.0722255462919168e-01	   8.1751051618359660e-01	   1.1478841158455839e+00	   1.7454244072425733e+00	   4.7851963430573219e-01	   5.9978897780193507e-01	   6.1512738753483309e-01	   6.4966968368403044e-01	   5.9328860192144051e-01	   6.1852695012728121e-01	   1.3950760055048433e-01	   2.3250623420911570e-01	   7.3884219385456662e-01	   7.3150501715521610e-01	   6.5607690937357910e-01	   7.7905676228902432e-01	   7.2894772536103503e-01	   8.9042911095374100e-01	   1.1299584852709943e+00	   1.1992476831205026e+00	   9.9523595597476788e-01	   1.1425593594918504e+00	   1.1221714605510764e-01	   2.3921078619512637e-01	   4.6024431246468844e-01	   4.9292099900355257e-01	   5.4374040777516885e-01	   5.9483229932636816e-01	   8.2378682887923427e-01	   9.2325650068445397e-01	   3.6051420659711608e-01	   5.3534569315063552e-01	   3.4720544967219852e-01	   3.7789810833756338e-01	   5.7779248970375852e-01	   5.2329063980984181e-01	   7.6559340618736071e-01	   7.5319608414737205e-01	   7.0820874406407874e-01	   8.7802341646053572e-01	   6.0747708697059632e-01	   7.6145826461156685e-01	   6.1608819335595688e-01	   9.8869224529704425e-01	   7.1271337214522945e-01	   8.3162244480985414e-01	   5.7097729774002259e-01	   6.8790660553676197e-01	   4.7688270340779770e-01	   6.4117130471421691e-01	   4.2669176257852814e-01	   3.8785916678327426e-01	   8.4123105217133354e-01	   1.0046115217797820e+00	   7.2532589282996796e-01	   8.3868135544602118e-01	   2.9218240341337337e-01	   3.6091495728898110e-01	   6.5225742614407389e-01	   9.0600412618639092e-01	   8.8217330396838178e-01	   1.0218748915727709e+00	   7.0963681060227002e-01	   7.6579566501243435e-01	   5.0325866548824838e-01	   6.8105173326519342e-01	   3.8588997133704844e-01	   3.6743561790437917e-01	   3.8644604500197860e-01	   4.1493677944502400e-01	   5.0924810965486744e-01	   6.2129154479749060e-01	   2.1774911536654329e-01	   3.5115216220262596e-01	   3.8664727663151421e-01	   3.8186567782162728e-01	   4.6957179882458611e-01	   4.9787950202260156e-01	   3.3583073044597256e-01	   6.3340155640458728e-01	   4.1996793538234972e-01	   3.1156089128665054e-01	   7.5900294213796993e-01	   9.0733307571993227e-01	   7.4631449145219064e-01	   5.5124056452417980e-01	   6.8232342630347809e-01	   3.8898391597231208e-01	   2.1614803712587052e-01	   3.9688742714382153e-01	   5.7423546518774271e-01	   4.1236691615115945e-01	   6.1046736486962050e-01	   7.0324497109413819e-01	   5.7006719269042927e-01	   5.4669640711013867e-01	   6.2491377630865530e-01	   5.0086434863862039e-01	   3.6770095981027695e-01	  -1.5097901619471762e-01	   3.5346503895250742e-01	   4.4693111312133560e-01	   6.7767278813848419e-02	   7.4998372105693001e-01	   6.9154846040719165e-01	   6.4923404183302225e-01	   5.3882393696689113e-01	   2.7610688747034884e-01	   1.5834583635219818e-01	  -5.7039509804392452e-01	
   1.0842306287259154e+00	   9.8487265797657209e-01	   1.5578127207113968e+00	   6.3076371003784748e-01	   6.6049639906212410e-01	   8.0722255462919168e-01	   0.0000000000000000e+00	   8.9854937766264265e-01	   6.2877695423787205e-01	   8.3528749359200605e-01	   8.7066973838210804e-01	   6.8334292521947748e-01	   1.1253101989357475e+00	   8.0157504639676702e-01	   9.1396486353133399e-01	   7.6139133798155978e-01	   5.1663632191658948e-01	   6.9002308392134104e-01	   1.0934859197615034e+00	   9.6750158285850141e-01	   7.2597987240951189e-01	   6.6937603204198781e-01	   9.8046399660537853e-01	   6.9459537694824669e-01	   6.6486104856203587e-01	   5.9699554987877412e-01	   5.7001401265047058e-01	   4.3913513806227716e-01	   5.1892823620074324e-01	   6.6449234062881457e-01	   8.9221963286805739e-01	   9.2370900811903867e-01	   1.2444533965554028e+00	   1.1830485071251291e+00	   1.0922373086086568e+00	   1.1124052150773687e+00	   6.8228154451257761e-01	   8.0790652837923616e-01	   7.5060778375880721e-01	   6.2608892995426468e-01	   1.0672503831123052e+00	   7.2860456011718233e-01	   9.2458281917193197e-01	   9.5082523567349841e-01	   8.6027982206109188e-01	   9.5935418160911634e-01	   8.8451322969513413e-01	   1.0362184316077798e+00	   6.0438845581671574e-01	   7.1016020054582329e-01	   7.1578769865387248e-01	   5.4806096297435503e-01	   6.1643157655440894e-01	   5.1377864202830714e-01	   6.4013900181550054e-01	   8.0049847877258107e-01	   7.9387047033586322e-01	   7.4264386594403542e-01	   9.0564203091784334e-01	   6.4819447599644675e-01	   1.1988979316041795e+00	   8.7989386703879247e-01	   6.2540696185420064e-01	   6.9385095864566904e-01	   1.2180435458502068e+00	   7.6976340283777578e-01	   9.2192659512534536e-01	   9.7695562977888506e-01	   9.2717268863024560e-01	   8.5417917175040925e-01	   8.3977191412830665e-01	   7.7165691587568341e-01	   7.2900552806980989e-01	   6.2190966383642532e-01	   7.8008101309966005e-01	   7.8257098618215792e-01	   1.0123361848644723e+00	   9.3231081671961347e-01	   6.0121381264531037e-01	   9.4073966935999231e-01	   7.8227499773029074e-01	   8.2343535400553525e-01	   6.0345860560552622e-01	   6.1982158757011463e-01	   5.5762738745817986e-01	   7.3923729923117076e-01	   4.8620350305230842e-01	   3.9143670683318610e-01	   1.0722397225166920e+00	   9.4832070742531216e-01	   6.5594745106999897e-01	   4.8051266884641403e-01	   4.8109154747460325e-01	   2.1903181038840211e-01	   3.1154008945822914e-01	   3.5989087303034789e-01	   9.1116872237118218e-01	   6.0511283412371741e-01	   7.8922228812961026e-01	   8.7357174034495144e-01	   3.8054587991684463e-01	   3.5138849462515503e-01	   6.0273554619633107e-01	   3.8533079280554222e-01	   3.1691704620020278e-01	  -3.4679277638609601e-01	   2.2306959867486253e-01	   5.9154919763040337e-01	  -9.9803423548819062e-02	   9.6502452657620774e-01	   9.8970896642031336e-01	   9.3016753798666540e-01	   8.1913446340964602e-01	   5.5677718360814810e-01	   4.0909228806544140e-01	  -7.2475088120087938e-01	
   7.5058168061131492e-01	   9.0161607599354354e-01	   8.0969173490634361e-01	   1.4771715214268408e+00	   5.1950232137751695e-01	   8.1751051618359660e-01	   8.9854937766264265e-01	   0.0000000000000000e+00	   4.0719423685182804e-01	   9.3554610040066877e-01	   6.3830198820058970e-01	   1.0595225266375810e+00	   7.1642216675477743e-01	   1.1085065888355952e+00	   5.9918369602556321e-01	   1.1501541248648146e+00	   2.8914312958967581e-01	   3.5232464775614480e-01	   9.0005700801551392e-01	   1.0964926437749916e+00	   3.8800142565091800e-01	   5.1646503183757331e-01	   7.4604985458701345e-01	   1.0098711046505420e+00	   4.0380101171726634e-01	   4.2083652533511146e-01	   4.7587064012227592e-01	   3.5514945208822069e-01	   2.6787973930179149e-01	   4.1748339909963855e-01	   5.0597767648956393e-01	   7.9869858941946970e-01	   7.3795634455147097e-01	   8.9117155242431489e-01	   7.1461930527243922e-01	   9.0140286652193347e-01	   4.4714019200619121e-01	   5.0608106240289563e-01	   4.6236531901934985e-01	   4.0179557910519237e-01	   6.6365758314942591e-01	   3.6867309909034102e-01	   9.4242146262086102e-01	   9.7386659030283929e-01	   8.5777557444939978e-01	   1.0788993512758649e+00	   8.0410857771570499e-01	   9.0417982003102515e-01	   6.2265610693119822e-01	   9.7358012365563029e-01	   5.8134706391062396e-01	   6.5254218317166868e-01	   4.9108165972297729e-01	   4.0314371754850525e-01	   5.4115476782017358e-01	   7.1567467309551092e-01	   5.0437556524678029e-01	   4.7469115750668783e-01	   6.9540674787738566e-01	   8.2005036369228579e-01	   7.4471075888391125e-01	   1.2960166905653301e+00	   4.6324944044166694e-01	   5.7010769798710492e-01	   7.0775848650822859e-01	   1.1751240210891569e+00	   7.6074256510667737e-01	   1.0435036476450847e+00	   8.4715489406920685e-01	   7.1117747744869064e-01	   5.0701498980709492e-01	   8.6182422348921517e-01	   5.1891040629049812e-01	   5.1053021362391782e-01	   5.9063653547594452e-01	   7.1360839215195526e-01	   7.0305088247425829e-01	   8.4186946085700387e-01	   3.2759778900625347e-01	   4.8583635402334174e-01	   5.1338970861415167e-01	   5.6010125387790177e-01	   5.0533741466258386e-01	   5.8116908906036002e-01	   4.3758145999103482e-01	   7.7827466542481227e-01	   3.2535266802305052e-01	   1.7609680855052418e-01	   8.6859171394034318e-01	   9.7252866188099485e-01	   7.6472949859590567e-01	   4.6721803822663860e-01	   8.6572995837930189e-01	   2.4719515773518502e-01	   3.1790658938661776e-01	   4.1685657827322647e-01	   7.7518625544270237e-01	   5.5368087876700034e-01	   8.0364372428765640e-01	   8.4467357953200017e-01	   8.3703511986610402e-01	   3.8218486438797428e-01	   9.3837609810327893e-01	   4.3672432918130499e-01	   5.7902085477189069e-01	  -1.9698110927683338e-01	   4.9364312619447426e-01	   5.6631187121842907e-01	   8.2364972571194905e-02	   8.0350670742313479e-01	   7.9269243020999980e-01	   8.6985264379350902e-01	   8.2089830171580058e-01	   5.7718185884432915e-01	   3.8583329562779062e-01	  -4.8358679386097481e-01	
   5.3847067598853848e-01	   4.9446550135163581e-01	   6.1390399708898036e-01	   4.1639409289056717e-01	   1.5257129794863271e+00	   1.1478841158455839e+00	   6.2877695423787205e-01	   4.0719423685182804e-01	   0.0000000000000000e+00	   9.4525264600647008e-01	   4.4740204242029125e-01	   4.2407468081820099e-01	   5.9445147889763805e-01	   3.9185309475854907e-01	   5.7390293152227101e-01	   3.5904828900020364e-01	   1.2234692077127787e-01	   2.1714107953064907e-01	   5.4905730671018360e-01	   4.6999519541776746e-01	   5.8963312128292367e-01	   6.5363203509766010e-01	   5.7795645451438016e-01	   5.9957895925290206e-01	   1.0518532944268912e+00	   1.0049551069646581e+00	   8.4494036237469416e-01	   9.3009819070432609e-01	   3.2466491613771443e-02	   1.4694052973119631e-01	   3.6042623546810759e-01	   3.0831414398458656e-01	   3.8827025240606444e-01	   3.7033953397637803e-01	   6.6626151662858757e-01	   6.7593694648733627e-01	   3.0825185042967912e-01	   4.2124692256186624e-01	   2.5145119699314428e-01	   2.5159739451931806e-01	   4.2679863599821366e-01	   4.6431875323410893e-01	   6.8429223886666779e-01	   6.0800692778511256e-01	   5.7119015038361531e-01	   6.5443404765198665e-01	   5.7928848342737860e-01	   6.6350460556498914e-01	   7.0951985115732874e-01	   8.2351724427190165e-01	   8.2525014856693135e-01	   7.5397009171250928e-01	   6.4339045945251705e-01	   6.9483149935732091e-01	   4.7907302123987272e-01	   6.1426686482511883e-01	   4.2720624741045043e-01	   3.8984992590677825e-01	   8.6862785524022079e-01	   8.0699167221823054e-01	   6.8916979534366329e-01	   5.0256074640856940e-01	   2.3987402231151506e-01	   2.1519001568317983e-01	   5.0331081422967128e-01	   5.5698780217092614e-01	   7.7214408550832669e-01	   7.1588806452523102e-01	   6.0718824388734749e-01	   6.4412323789042114e-01	   4.0271498734840949e-01	   4.0003553667775982e-01	   3.0018029968986709e-01	   2.7780053220634132e-01	   2.7343601101995485e-01	   3.1191146730627684e-01	   3.5650744849797450e-01	   3.7278133156674587e-01	   2.1639899498533119e-01	   3.1310579581988329e-01	   3.2608937726429438e-01	   3.3016107202804351e-01	   3.1062507003009687e-01	   2.8739585799609790e-01	   2.5270276476355552e-01	   4.6780443025082563e-01	   3.7643092494747898e-01	   3.6138670243711257e-01	   5.9805120955099123e-01	   6.6922055937039171e-01	   6.2175727688883919e-01	   5.2211744607239086e-01	   4.6032923629810041e-01	   4.4480718548498771e-01	   1.7022652132956345e-01	   3.8467964106578151e-01	   4.6382812281716679e-01	   4.5073153161357143e-01	   5.9421628893205347e-01	   6.8105886588083886e-01	   3.1839860306074502e-01	   5.7954373871875242e-01	   3.9891607522667138e-01	   5.4344286602380554e-01	   2.9639603690204702e-01	  -5.1026104421214354e-03	   1.6413291686328185e-01	   3.9930478942681835e-01	  -3.0576779021497312e-03	   6.7001680119476192e-01	   6.1856849481286735e-01	   5.7723852472568404e-01	   5.0156215384464886e-01	   3.1636594233321591e-01	   2.3285930950105882e-01	  -4.2377628330022610e-01	
   6.0427866560623555e-01	   7.0466533385585950e-01	   7.1500410956205840e-01	   8.5252108826878636e-01	   1.0147103212919459e+00	   1.7454244072425733e+00	   8.3528749359200605e-01	   9.3554610040066877e-01	   9.4525264600647008e-01	   0.0000000000000000e+00	   5.0543383938729125e-01	   6.5524999919127691e-01	   6.0506767588446453e-01	   6.7360097088964010e-01	   5.5845927485693458e-01	   7.1320787982648659e-01	   1.8010835527770394e-01	   2.6964465063168891e-01	   7.3139596721424560e-01	   7.6085995076651036e-01	   5.3288123039635749e-01	   6.6316758035474055e-01	   7.0281476376265950e-01	   8.3545138109977501e-01	   8.5905182787297929e-01	   9.0427020710167971e-01	   7.0500004193331323e-01	   7.9216006123420324e-01	   1.4654189221473116e-01	   2.7421723308297424e-01	   4.6684702904040642e-01	   5.5418717638240467e-01	   5.6750027356493837e-01	   6.2917190878688012e-01	   7.7449774316229070e-01	   9.0891981998860150e-01	   3.4013332313400718e-01	   4.7742851838926648e-01	   3.3965409669137447e-01	   3.6594882854066413e-01	   5.8344753101719549e-01	   4.2484032048437903e-01	   7.3172820957336770e-01	   7.2565421291231325e-01	   7.0120606439816791e-01	   9.0113217247289423e-01	   6.3992761123139252e-01	   7.4281849380771237e-01	   5.9892557110259392e-01	   9.9079064388588556e-01	   6.2759204959811521e-01	   7.5529269599330884e-01	   5.4258377713589212e-01	   6.5095108163324189e-01	   3.7869124016745825e-01	   5.7758692459580385e-01	   4.7112311309048266e-01	   4.0750907801393743e-01	   8.1598484984973918e-01	   9.8433877165092809e-01	   7.4711026852509788e-01	   9.5644880715599967e-01	   3.5339070780277393e-01	   4.1070676883225832e-01	   6.4149484227182152e-01	   9.9855738514512538e-01	   7.9399655581832818e-01	   9.5635222956701782e-01	   7.0109432753671619e-01	   7.1225475616194878e-01	   4.5677058984757279e-01	   6.9362062164476557e-01	   3.8936036330409973e-01	   4.1930617136036757e-01	   4.1464784714853636e-01	   4.5630360454692204e-01	   5.3815596194305415e-01	   6.6119082112649419e-01	   2.5363841618836180e-01	   3.8302853210761534e-01	   4.3076877169160854e-01	   4.1089329616401599e-01	   4.1657845682331252e-01	   4.6885760217577416e-01	   2.6468064834407290e-01	   6.0636956341646264e-01	   2.9772848831813631e-01	   2.4957892061586487e-01	   6.9446760896178494e-01	   9.0212302518786247e-01	   7.4173405556214744e-01	   5.1806787345762684e-01	   6.7067046278058706e-01	   3.4753563405510207e-01	   1.8073196035371433e-01	   3.8001492868337183e-01	   5.8297158402302252e-01	   4.1681740952368429e-01	   6.1872627523481405e-01	   7.0691799801998378e-01	   5.5898556638372354e-01	   5.1069619931692678e-01	   6.2142620526821579e-01	   4.7083503288580170e-01	   2.9787520877047546e-01	  -2.1985961119406008e-01	   2.8553247901557788e-01	   4.7497371515243270e-01	   9.7636561698452140e-02	   7.0299084984047289e-01	   6.8121730795193081e-01	   6.8798527026504996e-01	   5.8983677324909012e-01	   3.2907584685528463e-01	   1.1880688526016793e-01	  -5.9000520768259856e-01	
   1.2066614699650997e+00	   1.0315974287212120e+00	   8.6404914519153864e-01	   4.1531709950352724e-01	   4.2063545754373549e-01	   4.7851963430573219e-01	   8.7066973838210804e-01	   6.3830198820058970e-01	   4.4740204242029125e-01	   5.0543383938729125e-01	   0.0000000000000000e+00	   9.9829457341718120e-01	   1.5297566568481620e+00	   9.2022553963914788e-01	   1.0674003691448051e+00	   7.6081423031511386e-01	   1.0296510227310196e+00	   9.0355385349534001e-01	   9.4818164549878303e-01	   8.0398895591501329e-01	   4.8822373853872003e-01	   6.1194397325703431e-01	   8.0120931794422656e-01	   4.7446591693439932e-01	   3.6569026686650907e-01	   3.6243227059986260e-01	   3.5568811230692060e-01	   2.8237611323889056e-01	   8.9754582888061529e-01	   9.7601159342326060e-01	   7.9912990464244849e-01	   8.0280937530788488e-01	   1.0364916279963272e+00	   1.0594494175062512e+00	   6.8653556804178695e-01	   6.5652434377265190e-01	   8.4599945357471018e-01	   7.5387742705425531e-01	   7.1013821117638665e-01	   6.0022231480347543e-01	   1.1185630582786945e+00	   5.9126703907418487e-01	   7.8724684988760740e-01	   9.1852139801415722e-01	   6.0029849743173469e-01	   6.6932031965802352e-01	   8.8558785451399813e-01	   9.5115951830811685e-01	   4.4873543210643557e-01	   5.2647593819698835e-01	   5.3656817330274309e-01	   4.1293521587508186e-01	   7.0153191105737533e-01	   4.7122339880050146e-01	   7.1328832031821021e-01	   8.5667833323569309e-01	   9.9524602348430991e-01	   9.8130084935333606e-01	   5.1488013965315504e-01	   3.2773608226793077e-01	   9.8827638823666020e-01	   6.8659265429943139e-01	   9.7522687571575462e-01	   9.1088903324513937e-01	   5.9193278215091449e-01	   4.2754919400127922e-01	   4.8895130456646851e-01	   5.5876268551865438e-01	   6.9258217527009491e-01	   6.1910080515357357e-01	   7.9858834992254446e-01	   7.3223035353467214e-01	   1.0615679521687984e+00	   9.9545923542789616e-01	   1.0556141602553804e+00	   9.7045709594524454e-01	   1.0206683807440526e+00	   8.7580254330359752e-01	   9.3290111941223652e-01	   1.0268900794154110e+00	   1.0754575203733057e+00	   9.9867730087206674e-01	   7.3513930366475966e-01	   4.7869930886104528e-01	   6.5032287711083669e-01	   6.3940746003803994e-01	   4.7441653389500760e-01	   2.1784269094733422e-01	   7.5319446954110492e-01	   6.5777615677693446e-01	   3.9387297922888398e-01	   2.6766470121385033e-01	   2.5864151032555432e-01	   1.2826490490240777e-01	   4.9694694067441803e-01	   4.9086842418888893e-01	   8.3594229598566128e-01	   7.0782048363312500e-01	   6.7630983759061147e-01	   7.8651475310912766e-01	   2.0982394757959261e-01	   2.5348312536138806e-01	   3.0730837746375561e-01	   2.3013167437140153e-01	   2.5750873594216533e-01	  -3.4535830816406238e-01	   8.6732548704598761e-02	   2.7723235406592583e-01	   4.1209874344791259e-02	   9.4776887259004117e-01	   7.4188734578886395e-01	   6.1871192256434626e-01	   6.0913368946512658e-01	   5.5379174406574638e-01	   4.2048108335782708e-01	  -4.8334889228857936e-01	
   9.6916537740705400e-01	   1.1943181032335710e+00	   7.0791459153916958e-01	   8.5423500987580481e-01	   4.1409661126720299e-01	   5.9978897780193507e-01	   6.8334292521947748e-01	   1.0595225266375810e+00	   4.2407468081820099e-01	   6.5524999919127691e-01	   9.9829457341718120e-01	   0.0000000000000000e+00	   9.1791055713841196e-01	   1.4828754161633264e+00	   7.5564885250470493e-01	   1.2739647098914983e+00	   6.7609175005686495e-01	   6.8601779555759101e-01	   9.9922499950848764e-01	   1.1814020476797935e+00	   2.8054425592437948e-01	   5.2897340409826077e-01	   6.7321204125216039e-01	   7.8705285621635090e-01	   3.4572559403084901e-01	   3.3564619207736979e-01	   3.5871160061452256e-01	   2.9876014150165392e-01	   4.9972599840061421e-01	   7.3061118040674977e-01	   5.8969980639548081e-01	   8.1533894268430773e-01	   8.6238448562658532e-01	   1.0244681383743037e+00	   6.6515070042432611e-01	   7.6339594596001004e-01	   6.9551436120392296e-01	   6.5850399272592919e-01	   5.7392846489312799e-01	   5.5817886486711643e-01	   8.9796253750245514e-01	   5.1144114891109538e-01	   8.5892057475589378e-01	   1.0185235257152254e+00	   7.2300455227810079e-01	   9.4769506820779481e-01	   8.8340399237610900e-01	   9.7852673395007295e-01	   5.2283621845732653e-01	   8.4431360160346647e-01	   5.5636085810128899e-01	   5.6957989189697711e-01	   6.5077845939756218e-01	   4.6773984559212589e-01	   7.0217539678677865e-01	   8.9951845629080074e-01	   7.9933663248691711e-01	   8.0588599631923652e-01	   5.8479249987500204e-01	   6.0919630804980363e-01	   7.9925963653542842e-01	   1.0964299869149565e+00	   8.0200324545032275e-01	   9.2617128778047442e-01	   4.8451408801239604e-01	   7.5028963495812973e-01	   5.9506919771651812e-01	   8.3485941998662971e-01	   8.1445743489736477e-01	   7.1817956118555992e-01	   6.0262330270418385e-01	   8.9772530968867403e-01	   8.7178860495108534e-01	   9.3843015526968931e-01	   9.5627193054167514e-01	   1.1369414756771152e+00	   9.4228652677693381e-01	   1.0241920988129070e+00	   6.2505909976980190e-01	   7.7354460887936116e-01	   8.7907763728818367e-01	   9.0041367806232508e-01	   6.3744125180976330e-01	   5.6756475481149438e-01	   5.8139126692799337e-01	   8.3711421870024227e-01	   3.6907112916485152e-01	   1.9042301232288916e-01	   7.8383551918827843e-01	   9.4924047302560832e-01	   5.5179653379284765e-01	   3.1259522174856530e-01	   5.5045382309412783e-01	   1.0264630715343090e-01	   3.8528474624816128e-01	   5.0690057853188075e-01	   8.3662994560298654e-01	   6.2249705837068459e-01	   7.8956240075015183e-01	   8.2024040045827007e-01	   5.0409178361678175e-01	   2.0142024319121907e-01	   5.6890731957592966e-01	   2.8945005799137169e-01	   4.2858569407055264e-01	  -3.6840960062400951e-01	   3.5410536887453065e-01	   3.9152564595865325e-01	   7.3844725045512996e-02	   9.1842747586140172e-01	   7.7284279774551623e-01	   7.1267769368245071e-01	   7.1380683652781385e-01	   6.0557985050605034e-01	   3.5990897110570957e-01	  -5.4486580256777439e-01	
   1.2894661837524288e+00	   1.0734447475514264e+00	   9.4764639943745854e-01	   4.6350153719469450e-01	   5.4568133822900222e-01	   6.1512738753483309e-01	   1.1253101989357475e+00	   7.1642216675477743e-01	   5.9445147889763805e-01	   6.0506767588446453e-01	   1.5297566568481620e+00	   9.1791055713841196e-01	   0.0000000000000000e+00	   1.0438427004092790e+00	   1.1168270459194796e+00	   7.6937769630015718e-01	   7.9584641107694598e-01	   7.8657069485424069e-01	   1.0441486985096902e+00	   9.1081698212439166e-01	   5.3059501334474013e-01	   6.4275829695574838e-01	   8.4758122202649600e-01	   5.9475565274634923e-01	   4.8829077365026263e-01	   4.3635257126214178e-01	   4.6139828142769240e-01	   3.7250704848966798e-01	   7.3083416952578417e-01	   7.6124031024155470e-01	   7.7328971487999332e-01	   7.2221971357337555e-01	   1.0463877509988744e+00	   9.9869921340756640e-01	   8.2871729790570969e-01	   8.5857575182867762e-01	   7.5763188906079049e-01	   7.9069197842929761e-01	   6.9643963997519120e-01	   5.5248626415820778e-01	   1.1043607596380403e+00	   6.2052317601381179e-01	   8.6201419063722140e-01	   9.3292809073007521e-01	   7.0248789179774185e-01	   7.8041113488032565e-01	   9.3179893939661484e-01	   1.0615690367350503e+00	   6.2343494204764982e-01	   7.4624128702842452e-01	   7.2512691960215137e-01	   6.0682224906127846e-01	   8.6889189822236568e-01	   5.5426839690468699e-01	   7.4888587189652944e-01	   9.1181902957319139e-01	   9.0690111189065314e-01	   9.8802147381280847e-01	   8.0333987258719675e-01	   5.5066587317330695e-01	   1.3858531289128100e+00	   8.4458416304021711e-01	   9.0029058204153978e-01	   8.5485461937383989e-01	   7.0896997678236984e-01	   5.5070931020661984e-01	   6.6448539695080788e-01	   6.9768899381323812e-01	   8.5871130970924470e-01	   8.0892359071483688e-01	   8.1366974555648930e-01	   7.2970805766132862e-01	   8.4306228100324820e-01	   7.5432547377160863e-01	   8.3688925735145925e-01	   8.5494132654241395e-01	   9.7719280277814047e-01	   8.5855449830020480e-01	   7.5215325042008419e-01	   9.6725142823377608e-01	   9.9853081570472957e-01	   9.0910261855195340e-01	   7.2363392444402919e-01	   4.8980377740077918e-01	   5.9157205304166460e-01	   7.0262608181360087e-01	   4.8137230907381390e-01	   2.6174852541583438e-01	   9.9756484251340372e-01	   8.7078583894262163e-01	   5.5401956377262351e-01	   3.9223854603259517e-01	   3.7352844008001546e-01	   1.8123267255920616e-01	   4.2320189786918594e-01	   4.5580394059528462e-01	   8.7665209022598634e-01	   6.8448675779226142e-01	   7.9711137530583387e-01	   9.4102565842599728e-01	   2.9178836946232012e-01	   3.4088582782913057e-01	   4.2896546397954222e-01	   4.1519890735774262e-01	   3.5292854370301141e-01	  -2.7944396344201639e-01	   2.0255856551731763e-01	   4.9044155546200813e-01	  -4.7843132375485466e-02	   1.0649180990660276e+00	   8.6354592547991005e-01	   8.1065983606184377e-01	   7.6534256391241640e-01	   6.0566759206890253e-01	   5.0585324408281140e-01	  -4.9147640698864392e-01	
