   0.0000000000000000e+00	   1.0383048613650621e+00	   7.3574733171564022e-01	   5.5797616766542846e-01	   5.3751003005896902e-01	   1.8387474068225471e-01	   9.0559891215245347e-01	   6.3695572467203443e-01	   6.8473116163230352e-01	   4.0881605595063131e-01	   9.3048184364438036e-01	   8.2267072719847767e-01	   7.1810698980743171e-01	   7.4018565653384982e-01	   3.3090786775960118e-01	   3.8441386746768169e-01	   4.8409779320813351e-01	   5.2119393233756572e-01	   1.5453396988474302e+00	   1.2645285983150905e+00	   9.0987393251589901e-02	   1.5957958062831462e-01	   4.0561769629323124e-01	   2.3109413341474000e-01	   2.1223094839693568e-01	   2.7141384854774915e-02	  -4.3120904032033842e-02	   4.0985071886278030e-03	   4.4025539542560338e-01	   3.6872728832536927e-01	   4.2646530996208099e-01	   2.2651220761795571e-01	   8.0966575105006022e-01	   6.9043453903097751e-01	   1.5474774300168459e-01	   3.8974095234959705e-01	   3.3561231553538978e-01	   2.9316488929081291e-01	   1.3806586661388254e-01	   2.6383079738228693e-01	   1.7960595178382474e-01	   3.5851607459086482e-01	   6.9382389350204299e-01	   6.0279490212577602e-01	   4.9982078731462276e-01	   5.7052145993530590e-01	   8.1544629347147080e-01	   8.0679929332050060e-01	   3.3200250324946923e-01	   3.8334708554411812e-01	   5.3073244354644311e-01	   4.4523578894823213e-01	   4.4795340763367097e-01	   3.7210418102508935e-01	   5.4647503998018654e-01	   5.3916294926191111e-01	   1.0614436176311715e+00	   6.9889273631633297e-01	   7.8373040322868348e-01	   4.9663358014563103e-01	   1.1246711673166869e+00	   5.9737586129147668e-01	   9.3163645619349233e-01	   5.3062489629477239e-01	   2.4499612230361290e-01	   2.0371842792161191e-01	   4.1424768919336941e-01	   3.7077562052860014e-01	   9.3938780540751265e-01	   9.2203317752651337e-01	   5.9180778673635137e-01	   6.1755551887069648e-01	   8.9466023004364581e-01	   7.6161123593994939e-01	   8.9461972388364996e-01	   6.9128858073053168e-01	   9.7283402469614733e-01	   9.5132510478862986e-01	   5.3096148857496450e-01	   5.9231064696982805e-01	   4.8902262001827124e-01	   6.7029834926074972e-01	   3.5930900288905004e-01	   6.4347502848405380e-01	   3.7532370813821553e-01	   6.8805853267099260e-01	   1.7486669774809963e-01	   1.6356354430919295e-01	   3.6568301044901691e-01	   7.5268883403700249e-01	   4.9710379716933351e-01	   5.1044202235392977e-01	   4.4871768997811989e-01	   4.3918628974140272e-01	   1.4219093666043597e-01	   3.3411169215501418e-01	   4.9993974401071628e-01	   5.0881599517210196e-01	   7.9832788735076199e-01	   8.0035578279634623e-01	   4.2575506587026635e-01	   4.8021067743699292e-01	   4.3110438623572922e-01	   5.2583132307768710e-01	  -4.2751349152466683e-03	   2.5992983801973395e-02	   2.2323166675922105e-02	   4.9298876698441485e-01	  -1.6813079838396064e-01	   5.6404767526042299e-01	   7.9491574375526386e-01	   8.5415666180553718e-01	   5.5601611119935601e-01	   4.6631563941553822e-01	   2.1935550267513626e-01	  -1.5385878770965872e-01	
   1.0383048613650621e+00	   0.0000000000000000e+00	   3.8018770427278231e-01	   4.2999801208584520e-01	   2.0934933329655681e-01	  -6.2076524839108499e-03	   4.4783150278076450e-01	   3.8565782162875584e-01	   3.9146400869975434e-01	   2.1797838103066253e-01	   7.7155763313574521e-01	   7.6155744810328008e-01	   5.2541147652419351e-01	   5.2314727297329822e-01	   1.2506274999082195e-01	   2.3109951906010998e-01	   6.5091582330293307e-01	   7.8860136055189789e-01	   9.7508237161303568e-01	   8.0429952906647129e-01	   5.0381031052974763e-02	   1.4255100612905466e-01	   1.7699222770876533e-01	   7.5326831921533138e-02	   3.7346865138931963e-02	  -1.0663248776467579e-01	  -7.4940087097778094e-02	  -8.4123514086701670e-02	   5.3940246938411751e-01	   6.0374229423790671e-01	   2.1738053709440872e-01	   1.2598193284400921e-01	   5.1322723338124476e-01	   5.1479180351139342e-01	   1.8766185514412248e-03	   1.6394932590002859e-01	   3.6155998340517381e-01	   3.2630594354517128e-01	   1.2465261739738949e-01	   2.2386232848712784e-01	   1.7481263061157826e-01	   3.1153983250875561e-01	   5.3988108167270144e-01	   5.7257279784020454e-01	   2.8438417465827392e-01	   3.6337604762247927e-01	   6.0107396266795510e-01	   5.7543956972487231e-01	   5.1088007846915012e-03	   7.7569971971037460e-02	   1.5156709079830571e-01	   1.0458723820442474e-01	   2.0408443000956702e-01	   2.2557904863116129e-01	   4.1116690057906335e-01	   4.3669884926640612e-01	   1.3102362834350174e+00	   1.5554939091783357e+00	   5.1529239060517695e-01	   6.2259810304766261e-01	   6.3843773882501975e-01	   5.0731422924962000e-01	   1.0659432775642246e+00	   7.3890763408322357e-01	   3.7848550888378477e-02	   8.2002521099761222e-02	   7.3760885350174415e-02	   1.0903696999467910e-01	   7.5553968540817662e-01	   6.5383592131077428e-01	   4.3699677945293541e-01	   5.6220196909105957e-01	   8.4392472531422147e-01	   9.4069630486482392e-01	   8.1349720808118919e-01	   8.9989920094505083e-01	   7.9594746426142171e-01	   8.5371234595145484e-01	   7.2183564858968419e-01	   9.4984563713502168e-01	   6.2847071391912201e-01	   7.5271184387751311e-01	   3.1186545727361742e-01	   4.6047692561186754e-01	   3.5342562423965140e-01	   5.2522243901424603e-01	   1.8850345969441357e-01	   2.0065087654556904e-01	   2.9163188875804963e-01	   3.7021137865330583e-01	   1.4928777181078373e-01	   7.2071449583268388e-02	   2.0095144098873846e-01	   1.8155002545901849e-01	  -1.2204418100072338e-01	   2.9597068361389134e-01	   3.7793647661028074e-01	   3.7506535013110009e-01	   6.6006715690624262e-01	   4.2709709421611763e-01	   2.9722508165749040e-01	   2.5269160832905058e-01	   3.0122392641641066e-01	   3.1887006025268866e-01	  -2.4100804318833940e-01	  -2.3480729568101175e-01	  -1.3021272053916538e-01	   2.3359283047770896e-01	  -2.4217894924489289e-01	   4.1116844737145053e-01	   4.7216449763271140e-01	   6.2458253993167001e-01	   1.9543474491368890e-01	   3.6608703796093994e-01	   1.3451928657762080e-01	  -1.4766337947009578e-01	
   7.3574733171564022e-01	   3.8018770427278231e-01	   0.0000000000000000e+00	   1.1041265014289026e+00	   8.0050075515520913e-01	   4.4793096829562284e-01	   1.3846907655348351e+00	   8.8429528603979501e-01	   5.7133867379796865e-01	   5.3106151636655330e-01	   6.7571570708142104e-01	   5.1402547216366645e-01	   7.8458369269763184e-01	   6.0084041783398845e-01	   8.0408620392758035e-01	   7.1733424282252733e-01	   2.6409951337637594e-01	   2.2099580935953067e-01	   8.7354991666594350e-01	   8.2478973167239855e-01	   3.8702861157554108e-01	   5.9736751772095076e-01	   1.2551600122265325e+00	   8.6299324183000625e-01	   8.0409395761765023e-01	   6.3444164164456240e-01	   4.6490710023041620e-01	   5.3775840903664385e-01	   2.9681928238127864e-01	   3.3922670453898340e-01	   1.2211882154084783e+00	   8.4325900889628935e-01	   1.0270657064697031e+00	   8.6125583722916299e-01	   6.1470987280626566e-01	   6.7492633881858066e-01	   5.1679035952750696e-01	   4.5904107578152870e-01	   3.9314419438823117e-01	   5.0298230230798768e-01	   3.2195978551975601e-01	   4.9770566340674866e-01	   5.8062058346359313e-01	   3.8141973712321892e-01	   6.2363756953497063e-01	   5.2628353282278606e-01	   6.0311210747820299e-01	   5.9328014668168605e-01	   3.3127620689307091e-01	   1.3903495214784850e-01	   5.6050834970807595e-01	   4.0727297765340009e-01	   1.3627951545702247e-01	  -2.8172555794914633e-03	   5.0066134979681942e-01	   3.4487271000426117e-01	   5.1053269547732727e-01	   2.0732568535953683e-01	   4.0125014995198632e-01	   1.3845639858467895e-01	   6.6693776501248925e-01	   5.0765981559080853e-01	   4.5177631869098739e-01	   1.8044601418531372e-01	   6.6207671791942646e-01	   5.9372677895285553e-01	   8.6725535730350367e-01	   6.3713553904772924e-01	   4.3678318074659733e-01	   3.8607027307132524e-01	   1.0320179146689430e+00	   9.6882462919147228e-01	   8.6435154612027598e-01	   7.9781103136682208e-01	   9.5742000071912114e-01	   7.7105459281630506e-01	   7.1950427530818362e-01	   7.0138126781499599e-01	   2.4647828245316603e-01	   2.9844245353301874e-01	   3.8460420819083457e-01	   4.1041227550967030e-01	   4.7022969916513102e-01	   5.9694594551234614e-01	   5.2419447029432631e-01	   7.5743645498042134e-01	   3.0689556922103084e-01	   3.6151645604262783e-01	   5.8556768813772375e-01	   6.2894554603409136e-01	   3.6405520014058573e-01	   3.6566863056415805e-01	   3.5660767709865193e-01	   2.7139867953363994e-01	   3.8464072615581352e-01	   3.0367608377296773e-01	   4.8348078168018449e-01	   5.3788699243580829e-01	   3.4782195043514896e-01	   3.5922488113847956e-01	   8.0344862343856030e-02	   8.8265322406022154e-02	   1.0971086444164480e-01	   6.3291081761955442e-02	  -9.1947191600223674e-02	  -9.0691603969138817e-03	  -5.8214358480408152e-02	   1.6492961385948757e-01	  -9.8940036678265897e-02	   4.7313900481492366e-01	   5.3214126842118403e-01	   5.6757032776610694e-01	   3.2059380490493655e-01	   3.0659793172537525e-01	   1.4591631082824194e-01	  -2.7857718682222687e-01	
   5.5797616766542846e-01	   4.2999801208584520e-01	   1.1041265014289026e+00	   0.0000000000000000e+00	   5.7405398579680189e-01	   6.4375818478708069e-01	   9.5009770361002044e-01	   1.4966678631065127e+00	   4.3820561785885537e-01	   7.1528420327603393e-01	   6.8529495166534016e-01	   7.4993330072497122e-01	   6.9260048120484341e-01	   8.2054590438324704e-01	   7.1992461425493925e-01	   1.0941966615472301e+00	   4.6291593417032489e-01	   3.9152133299964348e-01	   6.8345826884754324e-01	   7.9109968802022035e-01	   4.9093795569381177e-01	   8.9995576252256548e-01	   1.0724922242743369e+00	   1.2818985099251590e+00	   7.0482176726411128e-01	   8.0993445707445466e-01	   4.0460186034246376e-01	   7.0428126669117375e-01	   4.9152230026126104e-01	   5.5034787854623335e-01	   1.2244137481515043e+00	   1.3690423006970829e+00	   9.7346260986421718e-01	   1.1306134653783275e+00	   6.2648937296664775e-01	   7.5446967163328571e-01	   6.3917065126830830e-01	   5.9001014630112047e-01	   5.2988514197434233e-01	   5.7831549635264645e-01	   4.8741050796502566e-01	   7.0927049054552949e-01	   5.4603371346901675e-01	   4.1303642915121197e-01	   5.4898792325787460e-01	   4.9295447947555360e-01	   5.4112599157604979e-01	   4.8466661603332001e-01	   1.1554377593881965e-01	  -3.4343892472772003e-02	   3.4503154487481535e-01	   3.5931615438420578e-01	   1.3235454049734049e-01	  -1.3070964492294486e-02	   6.2848152236870447e-01	   4.0266714146175653e-01	   5.1941667727888396e-01	   2.5882242937328626e-01	   2.4227802064638759e-01	   2.2921918547435910e-01	   4.6941408522214245e-01	   7.7805918158871146e-01	   6.1188084136111320e-01	   4.4280203461036149e-01	   6.5895573914516881e-01	   8.1922964046053004e-01	   7.4884382127256144e-01	   8.0542908862309426e-01	   3.1797542583917265e-01	   3.5748484939345609e-01	   8.4520530743275668e-01	   9.5302969804770654e-01	   8.8990104714951757e-01	   8.7218682555490767e-01	   9.1892497470931866e-01	   8.8702149236486005e-01	   6.0318111246550621e-01	   7.3900691902857452e-01	   3.9988889662742721e-01	   4.7314585862562419e-01	   5.4955071674932654e-01	   4.8332216834131397e-01	   6.1292668216398249e-01	   6.0914551878011114e-01	   6.9787251065756883e-01	   8.9692772237077056e-01	   4.5863921988501377e-01	   5.6336337273302384e-01	   7.1060214505167074e-01	   6.4942447097668532e-01	   4.6937599262778601e-01	   2.8338024997968003e-01	   5.6372633779480763e-01	   3.1280621951977827e-01	   2.8002770921237241e-01	   3.8891777035536063e-01	   6.1301854425534730e-01	   5.5565229925958870e-01	   4.7769074970577807e-01	   2.9903313882986648e-01	   2.8794115430643263e-01	   1.7135267671093973e-01	   2.7963641195648614e-01	   9.3433272832665087e-02	   3.9768450351606623e-03	  -8.4144784555072044e-02	   6.5022780496384977e-02	   9.7379250920705665e-02	  -2.0368312891504786e-01	   3.5245121104651694e-01	   5.4978267983290574e-01	   5.9989891442244081e-01	   4.1103071658760809e-01	   4.9237791321925994e-01	   2.0621779065281798e-01	  -3.0655482054486627e-01	
   5.3751003005896902e-01	   2.0934933329655681e-01	   8.0050075515520913e-01	   5.7405398579680189e-01	   0.0000000000000000e+00	   3.5981448026010449e-01	   8.6756039898213033e-01	   5.6682204627939470e-01	   9.5177687786416965e-01	   6.1762603360055379e-01	   4.3944601036689412e-01	   4.4455453543898754e-01	   6.2249078080497378e-01	   5.5511493743901941e-01	   7.1239302283997608e-01	   5.8835108828811977e-01	   1.5702682332836337e-01	   2.1730255970501167e-01	   5.1744144051874064e-01	   6.0641988932747060e-01	   2.6859136962139379e-01	   3.8813383449127975e-01	   6.6914421558649761e-01	   4.8191962559095980e-01	   6.1110251170256602e-01	   3.9586613626393441e-01	   5.3319698699594664e-01	   6.0117113056192417e-01	   2.3464651991342822e-01	   1.9454815140782181e-01	   5.5240441721184053e-01	   3.9630561410272686e-01	   6.2737282691215779e-01	   5.5457263087675490e-01	   4.6833050625533656e-01	   5.5898233482397464e-01	   2.1797598299494664e-01	   2.6789821840768446e-01	   1.3394218233779087e-01	   2.8669461842492566e-01	   2.1088451137454375e-01	   2.1741929193225090e-01	   5.6420726204851834e-01	   3.7673118927970967e-01	   6.8052858415978945e-01	   5.3463361230997009e-01	   5.8258449725375816e-01	   6.0693841801601822e-01	   3.9885044009092530e-01	   2.9583180266309972e-01	   5.6452220451206303e-01	   4.6332718972941078e-01	   2.3253789124837740e-01	   1.0106037838521381e-01	   2.5395379425658671e-01	   3.1189440248179556e-01	   2.6216798686222664e-01	   4.7073146222572332e-02	   3.2433844983960253e-01	   3.8137839636879840e-02	   5.6591602523358464e-01	   3.7300914621652370e-01	   2.8300096318994195e-01	   1.1289246882734513e-01	   5.1000622900133341e-01	   4.0020802302255071e-01	   6.6312019067770356e-01	   5.5628208217469988e-01	   2.9393575631982194e-01	   3.9461665248609928e-01	   4.7123694698709673e-01	   5.0848379238759422e-01	   4.4238575708158040e-01	   4.1089993382539447e-01	   5.1435463378747959e-01	   3.3038166908859989e-01	   4.0914818752413573e-01	   4.0675489456073616e-01	   1.3984328542700830e-01	   1.9343361542536097e-01	   2.8560544259496479e-01	   4.2045382587581515e-01	   3.0279806423886091e-01	   6.2587988332012956e-01	   3.1974535189728193e-01	   6.6644991251028529e-01	   3.9414305096083957e-02	   6.5117126778004755e-02	   2.7477816866949589e-01	   6.8694496055838739e-01	   5.9897564387326452e-01	   5.6468416105015384e-01	   3.9761272514968249e-01	   4.0801140675453440e-01	   2.9189968197059007e-01	   1.3612915863088931e-01	   4.4879697942950719e-01	   4.5767141339779005e-01	   4.3806462054710682e-01	   5.8697926945498335e-01	   2.5690157439172784e-01	   3.0215999102681290e-01	   3.4288670497900942e-01	   3.0529934463844460e-01	   1.9105416455347229e-01	   2.2782760758902362e-01	   8.3997822032147423e-02	   3.2169372869905977e-01	  -1.0248955940699749e-01	   2.8817126448390790e-01	   6.4133410258933965e-01	   6.2521779665367783e-01	   5.2008532206269087e-01	   4.6092938837697800e-01	   3.1737158947221689e-01	  -9.7578281803012784e-02	
   1.8387474068225471e-01	  -6.2076524839108499e-03	   4.4793096829562284e-01	   6.4375818478708069e-01	   3.5981448026010449e-01	   0.0000000000000000e+00	   4.7659173826049051e-01	   7.4742266903932586e-01	   2.0238974390701436e-01	   7.3499279210680868e-01	   2.7224624654354684e-01	   5.1164563036228350e-01	   2.4881003396129303e-01	   5.6374660977703472e-01	   2.1052218632832492e-01	   4.3501287081740353e-01	   2.6849249017950833e-01	   2.0460608183327814e-01	   2.3482562632048345e-01	   2.1532223480540516e-01	   3.8868205482680429e-01	   3.9149695511652199e-01	   4.2277561210557951e-01	   5.8767505474702031e-01	   2.2418077054203084e-01	   5.4918580411371809e-01	   7.1904376112275348e-02	   4.4801444312745564e-01	   3.6670592736920110e-01	   3.6358924557252204e-01	   4.5272560777153376e-01	   5.5276176569035962e-01	   2.8567208223910018e-01	   3.9596764675226964e-01	   2.3552146376568400e-01	   3.8720369184776349e-01	   1.7000839621120861e-01	   1.3066169692093119e-01	   1.5208796842772282e-01	   1.9457659022821605e-01	   1.6715728229836441e-01	   2.2197922967059042e-01	   4.9346181321940091e-01	   3.9778443718757472e-01	   4.5572587708203560e-01	   4.5520580723320192e-01	   5.0591034825920000e-01	   4.5521674929885569e-01	   4.5972910435739278e-01	   3.1226222169238288e-01	   5.4423454161478324e-01	   5.7670714299495729e-01	   3.3120175526836731e-01	   6.7901952141274244e-02	   3.1324689957335161e-01	   2.9217209933863819e-01	  -2.7135291790542988e-03	  -7.3716109595681492e-02	   2.8784348080671646e-01	   3.3601970483787080e-01	   3.0119311277724470e-01	   4.9884537556416308e-01	   2.8401090191541073e-01	   3.7171926937717253e-01	   3.3750874724900415e-01	   5.1997044812668847e-01	   4.6552460536836782e-01	   5.2124875277915528e-01	  -1.4528195975355204e-01	   1.7040072600372554e-02	   3.9566815797241517e-01	   3.4249747761917010e-01	   2.2913735995120987e-01	   2.1029528163257227e-01	   2.2055542685176499e-01	   2.1658070026262785e-01	   1.3458116880639193e-01	   1.8027610096255847e-01	   9.6514971099671845e-02	   1.2922861641650057e-01	   2.5800771186560584e-01	   2.1801161380749651e-01	   2.6381329656118890e-01	   2.4297977392045511e-01	   2.6238525195928680e-01	   3.1006017960546572e-01	   7.2439029725800838e-02	   1.5810540068849835e-01	   2.6881502095911070e-01	   3.5185324540386875e-01	   4.4977736438177429e-01	   3.0257191361380581e-01	   3.6962951631159807e-01	   2.7639736694877537e-01	   2.9284154867306750e-01	   2.5696932953322282e-01	   4.8409756285304650e-01	   3.9820870481517429e-01	   3.6607975648646474e-01	   3.6489219029329018e-01	   1.7855566692871183e-01	   1.2558196492429116e-01	   1.7765127076634857e-01	   1.5691839400773261e-01	   1.7724707431676817e-01	   1.5063514777309639e-01	   1.5864053285941601e-01	   1.5671860443359564e-01	  -1.3369039107668939e-02	   1.5967734572577838e-01	   3.8169570935914743e-01	   4.6432516085580977e-01	   5.8421184756238165e-01	   2.4359733555588076e-01	   2.9201908986312314e-01	   1.4409166431974013e-01	
   9.0559891215245347e-01	   4.4783150278076450e-01	   1.3846907655348351e+00	   9.5009770361002044e-01	   8.6756039898213033e-01	   4.7659173826049051e-01	   0.0000000000000000e+00	   1.0790542630141262e+00	   7.9738462750811701e-01	   5.7075156163661767e-01	   6.5696124922276466e-01	   5.7676119601812892e-01	   8.4814650841228534e-01	   6.8979936737960112e-01	   5.9712160639773160e-01	   5.4834331010905191e-01	   2.6437703822236597e-01	   2.6919412328738979e-01	   8.7551857767626895e-01	   9.2574813763487684e-01	   2.5566544982103967e-01	   4.4717203643675291e-01	   8.4156671318038245e-01	   6.1216696922211833e-01	   5.6625329127139246e-01	   4.6084117319674028e-01	   3.3045955537480926e-01	   4.5501237137838368e-01	   3.3268804921010320e-01	   3.0831248788426341e-01	   8.3453495272778766e-01	   6.5612130501203247e-01	   9.9500776334671881e-01	   9.1567032841995255e-01	   5.6504804747903048e-01	   7.4951006619181004e-01	   3.5717082337384881e-01	   3.6594168835828239e-01	   2.4401255789120838e-01	   3.6312857298634971e-01	   2.3926924460045995e-01	   4.2742141707566828e-01	   6.1064881265325888e-01	   4.1226121166479185e-01	   7.2327241768618900e-01	   6.4390091386459536e-01	   6.1042426217112755e-01	   6.2822848451604274e-01	   2.6776610699510944e-01	   1.4893324943474173e-01	   5.2695380360272226e-01	   3.8594361544182348e-01	   1.5959593997668153e-01	  -1.5128617770694271e-02	   4.1428172843028493e-01	   2.9210901752155910e-01	   4.8551078930109492e-01	   2.3559235085073840e-01	   5.2207631528473641e-01	   2.1397708313672203e-01	   7.7420191351897405e-01	   6.7334019680592339e-01	   4.6701902569456710e-01	   2.6295948498718424e-01	   6.7826625819163833e-01	   6.2756424961416402e-01	   9.8533899215652476e-01	   8.1439949446622162e-01	   4.4740884346862375e-01	   4.8073424224404959e-01	   9.9937043940332893e-01	   8.5316051028814832e-01	   8.0080554405164472e-01	   6.4247055761671124e-01	   9.4651504537943398e-01	   6.3185585423935309e-01	   7.4410805786228618e-01	   7.9240014882478449e-01	   2.8271006778542124e-01	   3.5681665022891723e-01	   3.4957427386723383e-01	   4.9437139015742948e-01	   3.7281498630480103e-01	   6.6498630087513422e-01	   4.5763783447359635e-01	   8.2346055625436354e-01	   1.8949008100961842e-01	   2.6871293986371581e-01	   4.6649096448271876e-01	   7.3047091478722526e-01	   5.1485471976359509e-01	   4.7836355317774759e-01	   4.7361069518458276e-01	   4.0427553095051910e-01	   2.6356316443929173e-01	   2.5892557222763324e-01	   4.3358333788281805e-01	   4.7850364307002807e-01	   4.9330341315363324e-01	   4.8513211783568566e-01	   2.8654999878957133e-01	   3.0571892123223887e-01	   2.7674525639056724e-01	   3.1934643770907667e-01	   5.1193424557484823e-02	   1.3336199891135483e-01	   5.6057052616065748e-03	   2.4523891714005636e-01	  -4.9310145713201019e-02	   5.4734586016336562e-01	   7.0734430884603294e-01	   6.9243486784656505e-01	   5.4068781305279334e-01	   3.8994151499533403e-01	   2.7337824561647661e-01	  -2.5067829670235864e-01	
   6.3695572467203443e-01	   3.8565782162875584e-01	   8.8429528603979501e-01	   1.4966678631065127e+00	   5.6682204627939470e-01	   7.4742266903932586e-01	   1.0790542630141262e+00	   0.0000000000000000e+00	   4.6154240257401946e-01	   8.0757654457164196e-01	   6.7392390679308090e-01	   7.4671021632452628e-01	   7.4216915279958140e-01	   8.8369009340703142e-01	   6.0263340461731429e-01	   8.7634310242348312e-01	   4.2406315185655663e-01	   3.6530623420953012e-01	   6.6100736647844982e-01	   8.8642468748873882e-01	   3.7684235916842967e-01	   6.7593735439946645e-01	   8.4918343374172878e-01	   9.2080479126294312e-01	   6.0596973387269915e-01	   7.2176811083897152e-01	   3.3720316756628133e-01	   6.4025820875661643e-01	   4.7953441837340871e-01	   4.6162351367992721e-01	   9.3504623212250870e-01	   9.9672584504797257e-01	   1.0110516885560226e+00	   1.2969641827125997e+00	   6.3590243989862705e-01	   8.7199710123686436e-01	   5.2256392106775418e-01	   5.0320962571142525e-01	   4.4621992092984580e-01	   4.9452515344352482e-01	   4.2347387547929338e-01	   6.8492288531032219e-01	   6.4284324296131257e-01	   4.7191702988142714e-01	   6.8536343215835283e-01	   6.6780276781140691e-01	   6.2564956339101818e-01	   5.7670047544578440e-01	   1.8448006174383486e-01	   9.6823225674524893e-02	   4.1918978597831286e-01	   5.2488415549891976e-01	   2.2186748604367834e-01	   4.8177231370506710e-02	   6.4141436134436347e-01	   4.4790717905584204e-01	   4.3836151567619869e-01	   1.8488545131813941e-01	   3.2159302555129204e-01	   3.0951703112541729e-01	   5.3107571049367508e-01	   9.2755150909835471e-01	   6.2811249246690926e-01	   5.2505906113947765e-01	   6.6583741033689292e-01	   8.3175363726544127e-01	   9.0866366626603567e-01	   1.1207156882695073e+00	   3.7336369492295685e-01	   5.3310513262858994e-01	   7.7769386550059172e-01	   7.6797700704815408e-01	   7.6362516527195468e-01	   6.6753558334496566e-01	   7.4922003314006358e-01	   6.2178513798667556e-01	   6.1058600399886431e-01	   7.7715036550458105e-01	   3.6959026973096931e-01	   4.3793482651457333e-01	   5.0348019329619775e-01	   5.0804256099624912e-01	   5.5499446909866723e-01	   6.9913445309610456e-01	   6.9560976488639426e-01	   9.1841114967397086e-01	   4.0000901872595246e-01	   4.8530538590626665e-01	   7.0044342486346145e-01	   8.1707135735025282e-01	   7.2784638594268147e-01	   5.2288849658703940e-01	   7.4293350112473178e-01	   5.1469043132716474e-01	   2.7170804809047050e-01	   3.6612535074836078e-01	   6.3839650824116678e-01	   5.4775009397767838e-01	   6.5667875942212428e-01	   4.7270054484449781e-01	   5.0978820589915919e-01	   4.1262526842435260e-01	   4.7596695779622056e-01	   3.1766193210071181e-01	   1.9738300278102994e-01	   9.0468755341880924e-02	   1.8396821697313750e-01	   2.7249692175096069e-01	  -1.7657317954061399e-01	   3.7529524831015854e-01	   7.9105094667496478e-01	   6.9963834692159310e-01	   6.9095416864796178e-01	   6.1095051011984747e-01	   3.0052106915561694e-01	  -2.6337796106388300e-01	
   6.8473116163230352e-01	   3.9146400869975434e-01	   5.7133867379796865e-01	   4.3820561785885537e-01	   9.5177687786416965e-01	   2.0238974390701436e-01	   7.9738462750811701e-01	   4.6154240257401946e-01	   0.0000000000000000e+00	   4.4719128994546664e-01	   4.3584363945460181e-01	   5.4388754595625410e-01	   5.4720739570232757e-01	   5.2786981150119361e-01	   3.8635234060100088e-01	   2.9944044193351699e-01	   2.0546552849535363e-01	   3.3006537312046158e-01	   5.7033627550142429e-01	   5.2110625102544128e-01	   1.9525719136657405e-01	   2.2519928077678916e-01	   3.8395107662573047e-01	   2.6004031233743147e-01	   2.2708133972388167e-01	   8.9462277685029762e-02	   1.8457791318176692e-01	   2.1821391808128179e-01	   2.7079335485096323e-01	   2.7345230359458439e-01	   3.4210360588854449e-01	   2.4827947812352572e-01	   4.0765925633337707e-01	   3.9433569748869679e-01	   1.6663530725108971e-01	   3.0851262480661878e-01	   3.9024943045189074e-02	   5.7420855388749761e-02	  -1.0629664442014246e-01	   5.6747165212235384e-02	   2.9461317500444388e-02	   4.9516875065754203e-02	   5.5787758896982687e-01	   4.3946515678253573e-01	   4.6145217796453036e-01	   4.1460027647155306e-01	   5.0656541280594025e-01	   4.6993004067994959e-01	   2.2088518806118551e-01	   1.6035442097179403e-01	   3.6083261027466357e-01	   2.6182614420004086e-01	   1.9017893858481463e-01	   4.2372655822313234e-02	   7.7791052772631084e-02	   1.3376594587566731e-01	   3.6610668261280060e-01	   2.9601915638561371e-01	   5.4167792493582945e-01	   1.9580882512591993e-01	   6.0430192877882805e-01	   3.0572966221266007e-01	   3.9071332112348944e-01	   1.9658278855139083e-01	   2.7979498481960752e-01	   1.8738791396575283e-01	   3.9238125109665600e-01	   3.3680165582521698e-01	   2.4294671032203247e-01	   3.4547730865228216e-01	   5.5959800375817359e-01	   4.3538895129741384e-01	   4.2433164333295098e-01	   3.5908995067631982e-01	   5.1564269651834305e-01	   3.9269332037496374e-01	   3.7010025641941274e-01	   3.7862358905917742e-01	   2.2909051871390762e-01	   3.2343704937538847e-01	   2.9168615332656700e-01	   4.9671500409350289e-01	   1.1695741694214762e-01	   3.8782481858426376e-01	   1.1397506315900041e-01	   4.8359137901982419e-01	  -1.5092141023363675e-01	  -1.9037237544812508e-01	   2.8487699188205828e-02	   4.0764508573629288e-01	   3.7884415492998758e-01	   3.4307423033379658e-01	   3.9627357918363626e-01	   3.7232599197834376e-01	  -1.8202629988781357e-02	   1.3252961967528318e-01	   2.0772443060913370e-01	   3.3133755800837195e-01	   3.8316424578855424e-01	   5.1655571686985247e-01	   3.0997057260449595e-01	   4.1369302805600294e-01	   3.2548404493136135e-01	   3.9432675479987411e-01	   4.0803460369715779e-02	   8.2479379154517501e-02	  -9.2306823175048233e-03	   2.9571894562427353e-01	  -2.0424014298513177e-01	   2.4418842790222089e-01	   4.7086956861570262e-01	   5.0971178080755219e-01	   4.3166141563077709e-01	   3.2233536899963799e-01	   2.4455383885962845e-01	   3.7377792302703203e-04	
   4.0881605595063131e-01	   2.1797838103066253e-01	   5.3106151636655330e-01	   7.1528420327603393e-01	   6.1762603360055379e-01	   7.3499279210680868e-01	   5.7075156163661767e-01	   8.0757654457164196e-01	   4.4719128994546664e-01	   0.0000000000000000e+00	   6.3051393022732694e-01	   7.5496765868043292e-01	   4.6633000498952271e-01	   8.8813556622484080e-01	   4.1812883832235648e-01	   8.0827647769720001e-01	   4.9432902789338862e-01	   3.8778258554807654e-01	   4.5419229260330229e-01	   5.0497719206296865e-01	   2.1383406176734482e-01	   4.6020285703726665e-01	   4.6394159547062164e-01	   5.6845449765270017e-01	   2.7756765505798631e-01	   3.4452680591700524e-01	   1.0343009891797127e-01	   3.7003303536909832e-01	   4.2708715157714139e-01	   3.9634745124780502e-01	   4.4788069947438014e-01	   4.9794402189861958e-01	   5.2165896954596158e-01	   5.9130598181592942e-01	   3.7768323166720158e-01	   4.8937113902448298e-01	   2.9283038751238677e-01	   2.5728142750380090e-01	   2.3844351103616551e-01	   3.6629220862654338e-01	   2.3848425201795925e-01	   3.9710601980488186e-01	   7.3171002505928862e-01	   5.8343802518079202e-01	   6.8102870640251989e-01	   6.6853656760377300e-01	   6.8166830279459145e-01	   5.4011474945204574e-01	   4.1067581832156552e-01	   3.1885822943831205e-01	   4.5626592782706349e-01	   5.3070620768096233e-01	   2.4836287122668493e-01	   1.2235450880430924e-01	   4.3490934341532583e-01	   4.5537248795571522e-01	   3.3977961655216843e-01	   1.0047695058327942e-01	   2.6552305869446036e-01	   2.8217944022264219e-01	   4.8392824834032366e-01	   7.8162754193647854e-01	   5.4478370799429698e-01	   5.3880448637660250e-01	   4.7875644403239376e-01	   6.3990223211781794e-01	   4.9307246296263918e-01	   5.9530517077957690e-01	   8.9935165011110194e-02	   2.2705643048236118e-01	   4.1476804852599086e-01	   4.3254691824620006e-01	   4.7255437230436798e-01	   4.5348551694109562e-01	   4.2056278319146234e-01	   4.0934547085730089e-01	   3.8246054581107675e-01	   5.0557921718081189e-01	   3.5482797976084668e-01	   3.3120439876565444e-01	   5.0150928246382209e-01	   4.4624318083575332e-01	   3.9737306927205091e-01	   3.8416007203634805e-01	   4.7957950066123922e-01	   4.9466122294094189e-01	   2.4776726829091381e-01	   2.2134354112217997e-01	   4.1801269799697771e-01	   5.1952937473992900e-01	   5.0149523135299479e-01	   3.3657820988686415e-01	   4.8944408864237809e-01	   3.5002385825434007e-01	   1.6261555295331842e-01	   3.1113241435990840e-01	   5.4061114787281361e-01	   4.6797399856152416e-01	   4.6045282289796968e-01	   3.8139868042314146e-01	   2.8428337723185831e-01	   2.6633276452110377e-01	   2.5288471913519733e-01	   1.6626849182701320e-01	   6.0874533599507813e-02	   8.0661368964425224e-03	   1.7072542283702558e-01	   2.8147146379780991e-01	  -2.4884991028600045e-01	   2.3913888007907369e-01	   5.6853950458569624e-01	   5.4471610834297202e-01	   4.8245292916229815e-01	   3.6304628279620760e-01	   2.2189060776719138e-01	  -7.2339454044614782e-02	
   9.3048184364438036e-01	   7.7155763313574521e-01	   6.7571570708142104e-01	   6.8529495166534016e-01	   4.3944601036689412e-01	   2.7224624654354684e-01	   6.5696124922276466e-01	   6.7392390679308090e-01	   4.3584363945460181e-01	   6.3051393022732694e-01	   0.0000000000000000e+00	   1.1764307242224996e+00	   1.2824485016686231e+00	   1.1378896332063739e+00	   5.5996805303824027e-01	   6.8625799609856675e-01	   1.0072196218406582e+00	   9.0854619052524432e-01	   9.0498875658961520e-01	   7.8815168203871011e-01	   2.6944150246381521e-01	   3.4007336656014520e-01	   6.3271079343119918e-01	   5.2463199205792266e-01	   3.7053155406247512e-01	   2.0111018389595461e-01	   1.2370770960016200e-01	   1.3237422345589137e-01	   8.8566744746543236e-01	   8.0832939837936713e-01	   5.3694611880755994e-01	   4.0132668067311439e-01	   7.8181674201269202e-01	   7.6729765257571414e-01	   3.5462660562513776e-01	   4.4542009790385806e-01	   5.3431212294906250e-01	   5.0939999741359554e-01	   3.7484519295647606e-01	   4.8094001878370074e-01	   3.3254115395120998e-01	   4.8182163868742545e-01	   7.3785869359261036e-01	   7.7794642553613946e-01	   4.7394279355675462e-01	   5.3499132172931474e-01	   7.9322220559642997e-01	   7.2252205158617644e-01	   2.3160471384427025e-01	   2.6786399646521963e-01	   3.7665037644758725e-01	   3.7697827737794570e-01	   2.9999922353691150e-01	   2.6638656004939681e-01	   6.3882461591899242e-01	   6.2248510383287559e-01	   9.4952762221349662e-01	   7.2248014528830207e-01	   4.2970256006493324e-01	   4.8076502186515735e-01	   8.1750297076910416e-01	   8.1017847403878329e-01	   1.1454963968504832e+00	   8.9874446575933653e-01	   4.4855055523686216e-01	   4.0533742676039491e-01	   3.3284507793397139e-01	   3.6394315853796499e-01	   6.1687315545851085e-01	   5.3632873015903815e-01	   6.5095590720060481e-01	   7.2249170113384753e-01	   1.1983111831866933e+00	   1.0408231636933927e+00	   9.6070373604796422e-01	   8.5414937660919332e-01	   7.2046341860568908e-01	   7.4045078603913350e-01	   9.4016019888391744e-01	   9.4854381035594826e-01	   1.0039224887374776e+00	   9.5106685989129536e-01	   5.4746833247577964e-01	   5.6245846250232978e-01	   7.6676515926669064e-01	   7.2151835382576734e-01	   4.0141853246468545e-01	   2.9509862301654588e-01	   5.1077286853991499e-01	   5.9116157463927044e-01	   2.8559541111665854e-01	   2.5501164083934091e-01	   2.8795137997103587e-01	   3.0105995583762540e-01	   8.9340130193910433e-02	   6.5443109547294009e-01	   6.3481891564869009e-01	   7.3820923953170803e-01	   6.0329309424104860e-01	   5.6393521537603986e-01	   1.9526099939578209e-01	   2.2389998996335081e-01	   1.6205571471797575e-01	   1.7738700599969182e-01	  -2.0674734351199023e-01	  -2.4775996445072512e-01	  -6.9816809365847110e-02	   2.2780046032355694e-01	  -3.2948964813888992e-01	   3.4988836354741354e-01	   5.7502904545913436e-01	   6.6966219067848320e-01	   3.4936052393665745e-01	   4.3573555113424556e-01	   1.3685240110772048e-01	  -2.3244877798188776e-01	
   8.2267072719847767e-01	   7.6155744810328008e-01	   5.1402547216366645e-01	   7.4993330072497122e-01	   4.4455453543898754e-01	   5.1164563036228350e-01	   5.7676119601812892e-01	   7.4671021632452628e-01	   5.4388754595625410e-01	   7.5496765868043292e-01	   1.1764307242224996e+00	   0.0000000000000000e+00	   7.9569954365590290e-01	   1.5798704486870530e+00	   3.7059013580188255e-01	   7.0614878703639083e-01	   9.9341604794790395e-01	   1.0980571075551397e+00	   7.1185057254543971e-01	   6.3887863668253408e-01	   4.2441614072837819e-01	   3.6790397478818360e-01	   4.3614504355606099e-01	   5.0653214799057300e-01	   1.6379973163821912e-01	   1.1096895552228227e-01	   6.3811193422265669e-02	   1.4917853006540663e-01	   1.1445042038183397e+00	   1.0666289171359331e+00	   4.5424289805224671e-01	   4.2266179180616770e-01	   5.4582863887348310e-01	   6.4476527800709793e-01	   1.3131941315492970e-01	   3.2346884387435781e-01	   4.1807234694242379e-01	   4.1652067485850131e-01	   2.5332680210211389e-01	   3.6917156404685453e-01	   3.6566887503309126e-01	   3.5070185037231688e-01	   7.2188297719859396e-01	   8.0005746424876345e-01	   4.2665385104340969e-01	   5.3949589951891608e-01	   7.6337458030994676e-01	   6.7162543608447622e-01	   2.5597525193456427e-01	   2.7113469201065316e-01	   4.0682465454000738e-01	   4.5118476947768049e-01	   4.3320994589886092e-01	   3.3353791598972216e-01	   5.2186189932231053e-01	   6.2721254545968930e-01	   7.7485698879392717e-01	   7.1227192470312217e-01	   5.4711976054270761e-01	   7.3387828711175085e-01	   7.9119874817881874e-01	   8.2528534725837877e-01	   1.1182817186464233e+00	   1.2159908415904557e+00	   2.6415206705867400e-01	   3.4943013084232200e-01	   2.2882082140811499e-01	   3.6070936398801956e-01	   3.6475294014555354e-01	   4.5215645246734604e-01	   6.1490660516795193e-01	   6.1174652323428558e-01	   8.6256453086768770e-01	   7.2550387890189927e-01	   7.3819641134659952e-01	   7.4311936407260548e-01	   5.0506428305125650e-01	   6.1237485979405304e-01	   8.4307923484201808e-01	   8.8830981374824447e-01	   1.0126699725552306e+00	   1.0322427045695690e+00	   5.3965110249832526e-01	   5.4682421499755873e-01	   5.4199351012665564e-01	   7.2263396352185016e-01	   1.5338384731660262e-01	   7.5769497297862545e-02	   3.3915022337144901e-01	   5.7315156666607159e-01	   3.9409346494337261e-01	   2.5986610128826887e-01	   3.8398578083299256e-01	   2.4052669344381092e-01	   5.5015638343054625e-02	   5.5458081763590394e-01	   7.0589739226457482e-01	   7.7449270376679225e-01	   7.0302255298400385e-01	   6.0998270024624446e-01	   2.7438355454724150e-01	   2.4678167910111234e-01	   2.4100989309770987e-01	   2.7060211607951518e-01	  -1.1436055074161582e-01	  -1.7574865564418435e-01	   2.1892343158455042e-02	   3.1370113637844593e-01	  -2.8845795924298817e-01	   2.3687328209614208e-01	   5.5742292742882305e-01	   7.0574935265171324e-01	   4.7848801492425641e-01	   3.8339686325879907e-01	   2.3509600863977775e-01	  -8.8429299774935785e-03	
   7.1810698980743171e-01	   5.2541147652419351e-01	   7.8458369269763184e-01	   6.9260048120484341e-01	   6.2249078080497378e-01	   2.4881003396129303e-01	   8.4814650841228534e-01	   7.4216915279958140e-01	   5.4720739570232757e-01	   4.6633000498952271e-01	   1.2824485016686231e+00	   7.9569954365590290e-01	   0.0000000000000000e+00	   9.4856409039161038e-01	   7.1715068341594390e-01	   6.3012044396676015e-01	   6.2473346441008915e-01	   6.2900910525404330e-01	   6.7711108071641513e-01	   6.9434647997235910e-01	   3.1901512875946209e-01	   4.7363241119860572e-01	   8.8430047246680898e-01	   6.3922284007958341e-01	   6.5558474638142783e-01	   4.2121557823425992e-01	   4.3901035417194062e-01	   3.9510907217924485e-01	   6.7107639374140216e-01	   6.1552219729324431e-01	   7.1067853009497706e-01	   5.0856593442573761e-01	   9.4656556720380192e-01	   8.9863750240756834e-01	   6.6140592289476430e-01	   7.3365709959010628e-01	   4.8624314539111924e-01	   5.3400461053792281e-01	   3.5330256517050995e-01	   4.1162518504132278e-01	   2.9401969876029277e-01	   4.2248238392345078e-01	   6.1945902698363664e-01	   5.9723665729356223e-01	   6.3363415937642520e-01	   5.8235368964536216e-01	   6.4806443587328622e-01	   6.3987751455092468e-01	   2.1218022105077070e-01	   1.6628379178650415e-01	   4.2121624862935736e-01	   3.7371294203271105e-01	   1.9333687932506921e-01	   1.2529110472877880e-01	   5.1347805475936370e-01	   4.0246241684975154e-01	   5.9688845415569025e-01	   4.6178658114364790e-01	   3.1407408031768996e-01	   2.3301064832023921e-01	   7.2558252805962342e-01	   6.3942369130626342e-01	   7.2702845096236901e-01	   5.3870417999435283e-01	   6.6187361569291314e-01	   4.7277161912424870e-01	   5.9520782960423324e-01	   5.8038803541074013e-01	   4.9300127502634561e-01	   4.8557296098697411e-01	   7.8812774503264393e-01	   7.6490423366724136e-01	   9.7286586422336818e-01	   9.1369824503664476e-01	   8.8574581373993722e-01	   7.2669136189748396e-01	   6.0654207674452731e-01	   6.5344921797971700e-01	   6.7029221505410996e-01	   7.2895946185233218e-01	   7.3713934228024214e-01	   8.1421757535973893e-01	   4.1047745281969827e-01	   6.1753107025694187e-01	   7.3727052980674934e-01	   8.3708726558663793e-01	   3.0313729899334041e-01	   2.3967938835638353e-01	   4.9905085209329331e-01	   5.9242786564371941e-01	   3.4903107979093612e-01	   3.3889902608747424e-01	   2.8633321436703324e-01	   3.4654872809605380e-01	   1.4528978403053167e-01	   5.6618414525347438e-01	   5.1721016365893102e-01	   6.7533661423100011e-01	   5.2223157578043256e-01	   5.1316637044962943e-01	   1.8017379527124189e-01	   2.5208105360574085e-01	   1.6912345040790691e-01	   2.4191811322470474e-01	  -4.9851171910943799e-02	  -2.9043494217522513e-02	  -7.0923181764770429e-02	   1.8637651887065201e-01	  -1.6669339450972029e-01	   4.1345564331581436e-01	   6.2906322993626118e-01	   6.4129114154631062e-01	   4.0768831032801872e-01	   4.8663889561449558e-01	   2.4730247498667024e-01	  -2.7762889955663372e-01	
