   0.0000000000000000e+00	   1.0735364136953762e+00	   1.2334022257953245e-01	   1.6967587069938506e-01	   1.3726833116452688e-03	  -7.6961786223197853e-02	   3.0500972555444450e-01	   4.2414556018669991e-01	  -6.9265827558536552e-02	   1.5653211362156788e-01	   3.3659920961731543e-01	   4.9237804319824152e-01	   2.1768696122897344e-01	   4.0392375716127127e-01	   2.4173352481926236e-01	   5.2033106809042373e-01	   4.8053954180674952e-01	   6.0760575719729137e-01	   7.0436407359013187e-01	   7.3133537501438262e-01	   2.6052055890763726e-01	   8.1588961722733638e-02	   1.2807347808069330e-01	   1.6910724054974607e-01	   1.2358822278576123e-01	   2.0010887430194410e-01	   5.8407830758060809e-02	  -6.1316322879165996e-02	   1.1224089821552410e-01	   3.4602010225913576e-01	  -3.1112133470367932e-03	  -7.0223185336404606e-02	   5.3127990967729555e-01	   3.5840610822307423e-01	   5.7973378428904376e-02	   1.7131594623741775e-01	  -3.8431681805368177e-02	   9.4620697693294301e-03	   5.3581020948532884e-02	   8.5808151629378840e-02	   1.9031927964713652e-01	   2.3888702333701678e-01	   1.7225372927608379e-01	   3.4563091810929331e-01	   1.5024379341456046e-01	   2.8610086761946518e-01	   2.2240325758697915e-01	   2.4466833282832229e-01	   2.5801325877334541e-01	   2.5461929889502966e-01	   2.1068186981861184e-01	   2.7518516483993016e-01	   2.6356719495369696e-01	   2.2928037263569556e-01	   2.8609869202841520e-01	   2.0649790546181321e-01	   8.6403902890534900e-01	   8.4982224440103338e-01	   6.2829368798660745e-01	   5.5346611673322776e-01	   6.3063621833065853e-01	   4.3316126022807755e-01	   2.7078873571223472e-01	   5.2363566868609412e-01	  -1.6999029319542536e-01	   2.0880137315810751e-01	   3.0707560456573008e-01	   2.8891934748917325e-01	   5.6619761513595634e-01	   5.4538187026696339e-01	  -6.9868957103511209e-02	  -6.1017461810222114e-02	   1.0133144379961843e-01	   2.1851759882945287e-01	   1.2786514427391560e-01	   2.7348681840665257e-01	   3.0022927663134438e-02	   2.4568986982217389e-01	   4.3504909140240472e-01	   4.9687847965273813e-01	   4.9242068564576247e-01	   3.8881647303028616e-01	   2.2323079457358719e-01	   3.4221573298230856e-01	   2.5157727730327017e-01	   2.0407739662073596e-01	   1.7039567745017536e-01	   1.4141567807200445e-01	   3.5885948838420012e-01	   2.8916583365005910e-01	   3.6355190511211283e-01	   1.6392748802751356e-01	   3.5931371797275791e-01	   7.5999964121248140e-02	   2.4591083971047545e-01	   1.1103840602870427e-01	   3.5502853442674026e-01	   2.2347046469197182e-01	   4.2969864096392241e-01	   4.5879533704442010e-01	   5.9276604189798610e-01	   6.5145068646896051e-02	   5.9089559253398405e-01	   3.5841677906483815e-01	   4.2563160419281776e-01	   1.0553428615995573e-01	   1.8831968816530853e-01	   2.0502924409865725e-01	   2.0505504883605857e-01	   2.1361597787748554e-01	   3.1867896704030113e-01	   2.5313727007590353e-01	   2.0093775791945573e-01	   2.0321568383540817e-01	   2.0462363101640096e-01	   1.8790718381580285e-01	
   1.0735364136953762e+00	   0.0000000000000000e+00	   3.5836506023345066e-02	   1.3619435302599250e-01	  -2.7571055843218836e-02	  -1.5479128443354223e-02	   2.1995467499580934e-01	   3.3680623567934825e-01	  -4.2996484538930270e-02	   9.4494539390264531e-02	   2.8470898425798380e-01	   5.8953444169970415e-01	   1.4501233649317330e-01	   3.9850239118851311e-01	   2.3737966617839631e-01	   5.5558027500445895e-01	   6.0805539520090957e-01	   8.0067291631460635e-01	   6.6345781908999579e-01	   7.7758375810737312e-01	   2.1490893399001143e-01	   1.9107200671092406e-01	   5.0869113475706567e-03	   6.6645008289906896e-02	   1.0357539755808257e-01	   2.1188437774170027e-01	   3.0941331592114391e-02	   4.4614517011302965e-02	   3.9898899231960594e-01	   5.4685882498928218e-01	   6.7802599483657480e-02	  -4.4397291104375215e-02	   5.5796097206025941e-01	   4.6963225299969841e-01	  -1.5671739109519772e-01	  -9.1877320570258519e-02	   1.5539423305815087e-01	   2.0283186637153261e-01	   1.1253601620225176e-01	   2.2854314193951980e-01	   3.2441898993117518e-01	   2.9822215143219405e-01	   2.2845187120655575e-01	   4.7492747662966905e-01	   6.6226273084164608e-02	   2.3417106539681132e-01	   3.9624220639015695e-01	   4.3568719331708833e-01	   3.8109165395079542e-01	   2.4123392569819307e-01	   2.1403293866894327e-01	   1.9960852007379010e-01	   2.3609408938396290e-01	   2.1030409632247968e-01	   3.2796817765885966e-01	   2.9001580296692986e-01	   1.0955709791545591e+00	   1.2550290664451862e+00	   6.1922732615277609e-01	   5.8068137657391583e-01	   5.3516982603181185e-01	   3.5175021383387756e-01	   2.6561363357328654e-01	   5.3062740291222665e-01	  -2.4058811456009266e-01	   7.5469333159051563e-02	   1.8013831801731353e-01	   1.5850406914408788e-01	   5.1549207415766429e-01	   6.7425186337226317e-01	   8.4527320964051827e-02	   4.9948058664476325e-02	   3.5742066156546903e-01	   5.0254401008779248e-01	   3.1451926979772710e-01	   4.6689327796013491e-01	   1.9398271842561765e-01	   4.2970411158012273e-01	   6.2235696895426718e-01	   5.9289496823021171e-01	   5.9781139877897438e-01	   5.2502181285479921e-01	   2.5317968683697217e-01	   4.4129058734065207e-01	   2.3949119123328147e-01	   1.5836465407473865e-01	   1.5579027114288246e-01	   1.5368362493369483e-01	   2.7498734794810487e-01	   1.9855114550396089e-01	   2.4638600223191479e-01	   5.0335338782867611e-02	   3.2522216043563079e-01	   9.5260098082163971e-02	   4.0429457797485446e-01	   1.3856917795797624e-01	   5.2662259425935209e-01	   3.3158789387689952e-01	   5.7978732575277103e-01	   5.0273311053847203e-01	   5.9768194543836040e-01	   7.3891531749680425e-02	   4.3968219692186955e-01	   3.3849545509202278e-01	   5.3935972025951928e-01	   3.5474697052880921e-01	   3.2884191437676918e-01	   6.6694766511403519e-02	   3.2017717996170736e-01	   3.0113265601547851e-01	   4.9842628656668031e-01	   5.0375183074326846e-01	   4.3770509902280380e-01	   4.5602851939696953e-01	   3.9194056142059003e-01	   3.9314949958610690e-01	
   1.2334022257953245e-01	   3.5836506023345066e-02	   0.0000000000000000e+00	   8.8237444302658130e-01	   3.7873827188938508e-01	   2.3387224009967991e-01	   9.7996910854803976e-01	   3.8259065018902189e-01	   4.9821151302786575e-02	   1.2186018201892793e-01	   3.6578791216516589e-02	  -2.6145799548962839e-01	   2.2467842513582820e-01	  -4.9924658070815538e-02	   1.6572589216668188e-01	   3.4072098614984149e-02	  -2.1475260744991700e-01	  -1.7715947709862762e-01	   2.2023364888994573e-01	   1.4156050129971748e-01	  -9.6713721896538873e-02	   7.2061952764521292e-02	   9.6221215428441076e-01	   8.2549390147400037e-01	   9.3305471010408136e-01	   6.6074040369728104e-01	   4.5845606167048158e-01	   1.7236869255082682e-01	  -1.5509080022223440e-01	  -2.1170563164591330e-01	   5.4001467304957707e-01	   6.1008707511931415e-01	   4.5656636679713003e-01	   3.2878978803788050e-01	   6.1530716970661437e-01	   5.6182357277243689e-01	  -1.5473287543014530e-01	   7.3783005879779207e-02	  -1.8343214864288592e-02	   1.8567803496223247e-02	  -1.9668841568845866e-01	  -2.1329479129825168e-01	   2.5398880179746663e-01	   1.7647728766345155e-01	   5.8338416315546915e-01	   4.5983055988690208e-01	   2.8886890196362602e-02	  -2.1895715253774484e-02	   2.0033739249207708e-01	   2.0808665731741466e-01	   3.7121528048873442e-01	   2.7543205500764317e-01	   2.1313428572305346e-01	   2.4957123372548989e-01	  -9.1068832582224729e-02	  -1.6161904311329978e-01	  -1.8517765754863691e-02	  -2.1999859383673666e-02	   2.5632648745694731e-01	   1.4041783554642068e-01	   1.9221468766681976e-01	   1.4185579528239312e-01	  -8.2671604570947105e-02	  -1.3086560336604899e-01	   6.5494845253083511e-01	   4.7810898100793386e-01	   7.8631365430104949e-01	   6.5196404419688936e-01	   5.2395597774465374e-01	   2.8543125757171756e-01	   3.4227455634849087e-02	   1.8733817792636987e-02	  -1.6645367815821321e-01	  -1.7311011883164121e-01	  -2.7085286152261412e-01	  -3.0591817973727220e-01	  -2.5085793864065598e-01	  -3.0958961969001264e-01	  -1.1958660377394793e-01	  -1.9159888784234005e-01	  -9.0428870116433621e-02	  -5.6454236576959180e-02	   4.2609213792865702e-01	   9.2053254220952077e-02	   3.0556639866999069e-01	   2.4547821240497836e-01	   2.2088551638221249e-01	   9.0221128245433893e-02	   4.1336553744798371e-01	   2.8293454366489035e-01	   2.6393660190800589e-01	   4.7620650039468038e-01	   2.0423359716610140e-01	   6.8588583877453202e-01	  -3.9665560596824932e-02	   2.1693847168738942e-01	  -7.7110798271302697e-02	  -2.2919005323127871e-02	  -3.6270931834545640e-02	  -4.8722988648731508e-02	   1.5947297121514722e-01	   5.6236168384017093e-01	   2.3927253408982668e-01	   3.5738369384697005e-01	   3.8505254858030896e-01	   4.2934132335555164e-01	   2.7378056868275680e-01	   1.2650031486930918e-01	   5.8230921713686580e-02	   2.1031229872752044e-01	   2.6248541521226149e-01	  -8.4821443646448252e-02	  -4.6172312875907312e-02	   1.8356968268245577e-01	   1.6301829532607637e-01	  -3.8590573677201603e-02	
   1.6967587069938506e-01	   1.3619435302599250e-01	   8.8237444302658130e-01	   0.0000000000000000e+00	   2.9319240434568761e-01	   3.4948644177536509e-01	   8.0729856179804516e-01	   7.5363986008292239e-01	   4.9094515705466413e-02	   3.8031177114225018e-01	   4.9731875551004556e-02	  -1.3460250271484345e-01	   2.1294599505766029e-01	   5.0706903053820127e-02	   1.0069402237930289e-01	   3.4979572257385194e-01	  -1.6857412649933831e-01	  -1.6298178706021471e-01	   1.6407254866508469e-01	   2.9131835704504178e-01	   2.4745145469509091e-02	   1.5319074108198116e-01	   8.1573387449625834e-01	   1.0384955252127481e+00	   5.2944306151730025e-01	   6.4030375920534355e-01	   2.9686070022896116e-01	   2.1348290135835873e-01	  -1.8191329720293778e-01	  -1.5352050782072404e-01	   3.7180720217504765e-01	   4.5786699978772072e-01	   4.1972003295189830e-01	   2.7313920486828558e-01	   5.5268971571005809e-01	   4.7421071280960858e-01	   1.9230461317845959e-02	   1.8284953710396537e-01	   6.3856441669111405e-02	   1.4841234761778435e-01	  -2.3247702943999116e-01	  -8.8693436893786171e-02	   3.4399486133644558e-01	   2.3077313295189580e-01	   5.3963727580295440e-01	   4.5927631871435243e-01	   1.6532420770516024e-01	   1.0663784547923025e-01	   3.0336094344041320e-01	   3.6545678589888136e-01	   4.1977249761846369e-01	   3.7206033702221741e-01	   2.4791485260545945e-01	   2.0047224137297850e-01	   8.3093549583730802e-02	  -3.9327244506153380e-02	   4.7756737070834998e-02	   4.7068059566280920e-02	   3.1756268033953139e-01	   2.6565396866322832e-01	   1.8028613385406228e-01	   3.8374810167680851e-01	  -1.8404988288306372e-02	   3.3894567871643584e-02	   6.0300620417977080e-01	   5.7818765255383442e-01	   6.8280486908199745e-01	   6.4692603296088480e-01	   7.0836348056471821e-01	   4.2823742435019291e-01	  -1.0805698099770157e-01	  -8.5564172512060291e-02	  -2.7670637189386466e-01	  -2.2535778572235365e-01	  -1.8623117230227010e-01	  -2.6626582743271981e-01	  -2.5618060038623425e-01	  -2.1820691549536661e-01	   2.1846583140097367e-02	  -2.0382665568076722e-01	  -2.4064746561679364e-02	   5.6147454479891869e-02	   1.7864967700110695e-01	   1.3526779413756593e-01	   3.4116230599576913e-01	   4.3418136131910950e-01	   1.4779203422923548e-01	   1.4581191143507272e-01	   3.9342039001972279e-01	   4.7394647710765747e-01	   3.3453929240762043e-01	   3.3182374941075399e-01	   2.9038411609018072e-01	   4.8724687963288249e-01	   1.7138337807479304e-01	   3.3129616009490481e-01	   8.6263044464915013e-03	   1.5855588741636725e-01	   5.8247396127885105e-02	   1.6038750010722910e-02	   2.8024888711817897e-01	   3.3050932391906718e-01	   1.6654383913353010e-01	   2.9303066404985417e-01	   3.3227829228142641e-01	   4.0130602597846832e-01	   3.6131213647159088e-01	   6.4440810599441780e-03	   3.0224543346248556e-01	   3.1464901338193707e-01	   2.0704250065191990e-01	  -3.2308737604524171e-02	  -6.2811774207252799e-02	   2.1391681178071567e-01	   1.6542856340765280e-01	   1.1581784079480244e-01	
   1.3726833116452688e-03	  -2.7571055843218836e-02	   3.7873827188938508e-01	   2.9319240434568761e-01	   0.0000000000000000e+00	   6.3439769705741866e-01	   4.1069817032135492e-01	   2.9369662022344201e-01	   9.0461809624584089e-01	   3.7336440267238030e-01	   1.0623280914708756e-01	  -3.3715116496130841e-02	   3.1236075011269498e-01	   4.8283160759269375e-02	   5.7620599569742514e-01	  -1.1317481195016929e-02	   3.2918794093603813e-02	   1.2937290647567132e-01	  -1.3402561467125816e-02	   7.3125977973132403e-02	   2.9790302983871952e-01	   1.7258991386803299e-01	   2.8606327447995483e-01	   4.4141523226253310e-02	   1.9140438117748468e-01	   2.8308262035181087e-01	   7.2560266596462397e-01	   7.2098050721933904e-01	  -1.8622312303722341e-01	  -1.3250786940590725e-01	  -6.0982919568832086e-03	  -7.3298265461927831e-03	   4.4734724557589220e-03	  -4.2093374882195993e-02	   1.0252333959776380e-01	   1.1638927946293287e-01	  -2.4781771104367517e-01	  -2.1102878329983807e-01	  -1.7159173610426287e-01	  -2.7039633112602068e-01	  -2.8500283957869293e-01	  -1.8811670803750918e-01	   2.1930248207410863e-01	   4.0612344820426943e-02	   2.1987294185149439e-01	   7.4820410441384169e-02	   1.3804912098532385e-01	   8.5606934485017730e-02	  -7.2469256461555696e-03	  -9.7567007146827117e-02	   1.3277279362137878e-02	  -2.0901200117173457e-01	  -6.6044442938497190e-03	   6.4051774820583121e-02	  -8.9214830457748237e-02	  -2.7307547517229291e-01	   1.8779979470668950e-01	   1.0495553282706351e-01	   1.3809364110673256e-01	  -5.5122067524429753e-02	   1.8283888758927452e-01	  -2.1711013288140499e-02	   8.0473499733853399e-02	   3.7833575312825538e-02	   2.2612690708069633e-01	   4.8556663184442010e-02	   1.1560206661788770e-01	   4.7309170876137362e-02	   1.8163481990285132e-01	  -3.8149921123097931e-03	   1.3706659529262142e-02	  -1.7662444873544644e-01	  -1.5287880017193425e-01	  -1.3366901531885717e-01	  -4.2647827302141790e-02	  -1.8910551173439910e-01	  -1.5826169676935797e-01	  -2.0564517351059325e-01	   6.0337686590492698e-02	   1.6306019800668564e-01	   8.8627527004430343e-02	   1.6173527625095693e-01	   7.6203260066637163e-02	  -2.0309620209881221e-01	  -2.6929578862476551e-02	  -1.3353260276304579e-01	  -1.9641641367889306e-01	  -4.3534190999526229e-01	  -7.8645277448018192e-02	  -8.9746435062684843e-02	   1.2956629537248443e-01	   1.2842336515560454e-01	   2.8877806701899884e-02	   3.3454866452701060e-01	  -1.0534629298394145e-01	  -8.9678787879613558e-02	  -1.8543789093357795e-02	  -1.0904673459154784e-01	   1.9335881182858977e-01	   1.0867535213196526e-01	   7.2569694580773336e-02	   3.8757129263372952e-01	   1.8437518786585219e-01	   4.4508257887206015e-01	   1.3603925564722824e-01	  -7.1804847908367858e-03	   3.1824388461985424e-02	   7.7386652644341886e-02	  -1.2302692166358718e-01	   1.1204225699169014e-01	   2.2690939130915130e-01	   2.5740771412750277e-02	  -1.4961894972817372e-01	   2.7720226716258945e-02	  -1.0054484362314545e-02	  -7.8272595557069488e-02	
  -7.6961786223197853e-02	  -1.5479128443354223e-02	   2.3387224009967991e-01	   3.4948644177536509e-01	   6.3439769705741866e-01	   0.0000000000000000e+00	   3.4748854268670648e-01	   4.9504860861508854e-01	   1.0038957997913684e+00	   7.6289949309653671e-01	  -4.6827875273847623e-02	  -5.2754584519583675e-02	   1.5389723616202106e-01	  -6.4253281195060144e-02	   2.3108394929500997e-01	  -1.1425658812314322e-01	   1.5263917297476992e-01	   1.2161134053217292e-01	  -2.8239204399738102e-03	   8.8722827183792159e-03	   4.8557876795247194e-02	   9.6165068925805050e-02	  -9.1003872417839485e-02	  -1.9519958110626137e-02	  -1.2695612303254092e-01	  -7.7545000510740765e-03	   5.0160413658141434e-01	   1.1548840172285575e+00	  -1.9712153929651749e-01	  -3.4503373739362055e-02	  -4.0142851117077466e-02	  -5.5254557139061050e-02	  -4.8023997743774846e-03	  -1.1076970259438726e-02	  -4.6879166426579778e-02	  -6.2132299061861476e-02	  -3.7560359269029908e-01	  -3.1348963493828030e-01	  -2.8651041255257065e-01	  -2.4197773216523913e-01	  -4.9617193308217694e-01	  -2.9142288690969803e-01	  -9.2872546370089806e-02	  -2.3541310475223801e-01	  -6.0884812005051796e-02	  -1.6969267549743480e-01	  -7.6242666486559668e-02	  -1.4097365405342818e-01	  -2.3748400843631326e-01	  -1.5049971669387463e-01	  -2.5420560840779927e-01	  -2.8386270540961622e-01	  -5.1194556638894481e-02	  -4.4019722315817043e-02	  -3.4197797522399159e-01	  -5.3716021130655778e-01	   1.4768525175494768e-01	   8.2946058804869438e-02	   9.5570915071565132e-03	   4.7030831903063681e-02	   1.8653837136414325e-01	   1.8515772138008343e-01	   1.6729761550316843e-01	   9.5368280861685292e-02	   6.4668637890058125e-02	   1.5084706394255454e-01	  -1.5055075909952145e-01	  -1.4456315050930510e-01	   4.4495212049180881e-02	  -6.1830940047288133e-02	  -1.2179706019778094e-02	  -1.7773325865802087e-01	  -2.3341951363086499e-01	  -1.6307410218650040e-01	  -9.6530950468146595e-02	  -1.5166021307162575e-01	  -1.6963448968592240e-01	  -2.9092302274940646e-01	   2.0536468578149900e-01	   7.1820694534659640e-02	  -5.7307464676317667e-03	   3.0422335158583485e-02	  -3.7738102704110921e-01	  -3.3905453490609239e-01	  -2.0945213637505317e-01	  -2.4260913211037621e-01	  -7.6874790374573065e-01	  -6.5856232718224716e-01	  -2.0939343855656856e-01	  -4.2395804019051984e-02	   5.0696207174581343e-02	  -4.2254008149598225e-02	  -8.9510507284309027e-03	   8.4850489277372612e-02	  -1.7152826042416625e-01	  -2.0897129001198952e-01	  -2.8163212977497243e-01	  -1.7272004327396204e-01	   1.4026088705708394e-02	  -1.2093325773162256e-01	   1.2740019301310166e-02	   3.5208777741734687e-01	  -3.7857904976350436e-02	   2.9998811386581342e-01	  -1.8468960865960669e-04	   1.2897325834495416e-01	   1.6682118621123143e-01	   5.8837554369710818e-02	  -8.4249739303562665e-02	  -1.6203338354190674e-01	  -2.6423779518555617e-02	  -1.4607270500940778e-01	  -1.4721655235398984e-01	  -1.2783139497246984e-01	  -6.5145865177520690e-02	   3.4435849982916412e-02	
   3.0500972555444450e-01	   2.1995467499580934e-01	   9.7996910854803976e-01	   8.0729856179804516e-01	   4.1069817032135492e-01	   3.4748854268670648e-01	   0.0000000000000000e+00	   8.7649578262547856e-01	   1.9002101291746809e-01	   4.7858065613723277e-01	  -1.6461920703030281e-02	  -2.1131792210545501e-02	   3.2838252050526046e-01	   5.5709927080656377e-02	   1.9302047186093180e-01	   1.8163211328829076e-01	  -2.4002929442532178e-01	  -1.5085637066934704e-01	   3.0928119596099501e-01	   4.1527725266113064e-01	   9.8678492403387635e-02	   8.3515519158427698e-02	   6.2930044017673825e-01	   7.0002540788529799e-01	   4.6208926950357571e-01	   4.9258891788486014e-01	   3.1530618595403592e-01	   1.5447611354096771e-01	  -2.7116192841738418e-01	  -1.8493016903233517e-01	   2.7582512795834202e-01	   3.3671724494265409e-01	   4.2319009920760453e-01	   3.2130570774239170e-01	   4.9376759669074916e-01	   6.5370651892227216e-01	  -2.4278723055606616e-01	  -1.1981764264307512e-01	  -9.7678216000494575e-02	  -1.4715961494436697e-01	  -2.4194543851892486e-01	  -2.1880334986314653e-01	   2.9096060798544954e-01	   2.0114295085759942e-01	   5.3896676689600009e-01	   5.6432137309890296e-01	   1.3780497289216881e-01	   1.0373022820816970e-01	   2.9948681540854455e-01	   3.0865194291281595e-01	   3.8101113646907148e-01	   3.2636302993328620e-01	   1.0496131433498400e-01	   2.2523226986842887e-01	  -8.5760002903929058e-02	  -1.0224226955405263e-01	   8.0556375877477049e-02	   2.8575627703927055e-02	   3.9904626197566972e-01	   1.9680445334932378e-01	   3.2974116447502155e-01	   3.9795272875408322e-01	  -5.2386002050345715e-02	   1.2914148329132086e-01	   4.4235029374435619e-01	   5.4162902518826406e-01	   6.8915820567632502e-01	   7.0686189707498426e-01	   6.2181553896695652e-01	   3.5030143056711699e-01	  -1.4338294578933689e-01	  -1.0064292104315610e-01	  -2.9283266199955982e-01	  -2.3012997070199209e-01	  -3.1413942702616987e-01	  -2.3554958838477064e-01	  -3.1158996146500906e-01	  -1.2810987512452437e-01	  -7.3911300014396247e-02	  -1.4777547508011185e-01	  -6.2157738572582270e-02	  -1.7135975173092607e-02	   1.4160668487566114e-01	   8.4177946899040026e-02	   1.3882150246242095e-01	   2.5496656287465397e-01	  -2.7294290360461424e-03	  -1.0356535041213176e-01	   2.6596943896988168e-01	   2.5067944913574186e-01	   4.9959011031676215e-01	   4.7331042421465586e-01	   4.1174722492987614e-01	   4.5185775060305217e-01	  -1.7182859201616017e-02	   9.9065771421891186e-02	  -5.4442541229555233e-02	  -2.2962353249055149e-02	   6.3714356523022930e-02	   4.2403622037622324e-02	   4.0540786399956930e-01	   4.1341946247330630e-01	   4.8631217974275814e-01	   4.2434845059006010e-01	   4.7386721033503210e-01	   3.8998704880116258e-01	   2.4060286441627926e-01	   2.3211287142834891e-01	   2.9571752709792797e-02	   2.1092207475889435e-01	   2.0833277359496657e-01	  -2.7149880910787315e-02	  -1.0456147505875311e-01	   2.6082485390967736e-01	   1.4188143356575919e-01	   3.9699700457041937e-02	
   4.2414556018669991e-01	   3.3680623567934825e-01	   3.8259065018902189e-01	   7.5363986008292239e-01	   2.9369662022344201e-01	   4.9504860861508854e-01	   8.7649578262547856e-01	   0.0000000000000000e+00	   2.7413026707332344e-01	   8.5477334413067763e-01	   1.1502143814818901e-01	   2.9256423912479501e-01	   3.9140689020688380e-01	   3.6407483045785893e-01	   1.2071497959528947e-01	   4.2254645599072371e-01	  -3.7214851900153438e-02	  -5.1217744418758813e-03	   2.9397738262992212e-01	   5.8416346512875583e-01	   1.7052885850136199e-01	   2.0335765520229587e-01	   2.6084279333539390e-01	   4.9273270995142315e-01	   3.6501180465691133e-02	   2.5218086268644574e-01	   1.6158876979071976e-01	   2.3113087460940407e-01	  -1.8528165807467178e-01	   7.0367978779381585e-02	   1.6102103589649610e-02	   1.1653400681138512e-01	   1.7726706750924698e-01	   1.3640622028245725e-01	   1.6795973859123303e-01	   3.0206108870772436e-01	  -1.3215278712692952e-01	  -1.9002631223121177e-01	  -8.1558481067779368e-02	  -1.3076807095523096e-01	  -1.6577067070293947e-01	  -2.0147516925641754e-01	   3.4295495482053234e-01	   2.1542937349891800e-01	   3.4618404873784214e-01	   4.3793804950858217e-01	   3.4860228998080800e-01	   2.5332986641240196e-01	   4.1085160071355126e-01	   4.6837340323208854e-01	   3.8162904186361379e-01	   4.1358974673002302e-01	   3.3817192631057097e-01	   2.3784671721418391e-01	   2.2044805636393441e-01	   3.7193650674955392e-02	   2.0476774636179823e-01	   2.0497595500674129e-01	   5.6944202470155503e-01	   4.6689388278219790e-01	   3.1934561281134655e-01	   5.8099185562900169e-01	   6.3401657911552611e-03	   3.5931333812886007e-01	   9.7869715963258996e-02	   4.5863710052307721e-01	   3.7567669907460433e-01	   4.8013834708805886e-01	   5.4348601137338681e-01	   3.5769732126945275e-01	  -3.2491774109227478e-01	  -1.9816291095738225e-01	  -3.3179255625882575e-01	  -1.8943534607135037e-01	  -2.7353940200704041e-01	  -1.8092967457271952e-01	  -3.0670651011979355e-01	  -1.1068231763199765e-02	   1.9484141675045830e-01	   1.2604096243256979e-02	   1.6838314099308549e-01	   1.6678002857411131e-01	  -1.2516220850118170e-01	   1.8912385414183389e-01	   1.0817782821528665e-01	   2.1998957070581898e-01	  -1.8027204420140908e-01	  -1.8067214073943819e-01	   2.7582525125492302e-01	   3.6289922875434122e-01	   5.7698415983560403e-01	   1.9655731418242278e-01	   4.3378717446077553e-01	   3.0052892203109242e-02	   1.2246109014575288e-01	   1.3604355925748216e-01	   1.4136101819646030e-01	   1.9692358938142812e-01	   3.2840921774053244e-01	   1.5482243631998013e-01	   4.7312228058508221e-01	   1.1253053895442122e-01	   4.4671735975782895e-01	   3.3917624394779777e-01	   4.5875758470950240e-01	   3.4390070612043377e-01	   2.8690560588067776e-01	   1.7696052586407293e-01	   1.9646714476839136e-01	   2.5121879039741857e-01	   2.4018871286655277e-01	   3.9864456342206943e-02	   6.5682159936411952e-02	   1.3303099904641177e-01	   7.0935588966678079e-02	   1.4428461428573863e-01	
  -6.9265827558536552e-02	  -4.2996484538930270e-02	   4.9821151302786575e-02	   4.9094515705466413e-02	   9.0461809624584089e-01	   1.0038957997913684e+00	   1.9002101291746809e-01	   2.7413026707332344e-01	   0.0000000000000000e+00	   4.7576854768166099e-01	   1.0854448032809405e-02	  -5.1102665346536794e-03	   2.8980133748646936e-01	  -2.9278598215478975e-03	   5.9962171277229603e-01	  -2.1714372409846644e-01	   1.6300752803892965e-01	   1.8625883401706245e-01	   1.1542547126428361e-02	  -1.3274302720581398e-02	   9.3142765306649198e-03	  -1.1899878342904228e-01	  -1.8177176076851054e-01	  -2.4802319261564221e-01	  -2.8448441083441867e-01	  -2.0641028553274102e-01	   4.3640012866053518e-01	   8.1134786860884422e-01	  -1.3823092042090188e-01	  -4.7269251512623928e-02	  -2.9484211511063946e-01	  -3.5735429525701373e-01	  -1.2021820405824890e-01	  -1.9150869069494289e-01	  -2.1169618715703137e-01	  -1.9621790770007644e-01	  -3.7247827039240838e-01	  -3.5087108080984142e-01	  -2.8818104431217628e-01	  -3.2202048295200941e-01	  -3.8057682147091976e-01	  -2.7861538532010666e-01	  -9.0930466130230411e-02	  -2.5231565837073094e-01	  -1.3719151441950059e-01	  -2.4600308504005589e-01	  -4.7776317439107263e-02	  -7.5953381878035381e-02	  -2.2256089623013572e-01	  -2.6029514971718876e-01	  -2.9460774333038203e-01	  -4.0362263057936526e-01	  -1.3287855074771290e-01	  -1.1151973075835089e-01	  -2.5273075069841350e-01	  -4.2480752140959421e-01	   1.1081589281557419e-01	   9.3647207867291554e-02	   1.3545064321819773e-02	  -4.0149155976060176e-02	   1.8914670362917232e-01	  -5.6734621052723075e-02	   1.5094199210622850e-01	   2.1266592915931300e-02	  -1.1347121725144241e-01	  -8.9022468396754054e-02	  -2.8874010728557153e-01	  -3.2397292826779928e-01	  -9.8279964844966025e-02	  -1.5867588878250033e-01	  -1.7954241270935040e-01	  -3.9585595957469966e-01	  -3.3064182074598314e-01	  -1.9643394700146269e-01	  -1.3792826215353843e-01	  -2.0560317413297180e-01	  -2.6432062440457299e-01	  -2.8750599366683821e-01	   1.2448342166215215e-01	   1.3439714776447670e-01	  -1.0342081579138724e-02	   4.9547451293262698e-02	  -2.7135943862515904e-01	  -3.5360332829853719e-01	  -2.5030376024385587e-01	  -3.4483774427388408e-01	  -7.1457347378609348e-01	  -6.6471126977619455e-01	  -3.0260720726457802e-01	  -1.0784104015885503e-01	  -7.6669115788776623e-02	  -1.8873681939990325e-01	  -1.5577677196077697e-01	   3.9565527944830101e-03	  -1.4287246335752946e-01	  -2.9939457461455304e-01	  -1.2429161669142114e-01	  -1.9279178806417641e-01	   4.9253294125445095e-02	  -7.4739563289169517e-02	  -1.1482537401712273e-01	   2.2613036630699238e-01	  -8.2616786087852778e-02	   2.2847270350537685e-01	  -1.6095132317538723e-02	  -2.1390868373870033e-02	   1.2100731767679432e-02	   6.6884112916319686e-03	  -1.3660474411986162e-01	  -1.5962184470357818e-01	  -1.4196088168413687e-02	  -1.4856913913756056e-01	  -2.2552308139701210e-01	  -1.7792766737484952e-01	  -3.7869430498859685e-02	   2.7284010761786385e-02	
   1.5653211362156788e-01	   9.4494539390264531e-02	   1.2186018201892793e-01	   3.8031177114225018e-01	   3.7336440267238030e-01	   7.6289949309653671e-01	   4.7858065613723277e-01	   8.5477334413067763e-01	   4.7576854768166099e-01	   0.0000000000000000e+00	  -4.0396355965146263e-02	   9.4915409023456923e-02	   1.3729802261980709e-01	   1.6698338487150294e-01	   1.7927015263555271e-01	   2.1897046188371186e-01	  -5.5904995859544608e-02	  -3.5423439089779575e-03	   1.2963821573750087e-01	   3.2323403026019604e-01	   2.1126238371456987e-01	   7.9626030499363842e-02	   3.6826534464240487e-02	   1.8442912314838261e-01	  -1.1283131429063895e-01	   6.3485440554696959e-02	   3.1764455473858244e-01	   5.1132710755256094e-01	  -4.8778021894271367e-01	  -1.9831070718625238e-01	  -2.1544354704816865e-01	  -1.1320991074593741e-01	  -6.6996179840518089e-02	  -1.1699876380242114e-01	   3.8289623348324371e-02	   1.4092306865198623e-01	  -4.5986725380599147e-01	  -3.0491034021547547e-01	  -2.4714985131799877e-01	  -3.6816988058772854e-01	  -4.2353589702107214e-01	  -3.6045365849338096e-01	   2.0343490963083552e-01	   8.5503402452638891e-02	   1.4084678346226298e-01	   2.1603575424571445e-01	   2.7362644346054693e-01	   2.1855083483581217e-01	   2.1150650675309229e-01	   3.7767402231405089e-01	   1.1846161793823830e-01	   1.9038648747866230e-01	   2.3678539365986065e-01	   1.2382421355383805e-01	  -1.7464169826658471e-03	  -1.5115946445029885e-01	   2.0240076971384072e-01	   1.1886297785114339e-01	   3.7347310146807738e-01	   3.1034038597656516e-01	   3.1854779626713658e-01	   5.7930872233223529e-01	   8.5665235547486063e-02	   2.4767812711380660e-01	  -6.7122502595754099e-02	   3.6726679506792820e-01	   3.5340245717070213e-03	   1.1494509299940156e-01	   2.9836316172000260e-01	   1.4935993518080692e-01	  -2.3416410399848525e-01	  -1.5097755052838496e-01	  -3.3426510509686330e-01	  -3.2424470185262128e-01	  -1.6238379880126189e-01	  -1.7403307046506999e-01	  -2.4892806452044069e-01	  -1.4647799715318360e-01	   8.9863048114774580e-02	   1.6312342094977072e-02	   7.0154521504352599e-03	   5.3528457399894216e-02	  -3.0057950049667248e-01	  -1.0939054593176675e-01	  -1.0812070393329938e-01	  -1.2121604349135723e-02	  -4.3795594940048965e-01	  -4.4991731740112401e-01	   5.4978200117495095e-02	   2.6270531236851014e-01	   5.5060000252370889e-01	   2.9622331070420305e-01	   3.7454741113314099e-01	   5.4171336434715181e-02	  -2.9443629907295593e-01	  -1.4537151923947658e-01	  -1.8169091432987108e-01	  -2.9710408443959592e-02	   2.9867204466850611e-01	   1.7957752118637149e-01	   3.7113254997496681e-01	   3.2796868190493556e-01	   3.3781631453225947e-01	   4.0013252781366787e-01	   1.0418901029499375e-01	   2.8127663480533811e-02	   4.8024208082130357e-02	   2.4816641616528268e-01	  -2.2351924340920010e-01	   3.3385458718080699e-02	   6.1300019147557056e-03	  -5.2285966706148664e-02	  -1.2825519179464392e-02	  -1.1097798383219204e-01	  -2.8455592969985444e-01	  -1.2016645310866689e-01	
   3.3659920961731543e-01	   2.8470898425798380e-01	   3.6578791216516589e-02	   4.9731875551004556e-02	   1.0623280914708756e-01	  -4.6827875273847623e-02	  -1.6461920703030281e-02	   1.1502143814818901e-01	   1.0854448032809405e-02	  -4.0396355965146263e-02	   0.0000000000000000e+00	   6.8119115634186966e-01	   5.7680646314895401e-01	   4.7152350287981826e-01	   2.0658868606374789e-01	   3.5906459658454620e-01	   7.5162771746481050e-01	   5.7463265797544216e-01	   5.6892857614215997e-01	   5.6606210742328433e-01	   2.2996710012959548e-01	   7.3791685607081478e-02	   1.6311819594528759e-01	   3.0690947167378788e-02	  -8.0532102541263587e-03	   2.0500050397298808e-01	  -6.4983067415315579e-02	  -1.0112868852619316e-05	   5.2913994812372889e-01	   5.4475695079667918e-01	   1.8489968733115647e-01	   6.3089373696838966e-02	   2.8156703384407944e-01	   3.3344885526037882e-01	   4.6915247799001476e-02	  -2.5027823991204276e-02	   1.8606892679643308e-01	   3.9544631108947188e-02	  -3.6887423843080164e-02	  -5.6956287997918104e-02	   7.2395434153533875e-02	   1.9986164394133096e-01	   2.4864983384517092e-01	   2.8644730582060901e-01	   2.7539723430166618e-01	   1.6492568595953930e-01	   2.3719629451378346e-01	   1.9878199379362430e-01	   1.3266221298415229e-01	   2.2245901653455545e-02	  -2.9435884907277426e-02	  -1.0257985291071739e-01	   1.7796609543803740e-02	  -1.2696040775112423e-02	   8.9299477993943777e-02	   3.9248553430750656e-02	   3.1172884447046095e-01	   2.0843326114118507e-01	   3.5557186489193426e-02	  -1.8534232090645138e-02	   1.7591970969073470e-01	   1.1910532587503525e-01	   9.5363641829883350e-01	   5.7484871475545196e-01	  -5.6635600315920291e-02	  -4.7988038654272189e-02	   1.0934953559315180e-01	   6.7892738518619614e-02	   1.2985851727886649e-01	   2.0011603015165214e-01	   1.6183244382104031e-01	  -2.9849781599592007e-02	   3.4956201454205438e-01	   2.7264291966426479e-01	   3.8050213439761460e-01	   2.0670731260850597e-01	   2.0127229522594187e-01	   2.6912700026834729e-01	   5.1903714385769861e-01	   4.0796437763076909e-01	   7.6839954586984127e-01	   7.2474792165123547e-01	   3.9191747338784921e-01	   4.4639521818275268e-01	   6.2076782044760248e-01	   2.5473627473252780e-01	   1.6792362231607610e-01	   1.9154208639142602e-02	   1.7496941654018289e-01	  -1.5549413422309941e-01	   5.4194760966653488e-02	  -5.1764889900364451e-03	   1.7647223625390107e-01	   1.3201761420844507e-01	   2.3004177398447329e-01	   1.3670839127591962e-02	   4.1227262195074710e-01	   1.9813740658808668e-01	   2.4680087805713380e-01	   3.4197438268516767e-01	   2.0605754696142659e-01	   1.3775147106623958e-01	   2.6586422159853706e-01	   1.8704760561442241e-01	   1.9237642780348602e-01	   2.9343465183414092e-02	   1.9175339401122962e-01	   1.1870145896081649e-01	   3.3856549891024790e-01	   2.4405333347643848e-01	   1.7783339874532586e-01	   3.4547216773284040e-01	   3.5057039371824178e-01	   2.8540338706492757e-01	   3.2383016108382728e-01	   2.8489466290227056e-01	
   4.9237804319824152e-01	   5.8953444169970415e-01	  -2.6145799548962839e-01	  -1.3460250271484345e-01	  -3.3715116496130841e-02	  -5.2754584519583675e-02	  -2.1131792210545501e-02	   2.9256423912479501e-01	  -5.1102665346536794e-03	   9.4915409023456923e-02	   6.8119115634186966e-01	   0.0000000000000000e+00	   3.7664039167965191e-01	   8.5192300071348059e-01	   8.5073275617990871e-02	   5.5698737968420553e-01	   6.7121934671175076e-01	   6.6336076962762058e-01	   5.0452539249317718e-01	   7.9479893897810971e-01	   3.6660413181411255e-01	   1.8813491413092145e-01	  -2.4525794426740502e-01	  -1.7685350871658001e-01	  -2.3023038598025330e-01	  -4.6299829618450181e-03	  -1.7333451735333014e-01	  -5.6877408248333539e-02	   4.8741583351744067e-01	   7.9043712005884226e-01	  -5.5754511397099187e-02	  -1.0611305111140355e-01	   2.1482443685993893e-01	   3.8750583843705738e-01	  -2.6110889911022878e-01	  -1.0149330760681896e-01	   6.6737458100870284e-02	  -1.1146857124851974e-02	  -1.3382990206971185e-01	  -8.3963998518780530e-02	   8.7648428579622156e-02	   1.9782310289580729e-01	   3.3596018813391015e-01	   4.7257634041783647e-01	   1.2253523338438450e-01	   2.0177101991132290e-01	   4.5587414311416735e-01	   4.7246625235385653e-01	   2.6488327966808944e-01	   5.4512018380822522e-02	   3.2410686813720779e-02	   1.0299380115610322e-02	   7.1902677343975874e-02	   9.1419789960079170e-02	   2.2907527172433312e-01	   2.7867303740775479e-01	   5.2384383366733944e-01	   3.3799663377458977e-01	   9.2791456093276867e-02	   3.1192050086782448e-02	   1.8952906376818404e-01	   2.2639517323430827e-01	   5.9239874991784247e-01	   8.3934012192821272e-01	  -3.7939137881026214e-01	  -1.3906468865184324e-01	  -4.3139517895930665e-02	   3.8543969095202420e-02	  -8.4092422096395877e-03	   1.3962782795455164e-01	   5.9341956281933041e-02	   3.1147908255163208e-02	   4.4982413635145502e-01	   5.2218811319826797e-01	   4.7015531757597101e-01	   5.4014919115948679e-01	   3.9502598652311971e-01	   6.1313324305779526e-01	   6.2871520725760366e-01	   6.7550074178587505e-01	   7.1604083746473690e-01	   6.7217698737822340e-01	   7.3495908979655536e-02	   4.1009899293584012e-01	   2.0776743467329642e-01	   1.4079202832277590e-01	   4.9810007445925111e-03	  -1.6670937888660228e-01	  -6.9691790418967239e-02	  -1.5350888352918907e-01	   2.0504005182214979e-01	  -1.0985541377059151e-01	   3.3666668574235953e-01	  -2.2914699981749431e-01	   6.6290888106357096e-02	  -8.2020515983749404e-02	   5.6010315616719331e-01	   2.9130711440345147e-01	   5.7530896808449827e-01	   4.8245253488428419e-01	   4.3759608517981419e-01	  -1.0560699065855486e-01	   4.3157608870256953e-01	   2.0512492391859252e-01	   2.2860649423019636e-01	   1.3788933379571030e-03	   4.3720379420266159e-02	   2.9513524834861399e-01	   2.0124874749103983e-01	   2.6350071056973551e-01	   2.5844313212785169e-01	   4.3664792058113361e-01	   5.2568140811649255e-01	   2.5165388633531566e-01	   1.3617228297942335e-01	   1.5226244345859719e-01	
   2.1768696122897344e-01	   1.4501233649317330e-01	   2.2467842513582820e-01	   2.1294599505766029e-01	   3.1236075011269498e-01	   1.5389723616202106e-01	   3.2838252050526046e-01	   3.9140689020688380e-01	   2.8980133748646936e-01	   1.3729802261980709e-01	   5.7680646314895401e-01	   3.7664039167965191e-01	   0.0000000000000000e+00	   5.3599237874209626e-01	   6.2499547579027115e-01	   3.6134473101019915e-01	   1.9160801118773055e-01	   7.5977946345253303e-02	   1.6462719813825297e-01	   3.8897516945347288e-01	   1.6368002948503108e-01	   1.3140227575747185e-01	   2.7757384801282814e-01	   2.0527283132887353e-01	   5.6602535575874975e-02	   1.9943216770979280e-01	   2.0129717044179474e-01	   4.3812578112196597e-02	  -1.1713519733679499e-02	   2.9776476070991629e-02	  -3.8361144925919965e-02	  -7.8387752022277143e-02	  -2.7639973001413781e-02	  -1.2017165040036012e-02	   1.6117843459120537e-01	   1.4572734957802849e-01	  -1.9351814325422087e-02	  -1.2205269164961498e-01	  -1.8196881500808307e-01	  -2.1431303487958067e-01	  -4.6088655555243576e-03	  -9.5282083551688906e-02	   2.2824132034891234e-01	   9.5247269843675167e-02	   2.5738627703816525e-01	   1.7861644329079385e-01	   1.3887925620544717e-01	   8.0448510969403836e-02	   1.1496706068889009e-01	   6.7055870756869237e-02	   5.3425795032230701e-03	  -2.0526522200968338e-02	   5.2141259286661010e-02	  -1.1309068676126935e-01	  -5.1458328010613001e-02	  -1.5356464766423736e-01	   7.8447231833859238e-02	   4.0379918820468236e-02	   2.2811096870518000e-01	   5.9251672212377322e-02	   2.0672349435684648e-01	   5.8705840958732373e-02	   4.0375937682557056e-01	   3.9284642942430098e-01	   3.2631071798033380e-02	   5.3942031990691169e-02	   2.6968785775350390e-01	   1.9451142275264832e-01	   2.4957305056824322e-01	   2.5794730266988580e-01	  -1.6695374041770211e-01	  -2.3028226917496158e-01	  -1.4963172547915127e-01	  -1.2259708561413696e-01	  -1.5342135473476010e-01	  -7.6552825367692631e-02	  -2.2533646439373153e-01	  -1.2931111067177650e-01	   1.0457673623843870e-01	   3.2369567083047668e-02	   3.6896407864078606e-01	   4.3766162872037873e-01	   2.0061583464477922e-01	   2.3771153337485618e-01	   3.8696962056817885e-01	   3.4603999633400045e-01	  -7.5826772782021393e-02	  -4.4104783322912802e-02	   1.3894224992207121e-01	   4.8121803692649359e-02	   3.5138685204249498e-01	   6.4177752225853313e-02	   3.6063103746103348e-01	   8.7181376299795360e-02	   3.7842048564626148e-02	  -1.1544761626681589e-01	   2.3360332843209075e-01	   2.4829524742281974e-02	   1.0451534744711068e-01	   3.5849770361803743e-02	   3.0312763546991739e-01	   9.8791662139569719e-02	   2.9432735607423671e-01	   1.7422318389394340e-01	   1.4833046777528744e-01	   4.1443454612970269e-02	  -2.0980087278232667e-03	   7.2736477718235285e-02	   1.9845997051822703e-02	   8.5790788889749364e-02	   7.9979648850686827e-02	  -4.3963892434010464e-02	  -2.3441467150102539e-02	   9.9449964200252136e-02	   1.5362964407190963e-01	   1.5807506832030049e-01	
