   0.0000000000000000e+00	   8.9171351135396459e-01	   7.1209504178525396e-01	   7.6824635295667376e-01	   5.3610526779479051e-01	   4.4401813547499946e-01	   7.7288923533059328e-01	   7.4247374790147902e-01	   4.3081355030145918e-01	   4.2760130971552807e-01	   1.1322728704586458e+00	   7.5952850425409091e-01	   7.4774888754165192e-01	   6.6199465810562619e-01	   6.1746531985994202e-01	   5.6857769236106603e-01	   6.0792588505918577e-01	   4.6653192822756218e-01	   1.2696163025714866e+00	   1.0359736935281192e+00	   2.0980655364949688e-01	   1.9383324984926975e-01	   6.8245038446407669e-01	   7.3025595739817939e-01	   4.2343972214466741e-01	   3.6088882194230149e-01	   5.3667751886821158e-01	   4.7806671910924037e-01	   3.4364156593802891e-01	   4.0832940881144042e-01	   4.9514677400178125e-01	   5.6429004394299354e-01	   1.0067353217677784e+00	   9.9165834425915855e-01	   7.7009240087694242e-01	   7.8888699332584467e-01	   4.9132562644553435e-01	   3.1282656988899465e-01	   5.7351971955990844e-01	   2.6870163408587777e-01	   8.3205656381938842e-01	   1.6469216594071498e-01	   5.4924609511429157e-01	   5.6129218099456146e-01	   7.3461894738762845e-01	   6.4843887736741179e-01	   5.1918826221794012e-01	   6.5523868002538721e-01	   5.0686610716746550e-01	   6.0432775881459144e-01	   5.3042622452394550e-01	   6.4804380083551505e-01	   3.5479196547125463e-01	   2.2883799864283313e-01	   5.0986733751437818e-01	   4.1941272507306715e-01	   8.8424923573572767e-01	   7.2590031887087125e-01	   5.9738580252161022e-01	   7.1084958660539188e-01	   7.3764502635485141e-01	   6.9047965482061158e-01	   6.6768192788279901e-01	   6.3498144378423127e-01	   5.4474045459793352e-01	   6.3574659588154703e-01	   7.4037599893347861e-01	   7.6710909905093561e-01	   7.5836778066227684e-01	   4.1149648913373332e-01	   3.1900558455111561e-01	   3.6515043399998276e-01	   4.1920847094113101e-01	   3.8072472924178685e-01	   5.3987518775512133e-01	   4.5220574320884915e-01	   5.7821892667170227e-01	   6.4660399434241711e-01	   3.9867685272499032e-01	   5.1418442075593940e-01	   4.5713091404287975e-01	   5.9341895432790115e-01	   1.0135642279822545e+00	   5.0771915785811317e-01	   6.9241856153848158e-01	   5.9121153881493937e-01	   6.9350061467991386e-01	   6.8013103040736733e-01	   7.5401688882479867e-01	   5.3685463077459961e-01	   6.1906339032025470e-01	   6.2051824992775928e-01	   3.6969195512237329e-01	   3.7912672242291467e-01	   1.4633770334808591e-01	   1.2925314589771703e-01	   6.5044230203548492e-01	   4.5089759431623733e-01	   8.1060307385766150e-01	   8.1162017176653589e-01	   2.5377842543456586e-01	   3.2750095869209417e-01	   3.1926086220510808e-01	   4.0189003428985254e-01	   2.1401020080065773e-02	  -2.0247976791830269e-01	   8.2610034624310880e-02	   3.9038099033307916e-01	   1.6090430357294058e-01	   3.8896061556058253e-01	   8.6799167420429679e-01	   6.7388492155895963e-01	   4.3810556934931849e-01	   4.0570246598959470e-01	   1.2103679737225555e-01	  -3.5039130950400399e-01	
   8.9171351135396459e-01	   0.0000000000000000e+00	   4.1659812769298948e-01	   4.3151045866436083e-01	   2.0204694773326315e-01	   1.7114154576282581e-01	   4.5873650648584530e-01	   5.3603830692809384e-01	   2.2958194626987369e-01	   2.1399658707514441e-01	   6.2371853799578847e-01	   7.2203966465513736e-01	   3.7194064648714370e-01	   6.4495825232229320e-01	   4.4002069783923248e-01	   2.6668484879933607e-01	   5.6196736277141623e-01	   5.1341812142067744e-01	   5.7491655450137169e-01	   7.6816315850739714e-01	   1.1795249961596262e-01	   1.5013383901926264e-01	   4.8078699999485697e-01	   4.7168180902891066e-01	   2.4438704486327115e-01	   1.5758949738015765e-01	   2.2199713375382402e-01	   1.8682216925871217e-01	   3.8521334510691380e-01	   3.4983359003328357e-01	   4.5266703127446234e-01	   4.7596267667509806e-01	   1.1541574728715387e+00	   1.2436300937841114e+00	   4.5314359103279683e-01	   4.5965849448553314e-01	   3.6794324862935956e-01	   2.0917351477484869e-01	   4.8765646623743880e-01	   2.1652899203950754e-01	   5.7975413768586015e-01	   1.8238351906868450e-01	   6.8773879995759013e-01	   6.6009787432817535e-01	   7.3066172060653223e-01	   8.1263103015283977e-01	   5.3758094516079935e-01	   4.5776266225662371e-01	   5.3208093299831649e-01	   6.3669679204499019e-01	   5.6513788821736366e-01	   5.9816029789066005e-01	   3.6696466234231323e-01	   1.7913729127906941e-01	   5.0962888291354669e-01	   2.6247245898107169e-01	   1.0108955724204101e+00	   1.3583978009378095e+00	   8.0668992417644991e-01	   7.4805467446820451e-01	   8.7116920746758308e-01	   1.0266813954840810e+00	   7.0403405917679929e-01	   9.9216896548641620e-01	   5.3670333549292404e-01	   8.7465246675503394e-01	   6.7335421225830616e-01	   7.5658557391315306e-01	   6.0743133677867622e-01	   4.2774089067315502e-01	   4.4599042654636378e-01	   3.0088335571620295e-01	   4.8520053345898728e-01	   4.0944837932182099e-01	   4.6803037987775964e-01	   3.5821298696717080e-01	   6.1845328344589678e-01	   6.0940688382486086e-01	   3.0118208075365349e-01	   3.7793266281066673e-01	   4.1917929857107833e-01	   4.9497460392974885e-01	   6.0740973423225353e-01	   3.2657148284293797e-01	   4.4906382722713073e-01	   3.7692599745999983e-01	   4.3262399638541649e-01	   3.5136766355195842e-01	   4.5234154796745274e-01	   2.5725169582610574e-01	   3.3759278254186398e-01	   1.9168060253624739e-01	   1.3620010082336573e-01	   4.5655281401620680e-02	   1.5508274488651375e-01	   2.8439643418234694e-02	   5.3645635812468073e-01	   2.4916017726704665e-01	   6.0673686552573869e-01	   4.1668717706529979e-01	   6.7572298738521011e-02	   4.7867515625594971e-02	   7.4373248772919315e-02	   4.7679343136909823e-02	  -2.1386414888803640e-01	  -4.1765203312771298e-01	  -1.2639502584011719e-01	   2.4546999026246810e-01	   2.1081327150643403e-01	   3.2633954942198951e-01	   4.9480285914036237e-01	   4.0479947953379203e-01	   2.4585791423976755e-01	   1.4838850010680385e-01	  -6.9411930178393866e-02	  -3.5106666217837146e-01	
   7.1209504178525396e-01	   4.1659812769298948e-01	   0.0000000000000000e+00	   1.7069811090650546e+00	   9.8823392138515054e-01	   9.2789155745435181e-01	   1.8103185237628918e+00	   1.2219637327382828e+00	   8.4846856720976294e-01	   7.1730510050789997e-01	   8.5405865739653641e-01	   4.2616817442975619e-01	   9.7807236523153107e-01	   5.9311131800962191e-01	   4.8363042156243963e-01	   4.8927226907145999e-01	   1.1725368202058256e-01	   2.4434570483443718e-02	   8.5516797877246054e-01	   7.6387668191093261e-01	   2.3799033184657986e-01	   1.5151191946608034e-01	   1.4364135834227336e+00	   1.3093021248207606e+00	   8.6006071914287352e-01	   7.5721983086133504e-01	   9.9527816046981810e-01	   9.1412586034018850e-01	  -6.0405818661961506e-02	  -2.0622062028000245e-02	   4.4593134454474453e-01	   5.1963330937100416e-01	   5.3375948422830610e-01	   5.5355460065100148e-01	   6.1863591856155753e-01	   6.5002480706543975e-01	   2.5065984721203605e-01	   7.1727759793590681e-02	   4.0599955026470463e-01	  -1.9278323379700840e-02	   4.9423859697730033e-01	  -2.3402157142982000e-01	   4.2179501651500911e-01	   3.9453399811667805e-01	   6.3545198647152867e-01	   4.9733804265561288e-01	   4.4326353874562047e-01	   6.0350991250844621e-01	   5.9404673594317436e-01	   6.4215046769056727e-01	   6.2961261632844201e-01	   7.2913589351988939e-01	   4.7816651422736489e-01	   4.2872516749788753e-01	   4.0306710290793407e-01	   2.3503828923224712e-01	   3.9961495681861070e-01	   4.0756567015589751e-01	   3.3543509252544773e-01	   5.8645510525316924e-01	   4.0536958851341376e-01	   3.7907866771799420e-01	   2.5296773383254018e-01	   2.7614807724429347e-01	   5.5909480399004985e-01	   4.9441123470402470e-01	   7.5119548637759881e-01	   7.1898485693049885e-01	   6.0470877833020720e-01	   4.8870588807474347e-01	   2.0585696260092851e-01	   1.9718943370386230e-01	   2.5189322655184816e-02	   1.7106906529372846e-02	   5.9260752817253577e-02	   3.0521414381554056e-03	   1.1636922175309755e-01	   1.2642311260119682e-01	   8.7038542650183778e-02	  -1.7630589264007256e-02	   6.7057355262369667e-02	   1.1458480817010433e-01	   6.7654521453539396e-01	   7.4678010489764024e-02	   5.6158605592224053e-01	   4.1691953088968103e-01	   6.9855234147662348e-01	   5.0128547908562826e-01	   7.2165268516551317e-01	   4.6842966123420149e-01	   8.0346548765439296e-01	   7.2371740552583996e-01	   5.0023109451784220e-01	   4.9533437556020748e-01	   2.9056734559066662e-02	   2.0818936411966413e-01	   4.3918872095651812e-01	   1.4566427118461928e-01	   7.4805730839143003e-01	   6.6218563423215415e-01	   3.6283544023223535e-01	   3.9351333164861296e-01	   5.6358621621913185e-01	   3.4224787333801254e-01	   3.6998861016511808e-01	   2.2830851684923140e-01	   4.1032102919163094e-01	   3.8864651031493302e-01	   1.3708881375955775e-01	   2.5321221580492681e-01	   5.3596391230420304e-01	   5.9685301530117019e-01	   3.8112927335311542e-01	   3.7860354698156862e-01	   1.3213478027516504e-01	  -1.0885612990155477e-01	
   7.6824635295667376e-01	   4.3151045866436083e-01	   1.7069811090650546e+00	   0.0000000000000000e+00	   9.0430902038923189e-01	   9.3405504175937892e-01	   1.5722098098656538e+00	   1.6857907239051169e+00	   7.9173897942021165e-01	   8.1144557552397756e-01	   7.6195650379262958e-01	   4.6928761577996608e-01	   8.8120497881432536e-01	   6.4506009247646823e-01	   4.7949909766323734e-01	   5.2869192966808598e-01	   8.3327447701658411e-02	   1.5074258761223407e-02	   9.2403885159654320e-01	   8.8685109973999365e-01	   1.8262765979328344e-01	   1.6729814577248503e-01	   1.1895467128627570e+00	   1.2120471926580541e+00	   8.2648457131332631e-01	   8.1322298010527982e-01	   8.4332103620780796e-01	   8.2050134226074201e-01	  -8.0849161945916515e-02	  -1.3654431679330536e-02	   4.7987954715101167e-01	   5.6982128571916124e-01	   5.8715245420936657e-01	   6.0935103956915926e-01	   6.1759628262215260e-01	   7.3095046720385681e-01	   2.5825928641843604e-01	   5.4362261911016875e-02	   3.9151829050483289e-01	   2.8892123708062632e-03	   5.1698162165228090e-01	  -2.1578503508562619e-01	   3.4579531760048493e-01	   3.1329723809004506e-01	   5.4418743426463090e-01	   4.5047609644902387e-01	   3.6669731879369377e-01	   5.2438775000464932e-01	   5.1221767182347167e-01	   5.6775714485969941e-01	   5.6433154852820622e-01	   6.6378956777495635e-01	   4.1175346820291714e-01	   3.0263251114170653e-01	   3.6227031955929845e-01	   1.9519791755367055e-01	   3.4753911221564482e-01	   3.5559846867429817e-01	   3.3841317435061935e-01	   6.4339973610188428e-01	   3.4565140367032571e-01	   4.5319014884348097e-01	   1.9951123455325534e-01	   2.7160017291106980e-01	   4.9636130269708401e-01	   5.2450641454595404e-01	   7.6078392669333039e-01	   7.9321272268915155e-01	   7.5123253768605258e-01	   5.7643474253190030e-01	   1.9584997472927179e-01	   3.9364485593523380e-01	   5.0207607354461690e-02	   6.4591561694304370e-02	   1.0587135594143435e-01	   7.1624587417699295e-02	   1.2785062711468542e-01	   1.9566770192145047e-01	   2.0407285785817315e-02	  -2.2051781961099592e-02	   5.1764764304154533e-02	   1.0018457818705163e-01	   7.2629427850633432e-01	   1.0469182230732185e-01	   4.8216230459753662e-01	   4.1213756519178135e-01	   6.0296537028843866e-01	   4.3786718293412452e-01	   7.2634621040927805e-01	   4.7096028403128221e-01	   9.3902738566512556e-01	   7.4738944712777111e-01	   5.3311195464773253e-01	   4.4482528445725744e-01	   1.9862332990794603e-04	   3.1450027125586311e-01	   3.9547122470532536e-01	   1.5345779186586286e-01	   7.6743133484354775e-01	   6.4156953190315125e-01	   3.9181874015442753e-01	   3.6957222647300098e-01	   6.2872414550146261e-01	   3.5607822921816473e-01	   3.6780187893146804e-01	   1.7438567150381279e-01	   4.9955638783689449e-01	   4.3243595293835085e-01	   1.2302411995933257e-01	   1.9789875920884795e-01	   5.4119650848133261e-01	   5.8453315186973454e-01	   3.5662890377486689e-01	   3.6039469226454302e-01	   6.5203573149243507e-02	  -1.7904556883160111e-01	
   5.3610526779479051e-01	   2.0204694773326315e-01	   9.8823392138515054e-01	   9.0430902038923189e-01	   0.0000000000000000e+00	   1.7671152030428778e+00	   1.0307023086968656e+00	   8.1009004475139179e-01	   1.4167359151222350e+00	   1.2748158535738456e+00	   5.5674094921376771e-01	   3.1087937850781233e-01	   8.3096612212757381e-01	   4.2943888234951649e-01	   6.4914645951451122e-01	   7.0715237881232651e-01	   3.3776649314161689e-02	  -5.0679113822108525e-02	   5.6421799563653341e-01	   4.1119787687217590e-01	   5.9280687175864755e-01	   5.0569812503912803e-01	   8.2457673886524629e-01	   7.6492903630797626e-01	   1.3809652164426214e+00	   1.3734039796949005e+00	   1.4897896261319505e+00	   1.5654198507206216e+00	  -1.9197795353672734e-02	   5.6625238600380032e-02	   3.6577606005096142e-01	   3.9664995959954463e-01	   3.3820481701796806e-01	   3.2095370843877807e-01	   5.7086403159576871e-01	   5.5114772245077015e-01	   4.9804278558229353e-01	   2.7225571562244316e-01	   6.0573516644996472e-01	   2.2347848809677773e-01	   6.4357027418797563e-01	   4.4780602480781653e-02	   2.5730672591781623e-01	   2.4655457243510118e-01	   3.5609041538080144e-01	   2.5764811128932985e-01	   3.5503756066493736e-01	   4.7109370924662830e-01	   3.4034455768206284e-01	   3.4188022434076704e-01	   4.3890585807273075e-01	   5.0163795352336626e-01	   3.6487126182776475e-01	   2.3753495918666639e-01	   5.2329982735531211e-01	   3.4787147726729484e-01	   3.3298166944481999e-01	   1.8966833583703224e-01	   1.2417727432718963e-01	   2.6660362767825480e-01	   3.0753931982762939e-01	   2.3789843076697736e-01	   1.5828195805056247e-01	   1.2834079448464114e-01	   4.3767255231132346e-01	   3.5851832550023388e-01	   5.4828062535001498e-01	   5.3628849610133400e-01	   5.0464907968008155e-01	   3.4585611156546275e-01	   1.5118154372071704e-01	   2.8884660595342510e-01	   1.2316397210255689e-01	   8.5583721113805508e-02	   2.1668583153339385e-01	   1.0165929690929547e-01	   9.0773380242550328e-02	   9.0239098940302465e-02	   4.5797945478283204e-02	   7.3704596693531044e-03	   1.0652902418281576e-01	   9.5649274339780349e-02	   5.7061454218355634e-01	   2.5179009536558095e-01	   4.0731792829333069e-01	   3.0093125508887192e-01	   6.8297456797909917e-01	   6.6303869567569851e-01	   7.2399404687024871e-01	   4.9942798696342011e-01	   6.5577631548233950e-01	   6.2184191685664902e-01	   3.3951812919979729e-01	   4.1130572710501229e-01	   5.4979874755178341e-02	   2.6538209239982635e-01	   4.5545100911954040e-01	   1.9834599561042757e-01	   6.6217929093015282e-01	   5.5357607710777446e-01	   3.0120686413300546e-01	   2.6149890694423211e-01	   5.8028761700746356e-01	   2.8801136932409643e-01	   4.0168900917878569e-01	   2.8967787855124721e-01	   3.7692721857067646e-01	   4.5102598062038485e-01	   1.6267989141090913e-01	   1.0577035423968460e-01	   4.6365460023036803e-01	   4.6210850985752239e-01	   2.5001306949990726e-01	   3.3827227300851270e-01	   1.6804146678697701e-01	  -1.5569725887205568e-01	
   4.4401813547499946e-01	   1.7114154576282581e-01	   9.2789155745435181e-01	   9.3405504175937892e-01	   1.7671152030428778e+00	   0.0000000000000000e+00	   9.2461845443654500e-01	   8.6278853932381150e-01	   1.3380839723788571e+00	   1.4813285062220463e+00	   4.5077561296410318e-01	   2.4445573866243503e-01	   6.2012244773307057e-01	   4.0772625995389711e-01	   5.1065889349617488e-01	   6.2933555101277472e-01	  -2.2316370670880922e-02	  -1.0448564214820752e-01	   5.3411864328755354e-01	   4.2335934829930588e-01	   5.2545349236388994e-01	   5.1544883488401250e-01	   7.1911178093797556e-01	   6.5390638140731394e-01	   1.3318929728663040e+00	   1.5782244041909055e+00	   1.2852292694652854e+00	   1.5104021189315717e+00	  -1.0796520279421432e-01	  -1.2278450203828122e-03	   3.2382299928417713e-01	   3.5625832620225145e-01	   3.2614544024789560e-01	   3.1538157634511937e-01	   5.2631962551047951e-01	   5.7915751778253921e-01	   5.0312231865624157e-01	   2.5257218014813143e-01	   5.7947029464317201e-01	   1.8248431403717855e-01	   6.1980535230542289e-01	   2.0379025769912230e-02	   2.0675506492169782e-01	   1.8952620535012576e-01	   3.0164413643440618e-01	   2.3496542399289613e-01	   3.0072749254477160e-01	   4.1995297192069608e-01	   3.1274508037751569e-01	   3.0730377295541517e-01	   4.0267999062947213e-01	   4.9985766318964742e-01	   3.2809440270382428e-01	   1.4477677034435452e-01	   4.5068187306679414e-01	   2.6444672758863330e-01	   3.2296806798187150e-01	   1.8600641155945544e-01	   1.6041223437071145e-01	   3.1461913792306484e-01	   2.4435300063648785e-01	   2.6439793241340415e-01	   4.4965164228907416e-02	   9.3166978920269733e-02	   4.0083906116446838e-01	   3.9702474235268237e-01	   5.6783240509575816e-01	   5.9918975848907396e-01	   5.9183249035770402e-01	   4.7668796067269492e-01	   1.6419804018271614e-01	   3.8768892319048570e-01	   1.1365326852663717e-01	   6.3231049771409364e-02	   1.6687333861516779e-01	   8.3281277951933713e-02	   9.6250646619256544e-02	   1.0355785119611466e-01	   2.1949019501916363e-02	  -4.2788438760230016e-02	   6.5215289171845187e-02	   2.4510031493316535e-02	   5.2203738144691525e-01	   1.9274378854456972e-01	   3.6032314241157670e-01	   2.7015891406248932e-01	   5.6065779572525098e-01	   5.4595403846352408e-01	   7.1789068045699833e-01	   4.8584373704710027e-01	   7.4820798850341153e-01	   6.3584915126685460e-01	   3.5870989450796287e-01	   3.9075538191089138e-01	  -3.8957038717232093e-02	   3.8027677894883066e-01	   3.9741707770978663e-01	   1.8384645314663872e-01	   6.5012484066811105e-01	   5.2749947170547185e-01	   2.8546511029525584e-01	   3.0168176246783029e-01	   6.0616945131367217e-01	   3.3161840279908861e-01	   3.7723850492225397e-01	   2.8463761774580482e-01	   4.2100614316612844e-01	   4.3555544518282840e-01	   1.0488892839212004e-01	   2.7858736232359460e-02	   4.3807482507465284e-01	   4.2729579348143160e-01	   2.4306380414258313e-01	   3.7534857747708994e-01	   1.0585303313846947e-01	  -1.6641440529046764e-01	
   7.7288923533059328e-01	   4.5873650648584530e-01	   1.8103185237628918e+00	   1.5722098098656538e+00	   1.0307023086968656e+00	   9.2461845443654500e-01	   0.0000000000000000e+00	   1.3814745347727821e+00	   9.4851013564098763e-01	   8.1200321918079388e-01	   8.1467517593352090e-01	   4.5114627430963511e-01	   1.1273803710176742e+00	   6.1183800566242241e-01	   5.2151515286913408e-01	   5.0739298824451251e-01	   1.0482239036313851e-01	   2.5592527093869204e-02	   8.2754021950574330e-01	   7.8834747347025058e-01	   2.0490261408186769e-01	   1.2249314653066401e-01	   1.2680040510271151e+00	   1.1345732847141685e+00	   7.9982922187915917e-01	   7.3438214425428638e-01	   9.2635627648648011e-01	   8.8383397083862980e-01	  -3.3903527546002218e-02	   1.3365803158798274e-02	   4.1588763571592091e-01	   4.7956908677577770e-01	   6.3505863513554284e-01	   6.3143458897565230e-01	   7.5415690167454019e-01	   7.3789567235498721e-01	   3.1275175821585360e-01	   1.0544905783207299e-01	   4.3895209914732369e-01	   3.7359303160002723e-02	   5.4702682306807970e-01	  -2.0595321848443698e-01	   4.1677000827462141e-01	   3.8247484716639790e-01	   6.1551407885407905e-01	   4.9279492447420548e-01	   4.3172815221076444e-01	   6.1024307821170021e-01	   5.8710734380813856e-01	   6.2217764720819513e-01	   6.7694825902435751e-01	   7.3376173800275835e-01	   4.7376469318399184e-01	   4.0184035572759669e-01	   4.5526396954714105e-01	   2.6778203130781020e-01	   4.3701197354882870e-01	   4.7501516314207448e-01	   4.2653433090519960e-01	   6.8808317925534024e-01	   5.3941870444730733e-01	   4.9470628922160997e-01	   3.4023964799690004e-01	   3.4397903643882694e-01	   7.0856085361622734e-01	   6.0217019512915881e-01	   8.9627129156038510e-01	   8.6254935363052387e-01	   7.0262387435255003e-01	   5.6208027583594433e-01	   2.2267636596436594e-01	   2.1677342404537098e-01	   3.8309974243790956e-02	   3.5862011795485461e-02	   9.6889230541911328e-02	   3.2610808239129936e-02	   1.9122818152593271e-01	   1.9419422808112768e-01	   7.7255227540562896e-02	   2.9304626972998432e-02	   1.0871690162352424e-01	   1.6835111714901399e-01	   7.2274709896158895e-01	   1.2272959828010294e-01	   5.6790109394954391e-01	   4.5892473358337260e-01	   6.3136611330741588e-01	   4.5927669327943715e-01	   8.2188812149816615e-01	   5.0625445478748876e-01	   9.1814847469175698e-01	   7.8867615437165306e-01	   5.7049565051602535e-01	   5.7170226390389378e-01	   7.0060508781384354e-02	   3.0737692722189086e-01	   5.0104190156791695e-01	   2.1907687745979981e-01	   8.4995220880975608e-01	   7.2634932353120396e-01	   4.5201341710375376e-01	   4.6594334323171549e-01	   6.7403634275614577e-01	   4.0086993937259746e-01	   4.2368896744993428e-01	   2.2783580075809287e-01	   4.2404782625321114e-01	   4.9095704005386975e-01	   2.1477443467377116e-01	   3.0803543174051712e-01	   6.1622716831182822e-01	   6.4413305366823070e-01	   4.3406717290195274e-01	   4.5620839086579690e-01	   1.4884181736853114e-01	  -1.4456815904249115e-01	
   7.4247374790147902e-01	   5.3603830692809384e-01	   1.2219637327382828e+00	   1.6857907239051169e+00	   8.1009004475139179e-01	   8.6278853932381150e-01	   1.3814745347727821e+00	   0.0000000000000000e+00	   7.3399595917015448e-01	   8.7101030248981703e-01	   6.0970578339553516e-01	   6.2827676681526656e-01	   7.7169717226071366e-01	   8.0583542258410457e-01	   4.8469109203002875e-01	   6.0435197103331861e-01	   8.5570884058441002e-02	   7.8615264356712455e-02	   7.7342594796954212e-01	   9.0603858139418170e-01	   1.4798212954542367e-01	   2.1387613469896752e-01	   9.2814861966968332e-01	   9.8736864066168795e-01	   7.2610761731933837e-01	   7.7708211992292187e-01	   6.7351643813059670e-01	   7.0598026827970672e-01	   4.6389395051414511e-03	   8.5310505401586800e-02	   5.1667006528145354e-01	   6.0964320320653353e-01	   7.2804280752086870e-01	   7.6366120768193868e-01	   6.4302326611713578e-01	   7.6509740062109144e-01	   2.9405578434126584e-01	   1.0196839277541529e-01	   4.1605093374437430e-01	   8.4355808534215079e-02	   5.2501682603477007e-01	  -1.2845794800787999e-01	   3.2832185461270247e-01	   3.0096786054251068e-01	   5.0220709365114435e-01	   4.5022365097312056e-01	   3.3581992415351181e-01	   4.7034744676925133e-01	   4.8691931307454828e-01	   5.4214740492478608e-01	   5.5524278006650518e-01	   6.5432821126600327e-01	   3.9235611195166020e-01	   2.6827424728053173e-01	   4.1830886574486020e-01	   2.3130535078529590e-01	   3.8379077330546213e-01	   3.9885796058974393e-01	   4.0173303567975743e-01	   7.1052892657744726e-01	   4.4392938301203511e-01	   6.0390287834029954e-01	   2.7492570002268302e-01	   4.0349081922184266e-01	   5.4968920604574878e-01	   6.3830981781694851e-01	   8.3236332718284323e-01	   9.1996770302246245e-01	   7.9953787732203740e-01	   6.4492947685696744e-01	   1.7175278221834131e-01	   4.8959011594394464e-01	   1.3540405895075669e-01	   1.7001064938639976e-01	   1.6029269593407192e-01	   1.7117669069878863e-01	   2.2376662191322153e-01	   3.1926017416767660e-01	   5.6503105337241842e-03	   9.8091853795356336e-03	   8.2493775626559213e-02	   1.7729146385268288e-01	   6.4507585449750748e-01	   1.5755716657805377e-01	   3.7214967182699438e-01	   4.1026152840261737e-01	   4.4278347267657558e-01	   3.4518101272413759e-01	   7.2570434734529710e-01	   4.1276055676932050e-01	   9.2560915175881397e-01	   6.7391485226507009e-01	   4.7753120880862387e-01	   3.6324498434499769e-01	   2.8360813774909545e-02	   3.5730616832427703e-01	   3.9237325420451208e-01	   1.8967261382892572e-01	   7.6717644125881213e-01	   6.2236324636408225e-01	   3.5694891133885331e-01	   3.3342486042015784e-01	   5.7665941020577205e-01	   3.2341197570201996e-01	   3.0843654918869345e-01	   1.1511447392965669e-01	   4.4501100770519070e-01	   3.9391228543003864e-01	   1.4097427694363707e-01	   1.7042235476464052e-01	   5.3546730796288966e-01	   5.3014246737434711e-01	   3.0723580476038986e-01	   3.3105291357119626e-01	   1.1394668849708085e-02	  -2.2492651454432416e-01	
   4.3081355030145918e-01	   2.2958194626987369e-01	   8.4846856720976294e-01	   7.9173897942021165e-01	   1.4167359151222350e+00	   1.3380839723788571e+00	   9.4851013564098763e-01	   7.3399595917015448e-01	   0.0000000000000000e+00	   1.3390160200255710e+00	   5.0335343650175268e-01	   2.4359399986390290e-01	   7.2308674914959470e-01	   3.6540445615210709e-01	   5.5721683176700620e-01	   4.8821364920587279e-01	   1.0010418741068713e-01	  -3.5135861962102194e-02	   5.0658343402371453e-01	   4.0722375402913275e-01	   4.4711028433748590e-01	   4.0534112655064003e-01	   7.6956690770824021e-01	   6.4373793409572511e-01	   1.0839366160595163e+00	   1.0920789110633646e+00	   1.1801270772859496e+00	   1.1925395306943143e+00	  -2.6484335055648518e-02	   3.2796971451612263e-02	   3.7829244111614818e-01	   3.8777070292426880e-01	   4.1708215062924203e-01	   3.9034665359887255e-01	   6.2579066207864475e-01	   5.7630345501116387e-01	   4.5964428154510240e-01	   2.6334835740554169e-01	   5.6577696122987553e-01	   1.8292259520678958e-01	   5.2395524079259681e-01	  -7.4575385158814039e-02	   3.6545374729204638e-01	   3.2330135247215508e-01	   4.1441062909981546e-01	   3.3392493200473855e-01	   4.2580337436008053e-01	   5.3651261665329186e-01	   3.4901627470209534e-01	   3.6919039603656584e-01	   5.0970625878051878e-01	   5.0816429532062879e-01	   4.2697220155731719e-01	   2.9523337226954494e-01	   5.3070419439817540e-01	   3.4179050298178898e-01	   3.7781455050619145e-01	   2.3297692104312406e-01	   1.6183529441552860e-01	   3.1128741804567461e-01	   2.7729750367180100e-01	   2.9501681657134171e-01	   1.5954900550908657e-01	   1.6560122280085099e-01	   4.2654948677579568e-01	   4.1394671691739798e-01	   5.7589502848493945e-01	   5.9596139694450179e-01	   5.6604871936551659e-01	   3.8448897348316163e-01	   1.5821995067558597e-01	   3.1810440780683047e-01	   1.2114095769353229e-01	   7.6556840337880239e-02	   1.9581025700372731e-01	   5.4818181326586814e-02	   1.8601835890551394e-01	   1.5069071413201970e-01	   1.2368801222103877e-01	   6.9188843501327701e-02	   1.6718358057370467e-01	   1.0166307818868568e-01	   5.9211375481402373e-01	   1.6249115631274147e-01	   4.0744680157449253e-01	   3.3246981280510068e-01	   5.4964759750584724e-01	   4.3461939568177960e-01	   6.6179516190654508e-01	   5.0906312850824798e-01	   6.1074924749299297e-01	   5.6864360707346173e-01	   3.4689803554128790e-01	   3.8801950917679134e-01	   4.6039861298655151e-02	   4.0828329500673050e-01	   5.0111967764394039e-01	   2.4940319436041178e-01	   6.8253576641585223e-01	   5.7949033624860946e-01	   3.2081715260135324e-01	   2.7982356662728231e-01	   5.7448721695859606e-01	   2.4785872811183543e-01	   2.9335313209596442e-01	   1.8777498439560619e-01	   2.7538525952109622e-01	   4.1213700713955820e-01	   2.3904551386471939e-01	   2.2316859770742142e-01	   4.8747026859077025e-01	   5.1260573619319172e-01	   3.2858940773238060e-01	   3.8043136103725800e-01	   1.0525892609879459e-01	  -1.9969039063679561e-01	
   4.2760130971552807e-01	   2.1399658707514441e-01	   7.1730510050789997e-01	   8.1144557552397756e-01	   1.2748158535738456e+00	   1.4813285062220463e+00	   8.1200321918079388e-01	   8.7101030248981703e-01	   1.3390160200255710e+00	   0.0000000000000000e+00	   3.7786894354303963e-01	   3.5433665284265514e-01	   6.2185987191902869e-01	   5.3500753357211428e-01	   6.5316277913083298e-01	   7.9418952471899640e-01	   6.1798532382202294e-02	   1.9381190439564062e-02	   4.6308883512778043e-01	   4.1340422708980551e-01	   4.7523116550889666e-01	   6.1583021561473106e-01	   5.8732166902697447e-01	   5.5283282372756837e-01	   1.1309279259181024e+00	   1.3113985722339676e+00	   8.5403267070438593e-01	   1.0278579023562171e+00	   4.1056574213001885e-02	   1.6317366685193910e-01	   4.1245326006026822e-01	   4.5014763718024686e-01	   3.6268457627897410e-01	   3.4683021070864772e-01	   4.8110851888709971e-01	   5.5737266149089404e-01	   5.1029992025437720e-01	   3.3002288560906773e-01	   5.1004743969812216e-01	   3.2716092230882210e-01	   5.3719261328642154e-01	   1.2389655632773272e-01	   2.1400282770025492e-01	   2.0077395285208671e-01	   2.6369432809320598e-01	   2.2787060175336368e-01	   2.7267944082924678e-01	   3.6776867261063434e-01	   2.1585813271408702e-01	   2.7594251555071092e-01	   3.5292815228984520e-01	   4.4193055033393053e-01	   2.9334701849290656e-01	   1.4218384250597527e-01	   4.6926294131048712e-01	   3.6540441711037014e-01	   3.3116954496280576e-01	   1.6171138786001754e-01	   1.1286902812227793e-01	   3.1228258585601687e-01	   1.8810087223341251e-01	   2.7395317425534216e-01	   3.4972329696175988e-02	   9.2181393540960582e-02	   3.3706099937557821e-01	   3.6816748241065689e-01	   4.9793041358945012e-01	   5.7444652104746396e-01	   5.9828847901998783e-01	   4.6713746565073333e-01	   1.5510532999174478e-01	   5.8600840406681531e-01	   2.6435977630380131e-01	   2.5384918542596258e-01	   3.2906200860358981e-01	   2.8240619228834202e-01	   2.0381615116275287e-01	   1.9727324932129686e-01	   9.1207084830568441e-02	   7.5546998719913619e-02	   1.5336107399519808e-01	   1.2065650321411361e-01	   5.4729017243092926e-01	   3.3619117616246791e-01	   2.4003079945106154e-01	   2.6968152316919930e-01	   3.4125906494743546e-01	   4.2879818361677857e-01	   7.0778412101473565e-01	   5.4229908595429943e-01	   6.3511791062075229e-01	   5.5617957036538468e-01	   2.3169034632253471e-01	   2.7734699373927785e-01	  -2.4806107043230854e-02	   4.5413623528029035e-01	   3.9416650829783445e-01	   2.2570069763602996e-01	   6.0440795145727999e-01	   5.2456857033796678e-01	   1.6736204108594530e-01	   1.8024477377005566e-01	   4.6780240348734808e-01	   2.1702256713721166e-01	   2.6434982937156287e-01	   1.6185976781202735e-01	   3.0268264584777582e-01	   4.0476150846440262e-01	   1.1761949030123950e-01	   5.4464466522754378e-02	   4.1782203240036730e-01	   3.9588878258956250e-01	   2.1034606451689208e-01	   3.0436708584009536e-01	   4.7374604006066315e-02	  -2.1467907922345225e-01	
   1.1322728704586458e+00	   6.2371853799578847e-01	   8.5405865739653641e-01	   7.6195650379262958e-01	   5.5674094921376771e-01	   4.5077561296410318e-01	   8.1467517593352090e-01	   6.0970578339553516e-01	   5.0335343650175268e-01	   3.7786894354303963e-01	   0.0000000000000000e+00	   5.6507119334561462e-01	   9.4161007261684182e-01	   5.2468737101243645e-01	   7.0469109695785648e-01	   5.1324512626238583e-01	   6.5615493477378162e-01	   3.9741308150723387e-01	   1.1488842126927992e+00	   7.9286678055435322e-01	   2.5724351833545211e-01	   1.4512554393406482e-01	   9.3083529367536055e-01	   9.0793159065584539e-01	   4.2844190738541199e-01	   3.3798924822700044e-01	   6.3437851293407410e-01	   5.3121776294316980e-01	   3.0647080221712975e-01	   2.7510430004898551e-01	   5.1548006171709693e-01	   5.9169082328563904e-01	   7.4500122939766655e-01	   7.3878865812429406e-01	   7.9821783875246455e-01	   7.2046977693696945e-01	   3.8178352849284874e-01	   2.0662363180368179e-01	   5.6449287456764485e-01	   1.3095192927547464e-01	   6.0591997696983257e-01	  -1.6383295742708245e-02	   5.8242875859045995e-01	   5.1656823348780390e-01	   7.0579887134753660e-01	   5.5306190197171157e-01	   5.5633757276760987e-01	   6.6433483891322409e-01	   4.8384291261451706e-01	   5.6384857977576530e-01	   4.9222544705483634e-01	   5.0119246251123528e-01	   3.9194474704875937e-01	   3.4536161783400721e-01	   4.7091929761481827e-01	   3.7795032940559420e-01	   6.8856743874547333e-01	   5.2933558368526790e-01	   3.6852549292167458e-01	   4.5608023976225859e-01	   5.3293860664760184e-01	   5.0196696049257872e-01	   6.3935046702371723e-01	   4.9200482614876384e-01	   5.1020546009031431e-01	   5.0673500285898943e-01	   5.8499540194403477e-01	   5.4653384068924238e-01	   4.7614097457009152e-01	   2.1810235303373510e-01	   3.5395131175363737e-01	   1.7685742364354459e-01	   3.5220764899819434e-01	   2.8981725776514811e-01	   4.7328294399581183e-01	   3.5386067122482057e-01	   4.9132332032127479e-01	   4.4562227442429947e-01	   3.8860576702131544e-01	   4.0952048215180625e-01	   4.0006078930867145e-01	   5.1348341266268616e-01	   1.0753444077952661e+00	   3.6150942468485137e-01	   1.0468157413342449e+00	   6.1739738599636163e-01	   9.2918018100981170e-01	   8.8632263421810387e-01	   7.4054782964339272e-01	   5.3007836663065155e-01	   4.0625390957156066e-01	   5.3910401493083115e-01	   2.7247560604751114e-01	   3.6949232954058264e-01	   9.9210813858120639e-02	   1.0366331740010173e-01	   5.1365753419867988e-01	   3.0940713614175813e-01	   6.0970656574685589e-01	   6.9900696426562892e-01	   2.2001037493567624e-01	   2.3877986292192971e-01	   2.7143428521312607e-01	   2.9123986638622484e-01	  -2.1271885280716853e-02	  -1.4911142537377156e-01	  -1.5717263731610927e-02	   2.0886412875610375e-01	   1.4255123282358570e-01	   4.8588387445644321e-01	   6.8731062798611120e-01	   6.3945596461176357e-01	   3.6363668815170141e-01	   3.5834608579257099e-01	   1.2204446548226010e-01	  -3.8857310813672574e-01	
   7.5952850425409091e-01	   7.2203966465513736e-01	   4.2616817442975619e-01	   4.6928761577996608e-01	   3.1087937850781233e-01	   2.4445573866243503e-01	   4.5114627430963511e-01	   6.2827676681526656e-01	   2.4359399986390290e-01	   3.5433665284265514e-01	   5.6507119334561462e-01	   0.0000000000000000e+00	   6.5668715938163291e-01	   1.5489634716061698e+00	   6.5164093667328160e-01	   9.3454929974614742e-01	   5.4884727787769483e-01	   7.1837778049909173e-01	   4.4739710554555789e-01	   4.8787874355526695e-01	   3.9505757116387125e-01	   5.5089145187648469e-01	   4.7625601194869038e-01	   6.5417833146785964e-01	   3.2195453820595060e-01	   2.9871289001324708e-01	   2.0835224161791246e-01	   2.2774508214180292e-01	   8.3234831853587510e-01	   9.1148028464804176e-01	   8.1519355985226649e-01	   9.0355710714545701e-01	   6.0138127544648545e-01	   6.7851820793661044e-01	   3.2294049444292106e-01	   3.5766170545615000e-01	   4.5370550202276205e-01	   5.1917948025927929e-01	   5.5806610686144020e-01	   5.8685253495450984e-01	   5.5028002335507764e-01	   4.1041230550454322e-01	   5.3924561219897371e-01	   5.5893525137031963e-01	   3.3714953762664313e-01	   4.1432738358054400e-01	   5.7243638139424025e-01	   5.3796238464032409e-01	   1.7018776937943481e-01	   3.3063057913351673e-01	   2.9353912235942708e-01	   3.2563256610877966e-01	   4.7582967259878878e-01	   3.8876947794377897e-01	   7.2170090803088938e-01	   7.2458153456863439e-01	   4.6726888355135460e-01	   4.2653536595436603e-01	   2.2454020211077175e-01	   3.1243865667014742e-01	   4.3737636472035052e-01	   5.3346742486476928e-01	   6.2125150137490293e-01	   7.7001399925602432e-01	   1.9863707083649745e-01	   4.3096901436961610e-01	   2.6219365918796667e-01	   3.6708968502308181e-01	   2.0905185976228249e-01	   4.4102767433547171e-02	   3.1958911573250781e-01	   4.7570779796298568e-01	   9.0085860089224323e-01	   9.5013399298964762e-01	   8.4436931482209998e-01	   8.7986155254950194e-01	   6.4958730431263012e-01	   7.2624200409315376e-01	   4.4953376663441241e-01	   5.5304459467357270e-01	   6.7118814134774607e-01	   9.4209474340029631e-01	   5.6738000389532717e-01	   7.3545355519872002e-01	   3.6640336725208361e-01	   6.8437509768044069e-01	   3.6919009419855542e-01	   5.4982393257233619e-01	   4.5971096262505584e-01	   5.2038629050099849e-01	   1.9055551128683870e-01	   3.6070742635318892e-01	   9.5074821126263365e-02	   1.0916941558781734e-01	   3.2557191728607282e-01	   1.2930041454962559e-02	   5.4741757765443133e-01	   4.3167924082252634e-01	   5.0644068627529282e-01	   5.7734382696179076e-01	   1.6281680655610264e-02	   4.9882906043282445e-02	   5.1694421425794439e-02	   1.5398252204268426e-01	  -7.7325900133089084e-02	  -1.9510304185148250e-01	  -2.2580574693145478e-01	   1.3514878646028558e-01	   2.4455593508631049e-01	   4.1320646141530920e-01	   5.1377286762654129e-01	   4.9290407721817842e-01	   2.9686133856681007e-01	   2.8468339085138966e-01	   2.5393898672740067e-01	  -1.8067846137114429e-01	
   7.4774888754165192e-01	   3.7194064648714370e-01	   9.7807236523153107e-01	   8.8120497881432536e-01	   8.3096612212757381e-01	   6.2012244773307057e-01	   1.1273803710176742e+00	   7.7169717226071366e-01	   7.2308674914959470e-01	   6.2185987191902869e-01	   9.4161007261684182e-01	   6.5668715938163291e-01	   0.0000000000000000e+00	   7.9176261086811950e-01	   7.4251392919824655e-01	   7.0914111542225911e-01	   2.2872367049808787e-01	   1.5140633004542822e-01	   6.5130769012485767e-01	   4.6535680123714224e-01	   4.6941635393437775e-01	   3.1631719296545746e-01	   1.1371195425500544e+00	   1.1459041373698688e+00	   7.4612728854274712e-01	   6.0053647489380424e-01	   7.4706789606472501e-01	   6.8721223857738789e-01	   2.6368000098255462e-01	   2.6212282492406247e-01	   5.5404135608592120e-01	   6.1742717920678181e-01	   4.6028995933984107e-01	   4.6707265274567922e-01	   6.5796778220882624e-01	   5.7218825706348964e-01	   3.6298277585663474e-01	   2.3062180616006392e-01	   5.2400294751872645e-01	   2.3615862097948970e-01	   5.8721861287754584e-01	   1.1285044167446875e-02	   3.9435065403541864e-01	   3.9218427717946303e-01	   4.9425790786585538e-01	   4.2734725538148000e-01	   4.5512289413720980e-01	   6.0970126560442217e-01	   3.6658611860649964e-01	   5.0236434222502158e-01	   4.7666981455050511e-01	   4.9023835836037116e-01	   4.3633875358124413e-01	   4.0413836981211237e-01	   5.5894196283906161e-01	   4.6218402430251099e-01	   3.3606391317851336e-01	   2.9451608918654637e-01	   1.8860757765660621e-01	   3.2817392014841285e-01	   4.8178872676530671e-01	   3.8323648883394107e-01	   4.3773277257106935e-01	   3.6974643039468180e-01	   5.5184655384325898e-01	   4.7625959160553966e-01	   5.2859107713699216e-01	   4.8850761222938927e-01	   3.2293758167509207e-01	   1.5722007627111992e-01	   3.3396265583987039e-01	   1.6410172959520064e-01	   2.5618795757784180e-01	   2.4558771016137576e-01	   3.4931414074930189e-01	   2.7078706749165060e-01	   2.5108444143069036e-01	   1.9488737088478322e-01	   2.1153058892504828e-01	   1.7553681415751940e-01	   3.0301622665007122e-01	   3.5119309818145106e-01	   7.1278233226104426e-01	   2.9981711467900490e-01	   5.9311508306044514e-01	   5.4004834976960125e-01	   8.2752480837573938e-01	   6.8846121044366049e-01	   6.9965484767995323e-01	   5.5298327535631742e-01	   4.3648701614971391e-01	   5.5637894400271670e-01	   2.7924751598261083e-01	   3.3384191199132546e-01	   1.5948890686915118e-01	   1.4055063406783999e-01	   5.2221691307151530e-01	   2.9798052605941006e-01	   5.8979900794633244e-01	   6.2868966022858597e-01	   2.5458768443142205e-01	   1.9002709888708602e-01	   4.1555871227349983e-01	   2.5126865213330746e-01	   3.8018016144178396e-01	   2.0672007439781506e-01	   1.2383959774359629e-01	   3.1730345294635454e-01	   2.7916750030948750e-01	   4.2159263012301035e-01	   5.6904307514597263e-01	   5.6262237860760078e-01	   2.8247124614406910e-01	   3.5268956268949742e-01	   2.7067714963471501e-01	  -7.6695910115587185e-02	
