   0.0000000000000000e+00	   5.9001292843565822e-01	   4.8502870022403033e-01	   3.6841013657003696e-01	   2.8536883139860325e-01	   4.0825221249586108e-01	   6.8972934259073737e-01	   4.3469495191237451e-01	   3.0862371311964459e-01	   3.3145258972575764e-01	   1.2696407032321266e+00	   8.2471145996544426e-01	   8.9762862599535842e-01	   6.7760507161844152e-01	   8.3325502000102980e-01	   6.0955852193261872e-01	   5.4927434321862290e-01	   5.5049594640353505e-01	   8.3088685082738789e-01	   7.7725060400998558e-01	  -8.5328282101988617e-02	  -4.7729860773527498e-02	   6.0778326980100816e-01	   3.5065436908200437e-01	   1.2441488025184709e-02	  -4.3751793585094885e-03	   2.0965782804515118e-01	   1.0486974217525889e-01	   5.2307073929916115e-01	   5.3578317276992204e-01	   1.7680455850099192e-01	   1.1923691838412875e-01	   4.0856834906043854e-01	   2.6637915748058183e-01	  -6.1878905353461224e-02	  -8.2411446774332403e-02	   5.5780977487534716e-02	   1.5659337259725023e-01	   1.7743461597865917e-01	   2.2223611025858064e-01	   3.1961080604520614e-01	   3.6515207161947955e-01	   2.5473952343753992e-01	   2.4638949034205038e-01	   2.9452387042032796e-01	   2.1764356229905385e-01	   3.6443530332204044e-01	   4.1402604929341802e-01	   4.2002651080813286e-01	   5.2250184157298862e-01	   3.9014120223955373e-01	   2.7767397648103759e-01	   7.3675299852891807e-01	   5.6581816085260794e-01	   3.9887663690538266e-01	   4.6247197457966238e-01	   3.8649605172566615e-01	   4.5061967875033621e-01	   7.9754219083124833e-01	   6.8272936317762067e-01	   8.4949025410617318e-01	   5.7608548951042393e-01	   5.4247099113635810e-01	   6.1949516910164348e-01	   5.5043050107778002e-01	   1.8624369069412605e-01	   1.8992564540148135e-01	   9.6988404329851147e-02	   7.1957760821831362e-01	   4.9335870715922236e-01	   4.7957129267224607e-01	   3.3728486623828635e-01	   3.3283275662628287e-01	   3.0872298646010099e-01	   4.2222979893478108e-01	   4.1046313211115865e-01	   4.5403560444560442e-01	   4.9329722354071515e-01	   2.9948981962959131e-01	   3.1764085036472944e-01	   4.2667544562650417e-01	   5.8145412552797737e-01	   1.0914424844882216e+00	   7.3898618783991765e-01	   7.9686946786264357e-01	   6.0747635609780259e-01	   5.5267951865407772e-01	   5.8178210444890666e-01	   6.2863097402026569e-01	   5.7466747127121742e-01	   6.2414538797259822e-01	   4.9176474867315545e-01	   2.5987265383360492e-01	   3.4429830965550307e-01	   2.1760383138536971e-01	   7.7480496458260995e-02	   3.7573027680641546e-01	   4.5290884157029104e-01	   7.5914343917640792e-01	   7.8182775444753072e-01	   2.3221663347554283e-01	   1.7412649615950151e-01	   4.0464803944722227e-01	   2.4337238765812244e-01	  -7.0970013961476092e-02	  -1.4015479800401717e-01	   2.5811747445168426e-01	   1.7130195045661545e-01	  -7.0283330801563765e-02	   1.6373819685493760e-01	   2.4022094763451607e-01	   5.3178342375544563e-01	   3.1571784839692590e-01	   2.4797363012644230e-01	   2.0013480171416884e-01	  -1.2636501254763341e-01	
   5.9001292843565822e-01	   0.0000000000000000e+00	   2.9789424268216035e-02	   2.6587579207761336e-01	   1.3052623641804279e-02	   2.7872435509542759e-01	   2.3483606890659925e-01	   4.0452680851554751e-01	   2.8610093293972010e-02	   2.5096727959122034e-01	   5.9531821669723628e-01	   5.9873930854944168e-01	   3.4004694077456682e-01	   2.8978758790751991e-01	   3.8812825261063333e-01	   4.9062668560344180e-01	   7.2115102466269110e-01	   1.0820473975426834e+00	   7.1517726553550987e-01	   8.7906322517340973e-01	   9.7874311212036935e-02	   2.4434012854344739e-01	   4.4628836006900158e-01	   4.6375143891294307e-01	   1.6692709417658344e-01	   2.1079240880209812e-01	  -1.2731326915528494e-02	   9.4122958004314444e-02	   9.5290003133778689e-01	   9.0079670503689702e-01	   3.4875039771032984e-01	   3.9134743983171616e-01	   4.1103947524838602e-01	   3.8574994266606683e-01	   2.1944910245853193e-02	  -7.7177102693748991e-03	   3.1593672225955444e-01	   3.6621738155200434e-01	   3.7163657114173648e-01	   3.1819278415266877e-01	   5.9755909568383281e-01	   6.9193842251641369e-01	   1.1357481720131302e-01	   2.2107164658098061e-01	   6.9744394732139892e-02	   1.1879635392477164e-01	   9.5084211599071197e-02	   2.6939124956065907e-01	  -1.8800941438344979e-01	  -1.1878108643413876e-03	  -1.8340858354301007e-01	  -1.4100739049998262e-01	   3.1818536089400640e-01	   2.3447370664660244e-01	   2.6497664049467323e-01	   2.8637278507216513e-01	   1.2331785936691642e+00	   1.5546160752203655e+00	   9.8871788861946835e-02	   2.1692810666088344e-01	   4.1459572179178117e-01	   5.6371103992874172e-01	   9.3797204241596788e-01	   9.4414791698070322e-01	   2.5513294017523297e-01	   1.4710921964218079e-01	  -1.1423016118450385e-01	  -4.6351101883919228e-02	   4.9218904483184950e-01	   3.5646461698814091e-01	   4.4712389040376965e-01	   4.6084459436637204e-01	   6.7789086694495115e-01	   8.1406642881935798e-01	   8.0035489914045743e-01	   9.0969031296230318e-01	   5.3426872066574371e-01	   5.8532715801376001e-01	   8.7001449072999903e-01	   7.2417410710977648e-01	   9.0163057038041972e-01	   1.0238559568711729e+00	   5.2455085921226074e-01	   9.7355065235627680e-01	   5.7107981704467781e-01	   5.2294711984377407e-01	   2.1161833396604859e-01	   4.8876114141295923e-01	   3.4415426715543512e-01	   3.3636195392074913e-01	   2.9808000460310602e-01	   6.3176406229053197e-02	  -6.0507027918112966e-02	  -1.0133185970574801e-01	   8.9841164297948251e-02	   2.7159775743968645e-01	   1.5371120132408880e-01	   3.5434466751032195e-01	   5.4390960998678328e-01	   4.2374184116023433e-01	   1.2799832414946341e-01	  -2.0428259533019860e-01	   3.3357354874009276e-01	  -3.1501342478503147e-01	  -2.3518337108187681e-01	  -4.9095736405761153e-01	   6.5722138054499418e-02	  -3.8820756060207307e-01	   6.1597939115210318e-02	   2.9088386322435755e-01	   1.5369102368660431e-01	   2.4117097655496328e-01	   8.9921948002565991e-02	   2.0716527279694019e-01	   4.1044847785828141e-02	  -4.0304448236607143e-01	
   4.8502870022403033e-01	   2.9789424268216035e-02	   0.0000000000000000e+00	   6.8880254268536378e-01	   1.0022166325581878e+00	   4.7709390426135700e-01	   1.0863453694463554e+00	   5.6353039620032996e-01	   8.0680454606523744e-01	   3.9415245130917820e-01	   3.5076374146386541e-01	   3.2544086738566064e-01	   4.7264223071281058e-01	   4.4552938083215005e-01	   8.1069927483770265e-01	   4.9326318935456992e-01	  -8.2357203267757001e-02	   1.7552510416660543e-02	   4.0747333137777120e-01	   4.2916997574536048e-01	   5.0166393177362667e-01	   5.0431087367142824e-01	   9.8514850864780346e-01	   5.3520895650924294e-01	   6.6968557629950032e-01	   5.0355567027593218e-01	   6.3659286917361524e-01	   4.2046216975494238e-01	   2.5944875694048658e-01	   2.0434204499050501e-01	   7.0213105006018206e-01	   5.8334210740013281e-01	   6.9832553644731810e-01	   5.7133791641518816e-01	   5.5159082429314710e-01	   4.4274368933636937e-01	   3.1160039378132148e-01	   3.4381932955711619e-01	   4.5113199557259798e-01	   4.2359212028142690e-01	   1.2763473399838365e-01	   7.4105897875130777e-02	   6.7814280963250073e-01	   6.0077189796509856e-01	   4.9208938626145582e-01	   5.7835473912389945e-01	   6.5536403570652069e-01	   6.3529064880792963e-01	   5.4182779711189710e-01	   6.4352873226978091e-01	   9.5330753336940044e-01	   7.7989315504442702e-01	   4.5886029618228852e-01	   6.0566279858907479e-01	   8.6801543431516603e-01	   6.5374202274146420e-01	  -2.5857395474545808e-01	   5.0008694104423906e-02	   7.7377339503953080e-01	   6.5713873408238943e-01	   6.2365040702837748e-01	   3.3358925316431209e-01	  -1.1441465678962993e-01	   4.6757647858088558e-02	   6.8224899550058449e-01	   3.7683422964490260e-01	   8.6705714764513719e-01	   7.5382321450772660e-01	   5.8631612589054138e-01	   5.0381702511731219e-01	   7.1768260093959046e-01	   4.4837323591324130e-01	   1.4710055253958115e-01	   5.6630408155957074e-02	   1.5736684507670018e-01	   1.6839822586827860e-01	   5.0902512744751549e-01	   5.5251939318863030e-01	  -1.1154373429713781e-01	   1.8264796523849178e-01	  -8.7136351673525583e-02	   1.4718835668748664e-01	   7.8185349238010704e-01	   3.3440006837139069e-01	   3.3761957727878833e-01	   4.5698723734185254e-01	   7.4157929789995769e-01	   3.5840086678763355e-01	   6.6483799569437785e-01	   6.4334257689799856e-01	   4.2333490274230512e-01	   6.6580967201606922e-01	   2.6586293519810555e-01	   8.3713548057102849e-01	   7.3823256140485544e-02	  -4.8292771282993759e-02	   7.6143462691963171e-01	   4.2684683240705223e-01	   5.8302382742322689e-01	   5.4083179156968453e-01	   4.3208225621481589e-01	   5.7891235480637437e-01	   5.0854150760700811e-01	   6.0189591219780247e-01	   2.1722841044796526e-01	   2.0304237770823153e-01	   2.1472145821180610e-01	   3.9220778380424842e-01	   1.8908068534524630e-01	   2.3713730024799964e-01	   7.7909272477797997e-01	   4.5678624850252325e-01	   2.7617554986621162e-01	   4.5224441943016347e-01	   4.9301447748145905e-01	  -4.1931591826352047e-02	
   3.6841013657003696e-01	   2.6587579207761336e-01	   6.8880254268536378e-01	   0.0000000000000000e+00	   5.5749020407009797e-01	   1.1365755007181630e+00	   4.7752820120225448e-01	   1.3557866406499304e+00	   5.4378239717091914e-01	   9.1146308160329426e-01	   3.4331454442800530e-01	   8.3896676811757942e-01	   3.6451936899442910e-01	   8.7647116209510401e-01	   6.9849439209545072e-01	   1.0230857443982422e+00	  -2.1603651126124283e-02	   1.0638381348130937e-01	   2.7142623645919722e-01	   5.4207072627587305e-01	   4.0273858676817814e-01	   6.4719740656555214e-01	   7.5927833989515270e-01	   1.1522750930903414e+00	   6.1160962194791735e-01	   6.4035314225279572e-01	   7.0069255655140117e-01	   7.7457863765603785e-01	   1.6172823804628944e-01	   3.1378434517283404e-01	   4.4590996663542254e-01	   5.9498096453518479e-01	   7.8907856552625899e-01	   7.9473597993697886e-01	   5.9762294023687890e-01	   8.0927470849157723e-01	   3.7599458434606720e-01	   5.1539027152662453e-01	   5.4132126683180470e-01	   6.1823344106162725e-01	   3.4450526328985803e-01	   1.9371624758302369e-01	   6.2995765957599015e-01	   5.7907321582853521e-01	   4.0164423977755614e-01	   7.0156720163852904e-01	   5.8389843361689453e-01	   7.5980317828063126e-01	   2.8708074436839298e-01	   5.8836962434163020e-01	   7.3671688863474338e-01	   8.8500329091629870e-01	   5.2998660037649370e-01	   7.4783554722943724e-01	   9.2562137992567595e-01	   7.9303823279494678e-01	  -2.4464899445951160e-02	   2.9094717611615833e-01	   5.1247262778739600e-01	   8.0080278090754708e-01	   6.6565023087338915e-01	   8.6214078774158398e-01	  -6.5769208451542910e-02	   1.3038961494951284e-01	   8.4973944264109913e-01	   1.0864771546202507e+00	   6.8315910004274161e-01	   9.2276597418777928e-01	   7.4198416658257438e-01	   8.6367892737209284e-01	   4.4371518123765935e-01	   6.8576128815885473e-01	   1.3311092371114686e-01	   1.6452872622243497e-01	   1.5493371381386942e-01	   1.9830534403412253e-01	   4.5599212719177162e-01	   7.5426172405711500e-01	  -2.4337191239215731e-03	   2.3966602443979459e-01	   1.1060937676852184e-01	   2.5985116207902215e-01	   5.7261636185608955e-01	   5.9005909812166435e-01	   5.1284547781539147e-01	   7.1672304444471746e-01	   6.3441354092433111e-01	   5.0073512080766358e-01	   7.9286557277939784e-01	   1.2025217071645138e+00	   6.3631072927820320e-01	   6.7584930223107398e-01	   3.7353639097021218e-01	   4.4524929131036323e-01	   3.2368370995976320e-01	   2.5570245982567141e-01	   8.6453265830923298e-01	   6.9600791369901494e-01	   6.8839446116939018e-01	   5.7212219585496449e-01	   2.9509137316332990e-01	   1.8501255419339424e-01	   5.4927434478771486e-01	   9.8854879914428942e-02	   1.4564349981463517e-01	   7.3180152433526286e-03	   3.9426620934256196e-01	   2.5897916764904350e-01	   2.0770644745268557e-01	   2.0041207516102555e-01	   8.4816118228070758e-01	   6.5037765851504303e-01	   2.6354569538719119e-01	   2.4129377162442378e-01	   5.5216203789297680e-01	  -1.0743389917129020e-01	
   2.8536883139860325e-01	   1.3052623641804279e-02	   1.0022166325581878e+00	   5.5749020407009797e-01	   0.0000000000000000e+00	   6.8938057652239926e-01	   5.9518801651892372e-01	   4.5861219619941568e-01	   1.1456185424522776e+00	   5.3533462294550305e-01	   2.1421738338596147e-01	   2.4677141472957911e-01	   4.6271224994638233e-01	   4.3057765581974800e-01	   8.8650845830906611e-01	   5.6867320277267330e-01	  -1.1343260643966400e-02	   4.6660175868237725e-03	   2.7161590084133802e-01	   3.5640327591749754e-01	   4.6259114715240968e-01	   4.8697842593585128e-01	   7.4944244461902021e-01	   3.9568181479785319e-01	   5.6628330170027286e-01	   3.9060057034152579e-01	   6.1199082085993262e-01	   4.3472134801063134e-01	   2.9291572173061375e-01	   2.3448448996666471e-01	   5.1468473337127252e-01	   4.3445241669253026e-01	   5.6890098365293595e-01	   4.9793687194847802e-01	   4.9717275926979398e-01	   4.5289645630311315e-01	   3.3085468214178482e-01	   3.3628097582685312e-01	   4.1940824863660942e-01	   4.7256209746988409e-01	   2.5067540197087890e-01	   4.3397798609565066e-02	   5.9175961170200697e-01	   5.1469601810964594e-01	   4.1689882439839565e-01	   5.8326484527363698e-01	   5.7545308742481560e-01	   6.0441786050487001e-01	   3.9406918589687223e-01	   5.6774867414462316e-01	   6.7719502523045860e-01	   6.4564761274552829e-01	   4.5175713564993564e-01	   6.2116090842417993e-01	   7.1681209389545741e-01	   6.2035132661221604e-01	  -2.6125507790597036e-01	   6.5509853600274878e-02	   5.4980853751377201e-01	   4.8727030007948358e-01	   4.2486924848268259e-01	   3.0934460466916791e-01	  -1.3861397078345711e-01	  -1.7113789832618843e-02	   4.7774153159880128e-01	   3.3966044854023553e-01	   5.5764424319366013e-01	   5.6662606306163255e-01	   5.5395105517769960e-01	   5.2674037389379902e-01	   6.0279861530334822e-01	   4.5744286017493346e-01	   1.1502047927211660e-01	   3.5946623761402126e-02	   1.6344014251436520e-01	   1.1052136862745207e-01	   3.8080321886002205e-01	   4.6695144173956710e-01	   4.9347806706822886e-02	   3.3190149326620938e-01	  -3.9768838765964362e-02	   1.9686809780733458e-01	   7.1235408887609197e-01	   3.2189446653122339e-01	   2.4540030404873422e-01	   3.3193318824644352e-01	   6.9019923377932502e-01	   2.6056605682510720e-01	   5.9109975695628725e-01	   5.7313863975099699e-01	   3.5279096279891581e-01	   5.5615871441460873e-01	   3.4891241415354696e-01	   5.8870674004734891e-01	   1.2590795775645344e-01	   3.1207925771410478e-02	   6.0745829897909809e-01	   4.3832194469763219e-01	   4.1615385005420102e-01	   3.4685702511747457e-01	   2.3806369745663986e-01	   2.8950325857482523e-01	   4.9526253693438788e-01	   3.0374994230224417e-01	   1.2045799853695949e-01	   2.2834335239626224e-01	   1.3126390443395269e-01	   2.9422381952847093e-01	   2.7932565497758266e-01	   2.9057639874413987e-01	   7.4206345854851719e-01	   4.9476707201449022e-01	   3.2854095432422087e-01	   5.0069905281190519e-01	   4.1297045406793104e-01	  -6.2413715565991408e-02	
   4.0825221249586108e-01	   2.7872435509542759e-01	   4.7709390426135700e-01	   1.1365755007181630e+00	   6.8938057652239926e-01	   0.0000000000000000e+00	   3.7982807837178323e-01	   1.0835842417982713e+00	   7.0472856312301646e-01	   1.3651728335245703e+00	   4.7778369327547110e-01	   9.3919996832243846e-01	   5.7540659360824575e-01	   1.0842819075922165e+00	   8.5698073819691900e-01	   1.3605603523814207e+00	   2.0386720157455468e-01	   1.8399345834596892e-01	   3.0848513425277024e-01	   5.4498542439815667e-01	   2.5666848920622598e-01	   5.0490080368983914e-01	   6.6375516571273852e-01	   9.1918558819372642e-01	   3.9334675421403442e-01	   3.7123266943763233e-01	   6.0848350309608901e-01	   7.4802954951550438e-01	   2.8599965336669408e-01	   4.5156817954714568e-01	   3.3148512937001939e-01	   4.2799083594966930e-01	   6.9682469022725002e-01	   7.4150700784838386e-01	   3.4374844987918984e-01	   5.8708247824192850e-01	   2.9474270030171917e-01	   4.6229908896088800e-01	   4.8093437123005667e-01	   6.1854931929388479e-01	   3.6425495398309410e-01	   2.6385773901922666e-01	   4.8141003895740742e-01	   4.6444870686163564e-01	   3.9211778746798337e-01	   6.0198266797275590e-01	   5.0461461602079682e-01	   6.7417516504428832e-01	   2.7101914882193562e-01	   5.2398868624577299e-01	   5.5882075808427545e-01	   6.3097973576612254e-01	   5.0811952518824444e-01	   7.0084472691555499e-01	   7.5726858033831135e-01	   7.6481617751816744e-01	   5.4334582038648667e-02	   3.5310546738645793e-01	   5.1086491555454694e-01	   6.5839530225050746e-01	   7.2678459509093984e-01	   8.7494358027316033e-01	   8.4275299547630175e-02	   2.4637322811251774e-01	   8.1677950667331278e-01	   9.0311028547474026e-01	   3.7308438901160401e-01	   5.2511650970890433e-01	   7.6246152481462171e-01	   8.7441927856275337e-01	   3.8543652865368455e-01	   6.9118998932367781e-01	   1.6507321935053770e-01	   2.3050228147515117e-01	   1.9442837505148738e-01	   2.5653678184877771e-01	   4.2823959094507957e-01	   6.9641483741408317e-01	   1.6575222091203645e-01	   3.9108232325556197e-01	   2.1019730527258751e-01	   3.3829039269345484e-01	   6.4655164221122208e-01	   6.3329874383538387e-01	   5.2767673866813991e-01	   6.5592404400231030e-01	   5.9432258707996932e-01	   4.4366794682666710e-01	   8.4297353404699504e-01	   1.2687567386886340e+00	   6.2128601078554979e-01	   6.9335498760205028e-01	   4.9194495732973853e-01	   3.5682139642911948e-01	   4.6888631516079871e-01	   2.8799795031450193e-01	   7.6023817059609400e-01	   7.5634899271893619e-01	   6.6236573515651664e-01	   5.5869445341305779e-01	   2.1509326638668863e-01	   3.2570166200035923e-02	   6.5276266397667748e-01	  -4.7292026001537349e-03	   9.9898171602855829e-02	   3.3453924541628086e-02	   3.3831526254819422e-01	   3.3186841935267952e-01	   1.8663507189017647e-01	   3.2918969934053061e-01	   7.1817392751357600e-01	   6.8659123688446799e-01	   3.6124841148750358e-01	   3.3090128047053269e-01	   4.7297746760816017e-01	  -2.3504189771284514e-02	
   6.8972934259073737e-01	   2.3483606890659925e-01	   1.0863453694463554e+00	   4.7752820120225448e-01	   5.9518801651892372e-01	   3.7982807837178323e-01	   0.0000000000000000e+00	   6.5472551283693348e-01	   7.8701351461874469e-01	   4.2619263376903049e-01	   6.9583749043413723e-01	   4.3091136385682011e-01	   6.6546737442759829e-01	   3.8219039556485512e-01	   7.3751942759004996e-01	   4.9493014686852554e-01	   2.1891828533654573e-01	   2.6645008031218276e-01	   6.7865917739266957e-01	   6.5691434014554673e-01	   1.5572539496649709e-01	   2.4193882522853771e-01	   7.2832353309788100e-01	   4.8941728311502575e-01	   2.9521263593336289e-01	   2.8808626678795424e-01	   2.4837398394260241e-01	   1.9002889187481911e-01	   4.6969882007312191e-01	   3.8509823639599455e-01	   6.5708095415017598e-01	   5.0893558126269955e-01	   6.9130873228465417e-01	   5.6366683235100890e-01	   1.3655564131117545e-01	   8.2790449485385220e-02	   1.3655998923003587e-01	   1.7112745366376420e-01	   3.2239618073183318e-01	   2.6154709399300613e-01	   1.4573340661533171e-01	   2.0130053799134282e-01	   4.5602986219333974e-01	   3.9113544611523704e-01	   3.7094841975482262e-01	   3.4446758109947845e-01	   4.6335409181855003e-01	   4.3052241229757843e-01	   5.6818333257175524e-01	   5.3805924624184209e-01	   6.1662128262220672e-01	   3.9794181703856574e-01	   3.9934639383298998e-01	   4.1197255280528272e-01	   5.1895985003305967e-01	   3.9737109066793097e-01	  -2.3265456645875853e-02	   1.6500369431411094e-01	   8.3422884244972295e-01	   6.8161407577395017e-01	   7.4461806333618630e-01	   4.3407166918026441e-01	   1.2647398489471665e-01	   3.4693302564815959e-01	   5.9867199052870823e-01	   2.0575165912002949e-01	   6.0672076397177055e-01	   4.5358433174404411e-01	   6.7973171694746082e-01	   3.7502642189177665e-01	   5.7453737448566766e-01	   2.9747403182775511e-01	   2.8028356192847526e-01	   2.1546638829745543e-01	   2.5905126891267649e-01	   3.5372029445643871e-01	   3.7091043939143925e-01	   4.6866078194881799e-01	   2.1862054282315069e-02	   2.4458161506661577e-01	   1.3711719414643758e-01	   2.8869024892196515e-01	   9.2351425256490449e-01	   5.3779970793610143e-01	   3.6274179906241039e-01	   4.6326679793353659e-01	   4.5473500008775697e-01	   2.6251265086086739e-01	   5.6567366714706291e-01	   5.4480910703629448e-01	   5.2002144538209472e-01	   6.4527395954559585e-01	   2.0437867210264218e-01	   7.5567373644130753e-01	   2.0931881474778380e-01	   1.7233635735865837e-03	   5.9017165282163631e-01	   3.7964819572952013e-01	   7.1294886517173683e-01	   6.3277504893070524e-01	   6.2905273457324662e-01	   6.8864175350606116e-01	   4.7331821804948448e-01	   5.8470510863122027e-01	   9.2495117606211222e-02	  -5.9213162496721983e-02	   2.2984971934184570e-01	   2.7167744838224495e-01	   9.4187231180232173e-02	   2.6553183475579517e-01	   4.3197907480006975e-01	   5.0811240151298265e-01	   3.6651199732248513e-01	   4.4256688028771402e-01	   2.8891601942716699e-01	   2.5687937611321970e-02	
   4.3469495191237451e-01	   4.0452680851554751e-01	   5.6353039620032996e-01	   1.3557866406499304e+00	   4.5861219619941568e-01	   1.0835842417982713e+00	   6.5472551283693348e-01	   0.0000000000000000e+00	   7.0668255589041307e-01	   1.2111890037091797e+00	   5.2713217617604124e-01	   1.0104618184214824e+00	   4.7485314791865146e-01	   8.6529952699040580e-01	   7.0390551231787712e-01	   1.0440204519522149e+00	   1.9667997634943957e-01	   2.9814262270846870e-01	   4.7362323629799991e-01	   7.5377817233315436e-01	   1.8663273270624822e-01	   4.2691523437627044e-01	   6.4651121132362166e-01	   1.0103052525326079e+00	   3.3157744609472917e-01	   3.9843661083559395e-01	   3.9075027462732381e-01	   5.1725489702914262e-01	   3.3300159595215151e-01	   4.5854414078267108e-01	   4.4681847964240479e-01	   5.2610828968404499e-01	   8.9434673022656397e-01	   9.7849253355329080e-01	   2.9390136586517085e-01	   4.8883659326427509e-01	   2.6793638764047273e-01	   4.0283665816281161e-01	   4.6713553056753560e-01	   5.7327370851265880e-01	   3.1347317897939753e-01	   3.6812244973097485e-01	   5.2987744719000351e-01	   4.2014339328186345e-01	   2.4326040879036326e-01	   4.3419532093356139e-01	   4.7420372549837286e-01	   6.5429325423630691e-01	   2.7893720197206578e-01	   4.9766091013467006e-01	   5.1880044391342917e-01	   5.8837261558058229e-01	   4.6740263162043844e-01	   5.7873726063867392e-01	   7.4359242757843691e-01	   7.1297084967530644e-01	   9.3307154974434078e-02	   3.9686419168116149e-01	   5.2159122213620857e-01	   7.7799745247543628e-01	   7.5956721658327553e-01	   1.1323578799485980e+00	   8.8936597274635626e-02	   3.5851769212346402e-01	   8.4385837306971101e-01	   8.9266896363160753e-01	   4.6585275518030717e-01	   5.9462191309337176e-01	   8.1451845263748535e-01	   7.2075214953477762e-01	   4.4730826075368119e-01	   6.7389605377548978e-01	   2.7222860246209374e-01	   3.7333957779392396e-01	   2.8847120701243617e-01	   4.0193846876194450e-01	   4.0487788519818935e-01	   7.2242258519861413e-01	   9.7838399923121849e-02	   2.8994586668716077e-01	   2.7131712536403785e-01	   3.5159251023071497e-01	   5.8463958920337711e-01	   7.1668653941631899e-01	   4.3705705262875139e-01	   6.2916955309327005e-01	   3.9594792980762261e-01	   3.4579450329956879e-01	   7.7964107310060304e-01	   1.1521268967527660e+00	   7.1277141781849329e-01	   6.9898804360566469e-01	   3.4834451082280926e-01	   4.9812973389772303e-01	   4.2261509697728283e-01	   3.1537223341653231e-01	   8.3864983800675708e-01	   7.1429049788503896e-01	   7.8927780559710881e-01	   6.2007380736546158e-01	   4.1478696590449687e-01	   2.4685317976459861e-01	   5.5529389294035825e-01	   9.6302563614980671e-02	   4.4102070782644186e-02	  -1.4381868655576596e-01	   3.6898388191020304e-01	   2.3488722475730556e-01	   1.2965639828159553e-01	   2.4139854706163777e-01	   7.2397173003512527e-01	   6.8637462282561046e-01	   3.4596974606254310e-01	   3.1081710695718756e-01	   4.3670153782264887e-01	  -1.2097339041318032e-01	
   3.0862371311964459e-01	   2.8610093293972010e-02	   8.0680454606523744e-01	   5.4378239717091914e-01	   1.1456185424522776e+00	   7.0472856312301646e-01	   7.8701351461874469e-01	   7.0668255589041307e-01	   0.0000000000000000e+00	   7.5871368683443530e-01	   3.6436795543762468e-01	   3.6488969988414893e-01	   6.3320315182180709e-01	   5.5207783809820521e-01	   9.2401333738230607e-01	   5.9245024550753467e-01	   1.6866861711204673e-01	   1.0385823123017010e-01	   3.5893185125006860e-01	   4.5125077542450781e-01	   2.5186630925248904e-01	   3.4037215061344162e-01	   5.1082288660037078e-01	   3.2175780612140276e-01	   2.2436709682988737e-01	   1.3498199434823568e-01	   4.1989051490491058e-01	   3.2276979294092206e-01	   3.5727345184307235e-01	   3.1458217964488472e-01	   4.1024760810597022e-01	   3.2044105743935875e-01	   6.5899068072508005e-01	   6.3658948737565202e-01	   2.0166542261952128e-01	   2.7821153192689352e-01	   2.4827381799527631e-01	   2.5229578325049451e-01	   3.9374270360414498e-01	   4.6400787126584636e-01	   2.3008147181886454e-01	   9.3501828831482559e-02	   5.1983498873324163e-01	   3.7712122755417055e-01	   2.1427727526165583e-01	   3.1601476291818409e-01	   5.5291239469228703e-01	   5.7911418656078628e-01	   4.3316090706698840e-01	   5.1235869515308985e-01	   5.8286808120866318e-01	   5.3246836815189713e-01	   3.6477609106825942e-01	   4.9334956717735595e-01	   6.8221887659350078e-01	   6.5088335836945610e-01	  -2.2021488115977911e-01	   6.2000417900582645e-02	   6.3787850881586317e-01	   5.7206854231771986e-01	   5.2632470500419792e-01	   5.2206804200268864e-01	  -1.1455842759155928e-01	   1.1203826092857867e-01	   4.9608957403256199e-01	   4.0230872837102233e-01	   4.1138450394468007e-01	   3.9871622723524081e-01	   6.7755625278286302e-01	   5.6167798645148403e-01	   5.0680480246190429e-01	   4.1387484413955089e-01	   2.0172224981012113e-01	   1.6394638961017677e-01	   1.7539622127315124e-01	   1.5469652262328484e-01	   3.1024742482934387e-01	   4.2895351661075726e-01	   9.0980053122070512e-02	   2.8480297648362501e-01	   1.1244565266732676e-01	   1.8363436768852115e-01	   6.9752692325124677e-01	   3.4866839658859589e-01	   1.6190627887782294e-01	   2.5645453369366000e-01	   4.8255925647036058e-01	   1.5392706383964372e-01	   6.1637493352242234e-01	   6.4101859109504722e-01	   4.4728448786573904e-01	   5.9340130224754306e-01	   3.6618902489185423e-01	   6.6249415005448831e-01	   2.9244196805461792e-01	   1.5624325728979213e-01	   7.2699953229301562e-01	   5.5534881495144361e-01	   4.8660163744907586e-01	   4.5799748761336456e-01	   3.4528889082670122e-01	   3.8302999142250016e-01	   3.4659064426889541e-01	   4.0488507848117411e-01	   7.6090897472133170e-02	   1.1991504873891591e-01	   1.5222788657436195e-01	   3.9863009456978782e-01	   2.0275186613798532e-01	   3.4777845377536093e-01	   6.8429140835876645e-01	   5.4265445662263345e-01	   3.6359989127177594e-01	   4.3735941869396666e-01	   4.2237165194355492e-01	  -4.3990940062230734e-03	
   3.3145258972575764e-01	   2.5096727959122034e-01	   3.9415245130917820e-01	   9.1146308160329426e-01	   5.3533462294550305e-01	   1.3651728335245703e+00	   4.2619263376903049e-01	   1.2111890037091797e+00	   7.5871368683443530e-01	   0.0000000000000000e+00	   4.6747054406954769e-01	   7.6454856395401494e-01	   5.3588743906220448e-01	   8.1118900145576189e-01	   7.0830227881954777e-01	   9.8176685997315005e-01	   2.1142712985039733e-01	   1.6999188435694890e-01	   2.8215953325179954e-01	   5.3051338282327176e-01	   1.1759471969634550e-01	   3.5670466788141697e-01	   4.0571218463095465e-01	   6.4723167155723937e-01	   2.2038098516415572e-01	   2.4371355915163789e-01	   3.8438936804613771e-01	   5.6664968905189772e-01	   2.5191657254520494e-01	   3.5648230202838516e-01	   2.5260400943695016e-01	   3.1256168376689969e-01	   6.5451303299720798e-01	   7.3098378535975550e-01	   1.7965492297865998e-01	   4.1730344364490435e-01	   3.1945345862067115e-01	   5.0142987369775827e-01	   4.4179082884907317e-01	   5.8464223123572090e-01	   2.7739102401888893e-01	   2.7980440320648553e-01	   4.3589912933524066e-01	   3.5865348190935753e-01	   2.4601605893899162e-01	   4.0507546689124441e-01	   3.9186595454041767e-01	   5.6178696253061045e-01	   2.4852414667051448e-01	   3.8955267749599348e-01	   4.1830542121374259e-01	   4.7650208711702680e-01	   3.4712321563499066e-01	   4.6028182554403352e-01	   5.9903064694485042e-01	   6.2954594938826502e-01	   2.5861346110889426e-02	   2.9748021183983775e-01	   4.4470556355012719e-01	   5.7992376719691985e-01	   7.4806511235615403e-01	   8.5848849043929765e-01	   8.2483693955035312e-02	   2.1835737717338286e-01	   8.4705185965467988e-01	   8.6313838939728083e-01	   3.0035229570101957e-01	   4.1996374693270044e-01	   6.6918812375521441e-01	   6.7856428842313965e-01	   3.2463829494600577e-01	   5.8523166310527908e-01	   2.5120476590540247e-01	   3.1848009807395466e-01	   2.2621384458987881e-01	   2.7140171351953818e-01	   3.3649859747534094e-01	   5.1687330701919032e-01	   1.1164012229764281e-01	   2.7977169606165586e-01	   1.8153016053025606e-01	   2.2621233886519571e-01	   4.5691964624631815e-01	   4.7094464075194803e-01	   3.8309278704404376e-01	   4.9010628616345264e-01	   4.5783885195249796e-01	   3.1412220849526418e-01	   8.0139464338449662e-01	   9.7410036512081288e-01	   5.1043170392436188e-01	   5.2996907305095897e-01	   4.0675752851538333e-01	   3.1864009602152676e-01	   5.5677316058309778e-01	   3.3412626767396386e-01	   6.8323014650364333e-01	   6.8990318285328822e-01	   5.5095143131890489e-01	   4.4561008529904772e-01	   2.5639025775501773e-01	   3.6447146158287487e-02	   5.0334630089597909e-01	  -8.9140182775709360e-03	   1.3114529470574213e-01	  -3.7656514162001629e-02	   3.3301493349839778e-01	   3.0022339834804318e-01	   8.4139407046306777e-02	   2.5844406012763121e-01	   5.7412678811758533e-01	   6.3722402308562076e-01	   3.0723537377617538e-01	   2.4129169993315611e-01	   2.9525260366747030e-01	  -1.3724470797920505e-02	
   1.2696407032321266e+00	   5.9531821669723628e-01	   3.5076374146386541e-01	   3.4331454442800530e-01	   2.1421738338596147e-01	   4.7778369327547110e-01	   6.9583749043413723e-01	   5.2713217617604124e-01	   3.6436795543762468e-01	   4.6747054406954769e-01	   0.0000000000000000e+00	   8.9571735839922395e-01	   1.1501351402869138e+00	   7.9434666507132268e-01	   7.5529370017066699e-01	   6.8969415429429803e-01	   6.8155260097033210e-01	   5.7043165815709085e-01	   6.6343661226556849e-01	   6.8248108817320696e-01	  -9.4126827013112188e-02	  -3.3894911982199960e-02	   5.1310281974477090e-01	   4.0612322555788660e-01	  -7.4296641915599995e-02	  -3.1311351980794454e-02	   1.0815451052937775e-01	   1.1886754236422434e-01	   7.1370758290797809e-01	   6.9233392066470412e-01	   2.2593107187359462e-01	   1.6833676945448053e-01	   4.5841734348702767e-01	   3.6052484913570493e-01	  -2.0565816149590543e-01	  -1.5699113679051649e-01	   1.0049532989166500e-01	   1.6158343449601406e-01	   1.5873145396066679e-01	   2.0464867890705629e-01	   2.8023459399244710e-01	   3.5471570033866862e-01	   1.5247159488758416e-01	   1.8547301474857866e-01	   1.4464687677270166e-01	   1.0645712126290106e-01	   2.5992568794710502e-01	   2.8943956428549600e-01	   3.4717044563333899e-01	   4.4626313916759247e-01	   2.9216792176600720e-01	   2.4055442322565346e-01	   5.4917712368882332e-01	   4.0713549534233151e-01	   3.4374971833490198e-01	   4.0795630556338625e-01	   3.7481125433190282e-01	   4.8016655066748259e-01	   7.3624812840363296e-01	   6.4447955727881490e-01	   8.6808139376063531e-01	   6.2522210433806502e-01	   6.0400694615432771e-01	   7.6106013758900426e-01	   5.7394045456350995e-01	   2.0767808699305210e-01	   8.0664808330368251e-02	   4.2339797707331990e-02	   6.3616726250035349e-01	   4.8567063029926205e-01	   4.2681541414330981e-01	   3.5507991509841880e-01	   4.2515046731189482e-01	   4.0199366893553823e-01	   4.2849679060593915e-01	   5.0728241390106477e-01	   4.8334683051707972e-01	   5.5973525605497110e-01	   3.4644751310814220e-01	   3.6398410540554976e-01	   4.5223705877536768e-01	   5.9410656734389100e-01	   8.7650222696720981e-01	   7.2488489582233318e-01	   7.3483145985471388e-01	   6.5916322032475971e-01	   3.5587184097836377e-01	   4.6930134152796688e-01	   5.5974665536452095e-01	   5.6881995460436485e-01	   5.0173452839750243e-01	   4.0160457199442545e-01	   1.9523572124296518e-01	   2.2958255920367554e-01	   3.5752982833961255e-01	   2.4001153624210420e-01	   3.9404926330789658e-01	   5.4361739758054028e-01	   6.8511995509539336e-01	   6.1144799133694328e-01	   3.0219343025208345e-01	   1.4233053653111144e-01	   4.7401751877091991e-01	   2.0241612992512137e-01	  -6.3931291708566915e-02	  -1.9933291717317045e-01	   2.1369852848294704e-01	   1.1755432032078396e-01	   6.3009946463123079e-02	   2.7245379676361103e-01	   1.1565765874019376e-01	   3.7188177098605713e-01	   2.0736840265011916e-01	   3.2845703781067659e-01	   1.9903153447815702e-01	  -9.0927472177307553e-02	
   8.2471145996544426e-01	   5.9873930854944168e-01	   3.2544086738566064e-01	   8.3896676811757942e-01	   2.4677141472957911e-01	   9.3919996832243846e-01	   4.3091136385682011e-01	   1.0104618184214824e+00	   3.6488969988414893e-01	   7.6454856395401494e-01	   8.9571735839922395e-01	   0.0000000000000000e+00	   7.2570453318905725e-01	   1.4628228222769772e+00	   7.9334015609460529e-01	   1.3315975634985089e+00	   4.6350949031117383e-01	   4.7070152824528178e-01	   5.4416397003517603e-01	   7.2543530296635839e-01	   6.4830848950139200e-02	   2.7052267608650471e-01	   6.5377336781390094e-01	   9.0392451196662871e-01	   1.3818750896342583e-01	   1.8294825526600636e-01	   3.1808863636350460e-01	   4.0740221134486371e-01	   4.5790720784937533e-01	   6.5666621119915225e-01	   2.2330431791198221e-01	   3.0149081816082846e-01	   6.1429226142136317e-01	   6.1905026569277055e-01	   4.3365909196884211e-02	   2.0815769410162660e-01	   1.3183295396067490e-01	   2.4847459236811362e-01	   3.1331932145494251e-01	   3.9842465145505845e-01	   3.8566125336233759e-01	   4.2983819224239722e-01	   3.2010248854477252e-01	   3.1120028783864173e-01	   1.7828183038557457e-01	   2.6306551730300026e-01	   3.9617358821169790e-01	   4.9488227623994807e-01	   2.5102008053630542e-01	   4.8820836850214722e-01	   4.1300043677483506e-01	   4.9911785769253381e-01	   5.6941798122473053e-01	   6.0501933710235400e-01	   5.8696467753177983e-01	   6.3334166566063343e-01	   3.4733351703213161e-01	   5.2404639665692954e-01	   5.4449873745386634e-01	   6.5985537264287353e-01	   6.5422098841696197e-01	   1.1755287669932837e+00	   3.1454163916204142e-01	   5.8963075607297921e-01	   6.9402091592196746e-01	   6.7596691615248028e-01	   2.0494143371190182e-01	   2.8429678497655619e-01	   7.5357656893480884e-01	   6.8360568326195303e-01	   4.1507959800125327e-01	   5.5158504128157770e-01	   2.8305302309077329e-01	   4.4743340731298276e-01	   3.7374203775177495e-01	   4.9008223568585313e-01	   5.3416558681486004e-01	   8.3905521588028054e-01	   3.0900655710740038e-01	   3.4405084284345894e-01	   5.1727937726344675e-01	   5.6262372634651170e-01	   7.5089244817245648e-01	   9.6540105490710038e-01	   8.1883373449968500e-01	   8.4370248702202411e-01	   4.3338190046273439e-01	   5.5261130771777434e-01	   6.9797080513715715e-01	   1.0193201192541261e+00	   6.7292392892159425e-01	   5.8936688947595428e-01	   2.8898157969163407e-01	   3.3083872570281303e-01	   4.1950156412809120e-01	   3.1416894589159428e-01	   6.7352574524097997e-01	   7.4752687474171431e-01	   7.7388058897505918e-01	   6.6680287580308328e-01	   2.7538302786042956e-01	   7.5944888313189129e-02	   5.5992142149413182e-01	  -3.6855930436383383e-02	   5.4449411731497442e-02	  -1.8622011245151932e-01	   3.5208690600627418e-01	   1.6506607353582153e-01	   1.2773511269858251e-01	   3.2869155981200943e-01	   4.6391873915981308e-01	   5.8069070360167296e-01	   3.0559817559435698e-01	   3.1241653622165216e-01	   5.1104038468307089e-01	  -1.2119066757514599e-01	
   8.9762862599535842e-01	   3.4004694077456682e-01	   4.7264223071281058e-01	   3.6451936899442910e-01	   4.6271224994638233e-01	   5.7540659360824575e-01	   6.6546737442759829e-01	   4.7485314791865146e-01	   6.3320315182180709e-01	   5.3588743906220448e-01	   1.1501351402869138e+00	   7.2570453318905725e-01	   0.0000000000000000e+00	   9.0818981027507450e-01	   9.3265987890126634e-01	   6.9459067545814990e-01	   4.8442761781937038e-01	   3.5667742778708317e-01	   3.3887431835292059e-01	   3.8980807069501872e-01	   3.9490016782111420e-02	   7.1911261694154308e-02	   4.5298895080573975e-01	   2.9258690468238219e-01	  -5.4279135551959359e-02	  -1.1658791941320734e-01	   3.5675332109389818e-01	   3.3707573767013094e-01	   4.9290101403522474e-01	   5.5070481916456926e-01	   6.4331711795442101e-02	   3.5550551840059182e-02	   3.6696950666399003e-01	   2.9170495201926627e-01	  -9.7507326692291091e-02	  -5.1219933780446772e-02	   1.3587852775942671e-01	   1.9447069962911540e-01	   2.3457561898246165e-01	   2.7907345595054200e-01	   2.1394587629160072e-01	   1.4864924161159637e-01	   1.2403288152379843e-01	   9.5659296751645362e-02	   4.2968437756339829e-02	   3.2847775520827113e-02	   1.9611678454742704e-01	   2.1880569186241014e-01	   3.2472497090582630e-01	   4.0444754525966098e-01	   3.5301538818739259e-01	   3.3923717530173292e-01	   5.1948236160394001e-01	   4.1405366768251795e-01	   4.1725564814198540e-01	   4.8421824580365980e-01	   1.6046573060883942e-01	   3.6086302834121836e-01	   7.4755785987725298e-01	   6.5221458878541683e-01	   8.3526433174238057e-01	   6.3790268352023372e-01	   3.5836335676750763e-01	   4.9876932236397020e-01	   5.8500125332005559e-01	   2.9908907131645207e-01	   1.1015203026149037e-01	   9.8349610429390638e-02	   6.5144940504637361e-01	   5.4208382363486884e-01	   4.0549345237854206e-01	   3.0590832624493708e-01	   2.3946354105217810e-01	   2.3945141147336724e-01	   3.3263007752494134e-01	   3.4035380620943279e-01	   4.2710189537311516e-01	   4.8241303138168012e-01	   3.2083504083727776e-01	   3.6856688609290611e-01	   3.2423626673967371e-01	   3.1115523251102845e-01	   8.7536163670744171e-01	   4.6096769225379108e-01	   5.3260714086630800e-01	   4.7140035996461505e-01	   5.3835812094211299e-01	   3.7958764266153455e-01	   6.7542554064343641e-01	   6.0648239866529918e-01	   3.7233452037500220e-01	   4.2372161020123822e-01	   2.5900049109153606e-01	   3.3782579893841941e-01	   4.4052141041708093e-01	   2.2929965756077722e-01	   4.0678212608444025e-01	   5.3097768019082148e-01	   5.0308717531624902e-01	   4.9834224086403223e-01	   2.4459579143517465e-01	   1.4677973269759664e-01	   4.0545863809256211e-01	   2.9066169407679127e-01	   2.3650269347401859e-01	   1.5965746058556760e-01	   1.4520027841695127e-01	   3.1563992468191049e-01	   7.1585396984446742e-02	   3.1409428844465942e-01	   1.6604047456820015e-01	   3.3667545136743332e-01	   2.0377352245014130e-01	   5.3048145203327868e-01	   5.0261804132362198e-01	  -2.9178196896001288e-04	
