   0.0000000000000000e+00	   1.3108319722164861e+00	   6.2281137196862058e-01	   4.6456112027893054e-01	   4.9824527279040864e-01	   5.6926589138663675e-01	   6.2032843914824576e-01	   4.5410437134184994e-01	   4.8591065580952364e-01	   5.5351583870516052e-01	   5.5876719992126533e-01	   4.2712713279535663e-01	   4.1870777430703254e-01	   4.0156617494257696e-01	   2.5231703361249580e-01	   1.9405148400356920e-01	   4.7801304927880428e-01	   5.3097281515521577e-01	   8.9924983984888285e-01	   7.8461064256101176e-01	   2.6676191630894586e-01	   3.7338753875537217e-01	   4.5028270914238605e-01	   3.4248610126406182e-01	   3.3596370289266708e-01	   3.4796310721730439e-01	   4.0478724839021907e-01	   4.2736562464857386e-01	   5.3987248119634113e-01	   5.0225590602284265e-01	   2.5698992020395661e-01	   2.5154513840865633e-01	   5.1088856999137400e-01	   4.6772669786151566e-01	   3.5470299260703116e-02	   5.0846356929862647e-02	   5.4114041867689600e-01	   4.1329345110876797e-01	   6.2567972582563192e-01	   4.6965759671400259e-01	   5.6935855536533853e-01	   2.2677731680783733e-01	   6.1025917461812573e-01	   5.2922452702730349e-01	   3.8304621740310657e-01	   5.2755527197301266e-01	   6.3811863773346600e-01	   6.1127927169629714e-01	   4.8979156256786194e-01	   4.7318401251199582e-01	   5.0378514845712163e-01	   4.3533869115851759e-01	   3.9425648421910908e-01	   5.2749341624248913e-01	   5.2988523150444855e-01	   5.5385528486091973e-01	   1.5036293045435063e+00	   1.2045756030085277e+00	   5.5364999601867826e-01	   4.5981488561541040e-01	   4.7359998570149631e-01	   2.1408076639087600e-01	   6.0400102274892009e-01	   3.6288700680776431e-01	   1.1885281066032725e-01	   6.7011765632606024e-02	   4.7340414086078614e-01	   3.5245579102208496e-01	   7.3892439299765111e-01	   7.1289685371595979e-01	   4.1603486598774653e-01	   3.1920025963518234e-01	   5.0149759979220554e-01	   3.7552845403277491e-01	   6.0018216570977845e-01	   3.0864214770634019e-01	   3.9128126516578060e-01	   3.5513111567536421e-01	   4.1351848340078179e-01	   5.2669756402231149e-01	   6.6110450746595495e-01	   6.5816007308438473e-01	   5.0793491903068011e-01	   4.8020220520140255e-01	   5.3114295287834201e-01	   5.5809608038428538e-01	   2.8928898332269415e-01	   7.9299204559842101e-02	   7.0352008536398858e-01	   6.0658349109146814e-01	   4.0413617240414679e-01	   3.7147887954821956e-01	   3.7162406291024058e-01	   5.1011950207277379e-01	   3.5107150467412740e-01	   1.7827348745024657e-01	   4.6692314499381560e-01	   4.7713106313089931e-01	   6.6833214930963369e-01	   5.6330079669549971e-01	   5.4766030716132807e-01	   4.5524313049568044e-01	   5.7949206783114593e-01	   7.4362992795716165e-01	   1.2250523039775740e-01	  -8.1811148815502194e-02	   2.3299381511029810e-01	   1.1679604509111391e-01	   3.4028654455887646e-02	   1.5736234670664292e-01	   4.9211630722043703e-01	   7.1174975903115278e-01	   3.9922752621963831e-01	   1.7574154657202234e-01	  -9.6307971941719077e-03	  -2.1298018735263008e-01	
   1.3108319722164861e+00	   0.0000000000000000e+00	   6.0323530911982282e-01	   4.5726158910007442e-01	   4.9891304566442085e-01	   4.1675208828850863e-01	   4.5042343051077094e-01	   3.1634389088977605e-01	   3.7729742679618766e-01	   4.5121501829720834e-01	   2.4320537287115093e-01	   2.4060391268246925e-01	   1.5605678621096061e-01	   2.2578372364199845e-01	   1.2132498699866007e-01	   4.6189660160276431e-03	   2.1280169542198774e-01	   3.7097452549847959e-01	   6.3923490679932948e-01	   6.1559394322167715e-01	   3.0760502355985153e-01	   3.6071746078966216e-01	   4.7474581833188906e-01	   3.8080631092182304e-01	   4.8128732419898873e-01	   4.4452242790519869e-01	   4.8777935825509067e-01	   5.2511839146553974e-01	   2.5223726403587921e-01	   3.2100028313571938e-01	   3.2158212488923371e-01	   2.5961524566659366e-01	   3.6231744696024776e-01	   3.8139874404651036e-01	   1.2801085348142371e-01	   9.4332507756361594e-02	   4.6920301288849620e-01	   3.6268735021173570e-01	   5.8966479569739327e-01	   4.7717101376071813e-01	   4.5661423538163098e-01	   2.1131584457340361e-01	   5.6204762224237914e-01	   5.6909103196898125e-01	   3.2788984221023026e-01	   5.1193067634057865e-01	   5.6886335647765240e-01	   6.3062622372877697e-01	   4.6511163306815134e-01	   5.2873855034977457e-01	   4.4206682738334213e-01	   4.0458297413793032e-01	   3.4346958577687958e-01	   4.5014023044794116e-01	   4.4383690072096782e-01	   5.1806572988049227e-01	   1.1018585145049864e+00	   9.7232363861612925e-01	   2.3152686849742687e-01	   2.8668078470252450e-01	   2.1503645754909731e-01	   7.3986484675770070e-02	   3.2151357102874994e-01	   1.3404646591165542e-01	   1.9692658276476155e-01	   1.2344670312353437e-01	   3.5588434700010707e-01	   3.1903971480969451e-01	   6.6584619921874622e-01	   5.5199625606571434e-01	   3.2233125497272636e-01	   1.7230336720697670e-01	   2.4333179880763489e-01	   2.0390059799226223e-01	   3.2998800723373728e-01	   1.2623859932145615e-01	   1.7004683829613954e-01	   1.7561972434708389e-01	   2.4630973934439121e-01	   4.9394025946718140e-01	   4.6162490609928869e-01	   5.6812888375511650e-01	   3.7222202856496511e-01	   3.0998390287079097e-01	   3.4081368133502354e-01	   4.8363670803417391e-01	   1.8658309219576713e-01	   1.3414559060027081e-01	   5.3510551427647857e-01	   5.0785869203122291e-01	   2.4035286007194928e-01	   2.0376633756623527e-01	   2.1060705217683326e-01	   3.2674189194156672e-01	   2.5542249604714823e-01	   1.1250673421492240e-01	   3.7501538713560323e-01	   4.4231711687266634e-01	   5.0225577056605364e-01	   3.5503821829996773e-01	   3.3073557409685933e-01	   1.6278528948383941e-01	   3.9780859087499965e-01	   4.1480275089260787e-01	   5.6318530619966480e-02	  -6.3831814750009541e-02	   2.2796346691303687e-01	   1.3082473390141373e-02	   4.1741763818634071e-02	   3.7771896124871432e-02	   3.8255918042231252e-01	   5.2645749463679814e-01	   1.9235161769173517e-01	   2.8162938754232977e-02	  -8.6279132822212543e-02	  -2.4928368460951261e-01	
   6.2281137196862058e-01	   6.0323530911982282e-01	   0.0000000000000000e+00	   9.8583669025658516e-01	   8.2182734507116084e-01	   6.6751841219331565e-01	   9.7444888398354690e-01	   7.1484119386878353e-01	   5.0983772042073905e-01	   4.7819992602520989e-01	   1.2497006565413778e-01	  -1.9000820940116268e-03	   1.7379203373374344e-01	   1.3139570911061746e-01	   2.5149378728188398e-01	   5.8612718492880717e-02	  -2.5409140510572303e-02	   3.8173202335850594e-02	   7.0821215564513917e-01	   8.0588538988031810e-01	   4.5247963663536084e-01	   8.2558903528859440e-01	   1.3061940696931247e+00	   1.0923595257674863e+00	   9.6312956939169758e-01	   1.0231689316579622e+00	   1.0857038414740114e+00	   9.3947877788362311e-01	   1.3731138147928895e-01	   8.7279347320473710e-02	   1.0629516060536899e+00	   9.6105255957361502e-01	   8.9223813736450364e-01	   9.1485860711216116e-01	   6.6510362451484273e-01	   6.0497604178690778e-01	   4.4106857174808139e-01	   2.4607241783474482e-01	   6.2014564328287280e-01	   5.0464461322226772e-01	   3.3069083883980754e-01	   4.4300289324262828e-03	   5.6448495389895381e-01	   4.7478922665752377e-01	   2.6477791736093492e-01	   3.3664361126705644e-01	   4.1966321989909605e-01	   5.4630360019156021e-01	   2.0499095335099157e-01	   2.3667981567692775e-01	   3.6206136665465954e-01	   3.5527307774681677e-01	   4.5175315815669631e-01	   6.7657792030174724e-01	   3.4371316765553567e-01	   3.7719972332582308e-01	   4.2728195055418344e-01	   4.6289451155158123e-01	   2.9183637730646439e-01	   3.9717583009792146e-01	   2.0677880202371418e-01	   2.1448953196568488e-01	   2.6477512581072271e-01	   4.6235699091094568e-02	   7.0022696396489337e-01	   5.5702294049279244e-01	   7.5634479365439089e-01	   7.4009882802289595e-01	   9.0261980358874461e-01	   6.6772506881289728e-01	   4.1780649558391603e-01	   5.5198695494910566e-01	   4.1375494299968524e-01	   1.7890857947658340e-01	   3.2882470606475028e-01	   1.4660740364140484e-01	   3.3357662497954516e-01	   3.9188937430079002e-01	   1.7977258965019827e-01	   4.2400862377634951e-01	   1.8319562779323398e-01	   5.4465461526703285e-01	   4.5768835708222239e-01	   3.5722011797621067e-01	   5.0120488419492060e-01	   8.9911219107751261e-01	   8.5468249861898674e-02	   4.4615655808488308e-01	   5.7188939667303351e-01	   7.9470456400568446e-01	   6.1848359482521498e-01	   6.1243457540132573e-01	   5.9184883711908864e-01	   8.3803863185558281e-01	   3.8663811551060723e-01	   1.7634883438771110e-01	   3.6369890594626458e-01	   2.9546017818614129e-01	   4.3606953742744042e-01	   1.3508468389904413e-01	   2.5668548306530936e-01	   2.2287280641549023e-01	   4.0424703595156386e-01	   4.0457755142310292e-01	   1.3616001042981052e-01	  -2.2330448630175662e-01	   4.3740616286443268e-01	  -8.9736801170648348e-02	   1.9902475049100110e-01	   3.8652101185573426e-02	   5.9752085035892988e-01	   6.1945077302611384e-01	   2.6864153231727012e-01	   9.2344355985393964e-02	  -1.1144617678761648e-01	  -5.4895374773247585e-01	
   4.6456112027893054e-01	   4.5726158910007442e-01	   9.8583669025658516e-01	   0.0000000000000000e+00	   3.7484985447516322e-01	   8.3108053381757474e-01	   7.5660317433576685e-01	   1.3023970922167707e+00	   3.9350643889534015e-01	   3.7822391224806601e-01	   1.0185476974713085e-01	   8.6602567692639423e-02	   2.1767126432363318e-01	   4.2903166569851858e-01	   4.7806994839943023e-01	   4.3738916601180755e-01	  -9.6260622791511236e-02	  -1.4151597628224222e-01	   5.4163880882863658e-01	   7.1539062078654947e-01	   1.4144307039607940e-01	   5.9456245706847477e-01	   1.0498685988746246e+00	   1.3103974577119648e+00	   7.3080162683098970e-01	   1.0328192069920701e+00	   7.1327390480861785e-01	   7.0622848129687699e-01	   1.4105910336687763e-01	   1.3276871769617157e-01	   8.7666227336016400e-01	   1.0791466310088136e+00	   9.1631348556688175e-01	   1.1587440469529819e+00	   8.2955500568360852e-01	   1.0396372907026397e+00	   5.9064657031881396e-01	   4.8284987617931097e-01	   6.1456212077816263e-01	   6.9106555338446030e-01	   1.3991482659217355e-01	   1.1973612417987466e-01	   7.8696735335658952e-01	   6.3566274846238524e-01	   4.5303063320150583e-01	   5.5173520387243480e-01	   6.0024729407982247e-01	   7.1570728667752592e-01	   3.8250824322343679e-01	   4.0557855545331323e-01	   5.8284462376312740e-01	   5.8129038699447300e-01	   7.8387705060949509e-01	   8.1111681845431405e-01	   6.5134812221215066e-01	   6.5129871249581228e-01	   1.9869190989645780e-01	   2.8012974238157173e-01	   3.4255690314649823e-01	   7.2555822798373093e-01	   3.0042550927814643e-01	   4.6026456791219805e-01	   1.0425597556481081e-01	   2.6331798411015548e-02	   7.2299145843758583e-01	   8.7745951994937499e-01	   1.0445147614147552e+00	   1.2878459698396885e+00	   9.0425894561925879e-01	   7.4591985772976677e-01	   4.3400374334171807e-02	   4.1305169129057495e-01	   3.5208414706052876e-01	   1.4410883719707426e-01	   2.5551719930268307e-01	   2.3215683680325136e-01	   3.5036489960911621e-01	   4.5900333553598149e-01	   1.0149019182447672e-01	   2.3170220721666673e-01	   8.6719566987467120e-02	   4.1084770257549852e-01	   5.7319814055457285e-01	   3.8873082158178945e-01	   6.2791248502391683e-01	   1.1997398159293873e+00	   2.4147465708040264e-01	   6.9920689401841485e-01	   7.6587305655746540e-01	   1.0926586822914242e+00	   8.8046457576265902e-01	   6.5970813923556304e-01	   8.5569384332540799e-01	   7.0940024575698790e-01	   3.3351539452887025e-01	   3.0292011312278416e-01	   5.1946914069926720e-01	   3.7979243731105150e-01	   5.9133198356905858e-01	   2.0621696409867069e-01	   2.8596024109806539e-01	   8.1563741571452700e-02	   4.0535813378883173e-01	   3.0680472168853246e-01	   3.2509469405141661e-01	  -2.6492789146269319e-01	   6.8487228838312575e-01	  -1.4240271057861163e-02	   3.8117565616863619e-01	   1.7040060626270803e-01	   6.0796279221633620e-01	   6.7308549906504433e-01	   3.6160128207985742e-01	   1.8106855863788460e-01	   9.6835215792635598e-02	  -5.5403511933331262e-01	
   4.9824527279040864e-01	   4.9891304566442085e-01	   8.2182734507116084e-01	   3.7484985447516322e-01	   0.0000000000000000e+00	   6.5279277499553856e-01	   8.9829386430304226e-01	   3.8008247768342490e-01	   9.7946621219838126e-01	   6.9778111262901144e-01	   2.2930910740187371e-01	   1.3645420820752530e-01	   3.2931646490115846e-01	   1.7247889001932371e-01	   5.0749888340173785e-02	  -2.3534530364003792e-01	   1.1386691315475050e-02	   1.0683215691920847e-01	   3.5859660359611262e-01	   2.7298099430425354e-01	   6.9399048168642896e-01	   6.3322137179813953e-01	   6.5399265948133412e-01	   4.8446197450578443e-01	   5.9184429711633002e-01	   6.4555547303691529e-01	   7.9123215266573954e-01	   6.3172832359780728e-01	   1.0540918721134417e-01	   1.5416046995456467e-01	   5.6206656517838072e-01	   5.5601489434588247e-01	   2.6788517546210056e-01	   3.5172650236083408e-01	   1.3807661827066822e-01	   1.1044511808518777e-01	  -1.4764583559797526e-02	  -8.5027585098594996e-02	   2.5701727980040906e-01	   6.1944261988978809e-02	   2.3970094298990019e-01	  -7.9814980332804486e-02	   1.7527450416099241e-01	   1.3801990802485473e-01	   1.3517151143652104e-01	   1.6070359822096830e-01	   1.8044913047730018e-01	   2.2098852040617872e-01	   8.5213938222839777e-02	   8.8829060634574297e-02	   1.0226796553574734e-01	   1.2112051839311090e-01	   1.5875915572009858e-01	   3.4115524452543261e-01	   7.3009388996711500e-02	   1.2733607455193013e-01	   4.4459904517461779e-01	   4.0524921907856204e-01	   1.9572000993490174e-01	   2.4461153179284667e-01	   3.0402419559528304e-01	   4.4783425673876670e-01	   3.4220484316393035e-01	   2.2060463375097539e-01	   2.4355331432802946e-01	   3.0730373378523379e-01	   1.9982785298757283e-01	   2.1971838080065298e-01	   3.2575276598490310e-01	   1.8801789705023506e-01	   6.6073487702492584e-01	   5.0590777952042998e-01	   2.9180439682243797e-01	   1.1595812042677643e-01	   4.0230388119178628e-01	   4.4026709912612268e-02	   9.3593697830921363e-02	   1.2659141532951168e-01	   1.4844213592512984e-01	   4.1174226890940846e-01	   3.3048825242032581e-01	   5.9823883458788185e-01	   5.0235718453808656e-02	   1.2765527425756168e-01	   2.3220683602125725e-01	   4.8515057116819621e-01	  -4.2155733133839046e-01	  -3.6014258375664833e-02	   2.2517985150781447e-01	   4.5266719747958262e-01	   2.1285460724641631e-01	   1.7591762230910976e-01	   2.4284408066401869e-01	   3.3708254123403925e-01	   8.6798247840087384e-02	  -9.6523610328010184e-02	  -1.6757271349645223e-02	  -5.9043686122891188e-03	   2.0455395104590987e-01	   5.2400884663364219e-02	   1.3550391581761978e-01	   1.4142075483235098e-01	   1.0278990004200244e-02	   9.5424161730703019e-02	  -8.1664013944259040e-02	  -2.0099003213241765e-01	   1.3392501122459268e-02	  -1.8014502343174910e-01	   1.0113452360879546e-01	   2.5680053157871099e-02	   2.3459434026916198e-01	   2.6199631306522880e-01	   1.4024843898321288e-01	  -4.6606782306628540e-03	  -1.0429153574956042e-01	  -1.3537253090116591e-01	
   5.6926589138663675e-01	   4.1675208828850863e-01	   6.6751841219331565e-01	   8.3108053381757474e-01	   6.5279277499553856e-01	   0.0000000000000000e+00	   1.3487557503120955e+00	   1.2394782167752680e+00	   9.7044904824896672e-01	   9.0533228292687962e-01	   5.8252199491959722e-01	   4.8844838506604082e-01	   7.8918549646126168e-01	   7.6394252584635525e-01	   6.7161366453842786e-01	   4.6908962525045805e-01	   1.9801367619627425e-01	   2.3385166842970168e-02	   6.6724593670911281e-01	   6.1705571366669587e-01	   1.8663629225639558e-01	   4.7826650487851613e-01	   7.2950943571749027e-01	   6.6593239399641502e-01	   3.4507326275054057e-01	   5.8913145493467323e-01	   4.8322126318642711e-01	   5.1771080618557519e-01	   4.3859148493053418e-01	   2.9121153355726137e-01	   3.9229605655353034e-01	   5.8740957076346745e-01	   5.8518632057161735e-01	   6.7009463689794413e-01	   2.4932269133976764e-01	   3.9427734048568308e-01	   3.7394757473314022e-01	   2.4788002986986718e-01	   3.6231961307752125e-01	   3.3065907460181748e-01	   3.6860638695447179e-01	  -2.7429998028800529e-02	   5.1923051713790902e-01	   3.3673466064759766e-01	   3.6391190669616891e-01	   3.7717458301433016e-01	   5.0881789230115237e-01	   4.9372314138744100e-01	   3.5585516841812548e-01	   2.8668941000551934e-01	   4.3555095033706770e-01	   4.1544755963277463e-01	   5.4116426482535529e-01	   6.8059928559652794e-01	   5.3835655576804509e-01	   5.3893974382412313e-01	   3.2097582647478556e-01	   3.7596056921476129e-01	   6.2965709887695509e-01	   7.2646276153941669e-01	   8.0630403992221988e-01	   7.8672421733927156e-01	   5.0960416022544996e-01	   3.4429291617024615e-01	   3.6856877290212753e-01	   4.7011045582952360e-01	   6.5523339390325785e-01	   6.1254074915094092e-01	   6.1709651912297203e-01	   5.7744150910565140e-01	   2.6567122994202036e-01	   6.1379393287022310e-01	   5.5664951677691010e-01	   3.1336583678231134e-01	   7.2040067813666331e-01	   4.5961675183574291e-01	   4.9366430122536586e-01	   3.9611115704938127e-01	   2.6333201657373673e-01	   3.0275391173072630e-01	   3.9356021445476402e-01	   6.2118739908935416e-01	   6.1753129690778152e-01	   2.4435852649051004e-01	   7.0905733371605650e-01	   8.3717066545962637e-01	   2.1419940319781842e-02	   1.4655967072600540e-01	   8.1765476491878697e-01	   9.3818548421038017e-01	   7.6649111570637718e-01	   5.2279179389925712e-01	   8.6755974455374341e-01	   6.8556474446557392e-01	   2.3211290472331661e-01	   9.0325069952508608e-02	   2.2634784372902092e-01	   1.5095948378570645e-01	   6.3171239551855751e-01	   3.6344952523033325e-01	   4.7839477134702441e-01	   3.2883940834697373e-01	   3.1126074905473133e-01	   3.8006685301846732e-01	   1.2696425149988250e-01	  -2.5995096417405716e-01	   3.3749973981873527e-01	   9.8608805723109941e-02	   1.1430151691227457e-01	   1.2296055660669327e-02	   2.7757452241911795e-01	   5.2182150692237195e-01	   3.5729138730883703e-01	   1.3419837803182846e-01	   1.3635499626111361e-01	  -3.8575178030294338e-01	
   6.2032843914824576e-01	   4.5042343051077094e-01	   9.7444888398354690e-01	   7.5660317433576685e-01	   8.9829386430304226e-01	   1.3487557503120955e+00	   0.0000000000000000e+00	   1.0133162575231469e+00	   1.0414268992141171e+00	   9.0310409328734953e-01	   6.3010140804408521e-01	   4.4984157513905121e-01	   8.6972747191033450e-01	   6.2954460841119098e-01	   5.1967670034862823e-01	   3.1866472129507178e-01	   2.1561817416708734e-01	   8.6215138707747996e-02	   7.1370086368539865e-01	   5.8031525787206162e-01	   2.6819037287843456e-01	   4.9938242850390385e-01	   8.6190326210973256e-01	   6.8893384982043404e-01	   3.8921746884919178e-01	   5.7596006326189109e-01	   5.8937127556547753e-01	   5.7589747010887249e-01	   4.2747197922235058e-01	   2.6079854410469822e-01	   5.1430311149975039e-01	   6.7084013077060023e-01	   6.5464651604856461e-01	   7.0806565616995898e-01	   2.2015999583121171e-01	   3.0215366027650103e-01	   3.5470294194944491e-01	   1.8274649804939114e-01	   3.6220802619802583e-01	   2.6657689207678525e-01	   4.4562253891726450e-01	  -9.5269573971284577e-02	   5.1615121857625834e-01	   3.6298204533657302e-01	   3.5395480219657655e-01	   3.7728634079877688e-01	   4.7056447074775259e-01	   4.9031962843908922e-01	   3.5980470025947253e-01	   2.6590003123981015e-01	   4.3004243102589434e-01	   3.6678432610267264e-01	   4.4027869533205932e-01	   6.0780301882699161e-01	   4.6677349734198614e-01	   4.9986707218269200e-01	   3.6664059794586018e-01	   3.8308451443602354e-01	   5.8559028455257378e-01	   5.7663202136478875e-01	   7.3841291044391622e-01	   6.4347464839157376e-01	   6.7800906142188733e-01	   3.6586039345440685e-01	   3.6449223077706183e-01	   3.9388021424126513e-01	   5.8730869125172558e-01	   5.0864123464776323e-01	   5.0593580920076908e-01	   4.3463187665609077e-01	   5.3377123315806119e-01	   6.5372687558136944e-01	   5.8874858253121454e-01	   3.0552089945681626e-01	   7.1366188735483160e-01	   3.9768626685114083e-01	   5.1541143394314626e-01	   4.4813209279368843e-01	   2.6918508056274065e-01	   3.9799639681140209e-01	   4.3825348475880743e-01	   7.0271041447153626e-01	   5.2974492905743165e-01	   2.5432256200275183e-01	   7.3162560681542022e-01	   7.9590420265792639e-01	   3.3036136572167557e-02	   1.8135922277942396e-01	   7.0087615316901375e-01	   8.5651440952087310e-01	   6.3670956401912049e-01	   4.9208484072763820e-01	   6.8599214172085810e-01	   7.0816902858665454e-01	   3.2608320702619936e-01	   1.1362201984213818e-01	   2.5153831534857596e-01	   2.3254207155570483e-01	   5.9804656829934155e-01	   3.8480340687083964e-01	   4.3089249721169837e-01	   3.5615885346184800e-01	   3.1537421087528411e-01	   3.6378251053550292e-01	   1.2013682985252763e-01	  -1.8977449095124052e-01	   2.5694155195179641e-01	   5.1230730678567080e-02	   3.7366571701339495e-02	   5.3756738138995216e-02	   3.7359610304074642e-01	   5.4101326103725700e-01	   4.3209892639793501e-01	   1.7148180874730715e-01	   1.1452631442767387e-01	  -3.3002652353502659e-01	
   4.5410437134184994e-01	   3.1634389088977605e-01	   7.1484119386878353e-01	   1.3023970922167707e+00	   3.8008247768342490e-01	   1.2394782167752680e+00	   1.0133162575231469e+00	   0.0000000000000000e+00	   6.1495646815535165e-01	   4.9620610474170856e-01	   4.4420955093149828e-01	   4.1918119572243662e-01	   5.7740709221831155e-01	   7.9188103679891864e-01	   7.9931112366016954e-01	   6.7728949306659747e-01	   1.8334681885091081e-01	  -2.0646764569801836e-02	   6.0042927661139189e-01	   6.9254072902421460e-01	   7.1865606108925020e-02	   5.1915067624698785e-01	   8.7860813625573253e-01	   9.5916206628531642e-01	   4.3665396423993508e-01	   7.0091010663321729e-01	   5.1351223846530969e-01	   5.1959778359855702e-01	   3.9662728835754507e-01	   2.1340651775746092e-01	   5.4863339325674476e-01	   8.1678222660365829e-01	   8.8464366854556942e-01	   1.0806522473803306e+00	   5.5266825264476771e-01	   7.6466485318003841e-01	   5.5970340593205004e-01	   4.0254959637105131e-01	   5.3313554510757921e-01	   5.2559117482123519e-01	   2.7242586203502783e-01	   3.3425568229252745e-02	   7.0990136424861083e-01	   4.9853218318470160e-01	   4.3845647579406577e-01	   4.7855088852636579e-01	   6.2055216557896054e-01	   6.5044467058296074e-01	   3.9263184923379757e-01	   3.3727964992438553e-01	   5.9155977596185505e-01	   5.5990245986989817e-01	   7.5483823529406024e-01	   8.1600200467106532e-01	   6.8578361442413927e-01	   6.5910343236335400e-01	   1.9621910101822801e-01	   2.5757363107012010e-01	   5.5609834782734424e-01	   8.1470249105126613e-01	   6.9064053929415281e-01	   8.0914759649691759e-01	   3.4074892872969859e-01	   3.0526735769840635e-01	   5.6707059318362019e-01	   7.6663878279469977e-01	   9.7096921022712435e-01	   1.0025348703422159e+00	   7.5243496633722162e-01	   7.2627608065509308e-01	   1.0579651894475009e-01	   5.7574617426564467e-01	   5.6807384680946371e-01	   3.1055602766140694e-01	   5.5081037630343388e-01	   4.7735183559940092e-01	   6.1071402158078680e-01	   6.1635669015910310e-01	   3.0944913687230324e-01	   2.6985156648811282e-01	   3.0092839843170877e-01	   5.0305267917241936e-01	   6.4629118785205186e-01	   3.1306249714207596e-01	   8.2868982355822829e-01	   1.1095642488955846e+00	   1.6867350134324072e-01	   3.3999031908690597e-01	   9.2449758209413990e-01	   1.0731624044831769e+00	   1.0638855668785516e+00	   6.7002919001626626e-01	   1.1196844780495141e+00	   7.6698536653532179e-01	   3.3556327561762633e-01	   2.4913110813860334e-01	   4.5871236233234974e-01	   3.6063987161230987e-01	   7.1318723856573552e-01	   3.7810989609124895e-01	   5.1551687437972538e-01	   1.9617414949080736e-01	   4.8981784178247362e-01	   4.3076869314805122e-01	   2.9186419073224723e-01	  -2.9644608418942225e-01	   5.7017963569713537e-01	   8.4903443169365031e-02	   2.7971645018278096e-01	   2.1512191742030246e-01	   5.6577502844743788e-01	   6.7790222873306316e-01	   4.6295822628953975e-01	   2.2605856917561515e-01	   1.9444633547143203e-01	  -4.7804254850917849e-01	
   4.8591065580952364e-01	   3.7729742679618766e-01	   5.0983772042073905e-01	   3.9350643889534015e-01	   9.7946621219838126e-01	   9.7044904824896672e-01	   1.0414268992141171e+00	   6.1495646815535165e-01	   0.0000000000000000e+00	   1.0244145805147331e+00	   4.9863544942353516e-01	   3.4921976290573986e-01	   7.5434469086883349e-01	   6.7273995812603216e-01	   4.9930112186232395e-01	   2.3537442892650567e-01	   1.3059860589559547e-01	   3.9393978129770447e-02	   3.3070575800825835e-01	   2.4536634558392523e-01	   2.6993318705845770e-01	   3.2325943693287590e-01	   4.7219354280932319e-01	   3.1487639180142285e-01	   2.7810466605685763e-01	   3.8866908056939925e-01	   3.6957678757626566e-01	   2.6725585435324006e-01	   2.2471097944263210e-01	   1.3551485260273141e-01	   2.1241634910958432e-01	   3.1083943571653677e-01	   1.7980055836955314e-01	   2.8684892948431273e-01	   6.4631103428025083e-02	   8.3916727100337915e-02	   1.2634670240177537e-01	   1.0257101206633984e-01	   1.8973287445249212e-01	   8.5745128550112598e-02	   2.5952841296797602e-01	  -2.0751614697681511e-01	   3.4116634909621846e-01	   2.1638256568459269e-01	   2.5152519133021095e-01	   2.7156761823865977e-01	   3.9533743023838236e-01	   3.5478623068095544e-01	   3.4327234116582261e-01	   3.0058090618506494e-01	   3.6873714762746573e-01	   3.2056678703801916e-01	   3.9107241521043346e-01	   4.5785024078374215e-01	   3.8704120622831339e-01	   3.9203239704544762e-01	   3.4043752792614440e-01	   2.5657142013580136e-01	   4.4237323859616912e-01	   4.4141787886129480e-01	   6.5360871530214382e-01	   6.0942374379581910e-01	   3.8001110304126373e-01	   2.0855745546300689e-01	   1.8492110290374569e-01	   2.5406873577341427e-01	   2.8572738005836429e-01	   2.3071386734584187e-01	   2.7965951326671834e-01	   1.8350595073675946e-01	   4.0104638819399074e-01	   4.0124359573020590e-01	   3.2357215440101456e-01	   1.2262617295505861e-01	   5.6052356413724125e-01	   1.6420959653910097e-01	   2.2043437911702379e-01	   1.2272096769826925e-01	   1.5867983523392915e-01	   2.6597091806700185e-01	   3.6997503646895186e-01	   4.8262818040985311e-01	   1.9212111956511996e-01	  -4.5392200062010878e-04	   4.3477227662785767e-01	   4.7382518267675233e-01	  -2.7251230441562746e-01	  -1.9083319511657587e-01	   4.7035738143690065e-01	   6.0165932865628335e-01	   4.0990907082349676e-01	   3.1118091050349161e-01	   4.2009131989574811e-01	   3.9084596866043309e-01	   1.0787586335972474e-01	  -6.1013135444593525e-02	   5.6499428765741495e-02	   1.0939493417043013e-01	   4.3913978719355884e-01	   3.3521181156394930e-01	   2.2881657669414152e-01	   2.4752327680369529e-01	  -1.8095624548969885e-02	   1.5574086061954559e-01	  -1.0669979858565679e-01	  -2.4479867269483357e-01	   5.4297115197483009e-02	   7.3265688684688135e-02	  -9.0361551200993456e-02	  -5.9326208468378411e-02	   1.4971859903738940e-01	   3.7044222446481995e-01	   2.7380770790552711e-01	   5.9890252281561814e-02	   2.7560668259718139e-02	  -2.3508533267599835e-01	
   5.5351583870516052e-01	   4.5121501829720834e-01	   4.7819992602520989e-01	   3.7822391224806601e-01	   6.9778111262901144e-01	   9.0533228292687962e-01	   9.0310409328734953e-01	   4.9620610474170856e-01	   1.0244145805147331e+00	   0.0000000000000000e+00	   3.2446487730850199e-01	   3.8006984094250579e-01	   5.2605834830051279e-01	   5.4183036006360252e-01	   1.9594055261274373e-01	   1.0530999271457103e-01	   1.8602444385042983e-02	  -1.9695440932948273e-03	   3.9006246681172629e-01	   3.5710523710163244e-01	   2.3016566826650103e-01	   2.6489005059965692e-01	   3.7434189310234084e-01	   2.6441258109298132e-01	   2.8134367143564132e-01	   3.4234823201765563e-01	   2.5104989035174291e-01	   1.6248136278912581e-01	   1.5267127076507300e-01	   1.0370845412793425e-01	   1.9733085595517302e-01	   2.6554675788560178e-01	   1.6431032742768403e-01	   2.2052722995831794e-01	  -4.8374565931028580e-03	   4.2349170140157349e-02	   1.4208209196043112e-01	   1.6999484155750044e-01	   2.4926717564241385e-01	   2.0917189776795833e-01	   2.4104708608210706e-01	  -1.0875750544007898e-01	   2.6426684796810351e-01	   1.5056513555394818e-01	   1.3791620389526393e-01	   2.2379325877207407e-01	   3.1089641481101837e-01	   2.7503638843761313e-01	   3.0248540517640393e-01	   2.5308530265425089e-01	   2.7984249020908569e-01	   1.9409860696030873e-01	   2.9737916074851845e-01	   3.5867040133395728e-01	   2.8718332333837054e-01	   3.3743812365716225e-01	   4.0301697076216919e-01	   4.2968643146205981e-01	   3.7572024354289074e-01	   4.6621011043574628e-01	   5.4796945429710731e-01	   4.9050845418909850e-01	   3.5165200949344733e-01	   1.3330831370753596e-01	   1.1846680862781792e-01	   2.1098953570827866e-01	   1.8070404250521582e-01	   1.8085252679813055e-01	   3.3039654290675285e-01	   2.9634168451601411e-01	   3.7727264180032821e-01	   3.3199217240103296e-01	   2.3230994337166866e-01	   7.8718000002584845e-02	   3.9460272226682835e-01	   1.3204824313427307e-01	   7.4911492365775115e-02	  -1.0638138689382556e-03	   8.7424911433784502e-02	   2.3012183060462921e-01	   2.9184988430637110e-01	   4.0966759161584992e-01	   1.2006170244568296e-01	  -8.1057043905624626e-03	   3.1893435275397847e-01	   4.0169636285902938e-01	  -1.8146144270584627e-01	  -8.2657658546778812e-02	   4.9040443185951810e-01	   6.1957424293608576e-01	   3.3646751209864495e-01	   1.9539310143286626e-01	   3.6300280027255388e-01	   3.7795730563140134e-01	   1.7242740128671880e-01	  -1.4322500651709719e-02	   5.2874680201551463e-02	   1.0347946054641101e-01	   2.8506080212004437e-01	   1.6431351948747872e-01	   1.2645441628581891e-01	   2.9179747550954993e-01	   3.5965762653722158e-02	   2.0325720529107261e-01	  -6.2660048741482968e-02	  -1.5706503989914555e-01	   3.5885741976169214e-02	   1.5198060055859353e-02	  -1.1122432545387759e-01	  -1.4347365097638484e-01	   7.3979890341002802e-02	   2.4910412259948439e-01	   2.1930737481303705e-01	   5.3252367909568554e-02	   2.4848029601392239e-02	  -1.6225749870296441e-01	
   5.5876719992126533e-01	   2.4320537287115093e-01	   1.2497006565413778e-01	   1.0185476974713085e-01	   2.2930910740187371e-01	   5.8252199491959722e-01	   6.3010140804408521e-01	   4.4420955093149828e-01	   4.9863544942353516e-01	   3.2446487730850199e-01	   0.0000000000000000e+00	   1.1104623265060951e+00	   1.4109430322206524e+00	   8.5173196595176492e-01	   6.7806362464845604e-01	   6.0585095240888043e-01	   9.0375767975274912e-01	   5.6042181634767840e-01	   5.4309333448637975e-01	   3.2062714838819234e-01	  -8.5152691498677310e-02	  -5.5543212068897889e-02	   2.4973819215400389e-01	   1.1773322264597642e-01	  -2.4345019511243710e-01	  -1.0814954792807488e-01	  -3.5321055035493272e-02	  -5.8419421432668241e-02	   9.7015594461086752e-01	   6.6792553271925337e-01	  -1.0670603132942505e-01	   3.9588630004890213e-02	   3.0244717382276015e-01	   2.2285152805599934e-01	  -2.6521470799438762e-01	  -1.5536549189127258e-01	   3.8330951114556394e-01	   2.6199509244032843e-01	   1.2562393817443351e-01	   5.6837834481180814e-02	   5.9971667561881803e-01	   5.7081074411855871e-02	   3.2957741331688767e-01	   1.9215194748763539e-01	   2.6890472364197349e-01	   2.4332152246008548e-01	   4.0228346843159668e-01	   2.7163004858330153e-01	   3.3075891859992418e-01	   2.2586670037604847e-01	   3.4924812678310579e-01	   3.1059337153013311e-01	   2.9899827327008610e-01	   3.6756129547151506e-01	   4.0431771704371561e-01	   3.5224760926795406e-01	   4.1644960040774259e-01	   3.7135881129590731e-01	   7.7709209649180722e-01	   3.7567754714577795e-01	   1.0898680308166919e+00	   5.4939118625537997e-01	   1.1109596802463477e+00	   8.3620510796138503e-01	  -8.2969617005103930e-03	  -7.2364380114434274e-02	   2.3797824682484148e-01	   4.4787649994659499e-02	   1.5229483189360071e-01	   2.3972241648445708e-01	   4.2877301674544721e-01	   3.3626219684195086e-01	   6.9702538979202400e-01	   6.0392938978971666e-01	   8.6312732002812220e-01	   7.1382169329808920e-01	   7.1256038151867118e-01	   5.4865876841249084e-01	   5.7496841635901830e-01	   4.0570305408845869e-01	   8.4076535307878153e-01	   6.5793472351960403e-01	   5.7819533358518294e-01	   4.0897256919214192e-01	   7.7452023826656069e-01	   3.3093069612052556e-01	   2.5847573523035849e-01	  -1.3567388137393838e-01	   5.8485917337643178e-01	   3.4837190712338184e-01	   3.8935984643289318e-01	   3.5304576053207731e-01	   4.3906685981224214e-01	   4.3987138594835384e-01	   2.8084617798468697e-01	   1.0115619264943190e-01	   2.8889708047990714e-01	   2.8776092588267332e-01	   6.3176537357404827e-01	   8.3161998030088125e-01	   7.8051646161248289e-01	   5.0202989775521256e-01	   4.2090230219663255e-01	   5.0638190766248004e-01	   1.4435409719293599e-01	   6.9194345488628406e-02	   1.6788248149572099e-01	   4.3300299608964177e-01	  -1.3277007371367791e-01	   1.9532424887608324e-01	   2.6040829944119931e-01	   4.8497803216220448e-01	   5.6221833625650763e-01	   2.4300337591389601e-01	   2.7342267182573166e-01	  -2.7066330655636510e-02	
   4.2712713279535663e-01	   2.4060391268246925e-01	  -1.9000820940116268e-03	   8.6602567692639423e-02	   1.3645420820752530e-01	   4.8844838506604082e-01	   4.4984157513905121e-01	   4.1918119572243662e-01	   3.4921976290573986e-01	   3.8006984094250579e-01	   1.1104623265060951e+00	   0.0000000000000000e+00	   9.3677297697348039e-01	   9.0914426398039971e-01	   4.6388832229386778e-01	   4.7669374656678887e-01	   6.7956840653369477e-01	   5.4406694699821168e-01	   3.7693006795151190e-01	   2.3743381160519728e-01	   1.4472182840539688e-02	  -5.8458931524965958e-02	   1.7119905926916601e-01	   9.5132161958052158e-02	  -2.4985140709089654e-01	  -1.2379039596480999e-01	  -1.5059425177349925e-01	  -1.6153341622984416e-01	   8.3647577185454669e-01	   7.8264493566667492e-01	  -7.6824801931664591e-02	   5.2804978474473491e-02	   1.6109665118637437e-01	   1.2602010920007944e-01	  -3.5133741418414349e-01	  -2.0071131185500835e-01	   4.3219387060741360e-01	   3.4258634352183470e-01	   2.2557375340139832e-01	   1.7191205694752867e-01	   5.9341301686304315e-01	   2.8188182063218598e-01	   1.3743632215250010e-01	   4.6203949389152885e-02	   4.9700428389263585e-02	   7.0032373891542155e-02	   2.4567971524066790e-01	   1.2899912464405350e-01	   1.4829652949138145e-01	   1.4742074270005145e-01	   2.5271541671312148e-01	   2.7602041257409154e-01	   3.3431676613284306e-01	   3.8049049907519422e-01	   3.6488845052889507e-01	   3.1827112388798029e-01	   3.1032128099740858e-01	   3.4963728856954684e-01	   5.2763991929058351e-01	   3.9745386073057631e-01	   8.6978131103417544e-01	   6.4262658704641296e-01	   7.7272175870755444e-01	   7.6417850068624804e-01	  -7.5617133418902679e-02	  -3.2413112999138537e-02	   3.7221157779500698e-02	  -6.4070769408059572e-02	   8.6617326419552776e-02	   1.5418668669316743e-01	   4.3969410627620975e-01	   4.0996285053731168e-01	   5.8195297535916835e-01	   6.3776021035420682e-01	   6.6562414229409284e-01	   7.2534215761377818e-01	   4.8329815239752949e-01	   3.5027769668228415e-01	   4.9257172018298223e-01	   3.5927166024705970e-01	   6.1641445476375623e-01	   5.1563078843474841e-01	   3.9990357686906142e-01	   3.7520572264494745e-01	   4.6856250469779548e-01	   2.6194240372066924e-01	   2.1093271895656102e-01	  -1.2938147320986351e-01	   5.5215007319127207e-01	   3.6851831778659500e-01	   3.3857916046986020e-01	   1.7617638881867401e-01	   3.9283522124861325e-01	   3.3385633358027533e-01	   1.7394661320054070e-01	   1.5292889596591694e-01	   3.2489952636347569e-01	   2.8935259307724892e-01	   4.3399872054662603e-01	   5.8802874856541343e-01	   6.2864486555786292e-01	   3.7452773459866545e-01	   3.6739420355278446e-01	   4.1563103965083398e-01	   1.8600869612150439e-01	   1.3186374288384162e-01	   2.0671868111099909e-01	   5.4810995010037666e-01	  -1.1246224201918553e-01	   1.7204990276157217e-01	   2.1343384137721222e-01	   2.5017782105447745e-01	   4.1816664344003862e-01	   2.1635752314276122e-01	   3.5325268004430016e-01	   1.0792397457949754e-01	
   4.1870777430703254e-01	   1.5605678621096061e-01	   1.7379203373374344e-01	   2.1767126432363318e-01	   3.2931646490115846e-01	   7.8918549646126168e-01	   8.6972747191033450e-01	   5.7740709221831155e-01	   7.5434469086883349e-01	   5.2605834830051279e-01	   1.4109430322206524e+00	   9.3677297697348039e-01	   0.0000000000000000e+00	   1.0113778447737980e+00	   6.9104382467102077e-01	   5.9003394710394952e-01	   5.6481293895637041e-01	   2.8165388349607456e-01	   4.8129743859795560e-01	   2.5128504514633809e-01	  -6.2172378684631366e-02	  -1.9609045223660651e-02	   2.4204308503515637e-01	   1.2152596253603593e-01	  -2.4784333174478090e-01	  -6.3576388019041696e-02	  -4.0676847128978948e-02	  -1.1747909195740123e-02	   7.5042058425233793e-01	   5.1227715561356024e-01	  -6.8161343163292878e-02	   1.1066650630785024e-01	   2.5990180147076564e-01	   2.4760598479974266e-01	  -2.6622078976886870e-01	  -1.1808060899207869e-01	   2.3756322427895799e-01	   1.6745730196201522e-01	   1.6545176597996113e-02	   3.0869139016518398e-02	   4.5942764526056473e-01	  -3.6931129170653290e-02	   3.0974923460875337e-01	   1.7295547304957098e-01	   3.3256368580363288e-01	   2.7005891391731024e-01	   3.7766414775244372e-01	   2.8371491799964144e-01	   3.7199403235744866e-01	   2.2924095164961400e-01	   3.4382073183188083e-01	   2.9410030776147472e-01	   2.8167211281733479e-01	   3.1966669491003713e-01	   4.5039581116728972e-01	   4.2812069719011303e-01	   2.3944357097285734e-01	   2.2669314057969864e-01	   7.3031042918692601e-01	   4.6207960271122095e-01	   9.9517527039480980e-01	   6.2137355408742057e-01	   9.5984677314722078e-01	   6.7663678656346771e-01	  -5.8883384702179596e-02	  -4.4827209239296402e-02	   2.4347918655400794e-01	   1.0298424964830956e-01	   7.7726515991592665e-02	   1.4173231255128224e-01	   3.9836235273571891e-01	   3.9837668284537081e-01	   6.1829824822014423e-01	   4.2121826758572833e-01	   8.5708626152442913e-01	   5.8759145100240062e-01	   5.7135645087700215e-01	   3.9624730937472352e-01	   3.5548836280973317e-01	   2.5964692387768534e-01	   5.8366267276223882e-01	   5.2416282473356068e-01	   5.2136592883504118e-01	   2.4675388665942471e-01	   6.6288327092384225e-01	   3.0598376036576791e-01	   1.6881574650631770e-01	  -1.0542430120572606e-01	   5.4645920140731064e-01	   4.2418483651089295e-01	   3.8623881911723351e-01	   2.7067512664951293e-01	   4.0471451947283821e-01	   3.8509087557470223e-01	   1.9891770450060001e-01	   7.1839309176702865e-02	   2.1412648683437324e-01	   2.1963014254785282e-01	   6.0792680171411562e-01	   6.4837479770096684e-01	   5.6340390736301715e-01	   4.8043395481135270e-01	   2.3761427183333311e-01	   3.2186338081367477e-01	   4.3677294247730855e-02	  -7.4525609359411299e-02	   1.0397432005550770e-01	   4.0532800256841089e-01	  -1.5486986045225767e-01	   1.0681929478056526e-01	   1.2309376094457516e-01	   3.4026894775264110e-01	   4.4486399972734125e-01	   1.3509152281523895e-01	   2.4678566526030604e-01	  -5.6010666973851007e-02	
