   0.0000000000000000e+00	   8.6330577698857458e-01	   3.2333807803543757e-01	   3.2958756232705710e-01	   1.2532909071119225e-01	   2.8203952849000730e-01	   5.3366508811302993e-01	   5.4591396522667013e-01	   2.8480175619817727e-01	   3.4498353873374515e-01	   1.3833394246177504e+00	   9.3031366414827621e-01	   9.7927305732547509e-01	   8.3406762966697801e-01	   8.9211197937727948e-01	   7.4037694998691639e-01	   8.7747819936055682e-01	   6.9864629289542979e-01	   8.0850175315274464e-01	   6.8497844419824905e-01	   2.2028987138703385e-01	   3.2953856594733139e-01	   3.9961360419692549e-01	   3.3367360000468416e-01	   1.7190265857585907e-01	   2.6595039572667400e-01	   4.7030033747353434e-01	   5.3731984287758183e-01	   1.0487451724180963e+00	   8.4971570395729601e-01	   3.9611697028738213e-01	   4.3820462230205137e-01	   8.7862335940450131e-01	   8.1093696564827866e-01	   3.5530718163938858e-02	   1.1867461086143226e-02	   5.6214014019973557e-01	   5.6200251542160251e-01	   5.5717778055816169e-01	   5.7669455908517731e-01	   7.4392101462173055e-01	   6.6753017601369036e-01	   2.5130442603880554e-01	   2.6032041445282617e-01	   2.6527789419976844e-01	   3.2274405239573017e-01	   4.2936985505544634e-01	   4.5310857402927207e-01	   4.9580530740943923e-01	   4.3755236428278982e-01	   5.9736826925815034e-01	   4.9415906511529173e-01	   4.8573488604478476e-01	   3.2164224910058453e-01	   6.0120023680402079e-01	   6.1920225180502986e-01	   8.4263361065116760e-01	   6.9300634390810667e-01	   8.7293569347456224e-01	   7.1638172509871934e-01	   1.0003827928460067e+00	   4.9920464813518661e-01	   9.2553912623726942e-01	   7.0514104105398079e-01	   2.7585918229559425e-01	   1.9477886180973705e-01	   1.7702129542087922e-01	   1.7131659206361685e-01	   4.3006947091073577e-01	   2.7509582063518889e-01	   2.6570056718955487e-01	   1.7849937745417771e-01	   8.0604061879033917e-01	   7.2438820169880946e-01	   6.7901638445733359e-01	   5.8422327287755205e-01	   2.1426010715332819e-01	   2.0914877366127108e-01	   4.9603428772917796e-01	   4.8412866027189916e-01	   5.7457520561132236e-01	   6.1341263661464918e-01	   8.9434404325153860e-01	   8.1739960199208783e-01	   4.6264478910575035e-01	   4.4384860687584776e-01	   5.7520202860215153e-01	   6.7179527817903073e-01	   6.5293316216665043e-01	   6.7551707318762011e-01	  -5.9078435606154847e-02	  -2.3369498468101099e-02	  -3.1359049903105207e-01	  -3.6848262679277349e-02	   4.3248614697328708e-01	   2.4807825307220879e-01	   6.0920178883315357e-01	   5.7133771094528552e-01	   3.4159518759824808e-01	   5.6844447416410959e-01	  -2.7460281287831423e-01	   1.2381547133711515e-01	   1.7256076976103704e-01	   4.8350196100851545e-01	  -9.3916060975026555e-02	  -4.4716394901432016e-01	  -1.0841999568178522e-01	   6.4570848628371313e-01	  -1.5684581062028796e-01	   2.9302111832515887e-01	   1.7050727017376971e-01	   2.4369010911500102e-01	   4.5964844396754223e-01	   1.3733478722982589e-01	  -3.9919458880022896e-01	  -5.1095658126948518e-01	
   8.6330577698857458e-01	   0.0000000000000000e+00	   2.9734752104889151e-01	   4.3010510500273991e-01	   4.5991153830273655e-02	   1.6101475874233687e-01	   3.2640304089004329e-01	   4.1270882778692364e-01	   4.1693619517456038e-01	   1.4433546422426288e-01	   6.2650892387232138e-01	   9.3623024632900431e-01	   4.7213838037975758e-01	   6.0572704786067488e-01	   4.9041894162216709e-01	   6.0374698419860284e-01	   1.1539216664786791e+00	   1.4284772338541214e+00	   8.5350303958290230e-01	   1.1823062567229761e+00	   2.2205896838231864e-01	   4.5975572851995244e-01	   2.3662584024505637e-01	   2.6972685106698896e-01	   2.7136058064478408e-01	   4.2298647707794845e-01	   5.7090086947879437e-01	   5.8662937859892739e-01	   1.0037424406274575e+00	   1.3985462628197691e+00	   5.2986507546940786e-01	   6.1617125488785873e-01	   1.0339966425576677e+00	   1.1669788483709669e+00	   1.3716140877565100e-01	   1.0114074423526719e-01	   4.9249989194547505e-01	   5.3709617965390499e-01	   5.8688291401251069e-01	   6.7394850287071950e-01	   7.2502102282356296e-01	   7.5326034426127109e-01	   4.0517179819261862e-01	   4.1583954990552380e-01	   3.5171392937094748e-01	   4.2523247332710767e-01	   5.1071759038488795e-01	   5.9665474133101848e-01	   3.9958745654344879e-01	   4.0469509199722892e-01	   3.9116481416940452e-01	   3.6416481042302107e-01	   2.3375012289043862e-01	   1.7739397047957617e-01	   4.4631297130500358e-01	   5.1853524281161723e-01	   1.0456439907973918e+00	   1.3298681352972166e+00	   4.7912414068456277e-01	   6.0909052642933015e-01	   5.7495585047402986e-01	   3.9534645492761761e-01	   9.1190319922268837e-01	   8.9095968710122109e-01	   1.8030578974357844e-01	   1.2406546353535611e-01	   3.2822410569132743e-01	   3.3565180454343052e-01	   9.0888325046391416e-01	   5.4940878596310549e-01	   2.0561088842681388e-01	   2.1522589579262369e-01	   9.5528210456776730e-01	   1.1937160483247000e+00	   6.8991420015080951e-01	   7.7009127804418309e-01	   2.6890849519118554e-01	   4.2115315874249615e-01	   7.6413152613840096e-01	   8.5707563164100420e-01	   8.3798024888149381e-01	   8.7688768576522369e-01	   8.1901621386224388e-01	   1.0193948155005337e+00	   3.1669823619277843e-01	   3.1865910715782342e-01	   5.2482040576981537e-01	   5.7421242069659750e-01	   4.4955652864094425e-01	   3.8345646924303156e-01	  -6.7190702743018443e-02	  -1.7090889671190060e-01	  -2.7625628801715540e-01	  -1.8740979737661251e-01	   6.2114561831295956e-01	   6.3349916342524748e-01	   7.9071179611326148e-01	   8.9948626333079651e-01	   4.4880806606188850e-01	   5.7880422927091024e-01	  -2.1389411261243213e-01	  -5.2387218957691106e-02	   4.6896913052649469e-01	   5.3469760205184591e-01	   1.5636201089121288e-01	  -3.7991775899016850e-01	   5.3742024264002222e-02	   4.5117809286176946e-01	  -3.3127187314455769e-02	   3.5367604064237890e-01	   3.6833807467493340e-01	   4.0350365223423917e-01	   4.5645199713688600e-01	   2.8685316873889255e-01	  -1.9260222926102027e-01	  -5.2473194497948428e-01	
   3.2333807803543757e-01	   2.9734752104889151e-01	   0.0000000000000000e+00	   5.7019142790600974e-01	   7.8824729061779164e-01	   3.0260011357647126e-01	   1.1921705992873011e+00	   5.1633342229049783e-01	   5.4310075267875313e-01	   4.6028476637705379e-01	   2.6429963853957356e-01	   1.5989365793702362e-01	   5.6477022130402110e-01	   1.2642559135094755e-01	   5.8206625513659493e-01	   1.7686225944993300e-01	   2.1510049441515991e-01	   3.8289851783739287e-01	   7.5826092853903670e-01	   4.6665628243540908e-01	   4.3559567114588987e-01	   2.6872575233289020e-01	   1.1434058291645188e+00	   5.6656409803832652e-01	   1.0768702499477643e+00	   7.0643025025326300e-01	   9.9257353362648437e-01	   4.2607426849599461e-01	   5.8448127634137503e-01	   4.0942753080420391e-01	   9.8447691979346874e-01	   5.8926412957711372e-01	   6.6309103746973896e-01	   5.5842662139550758e-01	   9.3054987886128604e-01	   5.9375499376755381e-01	   5.5290476805596822e-01	   3.3317361957917208e-01	   6.3818627213246570e-01	   3.7172928205653544e-01	   7.3904085267895903e-01	   4.0291299178845963e-01	   5.0488965631730309e-01	   4.0646329810674237e-01	   6.3903007235975984e-01	   6.3498662612929413e-01	   4.8186484190812523e-01	   5.0781369730320614e-01	   6.5691812217076750e-01	   6.3748960209916572e-01	   8.4040536363777496e-01	   7.9594983412926457e-01	   3.8657975278572965e-01	   5.4771497681063663e-01	   4.6576460887384408e-01	   5.0119127443729750e-01	   1.0849268559253999e-01	   3.0087520335099871e-01	   4.4361215278830524e-01	   4.4396543984400483e-01	   3.8424091763265072e-01	   5.9976883705401163e-02	   3.4753018207321301e-01	   2.5502156656006497e-01	   9.2241061759009346e-01	   2.9457663644406251e-01	   1.0217434109008834e+00	   8.6299513174512366e-01	   2.4416871911128710e-01	   3.1822779311107002e-01	   4.6717008791399689e-01	   1.7008311355004213e-01	   6.7574611149314623e-01	   4.7442993328228766e-01	   7.2104356686140036e-01	   4.4663923422049440e-01	   4.8774359887485530e-01	   2.4920194175412325e-01	   2.7703984700337442e-01	   4.9705240615770707e-01	   2.1134762059194032e-01	   4.9976008521057580e-01	   7.3792546532973868e-01	   4.0377715347237375e-01	   6.5818502479403007e-01	   3.9966329857203725e-01	   7.0412757956250838e-01	   4.0453463555266655e-01	   6.5495459578889559e-01	   3.8954243854389564e-01	   4.5264074583205738e-01	   7.4463910234450958e-01	  -4.0639803022229144e-02	   7.0399220081778535e-01	   4.5981961268357402e-01	   2.0619215318225023e-01	   6.0477177160256368e-01	   4.5658135959159785e-01	   6.5255026573942942e-01	   8.3149653388141154e-01	   8.1921796215714507e-02	   7.4827593899570899e-01	   4.5117759216260334e-01	   7.1247380133354588e-01	   3.4568395657645012e-01	   7.5529234718847343e-02	  -2.7918892111000831e-02	   1.5368314134909408e-01	  -1.4991461154656835e-01	   3.8169655409355890e-01	   6.2491285557177223e-01	   6.2647368572419615e-01	   3.5092153390631881e-01	   1.1263368882070221e-01	  -2.0464634378481389e-01	  -3.2662328683662939e-01	
   3.2958756232705710e-01	   4.3010510500273991e-01	   5.7019142790600974e-01	   0.0000000000000000e+00	   6.5587659207109172e-01	   8.3267613477816527e-01	   6.9404844921787390e-01	   1.4607201947953645e+00	   7.2617296893821470e-01	   7.6935509702142058e-01	   2.5740968065549147e-01	   5.0459739873707543e-01	   4.6941829562439985e-01	   4.7552027920621409e-01	   4.5086664689643419e-01	   6.4653056493386230e-01	   2.2878713244754498e-01	   3.3278403418170571e-01	   8.4957379166629865e-01	   8.5388150352324055e-01	   1.2808164342668260e-01	   3.0681012124553370e-01	   7.2079509060301217e-01	   1.0133065217649750e+00	   6.1205310899162113e-01	   7.9667143242368366e-01	   6.4007111857751520e-01	   6.3042948009121214e-01	   3.4809494929492119e-01	   3.9340989355037148e-01	   4.8163786307681955e-01	   7.6504983767726864e-01	   5.4704708727724338e-01	   8.3027206934293762e-01	   7.5623791704149534e-01	   8.1428207231414829e-01	   4.3905717347519330e-01	   4.3845658307677826e-01	   4.9600565838528948e-01	   3.6413410467230278e-01	   5.9033296319268758e-01	   4.5752151676745362e-01	   4.2917969826383484e-01	   3.2832523918503692e-01	   6.0879514358978848e-01	   6.8682633732013998e-01	   3.8614427287469616e-01	   4.3372706099359343e-01	   4.8095424844739704e-01	   5.1951946665932658e-01	   6.2499977463364798e-01	   6.7402228558942590e-01	   3.5399878506247839e-01	   4.1870107387819733e-01	   3.9450279320589321e-01	   4.6969220574716875e-01	   1.4709855600241029e-01	   3.1374551027342074e-01	   3.1242006985377591e-01	   4.0968972893536504e-01	   2.7894595780470033e-01	   5.1686165694163932e-01	   1.9217327903315037e-01	   3.1408196251836223e-01	   7.1076979348682479e-01	   7.4227685054124659e-01	   7.7862953667286239e-01	   9.0616549373249766e-01	   3.7243124935857230e-01	   5.8398532650409418e-01	   1.4365810456094738e-01	   2.9815834549935433e-01	   5.4336134758085941e-01	   5.0562216012975181e-01	   4.8465003182191990e-01	   4.9581147638173440e-01	   3.1028299199858994e-01	   4.0688741387788413e-01	   2.7270772237842439e-01	   2.8396395144747066e-01	   3.3890589688019923e-01	   5.2501890999622391e-01	   6.3787764350720311e-01	   8.3336233735729326e-01	   7.4326204382218763e-01	   7.3075115245966238e-01	   6.6712147546652545e-01	   6.7437907360246518e-01	   6.4481786081396009e-01	   5.8913765438178700e-01	   8.2081261744005141e-01	   4.0044138858604428e-01	   4.4703820084872153e-01	   3.7026690616547703e-01	   4.9268325708787053e-01	   2.8405597959100271e-01	   6.1554957141467193e-01	   3.8276837613853665e-01	   6.3415206732958573e-01	   6.2193052964939632e-01	   3.6451129273589111e-01	   3.5932919650799106e-01	   6.1011928419144512e-01	   5.4769750592470701e-01	   4.0830232932957661e-01	   7.1621820301311229e-02	   1.1550782719173930e-01	   2.6895631522779917e-01	  -5.9529915928979132e-02	   4.4564350426320432e-01	   6.7056589112216780e-01	   6.3819426877099672e-01	   4.7962618482161157e-01	   3.4284628084597996e-01	  -1.3621512112509350e-02	  -3.6105062055023385e-01	
   1.2532909071119225e-01	   4.5991153830273655e-02	   7.8824729061779164e-01	   6.5587659207109172e-01	   0.0000000000000000e+00	   6.7108342422426226e-01	   8.6738353242864474e-01	   6.5212529586809953e-01	   7.6666539819115787e-01	   8.6676729680911979e-01	   9.2141655842636561e-02	   7.8818310753481058e-02	   4.3193932127848333e-01	   1.2521285131785848e-01	   5.3585048001161339e-01	   2.7936662843147231e-01	  -8.9293192265252688e-02	   6.4738415329156418e-02	   4.7658819192335555e-01	   2.9283235541133096e-01	   3.6016166598946198e-01	   2.5874233922716988e-01	   9.5735955438841625e-01	   7.3183657866643437e-01	   9.1567708253777158e-01	   8.1033437650996132e-01	   6.9744791180313337e-01	   4.5103577975970199e-01	   2.5229665815202801e-01	   1.2003881607752917e-01	   6.2726029317124621e-01	   5.0207151387228344e-01	   3.5865223068756513e-01	   2.9459897865206880e-01	   9.1877117369385997e-01	   8.7138993033182288e-01	   3.9386954374106065e-01	   2.4536887348320113e-01	   4.5238847261058701e-01	   1.2837190522619965e-01	   5.2148189481812013e-01	   1.8527864195921381e-01	   6.3089866645013548e-01	   5.1234851742213960e-01	   8.5740098708788914e-01	   8.3363583134690333e-01	   5.1644947089671989e-01	   5.2493719379549575e-01	   7.3951166163687299e-01	   6.9276148002739180e-01	   7.5849984794779246e-01	   7.1635608603880452e-01	   4.4767910272856104e-01	   5.4560294456175418e-01	   2.9611847704834571e-01	   3.6867846180803271e-01	  -4.9428877934443359e-02	   7.9805279628062789e-02	   3.0332280383396226e-01	   2.9898667685582780e-01	   2.5740826411020729e-01	   8.7583224458648218e-02	   3.9005270126580394e-02	  -2.8438999274966639e-02	   7.8375100803325137e-01	   3.4527108732653644e-01	   8.4113427438984800e-01	   8.3217183531022876e-01	   1.4995785922272242e-01	   3.8590192209463314e-01	   2.5148114875123817e-01	   1.8430527784597797e-01	   2.7432255738228861e-01	   1.2337721202668671e-01	   2.8937299174242453e-01	   1.0426465860248688e-01	   3.8547147214898780e-01	   2.9570421873664243e-01	   2.0617041989933586e-02	   2.4082810549793554e-01	   1.2299118755646152e-01	   3.2075791952070387e-01	   4.7389335281474659e-01	   3.1838243543681827e-01	   5.3209079091333089e-01	   4.0792582821224466e-01	   4.7605559980966661e-01	   2.5693929014497929e-01	   3.9105276148772294e-01	   3.2164068890605291e-01	   7.0518383388132078e-01	   7.5425599753131667e-01	   2.3078375994655365e-01	   5.7417177606050063e-01	   1.7255996286621841e-01	   2.6509303045797825e-02	   4.0882374601586735e-01	   2.3896083501832557e-01	   5.9862741370757944e-01	   6.1406740953028138e-01	   1.8386273244970222e-01	   5.9217498930006107e-01	   4.2188076257878226e-01	   3.9603216797962865e-01	   2.8423278905516802e-01	   1.1409608975621169e-01	   5.1846845352035584e-02	  -9.5123958495985800e-04	   1.8890689676800451e-02	   3.5871042318286539e-01	   7.0341465455818741e-01	   7.5561881416575627e-01	   4.8778828608240610e-01	   3.7697101062057436e-01	  -1.6648221693214463e-02	  -2.2635613011388078e-01	
   2.8203952849000730e-01	   1.6101475874233687e-01	   3.0260011357647126e-01	   8.3267613477816527e-01	   6.7108342422426226e-01	   0.0000000000000000e+00	   5.3047349537970101e-01	   9.5744827613079742e-01	   5.3115005282644234e-01	   1.1433364955176202e+00	   2.2391175935012864e-01	   3.0146604064646604e-01	   3.8340203405590323e-01	   3.9347846883791004e-01	   4.2214821972159694e-01	   6.1243522658448757e-01	   9.0524285156952877e-02	   7.0891194283511136e-02	   4.5559093310351345e-01	   4.0035455815403687e-01	   1.0609959480387959e-01	   2.7565231732347117e-01	   5.3855568335017368e-01	   7.5920987974271559e-01	   3.0518118490847779e-01	   5.1827845199812617e-01	   5.2665963376750735e-01	   8.0585135226256233e-01	   2.1931162018693584e-01	   1.5302363021111132e-01	   1.5252069851257755e-01	   3.0291086619667346e-01	   2.0616207409365775e-01	   3.3470080404431690e-01	   4.0036818975851635e-01	   5.8279161350144715e-01	   4.2666467177852752e-01	   3.5439632782698477e-01	   4.0700957754535178e-01	   2.0236339725210098e-01	   3.7829047947409911e-01	   2.4889813009713596e-01	   4.1794377343243783e-01	   3.4008831220435792e-01	   5.0393685138836530e-01	   6.1461164155155656e-01	   4.0319801680391171e-01	   4.0668755653776079e-01	   4.2504408259896198e-01	   5.0455431683270069e-01	   6.6974825512103320e-01	   5.9643172848526871e-01	   6.7598831223491240e-01	   6.7192957547573251e-01	   5.3926554030116636e-01	   5.4009739624491293e-01	   1.4554884467826984e-01	   2.0816005184337688e-01	   4.1819766945187248e-01	   4.4010428768288801e-01	   3.7550515220886621e-01	   5.5672344034003385e-01	   2.1280162204396116e-01	   2.6680275686924659e-01	   5.4923935187059514e-01	   5.8650316525972346e-01	   5.2555290583279157e-01	   5.8978517845245815e-01	   2.4321355621236646e-01	   5.1144305807472712e-01	   8.3067297825053010e-02	   3.1407398805029607e-01	   3.1670590040917684e-01	   2.1482194133769172e-01	   3.1250798513335404e-01	   3.0110929214364246e-01	   3.3945399282825361e-01	   4.3722931524284242e-01	   1.1821644001549098e-01	   6.0312570056855384e-02	   2.9427043442200435e-01	   3.5751489209962922e-01	   3.7411841442920196e-01	   4.4203637255911765e-01	   6.5148044482413681e-01	   6.1624035586031745e-01	   4.4577135348743646e-01	   4.5885311613544627e-01	   5.1331683674141182e-01	   6.6134977689415719e-01	   7.6970456991168767e-01	   3.3345608658813530e-01	   4.0387866415568030e-01	   1.7892491182777670e-01	   2.6021283727549088e-01	   5.3156839285668452e-02	   5.2227824567513870e-01	   2.1596391382137353e-01	   5.6094645119970243e-01	   5.2360814231507014e-01	   9.1117526758805703e-02	   1.9882211823874923e-01	   2.6377764086556649e-01	   3.4344764151645851e-01	   1.2164370211169433e-01	  -2.4792218935431213e-02	   4.5694148848495895e-02	   1.9973277140216988e-01	  -2.2000842752263442e-02	   3.7352000983912925e-01	   4.7510062695520122e-01	   4.5563994355051196e-01	   3.8391105284072646e-01	   2.0934060527603765e-01	  -1.3478088503601265e-01	  -2.9893609011478650e-01	
   5.3366508811302993e-01	   3.2640304089004329e-01	   1.1921705992873011e+00	   6.9404844921787390e-01	   8.6738353242864474e-01	   5.3047349537970101e-01	   0.0000000000000000e+00	   9.1012350347503790e-01	   6.1850143990195572e-01	   7.4416516786847564e-01	   5.4377362601654311e-01	   4.7753121282461791e-01	   9.7455686063175306e-01	   4.9073133642593525e-01	   8.3777892430368128e-01	   5.4988649828191249e-01	   1.9931924214647781e-01	   3.1118604424931129e-01	   7.6954417116066143e-01	   4.8686865433259341e-01	   3.1988978352182701e-01	   3.1876566011123153e-01	   1.1766190691847549e+00	   7.3616651268884759e-01	   7.6555150935633220e-01	   6.5461082034536811e-01	   8.0326821296389772e-01	   5.7477669676596477e-01	   6.3976611733605204e-01	   4.6717823614351828e-01	   8.2889451011894810e-01	   6.9375197430300850e-01	   6.3259035005094910e-01	   6.0188981994961788e-01	   7.6773660430537183e-01	   6.6201091831889936e-01	   5.5070179825412946e-01	   3.5915698545808383e-01	   5.8063291789603433e-01	   3.3538285105735066e-01	   7.3649270256103849e-01	   4.3481110539873097e-01	   4.5320013330756265e-01	   3.1206595939945070e-01	   7.0961481108207158e-01	   6.7987019613311905e-01	   4.7806443070472993e-01	   4.6338805922930554e-01	   7.6856178375576933e-01	   6.9132914883963792e-01	   9.0636198790476930e-01	   7.5764080439556669e-01	   5.2810106446994176e-01	   5.5067666471998877e-01	   5.1972548553065301e-01	   5.8735664893212070e-01	   1.2758986672911624e-01	   3.0073156466325812e-01	   6.3695561670301026e-01	   5.7136345496820096e-01	   6.7205770012451294e-01	   3.7192120158305692e-01	   3.9235704431911111e-01	   3.4555342465924138e-01	   1.0425909147175831e+00	   5.0649139890544814e-01	   8.8071224287439664e-01	   7.8934752313176104e-01	   2.4276420352705522e-01	   3.5408789677677088e-01	   3.2517096681116320e-01	   1.5998509391338783e-01	   5.6877808107658445e-01	   4.7696768054199223e-01	   6.1432872150918039e-01	   4.5594505693142212e-01	   3.6771160434851619e-01	   2.5637971655477970e-01	   2.2678995548593200e-01	   3.7423997907226914e-01	   2.1173366852481704e-01	   4.8628097130268000e-01	   8.6834597870051800e-01	   6.2125314513837826e-01	   7.5968526027868677e-01	   5.5877537129669919e-01	   7.3195820429141745e-01	   5.7004700129929708e-01	   7.9237737467822300e-01	   6.6187432466825269e-01	   5.7218805212042945e-01	   7.5970519667618430e-01	   1.2906122580845742e-02	   6.4641770498653950e-01	   3.5370045684537388e-01	   1.5335989924910753e-01	   5.7108773809034241e-01	   3.7494064784488956e-01	   6.8114888811518326e-01	   8.6645011690192542e-01	   5.7378807329689974e-02	   7.8064086686165601e-01	   4.2348715586649860e-01	   6.8547258308437220e-01	   2.1996235115157298e-01	  -5.9118896559644057e-02	  -1.1327898501200499e-02	   1.9184526418955825e-01	  -1.8456792535921279e-01	   4.3302148376541372e-01	   5.5050982865083642e-01	   6.1821057721752237e-01	   5.5277546324251281e-01	   1.4808682577539811e-01	  -2.7038155661326557e-01	  -3.2218990931511771e-01	
   5.4591396522667013e-01	   4.1270882778692364e-01	   5.1633342229049783e-01	   1.4607201947953645e+00	   6.5212529586809953e-01	   9.5744827613079742e-01	   9.1012350347503790e-01	   0.0000000000000000e+00	   6.9676945892444497e-01	   1.0529643211263402e+00	   5.0850524195998059e-01	   6.7065525621458488e-01	   7.8549645744829144e-01	   7.5247485613050258e-01	   7.0394128199916173e-01	   8.6314858777099968e-01	   2.2147870461258140e-01	   2.9119219104368416e-01	   8.1967884771823307e-01	   7.2501273472825645e-01	   1.1057375841018248e-01	   3.1620900350399656e-01	   7.7100226931652283e-01	   9.7873593652870094e-01	   4.6810016061338527e-01	   6.4345914027242335e-01	   5.9782095533217072e-01	   6.9125467402255814e-01	   4.5915252501925652e-01	   4.3659834681188525e-01	   4.4841646765264098e-01	   7.2563794087573263e-01	   5.4490730031053825e-01	   7.5821662131226619e-01	   5.4938543897289827e-01	   6.8057559468642570e-01	   4.7073458061891499e-01	   4.3299581150633637e-01	   4.6292507031129176e-01	   3.6367101501903942e-01	   6.7154228585487441e-01	   4.8319311307447022e-01	   4.3091581889137442e-01	   3.3663943092194126e-01	   5.8318467406051677e-01	   6.4505608610001519e-01	   4.2137974226853442e-01	   4.6582585398675153e-01	   5.5940967487405657e-01	   5.7373274247860429e-01	   7.3174340171295738e-01	   7.0840231204687021e-01	   5.7797338965981093e-01	   5.7224239613627659e-01	   5.2186392925245428e-01	   5.8239712586397496e-01	   2.1326859333376447e-01	   3.3923073838663259e-01	   5.3109828260872771e-01	   5.7661492488690991e-01	   5.3350086292068621e-01	   7.5980823763558303e-01	   2.8794568195010434e-01	   4.1100185424013691e-01	   6.9716452750073932e-01	   7.8158509782328334e-01	   6.3628244957050750e-01	   7.3003546068865366e-01	   3.5890836694539197e-01	   5.4406534118213346e-01	   1.4220609024908959e-01	   2.9222959631778778e-01	   5.5255142057255979e-01	   5.2282296658414096e-01	   5.1864714885710272e-01	   5.4484199119501719e-01	   3.1618949088155734e-01	   4.1029784489633053e-01	   2.1553873420394570e-01	   2.2427274307146677e-01	   3.0671084635404655e-01	   4.6758798719864453e-01	   6.9462758434513305e-01	   8.8186011114519958e-01	   7.0883132705851659e-01	   6.9290461311694762e-01	   6.3544137795873845e-01	   6.8197794179333882e-01	   7.2803904795653906e-01	   7.7727528501315235e-01	   7.4890465025227626e-01	   3.9077097247303577e-01	   2.7352071267447764e-01	   3.0952026923715392e-01	   4.4619580286158311e-01	   2.2280989979912658e-01	   5.6276559978483653e-01	   3.4753270804936776e-01	   6.5404970596371781e-01	   7.0197835875694647e-01	   1.9462061073970005e-01	   3.7408008952909294e-01	   4.4039612473494305e-01	   4.9443752322302903e-01	   2.4922870295773752e-01	  -8.7959301891385053e-02	   8.3411799699690814e-03	   2.8390701031676457e-01	  -1.6357717946808714e-01	   3.9288867617890477e-01	   5.3204887581120486e-01	   5.6183474450591919e-01	   5.1362052549904136e-01	   2.9069719673940708e-01	  -1.3780571657747784e-01	  -4.4160117533522736e-01	
   2.8480175619817727e-01	   4.1693619517456038e-01	   5.4310075267875313e-01	   7.2617296893821470e-01	   7.6666539819115787e-01	   5.3115005282644234e-01	   6.1850143990195572e-01	   6.9676945892444497e-01	   0.0000000000000000e+00	   7.4594526561187824e-01	   1.9040170616027216e-01	   2.2447231903269999e-01	   4.1710996990010935e-01	   2.4069663376639167e-01	   4.1321422975457539e-01	   3.6625639675901994e-01	   1.3773540276982366e-01	   2.4668668244554381e-01	   7.5921884801914485e-01	   6.6055487951594061e-01	   1.7114114413388326e-01	   2.0321851181104034e-01	   5.2761534386983455e-01	   4.9743034755707227e-01	   5.4614056187787052e-01	   5.7290720986746402e-01	   5.4990064591926235e-01	   4.7640625941737924e-01	   3.4065948171195121e-01	   2.5986418303628878e-01	   4.9271050939612576e-01	   4.4898897239072011e-01	   5.1777949953810309e-01	   5.3310965758751416e-01	   5.1371536389266192e-01	   5.3876799225004379e-01	   1.9886981824447730e-01	   9.9245865842999631e-02	   3.0329533198208475e-01	   1.1416414161024324e-01	   4.5194683938862590e-01	   1.2953007420278734e-01	   4.3277323109312438e-01	   3.7952832711070145e-01	   6.2885116599010482e-01	   6.0211099783946309e-01	   4.0201957642122976e-01	   4.9431070098029595e-01	   5.2732548542359692e-01	   6.2590540757810698e-01	   5.5825620299849454e-01	   6.0587004020684176e-01	   3.6431161154740815e-01	   3.9960787032561862e-01	   2.8098716243097777e-01	   3.2090457959018476e-01	   1.8624984986670584e-01	   3.4831546439901151e-01	   4.0913440463898965e-01	   4.6808793522890874e-01	   3.6490785493124556e-01	   2.8900012929534613e-01	   3.3194192940220985e-01	   3.7160457923598322e-01	   4.7377256159451103e-01	   2.3333216428249376e-01	   6.7521790008989624e-01	   6.7253157500668481e-01	   5.2683158542778685e-01	   6.7154466346480668e-01	   2.8819871541567253e-02	   3.0725038851549594e-02	   3.6835285977759591e-01	   2.8340427696639126e-01	   3.6279337039020371e-01	   2.4294698252414726e-01	   2.2373456414715659e-01	   1.8925059995511212e-01	   9.9227877338783320e-03	   1.6148773334549976e-01	   2.1713812330869536e-01	   3.6880657027930419e-01	   5.2722648633090818e-01	   4.6427425512034259e-01	   3.9277850224413358e-01	   4.2165125320314933e-01	   4.0942575442984408e-01	   2.5854632725245374e-01	   3.8909110798035246e-01	   3.4971408704581841e-01	   4.7131769595372347e-01	   3.4879133560141307e-01	  -7.0362859381845486e-02	   1.9514699217831538e-01	   4.5199940088115215e-01	   1.4269080306214857e-01	   4.8950649779964894e-01	   3.3980083041672171e-01	   5.2349226091762791e-01	   5.2670022002042804e-01	  -5.3340689174543154e-02	   4.1414577644373385e-01	   4.8475296243270105e-01	   5.2826624668018585e-01	   2.3091248924897656e-01	  -9.2508935629745478e-02	   1.5367339035482069e-02	   8.4130835208013718e-02	  -5.3463771730033180e-02	   3.3591383781276585e-01	   6.4167837033417430e-01	   5.9218697041473545e-01	   2.9119585355195504e-01	   2.7909519720986009e-01	  -3.0639028079442998e-01	  -2.8022477020114556e-01	
   3.4498353873374515e-01	   1.4433546422426288e-01	   4.6028476637705379e-01	   7.6935509702142058e-01	   8.6676729680911979e-01	   1.1433364955176202e+00	   7.4416516786847564e-01	   1.0529643211263402e+00	   7.4594526561187824e-01	   0.0000000000000000e+00	   2.5506494814751551e-01	   2.1223771176444484e-01	   5.0459998987530907e-01	   3.2954368727982453e-01	   4.9469820308665202e-01	   4.5667466976961407e-01	   2.9069208167846125e-02	   6.7010729013848705e-02	   5.5563788068128561e-01	   3.6864692694991041e-01	   1.4207766139568914e-01	   1.8300468110080825e-01	   5.9887178837886967e-01	   6.2501900959396739e-01	   4.3048413152553122e-01	   5.0814043853192425e-01	   4.6136637200318681e-01	   5.2351806037671866e-01	   2.8394099268366713e-01	   1.4864867181079672e-01	   3.0434197709120187e-01	   3.2522101020136324e-01	   3.1633374592890201e-01	   3.0860941456403146e-01	   4.4329162025829161e-01	   5.7957897396260527e-01	   3.2188989992457534e-01	   1.9249455158080470e-01	   3.3783438436739316e-01	   9.6291888810444523e-02	   5.0934608573640250e-01	   2.0567459927980566e-01	   5.0093695008404227e-01	   4.1270593057078858e-01	   6.9587804229477546e-01	   7.2222016560719404e-01	   4.7969781282963408e-01	   4.9063739517136629e-01	   6.5810777832199796e-01	   6.7112559438423980e-01	   8.3241111875294360e-01	   6.8658418903099927e-01	   6.0542360539823314e-01	   6.4682151964197387e-01	   4.0297757942043572e-01	   4.1255704841605800e-01	   1.3233514163448903e-01	   2.0816166631614991e-01	   5.7092424753585302e-01	   5.1492155392486716e-01	   4.5509114593091704e-01	   4.5330465065041453e-01	   2.2100868960233436e-01	   2.2821388639044649e-01	   5.7882068883740612e-01	   3.1658252064733999e-01	   6.5434360428264726e-01	   6.4299542213481631e-01	   2.5832653347905304e-01	   4.7677202326188295e-01	   8.1276431018163620e-02	   1.3993918165638961e-01	   3.4385494531167393e-01	   1.6677308106196648e-01	   3.3489967694342448e-01	   2.1162721489056341e-01	   2.8624724317326444e-01	   2.4546350728115723e-01	   5.4080290051361172e-03	   9.4677399331802664e-02	   2.6156562926495108e-01	   3.3057836429349846e-01	   4.5645224927781564e-01	   4.5101583397783562e-01	   5.1978141576953518e-01	   4.2617082925962346e-01	   3.7406741092261730e-01	   3.1879157175926370e-01	   4.7332328504153853e-01	   4.7716532583153276e-01	   7.3164605756692802e-01	   4.7400150635328864e-01	   1.9400883255731027e-01	   3.2083539710349657e-01	   1.7187421039091877e-01	  -1.1807154759389407e-01	   4.5449739404529227e-01	   1.7078488591223337e-01	   6.0695455828550582e-01	   6.1798004710783472e-01	   8.5446191153231890e-02	   3.7294807379172384e-01	   3.0769640330632475e-01	   3.8513287705040627e-01	   7.9519572472986855e-02	  -9.4580964914955934e-02	  -1.1597868591209737e-01	   1.0478549063357610e-01	  -2.0074255230850507e-01	   1.7923943729889780e-01	   5.1517721698018026e-01	   5.8408630093021818e-01	   4.7786562701899338e-01	   1.0985500523602737e-01	  -3.0604104588445075e-01	  -3.8553044297524175e-01	
   1.3833394246177504e+00	   6.2650892387232138e-01	   2.6429963853957356e-01	   2.5740968065549147e-01	   9.2141655842636561e-02	   2.2391175935012864e-01	   5.4377362601654311e-01	   5.0850524195998059e-01	   1.9040170616027216e-01	   2.5506494814751551e-01	   0.0000000000000000e+00	   1.0639823696881914e+00	   1.1966363742476871e+00	   1.0491229439698897e+00	   9.4808575420747365e-01	   7.8356521109097987e-01	   7.0218984979324617e-01	   5.4776371968927184e-01	   5.5620998175025893e-01	   4.4091656613471086e-01	   1.5978237755618346e-01	   3.1663621911626350e-01	   4.6624924932252754e-01	   3.7803814925124601e-01	   1.1583499022210259e-01	   2.2249522736423222e-01	   3.7616927684032186e-01	   4.7616537518712199e-01	   9.8782555253716020e-01	   7.7043691267266468e-01	   3.3815145212860442e-01	   4.2457977124312529e-01	   5.7894137426639924e-01	   6.0803784955632056e-01	   6.6571101160161558e-02	   5.7067370049957176e-02	   4.9770892349718487e-01	   5.2238819685413507e-01	   4.2297384600390403e-01	   5.0165719065096126e-01	   5.7525745458363220e-01	   5.9800577573512481e-01	   2.3359827959427915e-01	   2.0272613434394915e-01	   2.2792768690175527e-01	   2.6211531190338050e-01	   3.7242988170149455e-01	   3.6835714608537901e-01	   4.4851735120517300e-01	   4.0835749789443043e-01	   5.8474716253895365e-01	   5.0979082006860910e-01	   4.9936277293158060e-01	   2.4536345653065522e-01	   5.5587743022092428e-01	   6.0925535980922751e-01	   4.9981647465022999e-01	   4.2238365911181647e-01	   6.4467775710360076e-01	   5.7699925350923831e-01	   9.0145339581351513e-01	   5.7957586557150598e-01	   7.0212821602333608e-01	   5.6217174645930013e-01	   2.9015087809600437e-01	   3.2041104438975165e-01	   1.0757633761132644e-01	   1.0634636345909917e-01	   1.7621670188942448e-01	   1.2723833470152329e-01	   2.2210443731540180e-01	   1.3536151442659661e-01	   5.8368495479995031e-01	   6.0932657981837024e-01	   5.5521621535590049e-01	   5.1564873557678803e-01	   2.1007636005510075e-01	   1.9569830579469485e-01	   3.6492515536738418e-01	   3.3416024789497983e-01	   3.4587348088937370e-01	   4.1989819846302112e-01	   7.3568981512142972e-01	   7.0536385961026760e-01	   4.3586263323706465e-01	   4.2021574384183968e-01	   4.3895364185695146e-01	   5.8150744243521768e-01	   5.8674279612422264e-01	   7.5791999129952048e-01	  -5.7538888538495696e-03	   1.7985728476700619e-02	  -2.3269548368264964e-01	  -4.6178012070123772e-03	   3.6726698114619771e-01	   2.4027602285252830e-01	   4.6901965368093557e-01	   5.0767278340399313e-01	   3.3845433684707132e-01	   4.7988873694064116e-01	  -2.3332587752355233e-01	   1.9892408293406080e-01	   1.3035182527563158e-01	   3.6880563297388519e-01	  -7.5268493471123910e-02	  -3.5914462652635970e-01	  -4.1417483718625296e-02	   6.1493983722733769e-01	  -2.1847238346505379e-01	   3.2117788959069071e-01	   1.3061498183762338e-01	   2.1555378158273600e-01	   4.0126407831353134e-01	   2.0011657601493732e-01	  -3.0323715113693883e-01	  -4.7731757933964913e-01	
   9.3031366414827621e-01	   9.3623024632900431e-01	   1.5989365793702362e-01	   5.0459739873707543e-01	   7.8818310753481058e-02	   3.0146604064646604e-01	   4.7753121282461791e-01	   6.7065525621458488e-01	   2.2447231903269999e-01	   2.1223771176444484e-01	   1.0639823696881914e+00	   0.0000000000000000e+00	   8.2248892348410996e-01	   1.2831472585692552e+00	   6.9877579824158864e-01	   1.0995759828436755e+00	   7.1067862021908679e-01	   7.4248202218377068e-01	   5.7672860448110352e-01	   6.9842919711469642e-01	   8.0013772798177174e-02	   4.3809185779941934e-01	   3.8220034602690434e-01	   5.5188373552460845e-01	   1.1824336593967176e-01	   3.6739647871240549e-01	   3.7230737089404103e-01	   5.7673514749588206e-01	   8.5663009617566210e-01	   1.1180692486141179e+00	   3.7494473945986950e-01	   7.3231980974388766e-01	   5.9709075844394077e-01	   8.8598133978496163e-01	   1.2425660219292725e-01	   1.8657023738587891e-01	   4.4924639031602126e-01	   5.6146467868370964e-01	   3.9420379859631216e-01	   5.5170405701562897e-01	   5.8372386712043700e-01	   7.0380318230323469e-01	   2.0354966575235456e-01	   1.5474881894856446e-01	   2.3234671745602206e-01	   2.9784047345414660e-01	   3.1391027350897344e-01	   3.2745511777341307e-01	   3.5076084658837342e-01	   3.4095019605494514e-01	   4.0708335514655392e-01	   3.7572863705848930e-01	   3.5901208993822742e-01	   1.9055496725337345e-01	   4.4832889095110462e-01	   5.9263564445768602e-01	   5.6936694331887505e-01	   5.9260802217016084e-01	   4.4851261737404985e-01	   4.9703372273323765e-01	   6.3651704784307628e-01	   7.0956127646607436e-01	   5.7558985425950904e-01	   7.2087295962453091e-01	   2.6609580785465808e-01	   5.1685007767495750e-01	   1.4737649676900830e-01	   2.1201789512486269e-01	   3.2203205838053783e-01	   2.2821549122500706e-01	   1.7269710633030505e-01	   2.7520684281768193e-01	   6.5789310604317375e-01	   9.6335794767857286e-01	   5.7184481647125307e-01	   7.4690269935008691e-01	   1.9301892046335251e-01	   4.2682841889684275e-01	   4.9040497432822638e-01	   4.3961218243414374e-01	   4.4784461138928844e-01	   5.5833148497245078e-01	   6.7168728808501221e-01	   1.0465668691623369e+00	   4.1818696245400550e-01	   5.0195003282049655e-01	   4.3730933470061900e-01	   6.6836578634091015e-01	   4.9290944097315081e-01	   6.9649858675915732e-01	   9.9966838547293560e-02	  -4.8274033650600262e-02	   8.1831306724354357e-03	  -7.5302850494634976e-02	   3.7751890987953951e-01	   5.1738356437388178e-01	   4.9947752118435063e-01	   6.3825932195599955e-01	   3.5620804736162176e-01	   4.9005410027464635e-01	  -5.0784927499061189e-02	   3.4938287110296694e-02	   3.4301297058882613e-01	   3.6165928528290125e-01	   9.4938161149094050e-02	  -3.0389562867119735e-01	   1.6502978092281481e-01	   5.1733963227081337e-01	   4.5195296179606397e-03	   4.6758589284113239e-01	   2.0940805398962314e-01	   2.6293912571443456e-01	   4.9762641296691085e-01	   3.9511885692984122e-01	  -3.0463075956268029e-02	  -3.9176876722586451e-01	
   9.7927305732547509e-01	   4.7213838037975758e-01	   5.6477022130402110e-01	   4.6941829562439985e-01	   4.3193932127848333e-01	   3.8340203405590323e-01	   9.7455686063175306e-01	   7.8549645744829144e-01	   4.1710996990010935e-01	   5.0459998987530907e-01	   1.1966363742476871e+00	   8.2248892348410996e-01	   0.0000000000000000e+00	   1.1257203704156817e+00	   1.3021333902377623e+00	   8.5118765974021116e-01	   3.5710256319793765e-01	   3.7813159236084515e-01	   5.7260024112550689e-01	   4.1339373364523513e-01	   2.2538118045920449e-01	   3.1096950340137558e-01	   7.6298732377015077e-01	   6.7905114529415755e-01	   3.8438181640705504e-01	   4.4453327197743037e-01	   5.7329237426440172e-01	   5.4900980716234693e-01	   7.7448145619327602e-01	   6.0659892748105970e-01	   5.2054962380730263e-01	   5.3785399159428138e-01	   5.6734923860626274e-01	   5.8795444779660277e-01	   3.6959637418149527e-01	   4.0158227161655602e-01	   6.3636376064588551e-01	   6.0324727403692013e-01	   5.7007833256933660e-01	   5.3753906973737842e-01	   7.5713647337943879e-01	   6.3638851224445070e-01	   3.6352771444399679e-01	   3.0626364449935700e-01	   3.6643316775996737e-01	   4.1451625327138758e-01	   4.3355889586173108e-01	   4.6068482873947914e-01	   5.8627392136191148e-01	   5.5651490164935047e-01	   7.6782787598628710e-01	   7.1232128190754274e-01	   6.5362144223823826e-01	   4.4268980506182970e-01	   6.4233548378240046e-01	   7.1916568571405781e-01	   3.3110958203013491e-01	   4.0079436268959140e-01	   8.0123689225920980e-01	   7.4134406885332160e-01	   1.0132545793755847e+00	   5.7059146154805951e-01	   4.6419900615054127e-01	   4.7704408605433635e-01	   5.4331531789040799e-01	   5.4161283830413021e-01	   3.2061857336160215e-01	   3.5151719689891786e-01	   1.8599102345185942e-01	   2.1165077994147677e-01	   2.8958102062829277e-01	   2.4747041307071718e-01	   5.9536224554640849e-01	   5.6248904641887432e-01	   6.2763419735156378e-01	   5.1767139628929359e-01	   2.8970127685930636e-01	   2.5453368056554215e-01	   2.2593942765207914e-01	   2.9958143137619042e-01	   1.7840286506413564e-01	   4.1522910214557257e-01	   8.0643105885586364e-01	   7.2515808023699391e-01	   6.0046787391041345e-01	   6.4855238584917996e-01	   6.2113434792130995e-01	   6.8911554412914511e-01	   8.8136179202671017e-01	   9.7513809464740686e-01	   2.0874024582425477e-01	   2.4519185826723278e-01	  -1.8799392523524883e-01	   1.4714577022004727e-01	   3.4937506875422925e-01	   2.6304382070657861e-01	   4.7502636953018473e-01	   4.6212722251710059e-01	   4.6146247736582069e-01	   6.5603483583464084e-01	  -1.1575518250498756e-01	   3.2287142620360226e-01	   2.0823615967410933e-01	   4.2317891643699290e-01	  -1.9512128212725192e-02	  -3.0882555115137000e-01	  -4.4893224403102956e-02	   4.3781745671179811e-01	  -2.5345067857250558e-01	   3.7046119287483570e-01	   2.7628366221199829e-01	   3.6039593234908501e-01	   4.6331954922341179e-01	   2.5090221093951071e-01	  -2.5627026570988476e-01	  -4.6319607973484828e-01	
