   0.0000000000000000e+00	   1.1581120184383553e+00	   4.9683272212527455e-02	  -4.4482607078092866e-02	   1.0335974085770065e-01	   2.7258615588479790e-01	   2.5537265917960145e-01	   8.3981508257475621e-02	   3.3951666290743665e-01	  -6.3683731676814764e-02	   7.7886474560411079e-01	   6.0626205147241863e-01	   4.1771154867108351e-01	   4.5467638253769954e-01	   5.3204198632689914e-01	   3.5597892038623091e-01	   4.5572877301320730e-01	   5.3679718892864914e-01	   5.6361956852503936e-01	   3.2697594129277335e-01	   1.1140915694395265e-01	   1.4580124173355002e-01	   1.2070345630319798e-01	  -1.3457262295230377e-01	   6.3341208315963529e-02	  -1.7768865062993539e-02	   1.9052972446538580e-01	   2.6488451212474440e-01	   4.5330467127075091e-01	   4.6020043801879518e-01	   1.4987622680308302e-01	  -1.6090944269245896e-02	   2.0364958184902127e-01	   2.4113513368514811e-01	  -1.0242643335855028e-01	  -5.6189494841046697e-02	   2.4868920058921312e-01	   1.8551245379390457e-01	   2.1369947705006775e-01	   2.8601395269444951e-01	   3.9656053051137280e-01	   3.1183906536780798e-01	   4.6212386911775771e-01	   3.9317631927389557e-01	   4.2641722718509828e-01	   4.8774279611640936e-01	   3.7468232746562324e-01	   2.9244818261123068e-01	   6.7178871755362424e-01	   5.6618147066531443e-01	   5.5530312533910786e-01	   2.7588677440382076e-01	   5.4409322085475087e-01	  -1.2094672665130529e-01	   4.6814372404536941e-01	   4.5246631224125111e-01	   6.0907646278787075e-01	   5.0575254702625738e-01	   6.6695312988952538e-01	   7.8237000796351652e-01	   4.1337246617913759e-01	   2.6107374607647321e-01	   4.1377095191833890e-01	   2.7798485158657960e-01	  -2.6979147802129039e-03	  -1.0322531568488846e-01	  -5.6825902543971560e-02	   7.6143823831292701e-02	   1.9124417833554908e-01	   1.5921886758954903e-01	   2.3585600390247824e-01	   1.3391724340975467e-01	   4.3786103597079096e-01	   2.6703978922868510e-01	   3.2434597870951543e-01	   1.4702436030786886e-01	   3.1506346924782302e-01	   2.2017606994636424e-01	   1.5261957836148246e-01	   1.4723821923685845e-01	   3.8263419774406865e-01	   2.5181470044863830e-01	   5.2310018478866815e-01	   2.1206022880881403e-01	   3.1086569349184473e-01	   9.4753703614709833e-02	   2.1169763156004290e-01	   4.8871967423130068e-02	   4.9363669433290186e-01	   3.0869785899939117e-01	   8.3844784447888801e-02	   1.1144009510960469e-01	  -5.2967589181963426e-02	   1.9466842132980997e-01	   2.5981805916998907e-01	   1.4693052143083477e-01	   2.7188293340173680e-01	   3.4789210242242213e-01	   4.7079136162039215e-01	   5.1726091866055790e-01	   3.2185974996657202e-01	   3.6732569250398106e-01	   4.0733126970010847e-01	   4.2629628652906681e-01	   3.2090656219262786e-01	   3.6987444601471120e-01	   4.6254970932234268e-02	   4.0731196919222645e-01	   1.7645680927740975e-01	   2.4411756425315273e-01	   1.9927490077263443e-01	   4.4675685289717193e-01	   5.7813152168235482e-01	   3.3483958341935105e-01	   3.5337294960539156e-01	   4.9512361670082550e-01	
   1.1581120184383553e+00	   0.0000000000000000e+00	   3.3235726074869694e-02	  -6.1387953487637620e-02	   3.7868104653335878e-02	   1.4428850266501725e-01	   2.8424643609643335e-01	   1.6394189852567020e-01	   3.3374661566461861e-01	  -1.1797807268782490e-01	   7.2435850279291891e-01	   5.7387446623819294e-01	   4.9837812007426729e-01	   4.2538262682817818e-01	   4.7535731621910948e-01	   3.6230303690899834e-01	   7.1648439002372555e-01	   7.8920781187972000e-01	   7.0855321998567988e-01	   4.4455543602854619e-01	   1.8465124702091906e-01	   1.7738700895769699e-01	   1.6715968581492199e-02	  -2.1414802263707960e-01	  -6.7996727631601056e-02	  -1.5250631984793464e-01	   1.0946467825008083e-01	   1.4759204386777872e-01	   6.0015961981989130e-01	   5.7756483209355847e-01	   4.3249088984234053e-02	  -3.3478997475386296e-02	   2.2108828484300072e-01	   3.7422491117828610e-01	  -2.8697167008512781e-01	  -2.2500663596642437e-01	   3.4630312458990797e-01	   2.7110194631946244e-01	   3.1966040448410432e-01	   3.5289428295038389e-01	   5.2051844115027535e-01	   2.4062031087472383e-01	   3.2524094875842963e-01	   2.4246699006314162e-01	   2.6644756280933701e-01	   3.1696535320640662e-01	   3.1002729848966071e-01	   2.4781308425612994e-01	   3.7819477650720651e-01	   3.2831116996082443e-01	   3.6197463227583004e-01	   1.5452754469376057e-01	   3.8748701024022575e-01	  -1.2853999081870579e-01	   4.3065549916411600e-01	   3.7383930012376509e-01	   9.0171318825594959e-01	   7.5264147454421315e-01	   4.9866790417963019e-01	   7.0012653524255875e-01	   4.6081062114078708e-01	   3.1094292673817847e-01	   4.7958880762743999e-01	   4.7667372200719971e-01	  -6.2451916233555303e-02	  -2.2244113399366283e-01	  -4.7875224470402732e-02	   1.1353909107295969e-01	   3.2325957566060881e-01	   2.9664692335764786e-01	   2.7037466313154063e-01	   1.6584485180967845e-01	   5.6486665554820870e-01	   4.0785534166618892e-01	   4.4950587219726990e-01	   4.0479302898215491e-01	   3.1758739055867530e-01	   3.1056212212309614e-01	   3.3824834592617264e-01	   3.0091954812667165e-01	   5.6951189887300036e-01	   4.4943677234394791e-01	   6.1924358802002288e-01	   1.0960693460425289e-01	   2.9850989496988151e-01	   1.2564279509351309e-01	   2.4556998175621014e-01	   1.0509274730113341e-01	   5.1866987639251638e-01	   2.6936241064927224e-01	   6.2877584870748515e-02	   5.9931765255804188e-02	  -4.7219481318724388e-02	   1.1580038876622427e-01	   2.7606056663552364e-01	   2.6994856702437858e-01	   3.5841143593521263e-01	   4.3924723412603661e-01	   3.4113159387863445e-01	   4.7260768667400255e-01	   4.4742799623808271e-01	   4.0104659978778484e-01	   6.3799252164146736e-01	   5.1768366979871683e-01	   3.9052107517030743e-01	   3.7943659546387948e-01	   4.2739937776153881e-03	   5.1025006542445661e-01	   1.9606502188295433e-01	   3.8210799717910471e-01	   2.5672148370227799e-01	   3.8238267849336555e-01	   6.0082655263342166e-01	   3.6244007830989561e-01	   4.1825613849934923e-01	   4.8718887543730122e-01	
   4.9683272212527455e-02	   3.3235726074869694e-02	   0.0000000000000000e+00	   6.0258839505916373e-01	   4.7257335206080442e-01	   1.7823551652918809e-01	   9.1074974464421898e-01	   1.7635373926075212e-01	   6.8013987811543253e-01	  -1.4243580397852051e-01	   8.4297220499147590e-02	  -2.3263362279548083e-01	   2.4244881824673498e-01	  -3.2079214893739876e-02	   4.5356961634810145e-01	   1.8070265542713171e-01	   1.3195329852562335e-01	   1.4310021957142482e-01	   2.9983032349877053e-01	   1.4556678362479680e-01	   1.8963431628654787e-01	   4.4144481502437341e-02	   1.1640319690282501e+00	   7.6660647013590577e-01	   9.5835764442953297e-01	   8.0107493774456739e-01	   6.3732667592565595e-01	   5.4405451062508714e-01	  -1.3351878909335466e-01	  -1.0530008785981711e-01	   9.4713863987911062e-01	   7.3159539660400430e-01	   7.5219699412005969e-01	   5.5906647152735678e-01	   8.2990182844646299e-01	   6.5629153915728600e-01	   5.4662192876925997e-01	   6.0461600415939820e-01	   4.9055991903024587e-01	   4.7326148412305635e-01	   1.6743771695410503e-01	   3.4184930974460437e-01	   3.4502557581494148e-01	   2.2602392914585226e-01	   2.2747226325460346e-01	   3.0037461392085296e-01	   4.1301488785112106e-01	   4.2731724239378038e-01	   1.5682190399539769e-01	   3.1224046671308414e-01	   4.9151067487050482e-01	   5.9855897839335581e-01	   3.8194867434554336e-01	   2.1014213541399535e-01	   6.1554561386170503e-01	   4.5466357827195747e-01	  -4.7148883052202446e-02	   1.7008817187207356e-02	   1.7295236320534635e-01	   3.0973496644784815e-02	   2.6209248782124089e-01	  -2.0053383655571522e-01	   3.0977182207931453e-01	  -5.6116095076241844e-02	   8.6904168115553426e-01	   4.9805579927391869e-01	   1.1293101776352439e+00	   6.9276267175006567e-01	   2.6506361742007867e-01	   3.3737166725935452e-01	   4.9197040538317061e-01	   4.1782100477284156e-01	   3.5256272034091002e-01	   2.9646351538705701e-01	   3.6602401698782172e-01	   2.0321505417447711e-01	   8.0812415330931464e-01	   4.4664250200276079e-01	   2.6256159281045216e-01	   2.8964401807314888e-01	   7.5862510313315645e-02	   3.7074614867955008e-01	   3.2961959879280694e-01	   1.9898079552400602e-01	   7.7568220205580196e-01	   7.1792990929879741e-01	   7.1048286122368554e-01	   3.8372225293140977e-01	   8.3535141842852323e-01	   7.6363402574090111e-01	   6.7141628273944109e-01	   9.2715929116143214e-01	   4.5195267863771660e-01	   1.0787113154724672e+00	   6.6301224941637971e-01	   3.6218981915620885e-01	   6.3935939364258854e-01	   3.5846013187354592e-01	   5.2387414970943547e-01	   5.2338982968616854e-01	   3.2917664256834278e-01	   4.0957455121546060e-01	   5.1663641057321341e-01	   5.4315541055260830e-01	   6.5225363342053833e-01	   7.1555008616189719e-01	   3.9353410656253007e-01	   2.0323853948828444e-01	   2.5140483641664391e-01	   4.6629991998137865e-01	   8.2563642905452073e-01	   6.6205722763544306e-01	   5.1899544002519704e-01	   2.4447593968638942e-01	   5.2170808104243793e-01	   1.2695303880424019e-01	
  -4.4482607078092866e-02	  -6.1387953487637620e-02	   6.0258839505916373e-01	   0.0000000000000000e+00	   4.9635291269302240e-01	   5.5450043803123994e-01	   3.4074969773132158e-01	   8.3563836129407798e-01	   2.3879962158039003e-01	   4.3766072515158561e-01	  -6.2909575659025135e-02	   2.6888861789556785e-02	  -9.8780720355553506e-02	   2.8525169385864002e-01	   8.3996562746194423e-02	   2.1671848615158554e-01	   4.7081817335857659e-02	  -1.0143336510968015e-01	   2.0922401114391329e-01	   4.6365592818135659e-01	   9.8816558259573126e-02	   6.6766739120811519e-02	   4.4510735617496039e-01	   8.9231263641851943e-01	   6.2155088463409569e-01	   7.3124691092029481e-01	   5.2310186543885062e-01	   5.5731579181021429e-01	  -1.7123097737775744e-01	  -2.2517380858666020e-01	   3.9480294089831952e-01	   6.4735925717642995e-01	   3.3562333932333349e-01	   4.6666468464860567e-01	   5.1322588477822040e-01	   5.3661570540452563e-01	   4.8329243661406129e-01	   4.7198108162490132e-01	   4.3260113564787606e-01	   4.6820505487064817e-01	   1.5867226522059627e-01	   3.3006888924386091e-01	   1.5056199382325428e-01	   3.2119011111142133e-02	  -4.6261078577428671e-02	   4.4475065521109511e-02	   1.6525927453062500e-01	   1.3070714261693500e-01	  -4.3750848896405792e-02	   1.7149562958739278e-01	   3.0962629196428848e-01	   3.9791864151763839e-01	   2.7073023633294824e-01	   2.7943156371265554e-01	   3.0147750637504345e-01	   1.4825105061097574e-01	  -1.8521666381726625e-02	  -6.1705064887615776e-02	   4.9644200170679907e-02	   5.2502871624974766e-02	   1.1002215982483074e-01	   3.4859183993386900e-01	   2.3378033363402224e-02	   1.6087734720215213e-02	   6.4285609278496680e-01	   9.8527543038714960e-01	   7.4133911222961402e-01	   7.2100294978485024e-01	   2.7136276594535103e-01	   5.5782138933902559e-01	   1.9169459506756509e-01	   2.0910841662428004e-01	   8.6590793152515652e-02	   1.4934375900337160e-01	   6.9593493268324716e-02	   1.7643654153302726e-01	   5.7882418480589548e-01	   6.3490096263243145e-01	   2.1835164739670010e-01	   8.2872911054294646e-02	   6.5711134933858481e-02	   2.3650354502127044e-01	   2.4746475708916704e-01	   7.5421017270373050e-02	   4.1740596558841658e-01	   8.8484139824920383e-01	   4.2166999641709091e-01	   3.4026954207240789e-01	   4.1679033477999705e-01	   7.4063733085266892e-01	   7.6309700759301569e-01	   4.3570373873379509e-01	   1.0403000429018214e+00	   3.6678344153178466e-01	   2.9472435372305517e-01	   4.3870963594277518e-01	   4.2942732680824902e-01	   1.6408108158851767e-01	   3.6197067107634212e-01	   2.0014709746514436e-01	   3.6711745536922213e-01	   1.6697684356788489e-01	   3.4713614366047935e-01	   2.6288676429625435e-01	   6.1995148077993911e-01	   4.1522842778486407e-01	   3.6932431254512743e-01	   2.3293443556258572e-01	   1.8372079158597493e-01	   2.3449865803514530e-01	   4.3681069495895219e-01	   3.1054153863401102e-01	   2.9429307696922602e-01	   5.8973364943508300e-02	   1.5599922578500258e-01	   2.4843160823455556e-03	
   1.0335974085770065e-01	   3.7868104653335878e-02	   4.7257335206080442e-01	   4.9635291269302240e-01	   0.0000000000000000e+00	   5.3888421137441356e-01	   6.9533543682275456e-01	   5.3781121511021701e-01	   4.8959391083547588e-01	   5.1744113425172267e-01	   1.4671038804896666e-01	   3.2400082204266589e-01	   1.8271847418055087e-01	   3.9012298292978065e-01	   2.9737249334828531e-01	   4.2194415820491699e-01	   1.3139430752259354e-01	   9.9838819595606684e-02	   1.7581952578173698e-01	   3.1423497827705393e-01	   5.6510117037860741e-02	   1.7988383012667106e-01	   4.2481395724788257e-01	   5.4109198418074989e-01	   3.5901231844554415e-01	   3.8694018060207086e-01	   1.6613428197982774e-01	   2.3382891937747380e-01	   1.8892080900811684e-01	   2.8495023057541863e-01	   4.0469105518432003e-01	   4.9553590123384755e-01	   5.5294139602609249e-01	   5.7220575169964671e-01	   5.2823576612596312e-01	   6.9452342778348375e-01	   3.6772641464198519e-01	   4.6434708652571732e-01	   3.5506377053039562e-01	   3.8869761091625882e-01	   1.3326371642727416e-01	   2.0668743553909663e-01	   1.9432365258151801e-01	   1.4268186612997544e-01	   1.2432920548868620e-01	   3.0747516685537174e-01	   2.5109393366523919e-01	   2.6946463991850889e-01	   2.4213105530186796e-01	   2.8816346102976281e-01	   3.7561278127140724e-01	   2.9107258072934089e-01	   4.3185982590474353e-01	   1.8716305460243382e-01	   3.6359913066271543e-01	   2.6885824324379276e-01	  -2.3889514696648242e-01	  -6.6595190346506017e-02	   2.2077976779661762e-01	   2.7053941448454827e-01	   2.6928527895391019e-01	   3.1895045388505999e-01	   3.1488449717211631e-01	   4.1857389656667404e-01	   4.9417114390122224e-01	   3.5241471651246548e-01	   4.4335130024907832e-01	   4.3061298009477195e-01	   6.8471211985725783e-02	   1.2389047862405177e-01	   3.2686269499650028e-01	   4.6386172373271889e-01	   2.3610344166923192e-01	   3.2249663599041778e-01	   2.9693229305344160e-01	   3.2858250335949163e-01	   5.8340975960951602e-01	   4.7994912992955768e-01	   7.8248140743881631e-02	   4.3338878252189003e-02	   2.6797004865308222e-01	   4.1015599172590456e-01	   1.7042367264296845e-01	   2.6289270872480996e-01	   5.5185038308915790e-01	   5.6294908733150151e-01	   9.0030265193906889e-02	   1.8391087704153705e-01	   3.8065949142688310e-01	   6.7355997570895054e-01	   5.7911117771397969e-01	   6.4120237033503347e-01	   6.5732231320747425e-01	   5.1295671693184741e-01	   4.9757967271009096e-01	   6.3310217395533785e-01	   3.8799252521003796e-01	   2.7861279251909227e-01	   4.8348021238622590e-01	   3.8623006540171240e-01	   5.8986100151981091e-01	   4.9154793549672404e-01	   4.1421334035546697e-01	   2.9926249196481342e-01	   4.1639124729144439e-01	   4.3728032069013706e-01	   2.4903504036055427e-01	   1.3585008255505379e-01	   1.7259181557507564e-01	   4.3362190150972546e-01	   3.5500350719764201e-01	   3.9057484726965913e-01	   4.6990876163703721e-01	   2.8160824942962881e-01	   3.8046979516826884e-01	   3.3564246925573377e-01	
   2.7258615588479790e-01	   1.4428850266501725e-01	   1.7823551652918809e-01	   5.5450043803123994e-01	   5.3888421137441356e-01	   0.0000000000000000e+00	   2.8871978990633285e-01	   6.6867409368843600e-01	   3.3272989974484507e-01	   9.5893130091323120e-01	   1.3874630385523914e-01	   4.4529348866426005e-01	   1.1401973586113373e-01	   6.0987365137613214e-01	   1.9587593907229964e-01	   7.1516617326027809e-01	   2.4464541595613809e-01	   1.4527504385670206e-01	   3.2346698191757128e-01	   4.2433038376518090e-01	   8.0333542356955612e-02	   3.5231725771364736e-01	   2.2096460036322429e-01	   5.3632708163166831e-01	   2.7271320246645481e-01	   4.9156877829147311e-01	   4.8363324608851753e-02	   4.8970030137741161e-01	   2.6884928554503462e-01	   2.8448084656641975e-01	   3.2780281593107818e-01	   5.7552433652940294e-01	   4.5720413812216598e-01	   6.5567474894827404e-01	   4.7377262167442069e-01	   6.4052299243156607e-01	   3.8561621361425352e-01	   4.9052804487882451e-01	   3.5727915649808611e-01	   4.2137482934935466e-01	   1.3190523416685124e-01	   4.2302060471996866e-01	   2.6529685609526193e-01	   2.7421939310240623e-01	   2.9681320800330857e-01	   4.8106864114839465e-01	   3.0587264645680434e-01	   2.8348316713288002e-01	   3.5525832302360977e-01	   3.5850094220757101e-01	   3.7598709146405618e-01	   2.6620322560139736e-01	   3.9582425592535481e-01	   2.2356883622561186e-01	   2.9387153788065562e-01	   1.8588081710109819e-01	   1.3553949370330000e-02	  -2.0910549917521120e-03	   3.2447160789815899e-01	   3.3058233000463960e-01	   3.1352133735096804e-01	   6.9451045532995626e-01	   2.9631684855641011e-01	   4.4397460173134939e-01	   2.5372898982267478e-01	   5.4237645162784276e-01	   2.7468207796469685e-01	   3.7062682667753766e-01	   6.8352040814186527e-02	   3.8463976027812374e-01	   3.8755764580679891e-01	   4.7253883009526065e-01	   3.1589617148323074e-01	   4.6687003355682527e-01	   2.5281313322388144e-01	   4.1524052102624659e-01	   4.9097526757565391e-01	   5.6155673527290562e-01	   1.9837052426999194e-01	   8.2983327020356851e-02	   3.4293158334762447e-01	   4.1036767161433502e-01	   2.9360676630720423e-01	   2.5564220110911484e-01	   2.9614786855776126e-01	   4.5072967502468664e-01	   6.2500457697707928e-02	   1.0860159187585378e-01	   3.4614981046399296e-01	   4.3279945293525662e-01	   7.6939774421444740e-01	   4.7042675441119097e-01	   7.6009886176245356e-01	   3.2544613560437741e-01	   2.3349473396960557e-01	   4.0933772966713911e-01	   2.7577464911455996e-01	   2.0146822808619808e-01	   5.5111751586214142e-01	   3.6270746344991045e-01	   6.4371966902866307e-01	   3.3518610075549160e-01	   4.8357746308147265e-01	   3.8208466399286900e-01	   3.7844336219948133e-01	   2.6158978704405006e-01	   3.9465019551648023e-01	   2.2996239183637851e-01	   3.0621684011934708e-01	   3.7461227051648593e-01	   3.1005581369498780e-01	   4.6851103925164322e-01	   4.2970460290018903e-01	   2.0552552081116421e-01	   2.2640872955533170e-01	   1.0837821245234611e-01	
   2.5537265917960145e-01	   2.8424643609643335e-01	   9.1074974464421898e-01	   3.4074969773132158e-01	   6.9533543682275456e-01	   2.8871978990633285e-01	   0.0000000000000000e+00	   4.4408067332911821e-01	   8.4706366705829628e-01	   5.2014359425984945e-02	   3.6123816029123351e-01	   2.0600455889631095e-01	   4.4893031256977317e-01	   1.8525937950110788e-01	   3.8737089068298408e-01	   2.5682440392237438e-01	   3.1492750415387533e-01	   3.7932050253499644e-01	   3.5355784396037537e-01	   8.6254177194565934e-02	   8.7239032394401478e-02	   9.1092762293697171e-02	   5.9782754014439943e-01	   4.5515337291638247e-01	   2.8808444197847427e-01	   2.9922104724015131e-01	   1.0444046966501803e-01	   2.0800705547006465e-01	   1.5988838497952634e-01	   2.2786389577086150e-01	   5.3373537357155598e-01	   5.3141932288208993e-01	   6.2104821112130837e-01	   6.2999045773118623e-01	   4.3331896712960055e-01	   4.5434981543871927e-01	   3.6357077378425839e-01	   5.0483936963120946e-01	   2.7105925552808757e-01	   3.8114664639080009e-01	   1.8158642800384253e-01	   1.5490735077284701e-01	   3.5173467608745568e-01	   2.2137433488340086e-01	   2.4630760608802230e-01	   4.0687005040962732e-01	   3.8191024803325824e-01	   3.7307836967059349e-01	   2.5164636263021334e-01	   3.5213469931795560e-01	   4.8290187689252917e-01	   4.1272535531429100e-01	   4.7326711198007132e-01	  -1.3000567216277082e-02	   5.1176726235316972e-01	   4.0123184073286827e-01	  -4.3004551064284796e-03	   9.2465046322885491e-02	   3.7117907660270810e-01	   2.8761489582845179e-01	   5.4868014253222019e-01	   6.6653456396895142e-02	   6.7754189060052683e-01	   3.8604698000278975e-01	   5.1806686064057494e-01	   2.0492272359497010e-01	   6.5852696256512289e-01	   5.6620173980215283e-01	  -7.3403145986359573e-03	   1.3241824538807814e-01	   4.4281019703929797e-01	   5.5193842419516015e-01	   3.6886264806534841e-01	   4.2063952631178081e-01	   3.9421719670860489e-01	   4.0430908281630923e-01	   6.6492528628037839e-01	   5.0571340545972365e-01	   1.1789865516019826e-01	   2.4961780462006466e-01	   1.6490431637845240e-01	   3.9756302266234800e-01	   4.1111723888015062e-01	   2.0300448803553503e-01	   6.0838500366963988e-01	   5.2604948602987256e-01	   3.1586910832337550e-01	   3.1905781950367440e-01	   6.8528885011902385e-01	   7.1170602289144969e-01	   5.5124851342449710e-01	   8.6684526861818723e-01	   2.7081385254380119e-01	   7.9729832151092150e-01	   4.8885781443181248e-01	   3.5777932778377691e-01	   4.6790288151103476e-01	   3.3479882823158280e-01	   5.2105995440837904e-01	   5.6898532159399051e-01	   4.3000793638237356e-01	   7.0107671589164111e-01	   6.6935805358223888e-01	   4.1047224658603598e-01	   4.7069427050466472e-01	   4.9707240576243950e-01	   2.2440274497564966e-01	   6.1633422004654270e-02	   1.5055348123814988e-01	   5.3520419649390649e-01	   5.6365618320923794e-01	   6.2961049434676220e-01	   6.0644429428434199e-01	   2.4282055009974440e-01	   5.2389921293593722e-01	   1.8853509561055753e-01	
   8.3981508257475621e-02	   1.6394189852567020e-01	   1.7635373926075212e-01	   8.3563836129407798e-01	   5.3781121511021701e-01	   6.6867409368843600e-01	   4.4408067332911821e-01	   0.0000000000000000e+00	   1.6561866792404714e-01	   6.8326709594213031e-01	  -3.2676001608360677e-02	   3.5800980838647112e-01	  -8.0233561490692135e-02	   4.2916180884821964e-01	  -1.0946463802715591e-01	   1.9519326044172861e-01	   1.3958718562907285e-01	   8.9771276205469819e-02	   2.6582916430511205e-01	   5.0394888319263398e-01	  -1.0380190138489358e-01	   1.0025188482933341e-01	   9.3469147213232715e-03	   4.7625182863260374e-01	   1.3834507676443527e-02	   1.9955689068191146e-01	  -4.4301020533323264e-02	   5.9238083925886025e-02	   1.9774561812479226e-02	   1.2561407910425830e-02	   4.4187417353635190e-02	   4.5705155029875777e-01	   2.3159343595929421e-01	   6.2690408525127805e-01	   1.5760180067396587e-01	   3.3945840579791725e-01	   1.7932038844997192e-01	   2.7222317492965564e-01	   1.3258868539211452e-01	   2.1499136287552334e-01	   7.1209787733750210e-02	   1.1351191747698017e-01	   1.0238878118825750e-01	  -7.6780920579822970e-02	  -4.5749261468185136e-02	   9.4971581989074391e-02	   2.6048198343597975e-02	  -9.8193014002517180e-03	  -2.2389641592011296e-02	   1.7313170306374584e-01	   2.0159765309303115e-01	   2.4535481520604016e-01	   1.4424816904807530e-01	  -4.6139034691937489e-02	   6.9438062395072997e-02	   3.0487899470643180e-02	   2.9913657586587351e-02	   4.1037596581703022e-02	   2.7946132786694311e-01	   3.5457040611057472e-01	   1.8014172812996648e-01	   6.1940605711737484e-01	   2.2594048557162935e-01	   5.4683353470749629e-01	   1.1952456767213469e-01	   4.0160075780023924e-01	   4.4018859276614308e-01	   6.4294747240897665e-01	   1.0371834528439777e-01	   5.4134571243847174e-01	   7.5258627236326980e-02	   2.8928834565336758e-01	   4.4086201065899042e-02	   2.2585656921734876e-01	  -1.7753259713460194e-02	   3.0313486476865897e-01	   3.9455356403873187e-01	   6.9221080887570619e-01	   5.5066248942781865e-02	   5.7199451677297217e-02	   3.0207325622960614e-02	   1.9399455829856971e-01	   2.0292503540691365e-01	   4.2519663271841632e-02	   9.8841024382950143e-02	   4.3547001998018442e-01	  -5.8333512285785184e-02	   8.6277493298209662e-02	   1.5336888278773381e-01	   4.4450806664118936e-01	   5.6413621841659545e-01	   2.8249562874396417e-01	   7.7842134850371281e-01	   1.2025533186234144e-01	   5.2669729638529797e-02	   2.8361207680143241e-01	   1.3994078173388871e-01	   3.6285190691760935e-02	   2.3856726890330665e-01	   1.0835433633126608e-01	   4.2764191639464300e-01	   2.9275676976970327e-01	   4.4476604678765308e-01	   2.0745124736886536e-01	   4.0308422620902001e-01	   8.1230947479284332e-02	   2.0694619769710290e-01	   3.9804988101680469e-02	   2.1298378770946260e-03	   7.1711112540694816e-02	   1.4885701870758519e-01	   1.6993620321537128e-01	   2.4355142774806282e-01	  -7.9612446160405026e-02	   2.2231743019645128e-02	  -1.4876901215734656e-01	
   3.3951666290743665e-01	   3.3374661566461861e-01	   6.8013987811543253e-01	   2.3879962158039003e-01	   4.8959391083547588e-01	   3.3272989974484507e-01	   8.4706366705829628e-01	   1.6561866792404714e-01	   0.0000000000000000e+00	   7.9393639672108704e-02	   5.7299589102981652e-01	   2.9439739174181312e-01	   7.0873021359705257e-01	   3.7091897961838804e-01	   7.3685608574461581e-01	   5.4249398469060117e-01	   3.9805534358308442e-01	   4.2187850605174360e-01	   3.8927999693571097e-01	   1.3978271530594510e-01	   1.7533933300158905e-01	   3.1310618977830224e-01	   5.7187230709770098e-01	   2.8380876407632138e-01	   4.1680275910692355e-01	   4.1170163892209710e-01	   3.1602425436547787e-01	   5.6202321072766215e-01	   2.3867601098387028e-01	   3.3636433156318601e-01	   5.1782414313652758e-01	   3.4316643548313253e-01	   5.9563802399054333e-01	   4.7967715354536722e-01	   3.2117556491978222e-01	   2.8883203597156509e-01	   5.3415974724335213e-01	   5.2798845801474559e-01	   5.3093962580538667e-01	   5.4362968010864432e-01	   4.1479411204038119e-01	   3.4897972437886049e-01	   3.8302216950857221e-01	   3.3432942000067750e-01	   2.8542968125636459e-01	   3.9532549686018797e-01	   4.5139029952446552e-01	   4.2987226032957160e-01	   3.3883646552211699e-01	   4.2451658550711230e-01	   6.0371170381869965e-01	   4.1321259270681387e-01	   4.9212848025610534e-01	   1.8406278299627835e-01	   5.8566071811941756e-01	   5.6011347201551498e-01	   1.1899933217136117e-01	   1.0349197341327267e-01	   2.9271137516083923e-01	   2.8379737738558258e-01	   4.6372662902544587e-01	   1.3011263954926991e-01	   5.8999810895372296e-01	   2.6620811005345824e-01	   6.1106148675724958e-01	   2.7987963067639948e-01	   3.8585474553801757e-01	   3.6092529654746397e-01	   2.3843577386060810e-02	   1.2515634703210285e-01	   3.6806415874279835e-01	   5.6080478256011745e-01	   6.0903279099306951e-01	   6.1014668443721864e-01	   5.5181709198656437e-01	   5.7070598257091154e-01	   4.9814442531071917e-01	   3.7287582451270479e-01	   3.2427212842546871e-01	   2.9694431294082058e-01	   4.5169461525706794e-01	   4.9912222054882882e-01	   5.0082134011044266e-01	   3.5264919818601255e-02	   6.9473559075416425e-01	   4.6460622622205533e-01	   3.7723490198743859e-01	   1.9499230862274386e-01	   7.3257579302979825e-01	   6.1631512483513040e-01	   3.4017578502481638e-01	   6.2894057459448316e-01	   1.8900799833176699e-01	   7.5940394919530685e-01	   5.8953540350234912e-01	   3.8457716064657133e-01	   5.3852547672256468e-01	   4.8902708749639501e-01	   5.5836924273694089e-01	   6.2464912700009734e-01	   5.2132117128894295e-01	   6.0967329661598246e-01	   6.0913259214574700e-01	   4.7524141658480368e-01	   4.0447523184241108e-01	   5.6762967533065023e-01	   1.6497877538477410e-01	   8.4311777323229239e-02	   1.5261484340641501e-01	   7.0312649610553868e-01	   5.1514396239515015e-01	   5.6399263921240650e-01	   5.9885062625563068e-01	   3.6933974910978284e-01	   5.6461696866120437e-01	   4.1176911600267863e-01	
  -6.3683731676814764e-02	  -1.1797807268782490e-01	  -1.4243580397852051e-01	   4.3766072515158561e-01	   5.1744113425172267e-01	   9.5893130091323120e-01	   5.2014359425984945e-02	   6.8326709594213031e-01	   7.9393639672108704e-02	   0.0000000000000000e+00	  -1.7705684967898577e-01	   3.2206737493376264e-01	  -1.8791636153898678e-01	   3.7207384343994321e-01	  -1.7647431759162258e-01	   3.6035422500692860e-01	   2.3337064963154918e-02	  -7.3617822388998180e-02	   2.7527979649091955e-02	   3.0846103959254700e-01	  -7.8216529995793746e-02	   2.2950930692297927e-01	  -9.8855094771804125e-02	   3.3565012337929667e-01	   9.0632967356540309e-03	   1.8970943397582243e-01	  -1.7176819314741737e-01	   1.5867758882982846e-01	   9.7635325254018551e-02	   1.4089060813758802e-01	  -9.0310714116737703e-02	   2.1590740959491167e-01	   6.8912424081824714e-02	   3.0447153285754597e-01	   1.6620068897938312e-01	   3.3570974912873763e-01	   3.6636215820284715e-02	   8.3342429266057103e-02	   6.0008057294772675e-02	   8.1659928053310862e-02	  -1.2913678411068909e-02	   7.2785878249535627e-02	  -2.8988886448506161e-02	   2.9567779895604624e-02	  -3.5120405708831084e-02	   1.0927364006368803e-01	  -5.0446620859568289e-02	  -2.1001500605208549e-02	   4.2334385311834671e-02	   6.3562007302332538e-02	   1.1751399617184690e-02	  -7.0346608265601920e-02	   8.0782143808225432e-02	   4.8389807212772307e-02	  -1.4544979426179894e-01	  -1.5413959141089356e-01	  -7.8002592405470986e-02	  -1.7370786131267918e-01	  -1.9222665037974922e-02	   1.0863964721169593e-01	   2.4575637247827496e-02	   8.1498228814488149e-01	  -3.4185729120610282e-03	   3.4699341143477241e-01	   1.4305812626765552e-01	   4.3762477032255764e-01	   2.3593322535017714e-02	   1.2131454489055810e-01	  -5.4187138903719484e-02	   2.0384827687623264e-01	   4.5227541631605361e-02	   2.8091777074539881e-01	  -1.2390421679045928e-02	   2.2052140010432364e-01	   2.3090629849117607e-02	   3.6105755286330771e-01	   9.3382679076587427e-02	   2.9008893317315954e-01	   5.8275293361886235e-02	  -1.3159611412660036e-01	   1.5401296965396513e-01	   1.6997440117925880e-01	  -4.4213466477763724e-02	  -4.0314575451791193e-02	   3.2132498444551037e-02	   2.5384357772547134e-01	  -3.0143728822027466e-01	  -7.5701603461740902e-02	  -1.1836869239310349e-01	   1.1120038259887619e-01	   3.0305431241029918e-01	   1.3455084798526595e-01	   5.4066767562645757e-01	  -1.9152023689296072e-02	  -5.7406066507532889e-02	   2.2494005529081917e-01	  -3.6268389228438135e-02	  -1.1093116221463212e-01	   8.4971265135395185e-02	  -1.7596376777414900e-02	   3.2905835342972667e-01	   1.0382221317803000e-01	   1.0793418032640677e-01	  -4.5629144992851084e-03	   7.9168251899024489e-02	  -1.2359233341106989e-01	   1.3853821816839609e-01	  -7.0097181874172257e-02	  -2.9192352350453251e-02	   6.8480318392569781e-02	  -1.0059097516224993e-01	  -1.8037840279784105e-02	  -4.1673371524112303e-02	  -9.3310059552536573e-02	  -1.7728612042378408e-01	  -5.0483563771453799e-02	
   7.7886474560411079e-01	   7.2435850279291891e-01	   8.4297220499147590e-02	  -6.2909575659025135e-02	   1.4671038804896666e-01	   1.3874630385523914e-01	   3.6123816029123351e-01	  -3.2676001608360677e-02	   5.7299589102981652e-01	  -1.7705684967898577e-01	   0.0000000000000000e+00	   6.3410542138585446e-01	   1.1349983746531809e+00	   6.2706371821766649e-01	   6.5393852116398155e-01	   3.9768184878679852e-01	   7.5983056175855368e-01	   6.7308772953644636e-01	   4.5733626590095028e-01	   1.7942205614708834e-01	   1.5567805286680750e-01	   3.0398390060778152e-01	   1.4020727876395861e-01	  -2.4294250388886324e-01	   2.8227109919334095e-02	  -3.5189426913725626e-02	   8.0655952959357721e-02	   1.9486828549068119e-01	   6.2393287218908100e-01	   5.8590833374437934e-01	   1.7213823703651648e-01	  -1.1989120590425598e-01	   2.4688409883216295e-01	   1.7114650727592540e-01	  -7.0259005343095149e-02	  -7.2338193460122241e-02	   4.0764172196330872e-01	   3.3133813584287664e-01	   2.9746904494892673e-01	   3.8485071450532943e-01	   6.1165327459738572e-01	   2.5999710047773783e-01	   2.4706533933430597e-01	   1.9570631994015908e-01	   1.9298078725735757e-01	   2.1288399487487625e-01	   3.0754885091197481e-01	   1.8511682594918727e-01	   2.9352028377061534e-01	   2.4260739585070465e-01	   3.3733202666649736e-01	   9.4329952212318963e-02	   4.5225965247731764e-01	  -3.8249284573858899e-02	   4.6889052383703023e-01	   3.4442570485142993e-01	   4.1458592210382184e-01	   3.9891366066640938e-01	   4.2980230171264217e-01	   5.2075324589597516e-01	   8.8443902033240396e-01	   2.5599626055726443e-01	   5.7136438068904738e-01	   2.5284429607318970e-01	   1.2756774608614077e-01	  -3.1276320579681896e-02	  -9.6229633707792847e-02	   3.0183505184453413e-03	   7.8328880304197823e-02	  -3.6801392463609854e-02	   2.3444898801721120e-01	   2.2034338293484562e-01	   5.3155790836898564e-01	   3.6111122320815214e-01	   3.9012046230034597e-01	   2.6788888161849245e-01	   2.7238281635851147e-01	   1.5659748403944387e-01	   3.9380990543928651e-01	   4.1519804673847482e-01	   7.3997932691551571e-01	   4.6216070004851134e-01	   5.3429631807189570e-01	   1.6211701101850390e-01	   3.7627925553759345e-01	   8.3517045333562995e-02	   1.3973681095798421e-01	   8.5491562571587063e-02	   6.0749145088407153e-01	   3.1360035534704461e-01	   9.4244496408650971e-02	   1.4079773504851784e-01	  -7.0720684407571760e-02	   2.1935285155296499e-01	   2.8984165552095498e-01	   2.0593585575432966e-01	   3.1478741439058233e-01	   4.3005004670980690e-01	   3.6725591479013769e-01	   4.3034849439630091e-01	   4.0738976256183373e-01	   3.2708123962746294e-01	   4.8497023058467559e-01	   3.4487800853090295e-01	   2.4355949408747601e-01	   4.0980263923024163e-01	  -5.6143373389170755e-02	   4.2115357738177928e-01	   1.8326437528912784e-01	   4.9675970844234107e-01	   2.7316912142003658e-01	   3.5763016634295691e-01	   5.9279860157393427e-01	   4.1040644667617121e-01	   4.3362672818482684e-01	   6.1193390562509675e-01	
   6.0626205147241863e-01	   5.7387446623819294e-01	  -2.3263362279548083e-01	   2.6888861789556785e-02	   3.2400082204266589e-01	   4.4529348866426005e-01	   2.0600455889631095e-01	   3.5800980838647112e-01	   2.9439739174181312e-01	   3.2206737493376264e-01	   6.3410542138585446e-01	   0.0000000000000000e+00	   4.4482078643356071e-01	   1.1986614776610038e+00	   2.5037824018491484e-01	   6.1505148626576689e-01	   3.3850227618809853e-01	   3.0834671239798550e-01	   2.1964643510630383e-01	   2.6770428359240928e-01	   2.0674454736810129e-02	   3.5439944978041771e-01	  -2.1001719829425647e-01	  -1.8671641885041559e-01	  -2.7763737281644918e-01	  -2.5833641666989871e-01	  -1.6195852484476714e-01	   3.6890859554736893e-02	   5.2643686226014730e-01	   6.6463266993431802e-01	  -1.5316648399305813e-01	  -7.3491342990509245e-02	   9.0386457675724115e-03	   2.0163022106635642e-01	  -2.5699239277788388e-01	  -2.0367123758092156e-02	   1.7070001787100675e-01	   2.0415480337581340e-01	   1.9953068067508389e-01	   3.2730643151621941e-01	   3.4346270486976005e-01	   1.1650006394905982e-01	   3.3662711893351105e-01	   2.5676172945591147e-01	   2.4834582659184801e-01	   3.2540626401795636e-01	   3.4789108530656904e-01	   2.3042926943993980e-01	   4.7079234113353802e-01	   3.8733512415420956e-01	   3.9975465721613368e-01	   1.1017941319859190e-01	   4.3179443313870197e-01	   5.6301580685844413e-02	   3.3341246617025361e-01	   3.1697956714466352e-01	   1.6727326047938007e-01	   1.2129117519410570e-01	   5.2635756284246171e-01	   6.4287365641723859e-01	   4.4018794950955836e-01	   7.6450353012252203e-01	   2.8465987898292505e-01	   4.9836802772210620e-01	  -8.7806829119501786e-02	   4.6425043943170909e-02	  -1.5289572859095688e-01	   1.0849082781607000e-01	  -2.9808504094247137e-02	   2.3544744989607107e-02	   1.0347414888714587e-01	   2.4977822447080039e-01	   3.2259385538561869e-01	   4.0657000100567720e-01	   2.2466776616113349e-01	   3.2351111208789762e-01	   2.9386702908017232e-01	   4.4113666189151446e-01	   8.9741442951601066e-02	   7.9287817515988984e-02	   4.8937842458979330e-01	   2.1198424391742246e-01	   3.9075166398520833e-01	   1.3635456871227167e-01	   1.7367531300157055e-01	   1.1526751051709072e-01	  -1.2474620566480603e-01	   8.5499966916747036e-02	   1.9661003015618855e-01	   3.0330352330732563e-01	   1.5634501040306500e-01	  -2.8566613050727803e-03	   1.2205813653639344e-01	  -9.3686873295663886e-02	   4.1600923534178248e-02	   2.8016367045767421e-01	   2.0493593059290610e-01	   2.9058847974806878e-01	   4.3547370723618611e-01	   3.1132183437863836e-01	   5.2164951874718934e-01	   2.7158311120126466e-01	   2.7389585181382425e-01	   1.2481487768754014e-01	   1.2440069165082143e-01	   1.2623511095328593e-01	   1.2053783413674880e-01	   2.3994900306101977e-01	   1.7791106003989397e-02	   2.8006567562150658e-01	   1.2226457810851148e-01	   2.1575977929533424e-01	   4.6606954636090048e-01	   3.0757245502873304e-01	   2.0165520688475405e-01	   3.3365076479683164e-01	
   4.1771154867108351e-01	   4.9837812007426729e-01	   2.4244881824673498e-01	  -9.8780720355553506e-02	   1.8271847418055087e-01	   1.1401973586113373e-01	   4.4893031256977317e-01	  -8.0233561490692135e-02	   7.0873021359705257e-01	  -1.8791636153898678e-01	   1.1349983746531809e+00	   4.4482078643356071e-01	   0.0000000000000000e+00	   5.2861762222840336e-01	   8.8467676515614346e-01	   5.6294697838687391e-01	   6.4787890624899758e-01	   5.6924290347925399e-01	   3.5102228963106324e-01	   1.1687528666326857e-01	   1.6435048260644053e-01	   3.2695607727077136e-01	   3.0587316074359944e-01	  -4.4614966365586581e-02	   1.3923425885525942e-01	   7.8351338202868950e-02	   1.9810541082227806e-01	   2.3871965194178896e-01	   5.3063037483289199e-01	   5.4153476109073129e-01	   3.0625234111294619e-01	  -7.2463102097381502e-03	   4.0160592976523668e-01	   2.0420470524461215e-01	   6.2520429842590985e-02	  -1.6540837841227975e-02	   5.0291408808972804e-01	   3.6564239737941240e-01	   3.7618742792179377e-01	   4.1770479806304567e-01	   5.2654426743273941e-01	   2.3813469451189548e-01	   1.8035770039761989e-01	   1.3300317755358754e-01	   1.1233794904669936e-01	   1.3127355866520221e-01	   2.3538763399752527e-01	   1.6558496462820463e-01	   1.8245542641120679e-01	   1.1501976567879961e-01	   2.3116614486426090e-01	   1.2767542057884950e-02	   3.1167627754316551e-01	  -4.6626291654040780e-02	   4.5661113295936756e-01	   2.6825705096478775e-01	   2.9937660334627675e-01	   3.3278945603361199e-01	   2.2854306929064927e-01	   2.6967270521719994e-01	   8.4539331707879195e-01	   1.4116527478412713e-01	   6.7459031757766774e-01	   3.0312119769274720e-01	   2.1801998193509650e-01	  -2.8750390485510958e-02	  -1.1449306815842860e-02	  -3.1152615125102451e-02	   9.6304181331270222e-02	   2.4784173763440016e-02	   3.7932931731128194e-01	   4.6353593019405359e-01	   5.5733748721597154e-01	   4.6638840972461443e-01	   4.5894065326350691e-01	   4.3312108827207274e-01	   3.3288196379496415e-01	   1.7558214544915265e-01	   4.3250145905238957e-01	   4.1877621744624666e-01	   8.4583726417813632e-01	   6.2694928261371641e-01	   5.7052594152630121e-01	   2.4897319277032873e-01	   5.6529092362518452e-01	   1.6281188185615436e-01	   1.8099831989528731e-01	   1.1815672407066809e-01	   6.9644898842058989e-01	   3.4678196637390002e-01	   1.3086178934116746e-01	   3.6618522778967527e-01	  -3.4957042569191299e-02	   4.6603273009308777e-01	   3.9610184007932892e-01	   2.7888094055177748e-01	   2.4275503526879832e-01	   3.9073486014882575e-01	   3.0608447179853898e-01	   4.0221654041117422e-01	   4.7776689630734737e-01	   4.2841292893758176e-01	   4.8195688301928474e-01	   3.9185652812718641e-01	   2.3545034838464479e-01	   4.4964582790004465e-01	   1.2158278828548308e-01	   2.7227980957143133e-01	   1.4820536241067706e-01	   6.1921449039199228e-01	   3.5125278527281878e-01	   4.0816653039906459e-01	   5.1610968638209820e-01	   3.7730566248618042e-01	   4.4304552961862637e-01	   4.8017356906569292e-01	
