   0.0000000000000000e+00	   1.6779495586281126e+00	   1.0360250222675544e+00	   1.2654329523422112e+00	   7.0620908931012749e-01	   1.1245512558808766e+00	   1.1391706091025020e+00	   1.2353445301883612e+00	   2.8787576804384080e-01	   9.2242500614421685e-01	   1.1229705223216044e+00	   1.3022465903028928e+00	   1.1995935259417576e+00	   1.4080669266236792e+00	   1.3380518504194856e+00	   1.4760817268940338e+00	   1.2206389597617546e+00	   1.2628591114196488e+00	   1.7815733277218118e+00	   1.4901010170519797e+00	   6.7838847417067938e-01	   8.2124400976586043e-01	   1.3586827402127142e+00	   1.2694358955633209e+00	   9.3554667666429991e-01	   7.4351812324389988e-01	   5.0065131895699522e-01	   3.5651763420238147e-01	   1.1686431989072692e+00	   1.1416772290673696e+00	   1.2286534798868805e+00	   1.1437127301498091e+00	   1.4255205431149769e+00	   1.4343814625209670e+00	   9.1749692447512454e-01	   1.0140181534682515e+00	   6.7133585493337322e-01	   9.1648606912678987e-01	   8.7112721080923516e-01	   8.8500249868684611e-01	   1.1058715750960253e+00	   1.1861501415700406e+00	   9.0900111393777450e-01	   9.3723726367699023e-01	   9.0235254658900010e-01	   9.4245957520411328e-01	   1.0678418452103393e+00	   1.1366713756373492e+00	   9.1996858290420636e-01	   1.1187666885171734e+00	   1.0096671209947579e+00	   1.1592850420144640e+00	   1.1558487415288414e+00	   1.1191843440427678e+00	   1.0371266202317178e+00	   1.1182470687213149e+00	   1.7782242329908760e+00	   1.5376216997040546e+00	   1.1233789644523933e+00	   1.1309104773304557e+00	   1.2160550236612608e+00	   9.5298171738192561e-01	   1.0665874313488386e+00	   1.2614885053482874e+00	   8.3825527145303380e-01	   1.0171031416189287e+00	   8.9893367932897061e-01	   1.1066601116756682e+00	   1.3230036642260603e+00	   9.7936964378810176e-01	   9.1984859970094368e-01	   9.1433802646309159e-01	   1.0765544401767493e+00	   1.1271069809184364e+00	   1.1276542281447883e+00	   1.1141078479982029e+00	   1.0975652791407831e+00	   1.1790381442767244e+00	   1.0210551991774910e+00	   1.1538917518266982e+00	   1.3322947173844983e+00	   1.3093002664812772e+00	   1.3132283111012388e+00	   1.4200761496373007e+00	   8.6687691047892945e-01	   1.2212911831516802e+00	   7.3637310094323549e-01	   5.5018490802460962e-01	   1.0054086419533483e+00	   1.3671831057058472e+00	   8.1135184947667371e-01	   7.1909095943989731e-01	   6.2117013956083078e-01	   5.5882770936491744e-01	   2.8398540891383450e-01	   5.5849558200917315e-01	   9.6453757144857011e-01	   1.1002248232251199e+00	   1.2213734925024908e+00	   1.1254773917435485e+00	   6.5468766558323754e-01	   6.9977378124699030e-01	   9.3420269165258918e-01	   9.3434363976027479e-01	   4.7126956227532379e-01	   3.6654913337278289e-01	   7.7103282929138794e-01	   7.9658761980587089e-01	   3.2873694504684392e-01	   6.5497895085818092e-01	   1.1251756233973615e+00	   1.1407580781622431e+00	   9.1408714374745748e-01	   8.9384316057960356e-01	   1.0470271199722142e-01	  -8.7288977930050610e-02	
   1.6779495586281126e+00	   0.0000000000000000e+00	   1.2390216026806813e+00	   1.3749634371989916e+00	   9.0670869513151620e-01	   1.2203023564013322e+00	   1.3343080781761685e+00	   1.2748899624885086e+00	   3.6220235962570596e-01	   8.9188496502832715e-01	   1.2394017091219827e+00	   1.4305192517271856e+00	   1.2877584173197125e+00	   1.4166544283875606e+00	   1.3650490376051214e+00	   1.3504729541806686e+00	   1.1915371914573005e+00	   1.3182627836792198e+00	   1.8000961933367947e+00	   1.7249507074180441e+00	   6.6840508156417955e-01	   7.5482337222766571e-01	   1.5615766923508350e+00	   1.3883146821213836e+00	   1.0404033313227492e+00	   7.5344528473189576e-01	   6.0358727926117606e-01	   4.1413742387031016e-01	   1.0837297606418457e+00	   1.1252119782016474e+00	   1.1476644454290843e+00	   1.0373108454313380e+00	   1.3990642433361926e+00	   1.4206402326342678e+00	   9.9176622970084094e-01	   1.0218161682011588e+00	   6.8031331456271749e-01	   9.0705852135550624e-01	   8.9875145818788171e-01	   8.8677360983767428e-01	   1.1914906996781869e+00	   1.1703599384600927e+00	   8.7196723034627133e-01	   8.1684974296573543e-01	   8.9315445739771493e-01	   8.2521960187472576e-01	   9.9447726140225368e-01	   1.0638137655246600e+00	   8.7003614844010380e-01	   1.0447800875791495e+00	   9.6962974393218992e-01	   1.1967276152712467e+00	   1.1207480385770867e+00	   1.1288931912099698e+00	   1.0394428151815005e+00	   1.0686970861996206e+00	   1.6043929822707610e+00	   1.9468514979310831e+00	   1.1854265902562027e+00	   1.1729765846768081e+00	   1.2803177362209812e+00	   9.4722145915846512e-01	   1.1288590010073154e+00	   1.3271273952222664e+00	   9.2079536946261287e-01	   1.0177885354635072e+00	   1.0632424422179139e+00	   1.2058196864672852e+00	   1.5600310647882412e+00	   1.1483587208812434e+00	   7.7527343193077913e-01	   7.8936986831390110e-01	   9.8071912103918557e-01	   1.0923735654200319e+00	   1.1005694134233206e+00	   1.0732476019305086e+00	   9.5879639832628050e-01	   1.1064988863211371e+00	   9.9896173544651989e-01	   1.1702993689191172e+00	   1.3236381246349103e+00	   1.3223869561304258e+00	   1.4618385604039372e+00	   1.4844582710775642e+00	   9.7930673184960348e-01	   1.2542226717135119e+00	   8.6305879021613507e-01	   5.7327791841452136e-01	   1.1002927203339989e+00	   1.3627100906853968e+00	   9.2684043517644343e-01	   8.1448860931071621e-01	   6.8458374994721716e-01	   6.1362465734132132e-01	   3.1756743878076438e-01	   6.5520765422848282e-01	   9.6939671586540865e-01	   1.0466351555579489e+00	   1.2417394468526841e+00	   1.1389193857263054e+00	   8.0714554944111105e-01	   8.0584389149531155e-01	   1.1567430599176656e+00	   1.0769111019756634e+00	   5.4842125812079079e-01	   4.2583305424067974e-01	   8.3664202040035551e-01	   7.4206965469506270e-01	   3.6097352078952061e-01	   7.0904770917547555e-01	   1.1744923433900620e+00	   1.1295015202290599e+00	   8.8162827679330302e-01	   8.6043792231488825e-01	   1.0285170271075690e-01	  -4.8281452858528778e-02	
   1.0360250222675544e+00	   1.2390216026806813e+00	   0.0000000000000000e+00	   1.4988971267623470e+00	   9.0301494792897108e-01	   8.7644247874480163e-01	   1.6161842574266427e+00	   1.0841097142127318e+00	   2.7381227454332613e-01	   5.3360105022258608e-01	   7.9655994603871216e-01	   8.8587299878660974e-01	   8.3025203918952384e-01	   9.6889172718023930e-01	   1.1439632555631658e+00	   9.2531943295026564e-01	   8.3210229439026540e-01	   8.7283479903797268e-01	   1.1935396967574967e+00	   1.2546847664396550e+00	   5.8279304151381650e-01	   5.9009893919490919e-01	   1.8640312333819224e+00	   1.5212101977061179e+00	   9.1816643445271129e-01	   6.2298404661977935e-01	   6.4776862674176217e-01	   3.5639321409601193e-01	   6.6540402506652485e-01	   6.9241812494502841e-01	   9.0723376127727418e-01	   7.0460378502130094e-01	   1.0672330531843519e+00	   1.0090953348984970e+00	   1.1743550986069364e+00	   1.1119323677876098e+00	   7.1513802418916017e-01	   8.3951864923061004e-01	   9.9761969588350952e-01	   8.6577381432993583e-01	   9.2416434044370210e-01	   1.0218678176489935e+00	   1.0063399510842386e+00	   7.7812227029544168e-01	   1.0480767960697874e+00	   7.9728059376838534e-01	   1.0552089337425778e+00	   9.9321416523351524e-01	   1.0516972794141299e+00	   9.7011747875550236e-01	   9.8894552855809659e-01	   1.0145078498078153e+00	   9.4408504758128586e-01	   7.7971697905674731e-01	   1.0650774182831428e+00	   1.0147628913901172e+00	   1.1219362212809072e+00	   1.1977581677210671e+00	   1.1660238005540822e+00	   9.9537528735896830e-01	   7.8538050164059936e-01	   5.8572643488004972e-01	   8.7091744676695726e-01	   8.4367179785182278e-01	   8.6849133777369425e-01	   6.7867689215373417e-01	   1.4113891363616033e+00	   1.2260905681838556e+00	   1.2921954045630417e+00	   1.2132098151021182e+00	   7.2715889393004451e-01	   8.0430889115243021e-01	   6.3912914833259937e-01	   7.1487435334193417e-01	   7.0329876214776932e-01	   6.5501846114775952e-01	   7.7472095101384886e-01	   8.2717141578328457e-01	   5.8561649516084613e-01	   6.8758514205756593e-01	   9.3230031160554916e-01	   8.7519408934232845e-01	   1.5091827506549114e+00	   9.9268420858238782e-01	   1.1042875708440252e+00	   1.0404223430690127e+00	   1.0239854804195456e+00	   5.7533961841218273e-01	   1.1941274054633175e+00	   1.0992418063420899e+00	   1.1194654563775015e+00	   1.1767610580590577e+00	   8.6706048571550076e-01	   8.7722520945875648e-01	   4.0242286321493603e-01	   6.8960056416935456e-01	   9.3600659309601508e-01	   9.9480167669310160e-01	   1.3462500247944607e+00	   1.2389446731255327e+00	   9.8848871394871984e-01	   1.1663740866313830e+00	   1.4133754704067449e+00	   1.3363306742710324e+00	   8.0795014071261639e-01	   7.3888691281644725e-01	   9.3909907971525519e-01	   7.2272431568906659e-01	   4.0098438758905303e-01	   5.5338327193234704e-01	   1.0718682208859291e+00	   1.2192726069619901e+00	   8.9009904869449530e-01	   7.3434903716628264e-01	   2.5749859687602716e-01	   1.8757853945783920e-01	
   1.2654329523422112e+00	   1.3749634371989916e+00	   1.4988971267623470e+00	   0.0000000000000000e+00	   8.1372365680001602e-01	   1.3646090139537976e+00	   1.4322665500072214e+00	   1.7312512900633357e+00	   2.7332873568889388e-01	   9.4419831664321219e-01	   8.2181025946639030e-01	   1.0519421307571633e+00	   8.6578211811343242e-01	   1.1262661606898776e+00	   1.1575900741436815e+00	   1.2162963416980102e+00	   9.7270354607185427e-01	   1.0261268418815961e+00	   1.3867932943478409e+00	   1.5909141328819216e+00	   5.2685866113486279e-01	   6.3875273348773820e-01	   1.5944967520387039e+00	   1.7923709372600467e+00	   9.1187984032600788e-01	   6.9360953944921722e-01	   5.4816245916717210e-01	   3.2721271649731226e-01	   7.6091516808047621e-01	   8.1362761729682842e-01	   9.5271015081158283e-01	   8.6786858081977392e-01	   1.2364386252520021e+00	   1.3051602716987236e+00	   1.2025644246570986e+00	   1.2945806365917714e+00	   6.2724269009806088e-01	   8.5199545090627526e-01	   9.3993984674535092e-01	   8.8563616491853936e-01	   9.8265520068673873e-01	   1.1062239642264413e+00	   1.0841383709577010e+00	   8.9332447816136096e-01	   1.1144848062729158e+00	   8.8806194584570097e-01	   1.1473724754342796e+00	   1.1353188795018285e+00	   1.1277764996238338e+00	   1.0975773385673284e+00	   1.0796110549365627e+00	   1.1195102491525573e+00	   1.0493208666350251e+00	   9.1392263431488630e-01	   1.0277938280797478e+00	   1.0958880998870255e+00	   1.3939418196288629e+00	   1.3219123505499195e+00	   1.3573500457302223e+00	   1.3641639949929016e+00	   1.0457436121152410e+00	   9.7867652113463244e-01	   9.0644553012096152e-01	   1.0576502578560556e+00	   8.9691997319172490e-01	   1.0733932309250003e+00	   1.3254148429279773e+00	   1.3810091023153102e+00	   1.3978609984981811e+00	   1.3229116552681239e+00	   6.4321694645927596e-01	   8.3135907536620013e-01	   6.9129541827243057e-01	   8.1420377510021635e-01	   7.8776672133630732e-01	   7.8444798178140773e-01	   8.2701316085074539e-01	   9.5674368483531980e-01	   7.2401316246351710e-01	   8.1304645655245489e-01	   1.1207544390030990e+00	   1.0823562160717992e+00	   1.4674890053502980e+00	   1.1871867626809929e+00	   1.0432230746251889e+00	   1.2721021232934153e+00	   8.7873823701827503e-01	   5.6681421066583526e-01	   1.2312917132609680e+00	   1.5147807129540347e+00	   1.2848683696076495e+00	   1.0133960488905542e+00	   9.8139926181349479e-01	   6.9856772715426529e-01	   3.6548892517888559e-01	   7.9765350816251934e-01	   9.2771286931295538e-01	   1.0376619641085731e+00	   1.5253041070442344e+00	   1.2349172556569310e+00	   1.0140786838420544e+00	   1.0236827863356492e+00	   1.3499328146461633e+00	   1.2456076381454215e+00	   7.9938075448478096e-01	   6.2124809462258213e-01	   1.0477341986549948e+00	   7.4479871485294280e-01	   4.6036418745152841e-01	   6.0578202347550247e-01	   1.1458435118897667e+00	   1.2514093434865503e+00	   9.0545907985821561e-01	   7.6783855259412725e-01	   1.3946451729076614e-01	   1.0563967879648870e-01	
   7.0620908931012749e-01	   9.0670869513151620e-01	   9.0301494792897108e-01	   8.1372365680001602e-01	   0.0000000000000000e+00	   1.0314682700943261e+00	   9.1796755508607075e-01	   7.6547524898073316e-01	   9.0287154707271533e-01	   6.5298215673571935e-01	   6.9373762999652433e-01	   8.4315893322575308e-01	   9.3716120103629541e-01	   8.8957472238080859e-01	   8.0529460054340041e-01	   6.6379573041747619e-01	   6.1741157711172123e-01	   6.5756221137181525e-01	   7.4754129082743392e-01	   7.9894632940553345e-01	   7.8768378467929412e-01	   7.0535749774553702e-01	   9.9641561464971884e-01	   8.2134097155387298e-01	   1.0141483958837552e+00	   8.7178053589144866e-01	   1.3377185332272710e+00	   9.8156522939204183e-01	   5.5476751496112375e-01	   6.2648992581917184e-01	   7.8813805081197519e-01	   6.8353087354620479e-01	   7.2147754303984990e-01	   7.0860833215828201e-01	   7.0555307996177408e-01	   6.5371248029042206e-01	   5.7538536051697275e-01	   5.7293980352603102e-01	   6.9297548422989552e-01	   6.0764228411280174e-01	   7.2013446426191952e-01	   6.6628534467898426e-01	   6.5482026892891365e-01	   5.5435301767260370e-01	   6.8149422473628463e-01	   5.6026120747509556e-01	   7.1315994490210377e-01	   6.7257062955572899e-01	   7.0319279675652413e-01	   7.7024173707790466e-01	   7.7163265274731241e-01	   8.7040583924865977e-01	   7.3847730014832924e-01	   7.6730331367034943e-01	   8.5448370005905616e-01	   7.8761640677721090e-01	   7.2530928449257059e-01	   9.0048454795208543e-01	   7.4953259069120037e-01	   7.3977521503840893e-01	   6.9235405600642153e-01	   5.4015907434117749e-01	   6.1171721466187468e-01	   6.7060375289995311e-01	   6.8045489132309367e-01	   6.0737860867045756e-01	   7.9425548511015553e-01	   7.8580078219205629e-01	   9.5577560530872796e-01	   7.6505095392560862e-01	   3.5579161835829387e-01	   3.8705439143068698e-01	   4.8305128232065919e-01	   5.5326481645702952e-01	   5.2274349919535301e-01	   5.2422975316832687e-01	   4.2667827696801891e-01	   4.7839828014833802e-01	   5.0030913726508586e-01	   5.4993462622902389e-01	   6.2816322713375639e-01	   5.9296005805666840e-01	   8.4829783838710093e-01	   7.0076773714779317e-01	   6.8509246927303180e-01	   7.4643228023784336e-01	   7.7482070089146737e-01	   3.8125380010383680e-01	   7.7145930672570850e-01	   8.2333309404702193e-01	   6.6924152386678670e-01	   7.6090583139016899e-01	   5.4621768680348914e-01	   6.5597463725913019e-01	   3.6576152935888812e-01	   6.1889559897058577e-01	   6.8157761833362973e-01	   7.1525939134289829e-01	   7.9783963773698563e-01	   7.5637440460227345e-01	   6.4817415549928148e-01	   6.3675311659747935e-01	   9.2108740221048957e-01	   8.3770774152158922e-01	   5.6977239134153956e-01	   4.4148711496234816e-01	   7.5408395511158899e-01	   5.7543752023733585e-01	   4.0232628513106561e-01	   5.0846060245935731e-01	   7.0541394131703350e-01	   6.7512798462531387e-01	   6.1275193142974027e-01	   6.0102302542231301e-01	   2.8700560444861606e-01	   1.4039066307538950e-01	
   1.1245512558808766e+00	   1.2203023564013322e+00	   8.7644247874480163e-01	   1.3646090139537976e+00	   1.0314682700943261e+00	   0.0000000000000000e+00	   1.0017718837186109e+00	   1.4418179880116888e+00	   5.4165723192777504e-01	   1.5303377755784717e+00	   8.7379938625718756e-01	   1.2103118354771092e+00	   1.0679681507537264e+00	   1.2908933602945107e+00	   1.0326353214142996e+00	   1.2741995270492557e+00	   9.4067955523697189e-01	   1.0221895014847602e+00	   1.1510355984232414e+00	   1.2930918609565540e+00	   6.1648578061815584e-01	   8.3951891764875142e-01	   1.1353075502046439e+00	   1.1810698630509620e+00	   1.0701355204091991e+00	   9.5863055278272324e-01	   6.5746438030536247e-01	   5.2166050948266562e-01	   8.4188118894996222e-01	   9.4137692101494563e-01	   9.9624396524811509e-01	   1.0363313407427057e+00	   1.1042939723759755e+00	   1.2305200180991926e+00	   8.9789742131678185e-01	   9.9662967713803086e-01	   5.8449325595365820e-01	   8.2121317567397245e-01	   7.8606341508209998e-01	   8.2348082414594337e-01	   1.0169467328599378e+00	   1.0250316461696636e+00	   8.6700007478736763e-01	   8.3399484530503154e-01	   8.9774312635689768e-01	   8.0378113585084388e-01	   9.4585089482201012e-01	   1.0047844655336575e+00	   8.9018743043204396e-01	   1.0236719109968828e+00	   1.0045588755146884e+00	   1.1515583345289115e+00	   1.0041232069071138e+00	   1.0121988211527420e+00	   9.4440083912904704e-01	   1.0068195767350079e+00	   1.1523971532335502e+00	   1.1736624962035433e+00	   1.0744110945728513e+00	   1.2724152836259350e+00	   1.1403127947865772e+00	   1.2318859994074585e+00	   8.4359173859960468e-01	   1.1113446239736930e+00	   8.8642033494244010e-01	   1.3261849891030377e+00	   9.4648035577990719e-01	   1.1292540578254093e+00	   1.2331747348201556e+00	   1.0206421367874052e+00	   4.8705959881294220e-01	   6.4142430858388633e-01	   7.4678365875518060e-01	   8.9100463177569411e-01	   8.1977386161101395e-01	   8.9658088554182447e-01	   7.5332073782184195e-01	   9.0309862905101657e-01	   8.2755613099702507e-01	   9.2039140263629782e-01	   1.0742565971765652e+00	   1.1203567132141101e+00	   1.1284434753736825e+00	   1.1712619453859228e+00	   8.3771421778271016e-01	   1.2507273529140805e+00	   7.5415216793947037e-01	   5.1649508608834793e-01	   9.8259288127637867e-01	   1.5182209466716607e+00	   8.9835370101577039e-01	   6.8197917770992511e-01	   6.8497813250501771e-01	   4.4484984657673454e-01	   3.4833125094076489e-01	   7.7858769335926048e-01	   8.3157240867941273e-01	   9.1827460179192066e-01	   1.1035801406239090e+00	   8.8631112911885879e-01	   7.1250133957719242e-01	   6.0155149918020767e-01	   9.4705074878158979e-01	   8.4285864214096440e-01	   5.2287836959652512e-01	   3.5538314717141317e-01	   9.2399534978444009e-01	   6.3933795027081941e-01	   5.0012028455489310e-01	   6.6323088971756794e-01	   9.9740937994919354e-01	   8.9437655807372063e-01	   7.3334251506683301e-01	   7.0361077763341640e-01	   4.3639270181485917e-02	  -2.6560228596059256e-02	
   1.1391706091025020e+00	   1.3343080781761685e+00	   1.6161842574266427e+00	   1.4322665500072214e+00	   9.1796755508607075e-01	   1.0017718837186109e+00	   0.0000000000000000e+00	   1.4111110499186723e+00	   3.6085874961332187e-01	   7.1687070557137889e-01	   8.5047884991258604e-01	   1.1067148696291367e+00	   1.0999666262513195e+00	   1.0478404314715355e+00	   1.0016787624310057e+00	   9.4539415705583407e-01	   8.7954272683053114e-01	   9.7394330734663515e-01	   1.3805451561194648e+00	   1.4245033719479467e+00	   4.8516355851545345e-01	   5.6316041559382457e-01	   1.5215880971687583e+00	   1.2359957531020305e+00	   7.7885724161109704e-01	   4.8410658763982295e-01	   5.2405787400365689e-01	   3.0212824126548676e-01	   8.3066649224819300e-01	   8.4220091497117444e-01	   9.7409364581821334e-01	   8.1704636797921337e-01	   1.2121892842630051e+00	   1.2182471750404391e+00	   9.3835298742930162e-01	   9.6593783886445350e-01	   5.3620561048938165e-01	   7.3010201299919719e-01	   7.9085662258136091e-01	   7.8905904038411201e-01	   9.7783211791798663e-01	   9.7007549212756716e-01	   8.0007424202631083e-01	   6.5636530642765001e-01	   9.1372700359353853e-01	   7.6887711706062989e-01	   8.6613900783030529e-01	   8.8572521004939864e-01	   8.5553916639304284e-01	   9.0329978323503424e-01	   8.0958364951418438e-01	   9.4360645233405838e-01	   8.5495368227589053e-01	   7.7368164374493975e-01	   8.2464668247856365e-01	   8.5120641805097608e-01	   1.1769437203887563e+00	   1.4180115198025507e+00	   1.3018534381993410e+00	   1.2015763182063786e+00	   1.0722664706653953e+00	   7.8789694794032161e-01	   9.5934614472012902e-01	   1.0963291041538119e+00	   8.0867025456404407e-01	   8.0557601946540236e-01	   1.1965203685859256e+00	   1.1549649941291906e+00	   1.2471504932094757e+00	   1.1805143071037698e+00	   8.0514167720359886e-01	   9.2260716096100603e-01	   7.1050254588917727e-01	   8.1213260545939325e-01	   7.5922593315109477e-01	   7.4828600144104673e-01	   8.0207668270887988e-01	   9.0296763578025696e-01	   6.0319233608472056e-01	   7.2827741806906654e-01	   9.7158398815047153e-01	   9.2656181422956196e-01	   1.3551730877157289e+00	   1.1057594312145052e+00	   8.0705469840226596e-01	   9.5621819641111694e-01	   7.6142609625060831e-01	   4.1537014855524418e-01	   9.1159692004123072e-01	   1.1398465571821077e+00	   1.1118469161831432e+00	   1.0289306483796130e+00	   8.3447691967734361e-01	   8.5560110097158848e-01	   3.5472503597550264e-01	   6.6484239625142805e-01	   7.7816659214051020e-01	   8.5319549432226383e-01	   1.1639657052628447e+00	   1.0807757164430893e+00	   1.0307790234697840e+00	   1.0265632442771107e+00	   1.4256785755966856e+00	   1.3198910189689959e+00	   6.6098515815975623e-01	   6.1997557384101121e-01	   9.2623227072034120e-01	   8.4287877789368248e-01	   3.3496186281539758e-01	   5.3791413378258812e-01	   9.6161806158489260e-01	   1.0994945353798273e+00	   8.2438928542317180e-01	   7.0258166285220558e-01	   2.2893390146446405e-01	   1.3238422380119924e-01	
   1.2353445301883612e+00	   1.2748899624885086e+00	   1.0841097142127318e+00	   1.7312512900633357e+00	   7.6547524898073316e-01	   1.4418179880116888e+00	   1.4111110499186723e+00	   0.0000000000000000e+00	   3.6992073892572619e-01	   1.1855375180238608e+00	   8.2618011609484832e-01	   1.2556017867396001e+00	   1.0352120689669406e+00	   1.2509849032488318e+00	   1.0040533849815803e+00	   1.2067784742826682e+00	   9.7720320663673510e-01	   1.0675045476430332e+00	   1.3561325042822487e+00	   1.4709466705890877e+00	   4.8138600965603312e-01	   6.6090508577023033e-01	   1.2125994811202447e+00	   1.2533211510715347e+00	   7.4021870176398030e-01	   5.5557006778806739e-01	   4.7068456246747348e-01	   3.3767813198272473e-01	   8.8060436878686610e-01	   9.3940619181839913e-01	   9.3402693524737113e-01	   9.3772201302538716e-01	   1.2345243596228033e+00	   1.4612583618187072e+00	   9.0974706266252769e-01	   1.0343046338629815e+00	   4.6386119686657623e-01	   7.6458835427681004e-01	   7.3083198358381107e-01	   7.9054446420786129e-01	   9.5423555754142708e-01	   1.0103106389671694e+00	   8.6216787034282394e-01	   7.8803936511009498e-01	   9.7377323226667512e-01	   8.8084982200890338e-01	   9.4539919504103842e-01	   1.0082307871199132e+00	   9.4418010245263639e-01	   1.0798273010316357e+00	   9.5813744795848765e-01	   1.1259788630553553e+00	   1.0073464159818071e+00	   9.4855786982162626e-01	   8.3499276186228144e-01	   9.4014466303522037e-01	   1.3008854630970688e+00	   1.3631959222123955e+00	   1.3510644802594658e+00	   1.6762769332762226e+00	   1.3116368698859859e+00	   1.3147023764860610e+00	   9.3175514713023322e-01	   1.2654122181743064e+00	   7.9691946298868699e-01	   1.2675736034281539e+00	   1.0117360380772711e+00	   1.1974677324987875e+00	   1.1499553606199699e+00	   1.0939332921014389e+00	   5.9536915885898090e-01	   8.2388795797398640e-01	   7.3609394563440800e-01	   8.8556318574794213e-01	   8.1337764754957720e-01	   8.6316041186712611e-01	   7.8547465703111108e-01	   9.8327735558107077e-01	   7.2458628613725284e-01	   8.1983861614596387e-01	   1.0938044539672356e+00	   1.0996836495255677e+00	   1.1753256264903933e+00	   1.2239428583735137e+00	   7.4741964855886422e-01	   1.1193627307811624e+00	   6.2629800302306426e-01	   4.2317471663474548e-01	   9.2750639289482972e-01	   1.5572645628992436e+00	   1.0552447190757490e+00	   7.5976509435093442e-01	   8.2675691516146954e-01	   5.7906680932247334e-01	   2.7870105108323739e-01	   6.6458264667893296e-01	   7.6687418642323457e-01	   8.6991256370358616e-01	   1.1753682850492604e+00	   1.0040234246503801e+00	   9.1288267269229162e-01	   7.9889699358391053e-01	   1.1784966193783450e+00	   1.0676419657892646e+00	   5.9748901667955945e-01	   4.5917566420179057e-01	   9.5053110786715200e-01	   7.3219240735606550e-01	   3.9352493926637067e-01	   5.8349101910324175e-01	   9.9366016906950738e-01	   1.0352203586273632e+00	   8.0729945749717991e-01	   7.4664314306565804e-01	   9.7198118915240661e-02	  -1.0513536033956517e-03	
   2.8787576804384080e-01	   3.6220235962570596e-01	   2.7381227454332613e-01	   2.7332873568889388e-01	   9.0287154707271533e-01	   5.4165723192777504e-01	   3.6085874961332187e-01	   3.6992073892572619e-01	   0.0000000000000000e+00	   5.3939554958863367e-01	   2.0236303358151680e-01	   3.8837984891191751e-01	   5.3362733172510968e-01	   4.1069762767596785e-01	   3.8205133769411415e-01	   2.5197974825756797e-01	   1.7521353841149984e-01	   2.4354545169171682e-01	   2.9229183993769664e-01	   2.9025737824714387e-01	   3.8628638570219748e-01	   3.4325514060094187e-01	   3.0546342320447811e-01	   2.2485443811128558e-01	   3.2579978177240743e-01	   3.9846114746196609e-01	   8.0666840555037833e-01	   9.5409317467937993e-01	   2.2125290119646249e-01	   2.4162669679792040e-01	   3.1239509803435200e-01	   3.4779143550879582e-01	   2.9707522938087089e-01	   3.4335527335849020e-01	   1.8988138351112213e-01	   2.0398795535876166e-01	   1.8262624218492157e-01	   1.7189765801643936e-01	   2.0439426794091006e-01	   1.9254708625426489e-01	   2.3866572701947203e-01	   2.0857492394009486e-01	   2.1557550641576520e-01	   1.9544091035372074e-01	   2.3074564908271694e-01	   2.0985190990908981e-01	   2.7527382431103758e-01	   2.5496097607519186e-01	   2.8768104470882272e-01	   3.4200601285992249e-01	   4.0911339452260836e-01	   4.3318268149598405e-01	   4.0296071998947625e-01	   4.2742090673108474e-01	   3.2629647130660228e-01	   2.9030484989627009e-01	   3.1162445260058225e-01	   3.2158476777964135e-01	   3.1892474277322108e-01	   3.4653115925594963e-01	   3.2202309833029152e-01	   3.2560905236991317e-01	   2.2450072108130764e-01	   2.9334522273008790e-01	   2.6031042428220291e-01	   3.0190988218982640e-01	   2.3381393097014286e-01	   2.7828240346908356e-01	   3.6155895021697015e-01	   2.5093373846249456e-01	   3.6782252118113042e-02	   7.2832777324050399e-02	   1.4234576728328108e-01	   1.5661634341105629e-01	   1.3924661643276201e-01	   1.5813283641707726e-01	   1.2058775484596711e-01	   1.4392777943683716e-01	   2.1540200317215930e-01	   2.2279553988152800e-01	   2.2826201717097491e-01	   2.3499339928006588e-01	   2.3054311571403663e-01	   2.4191048182253294e-01	   1.3298985766787083e-01	   2.5584397671924919e-01	   1.2917743861001485e-01	  -4.7276278800639900e-02	   1.7271631329897275e-01	   3.8637227336139274e-01	   1.6433515720573932e-01	   2.1079874204723439e-01	   1.5068649448076554e-01	   2.2591641443989607e-01	   8.4240348496001885e-02	   2.2126679587724710e-01	   2.0881694349054372e-01	   2.0841574017499254e-01	   2.2387093827838134e-01	   2.1840695027565468e-01	   2.1887480415746610e-01	   1.2854889259796545e-01	   2.9232924655286419e-01	   2.5019879305113640e-01	   1.0979804469432047e-01	   3.9051294269420611e-02	   2.6485991005733689e-01	   2.9076367010957127e-01	   1.2978925367744851e-01	   1.6742248150312294e-01	   2.0486025065118210e-01	   1.6633001412820606e-01	   2.4787547793516101e-01	   1.9748825346150101e-01	   1.7196428093059560e-02	  -4.7739675332454420e-02	
   9.2242500614421685e-01	   8.9188496502832715e-01	   5.3360105022258608e-01	   9.4419831664321219e-01	   6.5298215673571935e-01	   1.5303377755784717e+00	   7.1687070557137889e-01	   1.1855375180238608e+00	   5.3939554958863367e-01	   0.0000000000000000e+00	   6.2548239973847430e-01	   9.2057082438492865e-01	   8.3765162226989864e-01	   9.3231898826707771e-01	   7.5234228244123103e-01	   9.9447861917401414e-01	   7.1498661418554621e-01	   7.9259523826612410e-01	   9.3471473736462762e-01	   1.0070808404100571e+00	   3.5904408246214686e-01	   5.9945545404764577e-01	   6.9861696335170642e-01	   7.6511382024765173e-01	   6.3334934694871459e-01	   5.8680395964541643e-01	   4.2607411050042077e-01	   3.6924438099441603e-01	   7.1407394056811258e-01	   7.5153532347669594e-01	   7.0401339355491332e-01	   8.2526303899683973e-01	   8.9994426583456566e-01	   1.0670304730120783e+00	   6.0678505763755863e-01	   7.6926368042932591e-01	   3.6517262884861440e-01	   6.1188451095643737e-01	   5.4537563639378750e-01	   6.4351164307850883e-01	   7.1393543412967175e-01	   7.7201271160194529e-01	   6.1904614456982132e-01	   6.3834454303344534e-01	   6.6894553832160408e-01	   6.3216593284402123e-01	   6.9060424520367247e-01	   7.7814281069865265e-01	   6.5130073639911767e-01	   7.5785145799674314e-01	   7.3729751691162859e-01	   8.5814760191083217e-01	   7.7546145700258828e-01	   8.0856706044899540e-01	   6.1801827617170679e-01	   7.1914208213557973e-01	   9.5791222210247107e-01	   8.5004737834069211e-01	   8.8550210622707526e-01	   1.1482496507985180e+00	   9.8301106472694899e-01	   1.3321314990586464e+00	   6.8721073435437385e-01	   1.0023431236622327e+00	   5.7992749989176851e-01	   1.2313088031550434e+00	   6.5562928494887229e-01	   8.4865904426557748e-01	   8.5270322441495272e-01	   8.0350113905398579e-01	   4.1317289104053295e-01	   5.8017398703330603e-01	   5.7666457847729169e-01	   6.7895925058306827e-01	   6.1986542003972023e-01	   7.1802115692779900e-01	   6.5325981100762032e-01	   7.8422777213800243e-01	   7.2069898745397032e-01	   8.0034180110079522e-01	   8.4169809277034857e-01	   9.3764718648503520e-01	   7.5601489337536343e-01	   9.1266271100221052e-01	   5.2215003969826368e-01	   9.1472097878087344e-01	   4.1854424071615104e-01	   3.2548658856547513e-01	   6.6172731331853718e-01	   1.1816784266908871e+00	   7.0586643923805326e-01	   4.4953630475984657e-01	   5.7304728581201392e-01	   2.5046884439053496e-01	   2.5058899728157025e-01	   6.3292306000332132e-01	   5.7765204867470910e-01	   6.5363897104175706e-01	   7.7156241186487118e-01	   6.2576500131499913e-01	   5.7949973469028093e-01	   4.1035449184875927e-01	   6.9361270309128820e-01	   5.9307393627877392e-01	   3.3064454304575097e-01	   1.6999773373306315e-01	   7.5445350711315506e-01	   5.2034883463262038e-01	   3.6840652912504712e-01	   4.9160546282762752e-01	   7.1701140131302132e-01	   6.4452329855560642e-01	   5.4857783219888989e-01	   4.9968078905057861e-01	  -1.2447814881860403e-01	  -1.1372825219691135e-01	
   1.1229705223216044e+00	   1.2394017091219827e+00	   7.9655994603871216e-01	   8.2181025946639030e-01	   6.9373762999652433e-01	   8.7379938625718756e-01	   8.5047884991258604e-01	   8.2618011609484832e-01	   2.0236303358151680e-01	   6.2548239973847430e-01	   0.0000000000000000e+00	   1.5042093509841055e+00	   1.3804340424575685e+00	   1.3223988888771012e+00	   1.1116203128857793e+00	   1.1196322868344004e+00	   1.3887806437287056e+00	   1.2449466810192182e+00	   1.1621884067700898e+00	   9.5708435209398535e-01	   7.8474179288807044e-01	   9.1738907775555356e-01	   1.0596670002789046e+00	   9.1894174206146084e-01	   1.0448568825990046e+00	   8.0203561969041781e-01	   4.5330034345626835e-01	   3.5793077629054748e-01	   1.3312195174942811e+00	   1.4722948086206622e+00	   1.3135166210865197e+00	   1.2146348184162961e+00	   1.1268019032673577e+00	   1.0906752552379577e+00	   6.9167141282064204e-01	   6.8305561343076082e-01	   6.5097815073291032e-01	   9.2600564136575625e-01	   7.7297365857670253e-01	   8.3175763539151604e-01	   1.2199927385745575e+00	   1.0895953811348180e+00	   6.5470662788109857e-01	   7.8655393187258249e-01	   7.1557827442575184e-01	   8.6908620194391450e-01	   7.8883544694980823e-01	   9.1244682492475981e-01	   6.6427374954927065e-01	   9.3646707248832273e-01	   7.1165776247332080e-01	   9.6753164266337777e-01	   8.8132162599827446e-01	   9.9248766876140471e-01	   9.2274985102104290e-01	   9.9304393888036857e-01	   9.2992387630621898e-01	   1.2812063183985440e+00	   7.3966590637289897e-01	   8.3696883100368458e-01	   1.0278277085487122e+00	   7.7500321835889807e-01	   1.1184877696134663e+00	   1.1947247645813348e+00	   8.7011031193566346e-01	   7.9309082693884903e-01	   6.9846869030231573e-01	   8.3445044005642011e-01	   1.0169380328429589e+00	   6.7815278625395792e-01	   7.1102978258303151e-01	   5.8515132712809748e-01	   1.3657404045621195e+00	   1.3778924069765688e+00	   1.4052950883562043e+00	   1.3242952024445060e+00	   9.0931709389516224e-01	   1.0373676043537832e+00	   1.1028358790543349e+00	   1.2203051598568198e+00	   1.2350217167672515e+00	   1.1933168394127813e+00	   1.1437977819526230e+00	   1.2005688680073019e+00	   8.6057693386197331e-01	   1.0917296957942222e+00	   9.1184412271343773e-01	   7.1881018108154249e-01	   8.3376393054280695e-01	   1.0129234660767064e+00	   4.8456605648846418e-01	   4.5368495476532256e-01	   3.3271722471991055e-01	   3.5541963276717964e-01	   1.5226125325485737e-01	   3.8367869955162215e-01	   8.7420616565718845e-01	   9.1519831448555389e-01	   8.3864115752449220e-01	   7.8586565403644049e-01	   4.1877319361731935e-01	   4.2553287587139327e-01	   6.6522414358159088e-01	   6.7646806386943548e-01	   2.1317345050208750e-01	   1.8958092159435827e-01	   5.7292901235751093e-01	   6.0281315503980482e-01	   2.7699723446007879e-01	   6.7857336102657373e-01	   9.7590213624477018e-01	   7.9005433332942099e-01	   6.9510437999934560e-01	   7.3853707916961797e-01	  -9.3746638308895829e-03	  -3.1187853465568782e-01	
   1.3022465903028928e+00	   1.4305192517271856e+00	   8.8587299878660974e-01	   1.0519421307571633e+00	   8.4315893322575308e-01	   1.2103118354771092e+00	   1.1067148696291367e+00	   1.2556017867396001e+00	   3.8837984891191751e-01	   9.2057082438492865e-01	   1.5042093509841055e+00	   0.0000000000000000e+00	   1.6539152394222774e+00	   1.8861615953912017e+00	   1.1438983682452433e+00	   1.4151370183512029e+00	   1.3671752650473556e+00	   1.4059888036418458e+00	   1.3968095129876601e+00	   1.2225964167596186e+00	   7.5786702238106241e-01	   1.0235165924013541e+00	   1.1791366462123605e+00	   1.0431485220337260e+00	   1.0204248049666156e+00	   7.8464810998409373e-01	   5.2638132308063534e-01	   4.4295532580592906e-01	   1.4136638949393558e+00	   1.6508034201514208e+00	   1.3326999479784027e+00	   1.3364374502430716e+00	   1.3671089100004779e+00	   1.4732343430094690e+00	   7.4332432909328627e-01	   7.6974615993360784e-01	   5.7723989036102130e-01	   9.8642601730209911e-01	   7.8037672500815480e-01	   8.8445931032023606e-01	   1.2939782668454818e+00	   1.1376991513287589e+00	   7.4803784176347776e-01	   8.6791739565448711e-01	   8.4934604643961564e-01	   9.8472965932398537e-01	   9.0660531129254640e-01	   1.0492043361077958e+00	   7.8611474756597910e-01	   1.0723355576499407e+00	   8.6830624283435753e-01	   1.1590115077098033e+00	   1.0223869990774070e+00	   1.0874470670358347e+00	   9.6856714936691990e-01	   1.0663638326426732e+00	   1.1589137045617486e+00	   1.6168954412349266e+00	   9.9306796342099413e-01	   1.0997906151405590e+00	   1.4723113965680279e+00	   1.1056782040307052e+00	   1.2270600472029103e+00	   1.5672435820858155e+00	   9.4177133861354279e-01	   1.1326034784670795e+00	   8.1470000760360284e-01	   1.0273895310868821e+00	   1.1629361019462299e+00	   8.0708781559564347e-01	   6.9129232239978655e-01	   7.0160085370942527e-01	   1.2443994189411003e+00	   1.5162140744423753e+00	   1.3291837405905276e+00	   1.4111621507233016e+00	   9.5985216067536638e-01	   1.1915937940941770e+00	   1.0356716741306533e+00	   1.1897060339810042e+00	   1.3531992688856869e+00	   1.4153363900052280e+00	   1.1823490061619126e+00	   1.4615870878435049e+00	   7.7813200406176375e-01	   1.2309901322154926e+00	   7.4408845689775782e-01	   5.8874303836627628e-01	   8.5530968634747673e-01	   1.3289534506198402e+00	   6.2531636667418544e-01	   5.2294709145840457e-01	   4.4713984940756324e-01	   4.2089654210980698e-01	   2.1515138339883422e-01	   4.8006356456117272e-01	   8.7870165144225876e-01	   9.7811202088874061e-01	   9.7832507602116781e-01	   8.7706389942393259e-01	   5.5478818287709686e-01	   5.0692324409904221e-01	   8.4216943748368389e-01	   7.9779681410803482e-01	   3.3049287979421338e-01	   2.5771112449717043e-01	   7.3409841524058350e-01	   7.0027525752531472e-01	   3.3375896770944480e-01	   7.5055214692158934e-01	   1.0418900809482692e+00	   9.0477471932739240e-01	   7.7338391718555122e-01	   8.2869005938423335e-01	   3.8848102619625152e-02	  -2.6149603030766883e-01	
   1.1995935259417576e+00	   1.2877584173197125e+00	   8.3025203918952384e-01	   8.6578211811343242e-01	   9.3716120103629541e-01	   1.0679681507537264e+00	   1.0999666262513195e+00	   1.0352120689669406e+00	   5.3362733172510968e-01	   8.3765162226989864e-01	   1.3804340424575685e+00	   1.6539152394222774e+00	   0.0000000000000000e+00	   1.4322846582349460e+00	   1.0818534452969459e+00	   1.0759791020332523e+00	   1.0911289037499770e+00	   1.1101871138636674e+00	   1.2330486704005552e+00	   1.0390183479840704e+00	   7.8376167852565226e-01	   9.3626429772540254e-01	   1.0609330631489078e+00	   8.5630957991633738e-01	   9.6166344474855303e-01	   7.3272228092671132e-01	   5.6916201576873271e-01	   5.1198673346208912e-01	   1.3234950926391642e+00	   1.3070797071183184e+00	   1.3214222027860201e+00	   1.2290375079002760e+00	   1.2100478630805349e+00	   1.2519827142467768e+00	   6.7584143010413744e-01	   6.9438793443176416e-01	   5.5127156938580624e-01	   7.7220619548823088e-01	   6.6189811286197187e-01	   7.1960489484080870e-01	   1.1674805716209020e+00	   9.4953783705626094e-01	   6.2465051171097219e-01	   7.1771972101931736e-01	   7.2176184539128785e-01	   8.5112677391644054e-01	   7.5328111601094450e-01	   8.6615704735882304e-01	   6.6435934377377648e-01	   9.8127978595888765e-01	   7.4974051143069187e-01	   1.0586132666777859e+00	   9.3968454670225199e-01	   1.0576120995765059e+00	   8.4016967677839816e-01	   8.6378017941295948e-01	   9.9126456473307234e-01	   1.3893676802824702e+00	   9.0267342857083055e-01	   9.7133963654503230e-01	   1.2690142400672164e+00	   8.8235936528078951e-01	   1.0961114701067414e+00	   1.2935760379515955e+00	   8.3499671885989202e-01	   8.7157347978398581e-01	   7.1127003101540698e-01	   8.5981056460725758e-01	   1.0377834517422608e+00	   7.0113777131464949e-01	   7.8616528808212194e-01	   7.0723402273427083e-01	   1.1760614396684403e+00	   1.2164938068870728e+00	   1.1749895987548822e+00	   1.1791962671394622e+00	   9.0470337240097476e-01	   9.9406976837005945e-01	   8.8230938468629183e-01	   1.0261139011198197e+00	   1.1318180025680928e+00	   1.1010866582902261e+00	   1.0748221341273372e+00	   1.1551791826203479e+00	   6.7843391480046578e-01	   9.5474368636100881e-01	   7.0871853866960699e-01	   4.3908338086271481e-01	   7.3413626227456741e-01	   1.0820686706185063e+00	   5.4336334878065129e-01	   4.8764700392390292e-01	   3.8713013338193270e-01	   4.4203765329942635e-01	   2.3301904218916281e-01	   4.2354828570355146e-01	   7.7229923703628445e-01	   8.0336449155122591e-01	   8.2693086756725287e-01	   7.6975496132080834e-01	   5.1087257972024558e-01	   4.5049778750479752e-01	   7.4420614282859654e-01	   7.1686486573598229e-01	   2.4254374328587094e-01	   2.1063917657118719e-01	   5.8375839378933492e-01	   6.9106053517959087e-01	   3.1799590381432413e-01	   6.6044230291957806e-01	   8.7505548498887165e-01	   7.6767634568044096e-01	   7.0532072387758760e-01	   7.1697344103330363e-01	   4.5405130625290835e-02	  -2.4270609707907409e-01	
