   0.0000000000000000e+00	   1.3317632186239186e+00	   2.4092251887686322e-01	   2.9060468154430757e-01	   5.5501384433820877e-01	   4.6905006779338831e-01	   2.5426884127613653e-01	   3.7493257734819868e-01	   4.9325210927204433e-01	   5.4165365550659039e-01	   1.2513900360816863e+00	   9.2051884471235101e-01	   1.0946512170161482e+00	   8.8505737016499231e-01	   8.8875074518732999e-01	   9.0313469631233834e-01	   8.3379022994714835e-01	   6.8440124145147552e-01	   5.1791103312014797e-01	   5.5102493107241868e-01	   5.7494697158624586e-01	   6.3925833809617072e-01	   3.7922270695509652e-01	   3.5938730583812156e-01	   3.3471429911015244e-01	   1.7178253009338124e-01	   3.4020402152171569e-01	   4.7536996476952637e-01	   7.7021352087689310e-01	   9.2565736764046880e-01	   3.8449907370480052e-01	   4.6119176612919788e-01	   4.7708296949064954e-01	   5.0891354863914540e-01	   1.0724603103994215e-01	   1.3061549652445981e-01	   6.1910143833333553e-01	   6.8567861994770052e-01	   8.0721044441000844e-01	   7.8736948777803928e-01	   6.9841495566805256e-01	   7.4602812297875087e-01	   2.5343006054214817e-01	   3.3082201443427767e-01	   1.9648562705168071e-01	   2.7593622256489314e-01	   2.9124827842932893e-01	   4.0653469452968755e-01	   3.7373869766888757e-01	   2.1956615876974425e-01	   3.6293416150137642e-01	   2.9125444333412259e-01	   3.3906450842397140e-01	   3.0941341790089150e-01	   6.1654423884440024e-01	   6.6083650441759889e-01	   1.1323989902359153e+00	   9.4828976357903161e-01	   6.5785469000977514e-01	   3.6939183871133879e-01	   7.1288848427856932e-01	   3.3385014629652510e-01	   8.9042770897327916e-01	   5.9095683135819521e-01	   2.8382221595146118e-01	   2.4785233291562825e-01	   7.5715461825332286e-02	   1.6436803965481353e-01	   6.5517272940305027e-01	   4.3408719870991336e-01	   2.6385705533661213e-01	   4.4396870314722997e-01	   6.7808433698882054e-01	   6.0515316896881532e-01	   7.1301646540247410e-01	   5.5607481533252401e-01	   5.6793930854231089e-01	   5.9370044629677987e-01	   9.8351684622703495e-01	   6.6418561644532137e-01	   9.7096266218190963e-01	   8.4800408997110488e-01	   7.7318927740433452e-01	   7.9862085313709019e-01	   7.5138623095937762e-01	   7.8515674317455209e-01	   4.8924649883234816e-01	   4.9096509499134633e-01	   5.5622909418135125e-01	   6.4631221053606247e-01	  -8.5084681817805749e-02	   1.6762242258236804e-01	  -8.4643013037201689e-02	   4.5313965929052943e-02	   5.0479516043087924e-01	   3.8448108995835217e-01	   4.7469453338485551e-01	   6.3999847279336708e-01	   2.8926578074490739e-01	   3.7805385412386411e-01	   8.9990875352059310e-02	   9.4108633448343845e-02	   1.8376436608465038e-01	   4.1942333468276888e-01	   2.3429173182031546e-01	   2.3413204796377177e-01	   3.6585014671912491e-01	   5.2429451189059884e-01	   3.3930703709327709e-01	   7.6042840202268391e-01	   6.3933673763517340e-01	   2.6544814308813613e-01	   3.4489459547464002e-01	   6.3939977037772999e-01	   6.2587168572518670e-01	  -6.7241080960836015e-03	
   1.3317632186239186e+00	   0.0000000000000000e+00	   2.5901132186416609e-01	   3.6866019045522541e-01	   4.6714699389684716e-01	   3.0584978574776006e-01	   1.7392166128841802e-01	   4.2506408284802821e-01	   5.2778963583716598e-01	   4.5321272452135208e-01	   7.6757962527561463e-01	   9.7122116701063277e-01	   7.1968570229514706e-01	   9.3467204907917889e-01	   6.1506936835989334e-01	   7.3194273695494239e-01	   8.0822347202217426e-01	   7.6859356562847259e-01	   5.6796841577315038e-01	   8.0231741436206938e-01	   4.9544058024632309e-01	   5.9891169178940429e-01	   3.9349645645652698e-01	   4.4627105467461892e-01	   3.7984225336040550e-01	   2.0590186306678515e-01	   3.5553472608016329e-01	   4.1969958916331684e-01	   6.5621614049828370e-01	   8.3800630228441042e-01	   4.2393139738493019e-01	   4.8592067777197101e-01	   5.2871987091589179e-01	   5.9790249360302883e-01	   4.6706279157238635e-02	   9.7294428227866617e-02	   6.5885536991827065e-01	   6.5300228943818917e-01	   7.3364790760665910e-01	   8.0794419554161767e-01	   7.4734134625481707e-01	   8.6627099487659776e-01	   3.2072081509488853e-01	   4.3967504269466290e-01	   2.1195714084083150e-01	   3.1381321543161694e-01	   3.6650789186541494e-01	   4.6128246942528556e-01	   3.6304958099260176e-01	   2.8098077957170342e-01	   4.1692594540730166e-01	   4.0664948397267986e-01	   5.4828521658117579e-01	   4.3841558575480288e-01	   6.5832352612887091e-01	   7.3162257786396079e-01	   1.1135925935913340e+00	   1.1625447990358881e+00	   5.6312956341151588e-01	   4.8286283552701259e-01	   4.5717938739989566e-01	   3.6527332080359326e-01	   8.7387844168724438e-01	   7.7762317002702597e-01	   1.2602952843894941e-01	   2.2119083089397545e-01	   3.6945688038921058e-02	   2.0586352091717453e-01	   5.4050312668577882e-01	   4.9275257898354352e-01	   2.2314732541359006e-01	   3.8112762456704047e-01	   5.9194018861714814e-01	   6.6412086449607499e-01	   5.3400473448112318e-01	   6.1890874618850522e-01	   5.0087897132729164e-01	   7.3899231294894863e-01	   9.9620179703446754e-01	   7.8407292696019060e-01	   1.0024639377706246e+00	   9.2988999986950105e-01	   7.0316685424087522e-01	   8.0070697688390369e-01	   5.7807744243507897e-01	   7.6826862483760983e-01	   4.8311122086930575e-01	   6.3105710221467937e-01	   6.1125777293930605e-01	   7.9740706219833735e-01	   8.4650077501443113e-02	   2.1648722806299431e-01	  -2.9483411153617956e-02	   1.8371331692679536e-02	   4.6414699999556958e-01	   3.8329826917248982e-01	   4.9735226419392015e-01	   6.6232471067373055e-01	   4.4367838774694235e-01	   4.0806623162292904e-01	   1.8494909522784883e-01	   5.7766958699534569e-02	   3.5436017976258732e-01	   4.9537576953435825e-01	   2.5799797790088513e-01	   1.9235565366280744e-01	   5.3841385831002309e-01	   5.3074879723960899e-01	   3.4194815760188824e-01	   5.8262582194085344e-01	   5.6630517761088206e-01	   4.1412688216866478e-01	   4.5764149860296166e-01	   6.5197071334553824e-01	   5.1418323592389314e-01	  -6.6970194585835752e-02	
   2.4092251887686322e-01	   2.5901132186416609e-01	   0.0000000000000000e+00	   9.1815526223793797e-01	   7.2224567303751097e-01	   3.9286211792019265e-01	   9.9967203298205698e-01	   7.0128026485024042e-01	   7.6646066097474463e-01	   3.6755250419409208e-01	   2.9382478376354065e-01	   2.1568881022693082e-01	   1.5120532433727363e-01	   2.0696706176997867e-01	   4.8095793432543377e-01	   3.0930914887952871e-01	   8.0714555144352607e-02	   1.0865888576173929e-02	   5.2489237804843203e-01	   3.6188609886350442e-01	   5.1944640262405328e-01	   4.0860373670226940e-01	   1.2377815441277695e+00	   7.4447793015924690e-01	   4.9559120795298311e-01	   6.2694895056219246e-01	   3.8791758430903156e-01	   4.0818624163834460e-01	   2.2183141756162603e-01	   7.6804678857820302e-02	   8.6811385854451495e-01	   7.1781156453249451e-01	   9.1172649618625612e-01	   7.2110465563663217e-01	   7.9988758749141187e-01	   6.6434758605832867e-01	   4.0828910358769782e-01	   3.8346153184783338e-01	   6.1136202939030060e-01	   4.6505527916984546e-01	   4.1027476996762263e-01	   2.2977330174441402e-01	   7.4060027026745345e-01	   6.5939622072684245e-01	   6.7634649394738666e-01	   6.4018093200146409e-01	   6.7407422788549165e-01	   7.0922326280772963e-01	   6.6409357782713441e-01	   4.9429169682287188e-01	   6.6923141216702131e-01	   5.7264601103468393e-01	   1.7843960248086205e-01	   1.8344322584810840e-01	   6.4093917725478844e-01	   5.1215859410486042e-01	   1.0664368611310726e-01	   2.1640141625419304e-01	   3.7668098229024349e-01	   3.3689609069686749e-01	   3.3458293854296417e-01	   3.2128076888724100e-01	   2.1683192619123395e-01	   2.4123495360371155e-01	   9.0089846733532164e-01	   5.4955617108490573e-01	   9.0301259160572322e-01	   7.5412828652549857e-01	   5.3840946663717826e-01	   5.1654521598892755e-01	   3.4926779815641207e-01	   3.4665482281030624e-01	   2.9992986077768391e-01	   2.4552531915148651e-01	   3.0483239819630248e-01	   1.8427676353352157e-01	   5.0232413210066740e-01	   5.7505718935377548e-01	   1.0388861214733731e-01	   1.5275064843938432e-01	   3.3784510460978023e-01	   3.6844346575545478e-01	   6.1331758119396285e-01	   3.7494640044300537e-01	   6.8337223011872716e-01	   4.9042428674813487e-01	   5.5969295682893427e-01	   5.3047576772860561e-01	   6.7983361284939237e-01	   5.8261833884535397e-01	   3.9158988413048451e-01	   5.4000748819837463e-01	   4.1164530909848163e-01	   7.5273549851462629e-01	   3.7056295622261415e-01	   3.2144098677738686e-01	   7.7418486345213344e-01	   6.1451625962636258e-01	   5.1302016830184916e-01	   5.1415229703742027e-01	   3.9117886920768691e-01	   6.3565063115043419e-01	   4.1625123415192167e-01	   5.2601112695784336e-01	   4.6759383778255181e-01	   4.7431490280893279e-01	  -2.6160711126814624e-02	   5.6418698657357891e-01	   3.9074757567479307e-01	   5.8828498295337395e-01	   8.2437330692839017e-01	   5.0625135572223101e-01	   4.7200340638582883e-01	   4.4848581834363532e-01	   5.5482058245929577e-01	  -1.0349285256253928e-01	
   2.9060468154430757e-01	   3.6866019045522541e-01	   9.1815526223793797e-01	   0.0000000000000000e+00	   7.4521628213259872e-01	   7.0259675455884951e-01	   6.6491415315903213e-01	   1.1419570239803953e+00	   7.3181314638029771e-01	   7.1010599463017865e-01	   2.3671060465666693e-01	   4.2790771842978692e-01	   2.8110613170864424e-01	   4.4786476561481131e-01	   5.2050816515145948e-01	   6.2094939731994991e-01	  -1.8282424861971465e-02	  -1.5356453716903329e-01	   2.1239299589614830e-01	   4.1148064714124410e-01	   6.0089559497206779e-01	   5.9766044178972211e-01	   9.1650963035808819e-01	   1.2384555160063704e+00	   7.9050896624035250e-01	   1.0065120662145215e+00	   7.5119024410270230e-01	   8.1559880395892514e-01	   7.5008948880125798e-02	   3.4732419884016798e-02	   6.3400607925052443e-01	   8.1388286591908454e-01	   6.8199917711601643e-01	   7.3594116024640754e-01	   7.3884184540511799e-01	   7.6484025143248791e-01	   6.2216035092234845e-01	   5.9294912872689343e-01	   7.2363122778138378e-01	   7.0567657108684867e-01	   4.8305933458768791e-01	   3.4482781567705839e-01	   8.0171010335020410e-01	   7.3031213582862464e-01	   7.5366078803780545e-01	   7.8103498515265779e-01	   6.3504119261613801e-01	   7.3961389541369194e-01	   7.6990505847849433e-01	   6.0650795550449643e-01	   7.8314034718557879e-01	   7.7129007664868998e-01	   1.1455934093402352e-01	   6.0317976117492095e-02	   7.3031046843214120e-01	   4.8000996495378112e-01	   1.7747468206688749e-01	   2.4014347482117834e-01	   3.6671200105949708e-01	   4.7011567463069492e-01	   4.5601303444166563e-01	   7.2078032151075944e-01	   1.8000834813789562e-01	   2.8823064321853042e-01	   7.5666560395997218e-01	   1.0715644075592807e+00	   9.5347818454072175e-01	   1.1706597655062934e+00	   5.8233083550159925e-01	   7.2517194484130609e-01	   3.1093343035930021e-01	   4.1896488628319239e-01	   1.9871163301042916e-01	   2.2749469680837531e-01	   2.6327158756921687e-01	   2.7282262945842378e-01	   4.6336062136123657e-01	   7.2275314980196548e-01	   9.9006179101780833e-02	   2.3195045676960031e-02	   2.9590088030232053e-01	   3.6279121203624942e-01	   4.8599401804172004e-01	   4.3030521279707967e-01	   7.9903010048793743e-01	   8.4400886982828505e-01	   7.0795193873369056e-01	   8.3408184214697789e-01	   7.8017894669992338e-01	   8.0695373906830847e-01	   3.9427258342394855e-01	   4.7000002548848513e-01	   5.4534055131188053e-01	   5.3927344691772938e-01	   4.5811365914182017e-01	   3.0534948728435080e-01	   9.1098712945380145e-01	   7.0899596380181140e-01	   5.1639068401893540e-01	   4.4006154569865857e-01	   6.2920682101249026e-01	   5.6420496061615855e-01	   4.8533933332964441e-01	   6.3610380137284450e-01	   6.1019216722126712e-01	   5.7597358539929255e-01	   2.4902277235219913e-01	   7.1053984393165082e-01	   3.0372887031311602e-01	   7.7432667288601464e-01	   1.0466474855954597e+00	   4.7074255938447235e-01	   4.8019496668963235e-01	   5.1226464854111731e-01	   7.0205157665443108e-01	  -1.0005043639541723e-01	
   5.5501384433820877e-01	   4.6714699389684716e-01	   7.2224567303751097e-01	   7.4521628213259872e-01	   0.0000000000000000e+00	   9.9630868045118071e-01	   8.3019938589197140e-01	   8.4072283962551642e-01	   1.3228294765438666e+00	   8.4832014074735906e-01	   6.3906782036272181e-01	   3.7053737914621065e-01	   5.2861196964082613e-01	   2.9467070738998058e-01	   6.6498904321665497e-01	   4.5684365935616056e-01	   1.8282532347244465e-01	   3.5491477286617057e-02	   3.2725029400352196e-01	   2.7477053997011741e-01	   6.4492013019373307e-01	   5.8567650248645609e-01	   6.9872520199332511e-01	   4.9961497045688863e-01	   5.9919650164566929e-01	   6.1968136802024398e-01	   7.2117762341922376e-01	   8.6289833951283557e-01	   2.9982346623243072e-01	   2.3502070938821590e-01	   4.5832650377327278e-01	   4.6989993602482827e-01	   6.6397722545369042e-01	   5.9708947446288030e-01	   6.5022358790632084e-01	   5.5005920518117557e-01	   6.5863802298416518e-01	   5.8963319722054441e-01	   7.7244777266901177e-01	   5.9886538182628224e-01	   5.5507321125862952e-01	   3.4480813296604257e-01	   6.3942770579003827e-01	   5.4730014957260720e-01	   6.4665477295745466e-01	   6.1888626051662810e-01	   4.6715290369198753e-01	   5.7511717804761497e-01	   7.6882633481606344e-01	   6.0285962905686696e-01	   7.6154580663863858e-01	   6.5441316175752240e-01	   2.9025055767370594e-01	   3.2188026307332801e-01	   6.7890741818415834e-01	   5.8760976001895249e-01	   2.6268431771977890e-01	   2.4890047367627557e-01	   6.8016125262793259e-01	   4.5061283786490314e-01	   6.1125535635350770e-01	   4.9091964963511242e-01	   2.5844920395486348e-01	   1.7803487992626846e-01	   6.8060825750603804e-01	   6.3757795193363154e-01	   7.8303546149228709e-01	   7.4609887317675994e-01	   7.1755579700028693e-01	   5.3015038247381907e-01	   5.4904373170428777e-01	   4.7524988235981092e-01	   3.8685026105519565e-01	   3.4406848838824566e-01	   4.7305455808158087e-01	   2.8385729454574593e-01	   6.1460736767331581e-01	   5.8779126257079783e-01	   3.1118402490230734e-01	   2.0000909242534454e-01	   4.0601923079269164e-01	   3.0630181042320598e-01	   5.1837742792994768e-01	   3.3237323561202020e-01	   9.3057560956455321e-01	   6.2292716248108237e-01	   5.4766226358975534e-01	   4.7729152074794529e-01	   7.5051116659485329e-01	   6.6956040731569133e-01	   3.0315069636897873e-01	   5.5827845787155339e-01	   4.2774323932166530e-01	   5.7812054825016812e-01	   3.9113862569569724e-01	   4.0623770567253825e-01	   8.3275716555883150e-01	   7.0117935501457562e-01	   3.8631148774317214e-01	   5.5052090316370428e-01	   3.8468076227531822e-01	   5.9378649224076585e-01	   3.2580474124287695e-01	   6.7541907650696742e-01	   4.5601002069468177e-01	   3.7595839110843643e-01	   2.5286764898524150e-01	   7.9472587739060296e-01	   4.0829450750371421e-01	   6.7432939963402327e-01	   9.1997563396872239e-01	   4.6775067285947164e-01	   5.3669566254443979e-01	   5.4575459720790864e-01	   6.3018204026707147e-01	  -2.8858251415957331e-01	
   4.6905006779338831e-01	   3.0584978574776006e-01	   3.9286211792019265e-01	   7.0259675455884951e-01	   9.9630868045118071e-01	   0.0000000000000000e+00	   6.5093768887874237e-01	   9.4660904274342517e-01	   7.1294348979753541e-01	   1.1908423664289778e+00	   5.3059629233254901e-01	   3.4394010664367236e-01	   6.6660919735855195e-01	   3.5813866775796260e-01	   7.3756745590793904e-01	   7.7260242793068490e-01	   2.2897268072182314e-02	  -1.7609521768384090e-01	  -6.6065042882816208e-03	   1.7010303774462918e-02	   6.7304969749764387e-01	   7.0374735232627450e-01	   4.9366639123448613e-01	   5.1266257525802872e-01	   7.2295901135757534e-01	   7.8262679795511891e-01	   7.2785934518850071e-01	   1.0449112045167266e+00	   1.2301975447418305e-01	   1.1685133677985254e-01	   3.0564837593995636e-01	   4.1023115660440856e-01	   4.0575825685409983e-01	   4.5902904312030440e-01	   6.2539038025493210e-01	   6.0290667864680469e-01	   6.2790266627590041e-01	   5.4542624878648838e-01	   7.4092681542552075e-01	   6.3434466887816043e-01	   4.1754469342410239e-01	   2.7107184631670006e-01	   4.4729947834648365e-01	   4.3167367367595988e-01	   5.4772234541654208e-01	   6.1778306098962144e-01	   3.1878873881940706e-01	   4.4763771484892184e-01	   6.5088119771743991e-01	   6.8633046859212055e-01	   7.3050207764130315e-01	   6.9761425265137134e-01	   2.2768023054024875e-01	   2.8956373170317190e-01	   6.7510820959969164e-01	   5.2459605992241343e-01	   1.3798267720980126e-01	   1.2903055091584606e-01	   6.5701481799346539e-01	   4.4718693355803396e-01	   6.6954421094663685e-01	   6.3466332860546082e-01	   1.1119746184327643e-01	   6.2706013720762385e-03	   5.3928745265264166e-01	   8.9783972145871316e-01	   7.2068401991357933e-01	   7.4479711336819376e-01	   7.4036190966324322e-01	   5.9452033137031512e-01	   3.2968690539096474e-01	   4.0587367641476624e-01	   1.2517347354917466e-01	   5.3933491338033421e-02	   2.6300396716219937e-01	   6.9685927912134682e-02	   2.8681283886548836e-01	   2.9565091071865518e-01	   1.7133399762253065e-01	  -3.5689246052210660e-02	   2.2552788298153501e-01	   1.4798202712072450e-01	   2.9679896518286325e-01	   2.7241250036264064e-01	   8.9223079601776578e-01	   7.3293726145490123e-01	   4.8249703572983632e-01	   2.9611066953826798e-01	   6.6848418154946010e-01	   6.8623654831388337e-01	   2.5149143751047842e-01	   4.8131201199983803e-01	   5.0814726106578978e-01	   5.0309853385234460e-01	   4.1920899915566484e-01	   2.7015223333356247e-01	   7.0663069423067171e-01	   6.3878733152714662e-01	   2.3942180709316652e-01	   4.0294690330656163e-01	   4.1657061962263864e-01	   6.4018728059192709e-01	   2.6829659404738271e-01	   5.3260934436166019e-01	   4.5236072595276833e-01	   3.2437418805283524e-01	   2.5596072587772589e-01	   6.9398906303026175e-01	   2.5144682236792837e-01	   5.5123241192449490e-01	   7.8926483658000557e-01	   2.7949516451879464e-01	   4.3155916192179228e-01	   4.3190187512540734e-01	   6.7148108447467114e-01	  -1.4381479745978584e-01	
   2.5426884127613653e-01	   1.7392166128841802e-01	   9.9967203298205698e-01	   6.6491415315903213e-01	   8.3019938589197140e-01	   6.5093768887874237e-01	   0.0000000000000000e+00	   9.5436255018826466e-01	   9.0139996829556779e-01	   6.3430926661376807e-01	   4.6031708349502887e-01	   2.0598116833947214e-01	   4.0736387645058264e-01	   1.8975000147276908e-01	   5.3007148986742247e-01	   3.3177189860602585e-01	   5.7108542203591642e-02	  -8.9027672960278650e-02	   3.4916255263974749e-01	   1.8369751527412087e-01	   3.0260928262181380e-01	   2.6283483331367752e-01	   6.3820713359469661e-01	   3.4896862222552338e-01	   3.7980511158416547e-01	   4.2163129075423683e-01	   3.8035026168981773e-01	   4.4211783294306084e-01	   1.2161847624381354e-01	   1.0336388415589379e-02	   3.8433593287237122e-01	   3.5147716812163798e-01	   6.7399989962292184e-01	   5.6549836317029534e-01	   7.3142633650630839e-01	   5.7553087632612110e-01	   3.4900716143623101e-01	   2.3892637546526960e-01	   5.5991965408897970e-01	   3.1515779012208028e-01	   3.9719993510262586e-01	   1.2454038291592483e-01	   4.0215455869497163e-01	   2.7360183645253006e-01	   4.5249840452846646e-01	   3.7594840411577374e-01	   3.6042532556014578e-01	   3.6882602420043176e-01	   4.9479121704924206e-01	   4.3793824512081631e-01	   5.3075074543056222e-01	   4.6101646326463230e-01	   1.4806615535277823e-01	   1.1982537855078314e-01	   5.3025456674572602e-01	   3.8510149189001908e-01	   5.1891262363378786e-03	   5.2940417879699678e-02	   5.9292488283200073e-01	   3.8972524802343911e-01	   7.0245936869610093e-01	   5.5772107054192466e-01	   1.0658658964555431e-01	   1.4859409903172599e-01	   5.9551113604946981e-01	   5.6003383383318317e-01	   9.4242499325772233e-01	   7.2672033887499432e-01	   6.1409131875866019e-01	   5.2024845393327968e-01	   4.1411561737611946e-01	   3.5929430111516952e-01	   2.3347325633328550e-01	   1.7623820446575891e-01	   3.4619419978267046e-01	   9.5033247156857598e-02	   4.0220083346920033e-01	   3.8893737492266622e-01	   9.7086988678070821e-02	  -3.2543073441274134e-02	   1.6321929303167609e-01	   1.3984399990611135e-01	   3.1314000356523891e-01	   1.2157640425017763e-01	   6.1119054043258592e-01	   3.8461910228445512e-01	   3.5270543500723389e-01	   1.9567424178483417e-01	   7.8679878993120989e-01	   6.5737298479908657e-01	   4.2525401513723105e-01	   6.8410528759162537e-01	   5.9589508464174834e-01	   9.7720407682863231e-01	   3.8985952311881289e-01	   2.7782676924710215e-01	   7.1856634550654408e-01	   5.0028968581269617e-01	   3.6707274258171918e-01	   4.9366632083273765e-01	   5.6381281653173976e-01	   1.0162049602496799e+00	   5.4395558920420661e-01	   6.7559775532044197e-01	   5.9527495136385822e-01	   4.6866868501670361e-01	  -2.3044502940677287e-02	   6.8221051343097683e-01	   4.0078141038085657e-01	   5.0208037495021574e-01	   6.2869978745770183e-01	   4.6332542955605838e-01	   5.1901390201601161e-01	   4.9099546616472223e-01	   4.9931604243607630e-01	  -1.5331045225128320e-01	
   3.7493257734819868e-01	   4.2506408284802821e-01	   7.0128026485024042e-01	   1.1419570239803953e+00	   8.4072283962551642e-01	   9.4660904274342517e-01	   9.5436255018826466e-01	   0.0000000000000000e+00	   1.0364029993814958e+00	   1.1855143594328239e+00	   4.3756002814541611e-01	   5.0782832820534463e-01	   4.8086199816403874e-01	   4.9393843899644663e-01	   5.8892291055256418e-01	   6.6504633809940306e-01	   7.6547045845086842e-02	  -6.7816542143527364e-02	   1.1123581908197153e-01	   2.6527390374140070e-01	   5.0710069952946912e-01	   5.5253724595774301e-01	   5.6473744494644218e-01	   6.4421400454489386e-01	   5.2413653495701906e-01	   6.4833817501503521e-01	   5.2305063860218781e-01	   6.8654347063457721e-01	   2.0648539257591311e-01	   1.5559123149090334e-01	   4.3425492924421494e-01	   5.7040714468026033e-01	   6.7740127903209613e-01	   7.9898313844728264e-01	   6.1374439450174378e-01	   6.9360279830135763e-01	   6.6016893979685509e-01	   5.4662747005707812e-01	   8.0677519760860350e-01	   6.9330193008343044e-01	   5.2697058767575999e-01	   3.8010645301749790e-01	   5.3189227080839185e-01	   4.9187089954261642e-01	   6.1669636266842276e-01	   6.3805194683478483e-01	   4.6014939202814897e-01	   5.3699067466535022e-01	   6.3604883056067529e-01	   5.0261728512738002e-01	   6.5598227519497176e-01	   6.4147662421524032e-01	   2.1499223430978656e-01	   8.4197569041057782e-02	   7.0080210698035583e-01	   4.8226814626170433e-01	   1.9654612423870163e-01	   2.5677029645269334e-01	   5.6837814238752515e-01	   5.4579857200730897e-01	   6.7861659075032144e-01	   1.0328256249972019e+00	   2.2258783194271459e-01	   3.5861363450084854e-01	   5.0223833103077919e-01	   1.0341129246238929e+00	   8.6471844697568656e-01	   1.1132002995852215e+00	   6.0899988317423137e-01	   6.6128709627357563e-01	   4.1614199279697045e-01	   5.4212878011000099e-01	   2.7912079566824366e-01	   2.4843912087988584e-01	   3.3562480391718730e-01	   2.3369696482688168e-01	   4.6179126892498629e-01	   6.5461565199407945e-01	   2.0585775901013711e-01	   6.2518704530503321e-03	   3.1208764578850845e-01	   2.8738820562924178e-01	   3.6616057757547699e-01	   3.2008720703994098e-01	   7.1927054060804985e-01	   7.6575431090633517e-01	   5.2692391212832757e-01	   5.1022178947745433e-01	   9.3210957123126814e-01	   9.5358651943867656e-01	   3.6899347792096149e-01	   4.4947217141233747e-01	   6.2643625160705496e-01	   5.5171167868122484e-01	   5.2321448207598165e-01	   4.1599126764562766e-01	   8.7265338236027179e-01	   7.1827761285858072e-01	   4.0075950895489720e-01	   3.7670333732374384e-01	   6.4536493481928270e-01	   7.3190850382976003e-01	   5.8104200822931784e-01	   7.2413920505738094e-01	   7.1090398787659792e-01	   5.6606397295036914e-01	   2.8024674475955008e-01	   7.8948745103569595e-01	   3.8435632434728628e-01	   6.5213869961246851e-01	   9.0517378113685254e-01	   4.4852635409425307e-01	   5.2575327223800516e-01	   5.4007231751625451e-01	   6.3703322180766309e-01	  -1.5671346461311844e-01	
   4.9325210927204433e-01	   5.2778963583716598e-01	   7.6646066097474463e-01	   7.3181314638029771e-01	   1.3228294765438666e+00	   7.1294348979753541e-01	   9.0139996829556779e-01	   1.0364029993814958e+00	   0.0000000000000000e+00	   9.9158342246964681e-01	   5.7330075391340252e-01	   4.2409581911835947e-01	   3.8916169671788264e-01	   3.1355968015415331e-01	   4.7616198844678392e-01	   3.7022906450367998e-01	   2.8394926855102787e-01	   1.5185556379939058e-01	   3.5582058171153780e-01	   2.9272429565357228e-01	   4.8943244697968319e-01	   5.0160597714454047e-01	   5.5564653722821955e-01	   4.1387925946217458e-01	   3.1738270464353352e-01	   4.0987608332116560e-01	   3.5699096215335785e-01	   5.1843368652566668e-01	   4.4116105320305860e-01	   3.3674246466453156e-01	   4.9871999027066871e-01	   5.0391046353415581e-01	   7.3911507626759321e-01	   7.2799135051387587e-01	   4.3437700927709338e-01	   4.1797051459779994e-01	   6.1880632771845390e-01	   5.0522486919398135e-01	   7.4507296326238004e-01	   5.6307999410465659e-01	   5.8300144956533051e-01	   3.8869750411656484e-01	   5.6559280340203311e-01	   4.6258053548078643e-01	   5.0689829642923812e-01	   4.9018248593043501e-01	   4.9735896911966743e-01	   5.3166597892834244e-01	   5.6620172510415023e-01	   3.9045015769030844e-01	   5.2106480610826655e-01	   4.5145009773368022e-01	   2.7816883740061543e-01	   1.7542916206057335e-01	   5.8830028142349855e-01	   4.8702801621243508e-01	   3.6765693659992515e-01	   3.9100730094833708e-01	   5.9735302622387887e-01	   4.2999496562066597e-01	   6.0229828235826188e-01	   5.7309315760501733e-01	   3.9419245514003626e-01	   4.2493267266383417e-01	   4.5348169151039436e-01	   5.3000488444912131e-01	   6.0995871638360366e-01	   6.4517661058738751e-01	   6.0021178060699965e-01	   4.8942266596137851e-01	   5.2595706248004981e-01	   5.1270459654163847e-01	   4.9138764742905694e-01	   4.9422091918814881e-01	   5.1517508898531594e-01	   3.8242603753620286e-01	   6.3845632276455799e-01	   6.6817444691831729e-01	   4.2254174970005265e-01	   2.4749922378587647e-01	   4.6516344486127392e-01	   3.5789292295961772e-01	   4.7192975180402641e-01	   3.0594565216784220e-01	   6.3887198773584086e-01	   5.6586164062277877e-01	   4.1815878723213229e-01	   4.2807636103230667e-01	   7.3310022227296867e-01	   6.8892897775572703e-01	   2.5347921940826657e-01	   4.2436534278312843e-01	   3.7319680146822881e-01	   4.9121744416703400e-01	   4.3422271091024223e-01	   4.9914938858826752e-01	   7.4576974645205407e-01	   6.9925667820042570e-01	   3.8065522859354689e-01	   4.7835331211499421e-01	   4.1601822533540117e-01	   5.3757394493295019e-01	   4.1594136407260823e-01	   6.4763311498218912e-01	   4.5942710930404673e-01	   3.9312791265143182e-01	   1.7939404356393318e-01	   7.6268228347910882e-01	   4.8051270442499799e-01	   5.5312622605205020e-01	   7.7268571986689083e-01	   4.6047775014040415e-01	   4.5227122132731884e-01	   4.7853466194493699e-01	   5.2454020647577604e-01	  -1.8752950235637225e-01	
   5.4165365550659039e-01	   4.5321272452135208e-01	   3.6755250419409208e-01	   7.1010599463017865e-01	   8.4832014074735906e-01	   1.1908423664289778e+00	   6.3430926661376807e-01	   1.1855143594328239e+00	   9.9158342246964681e-01	   0.0000000000000000e+00	   5.6242143855773619e-01	   5.7380952688025322e-01	   5.4700324640346620e-01	   4.9301423074113937e-01	   6.0952935804336117e-01	   7.2014703294073856e-01	   1.5637565851163801e-01	  -2.5892935314121509e-02	   8.6994304754207358e-02	   1.7256932741860692e-01	   4.9823231715678518e-01	   5.5401452826293807e-01	   3.5829130601809051e-01	   4.4526397314135224e-01	   4.1805561477381076e-01	   4.9559821710370455e-01	   4.3768921103890862e-01	   6.7669357980534117e-01	   2.8667393007435138e-01	   2.7062770342935327e-01	   3.1085952124692534e-01	   4.5063466846187561e-01	   4.9416458589794510e-01	   5.9965968855877405e-01	   4.4365472693602809e-01	   4.7427064050778556e-01	   6.2964919047687884e-01	   5.1549045052072806e-01	   7.7336438139357044e-01	   6.4779851635401309e-01	   6.2561352165321860e-01	   4.4280052735984160e-01	   3.5425254845327775e-01	   3.1601545836950568e-01	   4.2863791441290267e-01	   4.7155481286337997e-01	   3.3201846849892769e-01	   4.1130254755601325e-01	   5.2295733817781365e-01	   4.4355631589851774e-01	   5.4084658182863232e-01	   4.9245668057950298e-01	   2.7042655579922581e-01	   1.2739447104976978e-01	   6.0046694312012361e-01	   4.2994471690684360e-01	   3.7727226893633725e-01	   3.0284276914499519e-01	   6.3412290106729918e-01	   4.4600867311296877e-01	   7.3821134209589911e-01	   7.9521768533679904e-01	   3.5066782164129695e-01	   3.0506075376274122e-01	   3.9252681285055224e-01	   8.1325298450486017e-01	   5.9489926984228070e-01	   6.8303498546766461e-01	   6.9574682261326293e-01	   6.1911723800268614e-01	   4.0424196004454160e-01	   4.7795960238115504e-01	   2.9089374999094286e-01	   2.1608903602781407e-01	   3.9395054705975951e-01	   1.7724250705448172e-01	   3.9865698661218962e-01	   4.3098101412460516e-01	   3.2788273514957134e-01	   2.9112664684586415e-02	   3.5337170472141377e-01	   2.3365176332482360e-01	   3.4465538567975945e-01	   2.8652193579688146e-01	   7.3250752764826810e-01	   7.2869934520791857e-01	   3.8505692026952415e-01	   3.4267859873228296e-01	   7.6253970944180416e-01	   7.6358355389680432e-01	   2.3619320706848851e-01	   3.8447023881731152e-01	   4.6245357065362580e-01	   4.2713613545972207e-01	   5.2624064828342965e-01	   4.2539327890344569e-01	   7.2122006263489646e-01	   6.5769531364255374e-01	   2.8832755558609646e-01	   3.9072861584016116e-01	   4.6535724547320312e-01	   5.6673844883587232e-01	   3.4908235802103493e-01	   5.6885867269618762e-01	   4.6418811818380107e-01	   2.9782249882202416e-01	   2.2810314611850982e-01	   7.0228226053156262e-01	   3.0050997894118214e-01	   5.3183940305586419e-01	   7.0354455669665539e-01	   2.7549025848635916e-01	   3.4976321122270826e-01	   3.6595151689764793e-01	   5.6229582146846258e-01	  -6.9684706048098441e-02	
   1.2513900360816863e+00	   7.6757962527561463e-01	   2.9382478376354065e-01	   2.3671060465666693e-01	   6.3906782036272181e-01	   5.3059629233254901e-01	   4.6031708349502887e-01	   4.3756002814541611e-01	   5.7330075391340252e-01	   5.6242143855773619e-01	   0.0000000000000000e+00	   8.7734407898998723e-01	   1.2184299624481441e+00	   7.0564860963770326e-01	   8.5381865426856485e-01	   6.9382862652870325e-01	   7.7103166235418408e-01	   5.4796047409203208e-01	   5.2653829645844530e-01	   4.2529008683152864e-01	   4.2008151130863725e-01	   5.0414044104982481e-01	   3.2231464583616043e-01	   2.3387547279322957e-01	   1.4599008769136007e-01	   5.7251179658480512e-02	   2.3768227208643206e-01	   4.7272991926307961e-01	   7.8142811186616390e-01	   7.9393499184831617e-01	   3.3695890955620006e-01	   3.9698360266926119e-01	   5.2649413485752783e-01	   5.4017647188032258e-01	   1.5659210400451296e-01	   1.8163708015001570e-01	   4.7822083681967154e-01	   5.5855477453319402e-01	   6.8628856614245703e-01	   5.9117158060735864e-01	   5.1637372579286411e-01	   4.8238637002049251e-01	   1.0284291773172970e-01	   2.2121007014480540e-01	   1.5663076719859803e-01	   2.3014336424754062e-01	   1.0667967382689596e-01	   2.7637249185772239e-01	   2.4427925051970023e-01	   1.1419582449259164e-01	   2.1608552015111793e-01	   1.7385554130702432e-01	   9.7489389613448524e-02	   1.7465093201299076e-01	   4.0249603767701309e-01	   4.6139039692439093e-01	   6.4842324929158135e-01	   4.9377072899334506e-01	   4.2364063465043211e-01	   1.0595357960823261e-01	   6.9225859667530476e-01	   2.8412142330763224e-01	   6.2563782717018845e-01	   3.3873264703596478e-01	   3.8816559132552364e-01	   3.2817065089576891e-01	   8.4898507917292601e-02	   1.3197107538111325e-01	   5.4246600653379418e-01	   2.6011263487273256e-01	   3.1718748100585631e-01	   5.0634510846308389e-01	   8.1495385764272410e-01	   6.5010324393575558e-01	   9.2857742554692280e-01	   5.8169948479716627e-01	   6.2121019313388282e-01	   5.4324220290622161e-01	   7.4295010203937950e-01	   5.1525690488490627e-01	   6.9920746703771275e-01	   6.5213938287398687e-01	   6.4600800082679222e-01	   5.9868006122978790e-01	   6.5108234088475614e-01	   6.9130566202453769e-01	   4.1062287925052854e-01	   3.5910280756508667e-01	   3.7112023124409288e-01	   4.6693793251227100e-01	  -2.0663385500633055e-01	   1.1900384507677281e-01	  -1.4265463701159808e-01	   9.3386866225214304e-02	   4.5997383035463968e-01	   2.5686046723409944e-01	   3.7353559594232588e-01	   5.0021410729473059e-01	   1.0464945122068726e-01	   2.3452118190684412e-01	  -7.5913946396786641e-02	   1.4733900194978741e-01	   1.0315618118603126e-02	   2.8875180218214108e-01	   1.2988960987020826e-01	   1.9153163200648907e-01	   2.0293814581924688e-01	   4.2298425815210272e-01	   2.4862610998831988e-01	   7.2357353228739507e-01	   5.7103047881539526e-01	   1.2793206958595024e-01	   2.0313530939620841e-01	   4.6548274179158261e-01	   4.9178221216041784e-01	  -1.1610893004213948e-02	
   9.2051884471235101e-01	   9.7122116701063277e-01	   2.1568881022693082e-01	   4.2790771842978692e-01	   3.7053737914621065e-01	   3.4394010664367236e-01	   2.0598116833947214e-01	   5.0782832820534463e-01	   4.2409581911835947e-01	   5.7380952688025322e-01	   8.7734407898998723e-01	   0.0000000000000000e+00	   8.2586707056441444e-01	   1.3826157742131855e+00	   6.2407988185127294e-01	   9.4455399933724660e-01	   7.3155501397955769e-01	   5.6839325689623887e-01	   4.5375398544690537e-01	   7.6751881838118574e-01	   3.6042486873436225e-01	   4.9790277206731159e-01	   3.3009034626734979e-01	   5.5229511083603433e-01	   2.6940211539655057e-01	   1.9349514434695148e-01	   3.4442519138462296e-01	   4.9129981084228774e-01	   6.7337885246126061e-01	   8.5749835127663054e-01	   3.4492640537446023e-01	   5.7640295544939513e-01	   5.1122823873210144e-01	   6.3749471821733183e-01	   1.1322518050906566e-01	   2.0620958432697595e-01	   6.7324124051990275e-01	   7.6789564353070483e-01	   7.6717222110881711e-01	   9.2067230902214980e-01	   6.8881400354784172e-01	   9.2085053377122184e-01	   1.8720818180324222e-01	   3.3034842086168403e-01	   1.8017650001632940e-01	   2.7484492191109572e-01	   2.6521862727107570e-01	   4.0642419364273696e-01	   3.0502293968050614e-01	   1.8323029158938209e-01	   2.8553819947161757e-01	   3.0665093779662028e-01	   1.6458961174133446e-01	   8.7476217874240286e-02	   5.4265290738304917e-01	   5.8063259173977966e-01	   7.2325654864196520e-01	   5.7502031650346475e-01	   3.2510030744154561e-01	   2.6058357908537932e-01	   4.9181509331107665e-01	   4.9649531480088971e-01	   7.1686314129901541e-01	   5.4792056025564273e-01	   2.3557756918453771e-01	   4.3460598904716952e-01	   7.4906600577503382e-02	   2.5361524115554934e-01	   4.8796621233366405e-01	   4.4112298332458832e-01	   2.0358552639209107e-01	   4.8067316022336060e-01	   6.7853051396283182e-01	   6.6529487357234685e-01	   6.6442520445968956e-01	   6.4618138569295958e-01	   5.9153409149004266e-01	   7.7881862057656803e-01	   7.9387535492790640e-01	   5.8214133689725556e-01	   9.3058884111942775e-01	   9.1120149254671323e-01	   7.1438875459582851e-01	   9.6395126314737345e-01	   6.2634708716166376e-01	   9.7496267921960089e-01	   4.8505578665900495e-01	   6.8813968227629363e-01	   5.6177689013491894e-01	   6.6580087006865429e-01	  -2.8059430919668128e-04	   1.4974466180048826e-01	  -1.7858829174926469e-02	  -1.4064952858141459e-02	   6.6524946103914140e-01	   3.7114837878612550e-01	   4.9739716761148334e-01	   6.2175744655971832e-01	   3.3974719282775651e-01	   2.6658596295853132e-01	   2.9210450346035734e-02	   3.1533420560497551e-02	   9.6058562405099468e-02	   2.9625890430773727e-01	   1.3265712881985806e-01	   1.3221207449201297e-01	   4.9039924554107006e-01	   3.9513181887057891e-01	   2.2954931299427855e-01	   6.4687750329702343e-01	   5.8900119525124695e-01	   2.3166046906466464e-01	   2.2534206624618580e-01	   3.9647383141209225e-01	   4.3399388337955047e-01	   4.4280760639991437e-02	
   1.0946512170161482e+00	   7.1968570229514706e-01	   1.5120532433727363e-01	   2.8110613170864424e-01	   5.2861196964082613e-01	   6.6660919735855195e-01	   4.0736387645058264e-01	   4.8086199816403874e-01	   3.8916169671788264e-01	   5.4700324640346620e-01	   1.2184299624481441e+00	   8.2586707056441444e-01	   0.0000000000000000e+00	   9.8050483695161428e-01	   9.7063986117495205e-01	   1.0571274884231030e+00	   4.8798299247388910e-01	   2.8562361140176679e-01	   2.0822512614418401e-01	   2.9514880692785816e-01	   3.5322093451697367e-01	   4.5549784602748783e-01	   3.2445317297608378e-01	   3.4310520871058897e-01	   3.6559932968837827e-01	   1.7970564075900317e-01	   4.7328603108347783e-01	   6.1477620733009730e-01	   4.2034923708841793e-01	   5.1863247500743459e-01	   1.1932476379957449e-01	   2.3744657199775882e-01	   2.9814391595364509e-01	   3.6288016967572345e-01	   1.7670345949513533e-01	   2.1926062419417366e-01	   5.5408011541798219e-01	   5.6751383533776023e-01	   6.9360723136249491e-01	   6.2616707943586558e-01	   4.0766396660679971e-01	   4.6916497086854059e-01	   1.3793539767634130e-01	   1.8690734375505183e-01	   1.3400425655987894e-01	   2.0435492816146816e-01	   1.0455326899225015e-01	   2.5658224988065015e-01	   3.2667113061112968e-01	   2.8095056522626938e-01	   3.5095236063186186e-01	   3.4380448785256812e-01	   1.4143302098623803e-01	   1.8454704992703214e-01	   5.5337686382111784e-01	   5.5420224310206534e-01	   5.2665567013750325e-01	   4.7570735835811506e-01	   5.6316409755762131e-01	   3.3017388166085054e-01	   8.2972879785380504e-01	   4.9796972366661985e-01	   3.9076745345997904e-01	   2.5927567379956662e-01	   2.6515998365612620e-01	   4.2316616183610845e-01	   1.4970736277659427e-01	   2.3325385225062434e-01	   6.2273527759628633e-01	   4.1195337492572653e-01	   2.1366960644919958e-01	   4.1349076296729803e-01	   4.3783028508238087e-01	   3.8982711633006001e-01	   5.8349557288027087e-01	   4.1261566988598758e-01	   3.9480282413618750e-01	   4.2293421181404972e-01	   5.8478343634045782e-01	   2.8647410169343418e-01	   5.4622254108433499e-01	   5.0706065284878388e-01	   5.1669099737252844e-01	   5.8151443728936825e-01	   7.1521250136263792e-01	   7.4873633045603727e-01	   4.7437484223250859e-01	   3.5728608423188757e-01	   5.4499774143619750e-01	   6.6599942946274238e-01	  -7.8587832592880172e-02	   2.0653370817254121e-01	  -2.5894973932719452e-02	   1.1978921368682276e-01	   4.2088915104024960e-01	   1.7592571601438323e-01	   3.8147367878693456e-01	   4.6929155826770652e-01	   1.1952302254128341e-01	   2.2551392564850650e-01	   4.3419571211459028e-02	   2.0746059252983359e-01	   7.9668106644784936e-02	   3.2809518191178755e-01	   2.4773862656608442e-01	   2.2209153828973588e-01	   3.2245564784534991e-01	   4.6313471523483540e-01	   1.7746839645824553e-01	   6.8466798417126551e-01	   5.2190297260608676e-01	   1.1280663773079225e-01	   2.5135760883033864e-01	   4.6631303029386489e-01	   5.6187273058452014e-01	  -5.8115544798382414e-02	
