   0.0000000000000000e+00	   1.2614369524801650e+00	   1.2350333319517086e+00	   1.0913963823525499e+00	   1.6641215503931037e-01	   7.9776274924279134e-01	   9.7125142325260794e-01	   1.2974361817416287e+00	   5.3097803633882101e-01	   8.1678274495184511e-01	   6.6179460080513774e-01	   1.0071167041556892e+00	   6.9095260730405650e-01	   6.6851626056054347e-01	   6.1741736528486257e-01	   8.4653929734585076e-01	   1.0772098809476265e+00	   8.2113657963796172e-01	   1.8053270691741461e+00	   1.4574977437655778e+00	   4.4759461132841544e-01	   2.5013211487897657e-01	   1.0048408139586098e+00	   9.8712202908137603e-01	   5.2130219750612872e-01	   4.9209789051350356e-01	   2.0688439874729558e-01	   1.8645428547637528e-02	   9.5627356566348631e-01	   8.6945255963726098e-01	   9.3663381977094207e-01	   8.6132586195328853e-01	   1.1270523318233907e+00	   1.0430592920837185e+00	   6.0450384470013974e-01	   6.7860144839239167e-01	   8.7799019474848827e-01	   6.1611959366728186e-01	   9.1316128710618494e-01	   9.9992384717636462e-01	   1.0584995192890656e+00	   8.6578592259843723e-01	   8.6607481960634969e-01	   7.3250377985741522e-01	   6.4268216631170672e-01	   7.0494604315947051e-01	   7.1765422794602596e-01	   9.3086510329901173e-01	   7.2983139526498042e-01	   6.9281088893097831e-01	   9.3783418289124154e-01	   8.5084930448494778e-01	   7.9916946515709364e-01	   8.2801798316711506e-01	   8.4394270230763091e-01	   9.9024002312306136e-01	   1.6105901911642064e+00	   1.0696202968874604e+00	   9.6713655088541173e-01	   8.6368847985827424e-01	   1.2966732776393375e+00	   1.1526131777902344e+00	   1.1096941368738029e+00	   1.3397138940455191e+00	   6.6289715456888421e-01	   1.0135956025848254e+00	   9.3534436741601490e-01	   9.8764551922959609e-01	   1.3033791284005556e+00	   1.1510384884081120e+00	   5.7791604807267560e-01	   6.9351857546426277e-01	   7.1507322147259178e-01	   6.6666926303717489e-01	   8.5060023624619796e-01	   6.6628807296358261e-01	   1.1201031007381248e+00	   1.1843312133542248e+00	   9.4266119954759031e-01	   6.9635830418313593e-01	   9.5517135103904371e-01	   1.0949264780224388e+00	   9.0203175782544476e-01	   9.2682520684487857e-01	   9.6018114028860646e-01	   1.1731803129512435e+00	   6.7311068603137680e-01	   8.2532246254756236e-01	   1.1103481417344163e+00	   1.2220896250624198e+00	   8.0545041119107186e-01	   6.4970274877304535e-01	   5.0515591978142438e-01	   5.6578218282845683e-01	  -2.9502177429737337e-02	   1.8936203884311808e-03	   5.6649208544923513e-01	   7.0205564527746367e-01	   9.4619031643805973e-01	   7.5659973859985608e-01	   5.0704037212352959e-01	   5.2218080380228349e-01	   4.6383267558325880e-01	   3.4080955791104833e-01	   1.6437740317648608e-02	  -1.4398258344911902e-01	  -4.5108086268225794e-02	  -2.7043966086687166e-01	  -3.1052909400083101e-01	  -1.1090202150105402e-01	   7.5503767192380378e-01	   1.3619500936412196e-01	   3.3139950240510585e-01	  -4.4241766855565523e-02	   2.3251469060439278e-01	  -6.8252287447686288e-01	
   1.2614369524801650e+00	   0.0000000000000000e+00	   1.0183028562297722e+00	   1.1279700580305867e+00	   6.9766861605410693e-02	   5.7190503103325407e-01	   7.7265486670538885e-01	   1.0926649231064318e+00	   4.3356489495630568e-01	   7.8623843098060209e-01	   6.0720897737278023e-01	   9.6492546231279974e-01	   5.3572624568424421e-01	   6.9811300698997902e-01	   6.3175028180176385e-01	   8.3623167293207357e-01	   1.1044607645979831e+00	   1.2081888219492500e+00	   1.2291837480951702e+00	   1.2237244584365692e+00	   3.4687293609825348e-01	   2.1776255128004041e-01	   1.0424171577604062e+00	   1.0931234658929181e+00	   4.2168409270161500e-01	   4.4050716650604732e-01	   1.9102089030636993e-01	  -5.4848831508492200e-02	   9.5822724369171408e-01	   9.3142978163775547e-01	   9.4480220467786524e-01	   8.8145857557228713e-01	   1.0223095482052402e+00	   1.0043493082991166e+00	   6.2590611825808684e-01	   6.7678003621801619e-01	   8.0588768047997117e-01	   7.5096541080397139e-01	   8.7727121369836891e-01	   9.7533395767063569e-01	   9.1810020678434034e-01	   9.3013240381017126e-01	   5.9895313472903078e-01	   5.3423804965843247e-01	   4.6606559680509135e-01	   5.0429627306089819e-01	   5.6551356641324269e-01	   7.2199327777450462e-01	   4.9416623108301838e-01	   5.1325008436382447e-01	   7.6682661155334075e-01	   6.5096609491053348e-01	   7.2301291430748837e-01	   6.3514324816062662e-01	   7.7151166421439932e-01	   9.2505350263188313e-01	   1.3458470423693982e+00	   1.3809663657738587e+00	   6.2005933216436071e-01	   6.0134272023667235e-01	   9.0280048202480478e-01	   7.2471689821027385e-01	   9.8931891896703350e-01	   1.1130518883827498e+00	   7.3665888076757324e-01	   8.5339853157430234e-01	   7.6218888626661063e-01	   7.3661716588195203e-01	   9.9623478815669098e-01	   9.3087309384565131e-01	   6.1511912979997529e-01	   6.9065840269621903e-01	   7.7749904015950522e-01	   8.5218523008765512e-01	   9.5777499884961925e-01	   8.2467230098778443e-01	   1.0168087591572481e+00	   1.1401299106415246e+00	   1.0350303774202951e+00	   9.2853065017300418e-01	   9.1380819854666884e-01	   1.1942933912137783e+00	   7.8381278943315724e-01	   8.3963927860247989e-01	   9.9127524052053961e-01	   1.1629627433851548e+00	   8.3608614118581670e-01	   9.9832705782715681e-01	   1.1671833950684205e+00	   1.1342063446754611e+00	   7.0783013472845180e-01	   5.3847939754914009e-01	   5.7063810096296308e-01	   4.8050237231484993e-01	  -5.3130922274712278e-02	  -3.6841146370807001e-02	   5.5741750991148797e-01	   6.2239688049406439e-01	   9.0728955265701827e-01	   6.5851690970992283e-01	   4.6944386345423339e-01	   3.8791249447253562e-01	   5.1662098456964400e-01	   1.9570722984006764e-01	  -2.5347174058075819e-02	  -1.6454552808603998e-01	   3.6558426016626727e-03	  -3.0702009959291077e-01	  -2.0248242035533187e-01	  -6.3212282927486305e-02	   6.2832430490962021e-01	   2.1821193577081944e-03	   2.3741826563686924e-01	  -2.6676330967436854e-02	   2.0054648116826856e-01	  -6.1697626996568011e-01	
   1.2350333319517086e+00	   1.0183028562297722e+00	   0.0000000000000000e+00	   1.1175735160346991e+00	   4.7042692469000114e-01	   1.1169504006041489e+00	   1.4685027051919957e+00	   1.4731479591913406e+00	   8.7311309593875319e-01	   1.0328186679908515e+00	   6.0219439402382158e-01	   8.4783136319771712e-01	   6.5710274886327535e-01	   5.5517809489739556e-01	   6.7648766214386735e-01	   7.2698230806981090e-01	   7.6599056035870750e-01	   6.9058463934790337e-01	   1.5008164201602534e+00	   1.3906484930696799e+00	   5.0462231623593445e-01	   2.9817001590018699e-01	   1.5377843468616685e+00	   1.3587143701417492e+00	   9.1986792693318753e-01	   8.4744158067880693e-01	   4.7976166514759733e-01	   2.4867052039526782e-01	   6.5510725028013295e-01	   5.9197369364433006e-01	   1.1013772814459155e+00	   1.0042245669113843e+00	   9.9359377504685398e-01	   8.7272899792785164e-01	   7.7077839935542314e-01	   7.7363974346628128e-01	   6.6671436204024703e-01	   5.3234968861950938e-01	   7.4276242996883435e-01	   8.1093974595709439e-01	   8.2241073278071808e-01	   6.0756648598307916e-01	   6.7551646436045398e-01	   6.0176473560209720e-01	   6.7384637714281093e-01	   7.4651063805675943e-01	   5.0401715808343162e-01	   7.0998072211713370e-01	   6.1131068541681055e-01	   6.9886392577627587e-01	   8.4516032451134171e-01	   8.1598056735247582e-01	   6.8721868303764455e-01	   7.4029382683811318e-01	   6.8381651330209492e-01	   8.5067612648063662e-01	   9.9659340865475210e-01	   9.8684515645558579e-01	   8.2678709516984283e-01	   8.5227530164810261e-01	   1.0238640417743279e+00	   1.0505873002954356e+00	   8.5835307623259971e-01	   9.6736706832948305e-01	   8.9461317880704050e-01	   1.1730491739332640e+00	   1.1476853795472099e+00	   1.0420621361745790e+00	   1.2386656573544315e+00	   1.2640934304507252e+00	   5.6608911541081963e-01	   7.0408659847057498e-01	   3.8368551333080358e-01	   3.9307128562933202e-01	   5.5537538015218613e-01	   4.5365903632331989e-01	   9.3402941841488096e-01	   9.1634557392875327e-01	   8.4285381121224112e-01	   5.1725955075698138e-01	   7.3194628942051576e-01	   9.2572158526853787e-01	   8.8905021667662731e-01	   9.5471214709764918e-01	   9.8068631605195900e-01	   1.1554050113894327e+00	   6.5183968631392619e-01	   8.6358732341673639e-01	   1.1106122316242300e+00	   1.4331813725733711e+00	   9.4654852606948547e-01	   9.4568254923391659e-01	   7.1961049989476589e-01	   8.9492012817947275e-01	   1.6692379048555809e-03	  -4.5633780380997378e-02	   6.0033329781172695e-01	   6.1637590512642926e-01	   9.6537911289652201e-01	   7.8847418758931354e-01	   5.9546212974287371e-01	   7.3871064247830198e-01	   5.7738808338402370e-01	   4.6692630640503252e-01	   1.5534541791654904e-01	   1.1117112779982832e-02	  -9.2181147044537295e-02	  -3.5138834661051810e-01	  -2.5980605899110920e-01	  -8.1126446278533632e-02	   9.9806293992696604e-01	   1.6491180827896085e-01	   5.0760059691661108e-01	   1.3428246532615734e-01	   3.5314932935495968e-01	  -5.9439450167124686e-01	
   1.0913963823525499e+00	   1.1279700580305867e+00	   1.1175735160346991e+00	   0.0000000000000000e+00	   1.3075056735574128e-01	   7.6970474458149207e-01	   8.7185614898329844e-01	   1.3662655891320850e+00	   5.5397199261803753e-01	   9.1223864626043238e-01	   5.7858885351822509e-01	   9.8862957858811051e-01	   5.5668107926362098e-01	   6.3909254214910749e-01	   6.5420455560007218e-01	   7.9048368902300148e-01	   7.3632643900074179e-01	   7.5658707164060746e-01	   1.1503329683715200e+00	   1.0378437145093486e+00	   5.6158341609909668e-01	   4.1086051521952488e-01	   1.0849789052015224e+00	   1.2619299397258845e+00	   5.9784557742715627e-01	   6.4446619209990008e-01	   3.6560469749791663e-01	   1.1687693532077449e-01	   7.2552178191497196e-01	   7.0719453963481682e-01	   9.3754159472312160e-01	   9.7330035248544799e-01	   8.8356426370533947e-01	   8.4734777058187305e-01	   5.1754713882979009e-01	   5.9303347306395848e-01	   7.4638367277796425e-01	   6.4877533307950053e-01	   8.6662220942961998e-01	   9.0713328171391117e-01	   7.3114054284963137e-01	   7.5602764805164657e-01	   7.6607381162012256e-01	   6.5817479078256202e-01	   5.3897580707177339e-01	   6.4730464510579611e-01	   6.9277035383679797e-01	   7.9625581312145643e-01	   6.3356285481723207e-01	   5.9346274913110220e-01	   8.6938683418938345e-01	   8.0177271427367724e-01	   7.3622091177440774e-01	   5.7532668116522534e-01	   9.0052958041303832e-01	   8.7921025960325871e-01	   1.0413826667344219e+00	   9.6566389091543692e-01	   7.2665209803316977e-01	   7.0318973536899088e-01	   8.3002802164946055e-01	   8.4095362975086496e-01	   8.3256458749880657e-01	   9.8098469186103598e-01	   7.8731374033163204e-01	   1.0050595951916295e+00	   7.7599996760675716e-01	   7.7016650145036547e-01	   8.7909779118248710e-01	   8.4559307147022744e-01	   6.4534803490860071e-01	   7.4314364825943302e-01	   5.8801955647063830e-01	   5.7896938196407510e-01	   6.8333076398018233e-01	   6.2817438461007913e-01	   7.5254806894068549e-01	   8.1983768643534627e-01	   7.1132634033782582e-01	   6.3427438786175794e-01	   7.4405444855519798e-01	   9.1068042494251400e-01	   8.7314222566146238e-01	   8.3827253665459067e-01	   9.7988220139953031e-01	   1.1467013227368155e+00	   7.6084559023880061e-01	   8.9286738450602887e-01	   1.1027926133977799e+00	   1.0671515777274161e+00	   7.1081952984014984e-01	   5.2577324587501140e-01	   5.7526520989681384e-01	   4.7376051899001187e-01	   5.1594331372998688e-02	   1.1160609986236514e-01	   7.1801950406469550e-01	   6.3252050027423956e-01	   9.0027900640172587e-01	   6.1998751720057255e-01	   5.3780374372511208e-01	   3.9841095630733536e-01	   4.6210879228005841e-01	   2.4788053615467021e-01	   2.6440081697259022e-02	  -9.7057507406415638e-02	   4.4597024519236446e-03	  -3.6857225428956214e-01	  -1.7582951106614475e-01	  -1.1110126512102138e-01	   5.7884668314244392e-01	   1.0309624832646648e-01	   3.0238653817901961e-01	  -3.1729580585156986e-02	   2.1696332618167269e-01	  -6.1926799948553257e-01	
   1.6641215503931037e-01	   6.9766861605410693e-02	   4.7042692469000114e-01	   1.3075056735574128e-01	   0.0000000000000000e+00	   7.1783775612086831e-01	   6.6418656057775594e-01	   2.7368494752262035e-01	   7.5480587520668019e-01	   1.7142625408168358e-01	   1.0941110978307661e-01	   1.9647865607281112e-01	   4.2869646252864785e-01	  -1.2249278069795842e-01	  -1.3327820780293415e-01	  -2.3952734745141047e-01	   1.5132457086338108e-01	   1.9657869963252174e-02	   2.3149429357454826e-01	   1.4531745901720028e-01	   1.8348746839565228e-01	   8.8926177393588046e-02	   2.3665948423930566e-01	   1.8408458169162226e-01	   1.0622479771290292e+00	   9.5085717647968337e-01	   1.1323675557264332e+00	   1.2614611651456269e+00	  -1.8043344724337978e-02	  -1.5644862929809440e-02	   3.5411056711257477e-01	   3.8617779222366716e-01	   1.4490637838030640e-01	   1.5327207118240288e-01	   6.5182124495426055e-02	   5.9661134330343188e-02	  -1.3771291370257172e-01	  -2.1618325110801062e-01	  -8.1061839759164547e-02	  -1.7695025149298149e-01	  -7.7887824587709500e-02	  -2.9484787061773737e-01	   1.4043887722517837e-01	   2.0107545684767200e-01	   1.3637311657271897e-01	   1.4556785912685416e-01	   6.2512820500277830e-02	   1.4226549559886859e-01	   4.7496654844921479e-02	   2.4552141530110841e-01	   6.1517374965404922e-02	   2.0589153034440669e-01	  -6.5869793839223131e-02	   4.6795265144379754e-02	  -1.3509178361515856e-01	  -8.8479571691515449e-02	   1.3591958803575663e-01	   8.3106840463503889e-02	   9.2872095991078055e-02	   1.6255081224091184e-01	   1.8312301656228147e-01	   2.3270708611912583e-01	   1.3534771911653687e-01	   5.6267951755764961e-02	   8.9814770203887173e-02	   2.0487187205547169e-01	   1.8006031928020605e-01	   1.1982670512502466e-01	   1.4282219974869112e-01	   1.3915155730993822e-01	   1.3607634907899779e-01	   1.4764859003948155e-01	  -1.1713005368393192e-01	  -4.5950093189508837e-02	  -4.2635786093007000e-02	  -2.1544153225714058e-02	   1.4866960239028298e-01	   1.0065575080956764e-01	   1.4357043059733107e-01	   4.9698516632616228e-02	   5.6638868443125677e-02	   8.0777892246036848e-02	  -9.9944700321488666e-02	   1.2140117021119393e-02	   1.8009587809192422e-02	   1.1402254362935800e-01	  -1.5699355044021968e-01	  -9.4923795261657642e-03	  -6.2073100157633296e-03	   1.9353394951738839e-01	   7.3604251630950385e-02	   2.2806495201496982e-01	   7.6006254247485569e-02	   2.3575506206017477e-01	  -6.8778574445082979e-02	  -2.0164905623106849e-01	   4.6994372249735190e-02	  -7.6502263392145192e-02	   9.4570983143476395e-02	   1.6719280228690103e-01	   1.6898114737957359e-01	   1.6677574208426418e-01	   1.3866978244648043e-01	   1.2197343895771515e-01	   2.3685805356675516e-01	   1.9343773747601334e-01	   5.8584641027176171e-02	   1.2366914638254620e-01	   3.0954738082107264e-02	   1.2864984012646685e-01	   2.8773612549788730e-01	   8.9216619492462013e-02	   3.2240644648290540e-01	   2.9136802435739989e-01	   3.6706120014482446e-01	   1.1842749884286722e-02	
   7.9776274924279134e-01	   5.7190503103325407e-01	   1.1169504006041489e+00	   7.6970474458149207e-01	   7.1783775612086831e-01	   0.0000000000000000e+00	   1.0108492560918663e+00	   1.0567691738595197e+00	   1.1403941466421061e+00	   1.0688649042673419e+00	   3.3149308911733200e-01	   5.9162265094569733e-01	   5.5244419199608064e-01	   3.0569217587312575e-01	   4.1809873597065589e-01	   4.1950399317002540e-01	   4.9849359812859789e-01	   3.5732892914289732e-01	   8.8568502897471091e-01	   8.1131653090107225e-01	   5.2817221701394002e-01	   2.9722723315562855e-01	   8.6646127833870967e-01	   7.8232620146833465e-01	   1.1153527062585580e+00	   1.0258354042301259e+00	   7.3370903372406937e-01	   6.1286300029657070e-01	   3.8990653667413128e-01	   3.6071602611063980e-01	   8.4934476317314433e-01	   8.1689437672169407e-01	   6.8887635336485076e-01	   6.4604570263552819e-01	   5.6349111328510104e-01	   6.1674070497099076e-01	   4.1479837590271562e-01	   3.1499928542812550e-01	   4.9232120201210283e-01	   5.1774341347362718e-01	   4.7196714848870625e-01	   3.1194159231703805e-01	   7.3291958545309122e-01	   7.0468721778890897e-01	   7.0867596944457989e-01	   7.2419108900061746e-01	   4.5146909833761317e-01	   6.6773814665848041e-01	   6.0769703736123359e-01	   7.2875918244549875e-01	   6.7692053204737934e-01	   7.6633423852899518e-01	   4.6070530379242702e-01	   6.6831053298784138e-01	   4.2861397961078318e-01	   5.7729642840699802e-01	   6.5841844028127916e-01	   5.6784795797445942e-01	   6.3019360108009703e-01	   6.4095566665558013e-01	   7.4715904440730996e-01	   9.6696490728461160e-01	   5.0780627934123435e-01	   5.8395717781297352e-01	   6.3000750209197109e-01	   1.0165947074055099e+00	   8.0626934956505081e-01	   7.6962240411402738e-01	   7.9938320939352903e-01	   8.0273336422860964e-01	   3.5927460017801999e-01	   4.9460525872796368e-01	   2.0950932574919651e-01	   2.1651437797543530e-01	   3.2752170885653203e-01	   3.3090422502606381e-01	   6.6842554804290166e-01	   6.3571073362668962e-01	   5.8857214413513970e-01	   3.3056978275555643e-01	   5.1523953187022120e-01	   5.9457583135319281e-01	   5.3233699080105301e-01	   6.6922227224692010e-01	   5.8143087508873126e-01	   7.2815469994257298e-01	   3.4163525904633163e-01	   5.4645823423246020e-01	   5.6682742223468430e-01	   8.2460700885457217e-01	   5.8601118641673045e-01	   7.6014896523740916e-01	   4.9610690575047461e-01	   6.2064158556661420e-01	  -5.4293387061754739e-02	  -4.6127579553439005e-02	   4.9079621538350837e-01	   4.1356101680015467e-01	   6.6216342718531629e-01	   6.8002049940028619e-01	   4.3384873235414773e-01	   3.8624570482906884e-01	   3.7098796567863335e-01	   3.2298634108054669e-01	   2.2450100433732018e-01	   8.2905995967635926e-02	  -2.8282108667361444e-02	  -2.1847316667451161e-01	  -1.3787820405461773e-01	  -1.1147360169566294e-01	   8.4451363311612915e-01	   1.2522921531367603e-01	   4.0010606358321782e-01	   9.8107130973650564e-02	   3.7357447970818503e-01	  -4.0901060954615254e-01	
   9.7125142325260794e-01	   7.7265486670538885e-01	   1.4685027051919957e+00	   8.7185614898329844e-01	   6.6418656057775594e-01	   1.0108492560918663e+00	   0.0000000000000000e+00	   1.2663959861856449e+00	   8.6580790266564789e-01	   7.6135443336845832e-01	   5.9536002493639817e-01	   8.2440021980651346e-01	   8.4833683794152925e-01	   4.6264560915107256e-01	   4.3690860895070710e-01	   4.6840214119983958e-01	   6.2368328573113196e-01	   4.9456926652206690e-01	   1.0403525907892279e+00	   8.8251067696898600e-01	   3.0422604032216222e-01	   1.1016186010200217e-01	   9.1970172512910975e-01	   8.2524388644189628e-01	   8.5482626635494863e-01	   8.1683053171218056e-01	   5.3167286879439613e-01	   3.5131084452325989e-01	   4.9910023219479183e-01	   4.3038202508704437e-01	   8.3331414267469772e-01	   7.9644013397087710e-01	   7.4036838604348132e-01	   6.7553434583770178e-01	   4.5963203632951849e-01	   4.8199012680983855e-01	   3.5462053256929910e-01	   2.4730735940403972e-01	   4.5571279013025079e-01	   5.0054632524217546e-01	   4.8755560251781904e-01	   3.2284773552791546e-01	   5.4049876852582901e-01	   4.8971272933962251e-01	   4.6721834579467170e-01	   5.1622371300175440e-01	   4.1766610555484479e-01	   5.4962429309245886e-01	   4.0760091665079351e-01	   5.1513120074841412e-01	   6.1701205290341254e-01	   6.1867982304963842e-01	   4.6183962846369236e-01	   4.8218264069148342e-01	   4.2734976481920528e-01	   5.5760648434812998e-01	   7.4231765665642802e-01	   6.9523109997090926e-01	   5.8845177287487416e-01	   6.3237444154234146e-01	   8.4473287774049877e-01	   9.0847182379558267e-01	   6.8538757688337637e-01	   7.0423029661051473e-01	   6.7196169894169222e-01	   9.1668425677737886e-01	   7.6097228199212352e-01	   7.1708405722270352e-01	   8.5802189341821089e-01	   8.2186434490482263e-01	   4.6333976202725657e-01	   5.7212531927735000e-01	   3.2455592541913902e-01	   3.4107646264765878e-01	   4.8258464077799823e-01	   4.2021759499176925e-01	   7.6786654981099645e-01	   6.9670231699872642e-01	   5.6003128522539558e-01	   3.6656198385440597e-01	   5.0539654288768876e-01	   6.5482645331285372e-01	   5.0092460369476655e-01	   5.7415122816674724e-01	   6.3990582020381614e-01	   8.1604048419266761e-01	   3.4464923111288898e-01	   5.3154874127175278e-01	   7.4190014959342532e-01	   9.7274808278081948e-01	   5.6928077538771893e-01	   5.7600597794409547e-01	   3.9498543004113729e-01	   5.6015125915054520e-01	  -7.3543730158188436e-02	  -1.7769534261222905e-01	   3.9899985445398983e-01	   4.1027223348009595e-01	   6.3869705727304515e-01	   5.1951735906526042e-01	   4.1577923773236380e-01	   5.3741921565976858e-01	   3.5654012234133020e-01	   2.6469401066684828e-01	   7.2545197725278690e-02	  -6.0383142090095633e-02	  -1.4337746592908257e-01	  -1.8491006626465456e-01	  -1.6940187837762158e-01	  -1.0577461562870352e-01	   6.2151186281550541e-01	   8.8110164191487275e-02	   4.0924390990533710e-01	   2.5409251509466227e-02	   2.4942691292921687e-01	  -5.2534817892776953e-01	
   1.2974361817416287e+00	   1.0926649231064318e+00	   1.4731479591913406e+00	   1.3662655891320850e+00	   2.7368494752262035e-01	   1.0567691738595197e+00	   1.2663959861856449e+00	   0.0000000000000000e+00	   8.4556619923301635e-01	   1.1370810857613320e+00	   5.7677000195019468e-01	   9.4989031333184093e-01	   6.7540833187607197e-01	   6.2859665031448564e-01	   6.9291693060984227e-01	   8.2573216256464455e-01	   7.5423729688626273e-01	   6.4906048705466823e-01	   1.3527656320919981e+00	   1.2135902293822969e+00	   4.5352720684374187e-01	   2.5644055615944872e-01	   1.3091320590141251e+00	   1.2185639400139825e+00	   7.0466276315453913e-01	   6.8948076703816008e-01	   3.5148169678184371e-01	   1.4048816954280405e-01	   7.2589964323331613e-01	   6.2823636802615990e-01	   1.1203531712838659e+00	   1.0609620550569090e+00	   1.0856198543703872e+00	   9.7454960832788928e-01	   6.8498528191870311e-01	   7.7434448738542516e-01	   6.9473263259261175e-01	   5.4884105213816003e-01	   8.4463203638848428e-01	   9.4201179927125056e-01	   8.1910741219068395e-01	   7.0024127073771658e-01	   7.5947902480481089e-01	   6.2940911257935228e-01	   6.3909362687411042e-01	   7.0313410318401670e-01	   5.5352960948230956e-01	   7.4293865871925990e-01	   6.2475771195534457e-01	   6.4307739107998285e-01	   8.8464565730843137e-01	   8.2710635899891605e-01	   6.4361605638185015e-01	   7.4961643253571109e-01	   7.0469098390324991e-01	   9.4623741503306846e-01	   1.0284503240231204e+00	   9.5691492651422316e-01	   7.8804713011728778e-01	   7.7280232427710682e-01	   9.9850032131204047e-01	   1.2066014172147073e+00	   8.1014938377638646e-01	   9.6179954731429318e-01	   9.2575938077080755e-01	   1.4639659065005763e+00	   1.0145944758577827e+00	   1.0003569312576563e+00	   1.1715717907266292e+00	   1.1108413425275738e+00	   5.9913932563915351e-01	   7.7554849566288597e-01	   5.5259008731241022e-01	   5.4975205107380132e-01	   7.2721785660279981e-01	   6.8461872690661874e-01	   9.8795574727697300e-01	   1.0248571458949420e+00	   7.7777702961376904e-01	   5.2881597421572946e-01	   7.7112031592764796e-01	   9.4491832949035381e-01	   8.3799286884022239e-01	   9.5097002860544089e-01	   9.9882218403491563e-01	   1.1704959810029327e+00	   7.2453645299254599e-01	   9.3263818362236217e-01	   1.1101181141612830e+00	   1.2944969906164043e+00	   7.1305254248880501e-01	   6.6842914659984154e-01	   5.2776662915484074e-01	   5.7493094291237701e-01	  -9.7422338679311701e-02	  -1.4838301542863716e-01	   5.1489365217488459e-01	   5.7705671347078291e-01	   8.2049798687525954e-01	   6.3752029338818517e-01	   4.3697548583354706e-01	   4.3512741823335765e-01	   3.7881166465180499e-01	   2.3780238644695947e-01	  -1.9556709601615870e-02	  -1.7033439318582308e-01	  -1.0145067651704615e-01	  -3.3284372710667182e-01	  -2.5192214828188408e-01	  -1.7294217800838341e-01	   7.2269988335992941e-01	  -4.2684916509431861e-02	   2.5457527159009508e-01	  -1.1012785376355785e-01	   1.9644050144286601e-01	  -8.0851124240634176e-01	
   5.3097803633882101e-01	   4.3356489495630568e-01	   8.7311309593875319e-01	   5.5397199261803753e-01	   7.5480587520668019e-01	   1.1403941466421061e+00	   8.6580790266564789e-01	   8.4556619923301635e-01	   0.0000000000000000e+00	   7.5577314197966938e-01	   2.1634598791848764e-01	   3.5875699546550088e-01	   4.7475201188471561e-01	   1.5076772555871923e-01	   3.5195738920999708e-01	   2.7184936378233421e-01	   3.9358070680485974e-01	   1.8521189469218094e-01	   6.2223092300625049e-01	   5.7657059176394876e-01	   2.7085552073632529e-01	   8.9855527859788120e-02	   6.8439193822318889e-01	   5.8984369731527708e-01	   8.2755651707990330e-01	   7.5844503007426178e-01	   7.2794861924050036e-01	   6.3409385299512289e-01	   3.0797573956071173e-01	   2.0253015335173799e-01	   6.2720192494067462e-01	   6.3650688216077400e-01	   4.9516501670424407e-01	   4.6573177031220409e-01	   4.1102931970446899e-01	   4.4640135276349452e-01	   1.5441460777896937e-01	   4.4639638836621393e-02	   2.9396126281411089e-01	   2.5758045126131607e-01	   2.6524650142541045e-01	   1.1096836482768946e-01	   3.3318394720262534e-01	   3.1122521673839931e-01	   3.1039021651137672e-01	   3.2331306547173638e-01	   1.2312313999267964e-01	   3.0239137078052614e-01	   1.7168875773050390e-01	   3.8540799336858739e-01	   2.3883482768495673e-01	   3.5145792922946295e-01	   9.1968049230604920e-02	   3.5101914997128247e-01	   8.2463974389251821e-02	   2.6108024199233804e-01	   4.7225045728749582e-01	   4.0969593624976691e-01	   3.2361768187335238e-01	   4.3463406630213658e-01	   4.9471292146403623e-01	   7.2066326879880005e-01	   3.4893724401416526e-01	   3.4969413983805986e-01	   5.2289141890725499e-01	   7.1671108094332892e-01	   4.9262317075433282e-01	   4.3617540619648343e-01	   5.5961065950065603e-01	   5.1280301469804401e-01	   2.4062815796220199e-01	   2.9814190668978857e-01	   1.0944421151562000e-01	   1.2527415612416759e-01	   2.9344589919708164e-01	   2.6842470557098641e-01	   5.1350858438291025e-01	   4.4431128704823730e-01	   4.0656337721295416e-01	   1.6122011049508703e-01	   3.1167644515146015e-01	   3.4013043660000886e-01	   3.3069188695978452e-01	   4.9715105203316334e-01	   4.0478845806575625e-01	   4.4363293180349339e-01	   2.9440488866931003e-01	   4.3425532585775967e-01	   4.3016247501234484e-01	   6.1767115799353278e-01	   2.5486800230894086e-01	   4.7502773304986079e-01	   2.7202343232309167e-01	   3.9853972140387472e-01	  -2.1568871541091006e-01	  -2.2200586729624680e-01	   1.2936813662304292e-01	   7.3045793905215151e-02	   2.9795962858544184e-01	   3.1274456307872944e-01	   1.6363043759488632e-01	   1.6561021459638894e-01	   1.7598205192395780e-01	   8.3710926702245808e-02	  -6.0258775467899053e-02	  -1.2859286395299621e-01	  -1.2314617651191796e-01	  -1.8100308842124641e-01	  -1.6688804442236024e-01	  -1.3432867545610680e-01	   4.3627290512626637e-01	  -1.4894191188623065e-01	   1.0616280808263301e-01	  -6.9612738154159623e-02	   1.7439699928581598e-01	  -4.2702675454447153e-01	
   8.1678274495184511e-01	   7.8623843098060209e-01	   1.0328186679908515e+00	   9.1223864626043238e-01	   1.7142625408168358e-01	   1.0688649042673419e+00	   7.6135443336845832e-01	   1.1370810857613320e+00	   7.5577314197966938e-01	   0.0000000000000000e+00	   3.4964178316900085e-01	   5.6647428160638169e-01	   3.9287212152356304e-01	   4.6542373012065397e-01	   7.3577067275665908e-01	   7.5937437005068908e-01	   4.9089237571282629e-01	   4.7000477757797726e-01	   9.4717123319912733e-01	   1.0396252106555601e+00	   3.4658167545338364e-01	   1.7363617545561566e-01	   9.7847689480597433e-01	   9.0091062772921826e-01	   5.2223425692884529e-01	   4.9381671358871770e-01	   2.0234239310807262e-01	   7.6332093295957720e-02	   4.4377735261644347e-01	   4.1067118826133142e-01	   7.4186107971533299e-01	   6.6902521725345365e-01	   7.4880988376674928e-01	   6.6652972838973268e-01	   7.3578614609416759e-01	   8.4090995249430844e-01	   4.9257008491877174e-01	   4.6813338985340525e-01	   6.0210165695560303e-01	   7.1016321624389322e-01	   6.0590185503096428e-01	   5.5074091544651871e-01	   6.3531787201761325e-01	   5.2589604224897157e-01	   7.4435564042857760e-01	   7.6675716721733644e-01	   3.9299402960904883e-01	   5.4388506912072532e-01	   6.5466744594632675e-01	   7.1220468298252004e-01	   7.3912126389799382e-01	   7.0648027755972787e-01	   6.1244572545171005e-01	   7.6774227227331104e-01	   5.3984133422956604e-01	   7.1378410980403495e-01	   6.7895265972335495e-01	   7.5156151179125541e-01	   6.8027253711415880e-01	   7.3060119050969718e-01	   8.4410171299110770e-01	   1.0755482390990692e+00	   4.7257273151298668e-01	   6.6224715350734109e-01	   9.0268521214475927e-01	   1.2272890947783890e+00	   9.2009802921204253e-01	   8.9934503195600468e-01	   9.3147524105629642e-01	   9.9397919950589020e-01	   2.6282010066740408e-01	   4.1590430144411494e-01	   2.1511962548657315e-01	   2.3132218946866576e-01	   3.7743251149389090e-01	   3.5555477543328723e-01	   7.0204136634841441e-01	   6.6433276886490955e-01	   5.9818893842222909e-01	   3.6221036772452320e-01	   5.1817275338383861e-01	   6.5492225487134781e-01	   7.8789265725396751e-01	   9.0090200703818468e-01	   7.3960327291748518e-01	   8.2790609992630737e-01	   6.0075208259020174e-01	   7.4415659815357871e-01	   7.9353881615159860e-01	   1.0049662927259464e+00	   7.9414327750839453e-01	   8.8303899279965403e-01	   7.0349735486103804e-01	   7.2148874813467112e-01	  -9.1706109596240232e-02	  -3.7569681070578440e-02	   4.5526767937505641e-01	   4.7558182168858854e-01	   7.9881363922201609e-01	   6.9589228024087868e-01	   4.8997319569311654e-01	   4.4240951511841348e-01	   4.5965696279982060e-01	   2.7225533230275611e-01	   8.6719892914197960e-02	  -9.7798770108586189e-02	  -1.2589810103635332e-01	  -4.5146967147852451e-01	  -2.0131120325105384e-01	  -3.2495794644878134e-01	   8.1111209595255418e-01	   7.5785494400224918e-02	   3.2238596643136064e-01	  -5.5423906475860700e-02	   1.3017517946189103e-01	  -5.5404575356632002e-01	
   6.6179460080513774e-01	   6.0720897737278023e-01	   6.0219439402382158e-01	   5.7858885351822509e-01	   1.0941110978307661e-01	   3.3149308911733200e-01	   5.9536002493639817e-01	   5.7677000195019468e-01	   2.1634598791848764e-01	   3.4964178316900085e-01	   0.0000000000000000e+00	   1.1037457603541769e+00	   1.1400845410211256e+00	   1.2271291752318803e+00	   9.2014205206980282e-01	   8.4790374797454771e-01	   4.6157363859577394e-01	   6.1858774292950414e-01	   6.0356406669002682e-01	   5.4098938635542138e-01	   2.1710417938463797e-01	   3.2055929478509398e-01	   6.0411173288394759e-01	   6.3835183245216653e-01	   3.3192338607096333e-01	   3.2973941856592726e-01	   9.5081157079539944e-02	   3.8353020072137648e-03	   6.0452942416373212e-01	   6.2103359793151081e-01	   6.4802865578755353e-01	   6.2398666357856258e-01	   6.3175304857757708e-01	   6.3590810770784223e-01	   3.7284896706334297e-01	   3.4806955068357859e-01	   4.4091227965295465e-01	   4.1789693880098455e-01	   4.1100578693218154e-01	   5.0393679319336804e-01	   4.2750967695764114e-01	   5.3616283498724693e-01	   4.4638368639888587e-01	   3.8599126237948278e-01	   4.4050645646002523e-01	   4.1943107327952978e-01	   4.5969551261057873e-01	   4.2543285032243450e-01	   4.3788952720438001e-01	   3.5535999503039478e-01	   5.7300653404610247e-01	   4.6793935422903515e-01	   4.6395190992516272e-01	   2.6870886776197545e-01	   5.1260881762394095e-01	   4.4760827055497265e-01	   5.0419302817100398e-01	   7.9449008338850402e-01	   6.1387456243583294e-01	   5.4482967035072960e-01	   7.6794983522956584e-01	   5.5580317378825672e-01	   7.5972588669677932e-01	   7.4465907908510898e-01	   3.5888224764468518e-01	   4.3622240140717605e-01	   5.4160759568962491e-01	   5.7122717694161085e-01	   6.1901709133798088e-01	   6.2181428427786900e-01	   6.2458027466724075e-01	   6.2313261804249076e-01	   4.5978016826945800e-01	   5.4179005822714243e-01	   3.8579904119371566e-01	   3.4351823380841112e-01	   5.1346954379848686e-01	   5.6628478454680731e-01	   3.5886776360584394e-01	   3.9450500839827202e-01	   3.1668426684133238e-01	   5.1946972909375067e-01	   6.9632824379375424e-01	   2.0856214751675436e-01	   4.7272659544435519e-01	   5.4122015127970757e-01	   2.8763566697056347e-01	   2.4389724366627671e-01	   5.3080384726302310e-01	   5.3275276987532039e-01	   3.7106937266283352e-01	   1.6835032534532968e-01	   2.3363644183645782e-01	   2.2076519141513865e-01	  -1.1449026016966667e-01	  -6.0090131100581388e-02	   3.0481955438976627e-01	   3.0812186980485168e-01	   3.9512693156768192e-01	   1.1878039393560547e-01	   1.9789626739669597e-01	   3.6940611427084330e-01	   2.8547176479114311e-01	   1.2119234274011913e-01	  -2.7516412497975019e-02	  -1.3889926207891445e-01	  -1.9376474195694507e-02	  -4.0865403123016358e-01	  -1.8739450488054143e-01	  -7.3326222085073667e-02	   2.9204451184419367e-01	  -9.5024072832330039e-02	   1.6231597281898369e-01	  -2.7411744326739440e-01	   5.1535081868425855e-02	  -4.0128657005361557e-01	
   1.0071167041556892e+00	   9.6492546231279974e-01	   8.4783136319771712e-01	   9.8862957858811051e-01	   1.9647865607281112e-01	   5.9162265094569733e-01	   8.2440021980651346e-01	   9.4989031333184093e-01	   3.5875699546550088e-01	   5.6647428160638169e-01	   1.1037457603541769e+00	   0.0000000000000000e+00	   1.0210010224822319e+00	   1.0915111669401971e+00	   6.7046414272003574e-01	   8.6764961872834301e-01	   7.6333468341500976e-01	   9.1811030238649360e-01	   9.1840945190800360e-01	   8.3626250853136641e-01	   2.9748902647944198e-01	   3.7829189666603391e-01	   8.2679667515294231e-01	   8.8982152375377077e-01	   4.8311250131676176e-01	   4.9400835286888378e-01	   2.2370841357855700e-01	   8.9719823263663068e-02	   8.6123940209540750e-01	   8.8013765364540097e-01	   9.1950297167364936e-01	   9.1702970391963412e-01	   8.6633052259211296e-01	   8.9774019494747592e-01	   3.8469485072646165e-01	   4.4987767029312514e-01	   6.7391925298408395e-01	   6.0639327879633376e-01	   6.6435071377130450e-01	   7.7743197477731552e-01	   6.8152912082567041e-01	   7.6228144218725880e-01	   6.3990111761472768e-01	   6.0345864226715995e-01	   5.1127486389924215e-01	   5.5026440494131312e-01	   6.5847176324656420e-01	   7.3805321654362477e-01	   6.0783632798616416e-01	   5.0305483182954314e-01	   8.0651591259486255e-01	   7.7014818288400699e-01	   6.4495765115950054e-01	   5.0817852034075717e-01	   7.0379327619958409e-01	   7.6521529995835957e-01	   7.9810143386217069e-01	   9.8203998462957087e-01	   6.6511295909925972e-01	   5.7080256566587739e-01	   8.3887014474974753e-01	   7.5057182431809555e-01	   8.6375680287744971e-01	   1.0134986346091999e+00	   4.7071579357667626e-01	   7.2687820308949191e-01	   6.2093115868854931e-01	   6.6220750475979684e-01	   7.8481537736434381e-01	   7.3597976368164364e-01	   7.7439363026502772e-01	   8.9642695505428338e-01	   7.0648930642161445e-01	   8.2450080005929216e-01	   6.5097443231694152e-01	   6.8062555006778336e-01	   8.0091188861685358e-01	   8.7999710768528383e-01	   6.3838604416647171e-01	   6.9344691769668731e-01	   6.5047651613693513e-01	   8.7693623613002414e-01	   7.0377362851286196e-01	   4.8248466713954952e-01	   7.1129963485974523e-01	   8.7369840610419902e-01	   4.5675000635541396e-01	   5.1416994804170102e-01	   8.3541067934025870e-01	   8.4943253327876433e-01	   5.3357396474248542e-01	   3.3429422590269747e-01	   3.5738332251283722e-01	   3.0712108226032420e-01	  -1.0144442421328516e-01	  -8.5464897072753024e-02	   4.7051133731676026e-01	   4.6824876800021364e-01	   6.2640712672974563e-01	   3.8432684155045682e-01	   3.1941651081183742e-01	   3.2380117240835044e-01	   2.9671433507716782e-01	   7.7668200434408821e-02	  -4.7556363070836438e-02	  -2.0198357060970434e-01	  -2.1157472900756719e-02	  -2.9917340549697669e-01	  -2.1109041272958379e-01	  -7.4431888737094276e-02	   4.0630977130360507e-01	  -6.5464320261930831e-02	   2.0215993972316457e-01	  -1.9245644696839792e-01	   1.7436002783727650e-01	  -5.7865507339456046e-01	
   6.9095260730405650e-01	   5.3572624568424421e-01	   6.5710274886327535e-01	   5.5668107926362098e-01	   4.2869646252864785e-01	   5.5244419199608064e-01	   8.4833683794152925e-01	   6.7540833187607197e-01	   4.7475201188471561e-01	   3.9287212152356304e-01	   1.1400845410211256e+00	   1.0210010224822319e+00	   0.0000000000000000e+00	   7.8623927332975307e-01	   5.5638902214884778e-01	   5.1768282314609870e-01	   4.6102755187018007e-01	   4.0994673172546681e-01	   6.3570997161804899e-01	   5.1500290973034346e-01	   2.1066974031993363e-01	   1.8755048120990669e-01	   4.8026660446035030e-01	   4.5393076094479962e-01	   5.0708222690164528e-01	   4.7346800135666467e-01	   3.2981668876880593e-01	   2.7577249047953711e-01	   4.9314407586095521e-01	   4.9232757663944882e-01	   6.2261457498871353e-01	   6.1765131209743895e-01	   4.9890909021722840e-01	   5.2491030598152855e-01	   1.6164094042182209e-01	   2.1120809931094064e-01	   1.9316633581343234e-01	   1.0796151928742244e-01	   2.5214824837082817e-01	   2.7699890628509238e-01	   2.6696177111066677e-01	   2.6328568683488646e-01	   3.7132461016693663e-01	   2.8993354998861903e-01	   3.3666360862188893e-01	   2.9692469052345372e-01	   2.9387287739259904e-01	   3.1883483537922030e-01	   3.1667384977616664e-01	   2.9962131300771622e-01	   3.4827720245377669e-01	   3.4796809120391764e-01	   1.8994404329237846e-01	   1.9578641048260134e-01	   2.2871134352041655e-01	   2.5223815476995881e-01	   5.4516626489478071e-01	   5.7218174082167839e-01	   5.2272443625940723e-01	   4.6250367412933679e-01	   8.1854286766966422e-01	   6.8226865994172026e-01	   6.1173928619829332e-01	   5.2309849701701339e-01	   2.6866959245359529e-01	   4.7276486231972525e-01	   3.9397878979981921e-01	   4.1403874790314188e-01	   5.5463624453182936e-01	   4.9870303082130174e-01	   4.7949660592217469e-01	   5.2777408670187920e-01	   3.1177332079458597e-01	   3.8852572694226734e-01	   2.9449326573211410e-01	   2.8924404301581019e-01	   4.5787391119589199e-01	   4.4008146320480462e-01	   3.2114914449511189e-01	   3.3792137797418709e-01	   2.8339704749020600e-01	   4.1309439479591559e-01	   4.1387517917029482e-01	   1.7950318923508113e-01	   2.9480293637392174e-01	   3.6778684593287136e-01	   1.0727579387950997e-01	   1.1385568758438129e-01	   4.3312237836297002e-01	   4.5589300891546136e-01	   2.2256597973536513e-01	   1.6816637826978204e-01	   2.0349831979761415e-01	   1.9402791260361760e-01	  -1.9054286097302506e-01	  -1.3014478774983151e-01	   1.6482973461158551e-01	   1.4139247422770798e-01	   2.5852573740082402e-01	   9.7286052596186057e-02	   2.5713656366400028e-01	   2.9604439149669026e-01	   2.5580821141344673e-01	   8.2655264918851695e-02	   1.1370885937959400e-02	  -1.2696927675786718e-01	   7.3769867234146330e-02	  -1.8116942506893496e-01	  -1.1549287888140768e-01	  -1.0281408292153363e-01	   2.1582367089691781e-01	  -1.9259244018302088e-01	   1.2121398070165727e-01	  -1.8513209593289953e-01	   1.7409362714332977e-01	  -3.2952486199139241e-01	
