   0.0000000000000000e+00	   1.2033612010032368e+00	   5.1380788525980137e-01	   5.5190954863018427e-01	   3.0545429666238288e-01	   3.8566593406709371e-01	   4.6037877357247847e-01	   4.0072689837834385e-01	   4.8759382586790134e-01	   3.4405727564065630e-01	   8.7254035823918907e-01	   8.5112183310320511e-01	   8.0383668295012600e-01	   7.8848397828060734e-01	   9.5879495092662492e-01	   7.5533754754078142e-01	   4.6722761273657143e-01	   3.8878118755240232e-01	   7.2341907472984879e-01	   8.5946396710383077e-01	   3.9870326206732054e-01	   4.6515190052980571e-01	   4.0389385368233727e-01	   3.5629833247228748e-01	   2.2595011490689429e-01	   1.8081969800879516e-01	   2.0075818256327654e-01	   2.3784094334507422e-01	   5.8651586602309713e-01	   6.1217432331106392e-01	   3.2457114155976546e-01	   4.3431885070213871e-01	   5.3647152000711951e-01	   4.8846335188381257e-01	  -4.3561732503215156e-02	  -1.9371769682906961e-01	   2.6745487844860816e-01	   6.1621144474556869e-02	   5.9094118666870077e-01	   4.5924944570292081e-01	   6.0796240793601264e-01	   4.8340543420311466e-01	   3.3900279678372819e-01	   2.9316705145234978e-01	   1.0337417509546200e-02	   9.1824623157777022e-02	   5.5109367512174190e-01	   4.6489993255386208e-01	   6.6471331532490396e-01	   6.8444685437828290e-01	   1.0370462616756573e+00	   8.3373424497542037e-01	   8.0514598346660504e-01	   4.6623140991691281e-01	   9.7861709839585220e-01	   9.9368763908882729e-01	   1.0070039635124679e+00	   1.0128259630204630e+00	   1.0279340353463831e+00	   7.6482231433524694e-01	   1.1164946089927332e+00	   3.8385354120640969e-01	   8.5961923501402104e-01	   6.4129386873568561e-01	   1.3610948020724220e-01	   9.1596253411688242e-02	   3.4936905337565494e-01	   2.5070781359781480e-01	   7.5731640520850396e-01	   8.2037436316869672e-01	   1.2452508784399363e-01	   1.8385991926928413e-02	   6.1555674619653555e-01	   4.5198996952892645e-01	   4.1368998932331591e-01	   2.5293901944893710e-01	   7.5183548464177005e-02	   1.6242258578464072e-01	   2.8692606110111341e-01	   5.4626299750116192e-01	   5.9098067354229855e-01	   7.5173032566933662e-01	   6.1786806598893629e-01	   5.7272853036841775e-01	   4.7215189184749640e-01	   6.9992751830019562e-01	   3.3511757011213378e-01	   3.2316038782444584e-01	   6.1174994945517491e-01	   6.0913438616373938e-01	   3.9340596191300675e-01	   3.6423397534233637e-01	   2.7869535449569438e-01	   3.8855615022015227e-01	   4.6131471724951328e-01	   3.8008677052811768e-01	   6.7805735503208653e-01	   7.6153652547036388e-01	   7.1898910930434590e-01	   7.3734775061071856e-01	   3.0204593821894254e-01	   3.3025078833068866e-01	   3.5763322932758468e-01	   4.7154999055139452e-01	   2.2622466674164887e-01	   3.9257115035268159e-01	   5.2320559786226839e-01	   6.0337572771540426e-01	   1.2571595269457281e-01	   1.0594836671823449e-01	   3.9551318979277333e-01	   6.1434561200267779e-01	   6.4620362622689287e-01	   7.0370436518115942e-01	   5.5681123410046041e-01	   2.5621946348513669e-01	
   1.2033612010032368e+00	   0.0000000000000000e+00	   4.4963981019380667e-01	   5.6982491051342066e-01	   4.1165805351799273e-01	   3.9626912304768624e-01	   3.9539310745813899e-01	   3.7265395074059826e-01	   6.0341316578137261e-01	   3.0182405019812364e-01	   5.2806322113568571e-01	   6.8083958849647686e-01	   4.4064916039473445e-01	   5.5193620483516581e-01	   6.7179441164445175e-01	   5.7250423986702559e-01	   3.4442946093972771e-01	   3.5841825045230724e-01	   5.6789123580306211e-01	   8.4320669649709634e-01	   3.8379389647629403e-01	   4.8678358857606097e-01	   2.9095977984064070e-01	   3.0454733860039740e-01	   2.0484544540361832e-01	   1.6685170221772042e-01	   2.6511599823169274e-01	   3.0367728137332928e-01	   4.0063448151851644e-01	   4.3023641222502818e-01	   2.1741975173780606e-01	   2.4313599040225972e-01	   4.9781703660510546e-01	   4.5337363713712614e-01	  -2.4852245922870012e-02	  -1.6615554242036459e-01	   1.7826935329575311e-01	   6.2878089782198360e-02	   5.5187021870138597e-01	   5.0870755138423895e-01	   4.8876842098987677e-01	   5.8350847470789691e-01	   2.7375151405189868e-01	   2.4794174244294620e-01	  -6.2766389865927349e-02	  -1.4763853152985895e-02	   4.9429162539874316e-01	   4.6488098391068688e-01	   4.4423216441344154e-01	   4.7521737326308011e-01	   8.8239135447396433e-01	   7.5206691358023781e-01	   8.6177013289081961e-01	   6.5869920188425324e-01	   8.1984261713258422e-01	   8.4914925328222546e-01	   1.2012548942319461e+00	   1.2542544266312703e+00	   7.9455252465013027e-01	   6.3677606023517930e-01	   9.1984380228266271e-01	   3.2238081944665731e-01	   6.7621557270116472e-01	   5.0260838143406805e-01	   1.2206191609197904e-01	   1.2254153032217749e-01	   2.8981918225453995e-01	   2.1308182863722644e-01	   9.8185993305170960e-01	   1.0073862993246425e+00	   1.6477806264749062e-01	  -1.0604418181765551e-01	   4.8130448600418579e-01	   3.6732419885290479e-01	   3.0027480571071630e-01	   1.1889324676497590e-01	  -3.5617842224951193e-02	   8.1505733916020423e-02	   1.5851367727868723e-01	   3.6931488380960797e-01	   6.0511722361295173e-01	   8.1492137917182328e-01	   5.0512524419672133e-01	   5.0836603535650382e-01	   3.5895460381189714e-01	   6.4799469127372755e-01	   3.7421606739957669e-01	   3.8330470560694285e-01	   5.8133376791334113e-01	   6.0994590018609163e-01	   3.3352042793424302e-01	   3.7269353400002297e-01	   1.8610643126936061e-01	   2.5834406054229681e-01	   4.0951390258550902e-01	   3.6452583607418065e-01	   5.8244664796245993e-01	   6.4165603545370686e-01	   6.5459212092320740e-01	   6.6541368742317775e-01	   2.4096028360052815e-01	   1.4666089141241728e-01	   5.0047039316325903e-01	   4.1994780746239097e-01	   2.6504930070381472e-01	   3.2812429158251732e-01	   4.4655292479843101e-01	   5.3722237118742999e-01	   1.1630894676180818e-01	   6.4390549307037928e-02	   3.2263528147950754e-01	   5.7743410869182066e-01	   4.8461991664757970e-01	   5.5695741123075615e-01	   3.7160130587830376e-01	   3.1041481210936173e-01	
   5.1380788525980137e-01	   4.4963981019380667e-01	   0.0000000000000000e+00	   1.0707183135530547e+00	   8.9537244205470701e-01	   5.6531577643738495e-01	   1.3407993772389886e+00	   7.1612200685655625e-01	   8.4049030994065310e-01	   6.1756674389807753e-01	   4.8150424052897978e-01	   3.9997194346360365e-01	   6.3376468964046451e-01	   6.3437802817452738e-01	   7.2741987441224565e-01	   6.7144148940150894e-01	  -7.4785197893131160e-03	   2.3914271797907886e-02	   5.7600419652382628e-01	   5.9193495557005349e-01	   5.1201510892184665e-01	   3.9943791454160615e-01	   1.2684646694034787e+00	   9.1900885330960713e-01	   7.3949225847369615e-01	   6.7400067602127622e-01	   5.5292894401470893e-01	   4.8605373694287185e-01	   1.6227045345397498e-01	   1.9985665839558819e-01	   6.0750783595027347e-01	   4.5105622654501620e-01	   4.8022104935079357e-01	   4.2661872324561090e-01	   5.7806110390174403e-01	   3.5291640072592401e-01	   3.4365768302444122e-01	   2.4912425905251551e-01	   6.9484765745530386e-01	   5.0385586582667830e-01	   5.0331766215813656e-01	   4.1593110002090561e-01	   5.4630263616721875e-01	   3.5994018043006815e-01	   2.6791178382030534e-01	   3.4972820562550860e-01	   5.1461046659963672e-01	   5.7207649863541332e-01	   5.8608082252922000e-01	   4.7197907730096045e-01	   8.0273975601170711e-01	   6.3914167276357658e-01	   6.2967970907628756e-01	   6.3421290533105645e-01	   5.3064233718720921e-01	   6.9256036169399071e-01	   3.5773997954013043e-01	   4.2133076127269881e-01	   7.7182448369585610e-01	   5.3501137502374729e-01	   5.5121741775191002e-01	   3.9975691164728477e-01	   1.8873802382186416e-01	   1.9565464841040933e-01	   5.5009711336463685e-01	   5.2007466958938409e-01	   8.3763432324017550e-01	   6.7418082085630082e-01	   3.7899200073286676e-01	   5.6882230487710705e-01	   1.1314129785432869e-01	  -1.2316894365067671e-02	   3.8516293739709700e-01	   1.6280833835223016e-01	   3.1732468740811681e-01	   1.0645243379177816e-01	   2.6968298455359353e-02	   1.1888146678271098e-01	  -9.0922309237054244e-03	   4.6961823585412898e-02	   2.4126170699787364e-01	   4.5123477831155367e-01	   6.0919586276803295e-01	   5.1789579369972805e-01	   7.9885674528237394e-01	   7.8026172167732954e-01	   7.1252141428991667e-01	   4.7792348087629410e-01	   8.7525539678074182e-01	   9.0065437010832705e-01	   6.8071646887976922e-01	   8.6640237990850111e-01	   6.1315185033461406e-01	   1.0659848414388071e+00	   3.2011719290447282e-01	   3.4359551814993317e-01	   3.0327803990093605e-01	   4.7396848391960156e-01	   5.0189702287330140e-01	   5.6918889290802732e-01	   3.6211227636284099e-01	   8.9499344645366052e-01	   4.5502238998834632e-01	   7.0278959464133028e-01	   3.2366589631583731e-01	   4.9939555762485494e-01	   5.4801554068544656e-01	   6.5451174591768368e-01	   1.5911148286513169e-01	  -3.7478153332382871e-02	   2.6998014130997317e-01	   4.9791214810360895e-01	   3.4254091830692984e-01	   4.9424997182033670e-01	   2.5429509249199156e-01	  -8.6547521109810108e-02	
   5.5190954863018427e-01	   5.6982491051342066e-01	   1.0707183135530547e+00	   0.0000000000000000e+00	   7.9837955296092966e-01	   7.6413483154904716e-01	   9.3540467294763496e-01	   1.0733389660326016e+00	   8.1410322688672920e-01	   7.0354503174955774e-01	   6.0065313417953781e-01	   8.3062933905019820e-01	   6.3485090474889361e-01	   1.0319922072902352e+00	   9.3674407928441183e-01	   1.0143978121983090e+00	   2.0302234523019175e-01	   1.3358199178856356e-01	   7.2453727941587720e-01	   9.0059652449708949e-01	   4.2614937212899073e-01	   3.3169229675427081e-01	   8.0161120610477321e-01	   9.9857268763631768e-01	   6.5556416523371974e-01	   5.5691231919685869e-01	   6.0406999423223418e-01	   6.1747468000567363e-01	   2.1110277839891631e-01	   3.4412508296114713e-01	   4.3863165026800449e-01	   4.5120756051062427e-01	   5.5637813499492872e-01	   5.6065230596675009e-01	   4.3330975404614125e-01	   3.2377182475450977e-01	   3.1803606538645995e-01	   3.1361402872086103e-01	   6.3689409848485834e-01	   6.4290725281315064e-01	   5.4215266822277774e-01	   4.7497682412140274e-01	   5.9991278891530653e-01	   4.5777170869086242e-01	   2.6340380757916643e-01	   3.7141915533632558e-01	   6.6898540254737593e-01	   6.2171326397563431e-01	   5.7006022460279693e-01	   5.4147956414673093e-01	   7.3881621347905424e-01	   7.3842953084440155e-01	   6.3526410941681033e-01	   6.5666459465470406e-01	   7.4583757249939053e-01	   8.2958545563830866e-01	   3.7442015829683195e-01	   5.2451886482974874e-01	   6.6215642040432432e-01	   6.7326548184302848e-01	   6.8392625341449143e-01	   6.4500616754623430e-01	   3.2856576125964260e-01	   5.5322284058523830e-01	   3.9747990463962307e-01	   5.1463597901190306e-01	   8.7151205591096836e-01	   9.0299410006608016e-01	   3.9394262984684558e-01	   7.6731158403733390e-01	  -1.9029715315171923e-03	   3.3604660482053281e-02	   4.6789746183775305e-01	   3.5849181325897927e-01	   3.5886963798124100e-01	   3.2694169717274696e-01	   6.8382378946259662e-02	   1.7930520022986327e-01	   1.1971729460483727e-01	   2.1693651041581163e-01	   3.6257613167161673e-01	   5.7733492786186624e-01	   6.3729844072186359e-01	   6.2768536312447543e-01	   6.8369064627322973e-01	   8.4686651343251518e-01	   6.8928487841304242e-01	   5.8565569840690324e-01	   8.6122119164420396e-01	   9.9585875384927902e-01	   9.4972638603011483e-01	   7.5539428909373008e-01	   7.2623939453742503e-01	   7.8535106757308792e-01	   3.4872066488502651e-01	   2.5089657161792700e-01	   4.7401895347257800e-01	   5.5798510789244671e-01	   7.3550389009263695e-01	   7.9901840448187778e-01	   5.9278162857216554e-01	   7.3506564195044199e-01	   6.7811183104709793e-01	   9.0990204010385778e-01	   2.5658513020196894e-01	   4.7393880199731681e-01	   8.1606158379372129e-01	   8.2008790974592594e-01	   1.6617175425790959e-01	   8.6285000114271052e-02	   3.4416509283231705e-01	   6.7234555567430587e-01	   4.7754846341410040e-01	   6.1032788737324273e-01	   1.6655329644716463e-01	  -1.2710145618793284e-01	
   3.0545429666238288e-01	   4.1165805351799273e-01	   8.9537244205470701e-01	   7.9837955296092966e-01	   0.0000000000000000e+00	   4.8548581819950015e-01	   8.1968154554261285e-01	   6.0912524072100460e-01	   1.0441715817760489e+00	   5.2469646894641186e-01	   2.4714431810933435e-01	   3.8050129718090037e-01	   3.1257673199280406e-01	   3.9296916750365729e-01	   4.8101571100731155e-01	   4.9251924287886917e-01	   9.4589867865065933e-03	   2.5057156655709210e-02	   3.2995582748632651e-01	   4.3688250203786982e-01	   6.7675527678752767e-01	   4.1731512385301928e-01	   6.6497857144118555e-01	   6.3142198208967892e-01	   7.6894808745234089e-01	   7.0302103839490671e-01	   9.9098134305564500e-01	   8.9268520872392820e-01	  -1.3140255563144340e-02	   1.0647851974571536e-01	   3.7805862220455255e-01	   1.7094828079863078e-01	   2.0592083989127319e-01	   1.8439107562035006e-01	   4.1989028453723992e-01	   2.8796460428429843e-01	   3.3728948594787445e-01	   1.3129326256027685e-01	   5.5051663751959223e-01	   5.9253882022788784e-01	   3.6709664234375494e-01	   4.0596730026708083e-01	   4.5107423745990693e-01	   3.3099796721422842e-01	   2.9403272703075600e-01	   3.0605947509019454e-01	   5.4374374539927184e-01	   5.5088767890964874e-01	   4.1556837384203271e-01	   3.5035275442074498e-01	   6.8384247401361575e-01	   4.7432236515948134e-01	   5.3253287032587138e-01	   7.0772442641052413e-01	   4.8229280251253281e-01	   5.6694441282718344e-01	   3.4730205697207167e-01	   4.9120831120920783e-01	   6.0789828400338353e-01	   4.7243262324681590e-01	   4.4912540498902376e-01	   5.3298058535950621e-01	   1.3391188077932922e-01	   1.9903524627599961e-01	   4.2965332936430156e-01	   5.1013681387478238e-01	   6.8797177873431781e-01	   5.5604284617281852e-01	   3.4718824098394241e-01	   5.4039709730572127e-01	   1.5390899226922722e-01	   6.0628548905162137e-02	   3.1366078255666657e-01	   1.5618838634976773e-01	   2.6046887810857650e-01	   6.1623489553368709e-02	  -1.7510967731591931e-01	  -1.8052780836519358e-02	  -2.4138879839658598e-02	  -6.3954556937542067e-02	   2.5381436419926345e-01	   3.9935360172341733e-01	   4.6439630922291453e-01	   4.7611410039811991e-01	   5.7938286787186288e-01	   6.9796762601150930e-01	   9.9129086602433825e-01	   7.5828603428045027e-01	   7.0174143643548614e-01	   9.1782140887176522e-01	   6.1627728151382899e-01	   6.0486503067165331e-01	   4.1393825695651759e-01	   6.0513647682135951e-01	   8.9851012095525165e-02	   1.8610610680828771e-01	   2.1101159129458316e-01	   3.2429531177265170e-01	   4.3995984278316330e-01	   5.4468575460666913e-01	   3.3770887158496316e-01	   5.1952335506112512e-01	   4.9217271065229118e-01	   5.3561241939283699e-01	   1.6821319349682723e-01	   1.9765444708433122e-01	   4.8917569364770364e-01	   4.3142370994518958e-01	  -5.2300717601124522e-02	  -2.2514676516010285e-01	   1.2510954572534527e-01	   3.8560175863226964e-01	   1.7227957752080597e-01	   3.7186869050087290e-01	  -3.3122394155452810e-02	  -1.9034989394148066e-01	
   3.8566593406709371e-01	   3.9626912304768624e-01	   5.6531577643738495e-01	   7.6413483154904716e-01	   4.8548581819950015e-01	   0.0000000000000000e+00	   6.9059366635758612e-01	   1.0738918356519209e+00	   7.0231384256432428e-01	   9.1795081185661820e-01	   4.3346921652125081e-01	   7.6790851877210553e-01	   4.6118119375684852e-01	   7.3867587273021951e-01	   7.3858532722249515e-01	   7.5748507443619850e-01	   1.1007835392890980e-01	  -2.9469152097462731e-02	   5.8674641883252510e-01	   6.7618541433748447e-01	   1.0809139317590222e-01	   7.2660596508482916e-02	   4.5429046439226062e-01	   5.9127644541424129e-01	   2.5656937085666270e-01	   2.6020315606023842e-01	   3.2379700106492426e-01	   5.2405614349827090e-01	   2.2636892224328775e-01	   2.9889133767956172e-01	   2.8779454934839560e-01	   3.5518150313051255e-01	   3.2140329015928476e-01	   4.3073854821573959e-01	   1.3441041589531399e-01	   2.4322567429552933e-01	  -6.8097772276770703e-03	   1.5893210854446779e-01	   1.6025345173914515e-01	   2.9079032469065341e-01	   2.9849794952202335e-01	   3.1022746964438880e-01	   2.7690556919564535e-01	   2.7877983021304176e-01	   9.9252557532943569e-02	   2.0372441730129504e-01	   3.3855554464126214e-01	   5.0835722455965104e-01	   3.2361459040250340e-01	   5.1956063405745967e-01	   4.3264598026004880e-01	   5.8443982269568551e-01	   6.3498756232322340e-01	   8.6176102395333765e-01	   3.6278627003034614e-01	   5.6513205763452012e-01	   2.2006497561254221e-01	   2.4256011034189406e-01	   5.6160839521978767e-01	   6.6754627551269463e-01	   4.1358444035846037e-01	   6.4312571659309981e-01	   1.0811682077895468e-01	   3.7491274952838621e-01	  -1.0427969932494232e-02	   1.3361315147324643e-01	   3.6836936213607119e-01	   4.6305486416496322e-01	   2.8036027724678531e-01	   5.1402930107727918e-01	  -7.3081377328322414e-02	  -3.3094516005891736e-02	   3.8279593069838991e-01	   4.1559098976971970e-01	   2.3245794047828394e-01	   2.0234427686776998e-01	  -1.2043294524252474e-01	   6.7856924378413994e-02	  -1.0507760990177410e-02	   2.8473542909390422e-02	   2.2119284582996712e-01	   3.2085276104947541e-01	   5.3138916627276667e-01	   3.9052524115029080e-01	   1.6103837593931963e-01	   4.6377661911297458e-01	   1.5525296634708385e-01	   1.6579894764996661e-01	   4.2777123142985662e-01	   7.3757833984621002e-01	   9.7554370480948660e-01	   8.4701547025845381e-01	   7.1209873904883991e-01	   5.4605148233322420e-01	   2.1534515152568709e-01	   4.3265799876725020e-02	   1.6353199773516466e-01	   1.3044664384897361e-01	   4.4487002948886417e-01	   4.9626556607718209e-01	   6.7697803100392717e-01	   4.1261954425087694e-01	   4.8284244018395356e-01	   6.2669980098538658e-01	   6.1418547833168899e-02	   1.3332948829318486e-01	   5.5887569180029573e-01	   3.4383009219063121e-01	   1.4856392293755177e-01	   9.0594781194854576e-02	   7.7572643231176852e-02	   4.5834530481685842e-01	   2.9779580862494914e-01	   2.5452502988976644e-01	   5.2072981915193460e-02	   1.8204169385460354e-02	
   4.6037877357247847e-01	   3.9539310745813899e-01	   1.3407993772389886e+00	   9.3540467294763496e-01	   8.1968154554261285e-01	   6.9059366635758612e-01	   0.0000000000000000e+00	   9.2171660245346332e-01	   8.5492333285791555e-01	   7.0742732028629995e-01	   4.9627405581183881e-01	   4.1062713344521728e-01	   7.7592210786464078e-01	   7.0310795028924356e-01	   7.6467995361244945e-01	   6.3906458386650200e-01	  -3.7884253339165730e-02	  -6.8217637571927781e-02	   4.3850222116399395e-01	   4.7906439937017481e-01	   4.4891164145081314e-01	   2.6813504133622496e-01	   1.0033092226887450e+00	   9.9638543728641749e-01	   7.0954452508905819e-01	   6.3651281170059737e-01	   5.6424734195020987e-01	   5.1508951008589365e-01	   1.1165094766320939e-01	   1.3839276054600555e-01	   3.7045687638637592e-01	   3.1357230007944131e-01	   3.0796900276441053e-01	   2.6932746108747685e-01	   5.5174611726984313e-01	   3.9121733462624242e-01	   3.5064348995836325e-01	   2.5946773092991754e-01	   6.0436933183683761e-01	   5.1928559608778668e-01	   3.2157815180606369e-01	   3.3791882541187201e-01	   4.6115250627164983e-01	   2.9480519958895707e-01	   2.1753016839437647e-01	   3.3430293233138891e-01	   3.7611711110962365e-01	   5.2459360804366606e-01	   4.7043769864916618e-01	   4.1451021363266394e-01	   6.9052250930247516e-01	   5.7011049452343232e-01	   5.1991183029496491e-01	   6.4811170072850532e-01	   4.7185975353050963e-01	   6.0432068716349496e-01	   3.3211982010895230e-01	   3.5378484643166364e-01	   8.3694345191852126e-01	   5.3958986527275044e-01	   5.8689854435349553e-01	   4.8155067346651248e-01	   1.1253516745011705e-01	   1.3496086282665784e-01	   4.9574311270629001e-01	   5.5133039873219158e-01	   8.4826782365892384e-01	   6.9185949728664131e-01	   3.0208500387450787e-01	   4.1634480496861659e-01	  -1.8347325686520907e-02	  -7.5936223393945873e-02	   2.5320123332695976e-01	   1.0943537804995708e-01	   1.6794230908179744e-01	   2.7751749907153525e-02	  -8.7592300768947265e-02	   4.4282784851534182e-03	  -6.4177290355395669e-02	  -3.2831816199442039e-02	   2.5999776093651072e-01	   4.4340322790229314e-01	   5.0650655767294761e-01	   4.7572518463329416e-01	   6.5344469769547686e-01	   7.8418251720553089e-01	   5.8318912999535466e-01	   3.7483705505237347e-01	   8.8639567076525261e-01	   9.0151194504078447e-01	   8.4256592339649272e-01	   9.3099439659564276e-01	   7.6435548936778097e-01	   1.0599205290996609e+00	   3.1892559719935620e-01	   3.0074179239350901e-01	   2.8579706626610590e-01	   3.7574256794643035e-01	   4.2780943022484036e-01	   4.4890526777651402e-01	   4.4412248769351004e-01	   8.0127073971888108e-01	   4.5859664324747274e-01	   7.5547473453103098e-01	   2.7743406622896194e-01	   5.0765896906266228e-01	   5.3936650168464184e-01	   5.5568373324834819e-01	   1.0995980179655464e-01	  -4.8458477549003488e-02	   1.7547401607292590e-01	   4.4310198310227744e-01	   2.8976212417789160e-01	   4.0964814850255871e-01	   2.8565685471440289e-01	  -7.8178535492554907e-02	
   4.0072689837834385e-01	   3.7265395074059826e-01	   7.1612200685655625e-01	   1.0733389660326016e+00	   6.0912524072100460e-01	   1.0738918356519209e+00	   9.2171660245346332e-01	   0.0000000000000000e+00	   8.0703877466431395e-01	   9.2462934466568303e-01	   4.5664652849924958e-01	   7.7815394711386210e-01	   5.9978003464726515e-01	   8.5773337315931453e-01	   7.5100998108903816e-01	   8.0329612716717747e-01	   1.2749758210738782e-01	  -1.3962851652180383e-02	   5.2820565399301156e-01	   6.0684686658815756e-01	   2.6949464161969255e-01	   2.0793890822364969e-01	   6.1196629962040772e-01	   8.3208331314077000e-01	   4.7379686102089402e-01	   4.4977161036421759e-01	   4.9989507217628393e-01	   7.2479885523339327e-01	   1.5307433532760528e-01	   2.3644456893567989e-01	   3.3413899967398825e-01	   3.6245657802328207e-01	   3.8197052526138431e-01	   4.9316898264462938e-01	   3.2568996598566552e-01	   3.7354891838757659e-01	   3.1241333125223192e-01	   3.1832877470054799e-01	   4.0401115173424390e-01	   6.1956081926351159e-01	   3.1810463083637691e-01	   4.0611363807899770e-01	   4.2090785159662980e-01	   3.5100308839610606e-01	   2.0610397325454816e-01	   3.4318673627512075e-01	   4.3791604815873053e-01	   5.7585304677941829e-01	   4.3593533242194915e-01	   5.4109057997233556e-01	   5.5189280385231487e-01	   6.4513028514342863e-01	   5.3891424013727918e-01	   6.4579613125323410e-01	   5.4587505050065466e-01	   6.7543807011255663e-01	   2.9296760782716336e-01	   3.1185833778302213e-01	   6.6704130640858272e-01	   7.7236501120828749e-01	   6.0694432572057067e-01	   8.8098090333440426e-01	   1.4094395011043215e-01	   3.8359947482535900e-01	   2.6775610849024406e-01	   4.2951764223348210e-01	   6.5287622270620538e-01	   7.5930038257394028e-01	   1.8523369530190478e-01	   4.4017038194062402e-01	  -4.6857374498729648e-02	   5.5209187700982695e-02	   3.8887549204582128e-01	   3.2542175666446421e-01	   3.2760921668159038e-01	   2.5177294593899779e-01	   9.6574511421164827e-03	   4.1282954318306100e-02	   1.7004733414047121e-02	   4.3932243348059175e-02	   2.4964575751408710e-01	   3.5668092093831194e-01	   5.2911687350269476e-01	   4.7280500766757239e-01	   3.8010148982673547e-01	   7.3357346237703536e-01	   4.5624027612879026e-01	   3.6331396735523303e-01	   6.5871769109392708e-01	   9.0649238349764616e-01	   1.0668489141398287e+00	   7.0841108471417691e-01	   8.1992353168992627e-01	   5.9868823957645234e-01	   1.8714838832998112e-01	   1.5555430823383640e-01	   2.6193235765717915e-01	   3.2702042014544958e-01	   5.7325543719452787e-01	   5.4460719006323910e-01	   7.3745623957344386e-01	   5.4127520386302119e-01	   5.4011916829149709e-01	   7.0981740155987627e-01	   1.3147119788853512e-01	   3.0807014861738774e-01	   7.2224253409913819e-01	   5.7881783174779722e-01	   1.2579520434281138e-01	   7.2601134512036022e-02	   1.5769100328332586e-01	   4.5103856105218632e-01	   3.5281543718808467e-01	   3.8726983571293971e-01	   8.4974123234375920e-02	  -1.2494399984216628e-01	
   4.8759382586790134e-01	   6.0341316578137261e-01	   8.4049030994065310e-01	   8.1410322688672920e-01	   1.0441715817760489e+00	   7.0231384256432428e-01	   8.5492333285791555e-01	   8.0703877466431395e-01	   0.0000000000000000e+00	   7.6458190592670572e-01	   3.1322848819771382e-01	   4.5706550439255877e-01	   4.2837879417387070e-01	   4.7578004545079605e-01	   5.7813489734583989e-01	   4.8246682618856362e-01	  -1.4096334542720294e-02	   2.3717461197161487e-02	   3.5940823307872172e-01	   4.8023939912166819e-01	   4.4340979473554826e-01	   2.6628674404332031e-01	   6.1031890847267922e-01	   6.6666693047854519e-01	   5.6021232943210097e-01	   5.5991119454521010e-01	   6.8960931378792389e-01	   8.1270592536361408e-01	   2.7367042701528319e-03	   1.2365353674130138e-01	   1.8634955993334248e-01	   1.2949706523606616e-01	   1.8236121051580045e-01	   2.0218885582223353e-01	   2.7995520996009959e-01	   2.0756081183258643e-01	   2.2604456856006977e-01	   5.6397184432453944e-02	   4.4537548994009069e-01	   4.8316914189673221e-01	   2.1535642763523985e-01	   3.3255696029547288e-01	   3.7611802949315115e-01	   3.1944869291232170e-01	   8.3980524387545122e-02	   1.4669894047923848e-01	   5.5771973975681244e-01	   5.6234190477546098e-01	   3.5717836979167145e-01	   3.8711935823142901e-01	   7.3354590746580728e-01	   5.3638980310849282e-01	   7.7071909228852453e-01	   8.7514436395937878e-01	   5.4301020460472227e-01	   6.7492842466553915e-01	   4.6618473790941128e-01	   5.9800475775336293e-01	   7.9051971417012712e-01	   6.5863598017179426e-01	   6.1033763132127961e-01	   6.0443588985311147e-01	   1.8618672250142512e-01	   2.1868348761548248e-01	   3.4238743935246702e-01	   3.9376232905539588e-01	   5.3233185051383614e-01	   4.4057845046919214e-01	   5.1412462714332352e-01	   6.3378228395174552e-01	   7.7517016977412492e-02	   3.3211150453775894e-02	   2.4922224833596593e-01	   1.5134707790133883e-01	   1.7455596085696615e-01	  -2.2730857461636396e-02	  -2.5864868578038253e-01	  -1.1212068916830703e-01	  -3.7038389387860859e-02	   1.9855795027781415e-02	   2.1408303074734014e-01	   3.4131012539768946e-01	   3.6843421225946160e-01	   3.8552182741484131e-01	   4.8102114314101352e-01	   6.9865349413612932e-01	   5.6662719953905483e-01	   5.0978374942890525e-01	   7.9528037241806249e-01	   1.0892565492316353e+00	   7.7459953583467211e-01	   7.1552802018807837e-01	   5.4276967061745385e-01	   6.3871860982228379e-01	   2.8250255966236376e-01	   2.1029694621702635e-01	   2.8546366752472502e-01	   2.9776515216239807e-01	   5.1520533546875491e-01	   5.5908511363710667e-01	   3.7902939069831054e-01	   5.4626125033180650e-01	   4.6561367014571281e-01	   5.7517349944268448e-01	   2.2189525182250897e-01	   2.3146570320388071e-01	   5.8035018468576782e-01	   4.3650476823923312e-01	  -5.5108507266576586e-04	  -1.0274045397783023e-01	   1.6860073887216656e-01	   3.9882036861603309e-01	   2.6267225517980003e-01	   3.3948637208470356e-01	   9.7539269544549681e-02	  -2.3322608167622744e-02	
   3.4405727564065630e-01	   3.0182405019812364e-01	   6.1756674389807753e-01	   7.0354503174955774e-01	   5.2469646894641186e-01	   9.1795081185661820e-01	   7.0742732028629995e-01	   9.2462934466568303e-01	   7.6458190592670572e-01	   0.0000000000000000e+00	   3.4729417053995615e-01	   3.8718478221400310e-01	   4.4867018473839909e-01	   5.9194085800722407e-01	   5.0796865589582285e-01	   5.6747585368386022e-01	  -6.2100565475797058e-02	  -1.4684284357673627e-01	   2.4480508636251708e-01	   2.7638600444392797e-01	   4.6510529254077909e-01	   2.6254626639795797e-01	   7.1726958058180446e-01	   9.1720518253755845e-01	   6.7719468854222620e-01	   6.7789976918389749e-01	   6.9253786088742830e-01	   7.4724179203334518e-01	  -8.9542225396434902e-02	  -1.5438107853307990e-02	   1.4633349885851965e-01	   1.1649173371180048e-01	   5.0564527444601333e-02	   1.3745839352059844e-01	   3.5455484449714836e-01	   3.5230265780627101e-01	   3.4199334583563307e-01	   4.5967463352943161e-01	   3.7955052224674790e-01	   5.6430630657193070e-01	   2.0739512403063395e-01	   3.0562336001213991e-01	   2.7781318631378288e-01	   3.0755103841092962e-01	  -6.2571054815035426e-03	   1.0342007014492062e-01	   4.1271426227872748e-01	   4.7260178700356503e-01	   1.8047149338021115e-01	   2.8666748304048761e-01	   5.9794631999691616e-01	   6.1937822360673733e-01	   5.6668235304862125e-01	   7.1101096556226850e-01	   4.5842764877018050e-01	   5.6484120514796343e-01	   2.1493769273809674e-01	   3.0769504067965658e-01	   5.8088077962151974e-01	   7.0999313807489395e-01	   4.4289365030283306e-01	   7.1065457803859866e-01	  -5.4417915788516735e-02	   8.4553755289182228e-02	   3.9313125871159516e-01	   5.8035878611236702e-01	   5.3800034150650977e-01	   5.3629436100153038e-01	   3.2070839517743821e-01	   3.8226216758165876e-01	   1.2416709011338933e-01	   1.9158816424389236e-01	   3.2640210329384423e-01	   2.7450011578313238e-01	   2.2465723846812527e-01	   2.2194532432326053e-01	  -1.2895264535488679e-01	   7.6383610349706033e-02	  -1.0667312665072909e-01	   1.3784428047145927e-02	   6.6940424631151199e-02	   1.7144381647315865e-01	   2.8316568110479745e-01	   2.0165351453889868e-01	   4.4323217883747229e-01	   7.6031449663646500e-01	   3.4767887705704881e-01	   3.9069859932284573e-01	   7.4966820929728883e-01	   1.0084202913038642e+00	   8.7620932234911797e-01	   6.7348126460101676e-01	   8.4624655216720190e-01	   6.5233359680483316e-01	   3.2952755147270807e-01	   7.9759036109672124e-02	   3.2885730037774102e-01	   2.8629396823998460e-01	   2.9253068165332824e-01	   4.0846085767803020e-01	   3.5622356845454906e-01	   3.9294410365893961e-01	   3.7905367145479030e-01	   5.3978975274885266e-01	   1.0896193658158428e-01	   3.0830801640895478e-01	   3.7137929838146294e-01	   4.7960112714376169e-01	   2.1371135219884874e-01	   1.7109079219307938e-01	   1.9467466583255341e-01	   2.3081042844994432e-01	   2.5017566455564511e-01	   4.2187576968481966e-01	   1.8005734394146133e-01	  -1.7958823992717476e-01	
   8.7254035823918907e-01	   5.2806322113568571e-01	   4.8150424052897978e-01	   6.0065313417953781e-01	   2.4714431810933435e-01	   4.3346921652125081e-01	   4.9627405581183881e-01	   4.5664652849924958e-01	   3.1322848819771382e-01	   3.4729417053995615e-01	   0.0000000000000000e+00	   7.8178084359207323e-01	   1.2488493125486266e+00	   9.7547181702173436e-01	   1.1152706453439305e+00	   7.3274130276330041e-01	   3.6652342752734901e-01	   1.3380102719463191e-01	   8.5609640843764123e-01	   6.3666046575791257e-01	   3.0942881631513475e-01	   2.2600432578134519e-01	   4.5468393241831884e-01	   4.8124979147907188e-01	   2.3452174545750831e-01	   1.7186582555349342e-01	   2.1122990307898248e-01	   2.2984149038052062e-01	   3.8829851516973490e-01	   3.7477202432783957e-01	   2.7713862816942558e-01	   3.7180725586158320e-01	   4.4894777696008736e-01	   4.0452123475617330e-01	   8.4204797017724112e-02	  -4.6369750203328487e-02	   1.3051257533789343e-01	   1.1628133889281564e-01	   3.0794964643155148e-01	   3.1887113198852929e-01	   4.1073015043884481e-01	   3.3284560988439510e-01	   3.0973870633850997e-01	   1.6427820154992992e-01	   5.1677923234082546e-02	   4.6599739232241144e-02	   3.2974194182618577e-01	   2.0512701489225960e-01	   4.7904035186581306e-01	   4.0873639257466549e-01	   5.8729468323324452e-01	   4.0062656796864610e-01	   4.4788936424103620e-01	   2.4624894700981528e-01	   5.1865681512273532e-01	   5.8088671726652286e-01	   3.7478229156642484e-01	   4.9134087493236656e-01	   5.4487696060621338e-01	   4.8770361322800115e-01	   7.5705868589537029e-01	   4.3442953254190864e-01	   5.0773485223256654e-01	   5.5782501153337538e-01	   3.0341822413897668e-01	   1.5518308404130754e-01	   3.2976957829331821e-01	   2.7285238661829836e-01	   4.6372490129199007e-01	   6.6885030895991082e-01	  -1.6868036834755518e-02	   2.6628900686594419e-04	   3.8225300191097750e-01	   2.4549563333801855e-01	   2.9337597901395690e-01	   2.0281824792509939e-01	   1.5512748876130217e-01	   1.7334367287001501e-01	   2.8539423950423243e-01	   2.9495801156122170e-01	   3.1612915437782418e-01	   5.8031070351545500e-01	   5.8919977121860878e-01	   3.7544438572452432e-01	   7.0947817881630038e-01	   6.3118133367630336e-01	   4.1223414430396443e-01	   2.7748215266497656e-01	   6.3432207344738101e-01	   5.6748252654928366e-01	   5.2193438028194361e-01	   5.0865006895990383e-01	   4.2350411702069279e-01	   6.1992181835372651e-01	   2.4710984786564091e-01	   2.3195641469106928e-01	   3.3929595776707278e-01	   5.0120348738737541e-01	   4.2252487026737628e-01	   5.0174247865664601e-01	   3.0225101661821130e-01	   4.9349280999002348e-01	   2.8317365645209264e-01	   4.6961476718796186e-01	   1.1351847846939903e-01	   2.3794451886228307e-01	   5.2753031791956007e-01	   3.9432807311209073e-01	  -4.3934214182827037e-02	  -3.8081043728793257e-02	   3.6084474380141890e-01	   4.8001413674885562e-01	   5.3572008829085060e-01	   5.7527586052538171e-01	   3.9337667513901470e-01	   5.7569178370679736e-02	
   8.5112183310320511e-01	   6.8083958849647686e-01	   3.9997194346360365e-01	   8.3062933905019820e-01	   3.8050129718090037e-01	   7.6790851877210553e-01	   4.1062713344521728e-01	   7.7815394711386210e-01	   4.5706550439255877e-01	   3.8718478221400310e-01	   7.8178084359207323e-01	   0.0000000000000000e+00	   6.2456511269017290e-01	   1.1545040165489788e+00	   1.0377756496816251e+00	   1.0632854215387009e+00	   6.1434198746314572e-01	   3.6216437226455395e-01	   7.6547051532104526e-01	   1.0686853106624918e+00	   1.7054371601969351e-01	   1.9699701089959937e-01	   2.5223663263342866e-01	   3.8665132560967352e-01	   1.4652110904909391e-01	   5.2862910103645078e-02	   2.2922144530952987e-01	   3.8956818697851009e-01	   6.3501833496246696e-01	   7.5436076870529523e-01	   3.1290951124758248e-01	   4.5782245677676364e-01	   5.3159163387656772e-01	   6.2663578888895444e-01	  -1.2945492834709305e-01	  -1.2148592910254212e-01	   1.1397992175354874e-01	   9.8949941821930190e-02	   3.0954874202084226e-01	   3.8027833353377755e-01	   5.8313155068374511e-01	   4.1321431273269255e-01	   3.1277757863483829e-01	   3.0150600039662256e-01	   5.7762318988870423e-02	   1.8683814099782481e-01	   4.5965680174097867e-01	   4.3573820228465565e-01	   5.2353886178144482e-01	   6.4781125100805637e-01	   6.3154154110641170e-01	   6.7184663654795007e-01	   7.0715934937511971e-01	   4.9114637636127750e-01	   7.6291764409303764e-01	   8.2028948573421512e-01	   5.3377059740632149e-01	   6.3055896509019749e-01	   6.1255259977738263e-01	   6.6952751853736936e-01	   8.4030186774836080e-01	   6.5696772352306110e-01	   8.0032481197552274e-01	   1.2820379627032634e+00	  -6.9260061504687942e-02	   3.7065157963802461e-03	   2.9553820436437350e-01	   3.8313266768859505e-01	   3.9449669146382638e-01	   6.8187761726286644e-01	  -2.9679301306514194e-02	   2.7014597632901080e-02	   6.0394390374934237e-01	   5.7226055312784685e-01	   4.2991320107356401e-01	   4.3037036801242123e-01	   7.3973976268877001e-02	   2.0175525686761631e-01	   3.9317730449932370e-01	   4.2877415739507685e-01	   6.0634586626449427e-01	   7.2251820631833352e-01	   6.3117902274112581e-01	   5.7544428989306640e-01	   2.5504489606501313e-01	   5.8435083490781603e-01	   2.9318771639604246e-01	   2.5885741026234588e-01	   3.9232612715044979e-01	   6.0928410844176439e-01	   6.9967382850649196e-01	   4.2521278337014912e-01	   4.1066602561440446e-01	   3.2725027888002189e-01	   2.3712622223282925e-01	   1.6298400584388795e-01	   4.0248852589187384e-01	   4.8313318935062677e-01	   8.2215627128586211e-01	   8.2097386618733981e-01	   7.3375387449410068e-01	   3.5282420844268891e-01	   5.0218204155711399e-01	   5.7326369140464584e-01	   7.1017567995954836e-02	   1.5717891018264793e-01	   7.4167152947404347e-01	   5.4538072598054743e-01	   6.3168480284733625e-02	   8.9467237447580145e-02	   2.8267863849750596e-01	   6.9934398762274386e-01	   5.8551510550932373e-01	   4.6959969628654774e-01	   8.2750217090602374e-02	   5.9093275287082435e-02	
   8.0383668295012600e-01	   4.4064916039473445e-01	   6.3376468964046451e-01	   6.3485090474889361e-01	   3.1257673199280406e-01	   4.6118119375684852e-01	   7.7592210786464078e-01	   5.9978003464726515e-01	   4.2837879417387070e-01	   4.4867018473839909e-01	   1.2488493125486266e+00	   6.2456511269017290e-01	   0.0000000000000000e+00	   1.0278508223347036e+00	   1.1014362987380282e+00	   6.7262608647501476e-01	   3.3675617563191862e-01	   2.0911601107732222e-01	   7.3152339288830259e-01	   6.0578592912056983e-01	   3.2161141146577565e-01	   2.4249435078641801e-01	   6.7046702887444853e-01	   6.5673993903501038e-01	   4.5264468955009030e-01	   3.1524562301090353e-01	   3.2297772846971035e-01	   2.7236477137475179e-01	   3.6143195787523302e-01	   3.9267243539552982e-01	   2.4449305197152782e-01	   3.1307683132954256e-01	   4.9512378153253023e-01	   4.0355699035377646e-01	   3.0806352367874068e-01	   1.5541088154630014e-01	   3.6163481895325544e-01	   1.9604758101845460e-01	   4.0494173309249437e-01	   4.5435200194493552e-01	   4.3786837232901143e-01	   3.8278820309629069e-01	   3.8782364525079971e-01	   2.4681181997367133e-01	   1.3463193547652083e-01	   1.7478215186008336e-01	   3.7792924001935452e-01	   3.0974879214852852e-01	   5.7440573211702839e-01	   4.5223669309541159e-01	   7.0590357756085909e-01	   5.2433905299119754e-01	   5.3485161716546403e-01	   3.4897120793202363e-01	   6.1852967492463573e-01	   6.1422119821668575e-01	   3.7525688517238481e-01	   4.1197478418446398e-01	   8.0624894145840276e-01	   5.1885322555039159e-01	   6.9147232731008423e-01	   3.7433245578537261e-01	   3.9883011499880139e-01	   3.7651420058366869e-01	   3.3251055905455279e-01	   2.9301962492436290e-01	   6.0802759144884377e-01	   4.8577246372429961e-01	   3.6657352168583390e-01	   4.9581360805230434e-01	   1.3822630419446865e-02	   3.6145549539554851e-02	   4.3308037835672097e-01	   3.5169622778154785e-01	   3.4199633909127042e-01	   3.2781620782678633e-01	   1.7233497824050723e-01	   1.6887359354387965e-01	   2.8310718186616030e-01	   2.9786841647870538e-01	   4.0131073318466448e-01	   6.3176348896492829e-01	   5.6431011688051036e-01	   4.8905008422022817e-01	   7.7748371011395512e-01	   7.2859126023459320e-01	   4.3545297288059248e-01	   2.7520284925166871e-01	   8.0745621792211575e-01	   6.3706135067397651e-01	   6.0382738637051692e-01	   5.6626415721078693e-01	   5.4569360797809119e-01	   7.0353704227493608e-01	   3.3342484744461043e-01	   2.4697083929691804e-01	   3.9597371540003357e-01	   5.0912285616747999e-01	   4.3385808762777966e-01	   5.1972879328902066e-01	   3.3070026179003215e-01	   5.5935210602831764e-01	   2.8888013054576378e-01	   4.7863164702848021e-01	   2.2516642249233809e-01	   4.2820390886035953e-01	   5.0971248618120468e-01	   4.4702188377062158e-01	   3.6776231625256235e-02	   2.6103365761846048e-02	   3.7165683032791574e-01	   4.1478180344141585e-01	   5.2470290636533001e-01	   5.7333032098775583e-01	   5.3153131686094968e-01	   1.8959709054270739e-02	
