   0.0000000000000000e+00	   1.1232225472109050e+00	   5.0496531195324024e-01	   4.8914166408494053e-01	   3.8164499618205988e-01	   2.8713243986327158e-01	   7.8499635614686161e-02	   1.8482046459434859e-01	   3.7988615516967417e-01	   4.1612293737640726e-01	   8.9029663537573001e-01	   1.0025453710993413e+00	   6.3581030414497708e-01	   8.0112724162877791e-01	   7.9713958760101289e-01	   7.5716143559346871e-01	   1.0442707909442392e+00	   9.0866764192047600e-01	   1.1200896393191742e+00	   9.4866205042082086e-01	   5.8975659994850715e-01	   5.1477739734866423e-01	   5.0325784475491397e-01	   6.5060997032225854e-01	   5.2225108488911587e-01	   5.2498336248964161e-01	   5.8851316840107992e-01	   4.6908829300316818e-01	   1.0429991449407154e+00	   8.7044389271877831e-01	   5.3317948443543073e-01	   5.1364835489239469e-01	   8.6859898693905491e-01	   8.4330995178505341e-01	   1.9288741749859903e-01	   2.6480586573857418e-01	   7.5883317178106890e-01	   6.9021690246594225e-01	   7.9016778502709673e-01	   6.3171346583429444e-01	   5.9227978950161819e-01	   6.8514740793902085e-01	   7.1997624315262776e-01	   6.8001164993168173e-01	   5.3441092078017716e-01	   4.9716563307254402e-01	   9.0645053626471550e-01	   7.7617195716030984e-01	   8.2377139848673253e-01	   5.2733025856157556e-01	   5.1688632347765917e-01	   6.4864388501938941e-01	   7.2075442372184262e-01	   7.3886731754047008e-01	   9.1377205015660568e-01	   1.0402125890758043e+00	   1.0880627278289705e+00	   1.0194738548729978e+00	   7.4017654917750775e-01	   5.5203829379494385e-01	   6.0851635691184103e-01	   3.6542969905316175e-01	   8.5304653977092448e-01	   7.1607376812368206e-01	   1.5009304924310793e-01	   1.0716910720282100e-01	   2.9377118483081655e-01	   2.4123040553195393e-01	   8.5816170438412720e-01	   7.2231824767266684e-01	   9.7530431939782392e-02	   3.0386346620279170e-01	   6.0276814265494127e-01	   5.4844286167056655e-01	   3.2537345469219547e-01	   4.0483135498386558e-01	   4.2616595844567989e-01	   5.3044994700684245e-01	   8.5958740895456964e-01	   7.3229933344288167e-01	   1.0395678123762613e+00	   8.3098656195184606e-01	   8.4729779169678832e-01	   8.0999437906708915e-01	   5.6987637605575037e-01	   5.8134608028484780e-01	   4.4127636888188038e-01	   5.2564351849845625e-01	   4.8543024031090010e-01	   5.5912942242111541e-01	  -2.6832523915544703e-02	   2.2836037550142135e-01	  -3.7279419282669773e-01	  -9.5818494747717725e-02	   1.5798299495309073e-01	   9.1896132718429502e-03	   8.8166848343382809e-01	   8.4878995524727019e-01	   6.7029568381723459e-01	   8.1385577449462732e-01	   1.4232576674868798e-02	   1.5807801327456106e-01	  -1.1816784843447829e-02	  -4.8098693467496255e-02	  -1.8932558971999019e-01	  -3.9746607484131152e-01	  -1.4144595107406238e-01	  -1.0604945669187071e-01	  -1.0779952217005447e-02	   1.6685181817513109e-01	   7.6285210085586252e-01	   6.0932358714004597e-01	   3.1977086909396257e-01	   2.2831136984171274e-01	  -1.9605921905536876e-02	  -1.6904599988640853e-01	
   1.1232225472109050e+00	   0.0000000000000000e+00	   1.7711448581235598e-01	   2.7782335975980088e-01	   1.8488256959842814e-01	   1.8893439942470883e-01	  -1.8963507769593702e-01	  -1.5057968971436878e-01	   1.0481443979158316e-01	   3.1479023699589953e-01	   3.3205433108153581e-01	   4.9792902629297697e-01	   1.7314337682094055e-01	   3.1695593155889490e-01	   3.5351589729573951e-01	   3.0045337343355544e-01	   8.3238279254945124e-01	   9.8206402672820614e-01	   6.7123359057067833e-01	   1.0152783951166602e+00	   4.5962232630871108e-01	   3.5525617146794514e-01	   1.9079966381631802e-01	   2.8384389662461851e-01	   2.3933957411231396e-01	   2.6385350393837548e-01	   5.1188259100575373e-01	   3.4681571110544501e-01	   5.5678882901356264e-01	   6.2300899087823081e-01	   2.0145213171703125e-01	   1.9924890462273531e-01	   5.7266436392746256e-01	   6.6934799560320701e-01	  -1.0017320162228761e-01	  -3.7247443406801597e-02	   5.9699545046992242e-01	   5.7527217565333122e-01	   5.1883476695418818e-01	   5.5808675136301167e-01	   2.9174298438505897e-01	   3.7451908114180654e-01	   6.1091364096678136e-01	   6.7771840434190744e-01	   4.0533833187784707e-01	   4.7381247702643048e-01	   8.3546953216758690e-01	   7.0682004680102750e-01	   6.2341654580317973e-01	   4.4062272894305399e-01	   2.8474579701239189e-01	   3.5000321138095186e-01	   5.6916266943750082e-01	   5.9800109171752258e-01	   5.9469367844974019e-01	   7.5458822561701056e-01	   1.3193197689216023e+00	   1.6503177284009773e+00	   5.3164085415528373e-01	   4.9694038601479640e-01	   2.0942320070809986e-01	   7.2299334496965961e-02	   4.1929846045638441e-01	   3.7428827821945132e-01	  -1.5125908082043674e-01	  -1.8024780379219157e-01	   5.3960272549441739e-02	   3.5322361279784387e-02	   1.0618171127621898e+00	   8.9988444482564611e-01	  -7.1878654321653650e-03	   2.2291211608102052e-01	   3.7672304888084163e-01	   4.0262153662956679e-01	   2.0919697922733901e-01	   1.9606578945543426e-01	   2.1447241351929039e-01	   3.3462115782108942e-01	   9.0894134655458847e-01	   8.1448983512460904e-01	   9.0088160641350323e-01	   8.2729490186093257e-01	   5.7446381789315182e-01	   6.3670412203648508e-01	   2.0172197184619597e-01	   2.4640647057816584e-01	   5.1473622770651783e-01	   5.2005957597932151e-01	   2.0607143067956404e-01	   3.3191118500250033e-01	   3.7668576933134509e-02	   1.7398835654572939e-01	  -1.3718266955660996e-01	   4.8527244358419062e-02	   4.7665864447536699e-01	   1.4315713849559250e-01	   7.9786960541590901e-01	   7.3303623691789099e-01	   5.5051890885560106e-01	   6.3684606195323923e-01	   9.6023680943742182e-02	   1.5272179471759859e-01	   8.7637609592800314e-02	   1.7889702797673568e-01	  -4.6771485501714852e-02	  -2.8980079923939056e-01	  -1.0918999477135423e-01	  -3.4954848379588205e-02	   1.5002190496787915e-01	   3.6759953552483493e-01	   5.8566776653913377e-01	   5.3540746481502166e-01	   3.9802639954249597e-01	   3.9168438616453283e-01	   7.4689368873882361e-02	  -8.0820279099564546e-02	
   5.0496531195324024e-01	   1.7711448581235598e-01	   0.0000000000000000e+00	   9.5512504628802175e-01	   6.7153999188475211e-01	   3.9193442499207803e-01	   1.1169559663001674e+00	   1.0130532613508241e+00	   7.3636634998623018e-01	   4.1253511648983848e-01	   1.0601808721575998e+00	   7.6882186138914022e-01	   1.0325772716184729e+00	   7.2856174397512419e-01	   1.0198339518318087e+00	   9.3922573067737902e-01	   2.4567482514651928e-01	   1.5147558699687683e-01	   9.2023593899947886e-01	   5.8100210776130634e-01	   4.4294370569233882e-01	   4.4818455133271301e-01	   1.3453219776650076e+00	   1.1186192815846974e+00	   8.9517207487083839e-01	   7.0964665088337064e-01	   3.6694910751265963e-01	   3.8554104529594263e-01	   6.6969277609762712e-01	   4.9776905840636537e-01	   9.1242036519365544e-01	   8.3182362009308686e-01	   7.5354503010096929e-01	   6.1488658350827929e-01	   8.3466231912931865e-01	   6.6785698877113286e-01	   2.0954626993757511e-01	   1.8904235335652264e-01	   4.4133741517034020e-01	   2.3556593448037019e-01	   7.0667124856671026e-01	   4.6881671838308719e-01	   4.6401449408341017e-01	   3.1769177321576347e-01	   5.4160600336535325e-01	   3.7586895986087399e-01	   3.9859920667446186e-01	   2.7871911607781313e-01	   5.6232114169824132e-01	   4.1905063520872898e-01	   9.5106061485407600e-01	   7.3713139249351445e-01	   7.7335785488558351e-01	   5.1244030069652458e-01	   6.7545035496244477e-01	   3.7762953902464313e-01	   1.0170133790583007e-01	   7.2253811146431868e-02	   5.4934502185690715e-01	   2.7253403832298911e-01	   7.9195652352459034e-01	   5.7462491675202065e-01	   5.6023094380948257e-01	   5.2477332493516360e-01	   8.5990009782396692e-01	   4.6438785985080872e-01	   1.1319334306786228e+00	   8.0116754061489992e-01	   1.8452948689007131e-01	   2.5006080666026348e-01	   3.8309936311909126e-01	   1.1130430975251637e-01	   5.6940514259649533e-01	   3.9133747699288651e-01	   2.8890819159937009e-01	   3.6025338336740131e-01	   3.2455492751049397e-01	   3.2699259178189066e-01	   1.0344303503325013e-01	   8.7537727192187456e-02	   1.8930076894353068e-01	   1.3224873475761317e-01	   5.6883419927617263e-01	   2.6029340888172253e-01	   8.3009696885833950e-01	   6.2927836161034867e-01	   2.7196654086139560e-01	   1.8508651545857366e-01	   9.2488626763418258e-01	   5.7674297328694191e-01	   3.4853989295625565e-01	   6.4498982166776608e-01	  -1.1432430329782327e-01	   2.9504066912833887e-01	  -1.3527011702857952e-01	   1.0654734532170101e-03	   5.1094229780496070e-01	   4.1039687488607229e-01	   6.6387114211830900e-01	   5.5329742585466835e-01	   1.7073560640249336e-01	   5.0731891963258957e-01	   1.1487513688145981e-01	   4.9344626663113324e-02	  -4.9561207345882138e-02	   6.6335637319101207e-02	  -1.5133924203966767e-01	  -9.4849652170207827e-02	  -5.4122245847442414e-02	  -4.6454183192694287e-02	   6.6141197178299926e-01	   5.6300038361002969e-01	   3.5340644607262578e-01	   2.8938939467862312e-01	  -2.9173175199659958e-02	  -2.9417299595162671e-01	
   4.8914166408494053e-01	   2.7782335975980088e-01	   9.5512504628802175e-01	   0.0000000000000000e+00	   6.7951668388238295e-01	   5.8587707064369621e-01	   5.5035766223600502e-01	   9.2138762813764863e-01	   7.3008555084330828e-01	   5.7101192015568014e-01	   6.8208213041929988e-01	   6.0080745355717702e-01	   6.6345540320510088e-01	   5.9822028622661616e-01	   7.1809555335395270e-01	   7.3070686065299162e-01	   2.6153311449821592e-01	   1.2905765711668896e-01	   7.8553815723247145e-01	   6.5166544380492319e-01	   3.5601258291597593e-01	   3.9251015934031414e-01	   7.3721267927390288e-01	   9.3489731476131421e-01	   7.6507637015202534e-01	   8.3782225331909688e-01	   3.3920821193253314e-01	   3.8070699318680024e-01	   5.8155658693257717e-01	   3.8937186389850165e-01	   6.7736947073242726e-01	   6.2439280104517847e-01	   6.3888772710793829e-01	   5.4145361912841417e-01	   6.2301883773610922e-01	   5.6108483600873271e-01	   1.4766698912905174e-01	   1.7140483103809451e-01	   3.6959098084351483e-01	   3.0487539679245340e-01	   5.2429301369230819e-01	   4.2195273096410124e-01	   4.1472580909768192e-01	   3.0332013561532567e-01	   4.1957371192305415e-01	   4.3006562601449044e-01	   4.3062861324471829e-01	   3.4254487550426482e-01	   5.5922196325207618e-01	   6.2659440563170521e-01	   8.3676039898510568e-01	   6.8988388827006841e-01	   6.6231092355544163e-01	   4.6374325496238533e-01	   7.0474759314774316e-01	   4.6080650077285679e-01	   1.1002170806412230e-01	   1.8407167600507304e-01	   6.6477275167211924e-01	   4.0220936397196122e-01	   5.7944419531369362e-01	   5.6169762940612999e-01	   5.4691880834645157e-01	   5.5105741825388477e-01	   5.3127102310206809e-01	   4.0579977457047722e-01	   8.4071848339852639e-01	   8.8931265989781083e-01	   1.8357481759329003e-01	   2.8879589211426709e-01	   2.5534551538707473e-01	   7.6146809746826694e-02	   4.3378357195099143e-01	   3.1782258823388065e-01	   2.1396083850804962e-01	   2.6658560730086855e-01	   3.1063518171791626e-01	   3.9337574500509837e-01	   9.5775210618421008e-02	   2.0195679794457869e-02	   2.8989595818239039e-01	   1.6835579305074622e-01	   5.6918375781175401e-01	   3.1740855861170225e-01	   5.7157108543067758e-01	   5.4892268318041360e-01	   2.8963078977300050e-01	   3.1579237311489666e-01	   5.8597770325805709e-01	   4.6342393533239862e-01	   4.2888295340833038e-01	   4.7536992944447692e-01	   3.4742290243829826e-02	   9.7060779156794758e-02	  -2.8136792375906310e-02	   1.4134190758663981e-01	   6.7714936256242508e-01	   4.6871081812416687e-01	   7.0820079553869519e-01	   5.9892649674455656e-01	   3.6293711253890404e-01	   4.1091037583982665e-01	   2.1988028774338425e-01	   1.7494453024581616e-01	   1.1410310259741747e-01	   9.2614033267820941e-03	  -1.0836959493012703e-01	   4.0736315997840486e-02	  -1.5413459509604571e-02	   3.8920400586241390e-02	   7.1593431854295231e-01	   5.2429001377158135e-01	   1.6488962147979444e-01	   2.3998880673304360e-01	   1.3827890436943402e-01	  -1.5261655232219259e-01	
   3.8164499618205988e-01	   1.8488256959842814e-01	   6.7153999188475211e-01	   6.7951668388238295e-01	   0.0000000000000000e+00	   7.4893210619161388e-01	   5.6537647066999508e-01	   5.6007318267980788e-01	   1.2329853781091045e+00	   6.3233849329635117e-01	   5.1974934159934327e-01	   3.6740534410219289e-01	   4.5357495601888842e-01	   4.0411633173227712e-01	   4.3153273886446775e-01	   4.1627878502060156e-01	   2.1937541178798267e-01	   1.5228218505861035e-01	   6.7901852394263718e-01	   5.3044238280944944e-01	   1.7541774906300456e-01	   1.5649926539427333e-01	   6.6790989787108102e-01	   6.7978033376619529e-01	   6.1099499602331186e-01	   7.2340935169643583e-01	   5.5150724690985720e-01	   4.9210604763057447e-01	   4.0371664460086731e-01	   3.0999978754111690e-01	   4.2297393804380773e-01	   3.4049793525076660e-01	   4.1634345372149417e-01	   2.9532027972185804e-01	   3.0462531420458150e-01	   2.2539471388139393e-01	  -1.0506216859277745e-01	  -2.0663495899078586e-02	   1.8658983376108260e-01	   4.0490644375346760e-02	   3.2341630291757056e-01	   2.5121095228314638e-01	   1.8705803733044635e-01	   9.6004583271674854e-02	   2.8363842280989560e-01	   2.7905999340867416e-01	   1.6386674958036296e-01	   1.6326722376789496e-01	   4.1013161481888938e-01	   5.4268536446157134e-01	   6.6791369684130586e-01	   5.2237663876727547e-01	   5.9167243556500382e-01	   3.7002393608439799e-01	   2.6466107240375736e-01	   2.1755312893532275e-01	   1.0491360022985390e-01	   1.4076925399685131e-01	   6.0733584632035487e-01	   5.8763163991623213e-01	   4.8534564183942375e-01	   5.0225321536443190e-01	   4.2641923563682088e-01	   4.6936265328979243e-01	   3.0778728694379454e-01	   2.0067071588972385e-01	   6.6334591595714110e-01	   5.7713991503484408e-01	   3.3111931460970467e-01	   3.3818175049702881e-01	   1.5407997751905700e-01	  -2.4318109266433855e-02	   2.3559730558404951e-01	   1.9440313922086683e-01	   1.1926789233630646e-01	   1.4820307991565582e-01	   1.9660302556054843e-01	   2.3846184674000837e-01	   1.6962543636460101e-01	   5.0444298979290564e-02	   2.6231648594626866e-01	   1.5323807742481818e-01	   4.1482248256405729e-01	   2.2700797713468707e-01	   4.0481700606128074e-01	   3.3043844921554477e-01	   1.9402998066114382e-01	   7.6269388914123978e-02	   4.8288721389933154e-01	   4.4195692363038208e-01	   4.4489337685657337e-01	   5.4676865018522691e-01	  -6.5160917672848588e-03	   1.4234776031914956e-01	  -7.4625186956578354e-02	   1.1078820518467269e-01	   3.0940621316854894e-01	   2.3240617496779248e-01	   3.9723582876900826e-01	   3.8952425488510739e-01	   2.7563767147249668e-01	   2.4926941090608384e-01	   2.8718653762912405e-01	   3.1037896394929521e-01	   4.8938647057173747e-04	   2.2968535093874084e-02	  -3.2324373850144091e-02	   2.5297708853681966e-01	  -1.3293234904257914e-01	   1.1645989432338208e-01	   5.1332040442367610e-01	   4.3735233534384516e-01	   2.6570917258118781e-01	   4.8323359627609232e-03	  -9.6615547767355425e-02	  -1.9421850126594550e-01	
   2.8713243986327158e-01	   1.8893439942470883e-01	   3.9193442499207803e-01	   5.8587707064369621e-01	   7.4893210619161388e-01	   0.0000000000000000e+00	   4.2726722716355936e-01	   6.5746098134548181e-01	   6.9387663628565410e-01	   9.9602894124115582e-01	   3.9375872088091635e-01	   3.7482183652300000e-01	   4.3805084761188395e-01	   5.2444673523103569e-01	   4.2758277489298135e-01	   4.4209555471759954e-01	   1.7622113014464177e-01	   4.4018328787303572e-02	   5.0150108568676433e-01	   4.6488370202811630e-01	   6.5506960658869642e-02	   1.9101132981937713e-01	   4.4823009760005972e-01	   5.7544810223527643e-01	   4.6575409841475046e-01	   6.7746555623830795e-01	   3.2270688415942522e-01	   5.2180655810698462e-01	   3.3780641224356850e-01	   2.0510219564119531e-01	   3.4538749070793562e-01	   2.9854385191382660e-01	   3.3959031100551051e-01	   2.7071666864083838e-01	   3.8538688807425575e-01	   2.9421092330454884e-01	   1.8720437169245551e-02	   6.4596392723517526e-02	   1.5877000613208783e-01	   8.1020074806870124e-02	   3.3837725554093978e-01	   3.1236589057778286e-01	   2.3638775621974517e-01	   1.6238523900419333e-01	   2.6029481642069452e-01	   2.6897940275263821e-01	   2.4336811856754509e-01	   1.9516604895818496e-01	   3.4244455877830277e-01	   5.9164270882905057e-01	   7.2814957303455774e-01	   6.6460850126521120e-01	   5.8489946820455330e-01	   5.8091333276226265e-01	   3.6790144956042659e-01	   3.1102645227528214e-01	   9.3021123744389339e-02	   1.5257766057566247e-01	   5.2830261264366196e-01	   6.8020498061622603e-01	   4.1087087371402542e-01	   5.9563440257601941e-01	   2.4765827477243868e-01	   4.8034540711737767e-01	   2.8802111387105173e-01	   3.5432780708379169e-01	   5.9729014873774544e-01	   6.9857427457965493e-01	   2.6716125583390615e-01	   3.7450995001437037e-01	  -4.3373383606716116e-02	  -1.0685478410913445e-01	  -1.7030910694357099e-02	  -5.3802252506454521e-03	  -1.1468106305091555e-01	  -1.3201325950492671e-01	   6.6315427243412106e-02	   4.5184511093819907e-02	   9.2333229337257114e-02	   1.9988794658265634e-02	   2.0885530559380097e-01	   1.7852796797505138e-01	   3.1131754186086713e-01	   2.4770609912285985e-01	   4.1506018878765988e-01	   4.1178342524261691e-01	   6.5509349219981194e-02	   1.4878033085572509e-01	   4.7943248209345657e-01	   6.5094247852130682e-01	   5.9102229005450957e-01	   4.9996440162569755e-01	   2.8137307990108523e-02	   1.3392624047228763e-01	  -4.0917189207383201e-02	   8.3784824465200941e-02	   2.3769856358189900e-01	   1.4334336225505395e-01	   4.2418294281126268e-01	   2.9487711279713869e-01	   1.1538665228400773e-01	   2.7074281287216861e-01	   2.3175772388138560e-01	   1.9186173644068333e-01	   9.0354310559795328e-02	  -1.1481882129069179e-01	   4.7483813761313817e-02	   2.0582910876541877e-01	  -1.2493022005935393e-01	   4.4294612461066661e-02	   2.5869118501240934e-01	   2.9946336035373505e-01	   7.5182494334899180e-02	   4.7022022764310098e-02	  -4.8940945848237787e-03	  -2.4825620166823595e-01	
   7.8499635614686161e-02	  -1.8963507769593702e-01	   1.1169559663001674e+00	   5.5035766223600502e-01	   5.6537647066999508e-01	   4.2726722716355936e-01	   0.0000000000000000e+00	   1.0862541358410807e+00	   5.7690405703657344e-01	   3.2726158476190603e-01	   6.3938958330218088e-01	   4.1723570896863221e-01	   7.4477725776955961e-01	   4.8122250716470294e-01	   5.5305543494752352e-01	   5.3847201153292612e-01	  -2.9381126528265536e-02	  -1.3267777650590562e-01	   5.1252805077297836e-01	   3.0114652999984048e-01	   1.1091917050297677e-01	   1.2841047478158629e-01	   8.0968743496204609e-01	   6.1681761295288584e-01	   4.3876401139761212e-01	   3.5960343935535372e-01	   7.4707917842207677e-02	   1.9534837919960069e-01	   3.0110806893492764e-01	   1.6198332459804729e-01	   4.5659103634864634e-01	   4.0999529362260578e-01	   3.2099685494061508e-01	   2.1049465511899129e-01	   6.1077266326483415e-01	   4.1916420027362111e-01	  -1.6245008245446610e-01	  -2.0984430674330234e-01	   9.6096967226092442e-02	  -1.1705850647492592e-01	   4.7256743413181540e-01	   1.9931610495327046e-01	   6.0483921704874766e-02	  -6.1783664330077502e-02	   1.7938642644149569e-01	   2.7724526322941600e-02	  -3.0670545416913188e-02	  -1.3704023483343392e-01	   1.7513700349052985e-01	   1.8915724022794156e-01	   7.0625055188076435e-01	   5.0510935009299940e-01	   5.0358927444871915e-01	   1.7051091376331950e-01	   2.3701747131752182e-01	  -4.3239384311419958e-02	  -2.5760432967053770e-01	  -2.6550579893441872e-01	   3.7096447862984794e-01	   2.6903635116455510e-01	   6.5527287303061965e-01	   6.2117403012441930e-01	   2.9864036227373536e-01	   4.3041794386513943e-01	   7.5496773846658460e-01	   4.5273094350384835e-01	   1.0145821662689929e+00	   6.2001974538183369e-01	  -5.5649749688592945e-02	   9.2084806698033650e-02	   2.0918847847851907e-01	  -1.4543166833252666e-01	   2.6447305121706777e-01	   8.7209611264866274e-02	   9.6588111145954961e-02	   8.3422176604787263e-02	   5.2514678216040972e-02	  -3.0081638078304231e-03	  -1.9043790774187350e-01	  -1.8122301973781435e-01	  -9.1041819436431096e-02	  -1.4633470717561414e-01	   2.3212021058374260e-01	   7.9429643419898083e-03	   6.3965997858288892e-01	   4.3878139112743442e-01	  -2.1775827651646378e-03	  -8.1157405624775691e-02	   8.5636885908923399e-01	   5.9170361030901697e-01	   4.4426355222471103e-01	   6.2041536836337585e-01	  -9.1981092412656645e-02	   2.9069928547275214e-01	  -3.6109664460043295e-01	  -6.0300228088361996e-02	   3.9890606096396969e-02	   1.0894950898321085e-02	   2.8198677643260639e-01	   1.7042264627375567e-01	   7.1639627791749497e-02	   3.3874195689574516e-01	   8.7147270646068684e-02	   4.9646810781262971e-02	  -1.8862717485640945e-01	   1.1602086826744682e-02	  -1.0915906209401033e-01	   8.2735096463710564e-02	  -2.3957805220278244e-01	  -1.9501669885250411e-01	   1.9506021167363083e-01	   2.6291121526256250e-01	   1.9890780971205349e-01	   1.1255884652443120e-01	  -1.7846456021731283e-01	  -3.7204167066593180e-01	
   1.8482046459434859e-01	  -1.5057968971436878e-01	   1.0130532613508241e+00	   9.2138762813764863e-01	   5.6007318267980788e-01	   6.5746098134548181e-01	   1.0862541358410807e+00	   0.0000000000000000e+00	   7.4041297479432078e-01	   5.0965659879894709e-01	   8.0573224708972702e-01	   6.1592050904913909e-01	   9.9966393369859075e-01	   8.0900963084871824e-01	   8.5012171955786231e-01	   8.7080772878590140e-01	   2.1573266915925907e-03	  -1.8173627252445351e-01	   5.4536201270090134e-01	   2.9046523152126602e-01	   1.9208019121185649e-01	   3.2888769809173091e-01	   9.3153333400283900e-01	   9.4640692665505188e-01	   6.6588598141995525e-01	   6.6068189722690385e-01	   1.4906565925644033e-01	   3.8445887328801359e-01	   4.6917903100096275e-01	   2.3831735324672459e-01	   7.3581198356826261e-01	   7.1997587542599761e-01	   4.7062148713346308e-01	   3.5060881245990855e-01	   9.6756449738565808e-01	   7.6209427800803431e-01	   1.5450956923986913e-02	   8.3077760189695284e-03	   2.7909776245719115e-01	   6.9888536405460791e-02	   6.1437666188035966e-01	   3.6012327142930128e-01	   2.6286830527132815e-01	   1.3336800969533841e-01	   3.8119800459387287e-01	   2.8045595388130934e-01	   1.5607946713904242e-01	   7.2600687585177168e-02	   3.2149471776474053e-01	   4.0477962876036438e-01	   9.2392891750481143e-01	   6.9208025178046695e-01	   6.0460793548435121e-01	   4.2052052224899594e-01	   4.8112626494589428e-01	   2.0458898111926463e-01	  -2.2959015598180710e-01	  -2.3910016202308459e-01	   3.7165405210090335e-01	   2.4340290911837048e-01	   7.0838623366257147e-01	   8.0173545513484124e-01	   3.6004871219053347e-01	   4.7200172786679506e-01	   8.2930380674831761e-01	   7.0332470327689622e-01	   8.9232579752914587e-01	   9.1784533682650249e-01	  -1.7672518258637521e-01	  -2.4590533316856674e-02	   2.8017023281841646e-01	   9.5499035939840590e-02	   3.1933209509260074e-01	   1.7510942658235273e-01	   1.6741600176824989e-01	   1.9857065033778437e-01	   2.5313863538700454e-01	   2.3773629283710451e-01	  -2.0439206655701220e-01	  -2.3424693625655257e-01	  -6.6707626167672077e-02	  -9.8875492908182622e-02	   3.1256711187209829e-01	   1.0353473359675275e-01	   7.1154993892053875e-01	   5.7372618313177270e-01	   1.1841601148091694e-02	   4.2892786520892463e-02	   7.3864248397183474e-01	   5.4610239475080768e-01	   4.2968847790449716e-01	   4.7871971623843662e-01	  -8.5405639741029965e-02	   1.1182882478417400e-01	  -3.0315258239630510e-01	  -5.7299106776981662e-03	   2.1671279654857603e-01	   1.1381684042181017e-01	   4.4459951475441606e-01	   2.7556696684116094e-01	   8.7522717421227761e-02	   3.6934583461279513e-01	   2.5315287889734580e-02	  -6.7364022700111686e-02	  -3.2912615999177712e-02	  -3.5005716911868817e-03	  -1.1925665306169538e-01	  -3.2747809052611883e-02	  -1.7228961521397401e-01	  -2.1444463013661458e-01	   2.8069665495473006e-01	   2.7381965192492663e-01	   5.1958047995375740e-02	   8.1178908794532822e-02	  -7.1448341662846984e-02	  -3.5786772946300893e-01	
   3.7988615516967417e-01	   1.0481443979158316e-01	   7.3636634998623018e-01	   7.3008555084330828e-01	   1.2329853781091045e+00	   6.9387663628565410e-01	   5.7690405703657344e-01	   7.4041297479432078e-01	   0.0000000000000000e+00	   7.2958430696600496e-01	   7.0342413746791776e-01	   4.8799110227087727e-01	   6.8293368451754011e-01	   5.2953093468123469e-01	   6.5863534602218476e-01	   6.0245069427254783e-01	   1.4249698649785508e-01	   1.7897988467113168e-02	   7.2005206911553654e-01	   4.2303698511195076e-01	   8.4350017452901049e-02	   1.3057178275590525e-01	   8.1825467003938313e-01	   7.5931016113293714e-01	   5.5904114627146351e-01	   6.3577673679280744e-01	   2.3658169478610969e-01	   3.1958457413159941e-01	   4.3806509215236134e-01	   2.5817636586420922e-01	   5.6648145004378547e-01	   5.3781325384667755e-01	   4.7464419001156066e-01	   3.4107994001125913e-01	   5.4018357130142691e-01	   4.6568018898330465e-01	  -7.5845627917260308e-02	  -9.6934411844936508e-05	   2.4957607644263741e-01	   3.2779441814955963e-02	   4.6248440763555132e-01	   3.6110592260620122e-01	   3.6638377277163919e-01	   2.1906245856775533e-01	   5.1207000224971222e-01	   4.2776891962132246e-01	   2.9234923107114419e-01	   3.0165119266840329e-01	   5.8367894582345314e-01	   6.6052371795632103e-01	   7.8597117553883500e-01	   6.4715079198869241e-01	   6.0927513625669760e-01	   5.0621573109629669e-01	   4.3638227987644429e-01	   2.9831531173038123e-01	  -2.6963363595522417e-02	  -1.4450791701435650e-02	   4.7818992881262684e-01	   4.9892780359074329e-01	   5.3129727299227791e-01	   5.2269643557071710e-01	   3.9819910461719615e-01	   4.5445953220036872e-01	   4.7879962426465184e-01	   3.3272184502689867e-01	   6.9252058945412320e-01	   7.1748544420297600e-01	   1.1848959794241895e-01	   1.2877313468017254e-01	   1.6396897626534088e-01	  -3.0705928163434686e-02	   2.8449981632335564e-01	   2.1302815803798958e-01	   2.3311773033807426e-01	   2.1812153649385535e-01	   3.1742817203762269e-01	   3.3199930598635441e-01	   3.3627069653602857e-03	  -1.0275698792314618e-01	   6.7663147090317455e-02	  -6.4767811390326543e-02	   3.2615737538371670e-01	   1.5209882613727743e-01	   3.9256695117741275e-01	   2.9280892304448136e-01	   2.4299468531943827e-02	  -1.0444505193067401e-01	   5.0068141181520120e-01	   4.5076760771677121e-01	   4.8590512810925135e-01	   5.7238973338267207e-01	   1.4860519360485821e-02	   1.5431570348941959e-01	  -3.2297021478104865e-01	  -6.6480516903472536e-02	   3.0640241818848468e-01	   1.8790292612186277e-01	   5.3670015176902874e-01	   4.2977684578167741e-01	   2.8095534315580134e-01	   1.9014848582528279e-01	   2.2672474533414241e-01	   1.3030880455583382e-01	  -4.5523747009589347e-02	   4.4439942999739412e-02	  -1.1520010304632873e-01	   1.0707290583293298e-01	  -2.4308764389392024e-01	  -1.2896462033872574e-01	   4.6358915887212981e-01	   4.2091172874532912e-01	   2.3587616580808593e-01	  -8.6608057321552245e-02	  -1.9456845920727678e-01	  -3.0589017993286960e-01	
   4.1612293737640726e-01	   3.1479023699589953e-01	   4.1253511648983848e-01	   5.7101192015568014e-01	   6.3233849329635117e-01	   9.9602894124115582e-01	   3.2726158476190603e-01	   5.0965659879894709e-01	   7.2958430696600496e-01	   0.0000000000000000e+00	   4.4190520604791161e-01	   4.0912001768401213e-01	   5.1626310789315266e-01	   4.7870896675546215e-01	   5.1014015105992516e-01	   4.8410666778442424e-01	   2.3504554558467461e-01	   1.2572480925073368e-01	   5.6613271944682331e-01	   5.3326928099977933e-01	  -1.8141667695052476e-03	   1.1187615674060865e-01	   5.0496637593116755e-01	   5.6259966119083704e-01	   4.6085866088299443e-01	   4.9573368006203056e-01	   1.2470304481295205e-01	   1.4486269812014999e-01	   3.8325022060736136e-01	   2.6685051037463936e-01	   4.2579384422401589e-01	   3.7556504144512565e-01	   3.9979796959533792e-01	   3.5052979706058152e-01	   3.0238853862191950e-01	   2.4168946368925792e-01	   4.9113205610357841e-02	   1.7350919030508299e-01	   2.4921903231804082e-01	   4.7918345748144499e-02	   3.6481562592255395e-01	   3.2910890702704276e-01	   3.9824620550198880e-01	   3.2838903955350440e-01	   3.7344573482398974e-01	   3.8191509285088021e-01	   3.8921756094633181e-01	   3.3769916886950374e-01	   4.9579809289933563e-01	   6.1602342685220501e-01	   7.9611927850649078e-01	   6.5496457352602744e-01	   6.0633490384050159e-01	   5.3423386843074838e-01	   4.4465184945295516e-01	   3.6712181245643999e-01	   1.6301640623968525e-01	   2.0323865319300613e-01	   4.9155114770707065e-01	   5.6102142705425506e-01	   4.0139711069129058e-01	   4.2918331779888585e-01	   2.6770305476938477e-01	   3.6602898741613793e-01	   2.8545132330576389e-01	   2.3783573152766418e-01	   5.3447127861774058e-01	   5.8971078908260932e-01	   3.9399517356134905e-01	   4.5253964960729132e-01	  -3.5679922236726169e-02	  -3.7749408033985112e-02	   8.9341626605650787e-02	   1.4327235434090521e-01	  -2.0566537957683463e-02	  -2.7103090171823252e-03	   1.1019669514158623e-01	   1.6313184051179783e-01	   2.0690494619920391e-01	   9.3972217685115184e-02	   2.4819393749407398e-01	   1.6349402340396632e-01	   2.6471942226955097e-01	   1.2607160325736341e-01	   3.4062997220855490e-01	   3.5160372529086886e-01	  -5.6281716916162523e-02	  -3.0033258949447084e-02	   4.4385724291564760e-01	   5.8627037707546059e-01	   5.4756849859283552e-01	   4.5199834018421448e-01	   2.0982717684927842e-02	   1.4964090330512808e-01	  -3.4449200937280079e-02	   8.9278355186256569e-02	   3.5796200435597569e-01	   3.1317394571548191e-01	   5.2980250246985605e-01	   3.0082570580711426e-01	   8.2682759523928687e-02	   3.0825753829720615e-01	   8.5111338907633317e-03	   1.1718910924197144e-01	   5.0351089121140349e-02	  -6.6084785514772773e-02	  -4.8657698279410529e-02	   2.0766831382429501e-01	  -3.8818452926713466e-02	   1.5544379695473770e-01	   3.6792027931716442e-01	   3.0603231140739473e-01	   6.2837395739660046e-02	  -6.0534221604402062e-02	  -1.0509852349339752e-01	  -2.1602324665566497e-01	
   8.9029663537573001e-01	   3.3205433108153581e-01	   1.0601808721575998e+00	   6.8208213041929988e-01	   5.1974934159934327e-01	   3.9375872088091635e-01	   6.3938958330218088e-01	   8.0573224708972702e-01	   7.0342413746791776e-01	   4.4190520604791161e-01	   0.0000000000000000e+00	   1.3677837384773999e+00	   1.7173689211971110e+00	   1.3449133087603140e+00	   1.5090815888962943e+00	   1.4105407217335844e+00	   5.4574153576876472e-01	   3.4678449877051065e-01	   1.1287096658631126e+00	   6.0619152959975975e-01	   4.1436903266482572e-01	   5.0852932107134108e-01	   1.1735129953874099e+00	   1.2571684765494970e+00	   8.1965462652717136e-01	   7.8100786372613251e-01	   3.9277128799360900e-01	   5.0135541857932497e-01	   1.0893174562212948e+00	   6.7339879693192395e-01	   9.6075844929913323e-01	   9.2971005817026842e-01	   9.0442131516940960e-01	   7.6351087085048663e-01	   8.1266860463766588e-01	   7.6172154217560895e-01	   4.6493708356835195e-01	   4.4677565621650289e-01	   6.7841316374918359e-01	   3.8938581301386266e-01	   8.7064115389395313e-01	   7.4395501648358797e-01	   5.8841019208439016e-01	   4.6114193612016879e-01	   6.3163787734863130e-01	   4.7537043608391460e-01	   5.8297526714697834e-01	   5.1326348723917214e-01	   6.9576656497342693e-01	   4.6232880909782953e-01	   7.9450796383782896e-01	   7.9866022617920507e-01	   7.2752478246872565e-01	   6.5444273063473879e-01	   8.5795010677087113e-01	   6.7556860887428338e-01	   3.1312367595180512e-01	   2.7334853350536503e-01	   5.9853262043955613e-01	   3.9944016849962904e-01	   1.1174749524823644e+00	   7.8972421327847930e-01	   9.4815680488865872e-01	   8.6168246828158079e-01	   7.4628767021210440e-01	   5.5130375235680751e-01	   7.5612473987443296e-01	   6.5413971581073316e-01	   2.2974414668370607e-01	   2.8035227516232708e-01	   2.7826239554611210e-01	   2.6987226070748960e-01	   5.5885313881189802e-01	   4.4644687861608678e-01	   3.6580571949675722e-01	   3.9624889794331242e-01	   4.8791988988974211e-01	   5.1987250014888464e-01	   2.8740231223441215e-01	   2.5617286766235925e-01	   4.0735762414387056e-01	   3.5262306170787250e-01	   8.0225946293723238e-01	   4.9338025471887187e-01	   1.0987238606411558e+00	   8.4011443969684918e-01	   3.0027040841842245e-01	   3.1079102286947624e-01	   8.6759066555110342e-01	   6.7185570269934702e-01	   1.7767309950380011e-01	   4.5006738366375337e-01	  -3.3201547188635427e-01	   4.8819192422580635e-02	  -2.1122361619128632e-01	  -2.1634486689106125e-01	   6.0833765788258665e-01	   5.1872396480541760e-01	   6.8013304396274821e-01	   6.5452091409016244e-01	   2.6038247173675581e-02	   2.3726191044900213e-01	  -5.0646552422976901e-02	  -1.3631985141785399e-01	  -2.6235117650336742e-01	  -2.0574422076455437e-01	  -1.8955117753289807e-01	  -1.1699202734832818e-01	  -1.3683974128580087e-01	  -1.2101894711498717e-01	   6.6431214238454495e-01	   5.8111318985701466e-01	   3.2438427546588733e-01	   9.3783909936914725e-02	  -1.5453061255645167e-01	  -3.2224606102590653e-01	
   1.0025453710993413e+00	   4.9792902629297697e-01	   7.6882186138914022e-01	   6.0080745355717702e-01	   3.6740534410219289e-01	   3.7482183652300000e-01	   4.1723570896863221e-01	   6.1592050904913909e-01	   4.8799110227087727e-01	   4.0912001768401213e-01	   1.3677837384773999e+00	   0.0000000000000000e+00	   1.1335491918166190e+00	   1.5678099181055760e+00	   1.1332384745831259e+00	   1.2004695888881203e+00	   8.0298024965225645e-01	   6.4882458752131822e-01	   9.0781916786334738e-01	   6.0629071877392871e-01	   5.1822769216780618e-01	   7.0464620187434879e-01	   7.9492343639620500e-01	   9.8367093018354046e-01	   7.7831472933349521e-01	   7.6221188141384832e-01	   4.3199066869552977e-01	   5.2902413610243693e-01	   1.2952058119674714e+00	   1.0142448732560430e+00	   9.1137031649167244e-01	   9.6236644257880577e-01	   1.0693833050505299e+00	   1.0144448569915596e+00	   6.6413136826430796e-01	   7.2557334321870681e-01	   6.7956363082595095e-01	   6.4889980738228537e-01	   8.8084497661456962e-01	   6.4660021072454044e-01	   8.1838104732459560e-01	   8.6110668237599219e-01	   6.5039051680944970e-01	   5.4700604125953733e-01	   6.4464125340617018e-01	   5.2611686582788830e-01	   7.2648054451927235e-01	   6.1651426058622827e-01	   7.4173887430589547e-01	   5.3962463255154947e-01	   8.8854388819608321e-01	   9.6912715604618904e-01	   7.9459773665181344e-01	   7.4679573058216986e-01	   1.1080247396808376e+00	   9.9265947483022809e-01	   5.4350258802407425e-01	   4.9093441437644714e-01	   5.2938744365191370e-01	   4.0357200211762373e-01	   8.6221576739064110e-01	   6.7966326527760246e-01	   8.7054722635473436e-01	   8.2527891298184419e-01	   5.7519791933713105e-01	   5.3279238874922319e-01	   5.7548089654417467e-01	   6.0300281894353369e-01	   3.1166047739909503e-01	   2.9709615189735944e-01	   1.9160893993732089e-01	   3.2969482528738919e-01	   6.3832653674351580e-01	   5.8810866114761451e-01	   3.7103420557059863e-01	   4.5125363683715525e-01	   4.0382711358175843e-01	   4.1319997240552164e-01	   4.9559045034179916e-01	   4.6735980306202207e-01	   6.1458763371818859e-01	   5.9493438641532903e-01	   8.3407509385919210e-01	   7.1635155624413938e-01	   9.2555645454207747e-01	   8.9458791616373590e-01	   4.4536357056755355e-01	   5.5596697331215927e-01	   6.4928122808543454e-01	   5.8380606311186101e-01	   4.3318009567159033e-02	   2.3969757679521170e-01	  -4.8676726851749375e-01	  -1.3459596361539644e-01	  -1.0895749468343216e-01	  -1.1263417466200774e-01	   7.5721027363143711e-01	   7.3671542637233967e-01	   7.4105531788089474e-01	   7.5793170531016751e-01	  -1.0238746450223249e-01	   1.0958463295002263e-01	  -1.2133222826034816e-01	  -2.3280349578983220e-01	  -1.8683170269097754e-01	  -3.1269700113591087e-01	  -1.8430878382198146e-01	  -1.3387740149761251e-01	  -2.2770267966150962e-02	  -6.3584693806274156e-02	   6.5044557193077368e-01	   6.6695708435501055e-01	   3.4164244435465879e-01	   1.1474277949898061e-01	  -2.8766986880388114e-02	  -2.0338801532589018e-01	
   6.3581030414497708e-01	   1.7314337682094055e-01	   1.0325772716184729e+00	   6.6345540320510088e-01	   4.5357495601888842e-01	   4.3805084761188395e-01	   7.4477725776955961e-01	   9.9966393369859075e-01	   6.8293368451754011e-01	   5.1626310789315266e-01	   1.7173689211971110e+00	   1.1335491918166190e+00	   0.0000000000000000e+00	   1.3540430475713017e+00	   1.3749625543864001e+00	   1.2910276288437548e+00	   3.8029732522036697e-01	   1.9101298879818809e-01	   8.2720243001407157e-01	   4.4658670148310681e-01	   2.5580496449159507e-01	   3.9689365220763217e-01	   1.0948542008225741e+00	   1.1597362865273699e+00	   7.5016017739161533e-01	   6.7229068093011712e-01	   2.9422322213938251e-01	   4.4055596823961463e-01	   8.9477808984669815e-01	   5.2846894451242554e-01	   8.7292510330040551e-01	   8.4982861609006044e-01	   7.6848022959436424e-01	   6.5991405241933021e-01	   8.8956899296255476e-01	   8.0232617009210383e-01	   3.3577711283143119e-01	   3.2416213993841225e-01	   6.2617599240296806e-01	   2.7663088797348317e-01	   8.1891990949044535e-01	   6.2064989541777371e-01	   4.7726212205093521e-01	   3.4532556750368948e-01	   5.5183627595544493e-01	   3.9617043772928889e-01	   4.2071117578957051e-01	   3.6734128346624983e-01	   5.6881243178893437e-01	   3.9048979190748118e-01	   8.0342814061553913e-01	   7.9886305403848712e-01	   6.8507032175646743e-01	   6.0442807252011832e-01	   7.9166128869887786e-01	   5.7576790287083668e-01	   1.7079008908346752e-01	   1.2567987420257215e-01	   4.9615339461219943e-01	   3.3853563671073672e-01	   1.1440725634657507e+00	   8.5234196468892487e-01	   7.8304708991927985e-01	   7.5355430640412480e-01	   8.7500634274904421e-01	   6.4571660390992258e-01	   7.9230966301109895e-01	   7.0598235071081772e-01	   1.0059183742649469e-01	   1.9801304113162679e-01	   2.1128884247559190e-01	   1.7328290997938123e-01	   4.1215161514420984e-01	   3.2907561842909339e-01	   2.6395096573483362e-01	   2.9404999656014591e-01	   3.8681148908010160e-01	   4.1878359007992128e-01	   1.5373810671074750e-01	   1.3586441353149631e-01	   2.5306419821839743e-01	   2.3245970159374429e-01	   6.0434848619404502e-01	   3.0352027011430621e-01	   1.0712199727649578e+00	   8.6842605655960547e-01	   1.6678275020453182e-01	   1.9383196668095332e-01	   8.8141273753402205e-01	   6.8533415486680060e-01	   1.5416202037430871e-01	   3.4060964401732990e-01	  -3.4425786777637823e-01	  -6.4805773954125581e-03	  -3.3429962357427956e-01	  -2.2473379594274032e-01	   4.5822740291618164e-01	   4.4372870667517100e-01	   5.3202024089501154e-01	   5.0408632347699744e-01	  -5.5256462073385977e-02	   1.8868109595341270e-01	  -1.8091412281448338e-01	  -2.1396238236490486e-01	  -2.9164322965297412e-01	  -2.0840935186731929e-01	  -2.0861767571314049e-01	  -1.2503951889449549e-01	  -1.4771814229543540e-01	  -1.8466230424265093e-01	   4.7664128469330380e-01	   4.4268042263246787e-01	   2.2696397807030716e-01	   8.7177604561292962e-02	  -1.8852589308194234e-01	  -3.5155970174138423e-01	
