   0.0000000000000000e+00	   9.5816845948849816e-01	   4.7819148343548129e-01	   4.0557064938791210e-01	   6.7364136255859064e-01	   3.6107742116375435e-01	   5.9562652070022370e-01	   2.4334546739816276e-01	   5.0497248683841878e-01	   1.5074644547885085e-01	   9.3241318504289183e-01	   7.2384744958940195e-01	   7.0457385202361755e-01	   5.4200639390188798e-01	   6.3087033396483039e-01	   6.4929588812741512e-01	   4.4347161931441370e-01	   1.0356124675935047e-01	   5.6498079685270886e-01	   4.3933106852272097e-01	   2.7015320151430045e-01	   1.2505036618890450e-01	   4.0566211914186817e-01	   3.2125072024919005e-01	   3.6635002764560481e-01	   2.8896950046615705e-01	   5.0855596829514782e-01	   5.5748479173349508e-01	   5.1834789660029323e-01	   3.4889782043434525e-01	   3.8046603520537714e-01	   2.5494787842926869e-01	   3.1076174678690710e-01	   1.6087897603165671e-01	   1.2114823063144659e-01	   4.3137567902757093e-02	   4.7607729163344709e-01	   3.7042344387259279e-01	   4.2898785111338883e-01	   3.1434229666008906e-01	   3.7685154042000801e-01	   1.6244836284767059e-01	   2.7198646070215837e-01	   3.5044296489710569e-01	   4.2872486261425524e-01	   3.6828645658803810e-01	   4.1106579671566029e-01	   3.5532530082353458e-01	   8.2919851752737639e-01	   5.9627515222650118e-01	   8.0606540977259111e-01	   7.2117946441914826e-01	   7.8509137600743750e-01	   7.3580081674012310e-01	   6.0788104670683774e-01	   6.7122616803020396e-01	   9.8797218001583598e-01	   8.4604559576350757e-01	   8.3100564740711724e-01	   8.1415330672982766e-01	   7.2718506815321948e-01	   2.3930305174328875e-01	   5.2289368312609863e-01	   2.7342581480693884e-01	   1.3841987392766373e-02	   1.1001822535594055e-01	   3.0802644838190657e-01	   1.8473862866661411e-01	   4.2451613574236791e-01	   1.4910907118604722e-01	   2.4016516669433374e-01	  -4.1581040337506002e-02	   5.2433105360906229e-01	   4.6026502796494329e-01	   5.0709042297638640e-01	   4.5230540200015690e-01	   3.5324670840814643e-01	   2.5560954748190390e-01	   2.6913520835951998e-01	   1.1809883532111753e-01	   4.6297417285528897e-01	   4.1824243235298664e-01	   6.0892366691856292e-01	   4.8057389089537111e-01	   5.5614017422739659e-01	   2.8407333839939763e-01	   4.8029431119430743e-01	   3.3452273860726617e-01	   6.0471198085784217e-01	   6.1918200339377394e-01	   2.2781686237991822e-01	   1.2852498856602818e-01	   2.5860428683815145e-01	   3.6357139106586533e-01	   2.1139604896322892e-01	   1.8377946217423818e-01	   5.4452228081630960e-01	   3.5010762727878647e-01	   5.6380073485687099e-01	   4.8140094524537824e-01	   2.4823895117773104e-01	   4.7146645238688106e-01	   1.8706728116457982e-01	   5.0636985680181890e-01	   1.4411655975200516e-01	   3.6608790742505792e-01	   2.2890479046495049e-01	   4.4308215240551613e-01	   1.1265576060011866e-01	   3.3569258480742004e-01	   4.4343293478992485e-01	   3.4215151042336889e-01	   3.9240270500967317e-01	   3.0728556132580392e-01	   3.0236984332671879e-01	   1.2201606481127912e-01	
   9.5816845948849816e-01	   0.0000000000000000e+00	   2.6161535394777952e-01	   4.1021476766334780e-01	   3.7180507884712644e-01	   2.9112811414493517e-01	   2.6102442617178045e-01	   2.2411374940241563e-01	   2.4415821265953458e-01	   1.4767190612864131e-01	   6.0384671128912637e-01	   5.3854291877850169e-01	   4.3221280588252398e-01	   3.8828148455864553e-01	   4.0028143842326847e-01	   4.7763540885473216e-01	   5.9663694820010138e-01	   3.1267425299125817e-01	   6.3198362853477796e-01	   5.6573497045021925e-01	   2.5967995726380966e-01	   1.2540856929123330e-02	   3.0082285617295496e-01	   2.0569004745628572e-01	   2.9961363077789593e-01	   1.9194729177785205e-01	   3.0774098010350842e-01	   3.3429772983552558e-01	   5.2992526091653969e-01	   3.4430573609519766e-01	   4.3431034107622446e-01	   1.8999855817116212e-01	   2.4007994692120094e-01	   2.2849792427327986e-01	   1.5409349184869123e-02	   1.5834612663840907e-02	   3.9195276014323538e-01	   3.2824641900638563e-01	   1.7142394795359855e-01	   2.0915623381555223e-01	   4.0378678632509268e-01	   2.2870884454384321e-01	   3.8801044367669668e-01	   4.6229368687913225e-01	   4.1092991862434036e-01	   4.0498663966176035e-01	   4.9143052878451027e-01	   4.8573110230563155e-01	   7.1599385033936813e-01	   6.0228131237398275e-01	   6.3007711242852593e-01	   6.2208708881025454e-01	   8.4962947943949918e-01	   6.8933479452187940e-01	   5.3085888410284143e-01	   6.4229443409242482e-01	   1.0830848979432413e+00	   9.5830981670284576e-01	   5.2054634099808172e-01	   6.8273330994582426e-01	   4.0817757582765857e-01	   1.8691713898372214e-01	   3.7659182677317010e-01	   3.1342379697670497e-01	  -1.3949958727590694e-01	  -4.9968076075989437e-02	   1.0493505823931454e-01	   5.2496213521486645e-02	   4.3349852425501434e-01	   3.5309254164584619e-01	   3.2073071545680787e-01	   1.3176991351050821e-01	   5.0630860838368552e-01	   5.2998050778576389e-01	   4.7300838095085229e-01	   5.7721496115749626e-01	   4.2085245534366428e-01	   3.8818156819835392e-01	   4.1714698763519020e-01	   1.5753249812304354e-01	   6.6737952487120566e-01	   4.0764831492915138e-01	   3.9490256916605743e-01	   4.7741334853587747e-01	   3.2045236967119267e-01	   1.1800333067347402e-01	   2.5799346567928427e-01	   2.3242538450085609e-01	   5.7679677098099014e-01	   5.9471731171436049e-01	   4.3891856964884463e-01	   2.1594180227471116e-01	   3.1416008583989563e-01	   3.0379381643436287e-01	   1.5290207306556991e-01	   1.0626058843865394e-01	   4.6125763300642242e-01	   2.9443409973778090e-01	   7.0292113980857740e-01	   7.1109183975405110e-01	   3.3021639282784626e-01	   3.9282759761881048e-01	   2.5168849672350002e-01	   4.8393939996899249e-01	   1.2703108783321315e-01	   2.8550950126263169e-01	   4.1567975072292740e-01	   1.9889808785024332e-01	  -4.1553812667704963e-02	   1.7728969541334383e-01	   3.9958169255894438e-01	   5.8150879366387309e-01	   5.0175618635873820e-01	   3.5149739567918020e-01	   1.8073251235580476e-01	   1.1018694388769160e-02	
   4.7819148343548129e-01	   2.6161535394777952e-01	   0.0000000000000000e+00	   5.4285757553948588e-01	   8.3401736504685053e-01	   3.0106964914335321e-01	   1.0351446279487961e+00	   2.1681929484429932e-01	   5.9561159635468963e-01	  -1.2640790883179770e-01	   3.9191059949017915e-01	   2.7454028427560084e-01	   3.1419653357491639e-01	   2.7366275161321918e-01	   6.9342555723625332e-01	   7.6230679583740169e-01	  -2.0691611812759406e-01	  -3.7353316488892813e-01	   5.8235967900912046e-02	   1.2456570868962365e-01	   5.8909344511402406e-01	   7.5084065708120207e-01	   9.5019505580786334e-01	   6.9000861378403422e-01	   1.2390004384789381e+00	   9.8664225263424565e-01	   1.1391127094857803e+00	   8.3485232149610811e-01	   1.9571118418498662e-01	  -2.5325513035463480e-02	   5.7285743041152026e-01	   4.0903882468420300e-01	   5.0533604060456028e-01	   2.1394892525471154e-01	   7.2199925590094849e-01	   5.3587810683383763e-01	   6.0400812151671446e-01	   5.4485946887946013e-01	   7.2973870989249412e-01	   5.0312986989294661e-01	   1.7519743526582027e-01	   2.0997100573701685e-01	   7.7558084466189448e-02	  -5.3130670782784075e-03	   2.7683013398054723e-01	   5.4507725205192883e-02	   1.8409016182950214e-01	   1.2742146532363938e-01	   4.2862686663881244e-01	   3.2897366939256345e-01	   5.6304481683570162e-01	   4.7471698037798171e-01	   3.1972044108437386e-01	   4.0186310170333950e-01	   5.8441774153518422e-01	   6.2714611499565942e-01	   2.2081080550548993e-01	   1.3981001944142804e-01	   5.4996502017828841e-01	   3.8731423391106778e-01	   3.7691112719342107e-01	   1.0449936431549987e-01	   2.3516048867438580e-02	  -2.8678319156385734e-01	   6.0074181331061094e-01	   3.3333354430165774e-01	   7.8069200408352157e-01	   6.1397390749600289e-01	   3.7635195678738953e-01	   1.8794228939767324e-01	   4.5964016957970083e-01	   4.6722832812909253e-02	   2.6564349281381044e-01	   1.4566706436251309e-01	   2.2162178556824041e-01	   2.6491007372149400e-01	   3.1781178767462392e-01	   2.7941931485064919e-01	   4.8549415395943089e-02	  -3.3914399891861791e-02	  -9.2481328960676741e-03	   1.4898297581098560e-01	   7.7458307968757467e-01	   3.5804016348427964e-01	   9.1985686592235105e-01	   7.9520481006646482e-01	   8.2270012033591344e-01	   7.3365830252975173e-01	   7.7280877997449626e-01	   6.9323687653993460e-01	   6.5101427047943805e-02	   2.6490520584249611e-01	   1.1438341714033273e-01	   4.9825376500469465e-01	   2.5984399837509298e-01	   2.5889100057973746e-01	   5.7736685191046144e-01	   6.0215644244305855e-01	   9.1017588598508989e-02	   3.5068617522116424e-01	  -6.2216787570017987e-02	   2.9755581863507113e-01	   3.3983544112572067e-02	   2.5922304271325197e-01	  -4.5280975097662553e-02	   9.0984047457209824e-02	   1.6080028863028856e-01	   3.0270109024399444e-01	   2.4711355128986717e-01	   4.3930588318491059e-01	   5.1935470823629659e-01	   1.5401804607057212e-01	   2.7401969308819563e-01	   1.8319454714319100e-01	   1.9209468031502691e-01	  -2.5928852877853059e-01	
   4.0557064938791210e-01	   4.1021476766334780e-01	   5.4285757553948588e-01	   0.0000000000000000e+00	   6.1827359482886712e-01	   7.5934106573673066e-01	   5.9109747046926409e-01	   1.0363135980628708e+00	   5.1178745263305103e-01	   4.6356648392587879e-01	   3.7304317925977759e-01	   7.0907165104924319e-01	   2.3992092562434841e-01	   4.2845184243721396e-01	   3.9620294250347859e-01	   5.3184111415648339e-01	   1.5278232840663908e-01	  -6.0931919567357086e-02	   1.2664301106997877e-01	   2.2613525490088371e-01	   3.2412797368885388e-01	   3.1227089786353573e-01	   5.2953565202946784e-01	   7.5142026011834084e-01	   5.7194260758510529e-01	   7.3222447856401529e-01	   5.8285980551019678e-01	   5.3592706957445657e-01	   2.3744200583994612e-01	   2.1303978879908517e-01	   4.6075051530278560e-01	   6.0891687684471851e-01	   4.1666370231400252e-01	   4.4802761828726678e-01	   1.5464852418577743e-01	   2.8898792783146787e-01	   3.5596004619840121e-01	   3.5473589124013594e-01	   3.6328484276994788e-01	   3.3747794638693374e-01	   1.1479183019091105e-01	   2.5483144191192209e-01	   3.4340286915237489e-01	   3.1638206172749317e-01	   5.4456826704428785e-01	   4.5617334225701689e-01	   5.6724039596470033e-01	   4.7115921937664168e-01	   6.0196493501010162e-01	   5.8126040229992837e-01	   5.8933235469554135e-01	   6.1267840438853205e-01	   6.0354357404626580e-01	   5.5223966476574438e-01	   8.9932909894965840e-01	   8.3234183734538369e-01	   2.5539464099241899e-01	   1.5552306326350637e-01	   6.6620495324615203e-01	   5.0868193691676256e-01	   3.8360343780214795e-01	   5.9946729616706018e-01	   1.4646726202399873e-01	   1.6259688640551631e-01	   3.0336845285897979e-01	   6.0302955125667235e-01	   3.8145905203023200e-01	   6.0249928322300650e-01	   5.9902313865846296e-02	   3.3797738674099082e-01	   1.8410771664311532e-01	   1.1115766079931989e-01	   4.3157375035831524e-01	   4.4192339032614814e-01	   4.3364422625793891e-01	   4.9192326352734062e-01	   1.9418282921757038e-01	   3.0884906737362849e-01	   2.1773722333170301e-01	  -5.1528935389364434e-02	   1.7722672547991039e-01	   1.9658731559271059e-01	   5.9503764479169596e-01	   3.6501612123036747e-01	   4.7167543793493144e-01	   6.6051911412404418e-01	   4.6465111909563733e-01	   6.0864315205159036e-01	   7.0245768618451221e-01	   7.5840541564578967e-01	   7.7031520852970570e-01	   2.0396322594555544e-01	   5.6279905235789263e-01	   2.0874562758917395e-01	   3.5903368664260654e-01	   3.0216595363852305e-01	   7.3963367107451250e-01	   5.4988651528605470e-01	   5.8104669318972357e-01	   6.4060840766967053e-01	   5.0054339680800108e-01	   3.2701498218867375e-01	   2.3917470639400093e-01	   4.4402845059401358e-01	   6.1449285935698872e-02	   2.1421652649834200e-01	   3.8822774688938150e-01	   2.8203740050022175e-01	   1.9200588463627821e-01	   3.9537853066204043e-01	   6.0767400624841561e-01	   3.6574420916122691e-01	   4.3907078173397990e-01	   1.2455094106519364e-01	   3.7446580566353405e-01	  -6.8503044767617344e-02	
   6.7364136255859064e-01	   3.7180507884712644e-01	   8.3401736504685053e-01	   6.1827359482886712e-01	   0.0000000000000000e+00	   5.9021964870760513e-01	   1.0234768826046117e+00	   4.8689896268989341e-01	   1.2510863295605430e+00	   3.0003726224598193e-01	   4.9762228004341080e-01	   4.1133075699286659e-01	   4.8388336965719231e-01	   2.5654238425807979e-01	   5.5015444587184448e-01	   5.8880125173813436e-01	  -6.0607670396633798e-02	  -3.0549332900946219e-01	   5.6918023354380794e-02	   1.2574794773486131e-01	   5.0508964074056162e-01	   4.4921883379809868e-01	   6.7494881644732918e-01	   5.0354523538394258e-01	   7.0575931772367606e-01	   6.4537450052998779e-01	   9.8490976095233862e-01	   9.5408257742972347e-01	   2.4946281365155182e-01	  -1.1971761297078465e-02	   2.3482437635520592e-01	   2.5627677633740864e-01	   2.5352669591901222e-01	   1.0152232722322550e-01	   4.4968811151464577e-01	   3.5258401553895402e-01	   4.6687755715405954e-01	   3.9420404102572315e-01	   5.8520599408900109e-01	   4.6463917390130305e-01	   9.6098924804728120e-02	   1.4015784099700779e-01	   1.9592969518345230e-01	   1.5082425069395991e-01	   5.2438521655503056e-01	   3.0593024638169131e-01	   3.3730391859088699e-01	   2.7232280043271062e-01	   6.7586394268327388e-01	   5.3209204772855845e-01	   7.3555225646562661e-01	   5.6721469059357665e-01	   5.4434204248457796e-01	   4.7679212297568085e-01	   8.1310084545094286e-01	   7.4007452577050226e-01	   2.4006557216153418e-01	   1.2415450466816513e-01	   7.5608773075369140e-01	   4.2431708098867266e-01	   4.7174973853245472e-01	   3.2853454014243577e-01	  -1.6648262422359953e-02	  -1.6171260016340935e-01	   4.0868327494663903e-01	   5.2245259448296943e-01	   6.8389012170653707e-01	   5.8985015386874173e-01	   1.3888786132201969e-01	   8.9349076124349280e-02	   3.2665745960940312e-01	  -1.0616807356048688e-01	   4.3958776889099771e-01	   2.7795431144643623e-01	   4.0597323873965258e-01	   4.7596658901575972e-01	   2.6426572873959298e-01	   3.5887396438693780e-01	   8.6614028088739914e-02	  -2.3816706659923187e-01	  -2.4393311763271613e-02	  -4.9370374647126417e-02	   5.9704925769178152e-01	   1.3290673324974864e-01	   6.0898009638479544e-01	   4.7842254183887079e-01	   6.5513378029151781e-01	   5.7656725255724273e-01	   5.7660587827708509e-01	   6.0028283725363329e-01	   3.0398191804161917e-01	   2.4149883859590543e-01	   2.7999802957034436e-01	   3.1038009274566486e-01	   2.4877339544001437e-01	   2.8015961819728541e-01	   6.2419084616524501e-01	   5.3745171613412623e-01	   2.9775649075230953e-01	   5.1883910222208740e-01	   1.5929588045354451e-01	   2.8475253119675903e-01	  -1.0877217008871556e-01	   3.3148393140441740e-01	   6.0284810962112537e-02	   2.5202615075977508e-01	   2.4520224710452665e-01	   1.5700858715656060e-01	   2.1995852225943358e-01	   3.7459280206177753e-01	   4.6186954843042061e-01	   3.2895602729985918e-01	   3.8682841270225593e-01	   2.0447957574352774e-01	   1.9553061115312900e-01	  -1.2624030304694456e-01	
   3.6107742116375435e-01	   2.9112811414493517e-01	   3.0106964914335321e-01	   7.5934106573673066e-01	   5.9021964870760513e-01	   0.0000000000000000e+00	   5.0140486796987294e-01	   9.9681313219353118e-01	   5.3292495067970136e-01	   7.1333300029855207e-01	   4.3384183566914158e-01	   4.9913483932909403e-01	   3.6471816421766545e-01	   3.0085404330583132e-01	   3.5650494843793140e-01	   2.9715334934591947e-01	   2.2987142846366054e-03	  -1.8008202893274683e-01	  -1.6149780084337592e-01	  -4.2578313080106484e-02	   3.3561449408191751e-01	   3.4706338876825588e-01	   3.6963624305141740e-01	   3.7272520664496211e-01	   3.5878106616547795e-01	   5.0816346211915242e-01	   5.0717706841906485e-01	   6.7150802272263999e-01	   7.9371701922458585e-02	   4.1027275746677284e-02	   2.3473877247361205e-01	   3.4454259843599122e-01	   1.0874858210573990e-01	   1.6077502315302661e-01	   2.7462867534051849e-01	   4.5364184419423653e-01	   3.5644012663749614e-01	   4.0057921670963026e-01	   4.0098303215490511e-01	   3.4825042890748581e-01	   2.2587123029989525e-01	   3.0294343038320365e-01	   2.6002825714952105e-01	   2.2374745727271522e-01	   5.1296746235078938e-01	   3.3358551346387055e-01	   3.6993832762373402e-01	   3.3624902810679191e-01	   6.3370705530837557e-01	   5.9903507222174535e-01	   6.2222413850622216e-01	   4.2285115631636006e-01	   4.7241541435798473e-01	   4.3749831838848646e-01	   8.0306499838013323e-01	   7.9269438300847406e-01	   1.0795234142086002e-01	   7.0361767950317733e-02	   5.5652109306920294e-01	   3.7074111059386378e-01	   4.5350144380813362e-01	   7.6708270150330937e-01	  -1.4630827494960860e-01	  -3.0393758934445826e-02	   3.4288389429789229e-01	   7.3126869717551168e-01	   4.6614649771942179e-01	   5.7332033826473938e-01	  -2.4086455833987130e-01	   3.0997609872629305e-02	   3.6658617575389650e-02	  -3.6361696435482468e-02	   2.4295548318579996e-01	   2.1901538273227145e-01	   2.3474462182720046e-01	   3.0030559578974164e-01	   1.8146372067980354e-01	   1.8932648852803449e-01	   1.0404330832914738e-01	  -2.2613191980403868e-01	  -3.6601383440015581e-02	   7.0856798898927056e-02	   2.4216202381647869e-01	   4.8010863371749167e-02	   4.7070595926572401e-01	   5.5307762782750136e-01	   3.1231657236186455e-01	   4.8368016285424115e-01	   4.6786163866723718e-01	   3.8749774557992173e-01	   6.3367359053446193e-01	   1.0571355682093964e-01	   5.4457216790531437e-01	   7.5431483400158275e-02	   2.8729128176670393e-01	   4.7837928769752303e-01	   5.4752344770491002e-01	   5.7364256284628579e-01	   4.4739564191586079e-01	   5.0386682959344153e-01	   4.2320518691941317e-01	   1.2704390315791636e-01	   9.4768109090419772e-02	   1.5257923699974618e-01	   1.3056186959464397e-01	   3.5570236070358396e-01	   2.8154755415413985e-01	   8.4669968200603435e-02	   3.8687080156555081e-01	   5.2726905727486351e-01	   4.8332094145682641e-01	   3.3019165522053534e-01	   3.4352168092590080e-01	   1.7373096472484695e-01	   4.6153388451478955e-01	   1.1571688826873409e-01	
   5.9562652070022370e-01	   2.6102442617178045e-01	   1.0351446279487961e+00	   5.9109747046926409e-01	   1.0234768826046117e+00	   5.0140486796987294e-01	   0.0000000000000000e+00	   5.2061386619911898e-01	   8.1356030231889975e-01	   1.5584669954055311e-01	   5.9457695875647720e-01	   4.6684674616158855e-01	   6.0904275861065704e-01	   3.2338867863129334e-01	   6.7384090207914926e-01	   5.3777661472359628e-01	  -1.1213501209674719e-01	  -2.9361734570173459e-01	   2.8669059867041820e-02	   1.1950850648783407e-01	   5.0159668163858595e-01	   4.6746753431291965e-01	   6.5642745581829720e-01	   5.1034064146973135e-01	   7.0664978812915435e-01	   7.1351880218666741e-01	   7.7651787885399604e-01	   8.4323357250507425e-01	   2.2865540296634576e-01	   1.3875754412248205e-02	   3.0845479347429688e-01	   2.8446604992661467e-01	   4.3098194680550844e-01	   2.7644951542624940e-01	   4.7857306406822531e-01	   3.8469617675793033e-01	   4.2880417772268298e-01	   2.8714999966908611e-01	   5.1425154303481468e-01	   4.8567098311936463e-01	   1.4456459768773056e-01	   1.1570481598873378e-01	   1.6670701272393751e-01	   1.0078425786542483e-01	   4.8139625674089254e-01	   2.6852979885933015e-01	   2.7466105926792478e-01	   2.0121850702033869e-01	   6.6909983344030211e-01	   5.2030500437890359e-01	   7.8880591816615153e-01	   5.9969872859321371e-01	   4.1075040579125632e-01	   4.6818427713107968e-01	   7.8709102124712538e-01	   7.4099818938391215e-01	   1.6805671048335649e-01	   1.4429203275660979e-01	   8.1072025157756666e-01	   5.2286998191901457e-01	   6.6715609503759532e-01	   3.7734305683762509e-01	   7.1449488536877784e-02	  -7.4655099044402345e-02	   5.1827205387125996e-01	   5.6117656503030300e-01	   8.9009682310259430e-01	   8.1331404195731816e-01	   2.1683029894422021e-01	   1.9427610086455094e-01	   2.5427909765907197e-01	  -2.2949607700687183e-01	   2.8552892534892360e-01	   2.5139101914515161e-01	   1.8533803645566349e-01	   2.4790823428229666e-01	   1.6529526071583098e-01	   2.6616986030027368e-01	   2.0969902816547259e-02	  -1.4931480097538460e-01	  -2.5135925499530382e-02	   1.2684223969959330e-01	   6.5007477425615012e-01	   2.5890203044296800e-01	   7.0258608931587629e-01	   6.4338675212168883e-01	   6.0063990773784326e-01	   7.9908372575374298e-01	   7.6541123030684211e-01	   6.1602241930648016e-01	   2.5205039442362731e-01	   3.2423636516743981e-01	   2.5895955319978914e-01	   4.0611852002548920e-01	   2.7000899440111698e-01	   2.0462603116515898e-01	   6.1096097726181475e-01	   6.3952840856162640e-01	   2.0991246712047512e-01	   4.4494940602783378e-01	   9.3590409898290830e-02	   4.0093258172355939e-01	  -3.7079561196689016e-02	   4.3591297948256014e-01	   1.9754191172914822e-02	   3.3685225745961728e-01	   1.6911585469380661e-01	   4.0330433531224580e-01	   2.1503857218430511e-01	   4.4604702645530236e-01	   5.3806727483234051e-01	   3.0492546995478481e-01	   3.8932242430511832e-01	   2.0244771556240029e-01	   3.4500016711213027e-01	  -3.3886639081450481e-02	
   2.4334546739816276e-01	   2.2411374940241563e-01	   2.1681929484429932e-01	   1.0363135980628708e+00	   4.8689896268989341e-01	   9.9681313219353118e-01	   5.2061386619911898e-01	   0.0000000000000000e+00	   4.4359789131243588e-01	   8.4668098163872085e-01	   4.2037431971003247e-01	   6.9291656099717291e-01	   3.8402650302213875e-01	   3.8662614447464705e-01	   2.8995067449287126e-01	   2.4636795784955356e-01	   2.2222661351902728e-01	   1.0053813822659647e-02	   5.8339115278560044e-03	   1.1084494232583297e-01	   2.0575672125360822e-01	   1.0531249384967453e-01	   2.8978799956359141e-01	   4.4142964812748031e-01	   2.4780299937053815e-01	   4.3272199630189412e-01	   2.7324458477911778e-01	   3.7148488860859857e-01	   1.8513952303435127e-01	   2.6311931253368581e-01	   1.6451617261364662e-01	   4.1407003280905752e-01	   2.3370402636486340e-01	   4.0282798006572956e-01	   2.0693147183317395e-02	   2.1100309992881106e-01	   1.3806181110226887e-01	   1.5949328102460705e-01	   1.9954543321612236e-01	   2.2922245099508545e-01	   1.4636520022113372e-01	   1.9761814773525316e-01	   3.6020189208145437e-01	   3.0186406908740349e-01	   5.6360411070940863e-01	   5.0526938871086036e-01	   5.1320883782720883e-01	   4.4620459655629630e-01	   5.2165996641247525e-01	   5.5161417608665775e-01	   4.6664415651995705e-01	   3.9668932805053198e-01	   4.2129671071885377e-01	   3.3502344034399123e-01	   7.5396955867612614e-01	   6.5934426882974118e-01	   8.6734990413662116e-02	  -2.8076731687387699e-02	   4.8733770022374201e-01	   3.6778139768170015e-01	   4.1750431276514832e-01	   9.7263992069313099e-01	   5.6149113601224763e-03	   2.3645583094463463e-01	   2.8599090869882771e-01	   9.1103249950304632e-01	   3.5715292063088594e-01	   6.7974934488669214e-01	  -1.6525930879186412e-01	   2.8368092482539642e-01	  -1.0877958025148375e-01	  -9.4007922644703007e-02	   2.5416408313146427e-01	   3.0372235740070741e-01	   1.9270190014748664e-01	   2.8101318367492667e-01	   7.8103782095704413e-02	   1.6886978036473904e-01	   2.9858675262563406e-01	  -1.4948821499320436e-01	   1.1138101801760664e-01	   1.8691118970007495e-01	   2.5957906973163380e-01	   2.3270859437796734e-01	   3.3732743500175222e-01	   5.6164233696439392e-01	   2.4511254747974043e-01	   5.2483818401702031e-01	   4.5708993373377083e-01	   4.5037609499574038e-01	   8.9279886812224751e-01	   1.4960950387791749e-01	   6.3184592061149092e-01	   6.5674281406508536e-02	   3.3875015212314974e-01	   3.5190341384428125e-01	   5.6890511363995222e-01	   5.0619542338194634e-01	   5.1074691591950150e-01	   5.4051839807505453e-01	   5.4923059088857773e-01	   2.5336635963748522e-01	   2.6180099938146628e-01	   3.6305895221794926e-01	   2.0157681892046503e-01	   2.8578313066153649e-01	   2.8570665436764969e-01	   1.1592995452901290e-01	   2.0942256762286021e-01	   3.5162009245926684e-01	   4.8098628718953057e-01	   4.2813887488188318e-01	   4.8562248058581187e-01	   1.7105611136606910e-01	   4.2407982098779340e-01	   1.1009910409660020e-01	
   5.0497248683841878e-01	   2.4415821265953458e-01	   5.9561159635468963e-01	   5.1178745263305103e-01	   1.2510863295605430e+00	   5.3292495067970136e-01	   8.1356030231889975e-01	   4.4359789131243588e-01	   0.0000000000000000e+00	   3.3120760627888979e-01	   4.3910762860215480e-01	   2.7428729840603072e-01	   4.0207991184728931e-01	   1.9039607402862271e-01	   5.6654673736987748e-01	   4.5912350692171516e-01	  -5.8012780504723818e-02	  -2.4368847953888109e-01	  -1.0644854040868368e-02	   5.0525170907981996e-02	   4.7174675233219454e-01	   3.6698448523106880e-01	   5.3673505051343073e-01	   4.1958352715702635e-01	   4.7989604985505485e-01	   4.8350269227470749e-01	   7.1383627410223782e-01	   7.3593638544350115e-01	   2.5485215833520236e-01	   2.7593615916156226e-02	   1.4506462484776075e-01	   1.8954703408039972e-01	   1.2740222943275215e-01	  -4.2438079897738214e-02	   2.9059137719025724e-01	   2.1814258830807243e-01	   4.5471387061479041e-01	   3.5841101270607456e-01	   6.2430627690283347e-01	   5.3395295789150643e-01	   1.2751748255314926e-01	   2.0343738230155098e-01	   1.7099456439862770e-01	   1.0717811236874362e-01	   4.4820646685782128e-01	   2.4030054316295282e-01	   3.1383115538896900e-01	   2.6036174677283824e-01	   5.8966243580964450e-01	   5.2330031456228077e-01	   5.3862539120813335e-01	   4.6620237713125545e-01	   4.3613964166247565e-01	   3.8996435739120794e-01	   8.2787143778978656e-01	   7.5080210758008525e-01	   1.2718452134273234e-01	  -1.4474110496960143e-02	   6.2898732271714086e-01	   3.1311622984914594e-01	   3.5012440204553880e-01	   3.6824509082341611e-01	  -1.0335350477568572e-02	  -1.8314085591603227e-01	   4.0234756502561986e-01	   5.1525894121802440e-01	   4.9945879440140484e-01	   4.1665887916786959e-01	   4.8989764689809624e-02	   5.0162864150426825e-02	   1.7608077719142004e-01	  -1.6666628093173291e-01	   3.9232904264244933e-01	   3.1124323724685915e-01	   3.3939081039852942e-01	   4.6090720992331441e-01	   1.8692346552859582e-01	   2.5130265819349390e-01	   8.5942480427738763e-02	  -1.2093356060839602e-01	   9.6449120424978055e-04	  -5.8597890166547109e-02	   5.4128827258460865e-01	   5.6430014265584104e-02	   5.6426146862254778e-01	   3.8124896605244796e-01	   5.4566879797006640e-01	   6.0699941205051955e-01	   4.8238240517906700e-01	   5.6008030927927388e-01	   3.1892314637720159e-01	   2.1708334079764799e-01	   2.8732195153918649e-01	   2.6909333456556639e-01	   3.2919973656373896e-01	   3.6513750460783312e-01	   5.9151283992559889e-01	   6.9325296220368426e-01	   2.7625645328833170e-01	   4.9460340509526701e-01	   1.9216267022246952e-01	   2.8855979683546235e-01	  -1.5886059503076388e-01	   2.4507065028585667e-01	  -2.5080927992568135e-02	   1.6092013448521955e-01	   1.1423485485427085e-01	   7.5679192419998875e-02	   3.1781077678400449e-01	   3.3584181335653274e-01	   3.6117694499883335e-01	   3.0390659453947094e-01	   3.2405596918889545e-01	   2.7841734489890935e-01	   2.0074673365730433e-01	  -8.7891454931129903e-02	
   1.5074644547885085e-01	   1.4767190612864131e-01	  -1.2640790883179770e-01	   4.6356648392587879e-01	   3.0003726224598193e-01	   7.1333300029855207e-01	   1.5584669954055311e-01	   8.4668098163872085e-01	   3.3120760627888979e-01	   0.0000000000000000e+00	   2.6631304326122496e-01	   3.9698039651773398e-01	   1.7581538741876188e-01	  -6.5696112245687915e-02	  -1.0070689619912897e-01	  -2.9240412139973700e-02	   3.1652453528537311e-01	   7.1274964496686452e-02	  -8.6884609897532369e-02	  -1.4694879297564922e-01	  -1.3457121933643212e-01	  -1.4116852900225788e-01	   1.1962043171733733e-02	   2.7366143848309821e-02	  -1.8257677506646555e-01	  -9.1216674147711077e-02	  -3.3148385401065871e-03	   1.8619661744300958e-01	  -1.2195178187329897e-01	   1.3759876410734973e-02	  -2.7513542882312614e-01	   1.7337127484888522e-02	  -2.8990148923334214e-01	  -8.5416998980944583e-02	  -2.8127668708506787e-01	  -1.6944458432829179e-01	  -1.5596422287103998e-01	  -1.4768568145714528e-01	  -1.1478958231030047e-01	  -5.1429187302383009e-02	  -1.2701486918408850e-01	  -5.6788085564284621e-02	   2.1215336673174739e-01	   1.8174286971133516e-01	   3.0668604775606323e-01	   2.9678976678289237e-01	   2.5400437781797025e-01	   2.3793699554709705e-01	   3.0066317204680892e-01	   3.3471108064769445e-01	   1.2804213037681800e-01	   2.0622242073633038e-01	   2.4796136266856261e-01	   1.6435565425198945e-01	   3.0550185338203700e-01	   3.0296172863278070e-01	   1.4072986575267513e-01	  -1.5626926206041805e-03	   3.4810720106932735e-01	   2.0129033125251686e-01	   3.8958419629867624e-01	   7.7975300372668210e-01	  -3.1776307470259779e-02	   1.2798905247415066e-01	   1.8527553137101585e-01	   6.7754318286105775e-01	   5.5130066818553584e-02	   2.2879962836548590e-01	  -3.7167333553748522e-01	   3.2551090119492559e-02	  -3.4176902134530657e-01	  -1.6272900286833833e-01	   4.5331888855994186e-02	   1.7327792089810667e-01	   6.5100890975506462e-02	   1.6770131228079871e-01	  -7.4256108340865198e-02	  -1.8252216457193788e-02	   2.4543126167772375e-01	  -1.4972936567154835e-01	  -1.7065676875623118e-02	  -1.0815496065421847e-01	  -1.1310679397359578e-01	  -1.5086401133936098e-01	   8.5554835676170116e-02	   2.7347041003316053e-01	  -6.5305200727612533e-02	   1.7122131022774240e-01	   1.3352739381035811e-01	   1.7167053401344862e-01	   7.5545304549453240e-01	   1.5384060096996063e-01	   6.9737425455524038e-01	   1.3130289677542253e-01	   3.1900084063067929e-01	   2.8093961983932864e-01	   2.0994305030265176e-01	   1.9506788142383488e-01	   4.2308976131986131e-01	   4.5861645060338452e-01	   4.7138950980581895e-01	   1.0339473044631653e-01	   5.8464747632674313e-02	   2.3013713717437972e-01	   2.5154840490424946e-01	   2.3878730444687751e-01	   3.2446195962776120e-01	  -2.0436697383072061e-01	   2.1047252224042104e-01	   2.2376124057027647e-01	   6.8731107264855928e-02	   3.2465828668333746e-01	   2.5734025863143872e-01	   1.7438344996539534e-01	   1.8378608633953594e-01	   2.3986375470215943e-01	
   9.3241318504289183e-01	   6.0384671128912637e-01	   3.9191059949017915e-01	   3.7304317925977759e-01	   4.9762228004341080e-01	   4.3384183566914158e-01	   5.9457695875647720e-01	   4.2037431971003247e-01	   4.3910762860215480e-01	   2.6631304326122496e-01	   0.0000000000000000e+00	   9.2490131797281239e-01	   1.2024754348167384e+00	   7.7503879316721858e-01	   6.8342334864861121e-01	   8.2477266051794940e-01	   5.0458562465371926e-01	   1.5488356273009979e-01	   3.0956498986442915e-01	   2.8551073332106708e-01	   2.7110554819084304e-01	   1.1204383313257472e-01	   4.8625428596144726e-01	   3.9860930808338646e-01	   3.1456883631843474e-01	   2.2601990275036254e-01	   4.1742609662038888e-01	   3.8964612926251330e-01	   5.4476383493640901e-01	   4.6989506964797823e-01	   3.5815042327586899e-01	   2.1304736226230342e-01	   2.8709730063799171e-01	   2.1792665671514830e-01	   1.7509511253711471e-01	   1.2695489772353474e-01	   4.6082116204467238e-01	   4.0406069974018799e-01	   4.6354864156966435e-01	   3.8998077968042899e-01	   4.8861320790209395e-01	   2.0680237685684144e-01	   2.8740491378603245e-01	   2.9583017164563935e-01	   4.5683266825446550e-01	   4.1360445599510343e-01	   3.9674052587280129e-01	   3.1452000942750269e-01	   7.0430934970352288e-01	   6.1303057619540890e-01	   7.9373422605809751e-01	   6.6099188846767087e-01	   6.3495129503205905e-01	   6.6973357657315769e-01	   6.9248648481314268e-01	   7.4597213944712026e-01	   5.3174120148967297e-01	   4.6742449514772083e-01	   6.2372013632587253e-01	   6.1151551554295436e-01	   7.0792150964077694e-01	   4.2606506048923204e-01	   5.0152246323521243e-01	   2.5772324852395456e-01	   1.8874589255976074e-01	   2.5641341136096818e-01	   3.8139960443972010e-01	   3.3538269378584640e-01	   2.4270570611298337e-01	   1.8133054126565026e-01	   1.1407095927519867e-01	  -2.2327717931070087e-01	   5.0093137029940182e-01	   4.8631704798978070e-01	   2.9583824674925591e-01	   4.4868539783618816e-01	   3.0051826024738071e-01	   1.6362029204249412e-01	   3.3291282130503463e-01	   1.3409824589607008e-01	   4.2695386869818908e-01	   5.6748554591491274e-01	   5.9117991559793148e-01	   5.1967887931361378e-01	   8.9425715011495555e-01	   5.8226224904993829e-01	   5.0955765862882463e-01	   6.1299804954073134e-01	   8.3017622176768402e-01	   7.1500638024070262e-01	   2.3621069322082494e-01	   1.4100583257745891e-01	   2.1873440679819631e-01	   2.4410914440922460e-01	   1.8820080636985909e-01	   3.7194167380779392e-01	   4.1995614568079359e-01	   3.9728749028755483e-01	   4.0003302564733234e-01	   4.1867633235426199e-01	   6.5298142865664446e-02	   3.8055696887233315e-01	   1.5857055613864090e-02	   3.6092687095805648e-01	   2.1958672429758328e-02	   2.1122302151229388e-01	   4.4524618589552055e-02	   2.2053240136051908e-01	   1.2008275729793955e-01	   2.8822975284921998e-01	   3.9266407513190649e-01	   1.4598937266295345e-01	   2.3370429446034152e-01	   2.2342991753540162e-01	   3.3601259936898131e-01	   3.9995178086037558e-02	
   7.2384744958940195e-01	   5.3854291877850169e-01	   2.7454028427560084e-01	   7.0907165104924319e-01	   4.1133075699286659e-01	   4.9913483932909403e-01	   4.6684674616158855e-01	   6.9291656099717291e-01	   2.7428729840603072e-01	   3.9698039651773398e-01	   9.2490131797281239e-01	   0.0000000000000000e+00	   7.6014736819743045e-01	   9.2653524804602705e-01	   4.3427706635480734e-01	   6.6323696250381825e-01	   6.6606115495352214e-01	   3.0802430876375209e-01	   4.7580885213639301e-01	   5.0355228437331612e-01	   1.3012355456403724e-01	   2.2143141929940116e-03	   4.5281223509044050e-01	   5.5622124625951774e-01	   2.5335783290538894e-01	   2.9910426720981298e-01	   3.2535970471627540e-01	   3.4928855704598766e-01	   6.1797474496903970e-01	   7.9433461183725984e-01	   5.2085522226733660e-01	   6.1728310998933811e-01	   4.6349696534319346e-01	   5.8366812694997861e-01	  -4.6056643382486342e-02	   1.8652949352381529e-02	   3.4072896803944530e-01	   2.8452608362962556e-01	   3.3447132601134760e-01	   2.5047311950083329e-01	   4.9332691746114388e-01	   3.1867105146833041e-01	   4.8434570386064030e-01	   5.0306922433216827e-01	   6.1218797370816858e-01	   6.2610168938952804e-01	   6.2358686169991528e-01	   5.3504826418440210e-01	   6.3581683767363184e-01	   6.3719930411538328e-01	   7.1842696939533179e-01	   6.9989934139063137e-01	   7.6677656163254060e-01	   7.5176987584827959e-01	   7.0009295876581135e-01	   7.2139086003983022e-01	   5.4271552657829525e-01	   4.4159875280231786e-01	   5.0726839062133589e-01	   6.3065062380784109e-01	   5.2433552306544140e-01	   5.1756029039572427e-01	   6.5972721231384446e-01	   6.1424183783169695e-01	   1.6356979115674790e-02	   2.5558875830306482e-01	   2.2365476398573050e-01	   3.6031861313134889e-01	   1.7801726665667417e-01	   2.2886890777084448e-01	   8.7431864217470942e-02	  -7.3226489094755570e-02	   5.8499756304076367e-01	   6.4671741353757117e-01	   5.1113457552810659e-01	   4.9043094089661959e-01	   2.0612471479165573e-01	   2.1012096594192731e-01	   4.4810151178585966e-01	   1.2911593013245815e-01	   5.3385829170533783e-01	   5.7888441076679986e-01	   5.4359187894772787e-01	   7.0616436246843883e-01	   4.8211936103870601e-01	   5.3972155025960955e-01	   3.5953145150772470e-01	   5.4544186473866074e-01	   5.9213828522646916e-01	   7.8180705461897881e-01	   4.6040742037113513e-01	   8.8464160035582953e-02	   3.7849705524152044e-01	   5.7731498976270161e-02	   2.3310907051231561e-01	   3.0548773972954579e-01	   5.3346791396052551e-01	   3.1221367202085765e-01	   6.4068772373706628e-01	   5.7531829265573586e-01	   3.5465742952548818e-01	   3.6353243806476560e-01	   2.7387306486838903e-01	   5.7034348270458013e-01	   1.2756386122848512e-01	   2.0936173069775488e-01	   1.8442090914062867e-01	   3.2788213995977211e-01	  -5.3500686529105619e-02	   3.1551929006406088e-01	   5.6408659361610869e-01	   3.1055733614862130e-01	   3.8024738465340774e-01	   2.9641567239855199e-01	   4.7479947851751791e-01	   1.1778018160398535e-01	
   7.0457385202361755e-01	   4.3221280588252398e-01	   3.1419653357491639e-01	   2.3992092562434841e-01	   4.8388336965719231e-01	   3.6471816421766545e-01	   6.0904275861065704e-01	   3.8402650302213875e-01	   4.0207991184728931e-01	   1.7581538741876188e-01	   1.2024754348167384e+00	   7.6014736819743045e-01	   0.0000000000000000e+00	   8.2281923314229855e-01	   6.6702786085162080e-01	   6.8919497722010559e-01	   4.3729515284552911e-01	   1.9464843685785707e-01	   3.2571254275553241e-01	   3.5358999551850695e-01	   1.9587781686470288e-01	   9.1580153512799498e-03	   4.2708663522328871e-01	   3.2988175360527938e-01	   1.8648963691564052e-01	   1.2485077190210743e-01	   3.3206876729199331e-01	   3.1042552519550498e-01	   5.8541750647097401e-01	   4.4376336460774091e-01	   2.8095394970700188e-01	   2.3503109673082928e-01	   2.7462168009455235e-01	   2.5505668378303142e-01	   7.3405196954852384e-02	   8.5396984621910463e-02	   3.7245582858532050e-01	   2.9894377060021821e-01	   3.5421411774133449e-01	   3.3877131384446851e-01	   4.5054619176270333e-01	   3.3665690139803300e-01	   3.3108300737857999e-01	   2.9927514198236721e-01	   4.1541024537482907e-01	   4.4500370473920209e-01	   3.8794756735904806e-01	   3.3133777242530049e-01	   5.5955477199339732e-01	   4.5229649800883920e-01	   6.0934794005260740e-01	   3.9275098436649220e-01	   4.6992294378696908e-01	   4.0629511069124108e-01	   5.2010589631831872e-01	   5.2579869884005259e-01	   3.8913109841407667e-01	   3.3050930120752203e-01	   3.9551786377605164e-01	   4.1448916724187634e-01	   5.7733104778005040e-01	   3.4954689497943991e-01	   3.8247245549265152e-01	   1.8109204844242330e-01	   3.6356346158127793e-02	   1.6374171860180850e-01	   2.8640032475200816e-01	   2.9530084777730786e-01	   2.4534988832054205e-01	   1.7581880541990549e-01	   1.7064023072652187e-01	  -1.8377832110067999e-01	   4.7006557731007209e-01	   4.0547822603127992e-01	   2.9564682443930707e-01	   3.5698345931516728e-01	   4.1604930488891667e-01	   2.5242049632405400e-01	   3.0957461125517677e-01	   2.1180132951913733e-01	   3.9408401144003979e-01	   5.6465417438644172e-01	   5.4832512343266360e-01	   5.3681630642231881e-01	   5.7790636254692052e-01	   3.9823123385425896e-01	   3.6959153134863904e-01	   4.9653277674745050e-01	   5.9963904659170664e-01	   5.3266888233627108e-01	   1.6522483140702210e-01	   1.6018038038012211e-01	   1.1570315333809639e-01	   1.7141908229322947e-01	   1.0596886564479796e-01	   3.5731883752742161e-01	   2.8581702394216268e-01	   2.9623469315267725e-01	   3.3455829333223147e-01	   3.5329465822157402e-01	   8.3892186090554779e-02	   4.6784698163529037e-01	   5.6272060660716777e-04	   4.0144918837444155e-01	  -2.2693487635404318e-02	   1.8677308669449594e-01	   3.3158018504266744e-02	   1.8512973109863795e-01	   8.7775216584069463e-02	   1.4744247354521745e-01	   3.6585709288297769e-01	   1.3714830619041643e-01	   2.1835570669723317e-01	   1.8460802428938394e-01	   3.0336279416896367e-01	   5.8018271084074147e-02	
