   0.0000000000000000e+00	   1.0545169636342955e+00	   8.6622917366505048e-01	   7.5803782406691056e-01	   1.2366247218615675e-01	   4.9944210691438740e-01	   8.4485037381208805e-01	   6.1926219605366084e-01	   1.4546172608840036e-01	   6.8371331524866241e-01	   1.0497166219739476e+00	   9.6765732674594562e-01	   9.6443936814597231e-01	   6.0778645845326562e-01	   9.8236092491449833e-01	   8.3600404057337463e-01	   6.7196006378359296e-01	   7.1093622870366624e-01	   1.3831522130188232e+00	   1.0319517662243960e+00	   5.7355725762178666e-01	   5.3031695762674080e-01	   6.2334207532702179e-01	   5.0471332023287807e-01	   5.4583135248102821e-01	   3.7902388118291869e-01	   6.3257438283845080e-01	   5.1974079328317291e-01	   7.3583843538035798e-01	   6.6925038594788111e-01	   5.9560284770997574e-01	   3.6338543948531293e-01	   8.4381620484654207e-01	   7.2416831733649301e-01	   4.5623047113728005e-01	   4.8855216764732956e-01	   4.5674264014784394e-01	   2.4329741564493590e-01	   6.8100465955176737e-01	   6.1539494393272332e-01	   1.0651574324006414e+00	   6.4039522972902052e-01	   6.6701657658297109e-01	   7.1897081418968622e-01	   7.1504311971514600e-01	   8.2803731641493572e-01	   7.9002982077678119e-01	   7.6961353033321522e-01	   8.7938934789380008e-01	   8.7538359802432808e-01	   9.6328261007234839e-01	   9.4716505065224199e-01	   1.0709297717388642e+00	   7.6548781317183157e-01	   1.0785893844921512e+00	   1.0929075778115978e+00	   8.8512914131265141e-01	   6.1282771452313167e-01	   9.0554573818988582e-01	   7.7876609026682897e-01	   7.8062805083455511e-01	   4.6851974456946055e-01	   4.5205873147948739e-01	   4.1848564919180886e-01	   3.9455613471946815e-01	   3.2425796776462246e-01	   8.5645754454318701e-01	   7.3009733774125418e-01	   7.5591501008089368e-01	   6.1305299503812571e-01	   5.0902768825031597e-01	   2.3139564053458178e-01	   6.1431504477556242e-01	   5.9592933799628611e-01	   5.9604370921117877e-01	   6.2461705160894243e-01	   4.0464201853434717e-01	   3.6141599570022798e-01	   5.7540771205443497e-01	   4.8098229786208191e-01	   7.0040760240287725e-01	   8.0926622576006491e-01	   9.4219487646347866e-01	   1.0086645518961495e+00	   8.5615579894169080e-01	   7.6941300040721794e-01	   7.0079023471315227e-01	   6.4773866051003204e-01	   9.0438648820704137e-01	   9.9105212202496140e-01	   8.5610424066305157e-01	   8.1617759723163663e-01	   4.3932252039925945e-01	   7.0794075234939524e-01	   1.4409963911756934e-01	   2.7907997105721771e-01	   1.0548479281025589e+00	   7.7076048902413308e-01	   1.1628456358813573e+00	   1.2298891686850679e+00	   4.9759496438517481e-01	   6.6542010403431129e-01	   8.0422776388849093e-01	   6.7273860299194554e-01	   1.8494207374698729e-01	   2.2970982313691074e-01	   3.7982696539937710e-01	   4.8215037974592750e-01	  -9.4419315258550865e-02	   8.4901907527705125e-03	   9.0663014518587381e-01	   1.0888480718814797e+00	   1.1356017415562498e+00	   5.7912104043519907e-01	   3.6094784633246146e-01	  -4.4471136157831992e-01	
   1.0545169636342955e+00	   0.0000000000000000e+00	   4.8418439779070083e-01	   7.4454160839855477e-01	  -6.3879974075049820e-02	   2.8130833647343872e-01	   4.3699525226093644e-01	   5.1195403106055304e-01	  -4.7283101344246702e-02	   6.1817265323110515e-01	   6.9162615853010034e-01	   9.5850346135108588e-01	   4.6599524752412713e-01	   4.7222685083787952e-01	   6.6249653266913044e-01	   7.4645678361693246e-01	   8.0569652500702460e-01	   9.1977303320168979e-01	   8.3350932847179304e-01	   1.1075194771926327e+00	   4.0597700546175103e-01	   3.9018454650573531e-01	   3.7416692739111196e-01	   3.9366151483309042e-01	   4.1152758258150013e-01	   1.8448967263508520e-01	   4.6948595239025537e-01	   3.0745000686537538e-01	   5.6884234378240284e-01	   7.0955633251163741e-01	   5.3744246156103714e-01	   3.7661129544596844e-01	   7.2522592941672104e-01	   7.8303276237791053e-01	   2.5588074642075798e-01	   3.2893848267247289e-01	   4.9848553886091296e-01	   3.9738956385011343e-01	   6.1031788629234984e-01	   6.6153283156876941e-01	   8.0925126963170135e-01	   4.5727036879522764e-01	   4.7966229552413520e-01	   5.3493610429078342e-01	   4.3975766407525585e-01	   6.0249211056924512e-01	   6.2093152420925435e-01	   7.0142634726602959e-01	   4.5461691118204284e-01	   5.2632134880599257e-01	   5.7113010397311226e-01	   5.2618508015390641e-01	   6.8649691794408618e-01	   4.2025590084369602e-01	   8.5003872284792603e-01	   9.5886184679928577e-01	   1.2289811679953189e+00	   1.0976709585623210e+00	   6.5174260049199007e-01	   7.6554315871526168e-01	   7.4053216916079723e-01	   7.1172487907441473e-01	   6.6978901175587413e-01	   8.3803703678207975e-01	   3.8066549473092065e-01	   3.4345678756113995e-01	   6.0612440918305543e-01	   6.0645030388780685e-01	   8.1013972008597390e-01	   7.1311202831917331e-01	   4.3300763531725744e-01	   3.8093741334878234e-01	   5.6835165857276948e-01	   6.5566607857302350e-01	   5.9414739592965815e-01	   7.0148609024149189e-01	   5.2640336070369165e-01	   5.8428891455947007e-01	   6.3149610550512802e-01	   6.0346692155791626e-01	   7.5908075536332276e-01	   7.9141757411515357e-01	   7.4779668002008992e-01	   9.3371463184831704e-01	   7.1043313737108416e-01	   7.3846723183285623e-01	   5.6076229002949618e-01	   6.9020682959586577e-01	   8.2342381059329051e-01	   7.4381093986540514e-01	   6.6850117727316560e-01	   6.0069911698697509e-01	   4.6328498495499382e-01	   5.9056201984297396e-01	   1.4416417306882826e-01	   3.9282798927160767e-01	   8.9601482111932196e-01	   8.4820636791745874e-01	   9.2457848708713253e-01	   8.7192884369424406e-01	   6.9718821783991025e-01	   5.1014279520699590e-01	   8.6927480457575301e-01	   5.4835898817758433e-01	   9.2542284376158288e-02	   1.7207558377112037e-01	   2.6365024089113492e-01	   4.2346282663247697e-01	  -1.0113745299483980e-01	   7.9395055428648498e-02	   7.2953313846540879e-01	   7.1935426873767983e-01	   8.0617091329511237e-01	   4.9959097157711951e-01	   2.8440501879752822e-01	  -2.9142356248856477e-01	
   8.6622917366505048e-01	   4.8418439779070083e-01	   0.0000000000000000e+00	   9.0263784675462810e-01	   5.3438269723343490e-01	   6.5974861194833712e-01	   1.1959281735745095e+00	   5.1551339543552432e-01	   5.5584705055900852e-01	   5.0145315829026249e-01	   5.5227894766788876e-01	   4.4445554751502547e-01	   6.5218679804232838e-01	   2.1281956838578556e-01	   6.4961160622366321e-01	   3.6115892588099985e-01	   2.4421935512683035e-01	   2.8241278177884699e-01	   1.0320326934052888e+00	   7.3814801460620394e-01	   4.2550541580608092e-01	   3.6484814691912903e-01	   1.1211647782371750e+00	   7.6094124228954763e-01	   8.9564134727770861e-01	   7.7126884517154826e-01	   7.0779401274974374e-01	   5.6808168257455138e-01	   2.9571852193964676e-01	   2.0580386008401097e-01	   4.8260237650175530e-01	   2.7126179555439511e-01	   5.7425074767905127e-01	   4.1466315120699188e-01	   7.4577451107141923e-01	   6.5611106836934707e-01	   2.1852971428199316e-01	   1.5242330104676101e-02	   3.6604164392211630e-01	   2.8823449232157539e-01	   6.4425570968463208e-01	   3.4712232757848288e-01	   5.9563416916367840e-01	   5.4963737569282689e-01	   7.0472173390068660e-01	   7.2760784709855564e-01	   5.6087419293158525e-01	   5.8913687336853682e-01	   7.2093452550325299e-01	   7.2560037058776261e-01	   9.0275321400257447e-01	   8.8633926281408959e-01	   7.6040392426846315e-01	   8.0111416632017540e-01	   7.1925470283673920e-01	   7.9964610705045724e-01	   4.3669818907333435e-01	   2.7503559701396307e-01	   5.9955324066859716e-01	   5.4771242876579906e-01	   3.3573610432625933e-01	   1.2704024226003424e-01	   1.2573092246393458e-01	   5.4920573492292415e-02	   5.3903959653573619e-01	   4.7702735785749134e-01	   1.1302355264508950e+00	   8.5885830208023217e-01	   6.6241110169414530e-01	   5.6790116106829258e-01	   3.7556256429435353e-01	   1.2578659898288463e-01	   2.5384979585938272e-01	   1.2482144574411705e-01	   2.0713179044531263e-01	   1.9329838192680948e-01	   7.0138913066953371e-02	   4.9314999622182424e-03	   2.0506115500604688e-01	   1.2293605083454379e-01	   3.0335733677590493e-01	   4.1328335307775810e-01	   6.7494062453509884e-01	   7.3019245435307600e-01	   7.2646614859076708e-01	   6.9682233044875486e-01	   8.2546929063378838e-01	   6.5385063384872544e-01	   6.4695306465771651e-01	   9.2926162400938761e-01	   9.8018287553356187e-01	   8.2527183661638470e-01	   6.0203057880001098e-01	   6.6419730559588441e-01	   1.3045371690039079e-01	   1.6755359021958721e-01	   7.7751176878202566e-01	   4.3295334363188653e-01	   8.8976218872153556e-01	   8.4055121408983136e-01	   5.6996871409353655e-01	   6.6894135775816288e-01	   7.5611473616672242e-01	   6.3076125981763786e-01	   2.7689848003247902e-01	   2.2067844176172807e-01	   4.5677927246060179e-01	   5.4825060315736107e-01	  -1.9348030379301578e-01	  -1.6399732296507991e-01	   6.5127005247778069e-01	   8.2237447416318687e-01	   7.5288954954500076e-01	   4.4231217292662173e-01	   2.5057295421829867e-01	  -5.0189723181290447e-01	
   7.5803782406691056e-01	   7.4454160839855477e-01	   9.0263784675462810e-01	   0.0000000000000000e+00	   1.9407767856268940e-01	   7.0038684131251883e-01	   7.0590515109738672e-01	   1.0295794792680319e+00	   1.7026925227911721e-01	   7.0080852716553843e-01	   3.8663239144973521e-01	   6.0810712357710073e-01	   3.6719300916912090e-01	   3.8441989364450424e-01	   7.4164616594613708e-01	   6.0260388816769961e-01	   4.3338705783621295e-01	   5.2898725353979570e-01	   9.7658434214219270e-01	   1.1052301426070144e+00	   4.7057969146326345e-01	   4.3679803488800079e-01	   9.6858241655008626e-01	   1.1605901076683094e+00	   6.0214928218293295e-01	   6.5532393259219401e-01	   6.4456139891091480e-01	   5.9693969331573993e-01	   3.5461168306528024e-01	   3.7447531219734764e-01	   5.7198923945842384e-01	   4.7050941193692364e-01	   7.7335041954969064e-01	   7.0759895793785588e-01	   7.3697780398037060e-01	   7.4842911904751031e-01	   2.5762837918465503e-01	   1.5629550572586159e-01	   4.4104760463530568e-01	   4.1484416495927656e-01	   7.4017144256319267e-01	   2.8549445373917370e-01	   6.9217252729338907e-01	   6.3405111231994260e-01	   7.3679699902240314e-01	   9.2733212814201926e-01	   7.6325649597277367e-01	   8.8155191561346857e-01	   6.5271424440542758e-01	   7.1235070665430633e-01	   8.4412774974521598e-01	   7.1639254286895537e-01	   6.8040747480456121e-01	   7.0340313057199388e-01	   7.6372739323431749e-01	   9.8113052087413710e-01	   6.7857043437119025e-01	   4.9454073305256119e-01	   5.7434432006775682e-01	   6.2509160352982340e-01	   4.2286546987617291e-01	   3.5573773222968597e-01	   4.5484036990349014e-01	   3.3973447540958918e-01	   6.5423209446828834e-01	   6.3593401131014404e-01	   1.2988039013550023e+00	   1.1190021282785807e+00	   7.4210465763052935e-01	   7.2215937222973614e-01	   4.6221639673411735e-01	   4.6222541330730355e-01	   3.0573660520804896e-01	   3.3689051235009654e-01	   2.7689543291073537e-01	   4.1318816475194353e-01	   3.2611336199054852e-01	   2.8693320633800878e-01	   3.5075942485418887e-01	   3.6016197248679505e-01	   4.9447713106376956e-01	   5.8068945433622943e-01	   8.9192818783543948e-01	   1.0540258020073530e+00	   8.5828714726686639e-01	   7.8455958955306626e-01	   9.9268130897129636e-01	   1.0919717860281266e+00	   8.7893942871068453e-01	   8.5453253068297030e-01	   1.1290802125502004e+00	   8.2839118693292813e-01	   8.3067335153990651e-01	   7.9667007023084579e-01	  -2.1914659512155495e-02	   2.2498653550848879e-01	   9.1286981013376600e-01	   5.8982231676832986e-01	   1.1029771514783360e+00	   9.4676405939965247e-01	   8.2598290085501880e-01	   8.4069626591126645e-01	   8.7838460804677321e-01	   6.7830525112206319e-01	   2.3997218842622225e-01	   1.7685835767334224e-01	   4.2524890976893592e-01	   5.6706322970202772e-01	  -3.5117678645027944e-01	  -1.2560229780776302e-01	   7.8650651776480085e-01	   9.1181021807231954e-01	   8.2989463116856732e-01	   4.2735434012452023e-01	   1.8916629423886586e-01	  -5.7253767083652751e-01	
   1.2366247218615675e-01	  -6.3879974075049820e-02	   5.3438269723343490e-01	   1.9407767856268940e-01	   0.0000000000000000e+00	   7.8400689056368877e-01	   3.5068520242860562e-01	   7.9246992323484075e-02	   1.7426922801490707e+00	   2.0486497243403326e-01	   8.3485612460425379e-02	  -1.1027866767115888e-01	   3.4286098738348658e-01	  -1.0403761802636678e-01	  -1.7899787253818228e-01	  -2.5023822337078255e-01	  -3.9876917254406069e-01	  -5.0940879018191842e-01	   1.5849242447799225e-01	  -8.9322191089605138e-02	   3.5585697800570898e-01	   5.2496814567610095e-01	   2.7036997494143444e-01	   2.6026129993485803e-01	   7.4346908837758774e-01	   8.1537868229434884e-01	   4.8703690472058880e-01	   6.3035370832086224e-01	  -1.8315496752654373e-01	  -2.9673525802026318e-01	  -1.4425230232018987e-01	  -2.1200152037236158e-01	  -2.1062922571267689e-01	  -2.6062516752645537e-01	   1.7947974096185701e-01	   2.0578057387008811e-01	   8.1586131206182674e-02	   4.1342643175746582e-02	  -1.5416170610365915e-01	  -9.6404434653711277e-02	  -9.1192925112406969e-04	   1.0973025057991458e-01	   1.8237756227954705e-01	   2.4675265559789680e-01	   2.1655154508899538e-01	   1.0535781110511641e-01	   1.3627026296601014e-01	   1.3097938160061520e-01	   4.1087127741116675e-01	   3.8399267425544542e-01	   3.2399536661906764e-01	   4.9002870523637820e-01	   3.5359647908714109e-01	   5.0471131787060020e-01	   1.7538675973457721e-01	   2.3660751176695533e-01	  -1.6744022687219565e-01	  -1.7505350489475224e-01	   2.0638720251688158e-01	   8.9494898027309283e-02	  -8.8323972857754049e-02	  -1.1145859571618995e-01	  -4.0874255006291138e-01	  -3.9647539211212596e-01	  -1.6281817689546238e-01	   2.5031861004771790e-02	   1.9503148958801400e-01	   2.0640834644212274e-02	   9.8052958571450077e-02	  -1.1005704440734808e-01	  -1.8282480019310982e-01	  -3.2443392088941958e-01	  -2.7485288592372359e-01	  -3.7405835898201872e-01	  -2.5331103272226141e-01	  -3.4585433661249437e-01	  -2.3761941437293554e-01	  -3.3192309111052037e-01	  -4.0775244770260460e-01	  -6.5337922080385569e-01	  -2.6977539971699172e-01	  -2.4303548751425327e-01	   4.2118960434469176e-03	   6.6506829219202456e-03	   2.7615943278150177e-04	   5.5831408148604413e-02	   2.4451655199812905e-01	   4.4484531189298210e-02	  -8.7087445385068990e-02	   2.9706819911909066e-01	   2.5060992322833869e-01	  -7.7416938519285619e-02	   1.0464312034757461e-01	  -1.3357342516457521e-01	  -1.5882820623638505e-01	  -5.2807215237114834e-03	   8.4171619238313747e-02	   1.3021476742073795e-01	   1.5936268955524227e-01	   1.4475470636492999e-01	   2.5340597856335047e-02	  -1.0951157125098476e-01	   3.8177431647406911e-02	  -2.9642366190659155e-02	   4.2822748547376516e-01	   1.4489319062575107e-01	   3.4971623557534981e-01	  -1.7489050931131695e-02	  -1.3942616313267603e-01	   1.3872946350932711e-02	   1.4766519684019339e-01	   1.8260687048464672e-01	   2.0249284402439016e-01	   7.7980478035313272e-02	   2.2328701812177920e-01	  -1.4029024524260778e-01	
   4.9944210691438740e-01	   2.8130833647343872e-01	   6.5974861194833712e-01	   7.0038684131251883e-01	   7.8400689056368877e-01	   0.0000000000000000e+00	   4.8591386456080787e-01	   6.2873834577662346e-01	   6.4754026631147887e-01	   6.7312765309454858e-01	   2.6964089376066958e-01	   2.9628097518708513e-01	   4.4334846307509135e-01	   3.5485688984594832e-01	   2.8506943369174137e-01	   3.1660102816465507e-01	  -9.1787342970250305e-03	  -4.6995169062769168e-02	   4.6829144469212303e-01	   3.1890989216793991e-01	   5.7541443562743955e-01	   8.0948518719095408e-01	   5.5749698919506496e-01	   8.0237851834319085e-01	   7.7491013263511199e-01	   1.1157707524653850e+00	   6.4942370949140016e-01	   9.4134972633048397e-01	   1.5058099562737273e-01	   1.0243235398418163e-01	   2.1131945983141662e-01	   1.8962069491306954e-01	   2.4119664444698274e-01	   2.2942972289090588e-01	   5.3354684098766680e-01	   5.2378819095951634e-01	   2.3685662705377283e-01	   2.2059622122393091e-01	   2.1317747914180954e-01	   2.4610517936861842e-01	   3.1212374918316665e-01	   3.3113063462566555e-01	   5.7166406416755866e-01	   6.2524477813554347e-01	   6.2206041594407913e-01	   5.3664035327086412e-01	   6.0080322656668117e-01	   5.7904687724025117e-01	   8.0176129700119614e-01	   6.8675714547839573e-01	   7.3153585375848873e-01	   7.6910923658139829e-01	   6.7264127410453389e-01	   7.5822612674798529e-01	   5.8195398924738839e-01	   6.8588629996089001e-01	   2.1473622543477261e-01	   7.5474351924068775e-02	   4.3382201630372297e-01	   3.0899963539171860e-01	   2.3009832031047717e-01	   2.0867020866294012e-01	  -1.7981091411119310e-02	  -3.9287713764008893e-02	   1.7231437549347917e-01	   3.1665875759799589e-01	   6.1087349842512528e-01	   4.0017842164717765e-01	   3.1329656334784800e-01	   2.0655366358666999e-01	   1.0307261291471197e-01	   6.8449460143475638e-02	   8.5682330797577227e-02	   1.0061071403943563e-01	   4.3328990018623864e-02	   1.1494096532446059e-01	   8.7010350408251697e-02	   8.5310501118017468e-03	   3.9268386717968874e-03	  -1.3929207059672857e-01	   7.4500562757407740e-02	   1.2585512827647702e-01	   4.2672465057255904e-01	   3.6895332463292230e-01	   3.1332063504677665e-01	   3.3803156215527463e-01	   5.9060847470359157e-01	   3.7865543242506050e-01	   2.5740478676824963e-01	   6.0405377777837221e-01	   5.6602026726098498e-01	   2.4166607478638502e-01	   3.5968256707308727e-01	   2.5578116381200200e-01	  -2.8913522490100868e-01	   1.4064054565705503e-01	   4.7736290153266792e-01	   4.7667318475048237e-01	   5.8079251462310244e-01	   5.8609130038556978e-01	   3.1727555230816573e-01	   2.6559952084151478e-01	   3.9733472872911402e-01	   1.5177816267776506e-01	   4.3831212724125540e-01	   2.0213296602997674e-01	   3.7853500551430469e-01	   1.3951168162673266e-01	  -1.9962254955888742e-01	  -4.0773035592769319e-02	   5.3819731826663952e-01	   6.3682017485500420e-01	   6.8589914921083361e-01	   3.9458784778465006e-01	   4.6863780882945455e-01	  -2.7202354063682421e-01	
   8.4485037381208805e-01	   4.3699525226093644e-01	   1.1959281735745095e+00	   7.0590515109738672e-01	   3.5068520242860562e-01	   4.8591386456080787e-01	   0.0000000000000000e+00	   6.8580025686494639e-01	   4.7743617444810726e-01	   6.0141231115076443e-01	   7.0607521764517933e-01	   5.7929078106964826e-01	   8.0269844482373620e-01	   2.9293940256384465e-01	   7.3698365355687812e-01	   4.4076964220515769e-01	   3.5841584774651569e-01	   3.4129521772317944e-01	   9.7880672344680697e-01	   7.5209255564114585e-01	   2.8666544348133688e-01	   3.2275383095323951e-01	   7.8807105296687752e-01	   4.7307064650047409e-01	   5.8929225857315659e-01	   4.8155237859594802e-01	   4.5664171157758071e-01	   4.5562572375349453e-01	   4.5895358189072777e-01	   3.0874613646385007e-01	   5.6883643526257666e-01	   3.3719535241757853e-01	   6.9874640602995008e-01	   5.7326887900772538e-01	   5.2929627160118353e-01	   5.3076253293866071e-01	   1.3397377034693403e-01	  -1.0021266420597388e-01	   3.6272072673274580e-01	   2.4067290943649128e-01	   6.5932505139413555e-01	   3.4779353510123773e-01	   4.7824439680474029e-01	   4.4770856233888057e-01	   5.6961122902242178e-01	   6.5290552926538814e-01	   5.2041207942012413e-01	   4.7879693308098764e-01	   6.5570890213571131e-01	   5.6206597142662196e-01	   7.2232203633438918e-01	   6.8878783986224246e-01	   6.8170749563313726e-01	   6.3472703717610013e-01	   6.2556082192323947e-01	   6.4125511391389645e-01	   3.6376583552287123e-01	   1.9566894679463925e-01	   5.6728934335906012e-01	   4.3134151870329496e-01	   4.2335031607231843e-01	   2.0804108604793917e-01	   1.3882736716674668e-01	   3.8344897641740691e-02	   3.4543172264149319e-01	   3.1456651896251342e-01	   8.2484228554417094e-01	   6.4740916741036292e-01	   6.2714754053695343e-01	   5.7056800496435744e-01	   4.0092081973325977e-01	   1.1659435181497854e-01	   3.7972037837250061e-01	   2.4794051878484369e-01	   3.1269325429968348e-01	   2.9569799416412956e-01	   8.4442048923390550e-02	  -2.3937711276402828e-02	   3.1265431456847614e-01	   1.6736867502312439e-01	   3.1800048091076633e-01	   3.9780680914889388e-01	   5.7512360736539092e-01	   5.8745344841168678e-01	   5.4033047208639218e-01	   5.1080218500498820e-01	   5.1891769521030129e-01	   3.9765789564276910e-01	   5.5872014567450112e-01	   7.5098553401007018e-01	   8.2032745215438552e-01	   7.8338840145843691e-01	   6.0592101649180452e-01	   6.3945595996804105e-01	   9.2354224236764149e-02	   8.2174768742266813e-02	   6.5420274589784710e-01	   3.5617823704872492e-01	   7.7717154074784744e-01	   7.6821282790267609e-01	   5.7993711273351856e-01	   6.2739912194078584e-01	   6.5310864969730176e-01	   6.0817019240933567e-01	   1.6993963050513561e-01	   1.4852493178935183e-01	   3.8183604378336578e-01	   5.5508114942712050e-01	  -1.3416412602056615e-01	  -1.1715170398362675e-01	   5.3949363320886579e-01	   6.5794159630893756e-01	   6.2619636166986248e-01	   4.0498022291334490e-01	   2.2993935284083289e-01	  -4.3356496087992630e-01	
   6.1926219605366084e-01	   5.1195403106055304e-01	   5.1551339543552432e-01	   1.0295794792680319e+00	   7.9246992323484075e-02	   6.2873834577662346e-01	   6.8580025686494639e-01	   0.0000000000000000e+00	   6.9242464916374036e-02	   6.2134815835774015e-01	   4.5118735111649533e-01	   7.9491949503271375e-01	   4.9174067289498768e-01	   7.9570225719476029e-01	   8.0729735802780289e-01	   7.0560498100662372e-01	   3.8339356097576227e-01	   4.9903538388644197e-01	   7.6989736573458933e-01	   7.9479234371983998e-01	   3.5881528656730560e-01	   4.8239103601845890e-01	   6.4854948029664805e-01	   7.0818821139897170e-01	   1.9742199177833625e-01	   3.5714310252833720e-01	   4.5845554550974044e-01	   5.6379031933985391e-01	   4.9175269719754588e-01	   5.0967281685377785e-01	   5.0514312032322750e-01	   4.7530642116109578e-01	   7.2976332235837338e-01	   7.2227267306487319e-01	   4.7027018224486578e-01	   5.3358818183152401e-01	   2.0484418456332926e-01	   1.4956159938540350e-01	   3.8434276285214941e-01	   4.1985622424392943e-01	   5.8386570190710751e-01	   3.3142987504812149e-01	   6.1763965400358967e-01	   6.0358398251960121e-01	   6.4011550111170112e-01	   7.7592950155831952e-01	   7.3432468621523683e-01	   6.5938970624131155e-01	   7.0458366578558396e-01	   5.6417769243737870e-01	   7.1496927685490064e-01	   5.8374442499659640e-01	   6.2623638732991282e-01	   6.2377200696340818e-01	   6.6934858496902083e-01	   7.5924709692506986e-01	   4.4515953891586701e-01	   2.4275227904565944e-01	   5.4067337634859658e-01	   3.4703208795634150e-01	   3.6178149642259627e-01	   4.3368976995474579e-01	   2.8853326589642048e-01	   2.1162849670254297e-01	   4.6652493994192479e-01	   4.5180849522296335e-01	   8.0475517768507121e-01	   6.9039569116001631e-01	   4.1224798033769178e-01	   4.7692308343547568e-01	   3.8877867196045079e-01	   3.6871940099031708e-01	   3.2159096182386199e-01	   4.5248039734082945e-01	   2.8447730215385481e-01	   4.5569905172759695e-01	   4.2032264583106416e-01	   3.4993075938914497e-01	   3.5860003903763316e-01	   4.1021178650448048e-01	   3.7793191983480318e-01	   5.4755943157711173e-01	   6.6688644590129686e-01	   6.4572068297515994e-01	   6.0386988033102740e-01	   5.2228969509978818e-01	   6.6626756580829893e-01	   5.1948012154180856e-01	   6.6415691658181364e-01	   5.2474472224024216e-01	   6.6343179936996810e-01	   5.9600207099629465e-01	   5.7254945222758180e-01	   6.0309244015057850e-01	  -1.1350093421772108e-01	   2.3530509695430907e-01	   6.6529759949308009e-01	   5.6653622998535891e-01	   7.3315635545371549e-01	   8.2539009128806851e-01	   5.6362070330404368e-01	   5.8210306536796197e-01	   6.0130908329360311e-01	   4.2970690795548100e-01	   2.0190987178365233e-01	   1.0730424532181856e-01	   2.9376006220156264e-01	   2.9819761296460900e-01	  -1.7901466724752521e-01	   2.4298063772324310e-02	   6.1660248719651656e-01	   6.1550251020222990e-01	   6.5158187842684312e-01	   5.0964324433003394e-01	   3.4220071462035229e-01	  -3.8142664898875484e-01	
   1.4546172608840036e-01	  -4.7283101344246702e-02	   5.5584705055900852e-01	   1.7026925227911721e-01	   1.7426922801490707e+00	   6.4754026631147887e-01	   4.7743617444810726e-01	   6.9242464916374036e-02	   0.0000000000000000e+00	   2.5369508563636917e-01	   1.3488743032640657e-01	  -8.1387459945929469e-02	   4.2752183404026989e-01	  -8.5617809952952567e-02	  -1.3164419165363814e-01	  -1.7050152632508725e-01	  -3.4018025310089078e-01	  -4.5388869749236571e-01	   1.6277836737843043e-01	  -5.7425999129328657e-02	   2.4853642322159311e-01	   4.5386361904051492e-01	   2.6060926883257990e-01	   2.1817198091845233e-01	   7.0155209428149568e-01	   6.9535343056353116e-01	   3.3343800935710677e-01	   4.9970781130271447e-01	  -1.2918590930123394e-01	  -2.7859541961979184e-01	  -7.6106314356117560e-02	  -1.5367220514417265e-01	  -1.5082382981483641e-01	  -1.8875217988214690e-01	   1.4153246599788633e-01	   1.8510034038848122e-01	   1.1082597771989708e-01	   3.2045927050845059e-02	  -1.0896275840405931e-01	  -6.1694824837117586e-02	   9.9042054143944295e-03	   1.6209423468371728e-01	   1.6142797526035835e-01	   2.1323507294585600e-01	   1.7287338420880360e-01	   1.0083383048195768e-01	   1.4240809809692395e-01	   1.2290836814406363e-01	   4.1880036936866449e-01	   3.7265236703798121e-01	   3.2059069487461866e-01	   4.5469872938705203e-01	   3.7970433824967059e-01	   4.2956565750834519e-01	   2.2357140780182549e-01	   2.5919286933433822e-01	  -1.6148358103983892e-01	  -2.0731322115283118e-01	   1.9426535771950870e-01	   4.3605792164111375e-02	  -5.7478487506166222e-02	  -1.3707658639224027e-01	  -4.3155268760902188e-01	  -4.4454408539307305e-01	  -1.7138392067040265e-01	   2.4963192408527677e-03	   1.5213817964396165e-01	  -1.3196878121464382e-02	   1.4654437925446953e-01	  -3.4399554652878132e-02	  -9.1019867116307468e-02	  -2.4890763685522141e-01	  -1.7298182668962669e-01	  -3.1635728554203352e-01	  -1.7100538218749717e-01	  -3.0580730764489256e-01	  -2.0947478527596061e-01	  -3.0981883122206721e-01	  -3.7408031643564010e-01	  -6.2440308835488401e-01	  -2.4293062100103885e-01	  -2.1515787816013535e-01	  -2.0935244979505933e-02	   2.0488553103105964e-02	   8.6784835817962783e-04	   8.4655991759585644e-02	   1.6176289030267846e-01	   1.2159812034668659e-02	  -6.7086674124908069e-02	   3.3421618971925482e-01	   2.8898733309735924e-01	  -2.0574172192184555e-02	   1.2672560319556622e-01	  -1.0709551000136630e-01	  -8.4145258536289819e-02	  -2.0636390725534307e-02	   1.1857761382195905e-01	   1.2239975772380872e-01	   1.9452988422667977e-01	   1.6474915327373668e-01	   4.5990507979902166e-02	  -1.1041492611503506e-01	   2.1716264413084285e-02	  -4.3257852244242154e-02	   2.9024200185189358e-01	   6.1797439781734929e-02	   2.2726620988429172e-01	   2.7440715986592194e-02	  -1.1591440190335468e-01	   1.1809546670222906e-02	   1.6965965891853532e-01	   1.6766780907841489e-01	   1.8682960663197457e-01	   8.2996333327322938e-02	   1.5775036951771940e-01	  -1.9258348571495215e-01	
   6.8371331524866241e-01	   6.1817265323110515e-01	   5.0145315829026249e-01	   7.0080852716553843e-01	   2.0486497243403326e-01	   6.7312765309454858e-01	   6.0141231115076443e-01	   6.2134815835774015e-01	   2.5369508563636917e-01	   0.0000000000000000e+00	   4.9153171192627071e-01	   5.3710844089944820e-01	   5.8905398579821566e-01	   4.3601378425779297e-01	   5.3065588011361642e-01	   7.6363723560188368e-01	   1.7751648260508249e-01	   2.4366040021674343e-01	   5.6581580770956519e-01	   5.7468439827484452e-01	   5.0031493119021087e-01	   6.3622138879384915e-01	   4.4070646936504532e-01	   5.2590156776635166e-01	   6.2543357213353712e-01	   3.8154407076575075e-01	   4.3701112976536288e-01	   4.3604975174668792e-01	   3.2286164894355651e-01	   3.2566855332213290e-01	   4.1913140596508874e-01	   3.2535010825259175e-01	   5.8248036485298438e-01	   6.2219823755779369e-01	   4.0634595329243539e-01	   4.9455710159574373e-01	   4.5648002070473354e-01	   3.0195622981508469e-01	   6.2521511991060652e-01	   4.3054897116787005e-01	   6.4525560466232501e-01	   3.5379109422579941e-01	   3.3140552111731147e-01	   3.6128395730367024e-01	   4.4984616953277418e-01	   5.1274014102659959e-01	   4.5688857798842364e-01	   4.5906312897454338e-01	   5.7230280008447010e-01	   5.7827099600129062e-01	   6.4780151815668374e-01	   6.3120268001086322e-01	   6.7833232545602407e-01	   5.4826046701513653e-01	   7.2323350313496770e-01	   6.4620426622005256e-01	   4.4562792076184532e-01	   3.7508669091947572e-01	   5.5834574572485907e-01	   4.5514678747302906e-01	   4.5529889439612486e-01	   4.0571000904055032e-01	   7.5392736384127024e-02	   1.5150915163907383e-01	   2.7493013918012554e-01	   3.7942285960799271e-01	   5.6796126810297221e-01	   4.9298097541022967e-01	   6.0779205518605295e-01	   5.2230141429596644e-01	   2.7603909793285181e-01	   2.6615315907894999e-01	   3.1678624022391194e-01	   3.3897832152627605e-01	   2.5832640895164882e-01	   2.9089095106888008e-01	   2.1780884878292447e-01	   2.3623499900814093e-01	   1.7941659529836204e-01	   1.9195949476048058e-01	   2.2237201236715159e-01	   3.2818890267270528e-01	   4.8644332197411466e-01	   4.9123631144760438e-01	   4.0282389473277613e-01	   4.2833191639320334e-01	   3.5445991816263489e-01	   3.5932762565041226e-01	   5.2389178087057964e-01	   7.4324301429109729e-01	   7.9300351166486738e-01	   5.1653749948482020e-01	   6.9996541257848099e-01	   6.1420505827301497e-01	   3.6421936469977849e-03	   1.9314143523114630e-01	   7.4084046423577976e-01	   5.7336885270887528e-01	   7.2979188375106174e-01	   7.1579897661791292e-01	   6.6274051513357779e-01	   5.3654082645144696e-01	   6.6179374786396594e-01	   3.4636503630436699e-01	   2.9531053517534789e-01	   2.4732385323933315e-01	   2.1745231100174503e-01	   5.1767168515334505e-01	  -1.5694974685251889e-01	  -1.7791086410823255e-02	   5.9734025695495396e-01	   6.5941116775604447e-01	   7.4779420259132889e-01	   3.9920083307393073e-01	   3.7146155006652098e-01	  -3.5162441099067138e-01	
   1.0497166219739476e+00	   6.9162615853010034e-01	   5.5227894766788876e-01	   3.8663239144973521e-01	   8.3485612460425379e-02	   2.6964089376066958e-01	   7.0607521764517933e-01	   4.5118735111649533e-01	   1.3488743032640657e-01	   4.9153171192627071e-01	   0.0000000000000000e+00	   1.1100535204759268e+00	   1.1515210511125600e+00	   7.4694615657848129e-01	   7.2565282957047672e-01	   6.4899404239332337e-01	   6.9548743624256215e-01	   6.8714711914688731e-01	   8.8094648611690807e-01	   6.4193918863798172e-01	   1.4913754586606107e-01	   3.6797824993272238e-01	   4.6065283491059783e-01	   2.5203318511522110e-01	   3.6636352736288413e-01	   1.3712807978546213e-01	   2.1824535579757104e-01	   2.1895975372714563e-01	   1.0969910035688821e+00	   9.4651624231270037e-01	   6.7908324582502966e-01	   4.5607666700849897e-01	   7.8077713861019626e-01	   7.4718119623876711e-01	   2.8549661884572897e-01	   2.6761132636123014e-01	   4.8055698424350624e-01	   2.8304470384246971e-01	   5.9826078536218141e-01	   5.9374153053794398e-01	   9.0016787529882647e-01	   7.2808098326983595e-01	   4.8650955727281375e-01	   4.7059319178744274e-01	   5.4211003834982086e-01	   5.2334523568232227e-01	   6.2878979708100013e-01	   4.3922151748874888e-01	   5.6593292631569203e-01	   4.9695676130286187e-01	   5.5457255566939412e-01	   5.3535502977144933e-01	   6.7758774864084503e-01	   3.9743459738061698e-01	   7.7783958391728891e-01	   6.9226441166587971e-01	   3.8800646380145165e-01	   3.3686184172303485e-01	   4.7009120013916844e-01	   3.0907093018104809e-01	   5.6341097819417429e-01	   3.4190445832106181e-01	   3.5218128326783976e-01	   3.9444267684453904e-01	   3.4563266775974361e-01	   1.6308714803143617e-01	   4.9382761128786401e-01	   3.9718770518176244e-01	   2.9955261991791932e-01	   2.4392268562431876e-01	   4.3625637203648793e-01	   1.8931761508597877e-01	   1.0090930964669869e+00	   8.6679604902523444e-01	   9.4213595614631496e-01	   8.5187791052059125e-01	   5.8963303430917124e-01	   4.9804866857458630e-01	   6.7529062315015775e-01	   5.1500918063768886e-01	   7.0116160985423992e-01	   9.2144063927195463e-01	   6.5387250563238519e-01	   6.8511197183641992e-01	   7.7642737940128670e-01	   7.1061926897854044e-01	   3.7281350291324589e-01	   3.2432687459214093e-01	   5.3961991912291696e-01	   5.1608947367217450e-01	   4.4985891291312169e-01	   4.4622348491698843e-01	   1.9039975763362357e-01	   2.8569831226010012e-01	   9.5889937495768865e-02	   2.1878423364766364e-01	   8.3016657861982324e-01	   6.7821018379725984e-01	   7.0479447321747712e-01	   7.7479601488359662e-01	   3.0453225513761029e-01	   2.6194129916705067e-01	   4.2632499670906476e-01	   2.2219126523801375e-01	  -3.6030736981936415e-02	  -2.3831116160533291e-02	   5.8929966951828928e-02	   8.9865204653566219e-02	  -3.3137403276289619e-02	   2.8108932296585293e-01	   7.3430104967175180e-01	   6.2167951034080038e-01	   6.8561590865890099e-01	   3.4754014658896709e-01	   3.8029176404873638e-01	  -2.3872464176569050e-01	
   9.6765732674594562e-01	   9.5850346135108588e-01	   4.4445554751502547e-01	   6.0810712357710073e-01	  -1.1027866767115888e-01	   2.9628097518708513e-01	   5.7929078106964826e-01	   7.9491949503271375e-01	  -8.1387459945929469e-02	   5.3710844089944820e-01	   1.1100535204759268e+00	   0.0000000000000000e+00	   7.9581757642637974e-01	   1.0527747291375884e+00	   8.3527701551114863e-01	   9.2749812674959331e-01	   8.6910629688707108e-01	   9.7262161631682398e-01	   8.7164416969893743e-01	   9.3448305770486884e-01	   2.1412393303199567e-01	   3.5624710624501066e-01	   3.7914805123168693e-01	   3.3964537371570686e-01	   1.9838497568712693e-01	   3.5289140511975604e-02	   2.8548812530334522e-01	   2.9723202404347732e-01	   9.2905020593664145e-01	   1.0687315935909736e+00	   5.4276594601634554e-01	   4.0020359871501082e-01	   7.9053955154760547e-01	   8.8459160069659015e-01	   2.8015576360907746e-01	   3.2275775541829754e-01	   4.0100113954354311e-01	   3.2989858332090466e-01	   6.7140274093574337e-01	   7.1337017016690940e-01	   9.0730034816973237e-01	   7.3712219309939098e-01	   4.4210813844301189e-01	   4.4718424786174482e-01	   4.5027029543105523e-01	   5.5211598433064268e-01	   6.3702020661987357e-01	   5.0504811632391455e-01	   5.6741610921191232e-01	   4.8669951582685089e-01	   6.1622204631997346e-01	   5.5655797357205750e-01	   7.9033375787108850e-01	   5.0204163252145273e-01	   8.8653081236618991e-01	   8.8053416922968919e-01	   5.9385488204440717e-01	   4.8551580184569654e-01	   6.2114465544841668e-01	   5.0306393668237170e-01	   7.0788866301988318e-01	   6.7785608089476679e-01	   5.6932171408534860e-01	   6.6276274992693585e-01	   3.7156292573208044e-01	   2.3442056051127300e-01	   5.8141722361891968e-01	   5.2750369572141853e-01	   4.6031185956699516e-01	   4.3532607709176702e-01	   3.7635193239234138e-01	   2.8581372183556114e-01	   7.5685907931873531e-01	   9.4414828209108037e-01	   6.9970194786949991e-01	   9.3554109746223613e-01	   5.4739671913840970e-01	   5.9724393263157061e-01	   7.4929506747474117e-01	   7.2126065762804992e-01	   7.8847458488702205e-01	   8.5956670155627357e-01	   8.4708232572208475e-01	   8.6828618806161983e-01	   7.0732029314642075e-01	   6.8037073933364767e-01	   4.8208735166437933e-01	   5.1007044236938304e-01	   7.1539346414391713e-01	   6.0293938619877407e-01	   5.9541075279500966e-01	   5.2945380820642374e-01	   4.2648632923404450e-01	   4.3878456778899855e-01	   1.3679947579064120e-01	   4.2260252482146188e-01	   9.3280108298044273e-01	   8.5095169936133563e-01	   8.0911207750139569e-01	   8.5178256061043345e-01	   5.7708023728533575e-01	   4.2581588828220135e-01	   6.6076271688523014e-01	   3.8934294498661048e-01	   1.8013755289254866e-02	   4.7797804561477850e-02	   1.5761100395482547e-01	   2.3135586893791255e-01	  -7.9985777951825775e-03	   2.2285807650146344e-01	   8.1178443444618131e-01	   6.7888795481579878e-01	   8.2991146416114181e-01	   5.0606211805683687e-01	   3.8740164211091049e-01	  -2.5275743607866691e-01	
   9.6443936814597231e-01	   4.6599524752412713e-01	   6.5218679804232838e-01	   3.6719300916912090e-01	   3.4286098738348658e-01	   4.4334846307509135e-01	   8.0269844482373620e-01	   4.9174067289498768e-01	   4.2752183404026989e-01	   5.8905398579821566e-01	   1.1515210511125600e+00	   7.9581757642637974e-01	   0.0000000000000000e+00	   8.2262573357552604e-01	   7.1043460592594609e-01	   7.1371550190576061e-01	   3.7055168609142691e-01	   3.2287164599006318e-01	   7.3752537529102513e-01	   4.0717092087494577e-01	   3.9045925233293965e-01	   6.3861160478166745e-01	   4.7316072197997755e-01	   2.8641331681989390e-01	   4.2127394216585767e-01	   2.6689743466794708e-01	   2.9203837278255229e-01	   2.7909485066483397e-01	   7.7484470283785656e-01	   5.9349738696703291e-01	   4.9621986455456840e-01	   3.1347931759171194e-01	   5.4476657693315023e-01	   4.7872771072123410e-01	   3.0235330582223863e-01	   3.5756463572718067e-01	   5.9394458301943931e-01	   3.0215127868195640e-01	   6.5258642845522385e-01	   5.9097606360267574e-01	   8.1691247915181098e-01	   8.2120923553032865e-01	   4.6877497692751124e-01	   5.2582655300936876e-01	   5.1814211964418311e-01	   5.2027697025212105e-01	   5.8596078279521135e-01	   4.0397373211453963e-01	   8.6849122555124114e-01	   6.8269771161533332e-01	   7.3568156331487167e-01	   8.1699144459097872e-01	   9.4356856328712835e-01	   6.4629090764340169e-01	   9.6665225261401144e-01	   7.1502396518088052e-01	   2.8985074007743739e-01	   2.1921022439172211e-01	   7.3836239800285219e-01	   4.1867054094066997e-01	   5.6398993599337155e-01	   3.3457108650125972e-01	   8.0155032070307802e-02	   9.7425882556409105e-02	   1.5118404910980124e-01	   1.5692547025757947e-01	   4.8733254320272312e-01	   3.5260648025608410e-01	   3.6322643871175297e-01	   2.3217335111677306e-01	   3.5874179820164637e-01	   3.8539037427453703e-02	   5.4161674862363940e-01	   4.7178049179772219e-01	   4.6195474937421882e-01	   3.7236018529515230e-01	   3.1238807977834138e-01	   2.4771618430962600e-01	   4.0215833833128478e-01	   2.4450769694476304e-01	   4.2222017347432850e-01	   5.4709734170535418e-01	   6.1019711580715874e-01	   5.3685684117219712e-01	   5.3581557841434713e-01	   5.8882978788252227e-01	   4.0028121751763540e-01	   2.3876462607547910e-01	   5.7134816873851191e-01	   6.6874488586957626e-01	   5.8861663834493771e-01	   4.5887412438829245e-01	   2.9507923554767163e-01	   3.6929329443205589e-01	   2.3162273584841314e-01	   3.8623599165380823e-01	   8.2317536847898920e-01	   6.7400067392720941e-01	   7.1008225307254169e-01	   7.5954769427674640e-01	   3.0685539555814878e-01	   3.0769497004993746e-01	   4.3903642180520897e-01	   2.6465771506836905e-01	   1.7375934818529334e-01	   1.5045325750039512e-01	   2.5176428023003311e-01	   2.1500551317130126e-01	   3.5612112664611499e-02	   2.4773196538351611e-01	   7.4783303702116655e-01	   6.2182122203040513e-01	   7.2038696240902877e-01	   4.2558790150328663e-01	   4.3189332557460758e-01	  -3.0485660645148849e-01	
