   0.0000000000000000e+00	   7.5901114269548720e-01	   2.5858319459943047e-01	   4.0590333373894988e-01	  -2.8388770281842488e-02	  -4.2313292038571530e-02	   6.5567499075780800e-02	   6.5934881212812449e-02	  -8.7506576527568741e-02	  -1.4731292714626030e-02	   2.7279567923037773e-01	   1.5660136355317883e-01	   2.6178693811017617e-01	   1.6170930589953861e-01	   1.7926142057069966e-01	   4.3999204283996041e-01	   6.6986604608197919e-01	   5.2338812023872361e-01	   8.4245336081915578e-01	   6.5297593217949623e-01	  -1.1243335735098857e-01	   8.9520350266079785e-03	   7.9402884223785483e-02	   2.7764318395526884e-03	   1.3584948286728341e-01	   6.6084692724144786e-02	   1.9385964904064196e-01	   1.3254328525162581e-01	   1.7841476039029647e-01	   2.2858335508835101e-01	  -2.0748336064341349e-01	  -1.2767646750944378e-01	   4.3881600077843219e-01	   4.3899580206756761e-01	  -4.5736212684567852e-02	  -7.5989249922713525e-02	   3.0669652000147346e-01	   1.4898005852724319e-01	   3.3352435572986916e-01	   4.1229194130143365e-01	   1.8386907545667044e-01	   1.0597041173458314e-01	   4.7777300907204129e-01	   3.4970996593955250e-01	   3.7441951285253444e-01	   5.3919387176645062e-01	   5.8681978371846688e-01	   4.8852320051243814e-01	   3.9093638691098603e-01	   4.1369364237173711e-01	   5.1834776421714301e-01	   4.6571866080628321e-01	   5.1852732929295764e-01	   3.2635048098917080e-01	   3.1176251125337096e-01	   4.1425241862963869e-01	   7.0738048195708658e-01	   5.8263266106069755e-01	   3.7494864475801670e-01	   4.6867256996800527e-01	   3.8829112022855072e-01	   8.9616447858631543e-02	   6.0976928885105963e-01	   3.8924059448369352e-01	   4.9821818920649158e-02	   1.0301408230483683e-01	   1.9458814422064613e-01	   8.7825719580714529e-02	   5.0332442172696523e-01	   2.2026721599158339e-01	  -6.8941989127199760e-02	  -2.3560258873807244e-01	   1.7587330802704762e-01	   1.8066178646549691e-01	  -2.7115178122033755e-02	  -1.2875100995286032e-01	  -1.4720984873373108e-01	  -9.6482983710277762e-02	   5.8020041300040370e-01	   5.0602874463273828e-01	   5.8641936328637190e-01	   5.9480932691253685e-01	   2.6866393562503338e-01	   3.6383682468348372e-01	   4.6244056823612839e-01	   2.8961213704067013e-01	   2.7545787939710664e-01	   3.8213996550982406e-02	   5.2242991812505335e-01	   7.0285531857566830e-01	   1.4032110639771317e-01	   2.3610128468647434e-01	  -1.0410256133266807e-01	   1.2577656111158123e-01	   1.8254619571814934e-01	  -9.8206466833697895e-02	   2.7818256097296301e-01	   1.9875269164427972e-01	   2.8905873931394682e-01	   4.0170023976087310e-01	  -2.3466967287190549e-01	   6.2041134639279093e-02	  -6.4992311300036951e-02	   1.2816597474896269e-01	  -9.7982890334443420e-02	  -7.6521295327639419e-02	  -1.7379040734083975e-01	   1.4946334999617344e-01	   2.7396017160389424e-01	   1.6089532284451866e-01	   2.5809328750191934e-01	   4.0069154315439681e-01	   8.3475231652746187e-02	  -3.6372735733072564e-02	  -1.8155047664731391e-01	  -6.1693679661135446e-02	
   7.5901114269548720e-01	   0.0000000000000000e+00	  -3.1020288856660533e-01	  -1.8845962338060684e-01	  -2.7576533287233440e-01	  -2.9422835662165631e-01	  -5.0418137831899967e-01	  -3.5602930458014387e-01	  -1.6235058178079775e-01	  -2.5538674107888570e-01	  -2.6270163596599866e-01	  -1.1137158594313787e-01	  -2.4305139707171552e-01	  -1.8653006876989348e-01	  -1.5222060811728272e-01	   2.3365128275411508e-02	   8.3988234541135298e-01	   1.3814239129472690e+00	   5.3757056003916537e-01	   8.7967742663244586e-01	  -8.9455727361772805e-02	   1.3340299755470642e-01	  -4.9657589275003761e-01	  -6.0862060506812088e-01	  -1.3748202344403290e-01	  -1.1726697054219670e-01	   4.6576143096451986e-02	   1.8191017024281661e-01	   2.1832933329495255e-01	   5.5148486275960829e-01	  -3.9801720844706745e-01	  -4.1714885428331061e-01	   2.2428683244588818e-01	   2.4072854981943659e-01	  -3.0107291381453649e-01	  -3.3658646503914846e-01	   2.4917053834175357e-01	   1.3311692867906558e-01	   3.5889897581578289e-01	   4.6438761436947490e-01	   1.2915858283693188e-01	   1.8084177761784548e-01	   3.7941001296399796e-01	   5.0206043231389241e-01	   4.8035092064280061e-01	   5.8397020627958340e-01	   6.2876038685137925e-01	   7.0477243987662874e-01	   1.7569157846927849e-01	   5.0744981747570583e-01	   2.1967908410492917e-01	   3.4284583453414197e-01	   2.3495698583133975e-01	   4.3887969032370261e-01	   2.1216604718028031e-01	   4.9288999697617142e-01	   1.5987413549355001e+00	   1.6123769258927820e+00	   9.9879198167853595e-02	   2.2360531725482125e-01	  -8.6108956807693909e-03	  -2.9290163142666553e-01	   8.2241632494574635e-01	   4.1936728253249356e-01	  -3.5643805133879830e-01	  -2.6189974482903033e-01	  -2.0215556274055088e-01	  -2.7069221019205414e-01	   7.8966035242459187e-01	   1.1841335133268277e-01	  -2.0818874955110364e-01	  -2.0672800688725840e-01	  -9.2165579659312727e-03	   1.4223683352755659e-01	  -1.6182050728368591e-01	  -2.3398219225635650e-01	  -2.8845172291482657e-01	  -2.3217421774440558e-01	   8.6880899581277848e-01	   1.1077412729665310e+00	   8.8412722541656286e-01	   1.0542604732144767e+00	   2.3992512306854723e-02	   1.3796983138052463e-01	   1.5716569699718713e-01	  -8.6461595162946978e-02	   3.6071127199515396e-01	  -3.5763983085327501e-02	   1.1525337224196265e-01	   2.6383877364290992e-01	  -4.1237592119061750e-01	  -2.3444159412284063e-01	  -6.1139312404546586e-01	  -3.2968158689710281e-01	   2.5875054846674828e-01	   9.4353656702642367e-04	   3.7928339365860625e-01	   3.5387820362983502e-01	   8.5755777138354028e-02	   7.1213407913740923e-02	  -5.5853791126933916e-01	  -4.1588431762385936e-01	  -2.5221346478134715e-01	  -3.0166725498721331e-01	  -3.8615807214756231e-01	  -4.5983533015492928e-01	  -1.0525072245673810e-01	   6.5506717298491834e-02	   1.3038858712556731e-01	   4.4899693741854249e-02	   2.1441753418739246e-01	  -6.1462738592382014e-02	  -4.1846395986033641e-01	  -2.1942209481635913e-01	  -4.2115971902072769e-01	  -2.1755825980448659e-01	
   2.5858319459943047e-01	  -3.1020288856660533e-01	   0.0000000000000000e+00	   8.2976413835707641e-01	   8.4399435194329686e-01	   5.1536675529132836e-01	   9.9080512919528785e-01	   5.0147272807840126e-01	   3.7281171067422536e-01	   5.2734985257244538e-01	   4.1513091311566086e-01	   2.7968445798793842e-02	   4.9355824243520197e-01	   2.7940142851942656e-01	   4.7139753968716008e-01	   4.6577480283188383e-01	  -3.8890389301817851e-01	  -5.3221788312773122e-01	   1.3857412120993443e-01	  -2.3171904977224916e-01	   1.4761140181840232e-01	   4.1030217520798606e-02	   1.0820387408124930e+00	   8.7882542623124249e-01	   8.4538891441193420e-01	   5.7686433035005114e-01	   5.2296691183420441e-01	   6.6854157745577292e-02	  -2.7180425042120138e-01	  -4.4277452812834961e-01	   3.3034049770208185e-01	   3.5028311159378345e-01	   2.8384713742780343e-01	   1.3909925300679554e-01	   7.9099656656961759e-01	   5.9578485061563025e-01	   1.0372551708885255e-01	   1.7784485072175443e-01	   1.3857566965459309e-01	   8.0561508083035836e-03	  -3.4324856647613630e-02	  -9.2489666230184925e-02	   1.3890646102887524e-02	  -1.5423783761865545e-01	  -1.1959482632151408e-01	  -2.7448400932507618e-02	  -1.6593057220045074e-01	  -1.7568637738032364e-01	   1.9769464990999686e-01	  -1.8432131023804216e-01	   3.3880009485347057e-01	   2.0400524007507853e-01	   2.7854971577548204e-01	  -8.2535904306107646e-02	   3.6186345309245416e-02	  -1.8274248661049800e-01	  -2.8486655763264190e-01	  -3.3365142656940322e-01	   2.9088465876818748e-01	   6.4572638503142057e-02	   2.9882435683289704e-01	   1.6160186016528361e-01	  -3.4039437293169222e-01	  -3.5023491087780889e-01	   6.0696228140878272e-01	   5.8816178847776313e-01	   8.3471544176929247e-01	   6.6926453071671921e-01	  -1.0218745881135310e-01	   1.3465501386646950e-01	   2.9679628266269786e-01	   1.4976279673984211e-01	  -1.6879100466739034e-02	  -2.8156985415908609e-01	  -6.1722064245291836e-02	  -2.7647092173770188e-01	  -2.0179184569077330e-02	  -1.1448980027813560e-01	  -3.8778437818772221e-01	  -4.2284505484336332e-01	  -4.2122386139190998e-01	  -3.5561574130905416e-01	   3.0695608564728660e-01	   1.0550724901151355e-01	   5.4721871805940070e-01	   5.7652791851753071e-01	   4.5648170005903627e-02	   1.3801856765528558e-01	   7.3738766822436330e-01	   5.0548769912303992e-01	   5.6695461529662505e-01	   8.6523133667570284e-01	   6.4278525751932980e-01	   1.0216223011796886e+00	   1.3337040339004153e-01	  -3.0861342780294156e-02	  -4.2173180159115690e-02	  -1.2684449403021655e-01	  -5.6600738209212787e-03	   2.3427769110805774e-01	   2.7092930198666021e-01	   7.3889346946369461e-01	   5.1294603576631514e-02	   5.2367082235187590e-01	   5.9945599273706873e-01	   8.0123792193532861e-01	  -4.9746888432859168e-02	   4.0730431202979103e-02	   2.2860700145553900e-01	   1.4594585938557120e-01	   1.6081886832151551e-01	   3.3751084020613831e-01	   6.1867206035829558e-01	   2.5029670609556232e-01	   4.7221880002906658e-01	   3.6403001284160302e-01	
   4.0590333373894988e-01	  -1.8845962338060684e-01	   8.2976413835707641e-01	   0.0000000000000000e+00	   5.3720656660774579e-01	   7.7508282117325977e-01	   1.0162515708352000e+00	   1.1481891777728246e+00	   3.2218669423969470e-01	   6.2439849662182301e-01	   4.3500470449467843e-01	   4.3897168466723008e-01	   6.1609097302698412e-01	   4.8658733708939900e-01	   5.6819090992456367e-01	   6.1765049610138378e-01	  -1.1637751068691400e-01	  -3.5643994265465639e-01	   2.8347581523027299e-01	  -8.0203160180471689e-02	  -8.1236557531362986e-03	   1.0341113058588479e-01	   7.4973116439574683e-01	   8.9476648975151585e-01	   4.5004385935267099e-01	   4.8687848121130523e-01	   1.7403495972161978e-01	   3.2920692924412277e-02	  -1.2631245708937194e-01	  -2.0392862199128525e-01	   3.2570319266448655e-01	   4.5687042474273265e-01	   3.8904128689485384e-01	   3.8810677586548059e-01	   4.9333655405366200e-01	   4.8159784982835457e-01	   1.7621026899459880e-01	   1.7715000750050924e-01	   1.4025088859833118e-01	   6.8315564526247333e-02	   1.1782757442604355e-01	   1.1288300926066183e-01	   1.7779595641628163e-01	  -4.8677176211617275e-02	   1.8573595565540193e-02	   1.0124433730611944e-01	   3.2709434016032130e-02	  -1.3240940752397659e-01	   2.2432726899244540e-01	  -1.3607611142192191e-01	   3.3638607179866198e-01	   1.3206938874331192e-01	   2.5457126553759035e-01	  -2.2982490475577100e-01	  -2.9317152116172904e-02	  -1.9015924153109415e-01	  -1.8862986635768039e-01	  -3.0141905739367070e-01	   2.3002861352777976e-01	   2.3671911078374291e-01	   5.5806554569619993e-01	   6.9255372620102917e-01	  -1.2997539637606256e-01	  -7.7839125034236539e-02	   8.2098462085988444e-01	   1.0931922380337484e+00	   6.1387226702363107e-01	   6.8479936128383423e-01	  -8.4376108673620207e-02	   1.7217024625103677e-01	   2.0106365879972618e-01	   5.3728619111748997e-02	   7.0403984120518279e-02	  -1.9869567869546821e-02	  -9.7185102345541868e-02	   1.7264517534165486e-02	   1.8497080602318524e-02	  -7.9216761418875858e-03	  -1.3351804815768409e-01	  -3.1853977786810089e-01	  -1.4001015413429677e-01	  -1.8757828609260355e-01	   2.1606858116098870e-01	   2.4569113446338164e-01	   4.6159360303403862e-01	   7.0969301986036559e-01	  -2.6953352951508878e-02	  -1.1000020618293063e-03	   8.1527494985829174e-01	   5.9792497634390263e-01	   1.0248929119259693e+00	   7.5780522944947393e-01	   9.2298416892586232e-01	   7.7796957663717881e-01	   1.1503737890112781e-01	   8.6324750681508119e-02	  -1.0001175828382565e-02	  -1.6689792754642929e-01	   3.2167131251764980e-01	   3.0399683047764020e-01	   4.5272038935966130e-01	   5.6227300170137584e-01	   2.5892572448548890e-01	   4.7296275864026327e-01	   5.1544819785873419e-01	   5.6428736231950083e-01	  -1.3180606352397381e-01	   1.3402825040492836e-01	   2.2639634847594498e-01	   1.4616255333948658e-01	   1.3093599028514161e-01	   6.0538122821947660e-01	   6.4756474794501384e-01	   3.3164777825952352e-01	   3.3260239187465684e-01	   2.9230939032592185e-01	
  -2.8388770281842488e-02	  -2.7576533287233440e-01	   8.4399435194329686e-01	   5.3720656660774579e-01	   0.0000000000000000e+00	   8.0453719504651799e-01	   6.8028202084724121e-01	   4.9495557441651639e-01	   9.9158037552618539e-01	   8.8671760883034700e-01	   9.4185139861204803e-02	  -3.8593156239509910e-03	   3.2459373394468460e-01	   2.7412961743561748e-01	   1.7819232436706789e-01	   1.4542343152729337e-01	  -4.2695301243896522e-01	  -3.7905315414475738e-01	  -1.0707385267011459e-01	  -3.6442999919812363e-01	   7.6817380623520726e-02	   1.1361002993710805e-01	   5.4584931768383360e-01	   4.4187323569452108e-01	   6.6273229968048797e-01	   5.7881302531956180e-01	   4.0259645708244596e-01	   9.5478322510468491e-02	  -2.1479472200919988e-01	  -2.6889975220306916e-01	   3.4798445271778727e-01	   3.4169805147065246e-01	   1.0514831633615929e-01	   1.1268401097213138e-01	   6.4194745264295572e-01	   4.8084038798385370e-01	   1.5358926335697022e-03	   3.3565043824214075e-02	   4.3756243164766499e-02	  -6.2869821366966115e-03	   1.5644758436389367e-02	   2.3063132794147113e-02	   6.2118421671771056e-02	  -9.7583487583923934e-02	   4.3291607212487926e-02	  -4.0151428462375603e-03	  -7.7074859657270595e-02	  -1.5265203336580183e-01	   3.1406432053471722e-01	  -1.5683403501890286e-01	   2.9815650778610703e-01	   1.6008946473542379e-01	   2.1416928494567616e-01	   1.2782824269172490e-02	   3.6137295769903113e-02	  -1.4417635056586772e-01	  -2.4651495864169934e-01	  -2.5791357683752181e-01	   3.2133428979817158e-01	   2.6197464814679078e-02	   2.6664859882387409e-01	   1.4733928838364863e-01	  -3.1891519199542356e-01	  -3.6880521238389885e-01	   4.0853215114146146e-01	   4.6282222923817373e-01	   5.5142107164336118e-01	   4.3861765585622386e-01	  -8.4199946434139639e-02	   1.8169667687259908e-01	   5.1614674697440383e-02	   7.4641316255946638e-02	  -2.5298933313135330e-01	  -2.7911994901366416e-01	  -1.6080041225852121e-01	  -2.6025235851171924e-01	  -4.3689207970137884e-03	  -6.8578256133122281e-02	  -3.6805200516679193e-01	  -3.5584302195109618e-01	  -4.1427365333215849e-01	  -4.0631055821129269e-01	   3.5077402993065776e-02	   1.4026620984732325e-02	   1.7080050086130613e-01	   2.5726045523396146e-01	  -1.0649194273853391e-01	  -1.0755774625640371e-01	   4.9521267281223025e-01	   3.2632267086414091e-01	   4.4763877425051091e-01	   4.4941417014645729e-01	   5.3824335598459261e-01	   6.5289203572764287e-01	   1.5833608489457512e-01	   1.4842641424818764e-01	   6.0374950417496957e-02	  -8.2545652946109882e-02	   1.4666685961162124e-01	   1.5431803084761683e-01	   3.3487919740628158e-01	   5.7942576080515018e-01	   2.2220598376817083e-01	   3.4908958183192162e-01	   4.8005579306222312e-01	   4.7955968628353041e-01	   2.2223300912898403e-01	   5.6779286643640825e-03	   1.4254982894896157e-01	   4.7131726491880951e-02	   4.2258377044840853e-02	   2.2667555926768373e-01	   4.4791371137906483e-01	   1.4823619459161894e-01	   2.9753836528039862e-01	   2.5220725809651034e-01	
  -4.2313292038571530e-02	  -2.9422835662165631e-01	   5.1536675529132836e-01	   7.7508282117325977e-01	   8.0453719504651799e-01	   0.0000000000000000e+00	   6.7383994893607913e-01	   1.0380871182099540e+00	   5.2309003247070163e-01	   1.0353202720020342e+00	   2.2432029111183521e-01	   3.9080550814083936e-01	   4.3598301058057004e-01	   5.4909727768175243e-01	   5.2946760426064299e-01	   2.9204628264198279e-01	  -3.6683127705809554e-01	  -4.3870091838405911e-01	  -1.6253955608483367e-01	  -4.1917855833880868e-01	  -4.2370616263870511e-04	   1.9120074332731427e-01	   5.4780873663500396e-01	   5.9891265563484941e-01	   4.0682982567068898e-01	   6.1959355275291150e-01	   2.7729988342394787e-02	   2.5333263115297780e-02	  -1.3841331231869169e-01	  -1.4695959543553530e-01	   4.1476791296921905e-01	   5.0125604459296680e-01	   1.1326818788799772e-01	   2.1666588730883499e-01	   5.2468084993152098e-01	   5.4772336151379464e-01	   1.1753526308473765e-01	   1.2073046588469701e-01	  -4.8733480562813368e-02	  -5.4306932735442438e-02	   1.7366919071645759e-01	   1.0325450738722852e-01	   2.2351468052112555e-01	   5.9924294321525844e-02	   1.2304830068907795e-01	   1.4725642103301578e-01	   9.6473090910561971e-02	  -8.7246576051072861e-02	   4.0931409876764346e-01	  -4.1753794711790974e-03	   3.0190409701413784e-01	   1.7054341594571054e-01	   1.8817632504200327e-01	  -1.0738308999004631e-01	   2.7880776235133589e-02	  -1.2657449446242625e-01	  -3.2970016509387351e-01	  -3.7368552559137230e-01	   1.3582161363710180e-01	   1.7659604867909043e-01	   2.9008580905123926e-01	   5.4375200490739872e-01	  -3.9231637613341913e-01	  -2.7955730961750203e-01	   3.9555568342547143e-01	   7.2600238262719530e-01	   2.7030811875329208e-01	   4.5416710758125600e-01	  -2.6815544389209156e-01	   1.1915154896566402e-01	   1.4269194062756105e-01	   1.9216096137500271e-01	  -1.1643310293008435e-01	  -5.9495532306311986e-02	  -8.2191438185275426e-02	  -1.9149359367517247e-02	  -1.3388603085009709e-01	  -7.2015308812422643e-02	  -3.0489302932321471e-01	  -4.1747577624515081e-01	  -2.8180799968232201e-01	  -3.4347966704941846e-01	   1.4670346485882887e-01	   5.5544262852707645e-02	   1.8794311492486060e-01	   2.9835681084142951e-01	  -1.7970532848276469e-01	  -2.1338389223318208e-01	   5.0127424960926215e-01	   3.2026890139222358e-01	   7.6061871290866412e-01	   5.1902740970120442e-01	   7.8505968938232507e-01	   5.9550457012866809e-01	   6.8725859588666116e-02	   1.1057357760405204e-01	  -1.9521762864578594e-02	  -1.2576327785326372e-01	   3.7644950715532494e-01	   2.1550255620844885e-01	   4.1494176895246965e-01	   4.0518761245985419e-01	   2.0734711521021504e-01	   2.3628999642310194e-01	   5.6263553794575805e-01	   5.0987102187980482e-01	  -6.6187037492061132e-02	  -9.2224886653009319e-02	   1.9092994976684466e-01	   4.1578104224357010e-02	   1.6210872865715261e-02	   4.3504403613271447e-01	   6.1979026845765017e-01	   1.9600160377598069e-01	   3.3772671943669741e-01	   3.4831153227770623e-01	
   6.5567499075780800e-02	  -5.0418137831899967e-01	   9.9080512919528785e-01	   1.0162515708352000e+00	   6.8028202084724121e-01	   6.7383994893607913e-01	   0.0000000000000000e+00	   1.0719436837191691e+00	   4.8823957467327483e-01	   6.1389062517176884e-01	   4.9647474704296291e-01	   4.1560728062549079e-01	   8.1407533624856210e-01	   4.6805284607435943e-01	   5.1888914173105749e-01	   4.3828427983824692e-01	  -4.2156482412266288e-01	  -6.9161658259357139e-01	  -2.3952079911743598e-02	  -3.5461203714083550e-01	  -1.6360411076831743e-01	  -1.2796934803470672e-01	   7.2671769040884282e-01	   8.5684906280322026e-01	   2.6792322703138405e-01	   2.0790069911871095e-01	   6.5756317967049102e-02	  -1.7428912628022525e-01	  -3.2283019564176341e-01	  -5.5041223689664043e-01	   1.8491290449224659e-01	   2.5010184179053319e-01	   2.8641695818063456e-01	   1.9773435071332943e-01	   4.5547361267010278e-01	   3.5544534792135885e-01	  -7.5929241483533999e-02	   5.0273241432726118e-04	  -5.0124382901110529e-02	  -1.2991449503926109e-01	  -1.0367815688806534e-01	  -1.1024003866487639e-01	  -9.3647669046238752e-02	  -2.5600443991438881e-01	  -2.7236879189400365e-01	  -1.8819705366733852e-01	  -2.4468478601694427e-01	  -3.7907558148224868e-01	   1.5232944644681962e-01	  -3.2252165736189065e-01	   2.3092911057061433e-01	   2.4437253591187869e-02	   8.4654355399675196e-02	  -3.1947301611255824e-01	  -1.6259214702738032e-02	  -2.9089484190545334e-01	  -4.8768226505907097e-01	  -5.5734037339955877e-01	   3.3226862332991824e-01	   1.6035941869480644e-01	   4.6446815557175031e-01	   5.6348037957760044e-01	  -4.2565048414444873e-01	  -2.7056696921267215e-01	   8.2365451216209817e-01	   8.6385903256548935e-01	   6.7206056566810335e-01	   5.7522747611589664e-01	  -2.8364983057971682e-01	   3.8236194991698523e-02	   2.2247803146933909e-01	   9.0311407352495529e-02	  -5.9660455288574346e-02	  -2.6259506086743822e-01	  -3.6600741236737705e-02	  -7.7980449864429577e-02	   5.3233587726027355e-02	  -5.8564393791724630e-02	  -5.0551792673814577e-01	  -6.4655211838945648e-01	  -4.9875018090187939e-01	  -5.7772730494211022e-01	   8.0942821584266744e-02	   3.8218964653535220e-02	   2.0847637610644021e-01	   4.9761469657515195e-01	  -1.6585021537710468e-01	  -2.8474132326461028e-02	   5.4665226953648771e-01	   2.9650429485588226e-01	   8.5780511442821106e-01	   8.4708305270529460e-01	   1.0498676524079449e+00	   9.7532838580413117e-01	   4.0153919783141867e-02	   1.8509267503278323e-03	  -1.6056501008731555e-01	  -3.1204332134121782e-01	   1.4592378945041201e-01	   2.3692514054207417e-01	   5.8260432446583943e-01	   1.0154011520260837e+00	   3.0332896611212867e-01	   5.7623961079579866e-01	   6.7612651869992613e-01	   7.4136705484814724e-01	   4.0479512938634381e-02	   3.6093031181973580e-02	   1.0939951619197835e-01	  -3.1333771768693480e-02	  -1.1314701435098098e-01	   3.0945086176814546e-01	   6.9116442955221280e-01	   1.8411578067523218e-01	   3.5859554696664370e-01	   4.0197118781157276e-01	
   6.5934881212812449e-02	  -3.5602930458014387e-01	   5.0147272807840126e-01	   1.1481891777728246e+00	   4.9495557441651639e-01	   1.0380871182099540e+00	   1.0719436837191691e+00	   0.0000000000000000e+00	   4.1630974413917204e-01	   8.3342172283390314e-01	   4.9281589488243738e-01	   7.1774229926933830e-01	   7.4759543466124345e-01	   7.0695737936663217e-01	   5.5328077459873670e-01	   4.4193335843816361e-01	  -2.7208600904834523e-01	  -5.0743911037600964e-01	  -8.5120132246258834e-02	  -4.0983151574040616e-01	  -1.7390809109258135e-01	  -2.1940800287144928e-03	   5.2562328078067011e-01	   6.7881389933612579e-01	   1.1640405727936129e-01	   2.4381307491697363e-01	  -9.1304738993685478e-02	  -7.0470876443380431e-02	  -1.7726472603728202e-01	  -3.0979204741649335e-01	   2.3449483562369361e-01	   3.9512357270968346e-01	   1.5518934344059884e-01	   2.8105641405845239e-01	   2.8075980823992508e-01	   3.2213599112939190e-01	  -1.1035126753829652e-02	   1.7100085101129155e-02	  -1.3172562755185482e-01	  -7.1626098753170844e-02	  -4.7012962036979578e-02	   2.6487630121354657e-02	   1.2016445899344678e-01	  -4.0177888815807916e-02	  -5.0262802754227204e-02	   2.9182947938354679e-02	  -6.5453453258880155e-03	  -2.3767107309647933e-01	   2.7234563842553178e-01	  -1.0971018086270388e-01	   2.6009153743680680e-01	   1.2069771632781907e-01	   1.7863161538389874e-01	  -2.5258854739287817e-01	  -4.2981856931354846e-02	  -1.9397550201155897e-01	  -3.9516388931810714e-01	  -4.7747676782154769e-01	   1.9131127077667598e-01	   2.9253797954374111e-01	   4.7984384069900560e-01	   1.0422470784836870e+00	  -3.4915743065274424e-01	  -1.0433674697992404e-01	   6.8000891197770374e-01	   1.1185682170971047e+00	   3.2553485898915835e-01	   4.7999891776057901e-01	  -3.2119621047152203e-01	  -3.1533114541385084e-02	   1.7196456398323845e-01	   1.2967927777921651e-01	  -4.6701963302247511e-02	  -6.2017254122579267e-02	  -3.3001762934631272e-03	   1.2319564949956220e-01	  -1.5066614414976823e-02	  -1.6631344091439158e-02	  -3.3501711617886398e-01	  -5.3499060786623898e-01	  -3.2602884295419965e-01	  -4.4800969564645071e-01	   1.7611077358008577e-02	   2.9042173195171900e-02	   2.1510827625396217e-01	   4.5805406250459624e-01	  -1.9166335701234502e-01	  -1.7683769594568699e-01	   5.1432688320445996e-01	   3.4045684391686154e-01	   1.0222617358179935e+00	   6.3396514032949591e-01	   1.1129225424336948e+00	   6.3142414721188056e-01	  -3.8873379153636478e-02	   4.6299956172604982e-02	  -1.1592370390365611e-01	  -2.9971723787865173e-01	   3.8910530550071065e-01	   2.8417447823828984e-01	   6.8120794515727678e-01	   5.8948332787011148e-01	   3.5716802568949829e-01	   3.5385318629692691e-01	   5.6808307734744568e-01	   4.9951896193735340e-01	  -3.6807505214128212e-02	   2.3399669268175195e-02	   1.0178225080540612e-01	  -6.0036199556644677e-03	  -7.9544839824215466e-02	   4.3364129626317482e-01	   6.7602177618375503e-01	   2.9072611746964072e-01	   3.1566659799028801e-01	   3.8370170009343024e-01	
  -8.7506576527568741e-02	  -1.6235058178079775e-01	   3.7281171067422536e-01	   3.2218669423969470e-01	   9.9158037552618539e-01	   5.2309003247070163e-01	   4.8823957467327483e-01	   4.1630974413917204e-01	   0.0000000000000000e+00	   7.7702981601205601e-01	   1.1762466061310389e-01	   2.0274907653271754e-01	   3.7191220158671551e-01	   3.0749796890776510e-01	   6.2417152670205978e-02	   5.5794949133305995e-02	  -2.3437344089438328e-01	  -2.1117395760199811e-01	  -8.1158535469342541e-02	  -2.3637624024734388e-01	  -2.4723295467161979e-01	  -1.2556971738445455e-01	   1.9011870326948385e-01	   1.6657173267590275e-01	   1.3879075139883845e-01	   8.9983160893601435e-02	   1.5153619738574863e-02	  -1.1033793112733388e-01	  -1.1044517665528301e-01	  -2.2369963312390301e-01	   9.5862045650419961e-02	   8.4191692193566744e-02	   6.8028436024893002e-02	   8.3088258817368338e-02	   1.9668880274686343e-01	   8.7185616785716361e-02	  -1.5821740830265169e-01	  -8.8593590079193027e-02	  -5.1333948485283200e-02	  -5.7730823991336590e-02	  -3.2973751246983159e-02	  -1.1173602374679442e-01	   1.0778547724158560e-01	   5.2519839780930555e-02	   4.1165551986068721e-02	  -2.6454695492482194e-02	   5.8113535236611518e-03	  -1.2070158425566553e-01	   2.7066866866629324e-01	  -6.4332829233224489e-02	   1.7808802077283445e-01	   1.4824084727534051e-01	   6.0433975786722327e-02	  -3.9940103751581524e-02	   2.5702972854264438e-02	  -6.8027249093315700e-02	  -1.6418468864010582e-01	  -1.6033968208717608e-01	   3.8723187089132605e-01	   1.8159416936956535e-01	   3.3571394058569193e-01	   2.5020266205476765e-01	  -2.1520661095353674e-01	  -2.0749745072279402e-01	   3.9556503350614669e-01	   3.7253629446534692e-01	   3.2002444692134702e-01	   2.0804866409289430e-01	  -1.3035992705325614e-01	   5.2578046474077662e-02	  -9.0272277120656094e-02	   7.0797826827423346e-02	  -2.7826939650885230e-01	  -2.7182772906172126e-01	  -1.2897950291173778e-02	  -1.4070898303663229e-01	   1.4045039951951638e-01	   8.2967145880753143e-02	  -2.1132083146850481e-01	  -2.0565586738025685e-01	  -3.1576875601297388e-01	  -2.7445017547141065e-01	  -2.0110532642327636e-02	  -6.8257490939657578e-02	  -1.1688398637557028e-01	   2.1848766495766461e-01	   9.5758447681010377e-03	  -1.1267125289936508e-01	   2.6064638617240554e-01	   2.4794429568951770e-01	   4.0038370390193689e-01	   2.5015758544983141e-01	   4.2590620541585861e-01	   3.0506332484553578e-01	   2.5072531430269512e-01	   2.9110344811944833e-01	   1.2632301879487615e-01	   9.9240202094202940e-03	   2.6169320738726820e-01	   1.7156491135140550e-01	   4.0551262521995451e-01	   4.3396887424777136e-01	   3.6081669617593293e-01	   2.0107485229588404e-01	   2.5792191132480735e-01	   1.8147955249474251e-01	   4.6014533400332747e-01	   1.4988306591148873e-01	   1.6612916797168431e-01	   1.5846765960689537e-02	  -4.3428340529355756e-02	   1.3420271043221615e-01	   3.4972684759632644e-01	  -4.9204023077710587e-02	  -6.4060253232974436e-03	   6.5538592539270552e-02	
  -1.4731292714626030e-02	  -2.5538674107888570e-01	   5.2734985257244538e-01	   6.2439849662182301e-01	   8.8671760883034700e-01	   1.0353202720020342e+00	   6.1389062517176884e-01	   8.3342172283390314e-01	   7.7702981601205601e-01	   0.0000000000000000e+00	   3.0649816755352161e-01	   3.9055756547957399e-01	   4.6326440472786651e-01	   5.9407096880681887e-01	   3.8937564139582576e-01	   3.9946890339153190e-01	  -3.5840978392788841e-01	  -3.5445896348881062e-01	  -5.6153727163022138e-02	  -3.7542263981288626e-01	  -1.3484621412241372e-02	   8.1374947568673195e-02	   4.9649876891541939e-01	   4.6696489439555933e-01	   2.8081365121597357e-01	   3.8217771032945486e-01	   1.6948830135735043e-01	  -2.6600429886866351e-04	  -1.7060852547529387e-01	  -2.0403504040653095e-01	   2.5164739953530524e-01	   2.9338469633867492e-01	   5.6826455171093693e-02	   1.9891332460759040e-01	   3.2645018976351747e-01	   3.3451460310169734e-01	  -6.5109542315601912e-02	  -2.2964596291512679e-02	  -3.0757621514671860e-02	   1.8380423369376741e-02	  -1.0060670217853140e-01	  -6.3994521588031511e-03	   1.2338295315695230e-01	   6.9100841160641864e-03	   4.0583886480698238e-02	   1.1241024387712388e-03	   1.9302369820007389e-03	  -1.4681399866645434e-01	   2.8384090060267675e-01	  -1.4514874814528661e-01	   2.2692509991085266e-01	   1.6610277039885754e-01	   1.6885519619680003e-01	  -1.5754259734132959e-02	  -3.6161175727729526e-02	  -8.9476297839016256e-02	  -3.0532759592975689e-01	  -2.9686510488293782e-01	   1.2658323606123692e-01	   1.2534896441835400e-01	   3.1108532145360390e-01	   4.3098195588219612e-01	  -2.4071519080844461e-01	  -1.4703226721701868e-01	   4.6082767109693962e-01	   5.9906825436670741e-01	   3.0731664513803170e-01	   3.8948442847547349e-01	  -3.1275414834387028e-01	  -1.9578674881496453e-02	   1.2600625390817097e-01	   1.8456565580562373e-01	  -2.2196723715366351e-01	  -1.6567312533738654e-01	  -6.9582523253478967e-02	  -1.8624558640285141e-01	  -2.8294872560234455e-02	  -3.3695276915119310e-02	  -3.2740590653320667e-01	  -3.8375436418330844e-01	  -3.1225894929847220e-01	  -3.4451150415657877e-01	   1.6001154566792816e-01	   5.7824898734335044e-02	   2.6629690943515760e-01	   3.0146754010012644e-01	  -9.5638517308837184e-02	  -1.4566941795091531e-01	   4.4443149818538707e-01	   3.2243066470383203e-01	   5.3161044814628555e-01	   3.9632750935706140e-01	   5.4695607724694217e-01	   4.3431381696619314e-01	   1.3636525170593863e-01	   1.5387484090911946e-01	  -3.6236903388442834e-02	  -1.4602358471178198e-01	   1.6480618832809388e-01	   1.3296234094876447e-01	   2.9281558541853575e-01	   3.6714468856815052e-01	   1.7131862824965249e-01	   1.0421912751859273e-01	   3.9118728367413330e-01	   3.3324295621206357e-01	   1.8923717136466706e-01	   3.7127988973511827e-03	   1.5653736411553565e-01	  -2.3884389318154963e-02	  -4.4076506187433390e-02	   2.0073206374127539e-01	   4.2201939349764006e-01	   5.0114281827027235e-02	   1.6036758924101754e-01	   2.4953785682323773e-01	
   2.7279567923037773e-01	  -2.6270163596599866e-01	   4.1513091311566086e-01	   4.3500470449467843e-01	   9.4185139861204803e-02	   2.2432029111183521e-01	   4.9647474704296291e-01	   4.9281589488243738e-01	   1.1762466061310389e-01	   3.0649816755352161e-01	   0.0000000000000000e+00	   8.2463249089073587e-01	   8.3689412720795420e-01	   7.4122968807729162e-01	   6.1871929580149976e-01	   5.8951957096494445e-01	  -8.4213735505360987e-02	  -3.3309430911190435e-01	   2.4417674377263038e-01	  -1.2931824254991628e-01	  -2.1143607194876273e-02	  -2.8239901842118992e-01	   7.2092485386442196e-01	   5.6054368340215488e-01	   3.1783233562986707e-02	  -3.6174194151699882e-02	  -1.6056834856495780e-03	  -1.6028836227655505e-01	   7.3190783477623103e-02	  -1.6082580119498294e-01	   2.1807201716199537e-01	   1.9303679235689686e-01	  -5.8981195194412672e-03	   1.6989466487895129e-02	   4.5356756615759046e-02	   5.3610511032992192e-02	  -4.0269498514176751e-02	   2.7376243427299728e-02	  -1.6467487942348624e-01	  -4.5841322798458026e-02	  -1.8931074685981486e-01	  -4.0189189709416273e-01	   1.6530543569823303e-01	   3.2904289951694206e-02	  -1.0322424471707781e-01	  -8.8498198624803168e-02	   1.6907148483733692e-02	  -1.0277355395934348e-01	   1.6816466723451653e-01	   9.1462260709629221e-04	   1.6117653310774807e-01	   1.3511040429510765e-01	   1.4933685863092946e-01	  -1.7144166440884351e-01	   6.0621037259960021e-02	  -6.7171161293637250e-03	  -3.5423628121554701e-01	  -3.9804219246196010e-01	   1.8187587543774217e-01	   3.2611836512338438e-01	   2.2664787642158093e-01	   5.1111376645417217e-01	  -1.9177340617941518e-01	   1.5122611230177099e-01	   3.4572446611338919e-01	   2.2155349480517025e-01	   1.8067135084213418e-01	   1.1108114644682898e-01	  -3.7706497318846205e-01	  -1.7999133342474022e-01	   1.5443818136159604e-01	   3.0380497620664113e-02	   1.4102039857920043e-01	   1.5480188151996583e-02	   2.2890129604374110e-01	   1.4831318140186969e-01	   2.1314803501734106e-01	   1.8343874091982859e-01	  -2.2820557768725855e-01	  -3.7628010190244598e-01	  -2.6252522288848101e-01	  -2.5118511457502013e-01	   5.4717557313053344e-01	   1.2743797223980177e-01	   2.9496373339528464e-01	   4.2329170373580383e-01	   6.7388415159286508e-02	   2.6460669015900079e-01	   2.5251974584349046e-01	   2.1580817060174720e-01	   5.5443309240285066e-01	   5.0563613051439571e-01	   4.5622409827243526e-01	   3.5188893863244930e-01	  -1.6689821957172313e-01	  -1.7426468600721366e-02	   2.6017818731267777e-02	  -1.2299153057113199e-01	   3.4373080484697149e-01	   4.9364073343103837e-01	   5.2895855018251303e-01	   3.7573280130958148e-01	   3.1948811658667942e-01	   4.6877471108380531e-01	   2.7920335851283951e-01	   3.1199164552105729e-01	  -1.0977574274867513e-01	   2.7813407729496715e-03	   6.1910289971358202e-02	   6.9598586725323514e-02	   3.9134835621821649e-02	   4.8189581493044176e-01	   6.5008438283944969e-01	   3.2216104058681061e-01	   2.3379200305047415e-01	   1.7087980246151030e-01	
   1.5660136355317883e-01	  -1.1137158594313787e-01	   2.7968445798793842e-02	   4.3897168466723008e-01	  -3.8593156239509910e-03	   3.9080550814083936e-01	   4.1560728062549079e-01	   7.1774229926933830e-01	   2.0274907653271754e-01	   3.9055756547957399e-01	   8.2463249089073587e-01	   0.0000000000000000e+00	   7.8161433982150053e-01	   1.1544460668581700e+00	   5.0826613815214206e-01	   6.4810440306758677e-01	   1.1815888125727894e-01	  -1.3428143011998936e-01	   1.1738637964562090e-01	   1.4318388872397824e-02	  -1.2382699787940085e-01	  -7.4006385347179418e-02	   2.1334477655599948e-01	   3.2780700908100785e-01	  -2.3725868153197124e-01	  -9.5244323170025499e-02	  -2.6195753532680377e-01	  -3.3836135864124491e-02	   2.2713265597822763e-01	   9.1802206791862781e-02	   1.4219271187438623e-01	   1.8360037437653254e-01	   2.8718311392292934e-02	   1.7542310655211743e-01	  -2.4626140038101341e-01	  -1.3080953360694608e-01	  -5.0353148992859267e-02	   5.8674909045514451e-02	  -1.6187817528795462e-01	   1.8400476032004825e-02	  -5.6851193103443040e-02	  -1.9677704930729617e-01	   1.2887518248004756e-01	   8.8912687466606702e-02	  -8.1265125783674313e-02	  -3.1834483323547345e-02	   1.1112130696902733e-01	  -5.9069322178731287e-02	   1.6034604763603860e-01	   9.3423592314171550e-02	   1.1278614272159099e-01	   1.5461925659180714e-01	   7.6393603137627622e-02	  -1.6004389406474526e-01	   8.3253362596839312e-02	   1.2121581758913072e-01	  -2.3741454425680314e-01	  -2.7054217239794842e-01	   1.2419374482036177e-01	   4.4671366285661906e-01	   3.8650004638758362e-01	   9.0411370625836962e-01	  -3.3939476462326951e-02	   3.1973614850090798e-01	   2.9367482860228361e-01	   3.8911201165189535e-01	  -8.9127934528253211e-02	   5.0314742783655175e-03	  -3.5209171279372142e-01	  -2.9084053561483425e-01	   1.2788617608992656e-01	   1.4820088556686359e-01	   1.8681283468664814e-01	   2.1742825498254670e-01	   2.2504927547214984e-01	   3.3407009742926885e-01	   1.6114599062842463e-01	   2.5253158677684884e-01	  -9.2066973706728228e-02	  -2.4283080139798874e-01	  -4.2718018587071069e-02	  -9.4246295236134203e-02	   3.2198929774428509e-01	   1.7365232375660153e-01	   4.4380969483795676e-02	   3.8029141790893151e-01	  -8.0133823348529226e-02	  -7.5342322385581195e-02	   2.1658339593062365e-01	   2.4982041620705908e-01	   5.3212015340800045e-01	   2.0363499148114855e-01	   4.9143621207511479e-01	   7.5857967921977160e-02	  -1.0933576571324362e-01	   1.2980524311662667e-01	   2.4602047409547061e-02	  -6.4366189833850715e-02	   5.4814615409208478e-01	   4.4574964130669459e-01	   6.0906387920850447e-01	   2.4293033537563635e-01	   4.4125619022560136e-01	   2.8586776663139907e-01	   2.3110607288042667e-01	   1.2755720831067141e-01	  -4.1167082915955555e-02	   2.8419695719755139e-02	   6.6356928789723005e-02	  -7.0371918922418038e-03	  -6.5182142252044370e-02	   3.7241714044583663e-01	   4.0773169132229631e-01	   1.5875371973136523e-01	   6.7040386207351289e-03	   1.7253877312341653e-01	
   2.6178693811017617e-01	  -2.4305139707171552e-01	   4.9355824243520197e-01	   6.1609097302698412e-01	   3.2459373394468460e-01	   4.3598301058057004e-01	   8.1407533624856210e-01	   7.4759543466124345e-01	   3.7191220158671551e-01	   4.6326440472786651e-01	   8.3689412720795420e-01	   7.8161433982150053e-01	   0.0000000000000000e+00	   8.9329563177962590e-01	   8.8438278451739816e-01	   6.1262652024609654e-01	  -1.0194625313137508e-01	  -3.4881084044596722e-01	   1.3047412352101123e-01	  -1.8632718702887274e-01	  -2.4542992360631477e-01	  -2.2216864739951764e-01	   4.2509223571727772e-01	   3.9804193487821637e-01	   4.5045450769246875e-02	   7.5284988496122354e-03	  -1.1651789009902479e-01	  -1.8433102967208101e-01	  -1.1527051582525422e-01	  -2.6918135761163137e-01	   8.5158119030143156e-02	   1.2451500124185839e-01	   1.7599707429645814e-01	   2.5277531322083713e-01	   1.6685425485929792e-01	   1.5237867199553407e-01	  -5.9393175710789788e-02	   5.8910784886981135e-02	  -1.3134667788614388e-01	   4.6074411386249972e-02	  -1.7596422104817705e-01	  -3.3565778224427956e-01	   1.1931502194644077e-01	   5.9814596210281332e-02	  -1.0652467806232169e-01	  -2.5769520548724150e-02	   3.8661841840530800e-02	  -7.1213671659469180e-02	   2.3718893813580999e-01	   5.8155690512929036e-03	   2.6004494113329490e-01	   2.5576964002502722e-01	   2.0267217302119286e-01	  -1.0122465436700889e-01	   1.2716030922890192e-01	   4.5706915652119651e-02	  -3.3083614703867342e-01	  -4.0242109261457093e-01	   3.3102933475390922e-01	   3.5542465145262425e-01	   5.7639749498559756e-01	   6.6516018116950926e-01	  -2.4594988970325704e-01	  -9.5383993684537316e-02	   5.3263884848671694e-01	   5.6953975320351402e-01	   2.1903089129554573e-01	   2.0385404714130362e-01	  -2.9193091117802317e-01	  -1.9102659571014771e-01	   1.4511059356048250e-01	   6.6276147514678280e-02	   9.6461941056174227e-02	  -1.1625054521725482e-02	   1.8000131098409730e-01	   6.3615526146085080e-02	   1.2092671548751797e-01	   1.1467674290861725e-01	  -2.3560233467166036e-01	  -2.8910861195200516e-01	  -2.8636468729503317e-01	  -3.3366507224674502e-01	   1.8251740108699963e-01	   4.1604380199849959e-02	   1.1592717849721719e-01	   3.7928172187827536e-01	  -1.3356265922451208e-01	  -9.4701759236315075e-02	   4.8286640556095062e-01	   3.9314694264023337e-01	   6.5862027960890390e-01	   5.6534687826266516e-01	   6.1535499956805118e-01	   4.9615764777936683e-01	  -9.2072932701206658e-02	   5.3806841235658258e-02	   7.2756999262408459e-02	  -6.4919637117967319e-02	   3.0320239315492276e-01	   4.8067212728500308e-01	   4.3942601022528333e-01	   6.4961538464676916e-01	   2.0280434963943414e-01	   4.7235915719947758e-01	   3.9722562203897366e-01	   3.8949787969094823e-01	   3.8972885076707778e-02	   9.9022551115858226e-02	   4.2512719640997745e-02	   3.6936087531138272e-02	   1.8458387892223069e-02	   4.3394229910572513e-01	   7.2283301777854880e-01	   1.4326104799036685e-01	   1.3473836245620197e-01	   2.9818312115666046e-01	
