   0.0000000000000000e+00	   6.7508878031902553e-01	   4.1443382509134691e-01	   3.4303844126445521e-01	   2.7475279790570395e-01	  -7.6944063593894968e-02	   4.7463157907870279e-01	   3.4145814361317167e-01	   6.8484679827420375e-02	   1.7167062019470161e-01	   8.7754306055262810e-01	   7.1031724684599384e-01	   7.5460895971859343e-01	   6.5786630589900519e-01	   4.5102033752755905e-01	   4.0164989855562788e-01	   8.7190550657522659e-01	   7.2457953849928236e-01	   6.4982746179996165e-01	   7.4652848548947981e-01	   1.7167579061967947e-01	   3.3520270830113869e-01	   3.3070080272520647e-01	   2.6914060881177859e-01	   1.9605565943882858e-01	   8.8745570511931469e-03	   3.1756799448922995e-01	   2.3903025475848563e-01	   6.5632118235874215e-01	   7.0329178453165542e-01	   2.9176045231311576e-01	   1.1408203958064608e-01	   4.9448398393091780e-01	   4.6606566661056370e-01	   6.6876508593264300e-02	   1.7304101807882940e-02	   3.9433780985169287e-01	   3.6183301734591700e-01	   5.4695563983849393e-01	   3.8835790491461863e-01	   5.1472770267954737e-01	   4.1599377550756583e-01	   4.0371972398631273e-01	   5.3918521601894953e-01	   4.7661720381437800e-01	   4.5188812927541716e-01	   5.7704151876283938e-01	   7.7944260971260526e-01	   4.8555945789402527e-01	   4.5832015868289849e-01	   6.1916908282222582e-01	   2.6611804995480742e-01	   4.0750903363938729e-01	   3.8267756597700803e-01	   5.4218883826218267e-01	   7.8140442078142192e-01	   8.2348154594166667e-01	   6.6353719773116404e-01	   2.9794424800941843e-01	   2.9427602791501950e-01	   6.6706184609163566e-01	   5.1874003252898704e-01	   8.4468932329816893e-01	   7.4785110444624003e-01	   2.7791133802883111e-01	   1.6506079363850870e-01	   2.3041803149672840e-01	   2.4712045983356207e-01	   5.3127679041115117e-01	   4.0633413280622072e-01	   1.1159872941454789e-01	   3.8404356723145593e-02	   5.3431576725690066e-01	   5.9319828756726822e-01	   4.2013071844323130e-01	   5.3768100500277349e-01	   2.4741939240266286e-01	   4.1049229269581294e-01	   6.4179646629840426e-01	   5.4501228732271845e-01	   6.8776186500468439e-01	   7.7968531147270337e-01	   6.2049347664068655e-01	   6.9760643853880611e-01	   4.7672225659257361e-01	   5.1370442308735087e-01	   2.4202838674002181e-01	   5.1144429049603612e-01	   3.7554197216117757e-01	   6.2414914167909341e-01	   2.9834053805389316e-01	   4.9283616726530793e-01	   9.6469366901289141e-02	   2.7687959603735263e-01	   6.4059730545339602e-02	   2.5456983312992520e-01	   4.7734072907934855e-01	   6.5809256440279917e-01	   5.3495509272233621e-01	   7.1237228727144541e-01	   1.4807169321606470e-01	   2.5070014166752885e-01	   4.0999617328318322e-01	   5.1154110863329671e-01	   1.0290437534091548e-01	   1.0994890115001903e-01	   1.2625920943612798e-01	   2.2030708824496192e-01	   5.5618676651752137e-02	   4.6136298198652115e-01	   7.5375892202510419e-01	   6.3758954139189983e-01	   5.1560568935892581e-01	   8.9921760686149710e-02	   2.9421864685313465e-02	   1.6339953171242105e-02	
   6.7508878031902553e-01	   0.0000000000000000e+00	   4.8803231674430803e-01	   4.8119356964668447e-01	   4.8420933628895457e-01	   1.0535984650780093e-01	   2.3800940486973629e-01	   2.3615465753056306e-01	   8.5466009793291303e-02	   1.8760755717317508e-02	   6.3902289257653089e-01	   5.5450250201985540e-01	   3.9911675641394595e-01	   4.9326389508823409e-01	   3.6788585201333207e-01	   5.1113737168355855e-01	   7.8461073145064819e-01	   1.1235645091455837e+00	   6.4181992145673372e-01	   7.8385302148290437e-01	   4.3632314003961753e-01	   4.2363417484346633e-01	   4.6897210530859518e-01	   4.3941643761571197e-01	   3.8579487237273541e-01	   2.2058530832399800e-01	   4.3656472663658247e-01	   3.0937870418321933e-01	   5.1296909614922070e-01	   5.5799447651756184e-01	   2.9537185806081567e-01	   2.6035601851896428e-01	   4.6843604565490549e-01	   3.6809857923798023e-01	   2.7782014029337671e-01	   2.1253766428439211e-01	   3.6919249141454052e-01	   3.1668853672486491e-01	   3.1547273154360450e-01	   3.7413587460758668e-01	   4.4536711945952479e-01	   5.5780243829095366e-01	   4.1755074210357346e-01	   3.5212972790486108e-01	   4.1050180271374986e-01	   3.1201175467349673e-01	   4.6389773942703805e-01	   4.7414015198894033e-01	   5.7627654307790203e-02	   2.1704121398937201e-01	   4.3544462053619820e-01	   7.1016715509219133e-02	   5.5897423724228490e-01	   5.7176579281591344e-01	   5.1933251423032367e-01	   4.9661183516188956e-01	   1.0153918746049344e+00	   8.4865332783756109e-01	   2.4350068550798104e-01	   7.4760218349791671e-02	   2.5687719342862247e-01	   1.7435025399491844e-01	   3.6357929391573351e-01	   4.6977085920919254e-01	   4.3252308124355232e-01	   2.4988526295795499e-01	   2.4529069935149517e-01	   1.8772296392414356e-01	   7.0364511317790479e-01	   5.5623279715426110e-01	   4.8780250331164544e-02	   3.1166707726758319e-02	   3.0396299821397027e-01	   3.3626722804279680e-01	   2.1013326018160933e-01	   4.4795317592836942e-01	   2.2223332178588215e-01	   2.5043712614217151e-01	   7.4910674098690389e-01	   8.9900463701513245e-01	   7.2599631430497824e-01	   8.2286668699170096e-01	   6.5316819852482444e-01	   7.5958318427524729e-01	   5.2330949206058519e-01	   5.8325043881550409e-01	   1.0502166437466531e-01	   5.6958235604823548e-01	   3.9910185280240584e-01	   4.4180602628115861e-01	   3.4502760808465027e-01	   4.3877326055633842e-01	   1.6443755213129133e-01	   3.2558656489518573e-01	   2.2397947448687550e-01	   1.3084383633956728e-01	   4.5550347580255646e-01	   2.9665883484475009e-01	   4.1466430959502387e-01	   4.0321297452023480e-01	  -4.1804664475225468e-02	   1.9781714162450215e-01	   2.9267020396555260e-01	   3.4530743399468311e-01	   1.8868479803870050e-01	   1.1092750594043577e-01	   3.4067073251521196e-01	   3.0341571012712804e-01	  -3.7316970063937006e-02	   3.0491497493584602e-01	   6.3725372870600594e-01	   6.5933182466647666e-01	   4.0132438512115459e-01	   1.3648293095309938e-01	   1.3678533821460387e-01	   1.9511573779868049e-02	
   4.1443382509134691e-01	   4.8803231674430803e-01	   0.0000000000000000e+00	   9.8712280393590135e-01	   7.2768910867606817e-01	   3.8476498729412673e-01	   5.9628247407669721e-01	   2.7701422437211215e-01	   2.2961511991081554e-01	   1.5316590102965114e-01	   5.0668960019913056e-01	   4.5422263820995262e-01	   4.6791055811169352e-01	   3.7970866560160260e-01	   5.5274577805024294e-01	   6.5747383868487885e-01	   3.1545114295383109e-01	   4.4749906490727709e-01	   8.1895363297337653e-01	   6.5072990072074766e-01	   6.6746292600758994e-01	   7.6219690127707562e-01	   9.7820656899139413e-01	   8.6966498119655489e-01	   9.8495045399180636e-01	   8.0499281686017232e-01	   9.8220994511488890e-01	   7.4509263578956819e-01	   1.3780292954455317e-01	   1.8156994154659997e-01	   6.2277724046248961e-01	   4.0638896267413488e-01	   7.2662042918757341e-01	   5.4855932276079700e-01	   7.9873425151537225e-01	   7.0674038872815781e-01	   5.5469952991248506e-01	   5.4173963832671812e-01	   6.7374895057721196e-01	   4.9235338950397883e-01	   5.5002028675979475e-01	   5.3198509914196024e-01	   5.3712065827685118e-01	   4.2759979012963717e-01	   4.5509613313292607e-01	   3.3279409466468080e-01	   4.4828212856436983e-01	   5.4529020943890805e-01	   2.7098089012553994e-01	   3.5278220098695473e-01	   8.4844568219023309e-01	   5.2854493466385011e-01	   5.0139805146587291e-01	   6.1549979559396495e-01	   6.5960718269597740e-01	   6.2726931262668606e-01	   4.2880943745856276e-01	   2.6625376072842699e-01	   3.3719333861803341e-01	  -5.7751777562316399e-02	   4.2324379739780771e-01	   1.5074674325603396e-01	   3.1403023811826614e-01	   3.5780140875541766e-01	   7.7796627052233736e-01	   3.7326874027316709e-01	   9.7226884273408687e-01	   8.0444912328248042e-01	   6.6716600056142883e-01	   5.9830425949998300e-01	   4.2063413389640980e-01	   2.2696356335309936e-01	   3.7294900016591098e-01	   1.9494282793938350e-01	   3.5298917943730784e-01	   2.9351480183157602e-01	   4.3568155370480288e-01	   3.9770382797900794e-01	   2.7469647334042685e-01	   4.3270538986435692e-01	   4.6244695810732023e-01	   4.6055072197135594e-01	   6.8323448184111590e-01	   7.4809125075014515e-01	   6.1426271679607591e-01	   7.2787774759460766e-01	   1.7805677381310908e-01	   5.7909657966487926e-01	   7.8313197350887442e-01	   7.1525801801130795e-01	   6.9601340168696080e-01	   7.8090506196061571e-01	   3.7798107792140562e-01	   7.9244041613598604e-01	   4.6070158951603359e-02	   3.1634271337481812e-02	   4.3779986119290115e-01	   8.5110703419228634e-02	   3.8694608840416533e-01	   3.9724622713436114e-01	   1.3604211716179071e-01	   4.9115080329885219e-01	   2.6007195133814492e-01	   3.9989386947698169e-01	  -1.6605854997261575e-02	   7.3380432332217527e-02	   5.0648675391064935e-01	   3.3109199779031834e-01	  -3.0531022601958783e-02	  -1.0408570038876037e-02	   6.6506912414113772e-01	   5.1587042172663733e-01	   3.0243719020952148e-01	   2.8600350045248482e-02	   2.1577099625140806e-02	  -3.6114267177517201e-01	
   3.4303844126445521e-01	   4.8119356964668447e-01	   9.8712280393590135e-01	   0.0000000000000000e+00	   7.9640752845317542e-01	   5.9163514418622809e-01	   4.3369703066511089e-01	   5.4785506660916083e-01	   1.9653674135598592e-01	   3.9555842279392817e-01	   4.1918908284052109e-01	   4.0911995525179956e-01	   4.2362847914234214e-01	   5.4594133032205217e-01	   4.4388054471899435e-01	   8.2180507931919855e-01	   2.9617779851137022e-01	   4.0504122545387156e-01	   7.8198272969239313e-01	   7.4940463206621488e-01	   6.2802473658391611e-01	   7.4582152144174352e-01	   6.4366023703659003e-01	   8.9199231924549938e-01	   6.6878188115656834e-01	   7.8657590329532745e-01	   7.1448397315248524e-01	   6.4868305353961464e-01	   9.0848790299712920e-02	   1.3127313096560372e-01	   4.7929487775549073e-01	   4.7933438073699008e-01	   7.2720723958958322e-01	   6.6703538902724124e-01	   7.2940904148300967e-01	   7.4567766730888130e-01	   6.8529043150466395e-01	   6.7434544397050378e-01	   6.8289324163128218e-01	   7.3515169133190916e-01	   5.8630167287235702e-01	   6.2078702240855543e-01	   5.1495659939784511e-01	   4.0426618987064972e-01	   5.9744694554905486e-01	   4.8045554496618154e-01	   5.8124945818694917e-01	   5.9315678201618238e-01	   3.1533900458843239e-01	   5.9569117475088040e-01	   8.6601825409464972e-01	   5.9813384999059616e-01	   5.5144416926090545e-01	   6.6036875334520317e-01	   8.3464263987981357e-01	   6.8174634690870073e-01	   4.6136150178190777e-01	   2.5367350752898399e-01	   3.3885958848957992e-01	   2.1584918657250007e-01	   2.6682296766853447e-01	   2.3240356798279080e-01	   3.1390695923401912e-01	   4.0256464762862521e-01	   5.8661918469448027e-01	   5.0653429424961693e-01	   7.9497924629303329e-01	   8.6119620031752142e-01	   6.1420781709842065e-01	   7.6360153956857579e-01	   3.0371670453647104e-01	   3.3671448148789046e-01	   1.8577519408445498e-01	   5.0150299986883556e-02	   1.8125187926677550e-01	   3.3915542992746944e-01	   2.0975808740211210e-01	   2.7264418151277292e-01	   2.0912402617438530e-01	   3.5605242211919197e-01	   4.9506820758967807e-01	   4.8822166111362264e-01	   5.8464323603742363e-01	   7.7201658985080301e-01	   5.5931460704194091e-01	   8.2991597736086753e-01	   5.7248052180350645e-02	   5.5188650222437485e-01	   8.2054456953470412e-01	   7.7587941000747651e-01	   8.9093131115811819e-01	   6.6048084420432918e-01	   5.6195035584894637e-01	   5.1878904795213854e-01	   4.7161800200521811e-02	   1.9753398972129261e-02	   5.8123520571274201e-01	   1.1944070570902900e-01	   5.1535167966901274e-01	   4.0342387290544079e-01	   1.2038009956042853e-01	   3.5492788303604211e-01	   3.4980117545766060e-01	   2.7429514923823800e-01	  -6.8023617073067477e-02	  -1.0074487001579657e-01	   5.4940812079312329e-01	   3.8901318781895855e-01	  -1.4301042541256033e-03	  -1.3608769233831611e-01	   5.3998844327171613e-01	   5.5457512080603411e-01	   2.3962492235693561e-01	  -4.9511974217221214e-02	  -2.0282308784515399e-02	  -3.5664726689275006e-01	
   2.7475279790570395e-01	   4.8420933628895457e-01	   7.2768910867606817e-01	   7.9640752845317542e-01	   0.0000000000000000e+00	   6.3459935424240876e-01	   6.3308722813397778e-01	   5.8923465720926171e-01	   5.6076270590782684e-01	   2.3691201865299849e-01	   4.5114468254175771e-01	   4.1618118602457665e-01	   5.1548382272146265e-01	   4.0475789859200884e-01	   5.8175837416628096e-01	   7.5881977119749622e-01	   3.2198806946702174e-01	   4.0363152599847518e-01	   7.7080429158418740e-01	   6.6031574472474330e-01	   4.6619218408949770e-01	   5.7430188270169291e-01	   5.7566209412953651e-01	   7.6052678400718954e-01	   4.1343581086827497e-01	   6.0502982275559059e-01	   7.0779016661397687e-01	   7.2929319669875947e-01	   1.9580055050934669e-01	   1.8802280384672115e-01	   6.8527333102914711e-01	   6.2819153727333699e-01	   8.0401204717041252e-01	   6.5151370453102653e-01	   4.0722868495807257e-01	   4.3214789375076834e-01	   2.5357128606344925e-01	   4.1650504224375717e-01	   5.3266897113839540e-01	   4.3591867006090790e-01	   3.6782740431061001e-01	   4.8808954560674278e-01	   2.9562414862336284e-01	   1.8368001571041620e-01	   3.5686192284786433e-01	   2.8838250733201914e-01	   3.3288730705048347e-01	   3.4400788855712866e-01	   1.5535847388920013e-01	   4.4491606446143950e-01	   4.8426563916274068e-01	   4.1335252545405327e-01	   4.4435063360651106e-01	   6.1695627039699741e-01	   3.7108643838853828e-01	   4.5187332529541524e-01	   3.8555510949532135e-01	   3.0606207603409835e-01	   2.3359100442307040e-01	   9.5465801910881609e-02	   3.6298026473112421e-01	   2.2122928238867817e-01	   3.6153266277956009e-01	   3.4764741942106830e-01	   4.3210223759824995e-01	   4.1494963460498302e-01	   4.7381725935900543e-01	   4.2267870569571209e-01	   7.8874723571974492e-01	   7.1485458581390171e-01	   1.2425448210021582e-01	   4.4525089280397147e-02	   1.4679083639302920e-01	  -2.9455471751534745e-02	   1.6470840555083233e-01	   1.3094160341841959e-01	   1.0000916465379964e-01	   4.7494144751970613e-02	   2.2570687656352101e-01	   3.8954579373771697e-01	   3.9870743125461944e-01	   3.1078596615476617e-01	   6.9621074430996199e-01	   6.1046801459519973e-01	   3.7701355293498184e-01	   4.4058065480588943e-01	   5.2386141558127798e-02	   3.0933446064079478e-01	   4.3932396242917587e-01	   6.1396761064116256e-01	   7.2046726228647617e-01	   6.4630274795689946e-01	   3.9253092017582691e-01	   5.5979572589388271e-01	   1.0789901015085004e-01	   9.8915288460187586e-03	   3.4868560586804237e-01	   1.6428530789495480e-02	   3.5624997997414815e-01	   2.6974935158232416e-01	   1.4048192870092355e-01	   3.6062345839858884e-01	   2.6275617309955551e-01	   1.8523498171393543e-01	   1.4863922518924265e-02	  -1.3034347548144914e-01	   4.3332348600757764e-01	   2.8542574096894896e-01	   1.2146994075492168e-01	   3.2538370475942192e-02	   3.9243297244639075e-01	   3.6389582027363016e-01	   2.0492117713136032e-01	  -1.1501149542152833e-02	  -2.9064080124777007e-02	  -1.9584669873469143e-01	
  -7.6944063593894968e-02	   1.0535984650780093e-01	   3.8476498729412673e-01	   5.9163514418622809e-01	   6.3459935424240876e-01	   0.0000000000000000e+00	   5.0665148560564599e-01	   6.1642958240083778e-01	   4.8580375734144221e-01	   6.9346495226717386e-01	   2.0945155465641002e-01	   2.4648779075449090e-01	   3.9371873468946522e-01	   2.6329626699933473e-01	   2.9074170649549752e-01	   6.3106585079740873e-01	   8.2600512731464917e-02	   8.7584808206120968e-02	   3.9816588072962000e-01	   3.0556981550234130e-01	   4.2313654177416410e-01	   4.2916638255893025e-01	   3.4908418338348973e-01	   4.6109973210045752e-01	   2.0273014148218893e-01	   5.9430332268265462e-01	   2.4426504859500930e-01	   5.2564667974661683e-01	   6.5275039423665138e-02	   9.0347175269861593e-02	   4.8983677862243702e-01	   5.9548585464287418e-01	   6.3898297979780572e-01	   6.4562394205043772e-01	   4.0185708581340440e-01	   5.2096602300644956e-01	   2.7329146312004671e-01	   3.1162822721299988e-01	   3.5106691789281258e-01	   3.9214910403107206e-01	   3.2331030768930996e-01	   3.5597600692875192e-01	   2.9222735464056582e-01	   2.1100095462546345e-01	   4.5762900547449320e-01	   4.3339782529076537e-01	   2.6783740612039070e-01	   1.8551934589370697e-01	   2.8105906237202027e-01	   5.0988522909283884e-01	   4.9958390458267271e-01	   3.6437051965960715e-01	   3.6272221060797449e-01	   5.3379142310641214e-01	   4.0460359827546433e-01	   2.7199433155907143e-01	   1.2195663716115843e-01	  -1.3004521149958370e-02	   2.8827844484564941e-01	   2.8374393645999418e-01	   1.3075036365337417e-01	   1.7946411911154864e-01	   1.6109188463357790e-01	   1.5511841089406533e-01	   2.2623208867492378e-01	   3.5311036162704929e-01	   4.0065441894493881e-01	   3.6770823580452350e-01	   3.5174145124478806e-01	   4.4057520087866703e-01	   2.3074549707252684e-01	   3.4219055855308050e-01	   6.2995244172664930e-02	   1.1234026021484734e-02	   1.2400136433977103e-01	   1.5574957477515702e-01	   1.1169586871637802e-01	   1.8463935497649431e-01	  -2.4581408883175480e-02	   1.5823078734933152e-01	   2.8945355085993202e-01	   1.0642498495542732e-01	   4.0309512519206703e-01	   3.5509756199673792e-01	   3.1760744685252607e-01	   2.3094074638122991e-01	   7.7087722844839557e-02	   7.3579781032574496e-02	   2.8706533989096444e-01	   3.8213487543558844e-01	   5.3271806585794890e-01	   3.9810678532879468e-01	   4.7714812975929588e-01	   4.9535783116863902e-01	   2.3875141795831784e-01	  -2.6523745306397256e-02	   3.3478055401361351e-01	  -5.1120471615348939e-02	   2.7818579284184586e-01	   1.7111685044566893e-01	   3.4398510938463306e-01	   4.6426702182615859e-01	   2.4364636406246126e-01	  -3.0469314565468999e-02	   1.3155404018443301e-01	  -1.8897107063245366e-01	   4.5564018998142591e-01	   3.7463353246389813e-01	   1.9958253517023444e-01	  -1.6960255926115550e-01	   2.1260159882911972e-01	   2.3226605942802739e-01	   2.3040007372835780e-01	  -1.2605591448649282e-02	  -3.1179367124924331e-02	  -1.6506163518373518e-01	
   4.7463157907870279e-01	   2.3800940486973629e-01	   5.9628247407669721e-01	   4.3369703066511089e-01	   6.3308722813397778e-01	   5.0665148560564599e-01	   0.0000000000000000e+00	   9.2773629394226742e-01	   6.9378508422724094e-01	   5.2009311516997481e-01	   6.9145467861617915e-01	   7.4675497557406745e-01	   9.9473745495666521e-01	   7.2774685164719455e-01	   7.2765957975427276e-01	   7.4996234309567200e-01	   3.2550953384110021e-01	   3.1501741444534992e-01	   7.4239041081213153e-01	   5.7374642791207342e-01	   2.6897654972307922e-01	   4.1583655272455294e-01	   3.7287225412703251e-01	   4.9207811594565898e-01	   1.7030531364122633e-02	   1.2285630406209012e-01	   2.3981136717908741e-01	   3.5119511912405343e-01	   4.5056761311898852e-01	   4.7252567890697839e-01	   5.3914385446835422e-01	   4.3263666982045001e-01	   8.5541529384334081e-01	   7.9442330657691018e-01	   1.5731839248949203e-01	   2.7008610480761552e-01	   3.4964534018370064e-01	   5.1757536414148952e-01	   7.1467165140844380e-01	   4.4832996016075616e-01	   3.9235301253498767e-01	   6.2095128474084071e-01	   3.2288414328112969e-01	   4.1471184633673869e-01	   3.2000577491103993e-01	   4.1202463769186526e-01	   4.0284023322655205e-01	   4.6627736598522923e-01	   3.0919431791228452e-01	   4.2026711723223220e-01	   5.6879796669138594e-01	   4.1952482314954387e-01	   2.3106820718033011e-01	   3.2902679693304032e-01	   4.6137834854875093e-01	   6.3086719389040635e-01	   2.2873301282767619e-01	   1.8167012235733843e-01	   2.3396676440564915e-01	   9.3794224535388007e-02	   8.4640185452668959e-01	   6.5867225805856466e-01	   7.6140850200016086e-01	   5.5116532195560319e-01	   3.9441444500443795e-01	   3.8307949691106402e-01	   3.4896420494189417e-01	   3.4334886912544882e-01	   5.3092663805979656e-01	   4.1485585756689303e-01	   3.5441492602537561e-01	   3.0689966481067887e-01	   5.4641144095744631e-01	   4.1713849731063435e-01	   4.9878101140410408e-01	   3.5738623369890943e-01	   4.4942408964295644e-01	   4.1125453388965438e-01	   2.2469749667144540e-01	   2.9763947660047629e-01	   4.4762413735664597e-01	   3.2562731345066431e-01	   7.9095388185135229e-01	   5.2177298505562519e-01	   5.1596113995893256e-01	   4.1860611988649499e-01	   2.1385439254408439e-01	   2.3927867324090596e-01	   6.7084487171498919e-01	   8.2586315681983069e-01	   6.6236420117947714e-01	   8.1650422327785444e-01	   5.2829421058201720e-01	   7.3942756016620026e-01	   9.9871956862946434e-02	   1.0929370158475007e-01	   3.7147411397100749e-01	   2.1155267291606900e-01	   4.4431688374616213e-01	   5.0689463249186084e-01	   3.5864131952805106e-01	   6.7657120806823501e-01	   4.0753222619063950e-01	   4.1364204303321961e-01	   1.1888575233291716e-01	  -4.5710183368704374e-03	   5.0346923249615372e-01	   3.6000836654114371e-01	   1.1516433886860857e-01	   1.3253651775808015e-01	   4.4778553465868887e-01	   4.2258900705761998e-01	   4.8732919891655752e-01	  -4.3779169914028152e-02	   1.5113046048580825e-02	  -2.0772496181715253e-01	
   3.4145814361317167e-01	   2.3615465753056306e-01	   2.7701422437211215e-01	   5.4785506660916083e-01	   5.8923465720926171e-01	   6.1642958240083778e-01	   9.2773629394226742e-01	   0.0000000000000000e+00	   5.0957788636921508e-01	   7.6445686779329192e-01	   5.8814679818575910e-01	   6.9340520041995157e-01	   7.1853106743687845e-01	   8.8309626714589107e-01	   4.8288897895416194e-01	   7.0910662399667168e-01	   2.1850827336213344e-01	   2.4332370198124442e-01	   6.8051734869203417e-01	   6.3902282674698296e-01	   1.8405671927051251e-01	   3.2457070879843208e-01	   1.9169810228089113e-01	   3.3065192401060245e-01	  -1.6577225487213770e-01	   2.6439422511810064e-02	  -3.9692132153985892e-02	   9.3212888230177302e-02	   3.7334260924449197e-01	   4.4066608180873978e-01	   5.6125849086016988e-01	   6.7210644581246970e-01	   8.9153117489423339e-01	   1.0768635643256930e+00	   7.1018408357284610e-02	   2.2716195529999422e-01	   3.3414546492904956e-01	   5.9015403396352051e-01	   5.8405785109004393e-01	   5.6890615106416786e-01	   3.4702378641274306e-01	   6.5700985247938914e-01	   4.3720006730357147e-01	   4.5595311280038975e-01	   4.8858775719760661e-01	   6.3219615199089885e-01	   5.9114537529244893e-01	   5.1844329435419290e-01	   4.0580718195815846e-01	   6.3019003370288840e-01	   5.8144907245235089e-01	   4.8724502383456353e-01	   1.9620608184150817e-01	   4.2473165281494640e-01	   4.6166041753151554e-01	   6.3569729771632333e-01	   1.6875009505190330e-01	   9.7046432432799215e-02	   7.9165602936549687e-02	   3.7650944046694740e-01	   3.5457241418790120e-01	   6.7721145871751354e-01	   5.9302191778244073e-01	   4.9339418387481315e-01	   1.3493841337672799e-01	   4.0913246996347874e-01	   2.6720576694435738e-01	   3.3885142029306847e-01	   4.3996269371752050e-01	   5.4789036870973229e-01	   2.4942219471261112e-01	   5.0958694954458728e-01	   3.3308414952895937e-01	   3.5466280116163962e-01	   3.3084214416723917e-01	   3.8924044396097529e-01	   3.4045701236661852e-01	   4.0894655047760997e-01	   1.8665459800064910e-01	   2.0367083001287725e-01	   3.5140372239574802e-01	   2.4458137375520417e-01	   6.2795193573756658e-01	   5.2128095848447209e-01	   3.6749608310317139e-01	   3.8907450543356137e-01	   6.4425119538271416e-02	   2.0263931017938699e-01	   4.4647731030588544e-01	   7.2069916993107641e-01	   7.2891873798512297e-01	   6.1808787340790827e-01	   6.3661966842117690e-01	   4.5618040392564208e-01	  -1.0361700066347507e-02	   1.5581032479209370e-01	   5.5569021295620813e-01	   2.8439166009541805e-01	   6.0794993084264470e-01	   5.2282686081597074e-01	   4.1498999863476721e-01	   4.2676855913497858e-01	   4.4209750413556570e-01	   2.1898879979527813e-01	   1.8178238008135575e-01	  -1.9173582128418451e-01	   4.9894898868807880e-01	   2.7488574271690547e-01	   2.1884379890110112e-01	   8.0231660087802303e-02	   4.6358095349566986e-01	   4.7057810962378976e-01	   5.0011530060882514e-01	   3.2786846350057988e-03	  -2.1344323172632164e-02	  -2.3790022045736861e-01	
   6.8484679827420375e-02	   8.5466009793291303e-02	   2.2961511991081554e-01	   1.9653674135598592e-01	   5.6076270590782684e-01	   4.8580375734144221e-01	   6.9378508422724094e-01	   5.0957788636921508e-01	   0.0000000000000000e+00	   1.4762088972508911e-01	   2.4335077381544382e-01	   2.0449349385432086e-01	   4.4379915689843308e-01	   2.6132874178993748e-01	   3.4647408964650328e-01	   2.9915605710462712e-01	   1.0400712346373893e-01	   4.8099662604774288e-02	   2.2085886608762262e-01	   8.8131579214967032e-02	   1.0458393028059976e-01	   2.6846140383891831e-01	   1.4927526295763505e-01	   2.1754437046045957e-01	   2.2412736734028403e-02	   2.2445245704117384e-01	   9.9482052585309205e-02	   3.0261147364958924e-01	   5.3803790457924695e-02	   1.0813502258716706e-01	   4.4578582356690083e-01	   3.4945589940709787e-01	   3.5760831809958243e-01	   4.0744820881886312e-01	   1.0588223362810832e-01	   1.8643594440279956e-01	   1.2664107268241670e-01	   2.2659106637599422e-01	   4.2953401383464096e-01	   2.2788440083581152e-01	   3.2514245096412395e-03	   1.6609885618206816e-01	   1.9055182441974691e-01	   2.1213110853283765e-01	  -1.4272008027446950e-02	   1.0165817390703723e-01	   7.2297190898011404e-03	   7.0439353520202599e-02	  -8.3411728889525444e-02	   1.3147856071070235e-01	   8.2680817847925844e-02	   2.0918967522482496e-01	   1.5337487427328486e-01	   2.3680419674257963e-01	   4.9209673189083286e-02	   1.7075037396572912e-01	   7.0923095276942627e-02	   9.2128036130396856e-02	  -6.0414184401190459e-02	  -1.1724417482687851e-02	   2.9084284775978475e-01	   2.3854992148334464e-01	   2.5107227524466219e-01	   3.8924447301038709e-02	   5.2089243999780252e-02	   2.5819702731569882e-01	   7.2161497666117014e-02	   1.6217732692550257e-01	   2.2802057337954657e-01	   1.3652635431099963e-01	   2.2122551757696118e-01	   1.4763646238036027e-01	   1.3321029778132340e-01	   9.7490040968299330e-02	   1.6225899712329050e-01	   1.1280245789361246e-01	   2.3570285716696415e-01	   1.9892270913240653e-01	   6.8787261414150175e-02	   1.0837838642040755e-01	   9.6032867972380254e-02	  -8.2166773125283143e-02	   2.8306406475885659e-01	   1.0492704264373603e-01	   1.0688304798136937e-01	   1.5696602223338521e-01	   1.9969464080454824e-01	  -6.6573151395778796e-02	   1.3411733661709854e-01	   3.7747053069568437e-01	   2.1129873664650548e-01	   2.9975351949922668e-01	   2.5842563493702431e-01	   3.1446285920154976e-01	  -1.2693103912936959e-02	  -2.5070081785409818e-02	   1.0171126039823621e-01	   6.1250563786454139e-02	   1.9064266407680129e-02	   8.4035487285053792e-02	   1.3678239821984067e-01	   3.7903458661682060e-01	   1.7445311347230641e-01	   1.3211162292922229e-01	   9.1585654944905698e-02	   3.7830958637757255e-02	   3.8008717470920905e-01	   1.3374691336366101e-01	   3.3850396535360136e-02	   1.8171051657537135e-01	   1.0119459056537421e-01	  -1.3159282767300554e-01	   7.9828088336031749e-02	  -1.8062665171062178e-03	   1.2924551295563985e-01	  -1.5149812754792688e-01	
   1.7167062019470161e-01	   1.8760755717317508e-02	   1.5316590102965114e-01	   3.9555842279392817e-01	   2.3691201865299849e-01	   6.9346495226717386e-01	   5.2009311516997481e-01	   7.6445686779329192e-01	   1.4762088972508911e-01	   0.0000000000000000e+00	   2.4573886513320720e-01	   2.9560114013724420e-01	   4.3207023576447900e-01	   3.2832595507274270e-01	   2.5227594821645877e-01	   4.8719420111591649e-01	   8.2454502268158203e-02	   2.3747193748997142e-02	   4.2427684176365760e-01	   3.6903917355504273e-01	   7.4388416983819511e-02	   6.7992036109716741e-02	   1.2546186433227927e-01	   2.6891355729168703e-01	  -2.2158623861315521e-01	  -1.3424467973380025e-02	  -8.7993068566359731e-02	   8.3526442057275468e-02	   1.3073610093445676e-01	   1.0094131728628616e-01	   2.5348465523750319e-01	   3.9732995522108461e-01	   4.4488965309016165e-01	   5.3480775428233096e-01	  -1.1057346574788880e-01	   1.9779824002584091e-02	   1.6597970271575604e-01	   1.0094629505552273e-01	   2.0492114151073876e-01	   1.5538493522689223e-01	   2.0611267100023009e-01	   2.6755169716391386e-01	   1.0155157258142687e-01	   9.2582962641805336e-02	   3.2301251080429372e-01	   3.0058883105880246e-01	   3.3104656827795798e-01	   2.1793606334059340e-01	   4.9501901394165232e-01	   5.8117083937696523e-01	   4.0928539918631218e-01	   1.9239114048900130e-01	   1.6026176367590594e-01	   3.5888691284961199e-01	   2.8210171621763069e-01	   2.6957727408136356e-01	   6.4959050427643814e-02	  -2.8846961260531257e-02	   2.3248627404986758e-01	   5.1914435236616474e-01	   1.9280081361010959e-01	   5.0595057288691936e-01	   3.1361682090221155e-01	   2.6030639917157600e-01	  -1.4776556563926468e-02	   1.2228642366285628e-01	   9.9181696901785799e-02	   7.8553822214593616e-02	   2.3489545528858463e-01	   3.5154703587496405e-01	   1.7302763902447915e-01	   5.0334532023769896e-01	   3.5734107673222069e-02	   2.5930009118832555e-02	   6.8809527602451848e-02	   4.9100164586731103e-02	   3.0011853299665880e-02	   1.0427441858441565e-01	  -1.2513805826338402e-02	   1.0581751760233526e-01	   2.2493590065379490e-01	   1.3238486155658713e-01	   3.3712066117674905e-01	   2.9448235136271689e-01	   2.2054444550140231e-01	   1.3677970799601286e-01	  -9.6663835687267413e-02	   2.5313589241870910e-02	   3.3754170878104300e-01	   4.6625971146170930e-01	   6.2125570577306577e-01	   4.8106209104398240e-01	   4.3019726089279753e-01	   3.2643663470393625e-01	   3.6216471106549644e-02	  -4.8962311460577064e-02	   1.0681734664908615e-01	  -1.4392528016325698e-01	   5.1609731524419411e-01	   3.7558187712713581e-01	   3.9906256497118187e-01	   3.0890238778289986e-01	   2.0235713006856501e-01	   9.3025245499484405e-02	  -1.1261080247781186e-01	  -3.9663852968804897e-01	   2.5587833882081523e-01	   1.8995684887305458e-01	   8.2146620841345164e-03	  -2.4948089891018810e-01	   3.1942893841237885e-02	   3.5497983696921181e-01	   2.8260990186204560e-01	  -2.4061600649768816e-01	  -2.8689246704512356e-01	  -3.2523574945138045e-01	
   8.7754306055262810e-01	   6.3902289257653089e-01	   5.0668960019913056e-01	   4.1918908284052109e-01	   4.5114468254175771e-01	   2.0945155465641002e-01	   6.9145467861617915e-01	   5.8814679818575910e-01	   2.4335077381544382e-01	   2.4573886513320720e-01	   0.0000000000000000e+00	   1.0893021094484772e+00	   1.1296944603526167e+00	   9.6703695051254779e-01	   7.4569640073858212e-01	   8.5687917612733766e-01	   6.4967598411242911e-01	   5.9227024065864231e-01	   9.9645472613845043e-01	   1.0794318583910003e+00	   3.2496155185413306e-01	   4.7941261650017208e-01	   5.1391573310703587e-01	   5.7452404433750970e-01	   1.9755071753976994e-01	   7.9583996584811204e-02	   3.0747843629374338e-01	   3.1550668254209274e-01	   9.5396561428583204e-01	   1.1201155944195662e+00	   6.5308021942597416e-01	   5.4770452155864380e-01	   7.9336173308842839e-01	   7.6431047565458565e-01	   2.4575468633482841e-01	   2.5096790664823770e-01	   4.7949349092135796e-01	   5.6206704724050693e-01	   6.4443533520253948e-01	   5.4798190322899631e-01	   6.0870218301408330e-01	   6.4553290220120629e-01	   6.6168497801071569e-01	   6.4570184697815081e-01	   6.3744725158222570e-01	   5.7510143384701806e-01	   8.4650012679388442e-01	   8.6218337394364508e-01	   4.4176040572920844e-01	   4.9353429347443156e-01	   6.8482165597176159e-01	   2.5164850574343411e-01	   4.9031238630577767e-01	   6.4949843455613787e-01	   7.2811591998483727e-01	   9.9807479379143160e-01	   5.1367493071407133e-01	   4.3355938221144502e-01	   2.9901857474175431e-01	   1.8205871037359089e-01	   5.4919547884121667e-01	   5.8444965821707828e-01	   8.1212848433009921e-01	   6.6235398678901225e-01	   3.8251550803865758e-01	   2.9911371812535115e-01	   2.6861541327492955e-01	   2.5562014415466294e-01	   7.0482755520997886e-01	   4.8768839496830185e-01	   3.4708502120097695e-01	   2.0960938768776605e-01	   7.6608787164206327e-01	   7.9937105485999238e-01	   7.3691782961777053e-01	   8.1632406706504534e-01	   4.5904196072660930e-01	   6.3756671106948615e-01	   5.7589043152765229e-01	   4.2347868434810854e-01	   7.6233830631154809e-01	   6.6744518952800025e-01	   1.0409818105563040e+00	   9.0763919771580193e-01	   7.0320089538734087e-01	   5.6812048657383163e-01	   2.9241477481041434e-01	   4.6513095445402264e-01	   4.2487891373591918e-01	   6.9137361193949043e-01	   4.7153575330073083e-01	   5.4701128497511087e-01	   2.4764101709076997e-01	   4.3246564705269591e-01	   2.2898522011359101e-01	   4.7356516866450304e-01	   6.8156933191638258e-01	   6.5276527969319720e-01	   6.4994068850202946e-01	   7.0066783173647385e-01	   1.4584264613364081e-01	   4.2780125588351886e-01	   4.4684747187171098e-01	   3.9682808657647545e-01	   2.4450932469441164e-01	   9.1122004273811216e-02	   2.5719109228707060e-01	   2.9774272431181475e-01	   2.7280455940036863e-01	   3.0221203702971267e-01	   8.4090846008085407e-01	   7.3732763567939108e-01	   6.1556078300596007e-01	   2.1818046759647597e-01	   2.5425403559382742e-01	   1.1802025570659255e-01	
   7.1031724684599384e-01	   5.5450250201985540e-01	   4.5422263820995262e-01	   4.0911995525179956e-01	   4.1618118602457665e-01	   2.4648779075449090e-01	   7.4675497557406745e-01	   6.9340520041995157e-01	   2.0449349385432086e-01	   2.9560114013724420e-01	   1.0893021094484772e+00	   0.0000000000000000e+00	   8.5132941896618075e-01	   1.0781780910078405e+00	   6.8300275865259863e-01	   8.3197097872643899e-01	   5.7758808681650298e-01	   6.3661905784943995e-01	   8.4764565494312250e-01	   8.5408759680798085e-01	   2.3390902664661767e-01	   3.6083379024567153e-01	   4.6552198656462929e-01	   6.1328176449408711e-01	   7.1203268270725137e-02	   5.2757250747742512e-02	   2.3874790917115715e-01	   3.2911480163194445e-01	   8.6767722010626591e-01	   9.1182519496364567e-01	   5.4482162099271569e-01	   5.1076576460139911e-01	   8.7328677777455765e-01	   7.5805471989077100e-01	   2.3449049657547930e-01	   2.7634456996166190e-01	   4.7397561245562853e-01	   6.0401935096685389e-01	   5.8887684893671544e-01	   4.7853023059287525e-01	   6.8333477245200791e-01	   6.2321625964170302e-01	   5.6573310516509379e-01	   6.0779856753036765e-01	   7.0987304851906685e-01	   6.4507673947629163e-01	   7.5102491929536708e-01	   7.4744444813419353e-01	   4.4481342046288253e-01	   4.4615178740274486e-01	   6.6254728990404010e-01	   2.4141417124384673e-01	   3.9933713677838245e-01	   5.2461884931021663e-01	   6.5950148887245852e-01	   7.4694917638265046e-01	   4.5802847401796054e-01	   3.4950990700271872e-01	   2.1417185005789913e-01	   1.4057234266120622e-01	   5.6238401492681633e-01	   6.2191461138856341e-01	   9.8408095263218842e-01	   9.2191919600825634e-01	   4.7497482430742993e-01	   3.5111361334674346e-01	   3.7027313324648886e-01	   3.3414269962964366e-01	   6.0790049048516204e-01	   5.2587889903670626e-01	   1.8620450134030608e-01	   2.3740539958989221e-01	   7.2987090402280430e-01	   7.0379812098686889e-01	   5.4427606475380097e-01	   6.2266167736032807e-01	   5.2150159806851126e-01	   4.8806415264376268e-01	   5.8205735257566726e-01	   5.3041503215736752e-01	   7.3735809428067645e-01	   6.7714814742590779e-01	   9.3169944873837574e-01	   8.7509115523775094e-01	   5.9801731335282871e-01	   6.2775081744243311e-01	   2.1906658980645585e-01	   4.0735420421135338e-01	   4.7623975201338198e-01	   5.8403569635159025e-01	   5.4490154190794771e-01	   6.1779837338848409e-01	   4.0905636305426402e-01	   4.4044918218987195e-01	   7.4088505959030035e-02	   2.7197636055826957e-01	   6.0666159687253518e-01	   4.6572545882443839e-01	   7.2683857425786302e-01	   7.2346053094936957e-01	   3.0794766623677078e-01	   4.1871400184190294e-01	   5.8059019867424455e-01	   3.9895490730179450e-01	   2.2539657528488763e-01	  -1.3328295751457849e-02	   2.6307159799347790e-01	   3.4548898023414187e-01	   2.0166379870681800e-01	   3.2534929213678554e-01	   7.1602537140355527e-01	   7.0305656306512976e-01	   6.6816486456888580e-01	   2.0601036704710654e-01	   8.5893722553919361e-02	  -4.2208930345205252e-02	
   7.5460895971859343e-01	   3.9911675641394595e-01	   4.6791055811169352e-01	   4.2362847914234214e-01	   5.1548382272146265e-01	   3.9371873468946522e-01	   9.9473745495666521e-01	   7.1853106743687845e-01	   4.4379915689843308e-01	   4.3207023576447900e-01	   1.1296944603526167e+00	   8.5132941896618075e-01	   0.0000000000000000e+00	   8.6127850006040751e-01	   9.6290699452380979e-01	   9.8997340102954157e-01	   5.0661346567743870e-01	   3.6898038778393710e-01	   8.3303282312761151e-01	   7.7938584346267303e-01	   3.6628029380104343e-01	   5.0403684436927543e-01	   5.5411138281803074e-01	   6.2523555255474039e-01	   1.3341631489255243e-01	   1.5316534367150039e-01	   3.0436927856143164e-01	   3.7539543623049554e-01	   6.6226972228032588e-01	   7.0191388839415547e-01	   6.5690888863246932e-01	   5.3229755809386725e-01	   8.0663037143684779e-01	   7.6710015851718727e-01	   1.7876046497541731e-01	   1.8340791185044103e-01	   5.4152582438213881e-01	   5.7327773073051680e-01	   8.2780633683988636e-01	   5.8058093526190957e-01	   5.9592814159784580e-01	   6.1688108304964373e-01	   4.7029630967280112e-01	   5.9049585906309421e-01	   5.8865767454225248e-01	   5.6891855700972027e-01	   6.1093644262967550e-01	   6.9292077212960179e-01	   5.1155315971707649e-01	   6.6869111988018615e-01	   6.7695451891420177e-01	   3.8277219395787720e-01	   4.5384710471233342e-01	   6.3896404111146787e-01	   7.4388807003551061e-01	   9.1175639171907563e-01	   4.7453343782587765e-01	   3.8117873683595832e-01	   4.3143885694542383e-01	   3.9355305095419091e-01	   7.1352698051818420e-01	   6.6730816313349250e-01	   7.7353496797094456e-01	   5.9650397884563666e-01	   3.5948973675681972e-01	   2.9378258459857032e-01	   2.2972735594074251e-01	   2.7687995832558571e-01	   6.2584501762562617e-01	   4.3527878037188389e-01	   3.6367357238840203e-01	   1.3589691407623761e-01	   6.6419560983806702e-01	   5.3550261447664727e-01	   6.2239294507306253e-01	   4.9540200865941958e-01	   3.4790471640968407e-01	   4.7996835416829947e-01	   3.2064720242051298e-01	   3.2954025132447268e-01	   6.1933018247140437e-01	   5.2225280310495559e-01	   1.0866166829392792e+00	   7.0900474202675590e-01	   7.6174504473664395e-01	   5.0959777288814112e-01	   5.2982907256344347e-01	   5.0000676073286510e-01	   5.6220786057024341e-01	   7.8482553659286636e-01	   5.2124318502877143e-01	   6.0467910314805962e-01	   3.5042079070277449e-01	   6.0028803890664073e-01	   3.0865991221874312e-01	   2.7384423454360685e-01	   6.0516141590456529e-01	   5.3664289926621400e-01	   5.6160662699634112e-01	   6.6568002087702882e-01	   1.8238661891173480e-01	   5.1859290370633759e-01	   4.3983340289485751e-01	   3.6310171792495088e-01	   2.7001389720360042e-01	  -2.2345930665877894e-02	   3.8956116442957933e-01	   3.3260624000483896e-01	   2.1661757719888275e-01	   2.3084249669119614e-01	   6.5648904918335160e-01	   5.5998695720592562e-01	   5.5084484781395482e-01	   5.1785306983990996e-02	   1.6137927939646071e-01	   8.0348463351989849e-02	
