   0.0000000000000000e+00	   1.0439822830363479e+00	   5.6052185305467650e-01	   5.6318665424586367e-01	   2.8685477328435638e-01	   5.4105924453507814e-01	   6.9775422495732597e-01	   6.5683478563920461e-01	   5.9508741859242054e-01	   5.2800416019600438e-01	   1.1409911965892372e+00	   7.4043822838895423e-01	   1.1086597776772553e+00	   1.0445223461295403e+00	   8.2817959297649979e-01	   8.0419434096021103e-01	   9.3087837585140942e-01	   8.1668397049685160e-01	   1.1051639137996572e+00	   9.0450066391518358e-01	   3.0762907223838742e-01	   4.8353594422636681e-01	   4.3839761404375410e-01	   3.3175283758425961e-01	   4.7349353228019675e-01	   5.3235417686071651e-01	   2.9481432404100649e-01	   5.8959343463720515e-01	   1.0082622048523882e+00	   8.5352306368973363e-01	   4.3911178233189990e-01	   3.4532402465230094e-01	   9.3279999249688950e-01	   7.9206081739595502e-01	   3.3466058351276140e-02	   1.9116947326319728e-01	   4.4438285203688532e-01	   5.9285081195961942e-01	   6.7909334394393817e-01	   7.2549463093823963e-01	   7.9195538385160835e-01	   9.0851470473926521e-01	   9.6185397265551331e-01	   9.0324920261242048e-01	   8.3043298777291452e-01	   9.5007963477184310e-01	   9.8354648052066629e-01	   1.1121135407936973e+00	   8.5416720785474554e-01	   4.1268203734891595e-01	   5.6200282473398666e-01	   3.0315548624884225e-01	   6.0498440989725266e-01	   2.4405554906075866e-01	   9.0133964655931098e-01	   1.0065259338073127e+00	   1.0806730856017928e+00	   8.0444187304870096e-01	   7.0189334930323211e-01	   2.0162606932211000e-01	   8.8077099035547779e-01	   3.9181801613381528e-01	   8.0852956550366117e-01	   6.8728456920434644e-01	   4.1815465103330446e-01	   1.6482063016226861e-01	   6.4099410198824835e-01	   5.4850437319622281e-01	   7.7411975710833358e-01	   6.2740220963028803e-01	   4.6056115829862077e-01	   5.7099241115819988e-01	   8.6714400062169616e-01	   8.0435374899588685e-01	   8.9361369102933197e-01	   7.3328940548676347e-01	   7.3670110323616500e-01	   7.1785287905111139e-01	   5.6930078699396014e-01	   7.9992663589991087e-01	   1.0094147759035144e+00	   9.3917892553703330e-01	   8.3947076426321066e-01	   8.3145243868621543e-01	   4.5034567216599747e-01	   4.9573736295649112e-01	   5.0803700605122015e-01	   2.1327554643082131e-01	   6.9286168789742342e-01	   6.8070560938639224e-01	   6.6189238229899472e-01	   5.2624905733314364e-01	   3.6012860137941322e-01	   2.7120950421769396e-01	   5.8016068612363692e-01	   3.1855617714023066e-01	   9.6824119362310390e-01	   6.7550235882552045e-01	   1.1248713253665519e+00	   1.1250967362582631e+00	   4.3507872003404313e-01	   5.3863621888302826e-01	   7.4508378045275181e-01	   8.2324103429974316e-01	   5.4581206000329430e-01	   4.7359392314093446e-01	   5.7481050923451771e-01	   5.9483997464693095e-01	   4.1193003260132538e-01	   5.6707898225915232e-01	   9.6956698795076024e-01	   1.1027901976040144e+00	   1.0545790084219078e+00	   5.4269759257479611e-01	   5.1642721014752002e-01	   3.0654379160571610e-01	
   1.0439822830363479e+00	   0.0000000000000000e+00	   3.4544311957582619e-01	   4.6266287841137188e-01	   2.2308684126838441e-01	   4.5357338747318710e-01	   3.1711212386789572e-01	   4.3593828523110068e-01	   4.2493667638060301e-01	   3.8746043663513619e-01	   8.3814177434737602e-01	   6.3968270719172293e-01	   7.8039187553533407e-01	   8.2809171639264889e-01	   7.4982353113731415e-01	   6.4963070206872664e-01	   6.2638895294976538e-01	   8.9152836216133313e-01	   6.8636773371810000e-01	   6.4025973959243077e-01	   4.8074137806722506e-01	   5.4920269267765787e-01	   4.0565429333575515e-01	   2.7166385928768350e-01	   5.1099527616616580e-01	   6.4204442182750754e-01	   4.8863774155721601e-01	   5.9184368266037068e-01	   8.7068429753507603e-01	   7.8318936446865872e-01	   4.2231377876055887e-01	   2.9553304944891523e-01	   5.6950717038452614e-01	   4.8932085965295535e-01	  -9.6961639135751260e-02	   2.1361999572954159e-02	   4.7938719695933141e-01	   6.9170973142803294e-01	   6.9512790652804779e-01	   8.7315934112172822e-01	   7.1670335397631135e-01	   9.7116384070865225e-01	   7.5906369383674832e-01	   8.2500508050552201e-01	   5.3741639575515188e-01	   5.4310741624046788e-01	   9.3017043258500376e-01	   9.4140828824655909e-01	   6.4437929589169640e-01	   5.4120451979272344e-01	   4.6606936112346736e-01	   3.6641974032459579e-01	   5.8263003714531858e-01	   2.6024972347649594e-01	   8.5167723800152229e-01	   9.8270901331343363e-01	   8.7197957962891481e-01	   1.2750259971390419e+00	   6.0251904183311389e-01	   3.6622485706764363e-01	   5.9978323862575822e-01	   3.1244738493283164e-01	   6.1383373062414104e-01	   6.4698200561125641e-01	   1.5772016483158460e-01	   5.0003065304591594e-02	   2.2710176846415259e-01	   1.2579936721759671e-01	   4.5833061318371615e-01	   3.2913005878820339e-01	   5.3434082940777716e-01	   5.5696303801987046e-01	   6.7175710181910975e-01	   7.7913110509653805e-01	   7.1165440747210018e-01	   8.7042702208753164e-01	   5.3285059156892689e-01	   5.4581630766160427e-01	   5.6500043397259714e-01	   9.8832149228064980e-01	   7.3885837960923606e-01	   8.2423575998246035e-01	   6.8046385183694313e-01	   7.0787198437925403e-01	   4.1771046041153870e-01	   4.0843081857289154e-01	   5.6105636883784671e-01	   4.1860371538802565e-01	   6.4519905341478134e-01	   6.0335934611375985e-01	   5.0016516715410364e-01	   3.0293499068401747e-01	   2.7850618859984816e-01	   1.8156980516455246e-01	   5.4814117646222493e-01	   4.0226641845606337e-01	   7.9169173974842599e-01	   6.6725732162086016e-01	   8.8082294075411316e-01	   9.7318747722724719e-01	   3.8210890327052910e-01	   2.3610458407211724e-01	   5.1561293459703972e-01	   4.6811429632680979e-01	   5.6459595203619406e-01	   4.0744521177989501e-01	   8.0505717123453824e-01	   6.3655837338603694e-01	   3.0526339715299750e-01	   6.4016135227034898e-01	   7.2292898188350951e-01	   9.8700690469781271e-01	   9.3146039153707560e-01	   6.5183466777475951e-01	   6.1894840281231844e-01	   3.1658161264621248e-01	
   5.6052185305467650e-01	   3.4544311957582619e-01	   0.0000000000000000e+00	   8.8064641499170582e-01	   7.6372376623115246e-01	   6.9634129159240865e-01	   1.0676221512479265e+00	   6.5760767993050284e-01	   6.9917930385722737e-01	   5.3725331800902709e-01	   4.4515079547109593e-01	   4.1788401033962319e-01	   4.8286755147291782e-01	   6.2463090076789862e-01	   6.7528477595916248e-01	   7.0429233726821672e-01	   4.6143552188016801e-01	   3.3685754370085702e-01	   7.2200160491715615e-01	   6.5995363491497472e-01	   2.5887606015958603e-01	   5.3238243452585987e-01	   9.5860859650379893e-01	   7.9650329483075011e-01	   8.8135681503545027e-01	   7.5969532686831476e-01	   4.7018171434204087e-01	   5.5040777360732140e-01	   4.5120970106808428e-01	   4.9616184233221794e-01	   7.1791313324687556e-01	   6.6669351103909524e-01	   8.1580995456840444e-01	   6.6781225326602500e-01	   6.4170395062622854e-01	   7.5391102721112235e-01	   3.3518550032239369e-01	   5.0236794783375283e-01	   4.5496798760569790e-01	   5.1031969573487856e-01	   4.6412847636227977e-01	   4.7773408248363680e-01	   4.7978507165677936e-01	   3.5305504051766218e-01	   4.7358283642713517e-01	   4.0555786325393828e-01	   3.4292346002288615e-01	   3.9406659387779419e-01	   4.0899377956577571e-01	   1.2573337405313156e-01	   7.7313587894758418e-01	   3.9628332318210852e-01	   3.3116423018207991e-01	   1.9807770124237337e-01	   4.9876475168653805e-01	   3.2592293776480902e-01	   4.2387629228351659e-01	   2.7502836185052659e-01	   2.7970359601845396e-01	  -8.4008924045373204e-02	   2.7455473939800223e-01	   1.0932494566582265e-01	   2.6709934154272852e-01	   2.2055541018855135e-01	   4.6465340921414189e-01	   4.2075505358076620e-01	   7.2294241193224706e-01	   7.5010638367880789e-01	   5.7755990031974802e-01	   5.8594075635111509e-01	   6.3026154733322259e-01	   4.6481108694648343e-01	   6.9912184574431180e-01	   5.1219326165985601e-01	   6.3591145819597439e-01	   4.7729601418296586e-01	   5.3664616553999467e-01	   5.2611782843031518e-01	   2.9407369452522675e-01	   3.7851973502209874e-01	   4.2379558061722350e-01	   5.0361576553496445e-01	   5.9987184695803375e-01	   6.1761723787608114e-01	   4.9601338364328434e-01	   7.4418625525107229e-01	   3.1860192372813850e-01	   5.9814444560015487e-02	   4.3496912416855826e-01	   5.9997473849521943e-01	   6.8499417544857255e-01	   7.4060583318783701e-01	   7.7513264621308697e-01	   5.7191171414514397e-01	   4.2331222391782874e-01	   1.1319586704251591e-01	   6.2832023849810281e-01	   4.2304274803134179e-01	   5.4404422820592835e-01	   5.2627339076746016e-01	   5.2223131841393244e-01	   5.4150769838070101e-01	   5.8745886109116263e-01	   6.2937152127198870e-01	   5.9411533918192028e-01	   6.4723821117254887e-01	   4.3538486159937978e-01	   5.0355808926843815e-01	   1.7667353599011382e-01	   4.7956195939840862e-01	   7.7532829072770115e-01	   6.6400110256459810e-01	   5.4886606799595394e-01	   4.7064567867049428e-01	   4.4691540287976234e-01	   2.0691015768030360e-01	
   5.6318665424586367e-01	   4.6266287841137188e-01	   8.8064641499170582e-01	   0.0000000000000000e+00	   5.0635286130214063e-01	   7.7769557987539062e-01	   7.0813274102999924e-01	   8.6687322216901208e-01	   4.6580765538776459e-01	   6.4412426316434379e-01	   3.5239581273692960e-01	   6.3421598538388868e-01	   3.1310168708640890e-01	   6.4276083450876631e-01	   4.6622933379111642e-01	   7.2872016730211164e-01	   3.5607495637771464e-01	   3.6548571657268475e-01	   7.6160914782328148e-01	   9.4667017222338024e-01	   8.4216901960419782e-02	   2.8527182445446381e-01	   7.5459171382871282e-01	   1.0827758689951652e+00	   5.7361999823987031e-01	   6.8754615537991159e-01	   2.8911956991037313e-01	   6.4939156412486509e-01	   3.6281427694926499e-01	   5.1062958815510040e-01	   6.1599126920335456e-01	   6.9224022455647294e-01	   8.0216978121619698e-01	   6.8487906439139190e-01	   2.6682207882458098e-01	   4.3436159137910180e-01	   1.3839409930995086e-01	   3.1828118466718935e-01	   2.4841318645418420e-01	   3.9425119474014042e-01	   3.4139842380206781e-01	   4.1083418535205585e-01	   3.5557573543869253e-01	   3.1023794167659524e-01	   3.4305252992405832e-01	   3.6870284616085003e-01	   2.6379798617556516e-01	   3.3662879931844586e-01	   2.9208526345168079e-01	   1.3715154174184119e-01	   5.2581842313474270e-01	   3.1404584362444543e-01	   2.9535212218201490e-01	   4.7982666860089568e-01	   2.8825196123250452e-01	   2.9366035234290599e-01	   4.8114459064556131e-01	   2.6297368128606519e-01	   2.5761031256362088e-01	  -5.6847547097119908e-02	   2.0127583795176476e-01	   1.8697610941360249e-01	   2.7721577559280813e-01	   2.5398484623423584e-01	   3.7187037999758887e-01	   3.1046610810320630e-01	   4.9486881110296410e-01	   5.3832365700035134e-01	   6.2367318327536869e-01	   4.8365191102374250e-01	   3.1531820190296656e-01	   3.5805509608943231e-01	   5.0621464834641916e-01	   4.3287210708031915e-01	   4.4156314807680774e-01	   4.4008307683702280e-01	   3.5412960369509083e-01	   3.4034924873685091e-01	   2.1493024095253954e-01	   3.1192318104789801e-01	   3.5604989174908458e-01	   4.9088159098702971e-01	   5.2521686714382576e-01	   4.4942999229944186e-01	   3.3229906636485845e-01	   7.2855818820394058e-01	   2.1620962185170017e-01	   8.8734222912348157e-02	   2.9755994363260679e-01	   6.7065532278531426e-01	   6.3561651409785935e-01	   5.8013360196280062e-01	   7.8995968784039827e-01	   4.4049368143994017e-01	   2.7352746022281282e-01	   8.6328088067223266e-02	   3.7395581880049356e-01	   2.5274415073788242e-01	   5.0448901986020434e-01	   5.0331935733958411e-01	   4.6718394695589838e-01	   3.9300559116794009e-01	   4.1336761015317847e-01	   4.5721083053188816e-01	   4.0499098349532253e-01	   3.1000256365166812e-01	   4.1300038476069928e-01	   4.1368389962773777e-01	  -1.6220381343413279e-02	   3.0288409177810355e-01	   5.6632767585935673e-01	   6.0838734378065751e-01	   5.8744267323756960e-01	   3.8869787985563586e-01	   2.0404631238777957e-01	   6.6860801637167191e-02	
   2.8685477328435638e-01	   2.2308684126838441e-01	   7.6372376623115246e-01	   5.0635286130214063e-01	   0.0000000000000000e+00	   5.9316562817502705e-01	   6.9760597654709722e-01	   7.8072259321766735e-01	   9.4476704570029613e-01	   6.6156016412916618e-01	   2.8574858455498758e-01	   5.0552651856357556e-01	   2.5389444517557114e-01	   4.3211047584234452e-01	   4.8435246729755960e-01	   4.7928670113115068e-01	   3.1906295692418646e-01	   3.1487129467090219e-01	   5.3062039638156766e-01	   4.9104544860741400e-01	   3.2230807554555219e-01	   4.6601772835373356e-01	   5.8032174292089422e-01	   6.4887681008506370e-01	   5.3419853848338672e-01	   5.1698810561699926e-01	   7.1638500097878499e-01	   4.5106162556958235e-01	   2.9381461962463395e-01	   3.9370495442739117e-01	   5.4804455253308670e-01	   5.8259663458103850e-01	   5.3677913957304613e-01	   5.3848223494984648e-01	   4.8521331407912455e-01	   6.3593755427400334e-01	   1.4258199884747566e-01	   3.4399237139480482e-01	   3.1481718627461885e-01	   4.4141201595590007e-01	   2.0292547527460297e-01	   4.2592589025888516e-01	   2.4392450583797559e-01	   1.2621964011025011e-01	   4.0825703026226323e-01	   3.7410999754921365e-01	   1.4582528388023153e-01	   1.9983633902607595e-01	   3.6193824084390341e-01	   2.3438002609136066e-01	   7.1407132271655105e-01	   4.8642819899986967e-01	   4.1389423469047210e-01	   3.8436049367563785e-01	   2.8718697474275501e-01	   2.2770875278700342e-01	   2.5933659546235083e-01	   1.4483306008664640e-01	   1.5898185286184180e-01	  -8.2322059452938467e-02	   1.7597816881310671e-01	   3.1178929312726672e-01	   1.7298931029536921e-01	   2.4818826487823914e-01	   5.5816786740372615e-01	   6.4621678756414780e-01	   4.3316431827062568e-01	   4.8466573930489137e-01	   4.6855654380260930e-01	   2.3728054165133214e-01	   4.1297864628566006e-01	   3.9506277329167072e-01	   4.1199531403016737e-01	   3.3694607044816544e-01	   4.1736036828983969e-01	   3.5806781622674333e-01	   2.4905110759195365e-01	   3.0085541442956321e-01	   2.6654477294475482e-01	   2.3546938781277271e-01	   3.1643415368726024e-01	   3.1700557794167999e-01	   4.1525294076914931e-01	   3.3595433753305537e-01	   4.8129959468368155e-01	   5.0189331563565009e-01	   1.8079167575925967e-01	  -8.1164725089292719e-02	   3.6590759818227242e-01	   5.5888478224661198e-01	   7.1232938899720988e-01	   6.2653456901044535e-01	   7.5754738690942636e-01	   4.4205363216348531e-01	   3.9849814694505703e-01	   1.9585986863178939e-01	   3.2883813519686722e-01	   3.4505411392847918e-01	   4.4811673542934355e-01	   3.8208543932594696e-01	   4.4869928952956389e-01	   2.9132138168131816e-01	   4.6350362441282167e-01	   3.4505471387026532e-01	   4.8920403144518948e-01	   4.0045853649571850e-01	   5.8520071507630789e-01	   5.0141023209796587e-01	   1.4895645944705105e-01	   5.2365380750091339e-01	   6.3388182494974876e-01	   4.8197231387585171e-01	   4.6674438161178256e-01	   3.9077071104628064e-01	   4.2293245015699099e-01	   1.6883334862616095e-01	
   5.4105924453507814e-01	   4.5357338747318710e-01	   6.9634129159240865e-01	   7.7769557987539062e-01	   5.9316562817502705e-01	   0.0000000000000000e+00	   6.7500647031548033e-01	   1.0765191503525273e+00	   6.3044606633989597e-01	   1.3891861633731237e+00	   4.4256599311965300e-01	   7.2452370587534642e-01	   4.4999920315699721e-01	   7.2148075767316178e-01	   4.5378632043469042e-01	   6.2173358793874245e-01	   2.6000466855389920e-01	   4.7019104524148037e-01	   6.4324894867848303e-01	   7.1963829875278540e-01	   2.1667998710708203e-01	   4.0334372474456681e-01	   4.4927356466209506e-01	   5.6516516259076321e-01	   3.5508803885194878e-01	   5.3865789465130853e-01	   2.8860966264225385e-01	   9.1130750043655195e-01	   4.3893088452382545e-01	   7.1393998140003401e-01	   5.7641543640063642e-01	   6.0030832273715906e-01	   7.1714408337943458e-01	   7.3381223881054580e-01	   2.8008575103070593e-01	   4.0416392805553958e-01	   9.9301661063331145e-02	   3.4551961621936561e-01	   3.4507307549385724e-01	   5.2266547650567319e-01	   3.6094428168016457e-01	   5.7641353191965594e-01	   3.8522221919175714e-01	   3.0991205755473927e-01	   4.6048092350797787e-01	   5.4810575364369052e-01	   3.4321669278159700e-01	   4.1202792508009628e-01	   4.6636081513364835e-01	   3.3314081538632295e-01	   6.1736749387868772e-01	   4.4651180939227825e-01	   4.7624120788009588e-01	   5.4268622425707769e-01	   4.7733573202125668e-01	   4.9165862967909812e-01	   3.0260758410330624e-01	   2.5623442864764723e-01	   3.9759397608871011e-01	   1.7558833486492772e-03	   4.3887265959285060e-01	   6.7127807413088592e-01	   2.4767906941783327e-01	   4.1252454138282774e-01	   6.7714407771290197e-01	   6.5370853490781233e-01	   4.1490056670202852e-01	   4.1175510971093843e-01	   5.2799921291558538e-01	   3.0324772502061637e-01	   4.7338714288598233e-01	   5.1944516400573937e-01	   5.8609189860924482e-01	   5.5016945557763608e-01	   4.9060558721775038e-01	   6.1648329294828252e-01	   2.7282659122650471e-01	   3.1236485158051536e-01	   1.9118125613917544e-01	   3.7884555661814129e-01	   3.4822409549138611e-01	   4.3904183417486159e-01	   4.7347579502092829e-01	   5.1721438102537587e-01	   3.3842649187137724e-01	   4.6871651930462704e-01	   1.4776047110075058e-01	  -1.4602045990442373e-02	   3.7663633811180913e-01	   8.1667183227147677e-01	   6.1870162706529241e-01	   5.2282296194204358e-01	   5.1333587188685548e-01	   2.9025008581232647e-01	   4.2897105073065650e-01	   2.5997399462977433e-01	   4.5587978400346540e-01	   4.5845867564766724e-01	   5.6237205042532512e-01	   4.6976905658690249e-01	   5.3756077568958216e-01	   3.6180411795622391e-01	   5.7446140662102985e-01	   4.6597816721060592e-01	   3.5186862668369839e-01	   2.0986760146465291e-01	   5.9812319064128616e-01	   4.0685560129632725e-01	   2.6361636366266195e-01	   5.6491650475246091e-01	   6.6095054240676843e-01	   6.9132169173063829e-01	   6.8055860587433681e-01	   5.9565150657439814e-01	   4.1153994287762485e-01	   7.7280816474865330e-02	
   6.9775422495732597e-01	   3.1711212386789572e-01	   1.0676221512479265e+00	   7.0813274102999924e-01	   6.9760597654709722e-01	   6.7500647031548033e-01	   0.0000000000000000e+00	   8.3667385289736218e-01	   8.0504618762975377e-01	   6.3870243788482961e-01	   6.5027964963285145e-01	   6.1934631732769474e-01	   7.1905892104873048e-01	   8.0480049056328751e-01	   6.1378555654826172e-01	   7.2589078830879394e-01	   6.5680879603963949e-01	   4.7620986154858436e-01	   8.1213421254364992e-01	   7.3831654010615799e-01	   1.5661881832880761e-01	   3.4827890936481604e-01	   6.3927098416776407e-01	   6.8148057431575160e-01	   5.1635049349441697e-01	   5.3420880547099081e-01	   2.8717867458778124e-01	   6.2163283851466278e-01	   5.9866510958421137e-01	   6.0089357371234209e-01	   4.1794680021803876e-01	   4.0003217150966947e-01	   1.1016924484236292e+00	   8.1115185165933079e-01	   4.8899069873598389e-01	   5.4986193224477609e-01	   2.0031865535232765e-01	   3.3690637317495437e-01	   3.4676812694543035e-01	   3.7044356708355847e-01	   3.5666464558694189e-01	   4.6298679760381461e-01	   4.9214560843781019e-01	   3.2276745634047149e-01	   6.7333046795507012e-01	   6.6504668274500844e-01	   3.8655158268833856e-01	   4.6277793649265525e-01	   6.8673134769959088e-01	   2.3895490778317410e-01	   9.6218591529191100e-01	   4.6304780896681430e-01	   5.1609887234669660e-01	   2.4769045174636603e-01	   5.4846205809056892e-01	   4.5139129307714004e-01	   4.0629569422331774e-01	   1.5981190562405184e-01	   4.3490972708838477e-01	  -1.0248824703203892e-01	   5.4695395558330007e-01	   3.5380747447454236e-01	   5.2369769130662924e-01	   4.9243232934430625e-01	   7.3550649399959622e-01	   4.8652069881905430e-01	   1.0659411577585436e+00	   9.4691081286650314e-01	   5.7268595136401768e-01	   6.1336674946266845e-01	   4.1502548853222804e-01	   3.1699689227283134e-01	   7.0246321805008016e-01	   5.6993774589061652e-01	   6.5699384321451693e-01	   4.8830520449216658e-01	   5.0423411628034287e-01	   4.4227489999021019e-01	   3.2666473904442195e-01	   3.3577892823549760e-01	   6.1862339933478627e-01	   5.3390929292164024e-01	   5.9850994145300374e-01	   6.0686087557290946e-01	   4.2705705162642543e-01	   5.1106098251717369e-01	   2.6001132688084483e-01	  -1.0713806381412944e-01	   4.4311685414942342e-01	   6.7747301602380594e-01	   7.5276227959848430e-01	   7.0166167811129299e-01	   6.8221347665311982e-01	   5.6984306756111580e-01	   3.7951544529113157e-01	   7.1439995534708325e-02	   6.2494385680772302e-01	   4.1615871905421009e-01	   6.0108324002860125e-01	   5.7865726453365285e-01	   6.1626955925382754e-01	   8.0353282476933341e-01	   7.0639600351617737e-01	   6.8812089744067084e-01	   3.8761996351269307e-01	   5.3542983137426137e-01	   2.9591229830951715e-01	   4.5924716701002766e-01	   2.0714911069053848e-01	   4.1522304246195119e-01	   7.2766367573166368e-01	   6.8810941310855900e-01	   7.2322783316605832e-01	   4.6444130794972105e-01	   3.7542961117571588e-01	   1.4180410832786350e-01	
   6.5683478563920461e-01	   4.3593828523110068e-01	   6.5760767993050284e-01	   8.6687322216901208e-01	   7.8072259321766735e-01	   1.0765191503525273e+00	   8.3667385289736218e-01	   0.0000000000000000e+00	   9.4050575296629346e-01	   1.3159331720686462e+00	   5.0784408498523148e-01	   9.7455662877051841e-01	   5.7522578991485751e-01	   8.1260631166674369e-01	   4.9204407558442032e-01	   6.3231471375201231e-01	   4.3661933679557091e-01	   5.6068948586030765e-01	   8.5572638396595402e-01	   9.2893580867609293e-01	   5.5556040535104149e-02	   2.6312392055586942e-01	   4.9897220269826059e-01	   6.6461245301326721e-01	   3.6917808647888090e-01	   4.8187261621925959e-01	   2.2355998523327325e-01	   5.9514645860331605e-01	   4.9051339652015002e-01	   7.1550621643822021e-01	   5.9821740075436192e-01	   6.3737206445951566e-01	   9.5829768645309577e-01	   1.0858201262173777e+00	   2.8984803922475244e-01	   5.2837528963348090e-01	   1.4391011219449260e-01	   3.3407183644208338e-01	   3.5152500909557088e-01	   5.1815964263048597e-01	   3.8588430116055900e-01	   6.3872149324442618e-01	   4.1148339879151863e-01	   2.8717571725434687e-01	   6.3792130250094448e-01	   7.6921437918865854e-01	   3.1499542261710739e-01	   4.3591134192022785e-01	   5.5211691577403166e-01	   2.8985234914382263e-01	   6.6273117244930502e-01	   4.0635214583861273e-01	   5.0215043610073185e-01	   4.5330836545021824e-01	   3.9661421040788469e-01	   4.6519102939101215e-01	   4.4202324707378149e-01	   2.6755842204806701e-01	   4.2748656321464024e-01	  -4.7128475147901035e-02	   5.5079564817816196e-01	   8.1395250956307064e-01	   4.5055388384420408e-01	   5.5290316456463928e-01	   8.6374005888147887e-01	   7.4856830981872347e-01	   6.7364346913306006e-01	   6.8744048253049272e-01	   6.6973087863116532e-01	   5.0484332553761369e-01	   2.6589145685972548e-01	   4.5222355139890780e-01	   6.4534427879831724e-01	   6.3149025399359826e-01	   6.4339388754084803e-01	   5.8241906788328446e-01	   4.2364865109178623e-01	   4.4555077254335135e-01	   2.8778319481062020e-01	   3.8037341061334434e-01	   5.6506589380485950e-01	   5.2589693516028202e-01	   5.4658771058514688e-01	   4.4592885862692699e-01	   4.0432459721510472e-01	   4.6760718610013058e-01	   1.5444534515191294e-01	  -2.3412203677029640e-02	   5.3693360933249423e-01	   8.5097749948328305e-01	   7.7958078982765266e-01	   5.7064749460945052e-01	   6.2174108592064714e-01	   3.7418153718713826e-01	   4.3717703589689272e-01	   1.9003937690307493e-01	   4.5987006656068663e-01	   3.9201213156452147e-01	   6.2729270845118557e-01	   5.7533370381813775e-01	   5.7651068581604814e-01	   5.8456999886701821e-01	   6.0491746593583939e-01	   5.6786031055626729e-01	   2.3083109404119820e-01	   1.4363481670130379e-01	   4.5612509913681887e-01	   4.9346018569847172e-01	   1.8465672183062373e-01	   4.8867608582951672e-01	   7.6724072042190505e-01	   6.6013948162249569e-01	   7.4646906224838028e-01	   4.9130598845216189e-01	   2.9338968791248704e-01	   1.1395191782780704e-01	
   5.9508741859242054e-01	   4.2493667638060301e-01	   6.9917930385722737e-01	   4.6580765538776459e-01	   9.4476704570029613e-01	   6.3044606633989597e-01	   8.0504618762975377e-01	   9.4050575296629346e-01	   0.0000000000000000e+00	   6.8279957914677736e-01	   6.5910799172999368e-01	   6.4641888780535128e-01	   7.2791099987763797e-01	   7.7716790026122229e-01	   7.2885506439616488e-01	   5.9136332954212012e-01	   6.1386428423076822e-01	   7.0353482478213358e-01	   6.1723611549229551e-01	   5.3120615041344188e-01	   3.1731681015962088e-01	   6.1015459331253608e-01	   5.0348985582884787e-01	   4.0900404651372968e-01	   5.3432383374393333e-01	   5.9296297610562299e-01	   4.4374759958589116e-01	   5.9175066038843849e-01	   6.6450808820551588e-01	   7.4396163306954588e-01	   6.1019600311284294e-01	   5.4562876941709049e-01	   8.2113128392676193e-01	   8.8890291618886308e-01	   3.6120769247326917e-01	   5.4921234454093570e-01	   4.4234385938402632e-01	   6.2879904413523580e-01	   6.5864091446043704e-01	   7.3785997295905148e-01	   5.2417654811823977e-01	   8.0820103295702839e-01	   3.8098692817274876e-01	   2.7642727108210241e-01	   6.1947968602687464e-01	   6.3348393091537691e-01	   3.8598726978022563e-01	   4.1982279064814432e-01	   5.4815507526069362e-01	   2.3178207472374113e-01	   7.8269111904353916e-01	   5.0497312134048489e-01	   6.7474834203956258e-01	   3.0739232490517382e-01	   6.6358602275802592e-01	   5.4632559444309658e-01	   4.5689611971246946e-01	   4.0291407977647020e-01	   4.8518222555771562e-01	   9.0423810639469956e-02	   5.5059922930693550e-01	   5.1666324497045757e-01	   6.0755424227271637e-01	   6.6949007883217104e-01	   7.0227059533489289e-01	   6.0467695575142066e-01	   7.2553913655618352e-01	   6.9289589309636102e-01	   4.0999477237143173e-01	   3.6208071838833850e-01	   3.8223261774520984e-01	   4.7842807030956197e-01	   8.1076337051042624e-01	   8.2504941639400298e-01	   8.3160094129019491e-01	   6.0665502896692469e-01	   5.4219203622442580e-01	   6.1057576877345920e-01	   4.9191894530133096e-01	   5.5865034583222006e-01	   7.8439995964574338e-01	   6.7443038170617620e-01	   5.5776384104061671e-01	   5.6311610102894827e-01	   5.8370201291829638e-01	   4.3598387260500915e-01	   3.2212970767353122e-01	   6.6540036403221481e-02	   6.8383303216698677e-01	   5.7856525453452756e-01	   7.2701434997233694e-01	   4.4217358834844400e-01	   5.3353588934921237e-01	   3.0692273641445050e-01	   6.9205118956781686e-01	   4.1523281249265193e-01	   6.7724132931145420e-01	   6.1540777882448205e-01	   6.7934072047442962e-01	   5.9801622270943033e-01	   5.9520938964279768e-01	   4.5411735980242163e-01	   7.2519484008739299e-01	   4.9971412822773098e-01	   4.3096893756006738e-01	   4.5623461982745572e-01	   5.3810574695598190e-01	   6.0695151463742369e-01	   3.8380213677994351e-01	   6.8810108529361202e-01	   7.3687499265198442e-01	   6.1736818954857831e-01	   5.8314123152656339e-01	   5.2128556915177526e-01	   4.8985168285508368e-01	   4.2778172029467210e-01	
   5.2800416019600438e-01	   3.8746043663513619e-01	   5.3725331800902709e-01	   6.4412426316434379e-01	   6.6156016412916618e-01	   1.3891861633731237e+00	   6.3870243788482961e-01	   1.3159331720686462e+00	   6.8279957914677736e-01	   0.0000000000000000e+00	   3.9408997583460531e-01	   7.7651854211531612e-01	   4.2505563641172106e-01	   6.6621631151460847e-01	   4.2632170070493963e-01	   5.7157596763271179e-01	   2.9057906187387200e-01	   4.7111044079908226e-01	   7.5220675061318998e-01	   8.3605871030164958e-01	   4.6562371686935340e-02	   2.3744564370501126e-01	   4.4149917779899450e-01	   5.5909872043569553e-01	   2.7890337426564404e-01	   3.6793641156357776e-01	   2.3799369995685360e-01	   6.3748839490724329e-01	   3.3854891232714307e-01	   5.7324730964932291e-01	   5.1390179023828098e-01	   5.3854979933044655e-01	   7.3575998209698557e-01	   8.5566790036295681e-01	   2.8359869646457181e-01	   4.6342937382757393e-01	  -6.7217353937257711e-03	   2.0779929049518220e-01	   2.2815173007877759e-01	   4.0307023632660505e-01	   2.7910245914314319e-01	   5.0748148176674746e-01	   3.6314004072041300e-01	   2.5107863171569755e-01	   6.1192219104887868e-01	   7.0130842227589729e-01	   2.7182733698921485e-01	   3.7139631550397317e-01	   5.3583553858924748e-01	   3.5080823887386708e-01	   5.8213083760276951e-01	   3.4686666765309254e-01	   5.2374638955111763e-01	   5.8917403688571923e-01	   3.4668894772587611e-01	   4.1709818422042388e-01	   3.7450825175347402e-01	   1.8484745740635072e-01	   3.0468276321589505e-01	  -6.7165189033701583e-02	   4.0823732196587148e-01	   8.1331406884242785e-01	   2.4098632321698082e-01	   4.2533560377242019e-01	   6.4172578217768994e-01	   6.7250542523487078e-01	   4.2587789040648694e-01	   4.2498395070408462e-01	   6.4470323329668155e-01	   3.9810912671969700e-01	   2.9226776925695847e-01	   4.8095868920443652e-01	   5.0501680653207848e-01	   4.7004217905301116e-01	   5.0018154821664984e-01	   5.1024525317304248e-01	   3.5946143045040396e-01	   3.3081480391709223e-01	   2.0149093374682084e-01	   2.9197304030871374e-01	   3.9902987681448043e-01	   4.0784835487849724e-01	   4.5528748335239277e-01	   3.5155001426702936e-01	   3.1817448436020246e-01	   3.5630436860629772e-01	   8.9911981775589511e-02	  -1.4153360670473783e-01	   4.0288276716807431e-01	   8.7750406538184833e-01	   7.0563952401573560e-01	   5.5422645701499751e-01	   4.7492968820656345e-01	   3.0269297611962942e-01	   3.2390009029944256e-01	   1.1708194203295658e-01	   3.1963348643929818e-01	   2.8542785498550238e-01	   5.6831194197373092e-01	   4.7868452802406081e-01	   4.7628939419592958e-01	   4.0286025524465224e-01	   5.3067021450531215e-01	   4.1018735621550473e-01	   1.3416827034114404e-01	   2.7752711099054805e-02	   4.4059335448342729e-01	   3.9647552190105756e-01	   1.1751035168855919e-01	   4.3414688963010190e-01	   7.1134141196189660e-01	   6.6293982146465014e-01	   6.5943152900984259e-01	   5.0146525532835329e-01	   2.8467282366645080e-01	  -5.7470691089289344e-02	
   1.1409911965892372e+00	   8.3814177434737602e-01	   4.4515079547109593e-01	   3.5239581273692960e-01	   2.8574858455498758e-01	   4.4256599311965300e-01	   6.5027964963285145e-01	   5.0784408498523148e-01	   6.5910799172999368e-01	   3.9408997583460531e-01	   0.0000000000000000e+00	   7.8127025623188040e-01	   1.4203702239828755e+00	   1.2220628036789403e+00	   1.1816703757974540e+00	   8.7210830380466375e-01	   1.0121385333549298e+00	   9.7118005727778878e-01	   6.8146761398861533e-01	   5.3844185055720439e-01	   3.9481390425919094e-01	   5.2301303200565941e-01	   4.8577846303496219e-01	   2.5809803049654345e-01	   5.6724748414229853e-01	   6.5814811454486366e-01	   3.5834339549033023e-01	   5.6706789858581874e-01	   1.2263694192764081e+00	   9.8470294917699663e-01	   4.7024948226349705e-01	   3.2778884052613866e-01	   7.9564924129906434e-01	   6.6835440533947132e-01	   1.2829694051788054e-01	   2.0340853745990695e-01	   5.0515253097471324e-01	   5.6309180022815974e-01	   6.6679569100777714e-01	   7.0348032614642353e-01	   7.4852779520034562e-01	   8.8517026839892121e-01	   6.9219229618523992e-01	   6.5633553463523508e-01	   6.4346874428302692e-01	   6.6159175275903936e-01	   8.4209701755874833e-01	   8.3905966274807109e-01	   5.9314982356302648e-01	   1.7944857782442961e-01	   5.9047446636478784e-01	   2.7955110039522374e-01	   6.2774208755557304e-01	   1.2601863988648365e-01	   8.8496182588436412e-01	   9.3919303943312316e-01	   6.8703216317390892e-01	   6.6569825663763194e-01	   5.5267614390576136e-01	   1.2315984569091279e-01	   9.5396122033183461e-01	   3.2695317110672734e-01	   9.8047760254805971e-01	   8.8825721248521605e-01	   5.3080498068264881e-01	   2.4445819470539626e-01	   5.3203162690595662e-01	   4.2645232420674861e-01	   3.9396275875683295e-01	   3.3696032313667806e-01	   4.7078550374353972e-01	   5.9278005043764859e-01	   8.9714250820336972e-01	   9.4188048737094388e-01	   8.7041538002776453e-01	   8.4879490873704644e-01	   6.1037740424934972e-01	   5.6933958806351548e-01	   5.8667757727430059e-01	   7.8908368153638309e-01	   9.7987952215054674e-01	   9.4465973886308963e-01	   9.7515736194156022e-01	   9.5068124572146717e-01	   6.0281692088343941e-01	   4.3299569929071335e-01	   6.0657586662089336e-01	   2.1988151574445766e-01	   7.3762781208415551e-01	   5.2905716843856165e-01	   3.9352397868600281e-01	   2.1319874272093076e-01	   2.1286935270663010e-01	   1.7298722235020458e-01	   6.1556287642635210e-01	   4.4213682592873482e-01	   9.0270490892995292e-01	   7.5392049975664643e-01	   6.9921657954472438e-01	   7.2310784253854088e-01	   2.9309798525644354e-01	   4.5965078134220638e-01	   4.8681294602161779e-01	   5.5939080668813834e-01	   4.6591499003241899e-01	   5.0864551914584510e-01	   4.8724199406543850e-01	   4.0372121175092385e-01	   4.8943990709737328e-01	   6.9945195507668068e-01	   7.7703257176961782e-01	   8.1113173182223486e-01	   7.2154727082366255e-01	   5.3686921653229436e-01	   5.9284627374415888e-01	   3.6670547288675426e-01	
   7.4043822838895423e-01	   6.3968270719172293e-01	   4.1788401033962319e-01	   6.3421598538388868e-01	   5.0552651856357556e-01	   7.2452370587534642e-01	   6.1934631732769474e-01	   9.7455662877051841e-01	   6.4641888780535128e-01	   7.7651854211531612e-01	   7.8127025623188040e-01	   0.0000000000000000e+00	   7.3858794759289115e-01	   1.3120085133692638e+00	   6.9951764742972178e-01	   9.5908980691835055e-01	   6.1223410441016091e-01	   8.8124850842830826e-01	   7.3008577142771014e-01	   8.6754217104788767e-01	   2.1791183317070445e-01	   3.3668610479633110e-01	   4.7358674452546667e-01	   6.3126363466299040e-01	   4.3199827335380098e-01	   6.3310627135222119e-01	   3.0132991147942106e-01	   7.0270104514584719e-01	   8.1673464217205105e-01	   1.0568999498133256e+00	   7.3030965131553305e-01	   7.6126423816608968e-01	   9.2236762587587739e-01	   1.0338659907504146e+00	   1.0567842021842061e-01	   3.0536817090126489e-01	   2.6585246020597836e-01	   4.2551568099631570e-01	   5.2123324615438760e-01	   6.9313659700006391e-01	   5.7687048708412292e-01	   7.9971904528257554e-01	   4.6395031541772069e-01	   4.2012419908197873e-01	   6.0924068433819678e-01	   6.2437945817603679e-01	   4.2353981525862633e-01	   5.5783725954189267e-01	   4.9610566692363939e-01	   2.7958132836940253e-01	   6.5114366803676960e-01	   3.2295361937958061e-01	   5.3190919129908820e-01	   3.5702137488819236e-01	   4.3485564465491866e-01	   5.2603458284936788e-01	   5.4291574212935223e-01	   3.9074400788865571e-01	   4.0885722785192052e-01	  -7.4695277236113564e-02	   5.8053946611465435e-01	   5.0392331681792080e-01	   7.2874169728952598e-01	   8.9471076605706856e-01	   5.7450460898880196e-01	   3.5871387567122698e-01	   5.0632294665242883e-01	   4.1055695550694232e-01	   5.2760556741075515e-01	   3.4486550497905233e-01	   3.3012819883171579e-01	   4.6444064008279851e-01	   7.5284730546116563e-01	   8.2245044955123858e-01	   7.4025746309355367e-01	   6.7951051862976919e-01	   4.0343155063914893e-01	   4.2425808781513591e-01	   4.4609689075871467e-01	   6.3754325350069918e-01	   8.0033949365719459e-01	   8.0677464922742859e-01	   6.9629359676738045e-01	   5.9310724301684281e-01	   4.9244351431368760e-01	   6.2745146236828053e-01	   3.0037260671885707e-01	   1.2335732875698005e-01	   5.8801912414594870e-01	   6.6772231492135248e-01	   5.1275229248722831e-01	   3.2787338258681759e-01	   3.9178174632788576e-01	   2.5253642591943659e-01	   3.9085190011546844e-01	   2.7520954405917630e-01	   5.1060354963467947e-01	   4.2507121086775190e-01	   5.1682607701403316e-01	   5.9250579501062561e-01	   2.4765714463153649e-01	   3.5057395158697990e-01	   3.2329188815493259e-01	   5.0670665032738627e-01	   2.5035874117267609e-01	   2.2059941244218192e-01	   4.3868957583336815e-01	   4.5205162285738809e-01	   2.0107984956473920e-01	   5.1772898588357386e-01	   7.9684403736615417e-01	   7.6477677568821700e-01	   7.6848231051260907e-01	   6.2826556867935768e-01	   4.2846145022591253e-01	   6.6265473926328256e-02	
   1.1086597776772553e+00	   7.8039187553533407e-01	   4.8286755147291782e-01	   3.1310168708640890e-01	   2.5389444517557114e-01	   4.4999920315699721e-01	   7.1905892104873048e-01	   5.7522578991485751e-01	   7.2791099987763797e-01	   4.2505563641172106e-01	   1.4203702239828755e+00	   7.3858794759289115e-01	   0.0000000000000000e+00	   1.1795913559840594e+00	   9.3001692635670818e-01	   7.5124338477404606e-01	   9.3219674250539886e-01	   9.2007107164522117e-01	   6.6513331809629550e-01	   5.6079562694290308e-01	   2.9479449165941296e-01	   5.0344081612999458e-01	   4.2508930699315312e-01	   1.9519541955153535e-01	   4.7889775908675869e-01	   5.4878658124864510e-01	   2.8574292231182630e-01	   5.6727253035205838e-01	   1.2211161405310069e+00	   9.4665408441843035e-01	   4.7016621724307539e-01	   3.2590644078746528e-01	   8.3072061188377444e-01	   7.2616988821111406e-01	   9.2321124684470193e-02	   1.8961670357006244e-01	   5.3496411176345904e-01	   6.4580673016951251e-01	   7.4829012072836554e-01	   7.6944188620448117e-01	   6.9392583491701076e-01	   9.1115032346654523e-01	   6.7376538462231883e-01	   6.4269801826810602e-01	   6.5658435184656128e-01	   6.8714683389415065e-01	   8.2335542304093412e-01	   8.3601799739694393e-01	   7.1412486094580385e-01	   2.2577771469537397e-01	   5.6269185631943497e-01	   3.0348800162992656e-01	   5.7548643429395174e-01	   4.8210295565645621e-02	   9.2221012232067145e-01	   8.9608573429473248e-01	   6.3080451856804298e-01	   6.4199505380014976e-01	   6.9171019644114884e-01	   1.6187390883856273e-01	   1.1650217381440955e+00	   4.2805033162044370e-01	   1.0028474226000097e+00	   8.6003238112657709e-01	   5.5985588314797119e-01	   2.3128449347377392e-01	   6.6269537623088770e-01	   4.9250638081390008e-01	   4.0327145456560431e-01	   4.7351993316769342e-01	   4.4727215877786258e-01	   5.3523896420801143e-01	   9.6568795889603887e-01	   1.1094836797846397e+00	   1.0337567366082878e+00	   9.2040116044662090e-01	   6.0950793185935259e-01	   6.3283750671967620e-01	   5.9389680130648059e-01	   7.6828099939820194e-01	   1.0385818531645643e+00	   8.3742079037232919e-01	   6.9718662881274196e-01	   7.6255666631763719e-01	   5.1008777207137124e-01	   3.5149965108609849e-01	   4.1093203341448425e-01	   1.7972041814906267e-01	   7.4273671059549951e-01	   5.4057148484187789e-01	   4.1742389844628514e-01	   2.0645433048579312e-01	   1.5220740100989769e-01	   9.2547016258680601e-02	   7.1785116491006773e-01	   3.9714124920723731e-01	   9.5765537698251479e-01	   7.4431398159382833e-01	   7.3228417818669367e-01	   7.1599220398094254e-01	   3.6477069580574539e-01	   4.9325606296906477e-01	   5.6489736310232230e-01	   6.4416232760528436e-01	   3.7830764143196305e-01	   4.2816300289519282e-01	   3.7546596379454023e-01	   4.0921813302967591e-01	   5.9558024872568760e-01	   7.7303436211002885e-01	   7.7711208904427875e-01	   8.2351911355621810e-01	   7.3166995653677980e-01	   6.2525396949668932e-01	   6.1662885766276243e-01	   3.7953293152862100e-01	
