   0.0000000000000000e+00	   4.1438397359512358e-01	   4.6611794923620481e-01	   3.0585034410685402e-01	   6.3838163295035000e-01	   3.2993877231324187e-01	   5.0469845078555142e-01	   4.3080901184212511e-01	   5.0956230440942174e-01	   1.8517053692546154e-01	   5.8499979759794818e-01	   5.2128541855960686e-01	   4.6553121145505383e-01	   3.4985259230544730e-01	   6.8343770650652536e-01	   3.6091737879044156e-01	   2.3397692160451089e-01	   4.1531201242713855e-01	   1.0393769025032822e+00	   5.2897189257140076e-01	   4.2853302867820198e-01	   4.2873428592705043e-01	   3.5682372821312752e-01	   1.3075972946484032e-01	   1.1185982556497058e-01	   7.4681690972450393e-02	   2.5461867063661636e-01	   2.7309790435176967e-01	   4.8427031768533257e-01	   4.3891434631550541e-01	   2.7229714322161042e-01	   4.5674920266477498e-01	   6.3292536805969524e-01	   7.3061302989890420e-01	   1.2337419691524434e-01	  -5.5024949425852711e-02	   5.2194989101941458e-01	   5.1018952044086907e-01	   5.9556719017726678e-01	   6.4167086156975206e-01	   6.7431208595348524e-01	   6.4668420559190087e-01	   2.9105241262334003e-01	   2.7385763202952185e-01	   1.9720441007113784e-01	   3.4307295359760331e-01	   4.3438745184434246e-01	   3.3777900115863951e-01	   5.1186509248871914e-01	   4.8878004501890915e-01	   5.9433410464874914e-01	   3.9731784152851779e-01	   4.8893021709667617e-01	   8.3193797303013226e-02	   7.2198920901399022e-01	   6.8901799863353153e-01	   3.4313647531092439e-01	   2.8176550723951704e-01	   5.1407238262949084e-01	   3.1725894414969397e-01	   5.2511062801450292e-01	   3.5256833960951084e-01	   4.3855872471385671e-01	   5.7686309432929417e-01	   2.1275201612709882e-01	   1.5282705322969942e-01	   3.0521141539588664e-01	   3.2587459367779997e-01	   2.1418864295267870e-01	   6.3230222038273109e-02	   6.6802069488028226e-01	   3.7309438443695297e-01	   6.7377099974553811e-01	   4.7857744948214204e-01	   6.8252020244815415e-01	   5.6204660769176507e-01	   5.3904730091824649e-01	   4.4766478011899885e-01	   1.0399203994999229e-01	   2.3143032560776000e-01	   2.7876315354306930e-01	   3.9456956030206802e-01	   5.5899977088691710e-01	   7.5502149218401249e-01	   5.5542097785461952e-01	   5.0839176858490231e-01	   5.7405556685334591e-01	   6.9985711775313086e-01	   7.0836383140303238e-01	   5.0117747269204016e-01	   4.3428527831664926e-01	   2.9346776774833944e-01	   3.3046708878093695e-01	   3.4150407210884920e-01	   2.0969004510050629e-01	  -2.3147416733613496e-01	   5.8054224812424371e-01	   5.4624323600333657e-01	   8.1915358212331157e-01	   7.1144673643661860e-01	   4.2540179858126936e-01	   4.9682204386576623e-01	   6.6697777387157864e-01	   6.2589791274944584e-01	   4.4938938484226398e-01	   3.2374182063044704e-01	   4.1019434581768632e-01	   6.3590065798869411e-01	   1.0887658221443919e-01	   4.9250310428791255e-01	   6.4896415743955538e-01	   7.1593389027292942e-01	   6.2722958207042701e-01	   4.8536824061235756e-01	   5.9791746599260986e-01	   3.2892310146067150e-01	
   4.1438397359512358e-01	   0.0000000000000000e+00	  -1.2972208956166800e-01	  -2.0361052562659457e-01	  -1.7662132954925525e-02	  -6.1347680649315617e-02	   3.2461139340929784e-03	  -9.8194330966917445e-02	   1.0480307165169315e-02	   1.5564819181654016e-01	   1.5562679668852175e-01	   3.1836676733932234e-01	   6.6428263957747979e-02	   1.4432204638371782e-01	   2.8599449637718449e-01	   4.2330695536593554e-01	   7.1546749306045088e-01	   8.9940104313897962e-01	   3.3823641221634659e-01	   1.0540917717646934e+00	   3.4465408212685944e-01	   2.6003422819622540e-01	  -2.4030277887621260e-02	  -1.2326584036383353e-01	   5.1542428793616750e-02	  -9.6421795168968594e-02	   3.9866367107198333e-02	  -1.0575274020432777e-01	   4.4894234769144359e-01	   7.3177045039703537e-01	   1.9803521862673751e-01	   5.0631261462941016e-02	   4.4593658413056325e-01	   4.7169745216743758e-01	  -1.0097425284767793e-01	  -1.8059419398446117e-01	   5.2493439949278153e-01	   4.9866857633314898e-01	   6.9707848297055797e-01	   5.4386107568278930e-01	   4.6776398855158380e-01	   4.3807125945467684e-01	   1.3774710983746996e-01	   2.5574695906737510e-01	   2.3758591648706431e-01	   2.4265066306716110e-01	   5.1447631147109774e-01	   6.6927975414591900e-01	   3.6415324385630327e-01	   2.7923337752109945e-01	   1.7829820420307380e-01	  -8.4010903709276150e-02	   4.6374022390461284e-01	   4.4340408816146926e-02	   6.7222382448751794e-01	   6.4933493789445840e-01	   1.1000351113930933e+00	   1.3028807299046496e+00	   4.8640203604768249e-02	   3.1581946589485765e-01	   8.6117809956305441e-02	  -4.2528635584482159e-02	   7.4057130228820311e-01	   7.2676659995836101e-01	  -2.9668681695868518e-02	  -2.6783116108115212e-01	  -1.2220587990359992e-01	  -5.9386558365461986e-02	   1.1827910248852040e+00	   8.9948262274348934e-01	  -3.0432807161001291e-06	  -1.4419057081583253e-01	   2.0342222262449997e-01	   3.4650889074146191e-01	   1.8339431856255603e-01	   3.4186575744005132e-01	  -6.3264681896434805e-02	   3.7605708604074833e-02	   5.0865360348898170e-01	   1.0192024782358624e+00	   1.0320550345260175e+00	   1.1441026694608025e+00	   8.2098912597238227e-01	   7.6781810708249132e-01	   6.7922770320420434e-01	   8.3338235240661374e-01	   7.7221317099659936e-01	   6.4121887662239863e-01	   5.2799271615946097e-01	   3.4736331016783911e-01	  -2.7811085913224825e-02	  -2.8664632353400776e-01	  -7.5319396709645672e-02	  -2.6811527993490752e-01	   3.4242284792351030e-01	   2.3556218904505477e-01	   9.0710422162418358e-01	   5.7221425693166705e-01	   5.2943086573903453e-01	   2.0272715801660426e-01	   6.7995266817553579e-02	  -1.5327212241825938e-01	   4.8891066653467519e-01	   1.5434737545968313e-01	   2.0905604497190233e-01	  -1.4805115574762771e-02	   7.8099844036070162e-02	   6.1031339205187232e-02	   6.5199527658609521e-02	   2.2667178508865468e-01	   6.4786196665801554e-01	   4.3095815142896182e-01	   1.7953760911281064e-02	   2.1569647616900192e-01	  -4.0626172606463493e-02	   1.2103053690589002e-01	
   4.6611794923620481e-01	  -1.2972208956166800e-01	   0.0000000000000000e+00	   8.6072380486820266e-01	   1.0918446782904176e+00	   5.4554958705168233e-01	   7.5002242141713948e-01	   5.3906264068205401e-01	   6.7423272069544760e-01	   1.3159843844761404e-01	   3.4046210533831173e-01	   9.7369758507729210e-03	   2.0684340726024703e-01	  -9.8382582738440957e-02	   5.4366510961363701e-01	   5.4752261001273797e-02	  -3.7693208287123697e-01	  -1.9929278188704952e-01	   4.7872351956289083e-01	   1.4742739816586758e-01	   5.9182893597596556e-02	   8.4470604916695349e-02	   1.4843818722350439e+00	   7.9370492349985622e-01	   4.6076658562826017e-01	   6.2361233297706531e-01	   3.3884751106536598e-01	   6.4309522498715677e-01	  -1.3959294740548286e-01	  -2.6615611969623937e-01	   4.5244845571806480e-01	   6.1654393275835984e-01	   5.7257610570322781e-01	   5.0518282720977359e-01	   7.5040806019495143e-01	   6.6276613390146044e-01	   9.1119739646884079e-02	   6.5853468678972391e-02	   6.0721779082824182e-02	  -1.6377937601060422e-02	   7.9678942890969801e-02	   5.4917050474040829e-02	   9.4621205032786093e-02	  -3.2972731400383896e-03	   1.9637695847384121e-01	   1.4752512080219948e-01	  -4.5429797157361833e-02	  -1.3601964885468265e-01	   1.4847452882832460e-01	   9.5899222967315761e-02	   5.9904216492503948e-01	   5.6396138710050736e-01	   2.2443925225955166e-01	   3.9819048646656152e-01	   1.3799807257649718e-01	   1.4679026880234256e-01	  -3.2492632383639403e-01	  -2.4188385453831185e-01	   4.4761674883480151e-01	   7.4195813130998697e-02	   3.9085529415469789e-01	   2.8139127015785309e-01	  -2.2287606752252284e-01	  -1.4912787336639932e-01	   1.0098422096104032e+00	   7.9667041482971535e-01	   1.1060506881870260e+00	   8.3606009910156787e-01	  -1.8857957401257722e-01	  -1.0788771038283340e-01	   4.7442072421759013e-01	   3.0511370723232017e-01	   1.5465929807612536e-01	   3.6631035361765346e-02	   2.9168255551903910e-01	   1.7252280345051019e-01	   5.0096262298313887e-01	   2.9678296419258904e-01	  -2.9539319810692893e-01	  -1.8663811918109791e-01	  -2.5737975783086520e-01	  -9.4589820568365818e-02	   1.1170646120986850e-01	  -2.5072622996654137e-03	   3.2170387337263445e-01	   1.8318601636140877e-01	   1.2546877122474309e-01	   2.7482874122856071e-01	   4.4151407854691538e-01	   4.7262845179349400e-01	   6.6888709515467071e-01	   9.3701517005092083e-01	   6.6747602325917510e-01	   1.0573472822232020e+00	  -1.3037823810245822e-01	  -9.9544088813839290e-02	   1.8153751541625607e-01	   1.6976527770413924e-01	   3.6389434320351471e-01	   5.1606185591843423e-01	   3.7064600162009292e-01	   8.1841428258898996e-01	   3.4812548630795537e-01	   4.6646304723531390e-01	   5.5037669213657470e-01	   5.1800453453050377e-01	   4.6923561585438633e-01	   5.0414285556512284e-01	   2.0062290265589278e-01	   3.1811243402870670e-01	   2.8160857171920178e-01	   5.2941860668625251e-01	   7.1667432301469092e-01	   4.9546993347178947e-01	   6.5781528083026275e-01	   2.5114715345910710e-01	
   3.0585034410685402e-01	  -2.0361052562659457e-01	   8.6072380486820266e-01	   0.0000000000000000e+00	   7.9682722202810785e-01	   9.8758424204766115e-01	   6.4931215299170586e-01	   1.0329253524976245e+00	   7.1782706370550009e-01	   4.1040613205371640e-01	   2.4017980894254065e-01	   2.2428704591384541e-01	   1.1411675199810895e-01	   7.3500281772685111e-02	   4.5328225359118213e-01	   2.7034018272537275e-01	  -4.4860697792489956e-01	  -3.0815681663920091e-01	   3.9154958685845120e-01	   1.6644418228265609e-01	  -1.7898221147094363e-02	   1.3676066441551654e-01	   1.0205996986188357e+00	   1.3129711924125536e+00	   2.5737898053008573e-01	   6.5771255111783244e-01	   1.0368502997271889e-01	   5.9442960547834534e-01	  -1.6198348991872205e-01	  -3.6846983174533215e-01	   4.1734799020659591e-01	   7.1664230487492553e-01	   3.1858948337492854e-01	   5.6949671827628046e-01	   4.4043847211704407e-01	   5.9224236677522590e-01	   4.0260391604825821e-02	   1.2989207772276726e-01	   2.1880668281421517e-02	  -1.6940783961487595e-02	  -3.1714252478668520e-02	  -1.3747642880937902e-01	   5.8357860269492655e-02	  -2.8891315356378920e-02	   2.8297324608816993e-01	   2.4129334212957165e-01	  -7.3884604639788604e-02	  -9.4161082856169170e-02	   1.6243740791962646e-01	   1.9901183670328756e-01	   5.0583131915363122e-01	   6.8615707818359106e-01	   1.8465231558782830e-01	   4.2914657317144833e-01	   1.2618365447231919e-01	   1.2040151640531520e-01	  -3.9690987449638182e-01	  -2.8347244424553875e-01	   4.1108505673425055e-01	   1.4969994576354581e-01	   3.6722939082575179e-01	   6.0066690843133741e-01	  -3.1180678484208901e-01	  -6.1794444304074457e-02	   8.4692762726537851e-01	   1.4818166883007886e+00	   8.0273097713497821e-01	   9.7997920310751707e-01	  -2.0257707775266723e-01	  -1.6311770984266484e-02	   3.6686323890334527e-01	   4.0840515327580618e-01	   5.9910414289961474e-02	  -1.9663231002764583e-02	   1.7720808475197056e-01	   7.0173548780915251e-02	   3.6463935935260167e-01	   3.5616581806712660e-01	  -2.0138737672326423e-01	  -2.8430501641431516e-01	  -2.1449787583884272e-01	  -6.3339154516235133e-02	   7.6541128522050098e-02	  -6.6762570053229414e-02	   3.4888855777959615e-01	   3.5191349614603745e-01	   6.0465601767685763e-02	   1.8447502566840571e-01	   4.1278671370110742e-01	   6.0772792278500254e-01	   7.6282686371925590e-01	   6.4275330185824631e-01	   1.1075424195874692e+00	   6.7064719810687567e-01	  -3.3238459792316083e-01	  -1.2136692540304561e-01	   7.0819508387450658e-02	   1.2929417595859222e-01	   3.1472189148812246e-01	   3.4462097300663463e-01	   5.6205782892846934e-01	   6.9142045159096621e-01	   3.4541657702624051e-01	   4.6248620154760833e-01	   5.1732961456320381e-01	   3.1956996202355836e-01	   5.7956137692929366e-01	   4.6050042745630870e-01	   1.6933432359175171e-01	   3.1313132602228477e-01	   2.2878614472879216e-01	   3.6793305790356651e-01	   4.8846390092103353e-01	   6.2113092979912266e-01	   6.1339780442651792e-01	   2.2965574932552402e-01	
   6.3838163295035000e-01	  -1.7662132954925525e-02	   1.0918446782904176e+00	   7.9682722202810785e-01	   0.0000000000000000e+00	   9.8789422009918448e-01	   9.9782731840715422e-01	   7.4720752674889401e-01	   1.0569504397978409e+00	   4.4694319141041783e-01	   5.2636230640421933e-01	   3.0791844334833840e-01	   4.9877269985931350e-01	   2.6065959541432165e-01	   7.5011669661490210e-01	   3.2722779880586461e-01	  -1.6814161963312732e-01	  -1.8130153455611048e-02	   6.9532988033481924e-01	   3.4515473735115498e-01	   1.3256431253834988e-01	   1.4209874560788571e-01	   8.6385815878695138e-01	   6.0317377237579550e-01	   2.1086740907471579e-01	   3.5420965561007273e-01	   2.6065427192442314e-01	   6.7125065446693921e-01	   1.0198986060779223e-01	   3.1668688841383255e-02	   2.9882065717987888e-01	   5.3241859245396594e-01	   5.9401924650275306e-01	   6.9396547294954136e-01	   4.4349720737351606e-01	   4.2769096401759993e-01	   1.2339449892362137e-01	   1.7773754649078674e-01	   2.0077691468565487e-01	   1.5494598377115154e-01	   2.1146078333835824e-01	   1.3703666090755343e-01	   2.5556872336518976e-01	   1.8613730776005558e-01	   3.7314711285971625e-01	   4.1752210168811277e-01	   2.0349249717471501e-01	   1.5425574312809426e-01	   4.3457977456542674e-01	   4.3462812463315537e-01	   6.0457165959083148e-01	   5.6802414675842494e-01	   3.4270917691598357e-01	   3.1519115733050085e-01	   3.3827820273215364e-01	   3.7875082299596552e-01	  -1.1532608483582917e-01	  -1.2164726947450222e-01	   6.2346607215376526e-01	   1.8776092100714759e-01	   7.8496514779993154e-01	   5.1267887708320892e-01	   7.5069161700648630e-03	   8.6086489092577489e-02	   6.6606644869456977e-01	   6.2316111467654145e-01	   8.1428758752667763e-01	   7.5558995167261445e-01	  -9.9266523717817350e-03	   7.5264211029371598e-03	   5.5636168765191518e-01	   4.0159555968452287e-01	   3.2686333806606399e-01	   2.1040881791035579e-01	   3.8266318307783576e-01	   3.0700280155843046e-01	   3.8118562659331023e-01	   2.8879535476142881e-01	  -1.9406030370048771e-01	  -1.2718444773777400e-02	  -6.1641811182531731e-02	   9.8414856743872015e-02	   1.4053687669138515e-01	   1.8540038542828705e-01	   3.2365931692053651e-01	   2.6997401718613029e-01	   7.9086755584037063e-02	   2.7373443596570918e-01	   5.6117342395295755e-01	   5.6354717870901372e-01	   7.6426075920254821e-01	   9.6337377580293548e-01	   8.2689381169011911e-01	   1.0118768750132197e+00	  -7.0929187425750800e-02	  -1.6052698359624037e-01	   3.2003829462866462e-01	   3.9429392529620694e-01	   5.6815167259749555e-01	   8.2981787829181197e-01	   6.2578984152717476e-01	   8.9281371257720887e-01	   6.0117214417489218e-01	   6.5661517517061707e-01	   7.4880574079661932e-01	   5.7706625824832214e-01	   5.1332379512131077e-01	   6.8890993538187850e-01	   1.9546683502319859e-01	   3.9495393111405508e-01	   4.9466955126904899e-01	   7.7279149239449119e-01	   7.9518557559600866e-01	   5.8678930243447214e-01	   7.0060108635682972e-01	   3.7590965283315853e-01	
   3.2993877231324187e-01	  -6.1347680649315617e-02	   5.4554958705168233e-01	   9.8758424204766115e-01	   9.8789422009918448e-01	   0.0000000000000000e+00	   1.0118218894031836e+00	   1.3403680928868200e+00	   1.0875100508345519e+00	   1.0433659090173952e+00	   3.2912354467611105e-01	   5.0904044119238334e-01	   3.8216032622811336e-01	   4.3138091955649910e-01	   5.4006251921043158e-01	   5.2162878827590142e-01	  -2.7422958136721587e-01	  -1.4529728137979775e-01	   4.8556740043900426e-01	   3.7429261205512870e-01	  -1.1119668437217260e-01	  -1.9499940961088501e-02	   5.5726734153398794e-01	   6.3776164666898305e-01	  -1.0818467159211759e-01	   1.6037505938126925e-01	  -1.3817269455546777e-01	   3.5551640054308581e-01	  -3.3403690145187313e-02	  -9.5088560685547246e-02	   1.5101735462007779e-01	   4.0072105790325385e-01	   2.8627586385801784e-01	   6.1128784148541926e-01	   1.9108237382529872e-01	   3.2612654823550330e-01	  -8.1939889098966365e-02	   6.2430036454782012e-02	   3.4785026095987104e-02	  -1.3815364578140353e-02	  -2.8946785795296647e-02	  -1.7349777072291470e-01	   1.4687861879471070e-01	   3.3359817877468147e-02	   4.1399233437394173e-01	   4.2951615774809404e-01	   1.3083396316091098e-01	   1.1248332610833255e-01	   4.3088183667273311e-01	   5.6024225755273260e-01	   4.7218769969909780e-01	   5.0997255580794942e-01	   3.0296060669808450e-01	   3.3308407572223458e-01	   2.2025074978750198e-01	   2.8944029226626899e-01	  -2.1405500509050282e-01	  -1.8161247414764145e-01	   6.5339804238605137e-01	   3.3504413737667799e-01	   8.6572358318717679e-01	   1.0679959003700379e+00	  -1.1309048450168727e-01	   1.7360322173196679e-01	   5.5375200237112276e-01	   7.2637219446073853e-01	   4.5662507851382078e-01	   6.0988140796782087e-01	   7.7348072361456202e-03	   1.2816534289591594e-01	   3.6093832886055294e-01	   3.2195343217276634e-01	   6.7445797738263799e-02	   1.8521875669754259e-02	   8.9885644078980947e-02	   7.8974740875102589e-02	   1.3736241337324429e-01	   1.9602163869978123e-01	  -1.6442468531726542e-01	  -1.1385988897895648e-01	  -8.5274202462654686e-02	   8.2679775774718106e-02	   1.5639703608410094e-02	   1.0039430148690416e-01	   1.8586223320252560e-01	   2.9389057548675257e-01	  -7.9481607854919090e-02	   9.9145393022323239e-02	   4.5578177018011912e-01	   7.4289721073232307e-01	   9.3587064081417981e-01	   7.0937555311990730e-01	   1.2390617166487712e+00	   7.1152498507997619e-01	  -2.9749859697247488e-01	  -1.3242947066782296e-01	   1.1879861514820464e-01	   2.5338550937076393e-01	   5.1115270560892057e-01	   4.9016364112811334e-01	   9.7475387269248315e-01	   8.3296200854455127e-01	   5.6895206005906096e-01	   6.4685203581764217e-01	   6.7665523910440994e-01	   4.3594224504028523e-01	   6.1706989209578367e-01	   4.6297591245262132e-01	   1.4087479094157690e-01	   3.2436072604087207e-01	   3.0927704981739002e-01	   5.7995503828386985e-01	   6.1728688780008600e-01	   6.8851645130300931e-01	   5.8047716566864049e-01	   3.2007069278009365e-01	
   5.0469845078555142e-01	   3.2461139340929784e-03	   7.5002242141713948e-01	   6.4931215299170586e-01	   9.9782731840715422e-01	   1.0118218894031836e+00	   0.0000000000000000e+00	   1.1475091562918023e+00	   1.5814308079565753e+00	   8.2491866522842183e-01	   5.6627698504197155e-01	   4.5134339141125845e-01	   5.7770720310659840e-01	   3.6889278972207662e-01	   6.0203956429643601e-01	   4.4241511758979818e-01	  -2.3518006828643900e-01	  -9.3661968350000777e-02	   7.8299163116808002e-01	   4.4491652412224048e-01	  -2.5218113259710490e-01	  -2.2918592700029325e-01	   6.3068902088509371e-01	   4.2681685595304175e-01	  -2.5628178072539598e-01	  -8.0037229872823121e-02	  -2.2871497999020013e-01	   1.5665718860695954e-01	   7.8722346915597832e-02	  -2.0613863790890939e-02	   3.6974907775460558e-02	   2.6343796377022394e-01	   3.7507601120024231e-01	   5.2279500871614670e-01	   6.0684251151489794e-02	   7.9328952831960425e-02	  -1.2796974151870602e-01	  -6.5555215321604660e-02	   6.1654472916864616e-03	  -8.1140698037164796e-02	   2.0331446867489892e-02	  -8.5439656436014949e-02	   1.1487016839374396e-01	  -2.3682538732402517e-03	   3.5733378095764717e-01	   3.9904598877110137e-01	   1.7993268058788250e-01	   9.4188156363904721e-02	   4.8825823812583835e-01	   5.5967789840327575e-01	   4.5302356661002419e-01	   4.6700765799951549e-01	   2.6022531131864601e-01	   2.1811703602767329e-01	   2.9683811626509260e-01	   3.5525988442382622e-01	  -2.1380357168988007e-01	  -1.3456441050641610e-01	   6.2061699676491555e-01	   2.9940247513028312e-01	   8.9306373961778807e-01	   8.1265686605979426e-01	   8.4982424109977639e-02	   2.7898447993221276e-01	   5.4425471980938778e-01	   4.3875005168570114e-01	   3.7514878849312033e-01	   4.2173671810500379e-01	  -6.3092790500230270e-02	   2.3900707887481953e-02	   5.8045040563908501e-01	   3.9286288627580307e-01	   2.5554940678024729e-01	   1.7803489300403258e-01	   2.4453829893356949e-01	   3.0236072522400664e-01	   3.4570467272255628e-01	   3.0697929369644378e-01	  -2.9237436675226780e-01	  -1.1040435567537629e-01	  -1.3747053978070722e-01	   6.3510733845507594e-02	   5.0346473612815933e-02	   1.8565998019849592e-01	   1.7376516848773876e-01	   2.9832698843394978e-01	  -1.5314807949156625e-02	   1.6951262986912116e-01	   5.0455907977971559e-01	   7.3649356268963861e-01	   1.1563124404477805e+00	   1.0727337482007022e+00	   9.6403490189796148e-01	   9.9952992608159319e-01	  -2.0312708463677195e-01	  -1.2876812169163368e-01	   1.7239903370418941e-01	   2.0543613746226200e-01	   7.1276433272295303e-01	   8.1816782372614683e-01	   8.5282971534417062e-01	   1.2218788496361657e+00	   7.1847677667369148e-01	   8.8100785217284927e-01	   6.9004573819204151e-01	   5.1543830391977297e-01	   5.8514113681960445e-01	   5.4895352262399355e-01	   1.6878786259063500e-01	   3.7204439216341362e-01	   3.0893268244545280e-01	   8.2011104250477196e-01	   8.7076082381072317e-01	   6.9806191501750614e-01	   5.9925809119342266e-01	   3.2066479599823466e-01	
   4.3080901184212511e-01	  -9.8194330966917445e-02	   5.3906264068205401e-01	   1.0329253524976245e+00	   7.4720752674889401e-01	   1.3403680928868200e+00	   1.1475091562918023e+00	   0.0000000000000000e+00	   1.0917505013737123e+00	   9.6364251616400365e-01	   4.8742410682173720e-01	   6.4585552105090072e-01	   4.3974525027528244e-01	   4.6606004349772046e-01	   5.2322479954947765e-01	   4.9650556060169165e-01	  -2.3475989004955036e-01	  -1.3640955178781503e-01	   6.2315518031862216e-01	   3.5066960966011940e-01	  -2.0406930907566545e-01	  -8.2971685659006658e-02	   5.2918257570190363e-01	   6.2352798815023547e-01	  -2.1385866817136057e-01	   8.2051333640070168e-02	  -2.3599800247545744e-01	   1.9530940408684672e-01	   5.7627090944549410e-02	  -8.3840735264065311e-02	   1.6157262053025956e-01	   4.5590912085006963e-01	   2.8396960716389363e-01	   6.2435243710185451e-01	   6.6010739271849500e-02	   1.8059683430942558e-01	  -8.7201538214738500e-02	   4.0954170024771079e-02	   1.8065481865539846e-02	  -3.0260819012617523e-02	  -1.8603788871574888e-02	  -1.2241127198270940e-01	   1.8440535360700785e-01	   7.3645277156889635e-02	   4.1037678555370838e-01	   4.5569349052008207e-01	   1.4129260394074400e-01	   8.8538582664887414e-02	   3.9609425577705332e-01	   5.6205042698293628e-01	   4.7426683031562850e-01	   5.8838086405895484e-01	   2.6286112847808774e-01	   3.1918450819018052e-01	   2.4558619948715249e-01	   2.9511212947712834e-01	  -3.0472817395380586e-01	  -2.6696639439757830e-01	   5.3909397544366588e-01	   2.8658474740039730e-01	   6.8367453756458507e-01	   1.1404850326050180e+00	  -7.2486355837419109e-02	   2.5600124102185967e-01	   5.2225668658615121e-01	   7.6488716366726617e-01	   4.0504489643992680e-01	   5.8914141477891901e-01	  -1.3362268903130228e-01	   2.1365545776691214e-03	   4.9529333631047151e-01	   4.7346559591843618e-01	   1.9348040489461665e-01	   1.0345382084411055e-01	   2.1268096157803087e-01	   2.0351236999498923e-01	   3.2709094930018606e-01	   3.8835555368004848e-01	  -1.4892184903908734e-01	  -1.9024163739137576e-01	  -9.1748624020425079e-02	   7.5871387489110972e-02	   7.5671503761253367e-02	   1.5290810400827923e-01	   2.1382606145236541e-01	   3.6610325527071763e-01	   5.8204667177647420e-04	   1.1354554556579842e-01	   4.8590505354456626e-01	   7.2347131535997156e-01	   1.2525075865465751e+00	   7.0335328200145197e-01	   1.3921095779834487e+00	   6.6830042885671348e-01	  -3.4571197571806273e-01	  -2.2435129116205910e-01	   7.8870870464197440e-02	   1.3079931444952417e-01	   6.2217320792824815e-01	   5.3932793951965485e-01	   1.0275333377242024e+00	   9.5889006484671868e-01	   5.9838110170139736e-01	   6.5610494414849663e-01	   5.4505697914685558e-01	   2.5359535869664940e-01	   5.9379772659389474e-01	   4.7894679723860656e-01	   8.8271270397219215e-02	   2.5214159678658854e-01	   2.0834978029191836e-01	   6.0521899143544056e-01	   7.4118958998016660e-01	   7.2933426114879241e-01	   5.6212287296767427e-01	   1.6806016053292228e-01	
   5.0956230440942174e-01	   1.0480307165169315e-02	   6.7423272069544760e-01	   7.1782706370550009e-01	   1.0569504397978409e+00	   1.0875100508345519e+00	   1.5814308079565753e+00	   1.0917505013737123e+00	   0.0000000000000000e+00	   7.8989602164738759e-01	   6.2739869166361795e-01	   5.3235753990379364e-01	   6.2526404134161573e-01	   4.6071096680422885e-01	   7.8502521052557905e-01	   5.5601173741794718e-01	  -2.4619465070323873e-01	  -1.1215183049079373e-01	   7.0805402725587674e-01	   4.3880918929931700e-01	  -1.9268198276782744e-01	  -1.6808581238926792e-01	   6.5664045870589627e-01	   4.9743106057296282e-01	  -2.6265796928357465e-01	  -4.2819490412497593e-02	  -2.7982150992653720e-01	   1.6569845774765612e-01	   1.1551795706641790e-01	  -2.6209511358096620e-03	   7.5759978641970038e-02	   3.1486415877234153e-01	   3.3731175274099612e-01	   5.6241477106793170e-01	   2.5548100746224781e-02	   8.6998734329208904e-02	  -9.2308959806372354e-02	   6.3435372215317948e-02	   5.4789022397127400e-02	  -4.1963737673461282e-03	   9.3081953762433667e-02	  -6.7978665691880047e-02	   1.9311431180974953e-01	   8.9815186052684917e-02	   3.3605845442438415e-01	   4.1252791182451287e-01	   2.0270706483152734e-01	   1.2358382264562745e-01	   5.0397134592548243e-01	   6.0432292621205030e-01	   4.5312165986238101e-01	   5.7332833964945140e-01	   2.4540651186098894e-01	   2.7363183960357063e-01	   2.9274227545999043e-01	   3.9175507737484516e-01	  -2.3790872594486401e-01	  -1.7421840950004108e-01	   5.5516682223602587e-01	   2.6848558099274933e-01	   8.0640491790197300e-01	   8.1340748473607327e-01	   3.6744044163228649e-02	   2.3569360430375480e-01	   5.1134412601706725e-01	   4.8111257886065278e-01	   2.9014466655431914e-01	   3.4763012782550845e-01	  -3.5274730777753768e-02	   2.2782767396227831e-02	   5.7498448855080797e-01	   4.3324095075126490e-01	   2.8514142711656038e-01	   1.8197350096836451e-01	   2.7871420381488476e-01	   3.1190294430090559e-01	   3.1573958336050489e-01	   3.3921104003677860e-01	  -2.6320617362441501e-01	  -6.2582468016564682e-02	  -1.3352708379216460e-01	   7.4490576355765337e-02	   4.2240358638142558e-02	   1.3748756135870197e-01	   1.5854340315009155e-01	   2.4869300274610207e-01	  -4.4814306264022795e-02	   1.2370233903196104e-01	   4.5984684863629843e-01	   7.0932327364807368e-01	   1.0430078417624347e+00	   9.2220696084972154e-01	   1.0097867443290953e+00	   8.3190844635795980e-01	  -2.1295508487605683e-01	  -1.7389192768829537e-01	   1.7984501025923094e-01	   2.2764799075116149e-01	   7.3086287916187331e-01	   7.9154158176972611e-01	   7.9648804610240898e-01	   9.3781442161082817e-01	   7.3103701405813293e-01	   7.2075567497485316e-01	   6.0593239194513648e-01	   3.9129226409419732e-01	   5.2283990284988913e-01	   5.6287149466632824e-01	   1.3109480800346809e-01	   3.0416024476473663e-01	   2.8457153301417121e-01	   7.7413977362748121e-01	   8.8918319376162613e-01	   6.7462956997214385e-01	   5.3972291355382529e-01	   2.6420527825909718e-01	
   1.8517053692546154e-01	   1.5564819181654016e-01	   1.3159843844761404e-01	   4.1040613205371640e-01	   4.4694319141041783e-01	   1.0433659090173952e+00	   8.2491866522842183e-01	   9.6364251616400365e-01	   7.8989602164738759e-01	   0.0000000000000000e+00	   2.1611065556570622e-01	   5.3750875037076518e-01	   2.6726158168574354e-01	   4.3648604369047656e-01	   3.2693643264128441e-01	   5.4706999890611085e-01	  -2.7910879800501900e-02	   3.9249434481773746e-02	   4.2213047350818694e-01	   5.3449530619874186e-01	  -3.5285265457768200e-01	  -3.1069430930690345e-01	   1.5495567216096739e-01	   2.2033048702457431e-01	  -4.7643141264000594e-01	  -3.0232561367608590e-01	  -4.8223685881257738e-01	  -1.2635194622864382e-01	   3.3537043521476420e-02	   9.2899933149783023e-02	  -8.7403199746995425e-02	   6.7807490100180196e-02	   1.3791771463200245e-01	   4.2282250150889522e-01	  -1.5399119725187665e-01	  -6.0042577279212375e-02	  -2.3027851283070699e-01	  -9.6881750689206167e-02	  -3.1563653554713571e-02	  -9.5579249506415095e-02	  -8.3814865789624646e-02	  -2.0098225854073293e-01	   1.0199601002598460e-01	   1.2833295612009275e-02	   3.8792824521640634e-01	   4.0345821641298191e-01	   2.3453302868975653e-01	   2.4604104222173231e-01	   5.2421798151185217e-01	   6.4370108901827783e-01	   1.8713176633662973e-01	   1.8248161669150814e-01	   2.3167709165165898e-01	   1.3940932743122245e-01	   2.1136431539692890e-01	   3.3526544957444976e-01	   3.0753302506270421e-02	   3.3454661893502997e-02	   5.7388146414847230e-01	   4.7274593254655112e-01	   7.8411430583208175e-01	   9.5332428326781549e-01	   1.6566773448901770e-01	   4.5498985428317584e-01	   2.1011536467651040e-01	   2.2712221498239779e-01	   5.3202712736514737e-02	   2.1691886385261061e-01	   2.2044781534808297e-01	   3.6006527702286917e-01	   1.3880294923173617e-01	   1.2118691194074883e-01	  -1.3893563014950684e-02	   2.2392048559313218e-02	  -3.1660087546621626e-02	   8.0557228063811298e-02	  -1.1896457976151177e-01	  -1.6668669876386249e-02	  -3.1097633695477377e-02	   5.7281319574173532e-02	   1.4928676393905951e-01	   2.7647409409554369e-01	   6.3051852669749414e-02	   1.8415164815373863e-01	   1.1487279412934856e-01	   3.6227868134747970e-01	  -7.7906939849971379e-02	  -3.0919974589885657e-02	   3.6752469589891035e-01	   6.9393416553453291e-01	   7.2325566112568174e-01	   4.5091260166329006e-01	   7.7396300242627014e-01	   4.0773954615858149e-01	  -2.2105931646828395e-01	  -1.2324553109311415e-01	   1.2365575326563488e-01	   1.4438482991806023e-01	   4.9700079753504905e-01	   4.0493098586961901e-01	   9.3948458983859873e-01	   6.0079958105408482e-01	   6.2448897268430748e-01	   5.6309486784869223e-01	   3.8438098020315542e-01	   1.1048526750008696e-01	   3.1595494582616712e-01	   2.5157602983481503e-01	   3.2548762233270932e-02	   1.4834358689060775e-01	   1.7853895300632128e-01	   5.2075076360361860e-01	   3.7429310489141876e-01	   4.5813130803236030e-01	   1.5683353979290166e-01	   8.4103837496618788e-02	
   5.8499979759794818e-01	   1.5562679668852175e-01	   3.4046210533831173e-01	   2.4017980894254065e-01	   5.2636230640421933e-01	   3.2912354467611105e-01	   5.6627698504197155e-01	   4.8742410682173720e-01	   6.2739869166361795e-01	   2.1611065556570622e-01	   0.0000000000000000e+00	   7.7625618940308994e-01	   1.4116828853444006e+00	   8.4033833323661966e-01	   7.2715167180300111e-01	   5.4486031228166132e-01	   2.8857044379929470e-01	   3.1745072545107966e-01	   6.4702632351772082e-01	   3.3098749001654038e-01	   8.9665128539572425e-02	   1.2612368898553206e-01	   2.2692942699543533e-01	   1.0727471920767172e-01	  -1.9198705141335026e-01	  -8.5099528330701432e-02	   3.0184805710461310e-02	   1.9296277875423345e-01	   6.5829300220789089e-01	   4.3404462932322330e-01	   1.0357909501953330e-01	   2.8632582088528397e-01	   5.1364174716697319e-01	   6.4906323161847534e-01	  -8.2043861199022752e-02	  -1.0902670872484588e-01	   1.1712769277780197e-01	   2.4376897339511988e-01	   2.8841486568296149e-01	   2.5869026899907849e-01	   4.4650380514520188e-01	   2.8166217218991618e-01	   6.3161755038234346e-01	   6.1146852346080294e-01	   5.2455495685449538e-01	   6.6639596265898748e-01	   5.0770087979348277e-01	   4.3469231562452965e-01	   4.9136849670141075e-01	   5.6498040755732593e-01	   3.7488149098020268e-01	   4.5816622580446570e-01	   2.5849082583479494e-01	   2.2316634164709009e-01	   4.9143907529122144e-01	   5.6995407746269344e-01	  -2.2168545221273976e-02	  -8.2027942143693924e-02	   7.9966439066165726e-02	  -1.4944820157573302e-01	   3.3565945350895465e-01	   2.4398842625843153e-01	   3.0798983018571674e-01	   2.6885547009777644e-01	   6.1522796338592874e-02	   1.9922174127568573e-01	   1.0605799894263308e-01	   1.3825467236553513e-01	  -3.4257754453698185e-02	  -9.2776631595260284e-02	   6.9099689166092992e-01	   4.7147235502972856e-01	   8.0393603005797165e-01	   7.3074429908081984e-01	   7.1584891907675174e-01	   6.9844712825630495e-01	   4.2745368545762497e-01	   4.1863653792818206e-01	   1.4229123755563428e-01	   2.3065626561289765e-01	   1.7751459266022174e-01	   2.1193972018743840e-01	   1.7029486738402108e-01	   2.9638085707305678e-01	   9.0917720745974817e-02	   1.5756550138382922e-01	   9.5650798232309042e-02	   9.4218065249172450e-02	   3.5183590174721840e-01	   1.6868345590531894e-01	   4.7992079978118707e-01	   2.9315648404992162e-01	   3.5334864595397403e-01	   2.5458780384445845e-01	  -6.0185552652747720e-02	  -9.9860882836840276e-02	   3.3239261800393716e-01	   3.5093110764857671e-01	   6.1974220736885921e-01	   6.8903036602749068e-01	   2.9124326980218462e-01	   3.6836129557039210e-01	   3.2381175607048424e-01	   2.8351132938482504e-01	   3.0017250161972198e-01	   1.0844960299589093e-01	   2.0332546489188846e-01	   3.9316641635159089e-01	   2.0872662175988094e-01	   2.7735412676328647e-01	   3.3395741296220283e-01	   7.6459434507866697e-01	   7.2620838972541590e-01	   4.7220165352556853e-01	   4.7854346063000597e-01	   2.0487188041666354e-01	
   5.2128541855960686e-01	   3.1836676733932234e-01	   9.7369758507729210e-03	   2.2428704591384541e-01	   3.0791844334833840e-01	   5.0904044119238334e-01	   4.5134339141125845e-01	   6.4585552105090072e-01	   5.3235753990379364e-01	   5.3750875037076518e-01	   7.7625618940308994e-01	   0.0000000000000000e+00	   7.5591988931877696e-01	   1.2771429468768891e+00	   5.8008283223668888e-01	   1.0725524066633747e+00	   2.9483429129077510e-01	   3.2978455789616301e-01	   5.1447471073365658e-01	   4.9039806266478203e-01	   1.2924259354712417e-01	   1.6847562634354346e-01	   3.9880694713763779e-02	   1.4322265848086652e-01	  -2.6558473168405966e-01	  -1.6308677710268918e-01	  -1.7219281959270236e-01	  -1.9471055857208888e-02	   6.5215124275517855e-01	   5.9185931546472781e-01	   2.5171256675616105e-01	   3.7025340234225668e-01	   2.9661244943014098e-01	   6.3174480227741603e-01	  -2.0656702220984904e-01	  -8.2992324263090514e-02	   1.6421782587014636e-01	   3.9319777829557795e-01	   3.4279708582749291e-01	   3.5468959326074051e-01	   3.4414930403956540e-01	   2.2188772369076076e-01	   5.3587767985056300e-01	   4.7142301587729057e-01	   4.7310951281820612e-01	   6.0993676374469796e-01	   5.6855325384272482e-01	   4.8779812885690854e-01	   5.5228765966591009e-01	   6.6717996674927571e-01	   3.8600014829206131e-01	   3.9297674702524693e-01	   3.1884438026796319e-01	   1.5495002867773600e-01	   4.9848978012672601e-01	   6.0434324500979275e-01	   1.0047376900831204e-01	  -8.5500502682204025e-03	   1.2492735287507525e-01	   1.0649593387348798e-01	   3.5410405716733784e-01	   5.7596333869638916e-01	   2.9843267483481478e-01	   4.8459549932769452e-01	   2.2694893322782170e-02	   1.6692211113206665e-01	  -7.4585952042720879e-02	   6.6280596633918720e-02	   6.9570436091456786e-02	   3.8475070955437486e-02	   5.1220065674047688e-01	   4.6755945153224610e-01	   5.9195808742712286e-01	   5.9983435501815663e-01	   5.2462542798642664e-01	   5.8711809617541744e-01	   3.0077816036748456e-01	   5.4971690045772870e-01	   2.7734585103619269e-01	   2.7753790355469921e-01	   3.9372184799939858e-01	   4.4657852048590685e-01	   3.1355023160053741e-01	   5.0714851715835618e-01	   1.7449548733865208e-01	   3.7885484009318665e-01	   1.8961706961180314e-01	   1.9872109578941999e-01	   3.6329070595698865e-01	   2.9788616755461583e-01	   5.5980475960979803e-01	   8.1648466938838940e-02	   5.0345429566824651e-01	   4.9758371538888284e-02	  -1.2357994775797615e-01	  -1.7552545578695505e-01	   3.5082998197209070e-01	   4.0867593136018138e-01	   8.3270723551953818e-01	   5.0894204239002772e-01	   4.9552867986459370e-01	   2.1842054328619426e-01	   4.0796804422572419e-01	   2.3121938903734121e-01	   1.4741947220640977e-01	  -7.5247405978974641e-02	   1.7018171033950338e-01	   2.7619339667273352e-01	  -9.8747268101783359e-02	   1.8535322711268720e-01	   3.2050335773920413e-01	   6.6697774441046431e-01	   5.3538179846556755e-01	   4.1830142006502302e-01	   2.8819454598583394e-01	   8.0078349529190629e-02	
   4.6553121145505383e-01	   6.6428263957747979e-02	   2.0684340726024703e-01	   1.1411675199810895e-01	   4.9877269985931350e-01	   3.8216032622811336e-01	   5.7770720310659840e-01	   4.3974525027528244e-01	   6.2526404134161573e-01	   2.6726158168574354e-01	   1.4116828853444006e+00	   7.5591988931877696e-01	   0.0000000000000000e+00	   1.0812406247307020e+00	   7.8236106792719240e-01	   6.2813703195023440e-01	   2.2482620138978721e-01	   2.5955445327727400e-01	   6.2200607637697403e-01	   2.8408576441818267e-01	   1.0866989609588337e-01	   8.2248140152491267e-02	   6.7813355085458368e-02	  -3.2106489741278499e-02	  -2.6096048255656046e-01	  -2.1064353953507314e-01	  -4.1494924536870405e-02	   9.4482384161664282e-02	   6.8085155680107390e-01	   4.8357350493820606e-01	   1.1978819960233138e-03	   1.7089704854002974e-01	   4.5175041749072609e-01	   5.7201293848756518e-01	  -7.9157699101987652e-02	  -1.1728043668121256e-01	   1.1468574265943660e-01	   2.9096551030089290e-01	   3.2817001344506697e-01	   2.9276289025284147e-01	   4.7438168759048410e-01	   2.8173923328281175e-01	   5.7740398286433692e-01	   5.3925434102682468e-01	   4.6850639734928773e-01	   6.6717528548446992e-01	   5.2351979435242035e-01	   4.3729843491450732e-01	   5.6384295375305360e-01	   7.3143473807046233e-01	   3.7408076668254980e-01	   4.2499012256487073e-01	   3.0659049649525266e-01	   1.6724343463914462e-01	   5.2796816817836978e-01	   5.6620842183478204e-01	  -2.1385982150719209e-02	  -9.9636172676631468e-02	   1.8555157448452592e-01	  -4.2741096620056158e-02	   5.2194817772776847e-01	   3.3032787224824900e-01	   3.3182486880900702e-01	   2.8695997027849718e-01	  -9.4064725688638176e-02	   2.6092453306299813e-02	   4.9144215161362869e-03	   1.9608168349085457e-02	  -6.1484016835953073e-02	  -1.8296997283472324e-01	   6.2257052991806749e-01	   4.5137955738461327e-01	   7.7622100440489983e-01	   6.9277187761365711e-01	   6.4740814644418043e-01	   6.4284652486017002e-01	   3.5499947990803099e-01	   3.7496071694926597e-01	   2.6506078562023732e-02	   1.9860598780183553e-01	   6.8108677509984075e-02	   1.2304073940035981e-01	   8.6606306730948934e-02	   3.2148127327368864e-01	  -9.9010302570644665e-02	   3.9250826515235850e-02	  -2.2791643504394946e-02	   3.1813909242569625e-02	   3.6859116371448347e-01	   1.5234105112249502e-01	   4.2537572870028684e-01	   2.6905873760722454e-01	   2.6333558715555105e-01	   2.0294846674162442e-01	  -8.2529752134130441e-02	  -1.3142428254994015e-01	   2.8588209839674517e-01	   3.1766897275380912e-01	   5.9504388168593303e-01	   6.4292736554255647e-01	   3.2238750098083441e-01	   3.5623563968353206e-01	   2.9454746753239364e-01	   2.9948856251057443e-01	   3.2051754465825372e-01	   2.1868730187493812e-01	   2.4584714157811310e-01	   2.5106177494682558e-01	   1.0013905734111136e-01	   2.2657843659509094e-01	   3.0313815263382587e-01	   6.7982642726889775e-01	   6.3784962775666632e-01	   4.1387113549565374e-01	   4.4187919403443288e-01	   3.0864688734970264e-01	
