   0.0000000000000000e+00	   1.5713821040962754e+00	   9.3029650383590856e-01	   9.9111565368645571e-01	   9.9175565683015310e-01	   8.8110042811529521e-01	   1.0042572644778522e+00	   1.1093768928531695e+00	   9.6631945915097806e-01	   8.3841036726330909e-01	   1.4560605166393765e+00	   1.4150630733129637e+00	   1.4172203576794531e+00	   1.4080566332971094e+00	   1.2249738474715250e+00	   1.2714161556680470e+00	   7.8532953936610161e-01	   7.0153418449145577e-01	   1.0105951818396559e+00	   8.4738443990944856e-01	   8.2689419502338013e-01	   7.8355575167587865e-01	   8.2889101368787510e-01	   7.7834970293820960e-01	   8.0260732670024304e-01	   8.6599920250896312e-01	   5.1217126251834078e-01	   6.3048606533589235e-01	   1.0430472491000278e+00	   1.0141208551289040e+00	   9.9399223010115767e-01	   9.8199666186546120e-01	   1.1772457251007211e+00	   1.1932010243538191e+00	   5.4315966178946340e-01	   5.8740554434773917e-01	   7.8693032973056209e-01	   7.1164058944860886e-01	   8.8264337144160743e-01	   8.0081863891550698e-01	   7.2208676306068442e-01	   8.6924774463128773e-01	   8.5716356863937326e-01	   7.5879848240340297e-01	   7.3187112451067915e-01	   8.4844068883221013e-01	   8.3944115344828929e-01	   8.2417432184259354e-01	   8.4015767927830087e-01	   8.5174538721888748e-01	   8.9096569984866192e-01	   8.5106921587833639e-01	   7.9716012466676633e-01	   4.5358582559964855e-01	   9.5657621188428654e-01	   9.1748778123676233e-01	   9.5350741833366182e-01	   1.2324180506605420e+00	   1.2491443187445219e+00	   8.5975822525686441e-01	   1.5824265857763147e+00	   8.4451361222816779e-01	   8.1290321957803002e-01	   9.2478823691454393e-01	   6.8535509181573251e-01	   6.6039006412273638e-01	   9.1180444785531090e-01	   8.8197503264068478e-01	   1.0513263259843371e+00	   7.8762174287384257e-01	   9.3098158543293918e-01	   8.9717728506861927e-01	   1.1657499700298721e+00	   1.1065595873805572e+00	   1.1034719875559529e+00	   1.0019015383194816e+00	   1.2678922549830356e+00	   1.1615022563721473e+00	   6.2049367268403688e-01	   7.9450220745949163e-01	   9.9403723135839128e-01	   9.4954644432713176e-01	   1.2547817245396153e+00	   9.3397139071327462e-01	   1.0065202877213915e+00	   1.0287639730515010e+00	   7.2667691947005664e-01	   6.1097762165104763e-01	   1.1189867057624348e+00	   9.3165563959009967e-01	   4.8567846576253132e-01	   3.6134350903653090e-01	   2.4503104938377518e-01	   3.0484766078978159e-01	   1.6853038457112740e-01	   2.4534285830828353e-01	   8.5886761548051749e-01	   7.1203499765163181e-01	   8.8582749197775157e-01	   8.3377718300824721e-01	   4.0515881378537294e-01	   4.1842399825104382e-01	   3.7411122701106392e-01	   5.1806140036844062e-01	  -1.2812924786422419e-01	  -7.5329486798618159e-02	   6.6591605054485664e-02	   6.2009241483850419e-01	  -4.0431344520552505e-02	   4.3262988380698936e-01	   1.1309290311793554e+00	   8.4246559066726157e-01	   7.8780486352401802e-01	   4.9942646052387152e-01	   1.8519754845798375e-01	  -4.1230675536133554e-01	
   1.5713821040962754e+00	   0.0000000000000000e+00	   8.0898428913357401e-01	   9.5222462058284174e-01	   8.4722839131150507e-01	   7.6380106635235290e-01	   7.4863503252790509e-01	   9.3776442789527925e-01	   7.5824048100737618e-01	   7.7834093961862105e-01	   1.1276003835391133e+00	   1.4013303799331265e+00	   1.1318091952342058e+00	   1.3427419763250124e+00	   1.1591663004399118e+00	   1.2729292068829448e+00	   7.7792579378307158e-01	   7.6361991250605665e-01	   8.5905103648283154e-01	   7.5313300257972893e-01	   7.7088916309656530e-01	   7.5565277109358397e-01	   8.3053300547458409e-01	   7.9637716361389277e-01	   8.5055711923087818e-01	   8.9643083318373384e-01	   5.0706590858416056e-01	   6.1429518641682568e-01	   9.2592801438786920e-01	   9.8482179776672352e-01	   9.4214585991622812e-01	   9.4687190870229432e-01	   1.0654248279363447e+00	   1.0870559662559454e+00	   5.3752021241374293e-01	   5.7510717168206482e-01	   7.7770795933157166e-01	   7.8485887067511284e-01	   9.3399478480193165e-01	   8.5915205664584193e-01	   7.0218468452157823e-01	   8.6106946273821339e-01	   7.4603763192559336e-01	   6.2478615639070123e-01	   6.0771672588922943e-01	   6.8441508962980213e-01	   7.9226640498702305e-01	   6.8415942518764927e-01	   7.6303179536788679e-01	   7.3693217842280023e-01	   8.1917304633869792e-01	   8.3305214010339557e-01	   7.6894360496506742e-01	   4.5140800598976877e-01	   1.0390076558385157e+00	   8.9665124060536050e-01	   1.0822281410774233e+00	   1.3150813493284323e+00	   1.0492750836402087e+00	   7.4140082463973211e-01	   1.1671478005324065e+00	   7.6473309376612186e-01	   6.4167691804388460e-01	   7.7110714172278327e-01	   6.6480390057125405e-01	   6.8002647683226680e-01	   7.0012307316943878e-01	   7.1100322358157020e-01	   1.0608274805421591e+00	   7.1986783013297628e-01	   7.8466015959288227e-01	   9.0630923437807798e-01	   1.1375371146167903e+00	   1.0762413836083355e+00	   1.0638145987499570e+00	   1.0253654865107227e+00	   1.1397710733411999e+00	   1.0859980728415919e+00	   7.1054533965249911e-01	   8.7761039983693234e-01	   1.0269397015934247e+00	   9.9414914440521218e-01	   1.1088742000983300e+00	   8.7765410911059472e-01	   9.2226586032119451e-01	   9.9119664794989215e-01	   7.3557290559932242e-01	   6.5532027796141135e-01	   1.0931886996981000e+00	   9.0937037527375064e-01	   4.2632808445402404e-01	   2.6224005729441008e-01	   2.0036759135115045e-01	   2.1768419496740130e-01	   1.4699967758684723e-01	   2.1370284153162289e-01	   9.0713922693039406e-01	   6.5105571080160329e-01	   9.0162256177396394e-01	   7.0322703050056823e-01	   3.8436931153128878e-01	   2.9274297897204143e-01	   3.1655580304873437e-01	   3.3489531170166148e-01	  -1.5160898489322155e-01	  -1.6507444725212761e-01	   4.4405177687508231e-03	   4.3321736658072840e-01	   2.1724639490605237e-02	   4.1412060729035860e-01	   1.0395825765184377e+00	   8.8104341401943376e-01	   7.2380189418339957e-01	   5.1225521731718804e-01	   1.6766294168489831e-01	  -4.3428523489453491e-01	
   9.3029650383590856e-01	   8.0898428913357401e-01	   0.0000000000000000e+00	   1.0063402296862016e+00	   1.4411512313450143e+00	   8.6848374604166434e-01	   1.5652007232556793e+00	   8.6459359733717034e-01	   1.1675366839685144e+00	   6.4461465784998395e-01	   8.8894554955195970e-01	   6.8216684641117942e-01	   8.9498108270993437e-01	   7.7554196968136724e-01	   1.3632432682849709e+00	   1.0673440825812681e+00	   4.1737667104999454e-01	   4.0928821139720672e-01	   1.1844038358315294e+00	   1.0349835740153648e+00	   1.0390556392663777e+00	   9.1528888286191268e-01	   1.2926799436936434e+00	   1.0124422010050593e+00	   1.2554652409780562e+00	   1.0107498796866161e+00	   8.9857615599163454e-01	   8.4810487215142405e-01	   6.0025478664536125e-01	   5.6194545451928368e-01	   1.3217557809466920e+00	   1.0222990172581232e+00	   1.2206884088880869e+00	   9.1296715747993873e-01	   8.2254438827755039e-01	   7.1650880469136258e-01	   6.4539863591397950e-01	   6.0692531853817966e-01	   7.8551105300068458e-01	   7.2972553646278349e-01	   6.1695487486956602e-01	   6.7870721137466050e-01	   8.9620085452395826e-01	   7.6933660563918971e-01	   8.9634166644504920e-01	   8.7234131777954915e-01	   9.4840130062986716e-01	   9.5393499549567617e-01	   1.0077654246322922e+00	   8.8899405686959543e-01	   1.0593030235860570e+00	   9.8170812464833623e-01	   8.0970655140916026e-01	   7.0233884327222129e-01	   8.9965727980897980e-01	   1.0209555337827170e+00	   5.8053959465493399e-01	   7.8829202226929751e-01	   8.1007919800977923e-01	   6.7429597069018465e-01	   8.4699074356456217e-01	   5.6004813551681609e-01	   4.3283485464602273e-01	   3.8781481735797951e-01	   9.6056940315180384e-01	   6.7121717992795227e-01	   1.1758201710961904e+00	   1.0091551933057270e+00	   1.0161244924286146e+00	   1.0058826090572077e+00	   9.0792257526130171e-01	   5.0067999883812997e-01	   8.2807029119714326e-01	   6.0750158206132143e-01	   7.8385502402108298e-01	   5.5058365591474712e-01	   7.2799855141436909e-01	   7.1423121477793283e-01	   3.3427621214493142e-01	   5.7726201976095182e-01	   6.4245950916011640e-01	   7.4298886265923436e-01	   1.1215083996040682e+00	   7.7366850087122341e-01	   1.0784422717792870e+00	   1.0475816713020090e+00	   8.2746106585051538e-01	   6.8981561067688402e-01	   1.1231250778145390e+00	   1.1034304855114636e+00	   6.8523127815067797e-01	   7.0031091818292546e-01	   4.2363241524305428e-01	   6.6717429712287923e-01	   1.3278989204035629e-01	   3.1182732096121868e-01	   9.3133203338125436e-01	   6.9285625873131262e-01	   9.5764690246269313e-01	   9.7825502356487670e-01	   4.9422704635737086e-01	   7.9447980940829477e-01	   4.4159294300230956e-01	   5.8446401139872917e-01	   9.8677777963851354e-02	   1.9400915172895897e-01	   2.0897907554274994e-01	   7.0384329377676291e-01	   2.0467578978028905e-02	   3.8867176625108940e-01	   1.2017518524022386e+00	   9.2250412414574090e-01	   9.5982927143461894e-01	   6.0205223827816456e-01	   3.3057867798176577e-01	  -3.1197692568277535e-01	
   9.9111565368645571e-01	   9.5222462058284174e-01	   1.0063402296862016e+00	   0.0000000000000000e+00	   1.1782477792782087e+00	   1.2688605092010981e+00	   1.0079783897730334e+00	   1.5463612390423751e+00	   1.0744596616431075e+00	   1.3042802623711396e+00	   7.8767414173799688e-01	   9.5561866203374046e-01	   7.5947991759877875e-01	   1.1115523902582614e+00	   1.0573553819159220e+00	   1.2735031914007098e+00	   4.0614153650319951e-01	   3.2750868964360791e-01	   9.3756838398330133e-01	   1.0027715382654836e+00	   8.7918062185404700e-01	   8.6811070935231127e-01	   8.6300436664434133e-01	   1.3256956807545828e+00	   1.1475614019095575e+00	   1.2551007465459896e+00	   8.2287789874791339e-01	   8.2465043751322065e-01	   4.8465050694384537e-01	   5.7049191435595459e-01	   8.9747917688953660e-01	   1.0683445433659244e+00	   1.0009950175292139e+00	   1.0514814883852783e+00	   8.5601441015674684e-01	   9.4825019593713678e-01	   5.0560795744598930e-01	   5.3558279372123263e-01	   6.0492604375945103e-01	   7.0330529347587567e-01	   4.7744518127366681e-01	   6.7030848370181229e-01	   6.9061888870986765e-01	   6.5989358502709128e-01	   7.0656092872063636e-01	   8.5041738170826153e-01	   7.6084402724608702e-01	   8.5848129477277035e-01	   8.7252067240423814e-01	   8.1321730122320157e-01	   1.0836812557765336e+00	   9.6433693968958123e-01	   9.4890184798531563e-01	   7.8953662317717188e-01	   9.0351440931989013e-01	   9.6592149187671639e-01	   5.3874148386633558e-01	   7.5762352531838395e-01	   9.8642773271377970e-01	   1.0070357213078682e+00	   1.1244390325852005e+00	   1.2374938294079194e+00	   3.7817514651156336e-01	   5.4634430644524790e-01	   9.5329085790974288e-01	   1.3241120656005674e+00	   1.0368487392405636e+00	   1.2028776246445383e+00	   1.0261120794637439e+00	   1.1690263221556310e+00	   6.9111145750285585e-01	   6.5834052343083937e-01	   7.1915708885574336e-01	   6.8833558991407418e-01	   6.7320242894867977e-01	   7.0888850982112528e-01	   6.5563194393493052e-01	   7.3865759929553065e-01	   3.6887593416453329e-01	   5.0951099921144472e-01	   6.3906458021661305e-01	   7.1096354364760117e-01	   9.7603558879919450e-01	   7.6217614866848282e-01	   1.1252247865736327e+00	   1.1013879971751579e+00	   7.9496101194823177e-01	   5.8838993332868927e-01	   1.3962555153148137e+00	   1.4591277814711090e+00	   9.0182502978828549e-01	   6.7804657949406677e-01	   7.1247054887137340e-01	   6.7021795209436796e-01	   1.4090724557643039e-01	   3.8922648507140956e-01	   8.0158306105741672e-01	   7.2380716090851027e-01	   9.5421404855844949e-01	   8.7194217913743088e-01	   8.1982025635619138e-01	   7.7421636510689718e-01	   6.8615407502872772e-01	   6.4386202801129555e-01	   3.3480473638227842e-02	   8.6850496141113870e-02	   1.8131087689774555e-01	   7.6317142758991119e-01	  -7.2002562268113732e-02	   3.1978689526205528e-01	   1.1363972060827987e+00	   8.2739227665642767e-01	   8.7177158088596030e-01	   7.7372204243098597e-01	   3.6483933254529383e-01	  -4.6744722688823681e-01	
   9.9175565683015310e-01	   8.4722839131150507e-01	   1.4411512313450143e+00	   1.1782477792782087e+00	   0.0000000000000000e+00	   1.1574223758764337e+00	   1.4096321381758437e+00	   1.0593956276279490e+00	   1.5890860642509792e+00	   9.2133898941867320e-01	   8.1660468037954415e-01	   7.7371568969450399e-01	   8.8039082331395846e-01	   8.9684359165452665e-01	   1.2781591790357658e+00	   1.0758963010606328e+00	   3.6990959274877605e-01	   3.4911324605505573e-01	   1.0887922071671301e+00	   9.6734639595723304e-01	   1.1065361231653374e+00	   9.8301243979391717e-01	   1.0941227719661024e+00	   1.1046556670903855e+00	   1.2264584642819012e+00	   1.0919157429743145e+00	   1.0886776062278076e+00	   1.0453351141506491e+00	   5.4562648090880783e-01	   5.4534880475097858e-01	   1.1399116126970654e+00	   1.0356170905743705e+00	   1.1826818348329931e+00	   9.5207868267608098e-01	   8.4512273118718051e-01	   8.3428136321458424e-01	   6.9561308616270257e-01	   6.1321492154214807e-01	   7.5719194076209240e-01	   6.5785336956934626e-01	   5.9774148849066311e-01	   6.9929712478753137e-01	   7.7498731148854161e-01	   6.7332938644033002e-01	   8.6055638891082720e-01	   8.5195069606755669e-01	   8.5620777479395915e-01	   9.0346505802023480e-01	   1.0061497112040414e+00	   8.4311535477335298e-01	   1.1320502501791165e+00	   9.9481565901720925e-01	   1.0070292566902217e+00	   7.9525897069810247e-01	   9.0214254554618045e-01	   1.0258287747832942e+00	   6.1112132922488693e-01	   8.2100551475895123e-01	   8.9959556768261173e-01	   8.2702893161845814e-01	   9.6780808223639037e-01	   7.6181637148460402e-01	   4.1450796881589297e-01	   4.4146331836123504e-01	   1.0028752175241151e+00	   8.0328569545575379e-01	   1.2631507742512187e+00	   1.1226382640393100e+00	   1.0781688902398752e+00	   1.1296398175373801e+00	   8.2898115976087561e-01	   5.4738202865675478e-01	   8.0297289009249595e-01	   6.5209868363520374e-01	   7.9466096006310005e-01	   6.0611228887841151e-01	   7.5868300066371563e-01	   7.0172074112086802e-01	   3.2831261025745545e-01	   5.6119062845078016e-01	   6.5572626736991402e-01	   8.0542166931569781e-01	   1.1031107122063482e+00	   7.8209644928591560e-01	   1.1526489548553074e+00	   1.0521866751027298e+00	   8.4898211211903396e-01	   7.0076311532522884e-01	   1.1765072878205567e+00	   1.2835168461487469e+00	   8.6493333410880580e-01	   7.7858537663958838e-01	   5.7863997302083792e-01	   7.3533469523772466e-01	   2.1376918583939963e-01	   4.0915650002183090e-01	   9.3022570763922008e-01	   7.2673981852351610e-01	   9.9694761309555424e-01	   1.0599508839903531e+00	   6.0596974999042175e-01	   9.1186549555968499e-01	   5.7195050664155322e-01	   6.5589774142698642e-01	   1.8639059265572572e-01	   1.6106187385590001e-01	   2.7110984037208297e-01	   7.7966343231256274e-01	   2.9520196514220814e-02	   3.7825909860900137e-01	   1.1641087433533621e+00	   9.7416929064579327e-01	   9.9374716171134303e-01	   6.3709710933798080e-01	   4.5262753430337560e-01	  -2.7056064719151568e-01	
   8.8110042811529521e-01	   7.6380106635235290e-01	   8.6848374604166434e-01	   1.2688605092010981e+00	   1.1574223758764337e+00	   0.0000000000000000e+00	   1.0829631607444998e+00	   1.5559008075778034e+00	   1.3129407505471531e+00	   1.6999744120107290e+00	   6.6704514596250886e-01	   7.8999648803798739e-01	   7.4918719422219116e-01	   9.4650227491018768e-01	   9.2493992298720329e-01	   9.7123891172667676e-01	   4.0546845575746365e-01	   3.5425894113821516e-01	   8.6045607952373604e-01	   8.4012341235352228e-01	   6.8813937121454805e-01	   8.3001557865327913e-01	   7.5543794831560673e-01	   9.7764372742498651e-01	   8.5652046895310330e-01	   1.0140885121895922e+00	   6.7934577689754361e-01	   8.3532512145835536e-01	   5.5514377058276920e-01	   6.1481757783232482e-01	   8.2467937667687319e-01	   9.7652012063759552e-01	   9.4888551235489238e-01	   1.0396908354338039e+00	   8.3032078726294933e-01	   9.3776741598808522e-01	   4.2045642812441364e-01	   4.1514406281503047e-01	   4.7305334561836082e-01	   5.9368501267780238e-01	   4.2786174318013664e-01	   5.7453642506511260e-01	   6.4939744514688891e-01	   5.8867515970361195e-01	   7.7650468689561802e-01	   8.5725003786441256e-01	   6.8331010947251991e-01	   7.3877757612555583e-01	   8.3983568202289005e-01	   7.5652594052756550e-01	   8.9720000901970565e-01	   8.4289716198386899e-01	   8.6328975158722843e-01	   7.7721049126370945e-01	   7.4952432873196884e-01	   8.7941895564701333e-01	   5.0572672979151712e-01	   6.5757713866056844e-01	   9.3884258271570908e-01	   1.1997513273588880e+00	   1.0616568665608328e+00	   1.2796914481639101e+00	   4.2827716590830894e-01	   5.8786822320657073e-01	   7.9445167235461489e-01	   9.2216035609449165e-01	   9.5314087050041851e-01	   1.0431842852467910e+00	   7.8542507774142045e-01	   1.1166536628487189e+00	   6.7439145720904248e-01	   5.8279399049041358e-01	   6.7808843881874481e-01	   7.1264438856944767e-01	   7.0913107901491312e-01	   6.7603430886809168e-01	   6.5531328118200216e-01	   6.5983664986080237e-01	   3.3649922857042608e-01	   4.5022562988094106e-01	   5.8501997980315845e-01	   6.3621764260876768e-01	   8.8447867248069711e-01	   8.9077933072135851e-01	   8.3589680673820554e-01	   7.2972975112529703e-01	   5.7905324862090524e-01	   5.1139322079428040e-01	   1.1663670595223909e+00	   1.1746568544870359e+00	   8.4339207755715806e-01	   6.7191829369223643e-01	   7.3039801070949995e-01	   6.2687507294960088e-01	   3.6581529061517452e-02	   1.9597819647125775e-01	   6.1151110882364534e-01	   5.6305634711907659e-01	   8.8719260191135907e-01	   8.3572676781041655e-01	   8.2961241304509836e-01	   8.3558529840814733e-01	   6.6797481316657092e-01	   7.5831168552357309e-01	   3.5113457982605178e-02	   1.0143695054578307e-01	   2.5542028934174776e-01	   6.2747096422066673e-01	  -1.6123563758767220e-01	   1.8107349146357771e-01	   8.7734756887653509e-01	   8.0980166113076391e-01	   8.8427353361255290e-01	   7.1571582228275066e-01	   4.3276236229880582e-01	  -4.1251209968987484e-01	
   1.0042572644778522e+00	   7.4863503252790509e-01	   1.5652007232556793e+00	   1.0079783897730334e+00	   1.4096321381758437e+00	   1.0829631607444998e+00	   0.0000000000000000e+00	   1.1120226039294541e+00	   1.4033844471490886e+00	   7.6746894840158020e-01	   8.9351901381257148e-01	   7.1044383954195167e-01	   9.2049412790358109e-01	   7.9130979806157609e-01	   1.1814407157900715e+00	   9.3555679473686848e-01	   4.4539769589937939e-01	   4.0711732660535283e-01	   1.1974400401527414e+00	   1.0579041386794314e+00	   8.3234222302126848e-01	   8.2049207279743874e-01	   1.0130366611279920e+00	   8.8346359413607778e-01	   9.2512320654228009e-01	   8.4407520204595499e-01	   7.6078720783166631e-01	   8.4463093071723983e-01	   6.4467048219977441e-01	   6.2202236441586722e-01	   1.0348267107808284e+00	   9.2664860060513510e-01	   1.1174682316638695e+00	   9.6883604876638885e-01	   7.0900007758902484e-01	   6.7318084098993902e-01	   5.0186651555148365e-01	   4.4887742985122681e-01	   6.2739808220825077e-01	   6.2237271651919257e-01	   5.7526071669819012e-01	   6.0263893066314633e-01	   7.0567749683872172e-01	   6.1648086625642085e-01	   7.7041424096590583e-01	   7.8234842172868369e-01	   7.2942907675155344e-01	   7.9918396613102027e-01	   8.1756990591033762e-01	   7.3012120187769625e-01	   8.7406903064134145e-01	   8.0098789744241528e-01	   7.3501193988724334e-01	   6.0895748371078184e-01	   7.2028384189445971e-01	   8.4648668893102497e-01	   5.4859101954260969e-01	   7.4566207583969690e-01	   8.1244184875361825e-01	   7.1382991677058494e-01	   9.3291314313803619e-01	   6.7729751049077236e-01	   5.4585039669050017e-01	   5.3978138196836056e-01	   8.6616948435063523e-01	   6.7842433451196937e-01	   1.1750761395025002e+00	   1.0270251686109246e+00	   9.0444856331312196e-01	   1.0345266695415309e+00	   7.5047417873891242e-01	   4.5564912499444110e-01	   7.3310474378981194e-01	   6.3056447442542796e-01	   7.3542611044307660e-01	   5.9121384097238938e-01	   6.9805381015708723e-01	   7.0052963603454366e-01	   3.0633411160058754e-01	   5.1310818738945962e-01	   6.0297104615408081e-01	   6.8552883810288168e-01	   9.9819488239019960e-01	   8.0899838281159220e-01	   9.1003456197348764e-01	   9.6152565956775637e-01	   6.0372215428748133e-01	   5.4725439088993044e-01	   1.0157998931679979e+00	   1.0341842739534897e+00	   6.9705479772984869e-01	   7.3765057726453931e-01	   4.8616651239148173e-01	   7.1968875131765164e-01	   8.8680323482802761e-02	   2.7600891096617375e-01	   6.9945426325346660e-01	   6.1371571898818789e-01	   8.0056861303207660e-01	   9.0440113994698312e-01	   5.5123409004553037e-01	   9.2198843154021581e-01	   5.1398311858896939e-01	   7.4466365546522517e-01	   9.6898650670341022e-02	   2.0677707342289003e-01	   2.5339252201408546e-01	   7.6225955237200926e-01	  -3.6319265788589940e-02	   3.3855430110653584e-01	   1.0011227643271143e+00	   8.4985092913337723e-01	   1.0231783187971406e+00	   6.1671503458804455e-01	   3.8305698035193442e-01	  -2.8651393537676967e-01	
   1.1093768928531695e+00	   9.3776442789527925e-01	   8.6459359733717034e-01	   1.5463612390423751e+00	   1.0593956276279490e+00	   1.5559008075778034e+00	   1.1120226039294541e+00	   0.0000000000000000e+00	   1.1331840374011126e+00	   1.5002229326502765e+00	   8.7585172766835584e-01	   1.0851555913396662e+00	   9.0624893565136544e-01	   1.2147001471028704e+00	   9.8083028054952670e-01	   1.1179341405696137e+00	   5.8592620267018802e-01	   4.9126507091711474e-01	   8.9381719435713580e-01	   8.6353248937767146e-01	   6.9580000757796345e-01	   7.9924066722551179e-01	   7.2524020709908610e-01	   9.5845282976359347e-01	   8.0751281574923528e-01	   9.6830700808008496e-01	   5.6040788504090966e-01	   6.4692044335096921e-01	   7.0057594275788071e-01	   8.2110780020563989e-01	   8.5754734132107180e-01	   1.0574244781697377e+00	   1.0814834817564789e+00	   1.3320037386270756e+00	   7.2967551460803892e-01	   8.2517057602083077e-01	   4.4524857499826176e-01	   4.1570320906967095e-01	   4.9182864215071981e-01	   5.8649249334955300e-01	   4.8980307217031938e-01	   6.0140737076151440e-01	   6.3218166466477665e-01	   6.1638082952883499e-01	   7.0173632877746872e-01	   8.4528603363814214e-01	   6.6963562174167834e-01	   7.6011783002662181e-01	   7.8639035849505445e-01	   7.3820187305361273e-01	   8.6032481919074466e-01	   7.5874642684824112e-01	   7.6861371782255006e-01	   6.2752540906506882e-01	   7.3160607019339252e-01	   7.9759046594055405e-01	   5.8557662322598047e-01	   7.5631934614297236e-01	   9.6618807366867565e-01	   1.0598982731542368e+00	   1.3606821467399126e+00	   1.4942361308587293e+00	   6.2576751000556152e-01	   8.7603636278892050e-01	   8.5355241606093823e-01	   1.0621001920901321e+00	   9.6696547910202069e-01	   1.0917868491970784e+00	   7.7410709801435562e-01	   1.0064902024054070e+00	   6.8697384744686707e-01	   7.5766090781523021e-01	   8.1915947759523600e-01	   8.9126671813258551e-01	   7.8202983045314944e-01	   8.9363744787147636e-01	   7.7086532802909646e-01	   8.5802698072225481e-01	   4.4761085913006854e-01	   5.4799873121259923e-01	   7.1789496662959396e-01	   7.3149992827444021e-01	   9.1409770598461337e-01	   8.9461770923358686e-01	   9.0157408027787878e-01	   8.8812184489190871e-01	   5.1758793573949635e-01	   4.3910973230590677e-01	   1.1509781753856598e+00	   1.0676415876382759e+00	   7.2270029704998218e-01	   5.5328302079231684e-01	   5.8217832982086570e-01	   5.3067629211068768e-01	   8.1826848694174878e-02	   2.5141663849870011e-01	   6.3344352051270991e-01	   6.1737703058565474e-01	   8.3093036491773042e-01	   7.7474268560964255e-01	   7.2653452261923313e-01	   7.0319784829754861e-01	   6.0917199228509500e-01	   6.8648650933034805e-01	  -6.0333243561950980e-02	   3.5953156395109203e-03	   1.4904032377335988e-01	   6.5436458664035357e-01	  -8.6846016845690960e-02	   2.9596062615007479e-01	   9.7048214250674170e-01	   7.5676986032673232e-01	   8.7838753488735377e-01	   6.5576655585390742e-01	   2.7829873613973777e-01	  -4.7414107655131998e-01	
   9.6631945915097806e-01	   7.5824048100737618e-01	   1.1675366839685144e+00	   1.0744596616431075e+00	   1.5890860642509792e+00	   1.3129407505471531e+00	   1.4033844471490886e+00	   1.1331840374011126e+00	   0.0000000000000000e+00	   1.0428424369428055e+00	   8.3371067149265166e-01	   6.9206855698024106e-01	   8.5348433307633931e-01	   8.9313457874313595e-01	   1.2001090163487595e+00	   9.5481832500194808e-01	   3.1429367066064057e-01	   2.8373634653856394e-01	   1.0216773340136744e+00	   8.9060349138855821e-01	   8.1013792371173976e-01	   7.9025344279307086e-01	   9.1396535838038262e-01	   9.6277069837308815e-01	   8.6865851428479601e-01	   9.2266405637459481e-01	   7.4652546416328758e-01	   8.7869276703068389e-01	   5.4743335279450189e-01	   5.1990918818398968e-01	   8.9116955179248691e-01	   8.9526130424025352e-01	   1.0588458941401058e+00	   9.2953128317537337e-01	   7.0127684422521974e-01	   7.2624427410243042e-01	   6.3021639214084368e-01	   4.8844566324434391e-01	   6.4601921460931000e-01	   5.9713019751409957e-01	   5.4540547569957920e-01	   6.3937434707352192e-01	   7.5318182593338212e-01	   6.6891925463867463e-01	   8.0230500788092773e-01	   8.5251511268027258e-01	   7.8037720328262072e-01	   8.4294884125205449e-01	   9.0873937834157936e-01	   8.4026234804803313e-01	   9.4756108580271303e-01	   9.3532258632682752e-01	   9.0618619461561356e-01	   7.2979741047969215e-01	   8.3484360768313248e-01	   9.5124082505305041e-01	   5.1256925914180784e-01	   6.5674635792136782e-01	   9.0605560833714627e-01	   8.4073685862360037e-01	   9.8477284457748537e-01	   8.4999059150245115e-01	   3.9100575981836427e-01	   4.4211340016521350e-01	   9.2497647853775433e-01	   7.6884899790504568e-01	   1.0381354976634016e+00	   9.6453558765006508e-01	   8.7977902481741865e-01	   9.9192528272954028e-01	   7.3235992068812661e-01	   5.3288539140178015e-01	   7.5565029700383701e-01	   6.5683534568810931e-01	   8.5123305221529622e-01	   6.2996593251333810e-01	   7.3282833433190231e-01	   6.8240184502615375e-01	   2.5560266578525742e-01	   4.2466227958107611e-01	   5.4807402180967446e-01	   6.4318528609094316e-01	   1.0915125032979993e+00	   7.8960835654410910e-01	   1.0366362079941360e+00	   8.7376635911970313e-01	   7.3307191068111599e-01	   6.9664892347546026e-01	   1.1349868612486884e+00	   1.0921982248328863e+00	   7.4781838680746693e-01	   7.2338084958049920e-01	   5.6782569862446730e-01	   6.7994853848597503e-01	   1.3124112074099120e-01	   2.5002289311326259e-01	   7.6584469333530802e-01	   6.3552722845137311e-01	   8.3624774267468815e-01	   9.2267318155471911e-01	   5.6611701447263418e-01	   8.1620068953165648e-01	   4.2782099283055819e-01	   6.5643791533010887e-01	   5.6706638533500074e-02	   4.9037990342083025e-02	   1.8683900382318924e-01	   6.2571218025339681e-01	  -5.7518918467349786e-02	   2.9148840054691844e-01	   9.4506059347143712e-01	   8.0616711102070182e-01	   9.7937086126330297e-01	   5.6544693388310152e-01	   4.0621977325098185e-01	  -2.9123947414099366e-01	
   8.3841036726330909e-01	   7.7834093961862105e-01	   6.4461465784998395e-01	   1.3042802623711396e+00	   9.2133898941867320e-01	   1.6999744120107290e+00	   7.6746894840158020e-01	   1.5002229326502765e+00	   1.0428424369428055e+00	   0.0000000000000000e+00	   5.8177511011073169e-01	   8.6492095891170129e-01	   6.8103147796808239e-01	   1.0746724286955402e+00	   8.4538526525169411e-01	   9.9124638114401331e-01	   3.5304986571268587e-01	   2.9392939968638404e-01	   6.4893799979771716e-01	   6.9483483143531233e-01	   5.9697081091613291e-01	   6.9217908582292398e-01	   6.0286097044654752e-01	   9.5057172100740095e-01	   7.5293965806363716e-01	   9.3965375078718416e-01	   5.7741615011414982e-01	   6.9632783409463039e-01	   4.7505861472859690e-01	   5.8283248631868345e-01	   6.5504965979743224e-01	   8.6422480323730366e-01	   8.0447802623450138e-01	   9.8547293950738590e-01	   7.4802865882415259e-01	   8.9608074213287614e-01	   3.9793153441429796e-01	   3.8746971985655637e-01	   3.9667386728245357e-01	   5.4398145208879956e-01	   3.5858753393799142e-01	   5.5036604397656852e-01	   5.9081318436803254e-01	   5.4840210087645269e-01	   6.9501675364660342e-01	   8.1210584726381185e-01	   6.1368188486121655e-01	   6.9794098514218672e-01	   7.9467613505188561e-01	   7.3867414274278131e-01	   8.6547522405970534e-01	   8.0368866365512281e-01	   8.7974434753262365e-01	   7.2997383925927406e-01	   7.0173751092402004e-01	   8.0146918783915067e-01	   4.5167213574530607e-01	   5.6572691388526419e-01	   9.2980237783828446e-01	   1.2109780358880606e+00	   1.0943777607691343e+00	   1.7401720367891578e+00	   3.4886692270921699e-01	   5.7693140173234081e-01	   7.5473198086388948e-01	   1.0993957370905907e+00	   7.8929480906048044e-01	   9.3733420481894258e-01	   6.8044590612244460e-01	   9.8545526988820764e-01	   5.5545469641701817e-01	   6.5581973216597789e-01	   5.9534603054034119e-01	   6.7446784108731617e-01	   6.0513601029436748e-01	   6.5960583670563766e-01	   5.9629149149028526e-01	   6.1132232973094791e-01	   3.4874258282041865e-01	   3.7876384604198199e-01	   5.4100155671271088e-01	   5.7382378409926715e-01	   7.9958033885725299e-01	   7.8975718004134488e-01	   7.6254460206104047e-01	   6.4173413544481306e-01	   5.3895112821065005e-01	   4.3802577541071164e-01	   1.1974362273598964e+00	   1.1085307652208007e+00	   7.9601271977524835e-01	   5.6362720214074380e-01	   7.3766230266546340e-01	   5.2675673123389433e-01	   7.7378422765024157e-02	   2.5501458377121849e-01	   5.8961855560891907e-01	   5.4865253387164048e-01	   7.8513730487462252e-01	   7.1561354597358351e-01	   8.1540443562078646e-01	   6.4718135393909537e-01	   6.0134015763786020e-01	   6.1262442838738118e-01	  -3.4877361291293721e-02	   1.9011022617907436e-02	   2.0763704545569628e-01	   5.6542713077453699e-01	  -1.5314791428843905e-01	   1.5430900102031972e-01	   8.0547031016563231e-01	   7.0664964657680851e-01	   7.7091800060635851e-01	   6.4579975315366944e-01	   3.4824233461210174e-01	  -4.4615633055426074e-01	
   1.4560605166393765e+00	   1.1276003835391133e+00	   8.8894554955195970e-01	   7.8767414173799688e-01	   8.1660468037954415e-01	   6.6704514596250886e-01	   8.9351901381257148e-01	   8.7585172766835584e-01	   8.3371067149265166e-01	   5.8177511011073169e-01	   0.0000000000000000e+00	   1.1469068498630797e+00	   1.4974019160224088e+00	   1.1987042390390834e+00	   1.1528572776696557e+00	   1.1730106696219620e+00	   7.8946632909223879e-01	   7.0796742228815956e-01	   1.1001892866993443e+00	   7.7888138722149691e-01	   6.9266751975639973e-01	   6.4472312904122198e-01	   8.0936734774078822e-01	   6.6957804177439351e-01	   6.8806967103093231e-01	   6.7337291574002411e-01	   3.7810231689773366e-01	   4.1757607819774217e-01	   1.1131092520097317e+00	   1.0285860781025129e+00	   1.0298642981943131e+00	   9.2510820163886731e-01	   1.1817368985800267e+00	   1.0804686049825964e+00	   4.1552789145073765e-01	   4.3041240550164550e-01	   7.2142567043815309e-01	   5.8023921598861128e-01	   8.3549928540986995e-01	   7.2865322176081049e-01	   7.3569149920125687e-01	   8.1156707090491975e-01	   7.5579120617207907e-01	   7.1009312954841364e-01	   5.9978441835231910e-01	   7.4771049853068383e-01	   6.9378212525505878e-01	   6.7844920182456003e-01	   6.2387708407271625e-01	   6.8951013950875772e-01	   7.0401700409265555e-01	   6.5766691825296819e-01	   5.7411993097273140e-01	   3.6688440159826607e-01	   7.7052898640074574e-01	   7.5159258298721732e-01	   7.4919282384463814e-01	   9.5529094872161402e-01	   8.8080163870749584e-01	   6.3517023316101751e-01	   1.1660454350227818e+00	   6.3232328650670888e-01	   8.2096339841374266e-01	   8.5362826876011111e-01	   6.4231566668318607e-01	   5.1286588363403529e-01	   7.4199068029700399e-01	   7.1699020679595871e-01	   8.9024679739578927e-01	   6.3863038543332173e-01	   8.0693881715515958e-01	   7.2027816711010895e-01	   1.1755041784519800e+00	   9.5687982311377129e-01	   1.1079917355163860e+00	   9.2394612279870902e-01	   1.1988479092015361e+00	   1.0253688976775255e+00	   6.1044794286145654e-01	   8.2016391616365270e-01	   9.5294009526100198e-01	   9.0246670768913018e-01	   1.2178598883185963e+00	   9.0487924715666779e-01	   9.8065560220123471e-01	   9.8546757307471644e-01	   6.7464152416442924e-01	   5.9920967447392726e-01	   8.3304020027016623e-01	   7.0230186340350942e-01	   3.2721067605330312e-01	   2.8965788773444751e-01	   1.1263156422812400e-01	   2.3818508442580250e-01	   9.5121020287676800e-02	   2.9325862615612486e-02	   7.4660345244137249e-01	   5.1410562073405752e-01	   6.4358046686277781e-01	   6.2248687315629680e-01	   2.5816596117501034e-01	   3.3160869035620755e-01	   2.0464170242186486e-01	   3.7189528539425643e-01	  -2.1018701074396448e-01	  -1.6214167288116024e-01	   7.2871024321104292e-03	   4.2540156639448962e-01	  -9.6989348109486326e-02	   3.6240038363952232e-01	   9.8103355916246315e-01	   6.3117610138354519e-01	   7.0426822160603919e-01	   4.0953131306977880e-01	   5.1965851183161015e-02	  -3.7465079627195469e-01	
   1.4150630733129637e+00	   1.4013303799331265e+00	   6.8216684641117942e-01	   9.5561866203374046e-01	   7.7371568969450399e-01	   7.8999648803798739e-01	   7.1044383954195167e-01	   1.0851555913396662e+00	   6.9206855698024106e-01	   8.6492095891170129e-01	   1.1469068498630797e+00	   0.0000000000000000e+00	   1.2596780152525635e+00	   1.6937717360915749e+00	   9.0189116059299701e-01	   1.1631006938074597e+00	   7.7727613273573526e-01	   6.6826716910594608e-01	   7.8710067474110390e-01	   7.1410422045792388e-01	   6.8641710480203033e-01	   6.4233872221150912e-01	   6.1929260870152814e-01	   6.9940695158168864e-01	   7.2463058725574347e-01	   7.6021929666604315e-01	   4.6661064254108753e-01	   5.1086607820846508e-01	   9.2733770362070267e-01	   1.0547178609986267e+00	   8.0655640090249903e-01	   8.1742683575303310e-01	   9.5351836203856088e-01	   1.0799847948668142e+00	   4.4504896999657562e-01	   5.3165512739030807e-01	   6.1539504071051410e-01	   6.6388866387325718e-01	   6.8911048382538154e-01	   7.4973750766361114e-01	   5.3074844056421999e-01	   7.6063468740599172e-01	   6.4228009722425161e-01	   5.8198829464331570e-01	   5.5159249893515738e-01	   6.8526450879655598e-01	   6.3261026118611197e-01	   6.5041831079694290e-01	   6.4741299688121590e-01	   6.5277476904216547e-01	   7.8849304945890453e-01	   6.9800903094745270e-01	   7.1966527972732464e-01	   4.3708645732381873e-01	   8.0813541740247075e-01	   7.5947092267638372e-01	   7.5525215755418018e-01	   9.3078263016865048e-01	   9.6829362732224356e-01	   8.6866993777466306e-01	   1.2936236329993451e+00	   9.4198933655753636e-01	   7.7598473188342099e-01	   1.0388942390564813e+00	   5.3317814039587819e-01	   7.0699723797940572e-01	   7.2679418848905120e-01	   8.0254227085040086e-01	   8.3026757684589658e-01	   7.2991083404205415e-01	   6.5085856018156618e-01	   8.1775057231495840e-01	   9.9456877478061878e-01	   1.0210145061278864e+00	   8.8699119547722138e-01	   9.5884449010530626e-01	   1.0150207785783831e+00	   9.1712666226725359e-01	   6.4941353640056099e-01	   7.1524355021684216e-01	   9.4943597420126602e-01	   8.5674825325988435e-01	   9.2454524170698571e-01	   8.2590481106649472e-01	   7.7341183653391343e-01	   8.0787571114642898e-01	   5.6734783102106856e-01	   4.2175487688176527e-01	   9.4925554617278318e-01	   8.3376601642286152e-01	   5.0712971781439942e-01	   3.3296312339639322e-01	   3.3947352828506505e-01	   2.7847083342758061e-01	   2.0451133858681342e-01	   2.9533625751427506e-01	   7.7913172729676494e-01	   6.7129579540843409e-01	   7.5825383466446339e-01	   6.5377933718816328e-01	   5.0812874435955457e-01	   3.6829124066909874e-01	   4.1431809327391400e-01	   4.5641583283825954e-01	  -7.8362797064983419e-02	  -6.8545753479893834e-02	   1.0878648956186156e-01	   5.0409287476362485e-01	   2.9504308041742405e-02	   3.7543346274513634e-01	   1.0643409994184518e+00	   7.9364299769619673e-01	   7.4987558084472172e-01	   5.5870365600763638e-01	   1.7550548294373522e-01	  -3.5140137328917120e-01	
   1.4172203576794531e+00	   1.1318091952342058e+00	   8.9498108270993437e-01	   7.5947991759877875e-01	   8.8039082331395846e-01	   7.4918719422219116e-01	   9.2049412790358109e-01	   9.0624893565136544e-01	   8.5348433307633931e-01	   6.8103147796808239e-01	   1.4974019160224088e+00	   1.2596780152525635e+00	   0.0000000000000000e+00	   1.3513924736082052e+00	   1.1278883729661173e+00	   1.0486090837367565e+00	   7.7573197045960063e-01	   6.7973584448591484e-01	   9.2218174801274688e-01	   7.0652704093204943e-01	   6.3005358804642486e-01	   6.2175439593441706e-01	   6.5395548093718303e-01	   5.7447054467725867e-01	   6.7472938182423869e-01	   6.2212025588871789e-01	   3.9459750708716912e-01	   4.4088190304320918e-01	   9.6425530006195759e-01	   9.0473285477562659e-01	   8.8308410242369062e-01	   7.9271266107682659e-01	   1.1165236615045087e+00	   1.0814841670923683e+00	   5.0625218635285718e-01	   5.3310296338790963e-01	   6.0819500488147038e-01	   5.5197650291751221e-01	   6.8257800374832811e-01	   6.7696807358452260e-01	   5.9054926184339707e-01	   7.4638713802920409e-01	   7.0402160531168823e-01	   6.0189318277803572e-01	   6.6684027594454687e-01	   7.5127757095719638e-01	   6.3814339832686096e-01	   6.1112642790287219e-01	   6.3762457885483059e-01	   6.6448894041627249e-01	   7.7007218161855528e-01	   6.4794376331623660e-01	   6.1930907443135452e-01	   3.5118305135488925e-01	   7.3245534477243912e-01	   7.1059521161590222e-01	   7.6051875271000158e-01	   9.3564048614871098e-01	   9.2491569985745203e-01	   7.9778150027965700e-01	   1.2834623818731796e+00	   7.4065963359976517e-01	   7.5729325270111247e-01	   8.1590552170905517e-01	   5.8798914514895384e-01	   5.7803147095835539e-01	   8.2037828312230310e-01	   8.2504120384535584e-01	   7.6773808628685125e-01	   7.2901790421506585e-01	   8.2401522719286568e-01	   8.0129977642297412e-01	   1.0348851612978172e+00	   8.9914397327851470e-01	   9.9672620806830836e-01	   8.2966718659958638e-01	   1.1496132783161013e+00	   9.2803930237703958e-01	   6.2809478417585718e-01	   7.5814212485418597e-01	   9.2543447194313444e-01	   8.6159051836207756e-01	   9.9192505670578457e-01	   8.6054129295154191e-01	   7.4936774076978629e-01	   7.5804875242116410e-01	   5.5548575902728581e-01	   4.4377659032256733e-01	   9.1845849985603167e-01	   7.4129982770677927e-01	   4.3368865782905797e-01	   3.5240096377335067e-01	   2.3037935857957592e-01	   2.9983645315541113e-01	   5.4373013375366278e-02	   9.1045831460784793e-02	   6.8354704718558934e-01	   4.7070999611578113e-01	   6.3520715920657667e-01	   6.3785377846649149e-01	   3.7703490448531757e-01	   4.4772959646538724e-01	   2.6846295491587341e-01	   5.3563412336173077e-01	  -9.2168634328865628e-02	  -7.0117386965865239e-02	   1.2163180235184159e-01	   5.0842648573460147e-01	  -1.3422756102300706e-01	   2.4294616383695006e-01	   9.1513283550771418e-01	   6.1807744616459248e-01	   6.6447127936788886e-01	   3.2767731672161449e-01	   5.8380904515806013e-02	  -3.5559327171379240e-01	
