   0.0000000000000000e+00	   1.3183842348533852e+00	   7.2666360623895110e-01	   4.5819416380078515e-01	   6.2102565094824502e-01	   3.6950908276391953e-01	   7.3495804393335074e-01	   4.2849814545963771e-01	   6.8619019921953939e-01	   3.1734851956358845e-01	   9.4207677581158089e-01	   6.1125508166352982e-01	   8.3944603774562565e-01	   4.0862890275052999e-01	   7.5721016377051420e-01	   4.8371120407305501e-01	   1.3328759978340445e+00	   1.1975878151340336e+00	   1.0793336284715640e+00	   6.7166255082201598e-01	   2.8960294244607915e-01	   2.2479303501950279e-01	   3.9127703430181332e-01	   2.8340320319125178e-01	   5.5233488996581137e-01	   4.1523928330143234e-01	   5.0135433467711765e-01	   5.0456351645286190e-01	   8.6052764162363171e-01	   4.5208018534422978e-01	   4.4310376673654739e-01	   3.1601135679457004e-01	   9.1685198524598388e-01	   8.2446030932946346e-01	   3.9440804160662651e-01	   3.0362494093530457e-01	   3.8192364187036743e-01	   1.8740495524461606e-01	   6.9858735660764859e-01	   5.6974013699462744e-01	   2.5812676773020421e-01	   2.6864023510746865e-01	   3.8785600523163916e-01	   4.0362131214325619e-01	   4.8198737534173530e-01	   5.7104690162335314e-01	   6.3654961312464364e-01	   6.6063952230001022e-01	   4.7855510791933104e-01	   5.2755170097494286e-01	   6.5382394933246646e-01	   4.4063905283288762e-01	   6.6647406347308014e-01	   6.4324502328407318e-01	   8.6661315148814810e-01	   8.1056140041907576e-01	   1.8533112846589264e+00	   1.2725408178884161e+00	   8.3325290424485332e-01	   4.8904174023138852e-01	   6.3796299910683674e-01	   2.1818653338563235e-01	   7.7948280548734683e-01	   2.2665078987795986e-01	   4.5116156437307375e-01	   3.3871880180073261e-01	   4.8977141273601921e-01	   3.0975112735255594e-01	   1.2127716008463856e+00	   8.4144975226054397e-01	   2.5032653112670947e-02	   1.0079859171831501e-01	   4.0758975305068307e-01	   3.0326754330387418e-01	   3.2628095198645901e-01	   1.2867147871299242e-01	   1.4391595265187046e-01	   1.2668139236972137e-01	   1.0959781948741003e+00	   8.1394819036770949e-01	   1.0948129447588617e+00	   8.1355113960487180e-01	   8.3015371683742933e-01	   4.9022224721698432e-01	   1.0047671996408594e+00	   7.3714050486811311e-01	   6.0402313790453011e-01	   5.2649916068490576e-01	   9.2305594775078303e-01	   8.5276021771852517e-01	   8.2908153300695689e-02	   2.4124493186772933e-01	   9.4097965419016244e-02	   3.5750540391564706e-01	   3.1316233738965965e-01	   7.6137174596761725e-02	   7.9713599826390424e-01	   7.1914497373049380e-01	   5.4269908665473732e-01	   7.1477214229079877e-01	  -3.0475821715527647e-03	   5.3027518185744393e-01	   2.3681600059556951e-01	   4.3715349780441026e-01	  -6.0939997658031396e-02	  -1.4320931881426380e-02	  -5.7773752698227029e-02	  -2.1423701537133528e-02	   1.9896501540918768e-01	   3.7398298273614783e-01	   4.7095215436521304e-01	   4.9340225609462640e-01	   4.0935390403088889e-01	   3.0386711050917425e-01	   2.9347280775336590e-02	  -1.1257221772827744e-01	
   1.3183842348533852e+00	   0.0000000000000000e+00	   4.5404177266833706e-01	   2.1708317885174425e-01	   3.4336626269553178e-01	   2.0164123931007083e-01	   3.9048608732438328e-01	   2.5936905464182480e-01	   4.3410099061008911e-01	   1.5416492170563012e-01	   7.0789546272762149e-01	   4.3719381475486696e-01	   6.0260319521557937e-01	   2.3582114439121674e-01	   4.7364354723794805e-01	   2.4705499437274869e-01	   1.2441951070129402e+00	   1.1014551674034159e+00	   7.8610659815626316e-01	   8.6732886804452092e-01	   1.2920382883348200e-01	   2.7277690307317776e-02	   2.1179838835887349e-01	   1.2547171774027815e-01	   3.4021890401861615e-01	   2.1796785503454985e-01	   3.4016126194621810e-01	   3.3998318187018944e-01	   6.4316673699740667e-01	   3.7440351669149097e-01	   2.3509005378772510e-01	   1.1226229548835928e-01	   6.0416337248775287e-01	   5.6815918614984451e-01	   1.8410245951350554e-01	   1.3605963738218002e-01	   1.7829759803009190e-01	  -1.5799007374050104e-02	   4.1634879157004301e-01	   2.8772207177310244e-01	   3.3985345545023762e-02	   4.5020289339804419e-02	   2.7055545521514363e-01	   3.7304861210424672e-01	   3.8629868953616542e-01	   5.8223735082236516e-01	   5.0279884783373463e-01	   6.2567852811289248e-01	   4.0732330644808323e-01	   5.3185977056655120e-01	   5.6840529288938046e-01	   4.2343568513989155e-01	   5.4970868103238901e-01	   7.2661230439938496e-01	   7.5279374034201618e-01	   7.1242517358615010e-01	   1.3488590156231000e+00	   1.1239365263448491e+00	   5.4434004834552685e-01	   3.4036283173601728e-01	   3.6422757076278839e-01	   6.7840977302057348e-02	   5.2663408975264026e-01	   1.9177803946630384e-01	   3.0179429994430934e-01	   6.9757653826847357e-02	   2.0581548517129658e-01	   9.4946404831439582e-02	   1.2115582077656093e+00	   1.0687767329383051e+00	  -2.0601044626724863e-01	  -1.3629735163413043e-01	   1.4018761755204845e-01	   2.0974364326793449e-01	   7.9216175783718243e-02	  -6.2554636233788001e-03	  -1.3314259329356157e-02	  -4.1785190369250859e-02	   7.8441310472612324e-01	   6.1287342148226265e-01	   8.1341314964641509e-01	   5.9879061624468699e-01	   5.1946513749822243e-01	   2.9525375175132201e-01	   7.8260587441637464e-01	   5.4673393688213190e-01	   3.7151962336888139e-01	   3.0102667730774152e-01	   6.7450855974041724e-01	   5.9119517891798667e-01	  -1.2727562492144900e-01	   3.3122758645409270e-02	  -6.9553586319191424e-02	   1.8245496382910731e-01	   3.0372859647613798e-01	   9.9814109590208949e-02	   6.9598585658276302e-01	   5.9405259826323165e-01	   3.5799473489068201e-01	   4.1157653750322304e-01	  -1.8107962754661294e-01	   2.5670533325403472e-01	   7.4084503185564352e-02	   1.5886263325130812e-01	  -1.3379474471337571e-01	  -1.7066249219146457e-01	  -4.1231761004870714e-02	  -1.4621480375785517e-01	   1.8381178036469809e-01	   2.8894982094328103e-01	   3.4004415877906424e-01	   3.3360873734594093e-01	   2.3825525623324575e-01	   1.3565606052305046e-01	  -1.3144834529293151e-01	  -5.3471939748793877e-02	
   7.2666360623895110e-01	   4.5404177266833706e-01	   0.0000000000000000e+00	   6.4396970225663586e-01	   6.7770558052774810e-01	   2.6368950801070706e-01	   1.3636347131868871e+00	   4.0791567424097314e-01	   6.9359573931991436e-01	   4.1300743823688268e-01	   6.8350061509039484e-01	   3.1656311547082988e-01	   7.6659012470268173e-01	   2.5243732273635677e-01	   7.5978007118899493e-01	   4.8797096515064187e-01	   5.3998920072242707e-01	   6.1183907605776244e-01	   7.7495407525569970e-01	   6.0693831136604752e-02	   4.4988659464965797e-01	   4.1461912589366412e-01	   8.9356958333247583e-01	   6.1008030159445581e-01	   7.5155333569202387e-01	   5.6791535588220243e-01	   3.9458163903527910e-01	   3.5604115411998560e-01	   5.3662614914827644e-01	   2.4386192046204797e-01	   7.1306278075628349e-01	   5.8410646634608665e-01	   8.9667096050009032e-01	   6.9147311424151170e-01	   8.4828018536348249e-01	   4.3745893140527337e-01	   6.1745636388489322e-01	   5.9311499574380544e-01	   9.7058540315913022e-01	   7.9354139052301942e-01	   4.9164985980796905e-01	   5.5603778409239368e-01	   5.5757520875652888e-01	   3.8350770483862534e-01	   4.5871055806712774e-01	   2.7277687016446117e-01	   6.6924971930138610e-01	   6.0689528428924178e-01	   3.4002164858663980e-01	   1.6584936725676472e-01	   4.4531138149271243e-01	   2.3634423585574615e-01	   5.7498537764239799e-01	   5.2673045822834519e-01	   6.1257636030473228e-01	   5.0125539545358910e-01	   5.9095874552768413e-01	   5.4546611317345683e-01	   6.8337805866199974e-01	   2.3794412880080212e-01	   6.9512507166756254e-01	   8.1546284244195522e-02	   5.5999018086336849e-01	   2.4613325217231301e-02	   9.9529702272651377e-01	   5.8208925896852615e-01	   8.1492651298426122e-01	   3.9786169889631595e-01	   5.8222309223552371e-01	   2.9419623510325910e-01	   4.3426934782635584e-01	   4.3159585598590633e-01	   5.4933145490450574e-01	   2.9439612891985495e-01	   5.1346347830803885e-01	   2.5629237752067341e-01	   5.6539529550242706e-01	   4.9463202750089358e-01	   7.2292795626336004e-01	   6.0871067888692298e-01	   6.8164380899783805e-01	   6.8695649063994935e-01	   1.0680825591802092e+00	   6.6685111464112201e-01	   8.8951253223807081e-01	   7.0281783791195174e-01	   1.0214776100362626e+00	   8.5756870470640512e-01	   1.1801561831885006e+00	   8.2782226523439961e-01	   4.5588929147870350e-01	   8.5174737784778354e-01	   3.8237893489577968e-01	   8.7681575680449197e-01	   2.1554194489880130e-01	   8.7411245219643809e-03	   6.2431928646338541e-01	   5.9962374733845114e-01	   6.5124142972707610e-01	   9.2873619794716178e-01	   1.5220108493061432e-01	   6.7232493468509946e-01	   4.2074027049801510e-01	   6.5927777179067315e-01	   1.2945788115623913e-01	   4.9619543043427239e-01	  -6.9541835653603085e-02	   9.2057284218530364e-02	   2.1355083604125932e-01	   3.7491745739778537e-01	   6.4327606509938873e-01	   6.4130309891555726e-01	   5.6867956582321932e-01	   5.5878860188080548e-01	   5.3675288664833931e-01	  -1.8559185639656775e-01	
   4.5819416380078515e-01	   2.1708317885174425e-01	   6.4396970225663586e-01	   0.0000000000000000e+00	   6.8909984969888938e-01	   7.2335569692008372e-01	   7.5510841735869672e-01	   1.2606642117515556e+00	   8.7593971519144176e-01	   8.5132015756206902e-01	   5.3437450688300447e-01	   6.8640918798582540e-01	   7.0162268733872690e-01	   9.4785092332356458e-01	   6.8000564216732551e-01	   6.8343208687343204e-01	   3.0914448927560134e-01	   3.0142581270567120e-01	   4.5684500411608364e-01	  -2.6730469997674267e-01	   3.7551192598342037e-01	   4.0862660875585999e-01	   6.9608124458710563e-01	   7.2110964489677531e-01	   6.0650115812171423e-01	   7.3005069597679806e-01	   4.2183502376854198e-01	   5.4612093157915342e-01	   4.4964250145885676e-01	   3.2944337924097478e-01	   5.7654037648931866e-01	   6.6203106174170712e-01	   6.6828099616780956e-01	   6.7359709863903106e-01	   5.8382110672567267e-01	   6.8775031518184326e-01	   3.7508788417283861e-01	   3.3598576462639218e-01	   4.8699783334442215e-01	   5.1817738278728576e-01	   3.2668097596130352e-01	   4.4092534246775134e-01	   4.3334620643862803e-01	   2.8050618583633669e-01	   3.3875297642734004e-01	   2.6229515795031239e-01	   4.9349011101170492e-01	   4.1273512496670395e-01	   3.1867825808389499e-01	   3.9743441775134142e-01	   5.0396214909708004e-01	   4.9613266834289715e-01	   6.2644163274482234e-01	   4.1013141497667827e-01	   5.1516380392263472e-01	   5.5144651090339825e-01	   3.9703625304485557e-01	   4.7749316649387902e-01	   7.7616492027897055e-01	   7.1719698354941541e-01	   6.1795002101230090e-01	   6.0688175754979545e-01	   5.3796185804919261e-01	   3.3651161050249456e-01	   2.7846380371963753e-01	   7.6063170916078049e-01	   8.2028521690525602e-01	   7.4833055114035718e-01	   3.1329458992348158e-01	  -2.2153265622088213e-02	   4.8605142306071986e-01	   4.2245681839802046e-01	   4.8784414632808615e-01	   3.4963898882902189e-01	   4.2486963115431170e-01	   3.5529351366614847e-01	   3.2978463914721168e-01	   3.7028274745380158e-01	   4.5431761753117250e-01	   5.3658372848148383e-01	   4.8128044845986107e-01	   4.8963759797589057e-01	   6.1676032352036581e-01	   5.8203631894657826e-01	   4.6104677033510766e-01	   6.4712625398807910e-01	   4.8497053267414247e-01	   5.2957773283444820e-01	   6.9854951142634902e-01	   7.8953513707306022e-01	   8.5405390401052128e-01	   7.4797788096342832e-01	   9.7488855401256935e-01	   6.1548938597840630e-01	   1.2259655099325457e-01	   2.3111721275407657e-02	   3.7757869444014269e-01	   4.1929988890407877e-01	   6.1933891850080713e-01	   8.0948799261267212e-01	   5.6880526176561630e-01	   6.7687727621942728e-01	   4.7949656211040514e-01	   6.8453644908787370e-01	   4.9208007140088250e-01	   4.6420389242043114e-01	   2.1782775481337535e-01	   3.4494709537037388e-01	   7.6425790388853429e-02	   1.8899774082279275e-01	   3.3556556803206294e-01	   4.3801843300064297e-01	   4.7875125590922363e-01	   3.7370122021427671e-01	   3.7853502540175143e-01	  -1.6453996893207518e-01	
   6.2102565094824502e-01	   3.4336626269553178e-01	   6.7770558052774810e-01	   6.8909984969888938e-01	   0.0000000000000000e+00	   9.2435690155949590e-01	   1.0454390540677045e+00	   7.4023770930374966e-01	   9.9418433736307377e-01	   6.6484226757132947e-01	   5.5163645190652455e-01	   5.7675950325145797e-01	   5.4434690468812086e-01	   5.0601771648481919e-01	   8.6469740419161401e-01	   7.5021421966378510e-01	   4.0426730804842292e-01	   4.6582398116819868e-01	   8.5298074715842376e-01	   4.4091796056460159e-02	   7.5192275007634379e-01	   7.8771453021501336e-01	   6.5030748462228583e-01	   5.0480618858016568e-01	   1.1529296824528588e+00	   1.1908585273737888e+00	   9.4895928920786421e-01	   9.2133804353127580e-01	   6.8121569265362003e-01	   5.2370514892570796e-01	   1.0155044791221279e+00	   7.4959432848107355e-01	   9.8861208674708001e-01	   1.0290727508899666e+00	   6.5827049639727520e-01	   8.0391708547449436e-01	   3.1328828176973167e-01	   2.9080418794092627e-01	   6.2962646045480009e-01	   6.5073507290341126e-01	   3.6878070795695594e-01	   5.8057201294709326e-01	   4.2766939249471514e-01	   2.7746832954488371e-01	   5.4830086217223051e-01	   3.6771674560799417e-01	   5.3300715157130296e-01	   4.6775956998587515e-01	   4.0215590264357198e-01	   3.5675121440888291e-01	   3.7712813774961418e-01	   2.7793100633341877e-01	   6.7758017988564478e-01	   4.9374378052770657e-01	   5.6637786501616449e-01	   5.4138710678297075e-01	   5.7544026076010379e-01	   6.9599554980476452e-01	   9.2181702593145809e-01	   5.8604519114311571e-01	   9.3014576136142813e-01	   6.1638620729289073e-01	   7.1093918260760447e-01	   5.2022290151624717e-01	   3.3118534182406950e-01	   5.5906453421507007e-01	   9.5980005871878205e-01	   7.4332365165521275e-01	   4.5956115695439248e-01	   1.8592251525554804e-01	   5.4006691375208160e-01	   4.6133526290763394e-01	   6.0042335002823977e-01	   4.1531560811485152e-01	   4.9161584497780131e-01	   3.4547876437259650e-01	   3.3921935395612135e-01	   4.3564463253471913e-01	   6.0833497800777281e-01	   5.9155864318046103e-01	   6.0495889260486368e-01	   6.4805518522481520e-01	   7.3898745800013110e-01	   7.1359923433005545e-01	   4.6748550908503927e-01	   5.6333733048118872e-01	   5.8128313135081133e-01	   5.2320970926102073e-01	   8.0423223594035731e-01	   8.2494949294641462e-01	   5.3974109625866162e-01	   5.5133806664990359e-01	   3.5262427275908481e-01	   4.1804921837556924e-01	  -3.3276686911062239e-02	  -1.6938731570975654e-01	   2.8219372726274450e-01	   3.1510573036848982e-01	   5.5195951058657611e-01	   7.4310580108083280e-01	   3.1725561868325086e-01	   5.7532294752434610e-01	   4.1552316811001005e-01	   5.9560350635907433e-01	   1.7430018854151619e-01	   2.8865709942887563e-01	   4.4402214644791313e-02	   2.3972875929384341e-01	   4.4912827470253179e-02	   1.9958837985114325e-01	   4.7264320356025247e-01	   5.1278313452164281e-01	   3.8608005342411938e-01	   2.9467406008395269e-01	   2.4439062308820803e-01	  -3.1670389013111472e-01	
   3.6950908276391953e-01	   2.0164123931007083e-01	   2.6368950801070706e-01	   7.2335569692008372e-01	   9.2435690155949590e-01	   0.0000000000000000e+00	   4.3617910593980602e-01	   8.1680539174841427e-01	   6.3421533695113463e-01	   8.2974822919278823e-01	   3.6134734322726020e-01	   6.0261248120357347e-01	   4.6197608789151012e-01	   7.8642675705426335e-01	   6.6711499977902666e-01	   7.2789429412321216e-01	   2.2733491129032804e-01	   2.7671386167482248e-01	   4.7004181437576026e-01	  -5.4072722925646029e-02	   5.3530268374321177e-01	   6.3164141614213010e-01	   2.3733714768040151e-01	   2.4943609619894458e-01	   7.7536994382191771e-01	   9.8485755394668151e-01	   1.0631706062333734e+00	   1.1593530540686068e+00	   4.5234447694491553e-01	   4.2684279913846945e-01	   5.6580369819118104e-01	   4.2665856952849446e-01	   5.5457753829394385e-01	   6.8413152947952771e-01	   2.8564688842393099e-01	   4.6308469338959707e-01	   9.1771902409308506e-02	   7.5532200394639704e-02	   3.3409092608390328e-01	   4.2159889706791881e-01	   2.2007122243488283e-01	   4.4648994736167924e-01	   1.8509602726794597e-01	   1.5583616521260824e-01	   3.1030229046616198e-01	   3.4050734110850833e-01	   2.7662294309295787e-01	   2.8571929578842359e-01	   3.8323079744131505e-01	   5.3001075283779420e-01	   4.2860626968122606e-01	   5.1810764803223086e-01	   5.5357420910837807e-01	   3.1520493323826387e-01	   4.7712284805680688e-01	   5.7228742010180167e-01	   3.9296778401644200e-01	   5.8721147270612484e-01	   7.3488253020249528e-01	   8.7140758696707965e-01	   5.2657004420310738e-01	   6.6147474559311603e-01	   5.8499281045448137e-01	   6.2734404515555853e-01	   4.9179893626998407e-02	   4.9841322792732601e-01	   5.9303706852706140e-01	   7.7554712480466448e-01	   1.8175469702042499e-01	   4.0822191177195414e-03	   3.1398272277360789e-01	   2.6682177125445605e-01	   3.9170094874759376e-01	   3.8740402724373579e-01	   3.1893148595904192e-01	   3.2160319465209963e-01	  -2.8851374655447834e-02	   9.8485002287017689e-02	   3.5693022127286522e-01	   4.7539884706821489e-01	   3.9957605282648956e-01	   3.9205962413219303e-01	   4.2396744990977064e-01	   5.6453373048721911e-01	   2.1653651640166485e-01	   4.5462664313319229e-01	   3.1171334095159392e-01	   2.9505090172288606e-01	   4.5912181294993093e-01	   5.9590838513719979e-01	   4.7121703922105967e-01	   1.8326653019245243e-01	   3.3016458512332802e-01	   5.2096785190625695e-02	  -1.3802883525248769e-01	  -1.0997735910757300e-01	   9.2260736514957961e-02	   1.8433831311312926e-01	   3.9700819311860264e-01	   3.8765171769660312e-01	   4.2692210467084468e-01	   2.8715384433246383e-01	   4.5042229644671478e-01	   4.3042026194780214e-01	   3.8393062644048725e-01	   1.6966598172395378e-01	   2.1410548590013292e-01	   3.5544105062688552e-01	   1.0122699277243781e-03	   8.2475051341237227e-02	   1.9254594570905825e-01	   2.6089872092911626e-01	   1.5936765217187665e-01	   3.1288519111527684e-02	   3.0218868453188177e-02	  -2.4142681902956339e-01	
   7.3495804393335074e-01	   3.9048608732438328e-01	   1.3636347131868871e+00	   7.5510841735869672e-01	   1.0454390540677045e+00	   4.3617910593980602e-01	   0.0000000000000000e+00	   7.1558773768002648e-01	   9.8059518224495168e-01	   5.8310049098290406e-01	   7.8975229138239655e-01	   5.9252295206627459e-01	   8.6054429459424764e-01	   4.4695440441026268e-01	   9.5980744948962893e-01	   7.4516694469594869e-01	   5.2389440632755724e-01	   5.5946910547723716e-01	   9.8310099984648236e-01	   5.2180179369684832e-02	   5.5872541281792443e-01	   5.3434157588724873e-01	   9.5318277068144308e-01	   6.5465309885748657e-01	   8.1015337028031709e-01	   7.4730954823062112e-01	   4.9184531413636806e-01	   4.7306460811330037e-01	   7.6089327147837227e-01	   4.9947256108942328e-01	   9.6552963729660868e-01	   7.9710455936365787e-01	   1.0575980663028735e+00	   9.1322118336435265e-01	   8.1032482777975801e-01	   6.6522536394594511e-01	   5.3785984864060843e-01	   4.5166488674711697e-01	   8.5195015873948576e-01	   7.5729311330035354e-01	   4.8820813991880008e-01	   5.5745319119433834e-01	   6.3456021128141371e-01	   4.0324020570267144e-01	   5.5647876908531257e-01	   3.1683773959976425e-01	   7.3269036415122013e-01	   5.9334870379621463e-01	   3.7577612193760435e-01	   1.9778283083954629e-01	   4.1114466566356600e-01	   1.8553217202350861e-01	   6.2468770602519630e-01	   4.6006218107944630e-01	   6.1233262024502533e-01	   4.9027106909017071e-01	   5.4501961223357775e-01	   5.0820944165079018e-01	   8.5581562815072676e-01	   3.3502166490997276e-01	   1.0459582402804273e+00	   3.8983309753801332e-01	   7.3423678426800898e-01	   2.9228042071553140e-01	   7.2655131532522010e-01	   6.7918940336951916e-01	   9.9366818008820790e-01	   5.4939851103000803e-01	   5.7862451365924905e-01	   2.3738654117028982e-01	   5.3149798133761605e-01	   4.6606074797891217e-01	   6.9483616625779276e-01	   3.8050176845263639e-01	   5.7181613714680124e-01	   3.3669019667093925e-01	   6.2666667124135367e-01	   6.2409358217022270e-01	   7.5852948498105521e-01	   6.7543018010614186e-01	   7.7008957341477613e-01	   8.4283005880127460e-01	   1.0298423276568143e+00	   8.1337728987657421e-01	   8.2479847176218613e-01	   7.8047876655053827e-01	   8.0781683969950091e-01	   7.0559353677848446e-01	   1.1024991917068749e+00	   8.5647755706495099e-01	   5.5789141305403012e-01	   8.5760075886967924e-01	   4.1205060104642344e-01	   7.4974653264801583e-01	   1.2165993260154599e-01	  -9.0775415778549570e-02	   5.1515589139651929e-01	   4.5811897489153630e-01	   7.3192586039507423e-01	   9.7247075864313137e-01	   2.5618916180758028e-01	   7.3256738952551737e-01	   3.7001984596244175e-01	   6.4014348251262698e-01	   1.2169412366725195e-01	   4.4466351883071498e-01	  -1.4651066608259754e-02	   1.5924045527414329e-01	   1.2251466180069297e-01	   3.5102200372125397e-01	   6.1338894783765940e-01	   6.5997665412924167e-01	   5.6451902859994540e-01	   4.8080367899514481e-01	   4.4619420880748395e-01	  -2.4680338617117648e-01	
   4.2849814545963771e-01	   2.5936905464182480e-01	   4.0791567424097314e-01	   1.2606642117515556e+00	   7.4023770930374966e-01	   8.1680539174841427e-01	   7.1558773768002648e-01	   0.0000000000000000e+00	   8.2535228784401637e-01	   1.0725013781996831e+00	   5.3682988656199593e-01	   9.7254632494075133e-01	   6.7494425868474572e-01	   1.0821813801008686e+00	   8.0334731856464625e-01	   8.9461115250935230e-01	   3.1562178175619460e-01	   3.2346093333377696e-01	   6.0013875750857038e-01	  -1.4006002497520345e-01	   4.2091234600020944e-01	   3.9120249357678555e-01	   5.7110790421680246e-01	   5.7245469006323269e-01	   5.1259333620788738e-01	   7.8450364916541959e-01	   4.8344756378260068e-01	   5.3801258369937099e-01	   6.7155613118191038e-01	   6.8049908085429789e-01	   7.0354529826611734e-01	   7.6115664068827182e-01	   7.0688973773238495e-01	   8.2147105383243646e-01	   3.6832827313072769e-01	   7.0407224667104695e-01	   1.9629722767407981e-01	   1.5345493383837708e-01	   3.4696900760947424e-01	   4.0134772375614641e-01	   2.2153360111855444e-01	   3.4081588388226974e-01	   5.1572271089522381e-01	   3.7269646838460935e-01	   4.6591295493823293e-01	   3.9557351468620217e-01	   5.9534880661498479e-01	   4.7160372975171672e-01	   4.3544150459602654e-01	   5.0099571083106298e-01	   4.8807936697623461e-01	   4.6717586411976580e-01	   6.6827548877739884e-01	   4.1102174496136640e-01	   5.5634201706539610e-01	   5.5033440532312294e-01	   3.2316178243829252e-01	   4.0383686344889252e-01	   7.5613187068923127e-01	   7.4070448369075859e-01	   6.1621551128962060e-01	   8.7966257782399471e-01	   6.0428965204611251e-01	   7.4043604546422959e-01	   8.7526681260563372e-02	   6.0832802242786410e-01	   7.0534306909583711e-01	   7.5777520494955264e-01	   3.0276681315284976e-01	   1.1671153933170451e-02	   4.2627456313080297e-01	   3.4525369733870948e-01	   5.2526288728490911e-01	   3.8828481627570166e-01	   3.8566397752457110e-01	   4.4059245963144866e-01	   2.4007933461357905e-01	   3.9217091241435664e-01	   4.5671985867496323e-01	   5.4206575522672651e-01	   5.5755416708824235e-01	   5.8745002140319058e-01	   6.0617209275206496e-01	   7.4176972523931373e-01	   4.1771833745293757e-01	   6.8156987223171961e-01	   3.7077273301639774e-01	   3.8808014425915455e-01	   5.8575395555281218e-01	   6.6043356286893118e-01	   7.5480331977996207e-01	   4.9529199823241504e-01	   7.1053386431154797e-01	   3.1348212427630950e-01	   6.2079985194437290e-02	  -2.5186437883708893e-02	   3.3145545634410978e-01	   3.3588021330611928e-01	   6.9432422947761308e-01	   6.4083727713363481e-01	   5.8612679066235074e-01	   4.3798985820363812e-01	   4.1705974590516154e-01	   4.9478359866101673e-01	   3.4076812627083414e-01	   2.5061972225135354e-01	   2.1236379305507952e-01	   2.7777368828777815e-01	   5.5820100474861405e-02	   2.0919941007120316e-01	   3.0565020261050724e-01	   4.5561860974217255e-01	   4.3445028711202860e-01	   2.7930527055284593e-01	   2.0747390786797890e-01	  -1.9755440903574706e-01	
   6.8619019921953939e-01	   4.3410099061008911e-01	   6.9359573931991436e-01	   8.7593971519144176e-01	   9.9418433736307377e-01	   6.3421533695113463e-01	   9.8059518224495168e-01	   8.2535228784401637e-01	   0.0000000000000000e+00	   8.7071753480944380e-01	   7.3811762576847195e-01	   6.0404966180176045e-01	   7.9606544275623681e-01	   6.2132300057047829e-01	   7.8740390111146785e-01	   5.5269089049570597e-01	   4.8388006035201303e-01	   3.9991001234181417e-01	   6.5313365240235854e-01	  -3.4694429408730833e-02	   4.8208329824618523e-01	   3.9426161049170583e-01	   5.5164491666876236e-01	   3.8522779620462150e-01	   7.0738782369360165e-01	   7.4380283817989024e-01	   4.6035037656974492e-01	   5.3636118830595780e-01	   6.6598049698259043e-01	   3.8651881611257588e-01	   6.9450452965390097e-01	   5.4340037405587172e-01	   7.1181407012474751e-01	   6.7709369928889007e-01	   4.8751908828753854e-01	   6.1997037116331877e-01	   3.5127129136293189e-01	   2.0973542708607518e-01	   5.8553305697474112e-01	   4.8367990342899569e-01	   3.0617967976189631e-01	   3.6398861099186164e-01	   3.1300950388130655e-01	   1.9865572555900876e-01	   3.4851094403303612e-01	   2.8448455967628533e-01	   4.6792329688373102e-01	   3.8582248206157521e-01	   2.6385683576926283e-01	   3.0867813485497236e-01	   3.7751634323856081e-01	   2.4965389416814618e-01	   5.1895538876749059e-01	   3.5051050921007232e-01	   5.2783437603967820e-01	   4.5960424409448930e-01	   5.5541599905933270e-01	   5.3351775542784385e-01	   8.7762600969722593e-01	   5.0541025541289120e-01	   8.2228919267728529e-01	   5.1856497637503884e-01	   5.8080677190293539e-01	   2.2721591707952921e-01	   3.5163125997324296e-01	   5.2285771851633989e-01	   6.8696220383179429e-01	   5.1004284585757254e-01	   5.9047733880300801e-01	   2.4914016748770518e-01	   3.0390677245013570e-01	   1.3197113065341853e-01	   3.7861417915259954e-01	   2.0617031755016915e-01	   2.8013802594123033e-01	   1.1883626451439828e-01	   3.5252663709731458e-01	   3.5018682099637466e-01	   5.3006469720703264e-01	   5.2213707491985184e-01	   5.8881431833990783e-01	   5.4355695620341171e-01	   6.3430607102945780e-01	   4.7802345650307204e-01	   5.3801260328455325e-01	   5.0869606426636405e-01	   3.3335060863026811e-01	   2.7622241188135399e-01	   7.6680486218842714e-01	   6.0081948926724060e-01	   4.8900465155113859e-01	   5.9140666016809984e-01	   4.4581740735717912e-01	   5.5646170896255587e-01	   1.7550620212428571e-02	  -7.4032913233268327e-02	   3.0303670788338150e-01	   2.7471318586562099e-01	   4.6232414393825583e-01	   6.4239316373259336e-01	   2.5078716065421458e-01	   8.0741268690013412e-01	   2.1029423033279010e-01	   3.9952347474677824e-01	   2.1777396257505990e-01	   3.2481640446666543e-01	   7.8225639380560513e-02	   1.1152030058258086e-01	  -5.0212316949919143e-02	   8.7289424543830360e-02	   3.3458770379811459e-01	   3.7200309018313438e-01	   2.8853259725320496e-01	   2.4097825219810154e-01	   2.0354076443280314e-01	  -6.7900722396057836e-02	
   3.1734851956358845e-01	   1.5416492170563012e-01	   4.1300743823688268e-01	   8.5132015756206902e-01	   6.6484226757132947e-01	   8.2974822919278823e-01	   5.8310049098290406e-01	   1.0725013781996831e+00	   8.7071753480944380e-01	   0.0000000000000000e+00	   4.0793773027933289e-01	   6.1648424035701421e-01	   5.4487708789675149e-01	   8.4778700172291610e-01	   5.3827454686700271e-01	   6.0789881213790387e-01	   2.0206390773492566e-01	   1.9884367412804610e-01	   4.6724649377121957e-01	  -2.0135018723335357e-01	   3.5973347281093992e-01	   3.7214331050918553e-01	   4.1148633909709142e-01	   3.0660487635566869e-01	   5.0978461028037481e-01	   8.2555997899454159e-01	   3.9149854004563645e-01	   4.1902459869550662e-01	   5.1061133226565325e-01	   4.3080938403456803e-01	   6.9105473718078159e-01	   6.3080466084717290e-01	   5.5874669055913984e-01	   5.7948045614443666e-01	   2.9700583690426341e-01	   5.7827330265355881e-01	   1.2465574242899549e-01	   1.1044080560257047e-01	   3.8267135002389224e-01	   3.7818621179924822e-01	   6.9288631831774666e-02	   2.4274896550616532e-01	   4.2014978590454455e-01	   3.5261413233271716e-01	   4.2684366553525677e-01	   3.6975421770093730e-01	   5.3254479827695100e-01	   4.5262802102748789e-01	   4.1572511023609626e-01	   4.6392281245595735e-01	   4.5878455817607144e-01	   3.8637098347958432e-01	   6.2692549737816228e-01	   3.3563552420231241e-01	   5.0546702095846308e-01	   4.5262110653308762e-01	   2.0660910722551518e-01	   2.5217497350601104e-01	   7.0902709323161561e-01	   6.2807077458529081e-01	   5.3554460831718442e-01	   7.5296344003234417e-01	   3.4414516125732220e-01	   3.5003569712257154e-01	   1.0844855778795831e-01	   5.6394027962821858e-01	   6.1382480705665909e-01	   6.2678218471843172e-01	   3.1337559879330606e-01	   3.8336464684114654e-02	   2.7021213349771089e-01	   1.6760105548895693e-01	   2.6542746508385490e-01	   1.0699208680144466e-01	   2.2150993225389515e-01	   1.9478704242094730e-01	   2.0364989831212091e-01	   3.2149225918224422e-01	   3.8923925195687836e-01	   4.4751217205228055e-01	   4.2980238903243934e-01	   3.7855141692355243e-01	   4.3896714569358974e-01	   4.9268529605062128e-01	   3.0042352619717588e-01	   3.9783394597512489e-01	   2.3204663079821777e-01	   1.7845479329912606e-01	   4.5182716204777240e-01	   4.1935630948850278e-01	   5.9549275748020025e-01	   3.4066606352575018e-01	   4.2030321192434617e-01	   1.8904791912909347e-01	  -2.9055188659863958e-02	  -9.3593949172724150e-02	   2.2110834352146902e-01	   2.3084396538025051e-01	   4.6542249600320196e-01	   4.2577099466541957e-01	   3.2584471397158149e-01	   3.5880054005875428e-01	   2.8075960211743545e-01	   3.3363807754934788e-01	   3.2302047296747838e-01	   3.2006763412484301e-01	   1.5474459897790513e-01	   2.8872749423862160e-01	  -3.4888940605441857e-02	   1.2047711589648152e-01	   2.8474811177049536e-01	   3.4104129564058988e-01	   2.4730257712890313e-01	   1.4943280527472236e-01	   1.1632430460246897e-01	  -1.1304705157169166e-01	
   9.4207677581158089e-01	   7.0789546272762149e-01	   6.8350061509039484e-01	   5.3437450688300447e-01	   5.5163645190652455e-01	   3.6134734322726020e-01	   7.8975229138239655e-01	   5.3682988656199593e-01	   7.3811762576847195e-01	   4.0793773027933289e-01	   0.0000000000000000e+00	   8.5965194768622211e-01	   1.5937874730576678e+00	   6.4560927576672622e-01	   8.9318855237427952e-01	   4.8970891071227762e-01	   8.4387398525842083e-01	   7.4676577983181125e-01	   8.0551109867062332e-01	   4.1070123396174973e-01	   1.1471253785947932e-01	   5.6306067429664673e-02	   3.6279832419766350e-01	   2.5643810327881039e-01	   3.1477150952189492e-01	   2.7558309371500045e-01	   3.0865243387745805e-01	   3.2476195693590609e-01	   7.4534831886521780e-01	   4.7079323233559334e-01	   3.3809865003488415e-01	   2.7093612035300335e-01	   5.4455198220897394e-01	   5.3688166814159788e-01	   3.3011046699366375e-01	   2.8906329799144420e-01	   1.5003609523871564e-01	  -5.8637104394970281e-02	   3.7592634168785782e-01	   2.4988226269966096e-01	   9.5314844586230241e-02	   1.0733786476698863e-01	   2.3298993433594969e-01	   2.0111143459813122e-01	   1.5295095737911513e-01	   1.7057848260494696e-01	   3.5419279207477544e-01	   3.2774755425310442e-01	   1.2433136533053195e-01	   2.2110243942733396e-01	   3.8349542888876587e-01	   2.4139635428671541e-01	   4.2127497120578183e-01	   4.6081193942181886e-01	   5.5797319974099335e-01	   4.7071753227130469e-01	   8.5836205446301139e-01	   6.8277251320540910e-01	   8.7541402588432027e-01	   4.2463130040746244e-01	   9.6548500038366780e-01	   4.3953339594797969e-01	   9.4394121318852231e-01	   2.1555741507160731e-01	   4.6779279440031984e-01	   5.0771732926421387e-01	   3.1041780090837173e-01	   1.3091058297584485e-01	   6.2943950930001558e-01	   3.8706591095443899e-01	   1.1761546091688632e-02	   1.2599984063493932e-02	   4.0871671223521594e-01	   2.4570606680443685e-01	   3.3307821401997645e-01	   8.6921111847466079e-02	   4.7327281508058996e-02	   1.0161609843666087e-02	   6.2679696555240971e-01	   6.2685420949628723e-01	   8.4735328422881073e-01	   6.2586848926059580e-01	   6.5851924196867528e-01	   3.7588717564154267e-01	   9.4603132549982727e-01	   5.6881037847805316e-01	   4.1036254826376234e-01	   3.3223328554281556e-01	   8.8592367291530072e-01	   5.5913125042583967e-01	   3.1743712178476963e-02	   2.2183791000840714e-01	   8.5343202675805085e-02	   2.6908744358440873e-01	   1.8248864789689134e-01	   5.6860547909268512e-02	   4.2707593816449468e-01	   3.1033097266358045e-01	   2.6793099822669297e-01	   4.2780391675232765e-01	  -6.9607234607528767e-02	   4.8853111903340346e-01	  -3.1179524423278766e-02	   1.5842228241867534e-01	  -2.7542604027006458e-02	   4.8683179960803454e-03	  -2.2614704733050797e-02	  -8.0388608623838967e-02	   1.0197412238714965e-01	   1.6078089055503031e-01	   1.4221458357050287e-01	   1.4128747223471066e-01	   1.7772043157005607e-01	   9.0762353498506657e-02	   4.7809643281549553e-02	   3.9438775311338653e-03	
   6.1125508166352982e-01	   4.3719381475486696e-01	   3.1656311547082988e-01	   6.8640918798582540e-01	   5.7675950325145797e-01	   6.0261248120357347e-01	   5.9252295206627459e-01	   9.7254632494075133e-01	   6.0404966180176045e-01	   6.1648424035701421e-01	   8.5965194768622211e-01	   0.0000000000000000e+00	   9.3620924932803062e-01	   1.2682146750973253e+00	   7.2357154087568643e-01	   7.9448898894635778e-01	   5.7704834251526349e-01	   5.5945597032658756e-01	   6.9579303937563652e-01	   2.3336287544465115e-01	   1.5481962950517497e-01	   1.7828010306775244e-01	   2.6913672226146923e-01	   2.6246741155476938e-01	   2.7320119734462656e-01	   3.9190665843207328e-01	   3.8056015653868286e-01	   4.2205363343132768e-01	   7.5031910393624623e-01	   7.9942894977636170e-01	   4.5370277911050494e-01	   4.6567027826422142e-01	   5.8255715676861064e-01	   7.0229776814861467e-01	   1.7075410166967192e-01	   3.8761684720932432e-01	   5.5432628407701464e-03	  -1.4630943760784590e-01	   2.2311418458034094e-01	   1.8953690961665506e-01	   6.1580008865527981e-02	   9.3423158045062349e-02	   5.0093650656180033e-01	   4.8371612900732425e-01	   3.6589189499298658e-01	   3.8788490059930625e-01	   4.8615983389867512e-01	   4.3978693040196448e-01	   3.9691080527650002e-01	   4.8587650502546403e-01	   5.3006762262779838e-01	   4.8650419823761804e-01	   5.0792260236666409e-01	   3.8733519235077879e-01	   5.1449455971745106e-01	   5.6714173760145714e-01	   5.2341431195192212e-01	   5.4371573505999482e-01	   9.0302038168863064e-01	   8.0000430499436981e-01	   7.5602798282471484e-01	   9.6528681777741243e-01	   7.3127169715996843e-01	   7.8415564983369535e-01	   9.0322117685364980e-02	   5.5529285780882987e-01	   4.5281144321270861e-01	   4.8519991947513896e-01	   3.4625838383872776e-01	   1.6991521537675786e-01	   1.4020101339393806e-01	   1.1045032218659398e-01	   5.2059964531745084e-01	   3.7746577472009873e-01	   4.6666002018908925e-01	   3.3477607420532662e-01	   3.9790508242650968e-04	   1.0302135002507815e-01	   6.3616267072678923e-01	   7.5704366042022619e-01	   6.9925497101410783e-01	   6.5820699042238462e-01	   4.9785354221530009e-01	   5.4261804129223790e-01	   5.2746197186661337e-01	   6.8664392021426157e-01	   3.1600545386178813e-01	   2.8701667034473116e-01	   5.7230043660163143e-01	   5.5590376293236943e-01	   2.3800743283794043e-01	   1.7579840112859513e-01	   2.4606824571589403e-01	   1.1633223680355659e-01	   1.7224607888477003e-01	   4.6182783982089991e-02	   4.0965234652296706e-01	   3.3462821916697888e-01	   4.9662229577093453e-01	   4.5423395265730587e-01	   2.6170950872375121e-01	   3.5616545742451289e-01	   1.7902338090989520e-01	   2.6489193024566227e-01	   2.0084752058155927e-01	   6.3896114572999763e-02	   1.9247056007642205e-01	   1.8813828676207642e-01	   9.1832392678190655e-02	   2.3484081442168589e-01	   1.5220129984439104e-01	   2.7281976924790780e-01	   3.6695084785109527e-01	   1.3332082742792156e-01	   4.0184648254030571e-02	  -1.3534326675032302e-01	
   8.3944603774562565e-01	   6.0260319521557937e-01	   7.6659012470268173e-01	   7.0162268733872690e-01	   5.4434690468812086e-01	   4.6197608789151012e-01	   8.6054429459424764e-01	   6.7494425868474572e-01	   7.9606544275623681e-01	   5.4487708789675149e-01	   1.5937874730576678e+00	   9.3620924932803062e-01	   0.0000000000000000e+00	   8.7353401051344304e-01	   1.0674673717426071e+00	   7.0787490205061065e-01	   7.0593760915812276e-01	   6.7830618866226966e-01	   7.5372796863155567e-01	   2.4830651476878662e-01	   1.1373834084446796e-01	   8.7315223377004980e-02	   4.0605527152091686e-01	   3.2311120134009608e-01	   3.2226101523582346e-01	   3.3438516296976428e-01	   3.7479837999087023e-01	   3.7876898356051936e-01	   7.4576000396166242e-01	   5.3643660984368191e-01	   4.3632820052352939e-01	   3.7783841981618699e-01	   5.7887833834097580e-01	   5.7340577241253432e-01	   3.3901122398161587e-01	   2.9473370313397479e-01	   1.5589783398560506e-01	   2.4639669274207354e-03	   3.9511818327086079e-01	   2.9900164577694971e-01	   1.4379057966814873e-01	   1.8441260656499819e-01	   3.1116296367867058e-01	   2.7027811672407287e-01	   1.7501213439490360e-01	   2.0238456950228156e-01	   4.0347401671605049e-01	   3.7158563131210687e-01	   2.2110622701395818e-01	   3.1343822032904872e-01	   4.7967762163483652e-01	   3.7319063973993510e-01	   4.7744828225988778e-01	   4.3240251191190893e-01	   5.7018800239082634e-01	   5.2528292039529700e-01	   7.3078876311694307e-01	   6.1938915514557602e-01	   9.7887511158538221e-01	   5.3482213249995503e-01	   8.7534428068177195e-01	   4.3985340660635719e-01	   8.3236801615972755e-01	   2.6632539984574383e-01	   4.6276180989064120e-01	   5.4763970848379040e-01	   4.0211866969776811e-01	   2.4580167753117321e-01	   5.1996425066571050e-01	   2.8109547994969364e-01	   1.0983309964328529e-01	   9.2454641785151184e-02	   4.8339875218138706e-01	   2.7890812370524876e-01	   4.0670111614241961e-01	   2.0156305407195252e-01	   1.3871551387012715e-01	   1.2498752310920214e-01	   6.7554313638119612e-01	   7.4197360961189740e-01	   7.9234996759490817e-01	   6.7138234311425482e-01	   7.2982645101594024e-01	   5.3166874209799786e-01	   8.2042869225680382e-01	   6.6450857824181042e-01	   4.6640157222470446e-01	   4.0967026726996675e-01	   9.0122456150190722e-01	   6.4309658332108632e-01	   1.9677499993597580e-01	   2.9986620168131373e-01	   2.2730059613725964e-01	   2.8828822295367473e-01	   1.9226102656847077e-01	   1.1026250990094003e-01	   4.3609520821630848e-01	   3.6811969507211473e-01	   4.0366558768529032e-01	   4.9991682503519858e-01	   9.9257749097188500e-02	   5.5156598711842786e-01	   1.3659047061527835e-01	   2.8970940318141952e-01	   1.3002154469345262e-01	   1.1019147402297365e-01	   1.2766631674075690e-01	   6.3147984779909572e-02	   1.3815421315263354e-01	   2.0792460542532976e-01	   1.5756385298009154e-01	   2.1488453218618303e-01	   2.6186687799668534e-01	   1.5476507429745015e-01	   1.0503905919559689e-01	  -2.9272013573139789e-02	
