   0.0000000000000000e+00	   7.0115112910402388e-01	   1.6680837237947485e-01	   2.1226335289059606e-01	   2.7411637642034453e-01	   1.8966931743912327e-01	   3.3843560482063190e-01	   3.4487371489467211e-01	   1.4078280126821296e-01	   1.2130724740293763e-01	   9.0982814054384520e-01	   8.6710432934043791e-01	   3.1417650139394371e-01	   3.9462952621646380e-01	   8.6440980010083102e-02	   1.8211822068985851e-02	   6.4247847639186639e-01	   3.4805609703215640e-01	   8.2197362136992080e-01	   3.4138918266203377e-01	   8.5626455490202563e-02	   1.1028171387613485e-01	  -2.1808212892704012e-02	   1.3041639606622558e-02	  -7.7030180923934488e-02	  -1.2531718311383330e-01	   7.4645705012479038e-02	  -3.2697152404452729e-03	   4.3797983232353915e-01	   4.4224782187828082e-01	   9.7051960705985790e-02	   1.0520307746038915e-01	   3.2852318177676249e-01	   3.1798166418430363e-01	  -6.4601228673749247e-02	   2.6447253091201276e-02	   1.2903433652121890e-01	   7.5548697218248417e-02	   1.0787783964381049e-01	   1.3811892540899298e-01	   1.4453313161965417e-01	   1.9543577167081680e-01	   6.3173444118453370e-01	   7.1443892397391184e-01	   4.0877927049305096e-01	   5.5312615301848500e-01	   7.0996666230998107e-01	   5.9711147591472313e-01	   5.9119290947397019e-01	   5.4315725736803278e-01	   5.9782413298903614e-01	   5.2255607393082659e-01	   5.6315507920025676e-01	   3.6237163109797804e-01	   5.8116479735799931e-01	   6.4959411233989417e-01	   1.0989618066746882e+00	   7.8686965947041010e-01	   5.7797986215041885e-01	   5.5744478666410702e-01	   5.5379653654648342e-01	   3.5863950042400378e-01	   7.0990583456854695e-01	   5.6053776068130168e-01	  -1.6555292631952029e-01	   2.3089117060266398e-01	   3.4373028995912785e-01	   3.6698184798650357e-01	   2.3426852222279193e-01	   3.9178497538904683e-01	   4.4007274679756525e-01	   3.7146444374918797e-01	   3.1424287697256154e-01	   3.8746762820286551e-01	   5.6527392305535207e-01	   4.3152105806715357e-01	   7.6424534904358976e-01	   6.6104895003480513e-01	   3.3843871427128885e-01	   2.6114010005760446e-01	   4.6025831571075387e-01	   3.0535366577654094e-01	   2.2266049007289243e-01	   3.8102953755749497e-01	   1.2765246219769075e-02	   1.5316885480228670e-01	   7.2297790878092544e-02	   2.0972159203498567e-01	   2.8004680124311726e-01	   4.4811483827897319e-01	   4.0549874630108784e-01	   2.4605359038213082e-01	   1.7518543111483884e-01	   2.2970273780237455e-01	   5.9937548249244112e-02	   2.2284099629179943e-01	   2.7130306864690645e-01	   4.0067505562141809e-01	   7.0489846010272850e-01	   7.5342188994037906e-01	   4.5411844526784090e-01	   5.4595175312706368e-01	   5.9191206034725219e-01	   7.9625580740578861e-01	   3.4024361355067401e-01	   1.6223504212276646e-01	   3.2403795086791981e-01	   2.4691712397545906e-01	  -1.0208484394540981e-01	   1.0554344553301861e-01	   3.0243182317903816e-01	   5.7709362051234137e-01	   5.2680426245886036e-01	   4.7105751534696660e-01	   2.1412992824677243e-01	  -3.5038306120952880e-03	
   7.0115112910402388e-01	   0.0000000000000000e+00	   2.0906529125192141e-01	   4.5277836500328972e-01	   2.5742019024804963e-01	   1.7956518440126945e-01	   2.9801482820139907e-01	   3.9900183761863861e-01	   2.4848219864555079e-01	   1.6142613693782232e-01	   4.0847235271745791e-01	   6.5072507806189428e-01	   3.9766999845186690e-01	   3.7183022089465673e-01	   2.3314852114946633e-01	   8.9147702487005306e-02	   7.0472915605933328e-01	   6.7948108984586886e-01	   1.0215743950034171e+00	   7.4407737739770574e-01	  -8.1664392467880806e-03	   8.8458356985709377e-02	   1.0783493459612582e-01	   1.5851838545249805e-01	  -1.4247257063693409e-02	  -2.2878627983027460e-02	  -5.3105761186192049e-02	  -2.2260253818558191e-02	   6.2480434926250683e-01	   7.9104697268493485e-01	   1.8296744299232123e-01	   2.2303575775219597e-01	   6.5692423420661861e-01	   7.6023467419762891e-01	   7.3598530987718819e-02	   2.4853129244154648e-01	   3.1283002996134168e-01	   3.4566885288728783e-01	   3.3890130141764796e-01	   4.1570353657207837e-01	   4.7929744595145807e-01	   4.8353207053515379e-01	   6.9080370708085226e-01	   7.9641230680365871e-01	   6.1003114111521251e-01	   7.6930732396315860e-01	   6.2046553768666379e-01	   5.4310186349315370e-01	   6.5903379028985176e-01	   6.2536093391178005e-01	   5.8165204171460716e-01	   5.9231400286400493e-01	   5.7801145053437886e-01	   5.1400407571168472e-01	   5.8543447423444905e-01	   6.4717226322463173e-01	   7.5309584122067175e-01	   9.7829235809818893e-01	   3.6713851836417177e-01	   4.3559424018051623e-01	   4.0881836130181903e-01	   3.4297232115272680e-01	   7.2942856934861156e-01	   7.0190835065965551e-01	  -9.4693102605347773e-02	   2.9963056509213964e-01	   4.8855237158523224e-01	   5.9075499486418215e-01	   6.5652508737938486e-01	   7.8469874930858141e-01	   2.2538021830026800e-01	   2.0913133700297801e-01	   2.9975900550360340e-01	   5.5682003147707071e-01	   4.9309211688332388e-01	   5.4526878808706847e-01	   8.1922351284768880e-01	   7.5555840563078369e-01	   4.2529688310992408e-01	   5.9445825070045877e-01	   6.6090424656462132e-01	   6.1543819964050495e-01	   3.3469689642155703e-01	   7.5542615663415180e-01	   1.3306355123346861e-01	   3.5472029636055930e-01	  -8.4214434531873272e-02	   1.4365401557283694e-01	   2.8202043206034005e-01	   5.7881365488784786e-01	   1.9638623709427264e-01	   5.4971710967883530e-02	   1.0942044873165739e-01	   1.3324162076546026e-01	   4.8698584458387255e-02	   2.8501848163599075e-01	   3.9834329601731605e-01	   3.5732560617091130e-01	   5.5635632730439888e-01	   4.3958067371427578e-01	   3.3816972106941479e-01	   3.5473360974566143e-01	   5.0290394067535260e-01	   4.6107645452644330e-01	   2.8272682645860886e-01	   1.3424494267089435e-01	   1.7217365960535084e-02	  -4.7527444739688569e-02	  -1.2156579595670051e-01	   1.0316453907390974e-01	   1.8909990630111725e-01	   3.1267966235225564e-01	   4.3111341745066051e-01	   4.1138608945596855e-01	   2.7156988605201016e-01	   1.5582852325670413e-01	
   1.6680837237947485e-01	   2.0906529125192141e-01	   0.0000000000000000e+00	   9.9977220389708799e-01	   1.4463816060815082e-01	   1.2801409331723637e-01	   5.9541655102503699e-01	   3.8667724216909727e-01	   3.0744314239535975e-01	   7.8457367041218931e-02	  -2.9477400799951134e-02	   9.3920335082166809e-02	   5.1235251378820124e-01	   4.8450302674430745e-01	   6.5995227904432707e-01	   5.6147250101875112e-01	  -5.8684165008240211e-02	  -1.4722036944183000e-02	   2.8976369953476583e-01	  -2.2095592229700012e-01	  -1.7476532598803385e-02	  -1.9827635074959080e-01	   1.3767289511464709e+00	   1.0300603093568135e+00	   8.2167309284361756e-01	   7.2285056495119060e-01	   2.4299266886261991e-01	   3.9922321220121038e-01	   9.1005238766456859e-02	   1.2218455072478067e-02	   8.6610826976750022e-01	   6.5403356762766407e-01	   6.1788038589318250e-01	   3.7943520980578682e-01	   8.2192117647803364e-01	   6.2728023431668489e-01	   2.1239976325153440e-02	  -1.5452721077574057e-02	   1.1497294625666492e-01	   5.4681627197085983e-02	   6.5762893386991553e-02	  -1.4853022561252652e-01	   3.8914954764972831e-01	   2.6760434047073867e-01	   4.8983472995650740e-01	   4.1011742129123407e-01	   3.1657256698732372e-01	   2.8072261901840712e-01	   1.5325055573463880e-01	   1.6372490327678751e-01	   1.8280237104732636e-01	   8.2948380599543237e-02	  -1.1137696935517638e-02	   2.7094499098126730e-02	   2.3693180636179553e-01	   1.8371720949222842e-01	  -2.9093138345692694e-02	  -9.8539995305982897e-02	   1.6326695763238680e-01	   3.6705734723351494e-02	   2.5103847273246982e-01	   1.5620427376818877e-01	  -8.2863753793943229e-02	  -1.1606722961653801e-01	   9.4711850038812972e-01	   4.5414272314929738e-01	   6.1004641392950554e-01	   4.6628922727014743e-01	   3.4202346911373477e-01	   6.8649112629672868e-02	   2.1920849187679053e-01	   2.3418184833423489e-01	   1.5125501311952827e-01	   1.8626388349522635e-01	   1.9652768627318287e-01	   1.5304983249982718e-01	   2.8000255222404541e-01	   2.5101081811242154e-01	  -2.5984874401993759e-02	   7.1006920917251817e-02	   1.5867997218332758e-01	   2.6951718655339241e-01	   4.7099172202645223e-01	   9.0121199717303896e-02	   1.1433320236675575e+00	   1.0970637025218577e+00	   4.9658606509170353e-02	   9.1458946798978494e-02	   8.5969722459984732e-01	   5.5995149436339042e-01	   3.4706715903827251e-01	   5.5193767044163455e-01	   6.0774365134823205e-01	   7.8392636613101541e-01	   3.2795554627828200e-01	   2.7669694341521089e-01	   3.9261735639341611e-01	   2.8165937458848805e-01	   1.9658409691158218e-01	   2.5010686722609521e-01	   1.3480955722112231e-01	   2.8818807270865587e-01	   8.4484111642606829e-02	   9.2840844338640552e-02	   1.1266696169825671e-01	   4.1544160716818757e-01	  -1.9177421400342360e-02	   8.3123224906414564e-02	   8.9767899939515311e-02	   3.9202577985232873e-01	   3.4926825239838744e-01	   1.7853461834697476e-01	   1.6473001454569419e-01	   3.8757932946814949e-01	   3.8465548406752559e-01	  -9.8934356607335669e-02	
   2.1226335289059606e-01	   4.5277836500328972e-01	   9.9977220389708799e-01	   0.0000000000000000e+00	   1.4736011231068755e-01	   2.1398652402269192e-01	   6.4675825551295063e-01	   7.0400509331444261e-01	   2.8296079441423738e-01	   1.9040102379524684e-01	   4.8844178459997362e-02	   1.9032773308652362e-01	   5.6001466158606417e-01	   4.7835433591013132e-01	   4.9116291548373392e-01	   5.2339553361763225e-01	   7.6711663427215943e-02	   1.1156760426126305e-01	   4.4825106731307784e-01	   8.4412471565928876e-02	  -3.4211610029078438e-02	  -6.2256940238600546e-02	   9.3057720205704209e-01	   1.0065665815241209e+00	   5.9491311836820715e-01	   6.1465017072912254e-01	   1.8423457497555101e-01	   3.6325072982226242e-01	   1.3194119502845392e-01	   2.7948160841273101e-01	   7.3266170721258672e-01	   6.6696167473024226e-01	   8.2479373850238002e-01	   6.6591313558505372e-01	   7.0172654712454119e-01	   7.4886049155529422e-01	   5.4635227695647888e-03	  -4.1627850865354456e-02	   1.2403500238065851e-01	   1.1740540577580569e-01	   6.8333992305277910e-02	  -5.5879334615049805e-02	   3.7012199677339547e-01	   2.9121524104949792e-01	   4.1809689353051160e-01	   4.1052457109107998e-01	   2.5897650055844212e-01	   1.6999275251254042e-01	   1.6628349421483199e-01	   1.3318492550621072e-01	   1.6641263450861454e-01	   5.8562122560967718e-02	  -4.1069891191003779e-02	   4.6294198302562761e-02	   1.1138940975342443e-01	   1.2130268167552669e-01	   1.0219989400569397e-01	   6.8882088975266112e-02	   1.8064470891302387e-01	   7.2449046630590971e-02	   3.7772735865523938e-01	   3.2487260236534660e-01	   9.6751100459442310e-02	   1.3281560716695190e-01	   8.3245513630354895e-01	   6.2228710729815084e-01	   5.4152030546155827e-01	   5.1450244003061918e-01	   4.8861295411767280e-01	   2.9805404201397429e-01	   2.4656033783203396e-01	   2.3068764428510580e-01	   1.1985640340557951e-01	   3.3011952722905874e-01	   2.2144922706794387e-01	   3.8315284468825356e-01	   3.7209000882036070e-01	   3.2515761188368913e-01	   9.0282420398444432e-02	   1.8188422692799927e-01	   2.7296101800140915e-01	   3.9162425529475142e-01	   4.2002195858993352e-01	   2.1349282360747440e-01	   8.2258700600603918e-01	   1.0334582112072475e+00	   4.4810294750902029e-02	   1.2037658100560490e-01	   6.7766430225908669e-01	   5.6009212186468271e-01	   2.1468450910145331e-01	   2.2687667966814545e-01	   5.4339777497393227e-01	   5.3712801765030371e-01	   3.4161410011723820e-01	   3.4141901956849824e-01	   3.2696161989191863e-01	   2.9816161717566925e-01	   1.4313937821030961e-01	   1.4684361643663793e-01	   2.2570464574099705e-01	   2.4187225320089450e-01	   1.2438342400359820e-01	   8.5123800120777929e-02	   1.2142568480246835e-01	   3.5247384480580840e-01	  -1.6380221854781316e-01	  -1.5943785138027444e-01	   1.4348622272106101e-01	   3.7298147419958916e-01	   2.8389950245292772e-01	   1.2585858366814717e-01	   1.2200614487663607e-01	   3.8204055833028538e-01	   3.6755605555238485e-01	   3.1642666388926322e-02	
   2.7411637642034453e-01	   2.5742019024804963e-01	   1.4463816060815082e-01	   1.4736011231068755e-01	   0.0000000000000000e+00	   1.1638935096310410e+00	   5.1672561280823692e-01	   3.8634658939693212e-01	   8.9095918155525577e-01	   8.7227394717349838e-01	   2.1407272380815653e-01	   4.2002202054417093e-01	  -3.4723516566073399e-03	  -4.2662639882438930e-02	   4.2057749198297062e-01	   2.4396742825147277e-01	  -2.4230448790950165e-02	  -9.2112039345037824e-02	   3.7374313369841639e-01	   3.0471519403195624e-01	   3.7935612800954727e-01	   6.9442657808169495e-01	  -5.5491369338888409e-02	   6.9767721310488889e-02	   2.3594243510520706e-02	   2.2834059799195804e-03	   8.1449461271505630e-01	   5.2358601825128881e-01	  -8.4948338257708478e-03	  -6.2673321068993551e-02	  -7.8723960196080106e-02	  -1.1369693862475461e-01	   1.5253870649650067e-01	   2.0687227734689084e-01	  -1.7305481640620674e-01	  -8.1077935354936764e-02	  -3.5293585499276463e-02	   3.5494278621672669e-02	   1.4738184793999062e-01	   3.1911657775816538e-01	  -4.7556247397449534e-02	  -4.9303180816714184e-02	   3.0278752827984085e-01	   3.3205316416864944e-01	   4.9886358366081263e-01	   4.7822034293028692e-01	   4.5524803000896835e-01	   3.7110988194227229e-01	   7.4203042441707878e-01	   6.5142244743152933e-01	   6.2244489092546218e-01	   6.2571536777510350e-01	   6.7060120486349895e-01	   4.4354902557049930e-01	   5.5777589905530145e-01	   6.5668817888406406e-01	   2.9570476713558619e-01	   4.2521558572080387e-01	   9.6561242522418922e-01	   9.2674450590364621e-01	   7.4423485376673360e-01	   6.7016920158326798e-01	   3.1684696187021394e-01	   4.7747755509754186e-01	   7.2217193889388036e-03	   5.2575438608817593e-01	   3.9269735428449931e-01	   3.3912629050520521e-01	   3.2042288335917851e-01	   5.3182893063787939e-01	   3.1193198149272716e-01	   3.1356822948172897e-01	  -8.8971963557993139e-02	  -1.5472475453937054e-01	   2.6316502001403001e-02	   2.5634371452769977e-02	   5.8780694306114017e-02	   4.3681912904722120e-02	  -3.0546705022774290e-01	  -2.5398819595358091e-01	  -1.9524722837246947e-01	  -1.9353564852711444e-01	   8.4862916202816704e-02	   3.6457316428695569e-02	  -6.3415485199918922e-02	   1.3099372759762148e-01	   4.1883155390609897e-02	  -3.5734218019933095e-02	   4.6678112269555783e-01	   6.9838039794357309e-01	   2.9921160837970007e-01	   2.3071322417396523e-01	   1.3007966939271437e-01	   2.8408801346693535e-01	  -5.8386583503412762e-02	   9.9233439927416331e-02	   2.0054531075292295e-01	   1.4664211258040999e-01	   4.1918847191942171e-01	   3.9484433141675573e-01	   6.6828574791089201e-01	   7.5262489287373890e-01	   6.4925585587371337e-01	   7.2118482606601586e-01	   5.7628948370267274e-01	   4.3442761411950709e-01	   3.0724520979759135e-01	   5.9702053235464891e-01	  -2.3912446986925115e-02	  -1.0255683064311601e-01	   1.6831955640835311e-01	   2.0958186447846619e-01	   4.5631257707525491e-01	   1.9708549741444956e-01	   1.6787003821759910e-01	   1.1265369295912919e-01	
   1.8966931743912327e-01	   1.7956518440126945e-01	   1.2801409331723637e-01	   2.1398652402269192e-01	   1.1638935096310410e+00	   0.0000000000000000e+00	   5.5875108933620266e-01	   4.6352620220814544e-01	   7.9418004009438281e-01	   1.0415925496450757e+00	   2.6522886687202779e-01	   4.0587995248263098e-01	   7.2278821059099441e-02	   4.8101905464106615e-02	   5.0529141541740907e-01	   4.7401234200884856e-01	  -3.7610050312451751e-02	  -1.1426894361361251e-01	   3.6378642036296471e-01	   2.8828523060345806e-01	   3.5049541755491304e-01	   6.8581670201008005e-01	  -9.5622451998176577e-03	   1.3175282104687550e-01	  -6.7216048716852314e-02	  -2.8996981437103752e-03	   6.8856484985492028e-01	   5.0063895556556526e-01	   9.7582377735331613e-02	   6.3279876648169128e-02	   8.0987102663744592e-02	   6.0367488294545919e-02	   1.3962066643721860e-01	   1.8891369709615452e-01	  -2.2190390077879496e-01	  -1.1137095147747948e-01	  -7.1267637022457989e-02	  -1.3792728970598685e-02	  -6.7919954917158687e-02	   1.1238392409794246e-01	  -1.2930777411132574e-01	  -2.0969126543096900e-01	   1.9433532519973179e-01	   3.1889322420660959e-01	   3.4506555855760351e-01	   3.9605844317562272e-01	   3.0967633915800413e-01	   2.7497654989322062e-01	   5.5974528876505181e-01	   4.9515746314142828e-01	   5.0033293775424548e-01	   4.5126330541406401e-01	   5.7242877665343350e-01	   4.4628168618224739e-01	   3.4887041685401626e-01	   4.4448864996976378e-01	   2.1174167929137544e-01	   3.3765483070315194e-01	   8.2983704229539590e-01	   8.9971384235855423e-01	   7.6702968848193376e-01	   8.0344205433703808e-01	   3.2232348707741626e-01	   5.2726064042526488e-01	   4.9478455033583835e-02	   6.4048395071466557e-01	   3.5404441332884756e-01	   3.3037840179514916e-01	   3.2078996069774512e-01	   5.1876703118151890e-01	   5.0883953873760590e-01	   5.6671253746457040e-01	   3.5962161637223364e-02	  -1.3686968417148895e-01	   8.3495822656018084e-02	  -9.3201152185345155e-03	   5.8658450978556827e-02	   8.1126623214588342e-02	  -3.1459498674617459e-01	  -2.7134762364681075e-01	  -2.0964909997676551e-01	  -1.5764692933157082e-01	  -2.5330481066645203e-04	   4.2197689394983424e-03	  -8.4940808263960971e-02	   1.5432338893225123e-01	  -9.4333827730979730e-02	  -2.6312007990006625e-01	   2.9041618170388789e-01	   6.1253517846770889e-01	   2.5504264388623027e-01	   1.9899759231530936e-01	   9.6971380667777635e-02	   2.1795392693354393e-01	  -6.6722681566130121e-02	   1.1042808880604446e-01	   8.5812257149468357e-02	   1.2431077666919954e-01	   3.1832032901508817e-01	   3.4147628065398217e-01	   7.2820671580947283e-01	   7.3386400218425918e-01	   6.7056537674673111e-01	   6.8762675199323620e-01	   4.5393765873601089e-01	   3.4338176181276159e-01	   1.0790533937217041e-01	   6.5234879642327093e-01	  -3.7384718300467704e-02	  -7.5980513873636246e-02	   8.1911201602327899e-02	   1.8346711594360174e-01	   4.6893521444805941e-01	   2.0283291348831986e-01	   1.3309077803511823e-01	   9.6963530717569704e-02	
   3.3843560482063190e-01	   2.9801482820139907e-01	   5.9541655102503699e-01	   6.4675825551295063e-01	   5.1672561280823692e-01	   5.5875108933620266e-01	   0.0000000000000000e+00	   1.3835891062033010e+00	   7.6645065674019919e-01	   6.2687762212245268e-01	   4.6706959970487960e-01	   6.1941486929559497e-01	   5.3847491396015812e-01	   5.9227768271795733e-01	   5.9342601307914078e-01	   5.9061250292667555e-01	   7.8126766170968392e-02	   2.0638476662440799e-02	   4.2454133609565964e-01	  -6.2607073997162394e-02	  -8.3572417194737209e-02	   1.5980912425301277e-01	   3.6569487602963457e-01	   4.9042086659266926e-01	   8.3297838990233519e-02	   4.8200890465417673e-02	   2.7006566206331972e-01	   3.4366246822664509e-01	   2.1943377939899689e-01	   2.8709402924734151e-01	   1.8419475860203072e-01	   1.6494682201799929e-01	   3.3987674573616877e-01	   2.7090159102326355e-01	   3.3536298801350638e-02	   5.6225841825678205e-02	  -3.3985083300542056e-02	  -1.8775405075248736e-01	  -1.4146462491878911e-01	  -5.5894050745930748e-02	  -1.8706550711495509e-01	  -2.9649179179523266e-01	   4.5569661680191675e-01	   4.4924708875380071e-01	   4.0076197462830371e-01	   4.6123101014369955e-01	   4.6866446797862715e-01	   4.2895769737527284e-01	   3.3719165268515661e-01	   2.6557912512460335e-01	   3.1961495399447393e-01	   1.6895249272597479e-01	   2.3291200337745366e-01	   1.8407873390075680e-01	   2.5299323543590901e-01	   3.0504579805440762e-01	   1.9467069396009093e-01	   2.2777561309324365e-01	   6.7307380988782273e-01	   5.5113417818835653e-01	   1.0787667759707844e+00	   1.0100587080522327e+00	   3.0258752269855360e-01	   5.1390374583777998e-01	   5.5444576181272198e-01	   9.2643319412468050e-01	   4.9125100599385535e-01	   4.3173716113425942e-01	   1.7924535773718139e-01	   2.7901664629948703e-01	   3.6442897636431176e-01	   3.0084687596311477e-01	  -4.6648265133165390e-02	   1.5632071407239159e-01	   1.0314478572292189e-01	   2.2282492094355005e-01	   3.2488042216524021e-01	   3.4885437078601550e-01	  -1.6281223768106443e-01	  -3.7941881017780905e-02	   4.8152106189977027e-02	   1.2947579253489627e-01	   2.2030962985326460e-01	   1.9183263451139895e-02	   3.2956454981102878e-01	   5.0193241590423654e-01	  -8.0820299436971180e-02	  -1.6088077621793317e-01	   6.1089405008558462e-01	   5.4233315174452423e-01	   6.5399546060542757e-01	   4.9397689069992901e-01	   7.2168115370887542e-01	   7.7341753690680248e-01	   2.4863172109777515e-01	   2.8506627253592060e-01	   3.1777275141326677e-01	   3.1570930847657530e-01	   4.2785060014587134e-01	   5.0193973922060209e-01	   8.7734793281624057e-01	   8.8059381335772546e-01	   5.0943411113725867e-01	   5.1554892108446115e-01	   3.5861676701039502e-01	   3.5481877839852621e-01	   1.7534314466357309e-02	   2.5270359387510632e-01	   3.9858605273363462e-02	   2.2106614095001664e-01	   2.6284319028128911e-01	   3.5513268787385066e-01	   5.0827603107150265e-01	   4.4024852776156398e-01	   3.1638542004730363e-01	  -1.1712487435056953e-02	
   3.4487371489467211e-01	   3.9900183761863861e-01	   3.8667724216909727e-01	   7.0400509331444261e-01	   3.8634658939693212e-01	   4.6352620220814544e-01	   1.3835891062033010e+00	   0.0000000000000000e+00	   6.2922634380096343e-01	   7.2279889345107573e-01	   4.4078649188620783e-01	   7.1183743160657909e-01	   6.1934126192605610e-01	   7.4033350138310061e-01	   5.0871513029457605e-01	   6.2671509075461573e-01	   1.5678346576212876e-01	   1.4294452649659081e-01	   4.4369166268842325e-01	   2.8343161206824618e-03	  -8.8763905880511404e-02	   1.4091697083446958e-01	   3.1382050778235404e-01	   5.3424974245966494e-01	  -5.1568542339225226e-03	  -4.0216909692904715e-02	   1.5221936650600815e-01	   2.1256008791173775e-01	   2.3396283913398297e-01	   5.3487358585543654e-01	   1.2512511833958243e-01	   1.8657760199449058e-01	   2.6076947351364832e-01	   2.3413141299137941e-01	  -3.7994416455436789e-02	  -1.4265160501644518e-02	  -6.6385594511901735e-02	  -1.4573222157808119e-01	  -1.3962132371441666e-01	  -4.1006255139268158e-02	  -1.6957507743983408e-01	  -1.3201683304383008e-01	   2.9065781766462873e-01	   3.3291680870328072e-01	   2.0631952914997151e-01	   2.9781337661622936e-01	   2.8873513225263592e-01	   2.4086707015241005e-01	   1.7851305516486557e-01	   1.3593573132608469e-01	   1.4178928578028208e-01	   2.1723497094106658e-02	   1.2089228119192458e-01	   1.4810052311594138e-01	   9.7285467996203356e-02	   1.3957912498252353e-01	   2.7181815565452039e-01	   2.2585108769856554e-01	   4.7711563723094719e-01	   4.1738006272177458e-01	   9.0411704085400812e-01	   1.1319484593080666e+00	   3.1387195570831183e-01	   5.8754171176423808e-01	   4.7771188448498764e-01	   8.3990686792904357e-01	   2.5659756132376460e-01	   2.5519847321076528e-01	   1.4312580266729097e-01	   2.2689325334634453e-01	   2.3463215443065977e-01	   2.3535934439093398e-01	  -4.6499677244028155e-02	   2.6484435074003587e-01	   1.1537076415847367e-01	   3.3601308044203604e-01	   3.2180118581573625e-01	   3.5887205958276741e-01	  -5.4078750272773091e-02	   8.8729130646861901e-02	   1.5541274766208416e-01	   2.6828320448168097e-01	   2.5311866094564639e-01	   1.8865104132849947e-01	   2.5164070165496494e-01	   4.6589939321627172e-01	  -1.0114431837643682e-01	  -1.1238563913930406e-01	   4.8550775029194276e-01	   4.0565380766094206e-01	   5.5189598900633707e-01	   2.7633134000648563e-01	   7.4837034314466666e-01	   5.7018912668340072e-01	   1.6377757971486778e-01	   2.1354044830620644e-01	   2.1587252660841916e-01	   2.0633118596813282e-01	   3.1083040562759318e-01	   3.6302881465211484e-01	   8.4738632590387164e-01	   6.6428593467740804e-01	   4.3283071975503606e-01	   3.9615500368090883e-01	   1.6735000281870827e-01	   1.3392515543230291e-01	  -1.7022068242798685e-02	   6.4064955786765437e-02	  -2.6086383943735888e-03	   1.2913056462196443e-01	   1.0961787830540545e-01	   2.7907035925506957e-01	   3.7515293448663967e-01	   3.6990130811088245e-01	   1.7665065123596249e-01	   1.2519661940165789e-02	
   1.4078280126821296e-01	   2.4848219864555079e-01	   3.0744314239535975e-01	   2.8296079441423738e-01	   8.9095918155525577e-01	   7.9418004009438281e-01	   7.6645065674019919e-01	   6.2922634380096343e-01	   0.0000000000000000e+00	   9.8292291913134366e-01	   2.6991734538080164e-01	   3.8970759000745187e-01	   4.5813701765187248e-01	   3.2153882483426077e-01	   9.0072057935861205e-01	   5.2728264873548514e-01	  -1.1515439100627092e-01	  -1.2420614052466859e-01	   2.1755598033527940e-01	   8.1140459353724340e-02	   1.5377836182771099e-01	   3.3109275880423539e-01	   2.1989987333380290e-01	   3.1879936973464029e-01	   1.3892085709027677e-01	   9.8745701275276432e-02	   4.8598514320927888e-01	   4.8812741502515034e-01	   8.9095290598555671e-02	   1.0175205464287566e-02	  -3.6437920523995047e-02	  -1.1849628957393471e-01	   1.2756639035076386e-01	   1.1439083685185811e-01	  -7.3162029793909691e-02	  -6.9825152093953638e-02	  -2.0781805770300451e-03	  -5.9408495347980702e-03	  -3.4490642948980760e-03	   1.5357526330405305e-01	  -8.4854477565549091e-02	  -1.8944127605882863e-01	   2.0355119762315785e-01	   2.5435682344558846e-01	   3.7642500320067229e-01	   3.8392786617411079e-01	   2.8754911169380520e-01	   2.4458946838203549e-01	   4.6920896137363322e-01	   4.6112940328866026e-01	   4.6082723059738828e-01	   4.0038999005295733e-01	   4.3968785167641888e-01	   3.8672192956520057e-01	   3.7715019417215040e-01	   4.1313061201944123e-01	   9.4510558415373550e-02	   1.6267306834593756e-01	   6.9086507585285040e-01	   6.0130360923267978e-01	   7.5819701898670600e-01	   7.2999527792864283e-01	   2.0479438528812247e-01	   3.5985425264286852e-01	   3.0445143631100369e-01	   6.0833407419893626e-01	   3.4133522486115969e-01	   2.6599823028735264e-01	   3.4153648130048936e-01	   3.6007161693884604e-01	   1.9672548210029317e-01	   2.3105315915438218e-01	  -1.0295468297415680e-01	  -1.2685278686997448e-01	   3.4749643201913455e-02	  -1.5552696889098501e-02	   5.7594755209063070e-02	   2.6310549727817528e-02	  -3.7377788938140372e-01	  -2.0032132101859090e-01	  -1.5065465755433599e-01	  -8.1504728201223911e-02	   1.7884173776190815e-01	  -7.1256564482282569e-02	   2.2764657701615054e-01	   3.6564585565074120e-01	  -1.5659024939238167e-01	  -1.8697344821359327e-01	   6.3239602563764286e-01	   5.7945302103966279e-01	   2.5276153286184810e-01	   2.8766309109298238e-01	   3.0128209493038544e-01	   4.4965737392712335e-01	   8.0122761604819265e-02	   2.3338352295990078e-01	   1.9177867531861262e-01	   1.8821846423928082e-01	   2.0947998134750850e-01	   2.7001009098207263e-01	   6.0737060350491023e-01	   6.6444091540901773e-01	   4.2880679784326348e-01	   4.3794982405574423e-01	   4.2917698583829750e-01	   4.6636437007491405e-01	   1.2562117764834199e-01	   3.4014487466517618e-01	   6.0173725967744875e-03	  -6.1473115366887703e-02	   3.6505724717332669e-02	   3.6497729621415238e-02	   3.6154176066515381e-01	   2.5177977838015186e-01	   3.8211595686998806e-01	   2.5526889364417676e-01	
   1.2130724740293763e-01	   1.6142613693782232e-01	   7.8457367041218931e-02	   1.9040102379524684e-01	   8.7227394717349838e-01	   1.0415925496450757e+00	   6.2687762212245268e-01	   7.2279889345107573e-01	   9.8292291913134366e-01	   0.0000000000000000e+00	   2.5458712129907363e-01	   4.7593916998317365e-01	   2.2411578319875358e-01	   2.5251641421277665e-01	   5.9202991269864969e-01	   6.5864808582292711e-01	  -1.1249254020064310e-01	  -1.5839957066988694e-01	   2.4338851394388747e-01	   1.3323061657430596e-01	   2.1670994278785127e-01	   5.3033140375828647e-01	   6.3409992328629927e-02	   2.7661653475254960e-01	  -5.7325602642915002e-02	  -9.5146309507958299e-02	   5.5822144985649480e-01	   3.7643719096469580e-01	   1.2130400127424269e-01	   1.5744063788815255e-01	  -6.5972337679012588e-02	  -2.6359286110698606e-02	  -4.5114618630028663e-02	   1.1245484653570246e-03	  -3.0013706069373730e-01	  -3.0376110483611274e-01	  -1.1051372392963585e-01	  -1.0307311212088370e-01	  -1.3392593420683557e-01	   5.5858427063280550e-02	  -2.1248188992576800e-01	  -1.8397751524513703e-01	   8.9577016305925891e-02	   1.7967371718260786e-01	   1.9266992688940904e-01	   2.1497926752804880e-01	   1.9350994372569369e-01	   1.3707393948568206e-01	   4.1446769293842628e-01	   4.1616933240563764e-01	   3.1857494270296211e-01	   3.1781082156630308e-01	   4.1567669188975392e-01	   3.7273546941316432e-01	   2.0102238472643147e-01	   2.8552992465907229e-01	   1.5868313866353564e-01	   1.9500310196438594e-01	   6.6621909886510300e-01	   7.3005594419220565e-01	   7.8936947814239744e-01	   1.0305044933377803e+00	   2.3767648732469671e-01	   4.9257637171766278e-01	   1.1217693494542838e-01	   5.1063194351458119e-01	   6.3071957505335244e-02	   1.7040696357172223e-02	   1.9682028815009009e-01	   2.9541704538780300e-01	   2.5788864905414566e-01	   2.9696424581636827e-01	   3.6547577392119474e-02	  -7.8106282181664641e-02	   7.7442260738607743e-02	   4.1480826171827554e-03	  -2.4057165539759350e-02	  -6.9913323949201021e-03	  -3.8494437320516939e-01	  -2.6060579448104909e-01	  -2.1573957188040704e-01	  -1.5506547949448685e-01	   7.9663846629257226e-02	  -5.0456305130411397e-03	  -6.7281722570386782e-02	   1.3975202211394783e-01	  -1.4171577513200850e-01	  -2.3641380768161346e-01	   3.2280588807111976e-01	   4.2335958935114099e-01	   2.9795359531037818e-01	   1.5015678576740096e-01	   2.9192481640830903e-01	   2.8259167233709115e-01	  -1.2777053813766923e-01	   7.0270045773558165e-02	  -1.3631246542358914e-02	   6.5021811672869467e-02	   2.0867495271384051e-01	   2.6885129667393237e-01	   8.2655016630646050e-01	   6.8884053872616668e-01	   4.9320234238128308e-01	   5.0799177795124983e-01	   3.4211967742982874e-01	   2.2404326386408413e-01	   1.4491028909411022e-01	   4.8241235015878892e-01	  -1.0816644753730977e-01	  -2.0390778198849391e-01	  -1.0113564111559105e-01	   8.8260044916671415e-02	   3.8380313958907114e-01	   1.5564937567594989e-01	   1.3518406339792793e-01	   2.5963576486031370e-01	
   9.0982814054384520e-01	   4.0847235271745791e-01	  -2.9477400799951134e-02	   4.8844178459997362e-02	   2.1407272380815653e-01	   2.6522886687202779e-01	   4.6706959970487960e-01	   4.4078649188620783e-01	   2.6991734538080164e-01	   2.5458712129907363e-01	   0.0000000000000000e+00	   8.9433170516916638e-01	   5.8837907371445242e-01	   5.0674259274216837e-01	   2.4579482634813105e-01	   1.7930367537685815e-01	   4.6398491238976047e-01	   1.5094997460782467e-01	   4.3161905910276388e-01	   1.9240650396811712e-01	   1.2924112182174744e-02	   1.7403380430708221e-01	  -1.0873167282220202e-01	  -3.8860851406989139e-02	  -2.4651566806470776e-01	  -2.8895454137069432e-01	   1.1393382748518761e-01	   7.4044404061936867e-02	   6.1693863145043193e-01	   4.9454534234750430e-01	  -4.8965328559036743e-02	  -3.4917419833446386e-02	   1.4121124139224991e-01	   1.9285708226414555e-01	  -2.5332649650056671e-01	  -1.4863648012309727e-01	   2.3047450376113325e-02	  -1.1955366242438153e-01	  -2.0306264564728974e-01	  -6.9852393720205977e-02	  -1.2404158862927442e-01	  -1.5833393069285145e-01	   4.4447685791626229e-01	   5.3439736488024825e-01	   2.1029394907417570e-01	   2.9282174257336147e-01	   5.2276698669002519e-01	   4.5611410840342170e-01	   4.0823025822143133e-01	   3.3299699048733356e-01	   3.8244087054661335e-01	   3.0702067494956908e-01	   4.7129518432021822e-01	   3.7352740795939549e-01	   3.3651477799756574e-01	   4.4507484036098721e-01	   5.0583361248101810e-01	   5.4814004707485464e-01	   5.3527887041245181e-01	   5.1160298127459891e-01	   7.0572846325379190e-01	   4.8217851162721787e-01	   6.3787845930034837e-01	   6.4870743572604961e-01	  -1.6757445138257168e-01	   1.8042414039326585e-01	   8.3665075810290992e-02	   1.0398256290520390e-01	   7.5541646700341733e-02	   3.3612256279276664e-01	   3.7379421445975475e-01	   3.1056141884392374e-01	   1.3129330253695010e-01	   1.5942580778088239e-01	   3.5417401768671358e-01	   1.3824453151720778e-01	   4.9427030183504672e-01	   3.5970197128138431e-01	   1.5457719970638645e-01	   1.4692809078601957e-01	   2.0147367286093032e-01	   1.0656812029472959e-01	   1.9414068458597636e-01	   1.0802584472076357e-01	  -1.8294750026713516e-01	  -6.7215080385554099e-02	  -1.0603240371546950e-01	  -1.1012643025347731e-01	   1.4005507304470680e-01	   2.4187396670907191e-01	   4.1155903849120468e-01	   2.3185976767949801e-01	   1.7636228881831970e-01	   2.4014419910446688e-01	   1.6958142739104826e-01	   2.9009098238415809e-01	   1.8324305038605698e-01	   3.7456584865271486e-01	   5.1471435738676896e-01	   6.2578875908523179e-01	   5.6136478314674065e-01	   5.5500127996352644e-01	   5.3394661589181047e-01	   6.4051485399999952e-01	   3.4352421868818828e-01	   1.1020448835255102e-01	   2.0822204259183202e-01	   1.7518146800728066e-01	   8.1698442127239659e-02	   1.7013797967661298e-01	   2.2614858292155865e-01	   4.4385457195655020e-01	   4.3886088432755388e-01	   4.2619468164858859e-01	   2.8080430155452996e-01	   1.3396289802965236e-01	
   8.6710432934043791e-01	   6.5072507806189428e-01	   9.3920335082166809e-02	   1.9032773308652362e-01	   4.2002202054417093e-01	   4.0587995248263098e-01	   6.1941486929559497e-01	   7.1183743160657909e-01	   3.8970759000745187e-01	   4.7593916998317365e-01	   8.9433170516916638e-01	   0.0000000000000000e+00	   4.2057378246700544e-01	   7.5860049418486308e-01	   3.3991818619808928e-01	   3.7862096000402967e-01	   3.9395687151714287e-01	   2.6032246488084315e-01	   6.3397339898256932e-01	   2.0140994757336894e-01	   1.1087385488556367e-01	   2.4518651775611217e-01	  -4.0573133415217094e-02	   7.0943044406505673e-02	  -2.8796381818251038e-01	  -3.4318567769726971e-01	   1.2755618116285589e-01	   9.5723329512212962e-02	   4.5887875703861852e-01	   5.8499666632969705e-01	  -6.2292856510149909e-02	  -1.4342557893344719e-03	   1.5155022394654319e-01	   1.5796577324483840e-01	  -3.1666551933352766e-01	  -2.3874786101783985e-01	   1.0283232672463405e-01	   7.4663853199181396e-02	  -1.0042958081688684e-01	   6.9019498995965281e-02	   4.0374023081605329e-02	   6.0787500651306434e-02	   4.8622876586694791e-01	   6.1877973765331085e-01	   3.4851775324858897e-01	   4.7419671278626141e-01	   5.8609328573485930e-01	   5.1059206271314661e-01	   5.3526766936112447e-01	   5.0804508052391062e-01	   4.7077709148175456e-01	   4.4956771226465875e-01	   5.4861603958427041e-01	   3.7970569654029157e-01	   4.3099508598037672e-01	   5.1631896661217680e-01	   6.3749667219796291e-01	   6.4869275324240661e-01	   7.3712965319044099e-01	   8.4206275592774849e-01	   8.9257040031295865e-01	   9.1547483633767091e-01	   5.8587619203230945e-01	   8.5495657989259821e-01	  -3.0972018443247911e-02	   5.3327795729921457e-01	   2.8148296245657917e-01	   3.1920566271830852e-01	   1.5000916830525829e-01	   3.8973643177549910e-01	   4.5016904796915075e-01	   2.9530451300141458e-01	   2.8505399115427188e-01	   3.3532416294276546e-01	   4.5635804690994192e-01	   4.7644491980952741e-01	   5.8464920369589479e-01	   5.9713899887003752e-01	   1.0720160665715919e-01	   2.7117441478171139e-01	   1.9988862460469348e-01	   3.1864558615317340e-01	   1.4245745332020027e-01	   2.4197561720183430e-01	  -8.0789415551646981e-02	   2.0141766876137440e-01	  -1.7125003204418607e-01	  -1.0390193553798903e-01	   2.1329663046708008e-01	   4.8299426740279117e-01	   6.1876836747330832e-01	   2.8908957471133323e-01	   3.4652168262643912e-01	   3.3287225087553179e-01	   6.5533803516473130e-02	   1.8520074831792718e-01	   3.3758115894169138e-01	   2.9044362394459289e-01	   7.0600158833283888e-01	   7.5668208695267769e-01	   8.7001114783330602e-01	   7.2975294127230694e-01	   7.9321204578974247e-01	   7.7954031249047961e-01	   2.8800423586228763e-01	   8.7075083512544935e-03	   2.7726854758629516e-01	   3.2159167523551091e-01	  -9.4699905241455690e-02	   1.0062309488330562e-01	   1.9397577883444583e-01	   5.2697945082501296e-01	   6.3189230914034500e-01	   5.3622244042708211e-01	   1.3385334628314990e-01	   3.3356196636946190e-03	
   3.1417650139394371e-01	   3.9766999845186690e-01	   5.1235251378820124e-01	   5.6001466158606417e-01	  -3.4723516566073399e-03	   7.2278821059099441e-02	   5.3847491396015812e-01	   6.1934126192605610e-01	   4.5813701765187248e-01	   2.2411578319875358e-01	   5.8837907371445242e-01	   4.2057378246700544e-01	   0.0000000000000000e+00	   1.0688958866401617e+00	   7.8354655445608712e-01	   6.2471120921000067e-01	   1.6217514094461941e-01	   1.2640019490392937e-01	   2.2946921376146723e-01	  -6.6809321303794730e-02	  -1.2477069503503804e-01	  -2.1161627699094912e-01	   6.4001603747745928e-01	   6.5926495118373385e-01	   2.9246040621389813e-01	   2.2826859505182673e-01	   6.3346591396884908e-02	   1.9367836189318263e-01	   4.3601808222511257e-01	   4.8088025911281940e-01	   3.6322106893921624e-01	   3.5162117426838502e-01	   3.4823727797236254e-01	   2.8744005829032876e-01	   3.5852970251797467e-01	   2.5451610573109618e-01	   1.4142068850085107e-01	   4.5449623427353076e-03	  -6.7659537402113383e-03	   3.7211358458373077e-03	  -2.7241676108826912e-02	  -1.8372977005189425e-01	   3.0254880888619262e-01	   3.0045963107219098e-01	   2.3207846998699708e-01	   2.5101836653725712e-01	   2.4607696173767463e-01	   1.8348800759918735e-01	   8.2572948784531641e-02	   1.1227451272093837e-01	   1.1010893370162148e-01	   7.4331710097595063e-03	   6.6065515072947709e-02	   2.2432759184757606e-01	   1.8618456520117174e-01	   1.4755063180016953e-01	   9.3796834462391801e-02	   4.0146109987878889e-02	   1.5731383831933737e-01	   5.1925491914965573e-02	   4.1251661881488610e-01	   3.5991005142619392e-01	   1.3961862857026125e-01	   1.7519510250484926e-01	   5.4514271226481426e-01	   3.2880071044068876e-01	   1.6955139514872603e-01	   1.3390150615073659e-01	   2.0810167912877336e-01	   1.3528546044603759e-01	   8.4399712997841395e-02	   1.5297170453048245e-01	   1.3791689616840277e-01	   2.5983577649482870e-01	   3.2062092478281901e-01	   2.3545975715569717e-01	   3.8102171962155040e-01	   3.0809603905420369e-01	   1.3517612150675476e-01	   3.4946412144888483e-01	   2.8310259032909590e-01	   4.1141076187374470e-01	   5.0775101801386269e-01	   1.7730053079455391e-01	   5.1776506838132919e-01	   5.8091057430859472e-01	  -1.5134912956584784e-01	  -1.2570222331131843e-02	   5.4240272537042689e-01	   3.2703027022094122e-01	   2.6246865742443498e-01	   2.6291733017250168e-01	   4.6441287598837738e-01	   4.8522542067554758e-01	   4.3299880988364414e-01	   4.2799589894828416e-01	   3.8375703722990850e-01	   3.6181472517316537e-01	   1.9593430642834808e-01	   2.7416317720127814e-01	   2.7699236443728847e-01	   2.6270126923399900e-01	   1.7694076192944755e-01	   1.1198851179108332e-01	   9.4550156887803230e-02	   1.9412333994605432e-01	  -1.3141840656191327e-02	  -1.2172768269488714e-01	   1.7075374287797232e-01	   3.7701364428221390e-01	   1.2295043401087354e-01	   1.3317912873099536e-01	   1.7654175364231417e-01	   4.4877683705130000e-01	   4.5992963183649771e-01	   1.9027232843126934e-01	
