   0.0000000000000000e+00	   1.0572925015255943e+00	   4.3022938370907199e-01	   1.5035077176483702e-01	   4.3637783638914973e-01	   1.8277320834612393e-01	   6.3513065484118747e-01	   3.3496443075989979e-01	   5.0076002591124202e-01	   1.5085981447428126e-01	   1.1211046245938754e+00	   7.6053799425014079e-01	   7.3828508176038110e-01	   5.5299508620002347e-01	   5.8862154211864615e-01	   3.5528761327368080e-01	   7.7679843082830757e-01	   6.7690069037111888e-01	   9.5290163446007736e-01	   8.3615378552138475e-01	   3.5540517556933710e-01	   9.3115885063279197e-02	   1.4967292882982219e-01	   3.3485023841841294e-02	   8.8733549326810185e-02	  -2.4231917877461807e-02	   4.4532303926322320e-01	   2.9929614243713343e-01	   7.0387364995245250e-01	   6.5034850658002274e-01	   9.1881955962641228e-03	  -3.6524492205568873e-02	   8.9839331160456104e-01	   5.6748202136794157e-01	  -3.3913474852114801e-02	  -9.2652683404633715e-02	   4.4643170904934959e-01	   3.0194996786356215e-01	   3.3592691192490487e-01	   2.8668684259987687e-01	   5.8141257485611475e-01	   4.8701312097199140e-01	   4.5401288195552758e-01	   2.8459370211951335e-01	   4.2162475847048575e-01	   3.7572747913902782e-01	   5.5985683119730056e-01	   4.0443721055395720e-01	   5.2856464904937006e-01	   3.0990069703987300e-01	   4.4714284949690586e-01	   2.6982723674443998e-01	   4.2863777965864897e-01	   3.6283597687452351e-01	   5.4674875829260106e-01	   5.0340969488474785e-01	   1.0653897180283924e+00	   9.9531536109182583e-01	   6.2169968138569909e-01	   3.5300884810513317e-01	   6.4873238851119908e-01	   3.0442068853654297e-01	   7.9043320195602296e-01	   6.3249005950132930e-01	   1.9026685531399246e-01	  -1.0496937931669448e-02	   3.8361742277724614e-01	   1.4401577096182117e-01	   9.4546081869392240e-01	   5.3583644189290980e-01	   4.7673798269973183e-01	   4.2156771401300447e-01	   8.7753191019349952e-01	   7.0707870184565647e-01	   9.8305188358053930e-01	   6.1339276124579978e-01	   6.0077497317509709e-01	   4.0004739647837967e-01	   5.0289047231740125e-01	   4.6164649796592488e-01	   7.1388662750991705e-01	   7.7379021980856377e-01	   5.9460710323234656e-01	   2.6036594085911280e-01	   7.3957030748259600e-01	   5.0051237268080218e-01	   2.8614922733800546e-01	   1.6003244208735007e-01	   3.9899307112222060e-01	   5.5007101859645324e-01	   2.2762062956285212e-01	   3.7267727167036102e-01	   2.2745344179841293e-01	   5.1992755514676015e-01	   2.3170011456294914e-01	   2.0076490792800566e-01	   3.9799070315276597e-01	   4.4458477789195189e-01	   6.1318307859218346e-01	   7.2083961788789574e-01	   3.3869676478830724e-01	   5.8640156176406100e-01	   5.5771776204391310e-01	   4.8134138539540861e-01	   2.1663248623263556e-01	   2.1651280203285270e-01	   4.0089727035597389e-01	   3.6530956809108545e-01	   1.9417631315297751e-01	   3.1561909916102432e-01	   3.3962277001758434e-01	   5.3948267550289208e-01	   5.3571117210200825e-01	   4.7134426473698893e-01	   3.4562266610074716e-01	   1.9225790610103174e-01	
   1.0572925015255943e+00	   0.0000000000000000e+00	   4.7762294584887666e-01	   3.6245297622926154e-01	   4.2980813570090570e-01	   2.6272837991767872e-01	   4.8120457593563992e-01	   3.5436265806938749e-01	   5.2123350237255683e-01	   2.6372618654101776e-01	   6.2199654230193313e-01	   7.3425718598838652e-01	   3.8313491638503044e-01	   4.6466133882578786e-01	   6.3180081661316567e-01	   5.2596494834238650e-01	   8.3254490820531979e-01	   8.8060215639367279e-01	   9.8677943731193707e-01	   1.0200531163218618e+00	   2.6657739617437765e-01	   2.1334847003897620e-01	   3.6407154049131391e-01	   2.8724912732698371e-01	   2.7359227352697413e-01	   1.4289196641904195e-01	   4.2953933798133925e-01	   3.0800467078415866e-01	   5.7949465508822140e-01	   7.6709871300309818e-01	   1.1141063525828665e-01	   1.1518335367193232e-01	   7.5742169142095950e-01	   6.2110212677513998e-01	   1.0766211242302418e-01	   3.9917873580588542e-02	   3.3238129633538693e-01	   4.0825605922135300e-01	   2.1815363528284412e-01	   3.4822961146549652e-01	   4.1938635345044367e-01	   5.5519139038706689e-01	   5.3390982701897460e-01	   3.9573863049965047e-01	   3.6229430390987100e-01	   4.1856285806244597e-01	   5.0015269440158194e-01	   4.7530507823235446e-01	   4.7680874613304292e-01	   4.0992116365362374e-01	   4.7262503545536722e-01	   3.9179726014178712e-01	   5.0257385019277112e-01	   5.4028455876760950e-01	   3.8649765363875704e-01	   4.7813352398794573e-01	   8.7473735478130965e-01	   1.2831683000803706e+00	   3.1126903596356004e-01	   3.1630545126411763e-01	   3.9852602229574358e-01	   3.6254367821476779e-01	   5.4931023215088670e-01	   5.6019156864172237e-01	   2.8242258156695904e-01	   1.4302394221070316e-01	   2.3170529794747491e-01	   1.0163947304603345e-01	   8.5865307414828806e-01	   4.8167148169854113e-01	   5.1132149294837215e-01	   5.4552279040195140e-01	   7.8760656613624980e-01	   7.8693250949926985e-01	   8.4998862958991872e-01	   6.8771402734766185e-01	   5.1386564774279853e-01	   4.7927855017211052e-01	   6.0056775183626721e-01	   5.5665038659623833e-01	   8.0972782383819275e-01	   8.8974388756442946e-01	   5.8928414530567863e-01	   4.1335585313908924e-01	   7.5051818559895445e-01	   6.1987439723804671e-01	   2.7795315991968006e-01	   3.6008805863480325e-01	   4.8171285790758533e-01	   5.1166179898852437e-01	   3.2249760616786893e-01	   3.4841636881812343e-01	   4.1991432903144310e-01	   5.3467382683127163e-01	   2.0392659069867242e-01	   2.6583699051284471e-01	   3.7217531795382103e-01	   4.3918564753295003e-01	   5.7940473783966584e-01	   6.3366473069482887e-01	   3.1502667552085462e-01	   3.1485476167986204e-01	   4.9880683864264275e-01	   2.8078789447497648e-01	   2.1516496960822726e-01	   2.4259067115093316e-01	   3.0508059208492677e-01	   2.1578356273412158e-01	   1.7255501268627313e-01	   2.6704823321073412e-01	   4.0525037470534303e-01	   4.6202206256956779e-01	   4.4007404088507718e-01	   5.3962170030144085e-01	   3.9478635195403500e-01	   2.1573084361616060e-01	
   4.3022938370907199e-01	   4.7762294584887666e-01	   0.0000000000000000e+00	   8.7678539150527524e-01	   1.1697672826415777e+00	   7.4038279536770757e-01	   8.9876819241185224e-01	   4.2476886729832186e-01	   8.7469915386901709e-01	   4.8137006466579313e-01	   1.3518633668458538e-01	   2.8959659426078815e-01	   1.1577833413793311e-01	   1.5672813717261525e-01	   9.7604194697193103e-01	   6.1401345589136058e-01	   1.4773181449069611e-01	   1.4473372802353307e-01	   6.9242206677092899e-01	   2.2076238504937731e-01	   3.4340112170521769e-01	   3.1182816436701860e-01	   1.2083349737730451e+00	   8.9479948996608050e-01	   8.0068727294272257e-01	   6.9279753511015219e-01	   7.4476901639249860e-01	   6.3615490033857858e-01	   1.6649767525851303e-01	   2.2434514384103085e-01	   5.9910908824068931e-01	   5.5951258162712336e-01	   4.7117432658562297e-01	   4.3533769857583288e-01	   7.3750382106581025e-01	   5.9122738907677674e-01	   2.5540606228220752e-01	   1.8359975857887861e-01	   3.8354171581671909e-01	   2.6908787703990844e-01	   2.3679197056276063e-01	   2.5475828605181106e-01	   7.3166408124560900e-01	   4.6523104887965949e-01	   3.9207863709744828e-01	   3.2693299312930924e-01	   6.1637550194044133e-01	   5.9210210098966143e-01	   2.8177244621675690e-01	   3.3947871875276003e-01	   3.8955774913003000e-01	   3.6417480733528340e-01	   5.1584338336609448e-01	   4.9653969545057874e-01	   4.4791158540663295e-01	   5.0897111374631554e-01	   2.0475962377163776e-01	   2.9244611737578791e-01	   4.0637215291676987e-01	   3.2679997005436057e-01	   4.0765517164247206e-01	   4.9018708589704169e-01	   1.4631001417860869e-02	  -9.4350971317291074e-02	   1.0095631522643278e+00	   7.4447019880842791e-01	   6.8902935444199953e-01	   4.4970854590809456e-01	   6.1389125809156075e-01	   4.3667658847798518e-01	   4.8221395674084583e-01	   3.2370215833466043e-01	   3.2008780896352912e-01	   2.6219801284014055e-01	   4.8105169512101081e-01	   3.2290199130376923e-01	   3.7793987438007831e-01	   4.2038731202908397e-01	   1.9878949881869357e-01	   2.3700818578350369e-01	   1.2225191594148599e-01	   2.7121590680015134e-01	   6.5119687583398411e-01	   4.6527106372252219e-01	   4.8147764491850287e-01	   5.0020216290628206e-01	   4.0486918293245977e-01	   6.5566064553583603e-01	   8.0007737385597577e-01	   7.7067419108645296e-01	   6.2573706795847472e-01	   7.1583893901539553e-01	   6.6202168967390540e-01	   9.0157619209902695e-01	  -4.1742380212185265e-02	   1.2547544003223271e-01	   2.7684763539845902e-01	   3.6059910377370091e-01	   4.9312263256584082e-01	   5.7550459851668234e-01	   2.4479697282910975e-01	   4.7179995459846658e-01	   3.9388817662661196e-01	   3.8443976138162794e-01	   5.3924199231639180e-01	   5.6477878332125919e-01	   2.3233036267582061e-01	   4.5708887848696333e-01	  -1.0927781731412560e-01	  -8.8292011156731201e-02	   7.6949904625118259e-01	   3.8128085835986891e-01	   5.5773195732549097e-01	   2.9272367603861660e-01	   3.7055651395846323e-01	   2.5066257523442564e-01	
   1.5035077176483702e-01	   3.6245297622926154e-01	   8.7678539150527524e-01	   0.0000000000000000e+00	   6.2543925091070207e-01	   7.9116132208927847e-01	   6.6147325867716988e-01	   8.5814877031820647e-01	   6.4132798969045834e-01	   7.6556294131444491e-01	  -7.1335903862313838e-02	   3.5981806554807061e-01	  -4.9966969906899368e-02	   2.9686331579039088e-01	   5.7329209199715314e-01	   7.3361691988042121e-01	  -1.0572289221272752e-02	   5.5566031000314910e-02	   3.6816714605018863e-01	   8.3726896911647156e-02	   2.2063957727180264e-01	   3.8108818973538555e-01	   9.1526313320925790e-01	   1.0889234478011502e+00	   4.3179195219782063e-01	   6.3844000540607138e-01	   2.4070858234365494e-01	   2.1817376507482172e-01	   9.9286933579102052e-02	   2.6588810644085814e-01	   8.6187175020824469e-01	   1.0761186230444282e+00	   3.2963234934569879e-01	   5.3565713167297802e-01	   4.1343036624341428e-01	   4.8813470846082363e-01	   2.0524733384961965e-02	   2.8020120107893681e-01	   6.7640927928339228e-02	   2.0648986788220997e-01	  -3.1024666665198351e-02	   2.5286109594692052e-01	   5.6447646306458799e-01	   4.4117769603290891e-01	   3.1069968699784434e-01	   3.2059659608827540e-01	   3.9729802304832551e-01	   4.9440564013321636e-01	   2.7898831403200447e-01	   3.7645679501625401e-01	   3.8777033038061270e-01	   4.2773541325934794e-01	   5.5912459506235745e-01	   5.3626774677414546e-01	   2.0934433785736833e-01	   3.4273537844828128e-01	  -7.6044194120337652e-02	   2.6973470970124080e-01	   1.5331732706142889e-01	   4.4312115596079255e-01	   2.3964185327793938e-01	   7.1980744225575044e-01	  -1.4976280195503910e-01	  -1.1351279325189163e-01	   5.7674016899333236e-01	   8.4111549868457613e-01	   4.2552067860599752e-01	   4.8151487713679142e-01	   4.0058286291350259e-01	   3.7735611197962421e-01	   3.2905479508243840e-01	   3.9932157673813845e-01	   1.3000392077190193e-01	   2.5403029837909819e-01	   2.6130198284445444e-01	   2.5205049593800910e-01	   2.6843043510136055e-01	   3.9122773504381986e-01	   1.3384901744231043e-01	   2.3232952259590417e-01	   8.2971843251638699e-02	   2.0498636550899815e-01	   3.7180382994646677e-01	   3.1785977493693340e-01	   2.7914880243987078e-01	   4.9876380533715803e-01	   1.0613185599529681e-01	   5.2048649939279423e-01	   4.9714178781154228e-01	   5.8079826072999796e-01	   6.7149009973043239e-01	   4.1134196433338882e-01	   9.7795420712840464e-01	   4.3045923320903723e-01	   4.8602274276961240e-02	   1.6786220424007686e-01	   2.1706151493884099e-01	   2.4669067634723069e-01	   3.3622603057987760e-01	   2.8729781796470721e-01	   5.8762759260088748e-01	   2.2027833216674170e-01	   3.4226957632622240e-01	   2.0924756317666843e-01	   3.5330014230663964e-01	   2.5388927445194381e-01	   1.0973885273198658e-01	   1.5988206057305906e-01	  -3.4922339903050048e-02	  -2.0383527165135373e-02	   4.3350406248036388e-01	   2.1624110784885914e-01	   3.1571335973837644e-01	   2.5446392631397896e-01	   3.1459144399467703e-01	   2.0374010016205660e-01	
   4.3637783638914973e-01	   4.2980813570090570e-01	   1.1697672826415777e+00	   6.2543925091070207e-01	   0.0000000000000000e+00	   1.1970320800739049e+00	   9.2558051206471825e-01	   4.9064973778908971e-01	   1.1934274242328238e+00	   7.6698073040404335e-01	   1.9367839959514008e-01	   3.2133442567016041e-01	   2.4558244089663267e-01	   2.1027644811486640e-01	   9.8309551350237034e-01	   5.7784915183437768e-01	   8.9450095096044041e-02	   7.2884116202006619e-02	   5.9959500736297522e-01	   1.1612509424735434e-01	   3.6611137199699928e-01	   4.4434571290194946e-01	   7.3357279930508856e-01	   5.9523966026247177e-01	   6.5036048265163693e-01	   6.3749848359019246e-01	   8.2202167528038483e-01	   7.7974204720552065e-01	   9.3481450988356682e-02	   1.8150564799778401e-01	   3.4335854526228171e-01	   3.1042103756420553e-01	   3.2631267828050792e-01	   3.0249194779547200e-01	   5.7947709918736290e-01	   4.9286778171309464e-01	   1.1564982508877140e-01	   1.1090740865288687e-01	   4.2062625913096618e-01	   3.4564226016729005e-01	   2.3146807562434524e-01	   3.3440500343110263e-01	   8.5431959828509973e-01	   5.7878574267965033e-01	   4.6579698963021249e-01	   3.9080698500792788e-01	   6.4268833692856275e-01	   6.2978939196354644e-01	   2.5290818979631907e-01	   4.1174072419976954e-01	   3.8571477246672115e-01	   4.0649589711286077e-01	   4.8392621902177063e-01	   6.2343182304358347e-01	   4.9134296010023015e-01	   5.8057330069404300e-01	   1.0923477973348260e-01	   2.1654084735803869e-01	   4.0215065250063869e-01	   3.7710006549921571e-01	   5.4665792937661428e-01	   6.3080638352486895e-01	  -9.3439851171268379e-02	  -2.1332210223024073e-01	   8.2121898010730010e-01	   6.5426065191134530e-01	   5.6586485178122514e-01	   3.8611995957961309e-01	   5.4482243766268679e-01	   4.0198803169305658e-01	   4.1237365563577683e-01	   3.4231013826350060e-01	   2.0996776779322687e-01	   1.6070406912363538e-01	   3.1208312135400268e-01	   2.5142367925302628e-01	   3.6180300850159469e-01	   3.6173295616063450e-01	   9.5666359967396974e-02	   1.5742901241743751e-01	   9.6586427690534327e-02	   2.4666531348493509e-01	   6.1589522611521963e-01	   5.0800453725053529e-01	   4.4103761301682626e-01	   3.7131555222314155e-01	   4.1930180529614935e-01	   5.6898030723608750e-01	   6.5267405267385814e-01	   7.4559236435448129e-01	   6.8227092806626488e-01	   8.5113122704431210e-01	   5.9699489527221716e-01	   7.7220854834943742e-01	  -1.0998660153426984e-01	   7.1665771046103582e-02	   2.1180724594329323e-01	   3.5289671257493144e-01	   5.2128137413655584e-01	   6.7086513853528829e-01	   2.2668991151810591e-01	   4.2543324166496266e-01	   3.2895349565824888e-01	   4.1872516984574332e-01	   4.6407168985894698e-01	   5.3345150992911539e-01	   2.5595350846343234e-01	   4.7705358948394511e-01	  -1.3749907704631670e-01	  -1.3601366891906932e-01	   7.5859175610210305e-01	   4.4808389413129612e-01	   6.6955158192248576e-01	   3.0176019754393435e-01	   4.0285635715137147e-01	   2.1920841653830095e-01	
   1.8277320834612393e-01	   2.6272837991767872e-01	   7.4038279536770757e-01	   7.9116132208927847e-01	   1.1970320800739049e+00	   0.0000000000000000e+00	   6.0607757642925864e-01	   5.6592154534038763e-01	   8.0694917851679826e-01	   1.0642625474260572e+00	   3.6972164651686262e-02	   2.8044430242681806e-01	   6.8005451369146833e-02	   2.4178515077980062e-01	   6.1891761810200518e-01	   6.4298533642834144e-01	   2.7080008226920159e-02	   4.6545525933932741e-02	   3.6443477463069102e-01	  -3.0469754797824530e-02	   3.2914281783201865e-01	   4.7624045571197937e-01	   6.2154575682748781e-01	   7.0428241746283149e-01	   5.0430517176709766e-01	   7.0638237486953059e-01	   5.7858717111435043e-01	   5.9638510762872698e-01	   2.6169132124939050e-02	   2.0191735867037408e-01	   4.6527759216717496e-01	   4.7095996623051850e-01	   1.9760974805200798e-01	   2.8556552692013504e-01	   3.8677681201353231e-01	   4.2459248265923921e-01	  -5.0410661272998751e-02	   2.3456689272501985e-01	   2.1775396373025271e-01	   3.4320943843708385e-01	   9.1976395656875390e-02	   3.3208293364496549e-01	   8.6319573635784108e-01	   7.1545990667746906e-01	   4.9962948577294503e-01	   5.0493352641156442e-01	   5.7840552767117914e-01	   7.1344656671613493e-01	   2.8171136108470279e-01	   4.9306484371911197e-01	   4.6061055322623062e-01	   5.1602292160235441e-01	   5.7690306160732263e-01	   7.2610310176010395e-01	   3.8526808479552654e-01	   6.1781701810808065e-01	  -8.6423550756692932e-02	   1.3345698018479579e-01	   1.8572986701001215e-01	   4.6403859283787829e-01	   2.7482808944258408e-01	   6.3225569224263878e-01	  -1.7093901010066415e-01	  -2.7921726650468576e-01	   5.4193397914865582e-01	   6.6437360286943015e-01	   5.0376321938675339e-01	   5.2235711768973347e-01	   3.4457826000241687e-01	   3.8860938537448142e-01	   2.3657876856860022e-01	   2.7690439726302385e-01	   2.8849685345011276e-02	   1.5737296732876765e-01	   5.8306233525673261e-02	   1.8813948949245182e-01	   1.7857239675608877e-01	   2.8162672033424124e-01	   7.7598452146446187e-02	   1.9743128307437269e-01	   9.1407946138950993e-02	   2.2778454559911276e-01	   4.3236433863136914e-01	   4.0915535001055536e-01	   3.4946598558372821e-01	   4.5543385426545135e-01	   2.2895187914105325e-01	   5.9400949896175492e-01	   4.7587864611192388e-01	   7.2230776533915830e-01	   7.9747725512828138e-01	   7.1369701375564853e-01	   7.0287870557444920e-01	   4.8495466776750351e-01	  -6.6874292082434714e-02	   1.4633384592491969e-01	   2.0431181637517090e-01	   3.7387314357972112e-01	   4.2644401795031228e-01	   5.0118528208393442e-01	   3.1442115423345551e-01	   2.1525075807771021e-01	   3.0917755743711606e-01	   3.9525520319209906e-01	   4.7807373319858082e-01	   4.6548126295569386e-01	   1.9962835772309276e-01	   3.5680200600752943e-01	  -8.5274856909577854e-02	  -1.0919101637153567e-01	   6.8156388563179937e-01	   3.4508523246419193e-01	   4.6999160755456404e-01	   3.1486664196641190e-01	   4.4315175880922064e-01	   2.9484100453983980e-01	
   6.3513065484118747e-01	   4.8120457593563992e-01	   8.9876819241185224e-01	   6.6147325867716988e-01	   9.2558051206471825e-01	   6.0607757642925864e-01	   0.0000000000000000e+00	   9.8120040640641881e-01	   1.2058113132443720e+00	   7.1954160631372910e-01	   4.6673307071439962e-01	   6.4993001032697439e-01	   6.2646992478480223e-01	   5.5223087861322684e-01	   8.6820478984999172e-01	   5.5254875227994549e-01	   1.5176243246245405e-01	   1.5917672128001831e-01	   6.8897614433838561e-01	   2.6372585672397114e-01	   3.9355029991772056e-01	   3.6991048152376316e-01	   3.9333444899231185e-01	   3.1140035433446750e-01	   1.8007110092265805e-01	   2.1014566030805937e-01	   3.2419426433965620e-01	   2.3063065583147468e-01	   3.7356863888784969e-01	   3.7521316403095845e-01	   2.8203099220132527e-01	   3.0163282746021891e-01	   6.8831130783539685e-01	   6.3162878814381129e-01	   2.3463603620733425e-01	   2.5966427503848266e-01	   1.8637370833712852e-01	   1.6830123432605310e-01	   2.9447333162217570e-01	   1.1425854885980057e-01	   2.4093671866160429e-01	   2.8648886599220680e-01	   6.9577354313610573e-01	   4.7038230282482035e-01	   6.3118933600548943e-01	   5.3426353121949766e-01	   7.4327482657460897e-01	   6.2166400272966760e-01	   5.2809630484316816e-01	   5.2375929773037044e-01	   5.2634621767785639e-01	   4.9960610727506771e-01	   6.4258179696535400e-01	   6.8610888489271937e-01	   6.1078586485892172e-01	   6.1679619182827206e-01	   2.0631262943546066e-01	   4.6528224932146112e-01	   7.1251304388621994e-01	   5.7187165349647551e-01	   1.0215561552675472e+00	   8.4979880316436829e-01	   1.5285038410507637e-01	   1.5575688630816528e-01	   5.1628022615277736e-01	   3.8822612958881236e-01	   6.1112077693622924e-01	   3.9113113229255703e-01	   6.5236862764636494e-01	   5.0321714687848473e-01	   5.1003411903868701e-01	   4.8926005009068618e-01	   4.3535286663127065e-01	   3.8208413923483497e-01	   4.9161866474322519e-01	   3.7736343146749485e-01	   5.4745227124657059e-01	   4.6140432351256100e-01	   1.6205621703423956e-01	   2.1702256030565684e-01	   2.4449106834039058e-01	   3.6213442166334819e-01	   5.1003726480380940e-01	   2.9453897614965124e-01	   4.1628873612998674e-01	   3.7194186540669633e-01	   2.1454591101900458e-01	   1.7796416475363899e-01	   5.4798988227194756e-01	   7.0071050530573942e-01	   6.9348275988243735e-01	   7.1669982579735014e-01	   6.4377431798476148e-01	   8.0080957222552684e-01	   1.4192628318544684e-02	   6.9028647209327818e-02	   2.5549731660883679e-01	   2.9068322759176668e-01	   8.5996976216046339e-01	   8.5689513604777845e-01	   7.1368353661386608e-01	   8.4642264190013350e-01	   5.9143921739256511e-01	   5.0467271679858583e-01	   3.2700018032371947e-01	   3.0327156852628756e-01	   2.8014446321938291e-01	   4.3454902659253147e-01	  -3.7288997441629820e-02	  -9.3543770651855866e-03	   4.7828685067816501e-01	   6.6395280553289437e-01	   8.0940891301120077e-01	   3.5726105632161881e-01	   3.7038528264236048e-01	   2.0333460271920126e-01	
   3.3496443075989979e-01	   3.5436265806938749e-01	   4.2476886729832186e-01	   8.5814877031820647e-01	   4.9064973778908971e-01	   5.6592154534038763e-01	   9.8120040640641881e-01	   0.0000000000000000e+00	   7.6451188839691986e-01	   9.8474299637674334e-01	   3.3996750498758960e-01	   8.9526482106454086e-01	   4.7483402105633654e-01	   9.1804253493980892e-01	   5.5659875843949824e-01	   7.2645400567219554e-01	   2.1327780263535562e-02	   9.9828357608696086e-02	   4.6100485801408936e-01	   1.7461878261338140e-01	   1.8253374931196834e-01	   3.2353840594134869e-01	   2.4609280438504283e-01	   2.9273429600857309e-01	  -8.9436173349002390e-02	   7.5482290328412097e-02	  -7.3142130551399009e-02	  -6.8691325126038427e-02	   3.2466638600021824e-01	   4.6727770233753507e-01	   3.5957766039754802e-01	   4.9123303741851737e-01	   4.5830843869620569e-01	   6.2240481980499274e-01	  -3.7207763745709443e-02	   5.9466778204421054e-02	  -1.3938597943806591e-01	   1.2262544917969315e-01	  -8.2450963654701726e-02	  -3.8532010059552251e-02	  -1.7520306764411853e-02	   2.3712407990461079e-01	   4.8641777891835869e-01	   4.0727355150624728e-01	   4.5944799142057469e-01	   4.8493489364518205e-01	   4.4480284947235760e-01	   4.6365208136656710e-01	   4.8309884530774150e-01	   5.3756208248494908e-01	   4.7327602150780840e-01	   4.9456033264949406e-01	   5.8556943509385506e-01	   6.8403809229362245e-01	   2.5594159841668707e-01	   3.4502487108731844e-01	  -1.7242212294092334e-02	   3.9042508175174989e-01	   2.4094715315538145e-01	   6.0310407172609892e-01	   5.9704835587897842e-01	   1.1406155180089335e+00	   7.3832741447526135e-02	   1.8964619348683320e-01	   1.4296943961537714e-01	   2.7265747033192389e-01	   1.9961091799792161e-01	   2.2823734658979894e-01	   4.0524553198724922e-01	   3.2548255106611801e-01	   3.7691869155660451e-01	   5.7776640050912309e-01	   2.3806733481041892e-01	   4.1334414521453711e-01	   3.2326096221630507e-01	   3.5144135434534485e-01	   3.2452995715435135e-01	   3.7021329535659431e-01	   5.7691259931380530e-02	   2.0780495947697125e-01	   2.8274781106451063e-01	   3.6424067261673537e-01	   3.3547666833454526e-01	   1.8941152802588093e-01	   2.8756781145384214e-01	   3.4275933098779093e-01	  -7.4749455451222996e-02	   2.3602322668256605e-02	   2.2943601449730094e-01	   4.6141390928046699e-01	   6.2297198525916331e-01	   4.1741449327319574e-01	   7.2954038565443302e-01	   3.0863815447826193e-01	   1.0331899468978975e-01	   1.2117358022977628e-01	   1.0729966270352691e-01	   9.4991598014253137e-02	   6.3112038945683657e-01	   4.7362771443645152e-01	   1.0442281828305873e+00	   4.0094461458349473e-01	   5.1793232419336621e-01	   2.6439813969349191e-01	   9.3926777599725161e-02	  -3.1879074525928593e-02	   1.0145754377546126e-01	   1.4182878279870881e-01	   6.7058132628184969e-02	   9.5824758189218151e-02	   1.1640075962604440e-01	   5.0739072281781494e-01	   5.7363833469961789e-01	   3.2983602640585274e-01	   2.8604863772732841e-01	   1.3738934212761367e-01	
   5.0076002591124202e-01	   5.2123350237255683e-01	   8.7469915386901709e-01	   6.4132798969045834e-01	   1.1934274242328238e+00	   8.0694917851679826e-01	   1.2058113132443720e+00	   7.6451188839691986e-01	   0.0000000000000000e+00	   1.0341626853783132e+00	   3.2045121464404153e-01	   5.8588644771708975e-01	   5.3433321033204573e-01	   5.0381813776906414e-01	   1.3090509299198532e+00	   8.4910836817370916e-01	   9.1909278404214770e-02	   1.2879016221507777e-01	   6.3204251828036240e-01	   1.6453575265499604e-01	   3.3859153180610457e-01	   4.3165069456230931e-01	   5.6998982034399659e-01	   4.6947152592928709e-01	   3.3165303382410483e-01	   3.3742515771859000e-01	   4.2683898789914260e-01	   3.4449758175382106e-01	   1.5367377238375357e-01	   2.8632686485448156e-01	   2.1714060817250735e-01	   2.3176491789902698e-01	   4.2226487582413585e-01	   3.7726136317951087e-01	   3.3625637895363564e-01	   3.3846768245556069e-01	   1.7142440825328825e-01	   1.8219978843412590e-01	   3.5709354111850583e-01	   2.3522133350558072e-01	   2.6012616648041265e-01	   4.1600217072739798e-01	   7.0396685177657947e-01	   4.2619290941491095e-01	   5.2487657214704297e-01	   4.4018597620238731e-01	   5.8995659883953533e-01	   5.3058551773685714e-01	   4.0893605138211708e-01	   5.7604497513824127e-01	   4.9061066157232552e-01	   5.4219051683617248e-01	   6.2959281563735736e-01	   7.9307757731882222e-01	   5.5960447683900039e-01	   6.0677918978582646e-01	   1.3554097848996394e-01	   3.8108482106109032e-01	   5.1058667511080658e-01	   5.4627866280252824e-01	   8.8127924209623976e-01	   9.5599263903371490e-01	  -3.2111603473152339e-02	  -1.5407939016842290e-02	   6.2884448074645827e-01	   4.6738988409965737e-01	   3.7501892467922243e-01	   1.9468761352905584e-01	   5.9104418463094266e-01	   4.0071225575992930e-01	   3.7195258927808778e-01	   3.7428044539883737e-01	   2.5211521587403901e-01	   2.2861812647065560e-01	   3.2418722904296260e-01	   2.1961873117779052e-01	   3.6575016351901740e-01	   3.8005184946310216e-01	   8.1614207081975657e-02	   1.3639337715709227e-01	   2.3359905964288225e-01	   3.7115813439255652e-01	   6.6482064210886871e-01	   5.0868941981594240e-01	   5.0530232807265407e-01	   3.8210347417271967e-01	   3.8411276605212025e-01	   3.6951353005003690e-01	   7.2198549064382478e-01	   8.4312044038018263e-01	   8.2268001075176356e-01	   8.6962214039282226e-01	   7.2952463847113225e-01	   9.2712766645303368e-01	  -5.7287821622346830e-02	   2.7192084357478729e-02	   1.0547099287386169e-01	   2.4400900091737274e-01	   7.2339452633156787e-01	   7.4528252120544958e-01	   4.4429425466877115e-01	   5.8547379554844814e-01	   3.0238505489683754e-01	   3.4458377000298340e-01	   2.8112726156858053e-01	   3.0559918180595813e-01	   1.8941642921927371e-01	   3.0950083365921677e-01	  -7.6503099067706012e-02	  -7.4637473467119145e-02	   5.4501588281595603e-01	   5.8345939737760300e-01	   7.4416412993788483e-01	   3.1269621291312227e-01	   3.4901983472077319e-01	   1.4020212481647840e-01	
   1.5085981447428126e-01	   2.6372618654101776e-01	   4.8137006466579313e-01	   7.6556294131444491e-01	   7.6698073040404335e-01	   1.0642625474260572e+00	   7.1954160631372910e-01	   9.8474299637674334e-01	   1.0341626853783132e+00	   0.0000000000000000e+00	   8.6643706911272572e-02	   5.0094135270875340e-01	   2.7015724894549142e-01	   5.0967833188884759e-01	   6.6835919686350065e-01	   8.5294040350038602e-01	  -9.3289269467355954e-02	  -1.5574053392222805e-02	   3.5929584079663329e-01	  -1.7702468862248098e-02	   1.9314446979987654e-01	   4.6046446767710308e-01	   3.8418204383693377e-01	   4.9120680385883309e-01	   1.4046936413830052e-01	   3.0105159620893918e-01	   1.1660552170006226e-01	   1.3693896955328533e-01	   4.4204599841256098e-03	   2.2703891661956602e-01	   2.3530233220755697e-01	   3.2050590772377635e-01	   1.4854425477310401e-01	   2.6937823217510770e-01	   1.1102368727595643e-01	   1.8988847102787462e-01	  -1.4200952834217853e-01	   2.2092121381353511e-01	   7.0317875728600265e-02	   1.6278031105453097e-01	  -3.3864404134300113e-02	   2.8491966197470614e-01	   5.4680761633398922e-01	   4.1863179959407321e-01	   4.2346577389451207e-01	   4.1060043487667353e-01	   3.8822829626162919e-01	   4.6823743687148650e-01	   3.4113728910166319e-01	   5.7175731081026071e-01	   4.4147745716416997e-01	   5.3633352245381949e-01	   5.5891398968336392e-01	   8.1215315424749535e-01	   2.9913245455117288e-01	   4.5819347126154969e-01	  -1.6659973233382269e-01	   1.7999844841783388e-01	   1.7445175719167355e-01	   5.4214919383746252e-01	   4.9526066329805574e-01	   1.0210040676394774e+00	  -1.9141392043897679e-01	  -1.8512179804083836e-01	   3.1495959638366788e-01	   4.4493911044096812e-01	   1.4087461048405883e-01	   1.5445202484080814e-01	   2.7188195691222605e-01	   1.8946065806520196e-01	   1.6087136289340484e-01	   3.0436575569806607e-01	  -1.1213415232800122e-02	   1.5042302433663027e-01	   3.5246777929213137e-02	   1.2204270014730603e-01	   1.0266635891476662e-01	   1.7968195036828874e-01	   9.5524103766808175e-03	   1.1817682359593999e-01	   1.6202249441222641e-01	   2.2233718317296153e-01	   3.6076941664849665e-01	   3.4746843406718281e-01	   2.7023593371394061e-01	   3.0745365798941376e-01	   1.0738005616022614e-01	   2.9690104000650225e-01	   4.0069479499860028e-01	   6.1932205563349596e-01	   8.8242764585787303e-01	   6.4695783223934900e-01	   8.6576499999349177e-01	   4.3510173996002005e-01	  -2.2882539975994164e-02	   6.3894002562945917e-02	   5.9741422503338831e-02	   1.5188800953800929e-01	   5.5036456421385294e-01	   4.6299386905561057e-01	   5.3518061469520029e-01	   2.6049353039032835e-01	   2.3068843468463335e-01	   2.3690991587015786e-01	   1.9195365274480164e-01	   1.6879560584783312e-01	   7.8361636266129409e-02	   1.4165934614009568e-01	  -3.6550451727101058e-02	  -4.8875653905776299e-02	   2.8742548530721729e-01	   4.5962132424230778e-01	   5.8242010259893973e-01	   2.8244256850079652e-01	   3.4841473614173013e-01	   1.6108979531904052e-01	
   1.1211046245938754e+00	   6.2199654230193313e-01	   1.3518633668458538e-01	  -7.1335903862313838e-02	   1.9367839959514008e-01	   3.6972164651686262e-02	   4.6673307071439962e-01	   3.3996750498758960e-01	   3.2045121464404153e-01	   8.6643706911272572e-02	   0.0000000000000000e+00	   9.0696625065873004e-01	   1.1424406933453672e+00	   8.4446213549122984e-01	   4.7238735203292537e-01	   2.8991745672730990e-01	   6.0015870461606746e-01	   5.8653041969153541e-01	   6.9266172372379120e-01	   6.4395748080996884e-01	   2.3166385983466212e-01	  -3.2039675346334222e-02	  -8.3691106550151578e-02	  -2.2042181290394397e-01	  -2.1650598755124850e-01	  -3.4262338147566179e-01	   1.2909321233342289e-01	   1.5020869492892048e-02	   7.0767134990688285e-01	   6.7457916913708216e-01	  -1.3390607083686160e-01	  -1.6477136976175044e-01	   6.1707954627804917e-01	   3.6513042358677195e-01	  -3.0013248126088643e-01	  -3.8175201768558981e-01	   3.4470353433012124e-01	   2.5375104907088408e-01	   4.9172158775732035e-02	  -9.5171496909601059e-03	   4.3787209933813509e-01	   3.3518663606590254e-01	   3.2067084761309339e-01	   2.3756258682628850e-01	   3.8181859415163022e-01	   3.8277764348748206e-01	   5.0619881012275869e-01	   2.9028895972205154e-01	   5.1994315097653110e-01	   3.0124772325990667e-01	   4.0735808362318748e-01	   2.4932863475538877e-01	   3.3200174722942788e-01	   3.1906294806765861e-01	   3.9193369313079074e-01	   3.3054830398352791e-01	   6.3614538412888566e-01	   6.8109604208039054e-01	   4.0154225831572848e-01	   2.7336630897327296e-01	   4.5423308705218712e-01	   1.9839911435497881e-01	   8.4592503983601430e-01	   6.9028929286272167e-01	  -1.0284129150679253e-01	  -3.5482740762235609e-01	   1.6238074155723584e-01	  -3.5703579440027430e-02	   5.0830936111764791e-01	   3.9060444204973965e-01	   5.0431212616172205e-01	   4.8139053521556097e-01	   7.7339266937473539e-01	   7.5588806020543464e-01	   7.2611369741998955e-01	   6.4820548511491793e-01	   4.2496547338535950e-01	   3.1063208487207028e-01	   3.0539390891084073e-01	   3.7073383995173520e-01	   7.0814469821866899e-01	   7.6146334389407233e-01	   4.1414285231029735e-01	   9.8068004023740371e-02	   7.1751387865115690e-01	   4.0118336773637653e-01	   8.8282123003726967e-02	  -7.8362220561908322e-02	   1.5777008120621575e-01	   3.2353404452104895e-01	   7.9196332804603517e-02	   2.0646389991112851e-01	   4.6836282527672031e-02	   2.6922431243005601e-01	   2.5861088829066647e-01	   1.7958902214114328e-01	   2.7297191693963957e-01	   1.8999765279145511e-01	   5.1149974766035555e-01	   4.9719610780179690e-01	   3.2642096586140446e-01	   4.4274913963814561e-01	   4.4754614347596416e-01	   2.4980371722259082e-01	   8.6207486324645519e-02	   2.1853205395359610e-02	   3.2944673521084417e-01	   2.3077899950329589e-01	   2.5977201018661683e-01	   3.2790722534921235e-01	   8.5871861064691704e-02	   3.9759722742880188e-01	   4.5103115023241902e-01	   4.2601159775863717e-01	   3.1492731586107653e-01	   2.0605277807513964e-01	
   7.6053799425014079e-01	   7.3425718598838652e-01	   2.8959659426078815e-01	   3.5981806554807061e-01	   3.2133442567016041e-01	   2.8044430242681806e-01	   6.4993001032697439e-01	   8.9526482106454086e-01	   5.8588644771708975e-01	   5.0094135270875340e-01	   9.0696625065873004e-01	   0.0000000000000000e+00	   7.9250587929610883e-01	   1.5484881121832546e+00	   6.0554205121714888e-01	   6.8020565032057012e-01	   4.4324627623659851e-01	   5.5644114555502777e-01	   7.4368883675424047e-01	   5.6133635290442707e-01	   1.1712640207716385e-01	   4.0275883276374880e-02	   1.6331962497975747e-01	   1.3400136755057507e-01	  -1.1648250225474560e-01	  -1.3553969828696333e-01	   5.8155791987134220e-02	  -4.8610082944960019e-02	   5.9245318155300919e-01	   8.0083897902712697e-01	   6.7274588392209345e-02	   1.2974377806565771e-01	   5.9873195646221800e-01	   5.3221448947831518e-01	  -1.3404384416142898e-01	  -1.4682497612237772e-01	   1.3123153900671736e-01	   2.8855314060740311e-01	  -6.7150901178878106e-02	  -2.6711537884344688e-02	   1.3898331775474521e-01	   3.1508620654179165e-01	   5.2363615038178757e-01	   4.1573388156693913e-01	   5.4365139753732405e-01	   6.2383304174937471e-01	   5.4444208366239688e-01	   4.6220478510736163e-01	   7.1312586883124907e-01	   6.1119433743054408e-01	   6.5149088527112853e-01	   5.4568027061324020e-01	   6.1172558106347119e-01	   6.3433583865007137e-01	   3.8306718728783723e-01	   4.5608352289720216e-01	   3.7880879710237009e-01	   7.2842884727314727e-01	   2.2837987825563810e-01	   5.6031553497809417e-01	   4.9131104256133901e-01	   7.2370702195689207e-01	   4.8853610876346781e-01	   5.5873922680827381e-01	   4.1471163807357506e-02	  -1.1633834585683477e-02	   1.5005332906625551e-01	   1.0466662299923997e-01	   5.8487100707590167e-01	   3.8075951143505299e-01	   4.7952867649984737e-01	   5.4546121803677050e-01	   5.6679284346481595e-01	   8.0163902215535843e-01	   6.2333245636848433e-01	   6.9564052178091396e-01	   2.5841905100768309e-01	   3.1335417826314294e-01	   3.2492882624779795e-01	   4.8385862933629464e-01	   8.0761902757646187e-01	   9.4112648562088308e-01	   4.0982847022810942e-01	   1.3707608346540248e-01	   7.9840363858616059e-01	   6.8042514942680743e-01	   6.0525304712580968e-02	   6.4345224967955139e-02	   2.3203358670740715e-01	   5.2330938118708747e-01	   3.8678010796172801e-01	   2.9538005053730315e-01	   4.4131605235856297e-01	   3.2004721626731214e-01	   3.9326906524821814e-01	   3.9737374188086244e-01	   2.5337540569201550e-01	   2.7324194703348809e-01	   6.8916955384701106e-01	   5.5254302564781665e-01	   7.0328481156071876e-01	   2.9439260794952155e-01	   5.6349331885135157e-01	   1.5207740255533758e-01	   1.1669584050535223e-01	  -2.3097066846560481e-02	   2.3846032370664547e-01	   1.9893136144852488e-01	   3.7292250478883970e-01	   3.9237553652773011e-01	   7.0485947589617570e-02	   4.9074812930127787e-01	   5.2527499602134875e-01	   6.5012059321709070e-01	   4.6969083435986175e-01	   3.2793348423048152e-01	
   7.3828508176038110e-01	   3.8313491638503044e-01	   1.1577833413793311e-01	  -4.9966969906899368e-02	   2.4558244089663267e-01	   6.8005451369146833e-02	   6.2646992478480223e-01	   4.7483402105633654e-01	   5.3433321033204573e-01	   2.7015724894549142e-01	   1.1424406933453672e+00	   7.9250587929610883e-01	   0.0000000000000000e+00	   9.6387219460141260e-01	   5.8040732027252373e-01	   3.3780455406232224e-01	   2.5405966696299759e-01	   2.4395327710191922e-01	   3.9530988723690619e-01	   2.5460588876338219e-01	   1.6837172396121342e-01	   1.4287405764466117e-02	  -1.0395507535143250e-01	  -2.0056995963603877e-01	  -2.2653160426320493e-01	  -3.0450679666908792e-01	   6.9949992680285109e-02	  -6.6029824093336520e-02	   3.7841787289668821e-01	   3.8051833540207486e-01	  -1.8949456401927814e-01	  -1.7319763978511590e-01	   4.5603714966886832e-01	   2.5936849761233988e-01	  -1.3829820433665782e-01	  -1.8721914987301017e-01	   2.6130634317381884e-01	   2.2665814125355385e-01	   1.3699278157309266e-01	  -6.8211802515678141e-02	   2.9358236013983086e-01	   2.2897389704486479e-01	   2.5520027327544903e-01	   1.5292614106111777e-01	   3.0038896484976307e-01	   2.5907956842485413e-01	   3.9034757375149942e-01	   2.2295918787352781e-01	   3.9131328196776033e-01	   2.9905720894142090e-01	   3.3189636182550275e-01	   2.2542766300219072e-01	   2.8949324444056396e-01	   3.3701814017262455e-01	   4.6484235972283994e-01	   3.3221360624182128e-01	   3.3556720947174379e-01	   4.1711481892983920e-01	   5.3617279957035979e-01	   2.8902251471039708e-01	   7.2527577875364180e-01	   3.0276907877422038e-01	   4.0928300914724952e-01	   3.6539981210804051e-01	   3.4688586411919776e-02	  -2.2101511465380011e-01	   1.6616657936366547e-01	  -5.9445358780954367e-02	   3.5481196747293947e-01	   2.0798128134751115e-01	   4.1512279530796448e-01	   4.3087167827397105e-01	   4.0133896405844793e-01	   4.1843666135436436e-01	   3.9626584408764060e-01	   3.3263593864705232e-01	   2.3169631085472325e-01	   1.0474140140094453e-01	   1.6455777930624263e-01	   1.8619427304264521e-01	   4.9556475649309079e-01	   5.3170467329286242e-01	   3.4719066871965204e-01	   8.1055176018686725e-02	   6.1117445953373684e-01	   3.1022918247869108e-01	   1.2690313845078416e-01	  -2.1507171341561607e-01	   2.6374667656890005e-01	   3.2744411800959511e-01	   2.0717311649466463e-01	   3.2301500047346066e-01	   1.7961422993608686e-01	   4.1825328125327738e-01	   2.1799174731893109e-01	   1.0758477403571989e-01	   1.8478540839082727e-01	   1.4781988325188830e-01	   5.1293947042244281e-01	   5.1651003016249741e-01	   4.1810200578446477e-01	   5.8672805580715626e-01	   3.7487111407631446e-01	   2.4051686775001713e-01	   9.0853741956111331e-02	   2.9382595397830450e-03	   3.0954442006874366e-01	   2.4257470370755851e-01	   2.2814496504358267e-01	   2.6919489700352806e-01	   5.3812737414527162e-02	   4.3375979532018921e-01	   5.6631236215090586e-01	   3.6042212512703686e-01	   2.8289200788026625e-01	   1.4887621065757373e-01	
