   0.0000000000000000e+00	   1.2373402598218826e+00	   9.0758013463508602e-01	   6.4527240302341893e-01	   6.7861448905786192e-01	   3.7405566027805709e-01	   8.8892445562042699e-01	   6.5704296006635887e-01	   5.7082156692050856e-01	   4.3738109572286793e-01	   8.5215030952471493e-01	   6.3758354488418956e-01	   8.7469434032223126e-01	   7.6861996170800928e-01	   7.4800567139081864e-01	   5.9064173130197228e-01	   6.8280203382928872e-01	   7.1319917571384106e-01	   1.1685282985952976e+00	   1.0719954387156450e+00	   5.1514698873884412e-01	   4.9327710647656120e-01	   6.6147528058393745e-01	   6.1638870218485031e-01	   3.3738648513203268e-01	   3.2777896999793965e-01	   4.1535699334314968e-01	   3.1747022144548259e-01	   6.9514908383240681e-01	   6.3747600720376441e-01	   8.4789496812946219e-01	   6.7828506489665708e-01	   9.3055216802073404e-01	   9.1784564712956596e-01	   3.7608160955576903e-01	   3.0233868770705796e-01	   3.2358428505612596e-01	   2.8928814592465568e-01	   3.7851035825923385e-01	   3.9556398883833560e-01	   7.2723443503596319e-01	   5.2077255812127943e-01	   7.9892148811113906e-01	   6.2034708608452194e-01	   6.2724469635609270e-01	   6.5912329413751958e-01	   8.5539922223703124e-01	   8.2126592311928248e-01	   5.3320932204638516e-01	   5.6469943566703451e-01	   4.6234703378448633e-01	   3.4876339220677860e-01	   4.9351724042986206e-01	   4.9804867320139135e-01	   5.1895826744652562e-01	   5.8780237428593018e-01	   1.0438912597432588e+00	   5.8689830458453474e-01	   4.0727192767099896e-01	   3.2185075045372880e-01	   5.1233409378398109e-01	   5.1065152848027962e-01	   6.0141339763636070e-01	   6.4945837264808892e-01	   2.8865168441346967e-01	   2.3345130719835566e-01	   6.1983570635400564e-01	   4.4877496768673153e-01	   8.5543774512455195e-01	   7.8379791518128972e-01	   5.5399058069830021e-01	   5.7098364216630904e-01	   7.3862709008791261e-01	   5.8470165230103388e-01	   6.7168966201987590e-01	   6.5791408945442498e-01	   6.7803062275744175e-01	   6.4783157381172829e-01	   6.7163949859695216e-01	   7.3164499739082856e-01	   6.7328615638048328e-01	   6.1960331870535867e-01	   7.8874783710152041e-01	   8.4900473642149987e-01	   5.9172850700286017e-01	   5.4835496383919535e-01	   2.2536997859108326e-01	   1.6283716494905834e-01	   5.3394777252923231e-01	   6.4299954204404008e-01	   6.2261067916246349e-01	   7.0851516005367765e-01	   4.8779002980471803e-01	   5.3597320381133506e-01	  -9.0842117346993073e-02	   1.6719288364681431e-01	   3.3736414490128347e-01	   3.9221684492662806e-01	   8.9759602064618649e-01	   8.1487687278430176e-01	   5.4388302042670711e-01	   7.2353745001935044e-01	   7.5228446530910431e-01	   6.2871030245691184e-01	   4.2537303478713394e-02	   4.7798251882720834e-02	   1.5185614311013712e-01	   3.3701820916768521e-01	   6.8483795938055828e-02	   2.8449850733808874e-01	   5.0392248780621962e-01	   8.2137543509203614e-01	   6.1876418012544909e-01	   4.6251116654334518e-01	   3.8542311982649236e-02	  -2.8698453370029647e-01	
   1.2373402598218826e+00	   0.0000000000000000e+00	   6.2797511132082973e-01	   5.7011760244399989e-01	   6.7514832216839449e-01	   3.5952838514570162e-01	   8.2168156836625306e-01	   7.4705259088916431e-01	   5.5990784312385455e-01	   4.3010443450572033e-01	   1.1490066982469029e+00	   1.0941278132879273e+00	   9.9480311152821799e-01	   9.7738542524815075e-01	   6.5843448762107859e-01	   6.2773875897089759e-01	   5.3018072043064168e-01	   8.8704975200736325e-01	   8.2831413976387891e-01	   9.2710727042814189e-01	   3.6328704441687448e-01	   3.9394680286310974e-01	   4.4438742899255484e-01	   4.5265028332907226e-01	   1.3493036229140745e-01	   9.7064704891118736e-02	   2.5931440595627636e-01	   2.0399212214098830e-01	   7.2419102652228273e-01	   7.0883252682039921e-01	   6.1423860821318799e-01	   5.3883732418293240e-01	   6.2491114762723232e-01	   6.8586259221810031e-01	   1.8962728565803752e-01	   1.3575540702074834e-01	   1.3700288478734435e-01	   1.3083107316374215e-01	   1.6334888625607386e-01	   2.1554018087669635e-01	   5.3588901826761892e-01	   2.7664189197887323e-01	   6.4099527357582187e-01	   5.6596924105811008e-01	   5.7374007111268233e-01	   6.4737707004987932e-01	   6.8342949204570913e-01	   6.6602049304119793e-01	   6.2345383790087072e-01	   6.8211425284624427e-01	   5.4285671043907557e-01	   4.9652626463561911e-01	   5.9974832836175918e-01	   5.3007451636287795e-01	   4.7345164308324006e-01	   5.9945236290008097e-01	   8.7455574919837531e-01	   7.9046247429323213e-01	   4.9491965607659322e-01	   5.4055245193430046e-01	   6.0445339526338315e-01	   6.2827251680270146e-01	   5.8317490610287892e-01	   8.7518352238395880e-01	   1.2369459227649786e-01	   6.9367019662532337e-02	   4.0854074090183301e-01	   2.9651199969122255e-01	   6.8463954633638369e-01	   7.8082089465955207e-01	   6.0624810112267158e-01	   5.8234477397131823e-01	   7.9177040157425649e-01	   6.8013490966046519e-01	   6.5521981022341502e-01	   7.2472725125825554e-01	   4.8712007631916626e-01	   4.3903315505636686e-01	   4.0005812709026017e-01	   5.5872125717704291e-01	   4.4541261826200812e-01	   5.0593362500205930e-01	   6.0204126914153921e-01	   7.0487183329069525e-01	   4.2176096948772884e-01	   4.2700141710180695e-01	   1.0592697886326401e-01	   2.4957035559644541e-02	   3.8650304665423701e-01	   5.0714835693741145e-01	   5.6678782849131171e-01	   5.1901941457651879e-01	   4.3393776634163356e-01	   3.6209251525747921e-01	  -6.3316667977795355e-04	   1.9576247424443619e-01	   2.5951442581919587e-01	   3.2507292236540908e-01	   8.9493350267054872e-01	   7.1574839723037909e-01	   7.2656648973254645e-01	   6.4519597375011339e-01	   8.8669808774278625e-01	   5.3055367394127728e-01	   4.3335830421306530e-02	   3.5430551195173625e-02	   2.3022541101765026e-01	   4.2661676203501325e-01	   1.3401212517828487e-01	   2.3539245795676292e-01	   3.3969844469068511e-01	   6.3461723946202975e-01	   6.0519985621155592e-01	   4.5966510415904321e-01	   1.0648374087443181e-01	  -1.9812665202207955e-01	
   9.0758013463508602e-01	   6.2797511132082973e-01	   0.0000000000000000e+00	   9.2269006430975686e-01	   9.1973602699854984e-01	   4.2791171012397178e-01	   1.2431107206127492e+00	   5.3394124640308060e-01	   8.1678925063057439e-01	   5.5886972777718946e-01	   4.8578341856686291e-01	   3.2431415921013090e-01	   8.4344316672756181e-01	   4.5816192418740559e-01	   1.2883904381970772e+00	   7.9910928902684020e-01	   1.9751857154496213e-01	   1.9150853383234193e-01	   1.2236505476876289e+00	   7.1356201485102955e-01	   5.6427194971796890e-01	   4.6156323469915506e-01	   1.5610442217747480e+00	   1.1434395935768475e+00	   6.3425999272603439e-01	   7.0675203059450342e-01	   6.9352758188301400e-01	   5.0997227204009499e-01	   2.0692492645639585e-01	   1.8946413407449775e-01	   8.3345801988299417e-01	   5.1942475044862801e-01	   7.8735976517408912e-01	   6.7690551638350205e-01	   6.1864641015426503e-01	   4.3974329350206054e-01	   3.5718450439410238e-01	   3.1811557013799419e-01	   4.7532422592256363e-01	   4.1792739460949024e-01	   5.1697200923731756e-01	   4.7442440102034678e-01	   4.9423888592356013e-01	   3.8369044578156153e-01	   4.1246356776779258e-01	   4.3677146622851876e-01	   6.7776344134170996e-01	   6.1611560001477206e-01	   2.9295705492599000e-01	   3.6372545466521228e-01	   3.0906554354047305e-01	   2.2344672920079661e-01	   3.8329239934603870e-01	   4.9625441593371727e-01	   4.9978822272075879e-01	   5.1298011764912554e-01	   4.2141519937323230e-01	   3.9439055954578661e-01	   3.1460303509474746e-01	   2.2417233586107119e-01	   3.8756290013371991e-01	   3.8288331108480139e-01	   2.4855340959513983e-01	   2.0636828053115763e-01	   7.6014730866376923e-01	   5.2777400031792077e-01	   7.8435468307617340e-01	   6.0532470786446158e-01	   9.9978741900466805e-01	   5.7266983528071713e-01	   4.8329841568452120e-01	   5.5318543242637275e-01	   3.8796734014551931e-01	   1.7199533537120337e-01	   3.9980058590486822e-01	   1.9643088946727361e-01	   6.8343974546243780e-01	   6.1121787530928373e-01	   2.8891930525226278e-01	   3.0719371596178691e-01	   2.8325120947640892e-01	   2.3237393477135976e-01	   8.1445556014349174e-01	   6.9836513945513312e-01	   8.7817768325921419e-01	   7.5481722678638641e-01	   5.4842536783337426e-01	   4.7355653680108334e-01	   1.0135550290373727e+00	   9.9027169730890208e-01	   1.0277829279231905e+00	   1.3135062188208206e+00	   8.3971332926469655e-01	   1.0818296545822264e+00	  -2.6064107824238680e-01	  -2.0904214381046921e-02	   2.5748765633338244e-01	   2.8844873169654334e-01	   6.9444382606690525e-01	   8.0309509613359265e-01	   4.8442464520983325e-01	   9.5105002825333962e-01	   5.9308459375594413e-01	   6.6985886696156494e-01	  -5.5824518676531369e-02	  -3.7595066253022814e-02	   4.5313354984560968e-02	   2.6436844995792519e-01	  -1.6451856560271705e-01	   2.0850866580195884e-01	   5.4104765515961573e-01	   7.8973586915793514e-01	   7.1876322741015042e-01	   3.6084480859467932e-01	  -1.2625187154354009e-01	  -5.5744754833863186e-01	
   6.4527240302341893e-01	   5.7011760244399989e-01	   9.2269006430975686e-01	   0.0000000000000000e+00	   1.0147394243126664e+00	   9.0958875330570277e-01	   1.1004860594936168e+00	   1.0866430639913987e+00	   8.2964315263155131e-01	   9.0904669435909036e-01	   4.5082019088775516e-01	   3.8762263692498455e-01	   6.3972007580834522e-01	   5.4637097433696935e-01	   8.6392978630742068e-01	   1.1656947447453729e+00	   3.1385516010695796e-01	   1.9134089328043796e-01	   7.4918627747878175e-01	   6.7624856659678056e-01	   5.0923141071614764e-01	   4.5757695052288655e-01	   9.7460883536876297e-01	   1.4512817473057051e+00	   5.4850248488113174e-01	   6.6798533360119938e-01	   6.7892109789560018e-01	   5.9061658526896199e-01	   2.0725382391920907e-01	   3.7050003165999607e-01	   7.0569688656350249e-01	   6.9519414758696618e-01	   6.0142052023725578e-01	   6.5289257683908530e-01	   4.8068432253547289e-01	   3.9852242115546754e-01	   3.4902261351683334e-01	   3.6986872210114913e-01	   3.4569092447688732e-01	   3.9071796182602564e-01	   3.4039385369892761e-01	   3.0575135868795428e-01	   2.3075985746545180e-01	   1.3729582575184485e-01	   1.9832901049231577e-01	   2.3719989359574134e-01	   4.0663839133128732e-01	   3.3953660761847854e-01	   1.3954143718638412e-01	   1.8043044695783222e-01	   1.4506990766078642e-01	   3.9469048924040580e-02	   2.3047919654286753e-01	   2.6479968128373632e-01	   3.0405310749795761e-01	   2.5228011236334713e-01	   3.9303730953037896e-01	   2.5927240222093839e-01	   2.3282074305170586e-01	   2.2027820362939315e-01	   5.1401676302835142e-01	   6.6595197001259576e-01	   3.2769210955162498e-01	   2.7437220368772985e-01	   5.7370157699992019e-01	   7.9632877112064526e-01	   5.8220229252080025e-01	   6.0561975918402688e-01	   6.8731164818402557e-01	   5.7464783558583443e-01	   4.9191465049113881e-01	   3.6827986167622717e-01	   4.3780504029400036e-01	   3.6472669656310641e-01	   5.1108276245633433e-01	   4.3338334442098325e-01	   6.3667291024871742e-01	   5.6606269414832544e-01	   3.5807456238401680e-01	   3.8163333840954067e-01	   3.8327131487984234e-01	   2.5774467630474984e-01	   6.1686150883732516e-01	   6.5224339859769542e-01	   5.8573729255246199e-01	   7.6809113471870116e-01	   3.7465621393679660e-01	   3.8495066836181613e-01	   7.2860955246775894e-01	   7.4445994929055825e-01	   8.0701642544427599e-01	   6.8807889545593859e-01	   9.2542133157131912e-01	   7.0321363928473912e-01	  -6.9441264369065003e-02	   2.3918521781533231e-01	   2.5176734492624808e-01	   2.8582173783954024e-01	   4.6609708022987106e-01	   4.3064659481855166e-01	   6.6157381637719914e-01	   6.3947549575901286e-01	   6.4965697628492403e-01	   4.2350830303814413e-01	  -2.4324017983997987e-02	  -3.6213601761663793e-02	   1.5165837712291880e-01	   3.6369070741135107e-01	   1.2425233066695367e-02	   2.5962667054622424e-01	   4.1400686411287452e-01	   4.6797721734326725e-01	   6.1447432479114361e-01	   2.9548348149476394e-01	  -3.1711625531908928e-03	  -3.4081943921646052e-01	
   6.7861448905786192e-01	   6.7514832216839449e-01	   9.1973602699854984e-01	   1.0147394243126664e+00	   0.0000000000000000e+00	   1.0627891641553651e+00	   1.2267981645643826e+00	   8.2245248015191297e-01	   1.0599665649039329e+00	   8.9246319598942803e-01	   4.9898730205142239e-01	   4.6536653033795300e-01	   7.3173404072906900e-01	   6.1213081563313487e-01	   9.4825428200823958e-01	   1.0408896783276185e+00	   2.2142048238847042e-01	   2.8058201499120300e-01	   7.1911097378028022e-01	   7.1670291916228912e-01	   7.5734574301691060e-01	   5.9743045109772763e-01	   8.8609823823300915e-01	   9.4352113266651316e-01	   6.2649735098974024e-01	   5.8948954817023935e-01	   9.5477279611243426e-01	   7.7084920315127858e-01	   3.3382351251703007e-01	   3.7304086599015041e-01	   8.6240066424888440e-01	   6.9361984313525415e-01	   5.5225908698045245e-01	   5.7251562097346675e-01	   3.5268143457641166e-01	   2.5262270965597489e-01	   1.1909287565128657e-01	   1.5381712693308230e-01	   2.2892123229856956e-01	   2.2540873748598339e-01	   3.2809870524671042e-01	   2.4858894171933327e-01	   2.9364404300189623e-01	   2.1880126984591411e-01	   3.3463416106077093e-01	   3.4957509286758670e-01	   4.3543111338130569e-01	   3.6167407240347105e-01	   2.4736827758815944e-01	   1.8827808194503362e-01	   1.7397211049275205e-01	   5.5551017167880710e-02	   2.3911669721031803e-01	   1.7323858733547121e-01	   2.9585245573479446e-01	   2.7416393428842289e-01	   3.8704372948132498e-01	   2.7909174439590156e-01	   3.2893476173655245e-01	   2.3375281830219966e-01	   4.8787658630942332e-01	   5.8468386489463164e-01	   3.3825402402654781e-01	   3.1419014373555643e-01	   4.5062775272593181e-01	   4.8908712704006418e-01	   6.1026901090459962e-01	   4.8290175634480631e-01	   6.8555595268811464e-01	   4.1184437090698928e-01	   4.9829814180954446e-01	   5.2129286352474957e-01	   4.8793836004218111e-01	   4.0517356719911191e-01	   4.8961746333782513e-01	   4.1644839512798004e-01	   4.9467712007188869e-01	   4.5680138492493627e-01	   3.4150590689064170e-01	   3.4878449069969192e-01	   3.5946594706563656e-01	   2.8541835712877356e-01	   5.2525426621273630e-01	   5.5343006109376014e-01	   5.1645784154821583e-01	   5.9083398290404066e-01	   2.2280525120016009e-01	   1.1323326584748279e-01	   6.2497792034656729e-01	   5.3756025858630596e-01	   7.7832992083807362e-01	   7.1171956957624638e-01	   7.0698976838105132e-01	   6.4970053582280918e-01	  -9.5511076756765484e-02	   1.7384523125664939e-01	   1.2510186431039866e-01	   2.1358011862440024e-01	   5.2548877583611986e-01	   5.5147287273859324e-01	   7.1742059868418329e-01	   7.6585952694751791e-01	   7.4941479867673633e-01	   5.1937795527986386e-01	   1.0938483096918017e-01	   1.1549436681891720e-01	   2.9384109359541916e-01	   3.4234971428086253e-01	  -5.8483296074384718e-02	   1.0061433824998497e-01	   2.8632552928682753e-01	   4.6052984324863760e-01	   5.3943131944083145e-01	   2.3915654941340941e-01	  -6.5932629381258934e-02	  -3.0339898347041389e-01	
   3.7405566027805709e-01	   3.5952838514570162e-01	   4.2791171012397178e-01	   9.0958875330570277e-01	   1.0627891641553651e+00	   0.0000000000000000e+00	   6.1802743592869991e-01	   6.7487863353560817e-01	   6.0612467259467284e-01	   8.5029525247283178e-01	   2.2510409537707807e-01	   3.1983791333304923e-01	   2.9520977363426992e-01	   3.7919882646530623e-01	   4.3162526573794557e-01	   7.9492848253294612e-01	   1.8641257947945350e-01	   1.9614251856481218e-01	   2.9922201688858430e-01	   3.8083840172933259e-01	   6.0795428722150135e-01	   5.7857578783411223e-01	   4.9210010791655523e-01	   6.8011715476963830e-01	   6.6169287882671102e-01	   6.5350089887053675e-01	   8.9237435767526985e-01	   9.8600902832818815e-01	   1.6985186165288949e-01	   3.2369600287818950e-01	   5.0235951563166736e-01	   5.2308687467411485e-01	   2.7909621643348420e-01	   3.2979899562226295e-01	   2.6543370774455077e-01	   2.1212178761066341e-01	   1.5545445871874009e-01	   1.7645872620784830e-01	   2.2479262261207000e-01	   2.7169395369093863e-01	   1.9046894314617818e-01	   1.8173212408539755e-01	   2.2220698741935335e-01	   1.7322927189457862e-01	   2.7970321585831759e-01	   2.8656001694020639e-01	   3.1021805486585513e-01	   2.8337144783753820e-01	   2.0184108537643811e-01	   1.2448461040271154e-01	   1.9685545798486281e-01	   5.0921372127833660e-02	   1.7468823237226119e-01	   7.8188867785410593e-02	   2.8153617521486896e-01	   2.0530122329378325e-01	   3.3489635757167174e-01	   1.6764158753687045e-01	   2.1793489289358906e-01	   2.2978831527518082e-01	   2.8705218143644895e-01	   5.0398749645097729e-01	   1.8976309458236496e-01	   2.0766950690452488e-01	   3.5306457012130710e-01	   5.5067174174144240e-01	   4.9885593325159727e-01	   5.0684712918787844e-01	   3.4884994162075939e-01	   3.1997300765731151e-01	   4.4885309566925058e-01	   3.7518340785571525e-01	   3.5123216639047167e-01	   4.0586250241056038e-01	   4.3632599647832948e-01	   4.2483652595079369e-01	   3.7006049138922081e-01	   3.5909866595441792e-01	   2.8287665343030305e-01	   3.1099977378606802e-01	   2.7073947979442470e-01	   2.0126520707823037e-01	   3.1048529209085907e-01	   2.9110403408124630e-01	   3.6706557079426910e-01	   5.8330271212852514e-01	   2.4726411912691454e-01	   1.6333263120482575e-01	   4.1841225956898187e-01	   3.8344426176422386e-01	   3.9453877566093010e-01	   2.9920832216866239e-01	   5.0780174028158820e-01	   3.4144533819846351e-01	  -1.7548598648151757e-02	   2.8610769527946300e-01	   1.2061187919652866e-01	   2.4741698825470940e-01	   3.4210406928109677e-01	   3.0326464289271554e-01	   4.7104566213401733e-01	   3.2422900216053319e-01	   4.3133825002728282e-01	   2.4891122039935043e-01	   1.4769736349322121e-01	   1.3474421444355025e-01	   2.8534549226751876e-01	   2.6129869570858544e-01	   2.6305592341650311e-02	   1.3275575797038472e-01	   2.2479464711284702e-01	   2.3229093451805816e-01	   3.6432181657392937e-01	   1.4194109159893226e-01	  -2.1209091174295230e-02	  -2.0485307936768621e-01	
   8.8892445562042699e-01	   8.2168156836625306e-01	   1.2431107206127492e+00	   1.1004860594936168e+00	   1.2267981645643826e+00	   6.1802743592869991e-01	   0.0000000000000000e+00	   9.1570054463456541e-01	   1.3197507195599649e+00	   9.1294017440956887e-01	   6.5012693296964352e-01	   5.5488604065798053e-01	   1.1496366599969747e+00	   7.6596982413780834e-01	   1.0305450216855787e+00	   9.4501610361000876e-01	   2.3113043762416499e-01	   2.5170971684050236e-01	   9.0558514479070662e-01	   7.9112945593484518e-01	   5.6295085440677672e-01	   4.6969172725095132e-01	   1.0585570281359384e+00	   1.0410268968447183e+00	   5.4867547324685362e-01	   5.6150040285559044e-01	   7.1620082303249311e-01	   5.4905446996165974e-01	   2.5063954382246867e-01	   2.8994098343927438e-01	   7.1071035991200227e-01	   5.2307470985628712e-01	   6.3466817293594047e-01	   6.2502798477878829e-01	   4.1211737465572273e-01	   2.7555319022598801e-01	   2.4876641484829806e-01	   2.8474735708618382e-01	   3.2038195763046701e-01	   2.7931038429616056e-01	   4.1930986445334911e-01	   3.1859998544018275e-01	   3.8433448256952829e-01	   2.9059245652555771e-01	   3.0733382811049398e-01	   3.3694106332560869e-01	   4.9999619998856082e-01	   4.4074716272929859e-01	   2.7856679769958315e-01	   2.6979661012292960e-01	   2.6093813642085001e-01	   1.2575358217670785e-01	   3.8025058473075402e-01	   3.2779081724161341e-01	   3.9968187693127954e-01	   3.9584019940270204e-01	   4.7447322074863996e-01	   3.9074229628881307e-01	   4.4233086336005950e-01	   2.6902505615810207e-01	   6.9917913517577923e-01	   6.2571896665099658e-01	   2.8944105815346766e-01	   3.3392996024688981e-01	   5.9169925915422339e-01	   5.2073917113982859e-01	   6.6509780843116195e-01	   4.9677763028399957e-01	   8.4317483297300577e-01	   6.2721123933280376e-01	   4.7406549637020390e-01	   5.5140059200550362e-01	   4.6073681340396111e-01	   2.8867913066292827e-01	   4.9396679380950625e-01	   3.7040670545477811e-01	   6.8199584860008045e-01	   5.9690985561839960e-01	   2.8805901296410585e-01	   3.6149639005645140e-01	   2.8186296380420839e-01	   2.2595696787213027e-01	   5.3939768537221644e-01	   5.9843477127479139e-01	   5.6864496473715265e-01	   5.9684829128220707e-01	   3.2606646441640103e-01	   2.4318226694218067e-01	   8.3110829576964651e-01	   7.6828435125212580e-01	   9.4375114435107221e-01	   9.0768647855981033e-01	   8.5703248581987401e-01	   8.6586329456919908e-01	  -1.5279704425160995e-01	   3.8817298550028995e-02	   1.3238270183961509e-01	   1.9202768407256826e-01	   6.0201233014210886e-01	   6.8042861648813657e-01	   7.0593326690132263e-01	   9.9064148000886521e-01	   6.9687215500472233e-01	   5.5894199459972027e-01	   1.2391630985339285e-02	   4.3854530235424218e-02	   2.1081894023345676e-01	   3.3310486662364347e-01	  -1.1223605362751003e-01	   1.1940973213953499e-01	   3.3070195449612094e-01	   5.6196914615390570e-01	   7.1688989098634537e-01	   3.0766809398147232e-01	  -1.3796938695788191e-01	  -4.5462035483625651e-01	
   6.5704296006635887e-01	   7.4705259088916431e-01	   5.3394124640308060e-01	   1.0866430639913987e+00	   8.2245248015191297e-01	   6.7487863353560817e-01	   9.1570054463456541e-01	   0.0000000000000000e+00	   7.1409971231801439e-01	   1.0277124595646958e+00	   7.0198892863086493e-01	   7.5132976671350193e-01	   7.0877685776682320e-01	   9.7297456722431008e-01	   6.5515022787119115e-01	   1.1051119198900752e+00	   4.8777242768914081e-01	   4.8875429096831641e-01	   6.3703222342901711e-01	   7.9306850215384894e-01	   3.8843767771399096e-01	   3.9194836216027124e-01	   4.8182879071345786e-01	   7.9441919117139481e-01	   1.9295910520660750e-01	   2.1178133993859641e-01	   3.5379785897843413e-01	   2.7982482647624940e-01	   4.5229542585958615e-01	   7.4884250135211894e-01	   6.7731138086782150e-01	   7.9242764801609378e-01	   6.4282793001581573e-01	   8.4652617684986031e-01	   2.8832803463460788e-01	   2.8774749786380399e-01	   1.2827777291328646e-01	   1.4273933401614231e-01	   1.2965330937849387e-01	   2.2502038027995552e-01	   2.9835473926517025e-01	   1.5338234761841041e-01	   2.6378990582133294e-01	   1.8953278722917355e-01	   2.4931833261950070e-01	   3.1988681289183979e-01	   4.0309967565381255e-01	   3.3814499478924503e-01	   2.8431628060734493e-01	   3.0802556520730728e-01	   1.8605478826528893e-01	   4.8699383069305310e-02	   3.1621487233096501e-01	   1.7461741155883281e-01	   2.0373022865709561e-01	   1.9903391049068930e-01	   4.5014402758577543e-01	   1.7234639204707791e-01	   2.6538851070402070e-01	   3.0030289737327009e-01	   7.2126886131254109e-01	   1.1111283058607857e+00	   5.2387729778183323e-01	   5.8009334775246502e-01	   1.4108438823067254e-01	   4.0174809657793226e-01	   3.2200140997547738e-01	   3.2581503352419156e-01	   5.3921504984081015e-01	   6.1389839869920559e-01	   5.0241341852623644e-01	   3.6432355827234225e-01	   6.2749853649763132e-01	   6.0255953300884335e-01	   6.4270651049318495e-01	   7.2036551582025421e-01	   4.4222628068599601e-01	   4.1635594829672506e-01	   3.8871311079748261e-01	   4.9321063100277601e-01	   4.4971403292379764e-01	   3.7853147677257332e-01	   4.9261932301820621e-01	   8.0999057760445836e-01	   2.3198375519037273e-01	   3.7614369781899654e-01	   5.0308949592620866e-03	  -2.1010275167189837e-02	   3.6626748410893573e-01	   4.4073208165639211e-01	   6.7811077245874474e-01	   4.2172594845734496e-01	   7.1016739484541069e-01	   3.5753003386237997e-01	   9.6012741760647016e-02	   3.6130576750960952e-01	   2.8443660757798156e-01	   3.6748083499948631e-01	   5.1054541227017691e-01	   3.9404976467761921e-01	   9.7527027230802321e-01	   5.7865700413404775e-01	   8.9232550664800392e-01	   4.2627037319411970e-01	  -9.0929877360331313e-02	  -1.0327706429599116e-01	   1.5591626463585426e-01	   4.9786858109513277e-01	   2.1214993104568991e-01	   3.7776153225201958e-01	   3.4890537612831568e-01	   4.6829962019387272e-01	   5.4829733335906639e-01	   4.2307844042304416e-01	   1.5151458247277252e-01	  -9.9794066302504369e-02	
   5.7082156692050856e-01	   5.5990784312385455e-01	   8.1678925063057439e-01	   8.2964315263155131e-01	   1.0599665649039329e+00	   6.0612467259467284e-01	   1.3197507195599649e+00	   7.1409971231801439e-01	   0.0000000000000000e+00	   1.1235140507476660e+00	   3.4218289203166619e-01	   3.5419198750826231e-01	   7.8128573517493249e-01	   5.0806707519252425e-01	   7.8942064192536954e-01	   7.8178682569981761e-01	   1.4111342100889823e-01	   1.2857189370795574e-01	   4.9197385318449388e-01	   4.3048771003803254e-01	   6.5027134922144370e-01	   5.0458479839246373e-01	   7.5236880480347534e-01	   7.2623712468286139e-01	   6.6550465988867291e-01	   6.6573608682647567e-01	   8.2451213988214667e-01	   6.3966222868821143e-01	   6.1886418504355507e-02	   1.3341610109657920e-01	   4.3229953926672210e-01	   2.6775922203621971e-01	   3.8587973152210336e-01	   3.7128873011263785e-01	   3.3726414398012072e-01	   2.0911219140267559e-01	   2.9621129377461725e-01	   3.7500002216212369e-01	   3.8079847253709609e-01	   3.2736400886166989e-01	   3.8421024299081857e-01	   3.5124508967161033e-01	   2.2483812735427747e-01	   1.5087378835985785e-01	   1.9697256836974913e-01	   2.1285164625471947e-01	   3.4512590117954250e-01	   3.2338519974121904e-01	   1.8923324628775534e-01	   1.6290448234336580e-01	   1.9070470191414798e-01	   7.2729592598557380e-02	   3.0424125579438960e-01	   1.6000389479855553e-01	   4.2887309193892742e-01	   3.8103277739006408e-01	   3.5470513577754048e-01	   3.2901738801584340e-01	   4.8913762177219017e-01	   2.5344723839476135e-01	   6.5837428231837902e-01	   5.9349806229300739e-01	   1.2530897993530424e-01	   2.4071175438108494e-01	   6.0471271825449580e-01	   5.3583557237505675e-01	   5.9245212494430533e-01	   4.4777803255517462e-01	   6.5389311107914772e-01	   5.0175998475113337e-01	   2.0479745085714182e-01	   3.7479082900786104e-01	   2.3109307260600725e-01	   1.4956427594886948e-01	   2.1445863804672144e-01	   1.8106889471798202e-01	   6.3345989979327910e-01	   5.8662163922575750e-01	   1.9986841282942475e-01	   3.0702204731460869e-01	   2.6013208741146643e-01	   1.5705552315415966e-01	   3.1571709412561078e-01	   3.8655876845347154e-01	   4.6453506562064473e-01	   4.7825992533234724e-01	   3.3088605012953548e-01	   2.1020743286411028e-01	   8.7486119901933368e-01	   7.1792084115714372e-01	   7.5105241242300536e-01	   6.7422922506159644e-01	   6.6443425623130115e-01	   7.4729781669113449e-01	  -2.9566943155376302e-01	  -4.9990682492274820e-02	   4.2266715890133186e-02	   1.2852400275877465e-01	   4.1431395640547336e-01	   5.5339800119506755e-01	   5.0131058173951315e-01	   7.1191143691632097e-01	   4.3735600205901271e-01	   3.2172837450715475e-01	   5.8182577513754594e-02	   9.3893140242995554e-02	   2.6480042286532524e-01	   2.5763992714938916e-01	  -2.3575594690989193e-01	  -5.1893798681464307e-02	   2.3478749514706071e-01	   3.0173442328716360e-01	   4.7661387977131076e-01	   1.8755486540974576e-02	  -3.8833812049498440e-01	  -5.8786272647134918e-01	
   4.3738109572286793e-01	   4.3010443450572033e-01	   5.5886972777718946e-01	   9.0904669435909036e-01	   8.9246319598942803e-01	   8.5029525247283178e-01	   9.1294017440956887e-01	   1.0277124595646958e+00	   1.1235140507476660e+00	   0.0000000000000000e+00	   2.3256851571728201e-01	   3.6793695137339055e-01	   4.6218009626093592e-01	   5.6804754542418023e-01	   5.6708335285016309e-01	   8.8971831921285816e-01	   2.5929855157324067e-01	   2.0068860143752276e-01	   3.9657981361549788e-01	   4.3129857974377589e-01	   5.6805901842846496e-01	   5.3330518970622565e-01	   5.4234496598860438e-01	   7.2424287183571423e-01	   5.9574337909632324e-01	   6.3298929956344330e-01	   7.3267366532472900e-01	   6.6498049534728443e-01	   1.5515450432616379e-01	   3.3441494230541419e-01	   4.7134819027724434e-01	   4.0630301067195318e-01	   3.8073524824481370e-01	   4.5225676990151648e-01	   2.8235937258909671e-01	   1.9981839245731603e-01	   2.5860658021992478e-01	   3.4030782399820220e-01	   2.7457483532310356e-01	   3.0679597233207678e-01	   2.2754830929745690e-01	   2.4216631683043288e-01	   2.0828375939589636e-01	   1.1900897380213246e-01	   2.0737206952410187e-01	   2.0924116350974351e-01	   3.3033376471824399e-01	   2.7897979116407345e-01	   2.1879635011005241e-01	   1.4579013463818330e-01	   1.9964159103738019e-01	   3.9350292498886606e-03	   3.0526896065802855e-01	   6.2633083732906158e-02	   2.9072655350318644e-01	   2.4981855682764484e-01	   3.2074593731044854e-01	   1.6676308820437064e-01	   3.4289022845994566e-01	   2.5821697101971758e-01	   5.8126360674327238e-01	   8.5020605627994206e-01	   1.2015232358125787e-01	   2.8544472038328494e-01	   3.9648882141904429e-01	   5.3122917589012597e-01	   4.5907609967109964e-01	   3.8471917496102326e-01	   4.3174426045005354e-01	   4.5992825147332261e-01	   2.6524922826262715e-01	   3.8760081436494481e-01	   2.6572060036887557e-01	   2.2452404859983266e-01	   2.7299320598961851e-01	   2.8664189624466174e-01	   5.4153979842632372e-01	   5.3987919415997310e-01	   3.1959539242571161e-01	   3.7523322256982827e-01	   3.3602180563420680e-01	   1.6634260782205199e-01	   2.7742606827488864e-01	   4.5246284740348802e-01	   3.0304821793968617e-01	   3.6745333242273021e-01	   2.0757155778622080e-01	   1.2120381049099826e-01	   6.2458227388156884e-01	   5.9738549880336678e-01	   7.0272679841619057e-01	   4.5364684149090040e-01	   7.0032526853642685e-01	   4.5877875056822193e-01	  -1.6969787158946587e-01	   1.0260992483942091e-01	   4.8822934842666414e-02	   1.7692668338594911e-01	   3.7534136375843546e-01	   4.6392093194796347e-01	   6.0581961130456996e-01	   4.7939439171696679e-01	   4.7509110417640421e-01	   2.7681486005943157e-01	   3.0278415519197112e-02	   2.3795586773934382e-02	   2.1980709730501441e-01	   2.9425095063933127e-01	  -1.0703419125049424e-01	   5.2001171414380154e-02	   2.3767133068782173e-01	   3.1604989216295748e-01	   4.4791243533437725e-01	   1.0682897915357786e-01	  -2.1271503059569474e-01	  -3.7644651792131428e-01	
   8.5215030952471493e-01	   1.1490066982469029e+00	   4.8578341856686291e-01	   4.5082019088775516e-01	   4.9898730205142239e-01	   2.2510409537707807e-01	   6.5012693296964352e-01	   7.0198892863086493e-01	   3.4218289203166619e-01	   2.3256851571728201e-01	   0.0000000000000000e+00	   1.0940190620883967e+00	   1.2232119856316421e+00	   8.9786669337872449e-01	   5.8453999519345157e-01	   5.5330232199105267e-01	   3.9326140227963735e-01	   7.1979139230467193e-01	   7.4980578004364085e-01	   7.5676025359696242e-01	   1.8791694972837275e-01	   1.6105776909250893e-01	   3.4420983319839615e-01	   3.5648004399468353e-01	   3.6440507043794547e-03	  -4.8753315397820102e-02	   1.3526267153544541e-01	   5.5348605454156159e-02	   7.7465056344943961e-01	   6.7873809154408160e-01	   5.6381309651800215e-01	   5.5023482967464465e-01	   6.8863008172264184e-01	   7.3979043689958912e-01	   3.2477105216545726e-01	   3.0909722792378519e-01	  -2.0640644375948765e-02	  -1.3338184923296434e-01	   8.7660313360396744e-02	   1.2243695799093421e-01	   4.5053980381706965e-01	   7.2699225135853224e-02	   5.5137060722058384e-01	   5.4733870168084042e-01	   4.4824986598576289e-01	   6.3134841762618921e-01	   6.5088011603118345e-01	   6.0495690923926559e-01	   4.5606598031019030e-01	   5.9821598962821931e-01	   3.8900789618305553e-01	   4.0670973901222723e-01	   4.7676122962490497e-01	   4.1615336861369412e-01	   4.4932905620318386e-01	   4.5852472161264929e-01	   4.9829457299406144e-01	   3.2086220956926365e-01	   4.5422074466492496e-01	   4.5291776005581047e-01	   6.9203328466473135e-01	   4.5430125128507032e-01	   7.6226503763618514e-01	   5.5337398979721220e-01	   3.9086543943644261e-02	   8.0455680154751616e-02	   3.7943975482156228e-01	   3.4536958615015195e-01	   5.7224429558073131e-01	   5.2113978518935933e-01	   5.7241738404825437e-01	   3.3402608047276167e-01	   8.7103438726171956e-01	   7.0912880835496517e-01	   7.7481974170286716e-01	   7.4298877342200709e-01	   2.1472011927910975e-01	   1.2470358114940394e-01	   2.1551722847177879e-01	   3.5290302270321794e-01	   2.5771938825562196e-01	   4.4507096623087083e-01	   6.1197978948918330e-01	   6.5506739578228890e-01	   3.7020635301919042e-01	   4.3154281660538729e-01	   5.4582716346370380e-02	  -4.0436194621367501e-02	   2.5134121025865203e-01	   3.2719869816478148e-01	   3.9976340394096432e-01	   3.9932727439236521e-01	   3.0177024500858546e-01	   2.5873212429899184e-01	   1.4844028801752493e-01	   2.7842439635813065e-01	   4.8513274472296808e-01	   5.1465512630671117e-01	   7.8162729876817472e-01	   5.0562189218237608e-01	   6.1153589697454269e-01	   6.1411112140581237e-01	   7.5803464650745755e-01	   5.4838405647884225e-01	   5.1749336731555740e-02	   4.5993686078693356e-02	   2.3065435850254606e-01	   4.9802045101003445e-01	   2.2582171638072987e-01	   3.5867504384702492e-01	   4.4500609001319014e-01	   5.9220787230214589e-01	   4.8093447333607109e-01	   5.4288611936124076e-01	   2.8405333931867477e-01	  -1.3328761670060680e-02	
   6.3758354488418956e-01	   1.0941278132879273e+00	   3.2431415921013090e-01	   3.8762263692498455e-01	   4.6536653033795300e-01	   3.1983791333304923e-01	   5.5488604065798053e-01	   7.5132976671350193e-01	   3.5419198750826231e-01	   3.6793695137339055e-01	   1.0940190620883967e+00	   0.0000000000000000e+00	   7.4974496549618663e-01	   1.2280521848664780e+00	   3.7421221033768731e-01	   5.1789304971496020e-01	   2.3389217102444962e-01	   6.5532290913670388e-01	   4.4573302532089287e-01	   6.0265804494513064e-01	   2.4107590837746784e-01	   3.0725967235446999e-01	   1.8464154885007741e-01	   2.6292920510822204e-01	  -5.4616792092842911e-02	  -1.0252648423585317e-01	   1.2749203442901511e-01	   1.4983198787019864e-01	   5.1954333336092984e-01	   5.8848427714514751e-01	   3.3808838267712971e-01	   3.2824176290724594e-01	   3.6090808726921986e-01	   4.7356237365220633e-01	   5.3006744781568770e-02	   5.8415311949997772e-02	  -5.6053471311132828e-02	  -9.2494531288707937e-02	  -3.1780646711200330e-02	   6.1263246103591545e-02	   2.9782026730754374e-01	   5.4021153077964214e-02	   5.2323840532641808e-01	   5.9375508950844991e-01	   5.1360506722312771e-01	   6.4858863295794345e-01	   5.7846157949027166e-01	   5.7832613934610366e-01	   6.8348933944706813e-01	   7.9375289651488923e-01	   6.7709299904619558e-01	   6.6441753805917103e-01	   7.1212373856366085e-01	   4.4753712727404960e-01	   4.6131942002377541e-01	   5.9866051805112008e-01	   4.2036227905197832e-01	   4.9508725737948639e-01	   5.9749446775514392e-01	   8.1690481978232488e-01	   5.7834811137209585e-01	   7.6070385920052075e-01	   4.6306492720656489e-01	   8.3754257576349289e-01	  -9.4603069204452314e-02	  -3.9961034378005553e-03	   2.3094120208617885e-01	   2.0438443562405617e-01	   4.3901480047739116e-01	   6.4383930888747842e-01	   6.2820957526292509e-01	   4.8942179931885321e-01	   6.8340976277022636e-01	   5.9593498129012934e-01	   5.7596402502588184e-01	   6.3854135364260700e-01	   2.4505376285759706e-01	   2.2944469040260013e-01	   4.8865972895184871e-02	   2.5973570563564846e-01	   8.6271558365350290e-02	   1.5058728077513214e-01	   3.6298550995331086e-01	   4.2818911763993411e-01	   1.8007317479639914e-01	   2.3112905811105311e-01	  -5.2223913426436848e-02	  -1.5941503180062003e-01	   2.1125430615717677e-01	   3.5914695383784079e-01	   3.4214562722292946e-01	   1.6809891458648116e-01	   2.2904224811883839e-01	   5.4526193656149684e-02	   5.9023707181363662e-02	   1.2133682713890549e-01	   1.9376293236969827e-01	   3.5588217656689991e-01	   7.2630526730945388e-01	   5.2010744497925432e-01	   6.9009546626851903e-01	   4.0320527596280542e-01	   6.8232353057953499e-01	   4.0903406242859996e-01	   6.8787224627421512e-02	   6.7746445985724907e-02	   2.8515287680174023e-01	   4.7679952950044147e-01	   1.6819458766201828e-01	   2.3150600515421127e-01	   2.1399505466522226e-01	   4.4315761371711043e-01	   4.3879474831565368e-01	   4.9732579690347728e-01	   2.2974321814447024e-01	  -7.2483418278092862e-02	
   8.7469434032223126e-01	   9.9480311152821799e-01	   8.4344316672756181e-01	   6.3972007580834522e-01	   7.3173404072906900e-01	   2.9520977363426992e-01	   1.1496366599969747e+00	   7.0877685776682320e-01	   7.8128573517493249e-01	   4.6218009626093592e-01	   1.2232119856316421e+00	   7.4974496549618663e-01	   0.0000000000000000e+00	   8.6110352774274979e-01	   9.6108126280937656e-01	   7.0320952389881330e-01	   2.2320466829232793e-01	   4.3775813045667861e-01	   8.4332284110040745e-01	   7.0425534205112816e-01	   3.2181286530452147e-01	   2.2033372175746885e-01	   7.1158472855270438e-01	   6.2974521705369302e-01	   2.8298349712708837e-01	   2.2715971435561794e-01	   3.9203013904197681e-01	   2.4017410083970386e-01	   4.1964447862845450e-01	   3.5617599089339030e-01	   5.9905101709789699e-01	   4.4253349558133259e-01	   6.1535023762934127e-01	   6.0999460921502069e-01	   3.5775844215383390e-01	   2.4921608289048047e-01	   7.1230740778144938e-02	   2.8097064520092307e-02	   1.6732318815980035e-01	   1.2194415900963747e-01	   4.8188644678021003e-01	   1.8356790887283414e-01	   4.5687327474479245e-01	   4.2668149998008797e-01	   3.5686776897356276e-01	   4.6140469253492178e-01	   5.4999608187987115e-01	   5.2251954010113166e-01	   3.9642143909479499e-01	   4.2181232646182421e-01	   3.4871450691390754e-01	   2.8141939271173128e-01	   4.6398938942726387e-01	   4.1184488984738032e-01	   4.4995572714303850e-01	   4.7683088890759012e-01	   4.0794051865239128e-01	   3.5928109196630426e-01	   4.7360704508565432e-01	   3.1434058758581185e-01	   7.2459004385483405e-01	   4.6076231769515719e-01	   4.2196855117791632e-01	   4.0506902357820540e-01	   3.9077103384115830e-01	   2.2642172683899975e-01	   5.0939258898841533e-01	   3.9047054587635210e-01	   6.5476288286370343e-01	   5.0768742315740134e-01	   4.5276757140381019e-01	   4.4440980720568179e-01	   5.7828358671265623e-01	   3.8202391047415013e-01	   5.6470416204178731e-01	   4.2994417681401087e-01	   4.6955601348302795e-01	   3.4234305340106036e-01	   1.4125775517936348e-01	   3.3550197474380999e-01	   1.9584297343205415e-01	   3.1247573151909053e-01	   5.9181539178089682e-01	   6.0518722426441074e-01	   5.5595666901559149e-01	   5.3071162703450692e-01	   2.4789270795980881e-01	   1.2477025430471352e-01	   5.6818890149097867e-01	   5.5569867604571654e-01	   6.6463226751198168e-01	   7.1148832478405388e-01	   5.3582295799665780e-01	   5.8993019606342634e-01	  -5.9234234676707596e-02	   1.0223395791376866e-01	   2.2116834308166716e-01	   2.6928104095896183e-01	   7.3673408223985881e-01	   6.6568699573305246e-01	   5.7227704020397263e-01	   8.5397301846507734e-01	   6.4432659445718143e-01	   5.2768585829605963e-01	   6.0763395600860207e-02	   8.6395470386926784e-02	   2.6421463377286769e-01	   3.6105094480693090e-01	  -1.3062042478830471e-02	   1.4649434878957079e-01	   3.2190923537761967e-01	   5.5370374762670249e-01	   5.9468949371876956e-01	   3.7401061713905509e-01	   2.4281910519014644e-02	  -2.9211273472486937e-01	
