   0.0000000000000000e+00	   1.2108209003915018e+00	   5.5335659470597132e-01	   3.9326972102534452e-01	   3.3929279792050054e-01	   4.9500085510680070e-01	   6.2709990886473510e-01	   4.0144824179459271e-01	   3.2184973651992083e-01	   3.9410500927090303e-01	   8.8713614407751340e-01	   5.1315108893142636e-01	   9.1199844621865600e-01	   5.8007432503368395e-01	   4.6465535461552587e-01	   4.9936484530514402e-01	   8.6471621250541875e-01	   7.7062180068299502e-01	   1.0557207796248582e+00	   1.0988373510729517e+00	   5.0503547022908712e-01	   4.1540676108038443e-01	   3.9017506494481691e-01	   2.6683444933330824e-01	   3.5228093825073409e-01	   3.2903952322772989e-01	   4.5282790729986905e-01	   4.0690082510746955e-01	   5.7384261748308441e-01	   5.1452100755082464e-01	   5.1393852124388528e-01	   5.1680356157230023e-01	   8.9257184049973493e-01	   9.2024869399216924e-01	   4.2167169755256390e-01	   3.2317015283389416e-01	   6.7555265639210638e-01	   7.1279578374771480e-01	   7.8851750934277887e-01	   6.8017446919977276e-01	   8.7556485848641219e-01	   6.0093389656872276e-01	   4.5825551516186297e-01	   3.5286980654773892e-01	   3.4529429355596597e-01	   3.3872727564202026e-01	   6.2382293282321311e-01	   5.8207345547573663e-01	   5.5104852611824717e-01	   6.3201083903222888e-01	   7.4168296617154517e-01	   6.0054394166325442e-01	   6.6451534719908512e-01	   5.8964771457318799e-01	   8.4202920269804526e-01	   7.5071036659701762e-01	   1.0333645726546297e+00	   1.0137313734897158e+00	   1.0140332406352328e+00	   8.4791888327778064e-01	   1.0428725531986573e+00	   6.9161065790043186e-01	   7.4083028714290755e-01	   7.3483943021736109e-01	   4.1273307445109086e-01	   3.6709790270454151e-01	   4.8084367298968356e-01	   3.1171628463087453e-01	   9.6055400190106899e-01	   7.4317795940180975e-01	   6.3068466899269304e-01	   6.7029761222265627e-01	   1.0757757829619119e+00	   8.5123550141603932e-01	   8.9230720651768369e-01	   9.5538432667761075e-01	   1.0182017479874208e+00	   9.0423436941886659e-01	   8.8274437671221184e-01	   7.3557738516142324e-01	   7.3106130150796167e-01	   7.5338761919060193e-01	   4.9513651617927418e-01	   4.9394779314705040e-01	   6.4557353495939962e-01	   5.8603780752087808e-01	   6.8427143716282690e-01	   4.7430124796831064e-01	   7.5689171292750990e-01	   7.4429996182159497e-01	   3.6419668442581182e-01	   2.5203174592518018e-01	   1.7611886666869442e-01	   3.2493175599989566e-01	  -1.6278389958983345e-02	   2.5358151613392579e-02	   4.2644840218855701e-01	   3.5915226170479336e-01	   6.5928168921498376e-01	   7.5518884366757399e-01	   3.8410900746440602e-01	   8.1705755963228510e-01	   5.4420910095020780e-01	   6.9533715130881790e-01	   1.1738444075138479e-01	   3.3072872074984869e-02	   5.4272294913105656e-01	   4.6206824847670769e-01	  -1.0600671391358189e-01	  -1.2822905958234121e-01	   1.9799521250123001e-01	   4.9666354639807564e-01	   4.3096576246982277e-01	   2.8151353732186035e-01	   4.4568699909410286e-02	  -1.6831678021707810e-01	
   1.2108209003915018e+00	   0.0000000000000000e+00	   2.0355707757384742e-01	   4.8062779444879233e-01	   1.1748278935962002e-01	   4.1549319212765307e-01	   2.4515526707708302e-01	   4.9275357958405525e-01	   1.1874549061659322e-01	   4.4569992209192411e-01	   5.9629466409864273e-01	   7.3760069807040807e-01	   6.4758166354625424e-01	   7.6032397975068533e-01	   2.7306876473987818e-01	   5.9486449972211375e-01	   9.2844204330228575e-01	   9.1490669363602106e-01	   8.4244937032716471e-01	   1.2921621423450671e+00	   5.3141063520088050e-01	   5.4780447755479977e-01	   2.1507281971812692e-01	   2.6224583521743106e-01	   2.2074390516895739e-01	   3.1800694634939675e-01	   3.1994165995452262e-01	   4.0471267598390831e-01	   4.7500648636630682e-01	   6.1530463872329788e-01	   4.3058117381063349e-01	   5.0578040385311351e-01	   8.2389988768665712e-01	   9.7514457605185223e-01	   3.0672349203495203e-01	   3.7865741729346608e-01	   6.9425849201917200e-01	   8.5966423648112278e-01	   7.4064589886503196e-01	   8.1972464883586604e-01	   8.7315908927861852e-01	   7.0631047803620728e-01	   3.7894017631634114e-01	   2.8110494800557523e-01	   2.1814840710787856e-01	   3.5630909359636481e-01	   6.3077800576906962e-01	   5.7390212493299608e-01	   6.2294461456015116e-01	   7.3477057493630404e-01	   7.9883431692915452e-01	   7.8922373603778873e-01	   9.5134943602732891e-01	   7.1723780551586269e-01	   9.3798641819613238e-01	   9.1009909113765919e-01	   1.1115341325152677e+00	   1.2010017384536038e+00	   7.6002172498265386e-01	   9.7158720618434158e-01	   7.5563033033578031e-01	   9.4694737511307925e-01	   6.5729075678261095e-01	   8.1443423017437910e-01	   1.4144224389896573e-01	   5.0047953150192348e-01	   2.6411724224393618e-01	   3.2204789021941638e-01	   9.2218114976436960e-01	   7.7668310079292269e-01	   4.8616205713143995e-01	   5.1791717266669535e-01	   9.8057785211835868e-01	   8.8956173626571455e-01	   7.0709281364375531e-01	   9.0166811437215544e-01	   8.8897671860254790e-01	   1.0037294636882301e+00	   1.0023323120513465e+00	   8.8509851117666649e-01	   8.9936002236731916e-01	   1.0494966257979035e+00	   4.2714911629015062e-01	   6.1437168647762397e-01	   5.4646510847267937e-01	   8.7992842153811512e-01	   5.8837328732861571e-01	   5.5474924937117776e-01	   6.8734562954365641e-01	   9.3614493258709386e-01	   4.6157584840828564e-01	   1.0243198355565228e-01	   3.3151152857193561e-01	   1.4175574249670098e-01	   1.2411261038486440e-02	   7.5846277110652893e-02	   4.5129024372581339e-01	   4.6662167661113468e-01	   7.6967134157383887e-01	   6.5288599289333182e-01	   6.7955549842929386e-01	   6.5897710985881686e-01	   7.4522220598142064e-01	   6.5435658038390399e-01	   3.2217187610104558e-01	   2.8403768900069685e-02	   6.0435995684813282e-01	   3.8438814483000250e-01	  -1.0950894899615457e-01	  -1.3743946893551523e-01	   1.9115036933727583e-01	   5.8142523170506644e-01	   5.8137840824397968e-01	   4.6918791552001110e-01	   1.3465446108611229e-01	  -8.1234487326690280e-02	
   5.5335659470597132e-01	   2.0355707757384742e-01	   0.0000000000000000e+00	   5.1253932167159744e-01	   7.9390577623811664e-01	   3.8364795730359369e-01	   1.1280762565879006e+00	   3.0930729884226654e-01	   4.2746886163928138e-01	   2.0857175939627587e-01	   2.6408152615657443e-01	  -7.0529600304686246e-02	   2.3214890549806450e-01	  -5.0734261312615436e-02	   4.8498033221298376e-01	   1.9993575489115184e-01	   2.1868433600100723e-01	   4.4804114727630580e-02	   8.8026334601800660e-01	   5.6217031221273284e-01	   1.4546721815713867e-01	  -5.0917918448713642e-02	   8.7363528306473148e-01	   5.2754272338696584e-01	   8.5549468480347501e-01	   7.1776253339661755e-01	   2.2565104015093623e-01	  -1.9335421688961765e-03	   7.3085720546863700e-02	  -4.1384890098052511e-02	   8.1676452313669246e-01	   7.6424884488603928e-01	   6.7119261419088183e-01	   5.8055027706687101e-01	   7.0730154913853538e-01	   5.0906478851308945e-01	   4.6685101543969154e-01	   3.9119638646300509e-01	   5.5282331634920356e-01	   3.9077155773354549e-01	   4.2800542116754398e-01	   3.0136984651088350e-01	   6.2919933521472815e-01	   6.2050138067873750e-01	   5.4435545372606520e-01	   3.5791083126185291e-01	   4.2556752103087381e-01	   5.8788412206947571e-01	   1.1722048696225504e-01	   1.7878808316235870e-01	   1.7611526020190521e-01	   1.7915728489010646e-01	   1.3206617339269677e-01	   3.4071585783681790e-01	   4.0065702186146063e-01	   3.7360944171953847e-01	   2.6465580583739617e-01	   1.8907599320865159e-01	   4.1056390534440601e-01	   2.5678015516495839e-01	   1.8538476042558583e-01	  -1.8683434693330614e-02	   1.4684805913216922e-01	  -3.9627165863742639e-02	   5.0531623073475085e-01	   1.8641213430058337e-01	   8.1600359200142880e-01	   5.0198308093238542e-01	   6.3672231569526427e-01	   5.7024845741509111e-01	   6.2623989282156112e-01	   5.4643047929680610e-01	   3.6755693334497574e-01	   2.2286028722599854e-01	   4.8437085324447210e-01	   3.5775323628428157e-01	   6.2014962200643486e-01	   5.0502370648301598e-01	   2.0864851869426890e-01	   1.8979697573669141e-01	   1.6889682437980591e-01	   1.3847695777580862e-01	   5.1438312867625380e-01	   2.5569276862982754e-01	   5.6891225993546002e-01	   2.1853152717536334e-01	   7.0107465083123810e-01	   5.2921518262389877e-01	   5.7085914777614144e-01	   4.1595201374364354e-01	   3.1828003872663285e-01	   6.7628585773308514e-01	   1.5083112462028586e-01	   6.2284701400546649e-01	  -6.3548590095252558e-02	  -5.8695407403265620e-02	   3.3577846245594861e-01	   1.1915228162611330e-01	   2.0149060961401333e-01	   5.5583072421656743e-01	  -1.4079520821904698e-01	   5.0637007859004424e-01	   1.1130375651701895e-01	   4.5608293196988248e-01	   4.6929031767733470e-02	   2.1048937296356424e-01	   3.5002670542736264e-01	   4.8784470920787648e-01	  -5.5325710093593675e-02	  -1.0310394041615191e-01	   3.0128174150098919e-01	   3.5225710762999796e-01	   1.4662354628499386e-01	  -2.8009469105186161e-02	  -4.5896546774962410e-02	  -2.5692068055683676e-01	
   3.9326972102534452e-01	   4.8062779444879233e-01	   5.1253932167159744e-01	   0.0000000000000000e+00	   4.4443123219514280e-01	   6.4773904362717383e-01	   4.7486066340226807e-01	   1.3079375198104273e+00	   4.2109850072013560e-01	   7.7973655338987125e-01	   1.9175288699900242e-01	   5.7178572300905495e-01	   2.3035681540337427e-01	   4.9623521691472439e-01	   2.3578359733634685e-01	   7.3228501649544808e-01	   2.0612769482053167e-01	   8.3889310488064334e-02	   4.6926555024092698e-01	   6.3031236555176251e-01	  -2.0967569573309662e-03	   4.7620102646933567e-02	   5.0856303856007556e-01	   1.0083734246920542e+00	   5.6421521637372807e-01	   9.5366420856161915e-01	   3.4673135526442904e-02	   7.1172981027028084e-02	  -1.9808427468489154e-02	   1.4385333187028079e-01	   3.7069515080118653e-01	   8.6562154892989618e-01	   6.2288690967338212e-01	   7.0470191517745318e-01	   5.3254441529856100e-01	   7.6344358667865841e-01	   2.9403386632356515e-01	   4.5978734138651078e-01	   4.7266373935811673e-01	   4.8686350861340422e-01	   2.6021436704043532e-01	   1.7455534053208399e-01	   4.8956368674381290e-01	   3.8812098977371606e-01	   2.7812838995227229e-01	   4.0242038325898705e-01	   4.7038053128506219e-01	   4.6463418779305743e-01	   3.3646246095142368e-01	   3.3425370332577004e-01	   5.1325584953804637e-01	   4.7605167983023755e-01	   5.2701119819938247e-01	   5.0207138934978535e-01	   7.1523298524166712e-01	   6.2070670405284367e-01	   3.0364736474515786e-01	   1.5569934205192024e-01	   3.2489623522978728e-01	   5.3763479401556458e-01	   2.1872942000739479e-01	   5.8747007784717320e-01	   1.5536499073944790e-01	   2.6079078432316771e-01	   3.6154937281086369e-01	   1.0873759738991333e+00	   5.2066856542891093e-01	   7.6480764721978267e-01	   5.8029101820344198e-01	   6.1233646510878148e-01	   2.4222549253764303e-01	   2.6548445341570931e-01	   2.1915568614412645e-01	   1.1472430325760806e-01	   3.5817333327273915e-01	   3.8107836597765837e-01	   3.8857638786626825e-01	   5.5738239609286699e-01	   3.8815427359996768e-01	   4.0657161740980602e-01	   3.4322064084445691e-01	   4.6439586745245642e-01	   1.7909926440754223e-01	   4.1940549297922491e-01	   5.1766991396289375e-01	   9.7847889318462755e-01	   5.5295795417643456e-01	   7.7930974269728415e-01	   8.2838414071424726e-01	   1.0331805969238681e+00	   9.0038117706915566e-01	   4.9692118437821553e-01	   8.0533000381855036e-01	   5.1372762255173055e-01	  -5.6582937144488664e-02	   3.7495191277064570e-02	   4.3333831795172428e-01	   2.9378361044004186e-01	   5.4789759574519603e-01	   5.2221371679193718e-01	   2.0353630201699313e-01	   5.0621649715651929e-01	   3.2322189730445161e-01	   3.9113039602212335e-01	   3.1029113107375961e-01	   6.1049185383217013e-02	   4.8713397820887372e-01	   3.6855427996037232e-01	  -3.3563832477783648e-02	   4.5070854477684982e-02	   1.5950740600120433e-01	   5.5536548635972305e-01	   4.0634470120630029e-01	   1.5305352970463729e-01	   5.3767158250074928e-02	  -1.9765484962233398e-01	
   3.3929279792050054e-01	   1.1748278935962002e-01	   7.9390577623811664e-01	   4.4443123219514280e-01	   0.0000000000000000e+00	   8.4786678017397354e-01	   8.1040614871127570e-01	   4.0407999644383658e-01	   1.2386044402228364e+00	   6.7193756353944389e-01	   1.3117878330007471e-01	   3.4584633060902564e-02	   1.4824897946570686e-01	   6.9110866724408110e-02	   5.7256349140609442e-01	   3.2646976642341480e-01	   1.5501886940173906e-01	  -4.7259314900821608e-02	   4.6213124245036669e-01	   3.7939512058477493e-01	   7.7903675139232740e-03	  -2.1297757265270592e-01	   5.6953568199408378e-01	   3.8935571386222390e-01	   9.4055658695173272e-01	   7.8512835278985127e-01	   2.7634043607881564e-01	   2.0393866211520603e-02	   1.5340890184757763e-01	   1.8826252473544039e-01	   3.7110653659698112e-01	   4.0052356281071866e-01	   4.4537936979509551e-01	   4.3224209461455371e-01	   4.4841693668552168e-01	   2.5026571937173853e-01	   2.8932499172187803e-01	   2.0865698620106554e-01	   3.7838082247229954e-01	   1.1186182999218951e-01	   1.9439911897328646e-01	  -5.8575860227136567e-02	   5.6069686944478003e-01	   5.0885008369756268e-01	   4.1122244818049580e-01	   3.2782999486029041e-01	   4.8985827278032357e-01	   4.5617139667134982e-01	   2.7315419798678114e-01	   2.6889540463656814e-01	   2.8990064962134215e-01	   2.7180957276487339e-01	   2.4158008978273965e-01	   3.6957840664970376e-01	   3.8586451769423874e-01	   3.2849335437361338e-01	   1.1801469901106999e-01	   6.1622265741786385e-02	   3.3861691735732874e-01	   3.7647772476174096e-01	   2.1651225781123010e-01	   2.1848082744668826e-01	   1.1039952785174717e-01	   8.2844111877013030e-02	   4.9696911589327458e-01	   2.9569728560423864e-01	   5.9972962147827147e-01	   4.2848340133010249e-01	   4.8851688024823225e-01	   4.9875245818067448e-01	   4.4273833562434806e-01	   4.8637447464222300e-01	   2.4404127997540770e-01	   1.2855982807781063e-01	   3.6317343263123880e-01	   1.8922709866264975e-01	   3.0518372997454146e-01	   2.1168708685460896e-01	   1.6125851936215510e-01	   1.9910068866343028e-01	   1.8527210056727483e-01	   1.3167873914349154e-01	   4.4743818976887889e-01	   1.8942258136534129e-01	   4.8083536097831858e-01	   1.9277712665639435e-01	   4.4003403624795090e-01	   2.4880207813906219e-01	   6.1454558647200885e-01	   4.6422343810080791e-01	   5.4302677751793560e-01	   6.6945915082127416e-01	   3.3263622072260773e-01	   6.3417153965994777e-01	   9.8887727459005148e-02	   1.7830913408804036e-02	   4.4561407052116830e-01	   1.0160263076462961e-01	   2.5317272111786115e-01	   4.4638743624071864e-01	  -1.5687921059190146e-01	   3.5812249527945056e-01	   6.7044580868907716e-02	   2.9698489603432560e-01	   1.6592163687817413e-01	   2.5709608771194259e-01	   4.9136852213705950e-01	   4.7724636977198048e-01	   1.1545478159730017e-01	   2.8494676445266948e-01	   1.9845134594302055e-01	   3.4722211771389622e-01	   2.4765516473901716e-01	   8.8612620499114780e-02	   7.5043297346534671e-02	  -8.3213911063276136e-02	
   4.9500085510680070e-01	   4.1549319212765307e-01	   3.8364795730359369e-01	   6.4773904362717383e-01	   8.4786678017397354e-01	   0.0000000000000000e+00	   6.1636366968821277e-01	   8.0238678181630496e-01	   1.0942375937997093e+00	   1.2084453047112136e+00	   2.8164817109427426e-01	   4.3280076459178995e-01	   3.8276537628789797e-01	   4.7933825039297318e-01	   2.9997961862783412e-01	   5.4334420072891865e-01	   4.1156024672450781e-01	   2.0535056474315960e-01	   4.5532865729543026e-01	   5.6618428078526639e-01	   7.2418216022598597e-02	   1.1726620824713234e-02	   1.9128573002906427e-01	   3.0960168118885545e-01	   5.2070584201562287e-01	   6.3111506502609993e-01	   3.1245639762196364e-01	   3.1327299824962285e-01	   4.2326790008828602e-01	   4.5941868630364030e-01	   1.1682787336250147e-01	   2.8995552237423200e-01	   6.7741181796402350e-01	   7.4386915256028430e-01	   3.8860202019027318e-01	   4.1101963309836675e-01	   2.6250711665876170e-01	   2.9901726421767438e-01	   3.9344265992975991e-01	   2.3013427613278423e-01	   2.3202584967704090e-01	  -2.9851895874741494e-02	   4.5267940542924956e-01	   3.9130062003506783e-01	   3.9848622853261795e-01	   4.6859202353985874e-01	   5.7004152477968884e-01	   4.6339841665180992e-01	   4.8844374555689657e-01	   4.4126923669152268e-01	   5.9139991258374769e-01	   4.7728376371877196e-01	   5.0826611058949012e-01	   5.1123825519208710e-01	   6.8092302569419272e-01	   6.1287816069416956e-01	   2.8841605420419120e-01	   2.5410793424639755e-01	   5.8522523390412640e-01	   7.3560517594480823e-01	   4.4425729104585249e-01	   6.4504644604938122e-01	   4.1423985534407870e-01	   4.4235853993229535e-01	   3.7346307189617101e-01	   5.7249345538229968e-01	   6.8159686942400333e-01	   6.9079929027889342e-01	   6.5457544185549466e-01	   7.3401229459493367e-01	   2.4099343079125912e-01	   3.4184981820279287e-01	   3.5598495982083789e-01	   2.1869492407917884e-01	   4.6854656753380797e-01	   3.4011616965021924e-01	   3.5548912327291171e-01	   3.8148468324939044e-01	   4.5462825560209275e-01	   5.2656591106003403e-01	   5.1262765958405154e-01	   4.8396325471599921e-01	   2.7823148279386511e-01	   2.7670181027468777e-01	   4.9441784594310206e-01	   5.4215866322415573e-01	   3.7672656713030239e-01	   3.1204321377652927e-01	   7.2390073782967368e-01	   7.5695770560455766e-01	   7.8402948373996939e-01	   5.2641762275921600e-01	   6.1529410950712560e-01	   5.8983086400988727e-01	   1.6484206300982587e-01	   1.5030432163377877e-01	   6.2954373957565790e-01	   3.5753568528654966e-01	   6.4183925419208676e-01	   6.5401498348064135e-01	   2.3253173066613961e-01	   6.5303381523789628e-01	   3.6149833384568764e-01	   5.0814512110492194e-01	   3.4920421461437706e-01	   1.5062441782169478e-01	   5.6891002062243123e-01	   4.7807588428872461e-01	   2.1018430571987803e-01	   3.3272677477091273e-01	   1.4636177655671082e-01	   5.6965911894904142e-01	   5.1166180356232216e-01	   1.9632308827086753e-01	   1.2062384602021378e-01	  -5.7916951924297667e-02	
   6.2709990886473510e-01	   2.4515526707708302e-01	   1.1280762565879006e+00	   4.7486066340226807e-01	   8.1040614871127570e-01	   6.1636366968821277e-01	   0.0000000000000000e+00	   5.6781055411660142e-01	   7.2355859254799693e-01	   5.0884937191720736e-01	   5.7102087012198566e-01	   2.4784544531563804e-01	   5.6295985191344955e-01	   3.1879993327253259e-01	   6.6349091979634855e-01	   4.2078589936822142e-01	   2.6703694220782592e-01	   1.0509426443861425e-01	   6.8103624469727742e-01	   4.8802564934844000e-01	   9.5982133847181877e-02	  -1.4146197131094945e-01	   7.2063934777095573e-01	   4.7446287144410798e-01	   6.0279630191049227e-01	   4.8186750954758628e-01	   2.4484012085761864e-01	   2.7985990973161706e-02	   1.6875661627592881e-01	   1.2681025873126994e-01	   4.9751667423309165e-01	   5.6040743246687974e-01	   5.7247421556362899e-01	   5.4714616317836395e-01	   5.7118418316865094e-01	   2.8231925502387539e-01	   3.2426159113571029e-01	   2.0420150868806380e-01	   4.5597267580723078e-01	   2.0634500933075650e-01	   3.7739770533666089e-01	   1.5238199582715942e-01	   4.1249054256015527e-01	   4.1962184669122471e-01	   4.4824039605565402e-01	   2.9361775822702441e-01	   4.2526226931353189e-01	   4.0812834577052803e-01	   2.3345632917768755e-01	   2.1545912115914337e-01	   3.2629928136776898e-01	   1.9177893535966056e-01	   2.1319349274165342e-01	   3.6574530162472813e-01	   4.1940730733462656e-01	   3.3153935492573017e-01	   1.5688820885925653e-01	   1.2057331658545198e-01	   4.2888185570646098e-01	   3.1508551503225374e-01	   4.2255589532256699e-01	   2.9243479507079184e-01	   1.9225911387573860e-01	   1.9284830542516732e-01	   9.6738448240264119e-01	   3.8315534189915995e-01	   6.2615001786133762e-01	   3.2182559731886834e-01	   5.0288365782905420e-01	   4.4646227080929463e-01	   4.6080012878354115e-01	   4.2408461593169994e-01	   3.3398321731149133e-01	   1.6584701030678523e-01	   4.3921664627459833e-01	   3.1623614467495587e-01	   4.9794594452372953e-01	   4.2331490407794858e-01	   2.3892060067050530e-01	   2.3781022330601045e-01	   2.6977011606720386e-01	   2.6614462091187707e-01	   5.4621317239679146e-01	   2.9733482014686602e-01	   6.8601123309641920e-01	   2.9772355859291050e-01	   5.7694014390118797e-01	   2.5993546898026798e-01	   7.0627514068757502e-01	   4.7705327786941942e-01	   4.1161566316954135e-01	   6.8738399346328116e-01	   2.5318794322102534e-01	   8.4073530569732424e-01	   4.6154012364690231e-02	  -7.8990000398192043e-04	   3.2631437865675605e-01	   9.9814005418290205e-02	   2.8303162252735464e-01	   5.3407184365164340e-01	  -1.1972065362892827e-01	   5.7564992624336586e-01	   1.3547567844524780e-02	   3.1326177741213113e-01	  -5.8015932417656436e-02	   5.9762859863414911e-02	   2.4002583540113379e-01	   3.1025519499128407e-01	   5.4206149257308857e-02	   6.4625613508710045e-02	   4.3852726931534344e-02	   3.3922024863511469e-01	   1.6535649306897574e-01	  -3.1918266604298320e-02	  -3.3138052710825483e-02	  -2.1379317372664758e-01	
   4.0144824179459271e-01	   4.9275357958405525e-01	   3.0930729884226654e-01	   1.3079375198104273e+00	   4.0407999644383658e-01	   8.0238678181630496e-01	   5.6781055411660142e-01	   0.0000000000000000e+00	   5.9090995116928235e-01	   1.1409761110171703e+00	   4.0074775035631199e-01	   9.1427136862197433e-01	   4.0359568573518512e-01	   8.8822756003296743e-01	   3.7026511555057517e-01	   9.3659002798637214e-01	   2.2091079386417103e-01	   1.2364081095306971e-01	   3.4110940869845818e-01	   5.2243476083431839e-01	  -3.1693771832972631e-02	   6.7515147278460830e-03	   4.4336139468957952e-01	   8.6398191764088417e-01	   3.8234722939954535e-01	   6.3326489648043427e-01	   3.3921550162021939e-02	   9.0654509652154616e-02	   2.4198345305430091e-02	   2.2900591245069446e-01	   1.8978841530073295e-01	   6.0135528564667839e-01	   4.7383113692522455e-01	   5.9162706863565373e-01	   4.9088896739986071e-01	   5.3342727025573533e-01	   1.5902480831476357e-01	   2.9127648215635082e-01	   3.2317332596465542e-01	   2.8815964874125483e-01	   1.7506120848255963e-01	   6.3278838455567060e-02	   3.3484870291012747e-01	   2.5503960087863697e-01	   2.3088697321128598e-01	   3.5861183548527514e-01	   4.3901075341838902e-01	   3.4465878839620456e-01	   4.3704672219546908e-01	   3.7203446247214250e-01	   6.2354734863491279e-01	   4.9873448549775706e-01	   6.2050502968866850e-01	   5.4934830089316522e-01	   6.2494075210850675e-01	   5.6913593248220906e-01	   2.1544240202875117e-01	   1.0575410895891975e-01	   2.3057297945834293e-01	   4.6728166845864089e-01	   2.6570341160500649e-01	   8.2942398611696388e-01	   8.6852728230277898e-02	   3.0895963881473204e-01	   5.6392773424884080e-01	   1.3108543551475029e+00	   3.3564768620902674e-01	   4.9496173431401563e-01	   4.4334006180700214e-01	   4.7980885161610953e-01	   1.9925742107783950e-01	   2.3958368610695063e-01	   1.8471976916823368e-01	   7.7384435821681211e-02	   3.1689382572755947e-01	   3.5517911488923304e-01	   3.1639540334500726e-01	   4.8270585185324655e-01	   4.1051256084094462e-01	   4.2470965571145408e-01	   3.6966995808916459e-01	   5.4055499110116179e-01	   1.7906158540538308e-01	   4.1868723909402933e-01	   6.0873137478076522e-01	   9.9541778289766525e-01	   4.4163663965907740e-01	   4.4114638719107713e-01	   8.2424512297485431e-01	   8.9337556788007066e-01	   9.9622393921058539e-01	   5.3589062779858410e-01	   9.6523660901116060e-01	   6.5281804677961153e-01	   4.9302472098091646e-02	   1.0548284653120689e-01	   3.8772639531504549e-01	   3.1652012549443143e-01	   6.3828316486965220e-01	   5.7641845090491239e-01	   2.6156563205253391e-01	   5.7730371000709413e-01	   2.5275458909952059e-01	   3.1113862297506095e-01	   2.5338765223615911e-01	  -1.9226005379005873e-02	   3.3527013659323313e-01	   2.3480422995826308e-01	   7.3956255470490076e-02	   1.4865319365100466e-01	  -4.2457952241970215e-02	   5.7579377610316240e-01	   4.6380478239669920e-01	   2.1760716649239148e-01	   1.3812164913871491e-01	  -1.1801038159913990e-01	
   3.2184973651992083e-01	   1.1874549061659322e-01	   4.2746886163928138e-01	   4.2109850072013560e-01	   1.2386044402228364e+00	   1.0942375937997093e+00	   7.2355859254799693e-01	   5.9090995116928235e-01	   0.0000000000000000e+00	   1.0289713411604016e+00	   3.1142579279554738e-01	   2.8373595731830070e-01	   2.8826291684692995e-01	   3.3603437633204647e-01	   6.1919108946094836e-01	   4.8353616000381106e-01	   1.4346490059146685e-01	  -4.9073462289639255e-02	   2.4760036310592812e-01	   2.5220058950937807e-01	  -1.4942659907720918e-01	  -3.2786011097797690e-01	   4.0788245795613648e-01	   3.8162218219429145e-01	   5.7675072688291129e-01	   5.0735288523967026e-01	   1.9784509051376736e-01	   8.1232460000369884e-03	   1.9600800642189320e-01	   2.3572739994082023e-01	   6.6110877889157801e-02	   1.8190664231743681e-01	   3.0129740883552542e-01	   3.2635228333931665e-01	   3.7211900521372127e-01	   1.8848292432074976e-01	   1.1473044803052902e-01	   2.5007853617185296e-02	   1.8271632396069007e-01	  -8.4800660561606678e-02	   2.3554554221604049e-02	  -2.7947655069259070e-01	   3.0227701065756452e-01	   2.4988795731255736e-01	   2.1924575006435612e-01	   1.7985334471291364e-01	   3.8892618720821226e-01	   2.6104275725351023e-01	   2.9663762374603014e-01	   2.4198629896925267e-01	   3.9225491965110704e-01	   2.7576214156047563e-01	   2.9864392137688206e-01	   3.5106154877409151e-01	   3.8093395673646357e-01	   2.8214892660710733e-01	   2.2996194276073724e-02	  -5.6376543289304521e-03	   3.2378135048729523e-01	   4.4638296080698681e-01	   3.4777085862195578e-01	   4.7481634485203250e-01	   1.2423606122937630e-01	   2.3505936447932824e-01	   6.6758102300522526e-01	   5.2065676915399173e-01	   4.6105982607708373e-01	   3.2348188179872073e-01	   3.5088834058587132e-01	   3.8161667344245276e-01	   2.0958639912084492e-01	   2.6533065009379941e-01	   1.3413504342642116e-01	  -2.1996606122829374e-02	   2.9622287241937867e-01	   1.5922638628442634e-01	   1.9504541532612840e-01	   1.1841424014430285e-01	   1.3532199718956012e-01	   2.0626535163841123e-01	   1.8281587270981137e-01	   1.6621836097856546e-01	   2.8168247503245986e-01	   1.1203271498747910e-01	   5.3480729590413534e-01	   2.9269959180090355e-01	   3.5657883315567512e-01	   1.2432939206094024e-01	   6.8586064538131075e-01	   5.1489203620834756e-01	   6.6938021970428752e-01	   6.3480265848746265e-01	   4.8795166303051496e-01	   7.2490993388443603e-01	   1.0425048266708421e-01	  -1.6621076642580869e-02	   4.0224931145678755e-01	   8.5994934556053976e-02	   3.6124272362897053e-01	   4.3669337403074016e-01	  -4.3202576690913652e-02	   4.3943376832506131e-01	   8.2363580088918073e-02	   2.4545947234376803e-01	   1.3493339459857054e-01	   1.0110279862701382e-01	   3.7367343875127718e-01	   2.8078329420809173e-01	   1.5397953367422171e-01	   4.3866433019613632e-01	   9.4464994476557901e-02	   3.9220167975055342e-01	   3.0469763855867693e-01	   7.9131382650665050e-02	   6.3566250005435601e-02	  -1.0848637897360962e-01	
   3.9410500927090303e-01	   4.4569992209192411e-01	   2.0857175939627587e-01	   7.7973655338987125e-01	   6.7193756353944389e-01	   1.2084453047112136e+00	   5.0884937191720736e-01	   1.1409761110171703e+00	   1.0289713411604016e+00	   0.0000000000000000e+00	   3.3620948446679760e-01	   7.4310322096655723e-01	   3.7049744883028191e-01	   8.1268599925995022e-01	   4.7400777762481106e-01	   9.2586132625451734e-01	   3.6052008273189601e-01	   1.9909749702890495e-01	   3.3745058132431338e-01	   5.2279532650913851e-01	  -1.2275623636116406e-01	  -1.5964603953191264e-01	   3.1454678593687185e-01	   5.5530824062733930e-01	   4.4143821155966467e-01	   5.5382364473685941e-01	   1.4388346401334390e-01	   9.3150593897436088e-02	   2.3743292039919167e-01	   4.8097477140008599e-01	   1.8638113883661676e-02	   2.8937665176560667e-01	   4.0695950215215926e-01	   5.6068592112318416e-01	   3.0777807940594382e-01	   2.9452589508241062e-01	   1.7811255788124913e-01	   2.1471137890177017e-01	   2.5102299215948748e-01	   1.2201786818650753e-01	   1.3662390591390133e-01	  -1.2711643693985680e-01	   3.4244384884690304e-01	   2.4005679683147862e-01	   1.4555917290551459e-01	   2.7595207115444564e-01	   5.5708031285093207e-01	   3.6327042959753048e-01	   5.5497045515747168e-01	   5.1250601955298514e-01	   6.7391501630556638e-01	   6.2345358173125698e-01	   7.3162679674410935e-01	   6.8793951489920502e-01	   6.2220388462024934e-01	   5.8583127624565701e-01	   2.0145056740531270e-01	   1.5036118807591867e-01	   3.0387711190517908e-01	   6.3911064236244630e-01	   3.3949387492609040e-01	   8.8562543607904143e-01	   2.2350916831383083e-01	   4.5799162273516669e-01	   4.2750835167991441e-01	   8.2260019064697543e-01	   2.8346219793996735e-01	   3.5341416027152939e-01	   5.0069271606089860e-01	   5.2923406703616560e-01	   1.5578488735267776e-01	   2.4606704022770937e-01	   2.6591608362855074e-01	   1.1809802544201987e-01	   3.7144925064237200e-01	   3.2997838952697828e-01	   2.5606242581459682e-01	   3.2032898806574717e-01	   4.3446576158542799e-01	   5.3341562829903622e-01	   4.5510362248763941e-01	   5.0606646249612419e-01	   2.3591691268109283e-01	   3.2007592687549419e-01	   5.8958587332551227e-01	   7.0275200121200687e-01	   4.3190741184306419e-01	   3.1837010641085883e-01	   8.4644557999857484e-01	   9.2813165700399580e-01	   1.1196619977644451e+00	   5.2918103573019126e-01	   8.8105065214570932e-01	   5.9241121236693306e-01	   1.3806207333478979e-01	   8.3544401825279876e-02	   5.1744526078122055e-01	   2.8115148790463051e-01	   7.3045012964808953e-01	   5.6937659850655609e-01	   2.0717912747524364e-01	   4.6839540088480713e-01	   2.6985149813904308e-01	   3.0148966010848877e-01	   2.7901574492654163e-01	  -2.6401951539379658e-03	   4.3889756187559043e-01	   2.1462502169569814e-01	   1.4860344381470000e-01	   4.1021908308740102e-01	   5.5630694357802726e-02	   6.6841389245038896e-01	   6.3204160238735718e-01	   2.8393394062568245e-01	   1.8841895285193447e-01	  -7.7773320724822737e-02	
   8.8713614407751340e-01	   5.9629466409864273e-01	   2.6408152615657443e-01	   1.9175288699900242e-01	   1.3117878330007471e-01	   2.8164817109427426e-01	   5.7102087012198566e-01	   4.0074775035631199e-01	   3.1142579279554738e-01	   3.3620948446679760e-01	   0.0000000000000000e+00	   8.1837615852308032e-01	   1.6559229879472497e+00	   8.4185894684121831e-01	   6.2959588887392559e-01	   5.5377606057437978e-01	   5.2072936709745454e-01	   5.4878106796311443e-01	   4.5605253453346373e-01	   4.7041837681338483e-01	   3.0752580285079056e-01	   2.2016258978260900e-01	   3.5610800331601350e-01	   2.8232322480988919e-01	   5.3890593432379078e-02	  -3.3839017010678742e-02	   3.7989076140730421e-01	   2.9565243747599201e-01	   3.6626161748799313e-01	   3.4196488857762758e-01	   1.4612588158947454e-01	   1.9919679955714750e-01	   4.4634003099392400e-01	   4.0201307007398279e-01	   3.1471084467601884e-01	   1.3595880612035283e-01	   3.3947760225338358e-01	   2.9654259797049420e-01	   3.1180048037254976e-01	   1.6815304679477011e-01	   5.7429645129172524e-01	   3.1079723908824142e-01	   1.4134258310535364e-01	   7.2967830181840582e-02	   2.0935608553454790e-01	   1.8602165808722895e-01	   4.1824270832087967e-01	   2.4872281888575942e-01	   4.6887645061742800e-01	   4.5515116556211666e-01	   6.2186978882040755e-01	   3.7387019956240336e-01	   4.6142452294084912e-01	   3.6125182920067850e-01	   5.0415469216011888e-01	   3.6158097513854404e-01	   3.2625445019307675e-01	   3.6343633486483612e-01	   5.1157893231628104e-01	   4.2491974387207776e-01	   9.3979751673005829e-01	   6.4208377118401172e-01	   4.5161168218362890e-01	   6.5197738888087986e-01	   6.2945510226242407e-01	   4.0537833554281782e-01	   1.7677402524062819e-01	   4.9746541095166538e-03	   4.2750169072432409e-01	   3.3138726853331074e-01	   4.5164005022925868e-01	   4.4885203257749584e-01	   4.7459436977802738e-01	   3.9755279457052911e-01	   4.2895449666072150e-01	   5.1217138885208313e-01	   6.5156585668300737e-01	   5.4097271814783521e-01	   3.9177717072490975e-01	   4.2455103746796430e-01	   4.6690391443587209e-01	   5.9240617495253789e-01	   4.1950459012993280e-01	   3.5562575818310271e-01	   6.7316818293651937e-01	   4.8938740537784864e-01	   3.6858178340607456e-01	   9.9304826002460822e-02	   6.2343227843709903e-01	   4.2056294145846207e-01	   2.2679194950835288e-01	   1.4420152561660804e-01	   1.0336636254987573e-01	   3.0266726919964870e-01	   7.4036477361382079e-03	  -5.5946083528340670e-02	   1.4813549797896367e-01	   1.1421005142751124e-01	   4.1811515284284778e-01	   3.5979194992266667e-01	   1.4740447057263056e-01	   5.0178614093487817e-01	   1.8772899203675913e-01	   2.5366116885252310e-01	  -1.4627543273383850e-01	  -2.0891642841262900e-01	   1.7717534547156236e-01	   9.3708801973777567e-02	  -8.4931866005366272e-02	  -4.7036237562373469e-02	  -8.2318287248200575e-02	   2.7565620306862049e-01	   1.1442773672262224e-01	   6.9434271723872135e-02	  -1.0211374512953060e-01	  -2.6973327866119262e-01	
   5.1315108893142636e-01	   7.3760069807040807e-01	  -7.0529600304686246e-02	   5.7178572300905495e-01	   3.4584633060902564e-02	   4.3280076459178995e-01	   2.4784544531563804e-01	   9.1427136862197433e-01	   2.8373595731830070e-01	   7.4310322096655723e-01	   8.1837615852308032e-01	   0.0000000000000000e+00	   8.1334428543332038e-01	   1.9207625476728625e+00	   4.7532189713939732e-01	   1.2249618614123419e+00	   4.4323039942592712e-01	   4.6504263706325488e-01	   2.6292585417410108e-01	   5.4045483771840508e-01	   1.9867309997478200e-01	   2.3579887404422950e-01	   2.4306716980236268e-01	   5.3942560721662003e-01	   6.0046551489542889e-02	   1.8015232566757960e-01	   2.4300038319297232e-01	   2.8371276545175550e-01	   2.1582681968840489e-01	   5.6168659760220274e-01	   3.9228079644096109e-02	   3.2479921013885371e-01	   3.2198971989855468e-01	   4.2240383963381334e-01	   1.7285178058072459e-01	   1.9333924664767438e-01	   2.0364361516658980e-01	   3.0548869387841598e-01	   2.4310635326161312e-01	   2.4202534731336661e-01	   3.9637852874714774e-01	   2.5111744079640869e-01	   1.0055832438664794e-01	   6.3022620959008449e-03	   2.0631157320213072e-02	   2.1919345282392477e-01	   4.1153615463308274e-01	   1.9514470376578899e-01	   5.9319639010937442e-01	   5.5617851579618205e-01	   7.7257448862280864e-01	   6.1800263086055940e-01	   8.3961382748815694e-01	   5.9933100830157737e-01	   5.7952266858452206e-01	   5.2786033362933893e-01	   2.7825445856552961e-01	   2.6423156043733009e-01	   2.8687930197342471e-01	   5.2966446847046678e-01	   5.5495697597752647e-01	   1.1251968411528208e+00	   2.7084249571773927e-01	   6.7699600952080452e-01	   3.1243279625717196e-01	   8.0379487722757292e-01	  -4.7244630947249559e-02	   7.4138365568203982e-02	   3.2934937291143940e-01	   3.3712569221073724e-01	   2.2473898712181561e-01	   2.9178960971005957e-01	   3.1705539574965469e-01	   2.7238687084207280e-01	   2.4904096085739286e-01	   3.9660556918246048e-01	   3.7220058881392787e-01	   4.6457655107688672e-01	   4.5052528848070750e-01	   5.3934154483919949e-01	   5.6671324591684225e-01	   7.7942125288194486e-01	   3.3747342993030999e-01	   6.2615715955375240e-01	   5.8563297292112537e-01	   1.0595520730602819e+00	   2.9115006420384643e-01	   2.2203116493208602e-01	   6.7907041823996661e-01	   7.5878807040430662e-01	   5.8188232812102836e-01	   1.3305545610021777e-01	   5.6946472836686313e-01	   2.8720016451316677e-01	   1.3202221577422715e-01	   1.3893985948600057e-01	   2.1405565505762897e-01	   2.7325404466202685e-01	   5.5292097176405364e-01	   3.1368626476260114e-01	   3.9739345755110717e-01	   3.5388236953720259e-01	   2.6985584782754513e-01	   1.6666013848702582e-01	   1.3349463404044432e-01	  -1.9157521406979863e-01	   2.1402588717883120e-01	   3.8174151672725608e-02	   5.1038616496628046e-02	   9.9820996914081209e-02	  -2.9229388083347019e-01	   4.0535435845331891e-01	   3.7064544589430432e-01	   3.0134597984399736e-01	   1.3985789496869444e-01	  -6.5986701122919419e-02	
   9.1199844621865600e-01	   6.4758166354625424e-01	   2.3214890549806450e-01	   2.3035681540337427e-01	   1.4824897946570686e-01	   3.8276537628789797e-01	   5.6295985191344955e-01	   4.0359568573518512e-01	   2.8826291684692995e-01	   3.7049744883028191e-01	   1.6559229879472497e+00	   8.1334428543332038e-01	   0.0000000000000000e+00	   8.5668322736749714e-01	   4.9589209888261337e-01	   5.5195877774357727e-01	   6.2041989241254325e-01	   6.7679003827228745e-01	   4.7120860004452475e-01	   5.1450218070882925e-01	   3.4581990982603417e-01	   2.8002979883802465e-01	   2.2914575809829690e-01	   1.9795986263249427e-01	   5.8266475649283250e-02	   1.6564362298476042e-02	   4.0834644050048025e-01	   3.7706845445647952e-01	   5.0372805864126535e-01	   5.0667968189553259e-01	   1.4443233579997036e-01	   2.1397303517074429e-01	   5.7310667624425304e-01	   5.1342884948682432e-01	   2.5052623487266412e-01	   1.4978473058836944e-01	   3.7632906452663872e-01	   3.8369521749347246e-01	   4.2838401919110020e-01	   2.6814007051077787e-01	   7.3506756704422371e-01	   3.8534512607553917e-01	   1.3442055992447074e-01	   7.9964172085879193e-02	   1.9708628307579612e-01	   2.0593930433820609e-01	   3.9675572944860316e-01	   2.2003988315059445e-01	   4.5554116822494461e-01	   4.4759007720593225e-01	   6.2786967828620321e-01	   3.6109367137689352e-01	   4.4276391192429132e-01	   3.2959109654010971e-01	   5.6156531995055881e-01	   3.8426649837082555e-01	   3.9022188174132061e-01	   4.4381364414125146e-01	   6.4670524177660615e-01	   5.2987211088520825e-01	   1.1262221036765785e+00	   7.0859938643279463e-01	   6.3098111961684200e-01	   8.6233308794447516e-01	   5.6622683752259872e-01	   3.6559872467676707e-01	   2.3160300679706980e-01	   8.5920108429820313e-02	   4.7683081363378343e-01	   3.7657748661008417e-01	   4.0851007784678312e-01	   4.4542489253081480e-01	   5.2401580184323204e-01	   4.7764995389504539e-01	   4.2459409579763308e-01	   5.1310677520104631e-01	   6.3637782984742264e-01	   5.5043035231751358e-01	   4.7198543733002818e-01	   5.3613706257978866e-01	   5.8452886184697694e-01	   6.8656773727583131e-01	   4.5526969305130782e-01	   4.1126146031537164e-01	   5.1701620787046754e-01	   4.7208178276747387e-01	   3.3444139353744223e-01	   1.0073286393163614e-01	   6.3089840117125751e-01	   4.7999150221631526e-01	   2.0978790666530556e-01	   7.4719086271429314e-02	   8.7875071358524043e-02	   2.1722465631438348e-01	   7.2763783792287179e-02	   4.8692326799479158e-02	   2.1571722049847436e-01	   2.0280250947765319e-01	   4.5061648442009333e-01	   3.3408515308545317e-01	   1.7496218976575234e-01	   4.6508559294700952e-01	   2.2837419308744186e-01	   2.8431519501931091e-01	  -8.1625601441551843e-02	  -1.6622300693294120e-01	   2.5224386176862473e-01	   1.6683389707595367e-01	  -3.6145467743640060e-02	  -5.1752138020408150e-02	  -1.0504367947354631e-01	   2.6126597278576280e-01	   1.3722407526456654e-01	   8.4641538628152449e-02	  -6.7485432942796422e-02	  -1.8563754537485377e-01	
