   0.0000000000000000e+00	   4.5779022808797659e-01	   9.2894886729779713e-01	   4.4269698867741542e-01	   4.7518347875584144e-01	   8.2287563029778488e-01	   7.8450846781969830e-01	   1.8992890025552181e-01	   7.0903388368030951e-01	   7.3021323292667595e-01	   1.0573067167248800e+00	   1.4790989073189825e-01	   9.8376823357596499e-01	   1.2732418437286824e-01	   7.4199727686597894e-01	   8.8718575554151313e-01	   7.9204133469998061e-01	   1.9642507705689835e-01	   9.2484653752564694e-01	   7.4338859766593712e-01	   8.5571769114639973e-01	   8.7268558369492288e-01	   4.3863427256566007e-01	   2.5016755178234418e-01	   4.0013923247818545e-01	   4.2897176811224047e-01	   6.5863464356762269e-01	   7.0074864123286329e-01	   9.6508607729668527e-01	   2.8142628452595658e-01	   4.6244103223041300e-01	   2.4899640995031991e-01	   7.7221783463686222e-01	   5.1429675683799414e-01	   3.7282012102612971e-01	   4.4419692023908797e-01	   8.4379841767442687e-01	   7.1509161831746437e-01	   9.3133311128059237e-01	   9.1183820393231618e-01	   1.0175961668412510e+00	   6.0538255621060189e-01	   5.6610937159896280e-01	   3.6276512026150554e-01	   4.0067077934996165e-01	   3.9408930656545749e-01	   5.1182924627374815e-01	   4.2041232369473125e-01	   5.6933708590740661e-01	   5.6332952273264103e-01	   7.3044040404612987e-01	   5.5864254248766754e-01	   8.2632343614594173e-01	   4.7040540438518508e-01	   1.0233812604329504e+00	   7.0270943806109853e-01	   1.0607964730130603e+00	   7.6152063525206470e-01	   1.1073598492631640e+00	   7.8857482224962161e-01	   9.7157315932434640e-01	   4.8774840820870757e-01	   7.1284881917778586e-01	   5.1325513214479979e-01	   2.8006413950491277e-01	   2.5154289868899093e-01	   7.1556657793538470e-01	   4.2343723296010333e-01	   8.0775078873347272e-01	   9.1232931869496359e-01	   6.6380997981650691e-01	   3.8343476405795396e-01	   8.8587453693640694e-01	   5.2656719516018435e-01	   8.0256156665331391e-01	   5.9666816755575147e-01	   1.0307285325536439e+00	   7.7536730501528928e-01	   6.9987921694144317e-01	   2.8220669199380577e-01	   9.4137385648403638e-01	   3.9634522335825206e-01	   1.0041086606884722e+00	   9.8121809071351529e-01	   7.9900646370761563e-01	   5.9297957809741098e-01	   6.2356786404988995e-01	   6.2327502263958490e-01	   1.2449966294995394e+00	   9.3432314250559190e-01	   9.5228194425513490e-01	   9.9420529944208746e-01	   9.0770771741449230e-01	   9.6855126197520369e-01	   6.8600558712740689e-01	   7.2762268680580178e-01	   8.6544742431015975e-01	   7.7091589457203968e-01	   8.9780396060923706e-01	   9.4143202709170293e-01	   1.0192909564275705e+00	   1.0469921117391958e+00	   1.0497125681785739e+00	   9.1051508482410592e-01	   8.0574225473118244e-01	   6.9406727454767070e-01	   3.7242105715580825e-01	   8.5061660118092997e-01	   6.2182198679197720e-01	   5.2531718785736636e-01	   5.5978647763531786e-01	   5.8949740371160486e-01	   5.4513257701951612e-01	   7.1202548088907125e-01	   6.6679981755587636e-01	   2.6716960703571596e-01	
   4.5779022808797659e-01	   0.0000000000000000e+00	   4.3133319870884679e-01	   6.6563334377588448e-02	  -4.2780072618757992e-02	   1.4681860424072080e-01	   3.8595646703583752e-01	   3.4099271038224840e-02	   1.5048027709843970e-01	   2.0873302862399384e-02	   3.3545758051284119e-01	   6.8016030127713878e-01	   3.2940724339499200e-01	  -5.0877197705820526e-02	   4.2084486076035421e-01	   2.1189285821500978e-01	   4.5689421368900146e-01	   5.5030931477614942e-01	   3.7377839848638222e-01	   3.6923558185935706e-01	   4.1451993727265279e-01	   3.6099750890749027e-01	   2.6858600536619243e-01	   1.5168195529474132e-01	   2.5070571914237283e-01	   2.0250107556477911e-01	   3.0674577333156111e-01	   2.6735778552703232e-01	   2.9599650091293883e-01	   2.9042852245976580e-01	   3.6623658764598499e-01	   2.6051054712168631e-01	   3.0768621084040948e-01	   2.4637517146085228e-01	   2.3434675650668407e-01	   2.4264392297211046e-01	   1.6852069880343845e-01	   4.8777553822507536e-01	   2.8232030172728584e-01	   4.8868091990109785e-01	   3.6807053571771436e-01	   6.2946489720475640e-01	   1.7128627925133882e-01	  -3.8886843782627009e-02	   1.3681086664146053e-01	   1.3569140346726091e-01	   1.4494175336708603e-01	   1.8588496725561546e-01	   2.9297575532012932e-01	   2.2751559211968603e-01	   4.3540481669346259e-01	   1.8242613287554987e-01	   5.4622421990004955e-01	   5.5557223965434521e-01	   4.9460125564357460e-01	   1.0253785208911124e-01	   3.0677902270001400e-01	   8.3488372800438737e-01	   4.2635993592856625e-01	   3.8246254171984839e-01	   2.2569871084907017e-01	  -2.1365754668505332e-02	   3.8266205488209432e-01	   1.0894001223991016e-01	   3.2248922883598297e-01	  -2.9600119930843619e-02	   4.0535839788351113e-01	   2.4655305523729187e-01	   3.9663235330493918e-01	   6.1161001307104845e-01	   2.4691559312655126e-01	   1.0530983598765487e+00	   3.0011295881780942e-01	   4.6804645381924703e-01	   3.0934990959413883e-01	   7.6241727925945035e-01	   4.6790463258808046e-01	   8.1656566158878707e-01	   5.1472006921839741e-01	   6.5448914987091467e-01	   5.1476379725977139e-01	   4.6434356275865574e-01	   4.8056875154619078e-01	   5.6937992480543687e-01	   5.6781861857763150e-01	   5.5354188001335558e-01	   4.9791562303553527e-01	   7.4112911351705379e-01	   5.6110116575609947e-01	   7.3766390059960996e-01	   3.9515435408623856e-01	   4.2590585411528170e-01	   3.4140432459956049e-01	   2.5130443637907185e-01	   4.4260923967569865e-01	   2.8376201125204720e-01	   7.7806099102511928e-01	   4.4819021229136558e-01	   4.1464238909948659e-01	   1.2014176834891199e-01	   2.4009724996681600e-01	   2.2646608034435467e-01	   3.0571666140052689e-01	   6.4683213756193292e-02	   1.5075705679607074e-01	  -2.1677648884212732e-02	   5.5325858626605634e-02	   3.2844169623713720e-01	   2.0818240953562628e-01	   5.5133612733151161e-01	   7.8991430330426637e-01	   1.9562590702580696e-01	   8.4651696635878858e-03	   2.3835091048014723e-01	   1.2469944068937013e-01	   7.0455743056968625e-02	
   9.2894886729779713e-01	   4.3133319870884679e-01	   0.0000000000000000e+00	   4.1078543022722513e-01	   7.8400270043880704e-01	   7.5781511499782173e-01	   1.4673160331057138e+00	   2.7420728132442918e-01	   9.0116968469323244e-01	   5.2393458337928034e-01	   8.1526514864994093e-01	   2.1086193717233523e-01	   8.5995555012989999e-01	   2.0139388115084866e-01	   1.1554275059970194e+00	   8.3024045226608789e-01	   5.5555692942640267e-01	   2.6969419074640755e-01	   9.7527546762153228e-01	   8.3864578480317842e-01	   9.8987045676608088e-01	   9.1356291841131032e-01	   1.1107693233185572e+00	   6.2963394768234804e-01	   1.1355506733907961e+00	   9.2631086842659061e-01	   1.0078875310154516e+00	   9.8842261435726286e-01	   7.5501260278226479e-01	   3.9428548987528017e-01	   8.4124669589020395e-01	   5.3634962738524239e-01	   9.2854287211263631e-01	   6.9285959931872299e-01	   7.4521369559266093e-01	   6.4385507822393984e-01	   7.6985437817477198e-01	   6.8804237174483729e-01	   7.9198103817492504e-01	   7.7420014358068778e-01	   8.4136469562610938e-01	   4.8866351555744375e-01	   7.2124985100224248e-01	   3.4057150417232585e-01	   6.0611740342618203e-01	   5.2347157631121877e-01	   6.4525969761674884e-01	   4.3809075173300738e-01	   6.5306820387419040e-01	   5.0898887651957470e-01	   7.5222774641221890e-01	   4.0126232207348461e-01	   7.1313149660172004e-01	   6.3517569470118906e-01	   8.6525719465600748e-01	   4.4354318086114902e-01	   5.7198084463044052e-01	   4.8565380682480341e-01	   6.8903792467362501e-01	   4.5085806289708508e-01	   5.5519563603393496e-01	   2.7555795382137482e-01	   4.2520694323497005e-01	   3.6837576960260365e-01	   5.7878261358755700e-01	   3.7571806678550357e-01	   8.4396567036840620e-01	   4.8123170601407100e-01	   8.2335443407990339e-01	   9.4941608292728796e-01	   8.7334307913461295e-01	   5.2593625057391014e-01	   6.1362319808945676e-01	   4.3092777392294829e-01	   6.5611006582211373e-01	   3.9950435976569626e-01	   9.8637486430284049e-01	   6.7664459906453867e-01	   6.4626046423100703e-01	   3.7238020071745326e-01	   6.6522235230027282e-01	   4.8082348851020035e-01	   1.3473628939934186e+00	   9.2924045945884637e-01	   1.0436368090792358e+00	   7.0913726854487869e-01	   8.9053898270376486e-01	   8.0127891297114950e-01	   1.2654928566182706e+00	   8.9625991304054697e-01	   1.0189671169380754e+00	   1.2770284686265385e+00	   9.5351148726397283e-01	   1.0778442123907934e+00	   5.0126317686667599e-01	   5.2086608058854245e-01	   8.0925475588274387e-01	   4.2998028656144643e-01	   7.8267898735611618e-01	   7.7698726286811770e-01	   6.1394258584187300e-01	   8.7348100418535368e-01	   7.0011994394430843e-01	   6.7668780467864686e-01	   5.9958171720799203e-01	   5.8792134369091742e-01	   2.4113613720708088e-01	   5.1982893873668856e-01	   4.8528672881045870e-01	   4.8366229519354303e-01	   6.0244814313387529e-01	   6.6096384218882642e-01	   6.6710078071028234e-01	   7.0972938412207820e-01	   5.4180464945659002e-01	   1.4108874625309492e-01	
   4.4269698867741542e-01	   6.6563334377588448e-02	   4.1078543022722513e-01	   0.0000000000000000e+00	   6.7572925244452009e-01	   9.9240746407119107e-01	   5.8246273513966629e-01	   9.8200713458289934e-01	   6.2326321058691725e-01	   9.2037329479906060e-01	   4.5298842155106972e-01	  -2.3011197236332911e-01	   4.3685324096592293e-01	  -1.7954098693579629e-01	   3.2452126214539723e-01	   4.0147016904706778e-01	   3.4375628444677681e-01	  -1.4882329665435431e-01	   4.1687249150159428e-01	   4.8551707000194333e-01	   4.1983169246142094e-01	   7.4576904633260410e-01	   3.2188631994905792e-01	   6.9969672509636183e-01	   3.3655876814971664e-01	   6.2498322825048591e-01	   3.4190558674983917e-01	   5.2374468455360801e-01	   5.1064805127519519e-01	  -2.3946826532042781e-01	   3.6564270471856902e-01	   6.8714387029709623e-01	   5.9284451246494652e-01	   6.2935144254902431e-01	   5.2986482966401294e-01	   5.4991015356590101e-01	   7.5570944843893739e-01	   5.2604665604600065e-01	   6.7529550999399224e-01	   7.0571164506759243e-01	   6.2432500292478332e-01	   3.8879724590565362e-01	   3.3811869280288148e-01	   5.7559506585730913e-01	   4.1902227883954801e-01	   4.6188350117665833e-01	   4.5522414215519214e-01	   7.5382905086318397e-01	   3.2210668047492963e-01	   3.4661723770769876e-01	   1.9776622445758471e-01	   4.2372802442575352e-01	   1.3660266463289134e-01	   2.9710042494127958e-01	   4.6564399389406480e-01	   4.5728644186837464e-01	   4.6994535230741930e-01	   2.1908743454295693e-01	   3.2835392468536084e-01	   5.9628433950413151e-01	   4.4019680659135169e-01	   7.6250925285408744e-01	   4.2075600355540554e-01	   3.4022153365801194e-01	   2.1184430771511759e-01	   7.8780256327107101e-01	   5.0505556648214900e-01	   6.1854937655515196e-01	   3.3993450510708784e-01	   5.2852991452699283e-01	   6.1748860989256560e-01	  -1.7034964894936652e-02	   5.1990513767149305e-01	  -1.0905886095549991e-01	   4.3184635548283135e-01	   4.6096538578604775e-02	   5.9345098851250144e-01	   3.9102697580204820e-01	   3.9311035211979678e-01	   3.3841937636362456e-03	   3.5251198842066361e-01	  -2.8774042434409774e-01	   3.7196971172793358e-01	   1.9168427842934710e-01	   3.2352292134458416e-01	   3.4350513267512744e-01	   1.3444796493532876e-01	   2.8598431451439882e-01	   5.0001632167123156e-01	   2.7463016799470746e-01	   6.2152436287922053e-01	   5.2804008220154719e-01	   7.2002909003135984e-01	   6.3871184588221352e-01	   2.8211522443096282e-01	   1.9240791366648521e-01	   3.5795274227986079e-01	   3.9146072689183957e-02	   6.2858573354925906e-01	   3.1158009261550335e-01	   6.8269172573969850e-01	   4.7694688255737949e-01	   6.4019408610345485e-01	   4.5919097916745438e-01	   5.8671818074305815e-01	   2.3914335997276387e-01	   2.8999711498588376e-01	   5.8299972689829405e-01	   3.8501581426836196e-01	   7.2903173913322780e-02	   2.4906080337209888e-01	   3.9794415556965146e-01	   4.7190743426895115e-01	   8.3064443704272670e-02	   1.2628787109775633e-01	  -4.6578255471977997e-02	
   4.7518347875584144e-01	  -4.2780072618757992e-02	   7.8400270043880704e-01	   6.7572925244452009e-01	   0.0000000000000000e+00	   8.6924293676046527e-01	   1.0503320584884883e+00	   6.0798458573027103e-01	   1.1741690557885489e+00	   7.2599655461281998e-01	   5.4591169327224165e-01	  -2.0179597965226964e-01	   5.8456942058334926e-01	   6.4264796329177629e-02	   8.2064798492427049e-01	   5.3589304663797210e-01	   3.9179258167486436e-01	  -3.2246204113541711e-02	   7.3949540359662103e-01	   6.1664337647657896e-01	   5.1181576964055864e-01	   6.0607592888121509e-01	   7.9661350473789672e-01	   7.4881452533959592e-01	   7.0211459385125408e-01	   7.9486867649996296e-01	   5.4604318120648632e-01	   6.0400180540136672e-01	   7.7809549493453056e-01	   8.3713476731012246e-02	   7.6962086629748350e-01	   7.9553284041924510e-01	   6.9841552996337908e-01	   6.4403550762468365e-01	   4.4396852241559626e-01	   4.0838973156716746e-01	   6.0462581051929365e-01	   2.4448380270024755e-01	   4.6602348791824644e-01	   3.4512101489612923e-01	   4.9724799903670835e-01	   6.9840316921766094e-02	   5.8135807452793919e-01	   5.6776375071068819e-01	   6.9674145492044781e-01	   5.6555243190146143e-01	   6.4063124376188552e-01	   5.9177597597111253e-01	   5.5004743128398248e-01	   4.7161204118898781e-01	   3.9716956077847360e-01	   3.4152772054736685e-01	   3.3640657458841350e-01	   3.6749690159539455e-01	   4.9863236415056367e-01	   3.6799682037874359e-01	   4.6433113873448789e-01	   5.8155525484713283e-02	   2.4030527886208053e-01	   2.8299341445357828e-01	   3.2214646999990693e-01	   4.6674857339474313e-01	   3.7301049237503570e-01	   3.3815829696878991e-01	   1.8076828894956271e-01	   3.4096989037463471e-01	   3.9503970548383543e-01	   2.4172786347817771e-01	   4.2366057947752894e-01	   5.0265228869321832e-01	   8.1892202594784602e-01	   5.0853923520838416e-02	   5.5053876463146589e-01	   7.4266075971001863e-02	   5.6305562403462261e-01	   5.5261391954051615e-02	   4.6334920610900865e-01	   2.0703628822073578e-01	   3.6324351636199737e-01	   5.6992480271982580e-02	   4.1292147900231890e-01	  -4.0151227385537254e-03	   7.1493330634532104e-01	   4.5153416238167821e-01	   4.5101487555259767e-01	   2.8740807233494114e-01	   3.7498368009602689e-01	   2.0881570780689124e-01	   5.6274136476805392e-01	   3.1570259304161752e-01	   7.7625024109704099e-01	   7.8856587612267381e-01	   7.5779714918032970e-01	   8.0338571052810903e-01	   2.2277233023855747e-01	   1.8391863714797960e-01	   3.2089842019892700e-01	   9.7775290279655355e-02	   6.5203384797495467e-01	   5.4185468960570793e-01	   5.2118833087836203e-01	   6.8848190208581328e-01	   4.8430982512639781e-01	   5.6970025198396268e-01	   4.4687267901018729e-01	   3.8879389463369990e-01	   2.4054531806176166e-01	   4.3076499423810677e-01	   4.1629158819921808e-01	   6.4922259638430346e-02	   2.0003475967556777e-01	   5.9768818692974390e-01	   5.9545538425366673e-01	   3.2399200962039021e-01	   2.1244540906627893e-01	  -4.6962364682160300e-02	
   8.2287563029778488e-01	   1.4681860424072080e-01	   7.5781511499782173e-01	   9.9240746407119107e-01	   8.6924293676046527e-01	   0.0000000000000000e+00	   8.5428045934161789e-01	   5.0809825136355180e-01	   9.4396902883690326e-01	   1.4016801718575163e+00	   8.6275005417966488e-01	  -1.8104693531492491e-01	   8.0387848167022991e-01	  -8.8717804041327814e-02	   5.8313042728718600e-01	   8.6373939843751368e-01	   5.1320463311207110e-01	  -1.4432222043641466e-01	   6.2017561658265630e-01	   5.7153151093023036e-01	   6.4069453506423923e-01	   1.0276220751695300e+00	   5.5746967460804941e-01	   6.1988214051200441e-01	   5.7398575549079300e-01	   7.7780740916990432e-01	   6.3665965618484699e-01	   7.9513397614750492e-01	   8.8328781443783333e-01	  -7.2770562268593492e-02	   5.5031424973335574e-01	   5.5745792753073709e-01	   7.4337903800654648e-01	   5.4102755863692420e-01	   6.9388503735872076e-01	   7.1943794100775904e-01	   1.0296175637174865e+00	   6.9983475073671730e-01	   9.4191655214444725e-01	   9.7657850987975658e-01	   7.7767316923867502e-01	   5.6485815145357188e-01	   6.0566917482456961e-01	   6.7484005956086190e-01	   6.2189982721820358e-01	   6.6521697885867126e-01	   6.9756028113319657e-01	   7.6335856576785899e-01	   5.9110151212004303e-01	   6.2138531075316972e-01	   5.1425350623166888e-01	   5.6446311008520644e-01	   4.1183440330891924e-01	   3.4848407929509650e-01	   8.5466743209218821e-01	   8.4355892705624358e-01	   6.8453912537525030e-01	   4.0905979759825306e-01	   6.4740798762095797e-01	   8.3073483413732319e-01	   7.9023515893954288e-01	   9.1480038304891642e-01	   4.9674271830589140e-01	   3.5677362085910347e-01	   3.6150693689726071e-01	   6.6441496520232746e-01	   7.1687737611181157e-01	   6.4194994729058708e-01	   4.6377109430298924e-01	   7.3187433758097920e-01	   7.2032162689495483e-01	   1.1108644419621366e-01	   6.7127565611012252e-01	   1.0900190357923183e-01	   5.4454769578247597e-01	   1.6654901725338409e-01	   8.5768127739583333e-01	   5.6798008632346186e-01	   5.4947251935881314e-01	  -2.8575418434740435e-03	   6.2165606303286558e-01	   4.3793476409890876e-02	   6.5490221962865092e-01	   6.0445983592050989e-01	   5.6767189781156191e-01	   6.0078144981176040e-01	   4.2688689324210882e-01	   5.6796845407749108e-01	   8.8502528921135737e-01	   6.0961117924921615e-01	   9.7273537189698434e-01	   8.6552774100164509e-01	   1.0482446041259759e+00	   9.8729902722455187e-01	   4.4339313741739150e-01	   4.9632184490403469e-01	   6.1614584610356993e-01	   4.2603740721208505e-01	   8.6268021339042100e-01	   7.0153282803411998e-01	   8.4812935573878956e-01	   8.5209291007697974e-01	   8.8015632981610836e-01	   8.3039191008438085e-01	   8.0876508342356623e-01	   5.8198808804592084e-01	   4.7148715149172360e-01	   8.4519184096174749e-01	   5.2578788532554976e-01	   2.6488191415896523e-01	   4.3581263476167781e-01	   4.9966284698405655e-01	   6.0271679911904386e-01	   4.0681267858554382e-01	   4.9207682087763704e-01	   1.7247647471092070e-01	
   7.8450846781969830e-01	   3.8595646703583752e-01	   1.4673160331057138e+00	   5.8246273513966629e-01	   1.0503320584884883e+00	   8.5428045934161789e-01	   0.0000000000000000e+00	   5.1760551679083833e-01	   9.0900222915119211e-01	   6.2749122406938673e-01	   7.0390562022252912e-01	   1.2614752360724918e-01	   6.9200692158483568e-01	   1.1468745215425680e-01	   1.2003280017190734e+00	   7.9646563564761186e-01	   5.6330996079192908e-01	   2.4474271297695813e-01	   1.1416846181760822e+00	   9.6579214435669047e-01	   7.7349275161536124e-01	   9.0605219618575383e-01	   1.2219817736005998e+00	   9.0427584037465747e-01	   9.3338503676249229e-01	   9.5414818318482864e-01	   7.0074581421867810e-01	   7.8729650915256477e-01	   9.0188666523554950e-01	   3.1772698242476460e-01	   1.1469044932939616e+00	   8.8520983949912724e-01	   1.0437940655164895e+00	   8.5921117630285893e-01	   6.6635783927851799e-01	   6.2369647455386490e-01	   7.4532180951900573e-01	   6.3416986064486880e-01	   6.4926999260315543e-01	   6.8322419455213335e-01	   7.4523807012066801e-01	   4.6777402093835185e-01	   7.6913541365670079e-01	   5.0178713510836259e-01	   7.7199405611658778e-01	   6.6720738068923113e-01	   7.5442069001667555e-01	   6.4927145165966971e-01	   7.4383628980520000e-01	   6.0139263503354412e-01	   7.3414489078412637e-01	   4.7753796277965727e-01	   6.3013764820057649e-01	   7.3022425239391708e-01	   7.8459157896064657e-01	   4.2628738351120771e-01	   5.6050589650390759e-01	   3.7711349243946501e-01	   4.5935902322985750e-01	   4.0869817553595855e-01	   4.2764472537990678e-01	   3.7679785362360552e-01	   4.5371785721088875e-01	   3.8390958816603149e-01	   5.2967334246052067e-01	   4.6320205217318822e-01	   7.1266093620319315e-01	   4.3283398658360783e-01	   7.3728000624965095e-01	   8.6392208777976853e-01	   1.0308891420708424e+00	   5.1717646578875642e-01	   7.0343768743139146e-01	   3.6649895213293066e-01	   7.0103914870291317e-01	   3.5952395303173007e-01	   9.4745811751690179e-01	   6.6158805345700533e-01	   5.6067405461592679e-01	   3.7227746847917548e-01	   6.1237932185457367e-01	   2.9957441303965515e-01	   1.2725880354856767e+00	   9.1038964904285380e-01	   1.0315071189974181e+00	   6.8522831260651540e-01	   7.6374022624374882e-01	   7.0752394795143514e-01	   1.0376043772396712e+00	   7.5827832341313606e-01	   1.1127603214434876e+00	   1.2326348065672941e+00	   1.0633630431399586e+00	   1.1057333131755551e+00	   4.9994312723246059e-01	   4.1304462030153544e-01	   7.1673654659917208e-01	   3.1834468822615836e-01	   9.1131014808941191e-01	   7.1598020566737020e-01	   6.8605427542633912e-01	   9.1171125233925177e-01	   6.8394339036234797e-01	   6.8644385212126080e-01	   6.3680677953449738e-01	   5.1723796020422430e-01	   2.4261543788334078e-01	   5.4340731941007692e-01	   5.1100719225559410e-01	   3.5410624598401508e-01	   5.8307000733225167e-01	   7.4304566355686985e-01	   6.9990804287952113e-01	   5.8012404561229669e-01	   4.5571825931439319e-01	   1.2560508021892530e-01	
   1.8992890025552181e-01	   3.4099271038224840e-02	   2.7420728132442918e-01	   9.8200713458289934e-01	   6.0798458573027103e-01	   5.0809825136355180e-01	   5.1760551679083833e-01	   0.0000000000000000e+00	   5.1420691435283539e-01	   4.9093548960477595e-01	   2.8190017636657622e-01	  -3.3638163023835911e-02	   3.0342223411769947e-01	   5.4577854850308603e-02	   3.5050847639344673e-01	   1.6988313775468600e-01	   1.7276358597152836e-01	   1.0677156270618734e-02	   3.6751428252065926e-01	   4.4302998012206091e-01	   2.0936122865813372e-01	   4.4330562358167014e-01	   2.5146129322687522e-01	   5.7289500233965240e-01	   2.1830643363275251e-01	   4.3645968473303681e-01	   1.2691216242271336e-01	   3.3919857840543061e-01	   3.0965466257518348e-01	  -9.0031235979144114e-02	   2.5450314312948852e-01	   7.0538836049676557e-01	   4.1621661973489699e-01	   6.8071274234553358e-01	   1.9116409399397230e-01	   2.3948288920648464e-01	   4.4526854617529260e-01	   2.8164597259614704e-01	   3.1208794311178956e-01	   2.9753443999047924e-01	   3.4092773016381228e-01	   1.5645487323682380e-01	   6.1542579628483821e-02	   1.3080131173108089e-01	   2.7814330586923924e-01	   2.4027364140184557e-01	   1.9623249096919707e-01	   3.4669998367138960e-01	   2.1683901535658359e-01	   1.4296599708830865e-01	   8.0621561723337717e-02	   1.7576989373600982e-01	   4.3808512890494762e-02	   2.7671600905511767e-01	   1.4099011642808118e-01	  -1.0648042832146147e-02	   2.4760026609058627e-01	  -1.0038696126515999e-01	   1.1473770884456846e-01	   2.8642786216911120e-01	   2.0726501880250581e-01	   5.0046307769386444e-01	   2.8240907337245114e-01	   3.2786648333300583e-01	   1.3194579497285328e-01	   3.8843304507521326e-01	   2.4689767048166503e-01	   2.8239055380319611e-01	   2.2896026712986717e-01	   3.5393030920394203e-01	   5.5110476768156280e-01	  -7.1602853415463408e-02	   3.5272192980030947e-01	  -2.0568003259075068e-01	   4.4521194727734903e-01	  -1.1128331823850929e-01	   3.4076828780619278e-01	   1.4838667141236769e-01	   2.1824345806744586e-01	   1.9333814819242873e-01	   1.6320797510937515e-01	  -3.4457015613738640e-01	   2.6281429257064920e-01	   2.3499100969363123e-02	   2.8192741363436991e-01	   7.6376947215880509e-02	   2.2186952864453872e-02	   8.3217310372876593e-02	   2.3575038505887524e-01	   9.7610905381547167e-02	   3.7535656258464378e-01	   3.4329860875474072e-01	   4.8505445391135360e-01	   3.9966830947224335e-01	   1.2698151243726856e-02	  -1.8574268703595065e-01	   8.8686151088621226e-02	  -3.7594899128609260e-01	   3.8199263966418140e-01	   8.1519101936123772e-02	   5.0030629132304616e-01	   3.1770434513093648e-01	   3.3868283393626786e-01	   1.9946488067693618e-01	   2.7529360138805548e-01	  -1.3682520826142313e-02	   5.0980627046899471e-02	   2.4469721111649964e-01	   1.3100279258122619e-01	  -1.4929620514571690e-01	   4.9246677426348084e-03	   3.3561027338221899e-01	   3.7298199090478129e-01	  -2.3610924297521742e-02	  -1.3213962313304309e-01	  -2.6330520638032484e-01	
   7.0903388368030951e-01	   1.5048027709843970e-01	   9.0116968469323244e-01	   6.2326321058691725e-01	   1.1741690557885489e+00	   9.4396902883690326e-01	   9.0900222915119211e-01	   5.1420691435283539e-01	   0.0000000000000000e+00	   9.5951651176497688e-01	   8.6050133221910063e-01	  -2.9004831434439214e-03	   1.1054890705288440e+00	   1.5725667976042959e-01	   9.5521889617718725e-01	   7.1357923140352919e-01	   4.3478171942531763e-01	   7.3437970280700635e-02	   6.0093009577039347e-01	   5.2762308863765628e-01	   6.1435878082378048e-01	   6.8289461474167035e-01	   5.8584259995011978e-01	   4.2496638256271108e-01	   5.5270145821775019e-01	   5.6699309983506885e-01	   4.7390823420413142e-01	   5.9344399073538645e-01	   8.0993013802508096e-01	   1.3385431084198238e-01	   5.6015359160763900e-01	   4.9029953621351385e-01	   6.0882424459208484e-01	   4.6425533039939088e-01	   4.5106192535932832e-01	   4.1592803499222891e-01	   6.5294921292920849e-01	   3.4158445282223709e-01	   5.8967293515346020e-01	   5.1241322622058882e-01	   6.5450605435096243e-01	   2.9382924643245029e-01	   3.7164320533610179e-01	   3.0424648003461974e-01	   4.0363493662369215e-01	   3.0075613196910655e-01	   4.0809201727949984e-01	   3.5483642842591001e-01	   4.3389787001130165e-01	   3.8363363385172788e-01	   4.1112424617453502e-01	   2.5469607053943294e-01	   4.6836928797139049e-01	   3.0291174991922742e-01	   5.7750052808426144e-01	   3.8519878674726349e-01	   5.9960131043652931e-01	   2.3930258226465273e-01	   5.0102627613533901e-01	   5.1386524378059173e-01	   7.0711934060413162e-01	   6.3915998475335456e-01	   5.3098739048141352e-01	   3.3214115478153250e-01	   1.9361082768052212e-01	   3.0693588197760702e-01	   3.6771350782073720e-01	   2.1381480628301253e-01	   4.2869634387222094e-01	   5.6643368062268074e-01	   8.3633891060856236e-01	   1.5336746526292980e-01	   6.3809015731215835e-01	   2.1431513243584321e-01	   6.0553077159402602e-01	   2.1228482402806931e-01	   5.8826370690153784e-01	   4.2433778390412069e-01	   5.6545923678604360e-01	   1.8881418029624145e-01	   5.9176786535673398e-01	   1.0360211842596942e-01	   7.0451873505052076e-01	   5.4267075001057796e-01	   5.2568657270220143e-01	   3.8060253039876990e-01	   4.1184559436770640e-01	   3.8302719939965807e-01	   7.8222803272542751e-01	   5.9194733473362049e-01	   7.1895850657373628e-01	   7.4620335883462818e-01	   6.8553165147888351e-01	   7.1037920683266353e-01	   2.8719471493070892e-01	   2.6069338464482272e-01	   3.5713292163055183e-01	   2.0606953505156653e-01	   5.5122571298172129e-01	   4.9940957236638944e-01	   4.9188537717945235e-01	   6.1688265719576951e-01	   4.5219529666332620e-01	   4.4446914433667362e-01	   3.4279819402162159e-01	   3.0953022245646161e-01	   2.0575987069663859e-01	   4.6172460141985744e-01	   4.0474772047687496e-01	   6.5832330446609535e-02	   1.8544375231734417e-01	   4.2113356063402008e-01	   4.6024216726145500e-01	   2.8885710184071522e-01	   2.1228322995580118e-01	  -3.1965821331976750e-02	
   7.3021323292667595e-01	   2.0873302862399384e-02	   5.2393458337928034e-01	   9.2037329479906060e-01	   7.2599655461281998e-01	   1.4016801718575163e+00	   6.2749122406938673e-01	   4.9093548960477595e-01	   9.5951651176497688e-01	   0.0000000000000000e+00	   8.2000086646915737e-01	  -1.9080444798191112e-01	   8.6974080465134196e-01	  -6.7225101079297467e-02	   4.5526173181038365e-01	   8.7833620461983508e-01	   3.2863808764198349e-01	  -1.4508372374599718e-01	   4.1212705546132050e-01	   3.5899480477771339e-01	   4.6450418883311800e-01	   7.8354491852592689e-01	   3.3669760014398159e-01	   3.8994319957218543e-01	   2.9349604226917919e-01	   4.4551990235807803e-01	   3.2573908777942789e-01	   4.7985704192787593e-01	   6.8194306828386708e-01	  -1.5034763958614142e-01	   3.4322925237753421e-01	   3.9939137438917843e-01	   4.3167678525159758e-01	   3.0618967510892475e-01	   4.0398339172235986e-01	   4.7430302974577732e-01	   7.4930478794652933e-01	   4.6977077934477879e-01	   6.7142861133516007e-01	   7.1021806963309142e-01	   5.7733226822779704e-01	   4.1261211541827081e-01	   3.3830449999219753e-01	   4.7134623691868205e-01	   3.5844517181581509e-01	   3.5387138483222558e-01	   3.8980598931741128e-01	   5.1303577084502872e-01	   3.8573603295402115e-01	   4.5045001141022417e-01	   3.3161937370252148e-01	   4.5271563676799725e-01	   3.3298620181876670e-01	   1.8455708507906310e-01	   5.9668693210373291e-01	   6.7663270082260774e-01	   5.2240730993410622e-01	   2.4504589822646491e-01	   5.3430381547724970e-01	   7.8539728327339209e-01	   8.3932492734974584e-01	   1.0569653849373608e+00	   4.0138116755887443e-01	   2.8706164071500345e-01	   1.9226871827538725e-01	   6.1685666170926046e-01	   3.8504664388599613e-01	   4.2130272899514065e-01	   2.7869972957533545e-01	   4.5230869473091539e-01	   5.3894774633109832e-01	  -7.4724184171503392e-03	   4.9026291561438712e-01	   6.2009392331078418e-02	   3.5298486429188558e-01	   1.5910540535472151e-01	   5.6954535777076343e-01	   4.4941100974767290e-01	   3.8812409719954127e-01	  -4.9667615073493661e-02	   4.3465976237010184e-01	  -1.3684893068896362e-01	   4.3038560438199802e-01	   4.0410740373180520e-01	   3.5257843941251560e-01	   3.4126887051329197e-01	   2.1523127790187424e-01	   3.3866213749939122e-01	   6.7373972554725758e-01	   4.6750828852629517e-01	   6.9076085334871729e-01	   6.0512141461086510e-01	   7.5703398881852935e-01	   7.3871854317989105e-01	   3.0363372503446490e-01	   3.9771075648603360e-01	   3.6108903747667725e-01	   3.7018437983653235e-01	   5.7820503184085015e-01	   5.1696471446760406e-01	   6.5723942762078580e-01	   6.4142997778914723e-01	   6.3437691812636554e-01	   6.0582741524414718e-01	   6.6651714446499388e-01	   4.5103782250455593e-01	   4.0724138227952883e-01	   7.7812945938848299e-01	   3.9784284317111918e-01	   7.0593397020107224e-02	   2.0079398728181977e-01	   3.0806135231482779e-01	   4.0574740165994611e-01	   2.1672017787170877e-01	   3.4924123511255645e-01	   7.0809978678129631e-02	
   1.0573067167248800e+00	   3.3545758051284119e-01	   8.1526514864994093e-01	   4.5298842155106972e-01	   5.4591169327224165e-01	   8.6275005417966488e-01	   7.0390562022252912e-01	   2.8190017636657622e-01	   8.6050133221910063e-01	   8.2000086646915737e-01	   0.0000000000000000e+00	   1.2864876264596176e-01	   1.4342332121339478e+00	   1.2090548667299444e-01	   7.9372490324270351e-01	   8.1645194102751040e-01	   6.7141728146157609e-01	   4.1189375988631198e-02	   6.1401061098270515e-01	   5.6655756302880056e-01	   6.8250626867010744e-01	   7.7358920158683042e-01	   3.7892410246033176e-01	   1.6016856723123252e-01	   3.4904081088409067e-01	   3.2921862940869806e-01	   5.7298817302999205e-01	   6.1565127793200225e-01	   8.6846651040665568e-01	   1.3401141046153106e-01	   3.9607979473820248e-01	   2.7841287410507820e-01	   5.8936315746300671e-01	   3.7694973713819430e-01	   3.1854974856419727e-01	   2.6167863244561812e-01	   6.9270921014110065e-01	   4.9316646530381703e-01	   7.1077388920442452e-01	   6.3714776925150340e-01	   7.4671069815437641e-01	   5.1532141490581362e-01	   3.7944670931676489e-01	   3.0219790438084682e-01	   3.2592981773799712e-01	   3.3797838204233543e-01	   4.0808802088578833e-01	   3.2387734207493624e-01	   3.8567688231833208e-01	   3.5049940314830252e-01	   3.9811254055931800e-01	   3.1605819466342566e-01	   4.3740829612637244e-01	   3.1499596335523306e-01	   6.5186034504282619e-01	   5.5219723616423999e-01	   6.0242771593542721e-01	   4.9871794857510854e-01	   6.9141848042647047e-01	   5.7096061993851699e-01	   9.1467577675206457e-01	   6.0336477970482882e-01	   6.5858090844175343e-01	   3.4583467536094165e-01	   2.5419710502816417e-01	   2.7347782416504784e-01	   5.0383552192228531e-01	   3.3232703649583634e-01	   4.8896826170176066e-01	   6.5011230690158539e-01	   6.3427905564920251e-01	   2.2198065471630765e-01	   6.1731169099460703e-01	   2.7690010780762109e-01	   5.9657278173208961e-01	   3.1704698437125556e-01	   7.4921564260157603e-01	   5.3128582479829267e-01	   6.6617609020882451e-01	   1.6896465100269428e-01	   8.4920017002441150e-01	   2.8252182190257680e-01	   8.1108631430967271e-01	   6.8025593361575765e-01	   6.8961781684042756e-01	   5.9039743280594914e-01	   3.8582271869506052e-01	   5.0117845437993647e-01	   8.5444814504495192e-01	   6.3020976869298673e-01	   6.4673564151616492e-01	   6.9103091696279384e-01	   6.3435321288955437e-01	   7.2926629506491536e-01	   4.0300033065853447e-01	   3.8892734146253904e-01	   5.1912872495713769e-01	   4.3638750205658533e-01	   5.2145860589809889e-01	   5.6145217826343774e-01	   5.8992318185324288e-01	   8.1743472255216976e-01	   6.0963330309518959e-01	   5.6676944982238053e-01	   4.9032216055262035e-01	   4.3468805147845557e-01	   1.6938857907636112e-01	   5.5885033390938821e-01	   3.8111212247816695e-01	   3.6796446059959359e-01	   3.4623717512375685e-01	   2.9786008430653893e-01	   3.9922336726031854e-01	   3.7571226093547283e-01	   4.2384723882557873e-01	   1.4930121972852800e-01	
   1.4790989073189825e-01	   6.8016030127713878e-01	   2.1086193717233523e-01	  -2.3011197236332911e-01	  -2.0179597965226964e-01	  -1.8104693531492491e-01	   1.2614752360724918e-01	  -3.3638163023835911e-02	  -2.9004831434439214e-03	  -1.9080444798191112e-01	   1.2864876264596176e-01	   0.0000000000000000e+00	   2.5107090875337834e-01	   7.3444201996064484e-01	   2.1762156268311783e-01	   1.8593031060360801e-01	  -7.6769009108962699e-02	   1.0479904536550477e+00	   1.1244092532921711e-01	   1.1527400274493260e-01	   1.2012336546222394e-01	   3.3780965947507451e-02	  -3.0200070698397169e-02	  -1.6716854044337770e-01	   3.6483131678767204e-02	  -1.0910671541496252e-01	   1.1424392344363488e-01	   1.5581316113481250e-01	  -1.0624598760633755e-01	   8.6818436500849749e-01	  -7.0723730477476460e-02	  -1.4843096169582881e-01	   2.5144667569361671e-02	   1.8200592223430503e-01	  -5.7399064736923050e-02	  -3.5577234720941278e-02	  -1.2625183266441004e-01	   1.9720315039569261e-01	  -2.3263681103125239e-02	   5.5307123616522368e-02	   6.5135856204628306e-02	   2.2220128436986814e-01	   5.6298690985564663e-02	  -3.6694822022489698e-01	   3.8550830234150124e-02	  -5.9156033847266011e-02	  -3.6730002890191724e-02	  -2.1054154414142048e-01	   2.1722424440688515e-01	   1.0923798973407635e-01	   3.0588315213597078e-01	   4.6682569574719793e-03	   4.9876321994791245e-01	   4.8400594542298259e-01	   1.5299921323973592e-01	  -3.9454907600457273e-01	  -2.9524353771243642e-02	   1.4720422812660500e-01	   3.0419396036391505e-01	   1.3585291722778325e-01	   1.7300439702070963e-01	  -2.1939783501629170e-01	   8.3870513926143753e-02	   1.3151408082238386e-01	   3.6961935311104741e-02	  -2.2648283856552137e-01	   1.3042037852736382e-01	  -3.3386539006818698e-02	   9.7673948312817699e-02	   2.2513675357432214e-01	   2.1145567508363335e-02	   7.5034553217501754e-01	   1.4264628099157932e-03	   6.2112889589327847e-01	   1.3919474772313567e-01	   5.2641122048155320e-01	   9.0839486894088231e-02	   2.3127959062912040e-01	  -1.8260374272236170e-02	   8.3121711705519108e-01	   9.2873722437750522e-02	   6.0674049685956000e-01	   2.6516752609514971e-01	   2.9013337691505076e-01	   2.4772498800645149e-01	   1.3858048854528426e-01	   1.6757641557029218e-01	   2.8711651191235349e-01	   2.7271573491834433e-01	   4.7951123970735043e-01	   1.5637057238943439e-01	   1.6975659044507957e-01	   1.0572357377736272e-01	  -3.4202179889697565e-02	   1.5384030660627820e-01	   8.8758252817624742e-02	   1.9505076846035296e-01	   6.1968003134507135e-02	   6.7155691319856728e-02	   8.9087124821743136e-02	   3.6548606962808212e-02	   2.3426544350341905e-02	   2.0596317989399818e-02	  -3.0897496890722312e-02	  -5.1026641861687004e-02	   5.8865394921521833e-02	  -2.0886386467382567e-01	  -1.9600376927941386e-02	   6.2569835275631494e-02	   3.1268999839127520e-01	   2.5045483215457598e-01	   2.0651414829941211e-01	   1.7209103835028813e-01	   2.3423350145726915e-01	   4.4777515847938383e-02	  -3.8906140272599560e-02	
   9.8376823357596499e-01	   3.2940724339499200e-01	   8.5995555012989999e-01	   4.3685324096592293e-01	   5.8456942058334926e-01	   8.0387848167022991e-01	   6.9200692158483568e-01	   3.0342223411769947e-01	   1.1054890705288440e+00	   8.6974080465134196e-01	   1.4342332121339478e+00	   2.5107090875337834e-01	   0.0000000000000000e+00	   3.2504160195338655e-01	   7.5176764728746159e-01	   8.3709141095203510e-01	   4.7588964530704386e-01	   2.1310496342533983e-01	   5.5861349035954466e-01	   4.8880566419563831e-01	   6.6915322250626619e-01	   6.3817319575144327e-01	   3.1778887577463538e-01	   1.0386997289157281e-01	   3.3162996547107371e-01	   2.9692883500456935e-01	   5.7782176565023902e-01	   6.1853788043122204e-01	   7.6384396805722099e-01	   2.7908462487746333e-01	   3.2352861531900245e-01	   2.0075044799399211e-01	   5.1736981015037298e-01	   3.6704663871587179e-01	   2.7226169620312890e-01	   2.4307727209662028e-01	   5.6779493755114430e-01	   4.2153648276508582e-01	   6.0468669041384382e-01	   5.8278635410075175e-01	   6.7446092843832584e-01	   4.5039379506043942e-01	   3.1461611747500184e-01	   1.5448844444631524e-01	   2.7063099576857064e-01	   2.1553404506805598e-01	   2.9043487471788221e-01	   1.7418979914247321e-01	   3.8135903322002612e-01	   3.2385553437565112e-01	   4.4673726113543155e-01	   2.5276459707200433e-01	   5.8296724083980689e-01	   3.0109296436770661e-01	   6.1287992685231918e-01	   3.7069602439939936e-01	   5.5473034349269301e-01	   4.3806533884651028e-01	   7.8414742031744011e-01	   6.2815179340532423e-01	   1.0992101470982429e+00	   6.6927773897739729e-01	   5.7250129140743033e-01	   4.3115255758262550e-01	   1.7132354506906639e-01	   1.9306102275641451e-01	   4.1429226773844247e-01	   2.1920593584752751e-01	   4.6889956072610250e-01	   6.2449912367793725e-01	   5.7934365152125711e-01	   2.2442501943628565e-01	   5.0931519406987769e-01	   3.6788433793751296e-01	   5.4048562647882747e-01	   3.6883213565153050e-01	   6.1777921084138177e-01	   5.1088522913340095e-01	   5.1057328108531697e-01	   2.9663273109610133e-01	   7.4088327072561089e-01	   3.2910158494950770e-01	   7.4284208516720163e-01	   6.5335173592778062e-01	   5.4310818901565650e-01	   4.3057069511425777e-01	   3.3486668155024002e-01	   4.8501222975889924e-01	   8.6960470903282772e-01	   7.8753056653330766e-01	   6.3659138344575616e-01	   6.5449096370138105e-01	   6.2813946089654760e-01	   5.9791494365308906e-01	   3.4573516011428707e-01	   4.0693508620611757e-01	   4.6146527351569272e-01	   4.1456708339358556e-01	   4.7463760687358791e-01	   5.2526436653491260e-01	   5.2707358332930254e-01	   6.2614992257552604e-01	   5.1709246941399289e-01	   4.7113924873275748e-01	   3.7080117822757092e-01	   3.7281150837906968e-01	   1.9914105693444009e-01	   4.8716225064936025e-01	   3.6674081136522896e-01	   2.8063487732952980e-01	   2.4760774360179216e-01	   3.1485596591396348e-01	   4.0485547538757000e-01	   3.8993488734111587e-01	   3.2553088863396867e-01	   2.3061113407523981e-02	
