   0.0000000000000000e+00	   1.5360928511013348e+00	   4.2891043071552742e-01	   4.7303577428695515e-01	   4.0906128155480448e-01	   2.3204802337194064e-01	   1.2608175903478960e-01	  -1.1936212622266172e-01	   2.1730021362379209e-01	  -7.0941702579004062e-02	   6.1849981106492014e-01	   1.1350487772056139e-01	   2.7493059726881858e-01	  -9.9334576758898299e-02	   3.9522704620405319e-01	  -1.7239077173197820e-01	   9.9881920402714908e-01	   9.6608314251053351e-01	   9.3584351781961372e-01	   1.3170102097855187e+00	  -4.3794941387639411e-02	   5.7674772199765870e-02	   8.0882854609887048e-02	  -1.5109068193842684e-01	   2.9246305895241947e-01	   8.3089515252263338e-02	   2.5624668858621946e-01	   4.2932795902434606e-01	   2.3619105692668285e-01	  -6.7505717417876476e-02	  -2.7424430261266640e-02	  -3.1534359495566494e-01	   7.6864698802070708e-01	   3.8320532796283624e-01	  -3.6755913222320698e-02	  -1.1351341888090137e-01	  -1.0965031797790480e-01	  -2.9245848446182654e-01	   1.7463496954404539e-01	   6.9138825292430900e-02	  -8.7158181629094847e-02	  -5.3621192306721424e-02	   1.0846684440285775e-01	   1.8706402366023780e-01	   1.6875747637724800e-01	   2.9793742243838267e-01	   1.3934478172875392e-01	   2.7179785623716768e-01	   4.0857570303023083e-01	   3.7486859310475279e-01	   3.4533877766999721e-01	   1.7178070233464324e-01	  -2.0105139770904121e-01	  -8.9660610692797252e-02	   1.7480372816598655e-01	   1.0099480152914708e-01	   1.4414648856924051e+00	   1.5813900777418011e+00	   4.2886850259492082e-01	   4.3188540812827042e-01	   4.2415321641365100e-01	  -8.1043147462810328e-02	   8.3654846080797340e-01	   4.9918892472917942e-01	   2.3709832984977441e-01	  -1.6617635952474966e-02	   8.7024386789212829e-02	   2.4234769138806418e-02	   1.3615788427618920e+00	   7.8476624157914043e-01	  -1.6176890505767139e-01	  -5.2485697445284751e-01	   2.7031540591405512e-01	   1.9150060626167748e-01	   8.7365308763401067e-02	   2.0913453210921647e-02	  -3.9149862480862829e-01	  -4.2440910960966777e-01	   5.4681994297099545e-01	   5.3904949961549709e-01	   5.0365147407537658e-01	   4.1398463666806140e-01	   3.0776397410434897e-01	   1.8595086545848977e-02	   6.4762535361168705e-01	   4.6778191368924171e-01	   1.6764081180758936e-01	   9.5462861359449883e-02	   3.8031340312558770e-01	   4.5720833327419630e-01	  -5.9878782257451124e-01	  -3.3482860766729261e-01	  -4.6949768742315939e-01	  -2.6160996509882717e-01	   5.9628059925637147e-02	  -3.1588788183608815e-02	   2.2180165690822506e-01	   2.7271556854457202e-01	  -5.8196592422885066e-02	   1.0842134557363951e-01	  -1.1238750057291144e-01	   4.4871312916956528e-02	   1.7723592876297747e-01	   1.3557084772937339e-01	  -2.3349891091575416e-04	  -4.3218090615260293e-03	   9.0787929101256909e-02	   1.6648478957192375e-01	  -8.6715993446055004e-02	   8.6539140316175073e-02	   1.5207128913938206e-01	   1.0535066641016384e-01	  -1.6163447758881286e-01	   4.0631826072974817e-02	  -2.0517278994362040e-01	  -2.1654637125730447e-01	
   1.5360928511013348e+00	   0.0000000000000000e+00	   2.8701928545512623e-01	   4.5017027259064474e-01	   3.2292378552835160e-01	   1.8179689076421354e-01	   2.3734892562057172e-02	  -1.1736882057379641e-01	   1.2067132606099247e-01	  -1.1062326054822041e-01	   3.7642653891326150e-01	   8.2703568142501668e-02	   1.7382382857645662e-01	  -1.7533516026378163e-01	   2.6912071362162393e-01	  -1.8420593078633632e-01	   8.7091092804623749e-01	   8.9491229708456466e-01	   8.5622407909567511e-01	   1.4360068040287515e+00	  -3.2586011447795341e-02	   9.6300984796029235e-02	  -4.6278656433156630e-03	  -1.9004186363186487e-01	   2.1188718017482633e-01	   6.9876706957695059e-02	   2.0459543061792260e-01	   3.8989603094732844e-01	   1.3851829380862363e-01	  -5.7823177252896513e-02	  -4.5880075398365146e-02	  -3.0524396723275632e-01	   8.5119566459260398e-01	   5.0080989984873658e-01	  -7.8586354310037604e-02	  -1.3792092714399795e-01	  -3.5441964097318507e-02	  -1.9915127017676021e-01	   1.9455544435318367e-01	   1.2946783031711526e-01	  -9.0271917217340139e-02	   3.2159640666557500e-02	   1.3338541915281338e-01	   2.4473173339757515e-01	   2.9018016503881805e-01	   4.1579718248577158e-01	   2.4018131574189280e-01	   3.6276898245613526e-01	   5.1114082272856942e-01	   4.4194292723035805e-01	   3.5965244006752795e-01	   1.9221660917128042e-01	  -1.9565276982435884e-01	  -1.1947309771857649e-01	   1.7247613545262025e-01	   1.2185247342837681e-01	   1.8023311571582503e+00	   1.9941603395885832e+00	   3.6814767043153218e-01	   3.9584453554531779e-01	   3.8988932696365841e-01	  -3.6932887307823202e-02	   7.3838560968298406e-01	   4.8227939847756540e-01	   1.5395735497772656e-01	  -5.7784625310036447e-02	   3.3114025247949826e-02	   1.8432194272387913e-02	   1.5799974290724743e+00	   8.1149377657087340e-01	  -2.8062026077669094e-01	  -4.8938701315084432e-01	   1.7374877013461743e-01	   9.9806060051565476e-02	   7.4367747716166763e-02	   7.7948689915761926e-02	  -4.7327538313385931e-01	  -4.6705641378852397e-01	   5.9627925714378849e-01	   5.0547146074703586e-01	   4.9849348468093013e-01	   3.8416851968821752e-01	   2.5946099863126948e-01	   4.7709371701438602e-02	   6.1426507201727254e-01	   4.7968225014617671e-01	   1.7186243219391797e-01	   1.0492825372614342e-01	   3.1173413622807483e-01	   4.4785067792600686e-01	  -6.4905905661772434e-01	  -4.0886153354633298e-01	  -5.4026268372393105e-01	  -3.3431449762766691e-01	   1.5397027279190378e-01	   3.3285876248153344e-02	   3.6224399411425734e-01	   3.5857649423410759e-01	   2.5558064760863876e-03	   1.0196897186596093e-01	  -1.2036095965775453e-01	  -5.9288725664568956e-02	   2.1100738980197914e-01	   1.6247785424322436e-01	   2.1563903756970534e-02	  -4.3002670368621231e-02	   1.7191739438188802e-01	   1.6042881975236434e-01	  -6.5069442037161473e-02	   1.6655339241176614e-01	   2.5012781228635761e-01	   1.6166886652360934e-01	  -1.8799768756905505e-01	   4.4514286071462794e-02	  -2.2276921805010991e-01	  -1.7165160602388629e-01	
   4.2891043071552742e-01	   2.8701928545512623e-01	   0.0000000000000000e+00	   1.0318795131948286e+00	   9.0242628209801246e-01	   6.9129036259925192e-01	   7.5979590567738620e-01	   2.2004990613678527e-01	   5.6023085247358573e-01	   1.6732702975306532e-01	   4.3723310490591832e-01	  -5.9174259843266422e-02	   5.6095983072007982e-01	   8.7302439186457012e-02	   9.1390045592308855e-01	   1.2019917773429357e-01	   2.6762662672829785e-01	   1.5242765118340140e-01	   9.2445109931872416e-01	   5.0528490332633003e-01	   3.3915845252080068e-01	   1.9462149242463445e-01	   1.1768820044740165e+00	   7.2440940949174215e-01	   1.0146709983430460e+00	   6.7140234656129660e-01	   9.0526159078997881e-01	   7.7059149632501445e-01	   2.2667664337381976e-01	  -8.3886543421189508e-02	   5.9167434998488577e-01	   3.3089502999434167e-01	   5.4629743011446485e-01	   3.9594488568350300e-01	   8.8864233845230411e-01	   7.2685048861363410e-01	   2.1342970104178316e-01	   9.1474581826028287e-02	   4.7802821143868485e-01	   2.9306664908156965e-01	   1.8947257566118686e-01	   2.3313425535855603e-01	   3.5827420224990120e-01	   3.4482281664060954e-01	   7.0343000073327208e-02	  -4.6697812950519061e-03	   2.8950105264422965e-01	   2.9243336328522662e-01	  -6.1356860965488993e-02	   2.2815755255889057e-02	   3.4488933070800354e-01	   1.7485165523578675e-01	   1.9627865614247850e-01	   1.1630999914536674e-01	   3.7396494787263063e-01	   3.6980286039329840e-01	   2.8330139306842628e-01	   3.2837537736106026e-01	   4.7772324736821276e-01	   3.0517667594509090e-01	   2.3864199330586230e-01	  -7.6659917908277198e-02	   4.7045347542659810e-01	   1.0353793950122191e-01	   8.7771098145171800e-01	   3.6511524941275725e-01	   7.5280710378920701e-01	   4.3679890699830604e-01	   4.6119672101256798e-01	   4.6927840039769519e-01	   2.5465409441552761e-01	  -7.8761979216403280e-02	   3.7997089335582468e-01	   4.6672081451582083e-03	   4.4821649550516474e-01	   2.4435617483495775e-01	   5.8925685089776643e-02	  -9.4291784765539399e-02	   1.8298560291732735e-01	   1.1873184113878238e-01	   3.0575743638472286e-01	   3.0523513273800135e-01	   7.9798898236348192e-01	   2.8108892808534580e-01	   9.5925445539502008e-01	   8.4786199497313697e-01	   6.9463733427073038e-01	   5.2383577223194089e-01	   7.1555668176466547e-01	   7.6726975636263284e-01	   2.1633869055571450e-01	   5.2678966651430070e-01	   3.5262660573691273e-01	   6.4639674924636337e-01	   1.6073700587859613e-01	   1.3743504234771256e-01	   3.8153985460051548e-01	   4.3030856664903194e-01	   3.0336679605835043e-01	   5.2828897137037645e-01	   8.3146486180927640e-02	   6.2095675593542032e-01	   2.4165723464145994e-01	   3.9773794448513838e-01	   5.5361413428378470e-02	   2.8991567231724169e-01	   1.1537663235674807e-01	   3.3714943968714423e-01	   1.0101406219543714e-01	   1.8629617593273165e-01	   5.4633308143784909e-01	   4.1916700977787880e-01	   2.0976800024516529e-01	   2.3796907803554601e-01	   8.5648178934689359e-02	  -1.5900035213575350e-01	
   4.7303577428695515e-01	   4.5017027259064474e-01	   1.0318795131948286e+00	   0.0000000000000000e+00	   9.5991913879793500e-01	   1.0317145620861670e+00	   7.7520745145471914e-01	   5.7161340808151628e-01	   6.6240131968860494e-01	   4.0625406940621878e-01	   3.0226629177042869e-01	   4.6569268764891404e-02	   3.8916091600891273e-01	   2.1199241225865278e-01	   5.5789812490574464e-01	   1.3901186643962724e-01	   4.0210418847177637e-01	   2.6274103977468805e-01	   8.6661555675094037e-01	   6.1151025391387270e-01	   2.3509009219434812e-01	   2.4977686319403283e-01	   7.1516923525327691e-01	   7.6514781998784809e-01	   9.6111289806858125e-01	   9.2473344462058593e-01	   5.8305626100166164e-01	   7.6695560527369333e-01	   2.7423994133538904e-01	   3.5714267848762610e-02	   6.0314364818992339e-01	   3.9807358654305391e-01	   6.4364716692710799e-01	   6.1339708709966956e-01	   5.3956438475238178e-01	   5.4613103622723957e-01	   1.0724185582708619e-01	   2.7428908303023861e-02	   4.8919349442285920e-01	   3.5031269518240443e-01	   1.3062500395702065e-01	   2.6438739336626521e-01	   2.4754124716457238e-01	   3.0981797118144377e-01	   9.8451894287650915e-02	   7.3445399856700788e-02	   2.4380873044372342e-01	   2.9194932163258036e-01	  -5.0449406604729061e-02	  -3.2346127318257985e-02	   2.5760030497357100e-01	   1.0294890169107249e-01	   6.5815735332389116e-02	  -6.4151475053550622e-02	   3.4723175199837825e-01	   3.2739375283503863e-01	   4.2161008020234408e-01	   4.3796453034657401e-01	   4.2732692101461606e-01	   3.9561365518449454e-01	   2.9656182686459875e-01	   1.0332321481454836e-01	   5.4892644372276844e-01	   2.6565955669584823e-01	   5.9747872090118415e-01	   4.9469057861097354e-01	   6.2338730561919276e-01	   5.0901573375954512e-01	   5.2642743939242864e-01	   4.8024065146125211e-01	   4.7934058437307400e-02	  -1.1649598247054492e-01	   3.4295681710096632e-01	   8.2089442312329661e-02	   3.5203422934522183e-01	   3.3119653466205773e-01	  -2.0542218052031486e-01	  -2.5744189931531997e-01	   3.5035801007091749e-01	   1.5991817751587453e-01	   4.2746117471755407e-01	   3.6523941661342851e-01	   5.8079027465843136e-01	   2.7643450493588295e-01	   9.6995616429274478e-01	   1.1036968326999754e+00	   4.7493206876067501e-01	   4.7883507588113283e-01	   5.2870629798857549e-01	   6.9728597704783024e-01	   9.9329265134385586e-02	   2.2932879595762629e-01	   2.4083145591426114e-01	   2.5070576748594486e-01	   1.8473858340639304e-01	   1.9781892475575458e-01	   5.1013019588972175e-01	   4.9001206763479088e-01	   3.0197415898006325e-01	   3.8564785155353198e-01	   9.8124846491548651e-02	   3.5824037101675221e-01	   1.8430543023619533e-01	   2.8170200762779884e-01	   9.9694559818088481e-03	   1.6774029570765042e-01	   7.8972515873582075e-02	   1.8776235172385691e-01	   3.6084158732353579e-02	   1.8678632658813543e-01	   6.3331376530611239e-01	   4.5715773083618760e-01	   1.9211774397907216e-01	   1.5085834913206148e-01	  -1.4952706108580372e-02	  -1.2227816129272800e-01	
   4.0906128155480448e-01	   3.2292378552835160e-01	   9.0242628209801246e-01	   9.5991913879793500e-01	   0.0000000000000000e+00	   1.1577830770980115e+00	   7.7849224598172828e-01	   5.6205733153169302e-01	   1.1988819628410128e+00	   6.1754957567737334e-01	   5.5451802502577741e-01	   2.4988436426188412e-01	   6.8567379921677363e-01	   4.5040085467895652e-01	   9.5933377861483848e-01	   4.4530597185288395e-01	   4.2833235004040299e-01	   2.8072185334560185e-01	   8.2306456254068072e-01	   5.4014451402846775e-01	   3.4149355574703383e-01	   2.7399438737184006e-01	   6.9502071700238033e-01	   7.7001161291858000e-01	   1.0277622945396090e+00	   8.3747866845217089e-01	   7.8830955782692946e-01	   8.7509438568162434e-01	   4.6794089509584924e-01	   1.6948650333662491e-01	   6.2237271547599726e-01	   4.0460743376957153e-01	   5.9777069351590595e-01	   5.6080279687265799e-01	   5.0261502414714898e-01	   4.1480636131295839e-01	   2.3951243108571929e-01	   2.1488595002148142e-01	   5.8121217719535800e-01	   4.5362221004078962e-01	   2.3870930003691099e-01	   3.6110853198561343e-01	   2.1765412227168354e-01	   1.5793019055773322e-01	   4.4949784338573821e-02	  -2.6673357733714570e-02	   2.0432676094800112e-01	   1.4747416109602812e-01	  -4.8674015997733425e-02	  -3.8857009570178486e-02	   2.8598880595934723e-01	   1.5755092937938989e-01	   1.3923444577874122e-01	  -1.0574081356822473e-02	   4.4332140003976678e-01	   4.1605743493182745e-01	   3.1856975874334054e-01	   3.5100582905585820e-01	   5.8173351252823169e-01	   5.0094018528287387e-01	   4.6887594960113976e-01	   3.0521158274112892e-01	   6.5593740257185729e-01	   3.6340739460802318e-01	   7.2874001421230927e-01	   6.1087677445453192e-01	   5.8945957537540206e-01	   4.0540130008056691e-01	   4.4384876190185285e-01	   5.4442383143273909e-01	   9.1448227420072484e-02	  -5.3709592231287418e-03	   3.1608992077451059e-01	   1.0957904152676533e-01	   2.3494627825645661e-01	   2.0762458105367498e-01	  -3.7258130797716817e-02	  -1.0401660899386306e-01	   4.1145926381407227e-01	   1.0715823633596273e-01	   5.6721661342433016e-01	   4.7021261578464646e-01	   8.3006800134802383e-01	   5.2141981353953071e-01	   1.0428012590640172e+00	   8.8557233685947101e-01	   5.8185113570152847e-01	   7.0671578390601619e-01	   7.9304202183821904e-01	   8.9560646693635471e-01	   2.1945901370529888e-01	   3.2768912332751143e-01	   3.1617840940007808e-01	   3.2031246175692052e-01	   1.1386841614280521e-01	   3.3484880370505060e-01	   3.5563413909420094e-01	   5.0784683938014152e-01	   3.1257792991423355e-01	   4.4637243574466379e-01	   1.6468693340204038e-01	   4.9577296245880165e-01	   2.2064566862330665e-01	   3.0882886948992272e-01	   8.9783599336807116e-02	   2.1447446256246455e-01	   1.6945721583484802e-01	   3.7547369039399853e-01	   4.9445866557629267e-02	   9.1273076006257031e-02	   4.8166434597433988e-01	   4.3605116929407256e-01	   2.3900021702568663e-01	   1.8172771303073848e-01	   8.0811542691397065e-02	  -7.7182669240570337e-02	
   2.3204802337194064e-01	   1.8179689076421354e-01	   6.9129036259925192e-01	   1.0317145620861670e+00	   1.1577830770980115e+00	   0.0000000000000000e+00	   7.3040418510680361e-01	   7.8291863470248590e-01	   1.0041678465980486e+00	   9.1351633895272955e-01	   4.0731475404085427e-01	   2.9297475984911753e-01	   4.7132826197985922e-01	   4.9026877696089621e-01	   5.3582689912314907e-01	   4.2868074783351934e-01	   3.2088977724711715e-01	   1.4470147828617252e-01	   5.1879649432793329e-01	   3.1323516409467966e-01	   3.1650255408739103e-01	   2.7779928509177731e-01	   5.9432885539495439e-01	   8.0537032719743140e-01	   1.2232985492412969e+00	   1.3278378793588177e+00	   6.5812058432338749e-01	   9.1019398458082401e-01	   3.6825076163070253e-01	   2.0636823138385141e-01	   6.5538796950085532e-01	   4.9181757139531812e-01	   4.8647709573681230e-01	   5.6291743598670074e-01	   4.8645802913490388e-01	   5.2877790154139470e-01	   2.3018609507885088e-01	   1.9895416702745822e-01	   5.4624563518184588e-01	   4.5139273571018323e-01	   3.0844037611328473e-01	   3.6240467995962328e-01	   3.1779541069886236e-01	   2.6827359601091516e-01	   1.3449661356959425e-01	   7.0691796865515008e-02	   3.1489226343569121e-01	   2.3896816282777811e-01	  -2.2638307024818619e-02	  -4.0654586145002142e-02	   2.9038671831420454e-01	   1.8967583173227079e-01	   2.2583346714271502e-01	   4.8065168056649517e-02	   4.8593535929490567e-01	   4.4189792526612487e-01	   1.9957599177247962e-01	   1.7331171221677519e-01	   5.0111607286257343e-01	   4.5449112540565811e-01	   4.6188073523890749e-01	   4.0876023629325753e-01	   4.7787952265643385e-01	   2.5114087527295498e-01	   5.0593930230314010e-01	   7.2201024180470508e-01	   5.8987572405218147e-01	   5.2192434251623210e-01	   2.7538960052596850e-01	   3.9585690656802547e-01	   9.5425724775211954e-03	   2.8145387701337499e-02	   2.0949706302731552e-01	   7.6952374733536666e-02	   2.1543978122713792e-01	   2.2533798560920884e-01	  -2.3259193964275480e-02	  -3.1349030843050664e-02	   4.2444958816391060e-01	   1.2300805273298916e-01	   5.2216478376978492e-01	   4.7800374883676400e-01	   5.6329543917525915e-01	   4.1306756002512707e-01	   7.4716272724769028e-01	   8.4463115330852512e-01	   5.4124069834508282e-01	   6.1440209124505807e-01	   6.2503624572193273e-01	   7.1918874338883798e-01	   2.5709496965762085e-01	   2.4910154837117060e-01	   3.7897841487691425e-01	   1.9568050731486192e-01	   1.2412444453829027e-01	   3.1471362617095389e-01	   3.5473978937410605e-01	   4.2386687401845463e-01	   3.3510643320125466e-01	   3.7320763684008762e-01	   2.1505549326452855e-01	   3.5917337303568331e-01	   1.6980713628713406e-01	   1.9966950536870767e-01	   7.2823015170922101e-02	   1.5295593109994471e-01	   6.4312315248646640e-02	   1.9401400274596359e-01	   1.8971502939901189e-02	   6.1039516604881085e-02	   4.1943259509390507e-01	   3.9472150259177713e-01	   2.2412042253913356e-01	   1.4236614371662368e-01	   7.7247656907790466e-02	  -7.8255879852418206e-02	
   1.2608175903478960e-01	   2.3734892562057172e-02	   7.5979590567738620e-01	   7.7520745145471914e-01	   7.7849224598172828e-01	   7.3040418510680361e-01	   0.0000000000000000e+00	   9.2161473541825534e-01	   6.5733769622262794e-01	   5.1442467106925160e-01	   3.9041992827689603e-01	   2.7086089827042792e-01	   6.3548932107870881e-01	   4.3938331284432403e-01	   5.7898507294455326e-01	   4.4520835098456485e-01	   2.3955651633688066e-01	   5.9542623566025604e-02	   5.4040779125349714e-01	   2.7266828822122474e-01	   5.0743788254931377e-01	   5.2185688531957586e-01	   5.3985509365552264e-01	   7.1965302985976287e-01	   7.2003097756671386e-01	   7.7816488102225367e-01	   6.2902611065249658e-01	   5.5957571857552679e-01	   6.2858032724741597e-01	   3.5273033147763039e-01	   7.9160842005042831e-01	   7.0606106866833873e-01	   5.2477949942632929e-01	   6.9189341807017235e-01	   5.7477973800178128e-01	   5.8486532626541743e-01	   3.1678256434692531e-01	   2.4329831945013569e-01	   5.1004465999495230e-01	   4.2315771381782308e-01	   3.4033167221049648e-01	   4.2619999525791075e-01	   4.2172128042480439e-01	   4.2173893152289915e-01	   2.6197541478563280e-01	   1.7256410135341993e-01	   3.7172248243106348e-01	   3.0914823915048767e-01	   2.8031907530569174e-02	   3.2043731651125493e-02	   4.0172047245393999e-01	   3.3763933370515609e-01	   3.4385192312243845e-01	   1.5106758722783226e-01	   5.0619120560364883e-01	   5.1239283283022896e-01	   4.6867079181833894e-02	   4.8531013659578681e-02	   6.1760767975143094e-01	   5.4511736338319172e-01	   4.4858355751184747e-01	   3.9733664496078103e-01	   4.3348563475347945e-01	   3.5781272472526110e-01	   3.9853015323890922e-01	   5.8106706079267822e-01	   1.0700482699504210e+00	   8.6464160974076532e-01	   1.8097299673610509e-01	   4.3427380201126486e-01	   3.5203750105869791e-01	   2.3782712558658692e-01	   5.6622391207791445e-01	   1.3888265415728077e-01	   4.8852455818329837e-01	   3.7277469436643412e-01	   1.6574473270690912e-01	   1.5754801520404452e-01	   2.4021120223455214e-01	   7.4548793643677114e-02	   4.6698605468557830e-01	   4.4725162690704678e-01	   7.3035828841870731e-01	   6.0079956841704452e-01	   6.4414800994793675e-01	   7.9867601375613750e-01	   5.7736610956094880e-01	   7.1241530775096251e-01	   5.5815077211463160e-01	   7.5880696479119758e-01	   5.0337803386071822e-01	   5.1836634425104022e-01	   5.6680717518608370e-01	   4.2189826617661041e-01	   1.6888896487990901e-01	   2.5770455201276143e-01	   3.7017826313267987e-01	   4.3349171984437512e-01	   6.0345131209959280e-01	   5.7771604434441304e-01	   3.9385989951768935e-01	   6.7921626509434496e-01	   3.9318459235270820e-01	   4.8543126670254977e-01	   2.7858921822799460e-01	   4.2128709313904256e-01	   3.0834116218847829e-01	   4.4086668088022218e-01	   2.0859814045678390e-01	   1.7528857061298542e-01	   5.1896225899345738e-01	   5.1625035995330892e-01	   4.6132755003923059e-01	   4.1683633045272150e-01	   3.5184408768391351e-01	  -1.7427192357011026e-02	
  -1.1936212622266172e-01	  -1.1736882057379641e-01	   2.2004990613678527e-01	   5.7161340808151628e-01	   5.6205733153169302e-01	   7.8291863470248590e-01	   9.2161473541825534e-01	   0.0000000000000000e+00	   6.9280963360187764e-01	   1.1043295661689474e+00	   2.6200929109414817e-01	   6.0949220076381616e-01	   4.4032484631264512e-01	   8.6489944239447958e-01	   3.0407383866768156e-01	   8.0352424457315863e-01	   1.2759009544067018e-01	   7.6387092533416572e-03	   1.6477832295211223e-01	   2.6442135111112781e-02	   3.4463958342122569e-01	   3.9896815400818603e-01	   2.7798715253093015e-01	   7.7365850436998440e-01	   3.8443932364469302e-01	   7.3227255355415966e-01	   2.0139204159851667e-01	   3.3705179161608628e-01	   6.1556799219446134e-01	   6.9381091313895304e-01	   6.3912346429622657e-01	   7.9591539911469800e-01	   2.1861333132178695e-01	   5.2024900049428602e-01	   1.8367227041549922e-01	   2.5205037256936091e-01	   1.7252509693446494e-01	   2.6011237775955565e-01	   2.8283452986861912e-01	   3.1172190300061853e-01	   3.3353392281134531e-01	   4.2426144217460493e-01	   2.1276700299183771e-01	   1.5171650180699464e-01	   1.2277634017086481e-01	   4.8717812155368134e-02	   2.3209037458193044e-01	   1.1314712755931638e-01	  -4.3188314377999075e-02	  -9.0656241116966768e-02	   1.8646486859957329e-01	   2.0776100529699384e-01	   3.6385582489729018e-01	   1.4065696870926045e-01	   3.3967972392234408e-01	   3.5168802908051217e-01	  -1.0230860022938250e-01	  -1.3494173713713820e-01	   4.2305228870370698e-01	   4.7353162108191693e-01	   4.7749987704107721e-01	   8.9364663719204429e-01	   2.8012794676754105e-01	   4.4917182132670463e-01	   1.5768982414343868e-01	   6.1092651545712950e-01	   5.0951232642353184e-01	   5.5100524011009500e-01	  -7.4374514010606060e-02	   1.7100475527567283e-01	   1.9704993785708158e-01	   3.9402921984372014e-01	   3.6679768893517245e-01	   2.8609067330381005e-01	   3.0802011186363693e-01	   4.0993796224071144e-01	   1.0959782653532237e-01	   2.1890784714409592e-01	   2.2512055026269309e-01	  -2.0471276987025579e-02	   4.2093542547380602e-01	   3.9681882695730730e-01	   3.9967074886511128e-01	   7.0046005752365526e-01	   3.5719337734776668e-01	   5.4027600842821988e-01	   2.2335967604979320e-01	   4.7389936628638701e-01	   3.5812492363952547e-01	   4.8678363181598938e-01	   5.9996102148434494e-01	   2.9148326335602415e-01	   6.1083245899436400e-01	   1.2827181972723681e-01	   7.0387936474242338e-02	   1.8861451586127329e-01	   2.1595644652821713e-01	   2.0023291527753714e-01	   5.0861185875978188e-01	   3.2538812472734668e-01	   4.8304192319459316e-01	   3.3738875260541351e-01	   2.4388471667367390e-01	   2.2135370840804025e-01	   1.7272120836035776e-01	   1.5833321337312797e-01	   1.5181378154809011e-01	   2.1422160826044614e-01	   1.1382099809199615e-01	   4.9741346275182528e-02	   2.8551164661519129e-01	   3.8749414111494690e-01	   4.5594410271123825e-01	   2.4729663259057816e-01	   2.7102363073319630e-01	   3.7781261660534984e-02	
   2.1730021362379209e-01	   1.2067132606099247e-01	   5.6023085247358573e-01	   6.6240131968860494e-01	   1.1988819628410128e+00	   1.0041678465980486e+00	   6.5733769622262794e-01	   6.9280963360187764e-01	   0.0000000000000000e+00	   9.7335327098505864e-01	   5.4924493781091321e-01	   3.9899453250601885e-01	   7.1495734350648665e-01	   5.8474778282704909e-01	   6.6422419082687911e-01	   5.1204943309525730e-01	   2.7517314380061142e-01	   1.6791796365631459e-01	   4.2238619214023815e-01	   2.5431462901357688e-01	   2.2689297769025302e-01	   2.0570796622844256e-01	   4.7850040381322517e-01	   7.0990715694685447e-01	   6.9421013860294956e-01	   7.1111765810427752e-01	   3.9502778770049629e-01	   5.5521449257753763e-01	   3.7676033118649088e-01	   2.1370118833871851e-01	   4.2632941227617516e-01	   3.7881236021242881e-01	   2.6296017359413293e-01	   3.4172625928978734e-01	   3.0530112343681642e-01	   2.6912783571794385e-01	   1.2972193640463078e-01	   2.0481804344917262e-01	   3.4572582131495816e-01	   2.9924303609415259e-01	   2.0256325146830545e-01	   2.6551419129828391e-01	   9.4510096274107044e-02	   8.9038965158483672e-03	  -4.2236129244383705e-02	  -6.0786200850333288e-02	   8.0079306837332151e-02	   3.6988109973865209e-02	  -6.9645694643670264e-02	  -5.6686242677710233e-02	   2.0287770911452307e-01	   1.2205193560474777e-01	   1.9182066348881860e-01	   4.2265880779536052e-02	   2.8137747262451973e-01	   2.9448918367284010e-01	   9.8971527222906336e-02	   1.3718687397020651e-01	   4.6683454997800250e-01	   3.8748636705390505e-01	   5.3856543932204881e-01	   5.3759747402507330e-01	   4.2394789517200926e-01	   3.3977742356379265e-01	   6.5095148739276365e-01	   6.9618675468093649e-01	   3.7334552769430790e-01	   2.6375707598660586e-01	   1.8007423452680266e-01	   2.7435219982043679e-01	   1.1472871049309426e-01	   1.0721062005186810e-01	   2.3800466244613688e-01	   1.7297105989514550e-01	   1.9337857584234824e-01	   2.2272860438352282e-01	  -1.1076614992026090e-02	   8.7946465241067959e-03	   2.4721089305908933e-01	   6.4634945551502496e-02	   3.8078583597881438e-01	   3.4961677661800122e-01	   4.7510700952067664e-01	   4.0931242285621422e-01	   5.7502084161143818e-01	   5.5968572992298793e-01	   3.3597600581055553e-01	   4.3264163120405658e-01	   5.3871002352201680e-01	   6.1116480757928482e-01	   2.6606714677876914e-01	   2.4601422543082446e-01	   3.6500070522219696e-01	   2.3851541984595381e-01	   4.8671197664891655e-02	   2.1154465214675672e-01	   1.7373843243270284e-01	   2.8942563755110801e-01	   2.5199588566028086e-01	   3.1241125503774514e-01	   2.7244350577997389e-01	   4.2217950259365794e-01	   1.5729055044448773e-01	   1.2898497826698646e-01	   8.6495871538999305e-02	   1.3903379807922991e-01	   3.7748988272735581e-02	   2.4270307268601987e-01	  -1.2803553456632163e-02	   3.9796371511843724e-02	   2.4778022719736145e-01	   3.0489414371249313e-01	   2.2471231105086745e-01	   1.1693706601273449e-01	   1.1554473692154776e-01	  -3.6346611818308970e-02	
  -7.0941702579004062e-02	  -1.1062326054822041e-01	   1.6732702975306532e-01	   4.0625406940621878e-01	   6.1754957567737334e-01	   9.1351633895272955e-01	   5.1442467106925160e-01	   1.1043295661689474e+00	   9.7335327098505864e-01	   0.0000000000000000e+00	   4.2043188055665892e-01	   6.6093109441655573e-01	   5.3737093913646594e-01	   9.2930852048706591e-01	   3.5777005705953335e-01	   8.4208015277607107e-01	   1.5059397329020258e-01	   7.0776080859508636e-02	   1.0395625865299259e-01	  -2.8195231395452956e-02	   2.0391676994410332e-01	   1.8917189014183072e-01	   2.7872149013307579e-01	   6.6453774660524623e-01	   4.0490486205591697e-01	   6.5534921340447738e-01	   1.7136687981054780e-01	   3.2645511900618857e-01	   4.6366475254072625e-01	   4.9449673835095953e-01	   4.3999071992204614e-01	   5.1134737044160516e-01	   9.9214279387022861e-02	   2.8952708425169665e-01	   1.0866884389978072e-01	   1.6069727340156881e-01	   9.4063696091866683e-02	   2.1829909211409812e-01	   1.7397441438792269e-01	   1.9262010031924448e-01	   2.9230891718477831e-01	   2.8269043054601006e-01	   6.1691706314683473e-02	  -3.1907433880588851e-02	  -6.4320794658069058e-02	  -8.3137480261855246e-02	   6.8139357964024469e-02	  -3.0695556427514363e-02	  -8.9501784908534693e-02	  -1.2020000407334978e-01	   1.3790534933956558e-01	   1.1726374639037615e-01	   2.8469189499250880e-01	   9.3138572460762417e-02	   2.0581063939185196e-01	   2.1861859185034999e-01	  -1.0296038625279105e-01	  -1.2484017899545574e-01	   3.7264973000642110e-01	   3.6660088354371761e-01	   5.5447427814869288e-01	   9.0723480814716440e-01	   2.7550113357235501e-01	   3.5122485332739700e-01	   2.7781905196254059e-01	   6.6053984186873216e-01	   2.6485291166383346e-01	   2.7608699844348294e-01	  -1.1369555886271683e-01	   6.4581890554286231e-02	   1.3676220163145306e-01	   2.5105767201244128e-01	   2.5078929114128234e-01	   2.7775070618916553e-01	   1.6452841388951889e-01	   2.4994242352379509e-01	   8.3698193066989196e-02	   1.8207710546906639e-01	   2.3147922984801544e-01	   2.0498928584309829e-02	   3.7142250777346941e-01	   3.6737195642485304e-01	   2.8690966610864727e-01	   5.0685243130528757e-01	   2.8657541562564920e-01	   3.4340524736533595e-01	   1.4506339843471283e-01	   3.3691567149469082e-01	   3.6568411351282987e-01	   4.0512304182563519e-01	   4.2327451061036603e-01	   1.8141120344662340e-01	   4.6890835379287588e-01	   8.2473705284773227e-02	  -2.9529589340751495e-02	   1.0740577567573657e-01	   2.9351145186814552e-02	   8.7983352371442766e-02	   2.2022984011566496e-01	   1.6745831721766791e-01	   3.8089464762049746e-01	   3.1564861944874961e-01	   1.0766562291171838e-01	   5.1329327607960287e-02	   9.5401560839839555e-02	   2.0990659994826234e-02	   6.0319654228889342e-03	   4.7838751793151293e-02	  -5.0039335168634881e-02	  -7.8951500497679905e-02	   6.6981770038262847e-02	   1.8992241959709469e-01	   2.8568780258164744e-01	   8.4237812893881728e-02	   1.6735021096794575e-01	   3.9458825768901078e-02	
   6.1849981106492014e-01	   3.7642653891326150e-01	   4.3723310490591832e-01	   3.0226629177042869e-01	   5.5451802502577741e-01	   4.0731475404085427e-01	   3.9041992827689603e-01	   2.6200929109414817e-01	   5.4924493781091321e-01	   4.2043188055665892e-01	   0.0000000000000000e+00	   7.8798957273124703e-01	   9.9013572601556876e-01	   5.5647081633934925e-01	   8.4105146739785164e-01	   5.4102542848716850e-01	   7.5221570005898719e-01	   6.5802494820354784e-01	   5.8702370549623828e-01	   5.3770279024674539e-01	   8.7679187257247812e-02	   1.0739337614269491e-01	   2.7614143794931634e-01	   2.3481675083790465e-01	   2.7918236966167326e-01	   2.0321973080086311e-01	   3.4797279714780027e-01	   3.8612770088149939e-01	   7.4547186642515029e-01	   4.4790805135007605e-01	   2.1893087246258899e-01	   1.1486220861228541e-01	   4.6319405125562335e-01	   3.5739495430042134e-01	   8.1174964008571868e-02	   3.9731411105533257e-02	   7.3705402941708548e-02	   3.0863466175040762e-02	   2.0072161736426891e-01	   1.8083394519006232e-01	   2.5107594685941764e-01	   1.8579405407696034e-01	   2.2843851344446420e-01	   1.2817212459815816e-01	  -2.8577642657204149e-03	   1.4355031371345072e-02	   1.4984566478082023e-01	   1.3181477143651457e-01	   1.1610774654162700e-01	   1.2019800608912790e-01	   3.1352298342041940e-01	   2.6488395739143150e-01	   6.5922232133046349e-02	   6.3587498936171633e-02	   3.3748917012973378e-01	   2.9823831373936216e-01	   3.7711177928344974e-01	   4.2924087567300639e-01	   7.0586494456729520e-01	   6.3464832906895408e-01	   8.0130250561860494e-01	   4.1855554270691442e-01	   9.1951288395668440e-01	   6.9804762392034980e-01	   4.6015524979485872e-01	   3.6512666037005387e-01	   3.1187988381308296e-01	   2.4225086868236134e-01	   4.1331507443469173e-01	   4.6137959457181704e-01	   2.0476480405597131e-01	  -5.5257618900165055e-02	   4.2795679654866514e-01	   4.0091257529930602e-01	   2.9110886551873805e-01	   2.1327938282623485e-01	   1.1983236396733685e-01	   1.4116774130587334e-01	   3.9548562600559206e-01	   3.3174274292557715e-01	   6.3223810510075906e-01	   6.2847257626253128e-01	   5.6557652291208893e-01	   5.3013881105252048e-01	   5.9694480666614558e-01	   4.5558534777199483e-01	   2.7689257776853565e-01	   3.5502551425792894e-01	   7.0402914875022327e-01	   6.6705001312877066e-01	   2.7398541646847147e-02	   3.8666630544256932e-02	   6.3919756043141540e-02	  -3.7533896810453382e-02	  -4.1024814946832404e-02	  -8.2865471124036041e-02	   1.3592057473956915e-02	   9.3626407561852129e-02	   1.4191749058449962e-01	   2.4305327657546896e-01	   1.1550503452377983e-01	   3.4716902826548574e-01	   1.4482107618220202e-01	   1.7244101830561959e-01	   4.5684121066028760e-02	   1.3648989143766952e-02	   4.9212270833506280e-02	   1.1899572480628191e-01	  -3.8620327006175424e-02	   1.2775178364780570e-02	   3.5161744477810744e-02	   2.3123102376469012e-01	   1.9641795004847606e-01	   9.5379469683910367e-02	   3.0469118791180121e-02	  -2.7694210994192747e-01	
   1.1350487772056139e-01	   8.2703568142501668e-02	  -5.9174259843266422e-02	   4.6569268764891404e-02	   2.4988436426188412e-01	   2.9297475984911753e-01	   2.7086089827042792e-01	   6.0949220076381616e-01	   3.9899453250601885e-01	   6.6093109441655573e-01	   7.8798957273124703e-01	   0.0000000000000000e+00	   6.8139658379555634e-01	   1.1235099336195780e+00	   3.9705920483277296e-01	   1.0113789033607425e+00	   3.6294906318196463e-01	   3.3074684833507290e-01	   1.0840304894205108e-01	   1.5556873103039889e-01	   1.3324645915462016e-01	   2.2531545885481899e-01	   5.2478487847267608e-02	   2.7657529912103995e-01	   5.9439251667290924e-03	   1.7869381751456684e-01	   7.2676112662323128e-02	   1.8378838816997589e-01	   7.6516663658001294e-01	   9.4944581724833210e-01	   2.2990092015326813e-01	   3.0221311015830549e-01	   2.1120391798291988e-01	   3.2988259002707171e-01	  -1.7822058103163008e-01	  -1.7091641395666440e-01	   1.5084463602972339e-01	   2.0680196174923063e-01	   1.0558952543970873e-01	   1.8992915649442499e-01	   3.2485508011636616e-01	   3.9096079166609754e-01	   1.7565343879154016e-01	   8.7890535607961312e-02	   4.2541641728235408e-02	   6.4183842479240180e-02	   2.0078018590807323e-01	   1.2518696107176142e-01	   1.6294135840151022e-01	   1.5422590810545522e-01	   2.6650115521045858e-01	   3.9934136759697558e-01	   3.1388278926223967e-01	   2.4836934626341839e-01	   3.2711544724403485e-01	   3.2812204922325927e-01	   8.1204808436676865e-02	   4.9785432485785257e-02	   5.1541355827591140e-01	   6.0365997170587371e-01	   7.7721585499037360e-01	   1.0562418041799582e+00	   5.3400504129354187e-01	   8.7229558852090650e-01	   6.8043381081792096e-03	   2.8997233955829371e-01	   1.2369491880068874e-01	   1.9194893800412355e-01	   6.6643762398639658e-02	   2.0258949365275866e-01	   1.2320183666510545e-01	   2.2351162789500018e-01	   3.6289637702372918e-01	   4.6056402653880446e-01	   3.4017891540402523e-01	   4.0885421899228641e-01	   1.3638372313855099e-01	   2.3339458547312553e-01	   3.3846245476494202e-01	   1.5955931667706705e-01	   6.1508421063787755e-01	   5.9393733138271632e-01	   3.5629971523448739e-01	   8.0305832045638692e-01	   2.6904120173783586e-01	   3.1445259522694485e-01	   1.2346398715817135e-01	   2.8853581941781681e-01	   4.6436075714264285e-01	   4.6302996656959633e-01	   2.4078763016593804e-01	  -3.4940096111483097e-02	   1.8663165705184009e-01	  -2.3141395956917543e-01	   3.2546416932110793e-02	   2.1999497415422047e-02	   1.7077307870059354e-02	   7.5145365940143205e-02	   2.4659523065538499e-01	   1.2880796848911896e-01	   3.2290863802268671e-01	   1.4558802772264320e-01	   1.0372714727996063e-01	   1.1498752718159970e-01	   1.0983114696607392e-01	  -5.0712315651867228e-02	   1.0448443874739895e-01	   7.7591064658979803e-02	   3.8292385752170609e-02	   5.2089311132024835e-02	  -2.2035298164255583e-02	   1.1250845431233811e-01	   1.5130825032813930e-01	   5.2282699390897525e-02	   1.3145658691334888e-01	  -1.3375125573152469e-01	
   2.7493059726881858e-01	   1.7382382857645662e-01	   5.6095983072007982e-01	   3.8916091600891273e-01	   6.8567379921677363e-01	   4.7132826197985922e-01	   6.3548932107870881e-01	   4.4032484631264512e-01	   7.1495734350648665e-01	   5.3737093913646594e-01	   9.9013572601556876e-01	   6.8139658379555634e-01	   0.0000000000000000e+00	   6.5755045508275878e-01	   1.0723842913532322e+00	   7.0846310517883171e-01	   3.5458016464355696e-01	   2.5150776840613531e-01	   5.0857524667456977e-01	   3.4241808984538435e-01	   2.4420369715790763e-01	   2.8257404643642359e-01	   4.4023499496620788e-01	   4.7040876135226406e-01	   2.9761394478274722e-01	   2.6006056848015030e-01	   4.6968310553612252e-01	   4.5328530728631056e-01	   6.1364422365337712e-01	   3.4152971287736256e-01	   3.2114890747160574e-01	   2.3634423429341983e-01	   4.5353414398427405e-01	   4.0536333385106821e-01	   2.2411476491854943e-01	   1.2923284343647695e-01	   1.7832917709479104e-01	   1.3292899404163228e-01	   2.6994355859066060e-01	   2.4101191877789491e-01	   2.4849537193569204e-01	   3.8728576867904885e-01	   1.9807060305578891e-01	   1.4233383716884065e-01	  -6.1248679557140161e-02	  -6.6386711038847857e-02	   2.1387783963021167e-01	   1.4697295252000994e-01	  -3.8659731925381239e-03	   5.2143042527212101e-02	   3.4135950169283341e-01	   3.1945250491058752e-01	   1.8753498388197457e-01	   6.1374217915842084e-02	   3.7312051432511190e-01	   3.6960662265234601e-01	   1.7474983678507636e-01	   1.8908905471414522e-01	   7.8391765747081077e-01	   5.9920854310686522e-01	   9.0779265782456575e-01	   5.6220027750787049e-01	   7.2579690795420382e-01	   6.4015717687908114e-01	   5.8393325707356680e-01	   4.7587705404149711e-01	   4.5295493022813621e-01	   3.2468366277474170e-01	   2.2986976790614333e-01	   3.3167256644450832e-01	   2.1667633046325463e-01	   8.1908316079083124e-02	   4.9686761097228260e-01	   2.0769610098445448e-01	   4.9618330033004387e-01	   4.8256412016265871e-01	   5.3074474469718476e-02	   4.9248623576615004e-02	   2.0402144769068356e-01	   2.3352508172735001e-02	   5.0755366442433469e-01	   4.4153016179778870e-01	   7.0910647463421683e-01	   7.3124193032079787e-01	   6.7582889098531207e-01	   5.8107583209206259e-01	   4.0728272461285114e-01	   4.9241283224520110e-01	   8.2479727939617986e-01	   8.2942398932208961e-01	   2.3807037247875176e-01	   2.2697985289062619e-01	   2.7252440184115245e-01	   2.0320883653373478e-01	   2.0614359828525392e-01	   4.9887997642230647e-02	   2.3447879978656588e-01	   2.6942282461194683e-01	   3.1949441435577280e-01	   3.0430814622719909e-01	   2.3214302409276072e-01	   6.3037496622347233e-01	   1.3860016563580055e-01	   3.6005459282222763e-01	   1.0171256441552085e-01	   1.2275820873137297e-01	   1.4143593052947587e-01	   1.7670681737512894e-01	   1.6525517957537883e-01	   2.4446772975603359e-01	   2.6100482277710430e-01	   2.5971144860952622e-01	   2.2388896572938857e-01	   1.4022951758496371e-01	   1.9074291293626741e-01	  -1.3536989265111854e-01	
