   0.0000000000000000e+00	   1.3562915717641371e+00	   9.6253467802200543e-01	   1.1380618399101263e+00	   7.8288042689660342e-01	   7.8019794110842566e-01	   1.0191644777789475e+00	   1.0484902352444243e+00	   9.4043999898270902e-01	   1.0060192462489661e+00	   1.0379307611315949e+00	   1.0876000890131341e+00	   9.4240209031431033e-01	   1.0124733367535230e+00	   9.5241069311075821e-01	   1.2726471015995426e+00	   1.2596651054013570e+00	   8.4028838565179864e-01	   1.4179873549029147e+00	   1.4335778950223770e+00	   6.8604433998306047e-01	   6.4056993665981588e-01	   8.2671566277296071e-01	   8.9436874062113225e-01	   6.6787552116808868e-01	   6.8088439127213907e-01	   6.2169050836012552e-01	   5.4115142235915803e-01	   9.9243024335142682e-01	   1.0844708752418388e+00	   9.5003911577718747e-01	   1.0343936858890366e+00	   9.2985751395594574e-01	   1.0135729464262788e+00	   3.4873799914934461e-01	   4.0496800066493899e-01	   5.2171646377487058e-01	   6.9190143536373983e-01	   6.7037902123940607e-01	   7.0398292489954228e-01	   7.3231166034497730e-01	   6.1469431641476591e-01	   7.2359244809732837e-01	   8.7328946871669433e-01	   6.1399114039150138e-01	   8.4370099080927086e-01	   8.7301248958718702e-01	   8.8725203017363419e-01	   8.7116986499957294e-01	   8.8545761801251399e-01	   9.7850095830854056e-01	   8.2831878925389035e-01	   9.7410143064070365e-01	   8.1940783319780675e-01	   9.4828275620655211e-01	   8.8280909535405061e-01	   1.4816521410410832e+00	   1.3211657030211978e+00	   1.3033458631336985e+00	   1.0320824027135822e+00	   1.2086045990534497e+00	   9.1393496489624448e-01	   8.9600050927577446e-01	   9.2148685707691724e-01	   5.4075729722300969e-01	   6.1052144072270154e-01	   7.0125864510204550e-01	   6.7335497295730373e-01	   1.2663592147133962e+00	   1.2561563698413507e+00	   8.8536384350345643e-01	   9.1780135530826457e-01	   1.1709979856645918e+00	   1.2639841816901594e+00	   1.1613024792681110e+00	   1.0749356274296156e+00	   1.0419218817650224e+00	   1.0273573765017949e+00	   1.2673449890095849e+00	   1.1587251668100178e+00	   1.2498176838207873e+00	   1.0868639292711066e+00	   9.5991585615299002e-01	   1.0196772250889110e+00	   9.6536182275308946e-01	   9.5309276388735498e-01	   6.0375642119514783e-01	   5.7275521365429460e-01	   9.8002167953670316e-01	   9.9326346309942704e-01	   7.1511306367284644e-01	   5.8661667413492768e-01	   7.3959716961390920e-01	   5.5956641222760062e-01	   4.5665904717621869e-01	   7.7343152232937262e-01	   7.4447851072631555e-01	   1.1271392792007977e+00	   9.7180716641235854e-01	   1.1348004926433322e+00	   6.7913028363137229e-01	   8.2382247154454524e-01	   7.6604811415115559e-01	   1.0964237264242784e+00	   4.0204149132273548e-01	   5.6848960870231413e-01	   2.0343199894103961e-01	   5.1030507351727272e-01	   2.8464930487933515e-01	   5.7382920594126696e-01	   5.0611215493552930e-01	   7.1019366075013546e-01	   9.3739788519236211e-01	   1.0117334216892946e+00	   8.2527540050436721e-01	  -1.6400999770818228e-02	
   1.3562915717641371e+00	   0.0000000000000000e+00	   7.6049565524770524e-01	   1.0130740732348118e+00	   7.5314883821648149e-01	   7.5683091122096924e-01	   7.8557303220194785e-01	   9.4773732470727023e-01	   7.2156095992391123e-01	   8.6315022499774063e-01	   7.8291337859873655e-01	   1.0199734768366118e+00	   6.9042551238807037e-01	   9.1605113386053705e-01	   6.2807276091999198e-01	   1.0086908568949635e+00	   9.4737451829672858e-01	   6.4927310731481136e-01	   1.0590413462543318e+00	   1.2474702213177693e+00	   8.0084485679835504e-01	   7.6762561052849143e-01	   6.3612500154483587e-01	   7.5525357421019035e-01	   7.4199980106385266e-01	   7.2893956144209782e-01	   6.4122529982160836e-01	   5.7799611810378815e-01	   7.5617480549895877e-01	   8.4271598521248414e-01	   8.6969004011880846e-01	   8.8452402181377310e-01	   7.3946874938921803e-01	   8.7926431138547356e-01	   3.7139582641057844e-01	   4.5660565289766553e-01	   5.0421913165590349e-01	   7.5811763936817900e-01	   5.6012808136294401e-01	   6.5027374831732965e-01	   6.5064464940142908e-01	   6.5932780791418810e-01	   5.9209602320949062e-01	   7.5726380189502296e-01	   5.2756150485213094e-01	   7.7367783541673174e-01	   7.9084615627943755e-01	   8.2673946108915508e-01	   8.5231208986436968e-01	   1.0474707525882720e+00	   9.3055343850784422e-01	   8.9609098911548402e-01	   9.1586615153479645e-01	   8.0637351367242338e-01	   8.3361318179003485e-01	   8.6635614988616871e-01	   1.3194458032195138e+00	   1.2900035763657998e+00	   1.0600451712080121e+00	   1.0703727607262292e+00	   9.1572766507139614e-01	   9.3403436754626523e-01	   5.7006455696735092e-01	   7.2070628982001073e-01	   4.7110309320811905e-01	   5.9434621246410968e-01	   6.3912534355852268e-01	   6.1512984722062358e-01	   1.1726268147040597e+00	   1.2952153485744471e+00	   9.2779490063330983e-01	   9.5318802723520824e-01	   1.1488426454588905e+00	   1.3401933125038061e+00	   1.1239326889022809e+00	   1.2254454070131513e+00	   8.2607024628360026e-01	   9.8800845221883926e-01	   1.0093140513206413e+00	   9.5628901508007458e-01	   9.3435004703807256e-01	   9.1035837663648222e-01	   6.9192483323182530e-01	   8.8034335107708539e-01	   7.5878046662776200e-01	   8.1095109356527484e-01	   4.2360576914716902e-01	   4.8541456696951002e-01	   7.1234361417116676e-01	   8.4151353137963325e-01	   6.0600188813999645e-01	   4.8373442646815196e-01	   6.8490169447491811e-01	   4.8096083371898768e-01	   4.5221787734752311e-01	   7.3044852438174024e-01	   7.0069302785262089e-01	   1.0391989761751481e+00	   8.6147963273219674e-01	   9.0615435293217139e-01	   7.6372419698541272e-01	   6.2910814102276591e-01	   8.2561729162453312e-01	   8.2975776700344150e-01	   2.5745011171520443e-01	   4.2839755900165066e-01	   4.7716137302329882e-02	   3.5325306456598143e-01	   2.5224079652508802e-01	   5.6431848507600257e-01	   4.5828410456037794e-01	   6.4153817559200266e-01	   8.4457668646773798e-01	   9.9943570125822623e-01	   7.0251526209260973e-01	  -7.6457109836007717e-02	
   9.6253467802200543e-01	   7.6049565524770524e-01	   0.0000000000000000e+00	   1.3624906734181086e+00	   6.9678905729285268e-01	   5.8872257329621891e-01	   1.6943348878808693e+00	   1.3285266820513721e+00	   9.9887896473594862e-01	   9.4321720089462890e-01	   7.4437834854437246e-01	   8.1990158740623564e-01	   8.2826724418401587e-01	   6.0364174221391909e-01	   9.1355932227271164e-01	   1.0114766100693759e+00	   7.7479721829980608e-01	   5.6384371674879663e-01	   1.1556852809312499e+00	   9.5693846705520236e-01	   5.7380435416896036e-01	   5.1416743015997923e-01	   1.3344475727748140e+00	   1.3926177825673993e+00	   6.6356121948371438e-01	   6.1473376257517742e-01	   4.9312924579879891e-01	   4.8538163138718965e-01	   6.5702559642732472e-01	   7.2072554591359939e-01	   9.9867224207832994e-01	   1.2444443859069683e+00	   1.4720177785889319e+00	   1.3644525969260370e+00	   8.9717039232156437e-01	   8.6068972492408524e-01	   7.4964804870208501e-01	   6.8240526664938650e-01	   9.3383442850620990e-01	   9.2237138293350196e-01	   6.5579374899097365e-01	   6.3789869545016198e-01	   7.7504391479623891e-01	   7.3368383853744545e-01	   7.1616288724954646e-01	   7.6389269187186848e-01	   7.2639410960108308e-01	   7.4452040172602341e-01	   6.9418634407666102e-01	   6.9324609791760228e-01	   1.0530165814951522e+00	   8.8359770231069079e-01	   9.0289516663418545e-01	   9.0000351363975661e-01	   8.5138615096412540e-01	   8.3378364353963563e-01	   7.5884799282462689e-01	   7.2878383996739060e-01	   8.9137901030169442e-01	   7.8923462729749261e-01	   8.5151635551478333e-01	   8.8694466356375434e-01	   4.5118119502155507e-01	   5.0580656717598393e-01	   1.2797121140754186e+00	   1.0276585231664854e+00	   1.4094068969899123e+00	   1.1475229923922918e+00	   1.1097835005921886e+00	   1.0547544277045855e+00	   8.3826314279324876e-01	   9.3368572986606424e-01	   8.7130477949947538e-01	   9.0383587253669229e-01	   1.1226363908953090e+00	   9.2074050381829209e-01	   9.8688425371106370e-01	   1.0069500737401413e+00	   7.9751860236661809e-01	   9.7428500965290765e-01	   9.7695136471044419e-01	   9.0323108945806074e-01	   1.0366774593184553e+00	   9.8420501721140841e-01	   1.1396332269538936e+00	   1.2393132403741565e+00	   8.1943471491425979e-01	   6.9971727276421170e-01	   1.3125797359714702e+00	   1.3125370126511540e+00	   9.2044756658562732e-01	   9.7412728205674204e-01	   1.1080715928318874e+00	   1.0672848923477407e+00	   4.4595501997440812e-01	   8.1097034522616673e-01	   8.6014702656871567e-01	   1.0665417998898326e+00	   7.7873709688574866e-01	   1.0133560794103023e+00	   6.4332926926958722e-01	   9.7661051052266834e-01	   4.7843026193086735e-01	   8.1527940940990862e-01	   4.1921204388649091e-01	   7.3320376690882383e-01	   2.3527951140928693e-01	   5.9107914438884701e-01	   3.6097986137789256e-01	   5.4948485074286479e-01	   7.6250790384255529e-01	   7.7987706066463469e-01	   9.7860550548728720e-01	   7.6934188696275396e-01	   8.1188785084170545e-01	  -2.7682601284527325e-01	
   1.1380618399101263e+00	   1.0130740732348118e+00	   1.3624906734181086e+00	   0.0000000000000000e+00	   8.2039467461460702e-01	   7.9662969833951691e-01	   1.1327705226977622e+00	   1.6526805060880116e+00	   9.9185701287240136e-01	   1.1154698095316915e+00	   7.2434688418759752e-01	   1.0067854074583902e+00	   7.1646659565103121e-01	   7.6005323956084037e-01	   7.2755547628049366e-01	   1.0341523841452727e+00	   8.5425373992417541e-01	   5.8529156803573101e-01	   1.0602346532344213e+00	   9.9342023889386744e-01	   6.8946860550712696e-01	   6.8720030904505847e-01	   9.2197717564164172e-01	   1.2270970192121931e+00	   8.9853488110671753e-01	   8.2590183175854270e-01	   6.9113812292609278e-01	   6.3169367722220227e-01	   6.1020025246187226e-01	   7.1898521775741853e-01	   9.5069919567137573e-01	   1.1727599629283822e+00	   1.1495682205540090e+00	   1.3031682757919645e+00	   7.9260821071161747e-01	   8.8539463551260078e-01	   5.5531146510094709e-01	   6.7766039714962489e-01	   7.8122572743407681e-01	   8.1483702810499647e-01	   6.0371372224219488e-01	   6.0747727613644376e-01	   7.9176605469028727e-01	   8.6711144198582490e-01	   6.5062897425866117e-01	   8.6782572612081166e-01	   7.9119410702461712e-01	   8.0671699199580471e-01	   8.7251885896651982e-01	   9.1244370126660079e-01	   1.1646919786829211e+00	   9.8587202974309684e-01	   8.8988316884139862e-01	   7.9741273309417127e-01	   8.7663898240628413e-01	   8.2846361112166333e-01	   1.0153442228066849e+00	   9.3656437045611274e-01	   1.0489008904125774e+00	   1.0109409332327819e+00	   1.0036314388843171e+00	   1.2449608313800902e+00	   4.7481192901166136e-01	   6.5004060824720455e-01	   9.2573495612288681e-01	   1.2446769173799277e+00	   1.1399225607197698e+00	   1.1248767951009564e+00	   1.1503029111912904e+00	   1.1696778562563028e+00	   8.2924254563767097e-01	   8.4142109958066902e-01	   8.8606015503844482e-01	   1.0003020384457748e+00	   9.7116782000208690e-01	   9.8627742656958850e-01	   8.5017060005561818e-01	   9.9609979055752673e-01	   8.9433410381049128e-01	   1.0160240109607426e+00	   9.5586146745843903e-01	   8.9695101417033873e-01	   8.2475433756528993e-01	   8.8403021002213711e-01	   8.8467055185924892e-01	   1.1098152063089410e+00	   6.7965331905559179e-01	   7.1568203701628386e-01	   1.1417524506424321e+00	   1.2992047896600474e+00	   8.5071751559271469e-01	   6.8713308039999899e-01	   1.1105750031629837e+00	   7.5491018892377160e-01	   3.3937296519192789e-01	   7.1908390242211495e-01	   6.7031488014216789e-01	   1.0158809805231457e+00	   8.0715130426867265e-01	   9.0963026536388825e-01	   8.0405092875517070e-01	   8.2471257815287324e-01	   6.2619623224219323e-01	   8.0999602470822740e-01	   3.2010784707543888e-01	   5.6115794350977033e-01	   1.5889570946532633e-01	   5.2097634896574196e-01	   2.1485589763483232e-01	   3.8534754191476955e-01	   5.0373050714430390e-01	   6.2941627924182975e-01	   9.0250480249629272e-01	   8.4000805005833368e-01	   6.6021677667694412e-01	  -2.8083560225777360e-01	
   7.8288042689660342e-01	   7.5314883821648149e-01	   6.9678905729285268e-01	   8.2039467461460702e-01	   0.0000000000000000e+00	   1.8201022665164599e+00	   8.1492405032672210e-01	   8.8947820354811458e-01	   1.1627776701567094e+00	   1.0226903596316961e+00	   5.8754819605224429e-01	   8.9442355175468502e-01	   7.1250076617910585e-01	   8.1102208598199510e-01	   7.1234990351500160e-01	   9.4293719509993779e-01	   5.4570548512290273e-01	   2.6259679451269297e-01	   6.5255549967066373e-01	   7.0887816973583262e-01	   1.0086579376009444e+00	   8.9656713580500624e-01	   7.7272192788950500e-01	   8.5110931397021372e-01	   1.4691523216042888e+00	   1.5614220454010603e+00	   1.2517826912287440e+00	   1.0361199984765050e+00	   6.5812209993505555e-01	   5.9717413256092633e-01	   1.0515270965849091e+00	   8.8206940794725441e-01	   4.7479899201903580e-01	   5.7354694552549690e-01	   2.5314483331920934e-01	   3.4414397621054399e-01	   2.3320695711407685e-01	   5.3731983717455967e-01	   4.0606565381695292e-01	   4.9863330977132558e-01	   3.6955529094458867e-01	   3.6910908536579001e-01	   6.4037737844437337e-01	   7.4009639094544877e-01	   5.2318931207613883e-01	   6.3065854594935644e-01	   8.2365794509383428e-01	   7.8689190872930903e-01	   8.4529952490384297e-01	   7.9657488363491702e-01	   7.9421944649513487e-01	   6.6537847885685075e-01	   7.1428334389613679e-01	   6.6324814812356248e-01	   6.6758632989345401e-01	   5.8742846638191826e-01	   6.0830464252359606e-01	   5.6107449304237389e-01	   7.6534935493475653e-01	   6.9859304459345406e-01	   8.1527638588517848e-01	   9.1373616912713862e-01	   3.7720084170562929e-01	   5.6587492327015121e-01	   5.9392633009699247e-01	   5.6117024081854228e-01	   5.3500780785518032e-01	   4.7375159558863178e-01	   6.7475203169377007e-01	   6.8817323171348255e-01	   8.3336604029165828e-01	   8.5129677274153082e-01	   8.5351846768370532e-01	   7.6765634098446611e-01	   7.2030151029469625e-01	   8.0524377607084940e-01	   4.5521284758502450e-01	   6.0683206512334698e-01	   6.3440417355981316e-01	   5.6809519874389824e-01	   6.5268003769676886e-01	   6.0467905533722521e-01	   5.1237218398215800e-01	   7.8709285834281728e-01	   7.3902208737065322e-01	   6.5320244368900071e-01	   3.9428722565310148e-01	   6.1516229639037423e-01	   6.3115307007995858e-01	   6.1581771515674388e-01	   6.5618638860692891e-01	   4.8892530851190363e-01	   7.1448730002609928e-01	   5.0729754146098727e-01	   1.1378961878346164e-01	   3.2164114213271400e-01	   3.7333131667654362e-01	   6.8118570228864839e-01	   7.7789544077377659e-01	   7.2785236902051675e-01	   6.2829215580040598e-01	   6.3594103196844565e-01	   7.1996923081278452e-01	   7.5923128370865933e-01	   2.3490146960392616e-01	   3.4396463597274152e-01	   1.5773575736030804e-01	   3.1974119791126066e-01	  -8.9748240733846640e-03	   2.2070144742444511e-01	   2.6256904013342680e-01	   4.9197286069384638e-01	   7.3644711278805652e-01	   8.4233952539902346e-01	   5.0541759504276385e-01	  -1.6222540550375797e-01	
   7.8019794110842566e-01	   7.5683091122096924e-01	   5.8872257329621891e-01	   7.9662969833951691e-01	   1.8201022665164599e+00	   0.0000000000000000e+00	   7.3818003637893892e-01	   9.1668205634643973e-01	   1.0657533790376219e+00	   1.0823482776909252e+00	   5.9479144096552317e-01	   1.0016717197905374e+00	   7.2058217864076757e-01	   9.0755494402321046e-01	   6.9538544044107253e-01	   9.1721150611235858e-01	   4.9532689234381866e-01	   2.4926711066236062e-01	   6.3517985759991247e-01	   7.1675988015695424e-01	   9.9256508445895542e-01	   9.3068093670826912e-01	   6.7516717046872643e-01	   7.7125870078734959e-01	   1.3300527457369247e+00	   1.5333501701023196e+00	   1.2145708885901985e+00	   1.0317836996771925e+00	   6.6226542329352023e-01	   6.1991357423235505e-01	   1.0854722757988076e+00	   8.9454025533921344e-01	   4.4557342900149088e-01	   5.7889523897145811e-01	   1.8184349050822360e-01	   3.2461840792932900e-01	   1.6179918538433957e-01	   5.0483060296351767e-01	   3.4696510741577613e-01	   4.4348593113069446e-01	   3.4759849891771977e-01	   3.5612174628533988e-01	   6.0364847704538382e-01	   7.1751483230376689e-01	   4.9124020584596306e-01	   6.5272802774816407e-01	   8.3338205785301822e-01	   7.8864423353800905e-01	   8.3337183959193173e-01	   8.2563049065553706e-01	   7.5287175887938906e-01	   6.6244587256822862e-01	   7.0886486957899408e-01	   6.3057905312107354e-01	   6.5799957052280766e-01	   5.5875845101036037e-01	   5.9508818154624188e-01	   5.5738566527284261e-01	   7.6044099786153097e-01	   7.0692431634042585e-01	   8.2575779796860138e-01	   9.6322075533456109e-01	   3.9584673473832610e-01	   6.2377796455788193e-01	   4.7109288141767591e-01	   5.0315001798643388e-01	   4.7501548435634178e-01	   4.5769628510522881e-01	   6.2222419628617165e-01	   6.5287154693981675e-01	   8.4424575398622170e-01	   8.1318313433511047e-01	   8.7346679879024114e-01	   7.6297429167420483e-01	   6.8853214786299632e-01	   8.4164301479285686e-01	   4.5640428931626514e-01	   6.2476018541412659e-01	   5.7938330295069362e-01	   5.2817170365630983e-01	   6.2907114324630964e-01	   5.9023271482367035e-01	   4.8202563675203070e-01	   7.9138933144561030e-01	   7.0416184748353150e-01	   6.2489486265696326e-01	   3.5510206689858154e-01	   5.8662317080173620e-01	   5.4792934953951156e-01	   5.4474016106542011e-01	   6.8565279034429794e-01	   4.5708371677213266e-01	   7.0399302307231926e-01	   4.1225149252975724e-01	   1.0446554649885366e-01	   3.1455427033951705e-01	   3.6253498433383302e-01	   6.5586289771720019e-01	   8.1413642947669140e-01	   7.2375530683435629e-01	   6.6594465676402881e-01	   5.8581512515804768e-01	   7.6223629140754390e-01	   7.6519792456031843e-01	   2.4706696697569913e-01	   3.2125915120632492e-01	   1.9430827367746262e-01	   3.2620141640938671e-01	   4.3357300667483788e-03	   2.7217679905991565e-01	   2.6756506160351878e-01	   5.1520981284752254e-01	   7.7343018401801689e-01	   8.9151084838386141e-01	   4.4305789758351127e-01	  -1.8476369538624307e-01	
   1.0191644777789475e+00	   7.8557303220194785e-01	   1.6943348878808693e+00	   1.1327705226977622e+00	   8.1492405032672210e-01	   7.3818003637893892e-01	   0.0000000000000000e+00	   1.4526949941268414e+00	   1.2121593811882052e+00	   1.1181643615812484e+00	   9.3482669034777133e-01	   1.0063615234117456e+00	   1.1571779897864811e+00	   8.1365890929794571e-01	   1.0771504604168554e+00	   1.1274179189547811e+00	   7.9083324221291229e-01	   5.5540089343907684e-01	   1.1723474005228773e+00	   1.0525207276786532e+00	   6.1582311643146226e-01	   5.3778746464849503e-01	   1.2599901913025822e+00	   1.1800002682182260e+00	   6.2984553389729447e-01	   6.3961145289381427e-01	   5.5351754709690970e-01	   5.3766878243099847e-01	   7.9826564723755322e-01	   8.9011398799463182e-01	   1.1284113855443709e+00	   1.2900434342630451e+00	   1.2788109446782141e+00	   1.2734845825908749e+00	   5.9681020215025160e-01	   6.3722603968780789e-01	   5.9934458223463516e-01	   6.5919806258277880e-01	   7.7024900452603440e-01	   8.0076293349482053e-01	   6.4000501165176393e-01	   5.9915852286130256e-01	   7.8260493465556380e-01	   7.8755200110019219e-01	   7.6146566950304917e-01	   8.1811899275729838e-01	   8.1764053674221038e-01	   8.3406609229175399e-01	   7.9983014705631450e-01	   7.2665350124501549e-01	   1.0093170580201276e+00	   8.3810881779775881e-01	   8.9694597786969665e-01	   8.9453559100042923e-01	   8.7301586533055886e-01	   7.9627728361518768e-01	   7.2192389293897186e-01	   7.1340518573747369e-01	   9.7723963384859303e-01	   7.2727186012938905e-01	   1.1010414406925391e+00	   9.8704963745300645e-01	   6.0584066503905554e-01	   6.9893502689036990e-01	   1.0278342271680079e+00	   7.7762024796013796e-01	   1.1163644532608816e+00	   9.3379272491515342e-01	   1.0171913856320600e+00	   1.0777579856498121e+00	   9.2393229898725715e-01	   1.0009090729709136e+00	   1.0045454639091487e+00	   9.6622975373177478e-01	   1.1633336025390144e+00	   9.9340358609430834e-01	   1.0327578798381505e+00	   1.0444132360905249e+00	   8.1153932743555579e-01	   9.4079343296428541e-01	   1.0359149096030895e+00	   9.8581127000861435e-01	   1.0131757309839662e+00	   1.0459691520894807e+00	   1.2591215844339048e+00	   1.2019632081378591e+00	   7.3262580317582660e-01	   6.2240972497512559e-01	   1.1369894425160847e+00	   1.0572409108744625e+00	   9.9731474333544812e-01	   1.0271510823651191e+00	   1.0112114623848059e+00	   9.8368989895268033e-01	   4.5150373732847793e-01	   7.6110722703595346e-01	   8.4744076718031924e-01	   1.0588680791128233e+00	   9.3096344621973814e-01	   1.1339038963683414e+00	   7.0604768762547110e-01	   1.1738948045144013e+00	   5.8525426381603174e-01	   9.5833914069577419e-01	   4.4477160838484614e-01	   7.1138806710540448e-01	   2.8710064700487925e-01	   5.6020665561921978e-01	   3.2980101313498283e-01	   5.9758358492463159e-01	   7.0699164816739335e-01	   8.3613587404296519e-01	   1.1301396707557863e+00	   8.7284428989240936e-01	   8.2983583122378679e-01	  -2.3078920776710948e-01	
   1.0484902352444243e+00	   9.4773732470727023e-01	   1.3285266820513721e+00	   1.6526805060880116e+00	   8.8947820354811458e-01	   9.1668205634643973e-01	   1.4526949941268414e+00	   0.0000000000000000e+00	   1.1611614310619069e+00	   1.4073616980055872e+00	   9.0341194984652629e-01	   1.3142004831261789e+00	   9.5689150274752310e-01	   1.0078476551590647e+00	   8.2642328390231778e-01	   1.1499968825183764e+00	   8.3445774327399613e-01	   5.9873148055243353e-01	   1.0884942164343321e+00	   1.0905242865558418e+00	   6.8901655659292349e-01	   6.8022841352270436e-01	   9.9849619962717318e-01	   1.1828033183804527e+00	   7.7811400885550386e-01	   7.8207089048982259e-01	   6.4263479461029827e-01	   6.1689614410601623e-01	   7.6956762042069604e-01	   8.9749074219643254e-01	   1.1902170737537796e+00	   1.4170994597975513e+00	   1.2105758484388573e+00	   1.4370254153625037e+00	   6.5616959886227755e-01	   8.1551869612405581e-01	   4.4523082534155300e-01	   6.0255109571083365e-01	   6.3730746001778915e-01	   7.2252636346511245e-01	   5.4143799088414180e-01	   5.7402638072808898e-01	   8.4595242736569154e-01	   8.8792230535515759e-01	   7.2000464905295880e-01	   9.0646046709543393e-01	   8.8218566790231612e-01	   8.8621980604624107e-01	   9.0577187015664062e-01	   9.0358910185995678e-01	   1.0667834001861618e+00	   9.4812475888148851e-01	   9.5718097768336285e-01	   8.7753250196084953e-01	   8.7819354742259126e-01	   8.1221237512975086e-01	   9.0559452286651876e-01	   8.5050281693438590e-01	   1.0430617775267876e+00	   9.1152843505726711e-01	   1.1543244738927390e+00	   1.5686247212278763e+00	   5.8213617699617226e-01	   8.4801623280052363e-01	   8.9635944600009798e-01	   9.8620462864113689e-01	   1.1091792807116001e+00	   1.1022024025311754e+00	   9.7769020170101439e-01	   1.1214395625276312e+00	   9.4914341169509076e-01	   9.5287344797861284e-01	   9.8724165030558753e-01	   1.0716655437558333e+00	   1.0405743452460205e+00	   1.1255845400048117e+00	   9.0960429039950796e-01	   1.1464447769139035e+00	   8.6040992871792743e-01	   1.0492335903672816e+00	   1.0455963824770758e+00	   1.0811490622774556e+00	   8.5904225415219149e-01	   1.0271420856722977e+00	   1.0428739968304459e+00	   1.2229877907483702e+00	   6.3482575709772504e-01	   6.2000901119176466e-01	   1.0342844218082246e+00	   1.1314187212708164e+00	   1.0607095589093252e+00	   8.4783668551367852e-01	   1.2195377813660737e+00	   7.9980902033404799e-01	   3.6769831283383864e-01	   7.3461991294578333e-01	   7.1108901703149197e-01	   1.0355298229721410e+00	   9.9406566400881935e-01	   1.0632916878282404e+00	   9.4703567081894890e-01	   9.8277531449289146e-01	   6.9258731934419127e-01	   9.0537441900938109e-01	   2.9983886419838196e-01	   5.3434615164306809e-01	   1.7674762245340170e-01	   4.9815517118508107e-01	   2.4742080313218498e-01	   5.1033830006499392e-01	   5.8069715264636945e-01	   7.5703937121561937e-01	   1.1403448771671902e+00	   9.5232868580505869e-01	   6.8762546687236115e-01	  -3.4748101173640100e-01	
   9.4043999898270902e-01	   7.2156095992391123e-01	   9.9887896473594862e-01	   9.9185701287240136e-01	   1.1627776701567094e+00	   1.0657533790376219e+00	   1.2121593811882052e+00	   1.1611614310619069e+00	   0.0000000000000000e+00	   1.3984303148921675e+00	   8.8157168360436788e-01	   9.9763083032014710e-01	   1.0869891300637917e+00	   9.4635869950180196e-01	   1.1017574390248348e+00	   1.0956912491247470e+00	   7.4240135293258858e-01	   5.3691100420421578e-01	   9.1939350467776326e-01	   8.7019269753792861e-01	   6.2194873865122779e-01	   5.3727801798022101e-01	   1.0055422525340387e+00	   9.6486904049801425e-01	   8.2409299330279873e-01	   8.3630601000043081e-01	   7.3488960842902407e-01	   6.0190486281697009e-01	   7.9140195351283915e-01	   8.3252894823157431e-01	   9.8399094228174611e-01	   1.0154226636466970e+00	   7.3204245354592645e-01	   8.1298347289983419e-01	   3.0922668339203124e-01	   3.9161684368610666e-01	   3.7049560193655495e-01	   5.9335430392304001e-01	   5.8223253852460044e-01	   6.8869877930606216e-01	   5.0492149358147720e-01	   4.9062543272144832e-01	   7.5511176463634044e-01	   8.1155971238759128e-01	   6.6273487133656594e-01	   7.8921280225522017e-01	   9.1239397785840837e-01	   9.2437309934820022e-01	   8.7900451390732481e-01	   8.3679978749497941e-01	   8.3266918623077690e-01	   6.8912612860384448e-01	   9.1807206169195399e-01	   8.2812502365067475e-01	   8.5450012196711800e-01	   7.1268093981804459e-01	   6.6410533006240768e-01	   7.0828523011402988e-01	   9.2776572659997802e-01	   7.6182529879247018e-01	   1.1260201882065832e+00	   1.1169544129552309e+00	   5.8701005800167927e-01	   7.7638352874124983e-01	   7.0311063339606450e-01	   5.8636677425569927e-01	   6.4201563451724364e-01	   5.7731705689948376e-01	   8.0729251368875787e-01	   8.0480707297691900e-01	   7.4306995167686307e-01	   8.4735211263473253e-01	   8.3758985773263739e-01	   8.2304164206539809e-01	   8.1815458574667543e-01	   7.6673759605860559e-01	   6.5891750446458586e-01	   7.3217640508387649e-01	   7.3823269577099904e-01	   7.4877957004400497e-01	   8.7208471642667940e-01	   7.8463862445454569e-01	   8.1248141801155171e-01	   1.0009483043141667e+00	   9.4199390343006695e-01	   7.7385025777435956e-01	   6.3664502629436026e-01	   6.1317198142326690e-01	   1.0777710216757006e+00	   9.3724178714286888e-01	   9.1208764241637141e-01	   7.8842169218617042e-01	   8.6738428491787900e-01	   7.2641857636283591e-01	   2.6276123134430684e-01	   5.5673990539168638e-01	   5.5048113976267232e-01	   7.8630443100970127e-01	   8.9671307928922084e-01	   9.5835850873038952e-01	   6.1271027403713252e-01	   8.5750917607751154e-01	   5.7777834844225995e-01	   8.5215670884635364e-01	   2.7558226444928863e-01	   4.1951182306946566e-01	   2.2275106848170126e-01	   4.0131585663625430e-01	   2.0274323299321761e-01	   4.4227466413286176e-01	   4.5547043311732610e-01	   7.4006948481646417e-01	   1.0046713775727951e+00	   7.8823117364122997e-01	   5.5259097260824031e-01	  -2.4489809202526369e-01	
   1.0060192462489661e+00	   8.6315022499774063e-01	   9.4321720089462890e-01	   1.1154698095316915e+00	   1.0226903596316961e+00	   1.0823482776909252e+00	   1.1181643615812484e+00	   1.4073616980055872e+00	   1.3984303148921675e+00	   0.0000000000000000e+00	   1.0296812879626811e+00	   1.1296363680700481e+00	   1.0525810800190203e+00	   1.0866378648535320e+00	   9.0501908133810494e-01	   1.1694624573600361e+00	   7.9256846254875091e-01	   5.5633014060788410e-01	   1.1050904938955710e+00	   1.0794319558497609e+00	   7.2142063879936702e-01	   7.1997357456446609e-01	   9.3064033425486958e-01	   9.4977077764043549e-01	   7.3793277874963936e-01	   7.3534522274294623e-01	   7.0215977428785181e-01	   6.6201106664448062e-01	   7.8403505883124858e-01	   9.5712312104726871e-01	   1.0910896282885696e+00	   1.1412605329516707e+00	   8.2767491400093884e-01	   9.7547550246802450e-01	   3.4360990532338603e-01	   4.7761285173147627e-01	   2.8711280931321698e-01	   5.1567779110802692e-01	   4.4030714361316636e-01	   5.6673824373259141e-01	   4.7171963232126413e-01	   5.1141312014130469e-01	   7.4837760936966780e-01	   7.9399229095816204e-01	   6.5070669276110416e-01	   7.8903236167132540e-01	   8.8857344559399642e-01	   9.1135838949421188e-01	   8.9094235471695760e-01	   8.4877021197207603e-01	   8.4177917551133308e-01	   6.9271279083146564e-01	   9.2995817246371315e-01	   8.1824927851830265e-01	   7.7615533700071926e-01	   6.9828090354378924e-01	   8.2413783660203643e-01	   7.9659559883051234e-01	   9.8482141954857139e-01	   8.6223687441064745e-01	   1.1722834882194126e+00	   1.3340855284018158e+00	   6.8419322355387002e-01	   9.0587608570238920e-01	   6.6891851914668865e-01	   5.9048236150616451e-01	   7.5189013604429333e-01	   7.0091980176144308e-01	   8.4016140583579757e-01	   9.5447977104584014e-01	   8.9019311979900717e-01	   9.6665812680959917e-01	   8.8982428529271451e-01	   9.9797143963398638e-01	   8.3216066828883706e-01	   8.8564260911250281e-01	   7.2255492199240035e-01	   8.5676144918791763e-01	   8.3105457731354038e-01	   8.9202722067022888e-01	   9.6101480678408047e-01	   9.6809591985699406e-01	   8.1395398632010041e-01	   1.0039092255789197e+00	   9.9433464265314908e-01	   8.5550093671237448e-01	   5.4558748126396606e-01	   5.1684617175000303e-01	   1.0497610933288797e+00	   1.0330265776440128e+00	   1.1399334608946470e+00	   9.0656753130745904e-01	   1.1088098292819495e+00	   7.9628142686457548e-01	   1.8801652608315669e-01	   5.5448429497734042e-01	   5.1699044180464648e-01	   8.5060635833654785e-01	   1.0243697597600256e+00	   1.0697047583118344e+00	   1.0023590592410310e+00	   9.6971248608346972e-01	   8.6839236560072419e-01	   9.6505556763574951e-01	   2.4363454043947591e-01	   3.7778132247097412e-01	   2.2241345917444241e-01	   4.1066355145508937e-01	   1.7704818602037511e-01	   3.9699626483763883e-01	   4.9837285091117101e-01	   7.7685813517274016e-01	   1.1304206223262905e+00	   9.3782923844854660e-01	   5.5687591093206668e-01	  -3.6628180232372087e-01	
   1.0379307611315949e+00	   7.8291337859873655e-01	   7.4437834854437246e-01	   7.2434688418759752e-01	   5.8754819605224429e-01	   5.9479144096552317e-01	   9.3482669034777133e-01	   9.0341194984652629e-01	   8.8157168360436788e-01	   1.0296812879626811e+00	   0.0000000000000000e+00	   1.0319780063344126e+00	   1.4455118100641291e+00	   1.1073442697602642e+00	   1.0319908959432964e+00	   1.0929397946322188e+00	   8.6770901285725821e-01	   6.9927573571940382e-01	   1.0503104309820506e+00	   1.1186512634382590e+00	   4.0372910241562698e-01	   3.8884536332860864e-01	   7.8179272319749138e-01	   7.0498290753433690e-01	   3.9541026173996185e-01	   4.1634549283003380e-01	   3.3511001567744181e-01	   3.1234142881920124e-01	   1.1163348554495884e+00	   1.1982835760562516e+00	   8.6776838858437744e-01	   8.8154650231780129e-01	   8.4077746481350801e-01	   8.8364321348354213e-01	   2.5002107392820605e-01	   3.1417999588189938e-01	   3.5392123906046352e-01	   4.9847259671058114e-01	   4.3154816703676613e-01	   4.8064603360993807e-01	   6.2391613099334242e-01	   5.7218951575191068e-01	   6.0716082976361274e-01	   6.6225988690763926e-01	   5.0063095076938491e-01	   5.8398840953846842e-01	   6.9651288176064607e-01	   6.9956573595663407e-01	   5.9972346016320455e-01	   5.6920146996639098e-01	   5.8688835573304865e-01	   4.9013635628238228e-01	   7.7840559699510758e-01	   7.0332897311567710e-01	   7.3856984677342796e-01	   6.3869580622693245e-01	   7.4321786750710006e-01	   7.0145852682107979e-01	   9.4789451046590234e-01	   6.6610482351560840e-01	   1.2461264486057879e+00	   7.8586629193045354e-01	   1.1111653451264263e+00	   9.1245321732971496e-01	   4.5096926884913380e-01	   3.4636948685527580e-01	   5.7339065828394753e-01	   4.9899335667897116e-01	   6.7436680604774057e-01	   7.5123220728270279e-01	   6.7339294397260852e-01	   7.5014951304854360e-01	   7.9208623860203475e-01	   9.5365854722012311e-01	   8.1622976539652581e-01	   8.4889416043111121e-01	   8.9967526468451098e-01	   8.4299896474037705e-01	   8.3418021001923071e-01	   9.5115389074334522e-01	   1.0185106933426722e+00	   1.1087179904994495e+00	   9.0970408097785049e-01	   9.8672052194491189e-01	   1.0165962443942571e+00	   8.0120976457166582e-01	   5.0202751877614626e-01	   4.1620379984700978e-01	   8.6133758324348031e-01	   7.8934869877848579e-01	   9.1867841704771014e-01	   8.1534050867086028e-01	   7.7051405952515384e-01	   6.4575922220245940e-01	   4.3942707562620242e-01	   6.2070346550299327e-01	   6.6584520316537144e-01	   8.0913393278555656e-01	   9.3254826759886889e-01	   1.0460245552514575e+00	   6.7990461525963097e-01	   8.8771978160863751e-01	   6.5450501780688219e-01	   9.2004877982822975e-01	   2.4604190394674844e-01	   4.0228999714508790e-01	   2.2537758364332922e-01	   3.2671044757536305e-01	   3.8142566247690074e-01	   5.4213669952199361e-01	   5.3925046828677159e-01	   7.6645425059357131e-01	   1.0422233068169329e+00	   8.0433349243767149e-01	   6.4672008796981395e-01	  -2.4456157608037996e-01	
   1.0876000890131341e+00	   1.0199734768366118e+00	   8.1990158740623564e-01	   1.0067854074583902e+00	   8.9442355175468502e-01	   1.0016717197905374e+00	   1.0063615234117456e+00	   1.3142004831261789e+00	   9.9763083032014710e-01	   1.1296363680700481e+00	   1.0319780063344126e+00	   0.0000000000000000e+00	   1.0890777278313397e+00	   1.5902607031854967e+00	   8.4754117676152008e-01	   1.1967186225678756e+00	   7.6890429050840703e-01	   5.6693340125509983e-01	   9.0827875845088768e-01	   1.0400335233029703e+00	   6.4000094490912784e-01	   6.1864278593676136e-01	   8.4184944512499249e-01	   9.2750741784044088e-01	   7.4524340022217062e-01	   8.1707017788778802e-01	   6.1268065824627804e-01	   5.5727773789829849e-01	   9.6458176647264138e-01	   1.0440787911769445e+00	   1.1861611792840929e+00	   1.1667175705899804e+00	   8.3132099061207254e-01	   1.0301918189750672e+00	   4.0588965677632144e-01	   5.6351354020385092e-01	   2.9077396875376149e-01	   5.1838405006185917e-01	   4.9212398333825319e-01	   5.7394664231237247e-01	   5.7289729836243342e-01	   5.5143782181645395e-01	   7.5257874772193334e-01	   8.5814767180878970e-01	   5.7857541115963518e-01	   8.1062407446838036e-01	   9.5433571344867885e-01	   9.2826970674488296e-01	   8.9876170977956460e-01	   9.4747142770302906e-01	   9.1137309079373219e-01	   8.5991083321051742e-01	   9.4208317728703428e-01	   8.0428090293381949e-01	   9.2664203459309880e-01	   8.2451381997875528e-01	   8.6285776808666470e-01	   8.3232543485063260e-01	   1.1064981302963348e+00	   9.3642854846546797e-01	   1.2213310280179515e+00	   1.3823733663942921e+00	   6.7338932954143016e-01	   9.8765469071245571e-01	   5.5458996637649205e-01	   6.4883462069029152e-01	   7.2586438270897236e-01	   7.5792880834652299e-01	   7.3302369242188281e-01	   8.8343507119855014e-01	   9.3135744973625745e-01	   9.0004547210441799e-01	   1.0512970535493580e+00	   1.1954190071653066e+00	   1.0462619847365855e+00	   1.2823994108792580e+00	   8.3420050377911303e-01	   1.0757120011676464e+00	   8.3397089914301215e-01	   9.3009323029237712e-01	   9.8636243768892085e-01	   1.0531087081551767e+00	   7.8473945448806603e-01	   1.0495694365378181e+00	   1.0247122613829234e+00	   1.0032150006339258e+00	   4.9146221208773333e-01	   4.9185042812263036e-01	   7.6130111388770438e-01	   8.1555763965393668e-01	   9.3385675001754631e-01	   6.6945298249241325e-01	   8.8162036632318797e-01	   5.4086967657731921e-01	   4.6148964446365504e-01	   6.7532131160804665e-01	   6.9034282042771222e-01	   9.7952062219591640e-01	   1.0974698299220951e+00	   1.0396051156606470e+00	   8.2612497129026208e-01	   7.8645577531303201e-01	   7.1771007158885780e-01	   8.5415651759634048e-01	   2.5850245897436108e-01	   4.1722245358826965e-01	   1.5940903494675959e-01	   3.8497884643473290e-01	   2.9480004944071692e-01	   6.5307106510321866e-01	   4.9709257577036992e-01	   7.0635038193737643e-01	   1.0509595911854646e+00	   9.9064176064683296e-01	   6.7414260420229433e-01	  -2.2412927016086673e-01	
   9.4240209031431033e-01	   6.9042551238807037e-01	   8.2826724418401587e-01	   7.1646659565103121e-01	   7.1250076617910585e-01	   7.2058217864076757e-01	   1.1571779897864811e+00	   9.5689150274752310e-01	   1.0869891300637917e+00	   1.0525810800190203e+00	   1.4455118100641291e+00	   1.0890777278313397e+00	   0.0000000000000000e+00	   1.1834253404521593e+00	   1.3269382486378738e+00	   1.1824148365321561e+00	   7.6986677380289048e-01	   5.7090395119249282e-01	   1.0339729793488901e+00	   1.0478924569033485e+00	   4.7868876652857262e-01	   4.1841498133545230e-01	   9.0241692062681556e-01	   7.6518996180966170e-01	   4.7152844543288008e-01	   5.1149510661808972e-01	   4.5077641658501866e-01	   4.1745326295488144e-01	   1.0334641824309683e+00	   1.1157675403126370e+00	   9.7075715314198485e-01	   9.3405078262944452e-01	   8.5660137990584340e-01	   8.9440488472189550e-01	   2.6581535059329309e-01	   3.5760405418981517e-01	   4.0965080241479290e-01	   5.8682347062634255e-01	   5.5163965758550693e-01	   6.0433045714974942e-01	   6.6925779177964861e-01	   5.5631927918292401e-01	   7.2250866651526768e-01	   7.7811666520506695e-01	   6.6253292019463839e-01	   7.3175009756820986e-01	   8.5151259242246025e-01	   8.2831920642488266e-01	   7.1504316978900229e-01	   6.1738188495504254e-01	   7.0707794967863391e-01	   5.9534472224840718e-01	   8.2417177447560319e-01	   7.5647264702766170e-01	   8.9558702074501806e-01	   7.0625681060278367e-01	   6.1582270900433089e-01	   5.8394513133316772e-01	   9.7351078462106833e-01	   6.2784545557661009e-01	   1.3413911489505241e+00	   8.1606487488307478e-01	   9.2857965135810272e-01	   8.5686362489192780e-01	   5.2962455995904523e-01	   3.8130357163373368e-01	   6.5810220457643054e-01	   5.7634541630019498e-01	   6.8171329811360826e-01	   7.4839014574400409e-01	   7.4572598025651438e-01	   8.4765114966682154e-01	   8.8966850664753960e-01	   9.1899817699037301e-01	   9.2594389430213708e-01	   8.6951692710668094e-01	   8.7827426328192537e-01	   8.3330372831812338e-01	   7.5858091871647482e-01	   8.3557545600148186e-01	   9.8498532937726435e-01	   1.0648527991630679e+00	   9.1821486456276857e-01	   1.0458348376697959e+00	   1.1279638050173126e+00	   8.9825263869795324e-01	   5.4424755164506344e-01	   4.8526695349848492e-01	   8.7420044599102864e-01	   7.7438523471887211e-01	   1.0005400561476097e+00	   9.3157906446176197e-01	   8.2471172532425907e-01	   7.4466820208720985e-01	   4.6307524465671690e-01	   6.7916533284728464e-01	   7.7814877144806516e-01	   9.0422656067341944e-01	   1.0379485804545932e+00	   1.1424592556449533e+00	   6.8826187693626739e-01	   1.0759111845479081e+00	   6.6270997034350843e-01	   9.7157943257143486e-01	   3.5520642223113547e-01	   5.4961261287550989e-01	   3.4084897768625833e-01	   4.0282076062595562e-01	   4.3763971813835134e-01	   6.0591545193095775e-01	   6.1012440718984196e-01	   8.6077864864588460e-01	   1.2047049920622093e+00	   8.9795328943550667e-01	   7.3246625877092753e-01	  -2.2952216391446101e-01	
