   0.0000000000000000e+00	   1.0971698042932065e+00	   3.4360429562525596e-01	   1.8577934153494957e-01	   5.8187606909933232e-01	   3.6031796228895346e-01	   5.0974949195525920e-01	   4.2538998923205468e-01	   5.8183492195701370e-01	   4.8082393474050367e-01	   7.9713443082168400e-01	   5.8206776101985602e-01	   6.9886984637912075e-01	   6.4060187775275268e-01	   4.7100875712972168e-01	   5.5789507012103690e-01	   5.2429305943161886e-01	   5.1605331546811495e-01	   8.4228472837462487e-01	   8.6675358939570823e-01	   1.7798196826063892e-01	   1.4038697359212882e-01	   2.1066504887525470e-02	  -2.3956995552762522e-02	   4.8706788435310205e-02	  -3.0413144366080312e-03	   4.7734959792660436e-01	   3.9343362981174351e-01	   4.2249248981456633e-01	   4.4526396567064785e-01	   1.2680682181476241e-02	  -5.8775640863739445e-02	   4.0716004395997407e-01	   3.2726281162419762e-01	   1.5817790668261481e-01	   7.6142989752631526e-03	   2.1214877039676977e-01	   3.0311682424152814e-01	   4.1246376598286510e-01	   3.8125966815078760e-01	   3.5786710953489936e-01	   3.0983555078781988e-01	   3.1669337793760116e-01	   2.6926777294827753e-01	   4.4039730057754611e-01	   3.7864877863451735e-01	   4.0225503442119936e-01	   3.4130600624009072e-01	   5.6604815407680786e-01	   3.9423462668386078e-01	   3.4087297350614820e-01	   2.4890092783559753e-01	   2.0985340245329404e-01	   1.5827716551949259e-02	   4.3772050144724695e-01	   3.4915589033136152e-01	   1.2221760387375986e+00	   9.9976360253937957e-01	   7.9241300996814046e-01	   5.8146756259909738e-01	   8.9154775067400738e-01	   3.2614007282764701e-01	   8.1329401226765485e-01	   4.6563763772666877e-01	   2.6023389650485951e-01	   1.4096303232231100e-01	   3.6727340817224619e-01	   2.7760392556569147e-01	   1.0361798307109626e+00	   9.1130177778427934e-01	   8.5376469052961576e-02	   1.1316940906332751e-01	   5.0812086120719224e-01	   3.5964176549365062e-01	   4.8667765333786006e-01	   2.7968994988051044e-01	   4.1867333606189400e-01	   4.1247699081690031e-01	   3.7028733604522557e-01	   3.3425922610601178e-01	   4.5122873148775539e-01	   7.0867483167300649e-01	   5.7708721613090697e-01	   5.2962783651575385e-01	   3.6399331322838385e-01	   3.6628547725173999e-01	   1.7867649651563081e-01	   3.0881299008765073e-01	   4.7200179732683245e-01	   5.3024160515468954e-01	   2.5853985813646263e-01	   3.7922338197180783e-01	   1.5422647533699146e-01	   2.8887844701592386e-01	   7.3135167477740336e-03	   1.6744169986043937e-02	   8.8400375886431515e-02	   2.6568404435057719e-01	   4.3122379758538937e-01	   4.3945142086580546e-01	   4.1881814318191296e-01	   8.5716685993927044e-01	   4.6755159149705328e-01	   7.8413075065152948e-01	   7.5233396178901984e-02	  -2.0405911440895676e-02	   3.9422498298282982e-01	   2.2876966437556168e-01	  -9.6984777756111015e-02	   1.2843541983369941e-01	   2.9212350529161851e-01	   3.8345507209547214e-01	   5.3535217165177018e-01	   2.9019404422248496e-01	  -1.0286561628784816e-01	  -1.3529224398550188e-01	
   1.0971698042932065e+00	   0.0000000000000000e+00	   1.7593665250984961e-01	   1.5729322959404535e-01	   4.7037027640808904e-01	   3.6207772132637278e-01	   3.1855123698182553e-01	   3.8921603857663994e-01	   5.4350441165490282e-01	   4.8315790144388460e-01	   5.8176605106046397e-01	   6.0066771226986981e-01	   5.7347854832149125e-01	   6.0285384371477768e-01	   4.4904675323449794e-01	   5.6748548444142866e-01	   4.7239484118914749e-01	   5.9115220462674434e-01	   5.5288976420722458e-01	   7.7827765988542041e-01	   1.2678151233521914e-01	   1.5172020797533470e-01	   3.7688663205723422e-02	   1.2703702706317405e-02	   5.2364304317876254e-02	   4.4670776233622603e-02	   4.2456067646804063e-01	   4.1076186512647717e-01	   2.7765172604871835e-01	   3.3438256948265810e-01	   1.3439348824994259e-02	  -4.0971469086724263e-02	   2.8551092413543305e-01	   2.6622166518331275e-01	   1.2747380059284483e-01	  -1.0946704160357460e-02	   1.9694033688168333e-01	   3.5702977978520706e-01	   3.7706695263766793e-01	   4.8131499779303644e-01	   3.8216046242813118e-01	   4.9056742122213337e-01	   2.2886629759468552e-01	   2.7190545122498655e-01	   3.7853462840595503e-01	   4.2058913806557974e-01	   3.8867546756578719e-01	   3.4447618244550465e-01	   5.9350328063788504e-01	   5.2215254972331526e-01	   5.0950430236916022e-01	   4.2044052655969683e-01	   4.9236406236887065e-01	   1.7230503702073194e-01	   5.0637552043684342e-01	   4.8481426691256713e-01	   1.0621587703126885e+00	   1.2883876239389580e+00	   6.2219901565307389e-01	   6.7820369566631622e-01	   6.9268383988529514e-01	   4.4733843489223385e-01	   5.8704146653847777e-01	   5.2678189766410655e-01	   2.1725237774617048e-01	   1.9588460623817405e-01	   2.3836854167841873e-01	   2.3504997416188700e-01	   1.1052480049214948e+00	   9.0960411365677007e-01	  -2.1839090727333768e-02	   1.7731141568984789e-02	   3.3564467795001723e-01	   3.5583974803109703e-01	   3.7181734825406093e-01	   2.6161387009040116e-01	   3.1403177244754893e-01	   4.3069127069878332e-01	   3.3650779400535624e-01	   2.8390527963368301e-01	   5.3100175299936692e-01	   6.9748513821513947e-01	   5.3648236473637745e-01	   5.2714504726792621e-01	   4.2938290132043166e-01	   4.3584283045138172e-01	   2.5462264110033056e-01	   3.3443574735474585e-01	   5.1609269164695726e-01	   5.2074895496868623e-01	   1.9180477662965337e-01	   2.5385079589790571e-01	   1.7318095431515670e-01	   2.5369677781527789e-01	  -9.1265694864753166e-02	  -7.4170564693013544e-02	   5.9252043890231799e-03	   1.7406427013035586e-01	   4.1523675111945363e-01	   3.3097724316595506e-01	   3.5930045294479535e-01	   6.1633337727576731e-01	   3.4704435021446761e-01	   4.4625995944622138e-01	  -2.8535163292823337e-02	  -1.4930736210647941e-01	   2.4492837655597924e-01	   3.4646209169032008e-02	  -1.7225128600371536e-01	   8.5417616639510530e-02	   1.9498296437765428e-01	   3.7788357040379583e-01	   4.8956488079028088e-01	   2.5401162718047798e-01	  -1.1132443249697944e-01	  -2.0484778176613350e-01	
   3.4360429562525596e-01	   1.7593665250984961e-01	   0.0000000000000000e+00	   9.6606985584148264e-01	   6.6891173376320479e-01	   4.5877942216325085e-01	   1.2292744851003767e+00	   3.5391694703825610e-01	   5.5280649964322093e-01	   3.8258749727114999e-01	   9.3683179763336150e-02	  -1.0095916904878605e-01	   2.1682588647096473e-01	   2.2854039838509178e-02	   7.0033670962213967e-01	   4.7904492352247158e-01	   1.1641378381827185e-01	   8.5735895117589930e-02	   4.3888877949682137e-01	   2.8079696511325464e-01	   4.2316486982301127e-01	   3.4308066180030072e-01	   9.9044544566536263e-01	   8.4189774445188348e-01	   9.0278529381380734e-01	   7.5788384376537765e-01	   4.5431243829431811e-01	   4.6686288847124274e-01	   1.3227872531103002e-01	   7.5259772027332722e-02	   8.5851546888708763e-01	   7.6615708027960305e-01	   4.5829158467677633e-01	   5.0332747351933926e-01	   7.9883282026921931e-01	   5.8401644628320926e-01	   1.1395335355050074e-01	   6.4796924967596495e-02	   5.1240970215179749e-01	   3.6206130702358991e-01	   5.4450687834409157e-02	  -4.6586876856084911e-02	   3.2602224374537453e-01	   1.7764178551706275e-01	   3.4321665626445502e-01	   2.2243017275975419e-01	   2.7364544806042701e-01	   2.7316939862502188e-01	   2.1501629392227220e-01	   1.5506222935533301e-01	   1.4674180761956845e-01	   1.2157769040684119e-01	   1.9219509768924040e-01	   1.8699593210429705e-01	   3.4160824725109923e-01	   2.7411241227902028e-01	   3.5648236513757203e-01	   2.3646483623474865e-01	   4.8283056489769677e-01	   3.5598389743305453e-01	   3.7164205509769999e-01	   9.6578600851825583e-02	   2.1526280220672017e-01	  -4.6554838015154788e-02	   1.0133022225796413e+00	   6.3172031639586834e-01	   8.0206042327025073e-01	   5.8919401549634842e-01	   4.2184336035730463e-01	   3.8901458996981725e-01	   3.5536442943965252e-01	   3.9655319978569475e-01	   1.5024732805662486e-01	   4.3730035513761950e-02	   7.1047461019376298e-02	   1.2500093651379676e-01	   3.4148003084657669e-01	   4.6096459309251225e-01	   2.0379362712393401e-01	   2.4747645820665420e-01	   2.3267618667450646e-01	   4.0215706931059225e-01	   5.1662221308270317e-01	   3.0985427438333196e-01	   8.0246958889132658e-01	   5.5923780993758065e-01	   4.1471268468655270e-01	   4.1196354665683754e-01	   7.1056417884946033e-01	   5.5856318088708634e-01	   7.2776801154842030e-01	   9.3403820083636324e-01	   7.6732011181860316e-01	   8.4234520310822170e-01	   9.5093487645315722e-02	   7.1594470290670592e-02	   1.2732408623993099e-01	   2.7961781405705177e-01	   2.6681224469483805e-01	   5.2144584640398672e-01	   4.6849382702538722e-01	   7.2035490784725831e-01	   4.1601107663899639e-01	   5.4027853672898651e-01	   3.6407827728293418e-01	   4.4443037025002419e-01	   3.2659595809800979e-01	   2.6277331953909167e-01	   1.7808370472018878e-01	   9.0395682672503003e-02	   3.9804135580072564e-01	   1.5826566152148441e-01	   3.0890401830955794e-01	   3.2465683042359744e-01	   2.5044921452792540e-01	  -5.8787570322287888e-02	
   1.8577934153494957e-01	   1.5729322959404535e-01	   9.6606985584148264e-01	   0.0000000000000000e+00	   5.1323923582615061e-01	   5.5405397640748044e-01	   8.7073657780726954e-01	   7.6602406593594830e-01	   2.9730335745589359e-01	   4.4746620864596637e-01	  -6.8870379464348944e-02	   8.0393669787497207e-02	  -1.0627122177353858e-02	   1.3703104330749835e-01	   3.2862220954268101e-01	   5.0332663866914473e-01	   1.2468064617041205e-01	   1.0640531028234543e-01	   2.7240996070420614e-01	   2.9407781048363313e-01	   2.3663615628607582e-01	   2.4359455245847678e-01	   5.4975470698075612e-01	   7.3622771318239433e-01	   4.9783637675681414e-01	   5.6090598815666337e-01	   2.9128136112679232e-01	   3.6047419125928543e-01	   8.4204558594364973e-02	   1.6349076397110074e-01	   5.6614975895540209e-01	   6.1566595253462331e-01	   4.6195449991226456e-01	   6.0753912963046419e-01	   4.3288193759459781e-01	   4.6624685031353341e-01	  -3.0790235962542552e-02	  -3.4453560135440299e-02	   2.7925857963230216e-01	   2.7304577141744796e-01	  -1.6161482556902418e-02	  -4.6077476035075088e-02	   3.7318427492309286e-01	   2.8550804929517537e-01	   5.2861312244031744e-01	   4.4866879518402819e-01	   3.2639819466500936e-01	   3.3923088723504580e-01	   4.1851908964656215e-01	   3.7693264629904738e-01	   3.0264061982546919e-01	   3.1611140904671620e-01	   1.8494523000913310e-01	   3.8341161434208716e-02	   3.9314001873487847e-01	   3.1564785079362773e-01	   2.3592488833163272e-01	   2.1851034037117403e-01	   4.1783538567283168e-01	   5.6040282843283784e-01	   2.2172904074869321e-01	   2.8583788843605473e-01	   2.2983204340381330e-01	   2.1932604300501779e-01	   6.6029327995162157e-01	   8.6488323043046478e-01	   8.7726876396778652e-01	   8.4328790391724451e-01	   2.7588552886626955e-01	   2.4145093982168728e-01	   2.4773160409650050e-01	   2.9326911135611256e-01	   3.5134794965167658e-02	   4.3311637296181468e-02	  -1.5941863944858400e-02	   2.0508356736890648e-01	   1.8534863038904503e-01	   3.8393875472087802e-01	   1.6166170522576540e-01	   1.8630722389234058e-01	   2.6792733947462705e-01	   3.9264497815054400e-01	   2.5802225582392013e-01	   3.2917086348750280e-01	   5.9122422359477333e-01	   6.6285108844065932e-01	   2.2608806125368361e-01	   3.6991790369302752e-01	   5.1556617209288347e-01	   5.2779425320831108e-01	   7.5103908870396130e-01	   5.8415158806725187e-01	   7.7851570677913851e-01	   4.6697449475053654e-01	   8.2985334857142670e-02	   9.5563204951513644e-02	   1.5487920674742955e-01	   2.5682530266935211e-01	   3.1869485431352879e-01	   3.8818846439098037e-01	   6.9141398476098148e-01	   4.6812980074364396e-01	   5.1116733258420455e-01	   5.4632296736444519e-01	   5.8473546959669931e-01	   4.6567168438381967e-01	   4.1792103281002396e-01	   3.2620354391560968e-01	   8.8815517769475022e-02	  -6.0178732139780549e-03	   2.6684031759256960e-01	   8.7084127742646580e-02	   3.2739987489146849e-01	   2.4193606800973311e-01	   2.6405462952714998e-01	  -1.5204936709736997e-02	
   5.8187606909933232e-01	   4.7037027640808904e-01	   6.6891173376320479e-01	   5.1323923582615061e-01	   0.0000000000000000e+00	   1.1019583796358854e+00	   9.9302537691014348e-01	   6.4869196219169778e-01	   8.8940260286777706e-01	   8.0295257525840535e-01	   4.1236456925034709e-01	   2.8201963866228691e-01	   5.6028736714403971e-01	   4.0894489574718412e-01	   6.0632869717610205e-01	   6.6776100839899744e-01	   1.7227196616230217e-01	   2.8380289124799396e-01	   5.8140883098218743e-01	   5.1506508995749312e-01	   2.8366982969451404e-01	   2.9172795638113941e-01	   2.1331744075269937e-01	   1.1820022238604593e-01	   3.5924905446660427e-01	   2.8370953212051597e-01	   9.6868071029608194e-01	   8.5482179371296574e-01	   4.1429336636095504e-01	   5.2041652227083279e-01	   4.9495897385266208e-01	   4.0645104031492613e-01	   4.7221264684544184e-01	   4.8638042371782553e-01	   2.6400222619231378e-01	   1.2588089897423374e-01	   8.4660284440565448e-02	   1.2786148196473740e-01	   3.7978517999696404e-01	   3.1138792270266896e-01	   3.7454822559550449e-01	   3.2059024078603282e-01	   2.8371017914804020e-01	   1.7646208835833363e-01	   4.9703655181354300e-01	   4.9281999085744144e-01	   3.8839130210785794e-01	   3.5606838069133567e-01	   4.9740027875664505e-01	   3.4715114516103079e-01	   1.6113088805857281e-01	   1.2134924300447743e-01	   2.4889766137134584e-01	   1.9372382300732710e-01	   3.8118787174407548e-01	   4.1721323404288829e-01	   4.8105202702326733e-01	   4.8177228736943550e-01	   4.7999726525595382e-01	   4.3384556965753668e-01	   6.6899454622268795e-01	   3.5933898522514712e-01	   4.8079135028151732e-01	   3.3166401020159308e-01	   3.1760714664697010e-01	   1.8471546225972585e-01	   5.0255546608390211e-01	   3.1715782109514851e-01	   6.0594403356368920e-01	   5.7201954820432532e-01	   2.3950087687669813e-01	   3.0501606068365422e-01	   2.8013042606922217e-01	   2.3442621509832950e-01	   2.5493865664910215e-01	   1.6073182179929693e-01	   1.7148672569999662e-01	   3.7461481823368536e-01	   1.2871751204542872e-01	   2.2059667383242759e-02	   2.7613606259891793e-01	   3.1272723307455297e-01	   5.2908350716944308e-01	   6.7038963643066052e-01	   3.1957280779958869e-01	   1.2940883209174020e-01	   1.6393880635557045e-01	   2.2115830100869058e-01	   4.4487216962864073e-01	   3.6818713139267223e-01	   4.7679714476340529e-01	   4.6146214826168508e-01	   2.8428455745315434e-01	   3.4160415846529685e-01	  -1.7109626623331192e-01	  -1.7772432432822516e-01	  -7.2075411070115197e-02	   1.0738057355408250e-01	   4.6120865965788510e-01	   5.0643119065124942e-01	   4.5595718147081782e-01	   8.1870118144917470e-01	   4.3108774064356736e-01	   5.4797213123576827e-01	   1.0918784030343931e-01	  -1.9445444350125778e-02	   2.7791198219434993e-01	   1.4634350985471600e-01	  -1.4598583240155835e-01	   1.3464483836250821e-02	   1.9581149878872559e-01	   2.6621387352230352e-01	   4.6556742439819293e-01	   1.7625093034179620e-01	  -8.2157819562731910e-02	  -2.6557119213293168e-01	
   3.6031796228895346e-01	   3.6207772132637278e-01	   4.5877942216325085e-01	   5.5405397640748044e-01	   1.1019583796358854e+00	   0.0000000000000000e+00	   6.0045032513267205e-01	   6.6517854916545438e-01	   7.3824341075525690e-01	   1.1778336930874134e+00	   1.3571298228866502e-01	   1.6406391181422786e-01	   2.7476107577658587e-01	   2.1651798428697708e-01	   4.8303596564032614e-01	   7.6028500822812417e-01	   1.4280711880455704e-01	   2.2550439440493736e-01	   3.9071732730741726e-01	   3.7392807942295891e-01	   3.7031150094522014e-01	   3.6820931750534641e-01	   1.9457090546684166e-01	   2.0310712242813753e-01	   2.9778021946126659e-01	   3.0434447998480124e-01	   7.5735937727080505e-01	   9.6046491307217452e-01	   2.0299516175677257e-01	   3.3546692493747637e-01	   3.7701640000073705e-01	   3.5294227207965384e-01	   3.0365386250898130e-01	   4.1939700040336714e-01	   1.9109856112608276e-01	   7.5496774802233768e-02	   4.5326823337845594e-02	   3.5043344276878441e-02	   3.9354922347302279e-01	   2.5339059117960472e-01	   4.0972871231792141e-01	   3.0201710937435011e-01	   2.7720717478284240e-01	   1.9443297472036758e-01	   5.1988644375923077e-01	   5.1462694637617812e-01	   3.6435765636667100e-01	   3.9970917547229101e-01	   4.8662643179057541e-01	   4.0168824594390035e-01	   1.4038975327919292e-01	   1.8473937296781637e-01	   2.1214491001302205e-01	   2.3362253970278729e-01	   3.0911989079769286e-01	   4.1969370527206407e-01	   4.2021277666581741e-01	   4.6171762522578008e-01	   3.2998642769302189e-01	   5.2232545627597560e-01	   4.5928962697422415e-01	   4.5456730615940766e-01	   3.2824034169085808e-01	   2.4853181179480158e-01	   2.9984933364514371e-01	   2.4720905072434557e-01	   4.0547999161255260e-01	   2.9709522680624345e-01	   4.9282844593580200e-01	   4.8505502279256996e-01	   1.5948127740640597e-01	   2.2294451247059613e-01	   3.8502086880864581e-02	   1.1532472646586292e-01	  -1.1898288966043693e-02	   1.1450045376632854e-01	  -4.4197302722803165e-02	   2.3158447474074356e-01	   8.2696584772567722e-02	  -8.9808714568789250e-02	   2.8570984998488302e-01	   1.4700177163241773e-01	   4.5680362107703176e-01	   7.2508669006946924e-01	   2.6439216103895907e-01	   3.6054390351816117e-02	   1.5848321431747225e-01	   2.6105303084147213e-01	   4.4378497949215595e-01	   3.3198570753782441e-01	   4.7744970527144559e-01	   3.7667819390104046e-01	   4.2128899661170477e-01	   3.5512109126555386e-01	  -1.8132348061643483e-01	  -2.2575755357765753e-01	  -1.8837049884539164e-01	   1.7601582611415117e-02	   4.4713102625169965e-01	   4.5076080584076278e-01	   5.9334793154028209e-01	   7.6704574307564699e-01	   5.3573500260363893e-01	   4.8615749719559864e-01	   6.1353987569620433e-02	  -1.3925859635863097e-01	   1.6394135577056140e-01	   3.3671641191793208e-02	  -1.3349092751412819e-01	   3.0707484911813646e-02	   1.7647560156746223e-01	   2.8593880265863142e-01	   4.6952871553613379e-01	   3.9853543635412036e-01	   6.3356572174964904e-02	  -3.0364811025584837e-01	
   5.0974949195525920e-01	   3.1855123698182553e-01	   1.2292744851003767e+00	   8.7073657780726954e-01	   9.9302537691014348e-01	   6.0045032513267205e-01	   0.0000000000000000e+00	   8.1416929975996954e-01	   7.2230157594534861e-01	   6.2636245330711249e-01	   4.0310757711272693e-01	   2.8941915522101636e-01	   5.6035777442025703e-01	   3.7753871309114889e-01	   5.3767593387570334e-01	   4.6819674147114509e-01	   1.3207523144972710e-01	   1.8353079451533660e-01	   4.8866253843916696e-01	   3.8612788971203682e-01	   1.7906724408762589e-01	   1.9128715982504230e-01	   4.4282832668278915e-01	   3.7774674358645827e-01	   3.8071129698777739e-01	   3.0613967444271106e-01	   4.3261994715920016e-01	   4.2232149702131655e-01	   3.2096438835016056e-01	   3.6259405816632467e-01	   5.4033619279888545e-01	   5.0118934194261833e-01	   5.5853583158536579e-01	   6.4159412742628774e-01	   4.2685916339810775e-01	   2.9083068099606169e-01	  -2.3536151883308040e-02	  -2.3247188237548004e-02	   2.9577636576734612e-01	   2.5127221415081202e-01	   3.3028604203531098e-02	  -3.9051009720737651e-03	   3.4558188314232741e-01	   1.9306582578073450e-01	   3.7100234416891847e-01	   3.1363429079285560e-01	   3.9630569460116322e-01	   2.7664569363181341e-01	   3.6783866069319793e-01	   2.7848714570211602e-01	   3.0121666999420615e-01	   1.8976719360429586e-01	   2.6354117928514953e-01	   1.3702447800659373e-01	   4.4194723177835382e-01	   3.1169113977165952e-01	   3.3765389391683803e-01	   3.2564161407241926e-01	   5.8146270247170329e-01	   4.1604518661611850e-01	   7.3198787265952814e-01	   4.0253685480756796e-01	   4.2837467097022353e-01	   2.8332002891818869e-01	   6.9658856315886453e-01	   5.2240431396800102e-01	   6.8669690116509019e-01	   4.8525305011180397e-01	   4.8733173268199370e-01	   4.4524581435485378e-01	   2.3672158244369368e-01	   2.6456967465308850e-01	   2.7116212058639333e-01	   1.9857534937810772e-01	   2.8880774185540070e-01	   3.2483107556141522e-01	   3.1475956644228864e-01	   3.6432508467656483e-01	   2.7376619129226243e-01	   2.7441914276208396e-01	   3.0787305154937938e-01	   4.9969715693830069e-01	   3.7085900090206336e-01	   3.2301786319618198e-01	   5.5497739882455377e-01	   4.1052271280578417e-01	   1.4341444949533955e-01	   1.8534203258771847e-01	   5.3793503124160336e-01	   4.7043104683258380e-01	   6.5958475954979945e-01	   7.1733427510176595e-01	   4.9034822785096877e-01	   5.1330511230049591e-01	   9.4203285523298541e-02	   9.8072577011485265e-02	   1.8564237010858187e-01	   1.9711196288236896e-01	   3.5982652147406541e-01	   5.1223227987711539e-01	   5.2191340322787538e-01	   7.9332736335404963e-01	   3.9387937156186215e-01	   5.4680412048487792e-01	   4.0597348312004261e-01	   3.8100918508954662e-01	   4.1739745216278767e-01	   3.2670081740608248e-01	   1.0290967728462408e-01	   2.1549408493554422e-02	   1.8644409415456090e-01	   1.2617944163585951e-01	   3.2518781560714954e-01	   1.8937264302456036e-01	   1.1593357158028079e-01	  -4.4244847557526584e-02	
   4.2538998923205468e-01	   3.8921603857663994e-01	   3.5391694703825610e-01	   7.6602406593594830e-01	   6.4869196219169778e-01	   6.6517854916545438e-01	   8.1416929975996954e-01	   0.0000000000000000e+00	   4.8195926729504057e-01	   8.3363212598823111e-01	   3.6239045554817195e-01	   7.9353090365603884e-01	   4.8447215634894336e-01	   7.7993731399727384e-01	   1.3958532636357501e-01	   4.1601707306153796e-01	   1.3716631246024008e-01	   2.4504040674412253e-01	   2.6528262567358529e-01	   3.2311881179712137e-01	  -1.6721193669956788e-01	  -5.3001533986238490e-02	  -9.1716681850549958e-02	   3.7313366959921865e-02	  -1.5388834638863380e-01	  -9.2782812478370988e-02	   2.1470062496798603e-01	   2.6166258692136335e-01	   2.9096520522972125e-01	   4.8586698533808093e-01	   3.1428283696642973e-03	   3.3234823866615165e-02	   3.9820901275847037e-01	   5.4509023449241956e-01	  -1.1621002911658160e-02	   4.5462260810559610e-03	  -1.9983072179578706e-01	  -1.4276348152826621e-01	  -1.3597584252467217e-02	   8.1129957632641012e-02	  -5.4422800198165332e-02	  -2.3241699877397860e-02	   2.7434619331163362e-01	   2.2146773480229745e-01	   4.0808644527745203e-01	   4.4987055760198680e-01	   4.1936879228511320e-01	   2.5726272338965411e-01	   5.4968246906989515e-01	   4.9108018262871300e-01	   4.8729837237848128e-01	   3.9998973735516208e-01	   2.3545630469971937e-01	  -7.4392147743759421e-02	   4.5578493046698476e-01	   2.7188373852013997e-01	   2.5402034039157939e-01	   4.2755229126857497e-01	   5.1892144041251598e-01	   6.6375136043882654e-01	   6.7383506700691231e-01	   9.8506802596333976e-01	   5.2178838907330061e-01	   7.4598882774246256e-01	   2.4453063129326924e-01	   5.1047746290896856e-01	   4.6988987957989625e-01	   4.9857295099560489e-01	   3.2556545610184279e-01	   2.7828418009620515e-01	  -1.7637109510553521e-02	  -1.6353009636774364e-02	   1.8241677915597415e-01	   2.4732756804838088e-01	   2.9355395648124666e-01	   3.8999205722243835e-01	   4.7036365120003344e-02	   1.6120606713553046e-01	   2.0842701280714726e-01	   1.6428948670665641e-01	   3.8365877879043214e-01	   4.7407523974670096e-01	   6.8148531550804095e-02	   2.6746806807210893e-01	   2.1082822694031228e-01	   3.0677217620749875e-01	  -1.8607913097794040e-01	   1.1485704348715518e-02	   2.3436496539617813e-01	   2.9001459655927608e-01	   3.4180444162408097e-01	   1.8533697788438749e-01	   2.1574421517206954e-01	   1.5492094743667572e-02	   6.3871092013995545e-02	   1.1532579607207322e-01	   1.9763309128286857e-01	   8.7941426439144460e-02	   3.3634393863229600e-01	   2.4312780524048105e-01	   5.9249873570811817e-01	   4.4524989541997700e-01	   3.1213094339442604e-01	   3.8100446845832364e-01	   3.4527105166398275e-01	   1.6808306139105597e-01	   3.1797651098338120e-01	   2.4579892845623316e-01	  -6.0879912693431924e-02	  -9.9194437553427647e-02	  -8.2447779776573901e-02	   3.0123152237608076e-02	   2.6006257222131857e-01	   4.0531829815244606e-02	   2.3689199076496466e-02	   1.6734039755083748e-02	
   5.8183492195701370e-01	   5.4350441165490282e-01	   5.5280649964322093e-01	   2.9730335745589359e-01	   8.8940260286777706e-01	   7.3824341075525690e-01	   7.2230157594534861e-01	   4.8195926729504057e-01	   0.0000000000000000e+00	   1.0913867702305395e+00	   5.1883350960302632e-01	   3.5195103116832333e-01	   8.7266960954711648e-01	   4.6398454562728952e-01	   8.5213503081284903e-01	   7.8106014305940530e-01	   1.2402238252451098e-01	   2.9349509935946311e-01	   3.3849274779666022e-01	   3.2732352351368305e-01	   2.0153703125538058e-01	   2.3049155250176467e-01	   3.9009722690467596e-01	   3.5610086228241272e-01	   3.5131467462890237e-01	   3.2352439670252958e-01	   6.0960777323377668e-01	   5.8367711985312420e-01	   9.3199726402499808e-02	   1.2969898368865104e-01	   1.2555899051781022e-01	   4.4246321894465764e-02	   8.3368025428217488e-02	   1.8914380138582124e-01	   3.2250523953628762e-01	   1.1142287309683754e-01	   1.8078177918269631e-01	   1.7568576740147834e-01	   4.3581635480910796e-01	   4.0246753795052520e-01	   2.5663836648261995e-01	   2.4029595028281417e-01	   9.1553246672641073e-02	  -1.1532400170436994e-02	   1.1825104588684381e-01	   1.3289528748327611e-01	   2.6129557764121270e-01	   2.3296233339000963e-01	   2.4868070624941524e-01	   2.4439152655469404e-01	   2.8704966689031525e-01	   1.7411764062337498e-01	   4.1404698145908786e-01	   3.2539521621777373e-01	   4.6990609120882981e-01	   4.4858365076009110e-01	   5.5927529244237706e-01	   5.9868751939226328e-01	   5.1931762410023774e-01	   5.2411387007785404e-01	   9.6581841917350753e-01	   5.4672679858858708e-01	   4.1749956691902790e-01	   2.4508918670144014e-01	   5.6927548539588346e-01	   4.3827481546854585e-01	   2.3175776963765332e-01	   1.3380252133133383e-01	   6.6883951000992647e-01	   6.7609514497540946e-01	   6.0628438009428680e-02	   1.1759501602442150e-01	   1.4569940200038617e-01	   1.8394785516747394e-01	   1.5163463683829928e-01	   2.1556846206709543e-01	   5.7432646741886889e-02	   2.1663861588314642e-01	   1.5833904026306300e-01	   3.4146942995597042e-02	   3.4674649911898392e-01	   3.5565829199689564e-01	   4.3289468482042492e-01	   4.4450997586866964e-01	   3.9633939069551388e-01	   2.6464690489091153e-01	   2.9355598310487713e-01	   2.5441967609781296e-01	   8.3006333912522845e-01	   6.0031606139144578e-01	   4.3890308159941865e-01	   6.0176501322319420e-01	   5.1065290751242909e-01	   6.4283947492689963e-01	  -8.1293991073494359e-02	  -9.7427883438928373e-02	  -2.3328684882461200e-02	   9.9070047128812067e-02	   4.0683881543790185e-01	   5.4085238248696932e-01	   4.3319962667500972e-01	   8.6999980773572627e-01	   2.8000338338498842e-01	   3.3080919716441659e-01	   3.6589972077450163e-02	   4.3469396628231568e-03	   2.2711013258294313e-01	   1.5395195245016209e-02	  -7.2157235139258522e-02	  -7.4297227534846130e-03	   1.1858004892195234e-01	   2.7583366804426979e-01	   3.5358259650242191e-01	   2.7924739668564169e-01	   8.0852205566381299e-02	  -1.8104699089268794e-01	
   4.8082393474050367e-01	   4.8315790144388460e-01	   3.8258749727114999e-01	   4.4746620864596637e-01	   8.0295257525840535e-01	   1.1778336930874134e+00	   6.2636245330711249e-01	   8.3363212598823111e-01	   1.0913867702305395e+00	   0.0000000000000000e+00	   3.5564145226981642e-01	   4.5310931334505511e-01	   5.8466132111651747e-01	   4.9563903722439601e-01	   5.1693711648609542e-01	   8.0992541523858097e-01	   1.0123769764202364e-01	   2.4084712039931877e-01	   3.0191031587251654e-01	   3.4673628717328364e-01	   1.2022462636772867e-01	   1.6735996572580003e-01	   1.7114482077455201e-01	   2.3149198510244609e-01	   1.1144604859296799e-01	   1.6522417858347066e-01	   4.9269099005322559e-01	   6.3095600309927513e-01	   1.1476368704423559e-01	   2.5210518291500161e-01	   4.3138722041741968e-02	   2.1393140971483347e-02	   1.3568976666044869e-01	   2.8136688540690158e-01	   1.3693908000809168e-01	   4.9277379807960084e-03	   6.3703205460729842e-02	   8.6913207024387373e-02	   3.2184472805406100e-01	   3.1526305705189539e-01	   2.4666732550672602e-01	   2.1090869106336158e-01	   1.2906043091657629e-01	   5.8881293606806322e-02	   2.2724119144815358e-01	   2.5550302073945974e-01	   3.0596378185187273e-01	   2.6910281590451657e-01	   3.7067098304455576e-01	   3.6846112570033235e-01	   3.0596413483998391e-01	   2.5068086141464285e-01	   3.3535209432613272e-01	   2.0652837578723426e-01	   4.4806457487783730e-01	   4.4011297053761927e-01	   4.5835283203984462e-01	   5.3419656863852505e-01	   4.3902160535405960e-01	   6.3630816221457676e-01	   8.1588824465349152e-01	   8.4928993545656717e-01	   3.4000291570800095e-01	   3.1822017430467825e-01	   4.0788122040254010e-01	   4.8806317249784736e-01	   2.3762203494767559e-01	   2.0208411824206579e-01	   5.7331455561670175e-01	   5.2958499495085032e-01	  -3.5602270347266001e-03	   1.7071186353422588e-02	   1.0682416947259245e-01	   1.8211600292297531e-01	   6.3284309164173824e-02	   1.7981429505628307e-01	  -2.4529988040148339e-02	   1.9346695930548935e-01	   3.7575854631178969e-02	  -7.3958687192357958e-02	   3.2717734972257279e-01	   2.6397572431563265e-01	   3.5584575342556096e-01	   5.2651481849831516e-01	   2.9839695604784705e-01	   1.4570310683710005e-01	   1.6968911636364303e-01	   2.7881137921725274e-01	   6.8076798706304231e-01	   5.0100637436163886e-01	   4.2108774652311926e-01	   3.9162217131639998e-01	   4.7560273514029494e-01	   4.0189722324228877e-01	  -1.1763973269647746e-01	  -1.4288200768396001e-01	  -1.0934584730651031e-01	   2.4076708446662261e-02	   3.8435869311273452e-01	   4.0781454468962736e-01	   5.4289823374614821e-01	   7.6608315017527251e-01	   3.2071382977022772e-01	   3.3446211153395183e-01	   5.1986450738288205e-02	  -9.9763986697875479e-02	   1.7694083083298257e-01	   9.3698035300652203e-03	  -1.4385146393833548e-01	  -6.9602022107081274e-02	   2.8295105181437644e-02	   2.0408601365424733e-01	   3.6142545051175029e-01	   2.9247744742564574e-01	   5.0498532534991314e-02	  -2.3556319291907543e-01	
   7.9713443082168400e-01	   5.8176605106046397e-01	   9.3683179763336150e-02	  -6.8870379464348944e-02	   4.1236456925034709e-01	   1.3571298228866502e-01	   4.0310757711272693e-01	   3.6239045554817195e-01	   5.1883350960302632e-01	   3.5564145226981642e-01	   0.0000000000000000e+00	   6.8963656695892261e-01	   1.2209649439822572e+00	   7.6626259306123778e-01	   4.6772754771649722e-01	   3.5496597563947535e-01	   3.6579887681382312e-01	   4.6190628230601760e-01	   6.1803731846802235e-01	   5.5051112798140978e-01	  -2.4719042325598828e-01	  -1.9737655494210862e-01	  -1.1218565006985257e-01	  -2.0406813131331511e-01	  -2.2822784826231082e-01	  -2.9829604959987999e-01	   2.4036868322016663e-01	   8.3820928723584931e-02	   4.8366925494586088e-01	   5.3784382657660013e-01	  -1.8873582103661848e-01	  -2.6543693364829724e-01	   5.3810798168258234e-02	   5.2402865367256815e-02	  -2.4855545801029089e-01	  -4.3732665938734061e-01	  -3.5317786689933045e-02	   9.2539344814597968e-02	  -3.5336705388241324e-02	   5.7889711648566766e-02	   5.6495030844782142e-02	   1.1766144334224679e-01	   8.1252530260661551e-02	   1.5031031943946289e-02	   6.3117376271858372e-02	   4.5623023937559931e-02	   2.6779271520692782e-01	   4.5814758568888017e-02	   2.5311547456573275e-01	   1.3906546185987007e-01	   3.4782957240457318e-01	   8.9900014915308968e-02	   2.8734628399833062e-01	   1.0943907291838988e-01	   2.7384652244706853e-01	   1.8318917312870953e-01	   3.6548953019075381e-01	   4.8659711024408447e-01	   2.6474336339403609e-01	   1.8915488329328856e-01	   6.5386977050057060e-01	   3.1338281030219028e-01	   6.7139803366832307e-01	   4.5272353441600854e-01	   6.5723355119910426e-02	  -9.0722217470831715e-02	  -1.1575074709678503e-01	  -2.1007388846547848e-01	   3.9401308367161925e-01	   3.5240032315536224e-01	  -5.8318773690350656e-02	  -6.8724447077126369e-02	   3.7155154185155964e-01	   2.9741210285262698e-01	   5.0612064135531276e-01	   3.1390470984804147e-01	   1.1751205382151353e-01	  -2.0938311578088516e-02	   1.6574022585912121e-01	   1.7627742170106650e-01	   2.3002234827515788e-01	   3.6893254626526473e-01	   3.5536708094797209e-01	   2.5509016835114928e-01	   1.4528375465856369e-01	   7.0426991505744926e-02	  -1.6953618457904874e-02	   2.2775671603747331e-02	   1.5693792113686739e-01	   1.9610220605393178e-01	   7.2218361807328768e-02	   2.2996972833385332e-01	  -1.5993001224046222e-01	   1.8326121054169739e-02	   7.8927512898183672e-02	   7.0376002272092342e-02	   1.4221181164684407e-01	  -2.7109996490570158e-02	   3.3158203716974788e-01	   3.4023554208329854e-01	   9.6925726117005034e-02	   3.2328227343657501e-01	   1.3988169795224004e-01	   2.2813327271220904e-01	  -4.0763475876819118e-02	  -1.1463527937213532e-01	   2.4333088377171860e-01	   1.0650335211939832e-01	  -1.1155299084256790e-01	  -8.5068340521557914e-02	  -1.3152740937693116e-01	   2.1823510233352733e-01	   2.4191272327353464e-01	   3.4642708412570312e-03	  -6.5701450205500958e-02	   9.1697758886677028e-02	
   5.8206776101985602e-01	   6.0066771226986981e-01	  -1.0095916904878605e-01	   8.0393669787497207e-02	   2.8201963866228691e-01	   1.6406391181422786e-01	   2.8941915522101636e-01	   7.9353090365603884e-01	   3.5195103116832333e-01	   4.5310931334505511e-01	   6.8963656695892261e-01	   0.0000000000000000e+00	   7.4213138447180427e-01	   1.5275377538344226e+00	   5.5655140382323345e-02	   2.8502673523001282e-01	   1.7466588640841951e-01	   3.1274025451124049e-01	   2.0696519501087607e-01	   3.4509615284556178e-01	  -4.2102742718027442e-01	  -3.1991928882896048e-01	  -4.2534366271292756e-01	  -3.0320703120267256e-01	  -4.9956374842878054e-01	  -4.4851898041745264e-01	   6.1872097615591461e-02	   2.5461613852163421e-02	   3.4623727488694395e-01	   5.1653247791717827e-01	  -4.0149826503909214e-01	  -4.1488811220247351e-01	   1.5931587002789610e-01	   1.6026073698283655e-01	  -2.9775409593593227e-01	  -2.5897628606005119e-01	  -1.6658490123232189e-01	  -1.0231254935336874e-02	  -1.9497096423192908e-01	   4.4656454860290837e-02	  -8.4130116724602702e-02	   5.0978264165020756e-02	   1.2597920644442906e-01	   1.5312321631435435e-01	   9.5185675346546914e-02	   1.9752041281434463e-01	   3.9919848717688855e-01	   1.7749371585826368e-01	   5.1265239128807649e-01	   5.0054878961075377e-01	   7.3693673499885826e-01	   5.0394448080957432e-01	   3.2838997376179002e-01	  -1.1001613096541736e-01	   5.7582700435809486e-01	   3.2995336010191412e-01	   2.6342308052411212e-01	   4.7129920164509853e-01	   5.6349602739826354e-01	   5.1641370373277384e-01	   6.4086202056709751e-01	   7.3253073736168106e-01	   5.8771761365731967e-01	   9.1380062553976793e-01	  -1.3545138488016228e-01	   1.3087858313620440e-01	   9.1181361918908008e-02	   1.5707571845387647e-01	   3.1595079391002440e-01	   2.2967063704588081e-01	  -2.6968273701219603e-01	  -2.7006640505449447e-01	   2.9096689854540070e-01	   3.9077273194643358e-01	   5.3344577301239049e-01	   4.6594769915625944e-01	   1.1604757655844698e-01	   1.8966120534670360e-02	   2.3562160129499049e-01	   1.6410367840377429e-01	   4.0383119123528111e-01	   5.2297686418615708e-01	  -3.1249503553683479e-02	   8.1750899741569044e-02	   1.9598444921625532e-02	   2.5802809218806078e-01	  -2.9107783511320223e-01	  -1.5851217273667262e-01	   5.1989259284954625e-02	   2.5386876701441619e-01	   3.5401169882155990e-02	  -5.0863978539560234e-02	  -1.4053797866073678e-01	  -2.2262724580793430e-01	   4.8078070509970379e-02	   1.0937904447133812e-01	   2.4614761568850013e-01	   2.3087931578474906e-02	   3.7497483158636757e-01	   1.4757960539636572e-01	   3.1684226559336959e-01	   2.6274448608159362e-01	   1.1987887908929082e-01	   2.3466587850919457e-01	   1.7134868274818715e-01	   5.5292724233042122e-02	   3.1879639481994043e-01	   2.2028189125684469e-01	  -1.1097684446854179e-01	  -1.4546543899113762e-01	  -2.0162137420576617e-01	   1.3242408905376296e-01	   2.1128545413833477e-01	  -1.7091281072737677e-01	  -1.2696902641420413e-01	   8.1065715168981464e-02	
   6.9886984637912075e-01	   5.7347854832149125e-01	   2.1682588647096473e-01	  -1.0627122177353858e-02	   5.6028736714403971e-01	   2.7476107577658587e-01	   5.6035777442025703e-01	   4.8447215634894336e-01	   8.7266960954711648e-01	   5.8466132111651747e-01	   1.2209649439822572e+00	   7.4213138447180427e-01	   0.0000000000000000e+00	   9.1757735947799113e-01	   5.4741964691601130e-01	   4.1169346236862314e-01	   1.0801369691022121e-01	   2.2284349352983718e-01	   3.3818671133545125e-01	   2.8311162818364594e-01	  -1.8483417625256976e-01	  -9.8589082210766454e-02	  -2.5391098768241843e-03	  -7.3459692786894959e-02	  -6.9911244708180248e-02	  -1.1657800062785154e-01	   3.3371378153610431e-01	   2.2100140154538325e-01	   2.0249434090064231e-01	   2.4119548045800046e-01	  -1.6054611660343590e-01	  -2.5413560309474842e-01	   2.6775859237630904e-02	   5.2352782336727695e-02	   9.2458059424742410e-04	  -1.6432817294094620e-01	   1.3960566744315841e-02	   7.2497680828307876e-02	   6.0197221770105086e-02	   1.5310271098371644e-01	   1.5922679782896663e-02	   1.1206654323681037e-01	   2.9826043895568696e-02	  -8.5676412437552557e-02	  -4.8873650908220316e-02	  -3.0818648459504411e-02	   2.2386780400178666e-01	   2.1138175902380603e-02	   1.4642036928388585e-01	   1.0912263062757643e-01	   3.2126230950173101e-01	   1.0563908784089469e-01	   3.6115202755784237e-01	   1.3982318790926976e-01	   3.5113615732498005e-01	   2.0683023560704145e-01	   3.6553731536696316e-01	   4.7914331409482491e-01	   4.6994526135064857e-01	   3.6264860284331690e-01	   9.8266835402321528e-01	   5.9665265196836481e-01	   4.5848507208965222e-01	   3.4748649037552720e-01	   2.1408346381874030e-01	   1.4387631806943488e-01	   3.3931819834236439e-02	  -4.2202874721678725e-02	   4.5631869081755083e-01	   4.3905778371055149e-01	  -9.3642820011332950e-02	  -8.0961995475697421e-02	   1.9464889924489256e-01	   2.1026926021970857e-01	   3.6980594683139340e-01	   2.3509716092414293e-01	   5.9349495989170116e-02	   1.6949749768351521e-02	   1.3470567401314296e-01	   5.3279108319480802e-02	   2.7431487907268592e-01	   3.2926253195211858e-01	   2.1169600440400527e-01	   1.1854462589632070e-01	   2.5991695399539949e-01	   1.5456715532522805e-01	  -4.1878039171046252e-02	  -8.1469408823347134e-02	   3.5462947638212677e-01	   3.2585881837773867e-01	   1.2402135306077663e-01	   2.6293391587873866e-01	  -2.0943571142412031e-02	   1.3701454003286923e-01	  -1.8023347209503080e-02	  -8.8605128468837828e-03	   9.1324529713461278e-02	  -2.8527695658360563e-02	   2.2853459441984503e-01	   2.6847621059757426e-01	   1.0404426733499540e-01	   4.6640160470268022e-01	   4.8023218495131048e-03	   1.4181467799285449e-01	  -3.5492452335654998e-02	  -4.5350826071880797e-02	   1.9850589887614734e-01	   2.7481972190624551e-02	  -1.4701770276570600e-01	  -1.8978218231414645e-01	  -1.2404922273331521e-01	   1.0999022116799310e-01	   2.0340005686179938e-01	  -5.0229077657305950e-02	  -8.6143879893153141e-02	   2.8326512730552207e-02	
