   0.0000000000000000e+00	   6.9252216322550209e-01	   6.3695536149993326e-01	   1.6602421526722033e-01	   6.8796091937273851e-01	   5.9733206988196375e-01	   5.9475201998863425e-01	   5.1285281264843818e-01	   6.1767553003181908e-01	   4.8934227101650224e-01	   7.9538665960966393e-01	   4.2565362611227786e-01	   7.1575815406302778e-01	   4.9709783963838955e-01	   7.4282216985593652e-01	   4.1011777190813692e-01	   2.4158099500962105e-01	   3.2765106246325193e-01	   7.4328027624983095e-01	   6.5374717202008092e-01	   2.6468025512460930e-01	   3.8777716138439811e-01	   4.9513692275577392e-01	   3.2152743251287197e-01	   3.7265813097282730e-01	   4.0596438577485550e-01	   4.8349032127059055e-01	   5.3010063656366291e-01	   3.2570417300661525e-01	   2.3517337680593148e-01	   1.9857621833880709e-01	   1.3990520452350941e-01	   4.1926525624695687e-01	   4.1863062903497544e-01	   5.0311187592106277e-01	   4.9384916039372106e-01	   6.5132150788848553e-01	   4.5590011063893321e-01	   5.6144072235028075e-01	   3.7791229800172421e-01	   4.8461670617752395e-01	   3.2951350636452365e-01	   7.3456226866910324e-01	   7.5851130839652292e-01	   5.7395272549495213e-01	   5.4880761183236315e-01	   6.9493750028451928e-01	   7.9168440473627355e-01	   6.0147243479466361e-01	   5.6236850385551662e-01	   7.9272121014884367e-01	   6.1510044474574954e-01	   8.4080722768833405e-01	   7.1890654167683887e-01	   7.5075465389199103e-01	   7.0827077324619747e-01	   4.7566459584246579e-01	   3.5501229101592846e-01	   7.6695952768861264e-01	   4.5492937999805472e-01	   4.3379639312222762e-01	   1.7090837203164655e-01	  -9.0885125543655645e-02	  -1.0267845208131653e-01	   4.5335516482416027e-01	   3.6852879030440711e-01	   6.3023028698796280e-01	   4.1006867733234903e-01	   4.9143323476981626e-01	   4.5766354427084521e-01	   3.1246925402671921e-01	   2.7416921574991132e-01	   4.0030512706558585e-01	   3.0975975560029290e-01	   4.2381342068876726e-01	   3.6586810623894900e-01	   5.4195102765539338e-01	   4.3376341511598854e-01	   4.5761691702524449e-02	   3.1506645701971608e-01	   2.3799821927711201e-01	   4.9082939643601070e-01	   3.7798030511571035e-01	   2.9905823610653937e-01	   4.7230193228028139e-01	   4.1075248542993081e-01	   4.6397595209752174e-01	   2.9965725203560389e-01	   6.8060269618195890e-01	   7.2041559115052434e-01	   7.1224788707140163e-01	   6.5834625852090778e-01	   5.7638189758943170e-01	   7.1621936600547431e-01	  -1.0890760359313129e-01	  -8.2677793483720508e-02	   6.7250364608684277e-01	   4.9089264045163905e-01	   7.3894148412551497e-01	   7.3530315975655380e-01	   7.2433754670923989e-01	   7.0832801580430882e-01	   6.6020106266520606e-01	   6.9756560139404955e-01	  -6.3145721350148842e-02	   1.3512011906764271e-01	   1.3555431197549214e-01	   5.2571012175856313e-01	  -1.0625391629506917e-02	   1.9972572618228626e-01	   5.7286494564645496e-01	   5.9561403801328883e-01	   5.8717798500323459e-01	   6.1583833151529266e-01	   6.0636023081855861e-01	   7.1556455299943561e-02	
   6.9252216322550209e-01	   0.0000000000000000e+00	   4.2667057727393110e-01	  -7.4556848862604733e-02	   3.9147638513303168e-01	   2.6204423164658242e-01	   1.5802980852306583e-01	   3.7470374645336479e-02	   2.1652507285389744e-01	   1.8996795929911270e-01	   3.6305544390645966e-01	   1.4776334120608992e-01	   3.3745562562062859e-01	   4.6245070965244481e-03	   3.6350575122949758e-01	   1.1730159598259132e-01	   4.7468675002684158e-01	   6.2624135110320900e-01	   7.6334432973518807e-01	   7.8051431601575927e-01	   4.7033303326271640e-02	   3.9581646449053842e-01	   2.8151305436073798e-01	   2.1940456253707007e-02	   4.3735934270704258e-01	   3.5873798935440632e-01	   3.9969187791694022e-01	   2.4475434065952290e-01	   4.6662248961774577e-01	   4.8923566832402310e-01	   2.5361615685543448e-01	   2.0335192831230503e-01	   5.7389624262980676e-01	   4.3513856809286400e-01	   2.4901760822417049e-01	   2.8846704358565539e-01	   7.4480867077456059e-01	   7.1109011289865032e-01	   2.1228152583922430e-01	   5.7722458601409732e-01	   5.7699363267420511e-01	   5.9832271767472378e-01	   7.3479660506763311e-01	   6.7514834060389517e-01	   6.6761756463466293e-01	   6.4816541411997708e-01	   6.1497170077446917e-01	   7.3269486178202481e-01	   6.3211028071082231e-01	   6.4607482852657983e-01	   6.3820058397680079e-01	   5.3399287347500746e-01	   7.0683424409287809e-01	   7.8572638534897987e-01	   6.2015840668785960e-01	   6.2080472604277825e-01	   8.0961572821530758e-01	   6.7976007418571815e-01	   3.9081961971735285e-01	   2.1924295304152472e-01	  -2.3743443999392468e-02	  -1.7714661176583452e-01	   6.5266264637004065e-02	   8.1281464829028080e-02	   1.6399139844199756e-01	  -9.0236792562930657e-02	   3.7588206176698535e-01	   1.9803855600826231e-01	   7.3477105481829263e-01	   6.0764889638152897e-01	   5.7860403910463676e-01	   4.3484964811412041e-01	   6.0149949327293650e-01	   5.8929939556910793e-01	   3.8935761838661970e-01	   2.7179087246765832e-01	   6.3337492521987249e-01	   4.9663802428590043e-01	   4.3845255205315981e-01	   6.1260033712842721e-01	   5.5396576614376825e-01	   7.1247219699388964e-01	   4.8872525113537779e-01	   3.7769151493776076e-01	   3.8928442762664811e-01	   2.0142053388233860e-01	   3.2146050388803304e-01	   3.4086591185158177e-01	   3.6637030926469966e-01	   4.7532868031595338e-01	   4.0506263981906315e-01	   5.7259185896480536e-01	   2.2929721972785619e-01	   4.5045858445486775e-01	   2.0748743864957825e-01	   1.1969574461945987e-01	   5.1722759180603628e-01	   6.6567517009816979e-01	   7.6422609754099402e-01	   7.6030039998740606e-01	   4.1443674887384191e-01	   4.6676761204359407e-01	   5.2970627400219239e-01	   6.1051108789235276e-01	   1.3843878876468887e-01	   6.3985102610079822e-02	  -2.8509559591981642e-01	   3.5128894851280223e-01	  -2.3837257242116144e-01	  -2.2525800114746333e-01	   4.3935240959411914e-01	   8.4391627004988023e-01	   5.0326978315795645e-01	   7.0698421837057468e-01	   5.8266862569416999e-01	   4.4749539695503981e-01	
   6.3695536149993326e-01	   4.2667057727393110e-01	   0.0000000000000000e+00	   5.5941658209860134e-01	   7.4805868557290078e-01	   4.2466806134926188e-01	   5.9165585463996839e-01	   3.8311605605802895e-01	   7.0691191676862952e-01	   4.4001034992085764e-01	   6.7374677338981837e-01	   3.6163250528672808e-01	   5.4446938608272710e-01	   4.3178581672350164e-01	   7.8123527759404010e-01	   5.8197114812722472e-01	   1.4809059648354667e-01	   3.1461114790685328e-02	   6.7109561877334922e-01	   5.7603713930629930e-01	   3.0297088865218169e-01	   4.1436065655993815e-01	   8.4275299989866681e-01	   6.7673946565911969e-01	   6.6047923543281817e-01	   6.2122335570598564e-01	   6.7534099542509662e-01	   6.8080784741308875e-01	   2.1841978702802828e-01	   1.0366885404166062e-01	   6.4051328473654934e-01	   6.6212661128758399e-01	   3.8199212981532382e-01	   4.9393396348057911e-01	   6.6566074040246748e-01	   5.5758200632061350e-01	   5.4919996848848496e-01	   5.1025542263735935e-01	   5.5656905481404617e-01	   3.5692051260340013e-01	   4.0508451962332226e-01	   3.6289462945726936e-01	   3.6371318900865179e-01	   2.9293510949001161e-01	   1.7537185782300263e-01	   1.5238107551043367e-01	   3.1566207457970480e-01	   4.6393266558725288e-01	   1.8512588423686713e-01	   1.5462244016850654e-01	   4.0449552751654722e-01	   2.6822021037099680e-01	   6.5033322726705256e-01	   6.2068215832545126e-01	   4.9257429829625121e-01	   4.2781926804272497e-01	   1.9138321717424508e-01	   1.6711839309537107e-02	   4.7683292140753708e-01	   1.1657637273484799e-01	   3.3391699621985349e-01	   5.5316353971833980e-02	  -1.9445863289227788e-01	  -2.5135555899608281e-01	   8.0334460988984269e-01	   5.8226733762220784e-01	   4.8170010352159887e-01	   3.3741737411365641e-01	   2.9789466500655704e-01	   2.5153155742591593e-01	   2.6779418128607058e-01	   3.5722601276782306e-01	   3.7289639707141864e-01	   2.2167679745363206e-01	   3.8524462013513572e-01	   3.3819481846285127e-01	   3.6399265078443305e-01	   3.9036703107000226e-01	  -7.6143765979239733e-02	   1.1250748095617519e-01	   8.0214941658587641e-02	   3.9951479080669017e-01	   6.2911479501656153e-01	   4.3056213526784770e-01	   6.5426612384381455e-01	   6.3675192317536478e-01	   7.0378435025029140e-01	   4.6826029055241081e-01	   8.2618363777851322e-01	   6.9807665781005768e-01	   6.9535799590009517e-01	   7.6420967903545911e-01	   7.7076979628030506e-01	   8.7441890786575349e-01	  -1.0714681803324742e-01	  -1.7202160780826403e-01	   5.2060965747269783e-01	   3.4388174574275410e-01	   4.1884491135551305e-01	   5.0234249075817716e-01	   5.7372512549765564e-01	   7.6587582095320239e-01	   5.0314523677119660e-01	   6.9162872529137076e-01	   9.0884992216789653e-02	   3.9880312173065438e-02	   1.1786938238074161e-01	   3.4588481317627495e-01	  -8.7410275809864768e-02	   1.7234804020456163e-01	   3.8870590450014814e-01	   3.8332485949467354e-01	   4.5635675718564350e-01	   5.5541627189518916e-01	   5.7214566398269051e-01	   5.9934160146372831e-02	
   1.6602421526722033e-01	  -7.4556848862604733e-02	   5.5941658209860134e-01	   0.0000000000000000e+00	   5.0249987825073461e-01	   4.2167162229201771e-01	   5.0413393729638212e-01	   5.4894376774468978e-01	   5.9267706993299152e-01	   4.8131102063841591e-01	   4.0210850221618039e-01	   5.4876901387370447e-01	   2.9645858410531745e-01	   5.6901870928991904e-01	   5.6045662767185345e-01	   7.0376676060508914e-01	  -3.5863875085582711e-02	  -2.8063569221390799e-01	   2.4269391125023426e-01	   3.0657075840741144e-01	   4.1606356315222037e-01	   2.9067164319141248e-01	   6.0388058851627402e-01	   8.1921330063720521e-01	   2.1946706824605239e-01	   5.1741990315276709e-01	   3.7698630813903777e-01	   6.5200460913905933e-01	   1.9921010967221105e-02	  -2.3206899754718849e-02	   4.2775644049046974e-01	   5.9283610242837770e-01	   1.6062960599555576e-01	   4.2960294591105996e-01	   3.1895223737258377e-01	   4.1332138486430847e-01	   5.2098594068737195e-02	   1.1565457460438586e-01	   4.3737821602956684e-01	   1.2346914487783221e-01	   9.7678914797302535e-02	  -9.9254936940202810e-03	   5.8646168372541836e-02	   8.9061655075061020e-03	  -1.0467286218444088e-01	  -4.9061067521044360e-02	   1.1799582173619880e-01	   1.6070465355721905e-01	  -1.7447471125693026e-01	  -1.8683388767116557e-01	   8.7216188930086674e-02	   5.0840763037616664e-02	   2.8631990096612320e-01	   2.1948112162450048e-01	   1.6184432411171645e-01	   1.5271883634271702e-01	  -2.0332104711900234e-01	  -3.6766218413159474e-01	   1.5996435197300102e-01	   1.0026056587768170e-01	   2.7600613379786199e-01	   4.0247233367380858e-01	  -6.5629571221740065e-03	  -1.6624858256377589e-01	   6.4083543546219446e-01	   7.5769149044512929e-01	   2.7383142196515498e-01	   4.5521801139135099e-01	  -1.7332065752038128e-01	  -1.1975207751265120e-01	   1.2346751254913411e-02	   1.9461415836594553e-01	   2.1918933438953592e-01	   8.3722124765048589e-02	   4.3982458273286829e-01	   5.5437497462168994e-01	   5.4213886824394167e-03	   2.7178530341143087e-01	  -2.9735328529293747e-01	  -3.2873757991726005e-01	  -7.0642703153812478e-02	   2.0102484615234911e-01	   4.5604486976555392e-01	   4.2187690113467075e-01	   4.9958856460197021e-01	   7.6931916731312988e-01	   5.0844623576177095e-01	   5.8769582267870235e-01	   6.3393133193102447e-01	   5.4985194214240951e-01	   6.4048226660429253e-01	   2.6996107863230412e-01	   7.4079180545486456e-01	   5.4790309576421903e-01	  -1.6715831915215701e-01	  -1.5262877435449057e-01	   1.9480832487962063e-01	   2.6717616642715519e-02	   8.6918102000117181e-02	   1.2197828052927676e-01	   4.2057981845946457e-01	   5.4517130883566023e-01	   3.0895782438257990e-01	   4.2136807724441139e-01	   1.1700128919368362e-02	   7.1857356789653076e-02	   2.4196212745143189e-01	   1.4776684505696730e-01	   9.3193903684561263e-02	   3.5105140781498217e-01	   2.0146130770979681e-01	   3.8519492422696894e-02	   2.3735761433319030e-01	   2.9493547353945221e-01	   3.3896143423270292e-01	  -1.7931740684929212e-01	
   6.8796091937273851e-01	   3.9147638513303168e-01	   7.4805868557290078e-01	   5.0249987825073461e-01	   0.0000000000000000e+00	   6.2686881003674855e-01	   5.0057854923273215e-01	   3.6985128911967724e-01	   8.2138010160188002e-01	   3.5659066849778875e-01	   7.2220489625496120e-01	   4.6625815608970644e-01	   5.2828755698581653e-01	   5.8515576027465777e-01	   8.1019927654715485e-01	   6.6229094951221701e-01	   1.2954662050740431e-01	   2.9118279956267049e-02	   6.2418165735914077e-01	   5.7811120270275351e-01	   4.5932378865008594e-01	   5.4461458246866856e-01	   8.3129683715734104e-01	   7.1673494442870878e-01	   5.8957238590943262e-01	   7.2870453267036783e-01	   6.4593218245632178e-01	   7.9505080137072248e-01	   2.2392718252202615e-01	   8.6284646646883068e-02	   4.6599891232412105e-01	   4.7390401951417827e-01	   4.0289254465212454e-01	   4.2479007495286453e-01	   6.4731723393886176e-01	   6.1681775099344160e-01	   6.1043184829473485e-01	   3.6451307326208116e-01	   6.9958672144358247e-01	   2.9527968278512429e-01	   3.9087906207536249e-01	   2.7000641058290326e-01	   4.9153050688258815e-01	   5.0558096174702738e-01	   2.6934667824041048e-01	   2.1135354142527465e-01	   5.2189435401967310e-01	   6.0328940328149783e-01	   2.7188078519041137e-01	   1.5394294078069870e-01	   4.9336750329146484e-01	   3.6773171843884223e-01	   6.7575492662077941e-01	   6.0928936148305979e-01	   6.1592404340042695e-01	   6.0247058356507299e-01	   1.5528969651556762e-01	  -3.0877006181592788e-02	   5.0762877359497804e-01	   1.2275944507709127e-01	   2.6344434605129491e-01	   9.7087868747217990e-02	  -7.3361354511440505e-02	  -1.0858082564310845e-01	   7.7372440032602274e-01	   5.9317300286969366e-01	   5.2250221521980955e-01	   3.9471935312430162e-01	   3.2780767277329781e-01	   3.4228668544520752e-01	   1.3763251556862724e-01	   2.4809501496514136e-01	   3.5412250716384458e-01	   1.6330425560567513e-01	   5.1113214230200998e-01	   4.8317395457151457e-01	   3.3416235643129139e-01	   4.8885635399063121e-01	  -1.5532272335802802e-01	   4.4098764865839149e-02	   1.2082364084848608e-01	   4.2153854675550456e-01	   5.1762464028272182e-01	   4.5590984461530093e-01	   6.6386998583688106e-01	   6.7402551898634022e-01	   7.5125477695068721e-01	   5.7412294960264598e-01	   8.2838654266365730e-01	   7.4330274844686706e-01	   6.9129005515890318e-01	   6.4309467697967526e-01	   7.4341935885848665e-01	   7.9155621163047707e-01	  -2.9013008374125937e-01	  -2.6423529072066243e-01	   6.1237476167637706e-01	   2.7829376381245613e-01	   5.0326632529286108e-01	   5.3623716906625796e-01	   5.7604712829102289e-01	   7.2796565047227579e-01	   5.3101137106595753e-01	   7.0364853137922112e-01	   1.5129778147324070e-02	   3.3822503499157178e-02	   2.9946502526303503e-01	   4.3862815683476208e-01	  -1.0584267060076437e-02	   3.2649454376686993e-01	   4.8811409898907032e-01	   3.6764284725597041e-01	   6.1997358508080369e-01	   5.9516452736378933e-01	   5.7994815240455710e-01	  -1.2167381589371201e-01	
   5.9733206988196375e-01	   2.6204423164658242e-01	   4.2466806134926188e-01	   4.2167162229201771e-01	   6.2686881003674855e-01	   0.0000000000000000e+00	   6.9192783277717529e-01	   7.5869872555770423e-01	   5.1617631913525919e-01	   7.0663400062253490e-01	   5.4978864388463988e-01	   3.4841187432871523e-01	   6.1998921153349140e-01	   4.7785191564352258e-01	   6.0800265907924289e-01	   3.4232747246304734e-01	   1.8379914952796406e-01	   2.7440508004281144e-01	   4.4559066912878009e-01	   3.8181864225640261e-01	   5.8536289125431795e-01	   6.3349137868336958e-01	   4.0669633953951578e-01	   3.5323112454294958e-01	   2.1453225555241176e-01	   6.9752991132183240e-01	   3.1428650167901412e-01	   5.9990768825610741e-01	   3.8896016134880934e-01	   2.7636033725340342e-01	   2.6336462437011560e-01	   1.5625746377646582e-01	   4.2214795353929774e-01	   5.1347710044841666e-01	   4.3365232710237189e-01	   5.2731898018262013e-01	   3.2641637730875728e-01	   3.7533153085011284e-01	   5.6811599347344865e-01	   4.4245034346717860e-01	   4.0403864667322209e-01	   2.0680821329124685e-01	   4.8363005752176974e-01	   5.4791780829004322e-01	   2.9703908269525503e-01	   3.1076905010646227e-01	   5.1120950441202551e-01	   5.7674363890990610e-01	   2.7128100667741234e-01	   2.0479102244665071e-01	   4.7905209539692706e-01	   3.0822122031482546e-01	   5.1062151407030476e-01	   4.7217396128422623e-01	   4.7304108084173757e-01	   4.9580002581316490e-01	   2.8265277930479349e-01	   6.2705272314080990e-02	   5.4750285690844069e-01	   3.7878668682603289e-01	   4.4168184735997418e-01	   4.5512167537965365e-01	   8.0243494860210637e-02	  -1.4957134066751117e-02	   3.2630676014914595e-01	   5.4771538845104939e-01	   5.6335846234627773e-01	   6.0238808147980638e-01	   2.2761026283338975e-01	   1.5719697594674306e-01	   2.2802598796663093e-01	   2.5873012633998627e-01	   3.1528844688296986e-01	   2.8559738337655971e-01	   4.2599512100937742e-01	   4.4273804214331636e-01	   3.8179871075539296e-01	   4.0261931494782432e-01	   7.9776704692457082e-02	   1.9626967295826092e-01	   2.2978851585296178e-01	   3.5161192148860232e-01	   1.4142703650792393e-01	   3.2914533394324430e-01	   2.5320098745465042e-01	   3.8128046060879894e-01	   3.3029344524949411e-01	   2.5542374301427972e-01	   5.9233033650685285e-01	   6.6712372263459319e-01	   6.4280892752507635e-01	   4.0010735638991868e-01	   5.5509362103989779e-01	   5.9280493457099681e-01	  -2.0046770354823865e-01	  -1.8317994282724437e-01	   4.0658154230703414e-01	   2.2029231203162816e-01	   4.4664246469416891e-01	   4.2691117200007667e-01	   6.6288002957800696e-01	   6.1304001020045462e-01	   4.6719682156498488e-01	   4.9722794764413031e-01	   6.6558698509108394e-02	   1.1763456513450551e-01	   5.6459484894183232e-02	   2.4119204276981021e-01	  -4.4368378865609542e-02	   2.0086016790930386e-01	   4.3560646418900545e-01	   4.3239790989316140e-01	   4.7043607754552064e-01	   4.8484786956591797e-01	   5.6650932499924411e-01	   1.1802963095945590e-01	
   5.9475201998863425e-01	   1.5802980852306583e-01	   5.9165585463996839e-01	   5.0413393729638212e-01	   5.0057854923273215e-01	   6.9192783277717529e-01	   0.0000000000000000e+00	   8.4791805175532720e-01	   6.7405929272118015e-01	   7.7356525626437289e-01	   6.0771669694385255e-01	   3.4668283397471056e-01	   7.7693638499950057e-01	   5.4971873760232692e-01	   6.7758832517622869e-01	   4.0766740702254611e-01	   1.2762285854813921e-01	   1.2203411416405058e-01	   4.6115511115884000e-01	   3.5576863088094024e-01	   2.7070005543053349e-01	   3.7103566765696883e-01	   3.5865606777806791e-01	   3.6132754107275078e-01	   4.2491315172258119e-02	   4.0409680606201431e-01	   2.0520743941932615e-01	   4.6326266897710811e-01	   3.9568337248307273e-01	   1.5406843116786048e-01	   3.0373593676342114e-01	   2.6651260987052128e-01	   3.1383365676078839e-01	   4.3513924556344480e-01	   3.4770387101564582e-01	   4.1560381350867992e-01	   1.7946175208319520e-01	   2.7812999206287820e-01	   4.4778155931672381e-01	   3.7783226693320049e-01	   3.2003532908393573e-01	   2.3675042215861308e-01	   3.5737404634085218e-01	   3.7558796978918108e-01	   1.8022028666296341e-01	   2.4380017586710728e-01	   2.9032963655764926e-01	   4.4130575938758398e-01	   1.0783101909926428e-01	   1.7365769209344631e-01	   4.4409461222036162e-01	   2.6382160653034714e-01	   5.6973420208800463e-01	   4.3253103807399307e-01	   3.9798235031724621e-01	   2.8330848473679948e-01	   8.2248080226595313e-02	   9.2035659638062886e-02	   6.7602017863398944e-01	   5.1042082570116021e-01	   7.8734964648375350e-01	   6.0289999552279872e-01	   1.2998757082600268e-01	   2.9678343809736565e-02	   3.8767837734353960e-01	   5.6044924167356214e-01	   6.3659598650044291e-01	   5.4654283456626906e-01	   1.0079517504975963e-01	   7.1407144768250788e-02	   2.0643311343817006e-01	   1.5170692509391959e-01	   3.1244249336920010e-01	   2.5427507798162635e-01	   3.2821898824000206e-01	   3.2573989045013774e-01	   3.2250424054439703e-01	   2.9600899859390417e-01	  -6.1587655948948314e-02	   2.2537263435189220e-02	   9.4122523093227162e-02	   2.1216182853334550e-01	   9.2563430975707017e-02	   2.5159403435853500e-01	   2.0570457340566667e-01	   3.5429812247942838e-01	   1.6787363450948284e-01	   6.2583059378320358e-02	   6.3216506893366486e-01	   6.2843392812200960e-01	   6.8741752285391755e-01	   5.2352016166392934e-01	   5.8222966886409500e-01	   6.9418281052216868e-01	  -2.1798382263652599e-01	  -2.5839311436496110e-01	   3.7548613723332547e-01	   1.4717183520516885e-01	   3.4945378107646941e-01	   3.8909200675936767e-01	   7.0604458626515643e-01	   7.4533307736034571e-01	   5.5741111771878815e-01	   5.1139984003776040e-01	  -2.3253207504778606e-02	  -4.1021707953926602e-02	   3.4943066382642080e-02	   2.8087419879512732e-01	  -1.6048178997550300e-01	   1.1047854635025836e-01	   1.9307221255880885e-01	   2.4258515133042508e-01	   3.5713174878444465e-01	   3.4990160895198674e-01	   4.1753085058021605e-01	   1.3835393873471288e-01	
   5.1285281264843818e-01	   3.7470374645336479e-02	   3.8311605605802895e-01	   5.4894376774468978e-01	   3.6985128911967724e-01	   7.5869872555770423e-01	   8.4791805175532720e-01	   0.0000000000000000e+00	   5.5739561567010265e-01	   8.5080223243945763e-01	   5.0659124033100700e-01	   4.5439866041128985e-01	   6.6917321455041678e-01	   6.1228315783247322e-01	   6.1768982452770327e-01	   4.1065348348594355e-01	   4.2364788804416319e-02	   1.3290729344102950e-01	   2.8895133313588028e-01	   2.1993190274383825e-01	   3.8250196697346261e-01	   3.3305630382499984e-01	   2.7916186001417442e-01	   3.8571151025566630e-01	  -6.5034479223746722e-02	   3.6619464025037796e-01	   1.8347343801669180e-01	   4.6316859853749615e-01	   2.7469335024009345e-01	   1.8479388185136333e-01	   1.5125846560639145e-01	   1.0925532598070564e-01	   2.0649572681300590e-01	   3.5414974334728266e-01	   2.8716885968345307e-01	   3.5786663555748555e-01	   3.7547901053588760e-02	   1.6455820607171628e-01	   4.6781262776101434e-01	   2.7821069818522437e-01	   2.4786826718652782e-01	   3.7009572305114313e-02	   2.7162892728168608e-01	   3.3280274878398297e-01	   9.6267389339871279e-02	   1.8186758756420682e-01	   3.2261919747894785e-01	   3.7068081512263906e-01	   1.1632896923913666e-01	   1.7080776063587277e-01	   3.6674362754304990e-01	   2.6311389685647768e-01	   4.1690890542342884e-01	   2.8735483959810143e-01	   3.0550127346611716e-01	   2.7265906788091232e-01	   5.2520020900005092e-02	  -3.7406098483957040e-02	   5.7600798610169734e-01	   5.6256507713262294e-01	   7.3469606344449900e-01	   7.5103340099285143e-01	   6.3967550591073299e-02	  -6.9011067720685632e-02	   3.1489709983696723e-01	   6.7406540593816755e-01	   4.6203829428506210e-01	   5.2955282486283528e-01	  -4.6153921560412425e-02	  -1.3645151420656365e-01	   1.1249373307079917e-01	   7.6762174143857997e-02	   2.0493263217117971e-01	   2.1433435090551095e-01	   3.0636005874580535e-01	   3.8874835472389646e-01	   2.4242233320026363e-01	   2.3944303269834993e-01	  -4.7925648634276133e-02	   1.0873509765971595e-02	   7.1544255976596124e-02	   1.7415729493492893e-01	   4.0322549119169701e-02	   2.3156255681672125e-01	   1.7882387911524425e-01	   3.9594839934085829e-01	   1.5527504093338212e-01	   1.0635102564159607e-01	   5.7414807403409696e-01	   6.2718931550946999e-01	   6.6369697088872392e-01	   2.9120591533894524e-01	   5.6790094211719189e-01	   5.4336901094224976e-01	  -1.4051590346370454e-01	  -1.3680968825063788e-01	   2.8664033380249543e-01	   1.2673978822743581e-01	   2.7388045445826925e-01	   2.3700721192271981e-01	   6.8486466123046552e-01	   5.9335226008286135e-01	   4.2492239315422292e-01	   3.7448333120433430e-01	  -2.9735217206339974e-02	   1.0872007147251961e-01	   5.6151191602694925e-02	   1.1538349090963393e-01	   3.9067188389342575e-02	   2.7927506462986046e-01	   2.6073626866627742e-01	   2.1753331329924605e-01	   3.0086356023896377e-01	   3.0481679766801584e-01	   3.8261567639035754e-01	   6.2244826174646606e-02	
   6.1767553003181908e-01	   2.1652507285389744e-01	   7.0691191676862952e-01	   5.9267706993299152e-01	   8.2138010160188002e-01	   5.1617631913525919e-01	   6.7405929272118015e-01	   5.5739561567010265e-01	   0.0000000000000000e+00	   6.2687548392883607e-01	   6.0486947736402819e-01	   4.2344172421858595e-01	   5.8077008543659647e-01	   5.9969605352422839e-01	   8.4478771306921474e-01	   7.2377404798178424e-01	   6.5695302817175881e-03	  -4.9254046358118211e-02	   5.5183056356624327e-01	   5.3249971527873685e-01	   3.9710302528233071e-01	   4.2587363022077906e-01	   7.4586083513509949e-01	   7.6562685842663858e-01	   3.4646401696879714e-01	   5.1138381126012999e-01	   5.5116923872308621e-01	   7.2504416033829966e-01	   1.4757745479923240e-01	   3.6185574388016395e-02	   4.0319028611340890e-01	   4.4252334252183101e-01	   2.9763319967273189e-01	   3.4105852592248542e-01	   5.4560367444217950e-01	   4.7620833742376678e-01	   4.0568094265856258e-01	   1.8430809186952626e-01	   6.3684537862560309e-01	   1.8852025960647711e-01	   3.9073197430415407e-01	   1.4594139980255122e-01	   3.4909660760791306e-01	   3.4948406305792856e-01	   1.1163515421426776e-01	   1.1316014362106089e-01	   3.5933631709657671e-01	   5.0921069090317683e-01	   1.7300856899802997e-01	   1.1887483640172014e-01	   4.1497046075430244e-01	   2.8072296511934736e-01	   6.1037493746952554e-01	   5.6290351189380916e-01	   5.0958129225601767e-01	   4.3391227664114762e-01	  -1.7310393233951719e-02	  -9.6815801360246118e-02	   6.1803014862504380e-01	   2.8254661133398279e-01	   5.4811705835280922e-01	   3.6043021726326474e-01	  -6.4298981987770287e-02	  -1.2621908562872219e-01	   7.4694575972932609e-01	   6.9177309964738964e-01	   5.1341038679792095e-01	   3.5932451896569284e-01	   2.2082109336807490e-01	   2.1959901713146590e-01	   2.0114745733558100e-02	   7.0305778628046184e-02	   2.8250879378905347e-01	   1.1308758615916684e-01	   4.4910079018794624e-01	   4.3889853395138689e-01	   1.7550869201482108e-01	   2.6762103783466007e-01	  -1.9024463923175758e-01	  -6.0076569631342669e-02	   7.5703303164074602e-03	   2.6343034127080645e-01	   4.3910117015958677e-01	   3.5551345150105157e-01	   5.4282066493858783e-01	   6.8616815471407555e-01	   6.2217235646496838e-01	   4.5345356951938709e-01	   8.3987967415471587e-01	   7.7808949104093328e-01	   7.3131644502697468e-01	   6.2704979748066347e-01	   7.6259190216469752e-01	   7.6443251573505333e-01	  -1.8809765746710155e-01	  -1.3262605093764113e-01	   4.0722414171452936e-01	   1.7100790527639434e-01	   3.8226971455043668e-01	   4.5826062219864838e-01	   6.2288570463506998e-01	   7.1729571723476959e-01	   5.0349286752047562e-01	   6.6114999606034264e-01	  -8.2345424609742590e-02	   1.1244367888580686e-01	   2.6328273525913903e-01	   3.2504470958755494e-01	   9.1814740341437828e-02	   2.9231945077163751e-01	   3.7458302292160550e-01	   2.0133852958109716e-01	   3.8313591205418596e-01	   4.6125034288806038e-01	   3.5413877303517144e-01	  -1.7279583645424379e-01	
   4.8934227101650224e-01	   1.8996795929911270e-01	   4.4001034992085764e-01	   4.8131102063841591e-01	   3.5659066849778875e-01	   7.0663400062253490e-01	   7.7356525626437289e-01	   8.5080223243945763e-01	   6.2687548392883607e-01	   0.0000000000000000e+00	   3.4134982067353103e-01	   2.1609296478018922e-01	   6.3932720637678553e-01	   4.0569778487974006e-01	   5.9957181659564829e-01	   3.9170971775794361e-01	   1.5988993789057851e-01	   3.3828901350162743e-01	   4.0729828114649846e-01	   3.7338950829555823e-01	   4.2147491709043916e-01	   4.8490784828070632e-01	   3.2754492681167979e-01	   3.7080134811996829e-01	   2.5876093581874732e-02	   4.1230758963911418e-01	   2.4444672304091644e-01	   4.2749347825585093e-01	   3.9115894745558644e-01	   3.8178533444079726e-01	   3.2599550117049475e-01	   2.3535979409529542e-01	   3.8740061629913836e-01	   4.3498656307648748e-01	   3.3227535381548945e-01	   3.2185902778586184e-01	   1.5075776882152567e-01	   2.7420261442653693e-01	   4.4038831306245335e-01	   3.9085020667695358e-01	   4.9524093629008126e-01	   1.8130444410487623e-01	   3.2552557987957725e-01	   3.4986853714785859e-01	   1.4974464035839788e-01	   2.3920237105274555e-01	   3.1570400174226387e-01	   4.3152721542929157e-01	   2.2153207552454734e-01	   2.8536862377359490e-01	   4.0919376481512904e-01	   2.6262953655181331e-01	   4.3323246586187192e-01	   4.6034795144625673e-01	   3.3161189800083624e-01	   3.0535320991080644e-01	   2.2809616694488127e-01	   1.8845482460977980e-01	   6.2980854487906257e-01	   5.8921838250818470e-01	   7.2776812473432806e-01	   6.9934943967461327e-01	   1.5079534506124953e-01	   3.1971727747270792e-02	   2.8134897803887987e-01	   5.2105749763757547e-01	   4.7534856536506331e-01	   4.5090573844926218e-01	   1.3215186940556276e-01	  -8.0574488868681276e-03	   2.0211392201512768e-01	   1.0485315398880102e-01	   2.9815148353727328e-01	   3.1518794368974767e-01	   3.3360310064657295e-01	   3.4323593287142329e-01	   2.6429231443470957e-01	   1.4853335387521233e-01	   1.7135086098668612e-01	   2.2192548779080962e-01	   2.4048542010631477e-01	   2.7786503946867119e-01	   1.8605856224936507e-01	   2.8972438529292988e-01	   1.3078892543930154e-01	   3.5432720910896220e-01	   1.6835761976103150e-01	   1.1877624638266196e-01	   5.5560575202723883e-01	   6.8201069103007161e-01	   5.9898935766622619e-01	   3.7565846912625989e-01	   4.9764998250749082e-01	   5.3666012389711337e-01	   6.4123316301752040e-02	   4.0493172993379026e-02	   1.4976445017453088e-01	   1.4063601414175164e-01	   3.2473361690192160e-01	   3.4577888653472283e-01	   6.7029693688311864e-01	   5.6143360146763899e-01	   4.3639805320826169e-01	   4.2139140963597327e-01	  -1.0710706389320877e-01	   1.6586182270005170e-01	  -9.5047249497036357e-02	   4.7088497836632368e-02	   8.8573978936680453e-03	   6.0868303848685162e-02	   2.6434454997405710e-01	   3.4358608164425597e-01	   1.6688416583506516e-01	   4.1119246965239353e-01	   3.0420448443503012e-01	   1.4766120774228580e-01	
   7.9538665960966393e-01	   3.6305544390645966e-01	   6.7374677338981837e-01	   4.0210850221618039e-01	   7.2220489625496120e-01	   5.4978864388463988e-01	   6.0771669694385255e-01	   5.0659124033100700e-01	   6.0486947736402819e-01	   3.4134982067353103e-01	   0.0000000000000000e+00	   7.0420083817365753e-01	   7.5084294652811900e-01	   7.5139717709273424e-01	   8.2057233639783678e-01	   6.5009045630116713e-01	   2.2364486460629857e-01	   1.2830744344045795e-02	   6.0759770384491585e-01	   4.7457148831091472e-01	   2.2057639396494744e-01	   2.5265368001619221e-01	   5.2127001468842049e-01	   5.0619802667354596e-01	   2.6378974978009240e-01	   4.1759238075469129e-01	   3.6074487632804730e-01	   5.8586866329389631e-01	   3.1532907945237953e-01	   1.4761630562981029e-01	   1.8043677140260783e-01	   2.5862584056727034e-01	   2.6931895601266659e-01	   3.7362858370813312e-01	   4.1617093686820184e-01	   5.2334280653387355e-01	   3.8794505191685191e-01	   2.4319176304648035e-01	   5.6708970465896991e-01	   2.6777863535976970e-01	   2.8310822413588499e-01	   2.1915017082926552e-01	   5.4443202552351599e-01	   5.5615469695778863e-01	   4.0350788551682149e-01	   4.1709847020086943e-01	   5.7751798681296440e-01	   5.8414253195327870e-01	   3.5964403241843890e-01	   3.0661689792220431e-01	   5.7600557790815088e-01	   4.4984927125997431e-01	   6.8905085083102957e-01	   4.7433624287532461e-01	   6.4355026134283899e-01	   5.8830062675551542e-01	   1.0666947333509616e-01	   4.2595216193852307e-02	   5.9169203146098415e-01	   3.1140221878575436e-01	   4.2728726682545848e-01	   2.8315368528300255e-01	  -4.3244400321418991e-03	  -5.7996863631295616e-02	   6.5427495690202175e-01	   5.4890142214798132e-01	   5.3339825990304579e-01	   4.4785512662709587e-01	   1.3718652804288906e-01	   1.8914993917004047e-01	   9.2372655947233484e-02	   1.3486638973815407e-01	   3.5280439143875231e-01	   2.4705907551096123e-01	   4.9014477794936789e-01	   5.3020805887445988e-01	   4.3893260111244925e-01	   5.0118423030063819e-01	  -2.4869932748646692e-01	  -3.7002691408267625e-02	   1.2556352586260941e-01	   4.2290979376069998e-01	   4.9248765611643430e-01	   4.7044212971068172e-01	   6.7825734361867740e-01	   6.1685403710788012e-01	   5.1927329541665312e-01	   4.5995388788060282e-01	   7.0753346659473870e-01	   6.4799322274309312e-01	   6.5819422387851545e-01	   5.2149119215613271e-01	   6.3104297838246826e-01	   6.9793200068794103e-01	  -3.4710568141677289e-01	  -2.9855977397438704e-01	   5.6427523570961091e-01	   2.5293978322332267e-01	   5.3520837699979085e-01	   5.5448052425129246e-01	   5.4800827620195514e-01	   6.9067782411416911e-01	   4.7240609728991556e-01	   5.3822603311511130e-01	  -1.8907218107919027e-01	  -5.9450521166268859e-02	   2.5986000479406041e-01	   3.8593143262596474e-01	  -5.0600058779294951e-02	   2.9667885336678784e-01	   3.5551678618541149e-01	   3.0860484145982231e-01	   5.9118070358182484e-01	   4.3516929978914570e-01	   5.3245889678973779e-01	  -1.0029848245139167e-01	
   4.2565362611227786e-01	   1.4776334120608992e-01	   3.6163250528672808e-01	   5.4876901387370447e-01	   4.6625815608970644e-01	   3.4841187432871523e-01	   3.4668283397471056e-01	   4.5439866041128985e-01	   4.2344172421858595e-01	   2.1609296478018922e-01	   7.0420083817365753e-01	   0.0000000000000000e+00	   4.4938980778480198e-01	   8.2873312088324502e-01	   6.1954651876818900e-01	   7.0665005584546570e-01	   9.9331555581314637e-03	  -1.0418365788623564e-01	   2.7908288303669482e-01	   2.8767796646765154e-01	   2.0300409413430692e-01	   4.5945190650441357e-02	   3.6488837713693839e-01	   5.8597455745808524e-01	   8.2543105971710731e-02	   3.0312379367904613e-01	   2.6768914183373121e-01	   5.3743661045197777e-01	   1.6544508989210394e-01	   1.9811308977351708e-01	  -8.1933008848049230e-02	   9.1949476838938587e-02	   6.9363874393420816e-02	   2.0868706314322361e-01	   1.1267128527223175e-01	   2.6094919931849481e-01	   1.1798866362650610e-01	   4.7850267492355061e-02	   4.4359770743417115e-01	   1.4774939927288072e-01	   1.5399649667126078e-01	  -4.9108077658073707e-04	   3.9791508932333530e-01	   3.4726194490848272e-01	   3.1746406019330414e-01	   3.3574043245839935e-01	   5.3672103614306588e-01	   3.9221942785550445e-01	   3.1924769582360735e-01	   2.1992967612935477e-01	   4.0539099525168276e-01	   4.5440182589446432e-01	   4.4222881241814838e-01	   2.4122976173092597e-01	   4.8860238705766945e-01	   4.8981068672210848e-01	  -1.6442827176467445e-01	  -1.9147620110844166e-01	   2.8041002233903856e-01	   2.2186581963940560e-01	   1.9220282964935953e-01	   3.0373154296859051e-01	   2.0951465022244205e-02	  -2.9235566174794454e-02	   5.7221940570643126e-01	   6.4150131595443982e-01	   2.3283689755671499e-01	   3.7639518547714051e-01	  -2.2427931613765156e-01	  -1.6648328506498716e-01	   5.3718283950262236e-02	   1.0622083854519099e-01	   2.4568679048071351e-01	   2.6441287325178192e-01	   4.6143442125493278e-01	   5.8480955166051984e-01	   1.6384644008464244e-01	   3.9153768872922257e-01	  -2.3232568047859373e-01	  -1.5997951054709647e-01	   1.0006096229710640e-01	   4.0241647859261498e-01	   4.7792764324749071e-01	   5.4589528345294758e-01	   6.4770617192566304e-01	   7.4945088441281027e-01	   4.9772168027118363e-01	   6.6962081898678805e-01	   5.4995442100912229e-01	   5.3401342340931390e-01	   5.3372438576879366e-01	   1.5216645692021374e-01	   5.8651459079704604e-01	   4.1495386131817619e-01	  -1.2403701607194186e-01	  -5.7700163585870060e-02	   2.7778736957539352e-01	   1.1763751831450589e-01	   3.6377911221036752e-01	   3.1090983805815886e-01	   3.8528818933845338e-01	   4.4508767828306356e-01	   1.9028706133027215e-01	   3.0417672236924426e-01	  -1.3633119382759543e-01	   7.3897243163957904e-02	   1.9081845562544344e-01	   1.8041950939358684e-01	   1.4935655355340460e-01	   2.9646895266397832e-01	   2.7932102676241466e-01	   1.8530136947436743e-01	   4.3072708528628523e-01	   3.1750647318846970e-01	   4.0510274157945747e-01	  -1.9942209022724075e-01	
   7.1575815406302778e-01	   3.3745562562062859e-01	   5.4446938608272710e-01	   2.9645858410531745e-01	   5.2828755698581653e-01	   6.1998921153349140e-01	   7.7693638499950057e-01	   6.6917321455041678e-01	   5.8077008543659647e-01	   6.3932720637678553e-01	   7.5084294652811900e-01	   4.4938980778480198e-01	   0.0000000000000000e+00	   6.6145028059400146e-01	   7.3868176121255869e-01	   4.5161397634698308e-01	   3.4998400033322175e-01	   3.1590680888530243e-01	   5.8352726837714142e-01	   4.6122747949250953e-01	   1.9557111165176763e-01	   3.6916209928618970e-01	   3.5997062468111113e-01	   3.0058522866823734e-01	   1.0238327103154071e-01	   3.9252265783688861e-01	   2.1592376628063792e-01	   4.1695643254669446e-01	   5.7727406635331635e-01	   3.4454144570192990e-01	   2.9133047091386488e-01	   2.3160862887657707e-01	   4.5244235589218496e-01	   4.2986269918396758e-01	   3.7046901925261710e-01	   4.9997398331194265e-01	   3.1774315820709381e-01	   3.3126535789264600e-01	   4.5539782640171445e-01	   4.6441711495472582e-01	   4.5157994987135908e-01	   3.5394461783381936e-01	   5.5411063483219059e-01	   6.0058163371206141e-01	   4.1877638173729159e-01	   4.8123260529483003e-01	   5.1740226876676254e-01	   5.9234493268956734e-01	   3.3702407862942763e-01	   3.8376851225452480e-01	   6.1661900497989075e-01	   4.4800859088701095e-01	   6.6532928467833008e-01	   5.3931613584842364e-01	   6.1923452175883220e-01	   5.0211193949523303e-01	   2.1833712889859075e-01	   2.9933791527843551e-01	   7.3327136780324975e-01	   5.4834588158858366e-01	   7.0535328860609203e-01	   5.3516911126973254e-01	   3.0616071824646307e-01	   2.2784752543516246e-01	   3.7732795818775777e-01	   4.1846586469110336e-01	   6.2693080466380313e-01	   5.2838525773516865e-01	   1.7909161534546530e-01	   1.5465675278708430e-01	   2.7908179956456164e-01	   1.4165747208850302e-01	   4.1513529054342441e-01	   3.7154131907203791e-01	   4.1739983029772632e-01	   3.5320197186692587e-01	   5.6023743282635396e-01	   4.9992557798624604e-01	   6.8961793639497421e-02	   1.5174635418085450e-01	   3.4525358103124526e-01	   4.1280200662077715e-01	   2.5070441075643468e-01	   4.3222599638271308e-01	   3.4063729955218514e-01	   3.5365099748417861e-01	   2.4717898149336914e-01	   1.1376049290135490e-01	   6.0336858452306830e-01	   6.3392742891105258e-01	   5.8072251915782724e-01	   5.6900459168910866e-01	   4.7347846297800200e-01	   6.5880560887391404e-01	  -1.6235482546185057e-01	  -2.3121570957608664e-01	   4.8453218577357210e-01	   2.6728812816580616e-01	   5.8040236118107602e-01	   5.6789870472210668e-01	   6.4851337992213298e-01	   7.3806833120810389e-01	   5.1390167505260931e-01	   4.9522781065075189e-01	  -1.7530286622580221e-01	  -1.4368321993897237e-01	  -2.6991772360645896e-02	   3.1158412550072490e-01	  -2.5259375033960008e-01	  -2.1185232483265228e-02	   1.9291070687927153e-01	   3.7071460114630905e-01	   5.0295958529720486e-01	   4.1063268043521245e-01	   4.8388125658119596e-01	   1.8351598448317669e-01	
