   0.0000000000000000e+00	   9.2385419738320596e-01	   3.7564100500775094e-01	   5.4507298433406848e-01	   3.1687089775700050e-01	   4.1694955376797249e-01	   3.7757611226434340e-01	   5.9930409854624567e-01	   3.0038780940474286e-01	   4.5812347106978513e-01	   7.2645866882072330e-01	   7.9059109612419798e-01	   6.6520643541163005e-01	   7.2987984492438396e-01	   6.3956683773484668e-01	   6.4056445944448692e-01	   9.0446254680163796e-01	   9.1542497991149485e-01	   8.7264686985174267e-01	   8.4753903677825337e-01	   5.2822570266134516e-01	   3.9889593621676811e-01	   3.3493714210805470e-01	   1.9875082036422762e-01	   3.8623416444158049e-01	   2.5696696735371150e-01	   4.5224453692174849e-01	   4.3439428954464698e-01	   8.4805986587916959e-01	   8.2882262765515313e-01	   4.2290151879695059e-01	   3.7178889014905830e-01	   7.1497737521342075e-01	   6.7238406525740713e-01	  -1.9730798113272177e-02	  -1.4574052572096523e-02	   6.3756144560373185e-01	   6.1548973451545785e-01	   6.6970651674284465e-01	   6.1567680277889125e-01	   6.0878384083996795e-01	   4.9623294423645947e-01	   4.2435522963654987e-01	   4.9175255017689901e-01	   3.0919873553366539e-01	   3.5149750989280515e-01	   3.9471932919711250e-01	   4.4496734436127139e-01	   4.2696607993372793e-01	   3.5973341798079628e-01	   4.5447819712791793e-01	   4.6385854125088649e-01	   5.4933501014590003e-01	   5.3541095963248053e-01	   5.6113610117061574e-01	   6.6999089316972515e-01	   9.4273249431657935e-01	   8.5510934927007742e-01	   5.5721554490154779e-01	   5.4692336019696230e-01	   8.0469338073110774e-01	   7.6456228360441036e-01	   7.9529931403313747e-01	   7.2808853579791233e-01	   4.1637857694499608e-01	   2.6342348162934837e-01	   2.9696134750002995e-01	   2.2789848784204292e-01	   8.0735861108877016e-01	   6.5803831872065921e-01	   1.9284317339187074e-01	   2.4537091951590595e-01	   7.8761734521891591e-01	   7.6802597224370306e-01	   7.1470466470769389e-01	   6.6887742666004024e-01	   6.9738123012128483e-01	   6.8784594143169731e-01	   8.3659684503387410e-01	   7.9867128019409017e-01	   8.5781381996266293e-01	   8.1067605920254326e-01	   7.3422287250581197e-01	   8.5686821879631214e-01	   8.2970713774075056e-01	   7.2835532480084830e-01	   4.5232407211278347e-01	   4.9886377056642556e-01	   5.0604769687362983e-01	   4.7640778757434954e-01	   1.7844579375671077e-01	   1.4774558921865041e-01	   2.8469041916562654e-01	   1.7252925166561317e-01	   1.9341990470230180e-01	   4.9260105028869650e-01	   5.4456812384008368e-01	   5.4174294270370138e-01	   5.7234710449218806e-01	   6.0158320187037639e-01	   5.1289849669234922e-01	   4.7735124218426878e-01	   5.7422680219124267e-01	   5.1327907458544242e-01	   2.7518085395350422e-01	   2.3759742033554715e-01	   3.0927807881472869e-01	   2.1874421224018570e-01	   4.0992875950143212e-02	   3.4977815741184803e-01	   3.2550225800049121e-01	   4.5391201315733232e-01	   3.9663046643497857e-01	   1.9204897183411290e-01	   2.4976839727984107e-01	   2.6341330811387682e-02	
   9.2385419738320596e-01	   0.0000000000000000e+00	   3.5360604084580977e-01	   6.1036396710029284e-01	   2.9406966936399581e-01	   4.4210192020666300e-01	   3.5107114073469353e-01	   6.1631736509385671e-01	   2.2608729460102078e-01	   4.7248914530557123e-01	   6.0370660370009299e-01	   7.0036000829075273e-01	   6.1681784860655431e-01	   6.7132864528366187e-01	   5.4083741062293567e-01	   6.1151991305025577e-01	   9.0043152636010615e-01	   9.3323763871450272e-01	   8.5109418708061879e-01	   8.9204544373556227e-01	   5.7137894884444640e-01	   4.5111455495566755e-01	   2.9984941684378941e-01	   2.7993059854740399e-01	   3.5208282796750356e-01	   3.1245018362295951e-01	   3.8538572160196810e-01	   4.4472328368250774e-01	   8.2796337144016363e-01	   8.3372109484078927e-01	   4.6272352587815546e-01	   4.4072904673820285e-01	   7.0532643877266255e-01	   7.2039961007963504e-01	  -1.1718810644331166e-02	   2.4827871477010661e-02	   5.4101303414829649e-01	   5.3223815475877245e-01	   6.1646436626826029e-01	   5.5572153403319446e-01	   5.8916633229763882e-01	   5.0697607626626351e-01	   2.4666593212493634e-01	   3.3529653425118561e-01	   1.4265599038210625e-01	   1.6272382686950851e-01	   2.5451956262862796e-01	   2.9179367783616605e-01	   2.4174192676112652e-01	   1.6941320774071306e-01	   3.0049740741187447e-01	   3.3080929126997000e-01	   4.3276566916015013e-01	   4.2807587814557635e-01	   4.7761097347524878e-01	   5.5032956518524845e-01	   8.8789785031010671e-01	   9.1366610794853720e-01	   3.6351571160611035e-01	   3.8055162144125715e-01	   7.5862712887834283e-01	   7.2231592809877787e-01	   8.4021439673149589e-01	   8.1185475532851381e-01	   4.1361969331334486e-01	   3.4947903108929723e-01	   1.6439571868284983e-01	   1.3632129942688490e-01	   7.5194076800795973e-01	   6.3070105315244329e-01	   1.8415450206915573e-01	   2.6660463832669856e-01	   7.8249676851255190e-01	   8.1307019665469160e-01	   7.5425058763843555e-01	   6.8925363919049853e-01	   6.6386753148514321e-01	   6.8149330391154606e-01	   8.8113844792097828e-01	   8.3989994220840447e-01	   8.6386437469957578e-01	   7.8503276628139973e-01	   6.8913471266607107e-01	   8.2409372327726627e-01	   8.0110020198069276e-01	   7.4683046064644354e-01	   4.2036829133466269e-01	   4.6773319387571244e-01	   4.5459797895809761e-01	   4.1843677053905382e-01	   4.8666250063882047e-02	   1.7789487751567266e-02	   2.1494945092784734e-01	   2.3135643385745273e-02	   2.1489116279368931e-01	   4.1662107834194001e-01	   4.5761015766627627e-01	   4.3869522158160656e-01	   4.8196421911557918e-01	   4.5389113761405708e-01	   4.6222405175009473e-01	   3.5380014692249040e-01	   4.6350800623480898e-01	   3.6231387275246557e-01	   1.3739974923300119e-01	   1.9301758077610284e-01	   2.0361877246324403e-01	   1.5842162432112863e-01	   1.2687888820167683e-02	   2.8823809707218029e-01	   2.3976930912416822e-01	   3.5362202372203300e-01	   3.4171498558749119e-01	   1.0052797360950480e-01	   1.6061475053088789e-01	   5.1907470114374743e-02	
   3.7564100500775094e-01	   3.5360604084580977e-01	   0.0000000000000000e+00	   6.7887428499147850e-01	   7.9075831917691908e-01	   6.3766286135680872e-01	   8.8342768671618721e-01	   7.7361378506463474e-01	   7.5436501576730053e-01	   5.4685570043384524e-01	   4.8436178183394207e-01	   4.2583519813950332e-01	   6.1167224368834383e-01	   3.8460562855216696e-01	   5.8889602243887507e-01	   4.2654609526452403e-01	   2.6830044796692509e-01	   3.0863249890558803e-01	   5.9591662536032675e-01	   4.4495205906020163e-01	   6.9008534569618030e-01	   5.9519618425105980e-01	   8.1261009588984234e-01	   5.7971212162566021e-01	   4.8583789220901835e-01	   4.5234259005908628e-01	   5.3618311336926128e-01	   5.6372956798154095e-01	   5.2116728310382565e-01	   5.0089324372380273e-01	   8.1178882715125578e-01	   7.3662831339981438e-01	   7.4312338585651538e-01	   7.0651421973413753e-01	   4.5213390076231136e-01	   3.9577393129935684e-01	   4.5535737871869142e-01	   5.5096100072480358e-01	   6.8358877845488186e-01	   6.4585610177911701e-01	   2.6875623138432964e-01	   2.0412362974014212e-01	   4.9446378894034915e-01	   5.0236511417031759e-01	   3.1483665444396930e-01	   3.4287034445743270e-01	   4.6826282856183377e-01	   5.5404079207046708e-01	   3.6270304620737492e-01	   3.9259638685557641e-01	   4.7619233929323179e-01	   4.7704544602285759e-01	   5.6391014503937065e-01	   4.9889576534457691e-01	   7.1430673401044809e-01	   6.1994240761125041e-01	   3.0378701901274119e-01	   4.5566461712310030e-01	   5.7715460514667849e-01	   5.2221777601616803e-01	   5.9412420446520675e-01	   4.7269299191798730e-01	   2.4979955250544289e-01	   3.3254363775966772e-01	   7.5342047023830283e-01	   6.6589010384103631e-01	   6.0373387212385654e-01	   5.1591644079822596e-01	   4.1993148607362196e-01	   5.0331314660495730e-01	   6.4188779479711422e-01	   5.9675511036560402e-01	   5.4313871149423321e-01	   4.6251646586844053e-01	   5.9652547677327905e-01	   4.2111527465000137e-01	   6.9362381866825373e-01	   7.2254105341943153e-01	   4.2293443161064714e-01	   4.2569647990260651e-01	   4.2803726922848084e-01	   5.0307097525740840e-01	   6.0381580323169937e-01	   5.6723682769001371e-01	   5.7299476303325991e-01	   6.1282710813304875e-01	   7.4643111253084071e-01	   5.1088094846175713e-01	   7.8965424771326420e-01	   6.9558291622408741e-01	   3.6973578808753610e-01	   7.1968107443976281e-01	   5.2067062321856583e-01	   6.4913796476093377e-01	   6.0802853094160791e-01	   5.7813167087433048e-01	   5.6475739703788108e-01	   5.8222231298102411e-01	   5.4996501431175937e-01	   6.3108686266547531e-01	   4.2196127067889849e-01	   5.9904117843706106e-01	   3.4433720379097033e-01	   5.5375915983998314e-01	   4.2830582961648123e-01	   5.2000190426044723e-01	   1.3317590904231635e-01	  -2.0519252179299294e-01	   4.4796618414581579e-01	   4.5058464027051187e-01	   3.7103586459617277e-01	   6.5562100320880579e-01	   6.8269598394496955e-01	   5.9188356405517095e-01	   6.8002508255718896e-01	   3.0095208290356601e-01	
   5.4507298433406848e-01	   6.1036396710029284e-01	   6.7887428499147850e-01	   0.0000000000000000e+00	   7.1346484164600921e-01	   7.8633873705134216e-01	   5.9481369773186510e-01	   8.8181249838734921e-01	   3.9105011467912087e-01	   7.1591636332856678e-01	   3.0848622918185731e-01	   5.1988381714104959e-01	   5.3971587389688935e-01	   5.2725813806297062e-01	   4.1025140070362415e-01	   6.3736439624819008e-01	   5.9385883995262190e-01	   5.8842695618913687e-01	   6.8314266307962823e-01	   7.4096632993230116e-01	   6.2520921447350231e-01	   6.2346594581573078e-01	   4.8978185173349520e-01	   7.1124176438527653e-01	   4.4149487016426081e-01	   5.6366452157299296e-01	   4.0056338728675717e-01	   5.4059928452324180e-01	   7.0257723921974113e-01	   7.1004389480082875e-01	   7.0335006520517518e-01	   7.7063686164891487e-01	   7.6481013574557766e-01	   8.4710284849414830e-01	   2.5730194321350941e-01	   3.3545402368566052e-01	   3.0144426620402121e-01	   4.1970904975421591e-01	   5.4718778082803421e-01	   5.9147197295205123e-01	   2.7724532135225483e-01	   3.8057783224394648e-01	   3.2162089131576160e-01	   3.5851484653919474e-01	   1.9982715989499161e-01	   2.6564905646775189e-01	   2.8092909678011335e-01	   3.9062815063318945e-01	   2.1430718984978853e-01	   2.5013787158100714e-01	   3.7694165918861833e-01	   4.9459509679514019e-01	   4.9255178539343913e-01	   4.7486112855369678e-01	   6.2803421600790355e-01	   5.6571334024966757e-01	   5.4186974319470105e-01	   6.7360572333962043e-01	   3.7460459099874460e-01	   5.0961127148019070e-01	   7.1284227365210828e-01	   7.4852913874013205e-01	   6.3585397131252830e-01	   6.7039126971397223e-01	   4.9689962707587076e-01	   7.2588236079642576e-01	   4.3459310004283302e-01	   5.1526386137846525e-01	   5.9817917005418586e-01	   7.2687679027193186e-01	   5.2815174710795865e-01	   6.2480970765928467e-01	   6.3055263346440782e-01	   6.0425893353519122e-01	   6.8192503518403702e-01	   5.1237179232052266e-01	   6.1626490208036611e-01	   7.2735936536747969e-01	   6.4477489110878183e-01	   6.1167743611973557e-01	   6.5250731595629929e-01	   5.7129649064667409e-01	   5.5476619315015230e-01	   6.9917474102796529e-01	   5.8197210951730716e-01	   8.2968362452639455e-01	   5.0592546234096791e-01	   5.2354439592673241e-01	   6.5565211489149111e-01	   5.8210821485978503e-01	   3.4944902951700002e-01	   3.6377796079720176e-01	   6.4384058370479169e-01	   4.0154077371540897e-01	   4.8320569179216377e-01	   5.5680388032489070e-01	   4.7404547514072914e-01	   5.2130408937639749e-01	   5.8311339896079373e-01	   5.1007045147552188e-01	   5.8419846121622165e-01	   5.8916272802053138e-01	   5.4480073032024467e-01	   5.7666141742473209e-01	   2.5695042500215831e-01	   3.1002702059729981e-01	   2.8696828799561591e-01	  -8.0640424813302886e-02	   2.9104325056822378e-01	   5.3270071043207667e-01	   2.7293223279862211e-01	   5.6947525572771918e-01	   5.8196468526912015e-01	   4.1189651697597524e-01	   4.6625832090049613e-01	   2.4040308574323255e-01	
   3.1687089775700050e-01	   2.9406966936399581e-01	   7.9075831917691908e-01	   7.1346484164600921e-01	   0.0000000000000000e+00	   7.7757511381662359e-01	   7.2463293331624146e-01	   6.7822948856693777e-01	   7.0907322859561439e-01	   6.7422537921852821e-01	   2.7540510541748497e-01	   3.5177905977557489e-01	   5.0544480042588713e-01	   3.0343945474209899e-01	   3.9874898316099444e-01	   3.1825655059980229e-01	   2.2362122417635452e-01	   2.5352310609175499e-01	   5.4747524138247927e-01	   4.6746180270538185e-01	   5.0494926102753102e-01	   4.7414014439037067e-01	   6.4749060759236809e-01	   5.6613040510429458e-01	   4.8496692056875057e-01	   4.5175559762846962e-01	   3.9545128770166027e-01	   4.4047266476985247e-01	   4.4389965335699882e-01	   4.2064941215120721e-01	   5.8394243646920785e-01	   5.9653960991953225e-01	   5.5962790093914194e-01	   5.5605489524840723e-01	   1.9913140548492053e-01	   2.2956741447283735e-01	   3.6490445063877408e-01	   5.5011699727939245e-01	   5.6932614999004927e-01	   6.1955932512319289e-01	   3.4655997414735595e-01	   2.5663064565590654e-01	   4.3869644051036327e-01	   3.6763521464932319e-01	   2.5312502117850127e-01	   2.8177939708648025e-01	   3.9948534795251112e-01	   4.9377788455797716e-01	   3.0638449594822503e-01	   3.4673367349247136e-01	   4.6428999333325105e-01	   4.9181608457127390e-01	   6.2222408599015311e-01	   5.8657246188145662e-01	   7.2064029142778252e-01	   6.5568899671733005e-01	   2.4127609899165670e-01	   3.6384712441313816e-01	   5.2157659628964226e-01	   5.7573849953679568e-01	   5.1601509991667927e-01	   5.3749858097082825e-01	   2.0674749825212191e-01	   3.0234996283216475e-01	   5.4161061522996445e-01	   6.0213611029591874e-01	   5.2488068207436112e-01	   5.0044818139572944e-01	   4.0859785740534593e-01	   5.5486683055074448e-01	   4.9307576974056561e-01	   4.8041744922179330e-01	   4.4344772886467015e-01	   3.5113744603020436e-01	   5.2950301937827826e-01	   3.8694763747135097e-01	   5.1427699159712870e-01	   6.0754441543645010e-01	   2.8014616290761096e-01	   2.9289900227682492e-01	   3.3011812929260742e-01	   3.7895725627707921e-01	   4.0737224308548109e-01	   4.4269236861790873e-01	   3.7073319868883892e-01	   6.2105089723056350e-01	   5.0459141003229468e-01	   2.8036986056846747e-01	   7.8991754351043275e-01	   7.6517993996755607e-01	   3.8169045981828698e-01	   7.1529216361331749e-01	   6.0994705098748980e-01	   6.8913780520037471e-01	   6.5847540714541075e-01	   4.7197167270720169e-01	   4.5297091624663099e-01	   5.3373263430321316e-01	   5.4908270227487643e-01	   6.0352825666373222e-01	   4.8407615330455322e-01	   6.7685760960953978e-01	   3.9609971113882647e-01	   5.9552204527273356e-01	   4.4125264133037267e-01	   4.3330738917879763e-01	   1.2827236149440624e-01	  -3.1459594466791296e-01	   4.9004640127394600e-01	   5.6413795067871852e-01	   4.0399219638825001e-01	   7.0474221471110243e-01	   6.4745252172428625e-01	   5.2356080727453080e-01	   5.5593929393662744e-01	   3.3741979624281149e-01	
   4.1694955376797249e-01	   4.4210192020666300e-01	   6.3766286135680872e-01	   7.8633873705134216e-01	   7.7757511381662359e-01	   0.0000000000000000e+00	   5.5353705596085490e-01	   7.1403587069786156e-01	   4.0608361660597098e-01	   7.9932568539622872e-01	   3.4849377832353334e-01	   4.5118310841977521e-01	   4.9413182984236559e-01	   4.4429492589694708e-01	   2.6795462589424679e-01	   3.4427801846652861e-01	   4.2365171027449899e-01	   4.5158970889208550e-01	   6.1534592664461618e-01	   5.9951569393178228e-01	   5.3448754321099778e-01	   5.7775952152777932e-01	   5.5505836208475900e-01	   6.2765437315735773e-01	   5.8569430853504101e-01	   6.1169515603208191e-01	   3.2716663135316726e-01	   5.1558866531557235e-01	   5.2015834268774852e-01	   5.2736059274153413e-01	   5.0909088685341808e-01	   5.5410829488395030e-01	   4.9689294213926671e-01	   5.5987922375368915e-01	   3.9612739527627380e-02	   1.5517833652323113e-01	   2.3415344477362660e-01	   4.9211366372055176e-01	   4.9576690417975722e-01	   5.8003427120143414e-01	   3.0236337755081810e-01	   3.6280349557564290e-01	   2.8691938413118501e-01	   2.4719996039726486e-01	   2.9019958825860677e-02	   1.0596238897326701e-01	   2.2695287267591879e-01	   3.4890273234035030e-01	   1.0461533701603939e-01	   1.3615385561051399e-01	   2.9428002855690016e-01	   3.3766846544598272e-01	   5.4789209067344702e-01	   5.1652026278608820e-01	   5.6230261038319185e-01	   5.1245405969228042e-01	   3.6929334052161394e-01	   4.9429057441655933e-01	   3.8204120199556579e-01	   5.0372015886999177e-01	   5.7364385950398522e-01	   5.8990901281632724e-01	   4.1471770487995663e-01	   4.6445159532821600e-01	   4.0751604552153714e-01	   5.6258315928257852e-01	   2.8889247737254659e-01	   3.3106177811828530e-01	   4.1087557476666409e-01	   5.5189561072170457e-01	   5.6883076532559307e-01	   6.3600931029169117e-01	   5.0724841127023845e-01	   4.3725824952376946e-01	   6.0305327130129194e-01	   4.7336864045734683e-01	   4.7331752972000396e-01	   5.7415116257386078e-01	   4.5877809089217286e-01	   4.4692686191272740e-01	   4.7111566168064334e-01	   4.4392708975921535e-01	   3.1571503911530963e-01	   5.0433811920892180e-01	   4.2651969586321203e-01	   6.3899143130619529e-01	   3.3205964207387123e-01	   3.4949156568867734e-01	   6.5299454972080084e-01	   6.7721594066103508e-01	   2.6354127112248998e-01	   4.9528434497729790e-01	   5.9605671426591511e-01	   4.8132150864125467e-01	   5.4687915752407101e-01	   3.5828185729553241e-01	   2.3711209959095342e-01	   4.1294591337506420e-01	   4.4236791295262573e-01	   4.4221747745680662e-01	   4.3696799685129628e-01	   5.1117877422892177e-01	   3.5336026361063788e-01	   3.9324428367515341e-01	   1.5993900891013260e-01	   2.2645301553263733e-01	   7.0601215533980077e-02	  -2.7846173397560209e-01	   4.1368209717753029e-01	   4.6216219604939335e-01	   3.5893452473020049e-01	   5.4215920941832352e-01	   4.2972832632904945e-01	   2.7757365521576072e-01	   3.3515828342392429e-01	   2.3581734512985164e-01	
   3.7757611226434340e-01	   3.5107114073469353e-01	   8.8342768671618721e-01	   5.9481369773186510e-01	   7.2463293331624146e-01	   5.5353705596085490e-01	   0.0000000000000000e+00	   7.7435770939044635e-01	   8.0673737785853672e-01	   5.3571340344664731e-01	   5.6986349074670906e-01	   4.9282193523319229e-01	   7.1940252408849048e-01	   4.1545266808401937e-01	   6.5218658088993797e-01	   4.8477600368515650e-01	   2.8909682648968937e-01	   3.7593536715383369e-01	   6.3310669696589494e-01	   4.8348979642136553e-01	   6.3248949583466441e-01	   4.8095606307515021e-01	   7.1807696312483871e-01	   4.3930089095859393e-01	   2.4278526446941004e-01	   1.9530826404740020e-01	   2.9553876179272348e-01	   3.3839967519667580e-01	   5.5018840690788529e-01	   5.5277851340209949e-01	   7.8854395416156031e-01	   7.0479947480936422e-01	   7.1352050084072483e-01	   6.7812237292959798e-01	   2.8967243182928715e-01	   2.3486060437153614e-01	   3.4453985511129054e-01	   3.7470109551815772e-01	   5.4916521798565676e-01	   4.6708022591636322e-01	   2.6804185863923757e-01	   1.6681309206703528e-02	   3.7583961367951862e-01	   3.5855743353701119e-01	   2.3997924281034397e-01	   2.6868294630962636e-01	   3.5701097898475653e-01	   4.0641708087705819e-01	   2.3983132760915202e-01	   2.3915230530546253e-01	   3.2163165762669310e-01	   2.8098722964360989e-01	   4.4141894510892543e-01	   2.8212224039732547e-01	   6.3246162185228250e-01	   4.8366821742443677e-01	   3.0927458874242020e-01	   4.6825377448846833e-01	   5.3787527404232049e-01	   4.0802581086264228e-01	   6.8412431428586684e-01	   5.3187494582354244e-01	   3.3622429435910184e-01	   4.0345703295151947e-01	   7.8373833045240759e-01	   6.6742611395894946e-01	   4.7969605958350731e-01	   3.9248221848981635e-01	   3.6785593327552130e-01	   4.3075003009249502e-01	   5.9043955610399634e-01	   5.0139791889763985e-01	   4.7661648184884209e-01	   3.9066958383175665e-01	   5.1004990447820586e-01	   3.1456857709120040e-01	   6.7516058140508095e-01	   6.2133021275352829e-01	   4.4280681508097675e-01	   4.1319766352853632e-01	   4.5633729376305771e-01	   5.3972790880665955e-01	   6.6788314910163993e-01	   5.9847820998378132e-01	   5.9211810561219291e-01	   6.1920169601900954e-01	   7.5112784594975091e-01	   4.0575408447001404e-01	   7.9357603453012704e-01	   5.7805944829050659e-01	   4.7446528115594805e-01	   6.8634189272105628e-01	   5.2625567726596834e-01	   6.3563745194705956e-01	   4.7386689443914232e-01	   4.8539565626709436e-01	   4.9166576262240508e-01	   5.4456991536050114e-01	   5.7140285335695296e-01	   6.4826675544380530e-01	   5.4789868850399503e-01	   6.5790621462812970e-01	   4.1680069988544211e-01	   5.8670443692393670e-01	   3.8403839522488914e-01	   4.1756538518579633e-01	   1.6620050110005927e-01	  -4.9110268054274292e-02	   3.2604511269963282e-01	   3.3244448499179990e-01	   3.1703620458235959e-01	   6.0454751661809292e-01	   5.7734018485416294e-01	   5.5252418672156367e-01	   5.8682902664802561e-01	   3.4290772318898743e-01	
   5.9930409854624567e-01	   6.1631736509385671e-01	   7.7361378506463474e-01	   8.8181249838734921e-01	   6.7822948856693777e-01	   7.1403587069786156e-01	   7.7435770939044635e-01	   0.0000000000000000e+00	   5.6387122990885064e-01	   7.5208525141384908e-01	   5.5202943841195395e-01	   6.7660509215651576e-01	   7.8005267102411768e-01	   6.9901307585818273e-01	   6.5210033726758421e-01	   7.4905145598463940e-01	   5.9911139302108407e-01	   6.2438001301427537e-01	   7.3502566001116554e-01	   7.1939164217269858e-01	   6.6240482516142019e-01	   6.0135725580466437e-01	   6.4440120452379501e-01	   6.5388809002491488e-01	   4.1707196033951516e-01	   4.7146413745664750e-01	   4.1667650612451723e-01	   4.9768118461003025e-01	   7.6822953141901673e-01	   7.9222540973036260e-01	   7.8268315616050432e-01	   7.9484265834423362e-01	   8.1508071460641929e-01	   8.5886939242240734e-01	   2.9183897711099277e-01	   3.0714408363143764e-01	   3.7570550967446714e-01	   4.4737668044810730e-01	   5.8156599910933049e-01	   5.8363290161672854e-01	   3.4033662042529700e-01	   2.7771660090263983e-01	   3.9933871219041550e-01	   4.4845146995753338e-01	   2.9216347037761115e-01	   3.5044085022192523e-01	   3.9084407987834491e-01	   4.6659707986045418e-01	   3.1638683213034063e-01	   3.2063392423967835e-01	   4.4890986853536163e-01	   4.8774639777333689e-01	   5.4018139745215799e-01	   4.6397374184494933e-01	   6.9802690233698506e-01	   5.9855067914390547e-01	   5.6402731648368221e-01	   6.7907880445455415e-01	   5.2989005686776558e-01	   5.4459250562373596e-01	   8.0066480130211226e-01	   7.9205939424768845e-01	   6.4587190162325747e-01	   6.7287142138488143e-01	   6.0399621539184989e-01	   7.6206343045970315e-01	   4.9047598448579210e-01	   4.9351652028823201e-01	   6.1970131621366487e-01	   6.6686718299761560e-01	   6.4459286728975906e-01	   6.4991444784245744e-01	   6.8821016219543718e-01	   6.4038419799152180e-01	   7.1521772688486873e-01	   5.6335006602001592e-01	   7.3398583586989563e-01	   7.6990472430710366e-01	   6.9803773077330900e-01	   6.6035462136955703e-01	   7.1395845720000517e-01	   6.7635496825545083e-01	   7.0757069845386722e-01	   7.7277782518680915e-01	   6.9404611966262153e-01	   8.1151613367451692e-01	   6.3338971548571443e-01	   5.2866560011894514e-01	   7.4442468438407894e-01	   5.8650905242454221e-01	   4.2943791800363307e-01	   4.9931424910367628e-01	   6.6268124057504907e-01	   5.1689004893186297e-01	   4.4449362071957976e-01	   5.2373110888918128e-01	   5.6975564393113598e-01	   5.9774662383469646e-01	   6.5976544730620934e-01	   6.2499077918988633e-01	   6.4205702771330464e-01	   6.4236447565618726e-01	   5.4645506022675971e-01	   6.3515737106901604e-01	   3.1156542628359468e-01	   3.6273218434834370e-01	   2.2890698807366994e-01	   4.2785311288497932e-03	   2.4045793842374169e-01	   4.1771152521931376e-01	   3.0726357834200624e-01	   5.9895372568965866e-01	   6.1340754381488050e-01	   5.2731273136620693e-01	   5.7900370656053035e-01	   2.8881971520980082e-01	
   3.0038780940474286e-01	   2.2608729460102078e-01	   7.5436501576730053e-01	   3.9105011467912087e-01	   7.0907322859561439e-01	   4.0608361660597098e-01	   8.0673737785853672e-01	   5.6387122990885064e-01	   0.0000000000000000e+00	   5.4662354181881556e-01	   5.4189799878343348e-01	   5.3974894364396420e-01	   6.5806236210693170e-01	   4.1456796849122018e-01	   6.8624322781889746e-01	   3.0463440459226843e-01	   1.1687618200069876e-01	   2.0443644342639583e-01	   5.4631723765571027e-01	   3.8746759861984154e-01	   3.5571058404244393e-01	   1.8917599188876028e-01	   7.2382099492960972e-01	   3.2742750267985515e-01	   2.0365010627222618e-01	   2.0213793043961179e-02	   2.9666312170608333e-01	   1.7835019337136770e-01	   3.6221586832319858e-01	   3.4957744096472965e-01	   5.0654870706749966e-01	   4.2831776496492635e-01	   4.5842407284665992e-01	   4.0807534067679885e-01	   5.1160200483042109e-02	  -7.3148181070649812e-02	   4.1845412196066251e-01	   3.9111790318695733e-01	   5.1185457802669032e-01	   4.4000510954845606e-01	   3.5547879217238665e-01	  -2.0778270924144023e-02	   4.9587293638454921e-01	   4.7594023389021328e-01	   3.4847710101193197e-01	   3.3749736674978520e-01	   4.7664832191854833e-01	   5.0387755512974763e-01	   4.0535732990451001e-01	   3.7844110509693507e-01	   4.0788200420384557e-01	   3.5720944326996701e-01	   5.1454120343366461e-01	   3.9644608080988719e-01	   6.1544587662546280e-01	   5.4498019699524902e-01	   1.5262246167413659e-01	   2.6031667484231136e-01	   6.2053569724876911e-01	   4.8471328434822225e-01	   4.7017097809309527e-01	   4.4054645130350556e-01	   9.4167048351098973e-02	   1.7624094336255233e-01	   5.8968254761099503e-01	   4.3386678162516013e-01	   4.0209580031804720e-01	   2.1990540027009686e-01	   3.2103788147311929e-01	   2.9357051038075549e-01	   4.5972827677571559e-01	   3.1913846780653221e-01	   4.2427726291260437e-01	   3.8345282043574880e-01	   4.1910726367936324e-01	   3.9563100216159097e-01	   5.1554132042456691e-01	   4.5643747058752937e-01	   2.0219790940280385e-01	   1.7162787300374915e-01	   2.3206173106750155e-01	   3.5522157397141679e-01	   5.1894310718616854e-01	   3.7939321641986834e-01	   4.2759245305639892e-01	   4.4299733230173999e-01	   5.5341006554811045e-01	   1.5433146992871372e-01	   8.1144347742741330e-01	   6.0386638964510131e-01	   4.7277026842285363e-01	   7.5419906696479799e-01	   4.3699485572708618e-01	   6.8159338375904444e-01	   4.7387929807078588e-01	   3.5097492251033391e-01	   4.5469538401485499e-01	   4.9225350471997886e-01	   4.5421493066083896e-01	   5.9262212960053162e-01	   3.2796843569270878e-01	   5.2364804878069593e-01	   1.8736108496824894e-01	   4.6026196151809884e-01	   3.8601129275892476e-01	   2.9394654486034477e-01	   5.6487381887974440e-02	  -1.5954969477696934e-01	   3.1035957097046224e-01	   2.5171943611878589e-01	   2.6027809560256576e-01	   5.8014377861371169e-01	   6.0171634602994040e-01	   4.8792332623950152e-01	   5.1290816788113447e-01	   1.9336419366357449e-01	
   4.5812347106978513e-01	   4.7248914530557123e-01	   5.4685570043384524e-01	   7.1591636332856678e-01	   6.7422537921852821e-01	   7.9932568539622872e-01	   5.3571340344664731e-01	   7.5208525141384908e-01	   5.4662354181881556e-01	   0.0000000000000000e+00	   4.6844033105232169e-01	   6.2665362533877356e-01	   6.6720484766263943e-01	   6.4030226965067838e-01	   4.8685230336688601e-01	   4.8117358901623009e-01	   4.0019211874092353e-01	   4.2266747999401222e-01	   6.3442176042391474e-01	   6.2700127164128894e-01	   3.6943969555667011e-01	   3.6049705188851838e-01	   5.8589253118999629e-01	   6.8071689512887512e-01	   4.6669508152166572e-01	   4.6184624647070116e-01	   2.9649607209601503e-01	   3.7767099420388378e-01	   5.1786216479289449e-01	   5.3656120750321068e-01	   5.0055976291014459e-01	   5.9657532937705782e-01	   4.3219329814372448e-01	   5.1556106000879753e-01	  -3.6545458290530686e-02	  -2.1145024597927522e-02	   3.3102882407629475e-01	   4.3132602403244047e-01	   4.8926542303713061e-01	   5.0044399025302755e-01	   4.1025858647436053e-01	   3.0327029869658295e-01	   2.7160478746814565e-01	   2.8027242178768030e-01	   8.5150207128891625e-02	   1.2163281055150779e-01	   2.5113082742451753e-01	   3.3500858715757487e-01	   2.0655463849613667e-01	   1.8219005257758245e-01	   3.0635659566160156e-01	   3.5336070235457578e-01	   5.0646847175662679e-01	   4.8587079727179505e-01	   5.7755293842578004e-01	   5.0155404771994316e-01	   3.2634668238579806e-01	   4.0573637469746693e-01	   3.8671850489049187e-01	   4.6400456750179980e-01	   5.5035773014635270e-01	   6.5650880998944638e-01	   3.6629592202672617e-01	   4.0326013308157510e-01	   3.7485449512425095e-01	   6.1032239523977871e-01	   1.7416426249846217e-01	   1.5994403941014540e-01	   3.7423885475416041e-01	   4.1134410245776243e-01	   5.2882228267951858e-01	   5.9775991494408365e-01	   5.6105600054989813e-01	   5.3200140161483656e-01	   6.3798472523032257e-01	   5.8866409828165245e-01	   5.2127235847320708e-01	   5.4984534512635519e-01	   4.1761899863467133e-01	   3.4839230951943212e-01	   4.2116386519008531e-01	   3.7343517223793249e-01	   4.3659456905649741e-01	   5.2108915081386531e-01	   4.5816543909515284e-01	   6.6303228612045961e-01	   3.8395078343701050e-01	   3.1795267528217719e-01	   7.1630341294298505e-01	   5.4067566656719301e-01	   3.1052355675406512e-01	   4.8092197625562022e-01	   6.2795314285284187e-01	   5.1105686639801484e-01	   4.0786456712714447e-01	   2.4298333295228480e-01	   2.6110427279404946e-01	   4.0722200843539680e-01	   4.1448108718360921e-01	   4.2801233523190607e-01	   4.7827918559195698e-01	   4.5969631410533418e-01	   3.4849809778844448e-01	   3.4877511090470303e-01	   3.6601822664216112e-02	   5.2529237936224243e-02	  -4.4447944271222575e-02	  -2.2565736362668060e-01	   2.6954667607328597e-01	   3.5548703275779248e-01	   1.1802436761413748e-01	   4.2301272745984531e-01	   4.7253134201554520e-01	   2.5332322134099899e-01	   2.3548113398244841e-01	   2.6246045982173311e-01	
   7.2645866882072330e-01	   6.0370660370009299e-01	   4.8436178183394207e-01	   3.0848622918185731e-01	   2.7540510541748497e-01	   3.4849377832353334e-01	   5.6986349074670906e-01	   5.5202943841195395e-01	   5.4189799878343348e-01	   4.6844033105232169e-01	   0.0000000000000000e+00	   8.4808295414842383e-01	   8.6800104246987952e-01	   7.8135746196490785e-01	   8.1523914116429319e-01	   5.4184149584352737e-01	   5.8515112771032318e-01	   6.4933793959372332e-01	   7.6375413881100451e-01	   6.2700755813864550e-01	   4.9348612971580008e-01	   2.8826293613944398e-01	   6.0778581594639425e-01	   1.4875147986826831e-01	   3.8732316472405814e-01	   1.3672699964137613e-01	   4.3177437415011249e-01	   3.7511074454168652e-01	   6.3789167618190401e-01	   6.1451069240362854e-01	   4.0330678959364580e-01	   2.8240876188255054e-01	   5.0738360195161880e-01	   4.2683013599525754e-01	  -2.2343107176384315e-03	  -9.4855215826683992e-02	   5.9980700006343113e-01	   5.7090729162018383e-01	   6.5801224250586043e-01	   5.4043502800386700e-01	   5.1425546702551750e-01	   2.3148669147277107e-01	   4.2334859294052507e-01	   4.6123292954120554e-01	   2.4041786133464763e-01	   2.4522805084371102e-01	   4.1152328038335062e-01	   4.5169080337540113e-01	   3.8697674532389126e-01	   2.9074902058320573e-01	   3.5724914550691916e-01	   2.4953093247282992e-01	   5.2748437158841299e-01	   4.1121338699766863e-01	   5.2798537747277652e-01	   5.3940775568337607e-01	   6.0180975556087435e-01	   5.9007781189055764e-01	   6.6480228651909778e-01	   4.7462716277187844e-01	   7.0279592797156054e-01	   5.4383159337493514e-01	   4.6504996841291807e-01	   4.3429076462412525e-01	   4.8974530782563985e-01	   1.9554248666898280e-01	   2.5482276391565717e-01	   6.3699279506101825e-02	   5.8145518085091141e-01	   3.9394611995935558e-01	   4.8934703076026825e-01	   3.7920272055309312e-01	   6.6774943315069446e-01	   5.9084202870518199e-01	   5.7527837041816687e-01	   5.5080312266326237e-01	   6.5493557364766175e-01	   5.4182406337820010e-01	   5.8056573751920471e-01	   5.8713461037030179e-01	   5.8243059706697020e-01	   6.7444537087141321e-01	   6.8259700089781838e-01	   6.8842129739339997e-01	   7.3106285902734991e-01	   5.2064003497171663e-01	   4.6221027926618341e-01	   3.8987783096619955e-01	   6.1120108448188915e-01	   5.1790058502982217e-01	   2.7519608228820625e-01	   4.5910663217295355e-01	   3.3852458627564985e-01	   4.2602035140407668e-01	   1.9801000888618542e-01	   3.8337014954049686e-01	   4.0809624967684738e-01	   4.4109627467317136e-01	   4.1704318456054829e-01	   5.6009739070629916e-01	   4.1791339099170322e-01	   4.6830815120177444e-01	   3.7901698886988605e-01	   3.5595787581641103e-01	   2.1103753980039219e-01	   1.9194219468756607e-01	   1.9133513932671226e-01	   1.0536436821536720e-01	   2.3293439202757144e-02	   1.2266346708685445e-01	   3.1041942213759899e-01	   3.6940966849080953e-01	   3.1388749852643349e-01	   2.3330134800898567e-01	   2.9506375714519884e-01	   3.2593881273538489e-02	
   7.9059109612419798e-01	   7.0036000829075273e-01	   4.2583519813950332e-01	   5.1988381714104959e-01	   3.5177905977557489e-01	   4.5118310841977521e-01	   4.9282193523319229e-01	   6.7660509215651576e-01	   5.3974894364396420e-01	   6.2665362533877356e-01	   8.4808295414842383e-01	   0.0000000000000000e+00	   8.3964721209209692e-01	   9.1618873657387634e-01	   7.8953499224706558e-01	   6.7455473657218090e-01	   7.1070729260346299e-01	   7.5151628795520220e-01	   8.0619101657072634e-01	   7.7015507950028095e-01	   4.4979163663873700e-01	   2.5867489241616565e-01	   4.6354244231264419e-01	   2.1988023998270956e-01	   2.7439633461112634e-01	   1.0633757202538408e-01	   3.2017100117434921e-01	   2.7693048028716838e-01	   7.6576433905108199e-01	   7.6736938519315268e-01	   3.6085338673504130e-01	   3.1880768426856498e-01	   5.3773715012474455e-01	   5.2490659678647122e-01	  -1.6780799812267994e-01	  -2.3694928850750915e-01	   4.9905945577702532e-01	   4.5841537258155690e-01	   5.5541688192526228e-01	   4.9290203790667064e-01	   4.8912264931968286e-01	   2.8613245836150253e-01	   4.0068597093828318e-01	   4.7655961131430824e-01	   2.6523142320092374e-01	   3.2362836486124746e-01	   3.9063929017963833e-01	   4.4682874762657754e-01	   4.4726548203043393e-01	   3.5263935207267599e-01	   4.0603082153433517e-01	   3.9527105707226629e-01	   5.4895466335945176e-01	   4.9740178989527761e-01	   5.5892690337095596e-01	   5.9408276526697179e-01	   6.7340655101382052e-01	   6.4628126804515917e-01	   6.6772789795801935e-01	   5.9151349365584638e-01	   7.6859295434503183e-01	   7.9326524663637732e-01	   6.2898163225989667e-01	   6.1808278877947131e-01	   3.3289927342760367e-01	   2.3302498128918708e-01	   2.2094014242719384e-01	   9.4246188914890061e-02	   6.8528935773150579e-01	   4.9329242835121068e-01	   4.2377076606043346e-01	   3.8126542002619768e-01	   7.3446811232455600e-01	   7.2207868903277928e-01	   6.2875764506620180e-01	   6.7655665937682130e-01	   6.1547382120366256e-01	   5.6017073913843807e-01	   6.6586174396986952e-01	   6.0838873572339203e-01	   6.8135564596374909e-01	   6.8519969165629480e-01	   6.8449244098847906e-01	   7.3321702895607865e-01	   7.0376359501102514e-01	   6.3476021885150735e-01	   3.5465566300051465e-01	   3.2201962328862860e-01	   6.0699687776070066e-01	   4.7824670510768930e-01	   3.2378759351964359e-01	   3.6550970803535821e-01	   4.2816918637830059e-01	   3.8042507426330591e-01	   1.2539042228047395e-01	   3.8351774416835160e-01	   4.5227299352880768e-01	   4.5832456390082443e-01	   5.1363313247693576e-01	   5.7398567009460189e-01	   4.7234743817518599e-01	   4.5714762865427477e-01	   4.3070994925776362e-01	   4.4708553443169741e-01	   1.9711086130972882e-01	   9.8701615465377840e-02	   2.5067102079123427e-01	   1.4509605181902391e-01	  -1.8550515846552020e-02	   2.1494864952874415e-01	   2.2776157414060100e-01	   4.1407732534163355e-01	   3.7153000297685124e-01	   2.0069994577675779e-01	   2.6710636189993031e-01	   8.3480397058692535e-02	
   6.6520643541163005e-01	   6.1681784860655431e-01	   6.1167224368834383e-01	   5.3971587389688935e-01	   5.0544480042588713e-01	   4.9413182984236559e-01	   7.1940252408849048e-01	   7.8005267102411768e-01	   6.5806236210693170e-01	   6.6720484766263943e-01	   8.6800104246987952e-01	   8.3964721209209692e-01	   0.0000000000000000e+00	   8.4564704039923411e-01	   8.7006011768513081e-01	   6.8449642703341473e-01	   5.6404437784692119e-01	   6.3968113453697417e-01	   8.0010154534079581e-01	   7.1542550714105424e-01	   5.8606046567864789e-01	   4.0884126951642563e-01	   6.7501160928622372e-01	   3.7635475192168505e-01	   3.7743091318939237e-01	   2.3768335098380824e-01	   4.1900507711471036e-01	   4.2175173477944294e-01	   7.0100918200595530e-01	   7.0710752731872040e-01	   5.7022207584539508e-01	   5.1324932186888228e-01	   6.2865523398263856e-01	   6.0001489670149399e-01	   7.9960442777709473e-02	   3.0897243069532166e-02	   5.0411997723324220e-01	   5.2973821789114761e-01	   6.4776987149095966e-01	   5.6044965591025120e-01	   5.4068424202685006e-01	   2.1592962796899642e-01	   4.2567956474384894e-01	   4.4308315203052184e-01	   2.8488874459285468e-01	   2.7726850228991023e-01	   4.3731341821162462e-01	   4.6340911437699406e-01	   3.5533441928239207e-01	   2.7432409374588784e-01	   3.8289298819254053e-01	   3.1969516029656569e-01	   5.5605329195538444e-01	   4.3912972293051961e-01	   6.5709391720984323e-01	   5.9410570409754837e-01	   5.4397428426566563e-01	   6.0916107981371104e-01	   6.1586455676758178e-01	   4.8301857066747067e-01	   7.7639196785986464e-01	   6.9013246404800710e-01	   5.1914180679267241e-01	   5.4120645212525331e-01	   5.2843480046139713e-01	   4.4486452071848603e-01	   3.2674211081754267e-01	   1.9426715384139503e-01	   6.3121134538507739e-01	   4.8556441994085064e-01	   6.1392280172528868e-01	   5.0676287725674740e-01	   7.1784759929974640e-01	   6.3498384864092450e-01	   6.6634853562972030e-01	   6.0601234389536396e-01	   7.1852580338722072e-01	   6.4948190092633740e-01	   5.9701581500045742e-01	   5.9492844230337838e-01	   6.2297064170919025e-01	   6.8603842960271288e-01	   7.6859425374058132e-01	   7.4694198866252248e-01	   6.8501399588546452e-01	   6.6574943747376714e-01	   5.4771172506609922e-01	   3.7483308712872498e-01	   7.5354908959737410e-01	   5.8568553611051932e-01	   3.7349014055607582e-01	   5.2163675275281041e-01	   5.0974328313619943e-01	   5.1232924366573018e-01	   2.9544741303438665e-01	   4.0950424622431103e-01	   4.8350955146186569e-01	   5.0040424351669066e-01	   5.4701961558856049e-01	   6.0977348576126733e-01	   5.4501850394738560e-01	   5.8161417590104947e-01	   4.4314104097226242e-01	   5.0572085994505800e-01	   2.6994244416517199e-01	   2.4281632882835813e-01	   1.9870728080380284e-01	   2.4818593608041950e-02	   6.8522068998219804e-02	   1.8011366908959281e-01	   3.2823583946978041e-01	   4.9817447788306024e-01	   4.4355080194591773e-01	   3.6357696870926598e-01	   3.8371928303621894e-01	   1.3212079957704029e-01	
