   0.0000000000000000e+00	   8.2869426791733547e-01	   6.0395867213245014e-01	   4.1672053623530214e-01	   5.0256019510837058e-01	   5.6116558971337849e-01	   7.2145901153430092e-01	   5.4655962082788601e-01	   4.7485760086091477e-01	   4.5488125684959846e-01	   7.7875695973758041e-01	   7.0309053070889638e-01	   7.0953870433797173e-01	   5.8336561610964943e-01	   5.4038970810369680e-01	   5.2966650823266659e-01	   2.9323742932560953e-01	   3.6364154071125321e-01	   7.0683160898914132e-01	   4.3827392505800428e-01	   3.6131170088718756e-01	   2.8664385762333222e-01	   3.7015225057182599e-01	   1.3909201208501101e-01	   4.7708592153969209e-01	   3.3423690873570866e-01	   3.4495110629875025e-01	   2.1898026598234596e-01	   5.0407022181918515e-01	   4.5610548785744809e-01	   4.0265544332450293e-01	   3.2158328202192715e-01	   5.7521034275807748e-01	   5.3196820904635944e-01	   4.5602573440813787e-01	   4.7219547164717518e-01	   3.1880837441328574e-01	   3.1888393281275246e-01	   3.8135009112559509e-01	   3.1538980468341204e-01	   4.3577805638258284e-02	   2.5487769446596903e-01	   5.5163831488420101e-01	   4.8753131812652839e-01	   4.7905985028706344e-01	   4.9096845930900457e-01	   6.0011469417513008e-01	   5.5229021554728008e-01	   5.3058928104197978e-01	   5.1085387514296010e-01	   6.4877769749064862e-01	   5.4443528053412193e-01	   6.4549154859015712e-01	   5.4157982027999774e-01	   6.1665892705447767e-01	   6.0602651963796883e-01	   5.6053802338475045e-01	   6.2494734471362845e-01	   6.4305653978839161e-01	   5.4872981137275190e-01	   6.3469070680801698e-01	   4.9931316511344437e-01	   4.9742829219875140e-01	   3.5776801531450086e-01	   3.0894119830397626e-01	   3.5056938903564855e-01	   5.6091607313189407e-01	   4.7488079826983365e-01	   2.0036075354128469e-01	   1.5369280069179039e-01	   3.6876723810498835e-01	   3.7221830035021619e-01	   5.9930425653296671e-01	   4.4828733445570917e-01	   6.5929807583657207e-01	   6.2014291563787438e-01	   7.3162224546274490e-01	   5.8210628029378364e-01	   1.8966021786992832e-01	   4.4372702285099874e-01	   4.1755328001009584e-01	   3.5894764686419983e-01	   1.6725887787799157e-01	   3.4718178633170234e-02	   4.7451648537974722e-01	   2.7313770875503607e-01	   1.9124015102956055e-01	   1.2327459759202986e-01	   4.1748948608278386e-01	   4.4494986641109385e-01	   4.7000194280150465e-01	   4.8062334261217848e-01	   2.0715643899174929e-01	   3.4182671557711963e-01	   3.8340685647485599e-02	   5.8412162479528296e-02	   6.0648780125204838e-01	   5.3857513591368733e-01	   5.7780934856914001e-01	   6.7785529444385739e-01	   4.0541594148460425e-01	   4.5753054505017665e-01	   4.7089793764541854e-01	   5.7477973057008669e-01	   5.2467173670380318e-01	   5.4672853501100482e-01	   5.3946115078185419e-01	   5.5686182804698192e-01	  -1.6378571017909027e-01	   2.0559484801481134e-01	   5.7302519677940078e-01	   5.7256901393016624e-01	   5.7486116446879343e-01	   4.5349734943299613e-01	   4.6549149259734568e-01	   1.9652915834254633e-01	
   8.2869426791733547e-01	   0.0000000000000000e+00	   7.0060630262284984e-01	   6.8910897969710483e-01	   7.3288959705285350e-01	   7.3681143227004320e-01	   8.5063546725181682e-01	   8.0961675015127232e-01	   6.3940646039393823e-01	   6.3937796439405836e-01	   6.0045159288089933e-01	   8.7404516701926660e-01	   6.0995830988261035e-01	   7.1404089815528526e-01	   5.1869819802569572e-01	   6.4500538342556824e-01	   4.6800382945910535e-01	   5.6233394031355066e-01	   7.3591548499660764e-01	   5.7584338455563433e-01	   5.4574448751861959e-01	   5.9779701556416232e-01	   4.2085914277927267e-01	   2.8766213814206193e-01	   6.0456502715088056e-01	   5.1189018054786184e-01	   3.9351088734836281e-01	   2.9495635858099351e-01	   6.8004125549994798e-01	   6.3369261055757631e-01	   5.2921585545354466e-01	   4.9055004316992123e-01	   7.8263396970599408e-01	   7.5578049707160511e-01	   5.8307917419087751e-01	   6.7272510635355320e-01	   4.8984431064885270e-01	   5.0778219154684379e-01	   5.8318032662111607e-01	   5.3474011485942408e-01	   3.0919375663158533e-01	   4.4697121358632047e-01	   7.0632410081628272e-01	   6.4219977430626463e-01	   6.4510966888808785e-01	   7.1405887234964105e-01	   7.4984864170931576e-01	   6.7697283711387313e-01	   7.2336330906086577e-01	   7.1837673033777794e-01	   7.8795587408314760e-01	   7.3436077338701256e-01	   7.1695805200898688e-01	   6.0114082294741011e-01	   7.3372229947650358e-01	   7.4158249787734254e-01	   7.3753062294627092e-01	   8.3449191536513756e-01	   7.7100876670857510e-01	   7.7407418600128053e-01	   7.7777779798928171e-01	   7.7981076465332277e-01	   7.4735999046698465e-01	   6.3840749053249035e-01	   4.2034390045437575e-01	   6.1088031101157991e-01	   7.6173618200032323e-01	   7.2893035927657523e-01	   5.1093431278860824e-01	   3.5182768086875549e-01	   3.4367501112572529e-01	   3.4281401968486852e-01	   7.0222078647180841e-01	   6.1638782833121475e-01	   7.5410797297089893e-01	   7.4441720533603561e-01	   8.1080403849879468e-01	   7.5128326172430016e-01	   3.5702023081976114e-01	   6.0940367752750180e-01	   5.7373379183677908e-01	   5.9618067763127169e-01	   3.2119415085003317e-01	   1.8567227835627637e-01	   4.7625161833398055e-01	   4.6869941047610569e-01	   2.7588530961791058e-01	   2.7854145849974393e-01	   6.1471406451524468e-01	   7.0662276542263702e-01	   6.7377951876459674e-01	   5.1137396826236625e-01	   4.5819039200524897e-01	   4.0603801545535706e-01	   1.1427021672261994e-01	   2.4712686723931054e-01	   6.5651681040722409e-01	   6.4121212207104983e-01	   7.0009179407268396e-01	   6.8530882807854965e-01	   7.1150522213841016e-01	   5.6691482251399805e-01	   7.0820002764445045e-01	   6.6312270454203504e-01	   6.7707143139491011e-01	   6.3962805607167084e-01	   5.6822033617492340e-01	   6.2704265285739813e-01	  -5.8044635009057592e-02	   1.5156822524606348e-01	   7.6316832735044471e-01	   6.3110219089828512e-01	   6.2801739260273193e-01	   5.8754856994020610e-01	   5.7795056345438567e-01	   4.0033453116914991e-01	
   6.0395867213245014e-01	   7.0060630262284984e-01	   0.0000000000000000e+00	   8.0202407913447793e-01	   8.3843417396198017e-01	   7.2670060484226484e-01	   8.0198720610642027e-01	   5.6836864878027482e-01	   7.8149589900154937e-01	   4.7565961382484390e-01	   5.4201076419800953e-01	   6.3217151518210957e-01	   4.7380153243542533e-01	   4.7597062397420326e-01	   6.4266841739495417e-01	   7.0478203983817655e-01	   4.1145338287377298e-01	   3.3537822205474616e-01	   7.6141473090686151e-01	   4.7164824687720508e-01	   6.9070494407336946e-01	   5.9538228805454896e-01	   8.3798489010908717e-01	   6.0606901196127283e-01	   8.2287341280619697e-01	   6.2409014493803672e-01	   6.9727258527446256e-01	   6.7714456322349326e-01	   4.8034789665831540e-01	   3.4649935915119734e-01	   6.4398452614928581e-01	   5.3644721765892622e-01	   6.6063772982320923e-01	   6.4619353303462135e-01	   8.3794852797629038e-01	   7.1129671266762440e-01	   7.1185757495317470e-01	   6.9052927830769262e-01	   7.1278180793193280e-01	   6.5408287294365008e-01	   3.0730821707806055e-01	   5.1938734674955578e-01	   7.2041897593462279e-01	   6.0080482963138082e-01	   5.8884822583164109e-01	   6.2551629718005808e-01	   7.0986180864577186e-01	   7.6363577500806845e-01	   6.7510644406650877e-01	   6.3461287371598696e-01	   8.0006728807771310e-01	   6.6015411906063004e-01	   8.5215269201170618e-01	   7.3638437763741393e-01	   8.1051835851472043e-01	   7.5705514771744409e-01	   5.5479782323214533e-01	   5.9754519196779987e-01	   8.4220250549364273e-01	   6.4652886812372168e-01	   7.6953692760438064e-01	   6.2620487669046121e-01	   6.2298955593122529e-01	   4.3662569884936092e-01	   8.3760920117566828e-01	   7.9447665010209190e-01	   8.3108856486913241e-01	   7.0730660741731433e-01	   4.6928060162224983e-01	   4.0574955213817976e-01	   2.6567938575284072e-01	   1.8261062355711752e-01	   6.4675294424669227e-01	   4.8224406449620838e-01	   7.3219982783999304e-01	   6.8044748954779588e-01	   7.2605758512865382e-01	   6.6232948667466751e-01	   3.5070095004283047e-01	   6.1423177287114605e-01	   6.1556867737899357e-01	   6.2180438587830344e-01	   3.2718658550085761e-01	   1.4267086659908113e-01	   8.6376088145433516e-01	   7.7860213718463422e-01	   6.1659962875159691e-01	   5.7989613653722438e-01	   8.7718878009936951e-01	   7.9132332556608942e-01	   7.7467216336964995e-01	   8.1156932044731489e-01	   7.2547944888575877e-01	   7.8097052196897088e-01	   2.8121768725465773e-01	   2.7852531159855315e-01	   5.8121113026476623e-01	   6.7364323253071090e-01	   5.7526289855160606e-01	   7.8672562275658509e-01	   6.6572814276142656e-01	   8.4106335069043781e-01	   6.4455617355290218e-01	   7.9666623262011926e-01	   7.5887136768055463e-01	   8.0472461673688345e-01	   3.9377419495715749e-01	   6.0441963057269377e-01	  -3.8304095692895702e-02	   2.5185319105029458e-01	   7.3819848920589171e-01	   7.3235693281167569e-01	   7.1991978740843277e-01	   7.4666897975752256e-01	   7.3658707267305212e-01	   4.1769193758207634e-01	
   4.1672053623530214e-01	   6.8910897969710483e-01	   8.0202407913447793e-01	   0.0000000000000000e+00	   8.0911875671501088e-01	   8.0336843856031359e-01	   6.9213703068555232e-01	   7.9956453784737302e-01	   6.8047205231581187e-01	   5.6988639477969072e-01	   2.5418943642536307e-01	   7.1934183163150811e-01	   2.4282389805024235e-01	   6.0317690733668505e-01	   4.3285828555968253e-01	   7.0746591388881996e-01	   4.6722072910529333e-01	   4.6657728813037019e-01	   5.6853717258105507e-01	   5.2405883646125828e-01	   7.3159440675406417e-01	   8.0607190793238725e-01	   7.0197896546193039e-01	   7.1647018429957132e-01	   7.6602950129490943e-01	   8.0793067582592060e-01	   6.5467596884005741e-01	   7.0003074680986799e-01	   4.4598283215516626e-01	   4.5040701460262916e-01	   7.0167010132396579e-01	   7.0568616405961970e-01	   7.6372830163416838e-01	   8.0040355831878274e-01	   7.5100386044103318e-01	   7.9207127537549749e-01	   5.3669581228141217e-01	   6.1978490155129995e-01	   5.6226149858435981e-01	   6.2586546622191574e-01	   3.4968921712967993e-01	   6.2926843046525005e-01	   7.3144899087580051e-01	   6.3163266428440457e-01	   6.1807375245527085e-01	   7.1857839043289073e-01	   7.3379639929318785e-01	   7.3084817379116951e-01	   6.8764751419153147e-01	   7.3606352871017711e-01	   7.4219279505500024e-01	   7.5548359283273625e-01	   6.6728480331311180e-01	   6.1821091779444193e-01	   6.3379521149226870e-01	   6.8173628598821467e-01	   6.4583755729044134e-01	   6.9595851566532696e-01	   7.8329413434333306e-01	   8.0448656967418741e-01	   7.1638878767762082e-01	   8.3395849694208901e-01	   7.7702383899649030e-01	   7.3657440885722991e-01	   7.0155482566656702e-01	   8.6856136219169988e-01	   8.4145175222609692e-01	   8.4198147779019661e-01	   6.2839427403456494e-01	   5.5793839041249094e-01	   2.3227428961759614e-01	   2.3590984450847810e-01	   5.8343794618180111e-01	   6.0986623378103966e-01	   6.3667450570177109e-01	   6.6877139203767566e-01	   6.7940742516626140e-01	   7.4021029607842370e-01	   3.3381823043744163e-01	   5.8298075768382041e-01	   6.2653235950780417e-01	   7.1188110870443611e-01	   3.9683464214338771e-01	   4.0050973243684551e-01	   6.1291838938392007e-01	   8.2240390677370223e-01	   5.1912407136798322e-01	   6.1952993567150616e-01	   7.8616169285552329e-01	   8.3981852542092505e-01	   7.9384009951356815e-01	   4.9770340974381022e-01	   7.5240487661591815e-01	   4.3592193525381850e-01	   3.3636840669465196e-01	   4.3483557823812247e-01	   4.8759640601919574e-01	   6.0573113339220730e-01	   5.8118959962584771e-01	   5.1133672369215111e-01	   7.7337173577287177e-01	   5.5880390633234522e-01	   7.0126099746258053e-01	   5.2900222276325193e-01	   7.1954306833469062e-01	   5.8997058667366509e-01	   4.6232859672398896e-01	   5.5807255848151482e-01	   1.5780307684324682e-01	  -7.6361758840195929e-02	   7.1619724291858589e-01	   5.3729250196913370e-01	   4.7811247818937308e-01	   5.6651658215455591e-01	   5.4956415530751290e-01	   4.8419041767522608e-01	
   5.0256019510837058e-01	   7.3288959705285350e-01	   8.3843417396198017e-01	   8.0911875671501088e-01	   0.0000000000000000e+00	   8.1314522927143196e-01	   8.6400368152913054e-01	   7.6656009768008548e-01	   8.8911319686787238e-01	   6.0586899263100946e-01	   4.3210785771549831e-01	   7.4903922187765226e-01	   4.9234318669303523e-01	   5.7892228983934446e-01	   5.5283930586612162e-01	   6.5828427476852236e-01	   3.4721579584703016e-01	   3.7320173766101888e-01	   6.5024500522311668e-01	   3.9963271814047530e-01	   7.2907769787755172e-01	   6.2941891796384575e-01	   6.3275205196790607e-01	   4.7154542036337666e-01	   7.7304251165085658e-01	   6.0746936858552048e-01	   4.7964493834226452e-01	   4.5286808090607023e-01	   5.4026224789180066e-01	   4.2265100389715315e-01	   5.7362756317235353e-01	   5.1111283445158229e-01	   6.8620456717762290e-01	   6.6196733951494124e-01	   6.9350554454688806e-01	   6.9871447819652777e-01	   5.7969898051424895e-01	   5.4741823610694706e-01	   6.9151957890095528e-01	   5.5083061934204314e-01	   2.7601134468031280e-01	   3.6791436027343233e-01	   7.4764611290731886e-01	   6.3585751735170437e-01	   6.4776296456864413e-01	   6.9564685773628232e-01	   7.5059474436894613e-01	   7.5099543583824768e-01	   7.1712205093238390e-01	   7.0507375587937260e-01	   7.9614549488992936e-01	   7.1797642524729288e-01	   7.8538302026158768e-01	   7.1140216851425531e-01	   7.7297429794653572e-01	   7.0795940220494402e-01	   6.3098773465820757e-01	   6.8630813034758997e-01	   9.0757455505498030e-01	   8.1755486969875313e-01	   8.6736723631245294e-01	   8.2694405235078228e-01	   7.8038053993120970e-01	   6.3222495745483731e-01	   6.6143473865553026e-01	   8.0035380277176682e-01	   8.5493343353802898e-01	   7.6541835069295128e-01	   5.5946636288098328e-01	   4.9935493756191662e-01	   3.5063862862840223e-01	   2.5082497834204648e-01	   6.1210122658673027e-01	   4.9461619927882006e-01	   7.0359623592145415e-01	   6.2990388198499425e-01	   7.4885935509721113e-01	   6.9197449502236053e-01	   4.1703105084881809e-01	   5.9909560251051386e-01	   6.0386633759931763e-01	   6.2303415934910611e-01	   2.5065015290820081e-01	   1.1715348942910030e-01	   6.6767473640283337e-01	   6.5724615818297016e-01	   4.0561387249447017e-01	   4.3784608254908464e-01	   8.7683019928398309e-01	   8.6258461073977744e-01	   8.1550122458627938e-01	   7.3476315644959334e-01	   7.1198045980210956e-01	   6.7966046447550021e-01	   1.6631063929452433e-01	   1.7532114093521881e-01	   5.6155238837536814e-01	   5.8528955439690233e-01	   6.0072576600425176e-01	   7.0528986839058116e-01	   7.8398130429583524e-01	   7.9597407967316869e-01	   7.3232087327153672e-01	   7.7601629422170704e-01	   6.8435951178037291e-01	   6.7531773023831609e-01	   3.8632293516078359e-01	   5.5625797587993153e-01	  -1.1985630994853380e-01	   1.7721358129508352e-01	   7.0610106426838914e-01	   6.2384748598720829e-01	   6.4723213318495187e-01	   7.0036569015933714e-01	   6.8257092709063838e-01	   4.0823547434269214e-01	
   5.6116558971337849e-01	   7.3681143227004320e-01	   7.2670060484226484e-01	   8.0336843856031359e-01	   8.1314522927143196e-01	   0.0000000000000000e+00	   8.2073322617614120e-01	   8.3872533368644975e-01	   7.5514482568359020e-01	   6.4481597532128943e-01	   5.1324708561408239e-01	   8.0502735964032968e-01	   5.6858511777417275e-01	   7.0151750291935588e-01	   5.3706728173120077e-01	   5.8236553238224187e-01	   2.4051004839555207e-01	   2.6105831207167468e-01	   5.5124728729139283e-01	   3.2884638910254776e-01	   6.2351492618070203e-01	   5.9667110412155933e-01	   5.0000433962987700e-01	   4.1028061889647643e-01	   6.0864482650714646e-01	   5.4615909161625720e-01	   3.9647217909764498e-01	   3.8317387755300347e-01	   4.5045487001521178e-01	   3.2628671621645178e-01	   4.8146059874516345e-01	   4.4441805786802929e-01	   6.1831309839950421e-01	   6.2867625067383992e-01	   6.2555828275586356e-01	   6.6053542901336326e-01	   4.4998704756085522e-01	   4.8072445431922306e-01	   5.4932132252372856e-01	   5.3902581710039821e-01	   2.3935616599540721e-01	   4.3113897194988932e-01	   6.2434546947347414e-01	   4.9889435405515808e-01	   5.3249563429868596e-01	   6.0087874761544224e-01	   6.5585531069890979e-01	   6.0877309989305206e-01	   5.9861374588013350e-01	   6.1339724457317146e-01	   7.5373255200536649e-01	   6.9829754259903409e-01	   6.4256968974205031e-01	   5.7864573772544792e-01	   6.3934004485572571e-01	   6.2327371574014068e-01	   5.1675924677395169e-01	   6.3943345781995420e-01	   8.1915033404223692e-01	   7.7308279414827807e-01	   8.0287994118105099e-01	   8.2629590474031234e-01	   7.0118368549769716e-01	   5.7111015367141771e-01	   5.6533858660277592e-01	   7.9436955397336417e-01	   7.6022681334168918e-01	   7.0068801355963994e-01	   3.8329781967484411e-01	   3.1420471706279579e-01	   3.6991796341647776e-01	   3.1747301003854406e-01	   5.3945493199101757e-01	   4.9511026118322676e-01	   6.3368817346573170e-01	   6.3479503727659692e-01	   7.0156769666632557e-01	   6.6537867502444037e-01	   1.5470834032958328e-01	   4.2913402076689072e-01	   3.9820868649053148e-01	   4.7200544751463275e-01	   1.5806360853838008e-01	   5.6145718964357508e-02	   5.2097022653553893e-01	   5.6741696019129040e-01	   2.4958218745726179e-01	   3.4521606165976237e-01	   7.1584391486964294e-01	   7.6446936051709535e-01	   7.1878749540160480e-01	   5.3098030280688735e-01	   6.3689355555831617e-01	   4.8461486951699306e-01	   1.7060030975538795e-01	   2.5444369270879635e-01	   4.2062354011470204e-01	   4.6213653091104334e-01	   4.3468238645123253e-01	   5.1526181444501995e-01	   7.4362587413563641e-01	   6.2187810290042012e-01	   5.9996107984189284e-01	   5.8687677574209796e-01	   6.7233709626356031e-01	   5.7817362350385060e-01	   3.7898101626048053e-01	   4.5331777224696918e-01	   9.1828589080356193e-03	  -2.1870123640009870e-02	   5.9822942865772766e-01	   4.7725627594529441e-01	   5.2816121151445572e-01	   5.7328404753081030e-01	   5.2040446599289791e-01	   4.4558228385851523e-01	
   7.2145901153430092e-01	   8.5063546725181682e-01	   8.0198720610642027e-01	   6.9213703068555232e-01	   8.6400368152913054e-01	   8.2073322617614120e-01	   0.0000000000000000e+00	   8.1789372606369248e-01	   8.4318326567524537e-01	   7.4068305592829065e-01	   6.9401986456487141e-01	   8.6281504270408527e-01	   7.3314077173256564e-01	   6.7440781719962095e-01	   5.9284709942094282e-01	   5.9936075252505361e-01	   3.3124659150330715e-01	   3.5631916864497754e-01	   6.9005192269398807e-01	   3.5251073504897251e-01	   5.1251342770939790e-01	   4.5745031533376324e-01	   4.6649066044418541e-01	   2.2162764906110821e-01	   5.7984850350048911e-01	   3.8657008464067610e-01	   3.0789590610178619e-01	   2.4163391178110710e-01	   5.9412230832081026e-01	   4.0641323117800393e-01	   4.2280411690966396e-01	   3.3704271873759889e-01	   6.3830495832400103e-01	   5.9656557401563914e-01	   6.3192291077586793e-01	   6.2202732852515208e-01	   4.7337288582346460e-01	   4.1827698309259698e-01	   5.9885766023732345e-01	   4.7609189723826856e-01	   3.2099618324198043e-01	   3.0113522371057394e-01	   6.0984767707620458e-01	   4.9569425239076148e-01	   5.2816017208952426e-01	   5.7830653720294578e-01	   6.3097591280159881e-01	   6.1065371751747399e-01	   5.9738520004499707e-01	   5.7225041678929478e-01	   7.5980415523175593e-01	   6.7839418691947184e-01	   7.4117030802710837e-01	   5.8355058206423982e-01	   7.2210770305053606e-01	   6.3545688764056685e-01	   5.8761966554548284e-01	   6.6713777410981501e-01	   9.0017078138182960e-01	   7.9574200245644944e-01	   9.2137736544576565e-01	   7.9796907821102914e-01	   7.3037544158736722e-01	   5.0220509266543134e-01	   5.4718512464791180e-01	   7.3599956963044055e-01	   7.8487788697816052e-01	   7.0459235686436394e-01	   3.3313042586861574e-01	   2.3192725628940822e-01	   3.0143169070269349e-01	   1.6861333295048930e-01	   5.8205392989563676e-01	   4.1066325249338553e-01	   6.5825877247837472e-01	   6.0724000465623962e-01	   7.1422037321125509e-01	   5.7309479216508008e-01	   2.5124244304982585e-01	   4.4689657507733527e-01	   4.5489741876935774e-01	   4.8444200540581345e-01	   2.0756534638475588e-01	  -6.9856764417296630e-02	   5.9945042601197374e-01	   4.8608928499070703e-01	   2.2724732993066599e-01	   2.2531750371914205e-01	   7.4288382290611710e-01	   7.4026395158173508e-01	   6.5809679983110714e-01	   6.8967522723553321e-01	   4.7996600449500776e-01	   6.1672262048788817e-01	   4.9479015918695121e-02	   1.7039340377531781e-01	   4.9711250861185202e-01	   4.9059186448485803e-01	   5.2447621407692080e-01	   7.0680482993886740e-01	   6.8864703788803061e-01	   7.8120478101833624e-01	   5.9190657774388256e-01	   7.8016696079029013e-01	   5.9549208119732278e-01	   6.5027838174224117e-01	   3.9448159079548284e-01	   5.6248251492574131e-01	  -1.1016826241430484e-01	   1.6572018984630776e-01	   6.5068905787252185e-01	   5.7453237495721998e-01	   6.2582975985032974e-01	   5.8376739527832089e-01	   5.6811061183662903e-01	   3.8102221910506778e-01	
   5.4655962082788601e-01	   8.0961675015127232e-01	   5.6836864878027482e-01	   7.9956453784737302e-01	   7.6656009768008548e-01	   8.3872533368644975e-01	   8.1789372606369248e-01	   0.0000000000000000e+00	   6.7138707841131084e-01	   7.9854713494649143e-01	   4.0265076789981213e-01	   9.0347159156454948e-01	   4.8198459853298431e-01	   7.9004348603207597e-01	   3.5926055819312075e-01	   5.5644169814163780e-01	   3.9999131173063779e-01	   4.9432402041212842e-01	   4.6418755986536081e-01	   3.7340005168930118e-01	   5.1030200990166652e-01	   5.9618074975655633e-01	   2.7302479699975901e-01	   2.4518479677277705e-01	   4.8267890201802577e-01	   5.0496543041698616e-01	   2.3516441203704497e-01	   2.2076644257352687e-01	   5.9406383088099723e-01	   5.6098796973284992e-01	   4.2447734672023452e-01	   4.5695609610435584e-01	   6.7662687061201754e-01	   6.8903601262918890e-01	   4.5569373269142893e-01	   6.0449534589903131e-01	   2.7362903741624506e-01	   3.0293850062899158e-01	   4.3701388638045552e-01	   4.0933586783191112e-01	   3.2314566921883314e-01	   3.6684386031832145e-01	   5.4838799512272618e-01	   4.6709518324979493e-01	   4.8620579211785475e-01	   5.9230832511104969e-01	   5.9901496266423748e-01	   5.0294404113039781e-01	   5.5639147842181091e-01	   6.1814391906467403e-01	   6.5275915433964293e-01	   7.2305381769723720e-01	   5.1775123521035882e-01	   4.2080425104632196e-01	   5.1271253400090133e-01	   5.3574708141455185e-01	   6.1561283448360216e-01	   6.9217425800521659e-01	   7.6625050758205915e-01	   8.5475598108976558e-01	   7.8490282765512676e-01	   9.2395428077534780e-01	   7.9494242320815123e-01	   7.3362227184957240e-01	   3.2473058039672975e-01	   7.0530499744172781e-01	   6.9690276184400579e-01	   7.1991175896231563e-01	   4.5664997902390136e-01	   2.7859894330706064e-01	   2.3455243380488167e-01	   1.9672696809832571e-01	   5.2827831857959262e-01	   5.5552519888606500e-01	   5.2469764086365611e-01	   5.8194218472163284e-01	   6.0856123407948348e-01	   5.8648908622016604e-01	   2.8723318885137961e-01	   4.4102581439808908e-01	   4.5209981674213623e-01	   5.2879746268625205e-01	   2.6162874567201733e-01	   1.5444233259121720e-01	   2.9254113059336151e-01	   4.1611088829265147e-01	   9.5226701676012868e-02	   1.8378254533074914e-01	   5.7449902813139220e-01	   6.9786901208117724e-01	   5.7168846249346961e-01	   3.0113487035942432e-01	   4.1148850209698012e-01	   2.3004080309760994e-01	   1.0689286039848478e-02	   2.4595276857312340e-01	   3.6915597676068029e-01	   3.7516898349044275e-01	   4.6236635457579889e-01	   3.7880247876981687e-01	   6.8886238576659820e-01	   4.3731822140352022e-01	   5.6185277731360705e-01	   4.5684483797703224e-01	   4.9141572855735000e-01	   3.8003441189159692e-01	   4.0970536891516035e-01	   4.6811605384399280e-01	   5.1308512264769453e-03	  -1.1544592292367470e-01	   5.5811932003751519e-01	   3.2453752404510516e-01	   3.3468299934342949e-01	   3.6106760958492445e-01	   3.4940214018728943e-01	   3.8960803254152104e-01	
   4.7485760086091477e-01	   6.3940646039393823e-01	   7.8149589900154937e-01	   6.8047205231581187e-01	   8.8911319686787238e-01	   7.5514482568359020e-01	   8.4318326567524537e-01	   6.7138707841131084e-01	   0.0000000000000000e+00	   7.3657403589444148e-01	   5.7511144257612135e-01	   6.9829371620075564e-01	   6.6516886696294497e-01	   6.2869605445718069e-01	   7.1786784261877534e-01	   6.5313840617143770e-01	   1.7142104523109605e-01	   1.9886274747193378e-01	   5.9109262599338241e-01	   2.5345137377406290e-01	   5.7422669987566999e-01	   4.5035318806005542e-01	   5.8703401803114286e-01	   3.4923195500598259e-01	   6.2482975725256429e-01	   4.1769481265823094e-01	   3.5589452205248739e-01	   3.2212587046995167e-01	   4.7037779721120632e-01	   2.8427285234700006e-01	   4.2602559643002608e-01	   3.3275823532944998e-01	   4.9345404908582241e-01	   4.6019614033966733e-01	   5.9037360742871547e-01	   4.9264515431202460e-01	   4.8584722277842685e-01	   4.4599474127813943e-01	   6.0156019556786988e-01	   4.1490688026310751e-01	   2.3805893232584108e-01	   2.8670398405041447e-01	   5.1567282835405126e-01	   3.4960616491049029e-01	   3.7866511414467646e-01	   4.2914681423753825e-01	   5.2748361493520968e-01	   5.6146804004260931e-01	   4.8742965807761790e-01	   4.6029773980391575e-01	   6.4891910879661141e-01	   5.2154895692045922e-01	   6.9767592684015045e-01	   5.5853611118431834e-01	   6.6027044635691756e-01	   5.1094982055557336e-01	   4.6971871045735897e-01	   5.3903006641444828e-01	   8.6911815165708084e-01	   7.3800867132570169e-01	   8.8197856289415189e-01	   7.5530883825194461e-01	   6.2917411680447055e-01	   4.3592290418262081e-01	   6.8426962038103523e-01	   7.6205037132152309e-01	   6.8406934897608607e-01	   5.8318420552029526e-01	   3.8643556988835404e-01	   3.1995477983758569e-01	   3.8394695773979626e-01	   2.1397716026886016e-01	   5.4025151135394878e-01	   3.9158943930014489e-01	   6.2061741847666618e-01	   5.3510667756754948e-01	   6.4910530194567517e-01	   5.3393054296225739e-01	   2.7966692446207431e-01	   4.4161664949663060e-01	   4.0839281153400875e-01	   4.3653012869116192e-01	   2.3671699056091092e-01	  -1.5741492561171728e-03	   6.7542066115275334e-01	   5.6108806838763858e-01	   3.1627374111713480e-01	   3.0977167026752545e-01	   8.2282987769403371e-01	   7.6158679176788902e-01	   7.1405409532117248e-01	   7.7285519677555037e-01	   6.2192902416053997e-01	   7.2903493060037061e-01	   3.1673093383401199e-02	   3.1390631992138020e-02	   4.3965888225784272e-01	   4.0456585176476867e-01	   4.3652543343902445e-01	   6.3961180851832111e-01	   6.5271969820186171e-01	   8.1064617524452809e-01	   5.6030218586751745e-01	   7.4775515408613302e-01	   5.3969368126013273e-01	   5.7020457376190126e-01	   2.4216251703765229e-01	   4.6093302301162276e-01	  -1.9509620223794011e-01	   2.2758545734066385e-01	   5.3684599383430598e-01	   5.0586170334233371e-01	   5.8255829650015578e-01	   5.6065680021980935e-01	   6.1124612058611216e-01	   3.5227419994760556e-01	
   4.5488125684959846e-01	   6.3937796439405836e-01	   4.7565961382484390e-01	   5.6988639477969072e-01	   6.0586899263100946e-01	   6.4481597532128943e-01	   7.4068305592829065e-01	   7.9854713494649143e-01	   7.3657403589444148e-01	   0.0000000000000000e+00	   5.0163017607332527e-01	   7.3199718720460361e-01	   6.3656978469086878e-01	   7.7114445491088324e-01	   4.3130949750220365e-01	   4.1804420122748798e-01	   1.8951479108990216e-01	   2.6710964169588158e-01	   3.4473944178693533e-01	   1.1505393338065067e-01	   2.9876782528992091e-01	   3.3695343293681201e-01	   1.5325987864316737e-01	   1.2054489776108051e-02	   3.0136801526360973e-01	   2.3188715440536350e-01	   9.0776038617335825e-02	   7.6298625732423214e-02	   3.9856497309517425e-01	   3.5266213826937376e-01	   1.1895202187118126e-01	   1.2295356384453512e-01	   3.2871980709001825e-01	   3.3874673456093340e-01	   2.8634251342079692e-01	   2.7624308407994935e-01	   1.4841817108466843e-01	   1.4289427304137514e-01	   3.6614329545797841e-01	   2.3568780230162367e-01	   1.6126022943438736e-01	   2.2993690808480732e-01	   2.3622370182905855e-01	   8.6314874948069401e-02	   7.1603295201797354e-02	   1.7816747094075500e-01	   2.6672020164788007e-01	   2.4574937725325163e-01	   2.0264129355234078e-01	   2.5509403592233809e-01	   4.3521272055190807e-01	   4.4781152062496776e-01	   4.1170213023773627e-01	   1.9570633103778867e-01	   3.6967990593283984e-01	   2.7090227922344967e-01	   3.7984507590379046e-01	   3.9104434508580377e-01	   6.6374441518435989e-01	   6.8588049548925922e-01	   7.3107224029266527e-01	   7.3366553636118614e-01	   4.7119892639915184e-01	   3.4787823133247731e-01	   2.9091635755284684e-01	   6.0820236601241562e-01	   4.2396704611058839e-01	   4.3237903329314376e-01	   2.4365331023444203e-01	   3.8346392002467033e-02	   2.0841122501645903e-01	   6.9628061563889662e-02	   3.4384368925224096e-01	   3.0607719064869016e-01	   3.5140621751248047e-01	   3.4337791042197208e-01	   4.1517679648190564e-01	   3.0487812261982733e-01	   1.5510823889089156e-01	   2.5353602035350964e-01	   1.6805700592584205e-01	   2.0877042578021124e-01	   9.8256690563605933e-02	  -9.9482253292776046e-02	   2.6444740798103955e-01	   2.1407766758315366e-01	  -3.4231347928053185e-02	  -7.4175106597484289e-02	   4.9284067023529299e-01	   5.0809169356463824e-01	   3.7613469692454393e-01	   3.3985334942641421e-01	   2.4394721419736279e-01	   2.9593798221779977e-01	  -1.0288492372057539e-01	   5.7843547887346511e-02	   2.4483038657214484e-01	   1.8114688545518723e-01	   2.1831557764370102e-01	   2.9519212549163160e-01	   4.7699694230837802e-01	   4.6785920572062673e-01	   2.8590368748222122e-01	   4.1305393250665290e-01	   2.7678798377185720e-01	   2.5299277217959770e-01	   2.4593233158362271e-01	   3.7288516832375396e-01	  -1.3427765049035092e-01	   3.3721449808807619e-02	   3.0178797310688493e-01	   1.7902436654099446e-01	   2.5631022991281038e-01	   1.5052122538721938e-01	   2.7692732749807236e-01	   2.8801932330985153e-01	
   7.7875695973758041e-01	   6.0045159288089933e-01	   5.4201076419800953e-01	   2.5418943642536307e-01	   4.3210785771549831e-01	   5.1324708561408239e-01	   6.9401986456487141e-01	   4.0265076789981213e-01	   5.7511144257612135e-01	   5.0163017607332527e-01	   0.0000000000000000e+00	   5.7062543552208234e-01	   9.0808290931293856e-01	   5.4523066811027054e-01	   7.2635021596721483e-01	   4.0678206146654189e-01	   7.7936283229806308e-02	   1.7310328285726749e-03	   5.7772787499305989e-01	   1.0692026199518416e-01	   1.6542701316018138e-01	   7.6772954388472398e-02	   3.3786297339333526e-01	   2.6548041591761360e-02	   2.7139540285735420e-01	   3.3707527371063806e-02	   1.1733033339799483e-01	   3.0178237859059966e-02	   3.7494000813703204e-01	   1.3427942712274801e-01	   1.8058989211738230e-01	   2.7394231322406818e-02	   2.7348052345230750e-01	   2.2031324662686425e-01	   3.7827894135061901e-01	   2.4519748911356518e-01	   2.6717949538278207e-01	   2.3350267890364168e-01	   3.2480862486982370e-01	   2.0106531651195708e-01	   4.2033858354504836e-02	   1.1639319203000445e-01	   2.7992918445954051e-01	   1.6637974663152455e-01	   2.1540804194119836e-01	   1.9219985567963860e-01	   3.0968938562339365e-01	   3.0260860987078636e-01	   2.2412284737551141e-01	   1.7460376545093867e-01	   4.1479328860211384e-01	   2.3760834404838410e-01	   5.2191945556290742e-01	   3.6255629775222353e-01	   5.2802405782888517e-01	   3.7169980856218193e-01	   2.7130470084115410e-01	   3.6353689452395022e-01	   5.5117922784744100e-01	   3.7202440108826557e-01	   6.6147410564456210e-01	   3.9224700738769952e-01	   3.3920143037506090e-01	   5.8046220238543389e-02	   3.4770350857155741e-01	   3.4311937222182531e-01	   3.3574499643007094e-01	   2.2150631365185808e-01	   3.3826093945035808e-02	  -2.1840530095832804e-02	   3.6827842095346430e-01	   2.9671506832962558e-01	   4.1047514158468684e-01	   1.8773239553900262e-01	   5.1953729655541225e-01	   3.8996256191475248e-01	   5.3749558886526061e-01	   3.3721365470045467e-01	  -2.7841805531635365e-02	   1.8430729734393236e-01	   1.7130737129569584e-01	   6.4085731129169238e-02	   8.9924979259368737e-02	  -2.7395222317280932e-01	   5.5294733855848788e-01	   1.8463361372433362e-01	   1.6623199213936238e-01	   3.4720631237792926e-02	   4.6304388919547512e-01	   3.9530554839772125e-01	   3.2910504489685027e-01	   5.6491380662891455e-01	   1.7933759859185178e-01	   4.9327355199211870e-01	  -5.7609375050124187e-02	  -8.0428188484268998e-02	   3.2017715082833853e-01	   2.3087162974936926e-01	   2.3482859414678800e-01	   5.5810830766788178e-01	   2.5745489280700740e-01	   5.3914822776221527e-01	   1.9996361811452515e-01	   5.7030011445208872e-01	   2.7511057388395688e-01	   3.9474255063469155e-01	   1.2671901593199159e-01	   2.5118804821893748e-01	  -1.8000993947908811e-01	   2.6141984050806394e-01	   3.2095824082736341e-01	   3.6790180415696522e-01	   4.4570780926070991e-01	   3.3120334280905472e-01	   3.2951846991972789e-01	   9.0138221359536447e-02	
   7.0309053070889638e-01	   8.7404516701926660e-01	   6.3217151518210957e-01	   7.1934183163150811e-01	   7.4903922187765226e-01	   8.0502735964032968e-01	   8.6281504270408527e-01	   9.0347159156454948e-01	   6.9829371620075564e-01	   7.3199718720460361e-01	   5.7062543552208234e-01	   0.0000000000000000e+00	   6.1725461559530892e-01	   8.4195720588766365e-01	   4.9855603467589987e-01	   6.2620872488177959e-01	   2.7919204174003609e-01	   4.0056072524369468e-01	   6.1153828191266946e-01	   4.4319353512377851e-01	   4.4042641076056266e-01	   5.2125268156650706e-01	   3.3026794832447670e-01	   2.5940182480811907e-01	   4.9055356451309662e-01	   4.4267429406000924e-01	   2.6215855393243626e-01	   2.0775871450549077e-01	   5.4990824695429241e-01	   4.5289475759410047e-01	   4.2251116921375875e-01	   3.9053407071064816e-01	   6.8105465918529429e-01	   6.5740471409069823e-01	   5.0718765256029985e-01	   6.2191114093281241e-01	   3.0346122595190667e-01	   3.0260745412631507e-01	   4.6417896540622672e-01	   4.1036310433493539e-01	   3.0136991636577559e-01	   3.3113339251897073e-01	   5.8514264430505536e-01	   4.9271751928999497e-01	   5.0383719051972853e-01	   5.9388927627736421e-01	   6.1930519663206529e-01	   5.3770942063514238e-01	   5.6764001567292888e-01	   6.0660536837994128e-01	   7.1238977439637341e-01	   7.3208521549018268e-01	   5.8304384563051748e-01	   4.7412993178180773e-01	   5.8692893758040399e-01	   5.7725933767528270e-01	   5.7774339990174806e-01	   7.0078417717757013e-01	   7.7873104900161616e-01	   8.5558255935200611e-01	   8.1549252285793528e-01	   8.8482913105529415e-01	   7.7643487991124138e-01	   7.0038751731745696e-01	   3.8212243509758920e-01	   7.0188798018479726e-01	   7.3062731349682419e-01	   7.2743076349867897e-01	   4.0878100391382532e-01	   2.7415859927161068e-01	   2.6347625226072680e-01	   2.4681814714729772e-01	   5.0057993791252042e-01	   4.5762804079027886e-01	   5.7126979129126165e-01	   5.8991615355928495e-01	   6.7705195313829003e-01	   6.2649715437769538e-01	   1.6944226258190415e-01	   3.8344736227099746e-01	   3.9935125586432479e-01	   4.7937174650296310e-01	   2.4387045990009293e-01	   8.6255061792284538e-02	   3.9000448906410490e-01	   4.5905026602549198e-01	   9.7781934695234662e-02	   2.0638107930609911e-01	   5.7582890421540989e-01	   7.1238805577975073e-01	   6.4617369128312752e-01	   4.1111158504010364e-01	   4.3108592790735922e-01	   2.9319743796011855e-01	   2.4181132071766556e-02	   1.8954178179537012e-01	   4.5372138024088704e-01	   4.0213340582761631e-01	   5.3137516556307562e-01	   4.8892196349636818e-01	   7.2815208974797563e-01	   4.9605079717978207e-01	   6.2928164824530031e-01	   5.4246602377477449e-01	   5.3714502693202326e-01	   4.4833269877970844e-01	   4.7868888076323712e-01	   5.2961624828393217e-01	  -2.0779710452042872e-02	  -2.2689761489673478e-02	   6.0016884326643793e-01	   4.1439061122213955e-01	   4.5020928392604975e-01	   4.0712208332045813e-01	   4.1582349752268272e-01	   3.3494638453492664e-01	
   7.0953870433797173e-01	   6.0995830988261035e-01	   4.7380153243542533e-01	   2.4282389805024235e-01	   4.9234318669303523e-01	   5.6858511777417275e-01	   7.3314077173256564e-01	   4.8198459853298431e-01	   6.6516886696294497e-01	   6.3656978469086878e-01	   9.0808290931293856e-01	   6.1725461559530892e-01	   0.0000000000000000e+00	   6.8927368986438253e-01	   6.7356978438063353e-01	   3.5486056958769929e-01	  -1.1529492395190677e-01	  -1.3244436423786640e-01	   4.2203800847828643e-01	  -6.0728208843122050e-02	   1.9011977043528269e-01	   6.8056572440532814e-02	   1.8457438335953910e-01	  -1.1586559990234557e-01	   2.3478860111612260e-01	  -3.6708285010987442e-03	   1.7551091580091886e-02	  -6.7861257056032492e-02	   3.4180357534911454e-01	   8.6645099870832409e-02	   4.3178819419121106e-02	  -7.2246122048166175e-02	   1.7578560132944177e-01	   1.2579538467254583e-01	   2.7427253308516231e-01	   1.7990820595046003e-01	   1.9404551853561214e-01	   1.5607762888916157e-01	   3.3595847976525989e-01	   1.2811965065626721e-01	  -3.0013075210833094e-02	  -1.1164661273093446e-02	   2.1297966855280145e-01	   8.7210158558409870e-02	   1.1582598306127180e-01	   1.1129291152684895e-01	   2.4702879469018912e-01	   2.1318820818568165e-01	   1.6299810132345260e-01	   1.3832327558390506e-01	   4.0669737470537526e-01	   2.5638412128481392e-01	   4.7178473466040072e-01	   2.5189844878631884e-01	   4.7761001970810435e-01	   2.9058706927388234e-01	   1.8830787803358368e-01	   3.0750178086756874e-01	   6.2421523584414684e-01	   4.5001523713755376e-01	   7.3999360503433331e-01	   4.7190187011232759e-01	   2.9903011935790336e-01	   4.4453519802810725e-02	   2.5574940857790385e-01	   3.7170983631959958e-01	   3.1706013650268311e-01	   2.1121549260430747e-01	   1.2644321458955981e-02	  -5.4886363314221434e-02	   4.2766784695899623e-01	   3.0356156205602880e-01	   3.6672569723878645e-01	   1.6871719732467713e-01	   4.8048622929603996e-01	   3.4881632440552973e-01	   5.2346597793213634e-01	   3.2925678183193058e-01	   1.7497786387682152e-02	   1.7012339552269051e-01	   3.1257142793445214e-02	  -6.1702381578590579e-02	  -2.9183593778282918e-02	  -3.7077075688286615e-01	   4.0672529121088430e-01	   6.2275197970680596e-02	   2.0022835026286091e-02	  -1.2318838020513133e-01	   4.3457476862143068e-01	   3.8015896241516794e-01	   3.1097234425204090e-01	   5.1710020698612680e-01	   1.4479730751339259e-01	   4.6346074335479603e-01	  -1.9948987787472552e-01	  -2.4388140760577720e-01	   3.1062707624186647e-01	   1.3933502835783743e-01	   1.3754375513773709e-01	   4.6167241318268454e-01	   3.0359561237254551e-01	   5.4644901877772067e-01	   1.6562890057384397e-01	   5.3637000077193764e-01	   2.1990904875440478e-01	   3.2505847183673875e-01	   1.2186825194872358e-01	   2.0235468325007910e-01	  -3.9325153575710803e-01	   3.4590895852019560e-01	   2.3490271667782689e-01	   2.5008658981637566e-01	   3.8992953739711644e-01	   2.5609949628074058e-01	   3.5017748265899784e-01	   6.7824014361567153e-02	
