   0.0000000000000000e+00	   7.9763821419851744e-01	   4.4468899251253441e-01	   4.6120471715293404e-01	   5.7770966622356190e-01	   5.9740658135046942e-01	   2.9042416801638865e-01	   4.7548885750060477e-01	   3.7255325485417401e-01	   4.3413240597920544e-01	   5.1993902272034331e-01	   5.1490434403611118e-01	   2.1698531340044713e-01	   1.2639668026015452e-01	   6.9005750536820842e-01	   5.5026469926088439e-01	   5.5009217977853830e-01	   3.8836162424161114e-01	   7.9232207256217535e-01	   6.8668772034298109e-01	   2.8236596288238824e-01	   2.8805355912437536e-01	   3.4901907734837240e-01	   2.7180820867154931e-01	   3.6812411027200609e-01	   4.0763326694405300e-01	   4.7377231573966483e-01	   4.6057675826533329e-01	   4.7227761808821256e-01	   4.3475652215943728e-01	   1.4325871807374674e-01	   1.3461924535964820e-01	   5.5058834526902589e-01	   5.5221073113233388e-01	   3.0107431526027122e-02	  -2.3280495167734460e-02	   1.7769804428560626e-01	   4.0889211577815665e-01	   5.4758527692289571e-01	   3.9754790817831287e-01	   3.5730430433074023e-01	   3.4178708896366655e-01	   4.0738437306158604e-01	   3.2341476808795100e-01	   1.4623277587528388e-01	   1.9143667916855625e-01	   4.2202816600662524e-01	   4.5955489780922310e-01	   5.0717872147800591e-01	   5.1436007528820726e-01	   4.4544523055340457e-01	   4.3905737202788547e-01	   6.1800252578065562e-01	   6.1476071935303445e-01	   5.4018199046586024e-01	   5.6631099219802938e-01	   7.1636651223065240e-01	   6.6465371405597351e-01	   4.8524708773078928e-01	   5.6278141945920335e-01	   4.3817806875031617e-01	   3.9239693454811220e-01	   2.8950392145765980e-01	   3.9548800916769311e-01	   2.8565875367506960e-01	   4.3199993729799241e-01	   2.3497505969637844e-01	   1.5063277524783275e-01	   5.7782450793324880e-01	   5.4914340339878165e-01	   2.2687499507229633e-01	   1.9802826468042165e-01	   3.2988908270273420e-01	   3.0932577190279509e-01	   4.1743557255292130e-01	   4.1527033669259594e-01	   6.5195942681784413e-01	   6.1136696462833773e-01	   5.1263107764044313e-01	   3.3918485158828426e-01	   4.9211712756292508e-01	   3.4437288574106784e-01	   7.1797129440050611e-01	   4.9210599227684426e-01	   4.4545844438570109e-01	   3.1174566915116625e-01	   6.1089336751279566e-01	   3.7618089356837919e-01	   4.6327957888915877e-01	   4.9841127479734160e-01	   6.2329138120766525e-01	   6.5042978985510536e-01	   5.3654672633851264e-01	   5.3614178354966380e-01	   3.1534571495447383e-01	   1.5889899514612049e-01	   4.7689949957831712e-01	   3.9510033302772329e-01	   5.8559005616401139e-01	   6.1951573338934518e-01	   4.4306621487457809e-01	   5.3292568598794676e-01	   5.3312736870570410e-01	   6.6896770819479390e-01	   5.0794030646052779e-01	   4.4764249594583794e-01	   1.8214432014671353e-01	   1.1934998376392281e-01	   2.2105425478272248e-01	   4.7241814248835619e-02	   3.7678044126774723e-01	   5.9371265472297530e-01	   5.3849210112654444e-01	   5.1474791099697159e-01	   3.1037776783228777e-01	   6.1009644497338436e-02	
   7.9763821419851744e-01	   0.0000000000000000e+00	   2.8826559075431646e-01	   5.1530485327872466e-01	   4.4309998033880582e-01	   6.2066480100689980e-01	   9.0932783907357040e-02	   4.4836500197491924e-01	   2.0835859899667167e-01	   4.3085800086052373e-01	   2.7890613355649407e-01	   6.3434255009378093e-01	   4.9846842123875745e-02	   2.0752136342445648e-01	   5.2469486599099713e-01	   5.8969084526259252e-01	   6.0990565607330072e-01	   4.4013550058539014e-01	   7.6417289158320190e-01	   7.9463803320737303e-01	   2.9419337027201831e-01	   3.4263212631869466e-01	   3.0208019103492367e-01	   3.3038723615981447e-01	   3.1796731712008797e-01	   4.6066523341863669e-01	   4.6265413935503580e-01	   4.5180852275563693e-01	   5.0047684482116439e-01	   5.6251594287877260e-01	   6.9623019141405756e-02	   1.0308638766496514e-01	   5.6272636786483621e-01	   6.1958944845046737e-01	   3.8808511390448601e-03	  -3.7062488025237594e-02	   2.9625949761094250e-01	   6.5433305050619994e-01	   6.3620695237772051e-01	   6.2047469235687602e-01	   5.4669445960902885e-01	   6.0804074440675859e-01	   2.6395218670168152e-01	   2.0361325258923091e-01	  -1.5266135308854623e-02	   5.1567919240720475e-02	   3.0665413487227200e-01	   3.6882354358945713e-01	   3.5172175475335149e-01	   4.8647291736528786e-01	   3.2096872575605423e-01	   3.8754732068363490e-01	   5.6782813750512617e-01	   5.9186650519575801e-01	   4.4303923302874992e-01	   5.4908037255363151e-01	   8.4777926998631004e-01	   8.2105742704637896e-01	   3.5153959654021705e-01	   5.8825717335327121e-01	   3.0951892452414798e-01	   5.1011066785656167e-01	   1.8432456441372189e-01	   4.5418515571727791e-01	   2.1786669007710560e-01	   5.0192248127098327e-01	   4.2445539013125845e-02	  -1.6864708319441722e-02	   6.8888630454437672e-01	   5.6892419367704483e-01	   2.0921717267470658e-01	   2.8790692316718847e-01	   2.9263577305243504e-01	   3.9158173946175956e-01	   3.7462195899119222e-01	   4.6545883318601255e-01	   6.3324891687379603e-01	   6.8832632549183592e-01	   6.2001359959883007e-01	   3.3129516291646832e-01	   5.8423677135250629e-01	   3.8830770908692791e-01	   6.3499601178097453e-01	   6.3358815707116112e-01	   3.2459400452986897e-01	   3.8248321595606205e-01	   6.3663525188575387e-01	   4.2932006844603948e-01	   4.0538078161753910e-01	   5.5859794360286041e-01	   6.3966763824675088e-01	   4.8768440295586990e-01	   5.1647369092025885e-01	   3.3417161658693889e-01	   3.9974851142901757e-01	   3.0525918237153726e-01	   4.1737358025276583e-01	   3.1408230546177546e-01	   5.4636318477563717e-01	   5.3653171672049627e-01	   4.2295973550398647e-01	   3.1305895949687518e-01	   5.2184123742348509e-01	   6.3978447911499003e-01	   5.9027013843481846e-01	   4.2271001245723200e-01	   1.4111798843441520e-01	   8.4794225037217869e-02	   2.9814832924507673e-01	   1.6193393618300023e-01	   3.7964575308782633e-01	   5.3927654171990125e-01	   4.8257876423356494e-01	   5.5298536080382210e-01	   2.5174547482335979e-01	   1.9808473312194425e-01	
   4.4468899251253441e-01	   2.8826559075431646e-01	   0.0000000000000000e+00	   7.0444827607432736e-01	   6.6515936194699932e-01	   4.1433252168509627e-01	   8.3370448294328026e-01	   6.3195301763932288e-01	   8.0695740608411781e-01	   4.5045623570277837e-01	   1.6960708776217921e-02	   5.1815839610187975e-03	  -1.9122885703848519e-01	  -1.7071288078426555e-01	   5.3073477400051794e-01	   1.1996618610417839e-01	   1.2326204824841661e-01	   2.0906829618647413e-01	   3.7687111490477743e-01	   3.1625758035591151e-01	   4.6785376131563783e-01	   4.0352673129387839e-01	   7.9272661753194862e-01	   5.7278085559402581e-01	   8.0533215710679507e-01	   6.7794479562216736e-01	   6.3472065602429395e-01	   4.7836302842786921e-01	  -1.3370567477449002e-01	  -4.2357017609815736e-02	   6.9661883967621707e-01	   7.0821472635835880e-01	   6.3404079138178893e-01	   6.5485080054640266e-01	   5.2974572708928402e-01	   4.2118467662088999e-01	   1.8114195956682741e-01	   2.7481854610452883e-01	   3.7591823042479322e-01	   4.0322999703172996e-01	   8.1799826354450572e-02	   7.4993419201719369e-02	   1.9035973219043140e-01	   1.8577293848800613e-01	   2.1271974181997499e-01	   2.2242724808741035e-01	   1.7022738919781849e-01	   2.2948954137109923e-01	   1.7937185119036672e-01	   7.7331848633151734e-02	   3.6582721553699193e-01	   2.0889764251464643e-01	   1.4377946513918627e-01	   2.0368918036390279e-01	   2.8488723068795802e-01	   3.3315707806270423e-01	   2.7191070655652738e-01	   1.9433794050932823e-01	   8.9154881497689603e-02	   3.1233189780757391e-02	   5.4928694238223130e-01	   4.7868280304441335e-01	   4.0517725703355251e-01	   4.2655638641108506e-01	   8.3694413077926744e-01	   6.9946283648937779e-01	   3.8793011156065504e-01	   3.4738851275147598e-01	   1.9611547307304381e-01	   3.5163813853137205e-01	   1.8861256710046256e-01	   1.5322331981541254e-01	   9.1600809587261911e-02	   9.6424783084168034e-02	   1.9737372185150337e-01	   1.1637501274108494e-01	   3.8748574442111949e-01	   4.3241942893611796e-01	   4.2714197472963311e-01	   3.7040763686918571e-01	   3.1386481249444925e-01	   4.7023742428534709e-01	   2.3365672571512203e-01	   1.5196185088099416e-02	   6.7868314711560451e-01	   6.7036357294408178e-01	   5.4863841610853370e-01	   3.5083579151800653e-01	   7.9929985304963758e-01	   6.7824940104151810e-01	   2.2882132970428032e-01	   5.5977554823287612e-01	   6.5792202184704274e-01	   8.4337153391538877e-01	   2.4780899963418535e-02	  -4.2907223817337931e-04	   1.6269281141626432e-01	   2.0802671694563396e-01	   1.1021077057060957e-01	   2.3446166025948745e-01	   4.2375680388763576e-01	   7.9452376274749492e-01	   2.3377596864093611e-01	   3.7389865038647069e-01	   2.5963641049972447e-01	   4.9950359715133341e-01	  -6.4307308788857598e-02	  -9.9582035897789439e-02	  -1.4545956763256200e-02	  -3.8386815875313528e-02	   1.4486606232418722e-01	   1.6259062672051408e-01	   1.3883908537047457e-01	   1.0375012304210307e-01	   1.3352203780034783e-01	  -1.8712579454626760e-01	
   4.6120471715293404e-01	   5.1530485327872466e-01	   7.0444827607432736e-01	   0.0000000000000000e+00	   6.5942232596288675e-01	   7.6829767295912532e-01	   5.0848139081587762e-01	   8.7142426486488134e-01	   6.9186146755170319e-01	   6.2207488983115233e-01	   7.1623161788596151e-02	   4.5506377044484547e-01	  -4.3485947118731563e-02	   2.6459005210436476e-01	   6.3986203770600270e-01	   5.6447340322817952e-01	  -4.5558470235693913e-02	  -4.4654039163090943e-03	   4.3834125853832795e-01	   5.1059473208214201e-01	   1.9670277764171606e-01	   3.3267056768463071e-01	   6.7827748955438905e-01	   7.5267141644035185e-01	   6.6905954712243698e-01	   8.1496159140172519e-01	   6.8314110248958260e-01	   6.6092787171106104e-01	  -1.7653678843683684e-01	  -1.8332600449424953e-02	   3.6410011114966401e-01	   4.9346557014843540e-01	   3.6838663179175590e-01	   6.1760778133182592e-01	   2.9323157089191632e-01	   2.0652049629657909e-01	   2.6953364716668166e-01	   4.6930218647256106e-01	   2.8865104364388838e-01	   5.4338891540703771e-01	   1.0056479782430455e-01	   2.9324004453971042e-01	   2.1259008425769676e-02	  -2.8279529350304818e-02	  -1.9890146482048354e-01	  -1.2337494701233795e-01	   7.8363338329886720e-03	   1.1349204197353699e-01	   6.7790614601757296e-02	   1.6005010010895945e-01	   2.9788394060791301e-01	   3.4613117782788966e-01	   2.4776721147851155e-01	   3.2489467503785968e-01	   1.6113120449273360e-01	   3.2324558436062256e-01	   3.9357060940597999e-01	   2.8775065188646526e-01	   5.9406492469719359e-02	   1.3405235932556026e-01	   4.6718879715225137e-01	   8.0619424233409698e-01	   6.5578067250149322e-02	   5.4860788638499491e-01	   7.1385035693176058e-01	   9.1099876279311964e-01	  -4.2852562110787659e-03	   8.8605562166830854e-02	   3.9278195411611627e-01	   4.4798427582943057e-01	   1.2090302947737197e-01	   2.8948999644864831e-01	   4.8620818960693861e-02	   1.3567400490936254e-01	   2.4375649776805491e-01	   2.7523421314892205e-01	   2.8099162732745442e-01	   6.3261686661464611e-01	   2.6217621892589082e-01	   7.1547803725909381e-02	   1.1794151934789814e-01	   1.8857098416908621e-01	   3.1022627582514800e-01	   4.5255357809491559e-01	   4.4796635445046817e-01	   7.2460141387676391e-01	   6.0883073819216471e-01	   6.4747755112743155e-01	   7.0013928921659252e-01	   7.7887916896932552e-01	   3.8073400320630041e-01	   4.1753740279257273e-01	   7.6729457631855036e-01	   6.4737068795136476e-01	  -7.3873951182656855e-02	  -4.4684549441535860e-02	   2.1249774830415596e-02	   3.4543172378917915e-02	   3.7875412123015817e-02	   1.1828057524499960e-01	   4.4199963342942872e-01	   5.2585446044295125e-01	   1.7515220266320278e-01	   2.3065389121640664e-01	   3.0418566314582340e-01	   2.2817294230623275e-01	  -1.0382526223368366e-01	  -2.4641486494490042e-01	  -9.9229238613294371e-02	   1.1349515015813907e-01	  -3.7508912262508409e-02	   4.9621570202742901e-03	   7.7787721548800738e-03	  -2.8047695824206322e-02	  -9.2819121351748676e-02	  -1.2474573819533935e-01	
   5.7770966622356190e-01	   4.4309998033880582e-01	   6.6515936194699932e-01	   6.5942232596288675e-01	   0.0000000000000000e+00	   6.4046936353362294e-01	   5.5652836452594345e-01	   6.6029321248603934e-01	   7.1442619245604444e-01	   3.9517213873362544e-01	   2.3877651204757022e-01	   1.2832820371637216e-01	   5.6931048568383685e-02	  -6.6361787578894091e-02	   6.1772826765927902e-01	   3.6342238738903465e-01	   5.8591384883606573e-02	  -9.5982933405204585e-02	   4.9132724335774663e-01	   4.5569205779617833e-01	   3.8054876243199776e-01	   3.3226516923444382e-01	   5.5234452847499194e-01	   5.5008376987561114e-01	   6.4549992648470789e-01	   6.6204614399628703e-01	   7.2583880323861716e-01	   6.8972768908543680e-01	   1.5577918410327816e-02	  -1.1938768892572663e-01	   3.9309675618172824e-01	   4.5216998829710725e-01	   3.9394088150896167e-01	   5.5139435231188094e-01	   3.0523585831780803e-01	   3.1019315799779806e-01	   1.0690170241470440e-01	   2.5992666649480617e-01	   2.1723068797237025e-01	   3.4848620548202902e-01	   1.8645384946343746e-01	   2.5682360986793074e-01	   6.2857339000854162e-02	   4.4218206584963164e-02	   5.4029226470403660e-02	   1.1717193646086005e-01	   9.7168397897706607e-02	   1.7130651947042591e-01	   1.9276491573078991e-01	   1.9427900619928168e-01	   2.5732416791658641e-01	   2.3889803569193227e-01	   2.6102668851045713e-01	   3.6581169127231283e-01	   2.6694897398182954e-01	   3.7490907864975265e-01	   3.8405026321204916e-01	   2.3189851207154177e-01	   1.5434365340032460e-01	   5.7685598822792575e-02	   4.9098591489472876e-01	   4.8391689092343793e-01	   7.0568423955398696e-02	   2.5193846845871498e-01	   5.6780605449807509e-01	   6.5493387089388788e-01	   1.2583984136526610e-01	   2.5335033140033414e-01	   2.9598644080802861e-01	   3.8013983498947934e-01	   2.1034543541141060e-01	   1.4531027159869780e-01	   2.8591976831312949e-01	   3.0021804516594974e-01	   3.8526135511969573e-01	   3.3328096766308124e-01	   3.1929740129413203e-01	   4.3351997845008439e-01	   1.9792847227622187e-01	   1.5358554413904241e-02	   1.3536754115945338e-01	   1.4425711726555954e-01	   3.7907107194446549e-01	   3.0085491271472314e-01	   3.8959846707859336e-01	   5.1655387301903088e-01	   5.6350275290513518e-01	   4.9462262690561865e-01	   4.8414862830545741e-01	   5.4561022222477140e-01	   3.4579877455774494e-01	   5.0367495251665506e-01	   6.1383799150168128e-01	   6.1643249689837509e-01	   1.0148299521987733e-01	   4.3955159164794658e-02	   1.1293661552544387e-01	   1.7105606474631224e-01	   1.6716317169641837e-01	   2.5948890479770415e-01	   2.3336543618691497e-01	   5.8480768526622895e-01	   1.3838539426821977e-01	   3.4661777193986532e-01	   2.1514781327482135e-01	   3.1189012683766543e-01	  -8.6677941904003769e-02	  -5.8248658859927901e-02	   2.9156924280483144e-02	   3.3556332135382345e-02	   2.6745806646772369e-02	   1.2319234220869352e-01	   1.5768847907667777e-01	   1.2725297773437805e-01	   1.1174208348056107e-01	  -1.0271863397398175e-01	
   5.9740658135046942e-01	   6.2066480100689980e-01	   4.1433252168509627e-01	   7.6829767295912532e-01	   6.4046936353362294e-01	   0.0000000000000000e+00	   2.3800167933868144e-01	   7.1377757252173568e-01	   5.1671353121189334e-01	   7.7092657547377241e-01	   1.6279680669108973e-01	   5.6339683668259344e-01	   1.8788229041076049e-02	   2.8088945561961542e-01	   6.0573790986541109e-01	   6.0509846310461812e-01	   1.1418287464426524e-01	   8.3773116553940555e-02	   5.0780546500676293e-01	   6.0835316340025924e-01	   2.6063807347207618e-01	   3.9365248716926121e-01	   4.2527613400686659e-01	   5.4549941123469115e-01	   4.7571876713902328e-01	   7.5161865920700377e-01	   6.2215881722535005e-01	   7.1092695569538411e-01	   8.8794354261366365e-02	   2.1091420937926539e-01	   1.3824984992946762e-01	   2.8226778176371964e-01	   3.1939452361973991e-01	   5.3954916295067168e-01	   3.5794101632284123e-02	   3.6650271485685969e-02	   9.3102719189527505e-02	   3.6665071442693853e-01	   3.0182108813373681e-01	   4.1862061367049974e-01	   1.4061413907742554e-01	   3.1586166036440788e-01	   1.7279252995797351e-01	   1.0869861475268816e-01	  -6.0187311677736541e-02	   2.4970742966375952e-02	   1.1672429503084859e-01	   2.3565218793017889e-01	   2.5301618433059314e-01	   3.4619319495983902e-01	   2.4470544548666792e-01	   3.4504768594947766e-01	   3.0502036243531594e-01	   3.9477635130166883e-01	   1.6826576096463958e-01	   3.7573867988945070e-01	   4.9206891842456868e-01	   3.3906158961739624e-01	   8.2313856493158005e-02	   2.9027900153694369e-01	   3.2754965831878152e-01	   7.5133669600911512e-01	   7.7205373835673705e-02	   4.8422363776262417e-01	   4.5872715453706392e-01	   7.1443098221288803e-01	  -8.2422269292519487e-02	  -2.6075784587238991e-02	   5.2348159904044889e-01	   4.9469824960949493e-01	   1.9064369080134599e-01	   3.3109479515577478e-01	   8.6503435762534026e-02	   1.6468754980714168e-01	   3.0660531463791585e-01	   3.0775418654808717e-01	   3.3591800466274047e-01	   6.2492546943882743e-01	   2.8211780738710024e-01	   6.7815686850441037e-02	   2.1398697803040878e-01	   1.4195883798449910e-01	   4.3422905277660129e-01	   5.5209134761636403e-01	   3.0914126314015822e-01	   4.4709185682244379e-01	   5.4773194155502325e-01	   4.2872233640279361e-01	   5.2986354469527785e-01	   6.3558912395561173e-01	   3.8213987525433657e-01	   4.3083404967175076e-01	   6.5360444845009558e-01	   5.0571593858172759e-01	   1.3648725034909193e-01	   1.1905906878100768e-01	   1.3567641878577030e-01	   8.1919411818203725e-02	   1.7590809132158736e-01	   2.2897843423687475e-01	   2.9938165946733031e-01	   3.7537292682735179e-01	   1.2683065280199995e-01	   2.7892337583888627e-01	   3.1921139639975016e-01	   2.6160255026139917e-01	  -1.6706574013612523e-02	  -9.1074231164629593e-02	   7.5367776458222763e-02	  -2.7842143773776106e-03	   2.4417306843112295e-02	   1.4463633529537281e-01	   1.9924946882078853e-01	   1.1575026150899720e-01	  -3.9699515908409339e-02	  -6.3852774898865330e-02	
   2.9042416801638865e-01	   9.0932783907357040e-02	   8.3370448294328026e-01	   5.0848139081587762e-01	   5.5652836452594345e-01	   2.3800167933868144e-01	   0.0000000000000000e+00	   6.8162064952250723e-01	   8.3440382270738367e-01	   4.8439779010666317e-01	   9.0374793176949044e-03	  -7.5156316487077060e-02	  -1.2323936479048550e-01	  -2.0762091225239160e-01	   3.5506097977116213e-01	  -4.1307704808526066e-02	   1.7284397294324669e-02	   1.2671049713370885e-01	   1.0232207020852911e-01	   1.0849397276464667e-01	   3.8073581832389791e-01	   3.0893248630491654e-01	   5.6120499512385869e-01	   3.8202651805631499e-01	   5.8737942528744358e-01	   4.1042593977016495e-01	   3.5984342547344333e-01	   2.4928242412737237e-01	  -1.2728850170198097e-01	  -5.7740915642366497e-02	   6.5844861648345865e-01	   6.8575786697981211e-01	   5.4536852392475610e-01	   5.0221386937985402e-01	   4.4326860729245093e-01	   4.7418832594154359e-01	  -1.3824049205558550e-01	   7.0273604043136501e-03	   1.5345993230373936e-01	   9.9554535311026565e-02	  -7.4589069928082424e-02	  -1.0569112020234143e-01	   2.1072575114922620e-01	   2.5219265551800724e-01	   3.8710043207894212e-01	   4.0485537405744848e-01	   1.4205200905690429e-01	   1.7566637841525951e-01	   2.2024998414151908e-01	   5.4861291163776908e-02	   4.0291725198224898e-01	   2.3658647361060592e-01	   1.2596317394902953e-01	   8.8799412847137688e-02	   2.6447692529543310e-01	   2.5929778030282841e-01	   9.7068920519801510e-02	  -2.9543365398592796e-02	   1.1420929015878617e-01	   6.6223290023850426e-02	   6.6176560530844708e-01	   4.3920827070451918e-01	   5.6847687457601181e-01	   5.3261600066299319e-01	   6.3767079527162229e-01	   4.6741668703946204e-01	   5.6742507922650165e-01	   5.5546022218685043e-01	  -4.3277986508265781e-02	   7.8205238166715471e-02	   1.7986671361918427e-01	   8.0928849889061988e-02	   7.1301885926236305e-02	   3.4522156340709667e-02	   2.1358414417136831e-01	   1.2177158007606778e-01	   2.2322036137521389e-01	   2.9538845939788577e-01	   2.7135481375969228e-01	   1.3974377951155420e-01	   1.4219248783967026e-01	   4.1201346903529740e-01	   7.8419931763668779e-02	  -1.3213196858038354e-01	   6.1186124892768934e-01	   6.1952009565699351e-01	   2.5746076612596769e-01	   1.1819408485451691e-01	   6.3532754725632368e-01	   5.4574459222043192e-01	   6.6986376415378468e-02	   3.9990939271914272e-01	   5.0421642543596223e-01	   6.6952573446565256e-01	   7.0028331332905721e-03	  -3.0053628010873600e-02	   5.6651118825178433e-02	   1.3742004054273502e-01	   4.4062637982654196e-02	   1.3084329884267398e-01	   4.5460688224057760e-01	   7.0789293500473494e-01	   1.9556532636820723e-01	   2.6074887048465401e-01	   8.6768041991126005e-02	   4.0727808961080125e-01	   9.0585119635999717e-02	   5.7247526715410217e-02	   1.6991568704815448e-02	  -3.3681828675510428e-01	   9.0823996650846867e-03	   2.7940512769187324e-03	   1.1845204053060390e-01	   3.9427478660790410e-02	   4.8151503793413160e-02	  -4.2448513947062522e-01	
   4.7548885750060477e-01	   4.4836500197491924e-01	   6.3195301763932288e-01	   8.7142426486488134e-01	   6.6029321248603934e-01	   7.1377757252173568e-01	   6.8162064952250723e-01	   0.0000000000000000e+00	   7.7985023255607477e-01	   7.3127490200615597e-01	   1.5179861109139359e-01	   4.4456107184140742e-01	   5.5073012375214878e-02	   2.4863321749370298e-01	   5.8808964927656393e-01	   4.9634647965066353e-01	  -6.3484506708039526e-02	  -3.2617630956003986e-02	   3.3757053558953692e-01	   4.3808224654931216e-01	   1.8002697348087393e-01	   2.5541961506786526e-01	   4.8034186376544019e-01	   5.7406652283924531e-01	   4.9202532881340766e-01	   6.1962656563363672e-01	   4.5737987246580791e-01	   4.7122959038133927e-01	  -6.7939391711620917e-02	   4.7727890404602666e-02	   3.3187624806371346e-01	   4.5756715066668674e-01	   3.6762089987034818e-01	   5.3850059681564855e-01	   1.5726050743417286e-01	   1.9657958281929044e-01	   5.3896913741096715e-03	   2.6526388408232415e-01	   1.8243386582659182e-01	   3.3235187718446413e-01	   2.2194306830951232e-02	   1.6523543965807352e-01	   1.2832731391166260e-01	   1.0699906191230429e-01	   2.5981003156568330e-02	   1.0382698435435686e-01	   6.3204010166741431e-02	   1.5451581059466318e-01	   2.2861643010634092e-01	   2.4594807181780570e-01	   3.8416876388375698e-01	   4.3137226656051975e-01	   3.2687634816561306e-01	   3.1739561897906127e-01	   2.4687507365433381e-01	   3.4306262808978927e-01	   3.1720260502957970e-01	   1.5211696645483441e-01	   1.8414184353549706e-01	   2.3764174174384728e-01	   6.3373040927422142e-01	   8.1310376166917298e-01	   2.1251818521044005e-01	   6.5607690045326883e-01	   5.4562541978034074e-01	   7.4042421023545602e-01	   1.8567063632961658e-01	   3.0238743230575671e-01	   3.0472676262372400e-01	   2.9943072805882187e-01	   1.3944603054318003e-01	   2.5308145439195273e-01	   9.8224416247276680e-02	   1.2656623079390270e-01	   3.0764164950628609e-01	   3.2629470169386254e-01	   2.5848146565782981e-01	   5.6853177996605142e-01	   2.0840793089165482e-01	  -7.6853829815681382e-02	   6.8640439511521753e-02	   1.7943834662649685e-01	   2.9125307766761338e-01	   4.1837057837894998e-01	   4.3866647217991672e-01	   6.9694533406046943e-01	   4.2601878861950915e-01	   4.6066966295605094e-01	   6.2306993051645532e-01	   7.3508913907114026e-01	   3.4313304056943839e-01	   4.0846102053060529e-01	   7.0436738830609125e-01	   5.9038065943069828e-01	   3.6190463194141799e-03	  -1.0134533707726722e-02	   1.3015686503771794e-02	   4.0700123086356850e-02	   8.9822980345077241e-02	   1.3378249620893906e-01	   5.1858524946283613e-01	   5.4227122482741374e-01	   2.0654122916857875e-01	   2.2304205356575244e-01	   2.5055417673842850e-01	   2.1620198235372873e-01	   3.7149616686333035e-02	  -8.6629040875338931e-02	  -2.0888219908540258e-03	  -1.2891036069845652e-01	  -6.2185045801676497e-02	   1.3341414433432310e-02	   1.3429612655588061e-01	   5.1000226209866571e-03	  -1.3357013419751129e-01	  -2.9558908807760187e-01	
   3.7255325485417401e-01	   2.0835859899667167e-01	   8.0695740608411781e-01	   6.9186146755170319e-01	   7.1442619245604444e-01	   5.1671353121189334e-01	   8.3440382270738367e-01	   7.7985023255607477e-01	   0.0000000000000000e+00	   6.9688873024673437e-01	  -5.1359178359185478e-02	   5.2597690147726445e-02	  -2.0958819244710306e-01	  -1.5993101927357165e-01	   4.8630830527554458e-01	   1.9820367515373580e-01	  -7.8428843119616537e-02	  -5.5139616575080180e-03	   1.9460989128356226e-01	   2.6374302354821849e-01	   2.7376844325504468e-01	   2.0255102155596175e-01	   5.9004853964973880e-01	   4.7623806275929731e-01	   5.9868373702411470e-01	   5.3006669460241462e-01	   4.4880824928121604e-01	   3.6449519328471203e-01	  -1.7656928614285686e-01	  -6.5272967012831001e-02	   5.0659876143965454e-01	   5.6734857808478356e-01	   4.0327166836761075e-01	   4.9014233009707553e-01	   3.7066294380638531e-01	   3.6566206726353045e-01	  -9.5112646008622265e-02	   4.4962934591903050e-02	   4.6672010745444741e-02	   1.2754830520178700e-01	  -1.6609877658335948e-01	  -1.1803956499135795e-01	   1.0958909999919304e-01	   8.5657559683099280e-02	   1.5209599826597833e-01	   2.2335537204862219e-01	   3.8782761926821847e-02	   1.3446271153322525e-01	   1.7612851713798988e-01	   1.5124103891282692e-01	   3.3283309455109000e-01	   2.7771593950847978e-01	   1.9271388021740393e-01	   2.4271186701607034e-01	   1.5162896353351796e-01	   1.9751575133487675e-01	   1.6257475912231695e-01	  -3.3180540283693064e-02	   1.4974162257207302e-01	   1.2373284727974498e-01	   6.7734956874060748e-01	   6.5930623152265566e-01	   3.9333461418770371e-01	   5.7387177951615664e-01	   7.4760124338090350e-01	   6.4795827269803064e-01	   3.3416547827162807e-01	   3.5374572240645208e-01	   1.0360151372444625e-01	   2.1509584811641447e-01	   8.2000221789802846e-02	   6.6355087204026303e-02	  -1.1796256914157709e-02	  -3.8702440109209299e-02	   1.3830714463091559e-01	   9.0237453603074294e-02	   2.3008181015883417e-01	   3.8566672109973871e-01	   1.5768177726499763e-01	  -2.0911407400618677e-02	   1.1951493492276912e-02	   2.1400286178806774e-01	   1.4302011403279963e-01	   1.0311416221846809e-01	   4.7458360489260831e-01	   5.6375031917558305e-01	   3.5675274857679440e-01	   2.2394403841443522e-01	   6.9251614017636753e-01	   6.2800704039587729e-01	   2.2578461641884029e-01	   5.0584089831041434e-01	   6.5123873683931266e-01	   7.5965553813548425e-01	  -5.9161955665030325e-02	  -2.6627035427570535e-02	  -4.1845321101177294e-02	  -2.3115207473370002e-02	   2.1505469152692889e-02	   1.2661934157805427e-01	   4.2303344276981331e-01	   7.0719303389926247e-01	   1.5546896265027907e-01	   2.3195562480471757e-01	   1.4447406847622435e-01	   3.2678144616537702e-01	   8.6054872395718504e-03	  -2.9417220644099754e-02	  -3.6374020840090004e-02	  -2.1545512281158530e-01	  -1.1223707705388290e-01	  -3.2273899180983771e-02	   8.4730330765180217e-02	   7.9117126277623989e-03	  -4.4696725832513176e-02	  -3.5758003650080511e-01	
   4.3413240597920544e-01	   4.3085800086052373e-01	   4.5045623570277837e-01	   6.2207488983115233e-01	   3.9517213873362544e-01	   7.7092657547377241e-01	   4.8439779010666317e-01	   7.3127490200615597e-01	   6.9688873024673437e-01	   0.0000000000000000e+00	  -1.1212287106496469e-02	   4.6364572342999721e-01	  -1.2087349182518953e-01	   1.7804673156430062e-01	   4.6474696006119326e-01	   4.2155338882985682e-01	   8.2929295566890299e-02	   1.6229002322176000e-01	   2.5457823152338033e-01	   4.5319141722981765e-01	   1.7723341312296736e-01	   2.3005763805689128e-01	   3.4889039632816748e-01	   3.5592747267424857e-01	   3.2354307950944716e-01	   4.5378320850925491e-01	   2.8792651837558753e-01	   3.3337992439289549e-01	   4.0990679933704123e-02	   3.2162467033332132e-01	   1.8670750560523608e-01	   3.1535309687763780e-01	   3.9040815885085212e-01	   4.6868317208479060e-01	   3.1867293187951860e-02	   6.4414566176420926e-02	  -2.1109036481478088e-01	   1.0732114970317103e-01	   1.6011584043358495e-01	   1.0097824462789651e-01	  -9.8941129981068784e-02	   1.6204343276579481e-02	   2.6621427348227344e-01	   2.1467339798483748e-01	   1.6104296044344130e-01	   2.3224284400634482e-01	   1.5195531568460052e-01	   2.6322331963852647e-01	   3.2127766743484243e-01	   3.4471432570355320e-01	   3.3186469844841571e-01	   3.6320696023160925e-01	   3.0721128487240040e-01	   3.0944693823781294e-01	   1.5794691666566532e-01	   2.6522613431881725e-01	   2.8471339174035515e-01	   1.0792840255103399e-01	   1.2750812463378444e-01	   4.0318919512302998e-01	   5.0106793432841057e-01	   8.1596237771729907e-01	   4.2589316427991930e-01	   7.4674291189256803e-01	   4.6323879346180991e-01	   5.4719323230942929e-01	   1.9138510230128231e-01	   1.2182840739214729e-01	   3.7229874780301264e-01	   3.1895102048445567e-01	   9.9277426345223407e-02	   1.9751796610102570e-01	  -8.9317475331631452e-02	  -5.4710497389128407e-02	   1.4056822308131697e-01	   1.4502685178249450e-01	   2.6224907620894489e-01	   5.1491260820139995e-01	   2.4024732197838289e-01	  -1.8427308647451751e-03	   1.3488405211840515e-01	   2.4006440299508119e-01	   2.9383053003949466e-01	   3.5392313207184450e-01	   3.7226513189922406e-01	   4.2042386776686158e-01	   3.0619008147742732e-01	   7.4730431248587262e-02	   5.9809060153536708e-01	   6.2562314490126680e-01	   2.9901494128890987e-01	   4.2908237365658070e-01	   6.1859037398807626e-01	   5.4610764360223207e-01	   1.6167210485523573e-01	   1.6120378729930895e-01	   7.1834697627251698e-02	  -2.9175839339367265e-02	   1.6767314001870917e-01	   2.0513663515985212e-01	   5.0022512621834980e-01	   4.4867704828931870e-01	   2.3123066662457156e-01	   2.5195334337865155e-01	   2.6678340239972764e-01	   3.1769605977206394e-01	   2.4821395204752700e-01	   1.3845952095466929e-01	   1.7922443393661192e-01	  -3.6669281496230755e-01	  -3.1949302168175167e-02	   1.1094206864487650e-01	   2.8848553338424343e-01	   1.5539359331651392e-01	  -1.1722235684644627e-01	  -3.4849267073621942e-01	
   5.1993902272034331e-01	   2.7890613355649407e-01	   1.6960708776217921e-02	   7.1623161788596151e-02	   2.3877651204757022e-01	   1.6279680669108973e-01	   9.0374793176949044e-03	   1.5179861109139359e-01	  -5.1359178359185478e-02	  -1.1212287106496469e-02	   0.0000000000000000e+00	   4.5152685524673780e-01	   8.4847652313566990e-01	   4.8875139138851464e-01	   5.5358779822707305e-01	   4.7677503933368703e-01	   1.7703586403563892e-01	  -1.5521217729984685e-01	   4.1221065829478432e-01	   2.4161365584284680e-01	   2.5710914406278929e-02	  -4.4919760070571718e-02	  -1.0419625883422634e-01	  -9.2785301454502048e-02	  -1.2028743143726411e-01	  -5.7554897702099768e-02	   3.3619737363208030e-02	   7.9355209577674710e-02	   3.4860595939266747e-01	   8.7275430951746141e-02	  -1.9166803706913815e-01	  -2.3380972810533596e-01	   1.3546128810056565e-01	   1.3856681373881652e-01	  -1.1435105306101323e-01	  -4.7099175985587736e-02	   9.8183160848239498e-02	   2.9178840785031557e-01	   3.4645780686049504e-01	   1.4422774670357644e-01	   3.4749893585495417e-01	   2.8165088197008792e-01	   4.2947890755942175e-01	   4.1487530854672583e-01	   1.8489710839384765e-01	   2.0726330762815015e-01	   5.0111721745421678e-01	   4.9035404224511969e-01	   4.9121586677961904e-01	   5.0249284779853742e-01	   4.3327112768734272e-01	   5.0633037604181652e-01	   4.9328493452192312e-01	   4.6172459288783141e-01	   6.0435562295517431e-01	   5.3237562708865527e-01	   3.0133574081223038e-02	   1.5323987143099760e-01	   4.9447426253564430e-01	   2.4677373170173209e-01	   2.6860652409453012e-01	   2.8450248122440701e-02	  -2.5809857076130865e-01	  -1.6480870380543308e-01	  -1.8193946536998951e-01	   7.5578295496038769e-02	   1.2806416155937222e-01	   2.4240847223533857e-01	   1.6117123955221596e-01	   1.3693990580445328e-01	   3.6514397680231203e-01	   2.7371204362482410e-01	   4.7451606567279125e-01	   2.5515191230586726e-01	   5.2147417902125770e-01	   4.7122775496719815e-01	   3.2754372519936070e-01	   3.1968132905347479e-01	  -3.3270024924878738e-02	  -5.7427334435191858e-02	  -2.5911023354313525e-02	  -1.2402767312828852e-01	   5.1732829996170604e-01	   3.2966587274372322e-01	  -2.9444736391627735e-03	  -5.9139751235591335e-02	   1.0771085079803572e-01	   1.4776293315857175e-01	   1.4592306334709752e-02	   6.6511536579562339e-02	   4.5481612598564369e-01	   4.1349186383576064e-01	   1.2743202823933547e-01	   1.3776936170487208e-01	   3.5613650913186295e-01	   1.5626017938943937e-01	   5.4658077199872834e-01	   4.8067037389791306e-01	   5.3012375543583290e-01	   5.1937798955251102e-01	   2.9725817663810017e-01	   2.5192453994835790e-01	   2.8908164478756349e-01	   3.2988195324911374e-01	   3.5870833099489946e-01	   1.2511225735958528e-01	   3.2837844325118737e-01	   1.7362949735645378e-01	   2.4485279437721610e-01	   9.8238596449586046e-02	   4.5544329323220956e-01	   4.6904075190128469e-01	   4.5853733783847272e-01	   3.2238605089213790e-01	   2.9504247144426876e-01	  -7.8845483708155611e-02	
   5.1490434403611118e-01	   6.3434255009378093e-01	   5.1815839610187975e-03	   4.5506377044484547e-01	   1.2832820371637216e-01	   5.6339683668259344e-01	  -7.5156316487077060e-02	   4.4456107184140742e-01	   5.2597690147726445e-02	   4.6364572342999721e-01	   4.5152685524673780e-01	   0.0000000000000000e+00	   4.0883170911328826e-01	   7.9091380640955733e-01	   5.2290091796016358e-01	   7.7371889473254107e-01	   1.5101230270397942e-01	   7.8664694536120655e-02	   4.2536462849730894e-01	   4.7929799868497136e-01	  -4.4106655666284203e-02	   1.1739629173143855e-01	   8.7617199286123909e-02	   1.8908331800798628e-01	   1.8251340703429327e-02	   2.6756004641632114e-01	   1.9400555748179685e-01	   2.7618757830735763e-01	   2.2312815353445792e-01	   4.3057820727028145e-01	  -1.7982285164454126e-01	  -1.4340006288640858e-01	   1.1512070241669298e-01	   2.1207885825808431e-01	  -2.6342866965531719e-01	  -3.2216355066535612e-01	   2.0721191836257169e-01	   4.9858556923451991e-01	   3.7062064687173990e-01	   3.9654116418166419e-01	   3.0832190084216815e-01	   4.2588652464808785e-01	   2.0035890532857142e-01	   1.3927172059009502e-01	  -1.7940977077529657e-01	  -9.8686082191906527e-02	   2.1735635935236494e-01	   2.7631084572612491e-01	   3.0761346415182517e-01	   4.7138544112702041e-01	   3.3558111243554084e-01	   5.2449092937147446e-01	   5.0461376992224471e-01	   4.4267451479086589e-01	   2.8281599664634816e-01	   3.8318835338406243e-01	   3.5687174814556999e-01	   3.4783295438323880e-01	   3.5004264554093045e-01	   4.8857628162402289e-01	   2.9931294701780414e-01	   6.1427656957073995e-01	  -5.1170578856357049e-02	   4.7482163945322609e-01	   6.5575348273633260e-02	   4.1540889649684098e-01	  -1.3393134021359054e-01	  -1.3220498177092366e-01	   4.2447393817038515e-01	   2.4591447248353454e-01	   1.3723050795916214e-01	   3.0901440001865843e-01	   2.6283890581801628e-01	   2.7833774513491255e-01	   3.8513111765525498e-01	   4.8070762532204325e-01	   2.4101564054205410e-01	   5.0400971613924861e-01	   9.8284462836822059e-02	  -7.6089444052640717e-02	   1.1348647275989837e-01	   2.2324000240854534e-02	   4.3638435283012200e-01	   6.8949160220852712e-01	   8.9334251690083438e-02	   1.9659810204477371e-01	   3.3171679170115992e-01	   3.4579543318751987e-01	   2.2513213365682669e-01	   4.2822408932133665e-01	   4.6714765512643175e-01	   2.3592175334965465e-01	   3.0247239114991531e-01	   8.4469533210622672e-02	   1.6352075617961281e-01	   1.1303115051867449e-01	   2.5744888098507124e-01	   1.7154289381712121e-01	   3.2101303398692155e-01	   2.8871911745833218e-01	   3.6533253776944830e-01	   3.9534506084340261e-02	   2.8841409809573859e-01	   2.8649889889794750e-01	   3.9304544775956640e-01	   6.7865208303770852e-02	   1.5357442215347522e-01	  -2.1683581307676246e-02	   7.2985415639519657e-02	   1.1677831569795250e-01	   1.3345025290470897e-01	   2.3378841723345034e-01	   1.8468755702066864e-01	   1.1728826586998764e-01	  -1.0547396425069044e-01	  -4.7955993731461271e-03	
   2.1698531340044713e-01	   4.9846842123875745e-02	  -1.9122885703848519e-01	  -4.3485947118731563e-02	   5.6931048568383685e-02	   1.8788229041076049e-02	  -1.2323936479048550e-01	   5.5073012375214878e-02	  -2.0958819244710306e-01	  -1.2087349182518953e-01	   8.4847652313566990e-01	   4.0883170911328826e-01	   0.0000000000000000e+00	   7.0194464722004546e-01	   4.4332961960431722e-01	   4.1681816911272485e-01	  -2.5566188050484155e-02	  -2.7437454020798968e-01	   9.5969281622765412e-02	  -1.0523659934071021e-02	  -2.0166863062482565e-01	  -2.1307968213704256e-01	  -3.2414755934991935e-01	  -1.6111796424862862e-01	  -3.5486283470470947e-01	  -2.6001545793078601e-01	  -1.2094353515682826e-01	  -5.4927178391209561e-03	   1.8975417538100925e-01	  -4.7139980209403326e-02	  -4.2893075770364275e-01	  -4.1530814165207297e-01	  -1.2458227621469076e-01	  -1.2965750804645931e-01	  -2.8814472359693433e-01	  -1.8959911295125795e-01	   1.8977331723434321e-01	   1.7050021989279329e-01	   1.6921906519178409e-01	   1.2472452423325812e-01	   2.5722176204017355e-01	   2.3022048628996994e-01	   1.4862955575007522e-01	   1.7889907452825515e-01	   6.5912773050651957e-03	  -1.3638618492824042e-03	   2.0005964245112529e-01	   1.7898146360371905e-01	   2.1956933996348602e-01	   2.0076538301822355e-01	   1.7402638928682373e-01	   3.0060318014733584e-01	   1.9861196674388865e-01	   1.2113458051120349e-01	   3.8271662922264904e-01	   2.9952129697630470e-01	  -1.8695006462634711e-01	  -2.5201861059723333e-02	   3.0930748635421990e-01	   2.1572087917936515e-02	   7.4443677873048217e-02	  -1.1129338296033314e-01	  -3.6470401415188763e-01	  -2.5731194934693868e-01	  -4.0834156930266191e-01	  -1.3311400997607786e-01	  -5.8048312686159231e-02	   9.8811128828975497e-02	   4.5178306901080635e-02	   6.8928585871611018e-03	   1.8605450615695740e-01	   9.0350079956849128e-02	   4.1423750162531292e-01	   2.0578239788637170e-01	   4.0411826065088963e-01	   3.1065541510992489e-01	   1.3419897792372476e-01	   1.5542766936376734e-01	  -2.6441437015050751e-01	  -1.6257916153441035e-01	  -1.9224857194358835e-01	  -2.8402440367018233e-01	   3.0560205691176223e-01	   2.5805840563204635e-01	  -1.8261837817984450e-01	  -1.3033390603346570e-01	   1.2598020991690030e-02	   1.6836237246752234e-01	  -1.2021631675915995e-01	  -4.2786363974619879e-02	   1.6747863275264899e-01	   9.0094456434920672e-02	  -1.6790763147553005e-02	  -6.8647914588810005e-02	   1.9004584839507516e-01	  -4.5263758040482167e-02	   3.2987877817136724e-01	   2.7572619999378867e-01	   2.2590894443878709e-01	   1.9670205361386639e-01	   1.6644077795752957e-01	   2.4623679184386668e-02	   1.5699353258449145e-01	   1.1830224468083483e-01	   2.5339908986842918e-01	  -2.9217481404529577e-02	   1.5214523663940599e-01	  -2.4356790573074133e-02	   3.9045128252465477e-02	   1.7062296145942318e-01	   2.5026816940341545e-01	   2.5241454242063260e-01	   1.8140131983949720e-01	   7.2490106373246238e-02	   1.9831516368089425e-01	  -2.1362133005269003e-03	
