   0.0000000000000000e+00	   6.4947792811507488e-01	   2.1034886684987275e-01	   9.9765474213168115e-02	   2.2744244785590365e-01	   1.5365342814316718e-01	   3.9231990772047476e-01	   2.7999332303539665e-01	   2.3025122890586644e-01	   2.0127773707405983e-01	   7.2834378408339417e-01	   6.6337396396993686e-01	   5.5215655318958112e-01	   4.7018425024157423e-01	   3.2527650698630312e-01	   2.8648136048641148e-01	   5.2867418114044731e-02	  -9.4700589918230521e-02	   5.7137868019949734e-01	   4.2849067322534762e-01	   5.4869021996261057e-02	   2.8441366469948288e-02	   1.1623950578692702e-01	   9.6160912621135977e-02	   1.6082924776886479e-01	   2.0078169762544701e-01	   2.0123623514788785e-01	   2.0246548198916578e-01	   1.9599188103473003e-01	  -5.1183392074171302e-02	  -1.0201973463551288e-01	  -1.7722859585222647e-01	   8.9362477659380685e-02	   6.6881095864586820e-02	   1.4056000579673505e-01	   1.2481582793844924e-01	   2.7966917785416656e-01	   1.6284738205727162e-01	   3.6247438297452750e-01	   3.9224108313615058e-01	   2.3059725553887922e-01	   1.5851346789651771e-01	   5.5319196513257307e-01	   5.6620455780054368e-01	   2.6587392618047356e-01	   2.9676528004505115e-01	   4.9041440261468328e-01	   5.3324272291429531e-01	   3.7161780102834896e-01	   3.0982427336121515e-01	   4.2964989725345581e-01	   4.1668234446614738e-01	   4.8833544189280115e-01	   4.2534973135565346e-01	   4.7583378430071255e-01	   4.5680817055492617e-01	   4.9501213058490046e-01	   3.3162772836301779e-01	   4.6478447848665483e-01	   2.8924050631325771e-01	   6.3118804773011228e-01	   3.6920858288060232e-01	   1.5954379497905646e-01	   6.2587915572096517e-02	   2.2964625723976209e-01	   2.7603133931992579e-01	   3.6343409086672884e-01	   3.4268629496260139e-01	   2.3675868953212820e-01	   2.3986958709870992e-01	   1.5804525326209292e-02	   5.2411295497854331e-02	   6.3466483532165441e-02	   1.2949704104188337e-01	   1.9521202532939139e-02	   3.6527719275378581e-03	   4.7689191115848573e-01	   4.7228254246749701e-01	  -2.5347955474822181e-01	  -2.4072391778722485e-01	   1.1356706659206973e-01	  -6.6017408402893718e-02	   2.1403761741320895e-01	   3.3097602252000929e-01	   2.3052122469957564e-01	   1.2865156610992659e-01	   2.0022348390156119e-01	   1.1172391380632553e-01	   3.8108369306188999e-01	   4.3083817064519137e-01	   6.0381736956454279e-01	   4.2158763474305305e-01	   3.6928562165107970e-01	   2.8762859816128772e-01	  -2.0526802769054964e-01	   1.3880589768163454e-01	   3.8942831645399617e-01	   5.3697468616615240e-01	   4.7935196671658137e-01	   6.6518754065848296e-01	   4.6307211888591704e-01	   4.7036406194122243e-01	   4.3364530516873001e-01	   4.9043962119017936e-01	   4.9327775491113768e-01	   4.6476966662581776e-01	   3.5363481675559783e-01	   4.3944045012469046e-01	  -8.6084778730871586e-02	   4.6636682669977954e-02	   4.7993157539532749e-01	   5.5105861754048246e-01	   3.6703707908739758e-01	   3.8003125195285092e-01	   4.9749991209052630e-01	   4.6298436926635034e-01	
   6.4947792811507488e-01	   0.0000000000000000e+00	   1.6159318365874370e-01	   1.7100364606133023e-01	   2.7722639419101319e-01	   3.3313605287816273e-01	   2.1462265789810892e-01	   2.3781791030457686e-01	   2.0284874047013518e-01	   1.5286667520299232e-01	   4.0899841558785766e-01	   6.5831871102923145e-01	   3.7034665645377318e-01	   5.8966039354352573e-01	   2.2093141774982689e-01	   2.1749466394061309e-01	  -1.0753941544983939e-01	   1.5776141579811603e-01	   1.3995840513766106e-01	   2.7183703573980827e-01	   1.0684304055572014e-01	  -2.8452756679542390e-02	   1.3171319564670259e-01	   1.6006852479106082e-01	   6.7257422759061714e-02	   6.0641642004406540e-02	   2.7631853186676936e-01	   3.0213284903928983e-01	  -1.7771656872906778e-02	  -1.0220084765340665e-01	  -1.6372596047624799e-01	  -1.9524614957346942e-01	  -1.5873911600981450e-02	   1.1192119082534906e-02	   1.7002092941422089e-02	   1.1214923148641159e-01	   3.5108181865321142e-01	   3.4291624914475793e-01	   2.9523636360381333e-01	   6.0383371343380321e-01	   3.1171223568372608e-01	   2.8949851356387490e-01	   6.1725773564629405e-01	   6.4442584646819356e-01	   4.0675161341907989e-01	   4.9767234046444075e-01	   6.7935219228669697e-01	   6.7364285600203822e-01	   6.1747746406756043e-01	   5.3005921755668062e-01	   6.5290741955650677e-01	   6.0949752976163385e-01	   6.8266303459456534e-01	   6.3814408795823518e-01	   7.1313732591607071e-01	   7.0043276204813254e-01	   4.3136286686143815e-01	   7.6357729846687161e-01	   5.2195457419165237e-01	   3.3696289171156579e-01	   6.7656858970041978e-01	   5.9581815365822877e-01	   3.0629125158264559e-01	   3.1311949717403054e-01	   1.1569562704810024e-01	   3.0633075151667127e-01	   3.3160585516866325e-01	   3.4549397042951430e-01	   1.2646606003790395e-01	   1.9792023836118039e-01	  -2.0816006901714124e-01	  -1.6288141535094058e-01	  -1.3064859140339136e-01	   1.5101164993450961e-01	  -6.1300566504567847e-02	   4.3056187318147907e-02	   1.8194307147225947e-01	   3.6449890901988236e-01	  -1.7596350292364990e-01	  -1.0008629213958897e-01	  -2.5397635862541523e-02	   1.4977943096223512e-02	   5.2561589304975787e-02	   1.3244275698692959e-01	   2.6703614525419783e-01	   2.2827685969117750e-01	   3.7213852394443936e-01	   1.9444984363447196e-01	   5.4797024504274128e-01	   5.8218371271732638e-01	   4.0859162195776438e-01	   5.5819976694490826e-02	   2.7247609953829383e-01	   8.1284074341080023e-02	  -4.4406273738532237e-01	   2.3342162029958369e-01	   5.6511826035908119e-01	   6.9048374586565864e-01	   6.8893959398620541e-01	   5.9882697042651722e-01	   3.9508366062097272e-01	   2.9447653696875203e-01	   3.9100232801581020e-01	   3.1758216203764617e-01	   4.2394903459450195e-01	   3.0545039834495152e-01	   5.0128208142196595e-01	   4.4974633806958342e-01	  -2.9543920431441040e-01	   1.1943590473927018e-01	   4.5053101375678728e-01	   6.2492956093785990e-01	   3.9322596500756601e-01	   3.7529123446302937e-01	   4.1921121962921337e-01	   3.8508254463710190e-01	
   2.1034886684987275e-01	   1.6159318365874370e-01	   0.0000000000000000e+00	   5.0310121082880965e-01	   6.4849830090406435e-01	   3.4220545094970112e-01	   7.4975299120874817e-01	   1.8005270443224852e-01	   5.3773552944242531e-01	   9.3209508972951244e-02	   2.0029033927140732e-01	   9.7424956498104204e-02	   4.1369774621906708e-01	   3.8118353579709907e-01	   6.4839782767492804e-01	   4.3340003998294441e-01	  -5.9816878457634989e-02	  -8.3890675538058262e-02	   3.6696865412524959e-01	   2.4558539050766393e-01	   6.0614376335314868e-01	   5.2379780322546965e-01	   9.1583009007530392e-01	   8.3290348308427320e-01	   9.2876779012763577e-01	   8.8003131371137377e-01	   7.7678577232985513e-01	   6.9926336247252174e-01	  -2.0019300757111713e-01	  -3.4374611236601371e-01	   7.3137912250630133e-01	   6.0254400904346617e-01	   4.9894212752319256e-01	   2.5486182933132828e-01	   7.4274509730679350e-01	   5.3911405399045709e-01	   6.2120178636146184e-01	   4.7177785781330572e-01	   5.6112566955152321e-01	   4.9000201443942504e-01	   6.8896332306500430e-01	   6.7396955110522883e-01	   3.1581681918436366e-01	   2.4353673193889297e-01	   6.6580410754467662e-02	  -5.9563559477885464e-03	   1.3040506972987784e-01	   1.6443294040100234e-01	   1.0887773940869641e-01	  -5.7927191410082068e-02	   1.5269516619157289e-01	   2.2421466338147570e-02	   3.5077280350848686e-02	   2.4457521214413913e-02	   2.2445331043569383e-01	   1.2924414638473081e-01	   1.4057299753375282e-01	   2.6546336435783774e-01	  -3.9000898300880403e-02	  -2.7702795292091374e-02	   1.5395473766815907e-03	  -2.6714200676682265e-01	  -4.1722239434275603e-02	  -2.4624645256210526e-01	   5.5302900853851200e-01	   1.2135923825334419e-01	   2.4702723541355487e-01	   1.4326736925830849e-01	   2.8423376041525467e-01	   2.8116383224867170e-01	   6.2480915769040180e-01	   3.7215210322489556e-01	   3.8707318833312432e-01	   5.3113379403140072e-02	   3.6026930699739518e-01	   3.3318505605433868e-01	   4.4842257043054123e-01	   3.5999122855543531e-01	   2.3666103374804695e-01	   1.8403821912088941e-01	   5.7813503222188478e-02	   2.9170311870380106e-01	   2.5968635321429345e-01	   3.3648856180009268e-01	   7.8478842050799269e-01	   6.3264022147372601e-01	   6.0293532466862365e-01	   6.1767604366346918e-01	   6.4524841338308070e-01	   3.7387766125732125e-01	   2.6391080114576060e-01	   4.8263065933553939e-01	   5.4732767338864574e-01	   7.3040869575891376e-01	  -1.3700202495623023e-01	   2.3867749433761137e-01	   2.4735278180923700e-01	   2.3551239928709122e-01	   5.1849089510856844e-02	   2.8069279571106227e-02	   2.0440023295262830e-02	   4.8829092627463966e-01	   1.1339529722443396e-01	   1.4821562592439705e-01	   6.8521592454998240e-02	   3.0821081087911695e-01	   6.2148935450017775e-02	   7.0160096907830649e-02	  -1.4582458351291372e-01	   2.0838348439549563e-02	   3.2091107676675740e-01	   6.2251683242720887e-02	  -9.3448279526278377e-02	   8.3945850848065745e-02	   2.9247318389460059e-01	   4.7696411789773532e-02	
   9.9765474213168115e-02	   1.7100364606133023e-01	   5.0310121082880965e-01	   0.0000000000000000e+00	   4.9192709281029900e-01	   5.9311288476617108e-01	   5.5623905900338633e-01	   6.7263606993063818e-01	   2.3940562232195176e-01	   2.0937835424155360e-01	  -1.4708126054801254e-01	   1.6366622162729214e-01	  -1.4583473506893202e-01	   2.5279887172170662e-01	   2.3563616890143724e-01	   4.7281251018299608e-01	   8.3395248853768519e-02	   1.7581503429746526e-01	   3.0361112726683442e-01	   5.8110805191477155e-01	   4.1221826194157518e-01	   4.3403011803030705e-01	   5.6321590417892275e-01	   7.1325091553218778e-01	   3.8698896334710187e-01	   5.0544746330086765e-01	   3.5850849763456794e-01	   3.7204674387463454e-01	   6.7507828822548965e-02	   1.2571308021378394e-01	   5.6523505026103704e-01	   7.0205451710662392e-01	   7.2264297407734335e-01	   7.0022403113631837e-01	   4.4603320070127705e-01	   5.1797851895529134e-01	   1.9602546614666189e-01	   3.1586839171609382e-01	   4.3314724272131633e-01	   4.0939746584926395e-01	   4.2368869886931942e-01	   5.1381029070497175e-01	   3.2759284044846831e-01	   3.0872107942368293e-01	   1.4787426904235326e-01	   1.4656660937814070e-01	   1.3350960427796393e-01	   2.1976069182168650e-01	   1.2434790861315556e-01	   3.2476661724146039e-02	   1.5620372102422150e-01	   7.7970302902439656e-02	   8.1490380770841309e-02	   4.4621995614939444e-02	   1.6972805904059451e-01	   1.2277986865661730e-01	   3.1483550420276418e-01	   2.9019094363522047e-01	  -2.8101432487645591e-03	   6.2955968064720952e-02	   1.7290717205022392e-03	   2.3749635747818701e-01	   4.0190744832600922e-01	   3.3317565704677382e-01	   2.7481607960589560e-01	   4.1383812616342180e-01	   4.1599681588817683e-01	   4.4871948038903942e-01	   3.1879780003584512e-01	   3.2338246358341555e-01	   4.2368400722373889e-01	   3.3383209363935074e-01	   5.1972336745854975e-01	   3.7747482150522083e-01	   4.9230453906199978e-01	   4.5963528061207343e-01	   4.9386267988912158e-01	   5.7124204592835226e-01	   2.0789369521396181e-01	   2.9879364357074023e-01	   1.3241910020370881e-01	   3.9739759237840011e-01	   1.7700540177897173e-01	   3.0010453523567737e-01	   5.9765121798661736e-01	   7.8914370466549111e-01	   4.2512328705733504e-01	   5.7164586551594476e-01	   4.3531306934681713e-01	   4.3371481403996170e-01	   4.4968176395701143e-01	   2.4641499217514742e-01	   5.7903278369161360e-01	   2.0770700257198427e-01	  -3.4375239296677969e-02	   1.3050220472703752e-01	   2.7929247783982791e-01	   2.0683582852710869e-01	   1.4288715130475005e-01	   1.0422448529369477e-01	   3.8554702436228483e-01	   2.1961189555782643e-01	   4.4921111467027980e-01	   2.6141754855395816e-01	   2.5344352283120786e-01	   2.0856425040144183e-01	   1.0682533542801373e-01	   1.6273902643417265e-01	  -1.3024871925674303e-01	   1.2918852923910076e-01	   4.3716257307974155e-01	   5.1672706759530992e-02	  -1.5981683256452989e-01	   3.2101986132917165e-01	   3.6009796064181249e-01	   1.4113723832994776e-01	
   2.2744244785590365e-01	   2.7722639419101319e-01	   6.4849830090406435e-01	   4.9192709281029900e-01	   0.0000000000000000e+00	   7.2249929836647020e-01	   5.6205989806741197e-01	   2.7834903985024095e-01	   7.5510219854821747e-01	   5.8219019880719503e-01	   2.8528278738490764e-01	   2.8533518475038866e-01	   4.3654042445764413e-01	   4.6736395147661963e-01	   6.9052607769038687e-01	   7.5141503260286147e-01	  -2.2096426769742217e-01	  -1.7249960493190375e-01	   2.1924601802675453e-01	   1.6161292896916990e-01	   5.7213020810005488e-01	   6.0224151529135028e-01	   6.7188682316637893e-01	   6.9297596686734331e-01	   6.0322408394678928e-01	   6.4385673904223517e-01	   7.3903647885387702e-01	   7.5021330739420122e-01	  -3.3888528105493981e-01	  -3.9547738074418703e-01	   2.9056639035320930e-01	   2.7331628482923431e-01	   1.9915189321413818e-01	   5.3020147686796144e-02	   4.7585581013436706e-01	   3.3637464934296168e-01	   5.1856537864421826e-01	   3.4270198048191369e-01	   4.7458067781565794e-01	   4.4199354241394517e-01	   4.2006356366749864e-01	   4.4687938637090097e-01	   4.2403460624771677e-01	   3.4836893990556922e-01	   3.3356934614234468e-01	   2.7584843507928181e-01	   2.9481904686375748e-01	   3.1975628895612940e-01	   3.4904445319086302e-01	   3.0458237208256506e-01	   3.4525909231771296e-01	   3.1589086778574438e-01	   2.4052932676593633e-01	   2.4838768007609530e-01	   3.3914440228147980e-01	   2.6816888082634044e-01	  -1.0890978113393431e-02	   2.6599065323828791e-01	   1.9545073568832305e-01	   1.6624780928687238e-01	   2.7960860773173901e-01	   1.1743452047029149e-01	  -9.6674031636752433e-03	  -1.8677990229540595e-01	   5.7690770381795176e-01	   4.2394951041948276e-01	   3.3874053897093348e-01	   2.8976668504460856e-01	   8.8047754310986881e-02	   2.1679974510512928e-01	   3.6369384402656624e-01	   2.4977825939059167e-01	   8.4318797578650406e-02	  -9.0978965172782394e-02	   8.0482012640603673e-02	   2.4036698005665394e-02	   2.2712984484245899e-01	   2.0729863292703654e-01	   3.6484709114976269e-02	  -1.2106175685652365e-02	  -1.5755397525158565e-01	   5.3453159244339778e-02	   1.4294394403321803e-01	   3.2136945175850873e-01	   7.4232416490042430e-01	   6.8300519215773181e-01	   3.9954171463150046e-01	   5.9119358152148460e-01	   6.9832895474084766e-01	   6.1868379200859747e-01	   4.2797157212397929e-01	   4.9614276180156425e-01	   6.2809526676411342e-01	   6.3868557608459420e-01	  -1.6908439231858957e-01	   1.1200456132635250e-01	   3.1137191410822995e-01	   1.8876292188849386e-01	   2.7032353559990674e-01	   2.3819161433230579e-01	   2.9865491046650289e-01	   5.8043299683276850e-01	   3.0776456606914138e-01	   3.5302439763514976e-01	   3.7063209448120910e-01	   4.7029798491059227e-01	   3.0454526938902038e-01	   3.3797526797787014e-01	  -1.2184135906690022e-01	  -9.1021695733219735e-02	   2.3524609133468544e-01	   2.4156832006841900e-01	   1.7589632489788354e-01	   2.1059873433954135e-01	   4.0677177642349344e-01	   2.1951096608782153e-01	
   1.5365342814316718e-01	   3.3313605287816273e-01	   3.4220545094970112e-01	   5.9311288476617108e-01	   7.2249929836647020e-01	   0.0000000000000000e+00	   3.8170208290689012e-01	   5.2256269059859184e-01	   5.3498562815495054e-01	   6.9037907636249929e-01	   7.6624136835710940e-02	   4.3510920151144072e-01	   1.1691131765519067e-01	   5.1672289751865130e-01	   3.4826108732192873e-01	   6.6815875716575313e-01	  -1.0175734740496967e-01	   4.0501975223624379e-02	   1.5029482526312582e-01	   3.9033265395660993e-01	   5.5642660745184025e-01	   5.7566642423956593e-01	   3.8320319783477352e-01	   5.0377730080550343e-01	   2.9541906357948039e-01	   4.7292511762677292e-01	   5.0511489451992464e-01	   5.9310519966787056e-01	  -2.2445463148797593e-01	  -6.4481289949346682e-02	   1.6467832462856952e-01	   2.1781550915629946e-01	   3.3085111882475815e-01	   3.1400864027401720e-01	   3.3107524499493107e-01	   3.5052260356931408e-01	   2.0646347450569577e-01	   1.8843462946299935e-01	   3.1276778695908075e-01	   4.8015312864509707e-01	   2.3685426569824700e-01	   3.5968198611661839e-01	   5.2884628919107657e-01	   4.8363477494619400e-01	   4.8211802327314296e-01	   4.7931141663846949e-01	   4.4265283505201947e-01	   4.7183044390104556e-01	   4.4241234398298013e-01	   4.3847731837407034e-01	   4.3767457721955011e-01	   4.6726178203623592e-01	   3.8675943443885441e-01	   3.5840858506228501e-01	   4.4264643134045889e-01	   3.8991626605787078e-01	   9.3632955099677423e-02	   2.4165219277745315e-01	   2.9169642326610346e-01	   2.3270119792799124e-01	   3.8535535097161483e-01	   4.9447191978481042e-01	   2.8004264414514485e-01	   2.2324919274459240e-01	   3.1826768649054971e-01	   5.9027744213505318e-01	   5.1404565939282931e-01	   5.3019689788692981e-01	   2.3995376157275797e-01	   3.6039272046546972e-01	   1.9491488773414237e-01	   1.8189154875195951e-01	   1.3909909973722820e-01	   2.1782890256552540e-01	   9.2318226698960365e-02	   1.4893015788081071e-01	   1.5090905996757831e-01	   3.0042945453684622e-01	   7.2763049760218718e-02	   1.7154111666001026e-01	  -8.4162080094307562e-02	   7.1341601054585202e-02	  -6.9429971774576438e-02	   8.7764410926322339e-02	   5.1472700542354599e-01	   6.1665453596220920e-01	   1.7057637175116919e-01	   3.9169152757386871e-01	   6.3685614981629501e-01	   7.2562640343793805e-01	   5.2794544157051226e-01	   2.7891802034380664e-01	   6.1102540094277769e-01	   2.8453115402953910e-01	  -6.4099281247524259e-02	   1.7280461436821673e-01	   5.2304277165071356e-01	   2.8759316648035044e-01	   4.0912833548463023e-01	   3.1345824052782695e-01	   5.6631422403326059e-01	   4.3093943863966466e-01	   4.4962322952600553e-01	   3.9562230226525713e-01	   4.2380728260205391e-01	   4.2144519641577138e-01	   3.7335202729224476e-01	   4.2870741221368708e-01	  -1.0940467414871301e-01	  -9.8367113558993011e-04	   4.2750911498358818e-01	   2.8100688605221158e-01	   2.1703454584510995e-01	   3.9304135462457823e-01	   4.4452335696160961e-01	   8.4392542931802955e-02	
   3.9231990772047476e-01	   2.1462265789810892e-01	   7.4975299120874817e-01	   5.5623905900338633e-01	   5.6205989806741197e-01	   3.8170208290689012e-01	   0.0000000000000000e+00	   5.5408156775020867e-01	   5.1689920140315615e-01	   1.5738245763334099e-01	   4.3123441788736927e-01	   2.3169918869108602e-01	   5.1138229499254417e-01	   3.7975493915267561e-01	   5.7621256069356941e-01	   4.3359410271420318e-01	   1.4733138699569359e-01	   3.5804165673853555e-02	   6.7592310419449830e-01	   5.0832383275543513e-01	   4.3605233734642934e-01	   4.8368216528250052e-01	   6.4437379835063080e-01	   5.9546082479306661e-01	   5.7261341248035880e-01	   6.7317379970177127e-01	   3.7792160553063137e-01	   3.4371560466601991e-01	   2.6380494167118435e-01	   9.0232419480587425e-02	   6.5649276076594321e-01	   5.9618397869332518e-01	   6.0862042623259482e-01	   5.1911415205815381e-01	   6.1000082046579451e-01	   5.2882490487434297e-01	   3.6597733720574144e-01	   1.5758398459377612e-01	   4.2162913987568673e-01	   3.0217989522257732e-01	   4.3714633964499677e-01	   4.7905421484427257e-01	   2.3903536465332306e-01	   1.7597019321502139e-01	   1.0104045435407316e-01	  -3.4134965944344698e-03	   4.5321372242032670e-02	   9.8670161039326798e-02	  -1.7360273771295665e-02	  -1.2389832853525037e-01	  -2.0323745370925090e-02	  -8.4887158959918385e-02	  -8.4357034331206532e-02	  -7.0749146344457975e-02	   3.5086511320735633e-02	  -1.4494581096245671e-02	   2.1657336735006713e-01	   2.6852281358220376e-01	  -1.4780028425459424e-01	  -1.7268048602360780e-01	   3.0765703378761430e-02	  -1.0488092705870906e-01	  -1.6775413655728762e-02	  -1.4612796434033382e-01	   5.5264660102562313e-01	   1.9504993212193833e-01	   1.7822658371234473e-01	   1.3544544899399369e-01	   1.9909249430237980e-01	   1.7894027528392170e-01	   6.0513827032713585e-01	   5.2091573677814240e-01	   5.2585713097107789e-01	   2.9625458833410917e-01	   5.2990562310074329e-01	   4.6562039387263521e-01	   5.3537056104075409e-01	   4.3378284226008013e-01	   1.4761526685039120e-01	   1.6702973525129816e-01	   3.0961645218257228e-01	   3.6037467616563595e-01	   4.8805165296196096e-01	   3.8055147287090751e-01	   5.9488849771391195e-01	   4.7808719993724702e-01	   3.6297280184463165e-01	   4.2397998274681031e-01	   4.3693692511249105e-01	   2.2123746443417724e-01	   4.0230476831739109e-01	   5.4032822908167089e-01	   5.2763646854172119e-01	   5.6966839493453092e-01	  -4.6669466198387452e-02	   1.6032005454703505e-01	   1.3876705148006777e-01	   1.6103829074687240e-01	  -7.7834599270273589e-03	   6.6783420794440079e-02	   2.0072498167645120e-01	   4.5260630328851481e-01	   2.8722675188799590e-01	   2.4497313864125062e-01	   1.2109811696000618e-02	   1.5549234096361753e-01	  -1.8920142786608890e-02	  -5.9088173444194918e-02	  -4.7637462300891872e-02	   9.8501251618463320e-02	   2.7644788361806372e-01	   6.0827093631893108e-04	  -1.1601043348809795e-01	   5.6241932731829522e-02	   2.2124952207978527e-01	   1.3510759986058898e-01	
   2.7999332303539665e-01	   2.3781791030457686e-01	   1.8005270443224852e-01	   6.7263606993063818e-01	   2.7834903985024095e-01	   5.2256269059859184e-01	   5.5408156775020867e-01	   0.0000000000000000e+00	   3.1511738959358909e-01	   4.5735041016965922e-01	   2.1949265516136582e-01	   4.3110726429292007e-01	   1.1864917912091613e-01	   4.0296248406776292e-01	   1.4066801325290468e-01	   3.3202407927436239e-01	  -1.0944727855839401e-02	   3.8812098042277976e-02	   4.5604791750363693e-01	   4.9346257884605504e-01	   2.1672334756907197e-01	   3.3413478359668147e-01	   1.2251165934428138e-01	   2.5469769040423673e-01	   6.9586258082087946e-02	   2.7767769364488415e-01	  -4.4414697260447391e-03	   5.0743152858617996e-02	   2.3495742845821355e-01	   2.2453401737015283e-01	   2.1439105013650100e-01	   3.2721973905906143e-01	   4.8079788106891830e-01	   6.5930599488723873e-01	   3.6536617548214456e-01	   5.5676048924975763e-01	   9.6465081238370082e-03	  -5.8182876656069703e-04	   2.5496637254535165e-01	   2.7376105162958725e-01	   8.4508857692388570e-02	   1.7696452374757646e-01	   3.5256182278309073e-01	   3.4175689979745161e-01	   3.3684989955321598e-01	   3.2671035325880665e-01	   2.0484510762269548e-01	   2.8380134524476613e-01	   1.6573303814214724e-01	   1.8670099536332513e-01	   1.2920842779701844e-01	   2.0664686086322157e-01	   1.0697680403015519e-01	   9.6171041036857752e-02	   1.2335103537025499e-01	   1.1242753453018325e-01	   8.5970082775099738e-02	   4.9627496292335288e-02	   5.3372640428805459e-03	  -6.0555115689174349e-02	   1.7387617589427767e-01	   5.2386884491947372e-01	   4.0700964418294780e-02	   1.6709161167290798e-01	   3.8677203117023767e-01	   6.9062343784436264e-01	   2.9780947977831429e-01	   4.3373161669384452e-01	   2.0543398014034282e-02	   1.1853392244940560e-01	   2.2566561404711089e-01	   2.3396616270163040e-01	   3.3527086990617072e-01	   3.1577177767476261e-01	   4.0070707241354597e-01	   3.0137615203248169e-01	   2.9295548390970894e-01	   4.3974314135074866e-01	  -1.0757639066806583e-01	  -4.6833785675730460e-02	   5.0627261716553719e-02	   5.1775935658662439e-02	   2.7061806876107725e-01	   2.0046335529494932e-01	   2.2268154941061166e-01	   3.7771853915903930e-01	   1.4017711575108410e-01	   1.2658293917419655e-01	   1.7528103471747186e-01	   3.2341052670339032e-01	   6.1023067498658112e-01	   3.2367434786262800e-01	   5.4471534643891006e-01	   5.8355140356108677e-02	  -1.4279030881817673e-02	   7.2098637311671779e-02	   2.1844133827290874e-01	   9.4417041669264457e-02	   2.2128728003980030e-01	   2.3304577761814785e-01	   6.2661432990046251e-01	   3.0758895467726377e-01	   4.8990274539750223e-01	   3.7117611921744698e-01	   2.0997006758498496e-01	   1.3535753222564240e-01	   2.2207791800412335e-01	   1.6273219280431694e-01	  -1.5891993754907064e-02	   1.8981411280567134e-01	   3.4201791687136401e-01	   1.4255722619800670e-01	   7.8440134020296468e-02	   2.4666227759052545e-01	   3.1451019753128606e-01	   1.0404770197033962e-01	
   2.3025122890586644e-01	   2.0284874047013518e-01	   5.3773552944242531e-01	   2.3940562232195176e-01	   7.5510219854821747e-01	   5.3498562815495054e-01	   5.1689920140315615e-01	   3.1511738959358909e-01	   0.0000000000000000e+00	   7.1884186698246244e-01	   3.7463348125527196e-01	   2.6472807871759430e-01	   5.7335474738381387e-01	   4.1882907596543406e-01	   6.4844964335901156e-01	   5.4679607327499657e-01	  -3.6747026510166336e-01	  -3.2236369723334030e-01	   1.0658158102549123e-01	  -1.1273643884625395e-01	   5.4761976194321726e-01	   5.1539672729017105e-01	   4.3873308158324875e-01	   4.1312213827536376e-01	   5.3009198508564104e-01	   5.6987686340633625e-01	   6.1940424558800800e-01	   6.0499173555023389e-01	  -4.2269487421997154e-01	  -5.5551071809316954e-01	   1.0656502805155241e-01	   2.2060396327435824e-02	   3.1298752446421101e-02	  -7.1022081711318935e-02	   4.7957242215741214e-01	   3.5826671205664506e-01	   4.7621051706457573e-01	   2.6099663400902334e-01	   2.6179806731704147e-01	   3.8284150074863310e-01	   3.0826329620516268e-01	   3.3369646619597720e-01	   4.0223246829502501e-01	   3.5948358871531894e-01	   4.3482699746462183e-01	   3.7559166011711675e-01	   3.5559994248605153e-01	   3.6732842720608949e-01	   3.6238482243495163e-01	   3.9300165248975216e-01	   3.6183459951730701e-01	   4.0476799481817249e-01	   2.9091921177825231e-01	   3.0579254083327811e-01	   3.5404946579025831e-01	   3.1606038972817485e-01	  -2.2894507475728260e-01	   1.2013481446103490e-03	   2.3380927528761397e-01	   1.5536564610841011e-01	   3.7240036595788373e-01	   1.4470576569322338e-01	  -2.4459124625921772e-01	  -3.6901827709079538e-01	   7.2971873583917168e-01	   5.1801251138914362e-01	   2.6581760133108234e-01	   2.4542259720163051e-01	  -1.4477528236428516e-01	  -7.5267570689731824e-03	   2.9174197004436175e-01	   6.8927077683506199e-02	  -7.8358896628256014e-02	  -2.9427451046623704e-01	  -5.1328716532016316e-02	  -1.1728203164303647e-01	   1.2425649442174233e-01	   8.7995385456590525e-02	  -3.1348936016163641e-02	  -1.9198325663892274e-01	  -1.8333173003075851e-01	  -8.5834561438238782e-02	   1.8248489338552228e-02	   2.6843709746451705e-01	   5.5786008021962863e-01	   4.5911268391153309e-01	   2.5631555728899419e-01	   3.5463407366241839e-01	   5.6213283485929300e-01	   5.4678850582363947e-01	   4.0934019316059544e-01	   4.8545908470913973e-01	   4.9147377339064091e-01	   5.7494425145118999e-01	  -4.8768292119548265e-02	   1.8650372416327388e-01	   2.8796943318291029e-01	   1.2261337381260201e-01	   3.0676810035677637e-01	   2.8579795336042735e-01	   3.6613903708112078e-01	   6.1038132688606750e-01	   2.6336235540803471e-01	   4.1347699938530191e-01	   2.8520906057574918e-01	   4.7154216705678043e-01	   4.1069351347817817e-01	   3.4818420397418925e-01	   3.7996073564972532e-02	  -5.9407228526399680e-02	   1.3333913300303551e-01	   2.4290092447969355e-01	   3.4411008598692616e-01	   5.3087853926626224e-02	   3.1741097044758870e-01	   7.7557973648791190e-02	
   2.0127773707405983e-01	   1.5286667520299232e-01	   9.3209508972951244e-02	   2.0937835424155360e-01	   5.8219019880719503e-01	   6.9037907636249929e-01	   1.5738245763334099e-01	   4.5735041016965922e-01	   7.1884186698246244e-01	   0.0000000000000000e+00	   3.0739057439845119e-01	   3.7296925868287822e-01	   3.2816222756892655e-01	   3.5191935310209560e-01	   3.5461121271757529e-01	   5.6476206712001142e-01	  -4.0128446261331679e-01	  -3.7824054839718080e-01	   7.6000477306630745e-02	  -5.3180416989360026e-02	   3.5452406343715487e-01	   4.1612731950607101e-01	   5.6716277344226247e-02	   1.3817744990333269e-01	   1.5798758175314048e-01	   3.1568707951701391e-01	   3.6290924070543512e-01	   4.2860829108979709e-01	  -3.9728096980325467e-01	  -4.0700569572641465e-01	  -2.0579914468947100e-01	  -1.8923838497433498e-01	  -9.0820576004181031e-02	  -3.7147524661752848e-02	   2.2403704327807683e-01	   2.2630995777377488e-01	   1.8110752729751467e-01	   9.5903780200056757e-02	   1.2794155088674147e-01	   3.0587047010663732e-01	   1.4694146621543168e-02	   4.6986862450020719e-02	   4.5351057785035437e-01	   4.4258137208950710e-01	   5.2547316174904701e-01	   5.0877059409795589e-01	   4.3067086059781190e-01	   4.3023111235948308e-01	   4.3741606444543557e-01	   5.2840820022152402e-01	   4.0266769628535443e-01	   5.3325786399944963e-01	   3.8650361019277163e-01	   3.5163064665237576e-01	   3.6289494552005819e-01	   3.4067021557798183e-01	  -3.2566697685045698e-01	  -1.5674950669864707e-01	   3.6289531796534230e-01	   2.5392579399041104e-01	   4.6314279593694785e-01	   4.8097225285584377e-01	  -1.8291331732423458e-01	  -1.9888953690906758e-01	   4.7722563912375449e-01	   7.1488496067688356e-01	   3.2004596109812006e-01	   3.8714726858919613e-01	  -1.9388733289141852e-01	   1.0335913681378758e-02	   1.8626677882829578e-02	  -8.0810999422395141e-02	  -1.7898796142237594e-01	  -2.0808621015831499e-01	  -1.3879200125221097e-01	  -2.0908462584095000e-01	  -5.2461324024064646e-03	   7.2750007302966241e-02	  -2.5948324011366114e-01	  -3.3047253917326236e-01	  -3.7359453072949989e-01	  -3.4679301806262802e-01	  -1.1222442905464179e-01	   1.6853552147435261e-01	   2.7133344994716663e-01	   3.4229827604502394e-01	  -3.8028565040809155e-02	   1.7322130601279523e-01	   3.6213032977038934e-01	   6.1160204346364644e-01	   5.6993181593570985e-01	   4.2065991962596033e-01	   5.0490443321993217e-01	   2.7349127347277219e-01	   3.3245208048910152e-02	   1.0280231345282040e-01	   3.6839460890306863e-01	   5.5177102295817154e-02	   4.2547911949445000e-01	   4.0563315130392852e-01	   6.1690198877752156e-01	   5.0316583863407638e-01	   3.7612899228637042e-01	   4.6848647205024163e-01	   4.4010508994423997e-01	   5.1350344416317828e-01	   4.8473958987202898e-01	   4.8583305310172420e-01	   1.2698392147330093e-01	  -6.2746504147755983e-02	   2.3335924034777372e-01	   3.7789724395747060e-01	   5.1308879730491985e-01	   2.7351040379237657e-01	   3.9873381154469500e-01	   7.5745316571112609e-02	
   7.2834378408339417e-01	   4.0899841558785766e-01	   2.0029033927140732e-01	  -1.4708126054801254e-01	   2.8528278738490764e-01	   7.6624136835710940e-02	   4.3123441788736927e-01	   2.1949265516136582e-01	   3.7463348125527196e-01	   3.0739057439845119e-01	   0.0000000000000000e+00	   6.0309641052053242e-01	   8.8799863376384935e-01	   4.7631164521440000e-01	   5.1185654960420490e-01	   3.1198801358751899e-01	  -2.9668939345120285e-02	  -2.1434922093373077e-01	   5.5260693637937197e-01	   8.7677028679442423e-02	   8.2844136696577031e-02	   1.5818081183473937e-01	   6.9021050992971900e-02	  -2.3300360137198637e-02	   1.4413633758144095e-01	   2.3271908076727360e-01	   1.2791113108317129e-01	   1.3659750949679300e-01	   2.1840591370194429e-01	  -8.4116522178988046e-02	  -9.2509484279284626e-02	  -2.0399218513801776e-01	  -1.9999240767402043e-02	  -4.4207569261799667e-02	   3.1425545844483349e-01	   2.6799926624891041e-01	   4.1399657549430785e-01	   1.6789043462263867e-01	   4.2287222027647964e-01	   3.3051544698752150e-01	   1.6931339234310541e-01	   8.4539731111351268e-02	   3.9343272020467779e-01	   3.5912489009770754e-01	   3.4855103198966791e-01	   2.8020558021161907e-01	   3.0502304206869169e-01	   3.2242489223104254e-01	   2.4777985489025209e-01	   2.4944614732039694e-01	   2.0983132144530386e-01	   2.8763974955504612e-01	   2.2446835170731227e-01	   1.9993738993641999e-01	   2.6809776350827619e-01	   2.2219629399550328e-01	   5.9820562171118564e-02	   1.3074001204934799e-01	   2.5873406787511682e-01	   1.0233724948457237e-01	   5.0409642959438183e-01	   1.7146802997965879e-01	  -2.3317781627325698e-01	  -2.7176278267765197e-01	   5.0741694551413108e-01	   2.5599673173567528e-01	   1.8099450516115503e-01	   1.9054365849318386e-01	  -1.4226890122730029e-01	  -1.5544094114037999e-02	   7.1689919817129674e-02	   1.2168418273165002e-01	  -3.8261402007197853e-02	  -5.9141884090962819e-02	   3.5309617094057201e-02	  -1.1050842605342526e-01	   3.4070045044142216e-01	   2.9760296927963348e-01	  -2.9129582452044767e-01	  -3.1824335422828642e-01	   8.4002664839631397e-02	  -1.0086187015936612e-01	   4.2595190057762472e-01	   4.4568457635825293e-01	   2.5263411058924407e-01	   1.3497358849204034e-02	   1.4261665215391670e-01	   1.3639834744800408e-01	   2.5685419329356068e-01	   3.0129481147064391e-01	   4.1280174272044379e-01	   4.5667186952305072e-01	   2.7444168413783121e-01	   3.8409195085044623e-01	  -1.8054223151222903e-01	   6.4941503658977009e-02	   1.4748323949432762e-01	   2.4488121145051839e-01	   2.6706973291240399e-01	   4.0770856828659841e-01	   3.5939114670998773e-01	   4.8222548748362726e-01	   2.7135796702146536e-01	   3.5372701710680388e-01	   3.4266923382489967e-01	   3.7329554768026274e-01	   1.8673571911280623e-01	   2.1222236189240540e-01	   1.6928662251330925e-02	   9.4440099508594444e-02	   2.4869103650549174e-01	   3.6120828578838599e-01	   3.7702321130308714e-01	   2.6057539706276411e-01	   4.2608994657318333e-01	   3.3629623729329500e-01	
   6.6337396396993686e-01	   6.5831871102923145e-01	   9.7424956498104204e-02	   1.6366622162729214e-01	   2.8533518475038866e-01	   4.3510920151144072e-01	   2.3169918869108602e-01	   4.3110726429292007e-01	   2.6472807871759430e-01	   3.7296925868287822e-01	   6.0309641052053242e-01	   0.0000000000000000e+00	   4.9154614012879122e-01	   8.6124501257475972e-01	   2.8853213439036629e-01	   4.9648037883869223e-01	  -2.3022652175073495e-02	   1.0076534124611708e-01	   2.5262959001072033e-01	   3.2135988718008379e-01	   2.1175337274573885e-01	   2.0545617747804668e-01	   6.8894294612538168e-02	   1.7784362971743661e-01	   9.3241746657387922e-02	   2.0894840444130186e-01	   2.7534168686114979e-01	   3.4695025042501559e-01	   3.7209105639935409e-02	  -1.5368522242955318e-02	  -1.8214734274496422e-01	  -1.9067234237206968e-01	   6.7356441512496798e-02	   9.1887073524130863e-02	   1.8044957232496445e-01	   3.1970381377408863e-01	   3.9055363732944570e-01	   3.5005278448464433e-01	   4.8295561309243645e-01	   5.9713470022213988e-01	   2.5108471889117112e-01	   2.5899771983821257e-01	   6.7958664602016428e-01	   6.5352922690579551e-01	   5.2403270583281669e-01	   5.6606072298510735e-01	   6.1636820132208170e-01	   6.5907676902888512e-01	   5.4812667773480783e-01	   5.4176455510574684e-01	   5.8807337365067125e-01	   6.3379507397955126e-01	   5.8214057918582751e-01	   5.0288420366366937e-01	   6.4897866226984191e-01	   5.7607004169088949e-01	   2.7391077618753973e-01	   2.5671907007362621e-01	   4.3257024599408889e-01	   1.8774336537323505e-01	   7.4115922528423650e-01	   6.4052567036355190e-01	   2.1577159813650706e-01	   2.1303731127571443e-01	   2.9904125322976194e-01	   5.4327354898117342e-01	   4.7724109968137529e-01	   5.3506821251459846e-01	   1.7950342876606665e-01	   3.3529638977850257e-01	  -1.7488507936794701e-01	  -6.9037119029578597e-02	  -8.9088188993679693e-02	   1.1841819417005994e-01	  -1.2003705600952952e-01	  -7.6671978828766488e-02	   2.3113702326916469e-01	   4.3492493718740033e-01	  -1.2908526269787085e-01	  -1.1561294141176180e-01	   4.3633770889167561e-02	  -3.3334158944148859e-02	   5.3253845136132009e-02	   2.9426932300534597e-01	   3.2241091598980026e-01	   2.9259783156201830e-01	   2.5212411043420113e-01	   1.1937620642646807e-01	   5.6575615063759055e-01	   6.1016549571365664e-01	   6.2341229824866995e-01	   2.5651790627050847e-01	   4.9595587778178818e-01	   1.9688008078907551e-01	  -1.6883721735994270e-01	   3.1043693318558052e-01	   5.5929676682741503e-01	   5.9361521443198184e-01	   6.3200163642819185e-01	   6.5695028755362850e-01	   7.2670213015527141e-01	   4.6234341849307908e-01	   5.4234029214089274e-01	   5.0040707677056895e-01	   6.1926403587251344e-01	   5.3333599467806936e-01	   5.7574439248711440e-01	   5.7325699497308824e-01	  -1.3370007120579497e-01	   1.9360267394001779e-01	   5.5682012252569257e-01	   5.5077234632677796e-01	   4.4008128845385303e-01	   4.9859596559517094e-01	   6.1403968003500564e-01	   3.2856231799208896e-01	
   5.5215655318958112e-01	   3.7034665645377318e-01	   4.1369774621906708e-01	  -1.4583473506893202e-01	   4.3654042445764413e-01	   1.1691131765519067e-01	   5.1138229499254417e-01	   1.1864917912091613e-01	   5.7335474738381387e-01	   3.2816222756892655e-01	   8.8799863376384935e-01	   4.9154614012879122e-01	   0.0000000000000000e+00	   5.4422112483143303e-01	   7.1416707202065044e-01	   4.0403909737435251e-01	  -6.5965864176703720e-02	  -1.5823165768089698e-01	   4.3505671251053257e-01	  -3.8837111522649431e-02	   2.9368982809104149e-01	   2.8180645732399412e-01	   2.9622859025146520e-01	   1.6235126072306283e-01	   3.4737222854470123e-01	   3.6064529394427353e-01	   3.3731343233544431e-01	   3.1642959158456924e-01	   6.4424473172213642e-02	  -2.3492317867984486e-01	   8.0052693995573049e-02	  -8.8579896536224403e-02	  -1.6265587826748595e-02	  -1.1942757251509392e-01	   3.8667143179725316e-01	   2.5642155579095527e-01	   5.8857923518225297e-01	   2.9966039252216919e-01	   4.5080510198251988e-01	   3.7584712807039766e-01	   3.5790438877969094e-01	   2.6331214223194804e-01	   3.1600303418440989e-01	   2.5810093561390457e-01	   3.1206953570937646e-01	   2.1356739949523748e-01	   2.4460543938291865e-01	   2.4666700415272952e-01	   2.3163362481165120e-01	   2.1842255348404019e-01	   1.8619388393983338e-01	   2.3455828090901729e-01	   1.4669389441339925e-01	   1.5101959319562971e-01	   2.6637348931137639e-01	   2.0454667504436280e-01	  -8.8559174873749022e-03	   1.5869481858244555e-01	   1.5461847714026175e-01	   3.4498275181102989e-02	   4.0402912685208198e-01	   1.2412611823915619e-02	  -3.0767614112407610e-01	  -3.7121454152670552e-01	   5.8792632930182120e-01	   1.7675065736786422e-01	   6.7493378507529275e-02	   3.7594682447419266e-02	  -1.9331545233733111e-01	  -7.4283174367604843e-02	   2.3033332509557949e-01	   1.7928011686824025e-01	  -1.7138922753544183e-02	  -9.9852956768320955e-02	   3.2980990392427009e-02	  -5.1776817808938919e-02	   3.0300374095076854e-01	   2.4356293785485666e-01	  -1.0063438341649128e-01	  -2.2786723492551328e-01	   7.8641200478801632e-02	   8.2858348644983195e-04	   3.9745975796788047e-01	   4.7482102086641076e-01	   3.9139262578905532e-01	   9.2550179124020637e-02	   3.2656891236714047e-01	   2.7396192732925345e-01	   4.2702030752799514e-01	   3.1915141370435429e-01	   3.3686016685635145e-01	   4.8657909050813275e-01	   3.4443164925235664e-01	   5.5698072349437444e-01	  -2.3123657936507427e-01	   1.1838835151499105e-01	   1.3386371438775507e-01	   2.3405826871206895e-01	   2.2247959164333225e-01	   3.0664426200957995e-01	   2.7740501530943595e-01	   5.3421654871380353e-01	   2.3531298442419707e-01	   3.0502637758707285e-01	   2.5466436167140921e-01	   3.6365553441872900e-01	   1.8734332051666980e-01	   1.6308461249266826e-01	  -2.7600460418167456e-02	   3.4696230944112165e-02	   1.5340939274365309e-01	   2.8052714934737366e-01	   3.1226290403140311e-01	   1.7971845299832404e-01	   3.5538300070250561e-01	   2.8292865522343269e-01	
