   0.0000000000000000e+00	   8.0464047339681966e-01	   4.6927548874957270e-01	   3.8102185131182142e-01	   5.1840230840544699e-01	   3.6889324300477816e-01	   3.9860033541983420e-01	   3.4389372163420234e-01	   5.0411984993105530e-01	   3.6384542002615916e-01	   6.2211742802922543e-01	   4.0924073968370572e-01	   5.6306165306497069e-01	   3.9177334846098755e-01	   5.2759189871326917e-01	   4.6996114826290541e-01	   6.7563302749272414e-01	   5.6075470829073448e-01	   7.5728252146355168e-01	   6.2648405552174247e-01	   5.5199860722684724e-01	   5.3304124296994071e-01	   5.6653256853204481e-01	   4.4294028140308966e-01	   5.2588163300672108e-01	   3.5253556990348606e-01	   5.6407628102113483e-01	   5.3790490736132124e-01	   5.3914206881442173e-01	   4.8428057495988475e-01	   3.4981833320566619e-01	   2.1276108425950813e-01	   5.7372306654760541e-01	   5.2469936113110627e-01	   4.2563454496775760e-01	   2.9968689484621519e-01	   5.5362238903233718e-01	   5.6420399530875742e-01	   5.7430181487132015e-01	   5.3422290159313102e-01	   5.8355236823373635e-01	   4.0564303281090114e-01	   6.0129729028537671e-01	   6.4290986144087792e-01	   5.7636211739669885e-01	   5.6229016432249423e-01	   6.9994137528297951e-01	   6.9919115584859481e-01	   6.3530160712624073e-01	   6.7632123251819198e-01	   7.0726310453899843e-01	   6.8326795410868779e-01	   6.7969762403191625e-01	   6.2882034246337248e-01	   7.3488080399497813e-01	   7.4615817010725771e-01	   7.9612620346911533e-01	   6.5818753923496032e-01	   6.2255162485016247e-01	   4.3295929810854972e-01	   4.4251812625615594e-01	   1.9629585257051646e-01	   7.6923663025913802e-01	   3.2344733902935929e-01	   3.9411020944481095e-01	   4.1907656833119461e-01	   3.3915773511838371e-01	   1.9219954808445316e-01	   5.9580935614028041e-01	   4.7403862728549639e-01	   4.5149634808713540e-01	   3.2827335710665195e-01	   5.4389720188768242e-01	   3.3310496675674595e-01	   5.6931238496979764e-01	   3.9594510100144459e-01	   4.9795034441017472e-01	   3.3058304570714814e-01	   5.4226964677420109e-01	   5.6993510578126516e-01	   7.5058289241724452e-01	   8.5318473631672997e-01	   7.8478322125875866e-01	   8.0301200494467850e-01	   7.6085490932394007e-01	   7.9890370889456230e-01	   6.1999431444939557e-01	   5.7071141325601094e-01	   6.0685378531182366e-01	   5.8843848201814231e-01	   3.5137563403113709e-01	   3.5486971132370704e-01	   2.8986941324049054e-01	   3.6859932214576691e-01	   3.3323100545045459e-01	   2.5383654596164285e-01	   4.2508057825417012e-01	   6.0968455899151519e-01	   5.0734021351790926e-01	   6.1835655458989425e-01	   2.7257821232150137e-01	   4.4212305828357668e-01	   2.3949417731699521e-01	   4.1463224086751438e-01	   1.4116131090901995e-01	   2.6270321521351248e-01	   6.2195914323227991e-02	   1.8367046117007088e-01	   2.0903010785298190e-01	   3.5170479139172306e-01	   3.9218051134418808e-01	   5.0628883611663356e-01	   4.0301965051754862e-01	   4.6066299836891866e-01	   4.3765532959850217e-01	  -2.4624810481616702e-02	
   8.0464047339681966e-01	   0.0000000000000000e+00	   2.4783446391133640e-01	   2.4352045335424696e-01	   1.6073652991300746e-01	   3.6621047673193033e-02	   1.5976996082198450e-01	   2.3133020139899046e-01	   1.6973922763011751e-01	   1.0916679499416883e-01	   2.7949339868479089e-01	   2.3918596719844254e-01	   2.2508144791662371e-01	   1.7897810261040351e-01	   2.2696986919066151e-01	   2.2562574432966892e-01	   7.0726833941663592e-01	   7.6369164896447583e-01	   7.0605314632983229e-01	   8.1658582752495545e-01	   3.6070521307117537e-01	   4.3624322332886611e-01	   3.2362111579189734e-01	   2.0056676491285075e-01	   3.3709627503874173e-01	   5.3165839934578268e-02	   4.6550381762738502e-01	   3.1674613548664676e-01	   5.3605093112937507e-01	   5.3323305862408688e-01	   2.0793852995858403e-01	   1.1872938074707221e-01	   6.6152455550275535e-01	   6.6347208421705139e-01	   3.6705756065727979e-01	   2.6354999757577052e-01	   3.5276794205867407e-01	   3.6597701813893141e-01	   3.8700751398191280e-01	   3.3549024494359336e-01	   3.4443294381044093e-01	   3.2271723583426237e-01	   5.6318010117466799e-01	   6.9860015084324423e-01	   5.7419363944077584e-01	   6.4835371468152803e-01	   6.1368931674285343e-01	   6.5549657489404378e-01	   5.3307621304849162e-01	   6.1740601177084387e-01	   5.3794333945886774e-01	   5.6551403911670295e-01	   5.7948162677445336e-01	   5.2104168793003414e-01	   6.4262902270705724e-01	   5.9168855357745664e-01	   7.4894867213646221e-01	   8.9080656258989444e-01	   5.5318366762127391e-01	   6.0769480295750311e-01	   1.8926599737114799e-01	   3.0555578351108503e-02	   7.5604915253202343e-01	   4.3508019830230815e-01	   1.9075095451786181e-01	   1.7109540590908756e-01	   4.4748521042352052e-01	   3.5708089914566221e-01	   7.3856019279076046e-01	   6.4940323289577973e-01	   4.1784530631871458e-01	   3.6777922390772994e-01	   6.2303155282311495e-01	   5.6286260920133580e-01	   5.6320830911617303e-01	   4.7378558626350564e-01	   5.9108434603671589e-01	   5.2003069893361298e-01	   6.3659647920627194e-01	   7.2126298765923869e-01	   5.9914289458209435e-01	   8.0157404224563666e-01	   5.5185253611571794e-01	   7.6340325410229315e-01	   6.4503891904705779e-01	   6.2716891008931486e-01	   5.9457062351938172e-01	   5.8283100599637094e-01	   3.5890831767201847e-01	   3.8023394738416050e-01	   2.3775549052104772e-01	   1.7887415027469156e-01	   1.8910921109298887e-01	   1.6194559027272989e-01	   4.3142939635489108e-01	   3.8436362845246808e-01	   7.3536506525517686e-01	   6.9926288089158228e-01	   6.5864531335722099e-01	   6.3858855576438933e-01	   5.0409978238580733e-01	   4.4756775392838177e-01	   6.0736780497468468e-01	   6.0555533649228999e-01	   3.2823433264785418e-01	   3.3243198612626790e-01	   3.1635577409130644e-01	   3.4631585725851716e-01	   1.7105091685174395e-01	   4.9179640677283332e-01	   6.3734762715296767e-01	   5.9895397566438646e-01	   5.8018445537975838e-01	   6.5282779974451866e-01	   5.3683455228038091e-01	   1.9007834261624921e-02	
   4.6927548874957270e-01	   2.4783446391133640e-01	   0.0000000000000000e+00	   8.0076483384495112e-01	   6.1434135767302844e-01	   5.0172148737081723e-01	   7.3507123421022214e-01	   5.4976298433709991e-01	   5.3547091077525177e-01	   3.6614622857727996e-01	   6.5357414501521816e-01	   4.3002865593019324e-01	   6.4301015198005995e-01	   4.1933309717103601e-01	   7.3025809037796552e-01	   5.7381031740953237e-01	   1.8766825209847784e-01	   8.6461035413094960e-03	   4.0532124343805187e-01	   2.0156972230128861e-01	   7.3133758882378075e-01	   5.7794555869212350e-01	   7.7411541280662932e-01	   5.9460458310121855e-01	   6.9696540395178808e-01	   7.1417580585478990e-01	   6.8811573665418124e-01	   7.9523832624652047e-01	   9.6042078209457149e-02	   1.5488150726412880e-01	   5.7789637450563536e-01	   4.2010007133841237e-01	   5.5822313937906698e-01	   4.8058476081670598e-01	   6.0023321474398295e-01	   4.6132981580279830e-01	   5.8541342262543061e-01	   5.1548268576088296e-01	   6.8343440646548959e-01	   6.0469050713144079e-01	   5.0750016637241768e-01	   2.3900599887655577e-01	   3.7876761835498507e-01	   3.7642443352533317e-01	   2.7322710074722578e-01	   1.8860130517043505e-01	   4.2181422250080597e-01	   4.7448086711927939e-01	   3.1934720000329120e-01	   3.6800427217529730e-01	   5.8592710166318274e-01	   5.6010204021294241e-01	   3.5442606321350634e-01	   4.6086529133946763e-01	   4.4609711603647889e-01	   5.9280437692811239e-01	   1.8302843926909781e-01	   2.0495033774911109e-01	   3.6694659031755600e-01	   1.2017493513582941e-01	   6.2063774028221497e-01	   5.0923110889942391e-01	   2.4833552586718813e-01	   9.0149566750728494e-02	   7.8194480962714041e-01	   8.3848969178805233e-01	   4.5791985691095316e-01	   2.9586459925686592e-01	   3.3480360105964080e-01	   2.6299592165735608e-01	   2.8015860183387414e-01	   1.0869896827049624e-01	   3.3695893275754335e-01	   2.0778752709097342e-01	   2.6611409338681624e-01	   1.9763933960061636e-01	   3.4611000443792456e-01	   2.0912606764079986e-01	   1.0197299901256049e-01	   2.2537615527261606e-01	   3.0540448559352545e-01	   3.6141744377678836e-01	   6.6304780327986135e-01	   3.2578977841007439e-01	   5.7067377595729774e-01	   6.7146866738082245e-01	   6.2045945763907540e-01	   3.0512781551998164e-01	   6.5980162634979855e-01	   6.8523383010423278e-01	   3.9591370246998431e-01	   5.6964920559064580e-01	   4.3243565187988298e-01	   5.6582063778861036e-01	   1.4893286615056686e-01	   2.7655116694265125e-01	   2.4714321750325363e-01	   4.6257741551911841e-01	   8.3875154027534732e-02	   3.8976120028504896e-01	   1.1464964852370281e-01	   3.6526969125971198e-01	   5.6286645544975103e-02	   2.0063210645897631e-01	   2.5694272557049697e-01	   5.0958631717207437e-01	  -1.2395722495133939e-02	   1.4633494463632504e-01	   9.8999247434101503e-02	   1.6397407641882919e-01	   1.3655736764973025e-01	   1.9211766969708860e-01	   1.6019989373628563e-01	   2.2804564105429287e-01	   3.8300258171549639e-01	   7.9843138514651205e-02	
   3.8102185131182142e-01	   2.4352045335424696e-01	   8.0076483384495112e-01	   0.0000000000000000e+00	   5.3643063617378095e-01	   6.1111263882772160e-01	   7.6721228185022294e-01	   7.9592341601400673e-01	   5.9820843811997260e-01	   5.4960945942069706e-01	   5.6949329252573955e-01	   5.8714633771320746e-01	   6.0507929554740181e-01	   4.5978633184669304e-01	   6.7679111936371172e-01	   6.7275114502199540e-01	   1.1894610825703594e-01	  -2.6399179819523829e-02	   3.5634117720192970e-01	   1.7418620166650922e-01	   5.4094054996407692e-01	   5.2485141351100617e-01	   7.1048800508098109e-01	   7.3974762988265697e-01	   4.6620622844068416e-01	   6.6389396276892620e-01	   4.5415813182793430e-01	   7.1039535702947165e-01	   5.0922013139253000e-02	   1.7774065486585128e-01	   5.8643289202148108e-01	   5.3197087162071877e-01	   4.6546646280035436e-01	   4.5755378756588366e-01	   3.6600873371671250e-01	   3.1004615769624688e-01	   4.7906831415654694e-01	   3.5339206973585119e-01	   5.9902037733810876e-01	   4.7391074895692442e-01	   4.7376184879139915e-01	   1.8381963536414672e-01	   3.4980780039784476e-01	   3.0246663852027988e-01	   2.8050359916582646e-01	   1.9004062843943401e-01	   4.3410132121008438e-01	   4.3510104652812143e-01	   3.4429105930197607e-01	   3.5160395799604338e-01	   5.6039953516628715e-01	   4.5859079555309623e-01	   4.5334186549848898e-01	   4.6307683351600526e-01	   4.9909885896177542e-01	   5.3780240066935925e-01	   8.3175164800573437e-02	   1.3425818058761896e-01	   3.1180237271452466e-01	   2.0397999667557248e-01	   6.4875369266612581e-01	   6.9706447196893673e-01	   2.6705375749290322e-01	   2.2640473145612700e-01	   7.1233303383016722e-01	   7.8520472369158745e-01	   2.7922378329832243e-01	   2.3410974495833523e-01	   1.8165972614289089e-01	   1.4949801073569088e-01	   2.7068571657084572e-01	   2.2268431397423666e-01	   2.7830681682810088e-01	   2.2300062416508004e-01	   1.9613988609088867e-01	   2.3263888746446737e-01	   2.3636084583161293e-01	   1.9487769782700318e-01	   5.5265817183904831e-02	   1.2933069425603541e-01	   2.8958801476440371e-01	   2.6961311453297171e-01	   5.7835584267180018e-01	   3.0055573119000151e-01	   4.7760815296816628e-01	   6.1160771320093321e-01	   4.9048377699717816e-01	   2.2576579673030617e-01	   5.9776716703596178e-01	   6.5064351873372117e-01	   4.9413738095162707e-01	   5.0303713161907615e-01	   5.3128469613558349e-01	   5.2474748590700049e-01	   4.7737154456184892e-02	   1.3275147051421124e-01	   2.1884506865432740e-01	   3.3812477436842331e-01	   2.2808590421877745e-01	   3.1945511518449238e-01	   1.9277040470597567e-01	   3.4078574281231988e-01	   8.1369365024158202e-02	   1.2343238707144341e-01	   1.6663294283689739e-01	   3.4428796834673164e-01	   4.0122939318036205e-02	   6.4784294150709548e-02	  -4.4850516021773576e-02	   7.3017275926830744e-02	   7.4099417047266525e-02	   1.8561453773303210e-01	   1.9634181735981693e-01	   1.6627680724553301e-01	   2.8882928468825986e-01	  -9.0826855475394260e-05	
   5.1840230840544699e-01	   1.6073652991300746e-01	   6.1434135767302844e-01	   5.3643063617378095e-01	   0.0000000000000000e+00	   8.9411331993310805e-01	   6.2673762300456648e-01	   3.8847793980950746e-01	   8.6746997665602121e-01	   6.8889248495198074e-01	   5.5256407068801283e-01	   3.7064742591746058e-01	   5.6901193368900449e-01	   3.7156038339851410e-01	   6.0832109734697248e-01	   5.0742806404411733e-01	   1.3833657976271441e-01	  -3.8767418629286884e-02	   3.1332109490285720e-01	  -6.3842387366746245e-02	   6.9717788434539640e-01	   6.3958540249870022e-01	   5.9264104145296459e-01	   5.7986920452035162e-01	   6.3424705247218172e-01	   8.0402034181600990e-01	   4.9449034327907099e-01	   6.4047864394000520e-01	   1.1032385230704178e-01	   5.8719789169336817e-02	   4.2346968516079569e-01	   2.5158227514200804e-01	   2.2023743481120506e-01	   1.0710818927767793e-01	   3.2451584910622366e-01	   3.0838057748473158e-01	   6.4655332076344663e-01	   5.7336749683616839e-01	   7.1709230136425972e-01	   6.4590837168409698e-01	   6.1073327427520219e-01	   3.1728184606428061e-01	   5.4729835375324520e-01	   3.4116777615177551e-01	   4.6271049452368496e-01	   3.3891482194290040e-01	   6.0344051425303280e-01	   5.2788622964622389e-01	   5.6590342559296425e-01	   5.1563171810723918e-01	   6.1370026599307503e-01	   6.0247480468236625e-01	   5.2987531982074765e-01	   5.8793972973863995e-01	   5.7393684090529640e-01	   6.3158854897327821e-01	   3.0796521668772447e-01	  -2.9278347985366236e-02	   3.6812172184623770e-01	  -4.8679945117176774e-03	   5.3403647298368628e-01	   3.0944681187404427e-01	   1.5121353100462961e-01	  -9.4743122262882964e-02	   4.3563621490593996e-01	   5.4930761898388292e-01	   1.7016102991406942e-01	   8.1474730504286177e-02	   6.4075987598059145e-02	   5.3260654465684910e-03	   1.1708289756775880e-01	  -6.8174159073013024e-02	   6.1028297861511496e-02	  -1.4475441200482014e-01	   2.3584742938661232e-01	   8.9929845563847297e-02	   1.2786837349354377e-01	  -3.1366866731120713e-02	   6.8927754715889435e-03	   2.8985765250835575e-02	   2.8638686817700698e-01	   2.4944870718862827e-01	   6.5881673361459858e-01	   3.3701638900610964e-01	   3.2959576773414351e-01	   4.8175444983394666e-01	   4.9286169898613102e-01	   2.0962908758675269e-01	   6.5620203158985424e-01	   6.1923879854419028e-01	   5.0735635762852660e-01	   5.7993008426687931e-01	   5.2123904411495037e-01	   5.6520876507042417e-01	   2.0781153648133821e-01	   1.2010446208487104e-01	   6.1743378323088696e-03	   2.1593080584704169e-01	   2.2886299280091926e-01	   3.5945950346674738e-01	  -7.3967516969473332e-02	   1.6636337658720851e-01	  -2.4887840902176650e-01	  -1.0203085772006626e-02	   1.2631727874567472e-01	   3.0855746228780134e-01	  -2.7452743115596279e-01	  -3.5555372379795711e-02	   2.2605603077041619e-01	   7.8226554347066074e-02	   1.4673350067343240e-02	   2.8637747704200456e-01	   2.0358973449193435e-01	   1.4031680937570454e-01	   2.4720152211701735e-01	   9.8983191148712651e-02	
   3.6889324300477816e-01	   3.6621047673193033e-02	   5.0172148737081723e-01	   6.1111263882772160e-01	   8.9411331993310805e-01	   0.0000000000000000e+00	   6.0382767899144030e-01	   4.6994838003630540e-01	   8.1157051973697292e-01	   8.1981205584378114e-01	   4.4569187190583848e-01	   3.8092972711123357e-01	   5.0225204830192116e-01	   3.2957639423761109e-01	   5.0161917674801126e-01	   4.7609081485817156e-01	   8.4654783202090916e-05	  -1.6577803014332240e-01	   1.5666848956309060e-01	  -1.8860827035411776e-01	   5.7029014416483870e-01	   6.0991762591224530e-01	   5.1504679452002100e-01	   5.7871405680928345e-01	   5.3678553732117518e-01	   8.2678972144483565e-01	   3.3099506998269312e-01	   5.9589024381495315e-01	  -4.0462278632826684e-02	  -3.0124582675721906e-02	   4.4760111621223547e-01	   3.4383230772567958e-01	   1.3940496189516099e-01	   6.4862737269291912e-02	   2.7350175228401874e-01	   3.2879973277246005e-01	   4.8686053897573744e-01	   4.4281594208079145e-01	   6.0184283493398039e-01	   5.2676234775970820e-01	   5.1173589686984755e-01	   1.6663767656442979e-01	   4.8616811583420849e-01	   2.5358856201337326e-01	   4.4235594432413361e-01	   3.2941815378073075e-01	   5.3228403628068066e-01	   4.5545883485278571e-01	   5.2274671966074004e-01	   4.6729546923388871e-01	   5.2162895977397405e-01	   4.9181732873894773e-01	   4.5410899067938448e-01	   5.0081837421398356e-01	   4.7193863455987728e-01	   5.1770052662094024e-01	   1.3314473120095510e-01	  -1.5699505303167161e-01	   3.2748623853955239e-01	   3.6628370028532864e-02	   5.1905430026830546e-01	   4.2161384494564802e-01	   1.2037768456476278e-02	  -9.9151990473142951e-02	   3.8746858575274568e-01	   5.3417863223099959e-01	   1.2240321763427789e-01	   1.1019970056936654e-01	  -7.2799897133438235e-02	  -8.1866262130917716e-02	   8.0045090190918683e-02	  -6.2415189375745396e-02	  -3.1749173729716168e-02	  -2.1033149943736154e-01	   1.3249202646833028e-01	   7.3919179684940661e-02	   3.9648262946721281e-02	  -7.2892858351651060e-02	  -1.2186663062426885e-01	  -1.0137994985551871e-01	   1.8805688534820408e-01	   1.0781355402878837e-01	   5.1694075929309102e-01	   2.0989948941464853e-01	   2.0085484833018155e-01	   3.7079070641940171e-01	   3.3569688142072829e-01	   9.3593719743534073e-02	   5.5077787243930831e-01	   5.5389118016362227e-01	   5.5207538798170630e-01	   5.5550716135014488e-01	   5.3899090940997307e-01	   5.2631030647411670e-01	   1.3651868997267094e-01	   3.3121150127907076e-02	  -5.8637194516576729e-02	   1.0075108786355859e-01	   2.3773943896182415e-01	   2.8863588698512688e-01	  -6.8152952295320271e-02	   1.1037150787635237e-01	  -2.7775583488495770e-01	  -7.7557922182956304e-02	   1.0819533179434324e-01	   2.5609452118470644e-01	  -2.1733963871342341e-01	  -4.7090848859545911e-02	   1.9175402988389703e-01	   4.9794900906708593e-03	  -3.4002645255562305e-02	   2.5135199741047320e-01	   1.9789596794109324e-01	   5.5446470778236195e-02	   1.4855967139996773e-01	   5.8438674217009039e-02	
   3.9860033541983420e-01	   1.5976996082198450e-01	   7.3507123421022214e-01	   7.6721228185022294e-01	   6.2673762300456648e-01	   6.0382767899144030e-01	   0.0000000000000000e+00	   8.0738720933117725e-01	   7.4718523133181802e-01	   5.8824588429948732e-01	   6.5634403367947070e-01	   6.2966224807124704e-01	   6.4605071699931726e-01	   4.3143869092020787e-01	   6.4026979961135067e-01	   6.0399395090577790e-01	   8.3297859820170211e-02	  -1.0396279759873280e-01	   4.1113858406779968e-01	   8.0467359787464790e-02	   5.2916869743191508e-01	   4.7932746242725643e-01	   5.9028737474689297e-01	   6.0573565696797238e-01	   3.3259136336914297e-01	   5.8057663589559561e-01	   2.4617767188536993e-01	   4.6334006830000812e-01	   2.1374275045762092e-01	   2.3024545490571532e-01	   7.2905766709835218e-01	   6.4137599981620452e-01	   4.3157262014025405e-01	   3.6550666590194181e-01	   1.7978145116552136e-01	   1.3224176933960785e-01	   3.3302335200144229e-01	   2.0425586789166728e-01	   4.6422154236245877e-01	   3.2646941094808124e-01	   3.5626943870879091e-01	  -2.7710102268424242e-02	   2.7883506854997270e-01	   1.6315783522299801e-01	   1.5883658698357503e-01	   7.6100876444393478e-02	   3.5634807418065978e-01	   3.1183032191119131e-01	   2.5666073145002027e-01	   2.4207981112205443e-01	   4.4598698181319996e-01	   3.6405999901462804e-01	   3.2336977419981572e-01	   3.4486981960764512e-01	   3.8276268498172628e-01	   3.8590373652481252e-01	  -3.5785861226636535e-03	  -3.9055110841276233e-02	   2.2828723710517046e-01	  -2.2431699714724664e-02	   7.3540697156621870e-01	   5.9200522187028670e-01	   2.8902507418645562e-01	   3.0108353650468300e-01	   6.0456293189137744e-01	   6.3231165227989772e-01	   1.0019703226416712e-01	   2.2848773225681098e-02	  -4.3439728033556092e-02	  -1.0492791660087700e-01	   3.8829972906029930e-01	   3.4564743961579281e-01	   2.4810994294625854e-01	   1.5417632218734328e-01	   3.4598346586909950e-01	   3.7644383406541582e-01	   1.9742052886370093e-01	   5.1843935501633166e-02	  -4.0395880905481338e-02	   2.6807285569843506e-02	   1.9561859874932042e-01	   2.1044172089400720e-01	   5.3358707152760687e-01	   1.8260910881556638e-01	   3.3713984393279500e-01	   4.8348834968901788e-01	   2.2007024351448889e-01	  -5.0576249021877941e-02	   4.7481505987793937e-01	   4.9384361961765255e-01	   3.5455252927797498e-01	   4.2225078149265560e-01	   3.6176505134781944e-01	   4.9911352380380347e-01	   6.6113370944009639e-02	   7.0902408347134557e-02	   3.4606038312336648e-02	   1.9849283123236666e-01	   1.6385569020214621e-01	   2.7651886612443355e-01	   1.0145090644721705e-01	   2.7469200308473962e-01	  -6.2432784600614660e-02	   5.7962100767171898e-02	   1.1344816426074980e-01	   2.6540547040758400e-01	  -1.7153771710954772e-02	   1.4461643583293748e-01	   1.7518370646157760e-01	  -2.8409214818967157e-02	  -9.6520857226740323e-02	   6.2958110947816767e-02	   5.2132373704140714e-02	   1.4815227167635384e-01	   2.4523675570358833e-01	   6.2253727020481847e-02	
   3.4389372163420234e-01	   2.3133020139899046e-01	   5.4976298433709991e-01	   7.9592341601400673e-01	   3.8847793980950746e-01	   4.6994838003630540e-01	   8.0738720933117725e-01	   0.0000000000000000e+00	   5.1428773622597879e-01	   5.0426334570627573e-01	   5.7230636302653859e-01	   7.6326683563193720e-01	   5.8026521947566034e-01	   5.5606773466494186e-01	   5.5363918829232051e-01	   6.3614449892454927e-01	   1.5716087226982078e-01	   2.5832384751707876e-02	   4.0237791993403249e-01	   1.8108777196106157e-01	   3.2205717441637310e-01	   4.1073361244668238e-01	   4.5124090738778061e-01	   5.8367324916445562e-01	   1.1229568297077119e-01	   3.3680668492327015e-01	   9.6630110195662089e-02	   3.3264937352265533e-01	   3.3655901417236245e-01	   4.3939249670820446e-01	   6.3010176600921053e-01	   6.3302074760387972e-01	   4.4827834906050834e-01	   4.7060749019171344e-01	   1.1261103079068981e-01	   1.1671164983716062e-01	   3.6027900841944760e-01	   2.1122791456949228e-01	   4.5578342030012597e-01	   3.4980401275684592e-01	   3.9369056594298868e-01	   1.0754112641709124e-01	   2.1236795441176237e-01	   1.6066526858990440e-01	   1.0384908085822137e-01	   5.7596360063961120e-02	   2.9473536462606109e-01	   2.5604508681081395e-01	   2.2549226799375169e-01	   1.9225313705672395e-01	   4.2555956590548671e-01	   3.1300452469751039e-01	   3.6633441588302468e-01	   2.7964777866386359e-01	   4.2570589785904578e-01	   4.1277714962196077e-01	  -4.2544629535287704e-03	   8.4652796894733012e-02	   2.8712913405525803e-01	   2.0176500670726280e-01	   7.0230535702298014e-01	   7.0265276409890809e-01	   4.2491478790774673e-01	   5.8273516813255721e-01	   4.3743560350525101e-01	   5.1224312380101322e-01	   1.1294277963360669e-01	   1.3167786556343525e-01	  -6.9083874494627079e-02	  -3.8070010973593547e-02	   4.1982413709474403e-01	   4.8677819125481936e-01	   3.1559698614207149e-01	   3.2452089448643351e-01	   3.3859164046722218e-01	   4.0321340007926698e-01	   2.6742840374842591e-01	   2.1291877206784454e-01	   6.2808521620417820e-02	   1.1077820224999393e-01	   2.8124673639269393e-01	   2.7042447171971440e-01	   4.6155809780448426e-01	   2.7235914982260634e-01	   3.1140750422253233e-01	   4.6705825719943150e-01	   1.9147932586814842e-01	  -5.8365057517475470e-02	   4.3768929137042634e-01	   5.2939546306829899e-01	   3.6812063340381995e-01	   3.0905038812128593e-01	   3.9947910801855802e-01	   3.8104437132713243e-01	   3.3738840637345002e-02	   1.4969793105249790e-01	   1.0526753071072018e-01	   2.4040691772308537e-01	   3.2486511154628639e-01	   2.6720392061776743e-01	   3.1890533888408934e-01	   3.6650357932259181e-01	   1.2879356968733618e-01	   1.3410240898581532e-01	   1.2511870739864234e-01	   2.0039903235968537e-01	   8.6261512885433045e-02	   7.5241195552564061e-02	  -2.7912632267944235e-03	   1.5134069438227746e-01	   8.7537496490946096e-03	   1.1505671046569391e-01	   1.1686964873817654e-01	   1.6998243608340341e-01	   2.5674996454048199e-01	   1.0302744143178708e-01	
   5.0411984993105530e-01	   1.6973922763011751e-01	   5.3547091077525177e-01	   5.9820843811997260e-01	   8.6746997665602121e-01	   8.1157051973697292e-01	   7.4718523133181802e-01	   5.1428773622597879e-01	   0.0000000000000000e+00	   7.8590049755738733e-01	   5.5600942104005302e-01	   4.3119423257483830e-01	   5.4936810583239293e-01	   2.9647353569742452e-01	   6.3219017431971647e-01	   5.5967945924151541e-01	   9.6528783307173016e-02	  -8.4660882393827061e-02	   3.9419229230639669e-01	   9.2801000031097758e-03	   5.1758576659444300e-01	   5.0256246718791175e-01	   6.4029093055206254e-01	   7.1497990914609910e-01	   4.8617705788929799e-01	   6.8201862877024011e-01	   3.4357785637040933e-01	   5.5362137316446280e-01	   1.3708863180809489e-01	   8.7876317000601806e-02	   5.6404289175444045e-01	   4.5678386452352276e-01	   1.8396058944395322e-01	   1.0235229409139077e-01	   9.4034474100479271e-02	   5.3332308665073561e-02	   4.3909619165246278e-01	   2.9835412804621603e-01	   5.3043147292663018e-01	   4.0406834742857745e-01	   4.9444662346860352e-01	   1.5882746276517748e-01	   3.7284394549255229e-01	   1.5643903491401875e-01	   3.1470251570851804e-01	   1.8253541546627750e-01	   4.7814713778618723e-01	   3.8073129731860361e-01	   4.4929402835509957e-01	   3.7297224641692794e-01	   5.1256205861655113e-01	   4.0672406333681682e-01	   4.7584734293001868e-01	   4.8873603189710590e-01	   4.9737721209395935e-01	   4.4921359066229316e-01	   1.7010179393941205e-01	  -7.8686566802999985e-02	   1.8354703118606230e-01	  -9.8489942016243948e-02	   5.1301501501901059e-01	   3.3337625770002721e-01	   2.5343764252243123e-01	   2.6538704115293476e-02	   5.1897270852691546e-01	   5.0176578838805563e-01	  -6.2115611694885636e-02	  -1.4605450945694132e-01	  -2.2675135505269603e-02	  -9.5812631580428465e-02	   1.4994305849233885e-01	   9.0450250817633651e-02	   5.1133720496514740e-02	  -9.5679516147210597e-02	   2.3951526394785244e-01	   2.0929547981776789e-01	   1.4770818714657911e-02	  -1.0925787686634755e-01	  -3.2606867829877165e-02	  -1.0806390219148291e-02	   2.8829607643227367e-01	   2.5313049350354466e-01	   6.3226526404601913e-01	   2.6634032381788297e-01	   3.4398913645308676e-01	   4.8105580273691978e-01	   3.3568313229551383e-01	   5.3564607483737432e-02	   5.0373629667094677e-01	   4.9179539262461802e-01	   4.0239547544622833e-01	   4.7205324780453450e-01	   4.0400074387190021e-01	   5.1054852224640457e-01	   9.9727572427231598e-02	  -6.2371109887332458e-02	  -8.1451133919888091e-02	   6.0783346425233170e-02	   1.7866991598982612e-01	   2.2750710124094359e-01	  -1.5766174551816747e-01	   9.6719357794429792e-02	  -3.1954772119637598e-01	  -1.3416855831866309e-01	   2.3089173103909483e-02	   1.1568993661572356e-01	  -3.4544917105238115e-01	  -8.6712960517968091e-02	   2.0869034305929141e-01	  -1.2005617911957553e-01	  -1.3349984155140865e-01	   1.3402998172810035e-01	   7.2923207214420444e-02	   7.2205935010364680e-02	   1.6803529394203673e-01	  -1.9346429709863215e-02	
   3.6384542002615916e-01	   1.0916679499416883e-01	   3.6614622857727996e-01	   5.4960945942069706e-01	   6.8889248495198074e-01	   8.1981205584378114e-01	   5.8824588429948732e-01	   5.0426334570627573e-01	   7.8590049755738733e-01	   0.0000000000000000e+00	   3.1712800316498035e-01	   2.3399517872359477e-01	   3.0338637634694710e-01	   2.9016019704172905e-02	   3.2933087018606777e-01	   2.7146014837461807e-01	  -5.0185643542252044e-02	  -1.8304827796702933e-01	   2.0889203942820878e-01	  -9.2934006694444002e-02	   4.1060621522594909e-01	   4.8992386970133939e-01	   3.9342255386559233e-01	   4.3652714179396102e-01	   4.4659606847254085e-01	   5.4099776661987553e-01	   2.2590435284756413e-01	   4.7462834268596343e-01	  -9.8607735587440987e-02	  -1.5236945967471668e-01	   4.3782633293050044e-01	   3.5738850448087073e-01	   8.8065816841814901e-02	   2.2807532341283250e-02	   9.7803772423801061e-02	   1.0359814465528330e-01	   2.6884742757406987e-01	   2.1421401377620741e-01	   4.1271444623431097e-01	   3.2114713583553761e-01	   3.1954956578870752e-01	  -1.4777220736825102e-02	   2.4726566109012280e-01	   6.1927189281450273e-02	   3.3940531720894401e-01	   2.3802746599239077e-01	   3.9680476701733236e-01	   2.9998162620838986e-01	   4.3018575782237334e-01	   3.9691676049378355e-01	   4.2777130112714085e-01	   3.5631100148595862e-01	   3.7451636789352133e-01	   3.4392531433581119e-01	   3.8536359039278184e-01	   3.3689062598007280e-01	   3.5258553875163169e-02	  -1.2205709874996760e-01	   2.5843743403194908e-01	   1.3906094110381886e-01	   4.0577711787013276e-01	   3.9135698225933041e-01	   1.0842944220987269e-01	   4.0061911167010279e-02	   3.5199734296517565e-01	   4.0633953292710701e-01	   1.7999284208609714e-02	   1.3960048911167786e-02	  -7.1279347169317719e-02	  -4.1875317173377516e-02	   5.1132978714181175e-02	  -8.5795698141502320e-03	  -5.8452720611341102e-02	  -1.9074291883328148e-01	   1.1536745279326735e-01	   1.5554241314714418e-01	  -3.0140288335883614e-02	  -1.5253255263600940e-01	  -2.2103247293007658e-01	  -1.7160368411020172e-01	   1.0829926144866536e-01	   8.8779221167606504e-02	   3.5851179307535530e-01	   9.5859549794342150e-02	   2.3879046923387470e-01	   3.2869865807267029e-01	   1.8717954844094031e-01	  -3.6065383058070159e-02	   3.2165708715642372e-01	   3.7397794445195764e-01	   3.8150666249780490e-01	   3.3159636046286267e-01	   3.6513520816281031e-01	   3.1496755612837629e-01	   1.1762637831953296e-01	  -1.2398033304328368e-01	  -8.2318546926671704e-02	  -1.5075406678515285e-02	   2.2122673512289287e-01	   1.8229460651523482e-01	  -8.9720805370303386e-02	   2.7492869211867992e-02	  -2.4631751871707136e-01	  -1.0043257190509247e-01	   5.1307657396207643e-02	   1.0655513557280441e-01	  -2.8151080925345423e-01	  -7.5759497641088469e-02	   2.2992151765985247e-01	  -1.0120606117576418e-01	  -6.2433734158763986e-02	   1.7804905874496760e-01	   1.3429233586236483e-01	   5.8209637985747187e-02	   3.8105742605363813e-02	  -3.5473335320196669e-02	
   6.2211742802922543e-01	   2.7949339868479089e-01	   6.5357414501521816e-01	   5.6949329252573955e-01	   5.5256407068801283e-01	   4.4569187190583848e-01	   6.5634403367947070e-01	   5.7230636302653859e-01	   5.5600942104005302e-01	   3.1712800316498035e-01	   0.0000000000000000e+00	   7.5708103430432216e-01	   8.9683443725203638e-01	   7.4237062984271740e-01	   7.6375695081733030e-01	   7.0547461896703401e-01	   3.6076570665052571e-01	   1.3220197298226627e-01	   5.1757731028280740e-01	   2.2699719434515617e-01	   4.2593178401879628e-01	   3.9974924842645548e-01	   6.3379327381739636e-01	   5.9163858304677075e-01	   3.2839595184843318e-01	   4.6950557223742528e-01	   3.0607510364189677e-01	   4.7269266296968560e-01	   4.4723812969381183e-01	   4.0722995239759030e-01	   4.7545673537653194e-01	   3.6656674129405520e-01	   3.9060122502047556e-01	   3.6671127461080105e-01	   2.7995600868487280e-01	   2.1983731029009074e-01	   4.5934157780899465e-01	   3.9825377347514779e-01	   5.1862281366071872e-01	   5.0722952256586518e-01	   5.4883942633128724e-01	   2.1551273917184649e-01	   2.6187445919568925e-01	   2.7089584215147922e-01	   1.2494288898924774e-01	   7.0916623299567813e-02	   3.5073652468497724e-01	   3.4364936262612755e-01	   2.1639163506659789e-01	   2.4864728344625206e-01	   4.5467583286434021e-01	   4.1161165353123641e-01	   3.3559315459005779e-01	   3.2319651173292196e-01	   4.3239432032360603e-01	   5.2430318082732696e-01	   2.3899740184706525e-01	   1.4240857020400566e-01	   3.4342865983605686e-01	   4.6409957425722917e-02	   7.2282734879102051e-01	   5.2568212689186999e-01	   4.8886886287155606e-01	   3.0492053269252967e-01	   5.8672264003355856e-01	   6.2777541235824907e-01	   1.2331706738936724e-01	  -2.6865996043028764e-03	   8.3137845919205408e-02	   3.1028729411235682e-02	   3.7675719454284518e-01	   2.7219775195677082e-01	   3.9079625203459589e-01	   2.1403780127554733e-01	   5.0834302165594814e-01	   3.6079739940745759e-01	   3.3402640353901575e-01	   2.0093477157466705e-01	   2.0189705126066862e-01	   2.2448476454542407e-01	   4.3512414584729908e-01	   4.5430665658199931e-01	   7.1025934884284236e-01	   5.0359263238849961e-01	   5.2514521936110570e-01	   6.4447437284462827e-01	   4.1981219251096924e-01	   3.3154529528061405e-01	   6.2236927170443912e-01	   6.0324720110565910e-01	   3.5262694298850433e-01	   4.2637493233937501e-01	   3.8235302628693291e-01	   5.0609601776119750e-01	   2.4542459739947332e-02	   1.3619970666348727e-01	   3.1783314900342668e-02	   3.1864325293760032e-01	   2.0264820959908619e-01	   3.6019590730048279e-01	   1.4194628736575660e-01	   3.6962666242199943e-01	  -3.8479833482878492e-02	   1.1796831212432619e-01	   3.2759629513866038e-02	   2.2839910475769398e-01	  -1.0946734417537698e-01	  -4.9402600830464445e-02	   1.2429805870865493e-01	   1.5471860261596349e-01	   2.5374659807569137e-02	   1.5943793754301952e-01	   6.1018977933257113e-02	   1.1606683020088068e-01	   2.8337135876757558e-01	   7.6865365969257568e-02	
   4.0924073968370572e-01	   2.3918596719844254e-01	   4.3002865593019324e-01	   5.8714633771320746e-01	   3.7064742591746058e-01	   3.8092972711123357e-01	   6.2966224807124704e-01	   7.6326683563193720e-01	   4.3119423257483830e-01	   2.3399517872359477e-01	   7.5708103430432216e-01	   0.0000000000000000e+00	   7.4839441565576559e-01	   8.5309099647487441e-01	   5.9595183818701325e-01	   7.4329668588892273e-01	   2.3645195505149330e-01	   9.9854632504314506e-02	   3.3507250618152051e-01	   1.1585164954091795e-01	   1.8165099387665354e-01	   2.4491215584603696e-01	   4.2072075361065464e-01	   5.7222076840138891e-01	  -4.9646975501899816e-02	   2.8587201174169563e-01	  -1.5294909876855136e-02	   2.1200907494739846e-01	   4.0559274232801340e-01	   5.1791640520775439e-01	   3.9254239479203518e-01	   3.8808797963697506e-01	   2.9183047572970661e-01	   3.4547712817879606e-01	   5.3337030205723716e-02	   8.8916179757470029e-02	   3.2669857801409946e-01	   2.2987497949915089e-01	   4.0072933072370404e-01	   3.6011725893947821e-01	   4.2033117839556028e-01	   1.1910956814401108e-01	   2.4334065883786105e-01	   2.3606493660230704e-01	   3.0688369868848261e-02	   3.1586584469994974e-02	   2.6071924455368711e-01	   2.3701171548053715e-01	   1.9289184702559567e-01	   1.6008573854658772e-01	   3.9941799006405954e-01	   3.1955207186457735e-01	   3.1091979461396779e-01	   2.3212145200727108e-01	   3.8368869852315468e-01	   4.1114841849985467e-01	   1.1564702793409054e-01	   1.1223536426662320e-01	   3.6141153255601310e-01	   1.7917141758295513e-01	   8.1848452537653016e-01	   7.4982931970121225e-01	   4.1400043179847790e-01	   5.6465220917719927e-01	   3.9672210276930542e-01	   5.1724197385294812e-01	   4.8878188425349467e-02	   4.8606300408144509e-02	  -1.3269532201702494e-01	  -1.1481278223332517e-01	   3.6885919110308829e-01	   4.1210867430148562e-01	   2.9316448727576822e-01	   2.7478732354790320e-01	   3.8684069134988386e-01	   3.6162092741866037e-01	   2.4691201888093500e-01	   2.2172106403601427e-01	   1.3362329742763696e-01	   1.1781101209649789e-01	   2.9557908406508654e-01	   3.0377884281835982e-01	   4.6888456093715269e-01	   3.6922842581294335e-01	   2.8619306685974238e-01	   5.1314303892565993e-01	   1.9884277651906476e-01	   8.4887953725094112e-02	   5.4285268687665744e-01	   5.9953575580282115e-01	   3.5730445908754693e-01	   2.8947561034137054e-01	   3.8858894334493632e-01	   4.3808022683283077e-01	  -2.6184287897499763e-02	   1.2495504834884615e-01	   4.4652787536975200e-02	   2.2861046596056669e-01	   3.1421396633336585e-01	   2.9870883194984110e-01	   3.3840035973356697e-01	   3.8551022366159127e-01	   9.5615391991730248e-02	   1.6972861897743821e-01	   8.8158749369820613e-02	   1.4711000750189202e-01	   1.2604413972461254e-01	   6.4351866527984858e-02	   3.2642071756423571e-02	   1.7233903131040598e-01	   9.6977980481826008e-03	   1.1230109750729422e-01	   9.5751477250624606e-02	   1.7859359463525476e-01	   3.0380742421609058e-01	   6.3510219417343639e-02	
   5.6306165306497069e-01	   2.2508144791662371e-01	   6.4301015198005995e-01	   6.0507929554740181e-01	   5.6901193368900449e-01	   5.0225204830192116e-01	   6.4605071699931726e-01	   5.8026521947566034e-01	   5.4936810583239293e-01	   3.0338637634694710e-01	   8.9683443725203638e-01	   7.4839441565576559e-01	   0.0000000000000000e+00	   8.2542161795301949e-01	   8.5675804564722013e-01	   8.3666050779208279e-01	   2.0811411766667676e-01	  -1.7823309016698166e-02	   3.5101201481248556e-01	   8.1942396834625064e-02	   3.9936618580463745e-01	   3.6012535041488941e-01	   6.2301977077593240e-01	   6.2311627501504252e-01	   2.5754879382460161e-01	   5.5915129855105783e-01	   2.7478469976846448e-01	   5.3573782996749997e-01	   3.0565265469825492e-01	   3.1171864698608942e-01	   3.4754110392874077e-01	   2.4264625807212015e-01	   2.5386720626127368e-01	   2.1384170918626366e-01	   1.6516103733955503e-01	   8.4596213731784692e-02	   5.1132410600241074e-01	   3.9510368414091557e-01	   5.8016396506871026e-01	   5.4152945002474617e-01	   6.2123865632660868e-01	   2.7271057545940058e-01	   2.7403167508518211e-01	   2.2544054350837273e-01	   1.9819722652531319e-01	   1.1930135365371769e-01	   4.5142145834520242e-01	   3.7795295032290999e-01	   3.9169272129524685e-01	   3.8562594109041198e-01	   6.0037691954127581e-01	   5.3639622059545033e-01	   4.8099693522912124e-01	   3.7893106725127956e-01	   5.5979992877280038e-01	   5.9673550741307435e-01	   1.9430002261989798e-01	   4.5473804360469779e-02	   3.6414637541415862e-01	   7.0913630255458812e-02	   6.9889135047978468e-01	   5.2373133278020845e-01	   3.2686445310653206e-01	   1.3416477985278691e-01	   5.2948488057269760e-01	   6.0247108314614595e-01	   1.7385687822195992e-02	  -1.0054188810056533e-01	   5.4880091087273986e-02	  -2.4814144893204357e-03	   2.5595004141723338e-01	   1.9000180350684476e-01	   2.9622005262143791e-01	   1.4830122586551925e-01	   3.9054646626216322e-01	   2.9212893193086853e-01	   1.7685449659837105e-01	   2.6486464228185423e-02	   4.7937472923525112e-02	   7.9404731886774632e-02	   4.3759099775102828e-01	   3.9140019588240194e-01	   6.7363020754317326e-01	   4.4030719229820714e-01	   5.0057220579998141e-01	   6.0443848199787109e-01	   3.7649852735998901e-01	   2.5434384967554508e-01	   7.0490150512594019e-01	   6.7145907568752672e-01	   4.0418521582386385e-01	   4.4949608692602172e-01	   4.3143756908510189e-01	   5.5826850486718338e-01	  -4.5734005379545653e-02	   3.4120896977137480e-02	   2.0056463316029553e-02	   2.7091351560103438e-01	   1.8511825571392518e-01	   3.1917025756031697e-01	   5.0487606418353648e-02	   2.6410054496346430e-01	  -1.5587375943234288e-01	   3.2132292179210702e-02	   1.0346149493479682e-03	   1.4733139669643991e-01	  -1.2703049387039880e-01	  -4.1214340070772917e-02	   9.7012316655612413e-02	   4.2112208352854431e-02	  -6.9334180629655323e-02	   8.1020187515254083e-02	   3.4216577405366481e-02	   7.7385945985935720e-02	   1.9904771953392966e-01	  -8.7800290005440748e-02	
