   0.0000000000000000e+00	   7.5754409742258577e-01	   1.1032018664086859e-01	   3.9265485887231166e-01	   2.7978432058585179e-01	   6.0226778735758268e-01	   2.1849953395213995e-01	   1.1331919828313325e-01	   3.3004125985963984e-01	   4.3338860294282483e-01	   6.8357119459160243e-01	   3.9797311581783473e-01	   6.1636747564569772e-01	   5.7061950706927145e-01	   3.2244454595929306e-01	   3.8230493728866111e-01	   4.1080856788176856e-01	   3.0886597148762662e-01	   6.6880089867705050e-01	   4.7958972558759727e-01	   5.6144391426122722e-02	   3.2593079898496158e-01	  -1.4277772106595343e-01	  -9.8201070803297652e-02	  -3.2671102055827678e-01	  -1.8043059413193452e-01	   4.9299177386044196e-02	   2.0103057163808968e-01	   2.3143960257422447e-01	   8.0377402474683182e-02	  -4.0805606896956143e-01	  -3.9034598384425440e-01	   4.3423319728690757e-01	   3.6238545841111092e-01	  -1.5005606073257630e-02	   4.6241899982822264e-02	   5.9027434641662113e-01	   5.5537453409969573e-01	   5.4133222941447279e-01	   5.7148786778431770e-01	   5.4435262468766799e-01	   3.7504612947034743e-01	   2.2810447084523450e-01	   2.1569655707529944e-01	  -4.4599333502556113e-02	   1.8037805993082936e-02	   3.2825223013129468e-01	   3.2195634194322487e-01	   2.7175460750858110e-01	   2.9050052566626994e-01	   3.8410233029075425e-01	   3.8642214778673267e-01	   4.6172547020184362e-01	   3.3643450859764129e-01	   5.5550633430165963e-01	   4.3821784759093241e-01	   8.1642561636785826e-01	   6.4262518409786606e-01	   2.9888692333920808e-01	   3.3075616146091674e-01	   4.9836272668227827e-01	   1.7353996285906367e-01	   3.5471890475981760e-01	   1.4394799621411120e-01	  -1.5339146441065066e-01	   1.6345950374549773e-01	   7.9736744984166677e-02	   1.6836069912038604e-01	   7.4231985501388609e-01	   5.9599702830101520e-01	  -2.0577269495498554e-02	   6.5840610493715701e-02	   2.0586373035170916e-01	   8.9107792196822216e-02	   2.4898304270920990e-01	   7.7765971954607632e-02	   2.1014548441757316e-01	   1.0260580524001209e-01	   4.8114960911375848e-01	   4.0387875215447233e-01	   6.1821536063300497e-01	   3.2416796219254174e-01	   2.3829651897215626e-01	   2.2559344036213169e-01	   2.8290420734573729e-01	   5.4026436498043706e-01	   5.2740879378626662e-02	   1.9388003202039966e-01	   5.8186771760781020e-01	   6.2792082446258712e-01	   4.9853066374394217e-01	   2.8290583951370091e-01	   6.2061478983304030e-01	   5.9621162398428218e-01	   1.3821660011108805e-01	   1.6565340636972475e-01	   5.2150701501679075e-01	   6.0640784047333984e-01	   4.7119014044525426e-01	   6.6036229626290543e-01	   4.8250980959105089e-01	   7.5820791967206469e-01	   5.9794148835109107e-01	   5.9252969815843215e-01	   4.3479646282886364e-01	   6.8971823074976124e-02	   2.5276893757851315e-01	   3.2855266882413581e-01	   8.6191525282592746e-02	   2.4006901761345092e-01	   4.5825767563430558e-01	   5.0228326964080383e-01	   5.2567953013145607e-01	   1.8408677140985122e-01	   8.6021323393594987e-02	  -1.7983951863527847e-01	
   7.5754409742258577e-01	   0.0000000000000000e+00	   1.4151230487123831e-01	   2.9551551116689417e-01	   2.7537555684339232e-01	   3.0929912421816158e-01	   1.8987262756266146e-01	   1.1413391477435782e-02	   3.2494907281702401e-01	   2.0143688843936047e-01	   4.9049494478391797e-01	   4.9519730426156738e-01	   4.2399299967521975e-01	   5.3947809751078468e-01	   3.1231622420239091e-01	   5.7598381335069704e-01	   4.9934274045534288e-01	   4.5213371272135927e-01	   6.2692522268151452e-01	   6.2323989050050499e-01	  -6.7574413030345545e-02	   1.6889898974145878e-01	  -9.4932775433340805e-02	   1.7930169771757074e-02	  -2.8636240712749539e-01	  -2.8897118823504842e-01	   4.5865635186199682e-02	   1.2983314451739725e-01	   3.1287696972957613e-01	   2.7695251566629958e-01	  -2.8561716345818822e-01	  -2.8979944440741073e-01	   3.8533821131999330e-01	   2.3864671161072482e-01	  -1.8118559681858948e-01	  -1.8860805869907302e-01	   4.5682529043262288e-01	   4.2552390146388436e-01	   3.5147537472074575e-01	   3.9345597923481734e-01	   5.1937684744263357e-01	   4.6019203655788332e-01	   2.1351424737194521e-01	   2.5804110601417640e-01	   7.5933359476337753e-02	   1.0815797995168826e-01	   3.4364513085985404e-01	   3.3280374488214187e-01	   2.7083302223082989e-01	   2.7503327967762070e-01	   3.4276260588879526e-01	   3.1967016942959736e-01	   4.2490378285734631e-01	   3.8385195164632802e-01	   5.1173950565732085e-01	   4.7406988167086417e-01	   7.3386184404645693e-01	   6.3313225819112207e-01	   2.0706273155654181e-02	   1.3133463896327172e-01	   1.6962814516167696e-01	  -7.0977618256998734e-02	   3.3399546639725169e-01	   2.0776451257270134e-01	  -2.7202781745502413e-01	  -1.5305686343277763e-01	  -1.3632691242983958e-01	  -4.4170960109302167e-02	   5.8055524397686220e-01	   4.3045480189840701e-01	  -1.2695767951264231e-02	   2.5928097007300616e-02	   1.9768350183657471e-01	   2.6611700992407117e-01	   2.7741689992975627e-01	   2.5368035130021183e-01	   7.1203281831400456e-02	   1.8406797294283853e-02	   5.9389930702441329e-01	   4.8883119062716252e-01	   5.9692401866171596e-01	   4.7380453376851933e-01	   4.1722504680076622e-01	   4.1800804787512680e-01	   1.8341864794081350e-01	   5.2331833403216677e-01	  -1.9852438867318248e-02	   1.8609389286858957e-01	   3.8371541094075040e-01	   4.7589889898539245e-01	   3.2290918897146598e-01	   9.5847882687401215e-02	   4.7038358499302380e-01	   3.0894247967273553e-01	   2.3569773088612654e-02	   1.7667420092182161e-02	   4.1577735091249979e-01	   4.9575183485066920e-01	   4.6054519264718452e-01	   5.4800065717982982e-01	   5.4412139813815719e-01	   5.4673069753349912e-01	   5.2918255694756056e-01	   3.7037606320824090e-01	   1.7134797133396973e-01	  -1.4119788618393414e-01	   5.9296983658528341e-02	   1.1378522102739955e-01	  -4.7694624033661009e-02	   1.9381568959866513e-01	   2.7837116431067838e-01	   5.5656280224798538e-01	   3.7451699805538241e-01	   1.7403038532327092e-01	  -1.1594271957864400e-02	  -7.1559346320100886e-02	
   1.1032018664086859e-01	   1.4151230487123831e-01	   0.0000000000000000e+00	   3.7124020068519969e-01	   3.0807049457307595e-01	  -1.2560662041007553e-01	   4.2713021255830247e-01	  -3.7232496541467008e-01	   5.9609454346873758e-02	  -2.5496561186513411e-01	  -2.4594169529595302e-03	  -3.1815728707949287e-01	   7.0334141261251051e-02	   5.7676131645729857e-02	   2.6065210414505369e-01	   1.1677173648904884e-01	  -1.4867316929560703e-01	  -2.2499239884662858e-01	   2.8078704990292930e-01	   1.2447123981756900e-01	   3.7230549606562824e-01	   3.5251334574666249e-01	   7.8839291996873850e-01	   6.4140201902909544e-01	   6.7300864190324750e-01	   4.1494667107835204e-01	   8.1684373545238753e-01	   7.5856017627350658e-01	  -2.1113383570895450e-01	  -3.7111839366619720e-01	   3.4049927951964909e-01	   1.6724545557808626e-01	   2.9143366625854772e-01	  -5.1220441672394802e-03	   6.8107016210362747e-01	   4.8275326056755707e-01	   4.5361794629688790e-01	   4.3712928290413378e-01	   5.1572141748629541e-01	   4.1921808253741122e-01	   2.3479600911722345e-01	   2.2773788212534268e-01	   9.1688397063975885e-02	   2.2558963926067700e-02	  -1.0319054248264513e-01	  -8.4340822330414567e-02	   6.1451138182904264e-02	   1.3808766787360172e-01	  -3.0086635769652929e-02	  -1.4709409870858536e-01	   1.8437181160142504e-02	  -9.7081812626966912e-02	   8.3378483135210860e-02	   1.4039581126558418e-01	   8.2983143413556046e-02	  -4.2771391531939838e-02	  -1.4483935161618788e-02	  -1.4895644334318514e-01	  -4.1865549635270088e-02	  -2.8735167607139434e-01	  -1.2054143788032008e-01	  -3.7391045429910630e-01	  -2.2379434484990607e-01	  -4.7687298592866390e-01	   6.2318143456325314e-01	   8.0818452612622965e-02	   3.8599485236131459e-01	   1.5651022932327879e-01	   3.7531033643932565e-01	   3.1517313768523869e-01	   5.7633218292208646e-02	  -1.4108751875790634e-01	  -1.0042253049781261e-01	  -2.5603032922456587e-01	  -1.6033186619607398e-01	  -3.0065825121236811e-01	  -5.0987199793409363e-03	  -1.2130595703264313e-01	   9.2747044928905342e-02	   1.0396183248016456e-01	  -3.0696475573830484e-02	   1.4416448544062194e-01	   2.3828604288352612e-01	  -5.4888588454462303e-02	   5.1500579903050814e-01	   2.6603375993908385e-01	   6.9286407875421063e-01	   6.1665426894021902e-01	   2.9206742736236402e-01	   1.3034054350225890e-01	   1.4458544509752858e-01	   5.7830546127445370e-01	   1.4641579335858443e-01	   3.3824642035404517e-01	   2.0995431380985138e-01	   2.3308369011859476e-01	   1.4042666488419633e-01	   2.9604341402613132e-01	  -9.4413995611370150e-02	   6.7215265224099471e-02	  -7.9363172086970440e-02	   2.2064726840725063e-01	   1.4718904159060520e-01	   2.9202575530557240e-01	   1.6987786131292326e-01	   4.0900629943515493e-01	   1.0003473245929158e-02	   2.3629964545802468e-01	   4.7037860563689429e-02	   4.0673606305781908e-02	   3.2169907536356113e-01	   1.5265674639238649e-01	   1.7880769051406525e-01	   1.2882513721943345e-01	   2.4322608121288522e-01	  -2.0745697714699868e-01	
   3.9265485887231166e-01	   2.9551551116689417e-01	   3.7124020068519969e-01	   0.0000000000000000e+00	   3.0599924446421456e-01	   5.2897817580207884e-01	   1.0241720727826449e-01	   2.7804694099202704e-01	   2.4285158413867282e-02	   5.8320378663119310e-01	   2.6824543084467362e-01	   1.9010585292686885e-01	   1.4063015722133021e-01	   3.6058736722208218e-01	   2.5364282623305101e-01	   2.6469932597202650e-01	  -5.2520889258037343e-02	  -1.1945328045126824e-01	   2.1482259007599305e-01	  -3.4702000202742743e-02	  -1.5481637071296012e-01	   1.5566581040988179e-02	   2.9172815742916913e-01	   4.7311049779460956e-01	   1.4192049281203029e-01	   2.0294334894921601e-01	   2.6928370587566980e-01	   4.3266160217565397e-01	  -2.6651981186415968e-01	  -3.1055656549752370e-01	  -2.5455784695427019e-01	  -1.5107009687561557e-01	   1.4811279140990311e-01	   2.6124545410160682e-01	   1.8211015987551021e-01	   3.1048704858528381e-01	   1.9578601075803204e-01	   3.0902129669233447e-01	   4.1957326697967257e-01	   4.7065142531611642e-01	   1.5019987481567679e-01	   5.5346241323884590e-02	   2.7224316172504506e-02	   2.9101482502766819e-02	  -1.2001017735148010e-01	  -7.5976590562991497e-02	   1.1624026060798524e-01	   1.5145318060792137e-01	   1.0279561214449656e-01	   1.2865044683898844e-01	   3.1674343245315217e-01	   3.0707049208238874e-01	   2.9153739491230385e-01	   1.4467189666804173e-01	   3.5511303004369776e-01	   2.9559123895981565e-01	   3.6232658765263459e-01	   3.0837999703048191e-01	   1.8734608219492216e-01	   4.1889419831415198e-01	   2.3546264634433584e-01	   3.6588798115221943e-01	   4.4039080968215238e-02	  -1.2095553473257711e-01	   3.8595963630609437e-01	   7.2359094594993012e-01	   2.5810953319612295e-01	   3.8881077901423278e-01	   3.9377800536091179e-01	   4.9409630817999250e-01	  -1.5515186621386245e-01	  -1.5948629637744977e-01	  -1.7679825445651964e-01	  -2.4277395388397810e-01	  -1.4548443537362521e-01	  -1.3165870146433245e-01	  -4.8129065140886058e-02	  -9.9160238051655192e-02	   1.5982887959720449e-01	   1.6752881814398340e-01	   1.3686831270581679e-01	  -3.5140105567046907e-02	  -1.7198635955642355e-01	  -2.1038539103688075e-01	   5.6265398776923670e-01	   6.2486358289353694e-01	   4.1794915219198858e-01	   5.3698247803214549e-01	   6.1674347197508794e-01	   6.7220133214918998e-01	   4.1260088044792848e-01	   1.9584292190930053e-01	   4.9085354199301257e-01	   2.6844186738929310e-01	   6.0872435557062406e-02	   9.4998303833638859e-02	   1.9411463052674233e-01	   3.2071438075248798e-01	   4.5107777540991920e-02	   1.5105874572932765e-01	  -1.3309396553596799e-03	   3.5865586766326440e-01	   1.0694079271310708e-01	   2.9013408766902044e-01	   5.0382626518985607e-01	   3.3907810264518917e-01	   3.0274282308713762e-01	   2.2586109149362152e-01	  -9.2730609022282542e-02	   3.8231394448351504e-02	  -8.0297546007662951e-02	   1.1840059878626484e-02	   1.8341625210061904e-01	   1.3370421083277028e-02	   9.9747119453291608e-02	  -9.1101185787983471e-02	
   2.7978432058585179e-01	   2.7537555684339232e-01	   3.0807049457307595e-01	   3.0599924446421456e-01	   0.0000000000000000e+00	   5.8009985597322999e-01	   4.0222208417140287e-01	   2.7319102199367390e-01	   5.7120960733454229e-01	   4.0390520642364286e-01	   3.1258084569928246e-01	   1.7325825721632646e-01	   2.0961361818887619e-01	   1.2987198155727167e-01	   5.2518203863333957e-01	   3.9002691785127641e-01	   1.8626353189618228e-01	   1.5937257619981293e-01	   2.5833875171881110e-01	   1.5628844602654807e-01	   4.8431124492335775e-02	   1.9399748426775701e-01	   2.8432171939678075e-01	   1.5462950359130934e-01	   5.7756259666745906e-02	  -2.8417099797860931e-02	  -3.6039976902927692e-02	   1.8171728323727540e-01	   1.0185959073681373e-01	   2.8696460790533028e-02	   1.3224424769180910e-02	   2.3223252770922544e-02	   3.6132418786361020e-01	   3.7405130688522525e-01	   1.0153976734851020e-01	   1.3980584967139770e-01	   5.8736851147389302e-02	   1.6165250671530343e-01	   1.9086562120818840e-01	   2.7618915488049633e-01	   1.8903863798928042e-01	  -5.6845761407063870e-02	   2.0710031138732554e-01	   2.9725437697002066e-01	   6.6072870226388025e-02	   1.4463178129672383e-01	   2.8231191518125331e-01	   4.7070233210332663e-01	   3.3611858489592111e-01	   3.2783242716440364e-01	   4.5229134366747281e-01	   4.1467313337188016e-01	   4.7949761348883113e-01	   4.9192226609088274e-01	   3.7404120465140278e-01	   4.4530476216588782e-01	   4.0572872807153704e-01	   3.9708620044860538e-01	   3.3011699169496589e-01	   3.3048587352721454e-01	   3.8661938793809647e-01	   2.7785818896995035e-01	   3.3468130737314761e-01	   1.9245578227606980e-01	   2.0937136927552824e-01	   2.2297398748338909e-01	   3.3053531245723955e-01	   3.1185462975325551e-01	   3.0438824862320046e-01	   2.0065316697579483e-01	   4.5727665321411509e-02	  -2.9379804477791087e-03	  -2.2528345238368077e-03	   5.1229009360044125e-03	  -9.0474356625306063e-02	  -5.3704025998435156e-02	   1.5135675465353296e-01	   7.4648876791886115e-02	   2.1174031363701218e-01	   2.0143034834316226e-01	   1.6894803082757417e-01	   2.3232558074484939e-02	   2.0766910506873829e-01	   1.6155267295831735e-01	   3.3864002933360177e-01	   3.0643657319821183e-01	   1.7781046219663288e-01	   2.5565642071098227e-01	   5.2935596628517800e-01	   5.4762506500072983e-01	   4.4715618880796504e-01	   2.9521583843774507e-01	   2.4794822095949243e-01	   3.0402498963492469e-01	   1.0790579217065774e-01	   3.9579854240172588e-02	  -1.9085807326090866e-02	   1.2467136228292938e-01	   2.8810842127541292e-01	   3.8599167948864976e-01	   1.2823568329571439e-01	   3.0777668091965865e-01	   1.3033865617191664e-01	   2.6017038809466708e-01	  -1.5622465445431825e-02	   5.4204845957017828e-03	   8.8526355596066197e-02	  -3.8485531420397304e-02	  -4.6242668485945132e-02	  -9.2666041460162177e-02	   1.4260693450580156e-02	   2.0529445621906545e-01	   3.6453296158669896e-01	   1.1275091691021824e-01	  -7.2234980208757224e-02	  -1.6037258133407889e-01	
   6.0226778735758268e-01	   3.0929912421816158e-01	  -1.2560662041007553e-01	   5.2897817580207884e-01	   5.8009985597322999e-01	   0.0000000000000000e+00	   3.7835649844304070e-02	   3.9982441446578987e-01	   3.9415353316799595e-01	   8.2911985308092062e-01	   5.7019540558795501e-01	   4.3309028876110645e-01	   4.1777885956926425e-01	   4.3908715493436318e-01	   4.1043009631808902e-01	   3.2828674637200123e-01	   2.1696105028176499e-01	   1.9099882828236275e-01	   2.4466015417559162e-01	  -2.4052532844426839e-02	  -1.3549231250317503e-01	   1.4192264215955525e-01	  -2.1707915623644863e-01	  -1.6762665055728285e-01	  -3.8905342966448875e-01	  -1.1948328089718309e-01	  -2.4236027575610564e-01	   5.4154164595886789e-02	   5.8351496043215517e-02	  -2.4651151817544964e-03	  -5.7570497765216122e-01	  -4.3157863638192429e-01	   2.3217163936664209e-01	   4.2272572781663070e-01	  -6.5766214041270699e-02	   1.2479243090507817e-01	   2.0039317151369501e-01	   3.1461111739982217e-01	   3.4771844415864955e-01	   4.6580389588388804e-01	   2.1661670352382731e-01	  -1.4607900065819388e-02	   1.6337880181248837e-01	   2.2027499136914197e-01	  -1.6891964899287321e-02	   8.6005151010605713e-02	   3.0057498107947961e-01	   3.6441265812502599e-01	   3.6837895437400792e-01	   4.6243445132572814e-01	   5.7037610176363041e-01	   6.3452156069008603e-01	   5.6086273325736968e-01	   3.8505557112070815e-01	   5.8488956909617684e-01	   5.6803308917837825e-01	   6.1571205337405566e-01	   6.4634959394765823e-01	   5.2116984726720561e-01	   7.4812167049246603e-01	   6.3095110440844637e-01	   6.2264524642792951e-01	   3.7013707033290966e-01	   2.8683410062204928e-01	   1.9398404090716775e-02	   5.7270850078891045e-01	   2.7128446055289102e-01	   4.6374732508625538e-01	   4.0082594893750606e-01	   4.5859777214928216e-01	  -1.6356308642358297e-01	  -5.6774815778165719e-02	  -6.5981843560808107e-02	  -1.1668705858356469e-01	  -4.5048881626866249e-03	  -4.6242740356808081e-02	   1.3011071024757184e-01	   1.2077291070449497e-01	   2.5081958396795934e-01	   2.8004112666021713e-01	   3.6007670852326301e-01	   1.1484023151738984e-02	  -1.3209638274936097e-01	   1.8013530529945320e-02	   2.9793409174210139e-01	   5.0817628742224585e-01	  -3.7752695177395066e-03	   1.4221536234134222e-01	   7.1238145830398514e-01	   8.2451876966847393e-01	   5.5143624666881463e-01	   1.3176970420711656e-01	   5.1213525694123163e-01	   4.2976472088277456e-01	  -6.3880475006784926e-02	   1.8286658912095216e-02	   1.9962738508883299e-01	   2.5501335839523642e-01	   4.0518713402075990e-01	   5.1295773339144835e-01	   2.2973280023360207e-01	   5.2152512500747206e-01	   3.0746067495744445e-01	   4.0197087270523629e-01	   3.6780996880256578e-01	   2.2413047951002876e-02	   3.0230091358344191e-01	   1.6746368941510176e-01	  -8.2249988503677540e-02	  -1.8882747489365227e-03	  -3.8814571511300966e-02	   1.9280306493633884e-01	   4.2758404878409784e-01	   5.9278055130501647e-02	  -4.5464277766604007e-02	  -2.0019338382356844e-01	
   2.1849953395213995e-01	   1.8987262756266146e-01	   4.2713021255830247e-01	   1.0241720727826449e-01	   4.0222208417140287e-01	   3.7835649844304070e-02	   0.0000000000000000e+00	   3.1622041588577021e-01	   5.3921835266769647e-01	   1.1733276322932151e-01	   3.7120325092948353e-01	   1.9288595651494062e-01	   4.4595494494940757e-01	   2.0472371821240612e-01	   4.6471145538602032e-01	   4.2661360536628246e-01	   1.4604029213178080e-01	   6.1600692954593340e-02	   4.5429526668307180e-01	   4.3481163663691208e-01	   5.5940353996436584e-02	   1.0980391433055561e-01	   2.9832090737092620e-01	   1.2030742884584017e-01	   3.8386651734491753e-02	  -1.9907524590541326e-01	   4.5303512410904134e-02	  -2.7983833045086151e-03	   3.7171221855027947e-01	   1.5432010293771525e-01	   3.1702537893457461e-01	   1.1444436140752762e-01	   4.4077112094818660e-01	   2.3212719798646750e-01	   1.0018244990318237e-01	   2.2407217792486785e-02	   1.9361450403040745e-01	   3.2780026043117326e-02	   1.6425897832312397e-01	   3.9321636613546207e-02	   1.3015089272013269e-01	   3.8877807397887418e-02	   1.5975701468981360e-01	   1.1862981761141032e-01	   1.3999066432385035e-01	   8.4271396672203222e-02	   1.8287673925270001e-01	   2.2197157033198101e-01	   2.8181750691543037e-02	  -3.7193647496663804e-02	   3.3489583679525717e-02	  -9.9217955023448628e-02	   3.5389847784948573e-02	   3.2812090008284077e-02	   1.0056355695324301e-01	  -2.9121592569195552e-03	   1.4435675966918526e-01	   1.0403621267264077e-01	   3.3026948728215649e-01	   2.3057186508532342e-02	   3.7918244744089169e-01	   4.5910141353358754e-02	   2.5127551882935906e-01	   1.6420375910608656e-01	   2.5884866209226559e-01	  -3.8807274631662725e-02	   3.5563982066497130e-01	   1.2480644024518560e-01	   1.8104774183640132e-01	   1.6732532666955385e-01	   2.0603016954022596e-01	   1.3296607977506172e-01	   1.2030954086450266e-01	   7.6727314721800277e-02	  -9.8279412140729987e-03	   6.4636911136922964e-02	   1.7885846436389408e-01	   8.0407458706725721e-02	   2.0633297659384470e-01	   1.6504369903457888e-01	   2.0207456951223537e-01	   2.6501384286169355e-01	   5.6900510200977727e-01	   3.8074713662942006e-01	   2.5140619400250569e-01	   2.2394173398359474e-01	   1.2488936817476040e-01	   1.7135819497648064e-01	   3.2047542137385787e-01	   1.4712284025112496e-01	   3.0589429875975255e-01	   5.0414334815351947e-01	   3.1549574586803397e-01	   5.5619182910170450e-01	   1.2834576225059938e-01	  -4.2819007109629117e-02	   2.6122305474448812e-02	   5.5911943755891466e-02	   2.3625035753271906e-01	   3.0380288755953844e-01	   2.9252875798030120e-01	   4.2101581011808364e-01	   3.0432617542160989e-01	   4.3215285017626193e-01	   1.0521819790802939e-01	   2.2731764960539083e-01	   1.2964761568913105e-01	   1.4973076432946361e-01	   4.5077059622874102e-02	   5.9370391716063887e-03	   1.5644971778365246e-01	   3.2263207014582912e-01	   3.1190150202465194e-01	   2.3409999787832686e-01	   1.0297442004043085e-01	   7.2840976923367315e-02	
   1.1331919828313325e-01	   1.1413391477435782e-02	  -3.7232496541467008e-01	   2.7804694099202704e-01	   2.7319102199367390e-01	   3.9982441446578987e-01	   3.1622041588577021e-01	   0.0000000000000000e+00	   3.5685110000930897e-01	   6.9389451037700944e-01	   2.1726442266883977e-01	   4.6313662206468609e-01	   1.4224717151873528e-01	   8.5109100709831478e-02	   1.8727658818297169e-01	   3.4529885692255968e-01	   1.6510133636699065e-01	   2.1184196588662335e-01	   3.1654972768584116e-02	   1.0601672945737335e-01	  -2.6135617656697191e-01	  -1.4562409200199133e-01	  -1.2416431664500691e-01	  -5.9197014933964013e-03	  -2.3663435579089995e-01	  -1.4591060501862985e-01	  -6.1643828751193763e-01	  -5.1112511405768246e-01	   3.3388600023647230e-01	   4.0212528344555587e-01	   7.9205089012468741e-02	   2.4346155513702955e-01	   2.0560781189368366e-01	   5.0720723647453081e-01	  -2.9379037726558177e-01	  -5.2299472954960513e-02	  -3.7666824905404894e-01	  -2.8580358827708285e-01	  -2.6658011915214253e-01	  -1.7670842367338524e-01	  -1.9140443834033899e-01	  -2.3547590714768651e-01	   1.3434042194692544e-01	   1.9841887991345605e-01	   2.3059509457194111e-01	   2.1516676293170336e-01	   2.1877620624941457e-01	   2.3180313588473028e-01	   2.5018401591588141e-01	   3.0368166384247053e-01	   2.9685230159612686e-01	   2.8245215453129929e-01	   1.9724832894349822e-01	   1.1278902955573687e-01	   1.4882819320092738e-01	   2.5613554190182419e-01	   2.1733152181477713e-01	   3.4459095631319392e-01	   4.5489576916802005e-01	   5.5128881940739993e-01	   5.0593739867497889e-01	   7.7077287789028393e-01	   4.3768871734040871e-01	   5.9506161857189066e-01	  -1.1022286171216146e-02	   3.2095491028285306e-01	   1.0948830727824482e-01	   2.5278752301202667e-01	  -1.5750597567737173e-01	  -4.7891943606274891e-02	  -4.4002579699616927e-02	   1.7650512486849032e-01	  -2.2960214491503220e-02	   8.8787833331309823e-02	  -9.8950432527345714e-02	   1.4314164782521560e-01	  -2.0126486919185504e-02	   9.4451004096776120e-02	   1.5123875473642545e-01	   1.9847320481057046e-01	   2.4676944769763520e-01	   1.1398869831358874e-01	   1.0573809992893622e-01	   3.6067421650485354e-01	   9.5778057693542668e-02	   1.5999301662129992e-01	  -1.8038420250961301e-01	  -1.0686791989320141e-01	   2.7584719542741692e-01	   3.2185060712755215e-01	   3.5604799588266256e-01	  -7.5807950729256696e-02	   3.0576264701445854e-01	   1.6598328937416496e-01	   3.7963326504411442e-02	  -1.8714035169688617e-01	  -8.1455875677120260e-02	  -1.8094876750073027e-01	   2.7586716398540456e-01	   1.8900293190912687e-01	   2.2136488257849382e-01	   1.8811916425774639e-01	   8.9648103521341865e-02	   1.2393421831057108e-01	   7.5195361259979193e-02	  -7.9194840216268270e-02	   2.4703301411894002e-01	  -1.8313298577796747e-02	  -2.4714941904400448e-02	  -8.6048624353983055e-03	  -2.6760901019081362e-01	   3.2831888522817640e-02	   1.2198605256649342e-01	   1.0493727517932369e-01	  -6.7377406931097450e-02	   3.6916463600362676e-01	
   3.3004125985963984e-01	   3.2494907281702401e-01	   5.9609454346873758e-02	   2.4285158413867282e-02	   5.7120960733454229e-01	   3.9415353316799595e-01	   5.3921835266769647e-01	   3.5685110000930897e-01	   0.0000000000000000e+00	   4.2007395255131924e-01	   4.1885738494293284e-01	   3.0343372906138411e-01	   3.9367049015255495e-01	   1.4744060703319289e-01	   7.7428720163245002e-01	   4.8390128211760475e-01	   2.0718851007748679e-01	   2.2753627319551739e-01	   2.3702888960289129e-01	   2.4932093756469120e-01	  -9.2988404069082015e-02	   6.8929430701419284e-02	   6.5413262512311998e-02	  -1.0250345009730294e-01	  -2.2695422892197881e-01	  -2.8403669045652613e-01	  -2.4995456972579599e-01	  -1.2033531542535497e-01	   4.6905290108526165e-01	   3.2201879478146805e-01	  -6.1725629126930720e-02	  -1.4431926647696708e-01	   2.5454637143974279e-01	   2.2499972002804813e-01	  -8.9950274584808698e-02	  -1.3645072431857019e-01	   2.8679736256633333e-02	  -1.6601867945704209e-02	  -3.1208540697368205e-02	  -6.3933069931440281e-02	   4.0481211210667424e-02	  -1.3644258112353769e-01	   3.1531030471135091e-01	   4.2393769950523164e-01	   1.8571009339642622e-01	   2.7073431706456147e-01	   3.6831371962980780e-01	   5.1248844325163934e-01	   4.0782599028255029e-01	   3.6205949378226587e-01	   3.8680069343578705e-01	   3.5265401947959107e-01	   4.5344428931166919e-01	   4.7264033512829867e-01	   3.2211520148459943e-01	   3.9704093613424801e-01	   2.2656992351819483e-01	   2.6945297212456609e-01	   3.3452650304551873e-01	   2.1475182099274270e-01	   4.6460427824627787e-01	   3.3763686994084285e-01	   3.1724898650967692e-01	   3.0128324855800126e-01	   1.2628350362716875e-01	   3.2591222725721868e-02	   9.3161891447072917e-02	   5.5957333784825813e-02	   1.7223386218954845e-01	   1.8470708599014957e-01	   1.0889068341735438e-01	   1.3309358023207910e-01	   1.8504559025302794e-01	   1.8600130772345452e-01	   1.8285724875414772e-01	   1.8473334782572085e-01	   4.3037209981571511e-02	   2.5670692941334165e-02	   2.2170882362090449e-01	   1.8232494944995134e-01	   2.6722867377694048e-01	   2.4281093087772393e-01	   4.2411458059641349e-01	   3.5961176683320095e-01	   1.5091672280700483e-01	   8.0140980424184632e-02	  -8.2412415040294423e-02	  -6.5847256301555093e-02	   3.8925515889985585e-01	   3.7142839463395710e-01	   4.3630573624691293e-01	   4.5913584635474369e-01	   2.8765085047995020e-01	   5.0169527983482398e-01	  -2.7697524614199463e-02	  -3.1055746743713603e-01	   3.3859023496587447e-02	   1.3864247675855237e-01	   4.0757603784487367e-01	   5.0644989638030846e-01	   2.8653388627204612e-01	   3.7158095152481885e-01	   3.1194278048823504e-01	   2.8496482173267035e-01	  -5.9844465769344025e-02	  -1.0573345674698914e-01	   1.3356588088328142e-01	  -9.6531266944392159e-03	  -2.6787648114182638e-01	  -1.7590244848911363e-01	  -2.2434388151720368e-02	   4.0041267632656491e-01	   4.0330495281052037e-01	   3.8563077853862282e-01	   1.2015860223196648e-01	  -3.6650330736621516e-02	
   4.3338860294282483e-01	   2.0143688843936047e-01	  -2.5496561186513411e-01	   5.8320378663119310e-01	   4.0390520642364286e-01	   8.2911985308092062e-01	   1.1733276322932151e-01	   6.9389451037700944e-01	   4.2007395255131924e-01	   0.0000000000000000e+00	   4.7529681525041589e-01	   5.3488304453515134e-01	   2.9763232036737874e-01	   3.3437443092296759e-01	   3.7970126417671851e-01	   3.6730594369656377e-01	   1.8516991306279601e-01	   1.9826867192123215e-01	   1.2604463209306960e-01	  -8.3195371104952967e-02	  -3.3123987998753751e-01	  -8.7014787279199160e-02	  -1.8302215343279049e-01	  -7.2872899917126366e-02	  -3.8098625565480404e-01	  -2.0678289071144818e-01	  -3.9694551497890596e-01	  -1.4561517107716881e-01	   1.1885458608680666e-01	   1.1178748385345162e-01	  -4.5843145026338722e-01	  -2.7369598512219151e-01	   1.2636574124643257e-01	   4.2298299798319317e-01	  -1.7650166531871581e-01	   6.1668192439927896e-02	  -7.3266790034652585e-02	   1.9495533901195638e-02	   8.8887920709983664e-02	   1.7267091778384563e-01	  -1.1839262402120482e-02	  -2.0430746433568051e-01	   1.0013584219450665e-01	   1.7389945052741290e-01	   5.7769840161614072e-02	   1.1673657060420087e-01	   2.2040129865134833e-01	   2.7434765449245746e-01	   3.1261164154443932e-01	   3.9386826265340003e-01	   4.8259137518661088e-01	   5.2775929300698132e-01	   4.4333010935760209e-01	   2.5513260489494288e-01	   4.3011904005359824e-01	   4.5164630374469583e-01	   4.8057951333069365e-01	   5.6814755859983657e-01	   5.4916996446339517e-01	   7.7536211651647025e-01	   6.6399555893208206e-01	   8.6086736506152228e-01	   4.2644175453273175e-01	   4.1815310842176034e-01	   1.3168933036618652e-01	   6.9769036279395724e-01	   2.2156563172236621e-01	   4.3547124170025936e-01	   1.8717971224381463e-01	   3.2235088430534531e-01	  -1.3214459622390140e-01	   5.4610970055042124e-03	  -8.6902498990529292e-02	  -9.7812607129441898e-02	  -5.5735525054258765e-02	   3.6906994149321477e-02	  -1.3386398252344936e-02	   2.6235042652117534e-02	   2.5882114826242331e-01	   3.0016269032854398e-01	   3.3684520437558851e-01	   8.7318763258588034e-02	  -1.3833397475838374e-01	   4.3568618531751840e-02	   3.3907286039560908e-01	   4.5274562216777298e-01	  -2.8114355905595474e-02	   7.8553761615120093e-02	   6.3788029898137522e-01	   7.3329553465990205e-01	   5.3402879020365890e-01	   8.5553262660340593e-02	   5.3268185279921809e-01	   3.7576389752462669e-01	  -6.5261835561465767e-02	  -1.4422030559083091e-01	   3.4425175739173350e-02	   8.2549816626599964e-02	   2.9853449028021484e-01	   3.4511120079060209e-01	   1.8743656135101869e-01	   4.3030768152260657e-01	   1.9288612561633328e-01	   3.0846294300522237e-01	   3.7142999877737559e-01	   8.8170926762857621e-02	   3.3663227223908754e-01	   1.0403656126838413e-01	  -1.5285991912243746e-01	  -1.8430536818911561e-02	  -2.9513012207050959e-01	   3.6573278223856337e-02	   3.0101283040861804e-01	   4.4648677309557974e-02	  -6.9556994738958544e-02	   5.9172395582133041e-03	
   6.8357119459160243e-01	   4.9049494478391797e-01	  -2.4594169529595302e-03	   2.6824543084467362e-01	   3.1258084569928246e-01	   5.7019540558795501e-01	   3.7120325092948353e-01	   2.1726442266883977e-01	   4.1885738494293284e-01	   4.7529681525041589e-01	   0.0000000000000000e+00	   6.8258398037656387e-01	   8.9897464991679876e-01	   7.4003922263352795e-01	   4.0367491338834444e-01	   4.4686263893494910e-01	   6.0120417463417020e-01	   4.7020913322859526e-01	   5.4345154390365624e-01	   3.8860513886999071e-01	  -1.7825541854606264e-01	   1.2186687292470565e-01	  -2.4097182175429410e-01	  -3.0796242470095170e-01	  -5.0572986132322673e-01	  -4.0348671936059505e-01	  -1.9051740865692313e-01	  -8.6875216735672112e-02	   3.4692317294615715e-01	   2.6435704495528656e-01	  -4.4914651603353345e-01	  -4.4774737970281631e-01	   4.4182900582300444e-01	   3.7006000362365365e-01	  -1.6162426993980675e-01	  -1.2238524039219006e-01	   4.8201447997354624e-01	   4.3804977721263544e-01	   3.8832126274905471e-01	   3.8036636050356432e-01	   3.8463725831313161e-01	   2.3903910192561645e-01	   1.8427958389248256e-01	   1.7212062260161132e-01	   5.1508168466057207e-02	   4.0217759374039076e-02	   2.9797506028508575e-01	   2.4781463844167090e-01	   1.7076008225676501e-01	   2.2905408499438523e-01	   3.2981976689299303e-01	   2.9387085305162830e-01	   3.3341424309365653e-01	   1.4021729364606145e-01	   4.9990230165788241e-01	   3.6048503060199172e-01	   6.8093985712784533e-01	   6.9771610519919447e-01	   4.9634934255423996e-01	   4.7279749777926056e-01	   7.0010941741321242e-01	   2.9956031319364473e-01	   6.7397141710535857e-01	   5.0900014991831344e-01	  -1.9334262272324407e-01	   1.3425255999013680e-01	   2.1289016811454187e-01	   2.1044204128384553e-01	   4.8403065692822089e-01	   3.9993682081920129e-01	   6.9278732833660664e-02	   9.4927085448323553e-02	   1.5564535941893445e-01	   8.3659782295244678e-02	   2.5481304007886740e-01	   2.1479057900871867e-01	   3.9951194167807841e-01	   3.3700688109862414e-01	   4.9272817438863031e-01	   4.2016010330221115e-01	   5.7492439586675836e-01	   3.2907670158157487e-01	   2.1255639496480205e-01	   2.5258512331998639e-01	   1.7038234530686652e-01	   4.5455453929089529e-01	  -2.0206084072063360e-01	  -5.5488944861173804e-02	   6.6690574236459454e-01	   5.8433765779288960e-01	   4.1991253285882202e-01	   2.3649526275963126e-01	   5.9403123289478410e-01	   6.4617675484161996e-01	  -9.0197747950037321e-02	  -2.5658851265262156e-02	   2.9039208653307469e-01	   3.2771183406752624e-01	   4.5901258710398019e-01	   5.7920597959104025e-01	   5.5066333151567881e-01	   6.5464932606917481e-01	   5.6213948781887391e-01	   5.1354837492772965e-01	   4.5520605557354754e-01	   2.0462816168664391e-01	   3.3407004711855914e-01	   2.4129429877910438e-01	  -7.0775796413968500e-02	   1.7161120709804459e-01	   2.0563288182174586e-01	   3.8142499930792562e-01	   4.9346702703107814e-01	   1.5704237370597185e-01	   4.1759246427004522e-02	  -1.1786710061556935e-01	
   3.9797311581783473e-01	   4.9519730426156738e-01	  -3.1815728707949287e-01	   1.9010585292686885e-01	   1.7325825721632646e-01	   4.3309028876110645e-01	   1.9288595651494062e-01	   4.6313662206468609e-01	   3.0343372906138411e-01	   5.3488304453515134e-01	   6.8258398037656387e-01	   0.0000000000000000e+00	   5.7407936982455787e-01	   7.5546282951941768e-01	   2.1412318513529072e-01	   6.7757943628668249e-01	   5.9272027390901005e-01	   5.8447464233500535e-01	   4.2152383362835233e-01	   4.4092058725544797e-01	  -3.7229013159202762e-01	  -2.0859098632260076e-01	  -3.8264114714377073e-01	  -2.6800745265701353e-01	  -6.2890113329635722e-01	  -5.6145672576485051e-01	  -4.7208837007731086e-01	  -4.1213568222162017e-01	   3.8296482429478906e-01	   5.5637241219772704e-01	  -4.2879060062967389e-01	  -3.4325416111197787e-01	   2.6976370832952873e-01	   3.2428942800716348e-01	  -4.5304260704982813e-01	  -3.3231175001662222e-01	   8.0511942636428274e-02	   1.3237536834527094e-01	   6.5067274410363744e-03	   8.7700638245264639e-02	   4.2265687375493896e-02	   1.3527811795584996e-01	   1.7683396974359999e-01	   2.2039516687148236e-01	   2.5714033636469907e-01	   2.1114955621932033e-01	   3.3327361498820079e-01	   2.9748087394207290e-01	   2.3326935672288024e-01	   3.0578099195071129e-01	   3.1951395681746142e-01	   2.9736314155141391e-01	   2.8286524459863649e-01	   1.0951500516277238e-01	   4.5599716127043882e-01	   4.2529353581151841e-01	   5.0831108761538224e-01	   7.0882475852146598e-01	   3.3531417640910277e-01	   5.2884967440444663e-01	   4.2199821858251441e-01	   3.9737447420747118e-01	   6.2380950112186062e-01	   7.4213682842422446e-01	  -3.9915788364263166e-01	   4.5039740250427257e-03	   6.1660080808722879e-02	   2.0109017524573916e-01	   2.0867605089502456e-01	   2.6141272396398541e-01	  -1.3573583759450644e-01	  -4.2377957109766429e-03	  -4.7880713238254324e-02	   1.1316758475116119e-01	   5.0246340540882006e-02	   2.5879154381286179e-01	   1.5401040107206659e-01	   2.5341192660062173e-01	   5.2658803985858649e-01	   4.8499263806544030e-01	   5.5701648506667956e-01	   4.3330955445712127e-01	   1.8562307597671093e-01	   4.8170132882767258e-01	  -8.6115751591244932e-02	   4.1893894953741456e-01	  -4.6244714927514707e-01	  -2.5729297456124839e-01	   4.2086235135636779e-01	   4.4428200668522833e-01	   3.6933211527228949e-01	  -8.9413748298396989e-02	   5.7749368923404965e-01	   3.2502865711602558e-01	  -1.9426172361223862e-01	  -1.4900679106835843e-01	   1.2601329713453666e-01	   1.5082703181782742e-01	   5.4607236358848377e-01	   4.5130428364500208e-01	   6.5002005628989723e-01	   4.7420755371786744e-01	   4.8393210514030166e-01	   3.2372563952014843e-01	   3.0433800550034051e-01	  -7.0563284869428491e-02	   2.8740059443381394e-01	   5.8976157753964635e-02	  -9.6186809270580376e-02	   1.6351542349144152e-01	  -6.9236914118644688e-02	   3.3133729513181431e-01	   3.3460357208632358e-01	   8.7180547791085361e-02	  -1.1570316816766427e-01	  -1.7884489894039791e-03	
   6.1636747564569772e-01	   4.2399299967521975e-01	   7.0334141261251051e-02	   1.4063015722133021e-01	   2.0961361818887619e-01	   4.1777885956926425e-01	   4.4595494494940757e-01	   1.4224717151873528e-01	   3.9367049015255495e-01	   2.9763232036737874e-01	   8.9897464991679876e-01	   5.7407936982455787e-01	   0.0000000000000000e+00	   7.7790928590320985e-01	   3.5267217699196113e-01	   4.0997003282748423e-01	   5.8910789035250188e-01	   4.5258011255595482e-01	   5.5207618060518249e-01	   4.6763351838941836e-01	  -7.9981596451460760e-02	   1.9454555246133948e-01	  -2.5979621873781616e-01	  -3.5779768730072492e-01	  -4.5805359623530495e-01	  -3.5769369988666955e-01	  -9.1138472526831438e-02	  -5.9950241037757313e-02	   4.9098202794933327e-01	   3.6404202552266429e-01	  -3.3195984345408636e-01	  -4.1038597599665028e-01	   5.3538624683790481e-01	   3.7722822333688105e-01	  -2.4948053469844533e-02	  -5.6177915099085325e-02	   5.5741431583855516e-01	   5.1902510717654637e-01	   4.8411066410861398e-01	   4.1128442189040887e-01	   3.7685969194010316e-01	   3.0726047686843433e-01	   1.6204166341119630e-01	   1.1016279466273002e-01	   3.9808694314622479e-02	  -1.0208177176181953e-02	   2.5590678790672039e-01	   1.8613470727661585e-01	   1.0948981990990278e-01	   1.1764794491645540e-01	   2.2854713512207553e-01	   1.7120549289645021e-01	   2.1752994720163693e-01	  -2.0739157351920821e-03	   4.3816843796982630e-01	   2.3612357202619821e-01	   5.7279303065411080e-01	   5.7212324684474059e-01	   4.9964069100746983e-01	   3.5119041212153057e-01	   6.6107722562193638e-01	   1.3736731364856522e-01	   5.7095162803241928e-01	   4.7290293061814598e-01	  -1.9788750782486275e-01	  -1.2563689886738959e-02	   2.5519569815173526e-01	   1.5899439960503992e-01	   4.8886130303494635e-01	   3.7481884896318346e-01	   7.9471816432103853e-02	   1.5721710495125019e-01	   2.1230460459737791e-01	   1.7122588627480823e-01	   2.6755301388253394e-01	   2.5143830361630981e-01	   4.4416315156458641e-01	   3.8973827152656382e-01	   4.8838070306877246e-01	   4.0475923577212630e-01	   6.0784021097618335e-01	   4.3510637027633636e-01	   3.4742001608666007e-01	   3.5901751146785660e-01	   5.4854093465394708e-02	   3.3690030451615766e-01	  -2.3948127045659409e-01	  -1.3124207470073190e-01	   6.4479796065716366e-01	   4.5539465470769791e-01	   3.7299465113688607e-01	   2.9058814660305127e-01	   5.9954440289708955e-01	   7.1500291798341920e-01	   6.7573711815721763e-02	   5.9049050789834162e-02	   4.0203230864228623e-01	   3.8286832490630784e-01	   4.6993193912333064e-01	   5.8976928352939506e-01	   6.3755820487895820e-01	   6.7661243186910169e-01	   6.6440178330768218e-01	   5.4603388671808251e-01	   4.5788622695764630e-01	   2.8299263411558684e-01	   2.9850082418079782e-01	   2.7994881426715990e-01	   2.1171817816746201e-02	   2.5678915191157942e-01	   3.2203793614786352e-01	   5.0231020184576414e-01	   5.4451657107312090e-01	   1.9621751663309411e-01	   6.3030079515156351e-02	  -1.1133606483932718e-01	
