   0.0000000000000000e+00	   7.5556575900631051e-01	   3.4831173652984382e-01	   7.2775612948221857e-01	   6.0291805746990468e-01	   5.6352624593670442e-01	   5.6857807819722062e-01	   6.5295069135202044e-01	   1.8606517464778694e-01	   1.5989011771844167e-01	   7.2021512912861263e-01	   6.2874633993925078e-01	   6.0437544461261106e-01	   5.2860062022013476e-01	   3.6477789124165205e-01	   4.7789174382990118e-01	   7.7897329483914968e-01	   6.7104025493281116e-01	   7.2513215427429334e-01	   7.5084041288458181e-01	   2.0235239958508074e-02	   4.0011726552615791e-02	   4.5757081093062230e-02	   1.0830928537875063e-01	   5.5907445890158627e-02	   7.4993473078232412e-02	   1.8150654714594483e-02	   1.0103377003123945e-01	   6.5113629898222802e-01	   6.2640294501806171e-01	   2.3206753432257171e-01	   2.7933503204365956e-01	   8.0951645056496035e-01	   7.8638964165266512e-01	   4.5089477338530748e-01	   6.0354401224162058e-01	   6.8452675211459235e-01	   6.4614410665871824e-01	   5.5342886237100386e-01	   6.6021201285176512e-01	   7.0203019038623116e-01	   7.0416233812510876e-01	   5.6553850251408866e-01	   5.5378326002236156e-01	   5.2259464960315716e-01	   5.8309243670041944e-01	   5.5279049195786212e-01	   6.0500243233716622e-01	   4.6919391971351848e-01	   5.6896550004886604e-01	   5.6461473149859109e-01	   5.3480756493239290e-01	   6.1086315196446828e-01	   5.7114194446768352e-01	   6.7681206715941511e-01	   6.7959791323596197e-01	   8.0791275148567077e-01	   7.6411476679408608e-01	   7.0728138082875636e-01	   6.6181577830328187e-01	   7.1124908526573594e-01	   5.9828016522013105e-01	   6.0675354652192315e-01	   5.3723133178039284e-01	   2.6794353563648809e-01	   4.4895767547665616e-01	   6.8325756017586936e-01	   7.0927237993812187e-01	   5.8466399150932369e-01	   6.1575390406177821e-01	   4.0161514519020303e-01	   3.9900458728412624e-01	   7.3347821709054417e-01	   6.9339847409757838e-01	   7.1503269202531827e-01	   6.9807672741349114e-01	   7.9210093603743048e-01	   7.7899200158688764e-01	   6.2471681195750739e-01	   6.5191263324054027e-01	   7.4624597598755049e-01	   6.7106295920220116e-01	   7.3032208523166997e-01	   7.6073295875242741e-01	   5.5493802228930822e-01	   5.8229567870397236e-01	   3.8777779990321259e-01	   3.1232766482407953e-01	   5.3672955255208554e-01	   6.2332282899565206e-01	   4.7736148663612954e-01	   3.5028576955994317e-01	   6.1923598679498915e-01	   5.6994677077625233e-01	   4.6893465213028240e-01	   5.4078354274747653e-01	   7.1732260737475295e-01	   7.3896721454921210e-01	   7.5584746874628372e-01	   7.9002492257596635e-01	   7.2776407234630180e-01	   7.2787424299328096e-01	   6.7027166288562590e-01	   8.1145344517377560e-01	   3.2920727886655382e-01	   2.6455732734252918e-01	   4.8156251665185729e-01	   4.5432142215589699e-01	   2.9145758651895126e-01	   7.2786894409503056e-01	   7.1373187433770147e-01	   7.4988879126688635e-01	   6.3910872955656428e-01	   6.6422247592214256e-01	   2.9936171009550527e-01	  -6.7439931992384253e-02	
   7.5556575900631051e-01	   0.0000000000000000e+00	   2.5024223834269332e-01	   7.2591225658051783e-01	   5.4164717544461438e-01	   4.2478948627594382e-01	   5.3071397621582483e-01	   6.6943841883185828e-01	   1.7160880071643289e-01	   1.0335151377684790e-01	   6.2291067430238956e-01	   7.1159415908349422e-01	   5.8359646812646726e-01	   6.7681923341074612e-01	   4.1599220219798361e-01	   5.9883338846130496e-01	   8.6965414062702906e-01	   8.5236274662378597e-01	   5.6939355633473787e-01	   7.8260811045662282e-01	   1.1396251062256713e-01	   1.5694692221995127e-01	   3.8336828467345541e-02	   1.2395019411886672e-01	   2.4447297623138402e-02	   4.4654299492901069e-02	   6.6059721991285403e-02	   1.6971150101157004e-01	   6.9968567599628240e-01	   6.9466917191609623e-01	   2.4037517844424086e-01	   3.5062314714591980e-01	   7.6639158868751744e-01	   8.1538745236843158e-01	   4.1922119606312486e-01	   5.2909233409853673e-01	   5.9896868935567482e-01	   5.6698543132054491e-01	   5.1358217457739919e-01	   6.2061111495352839e-01	   6.6274941029029655e-01	   6.6551300972102556e-01	   4.3487852002205674e-01	   4.1516807621450302e-01	   4.5969127138005261e-01	   5.0852683611110694e-01	   3.8895116835941823e-01	   4.2616421203422650e-01	   3.5496232318332122e-01	   4.2758666606548151e-01	   4.3520304454279179e-01	   3.7067315715170995e-01	   4.6120025066101250e-01	   4.0961448199027278e-01	   5.7400033470395617e-01	   5.4755888701853150e-01	   8.1304541130532126e-01	   8.4078821461016784e-01	   5.6772097208730843e-01	   5.8766515989095125e-01	   5.9224616076368353e-01	   6.2463657954599838e-01	   5.7563392233692934e-01	   5.6739239657160134e-01	   1.9915448900641400e-01	   4.4525521903323106e-01	   5.9723853578970643e-01	   6.1621713924391164e-01	   5.6431290510747290e-01	   5.8622230757296756e-01	   4.3806773686317879e-01	   4.2542255457310291e-01	   7.1860300025778590e-01	   7.3825612201937585e-01	   6.7007928851335308e-01	   7.2606868093190347e-01	   7.7323177529295295e-01	   7.8464190290679747e-01	   7.4431707768384325e-01	   6.6730322592156366e-01	   7.8976533363238244e-01	   7.3172275792483210e-01	   7.4321238961878200e-01	   7.5244976305886202e-01	   5.4429602726352178e-01	   5.8295061927428438e-01	   3.7778596421973987e-01	   2.7361004302120617e-01	   5.0818469618737439e-01	   5.8609871668233460e-01	   3.9933959227451477e-01	   2.0921455695351646e-01	   6.4442234532892972e-01	   4.5482542152925776e-01	   4.7175107737306238e-01	   4.4210688032192491e-01	   7.1025725564149100e-01	   6.9855812058243116e-01	   7.0946294134986054e-01	   6.2131268898155456e-01	   7.3143235926315375e-01	   5.4226924750231920e-01	   7.3563559767988429e-01	   7.1229813868863479e-01	   3.8633133764365474e-01	   2.6726245661970943e-01	   3.6332371104753924e-01	   3.5825930191579031e-01	   1.6595262462262766e-01	   7.1605367239639883e-01	   6.6551475953974970e-01	   7.1247247570938621e-01	   5.7682032821644624e-01	   6.5459675839303699e-01	   2.4181913626069806e-01	  -2.1868662527531252e-02	
   3.4831173652984382e-01	   2.5024223834269332e-01	   0.0000000000000000e+00	   5.5926262328228282e-01	   5.4410926700690043e-01	   5.1697567490659402e-01	   3.1381069662164746e-01	   8.8243647460831326e-02	   7.3784277986908606e-02	  -4.1076262079109117e-02	   3.8640167181781382e-01	  -1.2483426442997095e-01	   1.1912429117043341e-01	  -4.7980722826013074e-02	   4.2902172708400360e-01	   1.2691103438606854e-01	   2.7801669169898702e-01	   1.0218049154253353e-01	   7.8430649824698540e-01	   5.3905231057446923e-01	   3.6263647535608912e-01	   2.9227199674966625e-01	   7.3059369963144449e-01	   7.0577077706137903e-01	   6.1611326155766832e-01	   5.2593568784943900e-01	   5.3025833259178579e-01	   4.4103961869622044e-01	   1.7248803900710769e-01	   7.6154454921402492e-02	   8.1840140123426375e-01	   6.2418116367920073e-01	   5.4636999122262708e-01	   4.1327500193536421e-01	   5.3856871405241624e-01	   4.8041336508791072e-01	   4.4021589073544726e-01	   3.4724865962247886e-01	   4.0771841129398378e-01	   3.8500027465148956e-01	   2.5534455702029479e-01	   2.8308876276227529e-01	   3.1383497737904614e-01	   2.1677480937827076e-01	   1.3564567565630958e-01	   1.0610469863934698e-01	   2.0143611122381327e-01	   2.4633481132389540e-01	   7.5276471130272582e-02	   2.0220908798083531e-01	   2.7539773299024045e-01	   2.4753918334940161e-01	   1.8587249594689115e-01	   2.9633375902106091e-01	   1.8599902103875701e-01	   1.8569714745372257e-01	   3.4491860721632012e-01	   2.0930336088531748e-01	   4.4308653343275162e-02	   9.8501144833949644e-02	   2.4049950639830092e-02	  -6.6353250672481601e-02	   2.8862050522526453e-02	  -1.8489746859556349e-03	   3.6542770025522098e-01	   3.1876946841754328e-01	   2.5953583702974375e-01	   2.0767126289015975e-01	   4.3657078485214934e-01	   3.0537373250264577e-01	   6.5623315815653216e-01	   6.3503509611406705e-01	   3.2951929121187884e-01	   2.3993205254815766e-01	   3.2202414706263882e-01	   3.1874903666642646e-01	   3.7655895063950040e-01	   2.7959900616843092e-01	   2.2478664953148020e-01	   1.8797641228381340e-01	   2.4505223974383261e-01	   2.0727164702055967e-01	   4.8459587183625352e-01	   3.1681894622128709e-01	   6.2850932273478022e-01	   5.3922780160325012e-01	   3.4636706126884675e-01	   3.2293150566116435e-01	   3.4859185679986265e-01	   3.3670007471261176e-01	   2.9938335232874680e-01	   3.6708179297554094e-01	   2.6882164240771472e-01	   2.9592168762360627e-01	   2.6432877795759474e-01	   3.6969092127041292e-01	   3.8182629579883937e-01	   4.2070362996557059e-01	   2.0977761336630923e-01	   3.3304414181653852e-01	   1.7257239490522513e-01	   3.9112363954982254e-01	   2.3013102043271386e-01	   3.7035123401735226e-01	   4.7007061383172122e-02	   3.9212568341070753e-01	  -8.3060479693191469e-02	   5.4596400112404277e-02	   1.5998131569375335e-01	   3.5961349680152244e-01	   3.1667982096413633e-01	   3.0251822679665341e-01	   1.9878219286431614e-01	   2.4825645478524178e-01	   1.4356273405631345e-01	  -1.5775938182552204e-01	
   7.2775612948221857e-01	   7.2591225658051783e-01	   5.5926262328228282e-01	   0.0000000000000000e+00	   6.2941434758289871e-01	   6.3664935299829173e-01	   6.7999346553202655e-01	   7.6761705601102814e-01	   2.7466861771128859e-01	   1.5823884510291966e-01	   6.1718802470003342e-01	   5.7012459772376034e-01	   4.9525638603249839e-01	   5.5682375260610728e-01	   5.2096271203569722e-01	   6.1074939038447484e-01	   7.2627512120965576e-01	   6.3337183992495927e-01	   7.1822906218725935e-01	   8.9252479503354032e-01	   1.7491444177916371e-01	   1.9713853670603165e-01	   3.1123455006082235e-01	   4.2366672292177932e-01	   2.7903163579748341e-01	   3.4422481898165685e-01	   1.8312221161700745e-01	   2.6050264314316995e-01	   5.6177760729326276e-01	   5.6782413847935576e-01	   5.8146140007054026e-01	   6.5797383085491434e-01	   8.2572302411598997e-01	   8.4415628724686675e-01	   5.5747033970951732e-01	   6.7217300008842784e-01	   6.6066353557123680e-01	   6.0431935540290982e-01	   6.0571554097211400e-01	   7.0206587154796096e-01	   6.0366941266284702e-01	   6.1407210403706891e-01	   6.3231603520457913e-01	   5.8748558084384594e-01	   5.6107841157297000e-01	   5.9702440201914131e-01	   5.5286420419848414e-01	   5.7942243141320016e-01	   4.4167766954187171e-01	   5.7068622689994375e-01	   5.2497900159323696e-01	   4.9315871946918910e-01	   5.3128163879867418e-01	   4.5783167432477789e-01	   6.2842699783981448e-01	   6.0956724200036427e-01	   6.4508266047515983e-01	   5.8429894549076855e-01	   5.4383831446215181e-01	   6.3892188497652569e-01	   5.7474463468281212e-01	   5.8673570757332616e-01	   3.5787458834937125e-01	   3.8687420182746113e-01	   4.6385156047772541e-01	   6.7895974543335236e-01	   6.4720606311926354e-01	   6.7657369111384946e-01	   6.7878416065794811e-01	   6.8477411143920697e-01	   5.0303902864411920e-01	   5.7814995284424664e-01	   6.5705325408214410e-01	   6.5711931721991856e-01	   5.8153945083235237e-01	   6.5178534795797749e-01	   7.1767572944619806e-01	   7.5278859552205657e-01	   6.0412929836930618e-01	   5.9468603674137999e-01	   6.6348286596801331e-01	   6.4683842246134171e-01	   8.0138717434439255e-01	   7.5668755393724130e-01	   6.7694793170815393e-01	   7.3315562456991068e-01	   4.3864204539005103e-01	   3.3630855426680639e-01	   6.0956062997091831e-01	   6.4468191655199814e-01	   5.0831278213608933e-01	   3.0793718797939490e-01	   6.5911269368390579e-01	   5.3760126800737362e-01	   5.5338601183230285e-01	   5.5878770103673714e-01	   7.6533124343301229e-01	   7.8021204913753350e-01	   7.4075915076254306e-01	   6.7221066547886599e-01	   7.1063143004862617e-01	   6.2046944195944898e-01	   7.1297781379444825e-01	   7.3131969576715117e-01	   4.3623201069771878e-01	   3.6177765815277541e-01	   3.5962168229915248e-01	   4.1946257634548456e-01	   1.8163927102904789e-01	   7.1652218420942693e-01	   7.2124616868567315e-01	   7.6448394655472396e-01	   5.8971113258025787e-01	   6.5504600232392685e-01	   3.4612960243600921e-01	  -3.3140849314526155e-02	
   6.0291805746990468e-01	   5.4164717544461438e-01	   5.4410926700690043e-01	   6.2941434758289871e-01	   0.0000000000000000e+00	   6.3834024987418614e-01	   5.5569722730319926e-01	   4.2303067524894056e-01	   1.1789113149082603e-01	  -2.8289668246401345e-01	   5.3958990460007228e-01	   2.9164257386524545e-01	   3.1430545856862013e-01	   2.3931258205732631e-01	   2.3370663936678590e-01	   1.2315508595035031e-01	   5.1836036519805195e-01	   3.5756614025399647e-01	   6.8478117587360687e-01	   6.9615793621023214e-01	   5.0367034950883571e-01	   4.5797766548418051e-01	   3.1269522396254307e-01	   3.1020727345051752e-01	   4.5977095048931382e-01	   3.8397329933614383e-01	   5.0030710155242930e-01	   5.4212013523724689e-01	   3.0251025267407655e-01	   1.7995958753286445e-01	   4.2409791948036868e-01	   3.0763566310233659e-01	   7.2490771862510950e-01	   5.8096591019128285e-01	   5.5219593593128535e-01	   6.4243708706277225e-01	   6.9089162884843536e-01	   5.9899183367565190e-01	   7.5183718298526725e-01	   7.7143874750109176e-01	   5.7948961392830689e-01	   5.7941161830306054e-01	   4.8371333484290124e-01	   4.3757790261073171e-01	   4.3985700143303991e-01	   4.9284723260437507e-01	   4.4953100609071872e-01	   5.3718119374701168e-01	   5.0283701457511465e-01	   6.2526468978390159e-01	   6.1360579988391517e-01	   5.7301644554628661e-01	   5.7942451959416807e-01	   5.7995361244691657e-01	   6.1252505014091685e-01	   6.6033516907906842e-01	   5.0692061510787301e-01	   4.9549831859043292e-01	   6.1442793337128954e-01	   6.0690957736878692e-01	   4.6873498214261355e-01	   3.6286132555477424e-01	   1.8837243606731130e-01	   2.3060000927732399e-01	   3.7474698719232408e-01	   4.4925225074840247e-01	   7.0598108992447117e-01	   6.8771704416880897e-01	   7.0960996356837902e-01	   7.2228276025643856e-01	   4.7516726700307188e-01	   4.6588193104679665e-01	   4.8076660586526326e-01	   3.7555969371983078e-01	   4.8517743783250644e-01	   4.8333571428227640e-01	   6.0145561541629422e-01	   5.0522919183711512e-01	   3.8410542599734399e-01	   3.7007616899165441e-01	   4.7515160289079467e-01	   4.9595346867619527e-01	   7.4470996869242523e-01	   7.0726573445538421e-01	   6.5419796292802235e-01	   6.8176634737312014e-01	   6.5344129145714080e-01	   6.4476730359656387e-01	   6.8800812821390300e-01	   7.3226875491732479e-01	   3.5012571166383499e-01	   4.2692502281862954e-01	   5.1219358806295845e-01	   5.9849518324985884e-01	   4.2164927140636865e-01	   5.4484483335595846e-01	   5.6877467917428626e-01	   7.0071574243329038e-01	   4.8642594823771618e-01	   5.3909984299047453e-01	   4.8339031773771640e-01	   6.0254283260286090e-01	   5.2706673185978170e-01	   5.7952881333795003e-01	   3.0105995119827689e-01	   4.4767832784904982e-01	   1.7254065224378176e-01	   1.8029255886336049e-01	   1.7113465405615896e-01	   6.2546868525669208e-01	   5.5286478753782364e-01	   5.3732874692973587e-01	   4.7887609465740744e-01	   4.8579036325677771e-01	   3.4291932958091265e-01	  -1.2799452785720231e-01	
   5.6352624593670442e-01	   4.2478948627594382e-01	   5.1697567490659402e-01	   6.3664935299829173e-01	   6.3834024987418614e-01	   0.0000000000000000e+00	   3.2381877766380179e-01	   3.9697429149017160e-01	   2.2792311989706965e-01	   2.2839635793845489e-01	   4.3400937556002084e-01	   1.8592664964652034e-01	   2.5443645090532585e-01	   1.7189018681064588e-01	   4.1386829595997393e-01	   3.2464245654943513e-01	   4.6235653676437927e-01	   3.5605434144288040e-01	   6.5001582252960033e-01	   6.0535017139405278e-01	   2.5550569029209635e-01	   2.5160857114343194e-01	   2.6044358803169843e-01	   3.6835850807234782e-01	   3.0369738603271812e-01	   3.8149918407329675e-01	   2.8529837031238575e-01	   2.9229765141989761e-01	   2.8702347638546921e-01	   2.6350063244010996e-01	   4.3359665651962986e-01	   3.7736535570962815e-01	   5.4891113733735952e-01	   4.8557030353736730e-01	   3.0797944012200218e-01	   4.0329265874212988e-01	   4.5909444284360573e-01	   4.5008376994457500e-01	   4.3372570617310940e-01	   5.4730060240073808e-01	   3.4186747832457354e-01	   3.3262262685804711e-01	   5.5536427375999831e-01	   5.0108334054664228e-01	   4.4316587247537254e-01	   4.5191795291303549e-01	   4.5533316924763545e-01	   4.6274478385968276e-01	   4.1364354434957057e-01	   5.0350889988118608e-01	   4.0096830703095998e-01	   4.4755176161199817e-01	   4.7985637256926622e-01	   4.7679730816181998e-01	   4.6420769182965732e-01	   4.8084118785484292e-01	   5.7579650599963628e-01	   3.3336919941327431e-01	   2.8926169708414312e-01	   3.5028476955306281e-01	   3.2053944996799355e-01	   2.9802547156849768e-01	   1.2744355924071138e-01	   1.1841523411889177e-01	   3.5346428002720576e-01	   4.7358134756078651e-01	   3.3074295606884818e-01	   3.9270503984181865e-01	   5.9454423630613518e-01	   5.0301456314156567e-01	   3.9535526264514975e-01	   3.1041715297876871e-01	   3.5727357338024257e-01	   2.9598060407456583e-01	   3.8526099395290203e-01	   3.7637501006811702e-01	   3.6797174655142761e-01	   3.4523992638242018e-01	   4.6471615743734856e-01	   3.5035293869328432e-01	   4.8275386802125597e-01	   4.5934994331524803e-01	   5.0331977185904542e-01	   4.8041210733285578e-01	   5.1896650644675957e-01	   5.2025378133695621e-01	   3.7525447858165017e-01	   3.4462062277750277e-01	   4.4161579317729688e-01	   4.5659454505638120e-01	   1.9152784553573082e-01	   9.9324915559099947e-02	   3.6328187387599964e-01	   3.3484815314084765e-01	   2.8703128947598705e-01	   4.1003598951957981e-01	   4.1216183956104435e-01	   6.4691572678711939e-01	   3.6081256728767330e-01	   4.5671042044320370e-01	   4.0686153140089887e-01	   5.6843015752560488e-01	   3.1783472198704943e-01	   5.5519067659486554e-01	   8.4295190581615220e-02	   1.0576345544605373e-01	   1.6987090347408151e-02	   1.8080934451556757e-01	   7.4264478868956235e-02	   4.4048902953577174e-01	   3.9746287707833883e-01	   3.7953618094817221e-01	   2.3960155167477099e-01	   3.6241838373207713e-01	   1.1964345526723508e-01	  -5.5923024395572743e-02	
   5.6857807819722062e-01	   5.3071397621582483e-01	   3.1381069662164746e-01	   6.7999346553202655e-01	   5.5569722730319926e-01	   3.2381877766380179e-01	   0.0000000000000000e+00	   8.1182732934595392e-01	   5.6658304918738156e-01	   1.8107538945023649e-01	   7.2473428000746165e-01	   5.8842450682443093e-01	   6.8519535010970689e-01	   5.6500843117010580e-01	   4.0160053770165000e-01	   5.2298334009680469e-01	   6.4785140588992129e-01	   5.8268633932625280e-01	   4.6188464425715464e-01	   5.2656245752137432e-01	   5.5002084502222250e-02	   1.8182440081753060e-02	   9.6301269140578002e-02	   4.6104235959514087e-02	   1.6584684497696175e-01	   1.9447139012845266e-01	   2.1647513041718691e-02	   6.2387126465309431e-02	   5.1073190327170415e-01	   4.6160106901235398e-01	   2.8742488864908378e-01	   3.6062661266726570e-01	   7.3889386803832435e-01	   7.2869894859950257e-01	   6.1726941831738924e-01	   6.4244100758946132e-01	   5.6790996923459136e-01	   5.5608644343934077e-01	   5.5744121490640752e-01	   5.9755948782341084e-01	   5.1648911457422886e-01	   5.5088482832354002e-01	   6.5778503692508061e-01	   6.5279433905274720e-01	   5.6321175771421328e-01	   5.8771037470407361e-01	   6.1641441932794327e-01	   6.6483407204962852e-01	   5.9148898926956939e-01	   6.7055274437158785e-01	   6.6770283106456707e-01	   5.4653008506030665e-01	   6.5640459771546267e-01	   5.4774750461864807e-01	   6.6634393780867451e-01	   6.3544087947156347e-01	   3.7254437970406196e-01	   4.7905745599350213e-01	   7.1531057122948394e-01	   6.6163990391496386e-01	   7.3077478544942709e-01	   5.9805561499811677e-01	   3.1997078845091520e-01	   3.6242746723156194e-01	   6.1288854579870022e-01	   6.9315353625951470e-01	   7.6747322881032831e-01	   7.0701638065087269e-01	   5.7143006814608488e-01	   6.2914443080090632e-01	   3.5403540070152545e-01	   3.8573860245350600e-01	   5.4757808044042433e-01	   5.6496836589965704e-01	   4.7287620590329216e-01	   5.0874375791185744e-01	   7.2773788274584694e-01	   7.1332845872050621e-01	   4.7233934069555383e-01	   6.0492826376362052e-01	   5.5609874061484277e-01	   6.0362230330633193e-01	   6.4929832252196695e-01	   6.2848045937334607e-01	   5.4800092836986969e-01	   5.5987335960429874e-01	   3.4263286410393706e-01	   2.8433358258822700e-01	   6.0328350972339373e-01	   6.1055169222308370e-01	   5.4103951181471233e-01	   4.6953466357615714e-01	   5.8843166814465142e-01	   7.0684494760825267e-01	   6.4485027538969497e-01	   4.8238649031791203e-01	   7.6546275917899298e-01	   6.1525879412546125e-01	   7.4255954518449674e-01	   7.2848099233962471e-01	   5.9203441339612306e-01	   5.5271237121321182e-01	   6.6487264905716459e-01	   6.2078411117835897e-01	   5.6006567689006870e-01	   5.8134726617681243e-01	   5.5246685877471358e-01	   4.5276572550837479e-01	   1.7454704719058328e-01	   6.5357580188111930e-01	   6.9693995932256414e-01	   6.9204019645797943e-01	   6.7447849681534522e-01	   6.1783662768395231e-01	   4.4144221874728318e-01	   8.0225134732516939e-02	
   6.5295069135202044e-01	   6.6943841883185828e-01	   8.8243647460831326e-02	   7.6761705601102814e-01	   4.2303067524894056e-01	   3.9697429149017160e-01	   8.1182732934595392e-01	   0.0000000000000000e+00	   3.6094069491591541e-01	   2.8940331520529805e-01	   6.7089136491913015e-01	   8.6626726361718842e-01	   6.7402286152048885e-01	   8.0299208128918353e-01	   3.6282626853665279e-01	   6.9141892150928874e-01	   7.8377435626419145e-01	   7.7055604059887028e-01	   3.7194782476775851e-01	   5.9120800432934784e-01	  -7.9712821956617955e-02	  -5.3110182788788880e-02	  -1.4751616958012398e-01	  -9.1507307442982050e-02	  -7.4344632559709301e-02	   4.2795192424523010e-02	  -1.7805474909795990e-01	  -4.5381259939659066e-02	   7.0730286944321763e-01	   7.2226549613679003e-01	   1.4484814390916359e-01	   3.1979021822987508e-01	   6.9876380585895004e-01	   7.9319984735996529e-01	   4.1751045401350961e-01	   5.4180141028478812e-01	   5.6493632198014454e-01	   6.0277599303852780e-01	   5.2045256748301227e-01	   6.3060534753956599e-01	   6.3040401855304695e-01	   6.2412934138848719e-01	   6.0042961426228481e-01	   6.1277579129815785e-01	   6.0238656563541759e-01	   6.6355580790259094e-01	   5.5861874501919562e-01	   5.8611898054541423e-01	   5.5045449423204895e-01	   6.2825161954973852e-01	   5.6669345042074004e-01	   4.9083961453519209e-01	   5.8917046691370190e-01	   4.4203066408225522e-01	   6.9253766835521469e-01	   6.5698645427226410e-01	   5.6139900296233991e-01	   6.0674354896871829e-01	   7.3521238028542935e-01	   7.6491123065946043e-01	   8.1837637336312219e-01	   8.3334647248558735e-01	   5.1143090772343081e-01	   5.5817911305828571e-01	   4.4360535219107056e-01	   6.9684605213803708e-01	   6.9519015669587292e-01	   7.3992709290813086e-01	   4.6082600486222081e-01	   5.6818112204523308e-01	   2.9053555706538314e-01	   3.0423742515377061e-01	   6.6267450581458420e-01	   7.2576431893813065e-01	   5.9312704765906099e-01	   6.6218353498189542e-01	   7.3778268711340167e-01	   8.0646995407238986e-01	   6.8542026394313871e-01	   7.1858803064136900e-01	   7.3009420801287606e-01	   7.1962826424965942e-01	   6.6349837675435253e-01	   7.2336867644435454e-01	   4.5529326434206047e-01	   5.2982727754053782e-01	   3.3836474174725106e-01	   2.1093650688281035e-01	   5.4785275620560669e-01	   6.0431553493899204e-01	   4.1975977394146891e-01	   1.6750156186712992e-01	   6.3211496615728913e-01	   5.2977711317594389e-01	   6.3203991861023567e-01	   4.5758701142376129e-01	   7.2726860582947295e-01	   6.3241941642275401e-01	   7.7932745154116523e-01	   6.6537301794756321e-01	   7.2704779089108329e-01	   5.3614608422268739e-01	   6.8688685324733145e-01	   6.5207826197632146e-01	   6.0979267962237771e-01	   3.1409133759496954e-01	   5.7185353930152383e-01	   5.2124158843877477e-01	   1.9592736978475056e-01	   6.8540958707530097e-01	   7.0449490611504273e-01	   6.9436284101680223e-01	   5.9084494513808128e-01	   6.5180755302102800e-01	   4.1316364237565401e-01	   2.0867144096740239e-01	
   1.8606517464778694e-01	   1.7160880071643289e-01	   7.3784277986908606e-02	   2.7466861771128859e-01	   1.1789113149082603e-01	   2.2792311989706965e-01	   5.6658304918738156e-01	   3.6094069491591541e-01	   0.0000000000000000e+00	   6.6732365228340451e-01	   3.5389862287562068e-01	   2.0742983292756845e-01	   4.6901575391683176e-01	   2.6608872099576281e-01	   6.0909966552366845e-01	   5.0385485981259936e-01	   2.0100452687674783e-01	   2.0228359110517197e-01	   1.1866508836866602e-01	   7.5084718292814129e-02	  -1.8417882211913855e-01	  -1.7182407562092392e-01	   7.4865920737885783e-02	  -3.2300884118415148e-02	  -3.2623617261272664e-02	  -8.5425744885226834e-02	  -2.2363105343202749e-01	  -3.4824124624608649e-01	   1.5152753714499076e-01	   1.7719026603299320e-01	   6.5506578990148751e-02	   1.2332251584684040e-01	   1.9255650223947196e-01	   2.0176135222125086e-01	   2.0726308327826048e-01	   1.5087357958518050e-01	   6.5767355395704746e-02	   6.0049283488031388e-03	   5.0998456990868322e-03	  -4.5655815468332688e-03	  -8.0282554611062679e-02	  -3.5199949830991166e-02	   4.3954510343709735e-01	   4.3198071275543393e-01	   2.4939968842968105e-01	   2.1049490557090828e-01	   4.2597754814613698e-01	   4.3932019622858354e-01	   2.6707090679043116e-01	   2.7190062911214063e-01	   2.4252060478907927e-01	   1.8713473974128267e-01	   3.5493037116754178e-01	   3.1204569994925541e-01	   2.0118968222604247e-01	   1.4024071779576916e-01	   9.0446972260265768e-02	   1.6780672261434418e-01	   2.3152760997462749e-01	   1.9379229596926084e-01	   2.9686487888462687e-01	   2.0563440046216341e-01	   3.4219320764166478e-02	   8.0090220414104504e-02	   3.1006696912660431e-01	   2.8418342982102490e-01	   2.2339339248311707e-01	   1.4189613076463969e-01	   3.3150147163904087e-01	   2.7497463265641403e-01	   1.4239247507250336e-01	   1.8568056154168985e-01	   5.9758996594272876e-02	   1.1430703838525672e-01	  -9.5935664846699478e-03	  -4.9254178809147869e-02	   2.4320364216599694e-01	   2.2601850512110283e-01	   1.8820902464508285e-01	   2.6063958041864954e-01	   1.5527916687467050e-01	   1.9403859917479177e-01	   8.4856107122676772e-02	   8.4765528160655121e-03	   9.2015986167077013e-02	   1.9896895544064843e-02	  -2.6339979081187714e-01	  -3.0526757355598078e-01	   1.0736984648404049e-01	   7.1966738546309819e-02	   3.9355452019747378e-01	   3.8691372177590383e-01	   2.9159741472979694e-01	   5.0379519290418795e-01	   2.8339095587568830e-01	  -5.3852650758885257e-03	   4.2777122160452952e-01	   2.4769902603656391e-01	   3.9665259995225344e-01	   4.6346239396925559e-01	   3.0052517244124283e-01	   3.0419183950898226e-01	   3.2034118901894554e-01	   3.2859277053606972e-01	   1.4094550560426980e-01	   2.8593659529248283e-01	   3.9172776539479348e-01	   4.1577757234702339e-01	  -1.3776899753183822e-01	   1.7465948238906806e-01	   3.6100790919842307e-01	   3.5310131841637121e-01	   4.0419270884325931e-01	   3.9769489453239082e-01	   1.0927977727697269e-01	  -2.2572385362412004e-01	
   1.5989011771844167e-01	   1.0335151377684790e-01	  -4.1076262079109117e-02	   1.5823884510291966e-01	  -2.8289668246401345e-01	   2.2839635793845489e-01	   1.8107538945023649e-01	   2.8940331520529805e-01	   6.6732365228340451e-01	   0.0000000000000000e+00	   2.1913857175218460e-01	   2.9665485872970021e-01	   3.5273806253510914e-01	   3.4818363949071796e-01	   5.9579553789754536e-01	   6.1269364180901453e-01	   2.1057579420891262e-01	   2.3428334118695204e-01	   3.7271865238415858e-02	  -3.6526881692011390e-02	  -4.4527782468062005e-01	  -3.8436565153860658e-01	  -1.5490823690016786e-01	  -1.3995900098363045e-01	  -3.5374850430449345e-01	  -3.1566541819980098e-01	  -5.4213435825207279e-01	  -6.2986380579653090e-01	   2.8475170001331529e-01	   3.5935906876780488e-01	  -7.7149403446847870e-02	   3.2361865535315990e-02	  -4.0277860152630948e-03	   9.9969035721930027e-02	  -1.1524691363623721e-01	  -1.3729118035375804e-01	  -1.4591876972099485e-01	  -1.1191624280580056e-01	  -2.9263684160767084e-01	  -2.3344912929527173e-01	  -1.8297802943673197e-01	  -1.8755780589078000e-01	   2.4465817538158141e-01	   2.3956147183787829e-01	   1.1140190789940219e-01	   7.5582018939357634e-02	   2.0432296650916132e-01	   1.8498380732660552e-01	  -7.8487587690648022e-03	  -8.9789678455175492e-03	  -7.6836292925571370e-02	  -8.0211538827840989e-02	   6.6130061291762909e-02	   6.5478851075120303e-02	  -4.9264586255236303e-02	  -1.1781745150943157e-01	   1.8738180851959252e-01	   1.2508537862761998e-01	  -6.3902197867859757e-03	   3.1995496980146421e-02	   2.0234075374276128e-01	   2.2478361191357363e-01	   2.1027642378267974e-01	   1.6908043607393031e-01	   1.9634870259910703e-02	   1.0704790006043387e-01	  -9.8050723910486554e-02	  -8.0561300660917073e-02	  -3.2547287674582315e-02	  -6.1146978119504133e-02	   6.8676942543830957e-02	   7.1380304612183948e-02	   8.4499594140248907e-02	   1.5704466930584077e-01	   6.2833203214565897e-02	  -1.2174329546426339e-02	   1.1899192648785301e-01	   1.5947780685787544e-01	   2.9935138006815493e-01	   2.2169574259331848e-01	   2.0063662239802935e-01	   1.2012647563663845e-01	  -1.6173798706402970e-01	  -1.5957049945646609e-01	  -1.1260928516966945e-01	  -1.9998524132317680e-01	  -5.2170712088078308e-01	  -5.9992152969454593e-01	  -2.2114495603053377e-01	  -1.8773589716570060e-01	   9.8971594090664861e-02	  -9.2722216834104185e-02	   1.5174295894610818e-01	   1.1515378879860587e-01	   1.0497739827049207e-01	  -1.4715644813884640e-01	   1.9282338038123242e-01	   2.1955108837593856e-02	   2.1849515275079667e-01	   2.6677398604905589e-01	   2.6131135635219827e-01	   2.0342944967359633e-01	   1.0197375302725811e-01	   2.1882316607969013e-01	  -4.3533679058154022e-02	  -1.2179003816975836e-01	   2.8152383291167510e-01	   3.4770172627659768e-01	  -8.7894362595701353e-02	   2.1213987293885846e-02	   1.5461871811497982e-01	   1.3996227927320232e-01	   1.0076164322047129e-01	   2.3161558881721830e-01	  -1.0658763030528851e-01	  -1.3700790042770042e-01	
   7.2021512912861263e-01	   6.2291067430238956e-01	   3.8640167181781382e-01	   6.1718802470003342e-01	   5.3958990460007228e-01	   4.3400937556002084e-01	   7.2473428000746165e-01	   6.7089136491913015e-01	   3.5389862287562068e-01	   2.1913857175218460e-01	   0.0000000000000000e+00	   6.3670311261728996e-01	   8.6827260454409738e-01	   6.5476604279689177e-01	   5.5139334408104401e-01	   6.3089118232398200e-01	   7.1568863130293114e-01	   6.5600756399494164e-01	   6.6789091558109481e-01	   5.5836835807543084e-01	  -7.7728040320011571e-02	  -6.8967688977205135e-02	   1.6902871999239927e-01	   1.4467560277250405e-01	   1.0029754828405360e-01	   9.8783708796224293e-02	   7.0079978814633643e-03	   4.1338580738540714e-02	   6.3649940297209751e-01	   5.9145878489907178e-01	   3.0357272889739734e-01	   3.2270096207561028e-01	   7.3764680952369077e-01	   7.0841896648845437e-01	   5.3480382492895484e-01	   6.0639097964685229e-01	   5.8889632890495547e-01	   6.4898717986982701e-01	   4.4537261870924816e-01	   5.8815229757429099e-01	   5.9955653628578132e-01	   6.0582195826807639e-01	   5.5560598324080734e-01	   5.1416086473487521e-01	   5.0563899046488525e-01	   5.4206433927627184e-01	   4.7815355516558067e-01	   5.2093554662859398e-01	   4.7783194168886767e-01	   5.6594724058944446e-01	   5.5747889526637306e-01	   4.8453886196975882e-01	   5.7839487245565724e-01	   4.9328291504310301e-01	   6.0100708352292520e-01	   5.4896829270668801e-01	   5.0918263944850783e-01	   6.2392311530046629e-01	   6.2576473365302432e-01	   6.2409341118323436e-01	   7.2090167628752333e-01	   6.0941673479169478e-01	   5.7591708601207237e-01	   5.4230203978995140e-01	   4.9373084676274570e-01	   5.3564064255280219e-01	   6.1648932453122673e-01	   6.2088853038396796e-01	   5.3606099187983314e-01	   5.7393649182949125e-01	   5.0816440541741148e-01	   4.5715479661164904e-01	   6.7429166602338397e-01	   6.2226833185321206e-01	   6.9558840482475204e-01	   6.4614093411667928e-01	   8.0017242941783218e-01	   7.5052171814935098e-01	   5.8911894590266534e-01	   7.1445269397709388e-01	   6.6382649256117299e-01	   6.9082283291486302e-01	   7.1933327096732125e-01	   7.0916622564800691e-01	   6.7454067343962920e-01	   6.0489571581174206e-01	   4.2068259903097416e-01	   3.1635458261331295e-01	   5.6717785798940912e-01	   6.1662016498177918e-01	   4.8087264734280927e-01	   3.4679872857225369e-01	   6.1894252725846910e-01	   6.0935291111394296e-01	   4.4083289817863880e-01	   5.3162811541527577e-01	   6.5116577451328206e-01	   5.9701415897281618e-01	   6.4277617314322721e-01	   6.5417929713734535e-01	   6.6946584302055034e-01	   6.7217920262218323e-01	   6.0873856655176906e-01	   6.3522715425610066e-01	   3.8020329397502928e-01	   3.4393094124404655e-01	   5.6767901903411544e-01	   4.3397108195576806e-01	   2.4781430721726405e-01	   7.1602840899642661e-01	   6.6049813276222735e-01	   5.7078783081610229e-01	   5.1245776582231362e-01	   5.8020707499467183e-01	   2.7230009057548149e-01	   5.7032767663518044e-02	
   6.2874633993925078e-01	   7.1159415908349422e-01	  -1.2483426442997095e-01	   5.7012459772376034e-01	   2.9164257386524545e-01	   1.8592664964652034e-01	   5.8842450682443093e-01	   8.6626726361718842e-01	   2.0742983292756845e-01	   2.9665485872970021e-01	   6.3670311261728996e-01	   0.0000000000000000e+00	   7.0208740011027648e-01	   9.0685229329996142e-01	   3.2906417252833048e-01	   6.9741187815251438e-01	   7.7763545611646179e-01	   8.0035253723081468e-01	   2.4440937254496931e-01	   4.9245647514089663e-01	  -1.6607656871389243e-01	  -1.1782639823713323e-01	  -3.3622165880522265e-01	  -2.7789937248882729e-01	  -3.3080711750506536e-01	  -2.6562756030761447e-01	  -3.6527700438732380e-01	  -2.1888309117767846e-01	   7.8871814158242959e-01	   8.1475923365634750e-01	  -8.5461411927021003e-02	   9.5694634945728718e-02	   5.7343867511614988e-01	   6.9027386704898075e-01	   2.4230436553321189e-01	   3.8853692818481755e-01	   4.6020288590395764e-01	   5.2606016767066488e-01	   3.7911866826872870e-01	   5.0655063318024973e-01	   6.2172178903518360e-01	   5.8810878315908743e-01	   4.2586099142188477e-01	   4.5310430814834807e-01	   5.2835197436417802e-01	   6.0229465862188269e-01	   4.0705386371007257e-01	   4.3503689546361324e-01	   4.4624947771174439e-01	   4.8025366877353926e-01	   4.2758415735670385e-01	   3.4256186877479211e-01	   4.5902033370924700e-01	   3.1641081179682679e-01	   5.7999756283406434e-01	   5.3863650135719987e-01	   5.5753286862972751e-01	   6.8177074266259985e-01	   7.4051949052712929e-01	   7.3002770718352505e-01	   8.2843920215615907e-01	   8.5450998775851084e-01	   6.9061384615483346e-01	   6.9751352828678581e-01	   1.7678461964708245e-01	   4.3239617580901035e-01	   6.2333793076578470e-01	   6.8325454799624374e-01	   3.1504422904532975e-01	   4.6069430220627461e-01	   1.4143791427521324e-01	   1.7000212915461715e-01	   6.7543984635970278e-01	   7.4915814410894743e-01	   6.2649665013765787e-01	   6.6982833223112870e-01	   7.0843803003493244e-01	   7.6212271787432750e-01	   7.0446360551640530e-01	   7.0453243756387229e-01	   7.4228082174306220e-01	   6.9213789925219116e-01	   5.4648113046507851e-01	   6.7045100756214959e-01	   3.2086480700165559e-01	   3.8088119521537322e-01	   2.1806769549215760e-01	   7.9349127910436135e-02	   3.9042747550102019e-01	   5.2523532686631480e-01	   2.6203331063011592e-01	   2.3404984496005886e-02	   5.6754563134278069e-01	   4.1262378667853944e-01	   4.7288913566906327e-01	   3.2555084318494187e-01	   6.0994742527564605e-01	   4.9165188659092729e-01	   6.9887057921071716e-01	   5.4731291366551105e-01	   7.2534503941113959e-01	   4.6821020281311426e-01	   6.2117137690589463e-01	   5.6755333914358064e-01	   5.0757881785383951e-01	   1.3805481598793812e-01	   6.0694395026574333e-01	   4.7929617083876397e-01	   1.7045349068766699e-01	   6.2834313111793261e-01	   6.1619078197490529e-01	   5.9921864236197631e-01	   5.2772283791298291e-01	   5.8841137911582297e-01	   2.9323314063327777e-01	   1.8327995032306246e-01	
   6.0437544461261106e-01	   5.8359646812646726e-01	   1.1912429117043341e-01	   4.9525638603249839e-01	   3.1430545856862013e-01	   2.5443645090532585e-01	   6.8519535010970689e-01	   6.7402286152048885e-01	   4.6901575391683176e-01	   3.5273806253510914e-01	   8.6827260454409738e-01	   7.0208740011027648e-01	   0.0000000000000000e+00	   7.7429705976200880e-01	   6.0415351980161791e-01	   7.2579088634092037e-01	   6.0072557741135568e-01	   6.2383695643728432e-01	   3.7303146787282182e-01	   3.9981122643282657e-01	  -1.4098892046140749e-01	  -1.1191618266495168e-01	   4.1567889024457155e-02	   1.8155611874506802e-02	  -5.4344546669891483e-02	  -8.6341080210230958e-02	  -1.2551625698599872e-01	  -9.8160460083896256e-02	   5.9807309304996603e-01	   5.8843764327727921e-01	   1.5046962458924343e-01	   2.4863198925525862e-01	   5.4858280893539380e-01	   5.7090192645053395e-01	   4.3247618517636727e-01	   4.7163123408589303e-01	   4.5867269485425632e-01	   5.3651434143401289e-01	   3.3689045732721323e-01	   4.4155211643266928e-01	   4.7769791678171558e-01	   5.1233638825386463e-01	   5.0298757755997248e-01	   4.7406655547952670e-01	   4.4711668143362499e-01	   4.7619655109290693e-01	   4.4402495013973042e-01	   4.7089216716231508e-01	   4.6606303763947954e-01	   4.8111493176492959e-01	   5.0378377667776930e-01	   3.8983353860937908e-01	   5.6458569348290755e-01	   4.1453198082754006e-01	   5.3586087363328216e-01	   4.5533784230830465e-01	   3.6180062328456314e-01	   5.4720617465875199e-01	   6.0876235625343289e-01	   5.6240050594498392e-01	   7.0755156956580001e-01	   5.8649473972471999e-01	   4.6965946922080937e-01	   5.0308802872855407e-01	   3.3425462922135091e-01	   4.3192144372714014e-01	   5.5762269864627245e-01	   5.4472939432280731e-01	   5.0239370341013223e-01	   5.1881183331594360e-01	   3.4188363060520127e-01	   3.2881974731607061e-01	   5.7047167890846706e-01	   5.8339140425741309e-01	   5.8956748447947560e-01	   5.5435462484088804e-01	   6.8799632300243485e-01	   6.6554019755149540e-01	   5.0318582910481946e-01	   6.2830676932000040e-01	   5.5870351785243322e-01	   5.9722605978281484e-01	   5.2045841942533733e-01	   5.7702728226129330e-01	   4.4279409281887294e-01	   4.1131928338832252e-01	   2.4241987237631418e-01	   1.3583400730249748e-01	   4.3207771485422253e-01	   4.8197312849601393e-01	   4.2937231124738018e-01	   2.7567016411323653e-01	   5.5923462088827747e-01	   5.5241247965302653e-01	   4.1665031060260227e-01	   3.5460009405222315e-01	   6.2898114065778532e-01	   5.3852213204554134e-01	   6.0857263436022169e-01	   5.8941859311042388e-01	   6.1036469982510733e-01	   5.3824267155639782e-01	   5.3388193358015212e-01	   5.5051086796217241e-01	   4.2597826455269661e-01	   3.3592041816874352e-01	   6.0585288789682568e-01	   4.8862480109697692e-01	   1.1156995821226032e-01	   6.5453897685150830e-01	   6.1154067816753377e-01	   5.2247961643990692e-01	   4.8201222419169998e-01	   5.8558160545836924e-01	   3.1212575613829996e-01	   9.9383964794501137e-02	
