   0.0000000000000000e+00	   8.4324254785730623e-01	   2.0942004198785369e-01	   2.4912872437544628e-01	   4.3248665931570424e-01	   2.5451127744368779e-01	   3.9908649960201825e-01	   2.8971254658876622e-01	   2.4361538669746824e-01	   1.9851750688675876e-01	   6.3812278294262037e-01	   6.9041913582153835e-01	   5.9631105979865828e-01	   6.4649244858162358e-01	   3.3356707870252872e-01	   3.9789140574618859e-01	   6.7526301088212315e-01	   5.8364821396613153e-01	   6.6674206893368981e-01	   7.0634241971313094e-01	   3.8782491834641397e-01	   1.0605479833486144e-01	  -3.1753205121915880e-02	   1.1856621906904258e-02	  -1.8281227199975884e-02	  -1.3049326410082579e-01	   1.5756295822209826e-01	   1.7546950046340920e-01	   5.6484689143901678e-01	   5.3876691721571301e-01	  -2.1000426428185320e-02	  -2.8592784867580229e-02	   5.1377741987390158e-01	   5.1365864298541108e-01	   8.5651009118479338e-02	   1.2409403473220872e-01	   3.3949436335323141e-01	   4.6441311352995845e-01	   4.2410548696237449e-01	   3.2365244443657304e-01	   3.6861633561117663e-01	   1.2207926194560278e-01	   3.8878963470779671e-01	   4.1116518703814942e-01	   2.8894481942464884e-01	   3.7805017932133678e-01	   4.6736476956767015e-01	   4.5279100465411437e-01	   4.3861648396406272e-01	   4.6066215653585896e-01	   4.4562033705950177e-01	   2.6453569270078342e-01	   5.3958500246560537e-01	   4.6820282587865525e-01	   4.2615200439471662e-01	   3.6832068095008297e-01	   7.6460426466188003e-01	   7.4740511210464888e-01	   5.2628211438174910e-01	   4.8864073843385292e-01	   5.5502724707677364e-01	   5.0284112029142680e-01	   4.8296225117202596e-01	   5.2182676786636240e-01	   5.3551732821511454e-02	  -2.0787268768691275e-02	   1.8545114889193992e-01	   1.6077186711919694e-01	   7.1866171418290337e-01	   6.3995262145846632e-01	   3.8237577355176655e-01	   1.4651893828040319e-01	   6.6491418103282307e-01	   6.9980516472132737e-01	   6.2457192873591638e-01	   6.4005314743757702e-01	   7.8460466276802765e-01	   7.7040502071267747e-01	   3.8978796898270895e-01	   4.4693324959562530e-01	   4.2551027424871768e-01	   4.4500844049794058e-01	   4.9049439026217806e-01	   5.4346576453922002e-01	   4.7241167973798126e-01	   4.4225925535842758e-01	   1.2205143651380831e-01	   2.4265963238105814e-01	   5.5231195375319875e-01	   6.2261257363098532e-01	   2.4939647211837315e-01	   3.4815416835638552e-01	   1.2918897579168184e-01	   2.0552699693926935e-01	   2.7241207919852239e-01	   2.8723787134720513e-01	   4.3468784088948920e-01	   3.2678818859257464e-01	   3.5058128536901201e-01	   4.0538170101249477e-01	   4.3202410978036843e-01	   4.2578077784825780e-01	   5.3891858097082512e-01	   5.2036788883055940e-01	   6.4961076728532546e-02	   8.4091585291525377e-03	   1.0546055790518157e-02	   2.0677622096119014e-01	   4.6288144530115150e-01	   4.9048481678965405e-01	   5.1332083934857387e-01	   3.1407429741969867e-01	   1.9226761314265400e-01	   2.0966329216491120e-01	   8.5135737941556960e-02	  -1.9754523102443501e-02	
   8.4324254785730623e-01	   0.0000000000000000e+00	   1.2399725573416251e-01	   3.7549367157543811e-01	   3.2857070377601238e-01	   2.3918524211099002e-01	   3.5171491294855844e-01	   3.8287136750397016e-01	   1.5843432559696127e-01	   1.9699235615186045e-01	   3.3204598190579637e-01	   6.9527860297647415e-01	   2.8938004825691066e-01	   6.0843177722286179e-01	   1.3630586739663658e-01	   4.4551757401600389e-01	   6.8589026115983709e-01	   6.2412843248326466e-01	   6.1562182799368192e-01	   7.9750778356872787e-01	   3.6350639104270599e-01	   1.4229317441292624e-01	  -7.3841494266947319e-02	   5.0217076228815910e-02	  -2.8212917434145449e-02	  -8.9204910527375489e-02	   1.2632623826298092e-01	   1.5049398812723994e-01	   6.1656415850441748e-01	   6.2397716446441009e-01	   6.7439695974140693e-02	   9.3133416282268691e-02	   5.1892438181984146e-01	   5.8065798173164618e-01	  -8.9613488714216025e-03	   3.0366075986114197e-02	   2.3558895838731209e-01	   4.1093848379569897e-01	   3.6999322602990270e-01	   3.8322068412370597e-01	   2.8262119000008412e-01	   7.0157630551718572e-02	   5.0121635511567564e-01	   5.5515201951374105e-01	   3.2018607223609741e-01	   4.7698223801596967e-01	   5.6959027514229932e-01	   5.8488156178117379e-01	   4.8449899023717918e-01	   5.7002722700276087e-01	   5.2740965790018390e-01	   4.0383120319912780e-01	   5.8128122430581364e-01	   5.7899192565319979e-01	   5.0777376395374052e-01	   5.1609854279381540e-01	   8.1207761338383078e-01	   8.1175411327424252e-01	   2.9442526392109408e-01	   3.9215238567315952e-01	   3.0962425731488941e-01	   4.6303068867541475e-01	   3.1434713122806041e-01	   4.9773989421391818e-01	  -8.6594013540785691e-02	  -6.5894487116356718e-02	   6.3730036092455603e-02	   1.1011146631670676e-01	   7.0382491129496372e-01	   6.3698335891189561e-01	   2.3510279041062962e-01	   5.1505931021591400e-02	   6.0166001464148167e-01	   6.6721813277826614e-01	   5.0190783595731692e-01	   6.1761874254684290e-01	   6.6455830869314370e-01	   7.2591963422301875e-01	   4.3821401969903639e-01	   3.6173650356388104e-01	   4.2699306323477393e-01	   4.3288640268804601e-01	   3.7810594177912527e-01	   5.9898577831649347e-01	   2.1471225031480617e-01	   4.0162132006529028e-01	   3.2562312102310947e-02	   2.7374799424535512e-01	   3.7372522712773248e-01	   5.3609166756621729e-01	   3.3963902015898001e-01	   2.5716927653388344e-01	   9.8223302102778770e-02	  -4.2912672851059958e-03	   2.8933467386431810e-01	   3.7101601547184820e-01	   5.7020949015355515e-01	   4.7465089653579184e-01	   5.2422788838212364e-01	   5.1725067629339905e-01	   4.0789423413909492e-01	   2.3865485789910976e-01	   5.7521562997771292e-01	   4.1706125926749055e-01	   7.6468649075538450e-02	   1.9675551662875768e-02	  -7.4455195209200908e-02	   1.0502656109494440e-01	   5.5235263879804819e-01	   5.5055122964965686e-01	   5.7727205011792404e-01	   5.2418017597466382e-01	   3.3056120781893855e-01	   3.4590360988631408e-01	   2.1573058121629884e-01	   3.1452020882397770e-02	
   2.0942004198785369e-01	   1.2399725573416251e-01	   0.0000000000000000e+00	   5.8684931375023952e-01	   4.8784584913493262e-01	   2.3423083820996576e-01	   6.0191987622917098e-01	   2.4042286372625021e-01	   3.1535790091543126e-01	   2.4574511704075253e-01	   5.1263266286549980e-01	   1.1072720567320107e-01	   1.4169405178836367e-01	  -4.4240786134517240e-03	   4.3255912694366105e-01	   1.6433475289749183e-01	  -7.2397826643154240e-03	  -7.9558505648441885e-02	   6.2240863640214072e-01	   4.4123912750252403e-01	   3.9908720759269678e-01	   3.7457652159872734e-01	   6.6559823934339102e-01	   4.9670860276654011e-01	   3.3655559751800479e-01	   3.3838884053501905e-01	   2.6479709453556410e-01	   3.2637551878566390e-01	   2.2995489704947994e-01	   1.3001275394992862e-01	   7.0537018878462598e-01	   6.1844392659780267e-01	   6.0451909099156653e-01	   5.0276128356092009e-01	   4.3353584067541873e-01	   4.1324912717056717e-01	   1.0111652534975822e-01	   9.8982510413723954e-02	   2.5850529068965755e-01	   1.8529750175924914e-01	   4.9189941860950132e-02	  -2.9728555787691051e-03	   2.8454128740415036e-01	   2.9760026027882064e-01	   3.2755687081625517e-01	   2.6579226627129127e-01	   2.8424905094606789e-01	   3.6795625071376725e-01	   1.9989953302026797e-01	   3.4666815465000356e-01	   3.3141376830679703e-01	   2.6107624873650292e-01	   2.7340812869889075e-01	   3.9696110192554396e-01	   2.8522769448429031e-01	   3.0787076982866968e-01	  -7.9877782417430626e-02	   8.3217833691810100e-02	   1.3111311800610340e-01	   2.8331288901249813e-01	   1.1147777493637241e-01	   2.1381614308062352e-01	   2.5000684821238676e-03	  -9.5028012327477110e-02	   6.3164858598255946e-01	   4.3146051577720812e-01	   3.7909804968326777e-01	   3.8713139897895416e-01	   2.9558522182597152e-01	   2.7605753688256818e-01	   3.7535838228872576e-01	   4.1434275866735915e-01	   2.5500175505793621e-01	   1.8229132268841972e-01	   3.0633233204944443e-01	   2.0443267532860820e-01	   4.1331279847917946e-01	   4.3714182455692174e-01	  -1.2551627559527950e-01	   1.7261777467798719e-02	  -1.4131699446489324e-01	  -9.7439257214245290e-02	   6.1106357368862207e-01	   2.3265664269365027e-01	   5.2874893851207461e-01	   4.9955315744842549e-01	   6.1326584805916362e-01	   5.6434521115283864e-01	   3.6032592428500865e-01	   3.6776992476740272e-01	   2.8007518558210542e-01	   4.1442554454339731e-01	   4.0227243200597995e-01	   3.7244672771800869e-01	   1.0053371411083613e-01	   1.9279991623615877e-02	   6.2689822424590549e-02	   4.9653711591476322e-02	   1.6137303772125028e-01	   2.3377832217654554e-01	   2.1435209615588624e-01	   3.7777193594110153e-01	   3.9908586788855172e-02	   2.8001074081196276e-01	   1.0460151620825968e-01	   1.2242266956796150e-01	  -9.1530087181233136e-02	   1.5920410362128967e-01	  -2.5218795434306829e-02	   1.0811446004178282e-01	   2.8137845924745458e-01	   6.8230845813145369e-02	   4.5341874740591488e-02	  -9.6957039451024043e-03	   5.1828035366313974e-02	   2.0187082004947147e-03	
   2.4912872437544628e-01	   3.7549367157543811e-01	   5.8684931375023952e-01	   0.0000000000000000e+00	   5.1536410110817166e-01	   5.2229848235737886e-01	   6.2949011472791772e-01	   8.1952259625481982e-01	   2.9985098095755602e-01	   4.7397693416101561e-01	   2.8630485424311436e-01	   5.1607482715852360e-01	   7.0502725924359248e-03	   3.2518332470000588e-01	   2.1142557244053670e-01	   4.1020862949423464e-01	   1.4516160888016333e-01	   1.4715321144436866e-01	   4.9143865652380436e-01	   6.0676722333187261e-01	   2.5848667974635448e-01	   1.3910720346878361e-01	   2.9973858789158037e-01	   6.3091167764414835e-01	   3.2428631064566019e-02	   1.7058849846943858e-01	   1.0212795286012638e-01	   2.6384882806548138e-01	   3.8244218210305941e-01	   4.2844535687797336e-01	   4.4957669779952092e-01	   5.5776494159313195e-01	   5.5886640645600483e-01	   6.9614819690993679e-01	   2.5193321725282181e-01	   3.4245229998191568e-01	  -1.5250301338625824e-01	   6.8471058294485271e-02	   1.7017549741711130e-01	   2.9734595419190724e-01	  -1.5118530924128357e-01	  -2.6044872064971369e-01	   2.5346047002020100e-01	   3.1704756658485922e-01	   2.4272897051004491e-01	   2.6106576285140731e-01	   2.5478834335382483e-01	   4.0865965587376057e-01	   2.0761209759362881e-01	   4.2212347472951361e-01	   3.3635378547699135e-01	   3.3530500534329027e-01	   2.7278790994493435e-01	   5.4537889104723791e-01	   2.6643758521865896e-01	   3.5923887883912459e-01	   8.4927118755055667e-02	   2.9913341999819670e-01	   1.4099736103683633e-01	   4.3891020503596001e-01	   2.5094108927904563e-01	   6.7794329320451818e-01	   8.7864292743240729e-02	   3.0724161099088809e-01	   3.2981745747790414e-01	   4.2392851759285566e-01	   2.5679260274830684e-01	   3.6484474761390806e-01	   3.4724120264242547e-01	   4.6366565401378274e-01	   5.9275867526968021e-02	   1.0158341907451413e-01	   9.8515127647171602e-02	   1.3997083133129967e-01	   3.6066765962828137e-02	   6.9711836017876727e-02	   2.2558538100094710e-01	   4.4984311335417665e-01	   6.6851840199554499e-03	  -1.4659001271674271e-02	  -5.3544353505903097e-03	   5.8438818081062972e-02	   3.7653005626527924e-01	   4.1332501293233903e-01	   2.2833574878688759e-01	   6.1884368312134641e-01	   1.8564585711327833e-01	   4.6946690408274061e-01	   3.0445608682159053e-01	   5.4362891897497034e-01	   5.8795708288183290e-01	   2.6803608533087853e-01	   5.6529223738502110e-01	   7.5748208587765306e-02	   1.4760351645339059e-01	   2.5096478417839052e-01	   1.4494113756044896e-01	   1.3423330316695475e-01	   3.7626532729094275e-01	   2.9752218185125368e-01	   5.6083164464286583e-01	   3.4728942285324887e-01	   3.2047682003743971e-01	   3.3443845713029507e-01	   1.6536350738795791e-01	   1.7895726905442881e-02	  -3.3753356198976486e-02	   7.2812233615653019e-02	   1.5932685110833472e-01	   2.5573715489722448e-01	   2.9134742043957751e-01	   3.3721080932116165e-01	   2.2249919022137771e-01	   1.9965700193322200e-01	   1.5093407463283653e-01	   1.3405047671731107e-01	
   4.3248665931570424e-01	   3.2857070377601238e-01	   4.8784584913493262e-01	   5.1536410110817166e-01	   0.0000000000000000e+00	   8.1483808051639395e-01	   7.1484313292273094e-01	   5.4537682018804434e-01	   5.3564429267546754e-01	   5.5674503781141527e-01	   5.2215088547047839e-01	   5.4825881008268607e-01	   5.2010098534695448e-01	   3.9760566026235689e-01	   5.7457615946710749e-01	   4.6821676243007243e-01	   2.5955355724144269e-01	   3.1892584694349357e-01	   4.0845857366787752e-01	   4.1090563613816722e-01	   3.7328225639996260e-01	   2.6175276905367106e-01	   3.9451912341207190e-01	   4.3042955420720225e-01	   3.3908085021239293e-01	   2.1780796241900269e-01	   4.0341773994412433e-01	   4.9483766904794191e-01	   3.7829522735677390e-01	   3.9663264888526611e-01	   3.2502232287539989e-01	   3.0768663730957857e-01	   5.8523389233156875e-01	   5.6989186590019569e-01	   4.3584383052473108e-01	   4.8949238792209970e-01	   3.0603088840028692e-01	   3.1619537779798762e-01	   5.3501799082101242e-01	   3.3405737415956688e-01	   2.8695058848456212e-01	   4.2683535177447142e-02	   4.0892439229663319e-01	   4.4027991762895152e-01	   4.4670961422074962e-01	   3.5049932227795505e-01	   3.6497203334101747e-01	   4.8190484973171854e-01	   3.6300669107028039e-01	   5.0398274950102828e-01	   3.7471616773727123e-01	   3.2404804850670521e-01	   2.7236121446217509e-01	   3.8269682024857293e-01	   3.4468442584158154e-01	   3.0633389358327401e-01	   1.4979257907092855e-01	   3.2960687257752475e-01	   5.7212381630750664e-01	   5.3336336992252065e-01	   6.1978914202834023e-01	   5.6542255231785887e-01	   3.0265516872318338e-01	   4.0595439550686363e-01	   5.0514577925315785e-01	   5.2237659941847803e-01	   5.6232105859174575e-01	   5.2437092603454960e-01	   3.8042317695717842e-01	   5.2449875406219748e-01	   3.3150152219514595e-01	   2.4323741236617394e-01	   3.4578476150562831e-01	   3.7267272074224256e-01	   3.5298712711398694e-01	   3.3819876915288155e-01	   5.1998451008506419e-01	   5.6416236054193003e-01	   7.8442310881750965e-02	   1.5890868028699343e-01	   9.2882688543895822e-02	   2.4338954009533881e-01	   5.9505004720058219e-01	   3.9851403633824778e-01	   5.5975297491930776e-01	   6.7489657728971597e-01	   3.6062791263915633e-01	   5.3166266139723273e-01	   6.6144848056837302e-01	   6.8878352500162310e-01	   5.3086715182516198e-01	   6.3859334201045170e-01	   6.8976118359121541e-01	   5.9377983546390989e-01	   1.8225729036813512e-01	   2.2246323730507475e-01	   2.5286233588902846e-01	   2.1286259100469521e-01	   3.3541517576186547e-01	   3.2803610199789490e-01	   6.5816008979328444e-01	   7.4982006048731331e-01	   4.9212966062230945e-01	   6.0303184992497161e-01	   4.3421193186924223e-01	   3.1492003723248380e-01	   1.4287272855665262e-01	   3.6728767582286415e-01	   2.7322514576182427e-01	   4.1895347192990889e-01	   4.2886094144298215e-01	   2.7678482389245951e-01	   3.3385705402015875e-01	   1.8485070979815499e-01	   2.7489430526854169e-01	  -2.8393028205067797e-02	
   2.5451127744368779e-01	   2.3918524211099002e-01	   2.3423083820996576e-01	   5.2229848235737886e-01	   8.1483808051639395e-01	   0.0000000000000000e+00	   4.7073740065367814e-01	   6.2100047772771294e-01	   4.1105465978428046e-01	   6.6433344655223658e-01	   2.3431953060341637e-01	   4.8613745260673530e-01	   3.3617564697679903e-01	   3.4159710542302157e-01	   3.9104072544040502e-01	   4.8153899026604313e-01	   9.6898312031478237e-02	   1.9082940019061351e-01	   1.2591034185552077e-01	   1.8966407516234457e-01	   1.5689640223978055e-01	   2.1507760343411975e-01	   3.0175733588191633e-01	   5.1113621416215693e-01	   3.4377602853976830e-01	   3.2335553292198471e-01	   3.7776242073360489e-01	   5.5793045004950081e-01	   1.4340965495607833e-01	   2.3498382776678473e-01	   1.5761005120566041e-01	   2.4561323987494890e-01	   3.5289148002892273e-01	   4.1648920855351212e-01	   4.0163457668201002e-01	   4.9870780968032313e-01	   1.7929571334173400e-01	   2.8638806326790123e-01	   4.1102143503677857e-01	   3.1143982636473544e-01	   1.2210417550009636e-01	  -1.0559164177959200e-01	   3.6356748531924754e-01	   4.2400258839179567e-01	   3.8338450496581244e-01	   3.6241672919263801e-01	   3.2611990597152041e-01	   4.5970225972971879e-01	   3.3642488733364445e-01	   5.3774926409486601e-01	   3.5611014568818544e-01	   4.0740395263643087e-01	   2.7701101471823358e-01	   4.1216269897319879e-01	   3.7024699517079518e-01	   3.7312841689607329e-01	   3.6481065178125133e-02	   2.3925189007344949e-01	   4.9424532236939289e-01	   5.7883958295671500e-01	   5.6747420064718712e-01	   6.3124771249667078e-01	   1.9124799574965651e-01	   3.4891208730577516e-01	   4.1526729003242441e-01	   6.2214688364326609e-01	   4.5959549008756728e-01	   4.7972189920983710e-01	   1.9510861491374826e-01	   4.2690186853876233e-01	   9.2678422952191281e-02	   1.7105902565070841e-01	   6.2332327516059841e-02	   1.3635069302986103e-01	   4.3847626694137616e-02	   8.8200295514479304e-02	   2.6356896734838453e-01	   4.0362263165358853e-01	  -2.7367677245168000e-02	  -5.5506393446764883e-03	   1.3509150484004943e-02	   1.4732647485391231e-01	   3.9810212936886924e-01	   2.9812967053223827e-01	   3.4488488215667851e-01	   5.7772616794516551e-01	   2.5612094010265674e-01	   4.9654808106444093e-01	   5.9210576312138374e-01	   6.6269562156994788e-01	   5.7101923518411224e-01	   4.4014730320263423e-01	   7.1798075810059625e-01	   3.2075054811320802e-01	   1.1142737223055739e-01	   1.6557798483223776e-01	   2.5026480206370638e-01	   2.6523063229143629e-01	   3.5951405643960166e-01	   2.8406501313610810e-01	   6.8194113512807619e-01	   5.7621075843186975e-01	   4.6171472547093739e-01	   4.5800221466279778e-01	   4.9091920388440463e-01	   2.6903172370623973e-01	   3.1894105686175650e-01	   3.3754482043297596e-01	   2.3323206381807488e-01	   4.2382741950512653e-01	   3.5179548122135590e-01	   2.8112575945813550e-01	   3.3753379740680201e-01	   2.4408625907690318e-01	   3.5749947028743101e-01	   3.5306774677718616e-02	
   3.9908649960201825e-01	   3.5171491294855844e-01	   6.0191987622917098e-01	   6.2949011472791772e-01	   7.1484313292273094e-01	   4.7073740065367814e-01	   0.0000000000000000e+00	   6.6993797306524927e-01	   5.7019941126906337e-01	   4.0729061092286584e-01	   4.8378842190466032e-01	   5.2674078139652836e-01	   4.6329262484804190e-01	   4.0948635352202267e-01	   4.8783506299316537e-01	   4.0516880212617218e-01	   2.8694084132709374e-01	   1.9451611865026019e-01	   5.4358564171737178e-01	   5.5417477218661393e-01	   2.7377935179457558e-01	   1.3568399099860770e-01	   3.4774362144888182e-01	   4.2244330576524020e-01	   1.5552278799161318e-01	   7.0459326249920073e-02	   1.3691067860084360e-01	   1.8191396769940441e-01	   5.4877833635283835e-01	   4.6407653116200775e-01	   3.8945424957709146e-01	   3.4768447260729152e-01	   6.8930569810762932e-01	   6.7516558578703045e-01	   2.0951929665595348e-01	   2.3996689774846719e-01	   2.2930296497141292e-01	   2.0413443054258218e-01	   5.0179581728800116e-01	   2.6830076551013660e-01	   1.9285960130156382e-01	   5.3072476047882648e-03	   3.0581838840014874e-01	   3.1184805771669188e-01	   2.7952534272315710e-01	   1.9076608988116955e-01	   2.9984771409245892e-01	   4.0426079045348939e-01	   2.4567239141547981e-01	   3.2480358962172884e-01	   3.1991218209495020e-01	   2.4318415771493185e-01	   2.0466889676598066e-01	   3.8338680500916350e-01	   2.8987890981937364e-01	   2.5386019151801953e-01	   1.2303093275957644e-01	   1.9233294103759502e-01	   3.4116524410285354e-01	   2.6623839334038568e-01	   4.8247906290921694e-01	   4.8727544256472755e-01	   3.4304757489432930e-01	   3.7098243348411875e-01	   3.1915541436518619e-01	   3.3489856912215865e-01	   3.2525977796876543e-01	   2.9038520408090451e-01	   4.0484462331224613e-01	   4.3390663323427947e-01	   3.4837226650832254e-01	   1.2201791656487593e-01	   3.3631775013535492e-01	   3.0383860853199218e-01	   3.1056186854991308e-01	   2.7569692789373007e-01	   4.5586805104467765e-01	   5.2830233890552947e-01	   7.2032974572327546e-02	   8.1974871645371858e-02	   1.7576399532229325e-01	   2.1696608330480932e-01	   4.8497183544058603e-01	   4.1826810493007227e-01	   3.6497435993701727e-01	   5.8432212003657136e-01	   1.5924483625890418e-01	   2.8251668369947980e-01	   5.1736296115059011e-01	   5.3174066033451717e-01	   4.5830312978224030e-01	   5.7970677931356673e-01	   5.3505459206334149e-01	   5.3037131915736513e-01	   1.5499748274563291e-01	   9.5271131865625885e-02	   1.7543532063514478e-01	   1.8375394976542309e-01	   3.4087402652298454e-01	   3.5696577122944673e-01	   5.4022925549998235e-01	   6.8708197196553955e-01	   3.4566065668884860e-01	   5.3730349903562469e-01	   2.4868197618381560e-01	   8.7990481287108416e-02	  -1.4312371420204837e-02	   2.7126425374681784e-01	   1.5011654992018264e-01	   4.0425085523430970e-01	   3.8917857152822821e-01	   3.2473757579498119e-01	   2.9222061639883612e-01	   2.2427593415098315e-01	   1.7444607022392378e-01	  -8.9279124296945418e-03	
   2.8971254658876622e-01	   3.8287136750397016e-01	   2.4042286372625021e-01	   8.1952259625481982e-01	   5.4537682018804434e-01	   6.2100047772771294e-01	   6.6993797306524927e-01	   0.0000000000000000e+00	   3.8548704844224263e-01	   5.7753561918924179e-01	   2.3276326385637466e-01	   6.5670771336292200e-01	   2.0914475866810830e-01	   5.3345784223148252e-01	   2.2530883156094511e-01	   5.0662988343768212e-01	   3.1670767974423653e-01	   3.0605872881882795e-01	   3.6994541034580458e-01	   5.1987686712892711e-01	   3.9184422774124206e-02	  -4.2907655686549091e-02	   2.1406660113229000e-02	   4.3596454171899834e-01	  -1.6516568927828479e-01	  -7.6385721141120397e-02	  -9.3021409834278562e-02	   3.9639174624485775e-02	   5.0900805902393997e-01	   5.8352287237762213e-01	   1.0688940287080786e-01	   2.2931671421607125e-01	   4.5613030855542480e-01	   6.5341659515132311e-01	   3.5023322492347894e-02	   1.4660991046550914e-01	  -4.9791366187626529e-02	   7.6360934473444608e-02	   2.4446557871094626e-01	   2.0924906095295986e-01	  -9.5835498301271915e-02	  -2.5781686501471029e-01	   2.4763248022839471e-01	   2.9451557702254455e-01	   1.6008328297172850e-01	   1.7028924508572943e-01	   2.2199787637425783e-01	   3.6239299761000643e-01	   1.7039596880740440e-01	   3.4913294034976161e-01	   2.2994897287937699e-01	   2.9022853223391842e-01	   1.6471698102831345e-01	   4.4213297252656319e-01	   1.9791080240041550e-01	   2.7833194835420361e-01	   1.3354160972724796e-01	   2.4930744246168651e-01	   1.7666657173248501e-01	   4.0084096821171261e-01	   3.4258518952287254e-01	   7.6787622268482969e-01	   3.1905749278614826e-01	   5.7156097177342624e-01	   7.5005989947812823e-02	   3.0206219751167424e-01	   1.2599253059517118e-01	   2.1522933789154888e-01	   2.9939468869853114e-01	   4.0481209701031218e-01	   7.4552218991532526e-02	   2.5599268477075384e-02	   1.0695397564657015e-01	   1.8809637289026332e-01	   2.1826482463906130e-02	   1.0756364274590295e-01	   2.0416470486633331e-01	   4.2685430533859903e-01	   1.5089082196739492e-01	   4.6668530972833515e-02	   2.5242745689420149e-01	   2.6592553975706246e-01	   2.6374568896790851e-01	   4.5833445299766618e-01	   8.0515091083616430e-02	   4.7819880494475120e-01	  -6.9319086324942977e-02	   1.6736513105889794e-01	   2.9935719076378586e-01	   5.2878242161607580e-01	   5.4032832118046925e-01	   2.8337669575709373e-01	   5.2372099685756368e-01	   1.3677479984750637e-01	   8.7444020934601130e-02	   1.6005595610240428e-01	   1.1079245501395885e-01	   1.3332392494772421e-01	   3.9365792600054250e-01	   3.3436748748651651e-01	   6.2290276603186667e-01	   4.3202746967705963e-01	   3.7625389141658927e-01	   4.0679391646614416e-01	   2.1554117133808454e-01	  -3.5247961460735902e-02	   1.1681194592248695e-01	   1.0306500423400942e-01	   1.3819906475374472e-01	   3.4578202626891918e-01	   2.4368920454470369e-01	   3.9494002185386623e-01	   2.8901725554060781e-01	   2.8385158720999248e-01	   1.9974816312090049e-01	   5.7242314398309742e-02	
   2.4361538669746824e-01	   1.5843432559696127e-01	   3.1535790091543126e-01	   2.9985098095755602e-01	   5.3564429267546754e-01	   4.1105465978428046e-01	   5.7019941126906337e-01	   3.8548704844224263e-01	   0.0000000000000000e+00	   8.1565839331615264e-01	   4.6531905194041645e-01	   2.3902429161546676e-01	   2.6982390325644351e-01	   2.1925769562800637e-01	   8.0186404433202807e-01	   6.6002862121033112e-01	   5.2311511576181302e-02	   2.3602269113625143e-02	   3.5450183631725674e-01	   2.4211631764279573e-01	   2.4691845697827819e-01	   9.5396316423318417e-02	   5.4188694265828463e-01	   4.7912956898713982e-01	   2.3552846976619479e-01	   2.1132808373072459e-01	   1.8437353435328716e-01	   2.4733134377538776e-01	   2.1547935971235399e-01	   1.2699862530742159e-01	   3.5129822770631408e-01	   3.3619576130984097e-01	   2.5956364831742801e-01	   2.5679463001711861e-01	  -7.5939614573655362e-02	  -7.7384291913705994e-02	   2.7641227560142223e-01	   2.5854402006219168e-01	   3.5548053476360353e-01	   1.4617339529785278e-01	   9.8952018411056303e-02	   1.0010063559221336e-02	  -1.1517195892133367e-01	  -5.2975647860942485e-02	  -2.1952747796011493e-01	  -1.6339647438573490e-01	  -3.5028045303121064e-02	   9.3569150698628090e-02	  -2.0944225616318973e-01	   1.5018305689061745e-01	  -8.8725664209943850e-02	  -1.0319582466655036e-01	  -6.4905278054920544e-03	   1.2088588233950495e-01	  -4.0654685403050901e-02	   1.6333362996064235e-02	   6.3129160836757348e-02	   1.9960169294273589e-01	  -1.9832517490314817e-02	   5.8768782864372489e-02	   3.3204280738984460e-01	   5.3993761794032191e-01	  -4.1894312696128269e-02	  -7.8186199435444137e-02	   5.2600753864517125e-01	   5.4793986106541426e-01	  -1.7131775371031743e-01	  -2.2282095034892879e-01	   4.4332658151177873e-01	   3.2983885096290344e-01	   2.7269107635188716e-01	   2.5342812865263237e-01	   2.9590577569074605e-01	   3.0354572453397644e-01	   3.1903991996969644e-01	   3.3305026968642182e-01	   2.1473503206809971e-01	   2.8844646265444551e-01	   5.9472813952822605e-02	   5.7714716472820345e-02	   1.1382416804279902e-02	   1.2410437826927587e-03	   3.4129250798876776e-01	   1.1371725116482835e-01	   4.5153380256721021e-01	   3.9450817561236368e-01	   3.2712528803486962e-01	   3.6300884744687750e-01	   5.5441531195471772e-01	   5.5746849631445672e-01	   1.8167351717574587e-01	   4.1336064016313750e-01	   5.1484561067493961e-01	   4.7625473845966038e-01	   3.1003228406444655e-01	   1.5720919241819417e-01	   6.2947519891587034e-02	   9.9715035904188509e-02	  -1.2705233365470537e-02	   7.4779971663680278e-02	   1.5039682170791135e-01	   3.0875369485612736e-01	  -9.2986999015091859e-02	   1.0085423279339312e-01	  -1.2080549710220541e-01	  -2.7663759895360851e-01	  -3.1224324996514008e-01	  -6.0912526538577866e-03	   8.8743372047569546e-02	   2.9070123739806175e-01	   5.6933760104139364e-02	  -8.1254312649955973e-02	  -1.8277308269095807e-01	   8.8634991762938358e-03	   7.1759407667577532e-02	  -1.7588788155023105e-01	
   1.9851750688675876e-01	   1.9699235615186045e-01	   2.4574511704075253e-01	   4.7397693416101561e-01	   5.5674503781141527e-01	   6.6433344655223658e-01	   4.0729061092286584e-01	   5.7753561918924179e-01	   8.1565839331615264e-01	   0.0000000000000000e+00	   3.1308923898204211e-01	   2.9689915566818720e-01	   1.5308639720415898e-01	   2.5620176409782630e-01	   6.6457073063633632e-01	   7.1082176173902056e-01	   2.8547502463488660e-02	   4.5761645217869573e-02	   2.4740430730840293e-01	   2.0336808968946102e-01	   1.5081889267831877e-01	   9.2339712359498630e-02	   4.6205225544753015e-01	   5.7899609739100377e-01	   1.8182198142414946e-01	   2.5479508224594610e-01	   1.9373252608542174e-01	   3.3703629075989061e-01	   1.1184143238121565e-01	   1.2925069845810458e-01	   2.5574901708558062e-01	   3.3059074435244623e-01	   1.8763069189293669e-01	   2.7769238275925007e-01	  -1.4808034879037863e-02	   1.1411928004308765e-02	   1.2802751256627126e-01	   2.5371894822349611e-01	   2.5174696277617298e-01	   1.7793561013000483e-01	  -1.1003574196795480e-02	  -1.3672469063257597e-01	   7.9500563345791828e-04	   1.0556402401034259e-01	  -1.3859741478315268e-01	  -7.5511102213596942e-03	   6.0387380782511171e-02	   2.1639518028978752e-01	  -1.2116008051756533e-01	   3.4350253258693680e-01	  -3.9581831426666256e-03	   6.7726817784588805e-02	   7.6273114027525957e-02	   2.5701741224852259e-01	   4.7205051508695209e-02	   1.7460253606693707e-01	   5.4412453420300447e-02	   2.3948070410790029e-01	   5.7146588607384519e-03	   2.6525917683815442e-01	   3.2240886268056035e-01	   7.1043797738917935e-01	  -4.3236983359734991e-02	   2.7409729846369423e-02	   4.9875554877719352e-01	   6.6082249556244999e-01	  -1.2918589169536687e-01	  -1.0171066217234956e-01	   3.5147441955990633e-01	   3.2833459083932748e-01	   1.3393587046307709e-01	   3.3781289556046212e-01	   1.5125082456587624e-01	   2.3038511253091862e-01	   1.5784110798486711e-01	   2.2795470603888981e-01	   1.3796157376997331e-01	   2.9434360071256144e-01	   6.2499100271283574e-02	   4.4608706697878878e-02	  -6.8523673026330153e-04	   8.1077826921184919e-03	   3.2355134933696000e-01	   1.3182816765299560e-01	   3.5855701023037323e-01	   4.0835938682353445e-01	   3.4043705247567335e-01	   4.6631502772532707e-01	   5.0801924319872360e-01	   6.2713480139193289e-01	   3.1429485810618757e-01	   2.8397116057645977e-01	   6.3493475276362710e-01	   2.8369525457718059e-01	   2.7849190401048562e-01	   1.6767676093166184e-01	   8.7288786034413257e-02	   1.3565418019362169e-01	   7.9225271583101137e-02	   1.0636024416999046e-01	   2.7264067286655103e-01	   2.4611323706714244e-01	  -3.8896839822525576e-03	   7.8610666248251498e-02	   2.6289797940387303e-02	  -2.2187482098937017e-01	  -1.0950358483822648e-01	   2.1165902039502613e-02	   1.6128369249225141e-01	   2.9276055687916264e-01	   7.7985874615565887e-02	   6.7976214318502485e-03	  -8.9869102288348018e-02	   1.0373955448331493e-01	   1.8587818367473841e-01	  -6.4044556194295263e-02	
   6.3812278294262037e-01	   3.3204598190579637e-01	   5.1263266286549980e-01	   2.8630485424311436e-01	   5.2215088547047839e-01	   2.3431953060341637e-01	   4.8378842190466032e-01	   2.3276326385637466e-01	   4.6531905194041645e-01	   3.1308923898204211e-01	   0.0000000000000000e+00	   5.6215520731793389e-01	   6.8052797535708731e-01	   4.9605011459604881e-01	   7.0189419937338104e-01	   4.9021671808159695e-01	   3.9497451250737492e-01	   2.0144783527323071e-01	   6.8571495499875956e-01	   5.3492432217515962e-01	   2.8835356758645142e-01	   4.9394527537748076e-02	   2.9939889783742724e-01	   2.4838967950621660e-01	   3.7140378210319000e-02	  -2.4716848880613922e-02	   8.5644275752779747e-02	   1.8396958731450014e-01	   4.5729963917626482e-01	   3.2805999483275466e-01	   2.3871928560030092e-01	   1.8097113610947937e-01	   4.5213832341693105e-01	   3.7102412535150003e-01	   1.5432384516430325e-01	   1.6109874537917435e-01	   1.8214419830285211e-01	   2.3390431060911174e-01	   2.6271353296867728e-01	  -1.2203333684033249e-02	   2.4609057836899031e-01	   5.5371432734849783e-02	  -2.2884844196854603e-03	   7.0160192040412701e-03	   1.5292020986052403e-02	  -2.5744391281849535e-02	   3.5472575997609168e-02	   7.8397092003970117e-02	  -3.2139787020359398e-02	   1.0076837238467128e-01	   5.0304890814485761e-03	  -1.3882211195250177e-01	   1.0029854846020324e-01	   1.3540220686030985e-01	   1.9138291847429570e-04	  -4.4709498389346292e-02	   2.7786469072258790e-01	   3.6179363200830161e-01	   2.6674425460598450e-01	   3.0170934373023517e-01	   4.7891730882599820e-01	   4.5015512560047233e-01	   5.0733074850546367e-01	   3.1130291909316432e-01	   4.4376891219018244e-01	   2.4341969517727213e-01	   1.6809029135564238e-01	   1.2180086249556779e-01	   5.4558390089219033e-01	   4.8921195860106115e-01	   4.5648769702057768e-01	   3.5139697596025127e-01	   4.6352835356164634e-01	   4.5593707392759242e-01	   5.2200921348444407e-01	   4.4865207815632580e-01	   5.7041429983275749e-01	   5.7664420203849687e-01	   2.2762413250086985e-01	   3.7476594050672540e-01	   3.0432648087555531e-01	   3.2515557925414917e-01	   6.6720876952332464e-01	   4.0207609623839102e-01	   7.2348360158590541e-01	   6.2438825179080770e-01	   3.7242480156111568e-01	   3.3397583753925736e-01	   4.6579749451058322e-01	   5.7701131439019582e-01	   1.3889184121090631e-01	   3.9193384856658886e-01	   3.3348397571433769e-01	   4.0624645925071040e-01	   1.0966244899431857e-01	   1.1172095746730681e-01	  -1.6880452321167801e-02	  -1.5702845973334070e-01	  -6.6573261817744644e-02	   2.7161333344873834e-02	   2.6078290806093468e-01	   4.3028734197843543e-01	   1.6645963053543905e-01	   3.5126487494298458e-01	  -1.1416209943620145e-01	  -1.3553795713546024e-01	  -1.3280519402537133e-01	   1.2683132685375534e-01	   6.9031132822161362e-02	   2.3140035565471428e-01	   1.3795760238144000e-01	  -1.5083725322091335e-01	  -1.7115965202726713e-01	  -2.3125163931005172e-01	  -2.0563124588254300e-01	  -2.7899377709066064e-01	
   6.9041913582153835e-01	   6.9527860297647415e-01	   1.1072720567320107e-01	   5.1607482715852360e-01	   5.4825881008268607e-01	   4.8613745260673530e-01	   5.2674078139652836e-01	   6.5670771336292200e-01	   2.3902429161546676e-01	   2.9689915566818720e-01	   5.6215520731793389e-01	   0.0000000000000000e+00	   6.0376279366432151e-01	   8.9412867148106767e-01	   2.9529281306108601e-01	   6.3145254110413340e-01	   6.6617668157605658e-01	   5.6572828000103192e-01	   4.6777837983989756e-01	   6.5229370180705282e-01	   2.2987071327870079e-01	  -2.5627720007324599e-02	  -9.6608324959894437e-02	   2.3406795133933989e-01	  -9.6983180871999419e-02	  -1.3166483777887419e-01	   5.2723213553312831e-02	   1.4850934406129926e-01	   7.0905387954896559e-01	   7.1328030201856418e-01	   8.7871411247850782e-03	   7.6739686193193130e-02	   4.9635193372973174e-01	   6.0033073350474653e-01	   8.4558288680443044e-02	   1.6719595854619332e-01	   7.1605306122735524e-02	   2.5871643267894145e-01	   3.4726424764806496e-01	   2.1617258149917407e-01	   1.9400236366159301e-01	  -2.3745693682613554e-02	   2.5638855443394787e-01	   2.8934509473502945e-01	   1.8947993489878090e-01	   2.1358209660829530e-01	   2.2859884000628181e-01	   3.1598055186161839e-01	   2.5982646422127931e-01	   3.2558752109450845e-01	   2.4433614346757143e-01	   1.6841171494063462e-01	   2.4919188959087885e-01	   3.5940959073825651e-01	   2.1225698293416612e-01	   1.8986116785820575e-01	   5.0835107251722755e-01	   5.6882775556239706e-01	   3.6312084733176719e-01	   4.2098751250356414e-01	   5.6773671761444100e-01	   6.6832929118500317e-01	   6.6207670142995512e-01	   7.9793151152361386e-01	  -1.9649148021710243e-02	   7.8225493942633256e-02	   1.9015936008430140e-01	   2.2867123444665896e-01	   4.6410945902913919e-01	   5.3377562638958886e-01	   1.6168391072828994e-01	   1.4317313303909774e-02	   4.2984518043768422e-01	   5.0372764574261231e-01	   3.6627384484886050e-01	   4.3696878807506823e-01	   5.2641467072810344e-01	   6.8710393562503658e-01	   4.7719354351545495e-01	   4.3029969846800464e-01	   5.5506063315579457e-01	   6.2519758874446341e-01	   4.5560104564519455e-01	   6.8834080909083739e-01	   2.8521197190868275e-01	   6.4989423758947029e-01	  -1.2517812032290662e-01	   1.9383021430686004e-01	   3.8220843139981420e-01	   6.3517393810231038e-01	   3.9094571355013930e-01	   3.2461706495267167e-01	   3.2966948646840877e-01	   1.4681657747604174e-01	   6.5723989228646390e-02	   3.2944825999536170e-01	   1.9740436894460461e-01	   8.5060732802747313e-02	   3.0781942772675847e-01	   2.7468759389651798e-01	   6.0635958711010818e-01	   4.4597095834487144e-01	   5.8864599681938390e-01	   4.9990276941404110e-01	   1.2671620360901539e-01	   1.4930760329655228e-02	   4.5273770567902424e-02	   1.6096673025253022e-01	   3.1792968615345729e-01	   4.2289963466071523e-01	   3.1120417983517290e-01	   2.9930256794570059e-01	   2.3151107922144817e-01	   1.0723446794940134e-01	   8.6597778433908743e-02	  -4.4284351247808100e-02	
   5.9631105979865828e-01	   2.8938004825691066e-01	   1.4169405178836367e-01	   7.0502725924359248e-03	   5.2010098534695448e-01	   3.3617564697679903e-01	   4.6329262484804190e-01	   2.0914475866810830e-01	   2.6982390325644351e-01	   1.5308639720415898e-01	   6.8052797535708731e-01	   6.0376279366432151e-01	   0.0000000000000000e+00	   6.9891823777900008e-01	   5.6623281609135123e-01	   4.1431537011958730e-01	   4.0568215409387887e-01	   2.8233901919474197e-01	   2.6673442858236673e-01	   2.3979705345679492e-01	   2.2458337061254324e-01	   6.1299928050027312e-02	   8.8155342352700256e-02	   1.0551849357980263e-01	   1.9661873199298863e-01	   3.8906237770266350e-03	   2.3357743104255174e-01	   2.1726397557944249e-01	   3.6382526465119835e-01	   3.0500045010782373e-01	  -1.0480685181076605e-02	  -7.8553704037841454e-02	   4.2995585875528020e-01	   3.4121519990552784e-01	   2.7966314631813738e-01	   2.4523679401626219e-01	   3.3201811337668341e-01	   3.1371172535965169e-01	   5.0720599263029131e-01	   9.7599387033006163e-02	   3.4334474120172037e-01	   1.3350210237464902e-01	   1.5713074321551043e-01	   1.1528754770708297e-01	   1.8311524448467686e-01	   7.9009811392991305e-02	   1.4494577098985589e-01	   1.1716778274295735e-01	   1.7744157489469042e-01	   1.1915489877555444e-01	   1.1018609935760020e-01	  -2.8274412389650810e-02	   1.2821376715418376e-01	   6.3099932165710887e-02	   1.4862030025863976e-01	  -3.1885799343974737e-02	   2.6151823790018469e-01	   2.4675707318441983e-01	   5.6158036743345041e-01	   2.9783202701147338e-01	   7.1649937459036350e-01	   3.3826946737695662e-01	   7.0040141821281221e-01	   5.2518081310675147e-01	   1.7655781152110633e-01	   1.6731737409297578e-01	   3.0542408743051791e-01	   2.0956741496557713e-01	   3.2048424060152486e-01	   3.2000303352148246e-01	   3.6420096732598622e-01	   1.9503937136260310e-01	   4.0463827129430435e-01	   3.8505389810977148e-01	   4.5636782801867687e-01	   3.8943648518412799e-01	   5.8388884590115842e-01	   5.4310702987078852e-01	   2.5484047619528327e-01	   3.7884082516933004e-01	   3.8482455272298743e-01	   4.7027907162533716e-01	   4.8578659452963963e-01	   3.3983063975884886e-01	   4.9652387899904760e-01	   4.6259154654061652e-01	   5.3051778841571778e-02	   5.8052757935102645e-02	   5.3210484296374727e-01	   5.0947769929619713e-01	   3.4953629101917162e-02	   3.4639285740285247e-01	   1.6638162647698945e-01	   4.3765572408548947e-01	   4.0050355559967145e-03	   9.4279932848930340e-02	   4.7584345350004401e-02	  -1.0915707454905438e-01	  -1.3622533970900534e-02	  -5.9790228621554409e-04	   3.2867144044232266e-01	   5.2878130443077154e-01	   3.3155746342182302e-01	   4.1570132393153048e-01	   1.5691543731087157e-01	   8.9581214973499981e-02	   1.3685988433422763e-01	   3.1335459000150812e-01	   1.3447930042224920e-01	   2.3050129052423857e-01	   1.9349050715750019e-01	  -7.2166791464654323e-02	  -5.4168423536612945e-03	  -1.0336786643581747e-01	   8.1494004297686662e-03	  -1.8765884131311372e-01	
