   0.0000000000000000e+00	   1.5083920406269891e+00	   7.5196024380407467e-01	   8.2996710450901812e-01	  -1.9205351423930697e-01	   7.4089088025205904e-02	   6.2102748616063219e-01	   5.2729236092918019e-01	   3.8640863483707433e-01	   3.5595677432505196e-01	   8.9499616963397077e-01	   7.2774458603928016e-01	   4.8118048162359228e-01	   6.8116775935542029e-01	   7.3204945041766598e-02	   3.3638654566804838e-01	   9.0345965994276500e-01	   9.1868195481354165e-01	   1.0419883533171816e+00	   1.0826917207234321e+00	  -4.5450792192659772e-01	  -3.4964481769524253e-01	   4.3329407808387033e-01	   6.0529910850542390e-01	   1.2200630948494715e-01	  -3.4199428692190899e-02	   1.1272256304733501e-01	   1.6454976374812372e-01	   1.8956835322010207e-01	   3.4702391386314102e-01	   3.3974998811391566e-01	   5.1316681314181378e-01	   8.2675799506279335e-01	   8.9071479334373316e-01	   3.5346017943284497e-01	   1.5218929387203967e-01	  -7.8025111652422988e-03	  -8.3805127794850359e-02	   2.6033408542304307e-02	  -6.3884412672660183e-03	  -2.2234156209050285e-02	  -1.3136407957994559e-01	   5.3043625762265556e-01	   5.4637754087073509e-01	   2.7200978179365726e-01	   2.4921298142781120e-01	   4.7190081884352314e-01	   4.8605368546905880e-01	   3.0872597176121258e-01	   3.4801163682316905e-01	   5.7772858403480132e-01	   3.9821900753685213e-01	   6.0286951945281730e-01	   4.5186993586570973e-01	   3.7042783085601283e-01	   3.5366604762237935e-01	   1.2306537417747121e+00	   1.0829536380378486e+00	   4.3497656654835903e-01	   4.1364086158594177e-01	   9.1985782924979365e-01	   9.2544360483528132e-01	   1.1983238952120552e+00	   8.4874469882638748e-01	   2.7633314001987819e-01	   5.3302260253863543e-01	   3.5882997533955485e-01	   1.8545801066271442e-01	   7.2298982181745353e-01	   3.7267101505986994e-01	  -8.9294572361588859e-02	  -1.7063465911968650e-01	   2.5357944263650944e-01	   3.0129238759414334e-01	   3.3556904112573738e-01	   3.7807615350080126e-01	   1.9825096990728922e-01	   3.3341439462469041e-01	   8.0204997787914678e-01	   8.8749185007199216e-01	   8.9802964031689236e-01	   8.9196542745997753e-01	   4.6356815212308700e-01	   3.1676571950788285e-01	   8.0082328526042557e-01	   8.0740769237497334e-01	   3.5824333804707981e-01	   6.5574915676181689e-01	   1.5980249616458192e-01	   4.9645389978104965e-01	  -2.0417665545010194e-01	  -4.8741491043365191e-02	  -8.7316614825556263e-02	  -2.3991939508429028e-01	  -3.8281040549464618e-01	  -1.2814757059341533e-01	  -6.1470747294459685e-02	  -1.2475707745996399e-02	   2.2942557667725272e-01	   2.2878967628649305e-01	  -1.2469202990082014e-01	  -7.4731416830902980e-02	  -1.7560283493591461e-01	  -2.1564428314749057e-01	  -4.2709085144913617e-01	  -5.0520427582663041e-01	  -5.6028304148915209e-01	  -5.5071894210393435e-02	  -1.5669259613891340e-01	   3.0252136457744627e-01	   2.4693199828565354e-01	   2.5269234863212919e-01	   3.3775367779091639e-02	   8.4858022845951342e-02	  -2.5299784045601525e-01	  -6.3050093752027081e-01	
   1.5083920406269891e+00	   0.0000000000000000e+00	   6.1272688329696801e-01	   7.2333290805666961e-01	  -1.6611134908417258e-01	   1.1682900408741514e-02	   4.8395940668679849e-01	   5.2951393575180217e-01	   4.5084330843476317e-01	   4.1003073518781796e-01	   7.0051302300287788e-01	   6.1438388634876984e-01	   5.0801607200687948e-01	   7.4724378660338342e-01	   7.4694307112291802e-02	   3.3942967853982159e-01	   8.7106997272844899e-01	   8.8275962822135190e-01	   9.3304093944775135e-01	   1.1529151902310133e+00	  -6.1004684123767516e-01	  -5.4385750826099877e-01	   3.8362255345071250e-01	   6.1897179824855719e-01	   5.0050964376250576e-02	  -2.3464185414153654e-02	   1.0240984663009861e-01	   9.3573200710287144e-02	   1.2847071084179629e-01	   3.0159141166916420e-01	   1.7844385072973579e-01	   3.4945048786730992e-01	   8.8250534666026148e-01	   9.5740764976832538e-01	   2.7206297866317741e-01	   1.7617186512079025e-01	  -1.7227374566577809e-02	  -7.1132501279513496e-02	  -4.4468490992449180e-03	   2.3594034252998376e-02	  -2.8691203893714858e-02	  -1.4367287191838729e-01	   7.0774155570114738e-01	   6.9687385392131262e-01	   4.4038104007675766e-01	   4.3586183203657131e-01	   5.9568755603389467e-01	   6.4175897871400578e-01	   5.3626106537346163e-01	   5.9323142421496866e-01	   7.9833498025485172e-01	   6.1343983550856207e-01	   7.4614055480797681e-01	   5.1614237014558551e-01	   4.7439349243918494e-01	   4.5030956559122892e-01	   1.4933364283694266e+00	   1.4185732398684865e+00	   6.1946404810861466e-01	   6.1897405168601438e-01	   9.6077175150465344e-01	   1.0343609197714416e+00	   1.2431339476373644e+00	   1.0053009735586409e+00	   2.3329729297659046e-01	   5.0796486710818889e-01	   5.0551411074555297e-01	   3.5722988299496683e-01	   8.6567793795052450e-01	   5.5069912255157294e-01	  -1.5215236594141190e-01	  -2.0461937923157050e-01	   1.8728511080894050e-01	   2.8519094695657571e-01	   2.8387987173301282e-01	   3.6258338018799419e-01	   2.2989516768530277e-01	   3.9113431087903283e-01	   8.1391106198596630e-01	   9.1964962050272470e-01	   8.0748849411709001e-01	   9.2844899700433325e-01	   2.9464330216235701e-01	   2.2473580325899387e-01	   7.3092500208348188e-01	   8.4930824910483527e-01	   3.6854855253443602e-01	   6.2375580366301775e-01	   1.5586593159246717e-01	   5.3877769546003929e-01	  -1.4218198792394329e-01	  -2.4453319413420920e-02	  -1.4396432158452186e-02	  -2.6021860674954533e-01	  -3.4425776145251097e-01	  -1.0887329227008032e-01	   1.6439314794033613e-02	   1.1212872104692944e-03	   2.7209672478034119e-01	   2.3225590502967869e-01	  -2.2751802136063509e-02	   4.2558206739000543e-02	  -3.3392294666849898e-02	  -1.0014851207954602e-01	  -4.1016914126906107e-01	  -4.6877539972264698e-01	  -5.8242946152080033e-01	   1.0208280470546649e-01	  -1.2020762589862977e-01	   3.7243212578486995e-01	   2.9890281725596146e-01	   3.1119160340672897e-01	   6.7094392526701005e-02	   1.0691733305479903e-01	  -2.2044220272565751e-01	  -5.9963200320275112e-01	
   7.5196024380407467e-01	   6.1272688329696801e-01	   0.0000000000000000e+00	   9.6870592268999167e-01	   2.7679136854079495e-01	   3.1860517575772940e-01	   9.6459886466372180e-01	   6.3155029916781791e-01	   5.6029027330492365e-01	   3.7016991754472744e-01	   6.7228866938097731e-01	   6.5692554748235732e-01	   4.9878380774538000e-01	   5.3189930682093078e-01	   3.2142043214080801e-01	   4.4324249955752704e-01	   4.6488021241034483e-01	   5.3218379695244999e-01	   7.1706842616827171e-01	   6.0266794559036152e-01	  -5.4613354336010785e-02	   2.6509502061092677e-03	   7.5345810276939373e-01	   6.0691574327335474e-01	   4.4455025782199148e-01	   2.0742263977630312e-01	   4.0317607024793911e-01	   4.0118841541465333e-01	   1.5010560666928521e-01	   2.5698973090351085e-01	   5.4896985683001354e-01	   4.7252020060621369e-01	   5.2013074051076758e-01	   5.1935997072594797e-01	   6.0784157290285468e-01	   2.7767907798772695e-01	   1.5073001360612359e-01	   1.2260056630735460e-02	   2.5473759783678213e-01	   9.5378376762839237e-02	   6.6978880047097900e-02	   9.4719022439428646e-02	   3.9822321107735431e-01	   4.4196287656262956e-01	   1.7069423150898250e-01	   1.5675502764389229e-01	   3.1059867437556332e-01	   3.1939076777070491e-01	   2.0077162585560812e-01	   1.6938528408834785e-01	   3.6100883315201804e-01	   2.2633538107206747e-01	   3.6979256597459614e-01	   3.5544763537627189e-01	   2.9183445900498367e-01	   1.8613486340687729e-01	   5.0014661953591932e-01	   5.4837878673563600e-01	   3.2318193551867980e-01	   3.0576413551521064e-01	   5.5878541238844959e-01	   6.5540491165659109e-01	   6.4898204854607366e-01	   5.7615989208906027e-01	   5.2458689855394336e-01	   4.8841218363384709e-01	   3.5113860163225868e-01	   1.5309170649042589e-01	   4.8335351547001260e-01	   2.9805220214618999e-01	  -1.4786998788487861e-02	  -1.4555091362081052e-01	   1.0320295885580551e-01	   6.3925455995719249e-02	   1.3006053755875197e-01	   1.1007243486743827e-02	  -1.1897715607670173e-01	  -3.3908659229405058e-02	   4.2284724476732977e-01	   4.5057864177712814e-01	   5.4125904881538733e-01	   5.7976485077700235e-01	   5.8300334342225180e-01	   4.8727818847058191e-01	   6.5550233619999954e-01	   5.4640664851828569e-01	   3.8563258911094006e-01	   6.6544601127297731e-01	   3.0158825176711357e-01	   6.1819170517958533e-01	  -1.0865649906468045e-01	   8.9227753731293269e-02	   1.0161452044203381e-01	   1.5531791295635525e-01	  -3.1958931170662025e-01	  -2.3318691491568605e-01	  -9.8210908954946399e-02	  -8.8237497131802151e-02	   6.3341019816364807e-02	   6.9536431982488073e-02	  -2.8203170573088188e-02	   3.6549425829947781e-02	  -1.9290413855905952e-01	  -1.8833970240745579e-01	  -4.6656035935917889e-01	  -3.6250280100691573e-01	  -3.5147421258436634e-01	  -1.6616491313825688e-01	  -2.2002163051133766e-01	   7.0835983674689851e-02	   1.7257352435014461e-01	   1.7712861161414709e-01	  -4.2685542773216137e-02	  -1.7088231830961167e-02	  -2.2453460326881056e-01	  -3.7271085397535464e-01	
   8.2996710450901812e-01	   7.2333290805666961e-01	   9.6870592268999167e-01	   0.0000000000000000e+00	   2.3453249404691268e-01	   3.6637762548583303e-01	   1.1700631660264416e+00	   1.2022864943867269e+00	   6.5792236526343983e-01	   5.1507974856081251e-01	   8.1687726280117812e-01	   1.0320808627304321e+00	   6.9186030149577193e-01	   9.8599700000915813e-01	   3.2264851711889586e-01	   6.0023515603229738e-01	   7.6030295374322543e-01	   8.3960041584313327e-01	   6.5547736880480600e-01	   7.1258257212304088e-01	  -1.1239991674735378e-01	   1.9832761320397649e-03	   7.4387602706255740e-01	   1.1929821757175907e+00	   3.2495109077628326e-01	   3.0800424312560987e-01	   3.2836440703761038e-01	   3.2338457483411448e-01	   2.7885665982001784e-01	   4.8054192579553934e-01	   8.9863713471504036e-01	   1.0135314777856264e+00	   6.9168974921422000e-01	   8.1516085407442263e-01	   5.8376154034839645e-01	   3.8105375576135236e-01	   7.0962047163988115e-02	   1.1837079874404233e-02	   2.6148443370388058e-01	   3.0806493179673173e-02	   3.8156947256313335e-02	   2.5391673310304606e-03	   6.1324469915502799e-01	   6.1961678514994700e-01	   2.5292973453038836e-01	   2.5309797471459239e-01	   4.6057333598564631e-01	   4.4859525093654745e-01	   1.7178513467930134e-01	   1.8162731513297264e-01	   3.3928816088212765e-01	   2.1991473647909124e-01	   4.2739612503044511e-01	   2.7149668854420139e-01	   3.6828026995155921e-01	   2.4300706571871405e-01	   6.1142495476611591e-01	   5.7653395753268377e-01	   3.5266328537082697e-01	   4.3260836593443108e-01	   8.6534992884085904e-01	   1.1360593723711714e+00	   9.5187774560272476e-01	   9.9361404020383615e-01	   6.6196791702008728e-01	   8.4270582222149937e-01	   3.7051165810678982e-01	   2.4734519746858821e-01	   6.1699517859994524e-01	   3.8669837077465419e-01	   8.3968155884286702e-02	   3.6286978798427294e-02	   1.5409014476741176e-01	   2.6382493980539601e-01	   1.7493691410185763e-01	   2.6040893122041342e-01	  -3.5854357453213540e-02	   1.3453015908409574e-01	   6.3427279323779151e-01	   6.4050766841336326e-01	   5.9932052740611930e-01	   7.5982065761602602e-01	   6.2978433981523108e-01	   6.4967528934424756e-01	   7.8113663182190629e-01	   7.5754136008412909e-01	   4.9942705759005834e-01	   7.9331108346639112e-01	   3.3871399916466377e-01	   6.7091806516224406e-01	  -1.3846680678995166e-01	   8.6282055973250601e-02	   9.4126910691870583e-02	   2.7501961593894213e-02	  -2.6579792222379306e-01	  -7.0183014592834658e-02	  -7.1436078122229352e-02	   2.9317903039323110e-02	   1.9042745283080553e-01	   1.0481038400666676e-01	   1.7481453008565857e-02	   6.7733087826517074e-02	  -4.3868032229748923e-02	  -5.3441798998706262e-02	  -3.9349615773137564e-01	  -3.8883268583875663e-01	  -4.6726528588674954e-01	  -1.0204811321591960e-01	  -1.2788059540322652e-01	   2.6512182167366682e-01	   2.7287309562261680e-01	   1.3008871770784919e-01	  -3.8357921974270244e-02	   2.1102544859920797e-01	  -7.5534732961775222e-02	  -3.8581524558704927e-01	
  -1.9205351423930697e-01	  -1.6611134908417258e-01	   2.7679136854079495e-01	   2.3453249404691268e-01	   0.0000000000000000e+00	   5.6100575209306769e-01	   3.7274660273942217e-01	   3.3006445139710616e-01	   5.1260518208077333e-01	   3.5188215853476706e-01	   1.4473241658578989e-01	   9.6020641942495044e-02	   3.9181299397598290e-01	   2.3440950735776811e-01	   6.7213947231685456e-01	   5.0649820360783260e-01	   1.4215863924840787e-03	   3.3796814111805379e-02	  -1.5529200080767813e-01	  -7.8933976517717483e-02	   7.0384154262401954e-01	   5.9995205738626389e-01	   2.2943042596135324e-01	   1.6194547378114207e-01	   3.6159515430321787e-01	   4.9295138045501208e-01	   5.6772466651934295e-01	   4.2645955369626048e-01	   3.8555318860805593e-01	   2.6708521395178519e-01	   3.6471919872248965e-01	   9.0590326243688804e-02	   3.3010826639116157e-03	  -4.0731716883549998e-02	   2.7945138003374276e-01	   2.8643262040550949e-01	   4.4001217412107896e-01	   3.2333323334192898e-01	   4.0147223535861548e-01	   4.1585215222110861e-01	   3.7235018595653557e-01	   4.7785679405941672e-01	   1.4800152366523370e-01	   1.5756291175030679e-01	   1.1444769841285604e-01	   9.3272397904576324e-02	   1.4760848948326391e-01	   1.0578147143049156e-01	   4.2755893969739514e-02	   7.9444962876083400e-04	   1.9991615569303921e-02	  -3.0380295139855587e-02	  -2.0954673255047868e-02	   9.3826786025458075e-02	   6.3929208906606999e-02	  -2.7632738157038856e-03	  -1.1229834506055573e-01	  -9.2264225656349272e-02	   2.4948074815403831e-01	   2.1416882557705524e-01	   9.3834363092152109e-02	   1.0115302116673960e-01	   2.9736506932616803e-03	   4.5374437097765487e-02	   3.1548865779801261e-01	   1.5082801560392778e-01	   2.7460791607801982e-01	   2.2300747295261275e-01	   1.4107283971807322e-01	   2.3347238182998675e-01	   2.2565350801157763e-01	   2.2626462182635593e-01	   8.8262807218144418e-02	   7.1169122585522604e-02	  -7.1413343279574520e-02	  -1.0859514877938585e-01	  -5.8222075246141136e-01	  -6.2435287935534944e-01	   2.7600553403131219e-02	   9.4563807592493287e-03	   1.2959965732417714e-01	   1.9272695623576039e-01	   2.3113519537685120e-01	   5.2169434262490610e-01	   1.1321989908443582e-01	  -3.0634838543006162e-02	   1.7849767703293676e-01	   1.3105330079639799e-01	  -1.9431893833629962e-02	   1.3145295834471069e-01	   2.5396883761804312e-01	   1.1538568619169910e-01	   2.6107634325138079e-01	   4.5179536054516778e-01	   3.1014561102801941e-01	   9.9091159060545414e-02	   2.2986624882809462e-01	   7.5457137283979292e-02	   1.0914027187454352e-01	  -8.6371987300996406e-02	  -8.2582987430352334e-02	   1.0818039613795832e-01	   2.5549225685077859e-01	   3.9819765540590324e-01	   4.5411421250045447e-01	   4.6704822440420291e-01	   3.4974383871204440e-01	   1.6242679073193861e-01	   4.0615400097255852e-02	  -1.1657085365840238e-01	  -5.2150731975049103e-02	  -2.2782183573476511e-01	   5.8612087529329379e-02	   1.4059251576842391e-01	   3.4752080282536890e-01	   4.6178309128923856e-01	
   7.4089088025205904e-02	   1.1682900408741514e-02	   3.1860517575772940e-01	   3.6637762548583303e-01	   5.6100575209306769e-01	   0.0000000000000000e+00	   4.3036974058161181e-01	   4.8850751681272875e-01	   7.5388201453432779e-01	   9.5016564158896788e-01	   3.3032320207622667e-01	   4.2106698209056803e-01	   4.3035807522373787e-01	   3.8505948268701534e-01	   1.1069494457949864e+00	   9.1917378522638638e-01	  -8.3024240245739480e-04	   1.1046227944740589e-01	  -1.0902870421795156e-02	  -5.6441121529484210e-02	   5.7384569419258047e-01	   4.9023867031033025e-01	   4.4513963233307735e-01	   4.0515133404532377e-01	   4.6658149225576040e-01	   7.8515444391335132e-01	   6.1432526321518977e-01	   3.8896261024713819e-01	   5.2739604810461249e-01	   4.3747812691909832e-01	   4.0741839346761882e-01	   2.1962130276052980e-01	   6.5212967320462889e-02	   6.1224185474746062e-02	   2.3222322557142289e-01	   3.2949581402438505e-01	   5.0256319701290830e-01	   5.2769388860110444e-01	   5.2938854550738224e-01	   7.3508979576331923e-01	   3.2508680182386002e-01	   5.9194586564964780e-01	   4.5740572960711073e-01	   4.6336915717587390e-01	   4.1434600167383062e-01	   3.6293260657671422e-01	   4.3222706121501531e-01	   3.6214037451188352e-01	   2.8249597867544740e-01	   1.6491083997627110e-01	   1.6622467334482438e-01	   1.3455186622401827e-01	   1.4888933129904505e-01	   7.0270118606628670e-02	   4.2818335131241636e-01	   3.9432608503199545e-01	   6.2974756683187777e-02	   8.8094735955727144e-02	   3.4348767898772825e-01	   4.0337406794681385e-01	   1.5141105506708466e-01	   2.7001363644782350e-01	   4.7492942241866752e-02	   2.2074260127415476e-01	   3.9123255520589817e-01	   3.3544811356716436e-01	   3.0265967850302439e-01	   2.9588627436859699e-01	   1.4832446202368144e-01	   2.2840263662769095e-01	   1.9412547370530975e-01	   2.2159091811399667e-01	   1.6406088754398040e-01	   1.4126994332850612e-01	   4.5915332486934621e-02	   7.3522209856311568e-02	  -3.0822083791653709e-01	  -2.9696966630691368e-01	   7.8574640613833333e-02	   1.3160709153107192e-01	   9.9597230961133681e-02	   2.6151565547599193e-01	   2.4892114271460025e-01	   4.7483288295478665e-01	   2.8726222251097616e-01	   1.7046006105002529e-01	   4.1800354719301858e-01	   3.4187114545198671e-01	   2.3614607974103546e-01	   3.4605260360321477e-01	   4.0983100507608816e-01	   3.2388832062498846e-01	   5.1767814724343220e-01	   4.7502540983363550e-01	   2.6034170333551204e-01	   1.7377320100858779e-01	   3.2633073800082824e-01	   1.0889785015843972e-01	   2.3269029745130809e-01	   1.5390923728015216e-01	  -1.0367273897847931e-01	   1.8269842117750817e-01	   2.9941145705317024e-01	   4.9838674704343083e-01	   2.3411405197743129e-01	   3.7807391514509858e-01	   3.2375921658756640e-01	   2.8897649870229658e-01	   1.1695830661194925e-01	  -1.0124058702591028e-01	  -8.9975019069985451e-02	  -7.3580573476431238e-02	   1.8042987237667932e-01	   1.9706585552357517e-01	   3.3990136026165668e-01	   1.9422437906156134e-01	
   6.2102748616063219e-01	   4.8395940668679849e-01	   9.6459886466372180e-01	   1.1700631660264416e+00	   3.7274660273942217e-01	   4.3036974058161181e-01	   0.0000000000000000e+00	   1.2037285757339287e+00	   7.7153509474064919e-01	   6.1857761730666849e-01	   1.1238319026576646e+00	   1.1804521850238474e+00	   1.1386514313050899e+00	   1.0471737699520167e+00	   5.0100545204092151e-01	   7.3773635605975729e-01	   6.0722871906471076e-01	   6.0133343654988680e-01	   3.3443623622082325e-01	   3.6100662064136180e-01	   2.8817809726957237e-02	   7.3596363702129616e-02	   6.8304930552295806e-01	   8.6476891483728990e-01	   1.8206390819390081e-01	   2.7774708340818693e-01	   3.9524461576949260e-01	   4.1761042515953073e-01	   3.1946571658008066e-01	   3.7890258387402909e-01	   7.9228190468492166e-01	   7.8614864927135553e-01	   3.7879222814240437e-01	   4.8881270903103735e-01	   5.9578999139549527e-01	   3.3434986025949465e-01	   2.4908229050167505e-01	   1.3921216630411026e-01	   2.9298039764906625e-01	   2.2610117940972924e-01	   3.1766651841672960e-02	   3.6296690745289878e-02	   5.3367383624954712e-01	   5.3416404005560425e-01	   2.3272103267444094e-01	   2.0609137463074126e-01	   4.7132000198361013e-01	   4.3987684200992355e-01	   1.3818448756610971e-01	   1.0651511695540378e-01	   2.8818203198366615e-01	   1.8048931684214847e-01	   3.0949142598273344e-01	   1.6119646510122071e-01	   2.9194585676194229e-01	   2.5607763336543160e-01	   3.6503486850278016e-01	   3.3849217128595915e-01	   2.8927032674821623e-01	   2.8539028914941611e-01	   8.1122430262882728e-01	   8.3018909275694286e-01	   6.9382686305083940e-01	   6.5405542336196909e-01	   7.4293962063505070e-01	   7.3885194989606062e-01	   2.8472700477688645e-01	   1.4180875690513825e-01	   3.1148149295516703e-01	   1.4417505235061304e-01	   1.9825835149121562e-01	   9.7255237573407025e-02	   2.6062069983830910e-01	   2.8559286501880088e-01	   2.2638769273237710e-01	   2.1644768136655493e-01	  -1.2324768922706322e-01	   1.7321932558509304e-03	   4.5260085429728003e-01	   4.3658834291816528e-01	   5.3263219245535065e-01	   7.0146510109089211e-01	   4.4465621927348353e-01	   5.5324949287412650e-01	   7.5858830003161759e-01	   7.0477549134575568e-01	   3.1397079226948083e-01	   6.2707966317889974e-01	   2.2311793417649217e-01	   5.0202471621001066e-01	  -6.1174993368582564e-02	   2.0973470532517410e-01	   1.1122496816806525e-01	   1.1686181966743130e-01	  -1.4476301463488150e-01	  -1.7092265074583838e-02	   1.0371726273582006e-01	   2.2813024000399645e-01	   2.4528652197023276e-01	   2.1488599002797434e-01	  -7.2141730030252330e-02	   1.0613544616787629e-02	  -1.5854475855453806e-01	  -1.0676622942974430e-01	  -2.6333887376126425e-01	  -2.1004113355789908e-01	  -3.6690429475487552e-01	  -3.0219173238160979e-02	  -1.0023140320812353e-01	   3.3972672451680058e-01	   3.6901439430020688e-01	   1.5687359493252420e-01	   9.7551293107834836e-02	   7.0210208546029357e-02	   6.9454075398458173e-02	  -1.7843174375425291e-01	
   5.2729236092918019e-01	   5.2951393575180217e-01	   6.3155029916781791e-01	   1.2022864943867269e+00	   3.3006445139710616e-01	   4.8850751681272875e-01	   1.2037285757339287e+00	   0.0000000000000000e+00	   6.1886836889270469e-01	   6.9245196287289879e-01	   7.1816996254752419e-01	   1.1575418176026782e+00	   9.6212670958231161e-01	   1.4005564497617959e+00	   5.4560706216328736e-01	   9.8300021263124571e-01	   5.4920563768695785e-01	   5.4678105696424373e-01	   2.9585484481552848e-01	   3.8241191132176555e-01	   9.5724313001807004e-02	   1.5730395061311211e-01	   4.8065389921642704e-01	   9.0637576829362565e-01	   6.2137866632700912e-02	   3.3485409654585174e-01	   4.2667900477033249e-01	   3.6616082241795017e-01	   3.7775814492958987e-01	   5.3174316033373215e-01	   8.0618094278575425e-01	   8.6133617661842288e-01	   5.5138443429375994e-01	   7.3225210957821774e-01	   5.5007033358469593e-01	   5.5185216967109951e-01	   1.8347584860302807e-01	   1.5458716411609039e-01	   3.4380359619919398e-01	   2.8923382692750710e-01	   1.9760240772893345e-01	   1.2463297899419473e-01	   5.8422698161264641e-01	   5.2542131611857368e-01	   3.5183204999086820e-01	   3.7206824127327159e-01	   4.4496995535943107e-01	   3.7933074238440151e-01	   2.3358749841022869e-01	   2.0781426995291949e-01	   3.4849568803394504e-01	   2.4899945967101672e-01	   2.6737330567756795e-01	   2.2539350049979482e-02	   3.3793297001663319e-01	   2.1355835840995285e-01	   3.5330899123389420e-01	   3.1417847330193782e-01	   4.2844422773698476e-01	   5.2610720241200226e-01	   9.2321888972920629e-01	   1.0988872448855616e+00	   7.3765916752588490e-01	   8.6651000570714898e-01	   7.4115334082192164e-01	   8.9178735685213906e-01	   4.1384447235270599e-01	   3.6335400068986468e-01	   3.5452856986370146e-01	   2.5301593314380655e-01	  -3.1637838540376648e-02	  -6.6925446414889591e-03	   1.5006749879006942e-01	   2.5936189957375699e-01	   8.0194778144770940e-02	   1.8384617257690736e-01	  -1.3284611703815602e-01	   1.9104172718386946e-02	   3.9850281384862379e-01	   3.5821633920119350e-01	   3.9710695871619489e-01	   5.8774108975223061e-01	   3.2474140996663470e-01	   5.8274237438444421e-01	   5.8193221859482847e-01	   6.1056632053115678e-01	   4.2218437050848945e-01	   5.6489457596928205e-01	   3.2110598817427449e-01	   5.6626065604352793e-01	   3.6641528611751753e-02	   1.2970594136800676e-01	   2.7744505328759145e-01	   9.0593285431666171e-02	  -5.4806833554780290e-02	   2.3881723642429634e-02	   1.0511440313929712e-01	   8.6288386901291800e-02	   1.7664378121392821e-01	   4.8667515635749357e-02	  -3.2736251168729080e-02	   1.7853062237028411e-01	   1.5107244084741657e-02	   6.1827526825517586e-02	  -1.8040285416140200e-01	  -1.0167425275514846e-01	  -3.4253103148998781e-01	   7.0216676196198605e-02	   6.7754399524739316e-03	   3.1209924740940326e-01	   2.4845531272257299e-01	   4.2737720822378041e-02	   2.5006655107217462e-03	   1.0943956000424328e-01	   1.2109255839005777e-01	  -1.0651783547145297e-01	
   3.8640863483707433e-01	   4.5084330843476317e-01	   5.6029027330492365e-01	   6.5792236526343983e-01	   5.1260518208077333e-01	   7.5388201453432779e-01	   7.7153509474064919e-01	   6.1886836889270469e-01	   0.0000000000000000e+00	   1.2096285098969659e+00	   7.6557386273041950e-01	   6.3884297012632796e-01	   9.4014983019113041e-01	   7.2090778280517265e-01	   7.8194696974920541e-01	   7.7738288216612739e-01	   4.9150534732843654e-01	   5.6830792259982565e-01	   3.1016627744448161e-01	   2.9108637173936175e-01	   2.3387243855478364e-02	  -3.1369143008558385e-02	   9.3710922120295337e-01	   9.2201644597013666e-01	   4.7726224203341228e-01	   5.9505178610395237e-01	   4.7881022115790550e-01	   1.6761074203896217e-01	   4.4921195109526146e-01	   4.2857495209161567e-01	   4.7418423692389483e-01	   3.7751013762530788e-01	   3.2836818052509309e-01	   3.3279365869385669e-01	   3.8162421667987034e-01	   2.7486141676075287e-01	   5.3534756571935360e-01	   5.0003576838631725e-01	   4.0610780846821537e-01	   4.8832796152743979e-01	   1.6301994925668620e-01	   3.4524158140576150e-01	   1.0079421357075922e+00	   9.5650268254480930e-01	   6.0435950118072745e-01	   4.9598620876656052e-01	   9.6783826016054408e-01	   9.7718327488897805e-01	   4.8598425009809793e-01	   4.1680050518024275e-01	   5.5841246364688413e-01	   4.6138702024690581e-01	   7.3231577121302716e-01	   5.5652399824700094e-01	   7.7068542588157984e-01	   7.1222453561499055e-01	   5.2120724905798210e-01	   5.5593394794074791e-01	   6.1534574572714507e-01	   6.2385467456961385e-01	   5.7771737217968566e-01	   6.8116543930119600e-01	   4.9816720778090851e-01	   6.7028675760168777e-01	   6.7579302404189501e-01	   6.5049746344046133e-01	   5.5506638605186942e-01	   4.4224488568921932e-01	   6.0040084148851092e-01	   5.7822048117426939e-01	   3.1632100927115647e-01	   3.1281379400637188e-01	   4.1544875671472964e-01	   4.0416532870368527e-01	   4.1825561225741742e-01	   4.0589753081299251e-01	  -4.8290395116300747e-02	  -5.4021639810624498e-03	   6.1290027536357639e-01	   6.6190429720309685e-01	   4.7865465637704674e-01	   8.0637912903052211e-01	   3.5624806947056253e-01	   5.1168825856677469e-01	   9.3714342226142644e-01	   6.9890925959739547e-01	   6.2533734369104099e-01	   7.8129248020401465e-01	   3.8407427378861692e-01	   6.0576674218694071e-01	   2.9072750590545965e-01	   4.8795777744626695e-01	   3.2744935430155919e-01	   1.8897340995567521e-01	   1.8022621535244399e-01	   2.7172084643815830e-01	   4.4090029177877277e-01	   3.9125514735978034e-01	   6.4713928765207163e-01	   5.3621082304375078e-01	  -1.5226856165975314e-01	   3.0557013294041379e-02	   2.5691645384435668e-01	   4.0163479530941626e-01	   1.9901137352708966e-02	   4.5991251670056403e-02	  -1.0044674305999290e-01	   3.2856037489103046e-01	   2.0147851253050457e-02	   3.4351507214582450e-01	   3.6093902335598615e-01	   3.4476448329047821e-01	   4.1760392056349915e-01	   2.7895474903288003e-01	   2.3222071966724400e-01	  -4.2839094553318940e-02	
   3.5595677432505196e-01	   4.1003073518781796e-01	   3.7016991754472744e-01	   5.1507974856081251e-01	   3.5188215853476706e-01	   9.5016564158896788e-01	   6.1857761730666849e-01	   6.9245196287289879e-01	   1.2096285098969659e+00	   0.0000000000000000e+00	   6.7129374078206938e-01	   7.0955233823185504e-01	   8.7621370434073542e-01	   7.4232155845282022e-01	   8.7576439400612738e-01	   1.0111362670979551e+00	   3.8754028238229005e-01	   3.8939959718446843e-01	   1.1636179345481523e-01	   1.0777407187914702e-01	   8.8677011477125520e-02	   3.7623962071703633e-02	   6.5612352640203497e-01	   7.9634020800162286e-01	   3.2566105256852657e-01	   6.2380295703435662e-01	   5.9704667128628652e-01	   2.6187818383588135e-01	   3.8689161547387757e-01	   3.6280925998603142e-01	   3.5338763081249236e-01	   2.8382213792373007e-01	   2.6444675375692306e-01	   3.0989652844769533e-01	   3.3319729301521123e-01	   4.1575549716147103e-01	   4.4628969819630704e-01	   4.9519906567193661e-01	   3.2348144645597182e-01	   5.3563250711737387e-01	   1.6486246899745655e-01	   4.0280836404583265e-01	   8.4279372652618767e-01	   7.5806136697491489e-01	   5.8381245922153280e-01	   5.3049941818361490e-01	   8.1468302799058678e-01	   7.8838930839453747e-01	   4.1824026219250210e-01	   3.4755276037053801e-01	   4.6169215366493288e-01	   3.6101307971915264e-01	   5.9915055509018877e-01	   4.1815222425799531e-01	   7.4685172628125518e-01	   6.6557707910489106e-01	   4.3311516728246491e-01	   3.9058888538954067e-01	   5.3915674503378241e-01	   6.1574975387873998e-01	   6.1545274400600736e-01	   6.2697068554226876e-01	   4.6105107316447302e-01	   5.8911481067846760e-01	   6.8555496978485875e-01	   6.8767973284805628e-01	   4.8953151310729393e-01	   5.1972468462175303e-01	   4.0581423155635427e-01	   5.0672704869857155e-01	   2.0630782022487423e-01	   2.6624536320142123e-01	   3.5925852280959236e-01	   3.8704312854011258e-01	   2.9739294816273321e-01	   4.0130551171365442e-01	   4.9046586502286160e-02	   9.6048156865952000e-02	   4.0382545199963715e-01	   4.2529815289784068e-01	   3.4787119119801846e-01	   6.6502351565215512e-01	   1.7331711623411403e-01	   4.5204937541372647e-01	   8.0474122201703824e-01	   6.8840018654330448e-01	   6.6115287912008347e-01	   7.0559929948910161e-01	   3.4157188636145397e-01	   6.3927696466718709e-01	   4.3298534767634911e-01	   5.6680196774383029e-01	   6.2960625724840324e-01	   2.5948926202871619e-01	   2.2023919489030869e-01	   3.0422733671184743e-01	   4.9591421688934167e-01	   2.9664022746622976e-01	   5.6889861132640074e-01	   5.2861349397367996e-01	  -4.2022938259399248e-02	   3.1698426665909957e-01	   3.5230235418158579e-01	   4.8772904864784783e-01	   8.9285072199343188e-02	   1.8357516424653583e-01	  -1.1247441713607798e-02	   4.3126419054132248e-01	   2.1679642414997441e-01	   2.4998254448652862e-01	   2.9150708588784535e-01	   2.8469715284319230e-01	   4.5531166879017437e-01	   3.1036301940752448e-01	   3.6465093551549271e-01	   2.3794139306435504e-02	
   8.9499616963397077e-01	   7.0051302300287788e-01	   6.7228866938097731e-01	   8.1687726280117812e-01	   1.4473241658578989e-01	   3.3032320207622667e-01	   1.1238319026576646e+00	   7.1816996254752419e-01	   7.6557386273041950e-01	   6.7129374078206938e-01	   0.0000000000000000e+00	   1.1107634036699823e+00	   1.1918842228970887e+00	   9.8396873429733400e-01	   4.5551315812086068e-01	   6.1953019770603135e-01	   8.7085096381652372e-01	   1.0055374573579157e+00	   3.9867001884027231e-01	   4.0213395955964160e-01	  -1.2228920435983752e-01	  -1.2502281728062353e-01	   7.4150105866671545e-01	   7.2998364809492977e-01	   2.1111254937748447e-01	   2.0725437908554870e-01	   3.6414501740934724e-01	   2.7225280149713910e-01	   4.2603369523840856e-01	   4.4869943773753901e-01	   5.8087277224791012e-01	   6.6760082582066671e-01	   3.3868711963464604e-01	   4.3673104575612698e-01	   4.4465798671473755e-01	   2.0300980624795673e-01	   1.8548122874607481e-01	   1.3091035435733725e-01	   5.2065827636700771e-02	   2.1411711352207680e-01	  -8.2173309317185056e-02	  -5.9295973747069332e-02	   5.8591617907717097e-01	   6.5585294056493726e-01	   2.6278203148431956e-01	   2.2761223925959820e-01	   5.8319379831407869e-01	   6.2315991793532299e-01	   1.4282095666235484e-01	   1.6025142391633815e-01	   3.0079138394112520e-01	   2.2495338044847851e-01	   4.4273034306261172e-01	   2.9311477039628342e-01	   3.1582054704465201e-01	   3.7589688644476876e-01	   6.3095562101903635e-01	   6.2632043498211176e-01	   3.0658168625741139e-01	   3.2502892136436384e-01	   7.7418702135821371e-01	   8.4178414656087597e-01	   8.8378255530684979e-01	   7.3878250425673031e-01	   5.5117244480741689e-01	   7.0033395601475679e-01	   2.3401138503244767e-01	   1.1286340066568945e-01	   3.6044201137865617e-01	   1.6985374806795300e-01	   2.7969110663141195e-01	   1.8024913065811576e-01	   4.6709652323242573e-01	   5.1656892814569988e-01	   4.4174356279684013e-01	   4.9262363007585425e-01	   7.5498769391741022e-02	   1.8249679857818141e-01	   6.7778036294662192e-01	   7.7595593129071005e-01	   6.9956369851386446e-01	   9.3564324949309829e-01	   4.2524199310311894e-01	   4.4996001952294873e-01	   1.0924856170873840e+00	   8.5804474324480640e-01	   4.3898241621490136e-01	   7.0530197866506117e-01	   1.2085695395786510e-01	   4.5985410883839450e-01	  -1.1446690389188834e-01	   1.1529878272299811e-01	  -2.9041207515557242e-02	  -4.7298483087413329e-02	  -1.1855764656010441e-01	   4.2466679454639174e-02	   1.9685895152984789e-01	   3.9319064149995114e-01	   3.6334151657421032e-01	   3.7920713015708962e-01	  -1.4951617565226394e-01	  -4.7745589168994990e-02	  -1.5022422865255539e-01	  -7.5450172920490888e-02	  -2.4317463822964830e-01	  -2.6489274693654635e-01	  -4.1494640849947445e-01	   5.0068358184087426e-02	  -1.0849192435952924e-02	   5.4419719873173178e-01	   5.0141793407142710e-01	   2.2830571826377358e-01	   2.2080145244590701e-01	   1.4741704383438842e-01	   1.0566549331183450e-01	  -2.7703151658654990e-01	
   7.2774458603928016e-01	   6.1438388634876984e-01	   6.5692554748235732e-01	   1.0320808627304321e+00	   9.6020641942495044e-02	   4.2106698209056803e-01	   1.1804521850238474e+00	   1.1575418176026782e+00	   6.3884297012632796e-01	   7.0955233823185504e-01	   1.1107634036699823e+00	   0.0000000000000000e+00	   1.0064306949946238e+00	   1.2831396649617499e+00	   4.4975256713970291e-01	   8.6263240908013905e-01	   6.3295855548281421e-01	   6.9838530509011620e-01	   3.4835815168275630e-01	   3.6435487401026900e-01	  -9.6617730677861530e-02	   1.2991365604577485e-02	   6.3800380899013409e-01	   9.4941809009301437e-01	   1.4057094996184749e-01	   2.4691551299300707e-01	   3.6045929511600677e-01	   3.5741203473891131e-01	   2.5364325809334737e-01	   3.9588688724489285e-01	   7.1343377339552483e-01	   8.9828453687429133e-01	   3.8364414372884031e-01	   5.2187876694487856e-01	   4.4752122570629232e-01	   2.8785645189995041e-01	   6.4675093100819481e-02	   9.3527992909642435e-02	   1.1564276887835995e-01	   7.4491963802020181e-02	  -7.6620009251394103e-02	  -1.0509683173996080e-01	   5.0663747741611820e-01	   5.1492775656219658e-01	   2.3106753377298450e-01	   1.9715491908467070e-01	   4.1582503181228514e-01	   4.2752732330329324e-01	   9.2902057263688165e-02	   3.4290024210625963e-02	   2.5673018813185755e-01	   8.7626043575896956e-02	   3.1997573024649706e-01	   9.7868310154054977e-02	   2.9137007087682609e-01	   2.7949290732721899e-01	   4.2756888645965618e-01	   4.0286431015626117e-01	   1.6208875191867236e-01	   2.4143620709305491e-01	   7.5800760778628296e-01	   9.0340710282591108e-01	   7.8547155752455289e-01	   7.5035109684819623e-01	   7.4034087702249174e-01	   9.3281113275465832e-01	   1.5609743965053646e-01	   9.3464857316984257e-02	   2.6623169303354460e-01	   8.3690270758014162e-02	   1.7230165171475581e-01	   1.2906902039274085e-01	   2.2884360013934402e-01	   3.1123630240424127e-01	   2.6109101353055758e-01	   3.2116534301516542e-01	   5.7305892132652608e-02	   2.2667497143308990e-01	   4.2496469749105509e-01	   4.4959029330892808e-01	   4.6799027820430555e-01	   6.4005760145945445e-01	   3.4869346170216642e-01	   4.0198229190039231e-01	   7.4615971295686556e-01	   8.9072659547468658e-01	   2.9240991629346474e-01	   5.7565985008215981e-01	   2.0214876920500488e-01	   4.8820795222548752e-01	  -1.2660753180082557e-01	   1.0928053339260975e-01	   1.0307869756771744e-01	  -7.0866291634386069e-03	  -1.9368022486681877e-01	  -4.4010244582035903e-02	   6.7313453879205384e-02	   1.8873687972335842e-01	   1.3721592194647345e-01	   2.3257621881492829e-01	  -1.5377108903562847e-01	  -4.6083375006887410e-02	  -2.3704369342602832e-01	  -1.7180139379070566e-01	  -3.9309823051547749e-01	  -3.0261554136810903e-01	  -4.7232152915545067e-01	  -2.9907169112216005e-02	  -1.1481034088306362e-01	   4.4465089826876270e-01	   3.5423052675136529e-01	   1.9275894374574251e-01	   6.4171966805926364e-02	   1.3178287003516206e-01	   8.4933468365288436e-02	  -3.4446388505001285e-01	
   4.8118048162359228e-01	   5.0801607200687948e-01	   4.9878380774538000e-01	   6.9186030149577193e-01	   3.9181299397598290e-01	   4.3035807522373787e-01	   1.1386514313050899e+00	   9.6212670958231161e-01	   9.4014983019113041e-01	   8.7621370434073542e-01	   1.1918842228970887e+00	   1.0064306949946238e+00	   0.0000000000000000e+00	   1.3237585014725202e+00	   7.0643764069319215e-01	   8.9581616493583971e-01	   7.5215827233412424e-01	   6.8936649869612443e-01	   1.9835565981101591e-01	   2.4304967944987049e-01	   5.0662393164059875e-03	  -2.6864869068778909e-02	   5.6050380953265622e-01	   7.1649751707316267e-01	   5.4451601496339555e-02	   3.0020667012707974e-01	   4.5659892724806228e-01	   2.6335586906830899e-01	   5.3914077316499520e-01	   5.3788850602951888e-01	   5.5720517082617460e-01	   5.8017219394121256e-01	   3.1664013139279201e-01	   4.0289997083921991e-01	   4.3863607898321588e-01	   3.4363397867898754e-01	   2.8003087463423687e-01	   2.6459899975956586e-01	   1.3151527253453091e-01	   3.4155805140344297e-01	   3.1716629619256892e-02	   7.2059770809489040e-02	   6.8744564573382949e-01	   6.8380484659478347e-01	   4.3946918444788213e-01	   4.0597230389850469e-01	   6.9807801920752000e-01	   6.9203625628140331e-01	   2.6143773096116174e-01	   2.4509226266856815e-01	   3.3728128913379379e-01	   2.7404206974596229e-01	   4.5224349010749337e-01	   2.4393185855341715e-01	   4.2905422632796003e-01	   3.8187353812451796e-01	   4.1609758424028503e-01	   3.8797005714429500e-01	   4.3089661278198810e-01	   4.3919923887553514e-01	   8.8509750495758865e-01	   8.6524805671392224e-01	   7.3285284411009488e-01	   7.1880185440222311e-01	   6.7974194877606575e-01	   7.5588263949802625e-01	   3.9001446265716144e-01	   3.1529810458365504e-01	   3.6922019825185937e-01	   2.4315391747358456e-01	   2.9954463706132045e-01	   2.8361575532286959e-01	   4.7959816803995570e-01	   5.4530560425578445e-01	   3.5678700146868625e-01	   4.1840741449984903e-01	  -8.9903811181226256e-02	   6.0579569405259095e-03	   5.7308825028763211e-01	   5.1855753751269118e-01	   5.5883553830513621e-01	   8.4598232060986756e-01	   2.3856394396751759e-01	   4.9129012488120954e-01	   8.6181328530658474e-01	   7.8108285477484518e-01	   3.7028727752560153e-01	   6.0439521935425677e-01	   1.6216858180407245e-01	   4.7447015638965617e-01	   5.8383723072460425e-02	   1.9030263089370375e-01	   1.5810096603676715e-01	   2.0914263676321081e-02	   1.2184234407364856e-01	   2.0353419687845298e-01	   3.6102359238736104e-01	   3.9289050655739599e-01	   4.2794669128441176e-01	   3.4108838385788637e-01	  -7.2753092128182817e-02	   1.3383924285821186e-01	   3.3994862099633261e-02	   1.0445076596294757e-01	  -5.6661926081868041e-02	   1.4343273995898168e-02	  -3.2750468463033139e-01	   2.1574342747580069e-01	   1.0002574419750869e-01	   5.8018230436128071e-01	   4.6646260075837859e-01	   2.5365414225864069e-01	   2.3526186998346876e-01	   1.3850067398029303e-01	   3.4145684866459297e-01	   8.7679618615701584e-03	
