   0.0000000000000000e+00	   1.4241143348687897e+00	   8.1042444938714342e-01	   9.2012748610532469e-01	   8.2785217295203706e-01	   6.3185228082231026e-01	   1.0150421415020707e+00	   8.7613010700981697e-01	   8.2514862633176733e-01	   8.7661241769979126e-01	   1.1496453936137334e+00	   7.4774957575822742e-01	   8.7267124699377085e-01	   6.4700611598099289e-01	   8.3638061321349411e-01	   9.4474521331701655e-01	   9.0422878692580266e-01	   8.9388182177004016e-01	   1.8842789591673477e+00	   1.6056671936744182e+00	   2.8200565596859223e-01	   2.1872196663865712e-01	   9.7998977746076954e-01	   7.4449007041439152e-01	   8.1017913803763975e-01	   8.3379550450467421e-01	   7.5307740291344560e-01	   4.5323013580084115e-01	   7.6287127950099953e-01	   6.1448884587569874e-01	   7.7414914030035498e-01	   8.6641832425823539e-01	   1.1767814624997373e+00	   1.2535536533709457e+00	   6.0781627685875450e-01	   4.3794366173996335e-01	   2.8055537928003166e-01	   1.9011522882741883e-01	   4.6028000717387474e-01	   3.1808790563734107e-01	   5.9790523861979528e-01	   7.0725396808656893e-01	   8.0721155682003420e-01	   7.1491302944799962e-01	   8.0275935649391583e-01	   7.2837981602056090e-01	   7.8597644985036008e-01	   8.2038285438785508e-01	   7.3507167216633407e-01	   8.7036744881838024e-01	   8.5238912842434300e-01	   7.6007790527143804e-01	   9.4260698710807667e-01	   8.1710651380441013e-01	   7.0695700900964831e-01	   7.5524289856093474e-01	   9.5267327180560069e-01	   1.1849856839687376e+00	   1.1036626052095193e+00	   1.0967529146257469e+00	   9.5020931374756767e-01	   9.1001651169190412e-01	   8.1250935186036222e-01	   9.6970197767673794e-01	   5.2240876543771120e-01	   5.0510245774630846e-01	   9.6773305949438282e-01	   8.7879073990041745e-01	   1.0141350096719393e+00	   1.1001510620137782e+00	   4.2605722032956728e-01	   3.7148596329561601e-01	   9.3218900612872457e-01	   7.7667737652227076e-01	   7.3326572558802261e-01	   7.1665629457453905e-01	   7.8350554402055483e-01	   6.6375176763585597e-01	   8.5800196347031676e-01	   7.9589782955986033e-01	   1.0997308476518444e+00	   1.2440079668527959e+00	   7.2990747583994009e-01	   7.8401799797300720e-01	   8.5596672730420487e-01	   9.8088484857541725e-01	   1.8131290429575211e-01	   4.0793062526468538e-01	   8.7705371241152885e-01	   1.1049311405547595e+00	   7.5502975846738019e-01	   7.1207457898200566e-01	   5.1527039162707966e-01	   4.9840296949863727e-01	  -4.9690086715082660e-01	  -2.2128636823447256e-01	   3.6825368023392818e-01	   2.7756609146787042e-01	   7.8923499574081413e-01	   8.2974072331819104e-01	   6.0108971201938077e-01	   5.8743595919310843e-01	   6.6792656985255672e-01	   6.8158200685877868e-01	   1.9356242239297555e-01	   1.5757575511724148e-01	   4.5806732395337491e-01	   3.0649336017911416e-01	  -2.2382231408023312e-01	   1.0195649795716534e-01	   4.3586655407812580e-01	   5.9040671833910341e-01	   5.4978787485391756e-01	   1.5834980787404507e-01	  -3.8627833325719771e-02	  -3.4083436621686303e-01	
   1.4241143348687897e+00	   0.0000000000000000e+00	   5.3563049235339455e-01	   9.0946532650150935e-01	   7.0046929570813132e-01	   6.8411272759419484e-01	   8.7749775847877132e-01	   9.9506062281454022e-01	   7.5015953637192379e-01	   9.8119687350092355e-01	   9.4188122959887954e-01	   9.1984139928281328e-01	   7.2090163444117406e-01	   7.8042756774607402e-01	   7.1233410928818364e-01	   1.1172504230048108e+00	   1.1626609347529577e+00	   1.1370818958073010e+00	   1.2151551086074099e+00	   1.7946455508548074e+00	   2.0554370827499627e-01	   1.6287458222496923e-01	   7.7007960852382507e-01	   6.8316385285945258e-01	   6.5209906867441825e-01	   8.6736300215378992e-01	   6.4310777744941450e-01	   3.8175068136668322e-01	   8.5875865271719076e-01	   8.1145469856141361e-01	   7.2473007422863656e-01	   8.0360675672809512e-01	   1.3360403606825524e+00	   1.5221454284073050e+00	   5.7456965531322690e-01	   4.1985495650687299e-01	   1.6708078509226476e-01	   2.1725683462824105e-01	   4.5297822904516150e-01	   4.1176194596809623e-01	   5.5053921805283657e-01	   7.3388777364685154e-01	   9.2874822228440734e-01	   8.1955590368347919e-01	   9.5012172910072445e-01	   8.7739910248379560e-01	   9.2352393242731246e-01	   9.0625862739841823e-01	   9.6353394905558121e-01	   1.0283556411044643e+00	   1.1249025154196963e+00	   9.4257834423372866e-01	   1.0447098289148096e+00	   8.0893193412093578e-01	   7.9154044175323568e-01	   8.9671461487330162e-01	   1.0647377116925314e+00	   1.3255622286743807e+00	   1.1380740608712623e+00	   1.1727776369746525e+00	   8.2573938219155107e-01	   9.5310886989350418e-01	   1.0082231190920672e+00	   1.2345570554554866e+00	   3.6909938737739600e-01	   4.8220411756402293e-01	   1.0718740826967994e+00	   1.0616076181786309e+00	   1.1270685837603127e+00	   1.2245423825200492e+00	   3.7036709161039394e-01	   3.8878864832715082e-01	   8.4982943728543447e-01	   8.9817633659279772e-01	   6.3548207858866224e-01	   7.7613327043356251e-01	   6.6758305386892791e-01	   6.6340649619491709e-01	   9.6644455567791243e-01	   8.9866095786337563e-01	   1.2773677346760295e+00	   1.4289653647386307e+00	   5.4009902850330560e-01	   7.5564698705010847e-01	   6.6870134915635726e-01	   1.0377005238191972e+00	   7.0361844680184263e-02	   2.4102220802142177e-01	   8.0929604519571341e-01	   1.2140156986708208e+00	   8.8537454631684653e-01	   6.7006457404854392e-01	   5.5269033538324008e-01	   4.1230618226668186e-01	  -4.2765874150800320e-01	  -1.0748201378815538e-01	   4.4102652316780105e-01	   3.9821153092107237e-01	   9.7831523108044571e-01	   9.1540865825434747e-01	   8.0773056433950652e-01	   5.8355123454127311e-01	   8.0477230960157009e-01	   7.6700595455728271e-01	   3.0897216206439082e-01	   2.7721464792833744e-01	   4.7000995359061337e-01	   3.6341848381789005e-01	  -1.0658328749311687e-01	   1.5473152978472718e-01	   4.2879630040690769e-01	   6.3683773932006715e-01	   6.3492267984391371e-01	   1.4645970210735978e-01	  -7.2719740161333299e-02	  -2.3918242133198453e-01	
   8.1042444938714342e-01	   5.3563049235339455e-01	   0.0000000000000000e+00	   1.0068396379192448e+00	   7.2535618234653310e-01	   5.6444960822202195e-01	   8.7934100214046329e-01	   6.1419204372519876e-01	   6.0236692940902892e-01	   5.1601558116060575e-01	   9.0588666755106828e-01	   5.0154474756299527e-01	   6.8433702263737373e-01	   2.6547011809987142e-01	   8.4607082573161430e-01	   4.8922044586319113e-01	   2.8025060985556388e-01	   3.7494947605558754e-01	   9.2833414369546807e-01	   6.0933414664863395e-01	   2.6462272368850143e-01	   1.7836642325862584e-01	   1.6430395036524359e+00	   1.1164067884684339e+00	   1.1689702316656949e+00	   8.7967787628312843e-01	   9.1700956396296185e-01	   7.2940337348057860e-01	   3.0927537746272027e-01	   1.4206003331797681e-01	   4.4999735029921828e-01	   5.5981566229685553e-01	   5.5164737848727541e-01	   5.9496097277294091e-01	   8.8110049647699507e-01	   6.6856003285604126e-01	   5.9564751550677741e-01	   3.5412386846924720e-01	   4.6974203748138560e-01	   2.4161893986987529e-01	   5.9733093619769873e-01	   5.4523649876081426e-01	   5.6434348837170045e-01	   4.8393774878242790e-01	   3.9014764126950974e-01	   2.7882730164734471e-01	   3.5267462068213512e-01	   3.7119224388069016e-01	   2.4122841939122774e-01	   3.6406094064553618e-01	   3.4961870423691477e-01	   3.9687667890640688e-01	   3.2716807130679232e-01	   4.1697882033141836e-01	   3.6789857760758266e-01	   3.8951315171682932e-01	   2.6433895566740506e-01	   4.5723045063660994e-01	   5.4273045438931677e-01	   5.7083503251422973e-01	   6.5463951057722602e-01	   4.6698186403795061e-01	   2.1184074681452908e-01	   2.4405440697523018e-01	   1.1093688527699457e+00	   8.1485629047781627e-01	   5.5242831938770054e-01	   5.1737902746207409e-01	   3.3191944368773457e-01	   4.9326527669389797e-01	   5.2894313378483471e-01	   5.2260761221207552e-01	   6.2331496854980251e-01	   5.3119294211636003e-01	   7.0555218874134973e-01	   6.1675970009531111e-01	   8.5272375931705968e-01	   7.2363408582079158e-01	   4.6097598209422536e-01	   4.3647790672915310e-01	   4.0160826050554682e-01	   5.9895863008164707e-01	   9.8466478941161695e-01	   4.0409221571904980e-01	   1.1301954781119061e+00	   9.1355839235423075e-01	   6.9745324737937897e-01	   7.6461979011094938e-01	   9.2532502041568276e-01	   7.7419839668037427e-01	   4.4714237456417677e-01	   5.7488865441077741e-01	   7.0558368871022981e-01	   8.8101525044734164e-01	  -3.2569003891616166e-01	  -1.1664036655785322e-01	   3.8218657657484367e-01	   2.0034044703238449e-01	   4.0794460489869605e-01	   4.4000073377809612e-01	   3.4512968821537204e-01	   6.6358991018676783e-01	   4.8176488648096694e-01	   3.8559363621092724e-01	   2.1030968027256153e-01	   1.3847073727100709e-01	   5.0668826341758333e-01	   3.3733096884002434e-01	  -5.9532703514295245e-02	   3.4123190905421857e-01	   5.8414908666674137e-01	   3.8290171722260147e-01	   4.7253672583538908e-01	   2.5795822372108190e-01	   1.8262596364885303e-01	  -1.8086052989255419e-01	
   9.2012748610532469e-01	   9.0946532650150935e-01	   1.0068396379192448e+00	   0.0000000000000000e+00	   5.7855669156943923e-01	   8.1604627633885052e-01	   8.4433100497219504e-01	   9.8915153424842694e-01	   5.4014929450982518e-01	   8.6136262491524973e-01	   8.0838875411071354e-01	   9.1158788318013173e-01	   6.2855244833455204e-01	   5.4484757347689783e-01	   6.0670377915258500e-01	   7.8744235014380626e-01	   4.9881225858440920e-01	   5.6608713805867739e-01	   1.0347339472847101e+00	   1.0066535431629240e+00	   1.2520101415515303e-01	   7.2468985413323542e-02	   1.0690531327586750e+00	   1.2641692452626583e+00	   6.7246632515477811e-01	   1.1290883006809456e+00	   5.9288496590967477e-01	   5.7028072496186177e-01	   3.3868689336525121e-01	   3.2685955649851617e-01	   4.3563267956233875e-01	   6.6415790589248602e-01	   8.6594947257447497e-01	   1.0065197298400532e+00	   8.2960573275483407e-01	   7.7046163698889925e-01	   3.2416457859249875e-01	   3.1818967009486637e-01	   4.3900028062610524e-01	   3.4939937785839148e-01	   4.0067512192859300e-01	   6.2612956602218839e-01	   6.7040757233642778e-01	   6.4029460554699225e-01	   6.2359181085134374e-01	   5.6278774101708295e-01	   5.3210944911355995e-01	   6.2705312656916179e-01	   4.9827015755442272e-01	   5.9459106613076540e-01	   6.5052127999482567e-01	   6.7488879046502792e-01	   5.1278613714844046e-01	   5.7829452785902369e-01	   5.8997437598735170e-01	   6.5527157832345495e-01	   4.1890158992590615e-01	   5.8903081003352298e-01	   6.8427138007042310e-01	   7.7504549370430065e-01	   6.6112915804814976e-01	   6.4758347750313128e-01	   4.4479172918400189e-01	   4.4767508090305430e-01	   7.1349943442434161e-01	   1.0552133986767036e+00	   8.2824090922350224e-01	   9.3404121547827079e-01	   5.4809472735313403e-01	   7.0053450090813807e-01	   4.0885745171481197e-01	   5.0068525000021791e-01	   5.7833497906394060e-01	   6.2880838107047954e-01	   5.7646342639573078e-01	   7.0384419862322134e-01	   7.6392301608300905e-01	   8.6552600986022032e-01	   6.2499777559821024e-01	   5.5445482501350540e-01	   5.6446173277281653e-01	   8.0280000774236415e-01	   6.4041779480558791e-01	   4.7358634347549911e-01	   7.1275242473550349e-01	   1.0363136410947067e+00	   4.3304221197600568e-01	   4.5025635973653927e-01	   9.3259686750832893e-01	   1.0165947671654447e+00	   6.6643692716054370e-01	   5.9239903882245548e-01	   8.9205374839999496e-01	   6.0383694700705826e-01	  -3.5118882310447896e-01	  -3.7388501722236428e-02	   5.1277272030035959e-01	   4.1741240151178272e-01	   6.3233214656829484e-01	   6.0665477083465424e-01	   6.3809088139120029e-01	   6.0476389492684379e-01	   6.3144383136608362e-01	   4.6535686263673470e-01	   3.6454840275833267e-01	   2.6506594119763149e-01	   5.8266789330590218e-01	   4.4579314888462312e-01	  -2.0883600017777799e-02	   4.1930730506369229e-01	   7.8823885883027289e-01	   5.3127083931260799e-01	   6.7548101675439554e-01	   2.5686155551281437e-01	   2.1384861593923268e-01	  -8.9119040221292967e-02	
   8.2785217295203706e-01	   7.0046929570813132e-01	   7.2535618234653310e-01	   5.7855669156943923e-01	   0.0000000000000000e+00	   1.0476204798600595e+00	   1.1904703377218295e+00	   9.7287988783230184e-01	   1.6383378834148401e+00	   1.1219194976188909e+00	   5.4115138109376049e-01	   4.5687917857633714e-01	   9.3688583592710106e-01	   5.4977603382024509e-01	   1.0493158617939680e+00	   7.9318724228113102e-01	   5.4992383437243975e-01	   6.2504464735849896e-01	   7.9262882044875893e-01	   7.4965367965821339e-01	   2.8690499232262190e-01	   2.9832533451236953e-01	   9.0076318530556421e-01	   5.3499388175694385e-01	   6.9787075541205856e-01	   7.7668217389514072e-01	   6.9583661638697947e-01	   3.4905073321548358e-01	   5.5721935716579418e-01	   4.5848328997365367e-01	   7.4958610717695906e-01	   7.9720808642408025e-01	   6.2239194419765098e-01	   7.4533610246354520e-01	   6.6310593488220293e-01	   4.9763704628832528e-01	   8.9469163356290848e-02	   5.5705720247297245e-02	   3.0452433687328362e-01	   1.7561124384616555e-01	   3.8765601891246948e-01	   4.3078743969052236e-01	   6.5403126376733078e-01	   4.7569564588449753e-01	   7.0975890895152816e-01	   5.9120348854239924e-01	   5.1241575025700370e-01	   5.4859178701524747e-01	   6.3073572036529690e-01	   6.4830529042536966e-01	   7.1107733306632248e-01	   6.5706403033315530e-01	   7.3992416350242074e-01	   6.8515330608010561e-01	   3.6271505437388391e-01	   4.2605078494856119e-01	   5.4261229086387186e-01	   6.3778145457977220e-01	   9.6371255365720021e-01	   7.2784299590308787e-01	   8.7544039471062907e-01	   6.7759774593134603e-01	   4.3589102515038625e-01	   5.7140426705251546e-01	   6.9676663929708893e-01	   4.3667797502825006e-01	   6.8882624022115824e-01	   5.8353988742213359e-01	   5.2270030057963413e-01	   7.4971941526851360e-01	   4.0061117710076033e-01	   4.5027772044889991e-01	   4.8045565375237642e-01	   4.1851146254898242e-01	   3.0401453356038755e-01	   2.9252129059382637e-01	   3.4879152503260452e-01	   2.8991619294618537e-01	   4.6743340360416175e-01	   5.1743085733125493e-01	   4.8758515799648028e-01	   6.5052275690370609e-01	   5.6710035293339200e-01	   5.8352327520400915e-01	   4.3901808610885340e-01	   5.4504452791686420e-01	  -4.3400402218101750e-02	   1.4677920529482436e-01	   4.3065123252897142e-01	   8.1897324133273164e-01	   5.9818249752153463e-01	   8.9519349446764640e-01	   4.3641730941355245e-01	   6.7978031018491758e-01	  -3.6840287057724808e-01	  -1.5415238146531138e-01	   2.5618210002490488e-01	   1.6802081449627340e-01	   5.0149704619771240e-01	   5.4593904451146380e-01	   4.5759679233540806e-01	   7.7816599748742654e-01	   5.7312234587395450e-01	   7.9817305690614171e-01	   2.5788986153203775e-01	   1.6224164619119646e-01	   5.8443673099820692e-01	   4.2598943943331224e-01	  -1.5558742454474112e-01	   7.2968374388857574e-02	   3.5862992832495749e-01	   4.3098441273550397e-01	   4.1652558311757593e-01	   1.2609270647895321e-01	  -7.5802668535420559e-02	  -4.4854491414916708e-01	
   6.3185228082231026e-01	   6.8411272759419484e-01	   5.6444960822202195e-01	   8.1604627633885052e-01	   1.0476204798600595e+00	   0.0000000000000000e+00	   8.7694345710225030e-01	   1.2264852653024374e+00	   8.7945392799465039e-01	   1.2370768095363913e+00	   4.2733631784705972e-01	   7.5254906352853523e-01	   7.8012138574700007e-01	   8.1570549151319438e-01	   6.2856673736897750e-01	   9.0011200683978010e-01	   4.4783888357990054e-01	   6.0307381091210488e-01	   5.9317827244139421e-01	   6.7697154269793047e-01	   1.1502444378537682e-01	   2.0358207027621125e-01	   7.3059656140889817e-01	   7.1642464313293619e-01	   4.0593497179138116e-01	   9.7106962987595857e-01	   4.0822191333476238e-01	   3.3257048494493713e-01	   3.4556249168076703e-01	   4.1775694311316880e-01	   4.4616859789921992e-01	   6.5088387605008502e-01	   4.9816713923399614e-01	   7.1987149669124706e-01	   7.7158466662050684e-01	   6.9345225490296358e-01	   3.9567989809307966e-02	   9.2777935851630730e-02	   1.9724412319418444e-01	   1.2654969176203418e-01	   2.4856470733187658e-01	   3.9198531262356950e-01	   6.5549494020474919e-01	   5.4805775584062211e-01	   7.7230910891952775e-01	   8.2291784235303533e-01	   4.5648736721291655e-01	   5.9934364921369543e-01	   6.4574970740939064e-01	   7.4165844270857484e-01	   7.0011770901195824e-01	   8.2507546824597799e-01	   5.1001937758140203e-01	   5.7965826032282008e-01	   3.5113684269878459e-01	   4.2172579075073990e-01	   3.3034632184245138e-01	   3.9198748079462536e-01	   7.9089148063229409e-01	   7.4857352689904144e-01	   6.9025862767903989e-01	   7.5839899180685721e-01	   3.4101797218045232e-01	   4.1840813807847560e-01	   6.2893260455475286e-01	   7.4157082781034456e-01	   7.9477313340562350e-01	   8.6814711116796817e-01	   3.4777243723013457e-01	   5.5195517329200938e-01	   3.4589462672955590e-01	   4.9155338286515371e-01	   3.8794084942669754e-01	   4.6374789674904160e-01	   2.3026733026614699e-01	   3.4979511042974121e-01	   4.5104016691328641e-01	   4.9795241565067022e-01	   3.9302559996838621e-01	   4.7364226703764228e-01	   3.8578286359831160e-01	   6.0141282870583468e-01	   4.2979114149315417e-01	   5.7198727615230704e-01	   3.2799103380870032e-01	   5.7356926186559443e-01	   7.1710553627800863e-02	   1.1741341792365001e-01	   4.5580703569494507e-01	   6.7594497133941689e-01	   6.3029008611873083e-01	   6.8775358763950045e-01	   6.7169025734003174e-01	   5.0193576615427937e-01	  -4.3833309898912920e-01	  -5.9304260806244916e-02	   3.4133746085788880e-01	   2.7821974805867150e-01	   4.7890688579835794e-01	   4.7948036930876242e-01	   6.3691935555419310e-01	   5.7858815775069949e-01	   5.4856180094881324e-01	   5.5482737321129405e-01	   3.6693754573796672e-01	   1.5208656984781355e-01	   6.1478039616383551e-01	   5.9696841842054404e-01	  -1.3857862288562969e-01	   1.9322456769417876e-01	   6.3352492399076354e-01	   3.8249759441765868e-01	   4.6721962298715064e-01	   1.0181520419293032e-01	  -7.0044662277742128e-02	  -4.1574699227291506e-01	
   1.0150421415020707e+00	   8.7749775847877132e-01	   8.7934100214046329e-01	   8.4433100497219504e-01	   1.1904703377218295e+00	   8.7694345710225030e-01	   0.0000000000000000e+00	   1.3731667189982881e+00	   1.3419677282366904e+00	   1.0433245857408984e+00	   7.0433923060599679e-01	   6.2314952957560132e-01	   7.8148932583272646e-01	   4.0684378170167468e-01	   9.0348365065547975e-01	   7.5001175753046501e-01	   7.7845349663150554e-01	   8.6882040733435284e-01	   1.1127791752833973e+00	   1.0070992688086164e+00	   2.4657722013341288e-01	   1.9704068093362753e-01	   1.0447742876072359e+00	   5.8175417708908972e-01	   8.0158849694166201e-01	   8.3311073349275133e-01	   5.1205372579851138e-01	   1.9377192265097873e-01	   8.7597882768070290e-01	   7.1995605838124110e-01	   1.0784300388209060e+00	   1.1373168921459140e+00	   9.6986805326737779e-01	   1.0481989100886484e+00	   7.1912919181197399e-01	   4.6490826982458544e-01	   2.2055246517182381e-01	   2.1326464045233959e-01	   4.3910809788517458e-01	   2.5944283573472415e-01	   4.8500875089340839e-01	   5.3897472549163949e-01	   7.7285071320609022e-01	   5.8653087097413958e-01	   8.8221860167011001e-01	   7.0186428426296910e-01	   6.6963506613671486e-01	   6.7251537744028722e-01	   7.2302581255541809e-01	   7.3356719144193105e-01	   8.1902349207047243e-01	   7.1751991099253609e-01	   7.3360453478738730e-01	   7.2742227922339242e-01	   4.7873641536673472e-01	   5.7380280836858988e-01	   5.9082742268869048e-01	   7.3495690055491192e-01	   1.0278516955636350e+00	   7.8767128683669774e-01	   1.1316697239759408e+00	   7.5837193946288639e-01	   6.7521211004161730e-01	   7.6573568736338604e-01	   1.0119983714815783e+00	   5.4071228452048548e-01	   1.0064639452053050e+00	   8.2238336268963175e-01	   5.3421533800455856e-01	   7.8395049899108793e-01	   4.9199389818963424e-01	   4.6501448597216766e-01	   8.1665903120289318e-01	   7.3570190426450033e-01	   6.0869018800902397e-01	   5.6577755474195213e-01	   6.4227650898509114e-01	   5.2551538432018008e-01	   7.4280182282121054e-01	   7.6480158271631060e-01	   7.4748078348389368e-01	   9.4377698716267577e-01	   6.3034072278875242e-01	   6.6938879787363259e-01	   6.5591337373359648e-01	   6.9200075137641470e-01	  -2.1807584225339890e-02	   2.2448819416097973e-01	   5.8929582638570266e-01	   9.4130288205882828e-01	   8.2306762509392095e-01	   9.4410477975942653e-01	   5.8027668586688064e-01	   7.4354113514148790e-01	  -3.2647581936425096e-01	  -7.0002518348139128e-02	   4.0087248393471797e-01	   3.2808734898067959e-01	   7.8745099733709278e-01	   7.6902361208020831e-01	   7.0890640128594440e-01	   1.0253306658455341e+00	   8.0075834123476874e-01	   8.2661167685746550e-01	   4.0188354626474648e-01	   3.1593266200261899e-01	   6.5267170567629285e-01	   4.7925502828621303e-01	  -2.7677956730965170e-02	   2.4070721651248561e-01	   4.8655528910435319e-01	   6.0515405759460039e-01	   6.4648941442752050e-01	   2.3580253190158795e-01	   2.1830196447093005e-02	  -1.8095052148829477e-01	
   8.7613010700981697e-01	   9.9506062281454022e-01	   6.1419204372519876e-01	   9.8915153424842694e-01	   9.7287988783230184e-01	   1.2264852653024374e+00	   1.3731667189982881e+00	   0.0000000000000000e+00	   1.2011505088974075e+00	   1.5611559718664803e+00	   6.7550861891994518e-01	   9.6895065062909724e-01	   8.2898085122354948e-01	   7.4278133405931346e-01	   7.8835880239173983e-01	   1.0276766650373459e+00	   7.2345437881846653e-01	   9.0551414394942209e-01	   8.8671696362993424e-01	   9.7960752543154683e-01	   1.2568786000769594e-01	   1.0775860167734179e-01	   8.8435965895899404e-01	   7.1152747154228368e-01	   5.2363622983733604e-01	   8.8584268475718020e-01	   3.5702474858596567e-01	   1.8811087733555990e-01	   7.5183978801114093e-01	   7.7365347267558426e-01	   8.0126949973417949e-01	   1.0369969036145656e+00	   8.7578291690997234e-01	   1.1544019119096740e+00	   6.1666654293384759e-01	   4.8741678027994839e-01	   6.0152968019794313e-02	   1.3953346156602178e-01	   2.9400574300596577e-01	   2.1541072520218735e-01	   3.8151201431634230e-01	   5.7175129688946724e-01	   6.6258723589086721e-01	   5.6086506162158678e-01	   8.3435256447322148e-01	   8.0630884808995729e-01	   5.6655025013399785e-01	   6.3444932944851284e-01	   7.6589579157854881e-01	   8.0019619540785181e-01	   8.8881869100732380e-01	   8.5169137973605979e-01	   6.5907054072331106e-01	   6.1287778538883242e-01	   4.8396653357112773e-01	   5.5598044251428580e-01	   4.8768161156703133e-01	   6.4611107419392744e-01	   9.6971384837389718e-01	   8.8544099316075475e-01	   9.7560400278797343e-01	   1.0332699770549874e+00	   6.2716513275691477e-01	   7.5702056666120843e-01	   7.9261829510528081e-01	   7.7578056950318974e-01	   9.1007642950049039e-01	   8.8698455157347000e-01	   4.5733159220174813e-01	   6.4390934955261225e-01	   3.6762481947368669e-01	   4.4768133694563933e-01	   7.1677895366099231e-01	   8.0293878321973178e-01	   5.1989720931356631e-01	   6.4529528155015115e-01	   5.0006792547597667e-01	   5.2705374051531506e-01	   6.2949928600883909e-01	   6.7527298490400378e-01	   6.8988966688098696e-01	   9.1859785513617309e-01	   4.5473778265913334e-01	   6.5213606214128295e-01	   5.1559257481240328e-01	   7.6049386625080928e-01	  -2.9908443876967096e-02	   1.4846228602066472e-01	   5.5774368144154174e-01	   8.8884602907658539e-01	   8.0930277066340139e-01	   7.0099691360669647e-01	   6.3599857562905671e-01	   5.0538197538565255e-01	  -3.7533098762481565e-01	  -5.2378102729610618e-02	   3.3708439500165943e-01	   3.1610897198620236e-01	   7.1531819538864561e-01	   6.2982953803094743e-01	   8.2095180255328193e-01	   7.1618466540145143e-01	   7.2681497798280315e-01	   6.5244383013551155e-01	   3.7766678340822990e-01	   2.5775094416830918e-01	   6.2087605060991047e-01	   5.3188078105485481e-01	  -4.2984801823549093e-02	   1.7673995922261618e-01	   4.3257464307584464e-01	   4.5561216866064624e-01	   5.6627473539401918e-01	   9.8886916099975283e-02	  -5.7842690122675310e-02	  -2.3617602195815007e-01	
   8.2514862633176733e-01	   7.5015953637192379e-01	   6.0236692940902892e-01	   5.4014929450982518e-01	   1.6383378834148401e+00	   8.7945392799465039e-01	   1.3419677282366904e+00	   1.2011505088974075e+00	   0.0000000000000000e+00	   1.2867638811638842e+00	   5.4537495667481206e-01	   4.9759674254705599e-01	   8.3813568054328857e-01	   5.0792701505438120e-01	   9.9419855273979596e-01	   7.9726951097373833e-01	   6.4889293101981915e-01	   7.8899478427159186e-01	   8.1054538277277133e-01	   7.8955718115178197e-01	   2.2641441590243544e-01	   1.8726681513415314e-01	   8.2441146868212234e-01	   4.3504769545525845e-01	   6.0881999781677820e-01	   6.2597378938384751e-01	   4.8003283653209911e-01	   1.7837968145863745e-01	   7.6274224956120429e-01	   6.7515834794699081e-01	   8.9596659886591934e-01	   9.3527354302315979e-01	   6.7301052807951101e-01	   8.1614074964424810e-01	   4.4260772522045155e-01	   2.7289591796830304e-01	   1.3006372245459570e-03	   2.7323676456479155e-02	   2.7852159086788059e-01	   1.7883858377929820e-01	   3.7161811782093990e-01	   4.7123832060305182e-01	   5.5105334575800613e-01	   3.9984725829261925e-01	   6.5205712532449644e-01	   5.5583183003588155e-01	   4.9685027608325200e-01	   5.0421266865307934e-01	   6.3557676777347361e-01	   6.3260482807828877e-01	   7.1175337998579458e-01	   6.0980529555957452e-01	   7.3824082649583045e-01	   6.2791484713996493e-01	   3.4484673581662623e-01	   4.2265130767634723e-01	   5.6458935222268558e-01	   7.1800884253733710e-01	   9.4872579400837731e-01	   7.1009585819524201e-01	   9.3512218198547004e-01	   7.4830291623496303e-01	   5.1255217725468349e-01	   6.9044204613591520e-01	   7.1312824664541130e-01	   3.9754020542234586e-01	   6.5300889917596494e-01	   5.2321675321707795e-01	   4.7240607155658643e-01	   6.8298387974239338e-01	   3.0489657901103928e-01	   3.3125149751147387e-01	   6.0500689372449290e-01	   5.7248307155142442e-01	   4.0857735672744383e-01	   4.1476199884445647e-01	   2.8464719449706455e-01	   2.3336353017680617e-01	   5.4633353424115838e-01	   6.1433946941069295e-01	   6.0248047817121642e-01	   7.4667470249905321e-01	   4.5633841611926484e-01	   5.6061788181361472e-01	   4.5336293007914424e-01	   5.4003680534839993e-01	  -1.5655755267380136e-01	   1.2742291461958563e-01	   3.6747936066774661e-01	   7.5192868486988773e-01	   6.1872564302983035e-01	   7.8280305231011604e-01	   3.5851208165968579e-01	   5.6358069926345156e-01	  -3.8497384550813607e-01	  -1.6469631940513663e-01	   1.7868448573098150e-01	   1.3523990548525949e-01	   5.5602040523754459e-01	   5.5207904034534683e-01	   4.9529552516756853e-01	   7.6970593296757350e-01	   5.6745371683498513e-01	   7.4805253359737778e-01	   2.0339177446491383e-01	   1.6684424011926396e-01	   4.8651259044449657e-01	   3.7062674391751854e-01	  -1.3985812188644575e-01	   1.2837437873225757e-02	   2.0263804981681555e-01	   4.3157426442920083e-01	   4.2245382356070998e-01	   1.0711121004770655e-01	  -1.2756290697748435e-01	  -3.7326049766756991e-01	
   8.7661241769979126e-01	   9.8119687350092355e-01	   5.1601558116060575e-01	   8.6136262491524973e-01	   1.1219194976188909e+00	   1.2370768095363913e+00	   1.0433245857408984e+00	   1.5611559718664803e+00	   1.2867638811638842e+00	   0.0000000000000000e+00	   5.6701531071846212e-01	   8.1566698749227651e-01	   8.8369591464892783e-01	   7.8166136464005742e-01	   8.4832536369539446e-01	   1.2309707168600585e+00	   7.2218712653897676e-01	   8.5068953393658520e-01	   8.4504980502818405e-01	   9.6999853671983971e-01	   1.8464436715191976e-01	   9.6656142814724566e-02	   7.7699244185349148e-01	   6.3952454793871383e-01	   3.7730734259080778e-01	   7.7336424525503111e-01	   3.5195271767672692e-01	   1.9430383533326281e-01	   6.2714982685188658e-01	   6.8456472524688683e-01	   6.7455356392285126e-01	   8.5702707431593639e-01	   7.8597186700188415e-01	   1.0823982972083215e+00	   4.9677030044792325e-01	   3.9305334183865498e-01	  -1.2383407320335092e-01	  -1.8078492158731453e-02	   2.1131562366721726e-01	   1.8119879749313661e-01	   3.0846155103694423e-01	   4.5528743256808046e-01	   5.8246768038846619e-01	   5.2647573343642129e-01	   7.2392276686597601e-01	   7.3174802727538091e-01	   5.4869606369393920e-01	   6.3009654823009698e-01	   7.2946128651757580e-01	   7.7080097164451311e-01	   8.3258744821402098e-01	   7.9336053645613602e-01	   6.8447362531108835e-01	   6.3693441094246894e-01	   4.2913115664885465e-01	   5.3294659103936715e-01	   6.0059435502926695e-01	   7.1734226495088405e-01	   9.0797086316209752e-01	   8.0367219427428460e-01	   8.2946082980147828e-01	   8.6790649560976552e-01	   5.5047041526685869e-01	   6.7482785442096260e-01	   6.1768316604628049e-01	   6.9082383232682609e-01	   7.2442138564743341e-01	   7.1541964438053540e-01	   5.4928791385252285e-01	   7.0258161510965156e-01	   2.5516578876368928e-01	   3.1166497195935133e-01	   5.6359862881116374e-01	   6.1233151278828601e-01	   3.8233204387920738e-01	   4.7991058947868259e-01	   3.4103795884192056e-01	   3.6384609414867614e-01	   6.3522434126580885e-01	   6.8665049012174384e-01	   6.3956104801766411e-01	   8.3380587480847601e-01	   3.3786789407535600e-01	   5.4580101331460940e-01	   3.4714690258550446e-01	   6.5169118453555619e-01	  -1.2775325135469157e-01	   4.9004779520603170e-02	   4.6536390875030220e-01	   7.8955550858840895e-01	   6.1020035532560146e-01	   5.9030690689158771e-01	   4.5696516374610174e-01	   3.5724112643588513e-01	  -4.8845747138694506e-01	  -1.8473794953712946e-01	   2.2678651285248322e-01	   2.0035333201825584e-01	   5.7547849984180521e-01	   5.3941090359386035e-01	   5.6694917790346766e-01	   5.2185955715861088e-01	   4.8713030630702947e-01	   5.7728327854038430e-01	   2.1850084024667049e-01	   1.3962962663103284e-01	   4.4800954433677687e-01	   3.9808634850402541e-01	  -2.0768473334093096e-01	   4.7769757926340403e-02	   3.4372323962659412e-01	   4.1902088975418056e-01	   4.2114286748039281e-01	   6.5121580897223821e-02	  -1.5179709654033849e-01	  -3.7632213524581704e-01	
   1.1496453936137334e+00	   9.4188122959887954e-01	   9.0588666755106828e-01	   8.0838875411071354e-01	   5.4115138109376049e-01	   4.2733631784705972e-01	   7.0433923060599679e-01	   6.7550861891994518e-01	   5.4537495667481206e-01	   5.6701531071846212e-01	   0.0000000000000000e+00	   8.8790122327691456e-01	   9.3624238804922455e-01	   6.8086897124325629e-01	   9.7993642869740916e-01	   7.4805521952579257e-01	   5.0773408085405125e-01	   5.1737919044473246e-01	   1.1033018124344636e+00	   8.9279873086896144e-01	   2.9557639144538445e-01	   2.1161789135354114e-01	   1.1180376204586171e+00	   9.7083245929301365e-01	   8.6704814632450877e-01	   7.2704561328163730e-01	   7.8571866547051372e-01	   5.9292418342094777e-01	   6.8870552888176928e-01	   4.6023006806588590e-01	   6.3409295312512981e-01	   7.2433303853794517e-01	   8.1909952286154797e-01	   8.7429952390635168e-01	   6.2400608930612755e-01	   4.5023089182956577e-01	   5.5123541505282536e-01	   4.0660864137405212e-01	   5.2482033864600919e-01	   3.7832795032358169e-01	   8.8159341324523399e-01	   8.0854795678712621e-01	   5.7207839026285490e-01	   5.5002985452791686e-01	   4.4058454863088625e-01	   3.8081211048885216e-01	   4.5629825796730428e-01	   4.6067776241706915e-01	   4.2826904590298631e-01	   5.1193007712066441e-01	   5.7092491757858432e-01	   5.5790247878500210e-01	   5.8188778117235218e-01	   4.5541664227953860e-01	   6.6131279426236733e-01	   6.2557835580394106e-01	   4.6031038575306249e-01	   6.8528394731379361e-01	   7.5670452312108616e-01	   8.3555993554505004e-01	   7.9253600998100304e-01	   8.9229443820417886e-01	   6.0918133532337482e-01	   6.8261136248571086e-01	   5.9886987568629302e-01	   6.6563990289546382e-01	   5.9326604288310925e-01	   5.8307419130549887e-01	   5.1017206757448719e-01	   5.6358975214257512e-01	   4.8079760748653799e-01	   4.5798064520298082e-01	   1.0338743635037926e+00	   8.6426096630951565e-01	   1.0068186801371140e+00	   1.0186426757548461e+00	   8.5175548841195059e-01	   7.5377472072629104e-01	   4.5908744166837834e-01	   4.0131645321584364e-01	   6.5346687343249132e-01	   7.6118026647717407e-01	   8.4074876624177286e-01	   5.6862680321298009e-01	   1.1572158986628209e+00	   1.2132008227438373e+00	   4.9599732739888880e-01	   6.1778564243080702e-01	   1.0780856299157391e+00	   1.0320851345653703e+00	   5.4885295801162948e-01	   4.9321517094062106e-01	   5.4367094990290332e-01	   5.1612520871323053e-01	  -2.9011247214459074e-01	  -8.3125756869982678e-02	   3.3421994202106553e-01	   2.3597015835490109e-01	   5.5966379629383778e-01	   5.8133149104631954e-01	   4.8183523988425359e-01	   4.7268299114351076e-01	   6.3278598515342277e-01	   4.8913976761746292e-01	   2.6083259659724528e-01	   1.8955963285263705e-01	   4.1317122571211035e-01	   2.1290779313241376e-01	  -1.0071618702596191e-01	   9.3951473496289586e-02	   3.0769296185465206e-01	   3.3262149109315342e-01	   4.3293050438048764e-01	   1.8431225867849396e-01	   4.7062142604688662e-02	  -1.7069070549326817e-01	
   7.4774957575822742e-01	   9.1984139928281328e-01	   5.0154474756299527e-01	   9.1158788318013173e-01	   4.5687917857633714e-01	   7.5254906352853523e-01	   6.2314952957560132e-01	   9.6895065062909724e-01	   4.9759674254705599e-01	   8.1566698749227651e-01	   8.8790122327691456e-01	   0.0000000000000000e+00	   6.7509381028278093e-01	   1.0148487717707104e+00	   5.9398528894793889e-01	   1.0497385597887212e+00	   5.3260734127388376e-01	   6.0383301948158685e-01	   7.1575310643322954e-01	   8.2071190922234483e-01	   1.9821588271693807e-01	   1.5446087436070813e-01	   7.5484399331633667e-01	   1.0305441176844148e+00	   4.1175783448497189e-01	   8.0425095129126112e-01	   4.2821398491640655e-01	   4.5065678417743216e-01	   5.4462020175607739e-01	   6.2241660951419353e-01	   5.4773683741231549e-01	   7.9599565883620627e-01	   7.3352214086585610e-01	   9.1475518509721288e-01	   5.2917247880589979e-01	   5.0978394626787316e-01	   1.3645098280716966e-01	   1.8477223778394891e-01	   2.0752776838008241e-01	   1.6598108996683980e-01	   4.7509923810233790e-01	   6.3820135414671508e-01	   5.1788235724904219e-01	   4.7721437631986646e-01	   5.9769781414023737e-01	   6.0831659795684989e-01	   3.6402648981403901e-01	   4.2945173676599235e-01	   5.2661672784731994e-01	   5.9995307127869690e-01	   5.7144768290987957e-01	   6.1156576879308455e-01	   3.5651112050069239e-01	   3.0186741701869241e-01	   3.6039120754379522e-01	   4.2446606798828523e-01	   3.5004075318040173e-01	   4.3346404750006695e-01	   6.4343238339924413e-01	   7.0645633436288058e-01	   5.7464295907436858e-01	   8.6461425973838724e-01	   5.1146689633339459e-01	   5.5053780726313639e-01	   4.7098181343481960e-01	   8.6916392278556431e-01	   7.1381184412371534e-01	   8.3576120433956980e-01	   4.3730835045080046e-01	   4.3354830312901693e-01	   5.2319482959700614e-01	   6.8442987060606864e-01	   5.9979849317313949e-01	   7.3332607223560753e-01	   5.5025902341442734e-01	   8.1415015439551897e-01	   7.0325718643960899e-01	   8.7578600090251690e-01	   4.5370732598367969e-01	   4.4938196154218646e-01	   6.2561454893561963e-01	   7.8753677060772942e-01	   5.4071948599134134e-01	   7.5917679704098873e-01	   6.0901363014789944e-01	   1.1110113531818715e+00	   2.0724154973742437e-01	   4.1406253580538321e-01	   6.8147153627609292e-01	   6.9880360379290141e-01	   5.5201128954151890e-01	   3.9053438565082477e-01	   6.0166264787918800e-01	   3.3360073059445661e-01	  -4.8716244755917237e-01	  -1.8253884741174359e-01	   2.4490453784332777e-01	   2.3470511237023395e-01	   4.3839329885963002e-01	   4.0554961175436111e-01	   6.3396402296013488e-01	   3.9266511899307133e-01	   5.3702282134358370e-01	   4.0344958734788250e-01	   2.5849907108884651e-01	   1.0680099731462923e-01	   4.6883438773920832e-01	   3.9271247282717825e-01	  -1.7676688566713908e-01	   1.1483578988550383e-01	   4.2336065681034268e-01	   3.0774180340339252e-01	   4.2028674680344180e-01	  -1.6915902489225507e-02	  -5.7782112747826048e-02	  -1.9644544265231889e-01	
   8.7267124699377085e-01	   7.2090163444117406e-01	   6.8433702263737373e-01	   6.2855244833455204e-01	   9.3688583592710106e-01	   7.8012138574700007e-01	   7.8148932583272646e-01	   8.2898085122354948e-01	   8.3813568054328857e-01	   8.8369591464892783e-01	   9.3624238804922455e-01	   6.7509381028278093e-01	   0.0000000000000000e+00	   9.2216115502703200e-01	   1.1765771338077764e+00	   9.6781158006472767e-01	   3.7636785785819715e-01	   4.8330913960526284e-01	   7.3510718072767467e-01	   6.5433053227599780e-01	   1.6325685645545129e-01	   8.8646070052699533e-02	   8.2407713445417030e-01	   6.7306150274788357e-01	   4.6520093480579983e-01	   5.4479819808760455e-01	   6.0530024256465931e-01	   4.5250139662551592e-01	   5.6523437315866776e-01	   4.2489621671365085e-01	   5.2082502517290030e-01	   6.3316131351413307e-01	   5.4664854455663603e-01	   7.3555001664763808e-01	   4.5308632001043669e-01	   3.5562648908649969e-01	   1.7299283334973486e-01	   1.7276324162028620e-01	   2.9050287936217545e-01	   2.1377291491892975e-01	   4.7261463753647176e-01	   4.4108278375222998e-01	   4.7435826890383670e-01	   4.5087073492358415e-01	   4.5744210300966404e-01	   3.8360588308953436e-01	   3.4974229031941673e-01	   4.3585099217050399e-01	   4.1708666516969778e-01	   4.3382107834365546e-01	   5.1226740607395216e-01	   4.5999952710320968e-01	   5.0691161277920505e-01	   3.9250570511287719e-01	   4.7044330092084280e-01	   4.2781527255229918e-01	   4.0511380935745311e-01	   6.1058369038970428e-01	   8.5375869196939713e-01	   7.2868387937711365e-01	   1.1207900017866375e+00	   9.5315047270757169e-01	   4.5878918347979136e-01	   5.2243502430000344e-01	   5.8672876118403150e-01	   6.3199260410962399e-01	   5.1854473376572752e-01	   4.4763873128377785e-01	   4.2979240431287058e-01	   5.4724044550088835e-01	   2.0773436864566677e-01	   2.9789682563354958e-01	   6.1255221498417733e-01	   5.4607651259730328e-01	   5.3014463916860433e-01	   5.4165305252713969e-01	   3.8517640842948875e-01	   3.1083887393407128e-01	   3.6201045731002535e-01	   3.7828911936459958e-01	   4.0424645486605720e-01	   6.0509839713039604e-01	   4.7050140360345416e-01	   3.7491594456531641e-01	   4.8466762120141277e-01	   6.3722841823391208e-01	   1.6509236649335848e-01	   1.8158468889518692e-01	   7.1689600417083643e-01	   7.9599764031882037e-01	   3.9062749499869281e-01	   4.6188725741339315e-01	   3.5827581223781330e-01	   3.6630906011830844e-01	  -2.8881090649655661e-01	  -1.3588655175145067e-01	   2.3218691501005317e-01	   1.4472146128983165e-01	   3.3985051307573727e-01	   3.9369978347973200e-01	   3.7927825531371739e-01	   4.2535421588081851e-01	   4.6053716531548006e-01	   4.8523516113448306e-01	   1.6122397957846038e-01	   6.1066829475070403e-02	   4.3423509090048401e-01	   2.0836142645948458e-01	  -1.7790827237192935e-01	  -5.0408480641539556e-02	   1.8690925270281852e-01	   1.8265125603791094e-01	   2.4961513840261862e-01	   1.2515913521601357e-01	  -4.8749784388438556e-02	  -4.2973229564672438e-01	
