   0.0000000000000000e+00	   6.7600264615701333e-01	   5.2159124288749004e-01	   5.0514431696101836e-01	   5.3447937139242163e-01	   2.4203549841794980e-01	   3.9001598441968116e-01	   1.0617130818268920e-01	   3.9998185242356959e-01	   1.1997467211443701e-01	   8.0714070597341370e-01	   3.8473565971519025e-01	   3.8523780050828355e-01	   2.6389208345488641e-01	   4.5937912427350830e-01	   4.1158400111033999e-01	   6.9114856372223632e-01	   4.5573894869437964e-01	   1.0103407681524121e+00	   1.0271755616065297e+00	   1.8142402943676794e-01	   2.0514507429084369e-01	   5.8195081146031480e-01	   4.6323323734934224e-01	   5.7803779813104217e-01	   5.0370012733338632e-01	   3.3780060846998927e-01	   3.1796818408533989e-01	   2.8296731903427452e-01	   3.1696710329948324e-01	   6.6730578724248735e-01	   6.3132154526140638e-01	   4.5766529519311694e-01	   2.8682766432911788e-01	   4.4029133990223757e-01	   4.4789565175041313e-01	   3.9338086292179220e-01	   3.7682684292887197e-01	   2.7295513354025069e-01	   4.3298470328305905e-01	   2.7471620973776445e-01	   3.4822161116800537e-01	   3.6939620716079963e-01	   2.1994825896814177e-01	   2.9093088406716827e-01	   2.2257803393863240e-01	   2.1800388524457193e-01	   2.1055497466266831e-01	   4.3525490644573828e-01	   4.3225477144692387e-01	   4.3839211900286074e-01	   5.1204553116880980e-01	   1.9586388194048801e-01	   3.3353572169031714e-01	   4.5894671458979164e-01	   6.1011008283417723e-01	   5.6285406377707381e-01	   5.2334942598539635e-01	   5.2482908398865435e-01	   3.8976581312408387e-01	   5.0113725778032769e-01	   7.1073768371472168e-02	   2.4813455865511974e-01	   1.9376703188588218e-01	   3.5100398162378554e-01	   2.3075372010140838e-01	   4.8551881982418738e-01	   3.9705944429992140e-01	   6.9214552985431632e-01	   5.0626010738599536e-01	   4.2836199468088432e-01	   2.6293072403152812e-01	   5.4096461666980744e-01	   5.3567761720521356e-01	   6.1277803499104244e-01	   5.7072325501755417e-01	   7.3359390149826842e-01	   4.0447024382109820e-01	   2.1439959832676092e-01	   3.7497593222236869e-01	   3.4226037338813148e-01	   4.6978655804010694e-01	   7.2453784202323701e-01	   7.8816500146671342e-01	   6.5283067195753430e-01	   6.3420702988820532e-01	   5.7855199388557177e-01	   5.4486740308665560e-01	   6.8464314893706935e-01	   6.7950311448434253e-01	   5.0874151335217777e-01	   5.5796520914392678e-01	   4.2930153962562839e-01	   4.9038857224917953e-01	   2.3214506195880250e-01	   3.9678208991508945e-01	   3.1171461380093057e-01	   6.2027356137208201e-01	   6.5212521783396871e-01	   6.4283688029197150e-01	   1.9645782097759146e-01	   4.0030285855295694e-01	   3.0415941770211313e-01	   4.5451071113881569e-01	   6.9700357781068339e-02	   1.1987366105192640e-01	   2.1300968560379244e-01	   2.2341202418689729e-01	  -2.5890273046423135e-02	   6.7050379359881146e-02	   5.9896397135479673e-01	   5.0306784796490722e-01	   6.1444441166884567e-01	   5.8725224595484959e-01	   4.3398218182147125e-01	  -1.3813649452735691e-01	
   6.7600264615701333e-01	   0.0000000000000000e+00	   4.8138398775706043e-01	   1.3955025810212260e-01	   1.7025043978226692e-01	  -4.8085442534345282e-02	  -6.6324229837532347e-02	  -2.8906717556921568e-01	   2.0936499750195012e-01	  -1.0297247262584400e-01	   1.2520126375827872e-01	   2.3237151451364679e-02	  -1.3528268047146622e-01	  -7.1319209300730352e-02	   1.4633688467970929e-01	   5.6875795764510829e-02	   7.9715254054971085e-01	   6.0874498411430455e-01	   4.8971230061695015e-01	   5.4754271948727717e-01	   2.7622566468888543e-01	   3.0257051174052063e-01	   5.6420092442067182e-01	   4.8413851844257022e-01	   7.1281952742377896e-01	   4.6103734187922107e-01	   4.2651007721459544e-01	   2.4105345334528178e-01	   5.2952144971308110e-02	   8.7167162998228298e-02	   5.3546866741369969e-01	   4.0614152654049568e-01	   9.1467355968751787e-02	  -4.7220135400652674e-02	   5.5666637845115519e-01	   3.9184447956300483e-01	   7.2406379120418984e-01	   6.5424006801650991e-01	   5.9461608042167313e-01	   6.2512312262721392e-01	   3.2571505502024417e-01	   3.8153198031415742e-01	   4.7993493961259148e-01	   4.9171214540740404e-01	   2.2278250306557043e-01	   2.5043595121419171e-01	   4.9335462258415286e-01	   4.0126090709793860e-01	   3.6364489035759384e-01	   3.4592924522878093e-01	   3.5148900486084605e-01	   2.4360287711099227e-01	   4.3002587104618839e-01	   4.6386700721103524e-01	   5.2767989456086961e-01	   7.4015467031822335e-01	   8.5543710874912338e-01	   6.1596549458247496e-01	   9.8491248848245373e-03	  -3.2785049298795103e-02	   4.4742385242619545e-02	  -2.1047942476422307e-01	  -1.6834765421282341e-01	  -1.0889933206640777e-01	   4.1234290165714627e-01	  -5.6114213743159672e-03	  -2.4081286773804490e-02	  -9.6078659575028078e-02	   5.0272485734928196e-01	   5.7003253918846297e-01	   5.4536532052398257e-01	   4.3887197245570181e-01	   4.3625533091790886e-01	   4.3640855982866228e-01	   5.3499220833767991e-01	   5.3811568403541521e-01	   4.4239152476949889e-01	   4.0590788879681167e-01	   6.6722877853038776e-01	   6.9374169937932073e-01	   3.5149259700941976e-01	   5.0128474135006651e-01	   5.6452032046753819e-01	   5.8671091903975081e-01	   6.5732208389806468e-01	   5.5511237050129303e-01	   7.0771114316834138e-01	   4.2524621555490116e-01	   6.5483014791347005e-01	   4.0219842229691827e-01	   3.3595276822057474e-01	   2.4410471969645287e-01	   3.0368814636414859e-01	   3.0058662676960318e-01	  -1.2692116601172391e-02	   1.5412747688803632e-01	   1.9550037620134830e-01	   4.3846108415683216e-01	   5.3216802078565395e-01	   3.7502315633391431e-01	  -1.6017377834909818e-01	   1.3023584946951353e-01	  -3.1147689476812651e-02	   1.3690073316995482e-01	   8.9019915323837281e-02	   1.1086000738835661e-01	  -1.6472985756648548e-02	  -1.4870413992340950e-02	  -1.1809220957966358e-01	  -8.7604262820545065e-02	   4.2850871915607058e-01	   5.1292158188293613e-01	   3.8850404452076853e-01	   2.7803802730573018e-01	   2.7499394761853058e-01	  -2.8020056462000076e-01	
   5.2159124288749004e-01	   4.8138398775706043e-01	   0.0000000000000000e+00	   5.4150618939006612e-01	   5.5219152655626091e-01	   1.5569479093227218e-01	   5.5437298659500933e-01	   3.7769492586746764e-02	   7.1770030526407103e-01	  -5.8827067467011392e-02	   4.2069834864583722e-01	  -6.4246025397429458e-04	   2.6279259939244726e-01	   4.6856352613700934e-02	   7.7359767287849190e-01	   2.8988365493646057e-01	   2.8743119862038286e-01	   3.0334152668214592e-01	   7.8364013908599683e-01	   6.0532937783238416e-01	   2.6487280701997573e-01	   3.5061990856946218e-01	   1.3078012385329898e+00	   5.4940540194171050e-01	   1.0904059750958177e+00	   7.5126481195885331e-01	   7.5110895489426110e-01	   6.5830037773541861e-01	   3.5711565640956927e-03	   2.1457017228391110e-02	   1.2455200740794443e+00	   7.5984906044695399e-01	   3.7139571062776788e-01	   2.1308351728288843e-01	   7.2012258601770629e-01	   3.1446742939832029e-01	   3.5545091129334616e-01	   4.8491432160828224e-01	   3.5019362207113641e-01	   3.8278316058501116e-01	   1.5761313047326914e-01	   1.5838178037124903e-01	   2.8243012930796729e-01	   1.8091060395230835e-01	   1.1165209963676212e-01	   2.8965316529799782e-02	   1.0723780129018731e-01	   5.5246350941869977e-02	   2.3834384210387471e-01	   1.7453091974450952e-01	   2.6388292615814429e-01	   3.0569291508630964e-01	   7.7514016226453439e-03	   2.0303373633250577e-01	   9.8411480829601924e-02	   3.2899116350683871e-01	   1.7780597038345006e-01	   1.5090343813804252e-01	   2.9619154236236589e-01	   3.7448419910347721e-03	   3.2957046295205578e-01	  -1.0551829634847319e-01	  -6.3383249978782646e-03	  -6.3480077767765264e-02	   8.8679334897038553e-01	   3.5276678444555004e-01	   1.7713362911071853e-01	  -2.1997871989325610e-02	   3.8441440788340003e-01	   2.5988455643996139e-01	   3.8003626889196168e-01	   2.0095181057237449e-01	   1.7089982265128312e-01	   1.4783362080274801e-01	   3.4053919355203699e-01	   2.4907696757710127e-01	   5.4104089020193313e-01	   2.9108990156355491e-01	   1.3708890128748438e-01	   3.1701371977214177e-01	  -6.8979692033290935e-02	   2.1271738976169549e-01	   7.2626206962181750e-01	   3.1446577977307338e-01	   8.1898762342051978e-01	   6.3403751372317940e-01	   7.8012809261094462e-01	   3.7134308602440846e-01	   6.6086904381310108e-01	   5.2287933695595767e-01	   2.1027996003104885e-01	   4.9090445685048395e-01	   3.2462498869780437e-01	   7.0750369065590413e-01	   3.7851318798386317e-02	   9.2687270543941422e-02	   1.4462764443775794e-01	   3.8191042289824467e-01	   1.3209252291915785e-01	   3.2662638441167330e-01	   1.4922926073027548e-01	   5.0047610296005896e-01	   2.3226446390615454e-03	   2.5385109093947428e-01	   1.6995458429154947e-01	   1.7163989290052015e-01	  -9.2054486854135947e-02	  -7.4528979587829308e-02	   7.5271132693658593e-02	   7.0804675712322365e-02	   4.1082006423725725e-01	   2.8335540323231734e-01	   4.3268054440342835e-01	   4.7209411062681544e-01	   2.9314303783504353e-01	  -8.4551919288208283e-03	
   5.0514431696101836e-01	   1.3955025810212260e-01	   5.4150618939006612e-01	   0.0000000000000000e+00	   4.1874020573051318e-01	   6.9074556536819165e-01	   7.3730076981994297e-01	   8.7068692178554197e-01	   5.8438369348577424e-01	   5.3612447148524067e-01	   5.4274461191645396e-01	   6.4033298233928904e-01	   6.3146823484745762e-01	   8.1157273470551095e-01	   5.5663400069883417e-01	   1.0359970461179047e+00	   1.1337029990544722e-01	   6.0767701173947350e-02	   4.0899295637860944e-01	   8.5546409534216683e-01	   1.1408876118209695e-01	   1.9856022487509434e-01	   5.3817132100573528e-01	   6.5198609020738696e-01	   3.2068970237940708e-01	   6.3018785097013708e-01	   2.7834462166468155e-01	   5.1274412866768748e-01	  -1.7737191866993310e-02	   9.8686953099113628e-02	   4.8397278382229125e-01	   7.0245871068446253e-01	   6.1439675663881554e-01	   7.6872493777546103e-01	   1.7344147002413607e-01	   2.8760537125679919e-01	  -1.1740218920004931e-01	  -2.8042145951221766e-02	  -4.0921496896435386e-02	   1.1762222042205937e-01	   7.4769151925094979e-02	   1.3586237776833940e-01	   1.1114199678593994e-01	   2.1987632854887657e-02	   7.1821659389914499e-02	   2.3544962290705490e-02	  -1.1720599265899760e-01	  -1.5430405931144711e-01	   1.4766888943592921e-01	   1.0819889669747500e-01	   3.1788358068245215e-01	   4.2834627931742669e-01	  -1.7754096778880107e-01	  -1.3436915117619253e-01	  -2.2451798560412697e-02	   3.6376090209204757e-02	   4.6625328697040655e-02	   1.5835185172569566e-01	   6.2447077546002672e-01	   5.0177945602714091e-01	   4.8557949060093730e-01	   3.8656763696723795e-01	   3.7780222317347989e-01	   5.0513979431404110e-01	   2.3808141442235403e-01	   6.3680853350524214e-01	   4.9464573448415189e-01	   5.5207817460304143e-01	   3.1067665804395900e-01	   1.9114098248824993e-01	   9.4744657889244965e-02	   1.2260487401535189e-01	   1.7552710533260552e-01	   2.4907396027593809e-01	   1.2815457978457218e-01	   2.2071258876805228e-01	   3.2572337552406833e-01	   3.3052936215178413e-01	  -6.5942864475330654e-02	   1.4240515261818831e-01	  -9.7799306547642767e-02	   8.3154467551310923e-02	   3.0800457585625057e-01	   2.8632804228064679e-01	   2.1177201361606571e-01	   6.2333146707809295e-01	   2.1586306677581990e-01	   3.8469619630893881e-01	   2.4517119047702179e-01	   4.1479670959655729e-01	   3.6503693883318528e-01	   2.2865557643168877e-01	   5.5464593121800942e-01	   3.0878299396552145e-01	  -1.4925909763575429e-01	   6.0593626375726309e-02	  -6.8955717484136522e-02	   7.6054878068210721e-02	   4.4442468171108168e-02	   7.1616554054508522e-02	   6.3157427124806831e-01	   2.0644790348344275e-01	   2.7995099606042645e-01	   3.2078002539152001e-01	   1.7033803502978964e-01	   2.2566581601651381e-01	   1.6907354494003607e-01	   7.9229150141121529e-02	  -1.4944831506393050e-01	  -1.5731927552070168e-01	   1.0060624728989813e-01	  -6.1130784669577679e-02	   2.2560344777633304e-01	   1.8013400128349200e-01	   2.2032042696330489e-01	  -8.3314131667614172e-02	
   5.3447937139242163e-01	   1.7025043978226692e-01	   5.5219152655626091e-01	   4.1874020573051318e-01	   0.0000000000000000e+00	   6.0998212116114436e-01	   1.0251580550653210e+00	   4.2118898595051152e-01	   5.2946552221734289e-01	   1.6767071152080690e-01	   3.3264148080099948e-01	   3.1236013772306381e-01	   6.0667441010997158e-01	   2.3621142685692528e-01	   2.8902357777066823e-01	   2.1988134911461674e-01	   5.1840047971314152e-01	   5.8749645722248345e-01	   5.8828399565314227e-01	   4.6839667259467871e-01	   1.2569627751200246e-01	   1.7519097287478147e-01	   2.6099061727974371e-01	  -1.7808708229592096e-03	   5.4176547289713450e-01	   2.5756086440968651e-01	   1.0331889462644606e-01	   2.6172895812119693e-02	   7.1553357185806832e-01	   6.1059253942720182e-01	   6.1986212363725302e-01	   4.4267224923642146e-01	   8.1543162023281845e-01	   5.5852786841798352e-01	   1.0270966867775805e-01	   2.3007899477554267e-01	   1.5531470012810317e-01	   2.0326002556794648e-01	   2.5102702138077798e-01	   3.3077324527637753e-01	   2.3053406385497960e-01	   3.6960058207716012e-01	   1.9209726927133491e-01	   1.0713542212649244e-01	   3.2877958070690649e-01	   2.8639888611651626e-01	   1.5734450889476792e-01	   2.7510078560765766e-01	   2.3616137920871350e-01	   2.6048785586074097e-01	   3.1146025366410324e-01	   3.9899435492466628e-01	   1.3198801503205876e-01	   2.6948187232507792e-01	   2.2601012320494757e-01	   3.0304778711542807e-01	   1.5058044075945401e-01	   3.0057100280986493e-01	   5.8844839712997477e-01	   2.6110981252247845e-01	   6.7701501636748296e-01	   1.6636626838322460e-01	   4.7440269499138399e-01	   2.6981163442438094e-01	   5.1243996340496381e-02	   7.0141441796512302e-05	   6.3086531908831700e-01	   4.2624898340214989e-01	   5.4904489994822936e-01	   3.3829843779918617e-01	   1.2413723883102364e-01	  -1.5850897845659140e-01	   4.1938048185783183e-01	   3.9663760418680888e-01	   3.3461118327726291e-01	   2.3191841424743775e-01	   5.1204048389440826e-01	   5.3968085598603721e-02	   4.7060820288252272e-02	   3.7424424327151989e-01	   2.7838319013712032e-01	   2.7572013836981857e-01	   4.9525472245346536e-01	   4.5893229185065476e-01	   1.3021204956868276e-01	   6.9484378821658338e-02	   2.5416466582127667e-01	   3.1471916202352801e-01	   4.2139249090664382e-01	   3.8709951195874032e-01	   8.1978203735971159e-02	   3.4403019980035254e-01	   4.1198232459654920e-02	   4.3011281412051927e-01	   2.1809179695467723e-01	   1.7012698676496807e-01	   2.0687382855509265e-01	   2.9434049829057912e-01	   1.5996861246355032e-01	   3.0598843891738425e-01	   3.1329767274780135e-01	   6.9884989764838357e-01	   2.1242207556521714e-01	   3.8515272535443523e-01	   2.9104396476763873e-02	   1.3839079132384680e-01	  -5.6525049057419535e-02	   5.7396399450626821e-02	   4.0755587862625176e-02	   2.0747284347993308e-01	   5.0209774943873853e-01	   2.4011249873955853e-01	   2.9347389205081703e-01	   3.3078017519063263e-01	   1.4035863031170173e-01	  -6.2963786214493833e-02	
   2.4203549841794980e-01	  -4.8085442534345282e-02	   1.5569479093227218e-01	   6.9074556536819165e-01	   6.0998212116114436e-01	   0.0000000000000000e+00	   4.7036617898023320e-01	   8.7668511034445229e-01	   3.5798730324328837e-01	   7.4124434155804209e-01	   9.0243451015884060e-02	   3.5817860616608027e-01	   4.2328054132546694e-01	   6.1959950324886148e-01	   1.9862337835117019e-01	   7.6069382904267324e-01	   1.2674074065508584e-01	   1.4448672686109099e-01	   5.7329398766748113e-02	   3.0239650022875791e-01	   9.5887126360691036e-02	   2.0963390088196127e-01	   1.2760105846748965e-01	   2.4838468660533469e-01	   9.8513694244756325e-02	   3.7346484735266078e-01	  -1.1780423478589366e-02	   1.9978824819664887e-01	   2.3114674340201041e-01	   2.9718240932883677e-01	   2.4976341086673784e-01	   5.3091287509664442e-01	   5.1960365674976439e-01	   7.4537796906792320e-01	  -1.0872891810023680e-01	   3.0712921432207474e-01	  -7.5671545218612149e-02	  -8.6056357528801388e-03	  -6.5595853846697305e-02	   8.8163624264241763e-02	   5.0787394390631568e-02	   1.1422548881008328e-01	   1.1949238041359103e-01	   5.3815444558533418e-02	   2.2530539228964841e-01	   2.5626674877892452e-01	   5.5989271150128382e-02	   1.2052801310620470e-01	   6.6842970926102779e-02	   1.2765560311910357e-01	   2.2576053138012980e-01	   2.4004052345349244e-01	   5.8796663466426563e-02	   9.8930284675878596e-02	  -2.2937373185758541e-02	  -1.4471557455783034e-02	   1.2557410683001163e-01	   1.7491705111546760e-01	   3.2600858227718926e-01	   3.2142401482841187e-01	   4.6172854210476766e-01	   6.1289637440418299e-01	   3.4965144195001291e-01	   3.8345539634437886e-01	  -1.0374096076142236e-01	   3.8588027125608798e-01	   3.5891204130740706e-01	   4.8762780987372967e-01	   3.0017430492300118e-01	   2.3732611260506847e-01	  -1.1315731661424269e-01	  -1.6656199683103265e-02	   1.4561317492552241e-02	   4.6129774613614949e-02	  -1.3315150572040824e-01	  -7.4562652560787285e-02	  -2.0913726553400690e-02	  -7.4936132734647653e-03	   1.8969601443549419e-01	   1.8082963094886292e-01	   1.3336355588364118e-01	   2.0314691633471640e-01	   2.4417858774730994e-01	   3.2477376929410107e-01	  -1.0605182875904326e-01	   1.7031519525291988e-01	  -8.4265848750403882e-03	   2.6147304989340764e-01	   1.3746701122713578e-01	   2.4803730499299489e-01	   2.4094874369644043e-01	   1.2025075466900938e-01	   2.5426292280648743e-01	   1.8697824785214351e-01	  -1.3261029948983988e-01	  -3.5884236260891607e-02	  -1.3604030646636719e-01	  -9.8511655264445608e-02	  -1.7746984284733761e-02	  -5.1110859454848809e-03	   5.1724180264533826e-01	   2.9484824545080490e-01	   2.4211527335265423e-01	   2.3514215592353144e-01	   1.6141480852124729e-01	   1.7148100585871912e-01	   2.7454381373228215e-01	   1.1066305950864727e-01	  -3.6519290849198832e-01	  -1.9779658087179314e-01	   3.6663277005191730e-02	  -9.7501485485955164e-02	   8.9525435496176919e-02	  -3.4006091186349167e-02	  -3.8462005901745866e-02	  -8.4345062377992178e-02	
   3.9001598441968116e-01	  -6.6324229837532347e-02	   5.5437298659500933e-01	   7.3730076981994297e-01	   1.0251580550653210e+00	   4.7036617898023320e-01	   0.0000000000000000e+00	   7.7207975458211331e-01	   3.6432581806154030e-01	   1.0561908250690412e-01	   6.6830710306539054e-01	   5.9963503032531340e-01	   9.8264647151769002e-01	   4.9514189485220345e-01	   3.9893489689442274e-01	   3.6351022854396142e-01	   2.3985696216446162e-01	   2.6163876866995273e-01	   5.3588710601243827e-01	   5.5588333752352170e-01	   6.9229779804714953e-02	   6.0828426069543043e-02	   2.1016748134183769e-01	   4.1327203149278430e-02	   2.8110488829891206e-01	   1.1456539145900632e-01	   3.7009676319842241e-02	   9.3075499304998838e-02	   5.4420506817310355e-01	   4.8681944259208032e-01	   4.3665109218336656e-01	   3.2876492364567894e-01	   1.0757594847992422e+00	   8.1239850443132700e-01	  -7.2358001633774935e-03	   1.4313058990710195e-01	  -9.8245432276917274e-02	  -2.7627595683996711e-02	   1.8883822130595671e-02	   1.3078840014848728e-01	   2.4217779160827879e-01	   2.5786971706186884e-01	  -4.4222132039640157e-02	  -8.2977369182132360e-02	   1.5966678042979238e-01	   1.0088210769032177e-01	  -2.1025340478594690e-01	  -1.4134106282601297e-01	   9.5439259182687752e-02	   1.0144200695931516e-01	   1.6289738735099699e-01	   3.9937229212422320e-01	  -2.5204278886268094e-01	  -1.5578187753586042e-01	   2.8194861885209539e-02	   3.0736044399610321e-02	  -2.2935055281562194e-01	   6.8217000993186158e-02	   7.9975705498615757e-01	   4.7238285316421436e-01	   6.7538490760974323e-01	   1.7353337582802858e-01	   8.2081568006273575e-01	   6.2430039743039156e-01	  -7.5376785547320024e-02	   6.2757504124033039e-02	   8.9351951017247622e-01	   6.7122287450735696e-01	   3.1690405219143392e-01	   1.1349855045667800e-01	  -8.9421228413574402e-02	  -2.7691864827623708e-01	   2.3706648295175112e-01	   2.7045100833666480e-01	   2.2103953265012491e-01	   1.3999334429685936e-01	   5.1610500937130066e-01	   2.2026405957980960e-01	  -3.2966187769568978e-01	   6.9798513374341814e-02	   7.7466498298193423e-02	   1.2260179839831221e-01	   3.1308778409727950e-01	   2.4285121814955907e-01	  -7.4308985427454011e-02	   1.5756604819193121e-01	   1.1216646958610141e-02	   2.9532065759239334e-01	   1.2778196884906651e-01	   2.6876942805844389e-01	  -5.7629030621972846e-02	   2.1108872184742844e-01	  -7.9341773313980246e-05	   2.4441592960536984e-01	   2.0811067248930759e-01	   1.9539393009365180e-01	   1.4482637129567483e-01	   1.4165844345930489e-01	  -5.4716253690769968e-02	   1.1139238029431893e-01	   5.5380347761484383e-01	   5.0409710004208208e-01	   3.3033254509342658e-01	   3.4957820334804429e-01	  -4.0144729236552254e-02	   5.6567608422193348e-02	  -9.2584401365282065e-02	  -1.5635657904878184e-02	   8.1691032878196512e-02	   2.6055016183406371e-01	   4.1034550608899384e-01	  -3.7592934271021422e-02	   2.5558124008778449e-01	   2.7332255973135500e-01	   4.3051074552176785e-02	   3.6056911799491775e-02	
   1.0617130818268920e-01	  -2.8906717556921568e-01	   3.7769492586746764e-02	   8.7068692178554197e-01	   4.2118898595051152e-01	   8.7668511034445229e-01	   7.7207975458211331e-01	   0.0000000000000000e+00	   3.1505465953317702e-01	   8.1093060677391238e-01	   3.6623352974856094e-01	   8.7056090480077641e-01	   9.1040030104720193e-01	   1.0024349658566918e+00	   2.5990806939463224e-01	   7.6131768884801132e-01	   2.2666063299132698e-02	   4.1115353144962397e-02	   4.4128592761738021e-02	   2.5715814199446918e-01	  -1.7175118837455355e-01	  -1.3098679295744597e-01	  -9.1387127240097565e-02	   3.8700351178901582e-02	  -2.6397080519613353e-01	  -9.2670736571181800e-03	  -3.1739257429741252e-01	  -7.2796033883161110e-03	   3.0406108303473917e-01	   2.4725946907839047e-01	  -2.0836640016860865e-04	   2.1062088038092186e-01	   6.8381752725518785e-01	   1.0085597058889328e+00	  -4.1646650948696662e-01	   1.4889075443930351e-02	  -4.6054694916595473e-01	  -3.7505950587564563e-01	  -2.7281009905990761e-01	  -1.0077604906569931e-01	  -5.7512799232622799e-02	  -1.7251146358851999e-02	  -1.6719356171930824e-01	  -1.5366176714017254e-01	  -2.2077633453272658e-02	   8.6349370118354959e-02	  -2.7664639752429865e-01	  -1.6881941925334262e-01	  -4.5366616806323118e-02	   9.6061488549899057e-02	   6.2521128123139119e-02	   3.3452937290400181e-01	  -1.9405380228932456e-01	  -2.0095923302223934e-01	  -1.7491086408307263e-01	  -1.7904815077289826e-01	  -1.7333410184255774e-01	   8.3723875254877400e-02	   5.5444605510459777e-01	   7.2454253882501574e-01	   6.5072741940222656e-01	   8.7604274580340147e-01	   7.6289233211984431e-01	   8.6066779380671776e-01	  -3.1417384426268796e-01	   4.1905095956157346e-01	   4.3917980026365361e-01	   6.4685686251694630e-01	   1.1299447746217266e-01	   5.4463022781833445e-02	  -3.3488268515123903e-01	  -2.4271391058812875e-01	   2.7259451674430359e-02	   8.1002116113425712e-02	  -9.0831296841196174e-02	  -5.3061481633089040e-02	   6.1361689925900784e-02	   7.5556681788466737e-02	  -2.3112712467644428e-01	  -3.9769297716843753e-02	  -9.5191081727309640e-02	  -9.4006784573143196e-02	   2.5993818470846100e-02	   4.2538568866531595e-02	  -3.7396017782152013e-01	   4.4613199866230878e-02	  -3.1420695468676302e-01	   1.0843076272621238e-02	  -5.8708378663168054e-02	   2.5938522503263317e-01	   7.1254507506089498e-02	   2.0760840946528587e-02	   1.6915064588494091e-01	  -1.5577387607068386e-03	  -1.5351492140888728e-01	  -4.7282530070385388e-02	  -3.3500952786063315e-01	  -2.3293449812098527e-01	  -1.5382393271963077e-01	  -8.3255329859438620e-02	   8.7301757280889647e-01	   1.9535527227650715e-01	   3.9857591335223258e-01	   1.8329938644244462e-01	   2.9561226840537465e-02	   6.1664858114793525e-02	   1.3060305271836106e-01	  -2.5317344128301594e-02	  -2.1649400322302034e-01	  -3.4264518138190828e-02	  -3.0941451414569453e-02	  -2.6348629496351555e-01	   2.3321402171518683e-02	  -2.8722968523294458e-02	  -9.6076709368145885e-02	  -4.6749521473632094e-02	
   3.9998185242356959e-01	   2.0936499750195012e-01	   7.1770030526407103e-01	   5.8438369348577424e-01	   5.2946552221734289e-01	   3.5798730324328837e-01	   3.6432581806154030e-01	   3.1505465953317702e-01	   0.0000000000000000e+00	   6.5472075419185016e-01	   1.9263625848538674e-01	   2.2581446795993831e-01	   4.4765244493425005e-01	   2.7075847063748482e-01	   8.6841389801487967e-01	   5.5002706447466054e-01	   1.9586324106441583e-01	   3.7041025624835272e-01	   4.0283986226279755e-01	   3.1217289655078373e-01	  -1.5755239218507175e-01	  -9.2279209932087346e-03	   5.8390401204490028e-01	   2.2340188134398853e-01	   3.9187667508623547e-01	   5.5317510100593315e-01	   2.3139142623729861e-01	   3.3419733596621154e-01	  -8.0770797748649697e-04	  -8.3909722475935616e-02	   6.1478578739712852e-01	   5.5919644760739384e-01	   2.6113406999589078e-01	   2.7371778536338043e-01	   2.7171725614549602e-01	   6.4938820401802710e-02	  -8.9460422631043035e-02	   3.5499782086690036e-03	  -1.3822950627282572e-02	   5.8073268630971599e-02	  -3.3234914677087041e-01	  -2.1185978023778812e-01	   2.2632384671553946e-01	   1.9825907535903933e-01	  -4.7260834831623119e-02	  -1.7169323804665244e-02	   9.1643015540797526e-02	   1.4815884091540107e-01	   1.1732499982859011e-01	   1.2828213537319605e-01	   2.5042510765345072e-01	   3.1743394862944840e-01	   7.6726689464170481e-02	   2.3960821822883704e-01	  -4.9356135818041214e-02	   1.7270300789223197e-01	   3.8477286902278823e-01	   4.1617298937014902e-01	   5.3475496105994047e-01	   2.8996197298613413e-01	   8.1692562480071718e-01	   5.4987532302952102e-01	   6.0684804148101547e-02	   1.9668630959878829e-02	   8.0809074876842002e-01	   8.5597688299285690e-01	   1.1278069522853958e-01	   3.8999032167368039e-02	   5.2056672829848827e-01	   3.8879837799064931e-01	   2.9447369695355119e-01	   1.7530015192708889e-01	   1.4188913030657438e-01	   1.4482877315699719e-01	   1.8617338083197685e-01	   1.7381684897438199e-01	   2.9637775550215423e-01	   1.3248462139567033e-01	   1.8826560585861807e-01	   4.7862701671379015e-01	  -2.6092459304154342e-01	   1.2338021814452536e-02	   3.0711523269678354e-01	   1.0852138189285859e-01	   5.9638503752011629e-01	   3.9369566135275247e-01	   3.3434484254943869e-01	  -4.7345705166358658e-02	   5.7491824777741252e-01	   7.4572100217752646e-01	   2.2998382753438387e-01	   3.6851486144306361e-01	   4.5320298214594290e-01	   6.3586604255719326e-01	  -2.1650974481986063e-01	  -1.1595819512393146e-01	  -2.0840174502716632e-01	   1.9316345613054164e-01	   5.3173715993310527e-02	   2.6405066692879631e-01	   4.3211521263370123e-01	   5.3116670485173900e-01	   1.1103991717463199e-01	   1.8943496013891811e-01	   2.2761995679510165e-03	   7.7594117867063370e-02	  -1.1823099215286499e-01	  -8.9997762964470845e-02	   1.0661653425081958e-02	  -8.6852681937375720e-02	   6.2232153637936216e-02	   1.5519387208690494e-01	   2.7507170017347321e-01	   3.2618735478851552e-01	   2.9368746232042975e-01	  -1.2721724692804734e-02	
   1.1997467211443701e-01	  -1.0297247262584400e-01	  -5.8827067467011392e-02	   5.3612447148524067e-01	   1.6767071152080690e-01	   7.4124434155804209e-01	   1.0561908250690412e-01	   8.1093060677391238e-01	   6.5472075419185016e-01	   0.0000000000000000e+00	  -9.8539016844202600e-03	   4.8365663762071143e-01	   5.1326636021347594e-01	   7.7783440617479149e-01	   3.9454072878876417e-01	   9.0178890294854819e-01	  -4.0006478772087420e-02	   4.2878471243455840e-02	  -1.1356351823124083e-01	   2.4632567143652626e-02	  -2.0695579630053296e-01	  -1.2997136030691639e-01	   3.5635335833631848e-02	   1.3657079166989478e-01	  -2.5084422740820800e-01	   2.3767511558646415e-01	  -1.7105984413095254e-01	   1.2796664580651448e-01	   3.7590428396098406e-02	  -3.9446187049735001e-02	   4.3035130430959870e-02	   3.2830050878343109e-01	   1.5802239613420430e-01	   4.1039052899012196e-01	  -2.4653958931713243e-01	  -3.6126127848472209e-03	  -2.9119143786562529e-01	  -2.6570772921957797e-01	  -2.2024670705212107e-01	  -9.5032653439294304e-02	  -3.1362944406683807e-01	  -2.5527319456158143e-01	  -2.0279216850559462e-03	   3.1153083359854925e-02	  -1.0956088387708668e-01	   5.8962170969945826e-02	  -9.4512040601739591e-03	   9.4586531202719065e-02	  -1.2635431998737623e-02	   1.2562155600124289e-01	   1.3953901048569087e-01	   2.3174028675756231e-01	   7.2183380287210275e-02	   7.0064516848470371e-02	  -1.1511555419018236e-01	  -6.6384904345467996e-02	   2.9709541461045164e-01	   2.6674201993899360e-01	   2.8074269458037127e-01	   4.5678759992611262e-01	   6.0852982533179678e-01	   1.3477268844019576e+00	   2.1380708022383035e-01	   2.8635318682712962e-01	   7.4820936855791012e-02	   8.9993382810523082e-01	  -5.3198892870690998e-03	   1.9587512292291664e-01	   1.8675074152712939e-01	   1.8189375574671274e-01	  -4.8835539443948695e-02	   6.3855715311966793e-02	   4.7145872645595046e-03	   7.0263916524110443e-03	  -1.0276836849313942e-01	   3.5526926141174228e-03	  -9.2260396018028712e-02	  -7.2880521514209658e-03	   1.2334601937516226e-01	   2.0923957589216663e-01	  -1.8305125412095324e-01	  -1.4858452253543980e-01	   9.4923659312179300e-03	  -1.4011934695349648e-02	  -2.6837109593729973e-02	   1.2583873180693528e-01	  -1.2455077767384128e-01	  -2.2074596241178454e-01	   2.1378317162129257e-01	   4.8903407762424322e-01	   2.5446219972736950e-01	   8.5001139433564049e-02	   4.4196248362554402e-01	   1.5578636619247951e-01	  -3.3125023884364063e-01	  -1.6248767560611352e-01	  -4.7286342384463931e-01	  -1.3533143750559612e-01	  -5.7746167853245635e-02	   1.3367407259951664e-02	   5.7700378923708640e-01	   1.8145783706998891e-01	   1.8028114177865065e-01	   5.7486191977735669e-02	   7.7535877151616306e-02	   1.1587496492763236e-01	   2.3551951944681940e-01	   3.0916188482930325e-02	  -2.5540432617356079e-01	  -1.8575806546149612e-01	  -2.3199967672509647e-01	  -1.0022127825181684e-01	   3.4367510831607488e-02	  -4.1591683587718864e-02	   8.4711794858017442e-02	  -5.3257184959171207e-02	
   8.0714070597341370e-01	   1.2520126375827872e-01	   4.2069834864583722e-01	   5.4274461191645396e-01	   3.3264148080099948e-01	   9.0243451015884060e-02	   6.6830710306539054e-01	   3.6623352974856094e-01	   1.9263625848538674e-01	  -9.8539016844202600e-03	   0.0000000000000000e+00	   6.7229429717332156e-01	   6.2881876106530599e-01	   3.3049598207542852e-01	   5.3099645844608412e-01	   3.5758400949003161e-01	   2.7634803571564159e-01	   1.4276918722387100e-01	   8.5799072140011212e-01	   8.2905167533862067e-01	  -6.7615867767944760e-02	  -4.6022094751253781e-02	   2.9187276024089831e-01	   1.8527104076639600e-01	   1.6745511531098140e-01	   5.8417308020619257e-02	  -2.4500027020770503e-03	   4.2765916536759124e-02	   1.4535512040499188e-01	   1.6732776901025764e-01	   2.4971211678602293e-01	   1.7425545026240102e-01	   5.0537440158278302e-01	   3.8166836226647805e-01	   4.7136904775779982e-02	   4.3836855262065585e-02	  -1.1396664502368024e-01	   1.7905512297945205e-02	  -1.1969635673370937e-01	   2.2958922977943632e-02	   9.4802981883521598e-02	   1.5906602445911164e-01	  -3.5181181206492662e-02	  -9.3848374723040612e-02	   7.4339028677069874e-02	   2.6053473196726937e-02	  -2.9337912189933674e-01	  -2.4573763059060008e-01	   1.7140560076289757e-01	   2.2641318419461781e-01	   9.4264608971015698e-02	   3.6881649736403377e-01	  -2.6628175581724101e-01	  -9.1924491962273591e-02	  -1.7741237764553403e-02	   1.0406188489325582e-01	  -1.4760069875529183e-01	   9.7840919580727853e-02	   6.1263672591861762e-01	   5.6503193878405455e-01	   4.9275042136012670e-01	   1.6155429345733982e-01	   4.9127822806932420e-01	   5.2171716726328787e-01	   9.3585370472687834e-02	   1.4330339081904767e-01	   5.6256020359004899e-01	   4.6064016696091292e-01	   2.6855976064909431e-01	   6.3574375348588077e-02	   1.7025285125998690e-01	   4.1793245883391075e-02	   2.0154860839089361e-01	   2.0770235159924369e-01	   2.8782917710809641e-01	   1.8936728846359693e-01	   6.0433477793847501e-01	   3.5302966396743851e-01	  -2.6094319397684357e-01	   3.5259738050486066e-02	   3.6665384573969312e-02	   2.0858650396594580e-01	   4.0813244449606345e-01	   3.0629611286475139e-01	   2.1684137318222879e-01	   2.9562816308775114e-01	   1.1316523267273404e-01	   1.9445806939551105e-01	   1.3237476706959403e-01	   2.7588071237120870e-01	   1.2093053982001332e-01	   2.7831871316943851e-01	   7.6430125071238059e-02	   1.6795737625012860e-01	   1.6160339422558440e-01	   1.1367501190942185e-01	   8.3749380984489682e-02	   1.6107178607526640e-01	   1.8915450344282725e-01	   2.9048878094487818e-01	   3.2228871576571116e-01	   1.9348382142149700e-01	   3.0732162699209509e-01	   2.0256775280113881e-01	  -1.5719522330040314e-01	  -1.1597841416967936e-01	   4.7803626051806498e-02	  -2.5271980606417024e-02	   9.4717423495710676e-02	   1.7215762164509424e-01	   3.6615272198307292e-01	   9.8046767223122347e-02	   4.0908179055878569e-01	   3.4883959941103448e-01	   1.6040761530148751e-01	  -3.0472623241922354e-02	
   3.8473565971519025e-01	   2.3237151451364679e-02	  -6.4246025397429458e-04	   6.4033298233928904e-01	   3.1236013772306381e-01	   3.5817860616608027e-01	   5.9963503032531340e-01	   8.7056090480077641e-01	   2.2581446795993831e-01	   4.8365663762071143e-01	   6.7229429717332156e-01	   0.0000000000000000e+00	   9.0301881580618559e-01	   8.9421441709732963e-01	   2.4709467756280845e-01	   5.8466887455022942e-01	   3.4489059971435543e-01	   3.5672573148213516e-01	   2.1391479514876149e-01	   4.3129368346390662e-01	  -1.7824422914809468e-01	  -1.3657424066886428e-01	  -1.1061319392812866e-01	   4.2088550104858969e-03	  -1.5954040283453186e-01	  -8.8128553393939227e-02	  -3.8055721964112216e-01	  -2.1962715221049645e-01	   4.2746759599621359e-01	   4.1194995242437937e-01	  -7.7128636547808244e-02	   4.4178591078537187e-02	   5.8748029585125672e-01	   6.3739136457256251e-01	  -3.6853392051764711e-01	  -9.4977813223468849e-02	  -2.6988467954976386e-01	  -2.0613115832041015e-01	  -2.0696255026574911e-01	   2.9339306845500051e-02	   8.8397896174106667e-03	   1.0410740747456301e-01	  -1.0483466151842487e-01	  -4.8368214141852647e-02	  -7.1181960974457201e-03	   5.0137570861548325e-02	  -2.3133057197638529e-01	  -1.3750887714946472e-01	   2.1920969383784482e-02	   1.6660752369156401e-01	   1.3126455595547376e-01	   4.1813181996258580e-01	  -2.0340838147054513e-01	  -2.0564084762857410e-01	   2.0596408877430875e-02	   2.0507688992064538e-02	  -3.7426307711813651e-03	   4.1250486944686615e-01	   8.5452012061094962e-01	   1.0696308384705275e+00	   7.7652074334269827e-01	   6.2169396376002328e-01	   9.6590604931070567e-01	   1.1263739295877850e+00	  -2.5015555585110594e-01	   2.3227504286854481e-01	   5.8984513926831628e-01	   7.3588580843485651e-01	   3.2988683289175169e-01	   2.5189504799960249e-01	  -3.8359048791229845e-02	  -4.8312097146935365e-02	   1.7026177565549849e-01	   2.6032784987301816e-01	   1.3341753512073751e-01	   1.4386018037584999e-01	   2.6324007338963124e-01	   2.6083639918339430e-01	  -4.3941501597919534e-02	   3.2797408892060465e-01	   2.3095259768277399e-01	   2.0664286754252437e-01	   1.3160546770500950e-01	   2.2876705642738121e-01	  -1.8636948272459611e-01	   1.4097079683512148e-01	  -1.8343672048126311e-01	   5.4790354886116242e-02	   1.1012097037980852e-01	   3.2991876416161359e-01	   2.4679569744202458e-02	  -2.2744203683467371e-02	   9.4951483959060168e-02	  -6.9141420441908311e-02	  -2.0049098959182880e-02	   1.1500711757030845e-02	  -9.5857057102184340e-02	  -7.9687295677660641e-02	   3.1946780585044805e-02	  -2.1907185210245879e-02	   6.4119405116877448e-01	   1.3169795626683847e-01	   5.3285120093879690e-01	   1.7201802782099862e-01	  -1.8846780131816576e-01	  -1.5240192523898918e-01	   5.7912767334597423e-02	  -4.6467671745196330e-02	  -1.7901964367102285e-01	   1.0652893660740287e-01	   1.0367293420820634e-01	  -1.9007580962888129e-01	   9.9693924564126735e-02	   4.0589218624186671e-02	  -1.5283468346474458e-01	  -1.5567140605844901e-01	
   3.8523780050828355e-01	  -1.3528268047146622e-01	   2.6279259939244726e-01	   6.3146823484745762e-01	   6.0667441010997158e-01	   4.2328054132546694e-01	   9.8264647151769002e-01	   9.1040030104720193e-01	   4.4765244493425005e-01	   5.1326636021347594e-01	   6.2881876106530599e-01	   9.0301881580618559e-01	   0.0000000000000000e+00	   9.9173411236533859e-01	   6.2504190824029815e-01	   6.1860738320320274e-01	   1.8739170494982124e-01	   1.7985491829014155e-01	   2.0552959269435828e-01	   2.4010374745200427e-01	  -1.2540044432715189e-01	  -1.2218362486782504e-01	   7.1127872064366215e-02	   4.4352430830145999e-02	  -1.5479440802299283e-02	   3.3892963004245623e-02	  -1.5652024502756295e-01	   1.1199662292759548e-02	   5.2750142093428776e-01	   3.0020361850732813e-01	   2.1118782721177937e-01	   2.8091403895179978e-01	   7.3142676274059293e-01	   7.0510362177723518e-01	  -1.2890327298203932e-01	   7.8377431314724577e-02	  -1.6532032689358955e-01	  -1.4534609394089826e-01	  -7.2223508050330718e-02	   1.0430244456559701e-01	   6.2642594019320735e-02	   3.3970143250229505e-02	  -1.5583538879844205e-01	  -1.4300655983842803e-01	   1.3098280209004314e-02	   5.6415178510899534e-02	  -2.8938002812912633e-01	  -1.5574145730200736e-01	   4.0230982351579042e-02	   1.8268075327291189e-01	   1.1574858715710570e-01	   4.4092960655415692e-01	  -2.0201927665854644e-01	  -1.7120113373564172e-01	   5.5101899848096610e-02	   1.4024678299841265e-02	  -3.5551877407809421e-02	   1.6844256481698786e-01	   7.1289807212317591e-01	   6.5523868284985110e-01	   1.0072056234920685e+00	   6.2033746729652595e-01	   9.8223293171035075e-01	   7.8955986384882382e-01	  -4.6736814575957887e-02	   3.6148036569762432e-01	   5.6421471521042255e-01	   5.5841859067788269e-01	   1.9050413764172958e-01	   4.7845906193691903e-02	  -1.5482439055047009e-01	  -3.0519965294070056e-01	   2.0022469497317563e-01	   1.8693415847808259e-01	   1.9638681466313140e-01	   1.5195177699943901e-01	   4.5922419646636603e-01	   2.0602081701588626e-01	  -2.1080088357621207e-01	   8.1090089207124585e-02	   8.2418401093125648e-02	   2.2719295336418879e-02	   2.0231249367319831e-01	   1.2645437222225861e-01	  -8.4516084129006019e-02	   1.4381708905512594e-01	  -7.1280553503594482e-02	   4.6117648216683502e-02	   2.1110071379227940e-01	   4.2420676014241721e-01	  -3.0033223173006145e-02	   8.3357997224472555e-02	   9.5099078754125640e-02	   8.9012438736951360e-02	   5.2787230513269882e-02	   1.3838897336910443e-02	  -8.8287687825078398e-02	   7.8232608589231863e-03	  -9.1687402487325681e-02	   4.2372079676630342e-02	   5.4527173647910487e-01	   3.3008128367902967e-01	   2.3500511823121001e-01	   1.2069846366162204e-01	  -1.3809495244082295e-01	  -3.4699998938858508e-02	  -6.4831818799733570e-02	  -9.5262591623239606e-02	  -2.6163675033119239e-03	   2.3979813054603266e-01	   2.1764412790189358e-01	  -9.3576625885869166e-02	   1.5111026659592094e-01	   1.6703729818952151e-01	   2.6391697994626526e-02	   1.4842119984280812e-02	
