   0.0000000000000000e+00	   7.5847850382017445e-01	   5.1111921386143799e-01	   3.6528269202743829e-01	   3.7621776996151340e-01	   2.5987310683419895e-01	   7.2826397910682428e-01	   4.3301178556062181e-01	   5.2235426176392830e-01	   2.9584855483320077e-01	   7.3457888117660486e-01	   4.5949488377633563e-01	   5.9375799223803682e-01	   3.1862275725973732e-01	   6.2264186900297425e-01	   4.6213010668117377e-01	   6.8864308664193163e-01	   2.1340407413813056e-01	   7.1870441889579206e-01	   5.5855429500356091e-01	   8.2132693826993994e-02	   7.9291374270448162e-02	   4.0911116161106420e-01	   2.9507539824069168e-01	   7.6337644008718952e-02	   1.8498656093368854e-01	   2.9634914872792856e-01	   4.0726698631415659e-01	   3.9418208665946564e-01	   3.3078698201656742e-01	   3.2427658806157006e-01	   3.5277644944965897e-01	   4.8324866207643191e-01	   3.8138372770757190e-01	   1.1070712690395140e-01	  -1.0954317267565267e-02	   3.5739990829781229e-02	   4.6238502029651692e-02	   3.7757543167687944e-02	   3.1590137343792597e-03	   3.9039862943795911e-02	   1.0922951849131482e-01	   1.5467215939403151e-01	   2.5845035661852811e-01	   1.6814806386315151e-01	   2.5969907472817144e-01	   2.9772131628723980e-01	   2.1319831121371360e-01	   4.4504356420279317e-01	   4.1311435440376154e-01	   5.8266762095942326e-01	   4.5870068856210822e-01	   6.2658306744845782e-01	   4.1475863672251234e-01	   5.4219083011923541e-01	   3.0679514309998562e-01	   3.0145216155989657e-01	   2.8750945579455406e-01	   5.7554286627387752e-01	   3.4799942731894695e-01	   6.0658405211168465e-01	   5.2426724839573147e-01	   3.3850832608026499e-01	   2.3392379385559969e-01	   5.2789038942097566e-01	   1.2420410945585490e-01	   2.4294431953635723e-01	  -4.8427235235599449e-02	   2.4072837745320946e-01	  -1.1254108458800222e-02	   2.9468896641093684e-01	   3.6504050463329601e-01	   7.1444087196936967e-01	   5.0932657987996821e-01	   6.9171609619697094e-01	   5.6199279396251012e-01	   5.6135036253448567e-01	   5.2455229911740087e-01	   1.4067548302599669e-01	   1.0710425037998766e-01	   2.4449990065722688e-01	   2.9315145024773581e-01	   5.4766041425899592e-01	   4.1142723850298418e-01	   7.1338621091976973e-01	   4.3075278523528548e-01	   3.9496202365217881e-01	   2.7679311356744973e-01	   4.4557867662254824e-01	   4.1592094264451962e-01	   4.4522290626470712e-01	   4.1239150904145383e-01	   3.3713982696087286e-01	   3.9584668798079026e-01	   1.3085080908760433e-01	   2.8260891245554109e-01	   3.0331326403028452e-01	   3.6639723967895199e-01	   4.7571342218604568e-01	   3.7292772100796323e-01	   1.8925107474135291e-01	   3.6918102598485308e-01	   3.5272547982261995e-02	   1.5632701265124058e-01	  -1.1861635144939885e-01	  -1.1079396830752158e-01	   4.2928110358458793e-01	  -2.6274404062610047e-02	   1.0360271657484743e-01	   4.0150280006000696e-02	  -1.9378159718069171e-01	   2.4838695006166567e-03	   1.2747189412117774e-01	   8.5786823933723277e-02	   1.4552636701696509e-01	  -1.8090990433773629e-01	
   7.5847850382017445e-01	   0.0000000000000000e+00	   2.6377016286313326e-01	   5.7367604113610682e-01	  -1.0007523757329564e-03	   3.2848595533377545e-01	   2.7099944111105961e-01	   6.5150381887063735e-01	   2.1803259903828215e-01	   4.0797741132967325e-01	   4.6592434203141486e-01	   6.9129712483822325e-01	   4.7119804852134006e-01	   7.6273866548541758e-01	   3.2797736829647139e-01	   6.2848358447287067e-01	   7.2182045208261347e-01	   7.2099780510792577e-01	   3.4797754339937109e-01	   6.8286270675299876e-01	   5.5028749558237826e-02	   2.1645381249159060e-01	   3.0136908826928449e-01	   4.2870867339565150e-01	   2.9872309765193178e-01	   3.3820884544525043e-01	   3.9946294215824596e-01	   5.0378613799199790e-01	   4.0667803581634071e-01	   5.2914467709639246e-01	   3.3930194248388484e-01	   4.1986783187022869e-01	   6.1959963722481648e-01	   7.0452924640022874e-01	   2.8913517769968555e-01	   2.6380057348793229e-01	   2.3749624116408466e-01	   4.2100809775375703e-01	   1.5654341276450012e-01	   2.2087940725619587e-01	   1.4194287273562090e-01	   3.0785266073239587e-01	   4.1019415611798027e-01	   6.5205563173560488e-01	   4.6781162760745332e-01	   6.3084506831853626e-01	   6.5254040379932066e-01	   5.3931856336828010e-01	   6.3641474724709124e-01	   6.5988888106577159e-01	   7.2956733263655238e-01	   6.7166823235498119e-01	   8.9929814572693156e-01	   8.0373582610838357e-01	   7.6339547930442220e-01	   6.6498182285970642e-01	   6.1854422655952068e-01	   8.7163006155711620e-01	   2.6924660863870276e-01	   6.2049002685359733e-01	   3.5407518561917861e-01	   7.1365152064964499e-01	   3.6090668942114396e-01	   5.8027962190671745e-01	   2.1957514814329196e-01	   1.8157571552293281e-01	   2.0089336697771418e-01	   3.0119491308629304e-01	   7.6226694721038746e-01	   6.1538564525417427e-01	   1.1540872449449641e-01	   2.0583614955353774e-01	   5.3271768528214758e-01	   7.6257943123927974e-01	   5.7165227396070006e-01	   7.7419488500272027e-01	   3.6979231413769215e-01	   7.2998843339545327e-01	   3.9022542930490106e-01	   3.4737366641419626e-01	   6.8175462149809540e-01	   6.7626171616858877e-01	   3.9739269550365791e-01	   4.8457155302650234e-01	   5.1934091605165522e-01	   3.6876234365675320e-01	   3.0397667425867342e-01	   1.5291504998678346e-01	   5.2041089622042891e-01	   6.1138346132328258e-01	   3.7244321590904300e-01	   2.2842557149075990e-01	   4.0309292518327705e-01	   2.5894134735776209e-01	  -1.3424961958693816e-02	   2.0335499446846544e-01	   5.9581200383403410e-01	   5.8068711840031861e-01	   4.7667236004112506e-01	   2.4923005344950189e-01	   1.1096910751678959e-01	   3.3394437933708540e-02	   1.7308480170585155e-01	  -5.7350601118986936e-03	  -4.9980856656012804e-02	  -1.9445134871526346e-01	   4.6347391454717163e-01	   3.7667269765893921e-02	  -8.5847575203851542e-02	   7.1934457369549815e-02	   1.0841963429173479e-01	  -7.0344405291229029e-03	   1.5738182957300861e-01	   3.2166143573203587e-01	   2.1278662913128610e-01	  -2.3571687249954928e-01	
   5.1111921386143799e-01	   2.6377016286313326e-01	   0.0000000000000000e+00	   5.3100434441525668e-01	   5.0828750897973329e-01	   2.1553538072085995e-01	   1.2823723529076676e+00	   3.5095665805231574e-01	   8.3090989204950949e-01	   3.6185986718257229e-01	   1.0445732344682537e+00	   4.5303238246914518e-01	   5.7926387220979969e-01	   1.2849678246081361e-01	   1.1019608855249310e+00	   6.2935484264277353e-01	   6.0202797055176460e-01	   1.9753642861374560e-01	   5.0865866941000326e-01	   4.0151973696672522e-01	   3.9113623745539944e-01	   4.8332009053934688e-01	   1.2592525332842697e+00	   7.9203415371632158e-01	   5.9808480865140101e-01	   6.6067594839642296e-01	   8.6538480346145930e-01	   8.5688783536940005e-01	   5.7255658625957428e-01	   4.6311143861473991e-01	   1.2265979110316059e+00	   1.1046110460717609e+00	   2.2374292552138436e-01	   1.5589607344642215e-01	   5.2887285389970984e-01	   3.2388854390106980e-01	  -4.8552242388130946e-02	   9.9370688813250022e-02	  -7.1625315335795614e-03	  -3.6505121204321374e-02	  -1.3063919852944353e-01	  -9.6540426123761965e-03	   1.7914980442810410e-01	   6.9844538239563700e-02	   8.7624597661830117e-02	   1.4061333822197855e-01	  -2.4014076317395443e-03	  -4.5832591152820193e-02	   7.2487818126022854e-02	   8.7234060057629584e-02	   2.8529363258923346e-01	   9.1298668001798755e-02	   1.4469261450185336e-01	   9.6218575026809569e-02	   5.3681302713291697e-02	  -6.5655877870895302e-02	  -3.9796825296182897e-01	  -8.4934585531724310e-02	   3.5221762535719424e-02	  -2.5032422771131796e-01	   9.7016580962391782e-02	  -8.2804623256218013e-02	  -2.2429846727867389e-01	  -2.7246639764944686e-01	   6.7518388773100446e-01	   1.7601209055705919e-01	   4.3726773325885615e-01	   8.4551129392374733e-02	  -8.2656837728876290e-02	  -6.1523666662265712e-02	   4.8389123683613222e-01	   5.9950848238599852e-01	   1.7092233955129529e-01	   1.3115767583545210e-01	   2.2916096664117525e-01	   1.4466422317748767e-01	  -7.1386095858427673e-02	   3.4634990753872726e-02	   4.3954980331425531e-01	   3.9000481947427446e-01	   1.5045274110267035e-01	   4.9826066543015213e-01	   6.4569812451671749e-01	   5.8586097645437585e-01	   9.3719310904603903e-01	   8.8000017936637898e-01	   4.3017812672814892e-01	   6.3138475980150144e-01	   4.3713196166796642e-01	   2.7867509547479991e-01	   2.9308373204085464e-01	   3.8336276944319730e-01	   2.6832513451088341e-01	   2.4406338662450552e-01	   2.5526174625722870e-03	   2.6414731485721932e-01	   1.7220449288846659e-01	   2.0335273520386660e-01	  -8.8950344304370668e-02	  -5.4647433844022542e-02	  -1.7323081081829797e-01	   6.0890022104553116e-03	  -3.6295143600479940e-01	  -2.4004883776852343e-01	  -2.9874597385545698e-01	  -1.2669369272178005e-01	   1.9684065656538757e-01	  -4.1502666074513767e-01	  -1.6651760630839063e-01	  -4.2863326259631002e-01	  -4.4552213907763566e-01	  -2.9683070100743952e-01	  -3.4215894901191490e-01	  -8.1191390450432291e-02	   1.8508379055745985e-01	  -9.1510226077468948e-02	
   3.6528269202743829e-01	   5.7367604113610682e-01	   5.3100434441525668e-01	   0.0000000000000000e+00	   2.2275998333519323e-01	   8.6550593860680847e-01	   4.4764260015990742e-01	   1.4359149231587052e+00	   1.6211193235697804e-01	   9.8405954898977510e-01	   4.4845408728350256e-01	   7.1660625922054955e-01	   2.6780035423241427e-01	   5.5000889940381970e-01	   2.6253634087064409e-01	   8.9799510584700570e-01	   5.4603899963878078e-01	   6.2328696173427489e-01	   1.7566163428612919e-01	   6.0369925442720351e-01	   5.3178835762922594e-02	   2.3789747112910470e-01	   5.1228964253978271e-01	   1.0324251021159747e+00	   6.2713063352226373e-01	   7.2134010298944362e-01	   6.3025404553385400e-01	   9.3120510327404182e-01	   3.6785071145051218e-01	   4.5934922807895329e-01	   5.9577896199343727e-01	   8.8663783808469421e-01	   4.2381168559518906e-01	   8.1844617165685940e-01	   7.3973775277495279e-01	   7.7878577510434210e-01	   8.1467209023171089e-02	   4.2474618948532866e-01	   1.5505998175139193e-01	   2.2135588183005228e-01	   9.6450176392165368e-02	   1.3128026261662121e-01	   5.6180337755300347e-01	   3.0873650854369850e-01	   5.3491088274223719e-01	   4.6665020855745215e-01	   3.2563270110869807e-01	   3.2277396629257132e-01	   3.7597820069646071e-01	   3.6952922045161013e-01	   5.0006644223290020e-01	   3.8989980568019883e-01	   4.8748118217337305e-01	   3.1036914099620355e-01	   3.6013076564094060e-01	   3.0415265391177004e-01	   1.4108737952609576e-01	   3.1227511860224616e-01	  -3.9682133787481401e-02	   3.0296509927237070e-01	  -7.0018021263550450e-03	   4.9221460009544860e-01	   1.2558736137784846e-01	   2.5388681917268685e-01	   4.6728699473548263e-01	   7.3832857826388643e-01	   7.4038171314365386e-01	   9.4372390598134581e-01	   4.6743006113007135e-01	   6.0876137564249444e-01	   3.2534567708967543e-01	   4.4490496815990277e-01	   2.4618702444540275e-01	   4.0491724480333241e-01	   3.5590677535323179e-01	   5.1487548980907016e-01	   1.0276162578414630e-01	   5.0410512471236057e-01	   6.5951940170323065e-01	   4.7890114192932598e-01	   6.2679085086045694e-01	   7.2177760952783054e-01	   2.3847888715267174e-01	   4.9054031631523320e-01	   6.4379416928404731e-01	   7.7382547402546042e-01	   2.2962355617643482e-01	   3.5420906303523275e-01	   6.6054001380262684e-01	   6.5880500012529097e-01	   4.8909218181067993e-01	   1.4520845944904370e-01	   6.0790945099595306e-01	   1.2748324206178918e-01	   2.6392918086127326e-01	   5.6015817515924082e-01	   6.2231777735764204e-01	   5.1903151128063429e-01	   1.6318610727947355e-01	  -5.1900379877985590e-02	   2.9478213908259188e-01	   6.3898322074252251e-02	   1.2729507312982899e-01	   8.7985303587421512e-03	  -4.5674416638934241e-02	   1.5042357764063336e-02	   1.3515412694558845e-01	   9.4537899724522631e-02	  -8.2195408062211400e-02	   1.2758042039524320e-02	  -1.7485345673125974e-01	  -1.5488656867014064e-01	  -8.4451814316955323e-02	   1.4373212745469325e-02	   1.9656767904316023e-02	  -4.1710772755471942e-02	
   3.7621776996151340e-01	  -1.0007523757329564e-03	   5.0828750897973329e-01	   2.2275998333519323e-01	   0.0000000000000000e+00	   4.5200962279238593e-01	   5.6097560678452718e-01	   1.5907484354403487e-01	   7.1222891063840210e-01	   3.8228738590723238e-01	   3.0027155190662713e-01	   4.9078977041176752e-02	   7.7231810647803670e-02	  -2.1921358331410692e-02	   4.6999605441387526e-01	   3.2315672629624387e-01	   2.4386532604503508e-01	   7.7187245493212417e-02	   1.2372387394827430e-01	   4.3223357773393652e-02	   8.1522169055892366e-02	   8.5026741616690035e-02	   4.8211405281352504e-01	   3.1038636278912679e-01	   1.3034928442511468e-01	   1.0649599328607581e-01	   3.0556461194928330e-01	   3.5643152145927748e-01	   8.3536511529324009e-02	  -1.4969970610560508e-02	   2.6945831368276718e-01	   2.4374921290517920e-01	   1.2167337755012772e-01	   1.2614644043366707e-01	   2.6565548857445687e-01	   1.1450829756123901e-01	  -1.5943784520253862e-01	   1.9179230322180390e-03	  -6.2890649211759131e-02	   1.6165134649202193e-02	  -1.1473020800195134e-01	  -1.2434878728523793e-01	   2.2308431608118651e-01	  -3.4381616870655260e-02	   5.9871302890362483e-03	  -1.9582822479930425e-02	  -3.9925711648548863e-02	  -2.1810409143434135e-02	   1.0294586689521701e-01	   7.0596616184274416e-02	   2.5059257898210729e-01	   1.1598632431077191e-01	   1.6648221781271338e-01	   8.4328906794964673e-02	   5.3816872232849200e-02	   4.7380316804112331e-02	  -1.8633930381072253e-01	  -6.8396751277641984e-02	  -8.2170128915447629e-02	   1.1438042481609869e-02	  -5.4129370612623649e-02	   1.8441599046489782e-01	  -1.4428132756966533e-01	  -6.2259023465363647e-02	   7.9845918797154680e-01	   3.5131702105017815e-01	   2.1265989767428534e-01	   1.0998271817196929e-01	  -1.7023617347480455e-01	  -1.4140793972884641e-01	   1.7816053508131149e-01	   3.3296570720454488e-01	   1.7167197436815679e-01	   6.7407513022784582e-02	   1.4363364941552786e-01	   9.2293374703182635e-02	  -8.3404862025927475e-03	   2.3336763236203616e-02	   2.6349254318283311e-01	   2.8392483776804744e-01	   7.1406252216568405e-02	   1.7711179057345666e-01	   1.6996188594730199e-01	   3.2255811664302018e-02	   5.6471885758438589e-01	   4.6410506980704747e-01	   3.7136390519047369e-01	   3.0040851194317392e-01	   5.7381139593470465e-01	   4.6810440836143269e-01	   3.7998840268653616e-01	   4.5123611182350415e-01	   3.1067291938184666e-01	   3.0505558506171954e-01	   3.3888232723819500e-01	   4.0806748898551581e-01	   2.5751028341800902e-01	   1.8503336154623623e-01	   1.5591320942669304e-01	   1.1027680771750883e-01	   2.4596300436196969e-01	   1.3260004254200444e-01	   3.7235048599912321e-02	   1.0481584257159351e-01	  -1.7162651268296711e-01	   1.4058878735667954e-01	   2.3554174797601031e-02	  -1.2562148757350777e-01	   9.0311135006925725e-02	  -2.3264157139951294e-02	  -1.1380912956477293e-01	   9.6570523922655416e-02	   1.3139627840418611e-01	   1.1650885054105595e-01	   1.1068862688185790e-01	   2.0031108340194614e-01	
   2.5987310683419895e-01	   3.2848595533377545e-01	   2.1553538072085995e-01	   8.6550593860680847e-01	   4.5200962279238593e-01	   0.0000000000000000e+00	   2.3324540241348396e-01	   1.0791157526874664e+00	   2.4876502500316250e-01	   1.3405618089157456e+00	   1.6966080139597364e-01	   2.3282422077283091e-01	   1.3855304255596768e-01	   3.9601077990158373e-01	   1.5215979785126610e-01	   5.1525787267832557e-01	   3.5001362537641895e-01	   4.7859913943213384e-01	  -3.9240250804926900e-02	   2.1934955888223731e-01	   5.7992198129728527e-03	   1.2416254878155830e-01	   3.0541657460587279e-01	   5.5351422079013046e-01	   3.5015857583821552e-01	   4.1484419281253448e-01	   3.4486653289467434e-01	   4.8879268716671709e-01	   1.0802978455721862e-01	   1.9644617798605163e-01	   2.9563991075266849e-01	   4.0262639835029351e-01	   4.9269317795392037e-01	   7.7964369587670390e-01	   5.9837158387992861e-01	   4.9259553035388448e-01	   9.3564404308094179e-02	   3.1990037658046544e-01	   7.2521088733340247e-02	   1.5991806021129346e-01	   8.9314719564430087e-02	   8.2652307247564435e-02	   6.4572757022217553e-01	   2.5372393573944901e-01	   4.2210076984349820e-01	   3.5067112249799454e-01	   2.9771157234188722e-01	   4.3871272521170857e-01	   3.4728680711285920e-01	   3.1830423939762942e-01	   3.4192308039951630e-01	   1.9256075764306582e-01	   4.0587424020918633e-01	   2.1860913284610714e-01	   2.4479270472045045e-01	   2.0152128340881062e-01	   1.9934685717060563e-01	   3.0589111077896614e-01	  -1.8168443835155446e-01	   2.9953541516673715e-01	  -4.5896294686772386e-02	   6.5893913615034394e-01	   1.4112738897155491e-01	   3.6607056773661895e-01	   6.2549412018745876e-01	   5.8732226049385061e-01	   4.1757339915438940e-01	   7.5535158416512160e-01	   4.6038462653041556e-01	   5.8425153692554332e-01	   1.2204843757722061e-01	   2.1240585962566216e-01	   1.2213276291433900e-01	   2.8032210270971358e-01	   1.2896521289979748e-01	   2.6097069077800239e-01	   2.2337309249646697e-01	   4.9729557771819893e-01	   3.5766039710325209e-01	   3.3292942041959578e-01	   5.4276906188785834e-01	   4.8271324290875417e-01	   1.0599589475563873e-01	   1.6218347432442334e-01	   5.2857593555228766e-01	   3.2644650243393064e-01	   4.6334838610391504e-02	   3.5017177015313934e-02	   7.7500051310332885e-01	   6.3788175068816622e-01	   7.3407092071256386e-01	   4.6604155051968232e-01	   8.1576280865834139e-01	   4.7067309927050094e-01	   3.1015443553893823e-01	   3.5932693442735736e-01	   5.1270526844264253e-01	   4.4242204771596283e-01	   3.5552104600804063e-01	   1.8399120513212744e-01	   6.9116575693879634e-01	   3.5412337184194476e-01	   3.6570102145358790e-01	   3.4319749263902893e-01	   5.6348715843593425e-02	   1.5918126255772369e-01	   6.7972835049269764e-02	   1.5800904798020832e-01	   8.9249968049180797e-02	   2.4740841810104081e-01	   9.2508059608304799e-02	   2.5822246089171225e-01	   2.7896919223371480e-01	   2.4766625777328008e-01	   8.8939122562352965e-02	   9.8524005965636791e-02	
   7.2826397910682428e-01	   2.7099944111105961e-01	   1.2823723529076676e+00	   4.4764260015990742e-01	   5.6097560678452718e-01	   2.3324540241348396e-01	   0.0000000000000000e+00	   3.9154608011814673e-01	   5.9356488647868511e-01	   2.5878870898267792e-01	   9.6751458457071182e-01	   4.0634902544299722e-01	   6.1890383799917592e-01	   1.1722364964926579e-01	   7.9815250418617356e-01	   3.8846614373768495e-01	   5.4929792394882637e-01	   1.2590393908207032e-01	   7.6897889676841502e-01	   4.8212345769424864e-01	   1.2827067749174542e-01	   2.0888954914678137e-01	   7.9267682324351851e-01	   4.7182559311498640e-01	   1.8926548281138925e-01	   2.8017598423828483e-01	   3.7392001878527620e-01	   5.2495733851888049e-01	   4.8739179023386536e-01	   3.6090137980171605e-01	   7.8690126408582772e-01	   7.4471413828641864e-01	   3.3429309813612390e-01	   2.1790641494203847e-01	   2.6314757130541344e-01	   6.2237088700092105e-02	  -3.3021898258214705e-01	  -1.5951945191468289e-01	  -2.4943555015187779e-01	  -2.4258631232550060e-01	  -3.1008668938411243e-01	  -1.9988492313759201e-01	  -5.4212529154630054e-02	  -1.2109069580862064e-01	  -8.9137436873922657e-02	  -6.0851619103239843e-02	  -1.7090258038241177e-01	  -2.4497597004693594e-01	  -6.1625166171832384e-02	  -8.7239831052272482e-02	   1.5785037363685103e-01	   1.9311663888903492e-02	   8.1786489198790502e-02	  -3.1085773973313316e-02	  -7.5642581451097384e-03	  -1.8521200304825952e-01	  -3.4778338580890134e-01	  -7.0380195371605808e-02	   1.9924068591247621e-01	  -1.5569054085895787e-01	   3.4784481393698025e-01	   6.7627951486947238e-02	   6.7410720504425828e-02	  -1.2728022793023874e-01	   6.8521968368103692e-01	   1.1739557113501767e-01	   4.8378020778296693e-01	  -3.2218807584718206e-02	  -7.8467844494038319e-02	  -1.8209956255280527e-01	   4.8892250049479979e-01	   5.4089899586356349e-01	   2.9007820711862009e-01	   1.1558578706530240e-01	   3.3322629581743179e-01	   1.6996171552256625e-01	   5.4792237544555540e-02	   7.0287924616249303e-02	   3.1823518138989648e-01	   3.2683221679293600e-01	   7.1286789299813386e-02	   3.5631546527955871e-01	   4.3313159544844032e-01	   3.5001906767352797e-01	   8.0913233693281528e-01	   6.9476790585468462e-01	   2.8768698528252346e-01	   4.8057791853414622e-01	   2.6115583656226027e-01	   2.2568341435456368e-01	   1.3036262283696801e-01	   2.1888373716552945e-01	   9.3404597358500874e-02	   9.7211152030529324e-02	   2.1439733815646449e-02	   3.4861906240327023e-01	  -6.8204675339165362e-03	   1.0160208188636453e-01	  -1.1185865678222033e-01	  -1.4427864465411380e-01	  -1.5873818632192008e-01	   3.8229035895353577e-02	  -4.6680863743963102e-01	  -2.3776181389643303e-01	  -3.6599101195712530e-01	  -1.9874044752819747e-01	   1.5835407909799243e-01	  -4.8871601342869309e-01	   1.0151945134636952e-02	  -2.6177691273844989e-01	  -6.3877981178183019e-01	  -3.7400840715955352e-01	  -3.3613395569667376e-01	  -1.0351449879143991e-01	  -5.5464224971167660e-02	  -1.6892296866781242e-02	
   4.3301178556062181e-01	   6.5150381887063735e-01	   3.5095665805231574e-01	   1.4359149231587052e+00	   1.5907484354403487e-01	   1.0791157526874664e+00	   3.9154608011814673e-01	   0.0000000000000000e+00	   1.3364083562436807e-01	   1.0681712599725703e+00	   4.1874935666424812e-01	   6.7296425099807133e-01	   3.7659479690011344e-01	   7.4278857537697451e-01	   2.3515030423639938e-01	   8.1092272118631525e-01	   4.8251015087408633e-01	   5.8335004861728867e-01	   1.6963525519564113e-01	   5.0273352216504730e-01	   2.6666328042909075e-02	   1.8110482549214313e-01	   3.1800150719260389e-01	   6.7623854124865668e-01	   3.9966446346153728e-01	   4.7753149954135476e-01	   4.4097895294473588e-01	   6.4577555643041784e-01	   2.9961613405773135e-01	   4.1359807403842824e-01	   3.9925195504288602e-01	   5.9620718128064842e-01	   5.6988917639273962e-01	   9.4466502139160990e-01	   5.7345104828373128e-01	   5.4564006130591391e-01	   4.1809550935933991e-02	   3.4458608463634560e-01	   9.6425486997305437e-02	   1.7867904787347383e-01	   7.9348199284506260e-02	   1.5031401486035059e-01	   4.7804278626053287e-01	   3.4932558592292734e-01	   4.4912938328938024e-01	   4.2140468347351645e-01	   3.5241822093094494e-01	   3.7386685695406341e-01	   3.9380305945405164e-01	   3.9071817336019160e-01	   4.7825708474761253e-01	   3.9471323716648204e-01	   5.2445958329715658e-01	   3.2013280654749821e-01	   3.9922193098293002e-01	   2.8102714861107625e-01	   2.1558820276948942e-01	   3.5568695297212954e-01	   3.3903767010386728e-02	   3.9536649049076572e-01	   1.6223933816781022e-01	   8.0240284017915520e-01	   3.1542431212562910e-01	   4.4020551928931029e-01	   5.1899776778148243e-01	   6.6261317475647319e-01	   5.6449534813350477e-01	   8.1192753021539033e-01	   5.3362686026589401e-01	   7.1259202987667791e-01	   1.6932078813777907e-01	   2.6034855872045282e-01	   2.7215027076981940e-01	   4.4192204957043313e-01	   3.4256598240908531e-01	   5.0518944861940551e-01	   3.0936223850898165e-01	   7.3128437649068334e-01	   3.8774998380399672e-01	   2.8675315976390675e-01	   6.1414684119664842e-01	   5.4828571291156214e-01	   2.2194390666432923e-01	   3.8565320980505036e-01	   5.6615910119411317e-01	   4.7379078443321709e-01	   1.1258755684268040e-01	   1.3426123762500014e-01	   6.3383426074980864e-01	   6.3613124897861673e-01	   5.3072562674088442e-01	   2.1440485862767883e-01	   6.6392043977147996e-01	   2.4288865089526221e-01	   1.6263384209252774e-01	   3.9491733439320958e-01	   5.2921402526602979e-01	   3.8199162205157838e-01	   2.4512476871684785e-01	   1.4580061458487253e-02	   4.0379053339615889e-01	   2.4025179238889227e-01	   1.4998302556641860e-01	   9.3453762372216267e-02	   2.1966387838717044e-02	   1.5176878030882822e-02	   1.8133021554700082e-01	   8.6884942456162517e-02	  -6.7922730014711316e-02	   1.7053107178118759e-01	  -4.3130413366165882e-02	  -4.3714025492499899e-02	   6.8484833453924199e-02	   1.6874355333465235e-01	   6.5526996414903699e-02	  -9.5043172793852618e-02	
   5.2235426176392830e-01	   2.1803259903828215e-01	   8.3090989204950949e-01	   1.6211193235697804e-01	   7.1222891063840210e-01	   2.4876502500316250e-01	   5.9356488647868511e-01	   1.3364083562436807e-01	   0.0000000000000000e+00	   5.0505315369180681e-01	   6.7132650268375516e-01	   1.5473702289303040e-01	   4.1095171329350277e-01	   1.1673376711596588e-01	   9.5020310144069331e-01	   5.1894534980736862e-01	   3.3620508076416183e-01	   9.7995098185568660e-02	   1.5910156032826853e-01	   5.6319243598417085e-02	   2.7333499560624219e-01	   3.1555667752744154e-01	   7.0621897106323317e-01	   4.4823509692024555e-01	   4.3394765179306583e-01	   3.1055316355513890e-01	   7.0919614628669814e-01	   5.7665245757058203e-01	   1.2661311572681977e-01	   5.6203431872057216e-02	   4.7339359953017496e-01	   3.6265407784703918e-01	   2.4297751146035853e-02	  -3.0116289146969503e-02	   4.3222610776615800e-01	   2.0938048789827587e-01	  -2.0191586289263663e-02	   7.3095905057254426e-02	  -2.4670383078092915e-02	  -5.9857972842980084e-02	  -1.5116056397070757e-01	  -3.7619156320155160e-02	   2.9626385689420281e-01	   1.6023601960295131e-01	   8.7825381378914436e-02	   1.9506739335279571e-01	   1.6128088886442296e-01	   1.9422217838765207e-01	   1.9105433376690120e-01	   2.7206537935335429e-01	   3.0789991730389871e-01	   9.7652300496996969e-02	   2.4045029518649860e-01	   2.9209270019854455e-01	   1.0229527038203336e-01	   7.7709773276701435e-02	  -2.3705216217898631e-01	  -3.6343089074628770e-02	  -3.9336114922348231e-02	  -9.0571323418594377e-02	  -1.3990423214288402e-03	   5.1688641004412977e-02	  -2.9470899870446610e-01	  -1.3993403495125262e-01	   8.4412871408829848e-01	   2.1756284929134989e-01	   5.6625177739709591e-03	  -4.7163495217833362e-02	  -1.0899557825353404e-01	  -3.5713465445170969e-02	   1.9090967869667136e-01	   3.6595729866451054e-01	   8.0229216745857868e-02	   1.4661742063851271e-01	   3.3523349557421700e-02	   8.5893559762626068e-02	  -7.5613542997582869e-02	  -2.9526109228955016e-02	   2.1942822265429654e-01	   2.6478416692608986e-01	   7.3267310425176188e-02	   2.2018846450653268e-01	   4.6499303035878209e-01	   2.5746541973711723e-01	   6.8738903398428997e-01	   4.1631008948412623e-01	   3.1980058029685016e-01	   2.5286735616371075e-01	   6.0847287321707610e-01	   2.8247668617400101e-01	   5.5422665856851505e-01	   8.1071143792772027e-01	   5.2511062916033746e-01	   6.7423192869528648e-01	   2.2048149853621518e-01	   1.9207935822807437e-01	   2.8854327401638041e-01	   1.7092901561690083e-01	   2.2166451208459148e-01	   3.0641899835004688e-01	   2.2118546227181177e-01	   3.1067637446418539e-01	   8.0467247352916410e-02	   9.4066558521079410e-02	  -9.8370729265800011e-02	   1.0015836235820332e-01	   3.6548400572326195e-01	  -1.4187313621539774e-01	  -2.8813995715886123e-02	  -8.3782045530489166e-02	   2.1277749787714254e-02	   1.4965448669059619e-01	   1.0433881569116590e-01	   1.4837890967713205e-01	   3.6837371423241949e-01	   3.2559474576907388e-02	
   2.9584855483320077e-01	   4.0797741132967325e-01	   3.6185986718257229e-01	   9.8405954898977510e-01	   3.8228738590723238e-01	   1.3405618089157456e+00	   2.5878870898267792e-01	   1.0681712599725703e+00	   5.0505315369180681e-01	   0.0000000000000000e+00	   3.3034639751507694e-01	   3.8911047751449701e-01	   1.5784656578240175e-01	   4.6577317235614069e-01	   2.4651931806336164e-01	   7.9214658813549876e-01	   3.2315184266031510e-01	   4.8158012042883958e-01	  -1.1451305584077393e-01	   2.0912778166511170e-01	  -2.8698664539917887e-02	   1.4463450144401613e-01	   4.1960017830486213e-01	   8.5131266929659655e-01	   6.5319638206033692e-01	   5.4543204573220361e-01	   6.5253760453407383e-01	   7.5008547185391361e-01	  -1.8489226928613469e-03	   7.8709111632559239e-02	   3.4240251177571046e-01	   4.7794610510035651e-01	   2.4542134588889908e-01	   5.3760133365184370e-01	   9.0607978937317735e-01	   7.4653091147087614e-01	   7.2894577690370138e-02	   3.7747088892968367e-01	   3.6776377995079101e-02	   1.2159448349240969e-01	  -2.9587249472327659e-02	   5.2672238031718733e-03	   7.5092388966686807e-01	   3.5820796391002335e-01	   5.1743492005030622e-01	   4.9340375494508498e-01	   4.0446216421214948e-01	   5.2237291181836776e-01	   4.0055481026046147e-01	   4.3468190344860502e-01	   4.4700479068820737e-01	   2.3848554707385788e-01	   4.6944212836497251e-01	   3.8937734853819289e-01	   2.6117670443231006e-01	   2.7723458276099877e-01	   1.5597460489862966e-01	   2.7600524014132904e-01	  -2.6968031662184383e-01	   2.0989305574546260e-01	  -1.5894976459406965e-01	   5.2815178977498856e-01	  -8.5268447972403696e-03	   2.7307545349760154e-01	   7.8372666677431380e-01	   8.4343002193466121e-01	   3.2360233192069365e-01	   7.5949330504888302e-01	   4.1673827228681126e-01	   7.2114161113759212e-01	   1.0761398680354173e-01	   3.0320507889252302e-01	   1.8245861032210445e-02	   2.5685660032334534e-01	   6.9203324769864988e-02	   3.2560858922326108e-01	   4.9048303832935916e-02	   4.0610389937554370e-01	   4.5265701803475367e-01	   4.1818311886437420e-01	   4.7901813144579131e-01	   4.6804167726057511e-01	   9.8057122215375034e-02	   2.2154228598260670e-01	   5.9901541884105969e-01	   5.2689236598710887e-01	   7.3722257052991805e-02	   1.5863033185459086e-01	   8.9448574888345833e-01	   6.5358151143370358e-01	   8.3547810364927710e-01	   4.9266530171847001e-01	   1.1274282634825190e+00	   5.2372575996525850e-01	   3.7573139856125271e-01	   4.2672209613261547e-01	   6.4943779495866516e-01	   4.4756825603587319e-01	   3.6879120494218670e-01	   1.7484369059861646e-01	   6.5458676539692295e-01	   3.2571723526093682e-01	   3.6280112148116539e-01	   2.4633979506595097e-01	   3.8326125168300022e-02	   1.4198450808979640e-01	   2.0863514285458817e-01	   1.4788959212444858e-01	   5.6582193182833154e-02	   2.8440870776951316e-01	   1.7113495383429334e-01	   2.2042063816707039e-01	   2.5307844760171783e-01	   2.4324795967569504e-01	   1.4134847683145910e-01	   6.6694211169346831e-02	
   7.3457888117660486e-01	   4.6592434203141486e-01	   1.0445732344682537e+00	   4.4845408728350256e-01	   3.0027155190662713e-01	   1.6966080139597364e-01	   9.6751458457071182e-01	   4.1874935666424812e-01	   6.7132650268375516e-01	   3.3034639751507694e-01	   0.0000000000000000e+00	   9.0227476876773993e-01	   9.7993112288195505e-01	   5.5340082835172999e-01	   1.0212182022826868e+00	   7.6133799770717547e-01	   5.6581158475680715e-01	   1.9466880227838934e-01	   6.4050544671026177e-01	   4.9896593375393972e-01	   2.4688511129517127e-01	   2.2567002139129433e-01	   7.7958658504920519e-01	   6.0171372973178183e-01	   2.5390135946352654e-01	   3.7529575992096631e-01	   6.4298632938465183e-01	   6.4156223061604289e-01	   4.5745709834804843e-01	   4.2390181795104992e-01	   5.7214351281599463e-01	   6.1729380148107105e-01	   1.6257781888367795e-01	   1.0584544335587955e-01	   2.2640504772181927e-01	   7.7044073308155589e-02	   5.5237692063521290e-02	   1.6110095249867290e-01	   6.6936583475931982e-02	   3.2589235772766394e-02	  -3.5933506942023803e-02	   1.0456660104227299e-01	  -9.8688981351204644e-03	   9.0235230919731059e-04	  -3.3239602561987602e-02	   4.7627746709407871e-02	  -3.4452966883149180e-02	  -1.1496928984007231e-01	   3.6173881419204079e-02	   1.3590161299565512e-01	   2.1456911579030044e-01	   1.1226431609127872e-01	   1.8344422919271994e-01	   9.0263114219014687e-02	   1.6752566270865019e-01	   8.4234188981538297e-02	  -3.0700558600642086e-01	  -9.0748624023685456e-02	   3.1894817175061069e-01	  -4.3129285413543432e-02	   4.7571560866798501e-01	   2.2803877876001269e-01	   2.0633587861202275e-02	  -1.1751045728578187e-01	   5.4503927396841367e-01	   7.1276929464008695e-02	   1.5291156933913710e-01	  -1.1298443730206606e-01	  -1.7783572573122353e-02	   1.5823596160855567e-02	   3.2255165186082807e-01	   4.2411471985651850e-01	   3.3587040643784516e-01	   3.2250573080065054e-01	   4.3786637567444364e-01	   4.2234480976474353e-01	   5.1650478503641996e-02	   1.7225328607999985e-01	   2.3226900850507498e-01	   1.8047491167893231e-01	   3.7040189198745715e-02	   3.7327753284871967e-01	   6.5928255566185490e-01	   6.6075235415005174e-01	   8.9828264638246802e-01	   7.0485735151503104e-01	   4.3430050167952650e-01	   5.1897829736325729e-01	   3.9878553139155976e-01	   3.5504011355315052e-01	   2.8052657725661129e-01	   3.4644136027630329e-01	   2.6482935843818034e-01	   2.4021938470800941e-01	   9.7386469226653756e-04	   2.2858777495919713e-01	   1.5455036404573716e-01	   1.6841955146387927e-01	  -2.2501372905588068e-02	   3.6543198257821784e-02	  -1.0800531688540600e-01	   1.2610401898321782e-01	  -2.1430149412876623e-01	  -1.7229167476711515e-01	  -3.1011275641389657e-01	  -2.4223663280793695e-01	   2.6044022479153223e-01	  -4.4288555322886175e-01	  -3.3682953110757841e-01	  -2.9880792022265157e-01	  -4.2426733179541842e-01	  -3.0934453380096777e-01	  -2.5193206421652126e-01	  -3.0440560302761040e-02	   1.8304813855404747e-01	  -2.8953957416248777e-01	
   4.5949488377633563e-01	   6.9129712483822325e-01	   4.5303238246914518e-01	   7.1660625922054955e-01	   4.9078977041176752e-02	   2.3282422077283091e-01	   4.0634902544299722e-01	   6.7296425099807133e-01	   1.5473702289303040e-01	   3.8911047751449701e-01	   9.0227476876773993e-01	   0.0000000000000000e+00	   5.3343726876699038e-01	   1.0395790410261991e+00	   4.0121994224744856e-01	   9.8973167206668033e-01	   4.5627899101668051e-01	   3.9458298384691304e-01	   4.0906518948297643e-01	   7.4624768077851522e-01	   3.2029331690846381e-02	   8.3064091390051178e-02	   4.6312565613752199e-01	   7.4651008147928355e-01	   3.0260116202167214e-01	   4.0905359679087461e-01	   5.2873333126148081e-01	   5.9261034972531634e-01	   3.1388249758360653e-01	   4.3196604080298301e-01	   3.1465408658349270e-01	   5.1496451419033784e-01	   1.7997954550972795e-01	   3.6195330948313631e-01	   3.1838911546746423e-01	   3.2739119413977663e-01	   1.4668334541299854e-01	   4.1732172552094826e-01	   1.8599297810879240e-01	   2.4931596196104230e-01	   8.8099699218553942e-02	   1.9506352010490019e-01	   9.7663685522781832e-02	   2.1162716189932096e-01	   2.0344245061901628e-01	   2.2215401640796800e-01	   1.5212753207098650e-01	   3.4421424581892505e-02	   1.9574679663758265e-01	   2.7543311032284551e-01	   3.5309544007869287e-01	   3.4190836208780090e-01	   3.6755473635726993e-01	   2.5028280256268481e-01	   3.7146144705598616e-01	   3.7896279864594562e-01	  -3.8026845735914163e-03	   4.4579731206230322e-02	   2.1085984390229270e-01	   2.1533802263331661e-01	   3.4243576076391313e-01	   5.0250996961678884e-01	   2.1872870612046491e-01	   1.4283948709204700e-01	   2.3806743079894152e-01	   3.2094165529596841e-01	   1.5649944635553290e-01	   2.1182376038959680e-01	   2.9634976513909622e-01	   4.6622943341678691e-01	   1.0994384798904401e-01	   3.4090178731476811e-01	   3.1925314825737189e-01	   4.7299318352240749e-01	   5.2180157169308361e-01	   7.9622574874731145e-01	   4.4631763909366295e-02	   4.2019743240193752e-01	   3.1398506640710228e-01	   1.5440661236225661e-01	   2.0602948952679229e-01	   4.2347279193113807e-01	   3.8202220114613950e-01	   6.9669301019479513e-01	   5.7916206501521639e-01	   7.6269262586714981e-01	   4.0270543242893769e-01	   4.2394033479575916e-01	   3.7366934984645944e-01	   5.8114226420241744e-01	   1.8601187505240163e-01	  -2.9065531099448667e-03	   2.9515052990813306e-01	  -7.8207402760087821e-02	   5.8325675046989017e-02	   3.4899284988656443e-01	   3.7070003057575956e-01	   2.4929521145911721e-01	  -3.9224117698896648e-03	  -1.2383139094068779e-01	  -7.0797155001513831e-02	  -1.0595458170594815e-01	  -4.7469966061111125e-02	  -2.6400435586295079e-01	  -2.3520501737216684e-01	  -2.1336970337045719e-01	   2.2354297412770305e-01	  -2.0608745418584964e-01	  -3.6421102267834998e-01	  -6.8877805394950226e-02	  -2.3734875587087859e-01	  -4.1614469679938437e-01	  -1.8892685388633801e-01	   1.3071062367269922e-02	   9.1125610612626806e-02	  -2.9951234512930974e-01	
   5.9375799223803682e-01	   4.7119804852134006e-01	   5.7926387220979969e-01	   2.6780035423241427e-01	   7.7231810647803670e-02	   1.3855304255596768e-01	   6.1890383799917592e-01	   3.7659479690011344e-01	   4.1095171329350277e-01	   1.5784656578240175e-01	   9.7993112288195505e-01	   5.3343726876699038e-01	   0.0000000000000000e+00	   6.3813979481809247e-01	   9.2468596279718829e-01	   5.6712408887127164e-01	   4.5924304276059863e-01	   2.2834822011699418e-01	   4.6924009522083915e-01	   4.0440630742936223e-01	   3.3715877381668835e-01	   1.9713385448004137e-01	   2.8152400135490585e-01	   1.9388027315878484e-01	  -4.0830807596866379e-02	   1.2630926969627612e-01	   2.9261680377092897e-01	   3.1015746777937542e-01	   5.2732179229001175e-01	   5.1525688772308242e-01	   3.4371635448542537e-01	   3.0257508665063654e-01	   4.6856206421107599e-01	   2.4971127021952405e-01	  -1.1228343184504684e-01	  -1.9182264963667064e-01	   1.7794696436015686e-01	   1.3017516745192514e-01	   2.1407348376080432e-01	   1.5093139888189003e-01	   1.9405709635526561e-01	   3.3430466862017744e-01	  -1.7783622809126548e-01	  -6.1897066769122940e-02	  -1.8000824073631169e-01	  -6.3156310005623939e-02	  -4.9945770223158513e-02	  -1.2034927958212441e-01	   9.0620270647821573e-03	   2.9672184830157027e-02	   5.9601451564590173e-02	   9.3699980532899463e-02	   1.8303600309969356e-01	   1.4360133883867808e-02	   2.2948413231836515e-01	   1.2404062511439010e-01	  -1.7371336458936548e-01	   1.2421868559969000e-01	   6.6256420132351601e-01	   1.8603104612027496e-01	   9.1262760040365609e-01	   3.5093521758883028e-01	   3.2800660371702745e-01	   1.1513616461717611e-01	   1.8890308668930880e-01	  -2.5311930291926399e-01	   2.1127673915019202e-01	  -1.7421093896296730e-01	   2.5922958184746497e-01	   1.1009962514920278e-01	   2.5940211640050198e-01	   1.5073801452919383e-01	   5.2764213982076036e-01	   5.1177471044300993e-01	   4.9451829300367356e-01	   4.3567901330296244e-01	   2.1430114189135963e-01	   2.3195341600589336e-01	  -3.2157944100905944e-02	  -6.5169776737716845e-02	   8.0013100665055292e-02	   2.7510630146187154e-01	   7.0971566320088031e-01	   5.7348342381903528e-01	   3.6581013369675158e-01	   2.1957020194232971e-01	   1.8215256653943465e-01	   1.3258111840657991e-01	   2.6556088000545575e-01	   2.4278863171989482e-01	   9.1475951126114716e-02	   2.2503581967409414e-01	   5.3496716511984392e-02	   3.2380654217593885e-01	  -2.9074942657005637e-02	  -4.8103438079059403e-02	   3.1576711026965056e-02	   6.0832480301974731e-02	  -9.7333311254194435e-02	   3.1888824036716466e-02	   1.0833867894797376e-02	   4.1509758680522235e-01	  -2.2849393166594847e-01	  -1.8150379650842156e-02	  -1.4303600359847585e-01	  -1.3923242668677274e-01	   1.8543883653792961e-01	  -3.0750733430765298e-01	  -2.5980466475316011e-01	  -1.8297182469132375e-01	  -3.2976433608918676e-01	  -3.1952215877805812e-01	  -2.3511604625866583e-01	  -2.6818665671494768e-02	   1.6191520289051625e-01	  -2.9030360552099321e-01	
