   0.0000000000000000e+00	   1.3105868285945710e+00	   3.8455419314711464e-01	   7.0456025068373906e-01	   3.4916876737466435e-01	   3.0822395062034991e-01	   4.6896921639123917e-01	   5.8709461938566365e-01	   2.3761827493958115e-01	   1.4073446664935893e-01	   7.1413260088102370e-01	   6.9122775194280761e-01	   5.4884122937147861e-01	   4.2011256525468510e-01	   4.5485212965892768e-01	   3.2694497621587537e-01	   6.4673216757108232e-01	   8.6908199670022923e-01	   8.3667073587979179e-01	   9.4392991779945057e-01	   2.2715781588060929e-01	   2.2641081036081340e-01	   3.3908208730991857e-01	   3.6689877119163239e-01	   2.9321455761994691e-01	   2.9218186793148349e-01	   2.6927595990249054e-01	   4.3672915093943623e-02	   2.4524695076591835e-01	   2.6632372607242077e-01	   1.1900451634246756e-01	   2.1652389824568471e-01	   5.7600819414487081e-01	   6.0681583025624608e-01	   1.5922581760340049e-01	   2.8420362982181152e-01	   2.1672910034855344e-01	   4.3582746877302581e-01	   2.0324663098921034e-01	   3.3693044371941661e-01	  -2.0808543408344271e-01	   2.2467591786140356e-01	   8.7240619549756382e-01	   8.0612069523483498e-01	   6.5561292883378430e-01	   7.4290436961723150e-01	   9.4093031089526569e-01	   8.9191006901213943e-01	   5.9469816176268764e-01	   8.9506716074742321e-01	   3.3735319844882999e-01	   5.1753325698693653e-01	   3.8908938794605996e-01	   6.0468155711256555e-01	   5.2849499184036197e-01	   7.2010857028972630e-01	   1.1339435581122492e+00	   1.1801026467131055e+00	   6.5940696699012702e-01	   7.8687772962094016e-01	   1.0785274311465178e+00	   7.6635751415305331e-01	   9.2424706788405042e-01	   1.0922132329351439e+00	   2.8876465959755571e-01	   3.7183452045192888e-01	   3.2666452675118718e-01	   4.9328028002768232e-01	   5.9556353155680097e-01	   6.6685677671997368e-01	   3.6493999913209085e-01	   5.1119027900171965e-01	   6.3737213073694321e-01	   7.2352714208239299e-01	   5.2488099416494616e-01	   5.4507086118371872e-01	   9.1925288705736397e-01	   9.6862382772041167e-01	   6.4543403806733635e-01	   3.4726355063850856e-01	   7.1212214605527990e-01	   4.3321229142888457e-01	   2.8405460692470846e-01	   3.1645255087718716e-01	   5.0421709550384586e-01	   5.0375431003480742e-01	   4.0991033740021354e-01	   3.9990299100616705e-01	   6.4856611165401445e-01	   8.1320330825961251e-01	   4.2952853688575232e-01	   4.1336339907769581e-01	   3.6851401524603372e-01	   1.5192873464727868e-01	  -3.0921237266479527e-02	   7.7049783747587544e-02	   5.9968232600195870e-01	   5.9270635116242421e-01	   9.3916440293764580e-01	   8.4723758800053728e-01	   4.9997140665284157e-01	   5.5963214018937646e-01	   3.6669045197865635e-01	   5.0392495563291939e-01	   2.5295892532168240e-01	   2.5452812496445310e-01	   3.1302614687972047e-01	   1.6905854466621653e-01	   4.6398889422001800e-02	   1.0504570094001288e-01	   6.2446089702355989e-01	   7.0047910812367353e-01	   8.5144216308801901e-01	   5.9646087326833308e-01	   3.4858823233090780e-01	  -1.0706654722462114e-01	
   1.3105868285945710e+00	   0.0000000000000000e+00	   3.1626522162758292e-01	   7.2455096428444876e-01	   2.6858790103529023e-01	   3.4894239087611761e-01	   3.5243539668844531e-01	   5.4135675261868443e-01	   1.6944538357492445e-01	   1.3991887712785528e-01	   5.4617994424476712e-01	   7.2493909509817545e-01	   4.6737492816024140e-01	   4.0451135323083487e-01	   3.9566327845806082e-01	   3.4076122683300736e-01	   6.3839493829296812e-01	   9.6347368714150605e-01	   5.6654188156739227e-01	   8.2540183812709889e-01	   1.5422700422772781e-01	   1.4264422059266796e-01	   3.2245311098757407e-01	   3.1039531867465092e-01	   2.9291108303242896e-01	   2.8856489685997055e-01	   2.0962710731189962e-01	   1.8321306922992660e-02	   1.6556932932556401e-01	   2.4808995836816686e-01	   1.1080912362526889e-01	   1.9111289679131105e-01	   4.3722675325840199e-01	   5.0020261332739979e-01	   1.6117201104828979e-01	   2.3488271550873274e-01	   2.1947029723619937e-01	   4.4131425643869160e-01	   6.5351331610214017e-02	   2.8363625341993415e-01	  -1.6050842540592186e-01	   2.1536267075191221e-01	   7.6814980047319703e-01	   6.8322883813185820e-01	   6.9766731761526257e-01	   6.9848691176982747e-01	   8.5183087219443632e-01	   9.0108398362698017e-01	   5.3615585185283310e-01	   8.5538897879774267e-01	   3.3641369779047725e-01	   5.4037115667494773e-01	   4.0911278756894515e-01	   5.7056290621336303e-01	   4.9660818067825219e-01	   7.3644742294357390e-01	   1.1675048872322189e+00	   1.6163054478257357e+00	   6.3905814069008593e-01	   9.4688189424793157e-01	   8.9187310642137285e-01	   7.1227022990946209e-01	   9.9643849710076748e-01	   1.1249378418577636e+00	   2.8119537867411243e-01	   3.0518581928602551e-01	   3.8277485886136142e-01	   5.4294142405409207e-01	   5.5261780263558435e-01	   7.4652843984055683e-01	   1.2576247668739635e-01	   3.0996490145357591e-01	   3.8507967743501220e-01	   5.8931413663668586e-01	   2.9627076577206157e-01	   4.2723495375777037e-01	   6.4447915290676105e-01	   7.8871129953869779e-01	   5.4448267936966122e-01	   2.8889638636122339e-01	   7.6237030234340153e-01	   4.5256348200360080e-01	   3.9098772303677853e-01	   5.7426071570517290e-01	   5.7950705802527303e-01	   5.4981400582978646e-01	   5.5193760855295992e-01	   4.6615285041353238e-01	   5.0510457468255998e-01	   8.5166085825089088e-01	   6.1605564911547273e-01	   5.4018798074842822e-01	   5.4538251280301464e-01	   2.8792795846904923e-01	   2.9208087765037805e-02	   1.0993471249746316e-01	   7.5554500746916819e-01	   5.7890282941610138e-01	   1.1159205961614289e+00	   9.3889427439849615e-01	   6.8557657904786951e-01	   5.7049098839090551e-01	   6.2131858756996339e-01	   5.2637022895344665e-01	   3.5348655208443314e-01	   1.8971880032998509e-01	   4.8352293168083205e-01	   2.8426422012848201e-01	   1.1726143488444418e-02	   1.0134943583917891e-01	   7.0123550733276063e-01	   7.0469318262028102e-01	   7.2995064043833946e-01	   6.4508067408521952e-01	   3.2263173393119454e-01	  -9.4358046699646037e-02	
   3.8455419314711464e-01	   3.1626522162758292e-01	   0.0000000000000000e+00	   6.6897710022529344e-01	   8.5139838302226334e-01	   3.7245814583493686e-01	   1.3893140892441582e+00	   6.3866179841625181e-01	   7.9849501291895442e-01	   1.7141096872297615e-01	   4.4133285850585202e-01	   5.0563718404145153e-01	   5.7000486909961356e-01	   6.2220985269929530e-01	   7.4935568801341279e-01	   6.4927909479795920e-01	   2.1774016838806662e-01	   4.3321673790640691e-01	   4.7695172221718884e-01	   3.3012859289266805e-01	   5.5669318705074222e-01	   4.8762401450119064e-01	   1.2157944261807814e+00	   1.1069316990821259e+00	   6.0561740806533226e-01	   8.4034267022973019e-01	   5.3010566915311241e-01	   4.2463099526528236e-01	   2.7926518074147255e-02	   2.3732608103710673e-01	   7.9225364912465168e-01	   7.2460714343169141e-01	   8.7350836174242086e-01	   6.1577978892849561e-01	   7.2347952661432446e-01	   6.5386953477057097e-01	   3.9157116618248433e-01	   4.7371912921292197e-01	   5.3732413261114276e-01	   6.9004196560211906e-01	  -5.9826872564198885e-02	   1.4329143707581979e-01	   5.3932468922330834e-01	   5.9850467599665613e-01	   6.3076812387729242e-01	   6.4695486620940035e-01	   7.4112886765265551e-01	   8.3845860610472600e-01	   8.7267037728356267e-01	   6.2031126938570269e-01	   1.0090536084472777e+00	   7.0603000980166275e-01	   6.8836087749013375e-01	   8.6757209413112069e-01	   8.5117763324393170e-01	   1.0165100755349292e+00	   2.9800827388057677e-01	   4.1315288690706270e-01	   8.9793591666761641e-01	   3.9777922579342823e-01	   5.7876650231549709e-01	   3.4268402159766420e-01	   2.4038355556021372e-02	   3.0399400888815437e-01	   1.0089472560217356e+00	   3.2854412344162315e-01	   1.1046989454002165e+00	   8.8742684988473375e-01	   6.2286706401199099e-01	   6.6017787725966526e-01	   5.8551704379582792e-01	   5.4676115641792755e-01	   6.1328329124485670e-01	   2.8445698208733000e-01	   4.2051746685970692e-01	   2.0354200152384150e-01	   5.7255855832108771e-01	   4.4452822617017873e-01	   2.4648553620093014e-01	   4.0934447559671061e-01	   3.1150485572619657e-01	   5.9387451080218545e-01	   3.6295203734187009e-01	   4.0448703083508686e-01	   9.7379644125135423e-01	   7.9219337396161293e-01	   3.7709082449658371e-01	   4.0042877465249826e-01	   7.0392697696934470e-01	   4.7962219875434692e-01	   5.8436078445191131e-01	   8.1805690927447572e-01	   3.9221823033397746e-01	   3.9307850590555171e-01	   2.9899823366685070e-02	   9.0804854701805632e-02	   4.7149920078727869e-01	   4.0242040441723942e-01	   7.1338423944432361e-01	   8.4356155114490261e-01	   3.8669529020242654e-01	   5.2471884142947534e-01	   2.0303131771595403e-01	   3.6668687851789000e-01	   2.3662615406584378e-01	   1.1381985036252529e-01	   1.9584885577213823e-01	   2.2173562798432762e-02	   8.4069613462917747e-02	   6.2558112889973009e-03	   6.6572413264675212e-01	   4.4652548059753344e-01	   3.2531777925056238e-01	   9.9940012556956490e-02	   2.6793742989303926e-01	  -3.4690180897655593e-01	
   7.0456025068373906e-01	   7.2455096428444876e-01	   6.6897710022529344e-01	   0.0000000000000000e+00	   4.3274605934055593e-01	   8.5147872732606911e-01	   7.1602411948426403e-01	   1.3370181296192889e+00	   4.6423518729238628e-01	   5.6873127939649226e-01	   3.9879028108734610e-01	   1.1727144488259065e+00	   5.0779541686989149e-01	   9.5392042877268490e-01	   3.9510391556341384e-01	   7.0233334189277730e-01	   3.7319319385431510e-01	   5.9814329106106845e-01	   4.3723423985285270e-01	   4.9778613525729831e-01	   5.5392564536529854e-01	   5.2050507498519361e-01	   5.0238992251196346e-01	   9.1333132665939476e-01	   2.6473790903720762e-01	   5.4374732328062036e-01	   4.0623326317343711e-01	   4.0061656662112155e-01	   1.7710465749285395e-01	   2.6619488108384604e-01	   4.8933666931342418e-01	   8.3958417961697984e-01	   5.5116649518633365e-01	   7.6133370714825421e-01	   5.2423291337429734e-01	   6.9349913734468249e-01	  -1.1174941283427554e-01	   2.4977727596975591e-01	   1.2890211359103593e-01	   4.7588181181094397e-01	  -4.6157108023645149e-01	  -4.4729790907758984e-02	   4.4591742843748083e-01	   4.8356997601256446e-01	   6.9345421630148407e-01	   8.9044985057418247e-01	   5.7358022608699522e-01	   6.2058290216238832e-01	   4.1315072074329756e-01	   6.5187951393278865e-01	   4.1851593102517592e-01	   6.2955006324296559e-01	   3.0248393780045463e-01	   4.8978788000582463e-01	   4.8708849275196248e-01	   9.0216693233051359e-01	   5.1623786129875682e-01	   5.8013544778934034e-01	   6.3573798190116293e-01	   7.4404441623606421e-01	   6.5437569199779999e-01	   9.0643667919967019e-01	   3.8516817945868143e-01	   7.1455308095946757e-01	   5.4539299270891517e-01	   9.3507732477915861e-01	   5.4961108805428938e-01	   1.1593073596063372e+00	   2.5737448762444071e-01	   3.6326590644553503e-01	   5.2253173270628839e-01	   8.4848508262038769e-01	   5.8995998320289944e-01	   6.7146219805243124e-01	   4.7642706245254629e-01	   6.1084134149796654e-01	   5.5926064090279071e-01	   6.4773148796301172e-01	   3.5492695115660500e-01	   1.4966811015980475e-01	   5.2346685138847882e-01	   4.8760808794717581e-01	   1.4634009245752833e-01	   4.0038274008513342e-01	   5.6762427204554211e-01	   8.9637335011556807e-01	   3.8949953471856763e-01	   5.8473248811143275e-01	   2.8338437059300436e-01	   6.5932556588731761e-01	   6.4512867288688769e-01	   5.7931975221040932e-01	   6.8246164303173618e-01	   1.8507020844251237e-01	  -3.8714656167267644e-02	   6.6123387766571576e-02	   4.2666534020051849e-01	   3.8917026311378805e-01	   9.5116143959503163e-01	   8.2449792756762730e-01	   9.0858456073369664e-01	   5.7761579480919689e-01	   3.3607996228760817e-01	   3.6004674198283387e-01	   3.4056087689843006e-01	   1.3956208518275975e-01	   3.8488121770269351e-01	   7.5063400940865291e-02	  -6.8725230461772729e-02	  -2.0317312790240669e-01	   4.7640005486392667e-01	   3.7629175285653038e-01	   4.2946494103613431e-01	   1.8252048211430458e-01	   2.8683369002824793e-01	  -2.2040747222585977e-01	
   3.4916876737466435e-01	   2.6858790103529023e-01	   8.5139838302226334e-01	   4.3274605934055593e-01	   0.0000000000000000e+00	   4.9360966680533758e-01	   1.0294549118216223e+00	   6.2953537012856875e-01	   1.0724506745427107e+00	   1.8618397280354165e-01	   4.3987394122252288e-01	   4.6304590009486130e-01	   6.1333370956984334e-01	   4.9134253579967108e-01	   8.0719461551155935e-01	   5.3060343359298057e-01	   5.3680330024720044e-02	   2.3633487566666544e-01	   2.6594709913319137e-01	   2.0808131687267112e-01	   3.6391714233479816e-01	   4.1521150770360971e-01	   6.0057796069255798e-01	   5.5054629932077992e-01	   6.0532479712512133e-01	   6.4030315133190452e-01	   6.7333156241196335e-01	   5.7131795916509664e-01	   1.5987961084604074e-01	   1.4649834791561261e-01	   3.5392419641188427e-01	   3.0452084105514871e-01	   4.3831889302834359e-01	   3.1941558360916023e-01	   2.8735389969940162e-01	   2.7947266868842796e-01	   1.6317845097773381e-01	   8.7734786041434809e-02	   3.0174916213100506e-01	   2.7535605907308791e-01	   7.2859555338304002e-02	   1.5324906374329919e-01	   3.9686581776790913e-01	   2.9656943363525634e-01	   3.0552125326733842e-01	   3.8276482598457495e-01	   5.1448998838281512e-01	   5.2046245272702185e-01	   6.3656719294768072e-01	   4.5058699964610532e-01	   5.5563437782813374e-01	   3.3225320188306873e-01	   4.7238902724302112e-01	   7.1311928740538277e-01	   3.8361874755942782e-01	   4.9350019516211063e-01	   8.2789583794374733e-02	   2.6245828995309595e-01	   7.3594730336153791e-01	   3.1158100209145945e-01	   6.9252356697920370e-01	   3.9366686127279238e-01	  -8.8578554332631801e-02	   5.0639328817683224e-02	   7.1418889925951634e-01	   3.1697756109151481e-01	   6.5104770645601651e-01	   5.3743987796003512e-01	   3.4490863273328176e-01	   3.8785401268235575e-01	   5.1449178325344203e-01	   4.0336377962260894e-01	   4.9071947452993908e-01	   3.0400478609840165e-01	   3.3222682177475410e-01	   1.8162549193313773e-01	   3.0716489898751159e-01	   2.8212324278209244e-01	   1.5497810254146405e-01	   2.2584228395527861e-01	   8.1323544547364887e-02	   2.2659233444590737e-01	   2.7465752461269910e-01	   1.8512530700137908e-01	   4.6142989935619505e-01	   2.8206399098976881e-01	   1.3117904940632943e-01	   1.0899765748475265e-01	   6.9156743985851321e-01	   3.7119564611397760e-01	   4.1977001452144486e-01	   8.2661717142593294e-01	   4.6581725183571088e-01	   4.0385277158585420e-01	  -4.2353683816947180e-02	   1.6764783634998330e-02	   2.1329230503603921e-01	   1.9241968611817903e-01	   5.2560151882285322e-01	   5.7738389582917349e-01	   5.5926508105010075e-01	   6.4315660781653439e-01	   2.6399534589053841e-01	   3.8069813767751959e-01	   9.7854258571552805e-02	   3.5702822866874838e-02	   6.9386025287504219e-02	   1.0140487196772121e-02	   1.4409949570393327e-01	  -1.5800253511627428e-02	   3.7603593425439713e-01	   4.1133871995052518e-01	   5.6976634925331449e-01	   3.2353694769147168e-01	   3.2116035960433992e-01	  -2.7472607703599583e-01	
   3.0822395062034991e-01	   3.4894239087611761e-01	   3.7245814583493686e-01	   8.5147872732606911e-01	   4.9360966680533758e-01	   0.0000000000000000e+00	   5.8716487590504218e-01	   1.0671828089977837e+00	   6.6350890607545021e-01	   1.3390437051525881e+00	   3.0089419322126154e-01	   8.0263993460341576e-01	   5.1541697826439226e-01	   8.8928840447482327e-01	   4.8548490666273980e-01	   1.0236962979740192e+00	   2.7929427694759135e-01	   4.5044145900581084e-01	   2.9749465947379206e-01	   3.6228316922628401e-01	   5.8160956036672262e-01	   5.5687416183374672e-01	   3.0184080004029762e-01	   4.8535577034333643e-01	  -7.0082326259718070e-03	   3.3546302012848483e-01	   6.3978412406276086e-01	   8.2227134742573416e-01	   2.7450606266723798e-01	   3.7022754901181015e-01	   5.4176474927739593e-01	   8.0273782734355614e-01	   4.1133420811427951e-01	   5.7986827830071785e-01	   2.5328094594362394e-01	   3.1339483476375363e-01	  -2.8738962263351875e-01	  -5.3427999481518530e-02	  -1.1011522164982834e-02	   1.1967589878132640e-01	  -3.9486227651201111e-01	  -1.5484050283867734e-01	   2.1157979447427278e-01	   2.9039429483410961e-01	   3.7444892453153933e-01	   5.9685219457415661e-01	   3.2711262794780938e-01	   3.3877730916973670e-01	   2.1520377900960885e-01	   3.3558106100158691e-01	   1.6713860429504651e-01	   2.4222991771083799e-01	   1.4287199741544690e-01	   3.5290559710457781e-01	   1.9453365687165594e-01	   4.2379197406808677e-01	   1.3103144005595527e-01	   2.0741000101372767e-01	   2.7318802308221085e-01	   2.3839210364102137e-01	   4.1006752351134201e-01	   5.6392961560477739e-01	   2.3043383145081842e-01	   2.9327122209811440e-01	   4.7352097289737771e-01	   5.9478478883068364e-01	   2.5495945398394226e-01	   5.1417637594397014e-01	   1.0392659954455574e-01	   6.7574877592512336e-02	   4.6728670346664675e-01	   8.0798906536957449e-01	   6.0315165992389008e-01	   8.1662048880993832e-01	   4.5799569715044308e-01	   6.6863429886158210e-01	   3.8092771610098430e-01	   4.4417910570136360e-01	   1.9436377174704506e-01	   2.1889290455313493e-01	   4.5085790008487225e-01	   4.4266816041584195e-01	   1.6779414541863880e-01	   3.2600307170276949e-01	   4.1442812868827300e-01	   5.0149591479025502e-01	   3.6732947772763869e-01	   4.3851503915170220e-01	   5.8521185616758786e-02	   3.1570991562017287e-01	   3.6958604700679876e-01	   3.5205322984803561e-01	   5.1923324067166599e-01	  -1.5836073793202253e-02	  -1.2094754145289878e-01	  -1.9121746622745936e-01	   5.2078809691938059e-02	   9.4408627943786530e-02	   4.5032320213180027e-01	   4.1972265979035878e-01	   6.0285511545654458e-01	   3.5146144367227106e-01	   5.5972613948273332e-02	   1.7233421947079636e-01	   8.5040867106200888e-02	  -2.3543445620386051e-02	  -3.5842023583454070e-02	  -3.0602834214228042e-01	   1.8694817429557038e-03	  -9.7852134437897226e-02	   1.8620672318976436e-01	   7.2310916438432585e-02	   2.5400208220002751e-01	   1.1238485698751567e-01	   2.5463354668728644e-01	  -3.4658704800561552e-01	
   4.6896921639123917e-01	   3.5243539668844531e-01	   1.3893140892441582e+00	   7.1602411948426403e-01	   1.0294549118216223e+00	   5.8716487590504218e-01	   0.0000000000000000e+00	   9.5993208579255163e-01	   1.2382442085745802e+00	   4.2161382707251455e-01	   7.0881078640909201e-01	   7.3879002041542052e-01	   1.0176807720513670e+00	   9.4057023080652158e-01	   1.1101212428553200e+00	   9.0042503253476658e-01	   2.8882840947904487e-01	   4.5133316145393831e-01	   5.0520336146953448e-01	   3.8917244587688016e-01	   6.4547889823003668e-01	   5.5467623449810932e-01	   9.4005888607675314e-01	   9.5342415600689490e-01	   3.4206893359107304e-01	   5.7582824261588073e-01	   6.7105608088275581e-01	   6.0445090348495500e-01	   1.4188572298674340e-01	   2.5992723216599234e-01	   7.2600249198325650e-01	   7.3810411201104698e-01	   7.9914451638333495e-01	   6.3680035282955216e-01	   4.8741081747925263e-01	   4.7279868347082332e-01	   2.0770016955003079e-01	   3.5309776847230934e-01	   3.5598239092752088e-01	   5.4709817634508040e-01	  -1.6963787912552777e-01	   1.5038107507908832e-01	   5.3965870375414005e-01	   6.1259401361842047e-01	   5.5746985905399749e-01	   6.5064746883571489e-01	   7.3881780845280842e-01	   8.0673407417162468e-01	   7.5765472545297574e-01	   5.9867038860541866e-01	   8.0427891018857922e-01	   5.4945291516288441e-01	   6.3514634127794278e-01	   8.0360352107676314e-01	   7.5421810019589608e-01	   1.0413589159710750e+00	   2.3343473819676136e-01	   3.4389158995648733e-01	   8.4164443372380293e-01	   3.2343210304091707e-01	   7.9190212341621069e-01	   4.4803225764255661e-01	   8.8056743302770968e-02	   2.1888002445375648e-01	   1.0361776602288355e+00	   4.4522039742269942e-01	   7.9687732533310651e-01	   7.3323423604849658e-01	   5.3576380164540560e-01	   5.7267858920672243e-01	   6.9662378386308133e-01	   6.2581418377670694e-01	   8.0019527262303070e-01	   4.7729216814538344e-01	   6.1181715037264195e-01	   3.9022154230533440e-01	   5.7034933940621502e-01	   4.6604182918478998e-01	   2.8841613581745063e-01	   3.7296860023259842e-01	   3.3897901852761242e-01	   5.5857725989258178e-01	   2.5896371568746834e-01	   3.9658289024407578e-01	   8.9217097019182057e-01	   7.2124904450386573e-01	   3.1112149642364045e-01	   3.5713809642714439e-01	   8.0650921940728160e-01	   5.5024005612164228e-01	   6.8231982463553664e-01	   9.4493273061263539e-01	   4.8118311016977144e-01	   4.1056927303961910e-01	  -1.2148811405983481e-01	  -6.4127709338315173e-02	   3.7362212320992660e-01	   3.5317878961182170e-01	   8.4051211824378069e-01	   9.8901753224440070e-01	   5.1879332707681602e-01	   6.7369587404398146e-01	   2.5148999102275205e-01	   4.6348160667126842e-01	   2.2324612635233243e-01	   7.4183401244215741e-02	   1.5802709138514787e-01	  -1.0442914801370847e-02	  -1.5294677248496412e-02	   4.7793190014332994e-03	   5.5823384195726977e-01	   4.5155036240327856e-01	   5.1679854646474410e-01	   2.1045700511389787e-01	   3.5933226900457133e-01	  -4.4801784118088117e-01	
   5.8709461938566365e-01	   5.4135675261868443e-01	   6.3866179841625181e-01	   1.3370181296192889e+00	   6.2953537012856875e-01	   1.0671828089977837e+00	   9.5993208579255163e-01	   0.0000000000000000e+00	   7.9020898833733122e-01	   7.8402323747439173e-01	   6.1880277815482621e-01	   1.5955826712471419e+00	   7.8610294286243798e-01	   1.3338560099065375e+00	   6.0935062403618090e-01	   8.7117664079103829e-01	   3.6903881937743560e-01	   5.1961409362238919e-01	   4.2046773486982841e-01	   4.1615255029818821e-01	   6.0146332254625368e-01	   5.3515122740127408e-01	   4.1889365955318297e-01	   7.1102548702672586e-01	   8.7709723230789738e-02	   3.7828128177190745e-01	   5.1023764101359959e-01	   5.8524570709990442e-01	   3.5216013416610897e-01	   3.4793031728231721e-01	   5.2506114719383379e-01	   7.9020841977568534e-01	   5.8531010997182709e-01	   7.9748522001080646e-01	   3.6790453425830894e-01	   5.5105894457320614e-01	  -1.6302218921236589e-01	   1.3300646890826240e-01	   6.3817323170079307e-02	   3.0130107692166280e-01	  -3.3614712078454478e-01	   1.3336734389802677e-02	   4.5175739293597628e-01	   4.7481666785058485e-01	   5.1522768756032289e-01	   7.7772335514907676e-01	   5.6462080547283466e-01	   5.7101750559467890e-01	   3.9196273273208881e-01	   5.8974208478226464e-01	   3.8850127233078224e-01	   4.3255946890896735e-01	   2.4805673461249589e-01	   4.0489530385961392e-01	   3.4534096379611917e-01	   7.4432103201193400e-01	   2.4802413342647972e-01	   3.6258655197083428e-01	   6.2185999779055479e-01	   5.3798368061268120e-01	   7.7540429522136489e-01	   1.0054139227738683e+00	   2.6200320059168136e-01	   4.1504608479007721e-01	   6.3132560553436767e-01	   9.7388352160772251e-01	   4.2651906555977431e-01	   8.7473778007249647e-01	   1.6607795926222624e-01	   2.3923459867232608e-01	   6.0546370401343774e-01	   8.7265525943245392e-01	   7.0985170167198819e-01	   8.1386663515632374e-01	   5.5946354127912268e-01	   6.9491625838133630e-01	   5.0946174079172324e-01	   5.8619178280588191e-01	   3.1999487278371774e-01	   1.1796631897258938e-01	   4.3887918851567093e-01	   4.3397377877293258e-01	   1.4125013626109775e-01	   3.7688444130264193e-01	   5.0062420788681750e-01	   7.0098800989790255e-01	   2.4190932075233967e-01	   4.0379520247175882e-01	   3.5162414049486679e-01	   6.7254038372650127e-01	   6.0628380647432645e-01	   6.5150564947283185e-01	   6.6965698539230545e-01	   8.6955833306786717e-02	  -1.3406306817208941e-01	  -9.2419063921695951e-02	   2.8757044158086476e-01	   2.7613623041005864e-01	   7.8370756280377118e-01	   7.6250277221713658e-01	   8.5159911626383744e-01	   5.3385177290001518e-01	   2.3453719131175638e-01	   3.0482911110298855e-01	   1.6550353868198087e-01	  -1.0205241006929704e-02	   2.7531046380274438e-01	  -6.5207500368982360e-02	  -1.0962174203707975e-01	  -1.2820655472385825e-01	   3.9007049527382065e-01	   2.9666313921214160e-01	   4.8131816871759742e-01	   1.8673551025178053e-01	   2.7919737067577216e-01	  -4.0487238219393173e-01	
   2.3761827493958115e-01	   1.6944538357492445e-01	   7.9849501291895442e-01	   4.6423518729238628e-01	   1.0724506745427107e+00	   6.6350890607545021e-01	   1.2382442085745802e+00	   7.9020898833733122e-01	   0.0000000000000000e+00	   5.3258023617608807e-01	   5.1514607647516053e-01	   5.6388425082409055e-01	   8.8581936446962983e-01	   6.8774831451628993e-01	   1.2242920325436901e+00	   7.8443707135606966e-01	   1.5639003376540897e-01	   2.7119453984198261e-01	   3.7062335025870802e-01	   2.4663438590842038e-01	   6.2995572402857458e-01	   5.4638108038940381e-01	   5.7978891031615132e-01	   5.7345599547624504e-01	   1.6467844840954554e-01	   3.7327551550760574e-01	   8.0691488436934178e-01	   7.7247426189622181e-01	   1.6980067296216003e-01	   2.5378208473489994e-01	   4.9505830691515240e-01	   5.1709916088096874e-01	   5.0287563694477733e-01	   4.2953443927404267e-01	   2.4497119420749558e-01	   2.3052879920961294e-01	  -5.5642657252037387e-03	   8.5229389944875125e-02	   1.7670079324481838e-01	   2.5620992240217361e-01	  -1.8886572246139990e-01	   4.1170996358514768e-02	   3.0961941502901452e-01	   3.1647395823259089e-01	   2.3049918871851682e-01	   3.5757211238293557e-01	   4.3859730184642953e-01	   4.5024654456017987e-01	   4.1762847066456055e-01	   2.8629943418485693e-01	   4.4457128452313754e-01	   2.0045014992122698e-01	   4.1253990681488895e-01	   5.8132658394674031e-01	   3.7539507534937949e-01	   5.5469306743449065e-01	   1.0274693429673260e-03	   1.2328394454545569e-01	   5.0427465105583003e-01	   1.1140858330368877e-01	   6.1199883097100927e-01	   4.1271867617919988e-01	  -7.4189622378052461e-02	  -3.7123494733950518e-02	   9.8856078127251745e-01	   4.3868728492568249e-01	   4.6729187502783887e-01	   4.0407521776130062e-01	   2.9967458159099591e-01	   3.1369491670450966e-01	   5.7861850262137338e-01	   5.3149092230756378e-01	   5.9609237115772273e-01	   4.2198335239567519e-01	   4.3744433376933806e-01	   2.8029874160713930e-01	   3.7125508402410806e-01	   2.9691595424080586e-01	   1.9525672726004120e-01	   2.5576529041694845e-01	   1.3735688454871456e-01	   3.0500069297713939e-01	   1.3034842110815986e-01	   2.3634056313687102e-01	   5.6461824302104047e-01	   4.0853011549859147e-01	   1.9194045529429879e-01	   1.7487940304838487e-01	   6.1425412454924555e-01	   3.8880740552976617e-01	   4.6790782770026479e-01	   7.0027588119072171e-01	   4.5617140978121762e-01	   3.2987605815079374e-01	  -1.6604951926865327e-01	  -1.2443707448657383e-01	   1.8532157738940513e-01	   1.5748744362136291e-01	   4.6535821583444464e-01	   5.5000819683782298e-01	   4.2796261333220592e-01	   5.1149460715253592e-01	   1.3019856354334816e-01	   3.4196210018480766e-01	   7.6040911031295386e-02	   3.8577656123591486e-02	   1.2301065984061900e-01	  -9.3603183223701619e-02	  -8.4228201913149614e-02	  -1.5140347327525254e-02	   3.3499942060754090e-01	   2.3657838606777076e-01	   3.5938649520409810e-01	   2.0755846251903073e-01	   3.4894805488096692e-01	  -3.8801338294961474e-01	
   1.4073446664935893e-01	   1.3991887712785528e-01	   1.7141096872297615e-01	   5.6873127939649226e-01	   1.8618397280354165e-01	   1.3390437051525881e+00	   4.2161382707251455e-01	   7.8402323747439173e-01	   5.3258023617608807e-01	   0.0000000000000000e+00	   2.2876974477886880e-01	   5.7960408360830273e-01	   4.9642479082480145e-01	   7.7938710933021771e-01	   4.0634750146891857e-01	   9.9297330963781893e-01	   2.1696617238555840e-01	   2.8371625923114679e-01	   2.3013981391497640e-01	   2.4354520128831639e-01	   5.2232958111473937e-01	   4.3693359774314827e-01	   1.1082122474042941e-01	   2.8099821693579774e-01	  -3.6995966903602440e-01	  -4.4081556787410638e-03	   5.0270697381907425e-01	   7.0923993230192672e-01	   2.4304932660144277e-01	   4.1348637409527239e-01	   4.1238848007653184e-01	   7.0060625661005382e-01	   2.5396009328568425e-01	   4.5585824342278358e-01	   1.2336007479271641e-01	   1.5507771848549076e-01	  -3.9716804602682143e-01	  -9.9321186504274808e-02	  -1.9706320940693162e-02	   6.1783651823493040e-02	  -4.9723622122911865e-01	  -2.5216530047254404e-01	   7.3044842415780326e-02	   1.8234467118333339e-01	   2.2155345095905776e-01	   3.7838163482312609e-01	   1.3991809226942842e-01	   1.2415043190371591e-01	   2.0348847406419516e-02	   8.1384350080517864e-02	   1.0012478046927140e-03	  -7.3010581247228232e-03	  -3.0378996334462970e-02	   7.6588880866868880e-02	   8.2567755086118383e-02	   2.7771811637888277e-01	  -5.7247905212721136e-03	   1.4313575216166255e-02	   5.9122371524087704e-02	  -1.4730744833836604e-02	   2.6823047113654974e-01	   3.4574202027088996e-01	   1.3103659286103975e-01	   1.2693038779545518e-01	   4.0094974125946303e-01	   4.3422516819136381e-01	   6.9368345945656745e-02	   2.4840870095788614e-01	   5.1435023531847699e-03	  -6.7523321112326853e-02	   3.5249324800782739e-01	   5.9760342952497170e-01	   4.2081740068711809e-01	   6.3598597785989075e-01	   3.4230197387815675e-01	   5.3469678905046869e-01	   2.6540012579595668e-01	   2.7779101059548922e-01	   9.0766516073564507e-02	   1.2329231241640644e-01	   3.6091263648599664e-01	   3.2934484934429020e-01	   5.4022878240130127e-02	   3.0749869276722935e-01	   2.7897044538961852e-01	   3.9046349296304517e-01	   2.8742432957560499e-01	   4.2813026599576143e-01	  -3.5748364392356707e-02	   1.5192306987259691e-01	   2.1305934039374078e-01	   1.6147408234802491e-01	   3.5308515725165945e-01	  -1.1018469815244969e-01	  -8.6681700253753408e-02	  -2.4644583769845657e-01	  -4.0768086171909593e-03	   7.3138959525177932e-02	   2.2836802189875177e-01	   2.5134805886514544e-01	   3.5051674351725404e-01	   2.2638922739287010e-01	  -6.4179796812916981e-02	   1.0905754438155253e-01	   8.5497592653510493e-02	   5.1811705116836103e-02	  -8.3582419172899686e-02	  -2.9637040980568957e-01	  -9.4564635246320347e-02	  -2.2022377347375239e-02	   4.4415550678636097e-02	  -1.2922674924935529e-01	   1.0343627539463521e-01	   1.3670512286998577e-02	   2.6241930332963276e-01	  -2.1938923058806487e-01	
   7.1413260088102370e-01	   5.4617994424476712e-01	   4.4133285850585202e-01	   3.9879028108734610e-01	   4.3987394122252288e-01	   3.0089419322126154e-01	   7.0881078640909201e-01	   6.1880277815482621e-01	   5.1514607647516053e-01	   2.2876974477886880e-01	   0.0000000000000000e+00	   7.3965207527125543e-01	   1.1406908019137294e+00	   6.5669981078080453e-01	   7.1558811116325316e-01	   4.2848460027484486e-01	   9.0164353870365377e-01	   5.9098583805731797e-01	   6.8660936331244116e-01	   6.2320687830543564e-01	   3.2446462829296796e-01	   3.2216914327178803e-01	   3.8521246041183815e-01	   2.7262629441654168e-01	  -2.8797285142626920e-02	   8.8093267725033605e-02	   2.8751875399034527e-01	   1.7848375465773986e-01	   5.8941800400691013e-01	   3.9582464811311840e-01	   4.2675174675952299e-01	   3.5500599207017802e-01	   5.8148838550517601e-01	   6.1756755469811597e-01	   1.3129545599909408e-03	   8.5078140898741120e-02	   2.0787485873261141e-01	   4.1893111588497906e-01	   1.0778181424943782e-01	   3.0766729235860402e-01	  -1.0586880848087669e-01	   4.1052368424449709e-01	   6.5559192974784108e-01	   6.8609570700377354e-01	   4.5819851728447952e-01	   5.6659728983866176e-01	   9.7012237415582869e-01	   7.8755369434781841e-01	   6.9016866205438920e-01	   8.0688109562834931e-01	   5.0549074840011965e-01	   5.2140029826601031e-01	   5.1437598647940075e-01	   4.7064865394087474e-01	   5.8284212803001711e-01	   7.0843887764617997e-01	   2.5715269953490361e-01	   4.2552977312275819e-01	   6.2005824782761165e-01	   4.2517408008865243e-01	   8.5705725909160901e-01	   6.3900835942672862e-01	   4.7347363958084265e-01	   3.1735560305399796e-01	   3.5299947283355870e-01	   3.3329426261422440e-01	   1.3462726766624550e-01	   2.8011996502673353e-01	   2.9242074785925753e-01	   4.0927566430033469e-01	   6.4834079013397550e-01	   5.4753741882366491e-01	   8.9757422394171749e-01	   7.9403238540288545e-01	   7.1308719504259610e-01	   6.2660410625344620e-01	   8.1240092145389753e-01	   8.3194346525341623e-01	   7.9308668762692702e-01	   4.4366438947569226e-01	   6.9204369742916394e-01	   4.3218993027026481e-01	   2.7098397004783509e-01	   3.2032296724116188e-01	   5.1365342977228856e-01	   3.1493882571805348e-01	   1.4360653155928216e-01	   1.1635397311330552e-01	   5.9493613696544412e-01	   7.1508651714624427e-01	   3.3491923956055947e-01	   3.8753442356312789e-01	   2.3052295245578089e-01	   8.6770723898701801e-02	  -1.4884659474033851e-01	  -7.9835030709674445e-02	   4.4698141495325167e-01	   4.2644621212840572e-01	   7.3888628706435933e-01	   6.5742345133973012e-01	   3.3639406747891243e-01	   5.2510106765588194e-01	   2.1872007135047222e-01	   4.2871734899118547e-01	   8.2165044128260978e-02	   5.0244579730029160e-02	   1.8830720210205671e-02	   8.0937438339922799e-02	   6.4456200747642078e-02	   3.3043373950369737e-01	   5.9228865666326358e-01	   6.0995036548187098e-01	   7.7742348964165098e-01	   4.8898591236675987e-01	   3.9711700233451103e-01	  -2.9853437095919927e-01	
   6.9122775194280761e-01	   7.2493909509817545e-01	   5.0563718404145153e-01	   1.1727144488259065e+00	   4.6304590009486130e-01	   8.0263993460341576e-01	   7.3879002041542052e-01	   1.5955826712471419e+00	   5.6388425082409055e-01	   5.7960408360830273e-01	   7.3965207527125543e-01	   0.0000000000000000e+00	   8.1967982231351910e-01	   1.2506795695940440e+00	   4.8930121243310720e-01	   6.5583675956924747e-01	   5.2279992699763933e-01	   6.7925607166955926e-01	   4.0665502542935389e-01	   4.1820599321641083e-01	   3.9957744446667470e-01	   3.9455309809140632e-01	   3.5328473141134004e-01	   5.4450157648830033e-01	   7.4828408544355643e-02	   2.8197594788100422e-01	   3.5605480789960470e-01	   3.9706471072375693e-01	   3.9891164728572259e-01	   4.0345009782154267e-01	   4.0733292259929832e-01	   6.1709805735605006e-01	   4.4555060609397901e-01	   6.6749154572047920e-01	   2.6429691310420222e-01	   4.7539306869246800e-01	  -5.9849491023814441e-02	   2.5379354305188245e-01	   3.1467539162440744e-02	   3.4644832625991911e-01	  -3.2349734805253177e-01	   1.0708941948981580e-01	   5.3793757207479143e-01	   5.4578082283925433e-01	   5.3196009799594490e-01	   7.6759363485567422e-01	   6.9128304011780317e-01	   6.7947378315654883e-01	   3.9881804734034487e-01	   6.7740961062683980e-01	   3.3493561263515137e-01	   4.5571814891849860e-01	   2.6010123255183526e-01	   3.4541764562973720e-01	   3.6648625354811476e-01	   7.5157935319046287e-01	   3.1121886334155879e-01	   4.9398519251676687e-01	   6.3516412750130846e-01	   7.5039664595023925e-01	   8.2949696349320134e-01	   1.1490309931181280e+00	   3.9972592601084772e-01	   5.2506802588487400e-01	   5.2090421315678448e-01	   8.9597451793444749e-01	   2.9585200732449835e-01	   7.7197256026265693e-01	   1.5798826562959400e-01	   2.9870365590203651e-01	   5.4031183047038867e-01	   7.9352608040917338e-01	   6.8124433806644880e-01	   9.0506712256720101e-01	   6.2300395057828384e-01	   8.3813338257907199e-01	   5.2352522264403967e-01	   6.7363281977201106e-01	   4.4572687747569856e-01	   1.2212939960860371e-01	   5.8322918949583846e-01	   4.1361878004625718e-01	   1.5262473211450034e-01	   4.5744221312009431e-01	   4.9933630846467358e-01	   6.3998063102903713e-01	   2.8039144792460924e-01	   4.0227003946050244e-01	   3.6129714624644821e-01	   8.3653759824742913e-01	   6.4912220023585732e-01	   6.5810465310380728e-01	   7.4634977318337836e-01	   1.5917439293239319e-01	  -6.6692650221192459e-02	   1.3220999160624740e-02	   4.7689382692085491e-01	   4.3449601130432225e-01	   9.2245585295370969e-01	   8.1123331336830340e-01	   1.0020293253308612e+00	   6.2058192702500636e-01	   4.0644744565610197e-01	   4.0954407959703909e-01	   2.7683570949949299e-01	   3.0914147753226519e-02	   4.2427578771942942e-01	   1.6585709924834279e-02	  -5.9760930850632776e-02	  -5.9408801218213132e-02	   5.3975978062151575e-01	   4.4642552945247566e-01	   5.6717388746682695e-01	   3.2265498498201145e-01	   3.7636746875593768e-01	  -3.1747953550469815e-01	
   5.4884122937147861e-01	   4.6737492816024140e-01	   5.7000486909961356e-01	   5.0779541686989149e-01	   6.1333370956984334e-01	   5.1541697826439226e-01	   1.0176807720513670e+00	   7.8610294286243798e-01	   8.8581936446962983e-01	   4.9642479082480145e-01	   1.1406908019137294e+00	   8.1967982231351910e-01	   0.0000000000000000e+00	   9.9461940562236328e-01	   1.1528745009131411e+00	   8.2941169877250664e-01	   4.4202529149275993e-01	   4.9196256828534157e-01	   5.4148551045789950e-01	   4.2437316281764703e-01	   4.6683787906534657e-01	   4.4758216433506365e-01	   5.2823179240699303e-01	   4.6372414165483822e-01	  -3.4002461721145606e-02	   1.3426381817366656e-01	   4.6438317000568774e-01	   4.5446275518225276e-01	   4.4977899272605060e-01	   4.6662757106863095e-01	   4.5978868119512717e-01	   5.1009442516837511e-01	   4.5351932832601927e-01	   4.7564787440533546e-01	   6.1596380041926248e-03	   4.8332400431882694e-02	   9.4115006238288751e-02	   3.5175806186367120e-01	   1.7337996221453120e-01	   3.7481294933592146e-01	  -2.6494684610787056e-01	   2.8006470019364199e-01	   4.5998710846859081e-01	   5.7272433628337949e-01	   4.1653170164747921e-01	   4.5542494097091446e-01	   7.2387899721360138e-01	   6.8982706450574449e-01	   5.0834911488538936e-01	   5.2831662319103567e-01	   4.5154704385157213e-01	   3.6729807568279615e-01	   4.2516910257357138e-01	   5.0769107843772687e-01	   6.0054832592796403e-01	   8.3259042631368596e-01	   1.7192632090995780e-01	   3.1045998092308469e-01	   5.1911410624811638e-01	   2.5958760091677835e-01	   8.3166101697832640e-01	   4.8273998234825904e-01	   2.5488590271256961e-01	   2.2031993479766360e-01	   6.7868556787606427e-01	   3.6199507541070441e-01	   2.2440713953372599e-01	   2.9361275805444226e-01	   2.9991726512305483e-01	   4.1520757024950450e-01	   6.8867670188746244e-01	   5.6110435881333665e-01	   8.8224060141345639e-01	   7.6693808686252707e-01	   7.7531935924385076e-01	   6.4297913556335029e-01	   5.3188062264348512e-01	   4.8562103857809913e-01	   3.4990740918027408e-01	   2.5057576244206348e-01	   4.6823135650580777e-01	   4.3081941498750986e-01	   2.7893676622502583e-01	   4.6870758475528912e-01	   7.6109812666728882e-01	   4.2882520935922763e-01	   2.8990651185380567e-01	   2.9521542757958125e-01	   6.5805970711590056e-01	   6.0019872845321220e-01	   5.4000512842222725e-01	   6.4753227762309384e-01	   5.1767316790575968e-01	   3.0773433282658280e-01	  -3.7378890524094170e-03	   1.4048917723092087e-02	   4.6777506372468414e-01	   4.8221582143213948e-01	   8.1498943879205121e-01	   7.8373149695470590e-01	   5.2919840148604480e-01	   6.4833919534084250e-01	   2.9894245318695595e-01	   4.9234144480118858e-01	   2.5712018139733855e-01	   1.6519205349574989e-01	   1.2527397015545300e-01	   4.5984539713154790e-02	   2.8799234163297643e-02	   2.1590759368262860e-01	   4.5417770705843097e-01	   4.1602917042635723e-01	   6.1551011756163920e-01	   3.6081574535737776e-01	   4.9866184037186956e-01	  -2.7893982710056986e-01	
