   0.0000000000000000e+00	   1.6373851975095115e+00	   1.0987002007046576e+00	   8.9693585501953454e-01	   7.7018885333059994e-01	   6.0436317457893807e-01	   1.3103405310573217e+00	   9.5711330809001915e-01	   8.0488400019664674e-01	   7.6059543088680448e-01	   9.5772510660955945e-01	   1.1243698920688672e+00	   8.6872412241745567e-01	   1.2087648285318799e+00	   8.7758874958535016e-01	   1.0372521330587765e+00	   1.2964117821971741e+00	   1.2063004499739276e+00	   1.1412773067278419e+00	   1.1451849584311025e+00	   6.3059173026354698e-01	   7.6389536737230657e-01	   7.3688018353579698e-01	   6.8265236308835742e-01	   6.4086684592684628e-01	   6.8538359324583542e-01	   5.1546325804386384e-01	   7.1598072362512244e-01	   1.2067255515726996e+00	   1.1954809288130459e+00	   7.8319894046361460e-01	   8.4410509156935909e-01	   1.5795272417591106e+00	   1.3704030151903626e+00	   5.8282904801833268e-01	   6.0799593580308631e-01	   7.4227617257067491e-01	   8.9443689657639724e-01	   1.0345830246867735e+00	   1.0155614942658489e+00	   9.6321744110266172e-01	   1.0295556583205128e+00	   5.0882804801801373e-01	   4.7572375002148504e-01	   5.6383283573100129e-01	   5.2114327434912311e-01	   6.7347891278476835e-01	   5.9445271215546636e-01	   5.5220877918054889e-01	   4.8672593165172517e-01	   7.1610099416310047e-01	   6.6130011097748320e-01	   6.5212854728461711e-01	   4.9278293721738420e-01	   9.2359912841084602e-01	   8.4901357345646244e-01	   1.7780388466717405e+00	   1.4405795844463880e+00	   1.0140502388339139e+00	   8.0861763952350718e-01	   1.0571371276520061e+00	   7.5124339120529504e-01	   1.1292540407837901e+00	   9.5334207537431559e-01	   7.2798195036316549e-01	   6.8276496392695230e-01	   8.8576818619209918e-01	   6.9311830751587256e-01	   9.5157177990586184e-01	   7.3773515118098187e-01	   9.5265859081357740e-01	   9.0274844473451221e-01	   1.2860989375887835e+00	   1.3162396655796584e+00	   1.1203230332527541e+00	   1.1571044099402623e+00	   1.1571971709245941e+00	   9.6622231523872326e-01	   1.3206855625088150e+00	   1.1876679656487164e+00	   1.2324292316259373e+00	   1.1364186622281649e+00	   9.2555943640968796e-01	   1.0988369195472711e+00	   1.1791082281035621e+00	   1.1417788112624982e+00	   7.4917552753808569e-01	   7.1744642722619878e-01	   1.0145231375594210e+00	   1.0198806743674247e+00	   5.8379175022580310e-01	   5.4005493598643595e-01	   3.5278010940487298e-01	   5.0078892878449044e-01	   1.1948048441457869e-01	   1.6686889164527016e-01	   6.8079041663570405e-01	   5.8344279892797957e-01	   5.6690701253964093e-01	   7.3793139608955527e-01	   3.8849527178270515e-01	   7.4507244713842280e-01	   4.6477369351999243e-01	   6.3696878303899529e-01	   7.3173089714093287e-01	   1.2152326132770380e-01	   2.1005688641744494e-01	   3.0771004242655486e-01	  -9.6142184792157200e-03	   4.3068170868508254e-01	   7.3862088827701977e-01	   6.3691497772006256e-01	   6.0171678013795216e-01	   7.7877087903516229e-01	   6.0948389964260719e-01	   3.0199763182457412e-01	
   1.6373851975095115e+00	   0.0000000000000000e+00	   1.0896548999922275e+00	   8.8740883363306300e-01	   6.8009217247226383e-01	   5.7091640310874947e-01	   1.2248480821374330e+00	   9.7752930110067926e-01	   7.5890879315524917e-01	   6.9507767786307684e-01	   7.2777107899937366e-01	   1.2098381291111506e+00	   6.9750804041888004e-01	   1.0873936385091070e+00	   6.5985527350483142e-01	   8.8467704202848341e-01	   1.1586217203857188e+00	   1.5159222007496729e+00	   1.1292991367396703e+00	   1.4009548276808648e+00	   4.7305422193198654e-01	   6.2924210389936064e-01	   7.2124693928082395e-01	   6.5848296126804073e-01	   5.9702821360684144e-01	   6.2281559619737170e-01	   4.7404725913866552e-01	   6.0877855692750960e-01	   9.3335191884988489e-01	   1.2064429619208581e+00	   7.1918362439827421e-01	   7.5917779391404272e-01	   1.4301432023644236e+00	   1.3411922123397892e+00	   5.3348452370946964e-01	   5.9665249580431134e-01	   5.6990345320348967e-01	   9.1771233396490381e-01	   8.2374496586251178e-01	   1.0159336665665011e+00	   7.5381432534218962e-01	   8.9609867291826062e-01	   7.2056494307751795e-01	   6.6428707628544026e-01	   7.5243952404410575e-01	   7.1476469914222163e-01	   8.0645262501699511e-01	   7.6027076502717394e-01	   7.3267010562707680e-01	   6.6271706539537545e-01	   8.9557063584500329e-01	   8.1522649705704553e-01	   8.2497517144087673e-01	   7.0929851765511476e-01	   9.0000031072542708e-01	   9.6689828569334002e-01	   1.4594027467724173e+00	   2.1105874308527173e+00	   9.8896271158071125e-01	   9.5044737491993159e-01	   9.6758453055619209e-01	   7.1196091973458753e-01	   1.2343221577816530e+00	   1.1419190976552380e+00	   6.2790067395415627e-01	   5.6772901225612293e-01	   9.1578172840068550e-01	   7.6843579722353494e-01	   9.0194627667180205e-01	   7.8218041198131227e-01	   8.9443246501860996e-01	   9.5006046570286740e-01	   1.0243919595232032e+00	   1.2622637103211887e+00	   9.2739977854312783e-01	   1.1128759531422987e+00	   1.1046927287676573e+00	   1.0868138745273508e+00	   1.1690703359259196e+00	   1.2587733218254908e+00	   9.9496504342907566e-01	   9.4247175349373402e-01	   8.0603195829965701e-01	   1.0388482217747130e+00	   9.4963319042974914e-01	   1.0350649366126259e+00	   6.3246886535343705e-01	   6.2219906002665937e-01	   8.9681802085635121e-01	   9.3800480798915520e-01	   7.2541286819703421e-01	   6.1213528326070621e-01	   3.8986637507310185e-01	   5.4983138625449846e-01	   9.3786249976541211e-02	   2.0859666515942832e-01	   6.2460259816641828e-01	   5.5967040021601056e-01	   7.4514077696314085e-01	   8.8068398608519693e-01	   4.4489971036278841e-01	   8.2199095309189407e-01	   5.6281759335633108e-01	   7.2263318372205809e-01	   7.8015096174109411e-01	   1.5846068790756562e-01	   3.1086251844897489e-01	   4.3311861634546778e-01	  -5.7762936500031503e-02	   3.9217583352860597e-01	   8.0308277445332210e-01	   8.1909776163282211e-01	   7.7786085733744026e-01	   8.6448221297936778e-01	   5.7731301807249313e-01	   2.1543152178195588e-01	
   1.0987002007046576e+00	   1.0896548999922275e+00	   0.0000000000000000e+00	   1.0793542936257281e+00	   8.9495139024703541e-01	   6.0173274088941120e-01	   1.2847103024001814e+00	   8.6035121821411387e-01	   9.4310683436076570e-01	   6.5744812986237533e-01	   5.8098461059659701e-01	   7.9236939177376520e-01	   8.5080280541366604e-01	   9.8002030887279057e-01	   9.1996529765999624e-01	   1.0462380851817734e+00	   7.4456769841207016e-01	   9.3783779718244742e-01	   1.1204297208089267e+00	   1.0235965523313584e+00	   8.3422007073284921e-01	   1.0864842915466528e+00	   1.5169636349570264e+00	   1.2331200751573155e+00	   1.0084229636625408e+00	   9.8974837919126701e-01	   8.4976054044181903e-01	   1.0733815272816951e+00	   7.3164293234873701e-01	   8.7078446301225110e-01	   1.3397480650833282e+00	   1.3113367889510956e+00	   1.1931793992197839e+00	   1.1416628484738724e+00	   1.1347847235633066e+00	   1.0719129833558168e+00	   7.8081072933780737e-01	   8.9619972775340673e-01	   9.2475707277150287e-01	   8.8676407912445798e-01	   7.2888971792415402e-01	   7.1826739704814013e-01	   4.9504920662635343e-01	   4.2061362264873725e-01	   4.5552208209949591e-01	   4.0479088137744468e-01	   5.8676553678492571e-01	   5.2135256783236639e-01	   4.3284713917468848e-01	   3.5200107484937360e-01	   5.9840245664522940e-01	   4.9864076881603059e-01	   5.7935555802108696e-01	   4.2137502482181755e-01	   7.3002975285147520e-01	   7.0136039703105812e-01	   1.0339197729657883e+00	   1.0916862182126730e+00	   6.8891010843810108e-01	   5.5392525307258933e-01	   9.0697189566697145e-01	   6.4510525676408115e-01	   8.3192281320006367e-01	   6.9109438903228315e-01	   1.0897307023111595e+00	   8.8862542898626762e-01	   7.2967612252469183e-01	   5.4039505332483462e-01	   7.6550392522037747e-01	   6.1677859640535637e-01	   1.1534136001514770e+00	   9.0135481556764629e-01	   9.0218183225334148e-01	   8.2851211688593895e-01	   9.4091294381509449e-01	   8.7848733578395111e-01	   1.1664075018542051e+00	   9.8890871739967789e-01	   8.9667577975143797e-01	   9.0818941028379208e-01	   6.7223652949579349e-01	   8.8554144608937935e-01	   8.7260659024677312e-01	   9.2175189220900233e-01	   1.1704361643328673e+00	   1.2598170029082469e+00	   9.4778399198367624e-01	   8.3155041652431938e-01	   1.3063275718899225e+00	   1.0448167942217987e+00	   5.3881933221983158e-01	   7.2526663332038133e-01	   6.8053531803143974e-01	   9.0883114257178299e-01	   2.7900155378047414e-01	   1.7848380021396371e-01	   5.9147159045804698e-01	   4.2321354646637066e-01	   4.1567514940841999e-01	   7.0233566526925806e-01	   4.7263364154259535e-01	   8.6491018611594117e-01	   4.8020715694502264e-01	   5.4359011873826701e-01	   7.3118002767877710e-01	   2.8590659697464965e-01	   1.1979418126082211e-01	   1.6604911229295813e-01	  -5.5485322791898245e-02	   5.0181085048443586e-01	   9.2535361251249793e-01	   5.9755672312957908e-01	   5.8408979645498205e-01	   8.6231037752857098e-01	   7.6909285449952947e-01	   1.9334600493216447e-01	
   8.9693585501953454e-01	   8.8740883363306300e-01	   1.0793542936257281e+00	   0.0000000000000000e+00	   6.8418451095249855e-01	   7.3989362035694517e-01	   1.1183225733431925e+00	   1.4750330625516039e+00	   1.0830555291260251e+00	   1.1549509337712549e+00	   4.1765604317276683e-01	   8.8824215277852636e-01	   6.2925023325838636e-01	   1.0621352780391771e+00	   7.1806794321824008e-01	   8.8880445650019513e-01	   6.4210192106441921e-01	   7.1975705283430846e-01	   9.9301964652939001e-01	   1.0524096139942556e+00	   4.5851792436026340e-01	   8.1621923226338899e-01	   9.2617148812488859e-01	   1.1079048374986709e+00	   4.4727360929447940e-01	   6.3515194681740106e-01	   3.8448172036697320e-01	   6.9413883446331925e-01	   6.5701589746790368e-01	   8.7438092187552996e-01	   9.2434153639635364e-01	   1.1910621428555257e+00	   9.4907771210849978e-01	   1.2023268877338047e+00	   6.6934826995780150e-01	   9.0051223268959601e-01	   4.8789820155114871e-01	   8.1830386250988707e-01	   7.2437110198754151e-01	   8.5592471774401269e-01	   6.4028213433944159e-01	   7.6674073589813374e-01	   7.1311660376851971e-01	   6.3595641039126716e-01	   6.0560681280852413e-01	   6.3296664165954197e-01	   6.5863784167747275e-01	   6.6093916613984038e-01	   5.1458722154744108e-01	   5.2782712072892557e-01	   6.8986242175813961e-01	   6.6123509729785757e-01	   6.8202719553795088e-01	   5.5691707183034911e-01	   6.9248846413901455e-01	   7.8532333560242518e-01	   9.3291511970550711e-01	   8.6179189090840214e-01	   8.8508841464154853e-01	   8.7898714600848427e-01	   1.1137857108182987e+00	   1.2195502293697487e+00	   6.7132791719515339e-01	   6.8448532804725903e-01	   1.0784251484792720e+00	   1.3087097241235361e+00	   8.0213419471473457e-01	   7.5291600097614664e-01	   7.6665231263453482e-01	   8.3779502683690477e-01	   9.7987896847245959e-01	   1.0882586018071458e+00	   7.6435366613910660e-01	   8.6318926432169962e-01	   7.9724674522805017e-01	   9.2240876099844071e-01	   1.1185297404127106e+00	   1.1715102396128982e+00	   7.8060915177837975e-01	   8.7352527146021763e-01	   5.9086574970630590e-01	   6.2715257583233164e-01	   7.6710138476971235e-01	   7.6864449377854605e-01	   7.4831883157587575e-01	   1.1118297483998443e+00	   6.7198143440383695e-01	   8.0133967986579946e-01	   9.1861984693491794e-01	   1.2011744802854407e+00	   8.2589255956920782e-01	   7.5154909139781267e-01	   7.2659253051793193e-01	   6.3066758507588805e-01	   2.5446873215778398e-01	   2.4698013041153011e-01	   4.7804856221167635e-01	   4.4419349802403552e-01	   5.8873158901165756e-01	   7.4819420512916013e-01	   9.3913854643101580e-01	   8.8879329893041770e-01	   8.3024739143347581e-01	   7.1631461984665012e-01	   9.8809404827009262e-01	   3.7597047221929220e-01	   4.7568378827602031e-01	   4.1184412433447271e-01	  -3.3925560921209831e-02	   4.6430849477747232e-01	   7.4801494791582157e-01	   6.3585760621302068e-01	   7.0407791811164144e-01	   7.9727182144825604e-01	   8.3730816549085429e-01	   2.2911388012628861e-01	
   7.7018885333059994e-01	   6.8009217247226383e-01	   8.9495139024703541e-01	   6.8418451095249855e-01	   0.0000000000000000e+00	   1.4217405839074670e+00	   8.2970422323649584e-01	   5.8750022085108733e-01	   9.3186830779598639e-01	   8.9226146568566445e-01	   3.6850972586367886e-01	   3.8028502866744024e-01	   5.9843640260196229e-01	   5.6947717776894857e-01	   7.7666323708702012e-01	   8.5058310071940313e-01	   4.7242858422168110e-01	   5.6129987927554192e-01	   9.3068201435189368e-01	   7.9458212858089938e-01	   5.9598534881958387e-01	   8.8681546130136235e-01	   8.5038954166046210e-01	   6.7358428300276907e-01	   9.7656152031129650e-01	   1.1573313385506616e+00	   6.5326387144487996e-01	   8.4021749746798424e-01	   5.1731373543676662e-01	   5.7232061299607251e-01	   8.5546374576026984e-01	   7.7958155485191738e-01	   8.7095975950707727e-01	   8.3621509264196658e-01	   8.6534051931310030e-01	   8.9099695786813027e-01	   6.8449882665362571e-01	   7.3181644860703909e-01	   8.7706382052241838e-01	   7.6740838225284824e-01	   5.9963755852758893e-01	   7.1753135076715990e-01	   1.6619993936922736e-01	   1.1176449162193546e-01	   3.1841495315459395e-01	   2.1938207256955244e-01	   2.1129543813108032e-01	   1.7079808624927550e-01	   5.4560885503742614e-02	   2.6703992688992515e-02	   2.5677144385937301e-01	   1.9484182395541633e-01	   1.8094064204983135e-01	   1.3636683565162450e-01	   4.2282768334440890e-01	   3.8097621628729478e-01	   7.7229447178452115e-01	   6.1855025771541450e-01	   4.3446759929943912e-01	   3.1259734612159895e-01	   6.6209960219507424e-01	   5.3852192941027821e-01	   4.1308181386195286e-01	   4.6421610288136794e-01	   9.3289615273912541e-01	   8.4728566803618799e-01	   6.5727966049565634e-01	   5.5676255625558824e-01	   6.6932416513619841e-01	   6.1682399899425944e-01	   8.4042814535875232e-01	   6.9506533060542164e-01	   6.4171613384596671e-01	   6.0080024332401505e-01	   7.1672493688879491e-01	   6.6456739321298985e-01	   6.4136599201251765e-01	   6.1436030859388047e-01	   6.3002694742901344e-01	   5.7338829433135108e-01	   5.9692875928629063e-01	   8.1575214641653582e-01	   7.3943098242373295e-01	   8.0735596188737557e-01	   8.7919919813145442e-01	   9.3555639118501821e-01	   7.1235407419383823e-01	   7.0933541002406109e-01	   9.4593010136050670e-01	   7.9526474069171205e-01	   3.8021247115833623e-01	   7.4061706458556198e-01	   6.0977576507642328e-01	   8.3736587657453332e-01	   2.0692882354358566e-01	   1.6931137864405446e-01	   4.5669740928190111e-01	   3.4534909221747223e-01	   2.2625931701327326e-01	   4.9988778018243663e-01	   1.9861960029920275e-01	   6.5545305792361952e-01	   2.0932834846439272e-01	   4.8161889934337432e-01	   5.5610591768017792e-01	   3.5587509599906858e-01	  -2.3953055767244286e-02	   9.7026368945282312e-02	   6.9427408351347336e-02	   3.9756793295474102e-01	   7.3213910395295456e-01	   3.2790110947773049e-01	   3.6009702860862658e-01	   6.3359982872985432e-01	   4.5615792749577955e-01	   1.5771474089376875e-01	
   6.0436317457893807e-01	   5.7091640310874947e-01	   6.0173274088941120e-01	   7.3989362035694517e-01	   1.4217405839074670e+00	   0.0000000000000000e+00	   6.8103135969638084e-01	   6.9945145983574897e-01	   7.9189521324309819e-01	   1.1314971552500706e+00	   1.9981826991429902e-01	   4.0548566113697115e-01	   3.6739153559752036e-01	   4.8567011522376269e-01	   5.0942213210449283e-01	   6.1959247716073129e-01	   4.4230751177604777e-01	   5.0647271935795291e-01	   6.6776302633316342e-01	   6.9745575618444222e-01	   3.4570091982984852e-01	   6.5537774610385613e-01	   5.4202076190684412e-01	   5.1160101952848491e-01	   5.8697203576475310e-01	   9.6604365213518761e-01	   3.8622617009181992e-01	   5.8921025911774927e-01	   4.7798477989409960e-01	   5.8165167878736246e-01	   6.4341157441005525e-01	   6.7315398646826896e-01	   7.8381591328088263e-01	   8.6530726611924691e-01	   6.5057154610592205e-01	   8.3456174683074602e-01	   4.6735635314135598e-01	   6.3564472406537464e-01	   7.1646569443601016e-01	   7.0018191586706091e-01	   4.4164284237563312e-01	   5.8398231642848752e-01	   2.5153988144865735e-01	   2.2252884505433673e-01	   4.6587471636625055e-01	   3.8057354666418408e-01	   2.7967861424843071e-01	   2.4955739636374724e-01	   1.0227462237627112e-01	   1.0079482356694949e-01	   3.1333457389009195e-01	   2.7190674775390833e-01	   2.0911771579299865e-01	   2.1172057219000009e-01	   4.5101819585557207e-01	   4.2220262487169014e-01	   7.0635636401621071e-01	   5.1153727824569151e-01	   4.6378105108446388e-01	   4.1753940958272628e-01	   6.5490555768787218e-01	   7.6654163350273874e-01	   3.7657621637932726e-01	   5.4937534678829714e-01	   7.9944774547320896e-01	   9.2019271436857653e-01	   6.9555658096040385e-01	   7.4840573668939347e-01	   5.6115429073473178e-01	   6.8799978007219731e-01	   6.2993724512671434e-01	   6.6444308183562184e-01	   5.9107837864859336e-01	   6.3330182057147655e-01	   6.5728042881110582e-01	   7.0069232995352027e-01	   5.6445862776951372e-01	   6.6766458402883755e-01	   6.3069287084750880e-01	   5.7918138093546712e-01	   5.5904825732409458e-01	   6.6272977110805653e-01	   5.5976396612070445e-01	   6.5646815408638504e-01	   6.2861460012003256e-01	   8.0678613737146354e-01	   5.3745084117432784e-01	   6.5378137522803315e-01	   6.9120006381374766e-01	   7.1084266258989137e-01	   4.5525901562010324e-01	   5.6614463417927774e-01	   4.9195349082278333e-01	   5.6326624003767256e-01	   2.2122798316654499e-01	   2.6451417100992414e-01	   4.2588659166055076e-01	   4.0256536695730338e-01	   3.4053602423670992e-01	   4.2896786058025527e-01	   2.9351430532284739e-01	   5.2550476839661731e-01	   3.2561932407584143e-01	   4.8880428453238728e-01	   6.0505949627364397e-01	   3.9074871614921985e-01	   1.3051932869585703e-01	   2.0375246899809468e-01	   1.3561230925802950e-01	   4.0157931426814480e-01	   6.5936996166416972e-01	   3.5983718956040445e-01	   4.1845199307053793e-01	   6.4497003410979359e-01	   4.0174997411856150e-01	   2.2334984087617180e-01	
   1.3103405310573217e+00	   1.2248480821374330e+00	   1.2847103024001814e+00	   1.1183225733431925e+00	   8.2970422323649584e-01	   6.8103135969638084e-01	   0.0000000000000000e+00	   1.3808518063642785e+00	   1.4514724488835544e+00	   1.0073451134182043e+00	   8.0210604215389858e-01	   1.1386629184888835e+00	   1.0278200644624902e+00	   1.2787439926379054e+00	   7.9362662429987008e-01	   8.8420554831417275e-01	   1.0670263517750223e+00	   1.1766293392350313e+00	   1.0292043142212772e+00	   1.0162296519762384e+00	   4.9570249037901182e-01	   7.1287059917643048e-01	   7.6043021131121702e-01	   6.7873342735249242e-01	   5.2042228155533721e-01	   6.1872468049644580e-01	   4.0373051156778378e-01	   6.1227603441434919e-01	   1.0272964134688840e+00	   1.2592104063565730e+00	   8.0032365548533213e-01	   8.8402785657298000e-01	   1.2484033211033414e+00	   1.3184630375225517e+00	   6.4902102513407633e-01	   7.4415056143658864e-01	   6.2408373229995540e-01	   8.4115635254003640e-01	   8.3509443974923547e-01	   8.7496985693816554e-01	   8.1503844104658252e-01	   8.6639952204656123e-01	   6.3878526258353641e-01	   5.7444693032853766e-01	   6.6659487369387704e-01	   6.3057444220129688e-01	   6.9384046235951835e-01	   6.4620442215941643e-01	   6.0716236607238261e-01	   5.5671934331679673e-01	   8.2885284303661011e-01	   7.5442785499112863e-01	   7.5396829179154856e-01	   5.9194884439634099e-01	   8.9824224576668377e-01	   8.6272987688516889e-01	   1.1839080727439244e+00	   1.0547431074094888e+00	   1.1417007438602649e+00	   8.9522815111900522e-01	   1.3762678676822386e+00	   9.5175417845934496e-01	   9.3727197602168821e-01	   1.0021631350240805e+00	   9.0966869694599739e-01	   8.7606017162670680e-01	   9.5682019079949154e-01	   7.7829321830113840e-01	   7.4244358871879168e-01	   6.5508918576245023e-01	   9.8572158268546362e-01	   9.4680984058523088e-01	   1.0576984589147926e+00	   1.1760344350689758e+00	   9.7710123090703005e-01	   1.0472753954843717e+00	   1.1743386214836333e+00	   1.1123410326492000e+00	   1.0757394554918551e+00	   1.1851364830478970e+00	   9.1444322966211300e-01	   9.5142221081038847e-01	   7.2286856415695455e-01	   9.3985619203298576e-01	   9.9971760891639527e-01	   1.2260233403940985e+00	   5.5664467928063432e-01	   5.8314836802590964e-01	   1.2596225157127672e+00	   1.1248143963043669e+00	   7.1614265808649169e-01	   7.2683129260769519e-01	   4.9146311585151065e-01	   6.5190498609690273e-01	   2.2590024287952737e-01	   2.0696142950907134e-01	   5.5921607510649052e-01	   4.5921101954350685e-01	   6.1424052823865727e-01	   8.2385433592083879e-01	   6.0022567457360321e-01	   1.0635602704512301e+00	   6.3743908685679418e-01	   8.0748861330412747e-01	   8.7787007031301656e-01	   2.1917374863188441e-01	   3.3087920062282000e-01	   3.5385912092399213e-01	  -6.1553177818588073e-02	   3.7832031900376001e-01	   6.6038531168562442e-01	   6.9098505503531016e-01	   7.4724441434434741e-01	   9.0511724573158514e-01	   6.2571784475519243e-01	   2.2667761565074290e-01	
   9.5711330809001915e-01	   9.7752930110067926e-01	   8.6035121821411387e-01	   1.4750330625516039e+00	   5.8750022085108733e-01	   6.9945145983574897e-01	   1.3808518063642785e+00	   0.0000000000000000e+00	   1.1926113616006597e+00	   1.2495566490405370e+00	   5.3199364379396497e-01	   1.2166938386770823e+00	   6.5598553480246280e-01	   1.1830410641504625e+00	   5.5302074826777259e-01	   6.8227087731213221e-01	   9.0992277831777879e-01	   9.0576902243385837e-01	   8.7507991829887466e-01	   1.0456599772564021e+00	   2.7380037275450636e-01	   5.6849670659125984e-01	   5.6858253210619125e-01	   6.1889547282427382e-01	   2.6719338350944555e-01	   4.5448999128847339e-01	   2.2653694393133905e-01	   4.4156246502457780e-01	   7.8587216572695240e-01	   1.1219268560645104e+00	   6.1218991279726298e-01	   7.9649189948788712e-01	   1.0089537472704804e+00	   1.3143795318975260e+00	   4.8820693882683691e-01	   7.2864661609964332e-01	   4.2825464863285334e-01	   7.2255484500706380e-01	   6.5983455605263519e-01	   7.9365543142973916e-01	   6.5925360992373516e-01	   7.4359180738492547e-01	   9.3962574670462695e-01	   8.7249800116740439e-01	   9.2424458307789914e-01	   9.5513168454484898e-01	   8.7015347171153856e-01	   8.7673211445275223e-01	   7.7537401802045636e-01	   7.9406104610523576e-01	   1.0213292477045430e+00	   9.9808276790198991e-01	   9.2316775591307754e-01	   7.9920410401658171e-01	   9.3884352228128687e-01	   9.9068098767729473e-01	   9.9361161146927335e-01	   8.4453926419713143e-01	   1.3389601519385352e+00	   1.3461546320354238e+00	   1.3363898094245075e+00	   1.4994407222921784e+00	   8.5516265851762163e-01	   1.0369591276987546e+00	   7.8552383239628898e-01	   1.0105095793770489e+00	   1.1202560219164428e+00	   1.1077301890723288e+00	   8.2488262112394917e-01	   9.4664785927948092e-01	   7.6155413778488135e-01	   9.3706143498880445e-01	   7.5203960448571405e-01	   9.8653068165388802e-01	   6.9181903663668287e-01	   8.6478814842705543e-01	   1.0133506650699460e+00	   1.1855461024630247e+00	   8.8740361518372246e-01	   9.7615433236235349e-01	   7.7910314714406192e-01	   6.1462214837690621e-01	   6.8153536323239061e-01	   8.0638838696949611e-01	   6.8883952070486620e-01	   1.0102816337092202e+00	   4.4277354588750428e-01	   5.1239574289256051e-01	   8.7352136558612958e-01	   1.1069539266606008e+00	   1.0762335281386688e+00	   7.5587536567150237e-01	   5.7196988504043877e-01	   5.3611940717978479e-01	   2.2230279131764463e-01	   2.5434493224965948e-01	   5.4128541839094479e-01	   5.2359615205472709e-01	   8.5596903687840509e-01	   8.6338220986934666e-01	   1.0382886004574374e+00	   1.0655611787713262e+00	   1.0366698902013862e+00	   1.0295418929683706e+00	   1.0276162818391030e+00	   3.2670841362670605e-01	   6.8240790656578532e-01	   6.2355978867800055e-01	  -3.9244362584010650e-02	   3.4455877963521098e-01	   6.5154864107447119e-01	   7.6893718194149796e-01	   9.4409963409349740e-01	   8.7734769377091792e-01	   6.7170868465758871e-01	   2.1742508300518709e-01	
   8.0488400019664674e-01	   7.5890879315524917e-01	   9.4310683436076570e-01	   1.0830555291260251e+00	   9.3186830779598639e-01	   7.9189521324309819e-01	   1.4514724488835544e+00	   1.1926113616006597e+00	   0.0000000000000000e+00	   1.2857386284140928e+00	   5.6324301328478721e-01	   7.6964136932155169e-01	   9.7061770837333783e-01	   9.9785892960498390e-01	   7.7285255439401779e-01	   7.9909119270993190e-01	   6.7996899573368497e-01	   7.7291507691387540e-01	   9.2951700727250630e-01	   8.0341346507156952e-01	   3.7617642244390925e-01	   6.8793780368747659e-01	   7.1231560535065130e-01	   6.4286850966199538e-01	   4.0723683736711669e-01	   5.2567848547173457e-01	   3.2270580743303878e-01	   5.4626736624888461e-01	   6.9962061138746956e-01	   8.9989345609127513e-01	   6.9511492253430074e-01	   7.5780622098700168e-01	   8.1026476275846249e-01	   9.1633001918383816e-01	   5.6946035887477420e-01	   7.1230750468279824e-01	   5.5509387136612709e-01	   7.8712207780196286e-01	   7.0442363784920115e-01	   7.7291415581824519e-01	   7.1573210249640551e-01	   8.3408306197563653e-01	   5.5857259891303723e-01	   4.7877207622764606e-01	   5.5348279575627624e-01	   5.2946838040887256e-01	   5.1741748616406080e-01	   5.2047306998734633e-01	   4.2194867215338550e-01	   4.3785855662954654e-01	   6.2217774431916406e-01	   5.7860692785415713e-01	   6.1640581197936073e-01	   5.0026202080969651e-01	   6.5703950138315370e-01	   7.1570042562563030e-01	   7.7638413031817766e-01	   6.7637698815888758e-01	   8.9170251762792541e-01	   7.4969334120593878e-01	   1.3269727627861205e+00	   9.8707973672051164e-01	   5.6591093168327011e-01	   6.6326975773217278e-01	   1.0144506060269449e+00	   9.6270601101955211e-01	   7.6888791493295705e-01	   6.7525969161136357e-01	   6.4198502242647104e-01	   6.3136212035762962e-01	   8.8211314796023876e-01	   8.9768038016859708e-01	   7.2332906637760597e-01	   8.2831122068574592e-01	   7.3331291371709861e-01	   8.0520288109759330e-01	   8.9361575611583444e-01	   9.4979620093521888e-01	   7.1183752344385121e-01	   8.4028770248681339e-01	   6.0058920295905238e-01	   7.1759925552021209e-01	   6.3419709848865036e-01	   7.5082362542508918e-01	   7.5388870476158798e-01	   1.0186416492758379e+00	   4.3786917910595796e-01	   5.2260256754197421e-01	   1.1322902495219593e+00	   1.1343880724149493e+00	   7.8388591504259075e-01	   9.7516244500422777e-01	   7.0240540029518150e-01	   7.8007884917171755e-01	   2.6510471609116898e-01	   2.4125064651811171e-01	   4.3023597351599663e-01	   3.5444721685153951e-01	   5.3167302005617856e-01	   8.5185627534313113e-01	   7.1901896071419369e-01	   1.1692656095585630e+00	   5.7479790632100525e-01	   8.5278147499974533e-01	   8.2686505543515665e-01	   3.6647839161098555e-01	   3.7101551836696472e-01	   3.9002475589885993e-01	  -4.8500967574744737e-02	   3.3961680494319008e-01	   5.6047323684559291e-01	   6.3057259869725379e-01	   7.3705755431898778e-01	   8.0376996955211244e-01	   6.1894040674737416e-01	   1.6038809596406303e-01	
   7.6059543088680448e-01	   6.9507767786307684e-01	   6.5744812986237533e-01	   1.1549509337712549e+00	   8.9226146568566445e-01	   1.1314971552500706e+00	   1.0073451134182043e+00	   1.2495566490405370e+00	   1.2857386284140928e+00	   0.0000000000000000e+00	   4.8505747291887347e-01	   7.5892329275382520e-01	   7.3103369717948796e-01	   9.4966624547098522e-01	   6.9118610113358225e-01	   8.3327525472476760e-01	   6.1031517710935468e-01	   6.3104043046490255e-01	   7.1729922395564671e-01	   7.3453322019436507e-01	   2.7933352957312757e-01	   6.0797891945674587e-01	   5.1784675258104629e-01	   5.8168897761517313e-01	   3.0226050311598562e-01	   5.3649079852547088e-01	   2.3500723442139210e-01	   5.0118033660510009e-01	   6.1478444717636582e-01	   8.2889778306131623e-01	   5.2652943479128811e-01	   6.6799131034514803e-01	   7.7035316696964906e-01	   9.5140662292013944e-01	   4.6364707505270564e-01	   6.9512710174207870e-01	   5.1111410839983806e-01	   8.1398434497486316e-01	   7.7402757450276072e-01	   8.7531441787678133e-01	   6.8613611661298768e-01	   8.7341719043221611e-01	   5.1735191311091144e-01	   4.8683130008778203e-01	   6.2914045904365801e-01	   6.0348127971502041e-01	   4.9559513923926879e-01	   4.9860900900897781e-01	   3.6265870642046455e-01	   4.0204444222582558e-01	   5.5852713211044580e-01	   5.5449912262822643e-01	   5.0788944097752586e-01	   4.5309440042140015e-01	   6.4730152954791631e-01	   7.1858127152004347e-01	   7.7328141489831248e-01	   6.0441136682888086e-01	   8.5569876507872844e-01	   8.0276401140085485e-01	   1.2227312006699920e+00	   1.4043184185693733e+00	   4.7641844685457102e-01	   6.5773065523741914e-01	   9.6296193159702204e-01	   1.2003815930324966e+00	   7.8418032551417649e-01	   8.2320730329799630e-01	   6.2384911513335217e-01	   7.9222889449579803e-01	   6.7245294625889851e-01	   8.2819343154539715e-01	   6.5604488442352282e-01	   8.0243025787358224e-01	   6.9947893975161057e-01	   8.3560372059835375e-01	   7.6938904383778817e-01	   9.0964367672862778e-01	   7.0862363513861470e-01	   7.7511514825616079e-01	   6.2041302059521031e-01	   7.0834810499351630e-01	   6.6691569900563064e-01	   7.8807990689458762e-01	   6.8600229316333572e-01	   1.0295247048900513e+00	   4.8327236525459477e-01	   6.4647358559439827e-01	   9.1040305679932287e-01	   1.1809914867984979e+00	   7.4676673983122344e-01	   7.4326371205686170e-01	   5.8324160272457526e-01	   5.4732719545137509e-01	   2.4710205465290430e-01	   3.2040903830660566e-01	   4.4388868011160187e-01	   4.5273179189830171e-01	   5.6207793930369476e-01	   7.0170348188247111e-01	   6.8022686603232740e-01	   8.5382665179429185e-01	   6.0499081972371038e-01	   7.3704061505287288e-01	   8.6173743673762937e-01	   4.0920687845467901e-01	   3.9321581623185153e-01	   4.3126505076779353e-01	   7.9688187495868548e-02	   3.4956322642210841e-01	   5.4825360730401318e-01	   5.8196272309031738e-01	   6.7303862624471944e-01	   6.5670849057141312e-01	   5.5246051135290397e-01	   2.5835771933003526e-01	
   9.5772510660955945e-01	   7.2777107899937366e-01	   5.8098461059659701e-01	   4.1765604317276683e-01	   3.6850972586367886e-01	   1.9981826991429902e-01	   8.0210604215389858e-01	   5.3199364379396497e-01	   5.6324301328478721e-01	   4.8505747291887347e-01	   0.0000000000000000e+00	   8.1354157348802691e-01	   1.3509489592302455e+00	   1.0687791436647534e+00	   8.9117055991052019e-01	   8.2331308048895879e-01	   8.2970673763247693e-01	   6.5611739578617734e-01	   5.8603738132517835e-01	   4.5366696762417480e-01	   5.4375169159551040e-01	   4.8583746859080945e-01	   3.8050675630622433e-01	   3.6390873088300635e-01	   3.2300402912000958e-01	   2.9735779266037710e-01	   4.3894552227490968e-01	   5.3501776524153843e-01	   8.9475813320273623e-01	   7.1082187090549542e-01	   3.1748051066891680e-01	   3.6400316461913390e-01	   6.3132465424517614e-01	   5.2671424311181825e-01	   2.9292787919801716e-01	   2.7199454500620457e-01	   6.8539420907477611e-01	   6.1775433056278806e-01	   7.3338975555369934e-01	   6.1157947629561049e-01	   8.1288211563530643e-01	   7.6831356131614204e-01	   2.1381102655434819e-01	   2.3846540109253997e-01	   2.7616880455271464e-01	   2.3632608936385710e-01	   4.0939709627559601e-01	   3.5369278315665420e-01	   3.2741413038102762e-01	   2.9525197448560969e-01	   3.6199817540733403e-01	   3.6164122024725393e-01	   3.6720712543187817e-01	   2.4470312946106765e-01	   6.2380918863399681e-01	   5.3673676771946843e-01	   6.4043958397064116e-01	   6.3217220944666541e-01	   5.9521306191190548e-01	   4.2936168751528958e-01	   8.1445023145229056e-01	   4.3667705792475076e-01	   5.7868935551546086e-01	   4.7718944930048857e-01	   5.3462708094959566e-01	   3.6400286240479696e-01	   3.8283721340182009e-01	   2.6228947176396117e-01	   3.9259330291506173e-01	   3.1278215195730824e-01	   4.8370987007571908e-01	   4.3435503474947962e-01	   7.2976922064113547e-01	   6.6138801333551067e-01	   6.5791293821281660e-01	   5.8539252954511101e-01	   6.8681174595570282e-01	   5.2760634067038337e-01	   7.5788910100696172e-01	   7.3102791052282778e-01	   8.2731847520127866e-01	   9.6198339502966290e-01	   6.4155299934687959e-01	   7.6367461555543259e-01	   9.4434025127950838e-01	   7.6974417362944325e-01	   4.7354667057631372e-01	   4.6577780158603554e-01	   7.7884196451201548e-01	   6.4133769141269392e-01	   3.0984617685240806e-01	   3.2364416167311755e-01	   1.9636358262429005e-01	   3.0252757561562604e-01	   2.0162131297782032e-01	   1.6271277197777409e-01	   4.8815861650014225e-01	   3.5150653987453212e-01	   3.2372160338025463e-01	   5.4558250952359355e-01	   1.8221857086658144e-01	   4.7307067016486487e-01	   1.5263494229900051e-01	   3.4479932296393540e-01	   3.3488964429481005e-01	  -3.3909367995279951e-02	   5.6432922528868820e-02	   1.4953737912369919e-01	   2.8794365516930806e-02	   2.9506416643170136e-01	   3.1658032393494578e-01	   4.7370153113470848e-01	   4.0369746764091974e-01	   3.3404268482069782e-01	   3.4773996756793518e-01	   2.4860038403024953e-01	
   1.1243698920688672e+00	   1.2098381291111506e+00	   7.9236939177376520e-01	   8.8824215277852636e-01	   3.8028502866744024e-01	   4.0548566113697115e-01	   1.1386629184888835e+00	   1.2166938386770823e+00	   7.6964136932155169e-01	   7.5892329275382520e-01	   8.1354157348802691e-01	   0.0000000000000000e+00	   7.4638907748987504e-01	   1.5183244091481471e+00	   5.3085769219203049e-01	   7.4052012223359354e-01	   1.2239497337257608e+00	   1.1670302451776657e+00	   7.2277376356130407e-01	   9.3354401158014799e-01	   3.0816709121314395e-01	   4.4461220280231140e-01	   4.8477959925768566e-01	   5.3392560185020288e-01	   2.4821762170761064e-01	   3.4226540922836124e-01	   2.7185526949129030e-01	   3.9491972697871247e-01	   9.7495244114111146e-01	   1.3244986782899846e+00	   4.7927512767341718e-01	   5.8065136798558448e-01	   1.0153059870243517e+00	   1.0943379922500358e+00	   3.4638601730240942e-01	   4.7642163142974470e-01	   5.2234969358829098e-01	   8.0885168521171047e-01	   7.4295835583996750e-01	   8.8824289951034241e-01	   8.0639384633997369e-01	   8.3430454596694759e-01	   8.2537852350397922e-01	   8.1280061802881232e-01	   8.2294963151342382e-01	   8.5535141617159094e-01	   9.7454323618757432e-01	   9.2868744087589561e-01	   8.9168379841760836e-01	   8.4892481206526926e-01	   1.0340152055137983e+00	   1.0318000896980122e+00	   9.8879987019211835e-01	   7.9072528296834554e-01	   1.0996859060090356e+00	   1.1672870210974517e+00	   1.0894628301660902e+00	   1.0838269406733501e+00	   1.2363458343251101e+00	   1.1691728574684750e+00	   1.2453789289344490e+00	   1.0427384044589529e+00	   1.2128495050725068e+00	   1.2817378230065231e+00	   5.4075062712442623e-01	   5.7761016104197160e-01	   8.5738316497229894e-01	   8.0715413215381826e-01	   7.6331106302679608e-01	   7.9074592439623215e-01	   6.7199060811000144e-01	   8.0432977984336240e-01	   8.9990192801851232e-01	   1.1400820921625270e+00	   8.1015211969941692e-01	   1.0139738615394502e+00	   1.0526571839491232e+00	   1.1104389410537883e+00	   1.1665336027284736e+00	   1.2724849710312209e+00	   9.0686754121971191e-01	   8.1979180477041791e-01	   6.5642855419981760e-01	   8.4271961313161992e-01	   7.5502090122432508e-01	   9.7852541038037388e-01	   4.7565495663847457e-01	   4.9220463715414353e-01	   8.2431933209568198e-01	   9.9917953242258639e-01	   8.3258032746557442e-01	   5.0765944338994939e-01	   3.6521187992821619e-01	   4.1742247802534238e-01	   2.1808165095888329e-01	   3.1650190153474411e-01	   6.0358596045456447e-01	   5.8950543615654605e-01	   8.3733517157496173e-01	   8.1454774139915909e-01	   6.2257777179310958e-01	   8.5835329778996750e-01	   6.5609131793745101e-01	   7.2451645222037442e-01	   7.7091087123226809e-01	   1.8791602604398117e-01	   4.5442004519715767e-01	   5.1362014240373643e-01	   2.2890164977834349e-02	   4.7254433516404687e-01	   6.3852797593916244e-01	   8.7136055683697489e-01	   9.0582029238443051e-01	   7.7843314879816317e-01	   5.7112922849329184e-01	   3.2649564288405186e-01	
   8.6872412241745567e-01	   6.9750804041888004e-01	   8.5080280541366604e-01	   6.2925023325838636e-01	   5.9843640260196229e-01	   3.6739153559752036e-01	   1.0278200644624902e+00	   6.5598553480246280e-01	   9.7061770837333783e-01	   7.3103369717948796e-01	   1.3509489592302455e+00	   7.4638907748987504e-01	   0.0000000000000000e+00	   1.1943146679452095e+00	   1.1539324357747081e+00	   1.0691431754087934e+00	   7.0825931084736893e-01	   6.9180829502714658e-01	   6.8901052856414280e-01	   4.8494773063753999e-01	   6.1168666745565770e-01	   6.6547272917565881e-01	   6.7205289200872165e-01	   6.0433078177592536e-01	   4.5435254588542362e-01	   4.2333475380207158e-01	   5.2965351275518635e-01	   7.0104850625714576e-01	   7.6873735703930224e-01	   7.6592009120096149e-01	   5.5598614712492467e-01	   5.8326112739106983e-01	   6.4794908369419824e-01	   5.8831275998303234e-01	   5.1936220477287076e-01	   4.9878270349973802e-01	   7.7495088935897738e-01	   7.8354812327893086e-01	   8.0585688850395742e-01	   7.1501829809825967e-01	   8.3712231102281132e-01	   8.4127614845725351e-01	   2.4958652541832599e-01	   2.3850682224617761e-01	   2.6091706272745047e-01	   2.2216076732104090e-01	   3.7190761952953438e-01	   3.3289999990690755e-01	   2.5809617439469901e-01	   2.4113113399172503e-01	   3.5431592128294631e-01	   3.3183104314806788e-01	   3.8041664496327310e-01	   2.4118999869034435e-01	   5.8237472024481185e-01	   5.6607505558407079e-01	   6.4216234119343285e-01	   6.4047964911538036e-01	   6.2169113076785276e-01	   4.2106396791733863e-01	   1.1076057849605494e+00	   5.9516210727865104e-01	   4.7737557357147886e-01	   4.2857380501088838e-01	   9.2942869832248376e-01	   6.5192350966956103e-01	   4.0536385459386531e-01	   2.7606655852325002e-01	   3.9688052346083763e-01	   3.3335754170402387e-01	   6.7566661537054817e-01	   5.6780941439352461e-01	   7.4140533085590121e-01	   6.6678521240244004e-01	   7.6556057917460063e-01	   6.9121674749190531e-01	   8.2737554549749237e-01	   6.6044361649894678e-01	   7.2663353553863652e-01	   7.8451172155259163e-01	   6.1620261576832780e-01	   9.6906771769905908e-01	   6.9053442351637617e-01	   7.9357850007630015e-01	   1.0213359990832644e+00	   9.8091158433338632e-01	   5.8205966781149210e-01	   5.9130518032092594e-01	   1.1581414592321049e+00	   8.8150056755054595e-01	   3.8339045588112014e-01	   5.8414386850377242e-01	   4.5215072085811664e-01	   5.9286709170697027e-01	   3.2905488785630960e-01	   2.2123582049904222e-01	   4.6974149081454009e-01	   3.1840047042019937e-01	   2.9014133048557966e-01	   6.8536641896104122e-01	   3.4929071152592700e-01	   7.2292051299730364e-01	   2.6444306953708713e-01	   4.2254274750535953e-01	   5.0400419161536747e-01	   1.8088158033584495e-01	   8.0856129865330154e-02	   1.5840864030347443e-01	   5.0574619826431813e-02	   3.2997559861785458e-01	   4.0518293373519598e-01	   5.1669858242854683e-01	   4.9022996953695597e-01	   4.9363362122431753e-01	   5.2660867992424343e-01	   2.4158345644674842e-01	
