   0.0000000000000000e+00	   5.8418905295236556e-01	   6.3120495646596853e-01	   1.0558207532420952e-01	   1.1141196385785326e+00	   6.7305002198769726e-01	   9.6636456834497730e-01	   6.1975632158917748e-01	   1.0338278274751231e+00	   4.0941109694031097e-01	   5.8162494150534449e-01	   2.4537868111421307e-01	   1.2750667180562796e+00	   3.8544104841471893e-01	   6.0134512184347266e-01	   1.6144752677407720e-01	   2.8964231368070997e-01	   2.1549165992002489e-01	   6.6162412901604184e-01	   1.9091342899607749e-01	  -1.2528941204674679e-01	   8.9960799549975972e-03	   2.7107024579205224e-01	  -7.1719750643106997e-02	  -9.5801746854042885e-02	  -1.3083091293407742e-01	   1.3014265519395693e-01	  -5.2453400386974240e-03	   1.7839660791238507e-01	   1.0712712111585920e-01	   2.4243336224879902e-01	   4.2007559815088448e-02	   4.7002244802831694e-01	   4.6257743161154097e-01	  -3.0021207447465569e-02	   1.1241532095832747e-01	  -4.6307149155982974e-01	  -3.4616535971768847e-01	  -2.1342239116147588e-01	  -3.6626031531847647e-01	  -3.2709625716142898e-01	  -1.2919138304362363e-01	   4.1943886791293722e-01	   3.0975131177950910e-01	   5.0656420203145425e-01	   5.8541608237068055e-01	   2.6821073201037471e-01	   3.5130877954996231e-01	   7.1942866048231713e-01	   5.6205331892009802e-01	   7.6697969823807588e-01	   3.1682866377326857e-01	   4.4819202504671657e-01	   4.1509295819519204e-01	   5.5732479731900958e-02	  -1.2161473084915093e-01	   7.5361143726637958e-01	   1.4432388447661970e-01	   9.5673934003335981e-01	   4.8468278217841443e-01	   9.4081539898059963e-01	   3.0611787643799482e-01	   4.6930740720169140e-01	  -1.2285277777573597e-01	   5.1342396926704015e-01	   5.8053423270442273e-01	   4.1917887080898064e-01	   1.7808694357670873e-01	   2.3733106485623909e-01	  -2.8453139421477724e-01	   3.2923383832563569e-01	   2.1424447645490713e-01	   5.1427866325587790e-01	   2.5398225822078691e-01	   7.6127202168318764e-01	   5.1558577304816877e-01	   6.0016434075086267e-01	   4.6873690359607323e-01	   1.6396477593593975e-01	   4.6988969230051064e-01	   3.0070667122361017e-01	   4.0163224458235797e-01	  -2.1637707000340473e-02	  -9.3765701918575958e-02	   2.2681130773434088e-01	  -5.0474430351126559e-02	  -2.1385478643974057e-01	  -4.7687302000141535e-01	   2.7557173300199889e-01	   2.0721016133248252e-01	   1.8249163043322630e-01	   5.5267159646168129e-01	   1.2444547837733133e-01	   4.0467599523884096e-01	  -5.6799399374437377e-02	  -1.5651900725272180e-01	  -9.2788844427567040e-03	  -1.3880948112213873e-01	   1.1021596659065663e-01	   2.0135503400470386e-01	   3.6830989392364605e-01	   7.4083291212566171e-01	  -1.2401370675428296e-01	   1.3757874752809485e-01	  -7.6834442174206971e-02	  -1.0096257663680175e-01	   1.6171233077200520e-01	   2.2449942791639943e-01	  -2.4756209941216396e-03	  -3.1086821586373513e-02	  -2.3348708028221605e-02	   4.4701803473649899e-03	   2.6140392892423314e-01	   5.9009952704494668e-02	   1.8629699730893325e-02	   1.8906119407529526e-02	
   5.8418905295236556e-01	   0.0000000000000000e+00	   3.0630439627484973e-01	   1.3674600289185779e-01	   4.8150903165948467e-01	   2.0172037548807700e-01	   4.6416167301855893e-01	   3.0827571458218284e-01	   3.9721048349448546e-01	   2.0442206948102526e-01	   6.8677260065716055e-03	   7.7960512576763952e-02	   3.1596833235020760e-01	   6.5594045755930572e-02	   1.3368395951210013e-01	   1.4335241950759423e-01	   1.2325137400027951e-01	   3.2948962118176423e-01	   2.3924640023676919e-01	   4.4697046347739033e-01	   9.2617400243463988e-02	   2.0298475435345448e-01	   1.4072076727262903e-01	   3.2097777303446776e-02	   1.2176346673613264e-01	   7.7692058265650399e-02	   1.1942035744341536e-01	   6.7090967990620920e-02	  -1.6496322568062147e-02	   1.3599739365146235e-01	   1.4401063738163516e-01	   1.2344648112720222e-02	   3.4818869641037647e-01	   3.9435167838858831e-01	   4.9247734107772681e-02	   1.0868055093266064e-01	  -1.6628383232628791e-01	   1.6982773497367426e-01	   8.0077525931480362e-02	   2.0735249087777680e-01	  -2.1643008793297269e-01	   2.8396710398887254e-01	   3.4560670129992493e-01	   3.5953660026054590e-01	   3.5634990461404209e-01	   4.1963095984335519e-01	   6.5550876896292398e-01	   4.0324558624077150e-01	   5.1493846812285471e-01	   4.9562155597934876e-01	   7.4623795033261897e-01	   3.9438148264047462e-01	   5.5867302509268035e-01	   4.5437172128408027e-01	   5.0444886123207011e-01	   4.6955445624699599e-01	   9.4128281435844841e-01	   6.8109321021001656e-01	   4.0422664778702833e-01	   3.3079156481422317e-01	   3.9383643013161279e-01	   2.2672549778268178e-01	   1.4492197015836641e-01	   1.2429818042660437e-01	   3.2275571401014463e-01	   2.9375730693402047e-01	   3.0396140571823171e-01	   2.1988047304577055e-01	   5.5312440954148456e-01	   1.8288556351942351e-01	   8.5805129688670614e-02	   6.8357009029074878e-02	   4.1998339093597481e-01	   4.2986376136055227e-01	   3.6802393994624510e-01	   4.8018237301781119e-01	   4.9445636470064347e-01	   6.9920001397846343e-01	  -8.4035855211157473e-02	   1.5037457150199296e-01	   1.7264828895219853e-01	   3.5499338437525396e-01	   1.3189675636819435e-02	   2.1347591516494600e-02	   1.5730262788685961e-01	   1.5949445500052653e-01	   1.4254527418471749e-01	  -3.9896561255301825e-02	   2.4837096348493942e-01	   3.4253892661954427e-01	   2.3122544923104538e-01	   2.5839537619997399e-01	   1.1893175265677671e-02	   2.5392563451212102e-01	   3.3077834088829511e-01	   1.8104854652997493e-01	   4.2642480004441241e-01	   2.7942222986956533e-01	   5.1313255802538948e-01	   3.4880320469408932e-01	   4.6815352253111553e-01	   5.5215125438753132e-01	   3.5376969920355417e-01	   3.6932030188038090e-01	   1.7274251395632376e-01	   1.3999588120022005e-01	   3.9660571999633076e-01	   4.2324426841708013e-01	   1.6712864702051733e-01	   2.4772560741162597e-01	   1.8231591633486632e-01	   1.4482368969036302e-01	   3.1154159319577646e-01	   2.9565358368447553e-01	   1.6274637740337200e-01	   2.3986839689479683e-01	
   6.3120495646596853e-01	   3.0630439627484973e-01	   0.0000000000000000e+00	   6.3977175239665646e-02	   7.2141970408860712e-01	   3.0980126873302566e-01	   6.0173899130233321e-01	   5.0115500587783170e-02	   5.7577403727889997e-01	   8.3490603534448246e-02	   2.7460246000554367e-01	  -1.6995207678012096e-02	   5.5416898079631782e-01	   1.6545622879300673e-01	   3.9824948486735401e-01	  -1.5166443175923253e-01	  -1.0806463135663429e-02	  -1.4651741241477542e-01	   3.0680999843609391e-01	   1.3432449520750059e-01	   3.0214726836933237e-01	   4.8650459614643593e-01	   7.6676997774241162e-01	   1.7145338049130321e-01	   6.1795257553050964e-01	   3.5890193706865398e-01	   2.0726638902688607e-01	   4.0307528019778066e-01	  -1.1400182480302694e-01	  -1.8281333233371816e-01	   4.6035667882397030e-01	   2.7932170229628128e-01	   5.6696318974882165e-01	   4.1165593534661121e-01	   3.6769874339632019e-01	   1.5077135656163104e-01	  -2.6287537017020179e-01	   1.1411706114691408e-01	   1.6263881161262156e-01	  -4.7018302332330592e-02	  -6.2460199276778949e-01	  -2.0041130194084333e-01	   5.2988112055162728e-01	   4.5137337768870756e-01	   7.3582966148400408e-01	   5.0702711813547641e-01	   2.3200934746593663e-01	   6.3057038826132727e-01	   7.1026279450264718e-01	   5.2023539780236472e-01	   6.4651958560739664e-01	   4.9242283817244953e-01	   2.9893456489639036e-01	   3.4773267312599737e-01	   7.6446401525114283e-02	   7.8386593299103260e-02	   3.9685809765141766e-01	   5.9695876542670417e-03	   7.8350700978444365e-01	   2.1066748960433951e-02	   5.8250983347080854e-01	   8.3300884531832292e-02	   8.0112822658762142e-02	  -2.3519696119405520e-01	   9.9308704970509831e-01	   4.2830692702466300e-01	   1.0323352912083572e+00	   3.0349178320800413e-01	   3.9378497898363174e-01	  -1.5128560372359018e-03	   7.1770153798729397e-01	   4.3422876504907792e-01	   2.2640983237031170e-01	  -1.2286044026593097e-01	   6.6558481351672794e-01	   3.2369038785658333e-01	   5.2167647275006979e-01	   4.3042132637510028e-01	  -1.2452995332419834e-02	   2.8694882521341580e-01	   1.8808682542387749e-02	   2.3619919117952620e-01	  -1.9470152263566895e-01	  -4.4253668131903706e-01	   3.5944659481296926e-01	   3.2182067313793838e-01	  -4.3177262905197637e-03	   3.2651335076990896e-02	   7.1863562065716113e-01	   5.1424080331899569e-01	   4.0548461302136335e-01	   9.7660345029500006e-01	   1.3833808502203154e-01	   8.9379504131783616e-01	   3.2430616635581583e-01	   2.2318183707180739e-01	   2.2990709948063268e-01	   2.0849730801613225e-01	   5.1597240547350674e-02	   5.1709880429884225e-01	   2.6762916944648951e-01	   7.9857271259000095e-01	   1.8875273376816590e-01	   5.5225134804415188e-01	   3.2416295912224102e-01	   2.7192251760290920e-01	   4.8947749271532903e-01	   6.0443177274480941e-01	   3.4914189890411623e-01	   1.9093168247952941e-01	   4.7415624503597716e-02	   3.3038422974046150e-01	   4.3753297073707159e-01	   2.8042818379228573e-01	   1.9729355060673021e-01	   3.4056582913471201e-01	
   1.0558207532420952e-01	   1.3674600289185779e-01	   6.3977175239665646e-02	   0.0000000000000000e+00	   1.1283725195418021e-01	   3.9777409227612720e-01	   4.1724486749155060e-01	   7.4982694523930549e-01	   1.5378747909000262e-01	   6.4340130890667313e-01	   1.4970416898889236e-01	   4.7683733999205230e-01	   1.6126359908368974e-02	   2.4163572895249191e-01	  -1.5874506900377108e-01	   4.7801489637009853e-01	   2.5539789087953735e-01	   1.9138622641535641e-01	   1.8710148439706373e-01	   2.0479211971157879e-01	   3.3548717551365237e-01	   3.0764328627965670e-01	   4.8781998860428516e-01	   8.5537724728930542e-01	  -1.5347494395916178e-01	   1.8401842217799072e-01	  -9.0455266621613892e-02	  -1.2789296471820907e-01	   1.5150343758602641e-01	   2.1780010152846677e-01	   5.2135734225137398e-01	   7.7905739018547038e-01	   3.1802044706328320e-01	   5.6836264043702156e-01	  -5.6583444758739970e-02	   1.2092658189134134e-01	  -3.6718086331999261e-01	  -1.6076209494233137e-01	  -1.2516234701912354e-01	  -1.4736550586718508e-01	  -1.6878089424115225e-01	  -3.7967605090849232e-02	   1.8306374099044787e-01	   1.8407262036204289e-01	   4.3493203279494436e-02	   2.5149158130617455e-01	   6.4765306843779860e-02	   2.2691647684760302e-01	  -7.0934183994670261e-02	   9.7657283418730673e-02	   1.9290345227657303e-02	   1.0738728343285771e-01	  -5.8550809914881964e-02	   1.6301187247611915e-01	  -2.8280523347985309e-01	  -2.7161377920445468e-01	   2.1284674145142030e-01	   2.7021334915146866e-01	  -1.0951050481367954e-01	   4.5485550361237137e-01	   3.7179530545625794e-01	   1.0005991311487530e+00	   3.1154067026144017e-01	   5.2211791282509634e-01	  -2.1503108970821930e-02	   3.7197155443226182e-01	   5.4738494626312958e-02	   5.7629190704103916e-01	   1.0701895704229746e-01	   1.6574253816261397e-01	   1.0958541969730326e-01	   3.4603498861856291e-01	   1.8068546251005960e-01	   1.5625836254940370e-01	   1.5507759528266343e-01	   1.3723508473032933e-01	   3.0054343787289839e-01	   4.0119417974885485e-01	   1.7053334223837491e-01	   2.6185475085584720e-01	   7.3281163427652285e-02	   2.4372069648552097e-02	   1.0753903917406139e-01	  -3.5102292383463594e-02	   4.9767906524056785e-02	   2.5894018679158048e-01	  -1.4743761995113080e-01	  -4.3610123972591612e-02	  -3.7959224107687400e-01	   5.0456634621996499e-01	   2.5496022072061297e-01	  -2.4990065730505821e-02	   5.7319886370094675e-01	  -1.5372587974225155e-01	   7.7656705240521789e-02	   1.3940843135423577e-03	  -1.2815863587203727e-01	  -1.2131933503759794e-01	  -4.7695383934349016e-02	  -2.3841221249231753e-01	   3.7565532614354435e-01	  -4.3535029181717276e-02	   5.5627430183553518e-02	  -3.2544623201037369e-02	   4.9440545045431869e-02	  -1.9393377709500715e-02	   1.4041310887401981e-01	   1.2017041660007392e-01	   1.5288559848571873e-01	   1.7892846278470230e-02	  -1.9075230815044994e-01	  -3.7067495529296265e-02	  -1.0383541727882699e-01	  -1.8700608268267152e-01	  -1.9011999512434158e-01	   1.0024201022630604e-01	
   1.1141196385785326e+00	   4.8150903165948467e-01	   7.2141970408860712e-01	   1.1283725195418021e-01	   0.0000000000000000e+00	   7.8281149169082875e-01	   8.2001462481093979e-01	   4.9724949033174404e-01	   9.9536066458487382e-01	   3.8311420149314973e-01	   5.0741187578039415e-01	   2.3958313483895743e-01	   9.8393577746443817e-01	   3.8202291094809432e-01	   4.9539458558114652e-01	   1.4175373224067445e-01	   2.4875097669643459e-01	   1.3272990598373169e-01	   5.7957170281208759e-01	   3.0332057580760419e-01	   2.9803117304928819e-02	   1.3154766217842082e-01	   2.8365771861195377e-01	  -7.0738764264037324e-03	  -5.8985576638800358e-02	  -1.6056180117791233e-01	   1.5544051255772340e-01	   1.7119138495193430e-02	   1.7586192298041717e-01	   1.2512653443916583e-01	   2.0587202389489767e-01	   4.4029706460646412e-02	   4.4498362798254337e-01	   4.6109275690854179e-01	  -4.4951878832241401e-02	   2.2800027495052850e-02	  -5.0834762365925201e-01	  -3.2452444548592235e-01	  -1.3285745702040996e-01	  -3.2459565269736390e-01	  -3.5461596230682602e-01	  -1.0864880544818870e-01	   5.0717379551361630e-01	   3.9356225149581336e-01	   6.7771106987046559e-01	   6.5936765540267250e-01	   3.1897820158284301e-01	   4.1636900351321560e-01	   7.1394673989148527e-01	   6.0076843885172981e-01	   7.8109349920418902e-01	   3.6806913879198577e-01	   3.2909758819792412e-01	   3.8982989045830052e-01	  -3.6277480780999107e-02	  -1.6503375898780598e-01	   5.7963760249466445e-01	   1.0513632410626116e-01	   8.5705904961162038e-01	   4.6859734784511736e-01	   8.9759786011532339e-01	   2.7114093425782104e-01	   3.8903586029586984e-01	  -9.8539456727050390e-02	   6.3259960332292620e-01	   6.4716909882504126e-01	   6.5954219927947022e-01	   3.3868399838936464e-01	   3.2174324623658884e-01	  -1.1077426372173921e-01	   4.3876301670941165e-01	   3.2941822259068043e-01	   4.2558149909381959e-01	   1.0348966947354489e-01	   7.0769567098581232e-01	   4.6274850272146684e-01	   3.5866287548779435e-01	   3.2670798054651834e-01	   1.4279349388211232e-01	   3.9288510838214002e-01	   2.7576463441562848e-01	   3.1967152423115291e-01	  -8.2546386830489121e-02	  -1.3571618172895056e-01	   2.4883095886562451e-01	   2.8673109855180914e-02	  -2.8997110780352181e-01	  -4.0427975450979148e-01	   3.2339214330429794e-01	   3.3329021163893485e-01	   2.5623322828711720e-01	   5.1725834558256500e-01	   1.6936412442346227e-01	   3.9442915793364791e-01	   9.9842335826882581e-02	  -7.7931257066486209e-02	   1.2393129506012821e-02	  -9.4996151832568779e-02	   1.5490230635648091e-03	   1.3217724631826047e-01	   3.7452884641611034e-01	   6.1196682624035914e-01	  -6.1984048827366016e-02	   1.9880648609804077e-01	   9.2429686079224214e-03	  -6.2404049323865431e-02	   2.8162189592485587e-01	   3.4384220081645434e-01	   4.3486767726990345e-02	  -2.7138292923065375e-02	  -6.8449111112078159e-02	   2.0695442481069842e-03	   2.1364473334431114e-01	  -3.0257918535757010e-02	  -1.0582027568106098e-01	   1.1623235099597101e-01	
   6.7305002198769726e-01	   2.0172037548807700e-01	   3.0980126873302566e-01	   3.9777409227612720e-01	   7.8281149169082875e-01	   0.0000000000000000e+00	   5.5022145532841771e-01	   7.4621169852636626e-01	   7.0732375976360407e-01	   7.5256736760236587e-01	   5.9545157714488695e-01	   4.2221492264021487e-01	   7.8055684748966669e-01	   5.4916031980878333e-01	   5.2299163438377216e-01	   4.3633392334065724e-01	   2.5426131829515497e-01	   1.3157065626644507e-01	   4.5858780132482702e-01	   1.4355787888730787e-01	   3.2566403906128631e-02	   1.1284488942825766e-01	   3.2339899813384965e-01	   2.6409966855431927e-01	  -2.4942891756454924e-01	  -1.0036253700381724e-01	   1.3388006678894943e-01	   1.2159939119979899e-02	   2.4588299207606454e-01	   1.7156091487539984e-01	   1.9827295078304580e-01	   1.5216620717388124e-01	   3.1929638919790343e-01	   4.7193945902168633e-01	   2.3921493651574831e-02	   2.3390816563269079e-01	  -4.6323344365043162e-01	  -3.1941700669999901e-01	  -2.4623277863339088e-01	  -3.4797802088171881e-01	  -2.8853500516679476e-01	  -4.9020689128588125e-02	   3.4636306115298354e-01	   2.7392685233502445e-01	   4.7133249360812685e-01	   6.3729488356873709e-01	   1.2878633055705060e-01	   3.2098701243070682e-01	   2.3185370886922904e-01	   4.3557864329980661e-01	   2.4333400168011091e-01	   1.4526531821579769e-01	   7.3823361269763049e-02	   2.1592780130659531e-01	  -2.9191337646948839e-01	  -4.2720226841292713e-01	   2.9795867590792430e-01	   2.7712332199226947e-02	   4.5082116267780448e-01	   6.4618943090073488e-01	   7.7144799272047015e-01	   5.8238667318911441e-01	   4.4781619829955777e-01	   3.4555590037051706e-02	   5.1347640605700806e-01	   1.0075562397708679e+00	   2.7606025381867116e-01	   4.7155248977289344e-01	   4.0488599684363115e-02	  -5.2777058822972366e-02	   2.0835504879410682e-01	   2.1597913804988936e-01	   3.0755321317350609e-01	   6.9975118060655955e-02	   4.4882874864619599e-01	   3.3977086808706919e-01	   2.1265454584507557e-01	   2.5630802447538736e-01	   1.6729171364549528e-01	   3.5992833856815021e-01	   1.4601672727062875e-01	   1.5589647452931271e-01	   7.2711273015994782e-02	  -8.2756386512331373e-02	   2.0516884101123584e-01	   1.5180280652347017e-01	  -3.0408917542178149e-01	  -3.7067454979850684e-01	   1.6023461129966390e-01	   2.4722107756554118e-01	   3.2813048462517946e-01	   2.4647252395146663e-01	   5.2163685873219667e-01	   1.7785529275841472e-01	   2.6604071557582095e-02	  -1.1713161417697756e-02	  -1.4043642359454722e-01	  -1.7956011645108927e-01	  -5.8095330360052877e-02	  -1.3740572101252455e-01	   3.7876425427224264e-01	   3.5722218670536021e-01	  -1.0929340748928901e-01	   6.6711697230311812e-02	  -9.7294132486688886e-03	  -1.1876911440524060e-01	   1.3558946171277489e-01	   1.7529803057517079e-01	   1.2644798383402459e-01	  -3.8126466756782010e-02	  -1.5563578187591656e-01	   1.0263823572851214e-02	   1.2322061725699607e-01	  -1.1638820652196843e-01	  -1.1330974592760584e-01	   1.7368076658819995e-01	
   9.6636456834497730e-01	   4.6416167301855893e-01	   6.0173899130233321e-01	   4.1724486749155060e-01	   8.2001462481093979e-01	   5.5022145532841771e-01	   0.0000000000000000e+00	   9.1505910905757781e-01	   1.2053497175850372e+00	   6.2217957919874467e-01	   1.8430867909774695e-01	   1.8007275459208047e-01	   9.6192536365487713e-01	   1.8856561548810286e-01	   3.2411594548860423e-01	   2.3785641577623096e-01	   1.8799042849811609e-01	   2.5880170649939460e-01	   5.1465202981451919e-01	   2.5614285406595255e-01	   1.1378209517485340e-01	   2.2532377056631933e-01	   3.8106781454087540e-01	   8.7125595344226425e-02	   2.0073315828511740e-02	   1.2044855599305107e-01	  -1.0900917951691445e-01	  -1.3015776013128369e-01	   9.2282984318392478e-02	   1.0735084459959228e-01	   5.9833616093110087e-01	   3.1680955869083516e-01	   8.7648031488393185e-01	   8.5619945129794706e-01	   1.3323608517498205e-02	   2.3593839745554090e-01	  -4.7082254497764470e-01	  -2.0031419647137666e-01	  -1.3038588224167860e-01	  -2.4385748767301696e-01	  -4.0640171330841351e-01	  -1.1635924848196577e-01	   3.2140251395555725e-01	   1.9605620216196265e-01	   2.8226661391718377e-01	   5.0177921495666089e-01	   1.8122462156828748e-01	   5.4690362350790211e-01	   4.2487083630115030e-01	   3.2447605766321835e-01	   5.0965110576595585e-01	   1.2842847135495380e-01	   1.8609480143112839e-01	   2.7445267851453492e-01	  -1.1348198202588196e-01	  -2.0674955542160231e-01	   6.6567745175337134e-01	   2.0406901402901359e-01	   6.6195233216780480e-01	   4.7147709280063166e-01	   1.0829772966789868e+00	   5.6358640286443751e-01	   3.0846794557256874e-01	   2.1803976574647332e-01	   3.5632184788417293e-01	   4.6667362265587398e-01	   5.3095172443168814e-01	   3.6336854036708494e-01	   3.1116829987914113e-01	  -1.9206322355340685e-01	   5.5394773906623174e-01	   3.1956309054008553e-01	   5.4484838594267504e-01	   3.6250326950601913e-01	   7.6338924546010367e-01	   6.0785605873494086e-01	   7.6519037232117204e-01	   6.7802898237281251e-01	   3.9981184697570468e-03	   3.2767428444100211e-01	   1.2939878806067026e-01	   1.3808492166004935e-01	  -2.7236736823509416e-01	  -2.2171894184675295e-01	  -1.8427085970921686e-01	  -2.1135870853913952e-01	  -4.0267882148021750e-01	  -5.5299293375629832e-01	   3.9194261474826186e-02	   3.0256152592532243e-01	   3.4281997536855369e-01	   5.5837351287177461e-01	   1.9901257662972480e-01	   2.9065637185939475e-01	   1.2286823022877698e-01	   4.7454888269494011e-02	   1.0749550321300994e-01	   2.3154288779466844e-02	   2.1658112797701112e-01	   1.4117353782436348e-01	   6.7395746164773906e-01	   8.0124746607897857e-01	   7.5176786539059501e-02	   2.9409500836561930e-01	   1.1195977017192071e-01	   1.0487365824645870e-01	   3.4627516212393539e-01	   2.9513309731119119e-01	   2.7034781326837687e-01	   2.1415513449411164e-01	   9.3644025909620218e-02	   1.7452953951223943e-01	   3.1433718876063810e-01	   1.3956319471538040e-01	   1.0391244025364495e-01	   1.6409475294379350e-01	
   6.1975632158917748e-01	   3.0827571458218284e-01	   5.0115500587783170e-02	   7.4982694523930549e-01	   4.9724949033174404e-01	   7.4621169852636626e-01	   9.1505910905757781e-01	   0.0000000000000000e+00	   7.2150363376093940e-01	   1.2610402313956777e+00	   3.0295988103012894e-01	   4.7361146424049727e-01	   6.3915340386207331e-01	   3.1045764991533342e-01	   2.5549475614403588e-01	   6.4003618817895636e-01	   3.7867039813703307e-01	   4.0608761318207176e-01	   5.6251094304812332e-01	   3.5212310426528515e-01	  -5.5235410027257459e-02	  -2.1234313743963384e-03	   2.5779345489739125e-01	   2.2207455384653563e-01	  -4.6550575920795489e-01	  -1.3601805254554222e-01	  -1.8669577983494073e-01	  -4.4516220969696829e-01	   3.3617567665091747e-01	   4.1983426429379150e-01	   3.8033164543715459e-01	   2.8718774069740249e-01	   4.7630622753736640e-01	   7.1904210111268407e-01	  -1.7284248896300997e-01	   2.1389937540706166e-01	  -5.3392951516566900e-01	  -5.1262299599060968e-01	  -3.5093116794116275e-01	  -4.0814507667723199e-01	  -1.5136220998020081e-01	  -1.1129213537783439e-01	   2.6411106889364566e-01	   1.1311375219386999e-01	   1.5358613177721850e-01	   4.1673822190385923e-01	   1.6394551734178750e-01	   2.6778003318354254e-01	   1.0002597944522228e-01	   1.6042577880889997e-01	   1.5160665137737842e-01	  -6.4420806050455665e-02	   2.1156987526230034e-02	   1.9259577999816316e-01	  -3.1489655935738964e-01	  -4.0201147194660525e-01	   4.2811987612861929e-01	   1.3346592117222383e-01	   2.2462248251172653e-01	   7.0095188804050912e-01	   7.0729367383233477e-01	   1.0862731285080631e+00	   4.2348218392840620e-01	   4.0689272534045001e-01	   8.0455301827081022e-02	   6.0644962589481366e-01	  -2.0278428872144972e-02	   3.5972118809342329e-01	   1.1524823007500681e-01	  -1.5865901484184636e-01	   1.9005071088576425e-01	   3.0167395293012778e-01	   5.3217241643204560e-01	   5.3895437612623953e-01	   4.7769398221153647e-01	   4.9810997338521967e-01	   3.5986279261795823e-01	   4.1403943919288672e-01	   2.3712616285065305e-01	   4.2249230901512930e-01	   3.2813819064753863e-01	   2.1795306041654580e-01	   6.2333993230053883e-02	   9.4383936007709043e-02	  -9.8337701713995751e-02	  -1.8590365249819737e-01	  -3.5871088618028130e-01	  -7.0634415668794104e-01	  -2.8610616479727952e-01	   1.2782991006822006e-01	   2.6746739791167379e-01	   9.6784154080015394e-02	   4.7820250523967356e-01	  -7.5047997935289434e-02	  -1.4572427413722222e-01	  -1.7753330190637936e-01	  -2.0033675306811038e-01	  -3.0474706159751097e-01	   9.8334869478483342e-02	  -2.5172250064808871e-01	   6.3675854310605429e-01	   2.9043127618595155e-01	  -1.0810028659897980e-01	  -4.6476366768557827e-02	  -1.1957884024571019e-01	  -1.5312225972025126e-01	   7.4610190094057768e-02	   5.9049053101425410e-04	   3.2581589284523295e-02	  -7.7870597378100231e-02	  -9.0028280712555087e-02	  -1.0933373750827868e-01	  -4.0533057752600660e-02	  -1.6200270757879770e-01	  -1.3451602032696802e-01	   4.8011672245073323e-03	
   1.0338278274751231e+00	   3.9721048349448546e-01	   5.7577403727889997e-01	   1.5378747909000262e-01	   9.9536066458487382e-01	   7.0732375976360407e-01	   1.2053497175850372e+00	   7.2150363376093940e-01	   0.0000000000000000e+00	   7.2288015277773721e-01	   2.4974910506190251e-01	   1.5407829224732708e-01	   1.3270851156695656e+00	   2.3550495525657267e-01	   6.1578048892893344e-01	   2.8730088325719799e-01	   1.3080791408297235e-01	   1.5797154121309878e-01	   4.3174639487817057e-01	   1.2012195141874410e-01	   1.5201740464437868e-02	   1.5877122284210152e-01	   3.0853974404082668e-01	  -5.6507768898084024e-02	  -1.9661455861465033e-02	   3.6692139633422244e-02	   4.7655659125425007e-02	  -2.9034056459507556e-02	   4.3067138839378773e-02	   5.6355534256675048e-02	   4.5273895964899952e-01	   7.3447509893863699e-02	   6.6609421000424573e-01	   6.0984385703866084e-01	  -2.0237594306588981e-02	   1.8409851998650106e-01	  -4.8942158857654539e-01	  -3.1963682602246846e-01	  -2.0126264652552989e-01	  -3.3431812581679099e-01	  -4.3194539928527431e-01	  -1.0927687002417721e-01	   2.8401563937348706e-01	   1.5366214164644401e-01	   3.6538416935503332e-01	   5.0561838587854024e-01	   9.2586450913257914e-02	   4.8172687132922642e-01	   4.9892032863191405e-01	   3.9839368286771804e-01	   4.8744017748879087e-01	   1.1381495118431496e-01	   2.1908337986688040e-01	   3.0124756482979076e-01	  -1.3053345117455922e-01	  -2.4337385609838225e-01	   5.2521235960393542e-01	   7.9287244564874459e-02	   9.2647217951306171e-01	   5.1054939906574304e-01	   1.1952991336296190e+00	   4.7745062622090972e-01	   2.5114470301504721e-01	   5.4556294567015065e-03	   5.5511735332575052e-01	   4.8631139806265317e-01	   4.3813996357774726e-01	   1.8913225087750371e-01	   2.4603600307465465e-01	  -2.2981615114654755e-01	   5.1472224212771911e-01	   2.3875696689475667e-01	   3.5051060016923974e-01	   1.9764854348157268e-01	   6.3758325980239028e-01	   4.8543789876900068e-01	   3.9051244625622589e-01	   3.8169881139810058e-01	   3.4665045416363262e-02	   3.9283007022952393e-01	   2.0057499148492386e-01	   2.0015758325326125e-01	  -2.7523872243544767e-01	  -2.5345962361275176e-01	  -6.7001920685829081e-02	  -1.8748265746282955e-01	  -3.4586296342236933e-01	  -6.8950847679270211e-01	   2.1080540300721445e-01	   1.8891652068827516e-01	   2.8910159296718324e-01	   5.5442340147535196e-01	   1.5291136586567061e-01	   3.4426387198667735e-01	   5.5934937619528134e-02	   3.7791596849718223e-02	   4.1562856329030937e-02	  -2.2636371611198025e-02	   1.5259565105519585e-01	   1.3365931778966406e-01	   4.9100941214636751e-01	   6.7277587512171100e-01	  -4.8203405782352687e-02	   1.8516691911930117e-01	   6.1748327809491507e-02	   5.2596179149149880e-02	   2.7476038576709771e-01	   2.3088688216347003e-01	   2.4936900773298862e-01	   1.2401929823384408e-01	   4.1307105578170723e-02	   1.1793926745032253e-01	   3.2472244427041480e-01	   1.0529843021785558e-01	   6.6874565861058222e-02	   1.9664899700770022e-01	
   4.0941109694031097e-01	   2.0442206948102526e-01	   8.3490603534448246e-02	   6.4340130890667313e-01	   3.8311420149314973e-01	   7.5256736760236587e-01	   6.2217957919874467e-01	   1.2610402313956777e+00	   7.2288015277773721e-01	   0.0000000000000000e+00	   2.9006159515330443e-01	   4.1524616268823245e-01	   5.5461487366614559e-01	   2.9321993809866420e-01	   3.9303382644183427e-01	   7.8427322058546478e-01	   2.2833749335400627e-01	   2.8995568866735522e-01	   4.1472356377908948e-01	   2.4878501593981855e-01	   6.5151562467208254e-02	   1.2492648614219315e-01	   4.2076830892823325e-01	   3.0099589119418912e-01	  -3.7755322614513442e-01	  -3.8862910225358649e-02	   3.5042820487286496e-03	  -3.0182224910917527e-01	   1.7218499006161492e-01	   3.0166535322765237e-01	   4.2769976728350040e-01	   2.6729313455547427e-01	   4.5087591737622290e-01	   6.3595532405298183e-01	  -9.4561274001627560e-02	   2.2369098318348871e-01	  -6.2421239462016087e-01	  -5.3004416037281787e-01	  -3.7805223635099389e-01	  -4.0266634030669773e-01	  -3.0119659831068279e-01	  -8.9410967833214949e-02	   1.7789833868971835e-01	   4.5955234176992987e-02	   1.6513795106939250e-01	   3.3067615780536291e-01	   1.0318387612320233e-02	   2.5390764597541116e-01	   2.8456920202270797e-02	   9.9506964945128035e-02	   1.6272087480464382e-03	  -8.1508152505135642e-02	  -9.9924687172882456e-02	   1.8385478359942189e-01	  -4.5410349243968562e-01	  -4.5730703758060665e-01	   2.7912821424711298e-01	   1.1372248306418320e-01	   1.8183965615258446e-01	   5.5920322266651490e-01	   6.9149321739714387e-01	   1.2266487547167175e+00	   2.8326634662583805e-01	   3.4901137234199803e-01	   2.0873346225717529e-01	   5.2489225714788623e-01	  -2.9228631976197367e-02	   3.1403043690521804e-01	   1.6797559467272200e-01	   5.3062546798672720e-02	   2.6423300880737732e-01	   3.0417531459644420e-01	   2.7291376917643329e-01	   3.1392742307645422e-01	   4.0660632905567778e-01	   4.1959897952811254e-01	   1.2323479923609540e-01	   2.1020367204531196e-01	   1.7496689502826157e-01	   4.4591162913796134e-01	   2.2480500270267564e-01	   1.6263896649228393e-01	   1.2394396827393993e-01	  -1.3273168077959559e-02	   2.6277275361563161e-02	  -9.9580981400828938e-02	  -2.2572732468761386e-01	  -5.9578173905291631e-01	  -9.9362624963523619e-02	   1.8355529140651683e-01	   2.5978634678487617e-01	   1.5127414180981111e-01	   4.9110383979217465e-01	   3.3667375911064085e-02	  -6.2959425203833130e-02	  -4.9971389332084906e-02	  -2.3436581468158219e-01	  -2.4384241572713811e-01	   2.6224811272410588e-02	  -2.9126142768494945e-01	   5.0409854838197032e-01	   2.3996513541837161e-01	  -5.4870033658038719e-02	  -6.8963730199101091e-03	  -3.0359018383900108e-02	  -7.6966271854133378e-02	   1.1474340365287197e-01	   2.6416281154286184e-02	   1.6200874641400637e-01	  -5.4298942149602319e-02	  -1.9432312369880422e-01	  -9.7051777002838416e-02	   3.8293817713608035e-03	  -1.2453938694082854e-01	  -1.4062868129984221e-01	   1.5364110818469967e-01	
   5.8162494150534449e-01	   6.8677260065716055e-03	   2.7460246000554367e-01	   1.4970416898889236e-01	   5.0741187578039415e-01	   5.9545157714488695e-01	   1.8430867909774695e-01	   3.0295988103012894e-01	   2.4974910506190251e-01	   2.9006159515330443e-01	   0.0000000000000000e+00	   8.9164436098501476e-01	   4.9088280616814761e-01	   1.1454382843327449e+00	   4.0015949761127556e-01	   4.5001748020444771e-01	   7.1545448971231551e-01	   3.3724218190620719e-01	   1.0101152923626835e+00	   3.7240043826047003e-01	   1.1472550317225400e-01	  -1.2993153950947000e-02	   3.6798693396368920e-01	   3.1096687537371720e-01	  -5.0151655112873772e-01	  -4.7240033040868595e-01	   2.4380800563500421e-01	  -8.6044922635252798e-03	   6.5417770322698410e-01	   4.7414890138538690e-01	   1.5737212505823919e-01	   2.5005631918306076e-01	   2.3996155917330142e-01	   3.2998180928957532e-01	  -3.6981192047570327e-01	  -3.6130162294210777e-01	  -6.9443582501026080e-01	  -6.1232401318485008e-01	  -6.6180418117627671e-01	  -8.3847808698607196e-01	  -2.7213249962948849e-01	  -2.7779383554152715e-01	   4.2598984707869336e-01	   4.0046290900150444e-01	   5.3046096690794475e-01	   4.8317106656528319e-01	  -2.7837269249769162e-02	  -1.5909265689277495e-02	   3.2490541159045661e-01	   3.7866479145503518e-01	   1.0697687671316793e-01	   4.1920791119502754e-01	  -7.7500856620069183e-02	   2.7545534556830692e-01	  -3.8426271264571155e-01	  -3.4215170150735197e-01	   1.8590419185000651e-01	   6.1012747332554143e-02	   1.1378986903435645e-01	   4.1096717104955172e-01	   3.9011175893901834e-01	   2.9274197989947243e-01	   1.0485004541023319e+00	   6.7661359023099221e-02	   1.6057861143721028e-01	   4.0744999116621300e-01	   6.5516208466674192e-02	   2.2623591850880956e-01	   3.2007761966492278e-02	   5.3569313527254310e-02	   2.6637702645698291e-01	   5.3823502920901278e-01	   4.0457149648213342e-01	   9.2295521312307671e-02	   4.5449529812322381e-01	   3.1766677912040170e-01	  -1.2192136446295834e-01	  -1.8347257463420449e-01	   7.3727622768423706e-01	   7.8184716445831548e-01	   5.3966334515408310e-01	   6.2970304765011997e-01	   4.3207140173726621e-01	   1.9316387656478093e-01	   7.9464176610567128e-01	   2.5527444881241845e-01	  -3.0427887642943163e-01	  -1.1309448122602928e-01	   1.5924627665562541e-01	   3.8127348853965637e-01	  -1.1283636024539273e-01	   1.0775752701184343e-01	   1.1599273350838026e-01	  -2.4801427212763254e-03	  -4.1418344246902267e-01	  -6.1278705274749512e-01	  -7.0565605468506909e-01	  -7.3542370325717343e-01	  -6.1721895042605202e-01	  -2.0731422212527589e-01	   7.2677058281363990e-02	   4.2898829106056080e-02	  -2.6785658852047328e-01	  -1.7137803894898784e-01	  -5.1092125621233475e-01	  -7.2812425784072610e-01	  -9.2373352593354732e-02	  -7.7868609925962964e-02	  -4.3036296161526894e-01	  -7.2237658045830899e-01	  -8.5992993647423555e-01	  -3.2872895968124122e-01	  -1.4840496727425073e-01	  -5.3075406799746383e-01	  -6.9375796770795517e-01	  -3.1645356949506620e-01	
   2.4537868111421307e-01	   7.7960512576763952e-02	  -1.6995207678012096e-02	   4.7683733999205230e-01	   2.3958313483895743e-01	   4.2221492264021487e-01	   1.8007275459208047e-01	   4.7361146424049727e-01	   1.5407829224732708e-01	   4.1524616268823245e-01	   8.9164436098501476e-01	   0.0000000000000000e+00	   2.3392648615046874e-01	   1.2379556152576094e+00	   9.7344038979276987e-02	   8.8530285009726695e-01	   9.7296323178000277e-01	   7.0220451074577694e-01	   6.9302992093887039e-01	   6.5589282966114681e-01	   1.8393973084303469e-01	   9.7257649335146280e-03	   3.4783994122610407e-01	   5.2540603168107602e-01	  -5.5161593911374973e-01	  -3.4027240716310464e-01	   6.2876005369637666e-02	  -1.5339487320224793e-01	   7.8434609881055373e-01	   8.9852858494172871e-01	   3.1746944856456100e-01	   4.3508924247886721e-01	   3.4252493301232112e-01	   5.3664501264364117e-01	  -5.8609323279631931e-01	  -4.4242570679781834e-01	  -5.7115000246598768e-01	  -4.7104925695905947e-01	  -7.0085511872095496e-01	  -6.5169878628603262e-01	  -9.9733343419832407e-02	  -1.3927684094994058e-01	   2.0615394408364840e-01	   2.1800750899405358e-01	   2.2810819800223789e-01	   3.1164353969737529e-01	  -1.6619512419897109e-01	  -7.5174586381024006e-02	   8.9641303992506999e-02	   1.2288191864395333e-01	  -4.2122508096293761e-02	   2.9747102158520961e-01	  -1.9650716845202268e-01	   1.9472020335832402e-01	  -4.9260867895412142e-01	  -3.2813511716927235e-01	   2.0159440787852889e-01	   4.0818039326411093e-01	  -8.0115846316391001e-02	   7.0404510822374022e-01	   3.2978877392194633e-01	   6.4870293727093320e-01	   1.1113526255761428e+00	   6.5445599585769731e-01	  -1.2558345392214149e-01	   1.6876054165740179e-01	  -8.0601718798179456e-02	   2.9172873386367071e-01	  -8.2862232177051173e-02	   1.6528201257865799e-01	   2.2133994475109670e-01	   5.2500437233601371e-01	   4.1291553481114940e-01	   3.9185057757686670e-01	   2.1571145767239600e-01	   3.2205134374746747e-01	  -1.8952372469327608e-01	  -1.3816904254460005e-01	   8.6661972832351342e-01	   8.2781728104756347e-01	   6.7697285198985713e-01	   6.5666941673459223e-01	   3.9216682434730699e-01	   3.7418803657134281e-01	   4.1968534783930123e-01	   2.3637896346716042e-01	  -3.8455406629130745e-01	  -8.0849399293647303e-02	  -2.7881506290049685e-01	   4.7289832773493518e-01	  -1.8615684606752464e-01	  -1.1049841120570071e-01	   8.7795181095822350e-02	  -3.0688513522863586e-01	  -4.4864742866312396e-01	  -6.4156908115344247e-01	  -8.2326357526536731e-01	  -8.0932035899444266e-01	  -6.0059536972586181e-01	  -3.3567974709946025e-01	   1.6049547192114313e-01	  -1.3348514617153875e-01	  -1.6712307156009362e-01	  -2.6540207772183994e-01	  -6.3867599811329734e-01	  -8.5909630513162394e-01	  -8.9771836928388193e-02	  -1.1368285447158025e-01	  -4.6093748544512103e-01	  -7.8125087482356326e-01	  -1.0793305021813069e+00	  -4.6003253357991075e-01	  -3.7222569270261996e-01	  -7.5119543031317770e-01	  -9.2240589343003265e-01	  -4.2592632359094296e-01	
   1.2750667180562796e+00	   3.1596833235020760e-01	   5.5416898079631782e-01	   1.6126359908368974e-02	   9.8393577746443817e-01	   7.8055684748966669e-01	   9.6192536365487713e-01	   6.3915340386207331e-01	   1.3270851156695656e+00	   5.5461487366614559e-01	   4.9088280616814761e-01	   2.3392648615046874e-01	   0.0000000000000000e+00	   4.5101834186766049e-01	   8.0814123905922652e-01	   2.0869002841154871e-01	   2.0119037771343562e-01	   1.5838772349913791e-01	   4.6638556919946778e-01	   5.5671703406689615e-02	  -1.9358506722972355e-01	  -5.1752295157478895e-02	   1.7468102965576843e-01	  -2.2450450037957642e-01	  -1.7003462901820687e-01	  -1.7866250919052254e-01	   1.1834702915529290e-01	  -3.7627206465180078e-02	   1.8758399795902023e-01	   1.1090305880615431e-01	   2.1348927259735020e-01	  -8.8384996877342831e-02	   4.6807175059115602e-01	   4.4006757164747240e-01	  -4.7322725128025142e-02	   1.2698065838857497e-01	  -4.1217719136233744e-01	  -3.8266887866151605e-01	  -2.2252562071067455e-01	  -3.8105907268335915e-01	  -2.8963676927658982e-01	  -1.5552182803588463e-01	   2.7084721782676419e-01	   9.3971814032500933e-02	   3.5222324562208562e-01	   4.0214514944165536e-01	   6.9199888064862165e-03	   2.4144294907043845e-01	   4.5618863285438632e-01	   3.1498465269560705e-01	   5.5231044093727477e-01	   6.7659119846274679e-02	   1.2838921032370537e-01	   1.8302751512703710e-01	  -1.7121431328366507e-01	  -3.8413762405360130e-01	   4.6634533091260755e-01	  -4.3881101040756418e-02	   8.9190903057393234e-01	   4.0431412128200667e-01	   1.1128847844707912e+00	   3.4401153461685663e-01	   2.7829410438414953e-01	  -1.0684845134797130e-01	   5.6347235509413218e-01	   5.6160175725154016e-01	   3.5016293621434968e-01	   9.2155504515154432e-02	   5.6199788528475084e-02	  -4.0495985273906965e-01	   3.4367887230712330e-01	   1.4121340177135897e-01	   3.3229636972933485e-01	   1.7095166625860558e-01	   5.9325935920552297e-01	   4.9778927197263412e-01	   3.9720418090382170e-01	   2.5851905812220471e-01	   1.6635598496909387e-01	   4.5444800935652641e-01	   2.3523585070973230e-01	   2.9429060351818670e-01	  -1.5892409916235950e-01	  -1.2839918907636785e-01	   3.9018317962761118e-02	  -1.6877228840487812e-01	  -4.3545940047941256e-01	  -7.0619304964437002e-01	   2.9756851212274965e-01	   4.8504807210004289e-02	   1.3651874022932553e-01	   4.3452970138235769e-01	   1.0504505009734308e-01	   3.5116346711417301e-01	  -1.4828267190288116e-01	  -1.6372980988289249e-01	  -1.2730575807108752e-01	  -2.2221520587054028e-01	  -2.4178565576786052e-02	   1.0984871097710368e-02	   2.7660699477271444e-01	   6.4274655279675807e-01	  -2.6469141509171784e-01	   1.7701019861061682e-02	  -1.2941879355680783e-01	  -1.4190695814938339e-01	   7.9170549119361236e-02	   1.1512556460673162e-01	   3.9734959220790053e-02	  -6.8302450410184373e-02	  -5.1254336592103891e-02	  -7.7702680293802451e-02	   1.4611152005506409e-01	  -2.3643519649705493e-02	  -1.2210391467955019e-03	   1.9173984794910146e-02	
