   0.0000000000000000e+00	   8.2389063835070575e-01	   1.0036362998391182e-01	   1.7094305583658864e-01	   6.8863347994896898e-03	   1.0197660984221095e-01	   1.8815621677096384e-01	   2.3369806943737931e-01	   2.2221177121262736e-01	   2.8083425572287379e-01	   6.0130959833897202e-01	   6.7404925792380332e-01	   3.5201779815495454e-01	   4.8644069247574440e-01	   2.6037773895107491e-01	   3.9724722614527835e-01	   9.1914295757899600e-01	   1.0030818791424940e+00	   6.0540947403451273e-01	   6.1588603880648718e-01	   2.3474487563978874e-01	   1.1038421267729942e-01	   1.3533759357229858e-01	   1.7411597079031726e-01	   9.5248953716851978e-02	   1.0694087446510510e-01	   1.3263190903751176e-01	   3.8183116993022660e-02	   8.1465240223880797e-01	   8.3853912501357108e-01	   2.1914234524382087e-01	   2.5788137660799115e-01	   4.2042394173231540e-01	   3.9098712493901094e-01	  -1.4396585714114086e-02	   3.7957884804799023e-02	   3.4772849553715868e-01	   3.5436870275032034e-01	   3.2544869970501289e-01	   2.6903054606610882e-01	   4.2309172758996949e-01	   7.5043725629174174e-01	   3.7731272800074006e-01	   4.5790028954558243e-01	   1.2868339063064790e-01	   2.4117768064611667e-01	   5.2399972210028567e-01	   4.6744131779845777e-01	   3.6890150135067934e-01	   4.2506034277502702e-01	   5.1454174704082123e-01	   4.3173386107274414e-01	   3.7125295523225299e-01	   3.9847472439715098e-01	   4.0217958183883995e-01	   4.2665633437952977e-01	   1.2603554550143938e+00	   8.4570489792224390e-01	   7.5015547928488080e-01	   4.6262602717377438e-01	   4.0145216206611367e-01	   1.7482199140246371e-01	   4.6729757723128684e-01	   5.0466561579342650e-01	  -7.8619233332538480e-02	   1.2983454016215257e-02	   2.5153129562877119e-01	   2.0519978254313359e-01	   6.4701475808632225e-01	   2.7706323417832152e-01	   2.5071003936324454e-01	   5.1327257154657424e-01	   1.0872781216264185e+00	   9.7814725791884105e-01	   9.0054144087177090e-01	   8.1970053174410140e-01	   1.1048208277407641e+00	   8.9181848921005313e-01	   1.0734643523240148e+00	   9.6400574141209150e-01	   6.6181599258767410e-01	   6.5405125019170918e-01	   2.1082208066768748e-01	   6.3332958941439255e-01	   3.1435841873016718e-01	   2.6205113510631539e-01	   1.7293704502696439e-01	  -2.4950577800621276e-02	   3.0338153792534134e-01	   2.3643392768544536e-01	   3.6824425055459292e-01	   4.0934511584123499e-02	   3.9589220587718077e-01	   1.1201084717216998e-01	   2.1030964283366760e-02	  -2.5919148483506717e-02	   3.5641861299840949e-01	   6.5250050793507564e-01	   6.3440677830433223e-01	   7.4627597297499304e-01	   4.9818559061088141e-01	   3.1606432680728036e-01	   6.1321384379054522e-01	   5.3211781224429289e-01	   3.0050514158215635e-01	   2.5464540598482110e-01	   2.2979685540806688e-01	   1.0685002293315175e-01	   4.7320164038141696e-02	   1.5179641896580107e-01	   5.2053992773704028e-01	   7.5837145836381825e-01	   5.4704927294910388e-01	   3.8640167488856580e-01	   2.6247928397004583e-01	   1.1967606705645681e-02	
   8.2389063835070575e-01	   0.0000000000000000e+00	   8.7375092083942479e-02	   2.2344822030971842e-01	  -1.9960448739847501e-02	   9.4955713375974055e-02	   2.2881000056566442e-01	   2.7044294863254159e-01	   2.3953561851550909e-01	   2.2988796692151456e-01	   5.5069091338256893e-01	   9.3056316351201984e-01	   5.1596775995508737e-01	   9.1335798319505557e-01	   3.8128484685064334e-01	   5.9629403680564397e-01	   4.8939109888397314e-01	   8.8585678198681739e-01	   5.0985720804389656e-01	   8.6938275086976158e-01	   2.0413655290294461e-01	   3.1639640481090697e-01	   2.9503778067188918e-01	   4.2926427851940191e-01	   2.1628874781087987e-01	   3.5571912987939791e-01	   2.8917559674729887e-01	   2.0018914516798555e-01	   4.9215994519206097e-01	   6.5245976613933954e-01	   2.0393752332271070e-01	   2.5345484686251607e-01	   3.7221033710870621e-01	   4.3390169277395269e-01	  -3.9419835973305034e-02	   4.2647902124455420e-02	   5.5490437168962381e-01	   6.4347259223644471e-01	   5.8839849878946648e-01	   6.5435303858755312e-01	   6.8947940742862468e-01	   9.1114150464786681e-01	   5.6126564036137550e-01	   5.4533373198749624e-01	   1.3279413769482298e-01	   2.3687125874835083e-01	   6.3656433667000534e-01	   5.5449505389161657e-01	   7.3470659979983655e-01	   6.8135381160924147e-01	   9.9439947213144042e-01	   8.3806439149881329e-01	   7.5208956603823862e-01	   6.1775049862473497e-01	   8.5932007277153666e-01	   7.1375581264502319e-01	   6.9740838500476399e-01	   9.3135709601453731e-01	   3.5061406448439475e-01	   5.5778346034675330e-01	   4.2652845514702675e-01	   3.4894373157679254e-01	   1.7000198768065067e-01	   3.9685922766914894e-01	  -5.0024586263894402e-02	   1.1552961005753794e-01	   1.7960570386405811e-01	   1.5224380358338557e-01	   7.8320282094946891e-01	   6.4676465439920861e-01	   1.9558396302304704e-01	   4.5939313790895503e-01	   8.4748445304282793e-01	   1.0093071476707245e+00	   9.3862475884449392e-01	   1.0264855719833526e+00	   7.5482322621644560e-01	   9.5251307044837896e-01	   6.9223681475350785e-01	   7.5012594604506044e-01	   7.1671558917899458e-01	   8.7215476765881750e-01	   3.1319037946600220e-01	   8.9371126999619110e-01	   5.4066767059428555e-01	   6.4606675702574679e-01	   2.4230381055315284e-01	   1.3922086030510758e-01	   6.9081374214906532e-01	   6.4506564100007724e-01	   6.0776530699647724e-01	   2.3197565783362736e-01	   5.3077350157576020e-01	   2.4888694940776132e-01	  -3.7825569772617890e-02	   3.3754184919134594e-02	   5.6724657389106647e-01	   4.1854872116958197e-01	   1.0152019364752509e+00	   5.8595971153981652e-01	   8.1064555117684145e-01	   4.8766994583538092e-01	   7.9950006539628249e-01	   4.5465596394287228e-01	   2.5970909547655785e-01	   2.0703026483988679e-01	   2.5315566643634135e-01	   2.1426183202112736e-01	  -8.3482944219297681e-03	   1.4997233783636227e-01	   5.5426539947467612e-01	   6.8671537907516522e-01	   5.8970801785909122e-01	   4.5536096055511016e-01	   2.8978987331867506e-01	  -1.3012717830437012e-01	
   1.0036362998391182e-01	   8.7375092083942479e-02	   0.0000000000000000e+00	   5.5945017300691180e-01	   8.3031825545132387e-01	   7.5305519088987050e-01	   7.2246052808796779e-01	   3.3595364707430331e-01	   6.2891206303447156e-01	   3.0213063378008193e-01	   8.0768678796190554e-02	   8.0928152514568419e-02	   7.9657110220254651e-02	   1.3762688629064387e-01	   3.5477011241746798e-01	   2.6531701242757927e-01	  -8.6266453381189587e-02	  -1.0960263933648896e-01	   4.0294129353843200e-01	   2.5969089296100317e-01	   1.9669983803431149e-01	   1.8290477942081004e-01	   6.3650709267954553e-01	   5.5231326493757127e-01	   7.2675245926734600e-01	   6.2179821065336338e-01	   3.8879458705548586e-01	   5.7821895913527155e-01	   7.5983835364442934e-02	   4.3408290931383882e-02	   6.0718713994267448e-01	   4.3582362486153858e-01	   5.1241831340208233e-01	   4.7423828061580264e-01	   7.7174969269798666e-01	   7.0368346685866090e-01	   2.2346552660134267e-01	   3.1027383071309800e-01	   3.4499068726223342e-01	   2.8524441049926830e-01	  -1.0219134020958741e-01	  -8.9713106898535507e-03	   5.9766848109555171e-01	   4.2668257275671995e-01	   5.5206988409785640e-01	   4.3239001843527930e-01	   5.3206500025910886e-01	   5.4891978234029948e-01	   2.7113953850785821e-01	   2.7316431148162096e-01	   1.9975297099089573e-01	   1.8133670950055084e-01	   1.9438093295272477e-01	   3.2255908575879505e-01	   2.2319974604860462e-01	   2.4191070332794803e-01	   6.9317353947473972e-02	   2.1704903519487381e-01	   3.1135852591857033e-01	   5.0717169233426584e-01	   3.7525184795642563e-01	   3.1245359890926377e-01	  -2.6283002761763887e-03	  -8.4706979256004192e-02	   6.1095602834890561e-01	   5.6838537722292981e-01	   5.2281610790239708e-01	   4.2924296985970128e-01	   5.0648509353159010e-01	   5.2764860103213429e-01	   6.1390290413518248e-02	   8.3884805390041506e-02	   1.1879461510131795e-01	   1.0579373842454538e-02	   7.0354715050688396e-02	   1.3448575929967200e-02	   2.6522458720995035e-01	   3.0321145164530944e-01	  -1.3839788136944111e-02	   8.2851932385057614e-02	   1.9000905097610085e-03	   1.0354263147379703e-01	   1.3756815007555903e-01	   4.8498905752072975e-02	   4.3913938313218281e-01	   4.3372222144178196e-01	   4.0173008978127295e-01	   2.7479605443891919e-01	   3.8451889192014271e-01	   4.9115756802028304e-01	   5.0232537555676759e-01	   4.6157418591339894e-01	   5.2166487006272066e-01	   4.6744222376534389e-01	   3.0330848730516680e-01	   3.4384882941934414e-01	   2.3235450098842164e-01	   1.8596568647196726e-01	   2.7243973019181811e-01	   2.8710861820768252e-01	   3.7328995412827148e-01	   3.8386053176270518e-01	   2.9246531393394914e-01	   2.5878039864427405e-01	   4.9652690846158498e-01	   4.7722613998770497e-01	   2.7860411888717918e-01	   2.6465289460740005e-01	   1.0654655060763277e-01	   4.2619109534120214e-01	   3.4330772503695445e-01	   1.9268985963338600e-01	   2.7256343883064144e-01	   3.3266793126304994e-01	   4.5164520824008980e-01	   2.6178481363430772e-01	
   1.7094305583658864e-01	   2.2344822030971842e-01	   5.5945017300691180e-01	   0.0000000000000000e+00	   6.0515745147697908e-01	   9.8780386210931348e-01	   7.0629132822946317e-01	   1.2462638605622434e+00	   3.8046558074455977e-01	   7.0548701156043947e-01	   3.4755257373299908e-01	   5.5655829464612117e-01	   1.1878908771722602e-01	   4.4518048465344962e-01	   2.2555488926704167e-02	   3.9214620118125648e-01	   2.2766586165778394e-01	   2.2050150155942774e-01	   5.4966388183543802e-01	   7.2069744170432526e-01	  -1.0672819132809544e-01	  -8.5805374678320293e-02	   1.7332525342753058e-01	   5.1174530810749608e-01	   4.5009232233665639e-02	   3.3090460065868899e-01	  -1.4786342346579162e-01	   1.6800357072008715e-01	   3.7621319283334148e-01	   5.0398171548876491e-01	   5.3125584169320184e-01	   8.0799412042879981e-01	   4.9032748290952854e-01	   8.6604204926316897e-01	   2.3209013143738275e-01	   5.2754490084239225e-01	  -1.5918000751193406e-01	  -4.0881246263231051e-02	   1.1653216783489932e-01	   2.3223154330084805e-01	  -3.5784175699945055e-02	  -4.1604473732477137e-02	   5.3966002164061999e-01	   4.1230743475740900e-01	   4.3731835626369153e-01	   5.1500602695775832e-01	   5.4160574586004251e-01	   5.0254767912269160e-01	   2.7234943058717442e-01	   2.4495793336753890e-01	   2.6417490500816154e-01	   1.9292896504752707e-01	   1.1662868246290359e-01	   1.4714462565454065e-01	   9.4723253158368437e-02	   1.7293262083254146e-01	   1.4891988055999184e-01	   2.7203431881834739e-01	   3.5810203517280859e-01	   6.4266881912307028e-01	   4.0238902314893393e-01	   7.6836797967866399e-01	   3.7501498750054141e-01	   4.5982319590142645e-01	   3.4791410557301117e-01	   8.7531700434521942e-01	   6.1234342917136952e-01	   8.0339717766458518e-01	   3.1206721586836572e-01	   4.2140308587279374e-01	  -8.2799249434029332e-02	   1.7960297231285738e-01	   2.8347079838158695e-01	   3.6669627065403726e-01	   2.8642452843422905e-01	   3.7981380639330548e-01	   3.1727452097755565e-01	   6.1941810568685196e-01	   2.0121095750923060e-01	   2.6429642766729305e-01	   2.7330039739681306e-01	   2.4601447331661153e-01	   4.5922136311492813e-02	   1.7388022369975153e-01	   2.6804761929403353e-01	   6.3979366436513274e-01	   4.9573117663384028e-02	   7.8200884024802922e-02	   9.8552120931842194e-02	   3.6290938199831507e-01	   4.3631309913711858e-01	   1.4394993160258185e-01	   4.9138726803023425e-01	   1.1213743277169644e-01	  -1.8774653624868617e-02	   3.7096481660189778e-02	   1.1225636200548292e-01	   2.5231691429356620e-02	   3.7007329405886530e-01	   2.2760809278069710e-01	   5.3274009561585967e-01	   1.9903046526886836e-01	   3.1910837173093387e-01	   1.4338276945759892e-01	   4.8399646120411310e-01	   2.7595813509999212e-01	   2.0507209082452471e-01	   1.6345364663389367e-01	  -6.1464228972822270e-02	   1.9731221037068522e-01	   8.3149126413000998e-02	   3.8916487270462397e-01	   5.5238909717787132e-01	   3.0927755912459332e-01	   2.8482412890138953e-01	   9.8637765348379480e-02	
   6.8863347994896898e-03	  -1.9960448739847501e-02	   8.3031825545132387e-01	   6.0515745147697908e-01	   0.0000000000000000e+00	   1.1937517604651782e+00	   1.2340909429183031e+00	   8.1553852418470063e-01	   7.2501222385680431e-01	   7.9178495422919737e-01	   2.5004347159727153e-01	   1.3573665668300167e-01	   2.0695366462543135e-01	   1.9441720683177319e-01	   2.3995951653816350e-01	   1.5484751906406172e-01	   2.2573992677760783e-02	  -3.0343306608954495e-02	   6.1615232515257712e-01	   4.5971904659041407e-01	  -1.5831354794751737e-01	  -2.1735014612733763e-01	   3.0206459511669714e-01	   1.9463694514604030e-01	   2.3419091938062361e-01	   1.4529465104199429e-01	  -2.0374644216584312e-01	  -5.7730875512096921e-02	   2.3303120755629930e-01	   1.4358469901903159e-01	   4.0294311048492504e-01	   3.4553472537018481e-01	   6.7348811517357510e-01	   7.0265226748289733e-01	   4.5713623390158364e-01	   5.4717232114761538e-01	  -1.4675456572384160e-01	  -1.5830829838468294e-01	   1.6191834784801393e-01	   8.9123712830657370e-02	  -1.8655964079518295e-01	  -8.8542884762131291e-02	   4.4349657648544571e-01	   1.5815776832943396e-01	   6.4437420269869461e-01	   5.6043592798402952e-01	   3.1989935095851718e-01	   3.1660827178538714e-01	   1.1666153290838646e-01	   1.4174335901181703e-01	   5.9568238277982362e-04	  -8.6420573067427273e-02	  -6.9442538841954976e-02	  -8.6494749675897400e-03	  -3.7030288884720403e-02	  -1.0149324509629223e-01	   5.0290771487926621e-02	   1.9937607106954100e-01	   2.4551333773344336e-01	   4.5626770286942964e-01	   6.6416858557902481e-01	   8.4840044592542718e-01	   2.0336464807321974e-01	   9.0203338047494905e-02	   6.1006919697064554e-01	   6.1075198383748197e-01	   6.1169085735052953e-01	   6.3916404812334138e-01	   3.8201198871270819e-01	   5.2980881280144676e-01	  -3.4422258638707522e-02	  -4.9684266864684586e-02	   1.0150578434857149e-01	   3.0498498988724216e-02	   9.4010570110009725e-02	   8.6054828490839563e-02	   1.0816690759225429e-01	   1.6900694240954620e-01	   5.7306497166042046e-02	   8.4541240975666163e-02	   1.1010485491375246e-02	   2.9205430614980647e-02	   2.8122513229051077e-01	   3.1136684502619683e-02	   3.2169706858067393e-01	   2.3998030305063955e-01	   3.8985994274749386e-01	  -9.3889364487504387e-02	   3.3152352731054735e-01	   3.6284499105120049e-01	   4.4720469088235004e-01	   5.1577400050836064e-01	   5.4458771561134389e-01	   4.9512221968343728e-01	   2.0353546093258013e-01	   2.1129144942182670e-01	  -3.0092466132654642e-02	  -6.5470943626847411e-02	   1.9312736221620572e-01	   1.7505866331536224e-01	   3.2024550877579139e-01	   5.1521233200450867e-01	   2.1290915191677889e-01	   3.3999352898084040e-01	   2.6798996476049730e-01	   1.4240740303745442e-01	   1.5388801524085829e-01	   5.4031723067460380e-01	   2.0283945334446932e-01	   3.3108180307811469e-01	   1.0503175938840299e-02	   1.7984588884387226e-01	   2.8247890351190674e-01	   2.0288626842827015e-01	   1.2809757021595053e-01	   2.4290337387817712e-01	
   1.0197660984221095e-01	   9.4955713375974055e-02	   7.5305519088987050e-01	   9.8780386210931348e-01	   1.1937517604651782e+00	   0.0000000000000000e+00	   8.4294413858646589e-01	   1.2255184641951593e+00	   7.0550052155075804e-01	   1.1139449509725792e+00	   2.3518521548991667e-01	   3.1494593463937171e-01	   5.6840830132775001e-02	   2.6187637422579235e-01	   1.7932267689901363e-01	   2.8310561750213659e-01	   1.0888214996714286e-01	   7.2389581588053295e-02	   6.2483759266636218e-01	   5.2611777979080898e-01	  -3.9683594446751590e-02	  -4.8632671316246830e-02	   2.9491073433117576e-01	   3.5778844095709811e-01	   2.1390520372885641e-01	   3.6054600855010693e-01	  -1.3649252187990762e-01	   1.2435158013395062e-01	   2.2118008605636638e-01	   2.8710519736880147e-01	   5.8064501491945031e-01	   6.0584992440127639e-01	   6.5665845437042580e-01	   8.3358803165537187e-01	   5.1874619023296342e-01	   7.1598663449383759e-01	  -1.2428180503239994e-01	  -1.0500591769141265e-01	   1.2032142657540830e-01	   1.6128548391022615e-01	  -2.2106794156229059e-01	  -2.6866334581430517e-02	   4.9266393262756902e-01	   2.4186868399702841e-01	   5.6885395213986445e-01	   5.4925517930004952e-01	   4.1913207677104281e-01	   4.1779398460202782e-01	   1.1244953331768485e-01	   1.7700550478438309e-01	   7.9983760372636117e-02	  -8.8456084929554417e-03	  -6.6074366473565871e-03	   6.6930997501290668e-02	  -2.1348105846009595e-02	  -1.5705749439903167e-02	   1.2360359180244664e-01	   2.7040454183545282e-01	   2.7391655451094243e-01	   6.3319824018238380e-01	   5.4359364443887470e-01	   1.0494165408358562e+00	   1.8685107372491833e-01	   1.8489572519800726e-01	   6.9003087012808528e-01	   1.0037928748517886e+00	   6.1237536859832720e-01	   7.7935873962056268e-01	   3.7641879276436940e-01	   5.0759296083397520e-01	  -4.6603444471648783e-02	   7.3579442950803847e-02	   2.5155118255474851e-01	   2.6116479705833984e-01	   2.5211475104679554e-01	   2.6828709147896834e-01	   2.0979883805681049e-01	   3.4835718519531012e-01	   1.4206868070757905e-01	   1.9274275545759006e-01	   1.3316295297600120e-01	   1.4319581712368845e-01	   1.0832424135114625e-01	   2.0537863049433475e-02	   3.5022191316118456e-01	   4.0197296153142476e-01	   3.1608481348090400e-01	  -7.4026970246396179e-02	   2.1880648619752052e-01	   4.2881596913602132e-01	   5.0334984113214087e-01	   3.7187308838783301e-01	   6.1212609407452967e-01	   3.3758514171257664e-01	   2.7468425342754360e-01	   2.8780269540755993e-01	   1.0653044392033165e-01	   1.1840496890442237e-01	   2.9319135796287005e-01	   2.0779157749891652e-01	   4.8756270889601788e-01	   3.3025041601344629e-01	   3.2458162762555842e-01	   2.4302220214449843e-01	   4.0965818072333715e-01	   2.1631924950220413e-01	   2.1021483876333052e-01	   4.0597907762809360e-01	   3.1131571518410023e-01	   5.3007549352456595e-01	   6.0448523658866292e-02	   3.1069726792617247e-01	   4.6012116150025789e-01	   3.4626034301375525e-01	   2.8927271122326648e-01	   2.8858549347535167e-01	
   1.8815621677096384e-01	   2.2881000056566442e-01	   7.2246052808796779e-01	   7.0629132822946317e-01	   1.2340909429183031e+00	   8.4294413858646589e-01	   0.0000000000000000e+00	   8.8267395259539805e-01	   6.1720640809913097e-01	   6.2791236291478136e-01	   5.2903942142583815e-01	   3.4438109089225871e-01	   5.4038275871564367e-01	   4.0002657260230157e-01	   2.3662371267295026e-01	   2.0660031267108994e-01	   1.5335120387142875e-01	   1.4116405296118209e-01	   6.2664821817651972e-01	   6.6323358595253601e-01	  -1.8145861240481392e-01	  -2.6725429530340050e-01	   2.0814261212617255e-01	   1.7350840143715351e-01	   8.8673648643750477e-02	   6.3044324092683873e-02	  -1.7430576088520705e-01	  -5.4144868082492942e-02	   4.5001099685145607e-01	   2.9671632010263888e-01	   2.6327116284100632e-01	   2.4868437010649996e-01	   6.6547663055041162e-01	   7.5081384103669779e-01	   2.2086468478405044e-01	   3.1537594479208220e-01	   2.0238527621848284e-02	   5.3268957240177311e-03	   3.9174489402869167e-01	   2.6843553913018453e-01	   1.0150866775215980e-02	   7.4394327341187089e-02	   6.1344142270054192e-01	   3.5737506048774242e-01	   6.9600191277811452e-01	   7.2086633661909838e-01	   5.9765081851116242e-01	   5.3843157331731817e-01	   5.2240003046605399e-01	   4.5558030675795225e-01	   3.6663478782899445e-01	   2.5067380556432822e-01	   2.0077618505996553e-01	   2.3570125965547478e-01	   2.6688545734825941e-01	   1.9816152550699231e-01	   1.5971733564606544e-01	   3.3211244584619487e-01	   4.1855770790893099e-01	   5.3227979362455358e-01	   9.7179257678574205e-01	   8.2107871417369771e-01	   3.3423476388369755e-01	   2.3056967989552951e-01	   3.4876810381626766e-01	   4.6034254203003405e-01	   6.2387271186720294e-01	   5.8045137614801545e-01	   4.8796303490706505e-01	   6.0060400928087498e-01	  -8.6280451891621885e-03	   5.9963499857734998e-02	   2.8801113097449399e-01	   2.1608024972930562e-01	   2.2112237289237383e-01	   2.3482302502491592e-01	   3.3435441927710552e-01	   4.0811069825373952e-01	   2.2748308076726592e-01	   2.5049405774250766e-01	   2.0067326977076391e-01	   1.7096274875582429e-01	   3.6025361616937318e-01	   2.6786254543246035e-01	   3.4489251087499906e-01	   3.3696996771104948e-01	   3.1756625200033856e-01	  -4.5778005251320260e-02	   4.7918119730676245e-01	   4.5319386720382476e-01	   5.4235635000979876e-01	   4.7601014876441650e-01	   5.7775852754060641e-01	   4.9227017519062283e-01	   2.0957499715841188e-01	   2.1209899789181397e-01	   2.3058340678950279e-01	   8.9467891450570547e-02	   4.9017866756739698e-01	   4.5070213518732094e-01	   5.2187064602120004e-01	   6.2233941926289416e-01	   4.5552795559899845e-01	   5.8100475433126519e-01	   4.4756705374448069e-01	   3.2593853749541646e-01	   3.2844304170343114e-01	   6.6274796541109160e-01	   2.1425142050829887e-01	   3.7030042392125784e-01	   2.2763600025068217e-01	   4.7379828190802586e-01	   5.7608628344436319e-01	   4.1299280677620365e-01	   3.3695325977752089e-01	   2.5973472069259784e-01	
   2.3369806943737931e-01	   2.7044294863254159e-01	   3.3595364707430331e-01	   1.2462638605622434e+00	   8.1553852418470063e-01	   1.2255184641951593e+00	   8.8267395259539805e-01	   0.0000000000000000e+00	   5.5732264557353173e-01	   1.1996072540772225e+00	   5.0750346732744367e-01	   6.8099013572792333e-01	   2.6300871147926602e-01	   5.2368346344339911e-01	   9.4867003095370495e-02	   3.7306135618582931e-01	   2.7218908977260775e-01	   2.9062587253027666e-01	   7.2207818957667069e-01	   8.4204300768974272e-01	  -1.9313808173776253e-01	  -1.9644316840289588e-01	   9.2579736945247335e-02	   2.7486184019260845e-01	  -7.3647954636371554e-02	   1.5362830461227653e-01	  -3.3665239962552485e-01	  -8.6768687047043741e-02	   4.4380302690161777e-01	   5.4977318529969865e-01	   3.8244342123176711e-01	   5.3745591539995941e-01	   5.4273949912887787e-01	   8.7990486767773857e-01	   1.1588232119993891e-01	   3.7641514264073639e-01	  -2.0462591230512486e-01	  -1.5524644946461669e-01	   1.2711911848156013e-01	   2.0244507518861588e-01	  -5.6573696555928456e-02	   7.3297569265270868e-02	   4.8323848172590639e-01	   2.4987369408284152e-01	   4.3512473193779977e-01	   5.7148631281124673e-01	   4.5660371294979096e-01	   4.2304003036466348e-01	   2.4477413405724185e-01	   3.2723450588563718e-01	   2.4388458295946719e-01	   1.5446709957560389e-01	   1.1672620824014490e-01	   1.3750896719347824e-01	   7.0004520642783313e-02	   8.6914481830987877e-02	   1.9559627111486788e-01	   3.3728615538043932e-01	   3.9252846053174750e-01	   7.1697284087419666e-01	   6.8351748021023562e-01	   1.4401943323876178e+00	   3.6871081745413564e-01	   4.4761502099186318e-01	   3.6287730856984740e-01	   8.5762436608920378e-01	   5.3922937193971354e-01	   7.8041992126109705e-01	   3.7811575535004105e-01	   5.1266789252352252e-01	  -9.2676723158134952e-02	   1.8021540015611867e-01	   3.4779780778858366e-01	   4.7805179915166474e-01	   3.6364250298790596e-01	   5.0394844616769552e-01	   2.8827345361580242e-01	   5.3559723073958365e-01	   2.8205704773696633e-01	   3.1504216418006159e-01	   2.7926370740420514e-01	   2.1199861063395878e-01	   1.7427398250442852e-01	   2.1125249863847384e-01	   2.6414670581188870e-01	   4.1130480496606137e-01	   1.4575677230970874e-01	  -1.5396813303850784e-01	   2.0845882062190796e-01	   4.5503927561442348e-01	   5.2346496540141518e-01	   2.7661100431971258e-01	   6.0580085709796083e-01	   2.2844410406503829e-01	   5.4346706439507855e-02	   5.4267572374298786e-02	   8.9513797085961841e-02	   5.1134620809843045e-02	   4.4374044166257254e-01	   2.5640124542503734e-01	   6.3722572362170093e-01	   3.3575380048511144e-01	   4.2259043414244601e-01	   2.8363060483628610e-01	   3.3803321573581668e-01	   1.1768982462704226e-01	   2.5329207497524481e-01	   4.4057451317393342e-01	   1.2496896968371329e-01	   2.7765467166603031e-01	  -6.4704473576641247e-03	   4.8524173199358112e-01	   6.2232901668460749e-01	   3.3420426352499072e-01	   2.1299431210942682e-01	   1.4842053344974060e-01	
   2.2221177121262736e-01	   2.3953561851550909e-01	   6.2891206303447156e-01	   3.8046558074455977e-01	   7.2501222385680431e-01	   7.0550052155075804e-01	   6.1720640809913097e-01	   5.5732264557353173e-01	   0.0000000000000000e+00	   8.8560980208217244e-01	   5.4347782736164496e-01	   2.8661371149526160e-01	   4.4123311233248119e-01	   3.4091427186820317e-01	   9.1468012527831832e-01	   6.0685537939727119e-01	   5.1889525664254942e-02	  -1.0397850534111725e-02	   6.2368769734133389e-01	   3.5039717139774601e-01	   6.5177679158106211e-02	   1.3064468515823843e-01	   9.3827228177015065e-01	   6.7337194530595479e-01	   4.8199168901070166e-01	   4.8223739065092419e-01	   3.6574588000117542e-01	   3.5972877337018616e-01	   9.4829387425416189e-02	   4.7049222342859125e-02	   3.6086188276617182e-01	   2.5911956313580220e-01	   2.0723568939862869e-01	   2.1998573325915660e-01	   2.7450195827732699e-01	   1.8372310219259869e-01	   1.6867395524347628e-01	   1.9191483461462291e-01	   3.0740886878185941e-01	   3.2902043258255376e-01	  -6.6781460260691691e-02	   1.1209000134308464e-01	   3.7737858402656160e-01	   1.7901916337396492e-01	   1.6650034587976578e-01	   1.4081328010649236e-01	   3.7048774405588303e-01	   3.7924717090904297e-01	   1.4084084250657328e-01	   2.6972521563204838e-01	   1.7428898465127163e-01	   1.5226385156309813e-01	   2.6536362481439879e-01	   3.9617863283359434e-01	   2.1491098405146086e-01	   1.5829482071657586e-01	   1.1559561884489258e-01	   2.9926834125730406e-01	   1.4159599077509782e-01	   3.5956260704282905e-01	   4.7725460012646070e-01	   5.9249739389681544e-01	  -5.5746658722392234e-02	  -1.7403106566250712e-01	   7.8047790780444981e-01	   5.6327794253453001e-01	   3.7990557859750626e-02	   6.1278102180747127e-02	   6.0362636064174491e-01	   5.5252094320913381e-01	   8.8856358975706554e-02	   1.0814835484116471e-01	   2.0209546969233511e-01	   1.5409248026673500e-01	   2.6656495474503961e-01	   1.9041570529831667e-01	   2.5649563587733171e-01	   2.6174882176132386e-01	   1.3815762821667169e-01	   1.6005117944625089e-01	   1.9292166862929530e-01	   1.7723875724436436e-01	   4.5475076536475256e-01	   8.7412500376094979e-02	   8.6116689270475988e-01	   4.6905773759399716e-01	   5.3925983328935723e-01	   1.9910486130404734e-01	   5.8671238505122125e-01	   6.9335635355335390e-01	   7.9802394392555409e-01	   6.2662853270996144e-01	   8.8448353533810065e-01	   7.6933713943381310e-01	   4.9549008988712034e-01	   3.7913885055274688e-01	   2.6401230501595330e-01	   3.2181071987344839e-01	   3.4299946759320071e-01	   2.5426317222503253e-01	   5.3334459875281259e-01	   5.1519513291593477e-01	   3.6269427051714997e-01	   2.8384017721659072e-01	   2.9199966322115534e-01	   3.7679032566542248e-01	   2.7233606004473510e-01	   3.8292294365187990e-01	   2.7099913407098986e-01	   5.3521802031866816e-01	   2.8011048959692098e-01	   2.9900828456121548e-01	   4.0781898872569106e-01	   5.0500701886516453e-01	   4.6094553364033114e-01	   3.5105242883336324e-01	
   2.8083425572287379e-01	   2.2988796692151456e-01	   3.0213063378008193e-01	   7.0548701156043947e-01	   7.9178495422919737e-01	   1.1139449509725792e+00	   6.2791236291478136e-01	   1.1996072540772225e+00	   8.8560980208217244e-01	   0.0000000000000000e+00	   4.7152685759043766e-01	   4.8942983817615315e-01	   1.8861639476118325e-01	   3.9961409699807948e-01	   3.2898789064222655e-01	   5.4344886956473382e-01	   3.2184152701188096e-01	   2.5000567246543892e-01	   7.6620971112556480e-01	   6.6643766296506901e-01	  -1.0984579414002812e-01	  -5.7729691656126507e-02	   2.9803412808671170e-01	   3.9382688087397077e-01	   6.9387533536085830e-02	   2.2321018024511460e-01	  -1.5185375944687476e-01	  -2.9150235265185512e-02	   2.9398618018111911e-01	   3.8285445280355906e-01	   3.3412452799390563e-01	   4.1741086352652473e-01	   4.5680019223969215e-01	   5.9819381603296085e-01	   1.5128400015620075e-01	   2.9820419593459441e-01	  -1.1339597847323184e-01	  -1.1914633759811599e-01	   1.4550062476999462e-01	   2.0521940688636059e-01	  -5.5942750432887600e-02	   1.1580863331711114e-01	   4.1553430679422354e-01	   1.9435828128328070e-01	   3.5049289808470463e-01	   4.0903172870165094e-01	   3.7960697515164032e-01	   3.9460720024010998e-01	   9.4603015271584989e-02	   2.0209561466287093e-01	   1.3012223208332349e-01	   4.4875522699014958e-02	   7.9812493045216829e-02	   1.6317103318205248e-01	   3.3609128554559380e-02	   4.2820305924272495e-02	   3.1294661426474935e-01	   3.7621952433472200e-01	   2.3869898840162390e-01	   5.2384644221585974e-01	   4.7484794626341587e-01	   9.9389253131092348e-01	   2.7941690777506722e-01	   2.5187976395114786e-01	   5.6422824407108219e-01	   7.1760936236427608e-01	   3.7123427327218594e-01	   5.2584906957554756e-01	   4.8129673302389009e-01	   5.1520099017463550e-01	  -1.1700815260036211e-02	   1.0220047044932895e-01	   3.5327568239905427e-01	   3.9683500685884482e-01	   3.7907648684303058e-01	   4.0887272272918057e-01	   2.5853396589416683e-01	   3.6749227477077417e-01	   3.3480781179844343e-01	   3.2615949180798837e-01	   3.0486435337188206e-01	   2.4550548165835212e-01	   3.3036567855480153e-01	   1.7565026081504168e-01	   4.7958582424277063e-01	   4.0520842846864480e-01	   3.4375073564062597e-01	  -1.3340906144405693e-01	   2.9567718010524985e-01	   4.8925487539133450e-01	   6.2303433687890231e-01	   4.2436223365272074e-01	   7.9469961783659337e-01	   4.7620825993793298e-01	   2.3509956242545951e-01	   2.8364852786949168e-01	   1.4281166213811936e-01	   2.6039436718846054e-01	   3.8547437505612625e-01	   2.6879920411974528e-01	   6.6018812433994167e-01	   4.5606735097935486e-01	   4.6424606749978764e-01	   3.5773423367022350e-01	   3.5118343701020815e-01	   2.4224436879688155e-01	   3.3690780786879299e-01	   4.7562411367404056e-01	   2.3327224026559695e-01	   3.4861997265682371e-01	   5.1148003576084580e-02	   3.7992549289621458e-01	   5.7024405223248575e-01	   4.4098911879503322e-01	   2.7246295978368357e-01	   2.8998507550973041e-01	
   6.0130959833897202e-01	   5.5069091338256893e-01	   8.0768678796190554e-02	   3.4755257373299908e-01	   2.5004347159727153e-01	   2.3518521548991667e-01	   5.2903942142583815e-01	   5.0750346732744367e-01	   5.4347782736164496e-01	   4.7152685759043766e-01	   0.0000000000000000e+00	   7.9185732605795356e-01	   1.1829985068510047e+00	   8.3706781738203750e-01	   7.3240408709760407e-01	   6.3067246489813922e-01	   6.5421947247458878e-01	   4.8658778668895553e-01	   6.5479013932633623e-01	   6.6458491151784183e-01	  -6.3461407492227492e-02	  -8.7034619575798763e-02	   3.9453482992078265e-01	   3.4923827375608546e-01	   5.4737837589282322e-02	   9.7963485375828982e-02	   8.1365585031711971e-02	  -1.0302242337053385e-02	   7.0958759688091655e-01	   5.0667373384510395e-01	   1.5153060556234993e-01	   1.9963264548066839e-01	   2.4217578921235078e-01	   2.6341548986134694e-01	  -2.0038623660812652e-01	  -1.8477854525610071e-01	   2.3555347126777282e-01	   1.8566086256760417e-01	   4.3067690167578554e-01	   4.3834938889355091e-01	   4.3989792934775562e-01	   4.4557516320388568e-01	   5.2607091803674910e-01	   4.6497013111884089e-01	   1.7062917250222354e-01	   2.8984326056537224e-01	   6.2242894104825897e-01	   5.3510478033218223e-01	   5.9467870084750796e-01	   5.5646903657860070e-01	   6.2948085099280993e-01	   4.8609845372244775e-01	   5.1500818963242900e-01	   5.0845451403923958e-01	   5.6134035335015464e-01	   4.5905436833998514e-01	   4.2469233821458519e-01	   5.4541520264963228e-01	   4.3268783832452978e-01	   3.7054365179229876e-01	   5.4825299231048708e-01	   3.9874463883142236e-01	   5.2890421026303491e-01	   4.1839763153571741e-01	   1.2969838017520462e-02	   5.9974709950654105e-02	   1.3906614647013535e-01	   1.1191136262701402e-01	   5.7899002036909231e-01	   3.8909621429595581e-01	   9.5154419334349746e-02	   3.3229008378792213e-01	   5.5627421715055991e-01	   4.8211140466559638e-01	   5.6884716621168208e-01	   4.9493078719315248e-01	   5.7169139354347331e-01	   5.4378844497284218e-01	   6.5211565937451588e-01	   5.0976902480794095e-01	   7.6317764157776091e-01	   4.0292218055304341e-01	   6.8172360863883386e-01	   6.2978941127370991e-01	   7.1111720222996855e-01	   4.2313864737535989e-01	   3.6979949109703802e-01	   1.7934993234840674e-01	   5.1543052422047508e-01	   4.0669203058713843e-01	   5.6603673248074582e-01	   2.4334003022530695e-01	   4.9257155474912218e-01	   2.7593574554511835e-01	   9.1928105372148711e-02	  -1.2819375172806399e-01	   3.9946535807602013e-01	   3.2421129100363483e-01	   6.7231918075105135e-01	   5.2305333412316357e-01	   5.6460602983172981e-01	   3.9160970209529911e-01	   5.7365422361804497e-01	   4.5536584491210008e-01	   2.5805994212740729e-01	   2.6923554545806910e-01	   3.5569094057476291e-01	   3.1873298349429480e-01	   8.4895825663503968e-02	   2.1575079258856478e-01	   3.7032766662889777e-01	   6.9133140572282981e-01	   7.0938573235734714e-01	   4.5469455806054138e-01	   2.9845295553073253e-01	  -9.3024161728417210e-02	
   6.7404925792380332e-01	   9.3056316351201984e-01	   8.0928152514568419e-02	   5.5655829464612117e-01	   1.3573665668300167e-01	   3.1494593463937171e-01	   3.4438109089225871e-01	   6.8099013572792333e-01	   2.8661371149526160e-01	   4.8942983817615315e-01	   7.9185732605795356e-01	   0.0000000000000000e+00	   5.6214268560546932e-01	   1.4531032506362325e+00	   3.6007879421305544e-01	   8.6846642120450790e-01	   4.7633038464272059e-01	   6.6037488707073655e-01	   5.4173409413406981e-01	   1.0662762767785179e+00	   1.2176523796625378e-01	   2.2170658878446464e-01	   1.4676937207752686e-01	   3.7299724877506407e-01	   1.4840069807130492e-02	   2.7011514011810445e-01	   8.0337336801732259e-02	   1.1021132798309380e-01	   6.6366481496148910e-01	   9.4225443859973512e-01	   2.3914335858859589e-01	   3.4368366681469364e-01	   3.1675100727667077e-01	   5.1535034855437445e-01	  -1.6810146163610654e-01	   8.3381344397297410e-03	   2.7451766532861654e-01	   3.8012147081789910e-01	   5.3509494012188907e-01	   6.7301240895790682e-01	   5.6967244211652002e-01	   6.8699989890036028e-01	   5.2893011653396582e-01	   4.6135494482059586e-01	   1.0037971269164681e-01	   2.9759198687528254e-01	   5.7221108471886861e-01	   5.4058930318826792e-01	   6.4402681080930668e-01	   7.9055483960243744e-01	   9.0940026442644561e-01	   8.2646746147014061e-01	   7.6284762066882339e-01	   5.9527288831719383e-01	   7.2309293987958712e-01	   6.8848205924027273e-01	   4.9862570944419671e-01	   7.0909459602189051e-01	   6.6586757453110212e-01	   9.2343799147925876e-01	   4.7191881395917745e-01	   6.1914627198667171e-01	   4.1195996790486228e-01	   7.1857248440700305e-01	  -1.2054269790460878e-01	   2.2855244222693955e-01	   2.8885898467154181e-01	   3.5715811358571647e-01	   6.8013479563088353e-01	   5.9467375109454057e-01	  -1.0264800350439487e-02	   4.1363944580497625e-01	   6.6211256715583366e-01	   8.8608168944169874e-01	   6.9476535633906855e-01	   9.4989910051381810e-01	   6.0941222821348850e-01	   9.3337897797140235e-01	   5.5177937655929732e-01	   5.3059904592523477e-01	   6.6052248435457950e-01	   4.6915430155913740e-01	   3.5660011668093194e-01	   8.7544790695010866e-01	   4.3008271463428699e-01	   5.5265491412568168e-01	   1.9435016490164705e-01	   8.0568403310958714e-02	   4.6015143841897871e-01	   6.4975621935227013e-01	   4.9676926357476725e-01	   6.9824521469804238e-02	   4.3263688610746298e-01	   4.2277877850821335e-02	  -1.4707151385869055e-01	  -1.6130978137379814e-01	   4.1422095705289352e-01	   3.0649411296835705e-01	   8.4804674162211158e-01	   4.0024884002195921e-01	   9.2222325097976610e-01	   2.6739588197785019e-01	   8.1514639391734489e-01	   2.9917645154907813e-01	   2.9421768775113200e-01	   1.3840977234246979e-01	   3.3687332795959402e-01	   2.6188516139573381e-01	  -8.2156523978950041e-02	   5.5575288362466245e-02	   2.2962188871962128e-01	   6.1528076968584211e-01	   6.6713442035894321e-01	   2.8920515805337693e-01	   2.4132093870496540e-01	  -1.4122745016070723e-01	
   3.5201779815495454e-01	   5.1596775995508737e-01	   7.9657110220254651e-02	   1.1878908771722602e-01	   2.0695366462543135e-01	   5.6840830132775001e-02	   5.4038275871564367e-01	   2.6300871147926602e-01	   4.4123311233248119e-01	   1.8861639476118325e-01	   1.1829985068510047e+00	   5.6214268560546932e-01	   0.0000000000000000e+00	   7.5827288177609531e-01	   7.1787719595313704e-01	   4.0350863352354704e-01	   3.1737910590526780e-01	   2.9025577522861901e-01	   2.8001086438182715e-01	   4.5578694028317118e-01	  -1.4116956993569590e-01	  -1.2577129926415748e-01	   3.1917250599513358e-01	   2.3938817089174491e-01	   4.4430786418400078e-03	  -1.0904861160127134e-04	   1.6692914181911295e-01	  -1.5782626878898025e-02	   4.5610006908532208e-01	   1.9747640472184513e-01	  -1.3492144500999362e-01	  -1.2743715272834669e-01	   1.7546511753781291e-01	   1.3767347436170974e-01	  -1.5829446495613331e-01	  -2.6954821232497439e-01	   4.6418860536052325e-01	   2.4981013150124942e-01	   6.1074652949513974e-01	   4.8501263938591593e-01	   5.7923846830087788e-01	   3.9079236255996208e-01	   3.0581400685943233e-01	   2.2211919203583791e-01	   5.5777000320860914e-02	   1.2756111938693937e-01	   3.9032473233078230e-01	   2.9864122032822449e-01	   5.8403881889045195e-01	   4.8327966462098226e-01	   5.8402474685603423e-01	   4.4680456884177333e-01	   5.2807506664085757e-01	   4.3008463364208094e-01	   6.9680116851901797e-01	   4.0136545547863128e-01	   1.9479129916250337e-01	   3.5911363166851551e-01	   2.8420378917535150e-01	   2.1389948158043470e-01	   6.7247839776211582e-01	   2.9320998430680001e-01	   3.2296376288273809e-01	   2.4285154849935525e-01	  -5.7810044694981549e-03	  -6.5931132766555919e-02	   6.0256998010749470e-02	  -5.0462310309643058e-02	   5.1419039037317460e-01	   4.2416083315181613e-01	  -1.2461530521354597e-02	   1.1274113176405511e-01	   3.3189950056650314e-01	   2.2723357083404305e-01	   3.7145236821797262e-01	   3.2517282413286713e-01	   3.3219608452392174e-01	   2.8675605557894035e-01	   3.9318452204642168e-01	   2.5669716198850495e-01	   5.0134449753875032e-01	   2.6372065852735971e-01	   7.2780933308467954e-01	   6.3148411264446036e-01	   6.5935792029450435e-01	   3.6201320633297207e-01	   4.0349483417629034e-01	   1.9017361056064827e-01	   7.9984568688207347e-01	   4.4655536089895126e-01	   4.0648278660003634e-01	   2.0914477343344068e-01	   3.1424126614116427e-01	   2.5567559434332576e-01	   1.6910775078602652e-01	  -5.2783533530130579e-02	   4.1235179899628377e-01	   1.5380515124239189e-01	   5.3773009807958094e-01	   2.9877309060049145e-01	   4.3597581806116115e-01	   3.5601202930202364e-01	   4.3325750842823518e-01	   3.7923213504272457e-01	   1.2040887630032139e-01	   1.2137659404121363e-01	   2.2161035147759275e-01	   4.0211573602865541e-01	   1.6440915650857765e-01	   2.4992314178425662e-01	   3.1161685712081422e-01	   4.3105020626123020e-01	   4.1869303733548185e-01	   2.6578591516338335e-01	   1.9352844757305113e-01	  -8.8113475583567219e-02	
