   0.0000000000000000e+00	   1.7502341934588086e+00	   8.5977164930283612e-01	   9.5024665240385409e-01	   9.6058458819677517e-01	   7.4385810446774903e-01	   8.1721688519235214e-01	   8.6347321565596480e-01	   8.8063925281075117e-01	   3.0217366897296005e-01	   1.7696794692894444e+00	   1.0348438754382954e+00	   1.2120573052433186e+00	   1.0004093369642422e+00	   1.0548977478047055e+00	   1.1475086895744320e+00	   1.1874194066881576e+00	   1.0795649458492436e+00	   1.3277230870039685e+00	   1.3740747705756085e+00	   5.9780154322826728e-01	   6.5469005632528043e-01	   1.0867490578558421e+00	   7.9076688107924620e-01	   8.7347520625324226e-01	   1.0838786856459661e+00	   8.3549307237372283e-01	   8.9561783813500395e-01	   8.7251609970616772e-01	   9.5837610348810109e-01	   7.8185186710091981e-01	   7.1825000178365506e-01	   1.2168990386132625e+00	   1.0441289323287106e+00	   7.1305171335360318e-01	   5.6931116946068683e-01	   8.8929544390417692e-01	   1.0501124031689577e+00	   1.0461312251251287e+00	   1.0172850605922927e+00	   1.1213726597218083e+00	   9.0654430598951863e-01	   1.1314697340198336e+00	   1.0532643686930832e+00	   8.5776937228557837e-01	   1.1432611971498661e+00	   1.2511182434078207e+00	   1.3059784970735262e+00	   6.9824358434101041e-01	   7.2645670523058170e-01	   8.7306557938277141e-01	   7.3953729490678244e-01	   6.6270068406455462e-01	   7.3022278133762897e-01	   1.3339272381351943e+00	   1.3374682145152339e+00	   1.6159191841834282e+00	   1.5803481101575449e+00	   9.2391949134590989e-01	   8.8129015152390733e-01	   1.2360508846814338e+00	   8.7770714975453368e-01	   1.1615012109260665e+00	   9.2664916456209234e-01	   9.0903520591165543e-01	   8.3334078212366958e-01	   8.8897771238166667e-01	   6.7193804396062951e-01	   1.1218542981032966e+00	   9.4783300135302651e-01	   3.2386632706077451e-01	   4.2427981109870205e-01	   1.0262541395792586e+00	   1.1255047837980325e+00	   9.1943313472079979e-01	   9.7798752423383439e-01	   6.7736082554995480e-01	   8.1140853743304375e-01	   1.1612340221760733e+00	   1.1366283728772792e+00	   1.4535403091920305e+00	   1.4369622194868397e+00	   1.3741504553201691e+00	   1.4089401035889917e+00	   1.6125415012179509e+00	   1.2899515435530970e+00	   1.3436183125187997e+00	   1.2948075021317800e+00	   7.1736328688795736e-01	   9.0130514196955613e-01	   5.0498975357184639e-01	   3.6654756909917985e-01	   2.9448662861383396e-01	   4.0482166995175828e-01	   6.9780369288574517e-01	   7.2102162026031213e-01	   1.2128857826858319e+00	   1.3615734470509253e+00	   1.2787774667689662e+00	   1.1843020251367085e+00	   6.0204318622216457e-01	   5.9291124057681233e-01	   9.0457550310998869e-01	   8.6220125907653045e-01	   3.3651997338642442e-01	   3.2262157926531365e-01	   1.8385011371424748e-01	  -6.5565785260633155e-02	   1.1980946693726668e-01	   4.1501119978491202e-01	   9.6226131820567162e-01	   8.7232184151253334e-01	   7.3428225078818465e-01	   1.0022053370914046e+00	   6.8850394092639400e-01	  -2.3485568486823591e-01	
   1.7502341934588086e+00	   0.0000000000000000e+00	   6.8658313463194054e-01	   8.2825375265044143e-01	   7.6722125943880448e-01	   6.0313266010339273e-01	   6.2217275345155054e-01	   7.9503876456275080e-01	   6.9655090439235079e-01	   2.1935051060087554e-01	   1.5140488716579781e+00	   1.2342274618019244e+00	   1.1351045851779884e+00	   1.1024558042334651e+00	   9.2065552179934984e-01	   1.0230660609279585e+00	   1.3036040966700180e+00	   1.2811187320645541e+00	   1.1427622025844419e+00	   1.5531244879230888e+00	   6.1290133747016673e-01	   6.0149815006687135e-01	   9.1274864913288500e-01	   6.6273059961208325e-01	   7.5515119493739125e-01	   8.8351993901866488e-01	   7.2141741127562620e-01	   7.4020352053955207e-01	   9.7818959320299603e-01	   1.1147869656405907e+00	   7.0431728392016157e-01	   6.4452504941926558e-01	   1.2590371391841086e+00	   1.1603003177198685e+00	   6.8475451928373987e-01	   5.8277946301611472e-01	   9.4467292945147352e-01	   1.0958421473981068e+00	   9.4398044599283171e-01	   9.3592356513114627e-01	   1.0957491679470086e+00	   1.0098303889034541e+00	   1.0787101646799808e+00	   1.0827452153242014e+00	   8.1534562269151845e-01	   1.0981989506055323e+00	   1.1495861948963066e+00	   1.2472096191623674e+00	   6.2094676418508143e-01	   6.6651944675767194e-01	   8.0933492215229919e-01	   6.9859674214124479e-01	   5.6066463287807777e-01	   5.9634806695714171e-01	   1.1181495800878010e+00	   1.1308161184453902e+00	   1.5126104627673207e+00	   1.9534238725956590e+00	   7.8363879503928136e-01	   8.6033119812643832e-01	   1.1397521020263213e+00	   1.0061460835292149e+00	   1.2718890418292892e+00	   1.0300538856460861e+00	   7.8815339846231036e-01	   8.2775124175691595e-01	   7.6805125447100697e-01	   6.0677355736513927e-01	   9.8276671175365926e-01	   8.4483993822588355e-01	   2.9709499143299045e-01	   4.0670112777115530e-01	   1.1327360540257738e+00	   1.2823904749574451e+00	   1.0062804972371866e+00	   1.1196808464607642e+00	   6.2871174738624647e-01	   8.2545428256564723e-01	   1.2441619418426766e+00	   1.2183708990058566e+00	   1.5131685496154086e+00	   1.4542259266832154e+00	   1.1665600820298299e+00	   1.2418162869373499e+00	   1.4089166412276408e+00	   1.1258490935143488e+00	   1.1926163453052312e+00	   1.1776668693652230e+00	   6.3843057674645376e-01	   7.6049065729103749e-01	   4.5468014759402858e-01	   3.0745653259688793e-01	   2.7725312298812443e-01	   3.5992614533694239e-01	   6.0416759375688234e-01	   6.4259092441993682e-01	   1.2596086707740062e+00	   1.1898609832062406e+00	   1.1997021511131178e+00	   1.0170475577408127e+00	   5.6788939400497340e-01	   4.7865397551301403e-01	   9.1666032289062371e-01	   7.2560946529271453e-01	   3.8031353648513383e-01	   2.9817374559107396e-01	   2.9996941321636150e-01	   8.3618240260031548e-03	   6.0213574438769055e-02	   3.1512432624628017e-01	   9.0534366549400702e-01	   8.4008578489026298e-01	   7.1846624958396743e-01	   9.2669363161447271e-01	   6.6631446870024458e-01	  -2.1271102290271696e-01	
   8.5977164930283612e-01	   6.8658313463194054e-01	   0.0000000000000000e+00	   1.5618183265734120e+00	   1.8197873691970243e+00	   1.0342226973298858e+00	   1.6744484038565606e+00	   1.0669318060269668e+00	   1.5510074231498763e+00	   6.5898513738030606e-01	   6.3051556775155260e-01	   5.0598157637298846e-01	   7.6912571192316581e-01	   6.0542604317900250e-01	   1.2042164187479183e+00	   9.9013693519484347e-01	   3.8336224597396446e-01	   3.3621739263670758e-01	   1.1866654286553331e+00	   9.3634951677424416e-01	   5.6432851412954155e-01	   6.1754831886856743e-01	   1.7921609688123263e+00	   1.3557941965944831e+00	   1.7247694322681275e+00	   1.2424387771418879e+00	   1.6643376385845809e+00	   1.3906412951753002e+00	   2.5072954534777503e-01	   3.2278424675546635e-01	   9.0463608896893011e-01	   7.6941458199798096e-01	   9.1852413684118184e-01	   7.8916688409447144e-01	   1.2287991326218408e+00	   8.7114808580430436e-01	   5.9118431968549789e-01	   6.5498583786409448e-01	   7.7808059593851131e-01	   7.0904651867794910e-01	   6.9648025963214888e-01	   4.5242744077026459e-01	   8.7073563522217390e-01	   5.6305085015766299e-01	   9.8390353052261115e-01	   7.9497546879341652e-01	   6.8768799954295734e-01	   8.4782781365978166e-01	   8.5301625887011256e-01	   8.7094125843068659e-01	   8.3603972265891435e-01	   7.8681173148331729e-01	   7.7910939422161141e-01	   9.8782470339772888e-01	   7.7336784174972639e-01	   7.5920276946656218e-01	   5.6283527463985061e-01	   5.4515138128160523e-01	   8.9593906897269804e-01	   7.0683174636803670e-01	   8.8922136998856327e-01	   3.8880474487063005e-01	   3.6380123425603933e-01	   2.9044628767599273e-01	   1.2649639256982612e+00	   6.5247727120663612e-01	   1.2923722087853244e+00	   9.8037162083612606e-01	   1.0975784504526185e+00	   8.8407874076748061e-01	   5.8318358003814086e-01	   4.1367315241458313e-01	   5.0106546701034593e-01	   5.1828439472621834e-01	   5.4371257121832395e-01	   5.8232838270962406e-01	   7.0124590080134253e-01	   6.8079118017542561e-01	   3.8272132544112653e-01	   3.8984151679730467e-01	   4.8193667767816412e-01	   5.5669428706601953e-01	   1.0607524806507680e+00	   7.8637820680914217e-01	   8.3500414885789775e-01	   8.3614311370274663e-01	   7.8545258934214934e-01	   8.9975181399262560e-01	   8.6109955847546482e-01	   9.5258022893709682e-01	   1.0240895796340892e+00	   1.0295403748799068e+00	   8.9188564900912870e-01	   1.0161238958137053e+00	   3.8644736398272023e-01	   5.6252448118165366e-01	   5.3900145537377053e-01	   7.5624991119811935e-01	   9.2737179332806619e-01	   1.0630042693410033e+00	   1.0130565622375043e+00	   1.1949280162018894e+00	   8.2719715201234356e-01	   1.1373408448177289e+00	   3.9422594241761083e-01	   2.9474542838511336e-01	   2.0231041776509950e-01	   3.4457654417195879e-02	   9.2798838725857341e-02	   2.7252508076517462e-01	   9.5007265982788291e-01	   9.5449026558866867e-01	   9.2623819418143860e-01	   1.0260056820469696e+00	   5.7947428836209680e-01	  -4.3527804981520363e-01	
   9.5024665240385409e-01	   8.2825375265044143e-01	   1.5618183265734120e+00	   0.0000000000000000e+00	   1.6285454381454529e+00	   1.2057361735379131e+00	   1.6178100842077301e+00	   1.7227283841444065e+00	   1.7828664722458059e+00	   7.5932927350188306e-01	   7.5592003990348033e-01	   7.2272344962746604e-01	   9.7521201851955230e-01	   9.0079593996606078e-01	   1.2677903429032005e+00	   1.3277740945891279e+00	   5.0993571877442712e-01	   4.2369075189685901e-01	   1.2470310112607788e+00	   1.1582659240561541e+00	   5.2951854826551403e-01	   6.9009164293470937e-01	   1.6742157615484650e+00	   1.6371954989128197e+00	   1.2425100106032498e+00	   1.4091437436096770e+00	   1.2690380032367585e+00	   1.2744202762783272e+00	   4.2837279249754429e-01	   5.1546487332366464e-01	   1.0501807763680109e+00	   9.6648188972616145e-01	   1.1331289657197070e+00	   1.0435520404031158e+00	   1.1356883162580704e+00	   9.2430321963745532e-01	   6.1175800385641577e-01	   7.4132879959999087e-01	   7.5691548082304649e-01	   7.2560848826960345e-01	   7.0694380431082793e-01	   4.8739997663000967e-01	   8.8597729152161842e-01	   6.1462426366769518e-01	   1.0031631874370845e+00	   9.3294288479393594e-01	   7.1996753311778805e-01	   8.6673493059575291e-01	   8.9374898444203288e-01	   9.5835272374107472e-01	   9.1088398502268775e-01	   9.2048149024816384e-01	   7.7010517911489629e-01	   1.0230209471573284e+00	   8.4625447571050993e-01	   7.9992546484849791e-01	   6.5888041664119590e-01	   6.5369353885181991e-01	   1.0531152129314132e+00	   9.5216315474193181e-01	   1.1371202697662677e+00	   6.5083904163786954e-01	   5.3418419829621033e-01	   5.0388830962215692e-01	   1.1350436056150803e+00	   9.1919717959149561e-01	   1.3309158984064720e+00	   1.1475718493287133e+00	   1.0432295191461627e+00	   9.1931437424914997e-01	   6.0512153043384009e-01	   5.7964808033982718e-01	   6.9330576596291349e-01	   6.9257663719957907e-01	   6.9956541375149528e-01	   7.3423177326709366e-01	   7.4741466723264571e-01	   7.9263844897167646e-01	   5.2578397438414148e-01	   5.1558923596715678e-01	   6.3048803591315505e-01	   6.7285733085909805e-01	   1.0538628813728892e+00	   9.1290462278399598e-01	   9.3746388061257158e-01	   1.0009250844077977e+00	   8.4418840044526333e-01	   1.0241633544083821e+00	   8.6159347087581195e-01	   1.0608692827382562e+00	   9.3976447368308802e-01	   8.5280590561543068e-01	   7.7485830160644520e-01	   8.3067458264928073e-01	   4.5911934344616023e-01	   5.8531992360348573e-01	   6.4748598416062408e-01	   8.0504844422544675e-01	   1.0685430895865862e+00	   1.0619547971280228e+00	   1.1526227582403914e+00	   1.1375246466018525e+00	   1.0491159478127903e+00	   1.1577971742375393e+00	   4.6152172612890008e-01	   2.7852188489971541e-01	   2.6772361752755325e-01	   7.4517482237344349e-02	   9.8526718514508532e-02	   2.9063851132081708e-01	   9.4654427011233899e-01	   9.3188982018036859e-01	   1.0005949866548571e+00	   1.1629856812965331e+00	   6.6952388365772042e-01	  -3.6709880390565847e-01	
   9.6058458819677517e-01	   7.6722125943880448e-01	   1.8197873691970243e+00	   1.6285454381454529e+00	   0.0000000000000000e+00	   1.1674389263723794e+00	   1.7623569528159562e+00	   1.2710217471378176e+00	   1.9487021777983862e+00	   6.4999028334960618e-01	   7.3716393628975641e-01	   6.6379064572273960e-01	   9.0647448956338761e-01	   7.6472625459253263e-01	   1.3546834478548804e+00	   1.1806904517411134e+00	   5.0049567387947591e-01	   4.2189405345604214e-01	   1.2341352690191780e+00	   9.9516076452489433e-01	   4.4233148165026093e-01	   5.9692942716000585e-01	   1.6564595191807179e+00	   1.3097311853880598e+00	   1.4839240277743417e+00	   1.4428526263164256e+00	   1.3889063026705906e+00	   1.3329928240273499e+00	   3.5272117382136708e-01	   4.4973625961475711e-01	   8.8099255598140847e-01	   8.4981237676338317e-01	   9.0173777337763816e-01	   8.0504985577093691e-01	   1.0341150025633441e+00	   7.6088201652243292e-01	   5.5577695707206742e-01	   6.6392091309882495e-01	   7.0022847999218896e-01	   6.7338356636712260e-01	   6.4458018046751120e-01	   4.3801996097741674e-01	   7.7460723175389767e-01	   5.1078949960075837e-01	   8.8622312475381781e-01	   7.8087764304504848e-01	   6.5681468643998653e-01	   8.1729257425793345e-01	   8.1388778091526848e-01	   8.9406158910137679e-01	   8.1238606738725838e-01	   8.1332586111633176e-01	   7.2269428398979674e-01	   9.6989542888111058e-01	   7.8825534427265842e-01	   7.9276060726272735e-01	   6.4115759456802124e-01	   6.0166856292997462e-01	   1.0053359121234255e+00	   8.2258580240318491e-01	   1.0613575635118460e+00	   5.4787235831683423e-01	   4.5870149774829527e-01	   4.6537329072579070e-01	   1.1077039103871986e+00	   7.6767502800465459e-01	   1.2864224294182161e+00	   9.8613419355200471e-01	   1.0467573613623733e+00	   8.9037284770047420e-01	   5.9535030407762979e-01	   4.8021199223414757e-01	   5.4720507198031543e-01	   5.7345318279913493e-01	   5.3096204486550380e-01	   5.7237534108026422e-01	   6.1975668048192778e-01	   6.3753263547129935e-01	   4.9388011587135749e-01	   4.7397747633714760e-01	   5.8925303994503742e-01	   6.2920208317614845e-01	   1.1123482997467191e+00	   8.6981870194077926e-01	   8.5401351481005605e-01	   8.5231336159277049e-01	   8.8610933660743285e-01	   1.0022567229234882e+00	   7.0725746149431712e-01	   8.8825419661197436e-01	   8.8118867608761242e-01	   9.0827392961341513e-01	   6.7711811891975970e-01	   8.0977780262658239e-01	   3.7104783326419788e-01	   4.5273110715174447e-01	   5.3857143737651747e-01	   7.2441083155921970e-01	   9.7754169572974514e-01	   1.0625433374288287e+00	   9.3628533638481293e-01	   1.1019013864792917e+00	   9.8714864797861468e-01	   1.2058678881822524e+00	   4.4235619359461564e-01	   2.9979059548162845e-01	   2.8973844853442887e-01	   8.8600971302923520e-02	   4.3649709529709674e-02	   1.7287630224615039e-01	   8.1189784407263677e-01	   8.2206214567501268e-01	   8.0962693883463477e-01	   9.5628922571002017e-01	   5.8927640234703726e-01	  -3.5415570171218674e-01	
   7.4385810446774903e-01	   6.0313266010339273e-01	   1.0342226973298858e+00	   1.2057361735379131e+00	   1.1674389263723794e+00	   0.0000000000000000e+00	   1.1422784064215568e+00	   9.4518112596600878e-01	   1.1438849420163693e+00	   1.1471885182946910e+00	   6.0519807073386711e-01	   4.3878678703837126e-01	   6.2544903831979493e-01	   5.6430142069050293e-01	   8.4852526935189321e-01	   9.1063861977110305e-01	   4.3457357103800109e-01	   2.9941191160219582e-01	   1.0054739068036938e+00	   7.9641925035075245e-01	   3.6151487702841117e-01	   6.0111603725921769e-01	   1.0885243270022658e+00	   1.1240881885327241e+00	   1.0324811139906283e+00	   1.3709374430631607e+00	   1.0015892871042946e+00	   1.0852748996653896e+00	   2.1119682698515624e-01	   3.0135350173626407e-01	   6.4412950627405463e-01	   6.0693220626026689e-01	   7.3097848656302444e-01	   6.6520549366108761e-01	   7.7143180832213731e-01	   7.2197685984008109e-01	   3.1126089508402116e-01	   4.4812685876857633e-01	   5.2692273614710761e-01	   5.2383824644297661e-01	   4.3364707077729908e-01	   2.3876664356559910e-01	   6.0794437725610762e-01	   3.3578271311485841e-01	   7.9762060114385758e-01	   6.4112300717145654e-01	   5.6345516138737639e-01	   6.0061111512046206e-01	   8.5365458824249818e-01	   8.8782438368665773e-01	   7.7866882408967875e-01	   8.5844204906993782e-01	   8.5109901266809496e-01	   1.0740343875209204e+00	   7.1430287454903818e-01	   6.4728586455102965e-01	   5.3517319266667374e-01	   4.8836129513604354e-01	   8.4553626336586230e-01	   7.7717305846800722e-01	   7.7434716039201512e-01	   4.5583844872414092e-01	   3.9364122745524799e-01	   3.7141185608407534e-01	   6.4219105261000975e-01	   5.9743872875618231e-01	   1.0084221870243291e+00	   9.5577329635356045e-01	   9.3182279036235549e-01	   7.9036884642321359e-01	   3.5296587609999297e-01	   4.5718017678763184e-01	   3.9474543367773146e-01	   4.3533333985492439e-01	   4.2851930066268806e-01	   4.4399732200037056e-01	   4.8935408328691143e-01	   5.1482602592394022e-01	   4.1944463183653846e-01	   3.8544921084782535e-01	   4.7697957073725006e-01	   4.7566343517008869e-01	   7.9874152856253333e-01	   6.6088991933572117e-01	   6.9189610138483837e-01	   7.8798787067739118e-01	   7.4288809776819054e-01	   7.9954765159943464e-01	   8.2406444438522186e-01	   1.0341920250963588e+00	   9.0690746708491188e-01	   8.4967995388635120e-01	   7.0864380117186754e-01	   7.7001516858271235e-01	   4.6142499666895570e-01	   5.2167263528959307e-01	   4.9843413050642366e-01	   5.9753906864166539e-01	   8.8153452754746398e-01	   8.4721531194373967e-01	   9.4585164940170374e-01	   1.1177012128630233e+00	   8.9252226544144064e-01	   1.2108468620801227e+00	   4.7486638471404258e-01	   1.8860455827825667e-01	   2.6823419926684511e-01	   1.2745394951677258e-01	   9.2913843074338684e-02	   2.0224937149718425e-01	   7.0750637461435928e-01	   7.8524413991243325e-01	   8.2713312172224351e-01	   9.4873055348796620e-01	   5.2241573263363583e-01	  -3.3146588291973950e-01	
   8.1721688519235214e-01	   6.2217275345155054e-01	   1.6744484038565606e+00	   1.6178100842077301e+00	   1.7623569528159562e+00	   1.1422784064215568e+00	   0.0000000000000000e+00	   1.3417342847068028e+00	   1.7726444184322401e+00	   6.7349563286975977e-01	   6.4931761156317391e-01	   5.5997853555001720e-01	   9.0951435602549591e-01	   7.0384575370714941e-01	   1.2181944374640910e+00	   1.0431494596206936e+00	   3.4500739159328631e-01	   2.8728404143821390e-01	   1.1019643435692359e+00	   8.7084123958513682e-01	   3.9609189764455810e-01	   5.6120535333639032e-01	   1.3899099351589843e+00	   1.2263475830015165e+00	   1.2380930263329406e+00	   1.2142184363836284e+00	   1.2472572956258789e+00	   1.1926070978576511e+00	   2.8701595296067811e-01	   3.5048073798118939e-01	   8.9347052770887792e-01	   8.2405741096535023e-01	   8.4593236839192842e-01	   7.2509963137856437e-01	   8.9815495181243032e-01	   6.9613928547471604e-01	   4.2667559933257426e-01	   5.6560726190381838e-01	   6.7000587918053178e-01	   6.2371486238067919e-01	   5.4714669251981274e-01	   3.5778222368974877e-01	   6.7789487563967132e-01	   4.1447046061534265e-01	   8.1512332681056521e-01	   6.9052922021975860e-01	   5.3123938311026953e-01	   6.7258236496486956e-01	   7.9177957127389176e-01	   8.4346797996674017e-01	   7.5552899463523926e-01	   8.0830421098892191e-01	   6.8080703626182859e-01	   9.1837516679813824e-01	   7.0163478943817603e-01	   6.5431707799342942e-01	   4.7478538280336852e-01	   4.7338287028897441e-01	   1.0568244781551268e+00	   8.9908389285835555e-01	   9.6897240706999366e-01	   4.6232657320844722e-01	   3.5292693381514006e-01	   3.1653214602455998e-01	   9.4620370187648428e-01	   6.0568125463649625e-01	   1.2920094283451085e+00	   1.0462631227627022e+00	   9.6478845832366888e-01	   8.8626441078648632e-01	   5.7225953402450913e-01	   4.8336255130794437e-01	   4.5470324486747771e-01	   4.6745755435513403e-01	   4.5362642168817929e-01	   4.8695658544070319e-01	   6.2143945754216390e-01	   6.0973243892001250e-01	   3.5503550127408717e-01	   3.5186436951931038e-01	   4.4206826970104751e-01	   4.7319799080412511e-01	   9.8793730117837386e-01	   7.2671459484000944e-01	   6.9340821140132081e-01	   7.4294370639561846e-01	   6.9294806024000810e-01	   8.2600823204266183e-01	   7.6154704992025779e-01	   8.8630024203635838e-01	   8.7640412356464426e-01	   9.6103039284260383e-01	   7.4429084667779333e-01	   8.6331912626245932e-01	   3.8777969022482112e-01	   5.1490073148574167e-01	   4.7307026889807768e-01	   6.8624976630273027e-01	   8.9163853483376310e-01	   9.4468341886026452e-01	   1.0957836836564392e+00	   1.2772697586893662e+00	   9.9833236541568970e-01	   1.2723626189888826e+00	   3.7241260474593157e-01	   2.6714271675486201e-01	   2.3489936851356397e-01	   8.6333024581352558e-02	   1.2297683861082127e-01	   2.8329004965246130e-01	   7.9041234213934697e-01	   8.3417793544184460e-01	   9.4203163352583941e-01	   1.0338320641494234e+00	   5.2082756155428878e-01	  -4.5425165339153384e-01	
   8.6347321565596480e-01	   7.9503876456275080e-01	   1.0669318060269668e+00	   1.7227283841444065e+00	   1.2710217471378176e+00	   9.4518112596600878e-01	   1.3417342847068028e+00	   0.0000000000000000e+00	   1.4288809190925913e+00	   5.4147701741829690e-01	   7.7971496284469133e-01	   9.6116082581171225e-01	   1.1536332055103222e+00	   1.2069157281146650e+00	   1.2868034468188954e+00	   1.5084177964010428e+00	   5.4332833730720176e-01	   4.7564997250216867e-01	   1.0212370248996263e+00	   1.0758787599228719e+00	   4.9876906010083699e-01	   6.9017970613806046e-01	   1.2589147018548901e+00	   1.3722613018250192e+00	   8.6118417705386863e-01	   1.1804895916423304e+00	   8.7544659437400330e-01	   9.3868198096369859e-01	   5.8093500557401923e-01	   6.8654041378345609e-01	   1.1586750214762918e+00	   1.2147279455220084e+00	   1.0433934240661671e+00	   1.0735328879195423e+00	   8.5457622053305338e-01	   7.6367017121417580e-01	   4.7092139434225933e-01	   6.1789278164958739e-01	   5.8949178160481686e-01	   5.7876872749875075e-01	   6.1669931043384441e-01	   4.7803736687470877e-01	   6.4517512208409888e-01	   4.7875265708906634e-01	   6.9338960522291626e-01	   7.3587436087008429e-01	   5.2707587967975733e-01	   6.5609746981392314e-01	   6.1086459246511293e-01	   6.8684633635577630e-01	   6.3019666909125105e-01	   6.7987024706601240e-01	   4.6668383873185632e-01	   6.6817084567628349e-01	   6.5299196414443217e-01	   6.0272603779837541e-01	   5.7761175198998937e-01	   5.9668963255837082e-01	   9.3207123597837971e-01	   9.2238577332165461e-01	   1.2307785396422022e+00	   7.9177039095864288e-01	   5.8119811256440956e-01	   6.7869367215176357e-01	   8.8412028318152414e-01	   8.8856339934627471e-01	   9.6213646637598338e-01	   8.9014102276562423e-01	   7.7060690257978448e-01	   6.7699317855975549e-01	   5.5140743480149945e-01	   6.4193490423507005e-01	   7.1040219714965425e-01	   7.0579715005790511e-01	   6.5272218417748407e-01	   7.0719810184116472e-01	   5.5055094892247947e-01	   6.3678592988724159e-01	   5.6709286918902202e-01	   5.5988332478039871e-01	   6.2662529735631201e-01	   6.3883026855568559e-01	   9.4216157265019851e-01	   8.4059790977183879e-01	   7.5411338876118139e-01	   7.6681083212826406e-01	   7.2140572496996491e-01	   8.5464484275195418e-01	   5.7115286821991518e-01	   7.0330297521937823e-01	   6.2685962847548216e-01	   5.9863430897231784e-01	   5.1409493330220490e-01	   5.4296547381417259e-01	   3.8853677362802241e-01	   4.8770743817449314e-01	   5.7493953254339836e-01	   6.6660133272093181e-01	   8.5837961071538427e-01	   7.7558738320945630e-01	   9.5535640549047407e-01	   8.5500334061631178e-01	   1.0759804251869416e+00	   9.4349264031960656e-01	   4.0213134011823409e-01	   1.9394091755738338e-01	   3.6939192051171027e-01	   1.4868282907866748e-01	   6.7257256184696079e-02	   2.7848637106865393e-01	   7.0860670374030221e-01	   6.8530341831480324e-01	   8.0176422346923748e-01	   9.4406499978397851e-01	   6.1149297341154363e-01	  -3.2181972521999341e-01	
   8.8063925281075117e-01	   6.9655090439235079e-01	   1.5510074231498763e+00	   1.7828664722458059e+00	   1.9487021777983862e+00	   1.1438849420163693e+00	   1.7726444184322401e+00	   1.4288809190925913e+00	   0.0000000000000000e+00	   7.5927840350221198e-01	   7.0556452513037304e-01	   6.4065516402032918e-01	   9.2856269940158942e-01	   8.0446104015264752e-01	   1.2529007950132753e+00	   1.1645361028778052e+00	   4.1748014184547155e-01	   3.3784060262742172e-01	   1.1109634516132223e+00	   9.3382897519202490e-01	   3.5957372629879364e-01	   5.1117317001784013e-01	   1.4239193841486302e+00	   1.2620786273237619e+00	   1.1862488805619222e+00	   1.2138431456308678e+00	   1.2286467250004942e+00	   1.2166892744242910e+00	   3.3969541490755062e-01	   4.1277622842487199e-01	   8.4221311205236449e-01	   8.2409341736559472e-01	   8.5732416306343051e-01	   7.5436438072520673e-01	   9.4278870503491530e-01	   7.1578065136478453e-01	   5.2247909321402131e-01	   6.4363419266871780e-01	   6.6810386016241752e-01	   6.4704194926180147e-01	   5.7739011733694434e-01	   3.9417239763800893e-01	   7.2342263832839870e-01	   4.5842940378656327e-01	   8.1941452399345815e-01	   7.2984408910380594e-01	   5.9516595386245175e-01	   7.3827632028839352e-01	   7.8953612745744928e-01	   8.6993849374754562e-01	   8.2894148420998293e-01	   8.5746845903593827e-01	   7.4560901546914782e-01	   9.8471859683499419e-01	   7.6341101364251029e-01	   7.5149808056891876e-01	   5.5336552914101644e-01	   5.4035622287800167e-01	   1.1146450091753339e+00	   9.1664488291595336e-01	   1.0802130202147968e+00	   5.9789424936391133e-01	   4.2103997902813783e-01	   4.1314083293215320e-01	   1.0495986702743181e+00	   7.8585420777424719e-01	   1.3102328478535539e+00	   1.0129824310433726e+00	   9.7418005377289296e-01	   8.3737832065994078e-01	   6.1989761059913362e-01	   4.7721012798573853e-01	   5.5134203615603505e-01	   5.6270079101194015e-01	   5.4660042070844828e-01	   5.7282224165405593e-01	   7.2247147272773915e-01	   7.1348933252104485e-01	   4.0259113478921021e-01	   3.9829135195062471e-01	   5.1452546872365768e-01	   5.4682267255660022e-01	   9.8018603845601859e-01	   7.6258555252455207e-01	   7.9091830424426302e-01	   8.3495914903086088e-01	   7.4581063460518138e-01	   8.9063732142064822e-01	   7.4973665571886250e-01	   9.1790700300863604e-01	   9.5365167543378981e-01	   9.5982847626662826e-01	   7.5464602894129540e-01	   8.5887460522996095e-01	   3.9628187219313887e-01	   4.7869079689551552e-01	   5.1217407006923965e-01	   6.9710950775394187e-01	   1.0304701073323890e+00	   1.0868266987068227e+00	   1.0665908594622395e+00	   1.1962892780026479e+00	   1.0403213661828510e+00	   1.2030497858378872e+00	   4.7411284552504185e-01	   3.8142208485556411e-01	   2.6824833205733145e-01	   9.7406316951331437e-02	   4.9589426513414997e-02	   1.9556080822788316e-01	   8.3320725665460760e-01	   8.8565986441657918e-01	   9.1517362732310048e-01	   1.0101572014217457e+00	   6.3366344568581690e-01	  -3.2437845546098837e-01	
   3.0217366897296005e-01	   2.1935051060087554e-01	   6.5898513738030606e-01	   7.5932927350188306e-01	   6.4999028334960618e-01	   1.1471885182946910e+00	   6.7349563286975977e-01	   5.4147701741829690e-01	   7.5927840350221198e-01	   0.0000000000000000e+00	   1.4922483496635081e-01	   5.0029044711233789e-02	   1.7445945273381616e-01	   1.7759133930191534e-01	   3.8231368910444558e-01	   4.0117792145492287e-01	   5.7321006519867775e-03	  -1.2233918879269978e-01	   4.7915153894900986e-01	   3.2523945452840775e-01	   1.3039786424259012e-01	   2.6454037753437593e-01	   5.9559242040781624e-01	   6.9253750383388579e-01	   6.5138874549553472e-01	   6.4603121498713256e-01	   6.4234694511838464e-01	   6.6154122640196833e-01	  -1.6834204747091294e-01	  -1.0434546894603351e-01	   2.9800563034942046e-01	   2.5010341548677473e-01	   3.2603735378421933e-01	   2.8429003757092230e-01	   5.9420044843132103e-01	   5.9822605408950025e-01	   1.6824332705171857e-01	   2.1087723694258187e-01	   3.0071201940731329e-01	   2.7045497700708754e-01	   1.3354187421461186e-01	  -7.0593560927848242e-02	   4.2651247801436121e-01	   1.5385119184228532e-01	   6.2161428755898029e-01	   4.2408811867451363e-01	   3.4497869919630825e-01	   3.3218896939135273e-01	   7.1444887582257199e-01	   7.1458502860273787e-01	   6.9705569193837735e-01	   7.5051621638846266e-01	   8.3845845567346533e-01	   8.9938820909235773e-01	   4.2150179133359061e-01	   3.5401935113045607e-01	   1.8675425335793344e-01	   1.6165099280857015e-01	   6.2736960808103026e-01	   5.3956738694474349e-01	   4.2348652343034582e-01	   2.8856830797593780e-01	  -7.1798051612066878e-03	   1.4911387154724065e-02	   4.7185760283653533e-01	   5.0272075914375991e-01	   7.5137069903539655e-01	   7.7967405743524576e-01	   5.6144018898975334e-01	   4.8721033743866460e-01	   2.6929628803931427e-01	   2.5871148507973668e-01	   9.0605941619954541e-02	   1.0593463940199335e-01	   1.9926198081531515e-01	   1.9408991483516411e-01	   3.9066186706418637e-01	   3.6534900831411926e-01	   1.8681975485014286e-02	  -1.7499352619489657e-02	   1.1233641876479744e-01	   1.0256118715543942e-01	   3.1177590746975276e-01	   2.3179202846573443e-01	   3.6350900475639653e-01	   4.8096731425043737e-01	   2.7123316138900511e-01	   3.5642285877848057e-01	   7.6324192301783844e-01	   8.2296107726661916e-01	   1.0358250836778606e+00	   9.0027523230084805e-01	   9.0954575207209443e-01	   8.6459006013548212e-01	   3.4040333962940894e-01	   3.5079262633493208e-01	   2.2772571975715622e-01	   2.8125261049116318e-01	   5.9017908146950981e-01	   5.5390733247657531e-01	   8.1228858728841824e-01	   8.8978526801418656e-01	   4.7403461504872701e-01	   6.6870612783933159e-01	   4.8950921392937685e-01	   1.9607455867107285e-01	   1.0295882953348452e-01	   7.7198629982060285e-02	   1.4324377055149565e-01	   9.8006678496482647e-02	   5.0158223945428082e-01	   6.2451771872962458e-01	   6.9871183223829381e-01	   5.7986128469343179e-01	   3.4233030240654105e-01	  -1.9034335077942108e-01	
   1.7696794692894444e+00	   1.5140488716579781e+00	   6.3051556775155260e-01	   7.5592003990348033e-01	   7.3716393628975641e-01	   6.0519807073386711e-01	   6.4931761156317391e-01	   7.7971496284469133e-01	   7.0556452513037304e-01	   1.4922483496635081e-01	   0.0000000000000000e+00	   1.0576190813011226e+00	   1.4748809799616112e+00	   1.0609620091410457e+00	   9.7549765870955263e-01	   1.0731600948735369e+00	   1.3483056442355099e+00	   1.2049414746490419e+00	   1.1794571825344486e+00	   1.2972599197273673e+00	   5.3398787989050212e-01	   6.1251092237615157e-01	   8.7282513228713343e-01	   6.3863092929955201e-01	   6.5501751359189586e-01	   8.8139198960604814e-01	   6.6581975539116145e-01	   7.2293844116812067e-01	   1.0634259385972280e+00	   1.0784957290824189e+00	   6.9984803427125741e-01	   6.6563805782584495e-01	   1.1145299632924042e+00	   9.8564841108321677e-01	   5.1059566046957894e-01	   4.2878806019107440e-01	   7.4389420411236284e-01	   9.1098546384918633e-01	   8.1646032643152777e-01	   8.3030067218082326e-01	   9.3762983572548675e-01	   8.9579190925762320e-01	   8.7499698672233406e-01	   9.0212861477157114e-01	   6.4094574420607697e-01	   9.1115743523262660e-01	   9.9720319076911812e-01	   1.0502018533605486e+00	   5.1570727592127730e-01	   5.3917451216699486e-01	   6.2504762140045633e-01	   5.6337237968917042e-01	   4.7838873339036320e-01	   5.2337219373242783e-01	   1.0512459761202042e+00	   1.0602693215237069e+00	   1.4028519235365755e+00	   1.4445644427587248e+00	   7.5246480471040367e-01	   7.9764468152726054e-01	   1.0984319124563504e+00	   8.6577942620310566e-01	   1.3115627252704534e+00	   9.7329253739429178e-01	   6.8323966705283479e-01	   6.7570851396223075e-01	   6.7795206705607369e-01	   5.3280711364206401e-01	   9.7770459980666491e-01	   8.2647829873706369e-01	   2.7762014311833449e-01	   4.1561464417724020e-01	   1.0284350732433600e+00	   1.1054448365198930e+00	   8.3510325295350174e-01	   8.5592852635253402e-01	   6.1994804476063636e-01	   7.3959566093288132e-01	   1.2346981219532687e+00	   1.2109410273271597e+00	   1.3557534153164608e+00	   1.3365484343504144e+00	   1.2353010979358130e+00	   1.2841705198536406e+00	   1.2788131986704077e+00	   1.0406996759379994e+00	   1.1815652429871832e+00	   1.1188408487410659e+00	   5.9756942287493930e-01	   7.0071259879443915e-01	   3.4744693680206457e-01	   2.3336846909190853e-01	   1.5174596904375937e-01	   2.5407430000000203e-01	   6.6062026015416209e-01	   6.5328621660207409e-01	   1.1384069934494658e+00	   1.1800090086599238e+00	   1.0443893097370154e+00	   9.4967547244436479e-01	   4.7925287970516528e-01	   4.4707175996642878e-01	   9.0708530911209573e-01	   7.4411415130968084e-01	   3.2672294510816280e-01	   3.4793481365375195e-01	   2.9142057743701721e-01	   2.4304945498836869e-02	   2.4107632264202820e-02	   3.1141283849126405e-01	   7.6500970966599624e-01	   7.1904566554678806e-01	   5.9721244238093529e-01	   8.7055892879797925e-01	   6.5863321403006414e-01	  -1.5981560290409250e-01	
   1.0348438754382954e+00	   1.2342274618019244e+00	   5.0598157637298846e-01	   7.2272344962746604e-01	   6.6379064572273960e-01	   4.3878678703837126e-01	   5.5997853555001720e-01	   9.6116082581171225e-01	   6.4065516402032918e-01	   5.0029044711233789e-02	   1.0576190813011226e+00	   0.0000000000000000e+00	   1.1434917582326822e+00	   1.9210536448617774e+00	   9.3809333470049017e-01	   1.2089008446021747e+00	   1.0089172017567005e+00	   1.0438287304308846e+00	   7.6186673298029750e-01	   1.1307717298773268e+00	   5.6468601679321440e-01	   6.2173005319574903e-01	   7.4453349379165668e-01	   6.6313960919805348e-01	   4.8254696612768755e-01	   7.4235339863894112e-01	   4.5283999776625072e-01	   5.3317441470516513e-01	   1.1465613436229414e+00	   1.4582581217157431e+00	   8.4684438034838883e-01	   9.5263841498548785e-01	   9.7838061761393946e-01	   1.0951410946474875e+00	   5.4825642119388873e-01	   5.1717904017427574e-01	   6.6609661766684136e-01	   8.0262294266168133e-01	   6.4835563751509551e-01	   6.5336870410136738e-01	   8.8362752845527326e-01	   8.8681073404661315e-01	   6.0179977335108803e-01	   6.0573216353791981e-01	   4.5762760255019624e-01	   6.4107619584785525e-01	   5.9747155948369279e-01	   6.6041624191844428e-01	   3.0926990129480320e-01	   3.5986523101906692e-01	   4.4375009477857791e-01	   3.8291852704889884e-01	   2.0758463250569797e-01	   3.0211682572702009e-01	   6.3366418767110277e-01	   6.2144762435966594e-01	   8.3566499303266162e-01	   9.4107002271114004e-01	   6.0980301804779280e-01	   6.6667465517541546e-01	   1.1329484665592031e+00	   1.0764536961154023e+00	   1.0268661342722720e+00	   1.3201104715174663e+00	   6.0988432493472455e-01	   8.2002446889729064e-01	   5.1885897745031684e-01	   4.3702146480791537e-01	   5.4949404306556071e-01	   4.7899111505824588e-01	   3.3650234051477290e-01	   4.7911841321224902e-01	   9.8215743550876899e-01	   1.0689750980869079e+00	   8.2851097898465487e-01	   9.3697961596428359e-01	   4.0517084713400342e-01	   6.2155054364283036e-01	   9.7282501136882327e-01	   1.0333227890387449e+00	   1.0372255787362470e+00	   9.5914504873229534e-01	   8.6418316115454918e-01	   9.2329846041831087e-01	   8.0425419153655364e-01	   6.6531694005186748e-01	   7.9138885802253434e-01	   8.1415545670226186e-01	   2.8570490450813169e-01	   3.9187434479136640e-01	   1.9226017735576106e-01	   1.1305662496783458e-01	   8.3347173676730696e-02	   1.1744318480080951e-01	   3.6235206531849068e-01	   4.3528480249700086e-01	   7.6776380639200714e-01	   7.1401921244164168e-01	   7.0180970770389361e-01	   5.5399622532345760e-01	   4.7203342018050898e-01	   3.1592233641705109e-01	   8.2656213360862341e-01	   5.3767566172436843e-01	   2.8337152909125513e-01	   1.3347982233920300e-01	   3.0672941765381828e-01	  -2.7309890614654844e-02	   1.0731710631732760e-01	   3.3154258006265225e-01	   5.7826549786101777e-01	   4.5342650326334932e-01	   4.4533631758566911e-01	   6.3828833596334322e-01	   4.7509605476319672e-01	  -2.5264282015763256e-01	
   1.2120573052433186e+00	   1.1351045851779884e+00	   7.6912571192316581e-01	   9.7521201851955230e-01	   9.0647448956338761e-01	   6.2544903831979493e-01	   9.0951435602549591e-01	   1.1536332055103222e+00	   9.2856269940158942e-01	   1.7445945273381616e-01	   1.4748809799616112e+00	   1.1434917582326822e+00	   0.0000000000000000e+00	   1.3055523269021954e+00	   1.3145323587221087e+00	   1.2664670783991734e+00	   8.7520314818553302e-01	   8.1033057418717525e-01	   1.1287310755765800e+00	   1.2904048989486114e+00	   4.5595025737683414e-01	   5.7861390448516181e-01	   9.5911787665709580e-01	   7.7137148489623952e-01	   7.0724856137468584e-01	   8.8096051192000568e-01	   7.5510350408588311e-01	   7.7186773603711312e-01	   9.4075614220004944e-01	   9.3405880479867831e-01	   8.1909075208994742e-01	   8.1913988537458227e-01	   1.0977076961594050e+00	   1.0026390555903193e+00	   5.9007159760382266e-01	   4.9455491829975662e-01	   5.8232523446112761e-01	   7.4806850068449704e-01	   6.7203816235043312e-01	   6.6575871975389522e-01	   7.5768451576678220e-01	   6.9019777653034964e-01	   6.7832764667874168e-01	   6.4078828548010136e-01	   5.6259936051831305e-01	   7.3852897700699449e-01	   6.5959588616352693e-01	   8.0810797363592157e-01	   4.4820722970477522e-01	   5.0601476082153518e-01	   5.0884583997763200e-01	   5.1070620452515614e-01	   3.4938947557505645e-01	   4.7251438156820447e-01	   7.5720705763002283e-01	   7.4983723030075522e-01	   8.8181897114787167e-01	   9.3695455117473248e-01	   8.2405739575748693e-01	   8.8908969620531453e-01	   1.3168107424350468e+00	   8.7260429731383882e-01	   8.9920765256652824e-01	   7.8952506202170425e-01	   7.6308739534501802e-01	   6.6753470407940574e-01	   7.7417678774923593e-01	   6.4231383664736019e-01	   9.3807832535921831e-01	   8.2897134424123031e-01	   4.2590621076110857e-01	   4.9715203821042914e-01	   8.4189852230091899e-01	   8.5464388117375112e-01	   6.6710416964758923e-01	   7.0468658870339884e-01	   6.1739927594220678e-01	   7.0981164726385804e-01	   8.1854824310641028e-01	   8.0501401422818020e-01	   9.0657915413390588e-01	   8.9402672195961030e-01	   1.2069227383967334e+00	   1.0959003232639910e+00	   9.0614192704259533e-01	   7.8877315633733314e-01	   8.5955010418597155e-01	   9.6966634880343072e-01	   5.5652818756174149e-01	   5.8627227780975810e-01	   3.9898674884309698e-01	   3.4995871692747371e-01	   2.6084953075840256e-01	   3.5114850201061348e-01	   4.6363035675101250e-01	   5.0025808644784964e-01	   7.7781694518054989e-01	   8.8429889891944824e-01	   9.0385850058942119e-01	   8.1379370128012074e-01	   6.6815133482491762e-01	   5.8832045826430457e-01	   1.1082880743615140e+00	   8.3447479212545694e-01	   3.6069051602032065e-01	   3.1871625912963392e-01	   3.8864655976984969e-01	   1.2193762345609835e-01	  -3.2040143020432288e-02	   2.3775945581586183e-01	   7.0074647326831840e-01	   6.8897178436731454e-01	   6.8142696141401271e-01	   9.0223855787085672e-01	   6.0711009965237583e-01	  -2.6052540183152118e-01	
