   0.0000000000000000e+00	   1.1019747012435011e+00	   6.5239485271090447e-01	   1.4999400256191048e-01	   7.7239512435749724e-01	   2.9704846491813169e-01	   6.3652162896820386e-01	   8.0166394940453925e-02	   4.9447406314511844e-01	   1.4060273161909398e-01	   9.6823810481920647e-01	   2.7646019322314808e-01	   5.6826686039883267e-01	   1.9315303674205808e-01	   9.3618696506683063e-01	   3.5682081358483198e-01	   5.4381078019914297e-01	   4.8970301056323784e-01	   1.0973878760531783e+00	   7.2394614105056798e-01	  -6.5816259340567784e-02	  -8.7569525122620659e-02	   6.6117825793506291e-01	   2.4034629140127645e-01	   2.0416824166411515e-01	   9.9210861229375169e-02	   2.2083186563415769e-01	   1.2728281766176108e-01	   3.3033490116557973e-01	   6.9488507099697283e-02	   4.0501180774652235e-01	   3.6043323435570757e-01	   4.9900506423181190e-01	   3.4850450872334793e-01	   4.5066083242739469e-01	   1.9592678518357817e-01	   1.7626176393367932e-01	   2.5916407794162466e-01	   4.0222736043914054e-01	   3.9598164933590668e-01	  -1.8301658761480231e-02	  -2.1727037547327760e-01	   1.7451956473968525e-01	   1.6198000760719500e-01	   1.4990288246216473e-02	  -1.0778987807826802e-02	   1.9439967854990879e-02	  -4.0246280517622652e-03	   1.1631785746660581e-01	   1.2198135149148441e-01	   2.8972000539653736e-01	   2.5300419968597870e-01	   3.6625172571714865e-01	   6.0243937617910848e-01	   2.2931758688280887e-01	   3.3393476423429169e-01	   1.2001324318231963e+00	   8.0265238598375477e-01	   4.0290816632550985e-01	   1.9325021554663349e-01	   5.2586087987169683e-01	   2.2711663736509335e-01	   3.2128711236886204e-01	   1.9202243541019512e-01	   6.9544898777207453e-01	   4.0348977048068041e-01	   1.6258393657301168e-01	  -9.7864383509386269e-02	   7.1092729619536965e-01	   9.5585108733598767e-02	   4.6923652413444100e-01	   9.1318163085141277e-02	   7.1990980441892594e-01	   4.9393020119289133e-01	   9.2633275998799214e-01	   6.5159961925113596e-01	   6.7709965383651849e-01	   4.5610255393285359e-01	   6.3993462608135188e-01	   7.5629351361100561e-01	   5.2818363948088476e-01	   7.0750267233108688e-01	   3.2238202071379818e-01	   1.2758867962109111e-01	   7.0202937117764586e-01	   4.4625695150989425e-01	   4.2110174431406944e-01	   3.9168289871962031e-01	   6.2204418732731481e-01	   6.4977286779259802e-01	   2.3271959827450381e-01	   2.2582579138222680e-01	   3.8676642087924801e-01	   6.6479002487408745e-01	   1.4361472692331925e-01	   8.7371942924207219e-02	   1.9754972004855592e-01	   3.5559105494206808e-02	   2.2584265896078445e-01	   6.2667654848073540e-01	   1.3464685963317155e-01	   3.4897477796432819e-01	   3.7777933213881626e-01	   6.7064269357584683e-01	   2.7872969193850752e-02	  -8.3952410014209056e-02	   3.5105682437053948e-01	  -3.2661409205805148e-01	   5.5542726100580350e-02	   2.7246186779260595e-01	   2.2918735618055247e-01	   2.7186145521453303e-01	   5.1679064789856077e-01	   5.1546347207345922e-01	   4.5055147073284474e-01	   2.7380954130421997e-01	
   1.1019747012435011e+00	   0.0000000000000000e+00	   6.2396772894480734e-01	   3.1833475336171507e-01	   5.8711155315824848e-01	   1.9172208066842394e-01	   6.0957310417282573e-01	   1.7470212705908511e-01	   3.6416869151428838e-01	   1.1444589476996293e-01	   7.5995097602109452e-01	   4.4256686238014353e-01	   5.3942325925962586e-01	   4.1875767594149904e-01	   7.6229606659799498e-01	   3.8711180944012430e-01	   6.8601082799589830e-01	   8.6387957151590244e-01	   8.8168320558357438e-01	   1.0275268198449410e+00	  -2.1619513143311887e-02	  -4.3547741031150174e-02	   5.1989520150278545e-01	   2.1942284051313912e-01	   1.7210244286465387e-01	   6.8217470558668447e-02	   2.7064856071026799e-01	   1.9630743113935134e-01	   4.8159826062121452e-01	   2.6278595771265212e-01	   2.9098564985767061e-01	   2.5419401290170957e-01	   6.8862547944598773e-01	   5.0742041248271597e-01	   3.3250757802173514e-01	   1.8900500519883093e-01	   2.5083336163658065e-01	   3.6005473918795983e-01	   4.4686730117434353e-01	   4.2673263968042835e-01	   2.6126883330923156e-01	  -7.7084626730730368e-02	   4.3196249022875366e-01	   3.6501515281043823e-01	   2.0385833300243042e-01	   1.5989867743550079e-01	   3.4020915722431444e-01	   2.7911203956574693e-01	   3.0848141213486086e-01	   3.1588361098159728e-01	   4.8304018402034071e-01	   4.5440898199692242e-01	   6.6161600461963554e-01	   8.0095379864426364e-01	   5.9009361704567342e-01	   6.4702233515848351e-01	   1.0603731945809365e+00	   9.3695339643274445e-01	   3.7554097907840206e-01	   3.6456644280473394e-01	   4.3324216786114828e-01	   2.2715170960141096e-01	   4.0058454891689588e-01	   4.0353297389630183e-01	   5.3249316808392733e-01	   2.9509750014483410e-01	   2.2490579123428781e-01	   4.7827094753559153e-02	   7.1208694829194075e-01	   3.4324236037832939e-02	   3.1938938121430061e-01	   4.3478451684139691e-02	   8.8419546621706580e-01	   7.2887783266659945e-01	   1.0491146750559726e+00	   8.5512151270927994e-01	   6.3279936553325677e-01	   5.6500510606416354e-01	   7.0740674738691089e-01	   7.5985291265242350e-01	   6.7483246699198907e-01	   8.8684389643496453e-01	   3.8577142461173980e-01	   3.2167157610862740e-01	   6.8449417094770892e-01	   7.4032115944481902e-01	   4.8481722031813207e-01	   4.9605412000870036e-01	   7.0789260396027065e-01	   8.3886242072127115e-01	   3.3855052273509589e-01	   2.7698888225104068e-01	   4.9324755642151386e-01	   7.0141800866428083e-01	   1.1380925360706171e-01	   1.6105057329046168e-01	   3.1499775137207386e-01	   1.9451499625138091e-01	   5.5606279644022227e-01	   6.8147419979644619e-01	   4.3989584408639903e-01	   5.9985946855007466e-01	   5.5966968010307139e-01	   7.2096670501573035e-01	  -1.1987414926557468e-02	  -1.2828257992067896e-01	   2.6413275607091369e-01	  -1.7626615158629239e-01	   1.4016856192532792e-01	   2.2639940258749863e-01	   2.4376536211925093e-01	   3.4539534870343136e-01	   4.8779185593062568e-01	   5.1996519827437437e-01	   4.4212642345160735e-01	   2.5215367682591727e-01	
   6.5239485271090447e-01	   6.2396772894480734e-01	   0.0000000000000000e+00	   5.2725892379367734e-01	   9.3802837644764114e-01	   3.3353923355697368e-01	   1.3625876188838066e+00	   3.4101123140766537e-01	   6.2740871071369442e-01	   2.4897916443253051e-01	   6.0930000452888822e-01	   3.3281264093835017e-01	   5.7768292324498549e-01	   3.3811485027055360e-01	   8.2774861050035686e-01	   4.4314377507542640e-01	   4.9576851315358433e-01	   5.3831968101687866e-01	   5.7756596741911781e-01	   5.1008921065900925e-01	   4.1871307122637408e-01	   3.5315931063206341e-01	   1.0446369122065859e+00	   4.8307802529946431e-01	   5.7278343299676582e-01	   3.9313290485458119e-01	   4.2530019641803435e-01	   2.7735753114971784e-01	   5.6856083170293970e-01	   2.9714601788558881e-01	   6.8535128275402324e-01	   5.3776502167671825e-01	   8.0843854519474889e-01	   5.9530308662306497e-01	   7.3250595218802428e-01	   4.4188297807281463e-01	   4.5093177950740060e-01	   5.5198913650936288e-01	   7.7087057143917459e-01	   8.3454495995603761e-01	   3.9063769238021234e-01	   6.3631927259401436e-02	   3.4753482611864034e-01	   3.5956448584566436e-01	   3.8802568041535046e-01	   3.6376956850164671e-01	   2.7085691159457137e-01	   3.0495860703637523e-01	   4.7194039768271290e-01	   3.9250443461265444e-01	   7.3859089433464664e-01	   6.3064143216348889e-01	   6.0113238359454058e-01	   6.3668166627214495e-01	   5.5359876383417161e-01	   7.7893197161561656e-01	   5.8806645888040521e-01	   3.9275378379935788e-01	   5.5949610399484961e-01	   2.1528646329905787e-01	   5.7095829581304114e-01	   1.1598130007819890e-01	   4.9131392515453692e-01	   3.6746476228056113e-01	   1.1455823711214277e+00	   5.7983171086204777e-01	   8.3847117250288261e-01	   4.0088443465451146e-01	   3.1859176605316714e-01	  -8.2201028228763837e-02	   2.5892034031755540e-01	   3.4702491345411819e-02	   8.5906724196268169e-01	   6.3176483028228037e-01	   8.2740259666988347e-01	   5.7214301490012409e-01	   6.7297962096002417e-01	   4.6709482557040638e-01	   6.9515475919792857e-01	   6.0204449179598729e-01	   5.9566879773658021e-01	   7.0230624075572479e-01	   2.4232797947188039e-01	   2.2833436276648730e-01	   9.0655547313336604e-01	   8.6016967851992265e-01	   2.4933984844275375e-01	   2.5528282757990572e-01	   8.3463856794544022e-01	   8.1917609286962589e-01	   5.6523781446098376e-01	   5.1509886269378780e-01	   7.5030104322900615e-01	   1.1248854750699286e+00	   1.0579582769206625e-01	   5.9936157688152650e-02	   2.8605379012139476e-01	   1.0361469543036399e-01	   3.4761049508353931e-01	   6.9990321111925868e-01	   3.9136203120180119e-01	   5.8966130559048946e-01	   5.3204155079423898e-01	   8.1065971193959263e-01	   1.2210099282448197e-01	  -1.9309013594905423e-02	   4.8390545004566354e-01	   1.1979127900896566e-01	   5.2876491812329604e-02	   1.2481996963561937e-01	   1.3498451363447320e-01	   1.1158850077829978e-01	   3.0491202865217754e-01	   3.3105351837952424e-01	   2.8150393077374913e-01	   1.9583269966905975e-01	
   1.4999400256191048e-01	   3.1833475336171507e-01	   5.2725892379367734e-01	   0.0000000000000000e+00	   3.3309155130414242e-01	   7.8591836418395333e-01	   5.7176031553253970e-01	   1.2775501510394183e+00	   1.7517750735464080e-01	   7.3934299034066731e-01	   1.0732398961335660e-01	   7.1422303895601469e-01	   2.8594311235295033e-01	   6.5064789205203932e-01	   1.3492549741495141e-01	   5.0374759175629025e-01	   4.4940519017533886e-01	   6.0438730009757125e-01	   2.2638325781642560e-01	   4.8609061990643376e-01	   1.6497509002501679e-01	   2.5620443183124497e-01	   4.1503944821648320e-01	   1.0554769487509366e+00	   4.6074762592311191e-01	   7.9062074093966639e-01	   2.3722352008492747e-01	   2.6645589541118375e-01	   4.5609158678393491e-01	   6.0232053818709974e-01	   5.9790925444381726e-01	   7.3740188301136989e-01	   8.7824283621459931e-01	   1.1205246889055520e+00	   2.1693497937713543e-01	   3.1139790612787555e-01	   1.8584594472309601e-01	   2.2705458779316864e-01	   1.3834567437471534e-01	   3.2362406262113574e-01	   3.9328937324024305e-01	  -1.7662114564741502e-01	   3.8011262702769394e-01	   3.4002657784249446e-01	   3.1349233516601704e-01	   5.1388290292264149e-01	   3.5836627958975587e-01	   3.3157144520333121e-01	   4.9919513284892525e-01	   4.3805342737488384e-01	   5.0789435863765309e-01	   6.0693041562793426e-01	   4.1464282461297070e-01	   4.5605271839688366e-01	   4.0016261336682313e-01	   4.0937750643245591e-01	   2.6422842086318410e-01	   1.5011362238355161e-01	   3.0209975797708105e-01	   4.6573014156313652e-01	   2.9561428501937781e-01	   4.8692543122350590e-01	   7.6332274488002994e-01	   9.0875867186986103e-01	   3.3497473852842419e-01	   6.1914754257945614e-01	   5.8180743942352675e-01	   7.1485477899558703e-01	  -2.3347035484726910e-02	  -1.3500292695581428e-01	  -3.6161083693626310e-03	   6.5299718210577062e-02	   6.7011504664016341e-01	   7.5755179900359282e-01	   5.6734069068927928e-01	   7.6489379443179606e-01	   4.8889371138813631e-01	   6.1428212713239627e-01	   4.1228059149331486e-01	   4.7963965440266126e-01	   4.6360914366125500e-01	   4.1074082697082459e-01	  -1.5768861587956373e-01	  -1.5244492842379064e-02	   1.9290968163946043e-01	   5.7428733727193293e-01	  -8.6886352924244580e-03	  -4.5994937434560630e-02	   2.0126173903823116e-01	   4.9305658428293964e-01	   8.6258097420603519e-01	   7.0034607573984706e-02	   8.5138705208619636e-01	   2.9032183661673949e-01	  -1.5027863134171127e-01	  -7.0750016712235034e-02	   1.5144033749295863e-02	  -1.6654101749466355e-01	   4.2654082779394542e-01	   2.9161789726412385e-01	   7.0198133135247232e-01	   2.8806236272116548e-01	   2.6209918634295370e-01	   5.1275297002407261e-01	   2.4199699635823135e-02	  -1.4160842048197464e-01	   5.0181288826735737e-01	   3.2980984462375262e-01	  -1.5899563543728493e-01	   1.5523949634327783e-01	  -1.9117282119350509e-01	   1.0189678132423637e-01	   7.7525409408092938e-02	   4.5173271023413904e-02	   1.0040490259117887e-01	  -5.0696513826959805e-02	
   7.7239512435749724e-01	   5.8711155315824848e-01	   9.3802837644764114e-01	   3.3309155130414242e-01	   0.0000000000000000e+00	   5.6826713537171580e-01	   1.0660688809162069e+00	   3.7380215356694868e-01	   9.9725290140832135e-01	   2.9076542580601444e-01	   6.7583316727796028e-01	   4.0373936196677074e-01	   5.6301469251369041e-01	   2.9586149772842285e-01	   8.6679009740634305e-01	   3.2731579295624064e-01	   2.9680438505006279e-01	   3.2611459347476257e-01	   6.9443313510150573e-01	   4.7885582556536954e-01	  -6.7235251496261417e-02	  -8.7460423940105364e-02	   6.8592548834296130e-01	   3.2121497010521260e-01	   2.7132272959052717e-01	   2.1932634184813893e-01	   1.5132430728830207e-01	  -2.0819599068904494e-02	   2.6106847183775655e-01	   1.0587708987663455e-01	   4.7033326367814554e-01	   4.2779957704292498e-01	   5.6418999498565259e-01	   4.7415119881477918e-01	   6.3016953119213470e-01	   3.4313518482807231e-01	   1.5018683240853262e-01	   2.1033444761735703e-01	   3.3903506062899319e-01	   3.8260506197768834e-01	  -6.4803968633473971e-02	  -3.5468616944550302e-01	   3.3666423896184328e-01	   3.2856691651853509e-01	   3.9565663229674664e-01	   4.0759411644905341e-01	   1.9914914671133049e-01	   2.3228649487746775e-01	   4.6860786291206480e-01	   4.9463801123753498e-01	   6.1611511754299797e-01	   6.5541159178962705e-01	   4.6512496387520441e-01	   7.7820831968929693e-01	   3.1654991391724463e-01	   4.0783253919106349e-01	   4.7639490070104040e-01	   3.3604304513952821e-01	   4.8751349863807447e-01	   2.9250760562428846e-01	   5.9071660127951042e-01	   3.4241180161383522e-01	   2.4842105088905281e-01	   2.2018859769789131e-01	   9.4623602192263645e-01	   8.0462100181292229e-01	   5.6051689299923113e-01	   3.7580300583510146e-01	   4.3243114506915786e-01	   2.4725705864293290e-01	   3.6714403555405400e-01	   4.6790716065839018e-02	   5.1670105655265830e-01	   3.7129850931935954e-01	   5.1568439542000366e-01	   4.1329455944051163e-01	   5.2722456108277549e-01	   3.7899595757234394e-01	   4.6799627735163635e-01	   6.5016850909492463e-01	   3.1452944223645934e-01	   5.2842663339534046e-01	   5.1249721441181777e-02	  -8.9295683768212203e-02	   5.3431842757107906e-01	   4.8345800299091141e-01	   6.5668430245419115e-02	   4.2611135100170297e-02	   4.7185545418470537e-01	   6.3832895564762049e-01	   4.9247021213575881e-01	   4.0643823286736092e-01	   6.4035126832439881e-01	   8.7816134583061967e-01	   9.5721769767438653e-02	   3.2419539813683375e-02	   1.2846938115867146e-01	  -7.6474303769769700e-02	   2.9387180171308852e-01	   5.6770509996499485e-01	   3.1798360010323296e-01	   3.8601628908611380e-01	   4.0366453638215721e-01	   7.4924825518196703e-01	   2.8956487268809261e-01	   7.9555707242524976e-02	   6.5357850249168392e-01	  -9.6915423566790532e-02	  -1.7606518178943822e-01	   1.6153643648189453e-01	   6.2791558424961272e-02	   2.6117513812216425e-01	   4.9988119755853383e-01	   3.8189684666799256e-01	   3.2719236114285882e-01	   1.0291217780259100e-01	
   2.9704846491813169e-01	   1.9172208066842394e-01	   3.3353923355697368e-01	   7.8591836418395333e-01	   5.6826713537171580e-01	   0.0000000000000000e+00	   5.6702438199659511e-01	   1.1236775760645283e+00	   5.9113588771788683e-01	   1.2817156739242916e+00	   3.5585100024962207e-01	   7.0227520859290016e-01	   5.6953187011016360e-01	   4.9415357884578498e-01	   3.8042033826092009e-01	   4.8019479697013906e-01	   3.0998517858452312e-01	   3.3894355817059285e-01	   1.5540216077406738e-01	   1.9157288868513506e-01	  -1.4388008990431578e-01	  -2.9355380038825333e-03	   2.9297356068599878e-01	   8.5555882427013052e-01	   2.0003451321732585e-01	   5.5351237132734599e-01	  -6.5601483245724387e-02	  -4.3611308572329470e-02	   2.2777983963883575e-01	   4.4007116170090005e-01	   4.0034120764648856e-01	   5.7202518903173283e-01	   4.2873948949470819e-01	   6.5309836568440482e-01	   2.3288330804421600e-01	   2.4015723130360603e-01	  -7.5769120237416346e-02	  -1.0537196727238059e-01	  -9.9340262076859531e-02	   4.5364571414337966e-02	  -9.1675936063196021e-03	  -3.7194247520878931e-01	   9.9819011063608576e-02	   4.3511024935018627e-02	   9.6315302764317198e-02	   2.2865311314805073e-01	   4.2844295576168812e-02	   1.9815284702797524e-02	   1.7437426048800225e-01	   2.0539553526450560e-01	   2.6069411273288889e-01	   3.0020004467202716e-01	   1.5161313025951353e-01	   3.5444645956106935e-01	   2.6704468972398018e-02	   5.9160338170937951e-02	   2.2359354028046491e-01	   8.1173597017725238e-02	   1.1996317884063457e-01	   2.4468084041998350e-01	   5.2875492025506332e-01	   8.3109191502121638e-01	   4.0396474458282761e-01	   4.9489359791542264e-01	   4.3686536603272430e-01	   1.1118644910729480e+00	   2.3126693628330633e-01	   3.3152672310883374e-01	   4.6162270343489055e-02	   1.3033283758011089e-02	   1.0625104584133320e-01	  -3.9855058189740200e-03	   3.9883841704931300e-01	   3.9856469562147911e-01	   3.8751087697201037e-01	   4.6642161018568912e-01	   3.3939459755567875e-01	   4.1823755764733689e-01	   3.2878496020732867e-01	   4.0626944939090837e-01	   2.6531223740594823e-01	   2.5514376049033316e-01	  -2.7590432360137379e-01	  -1.8996664938304730e-01	   9.1960891597088396e-02	   2.2358040262547746e-01	  -1.9516321382398039e-01	  -2.6855971779576454e-01	   9.0746641207981010e-02	   3.5187565737454030e-01	   6.4854916159457054e-01	   6.8588814826806982e-02	   7.7999593859068350e-01	   3.0341421701701482e-01	  -3.2994881372537088e-02	   5.1918395795896244e-02	  -6.7546700477739932e-02	  -2.6658847000951164e-01	   1.8659121270581602e-01	   1.9329831557023899e-01	   2.8323570335328041e-01	   1.0545054515552851e-01	  -4.7223243506923647e-02	   3.2922047041338987e-01	  -3.2399012316112800e-03	  -1.1427151278222063e-01	   4.5066258814087162e-01	   1.9993340075733019e-02	  -1.9446724131585735e-01	   2.7076940321411908e-01	  -1.2581673744947397e-01	   1.3494137718316407e-01	   1.3839533577442714e-01	   8.5047603835796085e-02	   1.4222493917337167e-01	  -3.4477811929770501e-02	
   6.3652162896820386e-01	   6.0957310417282573e-01	   1.3625876188838066e+00	   5.7176031553253970e-01	   1.0660688809162069e+00	   5.6702438199659511e-01	   0.0000000000000000e+00	   6.4379382890383152e-01	   1.0583295746230332e+00	   4.8817234604759319e-01	   6.4721620747428044e-01	   5.7677696894731634e-01	   7.2566481394638815e-01	   4.8824267330244531e-01	   8.3559051444814636e-01	   4.6889876879262499e-01	   4.5393895714408417e-01	   5.6150909329316767e-01	   5.8004624697198981e-01	   6.0222689588274203e-01	   1.1844040180544282e-01	   7.2224281311188979e-02	   6.2500759050847332e-01	   4.0334577322866683e-01	   3.0980337518760126e-01	   2.5384492217498389e-01	   8.5698814585756483e-02	  -7.1402740567070480e-02	   6.0937439868866172e-01	   4.1772932329539075e-01	   5.9129891638899812e-01	   5.2880010197210670e-01	   9.5151851327774994e-01	   8.0830487844074450e-01	   5.3150303769288398e-01	   2.7069480779527993e-01	   1.6275828299895997e-01	   2.2234005635263598e-01	   3.6811543953656928e-01	   4.4602445801429502e-01	   2.1569957480414562e-01	  -1.6906717305340518e-01	   4.4153790557645223e-01	   4.0041326598834664e-01	   4.9741331721499765e-01	   4.9939718400118294e-01	   3.6927376505275344e-01	   3.5039961852564755e-01	   5.5329304626965226e-01	   5.0008393033677900e-01	   7.6208486370853190e-01	   6.8525879192640360e-01	   6.4725702510053384e-01	   7.8055895677792231e-01	   5.1562814428677595e-01	   6.3174830763502177e-01	   4.6442866625676560e-01	   2.6163036944406548e-01	   4.6554876619141383e-01	   2.2438434271585872e-01	   7.1123610236807877e-01	   3.4558585728481100e-01	   5.0053525948565736e-01	   5.1170240835455949e-01	   9.3468166566227828e-01	   7.6964403523458613e-01	   7.3840622695713720e-01	   4.6636829454028467e-01	   3.0538618330396194e-01	   4.0303032022021353e-02	   2.8573398972025776e-01	   5.4422622422997835e-02	   8.5722064802977804e-01	   6.6258482998424773e-01	   7.7846885869372451e-01	   6.0072282446346104e-01	   6.3893734295592897e-01	   4.8800885386417664e-01	   6.3327288537291604e-01	   6.0477357260770725e-01	   4.7380918536102468e-01	   6.1805077271925013e-01	   5.4451008840536039e-02	   6.9855941645153519e-02	   5.7394915665340041e-01	   6.4620433495762042e-01	  -9.9246717356093854e-03	  -4.1659319231723599e-02	   5.0742792814257109e-01	   6.4802156897820029e-01	   6.8322827960455579e-01	   4.5332720094715184e-01	   7.4861883410273700e-01	   9.5344126148062402e-01	   7.2209055824508043e-03	   3.1782869623782850e-02	   1.4702142980690758e-01	  -5.4710873455972933e-02	   4.7071923253573383e-01	   7.0064355765471986e-01	   4.5727115397098195e-01	   5.2573831133202353e-01	   4.8888794372772792e-01	   7.4135139089270585e-01	   1.2580627934639246e-01	  -5.1973508908788518e-02	   5.8781951971693946e-01	   5.2122722761317970e-02	  -9.9217470788613135e-02	   1.5116227220277870e-01	   1.3230425237842288e-02	   2.2084456736424074e-01	   4.1834385575811445e-01	   2.7042427318467915e-01	   1.6223185011999539e-01	   1.1496388265080246e-01	
   8.0166394940453925e-02	   1.7470212705908511e-01	   3.4101123140766537e-01	   1.2775501510394183e+00	   3.7380215356694868e-01	   1.1236775760645283e+00	   6.4379382890383152e-01	   0.0000000000000000e+00	   4.3201155677357850e-01	   1.1699309492220817e+00	   7.7632124135809416e-02	   7.8979836033110251e-01	   3.7876627145537883e-01	   6.0854120502068054e-01	   1.0717839280337171e-01	   3.8391271880051703e-01	   2.4500253909960734e-01	   4.2781104582724921e-01	   6.4748449192471330e-02	   3.1120901454823613e-01	  -1.1176119283366859e-01	  -1.7861637060066833e-02	   1.4926078183164443e-01	   8.1145113442351824e-01	   2.5256797356610233e-01	   5.6575887031381844e-01	  -1.1375233553826972e-01	  -1.1703101104061506e-01	   3.0177213547743392e-01	   5.2880645728851539e-01	   4.6696578631101460e-01	   6.2315966944403978e-01	   6.8274673475262648e-01	   9.6899894686091881e-01	   1.1440459184924054e-01	   1.6892688728139268e-01	  -9.6654223638866762e-02	  -9.3925896531672839e-02	  -1.7884647446527191e-01	   1.0763075696971982e-02	   1.4415226503440881e-01	  -3.9476001171382269e-01	   3.9310071849031375e-01	   2.9742589519610974e-01	   3.6899122899821141e-01	   5.7746749795500418e-01	   3.6436040104201539e-01	   3.0373735968910376e-01	   4.8406550465195464e-01	   4.6079070235729713e-01	   4.4797472455011089e-01	   5.1335892482501011e-01	   3.4774108006174420e-01	   4.3282738313281433e-01	   2.3177004114615218e-01	   1.8168202265725020e-01	   7.3821990699246109e-02	  -2.4905002507727224e-02	   1.9676056585759066e-01	   3.8846774721949034e-01	   4.6659048520596308e-01	   8.7642247642990301e-01	   5.4759166243435353e-01	   8.4271039132306091e-01	   2.6778357732831415e-01	   8.0566162808590946e-01	   3.8523136044477740e-01	   6.0848335401950071e-01	  -1.2050825849101623e-01	  -4.0059611119955256e-02	   5.1851791503558613e-02	   8.1509801606305235e-02	   5.0100616732480419e-01	   5.6085430809704562e-01	   4.0860795758883722e-01	   5.5804720641724659e-01	   3.9584038253254061e-01	   5.4078463298825319e-01	   2.4175497167742716e-01	   3.3692982094736112e-01	   2.0985182647038522e-01	   1.9804245574467352e-01	  -4.3672408921871447e-01	  -2.5088210520255594e-01	  -6.9794540529493868e-02	   2.4208048444499530e-01	  -3.5423458578774364e-01	  -4.4162603043683168e-01	  -5.6350444550178125e-02	   2.5397792209886821e-01	   7.7136694274576523e-01	  -1.7395122099407061e-02	   6.9801944463951759e-01	   1.9443029325921238e-01	  -2.5206733808784998e-01	  -1.2066290105296001e-01	  -1.8074339722315683e-01	  -3.5307799468701018e-01	   3.8727934474598730e-01	   2.0739750568922222e-01	   5.5837134819651357e-01	   1.3628916299161234e-01	   9.1364940158980806e-02	   3.1166567290519315e-01	  -2.0201465356213682e-02	  -1.7138173320425348e-01	   5.3775162253938169e-01	   1.6525679285829825e-01	  -2.4209323246245421e-01	   2.1111937926759339e-01	  -3.1383915241362781e-01	   1.5943673823373178e-01	   1.1051746722098618e-01	  -5.2929118779504708e-02	  -2.6970220594687355e-02	  -1.4257960686217699e-01	
   4.9447406314511844e-01	   3.6416869151428838e-01	   6.2740871071369442e-01	   1.7517750735464080e-01	   9.9725290140832135e-01	   5.9113588771788683e-01	   1.0583295746230332e+00	   4.3201155677357850e-01	   0.0000000000000000e+00	   5.1840866253010542e-01	   5.8941635517513402e-01	   3.7794631493897007e-01	   6.4569684347932599e-01	   2.1086820338427073e-01	   7.7833018377698560e-01	   1.6581759353776954e-01	   1.2842796722787289e-01	   2.1382814109316989e-01	   3.1229309978989400e-01	   2.4076414377580824e-01	  -1.8469720275858667e-01	  -2.2549911922051258e-01	   2.6061366372648420e-01	   1.0791247062664514e-01	  -2.6679229225160656e-02	  -6.2042810219898804e-02	  -2.6725894757808161e-01	  -4.4866854467328959e-01	   1.9215788975314702e-01	   1.1733473312516851e-01	   2.2417349662908181e-01	   1.8801997727272857e-01	   3.7484955429383499e-01	   3.3914205366618677e-01	   2.4208049383161057e-01	   9.0097242242963838e-03	  -1.6676130597482242e-01	  -1.5973311111295765e-01	   2.3485129563194623e-02	   6.8720329975895875e-02	  -1.8197386831864051e-01	  -3.6947579210623699e-01	   1.3887098031756059e-01	   1.1978677296362847e-01	   2.4312994593466755e-01	   2.3066598629261292e-01	   6.2915820961170765e-02	   9.1901610964451694e-02	   2.6840811436944972e-01	   2.9441978456003781e-01	   4.1749087409890606e-01	   3.6321335336187893e-01	   3.5860932232666343e-01	   5.2543051225429849e-01	   1.4158098099142866e-01	   2.0514135166865471e-01	   2.8294750762112825e-01	   1.9806216941882787e-01	   3.6299039239596470e-01	   1.6611359876981191e-01	   7.4335582110415255e-01	   4.4575913523644095e-01	   1.6122032721489152e-01	   2.0931938823024199e-01	   6.8025384847516879e-01	   6.7419784666311977e-01	   3.4448476832074992e-01	   2.0656597542601957e-01	   3.7822613463548904e-01	   2.7169708485536770e-01	   1.8049103060656807e-01	  -1.0237999211227095e-01	   3.0374571862495608e-01	   1.6875228420118521e-01	   2.9326511628836965e-01	   1.5847732605700993e-01	   2.1226447982976709e-01	   9.8728142811778788e-02	   2.9006354943361257e-01	   3.6769633652713118e-01	   1.2179131573738838e-01	   3.0283461064907241e-01	  -1.6860148573460254e-01	  -2.0454621808185539e-01	   2.7307352301342180e-01	   2.1449921860482302e-01	  -2.6816995046990016e-01	  -3.0957774190098875e-01	   2.3413612907250950e-01	   3.4749990982604134e-01	   3.9328107860967532e-01	   4.3458523077188860e-01	   4.3800552846197782e-01	   7.1553262066118883e-01	   7.5898227186969772e-02	   5.3718358924771281e-02	   4.6391841310184376e-03	  -1.2032082397425999e-01	   1.8692394305802601e-01	   4.2738233695897987e-01	   2.1452056865168748e-01	   3.4996952989230046e-01	   3.0408964650664266e-01	   5.2685693835159242e-01	   1.2616715016246785e-01	  -1.8580023693832319e-02	   5.1247627195400536e-01	  -7.9392659208749036e-02	  -2.0650978720587035e-01	   9.0666357799980848e-02	  -5.0735601265131082e-02	   9.9032347872242008e-02	   3.2181886562996820e-01	   1.4012077287911348e-01	   2.1491869528016721e-02	   3.0181847640775035e-02	
   1.4060273161909398e-01	   1.1444589476996293e-01	   2.4897916443253051e-01	   7.3934299034066731e-01	   2.9076542580601444e-01	   1.2817156739242916e+00	   4.8817234604759319e-01	   1.1699309492220817e+00	   5.1840866253010542e-01	   0.0000000000000000e+00	   2.4481990860053141e-01	   6.8578806405752346e-01	   5.7417275983899763e-01	   4.5305057753371369e-01	   2.3271930080680875e-01	   4.1873626948083814e-01	   3.0268603227384977e-01	   4.0376531104117241e-01	  -5.9443381486542421e-02	   8.3136208429151606e-02	  -1.6990724900741508e-01	  -1.8888761781694144e-02	   2.0014869437883831e-01	   8.8775287687675564e-01	   1.3459236926272794e-01	   4.0743101950852112e-01	  -1.0930700580944465e-01	  -7.1391262941085012e-02	   2.2956480509104954e-01	   4.6561644961587501e-01	   3.1959505547485023e-01	   4.7160681357472656e-01	   3.8354288451301205e-01	   6.2466283390245514e-01	   7.0287508793624442e-02	   5.2227088102042026e-02	  -1.5548361915060341e-01	  -1.6133527122250171e-01	  -2.2987116924240197e-01	  -5.0345676001870964e-03	   1.0646394987018247e-02	  -3.3686830931650036e-01	   1.8359309512514688e-01	   1.1138894019028209e-01	   1.7747206131409315e-01	   2.8573004027158683e-01	   1.5461570134669972e-01	   1.5223740457502899e-01	   2.6003440209130052e-01	   2.5300657786992475e-01	   3.5727922453446159e-01	   2.9178795513303213e-01	   2.8818059504860483e-01	   3.6108195281469391e-01	   1.1694274243362135e-01	   1.1621235662986695e-01	   1.8946131650694353e-01	   7.8281517309099879e-02	   1.1032028172015264e-01	   2.1839036307742504e-01	   5.9783437546495066e-01	   9.0908304438123122e-01	   4.3805968071669732e-01	   6.3091755139688666e-01	   3.6833577939257384e-01	   8.4288331733956512e-01	   1.1110581018515092e-01	   2.1098135090500911e-01	   9.1024621495743811e-04	  -6.9237045907792935e-02	   3.1051483269551511e-02	  -1.0267430575576489e-01	   3.4084141399823548e-01	   3.2885134430259277e-01	   3.1846722451022436e-01	   3.4742183076271349e-01	   1.8252969297509614e-01	   2.7804046678629457e-01	   3.3849744214790417e-01	   3.6649218644372444e-01	   2.7333342832582036e-01	   2.4251415349944339e-01	  -4.2319412781898791e-01	  -2.1187042877762757e-01	   2.3138536551760902e-02	   1.7008786541577325e-01	  -3.2998153672917258e-01	  -3.6170670855750736e-01	   9.4761243606560380e-02	   3.1204734956047275e-01	   5.6884012486352031e-01	   5.1988629871461717e-02	   6.0373786743085789e-01	   2.4222925991429195e-01	  -1.1191923315283606e-01	  -1.5728861549156266e-02	  -1.6448047033214994e-01	  -2.8243032803674067e-01	   2.1169315744414491e-01	   1.8111127443431768e-01	   2.4031936461694539e-01	   1.2996483345365417e-01	  -9.2054369754288323e-02	   2.6524907843661427e-01	  -2.0002924008969586e-01	  -2.4310508663252084e-01	   4.3425419403160798e-01	   8.1612250656654631e-02	  -1.0108515392258417e-01	   2.5510840436720827e-01	  -2.2885261064068260e-01	   6.8125725192710956e-02	   3.0541105901408242e-02	  -1.3298750335118589e-01	  -7.5516847095964817e-02	  -6.7343955323160884e-02	
   9.6823810481920647e-01	   7.5995097602109452e-01	   6.0930000452888822e-01	   1.0732398961335660e-01	   6.7583316727796028e-01	   3.5585100024962207e-01	   6.4721620747428044e-01	   7.7632124135809416e-02	   5.8941635517513402e-01	   2.4481990860053141e-01	   0.0000000000000000e+00	   5.4173088410140258e-01	   1.2366808843810291e+00	   4.5917544394207838e-01	   1.1304403718962397e+00	   5.5715705594500764e-01	   8.7070947866940041e-01	   7.1083082698343691e-01	   6.1433660041634708e-01	   4.5075705586854786e-01	  -4.2806346970856043e-02	  -5.1671844065498282e-02	   5.0776765066678597e-01	   1.8178779742264614e-01	  -1.0081750927985463e-01	  -1.4115924312760553e-01	   4.2627714029312168e-02	   3.9728553414220373e-02	   5.7639401536988277e-01	   3.6098864170961381e-01	   1.1289641347984074e-01	   1.4404359091930125e-01	   3.3162657991666727e-01	   2.7027628389760078e-01	   2.2786736745667879e-01	  -9.3092982144309971e-02	  -3.0034432308556163e-02	   5.5171977281054635e-02	   2.9308251527810819e-01	   2.3236015398271059e-01	  -2.1901371988005250e-02	   2.1895168575179556e-02	   9.8870301784584530e-02	   1.2224304131163335e-01	   7.2837361672514781e-03	  -7.5152002952507874e-02	  -8.5504479168176002e-03	  -1.1378211130814924e-02	   2.8983826438842706e-02	   2.9061643537873615e-02	   2.9299444934439173e-01	   1.2471579671906413e-01	   3.1556638596795888e-01	   4.3033996141861991e-01	   1.4570581001311175e-01	   3.3698746367326105e-01	   7.3190705981691984e-01	   5.6520055822697846e-01	   2.5366909705318580e-01	   7.6375558487158796e-02	   6.2747414029816484e-01	   1.7149316622466837e-01	   4.0912580853041242e-01	   2.2198385459755798e-01	   6.0956324764901515e-01	   3.7569811381364182e-01	   1.7339455454040806e-01	  -1.1141092945556583e-01	   6.0732145729125087e-01	  -1.1902744038225874e-02	   2.4369492127490441e-01	  -1.0874265437236347e-01	   5.3600527872961889e-01	   3.3658433035395463e-01	   6.6527370566546984e-01	   4.1594422664009734e-01	   3.2359426090227417e-01	   1.9703258896974693e-01	   9.6692416206526188e-01	   8.7499360233699541e-01	   6.8964054129510610e-01	   7.6420685015515966e-01	   3.2480717066758114e-01	   3.5487855603206675e-01	   7.2339066992664347e-01	   4.9738098585692903e-01	   1.8104730540543343e-01	   2.3258818373621434e-01	   6.4485413860361562e-01	   6.4001549276545189e-01	   1.8723742810516639e-01	   2.0463664928606118e-01	   4.0307080116683974e-01	   6.8846819656086200e-01	   4.0615709217341105e-03	  -1.4066957256095192e-02	   5.6036028103911978e-02	  -1.0982754731128244e-01	   7.8132028381146468e-02	   3.8852569401581072e-01	   4.1186696305793247e-02	   3.2663622979174378e-01	   2.2311585845294729e-01	   5.5427126418847050e-01	  -8.4700370532683714e-02	  -3.1554679770202781e-01	   1.5116728266660415e-01	  -8.2120535876535852e-02	  -1.0569059329910510e-01	  -9.4521695285250132e-02	   5.3554600790770748e-02	  -1.3644133184845041e-02	   2.1409665515242776e-01	   2.2351241660430055e-01	   2.0625071668579112e-01	   1.4527303912107839e-01	
   2.7646019322314808e-01	   4.4256686238014353e-01	   3.3281264093835017e-01	   7.1422303895601469e-01	   4.0373936196677074e-01	   7.0227520859290016e-01	   5.7677696894731634e-01	   7.8979836033110251e-01	   3.7794631493897007e-01	   6.8578806405752346e-01	   5.4173088410140258e-01	   0.0000000000000000e+00	   7.6579320053781130e-01	   1.5939175466036266e+00	   4.1913563103831186e-01	   9.4068225068609246e-01	   6.1173822450021975e-01	   7.6500223192306926e-01	   2.6938311036712037e-01	   5.5065507427195370e-01	  -8.7512169794739622e-02	  -2.8756606290715688e-02	   2.5833112347082632e-01	   6.1456471188925399e-01	  -3.9129754928861733e-02	   1.7433750378301843e-01	   2.2139438292309965e-02	   5.1217926647808908e-02	   6.2064845960834869e-01	   8.2271541007953486e-01	   2.4986254059423429e-01	   4.1024393013197041e-01	   6.2127364895746862e-01	   8.0819842536026620e-01	   3.9169592369762384e-02	  -4.7564562127189548e-02	  -4.9779349236392855e-03	  -1.0922617172656655e-02	   2.4439556902843888e-02	   5.5139835784079681e-02	   1.3428426961230128e-01	  -2.4150994345717550e-01	   4.9469515730397118e-01	   4.4158358975487944e-01	   2.8697226399806403e-01	   3.2411395477852045e-01	   4.1263447334509762e-01	   3.5516395346352403e-01	   3.5164404645089492e-01	   3.2712974756510155e-01	   4.5419249144378715e-01	   3.6814147201044928e-01	   4.0106815050041278e-01	   4.3333651211914809e-01	   3.6923857797140636e-01	   3.0255781902893414e-01	   2.3350227440470878e-01	   2.6747614976920162e-02	  -7.6360609794689583e-03	   8.0552002071465914e-02	   2.9887143115455117e-01	   4.4605990143551710e-01	   4.0401296961458849e-01	   5.5273604228077378e-01	   2.6678091051763475e-01	   5.6609828376688631e-01	   2.0033232800759734e-01	   2.4824820164449557e-01	   3.2525854137806662e-02	  -2.0991820369913025e-01	   1.0605610985343937e-01	  -7.4479151259250323e-02	   6.2803932071073965e-01	   6.5876259603434706e-01	   5.4405830202889993e-01	   6.8318805298516627e-01	   4.3355001207315080e-01	   5.1821896611002916e-01	   7.3483167510183345e-01	   7.2786218496726685e-01	   5.8118934592841553e-01	   5.6621925016867025e-01	  -7.6676397246977168e-02	   1.1406026817018376e-01	   2.0128226276771505e-01	   5.9617215963445858e-01	  -7.2257288129020034e-02	  -9.1666518804451078e-02	   2.1542759873426520e-01	   4.1272810989293146e-01	   4.9570193092504533e-01	  -1.9391811847554497e-02	   5.7840807647152692e-01	   2.4047124038892648e-01	  -2.4222200103845432e-01	  -3.0886805371307561e-02	  -4.3737645449185243e-02	  -2.1256539205425248e-01	   4.6039535532579645e-01	   2.4793810506951136e-01	   3.8258903700633473e-01	   1.1925095304316258e-01	   9.3913509895151501e-02	   3.1373033392584893e-01	  -1.1043375731350945e-01	  -3.9229833574229273e-01	   2.4991573382201474e-01	   4.1385766608617570e-02	  -1.6078127324555391e-01	   6.9810411506297035e-02	  -1.0416423235656176e-01	   2.3562845960298695e-01	   2.6943088259439613e-01	   1.4547209035634015e-01	   2.2846684621328367e-01	   1.5358559185830478e-03	
   5.6826686039883267e-01	   5.3942325925962586e-01	   5.7768292324498549e-01	   2.8594311235295033e-01	   5.6301469251369041e-01	   5.6953187011016360e-01	   7.2566481394638815e-01	   3.7876627145537883e-01	   6.4569684347932599e-01	   5.7417275983899763e-01	   1.2366808843810291e+00	   7.6579320053781130e-01	   0.0000000000000000e+00	   6.4528693125236880e-01	   9.6501405676643615e-01	   6.8541079900369439e-01	   7.9815455088079834e-01	   8.2451090217786771e-01	   2.3137630315161242e-01	   2.5685849806626904e-01	  -1.1964286174167215e-02	   5.2118902729997724e-02	   4.4243702201807450e-01	   3.6198570432537858e-01	  -4.4621905534763173e-03	   3.8983650108087480e-03	  -1.3741583360211701e-02	  -1.2030322200705151e-03	   6.6523010368121616e-01	   5.5851840489018179e-01	   1.7257036836565715e-01	   2.1624541352592697e-01	   3.7380271496087442e-01	   3.9958478451355622e-01	   2.2356278238597108e-01	  -7.0898834567145783e-02	  -3.6982663512114759e-02	   1.8650371254249536e-04	   1.7979810897483783e-01	   1.6456222066747739e-01	   9.4407499820043553e-02	   2.8114382591045862e-02	   1.7705794026497354e-01	   1.3334124632315869e-01	   1.5847109261951631e-01	   9.6559415358323603e-02	   1.3052556945851207e-01	   1.2041052089493870e-01	   1.2189119398644144e-01	   1.0645211843943043e-01	   3.6707918715116106e-01	   1.6514546615928560e-01	   3.5242923094611672e-01	   4.0571579776979022e-01	   2.2041412702608440e-01	   3.7938026256203328e-01	   5.4925752625800750e-01	   3.5989144490406055e-01	   1.7034433552634004e-01	   6.5883650583554998e-02	   8.2349404101957135e-01	   3.5120432166638166e-01	   4.9574488216547441e-01	   4.0189468955679297e-01	   5.4242756677518544e-01	   4.5224130277197905e-01	   2.2556293142180137e-01	   4.6803746932612023e-02	   3.6463664489365277e-01	  -8.0848966585284662e-02	   1.4947842834242839e-01	  -1.7874248784654898e-01	   5.7621868232606421e-01	   4.0643216347110922e-01	   6.4066630730872409e-01	   4.0584723675503798e-01	   3.0900223638242652e-01	   2.3087890143175949e-01	   9.5505304857243067e-01	   8.4150352820225471e-01	   7.0315345568737442e-01	   7.3535254962608887e-01	   1.1643229070586218e-01	   2.7621222880950080e-01	   5.5425240935914522e-01	   5.0106940327456906e-01	   7.6453081039601538e-03	   1.7757742035226967e-02	   5.4241781850321491e-01	   6.0425495537984952e-01	   3.2571241948436286e-01	   1.6074427084859824e-01	   5.1514015691089843e-01	   5.9280178930580840e-01	  -7.1573464873323611e-02	  -3.6682573636174817e-02	   1.7322224324606471e-02	  -1.2908445183108011e-01	   1.8450289005094472e-01	   3.3381948669527339e-01	   1.3143223219917763e-01	   2.2941298886484091e-01	   1.2441771628137986e-01	   4.0725673552335601e-01	  -1.4660597851112836e-01	  -3.7309975679144619e-01	   1.6288037134942018e-01	  -1.0281138292932666e-02	  -5.2223695838395326e-02	  -1.5861276250719439e-02	   3.1519196122388987e-02	   2.3661144138615163e-02	   1.5457809634656736e-01	   1.0557158125138547e-01	   6.7755136567581295e-02	   7.2013693087216626e-02	
