   0.0000000000000000e+00	   5.5089758508099940e-01	   4.1442487077198709e-01	   3.1970374756342906e-01	   3.3341964734605223e-01	   2.5275899593704576e-01	   2.5990762565440201e-01	   2.8833096502385358e-01	   3.7361854289239516e-01	   1.7557863934298221e-01	   9.8862265657000292e-01	   5.2254827786674263e-01	   6.7823511036089545e-01	   4.9491973969464526e-01	   6.5612187510418907e-01	   3.5398895842694705e-01	   3.8145205359575923e-01	   3.6271797335909606e-01	   5.3926427493817020e-01	   3.1422818995793728e-01	   1.3241101992814408e-01	   1.5367663678605981e-01	   5.8243501488229199e-01	   4.3822091621807180e-01	   2.4172000269163255e-01	   2.8189134839232666e-01	   3.7080881173597069e-01	   3.2272937871113933e-01	   3.3513324577057690e-01	   5.1436534614057325e-02	   1.9549098514295071e-01	   1.6846059951858350e-01	   1.9048278776193775e-01	   1.5856664613829705e-01	   1.3496105747568629e-01	   1.4650490799835738e-02	   2.4781391363379146e-01	   1.8270447754754959e-01	   2.9392901913476843e-01	   3.2079780773397965e-01	   2.3205446286693221e-01	   9.0866264186276482e-02	   3.4066299796417376e-01	   2.8791212740389105e-01	   2.7889476895279242e-01	   2.3001557577094139e-01	   3.3268529185386314e-01	   3.2098772167789646e-01	   3.6762142083533028e-01	   3.6860804070435926e-01	   4.1683209567601814e-01	   3.5643283507601148e-01	   4.0455587916769520e-01	   3.5546945818260556e-01	   3.3655860130608589e-01	   2.6545798822056765e-01	   7.0533454372607396e-01	   4.6416869093874563e-01	   5.6622091615744319e-01	   5.3474730406342674e-01	   5.5945034558320883e-01	   5.7864123859595673e-01	   3.1141245096256409e-01	   2.9853052691289261e-01	   4.1931818592414405e-01	   2.5552157639519740e-01	   1.3185698700864323e-01	   1.3730165137834976e-01	   7.4274465624723618e-01	   3.6062604209979848e-01	   3.5942264708587890e-01	   2.0748601779053380e-01	   3.4767958163860224e-01	   1.3880515415218836e-01	   4.5812773621500041e-01	   3.0408482545263821e-01	   2.7540387015721118e-01	   1.1434178262954281e-01	   5.0998458349545306e-01	   5.5818765615734212e-01	   7.1397833506286212e-01	   7.3916117907156098e-01	   5.0482492411967461e-01	   2.8988498128595469e-01	   9.3942682879043715e-01	   7.2444090583939103e-01	   4.3275795161612829e-01	   3.9618877615690684e-01	   5.1551696930137458e-01	   7.0578435114627958e-01	   3.8485920914958538e-01	   5.3890149122538089e-01	   3.3321118538632066e-01	   4.3939837495938316e-01	  -1.7397069532235115e-01	  -2.4015983368834124e-02	   1.1087187535559717e-01	   2.7339303197914566e-01	   1.6112555893836078e-01	   2.6086794354508391e-01	   2.1317024604564966e-01	   2.5848758836185037e-01	   1.5064715730283304e-01	   8.1721483306447226e-02	   3.9907804557849320e-02	   4.2327473087644882e-02	  -7.0114532477676988e-02	  -2.3070898236214443e-01	  -8.4617120421454459e-02	   3.1004435963503964e-02	   1.3414076778624745e-01	   3.9547229876381873e-02	   1.3899772161061627e-02	   1.4222756549891291e-01	   1.0500153560079782e-01	  -2.0293585598840405e-01	
   5.5089758508099940e-01	   0.0000000000000000e+00	   1.4258734986914759e-01	   5.9401645673833325e-01	   3.2898934844080735e-01	   4.3636782438212973e-01	   3.1891059290539127e-02	   4.4010298038567525e-01	   1.8234146228224493e-01	   3.3269341397550389e-01	   8.9810518403311210e-02	   4.4131985825404330e-01	   1.2331561054220848e-01	   4.5468074799496694e-01	   2.5562168113932693e-01	   4.7368889293586969e-01	   8.1268253791781520e-01	   1.1212552843499528e+00	   5.2270932534462577e-01	   1.0711942870522191e+00	   2.1762101425835004e-01	   2.8299265405403951e-01	   3.3059831547465485e-01	   5.0249502391151835e-01	   1.1367408503952917e-01	   2.4940485472308754e-01	   2.5073468280549782e-01	   1.6338334321024850e-01	   3.5039761965092497e-01	   4.2786053995785073e-01	   2.3811889683473866e-01	   3.8411198558245496e-01	   6.3814664672452492e-01	   8.2611997280469418e-01	   1.7528295775676042e-01	   1.8594110595873395e-01	   2.0586292228309214e-01	   3.4072106400060370e-01	   3.4668677886395760e-01	   5.3238856276847701e-01	   4.9467853597467104e-01	   5.5344735226817776e-01	  -2.4957019643782052e-02	  -2.5761751291203949e-02	   3.6676573417703542e-03	   7.0162300630412303e-02	   1.0063911910489680e-01	   8.8009479231200199e-02	   2.9229484521385331e-02	   3.3951007364907963e-02	   1.2540751305349859e-01	   1.2125550242373863e-01	   1.5344238211730277e-01	   1.9724368430627695e-01	   1.3520110783095382e-01	   1.8100619497070533e-01	   8.9187588386441696e-01	   1.2914445005164585e+00	   1.9211432715519369e-01	   4.6116186514777285e-01	   1.9259538730629763e-01	   6.1719393868727368e-01	   3.3368799512522268e-01	   5.0537043067630938e-01	   2.6432359592904864e-01	   2.7428216923192444e-01	   1.5293894116996928e-01	   2.9124311307283757e-01	   7.1284179343376919e-01	   6.7645003177903162e-01	   1.0596090551714975e-01	   2.5033391362232654e-01	   4.4905257343308652e-01	   4.9165124026293849e-01	   3.3527681292357137e-01	   3.6289571708900237e-01	   3.8137161807232151e-01	   5.5016180498033285e-01	   1.0108979425739002e+00	   1.2791547101962379e+00	   1.0683510012646209e+00	   1.0290188156417659e+00	   3.9750910314465049e-01	   5.9287816413943673e-01	   5.6546764264478355e-01	   7.6563625762733867e-01	   3.7312748891487046e-01	   4.3653210527719022e-01	   4.0702331017280513e-01	   5.6607754961938883e-01	   3.2748636132406345e-01	   2.5092571043697459e-01	   5.8994801239449324e-01	   3.1490362116516357e-01	  -1.1712022800865104e-01	   6.8037149873337352e-02	   3.7765257848722567e-01	   3.7377420512105608e-01	   1.9720315212148939e-01	   8.7045126477699145e-02	   4.0533521196195471e-01	   5.6676539927060367e-04	   5.6098958470006366e-01	   3.5722336985407291e-02	   1.5809852104197203e-01	  -2.8314973494231122e-02	   6.0118918973788502e-02	  -2.2476584860096979e-01	   1.1001756485687923e-01	   9.2740178520590077e-02	   2.4717569783821169e-01	   3.0204698436306709e-01	   5.5600018990890877e-02	   6.2988882783213213e-02	  -5.5760354634963413e-02	  -6.8246255141880138e-02	
   4.1442487077198709e-01	   1.4258734986914759e-01	   0.0000000000000000e+00	   7.7549069490993772e-01	   8.9170107387660180e-01	   2.8703255523572763e-01	   1.1128215568106361e+00	   1.6756536421439244e-01	   6.7793982170790712e-01	   1.0777191270679090e-01	   5.5688732176660771e-01	   2.2266724734628998e-02	   3.9719029883346912e-01	   1.5747093351348729e-01	   8.8391723507974118e-01	   5.9806212706317285e-01	  -5.1986022934531646e-02	  -9.8652238100108092e-02	   7.6806982897116738e-01	   2.5963413229822896e-01	   3.8088554624184640e-01	   4.9787960998408781e-01	   1.0617002811682850e+00	   2.4756661180430853e-01	   1.0065768027683675e+00	   7.4462272403446139e-01	   4.4416561725473658e-01	   4.6237893645251404e-01	   4.2164349102147725e-01	   1.5491196069390667e-01	   1.1809020096946987e+00	   7.2462688779396700e-01	   4.4051404351242068e-01	   1.7479499987700975e-01	   7.6853945725233949e-02	  -2.4441052439149483e-01	   4.4726129745187404e-01	   3.7965282287842478e-01	   6.3512876456541878e-01	   3.8550013066193245e-01	   2.9989931042254386e-01	   3.6817505446334953e-01	   4.4507401706565453e-01	   4.1752136203325152e-01	   2.9608407928194452e-01	   1.5663211393287380e-01	   4.7602719193201648e-01	   5.2493588919487089e-01	   3.7552241626917926e-01	   4.9048191876820990e-01	   3.6401168181081872e-01	   3.6411525272406742e-01	   4.9926094665683934e-01	   5.1003037663264306e-01	   4.8881697900207033e-01	   5.4481294976130479e-01	  -6.4184709003963059e-02	   4.6719879015768358e-02	   9.8106702468435697e-02	   1.3209538357431738e-01	   1.5839612468210032e-01	   1.5368714762283294e-02	   1.5650157194198303e-01	   3.0308515397833396e-02	   2.0169796920851413e-01	  -2.0980363269564606e-01	   6.3461811275976970e-02	  -5.8258022176794558e-02	   1.8055895152873033e-01	   3.8234941067239986e-02	   7.7260201100689874e-01	   4.3422899688616146e-01	   5.6330268691132723e-01	   3.6014137243337335e-01	   6.3196606965992996e-01	   5.2635139765175143e-01	   3.9075049288861297e-01	   7.5748061956158769e-02	  -5.5995151288977307e-02	   8.1890649224886994e-02	   9.5084262055340346e-02	   1.9196000144331335e-01	   7.6784135751702332e-01	   1.8325568394467631e-01	   7.8618203915741747e-01	   4.1731211293401699e-01	   7.9227590310742446e-01	   6.4009293441078507e-01	   5.1917233048307998e-01	   5.8699355908433237e-01	   4.9026942199109347e-01	   7.6933740593723565e-01	   2.6158765263371353e-01	   6.8296996671147780e-01	  -5.5335434536827724e-02	   1.3116611851397703e-01	   3.3716061062673452e-01	   4.2193240482157507e-01	   3.7325234226719928e-01	   5.3384855997171932e-01	   1.7109822216995328e-02	   1.9384086849559373e-01	   2.6472510521085424e-01	   2.0825760186433631e-01	   1.9822467724058740e-01	   3.5874251979622152e-01	   1.7412767106922311e-01	   3.4501655261243713e-02	  -2.3501985814132570e-01	   1.5733437297100500e-01	   3.0917026423038274e-01	   5.0601754461621218e-01	   3.8844033191374605e-01	   7.0832186972252087e-01	   7.5026568308773933e-01	  -1.7918569556858432e-01	
   3.1970374756342906e-01	   5.9401645673833325e-01	   7.7549069490993772e-01	   0.0000000000000000e+00	   1.0712996175036851e+00	   8.8382603058459952e-01	   7.1036640559714281e-01	   9.2924358439448873e-01	   7.5865574066928487e-01	   6.2564913321504323e-01	   1.9544510048696120e-01	   4.7981583050137033e-01	   2.3460318188359830e-01	   6.6508952359313311e-01	   5.0423159919002236e-01	   9.9809413127106039e-01	   1.9429722357489451e-01	   2.8557872562383030e-01	   5.6387877408810716e-01	   6.6957271707664323e-01	   3.9055905962937848e-01	   5.0680323968491858e-01	   8.1901279355200840e-01	   7.4049762105473249e-01	   5.8885445640991729e-01	   8.7462825291401702e-01	   3.5804034390336742e-01	   2.4871092504012515e-01	   4.1704795241638332e-01	   3.6420156857200153e-01	   1.1105792230283800e+00	   1.3303083386728884e+00	   8.5329617472610231e-01	   8.3760766746725412e-01	   3.3045845892721382e-01	   2.5055474857088100e-01	   4.7279010321769743e-01	   7.5182485426016654e-01	   6.5757977741569784e-01	   8.2760707321141713e-01	   4.9466995398350527e-01	   7.1840317381461638e-01	   2.3482336921180388e-01	   2.2940359704329605e-01	   2.4672294018521879e-01	   2.7678179181215162e-01	   3.3153966435274468e-01	   3.8111512038607032e-01	   2.1084428571337380e-01	   2.7479337131595860e-01	   2.6061906347495345e-01	   2.8032674033897953e-01	   3.3191034580572604e-01	   3.7695726599064211e-01	   3.7688188180564663e-01	   4.8953975653355508e-01	   2.0519040503448599e-01	   3.1707812611265579e-01	   5.9410772889198167e-02	   2.9226029143622789e-01	   2.5034370758718427e-01	   4.5231873014626356e-01	   1.6606230984595247e-01	   2.0383258945419322e-01	   4.1899071710852037e-01	   2.5443923583759281e-01	   2.7909132143860343e-01	   4.3295343712958922e-01	   3.4731636243241243e-01	   4.9064914057474746e-01	   3.6646939272646245e-01	   4.8729884501480047e-01	   4.8370413251154615e-01	   4.7319297360464058e-01	   4.4712163034805458e-01	   4.5182155780239908e-01	   4.4260006498506727e-01	   5.1269177933888521e-01	   4.1232622011083214e-01	   4.8176781551248349e-01	   4.3134031771022607e-01	   4.7140346250735288e-01	   7.1571939224724213e-01	   5.1972810250889068e-01	   6.3503303444728754e-01	   8.2623511675698458e-01	   6.4266727395203826e-01	   7.9469333176816315e-01	   4.4539647361274454e-01	   8.0432758804089755e-01	   7.3238063990999780e-01	   5.0108080900358432e-01	   8.2818772206106206e-01	   4.7931846203484679e-01	  -5.7813186600793709e-02	   2.3583893122092037e-01	   4.0996350281727384e-01	   5.8340937709172525e-01	   4.0738315634125555e-01	   3.6105282428460711e-01	   5.2873175630582059e-01	   1.4787965291745972e-01	   6.4664407798268875e-01	   1.7062180260212190e-01	   4.4058222445753426e-01	   3.4213820989600841e-01	   2.8362678638551020e-01	  -1.2381910498719421e-01	  -7.7821458344139990e-02	   1.4899642597602675e-01	   3.6976420432470103e-01	   5.0583203160669243e-01	   2.6504591841829533e-01	   4.4553147868180182e-01	   5.6303735311621494e-01	  -4.5389698137747431e-02	
   3.3341964734605223e-01	   3.2898934844080735e-01	   8.9170107387660180e-01	   1.0712996175036851e+00	   0.0000000000000000e+00	   8.2096656137709789e-01	   9.9424878612744816e-01	   7.6264326208038757e-01	   1.2569969463591444e+00	   7.0012504662287778e-01	   3.0706435252620801e-01	   4.2455228600107509e-01	   2.9472026152585523e-01	   5.1751236916918453e-01	   4.6308148635325952e-01	   6.4977201437307563e-01	  -2.1102484189936743e-03	   4.1758522292693431e-02	   4.1976378958841454e-01	   3.6092935350243022e-01	   3.9111947537713343e-01	   5.0817782565391123e-01	   7.5123462225083948e-01	   5.3212593569219302e-01	   5.7066417370468303e-01	   5.8975862662631073e-01	   3.4420220578698857e-01	   4.0586718670195099e-01	   3.3148986028949623e-01	   2.4300994743456472e-01	   8.1769632018740146e-01	   7.4177952327711461e-01	   5.2669730936073478e-01	   4.5955750661623096e-01	   1.3903405012943232e-01	   7.6917366557778130e-02	   3.9400895820736898e-01	   5.5054678442070637e-01	   6.4704876751382279e-01	   8.0473085068390315e-01	   3.1704852647515291e-01	   5.8326356477098940e-01	   3.8477021129736105e-01	   3.6864027511941078e-01	   3.3129354261719096e-01	   3.3651673439921098e-01	   5.1062207501946966e-01	   5.5649448245073063e-01	   3.6217950145997002e-01	   4.4536468042661836e-01	   3.3427867056827587e-01	   3.6663408130418790e-01	   4.7886240902598670e-01	   4.5485892849612919e-01	   5.2781765753503018e-01	   6.3673664599369773e-01	   2.2208272144770551e-02	   7.6284187307842671e-02	   2.1378106644975226e-01	   3.0267931218991923e-01	   4.0045103166397755e-01	   4.0608270510017813e-01	   1.6373673213931073e-01	   1.5931603274026079e-01	   3.7823196076534837e-01	   1.9469203865853921e-01	   2.4367076344386324e-01	   3.0503604225558650e-01	   2.6699383854567760e-01	   3.2659442666016575e-01	   4.7730361136657590e-01	   4.9034886009595002e-01	   4.3327002209744836e-01	   3.1823790289871445e-01	   4.2129878683620842e-01	   4.4142568380257785e-01	   2.3242746141547777e-01	   2.0604967928491524e-01	   1.4635161478688502e-01	   2.0487245123143547e-01	   2.2971405529167827e-01	   2.6611841125542679e-01	   6.2710919494457240e-01	   2.7664128927830250e-01	   5.6638214918236307e-01	   5.7286926308382380e-01	   7.0754099170232354e-01	   7.1647870982035822e-01	   4.8773954097788486e-01	   7.6640219329797210e-01	   7.5391510093966496e-01	   5.8291059310127302e-01	   5.8067126546824122e-01	   5.5313453868237183e-01	  -5.2776338462576053e-02	   2.6186549313682489e-01	   4.1601818326416012e-01	   6.0325241590688217e-01	   5.0175111146191931e-01	   4.3003273114310508e-01	   5.0394980905059084e-01	   2.5080836648495763e-01	   5.9230487892090211e-01	   1.5565338435818010e-01	   3.5314676661432981e-01	   3.5291427270176351e-01	   3.2676710437628492e-01	   6.0599538845479396e-02	  -1.4833035618370577e-01	   2.3627822697728701e-01	   3.3532192523439847e-01	   5.2563816300747002e-01	   3.4041123241749704e-01	   4.4814127218076122e-01	   6.6662095948099220e-01	  -8.1053579977127893e-02	
   2.5275899593704576e-01	   4.3636782438212973e-01	   2.8703255523572763e-01	   8.8382603058459952e-01	   8.2096656137709789e-01	   0.0000000000000000e+00	   4.3768156852365697e-01	   1.2807014945372348e+00	   9.2479787722976292e-01	   1.3810175346240718e+00	   1.4058578289495360e-01	   7.1282434364024527e-01	   3.5401697844425456e-01	   8.8034038373299672e-01	   3.8307044563631748e-01	   7.7617742173361293e-01	   1.5804007429101158e-01	   2.3396863772904269e-01	   1.0483356779439090e-01	   3.4878658972645160e-01	   3.7640703526482944e-01	   4.9396736260703800e-01	   6.1251606606540365e-01	   1.0709129123517291e+00	   3.7681377660510723e-01	   6.5163264989014991e-01	   4.5647489333097752e-01	   5.0174758008105913e-01	   1.7235075441910175e-01	   2.0207780865047714e-01	   5.2021115461737166e-01	   6.6696520565481865e-01	   3.7924939965792337e-01	   5.0777423644441777e-01	   4.0884347078769628e-01	   4.2578031301346242e-01	   5.5500717790124654e-01	   9.4721544304060101e-01	   5.7094438372543677e-01	   9.3387413210893300e-01	   4.0584782440352757e-01	   5.7392733517339756e-01	   1.4740877883767531e-01	   1.5241870248657430e-01	   1.4733200488851320e-01	   2.3475674377642886e-01	   2.2983418444876991e-01	   3.3844787288112155e-01	   1.3570984364627184e-01	   1.8345328963979046e-01	   2.0859695547318685e-01	   1.9380919824650336e-01	   2.9873090355340481e-01	   2.0451166911163898e-01	   3.2815084043132625e-01	   3.3693345809859987e-01	   1.1493545577349083e-01	   1.6011479524408870e-01	   1.0982152322222045e-01	   2.7873556218838824e-01	   4.0536978203210472e-01	   6.4708782082494420e-01	  -2.1658428398928294e-02	   6.7080625303125363e-02	   6.2109432181939006e-01	   6.3030725940754628e-01	   2.8096295469722543e-01	   5.3239258634401665e-01	   3.8955489090322937e-01	   6.6556808237423848e-01	   1.3595660249467711e-01	   3.6215953954678898e-01	   2.1762088908483598e-01	   2.1796803859757527e-01	   1.9790975534933045e-01	   1.6107310513358203e-01	   1.5963396768611976e-01	   3.3864389258087463e-01	   2.9273521446097001e-01	   3.1364181571455912e-01	   2.9575466810757961e-01	   3.4394984574654397e-01	   5.1300055343371365e-01	   4.9748623938429570e-01	   4.1701628278148767e-01	   6.6481214000987121e-01	   4.7765345585281621e-01	   7.1463914612631341e-01	   4.8365608387327724e-01	   8.5282078629589742e-01	   8.7118621001639840e-01	   3.9279817599151445e-01	   1.0867416518699302e+00	   4.3165384115117594e-01	   1.1749280332252372e-01	   3.9291134666024413e-01	   3.3959212027820757e-01	   6.0772610559251616e-01	   2.2612690759676790e-01	   1.3472321835174439e-01	   8.3213016399905804e-01	   2.4932255623728228e-01	   5.7554984264558906e-01	   1.0205959530082537e-01	   4.2700323553678765e-01	   2.3532642280566796e-01	   2.4646458107104691e-01	   2.3191997046683507e-03	  -8.0095509291567196e-02	   1.7683032632216533e-01	   3.2293346974039411e-01	   3.5250148791495289e-01	   4.8059976137495297e-02	   2.7847604235857870e-01	   4.3693393862367436e-01	  -1.4444231514488837e-01	
   2.5990762565440201e-01	   3.1891059290539127e-02	   1.1128215568106361e+00	   7.1036640559714281e-01	   9.9424878612744816e-01	   4.3768156852365697e-01	   0.0000000000000000e+00	   4.0083233138640811e-01	   9.2648255498488752e-01	   3.1915954420611514e-01	   4.5914829074479763e-01	   1.6638208680816124e-01	   5.8352781492917161e-01	   2.9809130552979068e-01	   6.1218257546172405e-01	   5.4087044599589773e-01	  -1.9657236629894476e-01	  -1.8606267872415105e-01	   3.0101556784986461e-01	   3.2909888902601124e-02	   2.9769609904208655e-01	   3.9148218087975611e-01	   7.2850109885895409e-01	   2.7239871162192669e-01	   6.4439150638741616e-01	   5.6627046917224344e-01	   3.5924602939155659e-01	   3.9032212612842276e-01	   3.2256456114278365e-01	   1.1184770534442201e-01	   7.7747822268040889e-01	   5.9419860840268923e-01	   4.1318237876902486e-01	   2.1206014840682949e-01	   1.5520769507102156e-01	  -1.1481341704303076e-01	   3.8565832930675747e-01	   3.8960056149657146e-01	   6.3052837035972220e-01	   4.6453128034652191e-01	   2.4736743848327220e-01	   3.8614906701051166e-01	   4.2969099625219548e-01	   4.1991456101788560e-01	   2.7193150588581450e-01	   2.0731322870635532e-01	   4.2414625911424109e-01	   4.6510741630526609e-01	   3.4205798508279234e-01	   4.3574777929074915e-01	   3.5179677372316820e-01	   3.1494149818653566e-01	   4.2607006656672858e-01	   4.2214935749517779e-01	   5.5490463456352579e-01	   5.1639707516474709e-01	  -2.5112032183575217e-01	  -1.4785838463594553e-01	   1.9356528586441424e-01	   5.3932064057702442e-02	   4.3643997595386208e-01	   7.7293554227029049e-02	   2.2368172858762644e-01	   1.1745571885143187e-01	   3.8527655008444617e-01	  -2.3047079587657979e-02	   2.1001794394964793e-01	   5.6769515776537709e-02	   5.8951906378233700e-02	  -1.4026657763126378e-02	   6.4691582296721961e-01	   3.5014429214191345e-01	   5.1650059603677789e-01	   3.1118352366324076e-01	   6.3727882311821449e-01	   5.6648436351814513e-01	   2.6084447536800343e-01	   7.9218744343695718e-02	  -1.9150514547075459e-01	  -5.7720259245332563e-02	  -6.2680218502794455e-02	   5.1959605858903898e-02	   4.8886404834875696e-01	   5.0755033262116798e-02	   5.7202760024686805e-01	   3.7766700689635513e-01	   6.2047433918546102e-01	   5.6852158348274240e-01	   5.5864190098818856e-01	   5.7394229399472740e-01	   4.9672101507897637e-01	   5.9061187828461459e-01	   2.3401623666730159e-01	   6.0541255747387301e-01	  -1.0323177257342371e-01	   8.8608780839467632e-02	   3.1209619673132699e-01	   3.5020520601654448e-01	   4.3224523089470634e-01	   4.5542029553002078e-01	   1.6257651315221755e-01	   3.6739025644588724e-01	   2.8931111844551194e-01	   1.5382210120087061e-01	   2.7012308159248311e-01	   3.6394611561749746e-01	   2.1168914843972333e-01	   1.2704674796498650e-01	  -1.7642850413484559e-01	   1.9792626284454984e-01	   2.0377254372409317e-01	   4.5169054641156653e-01	   3.8275180817828836e-01	   5.8190935966844226e-01	   7.4954275552832750e-01	  -7.0601778782685004e-02	
   2.8833096502385358e-01	   4.4010298038567525e-01	   1.6756536421439244e-01	   9.2924358439448873e-01	   7.6264326208038757e-01	   1.2807014945372348e+00	   4.0083233138640811e-01	   0.0000000000000000e+00	   8.0463771615473711e-01	   1.3416752565780958e+00	   1.3966270571052741e-01	   1.1063154757027940e+00	   2.9416298907479327e-01	   1.2374950588119591e+00	   2.1396499676999844e-01	   7.2504542169685771e-01	   1.4140829199140720e-01	   2.1667147446268603e-01	   6.4044956386881360e-02	   3.3079756634291174e-01	   2.2751723592660236e-01	   2.8552069426569965e-01	   4.5183395361681866e-01	   1.0617097879727369e+00	   1.5720357400792487e-01	   4.4009786434590514e-01	   2.1287203639319255e-01	   1.0086076939373144e-01	   1.8923389258523782e-01	   2.2355400992783597e-01	   4.2073652995218297e-01	   6.5779991739530819e-01	   4.1403348544791174e-01	   6.4903274873185735e-01	   3.9458729975561180e-01	   5.4766120565561227e-01	   3.1953564748860441e-01	   6.4836941820607441e-01	   3.6712434172619501e-01	   7.6928546479781090e-01	   3.2548343858421314e-01	   4.9374533780588481e-01	   1.1266161324292198e-01	   1.1053177037405228e-01	   1.5035556241802342e-01	   2.9742072858855645e-01	   1.5469546537073142e-01	   2.1116416757359369e-01	   1.0838233034391664e-01	   1.1220733312191994e-01	   1.2741253766926178e-01	   1.3008626833268638e-01	   1.6053689483776837e-01	   1.0040746552213538e-01	   2.1827801981399586e-01	   2.4642586669132552e-01	   1.7843522716670618e-01	   9.6487607200494430e-02	   1.3052202686003384e-01	   2.5485072336121917e-01	   5.2168870170333437e-01	   8.3049698308750486e-01	   8.9217211190839266e-02	   1.8053847152000788e-01	   6.3893011570283653e-01	   8.6006495057390431e-01	   2.7451218668944832e-01	   6.3229341847845166e-01	   3.0400201563806106e-01	   5.6604654668970944e-01	   7.5206856582223411e-02	   3.1152108155683012e-01	   2.0357831126023482e-01	   1.8263813519626562e-01	   2.2886468173438956e-01	   2.6505575520992508e-01	   1.9955212161681651e-01	   4.7027448362269758e-01	   3.5981736463318437e-01	   3.0840077656427833e-01	   3.3009843022903235e-01	   3.1092107865076601e-01	   3.9961039449960872e-01	   4.0759254780896609e-01	   3.0681133361854268e-01	   6.2339128259071608e-01	   3.5334884239776265e-01	   5.1480466219248777e-01	   3.1915416966487026e-01	   7.2033868625560560e-01	   7.3056008338869194e-01	   2.1266939238209759e-01	   9.7618822847462083e-01	   2.2456085936337999e-01	  -5.8729903367390314e-03	   2.3127648270018594e-01	   1.4908487082635583e-01	   3.9731078453398333e-01	   2.2841851637528088e-01	   7.4654054324162319e-02	   9.6691825564589118e-01	   1.9019486595636118e-01	   5.5448716079282645e-01	   2.6468408798201191e-02	   3.7449400437240193e-01	   1.4337746788252473e-01	   1.9607105103604716e-01	  -1.3174419151459543e-01	  -6.3529061748073656e-02	   5.9981372035067371e-02	   1.2523556484576193e-01	   1.8155808000463319e-01	   1.6906554581905174e-02	   1.3248299703653582e-01	   3.6758317989025535e-01	  -5.3455200134160056e-03	
   3.7361854289239516e-01	   1.8234146228224493e-01	   6.7793982170790712e-01	   7.5865574066928487e-01	   1.2569969463591444e+00	   9.2479787722976292e-01	   9.2648255498488752e-01	   8.0463771615473711e-01	   0.0000000000000000e+00	   9.5715613286263657e-01	   3.7563474093179267e-01	   4.8574352896152195e-01	   4.9055989621093166e-01	   5.7400521930876736e-01	   5.1854229249117556e-01	   5.7634075068442481e-01	  -1.6743714698504517e-01	  -1.0814191350875813e-01	   2.6173679770322661e-01	   1.9231582476209935e-01	   2.3070980350814341e-01	   3.6826372373540345e-01	   7.7643628911584817e-01	   6.5064293196548406e-01	   4.9385737698314019e-01	   4.5895279819426110e-01	   4.2913627456046155e-01	   4.8773131680727588e-01	   1.3680552465737922e-01	   1.5697101143407246e-02	   5.8766879807016259e-01	   5.1020157818295186e-01	   3.1351306516361366e-01	   2.7780820698607289e-01	   2.5075545988171977e-01	   1.2212158983558713e-01	   4.5220554200694035e-01	   6.5243084486200742e-01	   5.8639779673397407e-01	   7.0914055287219280e-01	   1.9075109222759234e-01	   3.8261323863519792e-01	   4.4141013132941503e-01	   4.1172642029286560e-01	   3.3271100336864290e-01	   3.2453590105916630e-01	   4.5894194329629112e-01	   5.6877191309256703e-01	   3.2967610313046414e-01	   4.0432791969304782e-01	   3.3517159470576657e-01	   3.0080310215288408e-01	   4.7446224258464925e-01	   3.5853451279789245e-01	   4.9979763746230244e-01	   5.0446431162302441e-01	  -3.6441392125087423e-02	  -2.9101195931816374e-02	   3.2199375387937990e-01	   3.4245320190990608e-01	   6.2747386593785748e-01	   5.2754475906450526e-01	   4.3467391768165844e-02	   9.5004206036146524e-02	   6.0100084101485907e-01	   3.2024315296508132e-01	   3.1414441507868551e-01	   3.6003775393531512e-01	   3.1635267056166139e-01	   4.2420809718015551e-01	   3.6990108618392248e-01	   4.1958671230111066e-01	   2.6849889544087280e-01	   1.3963183734795401e-01	   3.5007898358979139e-01	   3.2235769300661887e-01	   1.3084724557614447e-01	   1.1592290324665655e-01	  -2.3270319626447766e-03	   7.4305112372367782e-02	   9.7029816021020135e-02	   1.6471334903488030e-01	   4.6680063997225157e-01	   2.0765586917925738e-01	   5.5234472102732346e-01	   5.0758355598030414e-01	   5.0637028543077411e-01	   5.7280541762829518e-01	   6.1511036095871352e-01	   8.2628739726812217e-01	   9.1182636772700665e-01	   6.2070180706313582e-01	   6.4232055505434071e-01	   6.5383374797479543e-01	  -5.5650824096973306e-02	   4.0438680459428478e-01	   2.8474941042569368e-01	   5.9898284477960206e-01	   3.7262914391167912e-01	   3.5853215433566316e-01	   6.0095277245710410e-01	   4.6972773383546806e-01	   5.2710039837686218e-01	   2.1756091498252988e-01	   4.2645866352743639e-01	   4.2479068283085802e-01	   3.2282339786954639e-01	   1.8725587009149383e-01	  -7.7314353938711583e-02	   1.6294882973523361e-01	   2.8373469848160471e-01	   4.2172334758448426e-01	   3.2974226361453507e-01	   4.9090742124280684e-01	   6.8438584668492364e-01	  -4.1426679191625695e-02	
   1.7557863934298221e-01	   3.3269341397550389e-01	   1.0777191270679090e-01	   6.2564913321504323e-01	   7.0012504662287778e-01	   1.3810175346240718e+00	   3.1915954420611514e-01	   1.3416752565780958e+00	   9.5715613286263657e-01	   0.0000000000000000e+00	   5.1922300292019663e-02	   8.9730291625766379e-01	   2.8540084897360446e-01	   9.6392604123610315e-01	   2.0062665551509998e-01	   6.1493826569234722e-01	   2.2395112058646301e-02	   8.6239386363592366e-02	   2.9111192727133507e-02	   2.9743994718610983e-01	   2.5603187876764555e-01	   2.7845842929510395e-01	   3.8680574699941450e-01	   8.7510658664566554e-01	   1.7214496583771963e-01	   3.2089365103796613e-01	   2.8293021559469811e-01	   2.7319518887473482e-01	   7.2909704372592740e-02	   1.9205255724834311e-01	   3.0206878131845333e-01	   4.2634841425083125e-01	   2.7601569418268501e-01	   4.5861865027809051e-01	   3.0956058259683944e-01	   3.8571353836488242e-01	   3.5759954049512827e-01	   6.4868213531110752e-01	   3.7751497205943296e-01	   7.1392617204887088e-01	   2.7280350707090517e-01	   3.7648447468222718e-01	   1.8835880643099304e-01	   1.8948618723110108e-01	   1.6756322895692682e-01	   2.8790083807909561e-01	   2.2046792838147533e-01	   3.0568769328475920e-01	   1.5095878080876524e-01	   1.7988686583914421e-01	   1.6287213746481366e-01	   1.4652699346641002e-01	   2.5818754634044150e-01	   1.4570741729105299e-01	   2.9098042807515140e-01	   3.0052868013132600e-01	   7.5117612621923777e-02	   2.8471544391659179e-02	   1.3610325894612035e-01	   2.8632293143893961e-01	   4.3989765186675267e-01	   7.0748023607181409e-01	  -3.0969238460611261e-02	   1.1062117676144854e-01	   4.8937441455326025e-01	   6.5611874586869456e-01	   2.6326080970166743e-01	   5.4191178852961053e-01	   3.4164223683904438e-01	   6.4911801138665493e-01	  -1.0461019588450221e-02	   2.5380877277299058e-01	   5.1339292168710020e-02	   7.7166325061723953e-02	   6.5885112778632571e-02	   1.1521781353033601e-01	   5.7958009473246946e-02	   3.0596756350357329e-01	   1.5289998244027214e-01	   1.5121567528385280e-01	   1.6164216463598202e-01	   1.6246590520102538e-01	   3.1108182758757752e-01	   3.5728509750748882e-01	   1.9301005534452070e-01	   4.1348251048460044e-01	   2.8429907573722912e-01	   4.5970302023217485e-01	   3.6738725570806285e-01	   6.8587594518199002e-01	   7.8442417871991876e-01	   1.9847543527078892e-01	   8.5663676797754440e-01	   2.3906784212255780e-01	   6.0054328647547152e-02	   3.2023379568159727e-01	   1.9465299703316846e-01	   4.7044486209207420e-01	   2.4023242531901950e-01	   6.2841820431611975e-02	   1.0470441406895026e+00	   2.7373742134802892e-01	   6.3343080980858901e-01	   6.2511444917376383e-02	   3.8883429071149328e-01	   1.4018252613671089e-01	   3.2571805290568440e-01	   1.2005798092125529e-01	  -9.6792541874324373e-02	   4.3490344027060278e-02	   1.6965646521751093e-01	   2.1423483732286064e-01	   4.4871753660608429e-02	   1.3973476670839310e-01	   3.6398480297188529e-01	  -2.9450774872088789e-02	
   9.8862265657000292e-01	   8.9810518403311210e-02	   5.5688732176660771e-01	   1.9544510048696120e-01	   3.0706435252620801e-01	   1.4058578289495360e-01	   4.5914829074479763e-01	   1.3966270571052741e-01	   3.7563474093179267e-01	   5.1922300292019663e-02	   0.0000000000000000e+00	   4.3882286451788410e-01	   1.1706950534589824e+00	   4.2789393802529097e-01	   8.6815564784830734e-01	   3.2905047823627454e-01	   1.8142988039311703e-01	   9.3024726860637119e-02	   4.8426285603592700e-01	   1.0178133769597754e-02	   1.8724580619814615e-01	   1.6324358653346188e-01	   5.7980733602408985e-01	   2.1419668077089579e-01	   3.4024792168656803e-01	   2.7199969446513689e-01	   2.8809504377411044e-01	   3.1208504793274222e-01	   4.4578220226136145e-01	   6.7486617123185100e-02	   2.6368078649672455e-01	   1.2741984919428417e-01	   4.7436604212051398e-02	  -1.0841600151696121e-01	   5.4982001212770588e-02	  -1.8397667251954819e-01	   2.7735880677045721e-01	   1.5956148612956336e-01	   2.8529027323941597e-01	   1.8830893579123223e-01	   1.9936947296206317e-01	  -1.2990733967422988e-02	   3.3052025238752708e-01	   2.8315630259005065e-01	   1.7929758959647249e-01	   7.9357293372865845e-02	   2.5748247084014264e-01	   3.1576650756630675e-01	   2.8788588023645945e-01	   3.4897215532666626e-01	   3.1427364240316003e-01	   2.8657724757880881e-01	   3.1581372371213873e-01	   2.9110333558339524e-01	   3.6281695577851875e-01	   2.7344402119724853e-01	   1.3465535961069663e-01	   3.3278086930945840e-02	   3.3924150666488556e-01	   2.2286457671234311e-01	   4.6641657731922964e-01	   2.0288035066441543e-01	   4.7755927889962857e-01	   2.3338170350754112e-01	   2.7638772398423372e-01	   5.8568639490344847e-02	   8.3054705194840525e-02	  -5.5297006086413754e-02	   2.6706399337843678e-01	  -3.4870797572159381e-03	   5.4889800364641750e-01	   2.8030224885924154e-01	   3.7899852891698205e-01	   1.2521010891147469e-01	   5.7410241995267441e-01	   3.9282503444548772e-01	   3.0765837591874579e-01	  -3.3189560259309627e-03	   9.8736690347139472e-02	   1.9372305973827755e-01	   2.6840940534182206e-01	   3.5446261652589162e-01	   4.8070841896725658e-01	   8.2033199936801110e-02	   8.1254999469491729e-01	   4.2771620834165480e-01	   4.0369439245454719e-01	   3.1518637562284846e-01	   5.2946299885191062e-01	   5.1670157912647641e-01	   3.3287701374038137e-01	   6.2913461492114353e-01	   2.3152199073505075e-01	   5.3435874674943995e-01	  -1.5676685273824029e-01	  -5.9798825132912029e-02	   2.6568343143287213e-02	   1.6819350965770610e-01	   1.4296280689045909e-01	   3.3283351606591638e-01	   9.7986847025793578e-02	   4.4324756243249608e-01	   6.3673611529228624e-02	   1.5506883911441408e-01	   8.1536674897015465e-02	   1.3326094955263099e-01	   9.5875119100192488e-02	  -7.6517147094805407e-02	  -2.8606695447114411e-01	   7.1830844994206819e-02	   6.3733367399113464e-02	   1.1403823865754990e-01	   1.7101246378649021e-01	   2.6717708476946717e-01	   2.9388126223588301e-01	  -2.2000265608582628e-01	
   5.2254827786674263e-01	   4.4131985825404330e-01	   2.2266724734628998e-02	   4.7981583050137033e-01	   4.2455228600107509e-01	   7.1282434364024527e-01	   1.6638208680816124e-01	   1.1063154757027940e+00	   4.8574352896152195e-01	   8.9730291625766379e-01	   4.3882286451788410e-01	   0.0000000000000000e+00	   5.2370286444495495e-01	   1.8188106944594524e+00	   3.0761597016021186e-01	   6.4607094251026620e-01	   2.7487987197707325e-01	   2.9254090551166051e-01	   1.4321100219466987e-01	   2.7298889936337339e-01	   1.6466320249461791e-01	   1.4875635146655425e-01	   3.2343299423142458e-01	   7.8054510483748607e-01	  -1.3643870284549338e-02	   2.1769401079274564e-01	   1.0877326061888148e-01	   1.8275171364323176e-02	   3.2595483245411738e-01	   3.2168011646530553e-01	   1.8568862796800831e-01	   3.7118241041681588e-01	   1.8354113640426631e-01	   3.7310084669306337e-01	   1.7177984659090595e-01	   2.8591243749379519e-01	   1.3100423072032860e-01	   3.1483515813843593e-01	   1.3764639550312441e-01	   4.4975733501700199e-01	   2.7969244872684795e-01	   3.0347402921571481e-01	   7.6334032578530386e-02	   6.5174297911853279e-02	   5.0391601397727755e-02	   1.6366387684747360e-01	   4.8745957403207717e-02	   8.5143517300748234e-02	   8.3614041033125058e-02	   6.9152025614412069e-02	   6.0612572743936485e-02	   5.9152860495101316e-02	   7.3132711945564463e-02	   2.7530490106485391e-02	   1.1205963235594357e-01	   1.2220444604011267e-01	   3.0109943526841870e-01	   1.0511710843725476e-01	   1.3367829887394786e-01	   1.8850510591624103e-01	   5.1927282281942244e-01	   7.4531791652706714e-01	   2.9816237237951504e-01	   3.0512242225758568e-01	   4.0477515951719001e-01	   7.1760681757166467e-01	   6.8228896297874750e-02	   3.2865668843213092e-01	   3.4848369757851277e-01	   3.9576575532531233e-01	   6.9898786598754051e-02	   2.5144887606533184e-01	   1.7063827099669437e-01	   1.0243818247375891e-01	   2.6296207119912046e-01	   3.3658760401753346e-01	   1.9667610424073864e-01	   4.0504140064092542e-01	   3.9051117482526126e-01	   3.2933513447548091e-01	   4.1086008727525231e-01	   3.5758793829747731e-01	   3.8924576904819175e-01	   3.5610867114874933e-01	   2.5781674891850259e-01	   4.6601376236072223e-01	   2.0297022410624543e-01	   2.4456857927982861e-01	   2.7321762156717810e-01	   5.3007500882900083e-01	   4.9319564191821258e-01	   1.3800733673223378e-01	   6.8526993913280088e-01	   1.3343530428700656e-01	  -9.9607545448980983e-02	   1.8903967120758574e-02	  -6.4825565268983282e-02	   1.4135821477344407e-01	   1.1831571257593353e-01	  -1.0797206629907477e-02	   8.4037600322255346e-01	   2.0358558758683032e-01	   4.0156069032437380e-01	  -7.4521666788481156e-02	   1.4118750748627756e-01	  -9.3706177529635407e-02	   1.4330329058615798e-01	  -1.7954778138992272e-01	  -2.0140402165861401e-01	  -5.6403508093036112e-02	  -7.6614763956532425e-02	  -3.4744858758582520e-02	  -9.0773494362151333e-02	  -6.2037962188073427e-02	   1.6635795633708458e-01	  -4.6398989622608980e-02	
   6.7823511036089545e-01	   1.2331561054220848e-01	   3.9719029883346912e-01	   2.3460318188359830e-01	   2.9472026152585523e-01	   3.5401697844425456e-01	   5.8352781492917161e-01	   2.9416298907479327e-01	   4.9055989621093166e-01	   2.8540084897360446e-01	   1.1706950534589824e+00	   5.2370286444495495e-01	   0.0000000000000000e+00	   5.7897003106369316e-01	   8.8312796211228606e-01	   4.6489562076404345e-01	   6.8569595422616619e-02	   7.5906935783869853e-02	   1.8612049714599849e-01	  -7.3466595394453507e-02	   2.4193193104471672e-01	   2.0602816986816089e-01	   6.2397132121172372e-01	   4.1284366500451386e-01	   3.7191137569539667e-01	   3.7440596110224889e-01	   5.0095847125748605e-01	   3.8979682710947899e-01	   3.0383620524026739e-01	   1.2915879322516798e-02	   2.3400304372020253e-01	   1.6453612750395993e-01	   1.6385407735019079e-03	  -7.8861453436427101e-02	   2.2157737654675835e-01	  -7.6080095130954109e-02	   4.4166756380253397e-01	   3.2334124670105946e-01	   4.6354889947613415e-01	   3.2425566700973540e-01	   2.6900706707905553e-01	   6.9607904129168813e-02	   2.6611937192150081e-01	   2.3494736979939607e-01	   7.1996056225916857e-02	   2.3671940790907738e-02	   1.8159680395581501e-01	   2.5220364683215912e-01	   1.6745612037155863e-01	   2.4045010859498839e-01	   2.8845287430867961e-01	   1.7413366887332693e-01	   2.4241001064076598e-01	   2.1966952573578194e-01	   4.2065615939320689e-01	   2.4040664591652969e-01	  -2.8184024085545177e-02	  -7.6018602866547470e-03	   2.3601610549251342e-01	   8.1798818348223890e-02	   5.0821945549167435e-01	   1.7688373340063368e-01	   2.7341050294503461e-01	   1.2709120703263460e-01	   5.1539345093127642e-01	   2.0510584257540815e-01	   8.3307486938604750e-02	  -3.7306081125521688e-02	   2.1349508632379705e-01	   4.7885644740993688e-02	   4.8784162801772146e-01	   2.9816638313140170e-01	   2.6173481693063483e-01	   3.1109617972881407e-02	   4.7157126686433182e-01	   3.0323731029682899e-01	   1.8566365685999525e-01	   1.0877932582912975e-03	   5.2101583376648587e-02	   1.6506719933367003e-01	   1.6875077560085230e-01	   3.0512505046175398e-01	   4.2874528901565279e-01	   1.1711884074010125e-01	   7.4242816393951216e-01	   4.6929136778595881e-01	   4.4287770885144540e-01	   4.2001638078342718e-01	   6.8002475516350613e-01	   5.6344562098312367e-01	   3.9469691794953693e-01	   5.3379359801582926e-01	   3.1143306199794307e-01	   6.0324539674522992e-01	  -1.1953012064490628e-01	   1.1715432749666459e-02	   1.5091303784371426e-01	   2.1011851488322819e-01	   1.4968359710549045e-01	   2.2084564266477943e-01	   1.6497813587895055e-01	   5.0136275719008072e-01	   1.1970747867987858e-01	   8.5383698446575534e-02	   1.7803222345328132e-01	   1.4439502430743481e-01	   1.1859570334210745e-01	  -8.6187145628576194e-03	  -2.3837359294212795e-01	   1.7311716727682952e-01	   1.3220888353851751e-01	   1.8805396900851706e-01	   1.6227585058277424e-01	   2.9369113571323269e-01	   3.0357717079887325e-01	  -2.2760078213819351e-01	
