   0.0000000000000000e+00	   1.0622087842411110e+00	   2.2362156880249284e-01	   1.1886555463210090e-01	  -7.6114195460029274e-02	   4.4456136354363868e-03	   1.9733001320498272e-01	   1.6020398444671807e-01	  -1.6710126018331950e-01	  -1.3797457024858747e-01	   3.4947141027574596e-01	   2.8191254526249809e-01	  -1.5006311611252793e-02	  -9.6755309464545206e-02	  -1.3880251320623760e-01	  -5.5885537971387803e-02	   6.6631984674767331e-01	   6.6899845202715136e-01	   5.0141555382696523e-01	   3.7190355349935333e-01	  -1.9145999653157959e-02	   1.9629171722554717e-01	  -8.1230954593049479e-02	  -1.0596070953497871e-01	  -3.5072207914513744e-02	   1.1846003797476414e-02	  -6.8296162340666109e-03	   1.9491931033736407e-02	   5.5660567502228120e-01	   5.2740084913600271e-01	   4.4412087736476667e-02	  -9.6314413968781015e-02	   3.1923109752831696e-01	   1.6613283862185038e-01	  -7.0488511691863723e-02	   3.9235007032610431e-02	   6.6446606800977609e-02	   1.5371207950663518e-01	   1.9087623091709038e-01	   2.5851698444182136e-01	   3.3293124322785084e-01	   5.1896180905507283e-01	   1.4630734697205863e-01	   1.7923975809886122e-01	   2.8397018034560872e-01	   3.1400302900412269e-01	   1.2743100614516575e-01	   2.5243143113096433e-01	   3.9560146529126677e-01	   2.4906800102160537e-01	   3.1334691805967352e-01	   2.4511028312933386e-01	   5.5540702615705706e-01	   4.4407140426313241e-01	   4.9840148888171187e-01	   3.3062841999908055e-01	   1.2845480748187315e+00	   6.9171966186521328e-01	   2.8030325421456120e-01	   2.8060411856642287e-01	   2.8353905175357447e-01	   7.8427229984805086e-02	   4.1904487134125384e-01	   2.6312357397752417e-01	  -1.8529834315587979e-01	  -1.8364111671104760e-01	   1.8423615362249166e-01	   1.8164589633587558e-01	   3.7393843278408462e-01	   2.8196630728289575e-02	   4.4711558108658678e-02	   1.5067286804450855e-01	   7.0688508121095206e-01	   7.8372698244741645e-01	   6.8196665804685241e-01	   5.5653696265934294e-01	   4.7228798456001053e-01	   3.6982209244490027e-01	   6.2673339970177677e-01	   4.4990275363232812e-01	   3.0147970759475495e-01	   2.7169158678253591e-01	   1.1915594464737232e-01	   5.2117617058479426e-01	   1.1219044253928712e-01	   1.9099692299075038e-01	   5.5939015729534691e-01	   2.4845806485082189e-01	   3.5475922853475794e-01	   3.3097949167968310e-01	   3.3665438345770182e-01	   6.2243899169407882e-02	  -5.3239784266335459e-02	  -1.5212900615150737e-01	  -1.3866252520151822e-02	   7.9560722236586376e-02	   1.8778708172216443e-01	   2.9685002502895180e-01	   5.7333158294898734e-01	   4.9327286282158689e-01	   6.9382947617407389e-02	  -7.9950525803329925e-02	   3.2300618926469110e-01	   1.7907714293122251e-01	   2.7196496782274504e-01	   1.5661421964729375e-01	   3.5720127520907613e-01	   2.2450233080617221e-01	  -1.1824827132914896e-01	   4.7887131401115120e-02	   3.5505542127345552e-01	   2.5729552875056061e-01	   1.8326047348739430e-01	   1.5831698711716805e-01	   1.7312215910412643e-01	   2.6186023420689597e-01	
   1.0622087842411110e+00	   0.0000000000000000e+00	   3.3845628911127457e-01	   2.5056587833604665e-01	   3.6727438497540385e-02	   6.5099698962372499e-02	   2.4907362214817802e-01	   1.9263647628102351e-01	   3.6604882477219727e-02	   1.7015160183750801e-02	   3.9345315222849164e-01	   4.5485802475868681e-01	   1.6423504840607361e-01	   9.0296425968942495e-02	   5.9914293261600263e-02	   1.3244188414095778e-01	   5.0946891985706833e-01	   6.1725756931444042e-01	   5.4403496625445946e-01	   5.0945171996045324e-01	   7.0090463695719446e-02	   2.0589616074372832e-01	   1.0790166956934134e-01	   6.9864931824949239e-02	   1.1639728505869514e-01	   1.0916116366084598e-01	   1.0067846164220016e-01	   1.1502263012336238e-01	   4.4729400572820327e-01	   4.2945513781038286e-01	   1.3293892713709338e-01	   1.6213593679487666e-02	   3.2417973056219196e-01	   2.8559367161667681e-01	   5.4375145452073774e-02	   9.2602272539724889e-02	   2.3365337460081428e-02	   1.1047107970087508e-01	   1.6162126216737824e-01	   2.3734610891090777e-01	   3.2047046724098793e-01	   5.7372055087336393e-01	   1.6504468753035967e-01	   1.7798628725780960e-01	   3.2879477639416116e-01	   4.0128765915985931e-01	   1.2573821710251720e-01	   2.3107373668412998e-01	   4.9226068357774044e-01	   3.5893062107497548e-01	   4.4344200932749595e-01	   3.5674874178384924e-01	   5.8051031441632828e-01	   5.1739619702421435e-01	   5.0720672164148395e-01	   4.0678570902804778e-01	   9.1830848806843357e-01	   7.2820431150381171e-01	   4.4404396357604858e-01	   4.4230906545090065e-01	   3.6094500662075202e-01	   1.8423060658398235e-01	   4.1711496632598999e-01	   3.3701164653848897e-01	  -7.7787187389508124e-03	  -2.7773242698947705e-02	   2.7798892203089537e-01	   2.7659365171982775e-01	   4.5765849841089173e-01	   1.9035131916856346e-01	   2.7240634582686524e-01	   2.3186881348770949e-01	   7.6162296915657535e-01	   7.3806040375710280e-01	   6.5948707757238290e-01	   5.2538642346694864e-01	   4.9031111058525001e-01	   3.1885686166333838e-01	   3.4147618311735717e-01	   3.8109287187880980e-01	   2.5078230715923788e-01	   3.7072809317580013e-01	   1.9571686285976944e-01	   5.2910315271352470e-01	   2.8014976781237877e-01	   3.0554175046143262e-01	   5.2104766287611426e-01	   3.4834879122728307e-01	   5.4529791095670022e-01	   5.1265452666441258e-01	   3.2861372488156265e-01	   1.7174891908992723e-01	   3.8238208295479553e-02	   7.5033710338622559e-03	   1.2496336244221194e-02	   1.4327270391622787e-01	   1.0852600467428668e-01	   2.8767670300571252e-01	   5.0252196783694125e-01	   4.4593199581235665e-01	   1.6974905928553422e-01	   5.9351390523348320e-02	   3.4475197193487056e-01	   2.4571568950024089e-01	   3.1241256590503075e-01	   2.0978329768535012e-01	   3.5634550282796590e-01	   1.9411394833994497e-01	  -3.7567379172156024e-02	   1.1223608560141385e-01	   3.2785468952307861e-01	   2.2003847748829802e-01	   2.0536079393311518e-01	   2.2324748852637386e-01	   2.5794746290802251e-01	   1.2602961472326354e-01	
   2.2362156880249284e-01	   3.3845628911127457e-01	   0.0000000000000000e+00	   8.2418750044988376e-01	   6.4305600439408794e-01	   3.7456808608465247e-01	   9.4438644065054600e-01	   5.3620789931503454e-01	   5.7003094406543253e-01	   3.5349144540479316e-01	   2.6657507711254219e-01	   4.0250262083694888e-01	   3.9583005716757813e-01	   4.3362286952864831e-01	   4.8457627348183857e-01	   4.3913092312747376e-01	   8.2101108617901028e-02	   1.0707740656663629e-01	   6.8792192996907631e-01	   6.4251819107528529e-01	   1.0151253039552711e-01	   1.0401692226599354e-01	   7.5753409174129360e-01	   5.6581883662757204e-01	   4.7679367188707183e-01	   5.2080473000210048e-01	   1.7876875453729713e-01	   1.4897730510312501e-01	   2.1489165249170361e-01	   2.6251537302676448e-01	   8.6012143297810240e-01	   8.2881505017927914e-01	   6.4187566216275294e-01	   7.8143483785312284e-01	   4.6562256326019125e-01	   4.3733620417078439e-01	   7.7843413856836310e-02	  -1.5695026342483051e-01	   2.3737890861716071e-01	   1.2111936598583938e-01	   2.2020542407065194e-01	  -4.0851932955091964e-02	   1.6325570091434410e-01	   5.1724474230506828e-02	   2.5763775075821049e-01	   2.0675331375756117e-01	   1.2904753404880964e-01	   1.3658698097304137e-01	   2.1325438521971793e-01	   2.1963620500723405e-01	   2.5756501964972922e-01	   2.8242726532522783e-01	   8.0387993171796818e-02	   1.4282209281940134e-01	   3.6945829118858420e-01	   2.3063855372369896e-01	   1.4504864622955327e-01	   1.4447815228299934e-01	   5.7955470790974961e-01	   3.5639466975489842e-01	   3.2638417865794728e-01	   1.8456638139999607e-01	   8.3493089038396986e-02	  -5.7667939418590344e-02	   5.8799998026781730e-01	   3.5193887328340501e-01	   5.5628292752839492e-01	   4.2210658423672631e-01	   4.4839866504868597e-01	   3.6184599229620668e-01	   4.3827018625683956e-01	   3.0650249067616159e-01	   3.2098134402496448e-01	   3.5100577574967129e-01	   4.1737559028044074e-01	   9.0370490228227948e-02	   2.0692198606335546e-01	   1.1383486264822600e-01	   1.5369090491750215e-02	   1.8202841579306073e-01	   1.1054267272431208e-01	   1.1842396998628517e-01	   1.7840839000230788e-01	   4.3728320284618072e-01	   4.6832955964719564e-01	   2.9689230135854311e-01	   2.0686984415282816e-01	   3.0222054128352605e-01	   6.3113103226724765e-01	   3.9310234376606618e-01	   3.3319109974621697e-01	   3.6858540532738104e-01	   3.1530524536101751e-01	   3.9041108177394235e-01	  -4.8383831936337027e-03	  -6.9214637150702418e-02	   9.9660774051275380e-02	   1.4038748395703504e-01	   1.7851625801526455e-01	   1.6892013013373591e-01	   2.8260277792930638e-01	   4.2494021332878462e-01	   1.4364595744252931e-01	   1.3795885746589795e-01	   2.1425280976472044e-01	   3.2383576236561712e-01	   3.4560785459122362e-01	   2.3181419005076154e-01	  -2.4240708585396903e-01	  -6.8265802308560913e-02	   2.6526099059810182e-01	   2.2957513588364906e-01	   3.4583820836564605e-01	   1.2569396354408061e-01	   1.0021906712857924e-01	   1.0622090768206702e-01	
   1.1886555463210090e-01	   2.5056587833604665e-01	   8.2418750044988376e-01	   0.0000000000000000e+00	   6.9409042012945232e-01	   8.1164377427381418e-01	   7.0177032196666389e-01	   1.0687257516528796e+00	   6.9290369403366858e-01	   8.8443808108233801e-01	   2.2488660553079010e-01	   5.5141480859928804e-01	   3.0175534577724505e-01	   5.8381809783333960e-01	   4.0974837500369116e-01	   7.7903480386944413e-01	   3.3795009569003436e-02	   8.3563205882690745e-03	   3.7641628593109860e-01	   4.8342156334517111e-01	   5.2680799971093865e-02	  -4.2925016028536905e-02	   5.0194972559209661e-01	   7.3249010973824324e-01	   3.6007322953858889e-01	   5.5156615062724024e-01	   1.9791705684863550e-01	   2.2970619755263699e-01	   6.0518692733202518e-02	   1.2325795294343472e-01	   4.6293011710930537e-01	   6.1765199690480910e-01	   3.1628318390749871e-01	   7.2880162276913063e-01	   3.0816741917406493e-01	   3.3641908053319292e-01	  -1.8136332442196371e-01	  -1.9381368727331652e-01	   1.3279848545947742e-01	   6.1211801275091619e-02	  -2.7231404607214779e-02	  -1.1177948105772850e-01	   1.6829483300694661e-01	   7.3601003907722701e-02	   1.6225033260743518e-01	   1.8154989056146606e-01	   1.3031454771467560e-01	   1.3348787009351631e-01	   1.9362260159050707e-01	   3.3286747038700515e-01	   1.8192960994146043e-01	   3.0261048092725767e-01	   3.9483008286399980e-02	   3.1702500267423391e-02	   2.2548133627091740e-01	   8.5134672323523203e-02	   7.9566153881463930e-02	   1.2812459733550027e-01	   5.5581133660241322e-01	   5.6191561431991044e-01	   4.1219092891786635e-01	   4.7914941694178248e-01	   4.7381860847848636e-02	   2.0704574149578815e-02	   4.6959009303929489e-01	   6.6379666892953237e-01	   4.4175048857975679e-01	   4.8772874498894964e-01	   2.2608809966289550e-01	   3.6565340727902346e-01	   3.6340670308733869e-01	   3.4902619505141186e-01	   1.7605681440179310e-01	   1.3685063941179768e-01	   1.9255308457043135e-01	   7.2310680493546331e-02	   9.4278806203195786e-02	   1.0784772891975046e-01	  -1.1612721765343288e-01	   1.5100244948698868e-01	   2.8445160657133744e-02	   6.3702820059073920e-02	  -1.7408644835708146e-02	   3.1084024765445628e-01	   2.5438623729129389e-01	   4.4226538013002153e-01	  -8.7599743653337031e-02	   1.1672291199018200e-01	   4.5056095707709015e-01	   4.4752967686358530e-01	   5.4185514970087900e-01	   3.5746339341359951e-01	   7.5048820931408378e-01	   5.1308790103856161e-01	  -2.4268982075777307e-01	  -9.1357739119154568e-02	  -1.8980679104736373e-02	  -1.2772277390355119e-01	   5.1698456142388910e-02	   6.1965891598282519e-03	   5.8342398835061160e-01	   4.9089776683658537e-01	   2.7221131781883889e-01	   2.8277425490274921e-01	   3.6476210217987992e-01	   3.3581582221713868e-01	   2.8633107321935231e-01	   3.5926269213798168e-01	  -2.9231751758095242e-01	  -1.5796648448976580e-01	  -2.8391972692517434e-02	   1.3676299242853368e-01	   3.8171323111711342e-01	   1.2859551775856062e-01	   1.7115969442711859e-01	  -2.7112705626208624e-02	
  -7.6114195460029274e-02	   3.6727438497540385e-02	   6.4305600439408794e-01	   6.9409042012945232e-01	   0.0000000000000000e+00	   8.4356916793639380e-01	   5.7407231310152440e-01	   6.2004257112895278e-01	   8.8422733719584168e-01	   5.4512783420327149e-01	   3.9552193944538044e-01	   4.3974920279214774e-01	   6.3370558211932670e-01	   6.8606817346017113e-01	   6.1760548611434829e-01	   4.8235041272763340e-01	   6.2172546441214865e-02	  -9.1799445683588221e-02	   1.3055900393216396e-01	   1.8976159326689512e-01	   1.9899917172735551e-01	  -2.4434582844507207e-02	   3.5354893725721498e-01	   3.2882862993322454e-01	   2.7691177588763621e-01	   3.1636023453586493e-01	   2.2417070775396636e-01	   1.6742459795631970e-01	  -5.5804672063866139e-03	  -5.0688432129756655e-02	   2.4821689270022776e-01	   3.6357641381531336e-01	   2.3600536367863470e-01	   4.6409393800492510e-01	   4.1728023954566534e-01	   4.6008990868173383e-01	   1.5407695961592427e-01	   6.3455165433152591e-02	   4.3164235163022679e-01	   2.9248416727190291e-01	  -2.0596680424756240e-02	  -7.5865113696738887e-02	   2.0972746067382422e-01	   1.3233924335436026e-01	   2.8116112669814336e-01	   2.1739854527198346e-01	   2.1437209836848115e-01	   1.8014505825997940e-01	   2.2914070673801018e-01	   2.9645045281059634e-01	   2.1226328836718311e-01	   1.6955041266438647e-01	   2.4998140332602069e-02	   9.9275476877847810e-02	   2.8580752203749238e-01	   2.6008071381295128e-01	  -1.1675630961645618e-01	   8.2735527943879603e-02	   6.4317528081033648e-01	   4.5757357170466972e-01	   3.5783982026870931e-01	   3.6158952963500934e-01	   1.3605112511267195e-01	   3.6097151780865387e-02	   6.1851335177119038e-01	   5.0952147889755772e-01	   5.4593833106516276e-01	   5.0206313242400769e-01	   1.5807994788716564e-01	   3.8765681002269270e-01	   4.4037053420597660e-01	   1.0298608101924546e-01	   1.1210887548423867e-01	  -1.6114271783851730e-01	   5.3006530429784662e-02	   2.4455739077101111e-02	   9.1790974806721728e-02	   1.2240066570312590e-02	  -1.5060898853695059e-01	  -2.0327511863672698e-01	   1.9892618939319318e-01	   1.0536720797376986e-01	  -8.4032847848516862e-02	   2.9115001540892926e-01	   3.7498317913692369e-01	   3.0525933621186097e-01	  -7.4828549003698661e-02	   2.4483566443710422e-01	   4.8853608405314730e-01	   3.4654396040050200e-01	   3.9043305829950464e-01	   3.7362251305435890e-01	   4.8349520135524782e-01	   6.2169341790421595e-01	  -3.1498229629041676e-02	  -9.5406750098584042e-02	   2.3908186985629487e-03	  -1.4317373145795311e-02	  -7.3123634144839134e-02	   4.0728316931603420e-02	   4.5614358399184851e-01	   6.3586132007268015e-01	   2.4058277126929489e-01	   2.9497326215175651e-01	   3.3235071541849542e-01	   4.6102049281282326e-01	   3.4352201493303591e-01	   4.6982118507192594e-01	  -2.1252238829650709e-02	  -2.1538224632990544e-02	   3.5627912592128670e-02	   3.3500614008400431e-02	   2.7904863202685687e-01	   1.4374048654427429e-01	   1.7010325607883264e-01	  -1.0496400284992265e-01	
   4.4456136354363868e-03	   6.5099698962372499e-02	   3.7456808608465247e-01	   8.1164377427381418e-01	   8.4356916793639380e-01	   0.0000000000000000e+00	   4.7692111351360383e-01	   8.4921313486691585e-01	   7.9829578581090721e-01	   9.0270750385058651e-01	   3.4756733176251881e-01	   4.5188077622526773e-01	   4.2916992387495234e-01	   4.6925995707095491e-01	   3.8294727588398186e-01	   6.1816080829307973e-01	   7.4815229712500000e-02	  -3.2141836732803276e-03	   2.1598892442289162e-02	   5.5599078418643283e-02	   1.0533384865440590e-01	  -8.5747892331472023e-02	   1.0870002589475895e-01	   2.3672789883872417e-01	   6.8066984346973197e-02	   2.3741038248728819e-01	   5.8523553511755394e-02	   1.6795482925484675e-01	   9.0802529262511700e-02	   8.2278834542418688e-02	   9.2324664299367531e-02	   2.7470815755304567e-01	   1.8361019119339669e-01	   5.2602620364197528e-01	   3.0602991138783070e-01	   3.9513907612537769e-01	  -4.7623417705596506e-02	   7.4263119248499238e-02	   2.8528778122872550e-01	   2.2582879691605606e-01	   5.1137401829162411e-02	  -1.3609843703704954e-02	   2.1568061492066354e-01	   2.1319857607388817e-01	   2.0967894778008894e-01	   2.2343398622128019e-01	   1.6784395049161166e-01	   1.8783422112795689e-01	   2.5301683254795937e-01	   4.5764018861405609e-01	   2.5874198970398732e-01	   2.5710730747558824e-01	   1.7683637053672446e-01	   1.1311671503657497e-01	   2.6562939253289441e-01	   9.3763557810835244e-02	  -5.3686997972861465e-02	   2.4118552871321072e-02	   5.9640800966962204e-01	   5.7370618937101847e-01	   5.0405730887643507e-01	   5.6085229395743830e-01	   1.1461847280489781e-01	   4.4128533819624900e-02	   3.9997417620061004e-01	   7.0650786108757291e-01	   4.7346407265957480e-01	   5.2097657491839644e-01	  -1.0801537779858207e-02	   2.3077473505527901e-01	   3.6888787499728570e-01	   2.2988116222142074e-01	   1.7856488496434947e-01	  -3.3198848355249923e-02	  -1.0476230152783145e-02	   1.3271167292824720e-01	   2.4588373323300270e-03	   1.9523441337262618e-01	  -1.1465413895928726e-01	  -5.1558461463118599e-02	   1.4668281326574156e-01	   1.1530150673723374e-01	  -1.5658433980782938e-01	   1.7164230398132296e-01	   2.1923548543372864e-01	   2.6589711518039705e-01	  -2.1784302163691577e-01	  -3.7963825757349190e-02	   3.5868213419898770e-01	   2.8748151235372749e-01	   5.8698124209678249e-01	   3.9298058610359116e-01	   7.1611776321825771e-01	   5.5367822060420202e-01	  -2.6759264390111039e-02	   9.3328798556905207e-02	   8.3570657421895553e-02	  -6.5756069528815032e-03	   4.9153054615854945e-02	   8.0510215354967107e-02	   6.3873155545017712e-01	   6.3425723332424422e-01	   2.3244214577626382e-01	   3.8348840207457446e-01	   2.6324536439090224e-01	   2.5298608841188852e-01	   2.5139161036243862e-01	   3.9697034361949335e-01	  -9.7425394079353900e-03	   2.6705449911156313e-02	   5.9515187400919073e-02	   1.1389691983979496e-01	   2.9429172542288501e-01	   1.9270966378825835e-01	   1.6825608830034569e-01	  -7.9877185045984442e-02	
   1.9733001320498272e-01	   2.4907362214817802e-01	   9.4438644065054600e-01	   7.0177032196666389e-01	   5.7407231310152440e-01	   4.7692111351360383e-01	   0.0000000000000000e+00	   9.5953379800978322e-01	   5.3755856829543458e-01	   3.8898811609031292e-01	   6.8850182231396917e-01	   6.7925527306015643e-01	   5.5587650029482183e-01	   4.0350176832301399e-01	   3.7175560875140823e-01	   2.5545958605755864e-01	   1.9787967607459267e-01	   1.4824869404615032e-01	   4.7541289157347932e-01	   4.4317003417144579e-01	   3.5638058205742951e-02	  -2.2689174506158347e-02	   1.7869506782155678e-01	   1.3711919696521307e-01	  -6.6132914781574847e-02	   2.0783556604443136e-02	  -2.1719921917570745e-01	  -2.1833610846379251e-01	   4.7559370620578545e-01	   3.4234977800972038e-01	   3.1779306815568475e-01	   3.4581776155728788e-01	   5.7672892675677845e-01	   6.7588494118996523e-01	   7.7451934636233719e-02	   1.2333984019196340e-01	  -1.8834684225267736e-02	  -2.3737512915351155e-01	   1.9578148447794258e-01	   2.1971724660232270e-02	   9.3710554365417267e-02	  -9.4985911585989222e-02	  -1.7814470790409376e-02	  -8.9143909100749749e-02	   4.5328142338855605e-02	   2.0383819719668010e-02	  -3.6316022020871246e-02	  -9.8509709617633057e-02	   8.8924194469512732e-02	   1.2788767050893610e-01	   3.5560194125896588e-02	   2.2575108673614726e-02	  -1.8791782251264957e-02	   9.7331729918859355e-02	   2.0043924886092662e-01	   5.5418801243012315e-02	   7.6788545968728097e-02	   1.2588147180487841e-01	   5.7537922475864900e-01	   4.3764923685868440e-01	   7.9027341155265096e-01	   5.8580112050066080e-01	   2.5802472344013733e-01	   2.0001538195791324e-01	   2.5603493565079172e-01	   2.3877708394409092e-01	   5.2900831749400468e-01	   4.5114231688798778e-01	   2.6320341053898205e-01	   2.0667417286584294e-01	   3.1035468414314810e-01	   1.6658589795348699e-01	   3.1308599976543905e-01	   2.3749519354270687e-01	   2.1852587742674465e-01	   8.3301105882312709e-02	   2.0668513527380161e-01	   5.0066307789407320e-03	   1.0451960868476737e-01	   8.6351262544903773e-02	   2.2939207879536602e-01	   1.4779727083816721e-01	   1.1714720187691975e-01	   4.4686633203169668e-01	   1.6247080947491993e-01	   6.9456371566020289e-02	   1.4432096409604123e-03	   1.1485983391553937e-01	   3.7458119911305521e-01	   1.6920811855129408e-01	   2.3892491080156431e-01	   1.6004190372427782e-01	   1.5743161562557673e-01	   2.1612915496529764e-01	  -5.1261911546129156e-02	  -5.1456338869863942e-02	   3.2741658211567083e-02	  -1.4513874670769132e-02	   3.7298641996045073e-02	   1.1473248216954010e-01	   3.3872541655263572e-01	   4.9517391739817773e-01	   1.1743465629752878e-01	   1.3800550660839883e-01	   2.1839054311438514e-02	   1.2778056332740964e-01	   1.9506971757827227e-01	   2.7242270929713958e-01	  -1.6014850121279750e-01	   2.0557124512538254e-02	   7.0136808192070412e-03	   2.0595693977646105e-02	   1.3935188464524265e-01	   2.6778969829019544e-02	  -1.2130821051932252e-01	   2.5668187585664404e-02	
   1.6020398444671807e-01	   1.9263647628102351e-01	   5.3620789931503454e-01	   1.0687257516528796e+00	   6.2004257112895278e-01	   8.4921313486691585e-01	   9.5953379800978322e-01	   0.0000000000000000e+00	   5.4772667709675049e-01	   7.2510434822974201e-01	   5.1549596333490166e-01	   7.3003279573427504e-01	   3.4089391498033172e-01	   4.1364062819022385e-01	   3.1379248341087645e-01	   4.2842738368355027e-01	   1.4034549893946438e-01	   8.2149664481056955e-02	   2.3862451201402587e-01	   2.7615013523584175e-01	  -9.0578580227505992e-02	  -2.0296470797179583e-01	   1.1416707003426418e-01	   2.3908828457439082e-01	  -5.9625232625187853e-02	   6.7491309747598399e-02	  -1.4741778338424574e-01	  -1.2940984081740223e-01	   2.3291270771584396e-01	   1.2264441184018524e-01	   1.1022644547833532e-01	   2.3570232694174814e-01	   3.0180461694709154e-01	   5.8776553590007052e-01	  -2.0383023006387748e-03	   5.9557744833915655e-02	  -2.8464220943521951e-01	  -2.8747295652823340e-01	   7.5006807186462172e-03	  -6.1343347045397061e-02	  -1.2941646050856442e-01	  -1.9958749832350259e-01	  -1.0073063104557346e-01	  -1.3192980740716512e-01	  -3.7792595134973940e-02	   1.3780324792609683e-03	  -6.4510204205159960e-02	  -8.1066695194888322e-02	   2.1716852403261263e-02	   1.7153346708043368e-01	  -4.4190077288098463e-02	  -6.9459599376776654e-03	  -6.1649729148422185e-02	  -7.2095197480652101e-02	   3.0259151313739532e-02	  -1.4614578658441726e-01	   5.6626933327010853e-02	   7.1459242880459350e-02	   4.8734455776927471e-01	   5.4762668314328078e-01	   6.7903768868091030e-01	   7.0695923533222615e-01	   2.2930227002431319e-01	   1.6322743802508766e-01	   1.7378923579677882e-01	   4.1448260649944402e-01	   3.4062071213893214e-01	   3.9469787831628123e-01	   6.4352146527831847e-02	   1.3256667582912118e-01	   2.6947072537128014e-01	   2.1111710155711341e-01	   1.6063367296041700e-01	   1.0268049110593355e-01	   8.2535705624906086e-02	  -1.2902566845468522e-02	   5.8056238222858284e-02	  -3.2864038573050508e-02	   4.1613167985520338e-02	   2.6037839945851009e-02	   1.5728695625946507e-01	   4.8694503277338999e-02	  -9.0343181988476046e-02	   3.7505919980334901e-01	   3.0601654827657584e-02	   9.1920751050253838e-02	  -2.5188384157875837e-01	  -8.0058065932106029e-03	   2.4341592844588225e-01	   1.3277794454421918e-01	   3.5886188250182210e-01	   1.1081771621126441e-01	   4.2233790508651231e-01	   2.7459946855376038e-01	  -2.7980393019731153e-01	  -9.9510189947533356e-02	  -1.3598122126078413e-01	  -2.9625914886476246e-01	  -9.8789404501389483e-02	  -1.0082368205770587e-01	   5.0507796801864790e-01	   4.6346245564760319e-01	   1.7374877828025967e-01	   2.3839047643704159e-01	   1.2979573521127444e-01	   1.0362148622587569e-01	   1.9650722619645672e-01	   3.9584261688878408e-01	  -2.5420561776038603e-01	  -8.2599459614431936e-02	  -2.1171805149133172e-01	  -1.2459714351657057e-01	   9.0370827101238851e-02	   9.8111113015973677e-03	  -1.7701649398656170e-02	  -9.4753236612493547e-02	
  -1.6710126018331950e-01	   3.6604882477219727e-02	   5.7003094406543253e-01	   6.9290369403366858e-01	   8.8422733719584168e-01	   7.9829578581090721e-01	   5.3755856829543458e-01	   5.4772667709675049e-01	   0.0000000000000000e+00	   1.0026681603074417e+00	   3.6239369957110129e-01	   4.7258066310878771e-01	   6.5451875267361226e-01	   7.7215451431167170e-01	   8.5207124835538461e-01	   7.5098307738297232e-01	  -2.5407867933599806e-02	  -1.2983955640159470e-01	   7.2066528728897225e-02	   1.3210413958616590e-01	   3.2063973905185827e-01	   1.7399202517000092e-01	   4.3052491349369731e-01	   4.7507122044491079e-01	   3.6832464285343630e-01	   3.8135407942252714e-01	   3.3030361717116519e-01	   3.6292213862723538e-01	   1.0532310679976229e-02	  -1.0564900971208162e-01	   2.4322326478146586e-01	   4.1696692577075989e-01	   9.3578357892186770e-02	   3.5290367238919979e-01	   4.7110265694324049e-01	   4.0005091368987578e-01	   1.5736486088213106e-01	  -6.6259243509547028e-03	   3.0785768868137270e-01	   2.2640609989822030e-01	   5.0978492341272379e-02	  -1.3610991334037562e-01	   2.0875768785986829e-01	   1.1034564266917003e-01	   1.6664732771048782e-01	   1.7564058593524753e-01	   1.3851195630924248e-01	   1.0787256783021379e-01	   2.2780077444055608e-01	   3.4583133402701682e-01	   3.2880156809325362e-01	   3.0559339361532961e-01	   1.2164438501870507e-01	   1.6531518461397696e-01	   3.2425725545706979e-01	   1.9255819500174756e-01	  -2.2345914618438922e-01	  -4.8439923568888300e-02	   6.2816803032840463e-01	   4.7803846323667010e-01	   4.1434946460864769e-01	   3.9104538920053800e-01	  -7.4495410831342854e-02	  -1.3939994135651985e-02	   5.2982970561960929e-01	   5.8527403524149069e-01	   4.3555457397355679e-01	   4.0650189762476036e-01	   1.4217207441115287e-01	   3.6191345140141412e-01	   4.9856163284586652e-01	   2.5714841164238295e-01	   1.0163261206768946e-01	  -1.6055841150585728e-01	   2.2615663976106863e-02	  -4.3837755003006941e-02	   3.9178350671049231e-02	   3.9180721685677870e-02	  -3.7930171707002780e-01	  -1.4562348956584675e-01	   4.1030972841802904e-02	   2.2143965760593291e-02	   4.5403796376894234e-02	  -3.0562554056118980e-02	   2.8433150506097710e-01	   2.8003528343859702e-01	  -1.5088341765066604e-01	   5.7865886267021570e-02	   6.3285050309392377e-01	   5.1036179282783056e-01	   4.9882048477010665e-01	   5.4981862252576219e-01	   6.5821464489213666e-01	   7.2701253057060777e-01	  -6.3786043141622312e-02	  -1.0505079874182628e-01	   7.8011087854872277e-02	   3.7756890324837936e-02	  -7.3854619803630636e-03	   8.8457097736304835e-02	   7.0194007110865575e-01	   7.8762263151638234e-01	   2.9197545270954062e-01	   3.8017565027123362e-01	   3.1054836352275272e-01	   3.9114116854668807e-01	   3.0446243084520180e-01	   4.0957476959541450e-01	  -3.6490713270432400e-02	  -6.7898282766544679e-02	   3.8494485894485300e-02	   1.3859903654560718e-01	   4.1261058322759214e-01	   2.1644895029182171e-01	   1.6350524444213266e-01	  -1.7869733148450612e-01	
  -1.3797457024858747e-01	   1.7015160183750801e-02	   3.5349144540479316e-01	   8.8443808108233801e-01	   5.4512783420327149e-01	   9.0270750385058651e-01	   3.8898811609031292e-01	   7.2510434822974201e-01	   1.0026681603074417e+00	   0.0000000000000000e+00	   2.9375578586344614e-01	   4.9226036616487490e-01	   4.3142959515108814e-01	   6.9113324138671028e-01	   6.7142990019389037e-01	   1.0754414730527293e+00	   4.7475225073214000e-02	  -4.5223673834705214e-02	   7.3308942495195942e-02	   1.5453457433499124e-01	   1.6786708767802100e-01	   2.9002796267688386e-02	   3.3208960475944582e-01	   5.9076191311479598e-01	   2.6147234373578232e-01	   4.2968099128812021e-01	   2.2686161771746413e-01	   3.2759912175251527e-01	   2.3516526091569050e-02	  -6.7965861673202052e-02	   1.9485575216928014e-01	   4.1340348427108536e-01	   6.6590851618187633e-02	   3.6031165244013003e-01	   3.0504449962130997e-01	   3.1818235083693147e-01	  -4.4685278570696936e-02	  -8.1394544617937575e-02	   1.3257088772379755e-01	   1.1512359892047677e-01	  -4.1408747167064712e-02	  -1.8237610979749760e-01	   5.4574724732134323e-02	  -2.0088332164581217e-02	  -1.7473574189661036e-02	   2.1529064387541510e-02	   8.6671882275222252e-04	   1.3551682802297222e-02	   2.5542222844184993e-02	   2.5500840228181565e-01	   1.7231109635031888e-01	   2.3375967216727012e-01	   1.1409111875585293e-02	  -3.8880860553528754e-02	   1.2158658429448237e-01	  -5.9598942471060797e-02	  -1.6531541414666798e-01	  -1.4053377047508822e-01	   3.3467504969510453e-01	   3.7775897311805845e-01	   3.3546976469331430e-01	   4.0893864205636665e-01	  -5.6525866408865429e-02	  -4.2191138343131034e-02	   4.1637703528722536e-01	   7.0896528941942849e-01	   2.3594604878231906e-01	   2.8328004168541565e-01	   2.7561653069073828e-02	   3.0394947509105685e-01	   4.4799043362813795e-01	   5.0384814020385371e-01	   1.0488269414909721e-01	  -8.0615109964544823e-02	  -5.5109338216894309e-03	  -4.2420825874826861e-03	   5.0982711716722202e-02	   1.1482534622010890e-01	  -1.8582168969456514e-01	   4.4406176996823719e-02	   6.5217218260215537e-02	   6.3389560511901144e-02	  -6.7085780565088765e-02	  -1.1825862370308346e-01	   1.6318187372120926e-01	   2.9442211361110465e-01	  -3.1266753471776060e-01	  -1.0008468441454338e-01	   4.3203714419893724e-01	   3.3498176328509344e-01	   5.9480046520777452e-01	   4.9897783827661685e-01	   1.0126407670667912e+00	   7.0960288979028130e-01	  -1.5778485833420972e-01	  -5.7189746553457141e-02	   3.9634134612607248e-03	  -1.7950007138745294e-01	  -9.0081136216070945e-02	  -7.2965947604474182e-02	   8.5345174792651557e-01	   6.7058525782218725e-01	   3.2619010844039603e-01	   4.5740360349768416e-01	   2.9830848444736902e-01	   3.2643048630219479e-01	   2.0567912545658784e-01	   3.8025955602662315e-01	  -1.0025301225462084e-01	  -8.2718588292511788e-02	  -1.2339696020379261e-01	   2.8973881355470566e-02	   3.0403667893430553e-01	   2.7305903731506154e-01	   3.1746537893252225e-01	  -1.6585498273174532e-01	
   3.4947141027574596e-01	   3.9345315222849164e-01	   2.6657507711254219e-01	   2.2488660553079010e-01	   3.9552193944538044e-01	   3.4756733176251881e-01	   6.8850182231396917e-01	   5.1549596333490166e-01	   3.6239369957110129e-01	   2.9375578586344614e-01	   0.0000000000000000e+00	   7.6705309949594991e-01	   8.8580853383787406e-01	   4.4611290033990847e-01	   4.6591420873268791e-01	   1.1044677930153365e-01	   6.7013343224342858e-01	   4.1950709104866823e-01	   2.6295831045207674e-01	   2.2333279166982442e-01	   6.8728664834744782e-02	   1.5738774310469644e-02	  -2.0788285324928349e-01	  -2.2961458556611386e-01	  -3.0770426152841940e-01	  -2.5356408617109855e-01	  -2.6861135834993155e-01	  -2.2540107618600291e-01	   7.2745571116688612e-01	   2.2843956713181335e-01	  -1.1185298713431463e-01	  -1.5286829277095665e-01	   3.4091738017852019e-01	   2.4163798774556794e-01	  -4.8191049138711750e-02	   2.6700304021598894e-02	   3.3484124732169940e-02	  -9.2137421604141845e-02	   2.1385156213536097e-01	   1.7398743526095078e-01	   1.0771494019617101e-01	   1.3715756112407101e-01	  -7.3984943000594813e-02	  -5.0654602992856061e-02	  -1.6577851011564521e-02	  -2.4039455948956966e-02	  -8.9194735896685029e-02	  -9.5909524363085988e-02	   3.9618003265983928e-02	   1.0230242770676859e-01	   5.1404793459777637e-02	  -9.1157387805593432e-02	   7.6480059070803172e-02	   1.0754758659622837e-01	   1.4893347644127070e-01	   5.3387865711684974e-02	   2.0238698839126024e-01	   3.4321750400778972e-01	   4.4018322130690757e-01	   3.7897428728967131e-01	   8.4350022193233443e-01	   5.9421565465710946e-01	   6.9988970817827267e-01	   5.5089504693578306e-01	   1.0640084873218718e-01	   8.0255631184484921e-02	   4.0078375908395603e-01	   3.5644371091973753e-01	   2.3809153455731924e-01	   1.9617965357960856e-01	   3.3594343441005875e-01	   1.4532004027043394e-01	   5.0482974342099862e-01	   1.4362832615993346e-01	   1.6390774595755345e-01	   2.7360788453526680e-01	   4.8731764236256403e-01	   1.2362883139853963e-01	   2.7957387523451782e-01	   1.4765091833878422e-01	   7.5729701570392960e-01	   4.8673484383618426e-01	   1.5176728983890203e-01	   3.0673849791251562e-01	   2.0662529574563923e-01	  -1.5186267566608479e-02	   8.5332593177580698e-02	   1.4658902700908069e-01	   3.0155968715420811e-01	   8.9629233573006575e-02	   2.1160454031071749e-01	   1.1313099311465594e-01	   4.6723568553718679e-03	   1.3660737078483837e-01	  -6.0034005510044203e-02	  -5.0569341831966708e-02	   6.7577016129440103e-03	   6.8804155472119294e-02	   5.3698911866743452e-03	   1.5166144139388965e-01	   3.2454417974549787e-01	   3.3892666637097452e-01	   4.1416008186183112e-01	   3.4117343564271474e-01	   1.2808874848998747e-01	   6.7297581175743623e-02	   2.8697290522764984e-01	   4.2142132701088153e-01	   2.1329464223054539e-01	   2.2243565012151262e-01	   6.0561892001973497e-02	  -6.9629440840597648e-02	  -3.3269967978443657e-02	   1.6236778486544762e-01	   1.3667274411965502e-02	  -1.4915683679547881e-01	
   2.8191254526249809e-01	   4.5485802475868681e-01	   4.0250262083694888e-01	   5.5141480859928804e-01	   4.3974920279214774e-01	   4.5188077622526773e-01	   6.7925527306015643e-01	   7.3003279573427504e-01	   4.7258066310878771e-01	   4.9226036616487490e-01	   7.6705309949594991e-01	   0.0000000000000000e+00	   6.3416908146465867e-01	   7.1287559854208415e-01	   4.6531743595748654e-01	   4.7418682189298789e-01	   3.3513835664894243e-01	   3.3106621220872129e-01	   4.0286441995569450e-01	   4.2355358889679062e-01	  -5.3752546203308542e-02	  -1.9196018923982019e-01	   4.9763407328454023e-02	   1.5726329874962991e-01	  -8.4467525913400329e-02	  -7.1828544460643398e-03	  -1.6286058044196924e-01	  -1.2102743325922743e-01	   4.7984660180253819e-01	   2.8804455927283285e-01	   8.5906104755769389e-02	   1.1905086329171558e-01	   2.9441085973992998e-01	   3.9202805579592637e-01	   2.1347929806540759e-02	   1.0644394809500551e-01	  -8.8615286991534190e-02	  -1.3616229466864113e-01	   1.0311949279856593e-01	   2.7999895331449826e-02	   1.1220802942599391e-02	   6.0868597266818689e-02	  -1.3742105434164348e-01	  -1.4003170555140454e-01	  -4.5648916038647555e-02	   2.3833990955317998e-02	  -1.4263657971965957e-01	  -1.0681312924906936e-01	   7.2797267332402715e-02	   1.8849560670174997e-01	   1.1065500479795676e-01	   5.9893081712434029e-02	   5.5299127892937491e-02	   1.1346398542697378e-01	   1.2658189019726571e-01	   4.3287886101891063e-02	   1.0917280392173848e-01	   1.7827474077291966e-01	   4.4978670767947831e-01	   4.4611123266700509e-01	   6.7290592349851730e-01	   5.9037615872473048e-01	   3.1297083677739956e-01	   2.8825510410531840e-01	   2.0356223636248325e-01	   2.7108623164045587e-01	   3.3193113508490396e-01	   3.3258193715223966e-01	   3.1636189881526461e-01	   1.6771850999922408e-01	   3.6806935764233101e-01	   2.1936307005794059e-01	   4.5837821341105578e-01	   2.5132444163377143e-01	   3.8794544855988478e-01	   3.4928904350191037e-01	   4.1475146355456138e-01	   1.7743267693386078e-01	   1.4882823407939247e-01	   3.0224243479110263e-01	   3.0885418257979858e-01	   3.5673016039827987e-01	   8.6115743464816458e-02	   4.1691465662035243e-01	   1.1206338601213915e-01	   2.4220833112838350e-01	  -2.1938390661573694e-02	   1.9659140596913954e-01	   3.6730076713485776e-01	   2.8106412205376963e-01	   3.2795583465013289e-01	   3.1656503963448762e-01	   2.9873069657179252e-01	   3.7223892449133311e-01	  -2.2536566777124276e-01	  -2.3290408004657587e-01	  -4.2755530869870120e-02	  -1.1248787781410975e-01	   5.9615354920205307e-03	   1.0989718276806648e-01	   4.6028080960752332e-01	   4.9486057871648226e-01	   3.0125072346524012e-01	   3.2613566225190455e-01	   9.3323557320371453e-02	   1.5493715144343362e-01	   2.0600105891763501e-01	   3.4246936484775420e-01	  -6.8025259172199357e-02	   1.4528022769576741e-02	  -3.2755731142849631e-02	  -2.8869343777644763e-02	   1.1164443609681522e-01	   2.7460212411751794e-01	   2.0240916053974997e-01	  -1.7240196121080656e-01	
  -1.5006311611252793e-02	   1.6423504840607361e-01	   3.9583005716757813e-01	   3.0175534577724505e-01	   6.3370558211932670e-01	   4.2916992387495234e-01	   5.5587650029482183e-01	   3.4089391498033172e-01	   6.5451875267361226e-01	   4.3142959515108814e-01	   8.8580853383787406e-01	   6.3416908146465867e-01	   0.0000000000000000e+00	   9.1269478879765265e-01	   7.6621208150644537e-01	   3.4373508137110415e-01	   2.3790391713544878e-01	   7.9745637434759847e-02	   1.4046586505132264e-01	   1.3845269096083937e-01	   3.3264239482485047e-01	   9.8297159464302800e-02	   1.9679889852342836e-01	   1.4210101711922821e-01	   1.0105927210922036e-01	   9.7051905752904788e-02	   9.5924052126410086e-02	   7.1318867799559330e-02	   2.7659705477861779e-01	   3.8778532256826072e-02	   1.5284427780474338e-01	   1.8379532368177526e-01	   2.4074581121492961e-01	   3.2195512822046629e-01	   4.1343302366613788e-01	   4.4188208253457856e-01	   2.8673734771369952e-01	   5.3247557170596933e-02	   3.9918507913799661e-01	   2.6049631404092843e-01	   8.5873344141452937e-02	  -1.0230269511968162e-02	   6.1379118908212744e-02	   5.9777900893243488e-02	   4.2177509585324374e-02	   1.9551830037400599e-02	   4.4444594931597383e-03	   7.2444260710992636e-03	   5.9923022878058341e-02	   2.0801267015031000e-01	   1.7499290087550007e-01	   1.1648605215334874e-01	  -4.1609449612076584e-02	   1.0570763961483798e-01	   2.1847705072378096e-01	   1.3019505513516380e-01	  -2.6986595649291859e-02	   1.5176842102791380e-01	   4.3541338950588260e-01	   3.3719060192661365e-01	   5.0604471437056353e-01	   3.7404219213003442e-01	   3.0340582088105078e-01	   2.2132551193015171e-01	   5.6254674011476802e-01	   4.2045164131872131e-01	   3.9423133134256716e-01	   3.7496866746695739e-01	   1.7398894771961837e-01	   2.3828169719614062e-01	   5.8848567541543950e-01	   1.3498831334575379e-01	   2.8489011735813125e-01	  -7.4871759597441953e-02	   1.8213680465327187e-01	   2.5224920174827481e-01	   4.5207952215230629e-01	   1.0876210433687773e-01	   4.2871973402382954e-02	   3.4039553877343767e-02	   4.4398873549407608e-01	   3.7794936024951770e-01	   8.7133365601324606e-02	   9.7385878606124576e-02	   4.8737687655903317e-01	   2.2538900804689904e-01	   8.9729916444914321e-02	   1.8498382483538681e-01	   4.7771381880734631e-01	   2.5442541925973489e-01	   1.9024624799531026e-01	   3.0462574741540477e-01	   1.6868376620002862e-01	   4.5427402964220065e-01	   7.7689746757182321e-02	  -2.3959272660499201e-02	   4.9272560200386104e-02	   1.1698274701510367e-01	  -8.7427691224069404e-02	   7.0748603938171242e-02	   3.1773501683507455e-01	   4.8548832947948395e-01	   2.6828009804925607e-01	   2.9136318045592374e-01	   9.3169141497261188e-02	   1.8085989067779559e-01	   1.6757808413875513e-01	   3.1155138568546320e-01	   2.0848598575989874e-01	   1.8951588671236858e-01	   7.4645885824608238e-02	   1.1395689426873665e-02	   1.6076181128785959e-02	   2.7502248217488923e-01	   1.9692165884956045e-01	  -1.9571459941513927e-01	
