   0.0000000000000000e+00	   7.1176918213133733e-01	   4.4386611387731617e-01	   4.3038749994163394e-01	   2.5218847852234472e-01	   3.8818802656084239e-01	   6.3240246753248219e-01	   4.8759302279733685e-01	   4.1431496330042838e-01	   2.6622255496559005e-01	   6.7307134019785564e-01	   5.3450399282545047e-01	   5.1483711460744419e-01	   4.0803900280624711e-01	   5.3056770581545909e-01	   3.2076406216480635e-01	   2.9178128766016787e-01	   3.7800503687170950e-01	   6.0273080336115503e-01	   4.7488013725243006e-01	   3.4365795581305014e-01	   1.8727772722881547e-01	   4.6612171178122101e-02	   5.9974547899217497e-03	   1.5695062089434769e-01	   1.3160097167406801e-01	   2.3212324182670957e-01	   3.0170846073830815e-01	   4.6501541442274730e-01	   4.4921868521785147e-01	   7.9615139771863963e-02	   1.2746332268800967e-01	   4.9247798860133329e-01	   4.8135916727853889e-01	  -1.7579731479382549e-02	   7.6121849410607428e-02	   1.2319175756478666e-01	   2.1938383256856342e-01	   3.7557622999855750e-01	   8.7709702491677241e-02	   3.8733688552132439e-01	   4.6732677222063723e-01	   3.2609989950578466e-01	   5.0412183264090182e-01	   3.6666319339076414e-01	   5.0572482602107793e-01	   3.8407472605108639e-01	   4.1492801273098373e-01	   4.1052877741249072e-01	   4.8899783274341257e-01	   4.9778154323184426e-01	   3.2950019057583796e-01	   4.7231893266684294e-01	   3.1880802953756548e-01	   5.6675170061363755e-01	   3.6008290104729540e-01	   6.6942738853963968e-01	   5.8055313897675787e-01	   6.9317943754652811e-01	   3.4932155902886547e-01	   4.8692801325370216e-01	   1.7290173721354007e-01	   4.8837204750120033e-01	   3.8116156437647319e-01	   6.3298459073108590e-02	   3.9280790735546078e-02	   3.5719031710121657e-01	   2.7426163085189603e-01	   3.2066841484276032e-01	   3.7189954215116683e-01	   3.8896731288269737e-01	   4.2817444185524661e-01	   4.6945832984489178e-01	   4.2137539330451340e-01	   2.1905031755782894e-01	   3.5591603343218048e-01	   4.5853346513838150e-01	   5.4856622736305904e-01	   8.0234224804986057e-02	   1.7125824857780592e-01	   2.2582442839219347e-01	   3.6071000810264536e-01	   2.0395834014040432e-01	   4.1884082561906189e-01	   4.7351346410552553e-01	   3.1247271414938488e-01	   9.7966845393262350e-02	   7.7219558297344670e-02	   3.5264879271016547e-01	   1.9419947162255716e-01	   4.1840895984906856e-01	   2.4285719505927583e-01	   1.8362097723407125e-01	   1.6142311636591966e-01	   5.0315118113412147e-02	  -1.6208990725328956e-02	   2.8130016125917773e-01	   2.1361652972213724e-01	   4.4925179053512682e-01	   4.3347028063874543e-01	   1.3424232317112744e-01	   4.4726394434963186e-02	   2.6831432862566562e-01	   1.5423650497863223e-01	  -1.9493808141110780e-01	  -2.6170051695384955e-01	   1.8698014925557072e-01	   3.0365462207569571e-01	   2.3656807441313507e-01	   3.2972714469735059e-01	   2.1376996839046253e-01	   2.0909592106974723e-01	   1.8919868321552652e-01	   1.1273617854264845e-01	   2.1628215070526154e-02	  -4.3101622127343775e-01	
   7.1176918213133733e-01	   0.0000000000000000e+00	   5.1428287994104331e-03	   3.2928487144078888e-01	   3.5481328072106694e-01	   2.3318913957531046e-01	   1.9236412348342236e-01	   3.2365348954999057e-01	   3.1165194389118051e-01	   9.9921347021171544e-02	   1.2136680111385004e-01	   4.2123849065234820e-01	   7.2475312278303967e-03	   6.6092712123275721e-02	   2.7137129941909827e-01	   2.9130509975445046e-01	   6.2647917057444646e-01	   8.3089215798300031e-01	   4.5027430120069056e-01	   8.5218776077001546e-01	   2.5139048413502518e-01	   3.2123679441140762e-01	  -2.2286566889151532e-01	  -1.8955908645856559e-01	   5.2230004214010584e-02	   3.0499073350811104e-02	   2.5792385811717344e-01	   2.9763977471429598e-01	   5.6812463860019069e-01	   7.6210669427373967e-01	  -6.0453560491710572e-02	  -6.9198660885550142e-03	   4.9230360052331068e-01	   7.8323537335902382e-01	   4.3806846015379847e-02	   1.1920755661267958e-01	   6.1038653904261969e-02	   2.0784642498511283e-01	   1.6084029144616785e-01	  -9.8077365897363648e-03	   3.2465177247569033e-01	   5.2242542735334407e-01	   4.6225769609630346e-01	   5.3138283075012127e-01	   6.3967250382140339e-01	   8.3549446392991222e-01	   6.1727049322913818e-01	   5.0043123400609257e-01	   6.6572299291561143e-01	   7.1671516898604082e-01	   4.6292840621561004e-01	   5.1907214587073292e-01	   2.4108102830265565e-01	   1.9634575526557932e-01	   4.1583529468363029e-01	   2.8954028339473503e-01	   8.5365349550355696e-01	   9.7756375396936213e-01	   6.5204781594363814e-01	   6.3990888703414939e-01	   1.2624516450692364e-01	  -5.0327044816622951e-02	   5.1445589809175396e-01	   7.5836309253047607e-01	  -1.5472716127251349e-01	  -1.3009609318889981e-01	   4.3506663385470740e-01	   4.3477703940482609e-01	   5.6385969798436786e-01	   6.9507556491539257e-01	   2.6961025480800063e-02	   1.7427466942424147e-01	   3.1611384044400043e-01	   7.1559477986541831e-01	   1.8042241608402965e-01	   4.5989118833549342e-01	   3.3129204242547217e-01	   5.1727224083651135e-01	   2.7247770282956230e-01	   6.4294664591116901e-01	   6.2578023829514429e-01	   9.0201218127954741e-01	   3.9964593000360976e-01	   5.2580659411085329e-01	   3.7421648606009117e-01	   6.2369900190652594e-01	   5.6403977823780614e-02	   1.3720966127116896e-01	   6.0882824625844552e-02	  -3.6086648882569655e-02	   2.8944680653803601e-01	  -6.1712997827190523e-02	   6.9670172160913632e-02	  -1.2095788198007501e-01	   8.1371124670994166e-02	   3.6950484434998765e-02	   3.5648972461344736e-01	   1.5141599501611963e-01	   7.4519627119460341e-01	   3.6987852772410951e-01	   1.1676525407616624e-01	  -1.8444694382674454e-01	   2.9845182971970330e-01	   1.3703533004789414e-01	  -2.2533194032583681e-01	  -2.6834675355787163e-01	  -5.1393164206216535e-03	   2.1263795236273132e-02	   1.2827862851970517e-01	   1.0374194528000125e-01	   4.0416940955710523e-01	   3.8292224993361318e-01	   3.8042223820705157e-01	   2.6547402625532857e-01	  -8.9499493511241215e-02	  -2.6159652311546772e-01	
   4.4386611387731617e-01	   5.1428287994104331e-03	   0.0000000000000000e+00	   8.2875801549418338e-01	  -7.8921940988103706e-02	   2.7628804022996534e-01	   1.1054777168074310e+00	   6.2897729298802041e-01	   3.0058849648170671e-01	   2.9924603232904790e-01	   4.4317297491346125e-01	   3.9939690478078649e-01	   5.2697975612122838e-01	   4.9489508431650464e-01	   3.8062734833175260e-01	   3.0855503488177072e-01	  -2.1711995956311675e-01	  -2.1109916201235784e-01	   4.0874447207128184e-01	   2.4601289173082236e-01	   3.5597653099582571e-01	   9.5000269653205321e-02	   8.4745074565298939e-01	   8.1420881656779442e-01	   6.2952846453132327e-01	   6.4685383207062075e-01	   2.5340733825198875e-01	   2.7479469066780648e-01	   9.5117998580806329e-02	   3.7082485740879030e-02	   6.5996981560442758e-01	   5.8496154523809496e-01	   5.7480116747477827e-01	   4.1233656915274663e-01	   5.5123194785436802e-01	   5.4566054565028033e-01	  -1.5929770870673203e-02	   2.5840329797967032e-01	   2.7554455901163866e-01	   3.3466957353027416e-01	   1.6612642782798506e-01	   2.7752666505140389e-01	   2.9281798533657111e-01	   3.7709100560928632e-01	   3.2439287871434280e-01	   2.6071697811876332e-01	   2.6169896800084302e-01	   3.4743422422198106e-01	   5.2659412960992073e-02	   1.7598931206661353e-01	   4.2278812502288121e-01	   1.5526035912037778e-01	   3.2037348107910196e-01	   3.3420134520753753e-01	   4.1785631814780227e-01	   3.2338063199627909e-01	  -4.8192855983261104e-02	  -8.8547615782343159e-02	   2.3394152201516563e-01	  -1.0076266864871168e-01	   5.6948352916388179e-01	   4.9311852494513586e-01	  -6.3181559093174938e-02	  -4.9683770598897427e-02	   6.5727831403236991e-01	   5.9059852820062553e-01	   5.9920361195007843e-01	   4.2329871215883869e-01	   1.0777720100933086e-01	   1.7695501330010591e-01	   3.4537605529836296e-01	   3.6509221684303439e-01	   2.3290008512239818e-01	   2.2129670273823666e-02	   1.5876562801959476e-01	   5.1706006244342073e-02	   5.2946295611668504e-01	   4.0766497669386281e-01	  -1.7099539412250889e-01	  -2.0465205367505918e-01	  -2.4573692743291126e-01	  -4.3143579275496884e-02	   1.4559442559077376e-01	   2.8654395521708431e-01	   4.6476828839474466e-01	   3.0088971443640861e-01	   1.9393032124876591e-01	   2.2513971040398650e-01	   5.8246106173426082e-01	   5.4036563998801901e-01	   6.5032489794121739e-01	   6.0074966776109096e-01	   4.9502130844728848e-01	   6.3710657107829094e-01	   1.1490984905839705e-01	   2.5113708082354302e-02	   3.9005503990492768e-01	   2.9585361085979134e-01	   2.3721226631832049e-01	   2.9597854954843233e-01	   4.0057031750064342e-01	   4.4167001687974172e-01	   3.1970820193185234e-01	   2.7861366473329252e-01	   1.2651007908225492e-01	   6.0382225245139323e-02	   4.5179344068968447e-01	   5.6306873524566781e-01	   1.0270303151320573e-01	   2.5908453650505853e-01	   1.8927593946769872e-01	   2.3806787144943709e-01	   9.2632009808747348e-02	   1.1045286692679711e-01	   2.3259257404014638e-01	  -1.9814951220964261e-01	
   4.3038749994163394e-01	   3.2928487144078888e-01	   8.2875801549418338e-01	   0.0000000000000000e+00	   6.2743140967845917e-02	   4.2614076533059436e-01	   9.6219693332828704e-01	   1.2045272758179348e+00	   2.8751328689973743e-01	   3.2995780576541056e-01	   2.4776028949770806e-01	   6.7632646443676159e-01	   2.7437495380111676e-01	   5.6179908801640410e-01	   1.9847285419060667e-01	   4.2715161935665019e-01	   8.4366426145557866e-02	   7.8435677463879444e-02	   5.0054955305169480e-01	   4.9999571484920857e-01	   3.4194527310439310e-01	   1.0576638497014204e-01	   4.3124776753939120e-01	   6.1193439884336986e-01	   3.8142277068504304e-01	   4.9748562808347618e-01	   1.8757932676238384e-01	   3.3443870846263685e-01	   2.8602542371811912e-01	   2.8542244870789091e-01	   4.2738735839156883e-01	   4.1336950055227928e-01	   5.3525772744112532e-01	   6.2227296141679744e-01	   3.1853782857320917e-01	   3.9908750018375366e-01	  -5.1429187284468117e-02	   1.9678125270157884e-01	   8.8709774059853752e-02	   2.2282957163279352e-01	   1.6380354276506565e-01	   3.0804747701214374e-01	   2.5987534335174856e-01	   3.0494882677631807e-01	   4.0046094501808466e-01	   4.5548908933065491e-01	   2.5514557215022565e-01	   2.9884086740305044e-01	   2.0311160490185592e-01	   3.3147540369795769e-01	   4.3554739815846599e-01	   3.2764484269371669e-01	   3.2840966807061861e-01	   3.0355005735376278e-01	   4.6793077379005210e-01	   3.1580904496649365e-01	   2.0299148121867086e-01	   1.7122437756184855e-01	   2.9104784658529365e-01	   2.3784906298535652e-01	   3.4064544043775113e-01	   5.3479930079744664e-01	   1.2813434686550726e-01	   2.7735270838936171e-01	   3.1876526183505904e-01	   5.2255688443915993e-01	   7.0553415824483978e-01	   7.1476744488983934e-01	   2.0025685334980972e-01	   5.3200246824990860e-01	   1.9494490816508053e-01	   1.6834858406393477e-01	   1.8785319457637253e-01	   1.7801849235353592e-01	   1.3306127740242529e-01	   1.9542516759365758e-01	   5.1399714187329848e-01	   4.3324436520177612e-01	  -3.0028582136268581e-03	   6.0323842344167634e-02	   1.3657908592864076e-01	   3.9581825019368355e-01	   2.4710304765965491e-01	   5.2312066145482472e-01	   3.7426115810219135e-01	   6.9053579488159744e-01	   1.2379866942470587e-01	   2.6985215824261100e-01	   3.2790113144726435e-01	   5.0165242857749337e-01	   7.7727820648612678e-01	   3.6850204326690394e-01	   5.4017497350813781e-01	   2.9841174606301440e-01	   9.4826480716965644e-02	   6.1137003260626925e-02	   3.2715502265351781e-01	   2.5762674869807178e-01	   4.3207446370341296e-01	   2.7566015869381122e-01	   6.2927519915586372e-01	   2.6865180493637214e-01	   3.8221028861584166e-01	   3.3981549559518537e-01	   1.3802348637867660e-02	  -1.0385955472995206e-01	   4.9762737148903330e-01	   5.3002410346450191e-01	   7.2789800295180215e-02	   1.2336795421573582e-01	   1.6505071464441662e-01	   1.9375321977150370e-01	   9.9361259285309339e-02	   2.1788036573851105e-01	   1.9430589043262339e-01	  -2.7089392860764500e-01	
   2.5218847852234472e-01	   3.5481328072106694e-01	  -7.8921940988103706e-02	   6.2743140967845917e-02	   0.0000000000000000e+00	   8.0493325754346534e-01	   5.4345122586521556e-02	   1.7456054049042502e-01	   9.2456527261981403e-01	   5.8908359992654147e-01	   2.9720260413708743e-01	   4.3594079284483145e-01	   5.8951070097847905e-02	   1.0160225101078776e-02	   3.5908079162102979e-01	   5.7197161786786932e-01	   2.3208277337026781e-01	   4.8092363669612292e-01	  -9.0121052829953210e-03	   1.9373574136685096e-01	   3.0776725759287565e-01	   2.6879785643803461e-01	  -3.0502539527350503e-01	  -2.2653665713341214e-01	   2.7668529053290930e-01	   3.2598367970154973e-02	   5.3443700079518697e-01	   6.3793287880457639e-01	   3.3225611579275988e-01	   5.9445789060111587e-01	  -1.5083834953595146e-01	  -1.9068634372745619e-01	   1.1929922054255976e-01	   2.6379935181728381e-01	  -1.3777185503340858e-01	  -1.8089286969635323e-02	  -9.8651963152875652e-02	  -2.4405684109079587e-01	  -6.4497676453044286e-02	  -7.0598100828120836e-01	   1.4704492534598906e-01	   6.7144454090379252e-02	   1.6901444735225671e-01	   2.4109153327087879e-01	   4.4002444127554208e-01	   5.0630076264309642e-01	   1.6038520578850435e-01	   1.2882767850937893e-01	   5.6068399651080558e-01	   5.3381079824495159e-01	   2.1984418402935438e-01	   3.4352772291099015e-01	  -4.8410659007974907e-02	  -2.8829389647412301e-01	  -2.0192228942038154e-01	  -4.0700935383725451e-01	   3.1855849447958801e-01	   2.2294115774037165e-01	   3.9335668055373846e-01	   3.1223767929263690e-01	   3.0947774537735129e-01	   7.7993227075326702e-02	   3.7985541935794653e-01	   3.5114376713251311e-01	  -1.0275056471516783e-01	   1.2500497308232597e-02	   2.2810520634145059e-01	   2.7279384369546511e-01	   2.0552230805529058e-02	   2.4344222616090067e-01	   1.0455422399806116e-01	   6.4470090864665250e-02	   2.2583769644832868e-01	   5.6505708241859764e-01	   9.1863057634645695e-02	   3.8637809836609188e-01	   1.3344872293000518e-01	   3.2658533082793756e-01	   1.4798264457445701e-01	   2.1252008632478339e-01	   3.2722098929280968e-01	   4.7084305324641984e-01	   2.3542113707382722e-01	   2.4777639837250842e-01	  -5.2129937730313762e-02	   2.9809606090259072e-01	  -2.3045537302367519e-01	  -3.7405087395244063e-01	   1.4564161388088470e-01	  -6.2278296484050000e-01	   9.4146640908601170e-02	  -1.8494469711985839e-01	   3.5156254310419292e-02	  -2.8407067738014924e-01	  -4.0747738648398879e-01	  -7.0187514142710572e-01	  -1.3561025149651876e-01	  -5.4065507809507973e-01	  -3.4162758876373919e-02	  -1.6064767261583807e-01	  -2.7697694976095380e-02	  -3.5419509931881710e-01	  -1.3294043931313620e-01	  -2.3257962475110569e-01	  -5.5743331056423118e-01	  -6.1368289675809651e-01	  -3.4125498128804299e-01	  -4.7897559881529767e-01	  -2.3658704599514377e-01	  -9.1556815575610684e-02	   2.4326286542795750e-01	  -4.4252235746110181e-02	   2.9768007060430396e-01	  -3.4928695204706220e-02	  -4.4284252577342653e-01	  -3.3991558738397365e-01	
   3.8818802656084239e-01	   2.3318913957531046e-01	   2.7628804022996534e-01	   4.2614076533059436e-01	   8.0493325754346534e-01	   0.0000000000000000e+00	   3.8458420361870649e-01	   6.5733547863315145e-01	   8.0109203034588894e-01	   9.1093518897786629e-01	   4.2860088283698905e-01	   6.2798638804126983e-01	   2.9859670921153303e-01	   3.1887660481543006e-01	   5.2906564768635345e-01	   7.4041800527662605e-01	   1.0977193766519715e-01	   3.5924394415638272e-01	   2.6541694396264026e-01	   2.7819285997058057e-01	   3.1125938032979922e-01	   1.8665103798663149e-01	   8.3404334239561562e-02	   1.6025450053521084e-01	   4.3756755956225346e-01	   3.8852636054904821e-01	   3.5588778885454347e-01	   4.9638336808641015e-01	   4.6648456346320305e-01	   5.9115299783359221e-01	   2.1608765953137482e-01	   2.0324111457166899e-01	   2.8725349638176345e-01	   4.0641015348996856e-01	   1.5711651173074964e-01	   2.2947988684822015e-01	   3.4926776135904697e-02	  -4.1783853384955036e-02	   2.8571393570506327e-02	  -3.7956791645005050e-01	   2.1466982692796915e-01	   1.5382903971158826e-01	   1.0058915859270144e-01	   1.7999958088839538e-01	   3.6085222270789735e-01	   4.1046219663082867e-01	   1.0028724876318434e-02	   1.7789135062583683e-01	   3.2529957131860721e-01	   4.8777721208788938e-01	   2.4935506050418341e-01	   3.0874789896502719e-01	  -2.0307026848327182e-02	  -1.6001364572165253e-01	  -1.2878194933522577e-01	  -2.2797679062074405e-01	   2.1624174632010010e-01	   1.1000265736220494e-01	   3.6452233249598143e-01	   1.8775129387225650e-01	   4.8492382429772729e-01	   5.4499865625755173e-01	   2.4479077135143873e-01	   2.5079839596186831e-01	   1.8824307134505425e-01	   4.3316998423719427e-01	   3.4363910393504438e-01	   3.9143981916408088e-01	   5.8172369766169692e-02	   1.7396974289775127e-01	   2.6854327997102878e-01	   2.3975864515660028e-01	   3.4457872092930109e-01	   4.7508206218943450e-01	   2.1679232098143769e-01	   4.3993093013870443e-01	   2.7200858316446164e-01	   4.8664551077874552e-01	   1.3920023125226577e-01	   1.3276192577022652e-01	   2.7105542452596509e-01	   4.2866123981044368e-01	   1.6545398236694370e-01	   4.2011478692779175e-01	   1.7586779361166205e-01	   3.1904724353237784e-01	  -2.1249042053284056e-01	  -1.5867037997146899e-01	   3.5155315725344721e-01	  -1.6900685840127136e-01	   3.7338247530949070e-01	   1.1749569640515647e-01	   3.7435674143713588e-01	   6.2366158617298058e-02	  -2.6439395392871901e-01	  -5.0972118888548512e-01	   2.4904474011904539e-03	  -2.8458605086062427e-01	  -3.4983082805172420e-02	  -1.2473279024255867e-02	   2.1981387091991711e-01	  -4.3291294995669839e-02	  -6.4387997388972815e-02	   1.4825784423882693e-02	  -3.6286473778643863e-01	  -3.9711775373447683e-01	  -6.1694366898178574e-02	  -1.1691967194615457e-01	  -9.3111812713451009e-02	   7.8014958082071748e-02	   2.0666392445120441e-01	   1.1945564694485866e-01	   1.5108225871747497e-01	  -1.3401078223547639e-02	  -2.4426405940015766e-01	  -4.3191113747713655e-01	
   6.3240246753248219e-01	   1.9236412348342236e-01	   1.1054777168074310e+00	   9.6219693332828704e-01	   5.4345122586521556e-02	   3.8458420361870649e-01	   0.0000000000000000e+00	   9.8600650645493493e-01	   3.1838838070264780e-01	   2.6633474316552330e-01	   5.0326716343642264e-01	   5.3074846687544819e-01	   6.4208500801561530e-01	   6.2173003976236085e-01	   3.4806359945766335e-01	   3.6391491720344948e-01	  -1.0974775721756408e-01	  -1.3046207479722194e-01	   6.0372627315506699e-01	   3.9824778140165579e-01	   4.1842591876799395e-01	   1.5773916085890757e-01	   5.5188790986233172e-01	   5.3132242397214080e-01	   4.6793442665056623e-01	   5.6233799110375216e-01	   1.4821940448899770e-01	   3.0476210086617506e-01	   2.6570588921372118e-01	   1.5772460443569186e-01	   5.8244799800928249e-01	   5.7804526877385876e-01	   6.2375161244397248e-01	   5.0814849143931062e-01	   3.8348784567480393e-01	   4.1792325843343292e-01	   1.2299635344416153e-01	   3.9743761885696993e-01	   2.9593491965589780e-01	   3.8908595967810239e-01	   2.8806766071769552e-01	   3.9750585459883775e-01	   2.6192942593867485e-01	   4.0896379839115277e-01	   4.4061790743396329e-01	   4.5720069772065475e-01	   2.3386061244405620e-01	   3.9597346688496771e-01	   1.9098843105800262e-01	   2.9585460768449873e-01	   4.6356202648128708e-01	   2.3862639337166322e-01	   4.5548621496600578e-01	   3.8562931984376725e-01	   5.3429157651710479e-01	   4.3569315830665867e-01	   1.3377837533027356e-01	   8.4863656304757076e-02	   4.0245330592352047e-01	   3.1709688988949193e-02	   5.4416232036522927e-01	   4.9325080121100406e-01	   1.2749509988041677e-01	   9.7798278799956548e-02	   4.5990626247497735e-01	   5.3788384973119407e-01	   7.9622785617110758e-01	   6.1859215869783890e-01	   2.2115955915288862e-01	   4.2051291961721010e-01	   5.3823254188888847e-01	   5.1267167176531492e-01	   3.9607078523286832e-01	   1.3281563243509778e-01	   3.2332697584092190e-01	   1.9860705683833549e-01	   6.1345702963375270e-01	   4.7162701079491676e-01	  -1.4130114281035705e-01	  -2.1090091901468869e-01	  -5.6494242399549109e-02	   1.3416596946135689e-01	   2.4214113379406810e-01	   4.5571341586429759e-01	   5.3753187804809621e-01	   5.2665153170959300e-01	   1.4847717036435698e-01	   2.5242185704508902e-01	   5.0762847686840362e-01	   5.9855736733939946e-01	   7.0498051357939384e-01	   6.0546461366215321e-01	   4.2808362863480787e-01	   4.7258190517224696e-01	   6.7731100308348793e-02	   4.3555421234911927e-02	   2.8954814112587263e-01	   3.2285560218156933e-01	   3.0157715158613263e-01	   3.8992619052106503e-01	   4.6971213414463042e-01	   3.6106431904261094e-01	   3.5440269936021002e-01	   3.5687240623213123e-01	   6.2517207823345758e-02	  -1.4305188702327215e-02	   4.6541663811560574e-01	   6.7028770402953175e-01	   9.6927360420534028e-02	   1.3401886438441668e-01	   1.7681018086206693e-01	   2.2249623359946064e-01	   7.8434821803590724e-02	   1.6867792949596702e-01	   2.6362930531333628e-01	  -2.5444280647006301e-01	
   4.8759302279733685e-01	   3.2365348954999057e-01	   6.2897729298802041e-01	   1.2045272758179348e+00	   1.7456054049042502e-01	   6.5733547863315145e-01	   9.8600650645493493e-01	   0.0000000000000000e+00	   3.9727077977466529e-01	   4.8841995108855285e-01	   4.1022694659210324e-01	   8.5665890510153730e-01	   4.4647890685638325e-01	   7.5855952139789218e-01	   3.2299640725897694e-01	   5.5458295499200516e-01	   1.6160216874234812e-01	   1.2761238867851576e-01	   5.7492957608963036e-01	   4.9993939598691067e-01	   3.0337381989732715e-01	   7.8761752466291482e-02	   3.1943118034987794e-01	   4.3412723301907608e-01	   3.3306913746286443e-01	   4.2448656402367901e-01	   7.8500579268447418e-02	   2.1256020942619488e-01	   4.9103236870654010e-01	   4.2463783571459990e-01	   4.4818584469055373e-01	   4.6742421015083974e-01	   5.7442909177684109e-01	   6.5479435703379896e-01	   3.4290311399824508e-01	   4.2885347719933015e-01	   7.5079332682193051e-02	   2.6016473924687822e-01	   1.2909247856693135e-01	   1.8144395525716608e-01	   2.5636250065036559e-01	   3.4711776240711190e-01	   1.7232658663849115e-01	   2.5676814004074405e-01	   4.7577223684883579e-01	   5.4918448605304804e-01	   1.7942140891185779e-01	   2.6851840666301274e-01	   2.5264073704314882e-01	   4.2313086321903254e-01	   3.4475255358350371e-01	   2.6248444778885127e-01	   3.1354994184916102e-01	   2.6176504444968662e-01	   3.9973285168965894e-01	   2.5584309592982352e-01	   2.4265566273513992e-01	   1.5252437269680136e-01	   4.2883231578911346e-01	   1.6380943580684906e-01	   5.0945196766456580e-01	   8.1859544201255441e-01	   1.3040308945564080e-01	   3.2558333565627806e-01	   2.7258653534481436e-01	   6.1539590538936573e-01	   6.6859484514767520e-01	   7.0847878305967060e-01	   2.9498469282099238e-01	   4.5444838583273728e-01	   2.9220036590122522e-01	   3.3209181520386810e-01	   3.9157881865341010e-01	   2.9404230502178402e-01	   2.9888149288811650e-01	   3.5317455908794160e-01	   4.5716070149421750e-01	   4.4718885807120035e-01	   1.0000207754423945e-01	   5.8425723412967395e-02	   2.4619209931296460e-01	   4.3178389895108360e-01	   2.6662802904236316e-01	   6.1182469346798407e-01	   3.6164626140357836e-01	   5.4083825769599780e-01	   1.0210609292221720e-02	   1.9717975832483875e-01	   4.0233994357788461e-01	   3.9511765486587891e-01	   7.3484950467832000e-01	   4.0997958049662053e-01	   4.7487886489185144e-01	   2.6402284855280045e-01	   1.2877421965407389e-02	  -4.2910728265032677e-03	   3.2082934651367873e-01	   2.3932992176175205e-01	   3.4839446783357048e-01	   2.8827390023845689e-01	   5.2731505510833010e-01	   1.7849400404874677e-01	   3.6826176854400422e-01	   3.8664670341378743e-01	   3.4968487270785886e-02	  -1.6254865636766802e-01	   3.9173251929615627e-01	   4.4799593325774179e-01	   4.4572845838070252e-02	   1.3939828872321727e-01	   2.2049771363787699e-01	   1.5754810835368863e-01	   1.6221211134190916e-01	   3.1961142049909935e-01	   2.0843469587033306e-01	  -2.6972673984478907e-01	
   4.1431496330042838e-01	   3.1165194389118051e-01	   3.0058849648170671e-01	   2.8751328689973743e-01	   9.2456527261981403e-01	   8.0109203034588894e-01	   3.1838838070264780e-01	   3.9727077977466529e-01	   0.0000000000000000e+00	   1.0508143490282671e+00	   7.8418471506643639e-01	   7.0594551453751508e-01	   5.5691281064690257e-01	   4.4186863793178610e-01	   6.3164522154082381e-01	   8.1300493697222975e-01	   2.1995146095713980e-01	   4.2869577832906097e-01	   4.2126336315926063e-02	   1.6019873940596996e-01	   4.1071252892661814e-01	   2.8029806811044983e-01	  -3.3998113515768709e-03	   7.4248832319714630e-02	   3.7921238020281084e-01	   1.8371583293173990e-01	   5.8586969109270426e-01	   6.8017436992674551e-01	   3.3449997166714290e-01	   4.9942374129094158e-01	  -4.8130792368251823e-02	  -4.1948368180504250e-02	   2.8113302168058096e-01	   3.1857046204583628e-01	   7.6946826308993826e-02	   1.5632362426881896e-01	   3.1921436343470284e-02	  -1.3665331281680576e-01	   3.1469663306762388e-02	  -3.8333579867625178e-01	   2.8104051933284546e-01	   1.2582041948477235e-01	   2.5327108236186924e-01	   3.0130064537800821e-01	   4.6704407020933425e-01	   4.6274011466035320e-01	   1.9545707397407763e-01	   2.0050606613604924e-01	   5.5224496266000167e-01	   5.5887089403641355e-01	   4.0336986807745306e-01	   3.2635495577899976e-01	   8.6767382522398309e-02	  -1.3025420779205113e-01	  -3.4691481359901897e-04	  -2.3080526539206137e-01	   2.7636388939874790e-01	   2.5083030863002820e-01	   6.3386351396766305e-01	   2.1963607299304422e-01	   7.9836247931055149e-01	   4.9474660280958299e-01	   2.4223836247454170e-01	   3.3212774393447814e-01	   2.4610471236080261e-01	   3.9417036234430186e-01	   3.5147435996629101e-01	   2.8107301018366598e-01	   4.0182076260313872e-02	   7.6418458291510546e-02	   1.3629951768244708e-01	   1.6793121514946521e-01	   2.7021750549849399e-01	   4.1982430260382725e-01	   8.5625354123490649e-02	   1.9560112780100086e-01	   1.4291928377309654e-01	   3.8986486346961258e-01	   1.6317060670946892e-01	   1.3944178045031108e-01	   2.1060576139411286e-01	   3.2381442060723392e-01	   1.9771462259840994e-01	   3.3556566150215067e-01	   1.7423508075807906e-01	   3.4350372040506910e-01	  -5.1536624027732035e-03	  -1.9272491930776345e-01	   5.9234040337339566e-01	  -1.7678262115977961e-01	   2.4516329871143133e-01	   1.8504576220918979e-02	   2.0638849369865653e-01	   3.7417099249926269e-02	  -3.0429354941279380e-01	  -6.1553182078573265e-01	   5.2401412831397619e-02	  -2.5536505059033404e-01	   2.1991934384266408e-02	  -8.6781382749981970e-02	   2.9258619518898434e-02	  -2.0470727422808013e-01	   4.0070821099246694e-02	  -1.4419871631136116e-01	  -4.8860130401110224e-01	  -4.9442070649717718e-01	  -1.7998030604603030e-01	  -2.0450527840050753e-01	  -1.6819559610465634e-01	   1.2780628732293328e-01	   3.5448988903491641e-01	   1.8314146137462478e-03	   3.3966304919466433e-01	  -1.1364960616831621e-02	  -3.2673529919497546e-01	  -4.7180789334869588e-01	
   2.6622255496559005e-01	   9.9921347021171544e-02	   2.9924603232904790e-01	   3.2995780576541056e-01	   5.8908359992654147e-01	   9.1093518897786629e-01	   2.6633474316552330e-01	   4.8841995108855285e-01	   1.0508143490282671e+00	   0.0000000000000000e+00	   6.3707346206640925e-01	   7.7505373631575458e-01	   4.4767038155355043e-01	   7.0138730714426234e-01	   6.6361005400530704e-01	   1.0671070598524519e+00	   2.0534467518222140e-02	   1.5500874109931873e-01	  -1.2923116205895209e-02	  -2.6382682877327947e-02	   2.6303725485825796e-01	  -1.5177882433598616e-02	   2.6019520512606786e-01	   3.6258145019912974e-01	   4.4381815866403590e-01	   3.0995565024356664e-01	   5.9267196140872158e-01	   6.6488306276532572e-01	   1.5324669988282116e-01	   2.7265669564028883e-01	   7.2388559527968188e-02	   1.0006809248888965e-01	   1.8069032549648645e-01	   1.6541379199983763e-01	   1.3872886210232913e-01	   1.3482477651924032e-01	   2.7930468240929741e-02	  -6.5610989633378095e-02	  -4.3384543126952634e-02	  -2.7376437267698861e-01	   2.0371429987176179e-01	   3.0481677487607516e-02	   1.4692066676806520e-01	   1.8129947701974464e-01	   3.0785710683101214e-01	   2.5590515301347494e-01	   1.0929701738274447e-01	   1.1841026299176614e-01	   3.0188362513897499e-01	   4.1453498583927673e-01	   2.2666353358232819e-01	   2.5460604791725439e-01	   8.1363291393145732e-03	  -1.1857406350987353e-01	  -8.0386066549440305e-02	  -2.3640029102988108e-01	   8.1033140689939193e-02	   2.9001172986362369e-02	   3.5508285146527713e-01	   3.7001757712187500e-02	   5.8110535383636164e-01	   7.9254359918861228e-01	  -7.6578999044705484e-02	   6.5911771083874970e-02	   4.9402378112223222e-01	   7.1759129478861083e-01	   1.8608914263305895e-01	   1.7279934066675334e-01	  -1.0030793799034234e-01	  -9.0751204076903916e-02	   7.5845568345741840e-02	   8.3226858838507528e-02	   1.6480001647693621e-01	   2.4496776349024779e-01	  -5.3784778842769922e-02	   1.2456034695437382e-01	   2.5371423792298755e-02	   2.7856117272105252e-01	   2.7033061822740212e-01	   4.1118055128790243e-02	   8.7456298588055023e-02	   1.1428761214589296e-01	   2.6245256670943073e-02	   3.7928329231230301e-01	   2.4870838424423630e-01	   2.7389242942666087e-01	   1.0159166530579411e-02	  -5.1857711325788307e-02	   7.1258913371238575e-01	  -2.1428086378337746e-02	   2.7871522411878907e-01	   1.3587701265752833e-01	   4.1134980361006207e-01	   1.9140420945479741e-01	  -2.3306358660532178e-01	  -5.2620486644387232e-01	   1.0062827361731977e-01	  -2.9166864665149000e-01	  -8.1590726694633922e-02	  -1.5243343887515443e-01	   1.4410382852821921e-01	  -5.5771557885253197e-02	   4.3714183530736847e-02	  -5.8039742357756177e-02	  -2.9670196305336921e-01	  -3.2153976062383716e-01	  -4.8443557680644012e-02	  -1.1949947689004889e-01	  -1.5196177542922470e-01	   8.4032952624301757e-02	   1.7230319893850038e-01	  -5.9413539281634987e-02	   3.2505028937262925e-01	   4.2786949404745964e-02	  -1.3604947588835670e-01	  -3.9625305893813384e-01	
   6.7307134019785564e-01	   1.2136680111385004e-01	   4.4317297491346125e-01	   2.4776028949770806e-01	   2.9720260413708743e-01	   4.2860088283698905e-01	   5.0326716343642264e-01	   4.1022694659210324e-01	   7.8418471506643639e-01	   6.3707346206640925e-01	   0.0000000000000000e+00	   5.9961045330678109e-01	   1.2854773767592613e+00	   7.4661957674522383e-01	   6.9688642970043602e-01	   6.1389501899192789e-01	   1.2889585096720663e-01	   1.6826037349268186e-01	   1.4019624225865973e-01	   2.2103423866026217e-02	   2.6489321018671252e-01	   5.4799778225774524e-02	   1.6209395228252405e-01	   1.2672503185570402e-01	   2.0891273652813622e-01	   7.4196720604609814e-02	   2.1994929996325083e-01	   2.8650008594610493e-01	   3.0684561662035403e-01	   2.9509244790665479e-01	   1.6412181859958123e-02	   8.7253123706512864e-02	   2.3716962098992062e-01	   1.1357307457713900e-01	  -1.5972907264426604e-02	   2.0712993987738074e-02	   1.8799501231798804e-01	   7.4224049392076608e-02	   3.4121193364076535e-01	   7.2110629449081753e-02	   3.3429888355946719e-01	   2.8578337893737665e-01	   1.5776132905083826e-01	   2.3627451290377044e-01	   1.6441407854395285e-01	   1.7070477798191003e-01	   1.3725037712920729e-01	   1.6816440688178075e-01	   3.4048296099212955e-01	   3.2226077865979080e-01	   3.3399596838532170e-01	   1.0948766330133973e-01	   3.0835189018895504e-01	   7.1856957246788727e-02	   3.6341334659803742e-01	   1.2697191197907437e-01	   2.1896257160500313e-01	   1.6290511272786823e-01	   6.3999104542763263e-01	   4.8553807927836284e-02	   9.0816981542166397e-01	   4.6023946513708680e-01	   2.2696828610501735e-01	   1.8389009396656725e-01	   2.5184279351160560e-01	   2.9625538954593184e-01	   1.1258181900353904e-01	  -5.1843356349712259e-02	  -2.4072247504250299e-02	  -1.0977262750693967e-01	   3.0442513174445784e-01	   3.3704553074082061e-01	   3.5753412241036497e-01	   2.0983596734665633e-01	   1.2758544934725186e-01	   1.2310222602716771e-01	   2.3075630256331395e-01	   3.2947441763252006e-01	   1.4093967723882087e-01	  -9.3988479643293668e-02	   1.2512720758136213e-02	   7.2746031344889328e-02	   1.9929303467964821e-01	   3.7165891336411511e-01	   3.7497040690268324e-01	   1.5411929044727379e-01	   2.2093452172209460e-01	  -1.7511050084127251e-02	   6.0349161898104986e-01	   2.6329993756933567e-01	   2.4166547973913702e-01	   2.1195021362398239e-01	   1.2446327110631668e-01	   1.8331443937981406e-01	   1.8626002142829935e-02	  -1.8855596228010513e-01	   2.6330403506329869e-01	   9.1713004267227380e-02	   1.1055520665971257e-01	   1.4378453135848232e-01	  -1.5323688149799455e-01	  -4.3347868058878712e-02	   1.8386704593410827e-01	   5.3815445890975172e-02	  -1.6420034411265957e-01	  -2.0082024009963867e-01	   6.4809982294372473e-02	   1.5538263663967519e-01	   1.2576233676393955e-01	   2.5860021165515512e-01	   2.0270794384695970e-01	  -1.9726559110337630e-03	   2.3513126000053064e-01	   1.4422043100327331e-01	   1.3323789314806497e-03	  -3.4336474319597854e-01	
   5.3450399282545047e-01	   4.2123849065234820e-01	   3.9939690478078649e-01	   6.7632646443676159e-01	   4.3594079284483145e-01	   6.2798638804126983e-01	   5.3074846687544819e-01	   8.5665890510153730e-01	   7.0594551453751508e-01	   7.7505373631575458e-01	   5.9961045330678109e-01	   0.0000000000000000e+00	   3.8533153148294869e-01	   8.5157359801658972e-01	   4.4627642077149199e-01	   8.1839455582065190e-01	   2.1531950857391810e-01	   3.1866031130820349e-01	   2.5346245007964158e-01	   3.4210373633933477e-01	   2.7937306538239043e-01	   6.2667900464303067e-02	   1.9424469077696155e-01	   3.0820218956564971e-01	   2.5553604276838204e-01	   1.8949404547544682e-01	   2.9549753490164904e-01	   3.7403710407061513e-01	   3.8258787643582037e-01	   5.3822587241429465e-01	   1.9277502333049118e-01	   1.9501812120891088e-01	   2.3631628989033124e-01	   3.7841103058349346e-01	   2.0713460716380014e-02	   6.2803946811886918e-02	  -2.3210041573916287e-02	  -6.8722808346614650e-02	   3.8500718090796755e-02	  -9.6897551004998417e-02	   2.8844004811340973e-01	   2.5314115430369827e-01	   1.8212194973529860e-01	   2.7508836079160648e-01	   3.7622166665205964e-01	   4.1490276757377553e-01	   2.3537272634297854e-01	   1.9722785645553551e-01	   4.0353419901693144e-01	   4.2639840315149935e-01	   2.7959128591413684e-01	   2.3904227204336342e-01	   2.1418943696244386e-01	   7.1190442150741884e-02	   2.5848202676768622e-01	   4.2679687803211984e-02	   2.5342314310003233e-01	   2.3939899270254855e-01	   4.2849292194496502e-01	   2.0932222633884057e-01	   4.2603182298626041e-01	   6.6868791981145426e-01	   1.0155718204578353e-01	   4.9816474732559979e-01	   2.1643317691995198e-01	   4.2583509869836900e-01	   2.6806856427495507e-01	   2.6815064994108517e-01	   1.6574763941635262e-01	   2.5367339722430693e-01	   1.9448947519686743e-01	   2.9199779291010458e-01	   3.0979734630989664e-01	   4.2329597642343719e-01	   1.5097254197951401e-01	   3.2152559963983329e-01	   2.4508220386557064e-01	   3.5901692507946453e-01	   2.3376176218181369e-01	   1.0351231005440978e-01	   1.4480167264055596e-01	   3.2029541266240585e-01	   2.2686628387466495e-01	   5.2464738947673473e-01	   2.2539547962436376e-01	   4.4450831355117360e-01	   1.8875863659633386e-02	  -4.0032568563844198e-02	   3.1938936080824393e-01	   8.1165789090659982e-02	   4.1897019744890496e-01	   1.1590365570217921e-01	   2.9672386233661457e-01	   5.7918025710835458e-02	  -8.2950491256818706e-02	  -2.6755325926195855e-01	   1.4396846673244515e-01	  -7.7209330766412107e-02	   2.3864165783862681e-01	   7.6351646366140349e-02	   1.4969165136091500e-01	  -6.0580126995802404e-02	   1.5572721698417999e-01	   3.3307717289930559e-02	  -2.8230550124225029e-01	  -4.0576454297020964e-01	   9.5316635769412753e-02	   1.1684712195625850e-01	  -3.4099889692387718e-02	   1.5173375577800552e-01	   1.5131739669130742e-01	   1.2536477982368944e-02	   2.7848340059455201e-01	   2.5685307406636276e-01	  -2.7652089643278571e-02	  -4.6360989667793323e-01	
   5.1483711460744419e-01	   7.2475312278303967e-03	   5.2697975612122838e-01	   2.7437495380111676e-01	   5.8951070097847905e-02	   2.9859670921153303e-01	   6.4208500801561530e-01	   4.4647890685638325e-01	   5.5691281064690257e-01	   4.4767038155355043e-01	   1.2854773767592613e+00	   3.8533153148294869e-01	   0.0000000000000000e+00	   7.6705165005435083e-01	   6.6869223744135542e-01	   4.6823678525005064e-01	   1.7216827171801743e-02	  -7.2073890358701400e-03	   2.2176573044910897e-01	   2.5242366506796092e-03	   2.5666671898469773e-01	  -3.0097648721563574e-02	   2.7847758477551621e-01	   2.0231051706804978e-01	   1.6778886330011120e-01	   1.2441213169806049e-01	   7.1904020726959644e-02	   1.8696812915580699e-01	   2.7122431970220545e-01	   1.2737063828825382e-01	   9.0131285447366385e-02	   1.7397491930664952e-01	   2.7282785940857723e-01	   6.3630453171886550e-02	   1.5454568893862078e-01	   1.5432257193801363e-01	   3.2610517373154979e-01	   2.7788596912410168e-01	   3.8746873727298614e-01	   2.6757771474998704e-01	   4.2536834285753744e-01	   2.6972592179676946e-01	   1.2505692634461618e-01	   1.3664355263516625e-01	   1.1238236680560067e-01	   1.0732356881882787e-01	   7.8637990413979925e-02	   9.4016359276563516e-02	   2.2393807522988540e-01	   2.2606178449842046e-01	   3.6667703899820886e-01	   5.6541405027577277e-02	   4.0285244883568655e-01	   2.2131723085777175e-01	   4.1930951090058388e-01	   2.4680337044508188e-01	   8.1691955949762085e-02	   9.4400020922188993e-02	   5.3164972474979078e-01	  -5.6377891278834420e-02	   8.5776915710500168e-01	   4.5165775048505957e-01	   1.7174495760649094e-01	   3.8539545859284687e-02	   2.9445482617097452e-01	   3.3961586332295085e-01	   2.0369940952213292e-01	   3.4691326211042262e-02	  -4.3299758767640101e-03	  -1.0077436044932749e-01	   3.0069355646354784e-01	   3.7989600471809409e-01	   4.3507842107057010e-01	   1.0827227596707135e-01	   2.3121131968672895e-01	   2.0623991980347794e-02	   2.9272394790705231e-01	   2.6544335989720402e-01	   3.0696576762883256e-02	  -2.3372470044769858e-01	  -2.0650636563062836e-02	  -2.0069950054847421e-03	   2.4930748983880296e-01	   3.0888144178276133e-01	   4.6600734808777500e-01	   1.2655607641371172e-01	   3.2037414133941944e-01	   1.8467879460168191e-01	   6.7497074647275446e-01	   4.3749043073289007e-01	   2.8955559440847917e-01	   3.2262519810515167e-01	   1.8589535015055100e-01	   3.2470217403768503e-01	   1.2630295092170651e-01	  -1.2132154720670198e-02	   3.0692482669145077e-01	   2.4618653913894878e-01	   5.0707629819646653e-02	   1.5950140248904232e-01	  -6.4084329421201361e-02	   1.1290382887852343e-01	   2.4398302719073028e-01	   2.0417149877143442e-01	  -4.8647325471046630e-02	  -4.1782145978434188e-02	   1.9505284898748820e-01	   2.9128230006747097e-01	   1.3851222187600162e-01	   2.5222553786357804e-01	   1.5473770982256305e-01	   2.3874384101602957e-02	   1.0281044935233577e-01	   1.5831485561563863e-01	   1.3598692805915860e-01	  -3.0352308948027296e-01	
