   0.0000000000000000e+00	   1.5031484983081524e+00	   7.9401901814658082e-01	   6.7959318746892150e-01	   4.6475066461403380e-01	   3.3952133392957118e-01	   7.3793674106277607e-01	   7.7505674480997899e-01	   4.9869080799586590e-01	   4.2687465732704355e-01	   9.0687492945756409e-01	   8.9396299611446373e-01	   7.0598058364171334e-01	   8.4022278185103361e-01	   6.0749015688568520e-01	   7.7537384184383717e-01	   1.2266315491727509e+00	   1.0917086851733373e+00	   1.2788551971369135e+00	   1.5585776018353832e+00	   5.1020488198929503e-01	   3.1273543076207072e-01	   6.1545858040938761e-01	   6.3837408107280225e-01	   4.3545115236275755e-01	   3.6891939715911160e-01	   6.4948170526945548e-01	   4.5299774808732657e-01	   8.9385338882549703e-01	   7.9867579833660662e-01	   4.8300786336555435e-01	   4.9313691026577489e-01	   1.2264221953199224e+00	   1.1740738172359522e+00	   6.8822803798755461e-01	   5.4396209877350332e-01	   4.0672913984801684e-01	   1.3187722725807968e-01	   7.6541570617044219e-01	   6.1742463032893546e-01	   5.4646172778169022e-01	   3.6630901731038212e-01	   4.5995909848848981e-01	   4.7606495315853337e-01	   5.2293167416379460e-01	   6.2769866668375440e-01	   8.9798743865372321e-01	   8.5814910532457778e-01	   8.3248308286298722e-01	   8.3260347428529302e-01	   1.0708057354094802e+00	   9.5961277818931690e-01	   1.0303577022899360e+00	   9.3047106854347728e-01	   1.1705309100728662e+00	   1.1541277661175533e+00	   1.3930760092600432e+00	   1.2435084783968959e+00	   1.1029015177861983e+00	   1.0221890843820913e+00	   9.3954744934440093e-01	   8.4043181245066323e-01	   1.3501845788704328e+00	   1.2180896864872510e+00	   4.5740122649505244e-01	   5.5439891673254360e-01	   7.9541954786277047e-01	   8.0697694977182999e-01	   1.3629416526816298e+00	   1.2225824173152842e+00	   2.8546935677047053e-01	   9.1544598524051710e-02	   7.0128024432960301e-01	   6.3289600479801389e-01	   4.5232863001081131e-01	   3.9109813954925354e-01	   5.4708716515251665e-01	   5.6243615354590459e-01	   1.1627423715909841e+00	   1.1873639309097812e+00	   1.2947436183832310e+00	   1.2755638737124002e+00	   1.0052504910780093e+00	   1.0242321727668120e+00	   9.7340561692685312e-01	   1.0201653556728110e+00	   5.6026148498019412e-01	   6.7028665934045739e-01	   7.3575967725828739e-01	   1.0164163845372591e+00	   4.8243477793685036e-01	   6.3543922694436517e-01	   4.0412916121147868e-01	   6.0925046608753031e-01	   1.2315317286178748e-01	   1.3543042562042606e-01	   1.0204716306095212e+00	   9.3369353206929906e-01	   8.6927376155962177e-01	   1.0296392520747282e+00	   4.8521187973234148e-01	   7.0501721014331431e-01	   6.7595127496893626e-01	   7.8418802550967814e-01	   2.7430985912040040e-01	   1.1539251352738919e-01	   2.7602337574151803e-01	   4.3972131263409986e-01	  -6.9608785173569429e-02	   1.0635028607136172e-01	   8.3942144794334628e-01	   8.1710327426966467e-01	   3.2919180352501454e-01	   6.8223827571842866e-01	  -6.4515007669771404e-02	  -3.9283336925302803e-01	
   1.5031484983081524e+00	   0.0000000000000000e+00	   6.2362883857331308e-01	   6.0845406070895258e-01	   4.2968348333277356e-01	   3.0250459552919562e-01	   6.1468502235613065e-01	   7.1137043303426861e-01	   4.7114346710254462e-01	   4.0978428665804284e-01	   6.7859941639804300e-01	   8.5880471184517337e-01	   5.9746560594298881e-01	   9.1908927082966385e-01	   5.8309540148353600e-01	   7.5275978766208762e-01	   1.4722605869253822e+00	   1.4191316535334257e+00	   9.3238228777198873e-01	   1.3418604559501701e+00	   4.7907861656890177e-01	   2.2142350253882864e-01	   4.7920874445525330e-01	   5.5759505153968236e-01	   4.1418212542559563e-01	   3.8585622379270046e-01	   5.1649243102212872e-01	   2.9364133727233660e-01	   9.8158006072041304e-01	   9.8957573629278572e-01	   5.1486481885707236e-01	   5.3537860710430241e-01	   1.1734880967380266e+00	   1.1747904556226052e+00	   5.4278234646854273e-01	   4.7349565440137859e-01	   3.5676094986572487e-01	   1.2948923869294843e-01	   6.4353249390225331e-01	   6.5398774365389578e-01	   5.3899872984308195e-01	   4.3421864698709028e-01	   4.3107290737591442e-01	   4.7958433255580202e-01	   5.5731977735257821e-01	   6.5655783305493465e-01	   9.0323546572483693e-01	   8.9699706858908523e-01	   8.2786027484310620e-01	   8.4453001014333995e-01	   1.0824895080720265e+00	   9.3147266804114026e-01	   9.8549145834929519e-01	   1.0337908833469607e+00	   1.0445585899627403e+00	   1.1605643435005906e+00	   1.6080783112801265e+00	   1.7461541738590378e+00	   8.5354177907886841e-01	   9.3850424120765341e-01	   7.3942007315249092e-01	   7.1664593248616226e-01	   1.3893432119783493e+00	   1.2033942438592611e+00	   3.3777669686805833e-01	   4.6556814542371228e-01	   6.7641126304195764e-01	   7.1544767354360972e-01	   1.4673243698738028e+00	   1.4014760153440424e+00	   2.7449825301707304e-01	   1.0096186649641040e-01	   6.7214004085647572e-01	   6.7587053893981486e-01	   3.9168919013367665e-01	   3.8646827615647666e-01	   5.0655125065727713e-01	   5.3082669138083427e-01	   1.4458262727052182e+00	   1.4282692765920648e+00	   1.4300252921090721e+00	   1.5306076288160213e+00	   9.2332425771606508e-01	   1.1461835008305505e+00	   8.4733686708367761e-01	   9.2777399456777465e-01	   5.0817796724229358e-01	   5.8724625751827653e-01	   6.0202240187626055e-01	   8.8230938937143399e-01	   3.6293890895861780e-01	   5.0923601862594881e-01	   3.1372714683666270e-01	   5.0599625016655359e-01	   1.6144345651646524e-01	   1.9041890522379407e-01	   1.1145341273203551e+00	   1.0569781965718599e+00	   8.2815293480852237e-01	   8.9940899130211593e-01	   4.7285009444800019e-01	   6.4713095178502333e-01	   6.8421092395753325e-01	   7.2463626077821985e-01	   2.4131671756087517e-01	   3.3369916754932047e-02	   2.8542114747694181e-01	   4.6433624594910788e-01	  -6.6508354753689103e-02	   1.3343786983514119e-01	   8.4275968157790992e-01	   8.3800312421611067e-01	   2.7854518467404255e-01	   7.5982015811186554e-01	  -1.4961620132730891e-01	  -4.5424851905825153e-01	
   7.9401901814658082e-01	   6.2362883857331308e-01	   0.0000000000000000e+00	   1.3753686437678121e+00	   1.1094129849175325e+00	   8.4066255826659420e-01	   1.6605331170266391e+00	   1.1192307110505404e+00	   1.0289179518960256e+00	   8.6696308101975494e-01	   9.6220778337551116e-01	   9.7300410756723954e-01	   8.9795785578574894e-01	   9.1384585784419226e-01	   8.5278545592204913e-01	   1.1102193054278726e+00	   5.9135439452290828e-01	   5.7236314394644350e-01	   8.8881841561510433e-01	   7.5403760087317750e-01	   7.0175628256665157e-01	   6.7572060666133615e-01	   1.2821651126875879e+00	   1.1545767882594402e+00	   7.6175918745725346e-01	   7.7159639562401516e-01	   9.7922224933377089e-01	   1.0148735612553745e+00	   6.9021912045043499e-01	   5.7978585366844804e-01	   8.2429713982151431e-01	   8.3482356771762944e-01	   9.9996257666414856e-01	   9.5859000048932552e-01	   8.0159327666087088e-01	   6.9220390590009429e-01	   6.4582669881408261e-01	   3.1657321368186103e-01	   1.0334841595024500e+00	   8.2323446658031729e-01	   5.7787292430507076e-01	   4.1529094050594034e-01	   7.1376042951223295e-01	   6.3590343784816417e-01	   7.2504921165999880e-01	   7.4973227312095803e-01	   8.7074826425386409e-01	   8.6775810942774789e-01	   9.1772050880228440e-01	   9.0685100575809130e-01	   1.0115443433149987e+00	   1.0254774099409223e+00	   9.1039347543551830e-01	   6.9806878476327239e-01	   1.1127153788288828e+00	   8.4918837479888820e-01	   5.0025933742672535e-01	   4.9353597657407111e-01	   8.9296430445635910e-01	   9.6274700937536994e-01	   9.4823429079319566e-01	   7.7163614199298136e-01	   7.1023630489573664e-01	   7.1186521194832808e-01	   8.5352204647022978e-01	   9.4371473310178922e-01	   9.7920900255854437e-01	   9.2310953533424178e-01	   5.5547301846433950e-01	   5.6124518260577450e-01	   6.1839166215227948e-01	   5.2038139462327604e-01	   7.4844980007826734e-01	   6.3004133865264000e-01	   5.8647744249432621e-01	   4.1923258040234418e-01	   6.2548013310118300e-01	   5.6529040428932265e-01	   5.6295023365214458e-01	   6.0428900798473895e-01	   6.2477746120837063e-01	   6.7412279774791528e-01	   9.8421117925421231e-01	   8.3543502285449156e-01	   8.9485278011342284e-01	   8.7397858622047520e-01	   5.5081629993758230e-01	   6.6782025259054822e-01	   1.3589169755376265e+00	   1.1711159048726685e+00	   7.9906029587662608e-01	   9.0636535237636640e-01	   8.3458064147873390e-01	   1.0149592473567493e+00	   1.9007552045701059e-01	   2.9461025644165284e-01	   9.5799231452485956e-01	   6.5901678960815369e-01	   9.7884083644010866e-01	   1.0099815920466346e+00	   7.8806843007344918e-01	   8.6797500382577120e-01	   7.6035318057747747e-01	   7.6787010549999746e-01	   5.5290440999515234e-01	   4.8433321316396022e-01	   4.6914782623130591e-01	   5.7056716885643821e-01	  -3.2638137633890396e-02	   1.5616748994563584e-01	   8.5406996177619177e-01	   7.7993489631475987e-01	   5.2005639801066617e-01	   6.7869221855670203e-01	   1.5128108796519549e-01	  -1.9570048568618528e-01	
   6.7959318746892150e-01	   6.0845406070895258e-01	   1.3753686437678121e+00	   0.0000000000000000e+00	   9.8951803405886518e-01	   1.0249636753574409e+00	   1.4037009227200901e+00	   1.3814694435460562e+00	   9.2829793607605260e-01	   1.1411141030044805e+00	   7.0539626130052402e-01	   1.0180564160973469e+00	   6.9556968888860249e-01	   8.3416887921590122e-01	   6.9102669163627795e-01	   1.2081502596847056e+00	   5.3381300469405679e-01	   5.6481075352067078e-01	   7.2113788754466912e-01	   6.5291417545777064e-01	   6.0637847192682937e-01	   6.8287692772592234e-01	   1.1554562043145005e+00	   1.3888686986344716e+00	   6.0399097491636700e-01	   7.6874109484242392e-01	   7.1935818682297181e-01	   8.2785860103599263e-01	   6.4114611875991367e-01	   6.1276241501495099e-01	   8.0282414418406156e-01	   8.9140003160892689e-01	   1.0083900130813215e+00	   1.0960103389580012e+00	   7.0461818234908635e-01	   7.9807514246030475e-01	   4.9853376301776725e-01	   2.4588219499540592e-01	   8.1985493654833963e-01	   5.8319128803670917e-01	   5.4641624050803694e-01	   4.3283378292407720e-01	   6.8899339978166052e-01	   6.1982056002285113e-01	   7.2245529536516595e-01	   7.4200826230112638e-01	   8.1717806908553381e-01	   8.3221421367114512e-01	   9.1161766312442183e-01	   8.7781452238903124e-01	   9.8444428610388313e-01	   1.0174918776889137e+00	   8.8240364364388235e-01	   7.2530212441084008e-01	   1.0157050242536829e+00	   7.0748529181102149e-01	   4.7638762902069698e-01	   4.7678799243971398e-01	   7.9841785641132401e-01	   1.0745808555066505e+00	   8.3129375791318738e-01	   8.9695642778525198e-01	   6.5444085921407569e-01	   6.9090425223283647e-01	   7.1169903796682910e-01	   1.1143099202367825e+00	   9.8229642394235772e-01	   1.0343168610605269e+00	   5.2305109140065231e-01	   5.7281612568181239e-01	   6.0911272109046755e-01	   6.0270948349227471e-01	   6.5831707194235889e-01	   6.5313367387235888e-01	   5.0214384485646557e-01	   4.3273896130758127e-01	   6.2478769248239319e-01	   6.4856808334375782e-01	   5.1238105722134841e-01	   5.9574993887243954e-01	   5.4422349139603654e-01	   6.1677984682188147e-01	   8.5094730914621264e-01	   7.8999968440931478e-01	   7.6192190467214760e-01	   8.3601943965709369e-01	   4.7296083898600422e-01	   5.7869680352051556e-01	   1.2221749986959227e+00	   1.0489710078051049e+00	   8.2676520437685186e-01	   8.2203885942465660e-01	   9.8867089092914595e-01	   8.8599715361569942e-01	   2.4622306331847293e-01	   1.7740461649402084e-01	   9.4233690302802331e-01	   6.0354444980644262e-01	   9.3325903188884662e-01	   8.6817789634778719e-01	   9.7674653279210588e-01	   7.9094499503761329e-01	   8.2676067619497073e-01	   7.4892777585857895e-01	   6.6988029484273848e-01	   4.7583492747202483e-01	   5.4409523459302356e-01	   5.8829601017628153e-01	   6.4204495196958436e-02	   1.3401198114892876e-01	   8.0842804955534431e-01	   7.3768471294835891e-01	   5.7392498458826435e-01	   6.8595600406695945e-01	   1.0687747087030659e-01	  -1.7510083737849144e-01	
   4.6475066461403380e-01	   4.2968348333277356e-01	   1.1094129849175325e+00	   9.8951803405886518e-01	   0.0000000000000000e+00	   1.1368528085314233e+00	   1.1628696025542924e+00	   1.0351841274538396e+00	   1.4949676889736336e+00	   1.0813592378406234e+00	   7.1943744370347962e-01	   8.8829476141377539e-01	   8.2337507513725516e-01	   8.3466431324930945e-01	   9.7222228976297087e-01	   9.7925278138093064e-01	   4.7725427872408410e-01	   5.1167322654483804e-01	   4.7609357617026798e-01	   3.6008316378660793e-01	   7.5519049340131883e-01	   8.4064369930995897e-01	   9.7401355000262024e-01	   9.0956448196577311e-01	   7.7813672442989679e-01	   8.5158742640544993e-01	   8.2275374448750027e-01	   9.0883333778350184e-01	   6.7901264048588028e-01	   6.2704321729344992e-01	   7.4140116750985408e-01	   8.0437724217112827e-01	   7.5264234134739616e-01	   7.4312710261025039e-01	   6.3783391742601869e-01	   6.4847221423748058e-01	   6.6132428044330149e-01	   3.3961745355720840e-01	   9.1216396791638066e-01	   6.1969814787171307e-01	   5.8116273302363908e-01	   4.3920368104483387e-01	   7.0342203463503050e-01	   5.9465021537502527e-01	   7.5434400396196810e-01	   7.0766565249180802e-01	   7.1101261069292010e-01	   7.2442520205724592e-01	   7.9590405953021237e-01	   7.3451954116940676e-01	   7.4792225569663484e-01	   7.9074564549710014e-01	   6.9807177731941128e-01	   4.7288996523367033e-01	   8.0368020962497844e-01	   5.8297963442048695e-01	   3.2254096505211782e-01	   3.1822370976231429e-01	   6.9349243995248089e-01	   7.9075331070319077e-01	   7.6602146251645853e-01	   6.6493045479749169e-01	   4.7415215042507863e-01	   5.0403109865296070e-01	   6.1694133917388094e-01	   8.2123455430492576e-01	   9.4903954866641937e-01	   8.7982831651760485e-01	   2.9913900255368758e-01	   2.9831289021380347e-01	   6.9252808115434816e-01	   6.7361160854406643e-01	   6.6685120635243766e-01	   6.5762730181071194e-01	   6.1088245209142111e-01	   5.3120316271432022e-01	   5.3724036774480455e-01	   5.1542778559353697e-01	   4.2472776745018492e-01	   4.9423735047499778e-01	   4.3203852735687537e-01	   5.1612331005836198e-01	   8.6901949337041628e-01	   7.5227180152538531e-01	   5.5493332065782186e-01	   5.3008621701470804e-01	   4.6015381107656317e-01	   6.6140740149873067e-01	   9.9600278547224286e-01	   7.2239912847319698e-01	   7.7309177704439369e-01	   8.5991396698810874e-01	   7.4811900600627368e-01	   8.3627563828150642e-01	   2.5168623103531312e-01	   2.6109662333991490e-01	   8.1241928615257042e-01	   5.4369062596633244e-01	   8.1368147549321124e-01	   8.1231304994550413e-01	   7.4421438725537103e-01	   7.3616433984601082e-01	   6.7095042764699231e-01	   6.3170225558359050e-01	   7.1903732789985031e-01	   5.9932798187030867e-01	   4.7465424178846649e-01	   6.9910165983605999e-01	  -4.3922546427895170e-02	   1.4916231908054378e-01	   6.9357512260568643e-01	   7.3619359838807097e-01	   5.9021755433430723e-01	   6.1416009433238983e-01	   1.9611540831117433e-01	  -5.3190867067227095e-02	
   3.3952133392957118e-01	   3.0250459552919562e-01	   8.4066255826659420e-01	   1.0249636753574409e+00	   1.1368528085314233e+00	   0.0000000000000000e+00	   9.9986431856674929e-01	   9.8597750810840801e-01	   9.6860990762031540e-01	   1.3118557150463717e+00	   4.7519308563261964e-01	   7.8420356541902092e-01	   5.7178961277179030e-01	   5.5111663901759678e-01	   5.8717732813445889e-01	   9.8427272920564812e-01	   2.4332148379141705e-01	   3.3523079214325158e-01	   3.7876773556199816e-01	   2.4246191212941876e-01	   4.6947101222043081e-01	   6.9553389553919798e-01	   8.2966156198439434e-01	   9.2859708981094014e-01	   5.3965164417584488e-01	   7.3888883152986906e-01	   5.9139054758943232e-01	   8.1272000947259782e-01	   4.2322775545834029e-01	   4.5581497436246909e-01	   5.3848519408587203e-01	   6.3234857306654235e-01	   5.8676928385125537e-01	   6.2138557242780157e-01	   4.4157421903583238e-01	   5.4089469132511658e-01	   5.0543148456377507e-01	   3.5782143398141875e-01	   6.4990292652840576e-01	   3.8142560517280838e-01	   3.8950379445001893e-01	   4.3173662605301238e-01	   5.5942794862422740e-01	   4.6182016465105541e-01	   5.9570272971174454e-01	   5.6417944688830346e-01	   4.9492703589165832e-01	   5.2416291599263687e-01	   6.1656740049119863e-01	   5.8684992798335012e-01	   5.4995253626511764e-01	   6.5388017023195888e-01	   5.9468825504201794e-01	   3.3998837875527327e-01	   5.9780085533283467e-01	   3.4755399183241803e-01	   1.7025391184374442e-01	   1.6653633497538578e-01	   4.9883050940042245e-01	   7.2893267764699321e-01	   5.7067691166502910e-01	   6.4134432854701973e-01	   3.6203912878211397e-01	   4.1523557587311155e-01	   3.2163582723592216e-01	   6.9997494792679282e-01	   7.8159026791776864e-01	   8.1602942444954207e-01	   2.0332344921515766e-01	   2.4607961648234611e-01	   6.2356828702631961e-01	   8.6307877081443451e-01	   4.3501603092847574e-01	   5.0197398333808008e-01	   4.4087100673698559e-01	   3.4204013693481439e-01	   5.9022830732798726e-01	   5.9763987665507834e-01	   2.3465076892996406e-01	   3.1536588113202535e-01	   2.4261488267834444e-01	   3.2781394503095346e-01	   5.6097911449210081e-01	   5.8006970752786779e-01	   3.6686851472659471e-01	   4.2745620226207970e-01	   2.8645962219227439e-01	   4.3393707372987111e-01	   9.4099774665863978e-01	   6.3758359723674485e-01	   9.3177134697462416e-01	   8.1093881851135907e-01	   1.0166328075935014e+00	   8.0338716471563121e-01	   2.8952659469698999e-01	   1.8058608369136417e-01	   6.0950974619547793e-01	   3.7750236251912084e-01	   6.6465777218490241e-01	   6.0944901774545635e-01	   9.9957939833076870e-01	   7.2934746753693080e-01	   7.3744073103297103e-01	   6.2421900759874549e-01	   9.3982947421200846e-01	   6.2700926537005020e-01	   6.0841430147028830e-01	   8.4070254466608030e-01	   6.4118413341070574e-02	   2.5185634466545415e-01	   5.9402114577891507e-01	   5.5214743345601247e-01	   6.9385884331446002e-01	   6.3853276899518863e-01	   1.7164939545869035e-01	   1.5663183723174639e-02	
   7.3793674106277607e-01	   6.1468502235613065e-01	   1.6605331170266391e+00	   1.4037009227200901e+00	   1.1628696025542924e+00	   9.9986431856674929e-01	   0.0000000000000000e+00	   1.5583913793414710e+00	   1.2423528452573462e+00	   1.1831043734671409e+00	   9.9015966788576049e-01	   1.2476656655595553e+00	   9.7919413888820328e-01	   9.6489479186642424e-01	   8.5295223061982617e-01	   1.3807211745023327e+00	   5.7356179651063477e-01	   6.2609764377856869e-01	   7.6726326563652691e-01	   6.6828464022365430e-01	   7.1387228359070254e-01	   6.8343455419377375e-01	   1.1486791027707222e+00	   1.0975345095657632e+00	   6.6226086631684455e-01	   7.5537865378864755e-01	   7.1812465540428350e-01	   8.0532269495500863e-01	   8.0406283269580059e-01	   7.5441876944654096e-01	   8.0249957992393672e-01	   8.4754341750773365e-01	   1.0475777550435947e+00	   1.0968728050577696e+00	   7.0575040229106956e-01	   6.8914143353538015e-01	   6.9471499395445213e-01	   3.7425142183332805e-01	   9.8324497710057646e-01	   8.0396248518454971e-01	   6.4879744679595619e-01	   5.1019010515341490e-01	   7.4097104495374311e-01	   6.3980882462827871e-01	   7.3209325892830390e-01	   7.5239094287219876e-01	   8.9221430330460794e-01	   8.6386763780972142e-01	   9.0497360536321814e-01	   8.6476165758707491e-01	   1.0224176241743406e+00	   9.9302071156262772e-01	   9.6468081022411178e-01	   7.0143036954820204e-01	   1.1154931431072184e+00	   7.9482043604084229e-01	   4.5346524151440143e-01	   4.4532159787227577e-01	   8.7537936032305486e-01	   1.0282376807120062e+00	   1.1123806387331769e+00	   9.9494755750197883e-01	   7.3682691523842270e-01	   8.0204717520456126e-01	   8.1530784932805200e-01	   1.0575849911840181e+00	   1.0056304306084092e+00	   9.8355996266638257e-01	   5.1000598910120221e-01	   5.1766448139825627e-01	   7.0503125752329310e-01	   6.4042631714952203e-01	   8.2963780303356971e-01	   7.8018517108920094e-01	   6.5753319050769066e-01	   5.4479629533104645e-01	   7.0918447229819226e-01	   7.1614075345041939e-01	   5.2918008353468360e-01	   6.4901565997692934e-01	   5.7344559116820926e-01	   6.7534351429489736e-01	   9.8960574587604877e-01	   9.0519830704080362e-01	   8.2979417386775212e-01	   8.5102401883621726e-01	   5.0434713584670066e-01	   6.2599376217514136e-01	   1.3415595741164290e+00	   1.0521539745275277e+00	   8.4940509469387659e-01	   8.9042340551233901e-01	   8.5890675301908237e-01	   9.3111362741867598e-01	   2.1093900762369913e-01	   2.5441091820557965e-01	   9.2279675245371984e-01	   6.2567326288221903e-01	   9.7070475710486981e-01	   9.4567157436598548e-01	   9.5090561619110392e-01	   8.9740628080345508e-01	   7.9281469994081799e-01	   7.2882518830802223e-01	   5.5431098776325927e-01	   4.4608203662283236e-01	   5.4635830376207073e-01	   6.1245809025508580e-01	   1.1779075771547512e-02	   1.6810064581730805e-01	   8.0227268495595139e-01	   7.5277491047832934e-01	   5.3502658332250297e-01	   6.9754433018306405e-01	   1.5270278539253568e-01	  -1.5377785186828896e-01	
   7.7505674480997899e-01	   7.1137043303426861e-01	   1.1192307110505404e+00	   1.3814694435460562e+00	   1.0351841274538396e+00	   9.8597750810840801e-01	   1.5583913793414710e+00	   0.0000000000000000e+00	   1.1651983129056989e+00	   1.2580084061969428e+00	   9.3902393050620381e-01	   1.5087274651848719e+00	   9.6213900779546069e-01	   1.0621896581457995e+00	   8.6388668717227557e-01	   1.4653650797626394e+00	   6.6304263376182326e-01	   7.2698926962795274e-01	   6.9643330124073921e-01	   6.1973069611938825e-01	   6.8117922686081034e-01	   6.0777823234125206e-01	   8.6164496010586944e-01	   1.0046831132723304e+00	   4.6823628045608517e-01	   6.1668655801215211e-01	   5.9247571292709234e-01	   6.7373356362635528e-01	   8.8004463212808948e-01	   8.9459252884136076e-01	   6.6244594001760160e-01	   7.6114033959822458e-01	   1.0825561166719004e+00	   1.2169304841199660e+00	   6.1823285774764170e-01	   6.6264171325148502e-01	   5.5968776721901081e-01	   2.7281216382614670e-01	   8.3089956163218914e-01	   6.4492094599781391e-01	   6.0681879017255846e-01	   4.8720909042065147e-01	   7.1643424058195804e-01	   6.4658823808422916e-01	   8.0327247300206517e-01	   8.0486493549282090e-01	   9.2680465809436763e-01	   9.3035487693894126e-01	   1.0417235463423369e+00	   9.3754630971956054e-01	   1.1523079126307163e+00	   1.0161113604213348e+00	   1.1631307610349517e+00	   8.5349200672778514e-01	   1.1832383548377692e+00	   8.4088109648888931e-01	   5.3891752988891284e-01	   5.1999413718601017e-01	   1.0065103424087136e+00	   1.2739610285871585e+00	   1.1400270240372004e+00	   1.2380715680135130e+00	   8.0697968279717081e-01	   9.3556382515331593e-01	   5.8308792624767380e-01	   9.5189203645504394e-01	   1.0981855754964363e+00	   1.1395728208054992e+00	   5.6654154897888442e-01	   5.9436979338962803e-01	   6.3794532291134820e-01	   5.7946899940253049e-01	   7.3532805724133476e-01	   8.0427882093974534e-01	   5.6585949385937062e-01	   5.0589370063319183e-01	   6.4741848663061352e-01	   7.0491116139968679e-01	   6.1437508190820900e-01	   7.6765632410362572e-01	   6.4669828557744635e-01	   7.5542325576626956e-01	   1.0509505933691334e+00	   1.0117572361037821e+00	   7.5150113314609801e-01	   8.1941032569896111e-01	   4.4080401225009908e-01	   6.1700310644514977e-01	   1.1553852082903293e+00	   1.0470313566047507e+00	   8.5054073427083787e-01	   8.5939046270609576e-01	   7.8882523838998209e-01	   7.8164540500263968e-01	   2.2891840604949140e-01	   1.6894740635476832e-01	   9.6615075929510819e-01	   7.1235704762576202e-01	   1.0567541846495094e+00	   9.7707312777447919e-01	   9.9690267583208192e-01	   8.7081090009514317e-01	   8.1016781734202237e-01	   7.4777891648994854e-01	   5.4814876916674427e-01	   3.6305761365510236e-01	   5.4930510788181819e-01	   7.1468894856195297e-01	   3.6591995023998257e-02	   1.3933395691631661e-01	   7.7652580974255980e-01	   7.9034614110625445e-01	   5.7515905089046582e-01	   6.7086372438858866e-01	   3.7359779607495827e-02	  -1.8352725630896177e-01	
   4.9869080799586590e-01	   4.7114346710254462e-01	   1.0289179518960256e+00	   9.2829793607605260e-01	   1.4949676889736336e+00	   9.6860990762031540e-01	   1.2423528452573462e+00	   1.1651983129056989e+00	   0.0000000000000000e+00	   1.2295089663033567e+00	   9.2469935161944727e-01	   1.2010165885225641e+00	   1.1075538872264956e+00	   1.0564635963005176e+00	   1.1743855428819185e+00	   1.2016669379112652e+00	   5.2186545722818778e-01	   5.9430128717596187e-01	   4.2349347490222022e-01	   3.7235224840397507e-01	   6.1466731974397038e-01	   6.2713371987097799e-01	   8.3454648476048765e-01	   7.7191951620588428e-01	   6.2290164568657502e-01	   6.4993777655047968e-01	   5.5516965199203150e-01	   6.3808720260683438e-01	   8.9037128627350315e-01	   8.0350209942975781e-01	   6.5196922653920542e-01	   7.4246095567198367e-01	   7.2704788755948657e-01	   7.6593599409937352e-01	   4.9751746270502883e-01	   4.7579998592677564e-01	   6.8277980929835103e-01	   3.8409692742802365e-01	   8.7823349372598236e-01	   6.7828282728235945e-01	   5.9348731433001101e-01	   4.8941150673822420e-01	   6.2094008769207165e-01	   5.7908435524835089e-01	   6.2273643106112297e-01	   6.3375258709052584e-01	   7.7101044820330533e-01	   7.3629703966688131e-01	   7.1415110300536710e-01	   7.1779575176036059e-01	   8.1262209487235448e-01	   8.0757469021108441e-01	   7.7956241109061297e-01	   5.8115137856584720e-01	   8.3301284688729216e-01	   6.5654470352664029e-01	   3.3330783589612883e-01	   3.3113780256180531e-01	   6.8745086268117872e-01	   7.9851336556897579e-01	   9.0984575868085860e-01	   8.2853434648270718e-01	   5.3887939931864859e-01	   6.6968407577059441e-01	   6.0288768567417284e-01	   8.5227258401669037e-01	   7.8316731583603316e-01	   7.3445802944430971e-01	   3.0859632899727824e-01	   3.0185357812827024e-01	   7.2096195347202674e-01	   6.2428701283081112e-01	   7.8542904013852355e-01	   8.1651364308392016e-01	   7.0800523845096386e-01	   6.2243531034507049e-01	   6.3572352945031685e-01	   6.6619898499070707e-01	   4.4822934478291154e-01	   5.4564117487730124e-01	   4.7795098592895469e-01	   5.7755145968780774e-01	   9.4583562968851420e-01	   7.6262929942023117e-01	   6.1464633801205548e-01	   6.1228170292261019e-01	   4.4316758000429834e-01	   5.7546171933891632e-01	   9.3666217884909220e-01	   7.6249780711166726e-01	   5.9469875187729038e-01	   6.4718241632478724e-01	   5.7655078603295673e-01	   6.5322036704511410e-01	   2.5167093090042170e-01	   1.5378855483482626e-01	   7.5157429232741668e-01	   5.7328238139218979e-01	   7.0047631130370480e-01	   7.1707374237528088e-01	   7.1334096499277078e-01	   6.3920984627301325e-01	   5.7052164286272933e-01	   4.9098719692401260e-01	   5.2530198306359965e-01	   4.3244300579914191e-01	   4.4464929410855170e-01	   6.5104175422393284e-01	   6.3129910096968556e-02	   1.9119362852477240e-01	   5.8586343672121910e-01	   6.0892433440981664e-01	   4.0305184380024967e-01	   6.1586371331886680e-01	   2.0143252305275158e-01	  -5.2778507168056744e-02	
   4.2687465732704355e-01	   4.0978428665804284e-01	   8.6696308101975494e-01	   1.1411141030044805e+00	   1.0813592378406234e+00	   1.3118557150463717e+00	   1.1831043734671409e+00	   1.2580084061969428e+00	   1.2295089663033567e+00	   0.0000000000000000e+00	   6.4031761503741302e-01	   1.0814956569998708e+00	   7.6747854352586098e-01	   7.4726035074954134e-01	   8.0310536465726534e-01	   1.3150264807744076e+00	   3.7609279244607746e-01	   4.9875603862130702e-01	   3.9885876338466403e-01	   3.5223538095491147e-01	   5.3553232792314953e-01	   5.7551699698003778e-01	   8.3457041785876962e-01	   9.4956345129242803e-01	   5.1321517627513247e-01	   6.9804392460206899e-01	   4.7541866229164020e-01	   5.4513727238819154e-01	   6.6407672193971123e-01	   6.9800323145112275e-01	   5.7545084814144531e-01	   6.9389164343019860e-01	   7.2555468604604201e-01	   8.3365191761069612e-01	   4.6361554488262235e-01	   6.0288784207358481e-01	   5.0828796599869752e-01	   3.9249253370560439e-01	   6.3458811179580488e-01	   4.7696031725564025e-01	   4.8624603053097071e-01	   5.2305841356290073e-01	   5.6721362796379071e-01	   4.8735595562228062e-01	   5.9443674749104514e-01	   5.9132243458586486e-01	   6.3232017663336870e-01	   6.2971020982423687e-01	   6.7995023303118829e-01	   6.8314068894975088e-01	   7.0207490700034769e-01	   7.9228964270235969e-01	   6.8543034823559845e-01	   4.9781277719758621e-01	   7.3144765037114534e-01	   4.6083129630898667e-01	   2.7582115309340827e-01	   2.6977241710411570e-01	   5.8375270433536774e-01	   8.6760213277299758e-01	   7.6009225083584431e-01	   8.9077774099299534e-01	   4.6681737053516026e-01	   5.6133777571738119e-01	   5.0228130395060633e-01	   9.7542290093178918e-01	   7.8655351923593153e-01	   8.1800573663493259e-01	   3.0144131697018184e-01	   3.5969188735933916e-01	   6.0751530327013759e-01	   7.1934679090962805e-01	   6.7388891084189773e-01	   7.7165934923976642e-01	   5.8146765176882065e-01	   5.7718512319773829e-01	   6.4518728546852389e-01	   7.1476996569256979e-01	   3.2017446941880628e-01	   4.7956725401055728e-01	   3.5418306793246201e-01	   4.7770881633321544e-01	   7.3196689108709323e-01	   6.9356671029008232e-01	   5.1247045455581763e-01	   5.6409584591439976e-01	   2.9304583466337819e-01	   4.3512461616589421e-01	   9.9433323964338027e-01	   6.7171119756591535e-01	   8.1450434234211999e-01	   7.4439041997273492e-01	   9.0752893658597411e-01	   7.5479359343784658e-01	   2.5780861524499321e-01	   9.3890262579471306e-02	   6.8257667487131424e-01	   4.4616537799657591e-01	   6.9218382639395726e-01	   6.3905267956102441e-01	   1.0785019515492882e+00	   7.6268346797366648e-01	   7.1805563713298470e-01	   5.7228270544832571e-01	   7.0674800872842669e-01	   4.6344902790714287e-01	   5.1920770372030223e-01	   6.5268773132659630e-01	   1.2708810145712546e-01	   2.5672554016956473e-01	   6.3010028105704130e-01	   5.7917867585246019e-01	   5.7230272369403479e-01	   6.8299477136449893e-01	   1.4360336223609291e-01	  -6.9125434132622329e-02	
   9.0687492945756409e-01	   6.7859941639804300e-01	   9.6220778337551116e-01	   7.0539626130052402e-01	   7.1943744370347962e-01	   4.7519308563261964e-01	   9.9015966788576049e-01	   9.3902393050620381e-01	   9.2469935161944727e-01	   6.4031761503741302e-01	   0.0000000000000000e+00	   1.1817400481304259e+00	   1.5792114018900318e+00	   1.0890795543394134e+00	   1.1237179411650016e+00	   9.5597596335202539e-01	   7.3209098329338307e-01	   7.5882941281834149e-01	   8.4571361037742632e-01	   7.6976020250207833e-01	   5.2384415107917026e-01	   3.4725354042114126e-01	   8.0865922207994900e-01	   6.4640019753197486e-01	   5.3793603433351189e-01	   4.2881340686150615e-01	   6.0256665332166215e-01	   5.5081568596359975e-01	   9.6773063289784877e-01	   7.5073610414345548e-01	   5.8104068613610060e-01	   6.0408195342594884e-01	   8.4352270063458457e-01	   8.5390378414344836e-01	   6.2425931770670906e-01	   4.5216027600297076e-01	   7.0521294982842464e-01	   3.1659716764917384e-01	   7.7220177773956866e-01	   6.3846015112470211e-01	   4.9347294441912193e-01	   3.8514158605100512e-01	   5.5246944201033965e-01	   5.2382808131214476e-01	   5.2066330495452029e-01	   5.8407100649120325e-01	   8.7206000382615756e-01	   7.9263081113734646e-01	   7.2453563345846972e-01	   7.3991449902831352e-01	   9.3914105162991202e-01	   7.8138642174514239e-01	   9.8530698968758923e-01	   7.6483834383191307e-01	   9.7563099151765775e-01	   8.5964194436724650e-01	   5.4697415912945790e-01	   5.5059863635332307e-01	   9.4006333845389989e-01	   9.1919722062022990e-01	   1.0352506622801398e+00	   9.3004227471608480e-01	   8.1097773595008871e-01	   9.8545073290514018e-01	   6.1987375331010464e-01	   6.6977205661156380e-01	   7.8814128682863516e-01	   7.3756876191410359e-01	   6.1390765346884590e-01	   5.5646692433188849e-01	   5.8350445812905938e-01	   3.5075705886441977e-01	   9.1973761607315507e-01	   8.1188116348708139e-01	   7.3024290248180634e-01	   5.0202084207723852e-01	   6.0903392156588654e-01	   5.8592119537045384e-01	   6.2424981467499208e-01	   7.3090595547345671e-01	   6.9539343121405195e-01	   8.0304184927135014e-01	   1.0476859010077300e+00	   8.0030819822887000e-01	   9.1021758747412962e-01	   8.2709779445829823e-01	   4.3228059178797257e-01	   5.5047844453612083e-01	   7.6661332162123463e-01	   9.0944768969773104e-01	   5.3610553262762806e-01	   6.0407509541520310e-01	   3.7878716104701893e-01	   5.5692997630429886e-01	   1.3528952041495014e-02	   1.0179841569806643e-01	   7.3869492294757488e-01	   5.8658614687736144e-01	   7.7901790103190394e-01	   8.4276529141839629e-01	   4.9575209181800639e-01	   6.7921692872116923e-01	   5.1137869511048306e-01	   5.2667857700957099e-01	   2.5668364302126190e-01	   1.7483418053275193e-01	   3.5282690494548957e-01	   4.6939196890757828e-01	  -1.4761505406915376e-01	   2.5703603075047644e-02	   5.9089647809715229e-01	   6.0996233047305670e-01	   2.7896706709156205e-01	   5.2826364045404839e-01	   2.6689004277921681e-02	  -3.1611379911303428e-01	
   8.9396299611446373e-01	   8.5880471184517337e-01	   9.7300410756723954e-01	   1.0180564160973469e+00	   8.8829476141377539e-01	   7.8420356541902092e-01	   1.2476656655595553e+00	   1.5087274651848719e+00	   1.2010165885225641e+00	   1.0814956569998708e+00	   1.1817400481304259e+00	   0.0000000000000000e+00	   1.2641123283433817e+00	   1.4295523795907712e+00	   1.0985803228906075e+00	   1.4905694266282008e+00	   8.0682007180013127e-01	   9.8104623244858713e-01	   6.7326312912623054e-01	   6.9884991711624178e-01	   5.9722849894822316e-01	   4.6761062264754910e-01	   8.1679712214249434e-01	   8.6557842352056646e-01	   5.1464142808427560e-01	   5.7193305313657261e-01	   4.9084082137919033e-01	   5.1210798611087638e-01	   1.1424534084874598e+00	   1.1502664507427462e+00	   6.4588731108484776e-01	   7.5362147172476002e-01	   1.0729204878845517e+00	   1.1883298742152693e+00	   5.9331893816666104e-01	   6.0535290371288042e-01	   6.1060085957395249e-01	   3.4793463075524711e-01	   8.3834913588132176e-01	   7.5461742487967054e-01	   6.2035214180636256e-01	   5.4250769060057069e-01	   6.3177719418528933e-01	   6.1992647241689836e-01	   6.8564128327562945e-01	   7.4252551504423814e-01	   1.0303180962207810e+00	   9.8354428716235653e-01	   9.7901758822448381e-01	   9.4558773201804114e-01	   1.2570336358729732e+00	   1.1066653361915599e+00	   1.1855822701845420e+00	   9.0333197810267474e-01	   1.2206185335221875e+00	   9.6906160094174576e-01	   6.3048822392814141e-01	   6.5074090169936782e-01	   9.9104844984127693e-01	   1.2087167167789361e+00	   1.0953726615465760e+00	   1.2797795308177338e+00	   9.0589820682956623e-01	   1.1352242044078584e+00	   5.7550542055232867e-01	   9.0488659243928105e-01	   9.1895268116828377e-01	   9.4461124772610505e-01	   6.2732455003814080e-01	   5.9752831280569041e-01	   6.4509444516885195e-01	   4.7589662468998412e-01	   9.2563709835840347e-01	   9.7586121603691101e-01	   6.8735350875261003e-01	   6.1521643050982944e-01	   7.6040327308898137e-01	   8.1596450982055402e-01	   7.3617373969740807e-01	   9.3199785611461528e-01	   7.7588613398941930e-01	   9.6416472551703769e-01	   1.1067894737515429e+00	   1.0166787094554681e+00	   8.8741229438414071e-01	   1.0051761736885909e+00	   4.5092134408232626e-01	   5.7659564291139620e-01	   9.7682798173571805e-01	   9.9725798118795939e-01	   5.8472708380361527e-01	   6.2728601314444643e-01	   5.3679890352711945e-01	   5.8601490000962786e-01	   2.2666373125256811e-01	   1.5450498273987373e-01	   1.0125347817582215e+00	   8.3048078625467670e-01	   8.9256811845965245e-01	   8.9567482778282959e-01	   7.6670625198765741e-01	   7.0025828097191944e-01	   7.0671598712805672e-01	   5.7223688405865836e-01	   4.3336826048495880e-01	   2.5983402203306954e-01	   4.8769423296876790e-01	   6.3644129114197856e-01	   7.5488563442280651e-02	   2.0670323973597898e-01	   7.5350216200055764e-01	   7.1895484181804004e-01	   3.6366049832593600e-01	   7.2155960719415768e-01	   2.0816198783890336e-02	  -2.4025472797908259e-01	
   7.0598058364171334e-01	   5.9746560594298881e-01	   8.9795785578574894e-01	   6.9556968888860249e-01	   8.2337507513725516e-01	   5.7178961277179030e-01	   9.7919413888820328e-01	   9.6213900779546069e-01	   1.1075538872264956e+00	   7.6747854352586098e-01	   1.5792114018900318e+00	   1.2641123283433817e+00	   0.0000000000000000e+00	   1.2434523180253065e+00	   1.4746974767569725e+00	   1.0797353904115383e+00	   6.5787576286568483e-01	   7.4718665409334672e-01	   6.3900099998914606e-01	   5.9344106688391807e-01	   6.0406921901086208e-01	   3.8924679623976649e-01	   8.5052433020654727e-01	   6.9252228244986136e-01	   5.8982175618123145e-01	   4.9406658888939742e-01	   5.5919770579819161e-01	   5.1652332226412589e-01	   1.0169530016890489e+00	   8.5612787986805960e-01	   6.0068628281815739e-01	   6.4631421735666816e-01	   7.4667622927338606e-01	   7.6889084049740930e-01	   5.9208369761591495e-01	   4.5167486699388637e-01	   7.0136589561120688e-01	   3.2515489706135509e-01	   7.9227961262010016e-01	   6.8660182668365766e-01	   5.7307593463697493e-01	   4.4976506448633669e-01	   6.6771466961792514e-01	   6.4046407572933695e-01	   6.3599262328889039e-01	   6.9692230077896700e-01	   9.4464777380206844e-01	   8.5972631718788928e-01	   7.7969070503189364e-01	   8.3223879561827108e-01	   9.0933473173872370e-01	   8.0962980719061939e-01	   9.1203146558745107e-01	   7.0794172458245963e-01	   9.3819890186750687e-01	   8.1150863695041120e-01	   4.5569964714540845e-01	   4.8822019904295183e-01	   9.1075534853183082e-01	   9.4440316612432007e-01	   9.8206154315366578e-01	   9.2150525995732968e-01	   6.7566357655619647e-01	   8.8160451974759746e-01	   6.1670744192806859e-01	   7.1865161644664366e-01	   8.1479095936496748e-01	   7.8921282858853670e-01	   4.7218230253508126e-01	   4.5028507683988001e-01	   6.1837402494909821e-01	   4.0123194413607899e-01	   9.2265458000607459e-01	   8.5342827804600074e-01	   7.6199438604972469e-01	   6.0790599484974195e-01	   6.3962764954059559e-01	   6.3492417021165026e-01	   5.9333104950979032e-01	   7.0618768405489485e-01	   6.3426751300744511e-01	   7.7561114844881429e-01	   1.1101117694432414e+00	   8.2091189730330505e-01	   8.3010390964649905e-01	   7.7214713577410365e-01	   4.6983862864270043e-01	   6.0555957271868788e-01	   7.9170537002746755e-01	   8.4856347047029512e-01	   5.6962920573897724e-01	   6.1191629505645206e-01	   4.2096093797604678e-01	   5.5417484672183126e-01	   5.4585496166380823e-02	   1.6179921345194004e-01	   7.2721050389718989e-01	   6.1518752467263826e-01	   7.9448650820353928e-01	   8.4378280817155171e-01	   5.4014690440629365e-01	   6.6629102211129021e-01	   5.2165355661110313e-01	   4.8069519702745017e-01	   2.9584791710826086e-01	   1.8358589218928034e-01	   4.3373799054153983e-01	   5.4295720440250872e-01	  -8.6664572964935252e-02	   4.7840329392348238e-02	   6.2938411199170230e-01	   6.7506766390454165e-01	   3.0967292263172630e-01	   6.1739284268251982e-01	   6.7817309445103433e-02	  -3.0998586196623684e-01	
