   0.0000000000000000e+00	   8.3377189887181236e-01	   6.7089530943374964e-01	   5.1786171359731137e-01	   6.9836038307315540e-01	   4.5914266102984774e-01	   4.5116588771229760e-01	   3.8981677449086743e-01	   5.7494247293919476e-01	   4.7148455826656421e-01	   6.5961954423349389e-01	   5.4802695052714090e-01	   5.9105830810583937e-01	   3.9085642986230934e-01	   7.5188559554440570e-01	   5.7409082697614466e-01	   7.8677147993650665e-01	   6.3994154384076274e-01	   1.0349725790026627e+00	   7.4781860854289373e-01	   5.4365231960958460e-01	   4.9546175325318886e-01	   5.7517115203529978e-01	   4.7040094462566207e-01	   3.7574199980524992e-01	   3.0326825392544970e-01	   5.6088224144281129e-01	   2.9976391557529636e-01	   6.5942697331016864e-01	   4.5536201018056061e-01	   3.4202753288385923e-01	   2.6167319065853156e-01	   5.7512861709229501e-01	   4.3065242124007302e-01	   3.0263492899464500e-01	   2.5251042859192463e-01	   1.2465257220398195e-01	   2.5062560352805252e-01	   3.3674594154477250e-01	   3.8780656239105615e-01	   3.0718112849149998e-01	   1.9919178127284065e-01	   5.4867287704474077e-01	   5.3726289367687885e-01	   5.5572237126751434e-01	   5.4331490839007113e-01	   5.8301239890813561e-01	   6.3370717906032881e-01	   6.0410964447243365e-01	   6.0286277497112661e-01	   3.7738332004067282e-01	   4.1316767576610580e-01	   4.2146643179626414e-01	   3.4696246676328762e-01	   5.2526081849137907e-01	   4.7297978509420596e-01	   1.2236177144605187e+00	   8.1839475087236369e-01	   6.5008998474642732e-01	   5.1762046408573781e-01	   4.1115974991088849e-01	   3.2461448956881184e-01	   3.7544646881742394e-01	   3.5104685161269811e-01	   3.0768439225747191e-01	   2.3547576906033973e-01	   4.6842920745661321e-01	   3.6813792025163999e-01	   5.4734148171987251e-01	   4.9815315652256198e-01	   3.9023315572194800e-01	   1.9534034515978249e-01	   4.8966796307343569e-01	   4.8003459214361582e-01	   3.6718465454180305e-01	   5.2623449228476293e-01	   3.8579691438042590e-01	   3.7082407687828184e-01	   6.1383010170446206e-01	   5.6201477345576401e-01	   5.5683360562310980e-01	   4.3814651819264805e-01	   6.4261009362904542e-01	   3.0844668073253140e-01	   4.4195708154438634e-01	   2.3477313138149275e-01	   3.7986883368133306e-01	   2.7498982827342860e-01	   5.3683597374044700e-01	   5.6692715898804558e-01	   3.5343424083348746e-01	   2.2682325439627204e-01	   1.4425245685811169e-01	   2.7399804515241238e-01	   1.2801624119852895e-01	   6.9707234634873161e-02	   3.4209041816549662e-01	   4.8149990357239136e-01	   5.3051773287493309e-01	   3.9873923982827902e-01	   2.3108775029599021e-01	   2.4659952467759502e-01	   3.4207529950905874e-01	   2.4789977000614072e-01	   4.1358930707936246e-02	   3.4944102750732058e-02	   2.2136533824130925e-01	   1.8403868624615566e-01	   1.3349081196593032e-01	   1.8366054918107499e-01	   3.6837898779007205e-01	   3.7943590779069791e-01	   3.6965598910546299e-01	   3.8984378595019631e-01	   1.1002580078416954e-01	  -1.0378630771382344e-01	
   8.3377189887181236e-01	   0.0000000000000000e+00	   3.8381283854618420e-01	   3.4297196423178833e-01	   4.3115522395672962e-01	   1.9475778086156154e-01	   2.0802037450327249e-01	   1.9556212283989716e-01	   3.9921232894387143e-01	   2.4976381923489782e-01	   3.0337493617360650e-01	   3.4063238612205193e-01	   2.9617009796784155e-01	   1.8708975142886855e-01	   5.4775762165981656e-01	   3.8352808954694079e-01	   7.4610127124280756e-01	   9.1570280165594919e-01	   6.6467629393226224e-01	   6.8636883661176895e-01	   4.8099286383672479e-01	   4.9617061245721872e-01	   3.2169837954105451e-01	   2.9685273576330401e-01	   4.9371186588389609e-01	   4.0659592977616910e-01	   5.0112453526739642e-01	   3.1908840892531798e-01	   5.4863801417481806e-01	   5.1252112160767527e-01	   3.8522293842328231e-01	   3.3704003047556663e-01	   4.2327461688732188e-01	   3.7322479469909586e-01	   2.3034052246472214e-01	   2.0381797832033388e-01	   2.3628844641312269e-01	   2.8908227560219618e-01	   3.1669932434381609e-01	   4.0106413171084759e-01	   2.8895316422486517e-01	   1.7665586450283524e-01	   3.5336532391032849e-01	   3.6342299106348358e-01	   4.2433623632319128e-01	   4.1608452878986446e-01	   3.3165709969156743e-01	   3.6392418932371001e-01	   2.7603817879591991e-01	   3.7165945795044336e-01	   2.0568116161833910e-01	   2.4606629150753595e-01	   2.3829084373031362e-01	   2.2839623301661674e-01	   3.0075294061381552e-01	   3.1375682202231758e-01	   9.8761611761213752e-01	   1.4924300036254088e+00	   1.8539699032288293e-01	   1.7771834473899811e-01	   1.4614066928241445e-01	   1.1650310396964791e-01	   2.6149577243940547e-01	   2.2552850207493388e-01	   1.3845273552068635e-01	   1.3007247911019609e-01	   2.1820539923518034e-01	   2.3315510707704354e-01	   4.8390220879151968e-01	   4.2889053189457421e-01	   5.4632355330132765e-01	   2.5123278749937716e-01	   5.3268127337751714e-01	   6.5099137554948583e-01	   5.1037679017089421e-01	   5.3510401590068246e-01	   3.3183495983905842e-01	   4.1478658925064460e-01	   6.7001157441993420e-01	   6.1989072007234824e-01	   5.1328956003025572e-01	   3.6519984386443138e-01	   4.4590495251322904e-01	   2.2487164559633704e-01	   2.7565913464782932e-01	   1.9361955003944059e-01	   3.5904230740163867e-01	   1.7732333273128220e-01	   2.7422774619623080e-01	   3.1991417264756328e-01	   6.3990935398864898e-02	   1.4501905731758219e-02	  -9.7771718871368318e-02	   1.1761535901682310e-02	  -3.6248533534992626e-02	   2.0662726941582284e-02	   2.5256335793221618e-01	   2.0715129152042425e-01	   2.9095016707421484e-01	   1.8154259187121885e-01	  -1.1335422360411997e-02	  -4.5302459297363274e-03	   3.0373137607037842e-01	   7.5045448652186514e-02	  -8.9113564747681909e-02	  -6.5952581474963759e-02	   7.0885445706141553e-02	   2.6262880217661892e-03	   3.6311965206609162e-02	   6.0804578308640271e-02	   1.8781330821266731e-01	   1.4396331638122362e-01	  -1.2317719144321547e-02	   2.3744136900628948e-01	  -1.7417353790780410e-02	  -1.7036856553744328e-01	
   6.7089530943374964e-01	   3.8381283854618420e-01	   0.0000000000000000e+00	   1.4485417913154073e+00	   9.7066520753293772e-01	   7.0671742478805710e-01	   1.1739976226188285e+00	   1.0274334895989603e+00	   7.7696665914437502e-01	   5.6746116912946054e-01	   7.6285294480028387e-01	   8.3826944486121835e-01	   7.4571518506854517e-01	   5.8757578616542927e-01	   8.3139584044912762e-01	   7.9002414933243115e-01	   4.3196334957456672e-01	   3.3771750937031281e-01	   8.9205059125347508e-01	   5.7515317461119475e-01	   7.3808202665756950e-01	   6.7056147506769126e-01	   1.4748388800043575e+00	   1.1930025578564329e+00	   8.4178584167156489e-01	   7.9304428008951455e-01	   9.0941564623445337e-01	   7.6185254961490978e-01	   6.9685068507741887e-01	   4.4402166850338159e-01	   8.1010829225775427e-01	   6.7201146065107165e-01	   6.6896160603033494e-01	   6.3360651148373670e-01	   7.2121640823538646e-01	   5.7732408347515152e-01	   3.9534439513947761e-01	   4.0301350575608119e-01	   4.9737571876185016e-01	   5.3991274109526266e-01	   5.8576415247657820e-01	   4.1816505855924135e-01	   3.5602136870165885e-01	   3.0327213375185569e-01	   2.2778500654548356e-01	   1.7521083627558359e-01	   4.3752253548828135e-01	   4.7570471280171678e-01	   6.8349599064421662e-01	   5.7092599310367076e-01	   9.5854796047788715e-01	   8.4986055856985532e-01	   6.9436137110081309e-01	   8.3292636809706566e-01	   8.1232908966702688e-01	   7.6663974839146054e-01	   2.8263062173331011e-01	   3.5021604691481201e-01	   7.4980447959315788e-01	   8.6832055857089974e-01	   4.3365714090670604e-01	   5.5750636588209113e-01	   5.1349315640960280e-01	   6.5521775784879477e-01	   7.3179596662999047e-01	   6.6287854962791981e-01	   9.7547570419636076e-01	   8.4187964327951448e-01	   1.4672666756991745e-01	   1.9428729687427007e-01	   3.2487172702874728e-01	   8.4257046870740954e-02	   4.2642137520946999e-01	   4.7289325342354793e-01	   2.4327837454848592e-01	   5.6521145023435704e-01	   2.0949194219428929e-01	   2.2711878395880306e-01	   4.0753561413472134e-01	   3.7390094703458687e-01	   7.9220543537802768e-01	   9.1817001794524777e-01	   1.0098253274753477e+00	   5.2999881659326753e-01	   9.9628929786796816e-01	   7.6197989588538784e-01	   5.5417891093422444e-01	   5.1573241074842979e-01	   1.0243189364855998e+00	   1.2000688449222909e+00	   7.1529009412992428e-01	   6.2694694299291320e-01	   5.4787604297883363e-01	   6.9064317714093393e-01	  -1.1359535279997127e-01	  -4.9245739111422202e-02	   9.6528440124645093e-02	   1.1979291660740644e-01	   5.0674066190592892e-01	   3.5081604401811833e-01	   7.0208960676885568e-01	   5.9379440119835758e-01	   4.2179260400772556e-01	   2.7410079610351112e-01	   7.3113837886505620e-02	   8.9252312079939555e-02	   2.1342681335217900e-01	   9.1387600187412071e-02	  -5.8027925605979407e-02	  -8.5652341337217622e-02	   1.7810097613072856e-01	   1.7962599227248285e-01	   4.4108514873075239e-01	   1.8067812877540607e-01	   4.9095473534080281e-02	  -1.6077825873965726e-01	
   5.1786171359731137e-01	   3.4297196423178833e-01	   1.4485417913154073e+00	   0.0000000000000000e+00	   8.4171867269060552e-01	   6.6219911451760360e-01	   1.0911868088488936e+00	   1.2815221321323305e+00	   7.2716182712092825e-01	   5.8224797738357270e-01	   6.9405115825902619e-01	   9.6288977632129180e-01	   6.3927510036111146e-01	   7.0680877142175969e-01	   6.3458390227975547e-01	   7.3228997174579746e-01	   2.9632054872234986e-01	   2.2897876368886189e-01	   6.9293917387602355e-01	   5.4825879921217091e-01	   6.8496060591639396e-01	   5.6084823565693032e-01	   1.1692302146439491e+00	   1.2381358220153329e+00	   7.7355141539655992e-01	   8.1402376705877910e-01	   7.4733847284091048e-01	   6.8005908482194777e-01	   5.4533898306000861e-01	   3.9832070022518129e-01	   7.2505276087615711e-01	   7.6919264297592449e-01	   6.1125384909850544e-01	   6.6703420821689108e-01	   7.5259719920065582e-01	   6.6240120119711310e-01	   4.1744808286940760e-01	   4.9827033469599086e-01	   5.1692654138740379e-01	   6.5485989931392474e-01	   6.4854460509938616e-01	   5.2672909325252570e-01	   2.4589305218891355e-01	   2.0459607372931163e-01	   2.0512720916449240e-01	   1.4462584909357037e-01	   3.6051394725760716e-01	   4.2655678024904392e-01	   6.9508875035556295e-01	   5.6962075853664484e-01	   1.0408350023577819e+00	   8.8954564342886600e-01	   7.0424548453824598e-01	   8.4167975142256668e-01	   9.0777147737691366e-01	   8.7684356169555988e-01	   1.7442981121030271e-01	   2.7299169725425565e-01	   8.0145836201925802e-01	   9.2069769183605599e-01	   4.1708326449403255e-01	   6.3373411203802055e-01	   4.6371782999948635e-01	   7.2207859409893971e-01	   8.0047712412196004e-01	   8.1966970029130803e-01	   1.0593382688081865e+00	   9.7395812691760753e-01	   1.0830915799679178e-01	   2.1397929158675150e-01	   3.1514568638424484e-01	   8.1825466576896100e-02	   4.8376876263154667e-01	   5.1622926253057477e-01	   2.8005053431120824e-01	   5.5568146145657038e-01	   1.7737626062943085e-01	   2.2562055671669937e-01	   2.5882314062178680e-01	   2.3424920828574092e-01	   7.5753836111386852e-01	   9.9006835386517833e-01	   8.2282900673568737e-01	   5.0821274067780364e-01	   9.6311482349707589e-01	   9.6695092118270420e-01	   5.3301012762056976e-01	   4.8528683516875587e-01	   9.9902969936706087e-01	   1.2164758858418985e+00	   7.2479919466381759e-01	   6.1225837878396427e-01	   5.4731507318634987e-01	   5.8968428345295787e-01	  -5.9215375558041267e-02	  -6.0481130831500623e-03	   1.1200975940723694e-01	   1.5162971093563365e-01	   4.6788106825985287e-01	   3.4513985184397222e-01	   7.3153235146577744e-01	   4.9099811946359817e-01	   4.6039474821359666e-01	   2.5811401644539111e-01	   1.4588643661732570e-01	   1.2028507413971054e-01	   2.9535054631821450e-01	   1.0180328220253530e-01	  -4.4555924515633019e-02	  -1.6516286000892000e-02	   2.0940331126670925e-01	   1.2220559470150176e-01	   3.7343385528922246e-01	   1.5320765889559129e-01	   4.8232283662882361e-02	  -1.6037214155326807e-01	
   6.9836038307315540e-01	   4.3115522395672962e-01	   9.7066520753293772e-01	   8.4171867269060552e-01	   0.0000000000000000e+00	   1.1496295422564689e+00	   9.4019137968369226e-01	   9.7855211585360968e-01	   1.5417466387022822e+00	   1.2078597694294140e+00	   6.4915071134233837e-01	   6.5899252170807132e-01	   8.6892688320297684e-01	   7.5613565381616399e-01	   9.8021804206898000e-01	   8.4584595400906581e-01	   3.5768635778792701e-01	   2.7511828798248650e-01	   7.2292121037660395e-01	   5.3915729967246229e-01	   5.3371898756999347e-01	   4.3764941911066080e-01	   9.6122745216707350e-01	   1.0018494920906462e+00	   6.9493801586050619e-01	   6.9012041266567270e-01	   9.8266721660300804e-01	   8.2409483571069098e-01	   5.2173144870883081e-01	   2.8342165703478522e-01	   4.2353872905061557e-01	   4.1415735090992822e-01	   5.3722140115669292e-01	   4.7651636859755941e-01	   6.7069091629364919e-01	   5.6523184957098316e-01	   1.6239159575724790e-01	   2.2587767159123184e-01	   3.5439006474529827e-01	   3.7028929441056402e-01	   3.9228786065116689e-01	   1.6976442511433171e-01	   5.0585825072655477e-01	   4.7099074863702545e-01	   3.3798750601769839e-01	   2.9364889075785483e-01	   5.2260747662244222e-01	   6.3021679137065389e-01	   5.5352926230562505e-01	   5.2864106789727905e-01	   5.9193129190310789e-01	   5.5470960060048080e-01	   4.8432395103957743e-01	   6.5323648173756499e-01	   5.6722866349137624e-01	   6.0243037132859401e-01	   4.3088187172745901e-01	   3.3245090667240074e-01	   6.8564312737648714e-01	   6.0739836637664735e-01	   4.4425817752397501e-01	   5.7161085302607217e-01	   3.0063435365678087e-01	   3.4638716392812657e-01	   6.7870006279872364e-01	   5.9307718394469000e-01	   8.7932378528754085e-01	   7.8071437945645494e-01	   2.5553285490528821e-01	   3.0270404100231607e-01	   2.9449766023751833e-01	   8.4520023789519338e-02	   3.8637930994891934e-01	   3.8982182067434562e-01	   2.9890419004501351e-01	   5.1104947727218986e-01	   3.8629941277194979e-01	   3.7765046753655473e-01	   4.7008791814723860e-01	   3.4739882573919484e-01	   6.4201736272731535e-01	   6.1688843610035360e-01	   7.3195586514510658e-01	   2.7184868823857394e-01	   5.8125555090551084e-01	   4.1484476619827587e-01	   3.7848423221456079e-01	   3.1408314815931981e-01	   7.7952506731449167e-01	   7.0960508075398454e-01	   7.0165550156639334e-01	   5.8525542505709427e-01	   5.8732710250345566e-01	   5.6425588798792115e-01	   3.4497707474892177e-02	  -6.9716054533095614e-03	   1.5132464316368721e-01	   1.7898950275978409e-01	   4.3340894490579696e-01	   2.7737506386511912e-01	   5.5007441422941372e-01	   4.2167042309872588e-01	   3.3221839826925625e-01	   1.5658175051535669e-01	   7.8870077707656111e-02	   1.3499597918957912e-01	   2.4496120518454967e-01	   1.3524539558215948e-01	   1.1014753438634534e-02	   2.1811196337960508e-02	   2.6416452489175596e-01	   2.3083950979778578e-01	   4.2272389467426202e-01	   1.9759307972963705e-01	   1.7203915503939687e-01	  -8.0416492005613627e-02	
   4.5914266102984774e-01	   1.9475778086156154e-01	   7.0671742478805710e-01	   6.6219911451760360e-01	   1.1496295422564689e+00	   0.0000000000000000e+00	   7.1195982737058094e-01	   7.5650702011288296e-01	   8.5875969201830027e-01	   1.1286529449122811e+00	   4.8511118226122402e-01	   5.0687525222638341e-01	   6.2788312707215355e-01	   5.6214228648337894e-01	   5.5579343748823151e-01	   5.7789288987248477e-01	   2.2794732277698554e-01	   1.7067575934101931e-01	   6.0500965809939000e-01	   4.5778945505744301e-01	   3.4724835092602901e-01	   3.0877863616401041e-01	   7.2494254825923043e-01	   7.7233949271850921e-01	   4.0562305213451677e-01	   5.5875830463746978e-01	   6.6454165179355662e-01	   9.5070538866057808e-01	   3.5373528244131353e-01	   1.7416805453664427e-01	   2.5815648488069726e-01	   3.0555586330529422e-01	   3.8849430234779675e-01	   3.4770400761794368e-01	   4.9468450524976648e-01	   5.0122423701858376e-01	   3.5196021083545104e-03	   1.1474816468686586e-01	   2.9227975761379821e-01	   3.2478206818085270e-01	   1.8160126083939571e-01	  -6.0862235443860206e-03	   4.8950051102637993e-01	   4.2521480162426672e-01	   3.1882535194786887e-01	   2.7123797578327963e-01	   4.7784119140899040e-01	   5.9459602436779013e-01	   4.6797149447875785e-01	   3.9507455657159185e-01	   4.2120198274159254e-01	   3.7036601761056381e-01	   2.9735046647038577e-01	   4.4771979813109197e-01	   4.8948742985676241e-01	   4.8378807690324477e-01	   2.7629903695580021e-01	   1.1588133507676737e-01	   5.2361512748852534e-01	   4.6754958454258300e-01	   3.5460328110193645e-01	   4.4114536018325451e-01	   1.9194001701466057e-01	   2.2862850835814072e-01	   5.1315872950724550e-01	   4.5696532658201133e-01	   8.0469966522693892e-01	   7.2358559859701288e-01	   2.2391931047943928e-01	   2.7389171212346147e-01	   4.3993005725137237e-02	  -5.2337873052258725e-02	   1.7354445030113183e-01	   2.0746007370714173e-01	   2.0823043182214052e-01	   3.2444938021296810e-01	   3.0414020538612069e-01	   2.4032514120796550e-01	   3.5566604682496139e-01	   2.6066075460581906e-01	   5.2945811306030643e-01	   4.7397076670473198e-01	   5.1756398097045186e-01	   2.6661014019091228e-01	   4.3165796351485120e-01	   2.6530437759771419e-01	   2.3006845997844955e-01	   1.9458027964730007e-01	   6.2932462695504532e-01	   5.8227095196145173e-01	   7.6963079389934674e-01	   8.1730094266146125e-01	   7.6551010018530097e-01	   7.0508675571063262e-01	   1.7810507176295007e-01	   1.8913343989344980e-01	   2.6982614980461050e-01	   2.9188129056090778e-01	   5.0539834421313534e-01	   3.9941293921247029e-01	   6.4245997246292363e-01	   4.9989633920537180e-01	   4.0860888024536246e-01	   3.1853148084867894e-01	   2.6621631385398881e-01	   2.9582811363161682e-01	   4.3986194634924825e-01	   2.1538551936319072e-01	   3.4861022734181832e-02	   1.7654461255161844e-01	   4.2155295396100284e-01	   4.9018425444902258e-01	   6.1319670360361089e-01	   3.2392558444631331e-01	   3.1838267525171293e-01	   7.1741933596727883e-02	
   4.5116588771229760e-01	   2.0802037450327249e-01	   1.1739976226188285e+00	   1.0911868088488936e+00	   9.4019137968369226e-01	   7.1195982737058094e-01	   0.0000000000000000e+00	   1.4014516985465173e+00	   8.2181092001959410e-01	   7.2275815950366251e-01	   7.5644319458371900e-01	   8.2039927041212302e-01	   1.0159444597973240e+00	   6.9531146393519383e-01	   6.1126585592958882e-01	   6.0224281027779802e-01	   4.4315708529332321e-01	   2.7418624208087694e-01	   5.7806849724429088e-01	   3.7487201797309400e-01	   6.0522708970836259e-01	   4.5589087278773388e-01	   7.9697372328310823e-01	   7.9987360210810488e-01	   5.2905559082513198e-01	   5.3541467711288615e-01	   6.4432895537278723e-01	   5.1927468815801348e-01	   7.8886093748771791e-01	   5.6049803663902864e-01	   7.9272266289446502e-01	   7.1704910944928457e-01	   8.6951209169112864e-01	   8.8300882817998205e-01	   6.9767543722069270e-01	   5.5280020968863564e-01	   4.0773128295085981e-01	   3.6798335351685679e-01	   4.7402617553184578e-01	   5.2036100518857198e-01	   6.6339242897050477e-01	   3.0630785991311205e-01	   2.6896258768206249e-01	   2.3724699612323294e-01	   1.2168996707528770e-01	   4.6667851839463814e-02	   3.8873290212156808e-01	   4.3465748307826008e-01	   6.8073171369579588e-01	   4.1828216874898561e-01	   9.0184728376344392e-01	   9.1686334339881803e-01	   7.9304682609699784e-01	   7.1528065910440752e-01	   7.5096873369522821e-01	   7.5853374831357745e-01	   1.4684964177931112e-01	   2.1552132222719253e-01	   9.9407381249907645e-01	   9.5656618154532314e-01	   7.2371766209680644e-01	   8.6227639640166109e-01	   7.0145840748629795e-01	   8.2797237433238546e-01	   6.1619761225838532e-01	   6.1683364210206970e-01	   1.2270916655502926e+00	   9.6128262381709340e-01	   1.8654714098226680e-02	   9.8856651084733793e-02	   2.9061669999707751e-01	   1.0730813992592708e-01	   5.8020376187250167e-01	   6.2056160439426644e-01	   3.0376608602982313e-01	   6.5206137395180219e-01	   3.2139845836368425e-01	   3.6042757663047259e-01	   4.0274126143919603e-01	   3.3316599587087464e-01	   9.1295990682426009e-01	   8.1662250704514139e-01	   6.9555071731945550e-01	   4.3410908653611813e-01	   6.0048557416965564e-01	   5.9348936821101927e-01	   3.3311823286078834e-01	   3.2931609266803807e-01	   9.5724919683145737e-01	   9.9533509477071591e-01	   5.4745880879704634e-01	   4.1608903800421332e-01	   4.0132934147481752e-01	   4.2398896900955707e-01	  -3.0287690274310889e-02	  -3.5502163561799874e-02	   1.5446415635730942e-01	   1.4123362357752980e-01	   4.7849008359814427e-01	   4.1920448705236102e-01	   6.4742297779386149e-01	   5.7667826785106713e-01	   3.9670171120626357e-01	   3.3227804428303598e-01	   4.9067032725537786e-02	   3.6984280260729162e-02	   2.7451595874417573e-01	   1.7269289400874813e-01	   1.7484139795501660e-02	   1.5169135515482900e-02	   2.1298627424987915e-01	   1.8872992788565093e-01	   4.7036917179107862e-01	   1.1255154082740802e-01	   6.1773285364825400e-03	  -1.6563461411121938e-01	
   3.8981677449086743e-01	   1.9556212283989716e-01	   1.0274334895989603e+00	   1.2815221321323305e+00	   9.7855211585360968e-01	   7.5650702011288296e-01	   1.4014516985465173e+00	   0.0000000000000000e+00	   8.3411288628612845e-01	   8.4834076072972586e-01	   7.2522572385471940e-01	   9.5625061041754122e-01	   9.0125969523419047e-01	   9.7463781611123845e-01	   5.6809421485763534e-01	   7.0980384663345897e-01	   2.6499761317186088e-01	   1.9885361110265351e-01	   5.0885952349036845e-01	   4.1551636671866227e-01	   5.1116290123405350e-01	   3.3789031564878536e-01	   8.9627809768466049e-01	   1.0145120584578153e+00	   6.7165816384769850e-01	   7.4127647065678126e-01	   7.4705626170390116e-01	   6.2992753544157554e-01	   5.9159431965014853e-01	   4.1150481000684214e-01	   6.8951797963906092e-01	   7.6710355787102391e-01	   6.8422369168317543e-01	   8.0175049942130761e-01	   8.2406838354689038e-01	   7.4987172039513472e-01	   2.7296330479038206e-01	   3.0839540447786951e-01	   3.7595215670243937e-01	   4.5371743176713064e-01	   4.8903282001633880e-01	   3.3269534996633715e-01	   2.3513139853135906e-01	   2.0785908820330423e-01	   1.6825990679923369e-01	   1.1716187372815928e-01	   3.6126297899519955e-01	   4.3853336884639171e-01	   6.3504253620535811e-01	   4.6066562392001892e-01	   8.4849949074253828e-01	   7.9169034382018455e-01	   6.2938773862418163e-01	   6.5131585581222673e-01	   7.3642178251795365e-01	   6.9420459067649998e-01	   1.1738413486269274e-01	   1.6811826488184722e-01	   8.8434715982475387e-01	   9.1388206040206033e-01	   5.9460192757168495e-01	   8.9938424422634489e-01	   5.0822735135357922e-01	   7.1725759749291207e-01	   7.8550622605709519e-01	   9.0748496844939786e-01	   1.2160853508041103e+00	   1.0893800875230009e+00	   2.3789741549130581e-02	   1.4240516075562842e-01	   1.9771265721377992e-01	   4.2866244615629490e-02	   5.0659070193724864e-01	   5.1766162273755056e-01	   2.3130800109559632e-01	   5.1790712500454017e-01	   1.9251027894360417e-01	   2.7062544079851858e-01	   2.3878779443928252e-01	   2.3100480860372680e-01	   6.7910169709218882e-01	   8.0924774124993837e-01	   6.4342250662119860e-01	   3.7622476316290165e-01	   6.9581899474933040e-01	   7.2370653327467249e-01	   3.3339828836772467e-01	   2.9304617053971693e-01	   9.0591446204761239e-01	   8.7792953951286912e-01	   6.4416541174992337e-01	   4.9832723808768864e-01	   5.4306357695320540e-01	   4.2173792455032338e-01	  -2.1661859545370331e-02	  -4.4739274914261620e-02	   1.0604587781213078e-01	   1.4712822759715377e-01	   4.2484806862505659e-01	   3.2706603724847932e-01	   6.9068658667348459e-01	   3.9718276082087201e-01	   3.5142308970321601e-01	   1.7164295205394212e-01	   1.0687712764280163e-01	   7.3235935575808903e-02	   2.8410552738937800e-01	   1.0457993220401839e-01	  -9.4583274494675559e-03	   4.3000190589092642e-03	   2.3883067065320207e-01	   1.3064922105351467e-01	   3.5912106764465218e-01	   4.6248339345278965e-02	   5.4465733322123358e-02	  -1.8933652225975481e-01	
   5.7494247293919476e-01	   3.9921232894387143e-01	   7.7696665914437502e-01	   7.2716182712092825e-01	   1.5417466387022822e+00	   8.5875969201830027e-01	   8.2181092001959410e-01	   8.3411288628612845e-01	   0.0000000000000000e+00	   1.0652973319212606e+00	   6.3500967349336723e-01	   6.0750177846028675e-01	   8.1990040581406931e-01	   7.1871805574057179e-01	   1.0297831061958205e+00	   7.8939961129548264e-01	   3.0516098217293325e-01	   1.6290783409838697e-01	   5.3062430541776728e-01	   3.8795018609973703e-01	   4.2512883191614054e-01	   3.4383008423823902e-01	   7.4285708891207725e-01	   8.3668861442332254e-01	   5.4334220554124468e-01	   5.1659693845161336e-01	   7.5702076917366645e-01	   5.9830602575426406e-01	   4.1708992599802652e-01	   2.0733878994257893e-01	   2.8123747068563659e-01	   2.9311681807744960e-01	   3.9596636314064737e-01	   3.5237445920630217e-01	   5.6555592009806932e-01	   4.4276862519271953e-01	   1.7334567946100021e-01	   1.9732657950282279e-01	   2.9540038787353634e-01	   3.0092393689050051e-01	   3.7770217910332315e-01	   1.8586642476460802e-01	   3.7753163030862513e-01	   3.6376140403901092e-01	   2.4111747670614619e-01	   2.0335402445746920e-01	   4.1187546720169271e-01	   4.8371799962140932e-01	   4.7725717997243555e-01	   4.5674297779141670e-01	   5.7818613237717897e-01	   5.1924253098895767e-01	   4.9504801001163690e-01	   6.5697359863210703e-01	   4.9126233343041881e-01	   5.5303799404909493e-01	   3.4594308383994038e-01	   2.5466867229112489e-01	   6.0603560674437063e-01	   5.1920781600175081e-01	   4.7086342166229361e-01	   6.0549811415936494e-01	   3.1687858395793811e-01	   3.4063483854134474e-01	   6.7920038954926765e-01	   5.7890286530882684e-01	   6.9766751683472850e-01	   6.0810063591856922e-01	   1.2798441417194148e-01	   1.7199240233430152e-01	   3.1696788756547328e-01	   1.1303133629556038e-01	   3.6866906540933542e-01	   3.4409951707740233e-01	   3.1212219929870860e-01	   5.1511816617801076e-01	   3.5075365277352333e-01	   3.8208064202757458e-01	   4.0344388475691023e-01	   2.5016098694428635e-01	   5.3999506810417075e-01	   5.2686464332164940e-01	   6.3990297184742106e-01	   2.0308740874006789e-01	   5.0775330468999103e-01	   4.4463814469258134e-01	   3.4047138631357970e-01	   3.1445150513031556e-01	   6.8246155861797431e-01	   6.5621544849099489e-01	   5.5458909128400646e-01	   4.2819712890922101e-01	   4.7867656667662906e-01	   4.4728242547384806e-01	  -8.3076871123489340e-02	  -8.3131439525042816e-02	   3.7930329421341495e-02	   5.3299584923209631e-02	   2.9118442961075469e-01	   1.6835607697131336e-01	   4.9103743604765371e-01	   4.0048001126682098e-01	   2.6564721252366219e-01	   1.1075409461017373e-01	  -5.2052023355059485e-02	   2.2329799020248255e-02	   1.4578162837297481e-01	   9.0968742193880764e-02	  -3.5909522034721260e-02	  -5.6481112212656025e-02	   1.1365848808875087e-01	   8.3979452989285081e-02	   3.3414660397722645e-01	   1.5512212077805093e-01	   6.5357284322704171e-02	  -1.5257005240189786e-01	
   4.7148455826656421e-01	   2.4976381923489782e-01	   5.6746116912946054e-01	   5.8224797738357270e-01	   1.2078597694294140e+00	   1.1286529449122811e+00	   7.2275815950366251e-01	   8.4834076072972586e-01	   1.0652973319212606e+00	   0.0000000000000000e+00	   5.1906474310019457e-01	   5.0930283991623959e-01	   7.5078624460972165e-01	   7.4572785992778423e-01	   6.3634268139211514e-01	   7.2781642007770508e-01	   3.2828560287144321e-01	   2.0758602283129926e-01	   5.4632492407179500e-01	   4.6289372527625228e-01	   3.1679669046206083e-01	   1.9359180087228547e-01	   5.3762801108432656e-01	   7.0612959517158658e-01	   4.9741574837183700e-01	   5.8322261334747416e-01	   6.1080296082740548e-01	   6.0819153628689526e-01	   4.0859065964031216e-01	   2.4598905143724389e-01	   2.5229887214962782e-01	   3.1369455899062276e-01	   4.7467016875010226e-01	   4.5145342005047501e-01	   6.5702490930631474e-01	   6.2047408239207424e-01	   6.2182311869491053e-02	   1.6286105015098323e-01	   2.7905594901483133e-01	   2.5813790141710613e-01	   2.3363603966319874e-01	   1.8080736763274548e-02	   5.2398765700733585e-01	   4.9706936170822125e-01	   4.0314620534558027e-01	   3.5745562365650674e-01	   5.5266009437367591e-01	   6.6696429438251725e-01	   5.2464217684417436e-01	   4.4404164013497327e-01	   4.3919545270114957e-01	   4.0533447102307413e-01	   3.5758404944007038e-01	   4.4143542007210601e-01	   4.7645481492190422e-01	   4.4664906408829408e-01	   3.6465930636643812e-01	   1.8592218521539022e-01	   6.3086063982462626e-01	   4.9540635600048133e-01	   4.2036359113230132e-01	   5.1745484101887407e-01	   2.1015944583229604e-01	   2.1722653366028671e-01	   5.0385454865775259e-01	   5.0297587328259319e-01	   8.2141492947784478e-01	   7.4557700566450114e-01	   2.9749895805475990e-01	   3.5845933281026005e-01	   1.9058460249858492e-01	   4.0304235770976853e-02	   3.1264566718390008e-01	   2.9469212365491915e-01	   3.0343399171665403e-01	   4.2948310048811877e-01	   3.9104069772254435e-01	   3.6500439466515866e-01	   4.5412509330393536e-01	   3.3293315909700882e-01	   5.3095161672669289e-01	   4.0405689761163383e-01	   4.5596989087303041e-01	   1.0439546992283559e-01	   3.0385407333972336e-01	   2.3210040801805143e-01	   2.0918846170955652e-01	   1.4077734248283388e-01	   5.3477288708928472e-01	   4.9011089007582331e-01	   6.6311649146077489e-01	   5.2935925317782928e-01	   5.6695233850473370e-01	   4.6870537272160040e-01	   1.5982102968060061e-01	   9.1484743922675429e-02	   2.6932640256557949e-01	   2.6018828494694191e-01	   4.6542075355497220e-01	   3.5879274085312457e-01	   5.2109587265081481e-01	   4.0137044573641967e-01	   4.1609488903081782e-01	   2.2670684750147510e-01	   1.9993492092550286e-01	   2.5052442030991895e-01	   2.8778452410547795e-01	   1.9640092233413348e-01	   3.1428981543798647e-02	   1.3558306539473208e-01	   3.7475272203387505e-01	   3.6303358534126989e-01	   5.5300190093862023e-01	   3.4444996843455639e-01	   2.9657436792233655e-01	  -4.3951480952070292e-02	
   6.5961954423349389e-01	   3.0337493617360650e-01	   7.6285294480028387e-01	   6.9405115825902619e-01	   6.4915071134233837e-01	   4.8511118226122402e-01	   7.5644319458371900e-01	   7.2522572385471940e-01	   6.3500967349336723e-01	   5.1906474310019457e-01	   0.0000000000000000e+00	   1.2192114615727596e+00	   1.3229001373302742e+00	   1.0082350993909104e+00	   7.3069324217051657e-01	   7.7130405941920466e-01	   4.5532601812340079e-01	   3.5936046746451533e-01	   4.5189237990620207e-01	   2.1517686848170453e-01	   3.8127526464912032e-01	   2.5876442017274193e-01	   6.9092506473009374e-01	   6.5398916511749783e-01	   5.0050884790039596e-01	   3.9395244970614868e-01	   6.4417176136917842e-01	   4.1602632630108172e-01	   6.0508722723538533e-01	   4.0064364744192815e-01	   4.1744123553308160e-01	   3.8626890451394341e-01	   3.8331010525495313e-01	   3.7220697933739455e-01	   4.5729224079816361e-01	   3.7739940280963169e-01	   3.3523490497406638e-01	   3.9389199615038301e-01	   4.1625246625539386e-01	   3.9578855640819488e-01	   4.3752529601367235e-01	   3.2026794543487452e-01	   1.0871410590066780e-01	   1.0940437479773694e-01	   6.7807514254387830e-02	   5.0219801174889861e-02	   2.3688015979049704e-01	   2.5441545188672232e-01	   4.7593429985044522e-01	   4.0781121364630835e-01	   7.8159461666474073e-01	   7.0029908874886515e-01	   7.6634685930365665e-01	   8.2551640133339155e-01	   7.1827856156677949e-01	   6.6492946523369223e-01	   3.3031980262302169e-01	   3.0551406816342452e-01	   6.9668333880057298e-01	   6.5299407921161801e-01	   7.8629153418191378e-01	   7.6122414243928627e-01	   7.1456594584540989e-01	   7.8003030221733283e-01	   6.5983779196126213e-01	   6.6524932163233774e-01	   4.9416080730316203e-01	   3.8300278553358508e-01	  -6.5750953219938818e-02	  -5.5271664692394702e-02	   1.9019906420473615e-01	   1.6288842058679176e-01	   4.7978806753519931e-01	   4.9392520214805186e-01	   2.6117642335029162e-01	   3.5362067978653444e-01	   1.8544244750967820e-01	   2.3237453890840021e-01	   2.1469446185676988e-01	   2.3962506489680663e-01	   4.2260635145273462e-01	   5.1889406789777182e-01	   6.7911455873539828e-01	   4.2141529827309143e-01	   7.6355524151395715e-01	   6.7730415170737102e-01	   5.0416182230063267e-01	   4.4710073868642208e-01	   7.9368230833546549e-01	   8.1652550074046970e-01	   4.8128943515136469e-01	   2.1854733907736493e-01	   2.8694400419296606e-01	   3.5790095440330050e-01	  -8.5203407541041568e-02	  -6.1823707473145098e-02	   1.4896397493371378e-03	   1.2253152218331514e-01	   3.5112913159059667e-01	   3.7551313651326845e-01	   4.6573264084073007e-01	   4.0922985313364657e-01	   3.2648295470441085e-01	   2.5049379929240917e-01	  -7.4169029761878530e-02	  -8.4519593326551803e-02	   1.1560271171728510e-01	   7.0718345034797098e-02	   3.6288398085807555e-02	  -7.1614645352466560e-02	   3.1025712784513073e-02	   1.0595882675399429e-01	   4.2065385556621565e-01	   6.5537005890478339e-02	  -1.0876608930862297e-01	  -2.0904098811923524e-01	
   5.4802695052714090e-01	   3.4063238612205193e-01	   8.3826944486121835e-01	   9.6288977632129180e-01	   6.5899252170807132e-01	   5.0687525222638341e-01	   8.2039927041212302e-01	   9.5625061041754122e-01	   6.0750177846028675e-01	   5.0930283991623959e-01	   1.2192114615727596e+00	   0.0000000000000000e+00	   9.4411971220296009e-01	   1.1601801993959360e+00	   6.2846180919253891e-01	   8.3314833598063531e-01	   4.4578607783970903e-01	   4.2233442870498161e-01	   5.0316923816130976e-01	   3.1845282504303496e-01	   4.5908780296041629e-01	   3.7201700169221991e-01	   7.3775379064603330e-01	   7.6557102935765253e-01	   5.6823001362454706e-01	   5.5729061944573943e-01	   6.4319784314813944e-01	   5.1280782177818751e-01	   6.6404549879594665e-01	   5.4130913986879581e-01	   5.9111186319134257e-01	   6.4548475340075151e-01	   4.8206393412406778e-01	   5.3614963906516500e-01	   5.2474409415550083e-01	   4.9018144836397992e-01	   3.5509039735456527e-01	   4.1412947342978701e-01	   4.0900503803727040e-01	   4.8033188195333498e-01	   4.5411589977943634e-01	   3.5544473845024799e-01	   8.4940657899593999e-02	   8.4656316063686524e-02	   1.0173710206770636e-01	   6.4182194517566071e-02	   2.4616407974779869e-01	   2.7645675074524867e-01	   5.5981359543505471e-01	   4.3160588917168835e-01	   8.8352322385243265e-01	   7.7203158158772311e-01	   8.4803400728770939e-01	   7.2904679450404819e-01	   8.0035988996630414e-01	   7.3475818133942650e-01	   2.6624150156644782e-01	   3.3328930157190934e-01	   8.3789496400385832e-01	   8.9304071696934040e-01	   7.4967154291587712e-01	   9.7950061114264320e-01	   7.8203249211927273e-01	   9.6450323851519393e-01	   6.9269580445551471e-01	   8.0231945939641569e-01	   6.2443043550755084e-01	   5.4996154934572905e-01	  -2.9479984833723383e-02	   2.5962704339180784e-02	   2.5368101892387357e-01	   1.5322357417351756e-01	   4.9647179970339989e-01	   5.9838358830050942e-01	   2.7201519024044968e-01	   4.2674169606062923e-01	   1.3532701262142460e-01	   2.4018078402712534e-01	   2.4045796038188455e-01	   2.8092115323461120e-01	   5.4927327677502602e-01	   7.3543623371505928e-01	   7.1811615316016486e-01	   5.1470593132893194e-01	   7.9481357137814468e-01	   8.6443402002106118e-01	   4.1930926396052293e-01	   3.4749744624788043e-01	   8.5216133884352652e-01	   9.8047289866414067e-01	   4.2348989504412077e-01	   2.5442359816729176e-01	   2.5905704357301806e-01	   3.5035526747193990e-01	  -1.5939575032474659e-02	   9.5741126321885646e-03	   8.8386205930277545e-02	   2.0998680258189578e-01	   4.2335048438983869e-01	   3.9579065315464257e-01	   4.8907202827388768e-01	   3.8368905832566480e-01	   3.8374222947502956e-01	   2.3939832929334212e-01	  -4.5669171805539782e-02	  -8.2118528462014187e-02	   2.1072512532918805e-01	   1.5096838830583331e-01	   3.5892737434001107e-02	   8.2320549584338869e-03	   1.4784681031505104e-01	   1.1687279778307301e-01	   3.3428086412871061e-01	   6.8444501701201504e-02	  -1.4967055119822684e-01	  -2.4731699996104148e-01	
   5.9105830810583937e-01	   2.9617009796784155e-01	   7.4571518506854517e-01	   6.3927510036111146e-01	   8.6892688320297684e-01	   6.2788312707215355e-01	   1.0159444597973240e+00	   9.0125969523419047e-01	   8.1990040581406931e-01	   7.5078624460972165e-01	   1.3229001373302742e+00	   9.4411971220296009e-01	   0.0000000000000000e+00	   9.5919830514202942e-01	   8.4861705729544812e-01	   7.9708578711197919e-01	   5.1444404650983178e-01	   3.5818052259955169e-01	   4.2454290543662343e-01	   2.3947875454684220e-01	   3.9831393744828358e-01	   3.0081965524142673e-01	   6.1813538542457591e-01	   6.1649924224840236e-01	   5.2756511596086197e-01	   4.4405377616881031e-01	   7.3298163293667917e-01	   4.8033406351966035e-01	   7.3947173817545442e-01	   4.7081887488694002e-01	   3.9939423600122120e-01	   3.5262966719332434e-01	   4.8196300389160451e-01	   4.6597673382611093e-01	   5.6347683027247686e-01	   4.3148780500796585e-01	   3.9897656839704021e-01	   4.0436773060937492e-01	   4.8209772706647924e-01	   3.9890088680071112e-01	   4.9554922553628333e-01	   2.4809886110911261e-01	   1.9824896119464763e-01	   2.0057690247556395e-01	   7.1570461133256172e-02	   3.9315045810955955e-02	   3.1841019255844644e-01	   3.3312800049795765e-01	   5.3045768099400481e-01	   3.6511575114596112e-01	   7.5416475747938561e-01	   7.2768252875339767e-01	   7.8257528603904136e-01	   6.9971409529575312e-01	   6.8781600337743753e-01	   6.3700704579921552e-01	   3.5299529829874371e-01	   3.5420588349371818e-01	   8.2997427795030565e-01	   7.0838845454806365e-01	   9.5798621812057738e-01	   8.6859102365105334e-01	   6.9715244503528584e-01	   7.3253907292513731e-01	   5.6837827924726225e-01	   6.2932225682711629e-01	   6.4657504531033294e-01	   4.9923570406770257e-01	  -3.0637966943958712e-02	   1.5430887896482065e-02	   2.7112034590659445e-01	   2.0599795948845306e-01	   5.4218030617248614e-01	   5.3905330983037059e-01	   3.1040989903461436e-01	   4.7611233281253440e-01	   2.4580022699689857e-01	   2.9735587700670169e-01	   3.4825119169757945e-01	   3.5222230141558092e-01	   5.6747329103874689e-01	   5.7282283546313817e-01	   6.9126842733264349e-01	   4.2462201818827899e-01	   5.9668224344410581e-01	   5.3755664758446198e-01	   4.2441905203031033e-01	   4.0450829289568990e-01	   8.9614890724935325e-01	   8.0500382085321054e-01	   4.5550894383324608e-01	   2.2766623165715488e-01	   3.0154845720976320e-01	   3.6228294274629175e-01	  -1.0569544509561382e-01	  -1.2246164358603684e-01	  -5.5048042310840662e-03	   6.8285997700957307e-02	   3.8167578715786427e-01	   3.7318738443615401e-01	   5.1119167733274951e-01	   4.4148971813909299e-01	   3.2095296084634245e-01	   2.7670272144433816e-01	  -6.0143264916069507e-02	  -4.2786378154407452e-02	   1.2848143829683828e-01	   1.2389552177174759e-01	  -6.4337099924403909e-02	  -1.2430828718841712e-01	   3.2154673266266767e-02	   1.1684568413951615e-01	   3.7423531903073892e-01	   3.1310367487742873e-02	  -7.7205092457541702e-02	  -2.4180292835661260e-01	
