   0.0000000000000000e+00	   1.4956102888393756e+00	   5.8204130042438046e-02	   2.0858237336183907e-01	   8.9960020857333331e-02	   4.9978800041457723e-02	   1.5950929030296981e-01	   1.3289128248744392e-01	   2.2161982727556883e-02	   4.8400931845813261e-02	   6.8317100911765960e-01	   1.4331819787071701e-01	   3.4311284708067974e-01	   1.9939062036816030e-01	   4.2824892965673739e-02	   3.6842987917153257e-02	   6.5290568138937255e-01	   7.7053411182137121e-01	   5.8856999866853443e-01	   6.0634217708854088e-01	   1.6688318134362495e-01	   9.7319768539218032e-02	  -4.2276801148945484e-02	  -3.8438528698347026e-02	   2.7364320302027730e-02	   2.1532270019353705e-02	   2.4074031964889307e-02	   1.6579871341660626e-02	   2.2098046784992187e-01	   2.3846862446053346e-01	  -1.3963981541833895e-01	  -1.0818495609035544e-01	   2.6491110467919959e-01	   3.7216500963187099e-01	   3.4411449403863731e-02	  -4.7801459125388752e-02	   2.7964434025091472e-01	   3.5631976838121698e-01	   5.6061959649165383e-01	   6.0873963561812894e-01	   7.0327564535963574e-02	   2.6167364692929257e-01	   5.6073045815074635e-02	   2.6759222079576997e-02	  -4.0360852679358822e-02	   7.0656198670150758e-02	   2.3858741816501705e-01	   2.3559633934480440e-01	  -5.1134453961853149e-02	   1.9027240698842651e-02	   2.3830502772844003e-01	   8.1635445412766849e-02	   3.3978059435468499e-01	   2.7248408216736597e-01	   4.2440843143532159e-01	   3.3266211227325360e-01	   1.4168598479493368e+00	   1.2877308568754540e+00	   4.8747363643185770e-01	   2.5581315937474647e-01	   7.9715741740946000e-01	   3.7023513568139677e-01	   2.9068420276335666e-01	   2.3811579850100420e-01	   2.7767236268185869e-01	   3.0061095334670840e-01	   3.3834939643867529e-01	   2.5258246401344581e-01	   8.8135122363328788e-01	   6.4946416736639423e-01	  -1.1192192447328683e-01	  -1.5995533773142800e-01	   3.2067836298428271e-02	   1.3649564132370813e-03	  -6.8752075781287975e-02	  -4.0310706073492235e-02	   4.2388799631342525e-02	  -1.3309927644575945e-01	   4.1692988752187099e-01	   4.6062902164754138e-01	   3.0150780622567513e-01	   5.9048850241315010e-01	   7.1036702812971489e-02	   3.6468836463631821e-01	   2.2179319084071192e-01	   2.6520264627160095e-01	   2.2674742783843652e-01	   2.9035646624563904e-01	   4.0655943651910581e-01	   2.2306869333558935e-01	  -2.3151419068294560e-02	  -1.4304886171914208e-01	  -1.2198945330779960e-01	   3.5122367779967609e-03	   2.0288898857133533e-01	   1.8712195043652510e-01	   3.6637012333386709e-01	   3.7048855938952435e-01	   1.9629707887538458e-01	   1.7884449446337541e-01	   1.7136025475203531e-01	   2.9191158717280019e-01	   5.0804971527333675e-01	   4.9201471841861277e-01	   2.4868725696236604e-01	   1.7716702024593833e-01	   1.9338518157454065e-01	   9.8333878596412169e-02	   1.3762160342267629e-01	   2.1720126298528958e-01	   5.9755643304952588e-02	   2.6646309350125702e-01	   1.4352053434378167e-01	   2.3732927019122266e-01	   9.7454021266343574e-02	  -3.5569018131326957e-02	
   1.4956102888393756e+00	   0.0000000000000000e+00	   1.1754001692405352e-02	   1.5942706807830770e-01	   1.5724466310232492e-02	  -4.0143905367255678e-02	   5.1249242798330756e-02	   3.6444831524297824e-02	  -1.0752030560760785e-01	  -1.0342718922181968e-01	   4.9147910012297336e-01	   3.6550233733174953e-02	   9.6279535483538167e-02	   3.8592492712927987e-02	  -6.4125263054011616e-02	  -6.5180647411055670e-02	   5.6900584229373574e-01	   8.3543410863137391e-01	   4.7933022742806636e-01	   5.8397280432825993e-01	   1.6879193396967823e-01	   5.8093136152565408e-02	  -8.4230282957865971e-02	  -5.6889103838641125e-02	   2.3567249897494369e-02	  -2.5391165079226953e-03	  -7.6290702592197012e-03	  -3.8733128866545903e-02	   1.2320938527791406e-01	   1.5385976368020529e-01	  -2.0738953026050205e-01	  -1.6935833282994062e-01	   1.8576672140347800e-01	   2.8274678822526600e-01	  -3.1677004679658845e-02	  -1.0753997033194237e-01	   3.1955937696462317e-01	   3.3972663440305040e-01	   5.0393824951429411e-01	   5.2114577562314679e-01	   3.7255447769134184e-02	   2.6765146177641758e-01	  -2.7263752667675299e-02	  -8.8413808150690221e-02	  -1.3984431621411525e-01	  -1.6934261413163343e-02	   1.4882973634763969e-01	   1.2056686898228781e-01	  -1.0058029740597206e-01	  -5.6510355474717049e-02	   1.7759093399088727e-01	   2.9152058118659376e-02	   2.9007257460694169e-01	   2.1141812097797744e-01	   3.4740757359752905e-01	   2.1565092956998261e-01	   1.4432713524394101e+00	   1.4434634937347797e+00	   4.3918661296276745e-01	   2.6866037491937778e-01	   5.7048562239081357e-01	   2.3465833636649874e-01	   1.6432173794850058e-01	   1.5156437067457376e-01	   1.6562468856957738e-01	   2.2907398440190208e-01	   2.5947764356575276e-01	   1.7570559327405399e-01	   9.3321758389189147e-01	   7.0780824873557668e-01	  -1.3225000760550637e-01	  -1.6140037245173153e-01	  -4.2667127167103800e-03	  -1.1510846760021788e-02	  -1.2367061090985841e-01	  -7.7149641543788741e-02	  -1.1729221450556823e-01	  -2.2671048902204999e-01	   4.6087867958587830e-01	   4.7261540936898339e-01	   3.0528869617029764e-01	   5.9312131075385044e-01	   3.9726902983140897e-02	   3.4694401268337627e-01	   1.4633228065895151e-01	   2.1238711261054044e-01	   2.6180317445754897e-01	   3.2063557097159812e-01	   3.2282873380843818e-01	   1.4153948796406424e-01	  -5.1017559361978798e-02	  -1.9627573413635191e-01	  -1.4439372137825821e-01	  -3.5461428597208598e-02	   2.2989418656476548e-01	   2.4910318462556624e-01	   3.0108049116820279e-01	   2.3579500712785612e-01	   1.4012027657318876e-01	   8.6349890156888501e-02	   8.2087147027060423e-02	   2.1723512770322115e-01	   4.3119134207233989e-01	   4.6270488886642991e-01	   2.2250109889466174e-01	   1.5748761545241236e-01	   1.5824470826490822e-01	   1.0813172010485370e-01	   1.6595397046926830e-01	   1.7424908889257212e-01	   5.2215978155477280e-03	   1.8468513088231950e-01	   8.5948308142398372e-02	   1.6899935488065851e-01	  -1.1012459347475181e-02	  -3.6721403314599520e-02	
   5.8204130042438046e-02	   1.1754001692405352e-02	   0.0000000000000000e+00	   8.9556896734689451e-01	   8.7981040283199818e-01	   7.1367524571493135e-01	   1.2440533213644929e+00	   7.8432631694385857e-01	   8.5459350029588421e-01	   7.1163605468395297e-01	   3.3922068873519806e-01	   6.0145219250886039e-01	   4.9225232642020855e-01	   5.8524479498991511e-01	   8.6832323647559462e-01	   8.1630807395579064e-01	   1.7130710992933663e-02	   1.3623659562457344e-01	   6.8900248424488009e-01	   4.5250834338231677e-01	   6.8193251302838154e-01	   5.9711805610478963e-01	   1.2273401014970120e+00	   9.9818384956687978e-01	   9.4701705084337129e-01	   8.4495364722385236e-01	   6.9272144580409734e-01	   6.6641579243452331e-01	   5.2529314761973689e-01	   4.7499804217550246e-01	   1.0763964471306744e+00	   9.0827323158835338e-01	   8.7453206622010959e-01	   7.8260081033522710e-01	   8.3581071745064106e-01	   6.7994792239922308e-01	   5.3077082467976600e-01	   3.0565426270134399e-01	   3.5438563601150430e-01	   3.9598046184184871e-01	   4.4006286782120968e-01	   3.8432768414549234e-01	   8.7437513895653074e-01	   7.2257269186456730e-01	   4.1033701218951524e-01	   4.1157784899997041e-01	   8.0898283573669849e-01	   8.9178412638193449e-01	   6.7507278663414183e-01	   5.3556637394604401e-01	   7.5277385473241387e-01	   6.5782556877948817e-01	   6.1955156419632851e-01	   5.7637782186660635e-01	   6.3433970414979968e-01	   5.8061969364338162e-01	  -5.6821714954315428e-02	  -3.7926919488169258e-02	   1.8839218203594496e-01	   2.6997600535009614e-01	   1.3891462038140726e-01	   3.4856435794588786e-01	   3.4693647037566855e-01	   4.5442915604557044e-01	   7.1608580840350378e-01	   5.3829764335417452e-01	   6.1419435112361342e-01	   5.9737463583237527e-01	   1.6533043430755781e-01	   2.3812209348352215e-01	   6.2106049680627862e-01	   6.0950856709825607e-01	   4.3162912135360731e-01	   4.5581458088966148e-01	   3.2961254846092092e-01	   3.2665870172038286e-01	   4.2408005060069387e-01	   4.0723480977391657e-01	   1.5144513173276677e-01	   2.9895011254247983e-01	   5.1255628139964093e-01	   4.4568081925154385e-01	   8.2631967453556787e-01	   5.9445313557728574e-01	   1.0010667594223353e+00	   8.0724508669733397e-01	   7.0440975260253902e-01	   6.7806245858964742e-01	   1.0062770866059709e+00	   7.1429870613817892e-01	   5.7387153091569143e-01	   6.6207151102978978e-01	   6.3777639843740985e-01	   8.2687508513421182e-01	  -1.0726100780446787e-01	  -7.4297782550169764e-02	   3.4245685578634610e-01	   4.8450508505729112e-01	   6.9224988868629911e-01	   6.7192825349399488e-01	   7.0909053207983963e-01	   3.5719242146535085e-01	   4.9511623987122511e-01	   3.6725409040641321e-01	   3.0965972592202295e-01	   3.8684444181540178e-01	   2.6425383070927855e-01	   1.4245096168142485e-01	  -2.9554121903816999e-01	   7.7919554955102888e-02	   3.6888365473145840e-01	   4.1058292215431774e-01	   3.5157823122235476e-01	   1.6190597295299558e-01	   2.8494862526028159e-01	  -1.9140271537903211e-01	
   2.0858237336183907e-01	   1.5942706807830770e-01	   8.9556896734689451e-01	   0.0000000000000000e+00	   7.9957884016871361e-01	   1.0820985282249189e+00	   1.0512663325820071e+00	   1.3125532155334683e+00	   7.6788968349362774e-01	   9.8300944688758318e-01	   3.1352225044499393e-01	   7.1352736036000486e-01	   3.5303668066529975e-01	   7.1219444709093271e-01	   7.6800190605830732e-01	   8.2856698832034636e-01	   1.9710392683062222e-01	   3.5787569213754744e-01	   4.8625141563086660e-01	   4.6556495952142912e-01	   8.8744896633570913e-01	   8.0466543274328339e-01	   7.6794476985524207e-01	   1.0292438372161443e+00	   9.7484887824929389e-01	   1.2242516108685948e+00	   7.7851009415464645e-01	   8.3150674924745527e-01	   5.9684220892213780e-01	   6.2197994989410565e-01	   9.7004010849024236e-01	   1.1631734575449411e+00	   1.1093050559544253e+00	   1.2183694694271132e+00	   8.5019313903492066e-01	   9.3565366629524527e-01	   5.2282148727881561e-01	   3.4810734115637848e-01	   4.6372370993713746e-01	   6.5415890197534465e-01	   4.6626570349853569e-01	   5.2107547590360270e-01	   8.5840119048740604e-01	   7.4948089979637644e-01	   3.1323083743011793e-01	   3.6665707632126632e-01	   7.3090995997500430e-01	   8.6655313896034758e-01	   3.9561803975674636e-01	   3.3799957192953350e-01	   6.6315442580838879e-01	   4.9853307314339518e-01	   4.9517219782936417e-01	   4.3036002045371763e-01	   4.8001625630066636e-01	   4.8775132857477083e-01	   7.9304563889381258e-02	   6.9757387916426924e-02	   1.8932151332295102e-01	   3.3060165793416624e-01	   2.6152078170403542e-01	   7.1985641475181061e-01	   4.1899282266528332e-01	   5.7014175471785677e-01	   7.6772846053846922e-01	   1.1200825207180065e+00	   8.1400373961973760e-01	   1.0827913080936749e+00	   1.7752933047857866e-01	   2.5942477552332421e-01	   4.1842814869525924e-01	   5.4106777384051830e-01	   4.0408410524065913e-01	   4.6670405735541032e-01	   3.0622777068498280e-01	   2.3242834072833080e-01	   5.8296926138245309e-01	   6.2956297510684645e-01	   4.1394165346069467e-01	   5.7930759835361978e-01	   7.3173929501885548e-01	   6.8254100761049874e-01	   7.2248638186866154e-01	   5.7335304219275351e-01	   9.3466495227880930e-01	   1.0594050898570788e+00	   4.9003526647631152e-01	   8.0948897185302893e-01	   9.7873967339281998e-01	   7.6406158590756301e-01	   5.0241547627635097e-01	   4.3029979634043175e-01	   6.4789124793049813e-01	   5.2635811199686366e-01	   1.7751641576840917e-02	  -8.2779573709175248e-03	   3.2161996956555966e-01	   4.8005960274111009e-01	   6.0088612123461727e-01	   5.3062057667487827e-01	   8.6147923019157702e-01	   3.0013742229654417e-01	   5.8535876916647278e-01	   3.3626515503643639e-01	   4.1326580194104234e-01	   3.9289638964453705e-01	   3.2831697144868061e-01	   2.6801727001261128e-01	  -1.4395407207365912e-01	   1.0698252617583683e-01	   3.0363319381250614e-01	   3.6030720662480448e-01	   4.4664519822651982e-01	   2.2767207112647719e-01	   2.9986183182192583e-01	  -2.1829639603494064e-01	
   8.9960020857333331e-02	   1.5724466310232492e-02	   8.7981040283199818e-01	   7.9957884016871361e-01	   0.0000000000000000e+00	   1.1466756287953404e+00	   8.1028366416561426e-01	   6.7765383621754538e-01	   1.1766556720089159e+00	   9.1711889814739889e-01	   1.6651871034655163e-01	   3.3381278319102253e-01	   3.4721511991611481e-01	   4.8947693465044873e-01	   8.2752118719615941e-01	   7.1649805307235437e-01	  -8.3488107053638575e-03	   4.9221888278962039e-02	   3.6451772387989984e-01	   2.4582688716654488e-01	   8.0474121060951598e-01	   8.2680558961571926e-01	   8.0683102967579290e-01	   7.0341899872307989e-01	   1.1173390326780157e+00	   1.0751201334533804e+00	   1.0268882120460354e+00	   1.1230476945638825e+00	   3.5120019638810124e-01	   2.7485666807352110e-01	   7.8688372445993104e-01	   7.6344005279328542e-01	   7.4207514936620222e-01	   6.9939491863107905e-01	   7.5926509776307283e-01	   6.9385392795794998e-01	   7.3747182102258135e-01	   3.8899242229500403e-01	   4.8757296743117479e-01	   4.6374985505346938e-01	   5.7703830721348637e-01	   3.5217967259785532e-01	   8.1431715540816607e-01	   5.7280064333683134e-01	   2.6529284056859226e-01	   1.8845031255484063e-01	   6.6518043096205948e-01	   6.9888152548642279e-01	   4.0857774232250293e-01	   3.2681631692191054e-01	   5.2981590879174745e-01	   4.5672316107927047e-01	   4.7754059419754813e-01	   4.5472754708481244e-01	   3.6040884873365880e-01	   3.2351861052109127e-01	  -5.8883944075651838e-03	  -1.3766153439194559e-02	   1.0720973328643542e-01	   2.1819476188380418e-01	   2.3648359305109265e-01	   5.0221151086383664e-01	   1.8206103636953705e-01	   3.1143681246345956e-01	   8.2390678293811404e-01	   7.7188858566002161e-01	   5.7005078230367456e-01	   5.6898813552591809e-01	   2.4747898024306936e-01	   3.1704966187925782e-01	   5.6113273166188382e-01	   5.2539532300095571e-01	   4.7770065640933113e-01	   3.2169525857837167e-01	   3.2151426055328414e-01	   1.9125359762877775e-01	   5.5756642766806452e-01	   4.2770872560082135e-01	   1.7679019437554644e-01	   2.7851259366591408e-01	   2.8248561979426390e-01	   2.5570876626927608e-01	   5.9361413247742978e-01	   3.9955458906141605e-01	   6.9303941802510960e-01	   5.7054194664968505e-01	   4.6215857830013835e-01	   4.9421256669030550e-01	   7.6026990926138072e-01	   6.2237313039743736e-01	   6.1441600143180941e-01	   6.8204475335932102e-01	   7.2434608278628621e-01	   7.0231355481306423e-01	  -7.5857161515180585e-02	   2.3764971283706599e-02	   2.2658984279329789e-01	   3.3122783805863815e-01	   5.3776012359500824e-01	   5.1106646344724194e-01	   6.4912392541515285e-01	   3.0527849934317342e-01	   3.9045536372313816e-01	   2.5941161125877832e-01	   4.1846018931822226e-01	   3.9662088487492081e-01	   2.8502659775779915e-01	   1.8265379473399670e-01	  -2.0287738159905666e-01	   1.8494671110356553e-01	   3.8785411607463544e-01	   4.3707673680580233e-01	   4.5096965578467990e-01	   2.5822229730701890e-01	   4.9098157973150247e-01	  -2.5253696021889480e-03	
   4.9978800041457723e-02	  -4.0143905367255678e-02	   7.1367524571493135e-01	   1.0820985282249189e+00	   1.1466756287953404e+00	   0.0000000000000000e+00	   8.9361288504148562e-01	   1.0638566214044847e+00	   1.0113356197752370e+00	   1.1749323967050227e+00	   1.8370106713197557e-01	   5.6359404637520938e-01	   4.0890908180562247e-01	   6.8043293458727871e-01	   8.2491075939866221e-01	   8.2020595736417889e-01	   6.2534168861148980e-03	   9.0895315683826056e-02	   2.4720677946383296e-01	   2.2174667789226160e-01	   9.0663676589228614e-01	   9.3508861897715534e-01	   6.5280817888864129e-01	   7.2612279679003766e-01	   8.8531769528501203e-01	   1.0761360914680100e+00	   9.2876045502868765e-01	   1.1141604359746506e+00	   4.8979284560858594e-01	   4.1345567668892980e-01	   8.7408517664385843e-01	   9.6767319628968085e-01	   9.6266072957720317e-01	   9.5381004307843775e-01	   8.2436480650521193e-01	   8.7008520409944290e-01	   5.6249885684521439e-01	   3.1395317191032912e-01	   4.1229611535652544e-01	   5.2687623806485062e-01	   5.8282095240506315e-01	   5.0112206512354895e-01	   8.8456828697578938e-01	   7.3385777283735232e-01	   3.3743405690515510e-01	   3.0448577044448122e-01	   6.8781640050290072e-01	   7.7028385915363473e-01	   4.4461029257553353e-01	   3.5561657996462909e-01	   6.1827212241902485e-01	   4.9949419198973011e-01	   4.6262570899658761e-01	   4.2937827490344238e-01	   3.8681051529659327e-01	   3.5095781791180963e-01	  -3.9658078023611376e-02	  -6.7540970616764853e-02	   1.3288045182622021e-01	   2.9436135195664587e-01	   3.2007463686753018e-01	   8.4014530596621628e-01	   3.5621469276361445e-01	   5.7857002585793427e-01	   8.1258994484631164e-01	   1.0396199705920590e+00	   7.1520997314918777e-01	   8.2030355137515709e-01	   1.1009618789660032e-01	   1.4711524734610160e-01	   5.0710555090858023e-01	   5.5432727192481657e-01	   3.5419152563745360e-01	   3.0512588378789035e-01	   3.6638489668497709e-01	   1.3449117142081013e-01	   6.5001940797668711e-01	   5.8009597820507075e-01	   2.6582670076554138e-01	   3.1604002398496212e-01	   4.3248261146132699e-01	   3.2782096210950729e-01	   6.0593604425759529e-01	   4.1344368443468399e-01	   7.5163041016571064e-01	   6.4741857211250342e-01	   3.3044000573003390e-01	   5.3370941720563903e-01	   8.1100144109814454e-01	   6.9422973491690254e-01	   5.2193194231787965e-01	   5.0016678011537463e-01	   6.2941174271882006e-01	   5.4526011056051404e-01	  -1.9579700109286103e-02	   2.2177082852765654e-02	   2.2825976119728636e-01	   3.2328302869927766e-01	   5.9400142205007134e-01	   4.4362666130841200e-01	   7.6265271408288648e-01	   2.2594538280634013e-01	   4.2271882547701112e-01	   2.7272311944488581e-01	   3.5549781891599735e-01	   3.2869307086159655e-01	   2.4855846284001989e-01	   2.3227823229973188e-01	  -1.9742961276298107e-01	   1.3159157827125226e-01	   2.5620250844565534e-01	   3.2819340899073279e-01	   4.3777312042160599e-01	   2.4486201227489116e-01	   4.3796139882965479e-01	  -1.1731227982081820e-01	
   1.5950929030296981e-01	   5.1249242798330756e-02	   1.2440533213644929e+00	   1.0512663325820071e+00	   8.1028366416561426e-01	   8.9361288504148562e-01	   0.0000000000000000e+00	   1.3024688482778455e+00	   9.2703626819585683e-01	   8.5240431993065024e-01	   3.5250335393398202e-01	   7.1498113406999531e-01	   6.8112691433935846e-01	   8.2740671989709724e-01	   8.3670107619979783e-01	   7.4381729709607070e-01	   1.9729581688476504e-02	   1.4497932940393712e-01	   6.3539570660270228e-01	   5.1026625812839232e-01	   7.0460835375097475e-01	   5.7047078720652322e-01	   7.8928819811076079e-01	   7.3139846141029752e-01	   7.3276647090487246e-01	   7.6196706005424519e-01	   5.9998349486144353e-01	   6.0663992174978054e-01	   5.1300918184334943e-01	   4.7164520812769373e-01	   9.5162463225806559e-01	   8.1463798101180296e-01	   1.1244594422597995e+00	   1.1085390550971570e+00	   7.2864167275344427e-01	   7.1688413845992638e-01	   4.6160151285853057e-01	   2.8777726958637784e-01	   3.7664661104369568e-01	   4.1673202075411331e-01	   5.7375601164075840e-01	   4.7694007747292538e-01	   8.5824870640366235e-01	   7.2643496983004874e-01	   3.9310895565006804e-01	   4.3985489366045971e-01	   7.3775763335342970e-01	   8.7436884712838636e-01	   5.4742139189465566e-01	   4.6567424093359705e-01	   6.9933306741766843e-01	   5.4503712627306289e-01	   5.3829117628606005e-01	   4.8928368068162859e-01	   5.7395868654248550e-01	   5.4403898429081032e-01	  -6.6284667366673152e-03	  -2.9039436260063237e-02	   2.8035747118665488e-01	   2.9317905126490384e-01	   4.0182033022781327e-01	   7.1624110928821605e-01	   5.3861612179337137e-01	   6.1156795709899670e-01	   8.1790899682913898e-01	   7.8746172546803983e-01	   7.9428397287392649e-01	   8.0423651926544271e-01	   1.7777268300945998e-01	   2.2350487438835787e-01	   5.2772191158519166e-01	   5.9055646726228028e-01	   4.8452680941432763e-01	   4.4415993987128316e-01	   4.0493799349409815e-01	   2.9572985643260646e-01	   5.1419840638267011e-01	   5.0525089853877825e-01	   5.0061330243532765e-02	   2.8274053316432957e-01	   4.8351850057425799e-01	   4.7750203432158406e-01	   7.6797276114265467e-01	   5.0726308148104382e-01	   9.1086220238080551e-01	   8.1206367877040719e-01	   5.2322181232527432e-01	   5.2094549960180947e-01	   1.0752983986816276e+00	   7.0181558327720650e-01	   6.1286206265118104e-01	   6.7137185406360456e-01	   6.9973240390197178e-01	   7.3121822200680653e-01	  -6.1538775848356340e-02	   1.7088563575960733e-04	   4.6040763511789540e-01	   5.9343060549253424e-01	   7.0210816097501905e-01	   6.7928664898550994e-01	   8.7257082573362432e-01	   4.7521864704756500e-01	   5.9754617561798795e-01	   4.0997193735856508e-01	   2.8296483912602582e-01	   3.4236190356338203e-01	   4.0537816796963477e-01	   1.8493421579233615e-01	  -2.1632200132617091e-01	   1.7260079662797159e-01	   3.7944213878973876e-01	   4.2998486421468768e-01	   3.7351330829115503e-01	   2.3151547748830734e-01	   3.0991979226742744e-01	  -2.5273578294736920e-01	
   1.3289128248744392e-01	   3.6444831524297824e-02	   7.8432631694385857e-01	   1.3125532155334683e+00	   6.7765383621754538e-01	   1.0638566214044847e+00	   1.3024688482778455e+00	   0.0000000000000000e+00	   7.5369841932031378e-01	   8.9557885694402728e-01	   2.3758608201763054e-01	   7.4032994157192333e-01	   5.1799049957579679e-01	   8.5435259441487688e-01	   7.5995799284721754e-01	   7.1116129539157624e-01	   7.4345720398302742e-02	   2.3707465694070359e-01	   4.2969093180950357e-01	   4.5630141132158653e-01	   7.6798360855706194e-01	   6.3150059974000461e-01	   5.5104891084265817e-01	   6.4153402387659719e-01	   6.7388869463964973e-01	   8.3849995207548300e-01	   5.6872866647321652e-01	   6.1965519059561314e-01	   5.6468421699118565e-01	   5.4581721532370142e-01	   8.9005522843271490e-01	   8.9816940746502794e-01	   1.1532119490425763e+00	   1.3160021761963636e+00	   6.3730675788503588e-01	   7.4190727210510310e-01	   3.5545988623575453e-01	   1.9301963852263379e-01	   3.3886844313488862e-01	   4.0004043759626473e-01	   5.4956497949198468e-01	   4.6259605049290448e-01	   8.0212262413786051e-01	   7.2963695454152411e-01	   3.7298368350125810e-01	   4.4867538536713575e-01	   6.2966298852498448e-01	   7.7212694455686104e-01	   3.8903853645273229e-01	   3.5545226339127833e-01	   5.5901581149371582e-01	   4.1935501878833276e-01	   4.2249688687310261e-01	   3.6228932343332687e-01	   4.2014113765995476e-01	   3.9520747779062615e-01	   3.0473584986340815e-03	  -3.3321499983107836e-02	   2.3391059847596501e-01	   2.9445654072225608e-01	   3.4198645788619136e-01	   8.8523758838467437e-01	   5.2396046065229662e-01	   7.0481880880716785e-01	   6.5171212844201853e-01	   9.4404664068383193e-01	   7.9448318954120301e-01	   9.6060772345109591e-01	   1.1921088829789274e-01	   1.4353417421784781e-01	   4.0110767153544635e-01	   5.2415761916221948e-01	   3.4597944547086584e-01	   3.5762108898756406e-01	   3.4427794053984645e-01	   2.3682328576435069e-01	   4.8997423076318081e-01	   5.2134633908644590e-01	   1.4412795127870626e-01	   3.7698380118545372e-01	   5.8140259391886939e-01	   5.1109615697016675e-01	   7.3573953816907278e-01	   4.6733837545744367e-01	   7.4221562717876821e-01	   7.8099912463807208e-01	   3.7891299482084945e-01	   4.7800984137108316e-01	   8.5096063506889918e-01	   6.3733927134207835e-01	   5.2239032023139376e-01	   5.0088654174950120e-01	   6.5047988692264802e-01	   5.3836840393627061e-01	  -4.1297442286039848e-02	  -7.1297551224990652e-02	   2.9550054664083014e-01	   4.9247104737582226e-01	   6.0107005465634444e-01	   4.8973295456293492e-01	   9.7296172255249336e-01	   3.7692779840720619e-01	   6.2618452380644074e-01	   3.7255058092019550e-01	   1.9701164635413615e-01	   2.2604056225127164e-01	   4.3426325098532492e-01	   3.1433495704166026e-01	  -2.8433109524137201e-01	   1.2415547528419037e-01	   3.1308719105289923e-01	   3.6338325533706778e-01	   3.7514328306007633e-01	   1.5913077298212849e-01	   2.0026395825301707e-01	  -2.9788012605541064e-01	
   2.2161982727556883e-02	  -1.0752030560760785e-01	   8.5459350029588421e-01	   7.6788968349362774e-01	   1.1766556720089159e+00	   1.0113356197752370e+00	   9.2703626819585683e-01	   7.5369841932031378e-01	   0.0000000000000000e+00	   1.0637216558234608e+00	   2.0067354043121738e-01	   3.5610506596816394e-01	   4.9706288639664142e-01	   4.9965210182413372e-01	   7.8847045369274071e-01	   6.4724653313641933e-01	  -1.9367516528881960e-02	  -5.8329813143267774e-02	   3.7811011518118703e-01	   2.0700756948188673e-01	   5.9197860995705653e-01	   5.5994277697788042e-01	   6.9920530095420041e-01	   6.2686565425695728e-01	   7.2611027625576108e-01	   8.1070474390107050e-01	   6.6597835296583785e-01	   7.1710945848186303e-01	   3.4362244698794919e-01	   2.4387827335729784e-01	   7.2949790707273532e-01	   6.8775926872107285e-01	   6.5581310194438203e-01	   6.4249843712889732e-01	   6.6683430893165840e-01	   6.6025145446643563e-01	   5.1203947524541216e-01	   2.4889687295953250e-01	   3.7519670823839513e-01	   2.8362995890030079e-01	   5.6083147721187099e-01	   2.8433384477062063e-01	   7.6191974750520475e-01	   6.1843630956598672e-01	   3.8048950384258740e-01	   3.5092967423576810e-01	   5.5659398160334927e-01	   6.3796509771218157e-01	   3.9677258187612896e-01	   3.6154941784279865e-01	   4.9941400146727455e-01	   4.2220675680769798e-01	   4.3004144882400730e-01	   3.9875351074806353e-01	   3.4172556811785343e-01	   3.0782338231769030e-01	  -1.2712829145376553e-01	  -1.2855886192774355e-01	   1.1562683382749706e-01	   1.8352914436906304e-01	   2.4640479534341689e-01	   5.3470963931827198e-01	   2.0846621152894865e-01	   3.0537356347035943e-01	   8.8907551823039799e-01	   7.1844127569120420e-01	   5.2479324155785756e-01	   5.6768963297085950e-01	   1.0098370672195986e-01	   2.1027092282791301e-01	   5.1159465390281011e-01	   5.6822628159022415e-01	   4.5336993076993920e-01	   3.0816053894561607e-01	   3.3318362825260450e-01	   2.0091603430197039e-01	   4.6376170509981329e-01	   3.8242385051578548e-01	   1.3987421081162904e-01	   2.7397264775685304e-01	   2.6686159631009987e-01	   2.0079550822433145e-01	   6.0229832225879032e-01	   3.1326768270960181e-01	   6.3965541788365410e-01	   5.2834710517988981e-01	   4.1045413243412188e-01	   4.1205581241301736e-01	   7.2942866820296426e-01	   5.9971336811280707e-01	   5.1226286426341416e-01	   6.7928261611494756e-01	   7.0402464232163842e-01	   6.7049718329464858e-01	  -8.3541251628430790e-02	  -5.0041732146970108e-02	   2.1706678591661263e-01	   2.7831269510743600e-01	   5.0437152335704660e-01	   5.1914847093071970e-01	   7.4677802732673637e-01	   3.2568278609991674e-01	   3.7410657389114277e-01	   1.6740485991583581e-01	   2.8921767127422382e-01	   2.7754986344219901e-01	   3.2957023052552037e-01	   1.8334876692562713e-01	  -2.8368433834697726e-01	   3.9567246203580909e-02	   3.1171461842039500e-01	   3.3217936947311627e-01	   3.6102242780721078e-01	   2.1623781784816637e-01	   4.4060016670603519e-01	  -5.9249604889942513e-02	
   4.8400931845813261e-02	  -1.0342718922181968e-01	   7.1163605468395297e-01	   9.8300944688758318e-01	   9.1711889814739889e-01	   1.1749323967050227e+00	   8.5240431993065024e-01	   8.9557885694402728e-01	   1.0637216558234608e+00	   0.0000000000000000e+00	   1.4958385378076602e-01	   6.3062128111227789e-01	   4.8156149619446587e-01	   7.7301071329012716e-01	   1.0412903075193682e+00	   1.0976463898256195e+00	   1.5367941927322535e-03	   1.1928350735686056e-02	   3.7616375695356769e-01	   2.5938188462045086e-01	   7.7864950359643736e-01	   8.2045554774927931e-01	   8.0181544698949159e-01	   8.7054479466399748e-01	   6.5233115165772271e-01	   7.9910677002472275e-01	   9.6840268240469307e-01	   9.8160833881532716e-01	   5.3778106692682592e-01	   4.6662824153381594e-01	   8.6872040334690404e-01	   9.7272036420604591e-01	   7.1019649889003889e-01	   7.6110565753995585e-01	   6.2955290910374762e-01	   6.5424252761332613e-01	   5.1544203766120789e-01	   2.6910308469299049e-01	   3.1122870685254805e-01	   4.4271478952899784e-01	   4.9948858152293130e-01	   4.3059259188472132e-01	   6.4827943938336940e-01	   5.8736725846683613e-01	   2.1656815285848799e-01	   2.2676194996584373e-01	   5.1165864975291553e-01	   6.4453011317134734e-01	   2.7295135257404840e-01	   2.2403613766640776e-01	   4.5072803900020969e-01	   3.5362623650777020e-01	   3.8600471720462659e-01	   3.9596050095709351e-01	   3.4931964688167194e-01	   3.7048705193212822e-01	  -1.3745558181522102e-01	  -1.4540237001922640e-01	  -8.2413687845909481e-02	   8.7257897894411546e-02	   2.0503411919446629e-01	   6.1328374085016601e-01	   3.3267889023660430e-01	   5.0595491960048500e-01	   6.8785091730962078e-01	   7.3559375344734879e-01	   3.9600657417266710e-01	   5.2794956644756086e-01	   6.5497177674021301e-02	   1.6546273963165695e-01	   4.2400829167276310e-01	   5.5015351796364786e-01	   3.1479376202806886e-01	   2.5990760164964849e-01	   2.5050522820976218e-01	   1.3751176264100903e-01	   5.7310973563121137e-01	   5.4238692277486988e-01	   2.3825715432695430e-01	   3.8427213142368538e-01	   4.6491418115979866e-01	   3.0451929725074217e-01	   6.9960319228053536e-01	   4.6226378406251906e-01	   8.1282877379873986e-01	   7.5166098716058183e-01	   3.4971390821542314e-01	   6.1549484376481511e-01	   7.7675558146816948e-01	   6.2477084066373778e-01	   4.5095178260574453e-01	   5.0539981824394931e-01	   6.5993506470467178e-01	   5.4409703105984308e-01	  -8.6266447263281962e-02	  -9.5076262772063463e-02	   1.3266812993185118e-01	   2.3934760282703157e-01	   4.3012585912695922e-01	   4.4527165648916150e-01	   7.0497100768562826e-01	   1.7413004604415339e-01	   3.4883030559037276e-01	   7.4506399793797487e-02	   3.3798752628182438e-01	   2.6949425319938913e-01	   1.5545838006613782e-01	   1.0565134570401262e-01	  -3.0773932268367105e-01	  -7.1987226501570925e-02	   1.4851486692926680e-01	   2.4350495914944470e-01	   4.1261652192489123e-01	   2.0822365010238700e-01	   4.7358600757709868e-01	  -1.1157422397621294e-01	
   6.8317100911765960e-01	   4.9147910012297336e-01	   3.3922068873519806e-01	   3.1352225044499393e-01	   1.6651871034655163e-01	   1.8370106713197557e-01	   3.5250335393398202e-01	   2.3758608201763054e-01	   2.0067354043121738e-01	   1.4958385378076602e-01	   0.0000000000000000e+00	   5.5698662091757956e-01	   7.1767263413544369e-01	   5.6528336496561149e-01	   2.5016532984629453e-01	   3.1842571397057579e-01	   7.2689132756171349e-01	   6.6312713909544396e-01	   4.6460926758637511e-01	   3.5514611585273104e-01	   1.6082411992469800e-01	   2.0018276203543461e-01	   3.0066176345824563e-01	   2.7953424527202264e-01	   2.0243996285809504e-01	   1.5448552713638852e-01	   1.1009823166022814e-01	   1.0557238959150980e-01	   5.6197246359931152e-01	   5.4212750370025242e-01	   2.3657857103765303e-01	   2.4466374926201270e-01	   4.9357255937827998e-01	   4.7344392150287473e-01	   3.2717782768798381e-01	   2.0629128668189645e-01	   2.3195228070412799e-01	   2.4417850789344273e-01	   4.5602460960120500e-01	   4.9917564988088348e-01	   2.8612597982081489e-02	   2.4997270565226140e-01	   2.5637410535753058e-01	   3.5857777655104789e-01	   2.8704994317574989e-01	   4.0235874763564905e-01	   4.5791052711288027e-01	   4.7907058066101188e-01	   2.7646248289822878e-01	   3.2321520427538575e-01	   3.7923021892417264e-01	   3.0777569709156860e-01	   3.0509836140960028e-01	   2.6225163004591806e-01	   4.8885447592436082e-01	   4.9872128452985021e-01	   5.5523693272186392e-01	   5.0187636745173880e-01	   4.6581734539072983e-01	   2.7230098269019637e-01	   5.7241908446406753e-01	   3.2683096375637655e-01	   6.8651499610496403e-01	   5.1075410500467711e-01	   4.9579517711787935e-01	   3.1437289329309998e-01	   4.7741336434391890e-01	   4.0914554824785293e-01	   3.5338844983068463e-01	   3.0842304814692051e-01	   6.8770453688637434e-02	  -2.4579612056937678e-03	   1.6442659762809420e-01	   2.5740081070769055e-01	   2.2561087134925853e-01	   1.8817955897403771e-01	   3.0923238622673777e-01	   1.3355148937520259e-01	   3.6247949055404372e-01	   3.1439762929976961e-01	   4.9447626082522589e-01	   7.0837587039011174e-01	   3.0968384887192668e-01	   5.3516185036962072e-01	   5.4461717705775103e-01	   4.4130802819964854e-01	   5.0849666146455352e-01	   4.6469640641731624e-01	   4.9518563658255715e-01	   3.7504581702561890e-01	  -5.5855389151752109e-02	  -8.3427931378157377e-02	  -8.6243885385333480e-02	   8.1306881595600844e-02	   1.2125636426930204e-01	   8.5131666211602716e-02	   3.9714154907996868e-01	   4.9537437488776609e-01	   2.7303764744582132e-01	   3.9312413426429044e-01	   1.5726817418055616e-01	   2.0713105137165269e-01	   2.9522394843941979e-01	   3.0383065911473744e-01	   1.5760030727708813e-01	   1.3241822376066906e-01	   8.4916782555242085e-02	   3.7748086664380689e-02	   1.1671586490728859e-01	   2.8848301237150958e-01	   2.1364364949259224e-01	   3.0585247381750569e-01	   7.5229708535046749e-02	   4.5525516713014864e-02	   7.6105491296716121e-02	  -2.4931191110059303e-01	
   1.4331819787071701e-01	   3.6550233733174953e-02	   6.0145219250886039e-01	   7.1352736036000486e-01	   3.3381278319102253e-01	   5.6359404637520938e-01	   7.1498113406999531e-01	   7.4032994157192333e-01	   3.5610506596816394e-01	   6.3062128111227789e-01	   5.5698662091757956e-01	   0.0000000000000000e+00	   6.9519304213418753e-01	   1.3163070533116004e+00	   8.0423596139232101e-01	   1.0165661966834456e+00	   2.0791304215093728e-01	   4.0364144296847487e-01	   3.3646901845501054e-01	   3.2394686367928427e-01	   5.3451687228962486e-01	   5.6279134705977851e-01	   7.5408769762581307e-01	   8.7161896318172771e-01	   4.2611469472004504e-01	   4.3121460162481373e-01	   5.2914754218178484e-01	   5.0428891943610266e-01	   8.2726752827266692e-01	   9.1596370861897636e-01	   8.1674040313719554e-01	   8.4582396056292986e-01	   8.6820083134617021e-01	   7.5957906536070130e-01	   4.3292751453024464e-01	   4.1278124746170097e-01	   1.5385023184129354e-01	   2.1267660805010924e-01	   2.7211670075314048e-01	   4.4082495313728054e-01	   2.9452918032451858e-01	   4.6715053015070584e-01	   4.5799601799074130e-01	   4.8721217401433581e-01	   2.0575313265296402e-01	   3.3770432768483033e-01	   5.6789816837996676e-01	   5.7283801465666717e-01	   4.1537289617799511e-01	   4.3350867222805611e-01	   5.7878378943441211e-01	   5.3136076913014130e-01	   4.5939466056441475e-01	   4.3213215924401849e-01	   6.1114266724472843e-01	   6.5995982858646740e-01	   2.7951012166881485e-02	   4.3137722238917910e-03	   1.6102687897238441e-01	   2.8041722591003948e-01	   2.4509519844155908e-01	   5.7305491414047594e-01	   9.4090657508951547e-01	   1.1963900510503014e+00	   4.0935947126463895e-01	   4.8174822090981928e-01	   4.8251825808316645e-01	   5.7070805571345418e-01	  -2.6241581800403074e-02	   1.1001517112933744e-01	   1.4779324259556048e-01	   1.9963695802385464e-01	   2.4452490592636461e-01	   2.3819339152914248e-01	   3.1561503314776657e-01	   2.3003361683216350e-01	   5.1811939348210079e-01	   5.1883461160999078e-01	   1.2933736456882330e-01	   2.2746295965115948e-01	   6.5015746830364163e-01	   6.8416102909474408e-01	   8.4327534849038344e-01	   7.2076541638622338e-01	   9.8964985461569299e-01	   9.5894061069577718e-01	   6.7096681185140694e-01	   7.8273498848438405e-01	   8.0874167514864459e-01	   6.7463729955012219e-01	   2.1530004522950319e-01	   1.7727207173897830e-01	   2.0884202907880517e-01	   3.5245572698503791e-01	  -1.9872817112625080e-01	  -1.1181809428617426e-01	   2.2398109807177474e-01	   4.2181842804819270e-01	   4.2060584302711895e-01	   4.1225505823727809e-01	   4.2309227262348276e-01	   1.6849863034740092e-01	   3.6917757061507422e-01	   2.8338611569459765e-01	   2.1506559193417471e-01	   2.2045308361102647e-01	   7.8745322297212789e-02	   9.5863994260159735e-02	  -2.1436057563471200e-01	   1.2141914995053051e-01	   1.6616498887781242e-01	   1.7908854280767164e-01	   1.5190962989970666e-01	  -2.1285933925499788e-02	   1.4308596500255158e-01	  -4.0254611878719765e-01	
   3.4311284708067974e-01	   9.6279535483538167e-02	   4.9225232642020855e-01	   3.5303668066529975e-01	   3.4721511991611481e-01	   4.0890908180562247e-01	   6.8112691433935846e-01	   5.1799049957579679e-01	   4.9706288639664142e-01	   4.8156149619446587e-01	   7.1767263413544369e-01	   6.9519304213418753e-01	   0.0000000000000000e+00	   9.5917122767474228e-01	   6.2091398952410370e-01	   5.8616848504059293e-01	   2.6085277580700050e-01	   2.2419019744249125e-01	   4.7812649244424787e-01	   3.1449448094113019e-01	   2.7309219856711142e-01	   2.8215778714853024e-01	   4.2174642978827492e-01	   3.0224620847481332e-01	   2.4547260424245584e-01	   2.1477049675248716e-01	   2.7211422886635828e-01	   2.4719603507251933e-01	   6.8787316050739877e-01	   5.3793168207329767e-01	   4.8429749303828989e-01	   3.6408054854422145e-01	   6.1952277399770850e-01	   6.3842382908064677e-01	   3.8615564747635595e-01	   2.0437090394868471e-01	   2.2683827812713853e-01	   2.7320732062410075e-01	   3.9691166011868345e-01	   3.7951993166612719e-01	   3.4371056747653805e-01	   3.7112671419859578e-01	   4.9198798753834899e-01	   5.4243712734308791e-01	   4.8992594314228655e-01	   5.3940231660025217e-01	   4.9421626434916877e-01	   6.0405897297396205e-01	   4.1180005765678623e-01	   4.4510090167753125e-01	   4.4612780980257483e-01	   3.7086769880805659e-01	   3.4472461079922867e-01	   2.9656185170705979e-01	   4.5394608235310679e-01	   5.0364164609994233e-01	   1.9570571239586376e-01	   1.5836298952695599e-01	   3.7808659441482528e-01	   2.6584521023283464e-01	   6.9498306595600745e-01	   5.9573751495717464e-01	   8.0040413623568996e-01	   7.2882222539499131e-01	   5.2359350780903546e-01	   3.9741610835442998e-01	   4.5922452929032520e-01	   3.7603111039461262e-01	   1.8624299178797729e-01	   1.7460072670158766e-01	   1.3559942846979489e-01	   1.7742105188839738e-01	   2.6302528567205452e-01	   1.2727324436656171e-01	   2.5653186728753402e-01	   3.0378547981259840e-01	   3.2488111985102841e-01	   2.4680047457131477e-01	   8.7499717622391004e-02	   2.4544599557488334e-01	   3.6210376366601393e-01	   3.5873383020584471e-01	   5.0287556882332352e-01	   4.4351362500453906e-01	   5.5712118807050137e-01	   4.5946835225550559e-01	   3.3630857362556715e-01	   2.5011867423549283e-01	   6.2301247676828142e-01	   4.8217220080606682e-01	   7.0797792665680689e-02	   1.9920635176366566e-01	   9.8694943099348592e-02	   3.0294351411051612e-01	  -3.8177054525126868e-02	  -9.0854113495471747e-02	   3.7662757036527911e-01	   4.9517145255641459e-01	   3.8396056640034659e-01	   3.4197390703040131e-01	   4.3529957154620813e-01	   3.3001352483460261e-01	   4.3219361338969359e-01	   3.0443273122762782e-01	   1.3653417168672799e-01	   1.2741171740761784e-01	   1.9900210174316901e-01	   6.7980359294971648e-02	  -1.8658164596917803e-01	   2.4849827778818976e-02	   1.5365479934918116e-01	   2.7589478150676455e-01	   1.7866042066820043e-01	   1.8037462158443807e-01	   2.6604526066665030e-01	  -1.6594770447725687e-01	
