   0.0000000000000000e+00	   8.5881555177711799e-01	   2.7998438444066853e-01	   3.1704102468186451e-01	   1.5219164723816683e-01	   2.8813051392647038e-01	   2.7281278049271163e-01	   2.9052599541554947e-01	   1.7305437755573178e-01	   2.4809805885988195e-01	   6.2683326738153056e-01	   4.0889977122754367e-01	   2.5286853714130691e-01	   3.0306883603205020e-01	   1.7095144255024897e-01	   1.3691708049360213e-01	   4.0584214342589964e-01	   3.1831798686122542e-01	   6.5304805612858163e-01	   2.2632535105976750e-01	   2.2345063456309799e-01	   1.2812970069779575e-01	   5.1704575082201602e-02	   5.5569867470199964e-02	   1.9875884085412018e-02	  -4.2256918736120724e-02	   1.6142963661999993e-01	   2.1579550775246747e-01	   1.4350743340073643e-01	   2.0662097459121503e-01	  -1.0381667482822937e-01	  -1.2361957216903417e-01	   1.2388364927666566e-01	   1.7327359685898491e-01	   2.0609158878847393e-02	   7.3086306445301716e-02	   3.6847048326607734e-01	   2.5995357101956851e-01	   2.3822007869252132e-01	   3.0614771347210229e-01	   4.4091180418781117e-01	  -5.1245052982320252e-02	   1.2202512521405319e-01	   1.5405240048764629e-01	   1.7122518298789441e-02	   3.1709329919323097e-03	   1.6860876274580733e-01	   6.8535092310380311e-02	   3.3817026320673974e-02	   2.9439654338448213e-02	   2.5044152420828442e-01	   1.7931626924191524e-01	   3.4111901978305320e-01	   1.3020341435568078e-01	   2.2964799629693167e-01	   2.3937739915158471e-01	   9.5098936353790786e-01	   7.7840159208356718e-01	   1.8651207643051859e-01	   1.6821942967987907e-01	   5.1314445081829574e-01	   4.1111359143367976e-01	   2.3100168071714572e-01	   5.0080012035181110e-01	   6.4255982009672123e-04	   2.6103610647041742e-01	   5.3757825435340356e-02	   5.4697352661021693e-02	   4.4855247560169176e-02	  -1.6300335207113029e-01	   1.4680614108741213e-01	   1.8295895596571127e-01	   4.7513631653363131e-01	   4.9736295125275698e-01	   3.2759436255797081e-01	   4.3718901023028500e-01	   3.2981847335377257e-01	   4.0967939361340777e-01	   2.6754889590760667e-01	   2.6221577426039600e-01	   2.7599876668195022e-01	   3.9062445891454284e-01	   2.9370817250639397e-01	   1.1990671889111430e-01	   1.8686451484941194e-01	   2.4377370594024772e-01	   2.8294189163403954e-01	   1.1352365567449117e-01	   3.0384728168229652e-01	   4.6729856998653457e-01	   1.4616243407684859e-01	   1.8749546761597538e-01	   1.9074265850004904e-01	   3.1609860375373117e-01	  -1.6639895315004791e-01	  -1.0450647862550808e-01	   9.0857646616876772e-02	   5.9145994232078489e-02	   3.2082151802290937e-01	   4.1563760733309907e-01	   2.1658330814633767e-01	   3.4888147384548818e-01	   2.3768976278578510e-01	   3.1903246458817958e-01	   2.6226766120589395e-01	   2.3622489210670733e-01	   2.5679031262999519e-01	  -4.1996601056738969e-02	  -1.7512154066814187e-01	   1.3131570208769896e-02	   8.6707194199132850e-02	   8.2547003035563477e-02	   7.9075651920365780e-02	   2.3591417023832234e-01	   1.8911130569237458e-01	   1.5983356888031368e-02	
   8.5881555177711799e-01	   0.0000000000000000e+00	   3.9476721764892864e-01	   3.1186388925390823e-01	   3.1232316633322027e-01	   3.1236414250355737e-01	   1.1768402746716131e-01	   1.6190326565402519e-01	   2.2606762119741169e-01	   2.2035345901284742e-01	   5.0138922254028295e-01	   4.5356447198405309e-01	   3.0309057702416242e-01	   3.8881782549630567e-01	   2.8467908509627121e-01	   1.2541842486679119e-01	   4.4332057483472626e-01	   4.4545614223539998e-01	   5.8284646835991405e-01	   2.9366727212429494e-01	   2.1187338367807187e-01	   1.2468467139540253e-01	   2.6108523070135720e-01	   2.0587638560669708e-01	   1.5271705473940961e-01	   9.8164135255433743e-02	   2.0792888916649133e-01	   2.7326141095900125e-01	   1.2891396809252237e-01	   1.7145149587130060e-01	   2.2474883565541861e-02	  -1.8928846379241714e-02	   8.5039710440778279e-02	   2.0653982084571404e-01	   1.2717915039188410e-01	   5.9165049620942475e-02	   3.6421747469500243e-01	   2.5589614281687617e-01	   2.5588607311637501e-01	   2.5996476769375931e-01	   3.2304062201722794e-01	   2.4772981307708613e-03	   6.0421489216010600e-02	   8.4424515265576344e-02	  -2.9118366756164832e-02	  -4.0123555831130100e-02	   1.8383586421288534e-01	   3.2609132118564331e-02	   2.5071742014563164e-02	   8.2196653878218298e-02	   3.2891842799971516e-01	   2.7777172020234386e-01	   3.6139192279873600e-01	   3.9435395508844395e-01	   2.5762356750830229e-01	   2.8135737854291176e-01	   7.0479394526417405e-01	   9.3063038778396956e-01	   1.7013160722886339e-01	   2.2391739026016627e-01	   4.1643210609558351e-01	   2.9358064230827918e-01	   3.1339621321733868e-01	   4.9691513027632250e-01	   2.0215438258557161e-01	   1.9826822505234235e-01	   7.4275301097364757e-02	   7.1496602583370386e-02	   1.3719250258891094e-01	  -5.7188545828638256e-03	   2.9405315695211626e-01	   1.8376638939620998e-01	   4.2276013644719301e-01	   4.5407011332214375e-01	   5.0555094367075515e-01	   4.4577508415069222e-01	   5.3705814549717812e-01	   6.2798145085168122e-01	   3.2409871621749375e-01	   3.0759013867960761e-01	   3.4817413163771332e-01	   2.9290542706140688e-01	   4.4933240589337836e-01	   1.3566978215472902e-01	   2.1307776198324629e-01	   1.0666350229317464e-01	   3.9995826712778354e-01	   1.7124695698184905e-01	   2.9971063723940983e-01	   4.5040333018128009e-01	   8.6097153083916425e-02	   1.8250717101513592e-01	   1.2154761241086384e-01	   3.4489291044999554e-01	  -2.0300432473058394e-01	  -1.1506837745667382e-01	   1.1926367668717192e-01	  -1.2390813627658575e-02	   3.5063156800286072e-01	   3.5298565451108060e-01	   6.5045310163420328e-02	   2.6841355522630561e-01	   3.4636499467579812e-01	   2.2255958558942399e-01	   3.4909838234849649e-01	   1.7986614179564162e-01	   2.2821518043873645e-01	  -5.1946080370973334e-02	  -2.0545268829513347e-01	  -6.0052390213926271e-03	   9.1649215798667055e-02	   1.5724133575955379e-01	   1.6746633530549143e-01	   3.9900939060694662e-01	   3.6663197219016469e-01	  -4.5383079381144057e-03	
   2.7998438444066853e-01	   3.9476721764892864e-01	   0.0000000000000000e+00	   7.4497594163635872e-01	   6.8495571413288248e-01	   3.6060891697446357e-01	   8.8798733647870076e-01	   4.4762251598059455e-01	   5.9062244402585762e-01	   3.9225592955099753e-01	   1.9130480985948545e-01	   2.2943484996787500e-01	   3.4842790290812348e-01	   2.5598624387533420e-01	   3.6172221742859323e-01	   2.9783251173956948e-01	  -1.1655167247057686e-01	  -2.3602881829624411e-03	   6.6812076848378488e-01	   3.1521006486759517e-01	   2.6962160521558637e-01	   2.1399423126064104e-01	   7.4092249265594567e-01	   5.5767281979170047e-01	   2.6946937902514978e-01	   2.5068275065208190e-01	   3.0076427071411993e-01	   3.3394311861960341e-01	  -5.7755109365897573e-03	   2.6389112108414065e-02	   4.2229687766917168e-01	   4.2079393996212189e-01	   1.2836163621876184e-02	   2.0084061790771648e-01	   2.3021169483211240e-01	   1.3873641339221307e-01	   2.7201965344110313e-01	   1.4819042040933295e-01	   3.6105463875317828e-01	   1.0124555475674929e-01	   6.9744586572272962e-02	  -1.3640518311085709e-01	   1.2144568462360121e-01	  -1.0287069088586950e-01	   6.8295002364029238e-03	  -8.0546309159880966e-02	   1.6653470209480070e-01	   1.5492208535278204e-02	  -4.5436559035888453e-02	   2.6917413140110796e-02	   2.0041400525297001e-01	   1.5144373710321443e-01	   2.9275720492650265e-01	   3.0515241091888867e-01	   2.5488508608960797e-01	   9.3623617087732369e-02	   1.1360629722898061e-01	   1.6807194565339600e-01	   4.3624646972447986e-02	   2.8706556621904109e-02	   4.7430715561233305e-01	   2.2948815760239036e-01	   1.2995284189774969e-01	  -6.8774436917189874e-02	   7.4836939298163041e-01	   3.7635386836444712e-01	   2.8935795366392414e-01	   1.6023929795788361e-01	  -1.1996867501504645e-01	  -1.1812845444433277e-01	   5.7441586195546246e-01	   4.3798306586557378e-01	   1.4322775516470773e-01	   1.9683096535317426e-01	   1.0468769258437653e-01	   2.3843940931645768e-01	   3.4885144057269868e-01	   2.8036602109974873e-01	  -1.2347097166108910e-01	   2.0547150156133243e-01	   2.5187812100056023e-02	   1.8677013916789365e-01	   2.4529189132772641e-01	   3.4660323206958926e-01	   4.2687232864031893e-01	   3.7544050591808054e-01	   3.1263951033710030e-01	   3.6395675394466370e-01	   5.9259877951786066e-01	   3.6015429895549178e-01	   3.9740657564732079e-01	   6.3439437876854832e-01	   4.1024756734452084e-01	   7.4612785281959915e-01	  -2.1515698876865963e-01	  -1.6752722189107194e-01	   1.1151888221274522e-01	  -9.6414445486625894e-02	   2.1145195090204716e-01	   2.3463480284556212e-01	   2.4791298018088803e-01	   6.3102290675673312e-01	   2.0799023175288392e-01	   1.4163229676010156e-01	   1.8104313188647980e-01	   1.6805524718867154e-01	   3.0133826595522589e-01	   1.2032234482754257e-01	  -3.1355147485385459e-01	  -1.6145040884081498e-02	   6.7313955306912823e-02	  -1.7142427334626020e-02	   2.5028015427357858e-02	   3.4718131644149566e-02	   3.9250685321637396e-01	   5.0450585173489514e-02	
   3.1704102468186451e-01	   3.1186388925390823e-01	   7.4497594163635872e-01	   0.0000000000000000e+00	   5.2935609212651136e-01	   6.2364016723848725e-01	   5.8987081139614483e-01	   9.9908638207339395e-01	   5.4112048212819708e-01	   7.4893662157483409e-01	   2.4431466406996749e-01	   4.3018640633265159e-01	   1.8520869059865239e-01	   5.4507782477730249e-01	   2.9118943327738472e-01	   4.7984566180677957e-01	   3.3476608760143828e-02	   8.9345503155112291e-02	   4.6220537807413775e-01	   3.6955459814806113e-01	   3.8453276770303607e-01	   3.3960386256649733e-01	   3.8900191332203798e-01	   6.3213032050332962e-01	   3.0708271855751890e-01	   5.1005987857705559e-01	   2.3647143912960850e-01	   3.1277897849394537e-01	   1.8399851496500842e-02	   1.8369612240694655e-01	   2.4072304716340787e-01	   5.6612116875881535e-01	   1.4725690209990369e-01	   4.6455200190497536e-01	   2.9449715232762796e-01	   4.7799531014726326e-01	   1.3664715218254508e-01	   3.4684505272901178e-01	   2.2346009713632101e-01	   3.8196491877766536e-01	   2.4373278750692046e-01	   1.9394192609821000e-02	   2.1699594736295891e-01	   2.8877941598587361e-02	   2.2265926038734445e-02	   5.1293224506631645e-02	   1.4724217468350309e-01	   1.9283429807460442e-01	   1.3011876419871594e-02	   7.8966896277725684e-02	   2.7061960300635712e-01	   2.2935801733600591e-01	   3.0095500053941282e-01	   2.6232163246563772e-01	   3.4192749417385149e-01	   2.0915709865237103e-01	   1.7040527971860775e-01	   1.5330334585981836e-01	   1.0108294521892672e-01	   1.4178428152317357e-01	   4.7709135090255983e-01	   5.3765957247480556e-01	   4.1831325860841082e-02	   7.9156095522815273e-02	   4.5248042897050827e-01	   7.9801839316983203e-01	   3.5408764760942119e-01	   4.7484968620744505e-01	  -1.2036012936337545e-01	  -5.2239133491759730e-02	   3.2960191733142308e-01	   5.8406836971208864e-01	   8.7728936490880732e-02	   3.5786251217517728e-01	   8.3269066291760067e-03	   2.3564162578649980e-01	   7.8107717385381809e-04	   2.6771875317828786e-01	  -7.1972503157385279e-02	   1.9355217236040267e-01	   8.9249489069543317e-02	   4.4749600400719119e-01	   1.2564649006661335e-01	   3.7657881804850696e-01	   2.3192266768896491e-01	   6.6058336515780569e-01	   2.0897054123073799e-01	   3.8885098669864188e-01	   8.2312196430311690e-01	   4.6898144075039810e-01	   7.8229382508250844e-01	   3.7298466987514201e-01	   9.4500159420798691e-01	   5.3765562813085266e-01	  -2.8512770685498573e-01	  -2.5168137182869926e-01	  -5.7903984142894903e-02	  -9.9073745138305178e-02	   2.1469948761085497e-01	   1.3098669730937990e-01	   7.4761479393283914e-01	   5.4159184377596681e-01	   4.1320882145839999e-01	   3.0149266916340411e-01	   3.3034367761031974e-01	   1.7182183969925272e-01	   5.4154289766302233e-01	   2.7593625495658641e-01	  -4.4173579292551479e-01	  -2.1720582316468656e-01	   4.7465674061191537e-02	   6.6304489791741653e-02	   1.0568686238318628e-01	   1.1375071668023957e-01	   3.1285041911103328e-01	  -1.0224119143493550e-01	
   1.5219164723816683e-01	   3.1232316633322027e-01	   6.8495571413288248e-01	   5.2935609212651136e-01	   0.0000000000000000e+00	   7.2331592485886786e-01	   6.1777155128297934e-01	   4.1628854112751568e-01	   9.7479251807267708e-01	   6.4475719629007355e-01	   6.6426253432669877e-02	   2.3021374688649238e-01	   4.1336129656080861e-01	   3.8818961502977950e-01	   6.5328675399357072e-01	   6.1612339533289351e-01	   8.8702497888192705e-02	   1.4960829075918014e-01	   3.6455041401520305e-01	   3.1815716954971307e-01	   2.8066496570662203e-01	   1.6719648882321264e-01	   5.4547996037921886e-01	   4.1707264790224757e-01	   2.3858875627117607e-01	   2.6406535112376062e-01	   6.1835296558713737e-01	   4.0293647475844246e-01	   2.7951641683266772e-02	   1.2929803940317050e-01	   2.5411859811743526e-01	   3.2265987470190688e-01	   3.7871210639572495e-02	   2.2975021966864428e-01	   5.9248949352506790e-02	   3.8240367595155332e-02	   1.7656373833622827e-01	   2.4109016191509011e-02	   1.2289206610034412e-01	   8.7353738013501797e-02	   4.6888920604158779e-02	  -9.5006506433290630e-03	   8.2003339748645640e-02	  -7.7507550408107570e-02	  -4.2032068179662548e-03	  -6.5874849779561567e-02	   1.0103754877676516e-01	   5.7924474490424850e-02	  -8.2609877182690999e-02	  -8.2106825671642458e-02	   7.5294155526006559e-02	   3.1672917704780958e-02	   1.5753262425108222e-01	   3.0934255870283128e-01	   2.4978667698186624e-01	   1.5891587551929329e-01	   5.8756435934609726e-02	   9.2781326909415346e-02	  -8.6338296335107867e-02	  -4.9290849058654974e-02	   2.5590545546199944e-01	   1.7313780520603750e-01	  -2.3472434607945104e-02	  -1.0520048967148674e-02	   4.4004419088530577e-01	   1.6909844292709564e-01	   1.2495802860838839e-01	   6.4874741671918063e-02	   3.4881724311981277e-02	  -1.1337093977614942e-02	   4.3621503369896414e-01	   2.7721197219917171e-01	  -2.7595489553115995e-02	   1.8054247896568276e-01	  -9.9852730768782580e-02	   3.2308866866862734e-01	   1.2012625983086035e-01	   2.1240429500994226e-01	   1.2674464551212222e-01	   2.3449370503050057e-01	   1.1381776758133422e-01	   2.5366797447522699e-01	   2.7829244674711706e-01	   3.0970734977041048e-01	   1.4073948591295535e-01	   1.8501393849974188e-01	   2.0183331040405661e-01	   2.2855974579838767e-01	   4.1236497760071600e-01	   2.6458373605681862e-01	   3.5980775874366133e-01	   3.9876527012839386e-01	   4.0067059634617108e-01	   6.3683759306443877e-01	  -1.3933334295368122e-01	  -5.9897008647208580e-02	   8.1854134900713665e-02	  -3.7644584146575601e-02	   1.3282807744973815e-01	   4.7442851186493620e-02	   3.0034773539469478e-01	   4.4795451308981865e-01	   2.6875422094292917e-01	  -2.6219485088207428e-02	   1.5770249343809642e-01	  -5.8412797882940168e-02	   2.8740717348272005e-01	   2.1206119586253663e-01	  -3.8990284688038085e-01	  -1.1731372753770963e-01	   1.6497149033869402e-01	   8.1527807823651099e-02	   1.0397021922641977e-01	   1.6500987245169421e-01	   4.2994595354743437e-01	   1.3688370310573426e-03	
   2.8813051392647038e-01	   3.1236414250355737e-01	   3.6060891697446357e-01	   6.2364016723848725e-01	   7.2331592485886786e-01	   0.0000000000000000e+00	   3.5198242157546383e-01	   5.0838421708571702e-01	   5.8018015986656624e-01	   1.0066708832100335e+00	   1.7313094332445897e-01	   3.6514867946724350e-01	   2.1347283686935212e-01	   5.4759179330415753e-01	   4.4223594173760938e-01	   8.1499143298063570e-01	   1.1170417831851330e-01	   2.1560864048535713e-01	   3.3696394808131419e-01	   3.2556143002046295e-01	   2.9556010308001551e-01	   1.8400632657976471e-01	   3.7480809325728448e-01	   4.8362555868899848e-01	   6.5954705673708550e-02	   2.6839874019750576e-01	   4.0026702664131969e-01	   4.0630190703914004e-01	  -6.0727222885083178e-02	   1.3930523886089211e-01	  -2.2733274327051207e-02	   1.8079017744758419e-01	  -5.0102279034428217e-02	   2.4010887376038006e-01	  -1.3506548220473680e-01	   4.8020513548022316e-02	   1.6719748891741881e-01	   1.1508600633407735e-01	   1.6015785363564156e-01	   2.5184242041497407e-01	   2.1579472282602127e-01	   2.5427714167845838e-01	   1.6327478183874430e-01	   3.1294178899558926e-02	   1.2067559569786684e-01	   7.3753312734789814e-02	   2.7637354874594861e-01	   1.4771844806141737e-01	   7.5698381583087684e-02	   4.5388990736925719e-02	   2.4249076932348779e-01	   2.3822732465794594e-01	   3.9188620162399768e-01	   4.8203163056247056e-01	   3.6822183031647315e-01	   4.0286062108569787e-01	   2.2480690139530296e-01	   2.5090754246769698e-01	   2.0379483223958522e-02	   6.6443558402359104e-02	   2.4942647709862489e-01	   3.3552530333755604e-01	  -5.6086698558693859e-02	   4.1797415318881682e-02	   3.2093538218785689e-01	   4.3625861870915289e-01	   1.5798515605255161e-02	   6.8645476811038678e-02	   2.4607570806865847e-02	   1.5816440823754810e-01	   2.4961160112212574e-01	   4.3356198738107499e-01	   8.0416069402444501e-02	   3.6126469667220290e-01	  -9.5603898113585273e-02	   3.5122414426387771e-01	   1.7952116569868068e-01	   4.4177983183628666e-01	   1.0072956760786735e-01	   2.5935272398345904e-01	   1.9543510342959391e-01	   2.6399854209052143e-01	   7.1437233067003045e-02	   1.3578800903990151e-01	   1.9278247749617378e-01	   3.0404341397322854e-01	   2.3448967115384806e-01	   2.0875263888939566e-01	   5.5923788080845804e-01	   4.2115640334246585e-01	   4.9974891180274200e-01	   2.9493989388683217e-01	   6.6576464908482635e-01	   4.8640792427718865e-01	  -1.4558825756597027e-01	  -1.6841589428939718e-01	   1.0047953043574483e-01	  -1.3084870678168431e-02	   1.8427055527888780e-01	   1.8755733754323492e-01	   3.8341720488057524e-01	   3.9856143555832274e-01	   3.1075398171517959e-01	   1.6422679074145746e-01	   2.2414798143967421e-01	   4.0852177297588381e-02	   2.0308478319717638e-01	   7.0434297661037065e-02	  -5.1625451172465175e-01	  -2.3505660775124923e-01	   8.4951982220461575e-02	   2.1143200933256659e-01	   2.4132271981293518e-01	   3.7511246373470131e-01	   2.6208578048946851e-01	  -6.9723339108794274e-02	
   2.7281278049271163e-01	   1.1768402746716131e-01	   8.8798733647870076e-01	   5.8987081139614483e-01	   6.1777155128297934e-01	   3.5198242157546383e-01	   0.0000000000000000e+00	   8.8684084835035026e-01	   6.7096678371556129e-01	   5.4648021852651318e-01	   2.1740579415972050e-01	   4.5107231151118848e-01	   4.2441075642650056e-01	   4.3157547435940469e-01	   3.3962381957461307e-01	   3.1091572947206936e-01	  -5.8964603207340059e-02	   5.0442009966300258e-02	   4.5475213352998645e-01	   4.4651674647699047e-01	   3.1115693000243960e-01	   1.9247241640769774e-01	   1.6643228954143915e-01	   9.8003535098367900e-02	   2.4794226095287617e-02	   6.7835999909100761e-02	   1.4522368749437042e-01	   6.7732279770597426e-02	   2.6538670768655898e-01	   4.2501742769636663e-01	   1.8111732636105726e-01	   2.7238886856952249e-01	   3.3120712504201022e-01	   5.2642042480309881e-01	   1.1462090454322610e-01	   1.3462983185421551e-01	   9.2054685860521041e-02	   6.6411969243716770e-02	   1.9064758332960438e-01	   9.0312758691243236e-02	   1.2601757140885722e-01	  -1.5949666592167972e-02	   1.8885401250235298e-01	  -1.5037981943219899e-02	   1.3662252909990813e-01	   2.0512678254725431e-02	   1.5513264960125789e-01	   8.1591674796838529e-02	   1.0855796286332467e-02	  -1.8950537718403659e-02	   1.3648073098876998e-01	  -7.5012071335836036e-03	   2.5329690161321139e-01	   1.9989482890468219e-01	   2.2567084130301346e-01	   1.0650412569576229e-01	   9.0327553299846139e-02	   8.7400436048477845e-02	   1.5056243789715207e-01	   2.1478887126355716e-02	   7.3915919315828293e-01	   5.3664470155370447e-01	   8.3203302087903552e-02	   8.7261421988045595e-02	   4.4505928099187764e-01	   4.3936569929932984e-01	   3.7976287519866531e-01	   2.4415320943179214e-01	   2.3290469981503855e-02	   1.9500096008524724e-02	   2.9869938570242738e-01	   3.3838387017663174e-01	   2.2620380579586830e-01	   3.1392558276395266e-01	   8.2351849760490016e-03	   3.1809725706527187e-01	   9.4325312437192957e-02	   6.1777212388012266e-02	  -9.8252422375398149e-02	   2.3448220747876103e-01	   3.8941329820349743e-02	   3.7876604425888816e-01	   1.1340069800388725e-01	   3.7202327100285892e-01	   2.4622235906628848e-01	   3.8675011460098541e-01	   1.7976422860965419e-02	   1.4166506194019224e-01	   6.2532396960822256e-01	   2.7005956317832358e-01	   3.6133490324352802e-01	   3.7697705232643014e-01	   2.7739631731110614e-01	   5.6296962015873453e-01	  -2.6459978212823804e-01	  -1.7681649789809228e-01	   8.9011865755650135e-02	  -8.2592045179637044e-02	   1.7930161613199808e-01	   2.0001050799963263e-01	   2.2993543908313274e-01	   6.9033150598013127e-01	   1.2782230122637395e-01	   2.1844425230764178e-01	   6.4143659157247845e-02	  -2.3820074886190443e-03	   3.6168415790202013e-01	   1.4668429959452489e-01	  -3.6896866528475802e-01	   3.5527713091935864e-02	   1.8926940939053838e-01	   6.6543578230677178e-02	   1.1634167823583007e-01	  -5.2696517776109154e-02	   1.4268328569007982e-01	   7.7122780351474227e-03	
   2.9052599541554947e-01	   1.6190326565402519e-01	   4.4762251598059455e-01	   9.9908638207339395e-01	   4.1628854112751568e-01	   5.0838421708571702e-01	   8.8684084835035026e-01	   0.0000000000000000e+00	   4.9552992777689131e-01	   8.8377299955674049e-01	   3.5704762014483088e-01	   8.8021921715715246e-01	   3.3061171244166976e-01	   8.0663161616517842e-01	   3.2400893681995940e-01	   3.2619551439229938e-01	   1.4055501544424159e-01	   1.1090927781752238e-01	   3.6193128579262263e-01	   4.5888777008734738e-01	   3.4259182013613632e-01	   2.3998806651890270e-01	  -3.4539412337676524e-02	   7.7286998265159376e-02	  -3.3155805986041564e-02	   1.6871180979680572e-01	  -5.7093203103502764e-02	  -5.2601286694255060e-02	   3.5252914638179877e-01	   6.1382056782381555e-01	   4.5440264761587607e-02	   2.8850704445900005e-01	   4.5873688198971196e-01	   8.7326263365125401e-01	   3.0966701466441440e-02	   2.5962721215996187e-01	  -7.9204292895704284e-02	   1.9948240851723661e-01	   3.9803643006662531e-02	   3.2690026127927657e-01	   2.9664440302703404e-01	   2.0985551211494627e-01	   2.5346768463268010e-01	   9.6382612148876515e-02	   1.3317203039863210e-01	   1.0104591404695891e-01	   1.0294069196748323e-01	   1.6451431655636223e-01	   1.0666664155869522e-01	   9.2294233463841829e-02	   2.7292276782853836e-01	   1.3057596793149251e-01	   2.6791315756947376e-01	   2.0645426971631786e-01	   1.8766279321832663e-01	   2.2729767822295674e-01	   1.4153529408840426e-01	   1.1592964095693783e-01	   2.6066752029992801e-01	   2.1995961737718817e-01	   7.5698465028653250e-01	   1.0397893882839548e+00	   4.2692186708882751e-02	   3.4899435206264662e-01	   1.9216719256778803e-01	   7.2248071525776392e-01	   3.6357380920173077e-01	   4.8564783797407546e-01	   7.4841758551472556e-02	   1.3462519147160698e-01	   1.3636849061430137e-01	   4.5120058607301489e-01	   2.3928669556106796e-01	   4.6448966378884560e-01	   8.5558606357024239e-02	   2.6076421070207978e-01	  -1.3781772328388181e-01	   7.0768711120811775e-02	  -9.4633244974956232e-02	   1.8943524376056192e-01	   1.3453664404660082e-01	   4.8967580548552508e-01	   4.5914817320491789e-02	   2.5654892400977591e-01	   1.1796963295155830e-01	   4.3608987765375201e-01	  -1.1399665787343757e-01	   1.1542219897803099e-02	   8.0028981077495420e-01	   4.3152542859713550e-01	   5.2334483786989494e-01	   1.6932165179481423e-01	   4.6782031356590636e-01	   3.5318923612187514e-01	  -2.5058157585958124e-01	  -2.4765301327653214e-01	  -1.1722737856790687e-01	  -9.7007398819524790e-02	   1.2902899675006768e-01	   1.9024273095193872e-01	   4.4578017330461206e-01	   5.7216043789351301e-01	   2.4091884332204924e-01	   3.6720452935729847e-01	   1.1111610989732637e-01	  -2.1575539122151551e-02	   4.7878150025987359e-01	   2.6361826660965115e-01	  -5.3674537098300590e-01	  -1.3157755872585050e-01	   5.0653429788130470e-02	   9.5027096696064239e-02	   1.7720696217710735e-01	   4.6167531418906844e-02	   4.0343526737663038e-03	  -9.6490774245724859e-02	
   1.7305437755573178e-01	   2.2606762119741169e-01	   5.9062244402585762e-01	   5.4112048212819708e-01	   9.7479251807267708e-01	   5.8018015986656624e-01	   6.7096678371556129e-01	   4.9552992777689131e-01	   0.0000000000000000e+00	   7.9000496208464710e-01	   1.6812609574721277e-01	   2.1683460707797625e-01	   6.1971239564756131e-01	   5.3370631101868393e-01	   9.0373677242413553e-01	   6.2260657203757019e-01	   1.0643914866887613e-02	  -4.8401161822446893e-02	   3.4915886375703181e-01	   2.4567346310561158e-01	   9.6646237163965573e-02	   7.3510130578120607e-04	   5.0270015228080200e-01	   4.5845484788257129e-01	   1.8263726699320609e-01	   2.7755399369233119e-01	   4.3888174510725403e-01	   3.1078358990725613e-01	   1.0019011084198028e-01	  -1.1112211865480255e-02	   1.7504869857997379e-01	   3.2165821695148883e-01	  -2.8326494613423795e-02	   2.3422344154476127e-01	   6.0505066674426559e-02	   9.4573506713928931e-02	   5.0354247615431905e-02	  -1.7070626172609991e-02	   1.3033064680350767e-01	   2.1861650155083714e-01	   1.2175178690948932e-01	   4.7337098326960703e-02	   5.5710303603715844e-02	  -3.8437568987960108e-02	  -5.7610593551874180e-02	  -3.9732004333538247e-02	   1.6634768404322129e-02	   4.6868951149606652e-02	  -1.3550385619586258e-01	  -7.3875874663091728e-02	   1.9040914077385136e-03	  -8.4842166705021219e-03	   8.5580407571283074e-02	   2.2463918555845258e-01	   4.0148559155110991e-01	   4.3004018083571745e-02	  -2.6729448476749862e-03	   1.1930536930951205e-01	  -4.0716154056048427e-02	  -3.3585521376929307e-02	   3.3195578591776470e-01	   2.1330943223972165e-01	  -5.8386484497705726e-02	   1.2780169793160892e-02	   3.9901608287403556e-01	   2.7229204746689534e-01	   7.2482165439660379e-02	   7.2742705435423702e-02	  -4.3606674464452759e-02	  -6.5119161176918947e-02	   2.6346056714597865e-01	   2.8119037748235848e-01	  -1.2663608582683880e-01	   1.0062237109682537e-01	  -2.1258461915369900e-01	   1.6926944749036182e-01	   5.6777589585028071e-02	   1.4508748720001691e-01	   5.6710992106862410e-02	   1.2337965298972700e-01	   5.1838424490182992e-03	   1.3800573410864506e-01	   2.5708539055683455e-01	   2.9808751493363916e-01	  -3.0641323263041930e-02	   2.1941120059748259e-01	   2.6676986406824882e-01	   2.7258461477426982e-01	   4.1869656699227453e-01	   1.0368141671186876e-01	   4.0383762729023664e-01	   3.3562482429123885e-01	   4.5177225304892316e-01	   5.4778169559804657e-01	  -1.7342125997272051e-01	  -3.4696701449100954e-02	   1.1633387252546167e-02	  -1.3372467026267157e-01	   1.7850842514042195e-01	   3.9700742723093284e-03	   3.1986722828554076e-01	   3.7751826419721562e-01	   2.3949704740701261e-01	   4.1935759832937361e-02	   1.7482620566909973e-01	  -1.0360758820230428e-01	   3.4000824179054445e-01	   2.9651960367047392e-01	  -3.0643619904526676e-01	  -1.2798399138192113e-03	   1.7211629382943416e-01	   6.3990813181720148e-03	   1.3332376289448561e-01	   1.7401715133675325e-01	   2.9297400661564560e-01	  -6.2889070175767128e-02	
   2.4809805885988195e-01	   2.2035345901284742e-01	   3.9225592955099753e-01	   7.4893662157483409e-01	   6.4475719629007355e-01	   1.0066708832100335e+00	   5.4648021852651318e-01	   8.8377299955674049e-01	   7.9000496208464710e-01	   0.0000000000000000e+00	   1.0551156131574757e-01	   4.4315340049752228e-01	   2.2648736531756308e-01	   5.8444852294245364e-01	   4.4096593268722772e-01	   6.4480034884933302e-01	   1.9675376585301463e-01	   1.3975339765420836e-01	   3.2194596233194872e-01	   3.6440196164332866e-01	   1.2033349373264697e-01	  -1.4777314242005882e-02	   2.2419817002341791e-01	   3.6008255838785574e-01	  -4.8849722601419267e-02	   2.2464077894237738e-01	   8.5610170314012246e-02	   5.2845675445516535e-02	   9.0279795984205519e-02	   2.0255031297458051e-01	  -6.7061638285518699e-02	   2.1897893210890954e-01	   1.2691542478843365e-01	   4.4968675980072015e-01	  -1.2703108884098402e-01	   6.1719745160006771e-02	  -5.7368887127901037e-02	  -1.4419619231216924e-02	  -2.7858749965683351e-02	   1.6427511522463781e-01	   1.7755286501069750e-01	   2.3096024158594031e-01	   2.5511793685657186e-01	   1.0846668790757799e-01	   1.2947975929650848e-01	   7.2073274525390141e-02	   1.3499079809243611e-01	   1.0082639861876438e-01	   3.1258406790860435e-02	  -2.7613925538067744e-02	   5.4276411336704890e-02	  -1.6106379931913131e-02	   2.0557606569109915e-01	   2.7946875209006838e-01	   1.8028513669619728e-01	   1.2260314319100726e-01	   2.3838091620905938e-01	   2.5407763199411942e-01	  -4.4241963642064917e-02	  -1.0327777463786762e-02	   4.4675590433057527e-01	   5.2836265661783810e-01	   1.8059055481617402e-03	   2.0029573547288099e-01	   2.9074230075715429e-01	   5.7319432683457006e-01	   4.3896701277350847e-03	   8.2388070242830319e-02	   1.0460179194872186e-01	   1.5665266073248474e-01	   1.1732585425550519e-01	   2.8441162191014541e-01	   5.1290150655314955e-02	   3.3094864036518246e-01	  -2.7701800931007502e-02	   2.0134126303281052e-01	  -4.9485020766807691e-02	   1.3167635876183895e-01	   1.3741063681690105e-01	   2.7110243855495253e-01	   2.0847975421060164e-01	   2.7452342509575783e-01	   1.4140102842517845e-02	   1.1954279911700509e-01	   7.8982573551662050e-02	   2.4782750408447043e-01	   1.1607495246069127e-01	   1.2209862306965641e-01	   5.7674610590989428e-01	   2.0794060273635223e-01	   5.2202237730849788e-01	   2.4163612196412046e-01	   6.9089705978543214e-01	   3.9431725607028900e-01	  -1.7268064722571025e-01	  -2.0721151413339903e-01	  -2.6510260582623010e-02	  -7.2460602524203166e-02	   1.1289907473965144e-01	   1.2350774906557836e-01	   4.9083953308106792e-01	   4.2273426364044947e-01	   2.8212076301085870e-01	   2.3991689657208984e-01	   8.6929116657319824e-02	  -2.5977765165816791e-02	   3.6413945734238956e-01	   1.5784770229460604e-01	  -4.9769545052280939e-01	  -1.3839021894996845e-01	   2.1891231810739077e-02	   1.0024215730705893e-01	   1.9357881688582618e-01	   2.2914544396179529e-01	   9.7540374222242390e-02	  -5.5750680532280862e-02	
   6.2683326738153056e-01	   5.0138922254028295e-01	   1.9130480985948545e-01	   2.4431466406996749e-01	   6.6426253432669877e-02	   1.7313094332445897e-01	   2.1740579415972050e-01	   3.5704762014483088e-01	   1.6812609574721277e-01	   1.0551156131574757e-01	   0.0000000000000000e+00	   5.9544734329457016e-01	   6.6756929999595171e-01	   5.8242560501184948e-01	   4.1298137677978025e-01	   1.7596255719186833e-02	   2.9979623903641750e-01	  -1.7318784370933499e-02	   6.2232281828143443e-01	   2.7521826211019246e-01	   1.2718405081802209e-01	   1.6154892175951008e-01	  -4.3941322331092915e-02	  -1.0339669061212586e-01	  -8.5178253957613345e-02	  -8.5237491094050183e-02	   5.8462167321705782e-02	   1.1086424815623912e-01	   4.1571865100273209e-01	   2.2097175989122431e-01	   2.7146791421206896e-02	  -3.2809432680458488e-02	   1.2285678339528638e-01	   2.4965804569929612e-01	  -1.8562713620039309e-01	  -5.6091546997391606e-03	   1.6624512790171911e-01	   1.5782117843543580e-01	   9.0021700358132676e-03	   2.6850999117480567e-01	   4.1934326265573618e-01	  -1.0284947657628286e-02	   6.0114282794454590e-02	   1.3681939668768447e-02	  -6.4180087136379113e-02	  -5.9295262593554818e-02	   1.2589232577327690e-02	  -5.1167916433159599e-02	   7.0330694585529221e-02	   2.2017228896411145e-01	   4.5608494160449786e-01	   3.9793096644575571e-01	   3.9402936282575218e-01	   2.8934200728787929e-01	   1.8532405706698477e-01	   2.3085669380619880e-01	   1.5245099607082324e-01	   3.7670865703472528e-01	   4.1207913850944544e-01	   4.8371678353548220e-01	   3.9085824963386528e-01	   5.2634648637078807e-01	   2.2339783724368195e-01	   4.9940734039493817e-01	  -2.1339395231366418e-01	   5.8805435593447170e-02	   7.5781642855248840e-02	   1.6741702641410489e-01	   2.2920252613621178e-01	   1.6829445542516694e-01	   2.8325357376120558e-01	   2.7029938915331447e-01	   4.0706121229889775e-01	   2.2669694112780153e-01	   2.8060215012401163e-01	   2.3109940352624003e-01	   3.2577058631475198e-01	   4.2052713994402557e-01	  -1.0622017609736062e-01	   3.0697201176325069e-02	   1.1203483709197329e-01	   1.2252238106615453e-01	   4.5586599077089335e-01	   1.7249876396054645e-01	   3.3657565640015284e-02	   1.1774970388333493e-03	   5.8653794096759138e-02	   9.7309518203458571e-03	   2.6019516613457150e-01	   5.2612521370557497e-01	   1.0752922303100775e-01	   1.3709129716979959e-01	  -5.6751191073835160e-02	   2.2506724209871451e-01	  -1.0039132220966303e-01	  -4.3751584636267542e-02	   4.8877767726674152e-03	  -4.8063505066295434e-02	   1.1520305393410975e-01	   2.7481380300549585e-01	   3.3250244973700528e-02	   2.7742022126496996e-01	   2.0468266462343968e-01	   3.4210957175325601e-01	   2.2416453746751033e-01	   1.0369643431470640e-01	   1.7039479733435042e-01	   1.7485458015183716e-01	  -3.1420889261762314e-01	  -1.8073303471797125e-02	  -4.1947230509430328e-03	  -2.9121615851158158e-02	   6.2965121926680218e-02	   3.5874461289058757e-01	   1.3318341384258947e-01	  -1.4788957156455404e-01	
   4.0889977122754367e-01	   4.5356447198405309e-01	   2.2943484996787500e-01	   4.3018640633265159e-01	   2.3021374688649238e-01	   3.6514867946724350e-01	   4.5107231151118848e-01	   8.8021921715715246e-01	   2.1683460707797625e-01	   4.4315340049752228e-01	   5.9544734329457016e-01	   0.0000000000000000e+00	   4.1556757860669158e-01	   1.0597098141470092e+00	   3.3622225786017562e-01	   1.6800646230666563e-01	   3.3037341905390322e-01	   2.4888564233985352e-01	   4.1789163779554322e-01	   4.1102856948940014e-01	   2.4897730824318126e-01	   2.2591274111787873e-01	  -1.0107524866136093e-01	  -1.2966375615176848e-01	  -1.3614416848117547e-01	  -6.4795350254841302e-02	  -1.0505950627136354e-01	  -9.1516229909123781e-02	   5.4426730537224688e-01	   7.4648629407940792e-01	   1.2072608663289963e-02	   3.6163948424866470e-02	   5.0571752365421718e-01	   7.2238098076891144e-01	  -1.1605494053511368e-01	   1.8715364896323326e-02	  -2.6383182686639944e-02	   2.0088424283096934e-01	   3.8792863501085635e-02	   2.6041188557930922e-01	   3.7229641865798030e-01	   2.2997793236448408e-01	   1.1051135498780239e-01	   7.3641968847677194e-02	   7.5474325267236464e-02	   3.8882526301411119e-02	   1.1115684724280012e-01	   3.8249916615647694e-02	   1.2513472228056602e-01	   1.6901340825774752e-01	   4.2041727346964458e-01	   2.6947249491325931e-01	   4.4925893529041827e-01	   3.2441689129697338e-01	   1.7225104706517524e-01	   4.0427944317195835e-01	   2.2817889660097551e-01	   3.3903292384580619e-01	   4.2835256116162973e-01	   4.2875035034025133e-01	   7.1269941579803797e-01	   1.0298284973668781e+00	   3.2405942607395494e-01	   6.9305326338088402e-01	   2.1975144177034826e-02	   3.8362153186654663e-01	   2.8340541140937731e-01	   3.5442835868203748e-01	   2.3861830675296197e-01	   2.1725534362653498e-01	   2.2166272313564583e-01	   3.2373863699752470e-01	   5.3614127513106069e-01	   5.3578869227644899e-01	   3.5115486641021681e-01	   3.4116547947410125e-01	   1.2521350250804864e-01	   3.3683449843630592e-01	   6.9101938533876459e-02	   1.2760059119359118e-01	   3.9757519229223653e-01	   2.6685960369687373e-01	   1.6821892574607789e-01	   7.7260064695760591e-02	   2.4963899194500400e-01	   1.3227291652704695e-01	  -1.3278023562407598e-01	  -2.0654882685864001e-01	   6.7879322406992504e-01	   6.6046669379708545e-01	   2.1110420955496823e-01	   1.1719251750821316e-01	   1.0973778191003633e-01	   2.7904594234401386e-01	  -9.7079601873997654e-02	  -2.4062026164628975e-01	  -5.3355531747965909e-02	  -1.0352951380335976e-01	   1.2929534729345366e-01	   2.9538744625589369e-01	   8.4555453471950356e-02	   4.3459242158182521e-01	   2.4404314465750346e-01	   3.7927371701274265e-01	   3.6887053447189129e-02	  -5.3934727709760870e-02	   2.6290922676322537e-01	   1.3317328470130527e-01	  -3.7050595502123101e-01	  -1.1894184185641067e-01	   1.7588852688118321e-02	   1.1441024481659307e-01	   2.2896520617162214e-01	   1.9171639540112123e-01	  -6.1458795230841648e-02	  -2.2816215615762783e-01	
   2.5286853714130691e-01	   3.0309057702416242e-01	   3.4842790290812348e-01	   1.8520869059865239e-01	   4.1336129656080861e-01	   2.1347283686935212e-01	   4.2441075642650056e-01	   3.3061171244166976e-01	   6.1971239564756131e-01	   2.2648736531756308e-01	   6.6756929999595171e-01	   4.1556757860669158e-01	   0.0000000000000000e+00	   6.5132023734668731e-01	   9.2381953785001414e-01	   3.7115283317628212e-01	   1.8323199936040702e-01	   9.3169008474693851e-02	   4.7925124140107667e-01	   3.2015420817291990e-01	   1.2368507589294912e-01	   1.1983789883925894e-01	   3.3126628154351856e-01	   1.5891464926603630e-01	   2.0274065777314462e-01	   1.6411529858617749e-01	   3.6445415080507182e-01	   2.8054823458576411e-01	   4.5392253406762267e-01	   2.4589697756289214e-01	   1.9878350398780245e-01	   6.8077529009181861e-02	   1.7683688768620751e-01	   3.2374209283933608e-01	   9.9864704956501196e-02	   1.2925924004318406e-01	   2.5334013288046098e-01	   1.4593003836472979e-01	   2.7520743507661294e-01	   3.0887119309930905e-01	   3.5869511191900771e-01	   1.7165927673092776e-01	   1.1327882795432126e-01	   4.1495803221606793e-02	   8.2058486388597696e-02	   3.9730087367630423e-02	   9.3469743254198032e-02	   1.8831316671107757e-02	   2.7202022891295131e-02	   7.0959593961315348e-02	   2.2026249739331355e-01	   1.3047698769652455e-01	   1.9362570889224656e-01	   1.7600725484189997e-01	   3.9417700420133173e-01	   1.6220340897475044e-01	  -5.9493867781585441e-02	   1.6386180024791086e-01	   1.4157041729001013e-01	   4.8542145535742008e-02	   3.1671123852464378e-01	   1.9819827924253333e-01	   4.9022040440314267e-02	   1.8083527439613484e-01	   1.3309410682143241e-01	   1.0595922537301629e-01	   9.0175671643548699e-02	   7.4272474663477278e-02	   1.2834007669325592e-01	   1.9289173739421482e-02	   3.3845228151676493e-01	   1.7395994006658008e-01	   2.1791669496246538e-01	   1.4201470405318642e-01	   1.0732085875282237e-01	   2.6644378641480471e-01	   2.6899127428955016e-01	   1.8469252420102195e-01	   7.8917409953511933e-03	   1.6011782752014911e-01	   1.0002092892325641e-01	   2.0886260044328198e-01	   6.1370717583434287e-01	   4.9908219668593901e-01	   2.2793769827954318e-02	   7.5663307843057512e-02	   3.3169546620680673e-01	   1.9849815775146737e-01	   3.4826338809485125e-01	   1.7654478703091955e-01	   8.3532395574213963e-02	   2.3615189229074196e-01	   2.7372254294712638e-02	   4.0916087698298215e-01	  -8.5137646599915354e-03	   1.4977376891537039e-01	   1.8130995515460016e-01	  -6.8841425069264592e-02	   1.9626839810910032e-01	   1.8691419967103029e-01	  -3.0440645981280885e-02	   2.2024299939218547e-01	   1.2758442501299178e-01	   9.6147043520587068e-03	   1.7918153620413990e-01	  -5.7340551005685580e-02	   1.4312238486674456e-01	   1.8868115215042797e-01	  -2.1350445041650906e-01	   1.6915831479636376e-01	   2.1927145113577801e-01	   7.6840861284741772e-03	   8.5712478874882203e-02	   1.7918664258645609e-01	   2.2628430244044442e-01	   3.3235461073356579e-03	
