   0.0000000000000000e+00	   1.0480764750373053e+00	   4.1846085711807646e-01	   4.6397306323851917e-01	   1.6478380253417682e-01	   7.7228285690190066e-02	   5.5565900583041639e-01	   3.1132833255970649e-01	   3.6004291808307726e-01	   3.6234225249085755e-01	   8.0370710341536433e-01	   6.6860222781455514e-01	   7.2192940996086086e-01	   4.7678648449868383e-01	   3.0080894993763785e-01	   2.3012679685679985e-01	   5.4917321637388961e-01	   5.3120631031844556e-01	   1.1098057097817873e+00	   7.3206656419247862e-01	   8.9524298323949272e-02	   3.3644160026059029e-02	   8.6682932917091504e-03	  -7.1042561056296402e-02	   3.9076209682001241e-02	   8.7586131594548908e-02	   1.5350858110244514e-01	   2.2665310438191905e-01	   1.4962723042513631e-01	   1.2930982226319648e-01	  -2.9696858942106308e-01	  -1.7620494022768543e-01	   3.2765468449545682e-01	   2.8994532116902466e-01	  -4.8154214804875216e-03	   1.1501388384164059e-02	   3.8326961364645640e-01	  -6.7632567743578606e-02	   4.2261711576977251e-02	   2.6120729306949747e-03	   7.1402970975314908e-02	   1.0093926562043923e-02	   5.8154169986372961e-02	  -1.1038701101870911e-02	   3.9010367824218556e-01	   4.2359953681546880e-01	   2.3504854167760730e-01	   1.1354804313843567e-01	   5.1088052327831013e-01	   5.3416675814624903e-01	   5.9063147373177949e-01	   4.9224901497947998e-01	   5.2907509876411629e-01	   3.3356462307149737e-01	   2.2060288398682421e-01	   3.0758400375136552e-01	   1.1774575584737643e+00	   1.1280214749908373e+00	   1.0427624851177040e+00	   6.9786240558897450e-01	   8.5502474834407749e-01	   4.3760638647570044e-01	   4.0397323110772587e-01	   2.4818923919238481e-01	   1.6762310087968252e-01	   8.5957444409299089e-02	   4.6557191438137135e-01	   2.1998112612521908e-01	   1.1711443965817641e+00	   8.3312015247637339e-01	   2.8937815879375972e-01	   2.3202425486510797e-01	   5.0357259596940995e-01	   3.1498165153488789e-01	   1.0755229377608300e-01	  -3.7993541224676741e-02	   1.1915496589724159e-01	  -1.2185493320882966e-02	   5.0983050510365624e-01	   5.1120038526529077e-01	   6.5071115267482404e-01	   3.7502094798127200e-01	   1.2508600933618785e-01	   2.4862464702115578e-01	   5.7881514132970646e-01	   5.1548008437720405e-01	   5.4392906321024267e-02	   1.8352973729163882e-01	   3.1719535595535242e-01	   5.2824173046895750e-01	   1.3999643335066830e-01	   5.1453584251648830e-02	   1.8533491496819432e-01	   2.5550452537798574e-01	  -1.3705127823740196e-01	  -5.4156727243328831e-02	   1.9583131634277778e-01	   1.4086309837428490e-01	   2.4038115991432568e-01	   3.0445870757992560e-01	   6.5635056675574888e-01	   4.8586106413714508e-01	   5.5366176591116789e-01	   6.7624851876564052e-01	   2.4753126168045378e-01	   2.3879831576857269e-01	   4.4374236519424642e-01	   5.1447473093128704e-01	  -2.7247773200550313e-01	   2.1285022312871583e-03	   2.4340520845761084e-02	   2.0923541361925316e-01	   2.7576323373218536e-01	   1.8248763985212244e-01	  -1.9948319422672600e-01	  -2.1143787549328841e-01	
   1.0480764750373053e+00	   0.0000000000000000e+00	   2.9514808715660207e-01	   2.8052132265422186e-01	   9.2047582940176675e-02	   2.4334939356607183e-03	   1.9089245927451062e-01	   6.8526242325118628e-02	   1.7440726420493541e-01	   8.7733106499723254e-02	   3.6416462115020237e-01	   4.4401680640185281e-01	   2.7765060059776348e-01	   2.1170138894917415e-01	   1.7590536107222149e-01	   7.5175597526893748e-02	   7.6865570827379137e-01	   8.3305251996426921e-01	   8.4212723333876105e-01	   7.3177694798315374e-01	   1.1940096813593148e-01	   1.8347054146974132e-02	  -6.9513277721402630e-02	  -6.8208918527913651e-02	   9.0073261751728695e-02	   6.8678815871790921e-02	   8.9420183121148550e-02	   1.7276517844721179e-01	   1.4048069903424087e-01	   1.9255334881775724e-01	  -1.8061818066014917e-01	  -1.4647726586491439e-01	   4.1586450425146171e-01	   3.4878205651173877e-01	   3.4269402382742543e-02	  -3.6189604296429527e-02	   5.3196736337522710e-01	   2.4449219831720401e-01	   1.4862703175149744e-01	   2.3223722253462897e-01	   2.2565165938504375e-01	   5.8468304474207408e-02	  -4.4403808297360089e-03	  -4.1001833556780887e-02	   4.5075929885220012e-01	   4.2685593969211161e-01	   1.2484696232052217e-01	   5.6430862211748159e-02	   3.1766972731189236e-01	   3.0068014616145494e-01	   3.4935932398230568e-01	   3.4429083975798774e-01	   3.3775294221880114e-01	   3.4946853650132470e-01	   1.3579694967642311e-01	   2.4260896438312793e-01	   1.4167960828705870e+00	   1.6354797219215653e+00	   5.2325096160038231e-01	   3.5270481960119382e-01	   4.2416508400523723e-01	   1.3750662563746979e-01	   2.6407647836786541e-01	   1.6864200902366555e-01	   8.2687481753198358e-02	  -8.3990567465199589e-02	   3.2938925548170761e-01	   8.3749168680537375e-02	   1.0973138178013235e+00	   1.0220747491866498e+00	   1.9838277060154244e-01	   1.2953965808833606e-01	   3.4701298016025722e-01	   2.0088595399244910e-01	  -3.3137105522771909e-02	  -1.6254512625267159e-01	  -3.0749582575015290e-02	  -7.9225207088793090e-02	   6.8234491339126913e-01	   8.4912781130712733e-01	   8.0311317502635127e-01	   5.7907897838441058e-01	   2.7062752847413979e-01	   4.0277477925110988e-01	   5.8568546769453089e-01	   5.1218957338453941e-01	   1.1476141180766372e-01	   3.2279756194002202e-01	   1.2212634471651473e-01	   4.8067149730248127e-01	   1.8188364994147235e-02	  -3.3969455533107200e-02	   4.8013815243792397e-02	   1.1354432381108477e-01	  -2.4752378338451386e-01	   9.2140926261353256e-02	   2.0775451748498680e-01	   1.7550103649795160e-01	   1.4174374589300187e-01	   1.2835097828103173e-01	   3.4747540769148277e-01	   2.1883646160845902e-01	   3.9928513237137597e-01	   4.0923653705338192e-01	   6.7478044209869498e-02	   3.1409377313011549e-02	   3.6287148025967758e-01	   4.1296137946534450e-01	  -2.4631476902991334e-01	   9.7132740336855108e-02	   6.1310990201434108e-02	   1.3064886329418238e-01	   8.6591696883560498e-02	   1.5807875351266659e-01	  -2.2052714189656342e-01	  -3.4537608366159261e-01	
   4.1846085711807646e-01	   2.9514808715660207e-01	   0.0000000000000000e+00	   6.6359826404170974e-01	   4.6525013632428230e-01	   1.6719216688082186e-01	   8.8583091952858062e-01	   3.0692927776379825e-01	   8.3210018676505881e-01	   4.4778911954127609e-01	   4.8292003783851906e-01	   1.6719412424782243e-01	   5.7054239135944806e-01	   3.8204713631459475e-01	   6.1635950026401476e-01	   4.3456506887290047e-01	   1.2782876275617774e-01	   2.7812796944578350e-01	   5.3415777235124773e-01	   2.0249756660485349e-01	   4.4312624517243204e-01	   4.7305075353032328e-01	   6.3848543821898007e-01	   3.6411771187956987e-01	   6.1570584616478841e-01	   4.8691509070455513e-01	   5.5311611237721681e-01	   6.8267103778410576e-01	   2.1036744150004552e-01	   6.6528500864115256e-02	   4.0694806435235353e-01	   3.6241492607651682e-01	   5.9203645020680051e-01	   3.8984440048497437e-01	   3.2254272192106492e-01	   3.2256843343947017e-01	   2.4540830599385172e-01	  -2.9992698380428114e-02	   2.0892860581336137e-01	   5.1280187163377112e-03	  -4.6708268513184201e-02	   1.0464819429298480e-01	   3.6346191880110174e-01	   1.9936422791701017e-01	   3.0126359074440179e-01	   2.7273354532368588e-01	   2.3100531549320436e-01	   1.9150990133467133e-01	   3.5625739977411663e-01	   3.4933119091403558e-01	   4.9463082030770500e-01	   3.5077391381121548e-01	   4.1999493967316714e-01	   3.3009061750241181e-01	   3.7602214937529216e-01	   2.8050283652933561e-01	   3.4487293252615014e-01	   3.1373457294617452e-01	   6.9778648275424437e-01	   3.8676276664396170e-01	   8.2185894898587586e-01	   3.7259755257315219e-01	   3.2125704162020208e-01	   1.4991417053438727e-01	   1.0047628067121090e+00	   4.4817540749049117e-01	   5.8005582745169082e-01	   2.9790060168049115e-01	   4.3635022500797649e-01	   2.9400205812113156e-01	   5.6044810207530726e-01	   3.0681285482588561e-01	   4.4535446325683470e-01	   9.8463423898590530e-02	   1.9408954582269516e-01	  -5.0703974921638285e-02	   2.4931710675021668e-01	   1.4997023917521757e-01	   1.9192570554535840e-01	   3.2843038755692383e-01	   2.4165722411361867e-01	   3.3486823629444934e-01	   1.9411983778569519e-02	   2.2554812921042061e-01	   5.8835687803727454e-01	   5.5049400693326900e-01	   7.3561762315985213e-02	   1.5717773648173566e-01	   5.4070208261931507e-01	   5.7249113534584983e-01	   4.2986587714105717e-01	   6.2949490613144810e-01	   5.3400690036867116e-01	   7.5910054037831298e-01	   1.7151228702431875e-01	   3.3643173500725264e-03	   3.5728206266116397e-01	   1.4386578476414971e-01	   3.0969266913398402e-01	   5.3086410394438333e-01	   4.4133354636910815e-01	   6.1482851486344103e-01	   3.7576962309962114e-01	   5.8087582266223770e-01	   4.4913003134241136e-01	   3.4288546388481705e-01	   5.0634643033227222e-01	   5.2779838746152552e-01	  -6.3050635862666377e-02	  -2.6084202146259939e-02	   4.8537596151451791e-02	   2.1041299249114861e-01	   4.0870295416297220e-01	   3.4540151082090437e-01	   1.3066951781789352e-01	  -2.0594932508440278e-01	
   4.6397306323851917e-01	   2.8052132265422186e-01	   6.6359826404170974e-01	   0.0000000000000000e+00	   7.0621922311237340e-01	   7.2972208910139202e-01	   8.5599807240365344e-01	   1.0431652941038470e+00	   8.6443895911806479e-01	   8.9324376799036798e-01	   3.8208180028984523e-01	   5.9004147706785193e-01	   5.2477717646309241e-01	   7.1561498558102499e-01	   7.1355980611700820e-01	   6.7068536501499720e-01	   3.0189327894816925e-01	   3.0089251230308495e-01	   4.9300374966443544e-01	   5.3991666495296053e-01	   4.7414696188868100e-01	   5.4294275585295204e-01	   4.6415503447402018e-01	   6.1213326790762179e-01	   3.2434431670212377e-01	   4.6503087022447698e-01	   4.1075446518056996e-01	   3.7283654481656991e-01	   4.1024846910521151e-01	   4.2068333326303442e-01	   3.0666181674566984e-01	   4.3068538264600265e-01	   6.5945039871523370e-01	   6.6828085079770527e-01	   2.2755047511900628e-01	   3.5448069921919068e-01	   3.1740864105409589e-01	   1.4684208976575308e-01	   3.1686611067729559e-01	   2.0064522700118367e-01	   2.9061787801841071e-01	   4.5103368695868357e-01	   4.8713213315804760e-01	   4.2149612780831253e-01	   5.8346182749846665e-01	   6.0970522921164805e-01	   5.4505364809218160e-01	   5.0861402740359551e-01	   6.6032155192803932e-01	   6.4539466855154748e-01	   7.0674588988952280e-01	   6.3455469315010615e-01	   7.7323969799007342e-01	   4.6116609971478184e-01	   6.7956485369239661e-01	   5.4926913675824229e-01	   3.3934665084800947e-01	   3.5611688301815742e-01	   7.8923576326894263e-01	   8.5291316324032984e-01	   7.7244098624052171e-01	   9.0851235547094666e-01	   6.1961800560286551e-01	   6.0942229327441766e-01	   5.4085350544891020e-01	   8.9883147443338662e-01	   7.7369417695872622e-01	   7.4241942574754050e-01	   4.3419959522659363e-01	   2.8106475884606885e-01	   6.3958388984138903e-01	   4.7931024035719083e-01	   4.8992413051800499e-01	   4.5293862405474850e-01	   4.4234099008184780e-01	   3.0299550387394547e-01	   4.8788627299743659e-01	   4.3237001420960819e-01	   3.3806017256683152e-01	   3.1440150542923961e-01	   4.4152003299181597e-01	   4.7432624955507224e-01	   3.3468264915185636e-01	   3.9632019877897851e-01	   6.0956753674526842e-01	   8.5137623683960273e-01	   2.4600019220473718e-01	   1.2811932477620619e-01	   8.6577703127570582e-01	   4.8378818074544983e-01	   6.3028089030984569e-01	   4.0832820450830998e-01	   7.0782912624572014e-01	   4.0313238000428059e-01	   1.5690826822126247e-01	   1.2161785961866248e-01	   4.6635809732165512e-01	   2.2560978553563737e-01	   5.6114285768182115e-01	   7.0557695261128295e-01	   7.9796707904052755e-01	   3.8159589771074764e-01	   6.7966881376024058e-01	   4.1943672511353952e-01	   4.7068719001823361e-01	   2.2232270713365940e-01	   3.9470058337457470e-01	   5.3264402565841062e-01	  -1.4512980535860798e-01	   1.2675966962938684e-01	   9.8327497460305710e-02	   3.8643881576991296e-01	   4.0453967863309159e-01	   1.9059508744534448e-01	   4.1230430493473934e-02	  -1.2141112402563503e-01	
   1.6478380253417682e-01	   9.2047582940176675e-02	   4.6525013632428230e-01	   7.0621922311237340e-01	   0.0000000000000000e+00	   9.0388886963384052e-01	   5.3001439482036394e-01	   6.9547364154929681e-01	   7.2691062473662471e-01	   4.5887623068822225e-01	   2.9331202226158315e-01	   4.3299682585843036e-01	   4.2842368126344244e-01	   5.1993291983934897e-01	   8.0498638146097989e-01	   6.2865946060336375e-01	   3.3313308859629021e-01	   3.5977933245434146e-01	   2.8019765117489337e-01	   2.0150044023757993e-01	   7.1121677230637770e-01	   7.5035275547945635e-01	   4.1815763786135535e-01	   4.0799426269165484e-01	   6.5285652209458900e-01	   6.0088695762578814e-01	   9.8585426011807664e-01	   2.6662228070894123e-01	   6.4528616389257354e-01	   7.3090610494376540e-01	   6.0157172789208357e-01	   4.1127121053140248e-01	   8.4573233972228135e-01	   6.8578684554551494e-01	   3.0622253538341565e-01	   4.4726026371757044e-01	   3.2096412088054788e-01	   1.7718635474023436e-01	   4.4529975222140916e-01	   2.1496265796204478e-01	   2.2817140757079141e-01	   3.0309843674307912e-01	   5.8683805502834008e-01	   5.6578042609284407e-01	   5.9081845121089338e-01	   5.6689963809740307e-01	   5.6462189320990364e-01	   6.4334128405576274e-01	   5.4753824223560921e-01	   4.6935660177154792e-01	   5.1052796469381467e-01	   5.1472989158705795e-01	   6.3163454813508835e-01	   5.9416997847803610e-01	   6.2959482881393714e-01	   4.8827057739948965e-01	   1.7323702750424705e-01	   1.7412882368841975e-01	   4.6649183389990206e-01	   5.8278567864772868e-01	   4.6459916097877213e-01	   5.7859732808060149e-01	   7.1337893290018184e-01	   6.7720409374507606e-01	   3.3152260060802069e-01	   5.6116263457451376e-01	   7.6033485358611896e-01	   7.0645992955921721e-01	   1.0870513137567306e-01	   2.8458757686481831e-02	   3.3916178373343103e-01	   1.8290009531486143e-01	   1.6733782923908905e-01	   3.2689066858332799e-01	   4.0296833526614773e-01	   1.8442655747936801e-01	   4.5818150399051993e-01	   4.6399651854431845e-01	   4.3083898226392209e-01	   4.7826523333734899e-01	   3.5011758568657764e-01	   6.6346256298089756e-01	   5.3561643594461550e-01	   6.4296278333326062e-01	   4.7436838891298855e-01	   6.3918977816160372e-01	   2.7777349348949876e-01	   2.3617694092781927e-01	   7.3799543435632220e-01	   4.2659970150250093e-01	   4.7169975588017932e-01	   3.7975761864891172e-01	   4.9645125220343628e-01	   3.1303590736627829e-01	   9.9236995372884551e-02	   6.9090293973016997e-02	   4.2512716902044856e-01	   1.3345782266434017e-01	   5.3810794397911277e-01	   4.9497677262000450e-01	   6.4817511461137967e-01	   3.6224188881588237e-01	   7.4533338870920018e-01	   4.6593494274310726e-01	   4.9561826299980893e-01	   2.6496569086130023e-01	   2.3425844067709234e-01	   3.3240766080103668e-01	  -1.1984714731162482e-01	  -4.7126738610974807e-02	   2.0758485650765174e-01	   2.1827820321829108e-01	   2.9834878074780796e-01	   1.3110700217056320e-01	   1.8832969611546424e-01	  -2.0337124204765356e-01	
   7.7228285690190066e-02	   2.4334939356607183e-03	   1.6719216688082186e-01	   7.2972208910139202e-01	   9.0388886963384052e-01	   0.0000000000000000e+00	   3.4696051707137282e-01	   9.2078140999935765e-01	   5.1079877182074784e-01	   7.2015193542911182e-01	   2.6090208197197423e-01	   5.7546225445309163e-01	   3.6224096175177078e-01	   5.3987609793860014e-01	   5.8703500073340020e-01	   6.3637208715217652e-01	   3.4459348156621783e-01	   2.6755324361370869e-01	   9.6354772381163314e-02	   1.9638561588385481e-01	   5.3557514846865484e-01	   4.0591103314748089e-01	   3.5257357443945098e-01	   4.6592288037611729e-01	   2.8235729021475187e-01	   4.9004102298021379e-01	   4.2078488758077398e-01	   1.0274482955587030e-01	   5.5675989814822180e-01	   7.9220297048197030e-01	   4.7125934315376672e-01	   4.6308668620128812e-01	   5.1438731802869253e-01	   6.4288431585593064e-01	   1.2321296690336708e-01	   3.2924194190290312e-01	   1.9478873971486727e-01	   1.5712952105514902e-01	   2.7613251633411162e-01	   1.6584194214356635e-01	   3.4755364465511329e-01	   3.4168923539508278e-01	   4.6930310860821273e-01	   4.9257464352965635e-01	   4.6720390555457803e-01	   5.4436188579981115e-01	   5.0562513294702205e-01	   6.5414068528649183e-01	   5.1312466657335121e-01	   4.6520581576592523e-01	   4.1719083370891147e-01	   4.2915429723387410e-01	   6.2058075392228029e-01	   4.7718515905700226e-01	   5.7998822753494594e-01	   4.5404890364121842e-01	   9.0848549765461403e-02	   1.3989153130183091e-01	   3.5378702531259137e-01	   6.7908898915370819e-01	   3.4241621096448394e-01	   8.0331288897402819e-01	   8.4707491513741928e-01	   9.5760962177696840e-01	   7.7657532027856524e-02	   4.7619857688212885e-01	   5.1230579853326552e-01	   6.7942248435791242e-01	   4.8673282531231883e-02	   6.1838704941969302e-02	   3.7150719483285899e-01	   1.7741329288578034e-01	   1.5223226201643372e-01	   3.0662676929224275e-01	   4.8296453033034736e-01	   2.6059610173148084e-01	   6.2417837547586952e-01	   6.6369143259188390e-01	   3.7972995457226350e-01	   3.1817789974243821e-01	   3.4289495756242355e-01	   5.1040202277278512e-01	   4.0589752193996181e-01	   4.7322194448331634e-01	   3.0025229322561037e-01	   3.9102354001863876e-01	   3.0540136868522905e-01	   9.8995944786847128e-03	   7.8006823836336581e-01	   4.0209373906779167e-01	   4.8329630152367997e-01	   3.0703302800335419e-01	   4.6951197883772722e-01	   1.2862796483256730e-01	   1.1422116109895483e-01	   1.5131023091166251e-01	   4.0966102709163837e-01	   2.2876309292502545e-01	   5.8289020410537595e-01	   5.4194459304795606e-01	   5.1358697313231116e-01	   2.3461793138932563e-01	   6.7041362239523783e-01	   2.8416529981129135e-01	   3.3561777092783379e-01	   6.9402666246778849e-02	   1.4374536471000385e-01	   2.2517233023245836e-01	  -2.1267559520490073e-01	   6.1638088496987889e-02	   1.8459463840486989e-01	   3.7588329584252012e-01	   3.5250042653104208e-01	   2.3502915715167344e-01	   1.5584536543365321e-01	  -1.4119580605603443e-01	
   5.5565900583041639e-01	   1.9089245927451062e-01	   8.8583091952858062e-01	   8.5599807240365344e-01	   5.3001439482036394e-01	   3.4696051707137282e-01	   0.0000000000000000e+00	   7.9224150027845630e-01	   9.2328489884948217e-01	   7.7973529262623975e-01	   7.8693797697013967e-01	   4.5616643271378093e-01	   9.8001186628408932e-01	   7.5372586805075781e-01	   6.7500215429919286e-01	   6.4984788053494480e-01	   6.7639171741065790e-02	   7.1949831832397892e-02	   6.0884079074866282e-01	   2.9770113518033536e-01	   2.7427799792142377e-01	   4.0086493698700704e-01	   2.1469184833826649e-01	   9.2185265604661712e-02	   1.4388247078132338e-01	   1.3325392322299007e-01	   4.2987189484657895e-01	   4.1138829546712985e-01	   3.3324025687043102e-01	   1.4926909265026295e-01	   1.2147956399534202e-01	   2.3257572300700186e-01	   5.2836840516811379e-01	   3.6190129389440778e-01	   4.3459721653506020e-02	   1.1836623106367131e-01	   1.9744311859217492e-01	  -1.3760136764013325e-01	   2.2132101867524703e-01	  -1.7359660153239097e-02	  -7.4117742119242047e-02	   9.2462022010795730e-02	   3.9663593210227377e-01	   3.1183454343817568e-01	   3.4690180118553443e-01	   3.6824459805617338e-01	   4.2073817222829568e-01	   3.4545716945810073e-01	   5.9119442232030583e-01	   5.6875593377145273e-01	   7.1077961640738196e-01	   5.2799271452065633e-01	   6.5841431316774657e-01	   3.9857363830274872e-01	   5.0770490873215257e-01	   3.8461588679659497e-01	   2.3338511448836474e-01	   2.6037450030097758e-01	   1.0504918431804031e+00	   6.6408684394504292e-01	   1.3001801024119997e+00	   6.9305908234265279e-01	   4.8506306906880003e-01	   4.0433186554187245e-01	   6.9181007599543332e-01	   5.2121954949891758e-01	   6.7108396374818757e-01	   4.5801279816401175e-01	   4.6254844286838798e-01	   2.5635247472912159e-01	   5.0764840981879444e-01	   3.7159642632359913e-01	   4.3660151556141030e-01	   1.8872017228147575e-01	   2.4534547228639350e-01	   1.4649592832360606e-01	   2.7459468413628951e-01	   2.4655758186940790e-01	   1.6721591706789896e-01	   1.4659376047440384e-01	   1.8547605303519168e-01	   2.4054759463694231e-01	   5.4373519016416398e-02	   2.3620462863659814e-01	   4.3269861994073266e-01	   5.5842110655948196e-01	   1.8223744386960637e-02	   3.8575064042492020e-03	   8.0267687711224334e-01	   4.4662043279761282e-01	   5.2745955971080483e-01	   4.9237027890137719e-01	   5.5972123080437686e-01	   5.6391938194839109e-01	   1.4020549407606497e-01	  -1.1575036299967116e-01	   2.6373725907455053e-01	   2.5655776020594268e-02	   3.9513234744182546e-01	   6.2187085899353201e-01	   7.2332511038790170e-01	   7.0562447540132156e-01	   5.0035837239090075e-01	   7.2148694585315509e-01	   4.5606834384183537e-01	   3.3204042637605991e-01	   3.9156811392581142e-01	   5.1630712002857293e-01	  -1.9213214789118963e-01	  -5.7536520622643167e-02	  -9.9081814461960526e-03	   1.8409546483297617e-01	   3.2992852915756021e-01	   2.1918798369355696e-01	   7.9019002284117706e-02	  -2.1765632549529235e-01	
   3.1132833255970649e-01	   6.8526242325118628e-02	   3.0692927776379825e-01	   1.0431652941038470e+00	   6.9547364154929681e-01	   9.2078140999935765e-01	   7.9224150027845630e-01	   0.0000000000000000e+00	   6.8965812627479139e-01	   9.3542385490730751e-01	   5.0893760818842670e-01	   8.7286231955964722e-01	   6.2337538229815548e-01	   1.0441710179797747e+00	   6.4305450778853457e-01	   8.5451745001320911e-01	   2.6560773826590278e-01	   1.7972721517367640e-01	   3.3894430788444102e-01	   4.7501631435980096e-01	   3.9554794729735498e-01	   4.3281046745786755e-01	   1.2407208470672038e-01	   3.3428725341718885e-01	   5.8095605020054002e-02	   1.6285722715299306e-01	   2.9739326970850138e-01	   7.0962318076750561e-02	   6.1880596654884668e-01	   5.8861780715432044e-01	   2.4857909113766929e-01	   3.1945188627337279e-01	   5.8577929135804752e-01	   6.6424898759001461e-01	  -7.7373283694872619e-02	   1.9504937837609299e-01	   1.6195293109617420e-01	   4.1977898382969642e-02	   2.4814143218216861e-01	   7.4597050893511888e-02	   2.2499862090226391e-01	   3.4990111756339393e-01	   4.9502757817107190e-01	   4.9395435652196129e-01	   4.0019129327898023e-01	   5.3032114066094382e-01	   5.7968874392837111e-01	   6.0617464597784165e-01	   6.2156404558274847e-01	   6.3524001079089254e-01	   5.9585741403283787e-01	   5.6420456469869718e-01	   7.5709943170495031e-01	   4.6292961767742180e-01	   6.1155706360207840e-01	   4.4150440406751057e-01	   8.8023058601205600e-02	   1.5246202116395285e-01	   6.1051259457905016e-01	   8.6626384747159646e-01	   6.6171224728782563e-01	   1.1518759324159604e+00	   7.3471009170158830e-01	   1.0497631830786767e+00	   2.0997751353323368e-01	   5.9865429507350942e-01	   5.5718889417292894e-01	   6.8245618816919196e-01	   1.7628359830726378e-01	   9.2238341403557397e-02	   3.8486948505850260e-01	   3.6082729302107530e-01	   3.0268840553020748e-01	   4.0112627712363613e-01	   4.6067731934291672e-01	   3.9029691113366460e-01	   4.3152428200838316e-01	   5.4645734884685793e-01	   3.0569690656021165e-01	   2.2960123670217608e-01	   3.2486146963347806e-01	   4.4040605531347932e-01	   3.3629439026616825e-01	   4.2098170842167293e-01	   2.9457472132167301e-01	   5.5568201464848666e-01	   1.3126481354311348e-01	  -4.9574655418113699e-02	   9.1994715810542693e-01	   2.8923930979812679e-01	   6.4001993591732353e-01	   3.1061027190347029e-01	   5.6291059034440560e-01	   2.0394867580527570e-01	   8.2995067518695995e-02	   5.6205660814989705e-02	   2.8289887639112765e-01	   7.2063668071122980e-02	   6.7039621759831047e-01	   6.3501280050127806e-01	   7.3348514864551206e-01	   3.5378689144678116e-01	   6.8392844515797890e-01	   3.5405042403160203e-01	   3.8181579206626598e-01	   1.7606292574322224e-01	   3.2076680757203879e-01	   3.7412870937431753e-01	  -1.0174957838898349e-01	   7.8545943080987210e-02	   9.8295472785812216e-02	   3.4922246910453902e-01	   3.1066429753322938e-01	   2.0871748561883671e-01	   1.3840576763111254e-01	  -1.2585082173245624e-01	
   3.6004291808307726e-01	   1.7440726420493541e-01	   8.3210018676505881e-01	   8.6443895911806479e-01	   7.2691062473662471e-01	   5.1079877182074784e-01	   9.2328489884948217e-01	   6.8965812627479139e-01	   0.0000000000000000e+00	   1.0028712597801819e+00	   5.8055895834686355e-01	   3.9058598167662240e-01	   7.0554370528464139e-01	   6.0449704863115572e-01	   8.9880901172670324e-01	   6.2596310495814411e-01	   1.9936924992705746e-01	   2.2573242133383334e-01	   4.3906466420464768e-01	   2.7344031715568673e-01	   4.6125899870281772e-01	   5.7020670378140514e-01	   3.6691763319521770e-01	   3.7943299839849781e-01	   2.8840318081005939e-01	   3.5999244410228659e-01	   4.4481968808136613e-01	   4.0769243826873025e-01	   4.5213556458425858e-01	   3.4085301832370407e-01	   3.5012766811207346e-01	   3.4403136134623563e-01	   5.8047620437540148e-01	   5.4179980718432019e-01	   1.5484186182707421e-01	   2.8455347201636177e-01	   1.7739468505093955e-01	  -4.4352211114717023e-02	   2.0594629633381364e-01	   3.0148436682465106e-02	  -8.2343053182937671e-03	   1.0080894827470091e-01	   6.6561045009473097e-01	   4.8693733773103243e-01	   4.6032335032077865e-01	   4.7100956425087792e-01	   4.8537246529072026e-01	   5.0953454282285049e-01	   4.9298000925490315e-01	   5.6218006244542795e-01	   5.8651403282674786e-01	   5.4996744547417575e-01	   6.5383561012768032e-01	   4.9985281322783093e-01	   4.9635314607819458e-01	   4.1771829111260539e-01	   2.1132800245950831e-01	   2.6073571483700386e-01	   6.9655254065064931e-01	   5.8362134151370915e-01	   8.6669579894700910e-01	   7.6070557955671658e-01	   5.4017612114407210e-01	   4.8916023599691594e-01	   6.5686359743293310e-01	   6.7979549687695440e-01	   6.0212256681091447e-01	   4.8927429893236662e-01	   4.0326914006706244e-01	   2.6163295347314985e-01	   5.9396512824212411e-01	   4.3378444446915188e-01	   4.2520666993785439e-01	   2.3053572149832124e-01	   3.5123865307388746e-01	   2.1705272927912259e-01	   4.6185732277944758e-01	   3.9820776502258748e-01	   3.1062100119314662e-01	   3.8213502919240888e-01	   3.4032718622990765e-01	   3.7594119161230233e-01	   1.7624155459624291e-01	   3.4449218664164377e-01	   4.1812291766376619e-01	   5.7395888725396071e-01	   1.2281855770400887e-02	  -4.9776832900009553e-02	   7.2628574021219927e-01	   5.3842090757133598e-01	   7.2704661280247240e-01	   7.2553531854151043e-01	   7.1875513678300507e-01	   6.8764415098311571e-01	   2.5272551081785521e-01	   8.9411487646570850e-02	   5.7556087100833930e-01	   1.7746777494757177e-01	   5.2977236350663004e-01	   7.2320920151405599e-01	   5.6472940003651328e-01	   5.2273517825927329e-01	   5.1165012231700446e-01	   5.7623788737595749e-01	   3.9087417308395711e-01	   3.6507938265557333e-01	   5.6342830532398280e-01	   4.1389620346737899e-01	  -1.0506932092535204e-01	   5.3228465138918851e-02	   1.6624144095416885e-01	   3.3322783676283591e-01	   5.6597840515807496e-01	   3.3869511633098193e-01	   1.0022788399728222e-01	  -1.8663298725445132e-01	
   3.6234225249085755e-01	   8.7733106499723254e-02	   4.4778911954127609e-01	   8.9324376799036798e-01	   4.5887623068822225e-01	   7.2015193542911182e-01	   7.7973529262623975e-01	   9.3542385490730751e-01	   1.0028712597801819e+00	   0.0000000000000000e+00	   6.6648016341172012e-01	   6.1280786360113815e-01	   8.3868716245615249e-01	   7.3106592908754953e-01	   7.5241849906746572e-01	   7.7897327480882794e-01	   1.8568650150269189e-01	   5.0509616540275019e-02	   3.2070599807229166e-01	   2.5943474720673265e-01	   2.3339758308442099e-01	   3.0398512512840919e-01	   2.8475995013421124e-01	   3.8532209935294653e-01	   4.5362655589848269e-02	   1.8118781758799068e-01	   2.4387727817503743e-01	   2.9033610731330417e-01	   4.2772457263432373e-01	   3.7149688770313799e-01	   2.0564351990127536e-01	   3.1967879128765375e-01	   3.3831821773436688e-01	   3.8198221418196182e-01	  -5.1162504285225474e-03	   1.7144372091904495e-01	   9.9367812522195578e-02	  -2.0010073322985883e-01	  -5.4672288955327775e-03	  -1.1720350105995103e-01	   3.0031767143557098e-02	   1.1226298072584172e-01	   4.8427667880891989e-01	   3.7655817230656602e-01	   2.5928473666821850e-01	   3.7242707200979919e-01	   4.0538095143088559e-01	   4.7481649255971303e-01	   4.3603212018352400e-01	   4.8880924114430824e-01	   4.8249923230132558e-01	   3.9507910024506920e-01	   6.0105394656938271e-01	   3.3976086208520645e-01	   4.3859761123244212e-01	   3.2283462294850018e-01	   1.5094220749826770e-01	   2.0034664045798034e-01	   6.9765010119386706e-01	   7.3219041098584314e-01	   8.6605120957340498e-01	   9.5065810894539771e-01	   7.0309239963947945e-01	   6.1947202399962742e-01	   4.1757687485115214e-01	   6.2771520017538429e-01	   4.3760218856899924e-01	   4.9029437346191751e-01	   3.2825911962911786e-01	   2.4051968464621037e-01	   5.3222688795504691e-01	   4.5811356385775542e-01	   3.4460138071499641e-01	   1.7593812652943877e-01	   3.5503359129078149e-01	   2.1316295266612423e-01	   5.6939833045912081e-01	   4.9926887457329605e-01	   2.4721368748693642e-01	   1.4824727707661378e-01	   2.7393519568975055e-01	   1.9715944432898255e-01	   1.0501283586836480e-01	   1.8881439589468280e-01	   2.9439968749283729e-01	   3.6760072523259218e-01	   1.1690233727893834e-01	  -1.5597569008122414e-01	   7.9954049095324287e-01	   4.4369449254257426e-01	   6.9398161498019162e-01	   5.8678640355015710e-01	   6.6963766802362623e-01	   5.3900000087424393e-01	   2.5318418500986084e-01	   5.6308366565818576e-03	   4.5069729720931534e-01	   1.5087527778712453e-01	   5.3354622076949920e-01	   7.0723365047606657e-01	   5.1067568017280141e-01	   5.0088755122175455e-01	   4.8528520219663707e-01	   4.7002586489431974e-01	   3.3282424580618830e-01	   3.1087566383136850e-01	   4.7758124875050806e-01	   3.9826692092716309e-01	  -1.5272770154966381e-01	   8.0719279106727382e-02	   1.8446885728948112e-01	   4.7956419229580627e-01	   5.3186924604489827e-01	   4.0367979515896413e-01	   4.2718288779595201e-02	  -6.0134518455536017e-02	
   8.0370710341536433e-01	   3.6416462115020237e-01	   4.8292003783851906e-01	   3.8208180028984523e-01	   2.9331202226158315e-01	   2.6090208197197423e-01	   7.8693797697013967e-01	   5.0893760818842670e-01	   5.8055895834686355e-01	   6.6648016341172012e-01	   0.0000000000000000e+00	   7.6379482588180436e-01	   1.5002422114674774e+00	   8.7832002017959887e-01	   6.8335417134262399e-01	   6.6328018261516164e-01	   4.2262326545110829e-01	   2.2020190457433178e-01	   6.6575141309787067e-01	   3.4880911619436672e-01	   1.6045962769808769e-01	   8.6921314157744303e-02	   1.1734625381547738e-01	   2.6701084336984347e-02	   4.8127391211339826e-02	   3.8057531707584052e-02	   3.4467615238219573e-01	   3.5474064253096965e-01	   5.2780827193584545e-01	   3.0132892593366417e-01	   9.7263323939105577e-03	   9.5853461764257325e-02	   3.1891665015226767e-01	   2.7269921117284551e-01	  -1.6892703386654340e-01	  -9.0128509365946186e-02	   2.6134602251585509e-01	  -2.5452772033620064e-01	   2.5714500767139790e-02	  -1.7194473120359427e-01	   4.1996668387494433e-02	  -6.1515920389745640e-02	   2.4555778942301057e-01	   1.8840152200419336e-01	   2.8590635759571270e-01	   3.8227632804994549e-01	   3.2466524825225884e-01	   2.5960335391914224e-01	   5.5176889942022567e-01	   5.4815629792705289e-01	   5.7930965647625687e-01	   4.6075061620884034e-01	   5.9059408718532713e-01	   3.3975660254386830e-01	   3.2531479335138008e-01	   2.9121692581992914e-01	   4.6547237261433855e-01	   5.2796803976129558e-01	   1.0100799789778225e+00	   6.3691653541195037e-01	   1.0539618627473630e+00	   5.8019091615767526e-01	   6.8885389857662371e-01	   5.0798467784605128e-01	   2.4853041864802461e-01	   1.3983579471121213e-01	   3.7573051925146994e-01	   2.3781138663189799e-01	   5.1876222181212861e-01	   4.3109388732213738e-01	   3.5092369960741637e-01	   2.6620287576170693e-01	   3.7109226052753869e-01	   1.1296239150371989e-01	   2.2232342895608834e-01	  -4.7653054402736154e-03	   2.7821156900886795e-01	   8.8784540346327656e-02	   4.8679803584482517e-01	   3.0642444011207765e-01	   4.4790410400932779e-01	   2.3614932060589941e-01	   7.1199394990332537e-02	   2.7281522852782158e-01	   3.6669267630951269e-01	   2.9852316350463609e-01	  -1.3361187160613738e-02	  -2.0117393370613257e-03	   5.3661275569843325e-01	   4.7240977453415289e-01	   2.0115388796174649e-01	   2.0627825382624457e-01	   2.2466570690815990e-01	   3.1278057722844277e-01	   7.2112019333551894e-02	  -1.2348161694135786e-01	   2.1715092737643854e-01	   5.7929300007039247e-02	   3.0025605536811617e-01	   4.7456985269790669e-01	   5.3562540138045112e-01	   6.3880206341042711e-01	   4.7407693860437716e-01	   6.6544693626516294e-01	   3.3909544485827126e-01	   3.7784345543125419e-01	   4.3035879519600068e-01	   4.1883857648337985e-01	  -1.8558408989481870e-01	   6.6478063855583067e-02	   2.7142638450105758e-02	   3.1898991650249725e-01	   4.3202295542227898e-01	   4.6397854738792826e-01	   6.1583387357266310e-02	  -1.2367590421350191e-01	
   6.6860222781455514e-01	   4.4401680640185281e-01	   1.6719412424782243e-01	   5.9004147706785193e-01	   4.3299682585843036e-01	   5.7546225445309163e-01	   4.5616643271378093e-01	   8.7286231955964722e-01	   3.9058598167662240e-01	   6.1280786360113815e-01	   7.6379482588180436e-01	   0.0000000000000000e+00	   7.2549636001683249e-01	   1.0209440912373584e+00	   5.2729251208451844e-01	   7.4304982817634735e-01	   6.1058253596901391e-01	   4.9485827123144421e-01	   5.5911797534481589e-01	   6.0517039227075231e-01	   2.8598095813424668e-01	   2.1893629412774607e-01	   1.8979362167322027e-02	   2.2019103648380808e-01	   1.9068023811146147e-02	   1.0514734455792250e-01	   2.6912163557988961e-01	   4.0927065079150601e-02	   6.3854095202646277e-01	   6.8741426727460897e-01	   4.9118795920514671e-02	   5.3327427516035836e-02	   5.3630397145153097e-01	   6.3343006816539538e-01	  -1.6640311149705392e-01	   5.7644370772232709e-02	   2.2958842340145630e-01	  -4.2134533534580715e-02	   9.4671769887504018e-02	   7.9662068297866304e-02	   3.6855578480001699e-01	   2.3285552364007844e-01	   2.9707405100933737e-01	   2.9812782459242559e-01	   5.7322318022556540e-01	   7.0350179207728325e-01	   5.8393738749664037e-01	   5.3080406836344241e-01	   8.5251761942176496e-01	   8.0702885045085226e-01	   7.6749138966341002e-01	   6.9937676721785602e-01	   8.2325567033894032e-01	   5.8130274427675499e-01	   4.8079324949617941e-01	   5.3573475881794075e-01	   4.5106040430986161e-01	   5.6745290202428655e-01	   7.7247822139401312e-01	   1.0050209844971782e+00	   5.7460275624981372e-01	   8.4364853892060343e-01	   6.7648462842202206e-01	   9.5835412620775851e-01	  -6.6530075362284904e-02	   2.4248035894621975e-01	   5.3306845659056223e-01	   5.7557745733758958e-01	   4.5734360726916745e-01	   4.3770050903348473e-01	   2.6020296709244739e-01	   2.8080351387750652e-01	   3.5976592034449251e-01	   4.1659403216376584e-01	   3.9459216822911303e-01	   1.2916518344258848e-01	   3.6993869986611211e-01	   2.8377743186690196e-01	   6.2855100396698838e-01	   4.4821774377802737e-01	   5.9509920009779282e-01	   4.6461312927818332e-01	   3.1277286272375693e-01	   5.0957874717988638e-01	   2.4549143318275768e-01	   4.4246003107741660e-01	   7.2995770011150429e-02	   1.0552042481940502e-02	   5.1345018544464882e-01	   4.0887623611566315e-01	   2.4453928206889808e-01	   3.9295805975880166e-03	   1.9709639668908432e-01	   1.5382485021823425e-02	  -3.5615130563471237e-03	   6.6329839934901463e-02	   2.5586185565129149e-01	   2.1158096685445693e-01	   4.9611468363204392e-01	   4.3937851192045951e-01	   5.6820418485057367e-01	   3.1300381552260309e-01	   6.0104152181161496e-01	   5.1660648301714684e-01	   4.0521574227894464e-01	   2.9181376537084036e-01	   4.1309368852176537e-01	   4.5690875669224978e-01	  -2.1381877709154259e-01	   1.3031284796542705e-01	   1.2385052835258670e-01	   4.3829860279159938e-01	   3.8229464284792192e-01	   3.5943670424557100e-01	   9.7056217664275649e-03	  -1.1569439293543844e-01	
   7.2192940996086086e-01	   2.7765060059776348e-01	   5.7054239135944806e-01	   5.2477717646309241e-01	   4.2842368126344244e-01	   3.6224096175177078e-01	   9.8001186628408932e-01	   6.2337538229815548e-01	   7.0554370528464139e-01	   8.3868716245615249e-01	   1.5002422114674774e+00	   7.2549636001683249e-01	   0.0000000000000000e+00	   9.5539542056992177e-01	   8.2319189624059330e-01	   8.1366599875287382e-01	   3.3734746025212481e-01	   1.7020190723422510e-01	   6.6024908594691456e-01	   3.1366643838509617e-01	   1.8126055824810508e-01	   1.6369108806068092e-01	   1.7830085591830402e-01	   6.6504491968918888e-02	   9.2041319468365593e-02	   5.2488758383847145e-02	   4.2523437724932345e-01	   3.3757480599099154e-01	   5.5249078410029984e-01	   3.1817522282751581e-01	   7.7601841028618612e-02	   1.6534468006077191e-01	   4.0913152969079530e-01	   3.1499067402838760e-01	  -1.1376772378426668e-01	  -5.3358247361513692e-02	   2.2538000944158124e-01	  -2.8769411145764634e-01	   5.7079616330660062e-02	  -1.4455857955825188e-01	  -2.1519861860935267e-03	  -1.4854864064970611e-02	   3.0049153974066650e-01	   2.2424390497323909e-01	   2.9934520745165905e-01	   3.8175286112417806e-01	   3.5293042566823751e-01	   2.9980048567438611e-01	   6.0270050220375959e-01	   6.0750627091205933e-01	   6.4134103369203566e-01	   5.0520516944902272e-01	   6.7867285441027736e-01	   4.0713330731473973e-01	   4.0688906908913280e-01	   3.3708704782529381e-01	   3.9370994257426845e-01	   4.3487458422233827e-01	   1.0810141911362465e+00	   7.2028735301750613e-01	   1.2127607935927058e+00	   7.0193828043093154e-01	   7.6658953885233005e-01	   5.2638129479314855e-01	   3.5171980227533950e-01	   2.4808404127569428e-01	   4.9198674470078074e-01	   3.2195804467777556e-01	   5.3713475821102508e-01	   3.9759644520418913e-01	   4.0208583843898044e-01	   2.7859483206734958e-01	   3.9416819947901888e-01	   1.0503272962825515e-01	   2.6963120637581550e-01	  -3.4148135799727183e-02	   3.0360355228364327e-01	   1.4949138179082175e-01	   3.8746032811164721e-01	   2.6545731539607820e-01	   3.9027872496334787e-01	   2.0153740727862113e-01	   1.1218907088486790e-01	   2.8168579446961850e-01	   4.2224008188072149e-01	   3.1650081106794781e-01	   7.2942726478484807e-02	   3.0006089467813687e-02	   7.1691313121481226e-01	   5.3896442584214355e-01	   2.8861987775352493e-01	   3.0798126760828831e-01	   3.1138567946126733e-01	   4.0194649342005784e-01	   1.0087604484287209e-01	  -1.6772000728737552e-01	   2.6295116152577347e-01	   2.1445270790301865e-02	   3.2726355225823578e-01	   5.2639841946266597e-01	   5.6261803067001470e-01	   6.9621190874727668e-01	   5.3089318251850270e-01	   7.6633489026525226e-01	   4.2156982452044922e-01	   3.7732945703767751e-01	   4.2568404201490240e-01	   4.1955125257499826e-01	  -2.7063952545523018e-01	  -1.9185162858741985e-03	   5.2736735113206642e-03	   2.5382727265633831e-01	   4.1164338830286284e-01	   4.3221955393261396e-01	   5.4477866329135823e-02	  -1.8223548462806366e-01	
