   0.0000000000000000e+00	   1.4143295956617667e+00	   6.1311076348503457e-01	   4.5893842587957423e-01	   4.3851770016338881e-01	   3.5351679381056106e-01	   4.8287563535870925e-01	   4.4095964540740912e-01	   3.2219999443930847e-01	   4.8132715010920779e-01	   7.4348448727644156e-01	   5.8241975166344373e-01	   6.4355017301615725e-01	   5.1824786934690059e-01	   7.8698806686544731e-01	   3.6668678156426637e-01	   1.0485340923999478e+00	   9.3916723032898619e-01	   9.0795353883658736e-01	   9.4847591961599598e-01	   2.7816360706527898e-01	   1.3243358325168150e-01	   4.2009325876062736e-01	   2.6339002192483063e-01	   3.9936788826240321e-01	   3.4927571900827653e-01	   4.0406042485401783e-01	   2.1184620008928304e-01	   7.2800171015580628e-01	   6.1086016518366204e-01	   3.6756308298580442e-01	   3.2155088515836228e-01	   5.4670760997122725e-01	   5.5724042788162098e-01	   2.6493784391996533e-01	   2.0257744876920902e-01	   6.5466975609235784e-02	   2.6012683548826043e-01	   4.3285073693926945e-01	   4.3540218672565134e-01	   2.9671628689200924e-01	   3.4314293242624533e-01	  -3.2574390905175138e-01	  -3.3514956378469835e-01	   4.6920320841644374e-02	   1.9856715991222437e-01	  -1.1940593425342408e-02	  -1.1951155005693002e-01	   7.7949654917597894e-02	   2.7379109222650211e-01	   4.3345805332331122e-01	   5.6347426443873361e-01	   5.3979691876769764e-01	   5.2053553959102628e-01	   4.0591358854926923e-01	   3.3484740634094273e-01	   1.1844916620354404e+00	   1.1090334994317468e+00	   7.6719041430626100e-01	   6.6926005835750324e-01	   7.4437497069230596e-01	   5.6968611358508958e-01	   7.2609868408230382e-01	   5.7099412200293898e-01	   4.0761167728518577e-01	   4.3128918807727140e-01	   4.7295537181246916e-01	   3.4653019578165561e-01	   1.1384751363689769e+00	   6.9745560367241000e-01	   6.9129306234767401e-02	  -2.4675096682044130e-02	   2.9465684755256327e-01	   1.9560216369822825e-01	   7.4853874267084869e-02	  -8.9541400116742720e-02	   2.6947410217477492e-02	  -5.8483299242473197e-02	   7.8067403426207860e-01	   7.8165556409482118e-01	   8.6825223338085100e-01	   8.2762409435000239e-01	   7.2007691871570678e-01	   5.2400541540890222e-01	   8.1380547312573037e-01	   6.5719330089887318e-01	   1.8165372817024111e-01	   2.9958037132287524e-01	   6.7681322291336521e-01	   6.6260483646085244e-01	  -2.7229145844500258e-02	   1.5306433867188135e-01	   3.0569866257407147e-01	   4.8306483079566381e-01	   7.7897387703151910e-02	   1.7542683101513273e-01	   1.3246872028021286e-01	   6.6571561930346232e-02	  -1.8585701619934486e-01	  -1.8262780415325952e-01	   5.7550336051553386e-01	   5.1330086139890274e-01	   4.6364333775280764e-01	   5.3815460612204569e-01	   6.7776519223843396e-02	  -9.7604785055495719e-02	   9.8168394889714086e-02	   2.7606734834075358e-01	  -9.0455969047077603e-02	   2.7942296669963185e-01	  -1.9866547939062090e-01	  -1.2171920776394844e-02	   1.8733576493852690e-02	  -2.4537290461334473e-03	  -8.7159045322381917e-02	  -8.9519823476133312e-02	
   1.4143295956617667e+00	   0.0000000000000000e+00	   5.1003567470073352e-01	   6.1903743934612410e-01	   5.5228576707614263e-01	   4.6761234850901540e-01	   4.8678641062989292e-01	   5.7206684604162483e-01	   3.9833119832604996e-01	   5.4304244941359192e-01	   5.1095908847515037e-01	   7.3158765198239017e-01	   5.3553016484050497e-01	   5.5631699885014185e-01	   7.3001939742508970e-01	   3.7743618219269481e-01	   1.3066862913500767e+00	   1.3776075040534366e+00	   7.4186085010577874e-01	   1.1634013205883849e+00	   3.8341237009112944e-01	   3.1620956748038742e-01	   2.9451947667546241e-01	   2.6310731391833486e-01	   3.9922841506390339e-01	   4.2488322690891495e-01	   4.0293762498732633e-01	   2.3891024137014072e-01	   7.8740421966635188e-01	   8.4205323369084750e-01	   4.0954901531204846e-01	   3.6518199701268350e-01	   7.2561362822418796e-01	   7.8381083434039767e-01	   3.2244132364615707e-01	   3.8311023373188990e-01	   5.8759170215930898e-02	   3.7121611851294845e-01	   5.3652578154625186e-01	   5.7227594912668645e-01	   3.3547124570724035e-01	   4.4636580591183694e-01	  -2.7688783925638016e-01	  -2.6370672625185598e-01	   1.8527536544661719e-01	   3.8869596329517880e-01	   1.2075079169898829e-01	  -5.0406514215928953e-03	   2.1955473200182626e-01	   4.6565682288734905e-01	   5.8344385341296445e-01	   8.2284582046873866e-01	   6.7522846677712645e-01	   6.5413348209995315e-01	   5.4888345003459671e-01	   4.8505315259035753e-01	   1.6642016159661015e+00	   1.8373970229721779e+00	   8.5520491221830253e-01	   8.8359930987182911e-01	   7.6912534588245540e-01	   7.6344791462239192e-01	   8.3472432602168900e-01	   8.0977429658062783e-01	   3.5836583770253944e-01	   5.9700466790936091e-01	   6.2672012046927161e-01	   5.6426769474727201e-01	   1.4251864074544818e+00	   9.5892522880249609e-01	   6.3009317080900060e-02	  -4.8792726727110401e-02	   2.7205514737485248e-01	   3.0433633786593906e-01	   2.5563028751654322e-03	  -5.5830165754313689e-02	  -4.6207699888295005e-02	  -8.9473478444201629e-02	   1.0709139542832784e+00	   9.1020791534544954e-01	   1.1979883950361343e+00	   1.2192515872909095e+00	   7.3000929591557340e-01	   6.3224318631119769e-01	   9.0533160049702277e-01	   8.6297914611248683e-01	   2.4120427865875310e-01	   3.5475087036028491e-01	   6.8915893822504970e-01	   7.9341244999692351e-01	  -1.2653861940618596e-02	   4.2376084566337950e-02	   3.1202288688552421e-01	   4.0270596867579472e-01	   8.7163013060431560e-02	   2.0980627889058220e-01	   1.2133628465229826e-01	   6.4758572318867946e-02	  -1.5018268579919283e-01	  -2.6378754156577233e-01	   6.1271755548756213e-01	   5.4719472331941388e-01	   5.1324052395120634e-01	   6.6404766964942463e-01	   8.4743224783002946e-02	  -1.1989175678719895e-01	   1.2213333728895120e-01	   3.8364827808043350e-01	  -1.4938193646387274e-01	   2.6714532826823101e-01	  -1.1607556348366108e-01	  -5.0990320501551563e-02	  -7.8594877494046218e-03	  -3.4709872503105479e-03	  -1.6100261956904768e-01	  -1.4847913747359201e-01	
   6.1311076348503457e-01	   5.1003567470073352e-01	   0.0000000000000000e+00	   6.4352251922857595e-01	   7.8820871073829768e-01	   5.4408431923577116e-01	   1.1143001337346199e+00	   5.5170501658865367e-01	   5.4791174054404201e-01	   5.7921888990887149e-01	   5.3730230566668769e-01	   4.0878062403087545e-01	   6.3693189770345127e-01	   5.1895397942818788e-01	   7.2978859346031488e-01	   8.0197872414273252e-01	   5.0229313802008146e-01	   5.6709953083595677e-01	   6.2088423255395020e-01	   7.1504081011349041e-01	   7.3700297162818962e-01	   3.7941337893910654e-01	   6.8846902638155805e-01	   4.4350066088322682e-01	   6.4650445612095120e-01	   5.2963916496366081e-01	   5.9668667702399447e-01	   5.3629475538701965e-01	   4.8452021586592892e-01	   5.5333407543014901e-01	   7.4901772129021016e-01	   6.1428521865632291e-01	   8.0905903215575370e-01	   7.4897744224490581e-01	   5.4924870265874781e-01	   4.7072200355229765e-01	  -4.8999607744908351e-02	   2.4401428672244485e-01	   4.9701165976039163e-01	   4.9159368125199604e-01	   3.6512046501391837e-01	   2.6723081339948723e-01	   1.4511606520661977e-01	   9.0000544239125457e-02	   2.7912307468429376e-01	   2.9992798412318472e-01	   2.5833871470850545e-01	   2.6557551877135233e-01	   3.5612203841698320e-01	   3.5825816809647609e-01	   5.9201112249100418e-01	   4.8123314392956235e-01	   5.0407294456883933e-01	   6.7552811763567955e-01	   5.5833162834721617e-01	   6.3020022384660024e-01	   5.3332368826338172e-01	   5.4223608964900194e-01	   7.0241402426744659e-01	   5.1633592451650123e-01	   7.1641474820495643e-01	   5.2717004626870279e-01	   6.0600753996910184e-01	   5.5639988807223262e-01	   5.7913380806130399e-01	   4.5871136923192890e-01	   7.4180373355931306e-01	   5.2917588813754857e-01	   5.9231043685785711e-01	   6.1339875840352154e-01	   2.0292197203185997e-01	   2.7660931334163930e-01	   2.8747234203264294e-01	   2.6572605894935852e-01	   2.4946288852046253e-01	   1.2948221513312574e-01	   1.2779821689804349e-01	   2.8170517762234748e-01	   5.9870698653213072e-01	   6.1054139628244364e-01	   6.7514980395126667e-01	   6.5455719527786316e-01	   5.9904709300355496e-01	   6.2914421451589952e-01	   7.3103777705936979e-01	   7.4005796541243574e-01	   3.6307946649103129e-01	   5.0177284385962884e-01	   8.1284013009944545e-01	   7.5707915607925769e-01	   4.2323857979790969e-01	   5.7096604069754497e-01	   6.0353383721611875e-01	   7.9542487785098392e-01	  -1.6786184099974295e-02	   3.3590597925872678e-01	   1.1366298638157553e-01	   2.6106849244411334e-01	   2.4148572374439972e-01	   1.9136390340730625e-01	   7.2446569263554628e-01	   5.9246327784148833e-01	   5.6385314655740137e-01	   6.2703866390316354e-01	   3.5001221431566443e-01	   8.7155034666732384e-02	   1.3403571009939860e-01	   2.0604635519216052e-01	   5.6829387537229772e-05	   1.1905872384811854e-01	   1.5045732263748013e-01	   2.0302983129806196e-01	   3.5611583173803024e-01	   2.7426782191356247e-01	   2.4173510495533745e-01	  -4.0465040179852065e-02	
   4.5893842587957423e-01	   6.1903743934612410e-01	   6.4352251922857595e-01	   0.0000000000000000e+00	   1.0370853300559733e+00	   1.4580487678496050e+00	   5.3778789013752870e-01	   1.3657752639895173e+00	   7.6192561011137261e-01	   1.3317195323718147e+00	   3.4121979127767205e-01	   6.8262510097859819e-01	   5.5866141546488346e-01	   9.8981026079599399e-01	   6.0958642990810019e-01	   8.4694201257364821e-01	   5.6478827430711709e-01	   4.7111133891104506e-01	   2.9584824548685856e-01	   6.1718508137223393e-01	   5.3286147893410518e-01	   4.6767454235189865e-01	   4.4580333536998679e-01	   8.8497752832625554e-01	   4.8583088238704492e-01	   8.3071196305051942e-01	   7.7476252870076556e-01	   6.3528957427838828e-01	   3.8340669188370302e-01	   6.1036787953869132e-01	   5.5998898819185750e-01	   9.2273334854741995e-01	   6.8816174618826698e-01	   9.1761773102950395e-01	   6.9080624192157580e-01	   8.0621528010504007e-01	  -2.9924095816403540e-01	   1.7770018745618490e-01	   3.0207678802983245e-01	   4.8662166725187211e-01	   1.3592676030227815e-01	   2.0248698764846690e-01	   4.4442969523972309e-01	   4.2025673824684362e-01	   6.9588815644239310e-01	   9.5023585082203621e-01	   7.0650332093543855e-01	   6.3884443037179950e-01	   8.9320351867634673e-01	   1.1345721978858825e+00	   1.1015103276008633e+00	   1.0041006187004757e+00	   9.1561739493261640e-01	   1.0257189973687841e+00	   9.2517135990043065e-01	   8.8562344557335893e-01	   5.9812947539996886e-01	   6.3690917126531921e-01	   8.4172117125127233e-01	   1.1547749048773939e+00	   8.3645156819580269e-01	   1.2081021807241061e+00	   5.4996075935448929e-01	   6.4668637795106865e-01	   5.7040140416220830e-01	   1.2427414352037103e+00	   1.1638495853633040e+00	   1.4663330517869422e+00	   5.3108243571758740e-01	   8.8662505882117093e-01	   3.2394252985302067e-02	   1.9838219108173874e-01	  -1.1301976847212146e-02	   2.4755279304766520e-01	  -2.6655983788091815e-02	   1.4091156102608463e-01	  -8.4468643111520782e-03	   2.0631143983856876e-01	   6.7243778979892221e-01	   4.5287679648200230e-01	   7.2243580086727732e-01	   6.6436094178045213e-01	   5.3181895366198717e-01	   8.0336858634287922e-01	   8.8231920515419515e-01	   1.0061243197542469e+00	   5.8663307185236646e-01	   7.3832379435045947e-01	   1.0002096494240589e+00	   1.4574181499753345e+00	   8.4447038927991003e-01	   4.2686177849878154e-01	   1.2087374761405458e+00	   5.6294404427153166e-01	   3.7084587793463360e-02	   3.2356806678317379e-01	   1.0452607578256018e-01	   7.5780528698903032e-02	   3.4143193837795638e-01	  -2.4085367058031364e-02	   1.0280779374380991e+00	   5.8524518727372588e-01	   7.2239188332354021e-01	   6.3930918722389896e-01	   6.2452265079857461e-01	   3.0171166370351027e-01	   2.9556587630571340e-01	   4.7203997312742740e-01	  -1.6564753772632401e-01	   3.3908721704464812e-03	   1.2242240736001951e-01	   1.1071663865180234e-01	   4.5003086622885391e-01	   2.6287639186294864e-01	   2.5941955939032224e-01	  -1.6912530626057254e-01	
   4.3851770016338881e-01	   5.5228576707614263e-01	   7.8820871073829768e-01	   1.0370853300559733e+00	   0.0000000000000000e+00	   1.0994986676670933e+00	   6.7197292280418475e-01	   7.9936436993047155e-01	   8.9349032297244757e-01	   9.4591198294324175e-01	   2.6260705098957626e-01	   4.6837758506681026e-01	   4.5881426814880588e-01	   5.9521522684836436e-01	   5.3940413150197541e-01	   5.9993679042623149e-01	   4.4124843017110593e-01	   4.9441535767995332e-01	   2.2373618270991300e-01	   5.1253340204890874e-01	   6.6602772323665993e-01	   4.4929434501678284e-01	   4.8687082240103063e-01	   6.3136665800161484e-01	   7.0858457210184422e-01	   8.7175169538440012e-01	   9.0232524764536870e-01	   7.4830824925261286e-01	   3.0115191299195226e-01	   4.3399092671243128e-01	   5.6890109514460818e-01	   6.3511062028865028e-01	   6.0469750456762339e-01	   7.3282577378720659e-01	   9.0917317601622383e-01	   8.9923330269589552e-01	  -1.2309169748239311e-01	   2.6296341732793266e-01	   2.5186547662562531e-01	   3.4704439973962092e-01	   1.5124367902267424e-01	   1.9314128447699128e-01	   1.7137891141069722e-01	   1.6396709252634778e-01	   5.1253592138570003e-01	   6.5418310167751992e-01	   4.0619185598446855e-01	   3.3402531818110481e-01	   5.1648177868886380e-01	   7.1152240523233889e-01	   6.8846494144768799e-01	   7.5335431826745280e-01	   6.4336878562733490e-01	   7.4032159634847305e-01	   6.1936525040461055e-01	   5.2778189512808349e-01	   5.8873577284441492e-01	   6.2867983230123570e-01	   7.1762192909447853e-01	   8.0123759923995652e-01	   7.2135600065730132e-01	   8.4150210508089751e-01	   3.8448128371241824e-01	   4.7132177466904329e-01	   6.2221505246925901e-01	   8.9783573998554644e-01	   9.4343768281780871e-01	   9.7469603744735878e-01	   5.2716102957894384e-01	   6.6272225088518666e-01	   1.0843217255694515e-01	   2.2341029294243842e-01	   3.5658613249008847e-02	   1.0225645424731072e-01	  -5.2368623476664850e-02	  -6.3408341459299342e-02	  -5.2541071581226707e-02	   1.1986411583095151e-01	   6.1079151870497872e-01	   5.0279096210496466e-01	   6.2781783505946809e-01	   6.1243712925779514e-01	   5.0334611438940557e-01	   6.3830448846032506e-01	   8.0185261556839960e-01	   8.1341639289662315e-01	   4.2505729213115845e-01	   5.9836343134510739e-01	   7.3153041287971676e-01	   9.1304035536662009e-01	   4.7821934655004200e-01	   3.7287860141899898e-01	   8.0016723655145150e-01	   6.5451983428560367e-01	  -3.2613790001181510e-02	   2.4707809219265953e-01	   2.7455503567081867e-02	  -6.5727646402505766e-02	   1.3662188862972841e-01	  -1.9085784223601199e-01	   7.1903476837046809e-01	   5.9968386557400655e-01	   4.4427635902302254e-01	   5.1419219226655710e-01	   2.9630775116937064e-01	   5.9756528788891296e-02	   2.2992998145078430e-01	   2.4836885598847872e-01	  -2.1895582819317516e-01	  -3.7314406808650882e-03	   3.1785799922880470e-02	  -1.2134508018556544e-02	   2.6403026331710477e-01	   3.4039942171639581e-02	  -7.7553302898642632e-03	  -1.8947505540190782e-01	
   3.5351679381056106e-01	   4.6761234850901540e-01	   5.4408431923577116e-01	   1.4580487678496050e+00	   1.0994986676670933e+00	   0.0000000000000000e+00	   5.3421171538176881e-01	   1.2152456300167307e+00	   1.0595205384008526e+00	   1.5169956199588750e+00	   2.9937635518446504e-01	   6.6378861185608173e-01	   5.9634337582923980e-01	   8.5960292818627537e-01	   6.1774009964430843e-01	   7.9679889863970621e-01	   4.0689018573765356e-01	   3.5099343355996326e-01	   1.9266804081920530e-01	   4.4943704592991562e-01	   6.1791450661417269e-01	   4.8744416720436556e-01	   2.6145306441396049e-01	   5.9660875506782352e-01	   4.3228720149436162e-01	   7.4726771990638863e-01	   8.0970311859535471e-01	   7.9277769004559939e-01	   2.6842177761573516e-01	   4.5816632633037713e-01	   3.5661327864914444e-01	   6.2203286607382324e-01	   5.6778593259682197e-01	   7.3869469918127906e-01	   6.1738686467647386e-01	   7.8135411037925340e-01	  -2.5037910828512844e-01	   4.5700991530490370e-02	   1.8048567623758119e-01	   3.0464285724517981e-01	   4.8656797302180097e-03	   9.0024634867978126e-02	   5.1439146054984741e-01	   4.7200967850964359e-01	   7.4663529194375133e-01	   9.6306445913475125e-01	   7.1142084640757819e-01	   6.6637954166953417e-01	   8.6325567066530895e-01	   1.1188694163739021e+00	   8.6687245905409738e-01	   8.7049588439015657e-01	   8.1659474532265497e-01	   8.3415867561572643e-01	   8.6038499162617410e-01	   7.2744993370298416e-01	   4.3646094006320579e-01	   4.8348930823584518e-01	   8.0028994314637836e-01	   1.0395164708155646e+00	   7.7403901204729653e-01	   1.0284031976128507e+00	   3.9702872379218745e-01	   5.1772681383595942e-01	   4.2838926799170213e-01	   9.4310027256786866e-01	   1.0733979714157518e+00	   1.2978513851814535e+00	   4.2059427834598290e-01	   7.5257243826809528e-01	  -5.8153401400801247e-02	   2.4587490299508311e-01	  -1.1893299996769405e-01	   9.3093422668556206e-02	  -1.4961303128412667e-01	  -2.1786618198961022e-02	  -2.9605343438124924e-02	   1.6283504717315495e-01	   5.1645459447229269e-01	   3.4145898043592665e-01	   5.4279579356095764e-01	   4.7438350892061321e-01	   3.7132612537018517e-01	   5.5072401398409354e-01	   6.9102996294799812e-01	   7.5017591504366365e-01	   4.4476543502176991e-01	   5.7575616200907687e-01	   7.7901201499059847e-01	   1.1015025577011963e+00	   7.5777591709495717e-01	   3.7123153735344400e-01	   9.5872257383260140e-01	   4.8312609428314202e-01	   2.0741707239030158e-02	   3.6661887156557893e-01	   6.1235547672420482e-02	   1.1252593833363836e-01	   4.2404322656150684e-01	   1.9820155811623688e-03	   9.5239247307670982e-01	   4.6085765405496187e-01	   6.2204128784351975e-01	   5.6340205219927397e-01	   5.9981142839253765e-01	   2.4764655964423293e-01	   3.6196708419897816e-01	   5.6432490331694329e-01	  -1.4244833928549697e-01	  -2.7949543880090293e-02	   1.6742071432093397e-01	   9.9008007511003554e-02	   4.4486369783742929e-01	   2.3352657560095808e-01	   2.0360648530084446e-01	  -1.4250741305338635e-01	
   4.8287563535870925e-01	   4.8678641062989292e-01	   1.1143001337346199e+00	   5.3778789013752870e-01	   6.7197292280418475e-01	   5.3421171538176881e-01	   0.0000000000000000e+00	   7.8086189509921122e-01	   7.6908617279256086e-01	   6.5392761586519910e-01	   7.2724495738518991e-01	   5.2048590217425128e-01	   9.2207178650683130e-01	   5.2359809381182554e-01	   7.6863514731732785e-01	   6.9578629834039718e-01	   4.8741734968839312e-01	   6.1246304156895115e-01	   6.0844700257551054e-01	   5.8508376175379040e-01	   6.9788468485251254e-01	   3.7385761857998756e-01	   4.2985759153649727e-01	   1.6237477924672361e-01	   1.8762321048831265e-01	   1.4617200787306436e-01	   2.5953737367415486e-01	   2.8999595271942358e-01	   6.0580633279678631e-01	   7.1579903229492359e-01	   6.4493967411378461e-01	   5.0106472800682067e-01	   8.3571027257078889e-01	   7.9336502921194241e-01	   3.4229129565563909e-01	   3.8716698441443181e-01	  -2.3368118684844563e-01	   6.0333465276297134e-02	   2.7465108208103772e-01	   2.8487992608842283e-01	   2.4314598392005504e-01	   2.4472510630160560e-01	   1.7652134711082718e-01	   1.7901274219911306e-01	   3.5284955363851678e-01	   3.9899209402226549e-01	   2.5317422217568986e-01	   2.6001255453927918e-01	   3.3455193034675823e-01	   3.9398017814536707e-01	   3.9540792348677478e-01	   3.8398039222402752e-01	   3.6843742421189157e-01	   4.5876593354076245e-01	   4.4703472217584761e-01	   4.8765018524017034e-01	   4.0783750771648014e-01	   4.9117948485660884e-01	   5.8884007602406108e-01	   5.5090503843356975e-01	   8.2643983282400812e-01	   6.5525310557212046e-01	   6.4474659892910047e-01	   7.5548094327037552e-01	   3.7656079643230711e-01	   3.2161291054818153e-01	   6.3225102282412693e-01	   5.2549721978084873e-01	   4.1762461636049275e-01	   5.1735597829435975e-01	   3.1563007345935296e-01	   3.5671199688005578e-01	   2.4240564572303924e-01	   3.8486094227861450e-01	   1.9895774470316577e-01	   1.6145577555424717e-01	   3.3174644267426617e-01	   4.0142640959393427e-01	   4.8196927277820445e-01	   5.6586807387516047e-01	   5.9511774701007480e-01	   6.3339714821542803e-01	   4.3982213099634521e-01	   4.8045299189612645e-01	   6.5294769758120674e-01	   6.4138886064156875e-01	   1.6050464715140100e-01	   2.4690885168307555e-01	   5.5596712547962968e-01	   5.7881372481918236e-01	   3.8009221441950874e-01	   4.6945094744742566e-01	   4.6142303486882325e-01	   6.7153663345889580e-01	  -2.3393648008308006e-03	   3.1497547565630241e-01	  -7.9225645937251350e-03	   1.3767759915426542e-01	   2.9647743350049877e-01	   1.5557164702161966e-01	   7.1195853077185334e-01	   6.6823325044895932e-01	   5.1432910704198620e-01	   5.8332251376337696e-01	   2.8718582253457581e-01	  -7.4434192543798863e-02	   1.1992980314736845e-01	   3.4962532233008298e-01	   5.6922456065151304e-02	   1.5452010527431381e-01	   1.4447763254740795e-01	   1.6470529610267484e-01	   3.1346516040638922e-01	   1.4324652524778064e-01	   1.5992870304211868e-01	   8.4136350911804547e-02	
   4.4095964540740912e-01	   5.7206684604162483e-01	   5.5170501658865367e-01	   1.3657752639895173e+00	   7.9936436993047155e-01	   1.2152456300167307e+00	   7.8086189509921122e-01	   0.0000000000000000e+00	   8.6410128334823888e-01	   1.4403482318979219e+00	   5.5656521521482738e-01	   8.8415247616249992e-01	   8.0730958316058865e-01	   1.1730836297866480e+00	   6.4774548306019331e-01	   8.3314261987628324e-01	   5.3266697737206536e-01	   4.5487422742448624e-01	   3.3555805079429918e-01	   5.2105771026084158e-01	   5.3044892754132023e-01	   4.0899342295990293e-01	   3.2516276996469601e-01	   5.6342472921334530e-01	   1.6506829712986898e-01	   3.6626496690610488e-01	   4.5943200242364196e-01	   3.8234655233194142e-01	   4.5302742141296526e-01	   7.2169524729998924e-01	   5.2737682353366833e-01	   7.6883954371527197e-01	   6.7092190866455259e-01	   8.9244890482139194e-01	   4.2004410422368960e-01	   5.8859001814793610e-01	  -4.8674096275439227e-01	  -6.4298549134544306e-03	   1.3171351529844191e-01	   3.3151554622051527e-01	   1.2959677797501334e-01	   1.5900236065999077e-01	   4.5767147393421559e-01	   4.7920735937833836e-01	   6.6453789621587311e-01	   8.7778606467374953e-01	   6.1767544296891874e-01	   5.9775965032047218e-01	   7.8594203181275957e-01	   9.9850697188488224e-01	   7.6313857237926952e-01	   7.7623341660395040e-01	   6.8600982916130870e-01	   7.1603273666870393e-01	   7.5545586831331313e-01	   7.7705533949578109e-01	   4.4897820686300649e-01	   5.3263575481972736e-01	   7.4721755967445225e-01	   1.1272245893736896e+00	   9.9035178985414940e-01	   1.3572210777558920e+00	   6.0760528436061279e-01	   7.6992243750137535e-01	   4.1499636180044747e-01	   8.4879301081104030e-01	   8.9467837886762025e-01	   1.1185745719792597e+00	   3.8366995846167412e-01	   6.9988760100757830e-01	   1.5747481259665352e-01	   3.0590068208065474e-01	   2.7514110024377428e-03	   3.0166066897918170e-01	   3.3241555974349850e-02	   2.0106723394417902e-01	   1.8517161187395975e-01	   3.3445427773011299e-01	   5.1978695204660119e-01	   4.3434059376554091e-01	   6.2999050499428433e-01	   6.0671014369762788e-01	   4.3957985308744940e-01	   6.3526651262844969e-01	   7.7393896595454659e-01	   8.1591917448482398e-01	   3.9082354147061793e-01	   5.1333329111262205e-01	   7.4249969502442403e-01	   1.0616106815666688e+00	   7.7722470654415377e-01	   4.1024940586301767e-01	   9.1639089421827014e-01	   4.8322762486023613e-01	   1.6728952650061867e-02	   3.0488706996328796e-01	   3.8896993866662399e-02	   6.7081297168830975e-02	   4.4550465220200447e-01	   6.4685170737267372e-02	   1.0411178055861479e+00	   5.8913526472724320e-01	   6.8281117137081959e-01	   6.0539020683993405e-01	   5.7276979555969376e-01	   1.8492381066111599e-01	   2.5711368616356406e-01	   6.0183377905921587e-01	  -1.3758173045114769e-01	   6.6865872471302421e-02	   1.0638913464932935e-01	   8.9476200259419936e-02	   4.2187064644430311e-01	   2.1474043679038035e-01	   2.9736567324563179e-01	  -6.9096655250600061e-02	
   3.2219999443930847e-01	   3.9833119832604996e-01	   5.4791174054404201e-01	   7.6192561011137261e-01	   8.9349032297244757e-01	   1.0595205384008526e+00	   7.6908617279256086e-01	   8.6410128334823888e-01	   0.0000000000000000e+00	   8.7499356353246271e-01	   4.7171605521338300e-01	   5.5579954759204397e-01	   8.0869512977253211e-01	   6.2555630671755258e-01	   6.3181676795576702e-01	   6.3712678095881015e-01	   3.5480121353920846e-01	   4.1109638373847418e-01	   2.1264874736305969e-01	   3.2234207060790981e-01	   5.9670990666224755e-01	   3.5492624667769512e-01	   3.0838994624504068e-01	   2.3851981869243394e-01	   1.7871223573165920e-01	   3.6564054200547091e-01	   4.9641062923234452e-01	   5.5780263981622835e-01	   3.0387836787523881e-01	   4.7792911526726295e-01	   3.0877219137908335e-01	   4.0081731434562562e-01	   4.7620076846985249e-01	   5.4471178410553223e-01	   4.9238800982221420e-01	   6.3978426630384400e-01	  -1.4383708296990608e-01	   1.7548264619386071e-02	   1.0535656157790488e-01	   7.9654502860894927e-02	  -3.9206495494449128e-02	   9.2457169926873708e-02	   3.7965927607038014e-01	   3.9576572883475991e-01	   6.6046161881201326e-01	   7.6188124241923372e-01	   5.1968845841081834e-01	   5.3798601158968240e-01	   6.1240988974591126e-01	   7.9224077645576885e-01	   5.4187883994572072e-01	   6.2741294629067423e-01	   5.6453717072406417e-01	   5.3803059129328612e-01	   6.6129646871872960e-01	   5.0550672614542824e-01	   3.0943708518145691e-01	   3.8769435945538711e-01	   6.5464901656646557e-01	   7.0212821147476923e-01	   6.7640751072606498e-01	   7.5785755167697710e-01	   3.1570292357290747e-01	   4.8322170092561123e-01	   4.3685827562170337e-01	   5.6034972420964513e-01	   7.3449773991680078e-01	   7.5633833142367146e-01	   3.1207751442997517e-01	   5.1714834363602880e-01	   2.3408283138789829e-02	   2.9467898843326273e-01	   8.4231853705327570e-03	   2.1601710221507134e-01	   1.7515852117332327e-03	   1.5514272340651206e-02	   1.1061565579232883e-01	   2.2317213544918044e-01	   3.8566306143768847e-01	   4.0011219888784116e-01	   4.3406935121724216e-01	   4.2992533340819505e-01	   2.1991027418909723e-01	   3.1002499423447355e-01	   6.2129985485789474e-01	   5.4045489687967774e-01	   2.4351648239371942e-01	   3.4261157840221373e-01	   5.9058500587793816e-01	   6.4589710731714833e-01	   4.6019626500003608e-01	   4.3935919404383134e-01	   5.3188938255943086e-01	   6.3372243343660772e-01	   7.6639838587576489e-02	   3.6377060377351206e-01	   2.1605748450130238e-01	   1.9649785717384988e-01	   4.3618971768611264e-01	   1.1266622739423292e-01	   7.1061531126472377e-01	   3.6945344476879416e-01	   4.7477830347340633e-01	   4.5589812902257226e-01	   3.9825644437653396e-01	  -5.5373993380644412e-03	   3.7045301277551596e-01	   5.1014654567465512e-01	   2.1571184316544805e-05	   1.5520005561653857e-01	   2.8386538022548946e-01	   1.4968218629440377e-01	   3.9430263948353389e-01	   1.1399851786099621e-01	   1.2399229546865907e-01	   3.8205435134990216e-02	
   4.8132715010920779e-01	   5.4304244941359192e-01	   5.7921888990887149e-01	   1.3317195323718147e+00	   9.4591198294324175e-01	   1.5169956199588750e+00	   6.5392761586519910e-01	   1.4403482318979219e+00	   8.7499356353246271e-01	   0.0000000000000000e+00	   4.7840379240705388e-01	   6.6019975402073450e-01	   7.6241371561132965e-01	   9.5739648119253562e-01	   6.8422498790946495e-01	   7.9275294046624034e-01	   4.5221528557104740e-01	   3.8583014219248984e-01	   2.9607228824439047e-01	   4.8867431022442659e-01	   4.8484735056608497e-01	   3.8646313724142423e-01	   3.1209389264308451e-01	   5.7160107161417184e-01	   2.9468512227931509e-01	   5.1909700336758324e-01	   6.1380493685931947e-01	   4.8859542203006623e-01	   3.2274573138235046e-01	   5.3225463233180303e-01	   3.6727777171055959e-01	   6.1932458601383122e-01	   5.7038776351991882e-01	   7.4659709878543878e-01	   5.0548056855004508e-01	   5.8225203771667988e-01	  -4.5922814397136080e-01	  -2.4723155728028638e-02	   9.9472479160275684e-02	   2.6382391786112952e-01	  -8.3270383103836287e-03	   6.4506647601421524e-02	   3.5247672303187338e-01	   3.2016551048636449e-01	   5.4303930817448731e-01	   7.6843585561250172e-01	   5.1204281008531871e-01	   4.5505616469021193e-01	   6.8125695563837685e-01	   8.9460752002907307e-01	   7.4734151361648860e-01	   7.3188156915657188e-01	   7.3495880028278082e-01	   7.4262509390078968e-01	   7.1170298780568153e-01	   6.4701543921645899e-01	   4.7414461386058016e-01	   5.3110809619547517e-01	   8.1658161606540125e-01	   1.1293008940104552e+00	   9.7392226978610597e-01	   1.1616937094346562e+00	   5.1209013563792904e-01	   6.1541996507122010e-01	   4.6898438573797574e-01	   8.3088200560845293e-01	   9.5077824821212620e-01	   1.1154636704510215e+00	   4.4576880325869367e-01	   7.5128250581697342e-01	  -6.9177227836532242e-03	   2.4582928468884363e-01	  -2.0506889430062505e-01	   1.2712357048840214e-01	  -1.7203873456280944e-01	  -3.8696024101571302e-02	   4.4040116605774372e-02	   1.9062274689090822e-01	   4.9848012088425520e-01	   3.4230649258639723e-01	   5.6646694485001459e-01	   5.2301846678474062e-01	   4.2208016878312365e-01	   5.4516259885734963e-01	   7.7485387200865863e-01	   7.7899703789853147e-01	   4.2437160744894598e-01	   5.4361971507986095e-01	   8.2436691295294051e-01	   1.1714855701683273e+00	   7.2771681717613257e-01	   4.0124428809035623e-01	   1.0086344488604875e+00	   6.1398790082887011e-01	  -4.3834628558913485e-02	   2.9657676605680577e-01	  -7.8197128919956699e-02	  -3.2479500767294577e-02	   3.2367851573837664e-01	  -3.3890102076040471e-02	   1.0530158285076530e+00	   6.7333849893407927e-01	   6.7736749042627675e-01	   6.5361410679105814e-01	   5.6178169015815138e-01	   2.4461936936544321e-01	   2.9702493879144221e-01	   5.6454644158563294e-01	  -1.7125299041390712e-01	  -6.1828348251906272e-02	  -6.0486815684074741e-03	   8.4160678537425149e-02	   3.9414256056334956e-01	   1.7874442440914701e-01	   2.0902880403015106e-01	  -9.5879676814294962e-02	
   7.4348448727644156e-01	   5.1095908847515037e-01	   5.3730230566668769e-01	   3.4121979127767205e-01	   2.6260705098957626e-01	   2.9937635518446504e-01	   7.2724495738518991e-01	   5.5656521521482738e-01	   4.7171605521338300e-01	   4.7840379240705388e-01	   0.0000000000000000e+00	   6.2646334765384171e-01	   1.0028701141732737e+00	   5.6823315474899805e-01	   8.1616498433425355e-01	   6.0387863557237553e-01	   6.0796644966979052e-01	   5.0042622834323924e-01	   7.9925085675700624e-01	   5.2358592741583143e-01	   2.6253745015363844e-01	   1.0225309328062733e-01	   5.2494517498103033e-01	   1.9149486115393535e-01	   4.5565510779056156e-02	   2.5895518752391950e-02	   2.0030940746232304e-01	   1.9778548223185746e-01	   5.7916475950099033e-01	   5.9475717081028723e-01	   4.0285933608903313e-01	   4.3611743735624375e-01	   4.3814408871800864e-01	   4.1625640641838652e-01	   1.3660570197793478e-01	   4.1771952990588702e-02	  -2.9178684255016624e-01	  -2.9714656045517297e-02	   7.6770456535029966e-02	   1.3159017357548111e-01	   1.2304647044835425e-01	   1.5955290980716530e-01	   2.8796849967786448e-02	   1.4980428909747445e-02	   2.0125252921757547e-01	   2.3629695820571725e-01	   8.2877545997986218e-02	   5.1094700734654053e-02	   1.9047876041527825e-01	   2.2155633777387643e-01	   2.9477462171569890e-01	   2.3552297489779267e-01	   2.9597715613858389e-01	   3.2931805708011180e-01	   2.8251350521454177e-01	   2.8878532280680136e-01	   3.7820717681328686e-01	   4.0108538081431833e-01	   4.0422111961080381e-01	   4.4297554181827015e-01	   6.2563080571979901e-01	   4.7377088810990181e-01	   7.1403390918906884e-01	   5.7550405243929226e-01	   4.0791270896891058e-01	   2.2873968717417922e-01	   3.6525333748139138e-01	   2.7937436059808196e-01	   3.9742206441299677e-01	   3.9404583635494894e-01	   6.9396887321805961e-02	   4.4775669228629252e-02	   1.8416422718261538e-01	   2.6308773835835070e-01	   3.0625069144083783e-01	   9.9081040295494457e-02	   2.7371270017036625e-01	   2.4036333298618665e-01	   3.5179099443114853e-01	   5.1048469569913912e-01	   4.9169963831893782e-01	   5.3190346956938606e-01	   5.4396586654881562e-01	   4.2269388642039490e-01	   7.3071414174177773e-01	   5.5719433976989619e-01	   2.0876693970536311e-01	   2.4262277615315153e-01	   4.9248454840951233e-01	   4.5195059269884497e-01	   2.0905494459406099e-01	   3.1938967889410957e-01	   3.0107788578356909e-01	   4.3357174832655487e-01	  -5.5862726720867360e-02	   1.8321922799857718e-01	   3.0165721636167975e-02	   7.7989804104805077e-02	   1.7403895547919965e-01	   1.1635447635299137e-01	   6.1244886899008899e-01	   4.5395981484488757e-01	   4.0754933502368057e-01	   3.9151555118847448e-01	   1.9520544599043543e-01	  -1.1465826572505237e-01	   1.6937579536762115e-01	   2.8019346870091388e-01	   1.1120955768741381e-01	   1.8560627461289733e-01	  -1.1346688245472458e-01	   1.1255036762956966e-01	   2.1519917489089216e-01	   5.6214514822310338e-02	   6.9542047841026841e-02	   1.4564870022496962e-01	
   5.8241975166344373e-01	   7.3158765198239017e-01	   4.0878062403087545e-01	   6.8262510097859819e-01	   4.6837758506681026e-01	   6.6378861185608173e-01	   5.2048590217425128e-01	   8.8415247616249992e-01	   5.5579954759204397e-01	   6.6019975402073450e-01	   6.2646334765384171e-01	   0.0000000000000000e+00	   6.8623804689939183e-01	   1.0783948558772296e+00	   6.2438533076185743e-01	   7.7626617673913900e-01	   8.3119233070546372e-01	   6.7116645217854598e-01	   4.2957578492657739e-01	   7.4836235131204520e-01	   5.7515705162847452e-01	   4.7725069863967073e-01	   2.2660199054884672e-01	   3.3088184469594983e-01	   2.1798132530018344e-01	   2.5372729444481679e-01	   4.0876884770320182e-01	   3.3921662607890241e-01	   7.2080668599265119e-01	   1.0022533023206499e+00	   4.1093588856485508e-01	   4.6825875549265805e-01	   7.4192694175838336e-01	   8.6980937629955357e-01	   2.6840340427422837e-01	   3.8100723164313566e-01	  -2.0318449853995113e-01	   1.6182413314514912e-01	   2.1959006309971635e-01	   4.5395471668569920e-01	   4.1210830812546390e-01	   3.3825170379789776e-01	   2.5459461113520732e-01	   2.6680930755604132e-01	   4.5397678303114880e-01	   5.5759836943252905e-01	   3.9705792900960674e-01	   3.8028794256036369e-01	   5.7220420459095356e-01	   7.3012647097488259e-01	   6.9514867546264103e-01	   7.6465592724968223e-01	   5.7655451993410656e-01	   6.3926706050703574e-01	   5.9489595522216909e-01	   7.6674430338520272e-01	   5.8740329941646441e-01	   6.3669959185391301e-01	   6.0545218911439214e-01	   8.1596821495384031e-01	   8.0577052754014855e-01	   8.6470359485168746e-01	   9.0280323995234879e-01	   1.0545156406773957e+00	   2.0712670714130571e-01	   5.5967568056879191e-01	   6.1526416427362929e-01	   6.6278194558726589e-01	   5.2544552723959059e-01	   6.2937321165952609e-01	   1.3363752210282370e-01	   1.3270972680667323e-01	   2.6155538494043878e-01	   4.4687621349086598e-01	   2.3612991766073210e-01	   1.9654460781980906e-01	   2.4454644044077167e-01	   2.9049965586049681e-01	   6.1812475326227234e-01	   6.2950851764322080e-01	   8.4965847466268629e-01	   7.8108012602129051e-01	   5.7780967014890217e-01	   7.4075440260799552e-01	   7.1415316994287636e-01	   8.5838833137974124e-01	   4.0849688812585544e-01	   5.3015034363137059e-01	   4.9481393702392468e-01	   7.6609296951985062e-01	   3.2689913302947510e-01	   7.3071683058728132e-02	   4.0764490640633833e-01	   1.7018960874529504e-01	   1.4788229305193853e-01	   3.5633882808990103e-01	   2.0162912023726470e-01	   2.9562494138404438e-01	   3.0575802245887762e-01	   4.6582745335398013e-03	   8.0613868357758978e-01	   3.9961602933097690e-01	   6.0614195789552361e-01	   5.8018139681988945e-01	   3.2950705374225375e-01	   5.2589992125289371e-02	   1.7417402126955472e-01	   5.8865023102743597e-01	  -1.0273192231117340e-01	   2.3027666460703797e-01	   1.1539038343995381e-01	   7.5807080460410597e-02	   1.8478471051161166e-01	   2.2372018389939691e-01	   1.5891308392810966e-01	  -2.5249601488507165e-02	
   6.4355017301615725e-01	   5.3553016484050497e-01	   6.3693189770345127e-01	   5.5866141546488346e-01	   4.5881426814880588e-01	   5.9634337582923980e-01	   9.2207178650683130e-01	   8.0730958316058865e-01	   8.0869512977253211e-01	   7.6241371561132965e-01	   1.0028701141732737e+00	   6.8623804689939183e-01	   0.0000000000000000e+00	   7.9925070720540792e-01	   9.0878779097090834e-01	   7.0046673700248785e-01	   5.1486855722552138e-01	   4.8469554497554745e-01	   5.6132641879716283e-01	   5.1597165251439292e-01	   4.8768430766397408e-01	   2.7702531159963739e-01	   2.9672928538748772e-01	   1.5020052940853210e-01	   1.1923567350532541e-01	   1.7072251944560862e-01	   2.5809103908218889e-01	   2.6980254112770513e-01	   6.4492968368553116e-01	   7.3850262055883309e-01	   3.5656087953367993e-01	   3.9337829494701121e-01	   6.4466147057638234e-01	   6.6541785113068097e-01	   2.3905052472983437e-01	   1.9872067761083581e-01	  -2.8096859479601100e-01	  -8.2513592570623032e-02	   1.6074903098012849e-01	   1.3997910081460502e-01	   6.3505875788689978e-02	   1.2066604589574566e-01	   1.7823929217728979e-01	   1.9483221287714358e-01	   3.4093610360622201e-01	   4.5493797962513816e-01	   2.1761916722559804e-01	   2.3395794799262998e-01	   3.4069664742452910e-01	   4.6185247127199913e-01	   3.9981432836418035e-01	   3.7638718917126729e-01	   4.0456218985911041e-01	   4.0691562185194963e-01	   4.0892893015854292e-01	   4.0436250311167821e-01	   3.9356819837787577e-01	   4.5285811175537838e-01	   7.0505588472025982e-01	   6.4981806497031147e-01	   1.0792873247688877e+00	   8.0215938476317517e-01	   6.5299959102007266e-01	   6.8632488840345751e-01	   3.0621066931022234e-01	   3.8049465311454378e-01	   5.6673531170779967e-01	   5.0051690630904888e-01	   4.2127058955025759e-01	   5.6311764398247721e-01	   5.7683451558049915e-02	   1.6413987874686692e-01	   1.1724995292604463e-01	   3.7128109772180229e-01	   1.3820606980220657e-01	   5.4323174380515642e-02	   2.4959751030409216e-01	   3.1270035049230288e-01	   4.0015546145870540e-01	   4.4116514508309246e-01	   5.3163599524191807e-01	   4.7005845755338216e-01	   3.6275084946034059e-01	   3.5182822945637238e-01	   5.9173674821796340e-01	   5.4743787987538106e-01	   1.5015184565269638e-01	   1.7233888260607652e-01	   5.7162565155914136e-01	   6.0531019433175270e-01	   3.0578850582350642e-01	   2.5671087137064280e-01	   4.2078412687094835e-01	   5.0132383692239357e-01	   1.0853083003263837e-01	   2.7397306937879717e-01	   6.8757101288961495e-02	   1.2046642948285484e-01	   2.3191453989497596e-01	   8.6429321915234170e-02	   7.2747125261880130e-01	   4.6011634083570346e-01	   4.9907091329107767e-01	   5.0564969112679015e-01	   3.1022014260799230e-01	  -1.2667093966992686e-02	   1.7592998876710708e-01	   4.0034784151249819e-01	   4.2603813230114945e-02	   2.1476468861680101e-01	   3.7435817445735702e-02	   1.2387620067940701e-01	   2.3405031858937406e-01	   6.6604866830088927e-02	   1.7288299281022174e-01	   1.3864092507765424e-01	
