   0.0000000000000000e+00	   1.0952116401595449e+00	   5.4810887922827256e-01	   7.4528457503172585e-01	   4.5060692143890257e-01	   7.1749727547484432e-01	   7.5738981790681426e-01	   7.5038949564516944e-01	   8.9234724711888191e-01	   8.3535877084283272e-01	   1.2272141306040096e+00	   8.2342238373942100e-01	   9.8323375702113758e-01	   9.5554634223975099e-01	   6.2452233124551815e-01	   6.1908965661817017e-01	   8.3402351390149354e-01	   7.4062173256625552e-01	   1.0236695619611840e+00	   9.4221081761410364e-01	   5.3626294105898564e-01	   2.6653689258912516e-01	   4.4056922802561777e-01	   5.2106266568052084e-01	   7.6628082717381363e-02	   1.6120789758486412e-01	   4.9714297851694023e-01	   6.3380358449330554e-01	   5.7960223467043992e-01	   7.6815043453723431e-01	   2.1658283266535064e-01	   2.8709077851953990e-01	   8.6451773713756164e-01	   8.5209845153971442e-01	   1.6326913332775508e-01	   2.6245670767721052e-01	  -4.0829127545404485e-02	   9.1817825060660871e-02	   3.3001115951864696e-01	   3.1411766382191625e-01	   2.9233109657557732e-01	   3.6073637832702343e-01	   5.9090078574416682e-01	   6.4269572898729455e-01	   6.8426838424701231e-01	   7.5467890034100626e-01	   9.4289500722765240e-01	   9.1265056481428486e-01	   6.6843504544631016e-01	   5.8776783800432009e-01	   8.0524363880053240e-01	   7.1983598020818462e-01	   8.0204702734264388e-01	   7.3412116279923856e-01	   8.1607742131190719e-01	   9.2117046755804821e-01	   1.0993199984587476e+00	   1.0200338699149103e+00	   1.0237741417592643e+00	   1.0122711028504889e+00	   1.1272277776026931e+00	   9.9903676954637699e-01	   8.5528199897701107e-01	   7.0696206533613815e-01	   3.9965883330842789e-01	   6.6762266028824946e-01	   7.5688621926167310e-01	   6.3349305783229515e-01	   9.1637884543452375e-01	   9.7412236229680804e-01	   2.5518230377043927e-01	   2.1898624702817562e-01	   4.0187862918036621e-01	   4.9923258706168061e-01	   4.1150166127877802e-01	   3.9683639056456099e-01	   2.4237742783435490e-01	   2.0642994591393152e-01	   7.4851993779542336e-01	   8.5245724129306411e-01	   7.4751410940523810e-01	   7.8446355449313265e-01	   4.8136493772482281e-01	   5.7891361762786309e-01	   8.4119029211993146e-01	   8.5096399744991902e-01	   3.5127039405927324e-01	   2.8643679180408899e-01	   1.0257411880009952e+00	   9.9902472504772877e-01	   3.0195780854686627e-01	   3.5989162778803035e-01	   2.5730259132439848e-01	   5.2655706186347817e-01	   1.0075557787666513e-01	   2.3460672317774368e-02	   5.5758299486977259e-01	   3.9424949268487952e-01	   4.8160305142306281e-01	   4.3733382513077068e-01	   3.7852448886042495e-01	   7.2425917028067355e-01	   2.8177201282132247e-01	   5.8329439965490482e-01	   6.7570767900160728e-02	  -1.0152472913330479e-01	   1.5765377553605520e-01	   4.0706871936166716e-01	   1.9162279859714879e-01	   1.0628399327646093e-01	   3.1636570390399016e-01	   4.1648762440539017e-01	   2.4299016980105448e-02	   5.4602424346138413e-02	  -9.0219436562500380e-03	  -4.2629692795403074e-02	
   1.0952116401595449e+00	   0.0000000000000000e+00	   3.3770383624799533e-01	   5.5591173933511295e-01	   4.9808726427741562e-01	   6.5802347479121015e-01	   5.4377681095819907e-01	   6.0823849211082248e-01	   4.6045852187046721e-01	   6.0495255597837772e-01	   8.3311828297742574e-01	   9.1224793299326412e-01	   6.1573352428027550e-01	   7.3516249042878645e-01	   5.7065518432675510e-01	   6.1191847647364972e-01	   1.0619566758897021e+00	   9.7198591352732566e-01	   1.0875485683669015e+00	   1.2014425238291542e+00	   4.6866018860014541e-01	   2.8751868780380041e-01	   3.7369286889285835e-01	   4.4697997554872304e-01	   6.3635726703389239e-02	   9.6914434034781449e-02	   4.0576814402157435e-01	   4.7780756402281466e-01	   8.3063100704287307e-01	   1.1233261102604197e+00	   1.9668739489196496e-01	   2.4364102432640100e-01	   8.9555094480984643e-01	   9.3816648989883633e-01	   1.9346468305903516e-01	   3.0818479355519257e-01	  -1.0077105433251325e-02	   1.1180629085801367e-02	   3.4169753291318844e-01	   2.2490074181828279e-01	   4.1480033797861482e-01	   5.0846451870900866e-01	   4.4292578394425858e-01	   5.0923494859630103e-01	   5.6244910699816808e-01	   6.1634660391908536e-01	   8.2561610318415601e-01	   8.0816594632802252e-01	   5.2801667424032672e-01	   4.8863022507181808e-01	   6.3801558068424113e-01	   5.6962884629145982e-01	   6.8851791410673424e-01	   6.5516639142395727e-01	   6.9927521121044889e-01	   7.3874743036070079e-01	   1.1695422767620549e+00	   1.2146075154253055e+00	   6.7743690230382914e-01	   7.5701029722096247e-01	   6.5749653711374800e-01	   6.5083272893591526e-01	   8.4640116342981286e-01	   7.9712585252190149e-01	   2.3380421982817889e-01	   3.5774550084910550e-01	   5.9014014035598517e-01	   5.5913897823821668e-01	   8.3350908368736820e-01	   8.8593691318588741e-01	   2.3335683873952878e-01	   2.6855126650505901e-01	   4.0516425298254710e-01	   5.4587693139834947e-01	   4.4383937079730174e-01	   4.5751584947401247e-01	   1.9266464022383670e-01	   2.4298952359720857e-01	   9.1424939896205482e-01	   1.1548484021992731e+00	   9.2800772704983303e-01	   8.9383668613626521e-01	   5.7598172889288757e-01	   6.7584719367773005e-01	   7.0136260210711587e-01	   6.8232611744044480e-01	   4.2090160356769535e-01	   2.5066499574634338e-01	   7.2107497466730885e-01	   7.2167757728892645e-01	   3.1765117546802479e-01	   1.3410287701673748e-01	   1.7867147226392371e-01	   3.1805509635020418e-01	  -6.9217856250156366e-04	  -4.4677764434433345e-02	   4.9687293687191958e-01	   4.3751780500645232e-01	   5.2039038420148953e-01	   3.0383480926441297e-01	   3.0393361053819140e-01	   4.0600651228170048e-01	   3.1070223542493314e-01	   4.7578056185068951e-01	   6.6063596091952573e-02	  -1.1117280928030909e-01	   3.2975444481109041e-02	   2.2407380037211860e-01	   1.6350531479544439e-01	   1.6632984573707299e-01	   3.5768209238598342e-01	   3.4108593651881314e-01	   3.2761901226180223e-02	   5.0370722038396411e-02	  -5.6616376195747518e-02	   1.8115195305084091e-02	
   5.4810887922827256e-01	   3.3770383624799533e-01	   0.0000000000000000e+00	   1.0398681138297723e+00	   3.8609923717965033e-01	   4.0808665845137310e-01	   7.1849026124929105e-01	   4.7573032340781318e-01	   5.2737915752922593e-01	   2.9976042347196757e-01	   5.9246103639840109e-01	   2.5514582334887864e-01	   4.6557831892988011e-01	   3.6933366675154922e-01	   8.2062752331506084e-01	   6.0007667019033628e-01	   4.5769016667042678e-01	   3.8710321017054222e-01	   5.0878355031463607e-01	   4.5628361685052365e-01	   7.6796028487506640e-01	   5.2802234259204728e-01	   1.0573926014402011e+00	   9.3725872831862533e-01	   6.6432430027963507e-01	   6.7315604385741679e-01	   6.5198375697727962e-01	   7.8945707363306572e-01	   4.0837794159710722e-01	   4.3220895311657759e-01	   6.9541325834625667e-01	   6.1163967504283123e-01	   6.2786155409874433e-01	   4.8476761575811023e-01	   6.0796432791653776e-01	   4.0615059020169469e-01	   2.9315623474225827e-01	   4.5962990473133603e-01	   6.9105765308397060e-01	   6.7723805366292900e-01	   2.3530043970099279e-01	   2.9150481754658919e-01	   3.7586505132304782e-01	   4.3492010574848528e-01	   6.4682273358182252e-01	   5.7068052236471989e-01	   4.5844181376241100e-01	   4.7201469519117867e-01	   3.7539845034805164e-01	   3.8260099644640033e-01	   4.9157087987565318e-01	   5.6284131566951867e-01	   4.3968804870454731e-01	   5.3815227284827649e-01	   5.0228240738569496e-01	   7.3717987336859392e-01	   5.1163494117366615e-01	   5.5093995984226463e-01	   3.8300880423578759e-01	   4.1688872179331804e-01	   3.1623502650210134e-01	   2.9859792542257707e-01	   5.8481405271339004e-01	   3.1788907168493574e-01	   8.2448643019063639e-01	   6.2111135501794346e-01	   7.9157439913329308e-01	   5.7042020534372706e-01	   5.6789636123088794e-01	   6.1385099926606745e-01	   4.4870060262774653e-01	   3.5917129526505787e-01	   2.9394091578609671e-01	   3.6463863623037912e-01	   2.1556986039076428e-01	   3.3392128100748558e-01	   1.2945902427330372e-01	   7.4335926274438663e-02	   5.8031167037969289e-01	   5.3685990643553083e-01	   6.2297651405362542e-01	   7.7081030900803671e-01	   5.5902921498942015e-01	   6.2988021766670599e-01	   9.0346227460487971e-01	   9.0063314773995318e-01	   4.7615023186905719e-01	   5.9123837483845987e-01	   6.5509434185084081e-01	   7.6663688165440380e-01	   8.5515665973298030e-02	   5.1419876930971975e-01	   1.6779616686473597e-01	   5.8132789236240645e-01	  -2.6881643516683568e-02	   1.7333148317857834e-03	   2.7944931738738238e-01	   1.0692525781967351e-01	   1.3215071281902202e-01	   2.5045469914548241e-01	  -1.3046953932951508e-03	   3.2889347915615441e-01	  -1.8907233039492707e-01	   3.4184033616755199e-01	  -6.8128667840122118e-03	   8.2844736466746074e-02	   7.0199518204956457e-02	   1.0420186655000331e-01	   2.2921624448413722e-01	  -5.3396181857820912e-02	   6.4448811829055291e-02	   1.9919674387086916e-01	  -4.3059444435043823e-02	   1.0107363922868026e-01	  -5.4163283067168395e-02	  -4.4754331931627679e-02	
   7.4528457503172585e-01	   5.5591173933511295e-01	   1.0398681138297723e+00	   0.0000000000000000e+00	   3.2661113331085845e-01	   6.4503163307654687e-01	   6.0194634008461279e-01	   9.0345682584127873e-01	   5.9490883892398050e-01	   6.8050935979344063e-01	   5.4639231681431688e-01	   5.1230565662775773e-01	   4.0381607223223059e-01	   6.5854218370154827e-01	   7.3497122941889670e-01	   8.8997454751440497e-01	   6.1069603310348786e-01	   4.5371560786180654e-01	   6.0556637213355924e-01	   6.7938015265426777e-01	   8.8411846699200203e-01	   6.6434392187544888e-01	   8.7556237132360915e-01	   1.1115834307687364e+00	   5.0266109164327633e-01	   7.2025638059489394e-01	   5.4254370980847555e-01	   8.3591673672707500e-01	   4.7752988124490781e-01	   6.3368646587253830e-01	   7.3760108674503311e-01	   8.0544103399582401e-01	   8.9120068940166175e-01	   7.7846716137814065e-01	   4.7320388554767856e-01	   5.0754444090939055e-01	   3.2301003230650110e-01	   4.4808062252261405e-01	   6.6809998235314727e-01	   6.9361346396708434e-01	   3.9636362561339883e-01	   4.6297718405951249e-01	   5.4927013381182832e-01	   5.7133679022240602e-01	   6.9147863268566812e-01	   6.7215489666199468e-01	   6.7833028441148457e-01	   6.8103288836306963e-01	   4.6301881026083891e-01	   3.9606578233011330e-01	   6.3287110407730729e-01	   5.8078303809125664e-01	   6.0026516800525742e-01	   6.4236854528899956e-01	   6.2796774745310224e-01	   7.7096680134188944e-01	   8.0216499054851842e-01	   7.1167346941785314e-01	   5.6161945737466890e-01	   7.1942467796227216e-01	   5.0513805471762208e-01	   6.8269520995607469e-01	   7.2536268089819189e-01	   5.3004399466338459e-01	   5.1772041412750780e-01	   9.1440437983844802e-01	   7.1999688111321936e-01	   7.6071671912268080e-01	   7.7406466146326536e-01	   8.9813865653047809e-01	   3.9760283953057340e-01	   4.0710276692818970e-01	   3.3303295423753965e-01	   4.5879764740681445e-01	   2.6086916970567348e-01	   3.9905671427628409e-01	   2.2253095304511483e-01	   2.6854085244216730e-01	   6.9281991418761624e-01	   6.4314899319489283e-01	   7.7135511335323559e-01	   7.8871675699620558e-01	   5.3156998493794583e-01	   6.4630416713559868e-01	   8.7608992238183825e-01	   9.8724188926725609e-01	   2.8756006639040771e-01	   4.1554715539168713e-01	   7.2510567956264116e-01	   9.1715057938186029e-01	   2.3894907734754139e-01	   4.3334996724419733e-01	   3.9598194447411744e-01	   4.9397324199659109e-01	   1.7721768176542672e-02	  -1.0406001365282774e-01	   3.3346884379004860e-01	   1.6207153979127861e-01	   3.4027905402343328e-01	   2.8930446640392038e-01	   1.9114448803168910e-01	   4.2559397023948975e-01	   2.7754612922344834e-02	   4.8917642696402130e-01	   1.0198193843109128e-01	  -3.6299931851911773e-03	   8.2335457290454425e-02	   2.4965490738732316e-01	   1.6268862436996989e-01	  -1.8807943941850813e-02	   1.4418882392005578e-01	   3.2695292771390799e-01	  -1.0124068773818996e-01	  -7.4742826586264291e-03	  -9.2413526241787114e-02	  -1.2935867237483872e-01	
   4.5060692143890257e-01	   4.9808726427741562e-01	   3.8609923717965033e-01	   3.2661113331085845e-01	   0.0000000000000000e+00	   7.1108371554595351e-01	   6.8948690423722514e-01	   4.5481054243343189e-01	   6.3957969486965116e-01	   5.2924854455077475e-01	   5.3351235706960121e-01	   5.0872208943441177e-01	   5.0605399396191419e-01	   4.3143672834316948e-01	   5.5174544655278401e-01	   3.5443369316644352e-01	   4.8953155774880097e-01	   3.5654384057025462e-01	   6.2415735352506119e-01	   4.8773447166896178e-01	   4.2666914292730207e-01	   2.2130109799496284e-01	   4.6511532579642489e-01	   3.5014611630847908e-01	   2.8674576916063754e-01	   2.3949360886083587e-01	   2.8386008973431182e-01	   3.1578046053757380e-01	   6.9156425292675827e-01	   4.5803726075616902e-01	   3.7727346598964551e-01	   3.4400405703975334e-01	   5.7970655686459993e-01	   5.6521249576452071e-01	   1.7701985499518585e-01	   2.3137307530147244e-01	   1.8010424462731597e-01	   1.3670834484101527e-01	   4.5102863472100396e-01	   3.5488391850726897e-01	   3.2910527025876979e-01	   4.7250397771360714e-01	   6.0647714690348054e-01	   5.3011671883393818e-01	   6.0933362201113161e-01	   5.8930031870647759e-01	   6.2840643844855082e-01	   5.7250614365925190e-01	   6.0031785902229784e-01	   6.0139505808098237e-01	   5.5233100670788626e-01	   6.0428552280260706e-01	   6.5114644323521209e-01	   7.2271884085473947e-01	   6.9081253063187686e-01	   6.2677900801159470e-01	   3.1018060304266687e-01	   2.9579569668426930e-01	   4.3971536263499106e-01	   4.1932142379907100e-01	   4.0243663590371914e-01	   3.7912514622612137e-01	   5.3517346420066136e-01	   3.9552556720870435e-01	   3.2520926629375824e-01	   2.4495411227797184e-01	   6.7591930026515945e-01	   6.1454879951890973e-01	   4.0391914287135078e-01	   5.5243510617534941e-01	   3.2169601646136370e-01	   3.3479908170680922e-01	   1.9300002339185851e-01	   9.5557488559329856e-02	   3.2403425057897012e-01	   1.5584877615731629e-01	   1.6108607522110147e-01	   1.9362577993542790e-01	   5.1795885240935036e-01	   4.0411693430326989e-01	   5.4358160546041956e-01	   4.5727743397355480e-01	   6.8646939658476325e-01	   5.8805584386984677e-01	   4.9249226092733839e-01	   4.4895150193508759e-01	   3.8077507119836618e-01	   4.0443164766929862e-01	   5.8332224651062248e-01	   5.4376002842567217e-01	   4.6409893474348562e-01	   3.9831870007057529e-01	   2.4709626086455816e-01	   4.0313995963266130e-01	  -3.4811453427134598e-03	  -1.0417358891462579e-01	   3.1138334787884181e-01	   1.7133977962553484e-01	   5.2345752368060416e-01	   4.6749495357215831e-01	   3.3452222393720371e-01	   4.9357950583257332e-01	   2.2210868332911141e-01	   5.1760294693669673e-01	   3.2263104872446347e-01	   2.1846724572522280e-01	   4.4814146318623688e-01	   2.0636877019409833e-01	  -1.5708704712059696e-01	  -2.3318781255872578e-01	   8.7406549400370168e-02	   4.5348333767964244e-01	   1.6006052894088310e-01	   1.8087223296923693e-01	   9.0744599375883001e-02	  -5.5652871003264055e-02	
   7.1749727547484432e-01	   6.5802347479121015e-01	   4.0808665845137310e-01	   6.4503163307654687e-01	   7.1108371554595351e-01	   0.0000000000000000e+00	   6.7329237367622363e-01	   1.0262231257072094e+00	   5.7519945355078805e-01	   1.0563160523879713e+00	   6.4192598267951873e-01	   8.4335036600905289e-01	   5.8059905878703333e-01	   8.1745940352069801e-01	   4.5775474809790684e-01	   6.3531615065210834e-01	   6.2427813711849267e-01	   5.1415184504563527e-01	   6.0167907950061106e-01	   6.3190791111651856e-01	   7.6231302745126495e-01	   5.9260137167951554e-01	   3.4363270202486734e-01	   4.3718706181410316e-01	   1.3367170435254008e-01	   2.6012458493502111e-01	   4.9059007518314002e-01	   6.4523009867324455e-01	   6.4459635672143845e-01	   7.5936267665585799e-01	   5.1395913517470171e-01	   5.6265687583143820e-01	   8.7841609375060958e-01	   8.6508164919268116e-01	   1.0975744956628863e-01	   2.2851641011735874e-01	   2.5143745142894858e-01	   2.4275350110557159e-01	   5.2186283796169175e-01	   4.8381739075866509e-01	   4.1844455265484798e-01	   5.3535953275038728e-01	   7.2775684031001975e-01	   6.6676949813266395e-01	   6.8163814695143143e-01	   7.5540349836263787e-01	   8.1772066299037116e-01	   7.7539563500508679e-01	   7.4166692724459349e-01	   6.7205314267889427e-01	   7.3240023933109166e-01	   6.5498889735299659e-01	   7.8205990777302592e-01	   7.0404891189137431e-01	   8.4237398403347696e-01	   7.1908702214953490e-01	   5.6397038132163024e-01	   5.3588291914121577e-01	   6.4380829555995112e-01	   8.0817351675895721e-01	   6.7394676262398867e-01	   8.3507883806014493e-01	   6.8254658761012954e-01	   7.9758646815681633e-01	   9.5824832024662271e-02	   3.4351677713138601e-01	   7.2613646707085366e-01	   7.6135983146878206e-01	   4.3206354072914732e-01	   7.3368403726084153e-01	   3.7212244400969341e-01	   4.3968651401237524e-01	   3.8866397760316690e-01	   3.8084303856763974e-01	   4.1634496559728285e-01	   3.7145960710147624e-01	   2.8999212954556225e-01	   3.4299986637524288e-01	   5.4840658059368630e-01	   5.3664044787257503e-01	   6.1850502425412701e-01	   5.4117775265087698e-01	   5.0536564227400027e-01	   5.7627827918173802e-01	   4.7237431067914304e-01	   4.5183624747806161e-01	   1.9549627272155418e-01	   1.6900867550122647e-01	   6.8302494381290757e-01	   6.8305848563064175e-01	   6.2427150859373126e-01	   3.4141691302144916e-01	   3.6107667961749235e-01	   3.4371310552603845e-01	  -2.8443828161629953e-02	  -1.8624288285920196e-01	   3.8733070807026870e-01	   1.8217786796498120e-01	   6.7316258991335365e-01	   4.5748102347291086e-01	   5.7797973799582192e-01	   5.9699942123183924e-01	   3.9484273241865830e-01	   6.3439837383729514e-01	   2.7679098003959501e-01	   5.3645183889418878e-02	   2.7247355082960323e-01	   2.9445704783396676e-01	  -7.2631095852035338e-02	  -9.4187293989219184e-02	   2.1592620779888350e-01	   4.7800443064939657e-01	   9.1295422470551141e-02	   1.3080380019233137e-02	   7.2312426725482659e-02	  -9.5119075017306404e-02	
   7.5738981790681426e-01	   5.4377681095819907e-01	   7.1849026124929105e-01	   6.0194634008461279e-01	   6.8948690423722514e-01	   6.7329237367622363e-01	   0.0000000000000000e+00	   8.9953795517060731e-01	   8.0858125126725022e-01	   6.5431886963413766e-01	   8.7371596050070743e-01	   6.3849227312983392e-01	   8.8126447457752799e-01	   5.5890929450273896e-01	   4.4081469355853675e-01	   4.0521563106887382e-01	   5.0302454848740508e-01	   4.6021404377370717e-01	   7.3032205058450872e-01	   6.4241859347377583e-01	   3.4666410955305110e-01	   1.7205735689300194e-01	   4.3792824397426838e-01	   4.4116014960494054e-01	   8.4220907777744505e-02	   6.9149365341115362e-02	   2.0671789192607409e-01	   3.2324715742514204e-01	   6.3112420611161846e-01	   4.7685372308323992e-01	   3.4100390394332353e-01	   3.3880026137665836e-01	   7.3136733254981179e-01	   6.9906326240756311e-01	   1.4285302481343382e-01	   2.1058475793310150e-01	   7.0346099655814912e-02	   1.0763353872399596e-01	   3.7006133347853670e-01	   3.8419605872398210e-01	   2.8474506704369296e-01	   2.8950424032133021e-01	   4.2949958947189137e-01	   4.0111079781521763e-01	   5.1038455473819178e-01	   5.9511195554354190e-01	   4.9807129727043414e-01	   4.7692374134366128e-01	   4.4494901903034395e-01	   5.1917704023302869e-01	   5.0124831049688856e-01	   5.0697633791940711e-01	   5.5697646974727788e-01	   5.5719366235777890e-01	   6.5853741010413203e-01	   5.6786247313076132e-01	   3.8487068522482976e-01	   4.0481961316597409e-01	   5.7179480913452341e-01	   4.8266705994386688e-01	   7.7214616469591779e-01	   5.8128552717721083e-01	   4.5651448764527369e-01	   6.0119098701496909e-01	   3.5070139324722482e-01	   2.8415827506269425e-01	   7.6090570229076082e-01	   6.5855956709098462e-01	   3.7732074169717134e-01	   4.8726457970589465e-01	   4.2838499919319928e-01	   4.1917474566383206e-01	   4.8512944771950167e-01	   3.8642673535618033e-01	   5.5094727766459239e-01	   4.4027008344968926e-01	   3.6010698821852027e-01	   3.7124175370156792e-01	   5.3887131357560214e-01	   4.5555881134980780e-01	   4.9962561972640668e-01	   5.0829204825140883e-01	   4.8447304854216899e-01	   4.9824169265830742e-01	   5.2430854112806147e-01	   4.9888114821685620e-01	   1.3980651829899207e-01	   2.9783398275908163e-01	   7.0666612987008737e-01	   6.2374350998137928e-01	   5.0207948389635826e-01	   7.7530298703227674e-01	   4.3980648790234544e-01	   7.8154822319470707e-01	   7.2067718911637074e-02	  -3.1608597682166110e-02	   4.2932645031912919e-01	   2.7004152290769895e-01	   6.2333376958272235e-01	   7.1889087602711654e-01	   4.3232013539518011e-01	   8.5038481534680876e-01	   7.6363702562913111e-02	   5.9338838234976343e-01	   2.4235548366326069e-02	   1.4907369729970552e-01	   2.4539040896084666e-01	   4.0139995319166100e-01	   1.1561148707054389e-01	  -7.7682514086273545e-03	   2.3798470238096636e-01	   5.8340676018164994e-01	   3.6097706533631269e-01	   2.0138328003861519e-01	   1.9963075731406330e-01	  -1.9032878648460143e-02	
   7.5038949564516944e-01	   6.0823849211082248e-01	   4.7573032340781318e-01	   9.0345682584127873e-01	   4.5481054243343189e-01	   1.0262231257072094e+00	   8.9953795517060731e-01	   0.0000000000000000e+00	   6.0967145361191155e-01	   1.1170346946687741e+00	   6.6060974287661633e-01	   9.7167009545080441e-01	   5.5814665898552307e-01	   8.8164635321905815e-01	   4.1423227480078295e-01	   6.5142037923778762e-01	   5.6494398489614084e-01	   4.0427628651727215e-01	   6.5090701510298654e-01	   7.2395478040081862e-01	   4.9977926311010940e-01	   3.0877973154832400e-01	   4.0294380650209005e-01	   6.0310175190581750e-01	   8.8428658731073168e-02	   2.0214800760490534e-01	   1.5259872137104491e-01	   3.6059376945643667e-01	   6.0955982493930039e-01	   6.8197813363833626e-01	   5.1684201320687639e-01	   6.5394708913767463e-01	   8.9942815277584220e-01	   9.4142485754257910e-01	   8.3597405407839581e-02	   2.2771818960236584e-01	   2.4948277541461592e-02	   7.8458780404646544e-02	   3.3137753186090713e-01	   3.5700364560864928e-01	   3.9702208701663372e-01	   3.9577649521748065e-01	   5.8817188229469042e-01	   5.0035707546267338e-01	   5.1252139829706311e-01	   6.4043658352075583e-01	   6.6773174530420221e-01	   6.1938910527107827e-01	   5.2773624332698743e-01	   5.0966973102061508e-01	   6.2410501037029642e-01	   5.1540474725889529e-01	   7.0740513706942243e-01	   5.9921016163886776e-01	   6.8670012642059164e-01	   5.2964365378720668e-01	   5.5826591617751564e-01	   4.8641656461522453e-01	   6.1472290172232569e-01	   7.7201425169508231e-01	   8.3800018361424167e-01	   9.8912796329432340e-01	   7.0571464395686134e-01	   1.0315555490768955e+00	   1.1386571035882136e-01	   3.7634355768325506e-01	   5.6090386193559405e-01	   7.2536043415488261e-01	   3.5974322221112559e-01	   6.1570942948294038e-01	   3.5252511786448260e-01	   4.4138737593200073e-01	   4.7351630275874124e-01	   4.4574633633348149e-01	   4.8302015879601590e-01	   4.9234836279794703e-01	   3.3154471387784740e-01	   4.3258064730833179e-01	   4.8359792598572798e-01	   3.9840725072619687e-01	   5.3153499798157811e-01	   4.5695990463157532e-01	   3.7942918977102313e-01	   4.6131731101463436e-01	   4.7894046916320177e-01	   4.9253066342329077e-01	  -1.3222246340666870e-02	   9.7296370354128511e-02	   6.2410390916306380e-01	   6.5538300373483616e-01	   6.0459069947830013e-01	   5.0247339959118353e-01	   5.4635571146927486e-01	   4.0173345953111950e-01	   3.0730390306031193e-02	  -1.4225225684819803e-01	   3.3818775613280572e-01	   2.5851917242102135e-01	   7.3448897854269202e-01	   5.7672679170613494e-01	   6.8795561958889828e-01	   7.0344086474518164e-01	   3.2472983103951875e-01	   6.8869389322065333e-01	   2.1782891288886844e-01	   6.2806995943469335e-02	   2.4847284405025949e-01	   4.9569727783789097e-01	   2.4426525558017480e-02	  -3.5365754642666614e-02	   2.3779557714362987e-01	   6.1251181772467433e-01	   1.6538023652702621e-01	   2.4951794813772115e-02	   4.3838629179306726e-02	  -1.6036103020010811e-01	
   8.9234724711888191e-01	   4.6045852187046721e-01	   5.2737915752922593e-01	   5.9490883892398050e-01	   6.3957969486965116e-01	   5.7519945355078805e-01	   8.0858125126725022e-01	   6.0967145361191155e-01	   0.0000000000000000e+00	   8.4110018575561085e-01	   8.0981017704559388e-01	   4.6098716296100056e-01	   9.1858906830004039e-01	   6.3726879087626664e-01	   6.1709985007936463e-01	   4.4515390713896713e-01	   4.0208340907002232e-01	   3.6872715177935272e-01	   5.2911447991651850e-01	   4.6707087454136714e-01	   3.6758029159992944e-01	   1.4405871490464395e-01	   3.9215758054533123e-01	   3.3964741237005641e-01	   1.2712557963657417e-01	   1.7875349810963140e-01	   2.8652869722161900e-01	   4.0316147938055330e-01	   3.3322881153323075e-01	   3.6586880196843352e-01	   2.4950191828290708e-01	   2.8151143355881669e-01	   5.8210908648871396e-01	   5.8825914923261857e-01	   1.6462212514337027e-01	   2.8170114010166974e-01	   1.2427056295860803e-01	   1.5932837473335976e-01	   3.0499804111769385e-01	   3.1691750590250778e-01	   1.7907037603909062e-01	   1.8752760824963924e-01	   5.0676381070672039e-01	   4.9499661236192471e-01	   5.7601417101553753e-01	   6.2034502595192320e-01	   5.8785312135778689e-01	   6.0551465056637754e-01	   5.0557404907466608e-01	   4.8759362905171733e-01	   5.4532500800287431e-01	   5.2730060720314231e-01	   5.9259860910014339e-01	   6.6420698052452409e-01	   6.2043614799758051e-01	   6.0529953754790700e-01	   4.8659382091231640e-01	   4.2032331465510447e-01	   6.8550484778059440e-01	   6.4595373756112606e-01	   8.4037061610525277e-01	   8.3040165799703092e-01	   3.7177927228970742e-01	   3.5993606313660054e-01	   4.7978396490245467e-01	   6.2341759708561240e-01	   5.8379002783324352e-01	   5.1233934584055696e-01	   5.2304668548646449e-01	   6.3003326389968317e-01	   1.7833316141961703e-01	   1.1536638217923259e-01	   2.5292971757723187e-01	   2.3083901231033563e-01	   2.9208418565720395e-01	   2.8448907426158354e-01	   3.1092290706825759e-01	   2.9513763482277366e-01	   3.8751375305681390e-01	   4.5508395975018034e-01	   3.7132417921806654e-01	   3.7592163603143391e-01	   3.3744368066124680e-01	   3.4714519086636053e-01	   5.4392638287454864e-01	   5.5146782850852460e-01	   1.4749774354930795e-01	   2.1569273714353837e-01	   8.4665556933492625e-01	   7.7135890029845811e-01	   2.5105557774013409e-01	   5.4235611427746100e-01	   3.5317027016210606e-01	   5.8246722497601167e-01	   1.4746135106228428e-02	  -2.6498904766626211e-02	   4.6345878645282046e-01	   2.7837390052317973e-01	   4.3711977822067821e-01	   4.3419488592893424e-01	   3.3224878015960913e-01	   7.6346273487189920e-01	   1.3837134989640026e-01	   4.4615738212013556e-01	   4.4251746574464110e-02	  -5.3825745985744463e-03	   2.7743145615723391e-01	   3.0622542128407176e-01	   2.4235078456725914e-02	   5.3633056606620322e-02	   2.7397551288477290e-01	   4.4079666331567502e-01	   1.2579703633318351e-01	   2.0989164244907144e-01	   6.9703092653761345e-02	  -1.5060842037849545e-01	
   8.3535877084283272e-01	   6.0495255597837772e-01	   2.9976042347196757e-01	   6.8050935979344063e-01	   5.2924854455077475e-01	   1.0563160523879713e+00	   6.5431886963413766e-01	   1.1170346946687741e+00	   8.4110018575561085e-01	   0.0000000000000000e+00	   6.2735716055977453e-01	   8.5636043229334846e-01	   5.8902897503892460e-01	   8.3570870315782886e-01	   4.1205094096397521e-01	   7.3306363376631423e-01	   4.7366822221518901e-01	   4.4286988690442941e-01	   5.7837221240083525e-01	   6.3909474003763078e-01	   4.4322134738588675e-01	   2.7629924655867177e-01	   2.4117739057787296e-01	   3.8919037816981544e-01	  -4.9746741401704785e-02	   8.6968608212825191e-02	   2.2867704234163733e-01	   3.9381747624455932e-01	   3.6498441141195237e-01	   5.7082140292822414e-01	   2.2023313610734313e-01	   3.0680699065126105e-01	   6.5191150585514845e-01	   6.7769055333332640e-01	  -9.4924511050559254e-02	   8.4972816149443006e-02	   6.0293694017403116e-02	   9.6281639137317535e-02	   2.4734848820700811e-01	   2.2975424303222400e-01	   3.5242407554041938e-01	   3.6566200997792075e-01	   6.4667514118117664e-01	   5.8109556720707500e-01	   5.2110317268302164e-01	   6.3263654929210944e-01	   7.3516266564303667e-01	   7.1432534350488208e-01	   6.3570890734257879e-01	   5.6256551397081855e-01	   6.6993870565701497e-01	   5.6921216448662504e-01	   7.6089992340236290e-01	   7.4407661645672085e-01	   6.8908880150183449e-01	   6.5560590351280323e-01	   5.3516081348879374e-01	   4.6639717122545327e-01	   7.1695895428557299e-01	   9.2359942387821170e-01	   8.8302936726662251e-01	   1.1711112859163129e+00	   5.4864579297999061e-01	   7.2988988707733715e-01	   1.1517475769065856e-01	   4.6443440425612437e-01	   4.4096019944856457e-01	   5.1169198346261147e-01	   4.2431386281652772e-01	   6.6089473303380109e-01	   1.5628845822001033e-01	   2.7102926219889234e-01	   2.1567090115628115e-01	   2.7587070772308731e-01	   2.7167419977495744e-01	   2.5750259633262412e-01	   1.7908538919942943e-01	   2.6914851038310422e-01	   4.1274937650792021e-01	   4.1725752811572336e-01	   4.4497576221958890e-01	   3.8112142299322394e-01	   3.2028883849738093e-01	   4.3452526333162533e-01	   3.9810221895442666e-01	   4.5911858414279016e-01	   3.1089265784967960e-02	   1.7989177219600305e-02	   7.2352956502045196e-01	   7.6745959506381878e-01	   6.1012132913943928e-01	   4.5980776488772723e-01	   5.3567188637979823e-01	   3.9305842318722206e-01	  -7.4636176848258989e-02	  -2.3390941087209449e-01	   3.0748374225230346e-01	   1.2765912811629349e-01	   7.0432189633124476e-01	   4.5742946277789337e-01	   5.5573090294988536e-01	   6.8889750098245361e-01	   3.7491383908309867e-01	   5.7157273316810708e-01	   1.4949208286073831e-01	  -1.0756377100715454e-01	   1.9601091911916729e-01	   3.5512853288478258e-01	  -7.4750227406464198e-02	  -8.1990649581685865e-02	   2.1261024910925092e-01	   5.0399618663792400e-01	   1.4378845948197061e-01	   9.9000889893395231e-03	  -3.0656329556929353e-02	  -1.5402876635267898e-01	
   1.2272141306040096e+00	   8.3311828297742574e-01	   5.9246103639840109e-01	   5.4639231681431688e-01	   5.3351235706960121e-01	   6.4192598267951873e-01	   8.7371596050070743e-01	   6.6060974287661633e-01	   8.0981017704559388e-01	   6.2735716055977453e-01	   0.0000000000000000e+00	   9.0512276088785915e-01	   1.3470862356957851e+00	   8.4410041538333913e-01	   7.5191177043919410e-01	   5.9314014961101280e-01	   7.3055259693852270e-01	   8.0821912260941120e-01	   9.7931161948127665e-01	   8.1204971617713684e-01	   4.4469686606810077e-01	   2.0028627378046313e-01	   5.0847091070603168e-01	   5.5020884529327840e-01	   5.7058970450327783e-02	   5.6081937264874912e-02	   5.1050628487539307e-01	   5.3322660075900652e-01	   6.0522066859690082e-01	   7.4628858933172226e-01	   1.6259732344300831e-01	   1.9702528392887139e-01	   6.7355960305940832e-01	   6.2693997283190450e-01	   1.3007144974533885e-01	   1.9374458034213471e-01	  -1.1106114392856493e-01	   1.0004978820671034e-01	   2.6006982276586915e-01	   3.0374902057696851e-01	   2.1659361841645397e-01	   3.1087366119234633e-01	   4.0919709261453580e-01	   4.1199820898673056e-01	   5.0270976147335356e-01	   5.6691479766878328e-01	   6.5314519485835187e-01	   6.3633403664841826e-01	   5.4271485824559340e-01	   5.2578167549877530e-01	   7.0407494441964313e-01	   6.7467673293865160e-01	   6.2770454947177601e-01	   6.0838257263821593e-01	   7.1645467684244613e-01	   9.0153053775123249e-01	   6.3687618403338542e-01	   7.1028294951272697e-01	   7.4678193921144342e-01	   7.2655213694666076e-01	   8.3659148848521392e-01	   6.8613049588608710e-01	   7.5996593502674814e-01	   7.2728233566571487e-01	   4.4807764318267063e-01	   5.1051520344652523e-01	   7.4494881505544563e-01	   5.8550723427920615e-01	   5.9975973732142063e-01	   6.9421591726978227e-01	   4.3555674073331896e-01	   3.4845827568947063e-01	   5.8289701963566232e-01	   6.3372823286606506e-01	   5.2705782090554054e-01	   5.8996972609689757e-01	   2.5041982281082531e-01	   2.3240517303000369e-01	   6.4563437463534568e-01	   7.5818253334152941e-01	   6.5053087879948546e-01	   8.3188632443545096e-01	   6.0059268252555187e-01	   6.3079628002248378e-01	   8.8028104316262579e-01	   7.7295676127031476e-01	   3.9828704013203287e-01	   3.7194990194519667e-01	   8.9562685390894137e-01	   8.8664257131971147e-01	   3.5895505813801637e-01	   5.3832262115892293e-01	   2.6109238242339700e-01	   6.8811432544046136e-01	   1.3048972875941764e-01	   1.8153714831533277e-01	   4.1184665726512754e-01	   4.7049306560855064e-01	   4.8855402915156998e-01	   5.5850686254943982e-01	   3.3758760962688300e-01	   7.4288727783785635e-01	   1.8958633819532034e-01	   6.0676836016799673e-01	   9.6331680032047992e-02	   1.1027611329944570e-01	   2.4806466339788272e-01	   3.0849509142623655e-01	   2.4700082856619987e-01	   1.1105666491025268e-01	   2.7841335053745903e-01	   4.7010318449799693e-01	   2.0613048235325862e-01	   2.3890222713699022e-01	   1.7654200403360770e-01	   6.8675960441559464e-02	
   8.2342238373942100e-01	   9.1224793299326412e-01	   2.5514582334887864e-01	   5.1230565662775773e-01	   5.0872208943441177e-01	   8.4335036600905289e-01	   6.3849227312983392e-01	   9.7167009545080441e-01	   4.6098716296100056e-01	   8.5636043229334846e-01	   9.0512276088785915e-01	   0.0000000000000000e+00	   6.6673752939468667e-01	   1.1375066014330919e+00	   4.0269624572186985e-01	   7.5817761361838376e-01	   7.8248877862397936e-01	   7.3397545739548908e-01	   7.5082030104035180e-01	   8.7187742060500373e-01	   4.3872496375394759e-01	   2.7532584274197935e-01	   3.0982443133739973e-01	   5.5214256959617058e-01	  -1.8827231034039521e-02	   3.2932393401876939e-02	   2.4265313940734795e-01	   3.4988728704931071e-01	   7.4805341601990971e-01	   1.0424163858161235e+00	   2.3934747722604088e-01	   3.4980646728700165e-01	   7.4784099654626501e-01	   7.7998519459477045e-01	  -4.8509019999391223e-02	   6.5469419163711878e-02	  -1.1547350557865502e-01	   1.8311832491695300e-03	   2.3634384942912678e-01	   2.3558820797081537e-01	   4.5717008240599122e-01	   4.8802499508801894e-01	   4.6850727957477001e-01	   4.0605732511011261e-01	   3.5787008808649362e-01	   4.7503123629388699e-01	   6.5753301923889240e-01	   5.8382007737997921e-01	   5.7537239864736556e-01	   4.8035040585638811e-01	   7.1704362964773050e-01	   5.7605286014613588e-01	   6.9449343650242223e-01	   6.3846771488333920e-01	   6.9907818436801983e-01	   6.5760424959498209e-01	   5.9347675233601083e-01	   5.7574836629573556e-01	   6.1560734621591284e-01	   6.6921950098639837e-01	   7.1241395643589245e-01	   7.4699181107254742e-01	   8.0276333138578748e-01	   1.1989050672230277e+00	   4.4693126169592992e-02	   3.2307882287846973e-01	   5.1687389021727026e-01	   5.7395936720475127e-01	   4.2559543391520560e-01	   5.9061153683592071e-01	   4.9457610024742371e-01	   5.4064929147144136e-01	   6.4329726066263382e-01	   6.8369544289465178e-01	   5.7803059440657845e-01	   6.7564177835937500e-01	   2.8424522213677522e-01	   3.7332647639757982e-01	   6.1991300501686730e-01	   5.8354485594479233e-01	   6.4797942047560009e-01	   5.9909703809669790e-01	   5.1162287684997876e-01	   5.4723741456712927e-01	   5.0727160204507149e-01	   4.8152978541361813e-01	   1.6816494943755056e-01	   1.1286396295597574e-01	   5.4736729004298013e-01	   6.2880794098653514e-01	   5.5210788219139673e-01	   3.4464878609278271e-01	   2.8317814201449892e-01	   3.8649065054558851e-01	   1.4946606202880847e-02	  -4.9265604643143708e-03	   2.2996568179967289e-01	   3.7088433316802638e-01	   6.4618802995434388e-01	   4.7193370148432734e-01	   4.7838913454269216e-01	   5.7048559606642413e-01	   3.4937732408433136e-01	   6.2192697023594479e-01	   2.3417641394415534e-01	   3.1887306765106205e-02	   2.1177528450298250e-01	   4.2778370167925717e-01	   8.9445767684441374e-02	   2.0583142684618205e-02	   1.4836174181720793e-01	   4.2952633593541723e-01	   1.4023540798918338e-01	  -1.3150213701477648e-02	   1.1367749990708442e-01	   4.0796618233434154e-02	
   9.8323375702113758e-01	   6.1573352428027550e-01	   4.6557831892988011e-01	   4.0381607223223059e-01	   5.0605399396191419e-01	   5.8059905878703333e-01	   8.8126447457752799e-01	   5.5814665898552307e-01	   9.1858906830004039e-01	   5.8902897503892460e-01	   1.3470862356957851e+00	   6.6673752939468667e-01	   0.0000000000000000e+00	   8.9831998470829932e-01	   5.9536184446028939e-01	   4.0825198220113068e-01	   4.6798289123523368e-01	   5.2083756458968644e-01	   5.9566507522787215e-01	   5.1129553958262941e-01	   3.1003932340616580e-01	   1.2381783078894951e-01	   2.6515337266458794e-01	   2.5325479144049456e-01	   3.3216203145914273e-02	   2.1324539638352957e-03	   3.7371574608484787e-01	   3.8875296116249775e-01	   4.4324528335515434e-01	   4.2859809392383563e-01	   7.4170550091932505e-02	   9.0971145204462325e-02	   4.8099143332901267e-01	   5.0258014721521516e-01	   9.0332545568648170e-02	   2.2214303377963596e-01	  -5.2593645304898066e-02	   1.0727470530353125e-01	   2.2071108674128109e-01	   2.3695439013374503e-01	   1.4755450793092806e-01	   2.6509357730385230e-01	   4.1440406176146061e-01	   3.7992790980638136e-01	   4.1968800823606001e-01	   4.6885415211576087e-01	   5.0757990055852964e-01	   5.1767405296507951e-01	   4.8033814628863886e-01	   4.7967095623852912e-01	   6.1076009493643080e-01	   5.5831724922221426e-01	   5.7344353826522243e-01	   5.5046502239765549e-01	   6.5917915917652847e-01	   5.8922473366684125e-01	   4.2203001112638577e-01	   4.8233872693205415e-01	   7.5166485012626671e-01	   6.3259877942751286e-01	   9.5493083856770578e-01	   7.1630600176617987e-01	   3.9933963268932576e-01	   5.0367186628130167e-01	   4.3541007578662955e-01	   5.4632495517627977e-01	   7.1297095646854070e-01	   5.6353104070589810e-01	   4.5608195135362395e-01	   5.7103910290456561e-01	   4.0051990955906963e-01	   2.8175405381232277e-01	   5.4424848680173987e-01	   4.2927429561906333e-01	   5.7781644077941752e-01	   4.6143104787038719e-01	   4.2862817414489107e-01	   3.7205904805277923e-01	   4.2982050563534491e-01	   5.1964187806848616e-01	   3.8288051062736556e-01	   4.9453770965604132e-01	   4.7097819194503759e-01	   4.1107773105620521e-01	   5.6984616698114665e-01	   5.5439123793583844e-01	   2.1188990365152469e-01	   2.7596646135138292e-01	   7.7321408898908606e-01	   6.8220854246782048e-01	   4.2731977856703562e-01	   5.0922946512292744e-01	   3.0862655542692330e-01	   6.0793086425318332e-01	   1.0113973564876776e-01	   1.2609064154351801e-01	   4.0973012835677380e-01	   3.1336237854765348e-01	   5.2101613463170837e-01	   5.7819393470865366e-01	   3.8780959491049205e-01	   7.5722577672643188e-01	   1.3694027832337893e-01	   4.7171626978031883e-01	   2.6513996417723326e-02	   9.8369909042741344e-02	   2.9952630075425402e-01	   2.6766596372541446e-01	   1.4112388178597002e-01	   5.4412822473388529e-02	   2.5870991129510079e-01	   5.2578111015314233e-01	   3.5144553671874607e-01	   3.3714185988749273e-01	   2.3361552275257222e-01	  -7.2997833413919137e-03	
