   0.0000000000000000e+00	   9.2023930903603490e-01	   2.7208481758108521e-01	   4.5663317344834553e-01	   3.5829060164679460e-01	   4.3823221731353224e-01	   2.5227202380599389e-01	   3.5139396620453567e-01	   2.5096231538885017e-01	   2.0859617819694420e-01	   6.2914216525047528e-01	   7.3875322137211330e-01	   5.4374125683629781e-01	   6.7380091912143092e-01	   6.5410076400781003e-01	   7.2430567400427426e-01	   7.7178209994786495e-01	   7.8865364160334850e-01	   7.2690969110837789e-01	   8.8138507915364017e-01	   4.2366383925810125e-01	   5.4096260575142108e-01	   3.3045908499933618e-01	   4.2834982620957118e-01	   1.8580137915273492e-01	   1.7045494287289831e-01	   4.2117095004708421e-01	   5.5744545513500776e-01	   7.6443332280261878e-01	   7.3290823740147115e-01	   1.5227825867005548e-01	   2.3547050752850407e-01	   5.1264929232916379e-01	   5.7117603483166113e-01	   2.0105181999378924e-01	   2.2860980129240005e-01	   5.8953379109013393e-01	   5.0989899919027148e-01	   4.0497706485106810e-01	   3.3300906372241429e-01	   6.8856963698606788e-01	   3.9369639509631293e-01	   5.5856834561967150e-01	   3.8858475165470341e-01	   3.1621708228187717e-01	   3.5583659277724033e-01	   5.4619133415156118e-01	   5.3498515533920687e-01	   5.5482397697875341e-01	   4.7593215312619008e-01	   5.8883990841776435e-01	   5.2808869016246351e-01	   6.3993580793669846e-01	   6.9587144257201128e-01	   6.1253255449574973e-01	   3.9579047322665351e-01	   8.4498469773719587e-01	   7.6325575367272613e-01	   4.2820160378300615e-01	   3.9340771180816503e-01	   3.5972214879429087e-01	   2.9899090831727904e-01	   3.1725532869593598e-01	   3.0943693729077382e-01	   1.0547778572865094e-01	   3.7289771412715039e-01	   2.5559421216047340e-01	   2.6226219476788909e-01	   6.1601367459320344e-01	   4.2442394023259555e-01	   5.4324897523934479e-01	   6.0082580515459583e-01	   6.6529698955858774e-01	   6.6801090028248666e-01	   6.7821838008110746e-01	   6.4987223898392532e-01	   7.4285580652160621e-01	   7.7300579391773105e-01	   7.2939339548586735e-01	   7.6098771719712022e-01	   7.9008828248642138e-01	   7.3251991628890711e-01	   7.2807810713292931e-01	   7.4770169683722820e-01	   6.1839494063104183e-01	   6.7206927935756589e-01	   4.3757380755828046e-01	   3.1175965585052395e-01	   5.3074589783821358e-01	   6.5787780722209699e-01	   5.6792013098897265e-01	   4.7243261323573188e-01	   3.8497963132776869e-01	   3.4280610450876520e-01	   2.4943494200468719e-01	  -1.3493594210998125e-01	   5.0904442057667787e-01	   3.0340833128913192e-01	   7.1814651442258182e-01	   6.8674369478686392e-01	   5.2388796355237044e-01	   4.1492294475308700e-01	   7.0977908573046111e-01	   6.6577776758949125e-01	   4.7236761411940809e-01	   3.5005524705172053e-01	   4.1472672166218483e-01	   7.9662397695882126e-02	   3.0054414748617997e-01	   3.2254382958735628e-01	   5.6092348453129048e-01	   6.0544687141727316e-01	   6.3916581578091081e-01	   7.1027515398636121e-01	   4.9292935390589837e-01	   1.7765909380154549e-01	
   9.2023930903603490e-01	   0.0000000000000000e+00	   3.0216166717012188e-01	   4.9136717376970063e-01	   2.8588189139705145e-01	   4.0568901909916022e-01	   2.0993763859260811e-01	   3.3453520847333085e-01	   1.0069755721894852e-01	   9.7865181200127077e-02	   4.1575932243082075e-01	   6.1901204347749228e-01	   3.7345067238528501e-01	   4.9659642455579089e-01	   4.9192853875674408e-01	   6.0701708821197220e-01	   7.9260887792792512e-01	   8.4899157377727652e-01	   6.1140628773593875e-01	   8.6729165821207177e-01	   4.9075263814336628e-01	   5.9086182527439268e-01	   3.4819859667628572e-01	   4.6725271526561440e-01	   3.0834770527533600e-01	   3.2448138409678873e-01	   4.5733291152722672e-01	   5.8651256027334620e-01	   7.5058786156482848e-01	   7.5311033165962471e-01	   2.8502710090536615e-01	   3.7174502024219069e-01	   6.1781562538076540e-01	   6.7406896890739942e-01	   3.1400026849503831e-01	   3.5071702539458038e-01	   5.7608973283241671e-01	   5.1118226756068652e-01	   4.4840998308096341e-01	   3.6871672798552013e-01	   6.4839035424067948e-01	   3.4253957243926220e-01	   6.4417651248641938e-01	   4.9069740985720822e-01	   4.6550512444127973e-01	   4.8881003314001581e-01	   6.4053961897192691e-01	   6.1380975221763368e-01	   5.9265325381526257e-01	   5.0673138404695617e-01	   5.5703382275930569e-01	   5.3956799953568702e-01	   6.1451643978120285e-01	   6.6256872007124024e-01	   5.9755246268552153e-01	   4.2481868129157230e-01	   9.0837903786971619e-01	   7.9434760768846113e-01	   2.4928863601399398e-01	   2.7107368213462507e-01	   2.4629744006928878e-01	   1.5636748408724521e-01	   3.1504995860546969e-01	   2.6449342885815263e-01	   1.7012843637486549e-01	   3.6944906632222929e-01	   2.9066378938507681e-01	   3.5338249940855426e-01	   6.4125238549909680e-01	   2.9866432876943894e-01	   5.4105114684744293e-01	   5.5391584849988407e-01	   6.7506593303168461e-01	   6.5950123882209155e-01	   6.8165250259062349e-01	   6.4958835448519558e-01	   7.1563214438143863e-01	   7.6330368709724072e-01	   8.0217669499766742e-01	   8.1005954686522275e-01	   8.4222874370508172e-01	   7.9347122098492795e-01	   7.0634961328018342e-01	   7.4510319989662599e-01	   5.7326445839189444e-01	   6.6261240437218749e-01	   3.9474663528168752e-01	   3.2462109657354621e-01	   4.1225782682591305e-01	   5.3610118907349813e-01	   5.4042229844415368e-01	   3.3603170232494223e-01	   2.9505539286229054e-01	   1.9427360810602193e-01	   1.3534967023649958e-01	  -1.5569501659976778e-01	   6.2593821343638445e-01	   4.1670266002967643e-01	   7.7615888023134805e-01	   6.7207381417902456e-01	   4.3241916834520278e-01	   2.9477324150791806e-01	   6.7444611522502940e-01	   5.9939145766341340e-01	   5.0899034621184402e-01	   3.4980399535254941e-01	   4.0671506100961624e-01	   5.6494297306404651e-02	   1.5882330270338446e-01	   3.8716335867916507e-01	   6.3942691295374054e-01	   6.6397803314053683e-01	   5.4455894684197426e-01	   7.1416185827012602e-01	   5.4210281188906806e-01	   2.7693187032206767e-01	
   2.7208481758108521e-01	   3.0216166717012188e-01	   0.0000000000000000e+00	   7.8753107308691339e-01	   7.5450931132902288e-01	   3.9742854953650486e-01	   7.5919461062999338e-01	   4.9173364885473558e-01	   4.1513510869583758e-01	   2.7617841747421024e-01	   2.0183305994195144e-01	   2.8910006584464648e-01	   2.1354787001938808e-01	   1.0424657056699713e-01	   5.1063974152296165e-01	   4.8836998065989379e-01	   1.1108925636917340e-01	   2.1050662819167287e-01	   6.0984187771238396e-01	   4.3293471507885944e-01	   5.4600059734982986e-01	   3.7436272855319175e-01	   8.9195776708730778e-01	   7.7417946414153049e-01	   8.1768399243680145e-01	   7.6735903230075087e-01	   7.4724288256388660e-01	   7.1840111680421948e-01	   3.6387658048817495e-01	   3.0918428293550820e-01	   7.7673209647170594e-01	   7.6815906645492171e-01	   6.3499519774768176e-01	   6.4311350079096141e-01	   7.6709453148999984e-01	   7.0601793091288700e-01	   3.8662037766918267e-01	   3.6149172625132109e-01	   6.3946406320866467e-01	   4.1860489229249365e-01	   2.8412256771284750e-01	   1.0409371040519133e-01	   6.2841648498000557e-01	   5.6120119244595512e-01	   5.4842193418224616e-01	   5.2662035865836476e-01	   5.6191065512964589e-01	   5.6452734754413314e-01	   2.8946345973234078e-01	   3.2544971501483477e-01	   2.6755690686597233e-01	   2.3973433006535572e-01	   2.3364802466150342e-01	   4.0641660054930928e-01	   4.1952074481841883e-01	   3.6952020713035238e-01	   1.2820547173997573e-01	   1.8345959038576110e-01	   7.8164230407856469e-03	   2.9995599385737592e-01	   2.5535069475663730e-01	   2.4778166007005331e-01	   9.1594426544061192e-02	   1.5419955785611195e-01	   8.8371512194067670e-01	   7.2528774216466574e-01	   6.7377722159825360e-01	   6.7121453564876998e-01	   5.4135767490443143e-01	   4.1032814096531878e-01	   5.5672209761888225e-01	   4.5841446142813447e-01	   2.9397239691327703e-01	   2.0225130941732108e-01	   3.3774939546048671e-01	   3.2142035197542029e-01	   6.0745586491054426e-01	   4.3807018972773804e-01	   2.7882240806238184e-01	   4.0862481117907795e-01	   3.2345370134538687e-01	   4.3734457623776574e-01	   5.3477876188356621e-01	   4.5141752713273908e-01	   7.1368739590686048e-01	   5.8830021212078054e-01	   6.2263753601352934e-01	   6.6623153423847947e-01	   5.9233162090305735e-01	   5.2758148661138726e-01	   5.3973440987938837e-01	   4.7530954613493209e-01	   4.7088089331648653e-01	   5.1645991445972550e-01	   2.2361714906026520e-01	  -1.0426303166472645e-01	   5.4818244201751654e-01	   3.0413811922259176e-01	   4.5862647613124541e-01	   3.7769211002178094e-01	   3.0821787866789019e-01	   3.1833752732712839e-01	   3.2330451166511731e-01	   4.1896947098719761e-01	   6.2068506428708026e-01	   6.4103874322438048e-01	   5.7077434614098077e-01	   3.5019728599629590e-01	   1.3084254917384916e-01	   4.5854276006963501e-01	   6.6380699654400077e-01	   4.2702110077553002e-01	   3.0066170096369604e-01	   3.5508206682337651e-01	   5.1114026651093258e-01	   4.1807608893008014e-01	
   4.5663317344834553e-01	   4.9136717376970063e-01	   7.8753107308691339e-01	   0.0000000000000000e+00	   6.7169819830699939e-01	   7.0609200884749046e-01	   6.9237544759787006e-01	   7.4524783668263184e-01	   3.5098334137201842e-01	   4.5781767907014875e-01	   1.8881569150487043e-01	   5.4023422806592980e-01	   1.7749450682430845e-01	   3.1456928121421068e-01	   4.4011927153936087e-01	   6.4823862716340264e-01	   2.9378070920504856e-01	   4.2913679305058605e-01	   5.3772254737921066e-01	   5.6107933710765878e-01	   4.9578771623600604e-01	   4.5776666479214784e-01	   7.5966690925088365e-01	   8.6864391264636254e-01	   6.8896635473340462e-01	   7.3305086601878111e-01	   6.6344887024379262e-01	   7.2166148725251722e-01	   5.2088589993137435e-01	   4.5991441419679069e-01	   6.8148915096474594e-01	   7.9566058725827793e-01	   6.4279099028271269e-01	   7.1418885685228550e-01	   6.5110726116710582e-01	   6.9007605522865156e-01	   4.4686627548557500e-01	   4.1263493329573703e-01	   6.1818866282063145e-01	   4.2152082419203407e-01	   4.2192125988517920e-01	   2.0083934500769124e-01	   6.8700389569951081e-01	   6.3307809322895503e-01	   5.6903878751404846e-01	   5.8041078120326317e-01	   6.5339348433674016e-01	   6.9119130388979566e-01	   3.9777547638998551e-01	   3.6073266539282756e-01	   4.0384544352902241e-01	   3.6530629208762733e-01	   4.4128656401479399e-01	   5.8081281010577779e-01	   5.6095825339912331e-01	   5.2259710591648167e-01	   4.0556317313250351e-01	   4.5475952365727612e-01	   1.0638946292649272e-01	   4.9252238022574013e-01	   2.5736442645331459e-01	   4.6850394759265440e-01	   2.3335568059379599e-01	   3.5476728132353325e-01	   7.6358932774438959e-01	   8.3358157899248941e-01	   6.5718392501590583e-01	   7.5072505891379593e-01	   6.1460466162262972e-01	   5.1613248540720025e-01	   5.6702416662628186e-01	   6.1382269893274288e-01	   4.5523905159931599e-01	   3.9909728823576857e-01	   5.0193764579282951e-01	   5.0155760449124720e-01	   6.5764701514261936e-01	   6.1519633066841106e-01	   4.6431229327358414e-01	   5.4439255850451784e-01	   4.9779335742432623e-01	   5.7733449055641439e-01	   6.0513171014052280e-01	   6.1153682785283059e-01	   7.2175520410105998e-01	   7.4930738236234928e-01	   6.6900684680522182e-01	   7.5913051319815239e-01	   5.9872048410550671e-01	   7.0492163112743522e-01	   7.1886486433659380e-01	   5.5179251607274926e-01	   7.0931539577607750e-01	   5.2625765137315672e-01	   2.4637358420426664e-01	  -1.0184919320922309e-01	   5.9279759721908909e-01	   4.6180548203303989e-01	   6.4058893897546487e-01	   5.6635546478497378e-01	   5.7763187957207507e-01	   4.0640743237594856e-01	   5.2863139777422408e-01	   5.8013753613470209e-01	   7.3103038255827379e-01	   6.2397363036209885e-01	   6.0494488222979026e-01	   2.8399783063404588e-01	   2.5336113985315939e-01	   5.3035430556416263e-01	   6.9543599167848369e-01	   5.1842240311375676e-01	   4.4417455786683319e-01	   5.0771548901302754e-01	   6.3131935904729375e-01	   4.3423453520410271e-01	
   3.5829060164679460e-01	   2.8588189139705145e-01	   7.5450931132902288e-01	   6.7169819830699939e-01	   0.0000000000000000e+00	   6.5816470663009108e-01	   8.3163727105013874e-01	   6.5964882118438128e-01	   7.8136032123471533e-01	   5.7028338854561111e-01	   4.7138093865410391e-01	   4.5625555690360098e-01	   4.7375409518774680e-01	   3.8454547943646222e-01	   5.2046532835624171e-01	   4.7195716053034509e-01	   1.5159425853185571e-01	   2.0625112918805541e-01	   6.7460159043450840e-01	   4.9685934764368189e-01	   2.5479485153376347e-01	   1.9213152451724519e-01	   5.9352926129291095e-01	   4.9250736379812399e-01	   4.9885590305886940e-01	   4.4500086432684161e-01	   4.4553554703492326e-01	   4.1717471495612279e-01	   3.7973480654742686e-01	   3.0208619392509356e-01	   4.7737395144737460e-01	   4.8472347416853778e-01	   4.7182124668635250e-01	   5.3121749190537415e-01	   5.7228212503222897e-01	   4.8571727738778714e-01	   2.2721337128143781e-01	   1.3235566367210164e-01	   3.8339013883210388e-01	   1.5008311405879904e-01	   2.3929901137129286e-01	  -6.1791588248749765e-02	   4.1908499484714823e-01	   2.6300589577111505e-01	   3.7456163626530303e-01	   3.7440135434574129e-01	   3.4349053864076357e-01	   3.6995270555274951e-01	   1.4040278859793343e-01	   1.9569500988493027e-01	   2.1855177578774890e-01	   1.0320229612192192e-01	   2.7174468268524277e-01	   4.2050563283071413e-01	   3.1213463362931487e-01	   1.3504905104557718e-01	   1.0959236650364301e-01	   2.2259946524280147e-01	   2.6241264441607282e-01	   4.1822019030127644e-01	   4.8150556232335284e-01	   4.8772687025492834e-01	   1.1059058489161262e-01	   2.5708143798503180e-01	   6.4963897239476420e-01	   6.1689147041316228e-01	   5.7758178288250128e-01	   5.3567132529268857e-01	   4.6390940749393006e-01	   5.8978079228006930e-01	   5.1473892929027976e-01	   5.0631741712938672e-01	   2.5776797283321107e-01	   1.8814125061294368e-01	   3.0658844141131880e-01	   3.0274826689834883e-01	   5.7687945072955515e-01	   4.1255587446170316e-01	   2.1628573507656285e-01	   2.7640771121474345e-01	   2.5534524911627204e-01	   3.0561781654236053e-01	   4.5342611488281631e-01	   4.2169833829849396e-01	   5.3357661221534747e-01	   3.8283101167024391e-01	   4.4607746631326095e-01	   3.5605768538947735e-01	   5.9221114638992622e-01	   5.2746899936497804e-01	   5.5461535774936965e-01	   6.2184186238597761e-01	   5.2220136713719734e-01	   6.6735531569682582e-01	   2.5891145434156043e-01	  -1.7412491563220597e-02	   4.1361164894169322e-01	   1.5966835574466012e-01	   4.2458701939726545e-01	   4.0920253156033931e-01	   4.4892827109044653e-01	   5.3392852208309194e-01	   3.9200031059842827e-01	   5.0572534889109189e-01	   5.2585688276952336e-01	   5.0535669741635836e-01	   5.4955993025199501e-01	   4.1674697853090054e-01	   2.0167720240210882e-01	   3.4328943319488164e-01	   5.6564883075665306e-01	   4.3897863460284370e-01	   4.9453594383252880e-01	   3.7180050187958458e-01	   4.2417059788913142e-01	   2.8216117661506601e-01	
   4.3823221731353224e-01	   4.0568901909916022e-01	   3.9742854953650486e-01	   7.0609200884749046e-01	   6.5816470663009108e-01	   0.0000000000000000e+00	   6.5999687646772309e-01	   8.4429232919240893e-01	   6.3190632261328761e-01	   7.7270247141135795e-01	   4.5460452708773813e-01	   6.8182590220048100e-01	   4.5666941582455606e-01	   6.1202598862438728e-01	   3.3859452478758989e-01	   5.6268138942434742e-01	   3.8046707733248791e-01	   4.3791942750401330e-01	   4.3347003112683269e-01	   5.0174432519725087e-01	   1.2303434328716154e-01	   2.2630357200663387e-01	   2.7162270755264351e-01	   3.8345440066072412e-01	   1.3874999630834231e-01	   2.3411082910038850e-01	   1.8214949477486775e-01	   2.7159782031520863e-01	   4.2543722358859914e-01	   4.2653072610500570e-01	   2.3173292472209686e-01	   3.5146155432090143e-01	   3.3782403041124198e-01	   4.5135965555977026e-01	   2.2779905434432293e-01	   2.4331974169613368e-01	   1.4160980005344903e-01	   6.0518614830787770e-02	   1.6809881185975614e-01	  -2.5801506658760995e-02	   2.6586403693712257e-01	   2.8541184079630522e-02	   3.3455620158527877e-01	   2.6115929303508428e-01	   2.9703720581793175e-01	   3.7196591693584186e-01	   3.1327281909390720e-01	   3.7312372446141329e-01	   2.4400617063132873e-01	   2.6042780680150113e-01	   2.3329864992020699e-01	   2.0349042445816759e-01	   3.4106343956106711e-01	   4.8904675704696776e-01	   3.1644502080530568e-01	   2.0187137142876690e-01	   3.3066310832814350e-01	   4.3869152344724616e-01	   3.4575810916455196e-01	   5.2617973717943833e-01	   4.9439483185873417e-01	   6.4405566568082917e-01	   3.0239293558627556e-01	   4.8227692384327803e-01	   3.6546447091271950e-01	   5.4228556837381015e-01	   3.7788984157038480e-01	   4.3899414060412639e-01	   3.2324037714702769e-01	   5.1797642785204645e-01	   4.3317925292126902e-01	   5.6846087829228642e-01	   3.6236456505699527e-01	   3.5189130054660667e-01	   4.1645486317745034e-01	   4.2534779699961039e-01	   5.1962360797713780e-01	   5.0757798598874160e-01	   3.9417640890783634e-01	   3.4318193919582651e-01	   4.0751854483519567e-01	   4.3334630871578894e-01	   3.3943058322595154e-01	   5.1215413744027649e-01	   3.8749602448515319e-01	   4.6445850216719886e-01	   2.2763610796679457e-01	   2.1185342178544170e-01	   4.8312258803083885e-01	   5.6953700437944910e-01	   7.4012899280092248e-01	   6.6671054053930812e-01	   7.7740416938840451e-01	   6.3020711266818863e-01	   9.1168867374585266e-02	  -5.0249163685105479e-02	   3.3363270120468680e-01	   3.9352799002626915e-01	   6.0347506355742797e-01	   6.1114464903453436e-01	   7.3527387008357625e-01	   6.4562671521815951e-01	   6.1071247644755544e-01	   6.2885764809978850e-01	   5.9364857166897156e-01	   4.5352080492601321e-01	   5.2611716670478981e-01	   4.0361911891685143e-01	   2.7085874229378554e-01	   5.1862389186516344e-01	   4.4236238429102792e-01	   5.2038754418173028e-01	   6.7189196108279048e-01	   5.2863891291980625e-01	   4.9161560359232681e-01	   3.1875343094684022e-01	
   2.5227202380599389e-01	   2.0993763859260811e-01	   7.5919461062999338e-01	   6.9237544759787006e-01	   8.3163727105013874e-01	   6.5999687646772309e-01	   0.0000000000000000e+00	   8.2195527492793385e-01	   7.5109210071469468e-01	   6.3535816272780354e-01	   3.8103094636597828e-01	   4.8917611968185093e-01	   3.8362678463247551e-01	   3.3706031581854179e-01	   3.9712737807560250e-01	   4.3844349656667447e-01	   2.0484648984883905e-01	   2.2456240824415963e-01	   5.9892180471290302e-01	   4.3192011976898453e-01	   2.6144484867662565e-01	   1.6868659699955393e-01	   5.3192150964579887e-01	   4.4184928822425007e-01	   4.3609406578208237e-01	   4.0075717053895876e-01	   2.6498316859575022e-01	   2.9366796763364245e-01	   4.0963824859621567e-01	   3.6573068779965107e-01	   5.8483088423227503e-01	   5.7991910817149916e-01	   5.6450680695462319e-01	   5.9831267962725965e-01	   5.4548082397356235e-01	   4.8308523028437889e-01	   5.8933692782078162e-02	   8.2657338354843633e-04	   3.1936842926331310e-01	   2.4217046378504324e-02	   1.3831110036176331e-01	  -5.1895953219668008e-02	   3.8900253518240807e-01	   3.1364063096558747e-01	   4.6741560054908166e-01	   4.3693852558669088e-01	   3.6000860702285215e-01	   3.6113088314781694e-01	   1.5177538730014989e-01	   1.8144498587674662e-01	   9.8503627154262724e-02	   6.7253197198065995e-02	   1.7149263424378475e-01	   3.1527221857128807e-01	   2.3013369830421149e-01	   1.6690991582731651e-01	   9.2592456450877436e-02	   2.4595787502716543e-01	   2.5185546435809547e-01	   4.2874159444971566e-01	   6.0742622772771737e-01	   5.6951488753007840e-01	   4.0838310877850853e-01	   5.0775066959571957e-01	   7.3975283023321925e-01	   5.9482708369104587e-01	   7.0402437036926313e-01	   6.5527537351860410e-01	   4.4429824723756361e-01	   6.0517809592537475e-01	   4.4144015142243598e-01	   4.1868370887460538e-01	   2.3526616181692447e-01	   1.6762588294101710e-01	   2.8959152149072104e-01	   2.8328910600888979e-01	   5.5733456214184118e-01	   4.0956026727343597e-01	   2.4204844390226871e-01	   2.6300432751971953e-01	   2.9344807505593828e-01	   3.8706260056947833e-01	   4.7013567598250450e-01	   5.1626593832690015e-01	   4.9593568274470756e-01	   4.5649246469118082e-01	   3.5827936511023295e-01	   3.6538790393668985e-01	   5.6491911273358475e-01	   5.4186589914679728e-01	   7.0509431727905492e-01	   6.9837935856521360e-01	   6.4288572500062324e-01	   7.1418069194745115e-01	   2.4185901092394205e-01	  -1.0947331768154060e-01	   4.0819007696662579e-01	   2.4330125103754030e-01	   5.1481141850110379e-01	   5.0598949648177738e-01	   5.8877629148607258e-01	   7.0707053645095330e-01	   5.0790664881045966e-01	   6.2783880634636458e-01	   5.6648665217316896e-01	   5.8602487021022309e-01	   6.2839671203672509e-01	   5.3924615339996285e-01	   2.5461182571508956e-01	   4.5555860706697515e-01	   5.2811278831953667e-01	   4.3712942219766621e-01	   4.1426507497305287e-01	   3.3711578545640708e-01	   3.9844224466555866e-01	   3.1068095671010326e-01	
   3.5139396620453567e-01	   3.3453520847333085e-01	   4.9173364885473558e-01	   7.4524783668263184e-01	   6.5964882118438128e-01	   8.4429232919240893e-01	   8.2195527492793385e-01	   0.0000000000000000e+00	   6.6133966777793918e-01	   8.1346833149903164e-01	   3.5587509133362599e-01	   6.8360910543707654e-01	   3.6305529560565508e-01	   5.1340118938810198e-01	   2.5661509303843139e-01	   4.8334352705548211e-01	   3.8781239780148946e-01	   4.1394970252939139e-01	   4.2484198401432199e-01	   4.6406582846969702e-01	   1.7903597777500629e-01	   1.9025997283326693e-01	   3.2668033186578804e-01	   4.0200651800484011e-01	   2.6435926922407860e-01	   3.1487004988238942e-01	   1.3334444401308759e-01	   2.1578820436766308e-01	   5.2476830185986378e-01	   5.2709653795865674e-01	   4.4866306037626502e-01	   5.4731655766901954e-01	   5.2338642191762741e-01	   6.2718609332380892e-01	   3.8285354534511079e-01	   3.8015280611640012e-01	   8.1880509609810637e-02	   2.9171823360836395e-02	   2.5372464617348356e-01	  -1.1616389027890594e-02	   2.4597653429884941e-01	   1.4012912977786700e-03	   3.7382945151178526e-01	   3.1789513130674207e-01	   4.7505207855749465e-01	   4.9252986856699121e-01	   3.9178952378528675e-01	   4.1749525583166069e-01	   2.8038195665823928e-01	   2.3833018512603085e-01	   2.4837460630628666e-01	   2.1248149843418929e-01	   3.6466107683908139e-01	   4.5081300882529518e-01	   3.4124260770269021e-01	   2.8624468439496786e-01	   2.8080306339289995e-01	   4.0666307747107511e-01	   3.5004431143782072e-01	   4.9176524162515567e-01	   6.2705777918352035e-01	   7.5050012360232521e-01	   5.2196436723857365e-01	   7.2102443520794135e-01	   5.4298614599653383e-01	   5.6747635803082952e-01	   5.6550537630322517e-01	   6.1004204321517852e-01	   3.9770472338811269e-01	   5.4114101162408534e-01	   4.5226746881677266e-01	   5.5119781594666140e-01	   3.6802318412030921e-01	   3.4682938601385749e-01	   4.3279924231119216e-01	   4.7351152352309062e-01	   5.5419795320770782e-01	   5.5145913051147999e-01	   4.1707677663387044e-01	   3.6336248261332277e-01	   4.5777280225326428e-01	   5.1228996197712473e-01	   4.9028889806764658e-01	   6.3274722031211139e-01	   4.4279652341014536e-01	   5.2711719621653053e-01	   3.4100065603478580e-01	   3.1735982086509906e-01	   5.7874339123784324e-01	   6.3994097063254096e-01	   7.6682914333595131e-01	   6.5130317295893192e-01	   7.2729997127589374e-01	   6.2610756806777168e-01	   1.7129349035918712e-01	  -1.2212192328230295e-01	   4.0022314417911536e-01	   3.5683423572814865e-01	   6.0470465851394173e-01	   5.8281661760627967e-01	   7.1563408667489026e-01	   6.8693420451332099e-01	   6.2397663393715641e-01	   6.6699866894450555e-01	   5.9971003730027128e-01	   5.0171893661748324e-01	   6.0541277774567082e-01	   4.8117651116862903e-01	   3.1880182082684649e-01	   4.9351726641411464e-01	   4.9556015968653877e-01	   4.8552748309740690e-01	   5.1488935006231207e-01	   4.7539779161205953e-01	   4.9553985836669878e-01	   3.5755157153890527e-01	
   2.5096231538885017e-01	   1.0069755721894852e-01	   4.1513510869583758e-01	   3.5098334137201842e-01	   7.8136032123471533e-01	   6.3190632261328761e-01	   7.5109210071469468e-01	   6.6133966777793918e-01	   0.0000000000000000e+00	   7.6386476648971802e-01	   6.6020503623308180e-01	   5.6126462180670011e-01	   6.4249152150980160e-01	   5.9575060298898652e-01	   5.1563038500015801e-01	   4.3460725651907656e-01	   1.4329188272103402e-01	   1.0145380051389122e-01	   5.3658481388632262e-01	   3.4222537985233231e-01	  -1.0186587161429707e-01	  -1.4649986942561544e-01	   2.3441708126651173e-01	   6.6913881034256661e-02	   3.5540316252255684e-02	  -9.5071902941792257e-04	   1.8063694189696826e-02	   1.7551051527280804e-02	   2.6933668007621853e-01	   2.5139294284807928e-01	   1.3114703737770411e-01	   1.3640675925616660e-01	   1.4594808453568864e-01	   2.2632050026459172e-01	   1.1085905914605056e-01	   2.6556697194152042e-02	   2.6939528054739495e-02	  -5.7929117164472889e-02	   1.1578054424931078e-01	  -7.2199146152505000e-02	   1.7692841864045711e-01	  -1.8875870771090500e-02	   4.2121286154293114e-02	  -6.1068737368473958e-02	   8.6209670233192162e-02	   1.2249260384913534e-01	   6.5454989501259261e-02	   7.9125845869894601e-02	   3.7422010808074738e-02	   1.2062031797846981e-01	   5.3085960159303600e-02	  -8.6462949357326759e-03	   1.2484012643744530e-01	   2.3460570204149284e-01	   1.8005358244863562e-01	   4.0054747060973978e-02	  -5.3728960201817548e-02	   1.3317182612689241e-01	   4.3655015701046529e-01	   4.3062962798829779e-01	   6.4847750478492872e-01	   6.3849153129145453e-01	   1.6991949369447687e-01	   3.9881020121945804e-01	   3.2988758666724238e-01	   3.3012501350079770e-01	   2.5881122622410790e-01	   1.9832839295732951e-01	   1.5453175952939469e-01	   5.0794243684873552e-01	   3.1330514917149904e-01	   3.1895298101832548e-01	   1.8989492843153893e-01	   1.6805524396384036e-01	   2.5247678028778520e-01	   2.7179044653172330e-01	   4.2025074190022987e-01	   3.1300415756258321e-01	   8.5622514059799260e-02	   7.0919650821467894e-02	   1.2304053119606695e-01	   1.6585856194986850e-01	   2.7163389997390841e-01	   3.2638002989584441e-01	   3.2125994683873121e-01	   2.2014611309062784e-01	   1.7995772626757278e-01	   4.2315736974045587e-02	   5.3718582339740029e-01	   4.7218495158436363e-01	   4.6552763653123252e-01	   6.1224689071954197e-01	   4.8531103052407237e-01	   6.7370929315808414e-01	   2.8776578978897221e-01	   1.3655543663250416e-01	   1.6668493424614578e-01	   1.4153409362052605e-01	   2.8497514075037300e-01	   3.4693895118269791e-01	   4.9154867602211311e-01	   6.1041503066438552e-01	   3.9390235557212661e-01	   4.4364700744502256e-01	   3.1385074877852237e-01	   2.8074583718174700e-01	   4.4241458607498430e-01	   4.3755303919204491e-01	   3.5371690883081430e-01	   2.7468189936672660e-01	   2.3303756498300143e-01	   2.6063130254681488e-01	   4.7120052471968188e-01	   2.3788405346159128e-01	   1.9895262574364195e-01	   8.6246171835610078e-02	
   2.0859617819694420e-01	   9.7865181200127077e-02	   2.7617841747421024e-01	   4.5781767907014875e-01	   5.7028338854561111e-01	   7.7270247141135795e-01	   6.3535816272780354e-01	   8.1346833149903164e-01	   7.6386476648971802e-01	   0.0000000000000000e+00	   4.9277124952202328e-01	   6.1696461811585568e-01	   4.8520384747310763e-01	   6.1489272069946954e-01	   2.8605072993602521e-01	   4.1305363110016802e-01	   1.5925334273331945e-01	   1.2816949725496668e-01	   2.7342838910976175e-01	   2.6417155940045434e-01	  -1.4263403552819742e-01	  -1.3785177453206027e-01	   1.0457467188533309e-01	   9.5124047918917931e-02	  -5.9133394457298247e-02	  -1.4340458480701351e-02	  -4.2092868719954067e-02	  -3.2265432677188221e-03	   2.0725134953283353e-01	   2.4111550304641688e-01	   5.0958198741317837e-02	   1.4879303871190769e-01	   6.4381867045222141e-02	   1.9937435259046193e-01	  -1.0261350518990230e-02	  -6.1653963380744935e-02	  -7.6361747019735929e-02	  -1.7072366382848891e-01	  -5.8907175601640403e-03	  -1.9292524113906992e-01	   6.6927540810938629e-02	  -8.6941518444697830e-02	  -9.7160182759202832e-04	  -5.5353434140548718e-02	   2.5918321395520735e-02	   7.6372583004764405e-02	   1.1788118395426801e-02	   3.8301092241709411e-02	   3.0757233830095380e-02	   2.3626577519521234e-02	   1.1883482774172620e-01	   4.0246965150027708e-03	   2.6029158501572724e-01	   3.1228450640041067e-01	   1.6890330700286588e-01	   3.1888934791803394e-02	   1.8645384425813059e-02	   1.9692549862560413e-01	   3.5679653961682140e-01	   4.0849920314663163e-01	   5.6375402550024289e-01	   8.0516723280472613e-01	   1.8397487413785685e-01	   5.1319990294346329e-01	   2.8626534091173028e-01	   3.7262368015323344e-01	   1.2804036744691233e-01	   1.3976243536497351e-01	   9.4224042208763820e-02	   4.0904918418373903e-01	   2.6193607967130111e-01	   3.8263645646786654e-01	   1.5863338391289999e-01	   1.6356497159740441e-01	   2.5526661898761449e-01	   3.2134081561848316e-01	   3.0895513394221197e-01	   3.0623041796353068e-01	   1.0139617532878643e-01	   5.9293939399596790e-02	   1.4318670499126201e-01	   1.6025811258895392e-01	   1.6330039242596761e-01	   3.3337861421000875e-01	   2.3803641566562866e-01	   2.3186415860007920e-01	   1.4350282032812350e-01	   6.7164847144938089e-02	   4.6531905622971192e-01	   4.7069216923283125e-01	   5.2633572587614619e-01	   5.6004536816921113e-01	   6.2962038521138264e-01	   6.2380067173910136e-01	   1.8662111271846676e-01	   8.0126580976660838e-02	   9.2075835903351944e-02	   2.2097664301213832e-01	   3.2196658374861881e-01	   3.5990808765681181e-01	   5.7348151537013881e-01	   5.4966430272020617e-01	   3.9080037556877750e-01	   4.0693030297553667e-01	   3.1145610830300863e-01	   2.4922356579080812e-01	   3.3618382680985082e-01	   3.3081764635783339e-01	   3.2274438634486763e-01	   3.3002699502134192e-01	   1.4883851617789493e-01	   2.8763886008488287e-01	   5.2679598094154079e-01	   3.1309122067001027e-01	   2.8088301837301843e-01	   1.8967078807761106e-01	
   6.2914216525047528e-01	   4.1575932243082075e-01	   2.0183305994195144e-01	   1.8881569150487043e-01	   4.7138093865410391e-01	   4.5460452708773813e-01	   3.8103094636597828e-01	   3.5587509133362599e-01	   6.6020503623308180e-01	   4.9277124952202328e-01	   0.0000000000000000e+00	   7.5666421258526151e-01	   9.4059697533845232e-01	   8.8226221453054310e-01	   6.9758948446437907e-01	   6.3451436649042181e-01	   4.1946593646802582e-01	   3.3588642263165036e-01	   5.8945420531863890e-01	   5.2379732494554521e-01	   7.3567737186599591e-02	   1.3912872541995674e-01	   1.3985518264470764e-01	   5.0858054127655240e-02	  -7.7963693534281883e-02	  -1.1859338083441333e-01	   1.6201927421463119e-01	   2.4257293703389401e-01	   4.0963881836076144e-01	   3.8767138797816142e-01	  -1.1499961430982537e-01	  -9.0945378662338566e-02	   7.0375318216192140e-02	   1.5136427071897637e-01	  -6.5320906836632553e-02	  -9.9929415215616185e-02	   3.3986317685143053e-01	   2.5466146639788911e-01	   2.0486218288572511e-01	   1.3637825271093232e-01	   4.2306305584447923e-01	   2.1690134207338074e-01	   1.8230438878486357e-01	   8.2489592566120234e-02	  -6.9244808410022767e-03	   9.2660268953246083e-02	   1.7180297034261868e-01	   1.7366610499668000e-01	   2.4222281519077826e-01	   3.3157625518508027e-01	   2.5283913137022584e-01	   2.2432342086121682e-01	   2.6842932379826967e-01	   3.5882946446012093e-01	   4.2393201944446479e-01	   2.3265445584594768e-01	   2.5541291658266735e-01	   3.6595469476317938e-01	   6.9908742739600283e-01	   4.4934108801337508e-01	   6.6887107806781643e-01	   5.1236805613184799e-01	   1.4950834247753175e-01	   2.4417354486830944e-01	   1.3968001878199930e-02	   2.9559239092316558e-01	   7.5501627757469880e-02	   4.2441156439392896e-03	   1.3988682566605801e-01	   3.4800478889394620e-01	   4.1169716624456920e-01	   4.5929441617644717e-01	   3.7207469391604919e-01	   4.1012700396120660e-01	   4.6063725700216185e-01	   4.7588458713284565e-01	   5.6167576185722290e-01	   5.1421977656195617e-01	   2.9363934645147477e-01	   3.3095942165990472e-01	   3.5019514155288356e-01	   3.1996641751729266e-01	   3.0627229809997075e-01	   3.9141681050190524e-01	   4.2713016087410249e-01	   3.8424766988727033e-01	   1.2249775271789837e-01	  -1.0872574680547073e-02	   5.7780991938498205e-01	   5.5609050007925742e-01	   3.7564869428089520e-01	   4.6816557550096827e-01	   3.4798780182918143e-01	   5.0429788036151824e-01	   2.4919656784289967e-01	  -3.6057946791269099e-03	   1.8801337097636048e-01	   1.5043475207298035e-01	   3.4139668939865397e-01	   4.3081096856924284e-01	   5.1549032169052467e-01	   5.6059212120397850e-01	   5.2563193762089933e-01	   4.4735928960245297e-01	   3.4506604761482756e-01	   3.0833298751146210e-01	   3.7019242387586127e-01	   2.2094960659037050e-01	   3.1887294101425384e-01	   2.0903792872067756e-01	   2.3061653211961031e-01	   3.0019685969314314e-01	   5.6501658558292189e-01	   4.0189248855380216e-01	   2.9340470107214750e-01	   1.3507323727206605e-01	
   7.3875322137211330e-01	   6.1901204347749228e-01	   2.8910006584464648e-01	   5.4023422806592980e-01	   4.5625555690360098e-01	   6.8182590220048100e-01	   4.8917611968185093e-01	   6.8360910543707654e-01	   5.6126462180670011e-01	   6.1696461811585568e-01	   7.5666421258526151e-01	   0.0000000000000000e+00	   6.8793505408574129e-01	   9.0863828890914244e-01	   5.3271292559945016e-01	   7.6498380889129358e-01	   6.2653143954227419e-01	   6.1341161855788640e-01	   5.7826920646778124e-01	   6.7096385752600896e-01	   1.1033214828978156e-01	   2.1581354211966847e-01	   2.5704428004043794e-01	   3.2960468637826229e-01	   3.4745210712176039e-02	   6.6658606971356907e-02	   2.3332081787265163e-01	   3.5748356249360286e-01	   6.2344790139565176e-01	   6.5401021062600728e-01	   6.9154810449049808e-02	   2.0215241766804937e-01	   3.2710433868509525e-01	   4.5672553974609531e-01	   1.0070831744324604e-01	   1.3455087571813146e-01	   3.5952277783190711e-01	   3.1059588815640610e-01	   2.8293543571843610e-01	   1.6572822473054410e-01	   5.2167496493678811e-01	   3.5973897457287868e-01	   3.8911709420825641e-01	   3.0651965875382436e-01	   2.5227984806678488e-01	   3.4502999210059043e-01	   4.1706325922614451e-01	   4.1804892348203038e-01	   4.5590138846161088e-01	   4.3505200069473815e-01	   4.6217988553196754e-01	   4.1964244740873152e-01	   5.0288199069731587e-01	   5.7361997108497498e-01	   5.8020284304611247e-01	   4.4988967031866622e-01	   5.1148999958117536e-01	   6.1617476759845469e-01	   6.5813117575174951e-01	   6.1224805856926245e-01	   6.6285583152374794e-01	   7.2032047708809299e-01	   4.0181958895724490e-01	   6.2612691773675855e-01	   2.1344137956625725e-01	   4.9072271491728858e-01	   2.7965396727628666e-01	   2.8611802811945092e-01	   3.5426304225769600e-01	   4.5045665812215874e-01	   5.3419439702397364e-01	   6.6208758656657252e-01	   5.7838346893154835e-01	   6.0659405910662501e-01	   6.3557132777969205e-01	   6.7920463402541165e-01	   6.8139242771497466e-01	   7.6072852565015325e-01	   5.7113215339981616e-01	   5.7536143146432672e-01	   6.4365111340082803e-01	   6.4677045393642096e-01	   5.4549001427369603e-01	   6.8813836559920194e-01	   5.6672956210370473e-01	   7.0697578706230335e-01	   3.3164952963309391e-01	   2.7595975297966030e-01	   7.0163044252122642e-01	   8.0341645197366018e-01	   6.5234354585168242e-01	   5.8726039089983506e-01	   6.3774130399232010e-01	   5.8195267269329387e-01	   2.5977101014867110e-01	  -2.1321405411318090e-01	   3.9647969493968249e-01	   3.7578531310753049e-01	   6.2675369943375081e-01	   6.2659413412496257e-01	   7.6612013017987968e-01	   6.2149995603376140e-01	   7.4689609015430058e-01	   6.7143182579444149e-01	   5.8282738524019795e-01	   4.7228095158236383e-01	   5.1603930836590950e-01	   2.4142310975243422e-01	   4.4155984064362586e-01	   4.2240929970506363e-01	   4.1141199487295022e-01	   4.4933264841842446e-01	   6.5427858807143702e-01	   5.8618534133161004e-01	   5.3174968071079531e-01	   3.1142034011832637e-01	
   5.4374125683629781e-01	   3.7345067238528501e-01	   2.1354787001938808e-01	   1.7749450682430845e-01	   4.7375409518774680e-01	   4.5666941582455606e-01	   3.8362678463247551e-01	   3.6305529560565508e-01	   6.4249152150980160e-01	   4.8520384747310763e-01	   9.4059697533845232e-01	   6.8793505408574129e-01	   0.0000000000000000e+00	   8.2603241461645516e-01	   5.9176043581192772e-01	   5.5179814054074705e-01	   3.7513142079868789e-01	   2.7985755566230458e-01	   4.7127387784159364e-01	   4.4581347355669804e-01	   1.1682736914918126e-01	   1.7083431016259742e-01	   7.8777403282730973e-02	   1.6339461753282176e-02	  -5.9681651992892118e-02	  -7.3668013642470165e-02	   1.4281801331076074e-01	   2.4128135160643308e-01	   3.3592372793464520e-01	   3.2731550577058688e-01	  -9.7431440221314100e-02	  -8.0655123330940603e-02	   8.8470541283783219e-02	   1.6551765679297661e-01	  -1.9657037336799577e-02	  -5.9629156476844913e-02	   3.0769900228754365e-01	   2.1046900550738717e-01	   2.4854655047697558e-01	   1.3621903458906356e-01	   3.5627411035663537e-01	   1.6071890163272456e-01	   1.7155736599095051e-01	   9.6327907070154650e-02	   5.7349233544643885e-02	   1.5858666490467024e-01	   1.7534182627909359e-01	   1.6316462309546220e-01	   1.9743947185497496e-01	   3.2454290935688618e-01	   2.1218413507108824e-01	   1.3570473696024235e-01	   2.3924865106676158e-01	   3.1756410123014428e-01	   4.3128119091982964e-01	   2.1443371351349208e-01	   1.7802609708979522e-01	   3.0491455887869207e-01	   7.4507071758147136e-01	   4.0146629197428341e-01	   7.2612612334881443e-01	   4.4678377076374198e-01	   1.7024864338496415e-01	   2.0544448328208909e-01	   3.0702053237163393e-02	   3.2080436673842050e-01	   1.3123982036349530e-01	   4.6685542216723573e-02	   1.0342573558610740e-01	   3.3508814338847964e-01	   3.9815783811165584e-01	   4.5790380536742614e-01	   2.8815976200463517e-01	   3.2879699531090012e-01	   3.8699562461796111e-01	   4.0441782563061357e-01	   5.4004964651274823e-01	   4.7806521333121454e-01	   2.3598193096769543e-01	   2.7116961951666330e-01	   2.8885823190465998e-01	   2.7394769287995102e-01	   2.5583774441202145e-01	   3.5088957490857414e-01	   3.4424407746182817e-01	   3.2086126686280347e-01	   6.5220335783287467e-02	  -6.3191879287965935e-02	   6.0157048430508564e-01	   5.1395705872444541e-01	   3.6566425133507402e-01	   4.2827107500666123e-01	   3.3887731452425540e-01	   4.8699489209738500e-01	   1.8415503154511698e-01	  -2.7283173771775623e-02	   2.0896904065084948e-01	   1.8662381878363632e-01	   3.1813848485604757e-01	   4.0266250391883551e-01	   5.1634014878884438e-01	   5.8402307068843828e-01	   5.1838496592216110e-01	   4.1416177494001771e-01	   3.8168527564507004e-01	   3.4632972290251862e-01	   4.0085691237391663e-01	   2.6417744781662678e-01	   2.6780604575414824e-01	   2.2815115853925025e-01	   2.3275248640885116e-01	   3.0849787252446470e-01	   5.6435081240406515e-01	   3.9162230600215253e-01	   3.2167578745536141e-01	   2.4277614876672016e-01	
