   0.0000000000000000e+00	   7.8453554119242708e-01	  -2.3147900719297837e-01	  -2.6224928951303322e-01	  -2.7368783059884505e-01	  -1.7987092302901408e-01	  -3.5077471366238011e-02	   9.6175314420094554e-03	  -7.5652608037828179e-03	  -1.2396724345949556e-01	   7.7176965635031292e-01	   5.7702512044894694e-01	   4.6729307891358995e-01	   2.8857084708435410e-01	   3.9573198128383731e-02	   3.1147029430694567e-03	   5.9834458782725797e-01	   5.1514812296795720e-01	   3.9104168161775132e-01	   3.9628392324120387e-01	  -9.2297365310100199e-04	   3.8602875190151320e-02	  -2.9084818934333401e-01	  -3.5389331710390343e-01	  -2.6706033343796626e-01	  -5.0067030696897930e-01	  -2.6066066750982564e-01	  -3.1968798460841918e-01	   6.1252324098247257e-01	   3.4576811665437096e-01	  -1.7557695687476668e-01	  -2.4892950719468718e-01	   3.6150729820759309e-01	   2.2293481606389254e-01	  -4.2830078280151623e-01	  -4.4886962717836559e-01	   1.9372158990841232e-01	   9.3959810330048715e-02	   2.3897516871310209e-01	   1.7021830628317478e-01	   4.2357834411202439e-01	   3.0652793076779006e-01	   4.3516420463286831e-01	   4.3150972716948943e-01	   1.4567893594795261e-01	   2.7489941454782651e-01	   3.7735819488178640e-01	   3.4754375826850054e-01	   4.0702585671646541e-01	   3.5653777876985882e-01	   3.2883373976860875e-01	   2.7815164571330681e-01	   3.3105436928738019e-01	   2.8401596384298855e-01	   3.6973730890491152e-01	   3.0204371862469137e-01	   6.9739155168686995e-01	   5.8755411754429832e-01	   3.2741428565573510e-01	   4.1348593627808639e-01	   3.9619609692177182e-01	   3.6608922681273959e-01	   6.0039064915936557e-01	   6.5012638304067039e-01	  -5.0267138930886057e-01	  -3.1605429189550183e-01	   9.6523026897032432e-02	  -9.3162185008234658e-02	   1.2706219653054016e-01	   2.6670713925098083e-01	   2.0550598407939497e-01	   1.1437126994393200e-01	   5.6868387578468338e-01	   5.3722948879519561e-01	   5.9436399610885415e-01	   5.5416148253708253e-01	   4.3806836550705447e-01	   3.7163053356400416e-01	   2.8086437513312040e-01	   5.3365914949172688e-01	   4.9617665144838985e-01	   4.0231072185908245e-01	   6.3877092378907929e-02	  -3.9858396811099733e-02	   1.8542224066986701e-01	  -1.2673231601506343e-01	  -2.5939821185441008e-02	  -2.0004283152318281e-01	   2.3335003607547766e-02	   5.9655617637911273e-02	   2.1116929478736146e-01	  -2.1872095511796680e-01	  -3.3001514958442624e-01	  -4.4622660526825975e-01	  -1.8925320759037234e-01	  -2.1029453705639720e-01	   5.0241889036834153e-01	   2.7641762329779473e-01	   4.8404957221846717e-01	   3.4207710972576810e-01	  -1.0965163940822054e-01	  -2.3989291595434725e-01	   4.4441094938702125e-01	   2.0907817150690511e-01	   3.5939116558523637e-01	   4.9683552186287330e-03	   2.9157401445868647e-01	  -1.6842650579391039e-01	  -2.4942553611781054e-01	   2.6479088103744119e-01	   1.5716255081456743e-01	   2.2954511546535233e-01	   2.8342746242178146e-01	   2.3593583520308903e-01	   1.8459994442898583e-01	   3.4247936375502130e-01	
   7.8453554119242708e-01	   0.0000000000000000e+00	  -3.3644292197404624e-01	  -3.1535084115276407e-01	  -9.7374679386583493e-02	  -1.0267855897823791e-01	   1.3291978364639212e-01	   2.0790690411831975e-01	  -1.9920147896917545e-01	  -1.6773175252293546e-01	   6.4381834711700447e-01	   6.3552650725164994e-01	   2.9638183124086631e-01	   1.5432640239549955e-01	   1.1228996829553511e-01	   2.6163852827905065e-01	   8.5713306232986519e-01	   8.6437059428757679e-01	   5.9796116511723640e-01	   7.7084885660781133e-01	   2.8156027195248223e-01	   3.1675851092252777e-01	  -4.7103243931943262e-02	  -1.2447298957568040e-01	  -1.7616468214199490e-01	  -3.1847817121997224e-01	  -2.5737631828396446e-01	  -3.1108034415565150e-01	   8.4166306393843271e-01	   7.0356201011410713e-01	   1.2026864329299004e-01	   8.0395683355227704e-02	   6.4609512050413953e-01	   5.7324518274286385e-01	  -4.4069305341180975e-01	  -2.8187426543652072e-01	   2.2402766899688548e-01	   2.8599271410512034e-01	   2.3198610608270392e-01	   2.1344329985737873e-01	   5.2067412559755977e-01	   4.6133898228538750e-01	   2.6591081936132532e-01	   1.8687382759400106e-01	   3.7609433347786353e-02	   1.0807082125517432e-01	   1.9660582186293749e-01	   1.5891371680638072e-01	   6.3832041581486962e-02	  -5.4440275980828109e-02	  -8.2335451600741863e-02	  -1.6070622616166569e-01	   5.5486342175171385e-02	   6.9085186153723735e-02	   8.4975507633980485e-02	   1.5863631744683544e-02	   7.3269960098327447e-01	   6.4784098698182835e-01	  -5.1348942364200026e-02	   7.6434217561988357e-02	   2.0782979696439877e-01	   4.0326702987775964e-01	   8.0849604003955466e-01	   8.6257905393208312e-01	  -5.9825788263143698e-01	  -4.1466571844108235e-01	  -5.0737934404598548e-02	  -1.5407867487462554e-01	   3.7612850294048328e-01	   4.2120834836508253e-01	   4.5453882949678431e-01	   4.1951117492254547e-01	   7.9419938199699780e-01	   8.3844692453721870e-01	   7.2374953986207524e-01	   7.8535402420476630e-01	   6.8067667531070353e-01	   6.2489024743498989e-01	   5.6834999637381955e-01	   7.6243852523218825e-01	   8.1451435465619060e-01	   7.7132995765676426e-01	   3.1743282228308223e-01	   3.0824545364770273e-01	   2.0512920345167424e-01	  -7.3923829215967810e-02	   6.6398116839495452e-02	  -1.6108306310714771e-01	  -1.9928252631939836e-01	  -1.9003293544100464e-02	   2.0057333679159656e-01	  -1.0019775932248329e-01	  -2.1421461100818204e-01	  -3.3830100555992715e-01	   4.5176135482604216e-03	  -3.2142722995829813e-02	   3.6360349516291313e-01	   1.5220737922646133e-01	   4.2743053689349209e-01	   2.0512219846242155e-01	  -7.3806130934902132e-03	  -1.9085322411958811e-01	   6.7843602156711080e-01	   3.9768076071498415e-01	   3.6511413702889012e-01	   1.2632831801273728e-01	   2.2762440851115776e-01	   1.4319630090942298e-03	  -9.2621451572421146e-02	   2.8558720498405110e-01	   3.1731054530826264e-01	   4.1074139100530049e-01	   4.6018342173516430e-01	   4.4252073665097358e-01	   3.7714117914048151e-01	   3.3029478689294289e-01	
  -2.3147900719297837e-01	  -3.3644292197404624e-01	   0.0000000000000000e+00	   5.2351844881728915e-01	   9.5997158143056108e-03	  -1.3672307382426135e-01	   1.6968596758387366e-01	  -1.9738144416887277e-01	   2.3361715021344526e-01	   5.1713717470627793e-02	  -1.3384034193047481e-01	  -2.8866166961137568e-01	  -9.8847751866338929e-02	   5.0664525178671420e-02	   3.5977814914111611e-01	   1.3539153595612352e-01	  -4.4539405856422359e-01	  -3.7739146060430567e-01	   2.9572845174631542e-05	  -2.1505144173719659e-01	   1.0826652626042962e-01	  -1.3252044848822510e-02	   5.2206975120465393e-01	   4.8572747497739494e-01	   6.4227041991851497e-01	   4.7939604786137824e-01	   7.1020721603363923e-01	   6.0336221865358142e-01	  -3.2344787384025431e-01	  -3.7397417219273749e-01	   4.2958994203398115e-01	   2.8291637163977423e-01	   4.9446131225485496e-02	  -1.0904824644274269e-01	   5.8997848333980207e-01	   1.8338457653501530e-01	   7.0627376727128544e-02	   1.0089918138088134e-01	   2.2350691844837563e-02	   1.6939493759607993e-01	  -2.8765332322792218e-02	   5.2232656729450648e-02	   6.8059115444899732e-02	   6.8166741911097062e-03	  -2.5010539092305206e-01	  -1.9622224293467982e-01	   9.3945784046896796e-02	   1.1768028699078545e-01	  -5.9672194790110093e-02	   9.6573964404331789e-02	   2.7155790814507985e-01	   3.8135163280927004e-01	   2.5548297958174876e-01	   3.2698081460313433e-01	   9.2070475597115162e-02	   2.4558191450550759e-01	  -1.0674870853561813e-01	   8.2809024456960784e-02	  -4.0716654513691004e-02	  -2.3306113528263894e-04	   1.0546288953739507e-02	  -1.5363469465346899e-01	  -3.4434668916315120e-01	  -3.1886532222216907e-01	   5.4652850880504500e-01	   2.2676351947854384e-01	  -4.9272031262351509e-02	  -2.6144285208168042e-02	   1.4243558046553972e-01	   1.3353565230478742e-01	   1.0053879473534769e-01	   3.3419080687764523e-02	  -2.3692716350807341e-01	  -2.4982878700522015e-01	  -2.2364822464307962e-01	  -2.6502023279715348e-01	  -4.8947445257490091e-02	  -5.1824560048653823e-02	  -2.0591451306382930e-01	  -2.7951013386053353e-01	  -3.3790173041188298e-01	  -2.5910780179630188e-01	   2.7003933406897185e-01	   9.7001811891177875e-02	   3.4735629400252821e-01	   3.8871965465134617e-01	   2.5826734872186780e-01	   4.6545606193748290e-01	   3.1427792182263303e-01	   3.8759490606001668e-01	   1.3637377974980305e-01	   3.6606001075632688e-01	   2.0997878457000579e-01	   4.7281924825103422e-01	   2.1179253732709252e-01	   1.5699720356918145e-01	  -7.7181459232554803e-02	   1.1517517958688453e-02	  -3.2089875932707541e-03	   9.7371688501219369e-02	  -9.8507389764517894e-02	   1.4660933075600449e-01	  -4.2096012548530409e-01	  -2.0640603027044740e-01	   9.8099217872594846e-02	   3.1687522502302984e-01	  -5.7529001277156697e-02	   1.3265385892396364e-01	   8.4810759053045914e-02	  -1.2226678578349516e-01	   6.8502594151672563e-02	  -1.5254304527970336e-01	  -3.3138030041501254e-01	  -1.2913352117702936e-01	   3.8118721338772171e-02	  -7.3887851842512745e-02	
  -2.6224928951303322e-01	  -3.1535084115276407e-01	   5.2351844881728915e-01	   0.0000000000000000e+00	   2.1421776213922572e-01	   3.5594051278090855e-01	   3.4677829564746043e-01	   3.3522938510780631e-01	   3.5932579728322289e-01	   3.8282309442854190e-01	  -8.4463554096793458e-02	   1.2966072482127955e-01	   6.5433835903248333e-02	   3.9823279066502110e-01	   6.6199329662561812e-02	   2.2275077250080272e-01	  -4.4689435522732579e-01	  -3.7895966541245590e-01	  -2.9507917986596632e-01	  -2.5114446703966714e-01	  -1.6072905055212368e-02	   8.2296002954011405e-02	   2.2401327760692255e-01	   4.5959728881003858e-01	   4.2609314955162714e-01	   6.2756808488856519e-01	   4.4617650951147070e-01	   7.1768882069397111e-01	  -2.7017496800537377e-01	  -1.6297771900349159e-01	   1.4994234497533282e-01	   2.6311230608226172e-01	   5.8004331429694217e-02	   1.3787911898015914e-01	   6.5445855400251773e-01	   5.8393901591093300e-01	  -2.4092348551962511e-01	  -1.1441006066868042e-01	  -1.1096214160352302e-01	   1.2355450024179052e-01	  -2.3967042970739988e-01	  -1.2629446653241554e-02	  -9.2733106338514865e-02	  -9.6188455373380791e-02	  -8.1217090565089259e-02	  -3.0737069592800072e-02	  -9.1729897947520123e-02	  -3.4206409173822172e-02	  -7.4549233206321078e-02	   3.9469102951203205e-02	   2.6815401190041438e-01	   2.8948394465344374e-01	   1.4905533047296679e-01	   1.5854544999454756e-01	   8.9415423401160973e-02	   1.2426048317469157e-01	  -2.5013724940627885e-01	  -1.4800959280483250e-01	   1.3048228784755106e-01	   1.9283625966303589e-01	   2.4910645647205454e-01	   1.9935042614690623e-01	  -2.9114263650120259e-01	  -3.1571169570567509e-01	   4.7154072483752946e-01	   6.4542062716969917e-01	   3.2318839314188741e-01	   4.9227660496747372e-01	  -7.7019288914868908e-02	   2.7644420765144645e-02	  -1.1265794364351832e-01	  -9.2904835824514975e-02	  -3.1300242964416425e-01	  -2.7703226581436396e-01	  -2.6376575163942856e-01	  -2.0909783651906744e-01	  -6.6630544687646287e-02	   1.0989761879169363e-01	  -2.5507255126248052e-01	  -3.4151705278543876e-01	  -3.0596364111420554e-01	  -2.0745661250035347e-01	  -5.6987173238358772e-03	   1.9734410352007800e-01	   2.9631484620687587e-01	   7.0353847723284513e-01	  -8.6615746911019142e-02	   3.6700363514968332e-01	   2.1535979964261867e-01	   4.7489517794606084e-01	   1.4691763241199554e-01	   1.2997680311469467e-01	   4.3710368308074116e-01	   2.9298495799781654e-01	   2.3386371538315312e-01	   2.4600043601120267e-01	  -1.7388465690501551e-01	  -1.0108577053146446e-02	  -2.3359233220826325e-01	  -1.4150028867794401e-01	   3.2584415679801998e-01	   2.6592464245631492e-01	  -1.7996903772646061e-01	  -1.3665287233810441e-01	   2.2624313242031230e-01	   3.2543385408354264e-01	  -9.7165264360173961e-02	   1.0751760637023289e-01	   1.5061417398905147e-01	  -8.3236252175583406e-02	   4.6479392951852924e-02	  -2.5940645504627857e-01	  -1.7000158060495313e-01	  -1.9765560429123871e-01	   3.6560355369973263e-02	  -4.8589414957333363e-02	
  -2.7368783059884505e-01	  -9.7374679386583493e-02	   9.5997158143056108e-03	   2.1421776213922572e-01	   0.0000000000000000e+00	   7.7163857086403564e-01	   4.2822479158423565e-01	   5.0983506961762171e-01	   4.0376372858321263e-01	   5.1965573208340921e-01	  -3.1237348720922331e-01	   5.3947743891981453e-02	   5.0481179837324815e-02	   9.3147596391735865e-02	   8.1268316714923419e-02	   1.5526469473742971e-01	  -5.9051893197120335e-02	  -3.9320095892807216e-02	  -2.1347121223263760e-01	   1.5895614287393011e-02	   1.1725701432340872e-01	   2.9064557744132313e-01	   8.1651943043092548e-02	   1.6684644819367975e-01	   1.0440985465562390e-01	   4.9761318536212201e-01	  -3.3256284979458567e-02	   1.6431557430967439e-01	  -2.2610182208953881e-02	   1.8394033540009985e-01	   1.1103255103868367e-01	   2.4768803145110993e-01	   9.5821840102635253e-02	   2.6165920294310030e-01	   3.3491091173313581e-01	   4.9392386457487025e-01	  -1.9482402557291827e-02	   2.8084703506395309e-01	   1.5132404270901312e-01	   2.5612159941939805e-01	  -5.4803959905056529e-02	   5.0996279212615139e-02	  -2.5804886335421279e-01	  -3.2347277748338665e-01	   1.5205044724451916e-01	   6.3715216661800786e-02	  -2.5504050304717224e-01	  -2.2488008847516977e-01	  -8.7709293815459555e-02	  -1.1330040850976650e-01	  -1.2562239337416581e-01	  -1.8429071911537240e-01	  -1.8671468952792708e-01	  -1.7380384550791503e-01	  -4.5335503629154034e-02	  -1.2708859429931219e-01	  -2.7803415129442843e-01	  -2.4571106783714741e-01	   1.2698165982219761e-01	   6.1920273701667743e-02	   2.8560707391022205e-01	   3.8276948487847540e-01	  -8.4947319323773751e-02	  -5.8306544843603439e-02	   4.3102889719541160e-01	   5.2859761686664997e-01	   3.7648660476150897e-01	   5.1687056186248037e-01	   2.0877767811225197e-02	   1.5429477712170372e-01	  -2.0407412963376692e-01	   5.8440686637344946e-02	  -8.9205071942145317e-02	  -1.2896920505212930e-02	  -1.3083824511660569e-01	  -1.7536121049267384e-02	  -1.2973850181480564e-02	   1.1020886635580193e-01	   7.3851390316836879e-02	  -6.4974701052089925e-02	  -1.1363769713775007e-02	   4.4007815357955796e-02	   5.9259352764172879e-02	   1.3714056152128315e-01	   1.0846330888222300e-01	   2.6230300099843373e-01	   2.2126792425593594e-02	   1.7118846197225542e-02	   3.5033587622945167e-01	   3.4397457258259501e-01	   1.4976418292386558e-02	  -5.9567871151010907e-02	   2.5368405665487315e-01	   1.8464997613346207e-01	   2.2766635433405419e-01	   2.4572639332046514e-01	  -2.4870902532134156e-01	  -5.0072836562124891e-02	  -2.5667265367549008e-01	  -3.4598648345926675e-01	   3.5071280700492097e-01	   4.5057093888041105e-01	   1.3371044125879744e-01	   5.4198714313797004e-02	  -4.2281171412675692e-02	   1.6434113654122959e-01	  -2.9267659190431483e-01	   2.1673796692764044e-03	   3.1578617707483359e-01	  -1.5609793989865139e-01	  -8.8869851349938384e-02	  -2.0986199907424835e-01	   7.7720525911750132e-02	  -1.3707101348507217e-01	  -1.6375569390714828e-01	  -1.5171660576056728e-01	
  -1.7987092302901408e-01	  -1.0267855897823791e-01	  -1.3672307382426135e-01	   3.5594051278090855e-01	   7.7163857086403564e-01	   0.0000000000000000e+00	   3.3387221917747562e-01	   6.5884664664345993e-01	   6.5024859804117552e-01	   8.4265556382583162e-01	  -1.5319028114247857e-01	   3.5488702157631613e-01	   4.4968329104944804e-01	   4.8405711153223163e-01	  -7.7430560964442174e-02	   6.0165774117239869e-02	  -1.1449866836153150e-01	  -1.3420647880327394e-01	  -4.8934041563258091e-01	  -2.1379065553738658e-01	  -1.7816396878429819e-01	   6.5598124124570695e-02	  -2.2517998295081970e-01	   1.1839366027577821e-02	  -2.2426816739998323e-01	   3.1160233177265917e-01	  -2.5233784435732026e-01	   5.7768252312009237e-02	  -6.3857610422514172e-02	   1.9748648889926329e-01	  -2.5742734373844223e-01	  -2.0372983339646128e-02	  -4.5713928406239591e-02	   1.7116117763934649e-01	   1.8964069028465841e-01	   3.8386726847515007e-01	  -1.9922591224499533e-01	   9.5248401257644416e-02	  -3.0472209652154497e-02	   8.7417659139566034e-02	  -2.3227588381470160e-01	  -2.9381483211138655e-02	  -4.7561943511921279e-01	  -4.4601494721474233e-01	  -4.8909005766576613e-02	  -1.5186492494258008e-01	  -4.5988694272108244e-01	  -4.2877979673378874e-01	  -1.6156474609806531e-01	  -1.7500648950016734e-01	  -1.1664090767019847e-01	  -1.8905875711585213e-01	  -3.0172498147638005e-01	  -3.6051806864943498e-01	  -1.2143537292589612e-01	  -2.3954833237114698e-01	  -3.3823180236573236e-01	  -3.5786302715781182e-01	   3.1377589821871432e-01	   1.8386243138768696e-01	   5.6879126591211426e-01	   6.0867429903816395e-01	  -3.8769518703336864e-02	  -4.4983991195085546e-02	   4.2830670769668566e-01	   7.5962159352925196e-01	   2.9888145605505745e-01	   4.6123407625234236e-01	  -1.4172963411193762e-01	  -6.5335435874247463e-02	  -3.8085077220771313e-01	  -9.9614873571312837e-02	  -2.0489146597916419e-01	  -1.4516216135441118e-01	  -2.3570291440137370e-01	  -1.2319605157000571e-01	  -1.3494196739708569e-01	   1.2379133198755939e-02	  -4.9070352484515412e-03	  -1.5633354865640747e-01	  -9.1632603930809561e-02	  -1.0255261884676460e-01	  -3.0372413933042891e-01	  -3.6679861616595963e-02	  -8.1224086644636706e-02	   2.8822471125430071e-01	  -4.2822670908634558e-01	  -2.3837471424807544e-01	   4.7062147353532929e-01	   5.5268153213690796e-01	  -5.5962728521037529e-02	  -2.9463787396397817e-01	   4.4201535654202589e-01	   9.3020104574296519e-02	   2.6869166547348250e-01	   2.9713454236329506e-01	  -3.8194450272072622e-01	  -2.1278785970556297e-01	  -4.6786355995502527e-01	  -5.6918179410563663e-01	   5.9542004210859323e-01	   6.0985542236121437e-01	   1.0514933297654294e-01	   7.0587290124642599e-02	  -1.1325127376882288e-01	   5.8254716141921084e-02	  -3.7507347708856975e-01	  -7.1865441633578650e-02	   3.8012502888951349e-01	  -2.4681736088855988e-01	  -3.6668274011738100e-01	  -4.2695000793443205e-01	  -5.2626024171151239e-02	  -2.8347609435269183e-01	  -3.0099611917635066e-01	  -1.7966467377071249e-01	
  -3.5077471366238011e-02	   1.3291978364639212e-01	   1.6968596758387366e-01	   3.4677829564746043e-01	   4.2822479158423565e-01	   3.3387221917747562e-01	   0.0000000000000000e+00	   7.8218628483131214e-01	   4.0839928312877932e-01	   4.1735382741665450e-01	   8.8947669388181091e-02	   3.3642273044067694e-01	   1.5014445936153251e-01	   2.8037216694920708e-01	   4.4625085492136252e-01	   6.5043538373406362e-01	   1.0515661562858311e-01	   2.1331348912473849e-01	   2.1349688150587295e-01	   3.7859227509889654e-01	  -3.9221896663737203e-02	   9.9927784568090178e-02	   3.8402681508066794e-01	   4.7376568151291210e-01	   2.5026033051758691e-02	   3.8042616410714608e-01	  -1.5261779104830539e-01	   1.6087794521674748e-01	   2.6380084252198066e-01	   4.1573800343436218e-01	   4.4111265841855274e-01	   5.9889570914165191e-01	   4.4996721618185165e-01	   5.7571507535481881e-01	   1.2857765667729507e-01	   4.1061397636021468e-01	  -4.1566857185954287e-01	  -1.2749074169161145e-01	  -3.6768240126220142e-01	  -2.6414446846060402e-01	  -1.8431634111377229e-01	  -6.2575086273787189e-02	  -2.3796060540987574e-01	  -4.3526370519840235e-01	  -2.4868280405935117e-01	  -2.5510407045422645e-01	  -3.9300220583776485e-01	  -3.8098807788270028e-01	  -4.7251676894466627e-01	  -4.9320501825020857e-01	  -3.8932857463386816e-01	  -3.9346823112210394e-01	  -3.4210408820322158e-01	  -2.3899484181380010e-01	  -4.7678310877153462e-01	  -4.7575883187505946e-01	  -1.0720658351021328e-01	  -1.2248380603096018e-01	  -3.7589087134888188e-01	  -3.2805070222461991e-01	   2.4270719999765550e-01	   5.5023347316403559e-01	   1.1233666827240606e-01	   1.0753080532171029e-01	   3.5018004121330293e-01	   4.4412832069795877e-01	   3.5976487353924752e-02	   2.1014940311160010e-01	   1.8949959337431682e-01	   1.6747902669555348e-01	   1.1230199247461226e-01	   3.0798050951988709e-01	   2.4447562676039331e-01	   2.6387552706400641e-01	   2.0078158216898534e-01	   3.1732253905528018e-01	   3.4048005727999942e-01	   3.7170403835816246e-01	   7.5049872157782305e-02	   3.8048736521400763e-02	   1.6220070331446546e-01	   3.2582828719913742e-01	   4.1294127360239807e-01	   5.4883456031451705e-01	   2.6212353202784588e-01	   4.3907224703837727e-01	  -1.6001797783316662e-01	   1.0034672578842700e-01	  -1.8510718325545897e-01	   3.2630175667480263e-02	   1.0730321742002211e-01	   9.2197357306625774e-02	   3.6507142842609919e-01	   1.4787795982858956e-01	   2.4168908063339761e-01	   2.3895926399390724e-01	  -4.1605443369250328e-01	  -3.6580972976683473e-01	  -3.6171864652634617e-01	  -3.8991155997461463e-01	   3.3814169090143453e-01	   2.1520847027443457e-01	   2.6198622383364406e-01	   2.4953777731341936e-01	   1.0436850981753554e-03	   1.1051363838288453e-01	  -1.3848810805034961e-01	   1.4584960550663029e-01	   2.4569888234872966e-01	  -5.9923076501265729e-02	  -8.0808515857510796e-02	  -6.7643976143525075e-02	   1.1162565264846797e-01	   8.0278067143442100e-02	   1.6504148093549631e-01	  -9.0898352466898730e-02	
   9.6175314420094554e-03	   2.0790690411831975e-01	  -1.9738144416887277e-01	   3.3522938510780631e-01	   5.0983506961762171e-01	   6.5884664664345993e-01	   7.8218628483131214e-01	   0.0000000000000000e+00	   4.3263851507253731e-01	   6.5998149063344780e-01	   9.3625749474485320e-02	   5.5423841307795230e-01	   3.3608495376034797e-01	   4.4649470263634916e-01	   1.3900859772591512e-01	   5.0694901873465192e-01	   1.7418447547951521e-01	   2.4558642316797499e-01	  -2.7880658912051395e-02	   2.6173020154863524e-01	  -1.3049317107532099e-01	   1.3119816374061810e-01	   9.6161820435442719e-02	   2.8044284744799242e-01	  -2.1724806702353630e-01	   3.0159698568800142e-01	  -4.0762292270109457e-01	  -2.9030747824150722e-02	   3.0369855747030439e-01	   5.5741005890788964e-01	   1.4807069259029226e-01	   4.1849442477060750e-01	   3.2777278815609012e-01	   5.7359913165603860e-01	  -1.2749783723463940e-02	   4.1511069890595381e-01	  -4.1741424519655107e-01	  -6.3810090027821800e-02	  -3.3865907747319357e-01	  -2.4353582542295574e-01	  -2.3958248243457450e-01	  -4.1370976723082264e-02	  -3.5526017865570220e-01	  -5.1852365764036756e-01	  -2.4149734708898352e-01	  -2.6606586101496621e-01	  -5.1507389424372851e-01	  -5.0860321240195028e-01	  -4.1636628590926056e-01	  -4.9803142169707032e-01	  -3.9410380090185304e-01	  -4.8406778128525668e-01	  -4.0290748233120910e-01	  -3.6892918047111722e-01	  -4.4730434927325002e-01	  -5.3478744667278255e-01	  -1.8640923830767694e-01	  -2.6180173920168653e-01	  -1.8091222395507445e-01	  -1.8775680812071990e-01	   3.6902600502776339e-01	   7.5497507003887698e-01	   1.9218849089106321e-01	   1.7930058454808429e-01	   1.9937482322328737e-01	   5.4625013354756746e-01	   1.0324850829116107e-01	   2.9105565036480691e-01	  -1.8905414082845116e-03	   6.1739592956754994e-03	  -2.4903898730883351e-03	   2.6723816359397684e-01	   1.9189733355716909e-01	   2.4284655986012818e-01	   1.4772916967008218e-01	   2.8543493787597990e-01	   3.0713693588993052e-01	   4.0551521446394706e-01	   1.3629099654097185e-01	   6.4976212455901294e-02	   2.1645745351518875e-01	   3.0618626435115082e-01	   1.0132629216721639e-01	   4.2184873203386186e-01	   7.9649220331180701e-02	   3.8362703094662665e-01	  -3.8499874350105423e-01	  -1.4777758566997568e-01	  -8.1836672830592566e-02	   1.5976909232731173e-01	   1.1808151614924033e-01	  -9.2289772000130207e-02	   4.7307650264270318e-01	   5.7541223304504854e-02	   2.6721597273422992e-01	   2.8686323008724013e-01	  -4.3018657174083658e-01	  -3.8258564078893015e-01	  -4.3978548542246149e-01	  -5.0808546590551762e-01	   5.8531865745375788e-01	   3.7281394842966548e-01	   4.0940090636436505e-01	   3.0935837529354626e-01	  -2.9655226999425181e-02	   5.2339472970150278e-02	  -2.1614679223931524e-01	   7.3812148588855209e-02	   3.3635277030426902e-01	  -8.0203829635676571e-02	  -2.0193935127513027e-01	  -1.4529071039664057e-01	   2.2843272526679947e-01	   6.5640686340776799e-02	   9.0856798502325004e-02	  -1.0901912578873056e-01	
  -7.5652608037828179e-03	  -1.9920147896917545e-01	   2.3361715021344526e-01	   3.5932579728322289e-01	   4.0376372858321263e-01	   6.5024859804117552e-01	   4.0839928312877932e-01	   4.3263851507253731e-01	   0.0000000000000000e+00	   8.6506872887438591e-01	   4.1838823100982026e-02	   3.6158779926795970e-01	   6.2761016509267031e-01	   7.3906819958953318e-01	   2.9918234752729977e-01	   1.6724996901350875e-01	  -3.1926494170547648e-01	  -3.5144170342170994e-01	  -4.6679660691171887e-01	  -4.0209497493182234e-01	  -4.0735372739802889e-01	  -2.9747444339468132e-01	  -9.2621798270192499e-02	   1.1004861749685799e-01	  -2.4620497206603464e-01	   1.2394070391649645e-01	  -1.2727849852681256e-01	   1.3952909649615702e-01	  -2.2826227387487114e-01	  -8.6801069556113553e-02	  -2.3150597171279935e-01	  -9.7002934529863069e-02	  -1.7142175472974464e-01	  -1.1014627504819777e-01	   8.6900610874473316e-02	   6.7099245729551060e-02	  -1.4047876726360067e-01	   1.5090470561151505e-02	  -1.1187498496894524e-01	   3.1036277218096528e-02	  -3.1544831845043103e-01	  -1.5884410754665862e-01	  -3.5462251950865609e-01	  -3.6357006488788535e-01	  -2.6809191280718891e-01	  -3.0372834044933450e-01	  -3.2680782964151522e-01	  -3.3177575282375732e-01	  -7.6729636802564838e-02	  -8.5554597201828193e-03	   8.9653790160753311e-02	   9.7918022903055069e-02	  -1.5394253331678526e-01	  -2.1057107002171743e-01	  -6.8465002012132306e-02	  -8.5969434914083126e-02	  -3.5119951633692165e-01	  -3.0082069069120376e-01	   3.2496476410603203e-01	   2.1675226478330462e-01	   6.4132783241222380e-01	   5.6618770654083761e-01	  -2.3271895029889034e-01	  -1.8471241588116133e-01	   6.2705939197261329e-01	   7.4880878079496760e-01	   9.4360408754991604e-02	   1.9160207294763187e-01	  -1.3088305807499051e-01	  -9.7481494614975017e-02	  -4.1750079052459477e-01	  -1.8705627437173752e-01	  -3.0666820057777067e-01	  -3.4505024363963349e-01	  -3.0867418559662724e-01	  -2.7769748145820328e-01	  -2.5097860085071005e-01	  -1.7144876715114515e-01	  -1.6902194256720218e-01	  -3.0882202305486173e-01	  -2.8983811942105797e-01	  -2.7643548618398567e-01	  -2.0289833037673011e-01	  -1.1648855604355896e-01	   5.6222794335337029e-02	   3.4511095156988880e-01	  -3.9127297563030661e-01	  -1.4525488752923116e-01	   5.8779063328333048e-01	   6.2020000626029226e-01	   2.5124832286814093e-02	  -1.9970948659141921e-01	   4.2258832443577049e-01	   1.0910660397100611e-01	   2.8041403371522866e-01	   2.9079675496017071e-01	  -3.8729007861984033e-01	  -2.6139881129372383e-01	  -4.1331126803095941e-01	  -4.6435405902764937e-01	   3.9959777349165293e-01	   5.1047361489671150e-01	  -1.5176257728985360e-01	  -7.2715928820282133e-02	  -1.4980606013364312e-01	  -7.5359390781534197e-03	  -4.0354555748044441e-01	  -8.4499392047881761e-02	   3.4831859816342770e-01	  -3.8485362555979041e-01	  -5.6191841378142682e-01	  -5.2612689195162421e-01	  -2.6307535867156606e-01	  -3.9273892763403606e-01	  -3.3484572120603512e-01	  -2.7159791078981821e-01	
  -1.2396724345949556e-01	  -1.6773175252293546e-01	   5.1713717470627793e-02	   3.8282309442854190e-01	   5.1965573208340921e-01	   8.4265556382583162e-01	   4.1735382741665450e-01	   6.5998149063344780e-01	   8.6506872887438591e-01	   0.0000000000000000e+00	  -4.0968707828162983e-02	   4.1813844188032168e-01	   5.6956550325659128e-01	   7.1307605168571753e-01	   1.7366233625153110e-01	   2.2365745690699221e-01	  -2.2737904143897528e-01	  -2.3926835456620943e-01	  -4.5643598858004936e-01	  -3.1181723516271476e-01	  -3.9950213511174792e-01	  -2.1420838417972599e-01	  -8.5180293526093992e-02	   1.5931494561698936e-01	  -3.0481459036051539e-01	   2.1791017706650923e-01	  -2.4642521344825893e-01	   4.5306959856644721e-02	  -1.5730503169039176e-01	   1.0207590383042719e-01	  -2.1766754724009779e-01	   2.0306768014300123e-02	  -1.4191882781375670e-01	   2.7896447189216529e-02	   7.0938524565433120e-02	   1.9573535234182884e-01	  -2.6995049092992252e-01	  -1.6493035082612656e-02	  -2.2792749805814469e-01	  -7.7685976991611144e-02	  -3.9648901058422487e-01	  -1.7689313640261309e-01	  -4.5782198889916226e-01	  -5.0807428449790226e-01	  -3.2964820163827718e-01	  -3.9107320872072532e-01	  -4.9694254000731997e-01	  -4.8403843119696000e-01	  -2.4439481142337494e-01	  -2.2076937234725674e-01	  -9.3731750319537815e-02	  -1.4320519432198683e-01	  -2.7305152825032830e-01	  -3.2179605491349283e-01	  -2.2003269108065168e-01	  -2.7843928327342315e-01	  -4.0291035637576855e-01	  -3.9402372680592268e-01	   2.1292974479759541e-01	   7.1128853492525707e-02	   5.7952753947280211e-01	   6.4135920113538680e-01	  -1.4060099838854001e-01	  -1.3300475046312382e-01	   5.6603138537639475e-01	   7.8987143997479459e-01	   6.7435085442248383e-02	   2.1585059090237643e-01	  -1.6177168203556663e-01	  -1.6432354826158310e-01	  -3.7510851063843775e-01	  -8.9872716186028490e-02	  -2.7691573469666575e-01	  -2.6428133044284730e-01	  -2.7993663700218796e-01	  -2.0470169173198349e-01	  -1.5129784182094388e-01	  -4.1377113527074356e-02	  -9.8280373161640483e-02	  -2.5400945560366872e-01	  -1.9595892955284949e-01	  -1.9685203780306487e-01	  -2.5002632728573326e-01	   3.7070048072909603e-04	  -1.3572492648530103e-02	   3.2425230678920003e-01	  -5.0473334526965630e-01	  -2.2764062414190436e-01	   4.8535112926937279e-01	   5.7936633690316708e-01	   3.4515689783905484e-02	  -1.8583435753615452e-01	   5.4876671274590771e-01	   1.8731923614666052e-01	   3.0290568637622828e-01	   3.3419702937455581e-01	  -4.7002099325128721e-01	  -3.2296282833868811e-01	  -5.0503134962278928e-01	  -5.5943911673322622e-01	   5.7176437978205330e-01	   6.1372736435312158e-01	  -2.1015889543769796e-02	   4.9194633565067120e-02	  -1.7423585594643631e-01	   2.6270738079682478e-02	  -3.9675825771621731e-01	  -9.0428613031440300e-02	   3.9752702890701413e-01	  -3.2302915933347587e-01	  -5.5169167156282262e-01	  -4.8658310414408068e-01	  -1.6055735529717807e-01	  -2.9554882659730758e-01	  -2.3914721627740340e-01	  -2.0217646828988894e-01	
   7.7176965635031292e-01	   6.4381834711700447e-01	  -1.3384034193047481e-01	  -8.4463554096793458e-02	  -3.1237348720922331e-01	  -1.5319028114247857e-01	   8.8947669388181091e-02	   9.3625749474485320e-02	   4.1838823100982026e-02	  -4.0968707828162983e-02	   0.0000000000000000e+00	   7.0844358463664237e-01	   5.1744413001981993e-01	   4.4246291833842910e-01	   2.6690806400358225e-01	   3.0589564180108447e-01	   5.5372039417388574e-01	   4.9853356478759608e-01	   4.1065386416072902e-01	   3.9672343242409502e-01	   3.2824074292168923e-02	   5.8156202389852689e-02	  -4.8875032150083014e-02	  -5.8760364803518594e-02	  -1.4078808766159562e-01	  -2.7111447856764342e-01	  -1.8625477742942520e-01	  -1.3309995721832577e-01	   5.9138668022373975e-01	   3.9582127946584517e-01	   6.0284432233050599e-03	  -1.2381451687033597e-02	   3.7825061195987919e-01	   2.9844976381436095e-01	  -3.3914503732551060e-01	  -3.3422782292361819e-01	   1.4201012614691888e-01	   3.8826574703745946e-02	   1.5342898882899569e-01	   1.3305456920991904e-01	   4.0336161269331394e-01	   3.0738716297854229e-01	   3.0408823540998287e-01	   2.3493700067718193e-01	  -7.2817839683393587e-02	   4.7335791681841391e-02	   2.5696911004194739e-01	   2.3019555673007197e-01	   2.1127371671960724e-01	   1.9013938167019911e-01	   3.0055380698095868e-01	   2.2620941657657517e-01	   3.0155083197373189e-01	   2.5776300835557237e-01	   2.6129025798904965e-01	   2.3053044763965258e-01	   5.3099355070262488e-01	   4.7393206184979642e-01	   2.0231429802192141e-01	   2.3448901322406573e-01	   3.3370375342238473e-01	   3.2951547826124039e-01	   5.4177623808039066e-01	   5.1818204849820770e-01	  -3.6813343976412050e-01	  -1.9879515396933681e-01	   5.8232306163564916e-02	  -7.8925082009631137e-02	   1.4116649288597366e-01	   1.8594316324204330e-01	   2.5352235228649550e-01	   1.3364760920895635e-01	   5.2439632453053264e-01	   4.8189560648846230e-01	   5.8063156550078654e-01	   5.1611394076793593e-01	   5.1759757440218568e-01	   4.4618894964485689e-01	   3.3350034415234187e-01	   5.3617441357346363e-01	   5.1483047108946467e-01	   4.8316667013631326e-01	   1.6887259491758982e-01	   2.3620447661953498e-01	   3.9627229969840888e-01	   1.5106179101729048e-01	  -9.7147483772579521e-02	  -2.0155072968690589e-02	  -1.8546243052166008e-02	   1.3531079215315628e-01	   2.8481167765441473e-01	  -8.4804529053964864e-02	  -1.2508846867165629e-01	  -2.6583453972145576e-01	  -8.5649170323478963e-02	  -9.0074873530595498e-02	   3.4408114728565120e-01	   1.8746973717689622e-01	   2.8876463595050988e-01	   2.2269204056632275e-01	  -1.2081791418967220e-02	  -7.3740403265624255e-02	   3.4377806659753496e-01	   2.1299223129619951e-01	   3.3449794552993528e-01	   8.5845728282945177e-02	   1.7998222816596088e-01	  -9.4341284664517466e-02	  -1.4748868446102870e-01	   1.9885779157933986e-01	   1.2189267754329482e-01	   1.2281670174605275e-01	   1.5118100586034852e-01	   1.5519133006742541e-01	   2.4872598717363736e-01	   3.3643328552217916e-01	
   5.7702512044894694e-01	   6.3552650725164994e-01	  -2.8866166961137568e-01	   1.2966072482127955e-01	   5.3947743891981453e-02	   3.5488702157631613e-01	   3.3642273044067694e-01	   5.5423841307795230e-01	   3.6158779926795970e-01	   4.1813844188032168e-01	   7.0844358463664237e-01	   0.0000000000000000e+00	   6.6521650566356760e-01	   7.6518901443165821e-01	   1.6815772582388111e-01	   4.5664930558602534e-01	   4.6546875779572983e-01	   4.4730673771127899e-01	   9.0449739183391414e-02	   3.1574134028371603e-01	  -3.6928149980886713e-02	   1.5265149020882082e-01	  -1.0313075558470197e-01	   7.5268866960894923e-02	  -2.7460729649259169e-01	  -8.4508566913323591e-02	  -3.1618824867954798e-01	  -9.0192072900970255e-02	   5.5563660696331463e-01	   5.2690055377083600e-01	  -6.7051226005329173e-02	   8.1892298843098676e-02	   3.6486720124272320e-01	   4.3721181152657368e-01	  -3.0024556077524667e-01	  -6.6882317277370595e-02	  -4.7332253832281047e-02	   4.1587349829459656e-02	  -2.5804559376760967e-02	   8.0000781554600692e-02	   1.6773747279074699e-01	   2.6764184718679623e-01	  -3.6043242750266540e-02	  -1.3965557241867471e-01	  -2.0448726891494101e-01	  -1.4055080995510774e-01	  -8.0492010000516576e-02	  -1.2643117297986281e-01	   1.8792321621546745e-02	  -4.8021807757663543e-02	   8.1386713504269140e-02	  -2.5878081967735410e-02	   2.2932228428533555e-02	  -4.0928462053392123e-02	   3.8347178449491065e-02	  -6.5100900489408683e-02	   2.4896072610429520e-01	   1.7770620618358463e-01	   1.9540561107815263e-01	   2.2412498448517243e-01	   5.1606381046225214e-01	   6.7931429756251915e-01	   5.1003052245341174e-01	   5.1647531666621715e-01	  -2.3516466022552496e-01	   1.7217452070287587e-01	   1.1950778028260504e-01	   9.7930191192694346e-02	  -2.7897196424411588e-02	   6.7535047723677688e-02	   1.2118608870366471e-01	   2.3678608332009124e-01	   4.3607885732331331e-01	   4.4806431580909373e-01	   4.8145538854112591e-01	   5.2313680214478098e-01	   4.6376186697507160e-01	   5.0434880756933032e-01	   2.2876600999177199e-01	   3.4410878690353375e-01	   4.4757364555263301e-01	   4.5098854939261329e-01	   1.1730454465445784e-02	   3.2107811949781906e-01	   2.0682297321987014e-01	   3.1836208362158808e-01	  -3.7912577866720965e-01	  -1.9577783843236296e-01	   2.0747066574873962e-02	   3.3723179104409701e-01	   2.4343080015418303e-01	  -1.8411739655029324e-01	   1.9345304670034780e-01	  -2.3421472029169035e-01	   7.8454067303828062e-02	   6.3357449339375871e-02	  -4.0904092068203921e-03	  -1.4150523743269480e-01	  -1.4574940397152306e-02	  -1.5915117128371162e-01	   4.0534741931433327e-01	   1.5497529982685640e-01	   4.5938490260551879e-01	   2.3772809904383652e-01	   2.0850000536910557e-01	   8.4795205890370498e-02	   2.3333109925283708e-02	  -4.5106324575489951e-02	   8.9916149032462991e-03	   5.8802043034775861e-02	  -9.1674028779158701e-02	  -3.9332995544156167e-02	   1.6783204567902343e-01	   4.4799528002060079e-02	   1.1826253358399177e-01	   1.3403550390006724e-01	
   4.6729307891358995e-01	   2.9638183124086631e-01	  -9.8847751866338929e-02	   6.5433835903248333e-02	   5.0481179837324815e-02	   4.4968329104944804e-01	   1.5014445936153251e-01	   3.3608495376034797e-01	   6.2761016509267031e-01	   5.6956550325659128e-01	   5.1744413001981993e-01	   6.6521650566356760e-01	   0.0000000000000000e+00	   7.3833168422573503e-01	   3.0231400163325498e-02	  -3.3729593652771304e-02	   2.0780323588557509e-01	   1.0931857916373064e-01	  -2.6507429543926020e-01	  -1.3536469794900538e-01	  -3.1935831175123480e-01	  -1.4552680256143177e-01	  -4.6732686400316170e-01	  -3.0708288330392480e-01	  -4.7003860876145626e-01	  -3.0869123866780240e-01	  -3.7154211105397328e-01	  -2.4012835988288461e-01	   2.7086390996642340e-01	   2.4601079915128776e-01	  -4.5270349166027168e-01	  -3.5528930431694250e-01	   8.8232908482159672e-02	   7.2023734077751603e-02	  -2.1532371682638121e-01	  -2.0447237798811674e-01	   4.2831639654873615e-03	   9.5770007437719462e-02	   4.1498386832692011e-02	   1.0104384383463104e-01	   3.5082889564301126e-02	   8.8471764434816261e-02	  -1.6390027325392031e-01	  -1.3800047126515547e-01	  -1.5050139223661382e-01	  -2.0548266909536295e-01	  -1.0080998257038637e-01	  -1.3930467854891915e-01	   4.2377035990269291e-02	   3.7267150503064297e-02	   1.4676398023048659e-01	   8.5245886365579879e-02	  -1.9760442642344236e-02	  -1.4139756195027459e-01	   1.3462050768159162e-01	   3.4573993269435221e-02	   1.2854833618369502e-01	   7.3343013591723405e-02	   4.6045238490615636e-01	   3.7253922375475929e-01	   7.3617250099360021e-01	   5.6801230722260010e-01	   2.8165969319097728e-01	   2.2273310633432006e-01	   3.1667037576175602e-02	   3.4158571556097517e-01	   1.1891981368395486e-01	   8.1622089268924419e-02	  -3.8898509906543720e-02	   1.5345600773339475e-02	  -1.9394868302261742e-01	  -9.6780310406297587e-02	   4.9069606002291113e-02	  -8.4577316636826484e-03	   1.8926272618510827e-02	   1.1790030295932620e-02	   1.4022884349505502e-01	   1.2360931198818832e-01	   1.7970614203402802e-01	   1.6493079277394268e-01	   1.7782383800932317e-01	   6.9295016536829332e-02	  -3.6088174196193445e-01	  -2.1618186610723755e-01	  -6.5684994085899048e-02	   5.7042802714563079e-02	  -5.8707793954936471e-01	  -5.2857373198323176e-01	   4.3564569420867971e-01	   5.1258839959755731e-01	   1.3672083672136756e-01	  -3.1429421126114049e-01	   2.0575149713204785e-01	  -1.8563160178466884e-01	   1.6095624452308704e-01	   1.4276228981814432e-01	   4.4653264807886714e-02	  -4.1292362989645504e-02	  -1.2942845422360431e-02	  -1.7607393192129175e-01	   4.4232418147533431e-01	   3.8894836968183466e-01	   2.7543577729613067e-01	   2.4990426322072329e-01	   8.5831338628124532e-02	   7.5751517225055465e-02	  -1.4347569623970793e-01	  -1.7047311388962445e-02	   1.9625763556366393e-01	  -8.9225346850936083e-02	  -2.5479425059276450e-01	  -2.1738091481194613e-01	   1.9766768926227189e-02	  -8.0622853469068917e-02	  -1.0648015129827114e-01	   7.8545471238756159e-02	
