   0.0000000000000000e+00	   7.3362933449241874e-01	   2.7007678386651635e-01	   3.5185456796439329e-01	   2.5035833284515158e-01	   2.2301482491887459e-01	   3.6070630098206063e-01	   2.9823030830838115e-01	   4.9977316618708617e-01	   5.7777021370827353e-01	   7.1307604107287137e-01	   4.8075289681641709e-01	   6.0558045766515778e-01	   4.0531161923561021e-01	   6.4066849721456398e-01	   5.9872524918882875e-01	   5.1094247223431477e-01	   5.2558072752371621e-01	   6.3504235448418389e-01	   5.7973769468498926e-01	   3.7968071404034620e-01	   4.7439056757686698e-01	   5.7955449651426361e-01	   5.8773488231314375e-01	   4.9118617370191864e-01	   5.1566405865353748e-01	   5.6204483966268948e-01	   5.5586232989876816e-01	   1.6059693314682871e-01	   2.6499451625979592e-01	   1.1376886902988786e-01	   2.0886583145218318e-01	   1.8328318797895943e-01	   3.0017920488989214e-01	   1.1974852136158561e-01	  -1.1101593983656233e-01	   6.2967548687070163e-01	   6.9568732468091610e-01	   6.1967708251450559e-01	   6.7595258048159634e-01	   4.7625451409829150e-01	   6.3326186810852814e-01	   4.7626106849808053e-01	   4.8615488882431557e-01	  -7.4230389345089326e-02	   3.3633810428583724e-02	   5.6824280517589287e-01	   6.6185105544779099e-01	   2.7942513063262459e-01	   3.4252408539754098e-01	   5.7927106004716999e-01	   4.6385335747032186e-01	   4.7564785314038871e-01	   5.3322136266448394e-01	   6.1110468942768126e-01	   6.1239567200765466e-01	   5.7087070433503895e-01	   5.8237370778492603e-01	   4.6759029394128632e-01	   3.6882479488342124e-01	   5.3372420133129339e-01	   4.1362498861966213e-01	   2.7824811685874640e-01	   2.7386254511367780e-01	   4.1977829521783649e-01	   5.2249943507015795e-01	   1.2800345692612980e-01	   4.7292724134178989e-02	   4.6321375118956498e-01	   3.7652355706741503e-01	   5.2003489834583971e-01	   3.8294589328592321e-01	   4.4729757414827875e-01	   4.8597128395858746e-01	   5.1753425530194408e-01	   5.2839530188091310e-01	   5.9585936624471192e-01	   4.9276739510190004e-01	   4.5819983824207611e-01	   5.2853323459802881e-01	   5.6447428298186120e-01	   6.3315702966329557e-01	   5.4136118962688284e-01	   7.3319110492617767e-01	   7.1127644763423648e-01	   5.7767323561435746e-01	   6.2496810075814668e-01	   5.6752532619335838e-01	   7.3728651376081789e-01	   6.4946271802016797e-01	   5.6037660732785488e-01	   5.3782677513298249e-01	   5.5160936354381773e-01	   5.9992979595372820e-01	   1.6787901553236337e-01	   6.1072053028211537e-01	   5.8383796802628007e-01	   5.9498510860806819e-01	   4.7943271160101014e-01	   6.2457469396168397e-01	   3.2120398247811399e-01	   6.2470905919647779e-01	   3.8114742256837675e-01	   6.0970186337237986e-01	   5.6972034201536292e-01	   5.6522814119943665e-01	   3.0372666512211244e-01	   4.0846946736521245e-01	   5.5803980883912807e-02	   5.5601393369772600e-01	   4.9901242141164004e-01	   5.5342975418896312e-01	   4.9614141105741077e-01	   5.2012125256066177e-01	   5.7725884482826917e-01	  -2.8767820752405060e-01	
   7.3362933449241874e-01	   0.0000000000000000e+00	  -1.2309781960056826e-01	   3.6524932632827417e-03	  -1.2363629296529403e-01	  -3.4870571612122744e-02	  -8.2496096622340347e-03	   5.4835030052870409e-02	   1.0543708966625710e-01	   3.4484070098606057e-01	   3.1748257278388231e-01	   3.8955099413069061e-01	   3.2861304588157875e-01	   1.9819824048295234e-01	   1.7822944672450275e-01	   2.2478022414608495e-01	   6.5139859513054055e-01	   7.1655475838856897e-01	   2.3678602007874061e-01	   4.3736569321663643e-01	   8.4346690901879351e-02	   2.0523874378238810e-01	   5.2714283643343463e-02	   1.2598261543088987e-01	   1.3037711766164284e-01	   1.0197794351911059e-01	   1.8736637897661837e-01	   1.6530018554349724e-01	   2.8560878695490860e-01	   3.3542570991086962e-01	  -1.3882080951150308e-01	  -8.4822486515238382e-02	   7.7678080760131857e-02	   1.2951706335233537e-01	  -1.6696897786430326e-01	  -1.9340139464503908e-01	   5.0287457902750055e-01	   5.2956687048010875e-01	   3.4954257907272518e-01	   5.0247208026304468e-01	   4.3668559680864089e-01	   5.5766037157114945e-01	   4.2939539950971772e-01	   4.6255194397326238e-01	   6.6277992330498067e-02	   1.3620150738622078e-01	   5.7047077252951139e-01	   5.5486741087678104e-01	   3.2206906983522177e-01	   3.4654373257285365e-01	   4.5890319062187201e-01	   3.5275670820322474e-01	   5.0838683859626865e-01	   5.0926006873487650e-01	   5.3011579835054246e-01	   5.1427985682335409e-01	   7.9601883604072188e-01	   8.4494873382201385e-01	   3.9720560705189306e-01	   3.5678489889966580e-01	   2.9375164357243777e-01	   2.3181334562375372e-01	   2.3970673083202784e-01	   3.5800670258622608e-01	  -2.2796631348743723e-02	   8.0121811552655423e-02	  -1.1968305076562324e-01	  -1.3701754741174776e-01	   6.4142200973968255e-01	   5.1720702642096938e-01	   2.7329324854210330e-01	   1.8811366113487324e-01	   4.6754954401638443e-01	   4.9443593508502748e-01	   3.8218784696766805e-01	   4.5423382757724140e-01	   3.4660620151913268e-01	   3.7097528486627390e-01	   4.7246433421513151e-01	   5.2949779298258837e-01	   5.9666301131332544e-01	   5.9837379044661587e-01	   1.5980213943235605e-01	   5.4652685909958498e-01	   2.9559813614074670e-01	   1.7546729205799663e-01	   2.6644146342464092e-01	   1.3438801446761478e-01	   3.6041247587823089e-01	   3.0176046209645668e-01	   3.5538486781680079e-01	   1.9056511278458993e-01	   1.9502096264634305e-01	   1.5301440691780285e-01	   1.9625915270843566e-01	   3.8339755298297012e-01	   6.9942254784570479e-01	   5.6619522880643858e-01	   5.5146351499043533e-01	   5.2131194398381497e-01	   2.6878996506506364e-01	   2.0208230792075818e-01	   5.2526246346359529e-01	   4.2938139052650537e-01	   4.5432496063770034e-01	   4.8923470375455252e-01	   4.2927638579723437e-01	   3.5740956045395023e-01	   1.4838348707324522e-01	   6.0447768632449295e-01	   5.4673969064508599e-01	   6.0316019878216276e-01	   5.4527520738262492e-01	   5.6699453357258445e-01	   4.4868685174187678e-01	   3.1208656737973017e-02	
   2.7007678386651635e-01	  -1.2309781960056826e-01	   0.0000000000000000e+00	   5.2253070288530290e-01	   5.4218580990478582e-01	   1.6399400293020741e-01	   7.4596350535959699e-01	   2.3206134153675637e-01	   5.7885072924671876e-01	   1.9508220906802703e-01	   4.7804454120565765e-01	  -3.7701106851526417e-02	   3.4847877242428382e-01	   4.5363517695112640e-02	   6.4221298213228961e-01	   4.3744622377976639e-01	   7.9680660355791466e-02	   4.4793711092025370e-03	   6.6608255544881900e-01	   2.3017148787055541e-01	   3.4153534625810411e-01	   2.9388800411794058e-01	   7.6120137828476420e-01	   5.4480161494144763e-01	   6.4941495377024472e-01	   6.1900582961073380e-01	   4.4976296014592709e-01	   3.8351563605664551e-01	   1.0073577198997268e-01	   1.4973382840651351e-02	   7.6688444300677150e-01	   5.8115171255064335e-01	   4.5201564702048203e-01	   4.0292628522658847e-01	   4.8772703843339704e-01	   8.7837375008583241e-02	   1.7542278151520058e-01	   2.7134826627858999e-01	   4.0978697330184399e-01	   2.9562031090502400e-01	   1.1961048124133594e-01	   1.1544551502002429e-01	   1.0094635306143479e-01	   3.0377247691755954e-02	  -6.4031040671009842e-02	  -6.8659793705595756e-03	   6.9035173707613140e-02	   1.1263385728583478e-01	   3.2694862883844482e-02	   9.3912863545751388e-02	   1.9271559929960191e-01	   2.3179916883239998e-01	   2.1405756442923446e-02	   1.3764320948703082e-01	   2.1861944835867103e-01	   1.7063387625406379e-01	  -6.2423759254582545e-02	  -1.9153908351118923e-01	   7.3345863447674145e-02	  -8.0819085860335232e-02	   3.0798036207138813e-01	   1.3499696486820245e-01	   1.4438452890714365e-01	  -2.0581592377936911e-01	   7.3075591366015180e-01	   5.4940565846255640e-01	   3.7182339041672019e-01	   2.1398813571861730e-01	  -8.7030531777144454e-02	  -1.1558419434874879e-01	   2.4087169634836630e-01	   1.4924221471219351e-01	   4.6272176093487119e-02	   1.4512605202242582e-01	   2.4777907645747876e-01	   1.8383173025942928e-01	   3.0690860265085707e-01	   7.4574678721646817e-02	   1.3619700120002481e-01	   1.8937662827691382e-01	   1.3559776179254099e-01	   1.9753433713001989e-01	   4.8323060743998208e-01	   2.8085399863553395e-01	   5.7182661640040033e-01	   4.0514518434527058e-01	   4.3092407883666961e-01	   4.7917642777099761e-01	   4.7510905472786957e-01	   3.5355302118758447e-01	   1.4560033142625653e-01	   3.2167954863645937e-01	   3.8045013531230687e-01	   5.5518015352828387e-01	  -2.4332094005728197e-01	   1.3796672326362561e-01	   2.4573018795814488e-03	   8.0067036977375064e-02	  -1.8273724584456513e-02	   1.5810527329137303e-01	   6.3627993227608759e-02	   5.8274734391844818e-01	  -8.0722634703331714e-02	   2.0433554033828688e-01	   9.1017709732361118e-02	   2.7377115512122369e-01	   1.4919584610363410e-02	   1.5350306426184104e-01	  -1.4004765200077846e-01	   1.6152611671801503e-01	   1.1139671442204764e-01	  -4.5343610861200673e-02	  -2.1126653185376310e-01	   3.8260847983319080e-02	   2.0449612598218719e-01	  -4.3360370251156077e-01	
   3.5185456796439329e-01	   3.6524932632827417e-03	   5.2253070288530290e-01	   0.0000000000000000e+00	   6.4254670345806653e-01	   5.7369056909814420e-01	   6.5210109987441456e-01	   7.9732622396679875e-01	   4.8036893448538842e-01	   5.7613330697270426e-01	   3.8944113836151539e-01	   4.5478836510836324e-01	   3.0295691354568099e-01	   4.7900894003584221e-01	   5.1972575971268342e-01	   7.1493961164879860e-01	   5.8037079398490843e-02	  -1.4713670187270242e-01	   5.0282436842194445e-01	   6.1712604320717313e-01	   4.6426219884153602e-01	   4.7355376939337784e-01	   5.8100619109533502e-01	   7.7891727595189286e-01	   3.0002241032476334e-01	   5.6505390016401069e-01	   3.5803898378266763e-01	   5.3277292373722562e-01	   1.0820688698252470e-01	   1.3595953475231132e-01	   4.1020295719918304e-01	   7.0647362978631645e-01	   2.8323491785038346e-01	   4.4127525939653567e-01	   1.6070223169094877e-01	   1.0255770285192997e-01	   1.9464185818619664e-01	   3.2612893544592209e-01	   4.1591552615754851e-01	   3.3445809203161792e-01	   3.6479115511925300e-02	   1.7222409913906928e-01	   3.0234875770906727e-01	   2.9306031345056049e-01	   1.4474722549498131e-01	   1.5466986376837255e-01	   2.7141582779360707e-01	   3.9678851225712058e-01	   2.5338147560427682e-01	   2.3539136216037720e-01	   4.0491862982523363e-01	   3.8653894003356565e-01	   2.3053345582499640e-01	   3.2395349305592469e-01	   3.4570260224020377e-01	   3.2561899293111174e-01	  -6.2007054386440011e-02	  -1.8003162047161569e-01	   3.0429864572752657e-01	   3.5649292785695424e-01	   4.6130578794656296e-01	   7.9610069602401934e-01	   2.9555442184899217e-01	   1.8320902847375875e-01	   3.8272099490575551e-01	   6.9913478726852651e-01	   4.4337031971093516e-01	   4.6067695238631023e-01	  -1.2796332485724424e-01	  -3.1200753573723906e-02	   1.9342704316360912e-01	   2.5149916198358357e-01	  -3.9703791266350763e-02	   2.5449963288107016e-02	   1.8208522529688165e-01	   1.2843902126119477e-01	   3.0232548527380632e-01	   2.3230945467343847e-01	   3.9437279425342267e-02	   2.3768188963007048e-03	   9.2293161813891800e-02	   1.7874563174778385e-01	   4.5268568071771098e-01	   3.6179486248769338e-01	   4.4333975641932688e-01	   8.0151632382963478e-01	   4.0964522049301549e-01	   6.8565520637845889e-01	   4.4778489918869641e-01	   6.6221009724232205e-01	   5.1042229733274636e-01	   2.6078658136039212e-01	   6.7022076437912170e-01	   3.5502179006998935e-01	  -2.3168201905007546e-01	   3.3311457847987902e-01	   6.4326097354689971e-02	   7.5223528058858652e-02	   2.0226800424388514e-01	   2.3243507212485426e-01	   2.7768661539289585e-01	   4.9855098170193834e-01	  -5.5378795973947861e-02	   2.9709707334218666e-01	   2.9594360313240275e-01	   1.5595912103539522e-01	   2.1422201329711595e-03	   1.9994134188066676e-01	  -1.5197213802588916e-01	   3.7756911190538145e-02	   1.0758694738285576e-01	   1.3904399499585371e-01	   9.6378762997692963e-02	   2.9479276307807589e-01	   3.2934722434865282e-01	  -3.0398931904551996e-01	
   2.5035833284515158e-01	  -1.2363629296529403e-01	   5.4218580990478582e-01	   6.4254670345806653e-01	   0.0000000000000000e+00	   7.8297998858158846e-01	   7.6642703056349537e-01	   6.1898069397125510e-01	   5.1492843071395078e-01	   4.2077796345528590e-01	   5.1021717548791101e-01	   4.0683412671778879e-01	   5.0124176029029166e-01	   5.0200377532509166e-01	   5.1674562456810336e-01	   5.7581430114931931e-01	  -8.2473137793388135e-02	  -2.1310480462015680e-01	   3.6260341530112911e-01	   3.5544423176341572e-01	   7.3673916814240314e-01	   6.1795067467273934e-01	   4.4774073705552353e-01	   5.1125086388140795e-01	   3.0690203599174093e-01	   4.8624089507745538e-01	   5.5401788817492181e-01	   6.5955855510723349e-01	   8.7113235319722856e-04	   8.3896379952188418e-02	   1.6885141469402379e-01	   3.6462354305043032e-01	   1.9389767294108556e-01	   2.5766596900074329e-01	   2.0111535078675652e-01	   1.0234343757283001e-01	   8.3989356703570606e-02	   2.8479105171846042e-01	   4.0136597496979964e-01	   2.9616057974005267e-01	  -3.4735684419593474e-02	   6.7955829585920474e-03	   2.1617131509420168e-01	   1.8312620585675787e-01	   7.0760292150956305e-02	   1.5373129457718715e-01	   1.6312834665460973e-01	   2.2176691762614931e-01	   2.2835953545826335e-01	   2.6257458749450668e-01	   4.6376796162472156e-01	   4.1283375940733857e-01	   2.8107731856598339e-01	   3.0014271509851326e-01	   3.8348387540843332e-01	   3.3684930385051659e-01	  -2.9960348045629703e-01	  -2.0774015272998017e-01	   4.2710992507351853e-01	   3.6488998239014048e-01	   6.5261331989885796e-01	   5.4818279061600850e-01	   4.2301427604616804e-01	   2.3768730487113471e-01	   4.0231485133154055e-01	   5.4505724373403963e-01	   5.6112130889143519e-01	   4.7193490754172385e-01	  -2.3915812198508840e-01	  -2.3460782984775977e-01	   3.4893157152060955e-01	   3.0411778933056277e-01	  -1.1606739771658300e-01	  -1.3251183025567295e-01	   1.6248673647472547e-01	   7.0403735766134318e-02	   2.8214375981353229e-01	   2.1092598644869426e-01	  -8.1794414199858778e-02	  -1.6050750284988613e-03	  -3.6021335814492607e-02	   8.0459851711888478e-02	   4.0840345071350515e-01	   1.5015315913708016e-01	   3.2550983586913629e-01	   5.8744302779666713e-01	   2.7098679134933212e-01	   4.3819995094571118e-01	   4.8415121322789967e-01	   5.7169544121791271e-01	   3.0448827621172370e-01	   1.4410637310300706e-01	   5.2115745360257448e-01	   3.6923248589138769e-01	  -3.9243530344011240e-01	   2.8225674050186578e-01	  -1.1158483503806536e-01	  -6.7015811420853291e-02	   2.0306185428686487e-02	   1.0325863960362600e-01	   1.5729897422872846e-01	   5.7708552168755411e-01	  -1.1805581931690362e-01	   2.4007095070497167e-01	   1.5519850072042424e-01	   4.0922693120119452e-02	  -7.2218229708504209e-02	   5.9066433058486710e-02	  -2.2294801689586535e-01	  -5.2553296705029455e-04	  -1.1297131631508786e-01	   2.4499387901742678e-02	   4.5949853444850787e-02	   1.8400170194210175e-01	   8.1168914609971457e-02	  -6.3085996243946996e-01	
   2.2301482491887459e-01	  -3.4870571612122744e-02	   1.6399400293020741e-01	   5.7369056909814420e-01	   7.8297998858158846e-01	   0.0000000000000000e+00	   4.8750811023832141e-01	   7.6961608723939123e-01	   2.3218562629899142e-01	   4.8712746393179240e-01	   2.8490249173760762e-01	   6.3034303371361744e-01	   3.9518370018940729e-01	   7.0625398708680831e-01	   2.6025313512359438e-01	   5.5266768709384295e-01	  -1.0271348477481379e-02	  -1.6571818575919409e-01	   1.4267805258201793e-01	   4.6307632026094436e-01	   5.4440533792567392e-01	   4.9648058569931452e-01	   1.8963162342091458e-01	   3.5169565810551623e-01	  -4.4182711860262409e-02	   3.0160786433430742e-01	   3.0540583002656896e-01	   5.0558488223773923e-01	   1.1195278690630403e-01	   2.7953236804991877e-01	  -2.9602602301257924e-02	   3.3538347341713531e-01	   1.2941916861410158e-01	   3.0451603192295468e-01	   3.5940881581111965e-02	   1.8481183197101375e-01	   4.5656267089226113e-02	   2.4522299791722357e-01	   2.4999564673800750e-01	   2.5337300617319247e-01	   1.7786179589193499e-02	   1.5271381723462177e-01	   5.0098997925081445e-01	   4.9057570436151354e-01	   3.6136002766931619e-01	   4.4189832343702795e-01	   4.2366975883969588e-01	   4.5041180056461094e-01	   4.4975100635411397e-01	   4.0662528189267683e-01	   5.1788653723600098e-01	   4.8016544644090065e-01	   4.5422594375489045e-01	   3.8844469089395439e-01	   4.5430750763694783e-01	   4.6007288835733706e-01	  -1.9729641477429491e-01	  -1.6140205176850447e-01	   5.2155711250223558e-01	   5.0611799335791496e-01	   5.5067215453354201e-01	   6.2376595803622559e-01	   4.6135660578795012e-01	   5.1296954249286453e-01	  -7.3538917226431185e-03	   2.7081773419308419e-01	   4.9967603277620432e-01	   4.9842992497348027e-01	  -2.9864628887079270e-01	  -2.3802681063613076e-01	   3.0720382457477485e-01	   3.5870301910054148e-01	  -1.1886192530957790e-02	  -3.7295992704078879e-02	   2.1677338355261880e-01	   1.8069691892811182e-01	   2.9671669878103746e-01	   3.5419279678663868e-01	   7.5204040310098749e-03	  -9.0671527745711088e-03	   5.3407723966462914e-02	   1.3022523804759542e-01	   2.1863262775281128e-01	   1.2380180091866798e-01	   6.2210185580029990e-02	   4.8878495243006548e-01	   5.5254955148270328e-02	   2.4360462263442856e-01	   2.7076397156123055e-01	   5.1089702360610389e-01	   4.9063362902718044e-01	   1.1861660484430563e-01	   5.4722617604336521e-01	   2.0454027906571462e-01	  -3.9588982841922038e-01	   2.2638472085632139e-01	  -2.1891554959827766e-02	   5.2180876791548272e-02	   3.0231558520563884e-01	   3.0765019720800291e-01	   3.7172010969601899e-01	   4.4034161303251890e-01	   5.5064728891890631e-02	   2.9786371087571173e-01	   2.7929763317812478e-01	  -4.5474011268682578e-02	   8.0916774595298571e-03	   4.5548903472517624e-02	  -1.5131733906610828e-01	   2.7557787869494327e-02	   6.4855414254401719e-03	   3.1579811579053985e-01	   3.5619383960781648e-01	   3.2533142092644951e-01	   1.6368466942779153e-01	  -5.1031566541655660e-01	
   3.6070630098206063e-01	  -8.2496096622340347e-03	   7.4596350535959699e-01	   6.5210109987441456e-01	   7.6642703056349537e-01	   4.8750811023832141e-01	   0.0000000000000000e+00	   6.2849286121217096e-01	   6.0166032969720762e-01	   3.9457579176166191e-01	   5.6438188750698925e-01	   3.4926159222001218e-01	   6.3303556634820346e-01	   4.5337851265647799e-01	   6.2118781532517775e-01	   6.3965646332468551e-01	   1.6914918365452655e-02	  -1.2921923942477620e-01	   5.1735753275739071e-01	   3.7716759637542147e-01	   4.3356082809014862e-01	   3.5360812603004821e-01	   5.1215377210059831e-01	   4.8144433551049320e-01	   3.1886988223238177e-01	   4.0135124711584208e-01	   3.6214728219499759e-01	   4.0610481383671498e-01	   1.4153366571819612e-01	   1.3048962867071112e-01	   4.2877896868619331e-01	   4.8262329502454515e-01	   3.9884506302621808e-01	   3.5723377026637576e-01	   2.3244685341249419e-01	   3.0704688383518190e-02	   6.4474751420414395e-02	   2.2712422318571679e-01	   3.5436049407429032e-01	   2.5245842260293838e-01	   1.1167267438530231e-02	   9.0260842662900242e-02	   3.0066784159564353e-01	   2.5521759862705817e-01	   1.7181748646666092e-01	   2.2777462584051664e-01	   2.5411342717638791e-01	   3.0693641883122830e-01	   2.7234435421834896e-01	   3.1126994024365195e-01	   4.7051912741190205e-01	   4.0971861449824859e-01	   2.8377089832970426e-01	   3.4468486018952732e-01	   3.5069926016908720e-01	   3.0017543287578408e-01	  -1.7715940466515043e-01	  -1.7238850465595748e-01	   4.1183680724498462e-01	   2.7346811251334885e-01	   6.8412077448923370e-01	   5.0948910469918174e-01	   4.7157189983694703e-01	   1.9830086805146346e-01	   4.9122933436893973e-01	   5.0557022892237291e-01	   5.5025106906182875e-01	   4.2257113208070751e-01	  -1.6805810548180208e-01	  -1.5802060749763072e-01	   2.8705923773031478e-01	   2.1465017937445485e-01	   3.6864874733480386e-02	   1.0763990710745305e-01	   3.1230546175429608e-01	   2.3665466333843554e-01	   3.6325081706341511e-01	   2.2734727561868964e-01	  -5.0402762694780501e-02	   7.9596337300747531e-03	   6.3977397637995065e-02	   1.7096309730072251e-01	   4.5107428597763677e-01	   2.4277813484917529e-01	   4.1813844798938160e-01	   5.9239086150280085e-01	   2.2832005674137745e-01	   4.3345902773780332e-01	   4.7990085086790457e-01	   4.8808512226839185e-01	   4.0451951582128687e-01	   2.8789943980359733e-01	   5.4743193206542939e-01	   4.6046106020098759e-01	  -2.7469482475576057e-01	   1.6713662410740135e-01	   1.8807810167739681e-02	   9.6227637448090514e-02	   1.6533680235255349e-01	   2.7227617508434909e-01	   3.6216016257623296e-01	   7.0465747981274418e-01	   9.5508903230823464e-02	   4.2809932166690601e-01	   2.3972053091694534e-01	   2.2305460274518069e-01	   5.0450251222544346e-02	   2.9286432701712461e-01	  -2.3839267103635542e-01	   8.2893905566780585e-02	   5.3310850360807599e-02	   1.1966786058754322e-01	   5.9024315403549146e-02	   1.6844154266013747e-01	   2.0856878006805790e-01	  -4.8366372656260925e-01	
   2.9823030830838115e-01	   5.4835030052870409e-02	   2.3206134153675637e-01	   7.9732622396679875e-01	   6.1898069397125510e-01	   7.6961608723939123e-01	   6.2849286121217096e-01	   0.0000000000000000e+00	   2.4532701897816817e-01	   5.4491410935724149e-01	   3.3152638143931767e-01	   7.4346507296562359e-01	   4.8131637124223359e-01	   7.9681194034627434e-01	   3.6737005998211730e-01	   7.1338182546118600e-01	   9.9652006990603420e-02	  -9.1094719599313451e-02	   2.8477105533121311e-01	   6.3716841001566848e-01	   3.4868758106083364e-01	   3.4615888473890344e-01	   2.4304613078079187e-01	   4.5274805233295778e-01	  -8.8183181202716537e-02	   2.3656678530768888e-01	   1.1079864983184072e-01	   3.1218576619922256e-01	   2.8410084240577310e-01	   3.8166947438251397e-01	   1.6711235748649678e-01	   5.3978200907104479e-01	   3.3162937948917293e-01	   4.7911892633117736e-01	   9.2452452852744560e-02	   2.3544180002436052e-01	   7.1517420466032253e-02	   2.1794772701267234e-01	   2.8424576034581478e-01	   2.2815002476841403e-01	   3.2973186521089812e-02	   2.3912373582594440e-01	   6.0689766579827864e-01	   5.8667763476214052e-01	   5.1807265329610008e-01	   5.3657336939346623e-01	   4.9671823495570216e-01	   5.8477116345245472e-01	   4.9296224142658185e-01	   4.4008468615979179e-01	   5.3296893119639366e-01	   4.7261187730274712e-01	   4.2296431545231955e-01	   3.9830932608373171e-01	   4.4076191402022080e-01	   4.2703143321925074e-01	  -1.1608255188746516e-01	  -1.1294617484776673e-01	   5.6020023482146486e-01	   6.1851358900981657e-01	   6.2104454968417055e-01	   8.8702152601653517e-01	   5.9244383124149114e-01	   6.2055055606602028e-01	   5.0324232502698074e-02	   4.0247430843424048e-01	   5.9240913713580867e-01	   6.3592352570968835e-01	  -2.9606077459234287e-01	  -1.1379528838776798e-01	   1.4906912508515094e-01	   2.8531504559577980e-01	   8.6830474040121952e-02	   1.2327785936719307e-01	   3.3951287857358103e-01	   3.3647802676378169e-01	   3.9069767960540930e-01	   4.6550758418711646e-01	   5.9638399549236609e-02	  -3.3144927431198477e-02	   1.4811023983407190e-01	   2.0753498601279535e-01	   2.9396642290689412e-01	   2.8351909743093406e-01	   1.8626596808232992e-01	   6.8187862228457163e-01	   1.2425820716174817e-01	   4.1706319062973474e-01	   2.9247036134781162e-01	   5.8015238840011008e-01	   6.4869976007596841e-01	   1.1027933076862886e-01	   6.4254226956050708e-01	   1.4718358416180227e-01	  -1.8143580536455045e-01	   2.5589205929110687e-01	   1.0581418642308657e-01	   1.7345976598858870e-01	   4.7470660547766824e-01	   3.9364104318470206e-01	   5.9546233179453600e-01	   4.5381609024293573e-01	   2.7808217146848135e-01	   4.8880896054992656e-01	   4.4974613933776036e-01	   1.6000095486815533e-01	   9.9219828117852377e-02	   2.6290440685478800e-01	  -7.9275415554170517e-02	   3.8879153122766630e-02	   1.6388526029622891e-01	   4.1215931800229771e-01	   3.9632608435430183e-01	   4.0103657039089308e-01	   3.2634085456200473e-01	  -2.7239767249802471e-01	
   4.9977316618708617e-01	   1.0543708966625710e-01	   5.7885072924671876e-01	   4.8036893448538842e-01	   5.1492843071395078e-01	   2.3218562629899142e-01	   6.0166032969720762e-01	   2.4532701897816817e-01	   0.0000000000000000e+00	   6.7494647266306573e-01	   7.1286213782401497e-01	   2.0597987621117381e-01	   5.6301403268704431e-01	   1.7928130196218439e-01	   7.5302402439636618e-01	   6.0924878373585067e-01	   8.4500931066556192e-02	  -1.5499382445113185e-02	   6.7279536247204441e-01	   2.8902636756686390e-01	   4.5191210524900727e-01	   4.6443313981037770e-01	   7.2238725212634369e-01	   6.6063847349896543e-01	   5.8551596880234902e-01	   6.0364197712323098e-01	   6.7974818124989489e-01	   6.7415706397093622e-01	  -9.2578865821501141e-02	  -9.6291153876116697e-02	   2.8498120192749110e-01	   2.8650339234788175e-01	   5.8120456561168571e-02	   1.3797488063314020e-01	   6.8870248425951353e-02	  -2.7061643188828549e-01	   3.5637067659146054e-01	   3.8472383248433129e-01	   4.8735200925463718e-01	   4.1036734454364665e-01	   1.6071451926810956e-01	   1.1370829068175153e-01	   4.4770809052702892e-02	   4.8233619681051235e-02	  -2.9133057699268394e-01	  -2.0523365092975782e-01	   1.4574648982740668e-01	   2.3702537055220624e-01	   1.1122100471812213e-01	   1.9933414446359196e-01	   3.7550888003810462e-01	   3.3239101141458993e-01	   2.0842700403660025e-01	   3.0775293629820988e-01	   3.3884193495552528e-01	   2.7646741358116145e-01	  -2.0245971149767039e-03	  -2.4228481738131399e-02	   2.4516492960659009e-01	   1.0212513450950000e-01	   5.4978031526296645e-01	   3.1671452567994651e-01	   5.1409427847715815e-02	  -1.2856654855151342e-01	   6.3965500610758619e-01	   6.2993552875803549e-01	   5.1407944878407510e-02	  -4.1947114001416083e-02	   1.2675281155722834e-01	   3.0493037212109025e-02	   4.1797020889381226e-01	   3.0368190856350252e-01	   1.0983877663323968e-01	   1.2189139893245382e-01	   2.6280930556725646e-01	   1.4151455907148894e-01	   3.1225419344897121e-01	   5.0610962302426496e-02	  -3.4627963925738844e-02	   8.7451966914817797e-02	   6.4862429295009405e-02	   1.6395877266171022e-01	   5.2467040369281182e-01	   2.2896601904820663e-01	   5.5123014795121406e-01	   4.6820098466536125e-01	   4.2544657348412240e-01	   4.4450540226121138e-01	   7.6823306970811578e-01	   6.7005011599448883e-01	   3.0435121206706339e-01	   4.8278892347162683e-01	   4.7427767865779202e-01	   5.9520262439918592e-01	  -2.1211843893109961e-01	   3.1309388303659380e-01	   1.7530081376576450e-02	   1.1801507154988713e-01	  -1.6858516005653926e-02	   1.7032897730755442e-01	  -1.2845995855194473e-02	   5.7853151751489973e-01	  -1.3915921792170097e-01	   2.0813239576170034e-01	   6.9474835517882014e-02	   1.8261494644846113e-01	   4.4946950789664195e-02	   2.0676529307752045e-01	  -1.3398193800225552e-01	   1.3898145641190154e-01	  -6.5638793037481203e-03	   2.0468526711770870e-03	  -8.7533377752160316e-02	  -5.8888232265952934e-03	   1.7146258210746410e-01	  -3.7966444534746213e-01	
   5.7777021370827353e-01	   3.4484070098606057e-01	   1.9508220906802703e-01	   5.7613330697270426e-01	   4.2077796345528590e-01	   4.8712746393179240e-01	   3.9457579176166191e-01	   5.4491410935724149e-01	   6.7494647266306573e-01	   0.0000000000000000e+00	   5.3316600894390187e-01	   6.1062874661894972e-01	   5.2508369108433595e-01	   5.1490455003509505e-01	   5.3104749076228286e-01	   7.2370648124412240e-01	   1.6092658783006875e-01	   5.5090173774747474e-02	   4.4335152394040039e-01	   5.1396075931088281e-01	   3.1516878850741087e-01	   4.6005799210818543e-01	   4.7424105692060636e-01	   6.2339350872803534e-01	   2.7615185431740624e-01	   4.5463042756600797e-01	   4.7225539505263026e-01	   6.0781868298615860e-01	   3.7760580973334228e-02	   1.0012416787784188e-01	   3.8612470149404651e-02	   2.6661660511692342e-01	  -5.7973159915813872e-02	   1.5943096354913555e-01	  -5.9640585921561601e-02	  -1.6341283345317711e-01	   4.2371244183158574e-01	   4.7359268027910928e-01	   4.8383507840454398e-01	   4.7772577075084188e-01	   2.6355168780764593e-01	   3.2736379686222672e-01	   3.7826372477687575e-01	   4.2294982254142427e-01	   2.6921859277980426e-02	   1.1673372732011091e-01	   4.8227840708951730e-01	   5.7176962815512922e-01	   4.2409172918359428e-01	   4.7522121507392034e-01	   6.2840345232017403e-01	   5.7454013440673690e-01	   5.3625768398984808e-01	   5.7591918198369807e-01	   5.7791740068339070e-01	   5.5551357766625831e-01	   1.7205440120426149e-01	   1.6652241646776009e-01	   5.1558519695388150e-01	   5.0716571451866965e-01	   6.0351547972686836e-01	   6.4516007228261607e-01	   1.9038697829555207e-01	   2.2264202441411673e-01	   2.5618914581961294e-01	   5.4884622327864185e-01	   9.3659198728497456e-02	   9.5964787005051969e-02	   9.7234207674746095e-02	   1.4575138119252962e-01	   2.9929204645619012e-01	   2.9934844202532962e-01	   9.6004135774812122e-02	   1.3099919320153736e-01	   2.8094452991416324e-01	   2.5071545436911502e-01	   3.3411171696351671e-01	   2.5570379415358196e-01	   4.2144341291767036e-03	   3.9522931017695453e-02	   1.5754933391854942e-01	   2.1207869077002200e-01	   3.7425137407671771e-01	   2.8877801188558039e-01	   3.7140594519280512e-01	   5.2467552680163243e-01	   2.8698950233578824e-01	   3.8860241775283511e-01	   6.5365016958657773e-01	   7.8510186448049946e-01	   5.9201426402813873e-01	   4.3053487140271718e-01	   5.8469167678476097e-01	   3.9443655261514743e-01	  -1.8439579898171768e-01	   3.0884545223427390e-01	   2.1833617066349204e-01	   3.1141120343231826e-01	   3.5422253700091300e-01	   4.0267645014550074e-01	   2.1090376670836516e-01	   4.7836244124376553e-01	   6.8956060637392846e-02	   3.6801374351682059e-01	   3.2167566951904236e-01	   2.7615940115952009e-01	   1.7082117925926682e-01	   2.8027774683360374e-01	  -1.1633127046966128e-01	   2.0364441485043569e-01	   2.2590115512529385e-01	   4.1293296973702132e-01	   3.1279078108496011e-01	   2.9942257323876431e-01	   3.9162343392142562e-01	  -2.2443657286679877e-01	
   7.1307604107287137e-01	   3.1748257278388231e-01	   4.7804454120565765e-01	   3.8944113836151539e-01	   5.1021717548791101e-01	   2.8490249173760762e-01	   5.6438188750698925e-01	   3.3152638143931767e-01	   7.1286213782401497e-01	   5.3316600894390187e-01	   0.0000000000000000e+00	   4.9771170178761870e-01	   8.5813863025603521e-01	   4.7174160908489854e-01	   9.0217297781781047e-01	   7.1303654649722836e-01	   3.7345520536818788e-01	   3.0915838584012628e-01	   7.8464817451039426e-01	   4.9609238250733578e-01	   5.3258358724877608e-01	   5.4346632904107239e-01	   6.9898834056352621e-01	   6.1784901006307502e-01	   5.3927452858423486e-01	   5.4042378877265029e-01	   6.6265224936523415e-01	   6.3040158521514456e-01	   1.7411343796961226e-01	   2.1123392991604364e-01	   2.5472151666403980e-01	   3.1398164047516819e-01	   3.1876160412621024e-01	   3.6713384601506294e-01	   2.8122848355480251e-01	  -4.8161041673108447e-03	   4.8837859108380810e-01	   5.5718940503731629e-01	   6.5884438319520688e-01	   5.4245730614211063e-01	   3.6543497322642909e-01	   3.6234121482860859e-01	   3.0458452224093058e-01	   3.0085292654104151e-01	  -1.8570134397076976e-01	  -7.3376434557867146e-02	   3.7786654748968607e-01	   4.3525567062416648e-01	   1.5029346926669840e-01	   2.1922548855187957e-01	   4.8645561988268154e-01	   3.5876831922883168e-01	   3.4052475413933214e-01	   3.4792188173688515e-01	   5.6706009305753380e-01	   4.9121229805946348e-01	   1.3109229833635211e-01	   2.0462933875229763e-01	   3.9941127748338789e-01	   2.6275064894349903e-01	   6.7841027526030928e-01	   4.0022598846050089e-01	   3.7620399251499942e-01	   2.1869015407133993e-01	   6.5426703045753776e-01	   6.2829781115394412e-01	   2.6429462526879011e-01	   1.7009929403596635e-01	   1.6588749980167405e-01	   4.7696691891092574e-02	   5.0762365186514802e-01	   4.8131013304399878e-01	   3.5918301579203948e-01	   3.9002900017419251e-01	   5.5588763670648944e-01	   5.1711040143950826e-01	   6.8663123472287002e-01	   4.9633054954582201e-01	   3.4259859110907764e-01	   3.8759366382217636e-01	   3.4251847418635906e-01	   4.1350512580733434e-01	   7.1038819776977080e-01	   5.0846217911901370e-01	   7.4293024368902405e-01	   5.7347333787547694e-01	   6.2672728058529825e-01	   5.8964252678882567e-01	   8.2179178886449855e-01	   6.4823089968708025e-01	   3.5129352664719926e-01	   3.4821478211732876e-01	   4.2341346998985685e-01	   4.9505688190920477e-01	   4.1186919256421373e-02	   5.5709777015293860e-01	   3.3568296010332355e-01	   3.4436844087029644e-01	   2.2114065927539828e-01	   3.5585864595457861e-01	   1.4452626928035547e-01	   5.7294796451940333e-01	   1.2020523253207983e-01	   3.6329236759477979e-01	   3.8058559844077305e-01	   4.4198038300330134e-01	   9.7904846512433738e-02	   2.6148263716123032e-01	   4.8953215097280608e-02	   3.8524840081003420e-01	   2.2140200609077967e-01	   2.1849748886195663e-01	   1.3066528996978366e-01	   2.2067257431221693e-01	   4.5200679839299585e-01	  -4.7891144178962319e-01	
   4.8075289681641709e-01	   3.8955099413069061e-01	  -3.7701106851526417e-02	   4.5478836510836324e-01	   4.0683412671778879e-01	   6.3034303371361744e-01	   3.4926159222001218e-01	   7.4346507296562359e-01	   2.0597987621117381e-01	   6.1062874661894972e-01	   4.9771170178761870e-01	   0.0000000000000000e+00	   6.5284206256749422e-01	   9.2489894160883424e-01	   4.0624765740387669e-01	   7.2728854458010472e-01	   3.3821270253281832e-01	   2.2858515040421606e-01	   3.1689900407305038e-01	   7.3161229135254713e-01	   3.2231644086099243e-01	   3.5945435749701260e-01	   1.4196007328919391e-01	   2.9973947515855504e-01	  -1.5615714765478206e-01	   8.6517289529222483e-02	   1.1444355370655188e-01	   2.7370564343767961e-01	   4.8957619445440664e-01	   6.1011535669557126e-01	  -4.0213410872960266e-03	   3.8212899291037927e-01	   3.0247986753017508e-01	   4.4837778662342687e-01	  -4.0708894559208430e-03	   1.4382382997633175e-01	   2.9279920564485773e-01	   4.2489832717470988e-01	   3.8976705177307402e-01	   3.5417600076979944e-01	   3.3019367290115043e-01	   4.7684466312681928e-01	   6.6787068501706215e-01	   6.9805126239650139e-01	   3.7385858714750608e-01	   4.7488815684414909e-01	   6.6175433736061651e-01	   6.7548247314471110e-01	   5.1898060994676931e-01	   4.6721396050276298e-01	   5.9736781085349544e-01	   4.9465635274963582e-01	   5.7331875143792055e-01	   4.5942791670264832e-01	   6.3996202840806637e-01	   6.0788552283595754e-01	   1.3714230707640301e-01	   2.2397769785964500e-01	   6.5526997863651082e-01	   6.5294902536286725e-01	   6.5654141842291391e-01	   7.7018272994093551e-01	   6.5418668393456358e-01	   8.0207192833549246e-01	  -6.6769545358426788e-02	   2.4744213414209693e-01	   4.1774492586845990e-01	   4.6029939703155098e-01	  -2.7115156866972915e-02	   3.8695882017660155e-03	   2.7025170038952395e-01	   4.2873162228965034e-01	   3.8078436086840706e-01	   3.7241436361584812e-01	   5.5823174870816605e-01	   5.7491412416775534e-01	   5.5700558748178086e-01	   6.7929537452107847e-01	   3.1721742288857740e-01	   2.4320268576218868e-01	   3.7809343615700786e-01	   4.2369872615294818e-01	   3.6850465743140715e-01	   3.6289117151103523e-01	   2.1538141696388413e-01	   5.4753140212851648e-01	   1.6040317990327410e-01	   3.0027154595537220e-01	   3.7494985592014718e-01	   5.6543989325733857e-01	   5.1146053211764764e-01	  -1.2854964922553943e-02	   3.5253650663031494e-01	  -1.3639122870780658e-02	   3.4096050484554594e-02	   4.0492602664332195e-01	   3.1774770388646112e-01	   3.3063506716840807e-01	   5.5435612810135415e-01	   4.3697688800720069e-01	   5.1434878990213950e-01	   2.6478898908785709e-01	   3.8098796705673998e-01	   4.0600521214790719e-01	   5.2013046902333004e-01	   3.1433892959173421e-01	   1.2484562789914834e-01	   2.1539314692780676e-01	   1.9833008166734228e-01	   3.1528751885797546e-01	   2.6443850903693111e-01	   5.2376546648099820e-01	   5.0740386836582019e-01	   4.1422050149173356e-01	   4.2012049608290902e-01	  -2.6661137789195966e-01	
   6.0558045766515778e-01	   3.2861304588157875e-01	   3.4847877242428382e-01	   3.0295691354568099e-01	   5.0124176029029166e-01	   3.9518370018940729e-01	   6.3303556634820346e-01	   4.8131637124223359e-01	   5.6301403268704431e-01	   5.2508369108433595e-01	   8.5813863025603521e-01	   6.5284206256749422e-01	   0.0000000000000000e+00	   6.6471354437741514e-01	   7.4393101387038740e-01	   7.0033305974473903e-01	   3.4989286711605000e-01	   2.7036132063434026e-01	   6.1270359778661843e-01	   5.0564731441350197e-01	   3.4874527194709171e-01	   3.5638472173000679e-01	   4.3772812214311008e-01	   3.6020088659639565e-01	   2.2917526806435173e-01	   2.8615723934720361e-01	   4.0688624446008259e-01	   3.9891319415189830e-01	   3.1578986980061352e-01	   3.5979073150418150e-01	   1.7378623171313262e-01	   2.6089599820744747e-01	   3.7863035409156232e-01	   3.8797192806627090e-01	   1.9240215799857363e-01	   4.7823927627848289e-02	   3.7638069569126587e-01	   4.3125454399839824e-01	   5.2076014475765087e-01	   4.1187563704772923e-01	   3.3498891142082621e-01	   3.6591167894553622e-01	   5.1072290508637219e-01	   4.8089655357936745e-01	   1.2629411791450129e-01	   2.2578400274760441e-01	   5.1767424632799541e-01	   5.3590004122443502e-01	   3.7563186629777112e-01	   3.9157301073608886e-01	   5.8080344149745333e-01	   4.3422572117806019e-01	   4.8037680093748042e-01	   4.0333475920759115e-01	   6.1421795012775571e-01	   5.2709378734857115e-01	   8.5236343263483005e-02	   2.0562873484078487e-01	   5.6548204483628739e-01	   4.1803407762575467e-01	   7.5791737682914939e-01	   4.4931843271272009e-01	   5.3255079326618615e-01	   4.3417324754604092e-01	   3.5170532829183931e-01	   3.5409049710834140e-01	   3.2412401528623908e-01	   2.4805120782238893e-01	  -7.6840069997499262e-03	  -5.2068642796658446e-02	   3.8554121225910587e-01	   3.5402846686327694e-01	   4.0125420679512397e-01	   4.1949337535882725e-01	   6.1508905508865597e-01	   5.7801232858339058e-01	   7.0243349776612785e-01	   6.0400869994829387e-01	   2.6264296041483881e-01	   2.9707905802176993e-01	   2.9924996234631074e-01	   3.5207712348379583e-01	   5.7558518788360047e-01	   3.7948571771188472e-01	   4.6363300945326602e-01	   4.3442724457980941e-01	   3.2017548792235417e-01	   3.1985202665217560e-01	   6.4007771192356322e-01	   5.2506104828940736e-01	   4.6494461675784599e-01	   2.6455613255634991e-01	   4.2355308414103399e-01	   3.5841455052200527e-01	  -1.4520305887980181e-03	   4.1045600434385066e-01	   3.2196938628413729e-01	   3.5920627603922672e-01	   4.3295718634653496e-01	   4.7514282510123729e-01	   3.9780189005810468e-01	   5.6081056670763441e-01	   3.4751078677164399e-01	   4.9220689394786543e-01	   4.6240752512589123e-01	   4.6806948449926211e-01	   1.7789625147256016e-01	   3.0395070885634679e-01	   1.1012949010894676e-01	   3.6391924608243031e-01	   2.8068087893008298e-01	   4.2964029006513088e-01	   3.3084067192296135e-01	   2.8050015204894874e-01	   4.5131699440738399e-01	  -3.8747087413514503e-01	
