   0.0000000000000000e+00	   7.1463196541346907e-01	   6.6590992380588165e-01	   6.2648438273895313e-01	   3.7426088267755836e-01	   4.4775847062198704e-01	   7.4885173254038351e-01	   7.0727017313615681e-01	   5.6822839501128164e-01	   6.0871506524165131e-01	   7.8186929055510945e-01	   6.0637214128686634e-01	   7.3094842775309088e-01	   6.2977123931924006e-01	   5.0486008853406794e-01	   4.9209887211612990e-01	   5.9424243463423898e-01	   4.9760467320588531e-01	   7.4978430481927827e-01	   7.4730221110181916e-01	   3.0627501188201633e-01	   1.9644643006637896e-01	   2.9298677793915306e-01	   3.0989133075500869e-01	   7.3916312035767706e-02	   1.9650209156499601e-01	   1.4458769560647439e-01	   1.1847625047460095e-01	   6.2243444124342229e-01	   5.0220526274959632e-01	   3.8117475522012945e-01	   3.8460801742316753e-01	   7.4633264000252231e-01	   7.4961183512342466e-01	   4.7379857800927988e-01	   4.1876662683494259e-01	   5.0883216071862625e-01	   3.9277268929813486e-01	   5.0933016225591610e-01	   4.9000316125747528e-01	   5.0269696962587740e-01	   3.4432973337667444e-01	   3.0032136750984278e-01	   3.7083920650894764e-01	   3.6864201099374239e-01	   3.8279129766290299e-01	   4.0719926000170009e-01	   3.7577074022126072e-01	   3.1812518589099054e-01	   3.9969713356109893e-01	   5.7299391743347161e-01	   5.1221563688712646e-01	   5.7868931243547694e-01	   6.4571447436656104e-01	   5.9770406812400823e-01	   5.6824370314761619e-01	   7.6550297556637847e-01	   6.3000458756362465e-01	   7.3881575692415369e-01	   6.3046217027981966e-01	   7.3901187064855667e-01	   6.8233180430275731e-01	   5.2196555790509425e-01	   4.8459363747915557e-01	   4.2720573463860856e-01	   4.6270235098525303e-01	   6.0566355928285065e-01	   5.2088805712264419e-01	   5.2571346083056847e-01	   2.7680706244332109e-01	   4.8207855234174213e-01	   4.6065688576304437e-01	   6.4470789182335442e-01	   5.6383628876632208e-01	   6.6076590636541255e-01	   6.7086294330612239e-01	   7.5670739863104397e-01	   7.4637614422359144e-01	   4.4530126156961236e-01	   4.2044818189108640e-01	   4.5754689344041427e-01	   5.0632708527652326e-01	   4.4807747145563359e-01	   4.3727283688555940e-01	   5.8929032369775325e-01	   5.2497740626845424e-01	   3.5699894671186788e-01	   4.1871586058053356e-01	   5.9508794640394236e-01	   6.9109781575205220e-01	   3.7128603121555925e-01	   4.4555439924350931e-01	   5.0577367263933737e-01	   5.0796300370716951e-01	   3.4995824335708792e-01	   5.3999810816311000e-01	   5.2348958649665556e-01	   5.8678609648662827e-01	   5.9448895517651035e-01	   6.1247405842939662e-01	   5.4155010921571467e-01	   6.4021864455329502e-01	   4.3298058062682721e-01	   5.3670881531739567e-01	   1.8985940979465327e-01	   2.6133371850294440e-01	  -2.3308793499583139e-01	  -1.6598212970343834e-01	   2.3242118982709384e-01	   5.0444339052000464e-01	   3.4763216349766357e-01	   5.0307588818402038e-01	   3.3526719462948273e-01	   4.7201964634553173e-01	   3.9733411225336074e-01	   2.0326810960650765e-01	
   7.1463196541346907e-01	   0.0000000000000000e+00	   4.9964942872527240e-01	   5.5206029072612650e-01	   6.3246516661306784e-01	   5.4571802487139864e-01	   6.9822647862415721e-01	   7.4129871434686101e-01	   5.4965360770557281e-01	   5.3214041313816818e-01	   5.5174595688628292e-01	   7.8044809117107539e-01	   5.4171496750531500e-01	   6.6097378546671459e-01	   3.2473023706194448e-01	   5.1001810697246286e-01	   7.6547669254552031e-01	   8.7050326889894991e-01	   8.3472143724124692e-01	   8.9347221784937858e-01	   2.5553988786165216e-01	   1.4447129361462979e-01	   4.1919144037921872e-02	   4.4677655447919483e-02	  -9.1324048613042719e-02	   5.0024568058109543e-02	   8.1234420397048729e-02	  -2.9609204394203084e-03	   7.2966941553915410e-01	   8.3009959154860724e-01	   2.2896216143695897e-01	   1.8419592673279112e-01	   7.9616018436161828e-01	   7.7766173748519163e-01	   2.7785372870479474e-01	   3.9145533629596241e-01	   4.0641819274189150e-01	   3.3724450299556624e-01	   4.6437071735161572e-01	   5.0618816475700934e-01	   5.3966188109126800e-01	   4.3398132107111964e-01	   5.4654565674280675e-01	   5.7697642653049663e-01	   5.7257092686546884e-01	   6.0057516259360000e-01	   6.5277201707860910e-01	   6.1729502839285744e-01	   5.7073875461229007e-01	   6.2647923696304608e-01	   6.6180055759624001e-01	   6.4037832519036264e-01	   7.4277458985035050e-01	   7.9086368395488305e-01	   7.4019312339101584e-01	   7.1298123539605385e-01	   7.5515690114540801e-01	   8.8350539993245736e-01	   8.0225985145829215e-01	   7.9362328542043836e-01	   5.6103892982661940e-01	   6.6248494731659968e-01	   7.6880324406493683e-01	   8.3598003876678872e-01	   2.2347322933394873e-01	   2.6745100521691362e-01	   5.0164908490049120e-01	   4.9872725672707718e-01	   4.1216061685179417e-01	   3.2175478246234634e-01	   3.1115912474925977e-01	   3.8942054997883968e-01	   6.6241910138924953e-01	   8.1074856168358878e-01	   6.4203808866646550e-01	   7.2887415543006373e-01	   7.5622881238223849e-01	   8.1766030536435075e-01	   6.1884337357083197e-01	   6.3784073285726184e-01	   6.8467452782893468e-01	   7.8112601760337252e-01	   5.2494508910825766e-01	   6.8474104192459040e-01	   5.5762673621890235e-01	   6.0450210379505198e-01	   2.3677015577015359e-01	   3.4323088611403030e-01	   5.7171103160843950e-01	   6.9454087483758764e-01	   3.3671140260323884e-01	   4.0467380031753142e-01	   5.2164957341777596e-01	   4.2216352381759892e-01	   3.4320180092937513e-01	   4.4971237375667505e-01	   5.9917026958941277e-01	   4.9211283833750197e-01	   7.9153399609522057e-01	   7.8617463697440826e-01	   7.5259030296981533e-01	   7.7156174705228531e-01	   6.1296465830932123e-01	   7.1911316180628759e-01	   1.2795412157791239e-01	   2.4640990569262552e-01	  -2.6930890538969943e-01	  -2.4926456819375931e-01	   1.7672862490315827e-01	   4.9861554325312757e-01	   3.8512083463105218e-01	   7.1269552157738791e-01	   6.0889211668614274e-01	   4.3137945091209762e-01	   1.6113697324682724e-01	   1.7587742594543551e-01	
   6.6590992380588165e-01	   4.9964942872527240e-01	   0.0000000000000000e+00	   7.4584106311875176e-01	   6.5657813551097055e-01	   7.1311445791958850e-01	   7.3794563655167233e-01	   6.5654350379747850e-01	   5.8038680815109944e-01	   6.5446126638971047e-01	   4.5258709707830036e-01	   4.3553041211632482e-01	   5.4047297478528811e-01	   6.1649771264552711e-01	   7.4165241525103309e-01	   6.4548581805260175e-01	   1.9163717916998763e-01	   2.6188696703840042e-01	   7.3314452465007174e-01	   6.5336944156721388e-01	   7.3090817130960772e-01	   6.3435012669923130e-01	   7.6985455912039047e-01	   6.5711028489962875e-01	   6.2174227315853647e-01	   6.5749412298945564e-01	   6.2422710946613980e-01	   5.9228512002021105e-01	   4.8892510839274872e-01	   3.7254912011173902e-01	   8.0048599875906157e-01	   6.8563192678210427e-01	   7.0966841327024444e-01	   6.8870477044767398e-01	   7.7342389346326723e-01	   5.8813452536259547e-01	   6.7955700005207753e-01	   6.1240393075209398e-01	   6.8760787899511011e-01	   6.6520176939220721e-01	   6.4227840180511375e-01	   4.8599607613149337e-01	   4.2466272704486518e-01	   3.7518410150490800e-01	   3.8871269073309811e-01	   3.5709497184974548e-01	   4.8804249353713330e-01	   4.3812710789447556e-01	   3.2220931186094848e-01	   3.5577455416495452e-01	   5.2960346663815350e-01	   4.8096525315902905e-01	   6.1738271568905434e-01	   5.8804189843771926e-01	   6.2989892734020969e-01	   5.4748833344298808e-01	   3.6997695008298637e-01	   3.0600491720291978e-01	   4.6520268541126247e-01	   2.5582642439520276e-01	   3.5210808157228279e-01	   3.0346002621935775e-01	   1.5309858067761459e-01	   1.0452795743263338e-01	   7.4382681685187513e-01	   5.3522444715319228e-01	   6.8497053466791480e-01	   5.2314286220160733e-01	   5.3656414626474969e-01	   4.2104400280626486e-01	   7.3713785614432370e-01	   6.8704914356263025e-01	   5.8172065180216481e-01	   4.2410750589016044e-01	   7.2925409035578781e-01	   6.4483098157450081e-01	   7.2166838413309020e-01	   6.6540702373961158e-01	   2.5577289383421692e-01	   3.7842402460490210e-01	   2.5304798093349884e-01	   3.6778009139512213e-01	   6.9673668302594149e-01	   5.3867459744372215e-01	   7.8580322316042062e-01	   6.7209718926872863e-01	   6.9604298557010724e-01	   7.7489079231212388e-01	   8.3403861668527290e-01	   6.4864693584079336e-01	   5.2865513088225691e-01	   6.7391142209406840e-01	   6.3859024908788120e-01	   7.6484090360103718e-01	   6.1019765436280693e-01	   6.0563704979635435e-01	   5.9018081796276878e-01	   5.7307034702237802e-01	   4.8508739290167097e-01	   5.1533668552130429e-01	   4.4470546984875514e-01	   6.4564133392388845e-01	   2.9803208226857525e-01	   3.5559730401233947e-01	   1.0701535067307830e-01	   3.2491660258507427e-01	  -4.8891993010171592e-01	  -4.5383165661174563e-01	   4.4263473136349102e-01	   5.7913690417998676e-01	   6.0021550072487684e-01	   5.8827745369532813e-01	   4.4324331069531597e-01	   6.5649474855021683e-01	   6.2524597113266944e-01	   1.6561895752406930e-01	
   6.2648438273895313e-01	   5.5206029072612650e-01	   7.4584106311875176e-01	   0.0000000000000000e+00	   5.9372355420767520e-01	   8.5845891211591896e-01	   7.6003388949586392e-01	   8.7425765626926255e-01	   5.3823076450851426e-01	   8.7517234672656896e-01	   4.1097279843188067e-01	   5.8299587373917860e-01	   4.1780109119433834e-01	   5.5578629604907248e-01	   4.9266895937924338e-01	   7.1260554387270336e-01	   2.7787762357401524e-01	   3.4378104624668299e-01	   7.2261725462475146e-01	   7.4631074466558467e-01	   6.3870942781038298e-01	   5.8489554865624804e-01	   6.0444431930408493e-01	   6.7934125505159415e-01	   3.7701610792524176e-01	   7.1442549886274986e-01	   3.5658547067508933e-01	   4.6973361420486304e-01	   5.1789982811615309e-01	   5.2400170809413282e-01	   7.4388155105964771e-01	   8.0945652059338302e-01	   7.2186094849811200e-01	   8.0160358771150175e-01	   6.7236801511802191e-01	   7.1845632617607458e-01	   4.8940736952618480e-01	   5.0928176930827651e-01	   5.6296136805886032e-01	   6.0115561767182268e-01	   4.9728285230899533e-01	   3.1381707337405507e-01	   4.5063072805537663e-01	   3.9927999924880964e-01	   4.7120912136934023e-01	   4.3243968356592649e-01	   5.5881315891753447e-01	   4.8650902826719250e-01	   4.2722201673269222e-01	   4.3278791621829427e-01	   5.6825252224281142e-01	   5.5653371443794364e-01	   5.3748070049039298e-01	   5.5203466565221782e-01	   5.8304136653751493e-01	   5.3901133639625931e-01	   4.3936075903001964e-01	   3.4508799809652024e-01	   4.9811021515950882e-01	   4.2210171720614631e-01	   4.1447646627599011e-01	   5.8798383943078858e-01	   2.5689600534582846e-01	   2.4863208851966037e-01	   7.3696693300814253e-01	   7.6166095758350250e-01	   7.7300052392401819e-01	   7.4648076140185449e-01	   3.7521924619654368e-01	   3.8098352358981047e-01	   6.5122528370679267e-01	   6.8974019457006652e-01	   4.9166876844158469e-01	   4.7267573266948293e-01	   6.4521536439357530e-01	   6.3625185083547475e-01	   7.2437973141274736e-01	   7.4237905196045750e-01	   3.3639979790397789e-01	   3.4888533543743405e-01	   3.1053872088747841e-01	   4.6139066745454455e-01	   6.5249994518342191e-01	   6.0031297344257828e-01	   7.6971868571920909e-01	   8.1347401763632310e-01	   6.0899040069008592e-01	   7.5858641017967843e-01	   7.0188894174053940e-01	   6.8484930172612202e-01	   7.0257137306748818e-01	   6.5057728491405253e-01	   7.5702397150672496e-01	   6.4869710069226094e-01	   6.8638297602459097e-01	   7.0724790259114545e-01	   6.1564932106997405e-01	   5.1521418368733174e-01	   6.3140956236868440e-01	   5.7406082827932781e-01	   6.1290126191072081e-01	   6.8463994074868173e-01	   4.7183515795256115e-01	   4.6789945047081904e-01	   3.4782850276477373e-01	   4.1340612506865082e-01	  -1.8564285459957591e-01	  -3.6230259216438776e-01	   5.4392035088559565e-01	   6.4119395272608692e-01	   5.6298080211606338e-01	   6.1254390476635434e-01	   4.8203665429179365e-01	   6.6908103130428698e-01	   5.8967474862252334e-01	   1.6102445254653608e-01	
   3.7426088267755836e-01	   6.3246516661306784e-01	   6.5657813551097055e-01	   5.9372355420767520e-01	   0.0000000000000000e+00	   7.5219626595413414e-01	   6.3067329383118820e-01	   5.9343955375654778e-01	   6.1223706017791635e-01	   5.5329924911721706e-01	   3.2230964442910071e-01	   6.0766976221882074e-01	   4.1903807990052799e-01	   4.9867311739632658e-01	   5.6279648261036064e-01	   6.1884200228640351e-01	   1.8503622887127161e-01	   4.5247381371974194e-01	   7.1216225744688932e-01	   6.9292386259284577e-01	   5.3278641735966592e-01	   4.2175190105351834e-01	   4.0176981520515981e-01	   2.6022262696924625e-01	   2.6587972548178818e-01	   3.8251782410501517e-01	   4.0629565214423086e-01	   2.8438240950629534e-01	   5.8797080466770990e-01	   6.4014459127744872e-01	   5.2064352414065540e-01	   4.6339257418676566e-01	   5.9330167347490270e-01	   5.7737988639399884e-01	   3.7574863716820583e-01	   3.9159950703560092e-01	   3.1773731659328036e-01	   3.0748615158026638e-01	   4.1352036400263648e-01	   4.7909698553830649e-01	   5.0046102855777785e-01	   3.5086703041762313e-01	   5.2236940360542228e-01	   5.2530048710276334e-01	   5.9291377870600948e-01	   5.7505906682999874e-01	   6.3962197197500936e-01	   5.8330627742900631e-01	   5.5650832633785974e-01	   5.5905006590316342e-01	   4.7838794297343706e-01	   4.9021352483869007e-01	   5.4042367267593794e-01	   5.4994659186721018e-01	   5.6997235720948025e-01	   5.0008271263519888e-01	   2.3932206216539884e-01	   3.8451249888879130e-01	   4.3377386519812278e-01	   2.8385655056591019e-01	   1.9305003175248056e-01	   2.9550311690040643e-01	   2.9725702387332070e-01	   3.2289116678741281e-01	   5.8425881202922791e-01	   3.3406015303209263e-01	   4.5775543818215236e-01	   4.0757134608099616e-01	   2.7574562356407106e-01	   2.5933135244564298e-01	   3.5143617606190614e-01	   3.3457484474300248e-01	   4.5270792716515129e-01	   4.9566684692434659e-01	   4.9320848032517051e-01	   5.3667408254532756e-01	   5.3814368758790709e-01	   5.3014292794694595e-01	   1.6235619876373031e-01	   3.1164123239545727e-01	   2.5146561893645125e-01	   4.8062165926042605e-01	   7.3920234431318554e-01	   6.2261514119361538e-01	   6.4265541177283458e-01	   6.1613177022824894e-01	   5.2702984931643149e-01	   5.3706964949889413e-01	   5.9928454350333094e-01	   4.7524029626278641e-01	   3.6509167166000955e-01	   4.7757149109514579e-01	   4.7942865384084110e-01	   4.7386736635252502e-01	   4.0415822013767638e-01	   3.3182071160508020e-01	   3.8316507484383344e-01	   2.1855524733711784e-01	   4.9681794555573316e-01	   4.8511125528103249e-01	   5.3195756656909521e-01	   5.9558616078002091e-01	   3.5823472177528526e-01	   3.5968414774729285e-01	  -3.5879011328115488e-03	   1.3799305494558584e-01	  -4.0453768783882094e-01	  -4.3013351499184871e-01	   1.5651410761541862e-01	   3.4771541471341905e-01	   3.3269534737850648e-01	   5.9536159520628218e-01	   5.6383534615606568e-01	   4.6351820013863299e-01	   2.9185735986015532e-01	   1.6941422373137849e-01	
   4.4775847062198704e-01	   5.4571802487139864e-01	   7.1311445791958850e-01	   8.5845891211591896e-01	   7.5219626595413414e-01	   0.0000000000000000e+00	   6.3688836034732421e-01	   7.5267242566409776e-01	   4.5160165182483725e-01	   7.9321256439213950e-01	   3.3466398842192180e-01	   6.6326363713230130e-01	   3.7141702905707297e-01	   6.2632962512161683e-01	   5.2810321251600501e-01	   7.9466043826530175e-01	   1.9931794857803084e-01	   3.5381011738820156e-01	   7.1897790861227473e-01	   7.1560313605948722e-01	   6.7010603606851182e-01	   6.6322106433423034e-01	   6.1594509026097066e-01	   5.9325061483767672e-01	   4.3658214857681105e-01	   7.0299649219000604e-01	   4.2864424912594268e-01	   5.1361185856617497e-01	   5.6471223191040709e-01	   6.3208756571793501e-01	   7.2734591386144309e-01	   7.4320111886711415e-01	   6.4672525938446879e-01	   6.8879578005957853e-01	   6.2553049210185019e-01	   6.9377567068725465e-01	   5.1519908592295660e-01	   5.7988194230927492e-01	   5.9954212379604033e-01	   6.4512326569104361e-01	   6.5517213187867962e-01	   4.7828285181622282e-01	   5.4895493652443750e-01	   4.7099358355539667e-01	   5.2275587701520443e-01	   4.8968413413517020e-01	   6.1825294357672889e-01	   5.6718623331298545e-01	   4.9454429238878828e-01	   4.9778793822978440e-01	   5.6571214520580937e-01	   5.5157481656987128e-01	   5.6539244669039146e-01	   5.6167524765666998e-01	   6.2255161440251960e-01	   5.6600558172828008e-01	   2.9156793319459301e-01	   3.2855518955332513e-01	   4.7392844617295882e-01	   3.9043192747070105e-01	   2.4544978527319644e-01	   4.4233241310550175e-01	   2.8815828156421391e-01	   2.4969582578282956e-01	   6.8879505797854768e-01	   5.7787492268117957e-01	   7.0622572664419891e-01	   6.8510349058352760e-01	   2.9677709008404329e-01	   4.2976783515562933e-01	   6.0184787654595506e-01	   6.5460562892282093e-01	   4.6411411381301548e-01	   4.6711937836635997e-01	   6.1774404322157073e-01	   5.9955022418804638e-01	   6.7024220774487575e-01	   6.8242258845550441e-01	   3.1149925758121910e-01	   4.0220698018680351e-01	   3.7284935156430188e-01	   5.3425833492525721e-01	   7.5943008612723606e-01	   7.1262809078161793e-01	   7.9329986566283572e-01	   8.2059478483781956e-01	   6.1473356035366278e-01	   7.7793696362099285e-01	   6.9968794670517021e-01	   6.4819764925283141e-01	   6.6082098120787358e-01	   6.6604650143563671e-01	   7.5718599218803384e-01	   6.5045396720945559e-01	   6.6443045714735072e-01	   6.1822739437644980e-01	   5.5927302597371598e-01	   4.2523633792662985e-01	   5.7472737927735240e-01	   5.6314189419114813e-01	   6.1486661309312329e-01	   7.0060163662269381e-01	   4.5149929776506592e-01	   4.2634745871714286e-01	   2.9149470306943792e-01	   4.0881852536111885e-01	  -3.2429532021715413e-01	  -4.6222347321480528e-01	   4.9253258812235162e-01	   6.4409836602710790e-01	   5.8297407087913578e-01	   6.4149997054738872e-01	   5.4771705880978372e-01	   7.0304954608423942e-01	   5.4363178973026927e-01	   1.0830840586143417e-01	
   7.4885173254038351e-01	   6.9822647862415721e-01	   7.3794563655167233e-01	   7.6003388949586392e-01	   6.3067329383118820e-01	   6.3688836034732421e-01	   0.0000000000000000e+00	   8.3323659027690622e-01	   5.7004864465270266e-01	   6.7714095373235972e-01	   7.3839325218772767e-01	   6.7925368071036929e-01	   7.1722542697821179e-01	   5.5752047196763688e-01	   4.6055961115090305e-01	   5.2499301642190632e-01	   4.7392655167414710e-01	   5.6531050955053730e-01	   8.1760054098387669e-01	   8.2631232749110750e-01	   4.8984890519029600e-01	   3.1441831585035307e-01	   2.9343935035495261e-01	   2.4751560713976445e-01	   8.4114430502324658e-02	   3.2899998839227673e-01	   8.1056952160578954e-02	   1.1412220053266048e-01	   8.2190640625086775e-01	   7.1685991149939721e-01	   6.3261216750547522e-01	   6.0346705862244721e-01	   8.4848569146557040e-01	   8.5780632079370256e-01	   5.3445990103319196e-01	   5.2669944499940879e-01	   3.4329043792538988e-01	   2.5713902565482549e-01	   4.2456126938156152e-01	   4.6236856484175193e-01	   4.8530976641940426e-01	   2.4331504436159562e-01	   4.9782507391668357e-01	   5.7002497420706333e-01	   6.4052570014028221e-01	   6.6277887314291872e-01	   6.1709440687546990e-01	   5.6373075167999431e-01	   5.5295096760307472e-01	   5.7958578520545589e-01	   5.6384100534246318e-01	   5.4989429218492469e-01	   5.4153178152241743e-01	   5.7214920362041499e-01	   5.6893440870130985e-01	   4.9323611379367144e-01	   5.1162203894239111e-01	   4.6468432121584774e-01	   5.4090391764916990e-01	   4.1840322849512568e-01	   3.9458212463521330e-01	   5.1367129328148453e-01	   4.0078975151703389e-01	   4.3827838990093548e-01	   5.2347618969094822e-01	   4.3792140996887347e-01	   6.7499430022835594e-01	   6.0841232517185828e-01	   2.6329569280237503e-01	   1.6012855862959274e-01	   6.0405421067085974e-01	   5.0944251078951652e-01	   6.7126704597483933e-01	   6.3714946138225792e-01	   6.5130813875904492e-01	   7.0889735563744161e-01	   7.7849801034452615e-01	   7.4066840189457128e-01	   3.8995734925679726e-01	   4.1819561324849897e-01	   4.8273633132012617e-01	   6.4083998859001290e-01	   7.0930650924457384e-01	   6.6652641141872071e-01	   6.8744400736026146e-01	   6.9387829137013290e-01	   4.7252880251137741e-01	   5.7307345163280776e-01	   5.2611529448648131e-01	   5.2972316414286580e-01	   4.4387179710902019e-01	   4.9455654523544562e-01	   5.4304285013613551e-01	   5.0872604284469880e-01	   4.1723684276793549e-01	   5.2699474113734057e-01	   4.7001596889441322e-01	   3.6231167928746832e-01	   6.0926489067334044e-01	   5.9318405190691759e-01	   5.8102710485617437e-01	   6.6957683969326154e-01	   3.8463258781352161e-01	   4.7552948758902380e-01	   8.8552485346966595e-02	   2.4162797055213392e-01	  -2.5365612108831115e-01	  -3.6290227509166501e-01	   3.0878940557434759e-01	   4.6652145641637988e-01	   3.2239421913743560e-01	   5.9738163449573434e-01	   4.6340292185222620e-01	   4.5906611224945415e-01	   3.7280485545853126e-01	   1.8583252945062828e-01	
   7.0727017313615681e-01	   7.4129871434686101e-01	   6.5654350379747850e-01	   8.7425765626926255e-01	   5.9343955375654778e-01	   7.5267242566409776e-01	   8.3323659027690622e-01	   0.0000000000000000e+00	   6.8807905237729827e-01	   8.9391798798140676e-01	   5.7638761633391367e-01	   7.3258697806960194e-01	   6.0903631035885308e-01	   6.4175121626892873e-01	   4.6260042279337510e-01	   6.9069561157431703e-01	   5.5653708521693523e-01	   5.9638915068329157e-01	   7.4225021235899580e-01	   8.2737067639521367e-01	   5.0500409987110262e-01	   4.4857446729611683e-01	   3.1137721206871805e-01	   4.1775376932952590e-01	   1.1744919654241520e-01	   4.3960907107196301e-01	   1.7932389198705423e-01	   2.4010127737890036e-01	   7.0073735259691283e-01	   7.1241994461620406e-01	   5.5927938308691749e-01	   5.8226575905304456e-01	   8.2539756394451125e-01	   9.0611749379938689e-01	   5.5029694737013868e-01	   6.1858395644953390e-01	   4.5568656061147111e-01	   4.2523162837055256e-01	   5.4935395692941613e-01	   6.1868687162915448e-01	   4.6616066081901797e-01	   3.2121713915859856e-01	   4.5812128037113026e-01	   4.4211112216540299e-01	   5.0708242940695747e-01	   5.1226105871912764e-01	   5.6968074284758563e-01	   4.9157782841137576e-01	   4.3723293592965257e-01	   4.7879707583090980e-01	   5.6051005994319980e-01	   5.4431178690121540e-01	   5.8278159104439498e-01	   6.1054625488294878e-01	   6.1269579358691606e-01	   5.7004408017504993e-01	   5.8134842186546609e-01	   5.4287243712989008e-01	   6.0595432579897857e-01	   5.3515490931883325e-01	   5.7226262183587173e-01	   7.7484317492423571e-01	   4.8308114040853800e-01	   5.2599045715639481e-01	   5.4314007489802774e-01	   6.8325214052585981e-01	   6.4152028555295204e-01	   6.2249165404851980e-01	   3.5520633139692132e-01	   2.4079759522197774e-01	   5.3815742725329474e-01	   6.2980777324758319e-01	   7.0365682747556169e-01	   7.2039961146104159e-01	   7.7948786055639652e-01	   7.8739534915968235e-01	   8.0780801602392838e-01	   8.2605845113394882e-01	   5.0512580146748620e-01	   4.9270911484640179e-01	   4.8596176397732549e-01	   6.1432011045651169e-01	   6.0543159242151157e-01	   6.2033561188418895e-01	   7.0321295785389493e-01	   7.4439069479071884e-01	   5.0190148641696619e-01	   5.9516301588161069e-01	   6.6387791001220053e-01	   7.2798635170770787e-01	   5.2675290468944869e-01	   5.4201374041403405e-01	   6.7466448079585084e-01	   5.9019030832858477e-01	   5.3924767294243203e-01	   5.6163363497827457e-01	   5.4823394258285385e-01	   4.2650104923061566e-01	   6.7318250577730021e-01	   6.1837850491252311e-01	   5.9178252084211624e-01	   7.2396004199269004e-01	   4.0020572879971827e-01	   5.1381527849400188e-01	   1.4592148609128314e-01	   2.5195193716762920e-01	  -2.8860710718679150e-01	  -4.4135231643649547e-01	   3.8230635288352610e-01	   5.6625690881449475e-01	   3.9717541324574751e-01	   5.8627229032359851e-01	   4.4302755903830643e-01	   4.7922535604231375e-01	   3.4401303190846932e-01	   1.5537058285199484e-01	
   5.6822839501128164e-01	   5.4965360770557281e-01	   5.8038680815109944e-01	   5.3823076450851426e-01	   6.1223706017791635e-01	   4.5160165182483725e-01	   5.7004864465270266e-01	   6.8807905237729827e-01	   0.0000000000000000e+00	   6.9897804140482411e-01	   4.0768715108782078e-01	   4.6110966284301264e-01	   5.9976362971600183e-01	   4.2492395578400310e-01	   7.0224387761924223e-01	   5.5501842124617529e-01	   3.1405057375702938e-01	   3.5423512846605598e-01	   5.1020154343249424e-01	   5.4663452308999660e-01	   2.2834607371817225e-01	   2.1890297533007913e-01	   2.8660423232561422e-01	   3.0504057291897024e-01	   5.9692905495930919e-02	   1.7359856254136274e-01	   2.9582383259183503e-01	   1.4841491353495745e-01	   3.7535221771420590e-01	   3.5116765720982906e-01	   2.4896400267675681e-01	   2.3407795615886207e-01	   4.3742587144021394e-01	   5.1838055283699669e-01	   1.9782267348386268e-01	   1.5758453331632730e-01	   2.6953203167523693e-01	   2.2677604124246409e-01	   2.8514343373807050e-01	   3.8667324884288112e-01	   2.3810415596395573e-01	   1.7633942266257358e-01	   1.9372919607173580e-01	   1.3113312307462344e-01	   6.6411084147530455e-02	   1.1117110083589415e-01	   2.8609702046974339e-01	   1.7227199178899713e-01	   1.5785873176191872e-01	   2.1576400105219123e-01	   2.9003698795856669e-01	   2.8928872990178811e-01	   3.7566900319616059e-01	   4.0521326121069434e-01	   3.2893907653216642e-01	   3.3174445327136132e-01	   3.1732851147911961e-01	   3.9864579705798309e-01	   4.6624024696670252e-01	   3.2857758451458247e-01	   6.0718025082403615e-01	   6.2281073779727636e-01	   2.5095396259917724e-01	   3.5133787695679541e-01	   4.5394080065727538e-01	   5.3826580189175322e-01	   1.8946146170323033e-01	   1.2564884761251299e-01	   4.2845406770603772e-01	   2.0110716179997035e-01	   1.7365928290526841e-01	   3.3211851558423267e-01	   5.8142671787104261e-01	   5.1332101214502712e-01	   5.9020001855247850e-01	   5.7036759288880556e-01	   4.6202694297067726e-01	   4.5296238562867924e-01	   8.6198978181659849e-02	   2.0595810836940445e-01	   6.3481732450364453e-02	   2.2190868793832910e-01	   3.1561509320810854e-01	   2.3267053219619779e-01	   4.0287357247685701e-01	   3.4447625699846851e-01	   3.3502406591819639e-01	   2.5504312849488264e-01	   5.7571016082286541e-01	   5.7348645128809461e-01	   1.7704106641762074e-01	   3.7092470743368572e-01	   3.1180999396973680e-01	   4.8762905771217990e-01	   2.5012018056410773e-01	   2.3986057554804879e-01	   1.7533295428090331e-01	   1.9373305045675354e-01	   2.4743595662601287e-01	   3.0927754736387153e-01	   2.1537839273188797e-01	   4.6969265865966081e-01	   4.7644156241883229e-02	   2.7799059393688769e-01	  -6.4924687294925135e-02	   4.6015616194664821e-02	  -3.8189554881761756e-01	  -2.2658490679548760e-01	   4.8768927059639096e-02	   1.6536846584480636e-01	   8.7116494090723584e-02	   2.2690520937080944e-01	   1.1926624988047210e-01	   1.6709138019756936e-01	   1.1755742512324900e-01	   1.0488322921458212e-01	
   6.0871506524165131e-01	   5.3214041313816818e-01	   6.5446126638971047e-01	   8.7517234672656896e-01	   5.5329924911721706e-01	   7.9321256439213950e-01	   6.7714095373235972e-01	   8.9391798798140676e-01	   6.9897804140482411e-01	   0.0000000000000000e+00	   4.4631407715533528e-01	   6.5182784170055519e-01	   5.1488697561824615e-01	   5.8599767216159959e-01	   5.8908817346631126e-01	   8.0064932052550331e-01	   3.2225630182497184e-01	   3.5944313004301032e-01	   6.5265017135853820e-01	   6.9353740524736507e-01	   5.1493158495255242e-01	   5.0905857728062065e-01	   4.8772656106444112e-01	   5.7939603411168572e-01	   2.2308408432272270e-01	   5.4785149038449832e-01	   2.9962867193824139e-01	   3.6293840109454834e-01	   5.3169575973109862e-01	   5.3352260228301684e-01	   6.0568418655630374e-01	   6.6082512038816477e-01	   6.6204607534147508e-01	   7.5610483529642103e-01	   5.5781587250999531e-01	   5.7116168435381698e-01	   4.8810973985085271e-01	   4.8568459919148738e-01	   5.3790667117417734e-01	   6.0940266371436791e-01	   4.1068885528438620e-01	   2.9733193061364510e-01	   3.7484129987217207e-01	   2.9088850526987786e-01	   3.1782300323429313e-01	   3.0907689668009453e-01	   4.4056571452267312e-01	   3.5538223285226822e-01	   2.7400844331917518e-01	   3.1322635160101320e-01	   4.4444717446096427e-01	   4.0927927308487050e-01	   4.6762691759898589e-01	   4.6945809495693697e-01	   4.9296292643897083e-01	   4.5623993294520793e-01	   4.1157509080772864e-01	   3.1840491214074507e-01	   4.5667957416332766e-01	   3.6654168722890862e-01	   5.4779542618563593e-01	   7.3171866056946999e-01	   2.9479087789007424e-01	   2.9301320240133183e-01	   7.1558044162609646e-01	   7.7946656692274852e-01	   5.6293819469380968e-01	   5.3338117354928638e-01	   3.3318561773897531e-01	   2.9540070165860471e-01	   5.3324625271344883e-01	   6.7616809931304145e-01	   5.8174006949891344e-01	   5.3202466669442805e-01	   7.0621663355294328e-01	   6.6673838068249536e-01	   7.1221165201326531e-01	   7.2226363850358877e-01	   3.2953819348296226e-01	   3.2090956348839039e-01	   2.9541645866853283e-01	   4.2941766648651980e-01	   5.7713092496343199e-01	   5.1898826539006881e-01	   7.5196761125642142e-01	   7.4188277615318166e-01	   5.8235005734508050e-01	   6.6531421085612708e-01	   7.1985277504753964e-01	   7.1266284733103791e-01	   5.9824206318034878e-01	   6.1300682614028801e-01	   7.1004504341878127e-01	   6.7446901036776397e-01	   5.7415236403372194e-01	   5.5951137637461557e-01	   4.7086324097206000e-01	   3.7558390194186586e-01	   5.1728922697930224e-01	   4.7501142841812000e-01	   4.7808765688713600e-01	   6.5269637376785150e-01	   2.9391878745094946e-01	   3.7820254059136460e-01	   1.3736944412953847e-01	   2.2015533024289763e-01	  -3.1451641504544259e-01	  -4.8017074092747525e-01	   3.9218570233628242e-01	   5.6827360342289945e-01	   4.1170641263238883e-01	   4.7160602134320229e-01	   3.3518775418088997e-01	   5.4976219439020291e-01	   4.5166136228551601e-01	   1.8125623780916644e-01	
   7.8186929055510945e-01	   5.5174595688628292e-01	   4.5258709707830036e-01	   4.1097279843188067e-01	   3.2230964442910071e-01	   3.3466398842192180e-01	   7.3839325218772767e-01	   5.7638761633391367e-01	   4.0768715108782078e-01	   4.4631407715533528e-01	   0.0000000000000000e+00	   6.9202169407733383e-01	   9.1817680133029356e-01	   6.2042986710670012e-01	   4.4663446904460491e-01	   4.3411604539223037e-01	   4.9925949450171164e-01	   4.0131534454931400e-01	   5.7682992383358234e-01	   6.0204821127024843e-01	   2.7480241432176161e-01	   1.6465215587530210e-01	   8.6291564710341190e-02	   8.1452268364958863e-02	  -6.6835485090981403e-02	   4.4172676457152518e-02	  -2.0989690935741392e-02	  -2.0092920972984152e-02	   7.9661046993086559e-01	   5.7526809592338113e-01	   3.4357807453276995e-01	   3.4343707864091866e-01	   6.5154587396544317e-01	   6.2707609089267458e-01	   3.1928231796301515e-01	   2.4055978017040841e-01	   2.9629253802820948e-01	   1.5777641476058779e-01	   3.3772700680349443e-01	   3.5835336451435978e-01	   4.1271773828782399e-01	   2.2061634622936269e-01	   1.6154578641440076e-01	   3.5419830798030472e-01	   3.9673322961328894e-01	   4.5283905734086749e-01	   2.6228227573914464e-01	   2.5517510894714679e-01	   2.6780087762129423e-01	   3.5472618215751478e-01	   3.4061482030703427e-01	   3.2426890143957859e-01	   3.2084362159052526e-01	   3.7792013931764018e-01	   3.7741295394317675e-01	   3.5731343474735788e-01	   4.8679658954170862e-01	   4.1227326403234910e-01	   4.4882615530148479e-01	   3.9381999836019344e-01	   4.7291324120125422e-01	   5.2280551363951000e-01	   4.7375333967198152e-01	   4.1944750084638238e-01	   2.4638305134785038e-01	   2.8000176134981264e-01	   4.1176798169104917e-01	   3.5004998626894246e-01	   1.8852167897903899e-01	  -3.5665768003610307e-02	   3.4057611564612073e-01	   2.0484127214197909e-01	   6.4136308794881614e-01	   5.2151650395986049e-01	   5.0984309462312172e-01	   5.7025433306412587e-01	   6.0136052481797142e-01	   5.9883812261351954e-01	   3.1410993180033608e-01	   2.3695428248809727e-01	   4.0841650493819937e-01	   4.9554543530502304e-01	   5.2196760895320882e-01	   4.0143437170359286e-01	   4.6799688726156286e-01	   4.6368777562448371e-01	   3.6309303275317739e-01	   3.1708930965455351e-01	   2.9347239095031724e-01	   4.3432166945396367e-01	   9.1164891253230046e-02	   1.5272762739593226e-01	   2.4247119436625897e-01	   1.8455025225424226e-01	   6.3711054975780182e-02	   2.8087289559443318e-01	   1.7429158394534255e-01	   2.3034045902961781e-01	   3.0891971779580324e-01	   3.1995094838788685e-01	   3.0974501969654650e-01	   3.8165661130789669e-01	   1.6272705573827384e-01	   2.6671572577382563e-01	   8.3787290597379200e-04	  -2.2563143062768024e-02	  -1.9515613782497526e-01	  -2.0323109853477561e-01	   1.6895403782480937e-02	   3.0697859439912012e-01	   8.5921765308759508e-03	   2.4488233566489812e-01	   1.3099708692526196e-01	   2.3080070816544820e-01	   1.8996074743142716e-01	   1.4919891155156620e-01	
   6.0637214128686634e-01	   7.8044809117107539e-01	   4.3553041211632482e-01	   5.8299587373917860e-01	   6.0766976221882074e-01	   6.6326363713230130e-01	   6.7925368071036929e-01	   7.3258697806960194e-01	   4.6110966284301264e-01	   6.5182784170055519e-01	   6.9202169407733383e-01	   0.0000000000000000e+00	   6.4236541747784792e-01	   8.0651576120736390e-01	   4.0145259067588041e-01	   7.2338839389991316e-01	   5.0836509035193078e-01	   5.9291320556501070e-01	   7.4733434192350134e-01	   8.0202787872735071e-01	   3.2029212478109093e-01	   2.8275517108563664e-01	   1.1068313198163025e-01	   1.4593056211519112e-01	  -7.6343586420941495e-02	   1.3551722607818506e-01	   6.7797905994777016e-02	   7.9452868762900003e-02	   8.0147506157419968e-01	   8.4237418830587074e-01	   3.5386287431075325e-01	   3.7474578170632916e-01	   7.2271660988142727e-01	   7.0845275660567386e-01	   3.2328422449392313e-01	   4.3857433218950292e-01	   3.2401909750904517e-01	   3.2584503108342222e-01	   4.2329103336927804e-01	   5.1364738803362342e-01	   5.5655567126383421e-01	   3.6114811157088361e-01	   4.7215964549424017e-01	   5.4820345284186600e-01	   6.0410041945759241e-01	   6.3084949717243899e-01	   5.7176630173793674e-01	   5.3756610590744858e-01	   5.4752119425038503e-01	   6.0748555988719555e-01	   5.8146434675907221e-01	   5.7922685515122119e-01	   6.0737295341511943e-01	   6.1087836648639549e-01	   6.3105004469318260e-01	   6.2444454172694641e-01	   4.5529615737266443e-01	   5.3590498171846790e-01	   6.2280862375512380e-01	   6.1331108743301588e-01	   5.0119399476110427e-01	   6.7331195462322313e-01	   6.7988516692521372e-01	   6.1758656649573285e-01	   3.7985835808496793e-01	   4.1616209444530389e-01	   4.9617712835244610e-01	   5.2443542115579023e-01	   8.2799330318698017e-02	   1.3355306273579193e-01	   2.9854728870478908e-01	   3.5104026236917252e-01	   5.7826524555800973e-01	   6.5707897684516470e-01	   5.4956359656797749e-01	   6.4585369820776695e-01	   6.5344560193631140e-01	   7.4664482290113277e-01	   3.8342842674111965e-01	   3.3143631534193968e-01	   5.4866912639291754e-01	   7.0885989805765737e-01	   6.8736409181863034e-01	   7.0933698282957369e-01	   6.5105454455418377e-01	   7.7206277421516201e-01	   3.7119176600879261e-01	   5.0015293426043794e-01	   5.1945074619501264e-01	   6.6537741970788411e-01	   3.8143479620345194e-01	   3.9191416110122651e-01	   5.3412693602737726e-01	   3.3879337618127148e-01	   2.7245496955537513e-01	   4.0206894855346786e-01	   3.8518125421225247e-01	   2.8176000787183858e-01	   5.9073047854634364e-01	   5.7521736425943515e-01	   6.3402342057290451e-01	   6.4075910057762031e-01	   4.5254603882859129e-01	   5.2408344951968044e-01	   1.3656227615088146e-01	   1.5884303223461066e-01	  -1.7964977587358311e-01	  -2.7934855291453142e-01	   1.7463891547516067e-01	   4.9097356224665822e-01	   2.6637156189609984e-01	   5.4178955010348784e-01	   5.1164601661397113e-01	   4.6250258257071142e-01	   2.5633941534520527e-01	   1.7905960381334557e-01	
   7.3094842775309088e-01	   5.4171496750531500e-01	   5.4047297478528811e-01	   4.1780109119433834e-01	   4.1903807990052799e-01	   3.7141702905707297e-01	   7.1722542697821179e-01	   6.0903631035885308e-01	   5.9976362971600183e-01	   5.1488697561824615e-01	   9.1817680133029356e-01	   6.4236541747784792e-01	   0.0000000000000000e+00	   6.6523300322057533e-01	   6.7124471972631949e-01	   5.5306823534534422e-01	   4.4748450198198075e-01	   3.7761658346982857e-01	   5.5693181892301502e-01	   5.6061012656282116e-01	   3.3647586194202944e-01	   2.6539692690977312e-01	   2.0154113649988598e-01	   1.8030812656076500e-01	   3.5222167445842334e-02	   9.6944409324236397e-02	   1.5569562128845987e-01	   1.0478432828759743e-01	   7.4434447572924789e-01	   5.1592033639284784e-01	   3.7111636047319163e-01	   3.3232200981181070e-01	   6.1998758459346104e-01	   5.9706212836318784e-01	   3.4384165661823923e-01	   2.1900314025947312e-01	   3.7822603072745320e-01	   2.6128770368399001e-01	   4.0694839534973548e-01	   4.4141283802573467e-01	   4.6615647696004364e-01	   3.0075567890340593e-01	   1.1450320833631022e-01	   2.5835258655263499e-01	   2.6946516662365433e-01	   3.3043631131764545e-01	   2.1802297502044088e-01	   1.8858162240324300e-01	   1.6205196500296040e-01	   2.7146906596558062e-01	   2.7414987590937934e-01	   2.6292703039547360e-01	   3.2660341931479386e-01	   3.6574997295013500e-01	   3.7831149776300410e-01	   3.5499263876084020e-01	   3.9839025056963617e-01	   4.0540678340114905e-01	   4.1846139795231019e-01	   3.3082761538550898e-01	   4.8708035448685338e-01	   5.2196727121089570e-01	   3.8655489170567026e-01	   3.7020861873280675e-01	   3.0198373456828709e-01	   3.2633897940525874e-01	   3.2628248629155782e-01	   2.4038381796075159e-01	   2.5836881348775564e-01	   5.9710286757918618e-02	   3.3582633940165257e-01	   2.8135667916134727e-01	   6.7346017290571270e-01	   5.3763737352126140e-01	   5.6969445184307688e-01	   6.0106063228917250e-01	   6.0617470127459316e-01	   5.7747635203864267e-01	   2.6798748973876052e-01	   2.5880817072200824e-01	   3.3122191735840301e-01	   4.0992053252150018e-01	   5.5490085579568804e-01	   3.9578932906248948e-01	   4.8199428529334148e-01	   4.2575361394822697e-01	   4.5818417878762052e-01	   3.4907591080383676e-01	   4.2063080486729965e-01	   4.9806580419649837e-01	   7.4055756556609009e-02	   2.0985364886357022e-01	   2.6247289897755421e-01	   2.7720327126155031e-01	   1.2858888364904120e-01	   2.7014390686317435e-01	   1.6627341661978529e-01	   2.6388027066721770e-01	   2.5474214504494419e-01	   3.0695483524390815e-01	   2.4443030617168077e-01	   3.9951574926854000e-01	   9.4651537837181721e-02	   2.4833253452132401e-01	  -2.4848237091861160e-02	  -3.4002830971320099e-02	  -3.0039527001847816e-01	  -2.8592220449178296e-01	  -8.7760550338327999e-04	   3.0197214419171331e-01	   6.5069923901543869e-02	   2.1792448502975792e-01	   6.9997359056002434e-02	   2.2502022889821743e-01	   1.8441514434803480e-01	   9.1952183961909809e-02	
