   0.0000000000000000e+00	   9.4728504899818766e-01	   4.4541158781408619e-01	   3.7601107896910824e-01	   3.5581269113984271e-01	   2.8650871001450462e-01	   6.6226318756025226e-01	   4.7255699590348754e-01	   4.7883780433491285e-01	   3.1900056337112892e-01	   8.9541675426777456e-01	   6.0163237358119348e-01	   6.3444160467144450e-01	   3.6716799935817807e-01	   4.3505488488362209e-01	   4.7627850575264002e-01	   3.9440623729050595e-01	   3.8690023137039525e-01	   4.0366769921164652e-01	   5.5652807419883221e-01	   1.6314784206605945e-01	   2.4758394249071120e-01	   4.9405808525988898e-01	   5.2686974190772928e-01	   2.3951119713598434e-01	   1.8545485834605535e-01	   2.2060606783531286e-01	   2.5776106483449723e-01	   3.9899457014642487e-01	   4.6537632113127281e-01	   3.5152515343939816e-01	   3.9610270636930639e-01	   3.7816201821715784e-01	   4.5779940415622694e-01	  -2.8560137137306367e-02	   9.8967486338870148e-02	  -5.9962697992417091e-04	   4.8084807544684749e-01	   1.1903286671056465e-01	   2.7550042738127017e-01	   3.0853407894474388e-01	   5.5556446286360384e-01	   1.8140464051015853e-01	   2.8445602367835543e-01	   2.3063389172844728e-01	   1.5886166812419303e-01	   2.3459064007351613e-01	   2.9175690311922209e-01	   3.4592865237643727e-01	   4.5417893146042071e-01	   4.4904989099191550e-01	   5.5267354781435940e-01	   3.4640404184276136e-01	   3.8395224087631874e-01	   2.5193971538372151e-01	   3.2645789886906901e-01	   9.0347596254686269e-01	   6.6633534619355217e-01	   5.6395133023164823e-01	   4.6812418744542134e-01	   4.5250023363875286e-01	   3.7658339940428287e-01	   4.1066170577424127e-01	   4.7760333650390141e-01	   1.9806795414737943e-01	   2.7383131429533392e-01	   2.6324294725727754e-01	   3.1890613773213344e-01	   6.9406449119272060e-02	   3.3560597650183299e-01	   4.5371382437380947e-01	   4.3535442204304103e-01	   7.1101701559331798e-01	   4.8743070192869858e-01	   5.8421472797978269e-01	   5.0565709781783696e-01	   4.0609790673986529e-01	   2.4302744890274888e-01	   4.4936765025665049e-01	   2.7433352828077695e-01	   5.6443693025750263e-01	   5.2504821678808911e-01	   5.4515868653603983e-01	   4.0448439916679813e-01	   5.5037512912437614e-01	   3.2443199839823011e-01	   1.2669001362988816e-01	   4.6585802344009261e-02	   3.6636158785794298e-01	   3.2178624041849846e-01	   3.2067680025523571e-01	   4.3498153204617518e-01	   1.0771639485881489e-01	   2.0349742319168029e-01	  -3.1000809788548289e-01	  -1.3916701302335238e-01	   1.4404472085669390e-01	   3.3631564901574595e-01	   2.5807403060556411e-01	   4.7809758161533894e-01	   2.3936285111174394e-01	   2.4892647309212501e-01	   4.0739362095142889e-01	   3.1301069622730088e-01	   1.5598609798489765e-01	   1.9599773635504320e-01	   3.4996948565497910e-01	   2.0487046979978951e-01	  -3.8491877000786962e-01	   2.4331325256264413e-01	   4.1921208586453534e-01	   2.9845686060268733e-01	   2.9538671577358655e-01	   3.0753274630065847e-01	   2.8248160109011822e-01	  -7.3086651941626710e-02	
   9.4728504899818766e-01	   0.0000000000000000e+00	   2.2390979137472009e-01	   2.1166422308217023e-01	   1.5981439841683820e-01	   2.0002838700392903e-01	   3.4477451349550164e-01	   3.0389740277102328e-01	   2.2907031837834080e-01	   1.2245259023388883e-01	   6.7195564411298336e-01	   4.7569859596556208e-01	   3.6285940144037432e-01	   2.1653686532736627e-01	   1.9792339553743113e-01	   2.5602679249024990e-01	   5.6529356896648408e-01	   5.5566137481662459e-01	   2.5624497026334470e-01	   6.1578836691084426e-01	   3.0339836397733955e-01	   3.9147019822807311e-01	   4.1666088970416804e-01	   4.5221943482126703e-01	   2.1148891548774429e-01	   7.4706169354837676e-02	   2.3494711325709855e-01	   2.3016917891877714e-01	   2.6370415841819894e-01	   2.8390528569451007e-01	   3.6197553298967361e-01	   3.5338306397506930e-01	   2.8038401970551119e-01	   3.7562978265788222e-01	  -8.4625591115611062e-02	  -3.2464036264022653e-02	  -8.7009422849893811e-02	   3.9408537211361616e-01	   2.1970041105813209e-01	   2.8199759748906522e-01	   2.4705029761804842e-01	   4.9087241689066391e-01	   1.8007727642622193e-01	   2.1503052485044979e-01	   2.3058428397085987e-01	   1.1876993755163862e-01	   2.2658291137893249e-01	   2.7073380453282042e-01	   2.7008239071030959e-01	   4.1772415628629450e-01	   2.6967325328573599e-01	   5.0223308632521124e-01	   3.1820272781343950e-01	   3.8346650284170003e-01	   1.8483399468832409e-01	   3.1153561010208380e-01	   8.4406489083058900e-01	   1.1881603717044875e+00	   2.4333439968521137e-01	   4.5426406960449600e-01	   8.4850117462643510e-02	   2.5636858463296103e-01	   1.8653254691069124e-01	   4.7619641312214117e-01	   3.3454872612792515e-02	   2.4522965356175563e-01	   1.6596040262845677e-01	   2.3118090763839066e-01	   1.9174752346745685e-01	   4.5580764087421644e-01	   5.0146297976108856e-01	   4.8518620493311920e-01	   5.1959205272046904e-01	   4.1159242664885815e-01	   6.6120587139005993e-01	   5.9139290752390050e-01	   2.1446268872369262e-01	   4.1681297216973501e-02	   6.0677070344777517e-01	   3.8713410379081270e-01	   6.3303293866125765e-01	   6.8384122501843225e-01	   4.8659243171362582e-01	   5.6573370166284043e-01	   3.9868062679276745e-01	   3.4621987307841473e-01	   1.0589831320634142e-01	   5.7144863546320993e-02	   2.3800979882054218e-01	   2.4621231650240055e-01	   2.4198872659399126e-01	   1.8707931366810712e-01	  -6.5909334358730892e-02	  -1.4965390909601221e-02	  -8.5071976260588933e-02	  -4.0352500888767183e-03	   1.7327686916691984e-01	   3.4040854211513788e-01	   2.2192568464800588e-01	   3.1465452587549203e-01	   2.0121073003347234e-01	   4.1337518969094739e-02	   3.0079861883592396e-01	   1.7488978971352656e-01	   3.0953017969665647e-01	   2.3493763234184556e-01	   1.1941860598644850e-01	  -6.3157693178304358e-02	  -2.3965518073884223e-01	   2.7628647555368885e-01	   3.7961359799263117e-01	   3.3219138855935249e-01	   2.2866189045306434e-01	   3.1199701008120595e-01	   1.9218995713528397e-01	  -1.6318716281505477e-01	
   4.4541158781408619e-01	   2.2390979137472009e-01	   0.0000000000000000e+00	   3.9445102046405089e-01	   6.8812625591344490e-01	   1.3012157932265397e-01	   1.2743536826228419e+00	   2.3147504434609542e-01	   6.0991483764108767e-01	   1.1390550851261955e-01	   3.2724873922449244e-01	  -1.3805061153751005e-02	   4.4498360242538815e-01	  -2.4490400553769907e-02	   3.4816560427435489e-01	   4.6756658682089482e-02	   8.9926693541203265e-02	   9.1133682918414449e-02	   3.5627281886902579e-01	   2.0977888636001074e-01	   2.2062916988473916e-01	   2.7871284929327961e-01	   1.1070861627981741e+00	   5.0589342613125077e-01	   9.0588778058285757e-01	   7.1199535963680438e-01	   5.2599193601595851e-01	   4.2612434873439614e-01	   9.7131827761712516e-02	   1.9280184001246212e-01	   6.0112161439149614e-01	   4.8611881812235352e-01	   3.4902969506165787e-01	   4.2333728330507353e-01	   6.1218631597240847e-01	   4.2985655970127518e-01	  -4.3873089664639958e-02	   9.9981624227324428e-02	   5.6139559589508128e-02	   1.6349166421713077e-01	  -1.1477564342460575e-01	   1.5507503235615605e-01	   1.4103413348140917e-01	   1.4406517612717626e-01	   1.9350250385200307e-01	   1.4589331971778596e-02	   4.4640989325565580e-02	   9.4067338597635608e-02	   1.3783276145169795e-01	   9.7601202177988650e-02	   5.6809133513124621e-01	   2.9001197578425197e-01	   1.1971504659344005e-01	   2.0159821191912208e-01	   2.4638314381666376e-01	   3.0796258340327903e-01	   3.4947514978795802e-01	   2.7502520761510052e-01	   3.0576671814446288e-01	   1.9902768823689959e-01	   3.8322467777325053e-01	  -1.2031899438692598e-02	   2.2245912477358062e-01	  -3.8071007854917439e-02	   7.9297777225071331e-01	   1.8535125529985283e-01	   5.8652937069983258e-01	   4.2879536375480048e-01	   7.8518761557129557e-02	   3.0274774993007109e-01	   2.6469916826451290e-01	   2.9123907895258971e-01	   2.1923459225384379e-01	   4.5107723337718827e-02	   2.8001738413187205e-01	   4.3278574473569253e-02	   2.0254146074143586e-01	   1.6186149147949230e-01	   2.0570810274524468e-01	   2.1414109248363905e-01	   2.3317035063030367e-01	   2.2065888788059898e-01	   1.5233432522528950e-01	   2.4698401237382211e-01	   7.0935513355002222e-01	   1.9836671123911392e-01	   4.0216218162294209e-01	   2.8652671972525828e-01	   5.3294562189401995e-01	   4.4103102003646333e-01	   1.4921290644111396e-01	   6.0171309372702664e-01	   1.4193443089039073e-01	   6.1540195702553924e-01	  -1.3955161564306187e-01	  -1.2432364054757190e-01	   2.0687404620278671e-01	   3.2832177459489298e-01	   1.3394042475782536e-01	   5.1908649028564968e-01	   5.9778517143817593e-02	   4.5825304945247580e-01	   2.2173582965331284e-01	   3.9991849954237202e-01	   4.2324601270415090e-02	   1.6659621282263162e-01	   2.6283528458726652e-01	   5.0434280497421735e-01	  -1.4495265255226839e-01	   1.5918239724485653e-01	   4.9347405542426370e-01	   9.6995907369427425e-02	   2.2541273588380142e-01	   2.5317548233136478e-01	   3.7150836252900854e-01	  -2.7665496308267905e-02	
   3.7601107896910824e-01	   2.1166422308217023e-01	   3.9445102046405089e-01	   0.0000000000000000e+00	   6.2930936564262840e-01	   9.2893636977056293e-01	   5.6247999124714432e-01	   1.2638017818299592e+00	   2.2963019739108304e-01	   6.1911841574848392e-01	   1.8378957938694801e-01	   4.3857778232745581e-01	   7.9493130704250334e-02	   1.0642557254323684e-01	  -7.1689439719588004e-03	   3.9587904308847982e-01	   9.5645795098359659e-02	   9.0076423887298515e-02	   8.3529268052833561e-02	   1.4720000119322957e-01	   5.0863620321989067e-01	   4.8336306388689609e-01	   3.9318289085898256e-01	   8.4522443238505018e-01	   4.5842129263906561e-01	   6.4160188101973981e-01	   5.3675655571227099e-01	   5.2026218656381662e-01	  -1.4837932313867232e-02	   8.1634060606140244e-02	   5.2176661157430682e-01	   6.2984909897095109e-01	   1.3223083340297750e-01	   3.6223295844502990e-01	   1.2528654035973760e-01	   4.0172905526360508e-01	  -5.1338478763034456e-01	   1.7978426104035747e-01	  -1.3049634447866079e-01	   1.4015488792414585e-01	   2.4824451733113387e-01	   3.9320436278466797e-01	   1.9555779566868337e-01	   2.1086770476519390e-01	   4.8876351560883741e-01	   4.0463584176616374e-01	   1.0010619767352744e-02	   2.0908949713519304e-01	   2.8534482694139485e-01	   4.5477717907422660e-01	   2.7038129385443099e-01	   4.9576329475062475e-01	  -3.2267792927362225e-02	   2.3121626212086005e-01	  -8.9308275792135371e-03	   1.2147901519629808e-01	   2.2319355251927314e-01	   1.5106174794894558e-01	   1.6442063336539017e-01	   3.2453988340256101e-01	   3.7454616254957473e-01	   7.2379142897042137e-01	   1.7522976836163745e-01	   4.2034525353392926e-01	   2.0750686896067608e-01	   9.7661767571076252e-01	   2.5345498624248891e-01	   5.3603749612188323e-01	   1.5029549568067135e-01	   2.9279047568248939e-01	   4.4770687845114487e-01	   4.4621735034525867e-01	   1.1348486320752611e-01	   1.4632393976076166e-01	   5.0031592503611266e-01	   3.4882273261898222e-01	   1.1770337344096281e-02	   1.3199926013723848e-01	   2.2248029318492624e-01	   1.1988998168284104e-01	   2.7407133610606499e-01	   3.9384335933729281e-01	   2.5165652984260500e-01	   3.8979028201148513e-01	   4.6054730643438413e-01	   6.1338773969017701e-01	  -3.2982749795975173e-02	   1.5526309080163908e-01	   3.4916073068734926e-01	   3.8158336545509808e-01	   3.1743074735770066e-01	   2.4076367804758825e-01	   1.8814977138955824e-01	  -8.2844962441346436e-03	  -3.9430942156049492e-01	  -2.4297341884394510e-01	  -1.1481959139944037e-01	   1.2972060407737626e-01	   1.2550246979030374e-01	   1.9279973033471370e-01	   4.2758091830567707e-01	   1.9371138561195006e-01	   3.6482413959118776e-01	   2.3382645575624705e-01	   9.3529303106181835e-02	  -1.1700390376549270e-03	   2.5096663423166110e-01	   9.7030352642025128e-02	  -3.5885750291925844e-01	   7.8740330603994227e-02	   4.2937575371743480e-01	   2.2002206408978675e-01	   3.0130279792008630e-01	   3.5632972198815910e-01	   1.7084868816361828e-01	  -1.0164873735880728e-01	
   3.5581269113984271e-01	   1.5981439841683820e-01	   6.8812625591344490e-01	   6.2930936564262840e-01	   0.0000000000000000e+00	   6.6127535582008634e-01	   7.7990289456483974e-01	   6.2186754141761702e-01	   7.5079736970217037e-01	   5.1609361496022932e-01	   2.6797072313755227e-01	   2.9541514956971898e-01	   3.1919749862576613e-01	   1.6280389013956789e-01	   2.4479895375567265e-01	   3.0903813279492987e-01	   1.2793672269582890e-01	   1.6081774718419958e-01	   7.8466240928861480e-02	  -6.5336299629138693e-03	   3.6924437672225907e-01	   4.2068403908763863e-01	   6.5789395205533463e-01	   6.1206660298152027e-01	   6.4044692762591626e-01	   5.9920974887885203e-01	   4.4746996897376712e-01	   4.7684721839590516e-01	   2.2395291834186254e-01	   2.8193791964357862e-01	   6.8752169521157869e-01	   6.9503820190563670e-01	   1.3144781248878709e-01	   3.0013030833328391e-01	   5.5892801202659170e-01	   6.4871162827905882e-01	  -2.0678161340323054e-01	   8.3237502988847564e-02	  -7.7286516570368072e-02	   7.3696278692656825e-02	   1.8511806851426379e-01	   3.2952694722433951e-01	   2.4148116751135523e-01	   2.4119277956323182e-01	   5.8063295332629705e-01	   5.5464420717044127e-01	   6.3419873649265379e-02	   1.8885357055897123e-01	   2.9580354870091519e-01	   4.1050885705984652e-01	   3.2783797776767581e-01	   3.1577986426136717e-01	  -1.4946936999098610e-03	   2.5895535632239802e-01	   1.1435869282233542e-02	   6.8727641335495845e-02	   2.8801174173791666e-01	   1.5853414806095525e-01	   3.3459566649674277e-01	   1.9481419866869609e-01	   5.8700687299335486e-01	   4.5273274679090669e-01	   3.1679110561532886e-01	   2.2171361088266639e-01	   5.5078825984169355e-01	   4.7858675805204065e-01	   3.9925630910439047e-01	   5.9219278931238095e-01	   2.1168440417595007e-02	   3.0656680009323434e-01	   3.7644079821634452e-01	   2.7640465697976491e-01	   2.7182259239026674e-01	   1.1675031727644550e-01	   3.6370092935229159e-01	   2.4981595219944883e-01	   6.2249432183541682e-02	   5.8538575759010558e-02	   2.1709037354998081e-01	   1.6020096268321804e-01	   4.1127821616998772e-01	   3.3996630385206827e-01	   2.3683135957504037e-01	   3.2493345443127780e-01	   4.9783339167518281e-01	   2.5524401037689826e-01	   6.5133481039802321e-02	   1.0395479768514350e-01	   3.4968445722952962e-01	   2.7343415987797692e-01	   2.1090300066611994e-01	   3.6085355328711288e-01	   1.8974507187860204e-01	   2.6913054369364442e-01	  -2.7985977944087892e-01	  -2.5588973381045033e-01	  -1.6514711652922943e-02	   7.5016839097081844e-02	   1.1765187786887113e-01	   2.6120612896727724e-01	   2.3016749981688131e-01	   3.5929973129410314e-01	   2.7211812045019845e-01	   2.6397095169942286e-01	   2.2414792879691760e-02	   7.2432479489882420e-02	   1.7675900518157317e-01	   3.0293368804580989e-01	  -1.6456043459546371e-01	   1.7928032246215247e-01	   4.2926700135678514e-01	   1.7762526434558049e-01	   3.0409147288687260e-01	   2.5273970069244606e-01	   2.0025549707819057e-01	  -4.3184297508911750e-02	
   2.8650871001450462e-01	   2.0002838700392903e-01	   1.3012157932265397e-01	   9.2893636977056293e-01	   6.6127535582008634e-01	   0.0000000000000000e+00	   3.4170009305411070e-01	   1.0100203584664267e+00	   3.1961838843006857e-01	   1.0657595341985711e+00	   2.1390731590637824e-01	   5.2118827008418334e-01	   1.2368666451251101e-01	   2.2788492946362388e-01	   1.0474906356453174e-01	   7.1847116704269864e-01	   1.1717003951707221e-01	   1.2551294299341173e-01	  -1.0195225437884677e-01	  -8.3215822742975717e-02	   3.9019661626866958e-01	   4.1301697373044033e-01	   2.4572196622558284e-01	   6.6848514048731289e-01	   3.5930175740582615e-01	   5.2975150900356549e-01	   4.2761330707306283e-01	   6.0343076138757779e-01	   9.3087765451768070e-02	   1.6846719339000904e-01	   5.8079646950668107e-01	   7.0178353571180829e-01	  -1.4603248425654455e-02	   1.9915025692460289e-01	   1.3441082557969602e-01	   4.4153082331591476e-01	  -3.9231031164369001e-01	   2.5677084787158466e-01	  -2.4072470824842974e-02	   1.5395877221865761e-01	   1.8758891789720028e-01	   4.8514376171172757e-01	   4.0306296119145535e-01	   4.2455317633190293e-01	   6.7300724761326813e-01	   6.8679780565917170e-01	   1.6687733933813215e-01	   4.0859086395538718e-01	   4.5314943564403831e-01	   6.4797435568835426e-01	   2.3294464147718175e-01	   4.5041497285820525e-01	   1.8337740755609417e-03	   2.6095207413896532e-01	   1.0755333822071288e-02	   2.6324443364203927e-02	   1.7888912476791824e-01	   9.0774030621046733e-02	   1.4037750455918435e-01	   2.4416927240473352e-01	   3.6377523367330211e-01	   8.3627164673987342e-01	   1.8710235644935497e-01	   4.0283106815975434e-01	   1.0893227447623902e-01	   8.8904555854453504e-01	   6.9710620046651059e-02	   4.5876686952232043e-01	  -2.1620485321279369e-03	   1.9686272850299541e-01	   5.1035781465878893e-01	   5.0661709776176256e-01	   1.8369742136273104e-01	   2.3241946550702841e-01	   5.2292214646768231e-01	   4.7774947667216994e-01	  -4.6894238230803147e-03	   1.2825539298105235e-01	   2.2445795940635371e-01	   1.3577931568743140e-01	   3.6478476828246964e-01	   3.8297735901710878e-01	   3.2072458709583995e-01	   3.6851125582822630e-01	   2.5341094657544161e-01	   4.4055400013495605e-01	  -1.3118154131341508e-01	  -8.3448993721306347e-02	   1.3708386967586933e-01	   1.4364255032177903e-01	   3.3041680086667757e-01	   6.3727327679839699e-02	   1.5802737352441276e-01	  -1.3898618279159636e-01	  -2.2661822414001401e-01	  -1.7143395684612786e-01	   1.6553729608939404e-03	   1.0218742557348671e-01	   1.8317258760966521e-01	   6.2670205910972165e-02	   4.8558026269905485e-01	   1.5704495133466051e-01	   4.0247720013679827e-01	   2.3859766176764169e-01	   1.9421171876909121e-01	   6.1970760136811825e-02	   1.2070193629791287e-02	  -1.0607736739802119e-01	  -2.6510045244437214e-01	   1.4237832917285451e-01	   3.9945595184378224e-01	   3.0960945361097919e-01	   2.6804027015636384e-01	   2.2851329399824183e-01	   3.5163330168174675e-02	  -1.0983057544081740e-01	
   6.6226318756025226e-01	   3.4477451349550164e-01	   1.2743536826228419e+00	   5.6247999124714432e-01	   7.7990289456483974e-01	   3.4170009305411070e-01	   0.0000000000000000e+00	   5.6702259380186837e-01	   7.5257867312414672e-01	   4.1588569110473356e-01	   6.0179751157448946e-01	   2.2487318987743635e-01	   5.2072422034173982e-01	   1.2998295279844541e-01	   4.3111517326696647e-01	   2.5211689520776770e-01	   2.3856064070879607e-01	   2.6093144624291670e-01	   3.7499178625683677e-01	   3.1836483884529981e-01	   2.2787171764067005e-01	   2.6143639582764411e-01	   1.0221443761246909e+00	   6.4678318500167875e-01	   6.0711694182134113e-01	   4.8281103078623838e-01	   3.7381299881099495e-01	   3.6295041090955138e-01	   2.2446699636478679e-01	   3.7165888867508307e-01	   6.7664062250385282e-01	   6.1302980113216321e-01	   3.2962827560246299e-01	   4.7673685395606979e-01	   3.4682805278198925e-01	   3.1559620792440951e-01	  -1.7370433245457528e-01	   1.0396044694054721e-01	  -4.9606616162976104e-02	   4.9618212033551601e-02	   1.1822894446201768e-03	   2.4834662736181906e-01	   1.7450270152718173e-01	   2.2839887493314415e-01	   3.4394170901341775e-01	   1.8695306869245981e-01	   6.0133311133713875e-02	   1.7182836712101296e-01	   2.3281390074591096e-01	   2.2863513467336438e-01	   4.4523391410778446e-01	   3.1065279720538796e-01	   5.4598794459878912e-02	   2.5860009965777830e-01	   7.6024182404426432e-02	   1.7313589924438028e-01	   4.8835758649321626e-01	   3.4766566696756990e-01	   2.7980606007667669e-01	   1.5939583822153136e-01	   4.7881363936258875e-01	   2.1417941555626252e-01	   4.0506368382586977e-01	   1.8581172815838937e-01	   7.1405719864100881e-01	   3.0676205609620938e-01	   3.9312273477717929e-01	   4.0672600178766088e-01	  -1.1706090818197911e-03	   2.6496952648052385e-01	   4.6906376112712922e-01	   4.6417339784694123e-01	   3.4152030467668043e-01	   2.1508720607524226e-01	   4.8739331634082433e-01	   2.8678266121429091e-01	   2.4724988602389453e-01	   1.9608459705094503e-01	   3.4801952808213032e-01	   2.8195592970584238e-01	   3.9829529928956703e-01	   4.2798790299511230e-01	   2.9418177918573402e-01	   3.7888855388107584e-01	   6.9921066870269832e-01	   3.1111263896699815e-01	   3.5985259297831534e-01	   2.3503600011506909e-01	   4.4458614686629305e-01	   3.7913427765582719e-01	   2.8140565639044141e-01	   6.4218231307364448e-01	   2.3179219352338834e-01	   5.8252412086781491e-01	  -1.8154132848582485e-01	  -1.9388969930425060e-01	   8.6194036545035671e-02	   1.3912189304384356e-01	   1.9379803325104888e-01	   5.1148962768003181e-01	   2.4676270249836554e-01	   5.9915841982927787e-01	   4.1687267772945225e-01	   5.1964401527590875e-01	   5.5587434306690262e-02	   1.5161864609072501e-01	   2.8678947302514135e-01	   4.2947390971082439e-01	  -1.3780763079059719e-01	   1.8017841608154786e-01	   4.6943312970108342e-01	   2.7365039251687118e-01	   3.1159455748710357e-01	   3.8778920109256915e-01	   3.9053041137999667e-01	  -7.5714196163651085e-03	
   4.7255699590348754e-01	   3.0389740277102328e-01	   2.3147504434609542e-01	   1.2638017818299592e+00	   6.2186754141761702e-01	   1.0100203584664267e+00	   5.6702259380186837e-01	   0.0000000000000000e+00	   3.7903152174348770e-01	   8.5992871474831911e-01	   3.5395870652692124e-01	   7.5817916001497310e-01	   1.3864361405200590e-01	   2.9699854929728975e-01	   1.0578794364666769e-01	   6.0419128704978475e-01	   2.2151487956845325e-01	   2.1886607703388636e-01	   9.2401377349563607e-02	   1.7417318461690240e-01	   3.7247472869456383e-01	   3.8485613719317863e-01	   3.1305824265228432e-01	   7.3676567620287592e-01	   2.0588713680559978e-01	   3.1564814035621214e-01	   2.6549323906665817e-01	   3.0587622570882578e-01	   1.8100555290495585e-01	   3.2099201185713333e-01	   4.6244217786453523e-01	   6.2424239584476038e-01	   1.5897912444332798e-01	   3.9298262370356862e-01	   3.8651336051298259e-02	   2.9820904637315265e-01	  -4.7033793251910350e-01	   2.1293428370836168e-01	  -1.4939344793142773e-01	   7.5545112032166004e-02	   2.7828853577576851e-01	   4.6254578881228126e-01	   2.8169606941248598e-01	   3.3555013354040863e-01	   5.5332070018724255e-01	   5.6660897233983210e-01	   1.3755285419344046e-01	   3.4864086407064521e-01	   3.4069561244058705e-01	   6.0407357963445940e-01	   1.9655543261658209e-01	   4.5891131411454555e-01	  -5.6710986146256406e-03	   2.7830914161918086e-01	  -4.8506484162712082e-02	   4.3067352897943161e-02	   3.0390832200576279e-01	   2.0024788032122479e-01	   1.9331262936833007e-01	   3.2110968381526489e-01	   4.6823178570815233e-01	   1.0399484624979345e+00	   2.5544103536171026e-01	   6.5998704642734218e-01	   1.9946633923113949e-01	   8.4465129554712592e-01	   1.5740250721086377e-01	   5.0443965205410068e-01	   8.1058025940119363e-02	   2.8686394233840079e-01	   4.7789553389278794e-01	   4.4077862976672233e-01	   3.1553282102405394e-01	   2.8638796626096552e-01	   6.0743405394045802e-01	   4.9268696162198922e-01	   1.2913346652705229e-01	   1.0018038588531882e-01	   2.6449343607492526e-01	   1.2658899480110575e-01	   3.5927267709108218e-01	   4.3162824821748769e-01	   3.3372412303468535e-01	   4.6174128064785375e-01	   3.2204562212355459e-01	   4.4007284655053580e-01	  -1.4687476962765444e-01	   3.4279953376024387e-02	   2.4004512960095761e-01	   2.8169525154570213e-01	   3.7125931902912374e-01	   2.5457861888635325e-01	   2.3311857704652328e-01	   2.2578658209671020e-03	  -2.8938161110561689e-01	  -2.1384197834354418e-01	  -7.8956316117434339e-02	   6.4114851090929972e-02	   2.7535097734394354e-01	   2.3843921575122640e-01	   4.7515900936471156e-01	   2.0085838928391866e-01	   4.0894710408166096e-01	   2.2309513676080642e-01	   1.4499047550447858e-01	   2.1735721482609455e-02	   3.0148851785675662e-01	   6.0270245404891738e-02	  -3.5746553620041582e-01	   1.7073113993604039e-01	   4.0222273536853115e-01	   3.9814065798834564e-01	   3.3809324909023275e-01	   3.5447382236080827e-01	   2.2641510253680894e-01	  -8.2938441505998481e-02	
   4.7883780433491285e-01	   2.2907031837834080e-01	   6.0991483764108767e-01	   2.2963019739108304e-01	   7.5079736970217037e-01	   3.1961838843006857e-01	   7.5257867312414672e-01	   3.7903152174348770e-01	   0.0000000000000000e+00	   5.5756271408458014e-01	   4.3422995604152154e-01	   2.5717800276951186e-01	   6.4919992792440540e-01	   3.0967179512161830e-01	   6.0592066004395317e-01	   4.5184804829862679e-01	   1.1068165780618920e-02	   9.9761861155887130e-02	   6.9614504414197170e-02	   6.6971704275277291e-03	  -1.2483856890970452e-01	  -1.5487489582619200e-02	   5.2729605556394732e-01	   3.5153150914452386e-01	   4.1527732799878025e-01	   3.2722652877552855e-01	   2.6287535747569513e-01	   3.7844528555381846e-01	   2.3856995421887323e-01	   4.2961535518925364e-01	   2.8345447505887278e-01	   3.4702955698157134e-01	  -5.7840033222629574e-02	   8.2907245626696005e-02	   4.4716364952726340e-01	   4.2298040695328643e-01	   1.0234879849049246e-01	   1.3087781113570920e-01	   1.0690699152819163e-02	  -6.2378562751434677e-02	  -4.9595105043395482e-02	   1.8467916397415216e-01	   1.5243958850538841e-01	   1.8327138197289966e-01	   2.5526543974172544e-01	   2.3071167861125280e-01	   1.1417703877748989e-01	   1.4755714282788424e-01	   3.2403235542946435e-01	   2.9088915467699583e-01	   4.0368027108106219e-01	   2.6680815693274418e-01	   1.8235597927373254e-01	   1.2712593936978250e-01	   2.4694448965121871e-01	   1.1659965184383529e-01	   3.2210007659919238e-01	   1.7737538931091995e-01	   4.6250260445821334e-01	   2.5513403939369972e-01	   5.2340883508171776e-01	   2.6412303445026819e-01	   3.0761609862309730e-01	   1.6483846222657636e-01	   5.9545330631081728e-01	   2.3891412762924630e-01	   2.5366581645675901e-01	   3.7417130977507396e-01	  -2.8017235650210326e-01	   8.7590329309896187e-02	   2.1932808070386017e-01	   2.8458334311058864e-01	   3.3388978061438357e-01	   3.4370062684577873e-01	   2.3788719743629066e-01	   2.2007621666249941e-01	   2.2736207160782251e-01	   2.6049948679864415e-01	   9.1960691367072842e-02	   1.5092401599296548e-01	   2.8900035144841246e-01	   1.5600175300928162e-01	   9.3012288439763002e-02	   3.3220799576494070e-02	   2.8914246440726765e-01	   2.8811056151594031e-03	   1.4718333411996329e-01	  -1.2785857913238508e-01	   1.0635324452070075e-01	   7.8374093417121343e-02	   2.8134032650133717e-01	   3.4419864062800010e-01	   2.2934055968541564e-01	   4.8853500752740697e-01	  -4.5251122306619283e-02	  -9.6350564871190647e-02	   2.5054913455405869e-01	   1.6977920087669390e-01	   1.8408401398713864e-01	   2.5834253417003145e-01	   3.1660859250905987e-01	   5.4443504183116920e-01	   3.6584740454515979e-01	   3.4279567631251728e-01	   1.7645675750220582e-01	   2.1375928949735032e-01	   1.2825728157188748e-01	   2.1327822926665924e-01	  -1.6937652605261072e-01	   1.0441684934845194e-01	   1.8669518689561457e-01	   3.1042231489462991e-02	   1.1198366254305832e-01	   4.1269441936742604e-02	   1.7136778279171927e-01	  -1.0770558045912053e-02	
   3.1900056337112892e-01	   1.2245259023388883e-01	   1.1390550851261955e-01	   6.1911841574848392e-01	   5.1609361496022932e-01	   1.0657595341985711e+00	   4.1588569110473356e-01	   8.5992871474831911e-01	   5.5756271408458014e-01	   0.0000000000000000e+00	   2.6717574903665314e-01	   4.2408468658096821e-01	   1.9277402349389552e-01	   2.6523989050943936e-01	   2.4026310330330536e-01	   8.3961469152813195e-01	   7.1364109768145584e-02	   1.5715361938107608e-01	  -1.2923748986024236e-01	  -8.9574720584284340e-02	   1.1775943626768570e-01	   1.2333326458865815e-01	   2.3514126487649539e-01	   5.1507979375285751e-01	   2.2716086469308067e-01	   3.2209728134722659e-01	   2.1462759938740072e-01	   4.2167187387273503e-01	   9.7015058620094852e-02	   3.2101750157865910e-01	   4.2076282207604981e-01	   5.3770019644543876e-01	  -1.2571640868255832e-01	   1.0306422192868489e-01	   5.5084222716719144e-02	   2.4788483602782740e-01	  -1.4385650160070598e-01	   2.1243067619715680e-01	  -2.6189870490681600e-02	  -5.6374582888808061e-02	   5.9615949460261858e-02	   2.5112005817601307e-01	   2.5887907456591291e-01	   3.4402467728427255e-01	   4.1243422743880853e-01	   4.7435711317353524e-01	   1.2476225815949182e-01	   2.8230362048435498e-01	   3.3714299518117213e-01	   4.8397859881626176e-01	   1.7645532830503363e-01	   3.0833317520380993e-01	   7.5849945511101982e-02	   1.8577321278447037e-01	   5.3635395044090558e-03	  -8.5178091657559921e-02	   2.1650756315114489e-01	   9.3888126321845650e-02	   1.2013503314934926e-01	   1.1667821537441131e-01	   3.3310942429179247e-01	   7.2485975393892876e-01	   3.0180358745703528e-01	   4.7470094955556330e-01	   2.2226158092577164e-01	   5.9569109634296979e-01	  -1.2468239220815544e-01	   2.3168524727409009e-01	  -2.3121748225535493e-01	  -1.3685203478831414e-02	   4.5516076616330203e-01	   5.5208704637698369e-01	   1.7939031846003842e-01	   4.2473416565497479e-01	   4.3420989635414714e-01	   5.0434777907856099e-01	   7.3866942739001934e-02	   3.6416130607432773e-01	   1.6550344024819261e-01	   1.9516017418545645e-01	   3.7280167822531940e-01	   4.0380669569509509e-01	   1.6238091440941343e-01	   1.7513953580834371e-01	   1.6049921093273306e-01	   2.8810728260652207e-01	   1.0664012389460336e-02	  -1.1894570204116645e-01	  -3.2647218466206447e-02	   3.1300945793389219e-02	   4.7649989663641285e-01	   1.3092162322856621e-01	   2.5855598509420147e-01	   6.4259796245882281e-02	  -9.5979077937490137e-02	  -1.1550374909610807e-01	   5.0426040073322182e-03	   2.1322326234151076e-02	   2.2700843305230517e-01	   5.3341956519038496e-02	   6.8059743945681239e-01	   4.3588602289060352e-01	   6.4094996344761235e-01	   3.6913077605081562e-01	   2.3176427406063055e-01	   1.2755562689699473e-01	  -5.1017154913364868e-03	  -8.1782400625820428e-02	  -1.4580129129580463e-01	   7.5705379387240437e-02	   1.9494082243996311e-01	   2.3259890923673232e-01	   1.9171365807018323e-01	   1.4744035981567538e-01	   4.6998749896666754e-02	  -4.1871037879136061e-03	
   8.9541675426777456e-01	   6.7195564411298336e-01	   3.2724873922449244e-01	   1.8378957938694801e-01	   2.6797072313755227e-01	   2.1390731590637824e-01	   6.0179751157448946e-01	   3.5395870652692124e-01	   4.3422995604152154e-01	   2.6717574903665314e-01	   0.0000000000000000e+00	   6.1269445027032643e-01	   1.0057760699959584e+00	   4.9178797826384030e-01	   7.0509503874590873e-01	   4.5638426376828661e-01	   6.3556877502207398e-01	   4.1690042431995011e-01	   4.9674747976338185e-01	   5.9553775614332560e-01	   1.8234121707791279e-01	   2.5373443454929218e-01	   5.9782892985580449e-01	   5.9348161004943434e-01	   1.0473514531645041e-01	   3.6153849685975153e-02	   1.5064435994378544e-01	   1.7700239451585381e-01	   5.2006718319710310e-01	   5.0269027199065408e-01	   3.6886927594863078e-01	   3.7161436122833491e-01	   2.9426227210091999e-01	   3.5177152773482617e-01	   2.0697363571873895e-02	   6.3307405473641026e-02	  -1.7329820128553081e-01	   2.0391009648533609e-01	  -5.9059614426477378e-02	   7.0004656532652226e-02	   9.8597521286317047e-02	   3.8866451708154104e-01	   1.6250344259569949e-01	   2.3917482585488570e-01	   2.7032251978454008e-01	   1.5603789696791404e-01	   2.2520654164148465e-01	   2.3864206389788886e-01	   2.8730718826698182e-01	   3.0945211406125106e-01	   2.0879230993165951e-01	   3.5165812816908726e-01	   1.8738165254907052e-01	   3.5767150102764594e-01	   8.2847144186362923e-02	   2.0825998522727301e-01	   4.6152843990472175e-01	   4.1500644706940182e-01	   2.3109690503345809e-01	   2.0500063696237689e-01	   1.9025960700358727e-01	   1.8061939833242244e-01	   4.4478626637632401e-01	   3.6414906754742582e-01	   1.7410370447605589e-01	   1.4719531589350995e-01	   5.4220245983556660e-02	   1.4064003098030228e-01	   3.1942529736917719e-02	   1.8757074240498425e-01	   5.2985902461051082e-01	   4.2411010193294291e-01	   7.0147195910206395e-01	   4.0085113862404659e-01	   6.4002711693617209e-01	   5.6737527653192710e-01	   3.8454848130251701e-01	   8.6522814273524651e-02	   4.6551115028030643e-01	   3.3142495075639988e-01	   5.9330794853513924e-01	   6.4205531211227251e-01	   5.1618330640892907e-01	   4.8345580633742902e-01	   5.5579624267008199e-01	   4.0192295381965726e-01	   2.0062190851392322e-01	   1.5237256751935035e-01	   3.0490912106476276e-01	   2.6633462166814165e-01	   2.9352353603102616e-01	   4.1221070162992468e-01	   1.3641634128638255e-01	   2.3852207563114075e-01	  -1.2995153784340710e-01	  -6.7371744676632386e-02	   6.2182672212789732e-02	   1.1398074442034517e-01	   2.2396416795742022e-01	   3.8518450479461941e-01	   2.0680375460479933e-01	   2.9348117894599379e-01	   3.5226114744500836e-01	   2.4807152873444105e-01	   1.6205993722906772e-01	   8.2172136424512529e-02	   1.6320754846333052e-01	   2.0076493525540731e-01	  -1.3287691180605196e-01	   3.2031424189357988e-01	   3.5684704398583222e-01	   2.9255055653913681e-01	   3.0611022707509322e-01	   2.8669226302633538e-01	   3.0517115745299478e-01	   1.0153240340790853e-02	
   6.0163237358119348e-01	   4.7569859596556208e-01	  -1.3805061153751005e-02	   4.3857778232745581e-01	   2.9541514956971898e-01	   5.2118827008418334e-01	   2.2487318987743635e-01	   7.5817916001497310e-01	   2.5717800276951186e-01	   4.2408468658096821e-01	   6.1269445027032643e-01	   0.0000000000000000e+00	   3.6843205076689767e-01	   8.8203535661895827e-01	   2.6048860949932962e-01	   8.0206905447488375e-01	   4.0054966483397736e-01	   3.7885106555076720e-01	   9.6316595474213854e-02	   2.4856411482098839e-01	   2.7833396527262266e-01	   3.6253831919011870e-01	   1.7825374328655133e-01	   5.8632295549259217e-01	  -1.3094728226658742e-02	   6.1786812294297243e-02	   8.5742642965637925e-02	   1.7732419753478276e-01	   3.5303025946913319e-01	   4.4129351560569441e-01	   3.0269223666023387e-01	   4.4511993993749421e-01	   1.4874397094721584e-01	   2.9576267329205075e-01	  -1.5021212366581799e-01	   1.4715281004422753e-01	  -2.5567018971801109e-01	   2.9405827568672782e-01	  -6.7370683687864794e-02	   1.4601902674647371e-01	   2.4452559514339664e-01	   4.4734635542185719e-01	   1.9615379326485399e-01	   2.4574889533006514e-01	   3.1038917528067511e-01	   3.8737658221324756e-01	   1.5594440111737826e-01	   2.7574394282605413e-01	   3.3212644352827547e-01	   5.5162494675326013e-01	   2.1406222028416694e-01	   5.1770440419650399e-01	   1.3805822954709016e-01	   2.8944074084906152e-01	   7.8825793005239939e-02	   1.4160927297976988e-01	   2.6094382911891356e-01	   2.2047949434131839e-01	   2.5721439954645592e-01	   3.3456485470687619e-01	   2.2563877358578671e-01	   6.5030787823366354e-01	   2.3387406421086243e-01	   7.8098965038388668e-01	  -8.2849726482183722e-02	   4.4483874718020344e-01	   7.2727780123748156e-02	   3.1952281475487054e-01	   4.8738931558153911e-02	   1.9499102732047821e-01	   4.2401170693482826e-01	   3.9446254888101007e-01	   5.7546107921967771e-01	   4.1978769821306056e-01	   5.7440291212416605e-01	   6.6050755696272867e-01	   2.6197983204125236e-01	   3.4815165928740663e-02	   2.7313172500507121e-01	   1.6171538792892340e-01	   4.7001673861429893e-01	   4.9461608189218337e-01	   4.1763403412330191e-01	   4.7717014099171595e-01	   2.8506770229566386e-01	   4.9937289828728409e-01	  -1.6750261387007914e-01	   6.3531849977326763e-02	   1.5049956679169738e-01	   1.9439967306621070e-01	   2.4128645571847668e-01	   1.3839569480292996e-01	   1.3956502867321349e-01	  -1.1179748950592694e-01	  -1.3935203281928119e-01	  -3.0531401473552301e-02	  -7.9348762511657345e-03	   9.3029233096551339e-02	   2.1964640364314184e-01	   1.0097750703661783e-01	   2.8436052965690217e-01	   5.8266861904229840e-03	   2.1584688353073678e-01	   5.1839879992568821e-05	   1.9763759676909437e-01	   9.8723242882607740e-02	   2.0527092344020093e-01	  -1.3674242340918659e-02	  -3.5424410757765867e-01	   3.3468229989344950e-01	   2.9115183874203188e-01	   3.1267246533830662e-01	   2.4928062623297037e-01	   2.4076865117004384e-01	   1.6760681119171100e-01	  -1.4549787312673274e-01	
   6.3444160467144450e-01	   3.6285940144037432e-01	   4.4498360242538815e-01	   7.9493130704250334e-02	   3.1919749862576613e-01	   1.2368666451251101e-01	   5.2072422034173982e-01	   1.3864361405200590e-01	   6.4919992792440540e-01	   1.9277402349389552e-01	   1.0057760699959584e+00	   3.6843205076689767e-01	   0.0000000000000000e+00	   5.5771269874392404e-01	   9.7799279475215040e-01	   5.4237216991468562e-01	   2.4102370781569771e-01	   8.1782963537664261e-02	   5.0137789493930196e-01	   4.2205147134861665e-01	  -4.1475302334324018e-02	   5.3091883223752530e-02	   6.1937615264121859e-01	   4.9328899501519918e-01	   2.7127107976229597e-01	   2.7341997839779109e-01	   3.8499118175692609e-01	   4.7289731971242943e-01	   3.7593063141676869e-01	   4.1956605511084760e-01	   1.9659718260175046e-01	   2.0809665690860074e-01	   2.1435463341220642e-01	   2.3532229215498396e-01	   3.6403669868671246e-01	   3.7695547335661816e-01	   4.6799956666725658e-02	   2.1752211638467306e-01	  -9.8925784401884778e-02	   5.1227068619501513e-02	  -1.2120738712692453e-01	   2.2679653616555087e-01	   2.3601931048427449e-01	   3.0455701137520935e-01	   2.0899649749814578e-01	   1.5073496517447144e-01	   2.8875211163243003e-01	   2.4773082040555328e-01	   2.9782372843112481e-01	   2.4891522271825800e-01	   3.4099817515311831e-01	   2.6333533558542582e-01	   2.6903128778122054e-01	   3.1717020065975754e-01	   3.1007842934047447e-01	   3.5193049815640948e-01	   1.9406231429855625e-01	   8.4140357777582261e-02	   4.2377799731419963e-01	   2.4068675545987117e-01	   3.4021168948834818e-01	   6.5706757838734461e-02	   2.4842283067843693e-01	   2.2582453507005353e-03	   3.7417176927174833e-01	   1.0855144337751038e-01	   1.2186581171934338e-01	   1.5978949450121174e-01	   4.2526907932019693e-02	   1.9122859496568520e-01	   2.3444500029492116e-01	   2.4976431371307967e-01	   5.4321720044400412e-01	   3.3008055949008575e-01	   2.6776710273547272e-01	   2.6094265001700628e-01	   4.8310554837794983e-01	   3.3277846125227295e-01	   1.6323880373689348e-01	   1.8090114985751829e-01	   3.3114847815201981e-01	   2.6966513946115755e-01	   3.1870099503523897e-01	   2.3582618960442681e-01	   5.7002631358092604e-01	   3.3568633002299586e-01	   4.2534469436257927e-01	   1.6550448103318416e-01	   3.2202632936949827e-01	   3.5026777680715826e-01	   3.3385991325347786e-01	   4.6602613699919410e-01	   1.6439004578848715e-01	   4.0138485336750362e-01	  -2.0391802129596980e-02	  -2.4371397049851168e-02	   2.5981393753316440e-01	   2.5601841089422883e-01	   2.8448041840063831e-01	   4.8265403865473550e-01	   1.1210167431540211e-01	   3.4173880168662885e-01	   2.9616644946504389e-01	   2.9185755218549048e-01	   7.7646095855574707e-02	   9.6155245838739536e-02	   2.3141005728609229e-01	   3.6331004686599422e-01	  -3.6375621489323204e-02	   3.0586115960839233e-01	   4.0693148578921745e-01	   1.6588168922260746e-01	   2.7121901206512899e-01	   1.9697781741833259e-01	   3.3839163816345436e-01	   1.2034540033737681e-01	
