   0.0000000000000000e+00	   1.3217970459759751e+00	   6.9641692166395808e-01	   9.2537444233519395e-01	   4.6963491460988427e-01	   5.7355755407369757e-01	   7.0843001203938138e-01	   9.6067897138381786e-01	   2.8682754789273968e-01	   5.1874734523569777e-01	   9.7761225167835653e-01	   9.8762988496038762e-01	   5.1620062471868278e-01	   6.7565398789206654e-01	   6.9307095985101497e-01	   7.3820164291397905e-01	   7.7930086707874391e-01	   5.3998483630466465e-01	   1.1996832761885043e+00	   1.0595892496365382e+00	   6.5095774748445145e-01	   6.3192001945455423e-01	   5.9857766120729861e-01	   6.2960031440319164e-01	   3.2213039585189929e-01	   3.4803652381298072e-01	   3.6261101073368185e-01	   5.2715968466122243e-01	   8.5657476478842265e-01	   1.0336907633170080e+00	   5.7211204924776515e-01	   5.5570952279293750e-01	   1.0711717055640120e+00	   1.1190413915440198e+00	   2.8102310728884616e-01	   3.2507638692144220e-01	   4.0783128225076126e-01	   4.1431682754791188e-01	   2.3740098988665884e-01	   6.1153841514076523e-01	   6.9247798494306712e-01	   6.1612851370901167e-01	   3.1151779834662363e-01	   2.1445702094544472e-01	   3.3834473193004749e-01	   3.9859778708453197e-01	   4.3003085929036022e-01	   3.4240459961917852e-01	   6.2407539545650459e-01	   5.2161924519969582e-01	   6.8600971688676393e-01	   5.7805841275158520e-01	   7.2397662336431834e-01	   3.0494625889342863e-01	   6.3279875692870391e-01	   6.3026511911451621e-01	   1.2265598325691978e+00	   1.0771597634009091e+00	   8.9461090868706394e-01	   7.9642445589547239e-01	   9.8190920825731143e-01	   7.9463814328085713e-01	   8.9110669874676418e-01	   1.0296724375533184e+00	   5.4490330758498506e-01	   4.6886675094348984e-01	   5.7159915364720992e-01	   6.6125129897832458e-01	   7.5475452664053910e-01	   7.8037435093007579e-01	   3.7187626113367772e-01	   4.1000454726932772e-01	   7.1563422650327702e-01	   7.4679978514109679e-01	   6.9731261714363335e-01	   6.8711436673560711e-01	   3.4118695820587741e-01	   2.9285845658051701e-01	   8.3271385939530584e-01	   6.3395883586666335e-01	   9.2469914755169880e-01	   7.7540234923554574e-01	   6.7150915955236790e-01	   9.1014833288594599e-01	   9.7845906081429279e-01	   8.5090080806396895e-01	   1.9679769836040281e-01	   5.2731043703451608e-01	   7.6854977594543150e-01	   7.3263868018766709e-01	   9.8859769678369458e-02	   4.5589119562315233e-02	   1.8614687211487166e-01	   4.4600323252129204e-02	   2.2952851602636820e-01	   4.1855999206596528e-01	   3.5460800129665637e-01	   6.9054641751033319e-01	   3.0464218872684695e-01	   4.9160859743950702e-01	  -1.9034901629287870e-01	   1.9558600430735984e-01	  -1.3663012768726068e-01	   2.6531090922619516e-01	   3.9189566126951033e-03	   2.0096122017450313e-01	  -4.7261449465311592e-02	   1.7927839020491546e-01	   4.3937586401275583e-02	   3.6147201526978223e-01	   3.4274658573522004e-01	   3.6992367648115881e-01	   3.1205645579393271e-01	   3.5600047110204830e-01	   8.5948551484423333e-02	  -3.1245779722512655e-04	
   1.3217970459759751e+00	   0.0000000000000000e+00	   6.1606345634879023e-01	   1.0661753850246130e+00	   5.5546573832218327e-01	   6.9426061204674028e-01	   6.2424531671086780e-01	   9.0038549518868871e-01	   3.0077794149092907e-01	   4.7958282386782869e-01	   7.6640097689390185e-01	   9.3367529303860142e-01	   4.1997091930185160e-01	   6.5413931310645757e-01	   5.7187063837792684e-01	   6.3890202420474274e-01	   9.6034941352083747e-01	   6.6168408291753744e-01	   1.2547792686277024e+00	   1.2862156106683451e+00	   7.2510060534938625e-01	   6.9432380337138722e-01	   5.2348556794781376e-01	   6.2358505536162134e-01	   3.7780794384614158e-01	   3.8401327811854080e-01	   4.0247522626050458e-01	   5.6068029751807347e-01	   8.3839926131047027e-01	   9.0714783401788379e-01	   5.7943557240576737e-01	   5.3167547690119510e-01	   9.5020270887512903e-01	   1.0569658507964990e+00	   2.8935752034685480e-01	   3.4954432683359127e-01	   3.8212443390337508e-01	   4.5458553916768962e-01	   2.8998203836606296e-01	   6.1066440932559551e-01	   5.9977335809215149e-01	   5.7534799651953195e-01	   3.5802366012163844e-01	   2.7934265966897731e-01	   3.9221981363339242e-01	   4.6763212884381122e-01	   4.3900152335779818e-01	   3.9399308480624340e-01	   5.8541569397012738e-01	   5.5844590231339586e-01	   6.4962638493941771e-01	   5.9659469806005372e-01	   6.8583162091348304e-01	   3.8329515695428573e-01	   7.0351255314975114e-01	   6.7935685238929744e-01	   1.2633661000160361e+00	   1.5805388664610083e+00	   8.0261287564986372e-01	   7.9977410586979913e-01	   8.1126503184402965e-01	   7.9319952900865498e-01	   9.2496839317560131e-01	   1.1402008040650173e+00	   5.8158826312148182e-01	   4.6086448825597459e-01	   6.0018149089236883e-01	   7.0770286411917482e-01	   7.7256832067700965e-01	   8.3604946889961906e-01	   4.1150341134749679e-01	   4.8179939420648299e-01	   7.8340014101697775e-01	   8.0873979367573789e-01	   7.2713378263437556e-01	   7.5064008359327272e-01	   3.5118362302400369e-01	   3.7516822096449981e-01	   9.4825168199364140e-01	   7.1731767442542860e-01	   1.0705882688323771e+00	   8.1535227915564656e-01	   7.1444563130944339e-01	   8.3134111474982442e-01	   1.0504209734565932e+00	   9.2037449040203234e-01	   2.7517981771446010e-01	   5.0055914707535010e-01	   7.5166816148075311e-01	   7.4202629603067860e-01	   1.1229660125653219e-01	   7.4207026161368581e-02	   1.4737964597999623e-01	   1.0515705206371726e-03	   2.8478594961578707e-01	   4.0801255409159914e-01	   4.6708306700754271e-01	   6.2833081527466317e-01	   3.9877168324075685e-01	   5.0878378598242080e-01	  -2.6092158895555229e-01	   1.4725342923698587e-01	  -1.8328872754001668e-01	   1.8658425936273360e-01	   6.1819284811258444e-02	   2.2230926419990471e-01	   7.9325824755067900e-02	   2.1026244978930675e-01	   1.2516142344728168e-01	   3.8123787547367161e-01	   3.5533545955981294e-01	   4.0949248433395091e-01	   2.7762147777177992e-01	   2.7177297878591450e-01	   3.2919225420050172e-02	  -1.0352060833528104e-02	
   6.9641692166395808e-01	   6.1606345634879023e-01	   0.0000000000000000e+00	   9.3804181883852888e-01	   7.2169873727355016e-01	   5.4936375670412241e-01	   1.5157579415886890e+00	   8.4009778518284450e-01	   4.3910843345695227e-01	   5.8551605155469510e-01	   6.3822538719638044e-01	   3.2123269351753025e-01	   4.5279414241615296e-01	   2.6990165454820342e-01	   7.0838791644868593e-01	   6.8311841994507194e-01	   2.9238736248935232e-01	   7.7599519270592165e-02	   9.8551759094706270e-01	   7.2978458626538556e-01	   7.0829350514155065e-01	   6.8362146272648960e-01	   1.4373792530648608e+00	   1.1285892194772171e+00	   6.3197135092970969e-01	   6.6056517467191433e-01	   5.0561367541337021e-01	   5.9642381676523881e-01	   4.7196145200195094e-01	   6.6723547268232708e-01	   8.1083592040968000e-01	   8.5219506637579179e-01	   7.9493699681659702e-01	   7.0980593546842763e-01	   8.5518740785471803e-01	   8.0834829631763583e-01	   4.4189250953142600e-01	   4.3748314659393828e-01	   1.5496632597625704e-01	   3.6798047956481761e-01	   7.1698646075999084e-01	   3.6608661718167634e-01	   6.7226308394798107e-01	   5.6289160124089199e-01	   5.6634429387531693e-01	   6.1057023008358646e-01	   6.4497889670257602e-01	   5.9937596568131246e-01	   7.9177893513438069e-01	   6.6521649725203191e-01	   9.9447426086501745e-01	   5.5672918340932498e-01	   8.8201542972455371e-01	   4.5083523416233123e-01	   6.0788207139128936e-01	   5.2256051972562356e-01	   4.6279748423175671e-01	   5.0965617228651050e-01	   7.0777451740542452e-01	   4.8723336790829291e-01	   8.3345525318370639e-01	   5.3971006346383299e-01	   4.7329620388144328e-01	   4.7077431930122554e-01	   9.1952356072250074e-01	   4.1248024376590159e-01	   8.5887338359028875e-01	   7.7300092041187685e-01	   4.1456314526075916e-01	   5.2775247064806696e-01	   4.2521749062770237e-01	   5.1985858262302642e-01	   5.8934470593632404e-01	   5.9427656588976152e-01	   7.1267566194692977e-01	   5.8574540696790556e-01	   6.8086384336526962e-01	   5.5426017639529113e-01	   3.1985738542157005e-01	   2.6132350862075887e-01	   3.8496655068051427e-01	   3.5316847679195995e-01	   4.2830565209088822e-01	   6.5737302770935135e-01	   8.3137953430566236e-01	   5.3504942841818404e-01	   1.7193883689253464e-01	   4.7297758073894142e-01	   7.6371269904215400e-01	   6.3662460301238899e-01	   1.2716820073899146e-01	   1.9713674625801475e-01	   1.7598590016134924e-01	   1.7354124510122956e-01	   2.4160806294068807e-01	   3.8311683230417143e-01	   3.5214921646820002e-01	   5.9128848946451906e-01	   2.6817596531045618e-01	   5.0369880943165035e-01	  -1.6063691267467259e-01	   2.2378195021726732e-01	  -5.7597968956254283e-02	   3.1676120429347088e-01	   2.8201271999922639e-01	   4.0649520690918656e-01	  -1.3431457967455052e-01	   2.2116226094073804e-01	   1.1094757466406399e-01	   3.8766279320384667e-01	   5.2204384716371677e-01	   4.3097559261015800e-01	   4.2493692938243854e-01	   5.1793469857426944e-01	   4.0059478999730747e-01	  -9.9595599618569480e-02	
   9.2537444233519395e-01	   1.0661753850246130e+00	   9.3804181883852888e-01	   0.0000000000000000e+00	   8.3348143961078769e-01	   9.7722872959117324e-01	   9.7714229224681992e-01	   1.2695540521128033e+00	   4.0698860735406311e-01	   6.4656363420423857e-01	   7.3852126545286279e-01	   6.5325856227981016e-01	   4.6453473447702015e-01	   5.8101368188255198e-01	   6.5400850803824739e-01	   7.4951646036398756e-01	   6.7300240664067457e-01	   4.3223339754213025e-01	   1.1337545266385445e+00	   1.1712767326596263e+00	   9.2617124053745126e-01	   8.8012611836833743e-01	   9.0713404653154017e-01	   1.1286708365191362e+00	   7.3776420607171977e-01	   8.1992279303087534e-01	   6.0666583940097085e-01	   7.5123734905678474e-01	   7.4777034573492251e-01	   8.1341877821548603e-01	   9.9122409993818206e-01	   9.1098522297983653e-01	   8.9358510496361210e-01	   1.0092950796529374e+00	   5.5373582726173431e-01	   6.8570618408361694e-01	   3.3486870940156904e-01	   6.3404001276273392e-01	   3.3848925410409214e-01	   7.0114036600825924e-01	   5.6682062913061870e-01	   4.3765365394129330e-01	   4.5921848230549800e-01	   3.8268730082729785e-01	   4.3533058306750699e-01	   5.6863275106259514e-01	   5.8264475176135566e-01	   5.0662049299155831e-01	   6.2972979274887653e-01	   6.8134067823637345e-01	   8.6498231890592570e-01	   7.3409155346290933e-01	   8.1015722116051558e-01	   4.9800387432567950e-01	   7.9236258372050850e-01	   7.4758260266761078e-01	   7.4209739034056821e-01	   9.5327987832465144e-01	   6.9235399985835411e-01	   7.7423958797718406e-01	   7.6551681902238000e-01	   8.4140043192517355e-01	   8.1505095203987321e-01	   1.0005518614675488e+00	   7.9367478656540946e-01	   6.4081520578565687e-01	   6.9870279808065516e-01	   8.7928137967774733e-01	   5.9690936207338974e-01	   7.5043572555491311e-01	   4.9173253029607811e-01	   6.7988149133289244e-01	   6.8388867277572629e-01	   7.8863866747982070e-01	   7.7118358610110282e-01	   7.6594054525080824e-01	   4.9059219788667568e-01	   5.8891406664801771e-01	   6.5332814640355963e-01	   5.9355375296031132e-01	   8.1148427683333846e-01	   6.6708071354326237e-01	   7.7978436593408562e-01	   7.6507721954817121e-01	   1.0997801965457841e+00	   1.0638417106032281e+00	   3.1951675559749854e-01	   5.3364387139974245e-01	   8.1592487654858548e-01	   9.1406899516701434e-01	   1.6740068708578443e-01	   1.3547629950120610e-01	   2.8780332758799626e-01	   1.0973022280368350e-01	   3.1923544362180983e-01	   4.0752172423179794e-01	   5.3487717476593177e-01	   6.1038651918902742e-01	   4.3491525844445744e-01	   5.2459795855497482e-01	  -1.3703739785516372e-01	   1.1415397331077995e-01	  -1.7250813202551665e-01	   1.2774449328023232e-01	   1.9261194805552900e-01	   3.4666755801511795e-01	   3.3015689407660760e-02	   1.6211544063987141e-01	   3.8980984119635721e-02	   4.7012329329432367e-01	   3.9862905706310509e-01	   3.9276598281968111e-01	   3.4204393102336739e-01	   3.9491368407371552e-01	   1.8702831363884836e-01	  -1.6273838464283702e-01	
   4.6963491460988427e-01	   5.5546573832218327e-01	   7.2169873727355016e-01	   8.3348143961078769e-01	   0.0000000000000000e+00	   1.0229206003379168e+00	   7.4802728925067496e-01	   6.6246148642282121e-01	   7.8475263009593021e-01	   4.9713499249025916e-01	   4.9733747276474716e-01	   3.5197270514551765e-01	   3.7715943514610123e-01	   2.7003553754699494e-01	   7.1498479687306160e-01	   6.9227735873086615e-01	   3.3262282797750614e-01	   1.6106974921034448e-01	   6.8250942463825393e-01	   6.7648375361249291e-01	   1.0762793129304415e+00	   9.5432180480485107e-01	   6.2677067534183839e-01	   6.3581953410830849e-01	   8.2045582344267487e-01	   6.2789001432921332e-01	   1.1410623014008525e+00	   1.1143075326868126e+00	   5.2301446533849338e-01	   5.2428707699361865e-01	   6.5299515870302605e-01	   4.2951896232782438e-01	   4.8210373171936777e-01	   4.7237272153888771e-01	   4.1039045518105499e-01	   3.6610557468295807e-01	   2.3085782956279657e-01	   6.0456834604515786e-01	   2.4031567216745336e-01	   5.7270227034264476e-01	   5.0433707937689198e-01	   3.0035756702302019e-01	   3.6366217115229849e-01	   2.9211004255765649e-01	   3.3771457560324908e-01	   4.1592776440292717e-01	   5.5669357502843497e-01	   4.5011681132917114e-01	   4.9334869464633418e-01	   6.4916744716801977e-01	   7.8352867027069728e-01	   6.6822104351110923e-01	   8.3107400165409562e-01	   6.7467464281895806e-01	   8.1651222918389521e-01	   9.7824921587390212e-01	   3.8229131234099184e-01	   4.5804342265507181e-01	   5.1883618580621738e-01	   6.2179446376623493e-01	   5.5896924343294752e-01	   5.9461642413910554e-01	   4.5165640892177195e-01	   4.7008244410128935e-01	   5.4915127567298772e-01	   2.2259204604372551e-01	   5.9255639641357782e-01	   5.6301861777725071e-01	   5.8235513862761912e-01	   5.4088539975312622e-01	   3.9775821217898388e-01	   4.5344908034546710e-01	   6.2793523210602864e-01	   5.9874591194505178e-01	   6.9301128687416069e-01	   4.9980165076499278e-01	   3.2088846781503888e-01	   4.3199868321074225e-01	   3.5302988826856396e-01	   2.2763016756802285e-01	   4.1608017738748598e-01	   3.4643711504631414e-01	   6.9880194680310093e-01	   6.5787895655918116e-01	   7.3206670997179035e-01	   7.7728564387703625e-01	   3.9830966693915359e-01	   6.2737444264300124e-01	   7.3552378901870175e-01	   1.0502298624719062e+00	   2.6690764066015471e-01	   3.5026367335296432e-01	   2.5929870736780247e-01	   2.0783119454578208e-01	   5.8574302603601358e-01	   5.3828016823419844e-01	   6.1798705133145670e-01	   5.6945429502836997e-01	   5.4836434998523265e-01	   6.3650227477687937e-01	  -2.1169154698447315e-01	   1.5220481994307314e-01	  -1.0988082794743781e-01	   1.2640330915624129e-01	   5.1861123553242439e-01	   4.4668845139418906e-01	   3.1251239070541176e-01	   3.4967580935923354e-01	   3.4093731210899930e-01	   6.1161351073020520e-01	   3.1312215143120936e-01	   4.7878879550623388e-01	   3.5027324043073943e-01	   3.3997155592676326e-01	   2.1608834949025130e-01	   3.0004645871213209e-02	
   5.7355755407369757e-01	   6.9426061204674028e-01	   5.4936375670412241e-01	   9.7722872959117324e-01	   1.0229206003379168e+00	   0.0000000000000000e+00	   6.0145613805165077e-01	   7.2017968915375663e-01	   6.5077831890287219e-01	   6.8387383012164071e-01	   5.0580114127643483e-01	   5.0054742935837926e-01	   4.2110726560908324e-01	   4.5010315324068340e-01	   5.3262787744709483e-01	   7.3702675946937601e-01	   6.3419719940337904e-01	   4.1965046886121837e-01	   6.6097601347093149e-01	   6.8372922821302662e-01	   1.1094042314088108e+00	   1.0764076559073974e+00	   4.9822016062989449e-01	   6.6138061521633629e-01	   7.4459551937089241e-01	   7.3819767763791044e-01	   9.4307887015200065e-01	   1.1522322827857125e+00	   5.5461219447720778e-01	   5.0755470398736235e-01	   6.5635610056019145e-01	   4.8745812205284955e-01	   5.6381369325633224e-01	   5.8876393354503576e-01	   2.8585744916314809e-01	   3.0369910295002817e-01	   2.0262846750565094e-01	   6.2976197537238887e-01	   3.3887713917772749e-01	   7.0854008151509440e-01	   4.1826266477491553e-01	   4.0612971362653416e-01	   2.0266917081837585e-01	   1.7751934351141338e-01	   2.1079290948339352e-01	   3.1368470638439022e-01	   3.8855377703601190e-01	   3.0960594914722150e-01	   3.5708867012266998e-01	   4.9887192864930963e-01	   6.5597938225457797e-01	   5.6610246987963353e-01	   7.1901822026684270e-01	   4.1052459440121158e-01	   8.3088957095658700e-01	   7.9347103362260485e-01	   5.8615474754879926e-01	   6.2155159654582814e-01	   5.2937526830748605e-01	   6.0123439562861003e-01	   5.8370377555336039e-01	   6.3966768646959304e-01	   7.0713368136241450e-01	   6.6750820225097018e-01	   6.1335789739267499e-01	   4.4470073723912806e-01	   4.6496291165219500e-01	   4.9317739511180231e-01	   5.0725025089077602e-01	   4.5216014571973512e-01	   4.7734454803872017e-01	   5.4203362473095495e-01	   6.5923867666017877e-01	   6.8472365727593476e-01	   7.1237991791391009e-01	   6.1935804070903999e-01	   2.3061380501561812e-01	   2.6054072873598666e-01	   5.9263342469120128e-01	   4.8804792004098491e-01	   6.8325166869192744e-01	   6.3008622595516273e-01	   7.5237593331110797e-01	   6.3442060260077160e-01	   8.1337102893784186e-01	   1.0495928622076667e+00	   4.7126283285760640e-01	   5.2817501245305898e-01	   7.0299851307858052e-01	   1.0363178337829293e+00	   2.1216523389696323e-01	   1.9532865067365121e-01	   2.3146304779782345e-01	   1.1205100067512808e-01	   4.9355673651739729e-01	   4.9077173236217764e-01	   5.8716752122262250e-01	   5.5845701400220615e-01	   4.5849931186459847e-01	   4.6423902437658993e-01	  -2.5944635471178201e-01	   2.1398669793888110e-02	  -2.0804878762652379e-01	   1.5986885511852624e-03	   3.4595641562086665e-01	   3.4213588452993815e-01	   3.1712939031515974e-01	   2.6145457619627388e-01	   2.0577375536499215e-01	   5.1565900120028851e-01	   2.1315794381798503e-01	   3.1713374694315744e-01	   1.5113333990345024e-01	   1.4779316438375278e-01	  -1.1273857892404302e-03	  -5.2267515691243729e-02	
   7.0843001203938138e-01	   6.2424531671086780e-01	   1.5157579415886890e+00	   9.7714229224681992e-01	   7.4802728925067496e-01	   6.0145613805165077e-01	   0.0000000000000000e+00	   9.7666216212698698e-01	   5.0280418739154586e-01	   5.9398023445195036e-01	   6.7320238095155205e-01	   4.5989079419757506e-01	   5.3845967147213014e-01	   4.1404413089811432e-01	   6.1504967889205631e-01	   6.8049604187395130e-01	   3.6944347005293321e-01	   1.5935946401000872e-01	   9.5524885337336951e-01	   8.0090921165002071e-01	   7.4614915368223111e-01	   7.3797305323437212e-01	   1.2066053395137215e+00	   9.8073575806066859e-01	   6.0658618258205410e-01	   6.3693535856357053e-01	   4.7672967267117700e-01	   5.6290132411263849e-01	   5.4713384139866017e-01	   6.5762386346440882e-01	   9.2757341260634008e-01	   8.7702993308663124e-01	   9.1697661928669827e-01	   8.3143812730471522e-01	   6.9941430574880548e-01	   6.9624051413062638e-01	   3.6015734681666628e-01	   3.8256975931302128e-01	   1.6272233915543863e-01	   3.7517253034205045e-01	   6.4152386878913070e-01	   3.9694873521541851e-01	   6.8202753229266855e-01	   5.5301072187553479e-01	   5.6678007258947771e-01	   6.7081752493248969e-01	   5.8401861630199770e-01	   5.6142639562429575e-01	   7.3109441402584929e-01	   7.2257448854283002e-01	   9.0765068397613868e-01	   6.0235138010296740e-01	   8.3420451432251808e-01	   4.4655857832856405e-01	   5.4508359776776760e-01	   5.1044550824091406e-01	   5.0113158202646990e-01	   4.8963822316539463e-01	   6.2060782957444149e-01	   4.7126532970570179e-01	   8.5385211830824792e-01	   6.8265602526252145e-01	   6.1695207743949343e-01	   6.4815084038188830e-01	   9.1443553493925067e-01	   4.6116642673153707e-01	   7.9598161509060428e-01	   8.1280357669259740e-01	   4.9715831978802838e-01	   6.1773247013888877e-01	   3.5196419375889032e-01	   5.5647165504103602e-01	   5.7565597356378473e-01	   5.9040032551871824e-01	   6.6715861907498120e-01	   5.8561006902459978e-01	   5.7154672688791619e-01	   5.3414605564593287e-01	   4.0092348452053950e-01	   2.7063785698878007e-01	   4.6054058816785770e-01	   3.9037171471133225e-01	   5.1750925538953507e-01	   6.6369432491990266e-01	   7.8928022198874115e-01	   5.8003439317276517e-01	   1.5907627653242817e-01	   4.1114922338879456e-01	   6.0644922026400261e-01	   6.3423262113056511e-01	   9.9413039722878058e-02	   2.0337076646291169e-01	   1.7471878018459680e-01	   1.0836550134988582e-01	   3.1656594601654059e-01	   4.2421179109694124e-01	   3.2885903973114006e-01	   5.6637121473666607e-01	   2.3292998495144995e-01	   4.8821306690815836e-01	  -1.8884753131533033e-01	   1.7812352224071779e-01	  -8.8797705069181526e-02	   2.8678444598842417e-01	   2.2094824526090479e-01	   3.8373530007824719e-01	  -1.0244076949404474e-01	   1.9104354140812527e-01	   1.3721758999747666e-01	   4.3981293934888499e-01	   4.9836307992696549e-01	   4.4797549824146576e-01	   3.8538010353679686e-01	   4.2979877577106723e-01	   3.3962103856935111e-01	  -7.5819599014923994e-02	
   9.6067897138381786e-01	   9.0038549518868871e-01	   8.4009778518284450e-01	   1.2695540521128033e+00	   6.6246148642282121e-01	   7.2017968915375663e-01	   9.7666216212698698e-01	   0.0000000000000000e+00	   3.9225756236277554e-01	   8.5849895143557786e-01	   6.7664219208784127e-01	   7.0670116975200237e-01	   3.9162469741407463e-01	   5.6349214707284778e-01	   6.0220594711725206e-01	   8.8093542544595915e-01	   5.9562476142056375e-01	   2.5840724386329827e-01	   1.1498250223765920e+00	   1.0109689961303545e+00	   7.0079643860440577e-01	   7.1512002924607121e-01	   7.6715389813159840e-01	   8.9637905807854090e-01	   4.4297885040541507e-01	   5.6354052457525861e-01	   3.5256418349590063e-01	   4.7878499393974511e-01	   7.5082017975075377e-01	   9.9957829199568182e-01	   6.8440438433011241e-01	   7.4885290080741929e-01	   9.1472489623540509e-01	   1.0033272030181000e+00	   4.2922534476309432e-01	   6.4111608927119634e-01	   3.4407373820458159e-01	   4.1955755761198044e-01	   1.0040372682543024e-01	   4.6293578092876903e-01	   5.4875886234353843e-01	   4.9574573719668746e-01	   4.7674289791044483e-01	   4.0695172462313850e-01	   4.3992883739844368e-01	   6.0175609269758523e-01	   5.4297237032824230e-01	   5.1707186359401613e-01	   6.5772766756417178e-01	   6.5707928186164233e-01	   7.5102102165650464e-01	   6.2290172695782320e-01	   7.9740834430891128e-01	   3.5865384278587603e-01	   5.8344112738275233e-01	   5.5004232454995550e-01	   6.9707673680307469e-01	   7.4672251790101551e-01	   7.0039245037795406e-01	   7.2775151640970692e-01	   8.7853547930996811e-01	   1.1670319279283721e+00	   6.5946907864633864e-01	   9.2455054582742391e-01	   6.3069164389216015e-01	   7.1477221731716511e-01	   6.7945852341682322e-01	   9.4588665471073829e-01	   6.7000254776824608e-01	   8.1388507314546354e-01	   3.1551209245189987e-01	   5.1044445788104642e-01	   6.4552158527326020e-01	   7.5680341199284273e-01	   6.8066087835094446e-01	   6.7605971441933832e-01	   4.4820702552721770e-01	   4.6994448090366026e-01	   5.5787909239885469e-01	   3.6820068597242372e-01	   7.1378269438284159e-01	   5.0037654804664911e-01	   5.7995954028454078e-01	   8.0704015633209958e-01	   9.5692051730776817e-01	   8.1765530282582877e-01	   1.7299137638249740e-01	   3.5991758112645617e-01	   7.0882848006870203e-01	   6.8624799407181913e-01	   1.8895507270987844e-01	   1.1799945454494654e-01	   2.8295897418764415e-01	   7.5002989000047982e-02	   3.3195570165636018e-01	   4.7809817585952347e-01	   4.4509465446400054e-01	   6.0684338018002093e-01	   3.4836051353423364e-01	   5.3868706653521825e-01	  -5.6506823213889425e-02	   2.3683647986652268e-01	  -5.8664870961664083e-02	   3.1145530203975097e-01	   1.3778414945988615e-01	   2.8898132075687921e-01	  -4.9330584081348723e-02	   1.6646884644901663e-01	   7.7436607603964924e-02	   4.5326570057098636e-01	   4.6524887949034910e-01	   4.3711273983326798e-01	   4.2203060331659381e-01	   4.8487651284676314e-01	   1.9102180618977019e-01	  -9.8861898591537198e-02	
   2.8682754789273968e-01	   3.0077794149092907e-01	   4.3910843345695227e-01	   4.0698860735406311e-01	   7.8475263009593021e-01	   6.5077831890287219e-01	   5.0280418739154586e-01	   3.9225756236277554e-01	   0.0000000000000000e+00	   5.6230771643418220e-01	   4.5744187178063345e-01	   2.9899946468142657e-01	   5.4493091500037649e-01	   2.7932798841833445e-01	   4.2024523913649259e-01	   4.9942331718192134e-01	   2.7101544689132390e-01	   2.7614776948244157e-01	   3.5570104739079705e-01	   2.8766838749579582e-01	   6.0907952035530988e-01	   5.8623010149378685e-01	   3.0441742968674529e-01	   3.0560756050201021e-01	   7.0153360219496486e-01	   5.7756413637843407e-01	   7.0172303523346802e-01	   6.1820847652570565e-01	   2.9409785060935445e-01	   2.6082800585201649e-01	   5.0384511655012143e-01	   2.2693342175523995e-01	   2.2744482177876227e-01	   2.4139477968039777e-01	   3.4917069814513862e-01	   1.9426901032923929e-01	   1.4908149023950865e-01	   4.1283860326281302e-01	   2.2169539804880309e-01	   3.6920629202468402e-01	   2.3613699486976988e-01	   1.9128646199611796e-01	   1.8009669222901434e-01	   9.3362094678391586e-02	   1.5675717113691989e-01	   1.5155098437435294e-01	   2.2672159078620810e-01	   1.4107579067087511e-01	   2.7387424373521946e-01	   3.4695628013663998e-01	   5.3137612354582764e-01	   4.1107658721243817e-01	   5.7700902617201577e-01	   4.9317269727123825e-01	   4.4231942416692172e-01	   5.1548115787666404e-01	   2.2631065918167292e-01	   1.8970549930858321e-01	   3.5649536691604894e-01	   3.3678799379223084e-01	   4.1708205167311330e-01	   4.1918155456951733e-01	   2.9136213029936558e-01	   2.3137631970336284e-01	   4.9231914213633959e-01	   3.4431350633437829e-01	   3.2196928180520329e-01	   2.0760576569431577e-01	   3.6334691520517554e-01	   2.6004121660580959e-01	   4.6385161055062785e-01	   5.2092164001509833e-01	   4.1587326187976692e-01	   4.5297948258605603e-01	   4.5803054465532167e-01	   4.1714722736507776e-01	   1.1022342775287004e-01	   1.4725196041777283e-01	   3.3004022449474146e-01	   2.8131162093357859e-01	   3.2361808999489422e-01	   4.3009174083843071e-01	   3.3753977074013852e-01	   2.6137923612382247e-01	   3.7506618237254230e-01	   5.8227833857135525e-01	   3.3233876992225098e-01	   2.7246124213479161e-01	   4.0880513937115237e-01	   7.0951949571276596e-01	   1.8114259484911638e-01	   2.8184946266818045e-01	   1.9546092328849060e-01	   2.3324083278973162e-01	   2.3894210754768647e-01	   2.2593834931568102e-01	   3.1073468222037876e-01	   2.5276650059666966e-01	   2.8819061983370492e-01	   2.7483900713945381e-01	  -2.4712714408557851e-01	   5.1688125123065523e-03	  -1.9781123552833935e-01	  -1.1628656448278406e-01	   3.0260997987068194e-01	   2.0583253976140672e-01	   2.8436141182692520e-01	   1.5234834539566122e-01	   6.3758923527912278e-02	   3.1656371174550241e-01	   1.1618615945619062e-01	   1.6519897750829102e-01	   7.3142121130815543e-02	   8.8685942528491657e-02	   4.3191650006570340e-02	  -8.5617387093143746e-02	
   5.1874734523569777e-01	   4.7958282386782869e-01	   5.8551605155469510e-01	   6.4656363420423857e-01	   4.9713499249025916e-01	   6.8387383012164071e-01	   5.9398023445195036e-01	   8.5849895143557786e-01	   5.6230771643418220e-01	   0.0000000000000000e+00	   4.5973093932265019e-01	   3.6677355979974707e-01	   3.5973505799616606e-01	   3.6051382409459382e-01	   3.5783702600493361e-01	   8.6035564774382312e-01	   4.0972340378271094e-01	   1.9517001500886569e-01	   5.8895070204574096e-01	   4.9037898202782815e-01	   6.0752434469055761e-01	   5.9316684054540880e-01	   5.1548345310369670e-01	   5.7849680076245946e-01	   4.5882026061592512e-01	   4.9170703805465094e-01	   3.4136486196424443e-01	   4.7055300411975504e-01	   3.8142843509344898e-01	   6.3426460582633992e-01	   4.4837604722331048e-01	   4.8467566490749325e-01	   4.5417761297544601e-01	   5.3270035794199311e-01	   4.5905617948048227e-01	   4.9135632984973299e-01	   2.7252522690871273e-01	   3.3345959758588439e-01	   7.5740408563552103e-02	   2.9705422559627198e-01	   3.0273760236013303e-01	   3.0493871477264772e-01	   2.1638023641397200e-01	   2.0843720060320869e-01	   2.4887645754366075e-01	   3.1759313984438742e-01	   3.2209997655803108e-01	   3.1436745147024647e-01	   3.7336328305788613e-01	   2.8762155480297535e-01	   5.8022488692987240e-01	   2.9753270235441887e-01	   5.7517165693941785e-01	   1.4203123611227839e-01	   4.6888089935232746e-01	   3.1936095295641737e-01	   4.2083906819477479e-01	   4.4824879324736844e-01	   5.6350759412994611e-01	   4.4996285882977094e-01	   7.4550391895271684e-01	   7.0597339417800520e-01	   4.6723443461156278e-01	   3.9918147360778683e-01	   6.3086019715852781e-01	   7.2266121822310814e-01	   4.4102357045584617e-01	   5.1728149187205019e-01	   2.8301140784892975e-01	   3.5224233529519522e-01	   3.6963381052257699e-01	   4.4915846275867916e-01	   4.3490960168472426e-01	   5.8056332853565373e-01	   4.5453401661486370e-01	   5.1296492541095218e-01	   1.9289919714418521e-01	   2.0787350669887070e-01	   3.7028625112148461e-01	   2.6278549150405861e-01	   4.7239084261826791e-01	   4.5094854648297378e-01	   2.5751044517660382e-01	   5.1008500545873536e-01	   6.5489579614564020e-01	   6.0520986548281130e-01	   1.8085450346696588e-01	   2.4555287191679043e-01	   5.7831329597640924e-01	   6.0287499642513520e-01	   1.1759624469062087e-01	   9.9166289696432500e-02	   1.7535750879032452e-01	   8.1063752181725665e-02	   2.5039001986230924e-01	   3.2302168885759952e-01	   3.4567502459114119e-01	   4.5696941508492833e-01	   1.8428378213537069e-01	   2.9221243421804888e-01	  -4.6684444284486183e-02	   1.1589551660813575e-01	  -1.5455480436729317e-02	   1.9034317881924190e-01	   1.2590440446059914e-01	   2.7348204079140132e-01	   4.3971580197951950e-03	   1.7353790132840771e-01	   7.5501708061846501e-02	   3.1364110311969151e-01	   3.3399858888942824e-01	   2.6227171999265037e-01	   2.2907149658678239e-01	   2.1874064166780760e-01	   1.0158670656871288e-01	  -6.7480380773338608e-02	
   9.7761225167835653e-01	   7.6640097689390185e-01	   6.3822538719638044e-01	   7.3852126545286279e-01	   4.9733747276474716e-01	   5.0580114127643483e-01	   6.7320238095155205e-01	   6.7664219208784127e-01	   4.5744187178063345e-01	   4.5973093932265019e-01	   0.0000000000000000e+00	   8.9423770363444122e-01	   1.1930961631576529e+00	   7.5505457604063286e-01	   8.8943223379277336e-01	   6.7530551346570300e-01	   6.0160217494003565e-01	   5.5828193956636774e-01	   8.5372195145606511e-01	   8.3497073238393915e-01	   6.0301640059146489e-01	   5.8058910024581056e-01	   6.1070606730166910e-01	   5.5390952921950509e-01	   4.7403624233948249e-01	   4.2466691245616550e-01	   4.7377124487037015e-01	   5.4798896039010669e-01	   8.2730154318081062e-01	   7.5599987817622394e-01	   6.9723037269699517e-01	   4.6763052110453085e-01	   6.5865689238713232e-01	   7.0534385102651187e-01	   2.8217697383143808e-01	   2.5052058092257912e-01	   3.0693883766079577e-01	   3.6172362943931724e-01	   2.4218464121953742e-01	   4.5413856942288100e-01	   5.1789382955021401e-01	   3.3347195316020589e-01	   2.4006354291996695e-01	   1.5101204435356513e-01	   3.1309025477645958e-01	   3.1741287907603605e-01	   3.0722231769825625e-01	   2.4381488657758410e-01	   5.1579337982938744e-01	   4.6593789264693775e-01	   6.3552109126901568e-01	   5.3284207987511811e-01	   6.0994882741881018e-01	   3.9790552688565450e-01	   5.3994104199629966e-01	   5.4381612957429870e-01	   6.1135297996963900e-01	   6.4319222004684928e-01	   6.5449291093073347e-01	   6.1633958402881572e-01	   7.3833151107090156e-01	   6.1145120497305072e-01	   7.8883220761072315e-01	   7.8492062939378349e-01	   6.2950194736336640e-01	   3.5752578457554557e-01	   4.5348865493430057e-01	   4.6160433636449960e-01	   5.4958517653523065e-01	   5.8791762713495144e-01	   4.4184813000180256e-01	   4.6102653589920439e-01	   6.6042824135380596e-01	   6.9356733001086956e-01	   6.1647652259144703e-01	   6.4720596316768908e-01	   3.6748663042083840e-01	   3.3137062309700421e-01	   6.9030841401791243e-01	   5.9033894426839606e-01	   7.4074686306566795e-01	   7.5329283898517874e-01	   6.6540541189359814e-01	   6.4178767771490153e-01	   8.3655397058010328e-01	   7.9676431236871337e-01	   3.0020002892954212e-01	   3.7430190153856197e-01	   5.6306188704881543e-01	   6.8829957102084205e-01	   9.7289886759361441e-02	   6.9273122277210164e-02	   1.5642474369772938e-01	   5.6775647490410336e-02	   1.7520621966032907e-01	   2.8534063968315682e-01	   2.3079697598182800e-01	   4.8311958670476723e-01	   2.5199627914343514e-01	   3.7646470697746548e-01	  -2.5306793171120545e-01	   4.7248098650988592e-02	  -2.1566155944789925e-01	   8.3378508982081517e-02	   3.4260129820789395e-02	   1.9232551191673314e-01	  -1.1270990114212790e-02	   1.8148119857760758e-01	   4.3291232061898445e-03	   2.6735969177521790e-01	   1.9806199958578005e-01	   2.0529869460630076e-01	   1.5305271172976734e-01	   2.0892776933228763e-01	   1.0849476480385704e-01	  -7.9889817766167714e-02	
   9.8762988496038762e-01	   9.3367529303860142e-01	   3.2123269351753025e-01	   6.5325856227981016e-01	   3.5197270514551765e-01	   5.0054742935837926e-01	   4.5989079419757506e-01	   7.0670116975200237e-01	   2.9899946468142657e-01	   3.6677355979974707e-01	   8.9423770363444122e-01	   0.0000000000000000e+00	   6.4446870421890878e-01	   1.2710241782459779e+00	   4.7954312377027403e-01	   5.4764684226626514e-01	   9.7642855787403515e-01	   9.6457618794193878e-01	   7.5837763224581889e-01	   7.3437333277652095e-01	   4.8580503976347245e-01	   5.5125970051767925e-01	   3.1796012433050902e-01	   4.1029957531719718e-01	   1.7682712320864208e-01	   2.6096637171551545e-01	   2.3101619661385567e-01	   3.7463931590895910e-01	   7.6414213642892825e-01	   7.5985396116965964e-01	   5.1195913185603903e-01	   4.2437106331959296e-01	   7.6309069610666225e-01	   7.9471259207292233e-01	   1.7239285682768810e-02	   6.3408062204937748e-02	   1.4421142561196570e-01	   1.8486986011454845e-01	   1.6421257273533046e-01	   3.8947822931804232e-01	   4.5493870864149433e-01	   4.0545561871282021e-01	   2.1322703060243800e-01	   1.5894989251896477e-01	   3.5618233705582408e-01	   3.2697909767129618e-01	   2.6287098019216149e-01	   2.3443967789404663e-01	   4.8197681746013576e-01	   4.2298366812685001e-01	   4.7059775587109709e-01	   4.7737210442961109e-01	   4.4118657789641907e-01	   2.8693675207218416e-01	   3.8702298523052564e-01	   4.8616131044023192e-01	   1.0116158209805057e+00	   7.4632272141516076e-01	   5.5906067317807318e-01	   6.5981451073401054e-01	   5.9952217080990999e-01	   6.4186147955918615e-01	   1.0887746908116862e+00	   1.0825374571508199e+00	   3.6293338526978258e-01	   3.3542780647350062e-01	   4.1372682581039955e-01	   4.6030584760361498e-01	   6.2050094901380393e-01	   5.6545409268136870e-01	   3.9562401573592859e-01	   4.5921729948648005e-01	   5.7833036650645508e-01	   6.0627898023310212e-01	   4.7264499576645846e-01	   6.3879097208959401e-01	   1.7454086085184997e-01	   2.1146849760149466e-01	   9.6710859978786723e-01	   7.8682831403221409e-01	   9.5797281731929051e-01	   9.3796864215769193e-01	   6.1836568790624735e-01	   7.0260806553623634e-01	   6.3949042634791287e-01	   8.2341098705961846e-01	   1.4611744535776164e-01	   3.5958283221974674e-01	   3.8759477192917979e-01	   5.6141260472103949e-01	  -1.8263554242257497e-02	  -7.9981697126923879e-02	   1.2091543889031962e-02	  -1.5587621702366616e-01	   2.8667181071768899e-01	   3.0248664012807447e-01	   2.6340035878328050e-01	   5.0656593962832397e-01	   1.5589075913495776e-01	   3.4326951804664291e-01	  -1.5701355738208156e-01	   4.7775397569859775e-02	  -8.0650518231438137e-02	   2.0964892632352788e-01	  -7.2557382836386825e-02	   1.0530582997061499e-02	   3.8471291657298276e-02	   1.4870337834507577e-01	   1.7766220622837564e-01	   3.0017407301272470e-01	   2.0050345204729958e-01	   2.2053458623087044e-01	   1.6622066134402647e-01	   9.4265506070256910e-02	  -1.4095050862144481e-01	   9.0561305297023123e-03	
   5.1620062471868278e-01	   4.1997091930185160e-01	   4.5279414241615296e-01	   4.6453473447702015e-01	   3.7715943514610123e-01	   4.2110726560908324e-01	   5.3845967147213014e-01	   3.9162469741407463e-01	   5.4493091500037649e-01	   3.5973505799616606e-01	   1.1930961631576529e+00	   6.4446870421890878e-01	   0.0000000000000000e+00	   7.1754823589210937e-01	   6.6158595972430856e-01	   4.4574087951124564e-01	   4.1076525237557771e-01	   5.3592706265667844e-01	   4.4701234915345911e-01	   4.2773999379277511e-01	   4.9786818807513156e-01	   4.7996632954826640e-01	   4.1080935529035778e-01	   3.6079203816813121e-01	   4.7137407597254277e-01	   4.2410571753183535e-01	   4.5657495936610382e-01	   4.8794245715849610e-01	   5.7945278939991440e-01	   3.4765679464115529e-01	   6.5618965953904140e-01	   2.9815230785001140e-01	   4.6170665769081121e-01	   4.7255717211520437e-01	   2.3824863745127442e-01	   1.4382136395375636e-01	   2.6771121299811990e-01	   2.5815046109087603e-01	   3.1114973072031094e-01	   3.5718221361483754e-01	   3.4291619574538873e-01	   1.5246572408554065e-01	   1.6269185115322007e-01	   6.4197991794277695e-02	   1.8334290445929055e-01	   1.2268129953875828e-01	   2.0338031136792956e-01	   9.3786812369361455e-02	   3.4294015005574341e-01	   2.7201166477083188e-01	   5.3157713605684465e-01	   3.5102326211500195e-01	   4.4385787956075018e-01	   3.3157463640745871e-01	   4.4423766291973338e-01	   3.9913425299753280e-01	   3.2560165226587467e-01	   3.6122070806852030e-01	   4.4878862820449361e-01	   3.6888568292977131e-01	   4.9887253424566130e-01	   3.6825954392483684e-01	   6.1155986972379339e-01	   4.8918802143086715e-01	   5.7797400448826053e-01	   3.0779052348732927e-01	   3.1139391658307114e-01	   2.3590687500999627e-01	   3.2918310601140527e-01	   3.1334709627748092e-01	   4.4728171101443914e-01	   4.7402055859678749e-01	   4.7398022238822013e-01	   4.7424503989350275e-01	   4.3410964713318989e-01	   5.0139061203812596e-01	   2.5855751178408615e-01	   2.4804083647145025e-01	   5.6748755809811380e-01	   4.8735309000667604e-01	   4.8286122172566875e-01	   6.2120934930341731e-01	   4.5740882285972617e-01	   3.0217433530548854e-01	   5.3179187815473861e-01	   5.8677727259774792e-01	   3.4850694916414415e-01	   2.2871660896607171e-01	   3.8569573691746789e-01	   5.4328023585808860e-01	   5.6701284300174938e-02	   8.0360110546458141e-02	   9.6682812282277944e-02	   5.0637443655196041e-02	   1.7913546179664175e-01	   1.6789622133383891e-01	   1.6787020804636663e-01	   2.9162981179410269e-01	   1.1157597995475410e-01	   2.1257741576836808e-01	  -3.3902353600093527e-01	  -5.0289103968688458e-02	  -3.1760706505726877e-01	  -5.2398682072255967e-02	   2.0360919940650462e-02	   1.7408329957394131e-01	  -2.8831871265219598e-02	   1.5035531687008108e-01	   1.7581855358275014e-02	   1.6848506432627935e-01	   4.1997059437740680e-02	   4.8949436095667029e-02	   8.9685044235529952e-03	   1.4178214393344301e-02	   2.6662073341482725e-02	  -4.7049023597152746e-02	
