   0.0000000000000000e+00	   9.7057487972178069e-01	   7.6023648360911822e-01	   3.6483240891863150e-01	   6.0941275724148658e-01	   3.1260502680644647e-01	   8.6876343604353623e-01	   4.9435563258918047e-01	   7.0961856972404258e-01	   3.9979002614887177e-01	   1.0772135453041405e+00	   6.2743146306008979e-01	   9.8054335670136505e-01	   6.1401118723264447e-01	   7.7403270360949561e-01	   5.4251280807633040e-01	   4.8382464162068417e-01	   3.6052773653996817e-01	   9.6971146327982582e-01	   6.9716841464767798e-01	   3.1074122376917085e-01	   3.0631893008206851e-01	   4.9694049344437380e-01	   3.3022873999651398e-01	   1.6080309624040393e-01	   2.0500797982976025e-02	   3.7374558767158150e-01	   2.0849304657990167e-01	   5.6672362632743523e-01	   4.1659548588034456e-01	   3.4735860147358844e-01	   2.7377604566382152e-01	   6.0815018854421643e-01	   5.6787155982585513e-01	   1.5977390925133508e-01	   7.5800472091445817e-02	   3.2018449367426843e-01	   3.5464849923717995e-01	   1.8997872298414595e-01	   4.1749500832798764e-01	   3.4838601409630338e-01	   6.2966893651147227e-01	   2.8321996224369911e-01	   2.2354053048379058e-01	   1.5235129692239535e-01	   2.9030788277635317e-01	   3.5987579222336008e-01	   3.6530836793198551e-01	   4.5254101854087558e-01	   4.5537709780035412e-01	   4.4539995291430751e-01	   3.9505755212928423e-01	   3.9236002383938906e-01	   3.3256630958232530e-01	   4.5005758383285488e-01	   5.1908929957016459e-01	   7.8704823191750306e-01	   6.9185351660550032e-01	   5.5876640793618615e-01	   4.8556299759305754e-01	   7.0913859089852005e-01	   5.8444581488712888e-01	   6.1650700188217578e-01	   5.6023965830462208e-01	   4.4004460664149869e-01	   3.8272950795932559e-01	   4.2900392247091002e-01	   2.7887648413013788e-01	   6.3192786813174318e-01	   6.5687536484315068e-01	   4.5304336088453884e-01	   3.1415132005274354e-01	   5.2046497279885284e-01	   5.0314670069001388e-01	   6.0060901995143512e-01	   4.6473050438841762e-01	   6.1471942697723869e-01	   4.1575067907880292e-01	   5.1623130104122295e-01	   6.4243065239592978e-01	   6.9189374700309347e-01	   6.1755353646889055e-01	   6.9693564246136996e-01	   4.8736641307213768e-01	   6.9128939811341439e-01	   5.1319747017802142e-01	   5.6775693377660408e-01	   4.8763863060829921e-01	   6.2686513444785996e-01	   5.3554784879180439e-01	   3.5995025669876479e-01	   3.7875401354277849e-01	   2.7332889096621188e-01	   1.9673378319806784e-01	   5.6820115440470254e-01	   2.1715954933155531e-02	   5.2285783771840855e-01	   4.4427293238637411e-01	   4.9638034205623360e-01	   5.9830779981016469e-01	   2.8471314615633037e-01	   5.2780146012114573e-02	   2.6843286911702857e-01	   2.8775864627030212e-01	  -8.5788839157936822e-02	   2.0277281544002667e-02	   2.2196624820199548e-01	   2.1241103935180231e-01	   2.8888687297865756e-01	   1.8162503019440096e-01	   2.4229773291091489e-01	   4.3969135713801633e-01	   5.9243647109916342e-01	   5.2811844188527046e-01	   2.2785111677257872e-01	  -4.5824721965795706e-01	
   9.7057487972178069e-01	   0.0000000000000000e+00	   4.7304646264022876e-01	   5.3439929619150450e-01	   4.1517784320762458e-01	   3.2190113697063555e-01	   7.1508246194640612e-01	   7.1512534365337832e-01	   5.0045684485342390e-01	   4.0509957581929279e-01	   5.4779617921881896e-01	   8.8830683775310648e-01	   5.7584615685782459e-01	   6.5782535243877871e-01	   4.2176072512067392e-01	   5.3425473714798200e-01	   6.1231628319185516e-01	   6.0130985218358590e-01	   1.0096732683985894e+00	   1.2188151259661302e+00	   3.0969613946466501e-01	   3.7599163075292308e-01	   3.2245451477310616e-01	   3.2763449626317886e-01	   7.6258436891886536e-02	   7.3490278173279251e-03	   2.6095546033796369e-01	   1.1215782324146910e-01	   6.1838546505856751e-01	   6.4715074215317692e-01	   4.5986740203146859e-01	   4.1416412545545955e-01	   8.5601203055371733e-01	   8.6017878117948054e-01	   1.1546840848889619e-02	   9.0868833204978294e-02	   1.2943266444761972e-01	   3.0695056778069157e-01	   1.9331678203021684e-02	   3.4645549755899896e-01	   2.7269779791218829e-01	   7.1163220948676775e-01	   3.1865166472049261e-01	   2.9872654041642421e-01	   1.8494963227001951e-01	   4.3142792769968480e-01	   3.7921182822098182e-01	   3.9696622115633112e-01	   3.6758646565444281e-01	   5.1893524046428430e-01	   2.8691891694271454e-01	   3.3667852811060428e-01	   2.4658946787152866e-01	   2.2544876994951318e-01	   2.3859419011660368e-01	   3.6537111519273696e-01	   8.8785628105688619e-01	   9.9145647634179812e-01	   5.0606416124346465e-01	   4.9547272776872520e-01	   4.5272655881047957e-01	   6.7825769162759952e-01	   5.8702803789522373e-01	   8.6717079433070821e-01	   6.4062467296202227e-02	   3.0811183180536211e-01	   4.5687592517235776e-01	   4.2577302219832264e-01	   6.1715712875230067e-01	   6.4563950518656321e-01	   3.8508683186361647e-01	   4.1068542408536335e-01	   5.0677662446981486e-01	   5.9121649103309981e-01	   5.0937658780587702e-01	   5.3999611641296075e-01	   6.9329149655174305e-01	   6.4850841013944083e-01	   5.4773091482656600e-01	   7.4142364030386532e-01	   6.8929117850430288e-01	   6.3489409268307184e-01	   6.2153709234118182e-01	   6.5804662454789609e-01	   4.5036149971269768e-01	   6.0789190839939944e-01	   3.8106384613890854e-01	   3.7455230853683757e-01	   3.9779616540689205e-01	   5.6412027170363821e-01	   4.1482789477785864e-01	   3.2084398188959862e-01	   3.5572408910322023e-01	   1.3902000224708194e-01	   4.0620040478801278e-01	   3.7359014399170866e-02	   3.9131852204209350e-01	   3.8269892385949550e-01	   5.2346655932184882e-01	   5.7699251649003147e-01	   4.8204810944270254e-01	   7.1770838062583400e-02	   4.3056294122763955e-01	   2.5284657873623417e-01	  -5.3980753244016827e-02	  -9.3581022404539485e-02	   3.0179300659859409e-01	   1.0960870739449989e-01	   1.3709055170381132e-01	   1.3424011908513370e-01	   2.2034634942681361e-01	   4.6135304458335646e-01	   6.8298653050101321e-01	   4.1428003072525965e-01	   6.3201415464057775e-02	  -4.7895146943368805e-01	
   7.6023648360911822e-01	   4.7304646264022876e-01	   0.0000000000000000e+00	   5.6149581850726127e-01	   9.0366359042796329e-01	   4.1866879161007453e-01	   1.2941904113658729e+00	   3.8320170542611909e-01	   9.0487312549949395e-01	   4.1110353014736489e-01	   6.7117100182939471e-01	   3.4855411938488590e-01	   6.6102466915237468e-01	   3.6848802059176988e-01	   1.0292985568624320e+00	   5.8159009733159595e-01	   1.5617597231274189e-02	  -2.8301728974718934e-03	   6.9124955249688769e-01	   4.9304919471918607e-01	   4.1021101654409509e-01	   5.0186778331664339e-01	   1.2818861521086451e+00	   6.6210533528118742e-01	   6.7302403138034117e-01	   4.2644377336753142e-01	   6.5235835822545629e-01	   5.7376492454350492e-01	   1.8468084401325333e-01	   1.3108440252035075e-01	   5.6986407493776803e-01	   4.0607155752394136e-01	   5.9001530592442841e-01	   5.1113968850397129e-01	   6.6531919421873598e-01	   4.2783724974092718e-01	   3.6823873141971358e-01	   3.1765974598942542e-01	   2.0236461818795592e-01	   3.7824060738873411e-01	   1.7652522191947459e-01	   4.5131196513599137e-01	   3.7610682064454493e-01	   3.0620825147129654e-01	   3.4181553811646087e-01	   3.8750038629093964e-01	   3.8341326591822933e-01	   4.1705033589046420e-01	   5.2061693862356462e-01	   5.3113219948979307e-01	   6.7652656216976637e-01	   5.0464308638513222e-01	   4.2219624139047868e-01	   3.6928537006194634e-01	   5.7937421884416107e-01	   5.8161570964956122e-01	   2.1398258206197335e-01	   2.2938133126977020e-01	   4.0580032285673556e-01	   3.4822876564753330e-01	   5.2312387505369073e-01	   2.5409917316179409e-01	   3.2588395315010243e-01	   1.9423934852896374e-01	   7.7993794676794970e-01	   3.3827729428094544e-01	   7.2049645816254748e-01	   6.1709406813965428e-01	   6.3102909534464247e-01	   8.2756082344372361e-01	   3.2694321249269614e-01	   3.4844526476565485e-01	   3.6187713570793106e-01	   3.7685203166850290e-01	   5.1292990062948607e-01	   4.5051940911321986e-01	   4.9235220073994751e-01	   3.8223621962303750e-01	   2.1766871829775275e-01	   3.3657501729919892e-01	   3.0880834299965404e-01	   4.2519807138439097e-01	   6.7269524458776608e-01	   4.7685298666373910e-01	   7.8662947942662020e-01	   6.5286779734103018e-01	   6.9982064349324724e-01	   6.1767773107314605e-01	   6.2905738347633677e-01	   5.3712928390903592e-01	   4.2256446257883773e-01	   4.9696782366363240e-01	   3.5084931552776694e-01	   3.0583878838607115e-01	   5.0736524500446945e-01	  -8.2608213790498958e-02	   6.2761986961358940e-01	   4.5874272933775939e-01	   5.2625950693265522e-01	   5.0458878557791498e-01	   2.5913744013475165e-01	   2.6461921718486131e-01	   3.0304905584201297e-01	   3.5239160225854849e-01	  -9.7695513294414699e-02	   1.5922442798739726e-02	   1.3951537688615021e-01	   9.8361550909017131e-02	   1.6926487489067538e-01	   2.5019477828921299e-01	   3.5612864116033321e-01	   3.9481757184007038e-01	   4.2789250802209766e-01	   5.0350815193066478e-01	   1.9692591531968834e-01	  -5.8108368002637589e-01	
   3.6483240891863150e-01	   5.3439929619150450e-01	   5.6149581850726127e-01	   0.0000000000000000e+00	   7.0441960150120908e-01	   1.0243246829938706e+00	   6.6294514653193459e-01	   1.2808733825334886e+00	   5.6092555776717368e-01	   1.0043190745583999e+00	   1.6967102117925756e-01	   7.1054922973329104e-01	   1.5776102382641935e-01	   5.0668730549678265e-01	   2.9211764226765152e-01	   6.2919745334520072e-01	   1.8427009786316853e-02	   1.1192942324114125e-01	   3.8075013830898596e-01	   6.2799933641470607e-01	   3.8854612627180063e-01	   5.7647632225942991e-01	   5.9950963848169092e-01	   1.3073688207612248e+00	   5.1542163145808595e-01	   6.4752427110093069e-01	   5.0674140183760363e-01	   6.6080792229184138e-01	   7.1425460831694890e-02	   1.9432444605308599e-01	   6.4013368972232132e-01	   6.7453221142483100e-01	   5.9142969946642598e-01	   7.9747569763569204e-01	   4.6691387323719880e-01	   7.7439647480976581e-01	  -3.6111315682549258e-02	   2.0938415641848637e-01	  -2.9497370762276896e-02	   3.7640976822439937e-01	  -8.2409768148014942e-02	   3.9724769610431926e-01	   5.8583515553673149e-01	   5.5135344947163512e-01	   5.0755243874858791e-01	   7.9523433281941047e-01	   4.9872395939364922e-01	   6.1619825202782330e-01	   3.3448206268779868e-01	   5.7461972910046510e-01	   3.3681726778152576e-01	   3.7306433319062299e-01	   2.5695273445955580e-01	   1.5434241741609106e-01	   5.0258770024457688e-01	   6.0706587801438694e-01	   1.7790690884434704e-01	   1.5646847167486472e-01	   1.7705181639807319e-01	   2.8520113243301959e-01	   2.3543204215682390e-01	   4.7682878042183674e-01	   1.4797624608392290e-01	   2.1851125436449989e-01	   2.8952170165424923e-01	   7.1644481776903957e-01	   5.1558212006111881e-01	   9.3704166319790871e-01	   3.9414833844738772e-01	   6.1827637428154480e-01	   1.8722582707179931e-02	   3.5002052533003325e-01	   2.4250734709574059e-02	   1.5919545908614186e-01	   1.0115074642369869e-01	   2.1464667770249946e-01	   2.2247046660742187e-01	   3.8971408129070340e-01	   1.6090565444268598e-01	   2.9850576480217900e-01	   3.0548082003685983e-01	   4.0943962329214550e-01	   3.3406864159667254e-01	   5.2487152505020784e-01	   3.7259511969447989e-01	   8.8607007659545822e-01	   3.2803518755983785e-01	   4.8938737709474361e-01	   4.2081295165288279e-01	   6.3835972049304945e-01	   5.7354329218758293e-01	   4.4535169879658626e-01	   6.9148534779053605e-01	   2.2462828267673718e-01	   3.0032329552858039e-01	  -1.7078872469970755e-02	   3.9200312880950355e-01	   4.3169670254276821e-01	   6.4146934492144714e-01	   6.8051363924915897e-01	   4.7869760902342517e-01	   7.1264260864815659e-02	   3.7914596985534171e-01	   7.0385489278374125e-02	  -2.5495631940796276e-01	  -3.5013972225489970e-01	   2.5874502854749065e-01	   2.3760339067384079e-01	   1.0312845711245142e-01	   1.2669589944117426e-01	   3.3785425256777218e-01	   6.0723489955037824e-01	   6.4879926303828672e-01	   3.1799942594781888e-01	  -2.4127846997248206e-02	  -6.6103554788407903e-01	
   6.0941275724148658e-01	   4.1517784320762458e-01	   9.0366359042796329e-01	   7.0441960150120908e-01	   0.0000000000000000e+00	   7.3193813533491281e-01	   9.1204045710531645e-01	   5.3308990229742537e-01	   1.3336636593941751e+00	   6.9947008141906519e-01	   5.4827742399520929e-01	   4.6078685453774487e-01	   4.3544935308192517e-01	   3.0807100889282518e-01	   8.1392268700012438e-01	   5.6599047413166259e-01	   2.2374332953241130e-01	   2.3446360769461741e-01	   5.7450811379434230e-01	   5.1013502046892145e-01	   5.3715696287989689e-01	   5.7731041758088264e-01	   8.2053685032752499e-01	   7.0923765976910458e-01	   6.6967367545679657e-01	   5.2232230340951191e-01	   6.1522065039934626e-01	   5.7088068462428665e-01	   3.0210708475105685e-01	   2.9009562802746447e-01	   7.0203386657043576e-01	   5.6655901037417655e-01	   6.0038455722513451e-01	   6.2847181402152108e-01	   6.6920828046805891e-01	   6.1977219826871899e-01	   2.2802966295325322e-01	   3.3987364059561687e-01	   1.8585540401118916e-01	   4.5125397720836885e-01	   1.7493390211665477e-01	   5.4012479626356180e-01	   3.2776322188498047e-01	   3.6331416894377688e-01	   3.6687244038524558e-01	   4.5504914037276256e-01	   3.5722425063440960e-01	   4.4554312891539111e-01	   2.4312665875674405e-01	   3.7578920158580548e-01	   3.2339386341276311e-01	   2.4003134772525797e-01	   1.9434374601885834e-01	   2.1972410399470355e-01	   3.8536386374761106e-01	   4.8332171917407984e-01	   3.3556345702904772e-01	   2.7845678698919551e-01	   2.5606459488403654e-01	   2.2231882748924248e-01	   4.4346513236021884e-01	   3.0854919195172370e-01	   3.2832005382620111e-01	   3.2624377450557368e-01	   6.4155491220040228e-01	   4.3146886075701657e-01	   4.8285367564198911e-01	   6.2327729147209565e-01	   3.9550371879270080e-01	   5.4696618019525156e-01	   3.8989103943681347e-01	   4.5493731521814401e-01	   3.3930664771758318e-01	   3.8051243079107161e-01	   5.4597786016836847e-01	   4.3219700295862912e-01	   4.0459482636488719e-01	   3.4964220546529851e-01	   4.8167129369371781e-01	   5.0962150705564646e-01	   5.6648953736950836e-01	   7.1449391360364711e-01	   5.6824034835041581e-01	   5.8405589645316425e-01	   6.7105961573715434e-01	   7.0627314485514592e-01	   5.9252128778471047e-01	   6.1015351859271860e-01	   4.7842613362001696e-01	   4.9167689103026635e-01	   2.8259289951258615e-01	   3.3166753019860107e-01	   3.3508326867493571e-01	   1.5324395236443283e-01	   5.2503146013330071e-01	   1.1873828086451041e-01	   5.5518594219394535e-01	   4.8008626742663063e-01	   4.0435771293599854e-01	   4.5934641010311650e-01	   2.9821450819807799e-01	   6.8472201662728702e-02	   2.2085638803320426e-01	   1.4932670434379219e-01	  -1.6677719472043592e-01	  -1.9687609228791378e-01	   6.5370824060545132e-02	  -2.5305003126786949e-02	   3.6288506100697204e-01	   2.1808244744915506e-01	   3.4036610136037981e-01	   4.2636513506908857e-01	   3.8346483560135414e-01	   2.9978893162434134e-01	   3.7079334598250288e-02	  -6.0696505302568704e-01	
   3.1260502680644647e-01	   3.2190113697063555e-01	   4.1866879161007453e-01	   1.0243246829938706e+00	   7.3193813533491281e-01	   0.0000000000000000e+00	   4.8251229851844252e-01	   8.9076871334938823e-01	   5.4247275492659597e-01	   1.2290091330339805e+00	   1.7672968534826800e-01	   5.5074421289273001e-01	   1.6502451636393212e-01	   5.3199901249016102e-01	   3.5847275081321167e-01	   6.4342409388866395e-01	   1.6785210650517030e-01	   2.4583804820631627e-01	   3.6528138186109477e-01	   4.5382291474529701e-01	   4.4718202221787540e-01	   4.9952429668456694e-01	   5.4129364562609894e-01	   8.7822870909221984e-01	   5.1769145874220368e-01	   6.8789400744703011e-01	   4.1875413320376997e-01	   6.2013991540635194e-01	   1.2437245570963967e-01	   2.7428720242945170e-01	   7.4221272992739595e-01	   7.2219947911344906e-01	   5.9890015413331499e-01	   7.5866092120631934e-01	   4.0549532469808619e-01	   7.2624176242099148e-01	   1.1153003550946940e-01	   3.7752515169500611e-01	   6.8637957536557839e-02	   4.2788755769962328e-01	   1.3992389666915839e-01	   4.7172776859193744e-01	   5.8608411505395530e-01	   6.6636478000968169e-01	   4.5270785838840766e-01	   6.6941831147376374e-01	   5.2803371194731441e-01	   7.2265001246212390e-01	   1.9178102360804217e-01	   4.5133936500798966e-01	   2.5676858746923503e-01	   1.8673114640535915e-01	   1.5835535684171900e-01	   1.1070651230120777e-01	   3.6636804750932367e-01	   5.3803862901431787e-01	   2.5334096832185321e-01	   1.3144031792806893e-01	   1.1818223756060958e-01	   1.8138672294449151e-01	   2.1925985683789345e-01	   4.0945564888893232e-01	   2.4899158802281648e-01	   2.8232937506328531e-01	   2.2712893744851409e-01	   4.1955346972193847e-01	   4.4829862810188303e-01	   7.6825011882991934e-01	   1.9825409974353378e-01	   3.9917174355532137e-01	   1.7829419649931008e-01	   4.9527037722222889e-01	   5.0105958404690627e-02	   1.8987499014655257e-01	   1.6521987968855822e-01	   2.1861803107135303e-01	   2.7522003619682012e-01	   3.9332236888875394e-01	   2.7322115565544364e-01	   3.2467908417302538e-01	   4.0964456635260471e-01	   4.7776499061652627e-01	   4.2858198486309201e-01	   5.2142704013269692e-01	   4.1761302023287417e-01	   6.3784589193906904e-01	   3.3366426254354803e-01	   4.4212256500888036e-01	   3.6284095337361355e-01	   5.2603825616645872e-01	   5.4326985220440371e-01	   4.3187337233542145e-01	   6.9421166010427215e-01	   1.3167872145641155e-01	   3.5103532559436124e-01	   2.6080291714829251e-01	   4.0819901848296258e-01	   4.6803617540180298e-01	   5.4973337658345511e-01	   6.3035388328262199e-01	   4.9980391742649821e-01	   1.1556054488546634e-01	   4.1436134882436498e-01	   1.1640522663906884e-01	  -8.3365347516575261e-02	  -2.8095830105854713e-01	   1.4251028956337677e-01	   2.2846879389602504e-01	   3.0867226074161058e-01	   2.2448571364304776e-01	   4.7307494146936879e-01	   7.9998378956933658e-01	   5.6515145140179590e-01	   2.7458243539102350e-01	   6.0403883880222699e-02	  -4.9700171108280700e-01	
   8.6876343604353623e-01	   7.1508246194640612e-01	   1.2941904113658729e+00	   6.6294514653193459e-01	   9.1204045710531645e-01	   4.8251229851844252e-01	   0.0000000000000000e+00	   7.0737936252283684e-01	   1.0729428425910441e+00	   5.1251128743373486e-01	   7.5300865857459198e-01	   6.9538076873723587e-01	   8.2454784734726561e-01	   6.3845572464411704e-01	   8.1038483352936108e-01	   6.6487810830230021e-01	   2.1835705490738616e-01	   1.9754337484239226e-01	   7.8554701776087321e-01	   6.9218040490878263e-01	   3.3841493362606179e-01	   3.8107541525099992e-01	   8.4972928943601334e-01	   5.7684980490152482e-01	   3.8896910129809259e-01	   2.4516601637753810e-01	   4.7149469109780706e-01	   3.6071426602406226e-01	   3.5349270041145153e-01	   3.6822426348508702e-01	   6.4134070959717127e-01	   5.4395770417695122e-01	   8.9896572800385322e-01	   8.0581915121454195e-01	   3.6343374535590028e-01	   2.7117086172161192e-01	   2.1276144154324172e-01	   3.0383543644398114e-01	   6.4242532034929800e-02	   3.1689448022164945e-01	   1.7602819383145693e-01	   6.2743217042552379e-01	   4.0177966763699474e-01	   3.4346970036158186e-01	   3.1213136473518288e-01	   4.6982015476600592e-01	   4.4679381993640133e-01	   4.4898343460687129e-01	   4.8699349833429501e-01	   5.2053910237766920e-01	   5.7023952866668526e-01	   3.6045192810617638e-01	   3.5599151904452286e-01	   2.7348634347390155e-01	   4.3761768993507077e-01	   4.8237574173341546e-01	   3.1555747419705582e-01	   3.0401875847010607e-01	   5.7250044273275014e-01	   4.6262439723371862e-01	   7.3298808867545961e-01	   5.9339183362933001e-01	   5.5592643592508373e-01	   4.7925707286737090e-01	   5.5133930644697537e-01	   3.3705811635416122e-01	   8.1497696297429689e-01	   6.9514419220588730e-01	   4.9647674566120581e-01	   7.4484256279071703e-01	   3.6386974030796493e-01	   3.5958848176664504e-01	   4.1023986349214836e-01	   4.5807429246067510e-01	   5.6383097787894643e-01	   4.8627768599920179e-01	   6.2922037178714163e-01	   4.8692539915085148e-01	   3.0831551424425407e-01	   4.0917380012145721e-01	   4.4066868761035161e-01	   5.3366460357542622e-01	   7.5830046035210585e-01	   6.5451223481491816e-01	   7.5528258066429088e-01	   7.8283303594194320e-01	   5.5605123317336425e-01	   5.2956045459759027e-01	   6.2135687184703436e-01	   6.2545969087288855e-01	   4.6288945742207088e-01	   5.1759302835485888e-01	   3.9738857901026681e-01	   3.0515880669460782e-01	   5.2319563201044028e-01	   3.8258429593572542e-02	   5.3024488336033093e-01	   3.9819320329017188e-01	   5.0124347921551304e-01	   5.0075535474714594e-01	   4.1478006331982548e-01	   1.7092415790727072e-01	   4.2168112848235789e-01	   3.5973842055826782e-01	  -8.0450330590085870e-02	  -1.1831626168876380e-01	   2.5870748242866359e-01	   1.6891563853721048e-01	   2.4917582946919078e-01	   1.5375304641976598e-01	   2.3923291366099372e-01	   4.4216701634511857e-01	   5.1617289946650469e-01	   4.6792959517605981e-01	   6.5541463385523108e-02	  -7.0623866558580439e-01	
   4.9435563258918047e-01	   7.1512534365337832e-01	   3.8320170542611909e-01	   1.2808733825334886e+00	   5.3308990229742537e-01	   8.9076871334938823e-01	   7.0737936252283684e-01	   0.0000000000000000e+00	   5.2594359921237877e-01	   9.9795594803375098e-01	   2.6078375444670548e-01	   1.0199708519033177e+00	   3.3689161888601216e-01	   9.0428605266598128e-01	   2.0510510573894178e-01	   6.1346516720179889e-01	   1.6910872486701928e-01	   2.4794689001634185e-01	   4.8533315124691734e-01	   7.1522335351327260e-01	   2.6325876030605178e-01	   3.6439131639634670e-01	   3.4866522685838158e-01	   7.7486923967166899e-01	   1.7017564530167192e-01	   2.7156473025064382e-01	   3.0593877274084080e-01	   3.5177374746055284e-01	   1.7196864326831313e-01	   3.3262834132396701e-01	   5.4153850484946142e-01	   6.1613880543810651e-01	   7.1159563611452792e-01	   9.2051733564892568e-01	   1.3238770576339751e-01	   3.8913526473857502e-01	  -8.0460713692055791e-02	   2.3373694825873714e-01	  -7.9333113938145960e-02	   3.2358976770883285e-01	  -1.9156487947246548e-02	   5.2312494675819732e-01	   5.4351914125106926e-01	   5.4381202161210407e-01	   3.7577936785340310e-01	   6.9751955539741206e-01	   5.2445631395655945e-01	   6.1811903921042033e-01	   3.8783348256459338e-01	   5.5984008696427456e-01	   3.7129738931337036e-01	   3.4573817663039069e-01	   3.1280467457046623e-01	   1.6267704514172640e-01	   3.8391619983319675e-01	   4.9360055446961587e-01	   2.8328074468760922e-01	   2.3611694295738558e-01	   4.2040150124145648e-01	   4.3949653089509477e-01	   4.4845402140395463e-01	   8.2782745337252484e-01	   3.0786250585426200e-01	   4.5976603492601786e-01	   1.4472413242039670e-01	   6.4615454997727051e-01	   5.5810810835361213e-01	   7.1137484120573480e-01	   3.0260934804355993e-01	   5.1504638892493415e-01	   1.1679371976000960e-01	   3.4524348627308088e-01	   7.6381486363902504e-02	   2.2755588764105497e-01	   1.3637615370843659e-01	   2.5047193329611772e-01	   3.8653438232663884e-01	   4.7412746395354743e-01	   1.7034732771389469e-01	   3.2574716746530358e-01	   3.7879937307167083e-01	   4.1819644784773496e-01	   3.9526707010334083e-01	   5.6935597080538825e-01	   3.4657494735501132e-01	   7.3129150275063504e-01	   1.8793318524967606e-01	   3.1994039780217493e-01	   4.8159547325664021e-01	   7.0553914362598935e-01	   6.4743745582083223e-01	   5.0853024540244629e-01	   6.9837136647346654e-01	   2.1140195771451889e-01	   3.2410753403979692e-01	   1.5852181485143446e-01	   3.1691295694506366e-01	   3.6742309393598627e-01	   5.4139617647874061e-01	   6.4048188514005744e-01	   5.6514263469540871e-01	   1.8211930216630957e-02	   4.5505101713648327e-01	   1.4805235574673539e-01	  -1.0570679335226578e-01	  -3.2488074417702112e-01	   2.8449177339220960e-01	   2.8935825359012218e-01	   2.1338651627600488e-01	   8.8694481402598432e-02	   2.8039548048281776e-01	   6.0462952646654133e-01	   7.0100991362528486e-01	   3.0164692229513490e-01	  -6.7982086875719813e-02	  -6.3663172358781028e-01	
   7.0961856972404258e-01	   5.0045684485342390e-01	   9.0487312549949395e-01	   5.6092555776717368e-01	   1.3336636593941751e+00	   5.4247275492659597e-01	   1.0729428425910441e+00	   5.2594359921237877e-01	   0.0000000000000000e+00	   6.7747812778942840e-01	   6.1445860182673528e-01	   5.3658251994184092e-01	   6.2559935109649334e-01	   4.2481929320193473e-01	   9.6391174630173404e-01	   5.7479497615523700e-01	   3.1789709804960298e-01	   3.1522438353467863e-01	   6.8089814264946213e-01	   6.1427681641180687e-01	   4.3715349567195405e-01	   4.4899357256675665e-01	   7.1506536631116879e-01	   5.3201295136015803e-01	   4.8730655839104442e-01	   3.2626828337553193e-01	   4.4769667187680734e-01	   3.8509141188909235e-01	   4.4997714466714178e-01	   3.9145576951287142e-01	   5.8591138008442067e-01	   4.5489544925020764e-01	   6.2931314076140143e-01	   6.2122153898207966e-01	   4.4584020960830861e-01	   3.1063140857619342e-01	   2.8984422200685772e-01	   3.3512601563287697e-01	   2.4224192209458650e-01	   4.1663647374610091e-01	   2.2455354965833249e-01	   5.2833862688757716e-01	   2.5113424974241116e-01	   2.6054517759335016e-01	   2.3310196765427876e-01	   3.4746668755674742e-01	   2.9754456425764209e-01	   3.5199256430078124e-01	   2.5665650767682108e-01	   3.6749909774744932e-01	   3.6789570856835102e-01	   2.4947885375172277e-01	   2.5260973525582575e-01	   2.6305651317849665e-01	   3.9072384730295318e-01	   4.3507393992617066e-01	   3.8572381048116045e-01	   3.2846840286010598e-01	   3.7648553646610361e-01	   2.5131231851240443e-01	   6.0943171306716648e-01	   4.0848241863643697e-01	   4.9094816443555545e-01	   4.6908749659089477e-01	   6.8264805293368302e-01	   3.7089058624549354e-01	   5.0371518914148083e-01	   4.8708383652942794e-01	   5.5011770656623649e-01	   6.6926762539342977e-01	   4.5020941468589692e-01	   4.2650392995849712e-01	   4.7956744227558257e-01	   5.0595044399618905e-01	   6.0924020967329640e-01	   5.1018314957568411e-01	   5.2163832276779343e-01	   4.3703797965599844e-01	   5.3598902586037034e-01	   5.1777471335621461e-01	   6.0945469158089227e-01	   6.8081455625736398e-01	   5.6960861633365545e-01	   5.2552766690890262e-01	   6.1595499861237168e-01	   6.6511440171253944e-01	   4.8571982282901660e-01	   4.6865764664749376e-01	   5.4371377133313548e-01	   5.3285897338058519e-01	   3.3374332626136005e-01	   3.6196207312886280e-01	   3.2490870697182572e-01	   1.7658022239089752e-01	   4.8711590835424418e-01	   6.6105354083939971e-02	   5.4448214670295692e-01	   4.4306443251202532e-01	   4.0661264195221852e-01	   4.7756955234836318e-01	   3.5844605623205117e-01	   9.4255044845302546e-02	   2.7442254518007281e-01	   2.5266316037013803e-01	  -2.2011922486281577e-01	  -2.1005538483925207e-01	   9.9538636086861587e-02	   1.6672537789762052e-02	   2.3041481396724142e-01	   1.5523397166245750e-01	   2.5323648067567095e-01	   3.9665919070765115e-01	   4.5261157965326654e-01	   3.8567129512045140e-01	   7.9034355059688852e-03	  -6.8286267402140999e-01	
   3.9979002614887177e-01	   4.0509957581929279e-01	   4.1110353014736489e-01	   1.0043190745583999e+00	   6.9947008141906519e-01	   1.2290091330339805e+00	   5.1251128743373486e-01	   9.9795594803375098e-01	   6.7747812778942840e-01	   0.0000000000000000e+00	   2.6158820242569697e-01	   6.5848667395635196e-01	   2.6359517329797977e-01	   5.9480668511644186e-01	   3.9920317046689696e-01	   7.4769183503828118e-01	   1.7651753370636417e-01	   2.3474746044915082e-01	   4.0373208221025081e-01	   5.1711162744950978e-01	   3.4753037642797763e-01	   4.6801801537480409e-01	   4.5075782255572183e-01	   8.4693023115675636e-01	   3.9107958190256137e-01	   4.5353828187562639e-01	   4.0507711992330381e-01	   6.1229476719670961e-01	   2.0125691481563521e-01	   3.1237280413228602e-01	   5.4965353907395487e-01	   5.8783014464874628e-01	   5.1188756567627491e-01	   6.8073653761920594e-01	   2.9080705740063084e-01	   4.7616539259292612e-01	   4.2210360314199086e-02	   3.0574614462652067e-01	   6.1128772514377566e-02	   4.4499347890660779e-01	   5.9847125361508172e-02	   4.5707047216692065e-01	   4.0952598461668377e-01	   4.4186072085467482e-01	   2.4051809638324617e-01	   4.6458480928123075e-01	   3.9798810406507146e-01	   5.3133537666914477e-01	   2.0077157193498252e-01	   3.6680425115547788e-01	   2.9449217457122279e-01	   2.1813532180757900e-01	   2.4780944229037236e-01	   1.7283282959891783e-01	   3.6272848457368134e-01	   4.8638168951173744e-01	   3.0017823555763162e-01	   1.9118598985910773e-01	   2.0345317427243814e-01	   1.9498067760094764e-01	   3.7817121143663601e-01	   5.3602877845063612e-01	   3.0478545972819965e-01	   3.1259022284896726e-01	   3.6907420546938341e-01	   6.1872591746272598e-01	   3.4152047112009581e-01	   5.5008307383977417e-01	   3.1119613644313737e-01	   5.0815114235193071e-01	   1.7398834864946922e-01	   3.9984603235205335e-01	   8.6196831556781497e-02	   2.4045466060010282e-01	   1.8949805906128778e-01	   2.6145897298646165e-01	   3.1638948918853499e-01	   4.2552357193498275e-01	   3.0832988831795438e-01	   3.5880289087363559e-01	   4.3672504788668148e-01	   4.6239365863676962e-01	   3.5478530066389552e-01	   4.7604358429131421e-01	   4.1513726606902923e-01	   6.7876947245093922e-01	   2.9916367419809520e-01	   4.1641788435386318e-01	   5.1278255868104761e-01	   6.3524435924871947e-01	   5.7684095609981423e-01	   4.3542587797879923e-01	   6.2621898196101311e-01	   1.1901633583991957e-01	   2.6269335129597748e-01	   1.8282387773905065e-01	   3.3577044405546114e-01	   3.8630921450596806e-01	   4.9140826241369162e-01	   5.5121993942943071e-01	   3.9728373550904206e-01	   5.7466652792713999e-02	   3.1086907071065262e-01	   7.8983077528327422e-02	  -2.0018788873752039e-01	  -3.2902435921641293e-01	   1.3661287876004591e-01	   1.9882641869677176e-01	   2.2609366300219169e-01	   1.5931923790693470e-01	   3.5230066968696361e-01	   6.5372515424169675e-01	   5.5508942976154452e-01	   2.6439351419036361e-01	   8.8813874823026797e-03	  -5.4901259042079775e-01	
   1.0772135453041405e+00	   5.4779617921881896e-01	   6.7117100182939471e-01	   1.6967102117925756e-01	   5.4827742399520929e-01	   1.7672968534826800e-01	   7.5300865857459198e-01	   2.6078375444670548e-01	   6.1445860182673528e-01	   2.6158820242569697e-01	   0.0000000000000000e+00	   5.6093702920537436e-01	   1.1630228757620618e+00	   4.8278606631755400e-01	   8.7806871487387061e-01	   5.8511866590700135e-01	   3.4689089081731789e-01	   1.8925972125345494e-01	   6.7219688114479226e-01	   4.0123993171347133e-01	   2.9113651636998850e-01	   2.5263476925424688e-01	   5.6379234874538087e-01	   2.4532366412848744e-01	   2.1636233484960474e-01	   6.4747616562824434e-02	   3.7700125657456640e-01	   2.2122132782170609e-01	   4.9321518019420563e-01	   3.4238838358286977e-01	   3.6894450346567254e-01	   3.0388134455003524e-01	   4.7814351465478228e-01	   4.1519482680444514e-01	   2.2532209794480185e-01	   8.2948549211880038e-02	   2.5431112977900461e-01	   3.0610198075547967e-01	   8.5868706633358452e-02	   3.5065993565439518e-01	   3.8879843220338406e-01	   5.9288356344362259e-01	   3.1062295239406351e-01	   2.3942121547434952e-01	   1.5607517842600199e-01	   2.2968259521458034e-01	   3.6977789268452249e-01	   3.2033911747285077e-01	   3.2010678316925989e-01	   3.6586163134082883e-01	   3.4881802228671555e-01	   2.6642785111481482e-01	   2.9434683138588735e-01	   2.3092684531903451e-01	   3.4915330866249283e-01	   3.9714606063606772e-01	   4.4672983136642253e-01	   3.9643888587602222e-01	   3.1627636876000603e-01	   2.8299309841299974e-01	   5.3973246114097706e-01	   3.6130444954353763e-01	   4.4204058456698908e-01	   3.4039861608017746e-01	   5.0519085529546459e-01	   2.1581987896718080e-01	   2.7864993653607084e-01	   1.9515145250004345e-01	   4.0741222463561172e-01	   4.6137025104374069e-01	   4.0504019922997658e-01	   2.5591084230696226e-01	   4.4320348906262347e-01	   4.0611728451884649e-01	   5.8413803055546254e-01	   3.7709152980843902e-01	   4.7175078818415045e-01	   2.9035974486384913e-01	   3.8319841008424627e-01	   4.5717892034480229e-01	   5.7968164192886240e-01	   5.9396271280527879e-01	   8.5682717766670802e-01	   5.6443884712569026e-01	   8.5187280449586145e-01	   4.6716815375192799e-01	   6.7625490113228670e-01	   5.1365767515809180e-01	   5.0811624351068951e-01	   3.1907549002550045e-01	   1.9692899421261159e-01	   2.6732474178867655e-01	   1.5764161230230536e-01	   1.1288313895333155e-01	   4.7815761827664482e-01	   8.7411735149104761e-02	   4.1172953789638977e-01	   3.8279198159679467e-01	   2.8484803731897335e-01	   3.5532952812791896e-01	   1.7100901412707925e-01	   2.5895820208335092e-02	   1.2763878590577737e-01	   2.2908185032850387e-01	   5.7665650750941301e-02	   1.0083146726792305e-01	   7.2118893380625770e-02	   5.1198215459762032e-02	   3.7119378702663691e-01	   1.3728647260647467e-01	   1.8883935982011948e-01	   2.8874806978749745e-01	   3.3337789370821647e-01	   3.5526180391592388e-01	   1.4952190373395791e-01	  -3.9541045338930009e-01	
   6.2743146306008979e-01	   8.8830683775310648e-01	   3.4855411938488590e-01	   7.1054922973329104e-01	   4.6078685453774487e-01	   5.5074421289273001e-01	   6.9538076873723587e-01	   1.0199708519033177e+00	   5.3658251994184092e-01	   6.5848667395635196e-01	   5.6093702920537436e-01	   0.0000000000000000e+00	   5.3028362762195203e-01	   1.0605774173425930e+00	   4.1679924056518836e-01	   9.7107618782112171e-01	   4.1995570769598561e-01	   4.8481805706456332e-01	   5.8697688926284997e-01	   7.9488142666091799e-01	   3.4885499044716967e-01	   4.3190833602387174e-01	   3.9239397038258439e-01	   5.6236203742288404e-01	   1.6007198645849624e-01	   1.6642915275792733e-01	   3.2282612082491957e-01	   2.5649622613565493e-01	   5.4175818320295444e-01	   7.2177590030907002e-01	   6.6213269788003304e-01	   7.3638507275036780e-01	   8.1174204610928247e-01	   9.8209056249065541e-01	   6.2505501418737758e-02	   2.2439550737707140e-01	   6.9088701970835857e-03	   3.0627209787791504e-01	  -8.4318811233259447e-02	   3.7115360558417615e-01	   1.5293019547802980e-01	   7.1169498592107550e-01	   4.5071648239044626e-01	   4.2380489381044439e-01	   1.7526008005656482e-01	   4.6445758567699380e-01	   4.7941657526126191e-01	   4.8401653616233253e-01	   2.3517117692704592e-01	   4.1455269805914718e-01	   2.3907996819889873e-01	   1.8905378083448976e-01	   2.8232499659799354e-01	   1.5424282911978099e-01	   2.9563071954322606e-01	   3.7425490694275315e-01	   4.8358014186553078e-01	   4.4832003056101966e-01	   3.4749284507746597e-01	   3.7153636156349951e-01	   4.4492742640807476e-01	   8.5122333313045306e-01	   5.1710522325466091e-01	   7.2068589924715465e-01	   1.6608871458975738e-01	   4.5665668649724533e-01	   3.6454151951074149e-01	   4.9234872011100783e-01	   2.5695111212165211e-01	   4.5602236183131400e-01	   2.4240433603246334e-01	   4.2165415536125883e-01	   3.9924574931690032e-01	   5.6749147477993733e-01	   4.2383935636607806e-01	   5.5052816610524868e-01	   4.7851216168160771e-01	   5.6226627850558630e-01	   4.0681934724391150e-01	   5.4894285200545534e-01	   6.7128152578932188e-01	   7.2280290262149116e-01	   7.2073265428687150e-01	   8.6718109232665230e-01	   5.8349093324622825e-01	   8.7793111481009289e-01	   4.2361627585582473e-01	   4.4050797489123084e-01	   4.3837931520797163e-01	   5.4621324950772276e-01	   3.6474024130558069e-01	   2.5274197865695980e-01	   3.8235171561392889e-01	   1.3866607215065711e-02	   3.6160115308881924e-01	   1.4354327638434172e-01	   2.6499919726360499e-01	   3.3421834769671660e-01	   3.7707559407028524e-01	   4.7433267078887686e-01	   3.5693398238087554e-01	  -6.1936941683769724e-02	   2.8118980774373509e-01	   1.0714316859075579e-01	  -4.4623211640698761e-02	  -1.9192535015555490e-01	   2.6719291069137752e-01	   1.7892300128176589e-01	   2.3432099007964952e-01	   5.0289442345947143e-02	   1.8232529558185800e-01	   4.3284241523084899e-01	   5.3090459833118331e-01	   2.9988953606044699e-01	   9.0895889964331185e-04	  -5.2287459796679803e-01	
   9.8054335670136505e-01	   5.7584615685782459e-01	   6.6102466915237468e-01	   1.5776102382641935e-01	   4.3544935308192517e-01	   1.6502451636393212e-01	   8.2454784734726561e-01	   3.3689161888601216e-01	   6.2559935109649334e-01	   2.6359517329797977e-01	   1.1630228757620618e+00	   5.3028362762195203e-01	   0.0000000000000000e+00	   7.0968532814060659e-01	   8.1266974615879561e-01	   5.2464520017031258e-01	   3.3003483983506043e-01	   2.4564939706806749e-01	   6.0474592451559750e-01	   3.9534095687915927e-01	   1.5735601002973817e-01	   1.4193526598025205e-01	   3.8483728680268336e-01	   1.4462266287500330e-01	   4.0047246299753031e-03	  -1.2810469867447985e-01	   2.4469128097978277e-01	   9.3229537409441149e-02	   5.0960460011290132e-01	   3.6464082552362131e-01	   2.4980722633937136e-01	   1.8577319426281289e-01	   4.8047000590414646e-01	   4.1333729816974740e-01	   6.4871497135661094e-02	  -8.8131743845662094e-02	   1.8510700110555744e-01	   2.4237255002546870e-01	   6.0850731882059576e-02	   2.4792734223484603e-01	   2.9451113680278596e-01	   4.9714971623764320e-01	   1.8225713795829679e-01	   1.1873785406735962e-01	   2.0460832901829856e-02	   1.4360751445352390e-01	   2.5363945417909595e-01	   2.0922491696924439e-01	   2.8807508593916037e-01	   2.7651754439210746e-01	   3.8875872783243848e-01	   2.4785447802881055e-01	   2.7588568774210759e-01	   1.7455241948984299e-01	   2.8745168679151911e-01	   3.2401625399405881e-01	   4.2603239292518552e-01	   4.2641704589963159e-01	   5.2555592303728305e-01	   3.6219092487448129e-01	   8.8771873380690702e-01	   5.3933403916360878e-01	   5.8313830809956535e-01	   4.5774632399445270e-01	   4.2446947046460248e-01	   2.3372225637408753e-01	   3.8177714894520637e-01	   1.7556594162570549e-01	   3.6994889633634603e-01	   4.9429348655791916e-01	   3.1957210859672192e-01	   1.8183342491055607e-01	   3.8508996157532022e-01	   3.7031718941127484e-01	   5.1910785231008461e-01	   3.9309133508989930e-01	   4.9119487960943709e-01	   2.9661259522723327e-01	   3.9490648601028816e-01	   4.4937487302587764e-01	   4.5313940024469157e-01	   3.9898459921098983e-01	   6.0492862272300696e-01	   4.3064756895717865e-01	   4.8945755284048204e-01	   3.2744661230983735e-01	   3.7452723042426600e-01	   2.9236178577500288e-01	   5.3324083034037828e-01	   3.8733835142724088e-01	   2.0874700237929181e-01	   2.2018457122290339e-01	   8.1122770857993534e-02	   1.2471531781440896e-02	   4.1042010545667013e-01	   2.8399786780564377e-02	   3.4802988409928531e-01	   2.8758018301768778e-01	   2.1693219736689628e-01	   3.3983271784611235e-01	   1.7818536594905943e-01	  -7.5553844317669079e-03	   1.9505668165565157e-01	   2.0327787580871279e-01	  -3.7978839752267177e-03	   1.6673332104435667e-02	   1.3781557563769062e-01	   1.6315519693953334e-01	   2.2342933606572424e-01	   3.1062753166847177e-02	   6.8484848018361189e-02	   1.8339801393274380e-01	   3.2582196996191998e-01	   2.7815455399650335e-01	   7.3087429227986667e-02	  -3.3783158471200808e-01	
