   0.0000000000000000e+00	   7.3322492248557392e-01	   5.4928153327653884e-01	   3.0649255573906026e-01	   1.8033623766955967e-01	   8.4205733444526629e-02	   5.0192714951307149e-01	   3.6028415782627532e-01	   3.8769987554841856e-01	   2.8134603956081838e-01	   6.8649753504573829e-01	   5.4076002332634898e-01	   5.9686285911513781e-01	   3.7769443196168273e-01	   4.8564840179077862e-01	   3.1878190276219392e-01	   7.5490937870810704e-01	   6.9402419191316944e-01	   9.3037840832559182e-01	   7.2468887683003491e-01	   2.7152980802958337e-01	   2.1875069189083093e-01	   2.8034559459186481e-01	   1.0480524880511990e-01	   8.4296405927776596e-02	   4.9506089912953771e-02	   7.4079378589853515e-02	   5.8658964962511148e-02	   6.7558658173450037e-01	   5.8098062984180321e-01	   3.6354989249280811e-01	   2.3813357121867007e-01	   5.8867196496302077e-01	   4.1174021249075643e-01	   1.2580381444998345e-01	   1.2315025251448973e-01	   2.3259266593119773e-01	   2.4043363269451790e-01	   1.4581252203215295e-01	   2.1780855782259315e-01	   5.4203995746542577e-01	   3.8102690122740163e-01	   1.6588168130191722e-01	   2.1275923882185205e-01	   7.5876863425405769e-02	   7.1142228847999228e-02	   1.4474597324566957e-01	   2.7200252826987731e-01	   4.6435499620859258e-02	   1.3357733670366443e-02	   1.5251248022343011e-01	   9.3126479327734393e-02	   2.9528842890404550e-01	   2.5406223760541896e-01	   2.3006784037748187e-01	   2.3837261369130558e-01	   1.0575310259617199e+00	   6.4024667303921368e-01	   4.7395539136345999e-01	   1.4901395922896465e-01	   8.3434739026085503e-01	   4.8148061651857849e-01	   7.8869088965939649e-01	   6.1302702148425436e-01	   1.4577255477778450e-01	   1.5306207628767823e-01	   2.7430539086401373e-01	   2.7585983914854006e-01	   5.4855966104462539e-01	   3.9523831385491526e-01	   2.3267676038392671e-01	   1.8939876434771974e-01	   6.2964896612744670e-01	   4.5914949583178211e-01	   5.7464430370588171e-01	   4.7243820653092000e-01	   5.2449237310823515e-01	   2.4923522489139330e-01	   4.9609611729930247e-01	   7.0410476993414062e-01	   6.0684431772850411e-01	   6.7414622833026427e-01	   4.8785011215491741e-01	   5.8865072623709136e-01	   4.0520949757774638e-01	   5.4697840243464257e-01	   7.9918111275133433e-03	   3.6852255559063424e-01	   6.9299334432292803e-01	   6.4864021267850791e-01	   2.6859306261382981e-01	   3.1564386625836149e-01	   1.4927827796456306e-01	  -3.1870047605661200e-01	  -2.6495050211514704e-01	   5.2473639012066101e-02	   1.5692913695656913e-01	   3.4367827205680940e-01	   1.7488391198437686e-01	   3.0509125628875278e-01	   2.7819260391348577e-01	   7.6124081286567516e-02	   2.7010630490274018e-01	   3.2634583156596048e-01	  -1.3893132279224556e-02	   3.5087791880254106e-02	   2.6281299957527537e-01	   2.5431309071965058e-01	  -5.7827160536419744e-02	   1.0874969312149067e-02	   2.8725247618019478e-01	   2.1585602246726443e-01	   4.1395685182619733e-02	   1.1899615781127602e-01	   8.6382685660233438e-02	  -2.5909782684910621e-01	
   7.3322492248557392e-01	   0.0000000000000000e+00	   1.8179097141951128e-01	   1.3022924195387411e-01	   8.0402955423030165e-02	   1.0461362963099703e-01	   5.8756095805545229e-02	   3.4852577843527958e-02	   1.6665983327986378e-01	   1.1883587022183720e-01	   2.6084371533417577e-01	   2.1940822962610154e-01	   3.0549569629370654e-01	   1.5576128290889063e-01	   3.4561803457561324e-01	   3.0590306895687575e-01	   5.7860771116362053e-01	   6.9699934761110649e-01	   4.8703835890091335e-01	   7.6315381392729797e-01	   2.6593464504213855e-02	   6.5060793939562253e-02	   8.6842244509880928e-02	  -4.4792768922129245e-02	   9.1414433058594497e-03	   3.5950163415592474e-03	   4.7649407826537135e-02	   1.4469822216798670e-01	   3.9147522589565059e-01	   3.8595447175891096e-01	   1.7162516446843223e-01	   6.0767022393774378e-02	   4.8735597628961241e-01	   3.8523557089561644e-01	  -2.0305657094864493e-04	  -2.3688024219641380e-02	   2.4810209254445412e-01	   2.3315198666938575e-01	   6.3339919037704001e-02	   3.1730099806469964e-01	   3.0732197824703628e-01	   3.5663276973417568e-01	   1.1857507952526472e-01	   1.6366979932496090e-01	  -2.1940986044427031e-03	   4.0852732027689020e-02	   1.6007982667835713e-01	   1.9325683753488196e-01	  -1.3192602733509548e-02	   1.7352889748942661e-02	   3.8813730543309700e-02	   1.1425497381768504e-02	   2.7966426389586302e-01	   1.2531330251351286e-01	   8.9374615066030491e-02	   8.8676749367457952e-02	   8.4777856092424275e-01	   1.4080308100004120e+00	   4.8978008063549661e-01	   3.0398041073621962e-01	   2.9030106682926637e-01	   2.6471362202314608e-01	   3.5186205338996263e-01	   2.8563583805549581e-01	  -1.4607880640968351e-01	  -7.7902672634309666e-02	   2.0960677734201111e-01	   1.3622179980874255e-01	   6.4255337877987406e-01	   4.8686211458477541e-01	   4.4229479731886900e-02	   7.8686715814323821e-02	   3.3647055906775331e-01	   4.3558864633698513e-01	   2.7504013094759650e-01	   3.1401640762921251e-01	   2.9730824815083845e-01	   2.9095172765132311e-02	   5.2605354766336010e-01	   7.6993459046154555e-01	   6.8293318468027020e-01	   5.9243431510746702e-01	   2.7029275364463073e-01	   3.7692101943405570e-01	   4.2026246194246503e-01	   3.6821376129930844e-01	   7.7283155254230948e-02	   2.5536517823420823e-01	   4.3961090598830876e-01	   3.7210489745397729e-01	   1.4024200977046070e-01	   4.0688589722508856e-02	  -4.4086888112377549e-02	  -2.4164615791051208e-01	  -2.5711448454165224e-02	   1.4779360929057883e-01	   2.7445507216316312e-01	   1.9927248448621637e-01	   1.2709677429060751e-01	   2.1877435335413784e-02	   3.0996624229378578e-01	   3.1417003470530114e-02	   2.3654547517110458e-01	   1.2666960783578599e-01	  -7.5215685912778524e-02	  -9.6046325007497782e-02	   1.3696540665424892e-01	   3.7337462384366832e-02	   1.9248631516784517e-02	   2.2360735165020237e-01	   2.3744787105346823e-01	   9.1574029570196738e-02	  -6.2854908623542177e-02	   1.4237986398929003e-01	  -5.0660673705553265e-02	  -2.5157329361383352e-01	
   5.4928153327653884e-01	   1.8179097141951128e-01	   0.0000000000000000e+00	   8.2180407353183149e-01	   4.6937330358751195e-01	   5.3821591613976916e-01	   1.1203868837758488e+00	   7.2336210834930592e-01	   5.0898623399558307e-01	   4.8192181643745735e-01	   4.5803275845072694e-01	   4.3784277129139859e-01	   4.8029063472604699e-01	   3.8383095046683863e-01	   6.5176062915486965e-01	   5.3392914914467793e-01	   4.3255985309793155e-01	   2.0968321920552940e-01	   8.0029333016925985e-01	   4.4965893809120194e-01	   3.7929842462079011e-01	   4.7335476691941758e-01	   1.1630118797607782e+00	   7.6565027634521909e-01	   5.9262149147833421e-01	   5.2964077255904995e-01	   4.4052176713088154e-01	   2.2296141460076813e-01	   4.1745218559588415e-01	   2.8305458205071538e-01	   6.6570561635410275e-01	   5.4644831722974208e-01	   5.3812157732797528e-01	   5.7100239645352224e-01	   5.8773482889445061e-01	   6.7814388514454615e-01	   4.2198370540134966e-01	   5.0071336377377329e-01	   2.4404080461646749e-01	   3.5726989798817543e-01	   5.4170120780518616e-01	   3.6030291155946537e-01	   5.5256265038369379e-01	   4.5121258427773836e-01	   4.9155399238029918e-01	   3.9315384321955554e-01	   3.9773438569427250e-01	   4.8352713605603714e-01	   5.0179048417446381e-01	   4.4544307912287900e-01	   7.0062336883391474e-01	   5.6983310908931573e-01	   5.5134187600281226e-01	   4.6063389905655661e-01	   4.5220544778020538e-01	   3.9622384458240445e-01	   3.3974395605138957e-01	   1.5485325875785810e-01	   4.1874950268628874e-01	   4.1160392335868129e-01	   4.3252999197470993e-01	   4.3737772417432880e-01	   3.6352184088536943e-01	   4.2959376885861367e-01	   6.0737271895210876e-01	   7.3933043804350518e-01	   7.0427296865689093e-01	   7.8240341516565570e-01	   2.0909904898488732e-01	   3.6955823247872155e-01	   2.5171382067707693e-01	   2.7210287708476039e-01	   5.1778562089529168e-01	   3.6429952337789262e-01	   6.1330810265570090e-01	   4.5599933684460270e-01	   5.5104178896175982e-01	   2.2533351800411122e-01	   3.6284558716491255e-01	   3.7417330933627768e-01	   3.9210785262395742e-01	   5.5223285790979271e-01	   4.2247938678389407e-01	   4.7109973166440455e-01	   7.5789840828979560e-01	   8.1584803634170933e-01	   1.1401912685338414e-01	   4.2231493142742288e-01	   8.8676945140434715e-01	   8.5809152715934134e-01	   4.7281264879803075e-01	   3.4467318738975794e-01	   2.8318570803265986e-01	  -4.3339058743945169e-01	  -3.4155836341709123e-01	   4.3865686592424596e-02	   1.4082104035680301e-01	   2.4786753184686164e-01	   3.0134395436425548e-01	   3.8737266724068198e-01	   4.3135168259413069e-02	   2.6607203635086996e-01	   2.9100010174551794e-01	   5.1481476372579027e-01	  -2.2040856945109441e-03	  -3.0468854778712459e-02	   4.4165491933685874e-01	   3.2553543272626473e-01	   2.5587065312702533e-02	  -1.1276796278397754e-01	   4.5302894454008424e-01	   4.1772492962609709e-01	   3.4803501144913879e-01	   1.3727780898422409e-01	   1.4167617402977964e-01	  -5.0280862216525490e-01	
   3.0649255573906026e-01	   1.3022924195387411e-01	   8.2180407353183149e-01	   0.0000000000000000e+00	   3.6083272081390283e-01	   7.5619507871265301e-01	   9.2245463421704865e-01	   1.1932436325840698e+00	   4.0377889779663562e-01	   5.8261097115370197e-01	   2.3203392284118049e-01	   6.0809269113789355e-01	   2.9851590290458113e-01	   4.2772955386519501e-01	   3.8449501631559679e-01	   6.0588307515485518e-01	   2.5210687818849964e-01	   8.8027215236889320e-02	   4.7037179752662756e-01	   4.5204673482077051e-01	   2.5205585080296161e-01	   4.2542971669468205e-01	   6.8632334366147263e-01	   1.0925738219211387e+00	   4.2260625112844091e-01	   5.0255266159055190e-01	   3.2804436663264264e-01	   2.2538605213884844e-01	   3.1455081927835216e-01	   3.9804775582260982e-01	   6.9008818277780704e-01	   8.4249372885767160e-01	   3.7711786227937572e-01	   7.0480315947430916e-01	   4.0417921736998819e-01	   6.6846134156608006e-01	   1.3115693732110906e-01	   3.0730950112748062e-01	   1.9478992480625132e-01	   3.9838139088560637e-01	   3.2530612060569652e-01	   3.9375493056392824e-01	   5.7491948915540703e-01	   6.1284738511219627e-01	   7.0726085170902719e-01	   6.8751107556781121e-01	   4.2442318179797411e-01	   5.6592915504616936e-01	   7.0533943509722674e-01	   6.1354426550001051e-01	   7.9881807170455876e-01	   6.4224581629776867e-01	   5.3825794525552972e-01	   4.2484651841507948e-01	   4.2867727359922259e-01	   4.0909661025307764e-01	   1.3933877409992720e-01	   7.8724591894753400e-03	   5.1842778895050812e-01	   3.8675938760945255e-01	   4.3201277045995862e-01	   6.3680169798848441e-01	   2.5192389281249900e-01	   5.2587519079484923e-01	   5.5727845284032440e-01	   1.1121742140649107e+00	   6.8281305785782076e-01	   9.6793045784624376e-01	   4.4932124565230019e-02	   2.4877423327379217e-01	   2.5375692967776814e-01	   3.3785115267376009e-01	   5.1825444942240273e-01	   4.7336128575393766e-01	   4.7827096711570621e-01	   5.3406430055058873e-01	   4.0199081947394955e-01	   2.6465945032955385e-01	   2.1001052061607198e-01	   2.1897847340074042e-01	   3.3085161541427666e-01	   4.2005027801325723e-01	   3.3326428308207728e-01	   5.0052073179154366e-01	   5.3466419929720643e-01	   7.1751516306574914e-01	  -4.7177416658838241e-02	   2.8291696328282812e-01	   6.5855980352747445e-01	   7.4527437602052182e-01	   5.8121098310069619e-01	   3.0918448208283800e-01	   4.1352921056783482e-01	  -3.3987474568266351e-01	  -9.4960410625360772e-02	   2.6228110597503318e-01	   2.3931139257247797e-01	   2.9819418986235113e-01	   3.5627396497012548e-01	   3.7197054526759560e-01	   1.3561163158761927e-01	   3.4977390742098330e-01	   3.6146586877857051e-01	   4.8088637211949614e-01	   8.8912533649101622e-02	  -9.1459812449108148e-03	   3.6293056867487028e-01	   2.9494933196162432e-01	   3.2115659011374187e-01	   1.3500266059830435e-01	   5.2711879736829481e-01	   4.6228887493842130e-01	   4.3387974530424772e-01	   2.4484044619949441e-01	   2.3576392545260533e-01	  -3.3496457056635492e-01	
   1.8033623766955967e-01	   8.0402955423030165e-02	   4.6937330358751195e-01	   3.6083272081390283e-01	   0.0000000000000000e+00	   8.1060057445103917e-01	   4.4067702120117636e-01	   3.9726272438328719e-01	   9.9330066112516679e-01	   7.7394031369489058e-01	   2.8046305534753857e-01	   2.5074315504236433e-01	   2.6152833330631342e-01	   2.7483009975654371e-01	   7.6441382624628640e-01	   7.6880461938690303e-01	   3.5970475797218893e-01	   1.8680141066270539e-01	   2.1788144248174332e-01	   2.6364516671112481e-01	   3.4918643870634958e-01	   5.6140853880914077e-01	   4.3183281411823471e-01	   3.6150853097428409e-01	   3.8473294040740014e-01	   3.9730339714669238e-01	   7.4002738042494920e-01	   7.2178657125924373e-01	   3.3687263136538642e-01	   3.0362393763329670e-01	   3.2747233193516523e-01	   2.8475050677532765e-01	   2.6497639011743346e-01	   3.0873107321141752e-01	   4.1412957032281655e-01	   4.0050171644572219e-01	   3.7126363385046690e-01	   2.3238486809089021e-01	   4.0691326886046769e-01	   2.9682923520291238e-01	   4.7582396736459187e-01	   1.8215288462411364e-01	   4.0422042953192239e-01	   2.9272758698062012e-01	   3.6600447770299177e-01	   2.7748821697322612e-01	   3.0148758403753206e-01	   2.9907628309545908e-01	   2.8718839491066378e-01	   2.4847250011928845e-01	   3.2408644884863025e-01	   2.2566021842374173e-01	   3.4066113905768830e-01	   2.5744729367114255e-01	   3.5137244053678229e-01	   2.7789652141716908e-01	   1.9688790967729866e-01	   1.8891627856854629e-01	   3.9632720628721030e-01	   4.4846443626690163e-01	   2.0697844351094238e-01	   3.0839099222808325e-01	   6.5537231304472476e-02	   2.4325770820565557e-01	   3.7959994028421673e-01	   3.7285170830962011e-01	   5.3243581000137430e-01	   5.2003767792294564e-01	   2.3393542535298123e-01	   3.4553648834633804e-01	   2.4339523728469192e-01	   3.5939811012341150e-01	   3.0708388288399951e-01	   3.3916218912009705e-01	   3.3487994272185750e-01	   3.7922603799080545e-01	   1.2001555686128772e-01	  -1.2021275574090354e-01	   4.7507040672446621e-01	   1.8363189152932058e-01	   4.2819462792521079e-01	   4.9652316436152177e-01	   4.1769272757759218e-01	   4.9273880710525619e-01	   7.1078550105440363e-01	   5.9210285866738455e-01	   3.5862627501868216e-01	   3.4204806109769675e-01	   5.5063864744961344e-01	   5.4356519669953873e-01	   3.0579250111597645e-01	   1.9346637188186355e-01	   8.9907313888774862e-02	  -2.7079387298088220e-01	  -2.3952096145377610e-01	   1.9629598570582656e-02	   1.7411661478030555e-01	   1.2115061429797019e-01	   2.7534272690510864e-01	   2.5093110093865678e-01	   1.6882370643083225e-01	   6.4844973995314442e-02	   3.6179748304567172e-01	   3.0487851364620089e-01	   4.3971952950072273e-02	   1.1074787089896825e-02	   2.2253090345604351e-01	   2.5583562856453235e-01	   4.4916066036056405e-02	  -1.9590726408854370e-01	   2.0668280688489402e-01	   2.3478010723723547e-01	   2.3069039438329181e-01	   2.8454994860967409e-01	   2.7639771923482803e-01	  -2.6865295919487547e-01	
   8.4205733444526629e-02	   1.0461362963099703e-01	   5.3821591613976916e-01	   7.5619507871265301e-01	   8.1060057445103917e-01	   0.0000000000000000e+00	   4.6451030054562048e-01	   5.2071773938733157e-01	   5.4206351552761423e-01	   7.8033092732947207e-01	   6.3615053363108937e-02	   2.5702812264332620e-01	   1.0068177561256129e-01	   2.7789462656324210e-01	   6.1383645996127367e-01	   7.8452378426536984e-01	   2.2913235321772454e-01	   2.9240773684905423e-05	   2.3779457818446967e-01	   3.0960214144425585e-01	   3.3324799967889801e-01	   5.6893984161979028e-01	   6.2713866767676196e-01	   7.3734967265688667e-01	   6.4401886873350844e-01	   8.0989840565303695e-01	   7.1435965044872396e-01	   5.8060722365957973e-01	   1.5080189129611102e-01	   2.3046033372809588e-01	   3.9574159386042446e-01	   4.7090612750389904e-01	   1.9290638279932984e-01	   4.4250135801251800e-01	   5.3434883134730982e-01	   6.2960743539422381e-01	   2.9246542471989534e-01	   1.9652045498660747e-01	   2.6792168067034761e-01	   2.9461971855607638e-01	   3.2058094937775738e-01	   1.6546731855252012e-01	   5.6846708843163263e-01	   4.7857717739642930e-01	   6.1282877761282961e-01	   5.0671572355990091e-01	   4.1797727598632151e-01	   4.3693691278001578e-01	   5.8148713692108700e-01	   5.0693292398752665e-01	   6.4877365935964149e-01	   5.3064713790078610e-01	   6.1145555311886024e-01	   4.4995366819269234e-01	   4.0280055063523312e-01	   2.9122731811557712e-01	   9.2145286030034704e-02	   7.6887221622427990e-02	   4.3262007821920129e-01	   4.1515092446647528e-01	   9.8656874267591024e-02	   2.7225075826609857e-01	  -7.2216022927812248e-02	   1.5810082166950137e-01	   3.9837737335844486e-01	   6.2058456777785442e-01	   6.8898083458642723e-01	   7.0596930348352638e-01	   2.2362711764048770e-01	   4.7061036530043776e-01	   2.1018161590127157e-01	   3.6179597127973512e-01	   2.9777215735483903e-01	   4.3092810691924577e-01	   3.4076878953795231e-01	   4.3939779692220926e-01	   1.6740854302047514e-01	  -9.3310488430248389e-03	   3.8673891677438926e-01	   1.6436522856414373e-01	   3.9226095222161483e-01	   3.9877070516519503e-01	   2.6637471152552955e-01	   3.9638628783543095e-01	   6.8887457457773038e-01	   6.1678888698543621e-01	   1.6086865235456480e-01	   2.2113607955861106e-01	   5.2056336391367219e-01	   6.0850445149911414e-01	   5.2091077239333616e-01	   2.3460048813255455e-01	   2.8525543703062545e-01	  -2.7819836242367602e-01	  -1.5963986565920160e-01	   5.8836514012080107e-02	   2.0810445368839497e-01	   1.4434679952417392e-01	   3.6621431593507686e-01	   2.9427113678246386e-01	   8.1311851264828414e-02	   2.0112039368412610e-01	   4.0753677299016222e-01	   4.0379765115503785e-01	   1.0205545866406072e-01	  -1.0642812815032449e-01	   3.3205328695607655e-01	   2.1489816442458720e-01	   1.4717444104774602e-01	   1.0166317807293562e-03	   3.3526791098719294e-01	   3.9714607179444400e-01	   3.9917276533097523e-01	   4.2399860039130394e-01	   2.2612411252164738e-01	  -4.1259679320772591e-01	
   5.0192714951307149e-01	   5.8756095805545229e-02	   1.1203868837758488e+00	   9.2245463421704865e-01	   4.4067702120117636e-01	   4.6451030054562048e-01	   0.0000000000000000e+00	   1.2542452333334548e+00	   6.0003540878663064e-01	   5.1035966409260725e-01	   5.9365059264136244e-01	   8.7429925779751794e-01	   6.9548981747678040e-01	   7.1186662969767844e-01	   5.6254025009892439e-01	   5.8257597714359111e-01	   3.8705647297612000e-01	   2.3236288395687357e-01	   6.6279571853655872e-01	   4.2382129806422275e-01	   2.4355748594596144e-01	   3.5714552443913533e-01	   6.3484745372557494e-01	   6.0195572174524381e-01	   2.6346698013654091e-01	   2.5623315993889562e-01	   1.8364515254406896e-01	   4.9947308223567209e-02	   5.9312586311488069e-01	   5.6374885386410711e-01	   5.8165824572675640e-01	   6.2568606945841609e-01	   4.9825713954075934e-01	   5.5544751689509519e-01	   1.7815342443156762e-01	   3.4312308396024116e-01	   2.0351660476133990e-01	   3.1691720283783559e-01	   2.0853738117706383e-01	   2.6968971400930647e-01	   4.9904442224689100e-01	   3.8952119952206338e-01	   3.7758438679704082e-01	   3.8321126068820532e-01	   4.8141389236765486e-01	   4.2770913902648283e-01	   3.1036277248759270e-01	   3.7575863758618511e-01	   4.5374732154373743e-01	   3.8029673246693335e-01	   5.6387821214772404e-01	   4.1413180843451158e-01	   3.7136075567230198e-01	   3.4196717883091432e-01	   3.8337649771897975e-01	   3.7690610872205110e-01	   1.9084823546168467e-01	   2.2733635853571996e-02	   4.3799879972583949e-01	   3.6621074116540342e-01	   7.3901605491221567e-01	   8.0671313929408917e-01	   5.8679872480623818e-01	   8.5608166009784581e-01	   7.0298712694912435e-01	   7.6951534309858349e-01	   5.4506940571058327e-01	   6.9939512229966272e-01	   2.8119341033612633e-02	   1.5129935701219513e-01	   3.4929410048617066e-01	   2.8224111390576567e-01	   6.8394436006533910e-01	   5.6736787555624368e-01	   6.9246134077110821e-01	   6.6739101884620911e-01	   4.6467739919967688e-01	   2.3657659687582819e-01	   1.8325873038953028e-01	   1.9628219157429783e-01	   3.4634667977855166e-01	   4.8814783812051787e-01	   5.1019570616963950e-01	   5.9826702317098823e-01	   4.7544245646334904e-01	   6.7082544526617061e-01	  -3.3207521371184913e-02	   2.5925714940222727e-01	   7.7505837277886247e-01	   7.8483922852344346e-01	   5.0370707989848240e-01	   3.2389271429171307e-01	   3.1334277288456069e-01	  -4.2236032500466714e-01	  -1.8952573915864479e-01	   1.6121873679569923e-01	   1.6043123585104041e-01	   2.8050410185121638e-01	   3.2567370618973679e-01	   4.2325263609165620e-01	   1.4194683444253395e-01	   3.4803354597490327e-01	   3.0573225176099522e-01	   5.2138125318421147e-01	  -1.5992246617254104e-02	  -2.3523314943016800e-02	   3.9611389849705453e-01	   3.3988143379182567e-01	   1.6213893002695420e-01	  -2.2963976495009163e-02	   2.6414046385282125e-01	   3.7477800042361525e-01	   3.8241173081218982e-01	   1.2943994207260545e-01	   2.0094934008124055e-01	  -3.5974915571103061e-01	
   3.6028415782627532e-01	   3.4852577843527958e-02	   7.2336210834930592e-01	   1.1932436325840698e+00	   3.9726272438328719e-01	   5.2071773938733157e-01	   1.2542452333334548e+00	   0.0000000000000000e+00	   5.3155159290835541e-01	   5.4373538356907325e-01	   4.0274665670283943e-01	   9.3082625753288228e-01	   5.4022657557130582e-01	   6.9529004937396022e-01	   4.2954816433788406e-01	   6.1060242699846656e-01	   2.9697151525148330e-01	   1.5291857224189523e-01	   5.2578247432871750e-01	   4.6131576590023926e-01	   1.0922489027751892e-01	   2.5316969852543603e-01	   5.5703996486469565e-01	   8.3047424622530319e-01	   1.4143626591782091e-01	   1.8348554575226908e-01	   6.2671822120006243e-02	   2.6008399864158163e-02	   4.8921797792598176e-01	   5.8393796136466658e-01	   6.4024028542205169e-01	   7.6929549831333521e-01	   4.3071976690298530e-01	   6.3502396367081670e-01	   1.1599636182603898e-01	   3.6707342724771364e-01	   7.7557000173801460e-02	   2.7536847387408458e-01	   1.3070066085594026e-01	   3.2556168170976385e-01	   3.4411808639846236e-01	   4.2908154372416230e-01	   4.3931066125577434e-01	   4.4529763522352206e-01	   6.0419546633844534e-01	   5.9023527290911793e-01	   3.3519314055914645e-01	   4.4767463994757900e-01	   6.3190663368051625e-01	   5.5652295775525573e-01	   6.4705115821451864e-01	   5.4157572472157001e-01	   4.4735753653134430e-01	   3.4249066835220077e-01	   4.3851032709623172e-01	   4.2740713082659593e-01	   1.2403416214172189e-01	  -4.0089089046636502e-02	   5.3955603621992176e-01	   3.9098865643614855e-01	   6.2570918099150385e-01	   1.0766427056958865e+00	   5.0144447781012369e-01	   9.5952767546376228e-01	   5.5540473183868866e-01	   9.2555141610767078e-01	   5.6484733621450611e-01	   8.1157625125508159e-01	  -4.8315160298652571e-03	   1.6912489699096001e-01	   2.7066981620818592e-01	   3.2692061816727702e-01	   5.8839860771539676e-01	   5.1926974539088799e-01	   4.9380288271354050e-01	   6.1975287725762940e-01	   3.9050728448564087e-01	   2.1989597365040295e-01	   6.5466871302431423e-02	   6.0281088896839460e-02	   3.5331281910462070e-01	   4.0079995497039117e-01	   4.9465336524724768e-01	   6.8971679330727109e-01	   4.2460437822691405e-01	   6.0733754976516163e-01	  -1.2262196709355301e-02	   2.6713796827882602e-01	   6.5972687363442462e-01	   8.0459238798089661e-01	   6.2882319321698943e-01	   3.4211947442234264e-01	   4.1935818671174008e-01	  -4.6641619686509717e-01	  -8.3880381508579821e-02	   2.5251345661527458e-01	   2.7446817746270119e-01	   3.4084630258040577e-01	   4.3910126833332186e-01	   4.4467311710482649e-01	   2.3471886129247668e-01	   3.7014123982763947e-01	   4.3409651758859463e-01	   4.4719341953992858e-01	  -6.9634368524074787e-03	  -3.6685850459556892e-02	   3.9361630886770116e-01	   2.7953854538813833e-01	   2.6578390512008065e-01	   6.0796974259681183e-02	   3.1210969998568905e-01	   4.3490720541597394e-01	   4.2218702578119749e-01	   1.6055605877132578e-01	   2.4504136136698940e-01	  -3.2584910147473922e-01	
   3.8769987554841856e-01	   1.6665983327986378e-01	   5.0898623399558307e-01	   4.0377889779663562e-01	   9.9330066112516679e-01	   5.4206351552761423e-01	   6.0003540878663064e-01	   5.3155159290835541e-01	   0.0000000000000000e+00	   8.8516446015471983e-01	   4.5294531109511360e-01	   5.0356786029941580e-01	   5.2045435338964141e-01	   5.0771790034784137e-01	   9.0310461769156314e-01	   8.1749424773756452e-01	   4.6565577106392647e-01	   3.5907226482218085e-01	   4.0042928748960172e-01	   3.6119122533673947e-01	   1.7130108917346409e-01	   3.5053428839476730e-01	   4.0672006628547869e-01	   2.9066941389040091e-01	   2.0346411238203244e-01	   2.0962640612468236e-01	   3.7042533023505364e-01	   3.9977876698145698e-01	   4.6498793784331677e-01	   3.9462027251023590e-01	   2.9770889293654107e-01	   2.8735313234366056e-01	   3.2899357827589715e-01	   2.8082574433048513e-01	   2.5248605969186771e-01	   2.6421999084861042e-01	   4.0273351881270858e-01	   2.1519700639724704e-01	   3.4699948030869943e-01	   2.9342929966243769e-01	   3.6723245036047247e-01	   2.0413198873506883e-01	   3.5041940937195803e-01	   3.0939726600016026e-01	   2.9852850763882038e-01	   2.4228911594725208e-01	   3.5439741604149239e-01	   3.6520370545537062e-01	   2.6109894016204860e-01	   2.6691842929702647e-01	   3.3988669333988236e-01	   2.4128021969124600e-01	   3.2868536666439563e-01	   3.3134408438060126e-01	   3.9910630859651897e-01	   3.0097720247064419e-01	   3.8315022995745091e-01	   1.8303191683401102e-01	   3.4028284706647149e-01	   3.3622160989061267e-01	   3.6175503129482667e-01	   3.8647666361711652e-01	   3.1612387991613439e-01	   4.2280662723364643e-01	   5.0330888857395806e-01	   4.1601145251432470e-01	   3.7293737646016839e-01	   4.3781898993449858e-01	   2.7953450110725403e-01	   3.4288283357976385e-01	   2.4325396900062879e-01	   3.3453921151812277e-01	   3.6601984311286462e-01	   3.7808250588113723e-01	   3.0979176213055820e-01	   3.8603105517588238e-01	   2.6753635904593576e-01	  -3.2738412294649188e-02	   4.1526965931451792e-01	   2.4853447790243399e-01	   4.9093924491958330e-01	   6.0831226996291354e-01	   4.6052872362039821e-01	   6.3503978035750164e-01	   6.5843139802338324e-01	   6.8756590258689954e-01	   2.6147859352603503e-01	   4.3191651516381085e-01	   5.3259426625385542e-01	   6.1114990730286511e-01	   3.4555568636233386e-01	   2.5929478496570624e-01	   1.2954797653350489e-01	  -2.3768482516704625e-01	  -2.3132214352250474e-01	   6.4586326285857337e-02	   2.6596543945485196e-01	   1.8061498898646111e-01	   3.6711881155149606e-01	   3.0640358063628170e-01	   2.5867668882852723e-01	   1.0666370155232437e-01	   4.3259830842324903e-01	   2.4418629834920466e-01	   5.3194931061402093e-02	  -8.0633345166571991e-04	   2.5292606013098207e-01	   1.8314821034489193e-01	  -1.5389990798928336e-02	  -1.2733896243751788e-01	   1.7907575825181274e-01	   3.1033787070844221e-01	   2.5983624926587501e-01	   1.7747322080096384e-01	   2.0231341676390496e-01	  -3.1497727001593967e-01	
   2.8134603956081838e-01	   1.1883587022183720e-01	   4.8192181643745735e-01	   5.8261097115370197e-01	   7.7394031369489058e-01	   7.8033092732947207e-01	   5.1035966409260725e-01	   5.4373538356907325e-01	   8.8516446015471983e-01	   0.0000000000000000e+00	   2.5406391079663965e-01	   4.5728116460149382e-01	   2.2338185180769748e-01	   3.9899073509316002e-01	   6.0638473627800127e-01	   9.4530197760866408e-01	   3.2482483586926891e-01	   1.4139215398811203e-01	   3.5654135809480342e-01	   3.5684310180778001e-01	   1.3575202108914966e-01	   3.4308189087544266e-01	   4.8870223528921608e-01	   4.8299797696648322e-01	   5.2780909831857736e-01	   6.0355480216039337e-01	   5.7865998405118113e-01	   2.2728741850651163e-01	   2.0271465967727681e-01	   2.6493036230438255e-01	   2.3022744481988011e-01	   2.7730294237668607e-01	   2.0190390995424692e-01	   3.2563318364699079e-01	   3.9050184686387429e-01	   3.8285288164132386e-01	   3.3814906056492061e-01	   2.4564219045776331e-01	   2.7318289950050129e-01	   1.9836161598813842e-01	   1.9407132472065675e-01	   1.5262096646650039e-01	   3.1716003514926988e-01	   2.5726871941091056e-01	   3.0480316332346602e-01	   2.2930956919092133e-01	   2.2173118787484400e-01	   3.1727792272031774e-01	   3.8428457284830780e-01	   3.3183178701621113e-01	   5.8087721400946069e-01	   3.7095562041073471e-01	   4.7012683950942025e-01	   3.5765259646535008e-01	   3.3572504250008572e-01	   2.3512377561803555e-01	   1.7763118156545135e-01	   6.9156822741646112e-02	   3.7828654410169715e-01	   2.3314478654496035e-01	   2.9717671223840769e-01	   3.7470814042569506e-01	   1.0888253871475036e-01	   3.0591671166727707e-01	   4.2763242405089752e-01	   5.7380250556383872e-01	   4.2502643249053651e-01	   4.0132791973371740e-01	   2.3270945871649384e-01	   4.2268145154497033e-01	   1.5816356007422089e-01	   2.9612166191480738e-01	   2.8477214720821026e-01	   3.6112683533368362e-01	   2.7043307264264815e-01	   3.3309189700098979e-01	   1.5469010504022049e-01	  -9.6569939784743861e-02	   3.3577832876849950e-01	   9.3312871005713866e-02	   4.2781874357977867e-01	   4.4378235482894879e-01	   2.1978304937018056e-01	   3.8825609408834794e-01	   6.5971036684922191e-01	   6.7517381899520090e-01	  -7.0721890160208162e-02	   1.4930605059431737e-01	   5.4724041025179315e-01	   6.8864840125528026e-01	   4.8229870080087101e-01	   3.3629386205464318e-01	   4.0647704550107022e-01	  -9.2557102212835807e-02	  -2.0599041283627720e-01	   7.1339254540024322e-02	   1.3047487783474190e-01	   1.1586994864398238e-01	   2.8014387968237847e-01	   3.6701278318425423e-01	   2.3907241986297627e-03	   1.6651414060759276e-01	   3.3382291323551139e-01	   3.5654807757910428e-01	   1.8745092649440412e-01	   2.0432288053177962e-02	   3.0654990540446975e-01	   1.8774396451741460e-01	   7.3672846533903755e-02	   7.6549867055514212e-02	   3.0445485184723275e-01	   3.9768074381973439e-01	   3.7842651196237187e-01	   2.9567554485448810e-01	   2.0691856432622496e-01	  -2.8132448435490576e-01	
   6.8649753504573829e-01	   2.6084371533417577e-01	   4.5803275845072694e-01	   2.3203392284118049e-01	   2.8046305534753857e-01	   6.3615053363108937e-02	   5.9365059264136244e-01	   4.0274665670283943e-01	   4.5294531109511360e-01	   2.5406391079663965e-01	   0.0000000000000000e+00	   8.2196023536050611e-01	   1.3286400029733096e+00	   8.0061360583987584e-01	   6.3674811234312778e-01	   4.4261344246420264e-01	   3.8350566036412392e-01	   4.2664310549916534e-01	   5.5839945171609928e-01	   2.4148332152423921e-01	   2.0546310490720382e-01	   2.1054431808397669e-01	   3.0957360540919798e-01	   1.1261805025176347e-01	   7.6448182378168444e-02	   3.3983288010360102e-02	   1.2483413617237051e-01	   6.7743786168809716e-02	   6.6052953253493640e-01	   4.5040485422853416e-01	   3.9955293706802864e-01	   3.1265762591638074e-01	   3.8060845411748923e-01	   2.9745840640554505e-01	   3.7200762122707259e-02	   7.7292412055722751e-02	   1.1055214600167314e-01	   8.0675852090922734e-02	   9.0349889082286278e-02	   3.3691991333824084e-02	   2.9705711534700369e-01	   1.4117257391317320e-01	   1.7970249575393329e-01	   1.4125619713809662e-01	   7.0461736015173110e-02	   5.5755600293735108e-02	   1.4214281731513148e-01	   1.6578652406031044e-01	   3.9981421397523524e-02	   5.2429453213538618e-02	   8.3476882188507628e-02	   5.1876027249488608e-02	   1.1271353007983635e-01	   7.8126205921252384e-02	   2.3393066340776159e-01	   2.4896486203382856e-01	   2.9069185551485699e-01	   2.2221529569002468e-01	   2.1225470687108217e-01	   2.4083142609846914e-01	   6.7382076767662757e-01	   4.9245387482119368e-01	   8.1872269513591334e-01	   5.6173828477332388e-01	   3.2213255762581061e-01	   1.5886257862767406e-01	   1.1758633895586422e-01	   2.1149003341876815e-01	   2.9930118597144895e-02	   1.7110760841536475e-02	   2.5434835942095768e-01	   1.6468052343830308e-01	   4.4155882312065520e-01	   3.6845641913832577e-01	   3.8620075359092043e-01	   4.5179025067310430e-01	   2.7559495918164612e-01	   1.1682752839849712e-01	   1.8066591486234573e-01	   2.7151936671137927e-01	   3.2672059220624544e-01	   4.1441722816220727e-01	   4.5247210272599170e-01	   4.4653907714827323e-01	   3.3100581432180903e-01	   3.9515554780068674e-01	   6.8971024014292579e-04	   2.7547620135512468e-01	   4.5529871970174512e-01	   3.6908373374689163e-01	   9.5765975668545097e-02	   1.9846055665461773e-01	  -2.8665732613609100e-02	  -1.9609107629777434e-01	  -1.3724807638032155e-01	   2.2457903323493095e-02	   1.3083002545099665e-01	   2.4301473199283313e-01	   1.4426262549456820e-01	   2.3616116457999514e-01	   1.7571517785448754e-01	   6.2893249482077168e-02	   2.3431936697039651e-01	   3.0627378116900245e-01	   1.2839576385373500e-01	   1.3438439525373483e-01	   2.4172048499271187e-01	   1.6951783308681218e-01	  -1.2210458784588789e-01	  -7.6854677861792925e-02	   1.0183429135454283e-01	   7.2029558584961906e-02	   4.6553539358211195e-02	   1.2624757655291585e-01	   1.2577207023220063e-01	  -1.7118389057009842e-01	
   5.4076002332634898e-01	   2.1940822962610154e-01	   4.3784277129139859e-01	   6.0809269113789355e-01	   2.5074315504236433e-01	   2.5702812264332620e-01	   8.7429925779751794e-01	   9.3082625753288228e-01	   5.0356786029941580e-01	   4.5728116460149382e-01	   8.2196023536050611e-01	   0.0000000000000000e+00	   9.5816980425917708e-01	   1.2663637862373232e+00	   4.9599924670269802e-01	   6.9437318428970896e-01	   3.8352224897303205e-01	   4.4534182748460188e-01	   5.1929296690649807e-01	   4.5028672791993635e-01	   1.6483518060071287e-01	   2.3913270251476637e-01	   2.9447801694967224e-01	   3.9908784747761061e-01	   6.0585621454062440e-02	   5.9426306806533311e-02	   2.2858476606515330e-02	  -1.4312806050771567e-02	   6.7638869543234093e-01	   7.5843207312219230e-01	   5.1021924743058911e-01	   5.6487161164435862e-01	   4.3221538764458733e-01	   4.6613548793718046e-01	  -3.0934416129970728e-02	   1.1128127670630371e-01	  -5.6032370718689738e-02	   9.5943138052736410e-02	   1.9715309846899919e-02	   1.3859186543199767e-01	   2.4972732153994426e-01	   2.3541367051982851e-01	   2.2519657812034319e-01	   2.6972962473753609e-01	   2.6742040112685167e-01	   2.7315110764898609e-01	   2.5536951507977246e-01	   3.1751652994273272e-01	   2.9679637334579129e-01	   2.7110464420816571e-01	   3.4116813002380642e-01	   2.3258570064500014e-01	   2.6617629546600957e-01	   2.7224898981159984e-01	   3.2016643350758400e-01	   4.1570402815602497e-01	   1.9095769447729155e-01	   6.4480210015190276e-02	   3.5445125256318388e-01	   1.9581125837791533e-01	   7.6878892900080165e-01	   8.3492854073230871e-01	   7.9700345832177844e-01	   1.0322381475573195e+00	   4.1706700975263439e-01	   4.4924448808877182e-01	   2.3484714543040314e-01	   3.7620990565419760e-01	   1.1144130968730774e-01	   1.5618841962899832e-01	   3.9910055850526888e-01	   3.5944741422627857e-01	   6.3832434379518166e-01	   6.4970941155596862e-01	   5.6211223656334486e-01	   6.7050918827637174e-01	   3.3577434429851705e-01	   2.7725689061382497e-01	   1.2179625578095694e-01	   1.7981579092312722e-01	   3.9294660843821760e-01	   4.1432577480839911e-01	   4.4033395961482524e-01	   6.2745600964602211e-01	   2.8197964619321292e-01	   4.1857109542150417e-01	  -1.4012042359781093e-01	   1.5077830648230234e-01	   4.3914765221799773e-01	   5.4815888133202462e-01	   4.3311172151313260e-01	   3.6944171356883088e-01	   2.5272114419885577e-01	  -2.3684104746953510e-01	  -2.6737895524830770e-02	   1.8230217598692999e-01	   1.7006001486405189e-01	   2.9580629997128655e-01	   3.4805824873132934e-01	   4.0758030194142453e-01	   1.9075807051923610e-01	   2.3423564294115184e-01	   2.9227810554394545e-01	   4.0899417679482947e-01	   1.9931875380903674e-01	   1.2252558310254011e-01	   2.6059385089876030e-01	   1.9693815053202049e-01	   2.0136466666621308e-01	   6.5177775506790200e-02	   1.1956481128393670e-01	   2.8958657869509941e-01	   3.4143584435018465e-01	   2.7111909263670297e-01	   3.1134571040145670e-01	  -1.9113830859569664e-01	
   5.9686285911513781e-01	   3.0549569629370654e-01	   4.8029063472604699e-01	   2.9851590290458113e-01	   2.6152833330631342e-01	   1.0068177561256129e-01	   6.9548981747678040e-01	   5.4022657557130582e-01	   5.2045435338964141e-01	   2.2338185180769748e-01	   1.3286400029733096e+00	   9.5816980425917708e-01	   0.0000000000000000e+00	   1.0441283973316671e+00	   6.8190600745262531e-01	   5.4226919216829206e-01	   3.8121266352497962e-01	   4.9276555898080010e-01	   4.7394026191788163e-01	   2.7195654611510095e-01	   1.7650540217376401e-01	   2.5526457680765413e-01	   2.7871816380957382e-01	   1.3644697671717895e-01	  -1.3924569003225999e-02	  -4.5217331368988180e-02	   5.2720441446410887e-02	   1.2326686125500806e-01	   6.9516787607943953e-01	   5.0206299781300423e-01	   4.2224823859822624e-01	   3.5030696868321759e-01	   4.1202131691305938e-01	   3.2497044313474555e-01	  -6.3386344404333661e-02	   9.3771840922124254e-03	   9.8766442875084570e-02	   1.0205385093265075e-01	   1.3780175933872810e-01	   1.6942755237183904e-01	   2.7409148255369487e-01	   2.2279940873739007e-01	   2.0137947826360272e-01	   1.4434873821988947e-01	   1.1969995831491040e-01	   1.0078389626247042e-01	   1.9129196409186161e-01	   2.0878181274315905e-01	   1.1948012456506192e-01	   1.0956712315497583e-01	   1.7968246471562610e-01	   1.0393885329204561e-01	   1.8263607383815092e-01	   1.6693496551080303e-01	   3.1617231607409169e-01	   3.0896115591030626e-01	   3.2466011388975941e-01	   2.1054353184610303e-01	   2.3811776124551803e-01	   2.9668864901543696e-01	   6.6795020041821052e-01	   5.3903950455785965e-01	   7.4608519495309122e-01	   6.5714358617058166e-01	   3.5662277283112581e-01	   2.3465182143990287e-01	   1.3020949266494480e-01	   2.5916206394214936e-01	   5.7114559363757020e-02	   7.7564623906931807e-02	   2.6391070050359489e-01	   2.1173230631932158e-01	   4.8448566057969322e-01	   4.4079693042759249e-01	   4.1391207990095580e-01	   4.9911813512300041e-01	   2.7712358051078034e-01	   7.5037553384783615e-02	   1.7994954771727617e-01	   2.7906727409946319e-01	   3.4429745674422546e-01	   4.7833206316793098e-01	   4.6578781912707146e-01	   5.7080195312345738e-01	   3.0863146373435058e-01	   4.2305865665306946e-01	   6.0087732149808955e-02	   3.4442343467666753e-01	   4.7090257396645485e-01	   4.4245308097849745e-01	   1.7666438143013763e-01	   2.1015091247547674e-01	   4.4276985978484047e-05	  -2.2735737896181030e-01	  -8.8369535731056978e-02	   1.0767055442133185e-01	   2.0591194682875877e-01	   2.1762906735858825e-01	   1.8257569444489871e-01	   1.8653032346858126e-01	   2.7568860796992822e-01	   9.3173979469574328e-02	   2.8819134879085184e-01	   2.9676419936921461e-01	   9.5023120079597165e-02	   5.2906927816552270e-02	   2.8196582565519651e-01	   1.3613118931302753e-01	  -4.0088614315599347e-02	  -3.9626232636375595e-02	   1.0378485402802395e-01	   8.1728628535803413e-02	   1.3055942253002040e-01	   1.3690726563409319e-01	   1.5260773658101515e-01	  -2.6982380318979005e-01	
