   0.0000000000000000e+00	   1.0422857579395819e+00	   5.2734580826007094e-01	   2.1936287988964548e-01	   3.8291613645306538e-01	   2.6837399376808824e-01	   4.5888237981237728e-01	   1.2137311874422836e-01	   5.7108854113195517e-01	   3.0866064200832544e-01	   5.7506223975425841e-01	   3.2073530369887726e-01	   5.9363608594883710e-01	   2.4215167910394153e-01	   7.0869100652309680e-01	   6.0727706433225026e-01	   5.3845504832773505e-01	   6.8478766978740757e-01	   9.4145497423875868e-01	   7.0912551838980953e-01	   9.3559559307835188e-02	  -2.0151973317358012e-02	   5.2461100213337730e-01	   4.0322669505428632e-01	   2.6972323461601100e-01	   1.7867317316448886e-01	   5.3476394145466255e-01	   3.9749689397345145e-01	   3.5302679238669071e-01	   3.4343420793163837e-01	   1.4140273911247592e-01	   1.4201659191256308e-01	   9.6014677270793558e-01	   6.5059537540465917e-01	   2.4118790516976069e-01	   1.7064913898194761e-01	   2.6602060128567440e-01	   3.0809322399602912e-01	   4.0154588260771873e-01	   4.0637169038887194e-01	   3.5325134278189618e-01	   3.7901738330753909e-01	   2.7290126960401068e-01	   4.2071980172227541e-01	   2.4367922590790367e-01	   2.0421200982819643e-01	   4.4414260969460895e-01	   5.3754981422481007e-01	   4.3050924909354760e-01	   3.6593914766330660e-01	   4.4816809026191884e-01	   4.0476299904299995e-01	   2.7576784203746418e-01	   4.3916896451383114e-01	   4.1396543099553834e-01	   5.2716555614815741e-01	   1.1016998682631614e+00	   9.4462666732667011e-01	   5.7128554488419625e-01	   6.0830341619686756e-01	   3.6405212977524426e-01	   9.7244029628489062e-02	   3.5365733462330839e-01	   2.3272657670864730e-01	   2.9128712451246175e-01	   1.8390573993156856e-01	   5.9660932237180697e-01	   4.2374964545028815e-01	   9.5565725078077424e-01	   8.7704824196993458e-01	  -1.1395293888708571e-01	   4.6695958898294046e-02	   2.3329673559871345e-01	   2.7108436276182440e-01	   3.2981397681466107e-01	   1.7162106425545884e-01	   2.4158767952782781e-01	   7.7598796813710708e-02	   6.8343928673442689e-01	   5.4190975816352571e-01	   7.6569345797918387e-01	   6.8637920781011008e-01	   6.4062371257222472e-01	   7.6627238641897366e-01	   6.9179981360698051e-01	   6.3519669872980866e-01	   3.2050055220908252e-01	   5.1548019788298716e-01	   6.4503720302654011e-01	   6.1328495603523603e-01	   2.8173737634594070e-01	   2.0498066265763273e-01	   1.5883018595363482e-01	   3.7245652264638157e-01	   5.0263594802358613e-01	   4.4944295184224470e-01	   4.6806318278234316e-01	   5.8367939557716220e-01	   3.8939231158535170e-01	   5.2247747724765914e-01	   1.7728638656094012e-01	   4.7930463658171474e-01	   3.2458459300472470e-01	   3.7141882978432617e-01	  -9.6196121177894611e-02	  -4.2804941547459407e-01	  -8.3306982238407615e-02	   3.1099815073435083e-01	   1.2983419614846584e-01	   3.8817068503664831e-01	   5.5515246277384689e-01	   4.8575662748296777e-01	   1.5913178158015279e-01	   4.3089347166635961e-01	   9.5676265791012571e-02	   2.8820259799676194e-02	
   1.0422857579395819e+00	   0.0000000000000000e+00	   2.9485984847535707e-01	   1.3699230389261013e-01	   3.0799858260727631e-01	   1.5704618983768254e-01	   1.1057992772618318e-01	  -2.6898340654616170e-02	   3.2055781032922803e-01	   1.7646021971664064e-01	   1.5338651838961836e-01	   1.1103068673312975e-01	   2.1861957366177975e-01	   5.9568793838279323e-02	   3.7578374725166064e-01	   4.0670644397141054e-01	   4.4793682187502654e-01	   7.9099764777135084e-01	   6.4459292287743908e-01	   6.6369122190732632e-01	   2.2006664142517010e-01	   4.4058912790554829e-02	   3.3275875055659737e-01	   2.6771382247179787e-01	   3.7891825410946572e-01	   1.9203366521997106e-01	   6.0228412614175886e-01	   3.8623145169638162e-01	   1.9180609387910169e-01	   2.7109697485683004e-01	   1.0078033948903016e-01	   5.3063294912085335e-02	   7.9340294571021208e-01	   5.2479807566622017e-01	   2.8378622628682881e-01	   2.3521986877991413e-01	   3.6412085614798045e-01	   4.5101221036653316e-01	   4.5683639474734178e-01	   4.2916657265944380e-01	   4.5334331165368968e-01	   3.6513814246122217e-01	   2.8730835494556017e-01	   3.9341635453873725e-01	   3.7702264271642000e-01	   3.7530692673799859e-01	   3.8070520261869750e-01	   5.0688096013542117e-01	   4.1337731984618675e-01	   5.3542585040003843e-01	   4.3529179640434174e-01	   5.3145836983442685e-01	   3.4915455776724219e-01	   4.0910307845256028e-01	   3.4150837497570768e-01	   5.0077694582214904e-01	   1.0783503417512563e+00	   1.4236244208957360e+00	   3.9789204915721299e-01	   4.6642426026574768e-01	   9.6732319683671034e-02	  -7.0929468774798055e-02	   5.7977343954670822e-02	   2.1483486356826721e-02	   1.2879565106434576e-01	   7.0752030405209831e-02	   6.3708033708703227e-01	   4.9256727242126092e-01	   9.3291445877537948e-01	   9.3619924337652005e-01	  -1.2981098315973369e-01	  -4.1471174860290899e-03	   2.1255061762310704e-01	   2.4120012290403259e-01	   2.5364275024684557e-01	   1.3860609959549064e-01	   1.1581194021265649e-01	   7.1190048185321625e-02	   5.2765023283340717e-01	   5.6096330192709754e-01	   7.5291087123176614e-01	   6.6734917497484592e-01	   4.6937128370863834e-01	   6.3834468036049397e-01	   4.8154963052736910e-01	   5.6334982733134209e-01	   2.1172589138867948e-01	   3.9461865028021281e-01	   4.2857348701373321e-01	   4.8197090678053867e-01	   1.3875076213641799e-01	  -1.2037335848919338e-01	   4.0182304381070282e-02	   1.1482232677315610e-01	   3.8313691526863158e-01	   4.0975120838915896e-01	   3.4396843670223326e-01	   5.3192194869703635e-01	   2.6666135225367155e-01	   3.9036268712722921e-01	   1.6809590417245274e-01	   2.6040120252448518e-01	   1.9533938061556549e-01	   1.5115370481445078e-01	  -2.5247202010300557e-01	  -5.6056260329034491e-01	  -2.5727521283836169e-01	   1.2180859671723038e-01	   1.9827485059398978e-01	   2.7047835807535375e-01	   4.3796377030753270e-01	   4.3619524317442654e-01	  -2.6865659607461970e-02	   2.2308509271602275e-01	  -1.5321290260784862e-01	   1.1673206651411767e-01	
   5.2734580826007094e-01	   2.9485984847535707e-01	   0.0000000000000000e+00	   4.1417797766519160e-01	   4.0712060030305541e-01	   3.7423189259048950e-01	   9.4886992945813753e-01	   9.2541609583193657e-02	   5.9069023098859663e-01	   2.4775264214762782e-01	   6.1645612812532846e-01	   9.6967511405983434e-02	   6.7693433774553569e-01	   1.1565422194816033e-01	   6.9655524333153818e-01	   4.5576969698468434e-01	   1.7722219529256000e-01	   1.9406778453339407e-01	   5.4307169031811997e-01	   4.3689205091312322e-01	  -5.6959740883137976e-03	   1.0115848880926209e-01	   1.0886740986858983e+00	   7.9322946213334511e-01	   5.9183363151977919e-01	   5.8947648382340345e-01	   5.7977713651823171e-01	   8.3908621759690316e-01	   2.3625234057175240e-01	   1.1999961419560767e-01	   4.6390206166427744e-01	   4.8861241976519409e-01	   6.2853269267928114e-01	   5.0795726918784845e-01	   6.9508419840797586e-01	   4.9842822560276623e-01	   1.7693050954893158e-01	   2.9442730743173784e-01	   4.9761750765058310e-01	   4.2325629085575078e-01	   7.7263546283041579e-02	   2.4671794829761531e-01	   5.4390523791822976e-01	   4.6526495209280294e-01	   2.4320332439874426e-01	   9.8331728791673942e-02	   4.8307955284833037e-01	   4.1319984260797060e-01	   6.2409118032856215e-01	   2.6246669133881834e-01	   8.5265460849228680e-01	   3.6779232156218106e-01	   3.2854132586964652e-01	   4.4216207475933089e-01	   5.3808918797093619e-01	   5.1876181780153185e-01	   2.9533155467035205e-01	   3.1048148270267983e-01	   4.7256440860692805e-01	   2.6357850445810999e-01	   3.9837949695211450e-01	   2.6360308581572196e-02	   3.6001845534427895e-01	   4.4141346353661924e-02	   8.4467465624695248e-01	   4.7061722666191763e-01	   5.7467383286269735e-01	   3.3686583824577343e-01	   4.4249143684848236e-01	   3.4951921126619628e-01	   2.1308981452810324e-01	   1.4338722905175222e-01	   1.8436812055487808e-01	   1.4719195540703703e-01	   2.5123446421212842e-01	   6.1091302973509926e-02	   3.4327679775660302e-01	   1.7953250305301696e-01	   3.4588173317930321e-01	   3.0249658633680893e-01	   2.2029797888735259e-01	   3.8935061715804359e-01	   4.9228851107071170e-01	   3.4352048863845541e-01	   7.8404065209928053e-01	   5.4098732771590252e-01	   3.2007765076015149e-01	   6.2554792472683307e-01	   8.7826306461479453e-01	   6.5770695508867638e-01	   3.4230927045122733e-01	   4.9045282671672874e-01	   2.7904817120143582e-01	   6.7217956545861746e-01	   3.0887927603583221e-01	   2.0045363183213538e-01	   5.7913143331567063e-01	   3.2030234908441185e-01	   3.7463704011746651e-01	   4.4234324584426571e-01	   1.7160234890423717e-01	   5.4398124783066504e-01	   2.8789281376373776e-01	   2.8868898069514759e-01	   1.0384595884553617e-03	  -1.6662820772625864e-01	   1.3485344149007761e-01	   3.5628854427617246e-01	   1.2510507212608507e-01	   3.6470862396654663e-01	   6.1192611783086526e-01	   2.8706043430579187e-01	   2.3279743944058520e-01	   3.6881545401860177e-01	   2.4592016333537173e-01	  -7.0640441217500849e-02	
   2.1936287988964548e-01	   1.3699230389261013e-01	   4.1417797766519160e-01	   0.0000000000000000e+00	   4.9821570465895193e-01	   8.8947695647610137e-01	   4.9459243912627637e-01	   9.5803570839986996e-01	   3.0643686861593483e-01	   8.1665144108990284e-01	   1.1579169998093464e-01	   5.0219882153360196e-01	   1.4576537042094423e-01	   2.1642493321859010e-01	   6.5818649339406364e-03	   4.8520486626797787e-01	  -5.8964049030998063e-02	  -6.0594840237071061e-02	   2.2078734481944118e-01	   6.4283456621423507e-01	  -5.6551254419109588e-03	  -4.0753685567677765e-04	   1.2168033087766705e-01	   5.5644891727700463e-01	   1.9971443784777984e-01	   2.6915362979720092e-01	   2.4374105034863885e-01	   1.9901934888082731e-01	  -6.5520926047163391e-02	   1.5231578822055600e-01	   1.3555284832444181e-01	   4.2839042643443170e-01	   4.0527115823919652e-01	   7.2088228558403411e-01	   3.0558249968990142e-01	   5.6124038332013271e-01	   3.7622543325898747e-02	   7.4960332209908137e-02	   7.3437483486893468e-02	   7.5442643712949481e-02	  -1.3241424276173502e-01	   1.0362306238064489e-01	   1.9569587717880355e-01	   2.3757839244740053e-01	   1.9937674947589318e-01	   2.3199284988850696e-01	   1.1861386991580322e-01	   1.9919987680135970e-01	   3.7007229310267142e-01	   1.7677416531653359e-01	   5.0163050306035617e-01	   2.0256112536554252e-01	   2.3462242759864749e-01	   1.5379647892078996e-01	   2.1205820825292460e-01	   1.9432944695771234e-01	   2.2769140699729123e-01	   6.8536479654718249e-02	   1.9630367300936943e-01	   4.6468909432193206e-01	   5.2508551978271656e-01	   7.5971404921861962e-01	   1.3331848544624186e-01	   1.6501387188606345e-01	   3.2054387116361249e-01	   8.8318315461641905e-01	   3.2265531054883828e-01	   5.0483655634549696e-01	   3.1933342622352523e-01	   3.6971953367467486e-01	   1.8609835311754353e-04	   3.6134004457846075e-01	  -8.3115126980179074e-03	   2.0834748377526177e-01	   1.0816498421507323e-01	   2.6244449805008507e-01	   1.5930936534079679e-01	   3.2053385834586673e-01	   2.7666024245189219e-01	   1.4430444229098760e-01	   2.1453338549050338e-01	   3.5802046134418658e-01	   1.7750522621215112e-01	   1.1384238693427366e-01	   3.2778253167037802e-01	   5.8089740747729846e-01	   7.8442262955542769e-02	   2.5689468128559673e-01	   4.9959522376380983e-01	   6.1190988660989487e-01	   6.0156500111547984e-01	   4.2995037283523091e-01	   8.0730904264188219e-01	   3.3884070033525054e-01	   1.4463331271875995e-01	   1.5418410212602141e-01	   1.3611749266608811e-01	   1.2167506212525044e-01	   2.2785897065631761e-01	   2.6598496647962327e-01	   6.2794700234440903e-01	   4.3978341168806734e-01	   3.4905962517297834e-01	   1.8578845747016681e-01	   7.3724538284418092e-02	  -1.6038898792902146e-02	   3.2597379650494118e-01	   3.5882891745553908e-01	   8.1030184778014630e-02	   2.5056758402578000e-01	   2.7595993326751955e-01	   3.6061142604773172e-01	   5.2153071321652167e-01	   3.0510045875095226e-01	   2.0652052947802374e-01	  -9.5342553593044249e-02	
   3.8291613645306538e-01	   3.0799858260727631e-01	   4.0712060030305541e-01	   4.9821570465895193e-01	   0.0000000000000000e+00	   8.4528260808757727e-01	   5.5695959453883614e-01	   5.6390692706018697e-01	   7.5473872501944506e-01	   7.6555212839945175e-01	   1.3398352160292137e-01	   3.2034540256390459e-01	   2.7007177761055856e-01	   3.4562362777140948e-01	   3.5789358820543016e-01	   7.9830564850609831e-01	   6.7263998779268877e-02	   6.4892268695414146e-02	   4.7511998923248838e-01	   5.2196743703256743e-01	   1.7806409996473829e-01	   1.1446600472489743e-01	   1.4244199809218336e-01	   2.5230916229728562e-01	   5.9155330385500149e-01	   4.3786483361289041e-01	   2.4988155555254660e-01	   1.8886563817830271e-01	   1.8355303686724067e-01	   3.1802296574549305e-01	   4.8636078066748012e-01	   3.9286369377433616e-01	   5.4290894537337997e-01	   6.6765753652951443e-01	   1.9988603765760812e-01	   3.2683175469002496e-01	   5.6225481664591827e-02	   1.2704640234612954e-01	   1.9651994114588314e-02	   1.4964375260106641e-01	   2.4956880970643192e-02	   9.1369169890976445e-02	   2.9859628180922254e-01	   3.4288603634925752e-01	   4.7436458417990773e-01	   4.4599210375750253e-01	   2.9785529212427631e-01	   3.8024440493400397e-01	   3.3233502862798397e-01	   3.2948643749899309e-01	   3.2793990021188268e-01	   2.6764986419601050e-01	   2.9561210758983830e-01	   2.9572649938970780e-01	   1.1356465394372550e-01	   3.4185827305592781e-01	   3.0609266784122569e-01	   1.7577529081869456e-01	   2.8054193620426632e-01	   4.2350763078619080e-01	   5.0049248478057518e-01	   4.8951050045958899e-01	   2.6870169034028772e-02	   5.1335864285371076e-02	   1.8238934540711740e-01	   3.4930452046881350e-01	   4.0284233089940258e-01	   4.7435999798256623e-01	   5.3389148108974349e-01	   5.5381569350854853e-01	   1.6991948333113660e-01	   4.1906791567758089e-01	   2.8634766156757729e-01	   3.5671296605225711e-01	   2.7812922218353892e-01	   2.5965357365069797e-01	   2.5918314644655838e-01	   3.6861904084072511e-01	   2.7492241669201839e-01	   1.6541647416504449e-01	   2.8353983210225192e-01	   2.2379359801762055e-01	   3.8237422578622632e-01	   2.1631057464074629e-01	   2.6688092309927780e-01	   3.4200990683289983e-01	  -4.2367902124964912e-02	  -3.3904590957699681e-03	   2.7400657528740130e-01	   4.6479349096786304e-01	   4.8870857430342074e-01	   2.6430898977459150e-01	   4.5957017288224095e-01	   3.4891174898896138e-01	   1.9744567632957297e-01	   3.2110356148292135e-01	   1.1611426584248929e-01	   3.2851657319062122e-01	   2.7766524068640164e-01	   3.8900335058963909e-01	   4.6427027213221128e-01	   5.4712155945677909e-01	   3.7407089618721112e-01	   3.6364263923233453e-01	  -8.0386689962752052e-03	  -2.8471724295242684e-01	   1.7002842764919252e-01	   2.1459855536348615e-01	   1.1851807960917146e-01	   2.7136423815930077e-01	   2.8790795949103926e-01	   4.4067596990087521e-01	   3.8978967973465423e-01	   4.0347599210416568e-01	   1.7093296795751262e-01	  -5.2348761437711090e-02	
   2.6837399376808824e-01	   1.5704618983768254e-01	   3.7423189259048950e-01	   8.8947695647610137e-01	   8.4528260808757727e-01	   0.0000000000000000e+00	   4.6355811965854737e-01	   6.9592978871606337e-01	   4.5339763123883969e-01	   8.9411423174725757e-01	   1.5122773260526878e-01	   4.6757898365149436e-01	   2.5743130279847759e-01	   3.3418406360155017e-01	   2.3156865157332995e-01	   6.9271840372053617e-01	   4.8433256246467979e-02	   6.1988168026230930e-02	   3.4307012600033165e-01	   5.8640121369517317e-01	   4.3294685189601799e-02	   7.9822793638819167e-02	   1.8394985559976229e-01	   4.8535895021794973e-01	   4.1209306202972945e-01	   3.9629016001016604e-01	   3.0096324782155037e-01	   2.5538755546460223e-01	   1.3682924006004682e-01	   3.8175694361025897e-01	   3.3247304344228279e-01	   5.0305717577210185e-01	   4.6433486344762487e-01	   6.3312179490419085e-01	   3.8587825493100619e-01	   5.8776886454536381e-01	   5.1257935222872496e-02	   1.8032480278368162e-02	   1.2569306609769204e-01	   4.8127433489898189e-02	  -4.0860489077676990e-02	   5.5684455791390954e-02	   3.1873599011459974e-01	   3.3092438916096584e-01	   2.9013941024578666e-01	   2.7894427764560581e-01	   1.8437715304378666e-01	   2.6804398254264533e-01	   3.3455632095367410e-01	   2.0115156618028412e-01	   4.0091540636574041e-01	   1.6148321268367397e-01	   2.2215124523750890e-01	   2.4170918481202505e-01	   1.7261521869111954e-01	   1.9654341361845842e-01	   1.9830080093365712e-01	   8.8051703707075865e-02	   2.3247014854001213e-01	   4.5545525160151712e-01	   5.0623850857729547e-01	   6.5854157542764613e-01	   9.7723857596676206e-02	   9.8642774675857872e-02	   3.3758222396306509e-01	   6.5083718854841410e-01	   2.8769398981697186e-01	   4.1243898359736469e-01	   3.8571709259796211e-01	   4.6040984811932911e-01	   1.1523595217215191e-01	   3.9025703708847054e-01	   1.9219885333900025e-01	   3.3233416587289877e-01	   2.1766152088558852e-01	   2.6990629337611816e-01	   2.8375906657627992e-01	   4.7072854994544322e-01	   3.5508996632452172e-01	   2.8143165529148517e-01	   2.4598945111557219e-01	   2.9192184309590052e-01	   3.2480033811202075e-01	   1.7250067901120109e-01	   3.7388333964528708e-01	   4.4484882823974420e-01	   1.0612408961241336e-01	   1.7619760436015200e-01	   4.0751134506393788e-01	   5.3243131237936625e-01	   5.5746910597136989e-01	   3.9985185577622978e-01	   7.4845253399012457e-01	   3.6061010446368930e-01	   1.9566768002970777e-01	   1.9078508780611558e-01	   1.6391559007684037e-01	   1.9109756941291059e-01	   2.5116481325099638e-01	   3.0169199598742036e-01	   6.2602437453354942e-01	   4.5026647424154181e-01	   4.3827364618342640e-01	   3.7206402758010154e-01	   1.0889323630892805e-01	  -1.2339743863711503e-01	   4.1108048919099349e-01	   2.5074746539994697e-01	   1.2776244051015914e-01	   3.2379764778814524e-01	   3.4681580094224140e-01	   4.2318176827858234e-01	   4.4253886467495701e-01	   3.6651873047770284e-01	   2.6107148357034282e-01	  -1.6396745031967452e-01	
   4.5888237981237728e-01	   1.1057992772618318e-01	   9.4886992945813753e-01	   4.9459243912627637e-01	   5.5695959453883614e-01	   4.6355811965854737e-01	   0.0000000000000000e+00	   5.7355201757816987e-01	   7.7803895745685758e-01	   4.9935425961768776e-01	   8.2376016544314967e-01	   5.5190492583993822e-01	   8.5669028750977871e-01	   5.0541255633470650e-01	   6.0447816074349947e-01	   6.1893431014258715e-01	   2.1791437899240010e-01	   9.7461837717999600e-02	   5.7737797741256314e-01	   4.4930691219270186e-01	  -4.7699556580572691e-02	  -4.2651307524833783e-03	   4.3467196086113202e-01	   3.9623919249291328e-01	   1.9635995881217994e-01	   2.3583326277733691e-01	   1.8371438796576231e-01	   3.1398566410656820e-01	   3.4635561769726786e-01	   2.8305789100557627e-01	   2.6575382724032875e-01	   2.9570836620171292e-01	   5.6756486208523682e-01	   6.7115249770537877e-01	   1.7202179072881527e-01	   1.5343451885877277e-01	   8.4273668585070738e-02	   3.9537937789051007e-02	   1.4129875008421366e-01	   2.1613653382559078e-01	  -2.3321663135663362e-02	   1.0854651226546805e-01	   3.0084191999074561e-01	   2.0184502320655950e-01	   1.7890147832804265e-01	   5.7718603405631570e-02	   3.1390809819225046e-01	   2.6172329574232656e-01	   5.0402155642929025e-01	   1.7897842107262407e-01	   5.5271443602851777e-01	   2.2740509560581995e-01	   2.2822644933988728e-01	   2.6874986954587554e-01	   3.0176727937196335e-01	   3.4695657850232581e-01	   2.7858700179715573e-01	   1.1440706124881991e-01	   5.1010913302641292e-01	   4.5628184223479534e-01	   8.8187851613645218e-01	   4.1153217648502544e-01	   5.9393992712992538e-01	   4.2225812050228279e-01	   4.8493945547951511e-01	   3.6766563460180729e-01	   3.5720664028487553e-01	   2.2152508491964640e-01	   3.9683636676037215e-01	   3.3391607685548252e-01	   2.1876465039460943e-01	   2.5667474766786874e-01	   2.2944139234228408e-01	   2.4623461883348446e-01	   2.6044115192765110e-01	   1.5902695461822614e-01	   2.7752285127147130e-01	   1.3774000831231314e-01	   3.2744136027403437e-01	   1.5329100789726696e-01	   2.5297569372829320e-01	   3.8410798042622507e-01	   4.4186363304085075e-01	   3.2537491337943314e-01	   5.1617333450037672e-01	   4.5422252933698831e-01	   7.8014269008099796e-02	   3.1338756408649188e-01	   6.5842166193896434e-01	   5.5800689463746256e-01	   5.7171730330432502e-01	   6.3121293586014326e-01	   4.6149185190602504e-01	   5.9038775374584729e-01	   3.1284453256810296e-01	   3.4564184140088777e-01	   3.3487094995166788e-01	   2.6284768144542459e-01	   3.7082902629890252e-01	   4.0451541236921923e-01	   2.3802623841316248e-01	   6.4763760966909123e-01	   3.5738129038772304e-01	   3.5645527255123316e-01	   3.8118338213049732e-02	  -1.3596524919407679e-01	   3.3552924699760012e-01	   4.3594886320422421e-01	   7.5993987378509251e-02	   2.5522748148835511e-01	   3.2637291444256156e-01	   3.1356840334902480e-01	   5.7253393510127903e-01	   4.2415935844330621e-01	   2.5695156190593571e-01	  -1.2393618662163342e-01	
   1.2137311874422836e-01	  -2.6898340654616170e-02	   9.2541609583193657e-02	   9.5803570839986996e-01	   5.6390692706018697e-01	   6.9592978871606337e-01	   5.7355201757816987e-01	   0.0000000000000000e+00	   3.0762810394533341e-01	   8.8044428001510033e-01	   9.2689410715589921e-02	   8.3195455756385994e-01	   9.8415196724236445e-02	   4.6885526568825053e-01	  -2.5511252663261885e-02	   5.2412009771049983e-01	   3.8733622774997284e-02	  -6.3713673626299983e-02	   2.8058301908146743e-01	   5.7649933566531208e-01	   2.5040332348756206e-02	  -3.1890385164048532e-02	  -1.7544677622750190e-01	   1.7564903080803601e-01	  -4.0443387987840779e-02	  -7.7007805699624982e-03	  -1.3150004408538163e-01	  -2.1999211012048936e-01	   1.5547850210899949e-01	   3.9461435515090582e-01	   1.0718808148377848e-01	   2.6601738370812189e-01	   2.7656735754145689e-01	   6.3153478239868210e-01	  -1.2261532644247773e-01	   1.1947653142980959e-01	  -2.3947615245032805e-02	  -1.4694688866266267e-01	  -2.4690012156146379e-01	  -1.7913457246852582e-01	  -1.4990758454326703e-01	  -7.3353006086153243e-03	   5.0742215988701635e-02	  -1.0329696524357145e-03	   1.3125238107613479e-01	   1.9779110275415077e-01	   2.4516324206838754e-02	   4.7933400731209670e-02	   8.5990163863784705e-02	   4.1606397722369626e-02	   6.9033199003499607e-02	  -2.3489614414605228e-02	   5.0703928223471577e-02	  -1.2243202730744384e-03	  -9.9319846018770683e-02	  -4.7323947244121090e-02	   1.4065935518020034e-01	  -1.3416158373871095e-01	   1.0097746253369880e-01	   4.1820892469692383e-01	   6.6380105380302123e-01	   9.6214808852379441e-01	   1.8676141905695529e-01	   4.3077426848374534e-01	  -1.3589714898151762e-02	   3.6613002130742700e-01	   9.3040445608703351e-02	   2.4822319088372863e-01	   1.8083584038001249e-01	   2.5119304206607734e-01	   1.1686867470267620e-01	   4.8814222893338033e-01	   1.6026149310302082e-01	   4.1072829276200756e-01	   1.7302581048055121e-01	   4.1811934271909368e-01	   2.0170531338526490e-01	   3.8388105304412795e-01	   1.7286238412331495e-01	  -5.1365198374654558e-02	   2.0295010892958507e-01	   2.0952199261181384e-01	   1.2042850613751749e-01	   7.3973979423552813e-02	   6.7027905299909027e-02	   2.4537004340705063e-01	  -1.5439682649192729e-01	  -1.0835924836990708e-01	   1.6802291658037713e-01	   3.0240256217849515e-01	   6.2445124238527527e-01	   3.3878099200703804e-01	   7.0387703833504733e-01	   1.4172000579374278e-01	   1.5355074785886896e-01	   2.6416391223145613e-01	  -7.2217218495960439e-02	   2.2994587228632703e-02	   1.8810701867851140e-01	   1.5733398322930209e-01	   5.0961189310457289e-01	   3.4416857196495820e-01	   3.7249060503756171e-01	   1.7080737380567229e-01	   1.1021627403286953e-01	   6.5340731963589140e-03	   3.9524233432630773e-01	   2.3399669683464447e-01	   5.3392038943721923e-02	   1.8326456985733541e-01	   3.4611371905774117e-02	   3.7143288387956352e-01	   6.4661854768549853e-01	   2.7129804220469056e-01	   1.9417944586755997e-01	  -2.7286071403627394e-02	
   5.7108854113195517e-01	   3.2055781032922803e-01	   5.9069023098859663e-01	   3.0643686861593483e-01	   7.5473872501944506e-01	   4.5339763123883969e-01	   7.7803895745685758e-01	   3.0762810394533341e-01	   0.0000000000000000e+00	   7.0571148474657486e-01	   5.1118138787295198e-01	   3.0776337479834548e-01	   6.7800383935837427e-01	   4.8748210974575290e-01	   7.8575568039722810e-01	   9.7281382988196141e-01	   1.7756992464258609e-01	   1.8683854943532058e-01	   6.6749211750842807e-01	   4.8205487060145069e-01	   1.2250846763755452e-02	  -2.2644051100502514e-02	   3.4207768424511714e-01	   2.3419374683642838e-01	   3.0507129137215061e-01	   2.4114513586917996e-01	   4.3078321635884737e-01	   4.3312590231333442e-01	   2.9432372895980868e-01	   2.7622642039855344e-01	   2.1155198744622375e-01	   1.4549313171786066e-01	   4.8301256255544989e-01	   4.6714485740914941e-01	   1.1648674656083538e-01	   7.9204862882358534e-02	   2.3716167156717000e-01	   2.1155774055463378e-01	   2.7286491404845020e-01	   2.9590182706024687e-01	   1.2427856250342961e-01	   1.2429729080419864e-01	   3.1621832988499227e-01	   3.9357937725069253e-01	   1.6413924885691622e-01	   1.0921015201894255e-01	   4.1849577813928041e-01	   4.2417818887564124e-01	   4.2644861430774561e-01	   2.0201330310587695e-01	   5.3977375449305409e-01	   2.8758708446626646e-01	   2.4461472993934097e-01	   2.9269707565592629e-01	   2.9699924623723789e-01	   4.3440520603654231e-01	   3.8965315862294903e-01	   2.6906048687283857e-01	   4.7619790202854828e-01	   4.5930600317689646e-01	   6.2750847579563640e-01	   2.7920321359914546e-01	   3.2829756422152090e-01	   7.9993279986109569e-02	   5.0406690215765670e-01	   2.7376729300569880e-01	   2.9747680452100789e-01	   1.6075890514128616e-01	   5.7212998115928704e-01	   5.2802089790875095e-01	   7.1003685139791869e-02	   8.2639885724982654e-02	   2.3295273063004190e-01	   3.2351463899119015e-01	   2.5810712105820899e-01	   1.5865757313062703e-01	   3.1783638433289790e-01	   2.1378832879155071e-01	   2.9964434815626162e-01	   2.7624706285478828e-01	   2.7337325300489690e-01	   3.3726375975104039e-01	   4.3161946578172883e-01	   3.1846529953873692e-01	   5.4076436626371716e-01	   5.1850545670891046e-01	   1.2695285090571104e-01	   2.8371397713639612e-01	   6.9362407255191305e-01	   6.2643524609372636e-01	   3.5724442083751312e-01	   3.3262061416452954e-01	   2.9651306694998947e-01	   4.0656953885879898e-01	   3.4669734915035222e-01	   4.7269151587933944e-01	   3.0744452918990328e-01	   4.1722869555499664e-01	   2.8789567931148957e-01	   4.1676463187183693e-01	   1.3000495038283633e-01	   4.8092123592007219e-01	   3.6026425201835527e-01	   2.7868295607075227e-01	   2.9491901869776616e-02	  -3.5606941257795688e-01	   1.7465975198601258e-01	   2.4978922603271325e-01	   3.4533086579674210e-01	   4.0833062568268197e-01	   4.0174228261913636e-01	   3.0936875188544488e-01	   3.6128757811414391e-01	   4.6767885684487787e-01	   1.4496926178594335e-01	  -5.3957599602176678e-02	
   3.0866064200832544e-01	   1.7646021971664064e-01	   2.4775264214762782e-01	   8.1665144108990284e-01	   7.6555212839945175e-01	   8.9411423174725757e-01	   4.9935425961768776e-01	   8.8044428001510033e-01	   7.0571148474657486e-01	   0.0000000000000000e+00	   9.1708590064612502e-02	   3.8337004084864046e-01	   2.0190438609925621e-01	   3.9943390854951533e-01	   2.0327945949590870e-01	   8.2975707476336602e-01	   7.4528224967033790e-02	   7.9530505680124805e-02	   4.3026009604219562e-01	   7.0989786248379705e-01	  -9.9257623754890029e-02	  -1.1526388981035322e-01	  -2.6005703093610099e-03	   2.1287788840064925e-01	   1.9351957931360439e-01	   1.8148804562131621e-01	   1.9636576658424212e-01	   1.2198933444648721e-01	   1.3584986735542326e-01	   2.9190002819360517e-01	   1.7591066432317104e-01	   2.4603682431321344e-01	   4.4546735785309388e-01	   6.6284221550559430e-01	   3.6342397036072546e-02	   2.5706338359296221e-01	   5.8886004640804138e-02	  -3.9597143188606333e-02	  -6.3732607057990489e-03	  -5.6721989053939360e-02	  -6.5459631838804766e-02	  -4.4057685357088705e-02	   1.2862810193827029e-01	   2.2133334722296924e-01	   2.1579147271774665e-01	   2.4350054959203815e-01	   1.9618068496694530e-01	   2.5206874261526097e-01	   2.9032720271208651e-01	   1.9537006264271661e-01	   3.6310444236577810e-01	   1.9026997191149767e-01	   2.0076808631693860e-01	   1.9811346861738249e-01	   1.1049168906089799e-01	   2.3116410851242125e-01	   2.7733770654706075e-01	   8.4397328735923871e-02	   2.3981308897175646e-01	   5.3745263710320412e-01	   5.7281142432859966e-01	   7.3815789555554345e-01	   1.3134458757071527e-01	   8.4317588145390393e-02	   2.4600395940723632e-01	   4.8968980849386956e-01	   1.9915847859035032e-01	   3.2887091194802248e-01	   4.6464811357483371e-01	   5.3632634442213889e-01	  -3.2153925433425039e-02	   1.6982559114497930e-01	   1.8646992960066022e-01	   3.4448600873313623e-01	   1.9941035670820662e-01	   2.8682050887601013e-01	   2.4142071187491479e-01	   3.2320052445376446e-01	   3.2845692868816456e-01	   2.1819976249061407e-01	   2.7305040524309243e-01	   3.0282845224433008e-01	   2.3822644168511259e-01	   1.5652155339960591e-01	   2.7185906196379994e-01	   4.4445019985931089e-01	  -4.8197647098819130e-02	   9.0455843345595005e-02	   3.7481643036017620e-01	   5.5973563105990021e-01	   5.5286696058305473e-01	   2.9450891138863450e-01	   6.4174808631181479e-01	   1.9122437838699466e-01	   1.9860464349137116e-01	   2.9087215314474213e-01	   8.0590833501140102e-02	   2.3145768477905510e-01	   2.8441835820556277e-01	   3.0969901281891682e-01	   5.6450901098028305e-01	   3.7997561715728095e-01	   4.7719921541143134e-01	   1.5105978905219761e-01	   2.3516508459183398e-02	  -1.8855939582462114e-01	   3.3253876298799617e-01	   2.1733571503455903e-01	   2.8012453440189361e-01	   2.6907107000536434e-01	   2.1534881923609814e-01	   3.7605362692178856e-01	   4.3182302624666702e-01	   3.7854558869085786e-01	   5.6201644328962304e-02	  -8.7931228991848062e-02	
   5.7506223975425841e-01	   1.5338651838961836e-01	   6.1645612812532846e-01	   1.1579169998093464e-01	   1.3398352160292137e-01	   1.5122773260526878e-01	   8.2376016544314967e-01	   9.2689410715589921e-02	   5.1118138787295198e-01	   9.1708590064612502e-02	   0.0000000000000000e+00	   5.5520369848222584e-01	   1.5114315377739618e+00	   5.0782034661166087e-01	   7.7959749879219409e-01	   3.4711669584048566e-01	   5.0622701944122372e-01	   2.8905652336426557e-01	   4.9596785786478159e-01	   1.8020769012114179e-01	  -2.0129110696869851e-01	  -1.2248836304677407e-01	   5.7279759912409967e-01	   4.0168012555387389e-01	  -2.2957894697603058e-02	   4.1080033420189684e-02	   1.7100799703219910e-01	   3.2205479124478048e-01	   4.2511891881734820e-01	   2.7991840254751232e-01	   3.0100326883156271e-02	   1.0765444220736170e-01	   4.1193799681523008e-01	   2.9401573124683172e-01	   1.6721880893609109e-01	   1.8631801518416608e-02	   6.8086387615118260e-02	  -8.9377692040235740e-02	   2.1069134341670226e-01	   1.6283528183022028e-01	   6.7130392593265059e-02	  -1.5098388841289568e-03	   2.3412428587879652e-01	   2.3174378482791144e-01	   6.7297100093539688e-02	  -5.6552385681439991e-02	   2.5390667795221650e-01	   1.8081558735389097e-01	   4.4409499636293681e-01	   5.5389859716817674e-02	   4.5517856179532812e-01	   1.6136977160727534e-01	   1.1865715553776414e-01	   1.2757898176025284e-01	   4.1840770037007519e-01	   2.7503777609247848e-01	   3.7799327670235172e-01	   2.5172115624979363e-01	   5.5867007695799609e-01	   3.4841751515427843e-01	   6.5959089555292172e-01	   1.3971448032919026e-01	   1.0068335576436507e+00	   5.2772391597690493e-01	   5.4235284519685001e-01	   2.2591715529597173e-01	   2.1568794734472571e-01	   5.4596481592501994e-02	   3.0372541371927630e-01	   2.3671229117839110e-01	   9.1411562589876483e-02	   3.6193600508706583e-02	   1.0673365605949482e-01	   1.0167062814495782e-01	   2.4135339927944660e-01	   9.3678578283259099e-03	   1.3987725866547718e-01	  -7.2057207298226039e-02	   4.4801757281009597e-01	   3.6384815975716439e-01	   3.4856272320117015e-01	   4.9830517007276531e-01	   3.5859281246884084e-01	   3.0289387784416749e-01	   7.2542292142498899e-01	   5.1930106297246081e-01	   1.4889947237330620e-01	   4.3630491435055396e-01	   6.4780824036785678e-01	   3.6977164427624093e-01	   2.2470541031967148e-01	   4.6762620708372044e-01	   1.5865834635547549e-01	   5.1119771969770122e-01	   2.1091678018075816e-01	   1.5683313449089983e-01	   3.7576688237181027e-01	   2.1870492917382395e-01	   2.4516883833125763e-01	   2.1396661315260529e-01	   3.3770747251358466e-02	   4.4200693779057454e-01	   1.6930351429726070e-01	   3.7346933585961678e-01	   7.1100841475772225e-02	  -2.1577082197908135e-01	   2.5983776171100964e-01	   3.7286413295996629e-01	   7.2029483793056834e-02	   2.0676884651829769e-01	   2.7541167862326349e-01	   7.3507109554727362e-02	   2.6716671911334394e-01	   3.1128229713395805e-01	   2.3944177778982961e-01	  -1.8418903966055208e-01	
   3.2073530369887726e-01	   1.1103068673312975e-01	   9.6967511405983434e-02	   5.0219882153360196e-01	   3.2034540256390459e-01	   4.6757898365149436e-01	   5.5190492583993822e-01	   8.3195455756385994e-01	   3.0776337479834548e-01	   3.8337004084864046e-01	   5.5520369848222584e-01	   0.0000000000000000e+00	   5.2037484845967197e-01	   8.9527819493012695e-01	   2.5420532656149830e-01	   5.7059315155769574e-01	   2.9764896142767777e-01	   1.2431352742906493e-01	   3.3227923822180788e-01	   4.1908875394756251e-01	  -2.4168767706864758e-02	  -7.2006349434584130e-02	   5.2338114429383784e-02	   2.8978963522812967e-01	  -1.5775789183490305e-01	  -1.5168661408829637e-01	  -1.3823485032218986e-02	  -1.2947817033542788e-01	   2.8532969123437324e-01	   5.3944211975560830e-01	   1.0687800355758377e-02	   1.9181372220658044e-01	   2.7965936061071806e-01	   4.7245486241423434e-01	  -1.0256635458247287e-01	  -1.9722981037257326e-02	  -3.1641807653127518e-02	  -1.3075222448163173e-01	  -7.3567314739901551e-02	   6.0834357246568396e-03	  -7.4987639331311029e-02	  -7.8037489260579337e-02	   6.8598102588171894e-02	   4.7177928269433914e-02	   9.4074251511402182e-02	   1.3978386509530386e-01	   5.0979303417500892e-02	   4.7752239522967761e-02	   2.1988702052974876e-01	   1.2356912209184862e-01	   1.6600735891255217e-01	   8.3295317674772912e-02	   1.1611466100218112e-01	   4.7343883436656636e-03	   1.7261193699389338e-01	   7.6837051878875656e-02	   2.6557366784518505e-01	   7.0439370584215441e-02	   2.6584594916849780e-01	   4.7098195852316632e-01	   6.3600511801430226e-01	   6.3327024840991408e-01	   4.5142915028331110e-01	   6.5117340839229521e-01	   6.6227611685788404e-02	   2.4326941470284913e-01	   1.6915233501842649e-02	   1.0125813347114572e-01	   1.6625229198234348e-01	   2.3881515225984765e-01	   1.1617131313386880e-01	   3.2803760564324491e-01	   1.2204626064469579e-01	   2.9275774722898174e-01	   2.3023321103757738e-01	   3.0756436207244553e-01	   4.6458122855688913e-02	   1.9568509536519182e-01	   3.9120716067475875e-01	   1.5237197772163374e-01	   4.0662347409298705e-01	   4.2051722562301397e-01	   2.3024340567040436e-01	   1.6492366169962014e-01	   2.9720318482364166e-01	   3.9396667150474801e-01	   2.4810500253864561e-02	   7.1127602004836282e-02	   3.2425056998072865e-01	   2.8314493078150449e-01	   4.6649348754805248e-01	   3.8321409272919066e-01	   5.2022487631812964e-01	   2.3485277649481856e-01	   1.5600141704990769e-01	   9.7471809127575096e-02	   1.0438241822096446e-01	   1.0428354415620389e-01	   2.3704383343893326e-01	   1.7969248118823469e-01	   3.5827635747050152e-01	   3.9230346393012949e-01	   1.8074540735633091e-01	   3.1374289185157733e-01	   1.0209017307211908e-01	  -5.8425022766099191e-02	   3.8167354756406840e-01	   3.0049949484923866e-01	  -6.2949900291262476e-02	   1.4886469136249064e-01	   7.5487270168334883e-02	   2.5795762130773336e-01	   6.0381493330103231e-01	   2.7734221615348331e-01	   2.5752377975610979e-01	  -1.7770472853621178e-01	
   5.9363608594883710e-01	   2.1861957366177975e-01	   6.7693433774553569e-01	   1.4576537042094423e-01	   2.7007177761055856e-01	   2.5743130279847759e-01	   8.5669028750977871e-01	   9.8415196724236445e-02	   6.7800383935837427e-01	   2.0190438609925621e-01	   1.5114315377739618e+00	   5.2037484845967197e-01	   0.0000000000000000e+00	   6.4520414654702696e-01	   9.4543337122032844e-01	   4.6119547267640326e-01	   4.0856133070965217e-01	   3.0121804763608756e-01	   5.7719112812555795e-01	   2.3448551260891809e-01	  -1.8655772779686439e-01	  -7.7180002083201610e-02	   6.3154074652762748e-01	   4.0736018189287737e-01	   8.3743031177540075e-02	   1.1304825820437923e-01	   2.5693005553922965e-01	   3.9740722040538012e-01	   4.3404669691134828e-01	   3.2832639770510930e-01	   1.1925731005282370e-01	   1.4782963245589345e-01	   4.6795231480789917e-01	   3.6258805379165493e-01	   2.3725935062579437e-01	   6.9264906068440865e-02	   9.0559590476443325e-02	  -1.5115668848607598e-02	   2.6821465444319487e-01	   2.9303533587256192e-01	  -1.1411759311994065e-02	   4.6510685259829798e-03	   3.7362821758051606e-01	   3.6025687600306416e-01	   1.9459857929057819e-01	   6.6463242982520904e-02	   3.7563590822695314e-01	   3.0922405976063772e-01	   5.5666407532682471e-01	   1.9589281357931879e-01	   5.6386565715625014e-01	   2.7492508317560693e-01	   1.6849656319303266e-01	   2.3396303969047400e-01	   5.2339955531873250e-01	   4.2899252645533564e-01	   3.2318344454815301e-01	   2.6561300741359040e-01	   5.3497595135077980e-01	   3.8945423665388917e-01	   7.0346840149391443e-01	   1.5667312432213748e-01	   6.8579562172080111e-01	   3.2117318379059473e-01	   6.3867877385558125e-01	   2.7502230903900310e-01	   2.3715038219858309e-01	   1.0010996471292685e-01	   3.6399507255759045e-01	   3.1993227972261729e-01	   9.4300624804865910e-02	   2.3303745277347366e-03	   1.5716437743696235e-01	   1.5890178113096690e-01	   2.6483813109537174e-01	   1.0905873228432828e-02	   1.6375109723435263e-01	  -1.5357934084269413e-02	   4.8465758556778060e-01	   4.1078497200159719e-01	   3.5142962225420299e-01	   4.9023265780463132e-01	   4.4157885600144120e-01	   3.2353551203851921e-01	   8.3743218840633349e-01	   5.3651851974730502e-01	   1.7091110577259122e-01	   4.5561255260933720e-01	   7.2255111780862236e-01	   4.7740128686197203e-01	   2.4468579667400289e-01	   4.3952659964091534e-01	   1.9438368452080243e-01	   5.3574131798918267e-01	   2.9216441661645243e-01	   2.4141135022949076e-01	   4.8269129872599187e-01	   3.5459145325579317e-01	   3.3660650754771010e-01	   3.2722365896365657e-01	   9.6280551341196688e-02	   5.0470590601902854e-01	   2.4101825271909152e-01	   3.9338348166117082e-01	   9.9049183238034605e-02	  -2.4123571580827949e-01	   2.7224383311016692e-01	   3.8410828290284904e-01	   1.3351732561699331e-01	   2.8426246681876860e-01	   3.5437036988925230e-01	   1.4547123667093961e-01	   3.0794797062647622e-01	   4.1345012717038443e-01	   2.3680616661693044e-01	  -2.2622127960965957e-01	
