   0.0000000000000000e+00	   4.9125864340056502e-01	  -9.0780851617649358e-02	  -6.2928336553882441e-02	   7.7279695479219139e-03	   1.7361820194422638e-02	   4.6333040555519137e-02	   1.1545179995943627e-01	   1.4952102482228889e-02	  -2.5983400250152717e-03	   5.8467488760835007e-01	   5.3843363150099921e-01	   4.3261668549354027e-01	   3.5118408109669552e-01	   2.6553858826359589e-01	   3.6331404123964861e-01	   7.1683222378680556e-01	   5.5343887841173667e-01	   8.3499968684277803e-01	   4.9724904384169932e-01	   9.9999146459652327e-02	   1.0526067958787338e-01	  -2.0840615845639987e-01	  -2.4751554040248674e-01	  -2.2691051065894954e-01	  -1.7633054829071143e-01	  -1.4204648743061537e-03	   1.6066606261248181e-01	   7.1577292779261403e-01	   6.6458053449523324e-01	  -1.5604855303861792e-01	  -6.3772941129281197e-02	   3.9582727052874489e-01	   3.1014221892946980e-01	  -1.0569684836612303e-01	  -8.4683611970531356e-02	   3.2515395624957233e-01	   2.6447555259393152e-01	   1.9497859145404237e-01	   2.5414466773545641e-01	   4.7983238328348277e-01	   5.0135585439714958e-01	   5.4649545510023478e-01	   6.0835321053549318e-01	   2.9738446178812733e-01	   4.1605392334706659e-01	   4.6098602397318739e-01	   5.1706606632263608e-01	   8.8962432871110789e-02	   1.5954792381496308e-01	   3.8091861788472563e-02	   9.9505799256280336e-02	   1.2116595591125749e-01	   1.6402836729361256e-01	   3.2235573820307173e-01	   3.3590240401525240e-01	   1.2070316656344775e+00	   3.3816535571042505e-01	   5.4857450859816348e-01	   2.4119549732506623e-01	   7.2207885014126660e-01	   4.2248740055066869e-01	   6.1982598752909468e-01	   2.3783564071838115e-01	  -2.0298099137563227e-01	  -3.8525099378252214e-02	   4.4563877308890817e-02	   2.2171725670552006e-02	   4.0510841085669413e-01	   1.1813454723811811e-01	  -1.0269963336668381e-01	  -3.4163291743251603e-03	   7.7952481787893280e-01	   6.4108257030661597e-01	   4.6406241074659726e-01	   6.0894187253678078e-01	   5.1286391740896808e-01	   2.7725238182728906e-01	   4.5137060827943248e-01	   2.2423604637705924e-01	   6.0874949322516880e-01	   4.2196895911181087e-01	   3.5797335842288219e-01	   6.0853873208273179e-01	   1.2690275590391142e-01	   1.5653831645306010e-01	  -4.2472403457083349e-02	  -1.8780894217202803e-03	   2.1448542138014276e-01	   2.8349612903137694e-01	   7.4037806883132537e-02	   4.0638615178890489e-02	   1.2603341742257664e-02	  -5.3163130462755434e-02	   1.4369484034659458e-01	   8.6975095747517203e-02	   2.4169314520526558e-01	   4.9955018487735442e-01	   5.4624128099574132e-01	   7.7445940135839275e-01	   6.0470957842485781e-02	   2.9918692577013001e-01	   2.5521226087448123e-01	   4.8038032619545956e-01	   1.3110317078803232e-01	   9.8926216713011397e-02	  -3.2582273485741234e-03	   6.9528748560524933e-02	   2.5192495451881292e-02	   2.6720588117858940e-01	   3.3032123611842346e-01	   4.4574351743430934e-01	   4.0292459392146895e-01	   2.4691979150273638e-01	  -1.2120638035456835e-02	   2.6499189192203398e-02	
   4.9125864340056502e-01	   0.0000000000000000e+00	   3.4218821335769667e-01	   3.4963605053280189e-01	   2.4525619012444888e-01	   3.0683985121173069e-01	   4.0227335863164165e-01	   3.5991034479593664e-01	   1.4194831161798876e-01	   9.0732334877794710e-02	   1.5160123219041893e-01	   2.5422003908628787e-01	   1.5064379937438005e-01	   1.3016316559284330e-01	   3.8694526708764865e-01	   3.5033288614128111e-01	   1.4837840069286309e-01	   4.2413177836994653e-01	   5.4686768216365944e-01	   7.3423018054190847e-01	   3.9290039560023321e-01	   4.2760369511249957e-01	   2.9868297194140092e-01	   2.0245365946534433e-01	   1.7234494445740051e-01	   2.0304122735960092e-01	   4.0984229489760948e-01	   4.2361059028842490e-01	   2.4252340805882200e-01	   3.4618368243519443e-01	   2.5543733503578514e-01	   2.6444278570629082e-01	   6.8919570578854472e-01	   7.6447076289090221e-01	   2.9809169973605154e-01	   3.0996986004565652e-01	   6.6786156562021715e-01	   6.4909354331329860e-01	   4.1533824825122134e-01	   5.1623124728321290e-01	   5.4757038245043987e-01	   4.8581791011008479e-01	   6.1867990741213541e-01	   6.2286745139456390e-01	   2.8312462873488131e-01	   4.5517402868980067e-01	   5.8538636856466553e-01	   5.9825386759101451e-01	   3.5603885755399362e-01	   4.4186186156299301e-01	   6.4136366427319480e-01	   4.8159868835498648e-01	   4.7495044474997139e-01	   5.9152488637108847e-01	   6.0051597479803798e-01	   6.6221626379437781e-01	   6.2405038992495787e-01	   8.9899840787144547e-01	   7.0424413454660884e-01	   5.4535150556028489e-01	   4.8447888706105707e-01	   3.6184065742481208e-01	   4.4541709715966421e-01	   2.9241234400801136e-01	   1.8669185689827142e-01	   2.3560756743544073e-01	   5.2202204956771392e-01	   4.5932316358533026e-01	   7.4455443896431195e-01	   7.1198227658133861e-01	   5.7819648677847404e-02	   1.6700512071438459e-01	   5.8834817553513463e-01	   5.6975319453687012e-01	   4.0487003180875480e-01	   4.9507633178973837e-01	   5.1181622475612465e-01	   4.8983749305069002e-01	   1.5654430262111277e-01	   7.5248565645238397e-01	   6.3091749975352007e-01	   8.2240550667361800e-01	   5.8417019848170026e-01	   6.9121916736669786e-01	   4.2532197358172641e-01	   5.4714931359276275e-01	   3.3397300358664822e-01	   2.0581155447591448e-01	   5.9209377983953904e-01	   6.8062506152376956e-01	   3.4679198712794573e-01	   2.2470831401477326e-01	   3.3619777109149862e-01	   2.9371292971116225e-01	   2.3354354986029399e-01	   6.4244977461044461e-02	   6.3658429406364747e-01	   6.0470968222356414e-01	   5.9989631356177187e-01	   5.6921518390826331e-01	   2.4053925986014607e-01	   3.8499331135001758e-01	   4.4412020506000749e-01	   3.4573446539904440e-01	   3.3493802734212225e-01	   3.2712131729703997e-01	   2.8092418332882501e-03	  -2.0450560532550528e-02	   9.8175294485104744e-02	   5.9844909983614092e-01	   4.7641925666045287e-01	   4.4490482647300511e-01	   3.6455059717494531e-01	   3.4333125088596722e-01	   8.3230886750912988e-02	  -4.4081923996182701e-02	
  -9.0780851617649358e-02	   3.4218821335769667e-01	   0.0000000000000000e+00	   1.1654624746297906e+00	   4.5347052478354272e-01	   5.3283629513437336e-01	   8.7857501314048037e-01	   5.4968483871462592e-01	   2.2423585758672893e-01	   1.6614955526710279e-01	  -6.6767087683707621e-02	  -8.9778072992265659e-02	  -2.4056822723854687e-01	   5.9162250705751776e-02	   4.0685029924659932e-01	   2.6610580959763003e-01	  -3.7901207662715908e-01	  -5.6871634708430242e-02	   3.4979248033740529e-01	   4.3454839584215604e-01	   4.0451939110315732e-01	   4.5805027396227732e-01	   1.1072698096701741e+00	   1.0068957297682775e+00	   7.5037729421988519e-01	   7.4858562536772733e-01	   8.3060082598177387e-01	   6.6904792399561952e-01	  -2.7245244163112015e-01	  -1.0196281127058256e-01	   5.6879000026004811e-01	   5.8895296325742919e-01	   4.1637882256078135e-01	   4.8391691677890097e-01	   8.2906603357965925e-01	   6.0577411546236470e-01	   5.6046700940122063e-01	   5.0478851082884080e-01	   4.6749900430042435e-01	   4.9913868732157057e-01	   2.5348759690388178e-01	   2.4745263746977786e-01	   4.1557536570447695e-01	   3.9835215083742392e-01	   3.6645248697190308e-01	   4.1218758681708551e-01	   5.9549128636807058e-01	   5.4940330821433747e-01	   4.7549338641168049e-01	   4.8870139393113116e-01	   9.1007779758076013e-01	   6.4923275307307460e-01	   3.2663034046017930e-01	   5.9260924374207447e-01	   6.6250341050216832e-01	   7.0528965395971999e-01	  -1.4095255860645020e-01	  -3.6993117128348504e-03	   1.8347808560324069e-01	   1.3344678787986486e-01	   7.9887495513274384e-03	   2.3504470558330208e-02	  -2.8318481760490993e-01	  -8.9643184486314545e-02	   1.1205876221109852e+00	   7.2323223351097787e-01	   7.0721086632404406e-01	   7.2640155606193624e-01	   5.0211248665762365e-01	   4.7424804557832867e-01	   3.2818797104686748e-01	   3.9627817542450100e-01	   7.3878003418484398e-02	   2.4641176244347435e-01	   1.5141784298254443e-01	   3.0787935989015919e-01	   3.0785954135030402e-01	   3.7446783358455665e-01	  -1.6177260194324147e-01	   3.1459271358882190e-01	  -5.7334339834894388e-02	   4.6499677453724914e-01	   5.9895725722990023e-01	   2.4609226836680576e-01	   8.1015430084392015e-01	   7.4925642641826429e-01	   6.3177162705336665e-01	   3.6636735964101685e-01	   7.3350960694052436e-01	   5.4734770044894998e-01	   4.4007679042435921e-01	   4.5402819912599501e-01	   6.7764439743239901e-01	   6.8524349486215741e-01	   9.9565088637326382e-02	   5.3662279900986966e-02	   5.7695981070199931e-01	   4.1723073161947521e-01	   4.8242969936261137e-01	   2.4404141211932243e-01	   3.2709092885501917e-01	   2.5425111211927659e-01	   1.1183708987902997e-01	  -3.4925969929306522e-02	   4.9597594381111623e-02	   1.6226440408453860e-01	  -2.1391447024878429e-01	  -2.7512754660090072e-01	   1.3297184896472402e-02	   4.7721274611965464e-01	   4.9860896095904905e-01	   3.2519752598296314e-01	   3.0241702136704085e-01	   2.1357529053005059e-01	   6.7612658414152843e-02	  -1.4285422770283462e-01	
  -6.2928336553882441e-02	   3.4963605053280189e-01	   1.1654624746297906e+00	   0.0000000000000000e+00	   5.0783897713262616e-01	   7.1976723584848645e-01	   6.6227440561805473e-01	   7.4403703783527797e-01	   2.0759576722211073e-01	   2.1109670703715464e-01	  -2.0933114527165653e-01	  -2.0481284710432524e-02	  -3.1992761521920698e-01	   1.6968678632604584e-01	   3.8072689114745439e-01	   3.7280248633702912e-01	  -2.6467896768851490e-01	  -4.8418763499173192e-02	   3.7700985123979824e-01	   5.4209564998956827e-01	   5.5034272814257057e-01	   6.3787032024148937e-01	   8.8002124734940246e-01	   1.3630477594226191e+00	   8.0637546570995233e-01	   9.6592468083717897e-01	   1.0106595525395279e+00	   8.9756999386671765e-01	  -2.4280771295507037e-01	  -8.1982123781120728e-02	   5.8131560893984369e-01	   7.2547934120826274e-01	   3.1507878675577600e-01	   4.4762588556790306e-01	   7.8493978511533502e-01	   6.4177118459325411e-01	   6.5529255580357726e-01	   5.9130361334740666e-01	   6.0589565521578603e-01	   6.8739947246373101e-01	   3.8647084544108751e-01	   4.3178086015561662e-01	   4.5028779235184047e-01	   3.9541607767047487e-01	   3.8261151957609035e-01	   3.8421716174090442e-01	   5.0347586645778353e-01	   4.4891213042931127e-01	   3.5293352860421046e-01	   3.5163288780422230e-01	   8.1783490039503715e-01	   5.5917130777475554e-01	   2.1426651351161111e-01	   5.0763615782700633e-01	   6.0352888178617436e-01	   6.1015592570104915e-01	  -6.9858898692965854e-02	  -9.7719397573239868e-03	   1.0055995558255000e-01	   8.5111329078237527e-02	  -1.1425025628238240e-01	   1.0844408453693254e-01	  -2.8415003146658824e-01	   1.8029624813502808e-02	   7.4386089854986004e-01	   9.9978945649467321e-01	   5.8820294374201065e-01	   8.3813468092644483e-01	   4.8416828975077475e-01	   5.4064176392849284e-01	   4.0427691114406517e-01	   5.3411931348888686e-01	   1.3796459920379886e-01	   3.0057670602434761e-01	   1.7257519310013858e-01	   3.6585318920469645e-01	   3.5306808234948389e-01	   4.5423706825808691e-01	   1.9451835290953078e-02	   4.3482985607788366e-01	   1.1475508905701856e-01	   5.9648173010705730e-01	   6.4414946799097872e-01	   3.5626923626925416e-01	   7.7003595279635184e-01	   1.0434569742683806e+00	   7.4449189815955796e-01	   4.8318618595503587e-01	   7.7067640681869043e-01	   7.3953507912348360e-01	   4.7733954285254648e-01	   3.4832726796551511e-01	   9.0071395282909616e-01	   5.6045898925922710e-01	   6.3514430617319123e-02	   3.8189122630286274e-02	   5.7178631869359120e-01	   4.7101291595796058e-01	   4.4273138646525456e-01	   2.2894216905916925e-01	   3.2410521553539695e-01	   1.5777845584198924e-01	   1.5444755434747770e-01	  -1.6149511947978923e-02	   1.8376689108939301e-01	   2.6688369628936504e-01	  -1.7606705429266317e-01	  -2.5775183121295714e-01	  -1.6284318826784383e-02	   4.7274598764799841e-01	   5.1641763391028250e-01	   3.3390026148038260e-01	   2.3032707581132666e-01	   2.8243658657867632e-01	   2.1235282411241985e-01	   7.2020938602144289e-03	
   7.7279695479219139e-03	   2.4525619012444888e-01	   4.5347052478354272e-01	   5.0783897713262616e-01	   0.0000000000000000e+00	   1.1218675406414587e+00	   2.5188435300224915e-01	   4.0550178225143224e-01	   8.9150830041042362e-01	   6.9464642312865410e-01	  -2.3948121415981558e-01	   2.5937794471971604e-01	   1.0744946307248146e-01	   4.8162448790211665e-01	   5.8416336612147812e-01	   3.1236831034570611e-01	   4.1150088524921677e-02	   1.4502883908060971e-01	   1.7591223880810958e-01	   1.7423672546359520e-01	   2.7700053996131380e-01	   3.0381169799944419e-01	   4.1625051330295082e-01	   3.5846565324688062e-01	   8.2514549894528921e-01	   6.1930146244379380e-01	   6.2596122998474546e-01	   5.2272638061344145e-01	  -2.5698073597215293e-02	  -3.5000620694860089e-02	   3.8812031330446806e-01	   1.9723954403837418e-01	   1.4577792614055465e-01	   2.4607183145806441e-01	   4.0434009270671900e-01	   4.8857389717784050e-01	   2.0807312467511968e-01	   2.6613325559794399e-01	   8.4790144455839725e-02	   2.5176605386183726e-01	   1.7050559193308681e-01	   8.6041695476770652e-02	   3.2346948083477195e-01	   3.3130695778599606e-01	   3.1801833028814802e-01	   4.0514051083677949e-01	   3.0295671238386190e-01	   2.8295645139886738e-01	   2.7351358713590573e-01	   2.7696283106784358e-01	   4.3544957696425690e-01	   2.8986187465314162e-01	  -4.1157612279351434e-02	   1.8426451020636525e-01	   2.5308543094476971e-01	   2.8077244654375616e-01	   9.3617852324894293e-02	   1.8472512299461555e-01	   1.5218394856489639e-01	   1.2784638258689993e-01	  -1.3333833875843065e-02	   1.8558769994105129e-01	  -3.1585521648222120e-02	   3.2797053519142094e-01	   2.6121253612206541e-01	   6.8011792083270295e-01	   4.1565700605278944e-01	   6.1847493722963942e-01	   2.8215851933779201e-01	   3.1584502260858727e-01	   4.4145106163046732e-01	   2.0679107365652066e-01	   8.9571230029106011e-02	   5.4917345843010466e-02	   5.6775746107853117e-02	   5.8621781636581966e-02	   9.8975653475371378e-02	   2.0861700387010176e-01	   1.5081879288908584e-01	   4.0473103196461746e-01	   2.0735551764588320e-01	   3.3141153542330526e-01	   3.1828635451553428e-01	   1.1071737492808650e-01	   4.0670230637900384e-01	   4.8225428277373705e-01	   1.0124026998931701e-01	   1.4194430347126835e-01	   4.1877724144660994e-01	   4.0689955663775140e-01	   3.3366052927913842e-01	   1.9689587817441570e-01	   3.5391653043249199e-01	   2.4208128597897133e-01	   1.3056674116341144e-02	   1.1962204289977085e-01	   2.5838029464499124e-01	   2.1880256209998944e-01	   2.0851390718320081e-01	   1.7767286458449028e-01	   2.5873218379158625e-01	   5.0802392827061851e-02	   9.6794116104081656e-03	   4.3312033704298925e-02	   3.1833009375245067e-02	   1.6971357723249120e-01	  -1.2732618597372944e-01	  -1.9671144698509666e-01	   1.5699059797359069e-01	   2.8220461514663081e-01	   2.9345526324195281e-01	   1.5287363897143788e-01	   2.9979118635629191e-02	   2.1164585430114832e-01	   6.3808144920614068e-02	  -4.7228515967431231e-02	
   1.7361820194422638e-02	   3.0683985121173069e-01	   5.3283629513437336e-01	   7.1976723584848645e-01	   1.1218675406414587e+00	   0.0000000000000000e+00	   3.0902701266319943e-01	   4.5099903740422875e-01	   5.3567393208149627e-01	   6.8844747105313309e-01	  -1.5229692568079928e-01	   2.2387310970074065e-01	   6.6392791890794015e-02	   4.3338751135551151e-01	   5.1890309840570492e-01	   4.3531494205949772e-01	  -3.6240873291481630e-02	   1.7365432994694155e-01	   2.4942002094373361e-01	   3.1689098067752669e-01	   3.7950837171062374e-01	   5.0796966086737660e-01	   5.0088151983469242e-01	   5.4643905240494517e-01	   8.5128553104155924e-01	   7.4286471854889868e-01	   8.4604325049639906e-01	   8.5991775142403948e-01	  -4.4777044163786361e-02	   3.9627952824087369e-02	   3.9888086452941529e-01	   2.9451651868722295e-01	   1.4510263671352569e-01	   2.5627531120848884e-01	   4.8729739136175920e-01	   4.9843043312380186e-01	   3.8615257364712474e-01	   4.6528878030230608e-01	   2.6280356768047092e-01	   4.0566536437228295e-01	   3.3175110025400989e-01	   2.5121357029436853e-01	   3.8343112138701868e-01	   3.5950158018367961e-01	   3.2603345220819652e-01	   4.0439518994035489e-01	   3.6446970190017597e-01	   3.0883239960114711e-01	   3.0303023748781099e-01	   3.1635191785647881e-01	   5.1001576989782305e-01	   3.4830332873724951e-01	  -2.8788514896647796e-03	   2.8204460281007671e-01	   3.6755089048807171e-01	   3.9770435556157924e-01	   5.1460733843135563e-02	   1.7621327428535738e-01	   1.6994019079036896e-01	   1.4835885519149272e-01	  -4.6293774244072321e-02	   1.3989603416512328e-01	  -1.1644695117765215e-01	   2.0813801567990367e-01	   2.6172437365608248e-01	   7.3750488986600982e-01	   4.6063533052690431e-01	   7.3886589953461002e-01	   3.7025985237895065e-01	   4.5361057662880316e-01	   3.9653904869351070e-01	   3.6071490767560627e-01	   2.0971905157687054e-01	   1.7367205492595414e-01	   7.6856997793791196e-02	   1.1430371142095762e-01	   2.6086878483185888e-01	   4.0030491038682747e-01	   1.0663519017845155e-01	   4.0775142672663739e-01	   1.9747613161519603e-01	   4.9034821109146998e-01	   4.4098370431101819e-01	   2.0912844358118096e-01	   5.6028814632472701e-01	   6.4515014639242152e-01	   2.1763506844225736e-01	   1.7482836912965830e-01	   5.9311028111596054e-01	   6.3931080398373463e-01	   3.5025911203293264e-01	   2.5163778796077990e-01	   4.9089351359601624e-01	   3.6708606232512492e-01	   5.7734401480998183e-02	   7.1381374214487481e-02	   3.9591635738718212e-01	   3.2231813569146300e-01	   2.7213318442813944e-01	   1.8495121360853473e-01	   3.7298776617627460e-01	   8.0500720755017949e-02	   1.9381201869891049e-01	   6.9875735549773776e-02	   1.8660850384207164e-01	   2.2694950738334596e-01	  -3.3034877187225316e-02	  -1.9924298719947178e-01	   2.4758782531521601e-02	   3.2100681105111301e-01	   3.4537940609952389e-01	   1.3562136382918782e-01	   7.0333323508837600e-02	   2.3292963765868846e-01	   1.6704935044891298e-01	   8.1833224072317454e-02	
   4.6333040555519137e-02	   4.0227335863164165e-01	   8.7857501314048037e-01	   6.6227440561805473e-01	   2.5188435300224915e-01	   3.0902701266319943e-01	   0.0000000000000000e+00	   9.2984143518652507e-01	   3.6175076473018114e-01	   3.2948672860610267e-01	   1.2029893622746775e-01	   1.5261968710480203e-01	   1.6129782577508764e-01	   1.2155244338207263e-01	   4.3388658541530567e-01	   4.0413827269601343e-01	  -3.1469844077612463e-01	  -7.9541542388849671e-03	   4.0556428751438434e-01	   5.1630258907585014e-01	   2.6452816472820995e-01	   3.2129226856290172e-01	   7.9238501064541855e-01	   6.1296632618595170e-01	   2.9225737184669687e-01	   3.4779695146235790e-01	   2.1955752124136521e-01	   2.3221699180725297e-01	   4.4369065368640742e-02	   1.0441057326009405e-01	   6.8309420572377955e-01	   6.1570383461483813e-01	   6.8442068862379313e-01	   6.3050758073787916e-01	   4.0806980857865377e-01	   3.8495005552192330e-01	   5.0960295648071319e-01	   3.8475898018402477e-01	   4.0765631655804135e-01	   3.0662789464365520e-01	   3.1410940250521546e-01	   2.4741504522829605e-01	   3.6191374682577926e-01	   3.9228284624105214e-01	   3.7097375425840462e-01	   3.7032623683058058e-01	   5.4531094504131217e-01	   5.1017411775799082e-01	   4.2751481999230223e-01	   4.0009278750668936e-01	   7.4918165048969465e-01	   5.3152559542555555e-01	   3.6006481797592094e-01	   5.3309984101224051e-01	   5.2986036756458610e-01	   5.6789868683754907e-01	  -6.4997701404012634e-02	   7.3241322821524291e-02	   4.1759227237143376e-01	   2.9059486512727317e-01	   4.0356558103466705e-01	   2.7653102269383389e-01	   1.3988247779958590e-03	   2.4070256218602104e-01	   7.2896192378778701e-01	   3.3379029171179198e-01	   6.2997115438872286e-01	   5.3898887712469024e-01	   4.6721383530463328e-01	   5.0731068914215149e-01	   3.1698881198180806e-01	   3.5706390991723602e-01	   2.2877750535015495e-01	   2.9271195425226426e-01	   2.0494479997025891e-01	   3.0992995038176019e-01	   4.5229865801428226e-01	   3.1946407262485560e-01	  -8.3399117174529747e-02	   3.5213572436670743e-01	   1.3247579873914858e-01	   6.0546081508420335e-01	   6.4999004349409628e-01	   3.8123548923927431e-01	   6.2558436882791491e-01	   5.8583961039663579e-01	   5.0465428708689308e-01	   1.7645909497353160e-01	   5.5899118818027682e-01	   3.9287442658784422e-01	   3.5614621005145342e-01	   3.9502446288471915e-01	   5.3224530332237063e-01	   4.5046680787889171e-01	   1.2295225923238309e-01	   5.7983316681719167e-02	   4.6057429641768127e-01	   4.3381065372050182e-01	   5.3283272013434990e-01	   2.7182000341049700e-01	   4.6883829800925969e-01	   3.3578923664182947e-01	   2.0040007853967001e-01	   4.3060147657465651e-02	   3.5978879909363395e-02	   1.5478870492774424e-01	  -1.5834104616157235e-01	  -2.9560451608830973e-01	  -7.2712375042154900e-02	   4.1973609357624092e-01	   4.1058186503006111e-01	   4.1259094648534744e-01	   4.4777761354755335e-01	   1.8133249696217227e-01	   1.1021717701301054e-03	  -5.8766106679705200e-02	
   1.1545179995943627e-01	   3.5991034479593664e-01	   5.4968483871462592e-01	   7.4403703783527797e-01	   4.0550178225143224e-01	   4.5099903740422875e-01	   9.2984143518652507e-01	   0.0000000000000000e+00	   4.4636386753855983e-01	   4.0194526740232484e-01	   1.1549871733001560e-01	   5.1683911703345020e-01	   2.0533590535746116e-01	   5.4600995243811634e-01	   5.4003272935054691e-01	   5.7971355106229794e-01	  -1.7444716343273931e-01	   1.1357539979731043e-02	   2.9369883380762202e-01	   3.8992232556110729e-01	   3.3853372184231156e-01	   3.9700043627464415e-01	   4.9737422154414251e-01	   6.4099721489498274e-01	   2.3396090508392764e-01	   3.9370848404288783e-01	   2.8260412634274090e-01	   3.3161136702624827e-01	   1.2615882163954778e-01	   1.7968113397884575e-01	   4.3579881898279599e-01	   5.7349485065695283e-01	   4.1985012518759812e-01	   5.1405559757290642e-01	   2.8984546827109009e-01	   3.8674047657333432e-01	   4.4327768596313516e-01	   3.2166252558301406e-01	   4.3968080907316376e-01	   3.5821479111211874e-01	   3.8284644548789598e-01	   3.8906399334570196e-01	   4.1418771420173323e-01	   4.2283241940955385e-01	   4.3821820247446580e-01	   4.7581823325313582e-01	   4.7290280641375781e-01	   4.1166102031096447e-01	   3.7601219064477487e-01	   3.9724691389964450e-01	   6.5192167161113490e-01	   4.9587306712742607e-01	   2.6272491899086187e-01	   4.5662166585544184e-01	   4.5547265405794368e-01	   4.5724205039480798e-01	   1.5673490846481872e-02	   7.6311868810911149e-03	   4.2256151460189362e-01	   2.8886834546609041e-01	   3.2722507525218747e-01	   6.5173764644502286e-01	  -5.5399034785892254e-02	   4.6583807245859721e-01	   4.7648491899367168e-01	   6.3095984562909613e-01	   4.3778646195735471e-01	   5.4840991297149722e-01	   3.1422609123703837e-01	   4.1194109201008799e-01	   3.2946097446064709e-01	   3.8801879809112427e-01	   2.0728892818685341e-01	   3.4300814087437764e-01	   1.4359049215670247e-01	   3.5047541680419797e-01	   3.7482497039040330e-01	   2.7175958209388273e-01	   1.1680660759738853e-01	   3.7633262775150988e-01	   3.1758809136134347e-01	   6.8095441065587059e-01	   5.7910023117710152e-01	   4.2689500825396842e-01	   6.4001915745236504e-01	   7.4414152155552571e-01	   4.7174703626105574e-01	   1.3199394109809723e-01	   5.1424288511641847e-01	   4.8411885800205723e-01	   4.0281274024467278e-01	   2.0561375246942493e-01	   6.7391169317998867e-01	   3.2746944712918286e-01	   6.3161125345193150e-02	   5.1915987443333124e-02	   3.0593040347012174e-01	   3.6057617272926457e-01	   4.6173594138848806e-01	   2.0989457021106689e-01	   3.8317223126581773e-01	   2.8526859934707566e-01	   2.0422466973461825e-01	  -2.0472889641194249e-03	   3.4836694668923404e-02	   9.0570583006466962e-02	  -6.1961124385910060e-02	  -2.1209899206656785e-01	  -1.1219066093875255e-01	   2.9673156310108512e-01	   2.9982015619375874e-01	   3.5670889520658883e-01	   3.7240183984227809e-01	   1.6596295574403402e-01	   3.7923660226136420e-02	   2.3510833855729923e-02	
   1.4952102482228889e-02	   1.4194831161798876e-01	   2.2423585758672893e-01	   2.0759576722211073e-01	   8.9150830041042362e-01	   5.3567393208149627e-01	   3.6175076473018114e-01	   4.4636386753855983e-01	   0.0000000000000000e+00	   1.0483770592740433e+00	  -1.7314491098955564e-01	   3.5045555974280468e-01	   2.5318985640468955e-01	   5.0754786857960876e-01	   8.9331770072446004e-01	   4.4965834082678358e-01	   6.6440557474308673e-02	   1.7124281197790567e-01	   6.4021201855000501e-02	   3.7409594596430146e-02	  -6.2438733312300904e-02	  -3.3969458594204457e-02	   2.3896324916885370e-01	   1.5636089042713341e-01	   3.2922048618368843e-01	   3.3094500708821950e-01	   1.1946792005431975e-01	   7.9377641655088316e-02	   1.6949692836598959e-01	   2.6821931170378840e-02	   2.5708767244330571e-01	   1.3019978534110357e-01	   1.4393624697513363e-01	   1.6528815881412556e-01	   7.8458560601388366e-02	   2.8915501301115520e-01	   1.0583981937633881e-01	   2.2370788042968142e-02	  -3.4677563143828277e-02	   2.6157188232747080e-02	   8.2547323137393425e-03	  -6.9107741442909959e-02	   2.1472767980492172e-01	   2.3244209041454372e-01	   3.0526659701269687e-01	   3.4820631238689531e-01	   2.6646247660447403e-01	   2.1350211770965699e-01	   2.7982485721719047e-01	   3.3457240560042961e-01	   3.8962616859771498e-01	   3.4144369884240061e-01	   7.3154160923208589e-02	   2.1014452985442733e-01	   2.0569604300351715e-01	   2.0018546374783519e-01	   7.8646620437666293e-02	   1.5139454085380927e-01	   2.7697532753965187e-01	   2.8869302568430588e-01	   2.4599414438965039e-01	   4.2193324615208894e-01	   3.7007834462471877e-02	   6.3788983245627240e-01	   2.8594657234970822e-01	   4.6937371178373499e-01	   2.8176900995823001e-01	   3.6912435092064549e-01	   2.4283342466330138e-01	   3.0076215712853377e-01	   2.7242724735314860e-01	   5.5847734616520692e-02	   7.5695695004886002e-02	   2.3140329677835509e-03	   9.7677842988079435e-03	  -1.7020968883435388e-02	   5.4286020777413457e-02	   4.6741505794320258e-02	   2.2655579738143156e-01	   3.9364230164207448e-01	   3.0487090830715419e-01	   3.0866978944593193e-01	   1.8935401505253613e-01	   5.4629488791582886e-02	   2.7577297766361847e-01	   2.8700059525363919e-01	  -3.2640207350483071e-02	   3.2572254963756193e-03	   1.8144884374679834e-01	   1.4877571173187965e-01	   2.0496094446291027e-01	   5.8349687580746816e-02	   1.5086224785496716e-01	   1.8199282093101284e-02	   3.6490027420583410e-02	   1.7881312682739023e-01	   1.8448691358077707e-01	   1.3028114073791972e-01	   2.1653635383260722e-01	   4.6313609289468233e-02	   2.5237284516231057e-01	   6.6973159994507772e-02	  -4.7271439278439280e-03	  -7.0370111704745830e-02	  -1.3812180133929699e-02	   3.6700049177971886e-02	   7.3654496111353052e-02	  -1.2008026209399900e-01	   1.1949580071991979e-01	   6.8856110050552324e-02	   1.2919039761523010e-01	   1.1624996954717524e-01	   4.9381228864176396e-02	   5.1617667509583069e-02	  -1.1640331493165965e-01	  -1.0236441025172097e-01	
  -2.5983400250152717e-03	   9.0732334877794710e-02	   1.6614955526710279e-01	   2.1109670703715464e-01	   6.9464642312865410e-01	   6.8844747105313309e-01	   3.2948672860610267e-01	   4.0194526740232484e-01	   1.0483770592740433e+00	   0.0000000000000000e+00	  -1.7865808000599159e-01	   2.5541517253450530e-01	   2.8395097033300709e-01	   4.6500981830830029e-01	   5.1964722167162503e-01	   4.7780291877916220e-01	   8.7534474053252032e-03	   8.3316182101606504e-02	   5.1084388005681394e-02	   6.1844259504515671e-02	   1.5911298697000267e-02	   7.5730147121797875e-02	   2.1738599158443658e-01	   1.2336335572448187e-01	   2.7536491423528031e-01	   2.2591503465619045e-01	   8.6605683555208451e-02	   1.2222403665204094e-01	   7.3350783249132717e-02	  -3.2005461634506904e-02	   2.8888399974485335e-01	   6.8263653886366418e-02	   2.8660646626457724e-02	   3.6557470122404116e-02	   3.4063281099016456e-03	   1.2058781227020915e-01	   1.0122677369953874e-01	   1.5897753619984295e-01	  -5.9454839358989812e-02	   1.2397270197960561e-01	   1.0793859002521614e-02	  -1.4467712419495009e-03	   9.3314839128782648e-02	   8.0699297632855382e-02	   1.4745160159554521e-01	   1.7003872922653412e-01	   1.5119564870815194e-01	   8.5534322156666245e-02	   9.4164063874314585e-02	   1.3604037361931340e-01	   2.1977814475347915e-01	   1.1337283993061474e-01	  -1.1179378570331631e-01	   7.2049497551422897e-02	   9.8494886811390958e-02	   1.0506596391322331e-01	  -5.7864578070072420e-02	   6.4966792538896603e-02	   1.4804703868619926e-01	   1.2721003854371071e-01	   1.0498259999865206e-01	   3.2471762211495009e-01	  -3.5799147354543800e-02	   3.6274138417215829e-01	   1.7589396682156352e-01	   4.1706499590495461e-01	   1.6195252637623875e-01	   3.1105792856782793e-01	   1.5801690771383409e-01	   2.6273985397860389e-01	   2.3953143415558920e-01	   1.3381369439204563e-01	   1.5619200060046567e-01	  -2.1971836041818738e-02	   1.0145248693825220e-02	  -2.1176876135036542e-02	   1.3245598231296982e-01	   1.6425374636372603e-01	   1.3887909532613099e-01	   2.4618309846516301e-01	   1.8161277688137009e-01	   2.6262658946589285e-01	   1.1859525318160875e-01	   5.0249074099442126e-02	   2.5651258900860563e-01	   2.6331382168927431e-01	  -6.8129369102719592e-02	   1.5275930738157650e-02	   1.9624764693314528e-01	   1.6532357707839748e-01	   8.6224713210624651e-02	  -3.8857073347010461e-02	   1.9195602232698045e-01	   3.5804004434476899e-02	   8.6131173001701658e-02	   1.7039454648162669e-01	   1.8450740407877919e-01	   1.9822710220030640e-01	   1.5847146091947484e-01	  -2.0604430671106521e-02	   2.1213088749142175e-01	  -9.5396659216487358e-03	  -1.0569945148854140e-02	  -1.1704704615011760e-01	   2.5854834963258088e-02	   1.3478918529653081e-01	  -6.9214502174761508e-02	  -2.1224330352882692e-01	   6.5253844413025730e-02	   1.3242466575343040e-01	   1.3323043700376389e-01	   1.0278802076059558e-01	   6.1950484165689606e-03	   9.3884797275455151e-02	   3.2277580485344196e-02	   1.0362787586624105e-01	
   5.8467488760835007e-01	   1.5160123219041893e-01	  -6.6767087683707621e-02	  -2.0933114527165653e-01	  -2.3948121415981558e-01	  -1.5229692568079928e-01	   1.2029893622746775e-01	   1.1549871733001560e-01	  -1.7314491098955564e-01	  -1.7865808000599159e-01	   0.0000000000000000e+00	   4.5754174794956892e-01	   7.9590783572834956e-01	   2.2178956249010823e-01	   2.4882765343962449e-01	   2.9339820566297786e-01	   3.8558585461415495e-01	   3.2007505657382168e-01	   3.1980338641113737e-01	   1.9433637398995529e-01	  -9.5801503414064765e-02	  -6.4931034231076851e-02	  -1.1670111900659319e-01	  -1.9388599433473511e-01	  -3.6220546637896711e-01	  -2.6712539303977134e-01	  -1.5630881474271388e-01	   1.2679581784391185e-03	   6.4171489113869651e-01	   6.1123475706112718e-01	  -2.1321067520440729e-01	  -3.3291969793597838e-02	   2.6072988673409686e-01	   1.5453923002232917e-01	  -7.0376253359395805e-02	  -8.3974359933287862e-02	   4.0365694193091363e-02	   3.7160056045742587e-02	  -1.5496518842077742e-02	  -6.3850896890495626e-02	   2.4831361579317851e-01	   1.7893213490925866e-01	   3.4412385629316716e-01	   3.7476562654004508e-01	   3.2333439332055369e-01	   3.6259391591887591e-01	   3.3445254085079945e-01	   3.4876575236636165e-01	   2.7997669009017434e-01	   2.0840435011120020e-01	  -6.4613015892068561e-03	   1.1215062470333961e-01	   1.0181427107225779e-01	   1.3891619952178860e-01	   1.3387880760041171e-01	   1.7050222364257892e-01	   2.9836829251974117e-01	   5.3815289550777412e-02	   3.2756820664755687e-01	   1.0511145702173362e-01	   4.7069016669307673e-01	   1.9091789482843247e-01	   3.6851162668844512e-01	   8.1437041440899846e-02	  -8.6155840959157681e-02	  -2.6539809514292462e-01	   2.9109390430204846e-02	  -8.8148484614148759e-02	   1.4701859113894533e-01	  -9.2284137949538748e-03	  -1.9423458627549939e-01	  -1.4885395632204698e-01	   3.9035902552470225e-01	   3.8260868394286540e-01	   2.4570927368549722e-01	   2.5818517554973669e-01	   2.6662597476659528e-01	   3.7661815758938344e-02	   1.3187689486644377e-01	   2.6460044431901586e-03	   2.7049845821184615e-01	   2.6825339034091544e-01	   2.7033787067180182e-01	   4.5825319561848160e-01	   2.1838043123236425e-01	   2.5516943920431686e-02	  -1.6228972074583706e-01	  -1.4565448646699033e-01	   6.3585449964222954e-02	   8.0631425140698140e-02	   1.0107542320799209e-01	   9.6830072478154894e-02	  -5.9953151507981584e-02	  -8.8801317123920129e-03	   1.1430635376052256e-01	   5.9391807780513020e-02	   2.9882027404104824e-02	   1.3883804584778181e-01	   2.8091386136598984e-01	   3.4887183057666121e-01	  -2.1135685466420997e-02	   2.6420289517188772e-01	   2.9722547864640758e-01	   3.9704040269445323e-01	   1.8335221568731525e-01	   2.2058648232390395e-03	   1.5145535683079428e-01	   1.3469020295395989e-01	   1.4920126862433159e-03	   3.4156307404709138e-02	   1.0236543213271924e-01	   2.0766182810841061e-01	   4.0458621181434218e-01	   5.2833286525962753e-02	   6.3049355946769955e-02	   5.9660243334876864e-02	
   5.3843363150099921e-01	   2.5422003908628787e-01	  -8.9778072992265659e-02	  -2.0481284710432524e-02	   2.5937794471971604e-01	   2.2387310970074065e-01	   1.5261968710480203e-01	   5.1683911703345020e-01	   3.5045555974280468e-01	   2.5541517253450530e-01	   4.5754174794956892e-01	   0.0000000000000000e+00	   7.6564565829382458e-01	   1.1118370476510142e+00	   5.7934151325254912e-01	   6.6590212178458841e-01	   4.1882860023388430e-01	   5.4308290989697428e-01	   3.2707836395042944e-01	   2.4823181401087827e-01	   5.7780964952611757e-02	   3.3186639230772724e-02	  -1.9672426736036919e-01	  -1.2213137533056424e-01	  -1.6923228880400346e-01	  -7.9822426254478634e-02	  -2.9068993152533324e-02	   9.9825860246710515e-02	   7.4468499080363948e-01	   7.1905242389933532e-01	  -1.3896661667268703e-01	  -3.1825239856484999e-02	   1.9125176368945951e-01	   2.0488658870990720e-01	  -1.7941056072985603e-01	   6.2977760901911815e-03	   5.5275473610425542e-02	   1.2153345375520050e-02	   8.7186255471857765e-02	   8.2553894178600026e-02	   3.0563255850165133e-01	   2.6485512291109781e-01	   4.1714413664171535e-01	   4.1444634509994821e-01	   4.2716694015124290e-01	   4.3072099193844349e-01	   3.2458937701061602e-01	   2.9857284232346726e-01	   3.3206473776098960e-01	   2.9874757276303149e-01	   2.5720109964218063e-01	   2.4810214740267711e-01	   1.9376073956275952e-01	   1.1522766214548269e-01	   2.5477388459214967e-01	   2.4818356573980116e-01	   3.9807740548928056e-01	   2.2047541667216392e-01	   5.3104302210311094e-01	   3.3266229516579537e-01	   5.3483505778631557e-01	   7.3092074917214278e-01	   3.3417747257496844e-01	   7.0942550662703885e-01	  -2.1617626553673919e-01	   1.3456697570246548e-01	   8.6582958246742333e-03	   6.8316787499103412e-03	   1.3676522831571672e-01	   8.5724823988530333e-02	   8.1664964284690680e-02	   7.8818878480334878e-02	   5.4289890927955597e-01	   4.9864393221209302e-01	   2.2908513000330866e-01	   4.1475444365144143e-01	   3.1589089482370869e-01	   1.3082033959726144e-01	   3.9618320804342855e-01	   2.4607914346835058e-01	   5.2035845779629741e-01	   3.9879054818671211e-01	   2.3664578293041066e-01	   3.8718803526043138e-01	   1.1018232974967930e-01	   1.3630022205603520e-01	  -1.2251702545826737e-01	  -2.6624273962600309e-01	   1.4450457216953402e-01	   2.7586803081268640e-01	   2.0469376939258382e-01	   3.1899565141249121e-02	   9.1445216821859382e-02	  -6.1596445083672513e-02	   8.6764981576260253e-02	   4.7820766671687132e-03	   2.7589581081761863e-02	   2.4664864431877281e-01	   3.6950674152034924e-01	   3.7153708770289523e-01	   2.4445091796733928e-01	   3.4349591727377349e-01	   2.8307186160039000e-01	   1.3925167932803079e-01	   5.0337773205222661e-02	  -9.1312140227741492e-02	   2.4734078689276850e-01	   3.8098171886519268e-02	  -1.7445166727394931e-01	   8.9122943217490008e-02	   1.3448710572828926e-01	   2.5556535272872238e-01	   4.1216767398269061e-01	   7.3525066987453813e-02	  -7.9254914850064306e-02	   1.7054493997975539e-01	
   4.3261668549354027e-01	   1.5064379937438005e-01	  -2.4056822723854687e-01	  -3.1992761521920698e-01	   1.0744946307248146e-01	   6.6392791890794015e-02	   1.6129782577508764e-01	   2.0533590535746116e-01	   2.5318985640468955e-01	   2.8395097033300709e-01	   7.9590783572834956e-01	   7.6564565829382458e-01	   0.0000000000000000e+00	   5.7106208374459144e-01	   3.5661853470961435e-01	   4.1908875012576596e-01	   3.5613401037235159e-01	   3.4539271159986740e-01	   1.0254416772552769e-01	   2.9889863061271483e-03	  -2.0547277285592075e-01	  -1.7379442769611281e-01	  -2.3794923510728325e-01	  -3.6161528614390670e-01	  -2.9758224672096639e-01	  -3.2489616712476799e-01	  -2.8012107245326545e-01	  -1.0180039725140462e-01	   6.1457723076673476e-01	   4.6082467792869641e-01	  -1.2517986843537493e-01	  -1.2323879260913034e-01	   2.1735959033047586e-01	   1.4307181428444121e-01	  -2.4724829695315961e-01	  -9.6188053197040477e-02	  -1.2741487408368407e-01	  -9.7637687596402303e-02	  -2.3808154138572951e-01	  -1.9251396858431133e-01	   7.8248284785841352e-02	   5.7327184856019300e-02	   1.5258618342611888e-01	   1.9473815829579497e-01	   1.9236632367689641e-01	   1.9313653711226453e-01	   1.0971820898331384e-01	   1.1688221293490762e-01	   2.0812059500294414e-01	   1.2964329307693245e-01	  -2.0486407958464545e-02	   1.9584265335363983e-02	   3.2365592248060529e-02	  -2.7405426756745368e-02	   2.2331070058018671e-02	   1.9304247192745198e-02	   2.7402735737364264e-01	   2.2638215915644516e-01	   4.1796098697450440e-01	   1.7190554404161634e-01	   5.6917587603625108e-01	   3.5299184786717586e-01	   4.2929810421518055e-01	   4.0469365889261927e-01	  -2.4579750862497385e-01	  -1.9296306721964032e-01	  -1.9691129962104544e-02	  -1.1521778722946754e-01	   1.7384761264662204e-02	  -1.5869398798303571e-03	  -4.1001659031809096e-03	  -1.1184155361240594e-01	   3.7218490655639008e-01	   1.9812207631886647e-01	   1.3783237226986056e-01	   9.5060966427955307e-02	   1.6871002188705825e-01	  -2.7932410808488212e-02	   2.3255487532918490e-01	   9.7832706558411073e-02	   3.0677712102849153e-01	   1.6184116365961793e-01	  -1.6422275970143731e-03	   2.6537639147516368e-01	  -4.5002804764324715e-02	  -1.0257602388535454e-01	  -4.2775044097098824e-01	  -2.2502544693522414e-01	   4.1086041365135523e-02	   5.3683840495139058e-02	  -4.9879795028164179e-03	  -3.9058917634147497e-02	  -1.3810184246583887e-01	  -9.3741607359963938e-02	   1.4883565641497418e-01	   6.3795104116937437e-02	  -9.3966627307571299e-02	   4.1445185231794676e-02	   1.5269899048101168e-01	   1.8858694285484742e-01	   1.0647887057753005e-01	   2.4461677420294364e-01	   2.3995874836054548e-01	   2.2624205669830882e-01	   6.6845834190173176e-02	  -2.4814313118244340e-03	   7.3630520286518467e-02	  -3.4007787643391030e-03	  -2.5620933200869899e-02	   8.8135316456351329e-04	  -2.5505891964984775e-02	   7.3145664283061324e-02	   2.7162803047587603e-01	   8.0544170360000670e-03	  -4.1226766764009770e-02	   8.9700584016988244e-02	
