   0.0000000000000000e+00	   1.2987055640587293e+00	   7.5830559165192113e-01	   6.8005917960914619e-01	   6.4253259566434062e-01	   5.3027768361699623e-01	   8.4367458148650809e-01	   7.5471477093594508e-01	   5.9769747300026665e-01	   4.8577173417543912e-01	   7.6117333105034823e-01	   6.8439905281780911e-01	   5.8271968126043294e-01	   6.5245516732720299e-01	   7.8366980053505075e-01	   7.5008915021440381e-01	   6.6643159138361396e-01	   5.3107926731731947e-01	   1.1528869642220254e+00	   1.0376362987716476e+00	   6.1398154930072102e-01	   7.1908800985442978e-01	   5.9151401831003192e-01	   4.8514027823713279e-01	   6.5315396877697907e-01	   4.8639770821230999e-01	   7.5662724315013763e-01	   6.5945201563552702e-01	   6.6354814259969452e-01	   5.2904153115292851e-01	   5.4430777051240309e-01	   4.1205149225909510e-01	   9.2749396678582341e-01	   7.3064822018489806e-01	   4.6307974389422002e-01	   5.3841203939652560e-01	   5.3342009869642082e-01	   5.5524751824983243e-01	   5.7102787775328778e-01	   7.1280190542202015e-01	   4.4055535450571248e-01	   7.3303168034152200e-01	   6.3603976312474253e-01	   5.8200576482805311e-01	   5.1934720507704890e-01	   5.2354736732615037e-01	   6.3779904592380399e-01	   7.0035716478515964e-01	   5.6238343529891632e-01	   4.2364231273202368e-01	   7.0973682957407158e-01	   4.7813889737304827e-01	   6.2963050396444886e-01	   4.4436911351322350e-01	   7.7206599960898792e-01	   7.5849918700947438e-01	   1.2673080138995876e+00	   9.3304637609087715e-01	   8.5416757889918904e-01	   5.8690881051470090e-01	   8.3366944775844609e-01	   6.1761565180149447e-01	   4.4547400427407957e-01	   5.0405245048896796e-01	   5.9415511809619181e-01	   6.9869742703113458e-01	   7.2813052366222852e-01	   6.3208680250274096e-01	   1.1114724870263946e+00	   8.8297593233173965e-01	   6.0181603352152802e-01	   5.1514193508501294e-01	   7.8120893915342449e-01	   6.2954299360902055e-01	   8.3480211793131787e-01	   7.6239684463434243e-01	   7.3098726579959628e-01	   7.5400867539262728e-01	   9.0578756796693871e-01	   8.6248668057515177e-01	   9.0577370528598466e-01	   9.0479401661123415e-01	   9.5131717529260684e-01	   7.3224321974044004e-01	   7.3360217514943071e-01	   7.8952238186902945e-01	   3.8873813729721224e-01	   3.7647181765528631e-01	   7.1692561106506947e-01	   8.1472298289638023e-01	   4.4031433415749122e-01	   4.0786074729259064e-01	   4.0240344487803348e-01	  -3.3507285522529025e-02	   2.1464494529934461e-01	   1.7695916906150991e-01	   6.4510050612440217e-01	   7.9738889439243699e-01	   6.1682228203804301e-01	   7.7343551013935330e-01	   3.4041230461442179e-01	   3.3208746632338904e-01	   3.2614908253822400e-01	   3.1245670120478675e-01	   1.7597559757516165e-01	   1.8421112559309655e-01	   7.2248147007306529e-02	  -1.7001726704919225e-02	  -1.0346039931914681e-01	   5.8180748642176616e-01	   6.1622259093080511e-01	   6.4728359372465971e-01	   4.5691511254024536e-01	   4.3899008707777681e-01	   4.6109225503018318e-02	  -4.1636811285295651e-02	
   1.2987055640587293e+00	   0.0000000000000000e+00	   7.6807218206738426e-01	   7.2275329697013091e-01	   6.3227024221422190e-01	   5.2807632129374560e-01	   8.9930810497099078e-01	   8.1808655788811224e-01	   5.7079164113758396e-01	   4.8450439857298400e-01	   7.4102879447741410e-01	   7.7366253462098711e-01	   5.8960020524805001e-01	   6.8589837140873278e-01	   7.0793321870590287e-01	   7.1973289910242300e-01	   6.3511228486733440e-01	   5.6806173963770901e-01	   1.2359569759438747e+00	   1.1524297488351662e+00	   6.6013304952734919e-01	   6.7090444303262753e-01	   6.1595362237294504e-01	   5.0654663650115972e-01	   6.2487546713764097e-01	   4.5453538396566384e-01	   6.4330663479895611e-01	   5.4483595761939074e-01	   6.5746282473025786e-01	   5.9073519585160283e-01	   5.9693909075816731e-01	   4.8205018783484882e-01	   9.1175096254891641e-01	   8.1103077907926957e-01	   4.7251633066154608e-01	   6.0266347197268155e-01	   5.4182846218446756e-01	   5.8164119681178383e-01	   6.4381762807223364e-01	   7.0367611520489737e-01	   4.4433933668030312e-01	   7.3001528038082086e-01	   6.6296103423512887e-01	   6.0607618229588811e-01	   5.7296696011489845e-01	   5.8007573168005400e-01	   6.5986061138252272e-01	   7.3162545096867471e-01	   5.7534811373316230e-01	   4.7923302471395712e-01	   7.5488550307403735e-01	   5.0177714341053414e-01	   6.4248845477231953e-01	   4.9352577852937507e-01	   8.1935823184211254e-01	   7.8489502601777938e-01	   8.8938751632871349e-01	   9.7276714481796001e-01	   6.6765104529866537e-01	   5.9762609806948064e-01	   6.9930298919440881e-01	   6.2729059881663207e-01	   4.3557482090740984e-01	   5.6361195113757656e-01	   5.0265021535405641e-01	   6.7122320984057282e-01	   8.0330765469364629e-01	   7.3497504639730327e-01	   1.1376086801631369e+00	   9.9036003358684455e-01	   6.7405954198944906e-01	   5.8620706598312855e-01	   7.0863771718675261e-01	   7.2991947377897259e-01	   8.3934600080245969e-01	   9.1131589771718846e-01	   7.3120894542300918e-01	   9.5773768641272206e-01	   7.7050509226901720e-01	   8.9840566452497472e-01	   8.5665703436398966e-01	   8.6180554118239505e-01	   9.3579188905829369e-01	   7.0439984165532843e-01	   6.6550970943661958e-01	   7.3949820942779965e-01	   3.4514314990052392e-01	   3.0272810346287576e-01	   7.6681417627087634e-01	   8.4781371235127923e-01	   5.3408212855007764e-01	   4.4117154896998956e-01	   4.6193383291559220e-01	   1.2998009195184703e-02	   3.2220531588402651e-01	   2.2722068447924712e-01	   7.0578855830778919e-01	   7.9637730745756030e-01	   6.8638922439787486e-01	   7.5141242516955120e-01	   4.6278888359761960e-01	   3.7330175210479410e-01	   4.6115931386087028e-01	   4.1889099783549627e-01	   2.8945632420051726e-01	   2.4719615239318021e-01	   5.2931556176218968e-02	  -2.5821311593050265e-02	  -8.1656023906372291e-02	   6.7630371407343048e-01	   6.4506085031852134e-01	   6.8458948865821556e-01	   5.1391335865691801e-01	   4.1964455626552288e-01	   1.1121389137500517e-01	   2.4502162707880824e-02	
   7.5830559165192113e-01	   7.6807218206738426e-01	   0.0000000000000000e+00	   1.3698135646373157e+00	   7.8525114913914740e-01	   5.8097303011437962e-01	   1.3966302174485608e+00	   9.7926796150491613e-01	   5.3769614640326224e-01	   3.0798107993439394e-01	   3.9312127039164485e-01	   5.4284630350886676e-01	   2.9244402305841505e-01	   5.3436056752601557e-01	   5.1531523784138555e-01	   7.2051111490100905e-01	   3.4779409998017008e-01	   1.6528400157998085e-01	   9.7513145302910287e-01	   8.8456408065747005e-01	   8.3592117345511330e-01	   7.4189558028923464e-01	   1.3032799073066581e+00	   1.0473091769093645e+00	   8.6526812943949705e-01	   7.8610615723552391e-01	   8.1840990824051074e-01	   7.6340034210691243e-01	   4.2749806583825262e-01	   5.3467900435436266e-01	   8.9037884487372243e-01	   7.8665080262180642e-01	   8.1852214600803941e-01	   8.1722063022061175e-01	   8.4505930379306615e-01	   8.9959614575716185e-01	   4.7262608921906502e-01	   4.7393517023690479e-01	   7.0536940778265533e-01	   7.4504630895549628e-01	   3.4679984607305664e-01	   6.6175817313030649e-01	   5.5277760179805169e-01	   5.0956174045847102e-01	   4.9737381300669609e-01	   4.6467764182508753e-01	   6.5695591115479546e-01	   5.5641604258939958e-01	   5.4958278396676619e-01	   3.6240916981925436e-01	   8.8338602503500663e-01	   4.6834170561002930e-01	   7.0816639537564596e-01	   6.3323423636210974e-01	   7.3511201618461774e-01	   7.6587014453667601e-01	   4.9058374082544198e-01	   5.1716307129863881e-01	   6.6089113343551453e-01	   5.3281649960904964e-01	   7.9650098121903568e-01	   5.9093906751758785e-01	   4.0341431654804810e-01	   5.3246477513187163e-01	   8.6912159489348073e-01	   7.0168144780879527e-01	   8.8426624693295364e-01	   8.2887503094236981e-01	   8.5994152861798434e-01	   9.2854368791243358e-01	   5.3777154113305592e-01	   5.3019166998570100e-01	   4.8650891542664187e-01	   4.9627682845910370e-01	   5.5449128371475731e-01	   4.8388019036585384e-01	   4.2209516045869561e-01	   5.9869796811655596e-01	   5.9741524803533852e-01	   5.6303312496724089e-01	   4.7129740596060243e-01	   6.4334556004323429e-01	   6.8517584150240174e-01	   7.7555703145431432e-01	   8.5941981925416044e-01	   9.0534524954935680e-01	   2.9500008195217459e-01	   5.5661011119704185e-01	   6.2778768469721424e-01	   7.7431978314016836e-01	   5.1523918060046481e-01	   4.2731236574902609e-01	   4.6110608604242109e-01	   1.3170176264467245e-01	   2.3210980372439677e-01	   2.1299848971740915e-01	   5.0616119647200097e-01	   6.5310482286339244e-01	   5.6163653290795779e-01	   5.3672398768520191e-01	   3.3878895868404280e-01	   3.9203467504756451e-01	   3.3195972977020255e-01	   2.4336443831236290e-01	   1.3704523895315832e-01	   3.3601743433728085e-02	  -4.9314915711537247e-02	  -1.8068967067003169e-01	  -7.2114437490371067e-02	   5.3233351152604003e-01	   5.4486618213745752e-01	   4.4539147151368802e-01	   2.9892481163677498e-01	   1.2717333057704380e-01	  -1.5377544121889702e-01	  -2.7843760113312516e-01	
   6.8005917960914619e-01	   7.2275329697013091e-01	   1.3698135646373157e+00	   0.0000000000000000e+00	   6.6680228520393248e-01	   6.4694957969892664e-01	   1.0281160413140551e+00	   1.2215310310768046e+00	   4.5959826850105268e-01	   2.6432032474120537e-01	   2.3015546444719437e-01	   6.3234864624496312e-01	   1.4226220521934313e-01	   5.7315348815906764e-01	   4.1291301217074994e-01	   6.9804392103516189e-01	   2.6796927760612721e-01	   7.4955435338826204e-02	   8.3487746405247132e-01	   8.6397784123217192e-01	   7.8274855698928725e-01	   6.6423344290136888e-01	   1.3737659429555498e+00	   1.4178091741658199e+00	   7.5811774045761349e-01	   8.0909443271011439e-01	   7.9703295906830107e-01	   7.4210806598864099e-01	   3.3676635835892249e-01	   6.2042948418492272e-01	   8.7659065383144608e-01	   9.1862659859062668e-01	   7.6861136720816559e-01	   9.1223653010759620e-01	   6.3262823744397101e-01	   7.8090044840017081e-01	   3.9311544992364822e-01	   3.4619547655922395e-01	   6.9876167758260732e-01	   6.8811096512773284e-01	   2.7073425107051952e-01	   6.2034855556069668e-01	   4.4615973902506667e-01	   4.3396933508912550e-01	   3.4242268229463779e-01	   4.0656054300347033e-01	   5.4467991369271407e-01	   4.5703495115926462e-01	   4.1831514167542866e-01	   2.5922095440142146e-01	   7.2131678994888271e-01	   3.4635304144266621e-01	   6.3233623085694690e-01	   5.6695508785221138e-01	   6.4741155513857396e-01	   5.9628077215505315e-01	   4.8478464362097490e-01	   4.3831204162298920e-01	   4.9985771081520403e-01	   4.6101153855802357e-01	   6.3470337745019467e-01	   6.8170701753110841e-01	   4.3088859868263019e-01	   5.8406372191478029e-01	   7.6648743919351370e-01	   6.9845010807534136e-01	   6.3718923317278453e-01	   7.8984728650022440e-01	   7.6624463409855714e-01	   9.1286252729186212e-01	   5.0606682619817289e-01	   5.0564053425710276e-01	   4.4944976544004372e-01	   5.3623215956795878e-01	   5.4651134685614855e-01	   5.3146284759801699e-01	   2.9985495972195297e-01	   5.0785465329232793e-01	   5.6364831569323315e-01	   4.8434704431286141e-01	   4.2150398170431347e-01	   5.4448475829724341e-01	   5.0935511040385162e-01	   7.5234464396813716e-01	   7.5252366916845304e-01	   8.9458952739162534e-01	   1.7158172050505144e-01	   5.0363751794489864e-01	   4.9144054629262374e-01	   6.4546852648752961e-01	   4.0553355392142088e-01	   2.3757701772864442e-01	   3.9651196302519615e-01	  -2.6605300090492143e-02	   1.0650896867689957e-01	   1.3369971953118490e-01	   3.8036419409794470e-01	   5.1628197954997668e-01	   4.3750592821940304e-01	   3.7032469117841593e-01	   2.9867272701523478e-01	   1.4530853884603703e-01	   1.8445815264546114e-01	   3.9319017782091133e-02	  -4.8536695167327122e-02	  -1.8591271578329904e-01	  -1.4332108230772539e-01	  -2.2599379614743537e-01	  -2.4025585209631306e-01	   4.2922745174449811e-01	   4.3486591047026119e-01	   2.9128941387740204e-01	   1.4483715358164304e-01	  -5.7399198309685290e-02	  -3.4269074172747538e-01	  -3.7953913997861621e-01	
   6.4253259566434062e-01	   6.3227024221422190e-01	   7.8525114913914740e-01	   6.6680228520393248e-01	   0.0000000000000000e+00	   8.6507246589644404e-01	   8.4346200054264753e-01	   7.6173708301394571e-01	   9.2582527706263518e-01	   7.0280229973131292e-01	   5.6283459566359550e-01	   5.3303547349914560e-01	   4.9988822558022838e-01	   5.4044761980475731e-01	   6.6162783585388552e-01	   6.4295303953852534e-01	   3.6622587824155128e-01	   3.6924981741566754e-01	   6.9279083731727231e-01	   5.6478499295726481e-01	   7.7374630402315669e-01	   7.8933018955578849e-01	   5.1577129194257343e-01	   4.7688722367008829e-01	   5.6250999727536910e-01	   4.0894772383959987e-01	   8.0763318454722632e-01	   6.7386351799604483e-01	   3.8258390012283600e-01	   4.3474242441833033e-01	   4.2703752856519323e-01	   3.3704134819075732e-01	   4.9239670090943932e-01	   4.4510732238475420e-01	   5.9910371903941939e-01	   6.7869928728017204e-01	   5.8498133064943492e-01	   8.7540468204640787e-01	   6.9860550045241843e-01	   8.4871104877817027e-01	   4.7002674791705212e-01	   6.4056509297765452e-01	   5.3912470230169263e-01	   5.3318834631354362e-01	   4.8709249159043361e-01	   5.2589746172843199e-01	   6.3236194963466841e-01	   6.3936313975903336e-01	   4.4489316283750246e-01	   3.4624463323690902e-01	   7.3352671572508776e-01	   4.6762145109284353e-01	   6.8067403630591305e-01	   5.1891553735420415e-01	   8.0779730520878190e-01	   7.6963784042753447e-01	   4.1984677818033367e-01	   5.8330536942291811e-01	   7.2734202865111086e-01	   6.8473523817021087e-01	   7.0346775321797039e-01	   6.3701193767536834e-01	   3.4520221654050398e-01	   5.1339013145567225e-01	   6.0413363701255762e-01	   6.5583153796497362e-01	   7.3183294922167419e-01	   8.2321628099588262e-01	   7.5127847698458960e-01	   7.8752426247293328e-01	   6.7338749760896666e-01	   5.5574380536604751e-01	   4.8845236879202586e-01	   4.8696758553104014e-01	   5.2529127201634707e-01	   5.3386962069076072e-01	   5.8580337843199703e-01	   7.1520747630287895e-01	   5.8634831118264463e-01	   6.3022926478243901e-01	   5.6635706411379205e-01	   6.6510742075180262e-01	   7.1232292821735954e-01	   6.2170321677346285e-01	   6.2645187677750991e-01	   8.3167302842519575e-01	   4.1836902117630353e-01	   3.7220230301776919e-01	   7.3686493156387378e-01	   8.6117829501429433e-01	   7.0845640489652528e-01	   6.5340467980388195e-01	   7.1987141515527386e-01	   3.7899633896125856e-01	   1.5748439931625363e-01	   1.1086295058314080e-01	   6.0944029686402257e-01	   6.2692095232619827e-01	   6.2778777407205211e-01	   6.8678843589358785e-01	   4.1004093997522917e-01	   4.5070989184019550e-01	   3.1166837847777518e-01	   1.9942186159031133e-01	   1.9870652027440935e-01	   1.7478327599503229e-01	  -1.1311926264160305e-01	  -1.6095884343567687e-01	  -8.5374560040088365e-02	   5.8686315891454333e-01	   6.6083489764870040e-01	   6.4628963266570849e-01	   5.3559978142082532e-01	   1.9734713701036810e-01	  -1.2387685375933541e-01	  -1.1855744792689614e-01	
   5.3027768361699623e-01	   5.2807632129374560e-01	   5.8097303011437962e-01	   6.4694957969892664e-01	   8.6507246589644404e-01	   0.0000000000000000e+00	   6.2145154703218319e-01	   8.2147950669525760e-01	   6.9076095010950245e-01	   7.4062841008366498e-01	   4.4738227664470065e-01	   4.9806173721431773e-01	   4.2188633584116064e-01	   5.5834162647650709e-01	   6.6796615565396300e-01	   1.0917025869866517e+00	   4.9322540435308360e-01	   3.4472632359586258e-01	   6.8457203777254805e-01	   6.3269749725306013e-01	   5.7925910065398289e-01	   6.3534071260037062e-01	   4.9949894405265449e-01	   5.7169918733826108e-01	   6.4031331981468276e-01	   7.1490454049105556e-01	   8.5847418647444595e-01	   1.0018653056458373e+00	   4.8681915079723825e-01	   7.6135197362095930e-01	   5.6085089239529795e-01	   5.1483855794552813e-01	   5.9135160140695164e-01	   5.9042166812383978e-01	   4.7295754581075344e-01	   6.1548291302290803e-01	   5.3014433165144781e-01	   6.0832733116258342e-01	   5.2006959048754342e-01	   7.0262621633646705e-01	   3.2496842651900149e-01	   7.7884915850531244e-01	   3.3845941680750052e-01	   3.6376067763412506e-01	   3.4734458712324040e-01	   3.7610675234825702e-01	   4.1031613375789616e-01	   3.7369471981717151e-01	   3.8592761064222680e-01	   2.9134065995799774e-01	   6.8375409284373834e-01	   5.2716117633038051e-01	   6.6679010170194708e-01	   4.4772949218041513e-01	   7.0381071443109378e-01	   4.5780029415880175e-01	   3.7156138130884653e-01	   4.4496148604031283e-01	   4.5958275295538503e-01	   5.8393525138258306e-01	   5.3416997733978011e-01	   6.1101690665581643e-01	   3.5765596683895373e-01	   5.7461753743698152e-01	   4.3232185251559352e-01	   6.4562974731577516e-01	   5.7750190314208683e-01	   6.9563582544800262e-01	   7.3058147748405455e-01	   7.8608446724958159e-01	   4.8218584580296692e-01	   5.1445897542352514e-01	   6.0615051426366240e-01	   8.0308560715266075e-01	   6.5767105315432139e-01	   5.7960105137878448e-01	   4.2642296758703524e-01	   4.6728953450263577e-01	   4.7471553823072121e-01	   4.7918453940183092e-01	   5.4982536917074010e-01	   5.5507722724700248e-01	   5.0242618443320786e-01	   7.4148760838420391e-01	   5.5572481690133113e-01	   7.2428040203012756e-01	   1.1675513102717094e-01	   4.1050200979429868e-01	   8.2964754491742021e-01	   9.3762821673842522e-01	   4.9998040435798169e-01	   4.6935144382209054e-01	   5.4368633684307965e-01	   1.8619971454078449e-01	   4.6237058133121118e-03	   9.0050369409073495e-03	   3.1782727190157273e-01	   3.2924566610548966e-01	   4.0779080873004314e-01	   3.8310074975942304e-01	   3.5231297741667256e-01	   1.8192447521060667e-01	   2.2238540749840452e-01	   6.5692229528704724e-02	   9.6462452064177015e-02	  -2.8217428464582330e-02	  -1.4133495207456956e-01	  -1.2960326810272660e-01	  -4.4942918804608850e-02	   3.3046006374838638e-01	   4.3522477539717519e-01	   4.0579739157984468e-01	   3.2918512673575756e-01	   9.4047307644642211e-02	  -1.5486045715582433e-01	  -1.8312889630957591e-01	
   8.4367458148650809e-01	   8.9930810497099078e-01	   1.3966302174485608e+00	   1.0281160413140551e+00	   8.4346200054264753e-01	   6.2145154703218319e-01	   0.0000000000000000e+00	   1.1067613768056035e+00	   7.1409497460992111e-01	   4.8292790602386698e-01	   5.8509096567529661e-01	   6.6423918425287376e-01	   5.4295157134348804e-01	   6.3792642625247320e-01	   5.8720144057466983e-01	   6.6550871654453148e-01	   3.6860643483271172e-01	   2.5877025518563423e-01	   9.8795183695912303e-01	   8.2960547040350086e-01	   6.6760405796369937e-01	   6.8779719647280368e-01	   7.9650228446258242e-01	   6.6008589830863129e-01	   6.6630702928952101e-01	   5.4761289235351107e-01	   6.3932982544963135e-01	   6.3408526696808654e-01	   5.0129895465780239e-01	   5.0671070034905241e-01	   6.4888637959287776e-01	   5.8875844325804705e-01	   7.6658268398022023e-01	   7.2062031251469638e-01	   6.1261921971582012e-01	   7.0439333937749771e-01	   4.5093177557987441e-01	   5.5696106149246960e-01	   6.6186493369376120e-01	   7.2978884450305381e-01	   3.5216953703691567e-01	   6.0578307308749069e-01	   6.4051111923967330e-01	   6.1518908750498524e-01	   6.6853794763061480e-01	   6.3524394420241392e-01	   7.5800907721999189e-01	   6.7280492352139409e-01	   6.7078699872366598e-01	   4.9351995721273567e-01	   9.5888925353962262e-01	   6.0798486483474679e-01	   7.4415420172261537e-01	   5.7153581093472106e-01	   8.0601567982799072e-01	   8.7314433479776887e-01	   4.9054766551765983e-01	   5.9041736027085978e-01	   7.3266666077413267e-01	   6.9482967108587679e-01	   9.9307670088049538e-01	   7.6618122795371479e-01	   3.8137978665969441e-01	   5.9876701505832575e-01	   8.0183723112908933e-01	   8.7602855135204893e-01	   1.0726965288806170e+00	   9.5020368090158314e-01	   8.5915549345101083e-01	   9.3178819430420756e-01	   6.0759513689809275e-01	   4.4603289876898061e-01	   5.1326292848654220e-01	   4.9205517091384521e-01	   5.4861343445356292e-01	   5.5706118718276754e-01	   5.2518471059506755e-01	   6.9788779479424801e-01	   5.9613105205441508e-01	   6.5824360213617450e-01	   5.1016147893310926e-01	   7.1551030311009500e-01	   7.1617539326185542e-01	   6.5063353155090997e-01	   7.3889447149377474e-01	   9.0851650274791829e-01	   2.5668642270525993e-01	   3.3008902905560644e-01	   7.1379591845078183e-01	   9.3040024466126814e-01	   5.8271842571581256e-01	   4.9838365082565472e-01	   5.3498621206913910e-01	   1.7386448950799316e-01	   3.5782112706602714e-01	   2.6279206557226775e-01	   6.4905288233363145e-01	   7.7874372222507326e-01	   6.5131000331869993e-01	   6.4617264962533683e-01	   4.5362188466600428e-01	   4.7206100302617604e-01	   4.1174976547479475e-01	   3.7402677452570277e-01	   2.2625209552428371e-01	   1.4669164120275882e-01	   1.5439891096802359e-02	  -1.0945464545172512e-01	  -3.6340651110612590e-02	   5.6019953982274162e-01	   6.0060318287531067e-01	   5.7501630695837758e-01	   4.2967523804005969e-01	   2.5863253924538887e-01	  -4.0898876685219188e-02	  -1.4701138897980481e-01	
   7.5471477093594508e-01	   8.1808655788811224e-01	   9.7926796150491613e-01	   1.2215310310768046e+00	   7.6173708301394571e-01	   8.2147950669525760e-01	   1.1067613768056035e+00	   0.0000000000000000e+00	   6.2657513263057707e-01	   5.1161203382208198e-01	   4.3509934697619301e-01	   9.4576608678034257e-01	   3.8780018924651949e-01	   8.9912619096873336e-01	   5.5641963063587019e-01	   8.3955993528386630e-01	   3.6757942684883149e-01	   1.3753617567985879e-01	   8.5268293557143904e-01	   8.2118528476517594e-01	   6.2770321729290635e-01	   5.7395896844441396e-01	   9.0741763794766173e-01	   1.0161002642287313e+00	   6.2056646152804473e-01	   6.1838249801303824e-01	   7.4095216762873217e-01	   6.3632745533533808e-01	   4.0346262453428722e-01	   6.1004643558672833e-01	   7.0385230150668254e-01	   7.7470800316416577e-01	   7.6199645396952487e-01	   9.0738281637425700e-01	   5.2481866870302385e-01	   6.9965124272889478e-01	   4.0885419479665253e-01	   4.4510833416216966e-01	   6.5112723431625386e-01	   7.0157034600921675e-01	   2.5766856985377151e-01	   5.7018316976099237e-01	   4.7216362500711978e-01	   4.7983040354043438e-01	   4.5829531439554055e-01	   5.5275974376712023e-01	   5.2776161698690882e-01	   4.9054709231879889e-01	   5.7673597626371076e-01	   3.9633228192365533e-01	   8.3757968227467183e-01	   5.4659945896741879e-01	   7.2689930811218573e-01	   4.6622115899615374e-01	   7.0638630518845147e-01	   6.2917621130342660e-01	   4.9311042862734422e-01	   4.0370345917103073e-01	   5.2507439205041118e-01	   5.1489394038739578e-01	   7.8994557428060563e-01	   1.0981996132795149e+00	   3.8923360019332587e-01	   7.9457198789165429e-01	   6.5175989354043162e-01	   1.0503734322579195e+00	   6.5881864309786498e-01	   8.3068437156273656e-01	   8.4361306266075609e-01	   9.8853848158326485e-01	   5.2121215909441232e-01	   4.7479433972474394e-01	   4.4061187148648706e-01	   5.5439513439609289e-01	   5.5663052234009769e-01	   6.3097582010225717e-01	   3.3926381945089912e-01	   5.4866576350197782e-01	   4.9267050691406578e-01	   5.5821085908288770e-01	   5.0404294027972729e-01	   5.9162680278612223e-01	   5.3482590031242605e-01	   6.5626378508897809e-01	   6.3141435697340331e-01	   8.4418877160405592e-01	   1.5998021722613054e-01	   3.3719590937832239e-01	   6.6116361123216705e-01	   9.2921423645381873e-01	   5.4397153777677687e-01	   3.7728224655562415e-01	   5.2526444203990486e-01	   3.9606081719080678e-02	   1.8842694545656882e-01	   1.6632127994414009e-01	   4.2771498864367691e-01	   4.9752745804700577e-01	   4.8184484061208344e-01	   4.4102189094537758e-01	   3.8304035787750024e-01	   1.9855299396910658e-01	   2.4250710278468929e-01	   1.2469900441379278e-01	   4.0794683966004684e-02	  -1.0472761178642664e-01	  -1.1126423768678231e-01	  -1.0104068591190433e-01	  -1.6424092734861953e-01	   4.0833074090877425e-01	   4.2901719974953267e-01	   4.0652487569197826e-01	   3.2679889533860634e-01	   7.3934728654013016e-02	  -1.9587953672157946e-01	  -2.5815847663415337e-01	
   5.9769747300026665e-01	   5.7079164113758396e-01	   5.3769614640326224e-01	   4.5959826850105268e-01	   9.2582527706263518e-01	   6.9076095010950245e-01	   7.1409497460992111e-01	   6.2657513263057707e-01	   0.0000000000000000e+00	   9.5593619453445955e-01	   7.7005773557922597e-01	   4.9902784604353012e-01	   8.6777768471853811e-01	   5.3492685655211070e-01	   9.7806895052896148e-01	   6.2989295810922474e-01	   3.4928668025077936e-01	   3.7678088023774448e-01	   6.3553369247368252e-01	   5.2280481718809813e-01	   3.6732262420857886e-01	   4.8023676729517678e-01	   3.2916428324525732e-01	   2.8665135634990879e-01	   5.7197228209788697e-01	   3.8143038808996010e-01	   6.1218218401487368e-01	   6.0278458291209591e-01	   4.3656807584331803e-01	   3.6096016724673485e-01	   2.6259538974680768e-01	   2.2855892983279893e-01	   4.3803581148854481e-01	   3.5237788773576378e-01	   3.4843792320438405e-01	   3.7974294460960767e-01	   4.5194424495953334e-01	   6.9659616061014284e-01	   4.5115721171049838e-01	   5.3200541133540113e-01	   5.3604377346407228e-01	   5.2101857157664067e-01	   4.2222474486036121e-01	   3.8767587250612140e-01	   3.2700188153848431e-01	   3.2841762270311470e-01	   5.1313053298465838e-01	   4.7131069161035932e-01	   4.6059777611962216e-01	   3.8756317771835203e-01	   6.9387745718416693e-01	   5.1189152442467845e-01	   6.7247280423071853e-01	   5.2792100641060147e-01	   7.0543297304346797e-01	   5.8671421918663191e-01	   3.4688976704376484e-01	   5.7160613669636640e-01	   7.1340726376003161e-01	   6.6613316569296033e-01	   6.7385248554500632e-01	   5.0600944913836943e-01	   3.4229219362683744e-01	   3.4513969380337017e-01	   6.1240333948828418e-01	   5.8366394484429640e-01	   6.8215795587065564e-01	   4.8445831017655011e-01	   6.5125657960990591e-01	   5.5400839721304251e-01	   5.7057662591793645e-01	   3.4644286584214329e-01	   5.6541979534795117e-01	   5.0416303574707144e-01	   5.6185618397486625e-01	   6.2874240911764623e-01	   5.8459249662076784e-01	   6.4297966519664018e-01	   4.4986141153701475e-01	   5.1632229560457721e-01	   4.7845491911833804e-01	   5.5472726525079286e-01	   6.0062550284216376e-01	   4.5989834204904367e-01	   4.9891976483087763e-01	   6.2155976254031842e-01	   3.4358862658940742e-01	   3.2196568391813285e-01	   7.9026025256912380e-01	   7.5359992748114624e-01	   5.7854971189184234e-01	   6.2834934480966542e-01	   6.0013535007536678e-01	   4.4800894535803359e-01	   2.7048849179771939e-01	   1.0457153576565290e-01	   5.7333662959135534e-01	   5.5221884872343363e-01	   5.0270091857661237e-01	   5.7871500493675943e-01	   5.0607420568535133e-01	   5.3139689722581085e-01	   3.6307766709483463e-01	   3.5905766933248789e-01	   2.9348474737001262e-01	   2.6729667933979823e-01	   1.4725245965339429e-01	   8.9637872847137701e-02	   1.9113520926162333e-02	   5.4886789164745864e-01	   5.4918088681158306e-01	   4.9637847826330961e-01	   5.3530347245472543e-01	   5.0608860088993679e-01	   6.9786319556919621e-02	  -1.4522059772628426e-01	
   4.8577173417543912e-01	   4.8450439857298400e-01	   3.0798107993439394e-01	   2.6432032474120537e-01	   7.0280229973131292e-01	   7.4062841008366498e-01	   4.8292790602386698e-01	   5.1161203382208198e-01	   9.5593619453445955e-01	   0.0000000000000000e+00	   7.1149005276947885e-01	   3.5552486732495919e-01	   7.8610129653740446e-01	   3.1375763519991962e-01	   6.9754670544236808e-01	   5.4813195854516283e-01	   3.4246129962348099e-01	   4.7983806720464067e-01	   4.5747976655048528e-01	   3.7312943804266469e-01	   3.5060450720455794e-01	   3.9930428437497845e-01	   1.4482709792374981e-01	   1.5525688020501896e-01	   2.9651425437989570e-01	   1.9459665683329580e-01	   4.0189263013465659e-01	   4.1742591886584796e-01	   2.7874026314997441e-01	   1.2067515393402289e-01	   2.0511842847714995e-01	   1.5743283070953232e-01	   3.4265017978414591e-01	   2.8774014641363244e-01	   2.3500972551810634e-01	   2.6127274880188350e-01	   3.6676144009374279e-01	   5.7762187822435351e-01	   3.4186759693746183e-01	   4.1761442518262437e-01	   4.4976844765021062e-01	   3.7380515154511945e-01	   1.8891824794539774e-01	   1.6050920896757567e-01	   2.2661132410483384e-01	   2.1880559543390735e-01	   2.3103424711681070e-01	   2.3556075391058179e-01	   2.5372548732149758e-01	   2.4126199539030069e-01	   3.8687682480662861e-01	   3.7273628733399539e-01	   4.1994089681842917e-01	   3.1584569529378204e-01	   4.3872257112149637e-01	   3.1134556404436586e-01	   3.9295434204154911e-01	   5.1520911738045683e-01	   4.2536540062198369e-01	   5.0794416114645058e-01	   5.1885724146433843e-01	   5.2465953433020385e-01	   2.8554168965670068e-01	   4.5501099773635356e-01	   4.3575796270679357e-01	   5.2510482047559182e-01	   4.4632719909221319e-01	   3.8658110281038927e-01	   4.9576697314354751e-01	   4.1118033862615710e-01	   4.5741576986667060e-01	   2.5865744365955001e-01	   3.6617417412567493e-01	   3.4799268199813760e-01	   4.6958259347213993e-01	   5.6678795897786527e-01	   3.8267388079385678e-01	   5.0109928244165447e-01	   2.3967805621155358e-01	   4.8626431651192042e-01	   3.7812962643345066e-01	   5.7189448063666004e-01	   5.2756842764451339e-01	   2.9975093976008166e-01	   2.6956393558343827e-01	   4.5709090388488172e-01	   3.6829548403930612e-01	   1.8887877939214215e-01	   6.3621079034192107e-01	   6.5237666427792473e-01	   4.3841568310840340e-01	   4.6131568026514524e-01	   5.1448679896514782e-01	   3.6030373292187334e-01	   2.5643194907429229e-01	   1.4553129240085066e-01	   3.6048870797280974e-01	   3.3539419886539856e-01	   3.5168436331974096e-01	   3.7257841048311507e-01	   4.5905921848908837e-01	   4.4375042451826990e-01	   3.7999387243458088e-01	   3.9144343720851654e-01	   3.0430015653897130e-01	   2.5654180800184645e-01	   1.5996086270187043e-01	   2.5870103643654263e-01	   1.3842427359668541e-02	   3.3766190913981736e-01	   2.5966210366503212e-01	   3.8335896003641567e-01	   4.0953689083541350e-01	   5.3125889122599790e-01	   1.3286737022859729e-01	  -9.8228518623767594e-02	
   7.6117333105034823e-01	   7.4102879447741410e-01	   3.9312127039164485e-01	   2.3015546444719437e-01	   5.6283459566359550e-01	   4.4738227664470065e-01	   5.8509096567529661e-01	   4.3509934697619301e-01	   7.7005773557922597e-01	   7.1149005276947885e-01	   0.0000000000000000e+00	   5.6435314852302454e-01	   1.5644746671459844e+00	   6.1388861421032648e-01	   1.0398262973216239e+00	   6.1696240744660213e-01	   6.3446676123876533e-01	   5.7842792063878223e-01	   7.0385921280117836e-01	   5.8611844376463829e-01	   4.1396685541569966e-01	   5.2130197423363356e-01	   2.2154574948075945e-01	   1.1921622253966525e-01	   3.7011947747882246e-01	   1.9297989644086511e-01	   4.7218817863664286e-01	   4.3031580463852737e-01	   6.9091705355113553e-01	   2.9210222488400495e-01	   2.7953552016840105e-01	   1.5820432846548677e-01	   5.3939467809486841e-01	   3.7961678608319571e-01	   2.1388459246643662e-01	   2.2438048088241194e-01	   4.9294879348100895e-01	   5.1974045299537308e-01	   4.3902715070922171e-01	   4.3563444383003558e-01	   5.3267248664599498e-01	   5.4919167386003120e-01	   3.1375847615724622e-01	   2.9797333704009837e-01	   3.1158377348552113e-01	   2.5621466830520201e-01	   3.1212655584592003e-01	   3.4707564282779702e-01	   3.7828605343520466e-01	   2.8018406622486769e-01	   4.6613131545181580e-01	   4.1586672272060954e-01	   4.7267353118103939e-01	   2.3139034557687435e-01	   5.2109593798561771e-01	   4.4199754966312521e-01	   4.4059461112818377e-01	   6.7555488867163893e-01	   6.4246927403721599e-01	   4.8367732212908793e-01	   8.3877585981896463e-01	   3.9477487427692209e-01	   4.3050892374288580e-01	   4.2362952641364704e-01	   3.9727591986860555e-01	   4.6370282420167880e-01	   5.3603973238359648e-01	   3.1230632080681331e-01	   5.9199172226804664e-01	   4.5270044277587396e-01	   5.8308792279330512e-01	   3.5025367780362177e-01	   6.3573164128397275e-01	   4.7762652927059429e-01	   6.5875949143649248e-01	   6.2664072727214115e-01	   5.6088568722922838e-01	   6.4314832215949758e-01	   4.8689257599723068e-01	   7.1553834515206294e-01	   6.6463508605419375e-01	   7.3605292241836073e-01	   8.9464968402242717e-01	   4.9766075165560120e-01	   5.0932062082567897e-01	   5.3080962598535963e-01	   5.4755019300882546e-01	   3.6889066413957816e-01	   8.7112523408407716e-01	   7.9018026329742796e-01	   3.3589039214914262e-01	   4.4994148873348183e-01	   2.8334563316719541e-01	   1.6456052060159382e-01	   2.9923934580992484e-01	   2.1929872968873093e-01	   4.0434134899214624e-01	   4.6755634444362787e-01	   3.6797039179771129e-01	   4.5876738181452625e-01	   2.8141469036015121e-01	   3.2456474140437691e-01	   3.5175052995137496e-01	   3.9201132597427457e-01	   2.6408098786877970e-01	   3.0425974840079856e-01	   1.8511285094019089e-01	   1.4745341795762129e-01	   1.3816128740417516e-01	   3.8950846847097670e-01	   3.0246814601394639e-01	   4.6694518782317329e-01	   4.3251464590964445e-01	   5.7473308599442963e-01	   2.0250645732841638e-01	  -6.2295358637008040e-03	
   6.8439905281780911e-01	   7.7366253462098711e-01	   5.4284630350886676e-01	   6.3234864624496312e-01	   5.3303547349914560e-01	   4.9806173721431773e-01	   6.6423918425287376e-01	   9.4576608678034257e-01	   4.9902784604353012e-01	   3.5552486732495919e-01	   5.6435314852302454e-01	   0.0000000000000000e+00	   3.9796279619135577e-01	   1.4195236792572183e+00	   5.0703012126534053e-01	   6.6980821892919384e-01	   3.8799781339273154e-01	   2.1334264758842955e-01	   6.4715280337114123e-01	   6.3065484039285269e-01	   4.5114290596251927e-01	   4.3529681976586226e-01	   5.9497564303662875e-01	   5.9143681959619421e-01	   4.3630469229678076e-01	   3.4100236482908142e-01	   5.7385332882504259e-01	   4.7116864432370581e-01	   4.7111874884938754e-01	   5.4492057831202179e-01	   4.5845099248018850e-01	   4.4606857766617947e-01	   5.6245152413523425e-01	   5.8847684884980445e-01	   3.3608594964736754e-01	   4.3786739064816088e-01	   3.3144129928346261e-01	   4.0015118919044762e-01	   4.6603288624077910e-01	   5.4090529682409128e-01	   2.6498473517232185e-01	   4.7069088088429756e-01	   4.1650648507228244e-01	   4.5352156114272363e-01	   3.8036311514174725e-01	   4.6438257496418706e-01	   4.1989863751089784e-01	   4.6381537164039888e-01	   5.9746868584363300e-01	   4.2167096613777250e-01	   6.9303717773773810e-01	   5.8668717719691343e-01	   6.6327241712407747e-01	   3.2644761527142585e-01	   6.3097026222024610e-01	   5.9918391852893826e-01	   3.6910488122246543e-01	   3.0011062975506336e-01	   4.3477730392563219e-01	   4.5219907873267112e-01	   5.9357138283561706e-01	   9.5315912154118065e-01	   3.2195837619981049e-01	   5.4944998710570836e-01	   5.6498893219964585e-01	   9.1145334039363113e-01	   4.2774230546739023e-01	   5.6143138404441217e-01	   5.6668950813328745e-01	   5.9488497116991967e-01	   5.5268340537292215e-01	   4.8269494609036545e-01	   4.9475289486451957e-01	   6.2143902993195810e-01	   6.4853116214227935e-01	   8.7035044346551405e-01	   3.8695103559045485e-01	   6.1867775415571802e-01	   5.3541819045590677e-01	   5.9806332379724814e-01	   5.4636437808446070e-01	   5.7878969042513595e-01	   5.6632963857680929e-01	   5.2692446993488562e-01	   6.1094550141610304e-01	   7.6257017489250112e-01	   2.9227739228282645e-01	   3.6482328130816505e-01	   5.0592932631889997e-01	   7.4234478116912617e-01	   3.4273948294486234e-01	   1.9595606006987326e-01	   2.6453627129697838e-01	  -1.6086416661880565e-01	   9.6895097805288266e-02	   1.1937775352719761e-01	   3.2470385031354454e-01	   4.2415264771910749e-01	   3.4146680548269315e-01	   3.7764272358239087e-01	   2.2498120001170446e-01	  -3.7299897240925610e-03	   2.3883937336239938e-01	   7.1719879140313997e-02	   3.6378254547047191e-02	  -5.3294002539845632e-03	  -8.0310511501895415e-02	  -9.2856333416616050e-03	   6.2707938793842274e-02	   3.8060199721106697e-01	   3.2723664575727940e-01	   2.8757624953985661e-01	   2.3631822680682862e-01	   1.4066134250252413e-01	  -2.2844162347009974e-02	  -1.6978438243935700e-02	
   5.8271968126043294e-01	   5.8960020524805001e-01	   2.9244402305841505e-01	   1.4226220521934313e-01	   4.9988822558022838e-01	   4.2188633584116064e-01	   5.4295157134348804e-01	   3.8780018924651949e-01	   8.6777768471853811e-01	   7.8610129653740446e-01	   1.5644746671459844e+00	   3.9796279619135577e-01	   0.0000000000000000e+00	   4.9079462478338154e-01	   1.0013366266397070e+00	   4.9122074974740970e-01	   4.7859192444279619e-01	   4.8483443859126651e-01	   5.3426299703320579e-01	   4.2851433986739473e-01	   2.4266821141429740e-01	   3.7243984857573609e-01	   9.8540857115500979e-02	   2.0450528117058889e-02	   2.8247911413645460e-01	   1.2498645688845249e-01	   3.5260628134060668e-01	   3.2634015316349474e-01	   5.5934674605196999e-01	   2.0054392738470667e-01	   1.6495452511925696e-01	   7.1177257302000807e-02	   4.4080725008681770e-01	   2.7904146232113591e-01	   1.2545204451973282e-01	   1.3163301361395488e-01	   4.4250201439191572e-01	   4.5603962510731821e-01	   3.6213198761448095e-01	   3.5755090984553262e-01	   5.2449916141813957e-01	   4.5241834930832248e-01	   2.7505265605731138e-01	   2.5311456377382474e-01	   2.9481934518407282e-01	   2.3140570752253986e-01	   2.7539460663987481e-01	   2.9025215878416721e-01	   3.4657993813984533e-01	   2.7644070916848651e-01	   4.3736800444388108e-01	   3.9334253529595270e-01	   3.9348689156213029e-01	   1.7492710894525570e-01	   4.4134214757457974e-01	   3.5388726761164430e-01	   3.1982034245093249e-01	   5.8520260524564072e-01	   5.3572926662957321e-01	   4.4127066001278425e-01	   7.2448387728565222e-01	   3.0664759916055340e-01	   4.1445508326584268e-01	   3.8172577237483157e-01	   3.1744833658734134e-01	   3.7084764228762340e-01	   5.1070903869121098e-01	   2.4900565651698461e-01	   5.1960990125249940e-01	   3.7354531731947016e-01	   4.1067669814200025e-01	   2.3698738091961541e-01	   5.1670209500929287e-01	   3.6973710446208502e-01	   4.7871262188613267e-01	   5.2354982008065054e-01	   4.7815856936282042e-01	   4.9574544170844775e-01	   3.3453677797638182e-01	   5.3701808418389396e-01	   5.2592689551642047e-01	   5.5683308598578218e-01	   6.7213257389644121e-01	   3.3368835275583991e-01	   3.8061184167290507e-01	   4.2055862158836382e-01	   3.6801248770207384e-01	   2.3758463062376151e-01	   7.2358846313604341e-01	   6.6142908756948615e-01	   2.9456517685292116e-01	   4.3200750591649362e-01	   3.1165922983082661e-01	   2.4909223957427323e-01	   3.2833834777658893e-01	   2.1196641243636938e-01	   4.0155719063534723e-01	   3.9995882235538172e-01	   3.2903084077904654e-01	   3.8307114185982394e-01	   4.0004052778776084e-01	   3.7853589540717320e-01	   3.7508315228299310e-01	   4.2589062842796588e-01	   2.6861549664218476e-01	   2.7155661990914642e-01	   2.6213112181705100e-01	   2.3049838295092273e-01	   1.3611964822347611e-01	   3.2781533048470513e-01	   2.7148888187461884e-01	   4.1759810888786847e-01	   4.2440372516475700e-01	   6.3902926104309510e-01	   1.9538142456669610e-01	  -4.8021912452907003e-02	
