   0.0000000000000000e+00	   1.2387812807670726e+00	   9.2368804025957285e-01	   7.6933136772084321e-01	   5.4577346896031997e-01	   4.8970665303510169e-01	   1.0473532550083011e+00	   7.0510393881089983e-01	   6.3225182560696402e-01	   6.0709689406569323e-01	   8.5136991637704273e-01	   8.4770597686649829e-01	   9.6250520165453501e-01	   8.9423080814617517e-01	   9.4579139823614744e-01	   7.4496623906806581e-01	   6.9483376270623087e-01	   7.9901915193102757e-01	   1.4320904533972161e+00	   1.2200348324462240e+00	   5.0603400875232762e-01	   4.4394146671423795e-01	   6.7165442632752226e-01	   5.4876151062318745e-01	   3.0766860319993433e-01	   4.0755730390565781e-01	   4.7985849522653290e-01	   4.5111390204534280e-01	   1.0791239105911985e+00	   8.8303325625873019e-01	   6.2684597310531887e-01	   5.8308618565214798e-01	   7.7280475736880794e-01	   7.0741894353501222e-01	   2.6498624550331173e-01	   2.0852878421415147e-01	   2.5067941680721145e-01	   2.3806627525262197e-01	   3.3468623885507709e-01	   4.4008099219035807e-01	   4.2193895301861151e-01	   5.5818216363698236e-01	   6.8808092706232971e-01	   6.9267094013364316e-01	   5.1633152490661516e-01	   5.8265395249084861e-01	   5.5608248480013078e-01	   6.2056806318523028e-01	   7.1249720014242890e-01	   8.5140569700845048e-01	   7.4874209651304524e-01	   7.3091034074491734e-01	   5.8889933863515154e-01	   7.3436597763405020e-01	   6.2153326573347800e-01	   5.6636474327487230e-01	   1.4072022127598798e+00	   9.7341310545087301e-01	   8.7731088803003265e-01	   6.8668228509468765e-01	   1.1091959256472501e+00	   7.7796998811596829e-01	   8.5625746530321167e-01	   6.3304314688578134e-01	   3.6732404024144943e-01	   6.2125496446751405e-01	   5.3914911989722847e-01	   4.4250286369747183e-01	   6.1934312949501691e-01	   4.9179678189654419e-01	   6.9552239025718043e-01	   4.9658059621286826e-01	   8.7765441109767384e-01	   8.1409496459513797e-01	   7.5354150656469465e-01	   7.8525645115517706e-01	   1.1724437507798333e+00	   1.0037233135614794e+00	   9.0042320806643361e-01	   8.0519156357704336e-01	   9.6907057280944764e-01	   9.6399065407088846e-01	   8.6844926868113703e-01	   6.9350834290861185e-01	   8.8668575231282998e-01	   7.5200870200720760e-01	   4.4755900681061322e-01	   2.8168160940342751e-01	   8.2142698349531995e-01	   8.5079089125230711e-01	   6.8076827661484174e-01	   5.6802484017736221e-01	   5.7782621218643571e-01	   6.9401710871932443e-01	   4.0872895894253486e-01	   4.5699883959495430e-01	   3.5516005964912306e-01	   3.1113623288721504e-01	   7.9985723210512494e-01	   8.7414151590719491e-01	   3.3939592590207068e-01	   5.4892483624756983e-01	   3.0546736286181470e-01	   3.5910265742439024e-01	   6.5182023524266608e-02	   1.7934680196172198e-02	   4.7212275272428683e-01	   2.9498331337130845e-01	   3.4194549822232696e-02	   2.6683538897384584e-01	   2.8605021393892516e-01	   5.4780812368356768e-01	   6.3766188611625241e-01	   2.6664761149704097e-01	   8.3411062624716217e-02	  -3.0572553196527635e-01	
   1.2387812807670726e+00	   0.0000000000000000e+00	   8.2326384275043030e-01	   7.9753830097934908e-01	   6.1977251966164137e-01	   5.0233770860552596e-01	   9.5691764864503437e-01	   7.2481254362371139e-01	   5.6433556954648145e-01	   5.0192529519755869e-01	   8.2149945215931452e-01	   9.8269667550197248e-01	   7.7679081718214615e-01	   8.0499833081713823e-01	   7.7739920361351089e-01	   6.6734808463613904e-01	   9.3931166711998615e-01	   1.0675058617700317e+00	   1.0489319813929945e+00	   1.2142137912239892e+00	   6.1429133243491219e-01	   5.0991788466395704e-01	   6.6137729307443160e-01	   5.6152994093154096e-01	   4.1829879537558240e-01	   4.5674633006269327e-01	   4.6068870196267880e-01	   3.2503009950033690e-01	   1.1933079307086811e+00	   9.8362947880792695e-01	   7.0511401481710145e-01	   6.5877427457693016e-01	   8.5457335401136203e-01	   8.4037141060537579e-01	   2.6181494108031533e-01	   2.4297937680582221e-01	   9.1778124582329104e-02	   1.6437071759131794e-01	   1.7030539171028411e-01	   4.1219602299023539e-01	   4.2571801399280151e-01	   5.7839463947420922e-01	   5.6772499331000037e-01	   5.4698081744341298e-01	   4.1434400754270878e-01	   4.9936918374943801e-01	   4.6585946991677368e-01	   4.9564921327721317e-01	   6.3696987419855544e-01	   7.0437974089432165e-01	   6.8460192807839237e-01	   6.2679247510159564e-01	   4.7409344557280236e-01	   6.2232125612141143e-01	   4.8161378585172926e-01	   5.2285748809078147e-01	   1.3301698271271085e+00	   1.6100986649344009e+00	   9.3611970543931755e-01	   8.2297042330537451e-01	   1.0459132956714117e+00	   7.4851416978229735e-01	   1.1357126935304325e+00	   9.2977216769668947e-01	   3.1292690740463536e-01	   3.8918969881831361e-01	   5.8368449422081803e-01	   4.6265880289013089e-01	   7.6466240783777883e-01	   7.0046128680930797e-01	   7.8738601924786455e-01	   5.1934404571146175e-01	   9.7886254259034344e-01	   8.9197397405099510e-01	   8.1519416810649226e-01	   8.8610031182098470e-01	   1.0171065160302208e+00	   1.0277459879360136e+00	   9.8543449282179141e-01	   9.4910319508071983e-01	   1.0534114249526247e+00	   1.0871478239724577e+00	   8.5456746182224386e-01	   7.5656413854021487e-01	   7.7026075933871241e-01	   6.8173706048718274e-01	   4.3882298507027728e-01	   2.5376492585503418e-01	   7.7122628409801508e-01	   7.6225799056947541e-01	   6.6587010577673966e-01	   5.3081402012201684e-01	   6.2039135863334072e-01	   6.4684951363014243e-01	   4.1982257551856261e-01	   5.2094650660948383e-01	   3.6329221410619894e-01	   3.4295781086461774e-01	   8.5184536941744848e-01	   9.0383275696690124e-01	   5.4371613411774999e-01	   5.8567851857674547e-01	   4.5329129117783690e-01	   4.8971352778249899e-01	   1.3298546999423272e-01	   6.0659087470729470e-02	   5.8155636390695931e-01	   2.8032359401465856e-01	   5.9661579166826822e-02	   3.1879861087104117e-01	   3.6955533729760259e-01	   5.6273694791099649e-01	   7.3003219861621327e-01	   3.8454892167923793e-01	   1.8359695867643197e-01	  -2.5244767438873300e-01	
   9.2368804025957285e-01	   8.2326384275043030e-01	   0.0000000000000000e+00	   1.1629795082194281e+00	   1.0925204034283256e+00	   9.1944272236892977e-01	   1.5479678397262813e+00	   1.0212921924999481e+00	   1.0069272775853100e+00	   8.3140579128531722e-01	   7.3618006984765749e-01	   7.5087762257634227e-01	   8.3384846533920942e-01	   8.0252413612069950e-01	   8.9508349641423246e-01	   9.7969078620806582e-01	   4.4451615302488934e-01	   4.9252830609605247e-01	   1.0293209978777771e+00	   1.0423937665865004e+00	   5.6183538774105923e-01	   5.3034892465323646e-01	   1.1298711051477968e+00	   9.9169807385936060e-01	   7.7119538382468300e-01	   7.6650071420382959e-01	   8.6014008804547903e-01	   7.8574031947833856e-01	   7.7418162749770869e-01	   6.6637578924044416e-01	   7.8389817166420750e-01	   7.5776083479426848e-01	   9.4207033514882355e-01	   8.7265997960498487e-01	   6.0723308267070386e-01	   5.0163375357278905e-01	   1.6786103081041565e-01	   2.2855642778131574e-01	   3.6719856655259669e-01	   5.5983386617915587e-01	   3.4672551081241720e-01	   5.3489474584034857e-01	   1.0066328775162356e+00	   8.7173576084191851e-01	   6.9404175602326701e-01	   6.7569140877598932e-01	   7.9536620524029000e-01	   7.6992717636436137e-01	   8.2519841778709080e-01	   8.8797652681155781e-01	   1.0867856843420900e+00	   9.4894034789421933e-01	   6.6230068044014911e-01	   7.0888343630459050e-01	   7.4286455765195747e-01	   6.9700084424122466e-01	   6.5241481025931614e-01	   6.4640795477988833e-01	   9.8587656062460582e-01	   6.9380415882876523e-01	   1.0805011064950381e+00	   6.3495269957831613e-01	   8.5741721374032098e-01	   6.0830907259701428e-01	   6.8347811198070152e-01	   7.5448155444393028e-01	   9.7043189505556837e-01	   8.0070556362169376e-01	   6.1639640639237159e-01	   6.6707121452178131e-01	   6.5855880118021148e-01	   4.6137622676556383e-01	   6.7158783131403932e-01	   6.9769974024496151e-01	   6.3007687808594759e-01	   7.3087870812453726e-01	   8.8644461239282790e-01	   8.8526883917789911e-01	   6.8812007128234021e-01	   6.1995039924432904e-01	   8.5202150300204460e-01	   9.3082711866215362e-01	   8.3004702009943776e-01	   7.2347541771967505e-01	   9.5121463386214289e-01	   9.8003527361234422e-01	   4.6045672922210334e-01	   2.9311120366729487e-01	   1.0750239465372735e+00	   9.3325680906085551e-01	   9.2751534941084268e-01	   6.3862874665444580e-01	   7.4220060278023092e-01	   7.6019531742088031e-01	   3.0617608771816124e-01	   5.1751036993967237e-01	   4.5473669086853197e-01	   4.1655298531627050e-01	   9.0080178193027383e-01	   9.1942007095446332e-01	   4.4796593592330547e-01	   6.5929426841816963e-01	   3.8911835207653706e-01	   4.3667819850599965e-01	   3.7656673750198613e-02	  -1.4350946792430545e-02	   4.5656137983507356e-01	   3.0824251268403180e-01	  -9.8296647297743012e-02	   2.3503554615197547e-01	   4.3572904803166518e-01	   5.4680801236364052e-01	   7.0479858557416186e-01	   3.1254263919496256e-01	   9.6129373917212116e-02	  -4.2160275598239244e-01	
   7.6933136772084321e-01	   7.9753830097934908e-01	   1.1629795082194281e+00	   0.0000000000000000e+00	   8.3561882249758290e-01	   1.0022277878053361e+00	   1.2160049901842434e+00	   1.5758077257030230e+00	   6.2280267983903448e-01	   9.8753056913816883e-01	   6.0185765035600802e-01	   8.4223569853092450e-01	   5.7894337442552990e-01	   6.7402031738793289e-01	   5.9071077040434783e-01	   8.5541822672037549e-01	   4.5112039961965034e-01	   4.6739166305499613e-01	   7.6098356407222434e-01	   9.2616761313233109e-01	   4.6526072017277187e-01	   4.3302799155562377e-01	   6.9004978108595050e-01	   9.3468495449386546e-01	   5.9372106968227512e-01	   7.0951101822884122e-01	   7.4796245944275430e-01	   5.6921728592461807e-01	   6.6235320637572137e-01	   5.6949782582381747e-01	   6.7139789232910163e-01	   8.3034364364089519e-01	   8.5791905056294693e-01	   9.6422731603139489e-01	   4.6602213860552671e-01	   5.1309663046773468e-01	   2.9622418222737855e-03	   1.0812073671361702e-01	   1.9739357503148333e-01	   4.3119001080127040e-01	   2.3395645390094036e-01	   3.8073693807797765e-01	   6.0616317442411061e-01	   5.4521163693608832e-01	   4.7214221020299790e-01	   5.2632551669945427e-01	   5.1146323777694747e-01	   4.7317893077907480e-01	   5.5895221515067139e-01	   6.4151101326625759e-01	   7.4681731061474843e-01	   6.8647256814313129e-01	   4.7918234219227662e-01	   5.8339867750635477e-01	   5.3204150787412330e-01	   5.0960796796729735e-01	   5.6715266338168480e-01	   6.6522682345848749e-01	   8.7426878774351668e-01	   7.8965164040747216e-01	   9.9578248049024520e-01	   9.6242197850437250e-01	   8.7639200809009887e-01	   7.6518884028526024e-01	   4.6721579105303168e-01	   7.9812018007077057e-01	   9.2449538590705493e-01	   8.4021217790572711e-01	   6.1818926659977846e-01	   7.6932600276805929e-01	   5.4128549411719584e-01	   3.5089210944283961e-01	   6.1434366898872961e-01	   5.8586634344803978e-01	   5.3794240828726492e-01	   7.3196293414105518e-01	   7.0730410328402182e-01	   7.5431354823171015e-01	   6.0819532437203616e-01	   5.5396225719049752e-01	   6.8168197930131369e-01	   7.8320927394880990e-01	   6.4905589604466252e-01	   6.6235350474161769e-01	   7.1279318332560093e-01	   8.4468027165483495e-01	   3.3628582911012672e-01	   2.5835800756767208e-01	   9.5404463780149884e-01	   9.0404670260779385e-01	   7.6385706995880842e-01	   4.3291941596803130e-01	   7.3958729520222155e-01	   5.9677163196311767e-01	   3.3709866609257055e-01	   5.0240573894984653e-01	   3.7265595771037108e-01	   3.8270651130363453e-01	   7.7425718109227770e-01	   6.8442370810616660e-01	   6.1359855174542277e-01	   5.3639850018458135e-01	   4.6717227264558703e-01	   4.0707237585935946e-01	   8.6120627122070859e-02	  -3.1814239706506819e-02	   3.7928695320142847e-01	   2.3352398849258266e-01	  -7.8283374958384846e-02	   2.4084853830356828e-01	   3.7884178424794451e-01	   4.8236783290681268e-01	   6.4715208073178732e-01	   3.6190918685287171e-01	   1.8314588512819663e-01	  -3.9284163148913159e-01	
   5.4577346896031997e-01	   6.1977251966164137e-01	   1.0925204034283256e+00	   8.3561882249758290e-01	   0.0000000000000000e+00	   1.1229759952529361e+00	   9.2753171671361390e-01	   8.5579670695742238e-01	   1.0422331332974788e+00	   9.2477226129648116e-01	   6.2701928338433188e-01	   6.6838822510141016e-01	   6.8888517093850099e-01	   7.9430945598267966e-01	   7.6339431031878224e-01	   1.1432431609946303e+00	   3.1154835486974519e-01	   2.9430091342530301e-01	   5.7011958074447866e-01	   6.6643998758632184e-01	   4.7043021645708016e-01	   4.4433069745814557e-01	   1.0516503311650716e+00	   9.8521844641456102e-01	   1.1363065075362782e+00	   1.0523382647206037e+00	   1.0314749216532995e+00	   7.1671917659861839e-01	   5.7387873913377019e-01	   5.9928607369568376e-01	   8.4684266874816094e-01	   8.2715053328658228e-01	   7.9814394879713690e-01	   7.8740341660800506e-01	   7.8247776512226663e-01	   7.4588404603617786e-01	   1.7530311568263743e-01	   2.9332085845771111e-01	   3.3279869565167436e-01	   5.5316148364740403e-01	   2.7265324493272086e-01	   4.8850624772130563e-01	   7.8297584441488477e-01	   6.4417067323691468e-01	   6.5933845560210491e-01	   6.3423915407671438e-01	   6.6517690393435935e-01	   6.6944841457290016e-01	   6.9736080152108748e-01	   6.6574005897295219e-01	   8.4458223622805439e-01	   6.9997781483531096e-01	   5.9481707262449124e-01	   5.5826812464107267e-01	   6.8391360472857199e-01	   7.2486370913205733e-01	   4.0357045089860577e-01	   4.8736813248479910e-01	   6.8817382124134041e-01	   6.3060210194615629e-01	   7.0732782360928781e-01	   5.0926616247874590e-01	   6.5131976010465786e-01	   5.2298703554687642e-01	   6.9232798454672195e-01	   5.7411429954943183e-01	   1.0038889082128739e+00	   8.9669920092253397e-01	   4.4189096576468201e-01	   5.8380881716645916e-01	   4.4838046828085154e-01	   3.4054871428645012e-01	   4.8181271663347963e-01	   6.0109207987400426e-01	   4.3000919451735942e-01	   5.9298323221979099e-01	   6.1586346249840007e-01	   6.5299846925303329e-01	   4.5789794135759276e-01	   4.5056823109627242e-01	   6.3292637062236246e-01	   7.0203825814981158e-01	   6.9100070341106057e-01	   7.0152445738377833e-01	   7.6880959877035493e-01	   8.4031276515167552e-01	   5.0114579202975507e-01	   3.3856559809874232e-01	   7.8618875011474121e-01	   6.5497846063768683e-01	   7.8478805595409717e-01	   5.6972289794486819e-01	   6.1700241375016684e-01	   6.2461491419043136e-01	   2.9238860494034080e-01	   4.9011573916273987e-01	   4.6245694842876667e-01	   4.7175352795820480e-01	   7.4297377971518541e-01	   7.3377379834140988e-01	   4.3336400967092215e-01	   6.4748696172574860e-01	   3.8917951971891784e-01	   4.3390452652661704e-01	   6.2881013976947772e-02	   2.8176869183721108e-03	   3.6011239004719348e-01	   2.3284464939691296e-01	  -7.7635446188728474e-02	   3.0762132238041517e-01	   4.6311126424769000e-01	   5.2630226276908798e-01	   6.3982223309900321e-01	   3.9521828558388605e-01	   1.2859147596481099e-01	  -3.7896376146261185e-01	
   4.8970665303510169e-01	   5.0233770860552596e-01	   9.1944272236892977e-01	   1.0022277878053361e+00	   1.1229759952529361e+00	   0.0000000000000000e+00	   8.7388806327390811e-01	   1.0517739121337955e+00	   7.2080445148689831e-01	   1.1131447029322969e+00	   5.2540376264165589e-01	   6.6914760304373522e-01	   5.3845128129833297e-01	   6.5548374456410241e-01	   6.1911857577680451e-01	   1.0218251999309860e+00	   1.8738171119260044e-01	   1.8752188060060188e-01	   4.9912436230264418e-01	   6.4109547475486772e-01	   3.1810054593984444e-01	   3.4303416980850060e-01	   6.9833761316545473e-01	   8.1879062463011043e-01	   6.8986956229210872e-01	   7.8086401816304518e-01	   8.2409000138135979e-01	   8.1476318779866364e-01	   4.3727622274982642e-01	   4.7008481818236036e-01	   6.2899298997713815e-01	   7.5759840772625986e-01	   6.6292422498600434e-01	   6.7530139302870928e-01	   4.6812707748365212e-01	   5.6287829382174936e-01	   1.5899362099625700e-02	   9.0530902442828520e-02	   2.1120771933638449e-01	   3.6582101551839580e-01	   1.2157374199431459e-01	   2.9867657688645127e-01	   6.0440412261108989e-01	   5.2274710853363338e-01	   5.0748678605547481e-01	   5.4035495306771408e-01	   4.9576848304093157e-01	   4.6310515795411378e-01	   5.4420254844903637e-01	   5.7500108217277923e-01	   6.7408144950480742e-01	   6.5176493002120839e-01	   4.5672171102274017e-01	   5.1892715286259861e-01	   5.2673749053666086e-01	   5.0222696181278170e-01	   2.7878237072353451e-01	   3.9629014690491465e-01	   6.0969826544416550e-01	   5.9955827590243727e-01	   6.4570178657630373e-01	   5.8231909423114869e-01	   5.9174021014110123e-01	   5.0194921950945026e-01	   4.0791561265438059e-01	   5.3300093669033721e-01	   8.1848120202657337e-01	   7.9346444315674514e-01	   4.4445015164876539e-01	   6.2937253360294843e-01	   3.8113925585442937e-01	   2.7384593075561908e-01	   3.6132215192842226e-01	   4.7148077780969155e-01	   2.9685397641314692e-01	   5.4630389458173245e-01	   5.2429683723169673e-01	   5.8400063465867358e-01	   2.8840275185171060e-01	   3.1702969337153036e-01	   4.5801506998012959e-01	   5.3528981597331027e-01	   5.2993486437188464e-01	   5.5372135232772868e-01	   5.7446098590745298e-01	   7.2711671921662968e-01	   3.8337210388640264e-01	   2.7541757837731051e-01	   7.6590979383522650e-01	   6.9386963086435172e-01	   6.3882574325875774e-01	   3.2370899179506629e-01	   5.6247320394456857e-01	   4.4406919619503482e-01	   2.4701836519034576e-01	   4.2786773332223671e-01	   2.9748009727018615e-01	   2.9413252011497382e-01	   5.4611071744870898e-01	   4.7573995349794485e-01	   4.9379948807318569e-01	   4.8797418336590903e-01	   3.7200401642683029e-01	   2.9782927703735496e-01	   1.1504650153165064e-02	  -1.1280366220444650e-01	   3.5923626228962674e-01	   2.2792943073967023e-01	  -8.0836823264169577e-02	   1.6544570967518607e-01	   2.7293405306095814e-01	   3.0967665272352746e-01	   4.4779480915128284e-01	   3.0358609467001241e-01	   5.2211756478421141e-02	  -3.5641048689923288e-01	
   1.0473532550083011e+00	   9.5691764864503437e-01	   1.5479678397262813e+00	   1.2160049901842434e+00	   9.2753171671361390e-01	   8.7388806327390811e-01	   0.0000000000000000e+00	   1.3470709128448655e+00	   8.8679708105961896e-01	   8.2832834259592347e-01	   8.6834566187389606e-01	   9.5394859154939016e-01	   9.0945941423763399e-01	   8.8836132993043748e-01	   9.0408672867160789e-01	   9.8439285523588249e-01	   5.2691099677426223e-01	   5.8114769286572276e-01	   1.0556117018775493e+00	   1.1454356265181926e+00	   5.6974002550382696e-01	   4.9733634650008163e-01	   9.6386914662371992e-01	   9.3408397859537684e-01	   5.5696229746629466e-01	   6.0498403567049719e-01	   7.1843989914219542e-01	   6.5459740760045670e-01	   8.9905237855301268e-01	   7.6739948498850685e-01	   8.2176440109380677e-01	   8.9653073573903497e-01	   1.1157541188532083e+00	   1.1019374097872094e+00	   5.7025401597737890e-01	   4.9791239745979793e-01	   1.3181125791617171e-01	   2.2067348496525357e-01	   2.7671625698990976e-01	   4.7615452760770277e-01	   3.6772399743761325e-01	   5.3284760329668468e-01	   8.5534012698677242e-01	   7.6624098569116539e-01	   6.9543044653073360e-01	   7.5529773002830458e-01	   7.0839814038420412e-01	   6.7894325960182533e-01	   7.8511264470821318e-01	   8.1773057358634782e-01	   8.7339534685087927e-01	   7.1245535161923867e-01	   5.7452075454581186e-01	   5.9626945683476951e-01	   6.2433457698110861e-01	   6.1849756753461771e-01	   7.1605356757001393e-01	   7.1988792399256374e-01	   8.6333522785743610e-01	   6.6434039743682494e-01	   1.2346186955329248e+00	   8.3527258517917069e-01	   9.7434852369763247e-01	   7.5102747597487796e-01	   6.4049223253080123e-01	   7.4557040481918158e-01	   9.6502769301712066e-01	   7.9419439444184114e-01	   5.2033063769162491e-01	   5.7641020443288415e-01	   6.6315067587114485e-01	   4.0960481846581137e-01	   8.0269558115256756e-01	   7.6806820354939553e-01	   7.2799612425407223e-01	   8.1121146585393888e-01	   1.0051654272300734e+00	   9.4526625601999292e-01	   7.8790575822110076e-01	   6.7622674814341310e-01	   8.8271447743533105e-01	   9.7171418876629967e-01	   8.5749098405369373e-01	   7.2295670513565991e-01	   9.4187741998339480e-01	   9.4636234821131593e-01	   4.3298891904510928e-01	   2.9989784504825812e-01	   9.3392015878106005e-01	   7.9848696395201257e-01	   8.0546322730272557e-01	   5.1675705246184889e-01	   6.8110576250153554e-01	   6.4234047869978161e-01	   2.6952846914412010e-01	   4.2766932003970359e-01	   3.6965759963521405e-01	   3.4949572964259862e-01	   8.2177458717418128e-01	   8.3073803004591673e-01	   4.3802623114566291e-01	   6.0066357518010860e-01	   3.4090599723018561e-01	   3.9256338027701815e-01	   5.2897082942907998e-03	  -6.5669632273146275e-02	   4.3732963346179615e-01	   2.3846089499024101e-01	  -1.2666791379612080e-01	   2.1152831232195748e-01	   4.0489012554148296e-01	   4.7875220325126167e-01	   6.2719994752222874e-01	   3.1588371561928930e-01	   9.6625333118705414e-02	  -4.0222007390618952e-01	
   7.0510393881089983e-01	   7.2481254362371139e-01	   1.0212921924999481e+00	   1.5758077257030230e+00	   8.5579670695742238e-01	   1.0517739121337955e+00	   1.3470709128448655e+00	   0.0000000000000000e+00	   6.6688899866663165e-01	   1.0442955965881886e+00	   6.9261546811568520e-01	   9.6014584943786307e-01	   6.2260856411663146e-01	   7.7622069260974791e-01	   6.2472214938198911e-01	   9.0347979745861651e-01	   4.2132605517961114e-01	   4.0661769793947256e-01	   6.7538114692094275e-01	   8.3902534386136463e-01	   4.8027183503305804e-01	   4.1706100891112863e-01	   6.8797930403931895e-01	   8.8117323882114207e-01	   5.2570200391231425e-01	   6.4328038249199548e-01	   6.2579100371733065e-01	   5.5030651792101315e-01	   6.9365669844500533e-01	   6.2435357739515629e-01	   8.0593930415973047e-01	   1.0132948096098739e+00	   9.3313736913342460e-01	   1.0414371882386015e+00	   4.8899935470936973e-01	   5.4064040822485881e-01	   1.9889516486111193e-03	   1.2215243515435836e-01	   1.6212598286508512e-01	   3.9978057819998797e-01	   2.2999368430397915e-01	   3.8052749394680463e-01	   5.7407353801418692e-01	   4.7892011577555893e-01	   5.1396867817591962e-01	   5.8001700162566006e-01	   4.9951725504798228e-01	   4.2840916625285547e-01	   5.1819801935349918e-01	   5.5472236265417130e-01	   6.2166623099129159e-01	   5.0542773923058903e-01	   4.1813121298534017e-01	   4.6082729604520795e-01	   4.6327229774937950e-01	   4.6702165268974849e-01	   4.8998407354979562e-01	   5.6134361159609625e-01	   6.3099982841378133e-01	   6.0413428267849312e-01	   9.3784755652048601e-01	   1.0462397182312013e+00	   8.7327481615011515e-01	   8.1144238859187012e-01	   5.6009744092954039e-01	   7.9203592370700138e-01	   9.3681626381367167e-01	   8.5914308585145105e-01	   4.4258100456541477e-01	   6.0476057775888659e-01	   5.4939569119436793e-01	   3.1699074183618337e-01	   6.1652503993408969e-01	   5.8642850509736832e-01	   5.3908268886935518e-01	   7.1567059810433675e-01	   6.9432055040103424e-01	   6.9221943648263695e-01	   6.2694435808051385e-01	   5.1757347844708912e-01	   6.1248680113259590e-01	   7.3978545659614914e-01	   6.4595355491244599e-01	   6.3285264885671666e-01	   6.8617586892277005e-01	   8.6236347996136975e-01	   3.2251451895648903e-01	   2.7359793841481361e-01	   7.7347206935876922e-01	   7.1015991450701876e-01	   7.1494711863580485e-01	   3.7427601349277739e-01	   6.4471487248258708e-01	   4.6855004149789004e-01	   2.7657839374902415e-01	   4.0913929266810090e-01	   3.3268280329005623e-01	   3.4029262934695681e-01	   6.7739051663557204e-01	   6.0459030742594844e-01	   5.4391839180950130e-01	   4.8558467695544189e-01	   3.9175703669327039e-01	   3.6872948304695374e-01	   3.6277988443071764e-02	  -9.6951954824239933e-02	   2.7665621321711431e-01	   1.2174022948621945e-01	  -1.4919136317241352e-01	   1.8848679032318671e-01	   3.6953555048348585e-01	   3.9548760090315982e-01	   5.1241280163156477e-01	   3.1209150841316935e-01	   1.3758435082127413e-01	  -3.5352668390659081e-01	
   6.3225182560696402e-01	   5.6433556954648145e-01	   1.0069272775853100e+00	   6.2280267983903448e-01	   1.0422331332974788e+00	   7.2080445148689831e-01	   8.8679708105961896e-01	   6.6688899866663165e-01	   0.0000000000000000e+00	   9.2768203330415588e-01	   7.2547356316542166e-01	   6.5337343094078770e-01	   8.7639229376233874e-01	   8.3054394981532320e-01	   1.0580512944655376e+00	   8.7641246671423867e-01	   2.8733730580499872e-01	   2.9116983205647029e-01	   7.1885958532659910e-01	   6.7512568809479179e-01	   3.3432081522096374e-01	   3.2061701279787069e-01	   9.1895832519290077e-01	   7.5338903522061140e-01	   5.5364359316299872e-01	   5.9697948560280500e-01	   5.3286306529664706e-01	   6.4345902351663620e-01	   5.9959295249524014e-01	   6.3484273524785351e-01	   5.6745872918807461e-01	   5.3923918234934720e-01	   5.6161867249323205e-01	   5.1672214074302425e-01	   4.1899640138284577e-01	   3.2815202151775791e-01	   2.0118238119598858e-01	   2.3927306402492485e-01	   2.3654572871264593e-01	   4.2290905368627096e-01	   1.7711976235211921e-01	   3.9071645373639818e-01	   7.4829383213915923e-01	   6.6360289500681491e-01	   5.6045219524419421e-01	   5.2543796877825411e-01	   6.3521946880566638e-01	   6.3534545015861721e-01	   6.8163575234281959e-01	   7.0655466382452847e-01	   8.2589073915734934e-01	   6.8619169149672832e-01	   6.1850173495253424e-01	   6.0250583747818276e-01	   6.5910579175500872e-01	   6.4846869213061886e-01	   3.8876325767995079e-01	   4.0562296064699838e-01	   6.3167237836301182e-01	   4.2231221304890731e-01	   7.5968422408204572e-01	   4.8491839036087742e-01	   5.7171312020283649e-01	   4.6283956697759993e-01	   7.1456617398359978e-01	   5.7485948509671725e-01	   6.2002492079824612e-01	   4.8317425867558805e-01	   4.2591282586034673e-01	   4.5692159522738496e-01	   4.4017261871734781e-01	   3.9925524862317524e-01	   4.8103202259898425e-01	   6.2159294873178295e-01	   3.8620149334984660e-01	   5.3386710165264262e-01	   6.7925338667447677e-01	   6.6249554171090752e-01	   5.5655701802225677e-01	   4.9860851680771306e-01	   6.6418289905931394e-01	   6.5987686478808150e-01	   6.2989421412596969e-01	   5.5309584432890069e-01	   8.6626942127611251e-01	   7.3851857061702308e-01	   5.5265173857411476e-01	   3.4894048971082509e-01	   6.9167934494800709e-01	   5.7477583560184375e-01	   7.1397723114185607e-01	   6.3424887960308707e-01	   5.0122160751385136e-01	   6.3009732337630719e-01	   2.9644113929013272e-01	   3.6710134153700313e-01	   3.5251492614726032e-01	   2.7143911480439331e-01	   6.4737406364749417e-01	   6.7595546945381169e-01	   3.3933004291768770e-01	   5.7571467285321143e-01	   3.5142855658485939e-01	   3.8308551688665382e-01	   1.0981979525323055e-01	   6.3178120536344029e-02	   3.2973186917297626e-01	   2.7201433502502537e-01	  -4.4839604257575848e-02	   1.5728894847433553e-01	   2.1082609432840457e-01	   3.3940932131573004e-01	   4.5464854144971373e-01	   1.7622318940823939e-01	   8.7755411879138351e-02	  -2.6348970769221125e-01	
   6.0709689406569323e-01	   5.0192529519755869e-01	   8.3140579128531722e-01	   9.8753056913816883e-01	   9.2477226129648116e-01	   1.1131447029322969e+00	   8.2832834259592347e-01	   1.0442955965881886e+00	   9.2768203330415588e-01	   0.0000000000000000e+00	   5.7408904922221193e-01	   6.6456145422670776e-01	   6.7138728256436131e-01	   8.2354346353511576e-01	   7.2165271420927768e-01	   9.3129304394204349e-01	   2.4710025939709751e-01	   2.6776705858540412e-01	   6.0445308402601794e-01	   6.0575754581675512e-01	   3.5582277395545092e-01	   3.5010854080517889e-01	   5.8250082365332123e-01	   7.2370347059568818e-01	   5.1462374533478594e-01	   7.0038748401560691e-01	   5.9185015785462469e-01	   6.2231082582955399e-01	   5.4964942219081558e-01	   5.8709565504601557e-01	   5.7739998903749457e-01	   6.4696728959971850e-01	   4.9364964286323121e-01	   5.4590685055063959e-01	   4.6583800270842551e-01	   4.6308975187706236e-01	   1.2165798057251420e-01	   1.7896552101924476e-01	   2.3340277405924270e-01	   4.6154266771945257e-01	   1.2021097605460364e-01	   3.0801004234978846e-01	   5.5845826808387078e-01	   5.0320501775730553e-01	   4.8696997055616381e-01	   5.3323556693195207e-01	   5.0751800057732510e-01	   4.7431404293503643e-01	   5.3267714592964821e-01	   6.2545070676014169e-01	   6.7427099049529116e-01	   6.1062882306667954e-01	   5.1521443783385967e-01	   5.5434610380743998e-01	   5.8615187627854837e-01	   5.5246612363030068e-01	   3.5886404899483149e-01	   3.8866315225172021e-01	   5.7360421740457923e-01	   4.8355540213773879e-01	   6.9464133736411404e-01	   7.5430659030693503e-01	   5.4009022007202179e-01	   5.2297759551245615e-01	   5.3884434481404930e-01	   8.4418213157075683e-01	   6.7233755142919571e-01	   6.1856116400481520e-01	   3.6819906574974998e-01	   5.0614514017987666e-01	   4.6817313565275831e-01	   4.1128474644028068e-01	   4.3038623638359197e-01	   4.9959231950074401e-01	   3.5408604454798120e-01	   5.8773575389145960e-01	   5.6085117584826327e-01	   5.5727920619122362e-01	   4.9288893869263029e-01	   4.7218210605221550e-01	   5.2967612840823441e-01	   5.7704274677068856e-01	   5.5294133114684640e-01	   4.6327556602128322e-01	   6.6478526835508434e-01	   7.0618105270063780e-01	   3.6987474650466157e-01	   2.3898168797970371e-01	   7.1436491726431650e-01	   6.8902513789076869e-01	   6.9213199692654304e-01	   4.5382053086753682e-01	   5.5494569524066084e-01	   5.5030149556474595e-01	   3.2638620799552143e-01	   4.3121154713478227e-01	   3.7948840386689836e-01	   3.3830157972667046e-01	   6.1830255737846229e-01	   5.4794306559705408e-01	   4.2806673652541982e-01	   4.7694545542999506e-01	   3.6021336321621689e-01	   3.1164042096644995e-01	   1.0050131216012356e-01	  -2.3051193475043263e-02	   3.2218403418364705e-01	   1.8187030824671813e-01	  -3.8779562541299481e-02	   2.0158011797748279e-01	   2.4953456869858950e-01	   3.5539556511733145e-01	   4.8770356259170955e-01	   2.5256770502069159e-01	   1.2440592469161392e-01	  -2.3546735263677787e-01	
   8.5136991637704273e-01	   8.2149945215931452e-01	   7.3618006984765749e-01	   6.0185765035600802e-01	   6.2701928338433188e-01	   5.2540376264165589e-01	   8.6834566187389606e-01	   6.9261546811568520e-01	   7.2547356316542166e-01	   5.7408904922221193e-01	   0.0000000000000000e+00	   1.0616562636972549e+00	   1.1734858806814685e+00	   1.0022787939682867e+00	   8.7929324994631997e-01	   6.6091596806941288e-01	   6.8195343342221415e-01	   4.6909068476450366e-01	   6.9296651798316888e-01	   6.6212477666166214e-01	   4.9638344744193597e-01	   3.8365073393350085e-01	   6.4452858206150898e-01	   4.8716207268897338e-01	   3.8325761733570796e-01	   4.7224341071775033e-01	   4.3080378697112093e-01	   2.5811077470925536e-01	   9.9371184627429920e-01	   7.1206313956769030e-01	   8.1033387295992565e-01	   7.4122649780559413e-01	   6.1701973089218387e-01	   6.2747022902710192e-01	   2.6956167839241929e-01	   3.0318388924097456e-01	  -1.7239511425305620e-01	   2.4723378973701459e-03	  -2.3307971937997787e-02	   3.1232906647991027e-01	   2.8299654166995697e-01	   3.9831547338875312e-01	   5.3137503575713985e-01	   4.6610012867512030e-01	   4.5243149835338997e-01	   4.5553693606555451e-01	   4.2746162697552842e-01	   4.0376839430809486e-01	   6.4259516439466413e-01	   6.4184596327977506e-01	   6.3839390242824967e-01	   5.6857114208472692e-01	   5.1763599772788571e-01	   4.5874258931885659e-01	   3.6125998765355560e-01	   5.2891796837629279e-01	   6.2549503837075460e-01	   6.4687960188536375e-01	   6.1181775136761840e-01	   5.2740625302595656e-01	   7.8021657383711795e-01	   6.3669078029679482e-01	   7.6877279597525128e-01	   8.3153111728041973e-01	   4.1118135344402085e-01	   3.6717974635518413e-01	   4.5208827675698859e-01	   3.8492441273442751e-01	   2.6200944725238906e-01	   3.0399933367950166e-01	   6.8354499306221594e-01	   3.7932723348991437e-01	   7.5746653090828608e-01	   6.5007009813821870e-01	   6.4992594546382343e-01	   7.1842646110956065e-01	   6.4960803224131902e-01	   5.9197955369299815e-01	   6.6309718442594212e-01	   4.9268077148650768e-01	   7.8273052203321503e-01	   6.6489628235483134e-01	   8.0783766793025769e-01	   5.7576427356618487e-01	   6.5310542993854259e-01	   5.7140245705538584e-01	   5.2012158435176425e-01	   2.8864867545663597e-01	   5.1878896419048937e-01	   5.6077372566874706e-01	   4.3112172732466530e-01	   3.0919967139220772e-01	   3.0205456850522694e-01	   2.8355055520223060e-01	   1.5724117524864434e-01	   3.5661636829811877e-01	   1.3659889264642616e-01	   2.6012439959193046e-01	   5.2149768817779540e-01	   7.1069865381327058e-01	   2.7485942300269778e-01	   3.9667828454374565e-01	   2.1671306110058539e-01	   3.2827774062876469e-01	  -1.5005067649971965e-01	  -1.8116622395269033e-01	   3.2319048439110798e-01	   1.5547403229113607e-01	  -2.3415001236156316e-01	   1.2277135901830091e-01	   2.1391276554050978e-01	   2.5229261132084546e-01	   5.0095918432680531e-01	   3.6617047725394891e-01	   4.2031863233970575e-02	  -4.6045011566888472e-01	
   8.4770597686649829e-01	   9.8269667550197248e-01	   7.5087762257634227e-01	   8.4223569853092450e-01	   6.6838822510141016e-01	   6.6914760304373522e-01	   9.5394859154939016e-01	   9.6014584943786307e-01	   6.5337343094078770e-01	   6.6456145422670776e-01	   1.0616562636972549e+00	   0.0000000000000000e+00	   8.1324097029429032e-01	   1.0158673437433918e+00	   8.1958462840958268e-01	   8.1659996599014950e-01	   6.6291076808878213e-01	   6.2193453921292097e-01	   7.4698854355139388e-01	   9.0999326458091656e-01	   3.7879081762528949e-01	   2.9799747333293641e-01	   6.7851308588858306e-01	   6.5441529267304577e-01	   4.4833749982572824e-01	   5.6194521706516276e-01	   4.6014690121938256e-01	   3.3537884533150936e-01	   9.7791799664051648e-01	   8.6217364753994663e-01	   8.1751143639360968e-01	   9.0787969025991755e-01	   7.2991495124065309e-01	   7.6308852652273829e-01	   2.2551205692467644e-01	   2.7476471889532417e-01	  -4.1124147477131112e-02	   1.1157852155181520e-01	   4.6284993796524114e-02	   3.3611983267216516e-01	   2.5330290369239239e-01	   4.2437739194244545e-01	   4.9482896306549246e-01	   4.2174607592346308e-01	   4.0305048659102194e-01	   4.1894202767084487e-01	   4.2617006909655197e-01	   3.7188154924941064e-01	   5.8948967362179727e-01	   5.9740952519220059e-01	   6.2558215547034957e-01	   5.4886007078505161e-01	   4.7020744037665702e-01	   5.2775074992618487e-01	   4.6662360672650260e-01	   4.8172759020807387e-01	   6.3080664225230898e-01	   7.7651954557379788e-01	   6.4621678090436574e-01	   6.7352693957331611e-01	   8.6598820690842127e-01	   8.6553978093441986e-01	   8.9556777300648682e-01	   9.3756978365626831e-01	   3.0551159754618995e-01	   4.1515081816024557e-01	   5.0993659032579974e-01	   4.6991464628199836e-01	   4.4579966866150050e-01	   4.9745473031942167e-01	   5.4065531412778478e-01	   3.2785214629325188e-01	   7.5146094070317471e-01	   7.5771964378256107e-01	   6.1830077036061404e-01	   8.3481374473396086e-01	   7.6399097848312592e-01	   8.1162886992372529e-01	   6.9562863243453099e-01	   6.7372235274836600e-01	   8.4851577415127921e-01	   8.8485448553982415e-01	   8.8072100057287872e-01	   8.2762845014084219e-01	   7.6769857457186774e-01	   8.2467992003356216e-01	   5.6336330835533266e-01	   4.9083716210592743e-01	   6.9867962002738915e-01	   7.5276752335047481e-01	   6.0786034889834972e-01	   3.3137131811765125e-01	   5.6252326447149748e-01	   4.4093834027657508e-01	   3.3485436925813489e-01	   4.6187991176612442e-01	   2.6057921059286970e-01	   2.7643964936950521e-01	   6.3570938504063357e-01	   6.3985825890513703e-01	   5.3526413862760169e-01	   4.9985455389292677e-01	   3.9365671963209764e-01	   3.6206489124014041e-01	   3.9928797210184559e-02	  -5.7954873634617224e-02	   3.0037589968802070e-01	   2.0705254229522363e-01	  -9.0233009651966858e-02	   2.7606659896231173e-01	   2.8399797913514890e-01	   3.1901104336776093e-01	   5.4385003737161020e-01	   4.1059270193422592e-01	   1.7946109877525085e-01	  -3.2621241517333127e-01	
   9.6250520165453501e-01	   7.7679081718214615e-01	   8.3384846533920942e-01	   5.7894337442552990e-01	   6.8888517093850099e-01	   5.3845128129833297e-01	   9.0945941423763399e-01	   6.2260856411663146e-01	   8.7639229376233874e-01	   6.7138728256436131e-01	   1.1734858806814685e+00	   8.1324097029429032e-01	   0.0000000000000000e+00	   1.3338693349142130e+00	   1.0633201424526120e+00	   7.0593650349410608e-01	   4.8364857516537935e-01	   5.1092274241967395e-01	   9.0408279893561327e-01	   7.5935705556737398e-01	   4.5461922164500590e-01	   4.1839561070931958e-01	   7.3888721051696660e-01	   5.2087271264839585e-01	   4.1351263276698735e-01	   5.2995530892369835e-01	   5.0564472307999531e-01	   5.2096988189342019e-01	   8.6440553211207194e-01	   7.6793702216272453e-01	   6.6415845842707555e-01	   5.6125195595197197e-01	   6.2146547650413075e-01	   6.0428873572687569e-01	   4.4819168280462385e-01	   3.7181046648242794e-01	   2.0574128620968374e-01	   2.5568881823860379e-01	   3.2753453091003515e-01	   5.4274679534934001e-01	   3.3868519916309642e-01	   5.6001474819877262e-01	   6.7919386645139068e-01	   6.0696396747263304e-01	   5.1130085641652201e-01	   5.1900969988589729e-01	   5.5450388726916822e-01	   5.5280841215937759e-01	   6.4519724447211546e-01	   7.1342449531660745e-01	   7.5130380745921244e-01	   7.1813552215173981e-01	   5.9801007565058861e-01	   6.0252269543437331e-01	   6.6294217668177935e-01	   6.5677746290396044e-01	   6.4214296988247455e-01	   6.2536445475686742e-01	   5.9294160963841658e-01	   4.9481516915429635e-01	   7.9600134630560238e-01	   5.7463967328319532e-01	   5.9634837239781768e-01	   5.6169959196235664e-01	   4.7669732602066195e-01	   6.6454531923974702e-01	   5.1475855016896366e-01	   4.4526137250312303e-01	   3.7674962846014159e-01	   3.4348997256836006e-01	   5.7752270840863162e-01	   4.4607580988628770e-01	   7.1458924754095299e-01	   7.7324865597693737e-01	   6.4577894457521434e-01	   7.3483001591300934e-01	   8.4704750250099514e-01	   7.9834531688730348e-01	   8.0812570944907203e-01	   7.0478618087690270e-01	   9.2118977202035723e-01	   7.8881655862096955e-01	   8.4201275070420856e-01	   6.0303838315760638e-01	   9.1111833687272836e-01	   7.2591244413347555e-01	   5.6477094821738960e-01	   3.4105972410789714e-01	   6.6621202527320444e-01	   6.6786031239712107e-01	   5.9509982558879182e-01	   4.7808950382364462e-01	   4.1551981819986039e-01	   5.3813939618296414e-01	   3.2891587080804008e-01	   4.1682720152868330e-01	   4.3079619549691928e-01	   3.3644196537079329e-01	   6.9157772265294504e-01	   7.7777499550703688e-01	   3.1938535019846720e-01	   5.1923218848566777e-01	   3.3323825504616450e-01	   3.2889733942806332e-01	  -2.4822498689802126e-03	  -5.9267207048817237e-02	   3.4153632115678179e-01	   2.1687854404561055e-01	  -9.5756888501400794e-02	   1.8728232800935543e-01	   3.1200378981256682e-01	   3.6992090470506095e-01	   6.3434596719352410e-01	   2.8555044991231837e-01	   9.2670166972151094e-02	  -3.4637755546505888e-01	
