   0.0000000000000000e+00	   6.1178504212524976e-01	   4.1684392477062082e-01	   4.0564509719134489e-01	   2.4697475936210023e-01	   3.6979709071308431e-01	   5.5970428307756448e-01	   4.5230395793321043e-01	   3.9213031419709193e-01	   2.6010642852181953e-01	   5.8699657629007174e-01	   4.8881643271488623e-01	   4.7370546699474614e-01	   3.8680635185273998e-01	   4.8581492828883682e-01	   3.1019762692396524e-01	   2.8377348446909662e-01	   3.6097370299834830e-01	   5.3898989547997500e-01	   4.4213392946773633e-01	   3.3073914436703367e-01	   1.8511855301115290e-01	   4.6578442487993962e-02	   5.9973828825450890e-03	   1.5567444650578591e-01	   1.3084647372096758e-01	   2.2804215072037631e-01	   2.9287530875267759e-01	   4.3416307991102149e-01	   4.2125655189357747e-01	   7.9447349786888471e-02	   1.2677748487743748e-01	   4.5618096590455381e-01	   4.4733146150765624e-01	  -1.7577920715709346e-02	   7.5975159137527795e-02	   1.2257232293563772e-01	   2.1593070174835671e-01	   3.5885952513565988e-01	   8.7485475778857763e-02	   3.6906211195894989e-01	   4.3603686866209912e-01	   3.1501202199073253e-01	   4.6535258213448971e-01	   3.5106960078750388e-01	   4.6660750525431260e-01	   3.6624089436212609e-01	   3.9264897260852660e-01	   3.8892156703796510e-01	   4.5342066315711593e-01	   4.6037066935256743e-01	   3.1807160441558763e-01	   4.4007106386212419e-01	   3.0842873774935764e-01	   5.1296971948384229e-01	   3.4528705354886191e-01	   5.8460309372960562e-01	   5.2306734638853769e-01	   6.0002064407185651e-01	   3.3577373069992456e-01	   4.5177483621614956e-01	   1.7119912770104986e-01	   4.5292339225649242e-01	   3.6371579510012930e-01	   6.3214055138029468e-02	   3.9260600032017146e-02	   3.4273679255456613e-01	   2.6758581724340436e-01	   3.1011118046827901e-01	   3.5565210426824845e-01	   3.7046961577453097e-01	   4.0379453500649892e-01	   4.3776155157946328e-01	   3.9808849395486740e-01	   2.1561271434274532e-01	   3.4161170632256244e-01	   4.2888819154343449e-01	   4.9944485699319652e-01	   8.0062496894319435e-02	   1.6960336075167254e-01	   2.2206238566028891e-01	   3.4583927528005814e-01	   2.0117646563459463e-01	   3.9595344082808126e-01	   4.4103375278382012e-01	   3.0268494356604392e-01	   9.7654631570187528e-02	   7.7066440352147214e-02	   3.3872253347582659e-01	   1.9179443627302664e-01	   3.9558922033801913e-01	   2.3819266758565641e-01	   1.8158473933695707e-01	   1.6003548766958292e-01	   5.0272701628360540e-02	  -1.6207571337660098e-02	   2.7410798198226322e-01	   2.1042551077158309e-01	   4.2128378205807626e-01	   4.0821738782393058e-01	   1.3344170019255600e-01	   4.4696593969872821e-02	   2.6205561912821346e-01	   1.5302499298515126e-01	  -1.9250577532383792e-01	  -2.5588539453770848e-01	   1.8483115687800170e-01	   2.9465352046459670e-01	   2.3225154328888128e-01	   3.1827558296353275e-01	   2.1057215060936377e-01	   2.0610098542544858e-01	   1.8697301825283402e-01	   1.1226098936364570e-01	   2.1624843288198956e-02	  -4.0617022972230138e-01	
   6.1178504212524976e-01	   0.0000000000000000e+00	   5.1427834595319331e-03	   3.1787805576702027e-01	   3.4063727657695986e-01	   2.2905237241440696e-01	   1.9002598108188765e-01	   3.1280668044825011e-01	   3.0193918567629274e-01	   9.9590122351648547e-02	   1.2077438440025481e-01	   3.9797328059673764e-01	   7.2474043341754363e-03	   6.5996643558676654e-02	   2.6490037033405761e-01	   2.8333558359258010e-01	   5.5562308811624628e-01	   6.8095476171160385e-01	   4.2212445507781537e-01	   6.9221067914213563e-01	   2.4622529231554119e-01	   3.1062480898596156e-01	  -2.1924768650373977e-01	  -1.8732079874101321e-01	   5.2182561962132758e-02	   3.0489620188426068e-02	   2.5235262401291858e-01	   2.8915120096048186e-01	   5.1398067278137349e-01	   6.4231617148866504e-01	  -6.0380022799251323e-02	  -6.9197556391203023e-03	   4.5604285718730347e-01	   6.5455980625778099e-01	   4.3778845149370756e-02	   1.1864608390157912e-01	   6.0962962448574527e-02	   2.0490425739448176e-01	   1.5946753677711384e-01	  -9.8074221275603925e-03	   3.1370700192485995e-01	   4.7956979349953932e-01	   4.3192250785941555e-01	   4.8643742393303796e-01	   5.6467652321294470e-01	   6.8341525275202319e-01	   5.4922472947556056e-01	   4.6245623267429736e-01	   5.8215943441943474e-01	   6.1487047905806425e-01	   4.3246793418662810e-01	   4.7698357450251450e-01	   2.3651656563086507e-01	   1.9386091481599516e-01	   3.9341610248960462e-01	   2.8171163467304677e-01	   6.9297332451030957e-01	   7.5200933773457301e-01	   5.7304692846488381e-01	   5.6483751188295783e-01	   1.2557872104290316e-01	  -5.0284598181549636e-02	   4.7340974088258214e-01	   6.4011177742171654e-01	  -1.5350412374020672e-01	  -1.2936706976913920e-01	   4.0954685495934284e-01	   4.0930580520639143e-01	   5.1083555234098277e-01	   6.0123273814366907e-01	   2.6954494751091192e-02	   1.7253150644171436e-01	   3.0598882066411870e-01	   6.1417319057511754e-01	   1.7848985741620516e-01	   4.2999552274523151e-01	   3.1968125630472799e-01	   4.7559197863966962e-01	   2.6592883312786308e-01	   5.6690255024214009e-01	   5.5513974049871495e-01	   7.1727622475427544e-01	   3.7964596548427804e-01	   4.8216911051419920e-01	   3.5767431163463836e-01	   5.5369823641459104e-01	   5.6344239141703813e-02	   1.3635503769558882e-01	   6.0807710833383738e-02	  -3.6070992470462845e-02	   2.8162557400875043e-01	  -6.1634772463973878e-02	   6.9557665815156627e-02	  -1.2037141006655191e-01	   8.1192005930316710e-02	   3.6933676976884981e-02	   3.4211834922303030e-01	   1.5026934786035595e-01	   6.3227436746815324e-01	   3.5388545733967536e-01	   1.1623746824242528e-01	  -1.8238335135888634e-01	   2.8989518647605128e-01	   1.3618394369447281e-01	  -2.2159413184743371e-01	  -2.6208581708166029e-01	  -5.1392711735758151e-03	   2.1260591014621452e-02	   1.2757960359448323e-01	   1.0337137004187602e-01	   3.8351080760466288e-01	   3.6524258169412105e-01	   3.6307410134563256e-01	   2.5940840601393605e-01	  -8.9261288305545819e-02	  -2.5578820735288488e-01	
   4.1684392477062082e-01	   5.1427834595319331e-03	   0.0000000000000000e+00	   6.7980855579895083e-01	  -7.8758488564447296e-02	   2.6946610917331915e-01	   8.0245801524984472e-01	   5.5734760039720754e-01	   2.9185107495964463e-01	   2.9062247731717095e-01	   4.1627105941461268e-01	   3.7943281238317406e-01	   4.8306901809147473e-01	   4.5809294946650070e-01	   3.6325216001620064e-01	   2.9912198811888135e-01	  -2.1377133234305412e-01	  -2.0801833928563454e-01	   3.8740610564297817e-01	   2.4116707781958524e-01	   3.4166514280335442e-01	   9.4715503520324568e-02	   6.8973533328602243e-01	   6.7190551011281796e-01	   5.5772744130199703e-01	   5.6954817725847395e-01	   2.4811892788264156e-01	   2.6808063819221906e-01	   9.4832174997069668e-02	   3.7065497576816792e-02	   5.7834332510648001e-01	   5.2626222737510142e-01	   5.1887654861588228e-01	   3.9045483253345248e-01	   5.0144296142629186e-01	   4.9726082014684736e-01	  -1.5928423573952872e-02	   2.5280147791923363e-01	   2.6877647556512513e-01	   3.2271033476853728e-01	   1.6461486029544398e-01	   2.7061441113603829e-01	   2.8472641890428829e-01	   3.6017850970489229e-01	   3.1347356748427757e-01	   2.5496602412008262e-01	   2.5588394700544326e-01	   3.3409812169202135e-01	   5.2610791798661204e-02	   1.7419461548237680e-01	   3.9927667477841622e-01	   1.5402471491333231e-01	   3.0984458579767538e-01	   3.2229080530000304e-01	   3.9512296011004211e-01	   3.1256050045996675e-01	  -4.8155580484721155e-02	  -8.8316914782049644e-02	   2.2976515814518464e-01	  -1.0042302960577099e-01	   5.1497987838846071e-01	   4.5668805770567422e-01	  -6.3097621432493520e-02	  -4.9642929841538064e-02	   5.7654929139405886e-01	   5.3032593884664880e-01	   5.3648263261342177e-01	   3.9970577564575799e-01	   1.0736182028523344e-01	   1.7513085592012106e-01	   3.3226843321813226e-01	   3.4969148796058586e-01	   2.2877846507288097e-01	   2.2126058516936178e-02	   1.5744496557567839e-01	   5.1659976607783820e-02	   4.8497046447118575e-01	   3.8648824120276315e-01	  -1.6934805600777211e-01	  -2.0184201022626963e-01	  -2.4090714674286068e-01	  -4.3116830492211017e-02	   1.4457431688090211e-01	   2.7895077725074846e-01	   4.3396251502611716e-01	   2.9212661182657618e-01	   1.9153517324691022e-01	   2.2141133339141794e-01	   5.2445187912611169e-01	   4.9326469267422368e-01	   5.7188864462720190e-01	   5.3758279912234652e-01	   4.5819267980351019e-01	   5.6292623049973634e-01	   1.1440673915021168e-01	   2.5108429689366746e-02	   3.7140767634529598e-01	   2.8751353137043700e-01	   2.3286089572835356e-01	   2.8762813800603604e-01	   3.8043684225678986e-01	   4.1502775942657466e-01	   3.0924305198106194e-01	   2.7162151084096597e-01	   1.2583944923145127e-01	   6.0308947316934709e-02	   4.2337209950435212e-01	   5.1025075750590743e-01	   1.0234344771093126e-01	   2.5343906954943662e-01	   1.8704757263359995e-01	   2.3366994496854282e-01	   9.2367967208744003e-02	   1.1000587912409718e-01	   2.2848702849945543e-01	  -1.9559627416969708e-01	
   4.0564509719134489e-01	   3.1787805576702027e-01	   6.7980855579895083e-01	   0.0000000000000000e+00	   6.2660936733464720e-02	   4.0209105296342496e-01	   7.4525521245318216e-01	   8.3503031509015480e-01	   2.7984443988494989e-01	   3.1848286299519868e-01	   2.4281214927558162e-01	   5.8912602235552503e-01	   2.6769102283293267e-01	   5.0931106207594401e-01	   1.9590722608785807e-01	   4.0293813033824372e-01	   8.4166829595354292e-02	   7.8275222814282092e-02	   4.6254924223677124e-01	   4.6211378720621099e-01	   3.2921294622356517e-01	   1.0537375552508192e-01	   4.0636355862991491e-01	   5.4548733848517095e-01	   3.6394242510432462e-01	   4.6013743903568266e-01	   1.8540980079721789e-01	   3.2250349703531506e-01	   2.7847252538754697e-01	   2.7791621590511545e-01	   4.0313557622822771e-01	   3.9132993514946246e-01	   4.8938985746721986e-01	   5.5270861316341402e-01	   3.0818422016809643e-01	   3.7916792144746103e-01	  -5.1383892468311800e-02	   1.9428000995471789e-01	   8.8477805939286558e-02	   2.1921332415199318e-01	   1.6235406047175144e-01	   2.9865977332914290e-01	   2.5417893335657021e-01	   2.9583491023779152e-01	   3.8034329560122110e-01	   4.2640057329978065e-01	   2.4974944601699814e-01	   2.9025148953438462e-01	   2.0036386121205610e-01	   3.1984586911826079e-01	   4.0994690252841520e-01	   3.1640297843810528e-01	   3.1709106985293556e-01	   2.9455803118300483e-01	   4.3652590367489025e-01	   3.0571253717189578e-01	   2.0024855720080822e-01	   1.6957046385668154e-01	   2.8309896522255534e-01	   2.3346307323230758e-01	   3.2805349543307583e-01	   4.8904114691130840e-01	   1.2743766773691717e-01	   2.7045318610794855e-01	   3.0839003795464115e-01	   4.7967101075839136e-01	   6.0786878101889807e-01	   6.1365767172537200e-01	   1.9762215481530895e-01	   4.8691029936812408e-01	   1.9251234908009004e-01	   1.6677600632133605e-01	   1.8567424047944794e-01	   1.7616152485386175e-01	   1.3228150262803215e-01	   1.9297476682301301e-01	   4.7305372233686721e-01	   4.0802910189871339e-01	  -3.0028491879109821e-03	   6.0250776559694137e-02	   1.3573613331621889e-01	   3.7636522178547099e-01	   2.4219355830124906e-01	   4.8010495414993892e-01	   3.5771326811912368e-01	   5.9832609424271754e-01	   1.2317007202703738e-01	   2.6348726306838566e-01	   3.1663359120247236e-01	   4.6341571318919589e-01	   6.5114169093541296e-01	   3.5268077073562210e-01	   4.9312040369794613e-01	   2.8985847099195455e-01	   9.4543270815952402e-02	   6.1060945703458214e-02	   3.1596212640769350e-01	   2.5207441421937443e-01	   4.0705350940843937e-01	   2.6888372090185131e-01	   5.5755293198235034e-01	   2.6236989207298705e-01	   3.6462543716509860e-01	   3.2731266697155281e-01	   1.3801472233300572e-02	  -1.0348772134449544e-01	   4.6024916432372243e-01	   4.8539951520334002e-01	   7.2661516763563819e-02	   1.2274586866278851e-01	   1.6356811189115289e-01	   1.9136456307980174e-01	   9.9035558798624496e-02	   2.1449687125984976e-01	   1.9189693836339750e-01	  -2.6445644158201898e-01	
   2.4697475936210023e-01	   3.4063727657695986e-01	  -7.8758488564447296e-02	   6.2660936733464720e-02	   0.0000000000000000e+00	   6.6678570595044628e-01	   5.4291684891542444e-02	   1.7280885426252249e-01	   7.2804997344304501e-01	   5.2923620281955852e-01	   2.8875053090066516e-01	   4.1027413190580175e-01	   5.8882875410240468e-02	   1.0159875501579027e-02	   3.4440411354909672e-01	   5.1680577201740496e-01	   2.2800378640005461e-01	   4.4698301509795024e-01	  -9.0118613090740540e-03	   1.9134772468493053e-01	   2.9840452747150409e-01	   2.6250588447505113e-01	  -2.9590477600801124e-01	  -2.2273938600094811e-01	   2.6983447489235746e-01	   3.2586825951899649e-02	   4.8876544619158030e-01	   5.6349043035849600e-01	   3.2054653818368550e-01	   5.3309419296263716e-01	  -1.4970469717143364e-01	  -1.8840827149757661e-01	   1.1873645650499942e-01	   2.5784574757933781e-01	  -1.3690673640972559e-01	  -1.8087314155140092e-02	  -9.8333170250510638e-02	  -2.3932392700702884e-01	  -6.4408389313314010e-02	  -6.0815044145104347e-01	   1.4599419992499291e-01	   6.7043731537767493e-02	   1.6742327715572328e-01	   2.3652648292562339e-01	   4.1366470131345806e-01	   4.6705792638397442e-01	   1.5902399174201143e-01	   1.2811967905641433e-01	   5.0848475386536307e-01	   4.8828869235303340e-01	   2.1636954517685381e-01	   3.3062315243588480e-01	  -4.8372876150420865e-02	  -2.8056376037044806e-01	  -1.9922202004797462e-01	  -3.8593040953506758e-01	   3.0820292315895170e-01	   2.1931954544829341e-01	   3.7425038038383607e-01	   3.0247142698798640e-01	   2.9996190799023426e-01	   7.7835468122623014e-02	   3.6258190090526599e-01	   3.3738950537689050e-01	  -1.0239048281267113e-01	   1.2499846229554031e-02	   2.2422959317011137e-01	   2.6622259239198215e-01	   2.0549337580058759e-02	   2.3874442955973024e-01	   1.0417490139552923e-01	   6.4380918113307886e-02	   2.2207499940881387e-01	   5.1171993439144114e-01	   9.1605521609005008e-02	   3.6823362526693076e-01	   1.3266214895248099e-01	   3.1544921582470858e-01	   1.4691180642777193e-01	   2.0937737527148420e-01	   3.1602150622340508e-01	   4.3888023443148416e-01	   2.3116618400365035e-01	   2.4282730834823757e-01	  -5.2082767440683173e-02	   2.8956928259395953e-01	  -2.2646041633269853e-01	  -3.5752987788091567e-01	   1.4462051853873567e-01	  -5.5306271742080493e-01	   9.3869464503556724e-02	  -1.8286450382265007e-01	   3.5141777533468942e-02	  -2.7666838388684778e-01	  -3.8632866036746955e-01	  -6.0555665489880306e-01	  -1.3478502419945815e-01	  -4.9348367630862544e-01	  -3.4149474693189165e-02	  -1.5927981045950507e-01	  -2.7690614273048121e-02	  -3.4009071005962060e-01	  -1.3216277711426666e-01	  -2.2847475520885771e-01	  -5.0607057274087408e-01	  -5.4671438800124195e-01	  -3.2859732923471574e-01	  -4.4542282659389459e-01	  -2.3226949144988568e-01	  -9.1301840892329567e-02	   2.3857528495055147e-01	  -4.4223372554730127e-02	   2.8918812734464244e-01	  -3.4914497637032423e-02	  -4.1599783345456037e-01	  -3.2740203264044854e-01	
   3.6979709071308431e-01	   2.2905237241440696e-01	   2.6946610917331915e-01	   4.0209105296342496e-01	   6.6678570595044628e-01	   0.0000000000000000e+00	   3.6668195214876842e-01	   5.7658745270440692e-01	   6.6464683284768755e-01	   7.2158081247824080e-01	   4.0415138330590783e-01	   5.5666412930131293e-01	   2.9002788483427616e-01	   3.0849078826605647e-01	   4.8466654298958567e-01	   6.2939764390891562e-01	   1.0933313969891137e-01	   3.4454790579704248e-01	   2.5935516415572235e-01	   2.7123170778386330e-01	   3.0158236878853767e-01	   1.8451326956578662e-01	   8.3211476135379298e-02	   1.5889658919813007e-01	   4.1162616976769162e-01	   3.7008912101770253e-01	   3.4158675760568857e-01	   4.5926811608809781e-01	   4.3535453708425842e-01	   5.3072434914099853e-01	   2.1278598945492019e-01	   2.0048816840216269e-01	   2.7960497691477393e-01	   3.8542033756137234e-01	   1.5583631287351174e-01	   2.2553475310885251e-01	   3.4912580907489818e-02	  -4.1759553678445638e-02	   2.8563621598462319e-02	  -3.6233216872364316e-01	   2.1143194570138404e-01	   1.5262704439801883e-01	   1.0025126637020068e-01	   1.7808046229689600e-01	   3.4596447417672560e-01	   3.8886505580110092e-01	   1.0028388675763795e-02	   1.7603832594182073e-01	   3.1429093078710446e-01	   4.5245045378060988e-01	   2.4431231400772002e-01	   2.9929758575575360e-01	  -2.0304235936324484e-02	  -1.5866180653643719e-01	  -1.2807470024725776e-01	  -2.2410763054073177e-01	   2.1293309469655192e-01	   1.0956109567939634e-01	   3.4919119178224478e-01	   1.8557585093309614e-01	   4.5017825976357001e-01	   4.9676243107159401e-01	   2.4001569908865392e-01	   2.4566901957726173e-01	   1.8605064900901186e-01	   4.0796710257187824e-01	   3.3072235456077004e-01	   3.7260081966498615e-01	   5.8106839556885420e-02	   1.7223564114381179e-01	   2.6226883486782182e-01	   2.3526776685820988e-01	   3.3155893859124363e-01	   4.4229636712680043e-01	   2.1345864435968995e-01	   4.1358718866255878e-01	   2.6549283437500115e-01	   4.5154996394442221e-01	   1.3830806493507239e-01	   1.3198737753103709e-01	   2.6460663651054089e-01	   4.0420188043961724e-01	   1.6396056446828863e-01	   3.9702712941370255e-01	   1.7407678186104603e-01	   3.0864517975347039e-01	  -2.0934900981861174e-01	  -1.5735207723082678e-01	   3.3775224381014035e-01	  -1.6741590091786435e-01	   3.5694677978384554e-01	   1.1695798015321743e-01	   3.5779661787683026e-01	   6.2285425711218409e-02	  -2.5840073275528330e-01	  -4.6972793437049393e-01	   2.4904422523458190e-03	  -2.7714424000758353e-01	  -3.4968818834604343e-02	  -1.2472632189077413e-02	   2.1634065100977828e-01	  -4.3264270659715123e-02	  -6.4299164475172713e-02	   1.4824698264380567e-02	  -3.4773487342690890e-01	  -3.7748010373299390e-01	  -6.1616212289665961e-02	  -1.1638979701417879e-01	  -9.2843655392926633e-02	   7.7857067438566491e-02	   2.0377113101023764e-01	   1.1889067468810713e-01	   1.4994313127223002e-01	  -1.3400276052883863e-02	  -2.3951926700235890e-01	  -4.0691723606404895e-01	
   5.5970428307756448e-01	   1.9002598108188765e-01	   8.0245801524984472e-01	   7.4525521245318216e-01	   5.4291684891542444e-02	   3.6668195214876842e-01	   0.0000000000000000e+00	   7.5565433256662129e-01	   3.0804896025596479e-01	   2.6021102353674130e-01	   4.6468272787918963e-01	   4.8595301469260510e-01	   5.6631753862951106e-01	   5.5233143376786853e-01	   3.3465712746759152e-01	   3.4865772827849256e-01	  -1.0930924823479428e-01	  -1.2972690931526468e-01	   5.3969579225632636e-01	   3.7844869879033327e-01	   3.9560352524565517e-01	   1.5644378197268680e-01	   5.0193382351012938e-01	   4.8639130933448294e-01	   4.3652886046034900e-01	   5.0971006535790131e-01	   1.4714344827291792e-01	   2.9566451685021372e-01	   2.5962465327239143e-01	   1.5642958178059860e-01	   5.2444240851084456e-01	   5.2124323907851566e-01	   5.5373471645937167e-01	   4.6850133857828147e-01	   3.6573262446597410e-01	   3.9517944803994709e-01	   1.2237984995401169e-01	   3.7775435775763000e-01	   2.8758811710994070e-01	   3.7057197406621550e-01	   2.8035531976626038e-01	   3.7781285486346178e-01	   2.5609930263892933e-01	   3.8759249886264868e-01	   4.1415649365109541e-01	   4.2779995873763743e-01	   2.2968851852983180e-01	   3.7649844412766476e-01	   1.8869961883859196e-01	   2.8751444579333402e-01	   4.3298290821318264e-01	   2.3419790171764157e-01	   4.2639822154189688e-01	   3.6758619972851103e-01	   4.8865475469390562e-01	   4.1006815949523401e-01	   1.3298598554525953e-01	   8.4660516647026146e-02	   3.8204614689916211e-01	   3.1699065184830288e-02	   4.9613221854228295e-01	   4.5679273958246502e-01	   1.2680875120397395e-01	   9.7487669753076100e-02	   4.3000780965472418e-01	   4.9138444905094725e-01	   6.6192264825214553e-01	   5.5014704741904819e-01	   2.1762298252778686e-01	   3.9736245120984404e-01	   4.9164890113920279e-01	   4.7202422078296258e-01	   3.7658196443433450e-01	   1.3204014821581850e-01	   3.1251208538070346e-01	   1.9603627469248813e-01	   5.4655601224308947e-01	   4.3951297149110236e-01	  -1.4036818625545927e-01	  -2.0782866676624270e-01	  -5.6434216699074877e-02	   1.3336670532546377e-01	   2.3751711748441975e-01	   4.2658409579780449e-01	   4.9111741781177343e-01	   4.8281734681466215e-01	   1.4739562363897435e-01	   2.4719388997000846e-01	   4.6809536495805015e-01	   5.3602222644210817e-01	   6.0751959304258807e-01	   5.4092664763502496e-01	   4.0371852609703052e-01	   4.4028308390260923e-01	   6.7627717826250336e-02	   4.3527899489546849e-02	   2.8171886878727237e-01	   3.1208668523162303e-01	   2.9275525815119008e-01	   3.7129659560206962e-01	   4.3796669525049226e-01	   3.4615117069833473e-01	   3.4027428576555574e-01	   3.4245619563694041e-01	   6.2435887509046321e-02	  -1.4304212985105338e-02	   4.3448861718382781e-01	   5.8516910231928121e-01	   9.6624955417990210e-02	   1.3322221392544956e-01	   1.7499046205118396e-01	   2.1889598132784666e-01	   7.8274372396575947e-02	   1.6709617366432178e-01	   2.5768699956130270e-01	  -2.4909039963133989e-01	
   4.5230395793321043e-01	   3.1280668044825011e-01	   5.5734760039720754e-01	   8.3503031509015480e-01	   1.7280885426252249e-01	   5.7658745270440692e-01	   7.5565433256662129e-01	   0.0000000000000000e+00	   3.7761131732420716e-01	   4.5296146809498522e-01	   3.8866536107517724e-01	   6.9453224885226772e-01	   4.1900036827874299e-01	   6.4022770634052539e-01	   3.1221377057674687e-01	   5.0394715715721017e-01	   1.6020994927060547e-01	   1.2692415222740216e-01	   5.1897037915820021e-01	   4.6206949403650172e-01	   2.9439707651584190e-01	   7.8599291668841109e-02	   3.0899250086590607e-01	   4.0876471785503116e-01	   3.2127583158681366e-01	   4.0070337658395261e-01	   7.8339726637028484e-02	   2.0941573909854597e-01	   4.5503542641757844e-01	   4.0083035191112626e-01	   4.2040662674052931e-01	   4.3611577754599684e-01	   5.1860459543586457e-01	   5.7488864944037044e-01	   3.3006670572627839e-01	   4.0436269774743544e-01	   7.4938578322795102e-02	   2.5444961235306007e-01	   1.2838012367117271e-01	   1.7947867111292093e-01	   2.5089012161718144e-01	   3.3381695411873619e-01	   1.7064077937913341e-01	   2.5127018898942100e-01	   4.4285135612054072e-01	   4.9990875073908098e-01	   1.7752056810154521e-01	   2.6224567231775259e-01	   2.4739938422363972e-01	   3.9956473358144001e-01	   3.3171365267199049e-01	   2.5661784859297526e-01	   3.0366315829417451e-01	   2.5594569594931582e-01	   3.7972035660060288e-01	   2.5040334788046936e-01	   2.3800256022520402e-01	   1.5135251655013815e-01	   4.0434499627082388e-01	   1.6235979817429413e-01	   4.6951808875395318e-01	   6.7430467604544386e-01	   1.2966891619848975e-01	   3.1454664241469721e-01	   2.6602996628223319e-01	   5.4791425925426962e-01	   5.8405481428932204e-01	   6.0972203127318891e-01	   2.8671624261653134e-01	   4.2554871014459694e-01	   2.8415876959106068e-01	   3.2039911173092972e-01	   3.7272051546469442e-01	   2.8585109143487375e-01	   2.9028869204909635e-01	   3.3918789420513751e-01	   4.2776728177367973e-01	   4.1958550537029748e-01	   9.9670051531049075e-02	   5.8359334056692837e-02	   2.4133585511310224e-01	   4.0681106040470000e-01	   2.6048443021912743e-01	   5.4541027203877412e-01	   3.4666328113990302e-01	   4.9362223436196473e-01	   1.0210254466079583e-02	   1.9466344438747174e-01	   3.8194932664458475e-01	   3.7576370782381702e-01	   6.2602326525250407e-01	   3.8845534210330063e-01	   4.4213290583069609e-01	   2.5805437323580172e-01	   1.2876710200258209e-02	  -4.2910464890849364e-03	   3.1025662825023254e-01	   2.3486273286974710e-01	   3.3495090756947432e-01	   2.8054533805559040e-01	   4.8332603151794651e-01	   1.7662224142283928e-01	   3.5247036445219421e-01	   3.6846578557541032e-01	   3.4954241140464873e-02	  -1.6113200308982631e-01	   3.7285285634209220e-01	   4.2025026810144472e-01	   4.4543351079625322e-02	   1.3850232841674240e-01	   2.1699239112542648e-01	   1.5625739984348300e-01	   1.6080417819342024e-01	   3.0915552325979834e-01	   2.0546776129330213e-01	  -2.6337054805391258e-01	
   3.9213031419709193e-01	   3.0193918567629274e-01	   2.9185107495964463e-01	   2.7984443988494989e-01	   7.2804997344304501e-01	   6.6464683284768755e-01	   3.0804896025596479e-01	   3.7761131732420716e-01	   0.0000000000000000e+00	   7.8212275775211793e-01	   6.5510206677263261e-01	   6.0812807447774053e-01	   5.0568327473380115e-01	   4.1519215483767435e-01	   5.5918403829510532e-01	   6.7124459611567522e-01	   2.1647179747776291e-01	   4.0423077568066546e-01	   4.2101434464098447e-02	   1.5884223545137779e-01	   3.8907751315433248e-01	   2.7318092695367374e-01	  -3.3997982524847843e-03	   7.4112690665889436e-02	   3.6202326913046712e-01	   1.8167646577583765e-01	   5.2691854663036941e-01	   5.9163274246688724e-01	   3.2255838726090452e-01	   4.6166383923669452e-01	  -4.8093660607767222e-02	  -4.1923780453440154e-02	   2.7395339338602887e-01	   3.0821375389759975e-01	   7.6795322491738149e-02	   1.5506258520887231e-01	   3.1910598346088961e-02	  -1.3580899189188136e-01	   3.1459278867995107e-02	  -3.6560090800401362e-01	   2.7386783121418834e-01	   1.2516065198198023e-01	   2.4799105599195032e-01	   2.9250242962523826e-01	   4.3580788804144432e-01	   4.3231484605700199e-01	   1.9300548484427177e-01	   1.9786162291802856e-01	   5.0220087342482667e-01	   5.0713920222827102e-01	   3.8282865409194888e-01	   3.1524174991078874e-01	   8.6550291232745963e-02	  -1.2952253501047994e-01	  -3.4691479968198446e-04	  -2.2679233839486307e-01	   2.6953644934567006e-01	   2.4569900597653166e-01	   5.6070680859325317e-01	   2.1617116809121562e-01	   6.6312031014843886e-01	   4.5797561869786846e-01	   2.3760885895014094e-01	   3.2043135180532578e-01	   2.4125355610331067e-01	   3.7494988201212909e-01	   3.3768243359009231e-01	   2.7389788486715444e-01	   4.0160464234678270e-02	   7.6270049271321305e-02	   1.3546170551196995e-01	   1.6637021798227569e-01	   2.6382721315434665e-01	   3.9678240607392101e-01	   8.5416706160792152e-02	   1.9314416864839806e-01	   1.4195408302070497e-01	   3.7124372196529243e-01	   1.6173774462682211e-01	   1.3854498558962181e-01	   2.0754624049992787e-01	   3.1295185741078646e-01	   1.9517798696849042e-01	   3.2351287009309937e-01	   1.7249309595382181e-01	   3.3060177351428999e-01	  -5.1536167757611096e-03	  -1.9037372475806019e-01	   5.3157676256091402e-01	  -1.7496374614394394e-01	   2.4036673466223912e-01	   1.8502464401903805e-02	   2.0350712206820906e-01	   3.7399647219922005e-02	  -2.9523686578363134e-01	  -5.4800936440160464e-01	   5.2353502299808438e-02	  -2.4995522325351527e-01	   2.1988389639018079e-02	  -8.6564186568445847e-02	   2.9250273265781401e-02	  -2.0189498049262583e-01	   4.0049388017094671e-02	  -1.4320750543156055e-01	  -4.5310560025495122e-01	  -4.5771803798593785e-01	  -1.7806179864682070e-01	  -2.0170121043509018e-01	  -1.6662726981149556e-01	   1.2711492251766257e-01	   3.4035137775779184e-01	   1.8314125661788960e-03	   3.2717654590891143e-01	  -1.1364471333846483e-02	  -3.1558425471896934e-01	  -4.3965890106010463e-01	
   2.6010642852181953e-01	   9.9590122351648547e-02	   2.9062247731717095e-01	   3.1848286299519868e-01	   5.2923620281955852e-01	   7.2158081247824080e-01	   2.6021102353674130e-01	   4.5296146809498522e-01	   7.8212275775211793e-01	   0.0000000000000000e+00	   5.6290361284670187e-01	   6.4985850736152073e-01	   4.1998217550830519e-01	   6.0524761762387858e-01	   5.8076087256107234e-01	   7.8836881104932244e-01	   2.0531581787269403e-02	   1.5377905666538152e-01	  -1.2922396837285828e-02	  -2.6376563394525394e-02	   2.5713417851386500e-01	  -1.5176717040930017e-02	   2.5447810551003996e-01	   3.4748581631726988e-01	   4.1680430140838276e-01	   3.0039674997129234e-01	   5.3181458903892320e-01	   5.8160389315217631e-01	   1.5205821969081351e-01	   2.6609515998034788e-01	   7.2262382810396486e-02	   9.9735410245235412e-02	   1.7874921919337577e-01	   1.6392145428380150e-01	   1.3784568255217516e-01	   1.3401373745053963e-01	   2.7923207550886290e-02	  -6.5517004026892062e-02	  -4.3357343873658472e-02	  -2.6712410243530293e-01	   2.0094229066425431e-01	   3.0472240487495215e-02	   1.4587258762692662e-01	   1.7933884326934479e-01	   2.9848637386605059e-01	   2.5046151296708036e-01	   1.0886387215665508e-01	   1.1785993949848241e-01	   2.9303544004450260e-01	   3.9231648864422752e-01	   2.2285996434141897e-01	   2.4924350636829309e-01	   8.1361496028074312e-03	  -1.1802146154955873e-01	  -8.0213363497455073e-02	  -2.3209280408783212e-01	   8.0856240786453371e-02	   2.8993045067616394e-02	   3.4087554613062410e-01	   3.6984880215367041e-02	   5.2346835969522720e-01	   6.5984756639126496e-01	  -7.6429654183977458e-02	   6.5816488468923476e-02	   4.5740421378105256e-01	   6.1541507822349173e-01	   1.8397044780084079e-01	   1.7109973056701985e-01	  -9.9972864282302593e-02	  -9.0502886398836829e-02	   7.5700467070144106e-02	   8.3035226999586043e-02	   1.6332411103417782e-01	   2.4018248805940273e-01	  -5.3732975871178812e-02	   1.2392012373667118e-01	   2.5365981254484748e-02	   2.7157289090409709e-01	   2.6393244955362638e-01	   4.1094898099944079e-02	   8.7234005785343294e-02	   1.1379260299572966e-01	   2.6239232301788942e-02	   3.6208488585688126e-01	   2.4370414088701053e-01	   2.6724301759057900e-01	   1.0158817040337213e-02	  -5.1811275638907660e-02	   6.1229784410573007e-01	  -2.1424807319925392e-02	   2.7171557475807828e-01	   1.3504692968659091e-01	   3.8961818222889211e-01	   1.8910056090702893e-01	  -2.2893340315892924e-01	  -4.8247473098109794e-01	   1.0028998812458476e-01	  -2.8366991083666498e-01	  -8.1410156413156770e-02	  -1.5126366458004292e-01	   1.4311456238135362e-01	  -5.5713804549493540e-02	   4.3686359885551293e-02	  -5.7974658934407945e-02	  -2.8829156539316547e-01	  -3.1089851689687181e-01	  -4.8405697790085231e-02	  -1.1893388487215478e-01	  -1.5080276027284995e-01	   8.3835709137512648e-02	   1.7061807259801998e-01	  -5.9343728541518537e-02	   3.1406625501188207e-01	   4.2760858159563819e-02	  -1.3521624364426599e-01	  -3.7673837844260283e-01	
   5.8699657629007174e-01	   1.2077438440025481e-01	   4.1627105941461268e-01	   2.4281214927558162e-01	   2.8875053090066516e-01	   4.0415138330590783e-01	   4.6468272787918963e-01	   3.8866536107517724e-01	   6.5510206677263261e-01	   5.6290361284670187e-01	   0.0000000000000000e+00	   5.3677231624518673e-01	   8.5793744386507553e-01	   6.3312790821790044e-01	   6.0238775128326405e-01	   5.4686309036863490e-01	   1.2818673190130073e-01	   1.6669024799835155e-01	   1.3928488823994767e-01	   2.2099824943166251e-02	   2.5886659306578597e-01	   5.4744989173115002e-02	   1.6068907230253912e-01	   1.2605099238045564e-01	   2.0592557550593441e-01	   7.4060864984217739e-02	   2.1646973774716849e-01	   2.7891032110782066e-01	   2.9756472353422436e-01	   2.8681513650994062e-01	   1.6410708425177532e-02	   8.7032373447369665e-02	   2.3282056240812904e-01	   1.1308726056925120e-01	  -1.5971548993712090e-02	   2.0710032343698920e-02	   1.8581116545884627e-01	   7.4088043817948368e-02	   3.2855892916585744e-01	   7.1985898495478456e-02	   3.2237820946246598e-01	   2.7824923539466917e-01	   1.5646540753072277e-01	   2.3197379778738053e-01	   1.6294844424421417e-01	   1.6906576049360045e-01	   1.3639499631417901e-01	   1.6659694638880435e-01	   3.2790849415091372e-01	   3.1154969676883715e-01	   3.2210674906798709e-01	   1.0905225475308203e-01	   2.9893700834919273e-01	   7.1733536211892004e-02	   3.4821705267825354e-01	   1.2629394229650404e-01	   2.1552904601498968e-01	   1.6147918463172023e-01	   5.6489345575007910e-01	   4.8515689121206046e-02	   7.2025266364107154e-01	   4.3027936198869987e-01	   2.2314956117597229e-01	   1.8184496975561659e-01	   2.4665013223583476e-01	   2.8788205482044060e-01	   1.1210857250526418e-01	  -5.1796959186801515e-02	  -2.4067598841796274e-02	  -1.0933382129441682e-01	   2.9535697410010642e-01	   3.2483722035479257e-01	   3.4304017580563595e-01	   2.0680948810744812e-01	   1.2689764679114968e-01	   1.2248413555000290e-01	   2.2674589344198803e-01	   3.1804843871933330e-01	   1.4001382475813454e-01	  -9.3712694546320460e-02	   1.2512067767722720e-02	   7.2617978761588556e-02	   1.9669580145943322e-01	   3.5544189425035738e-01	   3.5833160532623998e-01	   1.5291052117254184e-01	   2.1740859232049392e-01	  -1.7509260459074073e-02	   5.3952946510593325e-01	   2.5737947659896393e-01	   2.3706824648082475e-01	   2.0883242019043191e-01	   1.2382453745489787e-01	   1.8128829246903391e-01	   1.8623848481412675e-02	  -1.8635269168032165e-01	   2.5738330265370291e-01	   9.1456725380967455e-02	   1.1010697927533818e-01	   1.4280179070354360e-01	  -1.5204862830943747e-01	  -4.3320737691358857e-02	   1.8182268377271460e-01	   5.3763554326082069e-02	  -1.6274037768801194e-01	  -1.9816347844125864e-01	   6.4719393306413311e-02	   1.5414408931924337e-01	   1.2510347872236910e-01	   2.5298579794206466e-01	   1.9997637408487939e-01	  -1.9726533522589173e-03	   2.3089177894462659e-01	   1.4322877472396606e-01	   1.3323781430532055e-03	  -3.3047798048423638e-01	
   4.8881643271488623e-01	   3.9797328059673764e-01	   3.7943281238317406e-01	   5.8912602235552503e-01	   4.1027413190580175e-01	   5.5666412930131293e-01	   4.8595301469260510e-01	   6.9453224885226772e-01	   6.0812807447774053e-01	   6.4985850736152073e-01	   5.3677231624518673e-01	   0.0000000000000000e+00	   3.6732862022834556e-01	   6.9189065991671872e-01	   4.1883341675371527e-01	   6.7419511531306708e-01	   2.1205249899622874e-01	   3.0829506561280229e-01	   2.4817064615345497e-01	   3.2935422765708539e-01	   2.7232473905305726e-01	   6.2585991300508431e-02	   1.9183799165827670e-01	   2.9880067937298421e-01	   2.5011552539539106e-01	   1.8725803922171722e-01	   2.8718685665617916e-01	   3.5751786811109809e-01	   3.6495277895559175e-01	   4.9164384378436732e-01	   1.9042201244239415e-01	   1.9258284778120607e-01	   2.3201332629420510e-01	   3.6132674315320146e-01	   2.0710498872153763e-02	   6.2721503599022232e-02	  -2.3205874675357532e-02	  -6.8614823753866488e-02	   3.8481706090609372e-02	  -9.6595424229494672e-02	   2.8069840201192320e-01	   2.4786911452429944e-01	   1.8013474569528995e-01	   2.6835318159367266e-01	   3.5942171206202511e-01	   3.9262761936672669e-01	   2.3112035972319828e-01	   1.9470971946119531e-01	   3.8296889223028918e-01	   4.0230701424195875e-01	   2.7252676417463451e-01	   2.3459093169969533e-01	   2.1097298425183800e-01	   7.1070419196305662e-02	   2.5287517379472929e-01	   4.2653792194243818e-02	   2.4813375967862378e-01	   2.3492799276392423e-01	   4.0406105262583319e-01	   2.0631766767604270e-01	   4.0199972011345408e-01	   5.8411613598769618e-01	   1.0120946759279714e-01	   4.6067260344801941e-01	   2.1311583828554193e-01	   4.0183477417080432e-01	   2.6182671745145480e-01	   2.6190317423663956e-01	   1.6424631334915002e-01	   2.4836859097859812e-01	   1.9207375649125741e-01	   2.8397254288327856e-01	   3.0025272425302585e-01	   3.9970347698180808e-01	   1.4983587952539540e-01	   3.1088572462735237e-01	   2.4029032367647252e-01	   3.4434782124772312e-01	   2.2959488116693114e-01	   1.0314418322676867e-01	   1.4379804503403448e-01	   3.0977401052827891e-01	   2.2305263601494996e-01	   4.8127890878303747e-01	   2.2165455026406508e-01	   4.1737439448469227e-01	   1.8873622166825210e-02	  -4.0011196778489452e-02	   3.0895467361333911e-01	   8.0988020553352941e-02	   3.9606252426691202e-01	   1.1538742613108188e-01	   2.8831164445582769e-01	   5.7853350529160297e-02	  -8.2760758639040782e-02	  -2.6134667353618712e-01	   1.4298197046803263e-01	  -7.7056273556923863e-02	   2.3421232889751289e-01	   7.6203625660586999e-02	   1.4858350623931371e-01	  -6.0506126909498983e-02	   1.5448046441695237e-01	   3.3295405514785770e-02	  -2.7503752908887263e-01	  -3.8487049499150799e-01	   9.5029022102712177e-02	   1.1631822922467815e-01	  -3.4086678691667135e-02	   1.5057991846548507e-01	   1.5017297454459516e-01	   1.2535821265652973e-02	   2.7150085309329264e-01	   2.5134975886195265e-01	  -2.7645043851521195e-02	  -4.3302180317686123e-01	
   4.7370546699474614e-01	   7.2474043341754363e-03	   4.8306901809147473e-01	   2.6769102283293267e-01	   5.8882875410240468e-02	   2.9002788483427616e-01	   5.6631753862951106e-01	   4.1900036827874299e-01	   5.0568327473380115e-01	   4.1998217550830519e-01	   8.5793744386507553e-01	   3.6732862022834556e-01	   0.0000000000000000e+00	   6.4521176588456930e-01	   5.8411898047110888e-01	   4.3677357007108342e-01	   1.7215126241121193e-02	  -7.2072642390224578e-03	   2.1820036945761090e-01	   2.5242312894075999e-03	   2.5117516890378810e-01	  -3.0088563843213241e-02	   2.7149546596555141e-01	   1.9959481031645920e-01	   1.6623180301963505e-01	   1.2377418182361714e-01	   7.1780357359398694e-02	   1.8481954738978382e-01	   2.6476369918786186e-01	   1.2668628907922314e-01	   8.9888010963261600e-02	   1.7224066398946097e-01	   2.6625419697328456e-01	   6.3544715631203480e-02	   1.5332692259825520e-01	   1.5310904343761403e-01	   3.1501677283360585e-01	   2.7094737020667903e-01	   3.6917599905726656e-01	   2.6136945851779214e-01	   4.0144331255542515e-01	   2.6336978674884903e-01	   1.2440904742925350e-01	   1.3579941171513671e-01	   1.1191162268752777e-01	   1.0691339510480607e-01	   7.8476293003902506e-02	   9.3740329266516265e-02	   2.2026830239298692e-01	   2.2228802543544296e-01	   3.5108173986669966e-01	   5.6481228997421480e-02	   3.8238697921592379e-01	   2.1777318178314020e-01	   3.9634857268365220e-01	   2.4191143900098105e-01	   8.1510713930853351e-02	   9.4120605886459638e-02	   4.8664113865699893e-01	  -5.6318235374799824e-02	   6.9510649995162010e-01	   4.2326072454837282e-01	   1.7007603039413124e-01	   3.8520476303370098e-02	   2.8622986044599164e-01	   3.2713441037441249e-01	   2.0092800151149337e-01	   3.4677416041039091e-02	  -4.3299488165068397e-03	  -1.0043460348350298e-01	   2.9194718329494940e-01	   3.6261715016654505e-01	   4.0955666507432176e-01	   1.0785116268196485e-01	   2.2717747189429480e-01	   2.0621068346007122e-02	   2.8464000269417450e-01	   2.5937980305096558e-01	   3.0686938807201098e-02	  -2.2955977279927886e-01	  -2.0647701584047627e-02	  -2.0069923107444050e-03	   2.4426758224447931e-01	   2.9941916107545807e-01	   4.3496768970278132e-01	   1.2588471790702516e-01	   3.0984518267045880e-01	   1.8260748044077368e-01	   5.8824012569411877e-01	   4.1156210731291021e-01	   2.8172573052181349e-01	   3.1187870712307014e-01	   1.8378320757609484e-01	   3.1375244264563318e-01	   1.2563559575225930e-01	  -1.2131559515085717e-02	   2.9763691826642502e-01	   2.4133061877324719e-01	   5.0664213576617517e-02	   1.5816241775074869e-01	  -6.3996746091345244e-02	   1.1242652376417168e-01	   2.3925433963846046e-01	   2.0138098854228403e-01	  -4.8608986121866309e-02	  -4.1757849249281748e-02	   1.9261628734695274e-01	   2.8331461410742004e-01	   1.3763315245697538e-01	   2.4700955789353171e-01	   1.5351442371264978e-01	   2.3869849112266389e-02	   1.0244973926721437e-01	   1.5700533615997925e-01	   1.3515483888483432e-01	  -2.9453340296615654e-01	
