   0.0000000000000000e+00	   7.4090013694288848e-01	   4.5455210812485181e-01	   3.4449685972442934e-01	   4.8744794845992978e-01	   4.1253497293227293e-01	   6.0400737399849924e-01	   4.9034415294498618e-01	   4.1004217827641015e-01	   2.1290641770509888e-01	   6.4164008003605011e-01	   5.3036199559434549e-01	   4.9101744099520916e-01	   3.4335945949217062e-01	   3.7929251021047977e-01	   2.6296801582931073e-01	   3.7826729347959231e-01	   3.1221543285934023e-01	   7.2625664852384186e-01	   7.1121624851858556e-01	   1.0088579151587772e-01	   1.5489492656993287e-01	   1.9684679658038023e-01	   6.4732133309186382e-02	   1.5808099989962116e-01	   1.2602154570002666e-01	   2.6276446296202566e-01	   2.5521962403888643e-01	   4.1333947541457949e-01	   4.4357445411918384e-01	   1.2463977334372789e-01	   1.3807353452976515e-01	   5.0783267595811032e-01	   4.6142403691153133e-01	   1.1663503571218153e-01	   1.9449760149890166e-01	   3.0839729740398537e-02	   2.2773891426164006e-01	   4.7041345045437208e-02	   1.9101924137663179e-01	   3.9697395942006108e-02	   1.5046086597554859e-01	   5.9721058056960674e-01	   5.2929910624015575e-01	   5.4676510150156954e-01	   5.1360994898663281e-01	   6.0027238303425134e-01	   5.5824746362687161e-01	   6.3234303244681855e-01	   5.7075584781588407e-01	   5.4854029699985307e-01	   4.7405585985662074e-01	   6.3228575863516878e-01	   5.9699504089597288e-01	   4.8889955909792482e-01	   4.1701921436270090e-01	   7.3919095321339889e-01	   5.4099248117154519e-01	   6.5236126513433002e-01	   4.1735985453227897e-01	   5.5230835878296358e-01	   3.2800335914334433e-01	   4.8317215872036379e-01	   3.8509084904610169e-01	   7.5552045263977616e-02	  -2.9098357187122979e-02	   4.0555608504307350e-01	   3.4401314954766332e-01	   6.1580372554550655e-01	   4.1043028977895174e-01	   3.0402330909345177e-01	   3.2523753626704782e-01	   3.5262816927127205e-01	   3.0607571142593032e-01	   3.2363979328056025e-01	   2.1678852294996534e-01	   4.3493560164176159e-01	   3.9306327326679691e-01	   2.0079629127275778e-01	   2.6101424624375130e-01	   5.0415746059021138e-01	   4.5795834708558814e-01	   3.8025233491446608e-01	   3.2233962663902510e-01	   3.9409045847691315e-01	   2.0673537582515336e-01	   3.7375066169529868e-02	   2.6075685702867106e-02	   3.6700977694594850e-01	   2.6494792020734848e-01	   3.9082334787083156e-01	   3.4322634572302080e-01	   9.9086556197098413e-02	   4.0061573569835418e-01	   3.1679820174211071e-01	   7.4529430756259535e-02	   4.3279513970864070e-01	   2.4781020704008694e-01	   4.8734722497364102e-01	   5.4818796803505010e-01	   2.6198598707564485e-01	   4.4367709062277261e-01	   3.7659798751843920e-01	   5.1226112196434781e-01	   1.6839162177657914e-02	   2.3131021611693840e-02	   4.4524277739470229e-02	   2.1269612130682383e-01	   3.3704070038710593e-02	   7.0713139779474507e-02	   1.3374020872601178e-01	   4.5689787548584904e-01	   2.6667678086295954e-01	   1.9644463462468414e-01	   1.8434721708771812e-01	  -2.4432839440785217e-01	
   7.4090013694288848e-01	   0.0000000000000000e+00	   9.6301276323645865e-02	   1.1327406803573917e-01	   1.8332276974767781e-01	   3.2957078877191626e-01	   2.9014101581880342e-01	   3.5385041859971367e-01	   6.3031199588411899e-02	  -2.4416225651768778e-02	   4.0848529027949965e-01	   5.0482897912480529e-01	   2.7394429560093486e-01	   4.1616211063742370e-01	   2.1818256278211179e-01	   1.9705133794805693e-01	   5.8609436051383113e-01	   5.6997735885010437e-01	   6.2654706683245265e-01	   7.6364656950908272e-01	   8.0644377912497622e-02	   1.6856152098951274e-01	  -9.4232662777179038e-02	  -1.7046960680051504e-01	  -4.1269992907534227e-02	  -6.1549013072207719e-02	   1.4372283010940413e-02	   2.1612228439515501e-02	   4.9554631040525554e-01	   5.4512273814350576e-01	   2.6351206858742073e-02	   3.9038026440520388e-02	   5.0430627871534883e-01	   4.6747905489937752e-01	  -9.9988448186017320e-02	   3.0997032360028653e-02	   1.0134905681862109e-01	   1.6349904583885633e-01	   7.0601174485644194e-02	   1.4370336079036616e-01	   1.9684291552525079e-01	   3.1264694555289269e-01	   6.5644909209654601e-01	   5.8817894189376241e-01	   5.6852514758037831e-01	   5.2209395936042580e-01	   6.6854409217267263e-01	   6.0250042555938055e-01	   6.4673261514608571e-01	   5.7379967051513547e-01	   4.9327526632421037e-01	   4.6786114767906284e-01	   6.0394845431713895e-01	   5.4279652070392492e-01	   4.4553461094894586e-01	   3.3465171544202760e-01	   7.7764937646323040e-01	   6.9810920829567769e-01	   4.7278227416546226e-01	   2.9358892793378183e-01	   3.1102365992563252e-01	   1.3495741370653155e-01	   5.0627178573805520e-01	   3.6516068261815288e-01	  -2.6449958179261751e-01	  -2.9078654442303536e-01	   1.7440421226313363e-01	   2.0581255929645537e-01	   5.8484045052331179e-01	   5.0782231172797321e-01	   2.7053494022987656e-01	   3.7623712574913115e-01	   5.0648459987657724e-01	   4.9208384423012153e-01	   4.3862397296912636e-01	   3.3452703111621734e-01	   4.2197637366059781e-01	   4.9220244984705941e-01	   4.1715073945040815e-01	   3.8409431830942081e-01	   5.6459035956446535e-01	   4.7484717755992439e-01	   2.4673860662440700e-01	   2.9174461503532584e-01	   1.4258778995361679e-01	   8.3770088607619045e-02	  -7.0516699448901765e-02	  -7.8956657806861313e-02	   2.0958618067610185e-01	   4.1986315320852521e-02	   2.7110012171734083e-01	   1.6188571795564086e-01	  -9.0109984259993461e-03	   3.3680198204146305e-02	   4.4917216471890475e-01	   6.7799380931754111e-02	   4.9309171694736975e-01	   3.2247808604558703e-01	   5.4166533817265938e-01	   3.9786968631760744e-01	   2.4156853411760645e-01	   1.9168153638793572e-01	   3.7388630496626979e-01	   3.9411012075512103e-01	  -8.8571050796062339e-02	  -1.7708090345115207e-01	  -1.0800678577179806e-01	   1.5900525514296693e-01	   8.8999676452897900e-02	   1.2480131429266925e-01	   2.4063259574140439e-01	   4.8613122736276526e-01	   2.9560568894395589e-01	   3.7445889499673179e-01	   8.5811031934437038e-02	  -3.7219511635806712e-01	
   4.5455210812485181e-01	   9.6301276323645865e-02	   0.0000000000000000e+00	   5.9514829172567785e-01	   6.3217080518861157e-01	   2.7849347763621779e-01	   7.1891505360037744e-01	   3.7043359407376014e-01	   5.9023549650237406e-01	   3.0527229808405276e-01	   3.1346421288096116e-01	   1.0571576657177513e-01	   3.6472679987738077e-01	   1.7374246588294939e-01	   5.2062580184733154e-01	   3.8665625866452824e-01	   4.1929092619054351e-02	   8.6662511194256803e-02	   5.2912707485476740e-01	   4.0030999762624797e-01	   1.8578416846248844e-01	  -3.8385020666000413e-02	   8.0956195024794941e-01	   5.6310186167902843e-01	   5.5853040337953863e-01	   5.3179635661879943e-01	   5.5334146653169891e-01	   4.5173680092537777e-01	   1.6710753217324625e-01	   8.7454527608043550e-02	   6.4080264263888465e-01	   5.8011691232250218e-01	   4.5627277348190093e-01	   3.3132496886029861e-01	   4.5814480181764666e-01	   3.5480656355694634e-01	   1.0872794600443061e-01	   1.9362700658071041e-01	   2.1417230717853156e-01	   2.9213192822895562e-01	  -1.5371884996793499e-02	  -6.8332597155971314e-02	   1.0276218625087585e-01	   7.7693793964213609e-02	   1.0932594797999384e-01	   1.3493290605044561e-01	   1.0315584809930332e-01	   2.1340913271260892e-01	   1.5750442871046375e-01	   1.9664073045214511e-01	   2.8222331537730222e-01	   1.9887446883805121e-01	   2.0698051810943235e-01	   3.1723310716678788e-01	   2.9608377895178550e-01	   3.8040771172296828e-01	   1.7261298117604346e-01	   1.4091491494470093e-01	   3.9162426931779692e-01	   2.3935631057622148e-01	   3.6389353517229439e-01	   2.5447653844672247e-01	   2.0472021963975490e-01	   2.3897583758555788e-01	   5.3189900049701877e-01	   2.7123511255295252e-01	   5.2155787575494106e-01	   3.5157607892500731e-01	   3.2334838016984818e-01	   2.9775569550951564e-01	   2.1712688715571013e-01	   1.8821320629406535e-01	   9.1377575953914006e-02	  -3.9492660631266226e-02	   7.6159103883723767e-02	  -8.0676372412157929e-02	   2.6430928443602686e-01	   1.4029368571224365e-01	  -3.4140399073242220e-02	  -7.7568108949077508e-02	   3.5609180993206530e-01	   3.4597748085534286e-01	   4.6855970298646177e-01	   2.4725802224412533e-01	   5.9377501126577170e-01	   3.9154957797063239e-01	   4.1493927535185759e-01	   2.7424648971209564e-01	   5.3053563681634197e-01	   4.3434832027447628e-01	   4.6276452762751275e-01	   7.1168166467842120e-01	   4.8097265846417969e-01	   7.6896219512390807e-01	  -6.5653470432762623e-02	  -4.9457187823163967e-02	   2.6545340761319736e-01	   1.1780986586753669e-01	   2.4762657038844887e-01	   5.4475852403335823e-01	   4.2532350804791602e-01	   5.8833291259563558e-01	   3.8525622167243090e-01	   4.0768683978119313e-01	   1.3413503239048458e-01	   1.8699733993499826e-01	   3.5829771053425197e-01	   3.1443991978486685e-01	  -3.0752409869849499e-02	  -4.8441770838108739e-03	   1.8040879870783269e-01	   3.0967492447343603e-01	   1.9107251920805440e-01	   3.3611878667354267e-02	   3.0287873716634949e-02	  -8.4991003842170398e-02	
   3.4449685972442934e-01	   1.1327406803573917e-01	   5.9514829172567785e-01	   0.0000000000000000e+00	   6.1660707609384913e-01	   5.7095184062883231e-01	   6.6218216019558274e-01	   8.0484767179789984e-01	   3.7273354248738672e-01	   5.4563296746888290e-01	   2.5197473754480526e-01	   4.0382614088539659e-01	   2.0179952942450841e-01	   4.3626481677798978e-01	   2.5169240089665329e-01	   4.6896612053989573e-01	   9.4797883828184631e-02	   1.3814034716926682e-01	   3.2696227661183719e-01	   4.5795749989604678e-01	   2.9981209326477831e-01	   3.0302102851842039e-01	   3.3782344138197595e-01	   6.4773029631972157e-01	   4.4730296786261048e-01	   6.6529195591749246e-01	   3.6448599959370664e-01	   2.7037247526444858e-01	   1.3765347422996524e-01	   2.0854924708670647e-01	   4.8722374374862182e-01	   6.2497476927604012e-01	   5.4872149331711184e-01	   6.0808724371539968e-01	   4.9555858894793497e-01	   5.0108857851497202e-01	   8.9195971873264838e-03	   2.4433727031304371e-02	   1.9591288314050187e-01	   3.0040529208294581e-01	  -6.9614841226882263e-03	   1.9022797795281505e-02	   2.5163147862010588e-01	   2.4102612013484903e-01	   3.1686053920074897e-01	   3.9679514277590777e-01	   2.6758160223209299e-01	   3.7436443205987002e-01	   2.9501556962424408e-01	   3.4583082236940560e-01	   3.9117491865723808e-01	   4.1575378486522246e-01	   3.5367415474390873e-01	   3.5587676605822072e-01	   3.1685286286817416e-01	   3.6966817436601018e-01	   1.0226219645842834e-01	   1.5451564222692415e-01	   4.1389072181993930e-01	   5.8037304367052334e-01	   5.5717033642935598e-01	   6.9918001121853635e-01	   4.3988017757530073e-01	   5.3277875695052490e-01	   4.4589844578533067e-01	   5.9052149965253808e-01	   6.9609114030329788e-01	   7.0075225722315171e-01	   3.5068029441703852e-01	   4.0026644635701958e-01	   1.3748519031312240e-01	   2.8968430112446591e-01	   1.5699170185159658e-01	   2.2816413657243489e-01	   8.4092366393644633e-02	   5.5347780818258460e-02	   2.6761623980574500e-01	   2.7316818018944256e-01	   1.1837957863281515e-01	   9.4616726972393234e-02	   4.3423829893190302e-01	   4.9512650829225258e-01	   4.5831493782248467e-01	   4.7338089347489359e-01	   4.7865934275604277e-01	   5.6669338424942306e-01	   2.2663191083424633e-01	   2.0024222853932155e-01	   4.8058679952539940e-01	   3.6431344467832472e-01	   5.7306422372715526e-01	   5.1429408721191783e-01	   6.9128637873530929e-01	   4.6967958729755677e-01	   4.0958950370503629e-02	   1.1227079251277867e-01	   3.6288019231233820e-01	   2.1408392819952959e-01	   4.2519738762739911e-01	   4.6845226512953309e-01	   5.5376929746606474e-01	   4.4658480335917039e-01	   4.4528649990596991e-01	   4.9558412449387762e-01	   3.6535513163867750e-01	   2.4946824108781279e-01	   4.0896956007289814e-01	   3.0243949045533608e-01	  -1.2322360724066471e-01	   6.1925954654186502e-02	   1.7397645387913199e-01	   2.2786813857851188e-01	   3.0795626493780193e-01	   4.2422387785115603e-02	   1.2410929384560623e-01	  -2.2510372129277320e-01	
   4.8744794845992978e-01	   1.8332276974767781e-01	   6.3217080518861157e-01	   6.1660707609384913e-01	   0.0000000000000000e+00	   5.7976588574629362e-01	   7.9920032401387231e-01	   6.5011369314839185e-01	   7.4019673745844894e-01	   5.3555266590035266e-01	   4.6626679190644288e-01	   4.6843469791600234e-01	   5.4013906755293417e-01	   4.4171282972904197e-01	   5.5133045649566292e-01	   4.9248792471722025e-01	   1.7764368339927844e-01	   1.9420289191941437e-01	   3.1852562324484646e-01	   3.2765063945210876e-01	   3.1419409032864581e-01	   5.9210010756401268e-02	   4.8696208722213752e-01	   5.5057853887779229e-01	   3.3945535726240406e-01	   4.1488906280279264e-01	   5.4998683943759508e-01	   4.9404343646040194e-01	   2.2324655310572725e-01	   2.9306291100479920e-01	   4.6197069425227771e-01	   5.0896275479152653e-01	   5.8696586774301707e-01	   5.2921993264226930e-01	   4.0898053441784643e-01	   4.3954816291855592e-01	   8.8090833794761160e-03	   1.3276450967028292e-01	   2.0656639867806298e-01	   2.8650968454575731e-01	   1.6249180284724443e-01	   2.8588054662752826e-02	   3.4231181399326688e-01	   2.6809029755467462e-01	   4.0263345280718360e-01	   4.1226404117252219e-01	   3.4853656641969755e-01	   4.3763817445112663e-01	   4.1613454491723911e-01	   4.6046550571887307e-01	   5.4205649831640845e-01	   5.1447441212630673e-01	   5.7616966816190873e-01	   5.8722643895494142e-01	   5.6110225022394566e-01	   5.1999420947013242e-01	   2.3450219933097483e-01	   1.9820988132544126e-01	   5.4571172625541431e-01	   5.3112396241060034e-01	   7.2006898975048350e-01	   5.5896272139340242e-01	   5.1189513777135298e-01	   5.5036127594772122e-01	   3.8957813912008127e-01	   3.0917937545612839e-01	   6.1753665424130388e-01	   5.9378453180860158e-01	   3.3498471395980256e-01	   3.8242148394480691e-01	   2.5615544608153462e-01	   1.9254523336763243e-01	   9.4794162866769505e-02	   1.6362468004496483e-01	   1.2063180889580201e-01	  -5.3442259549790046e-02	   4.1177460237745145e-01	   3.7428015963318817e-01	   5.4636248779293531e-02	   2.1207737477586286e-01	   4.7615110758601531e-01	   5.5101811099371678e-01	   4.7100721701643400e-01	   3.7610238199309975e-01	   5.1293509541933857e-01	   4.9246382017596085e-01	   1.8696800661733806e-01	   1.1380619033017064e-01	   6.7116472405193228e-01	   5.6528968440281657e-01	   6.7105468025090009e-01	   6.4566373720520176e-01	   6.3591381922973611e-01	   6.5501091219380481e-01	   1.3842593537422451e-01	   4.1340018896658878e-02	   3.4300026940180239e-01	   1.6693840747151489e-01	   4.9934914684120602e-01	   6.7682671060156252e-01	   6.5032594099352226e-01	   7.2292367870641305e-01	   5.4391640880232184e-01	   5.2351503176236358e-01	   1.6231223219749258e-01	   1.9108663339980214e-01	   4.2373524218153180e-01	   4.5064041859339077e-01	  -4.4530822104823016e-02	   1.3433974519384952e-03	   1.3510570748615208e-01	   3.5780395936810411e-01	   3.3174524290327589e-01	   9.1230615346701849e-02	   2.0852283652433340e-01	  -2.2505721130406720e-01	
   4.1253497293227293e-01	   3.2957078877191626e-01	   2.7849347763621779e-01	   5.7095184062883231e-01	   5.7976588574629362e-01	   0.0000000000000000e+00	   5.3869323527002433e-01	   6.5476064259092170e-01	   4.1870405114400749e-01	   6.0643848275178769e-01	   3.2352787863236931e-01	   5.4420204281346063e-01	   2.6440630351501182e-01	   3.3584326038190848e-01	   2.4136423699347920e-01	   4.5887680239614281e-01	   3.2019018250169717e-01	   2.6611092431010869e-01	   2.3006871148673885e-01	   4.0968261390622018e-01	   2.2911645816528128e-01	   2.5759521474904767e-01	   1.7395402863324191e-03	   2.7805831743464549e-01	   2.2767698432587724e-01	   4.7103761650476750e-01	   2.3019403625113238e-01	   4.2948531652571781e-01	   3.0382929325627206e-01	   4.5329706870394731e-01	   1.3963286385652443e-01	   2.6936240457765331e-01	   4.8439380199441534e-01	   5.5194491802785250e-01	   2.3630602483656304e-01	   3.5290231797562377e-01	  -2.9467088099207304e-02	  -2.5919094413085035e-02	   7.5990219529626854e-02	   1.1638857524511922e-01	   5.7749780450912697e-02	   1.3659809427695102e-01	   6.0574414448211478e-01	   6.0941570727810612e-01	   6.6775956317397567e-01	   7.0523572945694746e-01	   6.0159764344863376e-01	   6.7878282732285933e-01	   6.7430486243606003e-01	   7.2717353267573803e-01	   6.2233751234662105e-01	   7.0126621614536022e-01	   6.8018634976505932e-01	   5.6853182232030886e-01	   4.9131492614906624e-01	   2.9740480488069909e-01	   2.3363394372921287e-01	   2.2741729175164388e-01	   5.9014734549640446e-01	   7.0190047118875099e-01	   5.8598703507439565e-01	   6.1138854251468988e-01	   5.5799431430357493e-01	   5.0878757651213991e-01	   1.3973159278620606e-01	   2.3768215153386130e-01	   5.7651560620530629e-01	   6.5165478121507392e-01	   3.8230561860707851e-01	   4.4107561765191705e-01	   1.3101690691263321e-01	   1.6515628499252860e-01	   1.8680675421897511e-01	   3.7884336811256969e-01	   2.1841868914615117e-02	   2.0561182649911008e-01	   3.0435415789170306e-01	   3.7705028548735409e-01	   2.8972127842420231e-01	   3.1400647711719298e-01	   5.2833317356924425e-01	   5.5810200411531996e-01	   2.6653413446548180e-01	   4.5628005809913841e-01	   3.0184538970469554e-01	   3.7182903608513901e-01	  -3.3110284182664672e-02	  -6.1511780888987046e-02	   5.2149209064548563e-01	   2.6602775236274967e-01	   7.4368326388546202e-01	   5.0780860561378316e-01	   5.3963632944310302e-01	   4.1224505036860881e-01	   3.0762983024514029e-01	   2.6056220372924610e-01	   4.1926017910445879e-01	   2.9513026921816232e-01	   7.4052687100160619e-01	   4.7216524791370040e-01	   5.9294063303395450e-01	   5.0954691104306959e-01	   4.4381411949930666e-01	   5.4428539904056161e-01	   5.8701017719748901e-02	   1.1489413645065576e-01	   2.7501868561401033e-01	   3.9367517316605360e-01	   7.8938243211645442e-02	   1.3262319111758236e-01	   2.2077773919555366e-01	   4.0854310603761007e-01	   4.8023706237671027e-01	   1.7626450218382717e-01	   2.4182315967483700e-01	  -3.9971395787279174e-01	
   6.0400737399849924e-01	   2.9014101581880342e-01	   7.1891505360037744e-01	   6.6218216019558274e-01	   7.9920032401387231e-01	   5.3869323527002433e-01	   0.0000000000000000e+00	   7.1524799603372136e-01	   6.8403706325217151e-01	   3.7878218241312056e-01	   6.7468550020286122e-01	   5.9982170892270448e-01	   6.1123693668547552e-01	   4.3976595283577469e-01	   5.4408411742278540e-01	   4.2640790003200951e-01	   1.9834011702787327e-01	   2.1978321232927808e-01	   5.4301797304137334e-01	   5.0229792563535558e-01	   2.3047351747664507e-01	   6.9922981890176705e-02	   4.8480337107920046e-01	   4.2124582513285402e-01	   2.1065738711673809e-01	   3.2560740374195007e-01	   3.6089371541117510e-01	   3.5822361032520028e-01	   4.2865734110223219e-01	   3.8348255192765468e-01	   5.2898658831141798e-01	   6.0402978006653474e-01	   6.4319806687576986e-01	   6.1136457171680714e-01	   2.2107175359616679e-01	   2.4681480421942914e-01	  -3.4209493875797387e-02	   1.6186959882762064e-01	   1.0391323080710406e-01	   2.6525041715752373e-01	   5.6181654289219514e-02	   2.8411027857574423e-02	   3.5777566593181731e-01	   3.1657469128950660e-01	   3.6550031894423629e-01	   3.9748691703985417e-01	   3.6357283341470054e-01	   4.5993620813824376e-01	   4.1682705201757692e-01	   3.9986992603939797e-01	   4.0478821901050999e-01	   3.7971058949743297e-01	   4.7858064759804286e-01	   4.6736678222441008e-01	   3.9872113807331444e-01	   4.0600222430751787e-01	   3.1247384782993959e-01	   2.8447470666218561e-01	   4.7751146151780904e-01	   4.1083221618537036e-01	   7.4653132841109748e-01	   5.4587919434511512e-01	   5.1189665126038708e-01	   5.7014199208976435e-01	   2.9296527739876160e-01	   1.6371312411700331e-01	   5.0246956576036861e-01	   4.5091204546434932e-01	   3.9848400886579372e-01	   3.2825191243191398e-01	   3.1740581952148145e-01	   2.6451532862710014e-01	   2.6832707678571871e-01	   2.2395610966443250e-01	   2.5234821895260418e-01	   1.1304229336628727e-01	   4.8158218297564070e-01	   4.1293585196845295e-01	   8.8093143431212870e-02	   1.4666978073332476e-01	   5.0289130918373404e-01	   5.2699032543832280e-01	   4.6000432967689348e-01	   3.8883889806696276e-01	   4.5623282211262051e-01	   3.5535398293829412e-01	   7.2308151668150730e-02	  -1.7057908055830281e-02	   5.2472529898814813e-01	   3.8222745930016794e-01	   5.3457196685235697e-01	   5.6411999124044032e-01	   4.4572012418754076e-01	   6.4057625263118501e-01	   8.8552598467348295e-02	   5.1786324149149063e-02	   3.0708625982384852e-01	   1.1868386018038002e-01	   4.1966965894518943e-01	   6.1419448759520112e-01	   5.4399897450668022e-01	   6.3928550568134246e-01	   4.5079997809275496e-01	   4.8458449066604559e-01	   2.9176099163681246e-02	   8.2512050192134770e-02	   2.3093996847523696e-01	   3.4642996704146645e-01	  -4.1065371054716381e-02	   1.2307174074719981e-03	   6.4679966625784277e-02	   3.1989329190615956e-01	   2.6083683592418488e-01	   3.6033985953618460e-02	   7.5999656107065841e-02	  -1.6535270273843300e-01	
   4.9034415294498618e-01	   3.5385041859971367e-01	   3.7043359407376014e-01	   8.0484767179789984e-01	   6.5011369314839185e-01	   6.5476064259092170e-01	   7.1524799603372136e-01	   0.0000000000000000e+00	   3.9060865313964771e-01	   4.8034878602878933e-01	   4.4109126517372421e-01	   7.4930397268117721e-01	   3.1033414507785079e-01	   6.3862234085210634e-01	   2.3439672088694780e-01	   4.5673463421310789e-01	   2.0723639617801548e-01	   2.5613146226310723e-01	   3.2528663171742522e-01	   5.0161482090201792e-01	   3.4591624917762787e-01	   3.2022408497555366e-01	   1.3883213851101714e-01	   4.8809593789452299e-01	   1.8051802212662948e-01	   4.3498637391163419e-01	   2.0787553992635008e-01	   1.5730234869035209e-01	   2.9126738831913557e-01	   4.6840231403541033e-01	   3.4772351612174152e-01	   5.2135620744843791e-01	   6.4079399305271045e-01	   7.2699558599474234e-01	   3.1647170261185403e-01	   4.3696828149113809e-01	  -7.8325542595165561e-03	   7.0364890460812138e-02	   1.4313435979877109e-01	   2.1805908496706933e-01	   1.3003699093879084e-01	   1.4115212410329581e-01	   4.3345073513990673e-01	   3.8789608976570272e-01	   4.5775667985105539e-01	   5.2490720039377736e-01	   4.5381733949505698e-01	   5.2027738037959836e-01	   4.9211978399812306e-01	   4.9100481674292407e-01	   5.1374309484118208e-01	   5.4552339252651449e-01	   5.3631922405943855e-01	   4.7040746545282308e-01	   3.9888256708007053e-01	   3.1945511365465540e-01	   2.4972030297568126e-01	   2.3501293819401659e-01	   5.0141765201675315e-01	   6.2054552032322252e-01	   7.0943942798468984e-01	   7.9033257979688687e-01	   5.9469860830723775e-01	   6.6612739880867400e-01	   2.2458801147382149e-01	   3.7621105802546012e-01	   6.2188858049370244e-01	   6.9688687180415454e-01	   3.4321933990831477e-01	   4.2416089629595777e-01	   1.8089876768001129e-01	   2.7726986211269411e-01	   2.5794805648551650e-01	   3.2681452023658897e-01	   1.4547701997583612e-01	   1.7463234694622895e-01	   3.6567947474911272e-01	   4.3973376012251170e-01	   1.5974355884420327e-01	   2.0669691112010935e-01	   5.1744119881952200e-01	   5.7923455133544488e-01	   4.0194816877868356e-01	   5.2055686641964283e-01	   3.8843847173128321e-01	   4.8991443766611881e-01	  -4.8449255775520075e-02	   1.3973666010399764e-02	   4.4971389380878002e-01	   2.8650941713021710e-01	   6.5794730962843007e-01	   4.6056321850638648e-01	   5.6731283934409804e-01	   3.3416970782893918e-01	   1.4164972038342705e-01	   7.8154812112818162e-02	   3.5668874719137722e-01	   1.7989501806280006e-01	   5.6455424149983324e-01	   5.2511950022680054e-01	   6.0781115993984669e-01	   4.2881864801141800e-01	   4.2515810802287163e-01	   5.0525568765828943e-01	   1.7247958666352226e-01	   1.5756713966290531e-01	   3.6635451681058318e-01	   3.5078080508712517e-01	  -1.0156397967208886e-01	   1.2708490445941964e-01	   1.1300057151538320e-01	   3.2816360420673413e-01	   3.9621459525754255e-01	   1.1688885996807932e-01	   1.8218831871437113e-01	  -3.5007355273774049e-01	
   4.1004217827641015e-01	   6.3031199588411899e-02	   5.9023549650237406e-01	   3.7273354248738672e-01	   7.4019673745844894e-01	   4.1870405114400749e-01	   6.8403706325217151e-01	   3.9060865313964771e-01	   0.0000000000000000e+00	   5.5198289233710385e-01	   4.2799528622991212e-01	   3.6209468751909424e-01	   5.8938408219103477e-01	   2.7657099714974021e-01	   6.7795653020482094e-01	   4.4087431322841653e-01	   8.9518238192447461e-03	   1.4864642302296749e-01	   2.1206404832307846e-01	   1.4376215422353980e-01	   1.1551342926353783e-01	  -2.4095964066273523e-01	   5.9054828426496941e-01	   4.6009004040431151e-01	   2.7062136922900371e-01	   2.6129801357574139e-01	   4.8826753513278348e-01	   4.2974266060644384e-01	   1.8223255396663179e-01	   2.1195358717311114e-01	   3.1872045207896016e-01	   3.6177304110142139e-01	   3.2558236571279708e-01	   2.8466632461204916e-01	   3.8130791169527134e-01	   3.3339776120526038e-01	   4.5080953136952047e-02	   2.7498106979939718e-01	   2.3123380734930332e-01	   3.3888953738217503e-01	   9.1216713641701058e-02	   3.1648842492644776e-02	   1.2592297446807929e-01	   8.9994057990622073e-02	   1.8370269667467157e-01	   1.5836535737960830e-01	   1.0228577531032040e-01	   2.0591434224158911e-01	   1.9902513720019477e-01	   2.5890693753960992e-01	   2.9614972547817908e-01	   2.6493154907584859e-01	   3.4347137942837214e-01	   3.6315444626401233e-01	   3.5108193611234934e-01	   3.3548907596593436e-01	   1.3854178445342566e-01	   1.0474696425524846e-01	   3.8569375806169481e-01	   3.2509819788108629e-01	   5.7411859724780079e-01	   4.6980007635028648e-01	   2.7056357075894361e-01	   2.5709348375299645e-01	   4.7297540570697200e-01	   2.7417336310469620e-01	   3.4798156355035370e-01	   2.6009299111790057e-01	   1.7824844750925845e-01	   1.2181069259999308e-01	   2.1189738755782789e-01	   1.5815958491508109e-01	   9.8299911761865394e-02	   5.1051325600532500e-02	   1.9775700016213954e-03	  -3.2867029409693931e-02	   3.0581381680467612e-01	   1.9383655129680344e-01	   1.5796882889871182e-02	   1.7989604071587353e-01	   3.2749626891057704e-01	   3.7602756001088095e-01	   4.6065929270682293e-01	   2.7227230548471448e-01	   4.8131783095298841e-01	   3.6224483908183169e-01	   3.1420219732219035e-01	   1.6647410514257349e-01	   5.4044970903241429e-01	   4.6567304041904278e-01	   5.1486841530424643e-01	   5.4981945330210680e-01	   4.7101710001893526e-01	   6.8126819067635869e-01	   1.1382030446310143e-01	  -3.3382780937114255e-02	   1.3096111299104596e-01	   4.4519262450611032e-02	   3.3566380935371609e-01	   5.1267922781097663e-01	   3.8015849248866385e-01	   6.3141214188744943e-01	   3.8885843962865974e-01	   3.0520346337847654e-01	   1.3045941483182169e-01	   1.8824656472743034e-01	   3.2448920379008461e-01	   2.5722388286092002e-01	   1.3988008137619443e-02	  -9.4717489884243375e-03	  -5.8135718154142865e-03	   3.1087733605886653e-01	   2.3322994243077366e-01	   1.5119582152460075e-02	   2.0757028367748054e-01	  -1.5069397519054162e-01	
   2.1290641770509888e-01	  -2.4416225651768778e-02	   3.0527229808405276e-01	   5.4563296746888290e-01	   5.3555266590035266e-01	   6.0643848275178769e-01	   3.7878218241312056e-01	   4.8034878602878933e-01	   5.5198289233710385e-01	   0.0000000000000000e+00	   1.5544119773435697e-01	   3.3160126950380420e-01	   2.9029960598606908e-01	   3.4143483926414780e-01	   2.7119383993948670e-01	   5.2621035110390224e-01	  -1.7526751086321346e-01	   3.4714819998579879e-02	  -2.1857481024711561e-02	  -1.1612528928939960e-02	   1.4867015780499931e-01	   7.2032058395903237e-02	   2.4216176291331309e-01	   6.3291963125105100e-01	   3.1894321691844618e-01	   4.5731270262487628e-01	   4.8588416655153932e-01	   4.8236675670790680e-01	  -1.7225342332258903e-01	   7.0330662764821680e-02	  -2.0458801572047040e-02	   1.5210653474612518e-01	   1.1402684470703514e-01	   1.6464741033491881e-01	   4.0472964847376114e-01	   3.6330018627475258e-01	   5.6093974401478230e-02	   3.4777043856996530e-02	   2.7197252492210022e-01	   3.1136503385621744e-01	   7.7553529816245137e-02	  -4.1581500898757999e-02	   1.4699059227996442e-01	   1.6833546380917350e-01	   2.5835507993788742e-01	   3.0904425722002826e-01	   2.3163496270765407e-01	   2.9513688987227948e-01	   2.9094013951743014e-01	   4.4798006176309291e-01	   4.9451060213986670e-01	   5.2060334515547768e-01	   4.4696659099847180e-01	   4.3427097031591089e-01	   4.2546222982420867e-01	   4.3702670494858614e-01	  -1.0300854230856779e-01	  -8.9726759778344475e-02	   5.0084712716099999e-01	   6.7022794043748368e-01	   5.0037005391773326e-01	   7.0233312450015650e-01	   1.6579503536748924e-01	   2.0690578013379271e-01	   5.2869309252005703e-01	   6.1219800117563306e-01	   4.9332210014237410e-01	   4.8217669390738377e-01	   1.6538439552058540e-01	   1.0626766172411645e-01	  -1.7266552154863606e-02	   1.9677171350735470e-01	  -7.4194264217573233e-02	   1.4401764481584722e-01	  -2.0082873218641606e-01	   4.3318586734580514e-02	   1.0156756110108123e-02	   6.6647462808472516e-02	  -1.1363144689271656e-01	   1.7603649931180204e-01	   1.5348156685745240e-01	   4.0931389333631590e-01	   2.9695325692623487e-01	   2.8449542583559045e-01	   5.2765980242633281e-01	   5.8391895605838373e-01	   3.6958539248490363e-01	   2.9720770178448896e-01	   5.8226083009983931e-01	   5.1342823612343480e-01	   6.1142945742452004e-01	   4.2228075395027986e-01	   7.3415321834091096e-01	   5.2443146804044438e-01	  -5.5862171152332111e-03	   4.5825033775575966e-02	   1.8410481349500840e-01	   1.9153973476648206e-01	   4.6782827013249273e-01	   4.5870303075480340e-01	   4.7197033850130143e-01	   4.5861635297386877e-01	   4.9471542421340819e-01	   4.3864865258128138e-01	   4.0446304928118143e-01	   3.1393052743527938e-01	   4.2219284322519290e-01	   3.2489038353328581e-01	  -7.7526230119238121e-02	  -2.9139140584605257e-02	   1.2908297548293679e-01	   2.2829479643847875e-01	   3.7387710164008237e-01	   7.0538307108393913e-02	   3.6216624702014361e-01	  -1.8400255217501227e-01	
   6.4164008003605011e-01	   4.0848529027949965e-01	   3.1346421288096116e-01	   2.5197473754480526e-01	   4.6626679190644288e-01	   3.2352787863236931e-01	   6.7468550020286122e-01	   4.4109126517372421e-01	   4.2799528622991212e-01	   1.5544119773435697e-01	   0.0000000000000000e+00	   6.4718559732038583e-01	   8.2196959594845453e-01	   4.5238318775945119e-01	   4.6051195694445329e-01	   2.6374374254467858e-01	   1.7693773742211588e-01	   1.5914806927487940e-01	   4.8302386422906574e-01	   4.2910379360298956e-01	   2.1999721837286668e-01	   1.7387850883039824e-01	   2.3870786427629620e-01	   9.0369278688932159e-02	  -1.6316505352584915e-02	   1.4917556104444736e-03	   1.6127290511778394e-01	   1.2403204668615747e-01	   4.6857440390830424e-01	   3.3939303352169270e-01	   2.3852716507535238e-01	   3.0690714139242381e-01	   3.3652931741463404e-01	   3.0063708229035768e-01	  -2.9388228018843658e-02	   7.4012287726172327e-02	  -7.8322446720227989e-03	   2.2502660667179689e-01	   8.1097571053502085e-02	   2.5167498757172102e-01	   7.5443744495651902e-02	   2.1975371425892715e-01	   4.2694472024290953e-01	   3.5084954475547492e-01	   4.2849706046534630e-01	   3.5738710176472205e-01	   4.4676858118745055e-01	   4.6521459110872770e-01	   5.0514880882213076e-01	   3.5985371510251191e-01	   3.7135938065063667e-01	   2.9276325300621631e-01	   4.9950059515043216e-01	   4.0844506537392550e-01	   4.6941576247043099e-01	   3.8593075250663839e-01	   4.2073973839201151e-01	   3.0163720115136067e-01	   4.3628127076930334e-01	   2.6468463225440875e-01	   6.3915629271319285e-01	   3.2368896223672833e-01	   3.9287401179405079e-01	   3.7175787699080520e-01	   6.2849211855490250e-02	  -3.6126817315631832e-02	   2.6181660292694292e-01	   2.2494755802649885e-01	   3.3832918411147322e-01	   1.0747642200562366e-01	   4.1982048669304745e-01	   2.9350286791946856e-01	   4.5452451967198837e-01	   2.8770946957473637e-01	   4.5055742623948375e-01	   2.4984457412740418e-01	   4.1609447756192586e-01	   4.1210119996577466e-01	   1.8190503600077174e-01	   1.3758670110254029e-01	   3.3757558964792006e-01	   3.2479660233262708e-01	   3.8132797289065989e-01	   2.9042932299622137e-01	   2.9985021244498988e-01	   1.1170927108652204e-01	  -4.0766638695148912e-02	   1.6957738795308104e-02	   3.1005765751148090e-01	   1.9944579558002185e-01	   2.5905303572649674e-01	   2.1481878940880045e-01	   2.3086793438241569e-02	   2.9976646152098285e-01	   2.4374740541553647e-01	   6.3169567903900478e-02	   3.2115955176507971e-01	   2.5622284743319024e-01	   3.0549380058560383e-01	   4.2535608710166650e-01	   2.8299205742032257e-01	   3.6046640608029396e-01	   1.9639797879944276e-01	   2.4337321456672542e-01	  -1.2244311554956736e-01	  -8.1267615538039989e-02	   7.1349244602448353e-03	   2.8260827540581746e-01	  -1.9970891102788137e-02	  -3.9740710374961567e-02	   6.4686151545474441e-02	   2.3313461899141630e-01	   9.7256173223651377e-02	   9.6362678340401031e-03	   1.9061475465004257e-01	   8.7216899951851889e-03	
   5.3036199559434549e-01	   5.0482897912480529e-01	   1.0571576657177513e-01	   4.0382614088539659e-01	   4.6843469791600234e-01	   5.4420204281346063e-01	   5.9982170892270448e-01	   7.4930397268117721e-01	   3.6209468751909424e-01	   3.3160126950380420e-01	   6.4718559732038583e-01	   0.0000000000000000e+00	   5.2269632011011813e-01	   7.3029365071956742e-01	   3.2417872377987733e-01	   4.2168393872072196e-01	   3.6135154607497144e-01	   4.4444094201684031e-01	   2.9701178877551221e-01	   4.7485428748335479e-01	   2.0821925864714588e-01	   1.8686032209658279e-01	  -1.8610283688482509e-02	   2.0681595008860629e-01	  -1.2377885270086957e-01	   3.4391724381591465e-02	   2.0879510486884474e-02	   2.7709804673720709e-02	   4.6846629714653037e-01	   6.3519116349456606e-01	   1.3556476743457269e-01	   3.2069155301343649e-01	   5.0556806274708321e-01	   5.9470564326887632e-01	  -1.9006769994279853e-02	   1.7805097972905698e-01	   4.8740277753306681e-03	   1.7630291094548839e-01	   1.3706950629793246e-01	   2.3961736804071415e-01	   2.4448874820231109e-01	   2.9114982612192336e-01	   5.5583166611579515e-01	   5.1942170020617651e-01	   5.5260203224770155e-01	   5.3622499547935454e-01	   5.9168972170006762e-01	   5.9362292432556174e-01	   6.3587919969679707e-01	   5.1559779644585713e-01	   5.1812722537450906e-01	   5.0668996475296524e-01	   6.7722468284332127e-01	   5.3081457385082387e-01	   4.4748476109036694e-01	   2.6010666550250722e-01	   3.6120011662701207e-01	   3.2658296262500525e-01	   4.1390095427314744e-01	   3.9947145931904254e-01	   6.3115680156632270e-01	   6.2256748012745344e-01	   5.6053080809797462e-01	   6.2132264183686770e-01	  -5.2163043393631391e-02	   2.7619915366507392e-02	   2.9863211298639641e-01	   4.0247454487463508e-01	   3.1803885118212705e-01	   2.0632644902732220e-01	   3.0057714120310453e-01	   3.3961728828693782e-01	   4.8569817809136662e-01	   5.1000877482201767e-01	   3.6363512579196622e-01	   3.5446871863615048e-01	   4.3580170677246222e-01	   5.2908037703204902e-01	   3.6119593103420489e-01	   3.3668560211025517e-01	   5.5173325401090012e-01	   6.0597904933379576e-01	   3.4832352068183259e-01	   5.1646244514307860e-01	   2.1607253744275279e-01	   3.0057506419491703e-01	  -1.6161019892202144e-01	  -8.9116891509750357e-02	   3.1901216056151471e-01	   1.2833918261606100e-01	   5.0762991734487262e-01	   2.1248271219009979e-01	   2.0791910570854683e-01	   1.1469051018498297e-01	   2.3717789961772603e-01	   1.0706489583144843e-01	   3.9051685123668078e-01	   1.8710723331304602e-01	   5.0593784794657148e-01	   4.3444264691855816e-01	   4.7982727010007409e-01	   2.6451721792086769e-01	   3.2873926816391946e-01	   3.0768486226771063e-01	  -6.4907602727614477e-02	  -5.4356838313925557e-02	   3.4043166105109809e-02	   3.5938390039245993e-01	   3.4768632442335322e-02	   6.8302701731905863e-02	   7.7088018077223097e-02	   3.1111923812193970e-01	   2.9128604499492167e-01	   1.5604710136011729e-01	   2.5027838311289630e-01	  -2.7066214823129020e-01	
   4.9101744099520916e-01	   2.7394429560093486e-01	   3.6472679987738077e-01	   2.0179952942450841e-01	   5.4013906755293417e-01	   2.6440630351501182e-01	   6.1123693668547552e-01	   3.1033414507785079e-01	   5.8938408219103477e-01	   2.9029960598606908e-01	   8.2196959594845453e-01	   5.2269632011011813e-01	   0.0000000000000000e+00	   5.1510640623423332e-01	   7.1552162667814911e-01	   4.1266385265586270e-01	   1.4627459062804868e-01	   1.4981284559317828e-01	   3.4096482136990591e-01	   2.4127425741323960e-01	   2.9210209637046586e-01	   1.6751699105276710e-01	   4.4294233850519060e-01	   2.7634035466219281e-01	   1.5824207639485449e-01	   8.2700232440395705e-02	   3.3500406451032838e-01	   2.6876672263217338e-01	   3.7866186033904120e-01	   2.5755691423060867e-01	   3.3019089197162077e-01	   3.4053670489785826e-01	   2.8507851325700706e-01	   2.3332085464861546e-01	   1.7919463726456630e-01	   1.6085832158914398e-01	   1.3294027019362786e-01	   3.9420228169208593e-01	   2.1528692201568433e-01	   4.6393105696821346e-01	   2.1384141334781268e-01	   2.5501890792262100e-01	   3.1460904127441819e-01	   2.5658095274952908e-01	   3.8175732822399133e-01	   2.8884395141209240e-01	   3.2467070967744177e-01	   4.0257979495386004e-01	   4.0039862908433510e-01	   3.1596749423587128e-01	   3.9313928110704943e-01	   2.9498730968911413e-01	   4.5659538783437759e-01	   4.0144575736688093e-01	   5.8130020726966580e-01	   5.3712424042611695e-01	   3.4214612011267120e-01	   2.6977281628447208e-01	   3.5835307287034518e-01	   2.0033703787878598e-01	   6.0307664777692893e-01	   2.8309012875018330e-01	   3.1063382022238351e-01	   3.0705334122776923e-01	   2.6941748904521251e-01	   1.2404772934090472e-01	   3.0026589023731515e-01	   2.6211781548014135e-01	   3.0685632239521254e-01	   7.4405000172746830e-02	   3.7845791154315583e-01	   4.0437856683697293e-01	   4.3824229394812092e-01	   2.4778213625445167e-01	   3.4310733383173064e-01	   1.5496129860478758e-01	   4.0819225011918492e-01	   4.0524877733780423e-01	   1.2436737673251787e-01	   2.1008357304089337e-01	   3.5056243811204313e-01	   3.8243929998037057e-01	   4.7506215372574656e-01	   3.2050400342117735e-01	   4.8346965161893019e-01	   2.9115461168118473e-01	   2.4237684421568023e-01	   2.2512537863243975e-01	   4.9221929374613699e-01	   4.1117163374410104e-01	   2.9633291834126352e-01	   3.0666103245765475e-01	   2.0620867074559113e-01	   4.3044647933769686e-01	   2.5796182299010811e-01	  -1.2554626558400620e-02	   3.3051190171414391e-01	   3.4140277320642043e-01	   2.9642789591643831e-01	   5.3183953992173627e-01	   3.4272848509663167e-01	   4.1263895666792716e-01	   3.4938581431848903e-01	   1.7713489686421657e-01	   7.2355995941392054e-02	   9.6105962476982221e-03	   1.1941718344187978e-01	   2.6828363654821197e-01	  -9.2488336148094485e-02	  -2.5824346025137921e-02	   2.2277358512039225e-01	   3.1400352675020993e-01	   1.4763850910535892e-01	   5.7866406716876553e-02	   2.9086197953677073e-01	   7.6723769135450129e-03	
