   0.0000000000000000e+00	   8.8030242079875742e-01	   2.9374222260540428e-01	   2.9919745764507460e-01	   2.1185417165652762e-01	   1.7713519065369129e-01	   1.2886999911018543e-01	   2.9823193415777915e-01	   2.2062216513186167e-01	   1.7004290730156524e-01	   7.9465423429658411e-01	   6.1401515628541903e-01	   5.1092480096556947e-01	   4.3699767436600329e-01	   5.6326007494708130e-01	   3.9108905293530816e-01	   6.4195222742995184e-01	   5.9037241812222141e-01	   7.8676074787235339e-01	   7.7140007453694448e-01	   1.7013039385942128e-01	   2.9087886078289754e-01	   3.3143276635727248e-01	   2.8917830752966434e-01	   9.8923329737389598e-02	   2.2594200586005427e-02	   2.4617872985672598e-01	   1.7324925424799945e-01	   5.6592739818767646e-01	   4.5014143759772918e-01	   2.2467905880440348e-01	   2.1762085961197886e-01	   7.0140072553022559e-01	   6.9386453286984606e-01	   1.0663793485752018e-01	   8.6758083982001730e-02	   4.0797707706112230e-01	   3.4451453567285989e-01	   4.2619176276511894e-01	   4.9880842661234065e-01	   5.9295515518751341e-01	   3.4064761090145801e-01	   4.3219211501227822e-01	   3.5831582479713636e-01	   4.1135266107727253e-01	   4.6736369699024277e-01	   4.6368226284790676e-01	   3.9983145108114548e-01	   4.5397770285666283e-01	   4.4539316457796863e-01	   5.0284665976096332e-01	   4.6572583692480340e-01	   5.7251757232069544e-01	   5.5369480843065078e-01	   5.1151588952142235e-01	   5.1285481128508437e-01	   8.2461626478312988e-01	   7.2100956855490816e-01	   6.4410659045660412e-01	   4.8984100437272543e-01	   5.3196692185632255e-01	   3.5297031167696585e-01	   6.4220081970848053e-01	   5.9208611154485680e-01	   1.7229334770769503e-01	   2.1375467555491659e-01	   3.9014030239350894e-01	   3.3520692043670591e-01	   8.0056872000838208e-01	   6.4607810849468250e-01	   1.2283600155107784e-01	  -1.3402438311465326e-01	   2.1283425558962327e-01	   1.6779288996223285e-01	   7.9919383615742481e-02	   3.5870463250323191e-02	  -1.0090555321438235e-02	  -1.7130734340803300e-01	   4.5204384556682481e-01	   4.7133186089192669e-01	   5.8414320277580545e-01	   5.7109752146936898e-01	   6.6083916724748870e-01	   5.4286488643779007e-01	   7.1130142106301975e-01	   6.7136267394302673e-01	   5.0124719249037375e-01	   4.7577613698688381e-01	   5.2987853885059399e-01	   6.0389576752063323e-01	  -1.9988280606648712e-01	  -5.9115343433557593e-02	  -2.4985187542628912e-01	  -6.1025473469055513e-02	   2.9806799910464427e-01	   2.6808988157570324e-01	   3.6856220236904491e-01	   5.0814124126293736e-01	   1.2980326408808615e-01	   2.6067857741082467e-01	  -2.2005559956143655e-02	   1.4497107945880483e-01	   1.1093223120539007e-01	   1.0311503579774677e-01	  -6.4808069529826345e-02	  -2.2022321963465397e-01	   5.2278604429395151e-02	   1.7108701187034026e-01	   1.3502532189649807e-01	   1.9773419599363287e-01	   2.4965884830684221e-01	   1.6855960552248467e-01	   2.2859460039282187e-02	   3.9163865289275834e-01	  -3.9230147483956621e-03	   2.4255511771629695e-01	
   8.8030242079875742e-01	   0.0000000000000000e+00	   8.8234284423263129e-02	   2.4906369362379660e-01	   1.4997374427264337e-01	   1.4474876017894295e-01	   3.2299171404719738e-02	   3.1281850868472599e-01	   1.9411259693757299e-01	   1.1509744608392393e-01	   7.3695650057537843e-01	   7.2930644311009918e-01	   4.6609486477192885e-01	   5.5302757355336007e-01	   5.4115890890190566e-01	   5.1372639317603719e-01	   8.5198004806731231e-01	   8.3328340882549856e-01	   6.1979786120579095e-01	   7.9958693778741430e-01	   2.4418345193214303e-01	   3.5279689931639452e-01	   1.4786667625560196e-01	   1.8493980395579354e-01	  -3.5816860195073345e-02	  -8.3388653421680337e-02	   1.9830623113786860e-01	   1.3940619609366778e-01	   7.6334035045455684e-01	   7.0668425536429447e-01	   1.7980255041480037e-01	   2.0552220526014453e-01	   8.1456167633832699e-01	   8.2743680345716530e-01	   9.8118932069119508e-02	   1.1374049010397139e-01	   3.7336510310492582e-01	   3.1542914553311935e-01	   4.2385175835273226e-01	   5.4741161356680412e-01	   6.0217605507051286e-01	   3.6522212340668514e-01	   4.3759924039107223e-01	   4.0223898895897248e-01	   4.8898983849280486e-01	   6.0777769698913520e-01	   5.5490408514148015e-01	   4.9172734811297236e-01	   5.4889824221809880e-01	   5.1424169609402748e-01	   5.5810622082600381e-01	   5.0346388979643730e-01	   7.0755400828200388e-01	   5.8804447064554100e-01	   6.3545132834338991e-01	   6.0759929427689974e-01	   9.1161623708403527e-01	   9.0881233525831018e-01	   7.1598314378637717e-01	   6.4783605192453364e-01	   5.6034791143045526e-01	   4.8023966965035297e-01	   8.0096258085279259e-01	   8.0925670099621283e-01	   8.9947788545637966e-03	   1.7464873478415344e-01	   4.8628850436787241e-01	   4.8159757174833018e-01	   8.9539701905555669e-01	   8.0986606893719770e-01	   1.6745461512478462e-02	  -1.5238838526314424e-01	   3.0049395366117249e-01	   3.2378448059135367e-01	   1.6336703012775783e-01	   1.2455183713459639e-01	  -1.0193281038870064e-01	  -2.7432042836450693e-01	   6.9744899148061390e-01	   7.3058190655410382e-01	   8.0767393849742275e-01	   7.7245812794698199e-01	   7.8049530499607189e-01	   7.2794662930230902e-01	   7.9777727061549797e-01	   8.1348851395100397e-01	   5.2381944544564130e-01	   4.7533801560245559e-01	   5.7361922492677198e-01	   6.5920277256966242e-01	  -2.1836721870669981e-01	  -1.0945718521586545e-01	  -2.7585410199868787e-01	  -1.5437790991580283e-01	   2.1093234361471239e-01	   2.6545206015791584e-01	   4.7673523378460192e-01	   6.2703731806404583e-01	   2.8228629946137962e-01	   2.4577830602177322e-01	   5.1666337697394149e-03	   1.5639129199125956e-01	   2.3868817296675693e-01	   2.1476836907828500e-01	  -5.3776336811841172e-02	  -2.0024041044659091e-01	   6.9884405895880172e-02	   1.4742110242837980e-01	   1.1557123656200322e-01	   1.4831682230745746e-01	   2.9492626019084844e-01	   2.2617766238146941e-01	   2.6510461752577302e-02	   4.7713770540254336e-01	   2.1596323296574640e-02	   2.0427540982603759e-01	
   2.9374222260540428e-01	   8.8234284423263129e-02	   0.0000000000000000e+00	   7.8920685550676661e-01	   7.3890264043699205e-01	   6.9797359055644925e-01	   8.3569339084193672e-01	   6.6077694906356266e-01	   5.9962280491397491e-01	   7.0114473702851676e-01	   3.8726779068659617e-01	   2.4915754217622860e-01	   6.5752750347818434e-01	   4.1178592979647693e-01	   6.4242763878530540e-01	   4.4162997518627950e-01	  -1.1523560259731511e-01	  -2.2787470068804289e-01	   5.8921526846092553e-01	   4.2977621650695974e-01	   2.1080508364838049e-01	   2.9690202173003488e-01	   9.4524315318494212e-01	   8.8163308936335005e-01	   8.7664373084171410e-01	   8.2853225490613169e-01	   6.6974229782067385e-01	   6.7213178985190714e-01	  -5.3932921038056796e-02	  -1.6971864313704790e-01	   7.7227732676590632e-01	   7.3406560016526790e-01	   2.5495517338075124e-01	   2.2464354008443790e-01	   6.5478309686521419e-01	   5.2564700787962648e-01	   2.5744298720021730e-01	   3.4811019931581888e-01	   1.1712222523110465e-01	   1.6882958362161304e-01	   5.9267579353014077e-02	   6.1774074888476832e-02	   4.5209464334218091e-01	   3.7459452900486256e-01	   3.9471694715735017e-01	   2.3882525869500551e-01	   3.0949008870196754e-01	   3.4625785693991223e-01	   2.8854228350740135e-01	   3.4221968810696823e-01	   4.6776263531436585e-01	   2.4634935012331796e-01	   2.0547217035596446e-01	   3.3556077792948158e-01	   1.8929641948549739e-01	   2.0854463913138788e-01	  -4.0002795178479156e-02	  -9.7202427670383923e-02	   2.4984395932135167e-01	   1.1263431364035817e-01	   3.9449014057973031e-01	   2.6769281014523316e-01	  -3.7906586002226905e-02	  -1.3243876289741882e-01	   8.6667716581018528e-01	   7.1072663999318297e-01	   4.5147309531309132e-01	   3.6215488732555429e-01	   1.3841420004148758e-01	   1.1013360031536053e-01	   5.1702746374014996e-01	   3.7720658956873948e-01	   1.7674716337382057e-01	  -9.4950201553185093e-02	   2.1979822805510760e-01	   7.8088837238023026e-02	   4.5511996083913675e-01	   3.3302341386049295e-01	  -9.5328150668521849e-02	  -5.1466999390476414e-02	   8.9036658930743244e-03	   4.2388330222419467e-02	   3.1704339547720761e-01	   1.0071412590084738e-01	   4.0979943563184612e-01	   2.2778011167089346e-01	   3.4447575245072060e-01	   8.2521250213799718e-02	   5.0607866106486554e-01	   2.5382531273388353e-01	   3.8069030740843329e-01	   3.2073316265904916e-01	   4.0917880983867239e-01	   4.6519476715206276e-01	   6.8075953820454352e-02	   3.5399012113280837e-02	   1.8048056176972443e-01	   5.7542340677054715e-02	   2.7059242363832542e-01	   4.0120710346192295e-01	   3.2182787022143411e-01	   2.4703562303768195e-01	   6.3963603667746394e-02	  -1.6759643741340098e-02	   1.6302372971200668e-01	   1.6532999899508402e-01	   5.9997621637935088e-02	   2.3729725867660950e-01	   9.1749247048900112e-02	   1.8323549496211441e-01	   3.4713159618478751e-01	   3.3217267996271860e-01	   2.4574928145451830e-01	  -8.8203826164763285e-02	   1.5787675318779781e-02	  -5.1740446342425965e-02	
   2.9919745764507460e-01	   2.4906369362379660e-01	   7.8920685550676661e-01	   0.0000000000000000e+00	   6.5777124918346552e-01	   7.5726567985402060e-01	   7.9188726230362116e-01	   9.0672024920059058e-01	   6.1200242721979126e-01	   7.9234940623632766e-01	   3.6441318903757181e-01	   4.4259556206650408e-01	   6.1343272188535258e-01	   5.7360486737920346e-01	   5.9675759395792727e-01	   5.5752150171819781e-01	   1.1730777980697463e-01	   2.4665341322949143e-02	   4.9539393768795492e-01	   5.8335074681033205e-01	   2.2609624717903382e-01	   3.9046033871935804e-01	   7.5529836819719665e-01	   8.6767043463910443e-01	   7.0133997044183094e-01	   7.4980042311971995e-01	   6.1961079522608942e-01	   6.6381898885197699e-01	   1.7916770066323578e-01	   1.0294385136022050e-01	   7.1296345853024690e-01	   7.7327562941489214e-01	   4.5976511226105055e-01	   4.7716814129128565e-01	   6.1838713038140170e-01	   5.8669507694128953e-01	   2.4219322224634435e-01	   3.6834313194038060e-01	   1.5170749608035078e-01	   2.9432617427695740e-01	   1.1904504334780455e-01	   9.7381622889253366e-02	   4.8663970622139963e-01	   4.6697542354709776e-01	   4.5828221516614276e-01	   3.9830725193133076e-01	   4.0674354857785333e-01	   4.7109588064154473e-01	   4.7268968916570808e-01	   5.0881879908880212e-01	   6.1629294713187543e-01	   4.2125862957763438e-01	   3.6132268620265545e-01	   3.8580050824335088e-01	   3.3904740734170125e-01	   3.8786484356395989e-01	   8.1263663783297732e-02	   8.3387994454946934e-02	   4.6258682345149627e-01	   4.1059469174608298e-01	   5.8369235828303734e-01	   6.2662501280767102e-01	   1.2789371700146623e-01	   1.4685664077404778e-01	   7.4380169449068589e-01	   8.6577406433290871e-01	   5.8114901843764855e-01	   5.9761695662036740e-01	   2.6152553039488574e-01	   2.8931956970903439e-01	   4.1494474778409740e-01	   4.1126972508011306e-01	   2.9115663094908606e-01	   9.9252890026364837e-02	   3.3261435718865351e-01	   1.8531741401877488e-01	   4.2529074327906358e-01	   3.6830452712613049e-01	   1.3971373236386800e-01	   1.7587460277876688e-01	   1.7924775312110008e-01	   2.0289336051042936e-01	   4.1811762114052886e-01	   3.0754562292995336e-01	   4.5617936694913452e-01	   3.9597678185457930e-01	   3.8525067930103607e-01	   1.9865823570950683e-01	   6.3258383475332813e-01	   4.0584604612234337e-01	   4.0396619718506716e-01	   2.2550309490461351e-01	   4.9632717728562459e-01	   3.4646201332931953e-01	   6.6261162044479405e-02	   1.0467543711041941e-01	   2.9929697900283370e-01	   2.5209126832998574e-01	   4.7838644620590365e-01	   3.9594173191223525e-01	   4.6843434058047101e-01	   2.5562161476543183e-01	   2.0093966962528764e-01	   8.1033840993580020e-02	   2.3882764782397320e-01	   1.4155660605502965e-01	   1.5010609555035029e-01	   3.4431443041990412e-01	   1.1040620683827582e-01	   2.5995762665431765e-01	   4.3714536228228051e-01	   3.3532207114344093e-01	   2.7485934789661581e-01	  -9.2565738772871567e-03	   4.6373058743293935e-02	  -4.4228351436195940e-02	
   2.1185417165652762e-01	   1.4997374427264337e-01	   7.3890264043699205e-01	   6.5777124918346552e-01	   0.0000000000000000e+00	   7.9527021403297515e-01	   7.7993013334217298e-01	   6.3958623806103199e-01	   7.8450631442919994e-01	   7.0434642797944125e-01	   1.1393483075848729e-01	   2.4447524862753017e-01	   4.9506534436030608e-01	   2.7924424265807518e-01	   5.7864187347846663e-01	   4.6646264764334772e-01	  -3.4885392001485951e-02	  -4.9171180157262608e-02	   3.5814427008690514e-01	   4.1168654543492322e-01	   5.2208074198507770e-01	   5.7912019360212841e-01	   7.1091763288366816e-01	   7.0520226961947108e-01	   8.2044465149430557e-01	   8.3051402292447585e-01	   7.6689228519387120e-01	   6.9497682873212163e-01	   3.4732964645902156e-02	   4.6949718304157513e-02	   7.8107661771542480e-01	   6.9267625961197088e-01	   3.7017234318963071e-01	   3.5678204201313118e-01	   6.7521999242854347e-01	   6.0844526869945681e-01	   4.0201341040276944e-01	   4.8757702440091666e-01	   3.1011553780321266e-01	   3.9578764348953027e-01	   7.3385857735148746e-02	   1.9715613728133899e-01	   5.5439801338837824e-01	   4.4679562955932506e-01	   6.2897131359092961e-01	   4.9140909656740062e-01	   5.0720604664614388e-01	   5.1268223785193023e-01	   4.7585087284862826e-01	   4.7142628596767167e-01	   5.4861550468646214e-01	   3.9817463078579002e-01	   4.1946146580309135e-01	   5.2361008333410175e-01	   4.2318386154627591e-01	   4.4838689699461820e-01	   6.4171459675398751e-02	   5.8211467573360355e-02	   3.1930791543283005e-01	   2.7595188858508535e-01	   3.5554517463038754e-01	   3.1268187691921845e-01	   4.2569381206420377e-02	  -1.2080901318296854e-02	   7.1937086508252945e-01	   6.8610662950744450e-01	   6.2853350269840869e-01	   5.8485232337032400e-01	   2.7006525361083378e-01	   3.0565372694413756e-01	   5.3912062114609183e-01	   4.2574584444341934e-01	   1.6635215794139835e-01	  -2.6253537216980078e-03	   2.1940044969505451e-01	   2.2340216914892527e-01	   4.2726376680416567e-01	   3.0165866856909918e-01	  -3.2104721417149304e-03	   1.3859831620055846e-01	   1.6368400661856508e-01	   2.5553643134009951e-01	   4.5394932847565694e-01	   3.5108452811576241e-01	   4.3110449010792118e-01	   3.7585660929102499e-01	   5.0057332355105810e-01	   2.5254673722483606e-01	   6.1274828855666219e-01	   4.2632537661798275e-01	   5.3309047827596689e-01	   4.6152865855340552e-01	   5.2642628431800886e-01	   5.8912699089062182e-01	   6.8126936788188042e-02	   5.5195157359221814e-02	   4.2677630061875999e-01	   2.9395150112034624e-01	   5.7259086183475505e-01	   6.1067100715261091e-01	   4.6746550670421044e-01	   4.0410560427202735e-01	   3.5954657674488533e-01	   2.2501280119918607e-01	   2.7629842178123376e-01	   3.2189833013148150e-01	   2.4317871541549940e-01	   3.9606691939885286e-01	   6.1435317940127007e-02	   2.1664421430548597e-01	   5.5212651938504353e-01	   5.6138628278102254e-01	   4.3670315239156560e-01	   1.6765784430112879e-01	   1.5943828697032478e-01	  -7.2241880864009109e-02	
   1.7713519065369129e-01	   1.4474876017894295e-01	   6.9797359055644925e-01	   7.5726567985402060e-01	   7.9527021403297515e-01	   0.0000000000000000e+00	   7.6093442138958767e-01	   7.7599345631979777e-01	   7.2647675735717843e-01	   9.2287044167412169e-01	   1.6574928605922915e-01	   3.4928333969601388e-01	   5.4036420546792685e-01	   4.7812924598860063e-01	   6.0903618390005698e-01	   5.9453267169681645e-01	  -4.9944863291555624e-03	  -4.8424549609304174e-02	   3.1755089196699782e-01	   4.2392368649452994e-01	   4.6661476222339182e-01	   5.2796977297720804e-01	   6.1234851283208092e-01	   7.0057277009955077e-01	   6.8315259984310206e-01	   7.7449053815525026e-01	   7.2823561354066479e-01	   7.3296114695600645e-01	   8.0833124114630950e-02	   8.5409867200066394e-02	   6.5668519456648711e-01	   6.2416503066593632e-01	   3.2942398982058230e-01	   3.4483236162696368e-01	   6.4786623331449800e-01	   6.1463567196609348e-01	   2.8043752230311231e-01	   3.8970638585822459e-01	   1.8057036082536454e-01	   2.9065906603327535e-01	   1.4805479985506739e-02	   3.4066920238933762e-02	   5.9452262488176255e-01	   4.6255626521938203e-01	   6.4594863924720392e-01	   5.3027694756974197e-01	   4.6486066133831472e-01	   5.3940299626700872e-01	   5.0598190058521220e-01	   5.1874519020058574e-01	   5.4129599139561002e-01	   3.6288974834605497e-01	   3.5313393303891044e-01	   4.9291876435899251e-01	   3.4055021471899105e-01	   3.9629915515251452e-01	  -1.2361437156808578e-02	   2.2250229639289809e-04	   3.7637769148402445e-01	   3.7069838232754948e-01	   4.0281850612965736e-01	   5.1487517977335884e-01	   3.9198580768454963e-02	   5.3721196929384894e-02	   6.7385686719095439e-01	   6.8180217275119293e-01	   6.3396923526909710e-01	   6.4537721191609720e-01	   2.2592202091119884e-01	   3.1268133896644784e-01	   4.7259232256852524e-01	   4.8074379932918299e-01	   1.0471836735803586e-01	  -5.4502547878183871e-02	   2.6583285199168633e-01	   1.7765772450365404e-02	   3.9222990649100764e-01	   3.7609817841697279e-01	   6.6756959622701617e-02	   1.4619294571867281e-01	   1.9784124998816327e-01	   2.5339553040616836e-01	   4.4512291094192347e-01	   3.4499478311907172e-01	   3.9983052945729503e-01	   2.9836712109361169e-01	   3.3313868700174581e-01	   7.7443083786661954e-02	   5.6234593219971984e-01	   3.4896207088339498e-01	   6.3311539893465429e-01	   4.4310954994049678e-01	   6.3971405211028465e-01	   5.4133077204953028e-01	   9.0409131530881977e-03	   8.7499557894146457e-02	   4.0593935538249909e-01	   2.3408294047081590e-01	   6.2625522226711716e-01	   5.4294194926061590e-01	   5.5864629389041620e-01	   3.6585654620069813e-01	   3.4502074531942373e-01	   1.8571151672482372e-01	   2.2493967020147085e-01	   1.6200598019866574e-01	   2.7276307392783772e-01	   4.1046227314312145e-01	   7.6845287185506664e-02	   2.7380158386299402e-01	   5.7458924991378990e-01	   5.9149795618281509e-01	   4.9223147255175209e-01	   2.6576719029725811e-02	   6.3453133086306610e-03	  -2.7327557611710540e-01	
   1.2886999911018543e-01	   3.2299171404719738e-02	   8.3569339084193672e-01	   7.9188726230362116e-01	   7.7993013334217298e-01	   7.6093442138958767e-01	   0.0000000000000000e+00	   8.1062120004790028e-01	   7.3144457108078820e-01	   7.4770214186213368e-01	   1.8162974707616403e-01	   2.7785665889960692e-01	   6.1851047341509302e-01	   4.0410832317297823e-01	   5.4282479592034250e-01	   4.4070018894484025e-01	  -4.0781617048777030e-02	  -1.2752105356557142e-01	   3.7145955114813950e-01	   3.6676991974922191e-01	   2.7119598155822533e-01	   2.8851101529057221e-01	   7.3374452218772035e-01	   7.5769006247724313e-01	   7.9669483574343714e-01	   7.7632321306559338e-01	   5.8070974428974054e-01	   5.5096962026482621e-01	   6.6055166184136510e-02	  -2.5257685720882678e-04	   7.9250189332356635e-01	   7.5536211549200760e-01	   4.0837104905821298e-01	   3.8235153021445545e-01	   7.4181167144655613e-01	   7.0510727625461989e-01	   1.5757308194917818e-01	   3.7410198283748874e-01	   7.7721253138256521e-02	   1.8901780919216477e-01	  -4.4765648840955005e-02	  -9.7564603528218947e-03	   5.1929796784541971e-01	   4.6556009527770337e-01	   5.2357696922505415e-01	   3.9413757556492368e-01	   3.7007913461140185e-01	   4.5892626677406512e-01	   4.0793974015064238e-01	   4.3370537007210741e-01	   4.6065704539287822e-01	   3.2278641070863912e-01	   2.5463701994352705e-01	   3.8162322068163018e-01	   2.1576163569663631e-01	   3.1087742287363734e-01	  -6.1414639950425620e-02	  -7.2491911215403854e-02	   3.8389086299073216e-01	   2.7143837294923551e-01	   5.9072693748687499e-01	   5.4825746532475828e-01	   9.2470819406296131e-02	   2.3381586828887897e-03	   8.2487229123876094e-01	   7.7410130211392414e-01	   6.6125142641578982e-01	   5.9754006261315862e-01	   7.5530642522183014e-02	   1.5597110895304345e-01	   5.1355021595122041e-01	   5.0399101053586493e-01	   2.5723720697982838e-01	   6.9166907182019927e-02	   3.4483842300033779e-01	   2.6362373450192500e-01	   5.7932032680962198e-01	   4.9124913228856482e-01	   1.8836391974145841e-02	   9.1320568694517323e-02	   7.6114156163834948e-02	   1.2758803810264738e-01	   2.7352348892643252e-01	   1.8056906131252429e-01	   3.4664205652019564e-01	   2.6313945513735931e-01	   2.5261051229707504e-01	   1.0375772482238546e-01	   5.3593114882364634e-01	   2.6860017293251259e-01	   4.9969061489815125e-01	   3.7242665787153689e-01	   5.7242829812784923e-01	   5.5985403085235796e-01	   6.2212396302745677e-03	  -1.1650176191844682e-02	   2.4611995901567346e-01	   1.7574162918585057e-01	   4.7227717034946498e-01	   4.9970639895481150e-01	   5.1464309269212416e-01	   4.1220300907571594e-01	   2.7131032843475283e-01	   1.8690570208490062e-01	   3.8808281548558871e-01	   3.4322540040980087e-01	   1.8615505650435180e-01	   3.3797500810953696e-01	   1.3502335953472602e-01	   2.4013409726580684e-01	   4.7996834783063003e-01	   4.4693457012436100e-01	   3.7078875070426121e-01	   5.6069213740659015e-03	   1.6558330089353693e-01	  -5.6866298374401103e-02	
   2.9823193415777915e-01	   3.1281850868472599e-01	   6.6077694906356266e-01	   9.0672024920059058e-01	   6.3958623806103199e-01	   7.7599345631979777e-01	   8.1062120004790028e-01	   0.0000000000000000e+00	   6.4427688351801438e-01	   7.9744933565924825e-01	   3.3639240526068576e-01	   5.4458136982497662e-01	   6.1598748394692460e-01	   6.2610388350878299e-01	   5.6543990556064339e-01	   5.9843589916240703e-01	   2.0890192844988725e-01	   1.3526474363700719e-01	   4.3599501639547256e-01	   5.6010099004919556e-01	   2.6064683345138817e-01	   3.4629743726622531e-01	   6.1115930475208302e-01	   7.4537185870150902e-01	   5.8141847008477709e-01	   6.3204204395904728e-01	   5.0433654907366710e-01	   5.2342777694047182e-01	   2.9494976589741145e-01	   2.4561370169690430e-01	   6.9337742001758573e-01	   7.5715323335960005e-01	   5.6785804694440012e-01	   6.0520094136483016e-01	   6.2693506998847481e-01	   6.5432945988689484e-01	   1.8970681333803857e-01	   3.3958476929806974e-01	   1.5992025895033646e-01	   3.3312228398946120e-01	   1.0032514933689565e-01	   9.1083746091905449e-02	   5.8888581098313664e-01	   5.4675250011496757e-01	   5.7853088759395188e-01	   5.4543438983199555e-01	   5.1314166907825443e-01	   5.7348444216608163e-01	   5.8328657102339865e-01	   6.1455209959266566e-01	   6.4643597799299002e-01	   4.9580659499822521e-01	   4.6080013675407494e-01	   4.7730849884351134e-01	   4.0848825366736063e-01	   4.7606396680531715e-01	   1.4496735117210213e-01	   1.6144757573593832e-01	   5.6964313447540038e-01	   5.5758177575426882e-01	   6.8268612927072625e-01	   7.9673126043120535e-01	   2.6693059534900132e-01	   2.8400581878752162e-01	   6.5375981453893472e-01	   8.1988720324722442e-01	   7.0276923331764707e-01	   7.3970350446126720e-01	   2.6899549049421101e-01	   3.7823518092946679e-01	   3.8401424025601072e-01	   3.7332537927024984e-01	   3.1092029359660689e-01	   1.6233733774746972e-01	   4.0824684807628397e-01	   2.5411260607091396e-01	   4.5490490803665268e-01	   3.6984406031555550e-01	   2.2042223357583107e-01	   2.7363033186563529e-01	   2.7459334706752137e-01	   2.9724729295975760e-01	   4.6195994908137483e-01	   3.9469609788817739e-01	   4.7548861498083828e-01	   4.6441303730993172e-01	   3.4866098189867756e-01	   2.1103978173252705e-01	   6.0974521322715225e-01	   4.2459546536295967e-01	   4.0958078146577437e-01	   2.1939892042212927e-01	   5.0419034417235786e-01	   3.2184447646312486e-01	   8.3368357734793161e-03	   4.1000284352057242e-02	   3.8524509766824122e-01	   3.3285978213387202e-01	   5.7122223992849663e-01	   4.6254377890866250e-01	   5.2660297967639003e-01	   3.5436107642193981e-01	   3.0135563450204750e-01	   1.9588262530521283e-01	   2.8299332404258998e-01	   1.5497370231296370e-01	   1.7085683456494094e-01	   3.5388339788277923e-01	   1.0420847837657936e-01	   2.4048195180586923e-01	   5.1195503303549672e-01	   4.0274463211306055e-01	   3.6339030077676360e-01	   6.1252024536567737e-02	   6.3158197348103420e-02	  -6.5451576534372002e-02	
   2.2062216513186167e-01	   1.9411259693757299e-01	   5.9962280491397491e-01	   6.1200242721979126e-01	   7.8450631442919994e-01	   7.2647675735717843e-01	   7.3144457108078820e-01	   6.4427688351801438e-01	   0.0000000000000000e+00	   7.3880694349441312e-01	   2.1581671527782842e-01	   4.4087142466579371e-01	   6.5073288486997105e-01	   4.2187688581810262e-01	   6.4357648293615932e-01	   5.1006449151219813e-01	   1.5343589659799312e-01	   1.0710987988530526e-01	   1.9515391905599461e-01	   2.6242550400577258e-01	   4.5316289884055649e-01	   4.4122786099130723e-01	   5.4109612145982511e-01	   6.0402596615453752e-01	   5.9167318821474391e-01	   5.9856252293424195e-01	   6.1865098830400822e-01	   4.8795322760850346e-01	   1.8830218194242476e-01	   2.0322596718658331e-01	   6.3912415945997003e-01	   5.8878148744953895e-01	   4.3921644902627621e-01	   3.9790515340471044e-01	   6.0221579730578267e-01	   5.8383526592912571e-01	   4.3849594590623547e-01	   4.3452607832089846e-01	   3.7716394391566660e-01	   3.4621631564570998e-01	   1.5920162983495947e-01	   1.9022589628753506e-01	   7.0340746839515544e-01	   6.6426405201328698e-01	   6.2555005638617345e-01	   5.4513530768885798e-01	   6.5728393812929720e-01	   6.8859592707553563e-01	   6.4518020068867932e-01	   6.8049118361318417e-01	   6.6299245841503640e-01	   6.1754520288370385e-01	   5.3467121601365997e-01	   6.4822434390220474e-01	   4.8030643030621817e-01	   5.0658289941611512e-01	   1.4173308939399468e-01	   1.2146252365887054e-01	   5.1784169792600410e-01	   4.9942897680057052e-01	   6.1420848527762328e-01	   5.3146013428143180e-01	   2.6049843645961640e-01	   1.8160363258030388e-01	   5.7267436711782904e-01	   6.0387041229830307e-01	   6.6431393438189246e-01	   6.4496264712406726e-01	   2.1670758270265622e-01	   3.0200266089804834e-01	   4.3264401379530981e-01	   4.9607622574205812e-01	   2.1124464474035587e-01	   9.2300568749113091e-02	   3.2341503694055967e-01	   2.7876416026800976e-01	   4.5584517084452258e-01	   3.9043676627753304e-01	   1.4623551583489139e-01	   2.7207635379538286e-01	   2.8986353829160966e-01	   3.4238997074581984e-01	   4.6633156509287577e-01	   3.9797101948241592e-01	   4.5989120376341042e-01	   4.1164016726007824e-01	   4.2823737786321070e-01	   2.2108863634525611e-01	   5.9040555618912482e-01	   3.8488511736545172e-01	   4.7202036810063286e-01	   3.0576769316541719e-01	   4.8304162348840640e-01	   4.1966471227461261e-01	   4.2909139186521367e-02	   1.3797972174171103e-01	   4.2926004263690376e-01	   3.8087540622757560e-01	   6.4656972779428834e-01	   5.9929026289540888e-01	   5.8022825994941751e-01	   4.9324870548059369e-01	   4.9897314835289913e-01	   4.1409370671854545e-01	   5.2084329677674368e-01	   4.4705255553596823e-01	   3.7305134800190165e-01	   3.9599528994931099e-01	   1.3145420574564706e-01	   3.1472394898511058e-01	   6.0003827942119337e-01	   5.7765968440003412e-01	   4.0402809785137461e-01	   2.5696968368401868e-01	   3.3148958254156830e-01	  -3.2545655546817591e-02	
   1.7004290730156524e-01	   1.1509744608392393e-01	   7.0114473702851676e-01	   7.9234940623632766e-01	   7.0434642797944125e-01	   9.2287044167412169e-01	   7.4770214186213368e-01	   7.9744933565924825e-01	   7.3880694349441312e-01	   0.0000000000000000e+00	   2.4094155111579701e-01	   3.8623134543525689e-01	   5.8024237302538761e-01	   5.5267560019155315e-01	   5.7366857555713335e-01	   5.8040718202877295e-01	  -2.2386011326453927e-03	  -8.4651010957483286e-02	   2.8615319441454967e-01	   3.4945135984762887e-01	   3.2418761651523137e-01	   4.1786631134814223e-01	   6.2383064432703350e-01	   7.2381916547854064e-01	   6.4436654232737056e-01	   7.2430788276422375e-01	   6.8542076289075204e-01	   6.5953404798042659e-01	   6.8291606682996372e-02	   1.2985993715997431e-02	   5.9056922760872177e-01	   5.9208502072901636e-01	   2.7340623968956901e-01	   2.9053829856336222e-01	   6.0300065732342412e-01	   5.7197422198312520e-01	   2.9897644622955921e-01	   2.8773508229585143e-01	   1.2513839929495912e-01	   1.7144922677794838e-01	  -2.4278810222916128e-02	  -2.6263508194183001e-03	   5.3942684613385017e-01	   4.2875436047263404e-01	   5.0725508841314781e-01	   3.8428311110269481e-01	   4.0033277796828731e-01	   4.8740158066820738e-01	   4.3450511420791560e-01	   4.6611913833391039e-01	   5.1177454247378384e-01	   3.0974476715664656e-01	   2.6141952221310882e-01	   4.2879123883760428e-01	   2.2017119494011356e-01	   2.8325083768496628e-01	  -3.5853645373225530e-02	  -4.7075842080398042e-02	   3.5811802669674941e-01	   3.5131913472802290e-01	   4.5135147403731690e-01	   5.4660315880560018e-01	   4.1204713049281881e-02	   6.3373766098532486e-02	   6.6468808048087891e-01	   7.1544638576607522e-01	   5.6619825775525934e-01	   5.8876371491038493e-01	   1.5380697826440343e-01	   2.5839135207133096e-01	   4.1048452547695158e-01	   4.4133313695499088e-01	   6.2268264963554878e-02	  -1.1137467250383398e-01	   2.1942112346778156e-01	  -2.3983164474500135e-02	   3.3168706650116886e-01	   4.0190929102419282e-01	   6.5858830918142486e-02	   1.1313532563761872e-01	   1.7089614957214277e-01	   1.9964399328169252e-01	   3.5714261624511462e-01	   2.7031016082244097e-01	   3.8751749668070012e-01	   2.4763837195688726e-01	   2.1282111217068003e-01	   1.7766691697376231e-02	   4.9456904616206021e-01	   2.4873060159914678e-01	   6.0744405326443540e-01	   3.9636634258038306e-01	   6.3870655048827008e-01	   4.8626087528516243e-01	   1.2094646289937651e-02	   9.5628285748631123e-02	   3.0247045357913038e-01	   1.5249074697257631e-01	   5.3281036918481606e-01	   4.5945165333016286e-01	   5.1821342176778473e-01	   3.7244326056992488e-01	   2.7895179046647900e-01	   1.7802241204358460e-01	   2.4942186595062804e-01	   1.8903973815639069e-01	   2.7645688758383746e-01	   3.8892659314709094e-01	   1.3450834894344083e-01	   2.6955031413453479e-01	   4.8493622015617233e-01	   4.7508168304503196e-01	   4.4411882072695247e-01	  -8.8317935195503707e-03	   1.5514539487872226e-02	  -2.1194011738680779e-01	
   7.9465423429658411e-01	   7.3695650057537843e-01	   3.8726779068659617e-01	   3.6441318903757181e-01	   1.1393483075848729e-01	   1.6574928605922915e-01	   1.8162974707616403e-01	   3.3639240526068576e-01	   2.1581671527782842e-01	   2.4094155111579701e-01	   0.0000000000000000e+00	   7.5762076205096007e-01	   7.3845960487562423e-01	   7.2085061394205530e-01	   6.5446671762635011e-01	   5.2499821532757296e-01	   6.2412867879041745e-01	   4.9411202399945420e-01	   7.0243015287990029e-01	   6.0662270297409981e-01	   4.8019855697858882e-02	   1.3099090587525877e-01	   4.2336573103525604e-01	   3.9888903319733210e-01	   1.3693444185453835e-01	   5.5731493042144892e-02	   2.3352888389496673e-01	   1.5498602897639913e-01	   5.8581577078637892e-01	   3.8320409202550049e-01	   2.5546264997810408e-01	   2.9895386033701699e-01	   5.5830026773412289e-01	   5.3426183525048432e-01	   1.6421966986202191e-01	   6.7001648451822451e-02	   2.1836779629731751e-01	   9.2256275902512036e-02	   2.0443893998617149e-01	   2.3098996647603737e-01	   5.2568393944095915e-01	   1.6170684668757659e-01	   4.3862777205116182e-01	   4.1652096951681239e-01	   2.7290622435611922e-01	   3.2062908211868324e-01	   4.2893940518508633e-01	   3.7983363955445598e-01	   3.8574060604870475e-01	   3.9502691761808012e-01	   4.9370605339031848e-01	   3.7197763558218355e-01	   4.0909968334905167e-01	   4.0806945201824441e-01	   3.3533572302217679e-01	   2.7849598070881415e-01	   6.0206947870304928e-01	   5.4123086075943039e-01	   5.4252733574228074e-01	   4.1212671673999951e-01	   5.6355858338335030e-01	   4.0101918917633278e-01	   6.6554466658758615e-01	   5.9193391989142730e-01	   2.1427877553304706e-01	   2.2975273874825133e-01	   3.1022948363681735e-01	   2.4748089861912798e-01	   5.9392587113710194e-01	   4.6235278187689588e-01	   1.1348560652214311e-01	  -9.7807875427916760e-02	   2.8637926616983811e-01	   1.7041672428045707e-01	   2.1729682931644007e-01	   1.5610826062817055e-02	  -3.2308057976247327e-02	  -1.4465046122087158e-01	   4.9892728228823030e-01	   4.1060663944930337e-01	   5.7145628040080687e-01	   4.5809639183479778e-01	   5.8241158046482444e-01	   3.8849824025960356e-01	   7.2405277938055279e-01	   5.6708947638348861e-01	   3.3596133795242300e-01	   1.9749653376260751e-01	   3.6973975590038122e-01	   3.3316737715304873e-01	  -2.3700462231743263e-01	  -2.1038720341477851e-01	  -2.3513690836964010e-01	  -1.8309823745343390e-01	   2.2831776515238866e-01	   3.0356103728974559e-01	   1.9016570091602170e-01	   2.8754084408741959e-01	   4.3065910021253304e-02	   9.9449117318829675e-02	  -5.1381280514301575e-02	   5.0763167416253377e-02	  -2.0126782698576241e-02	  -1.6215956737771493e-02	  -8.9305017851715601e-02	  -2.1600771697320936e-01	  -5.4865661577724767e-02	  -4.8717179000978723e-03	   2.3834970867541275e-01	   1.3683580474686974e-01	   1.1071479814236584e-01	   6.3462883163265663e-02	  -7.1057306531287112e-02	   1.5833263881188828e-01	  -5.8875787748715568e-02	   2.4503931313152688e-01	
   6.1401515628541903e-01	   7.2930644311009918e-01	   2.4915754217622860e-01	   4.4259556206650408e-01	   2.4447524862753017e-01	   3.4928333969601388e-01	   2.7785665889960692e-01	   5.4458136982497662e-01	   4.4087142466579371e-01	   3.8623134543525689e-01	   7.5762076205096007e-01	   0.0000000000000000e+00	   7.6637816886092891e-01	   8.2751651439137786e-01	   6.3984868101334269e-01	   7.0574342686479052e-01	   7.0224622603211884e-01	   6.3685651732421067e-01	   4.1155690178259330e-01	   5.6115109899456295e-01	   1.9446969272473769e-01	   2.7315222623684349e-01	   2.4853395434824710e-01	   3.8710643967781877e-01	   7.1002280361652931e-02	   7.5676599531455821e-02	   2.3356284584840870e-01	   1.2919334070995159e-01	   6.8153792970673988e-01	   6.2780595617497337e-01	   3.0148485477657411e-01	   3.7804548553270800e-01	   6.8573891132488352e-01	   6.9151799107501544e-01	   3.3724204795021367e-01	   3.2434682503946743e-01	   2.8919108972817320e-01	   2.0485298633486992e-01	   2.8889301604706863e-01	   3.8670030681534528e-01	   5.3366605500485531e-01	   2.0447402202222142e-01	   5.9753453989373051e-01	   5.8062057781568743e-01	   5.2768896877922944e-01	   6.0935204904817053e-01	   6.2559676224680005e-01	   5.6470004989149469e-01	   6.1618189834396375e-01	   6.0308856864748017e-01	   6.2648795546333402e-01	   5.5161504598715072e-01	   5.9158823372125091e-01	   5.2605456984088717e-01	   5.2495529613773551e-01	   4.4507685368350558e-01	   5.7009671529752681e-01	   5.4777076462774987e-01	   6.4198787670010637e-01	   6.1113056352499862e-01	   6.8475807149295731e-01	   7.0170832970463914e-01	   7.7699782138609486e-01	   7.5412202167556608e-01	   2.1090508442818273e-01	   4.0248504676406671e-01	   5.2038382555070439e-01	   5.5889533367645972e-01	   5.5233472065478861e-01	   5.0605558240267035e-01	   1.1626187097769719e-01	   1.0084932650539191e-01	   3.1412927556429143e-01	   3.1597631085052957e-01	   3.3821658598733978e-01	   1.9788998880784436e-01	   7.4318417390322133e-02	  -1.5766826255329984e-02	   6.6325081974731070e-01	   6.3942124420169844e-01	   7.6870567376349230e-01	   6.9640980345228043e-01	   6.7821813436361733e-01	   5.8941504285124835e-01	   7.7522170144072722e-01	   7.2385122179259931e-01	   3.8509815656948349e-01	   2.3405977054461963e-01	   5.2950380628799720e-01	   3.8393704234007497e-01	  -7.2454686919105837e-02	  -2.5159878976575661e-01	  -4.3879981115314187e-02	  -1.7768262893380046e-01	   1.5900388782833344e-01	   3.4084001598183739e-01	   3.9424037247746074e-01	   4.6794660497150165e-01	   3.4017601089771399e-01	   1.9383683954950126e-01	   1.5612631687807318e-01	   1.1548937124813603e-01	   1.7163715134850455e-01	   9.9531578315328842e-02	   8.1493166192910693e-02	  -1.3223118157245667e-01	   8.0986673918777133e-02	   7.0682576569935669e-03	   2.8397271288455173e-01	   3.0649876102503110e-01	   3.1769756539747823e-01	   2.8093014503781466e-01	   6.9895963017946844e-02	   1.7918559236658133e-01	   1.8927144958110591e-02	   1.9444548525703170e-01	
   5.1092480096556947e-01	   4.6609486477192885e-01	   6.5752750347818434e-01	   6.1343272188535258e-01	   4.9506534436030608e-01	   5.4036420546792685e-01	   6.1851047341509302e-01	   6.1598748394692460e-01	   6.5073288486997105e-01	   5.8024237302538761e-01	   7.3845960487562423e-01	   7.6637816886092891e-01	   0.0000000000000000e+00	   8.0312880830802436e-01	   8.2854931372186646e-01	   7.3778678787085750e-01	   4.0470009842077698e-01	   2.8721231110418699e-01	   5.1585240171813052e-01	   4.7920701158200607e-01	   2.0044991358547087e-01	   2.5237070723424532e-01	   6.1723294941196838e-01	   6.6757658679751553e-01	   4.6230046763264432e-01	   4.2403355582391311e-01	   4.8428018947204582e-01	   3.5653343199316945e-01	   4.3264527834302480e-01	   3.3203447255888691e-01	   5.1950868642575143e-01	   5.5447718221650932e-01	   5.1980260550793445e-01	   4.8549838808237944e-01	   4.9143341463925988e-01	   4.0342987078049908e-01	   3.2984698050450201e-01	   2.7022349983062238e-01	   2.5522613450671672e-01	   2.9087559819431674e-01	   4.5097686683159977e-01	   1.3724507353790744e-01	   6.0785612949968093e-01	   5.9471199017890963e-01	   4.5453687445408431e-01	   4.3123446512079766e-01	   5.5326572778251304e-01	   5.3286724273053654e-01	   5.2042578022128894e-01	   5.3982570613472325e-01	   6.2420391942799647e-01	   4.7149527731175706e-01	   4.5962218252161657e-01	   5.2309793326589815e-01	   4.1462678989363499e-01	   3.8242898918685508e-01	   3.1625997974605163e-01	   2.5764416692203801e-01	   5.2355771151878661e-01	   4.1711950583089064e-01	   7.0787324719934186e-01	   5.5291914400895970e-01	   5.4271253106220363e-01	   4.0704220388356976e-01	   5.4658112208321086e-01	   5.4673764793856483e-01	   5.1028136174558880e-01	   4.6281711531151304e-01	   3.7167588509433247e-01	   2.9907498527260601e-01	   3.4056924349631107e-01	   2.8936553882781046e-01	   3.4397380367214558e-01	   1.8703869872585990e-01	   3.8451547116048934e-01	   2.1201793989139792e-01	   3.1941713547982453e-01	   2.0843267946191602e-01	   3.7620886165688744e-01	   3.9197780832174062e-01	   4.8193331339400763e-01	   4.4799217684136849e-01	   5.7877387034320782e-01	   3.9334218581192559e-01	   7.1178676992088774e-01	   5.5329949940991230e-01	   4.2507479432439987e-01	   2.1248236275817961e-01	   5.8952637009017217e-01	   3.3309231920896110e-01	   1.9006374762175240e-01	   4.8381080209072232e-02	   2.3883868440397182e-01	   1.8418789473175939e-01	   1.5404423335434719e-01	   2.2848969841571407e-01	   2.7799692335706822e-01	   2.7666467238982217e-01	   3.5135351384653379e-01	   3.6201128193960086e-01	   3.1243290137280744e-01	   2.3710687792359236e-01	   1.7367169582535014e-01	   1.0855075147386030e-01	   2.0036837207522634e-01	   8.7777833569914476e-02	   1.4903862704749846e-01	   8.9263656416495710e-02	   2.3189537418459027e-01	   2.5568261164653905e-01	   3.2801674109091000e-01	   3.3915476396337568e-01	   1.9291841512146973e-01	   1.3382599746576090e-01	   1.5389959012922413e-01	   1.1207729732442100e-01	
