   0.0000000000000000e+00	   7.8650776624424268e-01	   2.1996713127752515e-01	   1.1830888257682659e-01	  -7.5967549362848025e-02	   4.4455843487349071e-03	   1.9480800130148485e-01	   1.5884734815099982e-01	  -1.6556312412262980e-01	  -1.3710564651840501e-01	   3.3590668042758376e-01	   2.7467425927399980e-01	  -1.5005185291996553e-02	  -9.6454507963544045e-02	  -1.3791793344596956e-01	  -5.5827430116203017e-02	   5.8255387165417427e-01	   5.8432068009294491e-01	   4.6322968785123519e-01	   3.5565560822234477e-01	  -1.9143660550887027e-02	   1.9380890709174214e-01	  -8.1052758289583443e-02	  -1.0556591844488755e-01	  -3.5057834682469223e-02	   1.1845449720669830e-02	  -6.8295100499532486e-03	   1.9489462850790715e-02	   5.0545464296945608e-01	   4.8339178098649283e-01	   4.4382910792325515e-02	  -9.6017695778998990e-02	   3.0881151003778656e-01	   1.6462109736270028e-01	  -7.0371999464318227e-02	   3.9214886817701869e-02	   6.6348988583920895e-02	   1.5251280674398868e-01	   1.8859141157885179e-01	   2.5290789578128137e-01	   3.2115216506310640e-01	   4.7689833629760225e-01	   1.4527226491391859e-01	   1.7734463607960615e-01	   2.7657557685734979e-01	   3.0407440907691308e-01	   1.2674568761295699e-01	   2.4720287901182278e-01	   3.7617912945319681e-01	   2.4404236975265226e-01	   3.0347884423444388e-01	   2.4031678148075775e-01	   5.0456168960627501e-01	   4.1701352961736138e-01	   4.6085908354815680e-01	   3.1908532716843896e-01	   8.5769196515946333e-01	   5.9908560546731826e-01	   2.7318572602334795e-01	   2.7346411384636921e-01	   2.7617737958103938e-01	   7.8266827087449489e-02	   3.9612548253793223e-01	   2.5721478859744373e-01	  -1.8320630201985008e-01	  -1.8160421468338100e-01	   1.8217956498250704e-01	   1.7967410005996814e-01	   3.5743180585659090e-01	   2.8189160527013382e-02	   4.4681787273548393e-02	   1.4954292036155520e-01	   6.0871983254322670e-01	   6.5484069574064985e-01	   5.9279644202188464e-01	   5.0540348376633881e-01	   4.4004610890444490e-01	   3.5383608874205047e-01	   5.5579880756085820e-01	   4.2181906533669555e-01	   2.9266616311821853e-01	   2.6519815715090467e-01	   1.1859519816084006e-01	   4.7860727363029565e-01	   1.1172209805288932e-01	   1.8870780838132911e-01	   5.0752481449982423e-01	   2.4346867403051597e-01	   3.4058949538904082e-01	   3.1940061899677952e-01	   3.2448730218531124e-01	   6.2163639638916954e-02	  -5.3189538960603786e-02	  -1.5096618379938201e-01	  -1.3865363886695346e-02	   7.9393275494911444e-02	   1.8561040607733292e-01	   2.8842731584238124e-01	   5.1780180580054447e-01	   4.5681019765011727e-01	   6.9271825238365281e-02	  -7.9780610009113462e-02	   3.1222259903063720e-01	   1.7718713080021486e-01	   2.6545229285424682e-01	   1.5534618060735458e-01	   3.4274646339351272e-01	   2.2080511457059177e-01	  -1.1770019500793895e-01	   4.7850560384523358e-02	   3.4085130299448124e-01	   2.5176421459970499e-01	   1.8123609967911108e-01	   1.5700741511786026e-01	   1.7141308113807421e-01	   2.5603464782950136e-01	
   7.8650776624424268e-01	   0.0000000000000000e+00	   3.2609853774607794e-01	   2.4545052267271039e-01	   3.6710933464361634e-02	   6.5007891049728303e-02	   2.4404765609634646e-01	   1.9028848566224299e-01	   3.6588542061842991e-02	   1.7013518322020308e-02	   3.7433333691754495e-01	   4.2588410837331125e-01	   1.6277416266715400e-01	   9.0051814740431543e-02	   5.9842704157580827e-02	   1.3167289796734546e-01	   4.6953130377729557e-01	   5.4921570396727992e-01	   4.9603620622055172e-01	   4.6951789565550506e-01	   6.9975911614678657e-02	   2.0303513190373601e-01	   1.0748485250612630e-01	   6.9751480551507844e-02	   1.1587445539886124e-01	   1.0872962649915795e-01	   1.0033967110409572e-01	   1.1451804259826365e-01	   4.1967213774997292e-01	   4.0486585884419174e-01	   1.3216129135110519e-01	   1.6212173082346848e-02	   3.1328135163946519e-01	   2.7807420647803360e-01	   5.4321619213283406e-02	   9.2338483572407426e-02	   2.3361086372132196e-02	   1.1002387146400189e-01	   1.6022855256343618e-01	   2.3298747686799257e-01	   3.0993225829744886e-01	   5.1808642680738537e-01	   1.6356224602390040e-01	   1.7613031899806858e-01	   3.1743741447667340e-01	   3.8105019399515500e-01	   1.2507973648324605e-01	   2.2704698541831034e-01	   4.5600886523197881e-01	   3.4427174851640063e-01	   4.1649345020511264e-01	   3.4234702946831463e-01	   5.2303623790742415e-01	   4.7568789180381982e-01	   4.6776595688557443e-01	   3.8574005846759796e-01	   7.2509622333109314e-01	   6.2196553675626542e-01	   4.1699086061415253e-01	   4.1555659280247853e-01	   3.4604615002951539e-01	   1.8217420204142434e-01	   3.9449716653521494e-01	   3.2480691125345595e-01	  -7.7785618499706614e-03	  -2.7766103910098840e-02	   2.7104276242424158e-01	   2.6974950625944916e-01	   4.2817390277757661e-01	   1.8808511914644721e-01	   2.6586252110176201e-01	   2.2780093948493685e-01	   6.4203192858075231e-01	   6.2797187292668244e-01	   5.7802196407966822e-01	   4.8184655877642768e-01	   4.5446332234749742e-01	   3.0847292389315811e-01	   3.2879463218556471e-01	   3.6365618838747393e-01	   2.4565390172668283e-01	   3.5462840398780343e-01	   1.9325558375798452e-01	   4.8469523750208909e-01	   2.7304368842447002e-01	   2.9637584730562155e-01	   4.7850819643675846e-01	   3.3491035489764176e-01	   4.9698780430655459e-01	   4.7201089562040460e-01	   3.1727459753779014e-01	   1.7007987728567581e-01	   3.8219582388837950e-02	   7.5032302223274824e-03	   1.2495685815476608e-02	   1.4230036402093424e-01	   1.0810193318130740e-01	   2.7999505151106358e-01	   4.6409824010555956e-01	   4.1854937034942002e-01	   1.6813720957394607e-01	   5.9281798422826826e-02	   3.3171313502435251e-01	   2.4088714127787916e-01	   3.0263030499938864e-01	   2.0675907058708279e-01	   3.4199100158879830e-01	   1.9171205762236534e-01	  -3.7549716095994168e-02	   1.1176717117632755e-01	   3.1659180478399229e-01	   2.1655473484839888e-01	   2.0252177890937748e-01	   2.1961112179937270e-01	   2.5237472547543532e-01	   1.2536656474314323e-01	
   2.1996713127752515e-01	   3.2609853774607794e-01	   0.0000000000000000e+00	   6.7734261237967064e-01	   5.6697675865880404e-01	   3.5798089257924437e-01	   7.3723110390138713e-01	   4.9011212479104699e-01	   5.1538200311563420e-01	   3.3946829310173376e-01	   2.6043507051019654e-01	   3.8208826305087373e-01	   3.7637535624726659e-01	   4.0834454116084806e-01	   4.4990110040469200e-01	   4.1292380698740100e-01	   8.1917134613161635e-02	   1.0667004020414179e-01	   5.9664535282943865e-01	   5.6661172095700973e-01	   1.0116527312561222e-01	   1.0364340098348072e-01	   6.3962219428882483e-01	   5.1228199850264011e-01	   4.4367209850958711e-01	   4.7832086615316405e-01	   1.7688840803258069e-01	   1.4788485660963846e-01	   2.1164384495143862e-01	   2.5664673709058117e-01	   6.9632023273389954e-01	   6.7983923130394874e-01	   5.6617531638868945e-01	   6.5352949439147334e-01	   4.3465565275841211e-01	   4.1143399603466113e-01	   7.7686560791295795e-02	  -1.5567409769935620e-01	   2.3301849586534357e-01	   1.2053055119115122e-01	   2.1671384655778686e-01	  -4.0829222451657390e-02	   1.6182061170335446e-01	   5.1678395289877263e-02	   2.5208471716342162e-01	   2.0385680707276826e-01	   1.2833591964912905e-01	   1.3574388289166470e-01	   2.1007937526584125e-01	   2.1617129393638229e-01	   2.5201660662856240e-01	   2.7515007847977047e-01	   8.0215277723273623e-02	   1.4185884924458650e-01	   3.5351779443619613e-01	   2.2663419552419728e-01	   1.4403990313900628e-01	   1.4348119966178510e-01	   5.2234170678942915e-01	   3.4203441732784801e-01	   3.1526806845468780e-01	   1.8249881348239333e-01	   8.3299615731516494e-02	  -5.7604097677201940e-02	   5.2845564789404520e-01	   3.3809391414669993e-01	   5.0521431322647770e-01	   3.9870363064415848e-01	   4.2058181718287690e-01	   3.4683899711772792e-01	   4.1220957730397245e-01	   2.9725194767319890e-01	   3.1039398812771590e-01	   3.3726721609212679e-01	   3.9471720747254668e-01	   9.0125277898140538e-02	   2.0401846420260691e-01	   1.1334569304700148e-01	   1.5367880500536758e-02	   1.8004424526711360e-01	   1.1009459727860385e-01	   1.1787345606777874e-01	   1.7653929688817852e-01	   4.1138996570462938e-01	   4.3684864274738844e-01	   2.8846607471809721e-01	   2.0396849209109780e-01	   2.9334339486197791e-01	   5.5883052760174523e-01	   3.7403164604231381e-01	   3.2138520086167677e-01	   3.5275376176628648e-01	   3.0525575244147141e-01	   3.7171456390029634e-01	  -4.8383454385479722e-03	  -6.9104320472485659e-02	   9.9332127105355314e-02	   1.3947241479836353e-01	   1.7664380108286545e-01	   1.6733160225370697e-01	   2.7531229561634146e-01	   4.0108411727005788e-01	   1.4266603995013447e-01	   1.3709022907073667e-01	   2.1103353554638027e-01	   3.1297110885299306e-01	   3.3247462544867401e-01	   2.2774914999226398e-01	  -2.3776805016658586e-01	  -6.8159955065688421e-02	   2.5920969512737646e-01	   2.2562515527171265e-01	   3.3267950036614696e-01	   1.2503617502800327e-01	   9.9884880865435260e-02	   1.0582320982827617e-01	
   1.1830888257682659e-01	   2.4545052267271039e-01	   6.7734261237967064e-01	   0.0000000000000000e+00	   6.0060333169376001e-01	   6.7049604808619889e-01	   6.0549026840166986e-01	   7.8898066347451623e-01	   5.9984414585723256e-01	   7.0863571035769723e-01	   2.2117062298865209e-01	   5.0157983019163721e-01	   2.9291817159442290e-01	   5.2543496248945754e-01	   3.8825900732353119e-01	   6.5215235946002448e-01	   3.3782149653668582e-02	   8.3561260917223382e-03	   3.5959117779418892e-01	   4.4897963800655505e-01	   5.2632119587754878e-02	  -4.2898671515272283e-02	   4.6364913227857196e-01	   6.2458640966852308e-01	   3.4527853507943562e-01	   5.0169308864184137e-01	   1.9537270190199638e-01	   2.2574954134332562e-01	   6.0444917329757680e-02	   1.2263752326750237e-01	   4.3246932509338865e-01	   5.4949109758008507e-01	   3.0614230068728066e-01	   6.2233164740118052e-01	   2.9876901301716396e-01	   3.2427675870681255e-01	  -1.7940063647691684e-01	  -1.9142281556362284e-01	   1.3202330015272806e-01	   6.1135464497597769e-02	  -2.7224675459318344e-02	  -1.1131624751036420e-01	   1.6672374984055047e-01	   7.3468389730891842e-02	   1.6084141090522880e-01	   1.7958119201671188e-01	   1.2958186220157189e-01	   1.3270060695569502e-01	   1.9123872504362538e-01	   3.2109496849964481e-01	   1.7994864059866650e-01	   2.9369973928498461e-01	   3.9462504280100140e-02	   3.1691883685116481e-02	   2.2173618715627669e-01	   8.4929584004580103e-02	   7.9398672900216599e-02	   1.2742807653086272e-01	   5.0486300820295482e-01	   5.0939735659576879e-01	   3.9033138885825464e-01	   4.4556214815628692e-01	   4.7346434591591408e-02	   2.0701616115386665e-02	   4.3786805816690311e-01	   5.8088453200466994e-01	   4.1509436780916875e-01	   4.5241190760473676e-01	   2.2231304016956843e-01	   3.5018395701299826e-01	   3.4821121471370842e-01	   3.3551164125300054e-01	   1.7426006877288919e-01	   1.3600267378597752e-01	   1.9020811226590484e-01	   7.2184910012924930e-02	   9.4000463600806633e-02	   1.0743153472343622e-01	  -1.1560800582701189e-01	   1.4986511545465536e-01	   2.8437491221945121e-02	   6.3616789974339949e-02	  -1.7406886422259325e-02	   3.0120130889210661e-01	   2.4903733959777086e-01	   4.1552045072482724e-01	  -8.7376357484153594e-02	   1.1619569804111772e-01	   4.2236000350546332e-01	   4.1986628217120969e-01	   4.9439096136595362e-01	   3.4297776843998012e-01	   6.3544012082525747e-01	   4.7234764775424243e-01	  -2.3803478309720100e-01	  -9.1104420356703519e-02	  -1.8978400067579480e-02	  -1.2703275765305325e-01	   5.1652446652252521e-02	   6.1965098494203147e-03	   5.2514960042376413e-01	   4.5492868830230287e-01	   2.6568126883930099e-01	   2.7547076769063938e-01	   3.4940170764282708e-01	   3.2373683071343290e-01	   2.7875444869830790e-01	   3.4456442803791004e-01	  -2.8426645813167473e-01	  -1.5666553404559994e-01	  -2.8384346189618662e-02	   1.3591664695982089e-01	   3.6419438622241951e-01	   1.2789132235534484e-01	   1.6950763994101936e-01	  -2.7106064073233110e-02	
  -7.5967549362848025e-02	   3.6710933464361634e-02	   5.6697675865880404e-01	   6.0060333169376001e-01	   0.0000000000000000e+00	   6.8769490477166173e-01	   5.1834372438730636e-01	   5.5115766832739788e-01	   7.0853077891536653e-01	   4.9685972515538734e-01	   3.7611085532606470e-01	   4.1343653524997159e-01	   5.6059851968589514e-01	   5.9545018655950355e-01	   5.4945862944961166e-01	   4.4812400166953714e-01	   6.2092562325216538e-02	  -9.1542443094702344e-02	   1.2982220602432321e-01	   1.8751619235673145e-01	   1.9641329151953585e-01	  -2.4429721125806114e-02	   3.3951915867377369e-01	   3.1746785638553093e-01	   2.7004445686625056e-01	   3.0621212824399979e-01	   2.2048963667766719e-01	   1.6587758199128538e-01	  -5.5804092788558036e-03	  -5.0645065145936377e-02	   2.4324178452227485e-01	   3.4836033902375158e-01	   2.3171911608300669e-01	   4.3341500049477316e-01	   3.9463670951243091e-01	   4.3015748662284803e-01	   1.5286917983735132e-01	   6.3370133749432067e-02	   4.0669293169010068e-01	   2.8441963403337855e-01	  -2.0593768388697874e-02	  -7.5719900386564828e-02	   2.0670561995243283e-01	   1.3157203537845236e-01	   2.7397938890888734e-01	   2.1403717135278882e-01	   2.1114750874421628e-01	   1.7822132254514420e-01	   2.2521280109265668e-01	   2.8806094195915344e-01	   2.0913182185264576e-01	   1.6794417227197744e-01	   2.4992934462744313e-02	   9.8950617027194876e-02	   2.7827150912267390e-01	   2.5437102543265955e-01	  -1.1622864462346970e-01	   8.2547263888705494e-02	   5.6705768668951584e-01	   4.2810454340795540e-01	   3.4330987190040696e-01	   3.4661336615442889e-01	   1.3521786271473857e-01	   3.6081481699290020e-02	   5.5009208995401659e-01	   4.6957227465924339e-01	   4.9746988914351248e-01	   4.6373815530379842e-01	   1.5677621061937247e-01	   3.6933842791954519e-01	   4.1395153027019882e-01	   1.0262352438431677e-01	   1.1164154836986867e-01	  -1.5976225827539881e-01	   5.2956942147260391e-02	   2.4450864721190863e-02	   9.1534043197430581e-02	   1.2239455341160600e-02	  -1.4948046880035867e-01	  -2.0052080543411815e-01	   1.9634312370536677e-01	   1.0497899425793608e-01	  -8.3835605098135604e-02	   2.8319294300482745e-01	   3.5834273753499335e-01	   2.9611821838357039e-01	  -7.4689198311441884e-02	   2.4005800553839704e-01	   4.5305376872829134e-01	   3.3330699540257058e-01	   3.7173350373686526e-01	   3.5715621613006349e-01	   4.4903842992272536e-01	   5.5230598362567507e-01	  -3.1487816892924472e-02	  -9.5118321888120014e-02	   2.3908141432555409e-03	  -1.4316394933384539e-02	  -7.2993580004824143e-02	   4.0705811876977999e-02	   4.2693591993203173e-01	   5.6207498576146619e-01	   2.3604612573816083e-01	   2.8670575158483758e-01	   3.2063141511598564e-01	   4.3091557600781150e-01	   3.3061806839693253e-01	   4.3805482438367105e-01	  -2.1249039828804425e-02	  -2.1534894758438158e-02	   3.5612845500523398e-02	   3.3488087151132585e-02	   2.7202433939273546e-01	   1.4275864379531314e-01	   1.6848137267038937e-01	  -1.0458021583422636e-01	
   4.4455843487349071e-03	   6.5007891049728303e-02	   3.5798089257924437e-01	   6.7049604808619889e-01	   6.8769490477166173e-01	   0.0000000000000000e+00	   4.4377444811030309e-01	   6.9065816982785688e-01	   6.6308294203182294e-01	   7.1761364582618292e-01	   3.3421636630276097e-01	   4.2344377802437744e-01	   4.0462736860711346e-01	   4.3760118008242865e-01	   3.6526426893083025e-01	   5.4984617891362886e-01	   7.4675953308418724e-02	  -3.2141726047738980e-03	   2.1595534353639059e-02	   5.5541858813375110e-02	   1.0494600246240199e-01	  -8.5538349054508522e-02	   1.0827391754782074e-01	   2.3240274104672543e-01	   6.7962058089327648e-02	   2.3304826056094552e-01	   5.8456830407622160e-02	   1.6639317838145867e-01	   9.0553790955028288e-02	   8.2093665350690126e-02	   9.2063235281091990e-02	   2.6800032210963576e-01	   1.8157430892416263e-01	   4.8233764582429628e-01	   2.9682106438976869e-01	   3.7578210428843506e-01	  -4.7587447193872326e-02	   7.4126899105944458e-02	   2.7779194514477062e-01	   2.2206653876077082e-01	   5.1092873060413102e-02	  -1.3609003458616745e-02	   2.1239734131948348e-01	   2.1002602853883745e-01	   2.0665917941379297e-01	   2.1978861761684454e-01	   1.6628536749553616e-01	   1.8565592107468154e-01	   2.4775242738991288e-01	   4.2815894965150125e-01	   2.5311849717806861e-01	   2.5158791541933423e-01	   1.7501584963812561e-01	   1.1263671406622200e-01	   2.5955331143058052e-01	   9.3489743297327482e-02	  -5.3635476805440063e-02	   2.4113877334906310e-02	   5.3448865737798890e-01	   5.1807592004863035e-01	   4.6530202966861428e-01	   5.0860952619323685e-01	   1.1411916711373629e-01	   4.4099911878164824e-02	   3.7992686619406724e-01	   6.0848233297823584e-01	   4.4099396763948762e-01	   4.7845338363097623e-01	  -1.0801117716070091e-02	   2.2676337817825817e-01	   3.5301856529544917e-01	   2.2591558275296098e-01	   1.7669091031899076e-01	  -3.3186656876701123e-02	  -1.0475846909305274e-02	   1.3193799979965717e-01	   2.4588323770627554e-03	   1.9279110938979444e-01	  -1.1415436863793182e-01	  -5.1512824466615662e-02	   1.4563978729159838e-01	   1.1479325312129844e-01	  -1.5531702170585987e-01	   1.6997634437289436e-01	   2.1578926692761025e-01	   2.5980298080472392e-01	  -2.1446124503422456e-01	  -3.7945597784947778e-02	   3.4405269432464358e-01	   2.7981515343571572e-01	   5.2772101277459404e-01	   3.7392691746796258e-01	   6.1449879543838160e-01	   5.0327188389226585e-01	  -2.6752879155146844e-02	   9.3058766493533784e-02	   8.3376645383625117e-02	  -6.5755121811595357e-03	   4.9113507867232328e-02	   8.0336712277773559e-02	   5.6403526470872056e-01	   5.6097668609218032e-01	   2.2834444864246045e-01	   3.6573310644141699e-01	   2.5732851786108635e-01	   2.4772357014801935e-01	   2.4622635026299070e-01	   3.7735369123318913e-01	  -9.7422311751929787e-03	   2.6699103114735973e-02	   5.9445018077499995e-02	   1.1340695254358332e-01	   2.8608011515039827e-01	   1.9035902208875963e-01	   1.6668608186984593e-01	  -7.9707735635438787e-02	
   1.9480800130148485e-01	   2.4404765609634646e-01	   7.3723110390138713e-01	   6.0549026840166986e-01	   5.1834372438730636e-01	   4.4377444811030309e-01	   0.0000000000000000e+00	   7.4406884489220948e-01	   4.9113767020425114e-01	   3.7048756365066920e-01	   5.9701868259507707e-01	   5.9103503158731630e-01	   5.0491156094225165e-01	   3.8294121764597955e-01	   3.5552637034122681e-01	   2.5004385027585591e-01	   1.9533674770795106e-01	   1.4717210355266980e-01	   4.4256243871396062e-01	   4.1626862824608768e-01	   3.5622978243050378e-02	  -2.2685281855671049e-02	   1.7681702600770077e-01	   1.3626625427007524e-01	  -6.6036671005783559e-02	   2.0780564592524038e-02	  -2.1384696865370420e-01	  -2.1493160323262109e-01	   4.4270782708314427e-01	   3.2957356237413415e-01	   3.0751004062788950e-01	   3.3266131639790436e-01	   5.2028388227282563e-01	   5.8883766336094501e-01	   7.7297432412205769e-02	   1.2271817812476297e-01	  -1.8832457369164397e-02	  -2.3301492161442550e-01	   1.9331779112905131e-01	   2.1968189677195160e-02	   9.3437202859321666e-02	  -9.4701274240361705e-02	  -1.7812586523614907e-02	  -8.8908525859649881e-02	   4.5297123486145771e-02	   2.0380997029044508e-02	  -3.6300065268289161e-02	  -9.8192290253648562e-02	   8.8690543757699900e-02	   1.2719498986910741e-01	   3.5545212756910104e-02	   2.2571274429402894e-02	  -1.8789570576213936e-02	   9.7025533894896404e-02	   1.9779742063853589e-01	   5.5362135976852134e-02	   7.6637973701900772e-02	   1.2522074744667974e-01	   5.1929884716520980e-01	   4.1169400570042997e-01	   6.5856389504653912e-01	   5.2686901240417694e-01	   2.5244706364168190e-01	   1.9739010290273920e-01	   2.5058315025916622e-01	   2.3434032208722916e-01	   4.8462267853569618e-01	   4.2283753840915161e-01	   2.5728934168499051e-01	   2.0378095386278422e-01	   3.0075973223768571e-01	   1.6506184583600791e-01	   3.0324193760723445e-01	   2.3312846381601232e-01	   2.1511259832111179e-01	   8.3108961666522568e-02	   2.0379146101489404e-01	   5.0065889467040617e-03	   1.0414066161835372e-01	   8.6137273539289252e-02	   2.2545140984352052e-01	   1.4673042868996311e-01	   1.1661423874385568e-01	   4.1931972472576434e-01	   1.6105617642563527e-01	   6.9344896484075880e-02	   1.4432086389629176e-03	   1.1435737836825093e-01	   3.5799232511520096e-01	   1.6761151353787868e-01	   2.3448002613506458e-01	   1.5868935306077653e-01	   1.5614374937725767e-01	   2.1282560571385672e-01	  -5.1217056956400012e-02	  -5.1410972327469932e-02	   3.2729963363886942e-02	  -1.4512855628359507e-02	   3.7281355132672084e-02	   1.1423169024892350e-01	   3.2633902499487821e-01	   4.5831324151895847e-01	   1.1689777459380482e-01	   1.3713600120905395e-01	   2.1835582969584016e-02	   1.2708961409294364e-01	   1.9263253004279735e-01	   2.6587772788867098e-01	  -1.5879326442006603e-01	   2.0554229220084382e-02	   7.0135658164654502e-03	   2.0592782359923227e-02	   1.3845681421083164e-01	   2.6772570480163335e-02	  -1.2071664802612728e-01	   2.5662551859028798e-02	
   1.5884734815099982e-01	   1.9028848566224299e-01	   4.9011212479104699e-01	   7.8898066347451623e-01	   5.5115766832739788e-01	   6.9065816982785688e-01	   7.4406884489220948e-01	   0.0000000000000000e+00	   4.9881446430048215e-01	   6.2006110098903600e-01	   4.7421631262135300e-01	   6.2308541325055034e-01	   3.2827521129276327e-01	   3.9155951817556023e-01	   3.0388331856052908e-01	   4.0400621303842071e-01	   1.3943124625558634e-01	   8.1965364454355941e-02	   2.3419612354916083e-01	   2.6933821298251753e-01	  -9.0331673798961801e-02	  -2.0022285740955720e-01	   1.1367362012306392e-01	   2.3463441155810538e-01	  -5.9554673716069727e-02	   6.7389020083335971e-02	  -1.4635909087298549e-01	  -1.2869224260248560e-01	   2.2879042697046653e-01	   1.2203316440116238e-01	   1.0978219210032023e-01	   2.3143233039539329e-01	   2.9296321459578711e-01	   5.2828665478577852e-01	  -2.0382994778148067e-03	   5.9487425017554746e-02	  -2.7719608429520637e-01	  -2.7980726748270524e-01	   7.5005400585177774e-03	  -6.1266517554965386e-02	  -1.2869875265480699e-01	  -1.9697885612655611e-01	  -1.0039131499294333e-01	  -1.3116966560572385e-01	  -3.7774612602837154e-02	   1.3780316069792291e-03	  -6.4420865084726803e-02	  -8.0889575830599081e-02	   2.1713439001067633e-02	   1.6987065002823962e-01	  -4.4161335489978748e-02	  -6.9458482340734370e-03	  -6.1571743887421641e-02	  -7.1970546477986619e-02	   3.0249919438100906e-02	  -1.4511411039114977e-01	   5.6566484038474016e-02	   7.1337857096815727e-02	   4.5210630139099983e-01	   4.9873934668302078e-01	   5.9089343610055045e-01	   6.0876650750172367e-01	   2.2536616417727251e-01	   1.6179308877771365e-01	   1.7206048336323254e-01	   3.9227217021457972e-01	   3.2803142819240860e-01	   3.7540314618365911e-01	   6.4263461752920609e-02	   1.3179552403257128e-01	   2.6313227571930897e-01	   2.0803550249300559e-01	   1.5926616594572984e-01	   1.0232114334452194e-01	   8.2348799898180058e-02	  -1.2901850902909667e-02	   5.7991099340175677e-02	  -3.2852212135068351e-02	   4.1589164717672225e-02	   2.6031957257441774e-02	   1.5600261374547486e-01	   4.8656052346885706e-02	  -9.0098191404703071e-02	   3.5840899461925269e-01	   3.0592105982892779e-02	   9.1662730583771002e-02	  -2.4668868270063721e-01	  -8.0056355590370325e-03	   2.3871963062991725e-01	   1.3200311721400959e-01	   3.4421115561386417e-01	   1.1036629877867167e-01	   3.9889816172626341e-01	   2.6789943666953719e-01	  -2.7272360377880422e-01	  -9.9183026566516230e-02	  -1.3514923632725695e-01	  -2.8788550257794127e-01	  -9.8469280781551871e-02	  -1.0048342733751997e-01	   4.6610133012705768e-01	   4.3290200085391928e-01	   1.7202122331052722e-01	   2.3397491219377411e-01	   1.2907172706710968e-01	   1.0325219668648264e-01	   1.9401631247183321e-01	   3.7638613672739002e-01	  -2.4886791439821859e-01	  -8.2412121218665882e-02	  -2.0861037211427758e-01	  -1.2395635507838218e-01	   9.0125612034868074e-02	   9.8107965147112390e-03	  -1.7699800702581883e-02	  -9.4470680896248840e-02	
  -1.6556312412262980e-01	   3.6588542061842991e-02	   5.1538200311563420e-01	   5.9984414585723256e-01	   7.0853077891536653e-01	   6.6308294203182294e-01	   4.9113767020425114e-01	   4.9881446430048215e-01	   0.0000000000000000e+00	   7.6271243975596748e-01	   3.4732072513155188e-01	   4.4028208261160295e-01	   5.7470410224786284e-01	   6.4818051665391929e-01	   6.9214998941185690e-01	   6.3573507623752679e-01	  -2.5402401912737512e-02	  -1.2911481797408664e-01	   7.1942026164634493e-02	   1.3134099439617336e-01	   3.1008526216743754e-01	   1.7225726232688715e-01	   4.0575989322623446e-01	   4.4228764626840034e-01	   3.5252542632897954e-01	   3.6388283079064898e-01	   3.1879356405729919e-01	   3.4778533237708487e-01	   1.0531921249030520e-02	  -1.0525768212317052e-01	   2.3853793794742878e-01	   3.9437215793786029e-01	   9.3306158910938297e-02	   3.3894815057299926e-01	   4.3908981045619910e-01	   3.7999252514028070e-01	   1.5607862149381221e-01	  -6.6258273869512409e-03	   2.9848690387687593e-01	   2.2261530247252970e-01	   5.0934377117312475e-02	  -1.3527557560726716e-01	   2.0577709699006688e-01	   1.0989995116962982e-01	   1.6512160130793355e-01	   1.7385645048592829e-01	   1.3763289192080713e-01	   1.0745608688923153e-01	   2.2394044804462360e-01	   3.3267338683543224e-01	   3.1744352178676999e-01	   2.9642295347392827e-01	   1.2104791016384250e-01	   1.6382549495161480e-01	   3.1335126613945985e-01	   1.9021303780149479e-01	  -2.1981256204428437e-01	  -4.8402072192821111e-02	   5.5678947251798538e-01	   4.4467130663392279e-01	   3.9215950997582560e-01	   3.7226109904457333e-01	  -7.4357910311706188e-02	  -1.3939091249977588e-02	   4.8525090593649778e-01	   5.2648813551001117e-01	   4.0995287238384193e-01	   3.8549845044938008e-01	   1.4122185311505758e-01	   3.4689833968684369e-01	   4.6098520505110030e-01	   2.5162641743890796e-01	   1.0128412438802191e-01	  -1.5919281267240409e-01	   2.2611809033365141e-02	  -4.3809694855470968e-02	   3.9158317457085930e-02	   3.9160684835843090e-02	  -3.6210089492138153e-01	  -1.4460277324894627e-01	   4.1007962565817832e-02	   2.2140347000651601e-02	   4.5372622036134368e-02	  -3.0553041758157127e-02	   2.7690922902439830e-01	   2.7293773587616393e-01	  -1.4974875494497600e-01	   5.7801385439892446e-02	   5.6001188588111439e-01	   4.7022704242903068e-01	   4.6118902471075474e-01	   5.0038426014766779e-01	   5.7717403992171312e-01	   6.2123424398257543e-01	  -6.3699675806065767e-02	  -1.0466606165814078e-01	   7.7853220670452972e-02	   3.7738958692584632e-02	  -7.3853277031649851e-03	   8.8227102047933895e-02	   6.0559777332322295e-01	   6.5706015371599102e-01	   2.8395200407524357e-01	   3.6286000015864273e-01	   3.0093588181157049e-01	   3.7234360250737469e-01	   2.9539101901104226e-01	   3.8811156213548637e-01	  -3.6474525220031716e-02	  -6.7794133791022393e-02	   3.8475483121701709e-02	   1.3771832158844433e-01	   3.9068704694856576e-01	   2.1313089520610543e-01	   1.6206361088902682e-01	  -1.7681921889802382e-01	
  -1.3710564651840501e-01	   1.7013518322020308e-02	   3.3946829310173376e-01	   7.0863571035769723e-01	   4.9685972515538734e-01	   7.1761364582618292e-01	   3.7048756365066920e-01	   6.2006110098903600e-01	   7.6271243975596748e-01	   0.0000000000000000e+00	   2.8558796245595452e-01	   4.5600861382320479e-01	   4.0651534958689878e-01	   5.9870952130647936e-01	   5.8591968238790804e-01	   7.9150251207267552e-01	   4.7439589111728707e-02	  -4.5192868840576585e-02	   7.3177898525406279e-02	   1.5331606927096070e-01	   1.6630786483312943e-01	   2.8994666984341194e-02	   3.2039712819958083e-01	   5.3044336229690670e-01	   2.5567214904701818e-01	   4.0505467397260486e-01	   2.2304820200601980e-01	   3.1636183406377516e-01	   2.3512191959036442e-02	  -6.7861401793724685e-02	   1.9242649582172949e-01	   3.9135871424879942e-01	   6.6492597032885861e-02	   3.4548851656417601e-01	   2.9592220748752407e-01	   3.0786246958826730e-01	  -4.4655560170898181e-02	  -8.1215271445404316e-02	   1.3179966276408617e-01	   1.1461768609950308e-01	  -4.1385095745358910e-02	  -1.8038064737452267e-01	   5.4520607407191210e-02	  -2.0085630444868625e-02	  -1.7471796029184535e-02	   2.1525738759262596e-02	   8.6671860572551070e-04	   1.3550853282936299e-02	   2.5536669667458756e-02	   2.4962082768433358e-01	   1.7062574010168935e-01	   2.2959290132406596e-01	   1.1408616868232854e-02	  -3.8861280051636041e-02	   1.2099095597188692e-01	  -5.9528476765777050e-02	  -1.6382571832391718e-01	  -1.3961585274237506e-01	   3.2271524062615814e-01	   3.6075968284193810e-01	   3.2342700723608597e-01	   3.8757112150391226e-01	  -5.6465739935318837e-02	  -4.2166121451141958e-02	   3.9387389691083047e-01	   6.1002758290282455e-01	   2.3166298525441292e-01	   2.7593810812218367e-01	   2.7554676167644197e-02	   2.9492275073722762e-01	   4.2024573975254231e-01	   4.6513813131494686e-01	   1.0449979572475604e-01	  -8.0440929020264160e-02	  -5.5108780326277498e-03	  -4.2420571418662440e-03	   5.0938585545486664e-02	   1.1432334155522565e-01	  -1.8371203413198040e-01	   4.4377011694352840e-02	   6.5124912813427221e-02	   6.3304792011150385e-02	  -6.6985321512172485e-02	  -1.1771040395452030e-01	   1.6174871688370240e-01	   2.8619982766425472e-01	  -3.0286190459198220e-01	  -9.9751837101297161e-02	   4.0702237299520039e-01	   3.2298998428744963e-01	   5.3333936670668092e-01	   4.6131290087271359e-01	   7.6685205523105504e-01	   6.1042775501652025e-01	  -1.5648836069923072e-01	  -5.7127478474408501e-02	   3.9633927081044549e-03	  -1.7759675057913249e-01	  -8.9838266706262923e-02	  -7.2836731824197531e-02	   6.9286844388499558e-01	   5.8536473281698764e-01	   3.1509327695133044e-01	   4.2796571576882758e-01	   2.8976388237301537e-01	   3.1530977279014266e-01	   2.0282703435299032e-01	   3.6293285604473280e-01	  -9.9918487207354523e-02	  -8.2530439641458175e-02	  -1.2277443752900238e-01	   2.8965776356408311e-02	   2.9500236759217274e-01	   2.6646897315429807e-01	   3.0721330860195351e-01	  -1.6435075903801299e-01	
   3.3590668042758376e-01	   3.7433333691754495e-01	   2.6043507051019654e-01	   2.2117062298865209e-01	   3.7611085532606470e-01	   3.3421636630276097e-01	   5.9701868259507707e-01	   4.7421631262135300e-01	   3.4732072513155188e-01	   2.8558796245595452e-01	   0.0000000000000000e+00	   6.4521261192541535e-01	   7.0931730793315384e-01	   4.1869857207622002e-01	   4.3489216896479066e-01	   1.0999986516294605e-01	   5.8506764756418583e-01	   3.9651510149022312e-01	   2.5706045225636881e-01	   2.1969230933256950e-01	   6.8620652667343074e-02	   1.5737474893783784e-02	  -2.0493915592998005e-01	  -2.2566259636732861e-01	  -2.9834713982939853e-01	  -2.4826602020729738e-01	  -2.6233222934740175e-01	  -2.2165987185588984e-01	   6.2150631208790041e-01	   2.2454711884636575e-01	  -1.1138884215646126e-01	  -1.5168854074184154e-01	   3.2829614761164116e-01	   2.3704229940540134e-01	  -4.8153777830015038e-02	   2.6693960892678861e-02	   3.3471616357739944e-02	  -9.1877576389161192e-02	   2.1065012509627778e-01	   1.7225280860868775e-01	   1.0730027671379599e-01	   1.3630390586750307e-01	  -7.3850245682547749e-02	  -5.0611322720357080e-02	  -1.6576332508395408e-02	  -2.4034826255136005e-02	  -8.8958950655781466e-02	  -9.5616523437404344e-02	   3.9597288314608715e-02	   1.0194702366953598e-01	   5.1359563020253185e-02	  -9.0905728338087022e-02	   7.6331291423651915e-02	   1.0713484694522767e-01	   1.4784198619974545e-01	   5.3337200300613258e-02	   1.9966823404751260e-01	   3.3034681574496516e-01	   4.1379630250149513e-01	   3.6181636304588527e-01	   6.8765856328404129e-01	   5.3292077551991901e-01	   6.0429776586501815e-01	   5.0119072997227732e-01	   1.0600113240932527e-01	   8.0083766022397473e-02	   3.8061937714731531e-01	   3.4207772056093161e-01	   2.3369231590815082e-01	   1.9370105042634173e-01	   3.2385106372222816e-01	   1.4430565603851142e-01	   4.6590700995650736e-01	   1.4264876748414851e-01	   1.6245551527210150e-01	   2.6697877447592772e-01	   4.5208488723574553e-01	   1.2300280709351649e-01	   2.7251064652429224e-01	   1.4658722405915250e-01	   6.3948208873943924e-01	   4.5162107935753393e-01	   1.5061269199912322e-01	   2.9746708651538362e-01	   2.0373410598039335e-01	  -1.5185100241502176e-02	   8.5126073943309524e-02	   1.4554798907671362e-01	   2.9273929043796321e-01	   8.9389993162079753e-02	   2.0850179817531694e-01	   1.1265081097523511e-01	   4.6723228550546786e-03	   1.3576389693720051e-01	  -5.9961986843497482e-02	  -5.0526279589671527e-02	   6.7575987478928224e-03	   6.8695787445502143e-02	   5.3698395723565185e-03	   1.5050924299079682e-01	   3.1360999434548453e-01	   3.2651883046799512e-01	   3.9199924032661965e-01	   3.2852458662966005e-01	   1.2739280963475572e-01	   6.7196168771879755e-02	   2.7934630179305031e-01	   3.9812714763559154e-01	   2.1011785527471227e-01	   2.1883829996967621e-01	   6.0487958653782106e-02	  -6.9517131449101432e-02	  -3.3257698004206901e-02	   1.6095582251619051e-01	   1.3666423485483175e-02	  -1.4806045729221345e-01	
   2.7467425927399980e-01	   4.2588410837331125e-01	   3.8208826305087373e-01	   5.0157983019163721e-01	   4.1343653524997159e-01	   4.2344377802437744e-01	   5.9103503158731630e-01	   6.2308541325055034e-01	   4.4028208261160295e-01	   4.5600861382320479e-01	   6.4521261192541535e-01	   0.0000000000000000e+00	   5.6091627218076867e-01	   6.1247687938487627e-01	   4.3440813897615405e-01	   4.4157597412149607e-01	   3.2313023434068255e-01	   3.1947849042169341e-01	   3.8239719987434939e-01	   3.9991991025657725e-01	  -5.3700836239194707e-02	  -1.8963660298601176e-01	   4.9722369998480301e-02	   1.5597953189890934e-01	  -8.4267212312336942e-02	  -7.1827309193241880e-03	  -1.6143581323679107e-01	  -1.2043995302404821e-01	   4.4612075034058701e-01	   2.8033403393643919e-01	   8.5695401741950200e-02	   1.1849159346488848e-01	   2.8618949556823181e-01	   3.7310727953586986e-01	   2.1344687404366382e-02	   1.0604374730264005e-01	  -8.8384057762719667e-02	  -1.3532699801997086e-01	   1.0275552931768817e-01	   2.7992580374121303e-02	   1.1220332042610744e-02	   6.0793536068861273e-02	  -1.3656249441597454e-01	  -1.3912353989465776e-01	  -4.5617234350800416e-02	   2.3829478941870146e-02	  -1.4167706461617313e-01	  -1.0640876260591006e-01	   7.2668944373069436e-02	   1.8629443143458665e-01	   1.1020556642252502e-01	   5.9821568543312276e-02	   5.5242828631652453e-02	   1.1297956520244337e-01	   1.2591012253796727e-01	   4.3260868146192177e-02	   1.0874112913279460e-01	   1.7640980993277000e-01	   4.2172366292430985e-01	   4.1869719675958184e-01	   5.8688814586502713e-01	   5.3016609095978295e-01	   3.0313736085764009e-01	   2.8052802119370535e-01	   2.0079636268772688e-01	   2.6463528637984235e-01	   3.2025491890244656e-01	   3.2083885083164682e-01	   3.0621363647002925e-01	   1.6616339299243976e-01	   3.5230184636106593e-01	   2.1591090722322398e-01	   4.2876148917210355e-01	   2.4616325275729273e-01	   3.6958766644444097e-01	   3.3574488078851383e-01	   3.9249963223536116e-01	   1.7559383045540622e-01	   1.4773904254543990e-01	   2.9336340429711361e-01	   2.9939434550749805e-01	   3.4233062574444717e-01	   8.5903497185317160e-02	   3.9432801726714628e-01	   1.1159662564294857e-01	   2.3758052291062948e-01	  -2.1934871741183533e-02	   1.9409732219851270e-01	   3.5162846848534146e-01	   2.7388966350520499e-01	   3.1668280918302399e-01	   3.0639771797325210e-01	   2.9015059692109391e-01	   3.5594852288296575e-01	  -2.2162620290202928e-01	  -2.2878225090092072e-01	  -4.2729497031073080e-02	  -1.1201581102323975e-01	   5.9614648688886412e-03	   1.0945688595979727e-01	   4.3031305133092135e-01	   4.5806568440636364e-01	   2.9245677824849903e-01	   3.1504423554457994e-01	   9.3053570643228389e-02	   1.5370915919217365e-01	   2.0313570369009581e-01	   3.2968015563970304e-01	  -6.7920525518764929e-02	   1.4527000744347089e-02	  -3.2744021213058673e-02	  -2.8861326171407901e-02	   1.1118287392886098e-01	   2.6790190164144301e-01	   1.9968952215576036e-01	  -1.7071395823251662e-01	
  -1.5005185291996553e-02	   1.6277416266715400e-01	   3.7637535624726659e-01	   2.9291817159442290e-01	   5.6059851968589514e-01	   4.0462736860711346e-01	   5.0491156094225165e-01	   3.2827521129276327e-01	   5.7470410224786284e-01	   4.0651534958689878e-01	   7.0931730793315384e-01	   5.6091627218076867e-01	   0.0000000000000000e+00	   7.2242315546733715e-01	   6.4472144273850562e-01	   3.3080783153287224e-01	   2.3351493689234931e-01	   7.9577022418872503e-02	   1.3954927033980125e-01	   1.3757474875061487e-01	   3.2089308408642209e-01	   9.7981785060390347e-02	   1.9429698968171033e-01	   1.4115221226346053e-01	   1.0071663313035617e-01	   9.6748336462132045e-02	   9.5630918360371270e-02	   7.1198194999648912e-02	   2.6975266169246348e-01	   3.8759105885083550e-02	   1.5166507826044903e-01	   1.8175333171706320e-01	   2.3620007553492314e-01	   3.1127368746890471e-01	   3.9138372905237517e-01	   4.1520328173688265e-01	   2.7912911157051867e-01	   5.3197289871126777e-02	   3.7925146854869340e-01	   2.5475969329535958e-01	   8.5662881620532219e-02	  -1.0229912632313393e-02	   6.1302155066892475e-02	   5.9706799122224333e-02	   4.2152516917201295e-02	   1.9549339032496463e-02	   4.4444302292619836e-03	   7.2442993404724428e-03	   5.9851402507435328e-02	   2.0506351720440530e-01	   1.7322827174939887e-01	   1.1596202972654593e-01	  -4.1585452775171186e-02	   1.0531566209682644e-01	   2.1506603050809181e-01	   1.2946437425817875e-01	  -2.6980046324093940e-02	   1.5061379752784815e-01	   4.0983540877158031e-01	   3.2496697762659627e-01	   4.6685770933759485e-01	   3.5752230581164568e-01	   2.9442630371051021e-01	   2.1778107011012243e-01	   5.0986456402651537e-01	   3.9731084730932964e-01	   3.7500227833873123e-01	   3.5833008923579401e-01	   1.7225427619076644e-01	   2.3387208537516641e-01	   5.2880561535260251e-01	   1.3417433368659429e-01	   2.7742492782054767e-01	  -7.4732167717205436e-02	   1.8014911855460103e-01	   2.4703177782666921e-01	   4.2360687415793147e-01	   1.0833526781694476e-01	   4.2845726382827298e-02	   3.4026412857034671e-02	   4.1694523461646638e-01	   3.6092528017903325e-01	   8.6913521227791640e-02	   9.7079172547038739e-02	   4.5213201384094193e-01	   2.2164839663116082e-01	   8.9489870621124679e-02	   1.8290232285918379e-01	   4.4441081738715904e-01	   2.4907409115770635e-01	   1.8798376296962385e-01	   2.9554007806215249e-01	   1.6710184739546952e-01	   4.2540591782050796e-01	   7.7533819281381242e-02	  -2.3954689132121013e-02	   4.9232724487672325e-02	   1.1645201717449535e-01	  -8.7205616046028570e-02	   7.0630798934344499e-02	   3.0745747784267730e-01	   4.5062824766007370e-01	   2.6202373898726483e-01	   2.8338900075123530e-01	   9.2900489703241551e-02	   1.7891336157285834e-01	   1.6602684114298480e-01	   3.0184779231323294e-01	   2.0551688535981927e-01	   1.8727911449694559e-01	   7.4507551638395841e-02	   1.1395196164486325e-02	   1.6074796343234561e-02	   2.6829204604140261e-01	   1.9441511282540086e-01	  -1.9325340484689912e-01	
