   0.0000000000000000e+00	   6.9564691165361192e-01	   2.7289062794508151e-01	   3.0682895482859696e-01	   1.5102739666732368e-01	   2.8041323174850213e-01	   2.6624018696508145e-01	   2.8261886694340171e-01	   1.7134729041295732e-01	   2.4312997844088752e-01	   5.5586782105360122e-01	   3.8753808901807918e-01	   2.4761322942976688e-01	   2.9411850048827626e-01	   1.6930536459455420e-01	   1.3606788533585365e-01	   3.8493659888218079e-01	   3.0798524499758406e-01	   5.7371832193872219e-01	   2.2253855397106606e-01	   2.1980446166863105e-01	   1.2743309702193162e-01	   5.1658549264956499e-02	   5.5512737930492245e-02	   1.9873267171178113e-02	  -4.2231784705565087e-02	   1.6004184092447665e-01	   2.1250704835575157e-01	   1.4253033269006338e-01	   2.0372996418301145e-01	  -1.0344530048580095e-01	  -1.2299368794290262e-01	   1.2325376178481572e-01	   1.7156006546491948e-01	   2.0606241547429502e-02	   7.2956451088463811e-02	   3.5265313597770981e-01	   2.5425210551982691e-01	   2.3381383632726216e-01	   2.9692848403058858e-01	   4.1439994994721191e-01	  -5.1200242601238510e-02	   1.2142305421902247e-01	   1.5284519454095782e-01	   1.7120845164750872e-02	   3.1709223642590149e-03	   1.6702893735109525e-01	   6.8427989079356336e-02	   3.3804141262721257e-02	   2.9431152236046736e-02	   2.4533365681217151e-01	   1.7741873985587575e-01	   3.2847604291911969e-01	   1.2947259336070319e-01	   2.2569430546412322e-01	   2.3490759088263108e-01	   7.4023062922612948e-01	   6.5178830406809962e-01	   1.8437903553529944e-01	   1.6665044156388742e-01	   4.7239157940902426e-01	   3.8941780917365010e-01	   2.2697864284248864e-01	   4.6274617738278340e-01	   6.4255973166270363e-04	   2.5526438239344945e-01	   5.3706100245591352e-02	   5.4642870006942991e-02	   4.4825188932843846e-02	  -1.6157486081425040e-01	   1.4576049704456798e-01	   1.8094447003237329e-01	   4.4234000685927211e-01	   4.6004073067787155e-01	   3.1635755118586423e-01	   4.1131171137542522e-01	   3.1835765770077273e-01	   3.8820042296789092e-01	   2.6134260820339378e-01	   2.5636685064784792e-01	   2.6919781944599758e-01	   3.7189844376771392e-01	   2.8554423187275585e-01	   1.1933534685862499e-01	   1.8471947045222437e-01	   2.3905699060820387e-01	   2.7562567629711909e-01	   1.1303847339891769e-01	   2.9482944324091398e-01	   4.3601402818574753e-01	   1.4513040727956567e-01	   1.8532882320055521e-01	   1.8846258665022431e-01	   3.0597501050795028e-01	  -1.6487998881141114e-01	  -1.0412767394047120e-01	   9.0608456074797047e-02	   5.9077121472917105e-02	   3.1024955330634529e-01	   3.9324899944785485e-01	   2.1325914621149827e-01	   3.3538320479725470e-01	   2.3331245009065121e-01	   3.0863180861780215e-01	   2.5641532673282913e-01	   2.3192684663644836e-01	   2.5129096155864783e-01	  -4.1971928458011586e-02	  -1.7335304853353192e-01	   1.3130815466331196e-02	   8.6490553466255143e-02	   8.2360020686986418e-02	   7.8911244192772415e-02	   2.3163281733700447e-01	   1.8688869397519975e-01	   1.5981995949974445e-02	
   6.9564691165361192e-01	   0.0000000000000000e+00	   3.7546271214535842e-01	   3.0213179622959857e-01	   3.0254909089940407e-01	   3.0258631581545414e-01	   1.1714373090907962e-01	   1.6050330369933946e-01	   2.2229357372446204e-01	   2.1685492452803090e-01	   4.6320900652570890e-01	   4.2482459357488106e-01	   2.9413836063381649e-01	   3.7034063805161932e-01	   2.7723012616843024e-01	   1.2476493479682585e-01	   4.1639307548836690e-01	   4.1815680034561492e-01	   5.2473122326977750e-01	   2.8550666588539597e-01	   2.0875893969491527e-01	   1.2404253714051483e-01	   2.5531030511827951e-01	   2.0301617188629201e-01	   1.5154077922000131e-01	   9.7850036224723463e-02	   2.0498325791989780e-01	   2.6665696697284819e-01	   1.2820455128755870e-01	   1.6979104307510209e-01	   2.2471100155977371e-02	  -1.8926585960255416e-02	   8.4835306325073842e-02	   2.0365217751070713e-01	   1.2649786988319286e-01	   5.9096110335069993e-02	   3.4892347817046865e-01	   2.5045306796979189e-01	   2.5044362988496599e-01	   2.5426257836490607e-01	   3.1225367484273536e-01	   2.4772930630521622e-03	   6.0348068385445777e-02	   8.4224506926780268e-02	  -2.9110139926325603e-02	  -4.0102038053675945e-02	   1.8179253273230778e-01	   3.2597578666074434e-02	   2.5066490034212449e-02	   8.2012037981867389e-02	   3.1754860177636784e-01	   2.7084150530467571e-01	   3.4643948805941016e-01	   3.7510765306471061e-01	   2.5207143516481856e-01	   2.7416089940475419e-01	   6.0740187002976420e-01	   7.3088766806782912e-01	   1.6850891891385672e-01	   2.2024862092954431e-01	   3.9392042320940379e-01	   2.8542709564923452e-01	   3.0352359866766221e-01	   4.5968761267732777e-01	   1.9944489126247744e-01	   1.9571044265653434e-01	   7.4139014007080922e-02	   7.1375026573761755e-02	   1.3633819800010122e-01	  -5.7187922380655277e-03	   2.8586105661387995e-01	   1.8172535310747445e-01	   3.9925314793069677e-01	   4.2523888978973812e-01	   4.6647146997930433e-01	   4.1841993853426307e-01	   4.9075786418164902e-01	   5.5666072201375083e-01	   3.1320828661000710e-01	   2.9824317163180930e-01	   3.3475527692171603e-01	   2.8480676980355052e-01	   4.2135008754852099e-01	   1.3484347289498499e-01	   2.0991054074057522e-01	   1.0626082749555366e-01	   3.7991325342491056e-01	   1.6959239394085857e-01	   2.9104778357763444e-01	   4.2223048673047292e-01	   8.5885043961008017e-02	   1.8050744123175286e-01	   1.2095255440927016e-01	   3.3183855970214404e-01	  -2.0026088566280409e-01	  -1.1456318974701427e-01	   1.1870141361130802e-01	  -1.2390179536717061e-02	   3.3693553232214868e-01	   3.3902071209274376e-01	   6.4953731907811854e-02	   2.6214802912264001e-01	   3.3314790212782286e-01	   2.1895629694215452e-01	   3.3557570101437534e-01	   1.7795125184187971e-01	   2.2433403531370111e-01	  -5.1899407061755574e-02	  -2.0260990257733599e-01	  -6.0051668336644163e-03	   9.1393470091437196e-02	   1.5595810318650569e-01	   1.6591817064072922e-01	   3.7910103957203295e-01	   3.5104222729562390e-01	  -4.5382767810128203e-03	
   2.7289062794508151e-01	   3.7546271214535842e-01	   0.0000000000000000e+00	   6.3214210082660538e-01	   5.9473168619157279e-01	   3.4575027202511688e-01	   7.1039821511622847e-01	   4.1994275191327296e-01	   5.3034312823321084e-01	   3.7330341452473315e-01	   1.8900471394277227e-01	   2.2549200663691563e-01	   3.3498059116000833e-01	   2.5053751537677338e-01	   3.4673010735717280e-01	   2.8932781370333160e-01	  -1.1602676714203694e-01	  -2.3602837999482720e-03	   5.8374236818060599e-01	   3.0516943846114830e-01	   2.6327270327902297e-01	   2.1078645939844853e-01	   6.2970218622937790e-01	   5.0624872028051437e-01	   2.6313102259184851e-01	   2.4556035075290705e-01	   2.9201186901110820e-01	   3.2205938180490945e-01	  -5.7754467204519221e-03	   2.6382988151557395e-02	   3.9886366201644902e-01	   3.9759907287945745e-01	   1.2835458675866681e-02	   1.9818305595893701e-01	   2.2622922225801514e-01	   1.3785309034902540e-01	   2.6550312431695244e-01	   1.4711509161226757e-01	   3.4614265027875890e-01	   1.0090102269487275e-01	   6.9631719806138775e-02	  -1.3556543050805231e-01	   1.2085211653875955e-01	  -1.0250934814071784e-01	   6.8293940576998995e-03	  -8.0372573029728070e-02	   1.6501204440883036e-01	   1.5490969233547168e-02	  -4.5405317198853171e-02	   2.6910914045517119e-02	   1.9777316453583482e-01	   1.5029646339375108e-01	   2.8467056494287724e-01	   2.9602066585337050e-01	   2.4950519183387510e-01	   9.3351023888655515e-02	   1.1312005822238352e-01	   1.6650704999503063e-01	   4.3596993858289600e-02	   2.8698673850740111e-02	   4.4167283890069481e-01	   2.2554260314881938e-01	   1.2922621329910852e-01	  -6.8666209075361778e-02	   6.3417514769589456e-01	   3.5953682996211689e-01	   2.8154376627255912e-01	   1.5888177042159590e-01	  -1.1939642021841490e-01	  -1.1758203632091122e-01	   5.1859492371819838e-01	   4.1197121526782410e-01	   1.4225632517272277e-01	   1.9432784575403977e-01	   1.0430691968963660e-01	   2.3402116574934267e-01	   3.3535654945539140e-01	   2.7324380759221778e-01	  -1.2284733270746007e-01	   2.0262794347565233e-01	   2.5182486851503472e-02	   1.8462831340114855e-01	   2.4048789394441611e-01	   3.3335968133042870e-01	   4.0270415869720000e-01	   3.5874127386501109e-01	   3.0283645054094216e-01	   3.4869447871683412e-01	   5.3176210290230941e-01	   3.4534993762321253e-01	   3.7772774405084303e-01	   5.6107066534159156e-01	   3.8868286670070057e-01	   6.3283320056824444e-01	  -2.1189728175132388e-01	  -1.6597738049105437e-01	   1.1105887036526461e-01	  -9.6116804114232235e-02	   2.0835583764335999e-01	   2.3042173458222109e-01	   2.4295583233299936e-01	   5.5875616428240427e-01	   2.0504202226616255e-01	   1.4069280030246764e-01	   1.7909073141517962e-01	   1.6649081444338276e-01	   2.9253683109490114e-01	   1.1974503355367476e-01	  -3.0366454993784342e-01	  -1.6143638228922598e-02	   6.7212468950587412e-02	  -1.7140748357997587e-02	   2.5022790873817008e-02	   3.4704189215098387e-02	   3.7351935038110501e-01	   5.0407825395445437e-02	
   3.0682895482859696e-01	   3.0213179622959857e-01	   6.3214210082660538e-01	   0.0000000000000000e+00	   4.8488873026596208e-01	   5.5365743805224898e-01	   5.2980268734793734e-01	   7.6121019281149493e-01	   4.9383566142899638e-01	   6.3451412738613189e-01	   2.3956696793039955e-01	   4.0547707941906025e-01	   1.8311965718737991e-01	   4.9682206059988254e-01	   2.8322919922474937e-01	   4.4611999742596908e-01	   3.3464108804337783e-02	   8.9108522780915175e-02	   4.3187994917159922e-01	   3.5360206258041726e-01	   3.6663743124312748e-01	   3.2712369385991069e-01	   3.7049946699924285e-01	   5.5951736277722053e-01	   2.9778081608609053e-01	   4.6999185210390748e-01	   2.3216011853623714e-01	   3.0296312273391623e-01	   1.8397775326602646e-02	   1.8165740575504175e-01	   2.3617858138509679e-01	   5.1250495421422759e-01	   1.4620165211821409e-01	   4.3378694388100419e-01	   2.8626871845426033e-01	   4.4463668565150999e-01	   1.3580294487980654e-01	   3.3357461144945855e-01	   2.1981346704834767e-01	   3.6441267063480592e-01	   2.3901841021415393e-01	   1.9391761365958982e-02	   2.1365298413822112e-01	   2.8869916828438709e-02	   2.2262247164714023e-02	   5.1248287727057272e-02	   1.4618723946817438e-01	   1.9047913720726373e-01	   1.3011142127317937e-02	   7.8803164842713477e-02	   2.6420128304314811e-01	   2.2541907942327699e-01	   2.9218632540797673e-01	   2.5646574874810041e-01	   3.2919709410142789e-01	   2.0615956359152690e-01	   1.6877480813480872e-01	   1.5211355543970825e-01	   1.0074006604794596e-01	   1.4084177342194643e-01	   4.4391114934086023e-01	   4.9121430673620392e-01	   4.1806943274982432e-02	   7.8991186366521721e-02	   4.2393578526504733e-01	   6.6292748451647177e-01	   3.3999568292439963e-01	   4.4210943073663056e-01	  -1.1978227613332251e-01	  -5.2191666376340561e-02	   3.1816303656281153e-01	   5.2561611500682626e-01	   8.7504562534518909e-02	   3.4332988914498042e-01	   8.3267141792338802e-03	   2.3137487964307116e-01	   7.8107701501350978e-04	   2.6150085720313088e-01	  -7.1848486604591533e-02	   1.9117087065512389e-01	   8.9013270264101468e-02	   4.1983854503291035e-01	   1.2498944347566338e-01	   3.5973268529200009e-01	   2.2785199838924997e-01	   5.7875150909849327e-01	   2.0598092832136355e-01	   3.7036925077109040e-01	   6.7676552048590444e-01	   4.3737597074448942e-01	   6.5402133126281492e-01	   3.5659960986091593e-01	   7.3751178820438756e-01	   4.9121131412310243e-01	  -2.7764421688087082e-01	  -2.4649852481399182e-01	  -5.7839355947122778e-02	  -9.8750856503619269e-02	   2.1146028027119104e-01	   1.3024266776928792e-01	   6.3372381597414640e-01	   4.9419198741606618e-01	   3.9119385375489574e-01	   2.9267801443840979e-01	   3.1882955272097235e-01	   1.7015068763018965e-01	   4.9415499430802912e-01	   2.6913983681130854e-01	  -4.1508220419095254e-01	  -2.1385327062989354e-01	   4.7430059590080988e-02	   6.6207495867290800e-02	   1.0529511526856981e-01	   1.1326262733092667e-01	   3.0302800465141438e-01	  -1.0188642346001345e-01	
   1.5102739666732368e-01	   3.0254909089940407e-01	   5.9473168619157279e-01	   4.8488873026596208e-01	   0.0000000000000000e+00	   6.1895906215798036e-01	   5.4957454817095375e-01	   3.9379912883242119e-01	   7.5080277435808296e-01	   5.6812996748427480e-01	   6.6328724787610677e-02	   2.2623116928804371e-01	   3.9132298748770578e-01	   3.6979846195826627e-01	   5.7387842982481052e-01	   5.4842314648272972e-01	   8.8470586723193759e-02	   1.4850198498491118e-01	   3.4921584895399577e-01	   3.0783967478912017e-01	   2.7352040974110403e-01	   1.6565574097566463e-01	   4.9712487568690533e-01	   3.9446143344720769e-01	   2.3416232864803271e-01	   2.5809404503788247e-01	   5.4998022697055626e-01	   3.8245871657978170e-01	   2.7944364471661758e-02	   1.2858229122746812e-01	   2.4878628256999058e-01	   3.1191001044668526e-01	   3.7853115696003026e-02	   2.2579131955138201e-01	   5.9179716644656571e-02	   3.8221738534168131e-02	   1.7475155570700548e-01	   2.4104346198282625e-02	   1.2227712319307601e-01	   8.7132224763100050e-02	   4.6854587925233740e-02	  -9.5003648032580511e-03	   8.1820021036315083e-02	  -7.7352715648073112e-02	  -4.2031820655297480e-03	  -6.5779727011376216e-02	   1.0069513010887070e-01	   5.7859777722220840e-02	  -8.2422468024441919e-02	  -8.1922813300429262e-02	   7.5152191324379752e-02	   3.1662330806777009e-02	   1.5624229376998441e-01	   2.9983888003875903e-01	   2.4471812512468433e-01	   1.5759148513542262e-01	   5.8688913860743569e-02	   9.2516008316695292e-02	  -8.6124403519597728e-02	  -4.9250968999858348e-02	   2.5046179644269434e-01	   1.7142826747853590e-01	  -2.3468124804550967e-02	  -1.0519660894706160e-02	   4.1368107126617737e-01	   1.6750491713980833e-01	   1.2431167919604466e-01	   6.4783881162467805e-02	   3.4867583925963522e-02	  -1.1336608284823295e-02	   4.1050218554072071e-01	   2.7032273909167304e-01	  -2.7588486929454939e-02	   1.7860609276754799e-01	  -9.9522186184321959e-02	   3.1229703618178312e-01	   1.1955175565914164e-01	   2.0926665743505291e-01	   1.2607029435065328e-01	   2.3028812389628844e-01	   1.1332881757194456e-01	   2.4836350273555452e-01	   2.7132396580363571e-01	   3.0017083884196405e-01	   1.3981755245841837e-01	   1.8293142896298320e-01	   1.9913657104210797e-01	   2.2466123485523171e-01	   3.9047890970508586e-01	   2.5857783426538727e-01	   3.4504469155816758e-01	   3.7889198415917252e-01	   3.8052260425321105e-01	   5.6274246001577244e-01	  -1.3843862792217720e-01	  -5.9825481424160144e-02	   8.1671813234388685e-02	  -3.7626811989196762e-02	   1.3205237623650318e-01	   4.7407288033316751e-02	   2.9163080571850164e-01	   4.2021616256765093e-01	   2.6246525540772425e-01	  -2.6213478445309052e-02	   1.5640801176924424e-01	  -5.8346452538873120e-02	   2.7974663361445146e-01	   2.0893855992442759e-01	  -3.7127646996837971e-01	  -1.1677849665076875e-01	   1.6349100619525667e-01	   8.1347654224068450e-02	   1.0359719940223280e-01	   1.6352836214646246e-01	   4.0527614028856784e-01	   1.3688361761211936e-03	
   2.8041323174850213e-01	   3.0258631581545414e-01	   3.4575027202511688e-01	   5.5365743805224898e-01	   6.1895906215798036e-01	   0.0000000000000000e+00	   3.3813248397468748e-01	   4.6868530365641414e-01	   5.2279636130255003e-01	   7.6438155300646682e-01	   1.7142160724370309e-01	   3.4974104512300086e-01	   2.1028817632803540e-01	   4.9871313491903690e-01	   4.1549609478622429e-01	   6.7233458314320405e-01	   1.1124187724724341e-01	   2.1232861278974305e-01	   3.2476424430007789e-01	   3.1452690397751248e-01	   2.8724426341167908e-01	   1.8195735646011749e-01	   3.5819012477520734e-01	   4.4914249649662780e-01	   6.5859236953439731e-02	   2.6213423215258042e-01	   3.8017741742276456e-01	   3.8532816714985618e-01	  -6.0652682976559395e-02	   1.3841106234421457e-01	  -2.2729358937701356e-02	   1.7884587902093951e-01	  -5.0060398198618572e-02	   2.3559858271389089e-01	  -1.3425011250899027e-01	   4.7983636279378641e-02	   1.6565671362529996e-01	   1.1458058721512160e-01	   1.5880238100521535e-01	   2.4664978183698499e-01	   2.1250629887586658e-01	   2.4893500727097589e-01	   1.6183919291900328e-01	   3.1283967169264036e-02	   1.2009320446248611e-01	   7.3619874758909340e-02	   2.6954540691896467e-01	   1.4665330206144267e-01	   7.5554122140635727e-02	   4.5357846866239747e-02	   2.3784700113339768e-01	   2.3382068615204959e-01	   3.7298516628507761e-01	   4.4786919939252556e-01	   3.5243538747229730e-01	   3.8239395649935370e-01	   2.2109481635990791e-01	   2.4577157598451632e-01	   2.0376662334267388e-02	   6.6345953604313182e-02	   2.4437946668048943e-01	   3.2347673536553323e-01	  -5.6027961491185538e-02	   4.1773091954585721e-02	   3.1035245386499810e-01	   4.1053842530332485e-01	   1.5797201336330748e-02	   6.8537855886454058e-02	   2.4602605114658019e-02	   1.5685859394630153e-01	   2.4455352697568675e-01	   4.0829380956189265e-01	   8.0243173234842119e-02	   3.4632752671893308e-01	  -9.5313682541400047e-02	   3.3746073111281050e-01	   1.7761717948646938e-01	   4.1511865482893440e-01	   1.0039026227289255e-01	   2.5369001391833446e-01	   1.9298433263742382e-01	   2.5803168524860276e-01	   7.1315959258898803e-02	   1.3495954823779246e-01	   1.9042919630578553e-01	   2.9500851649270837e-01	   2.3028430394313504e-01	   2.0577226180925515e-01	   5.0741175287230844e-01	   3.9790419224240120e-01	   4.6191966660538397e-01	   2.8667512590458238e-01	   5.8218697224488558e-01	   4.5136080041534987e-01	  -1.4456827777312162e-01	  -1.6684144362960251e-01	   1.0014273881858655e-01	  -1.3084123958986688e-02	   1.8221282466031760e-01	   1.8538856741036555e-01	   3.6567143102841920e-01	   3.7871739842273561e-01	   3.0112286715309333e-01	   1.6276612378209113e-01	   2.2046801511025541e-01	   4.0829466386826233e-02	   2.0033811614451558e-01	   7.0318053707449257e-02	  -4.7480406626921690e-01	  -2.3082110526437863e-01	   8.4748208839324990e-02	   2.0833676170112925e-01	   2.3674472385042852e-01	   3.5845541553914795e-01	   2.5624539653568867e-01	  -6.9610575331330179e-02	
   2.6624018696508145e-01	   1.1714373090907962e-01	   7.1039821511622847e-01	   5.2980268734793734e-01	   5.4957454817095375e-01	   3.3813248397468748e-01	   0.0000000000000000e+00	   7.0982985747731397e-01	   5.8561547213915033e-01	   4.9787756236852954e-01	   2.1404408814439638e-01	   4.2278004770286814e-01	   4.0063973896390126e-01	   4.0663711434433847e-01	   3.2714151515401535e-01	   3.0126994127051349e-01	  -5.8896361587082391e-02	   5.0399271973722015e-02	   4.2579741949786998e-01	   4.1903156423141785e-01	   3.0148923363839442e-01	   1.9013036141397252e-01	   1.6491241876104756e-01	   9.7690971256377851e-02	   2.4789146564037062e-02	   6.7732136926671474e-02	   1.4421130841290586e-01	   6.7628891894124993e-02	   2.5932696150465595e-01	   4.0114890827386152e-01	   1.7916254525965142e-01	   2.6584627911183739e-01	   3.1960501507765743e-01	   4.8264009406266073e-01	   1.1412156718242208e-01	   1.3382228893045461e-01	   9.1795538434984392e-02	   6.6314503428470034e-02	   1.8837088673080515e-01	   9.0068014991479498e-02	   1.2535471069290935e-01	  -1.5948314241304988e-02	   1.8664037542824552e-01	  -1.5036848478153970e-02	   1.3577877582607611e-01	   2.0509801699206097e-02	   1.5390003267352087e-01	   8.1411098231633672e-02	   1.0855369860674261e-02	  -1.8948269520334640e-02	   1.3563958920847557e-01	  -7.5010664438379358e-03	   2.4801528721543936e-01	   1.9727424418395617e-01	   2.2191636723311034e-01	   1.0610324780987485e-01	   9.0082689563003138e-02	   8.7178568076845958e-02	   1.4943495799051720e-01	   2.1475584693954122e-02	   6.2863689704523951e-01	   4.9044393175486301e-01	   8.3011832623462511e-02	   8.7040608866508745e-02	   4.1782927798313862e-01	   4.1311853351549888e-01	   3.6250152042571321e-01	   2.3941477366501152e-01	   2.3286259621028000e-02	   1.9497624722902916e-02	   2.9012192177093787e-01	   3.2603381833122574e-01	   2.2242302491854227e-01	   3.0400412195754667e-01	   8.2349988157618525e-03	   3.0778543892693522e-01	   9.4046558700123933e-02	   6.1698742830347916e-02	  -9.7937477272595219e-02	   2.3027723606101352e-01	   3.8921657855869249e-02	   3.6163536770067145e-01	   1.1291708515755013e-01	   3.5576017809679350e-01	   2.4136435223964914e-01	   3.6855515352677326e-01	   1.7974486740220966e-02	   1.4072491676531595e-01	   5.5482400480402583e-01	   2.6368025825521813e-01	   3.4638931101826687e-01	   3.6007933534716180e-01	   2.7049360478161394e-01	   5.1017744390275788e-01	  -2.5859280739428736e-01	  -1.7499658564229922e-01	   8.8777524743846703e-02	  -8.2404757136416262e-02	   1.7740454795100213e-01	   1.9738541884327077e-01	   2.2596708880870042e-01	   5.9819492353439463e-01	   1.2713067763311967e-01	   2.1503474890948729e-01	   6.4055832613087504e-02	  -2.3820029834911390e-03	   3.4669662297229215e-01	   1.4564124209362481e-01	  -3.5308928530991379e-01	   3.5512772724064237e-02	   1.8704127101520993e-01	   6.6445532505666455e-02	   1.1581959484922502e-01	  -5.2647793839281538e-02	   1.4172283278322123e-01	   7.7121251319923851e-03	
   2.8261886694340171e-01	   1.6050330369933946e-01	   4.1994275191327296e-01	   7.6121019281149493e-01	   3.9379912883242119e-01	   4.6868530365641414e-01	   7.0982985747731397e-01	   0.0000000000000000e+00	   4.5859442566079056e-01	   7.0830445313755452e-01	   3.4261085183829137e-01	   7.0652912499270348e-01	   3.1907032061843721e-01	   6.6772790104565005e-01	   3.1312731224351520e-01	   3.1509814617163695e-01	   1.3963668353034281e-01	   1.1045674418441762e-01	   3.4691402781785363e-01	   4.2917727989876275e-01	   3.2978929697793208e-01	   2.3548447783567933e-01	  -3.4525684049473961e-02	   7.7133479429534121e-02	  -3.3143661850997715e-02	   1.6712910780237225e-01	  -5.7031249568283288e-02	  -5.2552826242153884e-02	   3.3861661023199446e-01	   5.4681090238552987e-01	   4.5409015284047262e-02	   2.8076011844800930e-01	   4.2905417638228283e-01	   7.0302800087632611e-01	   3.0956806893928351e-02	   2.5394681852470835e-01	  -7.9039082824333320e-02	   1.9687784178448581e-01	   3.9782635617753574e-02	   3.1573277993133719e-01	   2.8823878842154815e-01	   2.0682819686716170e-01	   2.4817555831095456e-01	   9.6085264770373879e-02	   1.3239031602983659e-01	   1.0070341055235499e-01	   1.0257861314217137e-01	   1.6304601912324473e-01	   1.0626393131345090e-01	   9.2033062281829198e-02	   2.6634237498371754e-01	   1.2983888407898028e-01	   2.6168195848857051e-01	   2.0357017311823061e-01	   1.8549039669653059e-01	   2.2346252795850763e-01	   1.4059771644930272e-01	   1.1541306533456988e-01	   2.5491978085589118e-01	   2.1647957167392234e-01	   6.3929742432441183e-01	   7.7780488445711482e-01	   4.2666268353428627e-02	   3.3548338246585169e-01	   1.8983615421545710e-01	   6.1844356360239527e-01	   3.4835805049078050e-01	   4.5075535629427482e-01	   7.4702334157105366e-02	   1.3381773164686725e-01	   1.3552941216653522e-01	   4.2288538837529527e-01	   2.3482189063343401e-01	   4.3373633462906663e-01	   8.5350445009262615e-02	   2.5501018569118888e-01	  -1.3695174464806575e-01	   7.0650805779670700e-02	  -9.4351758801731397e-02	   1.8720129879796438e-01	   1.3373076882679485e-01	   4.5395908568402438e-01	   4.5882579085339180e-02	   2.5106480222704475e-01	   1.1742540769663325e-01	   4.1039811445024860e-01	  -1.1350540671878229e-01	   1.1541707362676769e-02	   6.6419875930073524e-01	   4.0659534298613825e-01	   4.8027743916225013e-01	   1.6772185512144114e-01	   4.3643648787264355e-01	   3.3920088260473480e-01	  -2.4546527442704527e-01	  -2.4271119518868267e-01	  -1.1669332438198898e-01	  -9.6704245934533667e-02	   1.2831768761833248e-01	   1.8798037020891914e-01	   4.1842413669437406e-01	   5.1694414693642154e-01	   2.3636344741980664e-01	   3.5154412694102594e-01	   1.1066104809921055e-01	  -2.1572191912953745e-02	   4.4526722403112773e-01	   2.5767669382681513e-01	  -4.9052038286294358e-01	  -1.3082346155065300e-01	   5.0610152520732969e-02	   9.4742089829507700e-02	   1.7537506653857721e-01	   4.6134758237808667e-02	   4.0343307861987919e-03	  -9.6192427159713850e-02	
   1.7134729041295732e-01	   2.2229357372446204e-01	   5.3034312823321084e-01	   4.9383566142899638e-01	   7.5080277435808296e-01	   5.2279636130255003e-01	   5.8561547213915033e-01	   4.5859442566079056e-01	   0.0000000000000000e+00	   6.5841184695481991e-01	   1.6655969832453260e-01	   2.1349900334313879e-01	   5.5092774999679905e-01	   4.8820911352238072e-01	   7.1811250399554238e-01	   5.5294026741631197e-01	   1.0643512925024282e-02	  -4.8363401183338588e-02	   3.3562937045857755e-01	   2.4084736473341159e-01	   9.6346449277665974e-02	   7.3510117337131984e-04	   4.6423803434339028e-01	   4.2882403338194663e-01	   1.8063329534467260e-01	   2.7063973825426030e-01	   4.1271709406750146e-01	   3.0114979038286482e-01	   9.9856213392494675e-02	  -1.1111754504790555e-02	   1.7328239455125904e-01	   3.1100551954491229e-01	  -2.8318920742818596e-02	   2.3003217726779501e-01	   6.0431341043806097e-02	   9.4292552012257197e-02	   5.0311732159848764e-02	  -1.7068968203321787e-02	   1.2959769093019119e-01	   2.1519902727102941e-01	   1.2115373696181460e-01	   4.7301772319544411e-02	   5.5652740194643752e-02	  -3.8418650348450725e-02	  -5.7546941908636504e-02	  -3.9711110120431728e-02	   1.6633234207940717e-02	   4.6834662292030801e-02	  -1.3468056028485159e-01	  -7.3741771315054702e-02	   1.9040891066067437e-03	  -8.4840131062593246e-03	   8.5372087367975052e-02	   2.2093529304872311e-01	   3.8121937398944461e-01	   4.2977527915724997e-02	  -2.6729384819554509e-03	   1.1874251858008114e-01	  -4.0693669148847950e-02	  -3.3572899058767952e-02	   3.2027704129203327e-01	   2.1013199226825086e-01	  -5.8320228692265094e-02	   1.2779474031900695e-02	   3.7910677002803073e-01	   2.6575629845167442e-01	   7.2355499295745140e-02	   7.2614670390077879e-02	  -4.3579055496548516e-02	  -6.5027270991930092e-02	   2.5752945919662917e-01	   2.7400644377476990e-01	  -1.2596345862076494e-01	   1.0028414496866489e-01	  -2.0943907821931831e-01	   1.6767111891228534e-01	   5.6716656950627040e-02	   1.4407793804386892e-01	   5.6650273451197580e-02	   1.2275739116008999e-01	   5.1837960157281827e-03	   1.3713622443085921e-01	   2.5156738565117387e-01	   2.8956145318828674e-01	  -3.0631737245387893e-02	   2.1595679355950104e-01	   2.6061663654985134e-01	   2.6602818163328595e-01	   3.9583179199520668e-01	   1.0331148788563617e-01	   3.8322778805100510e-01	   3.2356583985663884e-01	   4.2335470946369613e-01	   4.9885579219127807e-01	  -1.7170337879987094e-01	  -3.4682784814248538e-02	   1.1632862476756160e-02	  -1.3293322988967343e-01	   1.7663621260697132e-01	   3.9700534143459580e-03	   3.0938686336980792e-01	   3.6055028341731027e-01	   2.3502063358097880e-01	   4.1911194259695139e-02	   1.7306657407070547e-01	  -1.0323844681023429e-01	   3.2748475271787064e-01	   2.8812435347924253e-01	  -2.9719151229517327e-01	  -1.2798392150312663e-03	   1.7043660261026700e-01	   6.3989939758930196e-03	   1.3253938608487895e-01	   1.7228164283030989e-01	   2.8486978530345819e-01	  -6.2806291635800746e-02	
   2.4312997844088752e-01	   2.1685492452803090e-01	   3.7330341452473315e-01	   6.3451412738613189e-01	   5.6812996748427480e-01	   7.6438155300646682e-01	   4.9787756236852954e-01	   7.0830445313755452e-01	   6.5841184695481991e-01	   0.0000000000000000e+00	   1.0512175457663576e-01	   4.1625487675282835e-01	   2.2269253917747603e-01	   5.2589118745299168e-01	   4.1444478209890140e-01	   5.6815919090388367e-01	   1.9425356044838127e-01	   1.3885060818617731e-01	   3.1126540965170213e-01	   3.4908549384569881e-01	   1.1975602258137302e-01	  -1.4776238700094002e-02	   2.2051576369200876e-01	   3.4528675174232415e-01	  -4.8810903032232379e-02	   2.2093680865521498e-01	   8.5401633113047867e-02	   5.2796536905767202e-02	   9.0035319589016657e-02	   1.9982504218871519e-01	  -6.6961287520952179e-02	   2.1554464647316524e-01	   1.2623835568908892e-01	   4.2164148739707502e-01	  -1.2635217484272682e-01	   6.1641494161921995e-02	  -5.7306032585640265e-02	  -1.4418619912541262e-02	  -2.7851545051386317e-02	   1.6281316764380513e-01	   1.7571031029125375e-01	   2.2693933825682555e-01	   2.4972353429003269e-01	   1.0804330921614957e-01	   1.2876100249437333e-01	   7.1948737043954172e-02	   1.3417677370018521e-01	   1.0048611646894692e-01	   3.1248230030270975e-02	  -2.7606908872952890e-02	   5.4223175918654387e-02	  -1.6104987328353818e-02	   2.0272821227782831e-01	   2.7241332725274781e-01	   1.7835694830565241e-01	   1.2199251012383702e-01	   2.3396587531317994e-01	   2.4874785163742141e-01	  -4.4213120535250484e-02	  -1.0327410282253634e-02	   4.1922870920632738e-01	   4.8412850245802874e-01	   1.8059035849674623e-03	   1.9765951812876242e-01	   2.8281788306740169e-01	   5.1770134347910335e-01	   4.3896419328028685e-03	   8.2202163897912683e-02	   1.0422195288608888e-01	   1.5538369379148900e-01	   1.1679045797693943e-01	   2.7698320097479934e-01	   5.1245221948380708e-02	   3.1937291476029772e-01	  -2.7694717079170237e-02	   1.9866398972579358e-01	  -4.9444667859059543e-02	   1.3092056939047994e-01	   1.3655227115638754e-01	   2.6465035822973704e-01	   2.0551091700601132e-01	   2.6782884942087359e-01	   1.4139160515338433e-02	   1.1897659407447328e-01	   7.8818744742489288e-02	   2.4287540000984456e-01	   1.1555643885806502e-01	   1.2149546780834813e-01	   5.2029641099763968e-01	   2.0499447928044301e-01	   4.7925937981741551e-01	   2.3704053845966533e-01	   5.9855797830419855e-01	   3.7507611737537172e-01	  -1.7098450955103023e-01	  -2.0429592469417285e-01	  -2.6504051911365911e-02	  -7.2334049235550438e-02	   1.1242182971379033e-01	   1.2288355492328899e-01	   4.5488250538788189e-01	   3.9923139910428018e-01	   2.7486675682468503e-01	   2.3541725334507735e-01	   8.6710811576493199e-02	  -2.5971923094038007e-02	   3.4885495737765698e-01	   1.5654966509560686e-01	  -4.6030282054257754e-01	  -1.3751345860903461e-01	   2.1887735531568454e-02	   9.9907740620721497e-02	   1.9119654129091679e-01	   2.2521729803583651e-01	   9.7232209843446882e-02	  -5.5692991976204517e-02	
   5.5586782105360122e-01	   4.6320900652570890e-01	   1.8900471394277227e-01	   2.3956696793039955e-01	   6.6328724787610677e-02	   1.7142160724370309e-01	   2.1404408814439638e-01	   3.4261085183829137e-01	   1.6655969832453260e-01	   1.0512175457663576e-01	   0.0000000000000000e+00	   5.3380208004917185e-01	   5.8337869838730838e-01	   5.2442617428918981e-01	   3.9100119839572040e-01	   1.7594439844999844e-02	   2.9112613219589917e-01	  -1.7317053044903420e-02	   5.5274323845928897e-01	   2.6847372407001607e-01	   1.2650269189113850e-01	   1.6015806854767844e-01	  -4.3913062938509023e-02	  -1.0302979246399657e-01	  -8.4972851122676274e-02	  -8.5031660248069046e-02	   5.8395653767071808e-02	   1.1041226369496940e-01	   3.9331750795384690e-01	   2.1744407008460997e-01	   2.7140124792595283e-02	  -3.2797665079061074e-02	   1.2224236787432867e-01	   2.4459719337261476e-01	  -1.8352404012305074e-01	  -5.6090958742518651e-03	   1.6473034157135735e-01	   1.5652379117037962e-01	   9.0019268678804224e-03	   2.6223783556887620e-01	   3.9637702192104585e-01	  -1.0284585025209077e-02	   6.0041975110557068e-02	   1.3681086000299868e-02	  -6.4092111038098462e-02	  -5.9225867559148340e-02	   1.2588567535464043e-02	  -5.1123307959135805e-02	   7.0214962160009414e-02	   2.1668226741116983e-01	   4.2688796534303480e-01	   3.7817722661522463e-01	   3.7482869884539188e-01	   2.8152908385027020e-01	   1.8323115273804730e-01	   2.2684112103159496e-01	   1.5128082000928861e-01	   3.5984571684595656e-01	   3.9023662654459829e-01	   4.4921531566386419e-01	   3.7209988173646619e-01	   4.8258337693286751e-01	   2.1975421461590283e-01	   4.6165093382335215e-01	  -2.1021277888494880e-01	   5.8737744605250865e-02	   7.5636907601065922e-02	   1.6587021877362523e-01	   2.2527148414407822e-01	   1.6672338275431614e-01	   2.7591365533582557e-01	   2.6390339566792953e-01	   3.8597454319582425e-01	   2.2289171241252409e-01	   2.7346229260826138e-01	   2.2707132898427806e-01	   3.1471535663066530e-01	   3.9737442612322105e-01	  -1.0582248643620287e-01	   3.0687562632628125e-02	   1.1156843217570467e-01	   1.2191294913116828e-01	   4.2670889791591027e-01	   1.7080793828161578e-01	   3.3644861943732021e-02	   1.1774964946340346e-03	   5.8586624945447335e-02	   9.7306446860862122e-03	   2.5447806904359771e-01	   4.8241361760737200e-01	   1.0711669411900959e-01	   1.3623887242769800e-01	  -5.6690343318223563e-02	   2.2134241659265075e-01	  -1.0005541442356441e-01	  -4.3723689550134254e-02	   4.8877378494543086e-03	  -4.8026528724209400e-02	   1.1469609658137593e-01	   2.6809837688827803e-01	   3.3237996801655574e-02	   2.7051575961664542e-01	   2.0187137389714518e-01	   3.2935943006910867e-01	   2.2048376635589584e-01	   1.0332634517858903e-01	   1.6876462432257824e-01	   1.7309409854465652e-01	  -3.0426122658713584e-01	  -1.8071335881700248e-02	  -4.1946984480846329e-03	  -2.9113386267727977e-02	   6.2882043028700513e-02	   3.4410777608843024e-01	   1.3240149993708766e-01	  -1.4682074097505951e-01	
   3.8753808901807918e-01	   4.2482459357488106e-01	   2.2549200663691563e-01	   4.0547707941906025e-01	   2.2623116928804371e-01	   3.4974104512300086e-01	   4.2278004770286814e-01	   7.0652912499270348e-01	   2.1349900334313879e-01	   4.1625487675282835e-01	   5.3380208004917185e-01	   0.0000000000000000e+00	   3.9318979866790860e-01	   7.8555277020396130e-01	   3.2410062176423204e-01	   1.6644338145362916e-01	   3.1885627062553629e-01	   2.4387086411757669e-01	   3.9515276516235320e-01	   3.8934567809867826e-01	   2.4395707644729828e-01	   2.2214634188838456e-01	  -1.0073244759345665e-01	  -1.2894194450409951e-01	  -1.3530920374091462e-01	  -6.4704822540844018e-02	  -1.0467467378897809e-01	  -9.1261593399903057e-02	   4.9621135766369578e-01	   6.3304804529629288e-01	   1.2072022178442195e-02	   3.6148191221645011e-02	   4.6660179275802344e-01	   6.1838197100814574e-01	  -1.1553669411188713e-01	   1.8713180090727297e-02	  -2.6377062856102029e-02	   1.9822496708448079e-01	   3.8773415592019876e-02	   2.5468074275412556e-01	   3.5599873154844186e-01	   2.2600741194808111e-01	   1.1006365903208978e-01	   7.3509133435664523e-02	   7.5331341065948354e-02	   3.8862943283799828e-02	   1.1070128639912863e-01	   3.8231273601003625e-02	   1.2448563852851993e-01	   1.6742226718743286e-01	   3.9728190423312448e-01	   2.6313392273992164e-01	   4.2128965874433111e-01	   3.1349522029121563e-01	   1.7056743844269617e-01	   3.8360465345548744e-01	   2.2429957720716598e-01	   3.2661375605651249e-01	   4.0394360123229950e-01	   4.0427642948055165e-01	   6.1236677582861521e-01	   7.7383954687107526e-01	   3.1317285037112558e-01	   5.9993988961833900e-01	   2.1971607543477538e-02	   3.6584842308309351e-01	   2.7605392795743228e-01	   3.4029697388391872e-01	   2.3419025862464227e-01	   2.1390052586102165e-01	   2.1810226426199050e-01	   3.1288349434059193e-01	   4.9006150274239796e-01	   4.8979354999590474e-01	   3.3739934116835157e-01	   3.2851748913907591e-01	   1.2456319716370540e-01	   3.2464844307629109e-01	   6.8992159164402503e-02	   1.2691254477951702e-01	   3.7787229356027363e-01	   2.6070027901393183e-01	   1.6664995162548085e-01	   7.7106706047775364e-02	   2.4457927947879066e-01	   1.3150685617943744e-01	  -1.3200536837152482e-01	  -2.0366080999053415e-01	   5.9073430455994380e-01	   5.7867391195684892e-01	   2.0802316840778073e-01	   1.1665893789704530e-01	   1.0929939210659903e-01	   2.7202184873718033e-01	  -9.6775773267342088e-02	  -2.3608152692152484e-01	  -5.3304958266801608e-02	  -1.0316120391960273e-01	   1.2857964362657676e-01	   2.8708584452037400e-01	   8.4354514853455423e-02	   4.0915210502397492e-01	   2.3931101500753266e-01	   3.6207656590257253e-01	   3.6870332366748484e-02	  -5.3882490595107871e-02	   2.5701461144305421e-01	   1.3239154834789649e-01	  -3.5443418692087825e-01	  -1.1838410133046173e-01	   1.7587039104681765e-02	   1.1391364603611345e-01	   2.2504619547303759e-01	   1.8940156560973564e-01	  -6.1381531581679638e-02	  -2.2428367892085621e-01	
   2.4761322942976688e-01	   2.9413836063381649e-01	   3.3498059116000833e-01	   1.8311965718737991e-01	   3.9132298748770578e-01	   2.1028817632803540e-01	   4.0063973896390126e-01	   3.1907032061843721e-01	   5.5092774999679905e-01	   2.2269253917747603e-01	   5.8337869838730838e-01	   3.9318979866790860e-01	   0.0000000000000000e+00	   5.7255807041529572e-01	   7.2769933012145827e-01	   3.5499967218702549e-01	   1.8120856068610580e-01	   9.2900357828723953e-02	   4.4564375414819279e-01	   3.0964635042959943e-01	   1.2305820024284933e-01	   1.1926750631092262e-01	   3.1965812789412407e-01	   1.5759028933602756e-01	   2.0000777955769111e-01	   1.6265758339816622e-01	   3.4913132236563071e-01	   2.7341240822616231e-01	   4.2511798942698908e-01	   2.4105790234894478e-01	   1.9620593506868694e-01	   6.7972554039892399e-02	   1.7501635094699139e-01	   3.1288661186566230e-01	   9.9534041757587288e-02	   1.2854413316269003e-01	   2.4805585882398384e-01	   1.4490289881077495e-01	   2.6846367739968136e-01	   2.9940983117664366e-01	   3.4406413579157386e-01	   1.6999282669898386e-01	   1.1279676732866861e-01	   4.1472002383391098e-02	   8.1874798248996739e-02	   3.9709196177380349e-02	   9.3198488785505129e-02	   1.8829091009132645e-02	   2.7195315497148979e-02	   7.0840733257862082e-02	   2.1676823876524071e-01	   1.2974157121595994e-01	   1.9124171870257003e-01	   1.7421201375194256e-01	   3.7495559009343954e-01	   1.6079570084006700e-01	  -5.9423773768601439e-02	   1.6241078181831820e-01	   1.4063214517533693e-01	   4.8504054173142103e-02	   3.0653018584085417e-01	   1.9564317503079171e-01	   4.8982808875543252e-02	   1.7888953315321088e-01	   1.3231375744478174e-01	   1.0556445082243829e-01	   8.9932038349747584e-02	   7.4136203108362331e-02	   1.2764005112948537e-01	   1.9286781773493258e-02	   3.2609495631551522e-01	   1.7222612909870538e-01	   2.1453152874580556e-01	   1.4106761786394711e-01	   1.0691071601536355e-01	   2.6031268060710899e-01	   2.6268596488466700e-01	   1.8262075218659518e-01	   7.8915771680048742e-03	   1.5876336402817648e-01	   9.9688715603149930e-02	   2.0587756496330226e-01	   5.4673140991766433e-01	   4.6139504685651245e-01	   2.2789823101978020e-02	   7.5519248524033508e-02	   3.2004340502180256e-01	   1.9593155838650692e-01	   3.3483452883430925e-01	   1.7473318307782754e-01	   8.3338649398296522e-02	   2.3185777231577559e-01	   2.7365420210800094e-02	   3.8775995794886103e-01	  -8.5135589615141141e-03	   1.4866380989973899e-01	   1.7934898438296198e-01	  -6.8732881068287066e-02	   1.9378646378401237e-01	   1.8476745952352386e-01	  -3.0431247030047074e-02	   2.1674965686680592e-01	   1.2689663895162617e-01	   9.6144080937835552e-03	   1.7728824474648319e-01	  -5.7277789472867865e-02	   1.4215308569180832e-01	   1.8647353122149027e-01	  -2.1031839168794098e-01	   1.6756310854665804e-01	   2.1582355762032068e-01	   7.6839348959640442e-03	   8.5503194604946792e-02	   1.7729319062499760e-01	   2.2249953786287932e-01	   3.3235338701386899e-03	
