   0.0000000000000000e+00	   9.0571558949066178e-01	   6.6067977888371421e-01	   5.9125486100838831e-01	   4.3394821010744306e-01	   3.2704999461558742e-01	   6.2789697063550376e-01	   6.4986024531686093e-01	   4.6108692347341185e-01	   4.0270610973747989e-01	   7.1962893640156833e-01	   7.1334561765803417e-01	   6.0815017386310544e-01	   6.8592704415752936e-01	   5.4235794340753718e-01	   6.5004338871198475e-01	   8.4159949530666756e-01	   7.9750094043016262e-01	   8.5617960230820933e-01	   9.1518971986459352e-01	   4.7010481767351497e-01	   3.0292357158084071e-01	   5.4795811709814679e-01	   5.6379146657497980e-01	   4.0986682830156723e-01	   3.5304615879197010e-01	   5.7132095008747896e-01	   4.2436003790760224e-01	   7.1329178114093528e-01	   6.6329581738424959e-01	   4.4864927144778277e-01	   4.5670260838845517e-01	   8.4153841387247752e-01	   8.2557375804115751e-01	   5.9684245477326092e-01	   4.9598126593732172e-01	   3.8569190547022975e-01	   1.3111798976704708e-01	   6.4425585439147359e-01	   5.4933236234516059e-01	   4.9786365501972446e-01	   3.5075903825857191e-01	   4.3005087495599292e-01	   4.4308663518509983e-01	   4.7995951537997317e-01	   5.5646553378348773e-01	   7.1531650573558037e-01	   6.9530281557523499e-01	   6.8180705165363009e-01	   6.8187147252812941e-01	   7.8976458952316930e-01	   7.4410409653619036e-01	   7.7405176233048389e-01	   7.3081344801124393e-01	   8.2444229258071200e-01	   8.1911690920656322e-01	   8.8384580356316622e-01	   8.4645326728176729e-01	   8.0153883272074777e-01	   7.7075666050332636e-01	   7.3501426012391102e-01	   6.8603771084601495e-01	   8.7409684716568514e-01	   8.3908976509186961e-01	   4.2796377412331499e-01	   5.0380984502433213e-01	   6.6146825041211088e-01	   6.6791921989695779e-01	   8.7707358388605694e-01	   8.4041428947562857e-01	   2.7795950034551065e-01	   9.1289725668918686e-02	   6.0517977016417035e-01	   5.6004311684923491e-01	   4.2381125983705004e-01	   3.7230653844594414e-01	   4.9833391984978131e-01	   5.0978272113498402e-01	   8.2193159243637837e-01	   8.2975952936886077e-01	   8.6036384764522178e-01	   8.5529848238143236e-01	   7.6379042499130567e-01	   7.7158471478251878e-01	   7.5019704570323287e-01	   7.6993387761335108e-01	   5.0817141824220435e-01	   5.8516841535522668e-01	   6.2657642119540180e-01	   7.6840287773132054e-01	   4.4819142251999006e-01	   5.6178617529068786e-01	   3.8347647847755234e-01	   5.4359926749653920e-01	   1.2253431774850322e-01	   1.3460846094294271e-01	   7.7005856391989913e-01	   7.3231129883144830e-01	   7.0100495985254885e-01	   7.7376361577255814e-01	   4.5040790796341779e-01	   6.0754274512048423e-01	   5.8888099554980056e-01	   6.5510395650619890e-01	   2.6763059168539038e-01	   1.1488305973184457e-01	   2.6922064499816090e-01	   4.1341341208356441e-01	  -6.9496575573788022e-02	   1.0595113761478112e-01	   6.8550250131397450e-01	   6.7349015832947057e-01	   3.1779438955955952e-01	   5.9297258280802545e-01	  -6.4425648613250008e-02	  -3.7380027770426361e-01	
   9.0571558949066178e-01	   0.0000000000000000e+00	   5.5364958198783765e-01	   5.4303795715081882e-01	   4.0505675714716116e-01	   2.9360298450375089e-01	   5.4741659668446696e-01	   6.1153547634613759e-01	   4.3912275183213018e-01	   3.8828950504826543e-01	   5.9060811492777243e-01	   6.9564131738949131e-01	   5.3524369444738029e-01	   7.2546628862348284e-01	   5.2491159087214068e-01	   6.3679251740159626e-01	   9.0000780820619952e-01	   8.8941763542168861e-01	   7.3170266432822284e-01	   8.7211838142693721e-01	   4.4550540168185832e-01	   2.1787441116971207e-01	   4.4560969638094600e-01	   5.0619088080310470e-01	   3.9201789644011903e-01	   3.6778242813325379e-01	   4.7498832848299477e-01	   2.8548284491204057e-01	   7.5374908662914819e-01	   7.5718135905466977e-01	   4.7372695421549071e-01	   4.8948178071863774e-01	   8.2538715804188389e-01	   8.2580182077827913e-01	   4.9509120926067207e-01	   4.4101940714628091e-01	   3.4235780669977889e-01	   1.2877032471676936e-01	   5.6729998724202302e-01	   5.7434836891195540e-01	   4.9222966829559872e-01	   4.0884085474640192e-01	   4.0621756298736245e-01	   4.4591065431879084e-01	   5.0598611137522964e-01	   5.7606810504130113e-01	   7.1786962651217268e-01	   7.1483254325674206e-01	   6.7932540198338343e-01	   6.8820100679682061e-01	   7.9412047296644972e-01	   7.3127976344951029e-01	   7.5543329786037394e-01	   7.7542427910844014e-01	   7.7968183561740112e-01	   8.2122371202177713e-01	   9.2287554603844879e-01	   9.4093624874094928e-01	   6.9291525116094166e-01	   7.3453427310427999e-01	   6.2879465547317470e-01	   6.1482741667123375e-01	   8.8302630567489626e-01	   8.3468699402636282e-01	   3.2549107898832824e-01	   4.3461151479693111e-01	   5.8918138718774338e-01	   6.1408156576137285e-01	   8.9906581908219385e-01	   8.8567027593667591e-01	   2.6780548283557382e-01	   1.0062021463892043e-01	   5.8638583639184372e-01	   5.8882825472022926e-01	   3.7281555016471840e-01	   3.6831157272082693e-01	   4.6725374925069096e-01	   4.8601276418363026e-01	   8.9486449290860159e-01	   8.9131137287892925e-01	   8.9167178204965247e-01	   9.1052851812887137e-01	   7.2746623976715807e-01	   8.1648580265983139e-01	   6.8967562602900845e-01	   7.2955437101808873e-01	   4.6852434431627377e-01	   5.2791219745006668e-01	   5.3848709989263110e-01	   7.0757437281491908e-01	   3.4780007417313313e-01	   4.6934972801613284e-01	   3.0382401431953626e-01	   4.6681980734595052e-01	   1.6005530681674804e-01	   1.8815031344772909e-01	   8.0565929855208718e-01	   7.8450456848058769e-01	   6.7948297301805005e-01	   7.1600997596030524e-01	   4.4049925937241652e-01	   5.6973537390873630e-01	   5.9425011938393313e-01	   6.1977289819263470e-01	   2.3673905800492673e-01	   3.3357535897704405e-02	   2.7791501517745748e-01	   4.3361177057129729e-01	  -6.6410464458578691e-02	   1.3265148684854994e-01	   6.8726800661582299e-01	   6.8474993612009027e-01	   2.7155808194059528e-01	   6.4097101844381843e-01	  -1.4850972109346222e-01	  -4.2538502366516245e-01	
   6.6067977888371421e-01	   5.5364958198783765e-01	   0.0000000000000000e+00	   8.7990995110868819e-01	   8.0385479319693420e-01	   6.8615983733017094e-01	   9.3028895606344275e-01	   8.0730116663456752e-01	   7.7347400373300768e-01	   6.9982786154135646e-01	   7.4526003628732296e-01	   7.5002145116593844e-01	   7.1530205945585534e-01	   7.2297302959012144e-01	   6.9252185651967224e-01	   8.0413989862405000e-01	   5.3086900329672826e-01	   5.1709266803201226e-01	   7.1080963418627041e-01	   6.3755155329474811e-01	   6.0548137602935037e-01	   5.8873029812116351e-01	   8.5706070558063696e-01	   8.1926460448239058e-01	   6.4211199001477703e-01	   6.4785676773917689e-01	   7.5272902578677447e-01	   7.6777025414992972e-01	   5.9812274887231820e-01	   5.2250976624685097e-01	   6.7740194556695488e-01	   6.8305753895622667e-01	   7.6157843866697239e-01	   7.4364727404116160e-01	   6.6492655767582343e-01	   5.9939596253290439e-01	   5.6885382479969271e-01	   3.0640512462609160e-01	   7.7530195394974166e-01	   6.7682649077613477e-01	   5.2111770838085958e-01	   3.9295590288932614e-01	   6.1302948592377493e-01	   5.6210379665811161e-01	   6.2002716193406715e-01	   6.3498920316978547e-01	   7.0175410531011972e-01	   7.0023329194280981e-01	   7.2481726380939060e-01	   7.1961740176942790e-01	   7.6640001681498116e-01	   7.7208812481687750e-01	   7.2132105621966969e-01	   6.0314052747342639e-01	   8.0502014004167044e-01	   6.9064522030643416e-01	   4.6232108814681017e-01	   4.5701838096684155e-01	   7.1285477268390829e-01	   7.4549967309030951e-01	   7.3898263286266208e-01	   6.4787983123219639e-01	   6.1082499204414520e-01	   6.1184512628217835e-01	   6.9290499265991790e-01	   7.3692432404894026e-01	   7.5272328459020965e-01	   7.2736513420930016e-01	   5.0461087978911368e-01	   5.0890072276803033e-01	   5.5000721809194308e-01	   4.7799431993303387e-01	   6.3422321436660778e-01	   5.5808067977834086e-01	   5.2735741941884651e-01	   3.9628372538879092e-01	   5.5493208717401044e-01	   5.1189213866557581e-01	   5.1016310319412417e-01	   5.4009449730989390e-01	   5.5444561321129360e-01	   5.8768531304631333e-01	   7.5488311594120039e-01	   6.8338357272485950e-01	   7.1378234710049948e-01	   7.0338991283051744e-01	   5.0113176127447689e-01	   5.8354421987239458e-01	   8.7614163743917306e-01	   8.2462957308953022e-01	   6.6351109595650182e-01	   7.1938316176043471e-01	   6.8292793272661101e-01	   7.6780542845135435e-01	   1.8781906329889836e-01	   2.8637255034878861e-01	   7.4337999638546837e-01	   5.7770871861219930e-01	   7.5256367435036320e-01	   7.6575440445455722e-01	   6.5731341433230084e-01	   7.0034382044596044e-01	   6.4128494462617214e-01	   6.4568924752899193e-01	   5.0269384104179149e-01	   4.4970721697091376e-01	   4.3751051726636947e-01	   5.1577568778680138e-01	  -3.2626553332674044e-02	   1.5491020135457692e-01	   6.9318973620043844e-01	   6.5266933655431469e-01	   4.7774353913259254e-01	   5.9066854271591474e-01	   1.5013748445655545e-01	  -1.9323981818460828e-01	
   5.9125486100838831e-01	   5.4303795715081882e-01	   8.7990995110868819e-01	   0.0000000000000000e+00	   7.5715673779813308e-01	   7.7188055541673450e-01	   8.8614899550594872e-01	   8.8127988735531360e-01	   7.2979935121391670e-01	   8.1478890508136992e-01	   6.0778183032189059e-01	   7.6907371816776038e-01	   6.0154815205512580e-01	   6.8270815070551083e-01	   5.9864116028277281e-01	   8.3612376780098563e-01	   4.8829037272583120e-01	   5.1153808559286396e-01	   6.1761364176237921e-01	   5.7362850155536882e-01	   5.4157278988688828e-01	   5.9338651742755466e-01	   8.1955355307041700e-01	   8.8292174340527385e-01	   5.3988336712477514e-01	   6.4619682311130688e-01	   6.1651159167460379e-01	   6.7932450060877614e-01	   5.6567942665945681e-01	   5.4606871039294180e-01	   6.6561266315071010e-01	   7.1208454548926425e-01	   7.6509529251543951e-01	   7.9906134635897752e-01	   6.0729094072132561e-01	   6.6295929283785604e-01	   4.6096325748460643e-01	   2.4104397873076072e-01	   6.7499091187467508e-01	   5.2498105409802154e-01	   4.9782944182079403e-01	   4.0768681921657673e-01	   5.9733495361829658e-01	   5.5100307968176909e-01	   6.1842786587140142e-01	   6.3035697329333096e-01	   6.7353102498142514e-01	   6.8166314284692475e-01	   7.2190777569094067e-01	   7.0532276668395322e-01	   7.5498336955459344e-01	   7.6884298961540065e-01	   7.0762143446382519e-01	   6.2018282209217479e-01	   7.6811137584616396e-01	   6.0909750317573153e-01	   4.4334592438091713e-01	   4.4366753702115846e-01	   6.6315133521789749e-01	   7.9118083191644939e-01	   6.8117008110487565e-01	   7.1481266873964255e-01	   5.7465193347916554e-01	   5.9856259388170885e-01	   6.1174114970092242e-01	   8.0558060713747937e-01	   7.5405828989842316e-01	   7.7563390994450943e-01	   4.8005141825855141e-01	   5.1742445158675698e-01	   5.4350221890244810e-01	   5.3897476907467534e-01	   5.7724234142366559e-01	   5.7377575554855420e-01	   4.6380150790793984e-01	   4.0760775470656097e-01	   5.5445269924980600e-01	   5.7070522010535485e-01	   4.7179832617325351e-01	   5.3401841768199887e-01	   4.9617833109694109e-01	   5.4888199314791486e-01	   6.9156404198474553e-01	   6.5840885717386666e-01	   6.4220760766028850e-01	   6.8369493483291177e-01	   4.4058851073053629e-01	   5.2171759424667008e-01	   8.4029458809076729e-01	   7.8140598529100680e-01	   6.7873524913883487e-01	   6.7617805978930545e-01	   7.5679501831287277e-01	   7.0941101470710877e-01	   2.4136501546427708e-01	   1.7556663507454076e-01	   7.3629409536650958e-01	   5.3956691623085740e-01	   7.3210974821896890e-01	   7.0044718325745992e-01	   7.5165405161420740e-01	   6.5894404028531794e-01	   6.7873280699924332e-01	   6.3450884299792032e-01	   5.8490113548953715e-01	   4.4290175062734410e-01	   4.9608164406039268e-01	   5.2866897352145048e-01	   6.4116418797247277e-02	   1.3321545284851469e-01	   6.6872218191872301e-01	   6.2774428160651663e-01	   5.1823597190296822e-01	   5.9537778321446022e-01	   1.0647237526263262e-01	  -1.7333296733215603e-01	
   4.3394821010744306e-01	   4.0505675714716116e-01	   8.0385479319693420e-01	   7.5715673779813308e-01	   0.0000000000000000e+00	   8.1335162124376126e-01	   8.2197286546517645e-01	   7.7597918962048595e-01	   9.0423472824788143e-01	   7.9370260714207341e-01	   6.1656072168068488e-01	   7.1055046000041355e-01	   6.7690268013166455e-01	   6.8297257822191537e-01	   7.4967923043157536e-01	   7.5274225804178840e-01	   4.4404196161476167e-01	   4.7124787038348576e-01	   4.4310963847037754e-01	   3.4528728496354522e-01	   6.3823532441650876e-01	   6.8614985733014078e-01	   7.5046271551772181e-01	   7.2092315358017300e-01	   6.5163593330686809e-01	   6.9189786841144518e-01	   6.7656589986990867e-01	   7.2057182198128400e-01	   5.9087713336808911e-01	   5.5601288181358655e-01	   6.2999096754455697e-01	   6.6647678227999285e-01	   6.3672269089878131e-01	   6.3103076701525551e-01	   5.6342288757562575e-01	   5.7064057245657362e-01	   5.7924404106650318e-01	   3.2713583042595512e-01	   7.2216927012890064e-01	   5.5091782664772704e-01	   5.2351001463669244e-01	   4.1298415742493982e-01	   6.0653538653789896e-01	   5.3323184695589398e-01	   6.3773337658794338e-01	   6.0921093762289702e-01	   6.1131142182519804e-01	   6.1964289401571770e-01	   6.6174068139276987e-01	   6.2582257468666735e-01	   6.3390776344008926e-01	   6.5883123494358942e-01	   6.0314243139855783e-01	   4.4053139308249978e-01	   6.6608918552995122e-01	   5.2482771626366775e-01	   3.1180266528078665e-01	   3.0789990806692574e-01	   6.0022092023757234e-01	   6.5883557297917772e-01	   6.4461004384266085e-01	   5.8163525334475341e-01	   4.4154806279294950e-01	   4.6528149386478501e-01	   5.4899482246389164e-01	   6.7574125899589876e-01	   7.3934792571617214e-01	   7.0633330139209805e-01	   2.9052448438136108e-01	   2.8976791821245657e-01	   5.9960362919530097e-01	   5.8735057478407215e-01	   5.8290479561412722e-01	   5.7678222558635162e-01	   5.4474798127214419e-01	   4.8630025720702708e-01	   4.9089618705390847e-01	   4.7416346505768991e-01	   4.0090583204595653e-01	   4.5757308395059615e-01	   4.0702352700856925e-01	   4.7470243623196162e-01	   7.0087561802237919e-01	   6.3650232178777988e-01	   5.0420849684517288e-01	   4.8544699258143781e-01	   4.3020956337688271e-01	   5.7929927038199180e-01	   7.5991031133137710e-01	   6.1839317897236801e-01	   6.4872366958051575e-01	   6.9621334365109344e-01	   6.3402543711375281e-01	   6.8383135239089565e-01	   2.4650308876234589e-01	   2.5532095511549124e-01	   6.7092269507314184e-01	   4.9577654717985747e-01	   6.7161613836104816e-01	   6.7086427557782613e-01	   6.3168464620993670e-01	   6.2682215173692479e-01	   5.8560472520745033e-01	   5.5922323729599599e-01	   6.1631264756330295e-01	   5.3657120126734026e-01	   4.4195217444395263e-01	   6.0379725545121232e-01	  -4.3894323226508616e-02	   1.4806581939082641e-01	   6.0027381258700829e-01	   6.2683991409620332e-01	   5.3005205688253598e-01	   5.4704886554503374e-01	   1.9363921487718705e-01	  -5.3140760027588690e-02	
   3.2704999461558742e-01	   2.9360298450375089e-01	   6.8615983733017094e-01	   7.7188055541673450e-01	   8.1335162124376126e-01	   0.0000000000000000e+00	   7.6153716734664434e-01	   7.5564189239398383e-01	   7.4809278610904495e-01	   8.6474420831749066e-01	   4.4238566710394367e-01	   6.5511282719918940e-01	   5.1667236578903064e-01	   5.0135664143429703e-01	   5.2786247627581284e-01	   7.5490959051386042e-01	   2.3863056609107039e-01	   3.2321301588119911e-01	   3.6163683781402628e-01	   2.3781977623845574e-01	   4.3777180350881534e-01	   6.0152531040174884e-01	   6.8029423915240339e-01	   7.2993914302387020e-01	   4.9272422897034540e-01	   6.2847335030845963e-01	   5.3089496713907869e-01	   6.7108801826010567e-01	   3.9964615363084272e-01	   4.2666716969144936e-01	   4.9184045879160049e-01	   5.5966727095441660e-01	   5.2756806556236624e-01	   5.5209200754365140e-01	   4.1494845942099212e-01	   4.9366491601975238e-01	   4.6637799944410985e-01	   3.4329365254922961e-01	   5.7160461323339817e-01	   3.6394488415005910e-01	   3.7093237444348115e-01	   4.0677161018754382e-01	   5.0755287094575585e-01	   4.3156653374193904e-01	   5.3398467057459675e-01	   5.1107182322116185e-01	   4.5811819566122408e-01	   4.8090656680690075e-01	   5.4873353352036824e-01	   5.2762626169322191e-01	   5.0048463724799641e-01	   5.7427627693151317e-01	   5.3325907001622086e-01	   3.2746701980356191e-01	   5.3548285671913709e-01	   3.3420451639775184e-01	   1.6862774820832321e-01	   1.6501363282732301e-01	   4.6119691711266375e-01	   6.2241193861105493e-01	   5.1585623175368422e-01	   5.6581419554730727e-01	   3.4700888842512911e-01	   3.9290908633133781e-01	   3.1098529532106850e-01	   6.0435187533372747e-01	   6.5361853110625856e-01	   6.7290297052374748e-01	   2.0056719225838723e-01	   2.4122992074415839e-01	   5.5360758976923163e-01	   6.9784053510588540e-01	   4.0950473871962784e-01	   4.6366817511015901e-01	   4.1436615796193477e-01	   3.2929752595991474e-01	   5.3005978872283976e-01	   5.3536802747422363e-01	   2.3043685290491078e-01	   3.0531073708838863e-01	   2.3796408979027983e-01	   3.1655514365453802e-01	   5.0870353426485582e-01	   5.2271609272445552e-01	   3.5124960331900812e-01	   4.0319323011024882e-01	   2.7887300464741377e-01	   4.0860631970375882e-01	   7.3568032967963082e-01	   5.6325200626964123e-01	   7.3141868747450856e-01	   6.7010783229252602e-01	   7.6849150057338100e-01	   6.6592612543936125e-01	   2.8169903228153914e-01	   1.7864830616774596e-01	   5.4378190454438835e-01	   3.6053644882250369e-01	   5.8145479052492710e-01	   5.4373913200929103e-01	   7.6141745745563028e-01	   6.2266597469995899e-01	   6.2759642126503068e-01	   5.5405871403497975e-01	   7.3514389531963009e-01	   5.5598942569554277e-01	   5.4300992191761910e-01	   6.8618099693952406e-01	   6.4030690343619828e-02	   2.4666285894525025e-01	   5.3278149361282434e-01	   5.0212793807159639e-01	   6.0045526968694252e-01	   5.6389970413999657e-01	   1.6998323095529691e-01	   1.5661902938110216e-02	
   6.2789697063550376e-01	   5.4741659668446696e-01	   9.3028895606344275e-01	   8.8614899550594872e-01	   8.2197286546517645e-01	   7.6153716734664434e-01	   0.0000000000000000e+00	   9.1515946700333184e-01	   8.4612530513232342e-01	   8.2842798278301299e-01	   7.5743039873923634e-01	   8.4762776031083575e-01	   7.5271684248959991e-01	   7.4645225630274359e-01	   6.9260863829654862e-01	   8.8111265438898267e-01	   5.1797027471368506e-01	   5.5535928922570066e-01	   6.4533526941133335e-01	   5.8385038944662071e-01	   6.1309929987601541e-01	   5.9374767985918209e-01	   8.1731602050264651e-01	   7.9961166484190516e-01	   5.7986604259565100e-01	   6.3834682534552400e-01	   6.1574632736314516e-01	   6.6700194209006691e-01	   6.6630199413815372e-01	   6.3777773254638004e-01	   6.6543185485652911e-01	   6.8978391480628187e-01	   7.8086285518451448e-01	   7.9937291388794585e-01	   6.0800510400518282e-01	   5.9743015917013875e-01	   6.0100245675205133e-01	   3.5770477766179704e-01	   7.5446719942613583e-01	   6.6624619301138921e-01	   5.7085985861617927e-01	   4.7009330641682018e-01	   6.2973148543909530e-01	   5.6476936967752556e-01	   6.2434431361196319e-01	   6.3657318940605956e-01	   7.1248569630814396e-01	   6.9824501578570264e-01	   7.1871098816746337e-01	   6.9870287376796103e-01	   7.7084941627386028e-01	   7.5864741869093821e-01	   7.4635748816388281e-01	   6.0527490449532761e-01	   8.0599556982995357e-01	   6.6113114057022404e-01	   4.2474326838901028e-01	   4.1804577550620226e-01	   7.0409694652694599e-01	   7.7320056914004942e-01	   8.0490229900020327e-01	   7.5946408153289202e-01	   6.2722423022679719e-01	   6.6517969885189698e-01	   6.7250793172578915e-01	   7.8473780186001219e-01	   7.6394867105944875e-01	   7.5460285642748870e-01	   4.6994986533714900e-01	   4.7589544257339511e-01	   6.0755160742186998e-01	   5.6518975738215316e-01	   6.8028147564370833e-01	   6.5281297649926595e-01	   5.7671941960949669e-01	   4.9660999201848288e-01	   6.1016518205622328e-01	   6.1451310415511551e-01	   4.8475409281124276e-01	   5.7100694194790580e-01	   5.1788524135722103e-01	   5.8848385253679980e-01	   7.5719416314435950e-01	   7.1881960366538045e-01	   6.8036547179607076e-01	   6.9160406231204363e-01	   4.6552907674173394e-01	   5.5528744305104605e-01	   8.7204632854407160e-01	   7.8264236815504018e-01	   6.9075854983638130e-01	   7.1160279684401062e-01	   6.9569397538266065e-01	   7.3111268315262778e-01	   2.0786510993480792e-01	   2.4906048966941513e-01	   7.2721779873647785e-01	   5.5506572838758683e-01	   7.4901382338435774e-01	   7.3781719936270518e-01	   7.4019276816946944e-01	   7.1503259540652575e-01	   6.6000060281863693e-01	   6.2234608587336093e-01	   5.0374423166292814e-01	   4.1867311870199603e-01	   4.9778586252230794e-01	   5.4585509705649837e-01	   1.1778531032772720e-02	   1.6653495432508797e-01	   6.6530540979014630e-01	   6.3680150775804145e-01	   4.8921405304349380e-01	   6.0280675264257422e-01	   1.5152683753293511e-01	  -1.5257704858572463e-01	
   6.4986024531686093e-01	   6.1153547634613759e-01	   8.0730116663456752e-01	   8.8127988735531360e-01	   7.7597918962048595e-01	   7.5564189239398383e-01	   9.1515946700333184e-01	   0.0000000000000000e+00	   8.2272676294601754e-01	   8.5051411591096171e-01	   7.3477347759475742e-01	   9.0671296415249514e-01	   7.4522945795835360e-01	   7.8650047133591883e-01	   6.9825477757595267e-01	   8.9868959883221922e-01	   5.8038470970937062e-01	   6.2121995997530466e-01	   6.0209897119680944e-01	   5.5094049575555060e-01	   5.9228548175246054e-01	   5.4256124908161507e-01	   6.9710422733754385e-01	   7.6355393921690451e-01	   4.3677316157715396e-01	   5.4881680625477636e-01	   5.3167383019005665e-01	   5.8743045199495347e-01	   7.0644167912730915e-01	   7.1365466629453567e-01	   5.7998887307554536e-01	   6.4174815342865377e-01	   7.9414507506175380e-01	   8.3874639039118926e-01	   5.4989644360610002e-01	   5.8011877596876471e-01	   5.0774573225666908e-01	   2.6623961401011492e-01	   6.8095873227318071e-01	   5.6824085311022621e-01	   5.4188388810668142e-01	   4.5199851698236682e-01	   6.1469572986878018e-01	   5.6936871086747620e-01	   6.6586228976310702e-01	   6.6674775837193545e-01	   7.2910064274868547e-01	   7.3075930838577063e-01	   7.7856776609702205e-01	   7.3409287409634638e-01	   8.1851719767468545e-01	   7.6827792368110770e-01	   8.2205755680665415e-01	   6.9288937519330718e-01	   8.2847000902230272e-01	   6.8627546706811837e-01	   4.9216813982299101e-01	   4.7769548722016780e-01	   7.6431480465904766e-01	   8.5486758500368365e-01	   8.1442319336091651e-01	   8.4490470009958130e-01	   6.6792073367297200e-01	   7.3317740418301214e-01	   5.2490617528304861e-01	   7.4063841770598071e-01	   7.9984633080939027e-01	   8.1427019979849602e-01	   5.1281485002302851e-01	   5.3303112908488381e-01	   5.6349892313470074e-01	   5.2227938027476228e-01	   6.2631418343480805e-01	   6.6642207531510311e-01	   5.1231198531680677e-01	   4.6673960164268113e-01	   5.6992954359058234e-01	   6.0747583552568929e-01	   5.4719949769179244e-01	   6.4556457751181640e-01	   5.6944307842413422e-01	   6.3837325185941407e-01	   7.8217565361175101e-01	   7.6648784865027797e-01	   6.3604365340000268e-01	   6.7474879874446236e-01	   4.1431066484199264e-01	   5.4903797190572534e-01	   8.1953024144933106e-01	   7.8064953044813790e-01	   6.9135185629525009e-01	   6.9594349038158465e-01	   6.5774302155326159e-01	   6.5365011154283836e-01	   2.2500176511215234e-01	   1.6735811462321606e-01	   7.4700788881177438e-01	   6.1215274848417645e-01	   7.8441840897735160e-01	   7.5179609084427679e-01	   7.6029028774717911e-01	   7.0178589418132220e-01	   6.6968282546586333e-01	   6.3382201573363273e-01	   4.9913146640271355e-01	   3.4790441546060297e-01	   4.9999922266041963e-01	   6.1360873285281625e-01	   3.6575671855263073e-02	   1.3843923011801185e-01	   6.5070808715463158e-01	   6.5860507935431511e-01	   5.1913802948401355e-01	   5.8554775245580382e-01	   3.7342407629758309e-02	  -1.8149410713141717e-01	
   4.6108692347341185e-01	   4.3912275183213018e-01	   7.7347400373300768e-01	   7.2979935121391670e-01	   9.0423472824788143e-01	   7.4809278610904495e-01	   8.4612530513232342e-01	   8.2272676294601754e-01	   0.0000000000000000e+00	   8.4243683744472553e-01	   7.2811297681150733e-01	   8.3396442416773420e-01	   8.0319602822390568e-01	   7.8430659771296418e-01	   8.2567299466380151e-01	   8.3416235035147190e-01	   4.7913849354992066e-01	   5.3298208521549495e-01	   3.9986940943589377e-01	   3.5604748473713432e-01	   5.4740419880420332e-01	   5.5607540234364050e-01	   6.8290970595419864e-01	   6.4804422942118589e-01	   5.5314509095598652e-01	   5.7162807617644795e-01	   5.0438472555764480e-01	   5.6359574388206179e-01	   7.1157706871508064e-01	   6.6599008658474079e-01	   5.7299414409067428e-01	   6.3062971114563526e-01	   6.2125595510162768e-01	   6.4456008669025588e-01	   4.6016253305782606e-01	   4.4287366284945529e-01	   5.9332359150631042e-01	   3.6626011765894462e-01	   7.0553324586320121e-01	   5.9040191922935992e-01	   5.3239908476102071e-01	   4.5374922814502083e-01	   5.5178223287517025e-01	   5.2199960152719671e-01	   5.5303041648670903e-01	   5.6063075152251696e-01	   6.4751662414441113e-01	   6.2690270629972566e-01	   6.1327328390533420e-01	   6.1554208405474942e-01	   6.7103419685747556e-01	   6.6825016654469460e-01	   6.5245546958317169e-01	   5.2350177196366676e-01	   6.8209044673236507e-01	   5.7605933253920028e-01	   3.2148987558833103e-01	   3.1954277232724770e-01	   5.9634189348108979e-01	   6.6320483895364157e-01	   7.2105821490258948e-01	   6.7968823481814278e-01	   4.9213924505860818e-01	   5.8477202997870337e-01	   5.3910119248342125e-01	   6.9225485625910332e-01	   6.5452090614829839e-01	   6.2578515282776870e-01	   2.9915958702175161e-01	   2.9300797292183456e-01	   6.1750480532044927e-01	   5.5410584117314476e-01	   6.5581179997977190e-01	   6.7316784940472219e-01	   6.0942444616097058e-01	   5.5282135651767128e-01	   5.6198071979457520e-01	   5.8247402101065093e-01	   4.2044243789630287e-01	   4.9724623901197457e-01	   4.4460112370931926e-01	   5.2088350264725714e-01	   7.3789193814978327e-01	   6.4262306235197098e-01	   5.4738950410795262e-01	   5.4573125378067444e-01	   4.1626659933389759e-01	   5.1935909274436087e-01	   7.3368492992301260e-01	   6.4254586516303602e-01	   5.3326658187440823e-01	   5.6977013212224525e-01	   5.2015395136780596e-01	   5.7383390482218233e-01	   2.4648871826717672e-01	   1.5258750237274349e-01	   6.3608721389560274e-01	   5.1776579518428889e-01	   6.0467002372903689e-01	   6.1509343897883251e-01	   6.1276759100184686e-01	   5.6436130612564817e-01	   5.1574227204092371e-01	   4.5499960704340087e-01	   4.8178172077920456e-01	   4.0736094068739725e-01	   4.1749080918288572e-01	   5.7237085054705095e-01	   6.3046177899338293e-02	   1.8889750206214281e-01	   5.2691402872742565e-01	   5.4336946705094136e-01	   3.8255720570692231e-01	   5.4824154263594627e-01	   1.9875164636230935e-01	  -5.2729555620723442e-02	
   4.0270610973747989e-01	   3.8828950504826543e-01	   6.9982786154135646e-01	   8.1478890508136992e-01	   7.9370260714207341e-01	   8.6474420831749066e-01	   8.2842798278301299e-01	   8.5051411591096171e-01	   8.4243683744472553e-01	   0.0000000000000000e+00	   5.6511577446921768e-01	   7.9375308169996051e-01	   6.4546087573342470e-01	   6.3351167161280209e-01	   6.6576926232736933e-01	   8.6554174134763762e-01	   3.5930948113929273e-01	   4.6113828444794758e-01	   3.7897205276781121e-01	   3.3835650243759352e-01	   4.8959866239995609e-01	   5.1939945897465900e-01	   6.8292247726841060e-01	   7.3958535265591663e-01	   4.7244652037543206e-01	   6.0312471066711626e-01	   4.4256707915868498e-01	   4.9686683330616555e-01	   5.8107005742688489e-01	   6.0309881939758225e-01	   5.1935115383220176e-01	   6.0047624342165329e-01	   6.2033821742723660e-01	   6.8243204252816358e-01	   4.3302639228742767e-01	   5.3910130342844775e-01	   4.6861019226423184e-01	   3.7350702861539320e-01	   5.6120339672610742e-01	   4.4380593068583757e-01	   4.5123187930764158e-01	   4.8005705301335894e-01	   5.1331001556685563e-01	   4.5211536947489450e-01	   5.3307905833013991e-01	   5.3084604998039298e-01	   5.5964776875377908e-01	   5.5785264023040804e-01	   5.9148704073383518e-01	   5.9355737958468424e-01	   6.0568315135973183e-01	   6.5970415822894890e-01	   5.9503835288057338e-01	   4.6039528320165546e-01	   6.2395020822703562e-01	   4.3076149850883549e-01	   2.6903306918864045e-01	   2.6341305644233376e-01	   5.2538762132606442e-01	   7.0015378611772661e-01	   6.4113129558961857e-01	   7.1177766034266254e-01	   4.3562422695768965e-01	   5.0896933288747404e-01	   4.6390939104495638e-01	   7.5107767722383301e-01	   6.5645218033883113e-01	   6.7398297403198792e-01	   2.9263106038997178e-01	   3.4494261125794601e-01	   5.4237569268714592e-01	   6.1650452714493043e-01	   5.8753218355778258e-01	   6.4789329707469112e-01	   5.2373133118130721e-01	   5.2061650950036154e-01	   5.6842116489363104e-01	   6.1365924325252275e-01	   3.0966466889482891e-01	   4.4589697150429042e-01	   3.4008007020022196e-01	   4.4440680289761969e-01	   6.2426719860722701e-01	   6.0026843144255682e-01	   4.7186782129648053e-01	   5.1101005571524527e-01	   2.8493578309750772e-01	   4.0959511083115757e-01	   7.5920397210299928e-01	   5.8610437939870463e-01	   6.7206758651586929e-01	   6.3179042562213772e-01	   7.1994410722352031e-01	   6.3800003981356923e-01	   2.5224471688201433e-01	   9.3615339135777118e-02	   5.9319195121344837e-01	   4.1874184900298050e-01	   5.9938309694693115e-01	   5.6425418809004624e-01	   7.9264290752151068e-01	   6.4265486011431361e-01	   6.1570347510247148e-01	   5.1703373511668671e-01	   6.0863354367640132e-01	   4.3289108946421739e-01	   4.7708828436321149e-01	   5.7347654905282364e-01	   1.2640827685554309e-01	   2.5123027830668088e-01	   5.5812126299744458e-01	   5.2206821793649949e-01	   5.1704840185541268e-01	   5.9346286209130727e-01	   1.4262431145589305e-01	  -6.9015542888114803e-02	
   7.1962893640156833e-01	   5.9060811492777243e-01	   7.4526003628732296e-01	   6.0778183032189059e-01	   6.1656072168068488e-01	   4.4238566710394367e-01	   7.5743039873923634e-01	   7.3477347759475742e-01	   7.2811297681150733e-01	   5.6511577446921768e-01	   0.0000000000000000e+00	   8.2799950024457569e-01	   9.1847864779256705e-01	   7.9654194864097538e-01	   8.0885825995801997e-01	   7.4247655577832294e-01	   6.2434292503081024e-01	   6.4038694403863938e-01	   6.8882352218375620e-01	   6.4678999081247479e-01	   4.8066148545217552e-01	   3.3393759640943843e-01	   6.6884995679576909e-01	   5.6924161583266075e-01	   4.9142403221318648e-01	   4.0432917873505647e-01	   5.3887342238215385e-01	   5.0113130148950691e-01	   7.4770533641239478e-01	   6.3558789637139346e-01	   5.2342141059228520e-01	   5.3994782459351154e-01	   6.8767041220254899e-01	   6.9310339897146600e-01	   5.5408664907940741e-01	   4.2367313504603854e-01	   6.0766622099991408e-01	   3.0642682953742229e-01	   6.4820792208099709e-01	   5.6385017548076855e-01	   4.5696851263691202e-01	   3.6716429272986573e-01	   5.0236871887493839e-01	   4.8064912827577744e-01	   4.7821179048470652e-01	   5.2561802331426455e-01	   7.0241925449111664e-01	   6.5989680352767222e-01	   6.1971091981736559e-01	   6.2909350096886385e-01	   7.3482736131597737e-01	   6.5350175596428639e-01	   7.5535409063937742e-01	   6.4391800967157486e-01	   7.5116836605648363e-01	   6.9607314738854409e-01	   4.9824897258565914e-01	   5.0096874242908251e-01	   7.3525135230182848e-01	   7.2551742029054012e-01	   7.7600565955344547e-01	   7.3061360533626007e-01	   6.7012927350999774e-01	   7.5541581305308703e-01	   5.5104012216755294e-01	   5.8482992205985906e-01	   6.5735479054890456e-01	   6.2767401745707330e-01	   5.4687194632730374e-01	   5.0535133367076335e-01	   5.2520787561473969e-01	   3.3704677206020078e-01	   7.2577326446927615e-01	   6.7062669463228186e-01	   6.2321393228725441e-01	   4.6370495897520114e-01	   5.4344669395890111e-01	   5.2695575008827855e-01	   5.5408006355792760e-01	   6.2361929084756873e-01	   6.0143566308852403e-01	   6.6573389855900245e-01	   7.8090505592933812e-01	   6.6420903482013594e-01	   7.2123667277477754e-01	   6.7891458062088539e-01	   4.0722546917233193e-01	   5.0087870969324078e-01	   6.4495584043609899e-01	   7.2086705705721033e-01	   4.9003434369276444e-01	   5.3994296597428160e-01	   3.6165372269213958e-01	   5.0569605075435531e-01	   1.3528126689087889e-02	   1.0144822436891182e-01	   6.2835601719852108e-01	   5.2743588797867380e-01	   6.5214264533784694e-01	   6.8727096670791554e-01	   4.5876984876296745e-01	   5.9101008121974474e-01	   4.7101871508693638e-01	   4.8283808724387212e-01	   2.5119102515298908e-01	   1.7307431006025284e-01	   3.3888020085428738e-01	   4.3770790617371946e-01	  -1.4655213024980471e-01	   2.5697943992773736e-02	   5.3054005780594338e-01	   5.4410058176192566e-01	   2.7194880836194457e-01	   4.8405269010906238e-01	   2.6682669197426769e-02	  -3.0598878320293565e-01	
   7.1334561765803417e-01	   6.9564131738949131e-01	   7.5002145116593844e-01	   7.6907371816776038e-01	   7.1055046000041355e-01	   6.5511282719918940e-01	   8.4762776031083575e-01	   9.0671296415249514e-01	   8.3396442416773420e-01	   7.9375308169996051e-01	   8.2799950024457569e-01	   0.0000000000000000e+00	   8.5219387659146539e-01	   8.9157483126342663e-01	   7.9998849202581401e-01	   9.0342946569214688e-01	   6.6783231860674563e-01	   7.5351845353766000e-01	   5.8712226731829920e-01	   6.0363726654295813e-01	   5.3507449377255578e-01	   4.3626672267719657e-01	   6.7332283894304934e-01	   6.9912066772954240e-01	   4.7355367784619329e-01	   5.1677750690768165e-01	   4.5488352711321389e-01	   4.7158601161269853e-01	   8.1523858017740869e-01	   8.1784232807983304e-01	   5.6889482184885098e-01	   6.3730450345752021e-01	   7.9055898349390419e-01	   8.3006017879757232e-01	   5.3227842380136359e-01	   5.4084761942480386e-01	   5.4454992105988209e-01	   3.3454259772317990e-01	   6.8493366544074319e-01	   6.3789556787783752e-01	   5.5137316246684120e-01	   4.9488384755791265e-01	   5.5927473814327588e-01	   5.5107683230328841e-01	   5.9517458491457931e-01	   6.3066859407061204e-01	   7.7403588599376383e-01	   7.5459610687488632e-01	   7.5264031219838268e-01	   7.3777899626433219e-01	   8.5024424569807011e-01	   8.0288047754284253e-01	   8.2920372252578911e-01	   7.1791639926927420e-01	   8.3983653647484702e-01	   7.4829162530483750e-01	   5.5838830408569606e-01	   5.7216852499965720e-01	   7.5780903077672912e-01	   8.3629413235902494e-01	   7.9883070787049371e-01	   8.5642616398387172e-01	   7.1915769394862439e-01	   8.1279967465652991e-01	   5.1939100553614459e-01	   7.1866891874568484e-01	   7.2540157987169607e-01	   7.3733370914364083e-01	   5.5620721004604667e-01	   5.3528843518186275e-01	   5.6835831822170102e-01	   4.4295134384282064e-01	   7.2855327775666656e-01	   7.5126866814186011e-01	   5.9627915727029279e-01	   5.4778865218423478e-01	   6.4131443582625736e-01	   6.7286744758376782e-01	   6.2682785829659238e-01	   7.3152400282350405e-01	   6.5033911002443689e-01	   7.4612880011831229e-01	   8.0292458951696011e-01	   7.6851029308812802e-01	   7.1011326062413826e-01	   7.6375946081182222e-01	   4.2265605672751499e-01	   5.2018667099979121e-01	   7.5168948105394839e-01	   7.6044017143039078e-01	   5.2609267957078043e-01	   5.5618059460427804e-01	   4.9056103386096339e-01	   5.2702343125969242e-01	   2.2286015219404892e-01	   1.5328717311937617e-01	   7.6680839231437892e-01	   6.8073408099588206e-01	   7.1265985828858858e-01	   7.1418533706613996e-01	   6.4501011148756060e-01	   6.0453169268505635e-01	   6.0861338359795414e-01	   5.1700016208347899e-01	   4.0813236491444044e-01	   2.5414028127550031e-01	   4.5238445895666946e-01	   5.6247159822774428e-01	   7.5345498426855215e-02	   2.0380881351735997e-01	   6.3723364682920258e-01	   6.1626149049978562e-01	   3.4843421730063112e-01	   6.1787442994069375e-01	   2.0813192653894145e-02	  -2.3573633631276286e-01	
   6.0815017386310544e-01	   5.3524369444738029e-01	   7.1530205945585534e-01	   6.0154815205512580e-01	   6.7690268013166455e-01	   5.1667236578903064e-01	   7.5271684248959991e-01	   7.4522945795835360e-01	   8.0319602822390568e-01	   6.4546087573342470e-01	   9.1847864779256705e-01	   8.5219387659146539e-01	   0.0000000000000000e+00	   8.4643734411227856e-01	   9.0046976892824615e-01	   7.9310094993823066e-01	   5.7694800541915903e-01	   6.3346755009446831e-01	   5.6421896137719119e-01	   5.3236594528141334e-01	   5.3993880275428863e-01	   3.7071071570374703e-01	   6.9134329274162243e-01	   5.9959991525430278e-01	   5.2976740056777505e-01	   4.5743806470363235e-01	   5.0738192098071844e-01	   4.7501224988002666e-01	   7.6862256244606530e-01	   6.9425727555132566e-01	   5.3753773059221666e-01	   5.6918349348635078e-01	   6.3316185030895156e-01	   6.4628403098375897e-01	   5.3139257000814399e-01	   4.2327477453899909e-01	   6.0523404948795767e-01	   3.1416054134993565e-01	   6.5969849329705665e-01	   5.9579451775390146e-01	   5.1761467681703355e-01	   4.2170586882900712e-01	   5.8347458613075620e-01	   5.6521545383315774e-01	   5.6216479994815216e-01	   6.0241060529370738e-01	   7.3735037696776584e-01	   6.9611663751924857e-01	   6.5252914286499686e-01	   6.8167630221192221e-01	   7.2081279320575808e-01	   6.6938599254464792e-01	   7.2210586546805977e-01	   6.0938451968070573e-01	   7.3439364519845329e-01	   6.7042165702685252e-01	   4.2657283256148554e-01	   4.5280268562935888e-01	   7.2149459996541820e-01	   7.3723873882377511e-01	   7.5395694529562407e-01	   7.2660873483604649e-01	   5.8869303359118097e-01	   7.0722222869662543e-01	   5.4883139977031736e-01	   6.1607338837746539e-01	   6.7222471556909325e-01	   6.5796287414108279e-01	   4.3996088724499033e-01	   4.2213331057575343e-01	   5.4999491616342799e-01	   3.8100256773999386e-01	   7.2715080665435594e-01	   6.9285624091367515e-01	   6.4225019351663604e-01	   5.4265139554501951e-01	   5.6464597037526443e-01	   5.6143357037633357e-01	   5.3228710369892018e-01	   6.0828066244891621e-01	   5.6098373077147246e-01	   6.5018039875287148e-01	   8.0410189652749009e-01	   6.7556589742221418e-01	   6.8053179670222019e-01	   6.4817623809977376e-01	   4.3806892056453994e-01	   5.4099381806559266e-01	   6.5937403941160921e-01	   6.9031824853189860e-01	   5.1508691288251340e-01	   5.4547462147099057e-01	   3.9773966167239350e-01	   5.0364263056685099e-01	   5.4531346817078344e-02	   1.6040193032569772e-01	   6.2135579811881003e-01	   5.4776841987084057e-01	   6.6094312921531606e-01	   6.8780749280892217e-01	   4.9309915980191132e-01	   5.8253482888644248e-01	   4.7897522316632890e-01	   4.4680019759829015e-01	   2.8750830827880769e-01	   1.8155081093582331e-01	   4.0844046178045934e-01	   4.9522319541126825e-01	  -8.6448250909221494e-02	   4.7803865432659437e-02	   5.5762798304210803e-01	   5.8830350351806593e-01	   3.0013951335195571e-01	   5.4931016674349031e-01	   6.7713532184288230e-02	  -3.0042423519281586e-01	
