   0.0000000000000000e+00	   7.9877243164615441e-01	   4.9910151373684764e-01	   6.3232736704375303e-01	   4.2239776764480097e-01	   6.1535666400235045e-01	   6.3953693740099105e-01	   6.3538126247916393e-01	   7.1255114687403742e-01	   6.8334292928429097e-01	   8.4176935700219024e-01	   6.7692831124215447e-01	   7.5446236600787087e-01	   7.4228371101104251e-01	   5.5426888773951699e-01	   5.5049387678158412e-01	   6.8263053106882143e-01	   6.2952065061170837e-01	   7.7135695151760686e-01	   7.3623635915161600e-01	   4.9015394383529126e-01	   2.6039947555256959e-01	   4.1411616319446787e-01	   4.7851976396458534e-01	   7.6478450951672522e-02	   1.5982577371376461e-01	   4.5986729486790079e-01	   5.6066571909302554e-01	   5.2237626544997173e-01	   6.4585267371126476e-01	   2.1325869235508549e-01	   2.7945497333969760e-01	   6.9857801051754764e-01	   6.9216416005611336e-01	   1.6183369234835843e-01	   2.5659193505868355e-01	  -4.0806455037971812e-02	   9.1560668421581906e-02	   3.1853080419139485e-01	   3.0417844098983954e-01	   2.8427893979460772e-01	   3.4586249128717722e-01	   5.3054315296062049e-01	   5.6673224840216729e-01	   5.9428728726809599e-01	   6.3793202688297224e-01	   7.3654953010534163e-01	   7.2240201109378610e-01	   5.8394951563944186e-01	   5.2828831440112534e-01	   6.6695805503981487e-01	   6.1680769497967125e-01	   6.6517961641355161e-01	   6.2558016233284175e-01	   6.7292923363501123e-01	   7.2645066106916723e-01	   8.0025463131805730e-01	   7.6988033095238451e-01	   7.7139930380323496e-01	   7.6669973334777275e-01	   8.1006833965626057e-01	   7.6118932702665265e-01	   6.9381884610081879e-01	   6.0876828871256750e-01	   3.7965700896800758e-01	   5.8341389743791661e-01	   6.3923921851469800e-01	   5.6045276819261891e-01	   7.2417983730715474e-01	   7.5051024146828982e-01	   2.4978388619431002e-01	   2.1555162153398133e-01	   3.8155524182157674e-01	   4.6151341310432048e-01	   3.8974697992848362e-01	   3.7723880672532822e-01	   2.3774006862563415e-01	   2.0354685719860183e-01	   6.3426513808758567e-01	   6.9235101037651536e-01	   6.3366356310004246e-01	   6.5526121075378818e-01	   4.4733607724435326e-01	   5.2187537603507594e-01	   6.8643900488400988e-01	   6.9157274882608066e-01	   3.3750171335363893e-01	   2.7885194964795534e-01	   7.7219463778576847e-01	   7.6118426117478499e-01	   2.9310325186604286e-01	   3.4511857336487162e-01	   2.5177082949898594e-01	   4.8274489577469026e-01	   1.0041601033763692e-01	   2.3456368989250857e-02	   5.0618191334944695e-01	   3.7501788560495186e-01	   4.4752652182462321e-01	   4.1143201971168930e-01	   3.6142538461185358e-01	   6.1954060083144125e-01	   2.7454432442145926e-01	   5.2505574358430518e-01	   6.7468116970477832e-02	  -1.0117734700157480e-01	   1.5636048531384242e-01	   3.8598093186528659e-01	   1.8931132480004856e-01	   1.0588558853885921e-01	   3.0621708476377696e-01	   3.9396732553408470e-01	   2.4294235720765174e-02	   5.4548224642471249e-02	  -9.0216988824459929e-03	  -4.2603888038274002e-02	
   7.9877243164615441e-01	   0.0000000000000000e+00	   3.2542593600125613e-01	   5.0493781582653607e-01	   4.6061156161529571e-01	   5.7704654022554547e-01	   4.9584154560722898e-01	   5.4288593983155675e-01	   4.3045784566037626e-01	   5.4056431854004439e-01	   6.8214682490331269e-01	   7.2220944259295472e-01	   5.4815047785979731e-01	   6.2621355299167147e-01	   5.1584028604765908e-01	   5.4547615382190162e-01	   7.8641159165598140e-01	   7.4957568377214989e-01	   7.9598165840045065e-01	   8.3409407682848713e-01	   4.3711613690469397e-01	   2.7984941782097250e-01	   3.5721759579576218e-01	   4.1941338194980271e-01	   6.3549967866790374e-02	   9.6612149701919309e-02	   3.8487356263181494e-01	   4.4448604469691277e-01	   6.8081468139488299e-01	   8.0872274213938489e-01	   1.9418969313542617e-01	   2.3893188754835704e-01	   7.1412463655834812e-01	   7.3437871375192976e-01	   1.9108657735454260e-01	   2.9878483642810461e-01	  -1.0076764343624138e-02	   1.1180163225449621e-02	   3.2899203839007918e-01	   2.2118406773718635e-01	   3.9254097646988639e-01	   4.6874796339183228e-01	   4.1606668106474770e-01	   4.6934889370200611e-01	   5.0979230820119570e-01	   5.4857920197479193e-01	   6.7811503419673747e-01	   6.6857726306776422e-01	   4.8386356720487078e-01	   4.5312858338522333e-01	   5.6354686998585035e-01	   5.1508664880159549e-01	   5.9702903866961621e-01	   5.7513767432332330e-01	   6.0390752344960175e-01	   6.2838779199389849e-01	   8.2412538016424874e-01	   8.3805627637290636e-01	   5.8985058684126912e-01	   6.3931258907740252e-01	   5.7669495681113614e-01	   5.7223028688223920e-01	   6.8918467544564543e-01	   6.6242689518995090e-01	   2.2963510031693304e-01	   3.4322666643092414e-01	   5.2999639047858782e-01	   5.0733831073375346e-01	   6.8235572085124618e-01	   7.0938108983742010e-01	   2.2921126713883103e-01	   2.6227627203299586e-01	   3.8435900502701775e-01	   4.9742368302720252e-01	   4.1682182829131936e-01	   4.2805739896760253e-01	   1.9031562965143789e-01	   2.3831748443023809e-01	   7.2316558761134830e-01	   8.1935389277085946e-01	   7.2966368084311317e-01	   7.1328357643445173e-01	   5.1973873554535743e-01	   5.8881300348773613e-01	   6.0523196241744170e-01	   5.9302953496594579e-01	   3.9768971260113373e-01	   2.4554366639321767e-01	   6.1757472527676238e-01	   6.1794735741655504e-01	   3.0738156005169126e-01	   1.3330473456448025e-01	   1.7679416805237116e-01	   3.0774727168026400e-01	  -6.9217845195812381e-04	  -4.4648061016200780e-02	   4.5965433462974992e-01	   4.1158484458364653e-01	   4.7800125555547091e-01	   2.9481805493860214e-01	   2.9490826600634001e-01	   3.8507660332840565e-01	   3.0107581222357060e-01	   4.4285804842063892e-01	   6.5967654288189972e-02	  -1.1071705279760147e-01	   3.2963497398556085e-02	   2.2039743854435784e-01	   1.6206367939453509e-01	   1.6481275934590678e-01	   3.4317072655554975e-01	   3.2844652890293624e-01	   3.2750184679760048e-02	   5.0328164867972272e-02	  -5.6555960681288223e-02	   1.8113214002509960e-02	
   4.9910151373684764e-01	   3.2542593600125613e-01	   0.0000000000000000e+00	   7.7783598068353632e-01	   3.6799255179406276e-01	   3.8684687655352390e-01	   6.1597326501553651e-01	   4.4281766200600398e-01	   4.8337515783141366e-01	   2.9109335181723267e-01	   5.3166330229722225e-01	   2.4974968154717414e-01	   4.3461976662183638e-01	   3.5340874011307899e-01	   6.7541127897411291e-01	   5.3710412155410336e-01	   4.2819976485285149e-01	   3.6886024738459233e-01	   4.6899685865896812e-01	   4.2705042155601902e-01	   6.4574182674386393e-01	   4.8386790844778027e-01	   7.8466387714194985e-01	   7.3396024011484784e-01	   5.8123401922809370e-01	   5.8705209127444158e-01	   5.7300390378079902e-01	   6.5810135954911320e-01	   3.8709454111480252e-01	   4.0716570878354552e-01	   6.0144831810326116e-01	   5.4528027836578985e-01	   5.5657797228418826e-01	   4.5005369976106013e-01	   5.4269254993953675e-01	   3.8519930999074831e-01	   2.8503721677936483e-01	   4.2978252554787721e-01	   5.9866102566989399e-01	   5.8972090714964343e-01	   2.3105193324627155e-01	   2.8351925783346749e-01	   3.5911112591964101e-01	   4.0942489649323732e-01	   5.6952716628474831e-01	   5.1585888161362314e-01	   4.2881339604736013e-01	   4.3982571294763062e-01	   3.5870463009642450e-01	   3.6496415145054323e-01	   4.5546233030018307e-01	   5.1008252842495128e-01	   4.1338583293455805e-01	   4.9158803222006991e-01	   4.6391025700721422e-01	   6.2743828361917653e-01	   4.7121808668175291e-01	   5.0122436035227513e-01	   3.6531758709550105e-01	   3.9430611494129741e-01	   3.0609865610018416e-01	   2.9002899874190746e-01	   5.2615557491249987e-01	   3.0759696326419617e-01	   6.7750436248789381e-01	   5.5190134427141413e-01	   6.5930000488008877e-01	   5.1566781200168155e-01	   5.1381268113694678e-01	   5.4683223440574957e-01	   4.2083031374191138e-01	   3.4448387968987138e-01	   2.8575798410131936e-01	   3.4929330993258040e-01	   2.1229158073030260e-01	   3.2203980910130292e-01	   1.2874061119088540e-01	   7.4199305681140498e-02	   5.2289192131300755e-01	   4.9060735502541231e-01	   5.5319704973496031e-01	   6.4740038380389875e-01	   5.0725679514578270e-01	   5.5796973059980859e-01	   7.1797953453258967e-01	   7.1660602103130455e-01	   4.4315516889766149e-01	   5.3078567536813548e-01	   5.7508945555094027e-01	   6.4496960003945780e-01	   8.5307817277080020e-02	   4.7321021469255187e-01	   1.6623890475614619e-01	   5.2362989958864548e-01	  -2.6875170291962958e-02	   1.7333130959422977e-03	   2.7239533468506372e-01	   1.0651962024120049e-01	   1.3138676393948345e-01	   2.4534603872828059e-01	  -1.3046946529983734e-03	   3.1752616852447946e-01	  -1.8685107970896536e-01	   3.2911937924200385e-01	  -6.8127613792159751e-03	   8.2655727280937952e-02	   7.0084431295965366e-02	   1.0382635509539730e-01	   2.2528450628344371e-01	  -5.3345492784824769e-02	   6.4359727248200882e-02	   1.9660323431576679e-01	  -4.3032851759119126e-02	   1.0073085449147290e-01	  -5.4110379572085865e-02	  -4.4724475618587833e-02	
   6.3232736704375303e-01	   5.0493781582653607e-01	   7.7783598068353632e-01	   0.0000000000000000e+00	   3.1547245055967682e-01	   5.6831579487554107e-01	   5.3843309140172757e-01	   7.1797689456693936e-01	   5.3341690894169225e-01	   5.9185043291195560e-01	   4.9781144702113389e-01	   4.7173970718860669e-01	   3.8320939849316549e-01	   5.7739242447662043e-01	   6.2609727980250596e-01	   7.1138116012616093e-01	   5.4461686887344429e-01	   4.2494844511075458e-01	   5.4099862744870897e-01	   5.9111628194346610e-01	   7.0847655909885621e-01	   5.8124701185344196e-01	   7.0418921747376551e-01	   8.0462139614612804e-01	   4.6420739137978140e-01	   6.1706808577459105e-01	   4.9491104481598480e-01	   6.8364023539288743e-01	   4.4426319560706296e-01	   5.6058541097489312e-01	   6.2769360672587138e-01	   6.6706762790172247e-01	   7.1198626866975978e-01	   6.5182601607907242e-01	   4.4078435654672787e-01	   4.6802973981154083e-01	   3.1222606743722781e-01	   4.2031999788897323e-01	   5.8372866486481123e-01	   6.0029833789294185e-01	   3.7683324823782671e-01	   4.3250758834633424e-01	   4.9997299162204889e-01	   5.1634034671346485e-01	   5.9893106020612463e-01	   5.8639558396824598e-01	   5.9043283315073614e-01	   5.9219047087154120e-01	   4.3254142722406269e-01	   3.7657767100502160e-01	   5.6002602595872863e-01	   5.2323432514942469e-01	   5.3723822778263086e-01	   5.6651011016224184e-01	   5.5665126483103755e-01	   6.4749127672573570e-01	   6.6524537999613464e-01	   6.1172514934904987e-01	   5.0917801504917604e-01	   6.1655280873699581e-01	   4.6614836164639961e-01	   5.9326877116293564e-01	   6.2022008553613062e-01	   4.8541471963655580e-01	   4.7593870670378646e-01	   7.2323951009079401e-01	   6.1690737096341597e-01	   6.4149892936452280e-01	   6.4928676741876790e-01	   7.1539034080924513e-01	   3.7789599287179354e-01	   3.8600990660098694e-01	   3.2124338275023134e-01	   4.2910375435385789e-01	   2.5510831656343869e-01	   3.7914156127026710e-01	   2.1892903692438209e-01	   2.6226657431495248e-01	   5.9979050839345360e-01	   5.6703985170715554e-01	   6.4771673418817133e-01	   6.5768146762638335e-01	   4.8658028043387197e-01	   5.6917669919502023e-01	   7.0445506643220090e-01	   7.5618380061247670e-01	   2.7988755537309706e-01	   3.9317253270689834e-01	   6.2006192045601849e-01	   7.2454664078321607e-01	   2.3450286385359703e-01	   4.0811711870205081e-01	   3.7650571998618682e-01	   4.5736424745741072e-01	   1.7719913170433796e-02	  -1.0368602929418505e-01	   3.2163423491857795e-01	   1.6066723844510639e-01	   3.2772649990502334e-01	   2.8149451803985248e-01	   1.8885011457338211e-01	   4.0163256142085169e-01	   2.7747488486616671e-02	   4.5356252864919211e-01	   1.0162985494962823e-01	  -3.6299772413160578e-03	   8.2149906235594108e-02	   2.4459424281663711e-01	   1.6126833395415779e-01	  -1.8805726556040302e-02	   1.4319781590354375e-01	   3.1578019540868818e-01	  -1.0089620522514336e-01	  -7.4741434783823675e-03	  -9.2151343340704184e-02	  -1.2864192126465368e-01	
   4.2239776764480097e-01	   4.6061156161529571e-01	   3.6799255179406276e-01	   3.1547245055967682e-01	   0.0000000000000000e+00	   6.1135595274130350e-01	   5.9765227765056572e-01	   4.2584523747674624e-01	   5.6461330397123333e-01	   4.8480646467255434e-01	   4.8806137414842021e-01	   4.6894891521241266e-01	   4.6686496635377306e-01	   4.0652130396798619e-01	   5.0182724443918725e-01	   3.4030169061563698e-01	   4.5384455685636454e-01	   3.4216613029490550e-01	   5.5401598513453787e-01	   4.5241646215593190e-01	   4.0253390981313036e-01	   2.1775781396991989e-01	   4.3424415471543176e-01	   3.3650512143305339e-01	   2.7913687685849448e-01	   2.3501738495923721e-01	   2.7647390442739694e-01	   3.0568662402170632e-01	   5.9898596407441063e-01	   4.2848317535565872e-01	   3.6033728932656961e-01	   3.3104735084820935e-01	   5.2245211638684141e-01	   5.1183464249613420e-01	   1.7519370815363264e-01	   2.2733087372742866e-01	   1.7818180498193398e-01	   1.3586300849714220e-01	   4.2274417716947521e-01	   3.4069971649311637e-01	   3.1771659343200309e-01	   4.4022026046366114e-01	   5.4164251965908983e-01	   4.8547030603387087e-01	   5.4365784818292306e-01	   5.2939220273380583e-01	   5.5695394882376947e-01	   5.1719742404449931e-01	   5.3727570979837980e-01	   5.3804151547945722e-01	   5.0226521389149759e-01	   5.4009202875794382e-01	   5.7244123834187621e-01	   6.1859059106583680e-01	   5.9850373080569186e-01	   5.5583032610314365e-01	   3.0060138960106036e-01	   2.8746040372952480e-01	   4.1340847899053224e-01	   3.9635861411140122e-01	   3.8203190993241792e-01	   3.6194746571894915e-01	   4.8932577283528189e-01	   3.7611396990400470e-01	   3.1420954367355458e-01	   2.4016962431099986e-01	   5.8886010866696181e-01	   5.4732118794016937e-01	   3.8329732979294162e-01	   5.0234304808049679e-01	   3.1103966251722365e-01	   3.2282635086032846e-01	   1.9063884458557667e-01	   9.5267694400539171e-02	   3.1315014384003881e-01	   1.5459912044721236e-01	   1.5970706090352860e-01	   1.9124178714746015e-01	   4.7612311357539394e-01	   3.8346604953876745e-01	   4.9569431885801929e-01	   4.2786264921556105e-01	   5.9570908977399839e-01	   5.2849590953786096e-01	   4.5619226807060731e-01	   4.2103675744343871e-01	   3.6338038365415881e-01	   3.8373445309641346e-01	   5.2507591322552283e-01	   4.9582888910333400e-01	   4.3341905859438867e-01	   3.7850945861427787e-01	   2.4218716959357556e-01	   3.8263242325015367e-01	  -3.4811312808425018e-03	  -1.0379838220832102e-01	   3.0169505703674881e-01	   1.6968254543921940e-01	   4.8036412744860352e-01	   4.3617306401531630e-01	   3.2257832417460730e-01	   4.5705281776682360e-01	   2.1852696941736188e-01	   4.7584784282576265e-01	   3.1188398865278683e-01	   2.1505667900430991e-01	   4.2037008861843117e-01	   2.0348821533963884e-01	  -1.5580756367813420e-01	  -2.2905111501935096e-01	   8.7184634963402494e-02	   4.2475809976819195e-01	   1.5870750919772403e-01	   1.7892530876127996e-01	   9.0496335791503651e-02	  -5.5595485293081226e-02	
   6.1535666400235045e-01	   5.7704654022554547e-01	   3.8684687655352390e-01	   5.6831579487554107e-01	   6.1135595274130350e-01	   0.0000000000000000e+00	   5.8714143057565127e-01	   7.7238913108386509e-01	   5.1916754283485833e-01	   7.8424980692502844e-01	   5.6620950546383919e-01	   6.8757956223508732e-01	   5.2310070176283885e-01	   6.7368470460195962e-01	   4.2825250349170724e-01	   5.6170193650842037e-01	   5.5409969056967134e-01	   4.7317379727210135e-01	   5.3824328507648023e-01	   5.5936456178937877e-01	   6.4243736171070354e-01	   5.3176396207342913e-01	   3.3071665286201629e-01	   4.1131009258578155e-01	   1.3288119958674982e-01	   2.5441205743258444e-01	   4.5468464239444600e-01	   5.6845014433444652e-01	   5.6802103241688917e-01	   6.4070141139018999e-01	   4.7302422024019120e-01	   5.0994606407901633e-01	   7.0562493995196351e-01	   6.9886661343138279e-01	   1.0931882476422997e-01	   2.2462008604115705e-01	   2.4626941161803581e-01	   2.3809485437031203e-01	   4.7913647559558248e-01	   4.4929561728337974e-01	   3.9561924277330313e-01	   4.8946727629979658e-01	   6.2169108946067064e-01	   5.8285084748058524e-01	   5.9258333073552905e-01	   6.3836154585334337e-01	   6.7382736606625193e-01	   6.5005597285503980e-01	   6.3015122343032792e-01	   5.8632881510374002e-01	   6.2453159536594394e-01	   5.7501888020909608e-01	   6.5388745017636474e-01	   6.0693149428375537e-01	   6.8706443446080634e-01	   6.1634346494172598e-01	   5.1091734790845811e-01	   4.8986516874495911e-01	   5.6748699858707274e-01	   6.6858144952851939e-01	   5.8757006396035782e-01	   6.8319368468537789e-01	   5.9317245061013868e-01	   6.6268530949167792e-01	   9.5532604720968695e-02	   3.3061340312243526e-01	   6.2069598860630060e-01	   6.4187723143145126e-01	   4.0704439624921857e-01	   6.2531403335182789e-01	   3.5584679618551107e-01	   4.1338456050181971e-01	   3.7020788317086173e-01	   3.6343937479449284e-01	   3.9384680206280831e-01	   3.5526775579573816e-01	   2.8212756868769767e-01	   3.3015291475606001e-01	   4.9932502378472610e-01	   4.9044070122724881e-01	   5.5008628232790024e-01	   4.9387896395493247e-01	   4.6632647682591150e-01	   5.1995514583165803e-01	   4.4011571613959954e-01	   4.2340723279880216e-01	   1.9304322310908176e-01	   1.6741766708745220e-01	   5.9348240750865111e-01	   5.9350413474893604e-01	   5.5409509716057859e-01	   3.2874176850719067e-01	   3.4616205017476009e-01	   3.3078826044623616e-01	  -2.8436159803967853e-02	  -1.8411898046749292e-01	   3.6905677590683184e-01	   1.8018884891578071e-01	   5.8705638134560123e-01	   4.2802895381988998e-01	   5.2119551102318673e-01	   5.3491098204685106e-01	   3.7552757958891753e-01	   5.6107340275539630e-01	   2.6993246628306500e-01	   5.3593782917779685e-02	   2.6592497474537613e-01	   2.8623190009231869e-01	  -7.2503648412469562e-02	  -9.3909759216725508e-02	   2.1263184261984003e-01	   4.4464400298444257e-01	   9.1042620586466477e-02	   1.3079634068562808e-02	   7.2186647145619301e-02	  -9.4833241752915243e-02	
   6.3953693740099105e-01	   4.9584154560722898e-01	   6.1597326501553651e-01	   5.3843309140172757e-01	   5.9765227765056572e-01	   5.8714143057565127e-01	   0.0000000000000000e+00	   7.1607281808234213e-01	   6.6880686477928386e-01	   5.7457022216162712e-01	   7.0325719860799851e-01	   5.6387208463569372e-01	   7.0705222075619301e-01	   5.0716772591662207e-01	   4.1431951262914501e-01	   3.8440279206914318e-01	   4.6449247934054050e-01	   4.3025864691832610e-01	   6.2326233722695878e-01	   5.6654409523405314e-01	   3.3341379248148212e-01	   1.7037937713665513e-01	   4.1192569673538992e-01	   4.1460562650049920e-01	   8.4022340319032968e-02	   6.9039360069446221e-02	   2.0382285704236869e-01	   3.1244006053854823e-01	   5.5882583317898904e-01	   4.4372032764716041e-01	   3.2837334379394395e-01	   3.2640589742428927e-01	   6.2390115678886660e-01	   6.0377285605077602e-01	   1.4188915863223356e-01	   2.0752614168467032e-01	   7.0230291264545622e-02	   1.0721981174257492e-01	   3.5404535908444257e-01	   3.6634594772452272e-01	   2.7729103585722265e-01	   2.8167845169311623e-01	   4.0490302348211227e-01	   3.8089900259749709e-01	   4.7024477118461683e-01	   5.3356221631307754e-01	   4.6059898212407124e-01	   4.4377655842418795e-01	   4.1773826150597915e-01	   4.7706459994487593e-01	   4.6309832171056686e-01	   4.6758596287761078e-01	   5.0573065368550574e-01	   5.0589227859947994e-01	   5.7738924230194377e-01	   5.1378773917860610e-01	   3.6692988863124854e-01	   3.8406524058432123e-01	   5.1667617497077178e-01	   4.4837702542494540e-01	   6.4817567500267692e-01	   5.2359914975823474e-01	   4.2723916935509360e-01	   5.3789650475543827e-01	   3.3699742916071396e-01	   2.7674927440958269e-01	   6.4161012853137744e-01	   5.7740401244040385e-01	   3.6037842591539515e-01	   4.5204266855165509e-01	   4.0397074598052207e-01	   3.9623497194603841e-01	   4.5034219626950389e-01	   3.6827566652259341e-01	   5.0122983972830193e-01	   4.1386828887954608e-01	   3.4530826879522342e-01	   3.5507738407049111e-01	   4.9213311766652595e-01	   4.2645761694330642e-01	   4.6182267580881964e-01	   4.6861337806647330e-01	   4.4981876550487715e-01	   4.6073321735143913e-01	   4.8101850521321093e-01	   4.6123678399026202e-01	   1.3890270430764573e-01	   2.8932916158236782e-01	   6.0858199302692506e-01	   5.5372909836596129e-01	   4.6375099024438576e-01	   6.5000247217053642e-01	   4.1348402750468749e-01	   6.5359444794957400e-01	   7.1943210187297546e-02	  -3.1598075134420631e-02	   4.0475825973310686e-01	   2.6366347219566788e-01	   5.5344492643579879e-01	   6.1622181595947634e-01	   4.0725845462983795e-01	   6.9127045275804511e-01	   7.6215611836102148e-02	   5.3232819119659236e-01	   2.4230804469068397e-02	   1.4797913937126106e-01	   2.4058071166729683e-01	   3.8114617891015534e-01	   1.1509913779727714e-01	  -7.7680951521318653e-03	   2.3359131553996071e-01	   5.2513712336258322e-01	   3.4607436946692399e-01	   1.9870434809352369e-01	   1.9702043628497498e-01	  -1.9030580758347876e-02	
   6.3538126247916393e-01	   5.4288593983155675e-01	   4.4281766200600398e-01	   7.1797689456693936e-01	   4.2584523747674624e-01	   7.7238913108386509e-01	   7.1607281808234213e-01	   0.0000000000000000e+00	   5.4389578526341620e-01	   8.0653501433180019e-01	   5.7876905124529188e-01	   7.4943727965068674e-01	   5.0660103574556414e-01	   7.0724313798312954e-01	   3.9206033812364938e-01	   5.7262537965732807e-01	   5.1163644744847370e-01	   3.8360196130726526e-01	   5.7228024610572903e-01	   6.1935300971794283e-01	   4.6194354152629385e-01	   2.9932656653052220e-01	   3.8246497585749589e-01	   5.3925302710112455e-01	   8.8198884341738198e-02	   1.9943876985969616e-01	   1.5142516125826694e-01	   3.4573693522078625e-01	   5.4381717410528752e-01	   5.9280388495242564e-01	   4.7525899510887692e-01	   5.7432112471078089e-01	   7.1601931378770800e-01	   7.3587621567893913e-01	   8.3403207367287832e-02	   2.2386200332967865e-01	   2.4943102756175641e-02	   7.8298184161561230e-02	   3.1975800695505485e-01	   3.4257203854498386e-01	   3.7739806572099377e-01	   3.7632938087099965e-01	   5.2857953238226307e-01	   4.6239793210534064e-01	   4.7190742099101812e-01	   5.6519674422874389e-01	   5.8348584841391582e-01	   5.5070254506005067e-01	   4.8364876274388108e-01	   4.6968782942251186e-01	   5.5397970680655151e-01	   4.7414560625958524e-01	   6.0904708336320912e-01	   5.3648729719621246e-01	   5.9585792021089967e-01	   4.8510865059771913e-01	   5.0668968086610977e-01	   4.5136768046010378e-01	   5.4744312438294485e-01	   6.4809917629547198e-01	   6.8474837431175883e-01	   7.5699024010314819e-01	   6.0798256397172645e-01	   7.7453146686204166e-01	   1.1337614434298490e-01	   3.5952785207570692e-01	   5.0864775337591817e-01	   6.2021870305228166e-01	   3.4498783721071719e-01	   5.4813362257821652e-01	   3.3861304362447786e-01	   4.1479377538741979e-01	   4.4103603928554747e-01	   4.1839622346293853e-01	   4.4865909192397979e-01	   4.5607830930022553e-01	   3.1990808739171028e-01	   4.0747573512321389e-01	   4.4912043783669742e-01	   3.7858532012682189e-01	   4.8655357654761971e-01	   4.2760321360397757e-01	   3.6221164866406508e-01	   4.3115724764424807e-01	   4.4539466627664581e-01	   4.5622267803715766e-01	  -1.3221475855809007e-02	   9.6990507083334829e-02	   5.5397894355221222e-01	   5.7528261683008586e-01	   5.4030814995202858e-01	   4.6406013197817775e-01	   4.9778391257321064e-01	   3.8143119973913620e-01	   3.0720720473468119e-02	  -1.4130043553470789e-01	   3.2585853962293215e-01	   2.5290994381093912e-01	   6.2580398167612783e-01	   5.2028232516866557e-01	   5.9666704899102119e-01	   6.0654728919373646e-01	   3.1377737685937124e-01	   5.9714227924304697e-01	   2.1444778515792712e-01	   6.2724540734779885e-02	   2.4348257711339083e-01	   4.5872657038058817e-01	   2.4421668646410918e-02	  -3.5351017600895915e-02	   2.3341250200530209e-01	   5.4589281490194508e-01	   1.6388880027510433e-01	   2.4946617839877332e-02	   4.3810567353940025e-02	  -1.5900042743053566e-01	
   7.1255114687403742e-01	   4.3045784566037626e-01	   4.8337515783141366e-01	   5.3341690894169225e-01	   5.6461330397123333e-01	   5.1916754283485833e-01	   6.6880686477928386e-01	   5.4389578526341620e-01	   0.0000000000000000e+00	   6.8639135355684089e-01	   6.6948553068760619e-01	   4.3088843472749888e-01	   7.2522925735928156e-01	   5.6303703500499080e-01	   5.4910554928851130e-01	   4.1790738108569053e-01	   3.8173019528093449e-01	   3.5287786376169861e-01	   4.8470390356367088e-01	   4.3582960121284275e-01	   3.5187340774326542e-01	   1.4307037247972137e-01	   3.7321876788051017e-01	   3.2716258284881927e-01	   1.2644515599446227e-01	   1.7687362893116126e-01	   2.7893670647397723e-01	   3.8265079219276577e-01	   3.2141901704689524e-01	   3.5037292385304342e-01	   2.4445040110948088e-01	   2.7430336898037083e-01	   5.2419666749211935e-01	   5.2864241435794823e-01	   1.6315095988127651e-01	   2.7447879242872181e-01	   1.2363477948230669e-01	   1.5799371372984833e-01	   2.9587981677011921e-01	   3.0671706036199814e-01	   1.7718057634869294e-01	   1.8535985972229749e-01	   4.6741988539765256e-01	   4.5817316820666099e-01	   5.1976241373158438e-01	   5.5136820990070268e-01	   5.2834979337768451e-01	   5.4096204270106385e-01	   4.6648954755339805e-01	   4.5230444016062232e-01	   4.9700820819214858e-01	   4.8331495862464230e-01	   5.3176198067375813e-01	   5.8115632865868239e-01	   5.5143162702910864e-01	   5.4080986263507491e-01	   4.5150881254535064e-01	   3.9720277225822154e-01	   5.9508647219066646e-01	   5.6893974827495353e-01	   6.8600531506227935e-01	   6.8069161839774817e-01	   3.5554704265802811e-01	   3.4515771555965835e-01	   4.4607057826768698e-01	   5.5350307476883687e-01	   5.2541464180861197e-01	   4.7176589884326992e-01	   4.8004802767731547e-01	   5.5807511991480130e-01	   1.7646641192094159e-01	   1.1485727319088260e-01	   2.4767065788169329e-01	   2.2682434930332573e-01	   2.8405196693553192e-01	   2.7705470967134577e-01	   3.0127646738828162e-01	   2.8685660568079857e-01	   3.6921487895241789e-01	   4.2606904609375273e-01	   3.5514941527376792e-01	   3.5916041241715885e-01	   3.2519331173277305e-01	   3.3384132589851490e-01	   4.9595433558018165e-01	   5.0161951017350548e-01	   1.4643733729679623e-01	   2.1240891664719186e-01	   6.8931822135664322e-01	   6.4771893236448630e-01	   2.4591066432212189e-01	   4.9476938521026731e-01	   3.3918409870795369e-01	   5.2445634715517264e-01	   1.4745066357531422e-02	  -2.6492704069014890e-02	   4.3289901927670205e-01	   2.7139942155419050e-01	   4.1125419021405585e-01	   4.0882106517694128e-01	   3.2053995627197418e-01	   6.4311205662104065e-01	   1.3749494632031800e-01	   4.1873525513930715e-01	   4.4222884339749732e-02	  -5.3825226176636726e-03	   2.7052617232159581e-01	   2.9699933897981434e-01	   2.4230334835361939e-02	   5.3581690460238696e-02	   2.6732016561215122e-01	   4.1430457735807763e-01	   1.2513763506451756e-01	   2.0686278136290046e-01	   6.9590426954777893e-02	  -1.4947991333702215e-01	
   6.8334292928429097e-01	   5.4056431854004439e-01	   2.9109335181723267e-01	   5.9185043291195560e-01	   4.8480646467255434e-01	   7.8424980692502844e-01	   5.7457022216162712e-01	   8.0653501433180019e-01	   6.8639135355684089e-01	   0.0000000000000000e+00	   5.5622973155751942e-01	   6.9437771984915186e-01	   5.2919687673220817e-01	   6.8352941345924889e-01	   3.9021272278873359e-01	   6.2493607198727941e-01	   4.4115840026561171e-01	   4.1602045936945886e-01	   5.2148131333514192e-01	   5.6428285655441357e-01	   4.1631104902260224e-01	   2.6947650175688176e-01	   2.3660753531854051e-01	   3.7066204995022212e-01	  -4.9705745261361525e-02	   8.6750006070043531e-02	   2.2477260819328995e-01	   3.7464656713619682e-01	   3.4959686185667194e-01	   5.1596226488201979e-01	   2.1674025694307095e-01	   2.9752951728784238e-01	   5.7295537311148559e-01	   5.9001596191598327e-01	  -9.4640424011528224e-02	   8.4768893097110720e-02	   6.0220737621505836e-02	   9.5985223009568951e-02	   2.4242458812777307e-01	   2.2579513779349758e-01	   3.3852358363086321e-01	   3.5019150475048288e-01	   5.6942743874911250e-01	   5.2346125475312233e-01	   4.7855099502110165e-01	   5.5986501324422278e-01	   6.2621365949679586e-01	   6.1338198021891310e-01	   5.6197071559275680e-01	   5.0987845726278203e-01	   5.8493956210592035e-01	   5.1478045291945040e-01	   6.4160672858812684e-01	   6.3160184226632388e-01	   5.9739631164484819e-01	   5.7543172878349602e-01	   4.8931615114665916e-01	   4.3528370591487298e-01	   6.1502207476956006e-01	   7.2759576010447669e-01	   7.0793370238393694e-01	   8.2462809508222190e-01	   4.9950457297851225e-01	   6.2299797901287934e-01	   1.1466817248989364e-01	   4.3369146984267382e-01	   4.1444003361569826e-01	   4.7126246173810815e-01	   4.0055839480299404e-01	   5.7895854595832830e-01	   1.5502826451966065e-01	   2.6458230581411457e-01	   2.1238806574942862e-01	   2.6907903650120335e-01	   2.6518199289812494e-01	   2.5195814704467756e-01	   1.7719511816285732e-01	   2.6283234502475633e-01	   3.9080464894889838e-01	   3.9461753494632057e-01	   4.1776033762152998e-01	   3.6368096347901335e-01	   3.0976806720761607e-01	   4.0909618789413488e-01	   3.7832397742451324e-01	   4.2936556093464479e-01	   3.1079253290940773e-02	   1.7987236975226167e-02	   6.1909083714155533e-01	   6.4544982143955365e-01	   5.4421249991454657e-01	   4.2992752153258007e-01	   4.8970476048841927e-01	   3.7399386931749479e-01	  -7.4497896553233550e-02	  -2.2973474199007368e-01	   2.9814623598359524e-01	   1.2697013843212956e-01	   6.0710389201383597e-01	   4.2798683856775233e-01	   5.0480307358153975e-01	   5.9727326884488208e-01	   3.5828229990239902e-01	   5.1651336445338258e-01	   1.4838833783989847e-01	  -1.0715084556575964e-01	   1.9353864159257689e-01	   3.4091591891690676e-01	  -7.4611313173933422e-02	  -8.1807415810791692e-02	   2.0946358379230526e-01	   4.6525413939822535e-01	   1.4280563872119867e-01	   9.8997655602975666e-03	  -3.0646729451927208e-02	  -1.5282211245508559e-01	
   8.4176935700219024e-01	   6.8214682490331269e-01	   5.3166330229722225e-01	   4.9781144702113389e-01	   4.8806137414842021e-01	   5.6620950546383919e-01	   7.0325719860799851e-01	   5.7876905124529188e-01	   6.6948553068760619e-01	   5.5622973155751942e-01	   0.0000000000000000e+00	   7.1878309034949295e-01	   8.7336379558319754e-01	   6.8797481011529404e-01	   6.3628810288844950e-01	   5.3215027748287724e-01	   6.2340330622162532e-01	   6.6860666874217922e-01	   7.5276775611501057e-01	   6.7071943192441985e-01	   4.1753008863748636e-01	   1.9765042608089950e-01	   4.6875295089458247e-01	   5.0067672009766429e-01	   5.6997128192381084e-02	   5.6023215142432442e-02	   4.7033957769147555e-01	   4.8784365574834654e-01	   5.4075405852466540e-01	   6.3292955586397737e-01	   1.6117940622470045e-01	   1.9451481915405500e-01	   5.8731650914727607e-01	   5.5594155131636414e-01	   1.2934283867703053e-01	   1.9135624001599738e-01	  -1.1060675490623453e-01	   9.9717288005452626e-02	   2.5436083905840517e-01	   2.9473972082427546e-01	   2.1326898755442264e-01	   3.0123169077359718e-01	   3.8779072784615809e-01	   3.9016801917729194e-01	   4.6424557255841897e-01	   5.1308988946205247e-01	   5.7378348356037856e-01	   5.6239827187605651e-01	   4.9504026173188420e-01	   4.8214998492697192e-01	   6.0694793705811467e-01	   5.8804781536350581e-01	   5.5646959493001824e-01	   5.4298754825637230e-01	   6.1470844411135073e-01	   7.1704229888795279e-01	   5.6276882945964701e-01	   6.1085423238692405e-01	   6.3322517753581775e-01	   6.2095145012167463e-01	   6.8399946672617684e-01	   5.9549041039570416e-01	   6.4105689578537983e-01	   6.2139989489239578e-01	   4.2031754490267048e-01	   4.7034652327324611e-01	   6.3212581384676481e-01	   5.2665667346760847e-01	   5.3687857935902628e-01	   6.0068355291119113e-01	   4.0995467499341565e-01	   3.3500755547657146e-01	   5.2476785464114384e-01	   5.6061405176936563e-01	   4.8312886375831093e-01	   5.2987383386486209e-01	   2.4531326148292909e-01	   2.2830940340323105e-01	   5.6872372146860883e-01	   6.4000518879419344e-01	   5.7202724175335806e-01	   6.8148757290965190e-01	   5.3747117245715303e-01	   5.5860027259208489e-01	   7.0656008712975671e-01	   6.4864546731966821e-01	   3.7848233425142119e-01	   3.5569609334363012e-01	   7.1416183197442262e-01	   7.0973147015332350e-01	   3.4429328904329426e-01	   4.9171720354529386e-01	   2.5531699065489755e-01	   5.9676924404544851e-01	   1.2975409778942260e-01	   1.7956886067221192e-01	   3.9003953074180858e-01	   4.3859761656421781e-01	   4.5306803034082432e-01	   5.0686874614327104e-01	   3.2532201408621436e-01	   6.3088641858373573e-01	   1.8734709410511263e-01	   5.4184826530183083e-01	   9.6034802631196264e-02	   1.0983126105081276e-01	   2.4309855680254910e-01	   2.9906740706332119e-01	   2.4209733276482243e-01	   1.1060233068138758e-01	   2.7143596538199938e-01	   4.3828268221405642e-01	   2.0325978331949207e-01	   2.3445858952437590e-01	   1.7473048504880176e-01	   6.8568196258620887e-02	
   6.7692831124215447e-01	   7.2220944259295472e-01	   2.4974968154717414e-01	   4.7173970718860669e-01	   4.6894891521241266e-01	   6.8757956223508732e-01	   5.6387208463569372e-01	   7.4943727965068674e-01	   4.3088843472749888e-01	   6.9437771984915186e-01	   7.1878309034949295e-01	   0.0000000000000000e+00	   5.8282973861264509e-01	   8.1357278578839409e-01	   3.8225360812528597e-01	   6.4000228421317806e-01	   6.5413288039144957e-01	   6.2549147073381028e-01	   6.3563807739611222e-01	   7.0232674465498302e-01	   4.1258700971246443e-01	   2.6857354760636271e-01	   3.0027736731888560e-01	   5.0212430053984791e-01	  -1.8825006820250206e-02	   3.2920493037287751e-02	   2.3800017983043711e-01	   3.3627558089813503e-01	   6.3398621190039417e-01	   7.7884048146207019e-01	   2.3487931989739824e-01	   3.3620389838888010e-01	   6.3385915488595623e-01	   6.5269820796285971e-01	  -4.8471006516275138e-02	   6.5376039938787711e-02	  -1.1496298209668672e-01	   1.8311812023781215e-03	   2.3203940213122776e-01	   2.3132432088978797e-01	   4.2777494608998856e-01	   4.5264749067888754e-01	   4.3699243601879301e-01	   3.8511988058101976e-01	   3.4333657202524059e-01	   4.4225548318273666e-01	   5.7671930530559534e-01	   5.2543639551760957e-01	   5.1929386184250825e-01	   4.4652419472426996e-01	   6.1507471875204378e-01	   5.1979065031094362e-01	   6.0086090788166968e-01	   5.6385533449415681e-01	   6.0378233824954164e-01	   5.7676684212501739e-01	   5.3239151650883443e-01	   5.1956839014458933e-01	   5.4806220628069269e-01	   5.8446623735771297e-01	   6.1218833056008348e-01	   6.3335087950380309e-01	   6.6557879149679366e-01	   8.3332032562363123e-01	   4.4663392118003117e-02	   3.1228815061869308e-01	   4.7528367164961827e-01	   5.1826111998283686e-01	   4.0163378899219787e-01	   5.3033528879598280e-01	   4.5784086710646993e-01	   4.9347929886659808e-01	   5.6714043765688915e-01	   5.9391656965561712e-01	   5.2123255157457904e-01	   5.8867878958350173e-01	   2.7682956026118744e-01	   3.5689791477280797e-01	   5.5106745469013152e-01	   5.2523712934245914e-01	   5.7030815400220591e-01	   5.3640672782648691e-01	   4.7120870114538110e-01	   4.9844684836494002e-01	   4.6781663959484365e-01	   4.4746792760954102e-01	   1.6659747388613938e-01	   1.1238716155945191e-01	   4.9854445005594583e-01	   5.5723084426368019e-01	   5.0209835837743799e-01	   3.3162129994933187e-01	   2.7584396463285532e-01	   3.6833091178828459e-01	   1.4945493273224241e-02	  -4.9265206071882443e-03	   2.2599578710197543e-01	   3.5476498746591617e-01	   5.6909818087071340e-01	   4.3976038487562358e-01	   4.4495259492725991e-01	   5.1571581284336643e-01	   3.3582320765359625e-01	   5.5246827177360891e-01	   2.2998763764160024e-01	   3.1876503484287222e-02	   2.0866511378963870e-01	   4.0346745343668511e-01	   8.9207990287893002e-02	   2.0580236386188173e-02	   1.4728270091052062e-01	   4.0492538471549644e-01	   1.3932329393479906e-01	  -1.3149455739994083e-02	   1.1319034921423662e-01	   4.0773999816384229e-02	
   7.5446236600787087e-01	   5.4815047785979731e-01	   4.3461976662183638e-01	   3.8320939849316549e-01	   4.6686496635377306e-01	   5.2310070176283885e-01	   7.0705222075619301e-01	   5.0660103574556414e-01	   7.2522925735928156e-01	   5.2919687673220817e-01	   8.7336379558319754e-01	   5.8282973861264509e-01	   0.0000000000000000e+00	   7.1547885676333756e-01	   5.3374094086100210e-01	   3.8698745052880712e-01	   4.3656808892758447e-01	   4.7834618808981205e-01	   5.3395775233503362e-01	   4.7095400579619406e-01	   3.0047287070420814e-01	   1.2318894265224042e-01	   2.5910930520682546e-01	   2.4797576689336814e-01	   3.3203992543607869e-02	   2.1324507314959573e-03	   3.5723755359404707e-01	   3.7028466865871612e-01	   4.1633083633481976e-01	   4.0414904992657102e-01	   7.4034837966669320e-02	   9.0721021693100534e-02	   4.4703726473879635e-01	   4.6414388715925303e-01	   9.0087641317861192e-02	   2.1855967924967390e-01	  -5.2545205953722640e-02	   1.0686508987033719e-01	   2.1719570799063823e-01	   2.3261698803167530e-01	   1.4649288396726051e-01	   2.5905352350082755e-01	   3.9220570969344926e-01	   3.6264485969597393e-01	   3.9666756317419422e-01	   4.3727302640729554e-01	   4.6805743149979673e-01	   4.7590284637180524e-01	   4.4651437946268713e-01	   4.4598005138721020e-01	   5.4466192791196999e-01	   5.0672783395830667e-01	   5.1788373905173546e-01	   5.0086865482632159e-01	   5.7781688761775285e-01	   5.2933779868609543e-01	   3.9863922798044615e-01	   4.4811466250950382e-01	   6.3614112827447467e-01	   5.5983908175127295e-01	   7.4200721440559081e-01	   6.1461593990807140e-01	   3.7938378464692502e-01	   4.6499998354364142e-01	   4.0983265163764349e-01	   4.9776077699167737e-01	   6.1253646240988480e-01	   5.1059261837526648e-01	   4.2688552001242863e-01	   5.1612199146715498e-01	   3.8039372914029579e-01	   2.7452771898345707e-01	   4.9619717257664225e-01	   4.0471464857778139e-01	   5.2107656251743384e-01	   4.3124983666756078e-01	   4.0417421664501024e-01	   3.5579142661575697e-01	   4.0517129170915367e-01	   4.7742356541413944e-01	   3.6520640994937814e-01	   4.5781052335070727e-01	   4.3898933680193125e-01	   3.8938738646239957e-01	   5.1524629334127270e-01	   5.0380411527111946e-01	   2.0877473966856253e-01	   2.6916785494029805e-01	   6.4879450185226251e-01	   5.9295330391855239e-01	   4.0307897781953539e-01	   4.6934461816311701e-01	   2.9918710804412213e-01	   5.4266894140508015e-01	   1.0079627981498743e-01	   1.2542663195892870e-01	   3.8824351115865946e-01	   3.0349288075476000e-01	   4.7848388685070053e-01	   5.2135150490392879e-01	   3.6947036384113191e-01	   6.3943998012180225e-01	   1.3609065359824882e-01	   4.3958498534549928e-01	   2.6507785121804107e-02	   9.8053835697865147e-02	   2.9087905296659583e-01	   2.6145167695662525e-01	   1.4019441352344053e-01	   5.4359184978897274e-02	   2.5308847375614568e-01	   4.8214955100633294e-01	   3.3765689679237382e-01	   3.2492338222868800e-01	   2.2945634592465056e-01	  -7.2996536833675758e-03	
