   0.0000000000000000e+00	   1.5296427187486537e+00	   9.1438451234382989e-01	   8.2818782754466436e-01	   3.6188970979260354e-01	   3.2354993584305247e-01	   8.4012759648224766e-01	   8.4626311448672709e-01	   1.3054407742054699e-01	   3.0666479567589472e-01	   6.1367383007583143e-01	   7.1890198992177623e-01	   4.9728858248582702e-01	   4.9536024109978122e-01	   3.1384757001020519e-01	   4.2734024047307839e-01	   5.6561222994607829e-01	   6.1154401234320332e-01	   1.3105207449023599e+00	   1.2932584496123425e+00	   3.3456504495070566e-01	   5.9730210698227337e-01	   7.2746320924025798e-01	   7.4847049377619690e-01	   2.9090847172035872e-01	   3.9513718830349881e-01	   2.7389179727304613e-01	   4.5037792868132337e-01	   3.4293572521551685e-01	   1.0088420955486033e+00	   5.7716102627226595e-01	   5.9359082689626785e-01	   1.0319344389852403e+00	   9.5294824188638860e-01	   6.3552120692145297e-01	   5.0434089268468751e-01	   4.3456267126850534e-01	   9.5512631338010190e-01	   6.2455456235124296e-01	   7.9952458174716057e-01	   3.3707949788694735e-01	   1.0247052328369985e+00	   4.6080132811439306e-01	   5.3041991044287218e-01	   3.2341976557628910e-01	   6.2975756728992760e-01	   3.3195496839531308e-01	   6.5006542468108786e-01	   2.7431033089865436e-01	   3.7570355904918129e-01	   6.3999119043711528e-01	   4.9173851064058005e-01	   6.7555675977778407e-01	   6.8358825677677992e-01	   6.5447722271601028e-01	   8.7390409179716233e-01	   9.9467918376439313e-01	   1.3024684586501505e+00	   4.0901417689457392e-01	   2.7333541704926556e-01	   6.9413657684680474e-01	   7.5123300350933575e-01	   7.3429812601938960e-01	   6.6101506485002137e-01	   7.2186493410674946e-01	   4.0715130917953635e-01	   5.5929127132103651e-01	   2.5073905113311357e-01	   9.3924771309576571e-01	   8.8708743775082821e-01	   3.5310170304121957e-01	   3.6495889326194891e-01	   6.0886421791292000e-01	   5.5659957531075777e-01	   4.5984340713648941e-01	   7.2397334424525761e-01	   9.3436979920338492e-01	   8.0640913716206986e-01	   2.9161568372014102e-01	   5.1715653118886595e-01	   9.7291786554311221e-01	   1.1286627650055134e+00	   5.8235680224648267e-01	   9.2180201112138438e-01	   1.2184637128497062e+00	   7.2586614940045335e-01	   6.7498496295153976e-01	   8.1468509915738330e-01	   9.1486658704782586e-01	   8.5174583382053504e-01	   6.0373542576142070e-01	   3.8292167908725927e-01	   4.0180473282941875e-01	   6.1991706437507610e-01	   4.7243411568175675e-01	   3.5218573092649574e-01	   3.3201715811786126e-01	   5.6681228766031877e-01	   5.7239242670208024e-01	   7.8535645114636299e-01	   2.3039525120921964e-01	   2.5982542487327748e-01	   1.7480333642883078e-01	   1.4862747776736573e-01	   3.3092010531988500e-02	   4.6538997147337591e-01	  -1.6524660188784854e-01	   8.4840714053590269e-02	   3.6033578526401200e-01	   3.4009540717737669e-01	   2.6147234843076717e-01	   5.5237161846491334e-01	   6.8675924285017409e-01	   8.1995767719534207e-01	   4.7284782944015263e-01	  -1.4130584077454680e-01	
   1.5296427187486537e+00	   0.0000000000000000e+00	   8.0143881738683054e-01	   1.2670899648434195e+00	   3.2549756875608471e-01	   5.5605467531611730e-01	   6.5372583800550943e-01	   1.2394979689131982e+00	   7.1594439530826656e-02	   3.5775369619654679e-01	   2.4444409802164757e-01	   5.9248923097535044e-01	   1.9730900641436364e-01	   4.8577728175769369e-01	   9.1029805601311228e-02	   4.1854270607312849e-01	   4.0447666977028618e-01	   6.1940682358182220e-01	   1.0057275800387355e+00	   1.2617093972421620e+00	   3.8733329826360391e-01	   5.4043344607524935e-01	   6.0878209299248343e-01	   8.0598632296816930e-01	   4.8818533024675415e-01	   6.3147225371259330e-01	   3.7111682585857103e-01	   6.5239195053712029e-01	   2.3574388264574860e-02	   8.2538568161056614e-01	   5.6599886197444949e-01	   6.2682620747836437e-01	   8.7531998214635154e-01	   9.1147870082650151e-01	   6.4955907735955321e-01	   5.7149881877275421e-01	   2.7698933325919667e-01	   7.5104194029857396e-01	   5.9183073886063520e-01	   9.2475777111050506e-01	   2.0686731936122224e-01	   9.3691373275854350e-01	   4.4213505506778517e-01	   4.7088621073786652e-01	   3.3140330958814124e-01	   5.9082139333503536e-01	   4.3682188505213448e-01	   6.9340631831665300e-01	   2.8718860256214590e-01	   3.6553659000798888e-01	   6.8535921845792602e-01	   5.8784984499079096e-01	   7.8986350985639431e-01	   6.9045454377801829e-01	   9.4228951544625505e-01	   8.8233875342907109e-01	   9.8838494077054062e-01	   1.1994369992120189e+00	   3.3484898209832964e-01	   3.5299703965927726e-01	   4.0206623683150677e-01	   8.1514259708387404e-01	   3.9452388449221787e-01	   4.8227344399984051e-01	   6.7235404326479875e-01	   6.9819898068882147e-01	   6.8366037890527354e-01	   4.9318975878557741e-01	   8.5749483189327580e-01	   7.8536178918738142e-01	   2.8242625620260087e-01	   3.7613350979873578e-01	   3.4176049276379072e-01	   4.4717384937425886e-01	   1.3540610773544209e-01	   6.0634296838232560e-01	   8.9389874039893458e-01	   7.0293212398388349e-01	   3.2563058591887539e-01	   5.6273794462493021e-01	   8.5594030457641246e-01	   1.1518863183773174e+00	   3.2630531796567924e-01	   8.6877395973878691e-01	   9.6018640899623642e-01	   9.2950349237136420e-01	   6.5889671400116201e-01	   8.6103889127242295e-01	   8.6822315085774426e-01	   8.5348835791391386e-01	   8.4649261434927137e-01	   4.1898796375621572e-01	   5.6683503754803288e-01	   5.4321978318243846e-01	   6.3413516296357353e-01	   6.1564700381616488e-01	   5.0685613398465656e-01	   6.7161311660120604e-01	   8.1390629663660286e-01	   1.0047206023828286e+00	   4.5518833144985760e-01	   3.0952251211945503e-01	   4.9906907284974689e-01	   2.6878537139262937e-01	   1.1124173559128285e-01	   4.8196005009618759e-01	  -1.9172420373062457e-01	   1.1745980575432631e-01	   3.0096884320334499e-01	   3.0699388303368025e-01	   3.2471367981066374e-01	   7.7156669755326190e-01	   8.7494817902161648e-01	   1.0121498178778632e+00	   6.4348646303422374e-01	   1.2349046894647390e-02	
   9.1438451234382989e-01	   8.0143881738683054e-01	   0.0000000000000000e+00	   9.9413902054920267e-01	   6.1200954945013253e-01	   1.8025056416992580e-01	   1.4268440566740919e+00	   8.6457586876111980e-01	   2.0815929552286831e-02	   5.2985128673494288e-02	   5.6682650208707375e-01	   9.2501579854405414e-01	   4.6778435734760748e-01	   4.1694376957158014e-01	   3.4026633401989648e-01	   3.6455090997566658e-01	   2.0356582049254454e-01	   1.4984130910208013e-01	   1.0866990258260900e+00	   8.1194870135597630e-01	   4.3270094323084685e-01	   6.0966761389237800e-01	   1.0633247466141047e+00	   9.6694573466376377e-01	   5.8404353360318562e-01	   4.8855015359274329e-01	   3.8406270024290029e-01	   3.8079397053440645e-01	   4.6467531288129116e-01	   1.0098308002053900e+00	   1.3466867443790693e+00	   1.5562325874301939e+00	   7.8471683219514232e-01	   8.3259526111040449e-01	   7.2331801374367699e-01	   5.6253529129864654e-01	   1.9148911521036835e-01	   5.4861196194397421e-01	   6.7646319546247424e-01	   5.3769734666318936e-01	   2.3110242024739103e-01	   1.0062726180494548e+00	   4.7581699568340119e-01	   4.8068985337334080e-01	   1.3200283304955471e-01	   6.6192849850508295e-01	   1.1747553708123179e-01	   4.7178519033572941e-01	   2.1638474629060866e-01	   3.7001722755221589e-01	   7.4796629118501545e-01	   6.5730574024491950e-01	   5.7743953955303273e-01	   8.1901161622385343e-01	   5.8908693146573166e-01	   7.2674132002085723e-01	   3.9465050667222179e-01	   5.8565787102945155e-01	   4.8852616889630263e-01	   3.0464071746275700e-01	   7.6970715836211689e-01	   8.9486466325503744e-01	   6.9216375456140811e-01	   8.2426282078939561e-01	   8.0674934665857090e-01	   6.9621770382266857e-01	   8.5877833516930169e-01	   4.9371178352922485e-01	   6.4802307171252349e-01	   5.0408224732331885e-01	   8.2122501972008943e-01	   8.3942710903982376e-01	   3.9972822026769611e-01	   5.7411796906962176e-01	   3.7839582046298720e-01	   1.3344917953582303e+00	   6.3180925801280774e-01	   9.4809675894011691e-01	  -5.3257761317535755e-02	   1.7538832011897834e-01	   7.7661742293410152e-01	   1.0775472402637585e+00	   7.0791981546529403e-01	   9.0733919983789679e-01	   8.7897945330462524e-01	   6.3532813029600876e-01	   7.2875723966663430e-01	   9.2818198238309912e-01	   5.6612445813826362e-01	   5.9212213238828393e-01	   4.9608148581646427e-01	   2.2219853353009555e-01	   2.6318681905569119e-01	   4.9285196111896390e-01	   4.3511506161470132e-01	   5.8076576919635781e-01	   2.1599099120281209e-01	   5.8295590824195620e-01	   3.7299057647301126e-01	   4.4080740686006764e-01	   2.0518264027477090e-01	   3.5556384165177635e-01	  -4.1073603425586573e-02	   2.3169205558284978e-01	  -1.5339348190793063e-02	   3.8590945561580986e-01	   1.6387031844494315e-02	  -3.5148500252175155e-02	  -6.4642898576094399e-02	   1.9664776231607073e-01	   4.9981118745472336e-01	   2.4688160433861561e-01	   1.3056635576797906e-01	   6.9099265405512966e-01	   5.3682693349321142e-01	   1.7242983208734125e-01	
   8.2818782754466436e-01	   1.2670899648434195e+00	   9.9413902054920267e-01	   0.0000000000000000e+00	   4.5790934602814737e-01	   5.9484059249117960e-01	   7.0961720744702694e-01	   1.5276584066823047e+00	   5.4112263629629617e-03	   2.6830512619270785e-01	   3.4270085645371637e-02	   5.8831081919346828e-01	  -7.3484610749161901e-03	   4.3525301522945081e-01	   3.4240843571320026e-02	   4.4758094536269993e-01	   1.1184010119535584e-01	   3.4355295857100832e-01	   7.6690686230079730e-01	   9.4946864019292698e-01	   5.7751938240694145e-01	   6.8486754780062142e-01	   7.0602791924845798e-01	   1.0533633360058969e+00	   7.9570823175847338e-01	   8.6338736790718529e-01	   4.8645007919936661e-01	   6.9902755759321111e-01	  -8.4158733547521652e-02	   8.1743477315610946e-01	   8.4601406560127657e-01	   9.7961802130370113e-01	   7.6003683914734332e-01	   8.6102918078271851e-01	   6.4337285184708470e-01	   6.2205522952441006e-01	   1.3774431026023126e-01	   5.8715102626463977e-01	   6.8418382811122014e-01	   9.8208269659852909e-01	   1.8451463814327190e-01	   1.0232357392558449e+00	   3.7532619173052595e-01	   4.2659872032778079e-01	   2.1536625485095243e-01	   6.3616343369804462e-01	   3.2694988107440925e-01	   5.9826015500453811e-01	   2.6535030930249298e-01	   3.7089979086146829e-01	   7.5506698398413663e-01	   7.5862189636317712e-01	   8.5515687563107357e-01	   8.3192738121640875e-01	   1.1820400371666409e+00	   9.0507492329622408e-01	   5.5280185169377993e-01	   7.8662173796292312e-01	   3.9361594231002256e-01	   4.4156266449228415e-01	   2.8547031984753185e-01	   9.6886100046621859e-01	   1.9532642304695222e-01	   4.3955130911690710e-01	   6.6609358937891239e-01	   1.1034711116769296e+00	   9.8748224617341973e-01	   8.2878116468158780e-01	   7.4228594263719483e-01	   6.5892328037969650e-01	   4.6927805798293026e-01	   6.5029596419800306e-01	   1.2266598578114882e-01	   3.5425077559632467e-01	   1.0161800509607698e-02	   7.1461987948823769e-01	   7.2865439898560924e-01	   6.5807718474458321e-01	   1.0825959870037366e-01	   3.7435271809505855e-01	   6.6787427180023773e-01	   1.0892105441157602e+00	   3.1972661366345817e-01	   9.6723516552426192e-01	   6.8247676707941585e-01	   1.0931051560081522e+00	   7.8551299904494520e-01	   1.1054895350143552e+00	   7.7725197586519068e-01	   8.6704472050041492e-01	   9.8587905227328232e-01	   4.2312843739612954e-01	   6.5645918349310484e-01	   4.5046491154725105e-01	   6.7615505536333209e-01	   1.0934439992783140e+00	   5.1041164499463865e-01	   8.2070992446809587e-01	   7.3295726030673758e-01	   7.9796119463351101e-01	   4.6158548341675248e-01	   3.9246903983178311e-01	   4.7794845207881032e-01	   3.3651941253433543e-01	   1.8316030490016025e-01	   5.5221242091166522e-01	  -8.8610196820263897e-03	   5.2679363122520459e-02	   1.4486960212370578e-01	   2.7491985653536488e-01	   4.8289096490667066e-01	   6.4251079426711499e-01	   5.4465316709249945e-01	   9.3294363555123117e-01	   8.0700645762148937e-01	   2.8972393453985462e-01	
   3.6188970979260354e-01	   3.2549756875608471e-01	   6.1200954945013253e-01	   4.5790934602814737e-01	   0.0000000000000000e+00	   7.7737970530405931e-01	   5.8478961684286235e-01	   4.0079132364682901e-01	   1.0407293739520116e+00	   9.0723029191189830e-01	   4.8854682826000662e-01	   1.0516597064275763e+00	   7.5825524192486093e-01	   1.4378283757323402e+00	   1.2278167183202802e+00	   1.3102582784173635e+00	   1.0914190786330878e-01	   6.6058267563112477e-02	   4.0429364360063230e-01	   4.2344371244901291e-01	   7.9109555018255739e-01	   8.8515148895719942e-01	   8.6007664482758794e-01	   9.9670976471755202e-01	   1.1734604046226402e+00	   1.0752564075379019e+00	   1.1143015063776667e+00	   8.5554595229920649e-01	   4.4191720573153337e-01	   9.0677613736887785e-01	   7.2285130169662604e-01	   5.1349983391103304e-01	   4.7993394422965585e-01	   5.3162990026759205e-01	   4.9258723707967994e-01	   4.1401802630503676e-01	   3.9545913204788447e-01	   4.6509951487095885e-01	   7.2287987294568512e-01	   6.0460133689710638e-01	   6.0113508666551285e-01	   6.3523114405667269e-01	   7.5881342153401310e-01	   7.3712905912681537e-01	   6.0240817294848537e-01	   8.6388467090795973e-01	   3.0171689804448198e-01	   7.0919406649555539e-01	   9.0808190201377581e-01	   8.6095888917681429e-01	   1.0008016851579256e+00	   1.0589533027951767e+00	   7.8589930986336354e-01	   1.0233782514806864e+00	   6.2113651517400459e-01	   7.8201270809860046e-01	  -2.0760171386338486e-01	   3.2280907344549209e-01	   8.3635703811606743e-01	   6.5409641972573951e-01	   7.3267608385296679e-01	   8.7386750544504488e-01	   4.1835746291053921e-01	   4.5359597790061834e-01	   8.4956904776776854e-01	   8.0498798376552361e-01	   9.2897396404857968e-01	   7.3954525771251667e-01	   3.8143351445704060e-01	   3.2388904187120171e-01	   1.3734010636338396e+00	   1.0056764715298820e+00	   4.6647643877307027e-01	   1.1049602334151075e-01	   3.9252605524889161e-01	   5.6050202632653745e-01	   6.3062668920496534e-01	   7.6495356933290004e-01	   2.3575270342957738e-01	   2.5717182876683459e-01	   6.3733341662853049e-01	   7.2366105068160080e-01	   8.8896979956390854e-01	   5.4429198283797009e-01	   8.5145018430537234e-01	   8.4590478920187995e-01	   5.3144885850674495e-01	   5.6488979592654398e-01	   6.7267312092871312e-01	   6.0519312198745689e-01	   7.8988435686726755e-01	   8.9893254085114349e-01	   9.5923092362642992e-01	   1.2304552184135393e+00	   7.1069953692619292e-01	   6.5761548956308402e-01	   6.9080322517688886e-01	   9.0296379825466455e-01	   5.3547349746990025e-01	   6.7084268367707467e-01	  -1.0965513300994423e-01	   1.1433926965682574e-01	   1.9586903256155375e-01	   5.5043803919129541e-01	   7.3180508396780308e-01	   9.8182450042281388e-01	   7.8023078554124936e-01	   5.2466619149456273e-01	  -2.7427507033749399e-01	   9.0651701359687253e-01	   4.8221157342498033e-01	   3.9038450979075656e-01	   4.1288743655196536e-01	   5.5495870997390884e-01	   8.0970717671762460e-01	   3.7877634478413019e-01	
   3.2354993584305247e-01	   5.5605467531611730e-01	   1.8025056416992580e-01	   5.9484059249117960e-01	   7.7737970530405931e-01	   0.0000000000000000e+00	   1.6679212974468027e-01	   6.2971876184747533e-01	   7.9489416817011616e-01	   1.1149588963153760e+00	  -3.0122906676791017e-02	   5.3506859632629222e-01	   1.7498547232236417e-01	   1.0675405266127820e+00	   4.5058041717045949e-01	   9.1765866551195530e-01	   1.6844313809955483e-01	   3.5364675357756176e-01	   1.9985404073232974e-01	   5.2764404474625948e-01	   7.1934414573023864e-01	   6.7221813178301393e-01	   3.1084930643883912e-01	   6.0716478033593402e-01	   1.0128689703381955e+00	   1.2940733677680170e+00	   1.0632277887270123e+00	   1.1623272319183151e+00	  -8.3351296148020670e-02	   4.4426320052110146e-01	   2.8678122664542349e-01	   1.4800868357400121e-01	   4.6067403130616541e-01	   4.9546241235659927e-01	   2.7147150209305382e-01	   3.7640306312892918e-01	   2.8784057110844274e-01	   3.8490697683861635e-01	   6.5295231673125509e-01	   8.1877870695010646e-01	   5.0916209535140533e-01	   4.2556082515136412e-01	   5.4972081536448936e-01	   5.4497775562438333e-01	   7.6685244386017359e-01	   6.1003105365184018e-01	   5.4778639604311374e-01	   7.4411637706313016e-01	   8.2240657536032935e-01	   7.2901809265156492e-01	   8.1312175162545552e-01	   8.9997436293200017e-01	   8.8367874598065832e-01	   6.2793322297118670e-01	   1.1080328432420377e+00	   7.8696848877880632e-01	   1.0738118741229385e-01	   5.2696261896311669e-01	   6.5117898528750962e-01	   8.2793367788893635e-01	   2.5517950662246996e-01	   7.5434151053278498e-01	   8.7580488295216335e-02	   9.5280425118273157e-02	   4.8148056531471589e-01	   8.8615563694693911e-01	   7.1535334177646981e-01	   8.2731987536559992e-01	   3.5103116176864152e-01	   4.5225609488145352e-01	   4.4716368639874848e-01	   4.3810106468234211e-01	   2.9894766759518138e-01	   1.7110666114912434e-02	   4.2118614534295606e-02	   9.7403639817557230e-02	   5.5601580679701268e-01	   3.0311927992770349e-01	   4.4116628078737757e-01	   4.5668826410005237e-01	   5.4414781553419844e-01	   5.6852615602705303e-01	   2.1371961558049968e-01	   2.9218156955191843e-01	   5.1680054178592583e-01	   9.6824288367347677e-01	   2.5436572777360594e-01	   3.8654290977412992e-01	   7.2891673511184307e-01	   7.5494050739793850e-01	   9.1797786586099062e-01	   8.3915126033778664e-01	   1.2209122009890663e+00	   7.5324330045639287e-01	   9.3773615807708610e-01	   9.1942486716202765e-01	   9.9537859860728206e-01	   9.2654467445788280e-01	   8.2018663231645328e-01	   9.9961621745564466e-01	   3.5418380585013798e-01	   3.6975035705082809e-01	   1.1304195096578751e+00	   8.1350121237726436e-01	   8.0710885344844929e-01	   1.0160109991497013e+00	   4.0235008169362441e-01	   6.8181039414939315e-01	   5.7477271297397915e-02	   8.7346371790517485e-01	   2.5262618788234348e-01	   6.7817529584669323e-01	   8.8561345217036436e-01	   4.8197636631058494e-01	   7.7778029506672419e-01	   3.2388232743122469e-01	
   8.4012759648224766e-01	   6.5372583800550943e-01	   1.4268440566740919e+00	   7.0961720744702694e-01	   5.8478961684286235e-01	   1.6679212974468027e-01	   0.0000000000000000e+00	   9.0390395531146561e-01	   1.7565461714938596e-01	   1.8004885970218534e-01	   7.4402826182016168e-01	   7.8557548188325144e-01	   6.3559143256883321e-01	   4.7999466001658098e-01	   4.1220332097659684e-01	   4.5718686264996999e-01	   5.7384401837566623e-01	   4.3360942608739061e-01	   9.8738852465951199e-01	   8.0364685315970430e-01	   4.6895498196576035e-01	   5.1069839657749927e-01	   9.4592315876569955e-01	   8.0857948653427925e-01	   4.6784963151481740e-01	   3.4699972233086596e-01	   3.0081908027907328e-01	   2.4074822877747720e-01	   7.3697746742819004e-01	   1.0404848245857399e+00	   9.3325580263435881e-01	   1.0385746750982985e+00	   8.4675707073062223e-01	   1.0366803587959803e+00	   7.4983607648354422e-01	   6.3556427949979644e-01	   2.0988387740852329e-01	   3.6943849235107457e-01	   7.9872549485606004e-01	   4.7556863711211261e-01	   3.4158919743083599e-01	   7.3426798298219020e-01	   4.6808653495715430e-01	   3.9985491507990684e-01	   5.7965384227808066e-02	   4.7701270549699659e-01	   1.4332073916755078e-01	   5.3090613225257988e-01	   1.4890985706833995e-01	   2.5391568972218270e-01	   6.0781426303066288e-01	   4.9180430626216193e-01	   5.0641044786484490e-01	   9.2827639528101036e-01	   4.7364181402742145e-01	   4.9946835696119812e-01	   5.0801775078975231e-01	   5.8595446262340745e-01	   3.0782617322624661e-01	   8.8747712624013333e-02	   7.9579350441321961e-01	   6.4004480311787348e-01	   5.7469951770427818e-01	   5.6124181547332963e-01	   8.7292535954026018e-01	   6.2367101754517473e-01	   7.6152693863473808e-01	   4.0726036831309115e-01	   5.3886110727928993e-01	   4.5799374807598897e-01	   7.2251299445734507e-01	   6.4565939358312496e-01	   5.7986085212664951e-01	   7.7882290127659481e-01	   5.2939192631472909e-01	   7.5568595342695255e-01	   9.1986741605680078e-01	   1.0839600217152596e+00	   1.6525232895991607e-01	   4.7555563423065855e-01	   9.4290733449790520e-01	   1.0042162882262879e+00	   6.5745721038731730e-01	   7.0057230966198114e-01	   8.4953058347479471e-01	   5.3529514507859943e-01	   6.9137589497327889e-01	   5.4165713407364047e-01	   6.8469806919216314e-01	   4.7783045623051357e-01	   4.8416100158577152e-01	   2.3373151536982228e-01	   2.2815743295489677e-01	   6.0282362836835379e-01	   5.1175386001967582e-01	   4.0333765793466603e-01	   2.9134682340499807e-01	   3.9568516021461414e-01	   4.9043975164494386e-01	   4.8506940133917154e-01	   1.7475746090577721e-01	   4.4792684547308448e-01	  -1.7043739851590710e-02	   3.0010039998343302e-01	  -1.6755462089945938e-02	   4.5691464987376029e-01	  -1.2154259357693768e-01	  -1.1967628986715954e-01	  -2.0613653593180944e-01	   2.9131847774908559e-01	   3.7909863619278084e-01	   3.8482893912845395e-01	   1.6743379944735406e-01	   6.5434852996923509e-01	   3.6845185817564929e-01	  -9.3973589845654001e-02	
   8.4626311448672709e-01	   1.2394979689131982e+00	   8.6457586876111980e-01	   1.5276584066823047e+00	   4.0079132364682901e-01	   6.2971876184747533e-01	   9.0390395531146561e-01	   0.0000000000000000e+00	   7.7146963722894119e-02	   3.5287803336907198e-01	   1.6618644127850180e-01	   5.6070813242395490e-01	   1.0117965513342203e-01	   4.7496503973122933e-01	   4.4626543217653518e-02	   4.9775505024869204e-01	   4.0563167701622216e-01	   6.5974373055808377e-01	   7.2701448983680339e-01	   9.8060757686314892e-01	   5.3428998576417541e-01	   5.3874185150823739e-01	   6.7160084120958452e-01	   9.1617810611171724e-01	   6.7913063565246623e-01	   7.0862169427792199e-01	   4.1084031279273370e-01	   5.7778661590356173e-01	   3.7238830831533294e-02	   7.6804743514088658e-01	   6.2434520105300206e-01	   7.3963389181029249e-01	   7.8864966344362541e-01	   1.0010681337674918e+00	   7.1937190486801017e-01	   7.4409276919232170e-01	   7.1958725974276216e-02	   3.8436678331240942e-01	   7.7879117810475107e-01	   8.8033566434712718e-01	   2.0444024889375031e-01	   7.4039698994119152e-01	   4.3940782498175979e-01	   4.1275545330842678e-01	   1.9648126417231787e-01	   5.0684755688512440e-01	   4.3751782316442267e-01	   7.1834448091702741e-01	   2.2270490496036521e-01	   3.1446985372017661e-01	   7.2170023754880797e-01	   6.6575660106625312e-01	   8.5185056184014218e-01	   8.9169711976787358e-01	   1.1459729096746010e+00	   7.0297722209605185e-01	   7.9462083678744033e-01	   8.6407340910701280e-01	   2.6723331349182927e-01	   2.7474631966447316e-01	   3.2869813516504692e-01	   7.8523715127474814e-01	   1.5778145733975171e-01	   2.8422455197234997e-01	   7.8232876325833245e-01	   1.0700838988415677e+00	   8.9043702647872713e-01	   7.1770222612270307e-01	   5.8653559035221781e-01	   5.9691718102091684e-01	   3.7560418325953765e-01	   4.4336940982515372e-01	   2.6093290992539275e-01	   4.8877908242673634e-01	   4.6733195529165522e-02	   4.4775507929257463e-01	   9.6220483407848922e-01	   6.9957725191082498e-01	   2.8016888917937177e-01	   6.4891843242680880e-01	   7.8261742103286880e-01	   1.0756693358553102e+00	   2.2794462661366571e-01	   7.1574756158410247e-01	   7.1266071618313653e-01	   9.4405345375763561e-01	   7.6221565028380101e-01	   7.2441978927867656e-01	   9.2323106452824033e-01	   7.4157869188870507e-01	   9.5112810015904670e-01	   3.7687065846383466e-01	   5.6132372312093815e-01	   5.3035199951358070e-01	   8.3112046119516458e-01	   8.8654856876609633e-01	   6.0179990439878728e-01	   6.0037092866996611e-01	   9.8795483975355936e-01	   9.1488756256080028e-01	   5.0883956526343310e-01	   5.4850631781528247e-01	   5.8264182236078754e-01	   3.9005697710773807e-01	   9.5180615523200451e-02	   5.2883435454059691e-01	  -2.4233436830289135e-01	  -5.0212972535654439e-02	   3.2486627003277369e-02	   3.0179730009202604e-01	   3.5961898647438761e-01	   8.5501822014035100e-01	   6.3621509083237615e-01	   8.5245927552344314e-01	   6.2965505329253513e-01	   2.8543161321778292e-02	
   1.3054407742054699e-01	   7.1594439530826656e-02	   2.0815929552286831e-02	   5.4112263629629617e-03	   1.0407293739520116e+00	   7.9489416817011616e-01	   1.7565461714938596e-01	   7.7146963722894119e-02	   0.0000000000000000e+00	   1.4964952733163874e+00	   3.5221247475490908e-01	   4.3701511878122479e-01	   6.6340741987983021e-01	   1.2500545669137575e+00	   1.1270046691853466e+00	   1.1331177873330984e+00	   3.3097228009175372e-01	   2.8977592702463406e-01	   1.1699344726429795e-01	   2.3794378136756458e-01	   5.2266811012747461e-01	   4.8780749913715193e-01	   2.7690318467393338e-01	   3.8533704093700571e-01	   5.9539921940944285e-01	   6.1567973177303548e-01	   7.8102317457372983e-01	   5.4861085766811224e-01	   3.8182134359464254e-01	   4.4259391911644491e-01	   1.2117312958088600e-01	  -5.2763739720852021e-02	   2.4289223167819191e-01	   2.9848736250454139e-01	   1.3341743593094876e-01	   1.2743606734894067e-01	   4.1877205057675848e-01	   2.2158115023710476e-01	   4.1795607970730375e-01	   3.3111893113601093e-01	   6.4245205773669622e-01	   2.0525084480366057e-01	   5.0705110921687035e-01	   4.2536264348453912e-01	   6.2776816097087318e-01	   4.1878568958276230e-01	   2.8294979320269442e-01	   5.0436956047522119e-01	   7.9768038704396205e-01	   5.9373104374473584e-01	   4.4780679307236909e-01	   4.6931821078805180e-01	   4.0028328670171065e-01	   5.5243942172113802e-01	   2.6731295798645344e-01	   3.3492461013694286e-01	  -2.3727025866457202e-01	   1.9123927307481919e-01	   4.5259558175050568e-01	   4.0849881792921133e-01	   4.0355351599758166e-01	   3.3034249073745786e-01	   1.7506915490327643e-01	   7.7423694435944435e-02	   4.3053217482012041e-01	   3.7283677582997343e-01	   4.0746882010279645e-01	   3.9880190437047730e-01	   1.5764850144389964e-01	   1.8137646393807930e-01	   6.2170972528371915e-01	   4.2238308811329645e-01	   5.2876345084987686e-01	   2.0808172865761903e-02	   4.1685092259672535e-01	  -8.9702267028615446e-03	   5.1113980496117539e-01	   3.9344960510660265e-01	   6.8796674828283444e-01	   5.1948540874627835e-01	   4.8609598157315959e-01	   3.1520782621507237e-01	   5.2552630534220401e-01	   1.3272392491296686e-01	   4.8294047224581144e-01	   4.4910125766270875e-01	   1.7131269840183810e-01	   4.3430108775826169e-02	   4.8320322098682700e-01	   3.0485471827739202e-01	   5.3839818886147417e-01	   9.2851986520082164e-01	   8.8077293514812904e-01	   1.0748558390016805e+00	   4.8297883240705730e-01	   1.8872690484235796e-01	   7.0014703209259244e-01	   4.7909796741911004e-01	   4.8616188755278961e-01	   5.8845530737255547e-01	  -1.8985043840158231e-01	  -3.3514297425229149e-02	   3.3341965851233857e-01	   6.0859477747926105e-01	   9.7249980922945922e-01	   9.4887287476618243e-01	   6.7663121692194228e-01	   7.3559388286917093e-01	  -2.9127107491633514e-01	   1.0872040872489432e+00	   1.8436030457979441e-01	   4.1705342542369300e-01	   5.2388433209331087e-01	   3.3006002121921890e-01	   4.5514654211237138e-01	   1.0780778045708456e-01	
   3.0666479567589472e-01	   3.5775369619654679e-01	   5.2985128673494288e-02	   2.6830512619270785e-01	   9.0723029191189830e-01	   1.1149588963153760e+00	   1.8004885970218534e-01	   3.5287803336907198e-01	   1.4964952733163874e+00	   0.0000000000000000e+00	   2.2456221937211657e-01	   4.3575895157511851e-01	   4.5671194905993251e-01	   1.3704818636463232e+00	   7.8030348876209565e-01	   1.4929334073759926e+00	   3.3500729700248477e-01	   5.0152914810786520e-01	   1.7623649642601921e-01	   3.8794785502757001e-01	   5.9997582079244860e-01	   6.1519613281356811e-01	   3.8981950523294095e-01	   6.1525569460415686e-01	   7.0837870508470469e-01	   8.7117819832991650e-01	   7.8368103430889013e-01	   8.0104725348725614e-01	   1.0698260276317333e-01	   5.4896835618381512e-01	   8.7542899673715813e-02	  -4.2509361544616223e-02	   3.4676914710427031e-01	   4.3075766381653252e-01	   3.2897301848613592e-01	   3.2837004401106340e-01	   4.1520971197311768e-01	   3.5677280149601659e-01	   5.0363109076686574e-01	   6.4707408326143123e-01	   5.4731662469804609e-01	   3.3622000688354775e-01	   5.7792093161085634e-01	   5.3013611740765265e-01	   6.7826159098992256e-01	   5.1347430642998415e-01	   5.3051005653537509e-01	   7.7440566325320292e-01	   8.4752487012641819e-01	   6.3329605218027896e-01	   5.9930291393541890e-01	   6.1469987511817437e-01	   6.9343084660116994e-01	   7.5144431064002282e-01	   5.4856726174528303e-01	   5.2302216643749255e-01	   7.6835378517226662e-03	   4.1085816093417410e-01	   3.9545465452543027e-01	   4.1752981755160412e-01	   2.9688490751553770e-01	   4.4778666225370511e-01	   2.5486399370762532e-02	   5.4980975708402852e-03	   6.2353004347198149e-01	   5.7821611339897361e-01	   5.3983037153527713e-01	   5.5358156665854108e-01	   2.8877624990808215e-01	   3.2456693960522615e-01	   4.7842401393983425e-01	   3.3796150172447292e-01	   3.8431430553201651e-01	  -3.4388326360151912e-02	   1.8254687235651254e-01	  -4.1617816101227355e-02	   7.8007809031947173e-01	   4.7842279172712254e-01	   7.6553719937208409e-01	   7.2455143332976535e-01	   5.2496353681774377e-01	   4.9414221995897500e-01	   4.3595740123779880e-01	   3.2611604512506143e-01	   6.4816218555544958e-01	   7.8025346723225730e-01	   4.0712954538618057e-01	   2.3915614390223033e-01	   7.9376463174065781e-01	   5.2269800315112303e-01	   9.7228716900812007e-01	   1.2728046256049337e+00	   1.3666288499725079e+00	   1.2879153987378931e+00	   7.0321557401393653e-01	   3.8458000490084754e-01	   1.0095705516494891e+00	   6.1347962213594998e-01	   8.8680883107962050e-01	   9.9898391219663019e-01	  -1.2752551592749067e-01	  -2.0133626787347182e-02	   5.4814059003308158e-01	   4.9850072841664694e-01	   9.2357232342976092e-01	   1.0126299038646798e+00	   4.9186879637272640e-01	   5.6288526111387638e-01	  -1.0347690288211883e-01	   1.1425685245405877e+00	   2.3626114202819104e-01	   8.5365009370148648e-01	   1.0562379911990027e+00	   5.4700264074447558e-01	   6.4233212117106187e-01	   6.4249738005197191e-02	
   6.1367383007583143e-01	   2.4444409802164757e-01	   5.6682650208707375e-01	   3.4270085645371637e-02	   4.8854682826000662e-01	  -3.0122906676791017e-02	   7.4402826182016168e-01	   1.6618644127850180e-01	   3.5221247475490908e-01	   2.2456221937211657e-01	   0.0000000000000000e+00	   8.3765721421179595e-01	   1.3479323912463901e+00	   4.6204282794043500e-01	   8.8236413042246031e-01	   4.4388769656582161e-01	   4.7692911308535940e-01	   2.3332089450541346e-01	   4.6713693525441724e-01	   2.9839360755013417e-01	   3.3771796349637680e-02	   2.5551825734578326e-01	   6.7373284882054096e-01	   4.1219743277380566e-01	  -2.7619107023366392e-03	  -1.0709707883151830e-03	   3.5842445058175534e-02	  -2.8991996907206434e-02	   9.6962784046598716e-01	   6.0622206074580720e-01	   2.5137737968347185e-01	   2.0237432937451547e-01	   3.3959533868646696e-01	   3.1123170110629644e-01	   3.0304022396992542e-01	   1.6854606526933666e-01	   1.2411589094061540e-01	   2.9365239585040892e-01	   2.7404821984280348e-01	   1.1471737354987284e-01	   2.2114314743583380e-01	   2.6822401134476831e-01	   5.2606108442049471e-01	   4.7286608689441506e-01	   2.7481728064151778e-01	   4.7300639970880937e-01	   1.3887951086199934e-01	   3.3239588360058386e-01	   3.3362564657128718e-01	   4.1893982922861761e-01	   4.6221919060108196e-01	   3.2487367559500097e-01	   3.4454214785327242e-01	   4.9123053817102247e-01	   1.0516201526035708e-01	   3.1601840906084006e-01	   2.7863867180606661e-01	   4.6568793913046314e-01	   4.4670318863472275e-01	   1.5061298304833801e-01	   1.3016158973271739e+00	   3.3422343330253712e-01	   8.7334589148180475e-01	   5.8359147558532276e-01	   5.8061144964861011e-01	  -1.4844530492193558e-02	   2.6503743360362497e-01	  -7.5805327274684822e-02	   1.6616882925498255e-01	   2.3939571492772554e-01	   5.5691025683498840e-01	   2.9374135706866084e-01	   7.3905647873447999e-01	   4.3167546903441645e-01	   8.4255836554062602e-01	   5.2821065038377535e-01	   4.4150963626767525e-01	   5.5154557391540937e-01	   1.2888114671084716e-01	   2.0536950088940176e-01	   4.8369895509066652e-01	   4.2955492218101071e-01	   6.2348464091920508e-01	   2.6370553691573817e-01	   7.5980742222751729e-01	   1.3524623116105350e-01	   4.5478494582450046e-01	   2.7798617559387651e-01	   4.3587933802551582e-01	   2.2231506336853962e-01	   1.0468791935428913e-01	   1.3807018950830771e-01	   8.0499583531906380e-02	   6.6823843976774044e-01	   1.0761406612705519e-01	  -7.2021518522725717e-02	  -4.5884925281243771e-02	   6.9590320946318993e-02	   1.7460011848131085e-01	   1.7540640629457266e-01	  -2.9221724828325213e-01	  -4.6562952769009562e-02	  -3.6494471607170803e-01	  -1.1209317815048703e-01	  -4.1479196128776659e-02	   1.9063120056706986e-01	  -1.0700103594506589e-02	   4.3075749024362321e-02	  -1.0534375974985991e-01	   1.8491911879028894e-01	  -9.5810192177172682e-02	   4.5076756086094849e-02	   1.3053813273672321e-01	   1.7676440605377508e-01	   2.3149384819177529e-01	  -1.9564533532046660e-01	
   7.1890198992177623e-01	   5.9248923097535044e-01	   9.2501579854405414e-01	   5.8831081919346828e-01	   1.0516597064275763e+00	   5.3506859632629222e-01	   7.8557548188325144e-01	   5.6070813242395490e-01	   4.3701511878122479e-01	   4.3575895157511851e-01	   8.3765721421179595e-01	   0.0000000000000000e+00	   9.5453705040286274e-01	   9.5741068310214350e-01	   9.3587744274522500e-01	   7.8747990902969134e-01	   1.7677423365974279e-01	   4.9543798408276156e-02	   5.3065182412175427e-01	   5.2167017621959144e-01	   5.5460915861365623e-01	   7.5304483673590128e-01	   1.1069079003103004e+00	   9.8958696164837401e-01	   6.7046927088100661e-01	   7.2647275719340854e-01	   5.8295681105445041e-01	   6.1621839432685666e-01	   5.5530230800175895e-01	   1.0165871199281142e+00	   7.8660138544560798e-01	   6.0622465936362280e-01	   6.5389878433274973e-01	   6.1047666765306352e-01	   5.6309263742644855e-01	   5.1752436141676950e-01	   2.6286664838860629e-01	   6.2770619437677466e-01	   6.7574881406827791e-01	   6.2035147194646634e-01	   4.0741348477128336e-01	   6.4641144713575360e-01	   9.3923470470269399e-01	   9.3099619766903519e-01	   6.3589480896880479e-01	   1.1549515985277463e+00	   4.1236287176754832e-01	   7.4164165173615237e-01	   8.3128090646209740e-01	   9.6714576111707951e-01	   1.4478320786527876e+00	   1.2790908883651793e+00	   1.0588054401212297e+00	   9.6527979637558303e-01	   7.8933311617476309e-01	   1.0346394770126970e+00	   1.7781437770606648e-01	   6.8847505034023326e-01	   1.2038656051494743e+00	   8.3117925327200326e-01	   1.5050514288050714e+00	   1.2068813164279044e+00	   8.7302256181083071e-01	   8.5603457489973245e-01	   8.5744610166103152e-01	   6.1413521530763449e-01	   9.6430254060038145e-01	   5.7076338732329635e-01	   4.4923623113390809e-01	   4.9138566668496686e-01	   1.0879989152425764e+00	   8.7703678802197660e-01	   4.6552901381993861e-01	   2.7778385977275183e-01	   4.7317225612292835e-01	   9.7685582554418571e-01	   6.0388277368011956e-01	   7.8461120797108896e-01	  -5.7230979416782631e-02	   7.1608192622680839e-02	   7.0976389869250966e-01	   9.1449524913302971e-01	   7.0111146252390011e-01	   6.0095736214716811e-01	   1.0677451871902819e+00	   7.4711004459666208e-01	   6.0176629579189500e-01	   8.0393403861090662e-01	   7.2279054896980766e-01	   7.3416144782303305e-01	   5.6273548906028437e-01	   4.3407169539110768e-01	   5.5546290144754173e-01	   8.6517497213503125e-01	   6.1735520199345506e-01	   7.3264629783267210e-01	   3.3601145969375062e-01	   7.4674867066722450e-01	   4.6327106488555297e-01	   5.5965330182805961e-01	   5.7688801388657340e-02	   2.2481864298181339e-01	   7.4708023645161367e-02	   2.5052171592691930e-01	   3.1964746259819177e-01	   6.0951473869036332e-01	   3.6906324630501197e-01	   3.5791238823290050e-01	   1.1074048347287025e-02	   4.6177109933029692e-01	   2.0303029382146068e-01	   2.5373565523140285e-01	   3.5429287297296574e-01	   4.7641879620746730e-01	   8.5051067017975523e-01	   3.6161550372417145e-01	
   4.9728858248582702e-01	   1.9730900641436364e-01	   4.6778435734760748e-01	  -7.3484610749161901e-03	   7.5825524192486093e-01	   1.7498547232236417e-01	   6.3559143256883321e-01	   1.0117965513342203e-01	   6.6340741987983021e-01	   4.5671194905993251e-01	   1.3479323912463901e+00	   9.5453705040286274e-01	   0.0000000000000000e+00	   8.3117976023292750e-01	   1.2927696928020520e+00	   6.6274847053878849e-01	   4.5921457602156956e-01	   1.4173859565961747e-01	   3.8571108436063301e-01	   2.7175597166792226e-01	   3.2936114923402998e-01	   4.2387309230310083e-01	   7.4360770339928872e-01	   4.7191156345052016e-01	   2.6377635690788270e-01	   2.5619128473084340e-01	   3.2362415649269949e-01	   2.3822632844012928e-01	   1.0814916595258004e+00	   7.0332874311580251e-01	   3.7891260367072976e-01	   2.2447576352393761e-01	   4.4954144057564577e-01	   4.3878553018635924e-01	   4.5844248399664295e-01	   3.8104871811687752e-01	   4.2646878292574997e-01	   3.9578033680015756e-01	   4.3765290725470946e-01	   2.1527215720648096e-01	   4.5178864571393829e-01	   2.7484630979245639e-01	   8.3516834753139468e-01	   6.7140428905647154e-01	   5.0842283926519172e-01	   6.0424921948951260e-01	   3.3134746308072194e-01	   5.7526318363743190e-01	   6.5897870753824961e-01	   6.1466994624663984e-01	   6.6423469946720048e-01	   5.3149871708885232e-01	   4.5310722223708599e-01	   6.4545077597684919e-01	   1.3754403070360860e-01	   4.0589239205571159e-01	   6.0797491543964161e-02	   3.5916535411119765e-01	   5.8729912842471788e-01	   2.9213505029200870e-01	   1.3700583735503709e+00	   4.5640181556310533e-01	   8.7117815032595769e-01	   5.6145777114808426e-01	   6.9479565269102883e-01	   1.8217748526510447e-01	   4.5537070100683247e-01	   1.7927057820322745e-01	   2.4531253181437135e-01	   2.3255720673675317e-01	   7.7883806722702387e-01	   4.5889821575594680e-01	   6.0537364207108602e-01	   2.2462348406916163e-01	   6.3712976704623192e-01	   4.4879619686763222e-01	   5.6296672424447747e-01	   7.8303581596957395e-01	   1.4504399853182448e-01	   1.7352357010939834e-01	   6.3953195674846708e-01	   5.5293683097122326e-01	   8.1017238605298580e-01	   3.1508548999447561e-01	   8.6007821349891522e-01	   2.7626753111607705e-01	   3.3219238988969141e-01	   2.1961946766678034e-01	   4.5851768913470359e-01	   2.8433055381890399e-01	   2.3656444769434898e-01	   3.9172392451340171e-01	   2.5177514867150247e-01	   8.6500081598768408e-01	   3.3402012412397003e-01	   5.7055179785984823e-02	   2.3835327673080722e-01	   2.8754691942161692e-01	   3.0085841989316547e-01	   3.6414528977231475e-01	  -2.9792076004259060e-01	   2.3306147862334588e-02	  -2.4802651920286028e-01	   1.5503081185688855e-01	   2.7248187634967547e-01	   4.2830070130176695e-01	   3.2259152116251105e-01	   2.9200275759226102e-01	  -1.6337392297699205e-01	   5.1937451124044132e-01	   1.1645703569664889e-01	   1.6937540946096344e-01	   2.0311576246282331e-01	   2.7634315745143645e-01	   3.2978630410520299e-01	  -2.3775911311185456e-02	
