   0.0000000000000000e+00	   1.6064275543257545e+00	   4.3374475565691406e-01	   8.7999369810980355e-01	   3.0520810778320218e-01	   3.8377658218228812e-02	   4.8029030205261836e-01	   5.3359866913404286e-01	   2.4477004749716141e-01	  -2.7616065540933527e-01	   2.7834168491725092e-01	   4.9834179477326823e-01	   1.8662706740528975e-01	   4.6849627345527217e-01	   1.7896610144181740e-01	   3.4963136068287659e-01	   1.3750629419185905e+00	   1.1813557231292862e+00	   2.0864409798051105e+00	   1.4993150760877660e+00	   6.3768776085386780e-01	   7.2782093387585997e-02	   4.5302462967131413e-01	   3.3865265005055284e-01	  -7.2667189764440282e-02	  -9.0731484449313657e-02	   1.1806959321662107e+00	   9.2541389560767395e-01	   6.6809013983047671e-01	   1.2686912390175298e+00	   7.8200105516874630e-01	   3.7522139949643368e-01	   1.3118128635535728e+00	   1.1384330093240111e+00	   2.6352428105286235e-01	   4.5141748505768364e-01	   7.1119478544632153e-01	   8.3320774767103989e-01	   5.5484458793918856e-01	   6.5071393592144133e-01	   7.5331753526282719e-01	   1.5297048639887592e+00	   3.4902702262749241e-01	   5.6972451599209617e-01	   5.1404576919431677e-01	   3.5583246233760080e-01	   5.1754089793543789e-01	   5.7051687585671162e-01	   5.7852974402164681e-01	   2.3013527688610283e-01	  -2.7440703302897041e-02	   2.1732483566733025e-03	   4.1257931489355992e-01	   4.4922030279949610e-01	   4.5809351884875549e-01	   2.6356013789987687e-01	   8.6814138540794628e-01	   5.7801760234620636e-01	   1.9735655705162086e-01	   6.9029288118802073e-02	   5.6227782160218687e-01	   4.9202418895357691e-01	   7.2520978349437637e-01	   7.8345950430673628e-01	   7.5339430338278990e-01	   5.6012208150543519e-01	   3.4771185050967912e-01	   1.7743440027987711e-01	   3.6479736054922268e-01	   1.0215972561280375e+00	   7.3213249912558875e-01	   1.2421359462680696e-01	   1.3746838852125687e+00	   5.8699916783485695e-01	   6.7235802846217529e-01	   4.9492035697033987e-01	   1.6917293191108602e+00	   1.0925844568714844e+00	   1.1247977712080237e+00	   1.5389478405205685e+00	   1.4159940036292178e+00	   1.3525452037248098e+00	   1.0160187654560946e+00	   1.6801840083378889e+00	   8.2858935007640877e-01	   5.7675077450883971e-01	   1.6017764023016728e-01	   8.4101223093104083e-01	   9.9346636265423963e-02	   2.2932204179172169e-01	   8.6465918651507034e-01	   5.3448229560086746e-01	   4.6008356057607330e-01	   3.2858234117295676e-01	   1.6172792493577012e-01	  -3.0165326563101422e-03	   2.7535154679837437e-01	   4.8352252893257597e-01	   1.2868680490082582e+00	   1.0163357307633594e+00	   3.0019774610237465e-01	   3.1910091304158998e-02	   6.6762913521381972e-01	   2.2135857705518511e-01	   4.4540338914670741e-01	   3.7136131799736555e-01	   7.3203277987254800e-01	   5.8474274091791956e-01	   3.6124842435591320e-01	   2.3080462391077960e-01	   2.2060984034452652e-01	   1.1277620458292970e+00	   2.3714891515401795e-01	   3.2418837254235289e-01	   1.0903448090849055e-01	  -2.3708041906762799e-02	
   1.6064275543257545e+00	   0.0000000000000000e+00	   2.5976954872185187e-01	   9.0783947161318013e-01	   4.9584749510001541e-01	   8.5872834727021188e-02	   5.2205725266218606e-01	   7.7454076287464102e-01	   5.7021113948652014e-01	  -1.3706176024562128e-01	   3.9942824653188824e-01	   6.8944984891130512e-01	   3.8184867056569261e-01	   7.0427992190206978e-01	   4.7103749886286428e-01	   4.3847796035630093e-01	   1.4106579524047453e+00	   1.2075055366379850e+00	   1.7426232339699395e+00	   1.8517593718642733e+00	   6.0785566431408511e-01	  -3.1761105245988380e-02	   2.7495640987200370e-01	   2.1190837261253873e-01	  -2.5994175915160112e-01	  -1.5863957809347418e-01	   1.1093910726030549e+00	   8.6438513612101808e-01	   8.6247515314935952e-01	   1.4259738877055901e+00	   5.3189029872093396e-01	   2.0017311468704879e-01	   1.5238307914496878e+00	   1.3558652657712942e+00	   1.3435514179708263e-01	   3.0164145234658474e-01	   5.7405841236369115e-01	   6.9386119581538175e-01	   5.8234385733370098e-01	   6.0969124042433276e-01	   5.5550537402404787e-01	   1.5052529972612905e+00	   2.9832111671476724e-01	   4.2136907845358029e-01	   4.4095512172095525e-01	   3.3897943591690333e-01	   3.0433014935932284e-01	   4.2095663274453965e-01	   4.1076862776585210e-01	   2.2702619909735197e-01	  -1.4649584675931335e-01	  -7.4230377422788679e-02	   2.8274422452673875e-01	   2.6315800518958071e-01	   3.4302884222523705e-01	   1.1118330434837104e-01	   1.1590806913470739e+00	   1.0298333044660990e+00	   2.4266690119055589e-01	   2.8834421615479838e-01	   8.8312628092458523e-01	   8.8679288338535123e-01	   1.1465664065015642e+00	   1.1350422787458914e+00	   6.4067908693377995e-01	   4.9281958860441283e-01	   2.6370835287882510e-01	   2.8825867421681900e-01	   5.1857330771677845e-01	   1.1053286151895032e+00	   4.5801213722843975e-01	  -1.4122732597848744e-01	   9.5649666620442586e-01	   8.5167729439706785e-01	   6.7578000943502581e-01	   7.4157646779809427e-01	   1.4546100515730669e+00	   1.2566218421644249e+00	   1.0839081067702163e+00	   1.4283655468773762e+00	   1.5319299949307037e+00	   1.1435586426593400e+00	   1.0504395023336512e+00	   1.7691977147204871e+00	   6.4187963262184244e-01	   4.1546555223694409e-01	   1.7219313806083849e-02	   7.7171793363478114e-01	   3.5178828738426066e-02	   3.5586247983417175e-02	   8.2878305199193203e-01	   5.4068480804087016e-01	   3.5874077420353134e-01	   1.4779369301992643e-01	  -5.0235596659767755e-02	  -1.0632127715339643e-01	  -4.0874146686600353e-02	   2.4612264611750950e-01	   1.0934123414422943e+00	   7.5403343686549495e-01	   1.5023217997000649e-01	  -1.7994834462527443e-01	   4.7401281813497020e-01	   9.9399421326753612e-02	   4.1164373933963228e-01	   3.7087422407067405e-01	   5.5053271990788066e-01	   2.4602658136408873e-01	   3.2330417743194412e-01	   2.9417493084203555e-01	   1.8696407412657667e-01	   1.3058947558595115e+00	   2.0117730051486421e-01	   3.4550010837367001e-01	   1.5257911276522509e-01	  -1.3392222722496680e-01	
   4.3374475565691406e-01	   2.5976954872185187e-01	   0.0000000000000000e+00	   1.6942735199555367e-01	   1.1948572564476857e-01	   2.7816364870038446e-01	   1.1741927317066878e+00	   2.6467536985339990e-01	  -7.7350300324559237e-03	  -3.4713869501233391e-01	   5.9011587460152448e-01	   4.7096857428702554e-01	   5.3354787412001969e-01	   4.0436954704714739e-01	   1.5080909949332194e-01	   2.3098780510315015e-01	   1.4032404657177761e-01	   6.4608307061198106e-02	   4.2176949200045916e-01	   3.2599019636919546e-01	   6.3091074481548171e-01	   8.2201023835252318e-01	   1.0814742403940572e+00	   3.2302409239134044e-01	   5.7324439380112047e-01	   2.2834371371623002e-01	   4.1008646440651320e-01	   7.2273887475084320e-01	  -4.0110625784522805e-02	   1.0135527337197020e-01	   7.0451097479955027e-01	   4.6212786824830038e-01	   1.6726024546028925e-01	   1.4068867402751886e-01	   3.1974358246519841e-01	   4.5641604158975457e-01	   3.1544920329447984e-01	   7.4377669237467292e-01	   4.2096011684193702e-01	   6.0190337886526857e-01	   3.9296909065646030e-01	   6.3138089532465569e-01	  -3.4975788125388158e-01	   2.2889674773815949e-01	  -2.1070662894798695e-01	   6.2782317881409519e-02	   2.9142371838944819e-01	   5.0401055577200615e-01	   4.1737541958412061e-01	   6.5322599291626082e-01	   8.7657932222230328e-01	   1.0448650631626859e+00	   5.8710999227459015e-01	   6.3454654169836366e-01	   7.8694957375931551e-01	   9.7869465373867826e-01	   3.4098174245169893e-02	  -7.2427148361278115e-02	   8.3672738924629086e-01	   2.8187376286820753e-01	   2.5873605083019097e-01	   5.8564937769899567e-03	   3.3675791050171705e-01	   2.4455290382986446e-02	   4.1424505916470455e-01	   6.2445616177882146e-01	   8.7707585132498611e-01	   3.1918272332843889e-01	   3.2994749584085470e-01	   5.3711925376867420e-01	   1.1639022894047006e+00	   5.4060674142264165e-01	   7.0268746941248261e-01	   1.8001700608791635e-01	   4.7709663213785525e-01	   4.2325876433810306e-01	   6.3728008413425241e-01	   6.2124750708115628e-01	   6.2102132298361166e-02	   3.7259007997364846e-01	   1.7180221926424183e-01	   6.2877783541125087e-01	   2.3715322969672888e-02	   2.8682510178116061e-01	   7.7707299163303334e-01	   9.2686768416498400e-01	   1.0348660032881699e-01	   1.1001488830637292e-01	   4.7992462977991418e-01	   6.1195124151592117e-01	   4.7035575543285713e-01	   5.9967599656789750e-01	   4.6862029751348444e-01	   9.1501876412643610e-02	  -2.0024041611739971e-01	  -5.3991650341269970e-01	   7.2214110290137057e-01	   3.2908972853745677e-01	   6.7515436819988905e-01	   6.7721922137651003e-01	   8.3360731481913275e-01	   1.0220320911629237e-01	   3.4264840040956246e-01	   2.5360238474282145e-02	  -1.2853994312603323e-01	   9.1322719459993568e-02	   1.6718369299558439e-01	   3.1804835038593843e-01	  -1.2963159327373860e-01	  -2.4358803251228456e-01	   1.0155032052841828e-01	   2.4967119800067514e-01	  -2.6425931745154901e-01	  -7.4892361168368324e-02	  -6.3854422451106230e-01	  -3.8688322260620550e-01	
   8.7999369810980355e-01	   9.0783947161318013e-01	   1.6942735199555367e-01	   0.0000000000000000e+00	   5.2268300372260201e-01	  -6.6153227065335746e-02	   2.5529166472554743e-01	   1.0372446370980435e+00	   4.5233643089121250e-01	  -1.3658879696024209e-01	   1.0712748965536580e-01	   7.1660160920215743e-01	   1.1563653143768537e-01	   6.5463863591934202e-01	   1.6236158892566366e-01	   1.1846384851813631e-01	   1.3451078174510318e+00	   1.1580039784147171e+00	   8.0083218826550739e-01	   1.1839102609239875e+00	   2.2323481111833876e-01	  -2.4780173563161426e-01	   4.3010290648055877e-01	   7.0064165496808861e-01	  -1.1202405820331621e-01	  -1.1410852724465709e-01	   1.1477591772634357e+00	   8.3276600586744753e-01	   8.3682397526840657e-01	   1.0662515204773813e+00	   6.4888790959571363e-01	   5.6456907221546482e-01	   1.1469618324844841e+00	   1.5451843076785323e+00	   4.4983402058232264e-01	   6.6865498837735082e-01	   1.6970108720704102e-01	   1.3410378606509948e-01	   2.4165782930210454e-02	   3.3249215447465230e-02	   2.0518040679853522e-01	   7.1992763123207026e-01	   6.7770147492549537e-01	   1.2871771712151299e+00	   6.9091819757327633e-01	   9.5679461221313700e-01	   5.0998897380334773e-01	   8.5536449401833614e-01	   5.3305374260364813e-01	   4.3770325208720340e-01	   9.6498653408701882e-02	   1.2050183323018729e-02	   4.1510713062088850e-01	   4.4155450435776455e-01	   2.4231141676032514e-01	   1.5746482362594366e-01	   5.8714238022139387e-01	   6.2653158880886362e-01	  -1.0874986996102412e-02	   2.6245465463269169e-01	   2.0762922255361191e-01	   4.7427342458186406e-01	   6.1951995464476139e-01	   1.1784442831172466e+00	   5.2465136576038507e-01	   2.7375341149330179e-01	   5.0570456871097802e-01	   6.3326185455049089e-01	  -6.2636833789699777e-03	   1.0335601479690879e+00	   4.8539142934884399e-01	   8.9245961848822414e-02	   4.9741816341663014e-01	   6.0805282881630351e-01	   2.5640202356505198e-01	   2.9252561466649857e-01	   7.9375809637968520e-01	   6.1392471902470303e-01	   1.1588877027895568e+00	   1.0076286766579923e+00	   1.2869741140141213e+00	   9.4089546831018778e-01	   5.8475313367877213e-01	   9.3280151605441020e-01	   5.9396126665566917e-01	   5.7265217598460860e-01	  -2.0543562860018977e-01	   1.0151064027538916e+00	  -3.6153705552753429e-01	  -1.6840088313349000e-01	   9.6013044799638936e-01	   4.9810872525068700e-01	   7.7215540579703212e-01	   2.4078805278205853e-01	   2.7546222621766586e-01	   1.1531560373905783e-01	   1.1095743349545596e-01	   4.9126979748053856e-01	   7.5028836145843802e-01	   7.3766048791719807e-01	  -1.7668159481253134e-02	  -1.7927819063694211e-02	   2.6021796543646059e-01	   2.8018266721420576e-01	   9.1815580515270923e-01	   2.4934692013377352e-01	   3.4243281971748663e-01	   5.0417862757622633e-01	   5.0395663287059556e-01	   6.5800514206792760e-01	   5.2572271507680191e-01	   8.3227436108143937e-01	   5.2387603003363914e-01	   8.0870841410899286e-01	   5.3724689664490999e-01	   1.0662324856026374e-01	
   3.0520810778320218e-01	   4.9584749510001541e-01	   1.1948572564476857e-01	   5.2268300372260201e-01	   0.0000000000000000e+00	   7.2160499107226528e-01	   2.7553502583890033e-01	   6.0201604343345094e-01	   1.2650647668892183e+00	   5.0679838884110573e-01	   1.8409372093064141e-01	   6.9470669047114286e-01	   3.8815102493725145e-01	   3.8280856061342750e-01	   8.8848807418944653e-01	   4.4529449494085410e-01	   5.8499438238813695e-01	   6.3716350565808999e-01	   2.5300415274893617e-01	   4.6745215392574291e-01	   4.9448665058608193e-01	   2.3986351915257226e-01	   4.3538349845074148e-01	   7.1134974342991608e-01	   3.4725658154289374e-01	   5.3570992789095240e-01	   8.1332048192750372e-01	   7.1460182796100169e-01	   1.5574692039825866e-01	   3.9652492656755245e-01	   4.3791012097777998e-01	   8.2825767071608228e-03	   2.9883834588820302e-01	   4.8002447371810508e-01	   5.4845453066947636e-01	   6.1239003662029667e-01	   2.8541090760174831e-01	   6.3313940474687011e-02	   1.1662095426186073e-01	   4.6509292198475126e-02	   1.4754837204211918e-01	   3.7622597598086222e-01	  -1.0388355528923579e-01	   2.6578558668876701e-01	   1.8798631641207342e-01	   6.8212946359788773e-01	  -1.5740972151533386e-01	   5.4432201790668266e-01	   2.5520797292875175e-01	   4.6786525257970180e-01	   2.4189872444260369e-01	   2.3559707243679978e-01	   5.5266030583835579e-01	   5.7039297865092420e-01	  -5.9241875850531339e-02	   2.0237040405739903e-01	   2.5180110404445122e-01	   4.2261783954706722e-01	   2.7504396856439584e-01	   6.0501976867106544e-01	   5.2056112878445415e-01	   6.8644107105071983e-01	   7.2929923698782861e-01	   6.9938448479317483e-01	   6.8138666172373064e-01	   4.8834051663931155e-01	   4.8337687011131025e-01	   8.3137791407832951e-01	   2.7950286790006124e-01	   7.8174094707943742e-01	   1.5375049686561343e-01	  -3.1339088980721053e-01	   8.4258026104124060e-03	   1.4666064865164802e-01	  -1.1718490864298402e-01	   1.4712003938252091e-01	   4.7494655268584329e-01	   6.3705317035953068e-01	   3.9789704886261740e-01	   3.7763122494901674e-01	   5.0587696726258125e-01	   5.3048391926846650e-01	   4.2795107942502247e-01	   3.9939839910916947e-01	   7.1356315224796940e-01	   2.0933047545811745e-01	  -1.7089715228636576e-01	   1.5879709505487055e-01	  -2.7813058544312191e-01	  -6.2849013668135778e-01	   8.0655503695302877e-01	   7.7661815939524925e-01	   6.0756606815991798e-01	   3.3364173779027140e-01	  -1.1299960626984752e-01	   4.8226154317929509e-02	  -4.5257842509245805e-01	   4.8135905407167823e-01	   2.4792477532158047e-01	   6.2424612158600912e-01	  -2.8399185814737693e-01	   8.0774722071519631e-02	   2.9713221239563881e-01	   3.6112201093241181e-01	   1.3486892981238441e-01	  -3.1568404802121058e-02	   4.5757242180814145e-02	   1.5518466499973082e-02	   4.3141362679000211e-01	   6.7914303733075010e-01	   2.4248069809289863e-01	   5.7455411552683933e-01	   2.4181872746007083e-01	   2.7362941341768066e-01	   7.4707980933580900e-02	  -2.6526356353944841e-01	
   3.8377658218228812e-02	   8.5872834727021188e-02	   2.7816364870038446e-01	  -6.6153227065335746e-02	   7.2160499107226528e-01	   0.0000000000000000e+00	   2.2662110103760530e-01	   6.8399191203521515e-04	   4.0948407554012056e-01	   7.9878240526701383e-01	   4.1033908559733773e-01	   3.2963014627499132e-01	   4.7062438579824917e-01	   5.6654215024379860e-02	   8.5354280916575465e-01	   1.0126008563095437e+00	   1.1319075954434579e-01	   1.3625494410212236e-01	   3.4635845313010651e-02	   2.8454533335450182e-02	   6.4734122611581724e-01	   8.2902622303238416e-01	   2.8299946774447121e-01	   2.6950017640082136e-01	   5.6497785162729353e-01	   5.9381349565485375e-01	   2.3470279301512653e-01	   3.6383570174495872e-01	  -7.5896593864027168e-02	   6.6291326054897584e-02	   2.3895667209696075e-01	  -2.9398651116716451e-01	  -2.1522707008238781e-01	  -1.3647609086644341e-01	   5.6829925320923985e-02	   2.1122994317849003e-01	   6.0656621346091777e-01	   1.4796256609186714e-01	   4.1806174855717648e-01	   1.8966918504817457e-01	   4.6574225988949225e-01	   1.6794661941018757e-01	  -4.5829947026974682e-01	  -1.9137375459856890e-01	   7.0349854608803997e-02	   2.0810822455815345e-01	  -1.2611865195866725e-01	   2.2999605449216892e-01	   4.4608111461877142e-01	   5.4947687497917963e-01	   3.3629513989588583e-01	   4.2388972705250172e-01	   7.3553550578791560e-01	   6.9789957589966511e-01	   1.3809658452165954e-01	   2.1204008684585751e-01	   8.5745790042336775e-02	   7.6248859335181038e-02	   6.6967798016799829e-01	   6.1826419992770820e-01	   3.8550259481825738e-01	   2.0919556426249702e-01	   2.9987919006806685e-01	   3.0727284432126713e-02	   1.8690933134057469e-01	   2.3351174524447638e-01	   3.0042249534061727e-01	   3.6967956271616870e-01	   2.4968328713741578e-01	   3.2503143041439597e-01	   2.1140157482489322e-01	  -2.0057701116525234e-01	  -6.0488234519043727e-02	  -3.2693190823636425e-01	  -1.2747576952099035e-01	   3.7692247781395305e-03	   2.0068275016706311e-01	   2.6368980830063671e-01	  -5.1859687915823446e-02	   7.8702916494592629e-02	   1.0251884311742349e-01	   2.0470592153357622e-01	   3.5168390730946247e-01	   1.4211348782803207e-01	   4.4632106009079769e-01	   5.1135498500631382e-03	   4.1571977718370662e-01	  -1.2931515734257190e-01	   2.6919787195828493e-01	  -2.4146645915302761e-01	   4.2090975470452135e-01	   4.6197227346924807e-01	   2.2073216472165327e-01	   1.2705537277240536e-01	  -3.4035357386664766e-01	  -6.1746747967385329e-02	  -2.7852255881421123e-01	   2.3836664174410510e-01	   1.2778413245476139e-01	   3.9914146866014100e-01	  -1.0753977470675016e-01	   3.8190605965289115e-01	   2.5828079296866691e-01	   4.7857507173840558e-01	  -1.0255384774241719e-01	   4.4149474083552916e-02	   2.8125570039357639e-01	   5.7684064602113484e-02	   2.4027662828921170e-01	   4.4684044197880482e-02	  -1.7894813548168687e-01	   2.1957242852664788e-01	  -5.4496059458584649e-02	  -1.2962019654507534e-01	  -3.7654569279906447e-01	  -2.0329677913427097e-01	
   4.8029030205261836e-01	   5.2205725266218606e-01	   1.1741927317066878e+00	   2.5529166472554743e-01	   2.7553502583890033e-01	   2.2662110103760530e-01	   0.0000000000000000e+00	   6.3672492587472940e-01	   3.5349142875119566e-01	  -2.7929046290261184e-01	   8.4724279360532084e-01	   8.5818219919572281e-01	   1.0711231632439584e+00	   9.3172341307199358e-01	   5.2704336943644348e-01	   2.6222943045019559e-01	   2.2724176249533573e-01	   1.2192918359589361e-01	   5.9070016368170075e-01	   5.8575479957862409e-01	   4.9431984410534546e-01	   5.0620556317967824e-01	   6.1989474873583961e-01	   9.4085589612868281e-02	   2.0606559748642997e-01	   3.4460623449958303e-02	   4.7093781037079169e-01	   7.5838696514191484e-01	   1.1945699248395761e-01	   2.0790142939893355e-01	   3.9909258940767051e-01	   1.8854225214754497e-01	   3.7442449647257769e-01	   3.4826295124916262e-01	   1.9924102871939869e-01	   2.7849126921405704e-01	   2.2867000434788995e-01	   8.2674649671221323e-01	   6.7006898418488836e-01	   8.6955560456929937e-01	   2.7926597952492449e-01	   8.6671312705866055e-01	  -4.1750511972687476e-01	   1.0570176649963557e-01	  -3.1404284919419317e-01	   6.4306175430514451e-02	   1.0568476677574472e-01	   3.5972721709179556e-01	   2.0210303635965091e-01	   6.3798131030539174e-01	   6.4452680997083667e-01	   8.3894248772673852e-01	   3.0659353103663667e-01	   2.7850569035274042e-01	   8.9436094321285842e-01	   7.7049346495169135e-01	   2.3634282829740313e-01	   2.9509294571661826e-01	   9.4058191656655299e-01	   6.0346591775854741e-01	   6.8747186075098765e-01	   4.7886044623764024e-01	   7.6528970724308898e-01	   3.5503390383551164e-01	   4.1723089064206209e-01	   6.9890929442247240e-01	   7.4626320949322300e-01	   5.2260508508604142e-01	   7.8882816615886320e-01	   6.8675567252578718e-01	   7.6485799294845702e-01	   2.6864437673168856e-01	   6.7161307418603478e-01	   6.5407132853022143e-01	   7.7045181706902643e-01	   1.1021115629772400e+00	   7.2876156387196300e-01	   1.0232506964673607e+00	   6.6520818160265879e-02	   4.5665304508822802e-01	   2.6802397865629435e-01	   7.1622533246864906e-01	   1.0928998863462952e-01	   4.0692459678746218e-01	   6.8189349538931121e-01	   8.7868945208571980e-01	  -9.8652394420357281e-02	   2.4333364326057161e-01	   4.5739113608415660e-01	   4.2101884483383789e-01	   3.9642338512467790e-01	   7.7516123021210181e-01	   3.1881430915089087e-01	  -1.4547485750546479e-01	  -5.7515099854244289e-01	  -9.8344291171845910e-01	   3.2496096294006455e-01	   3.2561536877647998e-02	   6.6701387245014632e-01	   4.8574603654823678e-01	   6.9374570512691480e-01	  -2.4207146607702087e-01	   2.0277853534138329e-01	  -2.5810274595716998e-01	  -1.0761713961491140e-01	   2.5035227940723426e-01	   1.0763778671229580e-01	  -3.9102100984261055e-02	  -3.3669544185428335e-01	  -2.4111980985413456e-01	   1.2151587566116570e-01	   4.3024125136061520e-01	  -3.3966660306318780e-01	  -5.2025109636241004e-02	  -4.9793605386856266e-01	  -5.7070144233336562e-01	
   5.3359866913404286e-01	   7.7454076287464102e-01	   2.6467536985339990e-01	   1.0372446370980435e+00	   6.0201604343345094e-01	   6.8399191203521515e-04	   6.3672492587472940e-01	   0.0000000000000000e+00	   8.0282572182645318e-01	  -1.0794844085086883e-01	   3.7197625370912912e-01	   1.3114447398636795e+00	   5.1055750735656169e-01	   1.1744836760849913e+00	   5.0232273137562000e-01	   4.9204148414815574e-02	   6.8678369674187878e-01	   5.3926529209979046e-01	   6.0874163490091049e-01	   1.0104946121743958e+00	   8.5079694638851885e-02	  -1.7294917146920893e-01	   3.2590946024112327e-01	   3.8369981542434867e-01	  -1.9516029064613372e-01	  -2.4680967444980184e-01	   7.5466586715001649e-01	   6.7654311437104730e-01	   5.3599616368002101e-01	   5.3585601698686069e-01	   2.1142380882714079e-01	   1.5634840869050340e-01	   8.2565129647310975e-01	   1.0589806632429304e+00	   3.7119513948796490e-01	   5.1893758991685657e-01	  -1.0760439425679962e-01	   1.5236899737535306e-01	   1.0363900940692897e-01	   1.7843127005569587e-01	  -2.9411968828154263e-03	   7.5857742047955756e-01	   1.1354886392541692e-01	   6.4889201032953669e-01	   1.6585218386911876e-01	   7.5137293955806517e-01	   1.1133128896276540e-01	   7.1105533948850119e-01	   2.3231903603435367e-01	   6.0993878735214691e-01	   3.3367683233817463e-01	   3.3382738035821302e-01	   3.0008871630570561e-01	   2.1232405133823537e-01	   4.6272872903513657e-01	   4.0124141906175509e-01	   3.8654205513465556e-01	   6.7975808946741467e-01	   2.8723843706953062e-01	   6.8640392718952237e-01	   4.5749605478021760e-01	   9.9137825747771757e-01	   9.1086144901588917e-01	   1.3020156836386723e+00	   3.9709532223278654e-01	   4.5909655610936001e-01	   6.7820910827564229e-01	   1.0457931231920921e+00	   4.4365999602856587e-01	   1.0290216673357020e+00	   2.8949182672338569e-01	  -7.3976722355246716e-02	   3.3147044449805335e-01	   9.3782303954252266e-01	   3.1617098789967046e-01	   7.8947391824364954e-01	   6.3568747250122548e-01	   7.7207819132730948e-01	   4.7906012636949891e-01	   5.5974723530448955e-01	   6.6674315390919270e-01	   7.5423595865430604e-01	   3.0090953370399109e-01	   5.5662035052898207e-01	   5.2137392600247479e-01	   6.3488403095147294e-01	  -4.3926116663239995e-01	   6.7717405185131696e-01	  -1.7357232981861848e-01	  -1.0486892999508940e-01	   6.2129452727970025e-01	   7.5820786936617424e-01	   4.7466251772067991e-01	  -1.0182253001885624e-01	  -2.1361938262333252e-01	  -4.1230000889484053e-01	  -4.4307698595036880e-03	   1.8707694405455610e-01	   5.0821190672262795e-01	   5.1801594846908150e-01	  -1.6441699185240490e-02	  -2.3061917960148237e-01	   4.8645325667127426e-02	  -1.2394944337765659e-01	   5.3540122359562725e-01	   2.6427016934352626e-01	   1.0347546200601282e-01	  -4.4648445258108566e-03	  -2.0690846215701237e-02	   3.8608796609517626e-01	   6.4623953807855772e-01	   5.0349912129097152e-01	   3.1002449328012438e-02	   4.4122609297648435e-01	   2.7186682630787179e-01	  -2.7291256955731408e-01	
   2.4477004749716141e-01	   5.7021113948652014e-01	  -7.7350300324559237e-03	   4.5233643089121250e-01	   1.2650647668892183e+00	   4.0948407554012056e-01	   3.5349142875119566e-01	   8.0282572182645318e-01	   0.0000000000000000e+00	   4.2050846978401196e-01	   3.0708296160535131e-01	   7.3195463131088023e-01	   5.7561034660277355e-01	   6.4629251616022165e-01	   1.0016100747638896e+00	   3.5955379666672937e-01	   4.8209648050210108e-01	   4.4464172653855050e-01	   2.7718451105113817e-01	   5.0729260212406735e-01	   3.5020907982929911e-01	   1.0952794353206269e-01	   1.3162108009881196e-01	   2.6921059322943097e-01	  -5.7865180739912273e-02	   1.2910096035718119e-01	   5.3993576755821882e-01	   4.1793221812592235e-01	   2.8882891787711507e-01	   3.8743356281200814e-01	   1.2515435854440687e-01	  -1.4719515892568902e-01	   3.7610695632753705e-01	   4.9049872429195784e-01	   2.1946874011091888e-01	   2.3255170161793204e-01	   1.5183062671966152e-01	   7.8490657047871532e-02	   2.1592956498403704e-01	   1.6231040104572372e-01	   6.8534976941350717e-02	   4.2486345054587737e-01	  -1.2196972272640688e-01	   1.3251536755595372e-01	   7.1367768831358022e-02	   4.3873889556698809e-01	  -2.8877385165123104e-01	   2.7796922855514067e-01	   7.2870229242041160e-02	   3.3307249119354398e-01	   5.1693347595124201e-02	   8.9880181909435294e-02	   1.9373873788607657e-01	   1.9497975505507414e-01	  -3.7622247915452593e-02	   8.0831205626354832e-02	   3.8893085801595256e-01	   6.8789646863938225e-01	   3.1156129762064655e-01	   7.3437733494860880e-01	   8.4722884542908017e-01	   1.0879413608243202e+00	   9.6375198670996354e-01	   8.3526734172862571e-01	   4.7242359973693893e-01	   3.6835300013898054e-01	   2.6193385878162684e-01	   6.8840403214553725e-01	   5.2584447679490653e-01	   6.1515569113901869e-01	  -7.6988614150653820e-02	  -5.3032838614123023e-01	   1.1670969960019082e-03	   4.3272837922947116e-01	   9.3290097811344938e-02	   4.3280487272927287e-01	   3.5659698166112985e-01	   5.8706543213053741e-01	   3.0695035772614265e-01	   3.2445039300946127e-01	   4.2767856420735817e-01	   3.9377649021531780e-01	   4.2628708205800248e-01	   4.0283423946119556e-01	   3.5446654808796441e-01	   1.3244231315435739e-01	  -2.8909231604050706e-01	   2.6338509731543780e-01	  -1.3920830418834501e-01	  -4.8769455383759741e-01	   5.4133385157363412e-01	   7.0196957332319776e-01	   3.8129768346631859e-01	   1.2967873942270811e-01	  -3.4208779093439706e-01	  -1.9809381058280573e-01	  -6.4490135296184681e-01	   8.5452715656419889e-02	   1.4946489037936095e-01	   2.9445722127017965e-01	  -2.0160852329340601e-01	  -1.8881522305581624e-01	   1.2709782857158761e-01	   1.1244664245484050e-01	   1.7720930998546464e-01	   2.0160085644184225e-01	  -2.3950958939512285e-02	  -2.3858658002798219e-01	   1.3535124556047179e-01	   4.1438267380362320e-01	   1.3519109635947310e-01	   4.6494960817955922e-01	   1.4647556404943265e-01	   2.4590219314351702e-01	   1.5395789074660263e-01	  -2.8904910395496325e-01	
  -2.7616065540933527e-01	  -1.3706176024562128e-01	  -3.4713869501233391e-01	  -1.3658879696024209e-01	   5.0679838884110573e-01	   7.9878240526701383e-01	  -2.7929046290261184e-01	  -1.0794844085086883e-01	   4.2050846978401196e-01	   0.0000000000000000e+00	  -1.8340092793604801e-01	  -9.5518788218901890e-02	   1.9727749926671003e-02	  -2.6101808609390942e-01	   4.9342338483458126e-01	   4.2349371115194556e-01	  -7.7753819801719554e-02	  -5.4445374964153422e-02	  -2.6547351094569438e-01	  -2.0812564604736974e-01	   1.8915768570834982e-01	   2.2666969728811504e-01	  -2.7614578540948814e-01	   1.6916247266791803e-02	   5.0555075075375704e-02	   3.9092530352130039e-01	  -1.2997606851638316e-01	  -9.2192660183399860e-02	  -5.5075561852489144e-02	  -1.1019004780014778e-01	  -2.3503523912165636e-01	  -5.7777629582063450e-01	  -3.1929248307491576e-01	  -2.5604144131428119e-01	  -8.4662217400649484e-02	  -1.2701005062676110e-01	   2.9904536111441737e-01	  -1.3994502529383185e-01	   1.7321203909257812e-01	  -6.2477403077870475e-02	   1.0470297080034351e-01	  -2.1955257462477448e-01	  -1.6163212986434142e-01	  -3.5904748780874568e-01	  -4.6006746311096927e-02	   4.5580950445882250e-02	  -6.0241937972518456e-01	  -1.4251583577768373e-01	  -1.0311457089202264e-01	  -3.8229871119735963e-02	  -4.8511379173147254e-02	  -1.4534313424788076e-01	   1.3930893047421633e-01	   2.4603465215836137e-01	  -3.7503385869646355e-01	  -2.5899685991555199e-01	  -4.6992702631655850e-02	   3.9090485969507628e-02	  -3.8570800103021934e-02	   2.3131749987708308e-01	   1.0777974993984187e-01	   1.3923075329992257e-01	  -5.4849277360940099e-02	  -6.6719100124907588e-02	  -1.6314040722471973e-02	  -7.3068775485866252e-02	  -1.5979252004801930e-01	   1.4169104816151235e-01	   1.4132383774655735e-01	   4.9049136460710213e-02	  -3.9496901317824290e-01	  -5.2152892013225838e-01	  -3.6471468992842837e-01	  -2.8828286314446472e-01	  -2.4205429865645661e-01	  -2.5553301899890446e-01	  -2.9391053817301493e-01	  -1.7028230369840747e-01	  -1.2098554687449359e-01	  -2.0344429793353100e-01	  -9.6220774808809598e-02	  -2.9270059594820425e-01	   2.1972490723785021e-01	  -1.3817640561241021e-01	  -8.9747486466976223e-02	  -5.6297022908285044e-01	   1.2405673216927762e-01	  -3.2831595564229009e-02	  -4.8810625696011654e-02	  -7.4411857817285809e-01	   7.8590247425949764e-02	   1.1322300007745412e-01	  -3.2218422771471092e-02	   6.9694829812096279e-02	  -5.2550404059524356e-03	   2.4105315717041287e-01	  -8.1811378914344834e-01	   1.0015524348915698e-02	  -4.4484508639967929e-01	  -3.0876376393048459e-02	  -3.9534603285567621e-01	   5.5232671458787207e-02	   1.6468879169991218e-01	   2.2009626626999609e-01	  -1.1081783103102363e-01	  -1.8352793746206875e-01	  -3.1170643023150764e-02	  -2.5627530513219066e-01	   3.3076617607794950e-01	   2.7648104294418446e-01	  -2.7153162893292543e-01	   3.4937354409163769e-02	   1.1070531641773726e-01	  -1.7521299149905351e-01	  -3.4039645512853670e-02	   4.2301013419877567e-03	
   2.7834168491725092e-01	   3.9942824653188824e-01	   5.9011587460152448e-01	   1.0712748965536580e-01	   1.8409372093064141e-01	   4.1033908559733773e-01	   8.4724279360532084e-01	   3.7197625370912912e-01	   3.0708296160535131e-01	  -1.8340092793604801e-01	   0.0000000000000000e+00	   8.3232695728294548e-01	   1.4411608607772111e+00	   9.1982337321462548e-01	   7.9145738344084826e-01	   7.4380177530819214e-01	   1.9931282362485439e-01	   1.1514168422389430e-01	   3.9470344420350234e-01	   3.9585888264049385e-01	   4.8300044020328858e-01	   4.7738064601127311e-01	   2.8360432743654679e-01	  -1.1732268998891003e-01	   6.7265817020719362e-02	  -1.7863140618904491e-01	   2.2534687731120226e-01	   3.2517666728343669e-01	   3.1111887693808421e-01	   3.1394215126857866e-01	   2.3275320314998527e-01	   6.8257836199029281e-02	   1.6175505625741096e-01	   1.6747201772842252e-01	  -3.1776179893432860e-01	  -3.8730912274279168e-02	   2.7465406742733772e-01	   3.1773341741103139e-01	   5.1028186254307417e-01	   3.9834014550263352e-01	   4.0141985643359290e-01	   5.2272403417682589e-01	  -3.7777046027189265e-01	  -2.6572600221485564e-02	   5.1540978851436499e-02	   2.8848549491084400e-02	   3.6564195350761292e-01	   1.7913946813444998e-01	   5.3560139429971176e-01	   8.4030400550185513e-01	   2.2860910611727306e-01	   5.4860766014483231e-01	   3.5953473836090416e-01	   1.5191335547754467e-01	   6.9180266432692938e-01	   3.0601376663030105e-01	   4.5847196773950483e-01	   5.2880376104692450e-01	   1.4761267408825614e+00	   1.0343960472412510e+00	   7.9572606631427123e-01	   4.5854731087519207e-01	   8.9881523401627728e-01	   3.3010317377566284e-01	  -4.2522560588101027e-02	   9.6920425469378027e-02	   3.4307570185862851e-01	   3.2471378130191902e-01	   3.7216591612592043e-01	   2.9259719472637374e-01	   4.9967116117734289e-01	   2.8750416430962504e-03	   2.8178912165862485e-01	   3.0266008629810864e-01	   3.7203634421427795e-01	   7.8691255764918033e-01	   4.6023414093192111e-01	   5.6745360432885117e-01	  -8.1931922872804704e-03	   3.4885838814385617e-01	   2.5963063699244204e-01	   5.0478326979909438e-01	   2.8582209572220912e-01	   4.2499677590580215e-01	   2.7903574882991466e-01	   5.1629409572888418e-01	   1.9208890785246441e-01	   3.0910689337048672e-02	   6.5137462794792989e-01	   4.6780763579042417e-01	   3.0119681330120596e-01	   3.8927835481969797e-01	   1.1992952349757728e-01	  -3.3382664407329637e-01	  -7.8862865483448308e-01	  -6.9658280357091629e-01	   1.3351096475112723e-01	  -2.1394790297750738e-01	   7.0036640664337246e-01	   1.8344410425231775e-01	   2.6944353847650981e-01	   2.8323243918749894e-02	  -2.0663845625709149e-01	   6.3454862149747118e-02	   6.4009080067539706e-02	   4.4560314494765368e-01	   3.2570900455777119e-01	   3.4912420654085730e-02	  -2.3279434285117301e-01	  -3.7250115093813640e-01	  -1.8536433538572381e-01	   2.3970135330831199e-01	  -2.4162806453670913e-01	   6.0786833887258987e-02	  -3.3480971767509832e-01	  -2.1291155100020318e-01	
   4.9834179477326823e-01	   6.8944984891130512e-01	   4.7096857428702554e-01	   7.1660160920215743e-01	   6.9470669047114286e-01	   3.2963014627499132e-01	   8.5818219919572281e-01	   1.3114447398636795e+00	   7.3195463131088023e-01	  -9.5518788218901890e-02	   8.3232695728294548e-01	   0.0000000000000000e+00	   9.3895126936802509e-01	   1.3748153718031066e+00	   8.3935850346134599e-01	   3.5638256806369090e-01	   6.0354508013120733e-01	   4.9127581614692883e-01	   5.7927802026646835e-01	   8.7651596157948564e-01	   2.5664453473511589e-01	   1.3228598344306297e-01	   4.9559959150949695e-01	   4.0428741379370486e-01	   9.8953359207213237e-02	  -1.0357966964441143e-01	   7.7860335193840569e-01	   7.5031368490447492e-01	   3.6323570534945782e-01	   4.7940992557755219e-01	   3.3890697029293365e-01	   1.1712540577631231e-01	   5.2043750598321836e-01	   7.2346154676506980e-01	   3.0611667363606015e-01	   5.6559922415665276e-01	   7.4552798369522180e-02	   1.8768546564411728e-01	   2.2793449686149891e-01	   2.3679183645523183e-01	   2.0671044772639602e-01	   7.7001146842186197e-01	  -1.7984316486333626e-01	   4.7878099602019342e-01	   1.8657325065815886e-01	   7.4156171915671942e-01	   2.6564731615091597e-01	   8.1615602150741051e-01	   4.9952533688123546e-01	   1.1409402719617567e+00	   4.8434990458926619e-01	   6.4977504772762917e-01	   5.7435448213341656e-01	   3.6742296937961927e-01	   6.9587801221704326e-01	   5.9045704665162202e-01	   3.4938334947832383e-01	   5.9280362660844654e-01	   7.4486346114902990e-01	   1.1836606404360714e+00	   6.3181838567361392e-01	   9.6972733514308351e-01	   1.2001432965792986e+00	   1.0892306649130947e+00	   3.7694701885297299e-01	   4.7835340476848454e-01	   8.4335731267206060e-01	   1.1818274066878083e+00	   4.6064784444671775e-01	   8.9821998372477929e-01	   5.3169838312025530e-01	   1.9757706334115523e-02	   3.0077515760283102e-01	   5.7840426983792692e-01	   2.2682277507826626e-01	   8.1194337894973478e-01	   7.1378192404344731e-01	   9.5470213425604145e-01	   2.8629788424481728e-01	   5.2401485407643955e-01	   5.8454185665072722e-01	   9.6947830288564807e-01	   3.5677949463751046e-01	   5.5720414109174443e-01	   7.4608797841352292e-01	   8.6040338816357542e-01	  -2.0610056024390688e-01	   4.1376544516458497e-01	   8.4548820918762951e-02	   6.1937194019098446e-02	   6.7036572454833743e-01	   9.6609845217875101e-01	   4.9074022522600724e-01	  -1.1626706971803349e-01	  -4.3882215836072197e-01	  -5.3288308665712203e-01	   9.1905218101797331e-02	   2.3327304181418154e-01	   7.0839989332960795e-01	   6.0813100543334220e-01	  -1.1847182287143340e-02	   3.3684451191786272e-02	  -2.7207337286801418e-02	   6.1098752844458606e-02	   4.0161831739425746e-01	   3.3191598617849505e-01	   2.5939788682203829e-01	   1.0110186822242720e-01	  -8.3098318752149139e-02	   2.0977003292128651e-01	   4.5591701769343329e-01	   4.5488710038316094e-01	  -7.2364637357888839e-02	   3.3929001968514555e-01	   4.6300907601698027e-02	  -2.9641394765835588e-01	
   1.8662706740528975e-01	   3.8184867056569261e-01	   5.3354787412001969e-01	   1.1563653143768537e-01	   3.8815102493725145e-01	   4.7062438579824917e-01	   1.0711231632439584e+00	   5.1055750735656169e-01	   5.7561034660277355e-01	   1.9727749926671003e-02	   1.4411608607772111e+00	   9.3895126936802509e-01	   0.0000000000000000e+00	   1.1160995657679449e+00	   1.0785488154463014e+00	   5.9466520502973519e-01	   1.3769303916313572e-01	   6.6924886642293499e-02	   3.3352405948073177e-01	   4.0329544902725700e-01	   4.5778848299128205e-01	   4.9674862517403595e-01	   2.7737431459005613e-01	  -7.3978080286949535e-02	   1.0404750352768843e-01	  -5.6929398382987769e-03	   2.5713372767381076e-01	   4.1277206443021563e-01	   1.8377002753333757e-01	   1.9696552739473133e-01	   1.6595852297910890e-01	  -4.8820384157631326e-02	   1.4240855352791637e-01	   1.7249592690505311e-01	  -1.6734657523848515e-01	  -3.4449951653212636e-02	   2.4159013248480693e-01	   3.7963514847382623e-01	   6.2153571504312677e-01	   5.3011775499333558e-01	   2.9291265546603457e-01	   5.0250793017352080e-01	  -4.7651366938243800e-01	  -9.6110352832672372e-02	  -1.5627242393416810e-01	   4.3044778255020955e-02	   9.5463914287933452e-02	   1.2954802452423819e-01	   2.6024976516389142e-01	   7.5448996207118668e-01	   3.1379176787738133e-01	   5.7679286372905181e-01	   2.0699510671916035e-01	   1.2299803686967148e-01	   5.7410367651068150e-01	   3.4530843317126608e-01	   3.2550036296984786e-01	   5.1417336104395495e-01	   1.1950324511898682e+00	   1.1828847422876796e+00	   9.7275876251750426e-01	   6.3284243653833971e-01	   9.6850805845511467e-01	   3.9768605066566964e-01	   1.2506044871732236e-01	   2.7272899326597388e-01	   3.5642513301723072e-01	   4.9657316181711153e-01	   6.0155141917668287e-01	   3.8708320288155290e-01	   3.9334802801698032e-01	   7.6697979927781348e-03	   2.0749380751794566e-01	   4.5129805211836205e-01	   4.7207301974667709e-01	   9.5197761045064555e-01	   3.9011358038383848e-01	   6.8183538299803970e-01	  -9.9237222086607832e-02	   3.0257163487289856e-01	   1.8719606912034303e-01	   4.5005344588558333e-01	   1.8614511377913587e-01	   3.2667992759890097e-01	   3.2626297092875023e-01	   4.9065364914533982e-01	  -4.7955695208765074e-02	   7.5397863140237623e-02	   4.7223215773677418e-01	   2.3287604136861434e-01	   2.9715624503107574e-01	   5.7695800779049256e-01	   2.0783164348062375e-01	  -2.7946233677753329e-01	  -9.1817208451586496e-01	  -8.0356539857743070e-01	  -7.0341303543214495e-02	  -2.3504617644543871e-01	   4.6089081125212994e-01	   1.4455091862007072e-01	   3.1690910508421893e-01	  -1.8312155841486127e-01	  -1.4874948127161786e-01	  -1.0332496067038380e-01	  -5.4193724430827629e-02	   3.6507985393548709e-01	   1.1078758569381017e-01	  -1.9646322688744150e-01	  -2.7969085664840038e-01	  -2.4213247811094121e-01	  -1.8134266161226692e-01	   3.1316671529932100e-01	  -1.9358049917746611e-01	   5.0130280204178368e-02	  -3.1253271323186116e-01	  -3.0895029534973917e-01	
