   0.0000000000000000e+00	   1.6837383406154696e+00	   1.2264267968366502e+00	   9.3596888989442562e-01	   3.8845924209343530e-01	   6.2539720449605152e-01	   1.4535069887073824e+00	   1.2607910776052003e+00	   3.7675757473550930e-01	   4.1644522569072162e-01	   1.2932648594316705e+00	   6.5376114438066690e-01	   1.1374938004079884e+00	   1.1996350250673342e+00	   8.9324331219320208e-01	   8.1366599594921352e-01	   1.2533740310028787e+00	   8.3324314206456163e-01	   9.7023659838021081e-01	   1.1038899295272497e+00	   3.7219742562307789e-01	   6.1297281885186805e-01	   1.1855357529867685e+00	   9.1672118140879455e-01	   1.6385121244043882e-01	   1.7586013852231333e-01	   2.5348380774395046e-01	   4.0916599354618133e-01	   8.6333777905814268e-01	   8.6625336240693218e-01	   8.7550994624995204e-01	   7.0328578403337405e-01	   1.0337272227437804e+00	   1.0511114960765715e+00	   2.7257665230713768e-01	  -9.6722814761796616e-02	   5.3344063285558718e-01	   5.4197074361316466e-01	   1.0697891928104004e+00	   8.2455229117255524e-01	   8.6605206272989399e-01	   7.8014002079795208e-01	   6.3942332941214131e-01	   6.7884724055098111e-01	   3.3091455004470260e-01	   7.2571637827781643e-01	   1.5011914399089639e+00	   9.3478727089755953e-01	   6.4177368682614433e-01	   9.6807593888408294e-01	   1.1774217736148829e+00	   8.5745116425133150e-01	   1.2213326399404327e+00	   8.3895442858468350e-01	   8.9229127817655907e-01	   1.1764013304494310e+00	   1.4219668042266496e+00	   1.9259707664517922e+00	   1.1548367836319935e+00	   8.7475899663080703e-01	   1.0843889252210583e+00	   1.3513550065291755e+00	   7.4203466996685341e-01	   8.6211418881510060e-01	   1.2806349719369976e+00	   8.4990711752736503e-01	   1.1515141454309197e+00	   1.1210473596057198e+00	   1.2494997360295450e+00	   1.5004921865378353e+00	   5.0166621742462274e-02	  -2.3533380447122798e-01	   6.4075659276553887e-01	   7.2826590957401560e-01	   7.6123215173064906e-01	   8.3664793022756634e-01	   7.9147375970369116e-01	   7.0089122806045889e-01	   1.2411617903200423e+00	   1.1558782342596676e+00	   1.5356981876270501e+00	   1.4440313958471407e+00	   1.0726101290642707e+00	   9.1561056424505105e-01	   1.2185801053824685e+00	   1.1153321476143612e+00	   5.2132872771357708e-01	   1.2022112958269313e-01	   8.3386334350388891e-01	   1.0873703316853471e+00	   1.2644722365892449e+00	   9.6945535212446299e-01	   7.5428681196402581e-01	   4.4763908509029088e-01	   4.8715749981757028e-01	   6.7811605202866432e-01	   1.0504512412417739e+00	   8.1335596091396278e-01	   1.1224202754950336e+00	   9.7321336502125422e-01	   6.6633746013843309e-01	   9.8137222061353413e-01	   5.5541103719796525e-01	   7.5530663381581875e-01	   2.8150879881163215e-01	   3.1353770561446059e-01	  -4.9547652096948967e-02	   5.1173883480761340e-01	   1.7580580726648171e-01	   2.5112755528227848e-01	   7.3215994787923355e-01	   1.1491140678876031e+00	   1.1665144767964928e+00	   1.1474331969904441e+00	   5.2418134103296743e-01	   3.3890074386384854e-02	
   1.6837383406154696e+00	   0.0000000000000000e+00	   1.2815699818989874e+00	   9.0579369667061127e-01	   3.6787628226823693e-01	   5.0395861491780358e-01	   1.8107530730755765e+00	   1.2685869890378569e+00	   3.3123491140034483e-01	   3.8715886832036994e-01	   1.0303090079079922e+00	   6.3343440270158602e-01	   1.0726315717687422e+00	   1.0492178716252429e+00	   7.9966269549355151e-01	   7.9332715624303585e-01	   1.5173410214916379e+00	   1.2578363466767768e+00	   1.3027399466307257e+00	   1.6176273645674333e+00	   3.7184166930824192e-01	   5.4112369794640203e-01	   1.1782137166179170e+00	   7.8736825790190723e-01	   8.7804874566053667e-02	   7.1856831936949542e-02	   2.4624190907813517e-01	   3.0532586999253553e-01	   9.4345882199034792e-01	   1.2332190615470473e+00	   8.4087108770816255e-01	   5.8121064720435411e-01	   1.3129234357421242e+00	   1.4020622999474019e+00	   2.4887694920461656e-01	  -9.8209217913070801e-02	   5.3971657103300030e-01	   5.1699582692596802e-01	   1.0635776789838516e+00	   8.6717878182477293e-01	   1.0323981331608103e+00	   9.1389182747583775e-01	   8.8143317639810304e-01	   9.7973728530255111e-01	   5.1681795299641753e-01	   8.7973960123900463e-01	   1.6375550128286080e+00	   1.2130023523624571e+00	   8.5449785638869702e-01	   9.9679709741218037e-01	   1.1400113672767753e+00	   9.5549706709523496e-01	   1.1976432461453994e+00	   9.5465600261364159e-01	   8.0974799403956088e-01	   1.1025896257956682e+00	   1.3602796714386953e+00	   1.6033582620922577e+00	   8.7958689433373383e-01	   6.1076433536984731e-01	   8.9810315398274987e-01	   1.1213612177390266e+00	   6.5160458083442374e-01	   8.1165563092103665e-01	   1.0617990779168525e+00	   6.7873910492304257e-01	   1.1250826145477566e+00	   1.0869908295755977e+00	   1.1910395569399925e+00	   1.4820212139803788e+00	  -4.7627359373136946e-02	  -2.7265574055800096e-01	   5.8703947084005237e-01	   6.4560473271288499e-01	   5.7153829335547313e-01	   6.8044962132889819e-01	   7.3741493116826928e-01	   4.8062463187355375e-01	   1.5461522679684863e+00	   1.5412746758687357e+00	   1.4762100621741026e+00	   1.3556925777726645e+00	   9.9060478773065941e-01	   8.6972972515373015e-01	   9.1571644625614868e-01	   8.2906933685207707e-01	   4.9347725539389131e-01	   1.7530698755732704e-01	   6.7011300583395583e-01	   7.8700536563763790e-01	   1.4229798153230762e+00	   1.2735924747700778e+00	   9.8163692311206707e-01	   6.4373143461637738e-01	   5.8524966076284479e-01	   6.5314727542364504e-01	   8.8852472091409451e-01	   7.7433448705244445e-01	   1.3936832337649374e+00	   1.2354947978359756e+00	   6.0006981589939135e-01	   7.0717846389137584e-01	   4.2854797596609240e-01	   5.7037938433657231e-01	   2.1301357620923550e-01	   3.7380126679066272e-01	   1.6620739550060643e-01	   6.7247842575116357e-01	   4.3075310028652714e-01	   4.0143705515379469e-01	   7.5283429610321773e-01	   1.4039886424435732e+00	   1.4160564881428799e+00	   1.0696304433047832e+00	   5.1638598065444075e-01	   1.5026190493251648e-01	
   1.2264267968366502e+00	   1.2815699818989874e+00	   0.0000000000000000e+00	   1.5114432635738850e+00	   2.6336976539207468e-01	   5.1350148807747409e-01	   1.7385719621949445e+00	   1.7483480966112830e+00	   2.4315472451460934e-01	   3.2355877044366521e-01	   1.0984324957104963e+00	   8.0799062749255413e-01	   7.7952800696523350e-01	   1.1107602208519152e+00	   6.8643455633015804e-01	   7.8227070421360501e-01	   9.2729265899926183e-01	   1.0343320724639333e+00	   1.0120273233454453e+00	   1.1494171676577434e+00	   2.8383185765808666e-01	   4.9899299180033252e-01	   1.4135918706609469e+00	   1.2605442244380753e+00	   1.7197361474508061e-01	   1.4670843853815063e-01	   2.1785759254166433e-02	   2.6988696234494947e-01	   5.9635431875065681e-01	   9.8034096313047348e-01	   9.1649711769180275e-01	   7.7187764716936369e-01	   9.2011074350862687e-01	   9.9713852389170565e-01	   4.9082962270440889e-01	   9.9442323370234606e-02	   3.0548118709387384e-01	   2.1703702006485553e-01	   7.4522917924356258e-01	   6.1481188102676176e-01	   6.1163109334136700e-01	   7.0666849450478064e-01	   6.4174495261284870e-01	   6.6011464450562007e-01	   1.7021970308398884e-01	   5.9730126946933848e-01	   1.1751384581435558e+00	   8.4334315136977034e-01	   5.2428360251523265e-01	   8.5834293183624366e-01	   9.4206195594193876e-01	   9.4819023885069575e-01	   1.1356642060829341e+00	   1.2624895506017682e+00	   6.8866068335547859e-01	   8.2832339756452233e-01	   1.0210543272380663e+00	   1.2185186619073494e+00	   7.3775804966101521e-01	   6.6797199434544963e-01	   7.4781441736506604e-01	   1.1576956212085847e+00	   9.6425244145643585e-01	   9.0722844690131232e-01	   1.2555206613565650e+00	   1.1136123745562392e+00	   1.0547597428100277e+00	   1.1300077200510816e+00	   1.3190174906152188e+00	   1.6016049836348829e+00	  -1.5172479064320180e-01	  -3.7945032263201578e-01	   6.0589132369451348e-01	   4.9440648277989363e-01	   5.9895456188204133e-01	   7.1614767063606022e-01	   5.6296461979409163e-01	   4.9171542010834834e-01	   8.4232112691707206e-01	   9.7730032251394894e-01	   1.1943308131185615e+00	   1.1963735742290627e+00	   1.6254113692727306e+00	   1.0894530188443379e+00	   1.4850263671037425e+00	   1.2162393007915568e+00	   6.6222436100542759e-01	   3.0896210633108123e-01	   7.3235516051171023e-01	   7.6496651276644967e-01	   1.4512851882507729e+00	   1.1488778885744195e+00	   9.5031429183346650e-01	   6.5163029821390483e-01	   2.8294661237557484e-01	   3.3622059158180628e-01	   5.3144040335204012e-01	   4.6616514188964597e-01	   7.4321425364015825e-01	   7.9899572609671110e-01	   6.2683845337129385e-01	   8.1221055411694032e-01	   3.4728544930398808e-01	   5.2398827125861835e-01	   9.6520303263313581e-02	   2.4360582310422996e-01	   9.1032035268549652e-02	   4.4193208367355485e-01	   1.7569716458309581e-01	   1.5820396215629054e-01	   6.4478766247960717e-01	   9.5869911447852796e-01	   1.0983005894291682e+00	   8.6107230447840566e-01	   4.1721637845471926e-01	   7.9170971055679773e-02	
   9.3596888989442562e-01	   9.0579369667061127e-01	   1.5114432635738850e+00	   0.0000000000000000e+00	   4.6503373784560254e-01	   6.8137872404000444e-01	   1.2699754658011833e+00	   1.7857217838498916e+00	   3.7565951124657715e-01	   4.3795857602015142e-01	   1.1687591402917210e+00	   1.1745673373046950e+00	   7.8354754503967705e-01	   1.1258526167609382e+00	   7.2526380328965656e-01	   8.5846314235114396e-01	   8.1005663188843258e-01	   9.7795922819310133e-01	   9.1472711824573461e-01	   9.2140696132708366e-01	   9.6537870667444514e-02	   4.1760178081216742e-01	   1.5216500954879428e+00	   2.2572953345280018e+00	   2.7360257914767955e-01	   2.6097155251513848e-01	   8.1248668482670650e-02	   2.5962569037844840e-01	   5.5112558700026104e-01	   7.8548779929495116e-01	   1.3351731295521680e+00	   1.2309757155092296e+00	   8.9069280094706116e-01	   9.2529312398380770e-01	   4.9579577239671563e-01	   3.6267565389523215e-01	   2.9159728055014739e-01	   2.1774543524374435e-01	   6.9924650562856572e-01	   4.5958170797990389e-01	   6.2637993730170927e-01	   5.9784502992985122e-01	   6.0144790890626232e-01	   6.0390154865073775e-01	   1.6782127819261386e-01	   6.8208531635941871e-01	   9.6554149405685952e-01	   7.4312697124200111e-01	   5.4971900309037991e-01	   8.9820613357593904e-01	   9.1780994380566161e-01	   1.1278528704497077e+00	   1.0991639568816696e+00	   1.1151345547393392e+00	   8.2039872831161031e-01	   8.2790716688474819e-01	   1.0765168980817326e+00	   9.9796642630122834e-01	   6.8625226507053483e-01	   6.7607454710868642e-01	   8.6639457954514987e-01	   1.2119981710135941e+00	   1.3500323369533873e+00	   1.2792357989642118e+00	   9.3896473914798972e-01	   1.4675683232249195e+00	   1.0041867754546843e+00	   1.0089050734038689e+00	   8.0866833968280838e-01	   9.7470255050915733e-01	  -4.3739228070709263e-02	  -1.8844229053625922e-01	   8.0666764762098087e-01	   7.0170687388310415e-01	   7.9826403894075693e-01	   1.0638435483129989e+00	   6.9599802982738779e-01	   7.3718157163166698e-01	   6.6975334510246554e-01	   7.6979052225649891e-01	   1.0139417797014856e+00	   1.1254040403828336e+00	   1.3568317951324189e+00	   9.3253309057168954e-01	   1.2195212268737725e+00	   1.4399187826176525e+00	   8.2899476270007388e-01	   2.5692749498433065e-01	   8.0893269269685375e-01	   7.5853723800685602e-01	   9.1092065816533774e-01	   7.4089743020077536e-01	   5.5893955523320060e-01	   3.0734632702909309e-01	   5.5437067777848958e-02	   2.5910590749562035e-01	   4.3521545545400442e-01	   3.9299499891891415e-01	   6.1373454174936370e-01	   6.8162753944512477e-01	   8.5460820176266594e-01	   6.5873433545618354e-01	   5.1365587940193269e-01	   5.2806645305016375e-01	   9.3327816839054431e-02	   3.6257049403427027e-02	   2.3931208730709516e-02	   1.9323125231047231e-01	  -9.6884413083116114e-02	  -9.3727878623525301e-02	   6.3244646047290998e-01	   7.6334446301678005e-01	   8.7600191447175080e-01	   6.7708631520133766e-01	   2.3733913403597404e-01	  -2.2254478888860046e-01	
   3.8845924209343530e-01	   3.6787628226823693e-01	   2.6336976539207468e-01	   4.6503373784560254e-01	   0.0000000000000000e+00	   1.4694164964539633e+00	   3.7204605841684818e-01	   3.9161231738319824e-01	   1.9320232400634989e+00	   1.5736954664917036e+00	   4.4247875820240251e-01	   2.8512720409804521e-01	   6.8020154558008328e-01	   2.9272715330235877e-01	   1.2752338760669162e+00	   1.2239696192678167e+00	   4.0241312161900833e-01	   3.7406731234006074e-01	   2.6839947602579278e-01	   2.7594356992436186e-01	   4.0024720873696090e-01	   9.0103531559326822e-01	   5.5044694623410051e-01	   5.2180018538817785e-01	   8.7393118686704252e-01	   9.8389264250887665e-01	   1.1884807249288423e+00	   9.3933349561446144e-01	   4.1675551975323871e-01	   3.7091084481955905e-01	   5.7133997425876248e-01	   5.4115086788183242e-01	   3.4006335708723201e-01	   3.7057008268462799e-01	   2.4497018161080847e-01	  -1.2528946709894294e-02	   8.3829553802393419e-01	   7.5671985964200350e-01	   9.5694115593757301e-01	   6.4407244545596010e-01	   6.9071030750955331e-01	   6.4296076537981184e-01	   3.5894791127171854e-01	   3.4343773885752216e-01	   3.0160426263604045e-01	   4.2438531267170226e-01	   4.0461970211112530e-01	   3.7095296296778191e-01	   5.4416524077259709e-01	   4.3994975672395614e-01	   5.2632704679744946e-01	   6.0350415817992475e-01	   6.3649253076588386e-01	   2.5284545275364495e-01	   1.1273053988495645e+00	   6.4656409212633026e-01	   7.9545798193018225e-01	   4.7578602047156504e-01	   3.6472061753191021e-01	   3.7124279229165014e-01	   5.3670438666917830e-01	   3.7939680973541157e-01	   3.4335421395897592e-01	   4.7377181447020927e-01	   2.4154806326738693e-01	   6.4579729331824165e-01	   6.4926794711480496e-01	   4.8260909728237966e-01	   2.4844183151292315e-01	   2.1502293113344628e-01	   3.7030002099382320e-01	   5.0841751576990046e-01	   3.2677409624203335e-01	   4.9276554525220551e-01	   3.0030913160216827e-01	   4.6111866281703334e-01	   6.0902521174709767e-01	   5.5408269261406207e-01	   5.2121181380292569e-01	   4.9958672788573122e-01	   3.3234419965459516e-01	   3.5218715223249242e-01	   4.2781520703455272e-01	   5.5884998785704021e-01	   2.8227790210343362e-01	   5.9476316504497906e-01	   9.0627013811139534e-01	   4.2556420144399293e-01	   1.1054323366252723e+00	   8.4651476989556451e-01	   3.4181064206336748e-01	   1.6189610565908169e-01	   1.9604689119719779e-01	  -9.5489933099931201e-02	   2.4951429625743510e-01	   3.7444992319722764e-01	   6.0703901275144134e-01	   4.3438574628248627e-01	   5.3408634339008709e-01	   3.5041341682072541e-01	   1.1005613810185244e+00	   2.0214294930617249e-01	   1.0634351187404636e+00	   5.6377596504122762e-01	   4.5122596020543254e-01	   1.4141561699821326e-02	   2.0978203220943481e-01	   3.1355895880150829e-02	   2.0093230229856918e-02	   1.1455584373048938e-01	   4.8798662683153160e-01	   4.6076342978595952e-01	   4.8276924607213578e-01	   5.2388598484605609e-01	   4.9747477514791871e-01	  -8.8113453195191024e-02	
   6.2539720449605152e-01	   5.0395861491780358e-01	   5.1350148807747409e-01	   6.8137872404000444e-01	   1.4694164964539633e+00	   0.0000000000000000e+00	   5.3833234315788481e-01	   5.7622731209851064e-01	   1.6964331494242388e+00	   1.8599104883393531e+00	   7.3396858660645226e-01	   3.3234726593245162e-01	   7.2545270117685789e-01	   4.7255715254365116e-01	   1.6335560911131752e+00	   1.5339422623204009e+00	   4.6451678646679123e-01	   3.9608779906979474e-01	   2.7649744070930876e-01	   3.3432030385957212e-01	   4.0376346794053497e-01	   9.5388943064863807e-01	   6.7088365571756869e-01	   7.4957561843651532e-01	   8.8674084829795730e-01	   9.6376422385141769e-01	   9.1312417506046195e-01	   1.1241226149465104e+00	   4.0542834508990105e-01	   3.6474494340673103e-01	   6.1598316839550693e-01	   6.5440153962772407e-01	   3.9872004197386807e-01	   3.9515399355546793e-01	   5.4024983264732018e-01	   9.0244104741572601e-02	   6.4627943451917658e-01	   6.4618580755509114e-01	   9.5668975180093940e-01	   6.6529949996707960e-01	   5.3975215313773983e-01	   6.4604351940358884e-01	   2.4409218735625418e-01	   2.1790831536089700e-01	   9.8235059587717818e-02	   3.6428041764341884e-01	   5.3594072058991071e-01	   3.3207939367054368e-01	   4.3910468361651511e-01	   4.7093312424988898e-01	   6.6256208236773961e-01	   6.0072318263368074e-01	   7.7937523380909879e-01	   3.7192619014034134e-01	   1.2218022578578231e+00	   7.4076281544426836e-01	   1.0116142330593791e+00	   7.8962139668323383e-01	   5.5791823115662753e-01	   6.8340500134227400e-01	   6.3306591944352275e-01	   6.0588469445907112e-01	   5.6816589533801065e-01	   6.5620511532440962e-01	   4.6754116456681583e-01	   9.5958368805358596e-01	   8.7948391390205694e-01	   7.5023987166438588e-01	   4.8833567230173852e-01	   4.4110913295691223e-01	   1.7446731991151518e-01	   2.0987733292978017e-01	   4.4432238209244679e-01	   4.2691197226924876e-01	   4.6161693922300867e-01	   6.1280649666153664e-01	   6.8747807150712281e-01	   7.3181732466221328e-01	   5.5331686655239620e-01	   5.6783639251232931e-01	   5.0321104768112124e-01	   5.2401219322496817e-01	   7.2267026294109937e-01	   8.0357829438838302e-01	   5.9154936746147402e-01	   9.1068066345525955e-01	   1.1035603819095912e+00	   4.9826757380306774e-01	   1.3907716718472267e+00	   1.2512408953144314e+00	   5.6209653811030535e-01	   2.1373669733258419e-01	   2.6452471352862622e-01	  -3.1351298336678837e-02	   2.6696950058815760e-01	   4.4842748163194524e-01	   6.7858906970392496e-01	   4.4724702328389565e-01	   5.1911004834644370e-01	   3.2731712866031193e-01	   1.1181458127490935e+00	   4.7753345807659608e-01	   1.1379318612807487e+00	   7.8634222383671970e-01	   4.9263057924825759e-01	  -4.7475786877500092e-02	   7.0525507770083901e-02	   6.1611959023614646e-02	  -1.2370964108867438e-01	  -5.4013488833594199e-02	   4.2305501715831567e-01	   4.7310478245824522e-01	   5.0492903668948486e-01	   5.9895118218414001e-01	   4.6879934359871445e-01	  -8.5760117264499267e-02	
   1.4535069887073824e+00	   1.8107530730755765e+00	   1.7385719621949445e+00	   1.2699754658011833e+00	   3.7204605841684818e-01	   5.3833234315788481e-01	   0.0000000000000000e+00	   1.6815339635955764e+00	   3.1223405294148565e-01	   3.7420486561756916e-01	   1.2560407995463181e+00	   8.2809156092058478e-01	   1.0400399335822348e+00	   1.1558462743576574e+00	   7.8071291434005885e-01	   8.0398139204239583e-01	   1.4523295744657483e+00	   1.2630248541025217e+00	   1.4045153348229720e+00	   1.5764594042926732e+00	   2.2118753367871094e-01	   4.8336955484126776e-01	   1.3844711198294042e+00	   1.0764673665020181e+00	   9.9873780646695234e-02	   6.9621366865990103e-02	   1.1683020915143411e-01	   2.6241692653425674e-01	   8.2336361058556506e-01	   1.0817388013453573e+00	   1.0282107686397919e+00	   7.5321106749624567e-01	   1.3498818117773168e+00	   1.4869967456139548e+00	   3.6718770442840537e-01	   5.9966129347106718e-02	   4.2407382196488497e-01	   4.0979093601658062e-01	   9.8836112430655509e-01	   7.1717576569069086e-01	   9.0219821784370280e-01	   8.3971573349503459e-01	   9.3177388103964920e-01	   9.4851590285941412e-01	   4.4666302100965960e-01	   9.0940544397389234e-01	   1.6532840566335987e+00	   1.2193230275195255e+00	   8.4620262552213765e-01	   1.0865081929168292e+00	   1.2359594761225889e+00	   1.1854631116589551e+00	   1.2846258781508857e+00	   1.1081709374428630e+00	   8.0346308475877759e-01	   1.0138629002913251e+00	   1.2681877146973892e+00	   1.3978374524929496e+00	   8.6271080213069307e-01	   5.9252437128026936e-01	   9.4501104828330518e-01	   1.3629995244847852e+00	   8.5387219449790264e-01	   1.0368514112687703e+00	   1.3213630492676522e+00	   9.8628142672516306e-01	   1.3189107531528554e+00	   1.3172576736246060e+00	   1.1958976691071350e+00	   1.6851018564603828e+00	  -9.4650329433494232e-02	  -3.6239282847433246e-01	   6.5624376934917938e-01	   6.9524066282564811e-01	   6.1428022483837497e-01	   8.0185387625380555e-01	   7.6525786928998285e-01	   5.6615672996069499e-01	   1.2285695837420445e+00	   1.2864883460946055e+00	   1.5971796966054104e+00	   1.5748604617711439e+00	   1.3310600645273523e+00	   9.2977617022897452e-01	   1.2031613730465676e+00	   1.0942614049870474e+00	   6.1337979190236014e-01	   1.5039038383152598e-01	   7.3934907105551817e-01	   7.6738712838557976e-01	   1.5785132103048523e+00	   1.2920997892715174e+00	   9.3143708419271964e-01	   6.1145576825234171e-01	   4.2096771704772040e-01	   5.0079386289757499e-01	   7.3764070950677207e-01	   6.4878951330740409e-01	   1.1182739618684980e+00	   1.1561395389183173e+00	   7.0532165363492771e-01	   8.1629931771283548e-01	   4.6082506312297278e-01	   6.2787792966032863e-01	   1.7749288394360260e-01	   2.7849714882343946e-01	   1.2166905021753913e-01	   6.2588230313630344e-01	   2.7791800810363504e-01	   2.4295089158786698e-01	   8.3974936366551689e-01	   1.3929608449055249e+00	   1.4449620454270320e+00	   1.0370170512949886e+00	   4.5108439051670046e-01	   1.0597436242518293e-01	
   1.2607910776052003e+00	   1.2685869890378569e+00	   1.7483480966112830e+00	   1.7857217838498916e+00	   3.9161231738319824e-01	   5.7622731209851064e-01	   1.6815339635955764e+00	   0.0000000000000000e+00	   3.1675909795953711e-01	   3.7107011468114426e-01	   1.3002635997899528e+00	   1.2185771714066500e+00	   1.0035130781385013e+00	   1.5054344859062700e+00	   7.6232688432848006e-01	   8.6407921474987015e-01	   1.0874349019751157e+00	   1.1902355958359556e+00	   1.2050614037703140e+00	   1.2531626163005176e+00	   1.4176394210637039e-01	   4.2893171204155500e-01	   1.8084476488152876e+00	   1.5657815872312930e+00	   1.3739843106654231e-01	   1.4118055400006957e-01	   4.3154755657507586e-02	   1.8325379699743444e-01	   6.9811083198616475e-01	   9.7796969431959013e-01	   1.2645371844436939e+00	   9.9494716955038853e-01	   1.1999081802012299e+00	   1.2602303681773264e+00	   4.0902605390183644e-01	   2.3433799452155230e-01	   3.3104836535905807e-01	   2.8473595831545817e-01	   7.8683540228867743e-01	   5.6092837008146745e-01	   7.5419384273320977e-01	   7.0862047860066635e-01	   8.0839083161516956e-01	   8.1146587994393893e-01	   3.4832491729517223e-01	   8.7192676387705059e-01	   1.2684404270712124e+00	   9.9718849487793693e-01	   6.9421846621347816e-01	   1.1252432388917948e+00	   1.1381739300151463e+00	   1.3242147644395910e+00	   1.3316533955378389e+00	   1.4844513452469357e+00	   8.7683434750494604e-01	   1.0581031263005787e+00	   1.2260536328267080e+00	   1.2381112730512063e+00	   8.2985575005282020e-01	   6.9173958479823472e-01	   1.0417463138884573e+00	   1.5133062357872757e+00	   1.1980147549965205e+00	   1.2516932433023418e+00	   1.0885940056319405e+00	   1.1998797686512657e+00	   1.0947326557835839e+00	   1.0158718065180201e+00	   9.4818555513455238e-01	   1.2241233186846352e+00	  -7.3377936705773444e-02	  -2.4885080109851410e-01	   7.5017118692554563e-01	   7.8515264374734606e-01	   7.7892480036512990e-01	   1.0656131438736720e+00	   7.4652335341346421e-01	   6.6742934025582823e-01	   8.7224087861524979e-01	   9.6170254109527620e-01	   1.2820875514571020e+00	   1.3944588202030115e+00	   1.3245712155865881e+00	   9.0551255268823927e-01	   1.2492833013813791e+00	   1.2519033279571961e+00	   7.9876907631031935e-01	   2.3966394106709202e-01	   7.8802214281989891e-01	   8.0116125075841960e-01	   1.1138511099092594e+00	   1.0427008157401123e+00	   7.4678790967493014e-01	   4.4958136449183744e-01	   1.4388060614596737e-01	   3.6807932226270995e-01	   5.6869893046983655e-01	   5.5619914708635965e-01	   8.3869062946559758e-01	   9.4274007645522484e-01	   7.7566146319834572e-01	   7.2086141177118646e-01	   4.6499923202014259e-01	   5.2466031796102164e-01	   1.4426793184934113e-02	   8.1727081650888517e-02	   7.3826415618102686e-02	   3.5283200984078172e-01	   1.1411912258572457e-01	   9.6688608384839114e-02	   7.2318931257768326e-01	   1.0239457004786598e+00	   1.2753520909791782e+00	   8.2350947221554205e-01	   2.7690451481124667e-01	  -1.7504600085698702e-01	
   3.7675757473550930e-01	   3.3123491140034483e-01	   2.4315472451460934e-01	   3.7565951124657715e-01	   1.9320232400634989e+00	   1.6964331494242388e+00	   3.1223405294148565e-01	   3.1675909795953711e-01	   0.0000000000000000e+00	   2.2508203845056349e+00	   4.1397084552788987e-01	   1.3947928393853412e-01	   5.9445333146500923e-01	   2.3484680457345836e-01	   1.4013293224019892e+00	   1.2509948238569901e+00	   3.0123746370639798e-01	   2.6937266986914915e-01	   1.3386669934987358e-01	   1.8157975146493480e-01	   4.7242420819751940e-01	   9.5723953443774878e-01	   4.4140841599647956e-01	   4.2281741114206711e-01	   9.5252123664720423e-01	   1.1190392169105023e+00	   1.2723855671767210e+00	   1.1293690187928154e+00	   3.3453125520437710e-01	   2.9187593402080736e-01	   4.0345785788979871e-01	   3.9251627999817501e-01	   2.3625960149429553e-01	   2.4119416899767052e-01	   3.8281965085016484e-01	  -4.1111928501991871e-02	   7.9173652758961066e-01	   7.5736704045719494e-01	   8.4071639216422533e-01	   6.4902363869773538e-01	   5.2180179049601971e-01	   6.1997645065498996e-01	   1.9802151819123875e-01	   1.8517607392050331e-01	   1.7664619084347244e-01	   2.8862249504599335e-01	   3.3424641480399597e-01	   2.5249617850454131e-01	   4.3700877444614805e-01	   3.4251553741511881e-01	   4.7496012204420213e-01	   4.5996836791278856e-01	   6.0149631861895125e-01	   2.1617497272501721e-01	   1.1080305218053179e+00	   6.1110058252491273e-01	   7.5708750726968754e-01	   5.0832866431100099e-01	   4.0286913526511242e-01	   4.7839668608553526e-01	   4.7124381455152226e-01	   3.2372851770089933e-01	   2.9112914384747501e-01	   3.7401224187948112e-01	   2.1950413142682026e-01	   5.9657893119736372e-01	   6.4412617527712812e-01	   4.8311437885549025e-01	   2.8103204905189805e-01	   2.0757534940804537e-01	   2.9989987491757836e-01	   4.4433504025373849e-01	   2.5225360224953264e-01	   3.0544124563620717e-01	   2.4547366248172448e-01	   3.7466881669418306e-01	   5.9290537191012349e-01	   5.2244738689583325e-01	   4.3934593041549497e-01	   4.2521611366769235e-01	   2.4891967789419198e-01	   2.5702672754551631e-01	   4.1930920952239426e-01	   5.8145327214126530e-01	   2.6715405627702171e-01	   5.3981054463476574e-01	   9.8064076742420359e-01	   5.8252819254482702e-01	   1.1258795087237781e+00	   9.4574756381817537e-01	   3.5261017095142455e-01	   1.2145481006234651e-01	   2.1444851655592689e-01	  -7.1648034340268521e-02	   2.9869884180580569e-01	   3.7384160515238701e-01	   6.0859507223288534e-01	   4.0349231147138331e-01	   4.6430670039869104e-01	   2.5048157654962705e-01	   1.0198068911786669e+00	   2.4529622839937432e-01	   1.0881219322183351e+00	   5.9196218633290942e-01	   4.4442274040019325e-01	  -5.4772414033355588e-02	   2.2912938146769396e-01	   3.2213418662035344e-02	   3.8723258882663543e-02	   8.9081817561954643e-02	   3.4200782918153610e-01	   3.6056619313530680e-01	   4.0515050436725697e-01	   4.5838440349121901e-01	   4.7345038832198066e-01	  -2.3138799286828611e-02	
   4.1644522569072162e-01	   3.8715886832036994e-01	   3.2355877044366521e-01	   4.3795857602015142e-01	   1.5736954664917036e+00	   1.8599104883393531e+00	   3.7420486561756916e-01	   3.7107011468114426e-01	   2.2508203845056349e+00	   0.0000000000000000e+00	   4.8291762685314621e-01	   1.5805943856867347e-01	   5.8247817377004540e-01	   2.7990068044012212e-01	   1.4442518010435130e+00	   1.3790038739036168e+00	   3.3835834351970195e-01	   3.2486276653352586e-01	   1.6041956996055556e-01	   2.3147839220351452e-01	   4.4167629177608514e-01	   8.6841925665479780e-01	   4.6190823058915498e-01	   4.7208613308587533e-01	   8.7015597603782679e-01	   9.6041815383184392e-01	   1.1084530268460839e+00	   1.1148624008971693e+00	   3.5324219170577648e-01	   3.2339042945912400e-01	   3.9370074073893141e-01	   3.8614879558921933e-01	   2.8047035199237369e-01	   2.7786035523854913e-01	   4.7393708006929636e-01	   7.0663043448799309e-03	   6.7006359451117370e-01	   6.6798542114611470e-01	   8.4207123612655099e-01	   6.3762218816716232e-01	   4.7315169360701020e-01	   6.5566417198377125e-01	   1.6823389881650846e-01	   1.5073772157464571e-01	   1.1302662178099267e-01	   2.6211843441224625e-01	   3.7124643952676589e-01	   2.3785846954610448e-01	   3.9993384211841015e-01	   3.0476555355413065e-01	   4.8973702507714756e-01	   4.4913075464509622e-01	   5.9583284287839244e-01	   2.5121580204291571e-01	   1.0809693895302215e+00	   5.9375842372380883e-01	   7.8585282679831914e-01	   5.9322212775121375e-01	   3.8448702358866549e-01	   4.9130405597065041e-01	   4.3809671048857873e-01	   3.6813863153876081e-01	   3.5730524479032288e-01	   4.4197240418387285e-01	   2.3661269198907209e-01	   6.2512444220506036e-01	   6.7588487743323189e-01	   5.3485988529308637e-01	   3.2606006167219787e-01	   2.5957735415460281e-01	   1.5051751113281789e-01	   2.7976932805175747e-01	   2.8664208560563265e-01	   2.6357237402902478e-01	   2.2928149467835682e-01	   4.0075243581585074e-01	   5.6047821661168418e-01	   5.0098473119711684e-01	   4.6913674161849928e-01	   4.9026584367132553e-01	   3.0620583763522147e-01	   3.1174371114148908e-01	   5.2525542819422211e-01	   6.8087160624692133e-01	   3.1447709523200046e-01	   5.6768250152298949e-01	   1.0676000248835360e+00	   6.5112295827048039e-01	   1.0681600992838927e+00	   9.3124981021849396e-01	   4.3170491964905178e-01	   1.3714397155397040e-01	   2.5520178399893467e-01	  -6.2453227003129996e-03	   2.9097080581449170e-01	   3.9385185295542563e-01	   5.5015930032162708e-01	   3.5321768958874600e-01	   4.5293932111700952e-01	   2.3152240992126333e-01	   9.2024043489140406e-01	   2.5075744867956473e-01	   9.6785349443218949e-01	   5.7959817364145594e-01	   4.1089318130181818e-01	  -9.6054672639778627e-02	   2.5077797932572898e-01	   5.1535806697242365e-02	   3.9577622960384799e-02	   2.5237215547465726e-02	   2.5846978103566898e-01	   3.4929303596870642e-01	   4.0903301309668005e-01	   4.3459586925246663e-01	   4.3545883890274945e-01	  -6.4156257697384521e-03	
   1.2932648594316705e+00	   1.0303090079079922e+00	   1.0984324957104963e+00	   1.1687591402917210e+00	   4.4247875820240251e-01	   7.3396858660645226e-01	   1.2560407995463181e+00	   1.3002635997899528e+00	   4.1397084552788987e-01	   4.8291762685314621e-01	   0.0000000000000000e+00	   9.6204819304802336e-01	   1.2295615464185252e+00	   1.4730487295376395e+00	   8.8515595753403131e-01	   7.8018007932859246e-01	   1.2177445104689983e+00	   7.2663817963185862e-01	   9.6238508000713885e-01	   9.6507592418576327e-01	  -5.6923999026973733e-03	   3.6954315709175106e-01	   1.0192159927980391e+00	   1.1517979941163448e+00	   3.5408465496943556e-02	   7.8121582557345262e-02	   7.2437019672719039e-02	   2.4715318458020280e-01	   8.6270425242193849e-01	   5.9440258364054066e-01	   1.1755396241153391e+00	   1.0478609363088371e+00	   1.1594859862259366e+00	   1.0649261815552338e+00	   3.4933503413675893e-01	   2.8998544658107328e-01	   2.9052053842673348e-01	   5.1442845279849125e-01	   8.2787570551568179e-01	   5.5978752595530734e-01	   6.7720495022985472e-01	   6.5304934098186673e-01	   5.5212172918927926e-01	   4.8110572998312084e-01	   2.6672817755829958e-01	   8.2149310671596676e-01	   1.2443248147334591e+00	   8.5744352896533904e-01	   6.6882670531824062e-01	   9.8022462532560806e-01	   1.4921827235432785e+00	   1.0872105242038426e+00	   1.2188313400648658e+00	   7.3966900543468972e-01	   9.4284238086652405e-01	   1.1416840926459459e+00	   1.2257441557038731e+00	   1.4218182979981828e+00	   1.1284112502501094e+00	   8.6926094452035174e-01	   1.3519426419821179e+00	   2.2031510428302061e+00	   1.2085113696721561e+00	   1.5310905460246995e+00	   1.0170994260716191e+00	   1.1123817944161987e+00	   1.3595537307038033e+00	   1.2309058314010555e+00	   7.5132881262592044e-01	   1.0466328033118768e+00	  -7.2506989379768193e-03	  -3.3191132211944657e-01	   9.6520096658823162e-01	   9.6186780826460005e-01	   1.0161827074846330e+00	   1.3903086555819097e+00	   1.0447142384375583e+00	   1.1706541953627521e+00	   9.1427636950378743e-01	   8.8956697506344029e-01	   1.5276634247592984e+00	   1.6201114473842921e+00	   1.0984021443411953e+00	   6.9467745000116732e-01	   1.1814444368993031e+00	   1.3456451350985434e+00	   6.9205418935078755e-01	  -1.1481665361879266e-02	   8.1609678505321936e-01	   1.0016772738348270e+00	   9.0424053183988229e-01	   5.7390549928904355e-01	   3.5354903588911329e-01	   1.1194632023078836e-01	   2.8124577319464139e-01	   6.8921477428280642e-01	   8.3573207863394694e-01	   7.6326495146935847e-01	   8.4219783906951240e-01	   8.3227933801110976e-01	   7.6355660735958397e-01	   1.0261951472630029e+00	   7.1565623583381921e-01	   9.5310207398900626e-01	   2.1136767363698808e-01	  -6.7750280636164409e-02	  -2.3703842529150337e-01	   2.3042270921230396e-01	  -7.5009896810276894e-02	  -7.4189718992855855e-02	   6.3889854677782676e-01	   8.3994601915828948e-01	   8.8371941174510704e-01	   8.1135614770850872e-01	   2.3487327726618334e-01	  -2.7327850947695786e-01	
   6.5376114438066690e-01	   6.3343440270158602e-01	   8.0799062749255413e-01	   1.1745673373046950e+00	   2.8512720409804521e-01	   3.3234726593245162e-01	   8.2809156092058478e-01	   1.2185771714066500e+00	   1.3947928393853412e-01	   1.5805943856867347e-01	   9.6204819304802336e-01	   0.0000000000000000e+00	   7.6381772832736428e-01	   1.2852823989192304e+00	   4.4315284126930327e-01	   5.2134927694313771e-01	   7.9922370183213920e-01	   8.6970400288284566e-01	   1.0315186268162759e+00	   8.5875179618368358e-01	  -2.0348007579532901e-01	   6.2995213291633115e-02	   9.9721977265847994e-01	   1.1972960783832500e+00	  -1.1014582181437299e-01	  -6.8186204148884821e-02	  -1.6272050569086871e-01	  -1.5567070301094049e-01	   6.8307492123308333e-01	   6.9188797984664430e-01	   1.1927945899160921e+00	   1.0010015994093744e+00	   9.7001550108824508e-01	   9.5260309093246009e-01	   7.0849379488973963e-02	   4.7262614294774252e-01	   1.2269016004857075e-01	   1.3409015888846876e-01	   4.1664478621584305e-01	   1.9522020292693049e-01	   5.4822819687132651e-01	   4.5350052440024813e-01	   5.8504169673784356e-01	   5.5309059776785152e-01	   2.6493876963475660e-01	   7.4422239876415530e-01	   7.0963157119362796e-01	   6.9048825384957269e-01	   4.7408086926881693e-01	   7.6053740784042756e-01	   7.5292680343598017e-01	   1.0271029837205290e+00	   8.1658345758088779e-01	   8.7014202159346798e-01	   6.3084838229540552e-01	   7.1013855146363525e-01	   7.0675509748644927e-01	   6.3123944472828286e-01	   5.4896985791731412e-01	   4.1942861336639115e-01	   9.5355190779834442e-01	   1.0629678810033090e+00	   1.3254985208407628e+00	   1.2836354681411923e+00	   5.2432515600318086e-01	   7.7605145999109004e-01	   5.8837365914619832e-01	   4.9160144915162085e-01	   3.3138440865374369e-01	   5.3023345538448896e-01	   2.0956165072921046e-02	  -1.2280940043973904e-01	   9.6761653553168503e-01	   1.1344836883870617e+00	   8.3959900074745453e-01	   1.3821411357640103e+00	   6.4465295645035325e-01	   7.5566082381844457e-01	   5.5470397895923329e-01	   5.9293669292605100e-01	   8.5702687722438853e-01	   1.0117623280473491e+00	   7.3936323322781394e-01	   4.9185643830901282e-01	   6.7139288901784044e-01	   8.2560814856041698e-01	   5.8450641921559776e-01	  -5.2027448964650060e-03	   4.3615326337897858e-01	   4.1148058286761224e-01	   4.2107766195798613e-01	   5.0008465834241056e-01	   2.4420101744625100e-01	   9.0276775971866119e-02	  -2.1257207350527038e-01	   1.8184106765164940e-01	   2.7172235199786976e-01	   3.4183688735364054e-01	   4.7154882379865443e-01	   6.0450681908780490e-01	   5.5184701624362775e-01	   3.5213356816359426e-01	   3.1008827352345225e-01	   2.6500131075672512e-01	  -2.1723760243468215e-01	  -2.3061537683569153e-01	  -1.3115287011730042e-02	  -1.0149794147373235e-02	  -7.2598453289932349e-02	  -1.2323512614028306e-01	   4.6064391608210736e-01	   5.1821606234689976e-01	   6.9825967220373797e-01	   4.1188663912898799e-01	  -6.1309228132966999e-02	  -6.5362313847214681e-01	
   1.1374938004079884e+00	   1.0726315717687422e+00	   7.7952800696523350e-01	   7.8354754503967705e-01	   6.8020154558008328e-01	   7.2545270117685789e-01	   1.0400399335822348e+00	   1.0035130781385013e+00	   5.9445333146500923e-01	   5.8247817377004540e-01	   1.2295615464185252e+00	   7.6381772832736428e-01	   0.0000000000000000e+00	   1.2692166410275216e+00	   1.0594359489705789e+00	   8.7373465409969442e-01	   1.3557649784921748e+00	   7.2715070212847943e-01	   1.0576987272916449e+00	   1.0631846991911800e+00	   2.8034060616296930e-01	   6.4596687670732700e-01	   1.0349479836447375e+00	   7.4561841902391335e-01	   6.2063471694789277e-02	   2.2501908812951052e-01	   3.3060339496443980e-01	   2.8341228446683953e-01	   1.2607843831495811e+00	   8.1082773646690298e-01	   1.1018422529128564e+00	   9.0560459285504613e-01	   1.0979543919107191e+00	   1.1497663310388189e+00	   6.1629650455917437e-02	  -3.7198285265754139e-02	   7.4620708725822760e-01	   1.0537219962405389e+00	   1.2279487005135181e+00	   1.0678437924106459e+00	   1.2779588169582414e+00	   1.1047969980993704e+00	   8.3068704950399552e-01	   7.2476984218860274e-01	   5.4236770388745881e-01	   9.7872388325328563e-01	   1.4404555105353976e+00	   1.3038902902043243e+00	   9.9090550881340944e-01	   1.1929778605440973e+00	   1.6947916648388250e+00	   1.3231708377109996e+00	   1.6190216742591852e+00	   7.3834017653932871e-01	   1.3782918006249993e+00	   1.9198933767312703e+00	   1.3177337659800905e+00	   1.1630172579269069e+00	   1.1210052119543223e+00	   7.9494004605188373e-01	   1.6022411702767814e+00	   1.2828424043030138e+00	   6.5946313292916592e-01	   8.8442329252678564e-01	   7.1218496529136333e-01	   7.5271442136135036e-01	   1.3210148594580986e+00	   9.9270124799977100e-01	   7.0923128603441710e-01	   8.8842493312893189e-01	   3.6922769232300345e-01	   7.9200635266714545e-02	   8.8052515024070055e-01	   1.2205621105060369e+00	   9.1709175190642322e-01	   1.0309614022653530e+00	   1.0435838716179244e+00	   9.7587936833374933e-01	   1.2615289472504854e+00	   1.1105294294255073e+00	   1.2176515805663801e+00	   1.1963235205175307e+00	   7.0853893645340627e-01	   6.0543929029745480e-01	   7.2592427039583540e-01	   9.8513201074743850e-01	   6.8118134675108633e-01	   5.2153374848378974e-02	   1.0366915904663270e+00	   1.1347217687679538e+00	   8.3499592453513549e-01	   6.6007668205424430e-01	   4.3410753090624088e-01	   8.3572297675818849e-02	   5.5630595609634492e-01	   1.0461214831779464e+00	   1.2990802786704596e+00	   1.3396690428904028e+00	   1.4427761768658203e+00	   1.2462553603848459e+00	   1.0063482248799924e+00	   8.1232356701762487e-01	   9.5888880636368634e-01	   1.0179300814669459e+00	   3.3273845692151660e-01	   1.4653434827157127e-01	  -1.4731673034405246e-01	   1.7234102062518913e-01	   2.6691848071159979e-01	   3.8265294970957847e-01	   9.3754435445796847e-01	   1.1137800396291655e+00	   1.2441348306652036e+00	   1.1972236521966391e+00	   5.3717534042228210e-01	  -2.0924187686021378e-01	
