   0.0000000000000000e+00	   6.7467796909634103e-01	   7.1053793361989159e-01	   5.4769653792171524e-01	  -3.9010693191017187e-01	  -3.6880118645203852e-01	   1.5690169881848486e+00	   4.6818973762566124e-01	  -4.1918174194411056e-01	  -2.9925915536109210e-01	   1.0584361725774194e+00	   1.1496601278768943e+00	   9.1181425253996840e-01	   7.4352602267931545e-01	  -1.6037597511671817e-02	   1.9914494415226355e-01	   5.6310347981699993e-01	   1.5497636941608742e-01	   5.9881553869962922e-01	   3.5973102712572735e-01	  -2.0201567613539767e-01	  -5.3288673412955367e-01	   7.1685745223765007e-01	   9.9154401489644317e-01	   2.9868762554835032e-01	  -4.4945628620133668e-02	  -2.3975394378530179e-01	  -1.1755581419554664e-01	   1.3342181825049304e+00	   7.4545705811269714e-01	   9.1425677709866718e-02	   3.5582230409078019e-01	   7.6428115752195033e-02	  -8.8631252435906915e-02	  -7.5111175251272019e-02	   6.4726975696768316e-02	  -1.1445326952578574e-01	  -4.7734035596861214e-02	  -2.9081364011251482e-01	  -2.9529443729918139e-02	   4.6041199928848475e-01	   2.2504312063357390e-01	  -3.7407170547499036e-01	  -3.8288557863975187e-01	  -5.2198201838105174e-01	  -5.9456823483139021e-01	  -6.5793465397950346e-01	  -3.7400668853911445e-01	  -2.7974991737746863e-01	  -3.6849496415450778e-01	  -1.2589402312645084e-01	  -2.4183409101408604e-01	  -1.4046361778700561e-01	   2.0512784408763382e-01	  -3.0934955172765527e-01	  -6.6156883896936103e-01	   5.8982361632504499e-01	   3.5666426624716369e-01	  -6.3662046740607867e-02	  -1.8629657262126556e-01	   1.7488476980453571e-01	   2.5267051401925100e-01	   2.1820941946251407e-01	   1.3643103191069123e-01	   4.4326369113888470e-01	   1.4227710471037855e-01	  -2.7489501737463418e-01	  -2.5236193672976148e-01	   9.6393648089349127e-01	   3.8491080379116543e-01	   5.6356817920226308e-02	   3.5454276512774630e-01	   5.5177670523356226e-01	   5.3367775627736014e-01	   3.9213653493877765e-01	   4.0109359407494261e-01	  -5.0871201930270449e-01	  -4.1881850408227062e-01	   4.2722902727058992e-01	   6.0979657555949696e-02	   2.1145454117809573e-01	   5.1320422476533600e-01	   5.0202192847710414e-01	   4.6152138356890282e-01	   7.8983696837585701e-02	   5.0939162976525199e-01	  -3.6494552364456484e-01	   1.0835676600986897e-01	  -6.2954434882245836e-01	   1.7492900538718131e-02	  -9.5175773105742236e-03	  -3.5253869705570151e-02	   6.2794022001522107e-02	  -2.1831366995294629e-02	   1.9026660598936618e-01	   3.8058888626760529e-01	   2.2262151827413985e-02	   6.4261363174426739e-02	  -8.7492309313688069e-03	  -1.5283930431977305e-01	   3.4216334187070491e-01	   3.1382690154912596e-01	   3.0802724678160059e-01	   1.5341366157202571e-01	  -3.8564746722713636e-02	  -5.8769390474123169e-02	   1.9830578269765436e-01	   1.8428958313555047e-01	   3.5611934009832413e-01	  -4.7915356813983616e-02	  -1.6591460643321870e-01	  -3.0252708357157382e-01	  -2.9667931934042402e-01	  -5.3295428889408081e-01	  -1.7347292481301571e-01	  -7.0260414985939797e-03	
   6.7467796909634103e-01	   0.0000000000000000e+00	   2.9282159606919055e-02	   1.9395966013645349e-01	  -6.8750747263913214e-01	  -6.7867288936664794e-01	   4.5401276720340744e-01	   3.9349836434263241e-01	  -5.5972890014183041e-01	  -5.1883433439989601e-01	   6.0676156764998190e-01	   7.0949508583017928e-01	   8.0028151764617017e-01	   3.8753142746146446e-01	  -2.6145114197734587e-01	   1.1004250321332123e-02	   8.7342618941600625e-01	   7.0922846557916630e-01	   5.3815485914726435e-01	   1.4603161309692222e-01	  -4.5914914117343814e-01	  -2.7573582302213151e-01	   4.7928152974281896e-01	   3.4117638161707803e-01	   1.4606876511216650e-02	  -3.3815595396913678e-01	  -3.5337363354465573e-01	  -6.1812733444479839e-01	   6.7702488189708410e-01	   9.1205879350497021e-01	  -9.4561303749505665e-02	  -3.4457210057886626e-03	   4.5935581402225500e-01	   4.1640347139929401e-01	   2.2357637758056861e-01	   1.2139735888818109e-01	  -2.0594219985001899e-01	  -2.0794986430240731e-01	   2.9504355159120561e-03	   1.9277257851643723e-01	   2.1034008680384891e-01	   5.0973047058211773e-01	  -5.1885519806687919e-01	  -8.8080714032676255e-01	  -5.4186786812031063e-01	  -6.3002807188919041e-01	  -6.6629613091093720e-01	  -4.1592333006098647e-01	  -3.1819930370120492e-01	  -5.1071260842345156e-01	  -1.6584923784160117e-02	  -2.4741565569946852e-01	  -3.3441574755304493e-01	  -1.1000843291956485e-03	  -3.4420187664867252e-01	  -2.9769571342822132e-01	   6.5859343277466098e-01	   1.0744264140428821e+00	  -3.6468902896395344e-01	  -2.2926076467075240e-01	  -1.1925784344581461e-01	   7.0426210597183916e-02	   5.8542172982014762e-01	   4.1013665221346779e-01	   7.5118323469407111e-01	   2.9966285807475923e-01	  -2.0147443111495600e-01	  -3.0693117436019129e-01	   6.6936206202090809e-01	   5.3911629701493113e-01	  -2.6398839107873712e-01	   1.8464636410852048e-01	   3.0084337922076598e-01	   4.7315091293964689e-01	   2.7234466606971319e-01	   2.0154149234041113e-01	  -3.5233391902422145e-01	  -2.0578851951713575e-01	   6.0173434178043117e-01	   4.9127524526169197e-01	   7.6033069096079309e-01	   6.7084248579603722e-01	   5.8808287560997718e-01	   2.6720122997872647e-01	   7.5276577893372654e-01	   6.5194255161357939e-01	  -9.0101661436079556e-04	   5.2532883986288537e-01	  -4.1888774937216244e-01	   9.2783851439426926e-02	  -2.4622483941770573e-01	  -4.6605496533582191e-01	   1.9981613671352952e-01	   3.3977781471073759e-01	   8.2289153398985526e-01	   1.0470329966316454e+00	   3.9142691585152378e-01	   3.6305705081525080e-01	   2.4839293136907820e-01	   3.8570290537814460e-02	   3.6882416721449163e-01	   2.5645360977182152e-01	   2.5835001796014179e-01	   2.2381520259924248e-01	  -1.6139720441521802e-02	   3.6017388081060031e-01	   6.0219229048803183e-02	  -1.1298232646324669e-02	   2.5778258745301597e-01	   4.9661284787473303e-01	   1.5489613737426405e-01	  -1.6071002945889170e-02	  -1.0250359873514449e-01	  -5.6796158360099009e-03	   1.9017733811280202e-01	  -4.7851569947939369e-02	
   7.1053793361989159e-01	   2.9282159606919055e-02	   0.0000000000000000e+00	   1.2977028009558360e+00	  -9.3963303683220728e-02	   5.2857933374148312e-02	   9.7645994156446259e-01	   8.2343716310599480e-01	  -9.6310241365908753e-02	   5.2434869407438953e-02	   5.0814223661829749e-01	   4.8572697803851750e-01	   6.2359144514528175e-01	   5.8957940090049510e-01	   1.9559477805049197e-01	   4.1479078756612692e-01	   8.7529320706564773e-02	  -1.9968318292678303e-01	   4.1115637775095631e-01	   6.1872275448700309e-01	   2.2232736954208226e-01	  -1.6054122516214586e-01	   9.8118762015091476e-01	   1.0874936116347966e+00	   1.1343106576241411e+00	   6.9495686303775017e-01	   1.7975446735323589e-02	   9.4782521418260254e-02	   6.6224614172342866e-01	   1.9399375475072864e-01	   5.5145907909964653e-01	   7.4269793149923957e-01	  -3.7195072296483966e-01	  -5.8759381349657547e-01	  -2.6284493986953500e-01	  -3.3322136401388741e-01	   2.6491533750309998e-01	   2.0826772848827230e-01	  -4.5660774275933007e-02	   1.8284574994192140e-01	   4.5756776565191482e-01	  -4.8988746297800589e-03	  -2.1592988037271121e-02	   2.2221420509170181e-01	  -2.2829192296552403e-01	  -1.5633586123913018e-01	  -2.0436769189742537e-01	  -5.1535335819109310e-02	  -1.0027007390182713e-01	   5.0536651907769653e-02	  -1.5867447886577304e-02	   1.6956442349266437e-01	   1.5646612549305836e-01	   1.4852999648199225e-01	  -4.6126257257535191e-02	  -3.6200692242692073e-01	   5.9239645107736799e-02	  -2.2353972130065908e-01	   2.2208304373649670e-01	   1.0263908516920937e-01	   3.7931205403895318e-01	   2.9220600448156059e-01	  -7.4903941563676094e-02	  -1.6826974154649577e-01	   2.8446210844534336e-01	   1.9104639669494219e-01	  -7.0590308837156543e-02	  -3.9227384195190888e-02	   4.5438143335004755e-01	   1.4357099670787254e-01	   3.1005657172447765e-01	   6.6013842183932259e-01	   3.0968704004940223e-01	   2.2863551677865532e-01	   1.8928072158370945e-01	   3.0137640887006761e-01	  -4.1516884666530746e-01	  -4.4443440089328284e-01	   4.2081110169263088e-02	  -2.3490771741762551e-01	  -9.2014449274335955e-02	  -1.9896421770670340e-03	   1.6627830548943429e-01	   3.4192502614440273e-01	  -2.1105338881402858e-01	   1.8570917549261323e-01	  -2.2698632173936528e-01	   1.2640089137204355e-01	  -2.4718720020982293e-01	   2.2739259044462629e-01	   4.2336054152638469e-02	   5.3328552744929392e-01	   4.2491164617304011e-02	  -1.3496189640902490e-01	  -2.8067517577746076e-01	  -1.2222728800616445e-01	  -2.1090487497593038e-01	   7.6766320640973829e-03	  -2.6879543344057122e-01	  -2.1162799980109209e-01	   1.1424301838496478e-01	   1.0514612723689152e-02	   3.0343245065011109e-02	  -1.1474102403191917e-01	  -1.2696229570457840e-01	  -3.2318976297607338e-01	  -3.6525631188739124e-02	   3.0273377632303116e-03	   2.1144248397002646e-01	  -1.8576943457687511e-01	  -8.7582775992386258e-02	  -3.2682193697003570e-01	  -1.5754636820224321e-01	  -3.7949621753050350e-01	  -9.0223611504810647e-02	   3.3431493433932313e-01	
   5.4769653792171524e-01	   1.9395966013645349e-01	   1.2977028009558360e+00	   0.0000000000000000e+00	  -1.0102672316667356e-01	   3.6970079491311300e-02	   8.1044689395745895e-01	   1.4817374102299579e+00	   2.9568146073193156e-02	   1.0865159318786659e-01	   4.3430179208688796e-01	   5.3925856813332218e-01	   8.8235638476118994e-01	   7.8884967093493996e-01	   3.6399444550208204e-01	   3.8627781374790515e-01	   2.9238330798767542e-01	  -9.7292238330970227e-02	   5.4169501602052283e-01	   5.9270658274745758e-01	  -3.8998245908312974e-02	  -2.1107344843882553e-01	   1.0950581269513933e+00	   1.0457707767957944e+00	   1.4273508074406329e+00	   7.8691406736802016e-01	   9.8630275599197792e-02	   8.0393400609464830e-02	   6.4297864353074241e-01	   2.0777174633247122e-01	   8.1778756323710644e-01	   8.8936122074139556e-01	  -1.3582322329404661e-01	  -3.3614932458964042e-01	  -4.0891694887697411e-01	  -5.7011607149745536e-01	   4.2387174750621532e-03	   2.2157867711890263e-02	   4.9531649590249596e-02	   2.5800189140867957e-01	   1.7579414796930870e-01	   1.5582946429387565e-01	   3.0387263434882395e-02	   1.3713952352832740e-01	  -1.1249955469756852e-01	  -4.3667784783714261e-02	  -1.9873471560835301e-01	  -5.0032622598372156e-02	   7.6783847333627531e-02	   2.1017149750509859e-01	   2.7253762940046933e-01	   4.4607345272751997e-01	   1.9070962834457170e-01	  -4.5468437076107759e-02	   1.1321449977582840e-01	  -2.1117012785705291e-01	   1.4081033375789306e-01	   5.3858456160612078e-02	   3.8337345463171357e-01	   3.2801091250773357e-01	   5.7117613660652311e-01	   5.0867619419973542e-01	   2.2055564042980211e-01	   7.3882638383900287e-02	   5.1281898290060124e-01	   5.1823453924053897e-01	   1.7827833902370488e-01	   1.9906363332872803e-01	   4.9798426555095032e-01	   2.8268596213555780e-01	   1.4245938082642662e-01	   5.8093548323974697e-01	   2.6632032308713638e-01	   1.3381483874685979e-01	   1.6250643533075579e-01	   1.8764846572862354e-01	  -3.2144288194773224e-01	  -4.5934966099426316e-01	   2.3241617752496155e-01	  -1.9675527423236819e-02	   1.3314681262526770e-01	   3.1189208602299203e-02	   4.1125725428480203e-01	   3.9197302139027307e-01	   1.6185036880106635e-01	   4.5903306591926452e-01	   5.5568516539637285e-02	   4.3823918830741593e-01	   6.0153189669914203e-02	   6.3901407916616371e-01	   1.2820623290149458e-01	   5.1440843300904571e-01	   2.4816932767758582e-01	   2.0388130449009167e-01	  -9.1298119749239834e-02	   1.1079683476263190e-01	  -1.4356079448208117e-01	   1.1251718837820228e-01	  -7.0505076078161019e-02	  -5.3964043873692809e-02	   2.2250745054252477e-01	   3.7622659941154116e-02	   4.1469638059873089e-02	   9.2657205899795536e-02	  -3.1454530750500043e-01	  -2.9988121373564103e-01	   5.4047021880596367e-02	   8.0588540497188249e-02	   1.6874018712110680e-01	  -1.5536473080704555e-01	   1.2787948246173236e-01	  -9.6330401576695368e-02	   1.1127171265883969e-01	  -6.1479169579165507e-02	   8.1894785180099489e-02	   1.6681552003357714e-01	
  -3.9010693191017187e-01	  -6.8750747263913214e-01	  -9.3963303683220728e-02	  -1.0102672316667356e-01	   0.0000000000000000e+00	   1.4269872742973615e+00	  -3.5209925493500344e-01	  -3.7111599367568371e-01	   1.8284842499600484e+00	   1.5696873238765154e+00	  -3.3703036414988741e-01	  -6.1763669455842041e-01	  -5.1199084115572546e-01	  -1.8391706005896971e-01	   1.1479555395380336e+00	   5.2645212643090511e-01	  -2.8298293520097850e-01	  -2.1997876168905264e-01	   1.2188713049457786e-01	   1.9450591579242915e-01	   3.2564518056410163e-01	   2.4185814403232969e-01	  -3.6795340218958150e-01	  -3.6467772687630223e-01	   1.8828395921661695e-01	   4.3335610286301757e-01	   1.5038901721161120e+00	   1.0487383682394948e+00	  -3.1331335993656279e-01	  -5.0376046693296161e-01	   2.4278759739956951e-01	  -3.3859786470868694e-02	   1.5061488673848650e-01	   1.8652074953170864e-01	  -1.5124974937072128e-01	  -1.6323700630328097e-01	  -1.7997305908320457e-01	   1.5248097570577761e-02	   1.0132552445126790e-01	  -4.2072063103775786e-01	  -2.9007879423541405e-01	  -6.1733784926617941e-01	   9.0931748636691623e-01	   5.1962874552255767e-01	   9.6311739299019827e-01	   1.1090644727194736e+00	   1.0653472767997016e+00	   1.1663071656577133e+00	   1.1154664571775430e+00	   1.2587615987448015e+00	   7.3099402305569883e-01	   7.4187073405144521e-01	   6.0768153892475452e-01	   6.3604602014678754e-02	   8.7192828254285970e-01	   9.3297734799959375e-01	   5.1723185854363668e-02	  -1.4421668681807021e-01	   7.7680117366959689e-01	   7.0825853497707703e-01	   4.4342730150934367e-01	   4.3809999747861517e-01	  -2.5187534396120731e-01	   6.3616425851463654e-02	  -5.6314618101557712e-01	  -4.1376715814806141e-02	   9.3808768923411534e-01	   9.9162769669699657e-01	  -1.6142791418833225e-02	  -5.0425005777108879e-03	   6.9263364793104676e-01	   2.3921358199294737e-01	   2.6845337850777218e-01	   8.4775271325516197e-02	   1.1683875547867668e-01	   3.7571324745839030e-01	   8.2487518124851822e-01	   2.8259355543305381e-01	  -1.6275395152192729e-01	  -1.3837564041503705e-01	  -2.3693686781920079e-01	  -1.1753668073170404e-01	   1.2388797765097756e-01	   1.8470196768763486e-01	  -1.6992867135670819e-01	  -3.3821286610253777e-02	   3.9542886000157235e-01	  -2.5716994254150793e-01	   5.6694547745453050e-01	   3.4395046276190155e-01	   1.1117152021701004e+00	   7.5189675502297260e-01	   5.4539362186318174e-01	   2.0213005756815769e-01	  -3.8771262594928541e-01	  -4.8830101627458999e-01	   2.2041906059246708e-01	   3.4865535036772827e-01	   5.6448260950912554e-01	   5.8226651917555139e-01	   1.0367644493835387e-01	  -3.1879034641351368e-02	  -6.9772446371216643e-02	   5.8733942266559563e-02	  -3.5471533807873584e-01	  -6.3223279532172660e-01	   4.5163832225567491e-01	   3.0165919882469144e-01	   3.8770729336054860e-01	   2.3781468935327971e-02	   4.9832888741046322e-01	   5.6051612355753355e-01	   9.3845878586628251e-01	   4.0147611195754346e-01	  -1.2873293945599615e-01	  -6.0238153616163037e-01	
  -3.6880118645203852e-01	  -6.7867288936664794e-01	   5.2857933374148312e-02	   3.6970079491311300e-02	   1.4269872742973615e+00	   0.0000000000000000e+00	  -2.5773728466368950e-01	  -2.7238477368649794e-01	   1.2835985850671412e+00	   1.9599531753241575e+00	  -3.8928691765420387e-01	  -5.8592490206046710e-01	  -4.9710769267814087e-01	  -2.8184110800151213e-01	   9.8471693891041412e-01	   7.3137986539337696e-01	  -2.4045678644157606e-01	  -2.9439887254514097e-01	   1.8456890483692762e-01	   2.0145438442854863e-01	   3.0039555055337369e-01	   2.0560528173513359e-01	  -1.1578140836125618e-01	  -2.7659908778413228e-01	   3.7262948722108807e-01	   6.1861883098060066e-01	   1.3746530727123054e+00	   1.1308336457127670e+00	  -2.9921593606545138e-01	  -5.2546620108056163e-01	   4.1062802537314058e-01	   1.8946201545425495e-01	   8.3789407509143016e-02	   9.1733354251931493e-02	  -1.6593497734403967e-01	  -2.0737471467541380e-01	  -2.2489119398160473e-01	  -9.9299342005741156e-02	   1.0070130358344107e-01	  -2.8267606658132183e-01	  -2.2779034296214976e-01	  -6.5718381403454207e-01	   7.3318041343605078e-01	   5.6451341649238040e-01	   7.7735974330374469e-01	   8.7399670333916302e-01	   9.0474251837516695e-01	   1.1672753898061001e+00	   8.8186347608062976e-01	   1.0163769430101894e+00	   4.7712093033361724e-01	   8.1972591048931420e-01	   4.8396368860719108e-01	   1.9615574123149221e-01	   6.1998770249971269e-01	   9.5892000361623453e-01	   1.3241154743566930e-02	  -2.0602682329097907e-01	   5.8478830486466271e-01	   5.8991197097996584e-01	   2.9262395600330737e-01	   5.4960806719842681e-01	  -1.7538024444994302e-01	   1.6962383769540937e-01	  -4.6796520823258470e-01	  -1.8420963652180844e-01	   6.6764250187234786e-01	   6.9423635033891595e-01	  -1.1246970665955916e-01	  -9.8277215431580661e-02	   6.8490026867557463e-01	   2.7338280720060271e-01	   2.7190541899200915e-01	   1.1462829048825893e-01	   6.3652849495303948e-02	   4.3050892912676159e-01	   6.5714859042118912e-01	   1.6447516755698793e-01	  -1.1897202811697184e-01	  -6.3813581075784886e-02	  -5.2723317743017369e-02	  -7.8978797212261906e-02	   6.3853512368645199e-02	   1.7015884942905163e-01	  -1.6684566066413606e-01	  -2.9917742346379648e-02	   4.2967365982100947e-01	  -1.2779211917969641e-01	   5.0025411772464135e-01	   3.6573027695346083e-01	   9.7263333154098408e-01	   7.0149970496941538e-01	   4.6420963420408995e-01	   2.2397799115900230e-01	  -6.5724615597555747e-01	  -6.4520020608959783e-01	   1.0702051354908268e-01	   3.2181410878256372e-01	   4.8458268343585981e-01	   6.2879252639158978e-01	  -4.6645474789095184e-02	  -1.3205267715387969e-01	  -2.7135541573301880e-01	  -1.3097449605004524e-01	  -5.0130309991787203e-01	  -8.0298738206445230e-01	   1.8876694362502361e-01	   1.6825124797799668e-01	   3.3344158546629149e-01	  -3.2139976340200646e-02	   5.1144263287036407e-01	   5.0381906834041001e-01	   7.7510508133041289e-01	   3.5350121251087652e-01	  -1.6954753931954542e-01	  -5.0553908776654866e-01	
   1.5690169881848486e+00	   4.5401276720340744e-01	   9.7645994156446259e-01	   8.1044689395745895e-01	  -3.5209925493500344e-01	  -2.5773728466368950e-01	   0.0000000000000000e+00	   7.0965878536345528e-01	  -3.5132451336994641e-01	  -1.9954680101561897e-01	   7.7331369256746640e-01	   1.0638267897431659e+00	   1.0867164624836436e+00	   8.7139678995904912e-01	   5.6111421609109362e-02	   2.3075938405155882e-01	   4.9568161355569307e-01	   8.9891000459084672e-02	   5.4421421861184494e-01	   3.3879841650504589e-01	  -1.1261591430996029e-01	  -3.7304707126264169e-01	   8.2751741148430769e-01	   1.0383113923524339e+00	   5.2557078242619271e-01	   1.6256519335828296e-01	  -1.5259373207539548e-01	   1.0937996384950218e-02	   1.4841177020787872e+00	   6.9765035938377984e-01	   3.5800250809637763e-01	   5.9380469296369787e-01	   8.3387908294824137e-03	  -1.6288411322824281e-01	  -1.6101633868159562e-01	  -4.0347918527466158e-02	  -6.2787498531298572e-02	  -1.7114104857787252e-02	  -2.1096499202150143e-01	   1.9555587373606895e-01	   4.9820349652075735e-01	   2.7904360937668804e-01	  -3.2831304319334520e-01	  -2.4885988322906083e-01	  -4.4148490250986827e-01	  -4.8859449793840826e-01	  -6.4860061705847771e-01	  -3.9620998757592740e-01	  -1.7592921367906583e-01	  -2.3382359260349700e-01	  -6.0021225324294880e-02	  -7.4401980255043784e-02	  -1.8349067266763699e-01	   1.7436846816161447e-01	  -2.7442615234077661e-01	  -6.7502433473267887e-01	   4.3465436941275026e-01	   2.1391482789552357e-01	   1.1167743647239194e-01	  -2.6400109317565385e-02	   2.8504481335975551e-01	   3.3537446564122209e-01	   2.0227876096555697e-01	   1.0009321106976309e-01	   4.7871222208045527e-01	   2.6620932237129658e-01	  -1.7221449544125733e-01	  -1.2981143113954655e-01	   8.2184931318115029e-01	   3.8563419430975443e-01	   8.8691095722159205e-02	   3.8859080151836889e-01	   4.2491654992841799e-01	   4.6231675054670351e-01	   2.9673826916150742e-01	   2.8926495692826321e-01	  -4.8887258591711402e-01	  -3.3791731834457972e-01	   5.0697508735719254e-01	   1.5115731127353813e-01	   1.7804641130581386e-01	   3.7598450498623237e-01	   5.0394846216695344e-01	   5.3929891079362513e-01	   5.1103108873290809e-02	   5.3060426173193298e-01	  -2.9308961588653992e-01	   1.2259564122224940e-01	  -4.9324661020758453e-01	   1.5291718739556934e-01	  -1.3291876518384481e-02	   1.0224914493798114e-01	   1.3899064188073881e-01	   4.7019225843759449e-02	   6.6463010022299901e-02	   3.0262387771315957e-01	  -4.5255652493585805e-02	   2.8284534140730250e-02	  -1.2727922792398705e-01	  -2.7056092265692222e-01	   4.0231797061743246e-01	   4.3215411709449203e-01	   3.1558160961148973e-01	   2.5047423749987008e-01	  -5.4935330558915724e-02	  -1.3659571624516645e-01	   1.5769589243524956e-01	   1.2211427323882088e-01	   2.9470199361436555e-01	  -1.4068804644218377e-01	  -1.3750964647816671e-01	  -4.2672888796174835e-01	  -2.9872369115414199e-01	  -5.1246861208274463e-01	  -2.7633267321266330e-01	  -1.2772464576875794e-02	
   4.6818973762566124e-01	   3.9349836434263241e-01	   8.2343716310599480e-01	   1.4817374102299579e+00	  -3.7111599367568371e-01	  -2.7238477368649794e-01	   7.0965878536345528e-01	   0.0000000000000000e+00	  -1.9149376417857994e-01	  -1.7116744280157115e-01	   3.5581232721563427e-01	   6.7427940076263537e-01	   1.1063289150142102e+00	   9.8413818080576732e-01	   1.2902136198847414e-01	   7.1014420563147329e-02	   3.2564603577836909e-01	   3.1356574300812921e-02	   3.4538908706319998e-01	   3.2752671019924762e-01	  -1.4871037112104926e-01	  -1.4065043434028093e-01	   8.4123529634567606e-01	   9.1473199582390530e-01	   8.4168529370950751e-01	   5.1006801284748982e-01	  -1.5485503740255552e-01	  -1.3882340457649636e-01	   5.9755792763413051e-01	   3.3536058660005358e-01	   6.4292156776089449e-01	   6.7750084176811143e-01	  -6.2132114572402822e-02	  -1.7888746535162425e-01	  -2.2135890884068460e-01	  -3.7739336990839284e-01	   4.8638872401074569e-02	   8.5880211663678888e-02	   1.3023880638706434e-01	   4.6508662906919579e-01	   2.2275609053307305e-01	   4.8059173899063823e-01	  -5.6327058484404023e-02	   2.5038733602485929e-03	  -2.0485296898315786e-01	  -1.5873422568725601e-01	  -3.2570532739290231e-01	  -2.5467032142781076e-01	  -1.9156244450638522e-02	   6.3750147407999141e-02	   2.6397941408510661e-01	   3.4648296725049005e-01	   1.0420436501684863e-01	  -7.0377051449712083e-02	   5.4017869786971026e-02	  -3.0838272663102628e-01	   1.0449513897943587e-01	   1.6589409161382671e-01	   3.1183045906982992e-01	   2.8064492704957522e-01	   4.3661861736242341e-01	   3.2744736774811539e-01	   2.7344088452601822e-01	   2.8831676468936598e-02	   7.0716826332436622e-01	   7.7496964146567660e-01	   1.2997241146938721e-01	   1.4387223250012537e-01	   4.7148553879059901e-01	   3.3796122732755851e-01	  -9.0679150477334741e-02	   3.6756149714989994e-01	   6.3211778461789464e-02	   2.5488081325543858e-02	   9.6765533209052262e-02	  -7.1980524297886234e-02	  -3.9624706406286031e-01	  -3.2692391660417353e-01	   3.1115314642542058e-01	   1.4325089643981159e-01	   1.9286098841734720e-01	   5.7943326724927302e-02	   4.2514705714588807e-01	   3.0406937833393044e-01	   3.4652796803039010e-01	   5.0301567568626937e-01	   3.0570784190211909e-02	   4.5000504011984555e-01	   8.1298122155914282e-02	   5.5068312440850520e-01	  -5.1722046395949808e-02	   2.4199795484775194e-01	   1.9775102833822225e-01	   2.3567168893931217e-01	   1.8678759796625105e-01	   4.1841601575275411e-01	  -9.1142531629183218e-02	   4.9770591173753501e-02	  -1.7304295179893617e-01	  -1.9924239036833452e-01	   3.1093289447969541e-01	   1.4514642598438501e-01	   2.2916712729792604e-01	   3.2211323392369329e-01	  -3.7111865391653447e-02	   2.3952856356707058e-02	   1.0008479578083940e-01	   1.2227945601383562e-01	  -2.0176629113243659e-02	  -1.1712287280120069e-01	   1.1603190990185212e-01	  -2.0007747429690884e-01	  -2.6910054315615561e-02	   1.5418539761579404e-02	   1.9226803981602689e-01	   2.7659085530091265e-01	
  -4.1918174194411056e-01	  -5.5972890014183041e-01	  -9.6310241365908753e-02	   2.9568146073193156e-02	   1.8284842499600484e+00	   1.2835985850671412e+00	  -3.5132451336994641e-01	  -1.9149376417857994e-01	   0.0000000000000000e+00	   1.5185956015230242e+00	  -3.0153128698340709e-01	  -5.5283322975182525e-01	  -3.2637403931755488e-01	  -7.6030559925185356e-02	   1.3297731278251550e+00	   4.6421474904684923e-01	  -1.3014045199596888e-01	  -1.8177400934442159e-01	   1.2705831046680724e-01	   1.7295326771915212e-01	   1.2337405991033640e-01	   1.1654410027006126e-01	  -2.5151919686652952e-01	  -3.1012533707037759e-01	   2.8017008176764457e-01	   4.3321829768463105e-01	   1.5029432801763536e+00	   9.0628708783288070e-01	  -3.1143689002956965e-01	  -4.9802193650429211e-01	   3.4524172798615432e-01	   4.2206735544735051e-02	   1.4445633559783908e-01	   1.9450633095354319e-01	  -3.1465094638719959e-01	  -3.3121498193857590e-01	  -3.3029514051380587e-01	  -1.1350996633321284e-01	   1.4303226818847270e-01	  -4.0157842213098338e-01	  -4.5358531078268427e-01	  -4.4657412463733909e-01	   1.0198731396201852e+00	   5.1112857309628490e-01	   1.1934326898355361e+00	   1.3474332533940028e+00	   9.7963184314773211e-01	   1.0675459831420506e+00	   1.4054423740683939e+00	   1.5637539531004252e+00	   9.8966785130099499e-01	   9.3279516210740887e-01	   6.9953738176820646e-01	  -1.1032439310896633e-01	   1.1088495487082695e+00	   9.5146853927624475e-01	   5.0289989432618087e-02	  -3.7542432514140120e-02	   8.0567195394169933e-01	   7.3713678403023464e-01	   4.5794065735803002e-01	   4.6010797489366506e-01	  -1.1459808637342120e-01	   1.2258605812518883e-01	  -4.5440968305813606e-01	   9.0252461789560548e-02	   1.1011310351868853e+00	   1.1500415722995112e+00	   1.7784235989586589e-02	   1.0072435697131515e-02	   6.4682580687540769e-01	   2.6619432872881854e-01	   2.4688253216944617e-01	   4.7468967717636527e-02	   1.7872131351288861e-01	   3.9146834690051691e-01	   7.5917516953188724e-01	   1.3929822215001722e-01	  -7.6559476871623719e-02	  -3.4786951715356965e-02	  -1.1591020759928922e-01	  -1.0922408715921204e-01	   2.1901536839192137e-01	   1.0995454666730928e-01	  -2.0898404061001779e-02	   1.7841825122939445e-02	   5.1067668619452733e-01	  -1.2102971409747099e-01	   7.8789789607966332e-01	   4.9790653670438123e-01	   1.0993661910036148e+00	   6.4612481694922341e-01	   5.8669737063325955e-01	   3.1740481743878601e-01	  -2.6709042322216603e-01	  -3.1261906663213285e-01	   1.9544780322739475e-01	   3.2102350835511539e-01	   6.0943869165136033e-01	   6.0707152044267587e-01	   8.1601745501207537e-02	  -1.1792290158790882e-01	  -1.3300451468646027e-01	   1.1316732750142594e-01	  -4.9362265433877084e-01	  -5.9662665204222542e-01	   5.1560151142189992e-01	   3.8665678888984528e-01	   3.1100529776212671e-01	   3.3748455932532943e-02	   5.8790723893789565e-01	   6.5014598490964115e-01	   1.2561473773642997e+00	   5.6006390227643699e-01	   6.6106959443056973e-02	  -6.1836761626578896e-01	
  -2.9925915536109210e-01	  -5.1883433439989601e-01	   5.2434869407438953e-02	   1.0865159318786659e-01	   1.5696873238765154e+00	   1.9599531753241575e+00	  -1.9954680101561897e-01	  -1.7116744280157115e-01	   1.5185956015230242e+00	   0.0000000000000000e+00	  -3.1769390999231045e-01	  -5.3714599151032150e-01	  -3.4854548545070491e-01	  -1.8083224284562432e-01	   1.2341860446600550e+00	   8.1901773265499234e-01	  -1.4278454009756922e-01	  -2.1063807162620379e-01	   3.5241222817416878e-01	   3.0495868808448756e-01	   2.2793530022548933e-01	   1.6563091354220286e-01	  -8.7450970063450470e-02	  -2.5604991228141033e-01	   4.3397255536295681e-01	   6.0894023829362842e-01	   1.7925805178392906e+00	   1.0377639200467261e+00	  -1.9930171517129353e-01	  -4.4963009184078023e-01	   4.4640998583183678e-01	   1.4773628396069083e-01	   2.1836721899069225e-01	   1.8806417174458465e-01	  -2.0630263107733163e-01	  -2.9950120293773319e-01	  -3.3904972540250672e-01	  -1.8607863303608974e-01	   9.5868511853996724e-02	  -2.9975185391079967e-01	  -3.0084059960644088e-01	  -5.8867290205016221e-01	   7.1715991069766416e-01	   4.2499291483498941e-01	   7.5454656999208480e-01	   8.6771344240478188e-01	   7.9546269386059965e-01	   1.0758331729799309e+00	   1.0307000726041111e+00	   1.2157951350994982e+00	   7.0276762175373553e-01	   1.0235366112401656e+00	   5.0703766551921392e-01	   1.3076235918048845e-01	   7.0058527553414940e-01	   1.0103642772818333e+00	   1.9945948095249641e-01	  -1.5363945251485494e-02	   7.5001211117748201e-01	   7.9850390527864668e-01	   4.9680599012622856e-01	   7.3365602971294963e-01	  -1.4163645114730916e-02	   2.8861020346552602e-01	  -3.3671561274379802e-01	  -4.8756782546821052e-02	   9.0062882861053339e-01	   9.0870467064733096e-01	   4.3448427385250746e-02	   1.1901783304734981e-01	   6.0107862284857372e-01	   2.9380012462188659e-01	   2.8096602864420767e-01	   1.5979512065057627e-01	   4.8950872743710086e-02	   4.3047581763655191e-01	   6.5564966959837245e-01	   1.5207501227552039e-01	  -3.6001174361423166e-02	  -4.1047735396668172e-02	  -1.8854070981838143e-02	  -7.2308725302960786e-02	   2.0817559339145256e-01	   2.5218104436858002e-01	  -4.7451592869518444e-02	   1.3221720124056902e-01	   5.7612538920162448e-01	   1.0340691771792665e-02	   5.4521962674471491e-01	   5.9863312562952398e-01	   1.1621496469814063e+00	   7.8280838006612574e-01	   6.8989736747516150e-01	   4.1762682745786678e-01	  -4.7149625271859841e-01	  -4.6107742304685367e-01	   1.6525196248704152e-01	   4.3951377217525339e-01	   6.9948927774851655e-01	   7.8635430148548013e-01	   1.0203716131815256e-01	  -3.0564158767692997e-02	  -1.9195637201405061e-01	   2.5783817082303439e-02	  -5.8279975859329425e-01	  -7.6936717437522639e-01	   2.9212799992351235e-01	   2.4074084839530990e-01	   4.3227359974441604e-01	   4.6703307937666569e-02	   6.1058320641386021e-01	   6.2643240296127933e-01	   1.0697397872890797e+00	   4.7879696713497211e-01	  -1.3319724007031888e-01	  -6.3848930087323474e-01	
   1.0584361725774194e+00	   6.0676156764998190e-01	   5.0814223661829749e-01	   4.3430179208688796e-01	  -3.3703036414988741e-01	  -3.8928691765420387e-01	   7.7331369256746640e-01	   3.5581232721563427e-01	  -3.0153128698340709e-01	  -3.1769390999231045e-01	   0.0000000000000000e+00	   1.0056545996323447e+00	   7.3493743911428777e-01	   4.4861458840306367e-01	  -1.2856413556731991e-01	   1.4553555635596649e-01	   8.5833194655406042e-01	   4.6107702760308267e-01	   4.1621433307295091e-01	   5.7291095578343953e-01	  -4.6374459011820285e-01	  -7.5683942466768328e-01	   5.5691154035288870e-01	   8.6071669470037637e-01	   2.4304498845253947e-01	  -2.3529786890342788e-01	  -2.4634874262992520e-01	  -4.0599017924169778e-01	   9.4367876270518147e-01	   7.8427983122425604e-01	  -5.7278489222470523e-02	   2.2028494959694531e-01	   3.3632980436789937e-02	  -1.7017980740143657e-01	  -2.7920790485907243e-01	  -2.5600836302326180e-01	  -1.5634195576640575e-01	  -6.1798412684579682e-02	  -6.4920310255602132e-01	  -3.3969500064403979e-01	   2.9733952153384280e-01	   2.1347879638756645e-01	  -4.4812301540961097e-01	  -4.9682561469380215e-01	  -4.4932083925044419e-01	  -4.9935105607983998e-01	  -6.3027025524748470e-01	  -4.4458477989544171e-01	  -3.3745907245048579e-01	  -4.2388650336745159e-01	  -6.4897323879965010e-02	  -3.3151973861250961e-01	  -2.8176853435836043e-02	  -1.1036135152561917e-01	  -2.5135675431561566e-01	  -7.1164534258040557e-01	   4.1240161309483236e-01	   3.6732919323617325e-01	  -2.5894504703340704e-01	  -3.1279572101224357e-01	   1.1839021207848992e-01	   4.1764438537433127e-02	   2.5786694950144395e-01	   1.5318211556395447e-01	   4.6975431392407258e-01	   2.7030001019460342e-01	  -3.7461872971185683e-01	  -3.3418241411768795e-01	   5.3624471364187121e-01	   1.6436426904898779e-01	   7.2055144648261599e-02	   2.9183053942561610e-01	   7.2012597118298349e-01	   2.1277350632200076e-01	   3.0085444807335754e-01	   4.9614484308416884e-01	  -5.9268521256866946e-01	  -6.8577748826401741e-01	   4.2248898965021647e-01	  -1.6492582170261814e-02	   2.3684227667756652e-01	   5.2768566730043820e-01	   2.1424811156379162e-01	   3.4039954071150208e-01	   3.0682688440173585e-02	   2.5439025936506854e-01	  -6.0742606995663107e-01	   1.4555158891420691e-01	  -7.5112250496276944e-01	  -6.8731688712928410e-02	  -8.1703254323154506e-02	  -8.9238794670347704e-02	  -1.1115001976783437e-01	  -1.5233623281829736e-01	   1.1375607838310935e-01	   2.2380222873111966e-01	  -1.1193261390444267e-01	  -9.6988821506130599e-02	   2.1351160285507268e-02	  -2.0518039403352270e-01	  -6.4800365309743063e-02	  -1.3281994652717832e-01	  -1.1550390357086579e-01	  -1.8406504549724559e-01	  -3.1662319194740268e-01	  -2.0746684937147133e-01	   2.2820863236012073e-01	   7.3605602198282341e-02	   1.0534693104174679e-01	  -2.4084135526137126e-02	  -2.9795132087337595e-01	  -8.4485956367386841e-03	  -1.6094829247789322e-01	  -6.3388414521475334e-01	   8.9665110814793877e-02	  -2.0892855874070568e-02	
   1.1496601278768943e+00	   7.0949508583017928e-01	   4.8572697803851750e-01	   5.3925856813332218e-01	  -6.1763669455842041e-01	  -5.8592490206046710e-01	   1.0638267897431659e+00	   6.7427940076263537e-01	  -5.5283322975182525e-01	  -5.3714599151032150e-01	   1.0056545996323447e+00	   0.0000000000000000e+00	   9.4539395161148732e-01	   8.6092340191476135e-01	  -1.9002095428309540e-01	  -1.0584333820317762e-01	   7.3419492652322071e-01	   3.2278202742912432e-01	   2.7498435803727389e-01	   1.8915406512082744e-01	  -4.5827917457999667e-01	  -5.1996179030322942e-01	   5.5005874081735973e-01	   1.1258893114649917e+00	   1.6144766099915556e-01	  -1.1194712518959338e-01	  -4.6915918726586670e-01	  -2.4501572169154778e-01	   1.1215848015043604e+00	   9.8886398222030181e-01	   1.6527796238953057e-01	   5.0915636006506493e-01	   1.4451918654546164e-01	   1.9425354051276849e-04	  -3.0096192935862767e-02	   6.8434972347461195e-02	  -1.0091651103188344e-01	   1.0440379735022214e-01	  -4.0572666386870848e-01	   7.6150994673433253e-02	   4.5981405401826014e-01	   5.1181902834238868e-01	  -4.4235148719622103e-01	  -4.3672436444177276e-01	  -4.9393330861986673e-01	  -5.8546564477104168e-01	  -6.6851069795452700e-01	  -5.6896019687315991e-01	  -3.1829021513715527e-01	  -4.8451576642193223e-01	  -1.0562360184212144e-01	  -2.5782904087459385e-01	  -1.5541788373108814e-01	   1.0819338140847082e-01	  -3.0408305926918211e-01	  -8.2472184579589680e-01	   2.7617174237026071e-01	   3.1901858301047697e-01	  -7.6974585207031765e-02	  -1.8943150618362284e-01	   1.1134482043833406e-01	   1.5044853524130619e-01	   2.3079113763004461e-01	   1.3756581352842603e-01	   6.6172417683266449e-01	   5.2379530817151365e-01	  -3.1421282059524897e-01	  -2.4036819211034438e-01	   5.1022948014972347e-01	   1.2575423144902895e-01	  -1.0710575923524261e-01	   1.1826857972107523e-01	   5.0170607369903153e-01	   1.3653718990307467e-01	   2.9888084563451633e-01	   1.1212825411425097e-01	  -5.1435443762386723e-01	  -3.3565186969405075e-01	   6.3211485243306786e-01	   2.7165385434845002e-01	   3.4172879191906635e-01	   6.5685651081137264e-01	   3.5442203172843345e-01	   4.7327470611550604e-01	   2.4536486701696958e-01	   4.9926208410754996e-01	  -6.0333788760221896e-01	   6.0415505469015508e-02	  -5.0197060873432753e-01	  -4.7397091173797354e-02	  -1.3377955493900731e-01	  -1.7202824270475928e-01	  -9.5403876372264884e-02	  -8.5925373801866947e-02	   1.7467808123690265e-01	   4.3712884261011353e-01	  -8.5028236171908245e-02	  -1.4428499317591581e-01	  -2.0232253906377828e-01	  -3.9301050121178172e-01	   1.9136762808101510e-01	   2.2931137577415867e-01	   3.0647501088159784e-01	   1.9967458976487085e-01	   4.2226648497961657e-02	  -6.1763709244579785e-03	   2.7742578636721255e-01	   1.5652116205661637e-01	  -5.7461002287727339e-02	  -2.7718300307279709e-01	  -2.3169472468360475e-01	  -2.7168382866587015e-01	  -4.3836981998577584e-01	  -5.8895277204335306e-01	  -9.5788785038657870e-02	   3.8502241720798247e-02	
   9.1181425253996840e-01	   8.0028151764617017e-01	   6.2359144514528175e-01	   8.8235638476118994e-01	  -5.1199084115572546e-01	  -4.9710769267814087e-01	   1.0867164624836436e+00	   1.1063289150142102e+00	  -3.2637403931755488e-01	  -3.4854548545070491e-01	   7.3493743911428777e-01	   9.4539395161148732e-01	   0.0000000000000000e+00	   1.0485781247625046e+00	   2.7307188788392289e-02	   2.7214659408934930e-02	   7.8715345417664251e-01	   3.3584764011387358e-01	   4.6389636265294498e-01	   2.6559542753703980e-01	  -3.6412013189967746e-01	  -3.6085751343686379e-01	   8.5482202768301008e-01	   8.1665281416797431e-01	   5.2685161827607840e-01	   4.9061276217746315e-02	  -2.1840937213324441e-01	  -3.0976716981565244e-01	   1.1029364778809767e+00	   7.6132064935622690e-01	   3.6325659622899509e-01	   4.4106435761008456e-01	   8.6083334023728919e-02	  -5.3830942382301784e-03	  -2.3368654259016908e-01	  -2.5376508542821880e-01	  -1.3336228479580292e-01	  -1.2646385707360080e-01	  -1.2417778562811678e-02	   3.0385789049670459e-01	   2.4885462238348124e-01	   6.4302738291171091e-01	  -2.7594545770699708e-01	  -3.7486053623780341e-01	  -3.2748727507268521e-01	  -3.7637808277132800e-01	  -6.9055579851395599e-01	  -4.8000078188269035e-01	  -9.8780346245671974e-02	  -1.7880097016945315e-01	   1.9542403425822405e-01	   1.5083735715301359e-02	  -1.4166135479828429e-01	  -1.8831815368473320e-01	  -1.1954437271452481e-01	  -5.6098594830455228e-01	   4.0283901857982402e-01	   5.1018146386528485e-01	   5.7634051360757305e-02	  -4.8588703991967143e-03	   2.4728247900609099e-01	   1.8945645404626069e-01	   4.2848188069790238e-01	   1.4204805014235472e-01	   7.4223492543291936e-01	   6.1101472395310674e-01	  -2.7265554958959260e-02	  -4.6534696849699846e-02	   8.7488208103779419e-01	   5.2523366273426353e-01	  -4.7895930494646834e-02	   4.0748312062037856e-01	   2.6978053624544862e-01	   3.5826617143945538e-01	   3.5211164996168381e-01	   1.9626903000151233e-01	  -4.6619548292014495e-01	  -3.9481682759867970e-01	   6.5762286098614209e-01	   3.7697825508562149e-01	   3.8765202961459749e-01	   3.6175431058212315e-01	   6.7003136684374853e-01	   3.2655332903137363e-01	   4.3813344575972046e-01	   6.0516018000034488e-01	  -7.3865632705145137e-02	   4.0236762539944931e-01	  -2.3003630638681649e-01	   3.1943257482606058e-01	  -1.4633894087708971e-01	  -8.0439119559946815e-02	   2.3040055424009365e-01	   2.6900260842594081e-01	   4.9871098888483983e-01	   8.0806793077712480e-01	   8.2478695183673512e-02	   1.0571274918393087e-01	  -4.5479493472417920e-02	  -2.4718223563916891e-01	   4.4732800464225891e-01	   3.0375052044523643e-01	   2.9407509073195442e-01	   3.8989843914881217e-01	  -9.5576389135597323e-02	   1.3194858281637245e-01	   2.2004060394590091e-01	   1.3196168841686831e-01	   1.8841065471291851e-01	   1.1806476917092744e-01	   6.2956634549375376e-02	  -2.5940279472610400e-01	  -8.1889042207179241e-02	  -1.3411489023875378e-01	   1.6814733741847565e-01	   3.9442985532528500e-02	
