   0.0000000000000000e+00	   1.1914902221711532e+00	   4.9421272534504973e-01	   4.4208174455003552e-01	   5.5542536947265453e-01	   5.4947784159244006e-01	   3.8982974613068982e-01	   6.3747924354627283e-01	   1.8208378681622742e-01	   5.8968418893560171e-01	   2.3995266838231913e-01	   8.7177557641781189e-01	   1.4074293730455473e-01	   3.6191289621814665e-01	   5.4204722475785838e-01	   9.5662707135304148e-01	   6.9808098157639731e-01	   8.3902449885211028e-01	   9.8425847376346010e-01	   1.3111603322728447e+00	   2.8501190918587749e-01	   4.9083117112273000e-01	   3.6110071397329124e-01	   4.5826717395974925e-01	   1.5216242760490628e-01	   2.2132088242503775e-01	   1.1487086192854985e-01	   3.8497267312967853e-01	   1.0279061378156580e+00	   1.2192288160391456e+00	   3.8107129355924868e-01	   3.0089058380803213e-01	   8.4986366522729651e-01	   8.1275441859164166e-01	  -2.6770590162987867e-01	   2.0113494398392393e-01	   7.2911231045300695e-01	   1.0621725185102753e+00	   7.9534631435859016e-01	   5.6631816175500482e-01	   2.0639466553984012e-01	   4.6508869032439892e-01	   4.7814380671436357e-01	   4.2564683673245762e-01	   4.3562391723899374e-01	   4.8641954561941469e-01	   6.2962472966760274e-01	   4.6723357370214580e-01	   2.3468918980246031e-01	   3.0954830942233719e-01	   7.0911208475973972e-02	   3.5554556236210821e-01	   5.4583185448246141e-01	   2.9384035868360914e-01	   9.7317410556292050e-01	   6.6817940278586785e-01	   7.0449456409733902e-01	   7.4883461319284350e-01	   3.9401519537628643e-01	   4.2714153841538127e-01	   1.5473864006447233e-01	   4.1675109672310384e-01	   7.8000104884199528e-01	   5.5068978618533859e-01	   5.0944009225482152e-02	   3.1433505136133766e-01	   4.2492468753628199e-01	   4.8965274204557324e-01	   1.1963388214574375e+00	   9.1730275901867198e-01	   5.8770788001697394e-01	   7.0875895517184129e-01	   5.9764850169791739e-01	   4.1680531942320975e-01	   7.2474383749748891e-02	   1.9275528766490116e-01	   8.1052823749014746e-01	   6.1102424867298688e-01	   7.1205285906248561e-01	   7.8494906318377888e-01	   8.5099507163415844e-01	   8.2451146024587652e-01	   4.1152485556112650e-01	   9.0243363233311935e-01	   2.5941802339563697e-01	   4.5900738837102356e-01	   1.5345272343683636e-01	   1.0006424731189391e-01	   1.0443369081296265e+00	   7.5963725762350709e-01	   1.1203864290049990e+00	   5.3022974351772278e-01	   7.6180295034107304e-01	  -3.2844694676332675e-03	  -1.8345504306387012e-01	  -8.9950163936611011e-02	   6.0174121508540801e-01	   1.0364285753381792e+00	   9.3909892560456987e-01	   8.0204588027146395e-01	   5.1883473433611405e-01	   7.5289686621631893e-02	   1.1238573827678584e+00	   6.5109869069330273e-01	   5.8495036921529731e-01	  -3.0550520975697507e-02	   3.9279588439419444e-01	   7.2877335834559187e-01	  -9.0261092830579134e-02	   4.0165193879240785e-01	   5.6378175058039626e-01	   5.7054932983509310e-01	   7.3350894257731347e-01	   8.5378936977728714e-01	   3.4610217318751529e-01	  -2.0883467234330275e-01	
   1.1914902221711532e+00	   0.0000000000000000e+00	   3.1524438667031440e-01	   6.0793219784829733e-01	   2.3468219084114886e-01	   6.9055425919409885e-01	   2.9293652299006534e-01	   8.5462542363769145e-01	   9.0083311023432741e-02	   7.2689774247364847e-01	   5.3561418673434302e-01	   1.2852088633534917e+00	   4.5976626041613677e-01	   7.5416753810906534e-01	   5.6586758694989192e-01	   1.0319312171582160e+00	   9.9255927759259088e-01	   1.0138579679332556e+00	   6.4298525478259139e-01	   1.0156482319365157e+00	   1.1627514441140147e-01	   2.5223622131844209e-01	   1.3675613142359871e-01	   3.4575723462198088e-01	  -2.6593617807814596e-02	   1.7172260999646879e-01	   1.0582253431614981e-01	   5.7598401303539382e-01	   9.3985340279982066e-01	   8.5336345442483141e-01	   1.9499640081288250e-01	   2.3822976748115482e-01	   5.6479010000491214e-01	   6.1998353439082932e-01	  -4.1948798628889711e-01	   1.7928501016212608e-01	   6.8575739869558217e-01	   8.9439263355956089e-01	   5.0077585292043358e-01	   8.9374058458205896e-01	   4.7076314672949288e-01	   5.1970627060541552e-01	   3.6157438391847446e-01	   3.1573536813205361e-01	   2.9402372477014771e-01	   4.4710442839636083e-01	   3.6333274079786043e-01	   3.3560652928593132e-01	   2.2677369267532557e-01	   3.7611873036414406e-01	   7.9842064906349666e-02	   4.0127122274707466e-01	   5.9973915673786427e-01	   2.8444565280497536e-01	   6.3432301535620872e-01	   4.3765678221038012e-01	   9.4168092237164902e-01	   9.8774825146053669e-01	   6.0401023644653995e-01	   7.3746163124857245e-01	   4.5071803393269455e-01	   7.0974187610190531e-01	   1.0456322495284531e+00	   9.0633336776202145e-01	  -1.8793918532733561e-01	   5.9287266156172580e-01	   2.7738701914944242e-01	   4.7691268537075204e-01	   6.3665851520414662e-01	   5.2919301987701139e-01	   5.0458212665349100e-01	   4.2625021333147856e-01	   5.4268414157208777e-01	   5.5129987276081749e-01	   4.4674330855065725e-01	   4.7931345878566312e-01	   4.7868166239087340e-01	   5.0535268191270200e-01	   5.6657982575984656e-01	   5.6159771139639769e-01	   7.3663007166723404e-01	   8.1915606922490081e-01	   4.9745871969854349e-01	   7.9965297003832381e-01	   7.5462151893812238e-02	   5.2580782092580303e-01	   9.1784126559003587e-02	   2.1137346794711323e-01	   1.0076328927270362e+00	   1.1891632509564454e+00	   8.8139894818703945e-01	   3.7729360831658498e-01	   7.9411462854265347e-01	  -6.6652393824005202e-02	  -6.6348323118246927e-02	   2.1915698324417346e-01	   4.3036618336467236e-01	   7.9892330994941074e-01	   6.7672281694788861e-01	   5.5551825443805503e-01	   7.6885604253328244e-01	   1.0426921495233998e-02	   7.4832527808514326e-01	   5.8960333456619762e-01	   5.6609797131933248e-01	  -1.5502076068091183e-01	   4.6996367875403988e-01	   6.1728081097022336e-01	   1.2244441099491188e-01	   4.8311215705313082e-01	   2.9879887027683449e-01	   3.2303879188278622e-01	   4.9184930708378294e-01	   6.4039573617087009e-01	   3.6600861138421120e-01	  -1.5900544455530594e-01	
   4.9421272534504973e-01	   3.1524438667031440e-01	   0.0000000000000000e+00	   6.5568926316579912e-01	   6.9708224665322216e-01	   2.1108079510810110e-01	   1.1682916014685383e+00	   5.5407504010535313e-01	   4.7136413306577246e-01	   2.1547767407412546e-01	   1.6277182712170571e-01	   1.9679305445767792e-01	  -4.6057581213674745e-02	  -4.4504809792842458e-02	   3.4806578326512772e-01	   2.1964916677401392e-01	   2.1558955559638726e-01	   1.2441644177923714e-01	   7.3071219946473576e-01	   3.8439945399749931e-01	  -3.2898810053482819e-01	   2.0003068317613931e-01	   5.2991952120204777e-01	   4.0089792568978999e-01	   5.1517325127429259e-01	   3.3218766437108166e-01	  -8.1119356002751664e-02	   1.5324387258362959e-01	   3.1933845100642400e-01	   1.9397141224191408e-01	   2.6930534314102661e-01	   1.0796872024105994e-01	   3.3209890857556973e-01	   2.5269272912293927e-01	  -2.4532666519347995e-01	  -3.7591948374672773e-01	  -1.0237929922703483e-01	   1.1239867188598543e-01	   7.5552670475546757e-01	   2.4917805780438051e-01	  -4.6147755095153331e-01	  -8.4281923460281620e-03	   5.6900032185475125e-01	   4.8383087018360615e-01	   2.5186968192120651e-01	   4.5271391884836482e-01	   4.6691192486083599e-01	   4.5611058873971977e-01	   4.5837377355323772e-01	   4.7061681797742272e-01	   4.2989973568221901e-01	   4.4321516736765254e-01	   4.4329104806278330e-01	   4.0747674355825464e-01	   5.2646525346557305e-01	   5.0473482781931756e-01	   3.5088864744831805e-01	   3.9087577139615970e-01	   2.9215173585279158e-01	   2.8515416508088487e-01	   2.6784471203878624e-01	   2.5315638942714602e-01	   2.9938806240870386e-01	   1.9679301611271824e-01	   4.8713258088778510e-01	   2.8459051976421301e-01	   9.0643436176326708e-01	   5.9908174436374351e-01	   5.4462716447879655e-01	   4.6533232679689490e-01	  -3.6450876138312355e-02	  -4.3995928937985733e-03	   1.0389078930156294e-01	   2.3169833036889587e-01	  -3.6071069239494941e-01	   4.9093836235454386e-01	   4.3808545603651655e-01	   5.1577177006225730e-02	   2.1458831011278315e-01	   1.8782659153095044e-01	   1.5473060961914276e-01	   3.1104763889705073e-01	  -5.7530496748883879e-02	   2.2449275048784459e-01	   5.1698716974836723e-01	   2.7020073360869967e-01	  -6.5160503589514352e-03	   1.6165673686106058e-01	   2.9428910775584421e-01	   5.5125821590743163e-01	   6.4730467262783298e-01	   9.5381253634145213e-01	   3.8619733027592007e-01	   3.6787470613538026e-01	  -1.4482659852561081e-01	  -1.3570105167733962e-01	   1.4900539211027225e-01	   4.3125871138694183e-01	   5.0095541486331796e-01	   5.9304646560201246e-01	   2.9309599420477439e-01	   5.9107102512951115e-01	   3.7813803234641641e-01	   3.1859436396057977e-01	   2.8143165466298070e-01	   5.1165021226352199e-02	   3.0376932763114053e-02	   1.0088954362933038e+00	  -2.2686809005754180e-01	  -2.6635873701237872e-01	   1.9862734437648455e-01	   4.1790396735666160e-02	   1.5185764552684508e-01	   1.4754712119209507e-01	   9.6578760263063501e-02	  -1.5033321439733896e-01	
   4.4208174455003552e-01	   6.0793219784829733e-01	   6.5568926316579912e-01	   0.0000000000000000e+00	   3.8468542923331356e-01	   2.5471572180544466e-01	   2.0030946953887951e-01	   1.0793417641398384e+00	  -1.0403748643014361e-01	   4.3986531645828303e-01	   1.6339510493309356e-01	   6.7767289933783248e-01	  -5.2015208784703072e-03	   3.0709397974424835e-01	   5.0686703408877480e-02	   6.2338799391093103e-01	   5.8831966628109900e-01	   3.8317180573984072e-01	   3.5004017157452716e-01	   4.7173704744060091e-01	  -2.5253969499255513e-01	   2.0542210656362608e-01	   2.6338947168141252e-01	   6.9773832580943351e-01	   4.9048000813062353e-01	   9.2038914096965307e-01	   7.9528974545729325e-02	   4.8355374712095500e-01	   4.7744939025139710e-01	   4.1114137039060494e-01	   4.4951849210303907e-01	   4.6040734599123101e-01	   6.6756061122308619e-01	   6.5984472329544741e-01	  -1.6913537560661082e-01	   1.6809470134494825e-01	   2.8455923949475892e-01	   4.8006648094401116e-01	   8.6681794567202775e-01	   9.0826119934706306e-01	   1.9242387643036213e-01	   3.6255549604304438e-01	   5.7446861980804087e-01	   4.6548391160070529e-01	   4.0500629154711104e-01	   7.4781647287803943e-01	   4.9211048704983901e-01	   6.0836079051958281e-01	   4.7885743771194167e-01	   6.5390084170266449e-01	   5.7851956034443841e-01	   9.0631196833854266e-01	   8.5971453735024506e-01	   6.6804801156116655e-01	   5.5745348148519547e-01	   6.3535151658604394e-01	   9.2136818235614482e-01	   7.0185564112947574e-01	   7.1608707131842964e-01	   7.9368886758008650e-01	   2.8535615656512076e-01	   5.3489602937539149e-01	   5.3720711714302594e-01	   5.0140609729702001e-01	  -2.1006314193656694e-01	   9.0079647581056765e-01	   7.9777123181148180e-01	   1.0042998352168371e+00	   4.3513089714438685e-01	   5.6869973508577432e-01	   1.6789422187693590e-01	   2.2808100637898801e-01	   3.4158601853604259e-01	   8.8760823458170968e-01	   3.1678063434149265e-02	   7.3048303134202253e-01	   3.8260938128046823e-01	   3.2903891592085466e-01	   4.9795663973810966e-01	   5.1253916734081906e-01	   3.0611170294205281e-01	   4.1021756010670196e-01	  -1.6379118780501567e-01	   6.0164833695158160e-01	  -1.5917658594528586e-01	   6.4485910700696014e-01	   4.9570141688086045e-02	   5.5437559099653377e-01	   4.5532066508108082e-01	   8.1451381036838288e-01	   6.4310509519658920e-01	   2.2460088318766686e-01	   6.4508255402206771e-01	  -2.7963668188676338e-01	  -1.3404141233741981e-01	  -8.4134407089935789e-02	   3.2301097045770827e-01	   6.0375935743986919e-01	   5.4551537694209673e-01	   6.3985164606292055e-01	   6.1519243934261392e-01	  -1.6154298159517572e-01	   4.3635434365273307e-01	   2.8621844558562021e-01	   6.6799677640251243e-01	  -4.6638512097203094e-01	   3.9821278667843280e-01	   7.8493880799430082e-01	  -3.1924339194617507e-01	  -6.4102779067890414e-02	   9.5590084870612907e-02	   1.3775893005865850e-01	   1.4454264486355378e-01	   3.6824875802735368e-01	   2.0007337977406606e-01	  -3.4746661302297049e-01	
   5.5542536947265453e-01	   2.3468219084114886e-01	   6.9708224665322216e-01	   3.8468542923331356e-01	   0.0000000000000000e+00	   4.7865604362929254e-01	   5.5502439996864317e-01	   4.8551134803660123e-01	   5.0101488684028284e-01	   5.4797851583726964e-01	  -5.7869178807435993e-02	   2.9241406598071618e-01	  -1.5639361406027946e-01	  -1.0922560497767796e-01	   4.9088324015323659e-01	   5.6356992219349378e-01	   3.9639860609029715e-01	   4.6532324567894301e-01	   7.3630230977850852e-01	   6.3693711758667082e-01	  -4.8017701928152183e-02	   4.8163833629677705e-01	   5.1162043063838603e-01	   4.4847194222863629e-01	   3.4811665965529787e-01	   3.0630482057377267e-01	   2.7815975912923824e-01	   1.5005144078433088e-02	   6.8877570365878382e-01	   6.5893237614874878e-01	   5.3902090212330622e-01	   3.7967064103259873e-01	   7.7818024481347869e-01	   7.1757149218121474e-01	   2.5498223345117754e-01	   2.8551907232817486e-01	   1.6516654694980343e-01	   3.5700812588327402e-01	   5.8681846429348783e-01	   9.9664011008356965e-02	  -2.9543769661451103e-01	   4.2456824211946131e-01	   5.3686083183884070e-01	   5.8183821824983495e-01	   3.9274194130888246e-01	   4.7382720794203509e-01	   6.2325060130639620e-01	   5.6304933613487607e-01	   3.4062140355020210e-01	   3.1726809472317780e-01	   2.6926117799815108e-01	   3.5324278698510958e-01	   4.2103908862970224e-01	   4.7044872088764578e-01	   6.2488753543478504e-01	   6.9207949235678023e-01	   4.5545495245212564e-01	   5.2496169561390282e-01	   1.7722876174302765e-01	   1.3754632790314739e-01	  -1.2430691165435506e-02	   1.6824446216436686e-01	   2.3511934665883658e-01	   1.7683009220202242e-01	   6.4963444703260420e-01	   2.0755130321152071e-01	   4.9725570993596974e-01	   4.3144686876537769e-01	   8.4095847186008821e-01	   7.4290456834535323e-01	   3.0248648130869044e-01	   4.5099382722306269e-01	   5.2459277136913007e-01	   4.3242438739860145e-01	  -2.1608127233058333e-01	   3.9535502232142244e-01	   7.2580402572850067e-01	   5.8343216127680875e-01	   7.6570447833439026e-01	   6.5946937493240587e-01	   8.2387033773064311e-01	   8.2571967620558895e-01	   2.7257860745407314e-01	   6.2758223948097391e-01	   3.9648056666819337e-01	   2.3924022691562219e-01	   2.1162723104083625e-01	   1.9195400143712629e-01	   3.0895381816404927e-01	   4.4576256515745993e-01	   9.0360922833091728e-01	   5.0266004184253910e-01	   6.5621946230692696e-01	   2.2718125143524365e-01	   4.4221308007992663e-02	  -6.4660030299468263e-02	   5.5080313584151186e-01	   7.1975129486081868e-01	   9.1344203339294483e-01	   7.7799792113603106e-01	   1.4495616822224411e-01	   1.2873259040040283e-01	   6.0453988969080252e-01	   3.3478401646047501e-01	   6.9355670386339074e-01	   3.6333445493314043e-01	   1.7028612592634229e-01	   5.4701014946422410e-01	  -4.7264769775748590e-03	   1.1499972571344776e-01	   7.0048840439481275e-01	   8.4017200308441198e-01	   8.8973962016195340e-01	   8.6609501831052982e-01	   4.9252621359883725e-01	   1.0257346130429715e-01	
   5.4947784159244006e-01	   6.9055425919409885e-01	   2.1108079510810110e-01	   2.5471572180544466e-01	   4.7865604362929254e-01	   0.0000000000000000e+00	   3.1450956200087471e-01	   7.2593926231338801e-01	   2.1629636051971857e-01	   1.0222703356575118e+00	   5.2280962307994150e-01	   8.1827995670411002e-01	   4.5671115998852996e-01	   6.5036869102974693e-01	   3.8495608680238563e-01	   6.3511561480749512e-01	   9.3507581515029203e-01	   9.9113705937851482e-01	   3.1175932151541719e-01	   7.8396122497756504e-01	   1.0874963445829049e-01	   5.7480738343916238e-01	  -1.0803729734366321e-01	  -1.3407370298045015e-01	  -3.5430726726734285e-01	  -1.3211589098352169e-01	  -7.2939827600552072e-03	   2.8312332109562732e-01	   6.6792746342924603e-01	   6.1242806260668270e-01	  -2.9766071949506808e-02	   9.4881953112727797e-03	   4.6978574532564421e-01	   5.0699721313542134e-01	  -2.9232374524684246e-01	   4.9425717571610024e-02	   2.1478623019059043e-01	   3.1313797359760448e-01	   3.3326672193838325e-01	   2.3355080880178508e-01	   2.1357909796319707e-01	   6.1854461679812911e-01	   1.2289426159478063e-01	   2.0528601162112528e-01	   2.5351569742007574e-02	   2.1137076251081593e-01	   7.9509655662764606e-03	   1.0999535959395017e-01	  -7.3696612797349945e-02	   7.7509253012869928e-02	  -3.4148406676415816e-01	  -2.4609223068764806e-02	   2.7796493999956751e-01	   4.3134286929096301e-02	   2.2401611040332009e-01	   7.6919296554770575e-02	   8.5493716521673002e-01	   9.0029419681341993e-01	   6.0096169325547066e-01	   7.2375406020970445e-01	   5.2809670912441276e-01	   7.7250978946688742e-01	   9.1311381511006773e-01	   8.6914768081040561e-01	  -4.6956088178826925e-02	   4.7424430931110406e-01	   2.1053258119288021e-01	   4.4425557878388533e-01	   5.6376902443649080e-01	   2.4588462191789984e-01	   2.7786140131647263e-01	   3.2601423841588029e-01	   3.6971939395894654e-01	   2.0269290455711730e-01	   3.0691262634316707e-01	   3.0816163197854873e-01	   4.4580929764593924e-01	   4.2231533694286044e-01	   5.3836720101450530e-01	   2.0598955590832274e-01	   1.0146191016840436e+00	   1.0056592450391009e+00	   4.2355377558460433e-01	   3.5033210075051008e-01	   1.7355650020632896e-01	   2.0725435539090933e-01	  -1.5036147246725720e-01	  -2.5350047812580684e-01	   5.6450926905719223e-01	   7.4650520053227842e-01	   4.5995826712513033e-01	   2.9119233839989445e-01	   3.2143254159823836e-01	   8.4305733399018173e-02	   1.4510765756248159e-01	   1.6344242031835354e-01	   3.1628028471329289e-01	   3.0159310364574843e-01	   4.3504371912070811e-01	   2.2187266238970882e-01	   3.4737058309768015e-01	   2.0659042732332825e-01	   4.9004510082409281e-01	   5.3595835413266668e-01	   2.4126542868943773e-01	   1.3568019979202239e-01	   3.1099390810428895e-01	   4.5699310477466476e-01	   1.2481858283736370e-01	   2.6525576794184064e-01	   3.0770104694265127e-01	   3.7951352095270990e-01	   3.9245906231813976e-01	   4.6927157914931583e-01	   2.4057882515346118e-01	  -2.5053699515010031e-01	
   3.8982974613068982e-01	   2.9293652299006534e-01	   1.1682916014685383e+00	   2.0030946953887951e-01	   5.5502439996864317e-01	   3.1450956200087471e-01	   0.0000000000000000e+00	   3.4343544448897295e-01	   1.0599748389223760e+00	   2.4541979190312130e-01	   5.2530494309902787e-01	   1.0429443910626869e-01	   3.4195754836048647e-01	   8.3904044735496355e-02	   7.2157449541376095e-01	   4.9458136552672845e-02	   1.4618532311072388e-01	   1.2952809683041663e-01	   6.1327917443569335e-01	   2.8362078883389913e-01	  -3.3062991233302552e-01	   2.2446189061158948e-02	   1.8550107740206448e-01	  -3.1984708017999908e-02	   3.2771556089793652e-02	  -2.1912383768542801e-01	  -6.4397257911391354e-04	  -2.2691652961697197e-02	   1.5262850544715922e-01	   1.8624060323795932e-02	  -1.3082379300103411e-01	  -2.8326820112836520e-01	   3.5842239111993350e-02	   9.7162647516263433e-03	  -3.5092691504197293e-01	  -6.1693365949538570e-01	  -3.0068051478050073e-01	  -7.8589418287697471e-02	   2.1714481403375202e-01	  -7.3317858798929533e-02	  -5.1508556825064478e-01	  -1.2981579490926293e-01	   2.6609868559535177e-01	   2.5001948527776635e-01	   4.1005932670811797e-02	   9.7171681850744374e-02	   1.7596329507888933e-01	   1.4020618466437468e-01	   1.7220711031221436e-01	   1.7953150783317343e-01	   5.3204697816162917e-02	   4.5752101647536757e-03	   1.2763277185169154e-02	   1.0659151787039677e-02	   2.0009778219627475e-01	   9.1418515992507846e-02	   8.8071592514189265e-02	   2.0176202069752977e-01	   1.7417644187089815e-01	   1.4221944520808630e-01	   5.6891318079488429e-01	   3.4552076857546260e-01	   3.1030250780145346e-01	   2.9833654065718784e-01	   8.0770247791371674e-01	   1.2413572733666822e-01	   4.3967808679983766e-01	   1.8862158603073031e-01	   3.9468781671297914e-01	   1.1131927094753097e-01	  -2.2575701924520949e-01	  -2.1070298561782769e-01	  -8.9256555477301838e-02	  -1.1241476671294998e-01	  -3.0898120824604730e-01	   3.4166990078314269e-01	   1.8507872828527350e-01	  -1.7189406929504425e-01	  -6.7421334707415195e-02	  -4.8274476248999290e-02	   1.0944078090489581e-01	   2.3969530531158878e-01	   2.0220576020702688e-01	  -7.2585562516112468e-03	   6.9370101128881834e-01	   1.9104152387812105e-02	  -6.9643046367194820e-03	  -7.8677350406261351e-02	   3.2929482748564820e-01	   4.4120055140424175e-01	   4.4103965840405807e-01	   1.0255028001419562e+00	   2.4197890268610583e-01	   7.0650347660760093e-01	   1.7540479452795171e-02	   1.1763580214611695e-01	   3.1736837009527070e-02	   2.2485501584916567e-01	   3.2629217088504398e-01	   2.9141662316148731e-01	   3.2840937398706366e-01	   1.1506708782300084e+00	   2.9798616809538903e-01	   3.7830288423387387e-01	   5.9197961253545052e-03	   1.9157126240372691e-01	  -1.8068438116359004e-01	   6.5293502304304596e-01	   5.2749415201675053e-02	  -2.3543924764183502e-02	   1.6633850817658458e-01	   4.7531020547642491e-03	   1.2570615929072243e-01	   1.0145243810337622e-01	   1.1430309279275000e-02	   3.1613978636603576e-02	
   6.3747924354627283e-01	   8.5462542363769145e-01	   5.5407504010535313e-01	   1.0793417641398384e+00	   4.8551134803660123e-01	   7.2593926231338801e-01	   3.4343544448897295e-01	   0.0000000000000000e+00	   9.5172408499280201e-02	   1.0076340691384975e+00	   5.6410533574618471e-01	   1.3571563399591065e+00	   3.7849425747705440e-01	   7.7618336661097442e-01	   1.8746263952749503e-01	   9.0240058299376358e-01	   8.2118802356693532e-01	   8.0693812640705631e-01	   2.8445421250388675e-01	   7.5505936084537861e-01	  -1.8809122543203644e-01	   3.6759878261928058e-01	  -2.2804203281325149e-02	   3.1469459397452659e-01	  -3.4662405575786287e-02	   3.3495500217836965e-01	  -5.3664036808341614e-02	   6.4916520902199593e-01	   6.3106531836479696e-01	   6.2931994941959091e-01	   1.2452529957643288e-01	   1.6648393525919972e-01	   6.8507502950817667e-01	   7.3235628244590445e-01	  -4.3101535041947076e-01	   1.0668512550213125e-01	   4.2894344276455304e-01	   6.1323475528862637e-01	   7.2338119957638281e-01	   8.0290522527201480e-01	   2.7059043468251542e-01	   6.2371246398251334e-01	   4.2510398002497640e-01	   4.0926485080133362e-01	   2.7278071910752955e-01	   5.9224368369117719e-01	   2.2539698510239445e-01	   2.7668902854482053e-01	   2.2558678143093136e-01	   4.1560034357697412e-01	   1.4709445304773322e-01	   4.6247753563591198e-01	   6.0776202634422649e-01	   2.7552025751698489e-01	   4.9086066448791821e-01	   3.9369700079008879e-01	   1.3570713231888101e+00	   9.0199589531673574e-01	   9.5177843003584306e-01	   1.2071336055162110e+00	   6.0266483933596182e-01	   1.1637239308021328e+00	   9.9866862076996299e-01	   1.0350660696226235e+00	  -1.3272682034932878e-01	   1.3708288985265931e+00	   5.7386506197707909e-01	   8.3438520680204720e-01	   5.8532601221437519e-01	   4.8254842425160399e-01	   7.6424594071728788e-02	   2.0654330518081720e-01	   3.0210242509379243e-01	   4.8881818738729943e-01	   2.1354512563347100e-01	   6.0383537334399495e-01	   3.3974499009915693e-01	   3.3253246867781083e-01	   4.5060373861171910e-01	   3.4387471109868478e-01	   6.1180580880729252e-01	   6.3219663681936444e-01	   1.6828358752033218e-01	   6.6588655712178590e-01	  -1.3664525248643211e-01	   5.1603460090503783e-01	  -1.2911959712667337e-01	   2.0492084777951769e-01	   7.6664742294353017e-01	   1.3274912107531855e+00	   7.7921426527207194e-01	   2.7414088622474991e-01	   6.5125435010321964e-01	  -2.0806658664971525e-01	   1.6740310340477399e-01	   1.0800343065578089e-01	   3.6901816191347409e-01	   6.5650092051953735e-01	   5.7522040172519739e-01	   4.8094345202654731e-01	   7.7450073941812725e-01	   9.2379289004542189e-02	   5.5176164463571264e-01	   5.5093114110245744e-01	   5.0939646602298161e-01	  -2.4303837046500540e-01	   3.9145574800227145e-01	   9.5923293282421107e-01	  -9.0631273480666921e-02	   7.2189941398453653e-02	   1.0594500739116326e-01	   2.2183108707414706e-01	   3.7439995005609639e-01	   4.7763382746733535e-01	   1.1691837802723783e-01	  -4.2514856037477416e-01	
   1.8208378681622742e-01	   9.0083311023432741e-02	   4.7136413306577246e-01	  -1.0403748643014361e-01	   5.0101488684028284e-01	   2.1629636051971857e-01	   1.0599748389223760e+00	   9.5172408499280201e-02	   0.0000000000000000e+00	   3.3088834926201344e-01	   5.7429581419523801e-01	  -6.3128396821684378e-03	   5.4408114715912625e-01	   1.4974536464867208e-01	   1.0003376217006616e+00	   3.1182363852532400e-02	   9.3945601493767780e-02	   1.2731087304954961e-01	   3.4446441538311334e-01	   1.1395272180331213e-01	  -3.6135309719558978e-01	  -7.8334465598111400e-02	  -1.0999744615747213e-01	  -3.0211340300512901e-01	  -2.4244773734012612e-01	  -5.5210534469551742e-01	   2.3859486784089634e-01	  -1.7636328611493440e-01	  -2.8429773216857756e-02	  -1.0466329104936878e-01	  -3.6355333976974469e-01	  -5.4434577694638331e-01	  -9.2738348433485884e-02	  -8.8179702949516908e-02	  -1.0672817378825486e-01	  -4.2532388587846259e-01	  -3.7095458146743815e-01	  -2.2313578095246972e-01	  -1.6431109879472297e-01	  -4.3398517221508293e-01	  -5.9006457555770941e-01	  -1.1413755805465714e-01	   1.9631030751175924e-01	   2.1632807300589113e-01	   4.2868978695291202e-02	  -4.9039232004955163e-02	   1.2955486460753304e-01	   6.6037875255957723e-02	   6.3034501723677791e-02	   6.1023930544177069e-02	  -8.0385861180615484e-02	  -1.9483239876612402e-01	  -3.5846499610477101e-01	  -1.5255077098981146e-01	   1.4984728281417635e-03	  -9.9560260130326345e-02	  -1.0950438688273365e-01	   2.6904467180652588e-02	   2.0316213773631613e-02	  -5.9672042204713255e-02	   5.8160035175416669e-01	   2.8024700017736981e-01	   1.5078917554338966e-01	   2.7372155110316615e-01	   1.0610345808273405e+00	  -1.9118723938444146e-02	   3.6201674640695729e-02	  -2.1814307726589510e-01	   2.5433561392396858e-01	  -8.9404751949424571e-02	  -3.2112891280803491e-01	  -1.5514618730761848e-01	  -8.1134407145844745e-02	  -2.3234095208817457e-01	  -2.3869544504783846e-01	   2.9194971058822683e-01	  -8.6558050105145015e-02	  -2.2319785712864690e-01	  -1.5899950042490113e-01	  -4.0753818822060882e-02	   1.4508241052056259e-01	   1.2615451489240578e-01	   4.0482581464614137e-01	  -7.0450061558602436e-02	   4.7962169753055517e-01	  -2.9339327318252673e-01	   2.5231534920227505e-01	   4.5381292524837309e-02	   2.2762514403353876e-01	   2.4596622780973718e-01	   2.9831557289106919e-01	   6.1162178869825568e-01	   1.9664552742069552e-01	   7.1551237302054216e-01	   3.6877122595266942e-01	   3.7078127299425601e-01	   1.3485475722520704e-01	   1.9327758545432158e-01	   2.6807328446437040e-01	   1.7597108088006322e-01	   2.5952806247132043e-01	   8.5831774037038344e-01	   2.1843908525748590e-01	   3.4166421707286787e-01	  -5.8866759073948720e-02	   2.6580901871173696e-01	  -2.4493236950163935e-01	   2.5641756522689313e-01	   3.5912384738563208e-01	   3.1497625164757564e-01	   2.3111195119908987e-01	   1.7857712675669057e-01	   1.9435588445959473e-01	   2.5229154692803013e-01	   2.9689093377358460e-02	   3.1322585052404472e-01	
   5.8968418893560171e-01	   7.2689774247364847e-01	   2.1547767407412546e-01	   4.3986531645828303e-01	   5.4797851583726964e-01	   1.0222703356575118e+00	   2.4541979190312130e-01	   1.0076340691384975e+00	   3.3088834926201344e-01	   0.0000000000000000e+00	   6.5801592066950032e-01	   1.2386611693077887e+00	   6.2369660509147529e-01	   8.9824173617689551e-01	   4.4500410436819443e-01	   1.1786453957189538e+00	   1.2606097179158344e+00	   1.5071132828395299e+00	   3.6065625588263778e-01	   9.6847475637459679e-01	  -1.8090762901594348e-01	   4.4443938013978090e-01	  -2.1341521103075639e-01	  -3.2514791352692071e-02	  -3.2021668734861419e-01	  -6.1133772922513242e-02	   5.8869080548750896e-02	   4.5239674424828979e-01	   6.6595805971063116e-01	   6.7540500046223739e-01	  -7.4791820140249668e-02	  -7.2795474348317638e-02	   6.4710719268362982e-01	   7.1087264077323875e-01	  -3.9068791428063004e-01	   1.4257259058942459e-01	   4.8392506242201289e-01	   4.6747140281204991e-01	   4.2120143199880589e-01	   3.1096718283489294e-01	   1.6929266920583630e-01	   5.9450785638295067e-01	   4.8433204810883856e-01	   5.2744492270357046e-01	   3.2399549327859178e-01	   5.0414019516201769e-01	   2.5998834869355059e-01	   3.0950925378154337e-01	   1.9298370447479701e-01	   3.8125180116178975e-01	  -1.2449753881689206e-01	   1.9715365224736309e-01	   2.7914477576393354e-01	   5.3952075756763064e-02	   3.5664614739620504e-01	   2.6385446382877387e-01	   9.0676983653990528e-01	   9.0333174832464269e-01	   7.4852628790041498e-01	   8.1870626175519967e-01	   5.8870536896631631e-01	   9.6185250592501925e-01	   1.1620381235088157e+00	   1.3355176877151271e+00	  -1.5360464199960721e-02	   6.7212706484024098e-01	   1.8540729245718690e-01	   3.1907826719379895e-01	   7.0275641744938733e-01	   4.3221754728000478e-01	   1.9434905862904706e-01	   4.8142957721743029e-01	   4.3387072418129280e-01	   3.5653885050124623e-01	   2.9707956168462724e-01	   4.8727337658977521e-01	   3.5892107971249948e-01	   4.9171921209393538e-01	   5.3754774585324050e-01	   4.5559611105393572e-01	   1.0537756301450403e+00	   7.4885701636097779e-01	   5.5626019513167191e-01	   6.5554502238174239e-01	  -1.2094369296778575e-01	  -1.5299069807313560e-02	   2.1356595148400309e-01	   1.7023077690846641e-01	   8.8262560430499715e-01	   9.7296490177664596e-01	   8.2157908916554356e-01	   3.4604076273776013e-01	   6.3930806659663575e-01	  -3.0951532087607963e-02	   3.2438130072119559e-01	   1.7524360013719631e-01	   5.7495441108057199e-01	   6.9468175205887395e-01	   7.3628667730588859e-01	   4.9272231737088457e-01	   5.9425130379839963e-01	   5.7411498571080161e-02	   7.3984745549337749e-01	   7.7503307079845440e-01	   5.6698576148945945e-01	   1.1525891063795375e-02	   6.1277683494676083e-01	   5.9120632797227268e-01	   2.2262975338429125e-01	   3.1890037383580611e-01	   3.7842100476970159e-01	   5.9050135875828846e-01	   6.0733453958111361e-01	   7.9801030782875182e-01	   2.0744741122732624e-01	  -1.7107633150706494e-01	
   2.3995266838231913e-01	   5.3561418673434302e-01	   1.6277182712170571e-01	   1.6339510493309356e-01	  -5.7869178807435993e-02	   5.2280962307994150e-01	   5.2530494309902787e-01	   5.6410533574618471e-01	   5.7429581419523801e-01	   6.5801592066950032e-01	   0.0000000000000000e+00	   5.9226472276749065e-01	   1.8304285507426552e+00	   1.0835128378359140e+00	   4.3294380521111325e-01	   2.1768503243018025e-01	   4.5124677987949352e-01	   4.4848352179662077e-01	   2.2241960156850903e-03	   2.7990804688434656e-01	  -2.9725202234439563e-01	  -3.6844165488045463e-02	  -7.4971893098316922e-01	  -5.4116358714309354e-01	  -8.3724615551986670e-01	  -6.1133923506987675e-01	  -6.1425754688483318e-02	   2.6144211441330939e-01	   6.0508086203221170e-04	  -2.8981213034383640e-02	  -7.9452787653613477e-01	  -7.6871742027073409e-01	  -3.3349804434142177e-02	   4.5586637258046174e-02	  -8.8261893697351312e-01	  -4.8542420734825931e-01	  -5.3606534541798680e-02	   2.1226530532750497e-02	  -9.8398552708245421e-02	   3.4430309693917652e-02	   1.2030157360539401e-01	   8.2795649553396314e-02	  -2.8487500896231203e-02	  -1.5544245254270775e-02	  -8.6039808890453331e-02	  -5.2919647900144258e-02	  -2.4290276850744563e-01	  -2.1317568904309381e-01	  -1.8715832629939538e-01	  -1.8662325766624862e-03	  -4.2718320991099840e-01	  -2.6113383366376497e-01	  -2.5157636453206472e-01	  -4.7330604476980276e-01	  -1.5472886910436326e-01	  -3.8773020203294822e-01	   2.5874856855795220e-01	   2.4430506424220449e-01	   5.9805634595509760e-01	   6.2765332414592134e-01	   1.7671158817018771e+00	   1.2135544587092539e+00	   8.4294164156230500e-01	   1.2035798254757779e+00	   3.1956560909534145e-04	   5.1390602701301868e-01	   2.1453895486902266e-02	   3.0576968850150651e-02	   1.8164195576109904e-01	  -2.1486973438626228e-01	  -4.2084568449283277e-01	  -2.1665664949979091e-01	  -2.6636479422121251e-01	  -2.1822311486569448e-01	   1.1918907821515566e-01	   2.2083849884276094e-01	  -2.3086372674309050e-01	  -2.7107196915123100e-01	  -3.1209288010879549e-01	  -2.1350157263223318e-01	   1.1471016753765337e-01	   7.6589971601868492e-02	   2.8361518145745340e-01	  -4.6210581209502208e-02	  -1.1751688739196915e-01	  -1.3060417289809903e-01	  -8.6865838102679477e-02	  -1.5357370515186652e-01	   7.0543342456606573e-01	   5.7311799042797151e-01	   1.4851245579280464e-01	   2.5839222766394054e-01	   1.0960910601711711e-01	   1.2209158327937106e-01	   3.4373906472372312e-01	   3.5558545525984842e-01	   3.8769884152416875e-02	   9.8497473495856927e-02	   6.7034302213156330e-02	  -9.2539075513299665e-02	   7.1467990224780853e-01	   5.9804087286165419e-01	   2.6267373559758467e-01	   5.6479267419572521e-01	  -1.7111331275624883e-01	  -2.8667464900376444e-01	   4.6817035597932988e-02	   3.8963175671602179e-01	   1.4923004550079050e-01	   3.2066654056896277e-01	  -1.1119540396955427e-01	  -1.1720218299702254e-01	  -8.3377920940874137e-02	   8.9690164529405147e-02	  -2.7449645710462800e-01	  -2.6704198248903788e-01	
   8.7177557641781189e-01	   1.2852088633534917e+00	   1.9679305445767792e-01	   6.7767289933783248e-01	   2.9241406598071618e-01	   8.1827995670411002e-01	   1.0429443910626869e-01	   1.3571563399591065e+00	  -6.3128396821684378e-03	   1.2386611693077887e+00	   5.9226472276749065e-01	   0.0000000000000000e+00	   5.1109540693729805e-01	   1.0628610615417582e+00	   2.6759413323025683e-01	   1.3640444468960726e+00	   1.1466806906040949e+00	   1.3441523249547978e+00	   3.3591957662074967e-01	   1.0535325774032729e+00	   1.3505788287358612e-02	   3.9632918466234474e-01	  -1.0642029045716876e-01	   2.3013123547257922e-01	  -2.0428634078214400e-01	   1.7166219719428166e-01	  -1.2681757932157178e-02	   7.2581043028908787e-01	   8.3248852587028344e-01	   9.1852125261907636e-01	   8.1824879559572045e-02	   1.5106685641531969e-01	   7.3179304682228796e-01	   8.1147140007807861e-01	  -4.8434828763656573e-01	   2.6666125656011291e-01	   8.2274656236530963e-01	   9.1539652762884327e-01	   5.7822212258202765e-01	   8.3938741016704910e-01	   5.1343037692421545e-01	   7.3342244170034265e-01	   3.7968157065345370e-01	   3.7119819719107905e-01	   3.1463896349018655e-01	   5.3719915107845095e-01	   2.4431066990560424e-01	   2.4781826168696980e-01	   1.6463948113124763e-01	   3.5989030908938174e-01	  -2.1623017740697147e-02	   3.5888846654445894e-01	   5.4087582911418708e-01	   1.5489943590523453e-01	   5.3336040571717303e-01	   3.7281405514413657e-01	   1.3001026663321549e+00	   1.0039281664941855e+00	   8.5319886105401277e-01	   1.0720022562323996e+00	   5.0338631091388708e-01	   1.0492489930508733e+00	   1.3222669823485285e+00	   1.2883210930450717e+00	  -3.1553664551309846e-01	   9.6098906852432997e-01	   2.7140267458152367e-01	   5.3908940221775625e-01	   6.5872507937828129e-01	   5.3819903217989307e-01	   3.2367150418206525e-01	   4.7395120767479099e-01	   4.6473241137487770e-01	   4.9451321853913621e-01	   4.4837212842368090e-01	   4.2586934910379065e-01	   3.9208819610511630e-01	   5.3767091746788542e-01	   5.6626156593864518e-01	   5.0398894098032465e-01	   8.6510789249811804e-01	   7.3983302840697751e-01	   4.1759869928679383e-01	   8.7204946927985638e-01	  -2.2064102664149449e-01	   3.8575817144164221e-01	   2.0748466939479279e-02	   1.8475753642883153e-01	   1.0759598437481308e+00	   1.2479852632218154e+00	   8.3766481984531749e-01	   1.9353422476820509e-01	   7.2192202229049229e-01	  -2.8410227145551170e-01	   1.4884329686228437e-01	   1.4825309212327509e-01	   4.9918989443432593e-01	   7.9303240066085445e-01	   6.4764901247231665e-01	   4.7801035900524458e-01	   7.6246951222540327e-01	  -8.8861416585227865e-02	   7.3304190563865101e-01	   6.7194734025402791e-01	   5.8938501795821063e-01	  -2.0630888159362060e-01	   6.1999626409219233e-01	   6.7673479229145894e-01	   6.0763623838480739e-02	   3.3868297548050841e-01	   2.2347357861111883e-01	   3.8342400370257601e-01	   5.4398990405814918e-01	   6.8375358635044314e-01	   2.0733671364912964e-01	  -3.4626783562149988e-01	
   1.4074293730455473e-01	   4.5976626041613677e-01	  -4.6057581213674745e-02	  -5.2015208784703072e-03	  -1.5639361406027946e-01	   4.5671115998852996e-01	   3.4195754836048647e-01	   3.7849425747705440e-01	   5.4408114715912625e-01	   6.2369660509147529e-01	   1.8304285507426552e+00	   5.1109540693729805e-01	   0.0000000000000000e+00	   1.0229214873988670e+00	   4.3483934662471102e-01	   2.0466239138714587e-01	   4.1307352692032129e-01	   4.2875437695083346e-01	  -9.1950331386566497e-02	   2.0042191827709238e-01	  -2.0057387359128445e-01	  -3.8018008302892212e-03	  -8.4056615501887277e-01	  -6.5834574380515054e-01	  -1.0014726886609322e+00	  -7.5194133029339105e-01	  -9.0381603481720450e-03	   2.6653697893031897e-01	  -1.3622712561022290e-02	  -7.1108431239285327e-02	  -8.1277171083668265e-01	  -8.0148329420120057e-01	  -9.5351405867860770e-02	   1.2982317076105461e-02	  -6.9094709179655311e-01	  -3.5881926549527160e-01	  -1.4811968838596919e-02	  -4.7054294613779052e-02	  -2.5195895258392198e-01	  -3.2671976623155227e-02	   1.8477409305261439e-01	   9.7969179040250723e-02	  -8.5777270242823653e-02	  -6.1702288038254241e-02	  -1.1855425475321084e-01	  -1.2916279040626305e-01	  -2.7754431941927732e-01	  -2.5922154183897494e-01	  -2.3990211220260554e-01	  -6.6641520806026477e-02	  -4.7312785370270316e-01	  -3.1735208504623780e-01	  -3.2730584677299351e-01	  -4.5449204781458702e-01	  -2.4612364606428760e-01	  -4.5583621586984158e-01	   1.9471765681630965e-01	   2.4245897003956574e-01	   4.5619158635330015e-01	   5.1996568991653458e-01	   1.2656989165088302e+00	   1.0091888320995444e+00	   6.5024153517215766e-01	   1.0115679093755059e+00	  -5.9387618720394227e-02	   3.6165088770919157e-01	  -1.8638723093218501e-01	  -1.4099200780493695e-01	   9.0397951891125969e-02	  -2.9284587954045832e-01	  -3.7514229470676230e-01	  -2.2741849192120850e-01	  -2.0959424750410294e-01	  -2.5168140931668986e-01	   2.3647724248522420e-01	   2.3100895117216666e-01	  -3.4159861822124588e-01	  -2.4507011778671667e-01	  -3.2209956199249312e-01	  -2.1664342465949335e-01	   1.2491342783326875e-01	   6.9840405913056555e-02	   3.7721808699769582e-01	  -7.2232370754442221e-02	  -2.3137624503703699e-01	  -2.4253195108231890e-01	  -6.2152697715325535e-02	  -1.4512683666810428e-01	   5.5129473890315084e-01	   4.8428745809908291e-01	   5.9590399337103778e-02	   9.9231959946710163e-02	   6.7034252462316188e-02	   7.6953245214643959e-02	   5.0244851491134301e-01	   5.1699146381568162e-01	   8.4362935512134418e-02	   6.9308726642591315e-02	   1.9745229608471569e-03	  -1.8712145708227323e-01	   5.4533923051862454e-01	   4.2895533852320494e-01	   1.4228242268952809e-01	   4.2817309627244560e-01	  -1.9742340778925860e-01	  -2.1354149867276065e-01	   5.7553074645201791e-02	   2.0123201871245458e-01	   3.0998451007811628e-01	   4.4715000330624644e-01	  -4.0967740828482056e-02	  -6.2052476146544987e-02	  -7.1029501745462298e-02	   8.8882076264233889e-02	  -2.1821533707705310e-01	  -1.5090312726436347e-01	
