   0.0000000000000000e+00	   1.7855866150851234e+00	   7.9986150517642607e-01	   1.3614592481839487e+00	   6.8359236486952102e-01	   3.5005599371211688e-01	   5.1519760908227696e-01	   3.7295729794140703e-01	  -3.8356208616081799e-02	   2.0244639407820297e-01	   4.7476408294640710e-01	   8.1432689945460024e-01	   1.0730257889578958e+00	   3.7226667670362995e-01	   1.0308181945778645e+00	   6.4833410174541872e-01	   7.8721969151149129e-01	   1.1755455083647071e+00	   1.4367598912991042e+00	   1.9122578979208740e+00	   7.2533800644153568e-01	   5.3556485970965295e-01	   1.2155855925074779e+00	   1.0725893626124714e+00	   1.4443014354530270e+00	   1.1582721190164216e+00	   1.1182802699202750e+00	   1.0539324246141319e+00	   5.7968257297394521e-01	   8.6048987966101609e-01	   9.8826915178281238e-01	   1.1461198142645401e+00	   1.0657798035654706e+00	   1.6188951835243057e+00	   1.1761396185408717e+00	   8.4618000218462008e-01	   1.4543317736111208e-01	   8.0220097123293932e-01	   8.1625479035878201e-01	   1.1845545839210154e+00	   6.0749918994377916e-01	   1.2205791321600767e+00	   1.0797210065747520e+00	   1.0953200982482671e+00	   1.1741170174485163e+00	   1.3852747688613347e+00	   9.6579592895192634e-01	   1.2810972051463192e+00	   1.0269027701114444e+00	   1.2821055603720337e+00	   1.4504054273557190e+00	   1.5500215066541554e+00	   1.5179915353546365e+00	   1.4526258063345201e+00	   1.4400577594981245e+00	   1.2987714255618894e+00	   1.4878391233380726e+00	   1.5515502232865417e+00	   8.0147311049299508e-01	   1.2450763452887696e+00	   2.0891858053266404e-01	   3.1845690812123650e-01	   2.0586317017181177e-01	   4.5683575427652418e-01	   4.4383586156700316e-01	   3.7558793110335298e-01	   9.2614550653495065e-01	   1.1494522923121318e+00	   1.8410152302615952e+00	   1.6701549897133248e+00	   3.9256933450935083e-01	  -1.5385707818085911e-01	   1.2624934739624822e+00	   1.1057778690793294e+00	   8.3527207072550713e-01	   8.9554606821135474e-01	   4.9163594994618698e-01	   6.3574663463693448e-01	   4.8385054838773928e-01	   7.5584252128631313e-01	   1.1229195359340456e+00	   1.3478414276942965e+00	   1.2523489911484302e+00	   9.4377292556344183e-01	   1.4388814603906801e+00	   1.3401110835230994e+00	   1.1642893640933472e+00	   1.0578714689238333e+00	   1.1673313789940936e+00	   1.1903474862756975e+00	   1.3443646235984867e+00	   7.5697477394041324e-01	   6.2823297844873405e-01	   3.2828905741370151e-01	   2.8461873068184562e-01	   8.2333488190607718e-01	   9.2657786239153106e-01	   8.8836888926000501e-01	   1.2615105630477597e+00	   9.2698198066077320e-01	   6.7629493420349940e-01	   7.2437452608427544e-01	   1.4609712215801858e+00	   1.0648442182135067e+00	   9.2841681310468674e-02	   1.1213517315232599e-01	   2.2106396248539570e-01	   8.0090883084875975e-01	  -6.0099732839876796e-01	   5.2968939979439765e-02	   7.1306377797193043e-01	   9.5056730214528051e-01	   9.6626963048921011e-01	   1.1778860526864456e+00	   5.3331350716108517e-01	  -5.7621399729370026e-01	
   1.7855866150851234e+00	   0.0000000000000000e+00	   6.3373754843603136e-01	   1.3572939223636431e+00	   6.1220730854413641e-01	   3.8013474291149357e-01	   5.0630331470891043e-01	   5.0682105831217017e-01	  -4.8024691870067332e-02	   2.8565407649544677e-01	   5.7140869696038499e-01	   1.0732252131672917e+00	   9.0651670103544235e-01	   5.5898744464030592e-01	   9.3710693767925368e-01	   7.5308066697192189e-01	   8.0925777538666599e-01	   1.2064070250711882e+00	   1.0840544023880290e+00	   1.7941205831883575e+00	   9.6100563740086975e-01	   5.0476624613722310e-01	   9.6061102588468616e-01	   9.5779969267224963e-01	   1.1668240269212908e+00	   9.1878006145885827e-01	   9.8247724005645520e-01	   8.3582689505423813e-01	   5.9683755920952031e-01	   9.1635864731070527e-01	   7.2996045843654211e-01	   8.2583476069875306e-01	   1.2868794383405249e+00	   2.0158077454806405e+00	   9.7369732118527585e-01	   9.5372507868272449e-01	   1.5958963504369178e-01	   8.1104811796570464e-01	   8.6920489608865759e-01	   1.2922717266966215e+00	   7.4048019692026656e-01	   1.4116674911197646e+00	   8.8800689326939186e-01	   9.6156301307949532e-01	   1.1964989260194643e+00	   1.2533426823328795e+00	   7.6614247512693623e-01	   1.0346010810235660e+00	   8.1157515778247535e-01	   9.9485348293701947e-01	   1.2612743637612216e+00	   1.4458911377419015e+00	   1.2507120102251272e+00	   1.1785690465623639e+00	   1.2803113781440323e+00	   1.1540986185828086e+00	   1.4062859508756771e+00	   1.4631960443025076e+00	   8.5616248680530904e-01	   1.5126883955096211e+00	   3.5020825076581413e-01	   4.9036815947691431e-01	   3.6605485343542760e-01	   5.8758925097685422e-01	   5.1517630479071519e-01	   5.9172307744085173e-01	   9.0418443584642827e-01	   1.2370984797561131e+00	   1.3725130319124208e+00	   1.5388353051424650e+00	   3.1044297352356731e-01	  -7.0075567463043123e-02	   1.0787443026344148e+00	   1.2249489779950795e+00	   6.7302139175648878e-01	   8.2885645137221198e-01	   3.0514805114631660e-01	   6.1939883792843131e-01	   3.8647625616708597e-01	   6.4382538090852448e-01	   1.2391121451029137e+00	   1.3254827400515561e+00	   1.1877994330769512e+00	   9.4286118326818225e-01	   1.3195543306045965e+00	   1.3022854721372945e+00	   1.1215414455799932e+00	   1.0215298818286358e+00	   1.2498135646168338e+00	   1.3300046305992932e+00	   1.1603649788022905e+00	   4.9030254923742000e-01	   6.3522021370923298e-01	   9.5379362079625482e-02	   3.3101336332184800e-01	   8.1837811321582898e-01	   6.7078550879805687e-01	   7.5701911884556794e-01	   1.0852238602693756e+00	   7.3788278351173908e-01	   8.2342043885277882e-01	   6.3253647075005226e-01	   1.3239575325717159e+00	   1.0407071085719528e+00	  -1.0221220477442806e-01	  -1.0793290421886495e-01	   3.0374828331174297e-01	   9.4025561465011787e-01	  -6.6916283199583249e-01	  -1.1307043442548029e-02	   5.5932640338347772e-01	   8.3533260939092835e-01	   8.6470907477267689e-01	   8.7106943769269174e-01	   2.9454717795782809e-01	  -8.3222245401626349e-01	
   7.9986150517642607e-01	   6.3373754843603136e-01	   0.0000000000000000e+00	   9.0403399141907592e-01	   5.9508578959846281e-01	  -9.1964763068595398e-02	   8.4628768644615149e-01	   4.3828611526335994e-03	  -2.2210657754504873e-01	  -2.0482665288235294e-01	  -8.2630235354764894e-02	   3.2193278294016942e-01	   3.0284271778610267e-01	   4.5213417661083943e-02	   4.0955718178449058e-01	   1.4441812749608316e-02	   3.0281431957729127e-01	   4.0390622036337059e-01	   8.5820942547163848e-01	   7.9833497931303310e-01	   5.1321657893848294e-01	   5.3695545028420200e-01	   1.5135129929957418e+00	   1.1582074032219727e+00	   1.2231982880296441e+00	   9.5074557868580956e-01	   9.5292631983114373e-01	   1.0275334185900014e+00	   9.5711245226450997e-02	   2.5061833378652654e-01	   1.5110699118362945e+00	   1.2691721747979534e+00	   8.3564292001830609e-01	   7.4427513619977559e-01	   9.4941710256937506e-01	   5.9967685087687561e-01	   3.5271742174517579e-01	   1.0381573344067720e+00	   5.9263855780011698e-01	   7.3857025540954435e-01	   5.4053554587786723e-01	   4.6689803311460676e-01	   1.0933827112712811e+00	   8.5829220179303878e-01	   8.1102268822068879e-01	   6.4396701158246283e-01	   1.0848896308323084e+00	   1.1029503305278683e+00	   7.9462694287626490e-01	   8.8541980125040243e-01	   1.1401614697986922e+00	   7.7739100570873731e-01	   7.4589942188796021e-01	   9.1774950518588905e-01	   1.0984513600010479e+00	   1.0255879445035043e+00	   6.0157952215240462e-01	   7.2034632596647630e-01	   2.3220246213088619e-01	   5.4905242883268324e-01	  -1.1696192438850715e-01	  -1.1458150672970886e-01	   8.0047846453410634e-02	   4.4720784773096378e-01	   4.7982890845787884e-01	  -9.2523160404133692e-02	   9.4633970610595430e-01	   8.2600911104233776e-01	   8.8749887554704543e-01	   9.1063836094139283e-01	   2.9072212413007942e-01	   4.3247378494680626e-02	   4.5762756665857207e-01	   5.0412649162243284e-01	   3.4454977117345431e-01	   7.3792497390896017e-01	   4.5623777150247563e-01	   6.3344316539101164e-01	   5.6052448175743985e-01	   3.5551296997810761e-01	   5.8860834101371640e-01	   7.1484990599782583e-01	   6.1812167137100960e-01	   4.4374475650564899e-01	   1.0012527744093274e+00	   9.5783155221554206e-01	   2.2721820510251700e-01	   8.5249923078081102e-01	   6.2725299537517698e-01	   6.4470244030657287e-01	   1.1908638662873772e+00	   9.8512613112992653e-01	   5.1126700104845046e-01	   7.1910298587431154e-01	   7.0036594744323388e-01	   5.7177226094645339e-01	   1.0265054466902965e+00	   1.0340704344328029e+00	   1.2877804175264347e+00	   1.2085599067267605e+00	   1.1403209112562505e-01	   5.6868218248916669e-01	   8.0322382515650070e-01	   5.1379110442282672e-01	   5.0180651126931752e-01	   6.3449754082408782e-01	   5.7904183225234129e-01	   8.9726426774423806e-01	   9.1217991505386536e-02	   9.0117723589493201e-02	   7.8176998640071937e-01	   1.1884911417563999e+00	   5.3961625761678589e-01	   7.8000378683072302e-01	   7.4035333417985272e-01	  -3.8651687902813647e-01	
   1.3614592481839487e+00	   1.3572939223636431e+00	   9.0403399141907592e-01	   0.0000000000000000e+00	   5.8184165079100358e-01	   4.3870799464887134e-01	   7.1710054762529363e-01	   6.3344401635554082e-01	  -2.6491733270567242e-02	   3.4430297286662082e-01	   5.1994890482994438e-01	   8.8315427656052092e-01	   7.8182981712157396e-01	   5.1377396581709256e-01	   6.0113089614567028e-01	   6.7532139271890068e-01	   6.9919741337961305e-01	   9.8988041238891533e-01	   9.7212412660077185e-01	   1.2696768712499398e+00	   9.6412922964202985e-01	   5.4054145378165408e-01	   9.7938733694972668e-01	   1.2344400869719743e+00	   1.4604212685040159e+00	   1.3372129556313153e+00	   9.5035316082995513e-01	   1.0165992332631129e+00	   3.7481772329122065e-01	   7.3783848152643394e-01	   9.9778729624864471e-01	   1.1888349292915934e+00	   1.1343973708116133e+00	   1.5239983743697185e+00	   7.7865155390240637e-01	   1.0088118173286258e+00	   8.5169235903956780e-02	   7.9848066332981915e-01	   1.0910251539443612e+00	   1.0672394278488451e+00	   6.4850241528269914e-01	   9.6947835735563670e-01	   7.9619344497368660e-01	   9.0341243224491330e-01	   1.0823275380802346e+00	   9.6154014074731797e-01	   6.8510323698988929e-01	   9.5575468012331743e-01	   6.5908433253924015e-01	   7.5547963580192024e-01	   1.4124594740376792e+00	   1.2729479405608575e+00	   9.6915824443861498e-01	   1.1751648798323540e+00	   1.1994689169909174e+00	   1.0098054700242252e+00	   1.2333725382370591e+00	   1.3477971369707065e+00	   6.6071484834793803e-01	   1.3582862169379157e+00	   3.6061995803367197e-01	   5.2365064662049643e-01	   2.8282255703000214e-01	   5.6002851910308715e-01	   7.5016864632545788e-01	   6.2975293033034685e-01	   1.0684648111886110e+00	   1.4914342058824754e+00	   1.1613019756336729e+00	   1.2920669407037533e+00	   1.9442924373997642e-01	   1.0130372876737412e-01	   8.8636983760188204e-01	   1.0738552942812853e+00	   5.3995937353824530e-01	   9.3135032380351446e-01	   3.5632250963653639e-01	   1.1034829383352096e+00	   6.9793444874145483e-01	   8.8952051706567603e-01	   9.2080857599295574e-01	   1.1137263153075845e+00	   7.6012508676494328e-01	   6.4383020745838604e-01	   1.0776508372446294e+00	   1.3603079791824635e+00	   6.3998760041818625e-01	   1.0279822410602746e+00	   9.8957297837297320e-01	   1.2511571843885283e+00	   1.5074057599183748e+00	   5.3678395405570500e-01	   9.8973984146435756e-01	   1.8588281102675319e-01	   3.3731678735051163e-01	   6.6808796792587144e-01	   8.0393787290500074e-01	   1.1347565093992855e+00	   1.1260061426538277e+00	   7.3162410419138280e-01	   7.0175527314622588e-01	   4.6145617715945625e-01	   1.0304270326940099e+00	   7.8456998476304285e-01	   2.8945541071217065e-02	   1.1307965915443956e-02	   2.1677008972944556e-01	   9.5617620768612577e-01	  -3.2748595190950730e-01	   9.6500722181053655e-02	   7.2960965462359273e-01	   8.3653359255230519e-01	   7.5916432536128975e-01	   8.9942939712471470e-01	   5.5911762038851864e-01	  -1.0227968922722459e+00	
   6.8359236486952102e-01	   6.1220730854413641e-01	   5.9508578959846281e-01	   5.8184165079100358e-01	   0.0000000000000000e+00	   3.9693017766501132e-01	   6.8665972570998957e-01	   3.2791618232868197e-01	   2.7152968489065976e-01	   2.8738490233233083e-01	   1.7299744354925128e-01	   3.0213954138804063e-02	   3.6485997597028907e-01	  -8.0518170540670078e-02	   4.2103414567391051e-01	   4.9504372459096857e-01	   1.5662158332029005e-01	   1.9873593826032590e-01	   1.0214615573881245e+00	   7.2751307550747624e-01	   3.1051752141765643e-01	   4.8167233628304063e-01	   9.1596311291122490e-01	   9.7449115885709836e-01	   7.8950883568574470e-01	   6.7235842979654969e-01	   1.1417864227275156e+00	   7.6450886195455581e-01	  -2.6075340233931159e-03	   7.5399280716220637e-02	   7.6823881148621787e-01	   8.0535845995807864e-01	   4.8178788111306386e-01	   6.2013450650037050e-01	   8.2129152663174576e-01	   9.0996375219653292e-01	   5.1429647490028679e-02	   6.1964305495100414e-01	   3.5307300158667948e-01	   5.2352504381159548e-01	   3.0789321902347433e-03	   3.4709944181112540e-01	   4.6195567631592438e-01	   4.4208377064978782e-01	   3.5680817826988276e-01	   2.8898107057138900e-01	   4.6397066655435082e-01	   4.8916192633188316e-01	   2.2764126459034018e-01	   4.6128806244236914e-01	   4.9923850781253931e-01	   5.6605584499286121e-01	   7.6055186333545444e-01	   8.2042244294934963e-01	   4.8582489370081294e-01	   4.0504102489532412e-01	   4.4074985155539448e-01	   5.0864067276178315e-01	   1.6039945768844877e-01	   4.1113066196106735e-01	  -1.3331913553472236e-02	   5.7349172952551257e-02	  -1.1149302913451695e-01	  -3.5011663381609298e-02	   7.4028585714203299e-01	   2.3943493412640127e-01	   2.3297827707051463e-01	   3.2313541672814594e-01	   8.5240926077215284e-01	   5.0606431547750386e-01	   7.9383654835919493e-01	   3.1739782600358896e-01	   8.3177314260017365e-01	   5.1960184557566813e-01	   9.1791392902913005e-01	   4.9622393675352955e-01	   9.4581391476713894e-01	   6.1942847374735988e-01	   2.6413763145933439e-01	   1.5887799455370180e-01	   3.7525402333486357e-01	   3.7073388114491351e-01	   4.1439068698648585e-01	   2.3228306684303757e-01	   8.6007737730367384e-01	   5.9841624888863143e-01	   4.8266288735626339e-01	   3.3718169839210321e-01	   6.8238056827838389e-01	   5.5597063273024172e-01	   4.9654957126046834e-01	   5.6701333979260560e-01	   6.1458578257753138e-01	   6.0971296556572130e-01	   2.7514833691735441e-01	   2.7100318465910167e-01	   4.3304519535823466e-01	   3.2612392909703636e-01	   4.7540338071457444e-01	   3.6465266427222615e-01	   6.1787974669090784e-01	   1.0900810694046248e+00	   6.4196612590835767e-01	   6.3161310069118981e-01	   9.7672979786848649e-02	   1.4328184803133615e-01	   3.2155254816785550e-01	   3.0908613300629839e-01	  -2.7495937213568911e-01	   1.0534887302824934e-01	   7.3269138914981768e-01	   5.5984853502556720e-01	   6.4343441772224097e-01	   7.4954368972837149e-01	   1.0968966545604672e-01	  -3.4651815973857852e-01	
   3.5005599371211688e-01	   3.8013474291149357e-01	  -9.1964763068595398e-02	   4.3870799464887134e-01	   3.9693017766501132e-01	   0.0000000000000000e+00	   1.8691976934533155e-01	   1.2787255538272271e+00	   1.1213164139057257e+00	   2.0809627644352577e+00	   1.0755573969172583e+00	   2.2057705725686261e-01	   5.7685684418283067e-01	   3.1371868853246343e-01	   2.6756955506014890e-01	   1.3960011722560857e+00	   2.8392603051101839e-01	   4.4724564254511479e-01	   2.4333445206108067e-01	   2.4257183451157177e-01	   1.4278328653442643e-01	  -6.1313450481943990e-02	   9.7636793807514485e-02	   4.3863372487748653e-01	   3.5951594517791946e-01	   5.6576324493780117e-01	   3.8114467693357884e-01	   4.1300355554580925e-01	   7.0481796838630775e-02	   2.6355126323389050e-01	   4.0516515202899131e-02	   1.8267726030357115e-01	   8.7794039818427219e-02	   4.0714864141957535e-01	   1.7457637096140655e-01	   6.4734644057925594e-01	  -6.1630421810482061e-01	  -1.9637276397834574e-01	   4.7298273983536793e-01	   2.3696854140230877e-01	  -1.2001519216404553e-01	   1.6899375141185785e-01	  -2.0107435603367740e-01	  -8.4318197948559090e-02	   3.0514930586194671e-03	   6.6322686791062790e-02	  -3.1547050691734907e-01	  -8.8950027154694036e-02	  -2.3290944918475326e-01	  -1.0309710298489000e-01	   2.1795913230688446e-01	   2.9513572583478165e-01	   3.3125674402852939e-01	   4.1658734510069390e-01	   1.0482943993874401e-01	   2.1586751255884745e-02	   5.1212268738271793e-01	   4.3832451036305531e-01	   4.4431073429322399e-01	   5.1230235993270468e-01	   7.2442099416263150e-01	   1.1738015837132159e+00	   2.5886045072849896e-02	  -6.8104272122117615e-02	   7.1491087039863299e-01	   1.0315007830817471e+00	   2.6804885880413725e-03	   2.1741727715634515e-01	   3.1557705919853818e-01	   2.2729631258295957e-01	  -1.5265514149058879e-01	  -8.6549530541131570e-02	   7.0519087775221212e-01	   3.6210733008466367e-01	   6.0368297777770163e-01	   2.4544676729592818e-01	   1.2507086128286371e-01	   5.9498556624667942e-01	   2.7480725172305781e-01	   5.4824549912283960e-01	   2.1577918047941083e-01	   2.1938589027179467e-01	   3.5337042941366054e-02	  -4.8486905112130760e-02	   1.8971100083128667e-01	   1.7640775090311950e-01	   5.6616570647224007e-01	   1.4437761665188817e-01	   6.0182955418226802e-01	   5.3620508622798213e-01	   2.2569482047854367e-01	  -1.0657252472134693e-01	   1.0308876103622220e+00	  -1.1597441139643513e-01	  -2.5712129100082415e-01	   5.3731181040842235e-02	   4.7493618155325214e-03	   2.8442628067717124e-01	  -2.3383031887591998e-02	  -2.6130030633626034e-01	   1.1423859073046427e+00	   2.1694604365075806e-01	   1.4535006349030985e-01	   4.1910853923208385e-01	  -6.2872793466087118e-01	  -3.8774255797773555e-01	  -1.0387511623990914e-01	   1.2332300184416589e-01	  -6.6673397257115763e-01	  -7.1322516935043581e-03	   4.0586963648679802e-01	   4.0049084448906334e-02	   5.2117470730905358e-01	   4.2730214345268513e-01	  -2.4905169850674000e-03	  -4.6049491020933914e-01	
   5.1519760908227696e-01	   5.0630331470891043e-01	   8.4628768644615149e-01	   7.1710054762529363e-01	   6.8665972570998957e-01	   1.8691976934533155e-01	   0.0000000000000000e+00	   3.9728957410633692e-01	   1.0484627342693006e-01	   1.5746133816470165e-01	   2.8948060389182190e-01	   2.3235981249180485e-01	   3.5442971684391816e-01	   4.7422209212618353e-02	   2.9793423722749734e-01	   2.6881040679311319e-01	   4.1915152989667559e-01	   2.7824914293503211e-01	   6.4830675896840095e-01	   4.6534568835231771e-01	   3.9126752712765694e-01	   3.1002399950031834e-01	   7.6321975137921150e-01	   6.8357286706887777e-01	   6.4243514341882835e-01	   5.1579362796153727e-01	   6.5308116745500855e-01	   4.5560927480544239e-01	   2.0123105181273310e-01	   3.4158568120559962e-01	   7.6620281617576003e-01	   6.1716641837166797e-01	   5.5236311930236881e-01	   4.9805854670780891e-01	   4.9690019602506275e-01	   5.1581271162372966e-01	   1.3632133473198660e-01	   6.0936468973059510e-01	   7.0264675402875287e-01	   6.3236176627503871e-01	   4.1876824347834696e-01	   3.9259253483404455e-01	   4.2808596281156841e-01	   4.0348200284405089e-01	   4.0388288263701100e-01	   2.7938192204889400e-01	   4.1260356182647462e-01	   4.9299500769306875e-01	   2.4677791712872452e-01	   4.4108458918499038e-01	   6.3093714228435216e-01	   6.1305633213541266e-01	   5.3498109156746976e-01	   7.0566282729583962e-01	   6.6031124099956406e-01	   5.7079131868730948e-01	   3.9604741287467776e-01	   4.9005839007449037e-01	   2.8230473104000681e-01	   5.4176736551683968e-01	   1.6282720439357715e-01	   1.7718981341607923e-01	   2.0386389018658618e-01	   3.3416929449441707e-01	   8.5145163045366035e-01	   2.5499387568232446e-01	   4.7225388005593982e-01	   4.9057959536961510e-01	   4.5606025851841803e-01	   5.0100505472799062e-01	   2.0523684384266760e-01	   1.7680367388796242e-01	   5.1564999329545480e-01	   4.4424949033091549e-01	   4.0630026653860923e-01	   3.0319085862293227e-01	   1.2066056196725881e-01	   4.3232889432473731e-01	   6.0341053907590725e-01	   3.7926495179692449e-01	   5.4012115183551046e-01	   4.5406354882364658e-01	   3.9493193631601936e-01	   2.5635362965519271e-01	   7.0063452535372583e-01	   4.9272286568948237e-01	   1.9310983218057326e-01	   3.8100117476875972e-01	   6.4838656275224216e-01	   6.6489789411471989e-01	   6.0492738571871141e-01	   4.1897707375868121e-01	   6.3391453435661493e-01	   2.9078151429549187e-01	   2.1740767652486653e-01	   2.1315633646070525e-01	   2.8909017242953139e-01	   6.1398051796481767e-01	   6.1109995752341029e-01	   4.7539253261757386e-01	   3.6618630626546450e-01	   5.1019173444919352e-01	   4.9045798718213202e-01	   3.2518788848065444e-01	  -5.6093740254008519e-02	   7.8214088455901332e-02	   2.0042523103162577e-01	   5.4842168996247265e-01	   4.4770128291496967e-03	   1.0474432940333188e-01	   3.7424541218583851e-01	   6.6794099083563296e-01	   3.4594797284895873e-01	   4.6257308899366617e-01	   9.2677026270090751e-02	  -6.2590791553083802e-01	
   3.7295729794140703e-01	   5.0682105831217017e-01	   4.3828611526335994e-03	   6.3344401635554082e-01	   3.2791618232868197e-01	   1.2787255538272271e+00	   3.9728957410633692e-01	   0.0000000000000000e+00	   6.5582968378462936e-01	   1.4853031188660959e+00	   9.3142105772074169e-01	   3.5711644528288194e-01	   4.4321146172691600e-01	   3.1565080522387551e-01	   8.4095953507680773e-02	   1.1035511482380667e+00	   3.2040185413443556e-01	   4.6021045327613436e-01	   2.4833477501299694e-01	   3.0284787422675652e-01	   2.5798980477905148e-01	  -3.3035720917636693e-02	   8.1817515482222589e-02	   4.3680284890933685e-01	   3.3416088517275694e-01	   4.7879604824832683e-01	   3.3849622302875992e-01	   2.6392106155781059e-01	   7.2111829801434227e-02	   3.8757336635837297e-01	   6.2066727881030057e-02	   1.8363826258921595e-01	   2.0441352230053647e-01	   5.0821001848355662e-01	   1.4100591065617291e-01	   7.1482595722137887e-01	  -5.6499154378983629e-01	  -7.7024650862833527e-02	   6.0420910123805061e-01	   3.3303373009962567e-01	   4.9487169659245780e-02	   2.9602654251994820e-01	  -1.5929549881839958e-01	  -4.0734792679930444e-02	   8.5547892161500452e-02	   9.4819100432694522e-02	  -2.1562509508572297e-01	  -4.2021996044614068e-02	  -1.9065287031756115e-01	  -3.7811050568650841e-02	   3.3140027457164423e-01	   4.6970861570595607e-01	   3.3259085579867431e-01	   4.1043164634304397e-01	   1.8504221888202108e-01	   9.1663225283353592e-02	   4.3570246009409908e-01	   3.9025863563825991e-01	   3.4571565943416144e-01	   5.9213421252032317e-01	   5.6579914727626635e-01	   1.2849633222914656e+00	   3.1365093979184216e-02	  -7.9759388219693052e-03	   1.0348937769039754e+00	   1.7087718412994000e+00	   5.7631162807148299e-02	   3.1987807645395339e-01	   2.6802456731648616e-01	   2.4463440924016838e-01	  -1.6959088137268422e-01	   1.2888681810917191e-01	   5.2581352204893106e-01	   5.0748145386401999e-01	   4.3501123203757097e-01	   3.0142078435503372e-01	  -6.1285341450444758e-02	   6.4779397562518870e-01	   2.3938326985493208e-01	   6.2225329712364008e-01	   2.4797311189428448e-01	   2.1379564786618491e-01	   3.9673007397436087e-02	  -6.5073967581496181e-02	   1.7483811175013403e-01	   2.0617601597891294e-01	   4.3314246485101787e-01	   1.0039343809445485e-01	   5.2446817645779054e-01	   5.4550921242411876e-01	   2.8707182323471464e-01	  -2.4660141008448636e-01	   1.1785961402084388e+00	  -2.3112117818376504e-01	  -2.5172384609366238e-01	  -6.7332512120199958e-02	  -8.0219662199139910e-02	   2.7666138117686184e-01	   4.5745481475654506e-02	  -2.1821122792400169e-01	   1.3357520275341697e+00	   1.3400922898319412e-01	   1.0979423081413134e-01	   2.2885402653986783e-01	  -8.8146563025281854e-01	  -6.4923936300352003e-01	  -6.7730901033179206e-02	   2.2904459308172165e-01	  -5.4139259977210508e-01	  -1.6189659319507868e-01	   1.9962934221634743e-01	   3.9025784258180658e-02	   4.2527513550699103e-01	   2.0483836736400260e-01	  -1.5343119265938890e-01	  -8.2043486557475620e-01	
  -3.8356208616081799e-02	  -4.8024691870067332e-02	  -2.2210657754504873e-01	  -2.6491733270567242e-02	   2.7152968489065976e-01	   1.1213164139057257e+00	   1.0484627342693006e-01	   6.5582968378462936e-01	   0.0000000000000000e+00	   1.0584791930243376e+00	   5.8284254569171723e-01	  -1.8623241036725194e-01	   1.7342288284590818e-01	  -5.6587288186094820e-02	   2.3935356213534722e-03	   6.5814485513486776e-01	  -8.0117242580817691e-02	  -2.6589725017589824e-02	  -5.9730538774850489e-02	  -1.5515562824739124e-01	  -2.7836432500049696e-01	  -3.4031696582149618e-01	  -7.9067719314267509e-02	   1.9950566677224776e-01	   3.0653441801928440e-02	   2.1249377128103081e-01	   1.1724787576248627e-01	   1.5597095635985894e-01	  -1.9266960960849408e-01	  -1.5048486332461855e-01	  -2.3620989801262376e-01	  -1.4928943906124609e-01	  -3.2770216380407630e-01	  -2.8224105185564917e-02	   8.0095951268108478e-03	   3.3406857518985345e-01	  -7.3293884486829497e-01	  -5.1307034591482481e-01	   7.4672349561090978e-02	  -1.2170303783320213e-01	  -3.9402414791527196e-01	  -2.6085430754119449e-01	  -5.0796366653840952e-01	  -5.0927942988487385e-01	  -4.5264412175306978e-01	  -3.7260552240053091e-01	  -5.8442895267497952e-01	  -4.1050137784184348e-01	  -5.4286187386161378e-01	  -3.4788261532084286e-01	  -1.1202968176461443e-01	  -6.3790854501286923e-02	   5.3413098554702484e-02	   1.0431012765263586e-01	  -1.9835900387060323e-01	  -2.4485415450389458e-01	   7.7076895574681711e-02	   1.8215139893429596e-02	   1.2280768536770113e-01	   5.3536154949192588e-02	   4.0832329997616307e-01	   6.0844834598903397e-01	  -1.5450049706079902e-01	  -3.4046663167664376e-01	   4.7555657141383412e-01	   4.4017973900240082e-01	  -3.7776363172027555e-01	  -2.4162731785846930e-01	  -4.1112284748979155e-02	  -1.3659390405451566e-01	  -2.1356135435001464e-01	  -2.5898456420712002e-01	   2.9100647163729937e-01	  -1.2971198759179081e-01	   3.0464383784609561e-01	  -1.1762717573779002e-01	  -1.4315759565756600e-02	   2.0354916577764801e-01	  -6.0288620986328418e-03	   1.1856144674906878e-01	  -1.1410376009995622e-01	  -1.8983523630320037e-01	  -2.8467732374584553e-01	  -4.1922874976129831e-01	  -1.1250093394959818e-01	  -2.2078089464352843e-01	   2.6445827128665866e-01	  -1.5848653905222357e-01	   3.0489375991727080e-01	   1.4435279345035537e-01	  -1.2025083139219400e-01	  -2.4313949266235824e-01	   5.8200150412164642e-01	  -6.8971707101019115e-03	  -3.9375266600506537e-01	  -2.7570606482468829e-01	  -2.6198351960177285e-01	  -2.2575259357633271e-02	  -3.3306392166091725e-01	  -4.5248816084455901e-01	   6.1292606260392890e-01	   2.3307334735962201e-01	  -1.8640966797422007e-01	   1.8655072530951369e-01	  -6.3004217406081087e-01	  -1.7024372910009705e-01	   4.2206056627999436e-02	  -1.1565420869357167e-01	  -5.2336856405975674e-01	  -1.6246360131748100e-01	   2.3759551428068360e-01	  -9.4015497853112071e-02	   3.7282020828717916e-01	   1.2621539156609307e-01	  -2.2352518327707321e-01	  -7.4826260728677804e-02	
   2.0244639407820297e-01	   2.8565407649544677e-01	  -2.0482665288235294e-01	   3.4430297286662082e-01	   2.8738490233233083e-01	   2.0809627644352577e+00	   1.5746133816470165e-01	   1.4853031188660959e+00	   1.0584791930243376e+00	   0.0000000000000000e+00	   1.0075230436314353e+00	   1.8013815735143146e-01	   4.1416012197883872e-01	   3.1107779554526344e-01	   1.2462968947274458e-01	   1.2484657547094251e+00	   2.1355088588151222e-01	   3.4760833387638018e-01	   9.2038617113701829e-02	   1.1270054324905801e-01	   9.6650135929878880e-02	  -1.8131476761331305e-01	  -4.9848203178554658e-02	   3.0651291058605001e-01	   2.0284975913281403e-01	   3.8914876729196474e-01	   2.4071900317091810e-01	   2.3235026827560290e-01	   7.5679526045786590e-03	   2.2402943454503085e-01	  -8.7244097958593322e-02	   3.4487677260945225e-02	   1.9282006374322480e-02	   3.0050111764715448e-01	   1.4916125490973231e-02	   5.3912878859804581e-01	  -7.1867648298242726e-01	  -3.0030495416076541e-01	   4.0568727993210874e-01	   1.4398889681929475e-01	  -1.5148538680290563e-01	   9.4354470762605461e-02	  -3.5576371315944311e-01	  -2.2385870253280232e-01	  -1.0498844921461706e-01	  -5.8478054626948023e-02	  -4.6785667428420463e-01	  -2.3701742666287298e-01	  -3.8513759372979073e-01	  -2.4087731467371218e-01	   9.7834162934109167e-02	   1.8972698651195780e-01	   1.8811855138568254e-01	   2.6571092494399556e-01	  -1.6341181507230434e-02	  -1.0405539863447841e-01	   3.5907935021882065e-01	   2.9364952017229645e-01	   3.2678994877003098e-01	   4.1671666783154199e-01	   7.1628032825239951e-01	   1.2895168605721161e+00	   3.2469361452323486e-02	  -9.9083232930328544e-02	   7.1933589096219730e-01	   1.2103639678529050e+00	  -1.0391773016985206e-01	   1.2541760532512441e-01	   1.5050846777094090e-01	   9.0909271250138896e-02	  -2.5534052642929617e-01	  -5.6104893971981292e-03	   5.2030308538985515e-01	   3.0756022482236839e-01	   4.5755809070119224e-01	   1.4951087535752319e-01	  -1.9463355205840339e-02	   4.9356803938579918e-01	   2.0265675560614216e-01	   4.9858510785792626e-01	   1.2360436218835834e-01	   1.0095819750499391e-01	  -9.0167103572977927e-02	  -1.5574153564108575e-01	   5.4743049750926476e-02	   5.4773261467094818e-02	   4.2623742460291414e-01	   1.8831310794214500e-02	   4.6994292673796961e-01	   4.2407819002777314e-01	   1.0264860411741693e-01	  -2.9420178973479832e-01	   9.3369406554047329e-01	  -2.6106931779397846e-01	  -3.0542173575153786e-01	  -6.6740995568411676e-02	  -1.4869471283294713e-01	   1.7049221503428333e-01	  -1.5365645432962566e-01	  -4.2634670909384481e-01	   1.0715480892119316e+00	   6.8380064000804680e-02	  -7.7968863683368856e-03	   2.4502809693007327e-01	  -8.4639069543645484e-01	  -5.6651223628270397e-01	  -1.4045333463974116e-01	   7.5850044443694628e-02	  -5.5671795167847193e-01	  -7.7732838110229366e-02	   2.2315588108979362e-01	  -8.5508405273468910e-02	   3.5379793507322954e-01	   2.2778945539319786e-01	  -1.6333009904292911e-01	  -4.8855491022875941e-01	
   4.7476408294640710e-01	   5.7140869696038499e-01	  -8.2630235354764894e-02	   5.1994890482994438e-01	   1.7299744354925128e-01	   1.0755573969172583e+00	   2.8948060389182190e-01	   9.3142105772074169e-01	   5.8284254569171723e-01	   1.0075230436314353e+00	   0.0000000000000000e+00	   6.1526686144459442e-01	   9.9369770994765461e-01	   5.9875788894033122e-01	   5.8539400692066190e-01	   1.3401104253479190e+00	   8.1710398835747655e-01	   7.5681702372775694e-01	   2.7439208333236237e-01	   3.3093653764230824e-01	   4.0561563715268484e-01	  -4.0225217336916634e-02	   1.2528995072894672e-01	   2.7490213018114418e-01	   3.4608641258404771e-01	   4.3200711783414075e-01	   2.6408702682730228e-01	   2.8905122692792234e-01	   5.8615015865590525e-01	   7.6529742663606426e-01	   4.9644875546900814e-02	   1.0406446855395439e-01	   2.9280597694504162e-01	   5.0179865946896030e-01	   1.5785317305112867e-01	   4.5871726379949973e-01	  -2.5036158201729347e-01	  -2.4794554355616654e-02	   7.1711287114819489e-01	   4.7882143407493916e-01	   3.3066132343615251e-01	   5.1433567208081810e-01	  -1.4506384542548340e-02	   1.0451974738783956e-01	   2.6022557881046821e-01	   3.3605950988454564e-01	  -1.5895962763014812e-01	   1.1839845159065497e-01	   5.8684110576787936e-03	   1.0244064469579853e-01	   3.1509811099602109e-01	   4.4548988958161406e-01	   4.2743866935612879e-01	   4.7493460526901754e-01	   3.3419089772265731e-01	   2.8209195534367426e-01	   7.7105636925125964e-01	   6.9138673957111751e-01	   1.0137641198418508e+00	   8.6811646263577402e-01	   1.1750087516873271e+00	   1.2350392405099424e+00	   4.7208843625286800e-01	   3.4027197002636023e-01	   4.1699685565738354e-01	   9.2460553238980836e-01	   2.7370211986627713e-01	   4.5331014690558841e-01	   3.2195552223694240e-01	   4.4418968518794483e-01	  -2.2972117740672474e-01	  -2.8235886076885869e-01	   7.0678337143785974e-01	   4.1762782992067116e-01	   4.0736738819185120e-01	   6.4923630752196496e-02	  -1.1207686174318873e-01	   3.2921449259989954e-01	   5.1155606201260051e-01	   7.2794114054394854e-01	   6.0115632300229416e-01	   5.0913813657679441e-01	   3.3276011501074176e-01	   3.4822532914549897e-01	   3.2536670855054517e-01	   2.8135974548357967e-01	   7.0374183263520806e-01	   3.3445719169082283e-01	   7.8289288411292768e-01	   8.3056383368221731e-01	   3.4485900572046096e-01	  -4.1292446431517436e-02	   6.1540158946105394e-01	  -3.9899758700220411e-01	  -2.8901315683447537e-01	   3.0980998766523998e-01	   4.6337240104777119e-02	   4.2476527164408151e-01	   1.8187341121633538e-01	  -2.7048640055919167e-02	   7.6406031332446456e-01	   1.5461913604667538e-01	   3.3870208588380268e-01	   5.5860124340213357e-01	  -6.1872819231517973e-01	  -4.1341878607778754e-01	  -2.5449652202019440e-01	   3.3838282656405705e-01	  -7.1324406538380980e-01	   1.3591840264382649e-01	   2.5098112354737828e-01	   2.1372087870126352e-01	   4.5193300742206433e-01	   4.6361665367304949e-01	  -4.9650931333579907e-03	  -6.3434813579330052e-01	
   8.1432689945460024e-01	   1.0732252131672917e+00	   3.2193278294016942e-01	   8.8315427656052092e-01	   3.0213954138804063e-02	   2.2057705725686261e-01	   2.3235981249180485e-01	   3.5711644528288194e-01	  -1.8623241036725194e-01	   1.8013815735143146e-01	   6.1526686144459442e-01	   0.0000000000000000e+00	   6.5498913407481041e-01	   1.2566963857370625e+00	   7.5247014560784264e-01	   5.8630883587788041e-01	   8.5843288502657511e-01	   1.1262455737132875e+00	   3.7727875526728749e-01	   8.4323647309258853e-01	   1.2472420008056269e+00	   3.3101432996648306e-01	   4.2626635979212241e-01	   4.4157114020779431e-01	   6.0985775511892759e-01	   5.1592087836810463e-01	   3.2754192420886036e-01	   4.1587068378555703e-01	   8.0429716060840462e-01	   1.0130554209446843e+00	   3.1556215313764441e-01	   3.7134951463953536e-01	   1.0627103046196369e+00	   1.0360208169010596e+00	   3.3011697598004064e-01	   4.2286839354416167e-01	   1.9076701377233818e-01	   5.1142156559931562e-01	   7.5623410489952214e-01	   8.1883800930033479e-01	   1.0663188561393280e+00	   1.0958505462199597e+00	   5.3966841876856775e-01	   6.9694592935518951e-01	   9.9944143132084762e-01	   1.0051758688753898e+00	   4.0113831163163233e-01	   6.3569150435895627e-01	   5.9366634601452750e-01	   5.1301931774456766e-01	   7.5784316328470114e-01	   7.0049330942743326e-01	   5.1496708493499965e-01	   4.9973166983754358e-01	   8.6490781179298282e-01	   8.1838428649225947e-01	   1.0577560865780615e+00	   1.0377808801549833e+00	   9.7489793380066170e-01	   1.3094641328881158e+00	   6.8538806828159893e-01	   6.5878270745215461e-01	   9.1052350762084489e-01	   1.1356860391032733e+00	   1.4183517545626140e-01	   5.7385459116910809e-01	   9.9142955203528416e-01	   1.2132472033282407e+00	   5.7874681907410608e-01	   9.7562756072113854e-01	  -4.7789414431790120e-02	  -1.5254089929463510e-01	   5.5177434709321460e-01	   8.1051083731236995e-01	   1.2030186925354827e-01	   5.2229813597814601e-01	  -1.2681821159279488e-01	   4.1605746811990452e-01	   4.4200821777532084e-01	   6.1351498214710132e-01	   1.1369089181122503e+00	   1.1679072615895150e+00	   8.6232833586702962e-01	   1.0047556575297996e+00	   6.9446264026087556e-01	   9.7290747446291559e-01	   7.0060362779953678e-01	   1.0901596301836041e+00	   7.7292568604375900e-01	   9.9908999151747846e-01	   7.9553916081715759e-01	   1.5497045934243303e-01	   3.2031282104807968e-01	  -4.0077762165001163e-01	   2.4934000617017299e-01	   8.1229356435569511e-01	   3.9808963136674247e-01	   6.3416948661352257e-01	   7.7209096438313130e-01	   5.3424568392233707e-01	   4.2887210983128932e-01	   1.1576320737051271e-01	   9.1488730131531204e-01	   7.7907782044839780e-01	  -1.3956912310995159e-01	  -2.7337989000632645e-01	   1.2921364425928808e-01	   8.3948000827240976e-01	  -4.9524829910603851e-01	   1.2361987641801344e-02	   2.1707646946146425e-01	   5.2215273690592479e-01	   4.5985860155396996e-01	   4.4574321942976847e-01	   2.8268808726785444e-01	  -8.8719284290145262e-01	
   1.0730257889578958e+00	   9.0651670103544235e-01	   3.0284271778610267e-01	   7.8182981712157396e-01	   3.6485997597028907e-01	   5.7685684418283067e-01	   3.5442971684391816e-01	   4.4321146172691600e-01	   1.7342288284590818e-01	   4.1416012197883872e-01	   9.9369770994765461e-01	   6.5498913407481041e-01	   0.0000000000000000e+00	   3.9670732192194069e-01	   1.1697397617924570e+00	   8.1203395475616980e-01	   1.1559845829662316e+00	   1.2237748238234447e+00	   8.7808333787644144e-01	   7.9423762229084915e-01	   4.4598160749176258e-01	   2.5383920116801495e-01	   5.8845434012822351e-01	   4.9781278097857096e-01	   7.5590212614170693e-01	   7.8206453570569490e-01	   6.4080585140861235e-01	   6.6176844479536978e-01	   8.2250248320728847e-01	   1.0889435734783017e+00	   5.5100730571890411e-01	   5.9813216187005147e-01	   5.6255768225086045e-01	   7.8732696895940435e-01	   6.4601398249075614e-01	   4.6850990540399756e-01	   7.5852043303126046e-02	   3.7454138390675928e-01	   8.6726877021750404e-01	   8.7770470352393415e-01	   5.0245163528528503e-01	   9.9372208774833248e-01	   5.8470349800805677e-01	   6.6094485279169701e-01	   7.4217823888643941e-01	   9.6747706789750931e-01	   4.3863685911357442e-01	   7.2970739117514161e-01	   6.5019938058163884e-01	   7.4139895402899381e-01	   7.7683027427496854e-01	   8.9811368641922995e-01	   9.9434095225477326e-01	   1.0102855217950506e+00	   8.2212189386897516e-01	   7.8314429948091557e-01	   1.2721652344604992e+00	   1.1938792041373716e+00	   1.2490142072182824e+00	   1.0621462211816843e+00	   5.2935657681041959e-01	   4.9819436778671766e-01	   2.7343409440075767e-01	   3.8189746347934816e-01	   2.8723508301884859e-01	   4.0032468767752649e-01	   6.5372497782998740e-01	   7.7800240035619095e-01	   9.0439082657606384e-01	   9.6952851636514081e-01	   8.9791022080528082e-02	  -4.2809658893013058e-01	   1.1650661889535656e+00	   6.4625799603175504e-01	   7.7014529142626997e-01	   3.4695664055137393e-01	   2.3311870052954931e-01	   3.2359773121023905e-01	   6.3092105502961560e-01	   8.4203782413161332e-01	   9.3052643466189644e-01	   9.9392194545055379e-01	   8.9577524143362086e-01	   8.2039598297475846e-01	   7.9217765586344713e-01	   6.4592631684613311e-01	   9.9076118119023482e-01	   6.3909780024419849e-01	   9.4490878280082058e-01	   1.0169957848338553e+00	   7.7853242938478329e-01	   5.6704921159605093e-01	   5.0547102569759195e-01	   9.1606167313092887e-02	  -5.6441642055066243e-02	   7.0866299589974813e-01	   5.7175212888015015e-01	   7.7524595362170057e-01	   6.8752397057485726e-01	   5.0351777591269353e-01	   5.5538032994060138e-01	   4.2730348589111594e-01	   8.1658051910258411e-01	   8.2400682641551892e-01	  -6.1737774358153683e-02	   2.8554548716968844e-02	  -2.2013372711791504e-01	   4.7495663184980419e-01	  -5.8993232981688370e-01	   3.3641842671695293e-01	   5.3159358413076574e-01	   5.8594808748861560e-01	   6.1323551882557314e-01	   1.0412237960681208e+00	   4.3293539450542817e-01	  -3.6858323031508955e-01	
