   0.0000000000000000e+00	   1.4097873547707174e+00	   7.8268770565387691e-01	   3.9552850982718690e-01	   1.2933722299557195e+00	   6.7491003861152243e-01	   8.8467853951660691e-01	   6.8200514677343660e-01	   8.4995797522903949e-01	   5.2129644487714377e-01	   9.2926757826783313e-01	   7.2801932233816602e-01	   1.0958337945573091e+00	   7.9173523477730956e-01	   7.5674444881263514e-01	   6.2838164167475929e-01	   4.3003193847373222e-01	   7.2312748430430296e-01	   4.8392268321956244e-01	   3.7917791092870956e-01	   8.5063451574103777e-02	  -4.5206623312010979e-01	   6.2032811706360824e-01	   1.8395836779591776e-01	   3.3747024137539348e-02	  -3.5887204435450049e-01	   3.0062875135012673e-01	   3.8734988348863097e-01	   3.9094347252708789e-01	  -1.9117464519396894e-02	  -5.3306246378389086e-02	  -2.6910952095000196e-01	   5.0293276688040633e-01	   4.9716720450594981e-01	   2.6495031260990048e-01	   3.8664650003727141e-01	  -4.1772050714655798e-02	   4.9274543515978103e-03	   1.2118653979977378e-01	   7.1374601852996558e-02	   3.4994067739746820e-01	   1.4917402024017579e-01	  -1.7197355285265284e-01	   5.5514456132995238e-01	   9.8606771373797175e-01	   1.0992607016235740e+00	   4.0553962931155496e-01	   2.8977569272772546e-01	   7.9040965435722366e-01	   9.6287841575589062e-01	   1.2353171467637685e+00	   1.0971963904614226e+00	   4.3794545299900972e-01	   5.0034536790115192e-01	   4.4747409309026881e-01	   7.2174404797319913e-01	   1.3566286743239215e+00	   1.4330321417551990e+00	   1.2825776557500737e+00	   1.2274118751496470e+00	   1.2338294822849758e+00	   9.2534597863357226e-01	   9.9850153986678281e-01	   8.9608805831801686e-01	   8.5369037139512782e-01	   7.1831957536991731e-01	   1.2941956252329299e+00	   1.2253438748428778e+00	   8.5057764793154655e-01	   1.7786889021077315e+00	   1.3256442100241286e-01	   4.0134640908307767e-01	   1.6726813778564320e+00	   5.3565287742936118e-01	   8.7340352795843823e-01	   4.0774994133859505e-01	   5.4272436614850439e-01	   3.7506701027698947e-01	   3.5419160811521289e-01	   5.7340831001177317e-01	   8.7073878952305639e-01	   9.9112659331216535e-01	   3.8015342679147163e-01	   4.7703338542475565e-01	   1.0284854746412710e+00	   7.4542180357970766e-01	   2.2523914383595073e-01	   8.6214783583510934e-01	   1.0139788596337345e+00	   1.0432269008821871e+00	   8.6135701416226451e-01	   6.7438013003525310e-01	   4.8450254729109471e-01	   6.3895699718047883e-01	   2.3370691329235860e-01	   4.6098370514514091e-02	   1.7925829564311602e-02	   4.7709425712986475e-01	   1.1013512346643284e+00	   1.2607731486848783e+00	   5.2192687343099586e-01	   7.5840898161445469e-01	   5.6450850314812528e-01	   4.7993159060746987e-01	  -3.0527602734833192e-01	  -8.8540307633448237e-02	  -4.0225895597181754e-01	   4.5625642915399989e-01	   4.3061755089068254e-01	  -7.3428408082742214e-01	   2.0728471167550722e-01	  -2.0989388482309180e-02	   9.1974482332928997e-01	   7.6324491920971138e-01	   7.7741294527648297e-01	   3.0728198638893961e-01	
   1.4097873547707174e+00	   0.0000000000000000e+00	   5.0482371760804401e-01	   5.2417934576180947e-01	   8.3113743167343379e-01	   6.9062748364070203e-01	   6.2049049602722506e-01	   7.2630223811447614e-01	   5.3195728182294766e-01	   5.4432879818925350e-01	   7.8191695210740364e-01	   9.1068403713891510e-01	   9.2580406223839140e-01	   1.0951041898967346e+00	   6.8563476912447197e-01	   8.3050061007941389e-01	   6.8829585918777214e-01	   1.1792881709521295e+00	   3.0044838493309062e-01	   3.8114437851153571e-01	   2.4354230202405583e-01	  -2.6101532989729959e-01	   4.5303059644732879e-01	   2.9830669059532716e-01	  -3.2093671672793374e-02	  -1.5618423075356286e-01	   2.9050040966476282e-01	   4.9450291221760700e-01	   6.0329390145622441e-01	   3.0839863614642282e-01	   1.9373223566345996e-02	  -1.2466243375425465e-01	   6.2642383720023020e-01	   7.2275565456476143e-01	   2.4771641639001113e-01	   3.1356273279537306e-01	  -9.4868333042642500e-02	  -2.1868778073696717e-02	   9.1866188106371385e-02	   1.0458830848710535e-01	   3.0056135129068046e-01	   2.2963162763657724e-01	  -1.3032350835265963e-01	   5.7339190171796794e-01	   9.3512764033696805e-01	   9.9497450324996872e-01	   5.4097489403652221e-01	   2.8139193794037654e-01	   5.0232404862985858e-01	   8.0494691404870677e-01	   7.5608754913937881e-01	   8.4388467351557495e-01	   1.8057355593147845e-01	   2.3224796532479083e-01	   3.2087081607608053e-01	   5.9380571779573654e-01	   1.4587212787941328e+00	   1.6573656141269728e+00	   9.7849427227074248e-01	   1.0762499001327896e+00	   1.0326400950957486e+00	   9.0534159487878663e-01	   1.0013008598117470e+00	   9.8037917771520944e-01	   7.9526013032846854e-01	   7.2469173514764518e-01	   1.0004536658864851e+00	   1.0443881948183624e+00	   8.0715202534089014e-01	   1.6249932484472189e+00	   1.1686135259913201e-01	   3.4727179543364017e-01	   1.3960247940849868e+00	   7.1073426151812447e-01	   1.0452182517669604e+00	   6.8663893953734378e-01	   3.7498996219222841e-01	   3.2543573829043226e-01	   6.7897586667159182e-01	   7.4174906393928441e-01	   1.2024860620804421e+00	   1.4108713241738560e+00	   4.1523522892095038e-01	   6.4525852426364316e-01	   9.6751240285432660e-01	   8.9811317792604006e-01	   1.3239902935295655e-01	   7.7459929936629024e-01	   9.4015568275979777e-01	   9.5747866712661100e-01	   5.4205374886999336e-01	   2.3138422016132842e-01	   2.7231044330660525e-01	   2.5578322414431237e-01	   7.5898380058407822e-02	  -1.2954752234007477e-01	   8.5379052686543194e-02	   3.6876236442442334e-01	   9.7461006249499738e-01	   6.8722303265367812e-01	   5.8582347161232762e-01	   3.6448095764159139e-01	   3.8869452475028210e-01	   2.4614333235179034e-01	  -2.4368560095989891e-01	  -7.1759915399166371e-03	  -2.0849771060082922e-01	   4.2483137151640171e-01	   3.7481525583459679e-01	  -7.5632687717364844e-01	   2.4157762311275177e-01	  -3.3982386769012524e-02	   5.5419063561688764e-01	   4.4241280986765119e-01	   6.5969399803362627e-01	   3.1648775784191296e-01	
   7.8268770565387691e-01	   5.0482371760804401e-01	   0.0000000000000000e+00	   3.1174524137437393e-01	   1.1667386491429022e+00	   2.7123986958819313e-01	   1.8747921835579211e+00	   4.3957400851674444e-01	   1.4200765332116396e+00	   1.7021101785091813e-01	   1.0715878546473738e+00	   4.6545906054979774e-01	   1.1481066123899446e+00	   3.6080312989527663e-01	   1.0461025778807946e+00	   1.7922425735288564e-01	  -7.5514813881834605e-02	   7.4503116155118121e-02	   6.2494293347345620e-01	   3.3166324118750695e-01	   8.8151402533573776e-03	  -9.0597035047261065e-01	   1.0111901866503525e+00	   1.7093105608228132e-01	   3.1092061195897075e-01	  -6.2271623840572510e-01	   2.7552306914322910e-01	  -7.5438223054705489e-02	   2.8352151077761106e-01	  -2.6704896928912791e-01	  -8.3416690254694947e-02	  -5.1089932835700314e-01	   4.8922806286570186e-01	   3.9736479811602488e-01	   1.8253189446886287e-01	   1.9173918095491557e-01	   6.3497349624463857e-03	  -7.8612752809306408e-02	   9.1091599097817208e-02	   9.0931316378334404e-02	   3.5149619913521440e-01	   1.0985186304346893e-01	  -2.4482694543238337e-01	   6.7579416666114167e-01	   2.6997493697783287e-01	   4.3652175420462758e-01	   2.3500263533668586e-01	   1.3810186785696243e-01	   1.7556223383060982e-01	   3.7105075374625079e-01	   1.2140462111299681e+00	   9.6664540368508745e-01	   4.6255800275838072e-01	   4.2067141969731181e-01	   3.8064645203385455e-01	   7.9434842190943800e-01	   4.5748633002883970e-01	   6.1174895161814058e-01	   1.3793082778102677e+00	   1.0526144463692981e+00	   1.2617940615688310e+00	   7.7575427831014954e-01	   9.6194461772647233e-01	   6.8599773742991865e-01	   8.4170163767694284e-01	   4.4775792320943358e-01	   1.2956445739872728e+00	   7.2467175496999836e-01	   7.0285585789521954e-01	   8.1149884729632960e-01	  -3.5274641846742866e-01	  -2.3360678415781860e-01	   8.4648618438295919e-01	  -1.3783354157611494e-01	   4.8184587415483027e-01	  -1.6004560582202765e-01	   4.6356651122452175e-01	   2.7430437873941460e-01	  -1.4151617239081493e-01	   1.5320175848362724e-01	   3.5528204649374506e-01	   4.1020571341612877e-01	   3.4983565402629341e-01	   4.2959704996329812e-01	   1.0048004544196489e+00	   6.5436878700430445e-01	   4.7153804320929088e-01	   5.7320147017191048e-01	   8.5861636665329011e-01	   1.0558787761546367e+00	   5.2130847866509478e-01	   5.9789580065244718e-01	   2.9336127569664322e-01	   6.0729947688799912e-01	   6.7884079539440811e-01	   4.9095235047448449e-01	   5.5795846670598992e-01	   1.0120623347385536e+00	   6.2321557875301847e-01	   9.6179668559919873e-01	   4.4147334880399419e-01	   6.4540162559129455e-01	   4.4723993674567519e-01	   3.4034846348717734e-01	  -1.8192742576496096e-01	   2.1602694949135937e-01	   6.8937857037661435e-02	   5.8639107747240304e-01	   3.5521359795560220e-01	  -1.4316161195835195e-01	   2.4808677302893500e-02	  -1.4376840920317849e-01	   9.3712024826189355e-01	   9.1099372317919647e-01	   8.8281753930257278e-01	   1.1101033092304542e+00	
   3.9552850982718690e-01	   5.2417934576180947e-01	   3.1174524137437393e-01	   0.0000000000000000e+00	   2.0257495453310920e-01	   6.6968314169284704e-01	   4.7810520605713536e-01	   1.2476590308976974e+00	   6.0258825704845020e-01	   1.1100175798393208e+00	   6.6951489732145042e-01	   1.1381770553327706e+00	   5.7397646184155482e-01	   9.9909161973394955e-01	   3.1220286829794175e-01	   7.2644613468057029e-01	   6.7638015980118349e-01	   5.3882561689675879e-01	   2.1394810494367666e-01	   3.4049485790910200e-01	  -1.1159204944666679e-02	  -2.3044148906804590e-01	   2.6512761322658746e-01	   7.2607803436856511e-01	  -6.7924453051479941e-02	   1.1863574477056198e-01	  -1.3997297874288125e-01	  -3.7216958341377566e-02	   6.6842492537589993e-01	   5.5057232707731185e-01	   3.5241360625408719e-01	   3.2917493177888379e-01	   6.2042904957762912e-01	   8.8722155842371342e-01	   4.7599992283113146e-01	   6.0973371524829822e-01	  -2.5834121869076787e-01	   9.3525525896647772e-03	  -9.0768672145031634e-02	  -9.0446944763851428e-02	   1.2189540711876192e-02	   3.1306737912669935e-01	   7.5494848603052153e-02	   7.9900497937381010e-01	   8.1232012846365409e-01	   8.9425662062970979e-01	   5.5434403280898015e-01	   5.7689698105393039e-01	   5.6250297224119110e-02	   6.7494415084747272e-01	   4.0091856927900504e-01	   8.5517021968191953e-01	  -1.4016768525847045e-01	  -9.5491967504068659e-02	   2.9742924914225582e-01	   3.9419249175495202e-01	   3.3453583146448568e-01	   2.8738946165228235e-01	   3.0940517117803007e-01	   3.0846237052764208e-01	   7.0416419942273434e-01	   7.8138498764619924e-01	   7.9301082379745669e-01	   8.7587760430634409e-01	   1.0297248613027006e+00	   1.4847732722564038e+00	   6.8042144254398318e-01	   7.7160190269286244e-01	   9.6367172723121231e-02	   3.5529545600763723e-01	   1.8932169804957424e-01	   5.3042282613383236e-02	   4.8284443738323946e-01	   1.4010262063275095e-01	   9.0670697059436522e-01	   4.6090547792906211e-01	   7.3186746691065924e-02	  -4.6546612620434052e-02	   5.5537563072355045e-01	   4.9398269648265547e-01	   7.4610903784028992e-01	   7.1902416908500011e-01	   1.9475804449501777e-01	   5.1317454674407914e-01	   4.8485753000788073e-01	   4.4472662404375257e-01	   2.8559176912372673e-02	   1.5349546473441503e-01	   4.5644897931536299e-01	   4.9569014885722307e-01	   4.5911659222265411e-01	  -9.0323591371801418e-02	   3.9816694340310910e-01	  -9.8066165509443443e-02	  -1.9513323846269298e-01	  -4.1545189264098858e-01	   2.6815242230827874e-01	   3.1557049255821107e-01	   8.5464827890725270e-01	   2.2192922249829095e-01	   6.1010352403427826e-01	   3.7117855432352652e-02	   1.1678547357558719e-01	   2.8740547587075910e-02	  -4.7998597869434301e-01	  -2.0694574715327341e-01	  -1.2300764926961630e-01	  -2.2702597339683517e-01	  -3.4909631131328400e-01	  -4.2239188261173882e-01	   6.8220019339809868e-01	   5.0177446851288177e-01	   2.6800144885199773e-01	   2.7922169575256606e-01	   2.7136957563204417e-01	   1.8117105274312303e-01	
   1.2933722299557195e+00	   8.3113743167343379e-01	   1.1667386491429022e+00	   2.0257495453310920e-01	   0.0000000000000000e+00	   6.0566350599030017e-01	   1.0845898400691345e+00	   4.8355449889179758e-01	   1.0147050698651146e+00	   2.9314486937360157e-01	   7.8479454371499946e-01	   4.0332196235105189e-01	   8.8132564671135860e-01	   4.5305527008570712e-01	   7.8328101813699069e-01	   3.0785189228366039e-01	   2.7282524099904032e-02	   3.2096483566173156e-01	   7.3062248701527299e-01	   5.0340930627023783e-01	   2.7179396899022962e-01	  -5.5249642612917937e-01	   6.8540001742722001e-01	   3.7812624144608342e-02	   1.8268038230890249e-01	  -3.2893493702582044e-01	   3.4767844816268745e-01	   2.6808927424030254e-01	   2.4010645129104791e-01	  -1.6924927091814504e-01	  -4.0949802239336704e-02	  -4.3081135086060701e-01	   5.3488418886842304e-01	   4.6789345371303565e-01	   1.3403365139441578e-01	   2.5563216880987594e-01	  -9.4936422529179419e-03	  -5.0965699779492446e-02	   1.1523586798792504e-01	   9.7479577487464664e-02	   3.7244946878701696e-01	   8.8708585394344577e-02	  -2.7983909793187423e-01	   4.8185722381022894e-01	   5.2933337228048905e-01	   6.5583897231676302e-01	   2.8171791201098861e-01	   1.4611698461419836e-01	   4.7772682270720584e-01	   4.8813280653361946e-01	   1.2275418818116477e+00	   8.9429398542731864e-01	   4.3850394920073521e-01	   3.9553626117413054e-01	   3.7465388246728720e-01	   6.5786911005353632e-01	   9.3504329125501928e-01	   8.8639861890246707e-01	   1.4901868435846697e+00	   1.0932918363587778e+00	   1.0750400955464314e+00	   6.9416039960156850e-01	   7.8616041115735436e-01	   6.4356789569314166e-01	   6.6954729097201426e-01	   4.9849543676752428e-01	   1.2847893371771175e+00	   1.0453644730539566e+00	   1.1033274294136370e+00	   1.2980569927606547e+00	  -3.9112884789704684e-02	   1.8485414673202480e-01	   1.1706550777525329e+00	   2.1702188817755788e-01	   5.6692481697126218e-01	   1.2829240598734690e-01	   4.3074755257546027e-01	   3.3883955798285059e-01	   6.5164952150611993e-02	   4.5988860679818150e-01	   5.1778902953065242e-01	   5.6963195645258924e-01	   4.3447190541499270e-01	   4.3373774992615743e-01	   8.3294803006093676e-01	   6.2017747072227325e-01	   3.4574846849207369e-01	   8.0214670330541615e-01	   8.5130787040310552e-01	   9.1889860092368569e-01	   7.9704862525440778e-01	   8.3444704172654927e-01	   5.3787528360748171e-01	   9.2452049665315750e-01	   4.9695244016233769e-01	   4.9382106821935545e-01	   3.5487878640133202e-01	   9.4647420182927022e-01	   9.2171775089010621e-01	   1.3538614994847225e+00	   6.4882685939917806e-01	   1.0009925866479534e+00	   8.1292510712643418e-01	   6.4853375307016592e-01	  -1.7947475861816439e-02	   2.1976068885904490e-01	  -1.4309302579244429e-01	   8.2089008082648107e-01	   5.9427700151842833e-01	  -3.8064748275085619e-01	   6.3612309805002432e-02	  -5.6197996020484198e-02	   1.2267830745506592e+00	   1.0954074457337701e+00	   7.6748450225981146e-01	   6.1886313642356705e-01	
   6.7491003861152243e-01	   6.9062748364070203e-01	   2.7123986958819313e-01	   6.6968314169284704e-01	   6.0566350599030017e-01	   0.0000000000000000e+00	   4.6106224554092151e-01	   1.2799680870107206e+00	   5.0883799362675330e-01	   1.3102416489806858e+00	   5.6509168472438487e-01	   6.9725255957043175e-01	   4.7369724171306449e-01	   7.0007083940150017e-01	   8.4620839094574213e-02	   3.9335233216593379e-01	   4.0298979124599188e-01	   5.5997785581411630e-01	   7.9375520970220925e-01	   6.5488494730392377e-01	   1.6999969769010737e-01	  -2.3477984914030370e-01	  -9.5155918499328182e-02	  -2.9201975194713781e-02	  -4.9314686237373534e-01	   1.3432389992871385e-01	  -3.1249331260255886e-01	   1.4244854663431789e-01	   5.9930965867503883e-01	   5.0053287489331511e-01	   2.2275135524364931e-01	   5.2558609491458533e-02	   4.2759120782717375e-01	   5.0138417737820240e-01	  -1.1694974658925966e-02	   2.7874403388102370e-01	  -5.4664620978866962e-01	  -2.7018441055061693e-01	  -3.5003672272320929e-01	  -3.0273198946557173e-01	  -1.9124710818335838e-01	  -1.2830499827796174e-01	  -2.2194309727398726e-01	   3.2227472467645757e-01	   8.9973402529962099e-01	   8.2550072121875939e-01	   2.6731164343952774e-01	   1.1322620781993938e-01	   2.4019763211639503e-01	   6.6614516948597402e-01	   5.0478151047401743e-01	   7.4628595190215685e-01	  -1.7848960995287688e-01	  -1.3675131033087173e-01	  -5.8221768230990886e-02	   9.0217328763517318e-02	   4.9160446859667922e-01	   3.8787344633187354e-01	   3.9233929056534406e-01	   4.0982445229586129e-01	   5.7737230845809950e-01	   7.9778245954532412e-01	   5.6902206636634978e-01	   7.7445622618890719e-01	   4.4658427214525070e-01	   1.1604416859408617e+00	   5.8017675541871061e-01	   7.6792282354592423e-01	   3.5884707951411371e-01	   6.9934547170550432e-01	   4.7938081236845687e-01	   6.0647380338641621e-01	   5.7598512262052659e-01	   3.8565110858290169e-01	   4.8816084305238294e-01	   3.6687053084303206e-01	  -1.0878539801163034e-01	  -2.6200807456898967e-01	   5.5473599631702519e-01	   9.3836274988966639e-01	   7.5618238411226268e-01	   5.4156093906168568e-01	   1.0851854249229792e-01	   1.7088168263573864e-01	   2.2787066431596720e-01	   7.9328879522002516e-02	  -2.8805378804542819e-01	   1.3513708522599907e-01	   2.7207969736213145e-01	   2.9327890218389729e-01	   6.8587703957929191e-01	   3.1676900020502979e-01	   8.2238748973341180e-01	   3.4416216964902474e-01	  -1.5093634094859282e-01	  -8.3853029688908454e-02	   2.6799628513097873e-01	   3.9559484760662822e-01	   1.3716969268600385e+00	   5.1044523412267362e-01	   1.3635847869771609e+00	   6.5843987599976939e-01	   1.0425535521094595e+00	   6.6586273816653774e-01	   1.0449465036406327e-01	   1.5346704455979504e-01	  -1.1025234121407766e-01	   2.8189823534393710e-01	   2.3984916784638638e-01	  -3.3993384422171280e-01	   1.8963190509767322e-01	   5.4393661705235008e-01	   7.6404021138678369e-01	   3.6706560565061641e-01	   5.4208431566345736e-02	   1.2436683531627833e-01	
   8.8467853951660691e-01	   6.2049049602722506e-01	   1.8747921835579211e+00	   4.7810520605713536e-01	   1.0845898400691345e+00	   4.6106224554092151e-01	   0.0000000000000000e+00	   7.2781344600416720e-01	   1.5152156378772295e+00	   3.7563592699007126e-01	   1.4340032741851985e+00	   7.3713336662110962e-01	   1.5763418435734611e+00	   5.7405108407989447e-01	   8.8256892182100843e-01	   2.1842198546634067e-01	   1.2207143422113401e-01	   2.5453300918641192e-01	   6.9652240636828544e-01	   3.1607456488136931e-01	  -1.1534001620203638e-01	  -9.6166140163079772e-01	   7.8093993182378674e-01	   1.4272882849100188e-01	   8.0026901226585512e-02	  -5.8176776946341457e-01	   7.7570805667089834e-02	  -1.2293490797080653e-01	   5.2224369060391185e-01	  -8.5286611597540335e-02	  -2.8460593784888650e-02	  -4.1858198852465561e-01	   4.6547320579081147e-01	   4.3721090219414499e-01	   1.1917962203182501e-01	   2.0447850625529596e-01	  -2.1277891374112753e-01	  -2.3011410374775834e-01	  -8.0452878575898668e-02	  -6.9981257451909223e-02	   1.7688051796662885e-01	  -2.7683263319927355e-02	  -3.2254053940810351e-01	   7.7526595287307487e-01	   4.6683052325478519e-01	   6.4150201036169086e-01	   2.0261357455851420e-01	   9.0298676796658109e-02	   2.2069594402855841e-01	   5.9589126402644832e-01	   1.3205366829244196e+00	   1.3224610799433276e+00	   3.3766265489242470e-01	   3.3615629219328402e-01	   2.4373962361158899e-01	   6.5432304728008461e-01	   4.4842948310224834e-01	   6.9263999455003811e-01	   1.2893536759209825e+00	   1.1763619257973870e+00	   1.6565956388934369e+00	   1.1764982343315915e+00	   1.3351707485746513e+00	   1.0294643997926802e+00	   9.6410222320822336e-01	   6.7528020914098608e-01	   1.3361948067089220e+00	   8.0761029289521746e-01	   5.7327354642587558e-01	   9.3807235184294024e-01	  -2.5682959227514757e-01	  -1.4891328892620895e-01	   9.4119408681975902e-01	  -3.5010609253759394e-02	   5.9887724700627443e-01	  -8.2374453228116942e-02	   3.2925562518596241e-01	   8.1033802943366914e-02	   4.8503287273485123e-02	   3.3678019955977895e-01	   6.0221500639581371e-01	   5.8657863063195770e-01	   2.4044882449502633e-01	   3.5035293091193020e-01	   1.0267674757074610e+00	   6.0094268493340319e-01	   2.6261983167994130e-01	   4.4975753202328816e-01	   8.0219093586703960e-01	   9.9338073683305694e-01	   5.1872580643690580e-01	   5.1494644532633171e-01	   3.1879883816411564e-01	   4.8064582203543982e-01	   4.7000399196164100e-01	   2.8435281557066688e-01	   5.0536712238178683e-01	   8.1983242138663659e-01	   8.2992219337307771e-01	   9.6831780668944378e-01	   5.9437860712387336e-01	   6.3788415623648742e-01	   5.5245978751050218e-01	   3.2490850255271497e-01	  -2.6245997205540361e-01	   1.1406976409585048e-01	   2.7545417203863934e-03	   4.6914574875370785e-01	   2.5818747634332234e-01	  -2.0025580313297398e-01	   6.1290241283819121e-03	  -5.9051200038201593e-02	   9.4924254265132224e-01	   6.9173250673952402e-01	   7.3693285681743881e-01	   9.6280012155593875e-01	
   6.8200514677343660e-01	   7.2630223811447614e-01	   4.3957400851674444e-01	   1.2476590308976974e+00	   4.8355449889179758e-01	   1.2799680870107206e+00	   7.2781344600416720e-01	   0.0000000000000000e+00	   7.3207474759734870e-01	   1.4004857023839263e+00	   9.2224367298850096e-01	   1.3133757801832493e+00	   8.0953045966314707e-01	   1.0855122907601555e+00	   2.2744947343664867e-01	   4.6224831853794940e-01	   5.9750395015351943e-01	   6.6537856793057426e-01	   6.3199968673020990e-01	   4.9866187447158217e-01	  -9.5509985990113233e-02	  -4.2437753442945986e-01	   1.0078680581488290e-01	   2.1941885959232449e-01	  -4.2225662006058362e-01	  -3.7321230654861738e-02	  -3.7372932882648563e-01	  -5.8135908652108402e-02	   8.4592271483664749e-01	   5.1722063446606326e-01	   2.0991077323984253e-01	   6.1435105749854335e-02	   4.6689909652275796e-01	   6.2687419762925767e-01	   1.1766707194853630e-01	   3.6471498353130533e-01	  -6.3496053251452045e-01	  -3.3430330809117986e-01	  -4.0073766299851976e-01	  -3.7329202646565074e-01	  -2.0401806881830667e-01	  -9.3802469180461603e-02	  -2.3043784741694481e-01	   6.5338600780556855e-01	   1.0880246141004091e+00	   1.1529677096122055e+00	   2.9326187741115023e-01	   2.1644130741373702e-01	   2.1765367833668092e-01	   9.9344609529163863e-01	   6.2738269818691872e-01	   1.2155135859872468e+00	  -1.4945205040352300e-01	  -8.4199315292645877e-02	   1.1903476277987260e-02	   2.1483694729024796e-01	   4.0505715044116897e-01	   4.7453382956171986e-01	   4.9099084773884827e-01	   5.7289330978795838e-01	   9.1609463992564621e-01	   1.3724535155864590e+00	   1.0383855367294328e+00	   1.3772321035810093e+00	   8.1817623802192474e-01	   1.8533637612538147e+00	   7.7526504233564808e-01	   8.6117800809094436e-01	   2.3773756003430241e-01	   6.9874814881291580e-01	   2.5016424554472744e-01	   2.8806873431950109e-01	   6.7006282729401434e-01	   2.9228409619235823e-01	   7.9109933890949891e-01	   3.4681406317718055e-01	  -5.5291263250923345e-02	  -2.8843241588995105e-01	   5.8095576996361364e-01	   7.6763114624943873e-01	   1.0362135264537322e+00	   7.9867507611583599e-01	   2.1038848502515747e-02	   2.5384573692263523e-01	   4.7505257437020809e-01	   2.9137826217012830e-01	  -2.3938752055098528e-01	   1.1954760357000631e-01	   3.8576516928076077e-01	   4.6352222141373767e-01	   5.6790166983589430e-01	   1.5220170688479945e-01	   5.8340517978116213e-01	   1.2771066826428787e-01	  -1.1862836271784218e-01	  -2.4603258021475971e-01	   2.8458567061470591e-01	   3.7383949761387036e-01	   1.4147498520985697e+00	   4.8005471764989616e-01	   1.0631373447364483e+00	   3.9940985698044407e-01	   6.1573566999525131e-01	   3.3972425762925046e-01	  -2.6138168694786340e-01	  -6.6743234364613796e-02	  -1.4883597879045266e-01	   4.7429517712158975e-02	  -7.0827891336278606e-02	  -3.8221793319929626e-01	   2.6028952203797151e-01	   4.5278522116640058e-01	   6.0216870851382920e-01	   2.7690321890987690e-01	   1.7367360403144361e-01	   2.4623580721865485e-01	
   8.4995797522903949e-01	   5.3195728182294766e-01	   1.4200765332116396e+00	   6.0258825704845020e-01	   1.0147050698651146e+00	   5.0883799362675330e-01	   1.5152156378772295e+00	   7.3207474759734870e-01	   0.0000000000000000e+00	   5.2091617776759014e-01	   9.8775104013636872e-01	   6.4053908530419390e-01	   1.0935548799716386e+00	   5.4867760083135386e-01	   7.7768798092651159e-01	   2.8796777952098640e-01	   1.0103189668909568e-01	   1.8408853172917866e-01	   5.8023907992437396e-01	   3.3558895710587244e-01	   5.6453488493793523e-02	  -6.3583973639365232e-01	   8.3072352298693319e-01	   2.9863612839231690e-01	   2.1063544934250156e-01	  -3.9417046167023084e-01	   1.4467578540524309e-01	  -1.7575046601352066e-02	   3.1274457174332532e-01	  -1.9293423506357979e-01	  -6.9398947837800745e-04	  -2.6867135777823564e-01	   4.7527259413781076e-01	   4.6183268769155089e-01	   3.9552888213609261e-01	   5.5602301479539185e-01	  -3.7324380755470996e-02	   2.2029953175718993e-02	   4.9413743279352065e-02	   1.8638978288288539e-02	   2.4818104102141769e-01	   1.5361213398209395e-01	  -1.3914375059450587e-01	   7.7781506181572491e-01	   6.0824917664652967e-01	   7.3302733578531898e-01	   3.5486709290022622e-01	   3.6104913329528682e-01	   3.4335297769134654e-01	   5.8975300459430546e-01	   1.4516454733585964e+00	   1.2382296645787720e+00	   5.4849352333894008e-01	   4.9800370103216834e-01	   4.8781499197214984e-01	   7.7890692397406602e-01	   4.9185490422334266e-01	   5.0027175451614669e-01	   1.0043428036581226e+00	   7.3736656265358103e-01	   1.3208031305969667e+00	   8.6276153739770134e-01	   9.6878044936545982e-01	   7.9644384650057121e-01	   1.0843902379527559e+00	   8.0136268293489166e-01	   1.4680255266423505e+00	   9.9616096784799413e-01	   4.5363267688451619e-01	   7.2512771490036088e-01	  -5.8100303523496759e-02	  -6.8544181109932226e-02	   8.9019376600304523e-01	   6.5102958408641710e-03	   5.4445285733222570e-01	  -1.4227256171035191e-01	   5.3280281426098197e-01	   2.1717248469373157e-01	   7.5637901752649362e-03	   2.6116127529739541e-01	   4.5917721567678371e-01	   4.9493007110603215e-01	   3.2145559519911671e-01	   3.2577267428932816e-01	   8.8064494814673133e-01	   5.2240950906695816e-01	   3.7040324883868392e-01	   3.7678668639412660e-01	   8.2243586306590433e-01	   8.9038526971173826e-01	   9.3250790038159415e-01	   7.5688494802679984e-01	   6.4718667008528741e-01	   7.1898638675926763e-01	   4.1202017379310174e-01	   2.5562593334501382e-01	   3.7472028848275563e-01	   9.6693977093469341e-01	   9.3541439036891294e-01	   1.1624294297621320e+00	   5.7905416172040347e-01	   7.8803353514900365e-01	   5.5520616218211372e-01	   4.3206530059880133e-01	  -2.5028212610118133e-01	   8.9005056791113799e-02	  -8.3150003925265531e-02	   3.5850741078259613e-01	   2.0200539996566977e-01	  -2.0988157867931007e-01	   2.9476142839775726e-01	   2.5124296589262796e-01	   1.1479496581340569e+00	   9.8079545344998253e-01	   7.4193070588026822e-01	   6.2002975928841186e-01	
   5.2129644487714377e-01	   5.4432879818925350e-01	   1.7021101785091813e-01	   1.1100175798393208e+00	   2.9314486937360157e-01	   1.3102416489806858e+00	   3.7563592699007126e-01	   1.4004857023839263e+00	   5.2091617776759014e-01	   0.0000000000000000e+00	   5.9726747352206111e-01	   9.0415058276425753e-01	   4.8971480461068523e-01	   7.9390697874818039e-01	   1.3082155330849587e-01	   6.4087305692011942e-01	   6.6997815132226246e-01	   5.2367952104059201e-01	   4.1899923601506150e-01	   3.5570201513227356e-01	  -2.4517969558400608e-02	  -1.8124945337720766e-01	  -2.5800867065652439e-03	   2.8266393701792170e-01	  -3.7636247873210144e-01	   1.3807261088862141e-01	  -2.8116352989112842e-01	   1.0877666595795313e-01	   6.6063284256062282e-01	   5.3982391433154853e-01	   2.6355238367911304e-01	   2.7645414297969040e-01	   4.2790311832676192e-01	   5.1343332157698773e-01	   2.9193239028990009e-01	   5.4958504637930605e-01	  -3.8359583985555262e-01	  -3.9366270821584989e-02	  -2.0110789568781601e-01	  -1.9620848477533676e-01	  -1.3634845043040125e-01	   7.0294964732090987e-02	   2.9420117304080867e-02	   4.4663551916847366e-01	   1.0229411137123179e+00	   8.9119802926368341e-01	   4.5495456778481452e-01	   3.8277845844525127e-01	   2.1365289948718211e-01	   7.7920283552077352e-01	   4.4408331666681700e-01	   7.6734541343212881e-01	  -1.2866238807806221e-01	  -7.2467343927566458e-02	   1.2154216780044880e-01	   2.2182233000377305e-01	   3.5409402812823199e-01	   2.5182623456782199e-01	   2.1109856763599438e-01	   2.2527456422180234e-01	   5.5610049279726115e-01	   7.4901646715915493e-01	   5.6401429451829332e-01	   7.2502276027623480e-01	   6.5833905393856085e-01	   1.6983669221261415e+00	   5.3087367508300354e-01	   7.1613068627733933e-01	   3.6276399855073693e-02	   4.3462486008440127e-01	   6.0083217480678008e-01	   5.0676717712253772e-01	   4.6698682147297821e-01	   3.2698078220909232e-01	   5.7523383824009189e-01	   3.9586322775851951e-01	   4.1561869369989415e-02	  -1.8678458024413452e-01	   6.7094161400425989e-01	   7.0560967065097191e-01	   7.0684821971438727e-01	   5.4403289346557859e-01	   1.5829962375027076e-01	   2.2453745464685643e-01	   2.6423034692484515e-01	   9.3076832458542466e-02	  -1.9097135355216979e-01	   5.5504781970756978e-02	   3.3602181049001439e-01	   3.2875879559704058e-01	   7.0791124079428580e-01	   2.0052450865296090e-01	   7.3034532505261096e-01	   1.5445355171844710e-01	  -3.0628845053378301e-01	  -4.6199928335568796e-01	   8.3501706118013982e-02	   1.9785448167222627e-01	   1.0617124444500596e+00	   3.6371793564685834e-01	   7.9754166413711558e-01	   3.7857859237937441e-01	   4.8075825386343651e-01	   3.7602207261759446e-01	  -1.5644289758007260e-01	  -1.0168352652724894e-01	  -1.9583060073256503e-01	  -8.0546141213661410e-02	  -1.7819094033611101e-02	  -4.5600523778539748e-01	   5.1251526427001248e-01	   6.7340956857050338e-01	   5.2200637676105111e-01	   2.7645361165310989e-01	   1.0344154026019642e-01	  -8.3959582257604037e-03	
   9.2926757826783313e-01	   7.8191695210740364e-01	   1.0715878546473738e+00	   6.6951489732145042e-01	   7.8479454371499946e-01	   5.6509168472438487e-01	   1.4340032741851985e+00	   9.2224367298850096e-01	   9.8775104013636872e-01	   5.9726747352206111e-01	   0.0000000000000000e+00	   1.1586928967681054e+00	   1.8339667602604663e+00	   8.2298027744072144e-01	   8.6592376130619841e-01	   4.8718328722486126e-01	   4.4331049720851523e-01	   4.7317045772604915e-01	   6.6200823769018091e-01	   3.6311096229300721e-01	  -3.0554299756313852e-01	  -1.1210161103067489e+00	   5.9752894871568696e-01	   1.7845281902340759e-01	  -1.2283281161677422e-01	  -6.2292134030073010e-01	  -2.4603406701376410e-02	  -1.6486720426689760e-01	   8.4055223946161961e-01	   1.9349305419724913e-01	   3.4097822067749251e-02	  -2.8976464538167879e-01	   4.3409966920036691e-01	   4.9204674186603892e-01	   6.3318500014526116e-02	   1.1591473665331072e-01	  -3.3908910838316197e-01	  -2.9028955479009982e-01	  -1.5497666504556357e-01	  -1.4934815726676609e-01	   6.9804717550994738e-02	   1.8134506260295061e-03	  -3.4183638081405043e-01	   6.5736354896647087e-01	   5.4323126797136101e-01	   7.1378386020991325e-01	   2.1860034611212528e-01	   4.4417085009293970e-02	   1.4229720184713907e-01	   7.2001798892386792e-01	   8.9757204662307855e-01	   1.2184746270099325e+00	   5.4892771655841222e-02	   1.2541967967222481e-01	   1.5572349090174686e-01	   5.7837708615384620e-01	   5.0447812911079626e-01	   7.9200996556830094e-01	   1.0708336306274782e+00	   1.2035887695356904e+00	   1.5112772988602834e+00	   1.3898515265703282e+00	   1.6293762806935330e+00	   1.3181786640281863e+00	   1.0031841788099152e+00	   8.7091647432853780e-01	   1.1087205458360065e+00	   7.2313304569491854e-01	   4.8563852817030573e-01	   9.7599962100297355e-01	  -1.6550985985150227e-01	  -1.6279239333947895e-02	   9.4713786706217373e-01	  -9.2733332451351239e-03	   8.0672563911859985e-01	   2.1764052675957363e-01	   1.9823615115368987e-01	  -1.5407205494426148e-02	   3.2870046762125976e-01	   4.9046770889543312e-01	   8.1664913019104879e-01	   7.7280478347285486e-01	   2.3220825201903661e-01	   4.3292989120112674e-01	   9.3499487623205824e-01	   5.6549874044394222e-01	   9.4773655888129485e-02	   4.6297656275486609e-01	   7.8404507216659136e-01	   9.5820274413990458e-01	   4.3262823785423443e-01	   2.7259330830096629e-01	   2.2345667655563592e-01	   2.3375496964405207e-01	   1.5526425891184059e-01	  -6.9712533159793630e-02	   3.3881650345086750e-01	   4.4015697270354692e-01	   8.7407365029590078e-01	   6.4066895787855382e-01	   5.1628540494134545e-01	   4.6351896220628713e-01	   4.0635103933992295e-01	   2.7782060150146698e-01	  -4.1799047631081732e-01	  -3.7342252837591232e-02	  -1.3647949253623767e-01	   2.4150395872129857e-01	   1.8266242349093800e-01	  -4.1298195226245787e-01	   3.5878942979084935e-02	  -1.0318476840621703e-01	   6.7697885832403615e-01	   5.1362248970013991e-01	   7.1719298106655716e-01	   7.5746125171168599e-01	
   7.2801932233816602e-01	   9.1068403713891510e-01	   4.6545906054979774e-01	   1.1381770553327706e+00	   4.0332196235105189e-01	   6.9725255957043175e-01	   7.3713336662110962e-01	   1.3133757801832493e+00	   6.4053908530419390e-01	   9.0415058276425753e-01	   1.1586928967681054e+00	   0.0000000000000000e+00	   1.1157682336271513e+00	   1.7520519715629947e+00	   5.0454865536128402e-01	   6.9224494814722981e-01	   9.6713009981727160e-01	   9.7759851343335258e-01	   3.6130294821977571e-01	   3.2741748727854769e-01	  -2.0252198734616905e-01	  -4.9521564536130536e-01	   3.1075199931756670e-01	   3.6317339535740961e-01	  -2.9700478313098944e-01	  -2.0942494603022535e-01	  -1.6662963565434383e-01	  -3.1494190572217175e-02	   1.1461892935115210e+00	   5.7264871093758307e-01	   1.8013478231836136e-01	   4.3724495056855925e-02	   3.7196981945907354e-01	   6.6334601608547128e-01	   1.6708384189407968e-01	   3.0609368338763510e-01	  -5.0395816394489867e-01	  -2.9947072609555092e-01	  -2.7228485735856262e-01	  -2.8526048919898078e-01	  -1.2075927184841305e-01	   1.4556870886458167e-02	  -2.9729152385958740e-01	   6.5598390411900209e-01	   9.0822916439123103e-01	   1.0552104200375652e+00	   2.8458625199221332e-01	   1.6475054295085365e-01	   1.7421659152377733e-01	   8.9667947141393889e-01	   5.4258817091377987e-01	   1.0325707575597485e+00	  -1.3132311133035618e-01	  -6.3642625672361924e-02	   6.7795118544072885e-02	   3.2849018079091369e-01	   5.2953731671884374e-01	   7.3122656865640323e-01	   5.9948880068723764e-01	   7.5477150456237097e-01	   1.0727542737163669e+00	   1.3411577284338898e+00	   1.4669156435050530e+00	   1.6781089567836402e+00	   9.9348237819336116e-01	   1.1945999319330087e+00	   7.9404683209471305e-01	   7.4567758866172995e-01	   2.0026413891463532e-01	   7.6179340093612202e-01	   8.3793962279596124e-02	   1.0000080075013554e-01	   8.5392196176772994e-01	   2.7787022224934821e-01	   1.1065473436646855e+00	   4.9895733068315873e-01	   5.5057239743422880e-02	  -1.3557123013660252e-01	   8.3625538046474213e-01	   7.2759663054381130e-01	   1.3257205047696556e+00	   1.2286406490057233e+00	   1.2724344283769673e-01	   3.8835469642077486e-01	   7.0863881620728431e-01	   5.5714909496002429e-01	  -1.3308434579857598e-01	   2.4195921553304636e-01	   5.6832608482154512e-01	   6.1832314281511747e-01	   3.6797320809669393e-01	  -2.8903959220388471e-02	   2.2740556921328992e-01	  -4.9686176951764568e-02	  -2.1248344628154087e-01	  -4.9845143396295499e-01	   1.0676736508218194e-01	   2.0051555644077781e-01	   9.2356069677566743e-01	   3.5663143561261051e-01	   5.1682315221940522e-01	   1.5988380466012941e-01	   2.5016564300997879e-01	   8.2876076044823166e-02	  -5.4391020208925478e-01	  -2.4237107156225141e-01	  -2.8982154948060646e-01	  -8.3131048278102485e-02	  -1.3221093045210139e-01	  -5.8792578708997834e-01	   2.2859173764085089e-01	   1.2626203713023465e-01	   3.3397407112454802e-01	   1.8676286791348393e-01	   4.7048484245696787e-01	   3.0239225114493529e-01	
   1.0958337945573091e+00	   9.2580406223839140e-01	   1.1481066123899446e+00	   5.7397646184155482e-01	   8.8132564671135860e-01	   4.7369724171306449e-01	   1.5763418435734611e+00	   8.0953045966314707e-01	   1.0935548799716386e+00	   4.8971480461068523e-01	   1.8339667602604663e+00	   1.1157682336271513e+00	   0.0000000000000000e+00	   8.9571051464291407e-01	   1.0171495862967115e+00	   4.9282471387607241e-01	   4.9931738252173313e-01	   5.8672627551213696e-01	   4.5999144939235859e-01	   1.8469336044859525e-01	  -1.9704869482792944e-01	  -8.2466272784141958e-01	   7.7026371642890901e-01	   2.4917894702089047e-01	  -1.8525722570548401e-04	  -5.6230564620198120e-01	   1.2899916944524858e-01	   7.9996619081075769e-03	   7.9857769512431509e-01	   1.0317450352630890e-01	   4.4815774287443712e-03	  -2.7306065574233152e-01	   4.5503413933051151e-01	   5.0677860731046898e-01	   1.8253724269504709e-01	   2.4304364394617423e-01	  -2.1392371685906325e-01	  -1.8319118614060562e-01	  -2.9372931033221555e-02	  -3.0411836749421044e-02	   1.9129593536111186e-01	   3.9449011904419649e-02	  -2.6880395424916498e-01	   8.0410388342803329e-01	   6.5009688478032179e-01	   8.1948158602277521e-01	   2.9900497083208394e-01	   1.2705606619124141e-01	   3.1098757844451502e-01	   7.9836333960605133e-01	   1.1646648323041717e+00	   1.3234812002303986e+00	   2.8010905929598395e-01	   3.2523709054149952e-01	   2.6496915069675908e-01	   7.1152824940104442e-01	   6.3113023279735525e-01	   1.0170691637175460e+00	   1.2067277747420646e+00	   1.3293461460028237e+00	   1.9789824057946981e+00	   1.3797101675219019e+00	   1.8162960109948545e+00	   1.2932581471249254e+00	   1.1466308255503321e+00	   7.7721195291031475e-01	   1.2540880191147605e+00	   8.4336426979467305e-01	   4.8990541879479410e-01	   1.1336284215330383e+00	  -1.5320214477896504e-01	  -4.5796755233228410e-02	   1.1827032105464685e+00	   1.5370549351335794e-01	   8.5019756557757731e-01	   1.7643764012914318e-01	   3.7690572687223667e-01	   1.2428133978982284e-01	   3.6274549533156225e-01	   5.0510790498143587e-01	   9.4631992385282515e-01	   9.5785633583714869e-01	   3.1143483860558807e-01	   4.3800403965724288e-01	   1.2695844135047138e+00	   7.5027664519857939e-01	   2.1178624660378911e-01	   5.2986832211724888e-01	   9.9275965911367459e-01	   1.1404440518506163e+00	   4.6010261604248626e-01	   3.4828400819643968e-01	   1.7872328180994623e-01	   2.8317515933871629e-01	   2.1999792132277432e-01	  -5.8599893177212217e-02	   2.5255063711512854e-01	   4.7144847262364076e-01	   8.4011184000513794e-01	   8.3544043799679946e-01	   4.5538329090278790e-01	   4.4706879512896402e-01	   3.6675199436355033e-01	   1.7395397202119439e-01	  -4.5761282691905414e-01	  -8.3171553127043468e-02	  -1.5674131499058636e-01	   3.0249217627100788e-01	   2.2037858140439426e-01	  -4.5195914008757454e-01	   8.2308808061698616e-02	  -1.3285524989687014e-01	   6.9581717175946223e-01	   5.0104648838222365e-01	   8.7200903581483069e-01	   7.1609053304654990e-01	
