   0.0000000000000000e+00	   6.3344721303026497e-01	   5.2648402732705102e-01	   4.8192380275562011e-02	  -6.8706694248233363e-02	  -2.5006081193076451e-01	   7.6898664049378673e-02	  -2.5002106435214344e-01	  -1.2087567656428051e-01	  -4.8933395526064477e-01	   8.3711945453558856e-01	  -9.0974445624079553e-02	   8.6216185183922744e-01	  -1.1114688370281904e-01	   3.1038944410067698e-01	  -7.7463643444792507e-02	  -2.7327025610989741e-01	  -2.8745242326871967e-01	   7.2906096862192427e-01	   6.2258339296170295e-01	   5.8211400778622399e-02	   9.4560194258402864e-05	   3.3214970573581359e-01	   8.3330403816160442e-02	   5.7545221902348920e-01	   2.9281771268365303e-01	   7.6111055676990422e-03	   9.1535232767717550e-02	  -5.5807252139164470e-03	  -4.5775273631991957e-02	  -6.9849632302091971e-02	   6.8901320131130830e-02	   5.2693321369391488e-01	   2.8033445792098499e-01	   3.0979066952056677e-01	   2.3887562992764305e-01	   3.1739167842812893e-01	   4.5388171423596435e-01	   8.3044947965896299e-01	   5.8099515768774690e-01	   8.5038549757779491e-01	   5.7252650777897718e-01	   3.9058631494702162e-01	   3.2993018416989345e-01	   3.3059372930623104e-01	   4.0691631661808952e-01	   2.5399555113058836e-01	   5.3238196479958222e-01	   4.8677131523360367e-01	   3.5317118335068637e-01	   1.2287570578044862e+00	   8.0078303495955905e-01	   4.3026549624554744e-01	  -1.0325504815829097e-01	   6.4590516159754252e-01	   7.4426805581254707e-01	   6.9490057072874789e-01	   6.8333842472282269e-01	   6.9125862890423573e-01	   5.3542137626543340e-01	   3.3942193838308332e-01	  -1.1545767711831501e-01	  -3.9049016834560794e-02	  -1.0230218443585398e-01	   3.1046951395581096e-01	   9.9394403321484276e-02	   6.1776326148763383e-01	   6.8263872923751123e-01	   5.1276003309746054e-01	   4.1360458521587518e-01	  -2.4750162509062776e-01	  -2.3112015921571760e-02	   5.2648181663014748e-01	   4.7157436144574782e-01	   8.4532378300255728e-01	   5.1006358201545324e-02	   3.6042299842018949e-01	   1.9516962290629571e-02	  -5.9021152288689027e-01	  -5.1826910616172325e-02	  -6.6863611754961347e-02	   2.8072591719488305e-01	   4.8715749255117158e-01	  -1.3742036857200055e-01	   3.2795006119427561e-01	   2.0875179250997594e-01	   7.2944872107461667e-01	   5.9846273695382213e-01	   1.8137407396353400e-01	   2.0227369454348826e-01	  -1.3942429597423636e-01	  -1.8095898154365236e-01	  -2.1654183127600568e-01	  -3.6924328680432494e-02	   3.4906367536355765e-01	   5.1812071781064351e-01	   1.2561458563603675e-01	   3.1669620627532885e-01	  -3.7354579532122845e-02	   2.6886474877838623e-01	  -3.8572024029634044e-01	  -3.3748070473243012e-02	  -2.7335420880794142e-01	  -3.1411784412758059e-01	  -8.8825077561697982e-02	  -5.1032334705057608e-02	   3.9598336685492175e-01	   5.8490264923692463e-02	   2.9247831548125958e-01	   1.5692350934486290e-01	   9.0806891983716997e-02	  -1.8826200517400629e-01	   2.5341213482034780e-01	   1.2156199857850061e-01	   2.9860590088765210e-01	  -4.2180426805193133e-01	
   6.3344721303026497e-01	   0.0000000000000000e+00	   2.7401858390710843e-01	   1.6037309982923828e-01	   7.8393769377495412e-02	  -2.7585640758056338e-02	  -6.8622898171689650e-02	  -1.5017953000031523e-01	  -3.3785932001336491e-02	  -2.6704812397997957e-01	   4.0164399263480610e-01	   3.4264497046912112e-01	   4.7807251070410633e-01	   2.1071240104445645e-02	   2.3287681780854511e-01	   1.4131809956449748e-01	  -1.4660576740369538e-01	   6.1590505178233494e-02	   4.7329551914070345e-01	   4.0514388957502978e-01	  -3.0550487340031903e-02	  -6.0492759262559335e-02	   3.1163336195305452e-01	   9.3438234240772813e-02	   9.1110506865399854e-01	   6.6179330047043372e-01	   3.5539391225471906e-01	   1.4099626513941571e-01	   4.4033847769551016e-01	   4.9303070972571507e-02	   2.5900992240141707e-01	   2.6398574085081877e-01	   8.0271689817070213e-01	   3.6752672365536460e-01	   1.9361639217415030e-01	   7.4593572071039185e-02	   3.0196388054805118e-01	   2.1399197731828615e-01	   7.7100555525465131e-01	   4.9417375729290397e-01	   4.9836113776790336e-01	   2.8334341423221199e-01	   8.1351624072656514e-01	   5.9375292138215163e-01	   3.6352207822457161e-01	   4.9272968653448385e-01	   6.4885771136165793e-01	   4.1581017183281155e-01	   2.3438586489879187e-01	   3.9871674290865999e-01	   4.8869076312795134e-01	   2.6304639140635172e-01	   2.7517309308340354e-01	   3.5095162722627631e-02	   1.0835707296259982e+00	   4.9869472661330555e-01	   7.7366349305423610e-01	   7.0431821510802017e-01	   4.1573719942285153e-01	   5.3017470946571510e-01	   3.0866188740530176e-01	   1.4168320498382808e-01	   1.0867191935362261e-01	   2.2155177181948640e-01	   2.2890411519075773e-01	   1.1602002156087238e-01	   3.1635287094108427e-01	   3.8649452491979180e-01	   5.5833306822148998e-01	   2.3383051126795637e-01	  -1.0841672695035373e-01	   9.6346172424285420e-02	   2.1818719221530844e-01	   3.7400952296615908e-01	   8.2036333504424275e-01	   2.2011631750857691e-01	   3.3647000352627837e-01	   3.0717303010842723e-01	  -1.0315013266356526e-01	   2.2572078759780567e-02	   5.4399436695270677e-02	   4.6131311678914666e-01	   5.7875131408721892e-01	   1.9370954081902517e-01	   4.0266891277910077e-01	   4.8118575979315348e-01	   8.0388562200961200e-01	   7.2933544843059639e-01	   9.6913963000536979e-02	   2.5648266735284830e-01	  -2.3932643358506137e-01	  -3.8146465317791228e-01	  -7.1864674451691465e-02	  -1.6495195474760169e-01	   5.8762714570949302e-02	   2.3396005869294487e-01	   2.6402304524092074e-01	   4.1899862757762690e-01	   2.8757826559737359e-01	   9.7097369190052824e-02	  -2.2916653001259552e-01	  -2.4207286965495919e-01	   2.1010052501843046e-01	  -3.5012763147878634e-01	   1.1391687197530431e-01	   1.9984689805487335e-01	   1.4610932487268127e-01	  -4.0395504899016409e-02	   2.4850406259261631e-02	   7.5300245335419333e-02	   1.9573904695036157e-01	   2.4091366787959254e-01	   5.1265438832520582e-01	   3.0800655757661000e-01	   4.9201874485902430e-01	  -2.9950349662932235e-01	
   5.2648402732705102e-01	   2.7401858390710843e-01	   0.0000000000000000e+00	   8.1270233203215225e-01	   2.4251129817350731e-01	   1.0803089971628854e-01	   9.5897788618874236e-01	   3.2911924859676617e-01	   1.7898001708874253e-01	   1.0960155775512191e-01	   9.3080711228789381e-01	   5.1127022446745785e-01	   5.7144506506866799e-01	   2.9450389843659069e-01	   1.2426033606197655e+00	   3.1707017223980571e-01	  -4.6922790305480405e-01	  -4.5436176316501620e-01	   7.2483796016591950e-01	   6.5309444120612037e-01	   2.3409641739414616e-01	   1.4342236332396321e-01	   1.1649015577833370e+00	   9.6443127239589543e-01	   8.3547843490471105e-02	  -4.7236282363579352e-02	  -3.0915344717854093e-01	  -1.7777657013061898e-01	  -1.4756750947747895e-02	  -1.0593865452090975e-02	   2.8356907560622990e-01	   4.4410568995680461e-01	   8.9736632799129135e-01	   9.2880832164163563e-01	   9.1214813562194008e-01	   5.0701927992264140e-01	  -3.3040281391195857e-03	   2.1914071789159700e-01	   1.8645636768553756e-01	   6.4431250928237514e-04	   2.4527607055859285e-01	   2.1239063987646115e-01	   2.5460378814464713e-01	   2.8946640601404450e-01	   4.1033399636486162e-01	   4.4861809182364210e-01	   1.1247823099979491e-01	   4.4468384898294844e-01	   6.4931288564839151e-01	   7.5761757924809348e-01	   6.5638248313020564e-01	   4.7893777145532035e-01	   8.3042566209817081e-01	   7.3122313986116338e-01	   2.7590135626292717e-01	   4.3484330837235352e-01	   4.4640889283324880e-01	   2.9416500059276296e-01	   7.5934783936232808e-01	   5.4037911826177254e-01	   9.1978105960282730e-01	   2.3879597473054037e-01	   3.5317473957417111e-01	   9.2128229852857638e-02	   9.9267441427901970e-01	   9.6811472231617379e-01	   1.1203532913178220e+00	   1.1462240335288953e+00	   1.1658106047747016e-01	   3.8217415213051947e-01	   6.5450414593912473e-02	   1.5261933160571439e-01	   5.4234314280503504e-01	   2.9890177364436588e-01	   5.5202255144892565e-01	   9.5812182353834846e-02	   2.7201909097128096e-01	   3.0230441665995683e-01	  -3.4079838603847395e-01	  -1.3279318795612832e-01	   3.9679674098692594e-02	   3.3720131091333450e-01	   7.9540049252718747e-01	   5.2084931644199861e-01	   7.3788114164969032e-01	   8.1557897460019391e-01	   7.5871674525953836e-01	   7.0647459786981703e-01	   9.9564226626885821e-01	   9.8704014744459212e-01	   8.1152570995767026e-01	   6.4350977473752158e-01	   6.2791166475691818e-01	   8.4344949725602880e-01	   2.9813196989037172e-01	   4.5343009153435998e-01	   1.2664049217342854e-01	   9.0880993353879919e-02	   3.0104304413053473e-01	   4.7030853543834450e-01	   2.5226226147466024e-01	   7.4476652230736617e-01	   3.6384141508452553e-02	   2.7693221743188617e-01	   1.2191400564522506e-01	   2.2074306857622808e-01	   6.4156198782519569e-01	   4.2372954565740972e-01	   3.4485676783111990e-01	   3.7370461606999483e-01	   3.3112313082797301e-02	   1.0724513899442209e-01	   8.7204212636166245e-01	   2.7078630026870160e-01	   3.4965791147645270e-01	  -4.1375992363146818e-01	
   4.8192380275562011e-02	   1.6037309982923828e-01	   8.1270233203215225e-01	   0.0000000000000000e+00	   5.2141000803073778e-01	   9.3556936255837375e-01	   1.0602067263437964e+00	   1.2329118500077956e+00	   5.9419939568535585e-01	   7.6654654064765937e-01	   4.2359843249955437e-01	   6.9659226542370323e-01	   4.1650474082606642e-01	   5.9021765936762138e-01	   1.1338422113579929e+00	   9.7914179681372682e-01	  -5.6800206913498785e-01	  -5.0721949806523559e-01	   7.7422109342721035e-02	   8.5151158795527052e-02	   5.5539992123734658e-02	  -9.2649629180648424e-02	   4.9305122438254945e-01	   8.6703075417796049e-01	  -2.4886277585128572e-01	  -2.9243241459449659e-01	  -1.9590805677181930e-01	  -9.3658107496349424e-02	  -2.6427090879595855e-01	  -1.0804761246889069e-01	   1.6047717653422375e-02	   1.3653061349787668e-01	   2.8292681572079681e-01	   2.7567907656457458e-01	   1.9340596773230395e-01	  -1.5669196760098419e-01	  -1.2800108873784832e-01	   2.0789286482570941e-03	  -1.8020550589916636e-02	  -2.2021589491390109e-01	  -1.1057857256482391e-01	   2.6041805739391671e-01	  -9.5642654666799193e-02	  -9.9470961776810529e-02	  -8.8644108699009044e-02	   5.6651893532021685e-02	  -2.1207632165422091e-01	  -2.7204125319607719e-01	   1.9867270656688593e-01	   3.9726823697976515e-01	   2.9964385816319838e-01	   9.5657303823372161e-02	   5.9742695216292807e-01	   8.0785264651458877e-01	   5.4088551500585669e-02	  -1.4252962151463268e-02	  -4.5395648478601343e-02	  -5.1166716455436932e-02	   5.4506310014114012e-01	   7.4547220942858994e-01	   1.2179429932366850e+00	   8.5734211504678892e-01	   3.6931308474014490e-01	   2.9879599536121515e-01	   3.8498776684843178e-01	   9.8760677414918496e-01	   4.2700958851752624e-01	   5.0071713570527798e-01	  -2.5512251285735482e-01	   4.4382182130831116e-02	  -2.0697266800211786e-01	   8.4985668813061174e-02	  -5.3244703437953428e-02	   4.2251428825020650e-02	   2.0333069205557341e-01	   4.4393050405988788e-01	  -2.5911255813450718e-01	   1.1650036713723090e-01	  -3.4705139526017631e-01	  -4.1837153554115991e-01	  -1.8786146200299728e-01	  -1.1086082214851690e-01	   2.9598839648029562e-01	   7.0988413337245215e-01	   2.9367849763540993e-01	   6.7993161420463255e-01	   2.6204134592586908e-01	   2.0899915039760894e-01	   9.6539584991128535e-01	   1.9167606432028184e+00	   8.7471612361959883e-01	   6.5968755590655215e-01	   1.0914142169443344e+00	   7.9194430818643469e-01	  -1.8042576305569766e-01	   5.9284919014915158e-02	  -1.0586308343072130e-01	  -1.5705104852225804e-01	   2.1476318944200212e-01	   9.7305813097686752e-02	   6.7407790040869786e-01	   5.8261784174601827e-01	   1.4191972561106281e-01	   1.2241277465190507e-01	   1.7279023727011175e-01	   8.4885077713126658e-02	   3.8570354800772888e-01	  -1.4677816910994249e-02	   2.5869413074351111e-01	   9.2263177478619826e-02	  -2.4857329296475922e-01	  -8.3111916531048449e-02	   6.5387210116389871e-01	  -7.1999605793608467e-03	  -1.1378776695080138e-01	  -2.2150918844086270e-01	
  -6.8706694248233363e-02	   7.8393769377495412e-02	   2.4251129817350731e-01	   5.2141000803073778e-01	   0.0000000000000000e+00	   5.1776985280372778e-01	   4.7562874832940250e-01	   5.0202054626522818e-01	   8.5911935016706753e-01	   5.8063235106388666e-01	  -1.5282382136361138e-02	   3.8591311654125965e-01	   2.2060218786508928e-01	   4.3458538433552119e-01	   1.4477163703909449e-01	   3.6188873715318243e-01	  -1.5789189319260899e-01	  -2.6340096555644940e-02	   3.6882554975917435e-02	   2.6093997090336840e-01	   1.0576634053256589e-01	  -4.8335653574939996e-01	  -7.5745382655676430e-02	   1.2014762854642652e-01	  -2.4910370850893476e-01	  -2.9829051485551561e-01	  -2.1267474143825044e-01	  -4.6680967289611375e-01	  -1.2399731561562377e-01	   2.2518517649624037e-01	  -6.2408930377822816e-02	  -7.3074748165622511e-02	   1.1410365299420407e-01	   2.4014343928618109e-01	   8.8062812026464918e-02	   4.5171648826440843e-03	  -2.4860431033783253e-01	   2.7672178239825845e-01	   1.0326211415272049e-01	  -2.8222894829371387e-01	  -3.6198208978387364e-01	   2.7033681861350162e-01	   2.3662132127122735e-02	  -3.5026488425621984e-02	   9.7567429015168280e-02	   3.0543097493240412e-01	   2.9024178421279391e-02	  -4.3951241075973901e-01	   2.6488532853941416e-01	   4.7978143642748028e-01	   1.5521502185764263e-01	  -1.3693955716345754e-02	   2.8900882432048869e-01	   3.4436169554024426e-01	   6.7673117821187956e-02	   1.3299276602530780e-01	   6.4033924960757549e-02	  -2.4705051620120412e-02	   2.7589057739848710e-01	   3.5289673175143399e-01	   4.8578363394570045e-01	   5.3597259515942397e-01	   2.5425964067107815e-01	   6.8371294342233380e-01	  -9.2619878721328916e-02	   3.1951363140668737e-01	   3.5883851015274465e-01	   2.1868389984560399e-01	  -2.1064487678687113e-01	  -1.0502808667256275e-01	  -3.2113185750838602e-01	   3.2068513482447013e-02	  -8.2491242584042390e-02	   4.0937953881829370e-01	  -8.7567346694919834e-02	   8.0594900998520536e-01	  -8.8066939901353808e-02	  -3.4875058475789011e-01	  -1.0631054078855862e-01	   2.6168621521029951e-02	   6.8629936959889989e-02	  -4.0905792244721857e-02	  -1.4097585800862150e-01	   3.4131139991698967e-01	  -4.6972116452310191e-02	   2.6624538967336409e-01	   2.4275747300377015e-01	   1.6925958286875525e-01	   2.1533653005578698e-01	   5.6436231882316745e-01	   2.7977837758404600e-01	   5.8051364559956153e-01	   3.7510384387029072e-01	   4.5863985055476025e-01	  -6.4669350253017277e-01	  -1.2613106487250664e-01	  -5.7696797296224907e-02	  -1.0852754434297329e-01	   5.9859199089853696e-02	   1.3492613178287771e-01	   2.5321500867578006e-01	   3.1429105447924716e-01	   3.2160244243386443e-01	   3.6147870761782647e-01	   4.2506642818276696e-01	   2.4605301595489543e-01	  -1.6879908036670402e-01	  -1.2605083286762453e-01	  -5.5448561155666154e-01	  -6.0470796796882109e-01	  -5.1042486486112870e-01	  -2.6685832239646268e-01	   1.0505448366062570e-01	   1.4059481615082536e-01	  -1.2371412778872377e-01	  -1.1067424052015987e-01	
  -2.5006081193076451e-01	  -2.7585640758056338e-02	   1.0803089971628854e-01	   9.3556936255837375e-01	   5.1776985280372778e-01	   0.0000000000000000e+00	   4.3896702513836661e-01	   1.1797212828882369e+00	   7.6951947933678166e-01	   1.1783542810426806e+00	  -2.4026890597448201e-02	   3.1798164864871981e-01	   3.1788911087215897e-02	   2.6113810921078429e-01	   4.6270219859992145e-01	   8.7029796571158680e-01	  -2.7578726525466846e-01	  -2.3664338174646249e-01	  -2.6315877482106836e-01	  -2.4701751875323819e-01	  -4.4030363028426882e-02	  -2.8078626187444888e-01	   3.7671605347531979e-02	   4.1477571127656859e-01	  -3.3143271398209295e-01	  -3.2909873190060207e-01	  -6.0749762604200570e-02	   1.3053599473174923e-01	  -3.4369615825872429e-01	  -7.8715375359118215e-03	  -1.4777865515415514e-01	  -9.1398925358953054e-02	  -1.6631858571552660e-01	  -2.2394132907257075e-01	  -2.0075022364360098e-01	  -5.7134394953956624e-01	  -7.3025788698853913e-02	  -4.9805698840549271e-02	  -4.4130541866989136e-02	  -2.9639473700542135e-01	  -2.5431088463598839e-01	   2.4504949493061046e-01	  -2.5846620791543351e-01	  -2.7531059739863561e-01	  -3.9929068420276259e-01	  -1.6940706005460254e-01	  -2.7740647576037414e-01	  -7.8988040768130885e-01	  -2.4048666133539237e-01	  -1.5294653788123069e-02	  -4.8470359100141421e-02	  -2.4297483488482213e-01	   2.2395492561159536e-01	   3.6533371953816146e-01	  -2.0634966971430294e-01	  -3.4027474641148814e-01	  -3.0684561876083027e-01	  -2.2341104902504200e-01	   2.0968881600249539e-01	   5.4743884634902229e-01	   5.8092485726639320e-01	   9.2685681206046378e-01	   2.5504661491795688e-01	   2.7218071905032060e-01	  -2.5853167581765743e-02	   5.1693322627832461e-01	   6.8156915964817256e-03	   7.8344557559927100e-02	  -4.0202665969397677e-01	  -1.7425136180203710e-01	  -2.6918100559714031e-01	   7.5333054349959974e-02	  -4.8975036219837276e-01	  -8.5322434509268935e-02	  -1.7130208580513767e-01	   6.9554891590947532e-01	  -5.8285963851495992e-01	  -1.1198636942188890e-01	  -2.0385673114735908e-01	  -4.5836731899238065e-01	  -2.6002146695520401e-01	  -3.5277443383925228e-01	  -1.0978934993833490e-01	   5.7486264988588531e-01	   1.3291361161290512e-02	   3.1223613805074768e-01	  -1.1376754330868585e-01	  -1.6450239850714007e-01	   3.3616557924627449e-01	   6.7033016154027802e-01	   3.3464871408479430e-01	   3.0167308956147010e-01	   6.1200115202532479e-01	   1.8889280608378026e-01	  -5.2499071744764270e-01	  -1.8697335750219465e-01	  -3.3327748004870739e-01	  -1.7115253526025184e-01	  -3.5559039230854399e-02	  -1.2880573346261276e-01	   5.5883617341958380e-01	   1.4048668306461790e-01	   1.4882438457412780e-01	  -1.1187531873283394e-02	   2.8058292913512645e-01	   3.4253779926850379e-02	   6.2327070466327489e-02	  -5.1806242375371225e-01	  -3.6308294927327608e-02	  -2.6033570470624390e-01	  -3.6021518149834669e-01	  -2.5595151485228379e-01	   2.2784374375447933e-01	  -9.2299735396190671e-02	  -3.7772845190325549e-01	   2.8268049014636466e-02	
   7.6898664049378673e-02	  -6.8622898171689650e-02	   9.5897788618874236e-01	   1.0602067263437964e+00	   4.7562874832940250e-01	   4.3896702513836661e-01	   0.0000000000000000e+00	   9.3842617705144538e-01	   6.9670706351964418e-01	   5.2256728041494405e-01	   4.0253936935098866e-01	   5.6516521457013136e-01	   2.8153401820946988e-01	   6.0130581088815815e-01	   9.4725702322289795e-01	   5.7357119424030811e-01	  -6.7411387419325741e-01	  -6.4618718201917003e-01	   2.2153955247556131e-01	   3.5298733797041015e-01	   2.1852028725517036e-01	   4.2470891465791097e-02	   6.3474485892473154e-01	   9.8036764292936263e-01	  -4.8761079750497921e-01	  -4.8951665453002419e-01	  -5.7556638363424872e-01	  -4.6137391688557877e-01	  -1.7207184093112063e-01	  -5.1960029645627862e-02	   1.1928092969065644e-01	   3.0693213161212307e-01	   3.1676411417194300e-01	   4.1197908928265353e-01	   4.6050273113843887e-01	   1.8269031986206574e-01	  -1.3139524486559079e-01	   1.5477815505116030e-01	  -3.9135207532501215e-02	  -1.3996034421378864e-01	  -1.7895338469450056e-01	   1.9128374893651579e-01	  -1.5388644554860348e-01	  -1.4706432650324516e-01	   1.4010189548868462e-02	   5.4603853173130885e-02	  -2.9124315926708253e-02	  -7.4534462112758215e-02	   2.4441706453789191e-01	   3.6107580565836228e-01	   2.1028491998813556e-01	  -2.4769991797575556e-02	   6.9529152371934400e-01	   1.0673741598375772e+00	  -4.9714043288165033e-02	   1.0447716984994046e-01	  -7.3683460685500413e-02	  -2.4627851568241321e-01	   3.6135088380577451e-01	   2.8734562524651891e-01	   8.7764483179918340e-01	   5.9946508868606907e-01	   2.0889288000724017e-02	   1.9876380444111903e-03	   5.7978573966401270e-01	   8.5331132409776989e-01	   5.4250566955484625e-01	   4.8577304348533257e-01	  -3.8614979666510779e-01	  -6.2046167683840518e-02	   6.9939716053996917e-02	   2.6644157059601603e-01	   2.1608074414609871e-01	   2.2472307705065314e-01	   2.4425037101076266e-01	   2.5986966669223427e-01	   1.2926593406486497e-01	   1.8564797064920127e-01	  -3.6599575868266887e-01	  -2.3302256834507368e-01	  -1.3685082467782667e-01	  -1.2463835126300811e-01	   3.7748535597847915e-01	   6.1305013417150134e-01	   2.0918695523661501e-01	   3.8550218396400149e-01	   2.0973786104135708e-01	   2.3698922088917532e-01	   8.2588815882047495e-01	   9.6510762878574341e-01	   1.0546513501816468e+00	   8.7999663897480573e-01	   8.7908384604434375e-01	   9.3944317663127541e-01	  -3.8810915500873081e-02	   1.1569000002379291e-01	   2.0493539945071287e-01	   1.9106320140935774e-03	   2.7330952686371035e-01	   2.4510595218602005e-01	   7.9092800346712810e-01	   1.0831228786079017e+00	   3.4400115487801891e-02	   3.4777793203051771e-01	   5.4881948342381921e-02	  -2.4979538059654680e-02	   3.3398482615785985e-01	   3.4902945685402420e-01	   3.2616388605740720e-01	   3.3948544168239625e-01	  -6.2161521734080211e-02	  -5.9465227089999316e-02	   4.2186131206855937e-01	   9.0204901931411063e-02	   6.6961126892247744e-02	  -2.8419472343403029e-01	
  -2.5002106435214344e-01	  -1.5017953000031523e-01	   3.2911924859676617e-01	   1.2329118500077956e+00	   5.0202054626522818e-01	   1.1797212828882369e+00	   9.3842617705144538e-01	   0.0000000000000000e+00	   8.2935971989207746e-01	   1.2400403014158898e+00	   5.8632185253797361e-02	   5.3904062863215052e-01	   1.1013930466002232e-01	   6.0144952904224169e-01	   6.3692532916103173e-01	   9.5166071500470539e-01	  -6.4084262006985748e-01	  -5.6303110831271064e-01	  -2.9592577967257261e-01	  -2.2785243046079334e-01	  -5.5729952699654795e-03	  -1.4308729579568275e-01	   1.5162679215307345e-01	   5.9487997099731948e-01	  -6.9674312098358704e-01	  -6.7489744507212168e-01	  -3.9380679220714243e-01	  -2.3642280521100356e-01	  -4.9018608755824822e-01	  -1.9224572454672473e-01	  -1.7685692438816014e-01	  -5.7902632582037893e-02	  -7.8065726296324703e-02	  -9.0814224680556596e-02	  -1.1548059388208354e-02	  -3.2195110815982014e-01	  -1.9618972395849613e-01	  -1.0687790146913997e-01	  -1.5629103592686963e-01	  -3.1203770960141952e-01	  -4.6493152835445528e-01	   2.0115247177301568e-01	  -4.6462680954859809e-01	  -4.4081994242839329e-01	  -4.6473613092526250e-01	  -3.0709935742171129e-01	  -3.4889582942157660e-01	  -6.6317369615498811e-01	  -2.1987972755591378e-01	  -2.9447379395400035e-02	  -9.5572835318393112e-02	  -2.0446319379837463e-01	   2.7532202934824002e-01	   5.8207008065313426e-01	  -2.2786946603815048e-01	  -3.7358499538129314e-01	  -4.6627979562256805e-01	  -4.7274921702495737e-01	   1.7125517116502889e-01	   4.5702802915322416e-01	   8.3434881274014938e-01	   1.0720559175696782e+00	   4.8827495072858579e-02	   6.0071117062815593e-02	   1.1169416214407417e-01	   6.5092448094071287e-01	   8.3687150715670247e-02	   1.5019766892519112e-01	  -6.1533340850939977e-01	  -2.1854518909502221e-01	  -1.4667399383407517e-01	  -1.3593355572909154e-02	  -3.8246184231959440e-01	  -1.1741723819972112e-01	  -1.0576116550588752e-01	   4.0389362332551648e-01	  -3.6886809617819355e-01	   3.0974409649422927e-02	  -3.3063079855371003e-01	  -5.6276104229707613e-01	  -4.2042947354223503e-01	  -5.2110464934962009e-01	  -5.2183514249057872e-02	   4.8531733175480707e-01	  -9.4350108529936486e-02	   2.0765518525598953e-01	  -1.4271299621085506e-01	  -1.1517998652782735e-01	   6.3737219037786697e-01	   9.0307639963167230e-01	   6.7328068717979850e-01	   5.3283167774198159e-01	   8.7472783688921685e-01	   4.7179906969579821e-01	  -3.4162688281105030e-01	  -1.0655986862028738e-01	  -1.0365133154670564e-01	  -1.6062801829793263e-01	  -1.9079028082044996e-03	  -1.1402729209387660e-01	   9.9455484628856916e-01	   5.8806248684522155e-01	   4.4390216468102699e-02	   1.0017832408961064e-01	  -4.2211211520501550e-03	  -1.4789697001286611e-01	   4.5107872301620465e-02	  -1.4206562751471133e-01	   1.9843087800058368e-01	   4.5879019984255386e-02	  -2.7548737699751424e-01	  -2.6526119098442358e-01	   2.0075183946021474e-01	  -1.8909623730722513e-01	  -3.1378839766965033e-01	   2.9080721118149553e-02	
  -1.2087567656428051e-01	  -3.3785932001336491e-02	   1.7898001708874253e-01	   5.9419939568535585e-01	   8.5911935016706753e-01	   7.6951947933678166e-01	   6.9670706351964418e-01	   8.2935971989207746e-01	   0.0000000000000000e+00	   8.9418148285371368e-01	  -2.3645001147397710e-01	   2.9141453213186508e-01	  -1.1039008629936622e-01	   1.2812868499852012e-01	   3.4654237840436453e-01	   8.1132346028747349e-01	  -2.3852812234391083e-01	  -8.7717588145308029e-02	   5.2671761794288209e-02	   2.6515313768277210e-01	   1.7666561875238651e-01	  -5.4992362652818261e-01	   1.0343782161893331e-01	   5.0536417456865523e-01	  -3.7991212440471894e-01	  -4.3542235285990027e-01	  -4.7000646208880814e-01	  -5.4283656747215336e-01	  -1.8220101472086869e-01	   3.1217249739666225e-01	  -5.2040119642251361e-03	   1.0188231272088173e-01	   6.0097330841900965e-03	   2.1574775579586650e-02	   1.1135487284314283e-01	  -2.2474203113481417e-02	  -7.1997946333144922e-02	   3.4752049584191708e-01	   1.4955530166935305e-01	  -2.8337561532088728e-02	  -2.3339493751289903e-01	   1.8054594978016256e-01	  -7.3939254763326245e-02	  -1.6227188412950733e-01	  -7.8068326259654514e-02	   4.3052728141460356e-02	   8.0140617138638820e-02	  -4.1856593466418740e-01	   2.5714281428840309e-02	   1.4927135496271376e-01	   2.6579935468370872e-02	  -3.9063024255679729e-01	   5.0794075766932179e-01	   4.9380695960974341e-01	   2.1411075169596606e-02	   9.0674190605647548e-02	  -8.2055446061411949e-02	  -1.2441168443647464e-01	   2.8766513732267207e-01	   2.4257963636843616e-01	   5.3165534660534852e-01	   5.5353303481493277e-01	   1.0270077980149298e-01	   9.5233681073620555e-02	   1.0258379165444344e-01	   5.8726260567226130e-01	   3.0474350259186839e-01	   1.6129258294313825e-01	  -1.7906560515480721e-01	  -4.9152770990064806e-02	  -1.8566399313411572e-01	   3.6511131498839300e-01	  -3.2165593698437231e-02	   3.9605750213015112e-01	   1.2712378379135206e-01	   8.6459276448743072e-01	   1.0394741917965208e-01	  -2.7553680656378081e-02	  -1.7982469224039893e-01	   5.5823612661096519e-02	   1.1319170299220331e-02	  -1.7950035184996893e-01	   5.3179689566850733e-03	   6.1331205432399249e-01	  -3.1827065369335332e-03	   2.0526192305932961e-01	   7.8423792787893951e-02	   1.3056443629775288e-01	   3.5109378869209423e-01	   5.2335606884239261e-01	   4.7694972754050136e-01	   5.4902241987167344e-01	   5.8937905993063833e-01	   3.9745276379528144e-01	  -4.9714503711591418e-01	  -1.5654040128153920e-01	   1.7719215983227857e-01	   1.1436692928699208e-01	   2.3554026697347002e-01	   3.1011099764074507e-01	   6.6757531448038210e-01	   4.7039720189285306e-01	   2.3383448493023945e-01	   2.7766274553837023e-01	   3.5749954855696281e-01	   8.9159286125543788e-02	   8.7208094899799860e-02	  -2.9934503619413610e-01	  -1.9194040227812587e-01	  -1.3972688535463482e-01	  -1.9232246976323981e-02	  -1.3038699444245760e-01	  -3.9735616744763164e-03	   3.3559689799126052e-01	  -1.2021346460326794e-01	  -5.4295440023093625e-02	
  -4.8933395526064477e-01	  -2.6704812397997957e-01	   1.0960155775512191e-01	   7.6654654064765937e-01	   5.8063235106388666e-01	   1.1783542810426806e+00	   5.2256728041494405e-01	   1.2400403014158898e+00	   8.9418148285371368e-01	   0.0000000000000000e+00	  -2.8510593615219815e-01	   3.9483586004903654e-01	  -2.5513716207420095e-01	   1.6778168927327197e-01	   3.4192002363047158e-01	   8.8395262276833264e-01	  -2.0313009945891680e-01	  -9.4233658221827596e-02	  -2.4304955845500276e-01	  -2.4410528045089297e-01	  -1.5198964745066440e-01	  -4.6188467872402961e-01	   5.8129992442131233e-02	   4.9172991481170025e-01	  -6.8428522502160793e-01	  -7.7216477433957742e-01	  -5.1985708108675610e-01	  -3.2916891126810427e-01	  -3.7119322885183453e-01	   1.2796641227811256e-01	  -1.1045437761143065e-01	  -8.9796451275890421e-02	  -1.0661208729382579e-01	  -6.1970009709012966e-02	   1.0985744873465290e-02	  -2.0524472472936273e-01	  -3.2297093447730324e-01	  -1.9757123833709073e-01	  -2.3949614496069327e-01	  -4.7913546781524941e-01	  -6.3174834294197280e-01	  -1.1483528955498173e-01	  -3.1194842207844836e-01	  -2.6182705282382568e-01	  -3.5301752493567429e-01	  -1.9605846195049723e-01	  -3.6100356105512937e-01	  -6.5456473378946811e-01	  -2.2903020579061786e-01	   2.2641854501793367e-02	  -2.4917564591413399e-01	  -2.6202937984128916e-01	   1.1502726438714837e-01	   4.3367606856707286e-01	  -2.9094058193860373e-01	  -4.3984439963011701e-01	  -3.1985754813958117e-01	  -2.9679929402331867e-01	   1.9457924934009352e-01	   4.1300422243481755e-01	   5.7650811243991529e-01	   6.4934930342348285e-01	   2.5704038838955645e-01	   1.0621787196806567e-01	   6.1337292011793228e-02	   6.7582053694296684e-01	   1.0283678641373317e-01	   9.6431108249187797e-02	  -4.2328457705811090e-01	  -6.7142727634127278e-02	  -1.2913982052898862e-01	  -4.5534787239030490e-02	  -4.3749010533044713e-01	  -5.9718014743204699e-02	  -3.2405643324911215e-01	   4.3784973539831196e-01	  -3.8705726259655066e-01	   7.8416539813350710e-03	  -6.5143373441478884e-03	  -2.1433694596754790e-01	  -1.7665595328063938e-01	  -2.9950331491148013e-01	  -2.0618845284460163e-01	   5.4356492991747429e-01	  -2.0113086457307996e-02	   2.6674107815756892e-01	  -1.3258534087044871e-01	  -7.1409961675175937e-02	   4.5530898540796788e-01	   5.9346349446030966e-01	   5.7880428889615010e-01	   5.9332643839759625e-01	   8.5493844128084062e-01	   3.7384992268090433e-01	  -4.4165573682913606e-01	  -2.4184445414729666e-01	  -1.8234878204892258e-01	  -2.3444274520126029e-01	  -1.1266679111468131e-01	   1.3394505389220986e-02	   9.3380815425574548e-01	   4.9886973280513275e-01	   3.4334798063788974e-01	   3.3918307279250731e-01	   3.0416925808659412e-01	   1.1286757927590932e-01	  -6.4729506403030865e-03	  -4.5472310073838135e-01	  -1.3390598998949055e-01	  -1.4671394434352611e-01	  -1.6220219439539643e-01	  -1.1108057868096133e-01	   7.5447615263411871e-02	   1.0778652270688344e-01	  -1.9954565835946997e-01	   3.1146898073474422e-01	
   8.3711945453558856e-01	   4.0164399263480610e-01	   9.3080711228789381e-01	   4.2359843249955437e-01	  -1.5282382136361138e-02	  -2.4026890597448201e-02	   4.0253936935098866e-01	   5.8632185253797361e-02	  -2.3645001147397710e-01	  -2.8510593615219815e-01	   0.0000000000000000e+00	   2.6051822403555347e-01	   1.1912314800290105e+00	   3.8431215683525055e-01	   7.1618499648531631e-01	  -5.2613933914398212e-02	  -5.3114366999224716e-01	  -7.1057951331885105e-01	   4.5069845877578418e-01	   3.3636723866993917e-01	   2.3333322705943432e-01	   5.1062254655103245e-01	   6.0576319314679539e-01	   3.2424036617530416e-01	   3.0172842040521541e-01	   2.1661884109247537e-01	   1.4124152744657001e-01	   3.3925426274782222e-01	  -3.1793607690503808e-02	  -2.9109666573377652e-01	   4.6493283127490403e-02	   1.8916473588787927e-01	   5.7396662579866697e-01	   3.9967301115673853e-01	   3.9662572889361963e-01	   1.0680960871049673e-01	   2.1012894428337736e-01	   1.1454069364550329e-01	   3.5387162576777859e-01	   1.1883520785684874e-01	   4.1068945380458366e-01	   5.2610989115672535e-01	   1.4496850825989591e-01	   1.5217610545291996e-01	   1.3626598745888313e-01	   2.4006770162561836e-01	   1.1829011463965254e-01	   3.0605602612557209e-01	   2.8269645188261139e-01	   3.4398771511532761e-01	   6.3855471937344765e-01	   6.0312706581046049e-01	   3.5706110778403494e-01	   1.4735426246056713e-01	   1.8084152406943854e-01	   2.8288794330116590e-01	   2.8111121275982748e-01	   2.0141916950887900e-01	   4.2296423911194425e-01	   4.8546107214157375e-01	   5.4230032889751745e-01	   2.7154575530164721e-01	   4.7361634066955177e-02	   1.2819528550511358e-01	   4.4079797112293151e-01	   2.5561607688346921e-01	   4.8381450734862508e-01	   6.5399519640427950e-01	   3.1943338935750659e-02	   4.7768728638391732e-02	   4.5319395150421299e-02	   3.5515117641417585e-02	   4.0129666096966682e-01	   1.3079018179635665e-01	   4.4698566115880556e-01	  -2.8684514082341749e-02	   9.6737086930435270e-02	   1.3584656798471054e-01	  -6.1886277494385511e-01	  -4.9110257481204223e-01	  -2.2444108859338835e-01	   1.0822593462988243e-01	   4.7674411061843280e-01	   6.7960990915369626e-02	   3.9525632422483048e-01	   3.6671081565929037e-01	   4.3603635675608454e-01	   3.1381085494486993e-01	   3.7755487071468058e-01	   4.8008226546678850e-01	   1.3571116020117699e-01	   2.4175369503995407e-02	   5.5470852193564069e-02	   2.0445914990382560e-01	   3.1501225879677425e-01	   5.3144600259574637e-01	  -6.3982922487361343e-02	   1.4947312309522620e-01	  -4.5369115978081263e-02	  -4.1019380149823370e-02	  -2.0451582706725688e-01	   1.5897594442315133e-01	  -3.3875867754635358e-01	  -2.3149821097652412e-01	  -1.8788559179807940e-01	  -8.4423940577296686e-02	   3.4653752214001055e-01	   3.8444905292715548e-01	   4.7503660316128027e-01	   2.4369510314480336e-01	  -1.7417815458679517e-01	  -1.8385573472381789e-01	   6.2928184050437597e-01	  -1.6180128525901946e-01	   1.7529836343398023e-01	  -4.3107335033224242e-01	
  -9.0974445624079553e-02	   3.4264497046912112e-01	   5.1127022446745785e-01	   6.9659226542370323e-01	   3.8591311654125965e-01	   3.1798164864871981e-01	   5.6516521457013136e-01	   5.3904062863215052e-01	   2.9141453213186508e-01	   3.9483586004903654e-01	   2.6051822403555347e-01	   0.0000000000000000e+00	   1.7676122609340397e-01	   6.4097713682003976e-01	   6.5202080692792408e-01	   3.3050723105159502e-01	  -1.8684776523054997e-01	  -9.6880314176106402e-02	   1.4221944586564739e-01	   1.6791548390333455e-01	   3.4659777772761013e-01	   1.5656546805001367e-01	   5.4113778529687362e-01	   5.9777417346987316e-01	   2.6076048142984729e-02	  -2.0602970072601080e-02	  -1.0362146183443124e-01	  -2.5280249706198610e-01	   2.8163899573872730e-01	   2.1507737862134116e-01	   6.2852731285433661e-01	   6.5826879878082278e-01	   5.4377422858775615e-01	   6.3537923655584161e-01	   3.7744171004336419e-01	   2.1645478313234898e-01	  -2.4459337328080322e-01	  -1.9436430657650261e-01	  -6.4610404967454446e-02	  -3.3387257681809551e-01	  -8.0512567430809395e-02	  -4.6359635194947506e-02	   3.2761336621242865e-01	   3.6728487696316070e-01	   2.4233231653913517e-01	   4.0347812000605277e-01	   3.4202955239628702e-01	   5.1035020146036371e-02	   7.5981297263527481e-02	   3.7255617545803044e-01	  -5.3719039785443054e-02	  -1.5395060617561540e-01	   1.5578784639707294e-01	   3.7280657543018414e-01	   1.7786095077405131e-01	   3.7945257605126612e-02	   7.4162098676658017e-02	  -1.1263484911953151e-02	   5.3002568762324544e-02	   3.4702991279358941e-01	   4.1496349294242452e-01	   7.2506111742521795e-01	   3.4402940692018413e-01	   4.3370669838427250e-01	   3.1847349739801639e-01	   6.4761371174803029e-01	   2.5168794754316909e-01	   4.5749362142558231e-01	  -2.4667819267350508e-01	  -2.1886473037517865e-01	   2.5602818224922330e-01	   1.4809931725346503e-01	   9.0954983252945210e-02	   2.9220571568637676e-02	   3.0033525543683104e-01	   3.2753779826156609e-01	   1.1286998927090647e-01	   3.6081457629870134e-01	   1.1652947834479399e-01	  -1.9393231742159694e-01	   1.5835980428743035e-01	   2.3355393309008921e-01	   2.9685958204781482e-01	   7.0805211571463711e-01	   4.3670002239137873e-01	   6.4078184659211290e-01	   3.8994468708625185e-01	   3.5903542669824379e-01	   3.5307147282952972e-01	   6.4772827180652259e-01	   3.2011766319664042e-01	   2.1292487943708746e-01	   4.0951693279264872e-01	   3.3607794161491977e-01	  -4.1180133679579556e-01	  -1.8804324908075729e-01	  -1.0128914171795855e-01	  -5.9917940475773895e-02	   2.9222370147963844e-01	   1.2627596142331388e-01	   2.2682495056512555e-01	   2.4716527077038666e-01	   1.2064352692978664e-01	   2.1317014723602096e-01	   2.3617519806772738e-01	   2.0866483036846487e-01	   3.2235691259711506e-02	   4.6409803391011681e-02	  -1.5810586708180685e-01	  -3.4199130395077666e-02	  -1.5305392562763839e-01	   1.7339342628275486e-01	   3.3987126114490501e-01	   1.5735499596864316e-01	   2.8754180328036516e-01	  -2.3537232327292104e-01	
   8.6216185183922744e-01	   4.7807251070410633e-01	   5.7144506506866799e-01	   4.1650474082606642e-01	   2.2060218786508928e-01	   3.1788911087215897e-02	   2.8153401820946988e-01	   1.1013930466002232e-01	  -1.1039008629936622e-01	  -2.5513716207420095e-01	   1.1912314800290105e+00	   1.7676122609340397e-01	   0.0000000000000000e+00	   5.3184170694510624e-01	   4.0803385279616872e-01	   2.5507493048454399e-02	  -6.3907014478091151e-01	  -6.8025295461113766e-01	   1.5850879850193983e-01	   1.8852166643591584e-01	   7.6390333317767109e-02	   2.6625898283294747e-01	   1.4166433251890720e-01	   4.2607170935793628e-03	   2.3967095730983357e-01	   1.4514397111798827e-01	   2.2842994355521168e-01	   2.3705549025777500e-01	  -2.5951779889905685e-01	  -3.7127050886967211e-01	  -2.8132751516754056e-01	  -1.5213023697300271e-01	   3.0445677397131998e-01	   1.2709408302492098e-01	   2.8534294238422429e-02	  -1.7493388180666636e-01	   4.3914758743132762e-02	   1.2445635953068337e-01	   4.0414866480887301e-01	   1.4873734155842427e-01	   3.0490024261427290e-01	   8.2898712566712329e-01	  -2.5438202703461008e-02	  -8.5775284168862306e-02	  -5.1928738501674718e-02	   1.1604209660565533e-01	  -5.2594267281785199e-02	  -4.0093255061977853e-03	   2.7560604862166793e-01	   2.3710429616230116e-01	   7.6178475116982269e-01	   6.5346403796480035e-01	   2.1710417987876504e-01	  -7.3601958573647651e-03	   2.3039239313969584e-01	   2.2889500054292231e-01	   1.4227561127262572e-01	   1.4750913779583974e-01	   3.9478125948167914e-01	   5.8292073685356649e-01	   5.4588527518926455e-01	   3.5775937146462911e-01	  -6.8163708870362272e-02	   3.1382104821551382e-01	  -2.4565429734927494e-03	   2.7503722924285531e-02	   2.6941819708343173e-01	   3.7101311912848151e-01	  -1.8747656947430958e-02	  -3.4361097119626455e-02	  -4.2614369690982934e-01	  -2.4310880606777818e-01	   1.1033922268749205e-01	   5.9185338418198633e-02	   3.4748580720733890e-01	   4.6050853471931316e-02	  -1.1856530620617403e-01	  -2.5292737802246645e-01	  -8.6433990435786257e-01	  -5.5859688080748360e-01	  -4.0638864249921131e-01	  -1.2362601762601529e-01	   1.3217776619126653e-01	  -1.9987557412924842e-01	   1.4738549355430663e-03	   1.1269038243553371e-01	   3.4684331190159035e-01	   1.4236329899407540e-01	   2.5147618010284012e-01	   5.4205366381626185e-01	  -1.2091980725879902e-03	  -3.5836413524806508e-02	  -3.3271389720638429e-02	   1.5390455530508984e-01	   5.5107988893290161e-02	   3.8353521619847725e-01	  -1.4333709514642989e-01	  -2.5634197640467302e-02	  -1.6949370160278981e-01	  -2.2586212104836351e-01	  -2.6731357527370175e-01	   1.7345587284190996e-02	  -4.3064954957083845e-01	  -4.9987469398157908e-01	  -3.3328423910839977e-01	  -3.2200490452463110e-01	   6.4267497353123218e-02	   1.8387656257063884e-01	   3.6872266849009583e-01	  -2.7781592328057284e-02	  -4.4762208268740467e-01	  -5.3815959831193017e-01	   3.7070713495021229e-01	  -3.4889296432494454e-01	  -1.3997971981125826e-01	  -4.9435023220284552e-01	
