   0.0000000000000000e+00	   1.2999177829170276e+00	   5.0508914543464811e-01	   3.0045133062031437e-01	   1.4123627544765679e-01	  -1.5278790939464282e-01	   8.4048332128579895e-01	   5.4389068966308185e-01	   3.3140767694901568e-01	  -1.2655837992963215e-01	   1.3269958923991689e+00	   1.4499147972481008e+00	   1.0939781108438740e+00	   9.3327394977576450e-01	   6.5840121885668657e-01	   9.6573938991878949e-01	   1.1206892602451384e+00	   1.3627458940037411e+00	   7.2485592246158959e-01	   8.8720516317120401e-01	  -2.2590695883089168e-01	  -2.5233395833734085e-01	  -1.9374937753281782e-01	   1.4002144665281904e-01	  -4.8738901233051346e-01	  -7.8579983917757312e-01	  -3.1720400280911831e-01	  -5.1883105474259028e-01	   8.8446452070973802e-01	   6.2119555958889205e-01	  -7.9440869417178733e-02	  -1.1965928210773977e-02	   5.2467172520794370e-01	   3.9696604347155079e-01	  -8.0285866907187597e-01	  -8.2975291633971193e-01	   6.5507547208286197e-03	  -2.9759510670875144e-01	  -2.7277427153246103e-01	  -5.9669427303222078e-01	   1.2199341765995231e-02	  -6.0883001472840495e-02	   2.8228601710213741e-01	  -4.4542555596551459e-01	   6.3972042180115207e-02	  -1.7436582112755200e-01	  -1.0276407687162600e-01	  -3.9344557056879464e-01	   3.3744302860759834e-01	   4.0998559752763253e-01	  -3.2524016587567384e-01	   2.9157260313355016e-01	  -1.7111053566610318e-01	   2.7213443396215720e-01	  -2.2305118677151964e-01	  -2.0835242371147067e-01	   1.4502046084729967e+00	   1.1405641736502219e+00	   6.1839427502835187e-01	   5.3416902506700017e-02	   8.7411053424545004e-01	  -1.9428088238372004e-01	   1.1046957729511426e+00	   8.5834993986608643e-01	  -7.3694495207271771e-01	  -7.8784981568062218e-01	  -7.4529945991846025e-01	  -8.2614963695073840e-01	   5.6047436455736055e-01	   2.5965784722275892e-01	   1.8106361849889982e-01	   3.1706028234122213e-01	   2.3686274641706670e-01	   5.2866364897422624e-01	   8.6826417583831889e-02	  -6.1497479008733383e-02	  -5.5221621636120467e-02	   2.1114634867364132e-01	   1.7248067071724027e-01	   4.1033078498926240e-01	   6.7065726932478065e-01	   9.3442749881865206e-01	   1.6276028651497165e-01	   5.2018648121758593e-01	  -1.8211689028840217e-01	   2.5015689696068222e-01	  -2.1505599830140210e-01	  -4.3051049067343611e-02	   3.8148978121877708e-01	   1.2956861333259020e-01	   5.9031581797200927e-01	   2.4676198090748944e-01	   2.9478532691901405e-01	   3.3695471277954964e-01	   3.9435499058321222e-01	  -6.9676411925700787e-02	  -1.6834024770143052e-01	  -2.5911209216683445e-01	   3.7363048201406779e-01	   2.5014807081836099e-01	   2.0876176352614859e-01	   6.2981453360602779e-01	   7.2298665030840104e-01	   1.7145252004276682e-01	  -4.0098140774233271e-01	  -4.7197899371828861e-01	   1.1568574496669307e-01	  -2.9868953037918700e-01	   4.2901658287800598e-01	   4.9799646223018479e-01	  -9.0779585085657366e-02	   1.8154695516085984e-01	   3.9574774104102406e-01	  -2.0124479772364284e-02	   3.0266538026679912e-01	   1.8799856224205344e-01	
   1.2999177829170276e+00	   0.0000000000000000e+00	   3.4469950791127713e-01	   2.3692049089318312e-01	  -1.6917619525404851e-01	  -3.5236728745071411e-01	   3.3548183065025183e-01	   2.0469957726834453e-01	  -9.2585051510870417e-02	  -4.0656333015230084e-01	   6.8014771054536705e-01	   8.8235081554390749e-01	   5.6753780552545718e-01	   6.7354077494402198e-01	   3.6543483661417175e-01	   7.4033694883083478e-01	   8.7089902741772596e-01	   1.2492236908361538e+00	   5.7938220041123467e-01	   8.7195625401419741e-01	   1.8552451383952309e-01	   1.3031034941606912e-01	  -1.6360244203857577e-01	   2.1349523980404103e-01	  -2.5085851938716386e-01	  -4.5972443772634480e-01	  -6.2741997678689876e-02	  -4.7195448989657229e-01	   7.2415938446716355e-01	   6.2422152013075538e-01	  -1.0273439666165686e-01	  -1.6998943099310301e-01	   5.4866058110654925e-01	   3.4645416248555427e-01	  -5.7366764579073781e-01	  -5.9655400208845910e-01	   1.7717444625251366e-01	  -3.9114254284621846e-03	  -1.5058054257691345e-01	  -3.4474274019246365e-01	   2.1202771453608094e-01	   2.7622874350893384e-01	   3.9996611670816662e-01	  -2.4558445512474675e-01	   5.5639488894563112e-02	  -2.8708420617764152e-01	   4.3321843035749930e-02	  -3.2643476134092503e-01	   2.6281450274651774e-01	   1.8954400109749384e-01	  -1.7922663085670715e-01	   1.8676857868742028e-01	  -1.8738647004649178e-01	   3.0201015241032736e-01	   4.2815187675058666e-02	  -6.7483253613838959e-02	   1.1279627737852671e+00	   1.0870298045256355e+00	   3.1305265508892105e-01	   2.0976102316764406e-02	   3.9254901044274559e-01	  -5.0102147459235957e-01	   6.1254277131234147e-01	   4.9853978598046367e-01	  -7.0279382329196194e-01	  -5.0792457752733156e-01	  -5.3858592152045270e-01	  -5.1283593091801993e-01	   5.9965934479329064e-01	   2.9328599356054452e-01	   3.1215287609900350e-01	   5.4140906865218064e-01	   2.0448665087654008e-01	   8.2600677993738647e-01	  -5.8311175087485512e-02	  -7.1605211604222244e-02	   2.2630750983900305e-01	   6.3732787349332432e-01	   3.2028131226493151e-01	   2.9869221283692415e-01	   6.4648779514601162e-01	   1.0470549459917962e+00	   2.0171920752151418e-01	   8.9109797515654532e-01	  -4.7949199868248735e-02	   3.9398286703827945e-01	  -6.0458470203417568e-02	   1.7912493356211413e-02	   3.8709357923415633e-01	   2.1090841978308039e-01	   6.3074797546729400e-01	   1.9454091237306642e-01	   2.2780974024848177e-01	   2.8612282777125264e-01	   1.7971857249440587e-01	  -1.5366198037394349e-01	  -4.1783668963710885e-02	  -2.1063184759762263e-01	   4.0633149831938953e-01	   2.9053114515872713e-01	   4.1594815330034340e-01	   6.4775336135670125e-01	   1.0207805381490564e+00	   3.3062567493330103e-01	  -1.0461551666171123e-01	  -2.0675886494938359e-01	   8.9302572078446510e-02	  -2.4670032299277495e-01	   4.3081938981861395e-01	   7.5671312554935999e-01	   2.6295897064189155e-01	   2.5470142815442642e-01	   2.7726716479285174e-01	  -6.2047488140427161e-02	   3.2129086916607719e-01	   8.5000179171686605e-02	
   5.0508914543464811e-01	   3.4469950791127713e-01	   0.0000000000000000e+00	   8.9027148316336746e-01	   6.1239341354630805e-01	   9.3787475124256961e-02	   9.3677872041268417e-01	   8.2580987806088313e-01	   3.7082243436723888e-01	   1.1549925040147167e-01	   3.3818130050113526e-01	   4.6287904187235440e-01	   3.7191524639409501e-01	   4.2283278134801422e-01	   4.7222460548085798e-01	   6.8740379875823943e-01	   6.1068908929828014e-01	   3.8927191155948843e-01	   5.6668228712290780e-01	   4.4336550328922864e-01	   1.2615394685982523e-01	  -8.3781779123454483e-02	   5.8966315270065961e-01	   6.2924363501634739e-01	   4.3811614257336495e-03	  -2.5021149994023534e-01	  -8.9315121136699094e-02	   1.2054853256825396e-01	   3.3831662771466203e-01	   2.8227613153284925e-01	   3.3200396755768280e-01	   4.2948549407414172e-01	   9.2982531380533062e-01	   8.9055218550125093e-01	   3.8701885924609922e-02	  -8.8376967942911250e-03	   6.9602276390251724e-02	   6.1306581385297904e-02	   7.5039713751925599e-02	  -1.6149769513390802e-01	   7.4131981156325244e-02	   1.6840116391899232e-01	   4.8488471567175495e-01	  -6.2021682913122878e-02	   4.4520288179131812e-01	   3.8541366630050933e-01	   4.2892984416677937e-01	   1.3131963689386614e-01	   6.6684287825504684e-01	   7.2045115137033910e-01	   2.9796361418356393e-01	   7.9774559949405000e-01	   3.7913365638307317e-01	   7.7820476402703642e-01	   2.7943755845095980e-01	   6.7522603266928449e-01	   7.8843675711738637e-01	   5.1176970727909010e-01	   4.7366197877822702e-01	   2.3112726331873196e-01	   6.4894112153417793e-01	   1.1927609717617396e-01	   8.2044892941614256e-01	   7.1853084089831765e-01	   1.5994512407441963e-01	  -1.2378949999945779e-01	   1.6648153527281387e-01	   6.2068168301423580e-02	   7.0023725632418088e-01	   6.9290197392150299e-01	   5.8157805450788913e-01	   7.4387159220369048e-01	   4.0362578823068657e-01	   3.2676855933161075e-01	   4.3024516463937057e-01	   4.6082121030406958e-01	   3.9107070681173650e-01	   2.7088968371288624e-01	   2.9045274502219171e-03	   9.5342124575947138e-02	   4.7964000987686661e-01	   4.3345857439140217e-01	   2.1595874470596330e-01	   3.8467113149850490e-01	   1.3161895597111142e-01	   4.2872983082880239e-01	   4.2712927239500753e-01	   2.7660385275958493e-01	   7.4351223762211327e-01	   5.9288813087772807e-01	   7.4828690956785948e-01	   2.7760391272350426e-01	   5.6432978608184858e-01	   2.3781637395227637e-01	   1.8718247114271569e-01	  -1.1567304684614488e-01	   2.2186228125422072e-01	  -9.2446313001531204e-04	   6.6398203416378765e-01	   6.3300742756895390e-01	   7.5145025953905165e-01	   6.6959757072123305e-01	   6.1293847478889008e-01	   4.8497882294827832e-01	  -1.5343479933942736e-01	  -1.3944712485465885e-01	   3.9922586820309530e-01	   1.9639112840554490e-01	   5.4369179084161334e-01	   3.8011257362809731e-01	   3.7150713322578305e-01	   2.4551768007887559e-01	   3.7171681493472740e-03	   2.5644687012115552e-01	   1.3021861547483504e-01	  -1.9283131073107534e-01	
   3.0045133062031437e-01	   2.3692049089318312e-01	   8.9027148316336746e-01	   0.0000000000000000e+00	   7.9908219520084411e-01	   2.7211510376927417e-01	   4.9383086312596974e-01	   7.6012298707477288e-01	   7.3982470314517643e-02	   2.6655609295925908e-01	   1.1663539985874470e-01	   2.9420906080323028e-01	   1.0492976367797327e-01	   2.2660129712677762e-01	  -4.1607217550087859e-02	   3.9793117961674473e-01	   3.0674982670106166e-01	   2.5589985669049731e-01	   5.2768532212333841e-01	   5.3004261577422429e-01	   2.9226144234907009e-01	   5.7515914987409378e-02	   9.0352484194843141e-01	   1.3029635023587121e+00	   3.0380834754432562e-01	   1.4182383127786571e-01	   1.3971508074596306e-01	  -6.9285237982212186e-02	   2.0262073918820458e-01	   4.4283246622631178e-01	   9.7922693550088791e-01	   1.0098910256005484e+00	   9.0933802801634533e-01	   9.4815635424515976e-01	   3.3430188101170505e-01	   1.6257476267992774e-01	   3.4612760089121952e-01	   4.0458722770757621e-01	   3.2510510163661271e-01	   1.2769579965310027e-01	   2.9595641759837937e-01	   3.2120188891748558e-01	   1.0334784158315800e+00	   3.4596977441582544e-01	   9.6660272811303694e-01	   6.9319577682820999e-01	   6.8989328684209461e-01	   4.1893529867192592e-01	   1.2838112256544647e+00	   8.7445109743315763e-01	   2.5094326196406352e-01	   8.5260138663269136e-01	   4.4532275969836715e-01	   8.0839011961775520e-01	   5.6093701578596855e-01	   6.5573257855674072e-01	   3.7339451302434984e-01	   2.8301521193111900e-01	  -3.7840405708100780e-02	  -7.7635083934170040e-02	   4.0174326485587714e-01	   1.7344929538132361e-01	   4.9993985693401127e-01	   3.4378329093933174e-01	   1.4315228482756742e-01	  -1.4399484733912768e-01	   2.7168784589565753e-01	   1.0935534809778448e-01	   7.0134172511681259e-01	   7.0372097827146818e-01	   9.9925140901480836e-01	   8.5068432717950770e-01	   6.4101251803483961e-01	   2.3681849898231483e-01	   6.3189060498760663e-01	   3.2442641988273341e-01	   5.7803569851651915e-01	   5.5408321305670505e-01	   5.3717920043866285e-01	   2.6665779012296642e-01	   3.8732839190008356e-01	   2.3716274625697803e-01	   2.5534808406054549e-01	   3.5398221415647463e-01	   1.6945314018459498e-01	   1.8925249698693836e-01	   6.0958760230408671e-01	   6.2808732404339540e-01	   8.1774376094949530e-01	   6.6701030953117035e-01	   1.0347575443576249e+00	   5.2220196210506797e-01	   9.5519031817390221e-01	   4.2486973865600380e-01	   1.8300781144540582e-01	   3.1141310402702949e-02	   4.2396125743661889e-01	   1.3311548518052824e-01	   9.7189339080697634e-01	   1.0304937741689277e+00	   8.1927385310183776e-01	   9.7548056271194694e-01	   4.5562689361415071e-01	   1.1024957286123110e-01	   2.4183364160589396e-01	   2.4348557596028708e-01	   5.6768618132251780e-01	   3.7910912623181198e-01	   5.8379852242202801e-01	   4.0297570399534954e-01	   4.7411115577993046e-01	   4.2269296169924198e-01	   8.6385062159943182e-02	   4.8715618230192753e-01	   6.6913773112971298e-01	  -4.2026746683601977e-02	
   1.4123627544765679e-01	  -1.6917619525404851e-01	   6.1239341354630805e-01	   7.9908219520084411e-01	   0.0000000000000000e+00	   8.9189861876384402e-01	   5.6373681136158960e-01	   1.1193296702206497e+00	   6.4999385355153250e-01	   8.2348830170793386e-01	   7.4653173172835902e-02	   2.1781964953156174e-01	   7.8208797318148796e-02	   2.2335156499292186e-01	   1.2993421237884373e-01	   1.2342418550055249e-01	   1.6961791242670080e-01	  -3.5225872954013568e-02	   2.2806716292635872e-02	  -1.3138629999811148e-02	  -1.9019423735990398e-01	  -2.1627215841198533e-01	   7.1097309643805873e-01	   6.5138898485554697e-01	   1.0514600984950399e-01	  -3.0934711072241654e-02	  -5.3116195401452203e-02	   1.1644903593944814e-01	  -5.1311879351739354e-03	   9.6976800853685111e-02	   6.6778329274894210e-01	   1.0010283972281604e+00	   2.2624041953262591e-01	   4.9370650357535983e-01	   2.9652522122164210e-01	   1.6023173710751176e-01	   4.2747848373382469e-01	   2.6267092441630285e-01	   3.6887228998367205e-01	   1.1024809060769740e-01	   2.7092259740513142e-01	   4.3605538851573346e-02	   4.4150640171773325e-01	   1.4419146076635636e-01	   8.6208665228830061e-01	   7.8926478587990490e-01	   5.4126133375260610e-01	   4.8014396750813820e-01	   8.4809657645371117e-01	   7.9456475322020725e-01	   1.4343526396555689e-01	   6.1800147717138043e-01	   6.2089341350742677e-01	   5.8303042402229299e-01	   2.7938406318111919e-01	   3.4790265830547051e-01	   1.2224893579175056e-01	  -7.0569970640362356e-02	  -1.1451491354505244e-02	  -1.5715703425178331e-02	   3.7894652829350106e-01	   6.3941519213055531e-01	   3.0210169409657933e-01	   2.9175089612058630e-01	   3.0448156123328535e-01	  -1.3121043587268988e-01	   1.3034351989330514e-01	  -4.3828755027043864e-02	   2.4613265317056121e-01	   2.6288308276481209e-01	   1.9448714539955747e-01	   2.4806185770287614e-01	   2.3149217179472276e-01	  -3.1162926398608737e-01	   5.5569173604531086e-01	   2.1184972563422699e-01	   1.1276656713120514e-01	  -1.1428790904383031e-01	   1.9036341938568660e-01	  -1.6421259922742289e-02	   2.8678061561434798e-01	  -1.1237663390068013e-01	   3.1943797522144290e-01	  -1.1944073908531892e-01	  -1.4476865173112674e-01	  -1.3296009169372414e-01	   2.3050350162871452e-01	   3.4671518626123476e-01	   4.2385319568183016e-01	   5.5758129007510415e-01	   5.9803314483046444e-01	   7.5552132835282149e-01	   7.8165133553957200e-01	   3.7039817773339978e-01	   5.2385559389858982e-01	   3.9481231390741001e-01	   4.6772203002839663e-01	   2.0163281754044668e-01	   6.8429706199913187e-01	   8.0199878807153890e-01	   3.6167195651659007e-01	   5.1684116149206460e-01	   3.8769034997378195e-02	  -1.4730259181086228e-01	   1.0013387310075453e-01	   1.2960987763270918e-01	   2.1857170421032793e-01	   3.3932381312336668e-01	   5.4332424078417529e-01	   6.5190949603956952e-02	   4.7165853740887831e-02	   4.6610591569468085e-01	   1.1564318079771117e-02	   5.9621947750330473e-01	   5.5847837446319426e-01	   1.2849980582584986e-01	
  -1.5278790939464282e-01	  -3.5236728745071411e-01	   9.3787475124256961e-02	   2.7211510376927417e-01	   8.9189861876384402e-01	   0.0000000000000000e+00	   1.2459143564097439e-01	   6.3373974457051496e-01	   3.7211043962648682e-01	   1.3738053964751609e+00	  -2.0215685003045286e-01	   8.2964835381286572e-02	  -1.8851234614337864e-01	   2.2671046412533058e-01	  -6.6785926489945760e-02	  -4.4234527700197791e-02	  -1.3699294559675593e-01	  -1.9468667706952375e-01	  -4.0745765462935069e-01	  -4.4217561312482800e-01	  -2.9717650061386575e-01	  -1.8112452340143417e-01	   5.5833479646676065e-01	   3.6230541300751434e-01	   8.2405362689338929e-02	   7.4663436711953218e-02	  -2.0899211566105214e-01	   2.3115984279007334e-01	  -2.1413721733767138e-01	  -1.2178804402729632e-01	   4.4077809897252151e-01	   6.3539122241576307e-01	  -5.2113638407894458e-02	   2.1901791331428544e-01	   4.8563285675773726e-01	   4.6598605927725101e-01	   4.6512163793695371e-01	   4.3633110135308728e-01	   5.9179116414613775e-01	   3.9357017081481072e-01	   3.1980834840825417e-01	   7.7190701336373748e-04	   3.6255181224681599e-01	   3.7188339708865614e-01	   7.7839590196718800e-01	   9.0621637584517356e-01	   5.7986198667123234e-01	   7.1531518587234766e-01	   3.4688300292632751e-01	   5.3333345647284380e-01	  -7.5601472232101702e-02	   1.7952073072247898e-01	   6.9341948439705792e-01	   3.4360860059411330e-01	   1.8261672104935489e-01	   1.0751927566666898e-01	  -1.4917309431879805e-01	  -2.7889731259389045e-01	  -2.1662962420813955e-01	   1.7385135443504607e-01	   1.1766044226309995e-01	   9.6387068902149997e-01	  -2.6330994255130639e-03	   2.1843052773795704e-01	   3.9553324890488178e-01	   3.2243208706713312e-03	   1.5403036307184023e-01	   6.6367902169819054e-02	   3.7509223669367812e-02	  -1.3862461235623513e-02	  -1.0086673151500068e-01	  -8.4249404288199391e-04	  -1.8117136310748386e-03	  -5.3342236167967227e-01	   2.6111724669836084e-01	   1.8181836017712782e-01	   1.3129938418759507e-01	  -2.2647933100465645e-01	   6.5903247714065735e-02	  -2.5221101567650928e-01	   1.2622203800245743e-01	  -2.6382194492996480e-01	   3.5699599726750786e-01	  -3.8428359355075792e-01	  -3.7876259466719780e-01	  -2.3057500771840128e-01	  -4.9362978029883653e-02	   1.6878964307506163e-02	   3.8162362253857003e-02	   3.9510946983784556e-01	   1.7746829515504314e-01	   3.1580783703101645e-01	   2.8954132677076466e-01	  -1.8253055015112447e-02	   3.9085742281068925e-01	   7.6127157940348134e-01	   3.0809282907292040e-01	   1.5173013438491936e-01	   2.9581975857863940e-01	   4.3840531542857847e-01	   3.6668045172875065e-02	   2.6954470206270059e-01	  -2.3629468554309135e-01	   3.8523787500352354e-02	   2.8156893635815475e-02	   2.5895435223662910e-01	  -1.3104319451711452e-01	   6.0137692090655570e-01	   2.0339991909985328e-01	  -3.4609748518400685e-01	  -2.0560558740843746e-01	   3.3137330528026004e-01	  -6.0390851923266618e-02	   6.9597199659444797e-01	   4.1831456845791892e-01	   2.3212210966912153e-01	
   8.4048332128579895e-01	   3.3548183065025183e-01	   9.3677872041268417e-01	   4.9383086312596974e-01	   5.6373681136158960e-01	   1.2459143564097439e-01	   0.0000000000000000e+00	   1.1384436935130937e+00	   9.5070513489551245e-01	   2.7674178389814608e-01	   9.7534721960978499e-01	   9.7308388745429053e-01	   1.0964865657094656e+00	   8.2348847448651941e-01	   8.2695982693421932e-01	   8.5629021945110462e-01	   6.4343836075752958e-01	   4.8592560042609134e-01	   6.2389891761381622e-01	   4.3315817268291756e-01	  -4.1738765846820819e-01	  -5.7037418397894835e-01	   1.1266876768769168e-01	   2.0819045411737022e-01	  -4.5568962347640452e-01	  -7.1347674923240401e-01	  -4.5753155248552968e-01	  -2.0732564605151652e-01	   4.8142766670329662e-01	   2.1426666729261959e-01	   4.5692461358630532e-02	   2.3187436022201396e-01	   5.5407410611343133e-01	   4.6990480058632222e-01	  -4.0103521527515723e-01	  -3.7361887094585650e-01	  -1.5032382960483506e-01	  -4.0468013469095454e-01	  -5.2442080090144824e-02	  -4.4477335396080675e-01	  -1.2212392252418522e-01	  -2.7186524393841488e-01	   1.9563092935223508e-01	  -3.7313261071457904e-01	   2.4914300792529795e-01	   2.6617280994126435e-01	   2.5953487915282101e-02	  -1.5058050478193924e-01	   4.5614536741764988e-01	   7.9337267407604173e-01	  -9.6590228529204125e-02	   6.1080748475602453e-01	   1.7193177942422308e-01	   3.6102896117602212e-01	  -1.8874853437389322e-01	   8.5750636372386321e-02	   8.5578555764944908e-01	   5.8286998400924528e-01	   9.2129377347696451e-01	   3.4457270970297899e-01	   1.3551915294072225e+00	   3.2167941221491364e-01	   1.1711424905991425e+00	   1.0048947156905437e+00	  -1.3531700376770092e-01	  -4.2268813147213935e-01	  -3.1496829019552325e-01	  -3.9645081333686799e-01	   3.0106168576293690e-01	   1.9401758371019359e-01	   1.8851618141084686e-01	   1.2492864266645615e-01	   2.2388258919511736e-01	   1.1792342478311943e-01	   2.7178790197729197e-01	   2.1557209735362873e-01	  -1.4775735362016171e-01	  -1.7621769485592598e-01	  -1.8710316579028019e-01	   2.1770989836858898e-01	   3.6762782476715555e-01	   4.1909593536689982e-01	   1.1824174765527191e-01	   1.3279882208227908e-01	  -2.0435424876429101e-01	   1.6467702774688972e-01	  -9.4627799885392896e-02	  -8.1535166782314289e-02	   3.0255701326878331e-01	   6.9998396509435304e-02	   4.3379092388945401e-01	   1.1255636721827100e-01	   4.0980599990472061e-01	   2.7246163210871960e-01	   4.4845018694313815e-01	  -5.3467909956988913e-02	  -5.1272195964062045e-02	  -4.6693559088132122e-02	   3.2405764462092052e-01	   2.8099281987391656e-01	   1.3896222036999456e-01	   4.6535504726627186e-01	   2.5461947803603852e-01	   1.5692783789459691e-01	  -5.8115110054655139e-01	  -4.3959817154876524e-01	   9.2566776347240559e-02	  -1.2335087620626690e-01	   3.8626714422204822e-01	   1.2062744173200962e-01	  -2.4247056606703171e-01	   1.3741517008171539e-01	   4.3078667877116750e-01	   6.1858037825628764e-02	   8.4831386508179604e-02	   1.4497239188722622e-01	
   5.4389068966308185e-01	   2.0469957726834453e-01	   8.2580987806088313e-01	   7.6012298707477288e-01	   1.1193296702206497e+00	   6.3373974457051496e-01	   1.1384436935130937e+00	   0.0000000000000000e+00	   9.3843381344068066e-01	   7.4221020801164428e-01	   4.4276022153883127e-01	   7.9253097132346939e-01	   5.1061093047268902e-01	   7.5717911599222787e-01	   5.2389121120214854e-01	   5.6559444239662593e-01	   4.2254845083475284e-01	   2.5507946065317744e-01	   2.5127275707781793e-01	   1.9091352918113480e-01	  -2.1094988739219986e-01	  -2.6725104806881306e-01	   4.4812037743012767e-01	   5.6572814406887295e-01	  -2.3662389115098639e-01	  -4.4935979925572284e-01	  -3.1152800643958056e-01	  -9.8834844807318287e-02	   2.5492337667220033e-01	   1.9389776562760172e-01	   3.4856498173549932e-01	   5.9449201737657698e-01	   5.0189147465653194e-01	   5.8609402631878627e-01	  -1.5648365936161115e-02	  -5.1228792715523969e-02	   3.7859360121434449e-01	   1.1078688329390945e-01	   4.4610328608040001e-01	  -7.2327166520938277e-02	   3.1441442037836959e-01	  -8.1435224623782106e-03	   5.1808571228553690e-01	  -4.9933959156603987e-02	   8.2958814687808013e-01	   7.2255513576439911e-01	   5.3051756340629708e-01	   2.7120454562778351e-01	   8.5304378972022410e-01	   1.1834853841368413e+00	   4.7266312291921048e-03	   8.3344590399745866e-01	   6.6586026910657592e-01	   7.2001300443238514e-01	   2.0768213559881016e-01	   2.5958395981866017e-01	   4.9611863543042967e-01	   2.4762049477665266e-01	   3.8460725046311561e-01	   3.3606812659658519e-01	   8.4730174619241083e-01	   6.9059762206211328e-01	   6.4475885314610748e-01	   7.4767713178643425e-01	   1.0229345229222166e-01	  -3.0637252058308972e-01	  -1.4974446553886184e-01	  -2.4417553714603391e-01	   2.6716974032459351e-01	   1.5132694027250224e-01	   2.3346027708028050e-01	   2.7724636081222531e-01	   1.8075056541371087e-01	  -1.1448461467069747e-01	   3.2308294512034380e-01	   2.8904018909310114e-01	   9.0105662697344088e-02	  -7.1335253980659263e-02	   3.7260455565532070e-02	   7.5947145172817601e-02	   5.5680741986328397e-01	   2.4683958765481223e-01	   5.0582856644946284e-01	   1.3430294148373928e-01	  -2.5554567755361118e-01	   4.8260004606768991e-02	   4.7905054081099060e-02	   4.1104101526899070e-02	   3.6375070141451499e-01	   4.0356753458863726e-01	   7.6209135371596548e-01	   4.6338602412204549e-01	   8.0792124876863414e-01	   4.5145066818852542e-01	   7.0889774525724769e-01	   3.0461557231063163e-01	   3.6092696132613644e-01	   2.1748245706134620e-01	   7.6080028643239861e-01	   8.1711255338486266e-01	   3.1617855566016828e-01	   7.8751635167944334e-01	   2.3036027775092219e-01	   1.0090942776336254e-01	  -2.0797282948477294e-01	  -4.7816365938428487e-02	   2.0727808927606568e-02	   1.2193054041314227e-01	   7.9504047727131688e-01	   1.7446235777712688e-01	  -3.2626455468389444e-02	   6.1843521838690774e-01	   3.8279213449370864e-01	   4.2072335784131365e-01	   4.9491468500564517e-01	   2.3353330889281015e-01	
   3.3140767694901568e-01	  -9.2585051510870417e-02	   3.7082243436723888e-01	   7.3982470314517643e-02	   6.4999385355153250e-01	   3.7211043962648682e-01	   9.5070513489551245e-01	   9.3843381344068066e-01	   0.0000000000000000e+00	   5.6513926453275298e-01	   4.6475274488110507e-01	   5.6850323759285715e-01	   6.6119937596726674e-01	   5.4439736602504396e-01	   6.4175401795179654e-01	   2.9183841141067679e-01	   2.5437231796628118e-01	  -2.5234672991202477e-02	   2.3088878281895271e-02	  -7.7307981821429159e-02	  -5.9793698214342428e-01	  -5.5429731215622013e-01	  -1.0517230509566226e-01	  -1.2889085148043489e-01	  -6.7080799798631252e-01	  -7.4278301050546458e-01	  -5.4815364492768059e-01	  -1.7791675592154821e-01	   1.4921011075216922e-01	  -9.0728977649562476e-02	  -1.4823903091909774e-01	   1.1866603196341741e-01	  -8.6868525359785551e-02	   3.3163064347913988e-03	  -3.3892989585243838e-01	  -2.8638086101132820e-01	   2.8544432832471784e-02	  -3.5078048529906825e-01	   1.9080967895288289e-01	  -3.4706647022885156e-01	  -2.3526693231745593e-02	  -2.8703702927565583e-01	  -1.4938913234218543e-01	  -5.2928121749148183e-01	   1.2987638033922541e-01	   2.0723519835669785e-01	  -2.5350687303742573e-02	  -1.3134627286330558e-01	   1.7417903934457196e-01	   4.0076372338528576e-01	  -1.8925264431928307e-01	   2.9984478701445394e-01	   2.5113181264758339e-01	   1.1213478779679255e-01	  -2.5041623155127579e-01	  -1.0192796513701630e-01	   2.0701926646022925e-01	   2.3968374488326529e-02	   6.4898961927026932e-01	   3.8400831656446549e-01	   7.0696824591443408e-01	   6.8738861111689054e-01	   3.6845577144988645e-01	   4.4744126645449461e-01	   1.4881369406248592e-02	  -2.9366515123071973e-01	  -4.1621492504935742e-01	  -4.3468686481333757e-01	  -2.2349009406659243e-01	  -2.5194865105645642e-01	  -2.1638454113249356e-01	  -2.7721478059849797e-01	  -8.0793332966496961e-02	  -3.0451033878939160e-01	   8.9476749956017301e-02	   2.2090491805288509e-01	  -4.4913045946822450e-01	  -6.5484399802287829e-01	  -3.8654571368317270e-01	  -7.7300694432768921e-02	   1.8785403424829250e-01	  -6.6293740529154821e-02	   2.6743283529602457e-01	  -1.6432809709212925e-01	  -3.6900090890950682e-01	  -2.3107243444430778e-01	  -2.0935819668669509e-01	  -2.5954071838761417e-01	  -3.8944187954755370e-02	  -8.0772849480950995e-02	   1.4714648073160821e-01	   2.4357808947716086e-01	   3.1624101698280144e-01	   3.1336978556591527e-01	   8.6033264473855520e-01	   2.3113713024029039e-01	   1.6087250251474913e-01	   1.4256654961483212e-01	   1.4199879554667363e-01	   1.7406158850240444e-01	  -1.7788302203706446e-01	   1.3772486792370550e-01	  -1.6117666110002510e-01	  -1.7977367094955385e-01	  -5.1895272030767092e-01	  -3.9223226463909272e-01	  -3.3972540689090108e-01	  -1.8185815955464910e-01	   3.9654855244891329e-01	  -1.4753454296604629e-01	  -4.1551000748204880e-01	   3.0915071203433436e-01	   3.7240475029222236e-01	   4.6350944036761189e-02	   1.0637180353621935e-01	   4.0989586246821103e-01	
  -1.2655837992963215e-01	  -4.0656333015230084e-01	   1.1549925040147167e-01	   2.6655609295925908e-01	   8.2348830170793386e-01	   1.3738053964751609e+00	   2.7674178389814608e-01	   7.4221020801164428e-01	   5.6513926453275298e-01	   0.0000000000000000e+00	  -7.8296069894490727e-02	   1.5840030833549940e-01	  -7.3395773894598726e-02	   2.0291223732413258e-01	   5.3593435353917945e-02	  -3.3093492904188192e-02	  -1.5614274011540341e-01	  -1.8574367260845590e-01	  -2.0803936277542545e-01	  -3.1916481435759747e-01	  -2.6550861168552947e-01	  -1.7968144765287397e-01	   4.4972312620836086e-01	   2.4323757999664630e-01	  -3.6479918984158984e-02	  -5.6235834902363044e-02	  -3.8297240205898386e-01	   1.6371215956346125e-01	  -1.9615771262684245e-01	  -1.2308182669525886e-01	   4.5506959727274110e-01	   6.8683908594798093e-01	   2.2322679964605123e-02	   2.1515104740036262e-01	   4.0073298751623276e-01	   3.9776605269557097e-01	   3.0076935267834387e-01	   2.8071196380761237e-01	   5.6025904423690798e-01	   2.4955791115383269e-01	   2.4460158248461178e-01	  -1.9400973948875450e-01	   3.2583557698802584e-01	   3.1538514881051405e-01	   6.4852274207404892e-01	   9.3643942744222997e-01	   5.2160542030418711e-01	   6.7055564120725286e-01	   4.1700165384007459e-01	   7.1192270872432417e-01	  -9.0650990806533660e-02	   3.8331207675272261e-01	   7.3425892621003297e-01	   4.6267934122742038e-01	   1.1922670659908366e-01	   9.8722276337013776e-02	  -1.9454749865280407e-01	  -3.7942552497550430e-01	  -1.4958073516907294e-01	   1.4474922945332103e-01	   3.1692953503099902e-01	   1.2536229991249603e+00	   9.2148639979445793e-02	   2.6374869868842032e-01	   4.0492437792826064e-01	  -6.3504196731842835e-02	   9.5734432425932700e-02	  -4.1534999473213704e-03	  -3.2967393734835704e-02	  -7.7782758020048623e-02	  -7.8819198515995906e-02	  -1.4270965105603639e-01	   2.6633659739553027e-03	  -7.2585307772575891e-01	   1.6882874826837582e-01	   1.4375887143513605e-01	   4.4698544659615244e-02	  -4.0597227335150254e-01	   3.5387011382819238e-02	  -1.3114843560250333e-01	   1.4226032622312293e-01	  -3.6412612782675419e-01	   3.8770330558205462e-01	  -3.9585222661310349e-01	  -3.2801583776558763e-01	  -3.7861082910994287e-01	  -3.3202906027753915e-02	  -1.3072537897302924e-01	  -7.7554186530047739e-02	   3.1671813822145689e-01	   1.8978281232035307e-01	   2.3588358357988920e-01	   3.8678760310880278e-01	   1.3085156340864168e-01	   4.6929949849348579e-01	   6.9270649425366027e-01	   2.3516733421276143e-01	   2.7158323242446625e-01	   2.9607080997664126e-01	   4.2992793728207784e-01	  -4.8707537545267868e-02	   3.0747130706886894e-01	  -4.0798499975466307e-01	  -1.5014918812236597e-01	  -1.8557201351399424e-01	   1.4073883120091932e-01	  -1.5013630481832166e-01	   3.1728808986283519e-01	   3.0608338171301508e-01	  -3.7278497223515106e-01	  -3.2937076049310543e-01	   3.8677308871274652e-01	   1.3388977368315896e-01	   6.9423544847351260e-01	   3.7250369500529185e-01	   2.8001681836997799e-01	
   1.3269958923991689e+00	   6.8014771054536705e-01	   3.3818130050113526e-01	   1.1663539985874470e-01	   7.4653173172835902e-02	  -2.0215685003045286e-01	   9.7534721960978499e-01	   4.4276022153883127e-01	   4.6475274488110507e-01	  -7.8296069894490727e-02	   0.0000000000000000e+00	   1.1231820954917910e+00	   1.4830762589369675e+00	   7.2059836250872211e-01	   8.0774001279513508e-01	   9.2037283040092832e-01	   8.1778731330036802e-01	   9.2252137941747070e-01	   7.1663680054944379e-01	   6.7244392704032552e-01	  -5.3815124057429864e-01	  -5.1492506018625939e-01	  -3.3804081081895576e-01	  -8.5666797696199656e-02	  -5.7223366942367371e-01	  -7.9147469497280643e-01	  -4.0339853172445628e-01	  -4.1299443651917855e-01	   8.0176550245493694e-01	   4.1102205751812071e-01	  -2.0873445082086878e-01	  -7.8934927702044050e-02	   3.3444952841871028e-01	   1.8827824368163057e-01	  -1.0336425984739497e+00	  -9.9773184491606481e-01	  -3.6254437891118529e-01	  -7.2780662040375976e-01	  -4.8118795575041506e-01	  -8.4844353710875042e-01	  -2.7924517704326451e-01	  -3.5263801220839336e-01	   1.4297648799143903e-02	  -5.5067444208684857e-01	  -1.5143135568988489e-01	  -2.5843715988390276e-01	  -4.3064751041555605e-01	  -5.9359842425166753e-01	   1.3240944553951456e-01	   3.2976052037691206e-01	  -3.8522493824102400e-01	   2.1280362546805709e-01	  -3.0512690016718719e-01	   3.0050192849593829e-02	  -5.2875601085756796e-01	  -4.3857625946785561e-01	   9.3272073785208631e-01	   8.0286957018746485e-01	   7.8141339562825241e-01	   3.6033400571569042e-02	   9.4543015815445863e-01	  -1.2311594016578956e-01	   1.0966844255583370e+00	   7.7981160761235535e-01	  -6.4852293289692731e-01	  -7.8071790966485710e-01	  -7.9196064221050544e-01	  -8.7721954240847877e-01	   2.9640425351473287e-01	   1.2306548781658175e-01	  -1.3415524462544212e-03	   2.2303980644685605e-02	   7.9254663809033787e-02	   2.6759520452499908e-01	  -2.8640300074371041e-02	  -2.1195538206154102e-01	  -4.3688685549218692e-01	  -1.3480086956907472e-01	  -4.1378860239926790e-02	   5.6536526567147549e-01	   3.9002029734107213e-01	   6.2546969189313983e-01	   4.6582294512787486e-03	   2.5771660315973377e-01	  -1.8434277689394649e-01	   1.6096834859711009e-01	  -3.9474891406973311e-01	  -1.5852754964097365e-01	   1.3398490981251451e-01	  -2.1776836224462331e-01	   2.2082163367557722e-01	  -4.7951925085523026e-02	   1.0248937734629122e-01	   2.1678104431192385e-01	   2.9224091606197200e-01	  -2.1698285268427672e-01	  -4.3136611255122148e-01	  -3.6116605166733656e-01	   3.1913401209313574e-02	  -6.2354471129975927e-02	  -1.4347640665445124e-01	   2.5039716985795824e-01	   2.9209232079501113e-01	   7.4345550762493369e-04	  -6.9783584215399330e-01	  -6.5560720775167081e-01	   1.4766960907425963e-01	  -5.2522027928508552e-01	   1.2458040454193020e-01	   2.1379236693458489e-01	  -4.5368904283764888e-01	  -5.3202926343631760e-02	   4.8672810861168514e-01	  -2.1961230374570340e-01	   3.0449307951997944e-02	   2.0311884591640939e-01	
   1.4499147972481008e+00	   8.8235081554390749e-01	   4.6287904187235440e-01	   2.9420906080323028e-01	   2.1781964953156174e-01	   8.2964835381286572e-02	   9.7308388745429053e-01	   7.9253097132346939e-01	   5.6850323759285715e-01	   1.5840030833549940e-01	   1.1231820954917910e+00	   0.0000000000000000e+00	   1.2783346691634403e+00	   1.3465845312545188e+00	   6.4421745735306712e-01	   1.1513857638456524e+00	   8.2638271272717034e-01	   8.9199932075439836e-01	   5.4472013987476875e-01	   6.2919832782904350e-01	  -3.2620052736176575e-01	  -3.2583844081136915e-01	  -1.9865280832830973e-01	   8.9308140508090272e-02	  -7.4420238595277721e-01	  -9.8993418178189529e-01	  -5.6457680329135318e-01	  -6.1144062061153259e-01	   7.4093224063795049e-01	   5.0278220940325125e-01	  -1.1145881323270972e-01	   2.5921384256774926e-02	   4.4283127907582620e-01	   3.3654062682073727e-01	  -6.8345104770235388e-01	  -6.3297244528104879e-01	   3.6822610984971582e-02	  -2.7616483025333627e-01	  -6.1422531815406968e-03	  -5.4296471548664682e-01	   9.2665274118014201e-02	  -6.7963918184599501e-02	   3.3413504450102355e-01	  -4.4122495565491293e-01	   1.7931864505530454e-01	   2.1502576766903987e-02	   1.3722392493653781e-03	  -2.9149414993214662e-01	   3.0808182435285841e-01	   5.4006367826360957e-01	  -4.9868542487789030e-01	   3.1653802083852395e-01	  -1.2399387006774384e-02	   2.7743746032992633e-01	  -2.3610301565131370e-01	  -2.4980349268802346e-01	   1.0078093030489044e+00	   8.3620333141861580e-01	   7.1148914846036515e-01	   2.9821331593112638e-01	   1.1750255684115967e+00	   1.6720519655770893e-01	   1.0166793817628283e+00	   1.0525325394577287e+00	  -5.8596106506556600e-01	  -8.3648842625551989e-01	  -8.2785289404045848e-01	  -8.5203705935194107e-01	   3.7100883120509043e-01	   1.1293461256600769e-01	   2.0028733941887839e-01	   2.3418589528317671e-01	   1.9725235537893948e-01	   3.3913326820876805e-01	   3.0855075697841339e-02	   1.2037858749027311e-01	  -6.3632462693392081e-02	   4.7660991192256551e-02	   3.5329020899073318e-02	   3.0947270829395890e-01	   6.5418111875914309e-01	   6.6674517555424329e-01	   3.4469200446790477e-01	   4.1845909929376157e-01	  -3.4142683315248817e-01	   1.0970868769726599e-01	  -2.2245140115544598e-01	  -1.8903789274833199e-01	   2.6400787620869604e-01	   6.1639166280082626e-02	   5.3761025651759009e-01	   1.6683967493314861e-01	   3.6202857641819641e-01	   3.6247839614340432e-01	   6.1364750525617151e-01	   5.9555405157929155e-02	  -1.0060751533315464e-01	  -1.8329422537198284e-01	   3.6960703897672537e-01	   2.8541069914262840e-01	   5.3905717399034235e-02	   7.0278228828903866e-01	   4.5481522264207985e-01	   1.9244306286695517e-01	  -5.8286591896670048e-01	  -5.0948792677942245e-01	  -6.8441785368401301e-02	  -2.0134358088949811e-01	   5.0114699283213615e-01	   2.7026319190300574e-01	  -2.3284415089372262e-01	   3.1842531772134913e-01	   6.0087202621217151e-01	   1.6740556404866998e-02	   3.8266356939611385e-01	   3.8228000876449331e-01	
   1.0939781108438740e+00	   5.6753780552545718e-01	   3.7191524639409501e-01	   1.0492976367797327e-01	   7.8208797318148796e-02	  -1.8851234614337864e-01	   1.0964865657094656e+00	   5.1061093047268902e-01	   6.6119937596726674e-01	  -7.3395773894598726e-02	   1.4830762589369675e+00	   1.2783346691634403e+00	   0.0000000000000000e+00	   9.4878351255603899e-01	   6.6217094737450111e-01	   9.9058014346952505e-01	   6.7490446247345781e-01	   6.5444610469113162e-01	   6.2783640734237756e-01	   5.8115945137253111e-01	  -5.5578120874335468e-01	  -6.2839044118068332e-01	  -4.2379820592020440e-01	  -1.8546019533914615e-01	  -8.7095149818951922e-01	  -1.0291475365275609e+00	  -5.4515902992167009e-01	  -6.5556729217031218e-01	   6.5794148949225539e-01	   3.1078119416390898e-01	  -3.3812478065444540e-01	  -1.8314250412562816e-01	   2.3556249006079782e-01	   1.0284579945001535e-01	  -9.9583489299229988e-01	  -8.7686004128612793e-01	  -3.7279562834639890e-01	  -8.0823786850536283e-01	  -3.3158712476432489e-01	  -8.5390638532157748e-01	  -2.2088806646601128e-01	  -2.6153039022673291e-01	  -1.5305244155975575e-02	  -7.5859950028247447e-01	  -1.5048775112072527e-01	  -2.1407382765102700e-01	  -4.0201507471099612e-01	  -6.3703464966395218e-01	   3.7111250404680912e-02	   2.7723094595048492e-01	  -5.2926828424315409e-01	   1.3960341697998155e-01	  -3.2821023519549225e-01	  -7.5954098074220794e-02	  -5.8165614780308084e-01	  -4.0621181892210145e-01	   8.4678568902350937e-01	   8.1504776985314220e-01	   1.0418363198544078e+00	   2.4412611023431569e-01	   1.1744959320144828e+00	   2.9208565017932956e-02	   9.9975068579511850e-01	   8.0961371945145788e-01	  -6.6410940332261570e-01	  -7.6609421281698220e-01	  -9.0939280947364176e-01	  -9.1679071785841482e-01	   1.5016227996516873e-01	   9.0135297085121961e-03	   9.7001886013154667e-02	  -2.7644950199474879e-02	   1.4949798414947058e-01	   3.2030458144468116e-01	   4.0873166153498793e-02	   3.5732977226292650e-02	  -3.6409909379277006e-01	  -1.8501811958985120e-01	  -2.1311220722108604e-01	   3.0120582549660979e-01	   2.5643319290019134e-01	   4.7059814973367481e-01	  -2.7449448125236375e-02	   2.1979006051318772e-01	  -3.5011907444176488e-01	   4.1290536494780879e-02	  -3.0887515348645356e-01	  -2.3604242607356651e-01	   1.1715621444783940e-01	  -3.0794380432475155e-01	   1.8459560845008219e-01	  -2.9156594163703520e-02	   1.4453565830103812e-01	   2.3568071021323356e-01	   3.8912473475788756e-01	  -2.5634838406594629e-01	  -3.3024789515507258e-01	  -3.3519208063692196e-01	   2.2333144543565497e-02	  -8.4724029943585910e-02	  -1.6526987301299159e-01	   2.6866606195954085e-01	   2.2872578829985313e-01	   4.3496653198621719e-02	  -7.3444689452324485e-01	  -8.3756205771462711e-01	  -4.7652705252456580e-02	  -3.7708170445504002e-01	   1.4802585603255164e-01	   1.2889903652425810e-01	  -4.2962237365547623e-01	  -3.2821901870737746e-02	   5.9660061471929071e-01	  -3.2744099427245865e-01	   4.5688029578998618e-02	   3.0885830116633872e-01	
