   0.0000000000000000e+00	   1.3146973408507769e+00	   3.8237036558550419e-01	   6.8699553871548580e-01	   2.4969699506615559e-01	   8.2000451897281557e-01	   3.5686445425505953e-01	   3.4948503847534779e-01	   9.0397599348555749e-02	   5.3044630035163487e-01	   8.1133484202460593e-01	   8.4944848644049431e-01	   4.8662760114527159e-01	   4.7358508511008601e-01	   6.2312329059297289e-01	   6.2598633878543042e-01	   7.8790171951843180e-01	   6.9540401804013385e-01	   9.3007255390878685e-01	   1.2215144044174608e+00	   3.1172364680885256e-01	  -2.2854980292821953e-01	   4.8219322102734208e-01	   5.3340202434597117e-01	   6.4211587435501394e-01	   8.4492700096315065e-01	   5.0034258566210166e-01	   7.1425915462060585e-01	   7.1731383502126855e-01	   7.4276718523770469e-01	   7.8448602006374557e-01	   1.5295745464573962e-01	   7.2143361413822360e-01	   4.7989097518547819e-01	   4.1187672673961451e-01	   8.3224034892718390e-01	   1.6436754176092810e-01	   1.0385057422295531e-01	  -3.7663556689146942e-02	   3.2859506924824461e-01	   3.7233754602334501e-01	   2.9762195402848135e-01	   8.5344913588366489e-01	   1.4937051719143664e+00	   7.2258968003949298e-01	   1.2881452313017923e+00	   1.0679979036987137e+00	   1.1205675081412099e+00	   1.0788572458070818e+00	   1.2489767709361486e+00	   7.8108744728541779e-01	   1.0430922687992739e+00	   7.4948840179651555e-01	   6.3893225235098217e-01	   5.3399103505329648e-01	   6.7082154212808465e-01	   1.1643642153685947e+00	   1.0571523622601335e+00	   5.5411618327516654e-01	   8.3827983561368824e-01	   5.5907790809700109e-01	   4.0765619155677202e-01	   6.0798167589558560e-01	   6.9255979898185505e-01	   2.2301554789879563e-01	   5.5644830541460988e-01	   5.8658702277789587e-01	   6.1686314077086690e-01	   9.2763907864076534e-01	   1.0671709283114055e+00	   6.3336961438487105e-01	   2.9220615735167726e-01	   9.2499340774050476e-01	   1.5710355260979517e-01	   6.0917122242375454e-01	   1.9889398647922224e-01	   1.9542106156526881e-01	   3.1603232513486640e-01	   6.3895118085871017e-01	   7.8335911931022961e-01	   9.2064788657607388e-01	   8.0094386348236901e-01	   5.3373514009353573e-01	   4.2512937032795561e-01	   5.0432909408570459e-01	   5.1788803477380818e-01	   1.8166447114342749e-01	   5.3537249121249575e-01	   4.6859832113399646e-01	   8.2079323058350984e-01	   3.9459749107536729e-01	   1.1503784786978058e-01	  -6.9231405233327270e-02	  -1.6185591960361657e-02	  -1.3418580031030725e-01	  -2.4193458681953356e-01	   2.9186198290899146e-01	   2.6889078531129074e-01	   6.6035888951216082e-01	   4.0734267176370298e-01	   2.1628764405440223e-01	   3.4743631901626060e-01	   4.7647659363770645e-01	   3.7759070678360107e-01	   1.3804215157358615e-01	   3.1494664560267498e-02	   3.4596170342832333e-01	   4.2628236030899536e-01	  -7.5887783736736436e-02	  -7.1006439899090867e-01	  -9.1409453318532119e-02	   5.4790873990138955e-01	  -2.6612665154320436e-01	  -5.6264161204381533e-02	  -1.0964381047780324e-01	  -1.2994556708978197e-01	
   1.3146973408507769e+00	   0.0000000000000000e+00	   5.1022243856045102e-01	   8.2571049039490185e-01	   5.3230186442032768e-01	   9.3234249407923409e-01	   4.9229647946327026e-01	   4.5504261456866024e-01	   4.7758613774785497e-01	   7.9897588806384412e-01	   6.8106127847560460e-01	   9.0468323153433072e-01	   5.0275359597173264e-01	   6.6575040886876791e-01	   8.4559803172763304e-01	   9.2890050758798171e-01	   7.9712584242655671e-01	   9.1130932949663546e-01	   8.4962373777294797e-01	   1.1793262787066445e+00	   4.8735798071909420e-01	  -2.8504934756517476e-02	   6.1539294174467118e-01	   6.0845190478094313e-01	   1.0849222608485320e+00	   8.6367375652463974e-01	   6.5429384200693219e-01	   7.1941160771275181e-01	   9.5550642183854806e-01	   8.1319150620476821e-01	   8.4421013888841034e-01	   2.9991249740268167e-01	   9.0545996093764070e-01	   6.1764940444468097e-01	   4.4067500664330650e-01	   7.0415638932636215e-01	   4.9132502237254666e-01	   4.1417636378540634e-01	   2.4767264311090376e-01	   6.1639349715618230e-01	   6.5216906464001334e-01	   3.9908570415959554e-01	   1.0092632275704929e+00	   1.0786527292566668e+00	   7.2046992007692712e-01	   1.0827792849680382e+00	   1.3316932216162847e+00	   1.1021979616579689e+00	   8.9704721477338834e-01	   1.0170392285591108e+00	   8.0972272649701049e-01	   8.7056497978218350e-01	   7.6335315092740097e-01	   6.6081991777310189e-01	   7.2050747895302403e-01	   9.9194205597709084e-01	   1.3003002405403121e+00	   1.8349088608217656e+00	   5.7564597359980829e-01	   8.7571587319681354e-01	   5.3668933129230334e-01	   5.8829372280025050e-01	   6.6224672421954511e-01	   8.5956665228469920e-01	   1.9748373280431480e-01	   4.5420546097436565e-01	   8.5085494801847672e-01	   8.7614067140881835e-01	   1.2163308067770824e+00	   1.4934115132652324e+00	   7.3223235484567428e-01	   2.7789920180985533e-01	   1.0075973974819288e+00	   2.5546675597642160e-01	   6.7504961027742083e-01	   2.6644338545849677e-01	   2.6937345155859915e-01	   4.2792936006733473e-01	   7.5592281583260101e-01	   7.9082092484188660e-01	   1.1305021995535920e+00	   8.9022367864218477e-01	   7.6232253526795546e-01	   6.2655022784598291e-01	   5.5271993515806228e-01	   6.7692303645176199e-01	   3.8819040656777853e-01	   7.7849779316482726e-01	   7.4919600025181110e-01	   1.1652543504727355e+00	   7.2294073095754063e-01	   3.3961231630142102e-01	   1.3859494471779288e-01	   1.4621708385029936e-01	   5.9077093711205085e-02	  -4.9082606357407230e-02	   5.9750587815688627e-01	   4.3658799007143145e-01	   1.0292070078549016e+00	   5.4949203239809374e-01	   3.6100582986322682e-01	   3.9555460097005113e-01	   8.6351637233602363e-01	   5.6618819693365041e-01	   3.3900011319078521e-01	   2.6553528574221430e-01	   3.2753694691319252e-01	   5.8452982582975443e-01	   3.2226947452838231e-02	  -4.3419799183892194e-01	   4.7385687882781524e-02	   5.2268266994275947e-01	  -7.7908258291395582e-02	  -1.1735284899681500e-01	   3.3217470565002932e-02	   8.8305557875820215e-02	
   3.8237036558550419e-01	   5.1022243856045102e-01	   0.0000000000000000e+00	   7.9450266937934999e-01	   9.1881627624230267e-01	   2.9490315469801343e-01	   1.9489809201940762e+00	   4.0695823352284105e-01	   6.3061925983892375e-01	   5.0557065461508843e-01	   9.7373762172364298e-01	   4.0146871769789827e-01	   1.2367386141788221e+00	   4.1953128026130510e-01	   9.3143912830938014e-01	   6.6777229115034908e-01	   2.9986024090627028e-01	   3.4719171087505912e-01	   5.4946138155154534e-01	   3.4808469491820665e-01	   9.6218990429366269e-02	  -4.6505219790420084e-03	   9.5034204445805115e-01	   7.8453097635119939e-01	   5.9832609605563425e-01	  -4.4184025957736753e-02	   7.0850269049147108e-01	   4.0561602669822083e-01	   1.3346491956520273e-01	   3.4400608520982723e-01	   3.5213311422440707e-01	   4.3229377357496457e-01	   1.8246294185974626e-01	   1.8565393165548649e-01	   7.3833085931515863e-01	   3.2190619199285120e-01	   2.0938002811803549e-01	   8.5952019645107874e-02	   3.0447010701259147e-01	   3.0129902525890068e-01	   5.0723436114838627e-01	  -8.6232752543717234e-02	   4.4347815405322089e-01	   4.2241973181326842e-01	   1.0781198506905199e+00	   6.6772319564873484e-01	   7.1511696963502780e-01	   6.3201398032697975e-01	   8.6626060086076728e-01	   6.9946966262183075e-01	   7.8341466585879693e-01	   5.5773511516263186e-01	   4.0070561383474051e-01	   3.6658319935178624e-01	   9.6228582618041858e-01	   7.6602028930006327e-01	   3.9476067814135840e-01	   5.8795202522527079e-01	   1.2064566234885332e+00	   7.2750730449493517e-01	   1.0339088579137212e+00	   5.2941938210237316e-01	   7.4141275533853157e-01	   4.7494366449525771e-01	   1.2212937943417690e+00	   8.9027791248257748e-01	   1.0114713571656819e+00	   7.6773596093827223e-01	   5.7107194544369699e-01	   4.8814438010875899e-01	   3.8674437907660014e-01	   1.7571185257874777e-01	   4.4240435185063781e-01	   5.3162329875986854e-02	   6.5363654955657768e-01	  -1.7696002430992819e-01	  -6.5045063307098153e-02	  -4.4438453328301854e-02	   1.0874955361111471e-01	   2.0396749083628576e-01	   3.8297273766255180e-01	   6.1169247194557030e-01	   5.0056424645147268e-01	   5.1597079693147330e-01	   1.1071699916503692e+00	   8.1835221375978418e-01	   2.4627733874844798e-01	   2.5445231745951824e-01	   1.5443968111406199e+00	   8.4194585307125358e-01	   1.0420215802657025e+00	   1.1565194889993387e+00	   7.5280570498079313e-01	   1.1565635562305088e+00	   2.1961523808500907e-01	  -3.8334874205236902e-01	   7.1327022724351874e-01	   5.1850048101244317e-01	   1.0113213415411593e+00	   1.0033265912995897e+00	   6.9188334641980087e-01	   1.1124400974548923e+00	   5.3660732514963183e-01	   1.1031981159568287e+00	   9.2730930134897593e-01	   9.3563036217576245e-01	  -1.8309216059340039e-01	   1.2376469003546622e+00	  -1.6986495919416406e-01	  -1.7548776591583146e-01	   1.7293274845467710e-01	   1.0279437863945282e+00	   5.7064745438540609e-01	   3.1067980579391385e-01	   7.7294907001046786e-01	   5.4065179793198692e-01	
   6.8699553871548580e-01	   8.2571049039490185e-01	   7.9450266937934999e-01	   0.0000000000000000e+00	   3.7136079467366978e-01	   7.1089783836999021e-01	   9.1011918215256493e-01	   1.3881732459238461e+00	   5.9284498652108519e-01	   7.6070106304217777e-01	   7.2193813307454924e-01	   1.2561473101488776e+00	   9.5849904092983107e-01	   8.3744970613232672e-01	   6.5442765231079880e-01	   8.9588175531333236e-01	   3.2423116420465803e-01	   4.6603217093892824e-01	   3.4542703512890949e-01	   5.3564860092641797e-01	   9.7437160966865388e-02	  -3.1415485314241715e-01	   1.0062067473901801e+00	   1.1775940024982539e+00	   4.6257949030010220e-01	   5.9483401826394056e-02	   2.1451289563070791e-01	   7.2272445680490058e-02	   5.5872098954458826e-01	   6.7629810568711402e-01	   5.9379218049088422e-01	   8.6276542966626435e-01	   5.2799270746885396e-01	   5.8011397529058717e-01	   5.2840002936372910e-01	   5.0684179204319857e-01	   5.8293419114493032e-02	  -1.4202761976295428e-01	  -4.0050717143208715e-02	   9.0600329375772420e-02	   7.5314551896276472e-01	   1.6885976204108311e-01	   3.5010361106054694e-01	   4.6968598956812024e-01	   5.3946183479773713e-01	   5.3110423731048084e-01	   5.6369574061882100e-01	   5.3815408128191944e-01	   7.9084889996885788e-01	   6.3301477642462745e-01	   4.2138078510214599e-01	   4.9356483671482732e-01	   2.9054382475908169e-01	   3.5081406630210593e-01	   4.3410329348370802e-01	   5.4557460911434674e-01	   4.4861522362927791e-01	   6.4657277598912677e-01	   1.1216820269025245e+00	   1.0588865541553178e+00	   1.5787725476409675e+00	   1.2735692830371150e+00	   5.1882950848505949e-01	   5.9729861154792052e-01	   4.8462596966392590e-01	   9.9781862620075767e-01	   6.4821152248886360e-01	   4.1138368133521869e-01	   3.9880224597704683e-01	   4.5053610626978330e-01	   5.3580375427750471e-01	   5.3483406499482555e-01	   7.4982995191613122e-01	   2.3990797956616147e-01	   6.0721472610501270e-01	   2.9956752929271840e-01	   1.9736785305134111e-01	   2.8305238039417613e-01	   2.5454897338340321e-01	   4.5632518823232332e-01	   5.0518411293106924e-01	   5.4982878372519972e-01	   5.8011788608391546e-01	   3.5063338728297061e-01	   5.4595548504269975e-01	   4.8393613164456861e-01	   6.4515212356534013e-01	   2.9954165195088117e-01	   1.0614365588229724e+00	   9.4079386032182799e-01	   6.6209988290488364e-01	   4.5578362324051935e-01	   7.3889016967361454e-01	   4.1904167751518573e-01	  -2.5117193403241828e-01	  -4.5329999491143469e-01	   3.5049388422226552e-01	   2.0895911828846540e-02	   6.1764623970392174e-01	   4.1276831364583638e-01	   1.0464551050915014e+00	   8.6901330401416010e-01	   5.6203234754204423e-01	   7.2602610811652435e-01	   2.4519244517033023e-01	   2.0633273731879637e-01	  -2.3852103804653971e-01	   5.7874859881765417e-01	  -2.0761910344084467e-01	  -5.8073674279561949e-01	   5.3468192381743076e-03	   4.1200387954209283e-01	   2.5358014839440274e-01	   1.9451783371477804e-01	   1.2856327311103552e-01	   7.4414264488508021e-03	
   2.4969699506615559e-01	   5.3230186442032768e-01	   9.1881627624230267e-01	   3.7136079467366978e-01	   0.0000000000000000e+00	   4.1840167607667827e-01	   9.9922240025596210e-01	   2.3096160734741647e-02	   1.1595401599771944e+00	   7.0910997174554924e-01	   6.3891683580504410e-01	   1.9234055808234454e-01	   6.6801485665808413e-01	   5.5194624199660636e-01	   1.0126247713141372e+00	   8.1927155933184970e-01	   3.9549862264042446e-01	   4.9135802211453661e-01	   3.1530574478911633e-01	   3.2990277942962659e-01	   2.3728494443097503e-01	   2.8466063368171624e-01	   6.4921663584923772e-01	   4.5729825548790137e-01	   1.0261264383799180e+00	   3.1945220566392940e-01	   1.2406845072992794e+00	   7.1200484496225902e-01	   1.8647402196627710e-01	   3.5871153373695625e-01	   4.2727933784693994e-01	   2.5233576145242964e-01	   2.6924318415944626e-01	   1.9858941565518073e-01	   4.6536789961877512e-01	   2.5914418750917267e-01	   3.1382576942275708e-01	   3.7982566017262498e-01	   4.9475185082629114e-01	   6.5669646609975851e-01	   3.4734100231526316e-01	  -2.8796502047630229e-01	   7.7047870037782207e-01	   4.3773715981152295e-01	   9.6385920210757792e-01	   6.4628021581799167e-01	   7.9047697191574740e-01	   6.8972138032910812e-01	   6.8812213467483230e-01	   5.1790979447122409e-01	   7.6566674264875034e-01	   4.0182482177763990e-01	   6.4019486844830520e-01	   4.7582077078094709e-01	   1.2742761886611416e+00	   8.4608253398608668e-01	   4.1747266254150112e-01	   7.7756947454790215e-01	   5.5743376543065626e-01	   4.3606561591443660e-01	   4.1886134763084226e-01	   2.9269782982265080e-01	   7.8742200701467024e-01	   4.6436513118543088e-01	   5.3577766962263629e-01	   2.9222054811441245e-01	   8.3514001435649887e-01	   8.3118927049445901e-01	   6.7081352447840803e-01	   6.7377316649203300e-01	   3.4729081957271735e-01	  -1.4420669505776582e-01	   2.7901103622071205e-01	   1.7857876940259164e-02	   4.4435088919612409e-01	  -3.3856313640710034e-01	  -3.3678934494650981e-02	  -1.4088785008330202e-02	   2.0879872354259721e-01	   1.7738973155267704e-01	   4.6586365349460596e-01	   6.4810777446477053e-01	   5.6536819709280017e-01	   7.3046019551058616e-01	   8.3954370665626177e-01	   7.4093531948249647e-01	   1.4015400608283146e-01	   5.5154880092869429e-01	   1.0640563650846213e+00	   7.2329692781139721e-01	   1.1262063275787966e+00	   1.0012497448339550e+00	   2.7821954046932046e-01	   6.5792015666689951e-01	   3.7821137455352766e-01	   3.5879190831324584e-02	   1.1470284467208671e+00	   8.8515305889340989e-01	   1.1599808949513659e+00	   1.0024712065641439e+00	   2.1423889015117581e-01	   4.8804637641192122e-01	   5.0051827983745434e-01	   8.2128874525772211e-01	   6.1592592834755455e-01	   8.8146361793005223e-01	   1.4367951273925575e-02	   8.6695205868067504e-01	   1.3946292304949018e-01	  -2.2026861648927454e-03	   2.5130590845567685e-01	   7.6711070440633999e-01	   3.0514345511628149e-01	   2.6809455872294458e-01	   9.1214761382443255e-01	   5.3234718156741168e-01	
   8.2000451897281557e-01	   9.3234249407923409e-01	   2.9490315469801343e-01	   7.1089783836999021e-01	   4.1840167607667827e-01	   0.0000000000000000e+00	   3.5389230883732542e-01	   4.5830087803240788e-01	   4.3517290488643734e-01	   1.1258569124068341e+00	   6.1657939667009765e-01	   9.3190243090008007e-01	   5.1766369335061546e-01	   8.8918241624309768e-01	   6.4303821707418141e-01	   1.1299315122348281e+00	   4.3517977910622785e-01	   5.8432361265301247e-01	   3.2658466259023394e-01	   6.1064899414176299e-01	   5.5242946448253349e-01	  -1.2251804681268751e-01	   6.2510162036408590e-01	   5.7059001273130716e-01	   7.4776227257203154e-01	   7.0941034159388572e-01	   4.4251988992168700e-01	   4.8695886503787383e-01	   6.5419023930660214e-01	   6.0371598693169526e-01	   7.5524580232726946e-01	   3.2224903439421876e-01	   4.8638365953649176e-01	   3.7703189894703426e-01	   1.1587101180075539e-01	   4.0218313316154003e-01	   1.0101032910650892e-01	   3.7082258970790913e-02	   5.7216855021575141e-02	   3.6467262384217225e-01	   3.9302780647268559e-01	   1.2813784054099442e-01	   5.9596198556388924e-01	   6.9428177546231395e-01	   3.1886020004023569e-01	   5.9555480995423926e-01	   6.0727398008266253e-01	   6.4321503006395320e-01	   5.8917919090546411e-01	   5.8584068395719102e-01	   4.5825206393221585e-01	   5.5559565014225132e-01	   6.1578651691162622e-01	   5.0094528928100301e-01	   4.9921835722770691e-01	   5.4423942029029493e-01	   5.4803602315125755e-01	   8.0587900876397789e-01	   5.5504056474851615e-01	   9.4830304124860354e-01	   5.0575922150021646e-01	   5.7303732348599856e-01	   3.4679597792940220e-01	   4.2384427422485271e-01	   1.9947506026836297e-02	   2.0438091101342948e-01	   4.3290593273004940e-01	   4.2729030197300194e-01	   6.3441285756043075e-01	   7.1724461768326764e-01	   4.2843546196258114e-01	   9.4920104020256135e-02	   5.4741030754144226e-01	   2.6031002427149209e-02	   4.0186506377094544e-01	   3.3239088566709221e-02	   1.0094035927431702e-01	   3.2022790772170684e-01	   3.5609472052372898e-01	   4.9215873688114986e-01	   5.5496874319693834e-01	   5.0269959310868395e-01	   6.5875974574299412e-01	   6.7073797517926448e-01	   3.4163113448938254e-01	   4.0912704586561599e-01	   3.4823519861160096e-01	   6.0545164748584979e-01	   5.9400039836868557e-01	   7.1642257274545862e-01	   5.5371836847779565e-01	   2.0330609705512726e-01	   1.8336145680688087e-01	   8.2175470564986267e-02	  -1.0182161002548620e-01	  -3.6122023228188627e-01	   3.9310763178461022e-01	   1.8377480900864668e-01	   7.4966720581017654e-01	   3.5913049458884383e-01	   3.6079356738907586e-01	   4.6636616687780741e-01	   4.8947045424602431e-01	   5.1827424674979361e-01	   5.2912178526006035e-02	  -1.5600794268713733e-02	   1.2131712588120938e-01	   1.3477245728363993e-01	   2.4698033233224237e-01	  -4.2488614022485927e-01	   1.7372120352507081e-01	   3.5480084212003310e-01	   4.1265149527138067e-03	   3.4373148187353680e-01	   8.3916833989618939e-02	  -2.7287260489742299e-03	
   3.5686445425505953e-01	   4.9229647946327026e-01	   1.9489809201940762e+00	   9.1011918215256493e-01	   9.9922240025596210e-01	   3.5389230883732542e-01	   0.0000000000000000e+00	   4.6130851489910712e-01	   8.0418179490547004e-01	   5.5121023535459324e-01	   9.7971671009433348e-01	   5.1517419040067769e-01	   1.5064606807863190e+00	   6.1067548743546729e-01	   9.7764132256459169e-01	   8.2935371941795233e-01	   3.3567628312865044e-01	   4.0280162284431281e-01	   3.6769225159348901e-01	   3.0522938578147341e-01	   1.1027358043887493e-01	  -5.9808298052505246e-02	   1.1733174994794031e+00	   1.0000758405417607e+00	   6.0064649842594175e-01	  -6.7322897638099136e-02	   7.2583727472690596e-01	   3.6636029482826749e-01	   1.9898948571041794e-01	   4.5415520715297020e-01	   4.3045856247265485e-01	   5.9683370394674151e-01	   2.2378495698475692e-01	   2.5436958660391962e-01	   7.5270348720065250e-01	   3.4285388318192306e-01	   1.3236656369391325e-01	  -1.7945401415461741e-02	   2.3617918026967311e-01	   2.2775717808847415e-01	   5.0670655470984272e-01	  -1.8377427187786832e-01	   4.8261008338956057e-01	   3.9835699521548307e-01	   1.0401021233818237e+00	   6.0721473300479156e-01	   6.8166849455899081e-01	   6.6160236849364107e-01	   8.7680837975649739e-01	   6.4643421856502437e-01	   7.3676376333417326e-01	   5.3180356633422665e-01	   4.1267041186563241e-01	   4.0955370217925918e-01	   9.6833590109241263e-01	   7.6588589950717356e-01	   3.3635191876503723e-01	   5.8609975362196098e-01	   1.1248735225279671e+00	   7.6553757605075634e-01	   1.1957454902927520e+00	   7.0441405575315497e-01	   8.0258197295507983e-01	   5.2652722001043162e-01	   1.1043228553172320e+00	   9.3217878558681189e-01	   9.1187122500726780e-01	   6.8295605107262536e-01	   4.7835993209032313e-01	   4.4461700487916356e-01	   3.6519611377427874e-01	   1.3889893540711207e-01	   4.4344283050738753e-01	   8.7989807031825990e-02	   5.9431702647436568e-01	  -1.8161701130050323e-01	  -4.4225611326453446e-02	  -2.3602870663249512e-02	   1.2928811005115021e-01	   2.1066310575385139e-01	   3.8192578258583898e-01	   6.6648571512814947e-01	   5.6617816382951103e-01	   5.8893871167388823e-01	   1.0738683879122248e+00	   8.5834937239114240e-01	   3.0074497638450831e-01	   3.1939467917021530e-01	   1.6982912482446562e+00	   9.3284288145690686e-01	   1.0883033901187151e+00	   1.1193040463440032e+00	   6.9315935633130799e-01	   9.4515300008067771e-01	   1.4171293345620919e-01	  -3.6485779364471493e-01	   7.6263723803600569e-01	   4.6200089411628364e-01	   9.5378388864759989e-01	   9.9530611162133420e-01	   6.8934460692528898e-01	   1.0013920001611261e+00	   5.1437897699806157e-01	   1.0296573624868652e+00	   6.8650646862834797e-01	   7.8073802871630482e-01	  -2.0969395848544298e-01	   1.0511900162186059e+00	  -1.4065121632582905e-01	  -2.6662020595407454e-01	   2.2993849602067573e-01	   9.2074046564500245e-01	   4.4269818978305031e-01	   3.2719799562394214e-01	   7.2552504108006832e-01	   3.3804562545310823e-01	
   3.4948503847534779e-01	   4.5504261456866024e-01	   4.0695823352284105e-01	   1.3881732459238461e+00	   2.3096160734741647e-02	   4.5830087803240788e-01	   4.6130851489910712e-01	   0.0000000000000000e+00	   4.1538132439852149e-01	   5.5612468604342324e-01	   2.6591656764808103e-01	   9.0478513327376453e-01	   4.7597646270027372e-01	   5.5099529245470735e-01	   2.5260232535750970e-01	   4.5943500231719292e-01	   3.9110027522372883e-03	   1.7308653429685375e-01	   5.1357392231526668e-02	   2.4418125790168688e-01	  -7.8836112929352442e-02	  -2.7313561930996577e-01	   5.1339907036117183e-01	   6.6698369881917552e-01	   1.1723544698418398e-01	  -1.7979252555064096e-01	  -2.3605407806349360e-01	  -3.6898987050350812e-01	   3.7148579688316380e-01	   3.5478257654462375e-01	   2.7501395569907411e-01	   7.7771876549123009e-01	   3.4093186006353515e-01	   4.9142301924207177e-01	   2.4701530232261398e-01	   2.8087759668736745e-01	  -2.7248744929025365e-02	  -2.2153195303090678e-01	  -1.5858064160650912e-01	  -9.5442772170643606e-02	   6.4793457008690536e-01	   2.2906389569700220e-01	  -5.6342494260924726e-02	   1.0897030976353850e-01	   1.0428536135542513e-01	   1.2539885496578954e-01	   1.2400321279364775e-01	   7.3260179296991329e-02	   3.2117948994526863e-01	   1.9815481989817349e-01	  -1.8656934101144069e-04	   1.0059195809968519e-01	  -5.0582305385322684e-02	   4.3548016203706873e-02	   2.5423792843968715e-02	   1.3330001203652553e-01	   1.3750421022186041e-01	   2.5125256013430552e-01	   7.5091091268543431e-01	   6.3334568815837655e-01	   9.5970389299254266e-01	   1.0439770998367521e+00	   1.5212944974479720e-01	   2.9431190818370034e-01	   2.2102976625913923e-01	   6.7859408543935829e-01	   2.9275259876760285e-01	   6.6079975584909800e-02	   4.5251466525792185e-02	   8.7241295711044720e-02	   4.0278534282060885e-01	   7.3008451663285479e-01	   4.5258859200587581e-01	   1.9241428832324292e-01	   3.5036536580546362e-01	   4.4227969688828955e-01	   2.6757127944197939e-01	   3.3133631720816853e-01	   3.1413940805558850e-02	   2.6594862944059422e-01	   2.1475532379755211e-01	   1.4112748866980576e-01	   2.8443144415436339e-01	  -2.3417310238082754e-04	   1.6879543146852583e-01	   6.5377426767873142e-02	   6.9159456838057720e-01	  -1.9777498164063094e-02	   5.8230585668081891e-01	   4.2086237197733234e-01	   2.8311254153732202e-01	   1.7979040657332612e-01	   9.3490829232526218e-01	   3.0067227921379769e-01	  -4.1248745638197287e-01	  -4.0740815023023796e-01	  -9.7072114847757509e-04	  -3.3308725959889268e-01	   2.0876931311649541e-01	   9.5551923119219142e-03	   1.1991794151709880e+00	   6.6570424596491939e-01	   3.4519646140068405e-01	   4.4058862324003034e-01	   4.8027090017103265e-02	  -2.8220348153473997e-02	  -4.8480007827858246e-01	   2.6445242610400060e-01	  -1.5763522440288530e-01	  -3.7282162466720919e-01	  -1.4256067832196267e-01	   3.9487369342218200e-02	   3.8350749437597237e-01	   2.1657832582541758e-01	  -3.3067057857161679e-02	  -1.3730523137452844e-02	
   9.0397599348555749e-02	   4.7758613774785497e-01	   6.3061925983892375e-01	   5.9284498652108519e-01	   1.1595401599771944e+00	   4.3517290488643734e-01	   8.0418179490547004e-01	   4.1538132439852149e-01	   0.0000000000000000e+00	   8.1120873216675327e-01	   3.1218066916500115e-01	   3.8537431544142481e-01	   5.3142680574662526e-01	   7.3552098252765319e-01	   6.9329174450749365e-01	   7.9481910660397692e-01	   2.2467780294058304e-01	   4.4257264776435645e-01	  -2.6335621573913955e-02	   1.8806199739504967e-01	   1.3678767498334199e-01	   2.1857593763575994e-01	   5.5001961710747993e-01	   4.7550681739731238e-01	   7.5878529200826450e-01	   1.0054346779450064e-01	   5.1960165719192608e-01	   1.8149713713429830e-01	   2.7707722399090196e-01	   3.6580880094149854e-01	   2.9838364460349870e-01	   5.2748446988003228e-01	   3.2870803222888012e-01	   3.7869686239057943e-01	   3.3574309658915208e-01	   1.5350111498615238e-01	   2.2184763459797729e-01	   2.5239920429924628e-01	   3.6443222521510643e-01	   3.8604853744711387e-01	   4.8946227518931296e-01	  -2.1089029536610154e-01	   4.2590419655702955e-01	   1.6448644060656833e-01	   4.9663060481946952e-01	   2.7949370542566832e-01	   4.2989746425428654e-01	   3.3921389850232453e-01	   4.0495360866397689e-01	   1.9375225618001879e-01	   3.0755900369689815e-01	   7.9669922210222885e-02	   2.9535610427291659e-01	   2.5404188389889804e-01	   6.6732768805675524e-01	   5.3244210170377348e-01	   2.4913475654261907e-01	   6.1127511172702254e-01	   4.6849711727609578e-01	   3.5490034505627027e-01	   4.7642920237060199e-01	   5.8100159033683718e-01	   5.8593751133827854e-01	   4.7477814693899190e-01	   3.0859262475435334e-01	   2.8991085654384952e-01	   5.9968682076563473e-01	   4.7652007041422034e-01	   3.1800359711835469e-01	   3.9650524405631316e-01	   3.4110069424195266e-01	   2.9714709673890793e-02	   2.2697093373388902e-01	   7.5899230379127727e-02	   2.2901731525212568e-01	  -9.8542456667572276e-02	   6.4787783943821176e-02	   1.1822652749675686e-01	   1.3042993191108143e-01	   1.6138990968454400e-01	   3.5802282226140908e-01	   4.1776993151284469e-01	   4.9716537347677514e-01	   4.8840828147513793e-01	   4.8179356275934826e-01	   4.1752532816866050e-01	   4.2553650831724771e-01	   3.8922696225319792e-01	   9.9019754061410215e-01	   5.6970516055091891e-01	   8.7620969093974854e-01	   6.9306987390220665e-01	   5.3376365786189617e-01	   5.2651800133679516e-01	   2.3019101919463025e-01	   1.2737117798623493e-01	   7.5375957908129398e-01	   3.9183453986702554e-01	   7.1498781328314387e-01	   5.0280345848271479e-01	   4.2912582951687167e-01	   4.1313819650499478e-01	   4.7319446485136940e-01	   6.3046407913194058e-01	   3.5411511237461291e-01	   5.5144052405372646e-01	  -1.9734880174690103e-01	   5.5189143419797826e-01	   2.1651585882399030e-01	   8.2451390090851253e-03	   1.6197072061339854e-01	   3.2855207628629846e-01	   3.8450454441413201e-01	   2.5495545122069613e-01	   6.3921951412659461e-01	   3.7708006860101079e-01	
   5.3044630035163487e-01	   7.9897588806384412e-01	   5.0557065461508843e-01	   7.6070106304217777e-01	   7.0910997174554924e-01	   1.1258569124068341e+00	   5.5121023535459324e-01	   5.5612468604342324e-01	   8.1120873216675327e-01	   0.0000000000000000e+00	   4.9450092623005948e-01	   5.8260243675917300e-01	   5.5643457920218964e-01	   6.0488397313548359e-01	   7.1322525807236847e-01	   8.8811458478460292e-01	   2.1532463943423247e-01	   4.0084228290364005e-01	   1.8940406117545985e-01	   4.0230080214620956e-01	   3.6716945215348951e-01	   2.2804124888360175e-01	   5.1254902267456393e-01	   4.2466087848408962e-01	   7.4704273784003850e-01	   4.7040715462901750e-01	   4.0574478777480233e-01	   2.8301630249063148e-01	   3.7153950386063256e-01	   3.1076840418137086e-01	   4.7365458990342446e-01	   2.5760885423430169e-01	   3.2140346327806191e-01	   2.5753298447556738e-01	   8.2275984523526354e-03	   2.4659717568512973e-01	   2.0475697463742940e-01	   1.0524586712384157e-01	   5.4067850093598782e-02	   4.0749917985834300e-01	   4.3033352774269090e-01	   1.8086389443949420e-02	   4.8485693364041549e-01	   5.7749567154041204e-01	   4.1938603934680374e-01	   5.8022649587505359e-01	   5.8966134530980485e-01	   4.9174282341008257e-01	   6.7301796548867732e-01	   5.7074101112011022e-01	   4.0094947257957791e-01	   3.5028236305905891e-01	   4.8788641646911529e-01	   3.5407776399499186e-01	   5.2042622898652524e-01	   4.5830216200567375e-01	   3.6714712297430840e-01	   7.1426448065713677e-01	   7.7854942737501487e-01	   8.6564645828791076e-01	   5.6575070020281149e-01	   5.1592975022759946e-01	   4.2772671806285917e-01	   2.8111012241252170e-01	   1.3124488670424322e-01	   2.4799712557226694e-01	   4.0221981766720888e-01	   3.2906635289245006e-01	   4.7093260162606648e-01	   5.2631142013196142e-01	   6.9044495785354620e-01	   3.6904929898557859e-01	   5.0607890357701579e-01	  -2.7201904926827905e-02	   5.2322184641432223e-01	  -2.4301763492778957e-02	   8.7149064179138036e-02	   2.3174575876013415e-01	   1.1728363222992375e-01	   2.7518496502810474e-01	   4.2707884102584392e-01	   3.2086187722719767e-01	   4.0800117999569702e-01	   3.3998168467435497e-01	   3.2418716126418856e-01	   2.2944104696298190e-01	   2.8180086480136640e-01	   3.2065244065774090e-01	   7.9805277571473754e-01	   5.9956730738106900e-01	   5.7990316536688369e-01	   3.7873514388929408e-01	   4.4091193613024571e-01	   3.6377817024465176e-01	   1.6843788731316606e-02	  -3.3470128554332224e-01	   4.6993318194506939e-01	   1.4711732844713024e-01	   8.5964305156293486e-01	   3.4816906060028274e-01	   5.7935608318558340e-01	   6.4977754242903785e-01	   5.4941904791723117e-01	   6.2852006868478461e-01	   2.3834016819321968e-01	   2.1871709129846981e-01	  -1.4333394285992501e-01	   4.8908157382607187e-01	   2.1353834108167732e-01	  -3.6003974848825210e-01	  -1.0829860787226724e-01	   3.5340730246585894e-01	   2.1284475991380311e-01	   4.1255307558547083e-01	   3.6922757692951436e-01	   2.2656662555983148e-01	
   8.1133484202460593e-01	   6.8106127847560460e-01	   9.7373762172364298e-01	   7.2193813307454924e-01	   6.3891683580504410e-01	   6.1657939667009765e-01	   9.7971671009433348e-01	   2.6591656764808103e-01	   3.1218066916500115e-01	   4.9450092623005948e-01	   0.0000000000000000e+00	   6.8658524121395370e-01	   1.2824817860516304e+00	   6.3941559853959018e-01	   1.0504140396571178e+00	   8.2640529338760205e-01	   3.8890509288411107e-01	   3.3993984300214714e-01	   7.4486509412354185e-01	   4.8874788370004646e-01	   1.9622514427833904e-01	  -3.4052059331035267e-01	   9.7485416623187260e-01	   8.3928591875198344e-01	   5.9172855275986802e-01	   2.2910625397627893e-01	   8.4467990405108162e-01	   7.2820637647659558e-01	   2.3462635768218329e-01	   4.2751594658914283e-01	   5.3596523585248768e-01	   2.1434064603055569e-01	   1.8318531317985692e-01	   9.2525640781703278e-02	   6.8203128004877722e-01	   4.9052671706447348e-01	   5.2746865210507310e-02	   1.6852136713850097e-02	   1.0767945086570969e-01	   2.9072896135989940e-01	   4.6323100548799778e-01	  -1.8280510906616465e-01	   9.1274758644695564e-01	   8.8338355671094915e-01	   1.2088918202561989e+00	   1.1246664472354240e+00	   1.0021372448486146e+00	   1.0823885941977258e+00	   1.2172393239601216e+00	   1.1685593711483613e+00	   1.0278770235497416e+00	   1.0578646542880827e+00	   7.3101798963781528e-01	   6.1414958576590450e-01	   9.2827533447226374e-01	   8.2932338110722403e-01	   5.1593897173121084e-01	   6.7711022320998326e-01	   9.9442719562467730e-01	   9.9963778492421829e-01	   9.4718579790999857e-01	   4.0039929308349553e-01	   5.3817422566259920e-01	   3.7137630430956187e-01	   7.6741913178912424e-01	   7.6701626882740026e-01	   7.7485252624183620e-01	   6.5006412907227373e-01	   6.6434713596888439e-01	   6.3850791934998963e-01	   2.2464845613773138e-01	   2.4132088681005495e-02	   5.8553145294690401e-01	  -9.0029412414189672e-02	   6.6894193426141835e-01	  -2.6779799774561436e-01	  -1.7610424355333840e-01	  -1.0871350540990343e-01	   1.6349686789996440e-01	   2.3925979259111504e-01	   4.1301424543530912e-01	   7.0709783379345670e-01	   6.5287568736364265e-01	   6.7637349276152425e-01	   1.0798174390497512e+00	   9.3049060134279504e-01	   1.5258873412235530e-01	   4.6739153723447679e-01	   8.6157879036344598e-01	   9.3436885341714637e-01	   8.3237061254869682e-01	   6.4304895438425214e-01	   2.4178927550512222e-01	   5.2076453844455584e-01	   8.4182767604051495e-02	  -3.7034236830924167e-01	   7.1260715334124969e-01	   5.6532095495893353e-01	   9.3181325173280904e-01	   8.9260484872752177e-01	   2.9403986684670447e-01	   7.2816145179807745e-01	   3.7240497667830313e-01	   6.8710853596788413e-01	   5.0497499543737590e-01	   4.2451019360371517e-01	   8.1436709826598286e-02	   7.0151317926479118e-01	  -2.6885659736704171e-01	  -5.0306049048669099e-01	   2.7318852815712275e-01	   1.1431810723687488e+00	   4.7792083385811798e-02	   1.1610929447385596e-01	   2.9515730978326649e-01	   1.2314564998226911e-01	
   8.4944848644049431e-01	   9.0468323153433072e-01	   4.0146871769789827e-01	   1.2561473101488776e+00	   1.9234055808234454e-01	   9.3190243090008007e-01	   5.1517419040067769e-01	   9.0478513327376453e-01	   3.8537431544142481e-01	   5.8260243675917300e-01	   6.8658524121395370e-01	   0.0000000000000000e+00	   7.7841545886035302e-01	   1.0435194890775552e+00	   6.0269168615197000e-01	   9.2136437998653875e-01	   4.1812508260229925e-01	   4.9929420429454530e-01	   3.2000455526374399e-01	   5.5871771417400384e-01	   3.1338285420751705e-01	  -4.8691086685485252e-01	   7.6393058006697401e-01	   9.3172926924219046e-01	   4.5025479957982645e-01	   2.4000649629891563e-01	   2.3107310710467016e-01	   1.9348646143689868e-01	   7.0230358359035328e-01	   7.0466333393606551e-01	   5.9084785928395778e-01	   5.4609648915729414e-01	   5.1762347975066092e-01	   5.0735057354317825e-01	   3.8133225451852704e-01	   5.1898548536269251e-01	   3.3152428215343609e-02	  -1.2177719034041920e-01	  -1.0597037874314502e-01	   3.6442008943611159e-02	   6.2276670926338895e-01	   1.1626033119682272e-01	   5.2740475446457913e-01	   6.1221581653352097e-01	   3.8491421717804369e-01	   5.2583659268221983e-01	   5.8780250884479135e-01	   6.0953781777456961e-01	   6.2622108290177059e-01	   5.6864370069440640e-01	   3.4947823436236619e-01	   5.6508342682675017e-01	   3.5472415015878300e-01	   3.9078461666005199e-01	   3.5226580340917046e-01	   4.8189311101156040e-01	   5.4479807888307441e-01	   6.8593618869333528e-01	   6.5114761089019935e-01	   1.0076977012616020e+00	   9.5759349606039168e-01	   1.0123661497172178e+00	   3.7937316321082404e-01	   6.0115585969342733e-01	   2.3052668285012012e-01	   7.0425999951928075e-01	   4.4725409139637207e-01	   3.2638340728387322e-01	   3.9073352524785993e-01	   5.3186735769197901e-01	   3.8669431800261977e-01	   2.5930781100200395e-01	   7.0313829767454750e-01	   4.3315680919576660e-02	   4.0617817707577042e-01	   1.5893230365245997e-01	   8.4935796365138788e-02	   2.9642360969946191e-01	   3.5048107509944210e-01	   4.8498589012154825e-01	   5.2874315233819036e-01	   5.3083384814743950e-01	   6.4567437698853136e-01	   4.8544362869682300e-01	   4.3145116041822418e-01	   4.6635497549911387e-01	   4.8800419285946128e-01	   4.3098483749321093e-01	   6.6895019283702484e-01	   8.4198083496974796e-01	   4.8479907566277447e-01	   1.6224912823887624e-01	   3.5974949080243401e-01	   1.0609859206784271e-01	  -1.3739120114772135e-01	  -2.9610011890764237e-01	   3.0830614000454720e-01	   1.7340627366304248e-02	   5.0076950507578477e-01	   2.5331650029498987e-01	   5.3021845871981299e-01	   4.7208283426043368e-01	   4.4071367470035550e-01	   3.6512715162709170e-01	   5.5736023785013709e-02	  -7.4725089753467533e-02	   2.0333435793415414e-02	   1.9958467403410879e-01	  -6.4847238665207252e-02	  -6.9658777895005852e-01	   1.3422755657278651e-01	   3.8447611924455699e-01	  -4.4717498824243924e-02	   4.7815777833554805e-02	  -1.0043664492896154e-01	  -2.2752376568672839e-01	
   4.8662760114527159e-01	   5.0275359597173264e-01	   1.2367386141788221e+00	   9.5849904092983107e-01	   6.6801485665808413e-01	   5.1766369335061546e-01	   1.5064606807863190e+00	   4.7597646270027372e-01	   5.3142680574662526e-01	   5.5643457920218964e-01	   1.2824817860516304e+00	   7.7841545886035302e-01	   0.0000000000000000e+00	   6.8114440201443127e-01	   9.4555421975619369e-01	   8.7479630079380688e-01	   3.1172486897255991e-01	   3.3131678458976394e-01	   3.4885445832034589e-01	   2.7481918269717631e-01	   2.2887193674229633e-01	  -2.6356464834932203e-01	   1.1685778393093498e+00	   1.0461168754073822e+00	   4.6125131832596122e-01	  -5.5743367622453667e-02	   6.2606518448741222e-01	   3.5955998756398377e-01	   2.0802035210745648e-01	   4.0706519066758839e-01	   3.9275323469990547e-01	   4.2575125772830885e-01	   1.1568343404188941e-01	   1.2497285367862376e-01	   5.5382053495538019e-01	   2.9852956932849317e-01	   1.9200202550156474e-03	  -2.1952255285280203e-01	   1.3118386487890672e-02	   2.7615831259494034e-02	   4.4045462953317599e-01	  -2.2573859225708182e-01	   5.4476940550542641e-01	   5.4384792672494653e-01	   8.6771416366010135e-01	   6.3840225115610760e-01	   6.7752277785375881e-01	   7.2370493633777055e-01	   9.1115596203756244e-01	   7.4796698769653835e-01	   6.6735525243202398e-01	   6.5840364105473570e-01	   4.1397345036791022e-01	   4.1303971401124878e-01	   7.6044702482697035e-01	   6.3031381299833367e-01	   3.1288139682750832e-01	   5.2065876591523308e-01	   1.0960744101866646e+00	   9.9981869708618187e-01	   1.3512097450178893e+00	   6.9030616328118077e-01	   6.4761566669481407e-01	   4.2490517725866017e-01	   9.4705319589145498e-01	   9.6216748850199452e-01	   6.2026796673735307e-01	   4.3897576464175347e-01	   3.7189391187439158e-01	   3.7837387504893066e-01	   3.0168324399730179e-01	   1.2122290982003803e-01	   4.9663669181915993e-01	  -8.6873580713599768e-02	   5.3625791518462951e-01	  -2.8522510650314103e-01	  -2.1858636744635149e-01	  -9.4664860303126860e-02	   7.4580585404495331e-02	   1.7515224160072373e-01	   3.0535549586133065e-01	   5.7987728574877340e-01	   5.3137332367699397e-01	   5.8593887553305546e-01	   9.3299060622509666e-01	   7.8666430339097415e-01	   2.0058466769760624e-01	   2.9474532979695284e-01	   1.2295096057420922e+00	   8.9533214100136260e-01	   7.9711730762717903e-01	   7.0897989715679643e-01	   5.4222755552439694e-01	   6.9175767216425288e-01	   1.5026455976086781e-01	  -5.5552662411026910e-01	   6.0294349123975510e-01	   2.8323990679599015e-01	   8.1335875929108337e-01	   7.5105237814143710e-01	   5.7350248086173750e-01	   9.2543049391149634e-01	   4.1296710992376612e-01	   7.0516018055834795e-01	   5.1631886938947091e-01	   4.4016605667971104e-01	  -1.1441367772830310e-01	   7.0129195442160164e-01	  -1.7756375510180980e-01	  -5.6014028340478683e-01	   2.2770971242611315e-01	   9.3125134429965561e-01	   2.0160115089239808e-01	   2.8478438927990513e-01	   4.8216131481316821e-01	   8.7398380933001243e-02	
