   0.0000000000000000e+00	   1.1664950922985469e+00	   7.9285489341317661e-01	   1.0901169486190116e+00	   3.4010600615130482e-01	   2.8783402633270133e-01	   5.5104897046059997e-01	   7.6748831100026671e-01	   1.4208185957199931e-01	   3.1742444654980823e-01	   5.6887569937020654e-01	   6.0263260391200080e-01	   2.3676874041235652e-01	   8.8003106376747831e-01	   3.0919259168427249e-01	   7.6863071739402933e-01	   5.7838270980718420e-01	   5.2147005197637086e-01	   9.4232410711206815e-01	   1.0804918038116516e+00	   6.1751972564124354e-02	   5.7398277029195310e-01	   4.3627275190118331e-01	   5.9470223570344194e-01	   3.0363702537124004e-02	   3.3315491120202401e-01	   2.7931435133105437e-01	   1.6076619371469103e-01	   4.3785074951125391e-01	   4.6856195226233743e-01	   4.2709174418074242e-01	   4.4247981353969484e-01	   9.3296183242430586e-01	   9.5499338194653149e-01	   4.4220397145348778e-01	   4.8511465066211423e-01	  -3.9039815677677514e-01	  -1.0184107638375159e-01	   5.5600631262564770e-01	   7.0947793631632894e-01	   6.4013483075669475e-01	   4.6660527863211498e-01	   2.3737884962747494e-01	  -1.6895754478053515e-01	   2.3408593755049287e-01	   4.9117434058520593e-01	   5.5270421572187556e-01	   7.1937905421929527e-01	   6.0399232347103571e-01	   8.1027658865397534e-01	   6.6819833249059513e-01	   7.6133188917391936e-01	   6.2418912195932807e-01	   8.3884240645966390e-01	   9.5524667829756127e-01	   7.3186438509287111e-01	   1.2230256219152862e+00	   1.0759186141763459e+00	   1.1417813336967979e+00	   1.0289629201729602e+00	   8.1995827807922683e-01	   7.3268096718916120e-01	   4.7356618218813357e-01	   7.4880403617094538e-01	   1.2166545092926404e-01	   5.8599992697235881e-01	   9.7414504709756899e-01	   8.6200224788558033e-01	   7.2856875280229272e-01	   5.6259074549138499e-01	   3.6103145028970901e-01	   4.9373350872985944e-02	  -2.3548048541594310e-02	   8.5947738102501214e-01	   3.7643014519301166e-01	   6.5736213908086771e-01	   3.3991546760902897e-01	   8.4252334761173731e-01	   3.8549287490191031e-01	   3.3612332624470864e-01	   8.7870687215062759e-01	   9.0813083138432460e-01	   6.2450575346055326e-01	   2.1099606739521570e-01	   8.7238662977999026e-01	   1.0520665821718536e+00	   2.7698950768315794e-01	  -1.3947513784224422e-01	   1.0055376347103815e+00	   8.5104533792207981e-01	   1.2673002203641008e+00	  -2.2365675940883242e-01	   8.1954962301706780e-01	   5.4644160936015906e-01	  -2.9974006395427855e-01	  -9.2680414715505616e-02	   3.2034161765899211e-01	   5.8607855756810168e-01	   1.0355280207658621e+00	   9.6960525685781640e-01	   7.2345424762629529e-01	   1.0122384217532223e+00	   5.9761671534628491e-01	   6.9978114742143604e-01	  -8.0059040390255423e-02	  -1.1670002691585732e-02	   6.8706042523442545e-01	   3.1360908869214826e-01	  -1.0413526045931309e-01	  -5.5832791223160561e-01	   6.1348696224592891e-01	   5.9379137668108939e-01	   9.5376539365429858e-01	  -1.7126903561083096e-01	  -1.7730129388088056e-01	  -5.5171219401512905e-01	
   1.1664950922985469e+00	   0.0000000000000000e+00	   7.0705970547874275e-01	   1.2698867085998662e+00	   6.3268227454167536e-01	   5.5846513025429600e-01	   3.9656715610846327e-01	   1.1984695107042815e+00	   2.6580718118099167e-01	   4.9098461228891499e-01	   1.9945273799513125e-01	   8.0140953123590530e-01	  -7.2773701700958149e-02	   1.1177363814133905e+00	   9.5654376661332377e-02	   7.9078048371250387e-01	   5.5276092271101451e-01	   8.7773007521352908e-01	   9.2024159069405398e-01	   1.5036416027926747e+00	   6.4881030024639325e-02	   4.9619794236910630e-01	   1.9002473951800064e-01	   5.4688052138696963e-01	   9.6992556133281949e-02	   3.6111063748351668e-01	   6.0932494881362798e-01	   3.8411211894393338e-01	   1.4377305723638398e-01	   4.9061415951890730e-01	   2.0371865836237357e-01	   3.5439522970673165e-01	   1.5455259237410401e+00	   1.3825338686761579e+00	   2.5396904569430162e-01	   6.4359375395703056e-01	  -3.1263613208995178e-01	  -2.4430285510238878e-01	   3.5996851561536886e-01	   8.3475865464229593e-01	   4.7532399333650388e-01	   5.5689832874819944e-01	   1.5276391947131329e-01	  -2.7333837379250414e-01	   1.7394688555776885e-01	   4.4637024712873358e-01	   7.0397729708622836e-01	   8.0297427978514180e-01	   7.6422921695348256e-01	   1.0476951528104033e+00	   5.0001210555281073e-01	   7.4718126678080776e-01	   1.0406348022462721e+00	   1.0340895699518171e+00	   1.0426130752750546e+00	   1.0244139786918858e+00	   1.5909433271588413e+00	   1.6884193338130618e+00	   9.6771371431826447e-01	   1.2383246713794283e+00	   9.9015640725234766e-01	   9.2166621203744437e-01	   7.4698540040714523e-01	   1.1922904000565242e+00	  -9.9407462650530395e-02	   4.8252205452042440e-01	   9.0080762833171457e-01	   8.9751815046994676e-01	   1.2708808292932048e+00	   9.8012826471249581e-01	   1.3192672028102997e-01	  -3.7853433254390906e-01	  -1.6313013270267177e-03	   9.4076461420984847e-01	   3.1973587581975205e-01	   7.0387476047303177e-01	   1.8368669996264964e-01	   5.0886210847040736e-01	   2.3617032071967109e-01	   3.1053522768278902e-01	   1.3965219689005504e+00	   1.3748313256509535e+00	   4.7690097624728806e-01	   2.5395917617427949e-01	   5.9259780097723003e-01	   1.1866016764840426e+00	   2.8260383934134448e-01	   1.4417578173228659e-02	   1.3877056107785328e+00	   1.2760497168772427e+00	   1.2334701540226407e+00	  -3.3979935188590188e-01	   8.9527687806706435e-01	   3.5443153731940524e-01	  -4.8344449700666647e-01	  -1.1315575604045101e-01	   9.0578750525351678e-02	   6.3161263035932713e-01	   1.3910377480854912e+00	   1.0303331126232944e+00	   8.8477912880948273e-01	   7.8946849348128456e-01	   1.0213722236484648e+00	   7.6639336263722180e-01	   3.0026279159455858e-02	   8.4994567512547886e-02	   4.2363700485032008e-01	   3.1797927879232185e-01	  -2.1018527223747446e-01	  -4.1550193882688152e-01	   5.1461550934237787e-01	   8.8750308219753637e-01	   1.2191268189077371e+00	   2.9502734011793585e-01	  -6.5764320978637112e-03	  -3.8309927458607113e-01	
   7.9285489341317661e-01	   7.0705970547874275e-01	   0.0000000000000000e+00	   1.0412718793366089e+00	   5.4271191380904471e-01	   3.5111691179866916e-01	   9.8714446526235278e-01	   6.7295680817868209e-01	   4.3286015496454611e-01	   2.0121761943972219e-01	   4.9078592289902895e-01	   1.1622324786515892e-01	   1.2102446296704085e-01	   4.0944033810003910e-01	   4.0108509406795823e-01	   7.2133263326438468e-01	   8.7234564601493508e-02	   2.7004621970611531e-01	   1.1478613915943843e+00	   1.0474380070196725e+00	   1.1437423878105996e-01	   6.1652883181044715e-01	   8.6486922127084942e-01	   1.3193742952798462e+00	   5.8575433647343245e-01	   8.5716237621416724e-01	   2.7184790487535604e-01	   2.0512320068083495e-01	  -1.1890191342789047e-01	   8.0958875604761157e-02	   3.3642624402000476e-01	   8.6064448779872438e-01	   1.0240257372627075e+00	   1.1355034995634536e+00	   1.2623383070094938e+00	   1.0330115847252299e+00	   6.7261835692911692e-02	   1.1680378508015199e-02	   3.7994831543234880e-01	   5.6941673581081897e-01	   5.6888278375107693e-01	   8.1516289300586475e-01	   3.6666771084263217e-01	  -1.4220020952938292e-01	   6.6571085477586234e-01	   6.8525438429399155e-01	   9.6145814333662727e-01	   1.1065562653103160e+00	   9.0511315930097069e-01	   7.6740098467388496e-01	   5.6442614061093632e-01	   5.5857237219889844e-01	   6.9338533182480422e-01	   6.8135760665710632e-01	   8.9633393580421239e-01	   1.0457246097482629e+00	   8.5151338381087649e-01	   5.6413777062425308e-01	   7.7474912591165235e-01	   6.5435321994486717e-01	   4.4531867391595781e-01	   4.7674735915083011e-01	   2.0101970589141080e-01	   2.6822006104609597e-01	   3.1409606030248055e-01	   7.6840196610088052e-01	   1.2291752548498416e+00	   8.1818375987369296e-01	   7.6010893521429690e-01	   4.8858175603540499e-01	   5.0085153689972706e-01	  -1.1449412919424957e-01	   1.4022115462070078e-01	   5.5128509505817846e-01	   5.0667800216438130e-01	   7.8334655433630684e-01	   5.2125422935989474e-01	   7.2597200081980162e-01	  -4.8613125950199121e-02	   6.4999617631757035e-03	   6.2585696962149440e-01	   7.5860020384926763e-01	   1.0587906782918473e+00	   4.5600392102148218e-01	   1.3584791198287851e+00	   1.1163586350912675e+00	   8.4888471525273435e-01	   1.3152839190855903e-01	   6.8449445518207908e-01	   6.9942801246691300e-01	   1.0467110718740518e+00	   1.7424748866230277e-01	   8.4713002592470166e-01	   1.2195184325260844e+00	  -3.8713666776906358e-01	  -4.7789604558813947e-01	   1.4754568522165337e-01	   4.9985540934312866e-01	   9.4521499988500102e-01	   1.2636673544013359e+00	   3.7038423250988328e-01	   1.3981732949378294e+00	   4.1184474378243402e-01	   9.1479540093047940e-01	  -3.5526227210870837e-01	  -4.5065938937220518e-01	   7.5017796609831489e-01	   1.9366822052292984e-01	  -1.0725951377606667e-01	  -5.7844806200262022e-01	   7.0155543318454550e-01	   7.8236622524479837e-01	   6.5112472430246560e-01	  -2.6499811381732064e-01	  -4.2642371804653373e-01	  -8.4745037356346486e-01	
   1.0901169486190116e+00	   1.2698867085998662e+00	   1.0412718793366089e+00	   0.0000000000000000e+00	   5.8818778933943394e-01	   4.5641828172247501e-01	   5.2621599370982608e-01	   1.0704313138736774e+00	   1.9546244026187862e-01	   3.3866055284249585e-01	   3.4115245361780022e-01	   4.6576676048241406e-01	  -1.9103260970928071e-02	   7.4182284304801949e-01	   1.0832690785630911e-01	   8.1947098272036412e-01	   1.7448131659076752e-01	   3.5485780314320903e-01	   1.2012403038259596e+00	   1.6864749553625715e+00	  -1.3815173781859857e-01	   5.4790289193840924e-01	   5.9274182820325072e-01	   1.1604275448310006e+00	   4.6606596423340863e-01	   6.8092008069418886e-01	   4.4819826223934595e-01	   2.4261185079375797e-01	  -1.0646686305676749e-01	   2.1978169618921672e-01	   3.8760166008631114e-01	   5.6646934182111452e-01	   1.3709351801245164e+00	   1.2692015931437735e+00	   7.2705171482221997e-01	   1.0454229561133899e+00	  -3.7649217999415535e-01	  -3.5502311933787928e-01	   1.9552415659315331e-01	   6.3428825961663859e-01	   4.1210800246082924e-01	   5.2928805426456738e-01	   6.1942921933957340e-01	   3.4608003753637762e-02	   5.8221291204060188e-01	   9.0207675000638821e-01	   1.0226085455646727e+00	   1.1758678526504827e+00	   1.0668650491868428e+00	   1.4617538858460322e+00	   7.4190287875333238e-01	   1.1437246442995834e+00	   1.0414101692409563e+00	   1.1013035771907638e+00	   1.1818493859204835e+00	   1.3238977933002785e+00	   1.4774701170805309e+00	   1.0459978717588230e+00	   8.3049149744023254e-01	   1.2518551795079258e+00	   6.3933530911878877e-01	   5.6936721771345300e-01	   2.9234692097499615e-01	   5.4194787064702643e-01	   1.3218957177380306e-01	   7.7306067881528406e-01	   1.6470258152449289e+00	   1.5150086459311445e+00	   1.2699619601343761e+00	   1.0261386465402762e+00	   3.6836442865437685e-01	  -2.7394414386976113e-01	  -1.2118296486850355e-01	   7.4922018869971851e-01	   3.7561292536044483e-01	   6.3464888145482601e-01	   2.6477962764467244e-01	   5.5125756978270846e-01	  -1.0251007102638947e-01	  -4.4952543949917222e-03	   7.8784670306365934e-01	   9.4984588662794633e-01	   5.1913635004451153e-01	   2.6214925998933897e-01	   8.3017021592580553e-01	   1.5390924533088794e+00	   3.7515881673803297e-01	  -8.8798480076489633e-02	   9.0832367251444601e-01	   1.0558828993902794e+00	   1.5089081082819418e+00	  -9.6383226438557693e-02	   1.3437755411240349e+00	   6.1465204640670990e-01	  -6.2617924116132395e-01	  -2.3674232784048849e-01	   1.0836078989380471e-01	   6.6235870873691227e-01	   1.7629989505388262e+00	   1.3476655831211983e+00	   7.5571826145676757e-01	   1.0868568024806797e+00	   7.5273887233430015e-01	   7.5824809757862577e-01	  -5.9998207022301603e-02	  -1.5701999775350975e-01	   4.4543842522176835e-01	   2.1026308318113607e-01	  -2.0406947634599654e-01	  -4.2948394240305399e-01	   5.1303685912888497e-01	   1.1732123654738715e+00	   1.2568998176921244e+00	   1.8363409534244365e-02	  -2.5582506119625231e-01	  -5.2132300369218709e-01	
   3.4010600615130482e-01	   6.3268227454167536e-01	   5.4271191380904471e-01	   5.8818778933943394e-01	   0.0000000000000000e+00	   1.6292640260690001e+00	   4.4843051653020549e-01	   1.0423800397905141e+00	   8.6287695414462706e-01	   9.1887866467133605e-01	  -1.5616886094403989e-01	   2.2467592935263236e-01	  -2.6811013796552263e-01	   3.5777147953190114e-01	  -3.7130583532648233e-02	   7.8405683330739717e-01	   8.2453223196454511e-02	   4.9366393266992309e-01	   7.8652636041849577e-01	   6.6228609000820404e-01	   3.9253658333300878e-01	   4.5661517932699597e-01	  -8.4778978268984950e-02	   4.0890558978448338e-01	   4.0835505982316271e-02	   4.5243884954898184e-01	   6.8578139260846493e-01	   2.0266683593539134e-01	  -1.4483530003091075e-01	   4.8997327106431943e-01	   1.7477854485853841e-01	   2.1726731681776104e-01	   9.2763655344497764e-01	   7.4867188273998619e-01	   1.6017660477457998e-01	   2.9144504372376978e-01	   6.7743996284995986e-02	   2.3488283120750425e-01	   3.3222446083930285e-01	   6.8195583006778060e-01	   6.7170837853081022e-01	   9.6741542659669855e-01	  -6.0824282934032692e-02	  -3.8250548508340698e-01	  -7.1990332286295158e-02	   1.9618480694276974e-01	   3.7161100240343781e-01	   4.3337849919925209e-01	   4.6796957253219290e-01	   5.0988402238796060e-01	  -1.5932165264791009e-01	   1.4925673258899894e-01	   7.3257068474477727e-01	   5.1487070048692840e-01	   4.3496787321482078e-01	   4.5798361518542052e-01	   4.9027258586925132e-01	   4.7519941505894492e-01	   6.3544212703566305e-01	   4.1466948494251449e-01	   7.9335749892845575e-01	   6.9426940188849651e-01	   5.6476344015238955e-01	   4.3473618335167169e-01	  -1.7458818046642008e-01	   4.6626357230551357e-01	   4.0660254507855254e-01	   3.1982240830762126e-01	   7.6032127822333573e-01	   5.2522152087671115e-01	   1.7490023853019096e-01	  -5.5141734859662270e-02	   3.1679582093283298e-01	   9.6051719729172336e-01	   4.7473833921614150e-01	   7.8136942371480944e-01	   6.7911556489429425e-01	   5.9074644655332043e-01	  -5.9439294089047912e-02	   1.1306514131244770e-01	   7.3432561087983705e-01	   7.6703257790945234e-01	   3.2283537642589066e-01	   5.0157295087530873e-01	   2.0428843349562414e-01	   3.4927906792082503e-01	   8.2513270195677849e-02	   3.9035852240079244e-02	   3.3805983233288017e-01	   2.5699478737857845e-01	   6.3059997351807318e-01	  -3.8276003697670091e-01	   5.7919955055214989e-01	   4.8610759546075100e-01	  -4.5361678913888204e-01	  -6.3734888598999684e-01	  -5.1510453165175947e-02	   4.2025197748541238e-01	   5.8605452311996753e-01	   8.9863156076186257e-01	   9.6466656931837413e-01	   6.9685478702151293e-01	   7.6964439263698081e-01	   8.2476107833197565e-01	   7.8878326610689595e-02	   6.0444563396205804e-02	   3.1418846991348970e-01	   3.9436112184933897e-01	  -3.2066510277105420e-01	  -6.3619729681333603e-01	   7.1974009338245715e-01	   6.1262504069490564e-01	   5.0254679731387542e-01	   2.0324647965819481e-01	  -2.8641593574017832e-01	  -5.1251313188659897e-01	
   2.8783402633270133e-01	   5.5846513025429600e-01	   3.5111691179866916e-01	   4.5641828172247501e-01	   1.6292640260690001e+00	   0.0000000000000000e+00	   2.5399502182184924e-01	   8.4452812813829625e-01	   7.5778136117529726e-01	   1.0744917911575780e+00	  -4.1676817865187610e-01	   8.5929928963583382e-02	  -4.1296463132843531e-01	   2.5062274458798262e-01	  -4.7379481899609090e-02	   8.5156210480551553e-01	   2.9760813557113800e-02	   5.3238941273156282e-01	   7.9875551475441564e-01	   5.8894533992643483e-01	   4.5359252960826002e-01	   3.2382641180246463e-01	  -2.4632167370983105e-01	   2.8729293870713751e-01	  -7.1767182714004479e-02	   4.3555629655647077e-01	   6.3694837604331189e-01	   3.4159437498197787e-01	  -1.0989817904387084e-01	   6.8404242270838800e-01	   3.4474020669325434e-01	   2.6461474087466419e-01	   7.5879199955048038e-01	   5.9435060607902290e-01	  -1.9014206779197049e-02	   5.6955279874693662e-02	  -4.1417299980880881e-02	   2.1903913767754796e-01	   3.5171909927617589e-01	   6.0190739236870494e-01	   4.9032896192883091e-01	   6.8052338747666552e-01	  -1.3749626719413563e-01	  -4.2041252544688856e-01	  -1.8756137347980981e-01	   1.1859853085800968e-01	   2.1483112691856024e-01	   2.4460587846406920e-01	   4.0889927887153726e-01	   4.1355614426019971e-01	  -1.2798031203038901e-01	   8.8245698612134271e-02	   5.2078452220190963e-01	   3.8500377424700494e-01	   1.9152137411538966e-01	   2.4877317826528650e-01	   3.5901936355347858e-01	   3.5624522715926127e-01	   5.9942900892927975e-01	   3.0985174802332810e-01	   7.7946075831949657e-01	   5.7076282373090015e-01	   6.5061023519838279e-01	   4.0039894942084653e-01	  -1.0609293246964351e-01	   3.9013247468534618e-01	   2.4695997796260163e-01	   1.5646530783190682e-01	   6.0838079056655103e-01	   3.9848593162756202e-01	   1.6420669629454818e-01	   2.3423886873503181e-02	   5.3368510664850677e-01	   9.9859487903878841e-01	   6.5127478747686240e-01	   8.7024577048004859e-01	   6.3124785129893179e-01	   5.0042922938546019e-01	  -6.2300353595923917e-02	   3.3058786263142570e-01	   5.9586901555895755e-01	   6.7430151428683271e-01	   1.1367295732862964e-01	   3.7480483736509951e-01	   8.8129520352381682e-02	   2.7657538914719237e-01	  -9.6879601357159062e-02	   1.4914039563295162e-01	   2.6513127117341223e-01	   1.6478319657786805e-01	   4.4207741422882696e-01	  -5.6638623107304809e-01	   4.1350314794612425e-01	   2.3568254488149493e-01	  -2.3513092645676315e-01	  -3.7751277976157566e-01	   5.7054638762705119e-03	   4.1958259834973444e-01	   4.6411083677228421e-01	   6.8452773179614779e-01	   1.0814189905546661e+00	   5.3790757499687492e-01	   1.0202978445248236e+00	   9.2648564248877807e-01	   1.7182900391222050e-01	   2.6537452784179610e-01	   1.8536402682082737e-01	   5.4802974307583630e-01	  -8.3279765650720886e-02	  -5.0742137480134264e-01	   4.3864946243742969e-01	   4.5407108358191040e-01	   2.9862099563754413e-01	   2.7452030417595708e-01	  -2.7293412132363058e-02	  -2.7125679185364449e-01	
   5.5104897046059997e-01	   3.9656715610846327e-01	   9.8714446526235278e-01	   5.2621599370982608e-01	   4.4843051653020549e-01	   2.5399502182184924e-01	   0.0000000000000000e+00	   5.9022862521883634e-01	   7.0613068448329674e-01	   3.4646346982087539e-01	   6.9452399495089023e-01	  -1.1066030527045002e-02	   4.7088405950384604e-01	   6.8213288782630305e-02	   4.2974653820233122e-01	   3.2740069928318238e-01	   3.2112170570989418e-01	   1.3858921437105221e-01	   6.4792897086090084e-01	   5.2824952307347361e-01	   2.6734227243492720e-01	   4.5991993372814916e-01	   6.6708516581844479e-01	   6.6919312641408790e-01	   1.6439019253407491e-01	   1.9340782296214359e-01	   3.6734360404239247e-02	   7.1818193635310834e-02	   1.3541834998371452e-01	   1.2185947061353226e-01	  -9.9114832588006116e-03	   3.6461689616515797e-01	   5.9338737959334320e-01	   5.8630070772058329e-01	   6.4549149874407885e-01	   4.7203335277439396e-01	   1.9187706595229456e-01	   6.0200934663506518e-02	   2.5606569565042353e-01	   1.3975484994264739e-01	   8.2149980907899689e-01	   4.6217134955138728e-01	   1.3903743167967897e-01	  -2.7447132850671646e-01	   3.8485864227886485e-01	   2.2948466394427297e-01	   7.6151467601965728e-01	   7.0145308405321527e-01	   4.4268369586130563e-01	   3.2828006994725550e-01	   2.8623571678678933e-01	   2.2614008368451763e-01	   5.3686763391124592e-01	   5.7106202544862528e-01	   6.0847358979077792e-01	   4.6590941100195726e-01	   3.3569529632439904e-01	   2.4282229391545454e-01	   6.0782151199345558e-01	   1.8166078993299631e-01	   5.8384566501530777e-01	   3.7960784833494576e-01	   3.3440808242190112e-01	   1.2325684541205825e-01	   3.1786760180593704e-01	   4.6823524544558071e-01	   5.3728611428340967e-01	   3.4217248919856064e-01	   4.1237030937683361e-01	   2.5951537629313737e-01	   1.4117668985496612e-01	   1.9790099074636339e-01	   3.7118545147049942e-01	   5.5475287359353131e-01	   6.5902194997919539e-01	   3.4642369418405655e-01	   7.1465570654137400e-01	   7.6095651055491287e-01	  -9.1521873023716130e-02	   1.6103804040732431e-01	   6.0140770680101818e-01	   4.4770959352257400e-01	   9.4131382478932324e-01	   4.7270728487437519e-01	   6.5087659630349581e-01	   4.0899987413252098e-01	   3.5920402921123168e-01	   3.4621647740872635e-01	   4.5710888616388745e-01	   4.4943607764506488e-01	   8.9815072563324805e-01	   9.1450483274592681e-02	   8.0959308816050168e-01	   1.6623172412526594e+00	  -5.4763238619731924e-01	  -9.9911792409042688e-01	  -2.1820299456947861e-01	  -5.5355916907495112e-02	   6.2603533704096070e-01	   8.2010882942669860e-01	   2.6227909385889386e-01	   8.8541835719247963e-01	   8.6973185793609908e-02	   5.8572819132406861e-01	  -3.9060198648852062e-01	  -3.2637456777189244e-01	   3.1996953175675441e-01	  -1.0600968456036210e-01	  -4.2475891356211315e-01	  -9.7868735730789858e-01	   6.0874471771717875e-01	   3.7369692698670565e-01	   4.9564581141247743e-01	  -4.0196309793154850e-01	  -4.6450847314503696e-01	  -6.9699076763413825e-01	
   7.6748831100026671e-01	   1.1984695107042815e+00	   6.7295680817868209e-01	   1.0704313138736774e+00	   1.0423800397905141e+00	   8.4452812813829625e-01	   5.9022862521883634e-01	   0.0000000000000000e+00	   5.3044872145809352e-01	   7.5855112903103650e-01	   2.1101608767817120e-01	   5.0371758319479576e-01	  -1.3256353163431253e-01	   6.3249569188101640e-01	  -1.7955154702231974e-01	   5.6834402865389611e-01	   4.6133350901997566e-01	   7.2281864627725001e-01	   1.0435764605697080e+00	   1.0540230133636819e+00	  -2.7550290765456960e-02	   3.5514273391280016e-01	   1.1105749107970161e-01	   5.2474161727726587e-01	   5.3331719707807056e-02	   3.4279940487760030e-01	   4.7142002389463211e-01	   5.4244550247550531e-02	   8.8838756834683355e-02	   6.1839959825494972e-01	   4.6200109717018517e-04	   2.1913877567880263e-01	   1.4069134017105376e+00	   1.2479035163237966e+00	   2.8710709964121273e-01	   6.1135790410040047e-01	  -7.7018443012447549e-02	  -5.3941344124602032e-02	   7.2460387194135195e-02	   6.3808567448994213e-01	   6.0061825218228448e-01	   7.1132482855527679e-01	   1.7890223664595231e-01	  -3.0284218614799119e-01	   1.1065556041977979e-01	   4.3965793245642393e-01	   7.5014196249041454e-01	   6.9880507324086849e-01	   7.4085506061123729e-01	   1.0306756044350243e+00	   2.5696527217541221e-01	   6.4755530876478318e-01	   9.2524664091830733e-01	   7.5787872479438112e-01	   7.2544697071188935e-01	   6.9003597811675543e-01	   8.7550656846673436e-01	   8.3664942495583650e-01	   9.2057757285072506e-01	   7.2313685796209470e-01	   1.3581915828346498e+00	   1.1664713863370870e+00	   8.2113599856201058e-01	   8.3402074249377611e-01	  -1.4525037061748371e-02	   7.4392076197314760e-01	   6.9043412588776576e-01	   6.3820252891537532e-01	   9.8028919170857798e-01	   7.0865825206185762e-01	   2.9735992409057033e-01	  -1.2054245586842882e-01	   1.1871917443493692e-01	   1.1421576434255443e+00	   4.5134027059649934e-01	   7.1291946055597177e-01	   5.1101450049365527e-01	   5.8634574500217929e-01	   1.5352708839786346e-02	   2.5874459209513639e-01	   1.0482959257799027e+00	   1.1551669595834213e+00	   2.8967184034647592e-01	   2.3162912146470599e-01	   3.5111662350570422e-01	   6.9543863702894737e-01	   9.6068351161362364e-02	  -5.9327986868460983e-02	   6.8643937811796707e-01	   6.4274090845988241e-01	   1.1241676970805883e+00	  -4.7712085016124056e-01	   1.0821735455283075e+00	   5.5717378157924768e-01	  -6.6737105829493926e-01	  -4.8068015437374717e-01	  -6.6241890592176361e-02	   5.3256188087865386e-01	   1.3434730972842497e+00	   1.2828354421372203e+00	   1.0342009360865057e+00	   9.3338856127039949e-01	   8.4674714341249302e-01	   8.2372752226859802e-01	  -8.1647195364727601e-02	  -5.6097450061051539e-02	   2.2718794825266436e-01	   1.7637377824714381e-01	  -2.9157969380328264e-01	  -5.7727715375316579e-01	   6.3968718179707706e-01	   1.0553964268649658e+00	   1.2558394118677745e+00	   2.9017126631776402e-01	  -2.4404340525449630e-01	  -5.4099381483113451e-01	
   1.4208185957199931e-01	   2.6580718118099167e-01	   4.3286015496454611e-01	   1.9546244026187862e-01	   8.6287695414462706e-01	   7.5778136117529726e-01	   7.0613068448329674e-01	   5.3044872145809352e-01	   0.0000000000000000e+00	   1.1169803140800840e+00	   1.8584938352695531e-02	  -4.7672167687240384e-02	   8.2693646781347135e-02	  -6.0507908224559283e-03	   3.3025553480820152e-01	   4.3246201031685289e-01	   2.7041246478011627e-01	   3.7354469414387437e-01	   4.5046318461584650e-01	   2.4313340577229375e-01	   5.1484686051352335e-01	   2.9429926756283531e-01	   6.5169059850644293e-02	   3.1361377557009351e-01	   6.7161130187786272e-02	   3.0040769732723266e-01	   5.2661996219856899e-01	   2.5661078733472298e-01	   2.0350620190345178e-01	   5.4490764433168626e-01	   2.4790354676587981e-02	   1.4568946134048288e-01	   3.7348307315264434e-01	   3.5313597114733258e-01	   1.0356098154766789e-01	   6.6654379409680067e-02	   3.5837590931813706e-01	   2.3343389338163512e-01	   3.2691632291595280e-01	   1.9910664898630681e-01	   7.7780224034597889e-01	   4.7796515938565720e-01	  -1.2166095447937723e-01	  -2.4051205462387013e-01	  -4.8115404216076746e-03	  -6.3074681582602016e-02	   3.4488775852319054e-01	   3.2182075894001450e-01	   2.9688274634290357e-01	   1.6164865405970841e-01	  -3.1547830183229736e-02	   2.0022075111610547e-02	   4.4777910658284653e-01	   2.6814006583773642e-01	   1.3544731104242924e-01	   9.9820763361438830e-02	   1.5821329756648342e-01	   1.4386757484048540e-01	   6.2595745330497388e-01	   7.9675228215500576e-02	   6.7811415840431366e-01	   4.3292548178858714e-01	   5.5506810615130420e-01	   2.1375892504374672e-01	   3.2482961569594282e-01	   4.0632429138273335e-01	   1.7662240706936502e-01	  -2.1922052545178553e-02	   2.9348509026457320e-01	   4.9384723209822796e-02	   3.5492216821545013e-02	   1.2117048399629692e-01	   5.2346895554515027e-01	   6.2307104350144682e-01	   5.8883092745581278e-01	   3.7653777623532136e-01	   6.7802382946452511e-01	   6.5360703201516046e-01	   4.8132336191645697e-02	   2.2978259305526161e-01	   4.2810261818516482e-01	   2.7172552560315510e-01	   3.3135533517854737e-01	   1.5819370214124642e-01	   2.5183675912424081e-01	   1.3209846771656580e-01	   1.7762409167560302e-02	   2.7487471480862025e-01	   2.8225382866464210e-01	   1.3396193993362812e-01	   3.7282685998260989e-01	  -1.0742274132753400e-01	   4.5817188315835072e-01	   6.5179770490892175e-01	  -1.6266021235440223e-01	  -6.4396255768035893e-01	  -4.2319032257739631e-01	  -1.1920550122167664e-01	   2.1182003296887036e-01	   4.0624907113373099e-01	   5.6513441416391497e-01	   6.2179132595407771e-01	   3.7345234586891468e-01	   7.3756333783371797e-01	   1.7161494290165819e-01	   2.7371191898724434e-01	   1.7653374661357341e-01	   4.7184683467849220e-01	  -1.6942476844901769e-01	  -4.7908578180884087e-01	   3.7680749664346702e-01	   3.7839788818396086e-02	   1.3071552047112694e-01	   3.5612093004536625e-02	  -1.8679350782600257e-01	  -1.9925980646132857e-01	
   3.1742444654980823e-01	   4.9098461228891499e-01	   2.0121761943972219e-01	   3.3866055284249585e-01	   9.1887866467133605e-01	   1.0744917911575780e+00	   3.4646346982087539e-01	   7.5855112903103650e-01	   1.1169803140800840e+00	   0.0000000000000000e+00	  -1.6516441875687532e-01	   1.7549102667267061e-01	  -1.0354314215481986e-01	   1.7123905710930173e-01	   4.9910864852517826e-02	   5.5231473027017808e-01	   3.4084295148261345e-01	   5.4676625388046274e-01	   5.5188490167925397e-01	   3.7955822922525456e-01	   3.2263906232973188e-01	   1.6419627050927607e-01	  -1.5749943383765558e-01	   2.1552292418565266e-01	  -9.5665088426836853e-02	   1.9747417163129855e-01	   7.0365799837069820e-01	   2.9520221299369648e-01	   3.0837397404557892e-01	   1.1134079533544425e+00	   1.5497643528969227e-01	   4.9586023077801966e-03	   4.8424616321525088e-01	   3.9458244911480933e-01	  -1.4062842811967546e-01	  -6.0860180462563668e-02	  -1.0021391083511512e-01	   3.6504241093723216e-02	   2.6965077250711827e-01	   2.5035189137256064e-01	   6.2718261659133134e-01	   3.3294575339816113e-01	  -4.5330585000468507e-02	  -2.0076132052884824e-01	  -1.9976454654868553e-01	  -4.2935381915637234e-02	   1.7687549743772865e-01	   1.6421921191909761e-01	   3.0105170201617815e-01	   2.9828227517350964e-01	   5.9522368281504312e-02	   2.1266279609842148e-01	   4.3633871017738707e-01	   3.9549266119329352e-01	   1.0052227205828874e-01	   4.0694304439054113e-02	   2.9858479829214923e-01	   3.3555581942225066e-01	   7.5685996795191457e-01	   2.6579064746356545e-01	   9.9766340886434790e-01	   5.3463130726616948e-01	   7.9077753998179068e-01	   4.5374551501821747e-01	   1.7726952010312810e-01	   3.6636640864419284e-01	   1.9148817692225159e-01	   6.5490661096031147e-02	   4.4795227721803321e-01	   2.2819630899494725e-01	   1.1526898383530423e-02	   6.8801219475383646e-02	   4.4910458756260285e-01	   1.0259886888804384e+00	   6.0315731548999374e-01	   4.4169484733949088e-01	   4.3421523497117348e-01	   5.3713448092167448e-01	   4.4095482610383950e-02	   4.5293602367428376e-01	   5.2901470919032834e-01	   3.9586278290556903e-01	  -2.9176272067551827e-03	  -5.9573996747179198e-02	   4.2975063573326901e-02	   1.9072664092727212e-01	  -3.2931618961956277e-01	   7.0678866876629221e-02	   3.5616603094179766e-01	   2.1080631873915168e-01	   4.2565796052664345e-01	  -5.1064467540750469e-01	   5.6180386135110660e-01	   2.6469132164583609e-01	  -2.0426918836454799e-01	  -3.3906420776898505e-01	  -3.9101239846390556e-01	   1.0771993913924692e-02	   3.4796027264250462e-01	   4.0011229123420916e-01	   1.1650135126144483e+00	   5.4800349975823681e-01	   6.9743838212432929e-01	   7.8315492768738604e-01	   3.3781303948694213e-01	   5.7317173446720571e-01	  -1.7773298238696528e-02	   6.1775504179206187e-01	  -6.0165148133916262e-02	  -4.3166162962455079e-01	   1.8468201598523021e-01	   1.2578932065546572e-01	   3.1406174424765482e-01	   2.2059173007606869e-01	  -1.7958355791390277e-03	   3.8535276483497041e-02	
   5.6887569937020654e-01	   1.9945273799513125e-01	   4.9078592289902895e-01	   3.4115245361780022e-01	  -1.5616886094403989e-01	  -4.1676817865187610e-01	   6.9452399495089023e-01	   2.1101608767817120e-01	   1.8584938352695531e-02	  -1.6516441875687532e-01	   0.0000000000000000e+00	   3.6041844857141619e-01	   9.3767993221244450e-01	   2.7806969760248268e-01	   2.9785564812500676e-01	  -5.0062923283362176e-02	   4.8037667765056991e-01	  -1.0900423352179653e-01	   1.6129950430821588e-01	   1.6933693035482528e-01	  -2.3484402334300905e-01	   3.0967218646825784e-01	   7.9693649003580347e-01	   3.4813486047963232e-01	   1.8598935651172477e-01	  -2.6865316923511288e-02	  -1.3021558048222312e-01	  -4.2057986325687374e-01	   4.4317863509667010e-01	  -1.0157286519021996e-01	  -1.7246033720895346e-01	  -3.0865749426578944e-02	   1.5720782656406451e-01	   2.3131034005214512e-01	   5.9828358811301230e-01	   4.6297504715343463e-01	   4.7535703257652273e-02	   1.1022577810833557e-02	   6.2665306140186575e-02	   9.8712778387122835e-02	   4.2395182181646451e-01	   1.3591794115122846e-01	   4.0210956245076951e-01	   2.1012522673977205e-01	   3.8239040544528247e-01	   2.8597530694043766e-01	   4.6569526065675637e-01	   5.1150559115961447e-01	   1.6968504270550860e-01	   2.6496722108068382e-01	   3.9201965267618799e-01	   4.5288667549768002e-01	   2.1831158927448663e-01	   3.5495599488554774e-01	   6.1413958815542002e-01	   3.5239112395054994e-01	   3.3763292999286476e-01	   2.8351641488985618e-01	   3.4403240543135233e-01	   2.8369144526519846e-01	   2.0480027323601263e-01	   2.6757423916492323e-01	  -8.9680293967167091e-02	   1.0205378025156235e-01	   2.9279835627362005e-01	   3.7066989675135531e-01	   5.1111106026999664e-01	   4.7199257850249088e-01	   1.1599445012559959e-01	   9.2122231411429084e-02	   2.7193656142074241e-01	   2.2660573122091499e-01	  -4.0538213905503306e-01	   1.4290767614104496e-01	  -1.2856897164594380e-01	  -1.1804174796044158e-01	   2.1494892021123085e-01	   5.1755562155677204e-01	   2.5030835321198930e-01	  -1.9272142501873704e-01	   1.8845075805100958e-01	   8.7487402273293768e-02	   5.7959049641421090e-01	   2.2857973301104510e-02	   6.0152987329704244e-01	   3.1114145362917450e-01	   4.0519569015689355e-01	  -3.0074256048308473e-01	   3.5989367976340175e-01	   3.0545689754672378e-01	   5.5926553119758493e-01	   3.6941863802057784e-01	   4.7796565435064475e-01	   7.8970438672333931e-01	  -3.4747625665250842e-01	  -2.9216308602286584e-01	   4.1677802569349527e-03	  -3.1819416140315398e-03	   3.3652121802296014e-01	   3.2273717371633853e-01	  -1.3547427025841894e-02	   4.9689553771802686e-01	  -3.1656215474161609e-01	  -4.0862750811358289e-02	  -2.6338293746670749e-01	  -3.9997209325848598e-01	   3.7571008473273143e-01	  -2.8668417281684955e-01	  -3.2610964528153180e-01	  -3.0661866424048101e-01	   4.6383747132316078e-01	   1.6156884307190578e-01	   5.4284856472997634e-01	  -5.0713997675188194e-01	  -6.7082012556009196e-01	  -5.6027209766871167e-01	
   6.0263260391200080e-01	   8.0140953123590530e-01	   1.1622324786515892e-01	   4.6576676048241406e-01	   2.2467592935263236e-01	   8.5929928963583382e-02	  -1.1066030527045002e-02	   5.0371758319479576e-01	  -4.7672167687240384e-02	   1.7549102667267061e-01	   3.6041844857141619e-01	   0.0000000000000000e+00	   2.3836130487423812e-01	   1.2687152198377620e+00	  -2.2992952594124663e-02	   2.7524242910929120e-01	   7.0248225454140600e-01	   4.6930918907082181e-01	   1.1987521398213428e-01	   3.9937307852623072e-01	  -7.2223439330110967e-02	   3.4865573468045963e-01	  -1.8976012881428625e-02	   1.5810865386959281e-02	  -5.1303881883639886e-02	  -9.7682237514497408e-02	   6.4018372770846166e-01	  -2.8175216179133548e-02	   3.2652662853870040e-01	   2.3209803106099053e-01	  -1.1436178488762458e-01	  -3.4878325395992266e-01	   4.6842424811176298e-01	   4.0642368491181857e-01	  -9.9584949489901431e-02	   2.9380530367110408e-01	  -3.3031184480437326e-01	  -1.2715939238517110e-01	   2.6860909225040175e-01	   6.2709715327154780e-01	   3.0913240304007844e-01	   2.6588991249408161e-01	   7.7110606968494200e-02	   3.0573636434593009e-02	  -1.6219113613206099e-01	   7.7750236575129583e-02	   1.5781339378750903e-01	   3.0591693487993138e-01	   1.1786686390541110e-01	   4.0761000139858355e-01	   7.6671434454737578e-02	   4.4410292899100068e-01	   5.0249795490364402e-01	   6.3080354333989719e-01	   7.8023544061831529e-01	   5.2227991413064134e-01	   8.0618264306365262e-01	   1.1518577708086475e+00	   4.1279147791252918e-01	   8.1176664176287894e-01	   4.5384135669522108e-01	   5.9275983821713918e-01	   2.9016534603674354e-01	   9.1181376941143677e-01	  -4.3457743658776854e-01	   5.5374383787632167e-02	   4.3012025073869503e-01	   5.9690721843551542e-01	   5.9845948161719309e-01	   6.4378258845891467e-01	  -9.6874415965008606e-02	  -3.3130737729521620e-01	  -6.0626225020786195e-01	   4.4054393428571231e-01	  -4.5437007421188474e-01	   4.5345573459367641e-02	  -1.7036181091224831e-01	   2.7389344589359649e-01	   5.6289534813223796e-01	  -5.6538607700445900e-02	   6.6439119330532104e-01	   4.8699663341177918e-01	   2.3753027724776599e-01	   1.3337986525543091e-02	   1.9165636783720746e-01	   4.2713881268272691e-01	   1.8766867050372751e-01	  -4.7266574186277066e-01	   7.9308160092850077e-01	   6.0394834037731115e-01	   5.4369505876130186e-01	  -7.7455278700640035e-02	   3.6481218087975487e-01	   2.8790720694049601e-02	  -4.4027477422292621e-01	   9.2743969565408563e-02	   3.7208448776958308e-02	   3.1139991591254196e-01	   4.2885642596940843e-01	   2.6730960813185972e-01	   5.1365138641026387e-01	   2.1286630803084725e-01	   3.0086701638146474e-01	  -9.5053213459603183e-03	   2.7927115395234692e-01	   1.8374615442421444e-01	   2.6768363842533821e-01	   1.0651311742836146e-01	  -3.9089297013452295e-01	  -1.1131337044126878e-01	   4.1508086760499496e-01	   2.9848152892277158e-01	   8.5383859754372804e-01	   2.9498321481032541e-01	  -1.9472865755912896e-01	  -1.6517933266816309e-01	
   2.3676874041235652e-01	  -7.2773701700958149e-02	   1.2102446296704085e-01	  -1.9103260970928071e-02	  -2.6811013796552263e-01	  -4.1296463132843531e-01	   4.7088405950384604e-01	  -1.3256353163431253e-01	   8.2693646781347135e-02	  -1.0354314215481986e-01	   9.3767993221244450e-01	   2.3836130487423812e-01	   0.0000000000000000e+00	  -1.8164560330897715e-02	   6.3666534381717677e-01	  -5.7209383614911770e-02	   3.4792923088662642e-01	  -3.8187681278092367e-01	  -1.0861366804523653e-01	  -1.8245846740345689e-01	   1.5066634695281181e-01	   4.2459786298216173e-01	   5.9047601899620972e-01	   1.0330270329685973e-01	   7.5972455063437083e-02	  -2.5308315678138432e-01	   7.0944170354343607e-03	  -1.9703760094998984e-01	   4.2800660802959162e-01	  -2.0328537291250151e-01	  -6.2704868907789077e-02	  -3.0162844459154037e-01	  -1.8916231110921614e-01	  -2.4749119137981601e-01	   1.4713893866743222e-01	  -5.2391643780537865e-02	  -3.6983960897712914e-02	   6.1580063548480606e-02	   2.7244747312515760e-01	  -1.1661173557779599e-01	   4.1637999806666609e-01	  -1.3474000787348914e-01	   1.7642821118364893e-01	   2.6618227698382690e-01	   3.8791042801984719e-02	  -2.2175187787187606e-01	   1.0868894990094316e-01	   1.6818149260765308e-01	  -3.0548312563480562e-01	  -2.0952337140827554e-01	   8.5973406003143307e-02	   7.5132738102370519e-02	  -1.7718240091854282e-03	   2.9759725083987665e-01	   3.0008472945313852e-01	   1.7291145272899950e-02	  -2.0577190713236680e-02	   1.5678523198540417e-02	   1.6561689601062973e-01	   3.0686594834159517e-02	   1.5940421012392375e-02	  -1.3266655676642197e-01	  -2.1438037210402816e-01	  -2.1143608833193261e-01	   2.3986872291309363e-01	  -8.8117725159903154e-02	   1.4337879318400445e-01	   1.1275716735038595e-01	  -1.4105805185619574e-01	  -6.6002061177682092e-02	  -1.1418613200203760e-01	   4.1785766293822402e-01	  -2.4555987903470822e-01	   8.5201075272789778e-02	  -1.7083689098176841e-01	  -4.3541649952490119e-01	   1.9022879119354599e-01	   4.8773355199221913e-01	   2.2671021435810140e-01	  -2.0827782410112494e-01	  -2.4701388198728368e-02	  -3.0035696728848627e-01	   4.7564876613788820e-01	   1.2205667866055367e-01	   2.9593719621888503e-01	  -1.9995731782394430e-02	   1.5254739710175486e-01	  -5.9110663984122463e-03	   2.5530243152749144e-01	   1.1875338923805398e-01	   2.6359282915006882e-01	   4.4651017041568453e-01	   1.4349606893833916e-01	   4.4610243964924906e-01	  -3.0579119149958645e-01	  -2.7123612730617763e-01	  -2.5278018838243937e-01	  -4.5256188648863477e-01	  -8.0040172814779306e-02	  -6.6817743141539807e-02	  -3.4219622767600440e-02	   1.2579586903102927e-01	  -4.0802007447186728e-01	  -2.3874876768757652e-01	   7.9378178554448828e-02	   2.0143006404483445e-02	   9.6605733225449450e-02	  -2.5504489920284706e-01	  -3.4997615912612146e-01	  -3.1548473774965147e-01	   2.3465717807024605e-01	  -3.7198729689261367e-01	   6.9930761898339175e-02	  -7.4336371474991059e-01	  -5.5486351357350316e-01	  -1.7605025068565891e-01	
