   0.0000000000000000e+00	   8.4106807018837115e-01	   1.9165419735592903e-01	  -4.7202653074140222e-01	   6.0867548997519783e-01	   3.4239221870161823e-01	   9.9419702713153157e-01	   1.3591768393683912e-01	   8.6012038026878013e-01	   2.2842787911779097e-01	   1.3037073868267324e+00	   4.9724521570237312e-01	   1.4907659035381966e+00	   7.7538018055424862e-01	   1.0147737469245857e+00	  -6.8391605508927727e-02	   1.5380072409682735e+00	   6.4755831173864564e-01	   1.2718757373510285e+00	   1.0923358600377311e+00	  -2.1959389314122157e-01	  -2.6687406155264948e-01	   1.4974025164548701e-02	  -3.7053815586004762e-01	  -4.1196319364627942e-01	  -4.0192013360077522e-01	   2.2313812243905903e-01	  -1.0727643652196862e-01	   1.1823586164781608e+00	   3.2627189946939478e-01	  -5.3211687982755618e-01	  -6.4599160161199498e-01	   3.6574337551235975e-01	   1.2809411867400927e-01	  -4.5564714106597853e-01	  -3.8842712964470361e-01	   2.8064540543548771e-02	  -3.0821794477407655e-01	  -1.1499581622969700e-01	  -2.3424706640224796e-01	  -4.3478797995935375e-02	   2.0432566760996848e-01	   4.0638391736807061e-01	   9.1295620895948629e-02	   3.9246815388439216e-02	  -3.3666453946194393e-02	   4.9734339035499170e-01	   1.2492973168392699e-01	   1.2449363319068504e-01	  -9.6458653444042308e-02	  -5.7703540154351099e-03	  -4.1920540410942575e-01	   8.3062582033087501e-02	  -1.7094438906889817e-01	   3.6108635578556425e-01	   7.5024026898846963e-02	   7.6230561023574417e-01	   3.8446162993073307e-01	   1.0712807163132552e+00	   1.2481209282105488e-02	   1.0445216309104115e+00	   8.2698069840296817e-02	   1.1334373059450842e+00	   4.5437354742234154e-01	  -3.4701939060084647e-01	  -6.0132754090951690e-01	   3.5482891611082347e-02	  -1.7750560960162914e-01	   5.7794488968151869e-01	   1.1246538561508454e-01	   4.6832099574912175e-02	   1.2974794469933226e-01	   5.7418190289388449e-01	  -1.7774255601887026e-01	   4.2934419156950909e-01	   1.2792557042860250e-01	   1.0651739367663924e+00	   2.2836361584253256e-01	   6.3712690582921738e-01	   6.9503803439335277e-01	   5.8215110809560300e-01	   4.8952384916797054e-01	   4.0022019026884620e-01	   4.7145810985678160e-02	   1.2532464679377128e-01	  -8.9974925834903588e-02	  -1.4440567103532770e-01	  -2.8094906697409161e-01	   6.6488142800380690e-01	   4.0507266067637981e-01	   6.6496231175948839e-01	   9.5971645171853670e-01	  -4.9658619792059577e-01	   4.8667612827644358e-01	   2.1230820660084037e-02	  -1.0933218172861683e-01	   2.8619106677690970e-01	   1.8148807834949029e-01	   5.7577346157374953e-01	   8.3072969065411617e-01	  -4.9917895288515590e-01	   8.8050834750694917e-01	  -4.9302667158374135e-02	   7.8810029428446371e-01	  -1.5122678943671158e-01	  -3.0754101060551853e-01	  -9.9660044587370544e-02	   9.3268958782756262e-02	  -3.2382483815708518e-02	   2.1021674682984190e-01	   7.0667339731529374e-02	   2.4316473181566201e-01	   4.3540563345647998e-01	  -1.7529042002385928e-01	  -4.4119133726705573e-01	   1.4613896176295080e-01	
   8.4106807018837115e-01	   0.0000000000000000e+00	   1.5247097340118215e-01	  -9.1568188997137187e-02	   7.2430829441294031e-01	   1.5103330614494836e-01	   1.0108629016295287e+00	   6.3501963682232210e-01	   8.6648035343175067e-01	   1.6636537035599405e-01	   4.2693776096301617e-01	   1.1460237158160731e+00	   8.3344198973510020e-01	   1.4512169975667499e+00	   6.8738661927127409e-01	   2.6045431338078706e-01	   9.0668574528990153e-01	   8.9508932378327133e-01	   7.8863108442873087e-01	   1.5086283608820332e+00	  -2.5172437939986081e-01	  -1.3793237039975692e-01	  -1.8924730756331679e-02	  -5.2507269222647784e-02	  -3.5039295959352501e-01	  -2.2056472399393379e-01	   7.1366741470071215e-02	  -1.9128614636034807e-01	   1.3810744057820643e+00	   1.1459372499875358e+00	  -2.1432463438974600e-01	  -2.7730602746591315e-01	   6.1448006164921010e-01	   4.2794734881263413e-01	  -3.6899164740564927e-01	  -6.6140316054854875e-03	   1.4666197836902101e-01	  -2.1208243007592306e-01	   1.4640957755371617e-01	  -5.5592224467517146e-02	   6.9737045812233639e-02	   2.3675586867555666e-03	   8.7347146757767047e-01	   4.8633686698967438e-01	   1.7546179020053820e-01	   1.9040228972087361e-01	   8.1949078150004562e-01	   5.2128516582409556e-01	   2.1643891871439186e-01	   1.1241951618898408e-01	  -2.1561699424742974e-02	  -1.0888524251106796e-01	   4.5299830100741395e-01	   1.1681891108292711e-02	   3.8352646174723160e-01	   2.6697653952551698e-01	   8.3533884879536358e-01	   1.0083281570324738e+00	   6.2639590647989651e-01	   3.2822804792220139e-01	   1.1115777532059681e+00	   6.7042149279078311e-01	   5.6055630749822605e-01	   8.4795945565346187e-01	  -3.7817174057698488e-01	  -1.3749468991738423e-01	  -1.9424775517425961e-02	   6.6587881490094893e-03	   5.6077649305819688e-01	   4.4854810022928882e-01	   5.8159857362013997e-02	   2.6209111014892628e-01	   3.5732591713253192e-01	   5.3020533201887499e-01	  -1.0290769262926926e-01	   3.3291767804919670e-01	   5.8487184585958363e-01	   2.5082980437025593e-01	   6.2912813888541819e-01	   5.3721480518707254e-01	   6.4468546097065282e-01	   5.9352035728815222e-01	   3.9786824875487464e-01	   6.1588833092683315e-01	  -8.4788064167898441e-02	   7.1194905985013752e-03	   2.1636087492736142e-01	  -6.9613707522046375e-02	   4.6487222517724969e-01	   6.8047678733897277e-01	   8.9062385228675478e-01	   5.2305010619773162e-01	   6.3845752783299917e-02	   3.8916019458496526e-01	  -1.4435289100910104e-01	  -2.2727006343627226e-01	   2.1139801060608487e-01	   1.5406384279339119e-01	   8.4268162873621055e-01	   7.7814525624973896e-01	  -3.1053825465229265e-02	   5.9665687317225991e-01	   5.2977142647841169e-01	   9.1543365763521012e-01	  -2.7835435749714799e-01	  -7.8896384640909079e-01	   9.2641213723169413e-02	  -2.1690684771468399e-01	  -3.0334567244701888e-01	  -4.6624436205546529e-02	   2.6671476499094415e-01	   4.6465835112035625e-01	   3.4487622980499250e-01	   2.9358293790178053e-01	  -2.8175724797898510e-01	   9.9625446721183036e-02	
   1.9165419735592903e-01	   1.5247097340118215e-01	   0.0000000000000000e+00	   8.7017556530676943e-01	   5.0786879368761106e-01	   3.5251735619259617e-01	   5.4318919010899880e-01	   5.6246291224724576e-01	   2.4412662831556825e-01	   2.7325349625981121e-01	   3.7907655716808257e-02	  -3.7432999541504898e-02	   1.0528332071979341e-01	   1.2093987954255954e-01	   5.0812585117515463e-01	   3.2134020243294870e-01	   1.8909368360989001e-01	   4.0351919903884571e-02	   3.5003859654319758e-01	   1.6628587613126483e-01	   5.8730969239920594e-01	   4.3548711987031136e-01	   1.3378472987525918e+00	   7.9252006175147705e-01	   8.6854781087222588e-01	   8.2864924529159167e-01	   7.7749492575299117e-01	   2.8625989096384832e-02	   1.7134948197857190e-02	   8.2859590312983292e-03	   6.5395576856336379e-01	   5.4889018043727800e-01	   5.7241564625623298e-01	   4.3128377214327251e-01	   7.4312750361722546e-01	   6.8394063453266030e-01	   2.4526585517954977e-01	   4.3187892902415970e-01	   8.2212755084274414e-01	   7.7856302988389436e-01	   5.8269244851557454e-02	   3.3047360109628332e-01	   4.7354838436666152e-01	   4.2210547800665110e-01	   8.7590558107753647e-01	   4.8093355634646340e-01	   5.4516649073573553e-01	   6.4101774867104111e-01	   2.4481708789599305e-01	   2.9566241349458944e-01	   7.6069029231817042e-01	   6.2280813005866686e-01	   4.0666714525967812e-01	   7.3827689096411353e-01	   8.6868350429253227e-01	   5.3625734942996306e-01	   2.7018802964876676e-01	   1.8871221392031809e-03	   3.0578642137988465e-01	   7.7040085320404655e-02	   8.1022554097322629e-03	  -3.9374183506637156e-02	  -1.4455549893723073e-02	  -1.0613698047074240e-01	   7.7113135771110264e-01	   3.9017953829650942e-01	   9.9983542768137856e-01	   6.7973755631255317e-01	   6.6513714473386243e-01	   4.9601325551795056e-01	   5.3961901497925002e-01	   3.1995499213579653e-01	   7.6315672423058006e-02	  -1.7383792304626894e-01	  -2.0730363829831906e-03	  -1.3425137989764380e-01	   3.7932073546428824e-01	   6.9472311723363389e-01	   5.5365148068722392e-01	   5.4287102363551343e-01	   3.8419058625783592e-01	   3.9321102411945530e-01	   9.9478102699870785e-02	   1.0566600195021401e-01	   4.9745944092584204e-01	   1.1798646237797715e-01	   7.9596090272458786e-02	   4.7698374531540555e-01	   6.9342525687919288e-01	   5.8811494813867138e-01	   5.9867970495506917e-01	   5.7046786925549298e-01	   4.5312109624043662e-01	   9.6732160781159759e-01	   6.3577363654322272e-01	   2.1092017303030705e-01	   9.0275446365459122e-01	   7.7895335510180064e-01	   4.9978233773729697e-01	   5.5061988159202790e-01	   2.4503648258095645e-01	   7.7033349656119288e-01	  -2.7327874154749765e-01	   2.0200143113067162e-01	   5.7014865480212906e-01	   3.1116384960493293e-01	  -3.4504809643375503e-02	  -2.2121112152799963e-01	   1.5380229960071617e-01	   5.1847581397986198e-01	   7.2582413767504173e-01	   6.2018118454800109e-01	   9.6765966627548372e-01	   6.2266958427618579e-01	   4.7103297329572863e-01	   3.6525252288227095e-01	
  -4.7202653074140222e-01	  -9.1568188997137187e-02	   8.7017556530676943e-01	   0.0000000000000000e+00	   1.8658799008589674e-01	   2.1263873943066441e-01	   2.3933708009642698e-02	   6.6625142360455025e-01	  -1.1453748531294709e-01	   2.7674713508956483e-01	  -6.6172763685463631e-01	  -8.9291882413976231e-02	  -4.8812063518381327e-01	  -1.2127934077947163e-01	  -4.3288439564066951e-02	   5.0794569838919590e-01	  -3.4101913570923992e-01	  -1.0519773727578799e-01	  -2.8623305144612149e-01	  -2.3729101256331120e-01	   5.5877940505492407e-01	   4.3435566958181365e-01	   1.0064472333123096e+00	   1.4780947152662456e+00	   1.3390135579439888e+00	   1.3115779860775574e+00	   3.5350776246749421e-01	   1.0173295717641426e-01	  -3.4691266821133171e-01	   1.2156928451006024e-01	   1.2255811754835779e+00	   1.2282871627939995e+00	   3.3554786495953226e-01	   4.3844641652717303e-01	   1.2615672648520508e+00	   1.5547395782804831e+00	   1.9906168679725048e-01	   5.3417480838571607e-01	   8.5810406920625826e-01	   8.6231129876078383e-01	   1.5192730812329530e-01	   4.3892371936509765e-02	   1.8879288060903496e-01	   3.2137033464810633e-01	   5.3266616901417874e-01	   3.4438213319230693e-01	   1.5695381027041050e-01	   4.6735394954437076e-01	   7.8566966578851011e-02	   2.5594814985588565e-01	   5.2006785698188640e-01	   9.0799394465806982e-01	   3.7138195578999389e-01	   8.1923168740028829e-01	   3.7580329664762457e-01	   4.0209656759982892e-01	  -6.6162910394632651e-02	   4.1177145296961435e-03	  -2.2871067982675095e-01	   1.0207295419530213e-01	  -3.5004941648393390e-01	   1.9585509705688980e-01	  -5.5546112152081906e-01	  -1.7274829277474751e-01	   9.6085463542654181e-01	   1.2070941245781996e+00	   6.2199470583339056e-01	   6.9206347535933588e-01	   2.1183856772610493e-01	   4.7502351476693638e-01	   3.3824285930394998e-01	   2.3055381167381811e-01	  -2.5578935403413711e-01	   2.2442100056335146e-01	  -5.3772279216918895e-01	  -7.7373544766050767e-02	  -1.9063145888200184e-01	   4.5290202621243308e-01	   2.6397904316034504e-01	   1.9447892650172344e-01	   1.5949004611795795e-01	   1.9410034930741801e-01	  -7.9157452627844432e-02	   2.8146410760484530e-01	   2.5736070951128542e-01	   1.8093296442041812e-01	   2.2377303982076174e-01	   6.1401576630655608e-01	   2.3937230185727726e-01	   4.0158187853504812e-01	   1.6913704618289865e-01	  -4.1875049222939914e-02	   1.0859346399238090e+00	   3.6730726542376246e-01	   4.2196013114803033e-01	   2.2658266752581901e-01	   3.3821192184317406e-01	   5.0510981433716717e-01	   1.1526384887933003e-01	   7.0426658384705007e-02	   6.8015063816464549e-01	   1.0630568569268534e-01	  -2.9758712026314162e-02	  -1.6077524417719910e-01	   3.4824670093605875e-01	   1.4130987043402679e-01	   1.2579268955071513e-01	  -4.4970990349745565e-01	   3.1191589056560921e-02	   1.7550841761185365e-01	   5.0823162763287044e-01	   3.3330559497456774e-01	   3.8087365390212508e-01	   8.9044947670945240e-01	   6.1745936813408075e-01	   7.1825456756574577e-02	
   6.0867548997519783e-01	   7.2430829441294031e-01	   5.0786879368761106e-01	   1.8658799008589674e-01	   0.0000000000000000e+00	   7.2353807657624702e-01	   8.2974462069244792e-01	   7.9705808673037493e-01	   8.1329057199092769e-01	   5.7181864983470931e-01	   2.9445230174285314e-01	   3.2294045017366174e-01	   3.9753202319375591e-01	   4.5948389964592035e-01	   5.2163297851845181e-01	   7.2371962763575853e-02	   7.1505842473381198e-01	   7.4940237371165330e-01	   6.8104343094964670e-01	   5.6852582920312356e-01	   3.0285717424964820e-01	   6.5728591295597910e-02	   2.6860354435602524e-01	   8.0446980105231117e-02	   6.2573931289696905e-02	   2.2049428817853900e-01	   3.7848004043488004e-01	  -1.2567331582314556e-01	   7.5392348497601747e-01	   7.2917706676214844e-01	   2.5242717957472771e-01	   1.7176474723910082e-01	   1.1932874257613553e+00	   1.0114273619733956e+00	   3.8059662247687261e-02	   3.1510827013141723e-01	   1.0863504408658531e-01	  -1.0120325390582939e-01	   5.1848226737567427e-01	   1.9144016796722144e-01	  -2.2290658454498882e-01	  -1.7232870645249607e-01	   4.1359114106887973e-01	   1.1889049325507539e-01	   3.4171883202818559e-01	   7.6245514843303316e-02	   3.8357216763729041e-01	   2.5255142157097615e-01	  -1.0462426483648302e-01	  -2.1665191049950730e-01	  -6.1815114932299756e-02	  -1.9607593903980775e-01	   1.7724214912402483e-01	  -5.3852628810669254e-02	   2.4493332633069378e-01	  -7.5757467446667032e-02	   9.4982560025710416e-01	   8.2159636592967522e-01	   5.6796835637288645e-01	   1.6531706907705121e-01	   6.2269693593849507e-01	   6.8205919265165837e-01	   5.0264885054004294e-01	   4.3396787954880395e-01	   1.7567612227199735e-02	   1.8447209390428369e-02	   4.6574932322671830e-01	   3.1427402736853088e-01	   1.0418680927270874e+00	   6.7006572232446726e-01	   4.6721029678597942e-01	   5.0273575506060497e-01	   5.5028810870112144e-01	   1.6859069893797030e-01	  -4.5350523599290427e-03	   1.0439346035289283e-01	   5.9460873824836846e-01	   4.7612445907330470e-01	   1.0172611749114269e+00	   1.1420543224699202e+00	   1.0005801981080411e+00	   9.5994976752036876e-01	   1.5059683232070267e-01	   1.3636605262249249e-01	   3.9910834889080461e-02	  -2.6274844963803573e-01	  -8.5059293638803921e-02	  -6.8005662053252480e-02	   4.5200108680882439e-01	   4.2894889343135723e-01	   5.5778758406243523e-01	   7.4997250448324604e-01	   8.8486142722168704e-02	   3.5304209575927464e-01	   1.9191215997605093e-01	   6.2368872985975685e-03	   5.0297767198101817e-01	   3.6159891970858404e-01	   3.4111222680418762e-01	   5.8579954289385294e-01	   2.1854576255267863e-01	   6.8825444309377759e-01	   2.3914211389557100e-01	   9.3435270804199189e-01	  -2.0346344322367527e-01	  -3.9572588245708273e-01	  -2.7342713899662130e-01	  -2.6764833799230570e-01	   8.0630523459000493e-03	   1.3356993186457872e-01	   6.8815725534320105e-01	   4.2967134088566561e-01	   2.5228140422498391e-01	   6.7092901119299042e-01	   3.1869159589639907e-02	   2.0035332771300696e-02	
   3.4239221870161823e-01	   1.5103330614494836e-01	   3.5251735619259617e-01	   2.1263873943066441e-01	   7.2353807657624702e-01	   0.0000000000000000e+00	   3.0938329590813640e-01	   2.7106338396957075e-01	   3.9073391716235495e-01	   8.4367196702685665e-01	   1.9484564621305042e-01	  -1.6672812777971110e-01	   1.6684638840255062e-01	  -6.6369575569427755e-02	   3.2647945014618923e-01	  -6.7815916155018516e-02	   5.2491359916017588e-01	   5.2126463717002425e-01	   2.4267034079915506e-01	   1.2547799151241640e-01	   3.3432005169576673e-01	  -1.8984315319672037e-02	   4.3436004551930490e-01	   9.6921567807840711e-02	   3.9174044122029933e-01	   4.7109450787349183e-01	   5.3720759307179711e-01	   5.0297766337252747e-01	   3.2207933677515960e-01	   2.3581961100213278e-01	   2.7270784180106944e-01	   2.9500555555967811e-01	   4.9282881401668466e-01	   3.6130667670484229e-01	   3.4403440298162680e-01	   2.6047157671951948e-01	   1.3043846194899766e-01	  -3.6823362415433269e-02	   3.3466088905052815e-01	   1.8340448860472311e-01	   1.5479933672777244e-01	   1.5807861448681298e-01	  -2.1715334170078945e-01	  -3.7970633307523843e-01	  -1.4184078862546184e-01	  -4.1290527967520518e-01	  -1.5259126180243973e-01	  -2.6833111401039711e-01	  -4.4998909989807623e-01	  -4.8403840475289561e-01	  -7.5135629925002334e-02	  -2.4327274485034048e-01	  -3.6776785158523495e-01	  -1.6377213862747833e-01	  -3.1859326512726417e-02	  -2.8331789735182178e-01	   5.5006855078861083e-01	   3.4274375917054767e-01	   3.5757517881638362e-01	  -2.5317533818876481e-01	   3.6972085181936898e-01	   2.6829490683418289e-01	   5.5935986433290896e-01	   2.4669830360696840e-01	   1.2305057638467670e-01	   3.1488258858388178e-02	   2.6490917523957813e-01	  -3.5298189134974400e-02	   6.7071384290168212e-01	   7.6597027916636556e-02	   2.2235434647647451e-01	   2.6566515361860099e-01	   3.7058501927975507e-01	  -2.4635976443610424e-01	   4.9041923987873229e-02	  -3.4043884465005107e-02	   4.9879579080624259e-01	   2.8841102034355887e-01	   1.0329610432505696e+00	   1.0090439663296666e+00	   9.5486628777528715e-01	   6.8164941305209192e-01	   2.4834478664906595e-01	  -1.4802189905466867e-01	   8.6739984728421302e-02	  -3.5524094245769028e-01	  -3.2693093492509206e-01	  -2.6629706752131510e-01	   5.9790464187981585e-01	   1.0454097011171891e-01	   1.5532480498887813e-01	   4.8818166919343109e-01	  -1.3098142194231310e-01	   3.8893759223316615e-01	   3.0699718444562113e-01	   1.5920543942825374e-01	   9.0116798434070042e-02	   2.4896673069746966e-01	  -3.3983707055492147e-02	   2.2000493386724754e-01	   7.6866471750846335e-02	   4.9323409606808843e-01	  -2.2479395513070338e-01	   4.5715169255729926e-01	  -3.1861521048311314e-01	  -8.9695030099119943e-02	  -2.5489793686884310e-01	  -1.4934780785308860e-01	   2.1156505054040514e-01	   3.6537080413786249e-01	   1.4890825296145715e-01	   5.3746818751499489e-02	   1.5875997144234777e-01	   3.6477138347236077e-01	   1.9663354814374714e-02	  -2.7566753044897996e-01	
   9.9419702713153157e-01	   1.0108629016295287e+00	   5.4318919010899880e-01	   2.3933708009642698e-02	   8.2974462069244792e-01	   3.0938329590813640e-01	   0.0000000000000000e+00	   7.6133766568030281e-01	   8.1563016428790847e-01	   2.2810885806293713e-01	   5.8413984825547471e-01	   6.6344909759005588e-01	   1.1520286277810174e+00	   1.0158830729931814e+00	   6.5426049680536358e-01	   4.5264024482118824e-02	   9.7401210720812526e-01	   7.3461702086336611e-01	   1.1035522141610090e+00	   1.0825280695845170e+00	  -1.6432632196130667e-01	  -2.2200044281471784e-01	   2.4757844205362700e-01	  -1.6097612397797660e-02	  -1.6218204128851071e-01	  -9.1398176868638270e-02	   3.1847616756568436e-01	  -3.1580226202606781e-01	   1.0966539444316241e+00	   5.3116112922632486e-01	  -1.8780885332360767e-01	  -2.7009569056656113e-01	   7.4949074947726180e-01	   3.5948967366458096e-01	  -1.9399029586253780e-01	  -2.6258124486316956e-02	  -8.6232323550989490e-02	  -3.2042073731255882e-01	   1.3246699249792210e-01	   8.7606012842474948e-02	   1.9592414692450374e-01	   2.0977558769102367e-01	   9.6512798273021427e-01	   6.4106142501833785e-01	   3.7060642465394023e-01	   3.9431603905499296e-01	   8.6836585871645222e-01	   6.6794949869437092e-01	   3.0738275458732001e-01	   2.8487919623406072e-01	   2.4498157141992533e-01	   5.0586835147585447e-02	   4.9002165086696348e-01	   2.7829940331751990e-01	   7.3383138334804354e-01	   5.3299748334683694e-01	   6.2922962989477105e-01	   4.8420975832629976e-01	   8.4770365577793161e-01	   3.3351581472022795e-01	   1.0520442877337672e+00	   3.6614429885617594e-01	   7.3702005010222404e-01	   6.3180800984312768e-01	  -1.8416237740867006e-01	  -2.1220980392903013e-01	   2.8155738916062995e-01	   2.0929255264351429e-01	   8.8051068054163162e-01	   4.8987605059186490e-01	   5.1848378764809369e-02	   1.5298267372819907e-01	   2.3761987678486640e-01	   7.9380208813665754e-02	   1.4267246698602604e-01	  -9.5773712717372075e-02	   8.0544038961807685e-01	   6.8872260788197115e-01	   6.6308728851214060e-01	   6.6621965735525801e-01	   5.7415026675895664e-01	   5.2246292638519898e-01	   2.4458869862037033e-01	   2.0843801907921167e-01	  -5.2803013803092047e-02	  -3.6901898571607875e-02	  -1.8419857296938907e-01	  -6.2179323920751886e-02	   6.5437483701731225e-01	   7.6293266381346692e-01	   1.4386256348099948e+00	   1.0865591676004120e+00	  -5.8492970102697849e-02	   5.3202555030449217e-01	   4.1685768988313089e-02	   1.6515771879649510e-01	   5.2218243937622888e-01	   6.5861401284583210e-01	   9.2658099537366667e-01	   1.3824428923646601e+00	  -1.3463683480404165e-02	   8.1549944816559661e-01	  -1.5759023001519414e-02	   1.1010009130414367e+00	  -3.0697119305667091e-02	  -2.4806717556998029e-01	   1.1252664052688413e-01	   7.2965087395627612e-02	  -1.9743144039822388e-01	   1.3717829827092615e-01	   4.0328249706226454e-01	   3.2950129286855251e-01	   7.5555095885290668e-01	   3.0298525367847978e-01	  -2.7557073839676494e-01	   2.0509592285657707e-01	
   1.3591768393683912e-01	   6.3501963682232210e-01	   5.6246291224724576e-01	   6.6625142360455025e-01	   7.9705808673037493e-01	   2.7106338396957075e-01	   7.6133766568030281e-01	   0.0000000000000000e+00	   4.7389391689909760e-01	   4.1203363160576845e-01	  -1.6435901453086582e-01	   6.0729629083599190e-01	   2.0629220819714122e-01	   6.5462389739448457e-01	   1.9305688640876972e-01	   4.6321736818357173e-01	   2.6125002801228181e-01	   5.9639208512565067e-01	   2.8448578034561639e-01	   4.5464822147662409e-01	   3.3313178634576640e-02	  -1.8233604623800945e-02	   4.3628002716803760e-01	   5.6164521435155046e-01	   2.3653986389322768e-01	   3.3041479216082165e-01	   9.8468606795199060e-02	  -3.9088284915385091e-01	   4.5885414092791210e-01	   8.3675782634810203e-01	   3.9278802934765444e-01	   3.4993242320727208e-01	   9.4906633607021840e-01	   8.6976837766181714e-01	   2.1024575206047375e-01	   5.8867455134625835e-01	  -9.2622303629697422e-02	  -3.4695913675573231e-02	   4.6664060607064878e-01	   3.9609204868819814e-01	   1.2502057914192127e-01	  -1.5261119388799371e-01	   7.6223982152845282e-01	   7.0337466481458200e-01	   4.6558047741491287e-01	   4.8581712078126904e-01	   5.1626351548413163e-01	   7.6570301963675369e-01	   8.5889383469980193e-02	   2.6476362961238159e-01	   9.6716930095746459e-02	   3.0214841270883225e-01	   5.4642854673929353e-01	   4.6889464163921296e-01	   4.4113138933230672e-01	   4.7570563118530385e-01	   3.0597682627500777e-01	   5.8954656540662309e-01	   1.1629151941503554e-01	   4.1282117777702004e-01	   3.9143574351497701e-01	   9.2933786305072952e-01	   7.4925429770952887e-02	   5.1847215927880197e-01	   1.8577114311422241e-01	   5.3091201987988856e-01	   3.4089698432014803e-01	   5.2275941894121236e-01	   6.4247505270861449e-01	   1.0246964595486521e+00	   1.1164074773483242e-01	   1.5945014006714048e-01	  -9.2655303914742554e-02	   5.9807606753952225e-01	  -5.0882319577662904e-01	  -7.0313670579113322e-02	   1.2634195339837631e-01	   7.0382866619941320e-01	   4.7503928135980905e-01	   4.9083120897281196e-01	   4.9765698665868063e-01	   5.2143017479836484e-01	   6.9786296964888112e-02	   5.6504118912234258e-01	  -1.3228155063697769e-01	   2.8620848975373647e-02	   5.8715171391119030e-02	   3.0436767089467187e-01	   3.0690874037399946e-01	   8.2744553742751359e-01	   7.2097793674155053e-01	   4.4331207847941362e-01	   6.4762378586504321e-01	   2.6526929893415796e-01	   3.3502888943228212e-02	   3.0002204826862111e-01	   4.7004822089659576e-01	   7.4217039086857339e-01	   4.6404538422247887e-01	   6.2527013008494414e-01	   5.9590046394335727e-01	   2.5270047629209696e-01	   2.1235176059360852e-01	   5.0359322026447817e-01	  -7.6646032796713545e-02	  -3.3027961818277118e-01	   1.5925428347468254e-01	  -3.0735316021942782e-01	  -2.9816461316480447e-01	  -1.2684704434180125e-01	   6.8521690567245397e-01	   3.1861728253078586e-01	   4.5668679018819280e-01	   9.5789818544302430e-01	  -8.4456259495472585e-03	  -3.3501717639545202e-02	
   8.6012038026878013e-01	   8.6648035343175067e-01	   2.4412662831556825e-01	  -1.1453748531294709e-01	   8.1329057199092769e-01	   3.9073391716235495e-01	   8.1563016428790847e-01	   4.7389391689909760e-01	   0.0000000000000000e+00	   7.4347916638782019e-01	   3.6031086785167910e-01	   4.9151978104883415e-01	   8.2786984108191963e-01	   7.6684070888036426e-01	   8.7981483187212806e-01	   4.1735999637161358e-01	   9.2718395321988778e-01	   1.2607206896075573e+00	   5.8844625699510267e-01	   6.8577250127526446e-01	  -2.4055849215354463e-01	  -4.1947778646608658e-01	   1.7203351710504761e-01	   3.1168144984707507e-03	  -1.2905740805082808e-01	  -4.6784292651557195e-02	  -1.7587623444511504e-02	  -3.5098143122093767e-01	   8.5446088347373839e-01	   6.5936042800747097e-01	  -1.4681006464836502e-01	  -2.4767234061766225e-01	   4.1304321259831323e-01	   3.1555497162494467e-01	  -1.1132729337456425e-01	  -6.5528211436927955e-02	   3.3990068887346769e-01	  -2.3271415875348070e-01	   2.1640575008104185e-01	   4.2734622144030447e-02	  -7.9273037961938742e-02	  -1.4924320118177276e-01	   3.4872007645333669e-01	   1.1650008342228124e-01	  -8.8283896836269693e-02	  -1.3626390798741206e-01	   2.5524794100361115e-01	   1.9531874040039610e-01	  -2.5604115971583191e-01	  -2.1875289817341095e-01	  -2.3961874178734507e-01	  -3.5799955604869604e-01	   3.8795429403536329e-02	  -1.8878810229360871e-01	   1.3235106487732778e-01	   9.4132072673208996e-03	   5.8723766145251077e-01	   8.3841270264228362e-01	   4.4037440263723376e-01	  -1.0482363943101365e-01	   9.0116763916020504e-01	   5.4050439169707731e-01	   5.5029550200772537e-01	   6.1146966755190169e-01	  -1.1069324451567556e-02	   8.1298806030553495e-03	  -1.0463922620739577e-01	  -1.8681463719519070e-01	   4.6043190248845800e-01	   3.1874892771570545e-01	  -1.1980500787026454e-02	  -1.1834929564131182e-01	   9.6095651811335683e-02	  -1.1128546227327200e-02	  -1.9043663173322323e-01	   2.1289087062262568e-01	   3.9894314615463800e-01	  -1.0585723136073748e-04	   5.9838874832852884e-01	   8.5915213478439456e-01	   5.1121304273813317e-01	   3.3861003969560172e-01	   2.6048276659436875e-01	   4.5651345490798412e-01	  -2.2657047875481506e-01	  -4.9033445914616181e-01	  -1.1149085816115716e-01	  -3.3121180783814813e-01	   8.7372213167474178e-01	   4.1509659570424123e-01	   5.0821881203657215e-01	   5.9473994348958870e-01	  -4.0098660172725391e-02	   4.1205052053518487e-01	  -3.0231870528767576e-02	  -1.8591775974040053e-01	   2.5942013912281781e-01	   4.9234814147699274e-01	   3.4545490584664812e-01	   5.0367738502693049e-01	  -3.3037827501144340e-01	   4.4378939562447550e-01	   9.8293272500758880e-02	   4.8518303491195891e-01	  -3.2747208979756931e-01	  -4.7827052114544844e-01	  -2.3624624422356627e-01	   3.9954472380068513e-03	   1.0106441702278614e-01	   1.2672135940023400e-03	   2.8557931452232344e-01	   2.1640993278378570e-01	   3.1108945502652469e-01	   1.8013688299953959e-01	  -5.7826281834301840e-01	   2.9800829580170266e-03	
   2.2842787911779097e-01	   1.6636537035599405e-01	   2.7325349625981121e-01	   2.7674713508956483e-01	   5.7181864983470931e-01	   8.4367196702685665e-01	   2.2810885806293713e-01	   4.1203363160576845e-01	   7.4347916638782019e-01	   0.0000000000000000e+00	  -1.1840374616575210e-01	   3.6489369091374901e-02	   1.2847977566822905e-01	   9.5729008786847369e-02	   3.6636097671744849e-01	   3.9094461903380306e-01	   3.5818953785662588e-01	   6.9997588395759114e-01	  -6.4919776184742858e-02	  -8.3254806241979968e-03	  -1.3090293981894123e-02	  -2.9743070197550442e-01	   3.9405846347676626e-01	   3.0151047250150742e-01	   3.7882538510220271e-01	   3.8418287826482322e-01	  -6.2810091782974546e-03	  -4.3797816892684541e-02	   2.3894752764497534e-01	   3.7061903838035054e-01	   2.3322186298164185e-01	   1.6993292425025144e-01	   1.7073965945442598e-01	   2.2495328525140312e-01	   4.1994940107065137e-01	   3.2791873579248487e-01	   4.1342560135470807e-01	  -3.2695491615547100e-02	   3.9666227648825336e-01	   2.9781084767948041e-01	  -1.1358261807702257e-01	  -1.0805310036980710e-01	  -1.4246516622938821e-01	  -2.0735469521801606e-01	  -2.5910652253968974e-01	  -3.6799489747897651e-01	  -1.9060661671606047e-01	  -8.8093889787680069e-02	  -4.8832367348944056e-01	  -3.7087835340696529e-01	  -1.5668576860872793e-01	  -1.6647492636074737e-01	  -1.5946065495750200e-01	  -1.5778759849744972e-01	  -8.7560421841785030e-02	  -1.7476422485486925e-01	   3.3671638194749248e-01	   4.4215448541472324e-01	   8.8218051480506612e-02	  -3.1523178795423357e-01	   2.9776268660585820e-01	   4.9984706409484347e-01	   1.3203125946472288e-01	   2.1960491638222221e-01	   3.5901500740944475e-01	   4.6337776606908032e-01	  -2.1388705612674253e-02	  -1.1873640218652004e-01	   1.9093958604084052e-01	   4.8469584402145723e-02	  -5.8597381508648384e-02	  -2.6265030920625887e-01	  -1.7174893052855501e-02	  -1.9666641185404862e-01	  -3.1318966470124815e-01	   7.4101801359297628e-02	   2.7022881993624969e-02	   6.6494005482590213e-02	   5.9027016081397665e-01	   7.8385891409525066e-01	   3.7878799193209728e-01	   2.0082004200270104e-01	  -1.7206702377324540e-02	   1.8369682511113120e-01	  -1.9695748623270823e-01	  -5.1921967271860159e-01	  -3.8680182253631312e-01	  -3.3819505273313716e-01	   7.0737244108007447e-01	   9.9249689224380128e-02	   5.5450059637596992e-02	   1.6389821706718671e-01	   1.1004803264607724e-01	   2.4434693171976429e-01	   2.5985396673923500e-01	   5.5047524411829425e-03	   2.6001059979376878e-02	   5.1321452685764801e-01	  -8.9250815414870718e-02	   8.9347211610210642e-02	  -1.3824883733663246e-01	   1.3161753809900564e-01	  -9.7767143107660798e-02	   5.5766618952958487e-02	  -2.6104653518618437e-01	  -2.5363575943352384e-01	  -4.9528442691789842e-01	  -8.6712586173992759e-02	   3.3674951762937061e-01	   1.1071299467198034e-01	   6.3094232896764121e-02	  -3.9251928260311091e-02	   3.5940325760354837e-02	   3.3931827328615555e-01	  -2.5988521536745557e-01	  -1.6021859457648388e-01	
   1.3037073868267324e+00	   4.2693776096301617e-01	   3.7907655716808257e-02	  -6.6172763685463631e-01	   2.9445230174285314e-01	   1.9484564621305042e-01	   5.8413984825547471e-01	  -1.6435901453086582e-01	   3.6031086785167910e-01	  -1.1840374616575210e-01	   0.0000000000000000e+00	   2.8443080279688249e-01	   1.0456037742045781e+00	   4.6062991345863458e-01	   6.8383242669974897e-01	  -3.2151564035202546e-01	   8.8111840587351575e-01	   2.2513225130184644e-01	   1.0961047733684901e+00	   7.1819267246753749e-01	  -1.6408917464141534e-01	  -1.5865111391584791e-01	  -1.0815024086288685e-01	  -5.9688901080028689e-01	  -5.0360829608371593e-01	  -5.5022847101370309e-01	   3.1436780604908365e-01	   7.4823153457016400e-02	   6.9680463049696972e-01	  -1.8647583245652175e-02	  -7.1871991022696091e-01	  -7.3364605822955176e-01	   1.8553124112188810e-01	   1.9479828188398919e-02	  -5.5299274944065735e-01	  -5.8016433489538100e-01	  -2.7419201471259219e-01	  -3.5264917892505465e-01	  -4.3333835222637007e-01	  -5.2936770546986311e-01	  -5.8058090820177322e-02	   1.6053977608449846e-01	   1.7961443011337702e-01	  -7.3987257247307231e-02	   3.5363695187325822e-02	  -3.3142351330255122e-02	   2.7499814377683246e-01	  -8.2565035140629933e-02	   1.6699816051984034e-01	  -1.1469004902774614e-01	  -3.1524157183332707e-02	  -4.6352813682743299e-01	  -8.3082092631292584e-02	  -1.7035599313387598e-01	   2.5385598166100193e-01	  -2.5662662042909519e-02	   4.2452045856906795e-01	   4.4777394317169261e-02	   9.0362335472317945e-01	   9.0154713189768707e-05	   5.9507039646997006e-01	  -2.8528386060970989e-01	   1.1051409312484033e+00	   2.0945201141794700e-01	  -3.8466504867549522e-01	  -9.5066427423784805e-01	   1.1340784004741869e-01	  -1.0856446306105599e-01	   4.2021222813572512e-01	   3.7353150352368338e-02	   6.8654214309356726e-02	   2.3933839158339953e-01	   6.6852974856073877e-01	  -2.6370243853130937e-01	   6.4235846445589395e-01	   3.1494051449894363e-03	   1.0817219515625645e+00	   9.4305141463792500e-02	   3.3649474907607257e-01	   4.4045530757536250e-01	   4.4322396353965954e-01	   4.6071165432711092e-01	   3.7483268950575832e-01	  -2.5719897428734811e-01	   3.8864085668184939e-01	   1.5281516996787875e-01	  -1.0116845625875986e-01	  -2.1957232779577204e-01	   3.0439270035264177e-01	   2.8649353048288340e-01	   4.1317675349445232e-01	   9.0494582035603932e-01	  -7.2309167279132824e-01	   3.0320012331944268e-01	  -8.9948996265663078e-02	  -9.5754135984206290e-02	   2.4203586902003710e-01	  -1.8659144410516634e-02	   3.2436619524361049e-01	   6.9178395804087234e-01	  -4.2271179006310045e-01	   7.4192399453646696e-01	  -1.3605581979588077e-01	   6.0428686149975019e-01	  -5.9245457917365719e-02	  -7.7807873213873960e-02	   9.3247728106161942e-02	   7.3207079176926163e-02	  -1.3587773475208503e-01	   1.2447689913751128e-01	   2.3369546394276002e-02	   1.5365806603870602e-01	   3.8934893464770376e-01	  -4.0974852506564968e-01	  -2.5888309617537625e-01	   1.5703884447794647e-01	
   4.9724521570237312e-01	   1.1460237158160731e+00	  -3.7432999541504898e-02	  -8.9291882413976231e-02	   3.2294045017366174e-01	  -1.6672812777971110e-01	   6.6344909759005588e-01	   6.0729629083599190e-01	   4.9151978104883415e-01	   3.6489369091374901e-02	   2.8443080279688249e-01	   0.0000000000000000e+00	   5.8588202520109078e-01	   1.6307728104507691e+00	   3.1947174168839887e-01	   3.1994740381890258e-01	   4.6387727020098213e-01	   5.2887285030398035e-01	   3.9763045733577207e-01	   9.7429834054145903e-01	  -5.9999775947989153e-01	  -2.2011301909280415e-01	  -1.5883745256737580e-01	  -3.5747112226356931e-02	  -4.3118031693601133e-01	  -4.1000529206677888e-01	  -1.4968133577008691e-01	  -3.8887808666566598e-01	   7.9956926277781259e-01	   7.8941020465685396e-01	  -3.9709886701549485e-01	  -4.1556616995370999e-01	   2.8728871380698812e-01	   2.9769308021667884e-01	  -4.2655643195374016e-01	  -2.1713481310146963e-02	  -1.6760582927569209e-01	  -4.0080636834342170e-01	  -1.8197268208422776e-01	  -2.5437836675446507e-01	   3.6126414593502881e-02	  -1.4085521777110233e-01	   8.5790867805476012e-01	   6.8130936364453287e-01	   2.0847851470335138e-01	   4.3907331052685772e-01	   6.8234650010651221e-01	   5.9487722155000178e-01	   4.3793990846860464e-01	   3.6701195182566815e-01	  -2.9575699051663212e-02	   4.2349736224379320e-02	   5.5523782614129669e-01	   1.0085630878795293e-01	   4.3617212499521529e-01	   4.8236190002776247e-01	   3.4903678872779120e-01	   5.5313640674078424e-01	   3.5500225019414500e-01	   5.2255555490498340e-01	   6.5041580520030517e-01	   5.5091882526770442e-01	   2.7407797379466964e-01	   6.6339329659881185e-01	  -3.3038785215513239e-01	   5.3211389166134227e-03	  -7.5421513351088265e-02	   1.6129612773456495e-01	   1.4033987899236328e-01	   4.0526273830390469e-01	  -2.4030474217076520e-01	  -2.0857002101971188e-02	   1.1831206542398728e-01	   6.9197822362290640e-01	  -1.9460837680854579e-01	   2.5080645233962384e-01	   2.1659447645136140e-01	   2.1430767342360665e-01	   1.6540433705851526e-01	   1.8343583767142740e-01	   2.2143912711277464e-01	   3.2286778883494627e-01	   1.7633767757628840e-01	   5.9511176714078029e-01	  -5.1710183410336140e-02	   4.0142746907047228e-01	   1.6898892943277147e-01	   5.7045069784538771e-02	   1.5958537433768288e-01	   6.8092746022192230e-01	   7.0288719839222635e-01	   2.7282314746989134e-01	   1.4809864258906488e-01	   7.9667017004997051e-02	  -3.5629213360310130e-01	  -1.4949969319404569e-01	   6.4793826432305690e-02	   1.9603010361566237e-01	   6.6847006552483923e-01	   7.2979847930547892e-01	   9.5733752081333306e-02	   2.6015967814641133e-01	   5.7803153562315968e-01	   5.1605484947035196e-01	  -1.2481867855159406e-01	  -6.7594863338302624e-01	   3.2281980281228345e-01	  -2.3173443276900235e-01	  -4.9555531149646292e-01	  -3.5517948308375313e-01	   7.3338513066670982e-02	   2.4441491148236316e-01	   2.6921013019350609e-01	   1.6523386932062945e-01	  -3.2926825069079074e-01	   2.1713728198367788e-01	
   1.4907659035381966e+00	   8.3344198973510020e-01	   1.0528332071979341e-01	  -4.8812063518381327e-01	   3.9753202319375591e-01	   1.6684638840255062e-01	   1.1520286277810174e+00	   2.0629220819714122e-01	   8.2786984108191963e-01	   1.2847977566822905e-01	   1.0456037742045781e+00	   5.8588202520109078e-01	   0.0000000000000000e+00	   9.7258200195627542e-01	   7.9330298254960763e-01	  -2.4716244333207939e-02	   1.1447501501516790e+00	   6.8401474155633279e-01	   1.1233130363564330e+00	   1.0378157115464723e+00	  -4.7605780640118067e-01	  -4.9529004717177849e-01	  -3.3826173572009774e-02	  -3.6989495883144574e-01	  -5.3553544783418494e-01	  -5.4234390580346870e-01	   5.2165603857520310e-02	  -2.6519755368795006e-01	   1.1789725171491878e+00	   3.1381328889870708e-01	  -7.0584501047287618e-01	  -8.0730489448488973e-01	   2.7221655464063815e-01	  -3.5214035429034785e-02	  -5.6930217308926856e-01	  -5.6101337165055443e-01	  -8.4030044524413761e-02	  -4.2487853773637435e-01	  -2.5665965174981409e-01	  -2.3323066037498824e-01	   1.9109951249420679e-01	   2.4051130702973103e-01	   5.3139801059855563e-01	   2.9271138027710236e-01	  -6.2147975818794249e-02	   4.6840982477284694e-02	   4.9311449157283171e-01	   2.4657734921538599e-01	   1.3675172940968822e-01	   6.3150126687761418e-02	  -2.0946144015186536e-02	  -3.2284335171720363e-01	   1.5099546201052799e-01	  -2.1693661812851997e-02	   3.3780297450738450e-01	   2.5775276004437930e-01	   4.2614189311026013e-01	   3.1859545511005288e-01	   7.5834016014428918e-01	   2.6130396058706883e-02	   1.1315474980739961e+00	   8.7545518264668332e-02	   1.0484146452882208e+00	   5.7198824588981734e-01	  -4.4700970968011106e-01	  -5.9073757428545304e-01	  -1.4573775777893416e-01	  -2.5976110878991077e-01	   4.9723534153443272e-01	   1.2739775193827479e-01	  -2.3366679005592644e-01	  -9.4482583426398176e-02	   2.1736191483962475e-01	  -1.0319672893112329e-01	   2.6404724131779755e-01	   6.0959030411305249e-03	   8.7473964670824889e-01	   2.1284850491825397e-01	   3.7930393688141967e-01	   4.6297952780840135e-01	   3.9758957716498006e-01	   2.6711548155207132e-01	   4.1636298680879841e-01	   1.2701846508761047e-01	  -8.9512439507587568e-02	  -1.1402454546776625e-01	  -1.8741475217133841e-01	  -3.1599956097260112e-01	   6.1354679839534898e-01	   4.6430938962886720e-01	   7.6220488790718410e-01	   9.2223188231059550e-01	  -4.8285375408274139e-01	   3.7721312635809040e-01	  -1.0725242271705884e-01	   3.5589259223335938e-02	   2.7801535741885952e-01	   3.5548471171639634e-01	   5.8270907920782267e-01	   9.2707503890739262e-01	  -5.0019098205120949e-01	   5.7988916741748842e-01	  -1.2924025591947905e-01	   7.2135756859343525e-01	  -2.2540118803195741e-01	  -2.4166455080978247e-01	   6.0090636894177700e-02	   2.7574364584636629e-01	  -1.3184896334665913e-01	   8.2450509156490201e-02	   4.7933853500940538e-02	   8.7749511559023885e-02	   5.3179360752518434e-01	  -2.1853772613792716e-01	  -6.5954959848376316e-01	   8.5615013280160052e-02	
