   0.0000000000000000e+00	   1.3618145512079678e+00	   8.5092671779775575e-01	   7.9355624394165902e-01	   5.1304065889773454e-01	   6.0268841403018547e-01	   4.4467045721097176e-01	   3.0480202142328705e-01	   3.7088640265079204e-01	   4.4474227023699114e-01	   2.8881424054015287e-01	   4.8326918697955093e-02	   2.5201185577673357e-01	   2.6590904806299315e-01	   4.2055807827798264e-01	   4.9229762277574635e-01	   6.1279171052145875e-01	   5.4765945983560838e-01	   8.7801041431425786e-01	   8.3502371600454395e-01	   1.7223849455883125e-01	   8.7698327250632008e-02	   3.7067380046342713e-01	   4.0916475328728380e-01	   4.0088480299370566e-01	   7.3165892225795115e-01	   7.3927805257032209e-01	   7.0899892657101538e-01	   2.4310508914360293e-01	   4.3509707117249924e-01	   2.2173137451392652e-01	   1.6445169019711506e-01	   5.1378858594767551e-01	   3.7689716668263568e-01	   2.4390703169472044e-01	   1.7769045641133868e-01	   2.3807171392006617e-02	   3.0432920544530642e-02	   5.7787645144640365e-01	   7.3346937102285947e-01	   1.9673853430841451e-01	   3.4906886323207054e-01	   3.8318822467580271e-01	   2.7239079841990277e-01	   2.9784730904641865e-01	   3.2422495721529182e-01	   4.2475035552528700e-01	   5.1345878251427224e-01	   2.7713326328675819e-01	   2.4949726058403754e-01	   3.6688511678710939e-01	   4.3311088261949915e-01	   5.8372905819044996e-01	   8.9605552220212625e-01	   7.5844563505857387e-01	   8.8365351175821572e-01	   1.3485687215655642e+00	   1.2267376141561304e+00	   8.7484478120828912e-01	   8.0584107618048906e-01	   2.9406991314421915e-01	   3.7138116339355653e-01	   5.4817363891104209e-01	   7.0246573055119710e-01	   1.4577617797393444e-01	   3.0914315286299232e-01	   9.0097289570200889e-01	   7.7516147219921339e-01	   1.1178918768494617e+00	   1.0376169793193666e+00	   7.2500792249372850e-02	   3.6189640157562541e-02	   3.1523205865089293e-01	   1.8418418938796399e-01	   2.8969448531442737e-01	   4.3571871931665573e-01	   2.4566159638605892e-01	   2.5193162710890404e-01	   3.8036931349697706e-01	   4.4997462670811306e-01	   6.9126638681805130e-01	   8.2799226430184114e-01	   5.8399744812791754e-01	   7.5071880020008708e-01	   4.9861347437357134e-01	   9.2629958801347900e-01	   6.2803273919758695e-01	   7.1639285946248177e-01	   5.8546856682966175e-01	   7.8713011914949704e-01	   5.4668860259400043e-01	   4.2005442220403821e-01	   5.2626181737421607e-01	   4.8761431156505575e-01	   2.2150328377121226e-01	   1.4162707520872816e-01	   7.7789415199784795e-01	   7.4900190390535515e-01	   6.9241479499259917e-01	   7.9934078972823075e-01	   4.1913711596139325e-01	   4.0520610843967658e-01	   5.7022518675753897e-01	   4.5732854144499169e-01	   6.9484804112692433e-01	   4.9787202408356823e-01	   4.2620035289076996e-01	   4.1164755668888714e-01	   1.0720551206109710e-01	   4.1868576529376839e-01	   5.0971937724986738e-01	   4.4059732174203314e-01	   6.0792110724716697e-01	   7.1574772342951443e-01	   3.7530558593489649e-01	  -8.9581495044035175e-03	
   1.3618145512079678e+00	   0.0000000000000000e+00	   8.8667765297750267e-01	   9.0814623674307682e-01	   6.3158146028080631e-01	   7.0396767323335141e-01	   3.5307841378062915e-01	   3.3072510214566125e-01	   3.9070823709107538e-01	   5.1801772817402825e-01	   1.7149847201081192e-01	   1.2182622613450907e-01	   9.2794163134749086e-02	   3.1801014841875463e-01	   4.7986018224197613e-01	   6.8153915478138016e-01	   4.9832415888825221e-01	   5.6237559582395980e-01	   1.0456853010571081e+00	   1.1456120955238462e+00	   8.3912335686273154e-02	  -1.4954220295563234e-02	   3.9808425127828806e-01	   4.2746627704096790e-01	   3.5638539943237851e-01	   6.9103365433158781e-01	   7.7982959228276583e-01	   8.1932302543970492e-01	   1.9734361598266209e-01	   4.9799558916588788e-01	   2.0351653403981720e-01	   1.6949588054752940e-01	   5.1102876144799092e-01	   4.5374957890949696e-01	   2.5472209447380278e-01	   2.0549500893811318e-01	  -4.9250789755610813e-02	  -8.1195150936892529e-02	   6.0385766859069179e-01	   7.5451716614289221e-01	   1.8543586378760052e-01	   4.0472228525935616e-01	   3.6664332180713732e-01	   2.7896095540956956e-01	   3.4703002780190745e-01	   3.9383727755889153e-01	   4.3360941038039047e-01	   5.5553028920367531e-01	   3.1847079637752035e-01	   3.2245616147115391e-01	   3.4211038413378481e-01	   4.1778626943147218e-01	   6.3165747570766728e-01	   9.7201094505489138e-01	   8.4740596653847100e-01	   1.1078799107772401e+00	   1.2100217575659540e+00	   1.4821228455340614e+00	   7.6846902266996087e-01	   8.0532586882142199e-01	   2.5728232386991262e-01	   3.9011836139915868e-01	   3.9101404813199775e-01	   7.2418193661139640e-01	   1.6069112486902021e-01	   2.1794853514546444e-01	   7.5565331105511580e-01	   6.4384289848410226e-01	   1.0775642099794247e+00	   1.0964507230075646e+00	  -9.8596095020120594e-02	  -6.2394628539363527e-02	   1.7794805192173452e-01	   1.5693591603928009e-01	   1.2202256336529611e-01	   3.6678937146270035e-01	   1.2528919682239303e-01	   1.0781944727651999e-01	   3.0858091549194822e-01	   4.6701751932493890e-01	   5.6019745780603214e-01	   7.3577120659493822e-01	   5.3974975615611154e-01	   8.8543407553262687e-01	   4.3414590134700504e-01	   8.6489467066980330e-01	   7.2904974199831318e-01	   9.1355644942944025e-01	   6.8028652415204394e-01	   8.4109318398482502e-01	   4.5705563727489446e-01	   2.2032682741981313e-01	   4.4852225623282926e-01	   3.7855367249811123e-01	   1.2469153681387551e-01	   1.0592570339050632e-01	   7.2878690323609474e-01	   6.6606698234831940e-01	   7.3494387488200008e-01	   8.7567290333239955e-01	   4.7171513400193632e-01	   3.8529830988142455e-01	   6.6240536457680843e-01	   4.2872754077618153e-01	   6.0338778142179783e-01	   3.7924896224018667e-01	   4.6052954669895790e-01	   4.1764226963551437e-01	   5.3321067597577286e-02	   2.3884423440349378e-01	   3.5576328624332626e-01	   3.3351967699973695e-01	   5.0079348367619425e-01	   6.4286770345861177e-01	   3.7203229504330471e-01	   8.3006164824845508e-03	
   8.5092671779775575e-01	   8.8667765297750267e-01	   0.0000000000000000e+00	   1.3703681675778212e+00	   7.9154714410545735e-01	   8.2068085345749364e-01	   1.0235953697594116e+00	   9.2619519682831819e-01	   4.6910099725930604e-01	   4.9389611927744903e-01	   2.3440394498091488e-01	   3.4613459630525012e-01	   1.0479674939613057e-01	   1.7043219458448094e-01	   6.2711018270030128e-01	   7.5670180365394613e-01	   1.1972400820246416e-01	   1.8741036346068166e-01	   9.9560425690087961e-01	   7.7166193430864582e-01	  -1.9775078070997379e-01	  -2.2961494152184619e-01	   9.7931371779797438e-01	   8.7979311886056144e-01	   4.2119509254819743e-01	   6.3455574189001451e-01	   9.4080787762090812e-01	   8.8368137227662902e-01	   5.6771800347452960e-02	   2.6498168356773305e-01	   3.5135055114694580e-01	   2.1253451868947659e-01	   3.0569449746461502e-01	   2.9578875973055557e-01	   1.4955270672450433e-01	   2.0805564618903621e-01	  -2.9675615740402739e-01	  -3.2653527196347193e-01	   3.6978224721960512e-01	   3.6610052830617279e-01	  -2.1199576485969998e-01	   3.6655445550713497e-02	   3.2588794968617003e-02	  -9.4820660837496185e-02	   9.1414551235715874e-02	   1.8141296523222819e-01	  -7.6828642742050928e-03	   1.9172025298898415e-01	   1.5126996153384903e-01	   2.4210928554635147e-01	   1.3685412136894270e-01	   2.9235380504904945e-01	   3.6544508254361047e-01	   6.5780882530936613e-01	   4.8753045347311930e-01	   7.1609665552679613e-01	   5.6390793392109140e-01	   5.3981522352738709e-01	   9.4693564015258769e-01	   7.7530386161024811e-01	   7.0993782479463285e-01	   1.0692000242352473e+00	   2.6184030467178898e-01	   4.1552655622030765e-01	   5.4615972338463359e-01	   6.4888483449379886e-01	   7.4176579888895910e-01	   5.9001939725059205e-01	   4.4951609226418165e-01	   4.3385366169355472e-01	  -3.2028737109242818e-02	  -4.2627287791020532e-03	  -1.7238135064711782e-03	   9.2758589236979303e-03	  -6.9218385973816049e-02	   5.4612267613066534e-02	  -1.0207264967162492e-01	  -4.4982029702553668e-02	  -3.0251199480725095e-02	   2.5305267092925833e-02	   2.2146098019424151e-01	   3.2467195866098170e-01	   4.1087985625845569e-01	   6.6883564123818151e-01	   3.9716994916050430e-01	   7.5397282869285509e-01	   9.0427345477788401e-01	   1.0744047881610412e+00	   1.3028298272350964e+00	   1.4825160474911141e+00	   6.5120449222057664e-01	   5.3167520992033235e-01	   9.6286523006176894e-01	   9.6810118346750329e-01	   1.9494134554917664e-02	   6.1879427603398450e-03	   3.8479637996259719e-01	   4.5907045584516210e-01	   4.1961101189122141e-01	   6.6596457796855024e-01	   8.5637557093931038e-01	   8.6642944830383128e-01	   9.1366407703300190e-01	   8.2624003381010791e-01	   7.6053185898108810e-01	   6.4146979444513264e-01	   8.1467124860408979e-01	   8.3319202171530993e-01	   1.2310504516258942e-01	   1.3226791293989792e-01	   3.0602570986463740e-01	   3.7924440612550109e-01	   7.4739343113936640e-01	   6.7244795386774081e-01	   2.7166687624610303e-01	  -6.0766311643846778e-02	
   7.9355624394165902e-01	   9.0814623674307682e-01	   1.3703681675778212e+00	   0.0000000000000000e+00	   8.9824994497000277e-01	   1.1154882097097669e+00	   8.3362915182428854e-01	   9.1394776383310816e-01	   6.0165622631900728e-01	   7.4850405387354979e-01	   6.5897464761835944e-02	   2.3979470605777553e-01	  -4.0490377139787134e-02	   1.0821218143876432e-01	   5.2293497618785145e-01	   9.1131132488022237e-01	   1.5091380840638144e-01	   1.6787688755106489e-01	   1.1201860999655695e+00	   9.3303885155207666e-01	  -1.5483463683111287e-01	  -1.7174063244747217e-01	   7.2353845872397948e-01	   9.5184795958811919e-01	   3.1217537758376801e-01	   7.1749693262510206e-01	   9.0064313717916389e-01	   1.0538006290069935e+00	  -2.4141556518389208e-02	   2.4139609721236802e-01	   3.1134804024528684e-01	   2.8653906429951254e-01	   3.1365285395129627e-01	   3.3637863707354865e-01	   1.2116652520797970e-01	   2.8130522705294581e-01	  -1.7947250633001149e-01	  -2.1062619211828618e-01	   4.0116916535761421e-01	   5.5454972589881235e-01	  -1.1634113646859254e-01	   7.6031609601035527e-02	  -3.5616709775915883e-03	  -1.3488232133127620e-01	   6.2314421827185142e-02	   1.5156673238086338e-01	   1.2306627556725560e-02	   1.7373852787116886e-01	   6.6699709190736076e-02	   1.5322694439283005e-01	   4.3589096227629749e-02	   2.2117951299397454e-01	   2.1633504870927461e-01	   5.4868257366047612e-01	   4.5156762950755414e-01	   7.5451944750623479e-01	   5.2749259671160287e-01	   5.4065773398151407e-01	   7.5998192874176629e-01	   7.7361614901512432e-01	   3.8673588469366571e-01	   1.0274142160799078e+00	   1.1480952700916715e-01	   3.0802339755666136e-01	   2.5285652236321909e-01	   5.0004233361734574e-01	   7.2470149725042532e-01	   6.5118461582879439e-01	   5.4788778970627761e-01	   5.7106704410082454e-01	  -3.7733294417104331e-02	   6.0377472686666864e-02	   4.4197994262043086e-02	   1.8207046067419096e-02	  -7.4434700170669416e-02	   9.2369487197961245e-02	   5.1991198426201639e-02	   9.6299355233644912e-02	   3.4749285221137463e-03	   1.0231126776366917e-01	   2.7896803605484216e-01	   3.9607331628265469e-01	   3.2745559443089500e-01	   7.5138389519673154e-01	   2.7935736781354575e-01	   9.0308077199828274e-01	   7.0839357441110784e-01	   1.2211597873007176e+00	   1.1369856245841716e+00	   1.4008977198416948e+00	   7.0887905062609924e-01	   4.6015629245712186e-01	   9.6842694825149001e-01	   8.1502152209001233e-01	   4.6292561264708265e-02	   3.6464714476284799e-02	   3.9627073307881977e-01	   5.1755081573765283e-01	   4.2384642994339289e-01	   6.2610827917620659e-01	   8.1880491972944314e-01	   7.6534428377118635e-01	   8.8967662757051302e-01	   7.4256327047386972e-01	   7.5549176947073360e-01	   5.3234328440413092e-01	   7.5175467169042776e-01	   7.1407092493835866e-01	   1.1588565908224738e-01	   2.2036892318104306e-01	   2.8074167381721832e-01	   3.6391779524239043e-01	   8.8193645537122234e-01	   6.6947845634240211e-01	   2.8790364004369684e-01	  -9.4685298994780245e-02	
   5.1304065889773454e-01	   6.3158146028080631e-01	   7.9154714410545735e-01	   8.9824994497000277e-01	   0.0000000000000000e+00	   1.4419075863558362e+00	   5.9327139124533923e-01	   4.4852574410972967e-01	   1.4279664312006517e+00	   1.3932286931585243e+00	   1.5563792385293562e-01	   2.6450875855541700e-01	   1.4652462534200397e-01	   3.2892672255972294e-01	   9.2698963151487901e-01	   1.4687859820128215e+00	   1.7735356471789146e-01	   1.6165790420203971e-01	   9.9701691459270192e-01	   8.3559242684761514e-01	  -2.9623437240536458e-02	  -3.7232925680410971e-02	   3.9275160644687379e-01	   4.9916404210342558e-01	   3.6469968880857512e-01	   8.0582912511429605e-01	   9.2336865034136051e-01	   9.9007544875640352e-01	   1.3305024182582859e-01	   3.7658491960134965e-01	   2.4668116425786835e-01	   3.2488967901556053e-02	   1.3723156795608674e-01	   7.5059594307733790e-02	   1.3128668180713721e-01	   1.5842635011739170e-01	   8.7791219582211741e-02	  -4.7468582555494944e-02	   4.3105646511429568e-01	   5.2166904252679025e-01	   3.8989135456898354e-02	   2.7632275554478114e-01	  -1.0391771948748557e-01	  -1.8514409052415265e-01	  -1.8753043298146058e-01	  -1.2343151858138673e-01	  -6.7929457133049783e-03	   5.5802930179394139e-02	  -2.2208146350530911e-01	  -1.9683348893616570e-01	  -1.2725761252599055e-01	  -9.7945181899927999e-02	   2.9006521282771697e-01	   4.1919244470247091e-01	   3.7606373846038793e-01	   4.5859040312915467e-01	   3.4806092024924562e-01	   4.9294459242649680e-01	   6.0383522730245198e-01	   6.5819299198674386e-01	   2.2433661567500029e-01	   5.7528512106825758e-01	   2.0115710843835038e-01	   2.6789728156363124e-01	   3.0160822259754597e-02	   1.3294227266013825e-01	   3.1201396065955833e-01	   1.6429220915564141e-01	   5.0984635507396980e-01	   4.4502388049452068e-01	   4.6938865848063102e-02	   6.2175336257765633e-02	   1.9274337717955281e-01	   3.8899485579747956e-02	   5.2678913703854004e-02	   1.4087548901655034e-01	   2.6215337224896818e-01	   9.9035838329015094e-02	   4.7322435676669654e-02	   1.7801101640769598e-01	   3.7757547983686401e-01	   4.7863730961957124e-01	   4.1547836459163384e-01	   7.8503596892375260e-01	   4.8990801125237027e-01	   8.4864741926347531e-01	   4.8534957530199258e-01	   6.2697635059072720e-01	   8.4066152899090163e-01	   8.2866961554945429e-01	   4.9423386194887620e-01	   3.8736103300441915e-01	   4.6040043681359655e-01	   3.7005122339418800e-01	   1.6811668225456255e-01	   5.7374683574611195e-02	   3.0922668874532577e-01	   4.4748026126057161e-01	   3.2302922122408956e-01	   4.8498672951130251e-01	   3.0460643494056461e-01	   2.6977187999814839e-01	   3.2382136715608123e-01	   1.9622912008101240e-01	   3.1103600219518662e-01	   2.6851749456561486e-01	   1.9076378583633707e-01	   2.1136442702321581e-01	   1.3997254992174954e-01	   3.0847992004249231e-01	   2.5580894548365463e-01	   3.2191996380255372e-01	   7.7205887427721565e-01	   5.7838028176032996e-01	   4.5377744541830961e-01	   1.6101027280259288e-02	
   6.0268841403018547e-01	   7.0396767323335141e-01	   8.2068085345749364e-01	   1.1154882097097669e+00	   1.4419075863558362e+00	   0.0000000000000000e+00	   5.8995829282773826e-01	   4.5026593080310084e-01	   1.2066108163245721e+00	   1.6791917847155593e+00	   7.1126028137546496e-02	   1.3452956341161429e-01	   1.5151487193981411e-01	   1.6922702147860552e-01	   8.1196694654750134e-01	   1.5065218171935697e+00	   1.3467821107458783e-01	   7.1831429200103852e-02	   1.0606683597876196e+00	   9.0287767453791923e-01	   4.2445140533604833e-02	   4.2413498369240174e-02	   3.5732684323096497e-01	   5.6783335314924221e-01	   4.2483473611417777e-01	   1.0222042130475779e+00	   1.1275931518989974e+00	   1.3630444278727194e+00	   7.7355155127871037e-03	   2.7375260173667315e-01	   2.1176927405482646e-01	   1.2790063780903306e-02	   9.8997568252396084e-02	   6.3298313162200914e-02	   1.2418042862803708e-01	   2.3099974942782794e-01	   5.0451944155032305e-02	  -5.8488014556063478e-02	   5.0814405226856485e-01	   6.6541908692960483e-01	   8.4919940468290475e-02	   2.2892067269517080e-01	  -9.0403704538850188e-02	  -1.9315828906231308e-01	  -1.8418739878018872e-01	  -1.0603246068686109e-01	  -1.1462145359089211e-02	   5.9286653634581785e-02	  -2.4058876748144456e-01	  -2.1273388252722344e-01	  -9.8055833122679681e-02	  -2.7533496672078769e-02	   2.7454536161668541e-01	   4.7909120132613736e-01	   4.3645777197917957e-01	   5.4393070523334797e-01	   3.6710840604228734e-01	   5.3016822919440842e-01	   6.5772348109680656e-01	   9.0277255812563140e-01	   1.2294929441962621e-01	   6.1738919211746512e-01	   1.3387684396361932e-01	   2.0666226543810959e-01	  -5.1749587585614348e-02	   2.3618300068632425e-01	   4.1945396054797907e-01	   3.2800458048839898e-01	   6.1635163498325174e-01	   5.6445382299124980e-01	   5.6280677213198411e-02	   4.7041781773187630e-02	   2.0689523716713634e-01	   9.5558125058498838e-02	   8.5386201822239105e-02	   1.7795769251852483e-01	   2.7497108065200093e-01	   1.4782184874552490e-01	   5.3309610137722778e-02	   1.6562785520466466e-01	   4.0515686754639152e-01	   4.7398063332079221e-01	   3.5983203006039510e-01	   7.6067244233028353e-01	   4.4379290723256742e-01	   1.0237030619844141e+00	   5.3215932390644638e-01	   7.6295499332051853e-01	   8.8861808693804745e-01	   1.0190364809977528e+00	   5.8745820938091287e-01	   3.8236145453830578e-01	   5.9907776978716865e-01	   4.4434641792172080e-01	   2.1050931573826054e-01	   6.7794442402565325e-02	   4.2088698658806456e-01	   5.2770160473176642e-01	   3.9791470720528532e-01	   5.3425102038461747e-01	   4.4090979282916276e-01	   3.7253049056047433e-01	   4.6094199393039587e-01	   3.2575172911437944e-01	   5.1230072669140692e-01	   3.5952278916050823e-01	   3.6857414073105155e-01	   3.6164932631024366e-01	   2.0495376866998069e-01	   3.8390474974283517e-01	   3.0030369723159978e-01	   3.4976267847370757e-01	   9.3040603963030510e-01	   6.7635711382737229e-01	   4.0673849032539816e-01	  -1.1023178068516293e-01	
   4.4467045721097176e-01	   3.5307841378062915e-01	   1.0235953697594116e+00	   8.3362915182428854e-01	   5.9327139124533923e-01	   5.8995829282773826e-01	   0.0000000000000000e+00	   1.0630518732016112e+00	   5.3600329269012481e-01	   3.9495484883596571e-01	   3.5674703458722701e-01	   4.0995358168456497e-01	   2.0312509093415171e-01	   6.4754045942660307e-02	   4.7759196105428492e-01	   5.1673866356829390e-01	   5.9326402783365156e-03	  -3.2353770122389242e-02	   5.7948351635911444e-01	   3.6928108856838082e-01	  -3.7424754408130639e-01	  -4.2448044451258971e-01	   6.3561032957921793e-01	   5.8287590222900232e-01	   1.2221149856693000e-01	   2.6835757675277211e-01	   4.9451569323385158e-01	   4.5033368411142971e-01	  -2.0660918080637473e-02	   8.6139316757167302e-04	   2.1589630896378292e-01	   5.1571088406309765e-02	   1.0133372436162788e-01	   8.5097721278960620e-02	   8.8839368894342949e-02	   2.4056859059149199e-01	  -2.2984844679051247e-01	  -3.2112223637074405e-01	   1.8567548943304718e-01	   4.4114097971357298e-02	  -3.1790417794988091e-01	  -2.7546213034639960e-01	  -1.7292054622357680e-01	  -2.7740751813479347e-01	  -7.1438789628826618e-02	   1.6072471401999622e-02	  -2.0738045469110586e-01	  -5.1463521013350534e-02	   3.5840272822312814e-02	   1.2401442437992895e-01	  -5.1434554599891658e-02	   1.4298099734211137e-01	   1.2226378562394349e-01	   2.6986021262277954e-01	   2.0530410096423721e-01	   2.7773339911019024e-01	   1.3430140055461429e-01	   1.3189153266389222e-01	   8.9956039107425689e-01	   5.9592801429041742e-01	   8.2396351046739824e-01	   1.0003969179568233e+00	   1.8756002418354067e-01	   9.7811626931404147e-02	   2.9923838475278308e-01	   7.2679346221537733e-01	   5.1793972347636386e-01	   4.1247956570484690e-01	   1.2091103569203093e-01	   8.6803226858392743e-02	   2.4543619499829550e-01	   1.6587274693611509e-01	  -6.2002280442018422e-02	  -5.7671409769566771e-02	  -8.0513054971028078e-02	  -9.0637446331991292e-02	  -3.8130880174315103e-02	  -2.3575458710176607e-03	  -1.9372363873312221e-01	  -1.6276792118575417e-01	   2.9550547684759471e-02	   5.6115031897107946e-02	   2.3381612316824446e-01	   3.4751051640115421e-01	   7.5375879003294344e-02	   4.4150118016314260e-01	   3.6989952141274107e-01	   6.0318506278095563e-01	   9.8601520093290151e-01	   9.5175549203608101e-01	   9.1222303902551205e-01	   8.9674092699260233e-01	   1.0861877781118616e+00	   1.1683436835755825e+00	  -5.5111337416950172e-02	  -8.4803627802780474e-02	   1.6576844662035245e-01	   2.2970720013883938e-01	   2.4727235368345959e-01	   3.7035094833161358e-01	   7.8873771306208440e-01	   8.6635887253537658e-01	   6.6103429625404886e-01	   6.8605786120859935e-01	   6.9899718553887236e-01	   6.8940915401273939e-01	   6.9627996679967041e-01	   6.7682692682096679e-01	   2.1284527177294604e-01	   9.8851510705913234e-02	   2.4917903442347628e-01	   4.4860779320932120e-01	   7.7477632575467892e-01	   4.3017476792165205e-01	   9.4565172658324578e-02	  -1.7572048889429298e-01	
   3.0480202142328705e-01	   3.3072510214566125e-01	   9.2619519682831819e-01	   9.1394776383310816e-01	   4.4852574410972967e-01	   4.5026593080310084e-01	   1.0630518732016112e+00	   0.0000000000000000e+00	   2.7489954053137072e-01	   2.4665478674701408e-01	   1.1503196672243737e-01	   5.9316586068256227e-01	  -1.4039322422634351e-01	   1.3021885020808735e-01	   2.9370747183688983e-01	   4.2018658805136316e-01	  -5.9326793514518326e-02	   9.0088226811695024e-02	   4.6679102029391589e-01	   3.4211679929179917e-01	  -6.4776934611921222e-01	  -6.4464070984226973e-01	   7.8566941258882195e-01	   7.2290663982126468e-01	   8.8745792001214546e-03	   1.4251893808012514e-01	   4.0008843829199625e-01	   4.0001508221982529e-01	  -1.3301959591068102e-01	   5.0872698500851923e-02	   1.9117967597365704e-01	   1.8062346300250659e-01	   2.1009090639594230e-01	   2.6634175605564536e-01	  -8.8997002340479497e-02	   1.1243381179622522e-01	  -5.0496891773725106e-01	  -5.6123408742844549e-01	   8.2740465637963830e-03	  -8.0905021595941897e-03	  -4.5244871928328972e-01	  -3.1920208989127402e-01	  -1.7225391715392629e-01	  -2.8558027735408820e-01	   3.9426170662866848e-02	   9.5530533536243509e-02	  -2.2941086405124320e-01	  -6.1408883316283358e-02	   1.9003126006526105e-01	   2.7353872022050929e-01	   3.7646141290528359e-02	   2.1812614166713373e-01	   3.6840208228316719e-02	   1.8057046611951047e-01	   1.7277012834642747e-01	   3.3792605293214600e-01	   1.3357416401569780e-01	   6.4171948690746439e-02	   6.2611036233755546e-01	   3.6865469908572218e-01	   7.6002126100080147e-01	   1.2324215676052506e+00	   1.5570626328693672e-02	   1.2361512249641655e-01	   3.6378955636901567e-01	   5.7168396653277676e-01	   4.1839452476121602e-01	   3.6147100180053998e-01	   1.2693407224245196e-02	   4.2500133321287971e-02	  -2.3962127370449022e-02	   7.7107992050651830e-02	  -1.4467369965700960e-01	  -7.1308593914847437e-02	  -3.1258665497031979e-01	  -1.6851982748021210e-01	  -2.3555620593239709e-01	  -1.1575074207165628e-01	  -2.0295056230698108e-01	  -2.4987354976167259e-01	  -8.2554468851617407e-02	  -1.2813817346719100e-03	   1.0560301331422928e-01	   2.9186813074851892e-01	   1.3655524991885009e-02	   2.8852694871071000e-01	   4.5902530787381080e-01	   6.7193041025232558e-01	   1.0048181570830124e+00	   8.5784804943668691e-01	   6.1113180967183711e-01	   4.8066441166570939e-01	   9.0175707044827891e-01	   9.7401107713451507e-01	  -1.8681186388475779e-01	  -1.0826196028425883e-01	   2.1235757539394017e-02	   1.5934124945182460e-01	   1.8527785156571788e-01	   3.3015529887553741e-01	   9.1445214903451322e-01	   9.2692978172834528e-01	   7.9088689095147646e-01	   7.9398896454015944e-01	   5.1611266398827604e-01	   4.7457578556131591e-01	   7.2254474585251038e-01	   6.6983727338949228e-01	   2.8735539445842576e-02	  -1.1895221624496709e-01	   5.8121759975066946e-02	   2.6009209559738877e-01	   5.5331055682295516e-01	   3.1961500482397609e-01	   7.3546727756778840e-02	   3.5368860732274791e-02	
   3.7088640265079204e-01	   3.9070823709107538e-01	   4.6910099725930604e-01	   6.0165622631900728e-01	   1.4279664312006517e+00	   1.2066108163245721e+00	   5.3600329269012481e-01	   2.7489954053137072e-01	   0.0000000000000000e+00	   1.4447243784735448e+00	   2.6845948852422946e-01	   1.8110379870930909e-01	   3.5227460716832171e-01	   2.7216904680659548e-01	   9.7496717928009635e-01	   1.1908031470331288e+00	   2.3828940665988271e-01	   1.0865903274460718e-01	   8.3513838553484787e-01	   7.0757900580838695e-01	   7.2033356676671684e-02	   1.1540600719432328e-02	   1.4198491402168206e-01	   2.7030857839265721e-01	   1.9184444798025704e-01	   6.4082539019759255e-01	   6.6100212308162876e-01	   6.8308528328051332e-01	   1.7926663852700506e-01	   3.1636800800908293e-01	   1.6275998464592498e-01	  -9.1805117982673212e-02	   1.2406432898025251e-01	   7.5466662441121607e-03	   1.5184623278308981e-01	   2.0999195163822498e-01	   3.2050041182241951e-01	   1.6180870218964713e-01	   4.5478535122460756e-01	   5.2457593399968483e-01	   2.1778061920993930e-01	   3.0046594927746756e-01	  -9.7910129112544930e-02	  -1.6971106578523615e-01	  -2.6467092771961531e-01	  -2.1046001211559548e-01	   2.9252709524599917e-02	   2.6086813043376109e-02	  -3.3014956108503524e-01	  -3.5420222582838390e-01	  -1.8349824535415077e-01	  -1.8032749254595334e-01	   2.6564959861195914e-01	   2.8764251023599807e-01	   3.0740764368901491e-01	   3.0872011775854302e-01	   1.8936457218913477e-01	   3.5754093061865067e-01	   5.3469634316842451e-01	   6.1223572173196206e-01	   1.1056778259043742e-01	   3.8320697550448357e-01	   2.3563741244158681e-01	   2.0565812160595087e-01	  -2.1952295162115293e-01	   6.4770933332632064e-02	   2.0048283293384425e-01	   8.4108737983776230e-02	   4.8920582745298852e-01	   4.0358436221966631e-01	   2.7235658479929842e-01	   2.2189735106392205e-01	   4.0529390019633477e-01	   1.8307167402798263e-01	   3.1318242853157535e-01	   2.4128223578424599e-01	   5.1287736495119518e-01	   2.5600884153888553e-01	   1.4069169624378652e-01	   2.5979987520606751e-01	   4.6479456609944408e-01	   5.0838582464943172e-01	   4.8277410452533248e-01	   6.7986636980341142e-01	   4.7067514462534504e-01	   7.5210141072618542e-01	   2.0451538958720880e-01	   3.6387937925536074e-01	   5.8472383656455373e-01	   5.7838480505920620e-01	   5.5670425019459713e-01	   4.8718549358568097e-01	   3.3185555874756889e-01	   2.3228813800803649e-01	   1.8004405850563407e-01	   2.5727625636849057e-02	   2.9157424307265556e-01	   4.3496154365213752e-01	   3.1540491471495530e-01	   4.1590738645154934e-01	   9.5071961869438323e-02	   6.9108107730251833e-02	   6.4188204939828061e-02	  -7.6433527625374429e-03	   2.7837336708439586e-01	   2.4630208429107661e-01	   8.1132098719499789e-03	   1.0369750602867668e-03	   1.9293282781498683e-01	   3.9796838998204326e-01	   3.4164199284495955e-01	   4.2961050108666232e-01	   7.8465579396332197e-01	   5.0416629761125864e-01	   3.6427775557463909e-01	  -7.9344511928012493e-02	
   4.4474227023699114e-01	   5.1801772817402825e-01	   4.9389611927744903e-01	   7.4850405387354979e-01	   1.3932286931585243e+00	   1.6791917847155593e+00	   3.9495484883596571e-01	   2.4665478674701408e-01	   1.4447243784735448e+00	   0.0000000000000000e+00	   3.9801973581558965e-02	   8.7216600788821569e-02	   1.3762331478851902e-01	   2.3612826067704104e-01	   7.5677074728502636e-01	   1.4179414859565496e+00	   1.2048268846272278e-01	   2.8869383589185801e-03	   8.7496151222855767e-01	   8.0587607216346191e-01	   4.2984746353024100e-02	   5.6150365874920859e-02	   1.1387692852171111e-01	   3.2105120778909901e-01	   2.8409633981362004e-01	   7.9694721590311302e-01	   8.1903920649528517e-01	   9.8662672826221787e-01	   1.0418563868416763e-02	   2.6781239785513278e-01	   3.0863282370196529e-02	  -1.4403255911217439e-01	   2.0585666229251037e-02	  -3.9306786141897990e-02	   4.7695334695244257e-02	   1.2943811424949048e-01	   1.8398249748106343e-01	   1.7707439402824939e-02	   4.3241713725125486e-01	   5.8674034795912100e-01	   1.5234903408505848e-01	   2.1745668629368678e-01	  -1.8461173476682227e-01	  -2.4584044168885921e-01	  -3.1748099182473183e-01	  -2.7468790151056266e-01	  -4.6637576852739893e-02	  -3.4368492970198325e-02	  -4.0146571990736468e-01	  -4.1773567265258860e-01	  -2.1845483095933102e-01	  -2.3206127836229956e-01	   1.9549928112819026e-01	   2.9639650066451378e-01	   2.9589154050976540e-01	   3.3290263010737520e-01	   2.3566891814227320e-01	   4.4648498622523608e-01	   4.8441892163800671e-01	   7.1417379370225864e-01	  -3.1029075549409132e-02	   3.8005736327468848e-01	   1.4001709114742708e-01	   1.3196988456687592e-01	  -2.5513488423156305e-01	   1.0081354978888277e-02	   1.9669737232582654e-01	   1.0592484980513960e-01	   5.5822620363574127e-01	   4.9357749306093246e-01	   7.7047477543525006e-02	   1.0941475736719494e-01	   2.6782641320225614e-01	   8.7404388031299948e-02	   1.2579754389353334e-01	   2.0053127828632591e-01	   3.6502537215454867e-01	   1.4973339724978263e-01	   4.6002490755842021e-02	   1.7165888185572648e-01	   3.8118700382431248e-01	   4.4440385611607092e-01	   2.9054871295707274e-01	   6.2019895086764787e-01	   4.2798274130218406e-01	   8.7079254521972982e-01	   2.9763476021503299e-01	   4.8423840242834937e-01	   6.2324414429728214e-01	   6.5265611499591070e-01	   4.7280322843467004e-01	   2.9662360700372198e-01	   3.7633547420386071e-01	   2.2155273108316118e-01	   2.3312625940772147e-01	   7.9925211178189737e-02	   2.8560283871216474e-01	   4.1987025219827734e-01	   2.7521083902816362e-01	   3.4408431212094592e-01	   2.0069859187256991e-01	   1.4557866530420369e-01	   2.1324426840470681e-01	   8.1328236833202644e-02	   2.9442138988572064e-01	   1.8578105166613329e-01	   1.1070503527319787e-01	   9.9756780659206026e-02	   1.7153806067910532e-01	   3.7131564666667588e-01	   1.9190377434708519e-01	   2.4823253112171814e-01	   7.5272981939316042e-01	   5.5125072987531365e-01	   4.4687331180578843e-01	  -5.2842255812755215e-02	
   2.8881424054015287e-01	   1.7149847201081192e-01	   2.3440394498091488e-01	   6.5897464761835944e-02	   1.5563792385293562e-01	   7.1126028137546496e-02	   3.5674703458722701e-01	   1.1503196672243737e-01	   2.6845948852422946e-01	   3.9801973581558965e-02	   0.0000000000000000e+00	   5.6135487612922597e-01	   9.3647703300943597e-01	   3.9678453078242470e-01	   4.9391728642469052e-01	   1.5305845740037691e-01	   4.7077956768288853e-01	   3.8094422243187448e-01	   2.6482179053448696e-01	   1.2322231179436144e-01	   1.2424379570410662e-01	  -5.6851112053723771e-02	   1.7750732608421338e-01	   5.1381254124235184e-03	   1.1060660783528782e-01	   7.9389216627497566e-02	   4.9708353960470207e-02	  -1.0050029996820597e-01	   4.5878938259556878e-01	   2.4231209567835016e-01	   2.3118204231925638e-01	   5.1906375691977341e-02	   1.5309841789222306e-01	   7.1217780827168453e-02	   3.8530374865290334e-01	   2.0516511076555435e-01	   2.2839923541467286e-01	   1.9489584380622166e-01	   3.1530257186454652e-01	   7.1749596146633288e-02	   3.0402313900913047e-01	   1.9198240310640854e-01	   2.4181751196208767e-01	   1.7897578760321367e-01	   1.6769938283509761e-01	   2.0462024303147253e-01	   2.7065628335668085e-01	   2.4654173253822437e-01	   2.5788744024077848e-01	   1.8644003006679943e-01	   4.1310287296466747e-01	   4.2269155281618664e-01	   5.6620321906828031e-01	   3.3407098435244376e-01	   4.4466214855248448e-01	   2.5303041392207692e-01	   3.1027471757584690e-01	   2.2564758936162149e-01	   5.2725123119646677e-01	   3.2622827385737835e-01	   6.7387871614433326e-01	   9.0511944933944752e-02	   7.6067807288025002e-01	   3.7471772314886903e-01	   2.5282087078758297e-01	   3.0920916562154122e-01	   3.2800463706553334e-01	   2.8496409960385755e-01	   1.5880680263750951e-01	   1.0138164280650630e-01	   3.8826224228205247e-01	   3.2973605833662861e-01	   3.7828083965406151e-01	   4.5109579655530607e-01	   5.0775350749564552e-01	   4.4037584487575226e-01	   3.7247196948696920e-01	   2.2448111449307570e-01	   3.7961593685118245e-01	   1.5814365801813940e-01	   3.8398621886448592e-01	   3.3747503971500692e-01	   6.6383222391500296e-01	   3.5980530351490952e-01	   4.9457789138794295e-01	   2.8121010235155297e-01	   1.5700354848869125e-01	  -1.5495958328476915e-02	   1.7571358129438230e-01	   1.7166519617358156e-01	   4.1185317764500184e-01	   5.5050623448059754e-01	   1.1048331896576814e-01	   2.1256034492796638e-01	  -9.1536594664964457e-02	  -2.0552713649562301e-01	   2.8213953357561539e-01	   2.2125122828181920e-01	   3.8957461500334239e-01	   4.4217817410475468e-01	  -2.2530237902926142e-03	   9.5622526992290291e-03	  -4.9036685894254972e-02	   3.7586105240970686e-03	   2.3546204444105645e-01	   3.0566728130799936e-01	  -2.5639208801766050e-02	   1.3756352426066345e-02	  -7.5184815487956292e-03	   3.1099399378431467e-02	   4.5835536634675966e-01	   5.0246440212854115e-01	   1.6813573986411898e-01	   2.1328497123944298e-02	  -1.2499835805511762e-01	  -2.1361774250097945e-01	
   4.8326918697955093e-02	   1.2182622613450907e-01	   3.4613459630525012e-01	   2.3979470605777553e-01	   2.6450875855541700e-01	   1.3452956341161429e-01	   4.0995358168456497e-01	   5.9316586068256227e-01	   1.8110379870930909e-01	   8.7216600788821569e-02	   5.6135487612922597e-01	   0.0000000000000000e+00	   2.2424556533505494e-01	   6.4505414649116566e-01	   4.7059152801385418e-01	   3.1549782413078525e-01	   1.7268682889294937e-01	   3.4663282378124383e-01	   2.8960292570939816e-01	   1.7962181720465700e-01	  -3.8224369871895919e-01	  -5.3093431878690756e-01	   3.9613520274519654e-01	   1.9277587982500435e-01	   1.4984372825722270e-01	   3.2325855736246752e-03	   1.9856286513856031e-02	  -2.9093884371307773e-02	   2.0673438324098503e-01	   1.9877012955078793e-01	   1.1294390354670310e-01	  -1.2171660638748154e-02	   1.1805343203100757e-01	   2.2585326884791912e-01	   2.4084385649244339e-01	   1.5856420926132869e-01	  -3.3047545189654426e-01	  -3.5183281321853493e-01	  -8.8846654099138736e-02	  -1.7901695554749605e-01	  -1.1533171269405007e-01	  -1.5106011021409244e-01	  -3.6198770689153427e-02	  -4.7012867037206779e-02	   8.2638306599628869e-02	   1.0919452687603262e-01	  -2.6412816480015960e-02	   5.8804864611028865e-02	   2.2904011086454851e-01	   1.9318485578475991e-01	   2.6587365439080912e-01	   2.3526021905548394e-01	   2.6205889401694510e-01	   8.9708399582288850e-02	   2.5872543353654975e-01	   1.8360799630914457e-01	   1.0092823498489643e-01	   8.4959448688024478e-02	   3.8390072724870244e-01	   1.6254281933800560e-01	   6.6375667070330779e-01	   3.4004628502843715e-01	   3.5468996991335400e-01	   2.9963421407013469e-01	   2.5729535663745012e-01	   1.7664524808774684e-01	   1.6198505339145355e-01	   6.2841971631251700e-02	  -1.2330150148121158e-01	  -1.2869061247181662e-01	   9.9425892297621069e-03	   1.0655044383334548e-01	   1.2358106369274969e-02	   1.1734082833533928e-01	  -9.0996003289378236e-02	   1.0371519558741446e-01	  -1.0972652491051142e-02	  -1.2928386680528361e-01	   2.0700818627350060e-02	  -8.0613891965751555e-02	   4.1030142627688296e-02	   1.0274177978936871e-01	   2.8809931474824024e-01	   3.1504925518485494e-01	   2.2103186859237661e-01	   1.7578543917853900e-01	   2.2435856252883160e-01	   1.5657444092371758e-01	   3.6035962760220563e-01	   2.3505385932477779e-01	   2.3558427807250631e-01	   2.7108046602094071e-01	   1.8323705853567487e-01	   2.9928718023347389e-01	  -3.1248892585322507e-01	  -1.9638477704222823e-01	  -5.3146365808373668e-02	   2.7825716457993796e-02	   1.8680212987319841e-01	   2.5337817419721820e-01	   2.0546575278086834e-01	   1.9844689132371693e-01	   1.0087470820899185e-01	   1.1065009158751946e-01	   3.4044380905653683e-02	   1.3114217083236046e-01	   4.3513373128914450e-02	   7.7663485180893707e-02	  -1.6903959847872380e-01	  -2.8251942717431999e-01	   1.2719632874118675e-01	   2.7568655162421485e-01	   1.5219672921545760e-01	  -3.6808748731141719e-02	  -6.8159313602498342e-02	   6.9744212354616197e-02	
   2.5201185577673357e-01	   9.2794163134749086e-02	   1.0479674939613057e-01	  -4.0490377139787134e-02	   1.4652462534200397e-01	   1.5151487193981411e-01	   2.0312509093415171e-01	  -1.4039322422634351e-01	   3.5227460716832171e-01	   1.3762331478851902e-01	   9.3647703300943597e-01	   2.2424556533505494e-01	   0.0000000000000000e+00	   2.3863647899126667e-01	   6.6721130966818842e-01	   1.6733804547683023e-01	   5.3816963650431193e-01	   3.0357098932120091e-01	   1.4586445828716649e-01	   9.5449825994233961e-02	   5.1366398002969715e-01	   3.2445498530661926e-01	   1.3731778531823921e-01	   2.0854161718420885e-02	   4.0602269850028078e-01	   3.6060792533255503e-01	   1.5736331054752647e-01	  -1.8653907142890981e-02	   5.7171093239637838e-01	   9.4618677435413634e-02	   3.9146398450352599e-01	   4.5964673194556951e-02	   1.8341086783433472e-01	   6.5072849325109164e-02	   4.9555785903445171e-01	   2.7530295137139765e-01	   4.6451498835859029e-01	   4.6531005587654284e-01	   4.0035353913629512e-01	   2.5626076995893909e-01	   5.1507128966165072e-01	   3.1976394826702859e-01	   2.6782305424328923e-01	   2.2450097226624668e-01	   3.1013959828457734e-02	   7.0846524446776027e-02	   2.7669718875847610e-01	   2.3971101774437900e-01	   7.1484706629899473e-03	  -4.7405800376419588e-02	   2.4771096232435225e-01	   2.0397914208011930e-01	   4.6443902028549366e-01	   2.6997843787888243e-01	   3.8710125156961028e-01	   1.6861590295826279e-01	   2.3527811637219861e-01	   1.9498182942611836e-01	   3.1596036775698505e-01	   2.9648501043903197e-01	   3.4452875508239278e-01	   2.6998716444834307e-02	   6.6536655442665149e-01	   4.1958457033222585e-01	   1.0825971318155490e-01	   2.6565308100872864e-01	   1.6406438651219918e-01	   1.3905627992810077e-01	   2.2342848221396727e-01	   1.4441548504997764e-01	   5.7929580591292862e-01	   3.6505406759863029e-01	   5.9087539770566111e-01	   4.8114646238211300e-01	   7.3042494088351539e-01	   4.1471975322493748e-01	   5.4421901991213084e-01	   3.1488372271575854e-01	   4.6790583456954787e-01	   3.5857073458859751e-01	   5.9120908413049256e-01	   4.2008662828157073e-01	   7.0689079692446566e-01	   3.4920992398299472e-01	   5.7286458181317590e-01	   3.1511025357836286e-01	  -5.8534239715391139e-03	  -5.9200497245332905e-02	   4.8231039511006976e-02	   4.3754220315871284e-02	   3.0262516072897316e-01	   3.9226887280151229e-01	   3.0846726977182836e-02	   2.3834399162091284e-02	   1.3332356493404077e-01	   9.6067926858085257e-03	   4.3040661751473791e-01	   3.8030734478544470e-01	   3.7059254642784079e-01	   3.9447371460489516e-01	  -1.3632376977414626e-01	  -1.4527979303036520e-01	  -1.7582501660061844e-01	  -1.7640207753320730e-01	   2.4496506919212291e-01	   2.4165225440255872e-01	  -1.6974307955384826e-01	  -1.3951212941031788e-01	   1.9160945899224280e-01	   3.1773240896694704e-01	   6.3553283677757377e-01	   5.5346921047088926e-01	   2.9155681811654266e-01	   1.9899685711573256e-01	   5.6586898514019796e-02	  -1.0400936475569414e-01	
