   0.0000000000000000e+00	   1.6584166157220801e+00	   6.7946774939046439e-01	   9.5824217887525631e-01	   5.7645725276091253e-01	   5.8957081807097034e-01	   6.9623431796201218e-01	   9.0813136564280406e-01	   5.7874967327173044e-01	   3.5036639846071244e-01	   1.2684099465680974e+00	   8.9860178301199112e-01	   1.1105194072892952e+00	   9.2340828079227333e-01	   1.1476404072292448e+00	   9.2350107270809667e-01	   1.0983006855031630e+00	   9.1018432452582720e-01	   1.3763977670720109e+00	   1.2761535860332094e+00	   7.8164300728689462e-01	   6.6286842050608497e-01	   5.0522603361949658e-01	   4.6658583200815706e-01	   3.5268808633418669e-01	   5.9470101370646866e-01	   6.3722334779550638e-01	   6.4691233255461611e-01	   8.9017448056623139e-01	   7.1214216042042522e-01	   7.7996354007072899e-01	   7.4007569125059192e-01	   1.2409129968200934e+00	   1.2964994504708958e+00	   1.0244697124869524e+00	   9.2011770193684039e-01	   4.1305200067387948e-01	   9.0456730403427810e-01	   8.5188314665918163e-01	   1.1027047314872422e+00	   2.7146932516982425e-01	   7.6964340894734740e-01	   7.8753111098415973e-01	   6.4703985246429441e-01	   7.4584889176250491e-01	   8.0872959745139494e-01	   1.0875408049854285e+00	   1.0806261292477539e+00	   8.7400936328172063e-01	   8.9634886777326828e-01	   9.0051230758768097e-01	   8.8135003746678275e-01	   8.8204369586667009e-01	   9.5713450629698493e-01	   1.3394308196746101e+00	   1.3644098969029763e+00	   1.2526257462196355e+00	   1.2618762440668105e+00	   1.1157219497387465e+00	   9.8187232989738205e-01	   1.0414812121792048e+00	   6.9393589561163238e-01	   9.7470604431339991e-01	   7.8781223331624251e-01	   7.0235509558993503e-01	   6.7794732138919001e-01	   1.0787680624497771e+00	   1.0150336770667348e+00	   8.7630304389442726e-01	   8.6558669563479773e-01	   8.3036335007199469e-01	   7.1822456650950428e-01	   9.9542850816178041e-01	   1.0026408509035352e+00	   7.9425702013935129e-01	   8.3764155379512661e-01	   9.0406489929621414e-01	   6.9938439108291239e-01	   8.4524843612197764e-01	   7.5943820674709905e-01	   1.1293653494517761e+00	   1.0533029882610292e+00	   1.1498039115402385e+00	   1.1355900753969388e+00	   1.0800919937667637e+00	   1.0402242169096916e+00	   7.7049970408615642e-01	   8.4789808730024385e-01	   9.5029928382908202e-01	   9.3995126027176723e-01	   6.1604346841521052e-01	   7.1952131804381980e-01	   4.8929681963351035e-01	   6.6069871949566006e-01	   5.7746020056255931e-01	   4.1186523019741966e-01	   1.2356964616783190e+00	   1.0079874065489844e+00	   1.2810452842113087e+00	   1.2265994086296381e+00	   5.8422486901100290e-01	   7.4944056044983531e-01	   8.0413443305438803e-01	   8.5973135783518773e-01	   5.3513379803961414e-01	   5.1239356889325582e-01	   5.0650527304490843e-02	   4.7929835472876015e-01	  -4.5311255853218720e-02	   7.6448664924322574e-01	   1.1003367853015209e+00	   9.9465711431878878e-01	   1.1054464574695115e+00	   1.2687625682200907e+00	   8.7467353682443272e-01	   2.7254484196316858e-01	
   1.6584166157220801e+00	   0.0000000000000000e+00	   6.2447530002255969e-01	   9.0757009788624776e-01	   4.4285424168634113e-01	   5.0768332421214868e-01	   5.8831680784811380e-01	   8.4447859775009404e-01	   4.5783445600812578e-01	   3.1234539116851873e-01	   1.2408086045715172e+00	   1.1971575589151882e+00	   1.1947658215076105e+00	   1.2154400791942384e+00	   1.0742273046197539e+00	   1.0215473766969827e+00	   1.0048054115581377e+00	   9.7629857601359593e-01	   1.1947138724194621e+00	   1.2086066590538527e+00	   7.0355961482587848e-01	   5.5118832617791680e-01	   5.1652975300756121e-01	   4.9251009872589424e-01	   3.4890054144176774e-01	   5.9521585837098689e-01	   5.2516403425356684e-01	   5.1832515936139945e-01	   9.1728125367149627e-01	   8.6724686166377207e-01	   7.5432736497552499e-01	   7.2784353529482693e-01	   1.2304929334695933e+00	   1.2861623919374434e+00	   8.7311781939696265e-01	   8.2258326284678396e-01	   3.8149850550834563e-01	   8.6025867769389586e-01	   8.0678949326822669e-01	   1.1104145585625720e+00	   2.3834497883503930e-01	   7.4439736027217773e-01	   8.2029129006998736e-01	   6.5710290370649516e-01	   8.1145477266776356e-01	   8.7435685443488986e-01	   1.1076502764706160e+00	   1.0500284411307799e+00	   8.4718228497030335e-01	   9.0840402489364303e-01	   8.2203358535520787e-01	   7.9894260415692242e-01	   7.3464681169742185e-01	   7.1956944703951553e-01	   1.2793883411894411e+00	   1.3449881193478077e+00	   1.1641759468374318e+00	   1.2401401917502348e+00	   8.8188356609126450e-01	   9.3156997845977441e-01	   1.0084940242189810e+00	   7.8629226933953567e-01	   1.0632480850258714e+00	   1.0295463804593217e+00	   6.4707886369148626e-01	   6.1994573329531200e-01	   9.3701398404566527e-01	   9.5437675965281932e-01	   7.3199035901126031e-01	   7.0283603347645307e-01	   7.7924433789889047e-01	   5.9086290866415836e-01	   1.0282495803925880e+00	   1.0917773957362995e+00	   8.0296459888368343e-01	   8.1898081697487957e-01	   8.1983986037869472e-01	   6.7267708554600880e-01	   8.0453920880594232e-01	   7.4548532650099641e-01	   1.0886137128782578e+00	   9.9837960934805192e-01	   9.2025114721772894e-01	   1.1113956498388962e+00	   1.0137196999471256e+00	   9.9990086130166222e-01	   6.5085573009879860e-01	   7.5636356030001550e-01	   8.8104352659771556e-01	   8.5270949310440480e-01	   4.3738393283309485e-01	   5.0372758391725325e-01	   2.9617404488518106e-01	   4.6431806263609121e-01	   6.4960318882438761e-01	   5.0136333512414577e-01	   1.2397950307742369e+00	   1.0972932750453679e+00	   1.1323087195883696e+00	   9.6594763576557729e-01	   5.3855361902508792e-01	   6.0306647221379650e-01	   7.0236494843560382e-01	   6.8272989501828996e-01	   4.3522084145897555e-01	   3.9292214589117358e-01	  -4.6388012626465639e-03	   4.1487784530949751e-01	  -2.1582371419147782e-02	   6.7724719471599115e-01	   9.5392709772535356e-01	   8.2000062167618748e-01	   9.2723067611940502e-01	   9.6162132675532463e-01	   6.7390401591966553e-01	   1.7106404261397251e-01	
   6.7946774939046439e-01	   6.2447530002255969e-01	   0.0000000000000000e+00	   1.4442788233193111e+00	   7.8154251662922580e-01	   7.0092296949666999e-01	   1.4840596883271848e+00	   8.3968568808509858e-01	   1.8386392139097629e-01	   5.0572766829122195e-01	   5.1938644517711441e-01	   6.1245716529186534e-01	   5.6804828964298637e-01	   5.2429914312314407e-01	   4.6975805881538857e-01	   5.3061736217920874e-01	   3.7873671418084531e-01	   3.3349989605073732e-01	   6.4200572563962222e-01	   6.9657474833633271e-01	   4.5131424291584099e-01	   4.2706131992792179e-01	   1.3017333064840284e+00	   1.1896981139648382e+00	   1.0979176242961071e+00	   1.0416936163424892e+00	   4.4432053713687714e-01	   3.8034259770629053e-01	   3.6095848191709262e-01	   3.4069131364260052e-01	   9.5130893039668252e-01	   9.5278445769610554e-01	   7.3587956849281511e-01	   7.2273172741572522e-01	   7.7935370124702041e-01	   7.2105878085458153e-01	   1.9179412333040127e-01	   4.6645993487836640e-01	   6.9148273649298153e-01	   6.4947977044213145e-01	   2.8783797261354482e-01	   5.0720860344366359e-01	   2.3214183861836984e-01	   1.4214403517621027e-01	   2.7855506704623656e-01	   2.7624719769156192e-01	   4.4733796555689503e-01	   4.9832826795620017e-01	   3.3982803349112328e-01	   2.5944879824576672e-01	   5.0157685615797842e-01	   4.0776918769648468e-01	   5.0329306746330116e-01	   5.2149219858773921e-01	   7.2820290563703693e-01	   7.5427557193200945e-01	   7.0324075432143951e-01	   7.2952647505162416e-01	   5.9728758573591956e-01	   4.9376066311472244e-01	   6.4924606778581628e-01	   4.9220929400384344e-01	   5.8419154171559751e-01	   5.0535885373926848e-01	   8.5231625595771709e-01	   6.5484675490049016e-01	   8.9332592293203461e-01	   7.8129618696039549e-01	   5.2689281851777681e-01	   5.7465382338210069e-01	   4.6850303732454257e-01	   6.6520455081358021e-01	   4.2324958641153310e-01	   4.1791460576580886e-01	   6.0313319356962181e-01	   2.5021668332342673e-01	   6.1026118482089797e-01	   1.8375889376594950e-01	   3.3099388505982730e-01	   2.5023460213313470e-01	   3.9666368270282748e-01	   4.6966280999746152e-01	   7.6119571518270068e-01	   6.4992168286582830e-01	   6.1209037409758371e-01	   8.2448080309532168e-01	   6.9519322307039422e-01	   6.9578641290904220e-01	   6.9044426460145802e-01	   8.0116611570954643e-01	   4.1191322991515411e-01	   5.7220344764194941e-01	   4.1816172286507425e-01	   6.6673998074383467e-01	   5.2031551807646759e-01	   2.5321111136057345e-01	   7.3397385007624083e-01	   5.5082640751503864e-01	   6.2056958640751569e-01	   6.4611338227885062e-01	   3.6490156859502459e-01	   5.8781063467107930e-01	   4.7301416074416008e-01	   5.8819134819290253e-01	   3.6495879159644118e-01	   4.0227754791793302e-01	   1.3478612648406485e-01	   5.0916537745805934e-01	   5.4543374895335374e-02	   4.2529224363416657e-01	   5.7408517237608847e-01	   5.3175986654493856e-01	   5.0338626497660832e-01	   5.8032147853459504e-01	   5.3667282755676537e-01	   3.0739944190789192e-01	
   9.5824217887525631e-01	   9.0757009788624776e-01	   1.4442788233193111e+00	   0.0000000000000000e+00	   8.0250797676523078e-01	   7.3081196638424961e-01	   1.3899956876445403e+00	   1.3466508130238173e+00	   3.8420628105294913e-01	   5.5109289667503858e-01	   7.0647246730116675e-01	   7.7182997311055090e-01	   7.7285711733600237e-01	   7.8951538551858591e-01	   7.2369212135630623e-01	   8.5469904963086829e-01	   5.3665055877345946e-01	   4.9149115886841632e-01	   9.0031473811992946e-01	   9.8409055529327372e-01	   6.2824027863398690e-01	   6.1126487654275707e-01	   9.9944670475747110e-01	   1.0044266647224618e+00	   9.1248653066936991e-01	   1.0781975686076499e+00	   6.1028020249425641e-01	   5.9450224911398664e-01	   4.5703386304026106e-01	   4.5146571619210329e-01	   9.4144453785744475e-01	   9.6700827377897025e-01	   9.6233489468153277e-01	   1.0402268164680992e+00	   1.0636214388785479e+00	   9.6265253777545923e-01	   2.4021089301396314e-01	   7.0300723916370100e-01	   8.0782696485007688e-01	   9.0158530385910873e-01	   2.5903045556195953e-01	   5.7600479010221917e-01	   4.0601693844420789e-01	   2.9217043518089936e-01	   4.4869598421143325e-01	   4.6335968127635441e-01	   6.7850813813653121e-01	   6.8273011269020845e-01	   5.4110173641613990e-01	   5.1366243971470205e-01	   6.4955079708242836e-01	   6.3335418568609492e-01	   6.1969520090188557e-01	   6.3870186818978658e-01	   9.7413049865535506e-01	   1.0603082470411416e+00	   8.1503482757469736e-01	   8.4797787360056043e-01	   7.9032447275123918e-01	   6.9886335764696361e-01	   8.4020568269652873e-01	   7.3583380833939949e-01	   6.5778329974745620e-01	   6.0385273449282750e-01	   9.7957277129469134e-01	   1.0334928812961397e+00	   1.1818748664545053e+00	   1.1188617817801212e+00	   6.8373209826459558e-01	   7.5479296611407865e-01	   6.6933420265643262e-01	   6.6642848500146423e-01	   6.0933349721462338e-01	   6.2821940559415945e-01	   6.7925286079170555e-01	   4.4992660202172674e-01	   6.6921902962618030e-01	   3.6044006949380092e-01	   4.6403650662100238e-01	   3.6953795160040692e-01	   5.7159295971569679e-01	   5.9442961607175149e-01	   9.0742016898781941e-01	   8.2912023123232226e-01	   7.7966565247338659e-01	   1.0416106666508351e+00	   8.3902684090804236e-01	   8.3410758355968284e-01	   9.4651887870970686e-01	   1.0770223534799961e+00	   5.9690916311833986e-01	   7.0837585593543118e-01	   5.7049194876799669e-01	   7.5870859328791440e-01	   6.3193847588957752e-01	   3.6977347323498300e-01	   9.9538571007847054e-01	   7.4814114913328134e-01	   8.9129576696974688e-01	   8.6040463385923194e-01	   5.5287560125816859e-01	   7.3661100324886541e-01	   6.5320753978823476e-01	   7.0123819239988283e-01	   4.4908490956840924e-01	   4.4866499359669665e-01	   2.3763750453228677e-02	   4.9592569120464591e-01	  -1.9935656980077463e-02	   5.4631843758990528e-01	   8.2236252172162905e-01	   7.0128746069184156e-01	   6.9968377532504522e-01	   6.9839222296236769e-01	   6.1377362660310186e-01	   2.4800855103728520e-01	
   5.7645725276091253e-01	   4.4285424168634113e-01	   7.8154251662922580e-01	   8.0250797676523078e-01	   0.0000000000000000e+00	   1.3345644308821960e+00	   8.2251303953549693e-01	   7.4357257263562937e-01	   7.0443747478721241e-01	   9.0355596647923442e-01	   3.6026303451249420e-01	   3.4395054574932343e-01	   3.9584184865353417e-01	   3.8825562122226065e-01	   7.0993324908716826e-01	   7.0778737773727129e-01	   1.4202244178974041e-01	   5.0748959699423175e-02	   5.5186706587770962e-01	   5.5978252606431744e-01	   7.5056469437967765e-01	   8.3333567920523133e-01	   4.5393638725979396e-01	   4.2040702677247666e-01	   5.1715447338044351e-01	   5.5868381963806635e-01	   9.8095103391583893e-01	   9.8867635712284896e-01	   9.9168706209737528e-02	  -1.4540963879720880e-03	   3.2337421398598276e-01	   3.1941467184942973e-01	   4.3652479899062546e-01	   5.0571605238136641e-01	   7.8610008343547855e-01	   6.9939501970283480e-01	   2.0282671167861380e-01	   5.2675981632832902e-01	   5.7196958539090537e-01	   5.6854764879047592e-01	   2.3629402169798319e-01	   4.1655455499163829e-01	   2.2218891167931609e-01	   4.9645895386352550e-02	   1.1039743357748513e-01	   1.1457344952041955e-01	   3.5460762742366331e-01	   3.4512266726189716e-01	   3.3866923360328882e-01	   2.6995096165473320e-01	   5.3337711506707619e-01	   4.2983696048955522e-01	   6.7273817712124362e-01	   6.7767147581804932e-01	   6.4734994389789224e-01	   6.6029691688467673e-01	   4.5011937556406806e-01	   4.6639378437804102e-01	   6.7488544387517890e-01	   5.8416687668772871e-01	   4.8209989024297406e-01	   4.3021694401892552e-01	   1.6284664923517261e-01	   1.7111115948332142e-01	   7.0520957274681362e-01	   9.1463463761040287e-01	   7.9650818035482862e-01	   7.2753134453285606e-01	   5.9641938995702493e-01	   6.8989103983101774e-01	   3.6371230375571423e-01	   4.0168821741240390e-01	   1.6645053007472402e-01	   2.0624219004175864e-01	   2.0645898652649786e-01	   1.9367530483761242e-01	   3.8404622193271737e-01	   1.1223546312466080e-01	   2.0387041282245627e-01	   1.6258065391108936e-01	   2.8496093201200301e-01	   3.6129022015006079e-01	   6.1745934683489623e-01	   4.7230864781262405e-01	   5.4378623215806787e-01	   7.7194786431407081e-01	   6.4031663667153649e-01	   6.6887392555346159e-01	   8.7235768820515780e-01	   9.3186962045065269e-01	   8.0567011199184579e-01	   8.4702658614066362e-01	   9.1885407801280139e-01	   1.0109381015448000e+00	   3.6279809580277239e-01	   2.6738569649621452e-01	   4.9694683821410096e-01	   3.9553941755426525e-01	   5.5933846643190388e-01	   6.5991528527226895e-01	   5.1139484106755706e-01	   6.1099245364777566e-01	   5.4588211343319093e-01	   4.6287060609984260e-01	   3.1801874474214753e-01	   4.8372620733313954e-01	   8.0265727604310236e-02	   3.3400038042758495e-01	  -2.3657103569858381e-02	   3.7657239653375296e-01	   4.6050798745131732e-01	   4.8817283689112201e-01	   6.1341201130085521e-01	   5.1064739646447910e-01	   3.2875308060663028e-01	   1.1395786870424644e-01	
   5.8957081807097034e-01	   5.0768332421214868e-01	   7.0092296949666999e-01	   7.3081196638424961e-01	   1.3345644308821960e+00	   0.0000000000000000e+00	   6.4455332175098745e-01	   6.0421487349628211e-01	   7.1774702213311159e-01	   1.2164040148517872e+00	   4.1483926203028110e-01	   4.7760988697082896e-01	   4.4346024581990312e-01	   5.2177632689948550e-01	   7.8016205316740350e-01	   7.9311282269826067e-01	   2.1056557905384515e-01	   1.1586234499271608e-01	   4.9759005845255971e-01	   5.2958732018928301e-01	   7.6479277788704503e-01	   8.4120927192617279e-01	   3.7852212750153441e-01	   3.5930458557915301e-01	   4.5962162969987114e-01	   5.9995706472511179e-01	   9.7941994504136887e-01	   1.0193478552202773e+00	   1.4714722917823958e-01	   9.8315265205133867e-02	   2.8489392110511180e-01	   2.7243079298858552e-01	   3.7911136649597166e-01	   4.5186733494375431e-01	   7.1315327465786460e-01	   6.1275799697616140e-01	   3.6401887087905044e-01	   6.4898885682935958e-01	   6.2209023143551900e-01	   6.8412062051288491e-01	   3.1714988357476864e-01	   5.4929604661017728e-01	   3.8931272444416054e-01	   1.8420567034724666e-01	   1.8498759607218504e-01	   1.9621224558716233e-01	   4.8091042944437223e-01	   4.8630387243289441e-01	   3.4357150151449650e-01	   2.6094928234136505e-01	   5.3697235705181035e-01	   3.7896698537140877e-01	   6.2391783720415395e-01	   6.2063843298074228e-01	   7.2325007306690348e-01	   7.7707559519886082e-01	   4.9897459964773239e-01	   5.0128968668124996e-01	   5.7069801509386608e-01	   5.3905721387167560e-01	   4.9231813818839132e-01	   4.1613965401275221e-01	   2.5344674130539652e-01	   3.2371413045671787e-01	   6.1646744543129905e-01	   6.9788273109413435e-01	   6.6835104125695377e-01	   6.4934502387969917e-01	   4.8563593963921808e-01	   5.3359428227475048e-01	   4.6127926215904136e-01	   4.6363092263954231e-01	   2.4856410821847646e-01	   2.2254899889839946e-01	   2.8692956799455777e-01	   2.2669549136601191e-01	   4.1624824208432165e-01	   1.5948274182643557e-01	   2.6936412245200714e-01	   2.2229287981892365e-01	   3.8531219084299229e-01	   4.6407547804654270e-01	   6.3264404724378320e-01	   5.9111527253372809e-01	   6.4953847987962576e-01	   9.3543900512509592e-01	   5.6998207183890448e-01	   6.6736008083731801e-01	   9.0005993033429421e-01	   9.6154249274113335e-01	   6.2382877326538877e-01	   6.4055223757922253e-01	   7.4801848418374040e-01	   8.1990650762712058e-01	   4.5427304896991605e-01	   4.1998153625319634e-01	   5.9677106130048563e-01	   4.6956255439307631e-01	   6.1110415706137722e-01	   6.3208575532935363e-01	   4.9115502694020641e-01	   4.9703148013329357e-01	   4.7910326933584713e-01	   3.7344772738623766e-01	   3.8115061246938470e-01	   4.0670120409994548e-01	   5.3691894802238779e-02	   2.7858989252820465e-01	   1.0771605328902666e-01	   5.2942891004750425e-01	   4.4784634325939415e-01	   5.1138733966091177e-01	   6.7333434585769147e-01	   5.5526065498660504e-01	   4.4723711130081084e-01	   2.1739654744515249e-01	
   6.9623431796201218e-01	   5.8831680784811380e-01	   1.4840596883271848e+00	   1.3899956876445403e+00	   8.2251303953549693e-01	   6.4455332175098745e-01	   0.0000000000000000e+00	   1.2412360431001106e+00	   3.8678446356027302e-01	   6.1204893686658479e-01	   6.0419444007655954e-01	   6.1181160113106881e-01	   5.9961331049424227e-01	   5.3934715014568091e-01	   4.9822411834839575e-01	   5.0610807575106898e-01	   3.7871285021432566e-01	   3.5894101556314184e-01	   6.7575083867123542e-01	   7.8212429907443615e-01	   4.3739005745795911e-01	   4.2568962186655912e-01	   9.2861403790394581e-01	   8.5730407710950618e-01	   7.9913269985854907e-01	   8.4074537805022376e-01	   4.3008000664589829e-01	   4.0458487154220957e-01	   3.6898004656132938e-01	   3.5388671911856234e-01	   8.8124314151684835e-01	   8.5753775051076575e-01	   7.9827588362698687e-01	   8.2225825596259494e-01	   8.7047515727647129e-01	   8.2330224061704838e-01	   1.8846591379429248e-01	   5.4033964684233182e-01	   6.4237011667713928e-01	   6.7566840103990689e-01	   2.7100533130099125e-01	   4.8652671140510584e-01	   2.7829830703724023e-01	   1.7063484986523289e-01	   3.8301344058356340e-01	   3.6944411566669677e-01	   5.0440060450508906e-01	   5.5060576762276447e-01	   4.8395537758027374e-01	   4.1260485513876727e-01	   6.3947387337683503e-01	   6.3108915922449316e-01	   6.0569156644857736e-01	   7.2127046166013875e-01	   7.3840200018314694e-01	   7.9068718321511056e-01	   5.8040444591510376e-01	   6.4473202042817490e-01	   6.6230835109403929e-01	   5.2713915961108748e-01	   7.5685181741678809e-01	   6.2822668196633435e-01	   4.6936014500904077e-01	   4.6656548483061566e-01	   8.8569664991504093e-01	   8.1794285222784413e-01	   1.1159507415322434e+00	   1.0111848777631844e+00	   5.3853370144397661e-01	   6.8585271700496009e-01	   4.8677874030296364e-01	   6.3337640802819373e-01	   3.8552251064681653e-01	   3.9602689627368082e-01	   4.6298154330780517e-01	   2.9636635829185232e-01	   5.7908828367511844e-01	   2.4959707641931944e-01	   3.9238552345413441e-01	   3.1400388523090900e-01	   4.1626892153380746e-01	   5.2095966497655088e-01	   7.9695170673248661e-01	   6.4490730856443235e-01	   5.8145263554716897e-01	   8.1453531249323952e-01	   6.3667853458690282e-01	   6.3312825966716668e-01	   6.8896248573107932e-01	   8.0627622367871377e-01	   6.5810769293742599e-01	   8.0370906707240453e-01	   5.7522349155207908e-01	   7.7483836526836702e-01	   4.4960813560122137e-01	   1.9599278161914799e-01	   7.0523316211330389e-01	   5.3185336491668855e-01	   7.5942221234283247e-01	   8.0963784608796741e-01	   5.4086499258192311e-01	   7.8592992015238439e-01	   6.5564302205600877e-01	   7.0051447634053077e-01	   4.4804993538896726e-01	   4.1408369872169459e-01	   1.8748749129404058e-01	   5.6973794271148326e-01	   6.4028687065004961e-02	   4.2053036502326152e-01	   6.8241815209611634e-01	   7.0102802113245355e-01	   6.0761360617891125e-01	   5.8734845088188892e-01	   5.4397971448481164e-01	   2.8481549321491961e-01	
   9.0813136564280406e-01	   8.4447859775009404e-01	   8.3968568808509858e-01	   1.3466508130238173e+00	   7.4357257263562937e-01	   6.0421487349628211e-01	   1.2412360431001106e+00	   0.0000000000000000e+00	   5.7036275195179953e-01	   6.2321861071443785e-01	   8.1205944474042946e-01	   8.0919505320269514e-01	   8.0249121229254872e-01	   8.1759626866668234e-01	   7.8964744320987512e-01	   8.5287293648407969e-01	   4.8846902155669591e-01	   4.9398766274027106e-01	   8.7306087776324315e-01	   9.7040708922336039e-01	   5.6914275453820307e-01	   5.5408801489667947e-01	   6.2803527150894922e-01	   6.3730912848553589e-01	   4.8462119202562703e-01	   6.2830669525357097e-01	   5.6500266830008172e-01	   6.0346618295401100e-01	   4.9357679949027777e-01	   4.9412605465844195e-01	   7.6369943055851441e-01	   7.7741056994014213e-01	   8.5449635114055289e-01	   9.9564516740406550e-01	   9.0450669159031249e-01	   8.4658479905161554e-01	   1.6037059180999613e-01	   6.6049579485497700e-01	   6.2968952007096402e-01	   7.8523650510366116e-01	   1.2913872341948929e-01	   4.7213794591247921e-01	   4.3231165704678587e-01	   3.1503717229053280e-01	   5.2124506250913782e-01	   5.3884912185585909e-01	   6.7394542476671260e-01	   6.5347384028969691e-01	   7.2437757931875424e-01	   7.2442391453129229e-01	   7.6725560073344568e-01	   8.5784800677824546e-01	   7.0702182912916445e-01	   7.9546047579197277e-01	   9.1305111730130273e-01	   9.7166808530193360e-01	   6.1709955719619192e-01	   6.4198393213527405e-01	   8.6532377415434103e-01	   7.4353832865399350e-01	   9.0725076837087837e-01	   8.9267075032353305e-01	   5.0763176430094981e-01	   4.9160253577094876e-01	   8.7833098585479763e-01	   1.1841416428215727e+00	   1.1298039178930481e+00	   1.1022191329953532e+00	   5.4947124792340518e-01	   6.8939467590103787e-01	   5.6638638000393893e-01	   4.9792260461102766e-01	   4.8987818075911471e-01	   5.6527398690178121e-01	   4.2837158182817264e-01	   4.4883641597006285e-01	   6.1354589222925016e-01	   4.1648780142383068e-01	   4.6994462953373528e-01	   4.3720227065135381e-01	   5.6484120916079172e-01	   6.3964604676337977e-01	   8.3696459175929505e-01	   7.7452280621166159e-01	   7.0353458542132286e-01	   9.3030333451146485e-01	   7.2457239836165899e-01	   7.6573115800095737e-01	   8.8977214200980415e-01	   9.6160174711227886e-01	   7.8322978721221581e-01	   7.5975861964857438e-01	   7.5200812629341318e-01	   7.7095598069382310e-01	   5.5522446231936917e-01	   3.3163755085610958e-01	   8.3446403172480621e-01	   6.5891128481407957e-01	   9.1101810745629286e-01	   8.9991122405018698e-01	   8.1792351372135996e-01	   9.1672391732173863e-01	   8.2907698133743823e-01	   7.4162611400935374e-01	   4.3989118989810105e-01	   3.5275431391480172e-01	   2.1588491893379455e-02	   4.6067068964831548e-01	   5.7053855571954873e-02	   5.6222784040539009e-01	   7.8419708721509851e-01	   7.3596235408783073e-01	   7.6467411632811122e-01	   6.6583987620482699e-01	   5.5343057319852906e-01	   1.9749730603963142e-01	
   5.7874967327173044e-01	   4.5783445600812578e-01	   1.8386392139097629e-01	   3.8420628105294913e-01	   7.0443747478721241e-01	   7.1774702213311159e-01	   3.8678446356027302e-01	   5.7036275195179953e-01	   0.0000000000000000e+00	   7.4663202832810227e-01	   5.3725857915218489e-01	   3.1831994779838363e-01	   4.2909591408173126e-01	   4.5413786744603690e-01	   8.3878311008669681e-01	   7.0198524486063818e-01	   3.5061144113633746e-01	   2.3354954614712953e-01	   4.8764886146317399e-01	   4.6905272630252659e-01	   6.7876759466378411e-01	   7.0230259829809016e-01	  -8.3960143435119039e-02	  -1.0083533864338309e-01	  -8.7869034861464926e-02	   1.4544803639548273e-01	   6.6481951667575900e-01	   7.9714271377701529e-01	   3.0283018972856696e-01	   1.7776494782925750e-01	   2.0851963901996415e-01	   1.6644981588112398e-01	   4.5551311560936975e-01	   5.6897371503773297e-01	   5.5855618736043233e-01	   5.1850401376202115e-01	   1.7077977224450300e-01	   5.9443669896110773e-01	   4.2721849562719577e-01	   5.9754958663502866e-01	   1.7062214734415182e-01	   3.8183552801259335e-01	   5.0997196146970669e-01	   3.1282491791030659e-01	   3.9643637039208812e-01	   3.9949706955237618e-01	   5.1833391065509882e-01	   5.0053912717803928e-01	   5.7438620213898628e-01	   6.2342522328463212e-01	   6.6932728615801229e-01	   6.2133408487723774e-01	   7.0977282405844844e-01	   6.7898165120931275e-01	   5.3661567104840413e-01	   6.0960717643825091e-01	   3.5263131221307614e-01	   3.6625255731328082e-01	   6.7582491667649425e-01	   6.1646084397038892e-01	   6.3706443414101888e-01	   5.4300580763254103e-01	   1.9248592224406269e-01	   2.7114022066624227e-01	   4.2067934636704551e-01	   6.4983993145875918e-01	   6.3414003224371895e-01	   6.4706254882432390e-01	   5.1847751974926792e-01	   5.5155579228832052e-01	   4.7474600003279244e-01	   3.4687815391809168e-01	   3.8594668553118722e-01	   3.4138105898376808e-01	   1.6166731005890783e-01	   3.8557312525469656e-01	   3.5540662410431123e-01	   3.7726951168685885e-01	   4.9555332436317967e-01	   3.6837698109822098e-01	   4.9661403239577018e-01	   4.7147838142366977e-01	   4.6865808318312685e-01	   4.3326407399979255e-01	   4.5629439845730335e-01	   5.3360928759039705e-01	   2.9438305099731521e-01	   3.3197664756957179e-01	   6.4464255360755551e-01	   6.2307683628528809e-01	   6.0255769439879026e-01	   5.6138116604894328e-01	   6.4288245962328328e-01	   5.5435907561297904e-01	   3.8833340995488408e-01	   3.4655302854544739e-01	   4.7782293000978937e-01	   4.5624277847178590e-01	   5.4961084378804914e-01	   5.6080199091724192e-01	   4.2274892330817304e-01	   4.1933112911864578e-01	   4.2028233368474593e-01	   2.6697063045898239e-01	   2.0711966155007278e-01	   1.4730517457088069e-01	  -1.3443136566540628e-01	   6.8896995798665775e-02	  -5.8168930262817824e-03	   4.7928581643581414e-01	   5.7053219751544670e-01	   4.7342379830270614e-01	   6.0920880498703400e-01	   5.2617818211406675e-01	   3.5188355431738061e-01	   8.6933909560755994e-03	
   3.5036639846071244e-01	   3.1234539116851873e-01	   5.0572766829122195e-01	   5.5109289667503858e-01	   9.0355596647923442e-01	   1.2164040148517872e+00	   6.1204893686658479e-01	   6.2321861071443785e-01	   7.4663202832810227e-01	   0.0000000000000000e+00	   3.4028834890053633e-01	   3.8182820761179243e-01	   3.7809140553419845e-01	   4.4529693447520724e-01	   4.8842678051945132e-01	   5.6054696367842316e-01	   6.0848677276645717e-02	   1.3491647325160285e-02	   2.9900891622340037e-01	   3.8988367697911858e-01	   4.0487997418970195e-01	   5.0275429533460181e-01	   1.8429745592829680e-01	   1.6869183054362705e-01	   2.5709144845426318e-01	   3.7887900174601413e-01	   4.8464260108942686e-01	   5.5893972017125848e-01	   9.4831862439457418e-02	   7.2030401819944009e-02	   1.7992955694008719e-01	   1.5317766725853138e-01	   2.5746142437473479e-01	   3.4610079594713555e-01	   4.3541688857143918e-01	   3.9954490505120371e-01	   2.4333844044096498e-01	   4.2282155656677206e-01	   3.1399932879382181e-01	   4.3954598848368676e-01	   1.2366759428811297e-01	   3.3655452568369176e-01	   3.4595026677312479e-01	   1.4625147536326991e-01	   1.7979164560103694e-01	   1.8756662549476907e-01	   3.5003998582447304e-01	   3.6956949280495727e-01	   3.1919571136745634e-01	   2.4087767683776581e-01	   5.0518925811247950e-01	   3.8094620663108669e-01	   4.7645927048080539e-01	   4.9805374744917597e-01	   4.3406969331861889e-01	   4.8602290395319653e-01	   2.2039582187362344e-01	   2.4018399615049107e-01	   3.9800381809227842e-01	   3.7162004865204107e-01	   4.2351772041606595e-01	   4.2611957571891002e-01	   5.0215722940709202e-02	   2.0693012968331709e-01	   3.9765505953852920e-01	   5.3395766758174279e-01	   5.5124281818806997e-01	   5.9375555852100048e-01	   2.7784124674978594e-01	   4.0393935694445454e-01	   3.4869587537432478e-01	   3.6993928252379427e-01	   1.1673321195730445e-01	   1.1817334626157865e-01	   7.8284848531991275e-02	   1.1078619137704027e-01	   3.2351733998347387e-01	   1.2230724726720088e-01	   1.6743887686028427e-01	   1.5108831724640914e-01	   2.5182539943289617e-01	   3.2921292897510479e-01	   3.6872035711266182e-01	   3.6082112629582458e-01	   3.9756488320580047e-01	   6.1753110186277493e-01	   2.6049031729930699e-01	   3.2792606268167657e-01	   5.2701838415462710e-01	   5.6304849977453852e-01	   5.4927557498428836e-01	   5.2784116610405718e-01	   6.3157405560044821e-01	   5.6430407445677333e-01	   3.9896497443877826e-01	   3.8796915535788612e-01	   3.9530143088904696e-01	   3.8285486771017424e-01	   4.2854230289491335e-01	   4.4682246532470199e-01	   4.1039577677534289e-01	   3.8584130860136151e-01	   3.6922141575543177e-01	   1.8449418755890884e-01	   1.7331109842274017e-01	   1.5441651913881360e-01	  -1.2465232979711303e-01	   7.7161592772203164e-02	   1.3201879801176392e-01	   5.0087794110286032e-01	   3.6945119493162337e-01	   4.1611546171650676e-01	   5.1101239226340134e-01	   3.2838603547519979e-01	   2.4429806502360663e-01	   8.9956947539855350e-02	
   1.2684099465680974e+00	   1.2408086045715172e+00	   5.1938644517711441e-01	   7.0647246730116675e-01	   3.6026303451249420e-01	   4.1483926203028110e-01	   6.0419444007655954e-01	   8.1205944474042946e-01	   5.3725857915218489e-01	   3.4028834890053633e-01	   0.0000000000000000e+00	   1.2219046446963295e+00	   1.4445182461624555e+00	   1.0110955466933262e+00	   9.1602597655391016e-01	   7.8860519478560043e-01	   1.1651598946504893e+00	   1.1554951148227186e+00	   1.0719841424543397e+00	   1.0525101361243274e+00	   4.9457869172361468e-01	   3.3663915670012939e-01	   5.0361114339728008e-01	   4.6209465534823285e-01	   3.0482199022519080e-01	   5.5894285073643468e-01	   3.0984761827270535e-01	   3.0397543892711859e-01	   1.2116871532629860e+00	   1.1486127812986635e+00	   8.6517062555388613e-01	   8.4056057236012094e-01	   1.1287755503909236e+00	   1.1661168337088512e+00	   6.8757850756191830e-01	   6.6741042047547072e-01	   4.4749014879740556e-01	   7.0013775920042631e-01	   6.2102122365934020e-01	   8.6212666985711839e-01	   2.6659266907063117e-01	   7.4193741005414660e-01	   9.3802445688670477e-01	   8.4661620141067462e-01	   9.2050137066538407e-01	   1.0434332024418467e+00	   1.1395171304060379e+00	   1.1967259560429235e+00	   9.8133601073880161e-01	   9.6895961977896672e-01	   9.8104612566267246e-01	   8.7947350061338680e-01	   7.9008854426965425e-01	   8.4573549797870207e-01	   9.9773294977213078e-01	   9.8508704116800316e-01	   8.3538307656198407e-01	   8.5068371016166211e-01	   8.6428080118888062e-01	   7.0195476843105187e-01	   9.4187613572703388e-01	   5.7695343934925025e-01	   9.2130890493929363e-01	   8.4860541725956118e-01	   5.5910089444884437e-01	   4.2376274386959489e-01	   8.4693364376028346e-01	   8.1740212730491579e-01	   5.8489304014349019e-01	   6.1722737988637555e-01	   1.0084341056049460e+00	   8.0716098257690028e-01	   1.1493450351422867e+00	   1.1848581870625288e+00	   8.4692936285040488e-01	   9.4017814780893272e-01	   1.0120034474003694e+00	   8.6387733789271481e-01	   1.0109422085393343e+00	   1.1297981147461360e+00	   1.2563133443665842e+00	   1.2581057485532410e+00	   9.3476226221444148e-01	   1.1544929697760054e+00	   9.3788612079192202e-01	   8.9684776499012442e-01	   4.6517086977814531e-01	   5.4423148670023047e-01	   5.8345567810357324e-01	   5.3658218514417888e-01	   4.3426672748689882e-01	   5.0658796165420850e-01	   2.7444821191841229e-01	   3.3282456527508286e-01	   5.7427188873414226e-01	   3.7194420746775542e-01	   9.4705807791259122e-01	   8.4190171388301260e-01	   1.0187439430509722e+00	   9.0403193670225901e-01	   4.1281495161024107e-01	   4.5482246630259654e-01	   5.7062359742949487e-01	   5.3058483971536785e-01	   4.0987803756880364e-01	   3.2121624859769743e-01	   5.0218327226255473e-02	   2.4887510454195033e-01	   2.6371143019083432e-02	   7.6912926583571428e-01	   9.3206456239005842e-01	   9.1658218641481481e-01	   9.2599965969691989e-01	   9.8727248388829980e-01	   8.5224240036859134e-01	   1.9729262066045877e-01	
   8.9860178301199112e-01	   1.1971575589151882e+00	   6.1245716529186534e-01	   7.7182997311055090e-01	   3.4395054574932343e-01	   4.7760988697082896e-01	   6.1181160113106881e-01	   8.0919505320269514e-01	   3.1831994779838363e-01	   3.8182820761179243e-01	   1.2219046446963295e+00	   0.0000000000000000e+00	   1.3537126584326105e+00	   1.5402848887661293e+00	   7.3762817283514004e-01	   8.3025630480488410e-01	   7.7728432607091147e-01	   8.6089327798340154e-01	   7.0919053828085665e-01	   7.9883977347294188e-01	   4.0631455723509080e-01	   2.8195552847426641e-01	   6.1677613831069589e-01	   6.2780986629285007e-01	   4.5357982692879145e-01	   6.3168703024819228e-01	   3.0243403447481787e-01	   2.7033173293489088e-01	   9.0813172084778515e-01	   1.1397493799453757e+00	   8.2836675681239336e-01	   7.9850820008590706e-01	   9.0477599371063999e-01	   9.0661926263758308e-01	   5.5872132733434077e-01	   5.3546482241741256e-01	   4.1259515751089249e-01	   6.4627664237901039e-01	   5.9171387758017691e-01	   8.1859434574605383e-01	   2.7445912536422545e-01	   7.8553015887111155e-01	   6.4155810879506714e-01	   5.4723343128102875e-01	   6.8027876410453048e-01	   7.4284200546016577e-01	   7.9607081510465549e-01	   8.1643229649863913e-01	   6.1742643613502057e-01	   6.2598757851979392e-01	   6.3601485528970203e-01	   5.3048310428265277e-01	   4.9520211481319848e-01	   4.9856307783508497e-01	   8.7499421112283760e-01	   8.9242842934745836e-01	   7.3271699083861308e-01	   7.6821934123213997e-01	   5.8555259706117180e-01	   5.4115193813532314e-01	   9.2890536931378798e-01	   7.9402566803389329e-01	   9.7960017767820728e-01	   1.1426777377835489e+00	   5.7152088772958831e-01	   4.3364189244418710e-01	   6.8789721568674456e-01	   6.9228659436811180e-01	   3.1782029285498059e-01	   3.4636330851792296e-01	   7.4733068404240377e-01	   5.1426849766463867e-01	   8.0249446303137539e-01	   8.4937883380521950e-01	   7.2000752448868843e-01	   6.5512246484159298e-01	   7.3744925527768046e-01	   5.7564451560536778e-01	   7.2684933512237038e-01	   7.6017468864363413e-01	   8.3879443024621148e-01	   9.1467649472283608e-01	   6.9414162025477255e-01	   1.0914205543151474e+00	   7.7725573184360974e-01	   9.7887959905186916e-01	   4.0163221773735125e-01	   5.2057304578771590e-01	   5.8927627867243126e-01	   6.0288042498350070e-01	   2.2191571725921513e-01	   2.7122149932036410e-01	   1.5452293922067079e-01	   2.3223752679160281e-01	   6.3580175493736457e-01	   4.2532135276668265e-01	   8.6136936182737323e-01	   7.3324741960060602e-01	   7.7432461870225522e-01	   6.2792935884022272e-01	   4.4053211471042442e-01	   4.0420411970936376e-01	   4.8267673142383416e-01	   4.4297949626447414e-01	   3.7356746747950614e-01	   2.8554596483707806e-01	   1.2864288194357520e-01	   2.5769256089966430e-01	   1.8219807850797509e-01	   6.1196119762316092e-01	   6.1717935324753959e-01	   6.6057044379621455e-01	   6.3756912932857990e-01	   6.2534300312649460e-01	   6.3086350558126492e-01	   1.9569805487574951e-01	
   1.1105194072892952e+00	   1.1947658215076105e+00	   5.6804828964298637e-01	   7.7285711733600237e-01	   3.9584184865353417e-01	   4.4346024581990312e-01	   5.9961331049424227e-01	   8.0249121229254872e-01	   4.2909591408173126e-01	   3.7809140553419845e-01	   1.4445182461624555e+00	   1.3537126584326105e+00	   0.0000000000000000e+00	   1.4001194501279253e+00	   7.6630184427367887e-01	   8.1329163273261518e-01	   9.6889297703104860e-01	   9.2030930881815110e-01	   8.0453765228720453e-01	   8.4738979616164678e-01	   4.3899225465174913e-01	   3.4311157948040266e-01	   4.6769271611696650e-01	   4.5918258926979028e-01	   4.0008167787378290e-01	   5.9143418825507932e-01	   3.2053476056988522e-01	   3.0284014755853744e-01	   1.0018301102463456e+00	   1.0121636143675816e+00	   7.6708124861480509e-01	   7.1562362692829884e-01	   1.0379818784974708e+00	   1.0379459473589703e+00	   6.1111440840254960e-01	   6.4734974882035856e-01	   4.2404235360119474e-01	   6.9993958346084895e-01	   5.9819776443622885e-01	   8.2145714887691301e-01	   2.2005105740874453e-01	   7.1023355884429462e-01	   8.2466144851161560e-01	   7.6710448488536920e-01	   8.2528620819807119e-01	   9.1228868497724536e-01	   9.3786766551583822e-01	   9.8092196928802600e-01	   7.6791148417342281e-01	   7.9737974430823388e-01	   7.3441025508457003e-01	   6.8868324640851764e-01	   6.1233488618866183e-01	   6.2658071587920194e-01	   9.5331721228715538e-01	   9.5843215774523505e-01	   7.3918060191451518e-01	   7.5475342280293500e-01	   7.9645761315123209e-01	   6.3058461497199225e-01	   9.5513190991507546e-01	   7.3066349608546655e-01	   8.3002565282862650e-01	   8.9299097103627523e-01	   3.9075441687321866e-01	   4.0031854803126904e-01	   7.6534076390678374e-01	   8.0205042972565244e-01	   4.6464484604860334e-01	   5.4768399834304338e-01	   8.4276492068635644e-01	   6.2417357012260322e-01	   9.1362078299438299e-01	   1.0458324928993232e+00	   7.4308780718362710e-01	   7.5740576120032577e-01	   8.2581703031161080e-01	   6.8880206967078128e-01	   8.0943190140958210e-01	   8.4089575377020664e-01	   9.3854098141156506e-01	   8.4836067743506072e-01	   6.6030203907977492e-01	   8.9432409243689182e-01	   6.8123442873108342e-01	   7.8800402318505502e-01	   3.3538972088869706e-01	   4.1448699988247395e-01	   5.9571249537216331e-01	   5.7129315887737619e-01	   3.3755349383052352e-01	   3.8826552780904749e-01	   1.8086429733647200e-01	   2.5036455453568351e-01	   5.3801342646941963e-01	   3.2760920096014706e-01	   9.3503270954069317e-01	   8.0229973926568277e-01	   8.8064950268359576e-01	   7.5471787448208738e-01	   3.4643537443593525e-01	   3.9039597523528347e-01	   4.7131441269329344e-01	   4.5145259774994462e-01	   3.3138869701634949e-01	   2.8862333123969142e-01	   5.4601718713646961e-02	   2.4253953236862258e-01	   7.6654429543263625e-02	   6.9003263500725376e-01	   8.1873780696776843e-01	   7.9914986432374158e-01	   7.8463829857666245e-01	   7.4935492557745675e-01	   7.1626551238872149e-01	   1.8330248097480001e-01	
