   0.0000000000000000e+00	   1.1384798287955424e+00	   1.0543316238799363e+00	   1.0408573583505394e+00	   6.4140659829651969e-01	   5.9407125943189898e-01	   1.1632868995040178e+00	   7.9693581477403008e-01	   8.1166649018284054e-01	   5.7075034800818503e-01	   1.1662911053868505e+00	   8.7438505304412961e-01	   1.0226830478408933e+00	   1.0350834268348736e+00	   1.1263978317373462e+00	   9.5777739928972938e-01	   6.7829463707232651e-01	   5.9588447991952531e-01	   1.3974660780756134e+00	   1.1102554833827252e+00	   5.4634383858998259e-01	   4.2453196160904128e-01	   9.7195245535420238e-01	   1.0258089550624545e+00	   9.5264023773418838e-01	   8.4399049620809719e-01	   5.0751067109257175e-01	   4.9132832191046177e-01	   5.8393002553824203e-01	   5.2597169197016247e-01	   8.6753435504469445e-01	   7.4284578508449495e-01	   1.1074278140341727e+00	   1.0539901448722424e+00	   7.3022058753025054e-01	   8.0105928948520899e-01	   5.4067155446737891e-01	   7.7851321722176892e-01	   8.3811681684211203e-01	   9.9027044559525224e-01	   7.9776567029797407e-01	   9.7281602080622898e-01	   7.1260415548523826e-01	   7.4688653292239171e-01	   4.4620535757689495e-01	   6.5462926938940058e-01	   9.9015520036713445e-01	   1.0264678687970743e+00	   6.8436629305875929e-01	   7.7566980237909611e-01	   1.0034475506974587e+00	   7.7194382887347368e-01	   1.0726457463150878e+00	   1.1191017150184681e+00	   1.1233913531966608e+00	   1.1130273544036078e+00	   8.7167261309700927e-01	   8.8427701990404828e-01	   1.0612846853015117e+00	   9.4113756967145612e-01	   1.1424912485825773e+00	   6.8168572177245212e-01	   7.6001408732010334e-01	   7.0784322809490019e-01	   6.8102480004239208e-01	   9.7256006241647974e-01	   8.0943605281572295e-01	   7.5107984612758305e-01	   1.1631832201235663e+00	   1.0510017577629303e+00	   9.2497605649767700e-01	   2.2237548241911864e-01	   6.6340625598940162e-01	   3.8472047024831202e-01	   5.4524432711455528e-01	   6.1929072107183503e-01	   9.7124294753178742e-01	   9.7450844169358652e-01	   6.7794110441118816e-01	   7.5195212681032852e-01	   1.0786815219341928e+00	   1.0115564603643243e+00	   1.1806661539586616e+00	   9.7711633454908586e-01	   1.0010566460527706e+00	   1.0034586308447886e+00	   3.8920466206829563e-01	   5.1918851529109300e-01	   1.0108513473985608e+00	   9.9417131405379200e-01	   1.1843193471324884e+00	   7.3853899224209019e-01	   8.4852217314746281e-01	   7.6329567809151244e-01	   5.5270408273066385e-01	   5.5600422629514323e-01	   1.1391532375569791e+00	   1.1924540945842288e+00	   1.3122636803721792e+00	   1.1032816569581414e+00	   8.0402308163236580e-01	   9.0329245995151575e-01	   9.1464585948559551e-01	   9.6332715399513669e-01	   9.4177468962860755e-01	   7.6523244635827437e-01	   3.5069187254357342e-01	   6.9072616379423302e-01	   8.1713176340649299e-02	   7.1162645951585346e-01	   1.0862202587035712e+00	   1.0985540874368152e+00	   1.0449053417697773e+00	   1.0057294986511747e+00	   7.1308660272332280e-01	   2.2580956945572145e-01	
   1.1384798287955424e+00	   0.0000000000000000e+00	   5.9640954322015682e-01	   7.9638014862393713e-01	   4.9260705020905726e-01	   5.7819005027479975e-01	   8.1526126479540451e-01	   8.4762591719688340e-01	   5.6433817887585380e-01	   4.5950742815930257e-01	   8.6612691266694442e-01	   9.7662009750131529e-01	   6.8804907175298635e-01	   8.7614147362015038e-01	   7.0774134529308008e-01	   6.8244390190083903e-01	   8.2994042866366347e-01	   1.0396133648845831e+00	   1.2513796234484882e+00	   1.3480268204990107e+00	   4.1122745410212930e-01	   4.5116819627783561e-01	   6.8018783541112171e-01	   6.7953363991598692e-01	   5.9838902307692332e-01	   6.4627282581732970e-01	   3.5654880291775592e-01	   3.4496879060032437e-01	   8.0009406610347311e-01	   7.9083529744022774e-01	   8.4640294359067458e-01	   7.7339759303360245e-01	   1.0470871277638394e+00	   1.1679853967795444e+00	   5.2210377463514801e-01	   5.8753544492919452e-01	   3.3023311240431052e-01	   5.4138072857093811e-01	   5.9057299586753076e-01	   7.3653953748801759e-01	   9.4879925798256359e-01	   1.0763079722152917e+00	   6.1384315076017693e-01	   6.2627096489473222e-01	   4.5598117320602138e-01	   6.7227489415755404e-01	   7.8948822525577000e-01	   8.1267919917414755e-01	   4.5425137166109925e-01	   6.5917151185803546e-01	   7.4160283511855341e-01	   5.5205656985413154e-01	   8.1682766258636219e-01	   8.6016427442176946e-01	   6.5239863295673040e-01	   7.7961050381391794e-01	   1.0899446787147025e+00	   1.1894457723568963e+00	   5.6727889954999200e-01	   6.0836799210870918e-01	   7.2738396912846837e-01	   7.4230692923231212e-01	   8.9323082590362701e-01	   1.0976423877836226e+00	   3.9397540338107340e-01	   6.7095370125629372e-01	   4.6852558106016301e-01	   5.3740252489230866e-01	   8.4313444548951177e-01	   7.4220448046537935e-01	   8.4699826581067383e-01	   3.3222686396554901e-01	   9.7092911071618926e-01	   7.1612753801902629e-01	   8.2346001696802296e-01	   9.4477853388538402e-01	   9.0628775618746593e-01	   1.1074908685119473e+00	   7.8716299096459408e-01	   9.4040473702333172e-01	   1.1801893199769384e+00	   1.0168964295410805e+00	   9.8461330385663604e-01	   9.0375171616514371e-01	   6.3061954390057440e-01	   7.0253863515507708e-01	   3.6891214997643151e-01	   2.9666864835650703e-01	   6.0815691021509499e-01	   5.5954972174635842e-01	   7.4054885432366779e-01	   3.7571056061920494e-01	   4.9660799883381795e-01	   3.3902724316110683e-01	   3.9355585548337091e-01	   4.6572544375596781e-01	   7.8039775542821066e-01	   8.3479743033505016e-01	   9.4917747269420216e-01	   8.7838314741884682e-01	   7.3204918144147579e-01	   4.7530106853008203e-01	   9.5566118133334821e-01	   6.5952197113118327e-01	   6.4928254628349102e-01	   4.7755497642172351e-01	   2.1212357015070282e-01	   3.6747676278795627e-01	   5.1951477021962471e-03	   5.1201120599645167e-01	   8.2587809015522240e-01	   8.6966112749375768e-01	   7.8336600435249637e-01	   1.1164223122461034e+00	   6.9860541025012224e-01	   2.5485780231507005e-01	
   1.0543316238799363e+00	   5.9640954322015682e-01	   0.0000000000000000e+00	   1.1990901103940257e+00	   1.0544377526578195e+00	   5.7007933722535464e-01	   1.3824780502105050e+00	   7.2746502365934429e-01	   1.0342950290496953e+00	   5.8390216638651238e-01	   7.6473011103297484e-01	   4.2426806690456631e-01	   8.9742470488067738e-01	   6.7208066527903765e-01	   1.4531847537700648e+00	   1.0063442738774713e+00	   3.3910502551451177e-01	   2.8074385478429992e-01	   9.7943668137447171e-01	   7.2225452343518848e-01	   6.2981495968061141e-01	   4.7080210072972206e-01	   1.6744604620541064e+00	   1.7390224465545141e+00	   1.6162987356930738e+00	   1.0753603517855845e+00	   7.7280355870110118e-01	   6.5349600387688433e-01	   3.7204103160113311e-01	   2.8787519545826007e-01	   8.2473838108737341e-01	   6.9015217899883441e-01	   7.6944612837351600e-01	   6.8455494817258944e-01	   1.1480771414608715e+00	   8.8016353931001479e-01	   5.2012349127971791e-01	   6.6935959471612805e-01	   8.6471674309091784e-01	   8.4083968694692590e-01	   4.5761428412451638e-01	   5.8160050436421618e-01	   5.9152516858360704e-01	   5.8189147850014611e-01	   4.2320251556066629e-01	   4.4116489302051409e-01	   6.7580660770884815e-01	   8.1306121112661878e-01	   5.2622698908309684e-01	   5.4098865942130248e-01	   7.8634817462303652e-01	   6.2032650469860151e-01	   7.4956207646768969e-01	   9.3871033528039804e-01	   9.0009909276389521e-01	   8.7040780534676798e-01	   4.6003680884761405e-01	   4.7121898426156827e-01	   8.5426243613365704e-01	   6.4588095100828546e-01	   9.8002587762535343e-01	   4.3436793367478294e-01	   4.4034087934052735e-01	   3.3709782294766411e-01	   1.2605230037537951e+00	   1.0616995648771774e+00	   9.7456938471436072e-01	   7.1502853559192248e-01	   9.9614366798854292e-01	   8.8390199859486762e-01	   8.1388522757563408e-01	   3.1674042565594235e-01	   3.9698130661474906e-01	   2.1629457980057532e-01	   3.6466020423869716e-01	   4.0149627248656183e-01	   6.1034879207325421e-01	   5.9235834010960320e-01	   3.3150950827801623e-01	   4.6865886406145735e-01	   6.0512966040531047e-01	   7.3116098642133120e-01	   9.8836073577233885e-01	   8.4185874705030672e-01	   1.1144675920742066e+00	   9.5590777310472030e-01	   3.9985575367623505e-01	   5.8638000521577582e-01	   1.0574767249998585e+00	   9.5998034299199242e-01	   1.0314577225858315e+00	   9.9166861371013304e-01	   1.0027274007748519e+00	   1.1679340997008372e+00	   3.4587046215789546e-01	   3.9004209531798067e-01	   8.9584445784040434e-01	   9.4392716037798652e-01	   8.7839997885236887e-01	   8.4646881140989327e-01	   5.7513819043591352e-01	   6.7874931302495156e-01	   5.9607149767029377e-01	   6.7503867185165356e-01	   7.2495883629142843e-01	   6.6457946062006101e-01	   4.1518970796279298e-01	   6.9900810887260811e-01	  -1.1410627800356607e-01	   5.1986628397808721e-01	   9.6725526011387020e-01	   8.9469869505513266e-01	   7.9229807886000714e-01	   6.7696949560604580e-01	   5.7303501392186329e-01	   3.0418727962906739e-01	
   1.0408573583505394e+00	   7.9638014862393713e-01	   1.1990901103940257e+00	   0.0000000000000000e+00	   1.0967509500620602e+00	   8.1070607298923014e-01	   1.3665793831827606e+00	   1.3735528023819925e+00	   1.1636281285529888e+00	   8.8534059476308258e-01	   7.6132825085984313e-01	   7.5770558144104283e-01	   7.9157220178589704e-01	   9.0003130917961693e-01	   9.5712124390896858e-01	   9.4562543752074701e-01	   3.5832929183359824e-01	   3.5354016390234061e-01	   1.0479144350180534e+00	   9.0561830129566601e-01	   5.9144493946574728e-01	   5.8891374116582529e-01	   1.1590603402856940e+00	   1.3450338905161268e+00	   1.1172803550287689e+00	   1.0131769590773816e+00	   5.5979568195226048e-01	   5.2419311403583757e-01	   4.2108073019923670e-01	   4.1950589588497056e-01	   9.2321248296484970e-01	   8.8503128853162871e-01	   8.8466989673445640e-01	   9.6720879903366330e-01	   1.0464528113987166e+00	   1.1062877394543085e+00	   5.0846975212640155e-01	   6.4973717810840914e-01	   7.1798337507250631e-01	   8.4574275826588063e-01	   4.8516257510639349e-01	   7.7322251103768269e-01	   6.4506859950807227e-01	   6.7598534100890928e-01	   5.4360768049648522e-01	   6.2699776351584846e-01	   7.7254283054143147e-01	   9.4769930790009105e-01	   5.6961826428763029e-01	   6.8204703723176141e-01	   8.6180850625997518e-01	   6.8151754815840793e-01	   8.3579768642309271e-01	   1.0522770974684885e+00	   7.5123981641643989e-01	   8.2774462617754319e-01	   5.0235652253981211e-01	   5.7544402181648902e-01	   9.0884600966736750e-01	   8.7200613055296805e-01	   9.8824369540105284e-01	   6.8754062869582144e-01	   4.4937160554740707e-01	   4.3926208645214154e-01	   7.5501345227885774e-01	   9.7363963944281462e-01	   1.0368674620589384e+00	   9.6408784804205394e-01	   1.0597848461244794e+00	   1.0620286190862800e+00	   8.7156712122812852e-01	   3.8904382971322482e-01	   4.5183885174702759e-01	   4.4110263062158694e-01	   4.0430654976942532e-01	   5.7494056802387505e-01	   6.1624643917177946e-01	   7.9492375986718422e-01	   4.1423703551833085e-01	   5.5788882578052457e-01	   7.9523831432751857e-01	   7.2581997969915724e-01	   9.0244673264594732e-01	   8.1396029560091576e-01	   7.6142104740594174e-01	   7.5408796844924486e-01	   3.1274342577530856e-01	   3.9967052762668487e-01	   7.8877877498062132e-01	   7.8739629660632926e-01	   1.1540166387794892e+00	   8.7535038993806913e-01	   1.1027606175938938e+00	   8.2847617875722934e-01	   3.8319965715456872e-01	   4.8154162332531480e-01	   8.5799726400069787e-01	   9.2838656929666363e-01	   9.3601368037868304e-01	   9.5490840602024463e-01	   8.4529745958320657e-01	   6.6210825029474096e-01	   6.9110214863864949e-01	   6.3971398055938022e-01	   6.6394655853455364e-01	   4.9124064473034101e-01	   4.2304780767767702e-01	   6.0115351090293812e-01	   1.1560862592927296e-01	   6.3180270471940381e-01	   9.9654460232207476e-01	   1.0281188029155504e+00	   9.2010159657246970e-01	   6.7728810122604743e-01	   5.0510082886213459e-01	   1.9318342879341271e-01	
   6.4140659829651969e-01	   4.9260705020905726e-01	   1.0544377526578195e+00	   1.0967509500620602e+00	   0.0000000000000000e+00	   9.6728144038651209e-01	   1.1039369146266282e+00	   9.9992342614672314e-01	   1.5207066394150210e+00	   8.2747044373931378e-01	   6.9060951196110909e-01	   5.3746291145759029e-01	   6.7850986014347059e-01	   6.1185789921113021e-01	   9.8116708121368013e-01	   8.9162856388366285e-01	   2.0693878276171207e-01	   2.2344444069801550e-01	   6.5332878834940300e-01	   5.5725744754157924e-01	   6.1413795059856957e-01	   6.2441262328929692e-01	   1.2411081566355879e+00	   1.0586622926585001e+00	   9.5777688215626300e-01	   9.2941139111305238e-01	   8.8189805876009508e-01	   7.5869928149177202e-01	   4.5718046437076232e-01	   3.5599132809977330e-01	   8.3526734698615868e-01	   8.1209040036921920e-01	   5.9317025939493750e-01	   6.3497345591951215e-01	   8.4629349219275718e-01	   8.2257371763826204e-01	   1.8577106998049697e-01	   2.7082205578804064e-01	   4.0740788769969294e-01	   4.3275196489232581e-01	   3.0215697405982705e-01	   4.1529149440014079e-01	   4.2850726810666023e-01	   4.2379324027722931e-01	   5.0397163057221461e-01	   5.0055052948608170e-01	   4.1916583041670630e-01	   5.8684413558133031e-01	   3.7751648091078488e-01	   5.2122973396467875e-01	   5.6014409704976842e-01	   5.0370018824374185e-01	   4.4703826734414542e-01	   6.9224030309057583e-01	   4.2009487801937662e-01	   5.0495126306539062e-01	   2.7262362236051196e-01	   3.0040633897259483e-01	   6.1061149160691097e-01	   5.2601283505505969e-01	   7.7607787572272913e-01	   5.8775818456511753e-01	   3.4436043034864378e-01	   2.6258359791975250e-01	   6.9742286055235270e-01	   6.0215757861764407e-01	   7.0832538738680217e-01	   5.9114848817507570e-01	   6.1150525897299546e-01	   6.0192118821898055e-01	   6.8290769706993393e-01	   4.7100637038293425e-01	   4.0360958818080228e-01	   4.0372009111375240e-01	   3.3032233316501519e-01	   4.9995277502863394e-01	   3.8151655864172035e-01	   4.5088995678189381e-01	   2.7604373027323598e-01	   4.0483363722883015e-01	   4.8050558076490157e-01	   4.9006714782868799e-01	   7.2403881954071947e-01	   6.4710259866214326e-01	   6.1301383592300862e-01	   5.0718994637439829e-01	   1.8614063983204068e-01	   2.8663183060640018e-01	   5.2694857920470872e-01	   4.9391210179445993e-01	   6.5855011305333511e-01	   5.9110754214546235e-01	   6.8534645378907233e-01	   6.9527682051506401e-01	   1.6840840597212753e-01	   2.2970841776544548e-01	   4.9027991299228829e-01	   5.9979959231503122e-01	   5.4868055034985630e-01	   5.7676032278771427e-01	   6.4705724771775663e-01	   5.0123251462366203e-01	   5.1985544500935477e-01	   3.9619754261470708e-01	   3.4527184961930651e-01	   2.3843969075247703e-01	   3.5811555449118904e-01	   4.5706786274545536e-01	   4.6929999469948615e-02	   4.3680343369100161e-01	   6.0644535203634820e-01	   5.6481211681685117e-01	   5.2516433581491873e-01	   4.9258866280943381e-01	   4.0938580066885638e-01	   1.9954820898602618e-01	
   5.9407125943189898e-01	   5.7819005027479975e-01	   5.7007933722535464e-01	   8.1070607298923014e-01	   9.6728144038651209e-01	   0.0000000000000000e+00	   8.2335478673101425e-01	   8.8684389181991796e-01	   1.0209930711072466e+00	   1.0747861979233224e+00	   6.5327231553021869e-01	   7.4010304703861718e-01	   5.1750808327267162e-01	   6.2039435257225717e-01	   6.5404732346484795e-01	   8.8993623869235039e-01	   3.8299452086781099e-01	   3.5044355781022946e-01	   5.9774646671565801e-01	   5.3348302576184226e-01	   6.9492518454610597e-01	   7.1349903326223740e-01	   7.8649918988433420e-01	   6.8819971517543954e-01	   5.1634691653064813e-01	   9.9886838828413549e-01	   8.6530045575345271e-01	   9.6316250353942834e-01	   6.7358217036320334e-01	   6.4670998950373915e-01	   9.4956823769678123e-01	   9.8458487263063088e-01	   6.7316965403607509e-01	   7.3831163116006804e-01	   4.6412317454666974e-01	   5.4720939225754750e-01	   2.9156184260297719e-02	   2.1490129207414496e-01	   2.3461033849838786e-01	   3.3623647299057802e-01	   4.0730476458555315e-01	   5.1788353885554606e-01	   4.0642647688299277e-01	   4.3783727899759400e-01	   4.8203710079885526e-01	   6.2790383233599156e-01	   4.5952472814467871e-01	   5.9153554855103441e-01	   3.8932152270846893e-01	   5.7388954137161374e-01	   4.7227457018874608e-01	   4.2918837792700648e-01	   3.6688574891784326e-01	   5.2462185857086829e-01	   2.5742847564031918e-01	   4.1699935225600127e-01	   3.7471925688991270e-01	   2.8755131578975690e-01	   4.9634322666834263e-01	   5.0955253224618446e-01	   7.9875732813084011e-01	   7.4716890961715843e-01	   4.8189214531174251e-01	   3.9389931644227871e-01	   4.4687161570508244e-01	   4.9529827403361293e-01	   5.3836158497669684e-01	   5.2983804967023329e-01	   4.4567029950715714e-01	   4.7965001090126003e-01	   5.5181115272864711e-01	   7.3895955213978279e-02	   5.7260572902354101e-01	   3.3248865638702457e-01	   3.9450606262424742e-01	   5.0252259083297379e-01	   3.4945714575449754e-01	   4.8322061923996340e-01	   5.5880952970850006e-01	   4.1706292787062060e-01	   5.9993297890213837e-01	   4.3042771440499356e-01	   5.4354853065793041e-01	   6.0205749882874660e-01	   3.9324764324490336e-01	   3.7372422493073643e-01	  -2.7093238528545935e-02	   1.4228320485381157e-01	   3.1401676490745223e-01	   3.3487304735524920e-01	   5.6034392466604011e-01	   3.7539981204693623e-01	   5.5318622295464404e-01	   4.5859865861110061e-01	   2.9536264676308277e-01	   3.1030720506914977e-01	   4.7090752606815378e-01	   5.7255173367827072e-01	   5.6068706762877696e-01	   5.6395922492142436e-01	   7.1971923900126655e-01	   5.5719441720874041e-01	   6.4868201808139514e-01	   5.2888583302781500e-01	   3.8748431509512482e-01	   2.6124949667750252e-01	   2.1675997741477054e-01	   4.0126376502499583e-01	   1.1472843662480804e-01	   4.7365811740572417e-01	   5.0287069076139090e-01	   5.5614972162669618e-01	   5.8009915396518019e-01	   4.7985583049035579e-01	   3.0738463624402834e-01	   2.0811916183458838e-02	
   1.1632868995040178e+00	   8.1526126479540451e-01	   1.3824780502105050e+00	   1.3665793831827606e+00	   1.1039369146266282e+00	   8.2335478673101425e-01	   0.0000000000000000e+00	   1.1412227601261933e+00	   1.3615476008621585e+00	   7.0162879554088542e-01	   1.0697890263447440e+00	   7.1639399144885185e-01	   1.0089575546709171e+00	   8.6461668006085057e-01	   1.1464221849012772e+00	   9.2680152901895596e-01	   5.3122574659008714e-01	   4.5792405829732286e-01	   1.1019183170176148e+00	   8.9881173838943806e-01	   5.4636698857932986e-01	   4.5825522701642518e-01	   1.4010645118711711e+00	   1.2616766256531613e+00	   1.0201611999791731e+00	   9.8741891508004542e-01	   6.2558623268363445e-01	   5.8308020854229470e-01	   6.0515517811119868e-01	   5.0563393905030707e-01	   1.1220529153102767e+00	   1.0198748027437576e+00	   1.0756571001996365e+00	   1.0410626811826607e+00	   9.7053215546496063e-01	   8.5488584266987444e-01	   3.3279064238966943e-01	   5.2947999370466381e-01	   6.4714609914905363e-01	   7.4949900443308459e-01	   4.9471227084562031e-01	   8.2683725834069843e-01	   5.7422690517885377e-01	   5.9536009177074400e-01	   5.0200701628669808e-01	   6.1470306807844111e-01	   6.6508719814914719e-01	   8.3038110138093013e-01	   5.0355686581282688e-01	   6.2307425276561534e-01	   7.4169552790880344e-01	   5.8748578442963317e-01	   7.1650982026404719e-01	   9.1103712993701347e-01	   7.2458720579709990e-01	   7.7511334733542514e-01	   6.2558848910967102e-01	   5.8897674885399121e-01	   8.6215591203562436e-01	   6.8634739603597006e-01	   1.3878700063817069e+00	   7.4520023860440565e-01	   6.9940205637992792e-01	   6.1410268190078021e-01	   8.8369013364204452e-01	   9.0181863755910263e-01	   9.2372540033309647e-01	   7.5837788171353493e-01	   9.1964096869769185e-01	   8.2846200099336142e-01	   9.3075151770974229e-01	   2.6710784749944549e-01	   6.9924441289327188e-01	   3.3903598071784552e-01	   5.2114148202354371e-01	   5.9127802016283848e-01	   7.2539990194877157e-01	   7.8538565330692112e-01	   5.3931161690658602e-01	   6.0677169156508193e-01	   8.3455625045040871e-01	   7.7413407537950452e-01	   9.2953983155526676e-01	   8.3722642018627025e-01	   7.8021164410973443e-01	   7.6780889320429191e-01	   2.4693359938857262e-01	   3.9696891418281022e-01	   8.2975623555577427e-01	   7.7255884492103688e-01	   9.0613269911961769e-01	   6.9526609645791737e-01	   8.4100486148269649e-01	   8.1560027018655934e-01	   3.0700406781307832e-01	   3.3255133360868533e-01	   7.3894189859371362e-01	   8.4430744705701466e-01	   8.3688827818569300e-01	   8.2804732624398192e-01	   7.7456926090570466e-01	   7.3112266796341008e-01	   7.9685709844301023e-01	   7.5651585057985093e-01	   8.1917736330697166e-01	   6.1402313132974007e-01	   4.7664899766862839e-01	   7.1251485996969233e-01	   1.9041818265904783e-02	   5.5844660604718366e-01	   8.5044493754088513e-01	   9.1026340444348919e-01	   8.2542930624546718e-01	   6.6995415780401057e-01	   5.8185823833083117e-01	   2.9826325095876788e-01	
   7.9693581477403008e-01	   8.4762591719688340e-01	   7.2746502365934429e-01	   1.3735528023819925e+00	   9.9992342614672314e-01	   8.8684389181991796e-01	   1.1412227601261933e+00	   0.0000000000000000e+00	   1.0211106512267967e+00	   7.8670862299684385e-01	   8.6363908257453392e-01	   1.0676974808222290e+00	   7.5860357432094028e-01	   9.9670624082830150e-01	   6.8109699163377291e-01	   7.0383378404054364e-01	   4.3351237925458996e-01	   4.5902099445749533e-01	   8.2867410010454245e-01	   7.7672525793534131e-01	   3.5640609078090535e-01	   4.6713649154822873e-01	   8.8972068305758534e-01	   8.2737173863931046e-01	   6.7736239025814893e-01	   7.1672320512116250e-01	   3.4234689786843020e-01	   3.3328497995976702e-01	   5.5850071672867463e-01	   5.7990366574980068e-01	   9.7149896979712902e-01	   1.0567302930087337e+00	   8.6497642994580826e-01	   1.1523907872980621e+00	   7.6626584473222970e-01	   9.0975839378050982e-01	   3.2777272975718330e-01	   4.5063467434111826e-01	   4.2853121482646317e-01	   5.4930625644950570e-01	   4.6217690520696264e-01	   7.6239538677728746e-01	   5.6570816863624940e-01	   5.7123320342188533e-01	   5.8837859787875202e-01	   6.8683625547533778e-01	   6.1006160798730580e-01	   7.2103970870629353e-01	   4.0338438981566216e-01	   6.4844098249131621e-01	   6.0755682213442286e-01	   4.7216043790124940e-01	   5.6492287500591620e-01	   7.4228459916586409e-01	   4.4175240071006994e-01	   5.1972905534292924e-01	   4.8834672777909116e-01	   5.2806810604668708e-01	   6.0340624172365576e-01	   6.4766830154946831e-01	   9.4989975318197417e-01	   1.0352129279290689e+00	   5.2376022342318185e-01	   5.6543181045358071e-01	   5.1868934404828582e-01	   7.0378476002584678e-01	   6.5090213520310147e-01	   6.8959479096319876e-01	   6.5005016419123174e-01	   6.3838696523203819e-01	   8.8088247708744227e-01	   4.6252498217789018e-01	   6.7034176996164785e-01	   5.7188789165077003e-01	   5.2294826474084455e-01	   7.1484608584706000e-01	   6.5894074190323937e-01	   8.3041162845603844e-01	   5.0110717866937393e-01	   6.4905898770788617e-01	   8.1481607836046210e-01	   6.1678088793612074e-01	   7.0921158408541762e-01	   6.5358563796826541e-01	   4.7046240908826081e-01	   4.4468607872012000e-01	   1.4787155611483249e-01	   1.4940925530186727e-01	   4.7330889513146601e-01	   4.2301073713853088e-01	   7.0882165833544530e-01	   4.5330581150258548e-01	   6.7720245421537761e-01	   4.2248822704004618e-01	   2.1449576780838142e-01	   2.9092164273089055e-01	   5.3551316355639555e-01	   5.9737989364221133e-01	   6.5913221910482700e-01	   6.4633828685556616e-01	   7.6390456888657177e-01	   4.2993564469940704e-01	   6.2321610929431648e-01	   4.3204005064086576e-01	   4.9846155755504895e-01	   2.6059275563482931e-01	   3.1082238310459132e-01	   3.9458159189366637e-01	   1.7009584427358410e-01	   4.9937815797095753e-01	   6.9760434685942974e-01	   7.9559866881228525e-01	   6.9961437412287708e-01	   5.2796316078776351e-01	   3.9943230663347357e-01	   1.5569658197979924e-01	
   8.1166649018284054e-01	   5.6433817887585380e-01	   1.0342950290496953e+00	   1.1636281285529888e+00	   1.5207066394150210e+00	   1.0209930711072466e+00	   1.3615476008621585e+00	   1.0211106512267967e+00	   0.0000000000000000e+00	   1.0390189203167428e+00	   8.1639877556848739e-01	   6.0211823725853730e-01	   7.9568058062617197e-01	   6.6843210228444450e-01	   1.0339365580911222e+00	   9.3316675092961743e-01	   3.4016087661179839e-01	   2.7708409359648661e-01	   7.5518432240915978e-01	   6.3979651889867617e-01	   6.2403884506912444e-01	   5.4373885912730846e-01	   1.1166679757176219e+00	   1.0102539744816179e+00	   8.6274255461960847e-01	   9.0456572745698494e-01	   8.1850397590421231e-01	   7.1050672844406082e-01	   5.3373515957536266e-01	   4.0014739942245375e-01	   9.0461136518351482e-01	   8.6529101818870413e-01	   7.3789223932113845e-01	   7.4820714030857094e-01	   7.3990896068617595e-01	   7.3687391452123163e-01	   1.6717061850284065e-01	   2.9458230449529393e-01	   3.8903428851688571e-01	   4.6196512809408929e-01	   3.4495625901542837e-01	   5.3793507092932580e-01	   4.8187190737097285e-01	   4.9660965418389102e-01	   4.6696420238658776e-01	   5.3986103417442399e-01	   4.8223207531414891e-01	   6.3152603256900341e-01	   4.2860115380445007e-01	   5.3813597512747502e-01	   5.9336075531361610e-01	   5.2421575432838974e-01	   5.2628399668496084e-01	   7.2374857996760777e-01	   4.7516345842636637e-01	   5.4001693478577506e-01	   4.2126844100390692e-01	   4.0332700205889255e-01	   7.4278313372453797e-01	   6.0055761740463853e-01	   1.0805577381827547e+00	   7.0106704004265130e-01	   5.4113052333287759e-01	   4.2522307756205413e-01	   6.4885089472738500e-01	   6.6352502281487513e-01	   7.5917670633375245e-01	   6.2457302202642007e-01	   7.0216799687298692e-01	   6.5922662954878197e-01	   7.4666481284592989e-01	   2.6713428275210915e-01	   4.6360915549461690e-01	   3.5998589999435732e-01	   3.2892545637916853e-01	   5.0547228637296038e-01	   4.6981521875701188e-01	   4.8600093188558091e-01	   3.8840821355794486e-01	   3.9373710735743500e-01	   6.3394820470301194e-01	   5.8460925175786960e-01	   7.5537957586589488e-01	   6.8614357710777174e-01	   5.8488215882447459e-01	   5.7056546691965604e-01	   1.2661904914496255e-01	   2.2298240963993304e-01	   5.8410253755543984e-01	   5.5877344736697987e-01	   7.2647060708133004e-01	   6.1047208048147450e-01	   7.2039858808589063e-01	   7.2421808224376927e-01	   2.4751356086185528e-01	   2.5986860498004416e-01	   5.6065087153804960e-01	   6.5381860364453126e-01	   6.2794382353714817e-01	   6.4335412223841049e-01	   7.7058212142999660e-01	   6.8500848896791278e-01	   7.0701016758162305e-01	   6.3378358898956533e-01	   5.2422582711559496e-01	   3.8122199685517949e-01	   4.5344970541239638e-01	   5.6705990154087449e-01	   9.7070939219358984e-02	   5.1376241593981464e-01	   6.5834204488224835e-01	   6.4239498077997870e-01	   6.0681319817128099e-01	   5.4606534237968740e-01	   4.9346348814723540e-01	   2.2332349752790709e-01	
   5.7075034800818503e-01	   4.5950742815930257e-01	   5.8390216638651238e-01	   8.8534059476308258e-01	   8.2747044373931378e-01	   1.0747861979233224e+00	   7.0162879554088542e-01	   7.8670862299684385e-01	   1.0390189203167428e+00	   0.0000000000000000e+00	   4.6489522560678359e-01	   5.7070610745170236e-01	   4.8163958881096952e-01	   5.4899485173071827e-01	   6.4003967098905779e-01	   8.4196480194224466e-01	   1.2351521775324019e-01	   1.0414828348888532e-01	   5.3699057695323771e-01	   4.8094060959333845e-01	   8.6534689245673513e-01	   8.3541092935615924e-01	   6.5643143123145986e-01	   6.8758429361438012e-01	   5.8913074598812898e-01	   7.7640532537084339e-01	   6.9271992506826174e-01	   7.1140307555224380e-01	   2.4896101663493597e-01	   2.7383439741447091e-01	   6.2068358850090188e-01	   6.1180558400144236e-01	   5.2865297372526410e-01	   5.9689768660828368e-01	   4.8837257213530616e-01	   6.7818890883413052e-01	   2.6711510747009665e-01	   3.5344176474884426e-01	   3.8770744428431059e-01	   4.8142210900343907e-01	   3.1463154093397033e-01	   4.6202133218069874e-01	   3.2165490113155715e-01	   3.3899310899934881e-01	   3.3956252219009236e-01	   4.9966568881300832e-01	   4.5129377292363260e-01	   5.3032913408182636e-01	   4.4466447805413639e-01	   6.0969867678041811e-01	   5.3500515855642539e-01	   4.9203377446943541e-01	   5.0942627926472517e-01	   5.8992807555115201e-01	   4.2783524352843255e-01	   5.3708237908990086e-01	   2.3789870768769567e-01	   2.8011979810424203e-01	   7.7080655890775018e-01	   7.7182720153131834e-01	   6.7627430630753638e-01	   6.1450264872138416e-01	   2.4557087843024475e-01	   1.7023364266576688e-01	   3.0254742039116783e-01	   5.1379081621052358e-01	   6.8016166635537034e-01	   6.8421142613837882e-01	   5.7806397748012350e-01	   6.6424665248996140e-01	   5.9117901385758409e-01	   1.8530904828017070e-01	   2.7772896857483043e-01	   3.7407256768199310e-01	   2.5600893127047902e-01	   4.0403512427756494e-01	   3.1293294097550128e-01	   3.8930867928787816e-01	   2.2308484173495652e-01	   1.9698674725710563e-01	   4.4969787690350327e-01	   3.3224471806238870e-01	   5.4457080633184751e-01	   5.5651080188944213e-01	   3.3059577264630097e-01	   3.7658743594676630e-01	   1.1526422660807897e-01	   2.0911709548886326e-01	   4.6904594225741320e-01	   5.1954041483469515e-01	   7.0907134172881570e-01	   5.3834282634555009e-01	   6.9045491517903912e-01	   5.4735958817248065e-01	   3.6119057589233494e-01	   3.6677509856281865e-01	   5.7469233646970508e-01	   5.7413261869066445e-01	   5.9771720337692424e-01	   6.0439561360769112e-01	   7.3122539992432056e-01	   6.1719262179967671e-01	   5.5363297356479035e-01	   5.6040660104014584e-01	   3.7763362051455429e-01	   2.5822066424448409e-01	   3.2346086479250236e-01	   3.1512069896857992e-01	   2.0755813310693255e-01	   5.2384684222794564e-01	   5.1903374934529722e-01	   5.4510816318855448e-01	   5.1630280553223296e-01	   4.5452473093464862e-01	   2.5704868499944256e-01	  -2.9625980538578067e-02	
   1.1662911053868505e+00	   8.6612691266694442e-01	   7.6473011103297484e-01	   7.6132825085984313e-01	   6.9060951196110909e-01	   6.5327231553021869e-01	   1.0697890263447440e+00	   8.6363908257453392e-01	   8.1639877556848739e-01	   4.6489522560678359e-01	   0.0000000000000000e+00	   1.1079237434017037e+00	   1.4696719039004260e+00	   1.2387308660929164e+00	   9.4941373503465198e-01	   8.1327968438145792e-01	   5.9109398294476612e-01	   4.9897290552481383e-01	   8.4038443092652082e-01	   7.1190077960785025e-01	   3.0095470948959591e-01	   2.8025283242661353e-01	   9.0680628336411107e-01	   8.0189016038096805e-01	   6.7461221964112505e-01	   6.4731321874426861e-01	   3.9468724422316503e-01	   4.0387378777579486e-01	   7.2449346642606305e-01	   5.8444737637436750e-01	   8.9069349875302184e-01	   8.7194923196830465e-01	   1.0292927502680886e+00	   1.0391224008295175e+00	   5.8407260101878133e-01	   6.6321040082487448e-01	   2.9194287098981631e-01	   4.1862248950513770e-01	   5.2115804173572911e-01	   6.1358657988264498e-01	   6.0260675124291174e-01	   7.7388097144414925e-01	   4.5638718435857284e-01	   4.8924513091378152e-01	   3.7835259564301044e-01	   6.1477191796671460e-01	   5.9209557014993375e-01	   6.8371362354119936e-01	   4.7995849237189070e-01	   7.1169813163337625e-01	   7.9184472214159940e-01	   6.7814249052584996e-01	   7.1262429227943735e-01	   7.7528031567495281e-01	   7.6828047228672514e-01	   7.1685492941640105e-01	   5.5926172372259098e-01	   5.3724786499103916e-01	   7.1792038033940897e-01	   6.0495557051508309e-01	   1.0687683911668933e+00	   7.6372008480334042e-01	   7.1984839742802231e-01	   6.9131075913063644e-01	   6.0465977755504030e-01	   7.8027867674708229e-01	   5.1135053504827466e-01	   5.0998572216183069e-01	   6.1976715418757522e-01	   6.0280823949982576e-01	   7.2729493099169940e-01	   2.5888026746190484e-01	   8.1487368444136521e-01	   4.0509341965442358e-01	   5.3945766496633352e-01	   5.8353701047253281e-01	   8.2713233550311538e-01	   7.1467575765270563e-01	   6.6145224512193090e-01	   7.0434875269814712e-01	   8.6776945033771913e-01	   7.1111439490363393e-01	   8.3281587688873948e-01	   6.6787084887437131e-01	   7.2974083539164025e-01	   6.5696358811343869e-01	   1.9913252447078592e-01	   3.3844601132629043e-01	   6.5295373797452227e-01	   6.0789035543520231e-01	   6.2782868907347944e-01	   3.5324178774106868e-01	   5.0802499762062081e-01	   4.4139136928215422e-01	   2.4966228454698197e-01	   2.7717930458308304e-01	   6.7135807670444669e-01	   7.5030962796056011e-01	   7.3670491066093868e-01	   5.7565786376166772e-01	   6.2925812751189558e-01	   5.8796505676126110e-01	   6.6324400376221593e-01	   5.8870667833126356e-01	   6.9420741850050993e-01	   4.5186035719171835e-01	   2.6552704700654201e-01	   5.2470925840576876e-01	   5.4709154400568456e-02	   5.4183625141405289e-01	   6.8259288486969982e-01	   6.4709538918192211e-01	   6.1366121401680584e-01	   6.6812582047591185e-01	   6.1904050403290334e-01	   1.9556561674272926e-01	
   8.7438505304412961e-01	   9.7662009750131529e-01	   4.2426806690456631e-01	   7.5770558144104283e-01	   5.3746291145759029e-01	   7.4010304703861718e-01	   7.1639399144885185e-01	   1.0676974808222290e+00	   6.0211823725853730e-01	   5.7070610745170236e-01	   1.1079237434017037e+00	   0.0000000000000000e+00	   9.0119841545264712e-01	   1.4541715771981132e+00	   5.6213345220581545e-01	   6.8342344765622942e-01	   5.1068086040516580e-01	   5.2835322501206594e-01	   6.9621019740999768e-01	   6.8967302459674351e-01	   2.7316541705022440e-01	   3.4422789019948280e-01	   5.8518178346881689e-01	   5.4798612868201624e-01	   4.4713421785645768e-01	   5.4851300834288252e-01	   2.1531150998218770e-01	   2.4722983034044158e-01	   6.3493609921937966e-01	   7.1069447575416700e-01	   7.9753550706146403e-01	   8.4079405688115072e-01	   9.2902163135990434e-01	   1.1901489730769501e+00	   4.1529666735302073e-01	   6.3359026195431345e-01	   2.7357962523464940e-01	   4.1265905690079957e-01	   3.5824625081161221e-01	   5.1157246935225675e-01	   6.7127342785022670e-01	   7.7599673115737300e-01	   4.9043235026303700e-01	   5.3392267601142129e-01	   4.6239177816716764e-01	   7.7171651320116130e-01	   6.4354140918687952e-01	   6.8965583638079764e-01	   4.7023215933625911e-01	   8.2258020818522448e-01	   7.2221275963250964e-01	   6.4793956812880005e-01	   6.4677030483091469e-01	   6.6412870024265314e-01	   5.2040475370014860e-01	   5.9961703990835125e-01	   4.4564969092079310e-01	   4.9686527979701539e-01	   5.7915598066622542e-01	   6.6366335371925955e-01	   7.9855015102729576e-01	   1.1073993596410647e+00	   5.8820358696939390e-01	   6.6252703870253682e-01	   2.7537991439346465e-01	   6.5734913517121429e-01	   4.1284082837984354e-01	   5.6819798394769938e-01	   4.9618143789342928e-01	   5.4325049103744938e-01	   7.1718248175122146e-01	   2.7367600069197456e-01	   7.9960527452048291e-01	   5.0720187021498364e-01	   5.9706483233051433e-01	   6.9161335540928348e-01	   6.7765314769521268e-01	   7.3700857895474647e-01	   6.4774117065286452e-01	   7.2427245360904802e-01	   8.7007743179128427e-01	   5.6312889046522907e-01	   6.5716559909143790e-01	   5.9057073482843969e-01	   4.5856564439544140e-01	   4.3684003469596666e-01	   6.5581820596872870e-02	   1.3328409302772160e-01	   3.4509952721062970e-01	   3.7243956086956748e-01	   5.5538570672252729e-01	   2.2154859716880254e-01	   4.1314754948166482e-01	   1.8485760217938957e-01	   3.3435795368095428e-01	   3.9748318124120496e-01	   5.9633450035973090e-01	   6.8714171871541485e-01	   6.6512356592017541e-01	   5.5145102581835226e-01	   6.8284646222526191e-01	   4.2338356328400650e-01	   6.3859562676685611e-01	   4.5153771995371872e-01	   4.6639347309414669e-01	   2.4148858653652561e-01	   2.0000797529206607e-01	   3.8424696902284522e-01	   2.3854731593370690e-01	   5.3016259255919629e-01	   5.7829450570126673e-01	   6.6686921996967485e-01	   6.0147164245812146e-01	   5.9866540930625012e-01	   4.9721016059365986e-01	   8.1744583167792775e-02	
   1.0226830478408933e+00	   6.8804907175298635e-01	   8.9742470488067738e-01	   7.9157220178589704e-01	   6.7850986014347059e-01	   5.1750808327267162e-01	   1.0089575546709171e+00	   7.5860357432094028e-01	   7.9568058062617197e-01	   4.8163958881096952e-01	   1.4696719039004260e+00	   9.0119841545264712e-01	   0.0000000000000000e+00	   1.3308040013725333e+00	   1.0302187373446166e+00	   9.0299611611948105e-01	   4.4978299468319333e-01	   3.3344361791320432e-01	   7.3616892200727246e-01	   5.8857375421608016e-01	   3.5728746031035491e-01	   2.8176223632163738e-01	   9.5381954839645566e-01	   9.0924392572431756e-01	   9.0006834488085374e-01	   7.4202508483063456e-01	   3.9029502678523076e-01	   3.6561177363909070e-01	   5.3797612908169268e-01	   4.7924846492930717e-01	   8.6412413659333565e-01	   7.8669011244918297e-01	   1.0034171255694284e+00	   9.6244689875789857e-01	   6.7975707129351748e-01	   7.3239756520810184e-01	   4.3008693922447933e-01	   5.7754804289553130e-01	   6.7768091387386986e-01	   6.8936490733684486e-01	   5.4617332258103379e-01	   6.8471823718456371e-01	   5.2270975868022052e-01	   5.2149364375247775e-01	   3.6951655576672615e-01	   5.8020588084897673e-01	   6.6885317210613848e-01	   7.2677855118792700e-01	   5.5195307796550386e-01	   6.8949739109626262e-01	   9.0247627596484192e-01	   7.5714149608530690e-01	   8.1270145495482649e-01	   7.3474344383389101e-01	   9.3888125560692515e-01	   7.7164088714342383e-01	   4.0407848738711322e-01	   3.7260197200462197e-01	   8.0031295344711473e-01	   5.7332014798937070e-01	   1.0893624201399215e+00	   6.1969780587830070e-01	   6.1854655805598091e-01	   5.1726628689411758e-01	   7.4197954898289709e-01	   1.0011369515961406e+00	   6.3319428480625883e-01	   6.1489112577083693e-01	   6.3311759041197979e-01	   6.8463431482232140e-01	   7.3406752156399924e-01	   2.9858140656935317e-01	   6.8651201792465810e-01	   3.3245466295582871e-01	   4.9288436185325102e-01	   5.2771012732401179e-01	   7.9177173098894704e-01	   6.0171785496016905e-01	   5.1818436496462117e-01	   6.1991384242625391e-01	   7.7641390368864083e-01	   6.6794787471870165e-01	   7.5865106275026695e-01	   6.2332150472001324e-01	   8.3092321874266817e-01	   7.4393157900818629e-01	   1.5695232167132667e-01	   3.4409969367167759e-01	   6.8948252425617385e-01	   6.5320726293687148e-01	   6.7304775440056896e-01	   4.2737291626130569e-01	   5.5742262626930261e-01	   5.0377827050107915e-01	   2.7855771861775980e-01	   2.6871237755794497e-01	   7.8851340975453987e-01	   8.3948905727838219e-01	   7.4041933306084207e-01	   5.6172476769154267e-01	   4.8951508471784161e-01	   5.6415636982895279e-01	   5.4681705863973029e-01	   5.8258037840241261e-01	   6.7920084175410178e-01	   4.6673194362452741e-01	   4.0240936086858153e-01	   6.1514881105002861e-01	   1.6881531918727991e-02	   5.3962064083607886e-01	   7.2581901101110091e-01	   6.9945359843173194e-01	   6.1302686399087203e-01	   5.5899837448642087e-01	   6.2733805713316493e-01	   2.7397665635102320e-01	
