   0.0000000000000000e+00	   8.5031080914850565e-01	   4.9958848737057671e-01	   5.2325320809513265e-01	   3.7049354195660389e-01	   5.4823895679422474e-01	   2.1492874886956492e-01	   4.6183359538988034e-01	   2.0944417160317444e-01	   5.7425022413207139e-01	   4.2282316003131487e-01	   5.1317832210516556e-01	   7.5406389478240896e-02	   5.0426001084228811e-01	   3.7678320674236560e-01	   7.2687742577749026e-01	   4.8640499165121864e-01	   7.4591338729747803e-01	   6.6055363359711705e-01	   6.7406855973485857e-01	   2.2749309187060224e-01	   2.4190871523539484e-01	   5.0408025066515916e-01	   6.2095591648090664e-01	   4.2174915474541930e-01	   4.0910334635254220e-01	   3.0004268354018021e-01	   4.0593565617154420e-01	   1.6729423450022249e-01	   3.0302620355453808e-01	   3.3103579444291054e-01	   3.1896461017676586e-01	   5.5566505863375071e-01	   4.7663907565907659e-01	   4.6046386058792266e-01	   6.1592142915462178e-01	  -2.9407397192499901e-01	  -3.3270059504228747e-02	   1.8293549148847968e-01	   2.9031070927649028e-01	   1.1104447335684488e-01	   1.2942996674217544e-01	   3.7061981989642850e-01	   3.1935897450846751e-01	   2.9502688760560669e-01	   3.5730716885975983e-01	   4.6897993487599188e-01	   3.5574729769763902e-01	   2.8633216696713304e-01	   1.0440951397006980e-01	   8.8842231923518991e-02	  -2.6050609525997484e-03	   4.0265580670846834e-01	   2.7755348060121088e-01	   4.5006432272239072e-01	   2.7970679135917798e-01	   1.1403062935905059e+00	   9.5501349546247816e-01	   6.9922184435474954e-01	   3.3561486388547013e-01	   3.6135290528412889e-01	   5.5240205947831944e-01	   4.1698067514117459e-01	   4.2097873058430557e-01	   2.8157660127636441e-01	   5.1488442749555841e-01	   5.4958057172029329e-01	   5.2061027701337548e-01	   3.3891508568958695e-01	   2.6960456072234840e-01	  -4.9056558669395567e-02	   1.5959451969877944e-01	   2.7418085485579713e-01	   1.6962664911908523e-01	   3.4375233362687918e-01	   4.0010998091637290e-01	   2.1273432534799513e-01	   1.0544561674186834e-01	   5.0436723262758199e-01	   6.5331476495751972e-01	   4.8427820485091438e-01	   5.6802533041500325e-01	   3.1122512364594107e-01	   3.9790609062989279e-01	   4.8293297795208956e-01	   4.6935528746496064e-01	   5.2615228384420953e-01	   2.5163143084315248e-01	   5.0038558911532083e-01	   4.4565948376837194e-01	   2.7237256510823010e-01	   1.6778020572388547e-01	   3.9058697307426221e-01	   5.5188796204502644e-01	   3.5762829601032636e-02	   3.3056329389082151e-02	   3.5724172486881145e-01	   3.2692850101489296e-01	   4.5428508964361736e-01	   3.8656035245393633e-01	   2.9339195734040546e-01	   5.2779928150051769e-01	   3.1552230259397940e-01	   5.2462129194244755e-01	   2.0854382203945601e-01	   2.9497589017680750e-02	  -5.7164820263865268e-02	   2.5044480528075536e-01	  -4.5361470813075108e-02	   1.4475608335493326e-01	   4.5352734158115804e-01	   3.0879786325374392e-01	   2.6993147799169909e-01	   2.8584668178823808e-01	  -1.9653197781270480e-02	  -1.6686898128249622e-01	
   8.5031080914850565e-01	   0.0000000000000000e+00	   3.5108246269360405e-01	   4.8124292553051840e-01	   3.2573465087439762e-01	   4.1068959801055049e-01	   2.1088488117752111e-01	   3.6198984475894658e-01	   1.1327401547198426e-01	   3.6594615875371056e-01	   5.4502010635622944e-01	   3.8007240559840111e-01	   1.7912325681139571e-01	   3.8297400362905365e-01	   1.7890499937902563e-01	   4.2386474398796387e-01	   6.2054652068655236e-01	   8.1394921585008451e-01	   5.9564331676007254e-01	   7.4111696046508446e-01	   3.3877146532241297e-02	   4.3655836640933740e-02	   2.6862261195826465e-01	   4.1227180115680900e-01	   3.0250252030930441e-01	   2.4189313040352192e-01	   8.4949292119581535e-02	   1.8040079091735950e-01	   1.3111196498779720e-01	   2.0078927444390612e-01	   2.3525129164880149e-01	   1.2392385757156894e-01	   6.7064205156367473e-01	   6.1324740956795987e-01	   5.0530239731018245e-01	   6.6268274037959196e-01	  -1.0080234371278694e-01	   2.2949668484852193e-02	   1.6428386302466286e-01	   2.1456209475466351e-01	   9.0364941021377140e-02	   1.4139038356880829e-01	   5.2337228125338142e-01	   4.1559109230067504e-01	   5.8285234551948018e-01	   6.8469994512273558e-01	   6.9526078187374885e-01	   5.2923092369321623e-01	   6.4756831433874318e-01	   4.0518323175359916e-01	   2.2311746840087301e-01	   1.1497527103591568e-01	   3.6919364386995124e-01	   8.1090411996916051e-02	   4.8289635007654486e-01	   3.6271842390465014e-01	   7.1262802198679898e-01	   1.1717520216603439e+00	   7.0729811503791440e-01	   4.5457200474200077e-01	   3.4567552343420249e-01	   3.3926907207964713e-01	   4.6583333579087516e-01	   4.5369138124411029e-01	   3.6881685602662923e-01	   5.1706293778598211e-01	   9.3022779511677522e-01	   7.6605445614156897e-01	   5.3754987888617856e-01	   5.1990274861722585e-01	   2.0320223270914078e-01	   1.7777176534551317e-01	   6.0946529722593112e-01	   4.8366727217586736e-01	   5.8989912568348757e-01	   5.0094625540570648e-01	   3.7396814802169059e-01	   2.5389535210708064e-01	   4.6160676311160648e-01	   8.1838727167965153e-01	   3.1212351632838753e-01	   4.8520496058287543e-01	   1.9773257005032993e-01	   2.7135347579755564e-01	   2.7690232843041040e-01	   4.6148798789845241e-01	   2.1047903782161589e-01	   1.3216037548522264e-01	   2.5896364129674293e-01	   3.2176028025233416e-01	   3.6639806356518811e-01	   2.0520401184822518e-01	   3.3327291863855746e-01	   4.3114978702657880e-01	  -1.4139533598439497e-01	  -1.5137747024107698e-01	   5.4213030537616436e-01	   2.2450414772428623e-01	   6.9331516233785440e-01	   5.4686992613934238e-01	   2.3532089341416801e-01	   4.9417107638733188e-01	   2.5861160827911112e-01	   4.8019718782737636e-01	   3.2000954350006500e-01	   2.2079919414436147e-01	  -3.9774373716066305e-02	   2.6265551066072018e-01	   1.0511898888008003e-01	   1.3845716868280833e-01	   7.0840157782875368e-01	   4.4269417426607066e-01	   4.4371381620555594e-01	   3.0664916375046747e-01	  -8.1590940915653387e-02	  -3.1090196789148805e-01	
   4.9958848737057671e-01	   3.5108246269360405e-01	   0.0000000000000000e+00	   1.6242013105001267e+00	   1.0968296224991809e+00	   1.4620363855036664e+00	   1.4221722133623733e+00	   1.5403730373888647e+00	   9.4637996024432003e-01	   1.2946075792482010e+00	   3.2871567457644851e-01	   5.1584464602725677e-01	   7.3604457264696999e-02	   6.5554000920195032e-01	   6.4948746195773299e-01	   8.4620170740387990e-01	   6.0939873539853995e-03	   2.7504053954198021e-01	   8.0067331135061537e-01	   7.1517705735237580e-01	   5.7944747864352519e-01	   4.6452294258664206e-01	   1.3362722519584360e+00	   1.2461324424970721e+00	   6.4849900818837269e-01	   7.5203540454896478e-01	   5.9088541561075214e-01	   6.9975294074030880e-01	   9.1204078033763236e-02	   1.5521343077579677e-01	   9.3875121859625699e-01	   9.4624892682126982e-01	   7.0689397759564865e-01	   7.2222289468618195e-01	   4.2252522579254032e-01	   5.2466055755211005e-01	  -6.9921531533929548e-02	   1.4468801205852036e-01	   5.8874390167854562e-01	   6.1254275596671992e-01	   3.4502770735856858e-01	   4.0615688134940653e-01	  -8.5663414456789794e-02	  -2.1076535209835839e-01	  -1.8945550332145275e-01	  -2.1635268274255642e-01	   3.2295015338427796e-02	  -9.2366795343587660e-02	  -6.3361840858233404e-02	  -1.6928227378711638e-01	   1.6074344846470426e-01	   1.8176988780610814e-01	   4.4299511957222748e-01	   3.4804551436114889e-01	   7.0136686638694545e-01	   4.8823902165755084e-01	   2.0277079056739411e-01	   3.4333274839722899e-01	   4.7968688446176422e-01	   4.3760930134614395e-01	   5.8758069745654984e-01	   7.9214477611093193e-01	   3.8457851233845203e-01	   5.8901217133545924e-01	   4.3129810290767318e-01	   6.4461860230476919e-01	   3.1742502797830435e-01	   3.8058607246589399e-01	  -9.0048544948424847e-02	  -1.7428602345809280e-01	   2.9052208567021448e-01	   4.6595721233621179e-01	   2.9282539404023056e-01	   2.6336308456542407e-01	   4.2547324727252495e-01	   5.8092907752230416e-01	   5.4528519635784323e-01	   4.6006925874532456e-01	  -7.8415871835944093e-03	   9.4551446106916986e-02	   2.4901450576961665e-01	   3.0850007985027572e-01	   5.2676656913464515e-01	   5.1580781244436302e-01	   6.7594251122124871e-01	   6.9915740584872832e-01	   4.7269627629805067e-01	   4.9642122391719146e-01	   8.4918720457020680e-01	   9.9232039519143134e-01	   6.7783601459193588e-01	   5.0638578353728614e-01	   7.6253255803515263e-01	   9.1347109024088091e-01	  -9.7632731742934908e-02	  -1.6147072020772232e-01	   9.0088897925188847e-03	   3.1833036603277541e-02	   5.0113729393582307e-01	   6.4023293385111646e-01	   4.2200584157245818e-01	   5.8919246383539581e-01	   3.9827493439779499e-01	   5.5477498439157524e-01	   1.3720395881437797e-01	   8.3448166186558190e-03	   2.1218036764366158e-01	   2.8739855687005816e-01	  -6.8077899980402853e-02	  -2.0852255241092681e-02	   6.1231526905805293e-02	   4.3188597846311794e-01	   5.3710934909000230e-01	   1.5298649265941006e-01	   1.5704913944870036e-01	  -1.9736223560544785e-02	
   5.2325320809513265e-01	   4.8124292553051840e-01	   1.6242013105001267e+00	   0.0000000000000000e+00	   9.4768676417365882e-01	   1.3585561571393161e+00	   1.2736915792870729e+00	   1.8267051549017170e+00	   8.1874194044510440e-01	   1.2210908436139662e+00	   4.8463555182538576e-01	   6.9612785089559037e-01	   1.4698860272985059e-01	   8.5547682065342023e-01	   5.6886436884529568e-01	   8.7577606943310338e-01	   8.1985363477959997e-02	   3.3313139301662414e-01	   8.3428124434411344e-01	   8.4300015006822404e-01	   5.1887516238869880e-01	   4.3140766086920912e-01	   1.1932910768379079e+00	   1.4208217489502610e+00	   5.6535945145840938e-01	   6.6726851823471722e-01	   5.2118234697939125e-01	   6.3480058494000002e-01	   1.4162146467137160e-01	   2.8978294399504578e-01	   8.6189328464061510e-01	   9.6933368783164775e-01	   8.3530353496897636e-01	   9.0650843144608906e-01	   4.9051799623216230e-01	   6.1477825097194483e-01	  -8.6720651694209103e-02	   1.7085495711729640e-01	   5.5602632586137601e-01	   6.5389812675384551e-01	   3.4675447920228836e-01	   4.5484365617968436e-01	  -5.7118114858451155e-02	  -2.0962588410041963e-01	  -1.0180105958173903e-01	  -9.9927852504104353e-02	   8.5297271041270245e-02	  -9.2278057840938399e-02	   1.0044164447834639e-01	  -5.9271295652928879e-02	   2.6634626479983514e-01	   3.1868799865330533e-01	   4.5160208476354541e-01	   2.7654672108171585e-01	   7.3285388743993507e-01	   4.8964859277474154e-01	   1.8199386058292968e-01	   3.7619171794637385e-01	   5.7424650182994652e-01	   5.9320823671404843e-01	   6.9692594788814166e-01	   8.2059294224564650e-01	   4.5942027944117692e-01	   7.4152553543495081e-01	   5.2930906636179365e-01	   9.0363272540510164e-01	   5.2234371352385878e-01	   5.8867194732818329e-01	  -3.9962045606926240e-02	  -8.1324434305907967e-02	   4.1876756157409573e-01	   5.2480013412737125e-01	   4.8312127584718878e-01	   4.3215517539888881e-01	   5.6877674548962753e-01	   6.4455132113459268e-01	   6.5491611080774548e-01	   5.4754568515655588e-01	   6.0424748362012191e-02	   1.9709388741284750e-01	   2.9139696011705501e-01	   3.8939676319042360e-01	   5.0844282690366061e-01	   5.9974628807234465e-01	   7.2704943268574973e-01	   8.8780230270680160e-01	   4.6944793895107761e-01	   5.1374212378698125e-01	   7.6128556587665985e-01	   9.4571345790896189e-01	   5.5901400722503991e-01	   3.4928654943429138e-01	   6.8322149677287680e-01	   8.3923432201637405e-01	  -9.1934414372220025e-02	  -1.4414740525505271e-01	   1.1555664336215203e-01	   6.3961565350098795e-02	   5.1239054747081503e-01	   5.3385380041149422e-01	   4.2868775777202572e-01	   6.6430142106995571e-01	   3.9664754006742869e-01	   5.7924824131152697e-01	   1.3922836808362352e-01	   3.2057525973248367e-02	   1.1808107981099492e-01	   2.4911122544733644e-01	  -2.7244769288337276e-02	   2.7796469314624265e-02	   1.7511164007452690e-01	   3.6264337915841688e-01	   5.6492172744663660e-01	   2.0421821270949941e-01	   1.1729665382273623e-01	  -1.1749242495097338e-01	
   3.7049354195660389e-01	   3.2573465087439762e-01	   1.0968296224991809e+00	   9.4768676417365882e-01	   0.0000000000000000e+00	   1.1845215846784896e+00	   9.6201709742591524e-01	   8.7359914295756713e-01	   1.1192012496759378e+00	   1.1068772966881966e+00	   3.5354982528633183e-01	   2.3037475352377840e-01	   1.6463389026727032e-01	   3.5163986982727058e-01	   8.4871216473709399e-01	   7.0782139239976860e-01	  -4.6786591036057481e-03	   1.7662422004605088e-01	   4.5410213265409843e-01	   3.9180276993539093e-01	   5.4275509864241667e-01	   5.8885574303968902e-01	   1.0158672547979668e+00	   8.9015141514171958e-01	   8.8087548010712780e-01	   9.4678140355091356e-01	   8.8446295844951583e-01	   9.4026303137641021e-01	   6.7187382814588095e-02	   6.6607367655194857e-02	   6.9012509198141947e-01	   6.8114803799208556e-01	   4.7032023455902883e-01	   5.4451136054128313e-01	   6.0747576118941482e-01	   6.1445165404595636e-01	  -6.9702813082201998e-02	   1.4539957350960472e-01	   5.1088742074559512e-01	   5.0250752917845032e-01	   1.2660522014735215e-01	   2.5815905593232064e-01	  -9.5676863919069280e-02	  -2.5684201111151833e-01	  -1.7936560104153709e-01	  -1.9722297942069730e-01	   6.4252008140797762e-02	  -7.2669766032074395e-02	  -9.3575127377330730e-02	  -1.8114002750171285e-01	   1.2324083209961779e-01	   2.2014723024501040e-01	   3.2205346146208624e-01	   2.8874625527387149e-01	   6.6693960355364212e-01	   5.3836135718630074e-01	   1.8858105093598787e-01	   3.2628385993118247e-01	   4.3950644159942764e-01	   4.3497428135219118e-01	   5.8566457119888360e-01	   6.7496527825688823e-01	   2.7986691601375158e-01	   3.2271257867185155e-01	   7.3299296570442363e-01	   7.5990816631216229e-01	   3.5579367982851889e-01	   4.3636556677282179e-01	  -1.4750120742604553e-01	  -1.2980481419857795e-01	   2.8604285322000428e-01	   5.8475995450510831e-01	   1.2414125537290420e-01	   1.4186082715275858e-01	   2.2070431749716019e-01	   3.3479851240075231e-01	   4.5613516010760086e-01	   4.1473233624313188e-01	  -4.3708313605213225e-02	   3.9436890738090986e-02	   1.3066016115137921e-01	   8.6578456098756529e-02	   4.8907425219705319e-01	   3.5337627805080213e-01	   7.5204636459613061e-01	   5.2789123937978510e-01	   4.4162954993138381e-01	   3.9370586706133331e-01	   6.6895824111585311e-01	   6.7285853045492461e-01	   7.5108146269343168e-01	   4.8116013212009717e-01	   7.4458193137949913e-01	   8.1439821488658137e-01	  -9.4201107638992726e-03	   4.8211599806743267e-03	   1.4381996235475875e-01	   1.6564366112081941e-01	   5.8825594076866694e-01	   7.3104341513995219e-01	   5.1928262683354620e-01	   5.4441316600833289e-01	   5.0931461769335884e-01	   4.9210055808540232e-01	   1.8792728785554821e-01	  -3.3489751052456211e-02	   1.9905710145892558e-01	   2.7093287406352806e-01	  -1.2805395847525664e-01	  -3.3067564566037981e-02	   8.0485248145106825e-02	   5.8657519479482079e-01	   6.2690949752730774e-01	   2.0742181392514333e-01	   1.6754937060973638e-01	  -6.7268935736511687e-02	
   5.4823895679422474e-01	   4.1068959801055049e-01	   1.4620363855036664e+00	   1.3585561571393161e+00	   1.1845215846784896e+00	   0.0000000000000000e+00	   1.0706436011343523e+00	   1.3438099872579214e+00	   8.2149243534800576e-01	   1.7052264535046622e+00	   3.9499157525249229e-01	   4.3414868049965027e-01	   1.4975176771174328e-01	   6.0618395509930234e-01	   7.4686514969029894e-01	   8.8300244579912723e-01	   3.6873120717817863e-02	   2.7134165425683243e-01	   7.4282260436614822e-01	   6.4649680630962258e-01	   5.2686516097429292e-01	   4.8247709103345054e-01	   1.1526362306879636e+00	   1.1471473235526519e+00	   6.0683478546350367e-01	   7.1193382495949642e-01	   6.4345905638431211e-01	   7.9371576828558221e-01	   8.2832668719323113e-02	   1.5069619774607246e-01	   7.6125133957395030e-01	   8.1649016897616900e-01	   5.9160613141010276e-01	   6.2845600954555170e-01	   4.5679035397065498e-01	   6.0244965115262983e-01	  -5.1867907505433748e-02	   2.0876365118682649e-01	   6.1225473746169579e-01	   6.4676200349306490e-01	   3.5272032634533723e-01	   3.9331452940509037e-01	  -4.3042769175313286e-02	  -2.0089915081122661e-01	  -1.0027834070503146e-01	  -1.6544707414040255e-01	   9.0676123925023916e-02	  -6.5820777222401206e-02	  -1.7164657605735559e-02	  -2.4493166602999653e-01	   1.1919340041592982e-01	   8.1802271812191962e-02	   4.0373602968881134e-01	   2.2804638329946897e-01	   7.2049063918424505e-01	   4.5388483206533531e-01	   3.0849770523324566e-01	   4.0293997514410346e-01	   5.1338242230531372e-01	   4.2283959325772785e-01	   5.5420793829380410e-01	   7.5717523369151729e-01	   2.9453265587279470e-01	   4.4209095002609222e-01	   3.6792711240666093e-01	   6.0386049572953882e-01	   3.3986507497319690e-01	   4.0837038520180724e-01	  -3.3473739181802423e-02	  -8.5926183208618834e-02	   2.8656599351091039e-01	   5.7249200757786700e-01	   2.2528980457003472e-01	   1.7260059420191270e-01	   3.4606029170739122e-01	   4.4682334843890115e-01	   5.9874859078719633e-01	   5.6298386605577078e-01	   1.7607740932628100e-02	   1.1749814065993643e-01	   2.1473924646630263e-01	   2.6045450145020677e-01	   4.9924521911809516e-01	   4.8493302496483820e-01	   6.6158626226006023e-01	   6.1693344851724330e-01	   4.7403163321466568e-01	   4.6347255335332849e-01	   9.4360333688227038e-01	   9.7267768149289824e-01	   8.0190088185591835e-01	   5.1218693865495968e-01	   9.0515715895076443e-01	   1.0084169162595735e+00	  -3.4883011493820539e-02	  -6.7556583294352698e-02	   1.2970782323718280e-01	   1.4110727472260337e-01	   6.1869160673705959e-01	   6.4948517513959925e-01	   5.5243873666139431e-01	   6.8920682626462526e-01	   5.1144074050807886e-01	   6.6020797671261289e-01	   3.1684912988541547e-01	   1.5903583145594632e-01	   1.7130801147452818e-01	   3.4678415576248828e-01	   4.0115972154122929e-02	   7.7828627274025883e-02	   1.6731420096510907e-01	   5.6787778436235159e-01	   6.1808540518637001e-01	   1.3104675779589531e-01	   1.2170001563242243e-01	  -1.0685836623328204e-01	
   2.1492874886956492e-01	   2.1088488117752111e-01	   1.4221722133623733e+00	   1.2736915792870729e+00	   9.6201709742591524e-01	   1.0706436011343523e+00	   0.0000000000000000e+00	   1.5100835032305817e+00	   9.1934620579428994e-01	   9.5205052185553607e-01	   3.7817929139227918e-01	   4.5260541007206778e-01	   2.1802892150916692e-01	   5.7299500544752036e-01	   5.3064720999286941e-01	   5.0608233220228649e-01	  -7.6980693062634414e-02	   1.3341783622651759e-01	   6.0832767415504241e-01	   5.6002496674200908e-01	   4.4333747801205681e-01	   2.9983812638225027e-01	   1.0653283414313406e+00	   9.1731269095609114e-01	   4.3091952449056714e-01	   5.4147294808054369e-01	   4.0868870980230532e-01	   4.5677864881269542e-01	   2.5046991906379656e-01	   2.2396965176070563e-01	   8.6055236188094730e-01	   9.2707641722780054e-01	   6.6748459254409587e-01	   8.0914420878665727e-01	   3.1204356643023767e-01	   4.5725150727266073e-01	   3.2416828676334095e-02	   1.7700119831422681e-01	   5.1915507858619236e-01	   5.6812868529713234e-01	   4.2239224195542502e-01	   4.6750026467367822e-01	  -2.3849480847510776e-01	  -3.9008508433543859e-01	  -2.0559048524218670e-01	  -2.7646684030140306e-01	  -9.8160995321618455e-02	  -2.3938371864377594e-01	  -7.6931861155765169e-02	  -9.6606590379398088e-02	   1.3677401380063176e-01	   3.4056084468398612e-01	   2.2611077423041623e-01	   8.6789333750990988e-02	   4.5893376759304144e-01	   3.5843636977917814e-01	  -5.3693480022271749e-02	   1.0175904107007260e-01	   2.8936424791897430e-01	   4.8285988202094848e-01	   7.0276507746539663e-01	   7.3108448859131658e-01	   4.3190180778870180e-01	   6.8154534818042045e-01	   4.1468114672734413e-01	   5.8079374486027713e-01	   3.3831845548837758e-01	   4.6728296413300230e-01	  -1.8526362341816660e-01	  -1.8213338855844624e-01	   3.9558070185175875e-01	   4.6469749042369290e-01	   3.5004771872314522e-01	   3.2871772990299086e-01	   4.0649855946046293e-01	   4.6827098064617323e-01	   6.2539705816966240e-01	   5.9539508635421934e-01	  -1.2910132623981080e-01	  -6.9432017938094753e-02	   2.0906675423080487e-01	   1.6803929725677794e-01	   5.0790150956724012e-01	   4.1640317246611758e-01	   5.2485075415145055e-01	   5.8584491827341367e-01	   3.3233800889923248e-01	   3.4387739433787096e-01	   5.4241116816262047e-01	   7.0044974656153225e-01	   5.8239360777195037e-01	   4.1859193574009790e-01	   6.4599852560265003e-01	   7.9505528705966322e-01	  -1.1268305856658721e-01	  -1.7197239959150096e-01	  -1.0158510074072261e-02	   1.2399144663537984e-02	   4.0028102444449731e-01	   5.6052171254101335e-01	   4.1234547070371275e-01	   6.1838807007376739e-01	   3.7026669260418543e-01	   5.3886124476193786e-01	   6.9994307497903058e-02	  -4.5052423210501534e-02	   1.6745202011665128e-01	   2.4625337543051079e-01	  -1.5318029147559377e-02	  -4.4004251592659905e-04	   1.1409674855263162e-01	   3.7883364512748507e-01	   5.8966773932485650e-01	   1.3799529024962165e-01	   2.8975163361123407e-02	  -1.3029892030780482e-01	
   4.6183359538988034e-01	   3.6198984475894658e-01	   1.5403730373888647e+00	   1.8267051549017170e+00	   8.7359914295756713e-01	   1.3438099872579214e+00	   1.5100835032305817e+00	   0.0000000000000000e+00	   7.4762848206815580e-01	   1.1269268482859616e+00	   4.1970063555963527e-01	   7.3532214939833196e-01	   1.3638162064909473e-01	   8.4942983825429175e-01	   5.0521483299579439e-01	   7.2012793844762080e-01	   7.0981411697087993e-02	   3.0045560139897765e-01	   7.7228453577455414e-01	   7.4596664201016172e-01	   5.3633710335638884e-01	   3.8075856407644110e-01	   1.2863454272112493e+00	   1.3134727279550407e+00	   4.9853095044084023e-01	   5.9619031172575787e-01	   4.3134050191371781e-01	   5.1569914389775340e-01	   2.2055309046816635e-01	   3.2512972786193384e-01	   9.3092988810404398e-01	   1.0668809773528656e+00	   8.2630688180613965e-01	   9.0159644036341768e-01	   4.2634447468050135e-01	   5.2993382019243596e-01	  -7.9571989389170789e-02	   1.4991782664584832e-01	   5.3639999390410831e-01	   6.4189790535146529e-01	   4.3405153410104552e-01	   5.1290176585341474e-01	  -1.4257717663271000e-01	  -3.0408789035169698e-01	  -1.3281030501611518e-01	  -1.8895161905708782e-01	  -1.3201727591702734e-02	  -1.9324013743919541e-01	  -3.3052125769862488e-02	  -1.6064641593265605e-01	   1.5643641076798911e-01	   2.3636078374245351e-01	   3.1572738935346900e-01	   1.5955423905143001e-01	   5.5366785814659158e-01	   3.4367164045467230e-01	   1.4641936328879876e-01	   2.5343583057024699e-01	   3.9802939735609955e-01	   4.6487689176833946e-01	   6.8110074109543639e-01	   9.3246952788305215e-01	   5.0045435317061615e-01	   7.5024425323640387e-01	   4.3761522754108056e-01	   7.7429811340861410e-01	   3.8138313667673690e-01	   4.8985256243207143e-01	  -8.6491419661261656e-02	  -1.4513663141323527e-01	   3.2223884061919655e-01	   4.3496882063509629e-01	   4.1719367349274933e-01	   3.5565432256709861e-01	   5.1512512876898953e-01	   5.8675888042019331e-01	   5.4484736890120578e-01	   4.8809684642616402e-01	   1.7296634094162124e-02	   8.3638449446239591e-02	   3.1963739995802753e-01	   3.2814163876872487e-01	   5.2451520199333346e-01	   5.4825635971047126e-01	   6.2344242187654275e-01	   7.4474878213872486e-01	   4.6227382871819445e-01	   4.6323121513932891e-01	   6.5811409280690703e-01	   8.0455187707533415e-01	   5.4878171821856525e-01	   3.6339302714507277e-01	   6.9786045671924191e-01	   8.5719398421055670e-01	  -1.2380357135191489e-01	  -1.7868610048865410e-01	   3.4641401979785671e-02	   1.0613989331831206e-02	   4.2287357648039836e-01	   4.8121627924831223e-01	   4.3375361701586079e-01	   6.8727956653879352e-01	   3.7778493181322320e-01	   6.1102891124050385e-01	   1.0921457544340943e-01	   2.6181905679003695e-02	   1.1939899218289260e-01	   2.3728019997276845e-01	  -7.2914428026968348e-02	  -8.3560846583715306e-03	   1.6243946160905209e-01	   3.3088665956427177e-01	   5.4021317106410960e-01	   1.4770300122437077e-01	   2.4009559809525401e-02	  -1.4006143613098870e-01	
   2.0944417160317444e-01	   1.1327401547198426e-01	   9.4637996024432003e-01	   8.1874194044510440e-01	   1.1192012496759378e+00	   8.2149243534800576e-01	   9.1934620579428994e-01	   7.4762848206815580e-01	   0.0000000000000000e+00	   1.0563847228371221e+00	   4.4372443903831155e-01	   2.1322943436547842e-01	   2.7513722721914524e-01	   3.3687766345233794e-01	   8.0115175522804938e-01	   5.9803572766350732e-01	  -8.9413613659312982e-02	   8.1741010129826597e-03	   4.1104393560405006e-01	   3.6088495678494031e-01	   4.7997988860730267e-01	   5.2941074640093166e-01	   7.8829613055648429e-01	   6.5771597206174726e-01	   5.8173367648393881e-01	   6.1328230195973032e-01	   6.2774624769016441e-01	   6.3733286021768931e-01	   8.2050407365821337e-02	   4.8870171089514636e-02	   6.0867891929894180e-01	   5.8350729117102917e-01	   3.6447480236210028e-01	   3.9138269485905131e-01	   3.3985831135702832e-01	   3.2913365312459630e-01	   6.0314805088940403e-02	   1.8544988647514046e-01	   4.2936140049166771e-01	   3.7424494298693706e-01	   2.0842271534249063e-01	   2.3557939396769928e-01	  -1.5841161750832142e-01	  -2.8245086819844328e-01	  -2.7900635597610546e-01	  -2.9537520144943408e-01	  -5.9264626797992097e-02	  -1.7451366644749342e-01	  -1.0159801418149915e-01	  -1.4707207098769781e-01	   1.8844996122732416e-01	   2.4385672960177596e-01	   3.5300833777467744e-01	   2.7629967167725628e-01	   5.0091068984894893e-01	   3.5044622317794522e-01	   2.4931173844321416e-02	   2.0633246371321706e-01	   4.5150273430067372e-01	   4.5368731537776846e-01	   6.5005737587185763e-01	   6.0361944949170443e-01	   1.8115003184835460e-01	   3.0792199771964551e-01	   4.2832327953188176e-01	   4.7199878043928145e-01	   2.1904572414814971e-01	   2.4433926459365385e-01	  -1.9550288809951127e-01	  -1.9847905709056118e-01	   3.8632805935210413e-01	   6.5230188417303514e-01	   1.2940555512051688e-01	   1.6772367004467020e-01	   1.7129767961320841e-01	   3.5331033727033911e-01	   4.5351350516745736e-01	   4.2213063078004365e-01	  -1.2849976796195242e-01	  -7.4996734097652062e-02	   5.1726986179395751e-02	   6.9263680055096283e-02	   5.2166353423331102e-01	   3.3429991372700424e-01	   6.5231158363844854e-01	   4.9623747071709740e-01	   3.9501105319427232e-01	   2.9394968344898692e-01	   6.3453040927079829e-01	   6.5512289342857877e-01	   5.6521294095923824e-01	   3.9316491031857664e-01	   5.1871950181103466e-01	   5.6425541399721046e-01	  -4.3673425380270504e-02	  -9.9396923457335834e-02	  -3.5092285808518010e-02	   3.6426272735392395e-02	   3.4818193532195629e-01	   4.5051088007540796e-01	   3.1204001344517485e-01	   3.7108619337450754e-01	   2.9473325186742166e-01	   3.3737314482426606e-01	   6.0034507389585330e-02	  -1.4881277621077937e-01	   2.6746519861350349e-01	   2.1024313832007679e-01	  -6.2407635502444644e-02	  -2.4320943678731964e-03	  -7.0308096522238725e-02	   2.9099236149568763e-01	   3.3982613878543738e-01	   1.3901317439657684e-01	   2.1950896591583555e-01	   7.8249514974874451e-02	
   5.7425022413207139e-01	   3.6594615875371056e-01	   1.2946075792482010e+00	   1.2210908436139662e+00	   1.1068772966881966e+00	   1.7052264535046622e+00	   9.5205052185553607e-01	   1.1269268482859616e+00	   1.0563847228371221e+00	   0.0000000000000000e+00	   4.3866653875641132e-01	   4.2768460145788900e-01	   1.7585372362982707e-01	   6.0661007246743925e-01	   8.6465085341982650e-01	   1.0454724059590732e+00	   2.7793363840747865e-02	   2.4450615318097271e-01	   7.2038962118709482e-01	   6.4794487562908953e-01	   5.1839802594091600e-01	   5.4658066300406283e-01	   1.0841370983364933e+00	   1.0572869317086837e+00	   6.5820911096780688e-01	   7.2434425212686071e-01	   7.3141445639365177e-01	   8.4847291370383338e-01	   1.3360012487422440e-01	   2.1777365719163777e-01	   7.1540367286557194e-01	   7.4910899045262302e-01	   5.4534736277044904e-01	   5.6040547719594391e-01	   3.9983661277389404e-01	   5.5098716035468021e-01	  -6.5933391644884126e-02	   1.9706613309450327e-01	   5.3743743327784421e-01	   5.6649914680753577e-01	   2.9818791935477501e-01	   3.3232507162046371e-01	  -3.9585296930731415e-02	  -1.8095411842792120e-01	  -1.4156543198070182e-01	  -1.6363810450812247e-01	   8.2718861348987427e-02	  -5.8605715564069009e-02	  -1.2120260636188740e-03	  -2.1521155548659640e-01	   1.5315868900367258e-01	   1.1142666473584290e-01	   4.4249565172524719e-01	   2.7245584072187740e-01	   6.2367322354082289e-01	   3.9166219590918028e-01	   3.0385448853291802e-01	   4.1674828379710499e-01	   6.0607039232299409e-01	   4.7182406948745692e-01	   6.1099273729662507e-01	   7.6933416724029469e-01	   3.0929916784273298e-01	   4.5594905503442984e-01	   3.3460376566189287e-01	   5.8356348535959734e-01	   3.6421729766928135e-01	   3.9705787409371285e-01	  -2.9307019461635535e-02	  -7.0566322508982371e-02	   3.4920344823003197e-01	   6.7440274592462113e-01	   2.6381991555745199e-01	   2.7247446687894372e-01	   3.3501796099726616e-01	   5.2108724143736662e-01	   6.2756111600258613e-01	   5.4531148833203069e-01	   3.2990218220634263e-02	   1.3175830429205942e-01	   2.3535550017843199e-01	   2.4982079242809796e-01	   5.6361095131586025e-01	   5.2003434843554863e-01	   7.8717458210884328e-01	   6.7682581481127979e-01	   5.0778586981613993e-01	   4.3565462383056219e-01	   9.2106076106793167e-01	   8.9326472158160952e-01	   6.4247950755013350e-01	   3.9263647140753510e-01	   7.2189999433594576e-01	   8.0120091039504016e-01	   3.0258364410734852e-02	  -4.9289396531991034e-02	   1.2653339743931766e-01	   1.5437303562043073e-01	   4.8692912119479648e-01	   5.1902429060828725e-01	   4.5169893288105417e-01	   5.7327982530179455e-01	   4.4334812098844961e-01	   5.6098987167702985e-01	   2.5826631185328930e-01	   7.4140309910501840e-03	   2.3548196334045962e-01	   3.3873045187673589e-01	   4.2492031917771246e-03	   1.4363662526477272e-01	   1.6213907575367642e-01	   4.1641033606243594e-01	   4.7058861009743030e-01	   2.3606848125469448e-01	   2.5543502619888037e-01	   1.5503875969862585e-02	
   4.2282316003131487e-01	   5.4502010635622944e-01	   3.2871567457644851e-01	   4.8463555182538576e-01	   3.5354982528633183e-01	   3.9499157525249229e-01	   3.7817929139227918e-01	   4.1970063555963527e-01	   4.4372443903831155e-01	   4.3866653875641132e-01	   0.0000000000000000e+00	   3.9873981138012832e-01	   1.0881771692524151e+00	   5.3948119304585695e-01	   5.3552676867267968e-01	   4.3863149106968652e-01	   2.7936472534419782e-01	   2.6443699088941680e-01	   4.2827062792930382e-01	   5.2699112986237107e-01	   1.4486538485619388e-01	   2.6626926356731101e-01	   3.2590237884051471e-01	   3.9656094363174377e-01	   1.9189937137244703e-01	   1.4667048343956218e-01	   1.7525700156427615e-01	   1.7555272877453651e-01	   2.2743930490790221e-01	   2.8957170623529294e-01	   2.7110301777583035e-01	   2.8916591771464462e-01	   3.4098335662569529e-01	   4.2856056783415347e-01	   1.7782432741606746e-01	   2.3674809479376610e-01	  -3.0505104025981725e-02	   1.0695168705046597e-01	   2.0258911847994724e-02	   1.2947735323323373e-01	   8.5034892559612829e-02	   1.6172877018556747e-01	   8.8534034104176637e-02	   1.2814806784902457e-03	   1.3859992655028980e-01	   1.9021124533686828e-01	   1.9858452634817769e-01	  -6.6416958599881939e-03	   4.8927649606403456e-01	   3.0912758834965354e-01	   3.4620953328074877e-01	   3.5657799622962527e-01	   2.6250492063018804e-01	  -4.5982646789990061e-02	   3.2737030327839656e-01	   1.0657651910036235e-01	   2.2983995415103062e-01	   5.5282874315440722e-01	   7.5162787271226150e-01	   6.9556547788757939e-01	   6.4388873618229392e-01	   3.9023600364434663e-01	   4.2901430245261496e-01	   5.5487197204157246e-01	   1.6974392610988076e-01	   3.8888140221697787e-01	   5.9684685526098469e-01	   4.3850588294573278e-01	   2.2899472865306647e-01	   3.0542171649871530e-01	   2.7917925349042300e-01	   3.3430886837683038e-01	   4.2180927099805715e-01	   3.3185956740442130e-01	   3.4649062014715770e-01	   3.2540381975435817e-01	   4.6163794627533378e-01	   4.3547274463467589e-01	   1.9243732315168349e-01	   3.1139388699180109e-01	   1.7774667188615062e-01	   2.5874555433315416e-01	   2.7074899041346656e-01	   2.7062469994066063e-01	   4.4918567681780808e-01	   4.8009299620750334e-01	   2.0613293273587166e-01	   3.6908828427041185e-02	   2.7843184862199993e-01	   3.1960100900031385e-01	   6.2860425168151962e-02	  -9.4788716569127546e-02	   1.5024898028582878e-01	   2.8434275272347403e-01	  -1.4176657427533412e-01	  -2.1129262159309412e-01	   1.7434503667487991e-01	   5.4281960875820455e-02	   2.1642459754653348e-01	   9.4130193859196937e-02	   2.1397975338106764e-01	   4.5487715519958816e-01	   1.8734326503480925e-01	   4.2333484125212167e-01	   1.8071711908027205e-01	   3.1425362259319183e-02	   4.5185269271361912e-02	   2.3637735245725008e-01	   1.2260173921913273e-01	   1.4850541275741153e-01	   3.0799157752272172e-01	  -5.2833528833420886e-02	   9.0536459810066042e-02	   2.5752472751674482e-01	   5.2921344171696298e-02	  -9.1018166657754362e-02	
   5.1317832210516556e-01	   3.8007240559840111e-01	   5.1584464602725677e-01	   6.9612785089559037e-01	   2.3037475352377840e-01	   4.3414868049965027e-01	   4.5260541007206778e-01	   7.3532214939833196e-01	   2.1322943436547842e-01	   4.2768460145788900e-01	   3.9873981138012832e-01	   0.0000000000000000e+00	   6.2425572012968486e-02	   1.4046313634311951e+00	   8.6474435699025992e-02	   7.0256366469290410e-01	   2.3686793592136035e-01	   3.9822735608477128e-01	   4.3888994340930948e-01	   5.6681364317372673e-01	   2.2511955210266554e-01	   4.7064394188290337e-02	   5.4860282355649570e-01	   8.5334479262093232e-01	   1.4545270255106008e-01	   1.6621293149211464e-01	  -2.0959106975533295e-02	   4.3745557451940108e-02	   2.2134551797850566e-01	   4.9885094804188346e-01	   3.8887263729148025e-01	   4.9772197530158491e-01	   4.6009629052994661e-01	   4.3485815883101420e-01	   1.7027951849559914e-01	   2.0561908256104244e-01	  -1.0617324055240041e-01	   6.4937130855361999e-02	   1.4344017819195543e-01	   2.9015270999233178e-01	   3.9982320299365082e-01	   3.5577054419812659e-01	   6.9831821595299742e-02	  -2.4306868296382324e-02	   9.8743346481867583e-02	   7.9276447374623082e-02	   1.3534995726248317e-01	  -8.6210250653976542e-02	   1.7862824454522219e-01	   5.1405154542248088e-02	   3.2221975268368885e-01	   2.2522284939888385e-01	   3.6258843310437472e-01	   2.2289755024094265e-01	   3.4589700625919395e-01	   1.3580576280133516e-01	   2.4732595378048106e-01	   2.9079756773295845e-01	   3.6205802688980848e-01	   3.0106562160290434e-01	   5.1483909242517334e-01	   7.7059631135359541e-01	   5.9526589788812367e-01	   8.7067212720643394e-01	   2.0386459998406703e-01	   6.2529525271207220e-01	   3.1881699370181954e-01	   3.1453066895577203e-01	  -2.6357239991973520e-03	  -7.1940873792665325e-02	   1.3511974954175521e-01	   6.2529911402084970e-02	   5.3799139369512572e-01	   4.0633814607107344e-01	   6.2096055152592300e-01	   5.9634674441720859e-01	   3.0714974712933513e-01	   1.6805614566950591e-01	   3.2663845515478129e-01	   2.4840843720559719e-01	   5.3630000761876451e-01	   7.5605196979181888e-01	   4.1924810298267134e-01	   7.0113291006889755e-01	   6.5592002020138307e-01	   1.0853665952461649e+00	   4.2557081217057119e-01	   5.7209197605597273e-01	   2.7100301301340224e-01	   4.3586817304608944e-01	  -1.5024479992895809e-02	  -1.2918278313028644e-01	   9.6326907879873219e-02	   2.5747120207525837e-01	  -1.9136376147816159e-01	  -2.8968730768928863e-01	  -9.8535746446859016e-02	  -1.6079555404447943e-01	   2.0626731259689179e-02	  -3.2542904538351056e-02	   4.1009417677723235e-03	   2.5705743610239623e-01	  -7.9466315257970613e-02	   1.6977101295628058e-01	  -1.6761591727071645e-01	  -1.5637879171544034e-01	  -7.5140518794056602e-02	  -6.2417340674107501e-02	  -2.4186558486217152e-01	  -9.1258483708602012e-02	   1.1430193058679973e-01	  -1.2043265851889946e-01	   1.8279856926669891e-02	  -1.7373110339356655e-02	  -1.4790435920772574e-01	  -1.3242370951684229e-01	
   7.5406389478240896e-02	   1.7912325681139571e-01	   7.3604457264696999e-02	   1.4698860272985059e-01	   1.6463389026727032e-01	   1.4975176771174328e-01	   2.1802892150916692e-01	   1.3638162064909473e-01	   2.7513722721914524e-01	   1.7585372362982707e-01	   1.0881771692524151e+00	   6.2425572012968486e-02	   0.0000000000000000e+00	   2.9288469250019256e-01	   6.2155681424964049e-01	   1.6731219512211959e-01	   1.0744050357731746e-01	   1.1913461218385886e-02	   1.6715657260076927e-01	   1.5460877338642415e-01	  -4.2771502193583985e-02	   1.2499802473721085e-01	   8.5731912204822430e-02	   5.3145861893652654e-02	  -8.3458837065629995e-02	  -1.1027115378590059e-01	   1.0723679942308431e-02	  -4.5989597776833757e-02	   2.3595907544677158e-01	   1.5837881306170895e-01	   9.1013621356487009e-02	   1.1780682732036503e-01	   9.5575491799610265e-02	   1.8215884589016457e-01	  -1.0322115506621590e-01	  -5.5676007112207999e-02	   1.7460549856863750e-01	   1.7419089010560510e-01	  -6.0429666089702613e-02	   1.6154009798909307e-02	   7.9706957115771124e-02	   1.7989530142824006e-01	   2.2950745580541099e-02	  -7.4969482240449095e-02	   1.0182901764412286e-01	   7.4125036016542412e-02	   1.4171433058544394e-01	  -7.3726255764529638e-02	   2.8361069225159774e-01	   1.6129741711142739e-01	   1.8360394010918488e-01	   2.5772578149067293e-01	   6.2384874152989475e-02	  -1.6462309571044242e-01	   7.5609161076047302e-02	  -7.9288662423790207e-02	   7.3321104289084102e-02	   2.0715710217513505e-01	   2.6315635171728807e-01	   2.9983509002711883e-01	   2.1698366535126168e-01	   4.2317265359319373e-02	   1.3942895312593989e-01	   2.5391666363590815e-01	  -5.1626749228582951e-02	   1.0059795763843611e-01	   3.0124653130926410e-01	   2.0163369900044023e-01	   2.0006121247960376e-01	   2.7384581216519555e-01	   3.1317759620433516e-01	   3.7391207144197519e-01	   2.4836290124768817e-01	   1.9517736339108588e-01	   1.6300698022364998e-01	   1.2431326978025128e-01	   4.4093594478607184e-01	   5.2402346135440236e-01	   5.9535392085179266e-02	   1.2037759561768574e-01	   3.9069915865487644e-02	   1.0380956646878060e-03	   1.3724969290722958e-01	  -4.3670106102730206e-03	   2.3746767990616907e-01	   1.5584194450365216e-01	   2.8339401298763028e-02	  -2.8742272996270007e-01	   6.0300371818042965e-02	   5.1976143233987387e-02	  -5.4200167224649910e-02	  -1.5323040301546267e-01	  -3.5842609262286989e-04	   1.0873395914287953e-01	  -2.7394195116526309e-02	  -7.1795059984507498e-02	   1.6076206053475725e-01	   1.0684306655464886e-01	   8.8095349476561113e-02	  -4.8649141452574082e-02	   1.3099912404709044e-01	   2.4167542250217106e-01	   1.3931878645918885e-01	   2.2739456503744371e-01	   1.2351913071164412e-01	  -1.4730430403300326e-02	   1.2025499618864388e-01	   1.3766849926414690e-01	   2.0418190998589419e-01	   1.8051863413913491e-01	   2.3034461497521558e-01	  -5.5546394339014399e-02	   8.9615499608068083e-02	   2.4188887672789219e-01	   9.3564553854618232e-02	  -5.8622066591605036e-02	
