   0.0000000000000000e+00	   2.0579368106742337e+00	   1.1157465992363056e+00	   1.1239682240063176e+00	   7.2565287058068817e-01	   7.1592945739625524e-01	   1.0989608695469635e+00	   1.1381051822898038e+00	   8.6318210850479982e-01	   6.8611332217838183e-01	   1.1294980487178736e+00	   1.2871043414572885e+00	   1.0306786973502295e+00	   9.6969218635135268e-01	   1.1043923312863886e+00	   1.1207070134822095e+00	   1.3570139364857561e+00	   1.5238446852587713e+00	   1.5835367433765297e+00	   1.6920892073640565e+00	   9.2610264335834824e-01	   1.0467679497159363e+00	   1.1350613757739754e+00	   1.1106478580221912e+00	   1.0012933767629173e+00	   9.8011577763712998e-01	   7.0828053470837837e-01	   7.3067928334591548e-01	   9.6458792212224820e-01	   1.0400326681626075e+00	   8.5949786755843660e-01	   8.9002974212010633e-01	   1.3696793312393931e+00	   1.3664825727263663e+00	   1.0388413801678380e+00	   8.8835364050034149e-01	   8.6338882112020032e-01	   9.0995686787478558e-01	   1.0728788588630009e+00	   1.1879773723116096e+00	   1.1925385420025414e+00	   1.2270131117940517e+00	   7.4098763140985202e-01	   9.1708502925987567e-01	   7.9665347779590168e-01	   9.2436436165007918e-01	   9.3119760702944532e-01	   1.0975018755331973e+00	   9.0039115113613755e-01	   9.5702767581635229e-01	   1.0872481221637491e+00	   1.1246861706073439e+00	   1.2308608486095922e+00	   1.4094522691839502e+00	   1.2637309516431920e+00	   1.2671866708814596e+00	   1.9015969345968511e+00	   1.6730948547623326e+00	   1.2959307756770266e+00	   1.1687009089055975e+00	   1.2941732698373809e+00	   1.0659817900974706e+00	   1.3518617231391885e+00	   1.4387927797533409e+00	   8.7970444327646136e-01	   9.9539893323216755e-01	   1.0519647757170705e+00	   1.0055427108065227e+00	   1.7849436586153464e+00	   1.4673765917309352e+00	   5.9339637426487313e-01	   5.4208911563329409e-01	   8.9330819556921426e-01	   8.8863305087891165e-01	   8.4632918345785912e-01	   7.7200381926068962e-01	   1.3954902989115661e+00	   1.3134795485697421e+00	   1.4309897206505855e+00	   1.4889947053226347e+00	   1.5849961123400720e+00	   1.5744456574072809e+00	   1.1834066378630510e+00	   1.5002908837464961e+00	   1.2804250814688145e+00	   1.4013559543503065e+00	   8.7658861427265633e-01	   9.7597442164263604e-01	   1.2219023207318307e+00	   1.3854507917118224e+00	   1.1770330532814406e+00	   1.1164202023187941e+00	   8.7095786624320803e-01	   1.0253234341493191e+00	   2.6053134325200222e-01	   1.8959708635923742e-01	   1.1430524218864959e+00	   9.3873693158915794e-01	   1.1129078172934204e+00	   1.1957564299990993e+00	   9.1511373286389819e-01	   9.2838093414150258e-01	   8.0018426744499904e-01	   9.1404768683117310e-01	   6.1323737630799890e-01	   6.4604870970405726e-01	   4.7311778692887829e-01	   5.1445023510394572e-01	   1.2139718760667281e-01	   4.6543041872072033e-01	   1.0968534444016305e+00	   1.0305260691910743e+00	   1.0477916609601960e+00	   1.2359547800695991e+00	   9.6557544734784528e-01	   3.3415191254970866e-01	
   2.0579368106742337e+00	   0.0000000000000000e+00	   1.0858514673547108e+00	   1.1424601972074009e+00	   6.7961703149772845e-01	   6.8356809954354247e-01	   1.0770975387979069e+00	   1.1770659018188232e+00	   8.2171364496086219e-01	   6.6878811270931160e-01	   1.0914394896827395e+00	   1.3562754231403251e+00	   1.0209216647983328e+00	   9.8247097834689012e-01	   1.0834524195342015e+00	   1.1670383539337803e+00	   1.4379942563064705e+00	   1.6824663591904441e+00	   1.5234575993477815e+00	   1.7666764041537235e+00	   9.2279318140864142e-01	   1.0285952052663969e+00	   1.1332531510693911e+00	   1.1482368462238279e+00	   9.8297976663594844e-01	   9.7316599230929268e-01	   6.8170991366839151e-01	   7.2305482665163634e-01	   1.0278025435551548e+00	   1.2029368763457058e+00	   8.5837293977483164e-01	   8.9296173025722791e-01	   1.3492999632361991e+00	   1.3793639064175824e+00	   9.6177395104045593e-01	   7.9801993724097309e-01	   7.7240418725119664e-01	   8.0742974516207411e-01	   1.0027244239440809e+00	   1.1355640051271225e+00	   1.1395195296800649e+00	   1.1225820643816642e+00	   6.8647169922195561e-01	   8.5349432231582711e-01	   7.6043304991677640e-01	   8.7373724178870615e-01	   8.7573913497879308e-01	   1.0257414739392081e+00	   8.6858824395374890e-01	   9.2628783468775466e-01	   9.9966252301590675e-01	   1.0813055889975125e+00	   1.2333299526479000e+00	   1.3226386845252602e+00	   1.1967783788048241e+00	   1.2005224784648199e+00	   1.7364052469733269e+00	   1.8188064755681577e+00	   1.1728239887270471e+00	   1.1476235331955444e+00	   1.2008821162210903e+00	   1.0646743691467149e+00	   1.2513882058019599e+00	   1.4866025042037303e+00	   8.6042550275165675e-01	   9.4980488504714766e-01	   9.4578040620551973e-01	   9.2840240660342732e-01	   1.5702838794843226e+00	   1.3627055005259736e+00	   6.0040925118853083e-01	   4.9973737827610837e-01	   8.0036684955475690e-01	   8.3431593840823370e-01	   7.7606364810588813e-01	   7.6399223382009118e-01	   1.2943415650602159e+00	   1.2149674551360716e+00	   1.4508550035782934e+00	   1.5406598644798659e+00	   1.6083335248816295e+00	   1.5600742356335888e+00	   1.2913005035180158e+00	   1.5887581223667675e+00	   1.2143917509262925e+00	   1.3882394391030302e+00	   9.3712181243283621e-01	   9.9021657357462778e-01	   1.2103541086229259e+00	   1.4080074700806737e+00	   1.1202156314818457e+00	   1.0521103328037240e+00	   8.4860949215532944e-01	   9.6450442430691585e-01	   2.6044041229511966e-01	   1.6645037660313916e-01	   1.0646131294579766e+00	   8.4786953268270260e-01	   1.0341432286162044e+00	   1.1012592006565765e+00	   8.9557346835800300e-01	   8.7180299326933763e-01	   7.4710881355189240e-01	   8.3193836730454085e-01	   5.4793910438382443e-01	   5.7384833592683460e-01	   4.7676510667036215e-01	   4.5521386789433271e-01	   9.2713459727792685e-02	   4.9707630899660987e-01	   9.8573633068736788e-01	   9.3474645780841514e-01	   9.6467253602335923e-01	   1.1788788443673823e+00	   8.9805864404018865e-01	   2.6887887416684220e-01	
   1.1157465992363056e+00	   1.0858514673547108e+00	   0.0000000000000000e+00	   1.7517238041128711e+00	   8.8732056254320013e-01	   8.3456653514607759e-01	   1.8162462472614365e+00	   1.2533551037334902e+00	   9.4166612200287081e-01	   7.2867965000843882e-01	   1.2344355861797893e+00	   1.2361178408359905e+00	   1.2101752637486041e+00	   9.7284192943858927e-01	   1.3489100343709104e+00	   1.1613582238416345e+00	   8.6767477838355722e-01	   8.9261762924364785e-01	   1.5834334194593629e+00	   1.3676811290166415e+00	   9.3774440162232753e-01	   8.8247220531273662e-01	   2.1309008975344650e+00	   1.6389522933357066e+00	   1.7620935029283733e+00	   1.5603483524408917e+00	   8.5236579451712879e-01	   8.6120618094443957e-01	   9.4790599891146299e-01	   9.4545258800924126e-01	   1.3677416831945546e+00	   1.3423624448068501e+00	   1.6083013179743542e+00	   1.5289602382266951e+00	   1.5745518659910300e+00	   1.1140117314961266e+00	   6.7535871872757502e-01	   5.9066913871582960e-01	   1.1168436473925452e+00	   1.0052143671242688e+00	   1.0996081002920648e+00	   7.9968395920923419e-01	   7.5715921709916356e-01	   9.5514288629636068e-01	   8.2746863555693817e-01	   9.1235326377358839e-01	   8.6774577193707436e-01	   9.5787675041538034e-01	   9.5204548059893090e-01	   8.2194294931070522e-01	   1.0301543854555582e+00	   9.7156863344467714e-01	   9.8931134264957776e-01	   1.0057242635120685e+00	   1.3380101578960282e+00	   1.0381801249603246e+00	   8.1144795915148848e-01	   9.0678447064269774e-01	   9.9701340129488991e-01	   1.0175406339922304e+00	   1.6527099324621601e+00	   1.4199619338173899e+00	   1.0180524629952139e+00	   1.1754724782941997e+00	   1.8452017614330680e+00	   1.5811005989429576e+00	   1.3143678021084277e+00	   1.1600338677228079e+00	   1.0806061011669554e+00	   1.0906684220136977e+00	   7.3117493467563088e-01	   5.5993756023960961e-01	   8.3097430710307396e-01	   8.7473819124205920e-01	   8.0452983683679424e-01	   7.7853809995741530e-01	   1.0340216303623513e+00	   9.2468816726481096e-01	   1.0530941283893624e+00	   1.0896860327427320e+00	   1.2148774422936470e+00	   1.4303025483631560e+00	   1.3166533223705650e+00	   1.1794336381892396e+00	   1.7448850005704846e+00	   1.6474003989741903e+00	   9.6115993823230650e-01	   9.3706192683325262e-01	   1.2638926076532733e+00	   1.2072487002276209e+00	   8.5574335056549145e-01	   9.4710754972213507e-01	   7.5384286345159934e-01	   1.0280818837567869e+00	   1.9696648896857158e-01	   3.5044846403373110e-02	   1.0216644082494555e+00	   6.4772229725535979e-01	   7.2167684177097358e-01	   7.7884845117423185e-01	   7.9936523184469932e-01	   8.6692921703518866e-01	   6.0480265137626976e-01	   6.2751558279907127e-01	   3.9129834094424171e-01	   4.7952413108349967e-01	   4.4631860408789414e-01	   3.9372947398494212e-01	   5.7621286324165535e-02	   4.1305382558106729e-01	   9.1628248188381878e-01	   6.3394433453194643e-01	   6.7038481459637878e-01	   8.9274799316151221e-01	   7.9928997367913512e-01	   1.4177655641435410e-01	
   1.1239682240063176e+00	   1.1424601972074009e+00	   1.7517238041128711e+00	   0.0000000000000000e+00	   9.1577300007704832e-01	   9.1817944159809683e-01	   1.5508113257213696e+00	   1.5495508072143338e+00	   9.7310311387595971e-01	   8.2012437510252090e-01	   1.1552941999628412e+00	   1.4487596083982655e+00	   1.1785619926041973e+00	   1.1086168932167908e+00	   1.2983228338342006e+00	   1.3475783321141741e+00	   8.8482256908870427e-01	   9.0852389183507776e-01	   1.6597860184593085e+00	   1.6226053916285010e+00	   9.1089443632682132e-01	   9.7661821549514483e-01	   1.6572133784064178e+00	   1.8062938109203404e+00	   1.4752897093407726e+00	   1.6530183602657977e+00	   8.0888812497320417e-01	   8.7502254928943646e-01	   8.8589284827978509e-01	   1.0221824206436554e+00	   1.2045629012204333e+00	   1.3193123356257463e+00	   1.5184460466508303e+00	   1.5967666987499842e+00	   1.5437681019714875e+00	   1.2263366863504697e+00	   7.4222370852703801e-01	   6.6863656243012970e-01	   1.2424718074848216e+00	   1.1597798489674449e+00	   1.2336510500490943e+00	   8.8413476593393459e-01	   8.1143816982709538e-01	   9.6870325213280006e-01	   8.4301301264802964e-01	   9.6891598348292096e-01	   9.3110269155144154e-01	   1.0405478015469196e+00	   8.9284617853273285e-01	   8.1488801909254893e-01	   9.6332578063768537e-01	   9.2386937219584309e-01	   9.2774861251193674e-01	   9.8140708046787872e-01	   1.3647793805866015e+00	   1.0762192185159161e+00	   8.6986240229495015e-01	   9.6390948117678066e-01	   1.0107661109118591e+00	   1.1524196916920471e+00	   1.4896473021075258e+00	   1.8084469672956960e+00	   9.9993417045467892e-01	   1.2440259619195262e+00	   1.4967321733907408e+00	   1.9450949457610442e+00	   1.3806937421768872e+00	   1.3597703863962158e+00	   1.2241770962457448e+00	   1.3120212085993201e+00	   6.2292458715998567e-01	   5.1576717079463652e-01	   7.0404752875421073e-01	   8.0985849694221879e-01	   7.2530514073624663e-01	   7.6879487171708927e-01	   1.0616613785990709e+00	   1.0528846683439095e+00	   1.0442237687572371e+00	   1.1574330537825617e+00	   1.2414695779277805e+00	   1.4074619234761607e+00	   1.2825432660248728e+00	   1.3713636034848509e+00	   1.6644782963433702e+00	   1.7997703641289733e+00	   9.9295591806255634e-01	   1.0467281067933722e+00	   1.3503814849731075e+00	   1.3386481357626223e+00	   1.0213697994322728e+00	   9.9556184803841541e-01	   9.1757340448821145e-01	   1.0204860967001546e+00	   2.5446326166413302e-01	   1.6984936976223783e-01	   1.1777191243412801e+00	   7.8970413028999586e-01	   8.6385489508552937e-01	   8.6200944806900159e-01	   9.5989575516011816e-01	   8.6826378383741187e-01	   7.1901365513976268e-01	   7.3927872594445032e-01	   5.4288487884332315e-01	   5.5959214611223151e-01	   5.5491406635956420e-01	   4.8632812860922531e-01	   1.3639558793507264e-01	   4.6544822456332602e-01	   1.0767727162570648e+00	   7.4983625547705479e-01	   7.5794925396572344e-01	   1.0412076844586069e+00	   9.4707173691131463e-01	   2.6703802465495685e-01	
   7.2565287058068817e-01	   6.7961703149772845e-01	   8.8732056254320013e-01	   9.1577300007704832e-01	   0.0000000000000000e+00	   1.8192567720570620e+00	   1.0025508583871241e+00	   1.0951916260986443e+00	   1.7957759348173719e+00	   1.4549287253496594e+00	   6.0920014369077324e-01	   7.0572833693921533e-01	   6.5302270423480513e-01	   6.6211134001060479e-01	   1.2622928287307023e+00	   1.2364657994924717e+00	   5.0681943248169037e-01	   6.0701082105294146e-01	   8.7597229389293152e-01	   8.4953258019580535e-01	   1.0996014091727868e+00	   1.0854779326213952e+00	   8.5251586014642422e-01	   8.0099443510891366e-01	   8.3695321358075336e-01	   9.3872805439922269e-01	   1.2936926022516058e+00	   1.3065187992854248e+00	   6.1020522968227420e-01	   6.4281405286537341e-01	   7.0222491729405678e-01	   7.4535758063560686e-01	   8.3107167218599987e-01	   8.2892993658814040e-01	   9.3851305341858249e-01	   9.5360117771349417e-01	   7.9491719953414985e-01	   7.7401094446946139e-01	   1.1774645006996050e+00	   9.2011212217834992e-01	   8.5794988800476391e-01	   6.5368312110754812e-01	   6.5555818789636555e-01	   6.5089571556888226e-01	   7.4518340512641867e-01	   7.9801995844609364e-01	   7.2959824740861368e-01	   8.3975080492456122e-01	   6.1819856441968946e-01	   6.5210314034951167e-01	   6.8882384623999815e-01	   6.8497439064200505e-01	   6.5357441009500661e-01	   7.2717176959727903e-01	   9.5348347590162108e-01	   9.2402765065294090e-01	   6.6434723122616135e-01	   6.4838843893233489e-01	   7.3529821774574711e-01	   7.0343878392421733e-01	   9.7333479631345976e-01	   8.7699935741774315e-01	   6.7028677489107025e-01	   7.9306252100788055e-01	   6.7777363527344814e-01	   7.8647356573678884e-01	   9.6558901433866950e-01	   9.0317219053381659e-01	   8.1600846610977862e-01	   8.9906892803116600e-01	   5.6229049080529925e-01	   6.5174650207730689e-01	   4.7320750604275508e-01	   5.3504900522361321e-01	   4.0434285823562499e-01	   4.4726782098869727e-01	   6.8811841659610684e-01	   8.0602854440563543e-01	   6.2639890408717702e-01	   7.2092434504125069e-01	   7.9684359706071994e-01	   7.7982837533191263e-01	   6.9984480477295130e-01	   7.5265008186086235e-01	   9.2059625650551413e-01	   8.9715594703883683e-01	   6.5663864487158241e-01	   5.6137436764914850e-01	   1.0433209468498643e+00	   8.8619155866375554e-01	   7.8381051545158875e-01	   8.2136268045231997e-01	   6.7499718168066081e-01	   7.7615818117631485e-01	   2.7496916747137451e-01	   5.5181177824945894e-02	   8.9502289282552061e-01	   7.6896446951381381e-01	   8.7473559003117352e-01	   8.2931984165489014e-01	   7.2090265304879697e-01	   7.2785908857775994e-01	   6.6949404193294904e-01	   7.0757141357707642e-01	   5.0631713754510410e-01	   5.6810447567477351e-01	   4.7863475747074480e-01	   5.8434179510059703e-01	   1.6045828952730609e-01	   5.2601875131521569e-01	   8.4591811151896756e-01	   8.1020024568725857e-01	   7.2572779586572267e-01	   8.1869423585335632e-01	   6.3719191744680448e-01	   3.8359798406497397e-01	
   7.1592945739625524e-01	   6.8356809954354247e-01	   8.3456653514607759e-01	   9.1817944159809683e-01	   1.8192567720570620e+00	   0.0000000000000000e+00	   9.4109510009527619e-01	   1.0845714977435896e+00	   1.7137568770843854e+00	   1.8247338143887015e+00	   5.8298732404162978e-01	   7.3354054820448866e-01	   6.7334872261445911e-01	   7.1731309138050237e-01	   1.2512763194658698e+00	   1.3303054609379712e+00	   4.4387491863449163e-01	   5.7149782367298918e-01	   8.5474588540613172e-01	   8.4655850102947683e-01	   1.0785141786062231e+00	   1.0743755224537517e+00	   7.7790154198432948e-01	   7.3511768496338947e-01	   7.8264627693879762e-01	   8.8956057746626305e-01	   1.1645939705122037e+00	   1.2579858216762014e+00	   5.6599655290258655e-01	   6.6074504131657463e-01	   6.1205222768081979e-01	   6.4587979023888731e-01	   7.6838078504213847e-01	   7.8586525966382981e-01	   8.5714064015947855e-01	   9.1232470574697500e-01	   7.1334838590800786e-01	   6.7287283045306412e-01	   1.1194378720112248e+00	   8.7982753897687005e-01	   8.7653276769035104e-01	   5.9876783862829042e-01	   6.0306937371679747e-01	   6.2419500018937735e-01	   7.1371282961555671e-01	   7.9334794607473968e-01	   7.1750970124797242e-01	   8.3372540146709140e-01	   6.0438290844546039e-01	   6.7660780985648938e-01	   6.8295569466085992e-01	   7.1327946374270823e-01	   6.8389514346891489e-01	   7.3460141793907585e-01	   9.3229564454745362e-01	   9.1319393577531938e-01	   6.6946906957271923e-01	   6.7017737587244808e-01	   7.8641887641230102e-01	   7.8901385784756384e-01	   9.2694604658581858e-01	   9.2579035461615022e-01	   6.1700228875347440e-01	   7.5100931091580292e-01	   6.2972577290138620e-01	   7.8247464341875061e-01	   9.5184310482957357e-01	   9.1491354339763631e-01	   8.4793209223883537e-01	   9.2537825525297157e-01	   4.6411209612871585e-01	   5.0206061375095634e-01	   4.2544112811241280e-01	   4.6221047057956044e-01	   3.4865229633980849e-01	   4.0231861459031365e-01	   6.4652484039961078e-01	   7.7297586986540379e-01	   5.6441114655688840e-01	   7.2221024838833880e-01	   7.6443638457707863e-01	   7.4667670966542810e-01	   7.5068395660031251e-01	   7.8024420925330318e-01	   8.8356735395146591e-01	   8.8806316388632622e-01	   6.9454773673891534e-01	   6.2064167735169018e-01	   1.0588143303525808e+00	   9.3556557342048563e-01	   8.1579027188300768e-01	   8.3757286859097801e-01	   6.9093052763686258e-01	   7.9081260256576380e-01	   3.1615609432432756e-01	   8.6074346750868197e-02	   9.0730255801735415e-01	   8.0765896683385952e-01	   9.0255803156896730e-01	   8.6415384283453434e-01	   8.1210526421474760e-01	   8.2563904078962336e-01	   7.6406464992365319e-01	   8.1255025890027233e-01	   5.3820626092561685e-01	   5.4548118709709625e-01	   4.8619727795849677e-01	   6.2078126076478013e-01	   1.7911359520611136e-01	   5.4466294308655350e-01	   7.9756247878972197e-01	   7.9188246669614404e-01	   7.1494037856433534e-01	   8.0819562092014052e-01	   6.1428130228240652e-01	   2.9500626577444888e-01	
   1.0989608695469635e+00	   1.0770975387979069e+00	   1.8162462472614365e+00	   1.5508113257213696e+00	   1.0025508583871241e+00	   9.4109510009527619e-01	   0.0000000000000000e+00	   1.5878426666322729e+00	   1.0691281264206434e+00	   7.8746396254541695e-01	   1.3704557319647566e+00	   1.3333317239209190e+00	   1.3854260208774363e+00	   1.1168788917978620e+00	   1.4197539044425580e+00	   1.2181285013151797e+00	   9.1973404526061875e-01	   9.6541118409115478e-01	   1.5585890328010779e+00	   1.4142904024342002e+00	   9.7009025745837318e-01	   9.1666476677298725e-01	   1.7075454623496060e+00	   1.4463853588141018e+00	   1.3735036205440796e+00	   1.3412363102690177e+00	   9.2195216868344498e-01	   8.9109532984562057e-01	   1.1297910939822815e+00	   1.1022278098609235e+00	   1.3792995398085783e+00	   1.3390947758252809e+00	   1.7638615002068900e+00	   1.7123419643326683e+00	   1.3153988541785675e+00	   1.0712994179680828e+00	   6.6773123406804635e-01	   6.1413164896377193e-01	   1.1806283855132340e+00	   1.0611362859256426e+00	   1.0941394575938383e+00	   8.2247805204752911e-01	   7.7313823702806705e-01	   9.1645761907025269e-01	   8.3226153190804775e-01	   9.4298021260744502e-01	   8.7458456836042120e-01	   9.7205927993355434e-01	   8.6518700385533132e-01	   7.7355330323400984e-01	   9.6661864825002586e-01	   8.9420356619889474e-01	   8.7916367196608325e-01	   9.1450965349791691e-01	   1.3094958285115097e+00	   1.0675501404324674e+00	   8.4706285501425815e-01	   9.6230358869579757e-01	   1.0108542279065444e+00	   1.0466386216458226e+00	   1.8281533868036215e+00	   1.4688655353971090e+00	   1.1925574877209266e+00	   1.3909160600525854e+00	   1.2828514379194658e+00	   1.3991202256468624e+00	   1.4071359771851537e+00	   1.2842516175950407e+00	   1.1251556855595772e+00	   1.1211498132537570e+00	   8.5927523685998608e-01	   6.3030423456759377e-01	   9.4232747545174034e-01	   1.0213240302339885e+00	   8.7160396351074920e-01	   9.1468202313491243e-01	   1.1065467198005712e+00	   9.9702809324413333e-01	   1.1361191972111482e+00	   1.1591149118500013e+00	   1.3947223189180395e+00	   1.4994035607728586e+00	   1.2481230684087254e+00	   1.1526012421246405e+00	   1.5709834988605880e+00	   1.5566515944506676e+00	   9.1492796869660731e-01	   8.5370470753013961e-01	   1.2720280193927103e+00	   1.1928752650150323e+00	   8.3020911948695320e-01	   8.8665970845716491e-01	   6.8273134844249972e-01	   9.1271383536525641e-01	   2.5464492844720660e-01	   9.1472304116235220e-02	   1.0630626900908198e+00	   7.2318100911699512e-01	   7.5779672841636492e-01	   7.5243106067168997e-01	   7.7134318942502378e-01	   8.4287108542662104e-01	   6.3136771020866345e-01	   6.4237894133215989e-01	   3.9624726655485554e-01	   4.6765134565607946e-01	   4.9230137560479192e-01	   4.0701869820784964e-01	   8.1289440040009334e-02	   4.4497468513558891e-01	   8.8999417926503166e-01	   6.6397680483349453e-01	   6.4766526408360281e-01	   9.1274555820893677e-01	   7.8196506525012599e-01	   2.3590089632798139e-01	
   1.1381051822898038e+00	   1.1770659018188232e+00	   1.2533551037334902e+00	   1.5495508072143338e+00	   1.0951916260986443e+00	   1.0845714977435896e+00	   1.5878426666322729e+00	   0.0000000000000000e+00	   1.1745399571057926e+00	   9.3609890022573394e-01	   1.0580385996586033e+00	   1.3410698393398546e+00	   1.0861484627422029e+00	   1.1352800365984912e+00	   1.2989647840733938e+00	   1.3876565338619871e+00	   9.3202558056544493e-01	   1.0336293574977571e+00	   1.4386393313249075e+00	   1.5599418435087566e+00	   9.8991054736635697e-01	   1.0413681776407000e+00	   1.2616588794495622e+00	   1.3272738464430995e+00	   1.1016433795186653e+00	   1.2010260030823421e+00	   9.5395391204292324e-01	   9.5933255690505204e-01	   9.7360051005139603e-01	   1.1539346222117224e+00	   1.0387130416874171e+00	   1.1194527242621435e+00	   1.4684656229956929e+00	   1.5500297818657498e+00	   1.1624187735252876e+00	   1.0478991231378030e+00	   7.4420342771124315e-01	   7.8144758015787674e-01	   1.3675282598818690e+00	   1.2606967113759004e+00	   1.1850102099292816e+00	   9.3318509930064919e-01	   7.7004737817055247e-01	   8.3510012607512207e-01	   7.9291952339537208e-01	   9.2474585906015494e-01	   8.7113501544207173e-01	   1.0070911113489653e+00	   7.6769724129411621e-01	   7.6392427303976607e-01	   8.8513403138460300e-01	   8.5265058971294971e-01	   8.4158672162011805e-01	   9.1495994022778004e-01	   1.2774742609244520e+00	   1.1517956120146486e+00	   1.0146775724739994e+00	   1.1417594026655709e+00	   1.0452435555391244e+00	   1.1731028345267449e+00	   1.4673057360760715e+00	   1.5577992996651617e+00	   1.1251804760359789e+00	   1.4944065954982859e+00	   9.8683420389940835e-01	   1.3134563569998063e+00	   1.3114668760942996e+00	   1.3490615671926207e+00	   1.2968520486227337e+00	   1.3340113500849253e+00	   6.7942220949311416e-01	   5.4341795680287996e-01	   7.1263346582334774e-01	   8.5695243987731418e-01	   6.8217070284349512e-01	   7.8921111858873882e-01	   1.0777729980374491e+00	   1.0850009926143964e+00	   1.0805377583313238e+00	   1.2233645558801534e+00	   1.3868492637405214e+00	   1.3774612917706728e+00	   1.1470417057939772e+00	   1.3020755856904678e+00	   1.4411158925188499e+00	   1.5729904716214576e+00	   9.7495889497545174e-01	   8.8948971052743753e-01	   1.3655373742530981e+00	   1.3246090658262382e+00	   9.9910099490048154e-01	   9.5315249530404855e-01	   8.0979947334072222e-01	   9.0519244294725509e-01	   3.1502401206824160e-01	   2.1711581484508999e-01	   1.1720395675037092e+00	   9.3366666912546947e-01	   9.6071747339757196e-01	   8.9196634105480510e-01	   9.0938178630331024e-01	   8.5737496008955061e-01	   7.9559387380796431e-01	   8.0929245407882178e-01	   5.2306298955773056e-01	   5.5797461921323110e-01	   5.8585014785176115e-01	   5.3921276141921348e-01	   2.0052252617890215e-01	   5.4653866170252718e-01	   1.0254825866223554e+00	   8.5283644156258576e-01	   7.4451603803149524e-01	   1.0313637358935448e+00	   8.5220142981400149e-01	   3.6270456607328849e-01	
   8.6318210850479982e-01	   8.2171364496086219e-01	   9.4166612200287081e-01	   9.7310311387595971e-01	   1.7957759348173719e+00	   1.7137568770843854e+00	   1.0691281264206434e+00	   1.1745399571057926e+00	   0.0000000000000000e+00	   1.7113085614498897e+00	   6.6307403359705308e-01	   8.5667916179102188e-01	   7.6673422843704919e-01	   7.9327720376474864e-01	   1.4121148534470032e+00	   1.3948196333196754e+00	   6.0862846458354658e-01	   7.5979998808338767e-01	   1.0149751489202672e+00	   9.7883266555735549e-01	   1.0369541246552609e+00	   1.0246360958054190e+00	   8.7862923646497426e-01	   8.1276273226429363e-01	   8.2970658178561574e-01	   9.1061992699499006e-01	   1.0184639694881252e+00	   1.1172702090949100e+00	   6.6024508760901646e-01	   7.2201931420988219e-01	   6.5396778926573085e-01	   6.9901798861844722e-01	   9.0817347856019648e-01	   9.2296801568042808e-01	   9.6890826136768204e-01	   9.8890431717728966e-01	   8.6624483596419388e-01	   8.2512853988000190e-01	   1.2604829300780633e+00	   9.7541435903047746e-01	   1.0530510431772888e+00	   7.8777877224883053e-01	   6.5006406721080623e-01	   7.0804560436343678e-01	   7.4190187770809513e-01	   8.1777840010930247e-01	   7.6401158649578138e-01	   8.8716467470028459e-01	   6.6012100911454163e-01	   7.2210481035742702e-01	   7.4929648636384094e-01	   7.8277561529783135e-01	   8.0021881987215249e-01	   8.6565389823256911e-01	   1.0051399672856423e+00	   9.7381553573175084e-01	   7.8621537162441979e-01	   7.7078289811986700e-01	   8.6997404161903336e-01	   8.1819726411211191e-01	   1.0887757155418869e+00	   9.9846470953865396e-01	   7.5945141942872085e-01	   9.0768383434082134e-01	   7.0475291748862900e-01	   8.4596916072645900e-01	   1.0220164022164859e+00	   9.5969700014711123e-01	   9.8386108347242973e-01	   1.0485740687057705e+00	   5.5472557711179094e-01	   5.2582163177780661e-01	   5.0874833421256971e-01	   5.5816056789325508e-01	   4.3320365858364307e-01	   4.6514432240546882e-01	   8.1901433975822913e-01	   9.6074505195235771e-01	   7.2895031278744959e-01	   8.5245015039023642e-01	   9.1620108163868641e-01	   8.7854124246758580e-01	   8.7161865665150051e-01	   9.0790804728767405e-01	   9.9324837985669501e-01	   9.6332268641894414e-01	   7.8473931004634534e-01	   6.2867779594884377e-01	   1.0928233151034790e+00	   9.9856834731078226e-01	   8.8071643076153994e-01	   9.1986854545329622e-01	   7.3396595249393204e-01	   8.8063547914221552e-01	   3.4941979089358260e-01	   9.4407082508678394e-02	   1.0371231307676101e+00	   8.3602038524034161e-01	   9.7375894100258598e-01	   9.5371101900234778e-01	   8.5403086952186880e-01	   9.0778710973775867e-01	   7.9957385789669855e-01	   8.7453586027755947e-01	   5.9525918754702412e-01	   6.2748539321522345e-01	   5.1591940626495980e-01	   6.8444831522761729e-01	   2.1480015036805408e-01	   5.8974502782749250e-01	   9.8949535713640790e-01	   9.2849627239680710e-01	   8.9702075585558672e-01	   1.0245200380525132e+00	   7.8231544248438356e-01	   3.8832250018417275e-01	
   6.8611332217838183e-01	   6.6878811270931160e-01	   7.2867965000843882e-01	   8.2012437510252090e-01	   1.4549287253496594e+00	   1.8247338143887015e+00	   7.8746396254541695e-01	   9.3609890022573394e-01	   1.7113085614498897e+00	   0.0000000000000000e+00	   4.6922340937024182e-01	   6.7682047451410854e-01	   5.5998417171375459e-01	   6.5231309315616315e-01	   1.1086248914973122e+00	   1.3228112626525534e+00	   4.2319928362912612e-01	   5.4911416830591753e-01	   7.8173712828411412e-01	   7.6821810030893012e-01	   8.7061868292194822e-01	   9.3507570948343188e-01	   6.5510456759577351e-01	   6.2362411331241163e-01	   6.5918210271558275e-01	   7.5147449038241254e-01	   9.3991344904794816e-01	   1.1080289784673663e+00	   4.3192219478981292e-01	   5.1905802303189741e-01	   4.3385708192883810e-01	   4.7557729597988929e-01	   6.7110866387246793e-01	   6.9392323893072283e-01	   7.9786728945899110e-01	   8.5715642722100183e-01	   6.7903387195527631e-01	   6.7172794441135986e-01	   9.9531272626859912e-01	   8.1863797592765719e-01	   8.2196041887304272e-01	   5.9981825906135111e-01	   5.3470410449891115e-01	   5.8405880421932155e-01	   6.7076285421949633e-01	   7.5006531041482860e-01	   6.4804650841521783e-01	   7.6421615706530865e-01	   5.8111370479660085e-01	   6.7718786585244228e-01	   6.2291132419279605e-01	   6.8973529394969146e-01	   7.0746882569212821e-01	   7.5082294217727175e-01	   8.4592910454984716e-01	   8.5171033726743828e-01	   6.4959415153070310e-01	   6.2524745017735472e-01	   7.5637426286522347e-01	   7.5260639727176115e-01	   8.0440712246773860e-01	   8.5329622895088952e-01	   5.2508455783938368e-01	   6.5007774049514722e-01	   5.4392160968168846e-01	   7.0715331632662259e-01	   8.3837739912854303e-01	   8.1251265748688850e-01	   8.2807970665281128e-01	   9.1434669890467024e-01	   3.9149195824373556e-01	   3.4294458180145704e-01	   3.1973191503148485e-01	   3.4945591465612413e-01	   2.7299904498765065e-01	   2.7488886059181222e-01	   6.0761513713986481e-01	   7.4418436501568885e-01	   5.0762665540416840e-01	   6.6880713052122398e-01	   6.7942919197008167e-01	   6.3227056671218185e-01	   6.9832318031733376e-01	   7.3399629754876361e-01	   7.7143111092295857e-01	   7.7902728864784443e-01	   6.8153713100529922e-01	   5.8347360705212870e-01	   9.7678334843921721e-01	   9.2171084497914224e-01	   8.3382899787140485e-01	   8.4207008084515744e-01	   7.3452587958958482e-01	   8.0115158307780232e-01	   3.7065373480815833e-01	   8.0209308106662755e-02	   9.0607100758665626e-01	   7.5757620476250853e-01	   9.2242596718565784e-01	   9.0594015787436188e-01	   8.6276116067068553e-01	   8.6959689768666903e-01	   7.9662010523819038e-01	   8.7156362479609961e-01	   5.9750711629475473e-01	   5.7399810798092754e-01	   4.8914668405793549e-01	   6.8759920082413251e-01	   2.1207283920630043e-01	   5.8483587949063942e-01	   8.6262806389446900e-01	   8.3660712533273807e-01	   8.0692757949917415e-01	   8.7734594177600433e-01	   6.4320307954833134e-01	   2.9699689995514211e-01	
   1.1294980487178736e+00	   1.0914394896827395e+00	   1.2344355861797893e+00	   1.1552941999628412e+00	   6.0920014369077324e-01	   5.8298732404162978e-01	   1.3704557319647566e+00	   1.0580385996586033e+00	   6.6307403359705308e-01	   4.6922340937024182e-01	   0.0000000000000000e+00	   1.5188258644460482e+00	   1.8659064964341847e+00	   1.3410335607844024e+00	   1.0131642275870456e+00	   8.6587493297728257e-01	   1.0382977088778567e+00	   1.0157788723481136e+00	   1.2049371727935942e+00	   1.1719620845525869e+00	   7.9221106280088460e-01	   7.8167012033902927e-01	   1.2708575988981849e+00	   1.1590036367829497e+00	   1.1721253448192264e+00	   1.0949042375997682e+00	   6.1175493075589882e-01	   5.7632918728578630e-01	   1.2071468314355289e+00	   1.1682590043551648e+00	   1.2392583378134518e+00	   1.2123715382691997e+00	   1.4936336757408573e+00	   1.5485970946786454e+00	   1.0597029423348225e+00	   8.5891911777324170e-01	   5.3613359471535404e-01	   5.5559761972766286e-01	   8.1276300280033409e-01	   8.2889814334238066e-01	   9.2630451544318404e-01	   8.0136156918297641e-01	   8.0434065059771565e-01	   9.3304293278160677e-01	   8.1288890757543197e-01	   8.8289391385049476e-01	   8.8473598431789902e-01	   9.0511271386475356e-01	   8.5320725562274735e-01	   7.3772974707397954e-01	   1.0086814744985682e+00	   8.8916171865775606e-01	   7.9501105107697589e-01	   8.3673344299081309e-01	   1.0939671856426259e+00	   9.5284489678476336e-01	   8.5550745600266387e-01	   9.3704355969489284e-01	   9.2950136001447725e-01	   9.2929278863826292e-01	   1.4127640318833754e+00	   1.2086575150129477e+00	   1.3706798095668835e+00	   1.4374881091844907e+00	   1.0518816713617263e+00	   1.1798685273936282e+00	   1.0866495512776337e+00	   1.0597223027819265e+00	   9.5144747858225154e-01	   8.8952493203295091e-01	   6.3833037549119398e-01	   5.7412463932640057e-01	   9.6451826532167928e-01	   9.9020507188938578e-01	   9.1975338295630893e-01	   9.6971137056387824e-01	   1.1906346739687821e+00	   9.8081175481479188e-01	   1.1804776535122576e+00	   1.1433087902730772e+00	   1.3591411467790195e+00	   1.5131410784940489e+00	   1.1569995411804834e+00	   1.0407125754658559e+00	   1.2726567079918552e+00	   1.2517072993566871e+00	   6.4495628401004967e-01	   6.9680502169125080e-01	   9.1190073475226785e-01	   9.2703137238639410e-01	   7.1189604442013632e-01	   7.4305282885032820e-01	   5.5108610793907531e-01	   7.0526289922949681e-01	   2.0267303487949268e-01	   1.8268836000539593e-01	   9.6753494517893746e-01	   6.8372859635402849e-01	   6.4169635036772943e-01	   6.8222501251886880e-01	   5.8945918430410005e-01	   6.0741455805147337e-01	   4.7789055695627602e-01	   5.0505944764559674e-01	   3.2830765583727706e-01	   3.9127948733712947e-01	   3.0689105354135598e-01	   2.0538492673296752e-01	   1.0147067525478135e-04	   3.4133684647619900e-01	   7.2974680714233386e-01	   5.7465684217807955e-01	   5.9420596083290667e-01	   8.3627085901855591e-01	   7.5583578887068070e-01	   2.3305238394357061e-01	
   1.2871043414572885e+00	   1.3562754231403251e+00	   1.2361178408359905e+00	   1.4487596083982655e+00	   7.0572833693921533e-01	   7.3354054820448866e-01	   1.3333317239209190e+00	   1.3410698393398546e+00	   8.5667916179102188e-01	   6.7682047451410854e-01	   1.5188258644460482e+00	   0.0000000000000000e+00	   1.6635578227575618e+00	   1.7896933324730016e+00	   1.1819609236815483e+00	   1.2358658333213186e+00	   1.0714364949070962e+00	   1.1441825607185376e+00	   1.4618756237010593e+00	   1.4911225962097088e+00	   8.4530204487361149e-01	   9.0004999311461398e-01	   1.2655145397340573e+00	   1.2933299720087690e+00	   1.1306705127231629e+00	   1.1845662629470608e+00	   6.5834743037975751e-01	   7.0659289135946712e-01	   1.0895793298043783e+00	   1.3129775916509425e+00	   1.0911451459147150e+00	   1.1698966082893476e+00	   1.5347147538851813e+00	   1.6649364535318585e+00	   1.0888561432994757e+00	   9.2342134324787306e-01	   6.6456602718429303e-01	   6.7395361986340230e-01	   9.9764644611269537e-01	   1.0042610158518810e+00	   1.1225118104476155e+00	   1.0282323621780651e+00	   8.0410568526858917e-01	   9.8745478501677364e-01	   8.2298824370595547e-01	   9.3897772884540842e-01	   9.5341583703674759e-01	   1.0000990976626487e+00	   8.4695022762477934e-01	   8.1572999423745429e-01	   9.9477352358106086e-01	   9.7341076630642642e-01	   9.5600750782714572e-01	   9.6659638417336846e-01	   1.1833153240400556e+00	   1.0264721102118315e+00	   9.9814132831506996e-01	   1.0784705886100574e+00	   1.0051533603536875e+00	   1.0830511490942549e+00	   1.5185412089768866e+00	   1.5912202258458432e+00	   1.2762417234629799e+00	   1.6264302816465352e+00	   1.0610234667159457e+00	   1.3533781582453712e+00	   1.1122431771409249e+00	   1.1309100007723534e+00	   1.1840629999558119e+00	   1.1374821943207349e+00	   6.0953977501865453e-01	   5.2936188687574626e-01	   8.6442800694934818e-01	   9.8720914140197780e-01	   8.6882234868688513e-01	   9.5903967521656197e-01	   1.3664824226935157e+00	   1.1731376312266084e+00	   1.2338850753837876e+00	   1.2652741607979983e+00	   1.4606838678127405e+00	   1.5269257474506508e+00	   1.3087214854032292e+00	   1.3514394844815485e+00	   1.3002517184247806e+00	   1.4037689653787779e+00	   7.9849408876241879e-01	   8.2757460791081794e-01	   1.0323989934081468e+00	   1.1120042383851172e+00	   8.6954662947098593e-01	   8.2080701490957453e-01	   6.8942514736890670e-01	   7.8992050727034546e-01	   2.2580833287482566e-01	   1.9008623605793690e-01	   1.1043055190474078e+00	   7.6345867109068255e-01	   7.9289236998387413e-01	   8.0255069331012474e-01	   7.7109933326388180e-01	   7.3909537719851814e-01	   6.4255937356526749e-01	   6.6732215580126375e-01	   4.4508764600262746e-01	   4.3668961036891174e-01	   4.4834196488470357e-01	   3.6700809294074555e-01	   4.3817047955603115e-02	   3.7931110882485786e-01	   9.4211761416333850e-01	   7.1690834754898081e-01	   7.5001522590997827e-01	   1.0764883335635758e+00	   9.0171430408887132e-01	   2.6385481397068172e-01	
   1.0306786973502295e+00	   1.0209216647983328e+00	   1.2101752637486041e+00	   1.1785619926041973e+00	   6.5302270423480513e-01	   6.7334872261445911e-01	   1.3854260208774363e+00	   1.0861484627422029e+00	   7.6673422843704919e-01	   5.5998417171375459e-01	   1.8659064964341847e+00	   1.6635578227575618e+00	   0.0000000000000000e+00	   1.5470578769651124e+00	   1.1322982122207548e+00	   9.6675162037688900e-01	   9.0072054467096341e-01	   9.4389684607854274e-01	   1.2066790993578722e+00	   1.1733396362322346e+00	   8.3500809265788478e-01	   8.0474361682770024e-01	   1.1962219195615091e+00	   1.0849620214200790e+00	   1.1126322851147676e+00	   1.0468711883052730e+00	   5.9649099686165896e-01	   5.9606764316895799e-01	   1.1666669475117468e+00	   1.2073812037883820e+00	   1.1359711538983002e+00	   1.1245178628483399e+00	   1.3429444954004901e+00	   1.4511963015220770e+00	   1.0566142056580456e+00	   9.3772576183468037e-01	   6.0077418977893537e-01	   5.7466500614459504e-01	   9.2151324915079291e-01	   8.8636995162316945e-01	   1.0533767555597486e+00	   8.3568033083121374e-01	   6.9019764831224206e-01	   8.5597859988529590e-01	   7.4974963281540685e-01	   8.3848002082122308e-01	   7.9737433260548540e-01	   8.3633649759410256e-01	   7.6608304843616326e-01	   6.7945123730064805e-01	   9.0113071188922267e-01	   8.2464087217511994e-01	   7.6082217719863721e-01	   8.0756216340493037e-01	   1.0523573340722985e+00	   8.7608351719008648e-01	   7.8478709411751835e-01	   8.8755777517129664e-01	   9.3871022442459251e-01	   9.3290348214711583e-01	   1.5197738929898090e+00	   1.3091866005221495e+00	   1.2534449685153848e+00	   1.3839034924031719e+00	   1.0551056586794361e+00	   1.1912304082646876e+00	   1.1343207136048665e+00	   1.0953537213480673e+00	   9.8166139045976664e-01	   9.5152072498187601e-01	   5.9532938469912577e-01	   5.7870894452310884e-01	   8.4352344071934138e-01	   8.9196999036782731e-01	   7.7226901277319171e-01	   8.8615328716416109e-01	   1.1584666999287521e+00	   1.0262631222590803e+00	   1.0390955584877910e+00	   1.0504752715755217e+00	   1.2811925559521646e+00	   1.3845541967638173e+00	   1.2489730274868474e+00	   1.1051022857522084e+00	   1.2240763450703829e+00	   1.2031910524562082e+00	   6.9636041948006089e-01	   7.1217184272594936e-01	   9.2990476662732391e-01	   9.2480997275458654e-01	   7.2567225136992786e-01	   7.5961570236550091e-01	   5.6379440584977913e-01	   7.4089653869782990e-01	   2.2089523996532542e-01	   2.1503610567695963e-01	   1.0099563150839277e+00	   7.0859747979237842e-01	   6.3068492640618146e-01	   6.7931515903564610e-01	   6.4107125891804240e-01	   6.9336338660778785e-01	   5.5401924289998794e-01	   5.8390604062926099e-01	   3.9105751887863915e-01	   4.2888660896895864e-01	   3.6499629091601560e-01	   3.0805042947749339e-01	   3.2507934949471289e-02	   3.1637693651256665e-01	   7.4952486637733862e-01	   5.6985055019648767e-01	   6.3604535700850506e-01	   9.0879406452583467e-01	   7.9919159147925400e-01	   2.4673498476876760e-01	
