   0.0000000000000000e+00	   1.0737469014656147e+00	   7.5531273412096556e-01	   7.4445871991390000e-01	   4.8080634387453286e-01	   6.0018912552573223e-01	   5.3011819138128535e-01	   7.9145987405669593e-01	   6.1784799617722508e-01	   5.8334395652155457e-01	   8.3205352400469934e-01	   6.5565076467286842e-01	   4.9971717487525336e-01	   3.9015608863924073e-01	   7.2474670692713783e-01	   5.1792840720243549e-01	   3.6694074511659125e-01	   8.5717569318751419e-01	   9.3023982320915333e-01	   8.4816372927372075e-01	   1.9285988965411904e-01	   2.2012795622411180e-01	   4.8276723634027863e-01	   4.4861800263794371e-01	   3.6538672589344671e-02	   2.6103689849649281e-01	   3.0773402347990386e-01	   3.1646508406463120e-01	  -3.9237150628595334e-02	   1.3256249796011430e-02	   1.5991397235753235e-01	   2.5076826111771156e-01	   8.7891094492418764e-01	   8.6588824767586292e-01	   5.0821836216261640e-01	   4.1680781544400153e-01	  -1.5669086045566047e-01	   1.6772852492919083e-01	   2.4851223733787939e-02	   3.0375060466388187e-01	   2.2612187658816144e-01	   1.1418549942597901e-01	  -3.0289219388989742e-02	   3.2888691580993744e-02	   1.1184356657503899e-01	   1.7749153049525210e-01	   3.6650062094419245e-01	   4.6062909369316357e-01	   8.0022677492681216e-02	   2.2530008951089131e-01	   4.0185442419428197e-01	   2.4473976195484790e-01	   6.8513969192084301e-01	   6.9520482319518351e-01	   3.4568915797827127e-01	   3.1489236069905391e-01	   1.4390379445146755e+00	   9.5102909407097502e-01	   5.4705464962237871e-01	   5.7735912152794977e-01	   7.2247427713478873e-01	   8.6935661474295289e-01	   8.3585358263331644e-01	   6.4292200500238772e-01	   6.8628161106483876e-01	   5.7363968403767340e-01	   7.5957857867209855e-01	   6.3221240513760923e-01	   9.9358347728533214e-01	   3.9943342806529769e-01	  -2.2273305007029502e-02	   3.8247554927272237e-01	   4.5808052362714724e-01	   1.5439469767894032e-01	   5.1206545652388435e-01	   3.9207649209953704e-01	   4.4886515079452116e-01	   5.0300850608104786e-01	   1.5039089895560789e-01	   4.1019075541298544e-01	   8.2353553291703108e-01	   7.1825568944455831e-01	   4.6962749651620306e-01	   2.6328216940157206e-01	   9.5367926299272954e-01	   5.9920631630646926e-01	   1.8179451890091042e-01	   3.6227844205021745e-02	   6.4784250918575970e-01	   6.2198449659257626e-01	   4.7449270307506541e-01	   6.0770216568754820e-01	   3.0134398256090134e-01	   3.4338768118491564e-01	   3.4749248874181021e-01	   7.7634980714106461e-02	   3.6343262740872712e-01	   4.7955952738621360e-01	   3.2942469370975347e-01	   5.4591778570664673e-01	   1.5475160636953639e-01	   1.2392117889788762e-01	   9.4778126657043577e-02	   1.1066944615247774e-01	   2.9677848830224975e-02	  -3.6786862683561031e-02	   3.3843008962326469e-02	  -6.8294750089747905e-02	  -3.1395293407966741e-02	  -1.9803291159078192e-02	   2.2734648006374056e-01	   2.4910946166794404e-01	   2.3671425380706718e-01	   2.9415166733703463e-01	   1.3073768919739337e-01	  -1.3074885360556066e-01	
   1.0737469014656147e+00	   0.0000000000000000e+00	   6.6297168330749212e-01	   7.5422833645840148e-01	   3.9539677736846374e-01	   4.4445568250236528e-01	   5.8939117377752936e-01	   8.6089007918235860e-01	   5.4198732837189523e-01	   4.0602573856476010e-01	   6.8575998886884282e-01	   6.8757699367720304e-01	   4.9001486154180063e-01	   3.2400543174868945e-01	   5.4505963869172180e-01	   3.9138183767222184e-01	   4.3110982220274147e-01	   7.9133946924626397e-01	   6.7758841796078662e-01	   8.8989477707533848e-01	   1.5045484012798985e-01	   2.0539651966377048e-01	   4.6408744851683148e-01	   4.1476980495079974e-01	   1.0518915013995584e-02	   1.8164679373784515e-01	   2.0815685764673475e-01	   1.8218741806855421e-01	   5.0492925619074966e-02	   9.2812345827153919e-02	   2.1123502891860504e-01	   3.0219189589282730e-01	   1.0546043795186233e+00	   1.0730469268526566e+00	   3.7279634508225246e-01	   3.1204968337215977e-01	  -7.3696997855865518e-02	   1.8518525003117239e-01	   4.1382820497417441e-02	   2.7753333864487234e-01	   1.5703819775256772e-01	   2.5850468886618627e-01	   6.3901462246884394e-02	   1.1895203703109745e-01	   2.7539241956303501e-01	   3.2460200615611590e-01	   4.7246287321210079e-01	   4.7958387576607697e-01	   3.1491409946056592e-01	   4.1660336671026477e-01	   4.7576347502904254e-01	   3.7483591008226452e-01	   5.5552428470279502e-01	   4.8125645626431268e-01	   4.4493845860075776e-01	   3.7592379229040412e-01	   1.1315334437662299e+00	   1.5499047483144603e+00	   7.3407550910508101e-01	   7.8101471798735700e-01	   8.9221273923171729e-01	   1.0307149705712570e+00	   9.7494170409612146e-01	   9.0284384077767310e-01	   7.3096106768016811e-01	   5.5559310324753042e-01	   9.5143199930915734e-01	   7.5862836177364423e-01	   9.9807593983863430e-01	   5.1125731193124380e-01	   1.4444488398685498e-01	   3.6723552107407531e-01	   4.7493595086257268e-01	   2.7387084542777040e-01	   5.1976921494626305e-01	   3.9217652665858665e-01	   4.7895691618609465e-01	   5.0457674046119105e-01	   1.5614045727858092e-01	   4.7857262063600842e-01	   7.8389819612234291e-01	   7.7717051422949635e-01	   4.9787326419660088e-01	   3.1947959113505042e-01	   7.9495869667692765e-01	   5.1480431161714502e-01	   2.2320466831339295e-01	   3.3456768728639362e-02	   4.7215677397633515e-01	   4.2677582882236398e-01	   5.8947462720659261e-01	   6.9412105592038453e-01	   3.0331894181029717e-01	   3.9071139008593059e-01	   3.0820959413949833e-01	  -9.5690297155749064e-04	   5.8572419974311563e-01	   5.1991024030030997e-01	   6.1877405313319689e-01	   7.1207866416393661e-01	   3.9368469303802267e-01	   3.4540772302334238e-01	   3.4797866832646590e-01	   2.9510437982430315e-01	   1.6186325410597105e-01	   1.0288598000271008e-01	   1.6077073269840980e-01	   8.0652919480411450e-02	  -8.7211357341351589e-02	   1.6214276375888012e-01	   2.7315630495689003e-01	   3.7185844032967186e-01	   3.8163061654550601e-01	   3.6710360437913442e-01	   1.3022777240300143e-01	  -8.3521158577728058e-02	
   7.5531273412096556e-01	   6.6297168330749212e-01	   0.0000000000000000e+00	   1.3305260859205452e+00	   5.9031427267792758e-01	   2.9541045916683256e-01	   1.2292315408188677e+00	   7.5065660944263191e-01	   3.7320834391898955e-01	   1.9042649815869245e-01	   5.9535819763650544e-01	   7.3777696268104154e-01	   7.2301539379200475e-01	   5.4053270680566778e-01	   6.4305244846275145e-01	   4.5130544907130909e-01	   2.0849482020840962e-01	   3.9396519963781029e-01	   1.1461692075053687e+00	   9.8138907039125356e-01	   2.4243534259435068e-01	   2.0659380711627726e-01	   1.3119495999140240e+00	   1.0013841125457819e+00	   4.3551380510072141e-01	   4.3098656864941182e-01	   3.1952516922704133e-01	   2.2614688174303413e-01	   2.2914814189747387e-01	   3.2159453989530068e-01	   6.0502128558694634e-01	   6.3936628601297252e-01	   8.1792337586462505e-01	   8.8123806012498784e-01	   2.9585685691978514e-01	   1.8692152485781635e-01	  -1.2188829466524310e-02	   2.2242068816690658e-01	   2.6765109832360301e-01	   3.4151898450281953e-01	   3.5496209544467949e-01	   2.0256076642244283e-01	  -1.6846601526839031e-01	  -1.3175768595343321e-01	  -1.6950780406631183e-01	  -1.1502997836362448e-01	   1.7215432476781603e-01	   2.2932141120213698e-01	  -9.8133138094013292e-02	  -4.6937943097990785e-02	   1.5362567270596861e-01	   2.1161858330673505e-02	   4.6074910333849917e-01	   6.4861801552559750e-01	   2.3566130434676724e-01	   2.2836704162092672e-01	   4.4111540233754165e-01	   6.0399607889202578e-01	   5.3457482840011106e-01	   3.9494312339159798e-01	   7.1433706065399738e-01	   6.5950073448844426e-01	   4.0376593302044245e-01	   4.9884613152843532e-01	   7.2978551950760961e-01	   3.1364611832087519e-01	   5.5165354876153061e-01	   3.4315596737751258e-01	   8.6121399442241642e-01	   5.8192567289667974e-01	   1.7462999515156175e-01	   4.1689640710788609e-02	   3.9256031846180162e-01	   3.2117680394959791e-01	   2.6104820294380832e-01	   2.3290354744342540e-01	   3.3774182452867990e-01	   2.3437872267096246e-01	   3.6919526041015567e-02	   4.3774068273630756e-01	   4.9885644876242452e-01	   7.0110728915404952e-01	   5.9339110498436742e-01	   6.4167518923466604e-01	   7.9289164784256694e-01	   3.8855895510008170e-01	   3.5031757003886110e-01	   2.2408274700539998e-01	   6.1096014700254897e-01	   5.6489922471418508e-01	   3.7258756433632645e-01	   6.7780417925721148e-01	   2.7602118857011948e-01	   5.4956256683062343e-01	   2.0440139808773430e-01	  -7.1168178298283605e-02	   2.9270640884222443e-01	   3.1737886084465383e-01	   2.3921876394605057e-01	   4.6026743035884732e-01	   2.7126821340979002e-01	   3.2384889248577753e-01	   2.5281046571546700e-01	   1.2313824622641428e-01	  -5.0615632853615922e-02	  -1.2060116969220906e-01	   1.0743404885372995e-02	   6.5684134257892768e-02	  -1.1588445331623455e-01	   1.4575574031517893e-01	   2.1690536908091892e-01	   4.0516743751986650e-01	   3.0114365765472140e-01	   9.0066707411817867e-02	   6.8236725480820253e-03	  -1.8935371549616625e-01	
   7.4445871991390000e-01	   7.5422833645840148e-01	   1.3305260859205452e+00	   0.0000000000000000e+00	   4.7207834079198846e-01	   4.0641275107638603e-01	   9.6589514358697259e-01	   1.0227746808322129e+00	   4.9458003235257342e-01	   3.3640043660632912e-01	   4.2068514638574594e-01	   7.3279603896600032e-01	   4.4679954371643493e-01	   3.9334397052679787e-01	   6.0405961037085187e-01	   5.1522359922704553e-01	   1.5293942738330499e-01	   4.5363520625256770e-01	   1.0700783572449220e+00	   1.0079634044989962e+00	   2.9970350787468314e-01	   2.9703591937808427e-01	   1.0773385807359646e+00	   1.1601211590838409e+00	   2.8443384510038300e-01	   4.3255179115867604e-01	   2.8745491179376242e-01	   2.3922317111747496e-01	   6.0845717725362625e-02	   2.2058571534215946e-01	   5.5028881888911751e-01	   5.9663515346828788e-01	   8.4436780121187549e-01	   9.2854444646258016e-01	   3.6518336467113155e-01	   3.0901483224405024e-01	   1.3765431934226205e-01	   3.3123771122925422e-01	   3.6049672399532329e-01	   4.1972787805143563e-01	   4.3512445460439886e-01	   2.7972537889242499e-01	  -3.1197522820924899e-02	  -5.3163294307304858e-03	  -3.5365481180892590e-02	   2.6538888102839667e-02	   3.4445711602916890e-01	   4.1870537733996582e-01	  -4.8586436367431034e-02	   7.8659499890858294e-03	   1.3519921584201069e-01	  -1.0125838783263902e-02	   4.9631715622894024e-01	   6.2763343386414494e-01	   3.3716016823352235e-01	   3.0889192660328590e-01	   5.1408944258610334e-01	   6.6810634930270785e-01	   4.9274216778587471e-01	   5.1203606931999190e-01	   6.2640173487849038e-01	   7.0840585155399705e-01	   4.5227014017453998e-01	   4.9594703944802199e-01	   8.0212559175054743e-01	   5.5766576432783121e-01	   7.1882684666178187e-01	   6.0019865432702368e-01	   7.7577049026709799e-01	   6.0853264486317238e-01	   1.3420000430432946e-01	   1.6075928814220369e-01	   2.5335913093557955e-01	   1.6320441622166215e-01	   2.4245557534996118e-01	   2.5096300952060480e-01	   3.7034265626783885e-01	   4.0838109117140420e-01	   5.8914620260550270e-02	   4.0481995347420591e-01	   5.4554908258691626e-01	   7.5154929955607808e-01	   5.7027010853404381e-01	   6.4212215940603867e-01	   8.9992492669252200e-01	   5.6106918870156131e-01	   4.1376769699490173e-01	   2.0194777437537834e-01	   6.0039388730657706e-01	   6.9349815981049323e-01	   6.1807868983098380e-01	   8.6333130585339868e-01	   5.2573727211678645e-01	   6.1352414081481166e-01	   2.4893446808682299e-01	  -1.7773984705294504e-01	   4.9858978655845121e-01	   3.6582395668014006e-01	   3.6859585861340816e-01	   5.4415813393326351e-01	   2.2456486621275912e-01	   2.4850989075555241e-01	   1.4260597067860598e-01	   3.2030237674887239e-02	   8.3923447980807208e-03	  -7.7562863871187673e-02	  -9.4737208963330377e-02	  -4.0263349976564812e-02	  -1.2632054093673140e-01	   2.3209059841286533e-01	   3.9614665814753458e-01	   5.8253765712437944e-01	   3.7994443714960918e-01	  -1.3082100903067780e-02	  -8.0204061168703475e-02	  -3.7826297082296850e-01	
   4.8080634387453286e-01	   3.9539677736846374e-01	   5.9031427267792758e-01	   4.7207834079198846e-01	   0.0000000000000000e+00	   7.5776636955015575e-01	   3.9095007071302090e-01	   4.3007548110664229e-01	   5.4363289636402556e-01	   2.5434976011619759e-01	   3.1632391473280758e-01	   4.5356896460903451e-01	   4.4108048308536979e-01	   4.3808379656520269e-01	   5.3680438912070039e-01	   5.6651685374332639e-01	   1.1068532417595640e-01	   2.8872648828344238e-01	   5.2344767281665727e-01	   5.0936725048929377e-01	   6.4923223688259679e-01	   5.3758219060311396e-01	   3.2931256817633270e-01	   2.4313791934956658e-01	   6.4577752053772419e-01	   6.8320539853797368e-01	   8.2305579008536989e-01	   7.2077311505425401e-01	   2.3181273931790908e-01	   3.3797244034880353e-01	   4.4455959768622161e-01	   3.8882399257794431e-01	   4.3382940047741664e-01	   4.0629593449775697e-01	   5.8035518608174338e-02	   1.2847968633107391e-02	  -5.1603760515159858e-02	   1.1835903174054960e-01	   7.3243630435694609e-02	   2.1032837611438737e-01	   3.5970303249397761e-01	   3.4446025142883524e-01	   8.9305639277103745e-03	   6.3756559088048087e-02	  -1.0138538437951651e-02	   5.0116079888097756e-02	   2.8480629426236159e-01	   3.3270201415652562e-01	   4.9442680593741552e-02	   5.1737976341715307e-02	   2.4949613761961525e-01	   8.4453081897820567e-02	   5.5493405846946209e-01	   5.7334565314692387e-01	   2.8782339358986425e-01	   2.8548487317940946e-01	   4.1324682455138440e-01	   4.7273859267694562e-01	   3.8295998969217498e-01	   2.8412647904289456e-01	   3.4727983887780633e-01	   3.9455532899560969e-01	   4.2557346563975251e-01	   3.1601358152410430e-01	   9.6188596890882508e-02	   5.1194290677791382e-02	   2.7783120239710757e-01	   1.9216405707396111e-01	   6.5404053495186298e-01	   4.1676166193922842e-01	   1.9495508411237142e-01	   5.4969518173879760e-02	   4.4390785617923051e-01	   3.1257570498382248e-01	   3.5157183799336178e-01	   1.5540558976664196e-01	   2.8496035661230529e-01	   1.1135559334803483e-01	   2.3931353904034613e-01	   4.0228013187420025e-01	   5.3683176296927515e-01	   5.6880127769059818e-01	   4.2399435084224502e-01	   5.7335095141777281e-01	   4.9904577274578865e-01	   2.6140088732460298e-01	   1.6167890511015037e-01	  -4.1891145166317346e-02	   6.4561908822880143e-01	   5.7884353472224015e-01	   3.3757087473833042e-01	   3.7628371835373736e-01	   2.2088219261720501e-01	   2.3309791797510832e-01	   4.5372653267881413e-01	  -5.6399465832863739e-02	   2.9356297916752216e-01	   2.3910029262717500e-01	   2.4065335408738300e-01	   2.9363134292203930e-01	   1.4822831380557189e-01	   4.7147168863524068e-02	   1.1832289052510057e-01	  -5.6515472085983280e-02	  -1.2082429097486135e-01	  -2.3535903326485819e-01	  -3.7596021141721175e-01	  -3.4821680103439534e-01	   8.5340179242296102e-02	   1.6395487425492308e-01	   2.4073598052843892e-01	   3.2074349828259779e-01	   2.1559503617060771e-01	  -1.0854463409459017e-01	   4.9889240510912591e-02	  -2.7904316737826002e-01	
   6.0018912552573223e-01	   4.4445568250236528e-01	   2.9541045916683256e-01	   4.0641275107638603e-01	   7.5776636955015575e-01	   0.0000000000000000e+00	   5.3117138470429176e-02	   3.9498481498103494e-01	   1.1569659581792313e+00	   1.2235883519168744e+00	   3.2500268935061682e-01	   3.4765439406238929e-01	   1.8893032403784094e-01	   2.3746857402324112e-01	   7.7961372371608717e-01	   1.0707961318401946e+00	   1.3578254342981613e-01	   6.3908940498508049e-01	   5.7914699678358406e-01	   5.5532774285090480e-01	   7.7773808208509887e-01	   7.4876309717221379e-01	   1.9558567388461234e-01	   3.2481042547726385e-01	   2.1380134849108318e-01	   6.1714607413275280e-01	   7.6397666513101559e-01	   8.8581709735917347e-01	  -1.5296608238453574e-01	  -8.8409662247146290e-02	   5.3231719361295185e-02	  -4.6507115991249869e-02	   4.5331022807670623e-01	   3.6152203774084962e-01	   5.1237587623347791e-01	   5.9577424505974452e-01	   7.7799120161427801e-02	   3.6928892381838568e-01	   2.2693125009094128e-01	   4.5618129274827607e-01	   4.0010458687733863e-01	   2.0520188870319486e-01	   4.8870409475010104e-02	   1.0499456152269390e-01	   8.4458238943502129e-02	   1.6831530654801102e-01	   3.6691927321650897e-01	   4.9920135742206984e-01	  -1.4398853303283760e-01	  -1.2606180042434429e-02	   2.4811706168449438e-01	   6.7831909544834229e-02	   7.8163462043109855e-01	   7.5210260294751818e-01	   4.5430523407596357e-01	   4.0781726008862984e-01	   6.9417712008771015e-01	   5.4407309840030971e-01	   1.2444183300488929e-01	   2.6955607405177873e-01	   9.6045470234578711e-02	   2.9831758833401339e-01	   4.1555521330444556e-01	   2.1591761138532453e-01	   2.7830570221636947e-01	   4.9353753762591224e-01	   5.0746974135775469e-01	   6.3077478635679773e-01	   6.3405718155794888e-01	   4.0831164051742691e-01	  -1.4721142029784666e-02	   6.7858895163917243e-01	   3.7715113481935281e-01	  -1.1049148988238512e-02	   4.5062100577497755e-01	   2.5881570665064724e-01	   6.4126011632031399e-01	   7.5703152579524913e-01	   1.1866540271917832e-01	   2.8942959117711065e-01	   6.9870308319256935e-01	   7.1025741913307805e-01	   4.7070672371954203e-01	   4.1766542528227724e-01	   7.5681812038996721e-01	   8.1796172953826285e-01	   2.4476245180031159e-01	  -7.4914212651407852e-02	   7.8751137717510999e-01	   8.3423337819884991e-01	   5.6543783439891815e-01	   4.0331934275218384e-01	   5.2658218349114216e-01	   2.2546504273091694e-01	   3.1778921320274289e-01	  -1.6491172655596525e-01	   3.9365956454644152e-01	   2.1646341310692693e-01	   1.7768510363764164e-01	   2.2927483149775646e-01	  -1.5111079088581161e-01	  -1.7295587994813130e-01	  -2.1124675892991140e-01	  -2.1942536518991768e-01	   1.6121692554300272e-02	  -1.5538823895369724e-01	  -3.9212611500817085e-01	  -4.6484533493566693e-01	  -1.0449070666963736e-01	   4.3208044340188956e-03	   5.1795952241410348e-01	   1.4410650946707065e-01	  -1.7931922114509839e-02	   5.7038727213149431e-03	   1.2682659825581086e-01	  -2.8033119230539660e-01	
   5.3011819138128535e-01	   5.8939117377752936e-01	   1.2292315408188677e+00	   9.6589514358697259e-01	   3.9095007071302090e-01	   5.3117138470429176e-02	   0.0000000000000000e+00	   8.3433290660930892e-01	   2.6699198869052088e-01	   2.5793423078876353e-02	   4.7231309492134310e-01	   5.8236196398557039e-01	   6.8043800688836320e-01	   3.5118345763574749e-01	   4.3234095631666630e-01	   1.7881757128360226e-01	   1.2671858333755492e-01	   2.4752676158403553e-01	   7.0854936072068575e-01	   7.0205198085193832e-01	   8.7288884733253372e-02	  -1.3635780376375738e-02	   8.4747343741096970e-01	   5.7594328843628628e-01	   1.9414952056247803e-01	   1.0654474109781401e-01	   4.4043546901496748e-02	  -6.8982562710585629e-02	   3.5491162460302583e-01	   4.8372141752633491e-01	   5.5934817756386246e-01	   6.2738710312053680e-01	   6.7930466780026655e-01	   7.7544204621041501e-01	   3.0041402107487736e-02	  -7.5559895000831573e-02	  -1.3226514556571267e-01	  -5.8002491938085703e-02	   9.4587516698514534e-02	   6.7002422722215765e-02	   1.3328749238558449e-01	   1.1492524133999391e-01	  -2.3912875641325118e-02	   2.8304671626178890e-02	  -8.8550649129838840e-03	   1.9115980975863683e-02	   2.4169613628745706e-01	   1.6730879227053130e-01	   1.3012655516939714e-01	   1.4478022858073633e-01	   1.7738063144282809e-01	   1.0733768998058744e-01	   2.1990886556589329e-01	   3.3781105012059798e-01	   1.1351966235891905e-01	   1.2796478672771502e-01	   2.5866141047250624e-01	   5.2682655691512870e-01	   7.0767103477731552e-01	   4.8991656602923550e-01	   1.0176688512197629e+00	   7.7513048996516809e-01	   3.6939467845011570e-01	   6.1945636351829803e-01	   4.9582002318712404e-01	   1.2020759012982261e-01	   4.6336074039193897e-01	   2.0899152260115053e-01	   5.1661807867823284e-01	   4.0971450182678165e-01	   1.8399180650944183e-01	   4.5546341629153003e-03	   3.3374278204787916e-01	   2.8037003837782776e-01	   1.9156145332180097e-01	   1.9180501832455568e-01	   1.5548606006149107e-01	   5.4170241056207991e-02	  -2.7677111521892811e-02	   4.0583890561720443e-01	   3.4604046788962239e-01	   4.4051939222744840e-01	   4.2102804623160212e-01	   4.3827969767904418e-01	   4.0827338408596914e-01	   8.4738564677718217e-02	   1.5278876682484654e-01	   7.3039740913708202e-03	   2.9430196181613755e-01	   2.8935902501026306e-01	   2.4669978783256002e-01	   5.0653073956555561e-01	   8.5437343134630570e-02	   4.9654931094505173e-01	   2.0905294790072262e-01	  -2.0453777264579320e-02	   2.7702199065700051e-01	   2.8012754369153325e-01	   3.0923868810261557e-01	   4.3205405615705539e-01	   3.4071815984309156e-01	   5.1051154289818723e-01	   3.6278545851512739e-01	   3.1250572591235837e-01	  -2.6930356064900327e-02	  -1.6195903507993312e-02	   1.1815866383373985e-01	   1.9778521052598616e-01	  -7.5785089401496336e-02	   2.0548725316401845e-01	   1.0296094158898583e-01	   3.8994832784010869e-01	   3.3880243926650899e-01	   1.8103501081858653e-01	   5.0260918646618934e-02	  -6.6825247197728269e-02	
   7.9145987405669593e-01	   8.6089007918235860e-01	   7.5065660944263191e-01	   1.0227746808322129e+00	   4.3007548110664229e-01	   3.9498481498103494e-01	   8.3433290660930892e-01	   0.0000000000000000e+00	   5.3080807154997600e-01	   3.9771049083985865e-01	   5.4862676350112372e-01	   5.8779159908335687e-01	   3.0833269503240901e-01	   1.5529437350257530e-01	   4.2818953650087088e-01	   2.2919707805011807e-01	   1.9370661113312848e-01	   5.7469160031206890e-01	   6.4792420857438993e-01	   6.4416559301672982e-01	   7.9757775142747456e-02	   6.2924711609880460e-02	   5.3136975766881389e-01	   5.3496391710391111e-01	   6.3624855809135239e-02	   2.1553629639218716e-01	   1.0617363744138014e-01	   6.7516346768642016e-02	  -2.2613899630055525e-02	   1.2799221393364646e-01	   2.8831515786268902e-01	   4.1310894273394716e-01	   7.2478104665747412e-01	   7.8538281913606822e-01	   3.7729311267918181e-01	   3.1505215474368992e-01	  -2.5266073579647868e-02	   4.3562689656285451e-02	   1.3117940188815938e-01	   1.7085712514605661e-01	   1.4175133445514146e-01	   1.8439788363464167e-02	   9.5737155574723842e-02	   1.3201548112665742e-01	   2.0019066428158308e-01	   2.9006301012052260e-01	   5.0060731159593841e-01	   4.5049956569261768e-01	   2.1345570397265379e-01	   3.7864185046452126e-01	   3.0007201886615925e-01	   2.0575116625715931e-01	   4.4384588542054948e-01	   4.3219762317373278e-01	   2.8970713647067697e-01	   2.5926048147333491e-01	   7.1987637217878697e-01	   8.1962740469094486e-01	   5.4182731521440519e-01	   6.4682980487436104e-01	   6.7925993136055041e-01	   1.0908768013212780e+00	   7.1443708763420111e-01	   6.9369881073444961e-01	   5.6185130457675492e-01	   5.5267782118021391e-01	   6.9617472366107214e-01	   6.7419652428367516e-01	   6.1052612442884246e-01	   4.6543839169747003e-01	  -4.0337408460565161e-02	   2.9954305963864969e-01	   2.4046940996498892e-01	   6.3849459627882299e-02	   4.6602102266673873e-01	   3.6485155396350211e-01	   2.8660569976356953e-01	   4.0691796551150416e-01	   7.6705208713392120e-02	   4.1795945454935818e-01	   6.0467148478901589e-01	   5.2237271272541208e-01	   2.6198737882975054e-01	   2.2376935921610841e-01	   5.8781442038394216e-01	   3.7028269424515098e-01	   2.6253739638800150e-01	   4.0508449683010518e-02	   3.5870615454245547e-01	   5.4594141796576290e-01	   4.6903267992111508e-01	   5.7008273252661446e-01	   3.0104026649922677e-01	   2.8851219312336396e-01	   2.4193687639285155e-01	  -6.9223041610166708e-02	   4.1397131697784140e-01	   3.6567680566936867e-01	   3.7235852069981823e-01	   4.6495473587265879e-01	   2.0486851259698050e-01	   1.9322853956192743e-01	   7.2606655000072892e-02	   7.6656297571122037e-02	   4.7295326180325635e-02	  -5.7658393672750828e-03	  -1.3541928314351132e-01	  -1.0745771596643910e-01	  -1.4242909467612622e-01	   1.8084855164971678e-01	   2.7659695276788665e-01	   4.6878733076081797e-01	   3.8535196006964556e-01	   5.2721994825186344e-02	  -1.2362478238607855e-01	  -3.2395509190764016e-01	
   6.1784799617722508e-01	   5.4198732837189523e-01	   3.7320834391898955e-01	   4.9458003235257342e-01	   5.4363289636402556e-01	   1.1569659581792313e+00	   2.6699198869052088e-01	   5.3080807154997600e-01	   0.0000000000000000e+00	   1.2776694986896389e+00	   4.6909454590473454e-01	   4.3046376554133037e-01	   3.8426235276875137e-01	   1.4297972635178938e-01	   1.1534612495272307e+00	   8.6473234711688840e-01	   1.9785225046428206e-01	   8.3939639817265954e-01	   6.7399994238588845e-01	   7.0999006152047872e-01	   4.7576014369397623e-01	   4.2571543505805420e-01	   2.7445527286383492e-01	   3.1628098209817179e-01	  -6.7589938304448344e-02	   2.1818249810799778e-01	   4.8808858864512683e-01	   4.9968159084864089e-01	  -9.8923789037595009e-02	  -7.0781898365116280e-02	  -4.5468294225004341e-02	  -1.0490661502621065e-01	   3.6768993004901485e-01	   3.2279352998186706e-01	   4.1399334922772635e-01	   4.6418208440285796e-01	  -2.4119042538016684e-02	   1.6615134353816333e-01	   1.6109316770934792e-01	   3.0274905053957690e-01	   3.1050932350274446e-01	   6.3291376553798948e-02	  -2.5907846523470775e-02	   3.4849581127438134e-02	   1.0639140783682743e-01	   1.7307657131357460e-01	   3.0252808919208618e-01	   3.9301398450025454e-01	  -1.2208696828734630e-01	   4.4469102399597685e-02	   1.7831318201751331e-01	   3.0590496003746550e-02	   6.0691330087717221e-01	   7.2027861963776663e-01	   3.0582305952626937e-01	   2.8166861298412094e-01	   5.9980002221313589e-01	   5.8844477229822334e-01	   1.6336276154712015e-01	   2.7232914543511771e-01	   2.4623233751024237e-01	   3.5445776739153734e-01	   5.1991182904559330e-01	   4.4521604432556655e-01	   4.2348041012693027e-01	   4.0481878838980084e-01	   5.0933693077723741e-01	   5.4873956202675944e-01	   5.6014217096598495e-01	   5.2101750526327817e-01	  -1.1095326366297198e-01	   9.4733786874932724e-01	   2.0973661903454602e-01	  -1.7434930950053973e-01	   5.0849237622292820e-01	   1.1131337772794286e-01	   5.1698565250733641e-01	   7.8276493505147671e-01	   1.2501610167436925e-01	   4.2590057268419834e-01	   6.7429109959964828e-01	   7.0562543706567504e-01	   5.0327164201596519e-01	   2.6033146724642725e-01	   7.2678373867387513e-01	   6.6352219431986859e-01	   2.5811200745405244e-01	  -1.7076214610710688e-01	   6.8033463498555080e-01	   6.8238755277950447e-01	   5.0769882935679655e-01	   5.0235423578686089e-01	   4.7763181209483352e-01	   3.9618634283827009e-01	   1.9110738308277206e-01	  -2.2561675864312414e-01	   3.3686015257606527e-01	   1.1586505872569219e-01	   1.7545443537693384e-01	   2.6503106703822332e-01	  -9.3093020996524195e-02	   7.4008459835730345e-02	  -1.1997108864566289e-01	  -5.4409493484837484e-03	   5.1684489491627641e-02	  -5.3212406686545262e-02	  -2.0975699791297439e-01	  -1.8557740966621325e-01	  -1.9184486118958841e-01	   9.7962800802878607e-03	   3.5763026274151838e-01	   1.1826065840771514e-01	   1.3668155807685179e-02	   1.3937443917715911e-01	   3.3898710678406323e-02	  -2.3013780633443731e-01	
   5.8334395652155457e-01	   4.0602573856476010e-01	   1.9042649815869245e-01	   3.3640043660632912e-01	   2.5434976011619759e-01	   1.2235883519168744e+00	   2.5793423078876353e-02	   3.9771049083985865e-01	   1.2776694986896389e+00	   0.0000000000000000e+00	   4.0839584702280862e-01	   2.4577076634510658e-01	   1.4850316982652875e-01	   4.8708296301855247e-02	   8.0888337576628844e-01	   8.6671912191095168e-01	   1.2841287359728748e-01	   8.2284830430838241e-01	   5.4017699203698810e-01	   4.9566632530747723e-01	   3.8332257528442615e-01	   3.8540448205869182e-01	   1.6527019429821593e-01	   3.3050708585367983e-01	  -1.5866498167739487e-01	   2.2527467823208630e-01	   3.8825482920413723e-01	   4.6594054857923389e-01	  -3.5603332853062769e-01	  -3.4604783874581435e-01	  -2.0576830128539250e-01	  -2.5901068537015920e-01	   3.2257000900258814e-01	   2.4710294535276975e-01	   7.2218728544682642e-01	   7.8839724419427704e-01	  -1.6061169086581967e-02	   2.4174999532992122e-01	   2.3974699042245545e-01	   3.9777927527070173e-01	   2.2310391594180723e-01	  -1.2420312566615728e-01	  -5.5277805517105365e-02	   7.7610981538044606e-03	   8.8993027936796656e-02	   1.6807341233490880e-01	   2.7152888813850062e-01	   4.0502956063937856e-01	  -2.1857046592484641e-01	   4.7773717605819383e-05	   1.7139416875091579e-01	   1.7253025980678269e-02	   5.7907268487325969e-01	   5.9140945053418581e-01	   3.5506003652855495e-01	   3.2006368281146547e-01	   6.6787661147533661e-01	   4.4284008230752669e-01	  -2.8449178801415523e-02	   1.8543752080972506e-01	   1.8445842677407981e-02	   2.3388687221265678e-01	   3.1822434915836978e-01	   2.0251931359232339e-01	   4.3461224996067316e-01	   6.3141027783291281e-01	   4.8569167116025569e-01	   6.4937750197580268e-01	   4.3077256289345195e-01	   3.1813513939644683e-01	  -2.4040693912677846e-01	   1.1279202328615980e+00	   1.7404374130096825e-01	  -2.7303368208200662e-01	   4.4274153416020257e-01	   2.5238324057250339e-01	   5.7104335686163554e-01	   9.7839434667115499e-01	   1.8143715891961842e-02	   2.6965936592996348e-01	   5.3700096321065161e-01	   4.9517266033398966e-01	   3.5020081592220498e-01	   1.0623013805691053e-01	   6.7020355647591112e-01	   7.9983297200248804e-01	   3.1604678675245551e-01	  -3.7876592141296912e-02	   6.3468886390863366e-01	   6.8941526129001585e-01	   4.4975741968118799e-01	   3.6119243264786577e-01	   5.2058846566778816e-01	   2.5285915401556691e-01	   1.1202467327217527e-01	  -1.6424992513935005e-01	   2.7992130362316064e-01	   1.4195297204718904e-01	   6.7289180826047762e-02	   1.6182285287099396e-01	  -2.8412519220201476e-01	  -1.4645934546359468e-01	  -3.4509164812902127e-01	  -1.6966772634874555e-01	   3.2283697296562851e-02	  -6.1028356647821129e-02	  -2.5687475535015108e-01	  -2.8368368278705525e-01	  -2.6223538612861164e-01	  -6.0170539582701389e-02	   4.0631492479536807e-01	  -1.4992475509034566e-02	  -1.3260132984953499e-01	   1.2259282506312269e-01	   6.8750648848337495e-02	  -1.9811797867272160e-01	
   8.3205352400469934e-01	   6.8575998886884282e-01	   5.9535819763650544e-01	   4.2068514638574594e-01	   3.1632391473280758e-01	   3.2500268935061682e-01	   4.7231309492134310e-01	   5.4862676350112372e-01	   4.6909454590473454e-01	   4.0839584702280862e-01	   0.0000000000000000e+00	   5.7047269188781180e-01	   1.0159806788906216e+00	   3.7942636838451427e-01	   6.8632167291042179e-01	   3.2217479566557955e-01	   5.5178910881390197e-01	   8.2011577204370989e-01	   6.1509214919058908e-01	   4.9257238340959719e-01	   1.3576626517818383e-02	   7.9447499322223669e-02	   4.5150146561965976e-01	   2.7282204632131946e-01	   6.3758572116813239e-02	   5.9174590269678029e-02	   2.4220439657767751e-01	   1.5386473267378725e-01	   2.9366886759351407e-01	   2.2455150708759022e-01	   1.5495594181345462e-01	   1.5855423654827649e-01	   5.1686161287352927e-01	   5.0951032433113874e-01	   3.3910934785708596e-01	   2.0671690199059450e-01	  -4.1888047528752070e-01	  -9.5313443263776998e-02	  -1.5302303141316731e-01	   2.6950568010538117e-02	  -5.4874623262435612e-02	  -1.1277647650126001e-01	  -9.4198285275866545e-02	  -5.8040648733257930e-03	   1.2563150976009127e-01	   1.6341162212592319e-01	   1.5291321549006306e-01	   2.2035442006614858e-01	   6.1318702472653433e-02	   2.4051735715501960e-01	   3.9570681582461459e-01	   3.0272170247114416e-01	   4.3718239683528887e-01	   4.9424976613515520e-01	   1.2614351796375486e-01	   1.1381682978741624e-01	   6.5005521447773129e-01	   6.8206682507504612e-01	   3.8684222990825978e-01	   2.9919014747231981e-01	   6.4757189859723763e-01	   5.5862856550618500e-01	   6.1580884223995214e-01	   6.1515655867942587e-01	   6.1442971256904666e-01	   2.1307360976657805e-01	   4.0887168244533567e-01	   2.5106732943628474e-01	   6.0009720691149726e-01	   3.2681049957972141e-01	   2.0227202197306154e-02	   4.5368522734667027e-01	   3.4899280708970148e-01	   2.2696749039731828e-01	   3.7054058262974399e-01	   4.0778358649991148e-01	   2.3963985340453289e-01	   2.8155556581981189e-01	   3.2124366914486158e-01	   6.0345174222753528e-01	   6.5819204384850494e-01	   5.7146186529406195e-01	   3.8979499724938982e-01	   1.0117201891843494e-01	   6.7312418839152721e-01	   3.2985350888540521e-01	  -6.7693800955922444e-03	  -1.5353985347173346e-01	   4.3561041228313369e-01	   3.5191032010045781e-01	   2.0378230954185361e-01	   3.7985994722961292e-01	   4.1599150086306942e-02	   2.1237653135822102e-01	   3.5147294159453735e-01	   2.0016209160669884e-01	   1.8799970969893329e-01	   3.6272116109594466e-01	   1.5183654837896710e-01	   3.1560694165800685e-01	   2.5634079212691363e-01	   2.8344044092307563e-01	   2.5862659222369250e-01	   2.5799884588582561e-01	   2.3962016551870212e-02	  -2.7427398958555907e-02	   1.4876433702938946e-01	   4.6010358336151108e-03	   7.5227730929483164e-02	   1.3888116571125084e-01	   4.6018609160740583e-02	   3.2599844386323983e-02	   1.4596228696390615e-01	   3.9129717219017057e-01	   2.1095713033944266e-01	   1.3262070674991805e-01	
   6.5565076467286842e-01	   6.8757699367720304e-01	   7.3777696268104154e-01	   7.3279603896600032e-01	   4.5356896460903451e-01	   3.4765439406238929e-01	   5.8236196398557039e-01	   5.8779159908335687e-01	   4.3046376554133037e-01	   2.4577076634510658e-01	   5.7047269188781180e-01	   0.0000000000000000e+00	   7.4206262237581677e-01	   1.0137247298761465e+00	   5.9726994299739600e-01	   5.9691133173831112e-01	   2.8113779745997236e-01	   4.5134532321245247e-01	   8.1620425146542330e-01	   7.7099835783560267e-01	   3.4375371207538052e-01	   2.3100428523677108e-01	   6.0558637948179384e-01	   6.1191792046015592e-01	   2.4824230111269890e-01	   3.5699941405622510e-01	   2.9901908376171199e-01	   2.5198749551644384e-01	   1.9429065701144443e-01	   2.3444924960936109e-01	   4.0993981138345209e-01	   3.3227311446436303e-01	   7.7092510693271876e-01	   7.0646068036869680e-01	   1.9552893345815328e-01	   9.8500105375931915e-02	  -1.1460897466746961e-01	   1.0951188206527690e-01	  -7.5486148027196142e-03	   2.6111148861449451e-01	   2.6667181698702264e-01	   2.5107479728528659e-01	  -1.4360402054242663e-01	  -8.1393832056318727e-02	   5.2863864284416022e-02	   5.7211167312720516e-02	   1.3447151141498864e-01	   1.9619823558444849e-01	   1.2953597936742575e-01	   1.2660767276170298e-01	   4.1643172645005166e-01	   2.4044644322042816e-01	   4.5970238576559197e-01	   5.9258055810353427e-01	   2.4367213791103823e-01	   1.9494986496827535e-01	   4.3075010869754021e-01	   5.4690997341712599e-01	   5.7003241939447580e-01	   5.3978354461084432e-01	   7.4620914825574913e-01	   8.5604973600539136e-01	   5.0534485308724153e-01	   7.0308086445544704e-01	   7.0102917792526365e-01	   4.3953030135776761e-01	   6.1846146155038206e-01	   4.5154868796520709e-01	   6.9181615226741910e-01	   4.0955072084546784e-01	   2.6119767921325665e-01	   1.0539958473340399e-01	   3.4258745267935087e-01	   3.1145599745721936e-01	   4.6962469065394741e-01	   2.3883581279883320e-01	   2.0618070481849424e-01	   2.0802528828970895e-01	   1.2168808152036410e-01	   3.8891152769554438e-01	   6.0508375190392671e-01	   6.9909152523551321e-01	   5.3038914362017853e-01	   3.5996525864179241e-01	   7.1903586117939222e-01	   4.7893566768702733e-01	   1.7010592624423662e-01	  -2.9548916932209839e-02	   4.2993686674495046e-01	   4.8707141328685610e-01	   4.2330805123240595e-01	   5.6055132952029663e-01	   3.7192221476401688e-01	   4.2056749792416570e-01	   1.5038082120818519e-01	  -1.0715937836866754e-01	   2.4816535152855926e-01	   2.4219004612621803e-01	   2.7591552473202341e-01	   3.8390863267983488e-01	   3.8453996447899630e-01	   3.5951835242390001e-01	   3.2653180219869465e-01	   2.3376189395158387e-01	   7.5781178785914768e-02	   3.3714268462940157e-02	   7.0453147474547936e-02	   5.1523257944474626e-02	   4.2889123736663588e-04	   1.6245874016690140e-01	   6.1469563025995939e-02	   2.5899167446868798e-01	   3.4600548259768515e-01	   2.5806769232829246e-01	   8.8617247193655893e-02	  -1.4632170168476130e-01	
   4.9971717487525336e-01	   4.9001486154180063e-01	   7.2301539379200475e-01	   4.4679954371643493e-01	   4.4108048308536979e-01	   1.8893032403784094e-01	   6.8043800688836320e-01	   3.0833269503240901e-01	   3.8426235276875137e-01	   1.4850316982652875e-01	   1.0159806788906216e+00	   7.4206262237581677e-01	   0.0000000000000000e+00	   7.0672273457723278e-01	   7.1945346568846058e-01	   4.3337985128396911e-01	   4.5806588886708005e-01	   4.6591331083781623e-01	   6.1839256874812309e-01	   4.7661951919509682e-01	   1.8718070874625251e-01	   1.4551082688577407e-01	   5.4153279941433041e-01	   2.8546809020737668e-01	   2.5587069994879968e-01	   1.0097277591299443e-01	   3.2218510285346941e-01	   1.9268275115000266e-01	   5.9089994768329435e-01	   5.2544493647911039e-01	   3.0740513702000632e-01	   2.1336916307976617e-01	   4.2908941603429751e-01	   4.2879460365309824e-01	   4.5449025203649638e-03	  -1.0764822115371851e-01	  -4.2664270785570979e-01	  -9.5941451685251269e-02	  -1.3360632047932233e-01	   5.5216435294228830e-02	   5.6169910160220375e-02	   9.6826293574566902e-02	  -1.1898932398664047e-01	  -1.8064548814652852e-02	   6.1267154613111580e-02	   6.1021569189063145e-02	   6.1506997495326787e-02	   1.4173319109702717e-01	   5.3182223335359970e-02	   1.0564759886284045e-01	   3.1364942625937775e-01	   2.3371164198126593e-01	   3.2341189225440081e-01	   5.0262162139097466e-01	   8.8010579446597056e-02	   1.4438559654859320e-01	   2.5743839527012718e-01	   4.8362458227202437e-01	   5.0185379623567583e-01	   2.8985935142361791e-01	   7.2280849258022750e-01	   4.3482501981555854e-01	   3.0659302522249920e-01	   5.0108465503566380e-01	   4.1745243097226636e-01	  -3.6232686938686601e-02	   2.8632981319460976e-01	   4.8192895156054801e-02	   4.8592821504381500e-01	   3.6788472010512996e-01	   2.2532995483833945e-01	   1.8700010511337783e-01	   2.9455175558633878e-01	   3.3303461902609316e-01	   1.7430168078021677e-01	   1.8080591040529082e-01	   1.4293493793977471e-01	   7.0365378402202791e-02	   2.9619443070927226e-01	   6.2703414367077392e-01	   4.7093251420611076e-01	   5.9707650158904590e-01	   5.7870589596834554e-01	   3.4121488383813814e-01	   4.7734535576316378e-01	   1.5222384102359551e-01	   1.1885815375251815e-02	  -1.9110600127198304e-01	   4.0505958054460645e-01	   2.9353133435461498e-01	   2.3476364652114629e-01	   4.8804117609230846e-01	   1.1588141444658556e-01	   4.7219578634285730e-01	   2.9151462456709165e-01	   1.0904307404079130e-01	   2.0674531174499675e-01	   3.1531263367839096e-01	   2.1661035191586236e-01	   3.7547444078742054e-01	   3.7845082614274528e-01	   5.3261584644339477e-01	   4.7719615497453260e-01	   4.1228264760088162e-01	   4.7272331767008478e-02	   5.8669995409843176e-03	   3.0146803024384911e-01	   1.8527652184237547e-01	   1.7943710717787664e-01	   2.7697015042886486e-01	   3.8394529992680594e-02	   1.3995013156515659e-01	   2.6578234859980110e-01	   4.0699017349049343e-01	   3.1038755075873203e-01	   1.3380926982026267e-01	
