   0.0000000000000000e+00	   9.0518609131325062e-02	   1.2236419420303224e-01	   1.1247429571283726e-01	   2.1363785148934528e-02	   3.3589066521886653e-02	   5.3446583512797498e-02	   2.1919204712871701e-01	  -2.3845985633450740e-02	   2.0299448486213018e-01	   2.9428194902505911e-01	   1.0841054770530480e-01	  -1.3529484679522245e-04	   1.0710608475395572e-01	  -3.1248414718525370e-02	   1.3349051444995516e-01	   2.1551917397907921e-01	   1.1018641318956154e-01	   4.4876279305145816e-01	   2.1652096351353303e-01	   7.3843197603599593e-03	   7.5187037200907234e-02	   1.1504596877781698e-01	   5.5886383231863658e-02	   1.1420702282819212e-01	   1.1283877367874350e-01	   1.8678951006417807e-01	   1.8011396722554507e-01	  -3.1144825832101763e-01	  -2.5271571442716584e-01	  -1.7415222168917590e-03	   1.4583695705139442e-02	   1.2292825281368430e-01	   1.9546350171533033e-01	   9.9049787899786065e-02	   1.3561188588777853e-01	  -1.2288936408585768e-01	  -5.5441957604977325e-02	   6.9286986691593187e-03	   3.1378757043892987e-02	  -1.9496166863928886e-02	  -8.0202738435543264e-02	  -1.9063524232646195e-01	  -1.6736699899927424e-01	  -1.2345679153365677e-01	  -2.1711727898813191e-01	  -1.8871315072289530e-01	  -4.5145441910942913e-02	  -3.0753718171577088e-01	  -2.1537952516968598e-01	  -1.8898369295608380e-01	  -1.3374409309389340e-01	  -1.3848905016401175e-01	  -3.4497735496371675e-02	   3.4533775583553868e-02	   5.3187439523507761e-02	   1.2072781053889350e+00	   2.8764170043020071e-01	   1.6845391125790127e-01	   1.3318957317278422e-03	   1.9512756291988484e-01	   1.9721503391474557e-01	   4.5292955387693018e-01	   3.0997151101198611e-01	  -4.0973529442072394e-02	  -2.7680382108168689e-02	   1.3389763337885752e-01	   1.3945230633732247e-01	   2.7488754335525312e-01	   7.6027020539530532e-02	   2.0536535525774360e-02	  -4.1395700120476657e-02	   1.1131596668682178e-01	   1.1886352871309669e-01	   1.5859239220951526e-01	   1.6771901367781789e-01	   2.4948269495991354e-01	   2.5361674962372477e-03	   6.1075422203901185e-02	  -1.7481765676283423e-01	   8.6703618406389002e-02	   4.9141282591622433e-02	   1.4310702880378448e-01	   1.5252117743659929e-01	   2.6834695566709316e-01	   1.8633597519228112e-01	   1.9478196849695978e-01	   3.0802149159961273e-01	   1.0739441214469456e-01	   1.6825135731938501e-01	   1.5369596584658157e-01	   6.3687592629010165e-02	   8.7033743482166151e-02	   2.6151630359605671e-01	  -4.1339962516502786e-02	   6.8351603045208997e-03	  -1.4259730991867117e-01	   2.4731723933694960e-01	   9.4896002128327037e-03	   1.6047809140843489e-01	   2.0115154577897831e-01	   3.6881074148657839e-01	   3.0198651599746534e-01	   4.1629565823598769e-01	   1.3747421211108540e-01	   9.6731436588808811e-02	   2.0332723704555969e-01	   2.3583724306427784e-01	  -1.7156994268368652e-02	  -3.3978340097814730e-01	  -1.1542962871954662e-01	   2.9531919811952284e-01	   3.8672640128516739e-01	   3.1999651532099371e-01	  -4.2229003551704287e-02	   2.8843270392835907e-01	
   9.0518609131325062e-02	   0.0000000000000000e+00	   4.8320972280592123e-01	   3.6983990341099304e-01	  -1.5685759679511088e-01	  -2.1757970147574285e-01	   1.0340608059479149e-01	   2.0439568745915848e-01	  -1.8078103528203704e-01	  -2.6874009975493740e-01	   4.1898945589949480e-03	   2.2861147066243148e-01	  -5.9157750299961863e-02	   7.9456832340976252e-02	  -5.6028216082987255e-02	   8.8977327444440868e-02	  -1.4355533063674966e-01	  -3.2142446463996520e-02	   2.9752511556929367e-01	   8.3254341985851088e-01	   5.5747713076678890e-02	   3.9865510445413470e-02	   2.3771766372587644e-01	   2.1675128392337706e-01	  -2.4980247808883382e-01	  -2.8179312172191112e-01	  -3.0543954776926365e-02	   4.4643029431792325e-03	  -1.3713712161769345e-01	   5.1578917134484530e-02	  -4.1915103594039736e-02	  -2.7470131644388829e-02	  -1.5672667614366748e-01	   7.7478478681434163e-02	  -4.2621505881374716e-01	  -4.0684152525515077e-01	   7.2337584393884186e-02	   4.2681646850192316e-02	   5.2804193305760927e-01	   4.6975130772342755e-01	  -3.0823443171617230e-02	   1.1080123383764331e-01	   3.1507188352423145e-02	   1.7745711771322442e-01	  -3.0398188294923040e-01	  -4.8234707857494757e-02	   8.4841157267342482e-02	   1.0254688908035636e-01	   4.4193858751701981e-02	   2.1738772525388306e-01	   1.7770591030052504e-02	   1.3276477556287741e-01	   3.6792028018621387e-01	   4.9605055591176794e-01	   4.6253338315178932e-01	   6.3895454007929320e-01	   3.5439932602423341e-02	   9.7974950586800957e-01	   5.9465725507099398e-01	   5.9190700178438194e-01	  -6.2873113442499060e-02	   2.4677273937220479e-01	  -2.5320922805793444e-01	   9.5864245028110082e-05	  -5.2813708214335398e-02	  -9.3790340412413881e-02	  -4.4812982332966246e-02	  -2.1701564233771722e-01	   3.5560672084501527e-01	   5.9555287723038242e-01	   5.9330030507429014e-02	   3.0272119742097224e-02	  -9.8425184473982824e-02	   1.0384170458554988e-01	  -4.3965039993191062e-02	  -7.1100362670017264e-03	   7.9369396770075651e-02	   3.3893177398216484e-01	  -4.2247081950516172e-02	  -7.7430934940390744e-02	  -1.2028044470188286e-01	  -4.0914627155194228e-02	  -2.9369317412929444e-03	   8.6533832057233945e-02	   2.8126645038427014e-02	   1.7570849619497020e-01	   3.2842405137080022e-01	   5.5210422874247533e-01	   5.3237279150805694e-01	   5.3889201384198004e-01	   2.8917330361786830e-01	   5.0930666015808410e-02	  -2.6399628845179331e-02	   2.8477652452201574e-01	   3.1761890783750990e-01	   2.2214114121520984e-01	   3.5189782212823861e-01	   1.3944129246109371e-01	   1.4516964068095242e-01	  -9.6970841705032951e-02	   4.6376569227508102e-01	   5.5365513511684372e-01	   5.0143411860659093e-01	   3.3472289934923655e-01	   4.6244849546664485e-01	   4.0843957372195916e-01	   4.5759426148236310e-01	   5.4249102657884518e-01	   4.7785394113998136e-01	   3.1455580411058598e-01	  -1.2535844940993682e-01	  -1.7780342844827784e-01	  -1.1045522662223282e-01	   2.0004829049434644e-01	  -2.6104839261295504e-01	   1.4805659716432629e-01	
   1.2236419420303224e-01	   4.8320972280592123e-01	   0.0000000000000000e+00	   7.3882470632028474e-01	   8.3083096782031157e-02	   3.7806631945381380e-01	   7.9962343063889407e-01	   4.7033471247704117e-01	   2.3329849887588842e-02	   1.5108110886538112e-01	   2.5506839664492442e-01	   3.6550753488009335e-01	   2.7529049021748347e-01	   3.4135858261328345e-01	   2.5459867569596678e-01	   3.8853422264262366e-01	  -7.3402978370808655e-02	  -1.3949572467844382e-01	   5.4182303276418331e-01	   3.9670467165742118e-01	   3.7394108504982837e-01	   4.2516323211364326e-01	   8.3898770019377944e-01	   7.7624124647420634e-01	   4.1549806525839328e-01	   3.8106685219671027e-01	   3.3107668315725963e-01	   4.4548187910205028e-01	  -6.9451220303686336e-03	   5.1711745970184964e-02	   5.7794698677954059e-01	   5.1288168663564415e-01	   5.9485229722313337e-01	   5.8864188609107870e-01	   2.1861039471743893e-01	   7.1907636747290643e-02	   1.1553379144916567e-01	   1.4782782916270903e-01	   4.3215863681576272e-01	   4.2477882353302043e-01	   1.5098370977192990e-01	   1.9510574474867950e-01	   2.3062908974737709e-01	   2.0211953736768212e-01	   1.9133799877301214e-01	   2.1574886467133664e-01	   2.4015341275985569e-01	   3.5101978791866961e-01	   1.8461001237461627e-01	   2.0110880755887234e-01	   1.1882819316340987e-01	   1.3156198544070741e-01	   2.2358848711275106e-01	   3.1121683131109845e-01	   5.3894394063459861e-01	   4.7536599205593355e-01	   1.9184288093482171e-01	   5.5684949715955023e-01	   5.2393337016990682e-01	   5.6975458641272991e-01	   5.0955591557700064e-01	   5.1884582695403980e-01	   1.8542756733128208e-02	   1.3496499421810540e-01	   2.7938451359538474e-01	   1.5438914244067278e-01	   3.8822223843737830e-01	   1.6395960158452519e-01	   4.7120997811748117e-01	   4.1427023950754760e-01	   4.2469795190199860e-01	   3.8027691595405849e-01	   1.8289588187702699e-01	   3.5005232372807593e-01	   7.9794145290534968e-02	   3.0434502187008772e-01	   1.8212395521387736e-01	   5.2431580273092027e-01	   7.5209903228781363e-02	  -4.0341737053579622e-02	   6.1727039865594170e-02	   1.1662605197242529e-01	   1.1258640987645932e-01	   1.9352463006608875e-01	   4.5506157103325129e-01	   3.2047052167204032e-01	   4.5772799400126118e-01	   4.3539977812370201e-01	   6.0676016086738849e-01	   5.8768781881890009e-01	   5.7913345334879773e-01	   6.8603647358559816e-01	   3.9365241156037983e-01	   5.5435946156853577e-01	   2.3269977339188921e-01	   7.5604488639913509e-02	   4.4101996634375973e-01	   3.8794637148647915e-01	   5.7642215386415963e-01	   3.6680928190559159e-01	   3.5918704535415080e-01	   3.7947673948358468e-01	   4.5738744177696300e-01	   4.0366524454753799e-01	   2.9489420344895373e-01	   3.1465853963678825e-01	   1.7341243567830358e-01	   2.7126041848671123e-01	   1.2599991675172623e-01	   1.5218109319332984e-01	   3.1090927400539503e-01	   2.4724871889566952e-01	   2.1951286976600173e-01	   2.9591332642885032e-01	   6.7837232421012481e-03	  -5.1327296603121755e-02	
   1.1247429571283726e-01	   3.6983990341099304e-01	   7.3882470632028474e-01	   0.0000000000000000e+00	   8.6097647185060609e-03	   2.2351801996432824e-01	   5.6923664971107835e-01	   9.4422017097925459e-01	   6.2343743862016219e-03	   1.2751272925928664e-01	   8.8854108329656130e-03	   3.1305510989120766e-01	  -1.6642440114833405e-02	   5.1927425635874713e-01	   1.0327059409343130e-01	   3.4966073801912811e-01	   2.3198172908285502e-02	  -2.0538803501433617e-01	   3.4196858067070346e-01	   3.4829567452098703e-01	   2.0881099263789893e-01	   2.1234683096711685e-01	   2.9718178691770886e-01	   5.6808345748590328e-01	   8.9878332596850987e-03	   6.0974837414453399e-02	   7.8447841801813828e-02	   1.6652043014635970e-01	   1.0939862101325989e-01	   1.6930897857409447e-01	   3.0219705745871239e-01	   3.7111806247992418e-01	   3.2627871985708107e-01	   4.3538655940439358e-01	   6.8038302953411400e-02	   9.0987919702360226e-02	  -7.0222117145763777e-02	   1.4318659536000858e-01	   1.9833790280007363e-01	   1.8300479762148200e-01	  -1.3605908782726794e-01	   8.2369236494916565e-02	  -5.5556787878779053e-02	  -6.2857626431361890e-02	   2.1556013008428458e-02	   1.2520817453143748e-02	  -1.5684655249257710e-02	   2.2728263171897278e-01	  -1.0143632706437362e-01	  -3.5004556240378917e-02	  -9.5264432474112468e-02	  -3.8365930902231955e-02	   7.3438849988415475e-02	   2.1519735027424897e-01	   2.8109014190024512e-01	   3.8601993308098936e-01	   2.4551704738519267e-01	   4.8786317423774306e-01	   4.4134922399585047e-01	   5.1629065153326936e-01	   3.6923265512771092e-01	   6.8233864467512573e-01	   8.4169433650908648e-02	   2.7732918552531299e-01	   2.0580039278611573e-01	   5.3106529553094406e-01	   3.2023270431098194e-01	   1.9917603463181233e-01	   4.4484291005161747e-01	   3.6718796952110755e-01	   2.6078301010148025e-01	   2.0561209709131956e-01	  -2.3359368337156999e-02	   4.0148856315507198e-01	  -1.3300570478399876e-01	  -2.5087404643666475e-02	   1.9637376157805655e-02	   2.4943935338343562e-01	   1.7340308820870201e-01	  -5.0179109766732607e-02	   1.7524858787962672e-01	   2.7109025266588088e-01	  -6.8875431858493708e-02	  -6.2345283526679240e-03	   2.4071744658982913e-01	   5.6992307859568858e-01	   1.3016502403051858e-01	   2.3544186202952258e-01	   5.5363556915361989e-01	   7.3381829293605538e-01	   6.5685892094161824e-01	   6.4644813242805810e-01	   5.1352128991501134e-01	   4.9002567961342375e-01	   8.8867061553958543e-02	  -2.2447825320905865e-01	   2.8352020886644713e-01	   2.5621845004594673e-01	   4.1979028309564248e-01	   4.1215193313389181e-01	   3.5097849594647956e-01	   3.4273596094552233e-01	   3.9088799806578012e-01	   4.9767356526207618e-01	   2.6936045098789435e-01	   1.6410197235742521e-01	   1.6521437287385526e-01	   1.9094002551971345e-01	  -8.7788278066805850e-02	   5.3226300336941174e-02	   3.3912490030131742e-01	   2.8732657959365743e-01	   4.1988709763963050e-01	   4.4320948758128353e-01	   1.3091471770689256e-01	  -1.1869653492772880e-01	
   2.1363785148934528e-02	  -1.5685759679511088e-01	   8.3083096782031157e-02	   8.6097647185060609e-03	   0.0000000000000000e+00	   4.0387735255122792e-01	   3.0670013828420806e-01	   2.5620400657850495e-01	   2.0146917182504187e+00	   9.5200736858065726e-01	  -3.4680159200938093e-01	   2.7374830159840786e-02	  -1.3033454786128049e-01	  -1.4130266932131408e-01	   1.1091433173307232e+00	   3.6219188567849225e-01	  -2.0773512597122434e-01	  -4.4262572065038371e-02	   3.7107759120525863e-01	   1.0737040668583704e-01	   6.6835002208031258e-01	   5.4495798168365139e-01	  -3.3135805239486149e-01	  -2.6026591751112016e-01	   3.2815983407525667e-01	   3.8593410299185205e-01	   8.5173331642975247e-01	   6.1552975565073487e-01	   8.7887052692040599e-02	   2.2137523280855287e-01	   3.0832041996841236e-01	   1.7245164075845476e-01	   1.9901943329805302e-01	   3.3768439484868962e-02	   2.4873768432141900e-02	  -4.5097692755680124e-02	  -3.7638100979358374e-01	  -2.9583677083154664e-01	  -4.5335396513034892e-02	  -5.6835295927699744e-02	  -2.7187942359025247e-01	  -2.4200114992760008e-01	  -9.1574686780778639e-02	  -4.7124134529181481e-02	  -3.7203421052464269e-02	  -1.1001651294086664e-02	   1.0462080393563193e-01	   1.8792027110269940e-01	  -2.2088010088101878e-01	  -1.0712391012847276e-01	  -2.2186208346560754e-01	  -1.4604043066243425e-01	   8.6495320193405917e-02	   1.8441358338907216e-01	   2.1972312394545182e-01	   4.0436972015330225e-01	   8.9534633423408901e-03	  -5.4024591416760824e-03	  -3.1551724751226762e-01	  -1.9447858491132156e-01	  -2.0329273745505150e-01	  -1.2762393310317260e-01	   2.7958099624993971e-01	   1.4887205040345844e-01	  -2.1009084372762471e-01	  -2.6907610407039961e-01	  -1.7130357080884726e-01	  -1.8975736576475924e-01	   2.8938230632597362e-02	  -5.8231299169512932e-02	  -9.9876993511602258e-02	  -3.0608927793565844e-03	  -2.9247325285909970e-02	   1.1611285707950555e-01	  -2.3584727108702341e-01	  -2.7478764984252485e-01	  -2.0783704735899977e-01	   2.9473799206423113e-02	  -8.5733194536187038e-02	   4.0073436480141728e-01	   1.2688989057718825e-01	   8.9118027480490664e-02	  -3.5729836942392720e-02	  -9.7301074273448085e-02	  -3.7283150469468347e-02	  -4.1899819842429069e-02	   2.1527524136893023e-01	   1.0460311706493361e-01	   3.1457452870010827e-01	   2.8595427891747677e-01	   3.6038215350724034e-01	   2.0831287565335094e-01	   1.3732657107018012e-01	  -6.3545314512076664e-02	   1.9271893291320386e-01	  -1.4608187516759236e-01	   3.2752659363224224e-01	   3.3534632969221673e-01	   3.4241256841235101e-01	   2.9028326488838496e-01	   1.6947649054129688e-01	   3.7461182078635988e-03	   2.7696918512673829e-01	   1.4003012718844571e-01	  -1.9100317960942395e-01	  -6.4770761679080927e-02	  -2.9936909076998044e-02	   7.6741152689470626e-02	  -2.1465294877743377e-02	   1.7280948659448425e-01	   1.5795972852342016e-01	  -5.2705302229774424e-02	  -9.7889367973116190e-02	   1.1325651944920211e-01	   8.7937557453951154e-02	  -3.7361909646163177e-01	
   3.3589066521886653e-02	  -2.1757970147574285e-01	   3.7806631945381380e-01	   2.2351801996432824e-01	   4.0387735255122792e-01	   0.0000000000000000e+00	   2.1333738102862848e-01	  -1.2780136199990260e-02	   2.9085624776537050e-01	   7.5882767990921129e-01	  -2.8673477673229950e-02	   2.6668583210317062e-02	   1.6564735351900692e-01	   7.2303677346987338e-02	   6.3972658826507001e-01	   6.5281989825466569e-01	  -9.8594108555250345e-02	  -1.6102633743162170e-01	   2.0447797957561173e-01	  -1.5100965934426711e-01	   3.5458048625618704e-01	   3.8520733361544912e-01	   3.5075941385999521e-01	   2.4753137245929852e-01	   6.6046002241648849e-01	   9.0766567782037599e-01	   8.6762498950363787e-01	   1.0092013432794813e+00	   3.8937643020316597e-02	   3.5298610435271049e-02	   3.2731334591763128e-01	   1.5186795046589877e-01	   3.2488095558835972e-01	   1.4701260886883641e-01	   7.9707266165162369e-02	   5.9938795718055833e-02	   4.7521743791075280e-02	   2.1173204654115799e-01	   2.2848333016730410e-01	   2.3217561455716901e-01	   1.4553322345577699e-01	   1.4338107207474932e-01	   2.2075956638347130e-01	   1.0231075279375358e-01	   1.7277145124164081e-01	   2.8072767333256055e-01	   2.3649101093595920e-01	   2.4016926004238581e-01	   2.4117962851903613e-01	   1.6509951501593192e-01	   2.8984616342633923e-01	   2.2235160084587408e-01	   1.7668696967631933e-01	   6.0723974250579460e-02	   2.8457791491779394e-01	   1.0630228763428996e-01	   4.6894657853775584e-02	  -1.2065433418061126e-02	   6.0604965039980967e-02	  -1.8104442906126294e-02	   5.8379288387963354e-03	  -1.3621698126813273e-01	   3.1736452834331824e-02	   1.9508683081575395e-02	  -1.8711122458457760e-01	  -1.0834048502030054e-01	   2.0446546875402624e-01	   1.0903412442754583e-01	   2.0420122914733788e-01	   1.2514411421728266e-01	   2.6504686665984128e-01	   1.5537934525545741e-01	   5.5494023461046212e-02	   1.3014522619566346e-01	  -2.1852960242113886e-01	  -1.1576737648765890e-01	   2.2838499776684611e-02	  -1.9823110647766866e-02	   9.5821497961139451e-02	   1.6324078355092436e-01	   1.3088674222239621e-01	   1.7943094030900139e-01	  -1.3300956914763296e-01	   1.7835156764270277e-01	   1.8619177673098780e-01	   2.3903165556093880e-01	   1.1231338256618507e-01	   1.8006927280699575e-01	   1.3350264426142960e-01	   2.7334714818512851e-01	   1.8721301348422012e-01	   3.2372113646964351e-01	   2.5471361930798775e-01	  -2.4363099291455571e-02	   6.0547664984164161e-02	  -9.2669633207303259e-02	   3.1165730810551795e-01	   2.9035448444559031e-01	   3.2381455089827954e-01	   3.0561799373460846e-01	  -2.4540808870170588e-01	  -2.8016642688143245e-01	  -1.5392956092792409e-01	  -2.5051581415494906e-01	  -8.5120778329349153e-02	   6.0987608215546163e-02	  -4.7841964989653396e-01	  -3.1243929488801725e-01	  -2.1982076769910197e-01	   1.7105043989958907e-01	   5.6390594067850208e-01	   2.6176004463855773e-01	  -4.1974114511705016e-04	   2.2145761426907520e-02	   1.3338007309902583e-01	  -3.2057667101910753e-01	
   5.3446583512797498e-02	   1.0340608059479149e-01	   7.9962343063889407e-01	   5.6923664971107835e-01	   3.0670013828420806e-01	   2.1333738102862848e-01	   0.0000000000000000e+00	   8.5425509165110058e-01	   3.3965417760630323e-01	   2.0152671049073170e-01	   2.0259599796482913e-01	   3.1079671899097505e-01	   2.8112038472436796e-01	   3.4055363147511108e-01	   1.9634613750625465e-01	   1.4234099906850919e-01	  -2.7317276048094485e-01	  -3.2872388175829331e-01	   5.0618624218636254e-01	   2.6708275468359971e-01	   2.7322289717365333e-01	   2.5321252954533052e-01	   1.8930548335089445e-01	   2.0249888930259166e-01	   7.3144219086910420e-02	   7.3028840496542180e-02	   2.0267851115055249e-01	   2.4570641880563773e-01	  -3.7943590556714979e-02	  -4.9400844323384555e-02	   3.2965848134596454e-01	   3.1936174907064790e-01	   5.8386495673776795e-01	   5.4844078647672956e-01	   3.3237878658893955e-01	   2.4223771475633887e-01	  -1.6140435412461374e-01	  -1.7322806660287565e-01	   8.0356195364980787e-02	   1.1883123515489286e-01	  -4.1492762571592789e-02	  -3.7777517654717638e-02	   2.8838679806113232e-01	   2.4964185680936390e-01	   5.1922019022719668e-01	   3.4535566649124988e-01	   3.2181065186423830e-01	   3.9924604585737394e-01	   1.1140697148093284e-01	   7.6847526210894690e-02	  -2.1241284414806549e-02	  -9.9834817775528689e-02	   1.0381837316331895e-01	   2.4234725810552066e-01	   4.7119095530797173e-01	   4.6987911620483735e-01	   4.7461016986182374e-02	   1.6510718300155530e-01	   3.1546175419873185e-01	   4.3693155683499563e-01	   7.4761499134071085e-01	   6.6540824704208046e-01	   3.0738480456450043e-02	   6.6037941692349986e-02	   1.6718331098796668e-01	   2.3397611475731428e-01	   4.9613886372302957e-01	   3.2858610892761403e-01	   3.1811619367311433e-01	   2.5144161715113056e-01	   2.5195058570248363e-01	   1.6906660144311564e-01	   4.9849422965893538e-03	   2.6352334248469211e-01	   1.0247514870580847e-01	   2.4787688205520936e-01	   1.8706040448420944e-01	   3.5910225245391114e-01	  -2.0084671113407565e-01	  -1.3956650031214446e-01	  -9.6725239477085015e-02	  -1.8646911739853622e-01	   8.8099634526523807e-02	  -1.5544001856546172e-01	   1.3290719003937745e-01	   1.0534628976679253e-01	   4.3792413029710608e-01	   1.6286852305041113e-01	   6.0385181106690300e-01	   4.9639785025844663e-01	   6.3438787293356358e-01	   7.5451205183981118e-01	   3.8805218412340764e-01	   7.1625588239960558e-01	  -2.0504900892365750e-02	  -1.2530142790893162e-01	   2.9581069864974907e-01	   1.6350809951001311e-01	   6.2523290085616168e-01	   4.3876631421344198e-01	   5.2530298986042989e-01	   5.1780105287901135e-01	   6.4745174228530233e-01	   6.4440572608368818e-01	   3.6190948780073523e-01	   2.4802623776180147e-01	   3.8648143039390154e-01	   4.0067395343158368e-01	  -3.2107373985892904e-02	   1.6775224809655492e-03	   1.9375449480870310e-01	   2.4120200304248543e-01	   4.2343591051879453e-01	   3.6564509633735898e-01	   6.5841719406635357e-02	  -4.5443400120510548e-02	
   2.1919204712871701e-01	   2.0439568745915848e-01	   4.7033471247704117e-01	   9.4422017097925459e-01	   2.5620400657850495e-01	  -1.2780136199990260e-02	   8.5425509165110058e-01	   0.0000000000000000e+00	   2.9435455638195235e-01	   2.7101592082288434e-01	   7.8234351122428034e-02	   3.1897569006595772e-01	   6.7918220917094901e-02	   5.2856085848415202e-01	   1.0918169827002951e-01	   1.7590014626811115e-01	   6.1410536022534490e-03	  -2.2066612637472074e-01	   4.3945356254057666e-01	   3.7724691176879710e-01	   1.3855669824008846e-01	   9.9768395911318072e-02	  -4.1606953808669751e-02	   1.5982560416520569e-01	  -1.6993172305322732e-01	  -1.3549941073288352e-01	   4.8051401205984202e-02	   5.2384606915605605e-02	   4.0500031724188201e-02	   9.6751698747298290e-02	   1.1772338367848731e-01	   2.5060368000753708e-01	   3.8496582361309445e-01	   3.9762073392396380e-01	   1.7972018434213360e-01	   1.4752535549402568e-01	  -2.5565319953230348e-01	  -1.8117433778105158e-01	  -3.2580201611043663e-02	  -4.4738858741532356e-02	  -2.9339654158819761e-01	  -1.3418483548489596e-01	  -5.8098303753148076e-02	  -7.3764652609173420e-02	   1.2100371996627780e-01	   1.7219026463389665e-02	   2.2051328548548174e-02	   1.7739339087143374e-01	  -1.9465360691409106e-01	  -1.3306308973761624e-01	  -2.2097174489145949e-01	  -2.1873347005295121e-01	   1.4192997888125013e-02	   2.0496222682303397e-01	   2.1685063679671396e-01	   4.0840732180700251e-01	   2.7765804531943417e-01	   2.7327494717460843e-01	   1.8347889066900600e-01	   3.3785803677863857e-01	   4.6491363443910483e-01	   8.2148773934317199e-01	   1.8729507029641324e-01	   2.7566552853880283e-01	   1.6669217999388494e-01	   4.4975259352978864e-01	   2.8204354946515997e-01	   2.1103651707625634e-01	   4.0810999870736858e-01	   3.1774347830033189e-01	   4.5519864932314955e-02	   8.7834679256315912e-02	  -3.4758862698204868e-03	   4.3779888221821228e-01	  -7.8533410940647089e-03	  -1.3075477473916214e-02	  -4.8010332763600665e-02	   2.5627883514109628e-01	   3.7743283715800748e-02	  -6.5492037571190223e-02	   9.1418716440160530e-02	   1.1056095634170984e-01	   3.1848489559943856e-02	  -1.4654865120123692e-01	   6.9027039548092264e-02	   2.9920747782045992e-01	   2.2490671842660864e-01	   1.0645748525573943e-01	   5.2426365926996288e-01	   5.9279380819033212e-01	   6.7879291325924396e-01	   5.2266093958582993e-01	   3.9806713194964827e-01	   5.5073997814833120e-01	   3.0205140732203095e-02	  -1.8814299567930937e-01	   1.2038650169873649e-01	   2.1599802757011713e-01	   3.8997293384123638e-01	   3.6619681011181043e-01	   6.0306332673773344e-01	   5.6145274036010995e-01	   6.8460193551086990e-01	   8.4399432341041991e-01	   3.1139446384784841e-01	   9.6691892077688232e-02	   4.2867850834031379e-01	   3.8638845530248106e-01	   4.3178972346180594e-02	  -6.8345176257578369e-02	   7.2281930212773293e-02	   2.0323908413590827e-01	   5.1965839684567960e-01	   6.3303211256981784e-01	   9.8679882039985220e-02	  -6.7815678872574933e-02	
  -2.3845985633450740e-02	  -1.8078103528203704e-01	   2.3329849887588842e-02	   6.2343743862016219e-03	   2.0146917182504187e+00	   2.9085624776537050e-01	   3.3965417760630323e-01	   2.9435455638195235e-01	   0.0000000000000000e+00	   8.8098212638648044e-01	  -3.5995520284811811e-01	   1.4806678286803869e-02	  -1.4864888242263499e-01	  -1.2743496076156172e-01	   1.0460912518526562e+00	   3.4991531667590703e-01	  -2.2504470000233295e-01	  -4.4670516414673699e-02	   3.3004736251414979e-01	   7.6773758966844408e-02	   7.0178299712014003e-01	   5.7403567489687723e-01	  -4.4528547849476607e-01	  -3.4650849532231137e-01	   2.4293218591496391e-01	   2.9877313147886897e-01	   7.2479057927706525e-01	   5.2121904296480848e-01	   8.4219970813767489e-02	   2.1834551421839019e-01	   2.5813265132654722e-01	   1.3431467358240584e-01	   1.5314052966668162e-01	  -1.0359930709560103e-02	   1.0421783734461675e-01	   3.2523919986869099e-02	  -3.6220105398287655e-01	  -3.4191467843186946e-01	  -5.5605701209076035e-02	  -6.3724580655888957e-02	  -2.8977686053645646e-01	  -2.6330131580562000e-01	  -1.1905767263226914e-01	  -9.7218131697840229e-02	  -6.2094406859276502e-02	  -8.7041756753090796e-02	   6.1484436547564997e-02	   1.4616227011159083e-01	  -2.9101263536513833e-01	  -2.0429208587621728e-01	  -2.9578007585681698e-01	  -2.5339683469309032e-01	   5.3171883017662867e-02	   1.4864989837976764e-01	   2.0788557096007709e-01	   3.7591527346768683e-01	  -2.9960116471689460e-02	  -2.8551628598350746e-02	  -3.5411495842372526e-01	  -1.8161399652922294e-01	  -1.5035034584875506e-01	  -8.6810333966465827e-02	   2.8402574832105082e-01	   1.3802898750109344e-01	  -1.3476262321463628e-01	  -1.8888131186098941e-01	  -1.5840930261647501e-01	  -1.5843613767341277e-01	  -5.0999272450238296e-02	  -1.3571374125159238e-01	  -7.9738010442708299e-02	   1.4426334391230511e-03	  -1.0327070043697512e-01	   6.6720211796416337e-02	  -2.3972958531088398e-01	  -2.9919703190256308e-01	  -1.9360077740622722e-01	   5.7944243907343360e-02	  -9.6946118171242143e-02	   4.2035538680658729e-01	   1.1309486933817264e-01	   7.3166735326387830e-02	  -9.0400649119618919e-03	  -1.2234254585005522e-01	  -3.0246704729577197e-02	  -4.7594367148728639e-02	   2.0945155997251327e-01	   1.0412749505731450e-01	   3.7670695041614610e-01	   2.9563833478876611e-01	   3.9382001892064761e-01	   2.1518719886075935e-01	   1.6231805896339907e-01	  -5.3061306364329978e-02	   1.4151418530846688e-01	  -2.1894741468532855e-01	   3.1127175699865545e-01	   2.4710414773961126e-01	   3.2126231113705905e-01	   2.5225024121051198e-01	   2.0119864886420688e-01	   6.4171756299314132e-03	   3.0682381332393677e-01	   1.7947904032869946e-01	  -1.7784835572999946e-01	  -5.3240877242339932e-02	   5.2564982921075041e-03	   1.2073921238381903e-01	  -6.7184439185395198e-02	   1.7396122271538711e-01	   1.4887102518470946e-01	  -9.8121267502520385e-02	  -7.7310990888664471e-02	   1.5041280604189980e-01	   1.9132579701238528e-01	  -3.8167323591825314e-01	
   2.0299448486213018e-01	  -2.6874009975493740e-01	   1.5108110886538112e-01	   1.2751272925928664e-01	   9.5200736858065726e-01	   7.5882767990921129e-01	   2.0152671049073170e-01	   2.7101592082288434e-01	   8.8098212638648044e-01	   0.0000000000000000e+00	  -2.3939058828132603e-01	  -2.1350006134159442e-02	  -2.8691622347789283e-02	  -2.6045343409242718e-02	   9.5977586450114771e-01	   6.9107908192479761e-01	  -6.0163848011948108e-02	  -8.5293418369826846e-02	   2.7754565472922921e-01	  -2.2593958494424960e-02	   6.5497810956729363e-01	   6.2604159116253255e-01	  -6.4708437307401820e-02	  -4.1688229776535538e-02	   5.5094796851819294e-01	   7.2516183301868098e-01	   9.0748453212081870e-01	   7.8897571156069346e-01	   4.0254053942924244e-02	   1.0431006380158939e-01	   2.9220136089331084e-01	   1.8844144865538401e-01	   2.9061190435404338e-01	   5.3568702630479782e-02	   2.8408781516408077e-01	   2.1435859539996080e-01	  -8.0242195350642309e-02	   1.7953871982488451e-02	  -1.3611845152576768e-02	   1.3030868704765124e-02	  -8.0148769790007290e-02	  -1.0898790745866857e-01	   4.0992569571204222e-02	  -6.2030595019464195e-02	   7.5006763829300058e-03	   8.7839548717868008e-03	   1.1572237078705426e-01	   1.9968312715009343e-01	  -1.1580493410772276e-01	  -1.5298461542163855e-01	  -6.9121140966837732e-02	  -6.6220353068139184e-02	   3.4545048804856156e-02	   7.7688844708594468e-02	   1.3006179272279872e-01	   1.5383271469448842e-01	   1.9706922464413676e-01	  -5.4441149514310817e-02	  -2.7807997913767124e-01	  -2.2337413607736245e-01	  -1.1074640238917280e-01	  -1.3470339441424578e-01	   2.6896432097237144e-01	   9.5348770160435303e-02	  -6.7837820561841289e-03	   2.4962095524031599e-02	   3.8515887480657783e-02	   2.2112656215147564e-02	   1.6367784088478263e-01	   1.3036598466314862e-02	   4.4947264163337573e-02	   6.4767357042232826e-02	   1.3413384031637779e-01	   2.0880896842768618e-01	  -7.2038118023167924e-02	  -2.2776743804586580e-01	  -1.1312809675473687e-01	   9.1617204723117157e-02	   7.7258250179080432e-02	   4.1890917096049646e-01	   1.9238153105323394e-01	   3.4132427851785885e-01	  -1.3752011619189775e-01	   1.6042669582578711e-01	   1.6082352670065955e-01	   2.5370111038972099e-01	   1.3138202113354489e-02	   8.6702162923448206e-02	   1.7485359645009996e-01	   2.9794431392954179e-01	   3.3713152269043306e-01	   3.0384219706575261e-01	   2.3977211217704800e-01	  -8.5467030195627444e-02	   1.1080681903510298e-01	  -2.0158956981963699e-01	   2.2222976832196689e-01	   3.1943343572764360e-01	   2.8893294199038938e-01	   2.8865723572351171e-01	  -9.7976161967033876e-02	  -2.2863316706992037e-01	  -1.0521677200841220e-03	  -1.2772827645634468e-02	  -1.9922561238079289e-01	  -6.6351611703358709e-02	  -3.0831290357278573e-01	  -1.5496616442784544e-01	  -1.3487900666960675e-01	   1.6035214098217945e-01	   3.8903483998593430e-01	   1.4127124759423076e-01	   3.7398951103385328e-02	   2.2977252560843314e-01	   2.7049978282783382e-01	  -4.3819011236897393e-01	
   2.9428194902505911e-01	   4.1898945589949480e-03	   2.5506839664492442e-01	   8.8854108329656130e-03	  -3.4680159200938093e-01	  -2.8673477673229950e-02	   2.0259599796482913e-01	   7.8234351122428034e-02	  -3.5995520284811811e-01	  -2.3939058828132603e-01	   0.0000000000000000e+00	   4.7089786922505250e-01	   7.7338117421048691e-01	   4.9598104756824690e-01	  -1.3066261918228819e-01	  -2.5937372228903612e-03	   3.7223575692985844e-01	   1.6537754226253834e-01	   3.8097445999476970e-01	   1.3103816683657343e-01	  -1.8236414254760183e-01	  -5.7719641630779049e-02	   5.5663020416975351e-01	   3.2433737125984929e-01	   1.4024797733774616e-01	  -1.3551284448430312e-02	  -1.8376396810785456e-01	  -9.0582825067626840e-02	   2.4830584516743620e-01	   4.1801275570249173e-02	   1.7863458930176890e-01	   2.3079447219518517e-01	   4.9400282109813526e-01	   5.9505711730188882e-01	   1.9951046363077204e-01	   1.2951357726872467e-01	   2.7698041163670006e-01	   1.3220593705011099e-01	   1.2963748641906200e-01	   1.8761719857901057e-01	   4.4648494327317845e-01	   4.0036001665747534e-01	   2.1152538592114911e-01	   1.5461487173024319e-01	   2.4709081340114813e-01	   1.4099973486489453e-01	   1.2790399994553514e-01	   6.3071511444843326e-02	   1.4111485081698269e-01	   5.4118204762768157e-02	   8.7722921001122139e-02	   5.6403206612737830e-02	  -1.5191455960329919e-01	  -1.7704410399568635e-01	   1.5131937059317663e-01	  -1.1005325552058860e-01	   3.3973061986967246e-01	   2.6478077673743133e-02	   1.6208716909060356e-01	   1.1542213410766117e-01	   5.0380246769610515e-01	   2.4600526257332470e-01	   2.6774507359571487e-01	   2.0239828318527886e-01	   1.2079868048679995e-01	   6.0783291116053136e-02	   2.6405876276085427e-01	   2.3575469498497081e-01	   2.0699575460987893e-01	   1.1052226734836926e-02	   5.4821884986837288e-01	   4.1278528950528381e-01	   4.2640156701727616e-01	   3.4340834360678779e-01	   4.1892701520335918e-01	   6.3269797021594931e-01	   3.8201051439255551e-01	   2.6383857546056239e-01	   2.0312542216121521e-01	  -3.0614428507984520e-01	   2.3576464125634700e-01	   1.1334701087534882e-01	   5.4750923219069814e-01	   3.3832439787208346e-01	   4.6827644207049723e-01	   3.7950121383771893e-02	   7.0549717470158715e-02	   1.9214936434670097e-02	  -4.9054215704347967e-02	  -1.3302939884483045e-01	  -1.6666790002927487e-01	   3.3107935147239843e-02	  -1.1746826256079657e-01	   2.3123546660138317e-01	  -4.4007355132980076e-02	   9.6156171188608738e-02	   3.0668946585068126e-03	   1.2976774733458768e-01	   1.4971020503151572e-01	   1.5116683807624265e-01	  -9.1057327201354663e-02	   1.1298485560516104e-01	   3.0069842482023114e-03	   1.4072277242267253e-01	   1.4655673642040487e-01	   6.9664173026558293e-02	   5.7203781493659123e-02	  -9.0620170316781129e-02	  -7.1757005886221428e-02	  -1.6187820325918251e-01	   8.2300518325132951e-02	   3.6513359872290269e-01	   3.2494356345256115e-01	   2.5730915489323219e-01	  -6.0498995679824405e-02	   2.7585560090877492e-01	
   1.0841054770530480e-01	   2.2861147066243148e-01	   3.6550753488009335e-01	   3.1305510989120766e-01	   2.7374830159840786e-02	   2.6668583210317062e-02	   3.1079671899097505e-01	   3.1897569006595772e-01	   1.4806678286803869e-02	  -2.1350006134159442e-02	   4.7089786922505250e-01	   0.0000000000000000e+00	   1.5411601634455205e-01	   1.0602045938407214e+00	   1.8944907024978447e-01	   2.7604569622927400e-01	   5.5744920122785202e-01	   4.3729520319733917e-01	   6.3179734138529087e-01	   5.3021082312945444e-01	   2.8060076222549885e-01	   3.3449548801309842e-01	   2.7282195052240654e-01	   4.8212364763011073e-01	   6.1871681696547380e-03	  -6.1635498871954665e-02	  -1.1768061269092508e-01	  -2.9621335447403311e-02	   7.2043165991091229e-01	   7.1909437253030506e-01	   4.5550111780728986e-01	   5.7411747587864115e-01	   5.2554202489147217e-01	   6.3633955302995837e-01	  -1.8330960972593995e-02	  -1.1922429423797201e-01	   1.1498439370757660e-02	   2.4634538806473063e-02	   1.1027921520278032e-01	   2.0264712977824484e-01	   1.7304115909053766e-01	   4.3245206537152237e-01	   4.5695755858408224e-02	   1.3100575474329290e-01	   1.7362661014272271e-01	   1.5021179052169006e-01	   1.4829775133388137e-01	   2.7635009822898005e-01	   2.7919545387246471e-03	   1.0229146506230194e-01	  -7.0940734928027785e-02	   6.0623840455795393e-02	   8.9059160087023567e-02	   2.0950198280504784e-01	   2.9344934417106350e-01	   3.0363191333033246e-01	   2.5100293037417865e-01	   3.4396522422544190e-01	   8.2499201371292498e-03	   1.3609986456826900e-01	   2.4679682906450359e-01	   4.9565025164683818e-01	   4.4706759118052175e-01	   6.5449758066604213e-01	  -2.5139821666423871e-02	   8.9355674494592408e-03	  -8.0829932115371803e-02	  -1.5453885189135239e-01	   3.4608190773146363e-01	   2.0393863809078695e-02	   2.0041395276651908e-01	   2.1179741766261395e-01	   4.4861345620589071e-01	   5.9509454432952025e-01	   1.1756127780838847e-01	   3.0444226071182662e-01	   1.4663952933377256e-01	   2.3306952841950723e-01	   4.2628470505436777e-01	   9.6219841245609367e-02	   5.5499903019477737e-01	   3.2383601094872511e-01	   6.2909929626977990e-01	   2.6392971888277594e-01	   2.4905308778051435e-01	   1.8012649960860724e-01	   1.4468628798134575e-01	  -4.7919192988367144e-02	   1.8035728650992777e-01	   1.4544650485794128e-01	   1.1913895612761567e-01	   2.9859438957781703e-01	  -1.5772038498347679e-01	   1.2961228747113338e-01	   1.3358130193917578e-01	  -6.0273102435930245e-02	   3.2198542880301501e-01	   3.6239813243662583e-01	   4.4356012868420341e-01	   4.2325981519989653e-01	   4.9836758732270878e-02	   1.1796303716018558e-01	   2.3936249599021864e-01	   2.6765207581035089e-01	  -6.2613620024643449e-02	  -1.0590296768000113e-01	   1.3437614791263208e-01	  -1.6411954580429582e-03	  -2.3329183177957857e-01	  -5.5839946389279554e-02	   1.6809408641824219e-01	   3.4650818481078355e-01	   3.8238750403575650e-01	   3.8359042892787354e-01	  -1.4892114329600925e-01	   2.9885008863966202e-02	
  -1.3529484679522245e-04	  -5.9157750299961863e-02	   2.7529049021748347e-01	  -1.6642440114833405e-02	  -1.3033454786128049e-01	   1.6564735351900692e-01	   2.8112038472436796e-01	   6.7918220917094901e-02	  -1.4864888242263499e-01	  -2.8691622347789283e-02	   7.7338117421048691e-01	   1.5411601634455205e-01	   0.0000000000000000e+00	   2.8297731442435259e-01	   9.3796947183281867e-02	   2.2702556733506074e-02	   5.8990943108596185e-02	  -1.5053935997739334e-01	   1.5207604153667087e-01	  -1.3604581342980655e-02	  -1.9742787771131312e-01	  -1.3111283844071167e-01	   4.9961513925268869e-01	   2.7000051391898494e-01	   3.3927039245453711e-01	   1.8930770226707525e-01	   6.7319742135467403e-02	   7.9229735117855679e-02	   7.4993721587003723e-02	  -1.3341078038657264e-01	  -1.0436888633665044e-02	  -3.5173165494707025e-02	   3.2547997725227951e-01	   2.4969025659823108e-01	   2.8738905152959104e-01	   1.8750575892140647e-01	   2.3572583744848941e-01	   1.8864795892441100e-01	   1.1430764820437316e-01	   9.2097574209655336e-02	   3.0371410136069432e-01	   1.5922651459893050e-01	   3.1206641229464710e-01	   2.3737009525759362e-01	   4.2344042060285436e-01	   4.0296617450460043e-01	   3.8690822384935242e-01	   1.7951980896698752e-01	   4.4830670974111353e-01	   3.3798159449816167e-01	   3.9815931200144117e-01	   3.3564088957962768e-01	   1.5957035088604063e-01	   7.8873060711922294e-02	   2.9975464858009276e-01	   4.2970650285398565e-02	   4.3109742940921299e-02	  -9.0354828893286318e-02	   2.8851723152998060e-01	   2.6615217938621133e-01	   4.2260977743671213e-01	   1.9791355555114662e-01	  -1.4587116508164846e-02	  -1.2286491531897771e-01	   2.2759203306331557e-01	   1.8200343258536830e-01	   4.5863215745109553e-01	   4.0182501248213431e-01	   3.6381595471958489e-01	   3.1945185282701738e-01	   3.7189303554011738e-01	   2.8550377752522177e-01	   2.2188146158070163e-01	   1.7767281749143266e-01	   2.0668962746606948e-01	   3.4077331640694813e-01	   2.1842941636857063e-01	   2.2904524083260630e-01	   1.0725163465109426e-01	  -1.7187943525973481e-01	   8.9532982372808156e-02	   1.1084039284974358e-01	   1.3620417962105807e-01	   1.4681341146168034e-01	   3.2190809258010789e-01	   4.7409214651045445e-02	  -3.6923786132010965e-02	  -2.7576598803462693e-02	  -2.8896454564429274e-03	   3.8505313171457649e-03	  -1.5835976934200496e-02	   1.5712447179510616e-01	   5.2280364574302787e-03	   1.8725251530641854e-01	  -8.7343307081235305e-02	   1.1158646009258726e-01	   1.3512077287172941e-03	   4.3834882474353049e-02	   1.8504230872130872e-01	   2.1208489394119220e-01	  -1.4561885037951422e-01	  -4.4431454599201566e-02	  -1.1414194262015484e-01	  -1.0045644393512547e-01	   2.5374941541542562e-01	   1.9370194434336110e-01	  -5.9250712514626880e-02	  -1.4872922981677214e-01	   7.5218399870024710e-02	   2.1933401171725070e-02	   2.5868823279931064e-01	   2.4246487990486620e-01	   1.8073657988776665e-01	   1.6769584178617663e-02	  -4.0754733482163095e-02	  -4.1406227708030996e-05	
