   0.0000000000000000e+00	   9.5031452339734512e-01	   4.4482778560756864e-01	   1.7131634066559878e-01	   2.2883086993286239e-01	   1.9233548355339916e-01	   4.6966366520688896e-01	   1.3047684282993893e-01	  -1.0644217637745768e-01	   1.4007799303071386e-01	   8.6913965231110404e-02	   1.6181917083341341e-01	   8.4319286387510101e-02	   1.7654556139259731e-01	   3.7400501168686645e-01	   4.8739450788915095e-01	   4.9793236623994197e-01	   4.4891930487278220e-01	   8.8421625587883623e-01	   6.0565096576585087e-01	   3.9536156140498280e-01	   3.6526741737776025e-01	   1.5721105777626046e-01	   7.6934413045775946e-02	  -9.5264074792373157e-02	  -9.3000739047439662e-02	   4.9806132193639119e-01	   4.8846395652924690e-01	   2.5558760019372834e-01	   3.6083159796568098e-01	  -8.8847454825154867e-02	  -1.4925796036529965e-01	   1.8612486378241688e-01	   2.7179991387803276e-01	   1.9056321694818017e-02	  -1.2584933497538867e-01	   7.0137130277861531e-02	   1.6723537200648067e-01	   4.0040888121909662e-01	   5.1942649087241366e-01	   2.0161652934210095e-01	   4.4826829524664852e-01	   3.5088210193372910e-01	   3.5819876964752356e-01	   2.3661506436109586e-01	   1.7075087870037559e-01	   3.5212126638492158e-01	   3.1587438460414952e-01	   2.4377238338560217e-01	   2.6502049503896841e-01	   2.8986711964789358e-01	   1.4205541892022094e-01	   3.4396838967583593e-01	   2.5201264807476847e-01	   3.1164522410958989e-01	   3.9261781036627963e-01	   1.0663901052685902e+00	   6.3054682165471010e-01	   3.7236253524843704e-01	   3.7573049460002683e-01	   4.2625601629934234e-01	   2.1533029817109783e-01	   3.7780619930222870e-01	   3.1144209837038023e-01	   7.2814906852208219e-02	  -1.4956031975846765e-01	   8.2303296190830183e-02	  -3.3783337211200914e-02	   6.8802833306977962e-01	   5.7474020428403505e-01	   3.5490586599343288e-01	   2.5144089840355588e-01	   3.1622271858651302e-01	  -8.9142858342125902e-02	   8.0319394610659497e-02	   5.8322785718455915e-02	   3.0133788365455427e-01	   2.8201691070401580e-01	   5.8679683398993299e-01	   2.9931825779414239e-01	   5.5145345226088494e-01	   3.6009877823290792e-01	   5.4535805656172953e-01	   4.9243661936615341e-01	   4.9924314010042870e-01	   3.1812590036476784e-01	   2.7358022038828278e-01	   2.4269350452557537e-01	   4.8490774950511845e-01	   5.7741110910187554e-01	   1.0293933046629840e-01	   3.2448149183667852e-01	   5.1910170653926786e-02	   4.2313781396067740e-01	   2.2201899934085009e-01	   3.4586691812622655e-01	   4.1898263651591872e-01	   5.2016235675469025e-01	   3.0361783493119610e-01	   4.5961086522806305e-01	   4.5498814164780321e-01	   5.9421458102927704e-01	   1.4973158643240361e-01	   3.7211002367122747e-01	  -2.6670042242347330e-01	  -2.0959539288056062e-01	   4.9715018538670865e-02	   2.5838537287218477e-03	   1.1617320897234355e-01	   2.6734939772841232e-01	   3.2376625388290156e-02	   3.5477175374596570e-01	   2.6288186561416638e-01	  -2.6172030970949794e-01	  -4.3452288856549592e-01	  -3.6930468699972113e-01	
   9.5031452339734512e-01	   0.0000000000000000e+00	   6.3458346569467139e-01	   3.8241453101174427e-01	   3.1737728741796123e-01	   1.3866887311305284e-01	   4.3730732760124702e-01	   2.7728514770723744e-01	   8.5338392176425387e-02	   8.6120780000724984e-02	   3.4085390811276456e-01	   2.1483557491104752e-01	   2.9154533611875189e-01	   4.6133706092872129e-01	   2.7896194075715947e-01	   2.9675404877593325e-01	   5.0171798951203095e-01	   6.2888752433819650e-01	   9.0879724111851390e-01	   8.3092769784309306e-01	   3.1550604068662103e-01	   2.1952021304290273e-01	   3.6609300494539654e-01	   3.0237369147194454e-01	   1.2301587949219969e-01	   8.2503711460334209e-02	   3.9967976787748055e-01	   4.2320253740608976e-01	   1.4982901320656072e-01	   1.5028792738425856e-01	   5.2116304067592108e-02	  -9.8000365311180601e-02	   3.5212372602432962e-01	   4.6161117507331767e-01	   1.9251763354111764e-01	   9.2355231745063146e-02	   7.8863104883538954e-02	   1.1674599413242875e-01	   4.2336906109376626e-01	   4.0522362815181601e-01	   1.2002003438352037e-01	   2.8496504026200703e-01	   6.0805864830319001e-01	   5.7201176642715001e-01	   5.8180528504599982e-01	   4.5906755867858323e-01	   5.7622177855235246e-01	   4.5492905399032579e-01	   4.0628903039776254e-01	   3.3073248404870459e-01	   3.7453350944883268e-01	   1.9004411974608815e-01	   2.4130426393668980e-01	   1.0432329228457206e-01	   2.9309909327270922e-01	   3.8004083103243264e-01	   9.9986596752838519e-01	   9.4626299698583871e-01	   5.6278102097768568e-01	   5.8746883865122745e-01	   6.3830024110442374e-01	   3.4655548928946217e-01	   4.8141629211410175e-01	   5.3146586760418157e-01	   1.8862997529048486e-01	   9.1321693116060892e-02	   4.2473161944625143e-01	   2.9738388177897607e-01	   6.4503418188273232e-01	   6.7507163574147078e-01	   3.7612782739704725e-01	   2.2317864581341698e-01	   5.0646034754189406e-01	   1.6880282330034935e-01	   2.9913664612308200e-01	   3.1164896882449689e-01	   4.1167581535466025e-01	   5.0392602214998072e-01	   4.4651245251294758e-01	   1.6707945058853785e-01	   3.2509488078866122e-01	   2.3968888779851441e-01	   5.1676477148458611e-01	   3.2987846660314318e-01	   5.4860663366880336e-01	   5.3637856465427602e-01	   4.8098274225084670e-01	   4.0453912648355483e-01	   6.7240518969296659e-01	   5.5859874105511642e-01	   3.1234563907934187e-01	   3.3385538105478163e-01	   1.7536462428802171e-01	   5.5058829068846404e-01	   4.0948753180279546e-02	   1.2202621272679912e-01	   5.0561969579511890e-01	   4.2677350182435564e-01	   6.2902862039830199e-01	   6.8563730300281112e-01	   4.1520764897859419e-01	   5.3693313764872186e-01	   1.7058899318580251e-01	   3.3810856049802501e-01	  -3.2173848367372032e-01	  -2.3985585786492203e-01	   8.2335105901660925e-03	   9.0661675621954041e-02	  -5.2656134469074793e-02	   1.1142307537229157e-01	   3.2410926210806301e-01	   6.4480028330021832e-01	   4.9921470391134237e-01	  -7.8323798546926657e-02	  -3.8284665251878519e-01	  -4.1646135672376461e-01	
   4.4482778560756864e-01	   6.3458346569467139e-01	   0.0000000000000000e+00	   9.5576967013047420e-01	   8.5816294381158076e-01	   4.3985829143200117e-01	   8.9517377194549996e-01	   5.7114470540391871e-01	   4.3192027087736695e-01	   3.9462327358488491e-01	   1.8424827353283010e-01	   3.5411701044428445e-01	   3.1591915333827353e-01	   5.2928199919726560e-01	   7.4378529979159747e-01	   7.2011109764153414e-01	   1.8095350224411036e-01	   3.3220932295821898e-01	   7.1985692471914986e-01	   9.2856961491206547e-01	   5.4057748738622413e-01	   4.4574873705584528e-01	   1.1743364832535508e+00	   9.1696714175245742e-01	   4.5614346843784620e-01	   3.8418368411213716e-01	   7.5431711148432923e-01	   7.0569850231214248e-01	   6.3482882313779770e-02	   4.1228063362491393e-02	   3.5026700628368523e-01	   2.7564447139350379e-01	   7.0094037402683906e-01	   7.3103459424897654e-01	   7.4440250229027383e-01	   5.6682461256542638e-01	   9.9535997018536146e-02	   2.1535592559562391e-01	   3.8051905628785726e-01	   3.4200067769545400e-01	   2.5337235914813649e-01	   3.3933753069558409e-01	   2.8526913660937520e-01	   1.4398029356771030e-01	   3.5600515644572883e-01	   2.0707630543646652e-01	   2.9106981656201925e-01	   1.5721395712088751e-01	  -2.3853874566481491e-03	  -8.7572968419219410e-02	   1.0344830285193282e-01	  -4.7232006933892505e-02	   1.6810951679061378e-01	   2.4547253023712651e-01	   1.0485980746620528e-01	   1.9383285383596488e-01	   4.6448722762608008e-01	   6.0547604203572558e-01	   4.0434251041363489e-01	   4.0303512234379185e-01	   8.2028557268081548e-01	   5.1276523663364404e-01	   3.0486198651666652e-01	   4.8043772113973182e-01	   7.1762866276860171e-01	   5.3059257440922369e-01	   7.9746287917518566e-01	   6.8197997936759513e-01	   6.4708839912268812e-01	   6.4224883623865370e-01	   4.5295467816660917e-01	   2.9031539743138884e-01	   3.5514220611529335e-01	   1.7521651993449486e-01	   4.4760562904910994e-01	   2.9490324298870446e-01	   3.6673593818522365e-01	   2.1019936870101058e-01	   4.4099358357369278e-01	   2.8949338730631041e-01	   3.5600797479206475e-01	   3.6218712403434977e-01	   7.9859354797204007e-01	   6.7704236384326300e-01	   7.2985985802207987e-01	   8.7267628904157235e-01	   5.2795980911354667e-01	   6.1881635425785697e-01	   7.9674129125187321e-01	   6.0581250018162547e-01	   5.0996335787050906e-01	   6.5799638845689001e-01	   6.0959619321370040e-01	   1.1411156010139407e+00	  -8.5352714127067270e-02	  -6.9751302804498025e-02	   2.5995202890370761e-01	   1.1786124821720687e-01	   3.6477722397537188e-01	   4.5880725456999755e-01	   2.3361010555672462e-01	   5.6249411058017262e-01	   4.1395572875988343e-02	   3.7455210631263225e-01	  -2.5634242335256424e-01	  -3.3282256576993761e-02	   2.8172881572690465e-02	   1.5996997143134836e-01	  -9.1096878723264801e-02	   4.4026744207680867e-03	   5.0732489566283478e-01	   4.8172553865910661e-01	   4.6188356696620642e-01	  -8.5604912495962179e-02	  -3.0386893317116859e-01	  -3.9084679652252630e-01	
   1.7131634066559878e-01	   3.8241453101174427e-01	   9.5576967013047420e-01	   0.0000000000000000e+00	   8.0033254557601918e-01	   6.6494656182265488e-01	   7.7356808821719847e-01	   1.0158400127032783e+00	   5.2947965177458234e-01	   5.3680662400201062e-01	   1.7217220105954700e-01	   4.2841464140784330e-01	   3.7411656521305686e-01	   8.1878339504233777e-01	   4.4956860071946159e-01	   5.6644599774337556e-01	   2.4294185553566647e-02	   1.4955265818384617e-01	   5.0337479647924122e-01	   8.7775030797961195e-01	   2.0662154351731837e-01	   1.7634955938114602e-01	   1.0334060631640027e+00	   1.2219826602545683e+00	   6.5165961145382401e-01	   6.5684590974177171e-01	   4.6229855408835474e-01	   4.6097511138658631e-01	  -1.6305983020464193e-01	  -1.5890861538073833e-01	   4.4586781386302876e-01	   4.2891960551543334e-01	   6.1221386670294242e-01	   6.3788656843260760e-01	   7.6294094118872147e-01	   7.5270325019157791e-01	  -1.5924454360096832e-01	   5.7009869623035753e-02	   1.9835371251695544e-01	   1.9026739129136294e-01	   4.6800219889711319e-03	   4.3554441271266453e-02	   2.4176314295598489e-01	   1.3462598567086620e-01	   4.2011253032468965e-01	   3.3537462325085193e-01	   3.4603502691759452e-01	   2.1918616084705048e-01	   7.4297485979137684e-02	   3.5197848880660618e-02	   2.3812581426399879e-01	   1.3529740609310029e-01	   2.6384110033643532e-01	   2.8100614371936866e-01	   1.8573416350956193e-01	   2.4489262580972740e-01	   3.4431452322624834e-01	   5.4241228705912492e-01	   5.6408260458603032e-01	   5.3442446520850473e-01	   6.6629172527386105e-01	   6.7349266452936651e-01	   2.3033704187492940e-01	   5.3232479142767830e-01	   6.5648168203398871e-01	   8.7533548889450630e-01	   1.2158861984840681e+00	   1.2155560225355388e+00	   6.0254074183098194e-01	   7.5484512319669339e-01	   3.7839792726864435e-01	   9.4306473896968529e-02	   2.7539568657114849e-01	   2.9518965803128200e-01	   3.5168760511527086e-01	   3.6051998201349728e-01	   2.1005330621094984e-01	   2.2740001862175518e-01	   2.7282454066824163e-01	  -1.3221773814471838e-02	   2.2753312338346632e-01	   3.4542363495706124e-01	   4.2829901723118396e-01	   4.8094890351449604e-01	   5.7067099456098092e-01	   9.9209784851878113e-01	   3.3464199053440352e-01	   4.0880929856231468e-01	   6.7997390542391645e-01	   4.9014308149752339e-01	   8.3186945272073687e-01	   6.5287280076857979e-01	   1.0742484722988819e+00	   9.6256653416982807e-01	  -1.0206376291489182e-01	  -8.0394530560384286e-02	   2.3153893636792583e-01	   1.9771811430741365e-01	   5.1748499455158414e-01	   4.8273276117834346e-01	   2.9400370104012707e-01	   6.1762062444041677e-01	   1.7306468550142801e-01	   4.1889298748856280e-01	  -1.8112821513999022e-01	  -3.1212115423282775e-02	   2.0378430855838542e-01	   1.9708685610371762e-01	  -1.1022577877323350e-01	  -1.5861212580794015e-01	   6.0045157058315057e-01	   5.6725827236338222e-01	   6.1047478548019585e-01	   2.2562349194244428e-02	  -2.3125824522786137e-01	  -3.5837796512967651e-01	
   2.2883086993286239e-01	   3.1737728741796123e-01	   8.5816294381158076e-01	   8.0033254557601918e-01	   0.0000000000000000e+00	   5.1137070556296615e-01	   7.3866713326175004e-01	   6.3638452138401902e-01	   7.3167523370909016e-01	   3.9111531306457331e-01	  -6.1387121288630428e-03	   2.2321435616844076e-01	   4.6236378526216919e-03	   2.2491054619422363e-01	   6.5143995679385269e-01	   7.9461393319927620e-01	  -7.4673249692485580e-02	  -1.8372315570320187e-02	   4.5941445445553958e-01	   6.5006800576611579e-01	   4.7053822754891583e-01	   4.4337501421294295e-01	   7.6750012701761927e-01	   6.6366585550971025e-01	   4.4728321601468257e-01	   3.0509186729366622e-01	   8.8913963447271827e-01	   9.0998867906554770e-01	  -1.5708888806697924e-02	   3.4213683938307878e-02	   2.7100742815575118e-01	   2.9525580910178906e-01	   2.0332596644433437e-01	   2.7285826045222561e-01	   4.6444112177465252e-01	   3.6033687865631853e-01	  -8.2547825777729872e-02	   9.0405837132695441e-02	   2.9928993330168691e-01	   3.6122477740965470e-01	   3.5578835914803236e-02	   2.0929185088689076e-01	   2.2521493213941135e-01	   3.8593552663271691e-02	   1.5804247968387111e-01	   6.9467557928533902e-02	   3.2966009323789969e-01	   1.6672774164272278e-01	   3.7574809607121604e-02	  -2.8060170250376545e-02	   1.7779680618376581e-01	   5.4436192367051946e-02	   3.7943547020640667e-01	   4.5585711413438207e-01	   3.5617393474681169e-01	   4.3862972088072871e-01	   1.5509543423824110e-01	   2.5466565441694883e-01	   2.9286545975700096e-01	   3.3698068715681428e-01	   4.3766927114810972e-01	   3.9798730136882132e-01	   1.6870092494856781e-01	   2.4779948390525797e-01	   3.4178696144245568e-01	   3.3123655115931544e-01	   4.6439601248390383e-01	   4.3783775333218206e-01	   3.3528798294707957e-01	   3.7675316093243744e-01	   2.7058268265321317e-01	  -2.3644322031284668e-02	   1.6732890436277523e-01	   4.8459350952091008e-02	   2.1494108304834042e-01	   1.1113137312887678e-01	   6.3520534110259069e-02	   4.0450743080980203e-03	   2.2972424088256740e-01	   8.3485617545214399e-02	   2.5636131356341418e-01	   1.6547039620427151e-01	   4.7642959225336867e-01	   6.1563454355943192e-01	   2.8220365084293780e-01	   6.9759393719079255e-01	   3.4625806374711093e-01	   4.8332469800651923e-01	   6.4396989539650762e-01	   7.6697510883663367e-01	   4.2097134462510455e-01	   5.3709659730623571e-01	   5.5826305917061725e-01	   7.7100239314132202e-01	   9.5266139638562883e-02	   1.4578700259680580e-01	   2.4108316713990549e-01	   1.7761934183584219e-01	   3.9423272022111228e-01	   4.2420376434819340e-01	   1.9935931848861205e-01	   5.2434263564537931e-01	  -1.5022641553883093e-01	   1.1152992280046253e-01	  -4.0378270832221802e-01	  -2.1724431812006900e-01	  -6.0802260935390637e-02	   6.7624431002499361e-02	   6.8906689262904853e-03	   6.0739176749835762e-02	   2.7122896809424446e-01	   2.6049497172034175e-01	   2.7888016583880437e-01	  -1.3923394164460731e-01	  -1.6770895671056468e-01	  -2.4664665014277098e-01	
   1.9233548355339916e-01	   1.3866887311305284e-01	   4.3985829143200117e-01	   6.6494656182265488e-01	   5.1137070556296615e-01	   0.0000000000000000e+00	   6.0216686681751486e-01	   5.8781917641508907e-01	   7.3629492369238725e-01	   1.7633238570741414e+00	   1.5197148859895240e-01	   1.5266011329679291e-01	   2.6538362335713284e-01	   2.6221444224785562e-01	   7.3019237117363556e-01	   7.4550030633550579e-01	   1.6123116154030039e-02	  -8.8896698908231112e-02	   2.4934288580138125e-01	   4.3728481575264627e-01	   9.4997691269956969e-02	   2.6860470681702386e-01	   5.0918931034366333e-01	   5.6596547724139745e-01	   7.1993495958167497e-01	   8.8476140950252669e-01	   3.4651180719377012e-01	   4.7629840862462691e-01	  -1.3774714961098841e-01	  -2.0529929604529321e-01	   4.8595209615065757e-03	   4.9523530612296016e-02	   7.6212189577772010e-02	   8.2500974134620084e-02	   2.7939695004072940e-01	   1.7486010071825950e-01	  -2.2497038257067192e-01	  -6.0406723775896676e-02	   1.9737485023943702e-01	   2.4213744164095236e-01	   1.9436525378820779e-01	   2.1571497376595766e-01	  -1.0517863336247121e-01	  -1.5990843869148244e-01	  -4.2574506001086167e-03	   1.1713060746557024e-02	   2.2040418097411529e-03	  -4.8212741669714509e-02	  -1.4069277537592875e-01	  -1.3902807339268428e-01	   3.1148566606739189e-02	  -2.6878166390476473e-03	   2.4716690471190622e-01	   3.8333913776142320e-01	   1.0468203333607340e-01	   1.2216661883172744e-01	   6.8818623102461091e-02	   9.0879621890466694e-02	   1.5419618450763298e-01	   2.6192815151421950e-01	   2.0674749784860325e-01	   4.2878440469176643e-01	   4.0951472155730195e-02	   1.0300161946400822e-01	   3.2384003335404371e-01	   3.0473220001731627e-01	   3.2537023687218347e-01	   2.9264511370113699e-01	   3.0331691219863410e-01	   4.6757268681207081e-01	   1.4309524998133902e-01	   8.1100094286313484e-02	  -1.3075192794615262e-01	  -5.8364937446853664e-02	  -4.8386379128062583e-03	  -1.2486479335836236e-01	  -6.3095743974308810e-02	  -1.5561606178666168e-01	   1.6927457461058538e-02	  -1.7881875969710945e-01	   3.1616735051487946e-02	   1.5032524158605107e-02	   2.7615706464993151e-01	   3.3264116675264338e-01	   3.3659430510955618e-01	   3.6171073838744655e-01	   3.9404960689815982e-01	   2.6988383814210626e-01	   6.3388089807658543e-01	   5.5540504019606574e-01	   3.1099597054775413e-01	   3.3212450461042636e-01	   3.9248301159164323e-01	   6.0225659168249290e-01	   1.2145462282373687e-01	   2.5863973834801246e-01	   1.9585807976622759e-02	   1.8368515380595135e-01	   1.1324172950600707e-01	   1.0725962128068521e-01	   3.6352243133845752e-01	   4.9027809423924473e-01	   1.5589641224128356e-01	   2.5919038366944108e-01	  -1.5494390855081219e-01	  -4.1405830868412728e-02	   2.8660908074651481e-01	   1.7727435186757268e-01	   2.2907636247625035e-01	  -7.0202197029833130e-02	   3.8192343508891828e-02	   8.8274209649283591e-02	   3.9699512437425560e-02	  -2.0111642007909508e-01	  -2.1455653961057475e-01	  -2.9629396635042282e-01	
   4.6966366520688896e-01	   4.3730732760124702e-01	   8.9517377194549996e-01	   7.7356808821719847e-01	   7.3866713326175004e-01	   6.0216686681751486e-01	   0.0000000000000000e+00	   9.0821203655952820e-01	   3.0703585030697095e-01	   4.6168509622864834e-01	   1.9570779394106261e-01	   3.7833707448684673e-01	   4.2125195079599059e-01	   4.1179643846618175e-01	   5.2348578881340413e-01	   7.5478719881142675e-01	   7.6090461181140545e-02	   2.2071022299264986e-01	   5.5452689249553488e-01	   6.7788855243269330e-01	   3.2212708446559279e-01	   4.0453619190809342e-01	   8.3016543861929937e-01	   6.6522797718592874e-01	   2.1833458606559367e-01	   2.5921406269696923e-01	   7.2518989858584004e-01	   6.9335424938773105e-01	   4.0071720432867351e-02	   1.4190434661342241e-01	   2.9620319742973733e-01	   2.9547183325459236e-01	   4.2446532814142690e-01	   4.9204960052537822e-01	   4.3888040526423611e-01	   2.9696527643721754e-01	  -1.7618182740421273e-01	  -8.7042832999927919e-02	   3.0399579498049212e-01	   4.2191195902090772e-01	  -3.8521505232879838e-02	   1.7028029669110348e-01	   1.0149476097994556e-01	  -4.3073199795499624e-02	   2.4320930917349692e-01	   4.1442615268131179e-02	   1.3159222253221281e-01	   9.2305668704891070e-03	  -3.0169619261692530e-02	  -1.2980905546565408e-01	   9.9205474927274259e-02	  -5.4150640469304845e-02	   2.4365129138605962e-01	   2.9430089313531865e-01	   1.7609317570007568e-01	   2.4835372610606818e-01	   3.0675477603229190e-01	   4.9456945097769650e-01	   3.2948004777710399e-01	   4.2109005376154995e-01	   6.8045280271923503e-01	   6.4132806748138937e-01	   4.8833093585895121e-01	   5.5278912171248107e-01	   5.4232332971398378e-01	   4.1342954852950486e-01	   6.3948464044470588e-01	   5.5062891713763840e-01	   4.6198049418861220e-01	   4.9182992259350083e-01	   2.2567096132949055e-01	   2.1892427433848866e-02	   1.3298996065119684e-01	  -1.3531234575690715e-01	   2.1873535179193307e-01	   6.2382458479282787e-03	   4.6000845209031999e-02	  -4.5009339593932746e-02	   4.0418594023744897e-01	   1.8165483848081937e-01	   2.7876076089922325e-01	   3.0504019991050380e-01	   3.0120945689273698e-01	   4.5644468904526742e-01	   3.8540111435279240e-01	   6.2871217595732243e-01	   3.5264843716607863e-01	   3.5616991914685225e-01	   7.6277109344589689e-01	   7.8931809399651753e-01	   3.7722230992686551e-01	   4.1668783240322049e-01	   6.6167733941871321e-01	   9.1990699784215257e-01	  -1.3358828921347628e-02	   9.8137346095577893e-02	   1.8460614631666272e-01	   2.3280617442056900e-01	   2.7219420236240888e-01	   3.0696104891999942e-01	   5.0951472976293211e-01	   8.6748665240949208e-01	   2.6844643650845407e-01	   5.3506654533628306e-01	  -1.1544409738785250e-01	  -1.1549846564591709e-01	   2.1078352024203126e-01	   1.2314936503249257e-01	  -2.1656247052082165e-02	   6.2707617204043678e-02	   2.6702800593733511e-01	   2.7399073530234291e-01	   1.8199014537856661e-01	  -1.9414235698308333e-01	  -2.8451096245657015e-01	  -2.8593040642315015e-01	
   1.3047684282993893e-01	   2.7728514770723744e-01	   5.7114470540391871e-01	   1.0158400127032783e+00	   6.3638452138401902e-01	   5.8781917641508907e-01	   9.0821203655952820e-01	   0.0000000000000000e+00	   3.7313892251977870e-01	   4.0523821488576467e-01	   1.6340528528697629e-01	   5.1400142540434335e-01	   3.5656663666923610e-01	   7.6502695885626426e-01	   3.0595923086177557e-01	   4.9402767047431617e-01	  -2.5923218928135400e-02	   1.3829171958804079e-01	   3.2489312063631665e-01	   5.6093649118591160e-01	   2.8736896786134843e-02	   5.5692900872819924e-02	   6.7940306142980122e-01	   6.9227419657128797e-01	   3.3609886711527825e-01	   3.4540710381633100e-01	   3.0926787506135278e-01	   3.1303396419928475e-01	  -6.3019824529928020e-02	   5.9014338593496356e-02	   4.3414520845579840e-01	   3.9153029033238201e-01	   4.2822386757336761e-01	   5.5728205568495470e-01	   4.0719510001687520e-01	   4.1789073662731829e-01	  -2.8331596567315226e-01	  -1.8705498893327033e-01	   1.3690884544911625e-01	   1.4852297164799910e-01	  -1.5215936322821605e-01	  -3.2724086512281404e-02	   6.2413365434726267e-02	  -6.3527946361990481e-02	   2.3578389810214137e-01	   1.3353533045508537e-01	   1.2246107202549684e-01	  -3.1462362911642242e-02	  -1.6202198175658992e-02	  -6.3751324692253517e-02	   7.6346316802348144e-02	   1.4532079174268894e-02	   1.5162280249260596e-01	   1.7926483791606118e-01	   1.2389433059891966e-01	   1.6899854195320549e-01	   2.0515637073464599e-01	   4.4838823227107638e-01	   4.1956182312885265e-01	   4.8713432204927642e-01	   6.8536498317256289e-01	   9.7355852486170880e-01	   3.7534454831538405e-01	   6.7780637422031464e-01	   4.3832006062720008e-01	   7.0155260090006211e-01	   7.6227699198881493e-01	   7.5195294700400417e-01	   3.4507942597393426e-01	   4.8830811130853624e-01	   1.5393902583845576e-01	  -8.1946071023514533e-02	   1.7927465573107737e-01	   2.4026347292627709e-01	   1.6733136259053683e-01	   6.4352589841019756e-02	   2.2895857007770810e-02	   3.9370659163789026e-02	   2.3606236559429963e-01	  -1.0686978264729027e-02	   1.7087987075184066e-01	   2.3781652949032106e-01	   6.8485225724654653e-02	   1.7699715843450653e-01	   2.6044700650898378e-01	   4.8697232320478356e-01	   2.0287361891751352e-01	   1.2519844207186107e-01	   5.7970801477086309e-01	   5.4052770962108532e-01	   6.2746258772908747e-01	   4.0103207200549812e-01	   8.9978478964205943e-01	   7.5770882483944657e-01	  -4.0171510459375927e-02	   5.8983963810154798e-02	   1.3455553357461716e-01	   1.9773603985840230e-01	   3.5962341372443529e-01	   2.4069567362887748e-01	   5.1193996857783297e-01	   7.4241337413499842e-01	   3.6130661136149000e-01	   4.8297159282403535e-01	   6.3277510808414173e-03	   1.5516423435009476e-02	   3.5544043594748209e-01	   1.3041693430865053e-01	   1.3049035148319113e-02	  -6.7502498446682963e-02	   2.3581597671886351e-01	   3.3233128771519377e-01	   3.0268122222210969e-01	  -9.6113350085255678e-02	  -2.5000628815420545e-01	  -2.6869155982393744e-01	
  -1.0644217637745768e-01	   8.5338392176425387e-02	   4.3192027087736695e-01	   5.2947965177458234e-01	   7.3167523370909016e-01	   7.3629492369238725e-01	   3.0703585030697095e-01	   3.7313892251977870e-01	   0.0000000000000000e+00	   8.1055016824658277e-01	   1.9272207210988757e-01	   1.4161934079447863e-01	   2.5982965243072020e-01	   1.8754127801109330e-01	   7.1229146979552826e-01	   3.7464999497311846e-01	   2.4160053557596043e-02	  -7.6230094211188872e-03	   1.7043974587774119e-01	   3.8534642822934789e-01	   2.6264564091641358e-02	   2.0082496813074873e-02	   6.0783830896443003e-01	   6.0659573601955008e-01	   8.6319030570218347e-01	   6.8624989837815198e-01	   1.6498225118641094e-01	   2.4371821245668218e-01	  -4.5505788579371393e-03	  -1.8842486909199244e-01	   2.2034617975385234e-01	   2.2306955387652450e-01	   3.9419512800376082e-02	   3.5851353328474063e-02	   5.0414484652385405e-01	   3.5972226833747067e-01	  -1.7275374803412125e-01	  -5.7991685442226548e-02	   5.9374177849755554e-03	  -3.8218409739535900e-02	   8.2681953134989536e-02	   2.8223090746381314e-02	  -9.5158525766100358e-02	  -1.2507368131625898e-01	   4.3137308389645704e-02	   5.7400150912475856e-02	   1.6983871605668291e-02	  -4.5377625862677747e-02	  -1.5873635473195682e-01	  -1.5679024708395034e-01	   2.4321881097865896e-03	  -9.4381833262096940e-03	   1.6387489909800257e-01	   3.6972006888191589e-01	  -3.3182314470918031e-02	   3.0395273149411362e-02	  -8.0509303856919151e-02	  -3.5611125715270031e-02	  -6.5269869174272688e-02	   2.0995090483322269e-02	   1.5002978781042695e-01	   2.6847263642819186e-01	  -5.8245207279464820e-02	   3.6192279656755880e-02	   4.6217260369643742e-01	   4.0858102476847813e-01	   2.6184580673798163e-01	   2.7647761672887533e-01	   3.3970226060397575e-02	   1.6145183374841410e-01	   4.8928686562048726e-02	  -1.9941459206225975e-02	  -7.1943446307938842e-03	   1.9405859179296514e-01	   2.5647645686854259e-01	   9.7716571442345676e-02	   9.3765936611348980e-02	  -4.6087730430902987e-02	  -7.5862244379328028e-03	  -2.0209426592672528e-02	  -3.2854610301256991e-02	  -1.1465426643741925e-02	   3.4291885021173024e-01	   1.9358830117568215e-01	   3.2678913907516483e-01	   3.2022297507453812e-01	   4.2159419532680331e-01	   2.5978261422656101e-01	   2.9379182502179113e-01	   2.0039019189541110e-01	   1.3010942430983735e-01	   2.9849585917783883e-01	   2.9105092489400636e-01	   4.4619153205822371e-01	  -2.5791958355181919e-02	   9.2649498576357417e-02	  -7.1535228062695674e-02	  -4.4049041852295377e-03	   1.1098147794645385e-01	   1.2647747978289597e-01	   2.5019812541339614e-02	   1.3996266524636913e-01	  -1.4232503901893945e-01	  -9.4428084376529026e-02	  -4.0006527801221464e-01	  -1.9339470302336897e-01	  -7.0113043869311609e-02	  -3.3226198649443102e-02	   5.9219447489877571e-02	  -2.0157583612965640e-01	   5.6605370139587982e-02	   1.4061221647746280e-01	   6.1621204537578841e-02	  -5.1391967080581510e-02	  -8.9574601412161323e-02	  -2.2317911488764103e-01	
   1.4007799303071386e-01	   8.6120780000724984e-02	   3.9462327358488491e-01	   5.3680662400201062e-01	   3.9111531306457331e-01	   1.7633238570741414e+00	   4.6168509622864834e-01	   4.0523821488576467e-01	   8.1055016824658277e-01	   0.0000000000000000e+00	   1.0954490741181802e-01	   9.0074641201530942e-02	   2.7960634862295741e-01	   2.0751368084714289e-01	   7.9798562237845905e-01	   6.5683200684103438e-01	  -6.7755483796093623e-03	  -1.1943815526101238e-01	   2.1141986110945032e-01	   3.5965494891070371e-01	   5.3307668771979524e-02	   1.6707013518747973e-01	   5.0314137950637328e-01	   5.3830281926399881e-01	   7.1519424109034635e-01	   9.0601210420528977e-01	   2.3676774749512264e-01	   3.4483314133855308e-01	  -1.4839557597821273e-01	  -3.0467549147102224e-01	  -3.8451510637019660e-02	  -5.8203020241463449e-03	   5.4804892617458432e-02	   6.4695983769735522e-03	   3.1203699916155714e-01	   1.6612325287195218e-01	  -1.7328085623545422e-01	  -1.1321410518770751e-02	   1.0469637625192006e-01	   1.2399546969900295e-01	   1.9702701537194922e-01	   1.6867704688292401e-01	  -1.5551906972573976e-01	  -1.3182771208645919e-01	  -4.1524961067717379e-02	   3.2147776372486135e-02	  -7.2268774710801328e-02	  -3.2390913746575309e-02	  -2.1585088066884447e-01	  -1.6095370954965441e-01	  -4.8475381188494704e-03	  -5.6130302991219839e-03	   2.2164482416558476e-01	   4.3086739206074365e-01	   1.4226584749749992e-02	   7.9356959252436049e-02	   1.1246259673469261e-02	   1.5048141108739276e-02	   3.9797302757033019e-02	   1.2415227190474892e-01	   1.4942786236390257e-01	   3.3256814295638915e-01	  -9.1646011844864816e-02	  -5.5544380354836768e-04	   3.9495042181882489e-01	   3.0867765640366079e-01	   2.4969611434584937e-01	   2.1764523806869487e-01	   2.2589122560888750e-01	   3.6592496366684829e-01	   1.4643493111595851e-01	   1.0594263512011072e-01	  -1.6931772060382327e-01	  -5.7784022874170476e-02	   4.0706326096327334e-03	  -1.3473637696033999e-01	   1.5506754833709793e-02	  -1.0317693022298456e-01	  -3.2922702984384072e-02	  -1.9479939468232610e-01	  -7.6103508513805124e-02	  -5.6731521305265702e-02	   3.0738176662317351e-01	   2.6387884517745730e-01	   3.8107129264621864e-01	   3.1140688079570811e-01	   4.4970516865657739e-01	   2.5539351039582558e-01	   5.0243399335559591e-01	   3.7377532569470762e-01	   2.1229629685170204e-01	   3.3775612670792082e-01	   2.8265163536217458e-01	   4.8056511783074207e-01	   7.6604328471072972e-02	   1.8683973851494701e-01	  -1.0887385153619987e-01	   9.4923306851801226e-02	   1.1568630784492996e-02	   6.7622690550609627e-02	   2.0331254586170119e-01	   2.9221368705265177e-01	   7.3384967882983057e-02	   1.4007989665325479e-01	  -1.7588861089150981e-01	  -4.1652118299737924e-02	   2.1896531093822508e-01	   1.4503943921439874e-01	   2.2405147884196194e-01	  -1.0311429105993640e-01	   2.6897521948978410e-02	   6.6509040841572900e-02	   2.4084516903125947e-03	  -1.4172392771974712e-01	  -1.8228584933141800e-01	  -2.7719080759003772e-01	
   8.6913965231110404e-02	   3.4085390811276456e-01	   1.8424827353283010e-01	   1.7217220105954700e-01	  -6.1387121288630428e-03	   1.5197148859895240e-01	   1.9570779394106261e-01	   1.6340528528697629e-01	   1.9272207210988757e-01	   1.0954490741181802e-01	   0.0000000000000000e+00	   3.1445360731472527e-01	   9.5243532282851706e-01	   3.9655985457031440e-01	   5.3616382301034465e-02	  -5.1979608673169142e-02	   3.4973426526435830e-01	   5.7461651383470891e-01	   1.4374567161141119e-01	   3.3246762889164372e-01	  -1.4481730829204068e-01	  -1.1802725381954886e-01	   1.7267188681403911e-01	   2.6608131485851727e-01	   2.4996448334342081e-01	   2.2261799227975543e-01	  -1.1340529516623049e-01	  -2.4654830232755373e-02	   6.9371805635608880e-02	   5.7146570093009337e-02	   8.1719858419285155e-02	   6.8874157555523674e-02	   3.3622561271677581e-01	   3.8636599840619956e-01	   1.8609321777455623e-01	   1.5312901033939502e-01	  -2.2746512115187656e-01	  -9.8689216443663685e-02	  -8.0556447207548676e-02	  -9.1437779431382746e-02	   1.0209275298713208e-01	   1.7430313672527756e-01	   7.9221248065238919e-02	   9.7906446388211540e-02	   1.2966717788384721e-01	   9.9960929101365573e-02	   1.0820309524337871e-01	   1.5515297176760931e-02	   6.3361729503406058e-02	   3.1849013385703374e-02	   1.4798774832639253e-01	   4.5541245221976508e-02	   6.4927134768019215e-02	   2.3396167963055940e-03	  -7.7118662832121349e-02	  -1.3281705702946145e-01	   2.4651185272624265e-01	   3.7101403028171637e-01	   3.3034912972373398e-01	   4.7268415821994103e-01	   3.9623855076982328e-01	   2.8217193736222712e-01	   4.1444760590942764e-01	   4.3906535148759451e-01	   9.0272836504495829e-02	   9.4646674666182387e-02	   2.6620896755421980e-01	   2.1411547145164073e-01	   1.7805923010469482e-01	   1.9740663549622339e-01	   1.9293127211731556e-02	   4.3091036588011972e-02	   3.2197523750300333e-01	   3.8425108750268500e-01	   4.1998096038784205e-01	   5.3394157431077582e-01	   1.3747583397290639e-01	   2.8939042223923805e-01	   6.9667833726410111e-02	   1.9848149643047525e-01	   3.5555805883300359e-02	   1.4368352166757825e-01	   1.2744691452569892e-01	  -5.9054854323599477e-02	   1.8600117970349941e-01	   1.6284152948543504e-01	   1.2255351792300137e-01	   7.8373520767812104e-03	   2.6009684502452690e-01	   1.1558124640759788e-01	   2.0401891142624218e-01	   1.0582643800441530e-01	   8.7527706998069832e-02	   1.5216092611583021e-01	  -3.5080666828398624e-02	   8.5583463689162420e-02	  -4.5206830147379508e-02	   7.2012949436841292e-02	   1.7327849581989846e-01	   1.4421850779664910e-01	   2.3239893214819360e-01	   2.7010191239404524e-01	   2.1178391894540435e-01	   2.7147620469062889e-01	  -2.2368441700004828e-02	  -1.5938512640320524e-01	   4.3142316118046128e-02	   1.6778176658004887e-01	   3.0380092990273191e-02	  -2.7523040209412186e-01	   1.3404345050407260e-01	   3.2061067730303650e-01	   2.3634994083711242e-01	   7.0802071062630145e-02	  -2.6683550531765583e-02	  -6.4800623884486985e-03	
   1.6181917083341341e-01	   2.1483557491104752e-01	   3.5411701044428445e-01	   4.2841464140784330e-01	   2.2321435616844076e-01	   1.5266011329679291e-01	   3.7833707448684673e-01	   5.1400142540434335e-01	   1.4161934079447863e-01	   9.0074641201530942e-02	   3.1445360731472527e-01	   0.0000000000000000e+00	   5.8733491828373352e-01	   9.3150788792120143e-01	   7.8542524220982263e-02	   2.2990213971011550e-01	  -3.8454266287355043e-02	   2.5096298902144715e-01	   1.3460665196710256e-01	   2.5803142725567574e-01	   1.6054059969867192e-02	  -2.6674966089895607e-03	   2.9569961064009065e-01	   4.1068013220100441e-01	   3.1742093819766261e-02	  -2.3598279021437171e-02	   1.2887738082562072e-01	   8.0887292125194896e-02	   1.1024349641675651e-01	   3.5364559834303944e-01	   1.9676573960629509e-01	   2.0521879293180176e-01	   3.9986962255188269e-01	   5.0781167429834206e-01	   3.4519002833479473e-01	   3.6413279117812403e-01	  -6.7407382021610326e-02	   1.4793074379649895e-02	  -1.1539409797602736e-01	  -1.0795085301018050e-02	   7.0599166823033313e-02	   2.3368864681550849e-01	   1.4059690680942208e-01	  -1.2041464025906379e-02	   2.4218410801448312e-01	   1.4543797508794248e-01	   1.5161774282701551e-01	   3.4769886111343726e-02	   1.3272997827297137e-01	   5.9382317793992750e-02	   2.0795969490723137e-01	   9.2852857055917407e-02	   1.7813667620406370e-01	   1.0696744569772863e-01	   8.5301004834376554e-02	   7.2729791772697366e-02	   2.5655443677002604e-01	   3.7018960563199643e-01	   5.0081524948655654e-01	   4.2228793126293629e-01	   8.0458367770515771e-01	   8.5918016191070334e-01	   1.8520290849975757e-01	   6.2630370340959685e-01	   3.0957089735201732e-01	   5.9312610965657631e-01	   3.2106599943003922e-01	   2.9799442722858888e-01	   1.7017633409161434e-01	   1.6734171019886590e-01	   2.5973519249278942e-01	  -1.0066941263679784e-01	   4.4453930029516553e-01	   3.8787197886652980e-01	   3.2549749244018550e-01	   4.8049801367926714e-01	   3.0621651159297097e-01	   2.9838289645683630e-01	   3.5250470786035298e-01	   2.6915954191154901e-01	   1.5036376864418183e-01	   1.7734499267621745e-01	   5.8599510145514754e-02	   8.6299081450651363e-02	   1.5581689849179015e-01	   3.1922887915228793e-01	  -1.8662630411281173e-01	  -1.9532256476361742e-01	   1.6413330036374019e-01	   1.4682667614995012e-01	   2.6439733027159062e-01	   9.6583838905590177e-02	   3.8587651366488712e-01	   2.6747641235167074e-01	  -1.3003189464475542e-01	  -1.1469941542121320e-01	   1.2479956876916705e-01	   1.3377217264966018e-01	   2.9008501520363772e-01	   2.2024174659014123e-01	   2.0823140448777056e-01	   3.3754261974811217e-01	   1.0460810485552546e-01	   2.6490172229882247e-01	  -1.7249253842464096e-01	  -3.5962781586840664e-01	   9.6224804037709638e-02	   2.0962870854535760e-02	  -1.8752288884947665e-01	  -2.5974512579217146e-01	   2.1745371520502685e-01	   4.5439929668391399e-01	   2.5267799106532518e-01	  -3.8128520811582842e-02	  -1.7958118940686801e-01	  -2.2298959550465200e-01	
   8.4319286387510101e-02	   2.9154533611875189e-01	   3.1591915333827353e-01	   3.7411656521305686e-01	   4.6236378526216919e-03	   2.6538362335713284e-01	   4.2125195079599059e-01	   3.5656663666923610e-01	   2.5982965243072020e-01	   2.7960634862295741e-01	   9.5243532282851706e-01	   5.8733491828373352e-01	   0.0000000000000000e+00	   6.7586856006161455e-01	   1.4821387647789902e-01	   5.7646302671878161e-02	   2.0989655066282051e-01	   4.7491915289307673e-01	   1.8111538921593007e-01	   3.3147939464245713e-01	  -1.5434960299714495e-01	  -9.6936591948627582e-02	   3.7589836443666136e-01	   4.9172755344078456e-01	   2.1431776999818913e-01	   2.6571971072459655e-01	   1.4713021381662156e-02	   1.5557796294347549e-02	   8.5834146649366085e-03	  -4.6227119909444801e-02	   4.8153864073332353e-03	  -8.1605439308001064e-03	   4.4152645247805822e-01	   4.6793702609693932e-01	   3.1560221756116252e-01	   2.9225915442481420e-01	  -1.5413248408600702e-01	  -1.4587136878820428e-01	  -1.0041250382659103e-01	  -8.5652812603909084e-02	   1.1858982341554905e-01	   2.6477882328621347e-02	   5.5298339263202623e-03	   2.3071992044994580e-02	   2.5736874837776191e-01	   1.6461912095371523e-01	  -7.9335643475657892e-03	  -4.7057747665451878e-02	  -1.0259425339029045e-02	  -5.0591489090129969e-02	   7.3726642578412993e-02	  -5.0837539796365926e-02	  -6.5898269294822814e-02	  -1.0365285511647701e-01	  -1.8605145433677989e-01	  -1.7893773401497801e-01	   1.1011880214135307e-01	   3.6795946906827731e-01	   2.9257958072282947e-01	   3.9361001557424968e-01	   6.2688887299959695e-01	   5.8244787909973839e-01	   3.2140757695874883e-01	   5.4761653859551962e-01	   4.4943379762114144e-01	   5.3761496907468131e-01	   4.4333440968389637e-01	   3.7211776917070921e-01	   1.8084713797971336e-01	   2.1249141798633983e-01	   5.3477623272723616e-02	  -1.0246696117710941e-02	   2.1261280275140218e-01	   2.3525107176986293e-01	   4.3500272922139671e-01	   4.5482653622306513e-01	   2.0470606315598816e-01	   2.2192845775268721e-01	   7.8983109472368099e-02	   1.1589065267068070e-01	  -7.8135712471118543e-02	   1.0063727391636175e-01	   1.4034630960986599e-01	  -7.8679661468622444e-02	   3.3597188058236799e-01	   2.4570416319527372e-01	   1.7677331794332138e-01	  -1.5318143800515960e-02	   3.1335523636426638e-01	   4.0186849648437981e-02	   2.4843007983847010e-01	   1.3688788898344997e-01	   3.6578534676991753e-01	   3.4414481823588061e-01	  -1.4484846606685925e-01	  -6.5021684909157343e-02	  -9.3170065378522113e-02	   2.9773300859318966e-02	   9.9109948743622056e-02	   1.2384962684853762e-01	   2.5937777125489753e-01	   3.3047526283958939e-01	   3.9137622559268859e-01	   4.5040045773301740e-01	   5.8044441443373479e-02	  -1.0145003176645716e-01	   2.3264124324582550e-01	   2.1006934825432369e-01	  -1.2053783129170478e-01	  -2.8323287313718110e-01	   2.6120318840309664e-01	   3.5328621814666866e-01	   1.9698157392972915e-01	   9.8915941881378741e-02	  -3.4238154330273511e-03	  -2.3616233623716596e-02	
