   0.0000000000000000e+00	   1.3683588742642259e+00	   1.1607189258287329e+00	   9.6053820439751780e-01	   5.2842312785365786e-01	   4.9511261062180623e-01	   1.0313624957279406e+00	   8.5019470241033268e-01	   3.9813332621685948e-01	   3.1801699875473327e-01	   1.0977102593145653e+00	   1.0870424180907285e+00	   9.6736246567607653e-01	   1.0246721536958869e+00	   7.6937527163943009e-01	   7.4572124237552095e-01	   1.0337429371118969e+00	   9.0911912508556125e-01	   1.4646277424922447e+00	   1.1572595996404593e+00	   1.4617508129494039e-01	   1.4228697900163817e-01	   9.5861351534772632e-01	   8.4979365949949714e-01	   5.5880274684594444e-01	   5.5731112934990035e-01	   2.9925237592873327e-01	   2.1199531723353607e-01	   7.0258551502595412e-01	   9.3958006592548393e-01	   6.7270179850936551e-01	   6.1242739445034000e-01	   8.3943475312907956e-01	   8.5451445742243870e-01	   1.9682708743019861e-01	   1.9261592747176237e-01	  -1.3767036819158854e-01	  -2.4431924979479352e-01	  -7.0642716403282554e-02	   1.1919922057362781e-02	   1.4662638308721249e-01	   2.2067970194912209e-01	   6.4198115639818676e-01	   6.7355518255236679e-01	   8.0950678479502425e-01	   9.6457602627448613e-01	   5.1280740865869934e-01	   6.1460712131882023e-01	   8.5376019557069394e-01	   9.6019613378228763e-01	   9.2286015139671429e-01	   9.8484275619640282e-01	   7.4078539354111261e-01	   6.8090615781510067e-01	   3.2233379240271887e-01	   6.3593009920667098e-01	   1.2694384574013131e+00	   1.2825861952385134e+00	   8.0789913832165494e-01	   6.5510157967795013e-01	   1.1165815133201060e+00	   7.0408690266494256e-01	   9.4241203669690610e-01	   1.0689953688215474e+00	   5.0679990864380164e-01	   5.6427384075323239e-01	   6.0912495651553933e-01	   6.4136278270853653e-01	   8.1178454882240958e-01	   7.5117320842721014e-01	   2.9219361509847980e-01	   8.2413247200779499e-02	   3.9397185362601073e-01	   3.8523404051939403e-01	   2.2756300516865252e-01	   2.2036387960773243e-01	   2.2604979883836998e-01	   1.3194015031733167e-01	   7.6959402706957891e-01	   6.8841697590583195e-01	   9.2748730963572634e-01	   9.8384552952161664e-01	   7.9825315068924663e-01	   9.1395327907222601e-01	   8.6893706448816310e-01	   8.8412959901210009e-01	   4.1314358801306061e-01	   4.3358151770424364e-01	   3.9642917004612388e-01	   6.4407720193118567e-01	   2.6582769642200266e-01	   5.4850408698442299e-01	   5.5516449634786962e-02	   3.1376212215291538e-01	  -2.4739779461567896e-01	  -3.2164625829048381e-02	  -5.2857822431313595e-02	   2.3866915867988620e-01	   2.8294011401766189e-01	   7.0335476147679332e-01	   1.4169984430680135e-01	   9.4676516081696208e-02	   1.5412940850769005e-01	   1.0062830598232339e-01	  -4.5800077789602718e-02	  -9.7278945631652916e-02	  -2.7509354308463178e-02	   1.0422418231345787e-01	   6.5773769751793193e-02	  -4.6955242928938774e-02	   8.8157971713871755e-02	   3.3405138829614800e-01	   2.2362563052025025e-01	   8.9510910087353734e-02	   1.2421469921209154e-01	   1.4405288548815540e-01	
   1.3683588742642259e+00	   0.0000000000000000e+00	   1.1924542897022066e+00	   1.0998214041932814e+00	   6.6253471130456398e-01	   6.2067923343673803e-01	   9.8019914809891651e-01	   9.7286790354067443e-01	   4.5592528725070219e-01	   4.2036807732699544e-01	   8.1366513451286937e-01	   1.0377330348419935e+00	   6.8643619462773153e-01	   9.9717143513079343e-01	   7.5932045504431855e-01	   8.8211539909866610e-01	   7.8288015206659500e-01	   7.5415277585055984e-01	   1.1249446005663404e+00	   1.3025315336262904e+00	   2.6548556921676136e-01	   2.6192759828945478e-01	   9.6439246936462375e-01	   8.4056898095555543e-01	   6.8937408525150201e-01	   7.0135062912159762e-01	   4.8941863669779773e-01	   3.9616362539672512e-01	   4.7357125950250545e-01	   6.7328620185705434e-01	   6.6240240384477711e-01	   6.3922169810411344e-01	   7.3102874740279211e-01	   7.9435314284595993e-01	   1.0301284051013526e-01	   1.5416657458361990e-01	  -2.9729865190983473e-01	  -3.8973305230588479e-01	  -1.1472381396842310e-01	   1.2176216313811723e-02	   7.6518498791793552e-02	   1.5401780625909234e-01	   4.6991019005496226e-01	   4.7593811760079652e-01	   5.7139767283768605e-01	   7.8684724377728921e-01	   3.4739162948187863e-01	   4.6229490876074869e-01	   5.7486901455730322e-01	   7.6383091117400281e-01	   7.3758583813542777e-01	   8.9661986815378913e-01	   5.8829233365410916e-01	   5.3112056452697276e-01	   1.6309104916627187e-01	   5.7301568542524450e-01	   1.1480320609504457e+00	   1.7444329903608276e+00	   8.2534480562418389e-01	   7.9636890642539659e-01	   8.2237113509506465e-01	   7.4241348187545331e-01	   8.3752089650238670e-01	   1.2259354450994067e+00	   5.6064783401737506e-01	   7.5217257069757937e-01	   8.0614389452079527e-01	   8.5587994611059381e-01	   1.0684240462502235e+00	   9.4262287101989661e-01	   3.1252364806951227e-01	   1.8778130399233862e-02	   2.1411089505260775e-01	   2.3455190956791644e-01	   8.1646677477694968e-02	   1.2275226831558975e-01	   5.5089820644142633e-02	   1.1746261605111981e-02	   5.4525327675034863e-01	   5.2262935809544886e-01	   8.2920227789319945e-01	   9.2072980200816312e-01	   6.3475685085095435e-01	   7.3363252064216522e-01	   7.4123704591861972e-01	   9.3384592377190601e-01	   2.7927920025862213e-01	   4.2690496949382595e-01	   4.7707133355530651e-01	   8.8846239934790383e-01	   2.0300970024011988e-01	   5.7183629318170304e-01	   1.3665698151970714e-02	   2.5173285587808225e-01	  -2.9613803332313160e-01	  -1.0255865132780165e-01	  -1.7479776786264672e-01	   1.0681867040466328e-01	   1.4633850484562683e-01	   5.5307158167764237e-01	   2.6298730891886283e-02	   8.0933898813418365e-02	   6.2749762461088501e-02	  -3.9543898585875294e-02	  -7.1501123500097130e-02	  -2.0493458739933673e-01	  -2.1597085892489756e-01	   5.2842862898860518e-02	  -1.1711560659450876e-01	  -1.7951796902373729e-01	  -7.2004847777010161e-02	   1.9936242354759731e-01	   1.7192000304788080e-01	   4.0729184288157493e-02	  -4.0253683482173883e-02	  -4.6471550790308978e-02	
   1.1607189258287329e+00	   1.1924542897022066e+00	   0.0000000000000000e+00	   1.2949268334103565e+00	   9.6998832881242913e-01	   8.0523135685860936e-01	   1.5913628396811514e+00	   1.0682239871591186e+00	   7.3675606906633506e-01	   5.8698580816673696e-01	   7.7468364488671693e-01	   9.7225222239222198e-01	   6.9722779227407317e-01	   9.5739027368999763e-01	   1.0160886134203191e+00	   1.0003625713991342e+00	   8.7687359796651554e-01	   7.9609666519840683e-01	   1.3314946637747491e+00	   1.4022032180366744e+00	   3.8009457335615182e-01	   3.8736504329100008e-01	   1.7553327452703484e+00	   1.2339468808184999e+00	   1.1070826648591385e+00	   1.0804307764778844e+00	   5.6105798464828682e-01	   4.8438480322259436e-01	   5.4674976540496245e-01	   8.2369116794997677e-01	   9.4461258620098731e-01	   8.2764388876286421e-01	   1.0109306597644554e+00	   1.0214037569052787e+00	   4.7108378671770806e-01	   3.6339709957015731e-01	  -1.1478271242951799e-01	  -2.3494198060344570e-01	  -1.6648989185738681e-02	   8.3490437929743727e-02	   1.7977560470629994e-01	   2.4945999269326985e-01	   7.9222980916112107e-01	   7.2769933533789033e-01	   8.7996361230908915e-01	   1.1503395976916573e+00	   5.4152202734613386e-01	   6.9448431304295744e-01	   7.7135033980999634e-01	   9.8184206118120321e-01	   8.5975665691429604e-01	   9.1664153380254965e-01	   5.9909523578988400e-01	   5.9885583575504742e-01	   2.4008813797956807e-01	   6.0907494863901679e-01	   9.5781214789310032e-01	   1.1250270436281011e+00	   7.1385888909246775e-01	   6.9600582784225529e-01	   8.5206678947842196e-01	   8.7945981613848390e-01	   8.8288770705831254e-01	   1.0514449859726540e+00	   9.9926472073710559e-01	   8.6085592177856651e-01	   9.9764544004316835e-01	   9.0774222967635054e-01	   1.2031279699995794e+00	   1.0600127673585862e+00	   4.7917238773502474e-01	   2.5468000532605423e-01	   2.7606539334237329e-01	   3.6457597263044861e-01	   1.3473855855192796e-01	   1.6478271219503424e-01	   1.7882255832735244e-01	   1.1394768772214424e-01	   7.8256697765934169e-01	   5.7006845320045330e-01	   1.1065260481421590e+00	   9.5285238866520272e-01	   8.5565077677129775e-01	   1.0189108688497523e+00	   1.1023069253594193e+00	   1.0867974027160259e+00	   4.7012726901291912e-01	   5.1804620369480447e-01	   5.1871191269617278e-01	   7.7144946272052328e-01	   3.7118219269587083e-01	   7.3987911074357748e-01	   1.6406790857753600e-01	   5.0230879968978581e-01	  -2.7666799101982109e-01	  -7.5108757062594719e-02	  -5.3287172531300671e-02	   1.5125469063389838e-01	   2.5507400765640831e-01	   7.0977647840688418e-01	   1.0662701937028815e-01	   1.8582654055365808e-01	   1.5547107868743926e-01	   8.1471330710390963e-02	   4.9511188877001018e-03	  -1.2595598421720894e-01	  -8.6906263205281789e-02	   1.2421786121146772e-01	  -8.9461335114592311e-02	  -1.4452817383828949e-02	   8.9082756090240037e-02	   3.5428787791857402e-01	   2.6213591108965395e-01	   4.9922599404024569e-02	   9.1709032797018003e-02	   3.4500753219036714e-02	
   9.6053820439751780e-01	   1.0998214041932814e+00	   1.2949268334103565e+00	   0.0000000000000000e+00	   8.9878276377971311e-01	   1.0451780955226491e+00	   1.1839702322278580e+00	   1.6443009170135505e+00	   7.6638714199685165e-01	   6.8999763734765651e-01	   5.3819264214947604e-01	   8.1680172405313134e-01	   4.7661347888099975e-01	   7.1216461184517144e-01	   7.4184085449071535e-01	   9.5252001205545056e-01	   5.4988535751601875e-01	   5.2102503551842594e-01	   8.6545455291060325e-01	   1.0010656333366792e+00	   4.9567139522511433e-01	   5.0894158033867409e-01	   1.0968642819785304e+00	   1.3301794067394037e+00	   9.4928911051892029e-01	   1.0784299550271990e+00	   6.0302021198807176e-01	   5.2360622415793401e-01	   2.6231504298435193e-01	   6.0893179206643655e-01	   8.4804335237220418e-01	   8.7705931638560386e-01	   8.8730597714922443e-01	   1.0255352639457935e+00	   3.2911348804887813e-01	   3.4177117688337849e-01	  -1.9352075374280892e-01	  -3.2842347659114868e-01	   1.7125506002756800e-03	   9.9459821209576096e-02	   1.6638529101974475e-01	   1.6950847603864261e-01	   5.6252509333397804e-01	   4.1644936880271144e-01	   6.1464697800368107e-01	   8.1306648742736931e-01	   4.1136902590038549e-01	   4.4634160437935860e-01	   5.7366801588653582e-01	   7.2622045221297538e-01	   7.1039178080166199e-01	   7.3718784857967823e-01	   4.4368341851365151e-01	   3.4938792166307797e-01	   1.5047496709324878e-01	   4.7699962805833174e-01	   7.7228417808177807e-01	   1.0195476414312206e+00	   8.6615818123453192e-01	   9.2032987540069577e-01	   7.2389353770213793e-01	   9.8051841607940060e-01	   6.6266628479090695e-01	   9.5393658262349834e-01	   6.8002022925182048e-01	   9.8203153263303877e-01	   1.0939032492669567e+00	   1.1579006425805414e+00	   1.0222365376800981e+00	   8.7330124295415634e-01	   5.8938133787401603e-01	   3.2795771415634684e-01	   1.4394215744945327e-01	   3.0210947701495194e-01	   2.0863626498342447e-02	   1.0916821134035452e-01	   1.0701074213056964e-01	   1.0797247964438188e-01	   4.4886854138880927e-01	   3.6384085442469505e-01	   7.9081680819946309e-01	   6.0888273658315883e-01	   6.5694629257289472e-01	   8.1198655181472223e-01	   7.3861856500014544e-01	   7.2222807393282751e-01	   4.3614603815098313e-01	   4.7875945859225849e-01	   5.7418347355352573e-01	   8.4196618576817195e-01	   4.8808697800768563e-01	   7.1101738051778340e-01	   3.7625515070062771e-01	   5.6559892971391723e-01	  -2.6269426803990387e-01	  -6.6382886143545650e-02	  -4.7456883412313605e-02	   1.4042987478363658e-01	   2.4081595201396894e-01	   5.7216182168043550e-01	   2.3994351371470718e-01	   3.6413449907838791e-01	   2.6578068066017158e-01	   1.9038482907603546e-01	   4.1901674145336534e-02	  -3.2639416801709814e-02	  -3.3616462779335853e-02	   2.2912922106965763e-01	  -1.6638517404739997e-01	  -1.3656947560532953e-02	   7.1908381975515898e-02	   2.4786581834380145e-01	   2.9267874099116675e-01	   9.9646233312638360e-02	   8.4242966558736226e-02	   6.5650848188272522e-03	
   5.2842312785365786e-01	   6.6253471130456398e-01	   9.6998832881242913e-01	   8.9878276377971311e-01	   0.0000000000000000e+00	   1.4208229280586677e+00	   7.9432124521719616e-01	   8.1619147172670303e-01	   1.3272119436196597e+00	   1.1228785923049491e+00	   1.7710402182614335e-01	   4.2066681260398797e-01	   1.9940403199806692e-01	   4.4908221950564220e-01	   1.0842953102015034e+00	   1.2332950656122534e+00	   2.4358640959046721e-01	   1.5850174503697181e-01	   6.6512391415181704e-01	   7.6388076336912003e-01	   8.6826801672705956e-01	   7.8789802096350636e-01	   7.6635855714122780e-01	   7.0921248173765428e-01	   9.1534467594028279e-01	   9.2000658593368367e-01	   1.0940750698749939e+00	   9.9639310092108935e-01	   1.9419703373850228e-01	   2.5867645374847381e-01	   4.7959382600108502e-01	   3.8982277590435049e-01	   4.3734456873062028e-01	   4.9852444910365928e-01	   3.8567075777334714e-01	   3.3718195825080277e-01	   3.7283025887924989e-03	  -1.5498294491488251e-01	   2.1124121719009997e-01	   1.8548203645863426e-01	   3.6645962411463140e-01	   3.2533846788806331e-01	   4.1707723855175938e-01	   2.5682020026816715e-01	   3.0302904999474484e-01	   5.3728748384906933e-01	   3.2941162248412620e-01	   4.2326549755209358e-01	   2.9906270125609202e-01	   4.3165771271097725e-01	   3.4520643039366694e-01	   4.9537016690701607e-01	   3.5398724530377373e-01	   4.3734072531448492e-01	   1.9500442024061843e-01	   3.9499506401976059e-01	   3.7465976112688593e-01	   5.7657352682489127e-01	   6.4845978867404619e-01	   8.0900054306622848e-01	   3.6771434284399612e-01	   5.3355343790218268e-01	   3.2091673960470107e-01	   4.8641324987719869e-01	   6.8057314053621709e-01	   6.9213085608316072e-01	   9.2885793317596888e-01	   8.4029791677378740e-01	   9.9652215416477652e-01	   8.2388856394971355e-01	   6.7118920439024687e-01	   4.8961875988200443e-01	  -5.9162864259967836e-03	   1.4581528986953041e-01	  -8.1563321001841063e-02	  -3.5398196931292876e-02	   5.2525625676614660e-02	  -2.4737259349925347e-02	   3.4792052688885244e-01	   1.2888558408095516e-01	   6.0560336724381880e-01	   3.5806020715549425e-01	   7.4470912241441578e-01	   7.8787523990853514e-01	   6.1472405399006136e-01	   5.9158388146353480e-01	   5.5865174480491542e-01	   4.3283077586151014e-01	   6.5800084346618881e-01	   7.8798634101259446e-01	   6.3031118901736405e-01	   7.9995084010267037e-01	   4.4900049776409656e-01	   7.0805829273121790e-01	  -1.2994241718571983e-01	   2.8641398990019704e-02	   2.5362120900475862e-02	  -3.5183902379105750e-02	   2.8977501459025934e-01	   4.4775040103966701e-01	   2.6039034893106894e-01	   2.1359860168033615e-01	   3.2707854384219159e-01	   2.2207848154086135e-01	   2.3895448468595254e-01	   3.9148632393729101e-02	  -1.3330061539189367e-02	   2.5518335731973968e-01	  -1.0819639455121322e-01	   3.2668509897942968e-02	  -2.7718707065607622e-03	   2.6022402684299295e-01	   3.9034270247998837e-01	   1.0186184678575920e-01	   9.2220649825195594e-02	  -1.5313537458807233e-01	
   4.9511261062180623e-01	   6.2067923343673803e-01	   8.0523135685860936e-01	   1.0451780955226491e+00	   1.4208229280586677e+00	   0.0000000000000000e+00	   7.7426198090121778e-01	   1.0600397895729623e+00	   9.7647717360884811e-01	   1.0967137468716537e+00	   1.6425702639510653e-01	   4.3777399079955470e-01	   2.3821648700617543e-01	   4.6530758585967597e-01	   8.9366704454777190e-01	   1.1600745756218980e+00	   1.9335998868546098e-01	   9.3144715394556044e-02	   5.0383641026880266e-01	   5.4978017561957870e-01	   9.2060100221464092e-01	   8.4578301610558393e-01	   7.1506621017486682e-01	   8.0568247880778032e-01	   7.7790331241330046e-01	   9.0803421385654182e-01	   1.0624073766239330e+00	   1.0423985814068712e+00	   1.0859656868459722e-01	   2.2420234998727395e-01	   4.4754433217944967e-01	   4.1448439391777520e-01	   4.4568761528366729e-01	   5.4079337520624504e-01	   3.4474160212460853e-01	   3.8476397299174458e-01	  -3.3505810975353469e-02	  -1.8561366109062036e-01	   2.7150790295909971e-01	   2.6954757756723635e-01	   4.1923414216607868e-01	   3.0813569550401310e-01	   4.2134916465255101e-01	   1.9618427456657617e-01	   2.6276893115563676e-01	   4.5812245159434373e-01	   3.7871816534345054e-01	   4.0522520699305825e-01	   2.8209228618666993e-01	   3.6845440405440139e-01	   3.0741934400963161e-01	   4.2421788422378415e-01	   3.9084758341575365e-01	   3.7626090375114157e-01	   2.9785443432502823e-01	   4.7554455840985277e-01	   3.2988641414840131e-01	   5.0845727847814259e-01	   6.3376209757549118e-01	   8.3015613591951987e-01	   4.3042533326125243e-01	   6.7518926153115888e-01	   2.2365091637216761e-01	   4.1289054872490366e-01	   6.0907077062276760e-01	   7.5908749013467958e-01	   9.0522379911233408e-01	   9.0125762158642597e-01	   8.0889064820755530e-01	   6.5343205453108033e-01	   7.9690088792431435e-01	   5.2251051320940189e-01	   4.1642495608083960e-02	   1.3703463135363386e-01	  -9.9028759994087764e-02	  -1.8941678332904558e-02	   8.0995418921388146e-02	   4.5212063909705075e-03	   2.4871813332886239e-01	   7.9062286171928578e-02	   5.2421829894617900e-01	   2.5340223374028431e-01	   6.8353231907150014e-01	   7.1694586652233627e-01	   5.2063056152901921e-01	   4.5479816516293814e-01	   6.0246597415654735e-01	   5.1880205978113492e-01	   8.8844714490910293e-01	   9.1990876758331885e-01	   8.1929961756557157e-01	   8.6274531746583005e-01	   6.6762649112999661e-01	   7.6982157720173672e-01	  -5.4516691550046931e-02	   9.4577345335319599e-02	   1.1800079905678204e-01	   5.2622833197775325e-02	   4.0129712353029151e-01	   5.0600864776661836e-01	   3.7031609273055421e-01	   2.3839179132060351e-01	   4.1593884358097671e-01	   2.7353192404295223e-01	   2.4228583001659956e-01	   1.2938436743427922e-01	   3.2191367134828446e-02	   3.2590222393711693e-01	  -8.4431797142340725e-02	   5.7518215380506013e-02	   6.2386338676282238e-02	   3.3001532113298054e-01	   5.1944550536207079e-01	   2.1741541546451371e-01	   1.9630189878913698e-01	  -8.3634596326979990e-02	
   1.0313624957279406e+00	   9.8019914809891651e-01	   1.5913628396811514e+00	   1.1839702322278580e+00	   7.9432124521719616e-01	   7.7426198090121778e-01	   0.0000000000000000e+00	   1.2796263153739105e+00	   6.2285886427595039e-01	   5.2269860153498837e-01	   8.4554824106824045e-01	   1.1929336123002696e+00	   8.4040074782566110e-01	   1.1491377363238204e+00	   7.8572778604480509e-01	   7.9784225321589253e-01	   8.1020876010288867e-01	   7.0626565820931109e-01	   1.0132908527390703e+00	   1.0041531415991369e+00	   2.8186687231752533e-01	   2.8317908577451706e-01	   1.4784949750145908e+00	   1.1914457703169252e+00	   9.3689179066516415e-01	   9.2828706880164114e-01	   4.4933593181152809e-01	   3.8626123630662623e-01	   4.4502007238641283e-01	   8.2369164308722587e-01	   8.7430626762267760e-01	   7.9139297371319495e-01	   9.6476479137602422e-01	   1.0098391932734934e+00	   4.2506490267379837e-01	   2.9919595870244015e-01	  -1.9018771727596834e-01	  -3.2122744005666215e-01	  -7.4295049664198559e-02	   4.9314841544787914e-02	   9.0947365312033387e-02	   1.6834359165054957e-01	   7.4051502065398633e-01	   6.0916934886587570e-01	   8.6550975687130527e-01	   1.0560103135536387e+00	   4.8570097909943266e-01	   5.7601353522977072e-01	   8.0900136991078486e-01	   9.1856443755493222e-01	   7.8555516230117572e-01	   7.3919998402433162e-01	   5.0795722699303125e-01	   4.4141948525481678e-01	   1.8155985209172656e-01	   5.1533769938484542e-01	   8.5774507199329164e-01	   9.2854430831419599e-01	   5.7071349681417705e-01	   5.6412323710755996e-01	   1.0875778939228413e+00	   1.2828162508284122e+00	   6.5522924175987551e-01	   8.9014878654795881e-01	   1.0237636033421247e+00	   8.8873467371861492e-01	   8.2280785085990549e-01	   8.0802929517466970e-01	   8.8895595312478881e-01	   8.3103608410635865e-01	   3.8998694387048866e-01	   1.6468107554872199e-01	   1.8438394052690976e-01	   2.5375040906535862e-01	   1.0278313883930351e-01	   9.2211649027598305e-02	   1.4771756067578129e-01	   5.0554586034581656e-02	   6.7953077940754159e-01	   5.0218496856467298e-01	   9.6103681404976316e-01	   8.0324840234216321e-01	   7.6216989228558152e-01	   9.1014930916426273e-01	   8.8924988262017535e-01	   8.0936590704296496e-01	   3.9309670954920362e-01	   4.9400320002824594e-01	   5.4661370076631755e-01	   7.1903269439848227e-01	   3.5573522766787224e-01	   6.5907423704461765e-01	   1.7618414144031852e-01	   5.3904583280611151e-01	  -3.1567067900090867e-01	  -1.4400988508981638e-01	  -1.0781622977695329e-01	   1.0405558654208073e-01	   1.9203893620291992e-01	   6.3290475144607738e-01	   9.7267017023404706e-02	   2.2967717744428601e-01	   8.8420452038934186e-02	   7.3352819946112813e-02	  -3.8903457496516421e-02	  -9.7649711359902608e-02	  -8.1884851970389513e-02	   9.0075777154740425e-02	  -7.0217571216343089e-02	  -8.9708687775480328e-02	   6.9221658671015998e-02	   3.0738629861365452e-01	   2.1616032134643545e-01	   1.0246203044897938e-02	   5.4373108296950454e-02	  -1.0480338864615657e-02	
   8.5019470241033268e-01	   9.7286790354067443e-01	   1.0682239871591186e+00	   1.6443009170135505e+00	   8.1619147172670303e-01	   1.0600397895729623e+00	   1.2796263153739105e+00	   0.0000000000000000e+00	   6.1200413662013953e-01	   5.6358862496309126e-01	   5.2999598691215510e-01	   9.6688900210636419e-01	   5.0642591425160788e-01	   8.4005408711141749e-01	   5.9944240111928393e-01	   7.6570093511795767e-01	   4.8511013420459598e-01	   4.3330894810872123e-01	   7.1328365165280194e-01	   8.0611955051747053e-01	   5.0231202935375563e-01	   5.1137920941644288e-01	   9.9409727097749179e-01	   1.1328361943934606e+00	   8.2677565619973192e-01	   9.3181820351303080e-01	   6.6059187817625764e-01	   5.8695727048179414e-01	   1.8752873588563601e-01	   5.4013089597614128e-01	   7.5788101680797093e-01	   8.0473138241708930e-01	   7.8494322732648136e-01	   9.4482397911120353e-01	   2.2493516958871856e-01	   2.7083792688471653e-01	  -3.3249705076865066e-01	  -4.8872918080974070e-01	  -6.8172538382513026e-02	   4.0502794525262356e-02	   7.2093552240077574e-02	   7.2378855866225528e-02	   4.4016593988670238e-01	   2.8996271124105777e-01	   5.0663962935019391e-01	   7.0664703741222423e-01	   3.1028299033361262e-01	   3.6154416517928201e-01	   5.7179039191738501e-01	   7.0186017591099803e-01	   5.9011759858103341e-01	   6.4805420400178004e-01	   4.2272247354733367e-01	   3.3540369109393631e-01	   1.0309573324518204e-01	   4.4385311192266058e-01	   6.0369845558563839e-01	   8.1541227773520275e-01	   7.2536963938405985e-01	   8.5618883162824844e-01	   8.1544084690240015e-01	   1.3017356947466394e+00	   5.2571769815379810e-01	   8.9024286757160465e-01	   6.7310885503069384e-01	   1.1025043313448655e+00	   9.5637199362713032e-01	   1.0799762664445707e+00	   8.9651193012402086e-01	   7.9997010421899006e-01	   5.7966461666104963e-01	   3.2490041862389307e-01	   1.0310430865128617e-02	   1.3141082248713276e-01	  -6.7548478786592037e-02	  -5.4900993081405586e-02	  -2.6785250815308949e-02	  -5.2195747243614130e-02	   3.3203528427536194e-01	   2.4969526903255918e-01	   7.0656558379244805e-01	   4.8906355527859113e-01	   5.5559479533976808e-01	   7.5351819092378736e-01	   5.7470640683597995e-01	   5.4692587151326910e-01	   3.2985691819864660e-01	   4.2875628749576589e-01	   6.5938566406061772e-01	   8.9098845692968331e-01	   4.4877008380548056e-01	   6.8248413528853047e-01	   3.3089528306995852e-01	   5.6545605218746542e-01	  -2.5662804364871233e-01	  -1.6806563310379469e-01	  -1.1585936885695501e-01	   5.9308931942831265e-03	   1.4957011061707887e-01	   4.9577630969157166e-01	   2.0522631069190822e-01	   3.3686899841160345e-01	   2.1028555077660613e-01	   1.7398782993414275e-01	   7.6140183791470806e-02	   2.0634733041269143e-02	   2.8871060866203585e-02	   2.8717943316220568e-01	  -1.4556791803167904e-01	  -6.6549154881424835e-02	  -1.4947369021092428e-02	   1.9512903440629181e-01	   2.4847701019949653e-01	   7.1383654123997803e-02	   4.3150820116035174e-02	  -7.5986699379541542e-02	
   3.9813332621685948e-01	   4.5592528725070219e-01	   7.3675606906633506e-01	   7.6638714199685165e-01	   1.3272119436196597e+00	   9.7647717360884811e-01	   6.2285886427595039e-01	   6.1200413662013953e-01	   0.0000000000000000e+00	   1.5099265053959878e+00	   1.0935890984149488e-01	   3.0302195473893251e-01	   1.7554705918845584e-01	   3.0815719128788155e-01	   8.1919034113061640e-01	   1.0077490836155143e+00	   1.8431189996590319e-01	   1.2694695828549399e-01	   5.0257614362270064e-01	   6.0427688525496648e-01	   6.6587947933495051e-01	   6.0831119501128583e-01	   5.2319699986068124e-01	   5.2503590505706610e-01	   6.9937895957777751e-01	   6.9525126760045075e-01	   6.6684782715709223e-01	   5.7247836583195499e-01	   1.9412008440218978e-01	   2.8565116951129516e-01	   4.5049744380967716e-01	   3.8605489267365994e-01	   4.2811915769855480e-01	   4.7383330577041133e-01	   3.8708575655662231e-01	   3.3788300450587355e-01	   1.3944640513129811e-01	  -4.0941403207948736e-02	   2.9038369289722549e-01	   2.5433114616379060e-01	   4.1787112656166336e-01	   2.8883285416897297e-01	   4.2457224043584130e-01	   2.3288647562886292e-01	   2.8567463484892408e-01	   4.3365374791429329e-01	   3.5035772750834310e-01	   3.6473134480318231e-01	   2.5323338370314230e-01	   3.4723484637419838e-01	   4.2291594754449180e-01	   5.2048046255423552e-01	   3.3113288880814873e-01	   3.5484187488048713e-01	   1.7921663014876091e-01	   3.0125400385554718e-01	   3.3346849230821385e-01	   4.8308131615226479e-01	   6.1913615911554887e-01	   6.7649533183539690e-01	   2.1528987576380718e-01	   3.7641407765540785e-01	   2.9847214127262289e-01	   3.7132716759791279e-01	   4.6413806521928397e-01	   4.7546453224152263e-01	   9.1549397934537557e-01	   8.1692518370335598e-01	   7.7900466898002640e-01	   6.2328204144027988e-01	   5.8698918969218672e-01	   4.5951822932512448e-01	   3.5349195744016598e-02	   3.2807378134672083e-01	  -5.3685933628659310e-02	  -3.0150599130959944e-02	   1.5115245610840114e-01	   1.7642597660093928e-01	   3.1957867212138513e-01	   8.5848546707992357e-02	   5.1945603998708634e-01	   2.5410247716256590e-01	   6.9051717524878509e-01	   6.8601176938200725e-01	   4.9227004101274430e-01	   4.1804270802353838e-01	   5.3064988474133101e-01	   3.4548843787899880e-01	   4.5492335749066781e-01	   4.9133427166313626e-01	   4.9526007392956528e-01	   5.1975628332892732e-01	   3.6853975665944344e-01	   5.3618538268598748e-01	  -1.5484342141081370e-01	   1.2011333494996139e-01	   1.2352952242152682e-01	   7.8087119342008182e-02	   2.4803744054300708e-01	   3.6834425303928409e-01	   2.0472759960376352e-01	   2.2194263681934789e-01	   2.3748173473196738e-01	   2.1485078915794609e-01	   1.7408702109997778e-01	   5.9900213496163472e-02	  -2.1509761790568956e-02	   1.6796884804914802e-01	  -1.7056190309191677e-01	   6.8366055920895133e-02	   1.4775990708815501e-01	   2.5343492815813135e-01	   3.4235622952663924e-01	   1.0672296491496158e-01	   1.2693314876257797e-01	  -3.7866592201413050e-02	
   3.1801699875473327e-01	   4.2036807732699544e-01	   5.8698580816673696e-01	   6.8999763734765651e-01	   1.1228785923049491e+00	   1.0967137468716537e+00	   5.2269860153498837e-01	   5.6358862496309126e-01	   1.5099265053959878e+00	   0.0000000000000000e+00	   6.8163471016560076e-02	   2.0325263492219703e-01	   1.6438493799223505e-01	   2.7998768840080923e-01	   7.7855860922220865e-01	   1.0225606180810298e+00	   1.0278010778331602e-01	   2.6798543289649087e-02	   3.8526939355274298e-01	   4.4921152904747691e-01	   7.0803574330957975e-01	   6.7156635035755619e-01	   4.2390890304079143e-01	   4.4018431289343080e-01	   5.5003776494287460e-01	   5.9259223713410492e-01	   6.9063091932096055e-01	   6.1236054713049459e-01	   1.0520128262649062e-01	   1.4620137911182901e-01	   2.9360101067298550e-01	   2.2177674680264731e-01	   3.1710601941912603e-01	   3.5091072116162292e-01	   3.1115389204814253e-01	   2.9307578991059119e-01	   2.0961482478292581e-01	   3.1788625125495747e-02	   3.9058807216245195e-01	   3.5384493552301127e-01	   5.7549933850781354e-01	   3.6975743359973012e-01	   4.0967437502198711e-01	   2.0038798162446234e-01	   1.7799918289388647e-01	   3.0508112792715014e-01	   3.8765919588369679e-01	   3.7213869980295089e-01	   1.4683856342142365e-01	   2.1878574465535594e-01	   3.3770211727621768e-01	   4.0742853748438645e-01	   3.4192983708413593e-01	   3.1175515849554930e-01	   2.6070510945378417e-01	   3.3614428318015499e-01	   2.7061696919179645e-01	   4.1747720065172528e-01	   5.0958939719172858e-01	   5.8212139984325306e-01	   1.8065123304014841e-01	   3.3466620018889848e-01	   1.0773451269741063e-01	   2.0744023772838810e-01	   4.2566518374957918e-01	   3.9435943196528345e-01	   7.7079933682368951e-01	   7.2309783452069420e-01	   6.3391776954734791e-01	   4.7676676742632557e-01	   5.2752827834714644e-01	   4.2511270741056351e-01	   4.6860330105296291e-02	   2.4960091419365560e-01	  -4.2202421174566608e-02	   1.5577322507208937e-02	   2.0359909412289126e-01	   2.0578908062296691e-01	   2.4488021160717838e-01	   3.4346444652709508e-02	   3.6923422545489004e-01	   1.8185615784797723e-01	   6.4896197352827001e-01	   5.6093963000818248e-01	   4.1987781172688365e-01	   3.7380669017951096e-01	   5.3750085839094175e-01	   3.5773280192070805e-01	   5.4852355638949046e-01	   5.3489508674809594e-01	   5.5231712748159145e-01	   5.3810697527312890e-01	   4.3850791807309120e-01	   5.4631145055476826e-01	  -1.0228817509872755e-01	   1.8502149598014300e-01	   1.7263551029957921e-01	   1.2225964234919917e-01	   3.1207446953725987e-01	   3.7660966100149224e-01	   2.0106043822915573e-01	   1.8329529795389707e-01	   2.2257346795990396e-01	   2.4306367979609708e-01	   1.6449360996908516e-01	   9.0343241868607080e-02	  -7.2771930298681078e-02	   1.3782814370078372e-01	  -1.8195653598799963e-01	   2.1852127274013169e-02	   1.8313171826859465e-01	   3.0635395630742440e-01	   4.2503577060530556e-01	   1.7400876228317419e-01	   1.7196425355621758e-01	  -7.1460840672171400e-02	
   1.0977102593145653e+00	   8.1366513451286937e-01	   7.7468364488671693e-01	   5.3819264214947604e-01	   1.7710402182614335e-01	   1.6425702639510653e-01	   8.4554824106824045e-01	   5.2999598691215510e-01	   1.0935890984149488e-01	   6.8163471016560076e-02	   0.0000000000000000e+00	   1.0276339998866184e+00	   1.5118242213661672e+00	   1.1669781206340892e+00	   5.6467429702223426e-01	   4.1422834846532741e-01	   1.2159889781883728e+00	   9.6960892467052784e-01	   9.7409747504149746e-01	   7.6671760346452245e-01	  -1.7930684105434636e-01	  -1.5371061989632462e-01	   8.2707367159807821e-01	   6.9098261603817390e-01	   4.0075693529800049e-01	   3.7791926936828807e-01	   4.2179568911371784e-02	  -1.6501090293866035e-02	   6.9266723400553254e-01	   9.1158890091280897e-01	   5.3317812601469705e-01	   4.8360519354698411e-01	   8.1307147842501526e-01	   7.4440011046918364e-01	   2.9545409156526792e-01	   2.5651160163036224e-01	  -1.6389649251060281e-01	  -2.5615814805640391e-01	  -2.2965114408004156e-01	  -9.3628850041894696e-02	  -1.0618517360346757e-02	   1.6146048380805328e-01	   6.6696018459185125e-01	   7.8615353199080140e-01	   8.4731997550544569e-01	   8.7950154447655948e-01	   4.5633862018847021e-01	   5.8590661536553956e-01	   7.5808458636803655e-01	   7.9533861691277208e-01	   8.0644790069606598e-01	   6.7632042516772573e-01	   5.1002887228288107e-01	   4.5718526740744242e-01	   2.0320024363360567e-01	   4.5989338607197844e-01	   9.8853179896538523e-01	   8.0919723840638502e-01	   3.0845443553042551e-01	   2.2253156686396228e-01	   1.1822185532922072e+00	   6.7144643628964795e-01	   7.5551031137930258e-01	   7.7357842822401790e-01	   5.7684165630087658e-01	   4.4191237192914967e-01	   3.3639712433167362e-01	   3.8031965094722064e-01	   4.7567395107096144e-01	   4.6446317527841285e-01	   4.2364950511115496e-02	  -1.7428307842537785e-01	   4.3279337135619800e-01	   3.2352058305302478e-01	   3.3158607785046518e-01	   3.3497865448106312e-01	   3.1910286084813277e-01	   1.8862557189720133e-01	   7.8913144769658339e-01	   6.2408799256377168e-01	   9.4993768294965664e-01	   1.2645398068703360e+00	   6.3587324157415470e-01	   6.6747414079735046e-01	   8.5696179281842211e-01	   8.6345448782448553e-01	   1.6821862564740475e-01	   3.5961914228215930e-01	   2.0604270175348344e-01	   3.8252297890398490e-01	   5.4976172375781326e-02	   3.5520254057321177e-01	  -1.7727900802850277e-01	   1.1535042500271728e-01	  -3.7637262956081763e-01	  -1.4674370444493634e-01	  -1.8681597346067458e-01	   1.8940183419938847e-01	   1.2602401055964196e-01	   5.7665870263163588e-01	  -1.2328985026418944e-01	  -6.4009749954136608e-02	  -1.1629146599294900e-01	  -1.4082727032679004e-01	  -2.8821786288472212e-01	  -3.0227610515636189e-01	  -1.9957163119644711e-01	  -1.8637360198308098e-01	   1.2615574907945706e-01	  -2.3346137148312723e-01	   5.0852427377917224e-02	   2.7685560070038312e-01	   1.0408501676220988e-01	  -2.2072407558886124e-02	   5.4507765979307267e-02	   1.7878693538235349e-01	
   1.0870424180907285e+00	   1.0377330348419935e+00	   9.7225222239222198e-01	   8.1680172405313134e-01	   4.2066681260398797e-01	   4.3777399079955470e-01	   1.1929336123002696e+00	   9.6688900210636419e-01	   3.0302195473893251e-01	   2.0325263492219703e-01	   1.0276339998866184e+00	   0.0000000000000000e+00	   9.8910800564253920e-01	   1.5757867758387702e+00	   5.3219277793748299e-01	   5.8307436466975182e-01	   8.3421349744926832e-01	   8.1641517128389307e-01	   9.2147589012428621e-01	   8.7753360547983528e-01	   9.2632940194106977e-02	   4.8045647163393289e-02	   9.8748935182975750e-01	   9.0395199897415845e-01	   6.5498926548201153e-01	   6.3041702910993080e-01	   2.0831084457434240e-01	   1.4933420381162610e-01	   5.3753153778466178e-01	   1.0492687475822966e+00	   8.4053229755930792e-01	   8.4974239065885770e-01	   8.2626458208055509e-01	   8.3615213807912170e-01	   2.0217897409511040e-01	   1.6862965044873512e-01	  -3.3581268119746532e-01	  -4.3094874903708347e-01	  -2.3416651322832338e-01	  -1.0029415137170042e-01	  -5.4787555222833476e-02	   3.2354609743744704e-02	   5.8296501925115962e-01	   5.7929742605305212e-01	   8.2659071686578800e-01	   9.7946212788382303e-01	   3.7506357544093655e-01	   4.6632654027932147e-01	   8.9409402063940357e-01	   1.0341438832345506e+00	   9.0669018167163418e-01	   8.3780800908137787e-01	   5.6649809640959403e-01	   5.0596986417895284e-01	   1.2974181511535449e-01	   4.7218261809872142e-01	   8.6202226590416331e-01	   8.9226384789203561e-01	   4.4907045004114854e-01	   4.1481655291206637e-01	   1.1107418059475840e+00	   1.1439107113654781e+00	   6.6858553386684449e-01	   1.0524582337922821e+00	   6.0289372098661786e-01	   6.7199391048670865e-01	   5.4069667710330982e-01	   5.8127271755170140e-01	   6.6815881602290350e-01	   6.4690825480888259e-01	   2.4291627356840623e-01	  -1.6327036374361538e-02	   2.0811583717553583e-01	   2.6986352842132943e-01	   1.6768969754092250e-01	   1.0143034568443075e-01	   6.8156276445186681e-02	  -6.3431726812843816e-03	   5.7992816954190318e-01	   4.9477048033563709e-01	   8.3256735099688584e-01	   8.3497568770889208e-01	   5.5786976778028852e-01	   7.6054685822274437e-01	   6.2838675853137071e-01	   6.8745532977231205e-01	   1.4602694158103455e-01	   3.0139389599430710e-01	   2.8591039245962890e-01	   5.1349708213353384e-01	   1.2110226864293298e-01	   4.0328311076791973e-01	  -9.7032363132959640e-02	   1.5206415289941644e-01	  -3.4329007563917391e-01	  -1.9659462388032700e-01	  -2.1469470758760884e-01	   7.9762924199029320e-02	   7.2227235443357019e-02	   5.3954912771877028e-01	  -1.3376424112986816e-02	   9.2663529207536316e-02	  -6.8593750071181112e-02	  -6.9142885202454443e-02	  -1.2341151975394604e-01	  -1.6955401002333098e-01	  -1.2751270310334228e-01	  -1.1461081059426722e-02	  -2.3680000747699340e-02	  -1.9600776160415845e-01	  -1.4839176660578246e-02	   2.2587765220898987e-01	   8.7442127038159567e-02	  -1.7460425452609379e-02	   1.8686382167341413e-02	   6.3496659593123977e-02	
   9.6736246567607653e-01	   6.8643619462773153e-01	   6.9722779227407317e-01	   4.7661347888099975e-01	   1.9940403199806692e-01	   2.3821648700617543e-01	   8.4040074782566110e-01	   5.0642591425160788e-01	   1.7554705918845584e-01	   1.6438493799223505e-01	   1.5118242213661672e+00	   9.8910800564253920e-01	   0.0000000000000000e+00	   1.2702810793504196e+00	   5.2109686206805783e-01	   4.5261499450955600e-01	   9.8556214639221273e-01	   8.2277072554539932e-01	   8.2532717695255953e-01	   6.4377177775260175e-01	  -1.3045115542567626e-01	  -1.2736999469370622e-01	   7.5149247745147318e-01	   6.2050065758615647e-01	   3.2817732188569465e-01	   3.0085010500696796e-01	   2.8563260092463148e-02	  -2.1521475550552931e-02	   6.4763113012357176e-01	   8.7484734367467154e-01	   4.6172595092350205e-01	   3.8616494434374077e-01	   6.9077462599265338e-01	   6.3080233116307260e-01	   2.4391330074174711e-01	   2.0528723528181067e-01	  -1.3280473281855840e-01	  -2.1594061192065811e-01	  -1.5042248307362582e-01	  -4.8207702201640806e-02	   9.4018220813385261e-02	   1.6831756212490623e-01	   6.7809990479071613e-01	   7.5362109098546581e-01	   8.0735181948100965e-01	   8.5608440969651456e-01	   4.5830648615368053e-01	   5.2162443252308122e-01	   8.3150910568284586e-01	   7.6972954326391685e-01	   8.0467396847042227e-01	   6.4404388996329209e-01	   5.3242468307966073e-01	   4.4433125347729907e-01	   2.6068939280438769e-01	   4.1488996055131117e-01	   8.9780515245429626e-01	   7.0832535274248820e-01	   2.5806142133573801e-01	   1.5308628038561195e-01	   1.2716550897064949e+00	   7.3288075300061406e-01	   5.2183236959113399e-01	   5.5606052821140506e-01	   5.4192302662908842e-01	   3.6868056277212174e-01	   2.9241131936129527e-01	   3.1421032490893841e-01	   4.2657435958170503e-01	   4.1357605749701021e-01	   5.1459875868948901e-02	  -1.4370047575807507e-01	   3.7691979701962980e-01	   2.4561237583726808e-01	   2.6643393842204288e-01	   2.0824945197031841e-01	   3.1823092877711312e-01	   1.3195964289018058e-01	   7.4543124962425400e-01	   5.4073113389690763e-01	   7.3348873287101268e-01	   8.3294884925355850e-01	   6.0455344423024682e-01	   6.4288289114773656e-01	   6.8171167013677059e-01	   6.5640949939295223e-01	   2.1081361776464291e-01	   3.2845194148986395e-01	   2.6271150535670823e-01	   3.3617983073510266e-01	   7.3225643245613481e-02	   2.7299951146937407e-01	  -1.7002077117770342e-01	   1.1324444823719912e-01	  -3.5106112460679278e-01	  -8.7181359933978644e-02	  -1.4799762301910521e-01	   1.6971447592397679e-01	   1.2106573479063137e-01	   5.0363809146217675e-01	  -1.3066044785727893e-01	  -1.4677174672615420e-01	  -1.7030620376459862e-01	  -1.8115040246810210e-01	  -2.8735383858201891e-01	  -3.0460819387864119e-01	  -1.7097266437710515e-01	  -2.0947282976749007e-01	   9.6956608511295811e-02	  -2.2143763342777226e-01	   3.6383767990663070e-02	   2.4843453023349749e-01	   6.4199471173901498e-02	  -6.2366676464298006e-02	   1.0598896654149390e-01	   2.1740138246016336e-01	
