   0.0000000000000000e+00	   8.5700676532025177e-01	   2.9466265744740794e-01	   2.0737192710373520e-01	   1.4839215729482430e-01	   5.7810989423458289e-02	   4.5319204079499370e-01	   4.6266856241819621e-01	   6.4415705704877091e-02	  -3.0295451709433100e-02	   6.7914579895990579e-01	   4.7059237286505706e-01	   4.9363828473948679e-01	   3.7452482605108789e-01	   2.8132564004051275e-01	   6.2085137628674486e-02	   7.2541336027801195e-01	   4.5432480042081469e-01	   8.8077191748088834e-01	   6.2051376529676705e-01	  -1.1018740291874621e-01	  -2.6062385501095314e-01	   1.6444022353038026e-01	   1.7917619945965785e-01	   3.4759560269741285e-01	   2.6126677935606279e-01	   2.4282317766415962e-01	  -3.3301659505837189e-02	   5.1832374010506976e-01	   4.1102699741001136e-01	   1.0127498564471693e-01	   7.2854792067293145e-02	   5.3124463545674572e-01	   4.9598270048117576e-01	  -1.9480660394853081e-02	  -8.7508595124341393e-02	  -2.7599375783259272e-01	  -2.0634323179480787e-02	   6.0639425778174515e-02	   2.4985278042157277e-01	  -6.0884426812401318e-02	  -1.0332475226837018e-01	  -2.6081937143496315e-02	   1.0686015106955839e-03	  -5.9836150910666186e-02	  -9.0056463723756849e-02	   1.2375323446929588e-01	   6.5204521795723058e-02	   9.2767462010817425e-02	   3.6733679259981562e-02	   1.5410825940965120e-01	   1.2735306102176217e-01	   1.9784253839549584e-01	   2.1724128337736101e-01	   3.3205464908797011e-01	   3.3853796718072632e-01	   7.5741497540406566e-01	   6.4266597292665784e-01	   4.9997596141893169e-01	   3.5080838086157207e-01	   8.0590057923518676e-01	   4.8266206910311077e-01	   5.5504588605923078e-01	   6.3530093810536525e-01	   1.0617978681717551e-01	   2.3856496045593212e-01	   1.2683399225852560e-01	  -5.3848025149809747e-03	   5.9573919383725249e-01	   5.0423834987399097e-01	   1.0487854564476791e-01	   3.6025517611021643e-02	   7.2163276510043939e-01	   3.5943092208094507e-01	   5.4522518354476412e-01	   3.5924965925555691e-01	   5.0329711761479490e-01	   3.9474050831114355e-01	   4.4405993505099089e-01	   4.0118682840311254e-01	   2.9999972834338312e-01	   6.1737058075423756e-01	   3.2476610251235422e-01	   4.2547163426073509e-01	   4.0123302124650845e-01	   5.7264204765974636e-01	   2.8062785369779208e-01	   3.9461003240276876e-01	   4.4102894894524575e-01	   6.1312463881452128e-01	   6.0385451650907702e-02	   2.9139329447089946e-01	   2.7013927706883667e-01	   2.5718337329707897e-01	   5.6543283215307145e-03	   2.4267185504468127e-02	   2.3375764696418166e-01	   3.2961316091255122e-01	   2.4774271918487611e-01	   3.7552994747739482e-01	   3.4160300569179664e-01	   3.5383004702097365e-01	   2.6959165898761933e-01	   3.0736780845905304e-01	  -1.7797696913629080e-01	  -5.9971169229246210e-02	  -7.4579187677982120e-02	  -3.2321620945208726e-02	  -1.4758564064651633e-01	  -3.5447201953400773e-02	   2.5772412913190496e-01	   1.5286413722211006e-01	   2.5268434023069908e-01	   3.0512742349023331e-01	   1.6789077226781915e-01	   1.5757300896909943e-01	
   8.5700676532025177e-01	   0.0000000000000000e+00	   4.1323656763260291e-01	   3.3961435547692531e-01	   2.7720237157912153e-01	   2.6347873858805626e-01	   2.8845711232143645e-01	   5.2555739985227146e-01	   1.8251185198214517e-01	   7.5893905386813343e-02	   4.3658361310623206e-01	   6.4498344493536441e-01	   2.9329123512764610e-01	   4.7130005799641989e-01	   2.9229214013031818e-01	   2.2293275219968539e-01	   6.8020260987778070e-01	   8.8128301983187696e-01	   7.3431569167952127e-01	   7.1261764914959713e-01	  -6.7276446791617706e-02	  -8.4795760015089094e-02	   3.3760836711973830e-01	   3.6108166965936023e-01	   3.9745580732362618e-01	   4.0220126303469439e-01	   3.9606167819874710e-01	   1.3644780784197980e-01	   5.2745770589891483e-01	   6.7766319045132695e-01	   2.0327264859934080e-01	   1.9900876008131657e-01	   7.3929072271849683e-01	   7.9430452293374554e-01	   2.6280680963786462e-01	   1.9730871123060184e-01	  -2.2711864766359330e-01	  -2.7520170642840097e-01	   9.9106067570565851e-02	   2.5092807989297544e-01	   1.7162985679216126e-02	  -2.1090656854906184e-01	   1.8742535987997480e-01	   2.2729920283006458e-01	   2.4560793617286736e-01	   1.9497630758601309e-01	   3.3493805056577225e-01	   2.5817175358769129e-01	   3.0826341655257283e-01	   2.9364249689476762e-01	   4.7903410566842830e-01	   4.1228090783218851e-01	   3.5925020088447762e-01	   4.5087431263555716e-01	   3.7140168692349046e-01	   5.2385630951960849e-01	   1.1274626710012547e+00	   1.3774164148861221e+00	   4.9144550907913959e-01	   5.8949372454565541e-01	   5.6500802799454330e-01	   6.3544946696758242e-01	   5.8348282453072775e-01	   8.5679061993968753e-01	   2.9769337073833402e-01	   3.3488504962378635e-01	   3.1299244084925598e-01	   2.1526918407086565e-01	   6.1355574564966342e-01	   6.2606568121487105e-01	  -7.6460960282670118e-02	  -2.2176095435254475e-02	   5.5243745406735867e-01	   4.7021911684871853e-01	   4.3507995468373861e-01	   3.7222935847464911e-01	   3.1955263049614263e-01	   5.6221705868471838e-01	   6.6558188673534746e-01	   4.5728977172849306e-01	   3.5764009149419929e-01	   5.4975698743571322e-01	   2.1465088288133977e-01	   4.1617675142127591e-01	   5.0274305295953980e-01	   5.0065119923019308e-01	   1.2438286401734927e-01	   2.5855324301421057e-01	   4.0789941192817641e-01	   6.0473540410844329e-01	   2.7946155939434847e-01	   4.3842361222316634e-01	   4.0054685559078235e-01	   4.9057596168877060e-01	   1.7307813439801863e-02	  -9.0765270613932785e-03	   3.5400839009258189e-01	   3.9562175760504442e-01	   4.9907269367021689e-01	   4.7624641140891655e-01	   4.7416152033956238e-01	   6.4056293101424822e-01	   4.2311649782768623e-01	   4.8417452699288893e-01	  -9.5943454632435532e-02	   1.2746329642679771e-02	  -8.0383882035489226e-02	  -6.1309564905045306e-02	  -2.8641845927572673e-01	  -1.8313370166387821e-01	   3.5423756565747466e-01	   4.1384460403932516e-01	   5.0061570285407553e-01	   4.1349652133513060e-01	   2.4692493979898858e-01	   2.5743330487221261e-01	
   2.9466265744740794e-01	   4.1323656763260291e-01	   0.0000000000000000e+00	   4.1316449297138969e-01	   8.6676951301497618e-01	   4.5721036795809561e-01	   7.0402509264583313e-01	   2.2920982064017539e-01	   2.8254917078456754e-01	   1.9456766750832657e-01	   4.4540123453828345e-01	   1.7220832037508865e-01	   2.8377424743046153e-01	  -1.0113826462209123e-01	   5.3810869446305276e-01	   2.6435607336886990e-01	   3.1742284121739828e-01	   2.9883073726833048e-01	   5.8286995324937518e-01	   5.0768026889216433e-01	   2.2994766851422274e-01	   1.2074084536693958e-01	   1.1177948141152805e+00	   8.2147505622838612e-01	   6.4591630023765145e-01	   5.8885060650368592e-01	   5.4410166461760490e-01	   3.5597751603169542e-01	   3.6015597980243408e-01	   2.4065315719447355e-01	   8.2828598431341294e-01	   6.8065148555876898e-01	   5.1901128668112995e-01	   4.0859236704527724e-01	   4.2080098941949140e-01	   3.5926557707409684e-01	  -4.3308146253359092e-01	  -3.5581983092426328e-01	  -8.2359245992407112e-02	  -5.0865512783417909e-02	  -7.6584150630239850e-02	  -1.7965614310770697e-01	   4.1131516898888532e-01	   3.4558947407378310e-01	   4.5210062375496651e-01	   3.8889849096253987e-01	   4.1192401372502219e-01	   3.7062694825109771e-01	   3.1567254214359258e-01	   4.9581364241926962e-01	   4.0510816790939636e-01	   4.1720552587854315e-01	   3.5802702084389321e-01	   6.0140770943075428e-01	   2.5716605683508237e-01	   4.1618766861106282e-01	   4.7820954678032268e-01	   3.8301883145573673e-01	   1.7110725638074548e-01	   1.2242660537761962e-01	   1.4189487712343371e-01	   7.5624007977396809e-02	   2.3365035273721318e-01	   2.0952865966577683e-01	   4.5439113755405203e-01	   1.5987956704101000e-01	   3.3346838788109062e-01	   1.3009146569976024e-01	   6.1599188513551084e-01	   6.5370877405834260e-01	   2.1370172001256614e-03	  -9.2780994628185558e-03	   4.2249084472674869e-01	  -2.2177628074609546e-02	   3.7210950014426697e-01	   1.1743280751980477e-01	   8.5324276000215027e-02	   1.9920154919902430e-01	   3.0198582855757278e-01	   2.2500294190432729e-01	   2.2855080576030148e-01	   1.0693517967000445e-01	   2.9847601113274097e-01	   3.1175790120253766e-01	   3.8059613542755610e-01	   2.3242077723213000e-02	  -7.8495189173123828e-02	   2.2847467248852373e-02	   3.3357846268180513e-01	   4.1129062219207169e-01	   4.4309572123085073e-01	   5.9598251285324233e-01	   4.9683982210338190e-01	   7.6230926555731482e-01	  -1.3028604925428219e-02	  -2.7153564534048424e-01	   1.3015619158287159e-01	   6.6868763716265434e-02	   2.8598763424715801e-01	   3.2370901406244401e-01	   1.0010269486965429e-02	   5.3391684889841695e-01	  -1.2109384365072435e-02	   1.6483803658643559e-01	  -3.1581023979094479e-02	   4.8528992222315395e-02	  -1.9997897035767445e-01	  -2.3658851997001978e-01	  -1.8558395277631526e-01	   1.9812337084262944e-03	   2.6878750614933244e-01	   2.0390735828935508e-01	   4.0465596125639347e-01	   2.7557958642674402e-01	   3.6632604943150943e-01	   2.3741027348563060e-01	
   2.0737192710373520e-01	   3.3961435547692531e-01	   4.1316449297138969e-01	   0.0000000000000000e+00	   4.2073604504057249e-01	   5.6767923547447219e-01	   6.3889284927792045e-01	   9.0001566883790818e-01	   3.6089152172656869e-01	   1.6603793064768735e-01	  -1.6855034660673014e-02	   2.5056764636274076e-01	   2.3444342341658642e-01	   1.1824626419761905e-01	   4.6217166738390637e-02	   2.5766591430222213e-01	   4.5850562829586189e-02	  -1.1296444496957486e-01	   4.0383065130214463e-01	   6.9353807472100826e-01	  -5.1880031942083960e-02	  -6.7324538323796770e-02	   2.3956857804147219e-01	   8.6351002248530795e-01	   1.4813034544402026e-01	   4.7402996804664077e-01	   3.1464251549347189e-01	   6.5782476131671797e-01	  -2.4250459092366606e-02	   1.4236822644721842e-01	   2.2138291555658399e-01	   3.8161564255998881e-01	   3.2331006563011938e-01	   5.2971467159791885e-01	   2.3574985454082245e-01	   4.5023115916144263e-01	  -1.9724806853481847e-01	  -1.9794165550640508e-01	   1.3176831310217563e-01	   2.6435484313858071e-01	  -2.1527872609061127e-01	  -1.5723655959419680e-01	   1.2348003557165052e-01	   2.9820858255102317e-01	   1.8442336055052433e-01	   3.1353226157502623e-01	   1.6530638321386476e-01	   1.3881434527722647e-01	   1.5212359514167945e-01	   2.5303643346645249e-01	   4.4167466484730145e-01	   4.6653073301404863e-01	   3.1488580819625644e-01	   3.0642477973547838e-01	   2.3138168408904938e-01	   2.4725764452056012e-01	   1.3873883975377818e-01	   1.4128946980435253e-01	   3.9738691417202832e-01	   5.3488771684073622e-01	   3.1313165948791183e-01	   6.6363871102910066e-01	   2.0115345504606013e-02	   1.1482717936132551e-01	   3.4142006417740373e-01	   1.0156958425786988e+00	   6.4438779459296192e-01	   8.2215717722125548e-01	   5.7461698546831363e-01	   4.8805788024774449e-01	  -9.1231880828792605e-02	   1.6328257625310011e-01	   3.5221103887994504e-01	   2.2243510915407086e-01	   2.8114202132992039e-01	   1.7997856509961124e-01	   6.7878547253041280e-02	   2.8804263271367758e-01	   5.3487930385640460e-02	  -1.2295874085091792e-01	   3.8970022347517931e-02	   7.7606136621761287e-02	  -7.5094836539670154e-02	   3.3935108507033268e-01	   2.8403409306305938e-01	   6.0971823472466624e-01	  -9.7481037567786324e-02	   2.2976936308996984e-01	   6.5799521449058562e-01	   6.8320516764651618e-01	   2.6014425717261069e-01	   1.3157655238752886e-01	   6.7285076138018163e-01	   3.0856355250544576e-01	  -1.0577849681139306e-01	   1.7033322514217961e-01	  -1.0323062139480887e-01	   2.7490175993936750e-01	   2.8301015879110061e-02	  -3.4040341481971277e-02	   4.1326933918274572e-01	   4.6127863295416976e-01	   3.0838112973122517e-01	   2.8965698763222314e-01	   1.1402831282324621e-01	  -8.8774254745764863e-02	  -4.2101142154843382e-02	  -1.6471919287815084e-01	  -3.2472599297388849e-01	  -1.6400076934201308e-01	   5.3387935023338370e-02	  -1.1813789219166108e-03	   2.3941963995681925e-01	   6.4592393688017169e-02	   5.9624399673582196e-01	   3.4734582124905644e-01	
   1.4839215729482430e-01	   2.7720237157912153e-01	   8.6676951301497618e-01	   4.2073604504057249e-01	   0.0000000000000000e+00	   7.8778453182267094e-01	   2.9485398686199604e-01	   1.5335902078811703e-01	   5.9193790337229391e-01	   4.9121803786573393e-01	   3.5007584030102551e-01	   2.8292376463109281e-01	   4.0873255092330812e-01	   1.5357861072756254e-01	   8.3402789290600032e-01	   5.3756376211688095e-01	   1.4927946151090871e-01	   2.1365230323498496e-01	   3.7321697179684943e-01	   4.0753646477435423e-01	   1.9990211383665801e-01	   1.5137845811070350e-01	   7.8764410821834696e-01	   8.1221804557799582e-01	   7.0878602114353495e-01	   7.0813749256855796e-01	   6.8756962716748460e-01	   5.8400545787281954e-01	   1.8636129948211574e-01	   2.6738454363591468e-01	   5.5993010940665600e-01	   4.0074612063268467e-01	   3.0934066766376200e-01	   1.9955851752094392e-01	   6.2451721852166442e-01	   4.6371534130495573e-01	  -2.9551600255205218e-01	  -3.2940436397912187e-01	  -2.0819268935134701e-02	   4.4903017051024556e-02	  -3.1458252361523484e-02	  -2.4942092703691826e-02	   3.0373449495003990e-01	   2.5179278865530957e-01	   4.1654008200039500e-01	   3.4968573742660775e-01	   2.7449109009511041e-01	   2.3305187019205337e-01	   1.8334799992160625e-01	   4.4809558563072388e-01	   4.1637696833249216e-01	   3.5320282875292824e-01	   5.0878025445944730e-01	   6.5691622430360563e-01	   1.9080744009159611e-01	   2.5636997830522718e-01	   3.8181165951415386e-01	   2.7491646115051593e-01	  -7.9631907272210180e-03	   2.4390125635146909e-02	  -4.8442429644891524e-02	   5.4983101125905931e-02	   3.0444133189208528e-01	   1.6095929697694200e-01	   3.7487248617299052e-01	   2.4289717352629719e-01	   1.3450278287667070e-01	   4.9160012385413523e-02	   5.4944835583186902e-01	   5.1479784007973850e-01	  -1.0490712890315203e-02	   1.6594957524072598e-02	   2.4943647072579361e-01	   1.0926271784940665e-01	   3.2889475798372031e-01	   2.9371550819478875e-01	  -2.0128212988054065e-02	   4.3100804276686208e-02	   2.2046039125843109e-01	   2.4000854160350887e-01	   2.9778402181882996e-01	   2.0969804610345916e-01	   3.0619651786256274e-01	   4.0018645131022090e-01	   2.3659021642044081e-01	  -3.8678206575625283e-02	  -3.0755952668166841e-02	   1.5663027357317141e-02	   2.6986306078055272e-01	   3.9520698702308610e-01	   2.8271274506943633e-01	   3.0455162973578453e-01	   4.7919097793688359e-01	   4.6796723542367236e-01	  -4.5545134644381972e-02	  -1.4050438994485101e-01	   6.9763295703758069e-02	   9.8476963799668624e-02	   1.5294639776611338e-01	   1.8109330830280776e-01	   5.9782435913658368e-03	   3.1380561347118896e-01	   2.8160774193613885e-02	   1.0624564042864247e-01	   1.6632523112294947e-02	  -5.6437460843765195e-03	  -7.8207528335485263e-02	  -1.4831908275354902e-01	  -2.5692053280693572e-01	  -6.7071835883981426e-02	   1.8854403090019339e-01	   2.8953152925528824e-01	   4.7473651303440767e-01	   3.8473259842101298e-01	   5.1437726090873381e-01	   4.3276840945497475e-01	
   5.7810989423458289e-02	   2.6347873858805626e-01	   4.5721036795809561e-01	   5.6767923547447219e-01	   7.8778453182267094e-01	   0.0000000000000000e+00	   2.3353437862238052e-01	   2.2436832927498251e-01	   3.1784292242814249e-01	   6.8770280689982077e-01	   1.1267413716928772e-01	   2.0841375476507332e-01	   2.2388037662877402e-01	   2.0059213375285063e-02	   6.3358296058692332e-01	   7.2444917884369697e-01	   2.0513007877889103e-01	   1.8918943085915269e-01	   1.5883761903808480e-01	   3.4959675771901971e-01	   2.3615917811299078e-01	   4.2330952761331220e-01	   4.6891783034100831e-01	   7.0173399664454583e-01	   3.4634791974212564e-01	   4.4961365531505987e-01	   4.2142997135575078e-01	   8.9237902164678717e-01	   6.2038844996581771e-02	   1.9455262999040096e-01	   2.6762871683537448e-01	   3.0727490001529700e-01	   2.4877377150053789e-01	   2.6095860766154405e-01	   5.6558629491992773e-01	   5.7152257788465854e-01	  -4.5938488026359144e-02	  -4.8641133455699530e-02	   1.3073455272312920e-01	   3.1985521607337730e-01	   3.0488121288713810e-02	   2.6540477353167207e-02	   2.3091009982326965e-01	   2.7132152960838235e-01	   4.0892939369993397e-01	   4.2857035014549955e-01	   3.1568111542652449e-01	   2.3267696558315382e-01	   1.8154245976965191e-01	   4.3541346149613952e-01	   5.2130690365969001e-01	   3.9148237926819973e-01	   4.4398887452435731e-01	   5.5012080899466487e-01	   2.5824544892545009e-01	   3.1222417281862636e-01	   3.6302214115176501e-01	   2.8852759823580681e-01	  -7.2031282037442898e-02	   5.7267898887004627e-02	  -5.6371160510375280e-02	   1.7595093822885202e-01	   2.2078540672470498e-01	   2.2253698401678298e-01	   3.2592755761574693e-01	   3.9079226423793084e-01	   2.6376092180482980e-01	   2.7261283651640633e-01	   3.3752473652755460e-01	   4.0433877639870053e-01	  -9.4592406395687403e-02	  -1.6792155384927249e-02	   1.2809907934983167e-01	   1.2618698897281586e-01	   2.4237764454184088e-01	   2.1347165108240315e-01	  -1.2745939904052014e-01	   1.4573659439726855e-01	   3.1310628683915953e-01	   2.2337950920095664e-01	   2.8630008322821487e-01	   1.3348365661726386e-01	   2.2114215699319884e-01	   4.3103313048502584e-01	   2.2662772329363798e-01	   1.3289312288952046e-01	  -6.7973445431430690e-02	   9.6379176684502313e-02	   3.3083629977405643e-01	   3.8224464978410860e-01	   3.0375720818488683e-01	   2.7721180344921120e-01	   4.3294474203020056e-01	   4.1238274674170250e-01	   8.5840932348638672e-03	   2.1711005143378363e-02	   1.7009511370818703e-01	   1.8255319765418448e-01	   2.3797407320876945e-01	   1.8280112327341769e-01	   1.5606574981535032e-02	   3.5991056486696288e-01	   1.4868778485533663e-02	   2.4967266610135599e-01	   1.9003762518465256e-01	   6.8173649185852975e-02	  -8.7887095715278432e-02	  -9.0485410551985321e-02	  -2.6413255276026087e-01	   2.4996175131547575e-04	   1.8830410526883037e-01	   2.3371291734599703e-01	   5.2317274678131009e-01	   2.5703732808486535e-01	   4.3613801322607954e-01	   3.4568322830093273e-01	
   4.5319204079499370e-01	   2.8845711232143645e-01	   7.0402509264583313e-01	   6.3889284927792045e-01	   2.9485398686199604e-01	   2.3353437862238052e-01	   0.0000000000000000e+00	   7.4526068051411942e-01	   2.8460168026223370e-01	   7.8567747542154245e-02	   2.0666800695076992e-01	   8.0779449321303237e-02	   2.1123678344914468e-01	  -1.1077587365794184e-01	   7.0006268586000814e-02	   2.7488741125760035e-02	   2.3649791136014750e-01	   9.3959384976451288e-02	   5.2681748684171670e-01	   5.1175502726898836e-01	  -1.1892716053198990e-01	  -2.7133226255131010e-01	   2.9056364263354789e-01	   4.3387137363078637e-01	   1.6522679684137845e-01	   1.6175446535266291e-01	   2.5772872083783904e-01	   1.8462712426083513e-01	   2.5445949383624744e-01	   1.2588641864619038e-01	   2.9146153040334821e-01	   3.5897299964293888e-01	   3.5276902544811556e-01	   4.2711843698231222e-01	  -1.5521681196519663e-01	   5.2416184133487378e-02	  -4.4439810537413005e-01	  -1.8864350230579799e-01	  -5.3608370396860255e-02	  -7.3538276375828882e-02	  -2.3192763893637963e-01	  -2.0576806252132118e-01	   7.1577708788891053e-02	   1.9457419606822696e-01	  -5.1708585033813925e-02	   7.6840766048455633e-02	   1.3473590832681948e-01	   8.0546294718400108e-02	   1.9718902978787249e-02	   4.3812230664052772e-02	   1.3183500198268647e-01	   1.3451613849643140e-01	   2.0608084227837697e-01	   2.3762664714619802e-01	   2.0892076347388736e-01	   1.9474509045277788e-01	   1.4007986317730042e-01	   1.0231486148686617e-01	   4.5148846966221340e-01	   3.0918712810159638e-01	   7.5887204882116333e-01	   4.5481605743058307e-01	  -3.9737500619274536e-02	   1.5290241501820781e-01	   8.9759830266305685e-02	   2.7529977303251030e-01	   4.2035239666444024e-01	   3.1667296660214328e-01	   5.0214360142413739e-01	   4.2756941530031634e-01	  -2.7726964005790944e-02	   3.2894065004747855e-02	   4.9709670880852574e-01	   5.5213492094269824e-02	   2.3845338890271042e-01	   3.7544314387032360e-02	   1.3751603355360226e-01	   3.3291427404204910e-01	   9.6565056507558492e-02	   3.6989095415479296e-02	  -9.1535386410210348e-02	   1.0576687915527672e-01	  -1.4437281137155080e-02	   4.8069448092626768e-02	   2.1342779774063675e-01	   4.0740918600431791e-01	  -1.2457737879355010e-01	   3.6185821015563530e-02	   7.8291395656611829e-01	   5.7407850275565286e-01	   2.7962770212554844e-01	   3.7523431237791227e-01	   5.1295405348874490e-01	   4.8911412877188232e-01	   9.4154097451213961e-02	   8.3277249487788113e-02	  -8.4899666231435966e-02	   5.8567288315245422e-02	   5.6888893383849381e-03	   7.3251362944970113e-03	   1.7697407323205785e-01	   4.2406593514223884e-01	   5.9217129758706404e-02	   1.3300898226683847e-01	  -5.4140503549418559e-02	  -1.2561308445400146e-01	  -1.1535616796451892e-01	  -1.8196819209921289e-01	  -5.5739250593502009e-02	   3.1304536128046880e-02	   7.5521128285291556e-03	  -1.4338759220970465e-02	   1.5368869298742671e-01	   1.5812152419722705e-01	   3.4579177570368047e-01	   5.6072746244837504e-02	
   4.6266856241819621e-01	   5.2555739985227146e-01	   2.2920982064017539e-01	   9.0001566883790818e-01	   1.5335902078811703e-01	   2.2436832927498251e-01	   7.4526068051411942e-01	   0.0000000000000000e+00	   3.7369572361716635e-01	   3.0751084805123410e-02	   1.2303834837241541e-01	   4.9039192582287650e-01	   1.6477539011745740e-01	   1.8563508789263905e-01	   5.2704241222412872e-02	   2.5133589026345882e-01	   3.0433982400919302e-01	   2.1667653637076156e-01	   5.2990426858426265e-01	   6.5437808319525304e-01	  -4.3421321227409843e-01	  -4.5440041547919252e-01	  -2.2581710267067963e-02	   3.8621143738119285e-01	  -7.7731046405142473e-02	   1.1993860369298882e-01	   1.8625470754553139e-01	   2.0108965777570836e-01	   2.7828987328493987e-01	   4.4901258441417158e-01	  -7.5436947746338788e-03	   1.5393010676688076e-01	   3.2956642875053016e-01	   6.6263120066263292e-01	  -8.1672897460727784e-02	   1.0613903655421787e-01	  -2.9348053730393447e-01	  -3.0924815254589211e-01	   1.9562366960875965e-01	   1.4401501438776157e-01	  -2.5826404645683260e-01	  -2.2258688866492304e-01	   6.5943995246119949e-02	   2.8595152280156444e-01	   8.1263326871860748e-04	   2.0448728554644691e-01	   1.6647791608979828e-01	   1.3848308948758009e-01	   7.7136020497993882e-02	   1.2835088744952630e-01	   1.9389771881916137e-01	   2.2036796861417815e-01	   3.4642611905267456e-01	   2.1746721195134683e-01	   3.6916549346110128e-01	   3.1246528945966223e-01	   1.8628236103615642e-01	   2.2806605466763222e-01	   3.9603169640920499e-01	   5.2215949463340261e-01	   6.2467302116779488e-01	   1.1094148482549759e+00	   1.2756544916354354e-01	   4.3598367366458696e-01	  -5.8198569270144648e-02	   5.2240170409895192e-01	   2.7229579251366520e-01	   4.5947534105124016e-01	   3.9499108922083209e-01	   2.7827426800247890e-01	  -1.0622520378130970e-01	  -1.4255140290591155e-02	   3.7115829728620026e-01	   2.2113265842794153e-01	   9.0862627987200933e-02	   7.5403290314661031e-02	   1.8555903309358365e-01	   2.3285406889548271e-01	   2.6803860117014100e-01	   1.3176549024679479e-01	   1.9672850115009265e-02	   1.2578513360036292e-01	  -1.0284929538716567e-01	   2.4812655651943721e-01	   6.2090910733497283e-02	   5.3534677683805854e-01	  -4.2450122325999678e-02	   1.1439822781792620e-01	   6.9403416780182725e-01	   7.0264348842605751e-01	   6.6289889806946695e-02	   8.3220631144390100e-02	   4.9797444224341220e-01	   1.5008981622921314e-01	  -2.4601008282612309e-02	   2.7119111680432317e-01	  -4.0647424149714922e-02	   3.8723550287699993e-01	   1.0215575082434535e-01	   5.3767665238386261e-02	   4.6506030728439052e-01	   2.4962571183347965e-01	   1.8523658050965547e-01	   1.1608802332324634e-01	  -2.3146006379274053e-01	  -3.1394000330570176e-01	  -2.0843874801624054e-02	  -1.0303600455568261e-01	  -1.3969008171327860e-01	  -1.5317938726273483e-01	   2.5693244539726184e-02	   8.1400280923584589e-02	   2.6554416110966583e-01	   1.9713415390516320e-01	   5.1686019778684567e-01	   1.1929525100414672e-01	
   6.4415705704877091e-02	   1.8251185198214517e-01	   2.8254917078456754e-01	   3.6089152172656869e-01	   5.9193790337229391e-01	   3.1784292242814249e-01	   2.8460168026223370e-01	   3.7369572361716635e-01	   0.0000000000000000e+00	   7.5648056286795118e-01	  -1.1246182449657349e-01	   1.4433343308144833e-03	   2.6492795354992386e-02	   1.5876478709483594e-01	   4.7346286632048334e-01	   4.6977710109199355e-01	  -1.1477758786271466e-01	   3.8893756605066193e-02	   1.6930897265681197e-01	   2.5150304826082764e-01	  -1.0988510427804640e-01	  -1.7199670294083630e-01	  -4.6440855019366803e-02	   1.2299597195060560e-01	   1.3645839422262714e-02	   2.0529955410413986e-01	   4.5518785700470055e-01	   2.6918553938931833e-01	  -4.3556262038899118e-02	   2.2089525604107502e-02	  -2.0395016792409893e-02	  -6.8456368378944213e-02	  -5.2161019237223875e-02	   9.4839843949927373e-03	  -1.6568463939693776e-02	   8.2766891645654858e-02	  -1.6031175366433412e-01	  -1.5664854717481355e-01	   7.1298629188100010e-02	   3.7966352907183518e-02	  -3.0641188500627003e-01	  -1.4145983048457961e-01	   2.0056715292811619e-01	   2.3252755426772403e-01	   2.9345636947646298e-03	   1.2719294876679499e-01	   1.5916880733160774e-01	   1.8483345875529758e-01	   1.0750427513213745e-01	   1.9344892320097223e-01	   1.1689050917074217e-01	   8.0373632693703206e-02	   3.7037788945744171e-01	   3.1425455641236022e-01	   2.8335399670251937e-01	   2.6440120682783386e-01	   1.0079452374066437e-01	   1.1077456702069290e-01	   1.5910919054321448e-01	   2.2427794551235863e-01	   1.2034687969362680e-01	   2.3183242685477348e-01	  -1.5184245680092995e-01	  -3.0564691547551780e-02	  -1.9022651645700583e-01	   2.4101189982657556e-01	  -2.8190305224122083e-03	   5.4683995053487783e-02	   2.6735892469274924e-01	   2.0518536845072999e-01	   1.1776607310965309e-01	   1.5989133148623577e-01	   1.6420312950919647e-01	   2.1031622497795271e-01	   7.6072446929223922e-02	   1.5400327302096328e-01	  -3.0758035636221287e-02	   1.4587111057427033e-02	  -6.9844123803292246e-02	   2.4824628647896869e-02	  -1.8979676669212370e-01	  -3.9048194540203758e-02	  -1.6228384844391916e-02	   1.0634044061880772e-01	  -1.6029232536021587e-01	   1.4740792181865517e-01	   2.9401740676955738e-03	   9.2690726963602629e-02	   5.6893318870222753e-01	   5.1650453224624393e-01	   1.8200292288440628e-01	   1.9352963129429390e-01	   5.0010712220677700e-01	   2.6472438177165514e-01	  -2.8828611079289146e-01	  -1.6293860129238696e-01	  -1.3921241944046786e-01	   1.3520432055950696e-01	   9.9747962669602772e-02	   1.9223411802182191e-01	   2.6900797315921032e-01	   1.2792351848760977e-01	   8.9048597467718316e-02	  -2.2022771004837165e-02	  -1.4620338611502739e-02	  -5.8154985381338370e-02	   1.4101333023654872e-01	   3.0996785060366940e-02	  -3.6341612438640936e-01	  -3.0894456236707968e-01	  -4.1171294752109337e-02	   1.3667778652370022e-01	   3.0907775602287108e-01	   2.5832816983985346e-01	   3.4048312388393659e-01	   1.7359755437516508e-01	
  -3.0295451709433100e-02	   7.5893905386813343e-02	   1.9456766750832657e-01	   1.6603793064768735e-01	   4.9121803786573393e-01	   6.8770280689982077e-01	   7.8567747542154245e-02	   3.0751084805123410e-02	   7.5648056286795118e-01	   0.0000000000000000e+00	  -1.2765377976720621e-01	  -1.0110975456221361e-01	  -1.1196820147021946e-01	  -7.0157464422163224e-02	   4.6034900766724629e-01	   7.2374824988423403e-01	   6.6451543572394970e-03	   9.2317339736710760e-02	  -2.6604206748910515e-02	   8.6207142391259567e-02	   9.6057242241761279e-02	   2.6722439290303968e-01	  -3.6911032353717933e-02	   4.0863052177070813e-02	   2.1253309398012024e-02	   2.0040510677093887e-01	   2.3815161160298415e-01	   2.6248277336270592e-01	  -1.0454733945946595e-01	  -9.3299324735091449e-02	  -1.0002827698594262e-01	  -1.7255091157058469e-01	  -1.7467523483071973e-01	  -2.0710718420794974e-01	   8.8745651026395145e-02	   8.1392545394443988e-02	  -4.0973886315322866e-02	   5.4597376501381800e-02	   6.5692163320052829e-02	   1.3765261663038669e-01	  -8.2261845112764062e-02	  -3.2017622277759825e-02	   1.5845447786779893e-01	   2.2871252047383220e-01	   1.2716564900509231e-01	   1.3609649600086579e-01	   2.1075773152406421e-01	   1.7215535196679493e-01	   1.1528715795166861e-01	   1.9194114625476744e-01	   2.1798874979252095e-01	   8.9687556660628137e-02	   2.8633518649312428e-01	   3.0155505844947106e-01	   1.7789965124332474e-01	   1.2069410921323982e-01	   1.4596905860228529e-01	   1.4195779713617301e-01	  -6.3205826509096702e-02	   5.2554834125422684e-04	  -2.0060555176118769e-01	  -8.8074119739974047e-02	  -9.1857894907376655e-02	  -2.7705321104229942e-02	  -1.7245388680212589e-01	   8.3783738200299829e-02	  -1.4269947676728831e-02	   7.0499910403176171e-04	   7.9966642559909665e-02	   1.2015018180892055e-01	  -3.7078476002306254e-03	   4.0112697708784784e-02	  -8.0013152501089174e-02	   1.6009752825054066e-01	   3.7462968969550009e-02	   1.8813333261535603e-01	  -1.4054770479734366e-01	   3.0702043988671695e-02	   8.6679626881381158e-02	   1.2259862264078536e-01	  -6.0855848339049119e-02	  -8.7555040800626857e-02	  -5.0770712364773304e-02	   9.3664873573051269e-02	  -2.1766794616127561e-01	   1.0898713984857072e-02	  -1.7008241127874518e-01	  -1.1023056272667165e-02	   3.3376718397157329e-01	   2.6464402990405195e-01	   2.2126519044900675e-01	   1.8516530464635134e-01	   3.6039007012226260e-01	   2.4782559075726665e-01	  -1.5774426220423360e-01	  -1.4426598028050658e-01	   1.0060386951053657e-01	  -3.4438166539781418e-03	   1.3630940412570125e-01	   9.0308554769746516e-02	  -2.4019654804816967e-04	   1.5241669066351649e-01	  -2.0351312939266442e-02	   7.7904276273920089e-02	   2.3180822153093811e-01	   1.1847121655120686e-01	   6.5080369103519067e-02	  -2.5987195165108865e-02	  -2.1838059145574382e-01	  -9.8907063883467497e-02	   4.9882160394062444e-02	   1.2429931489867627e-01	   3.7574961438963961e-01	   2.6041778593056608e-01	   2.0945212366934712e-01	   1.9608381978520087e-01	
   6.7914579895990579e-01	   4.3658361310623206e-01	   4.4540123453828345e-01	  -1.6855034660673014e-02	   3.5007584030102551e-01	   1.1267413716928772e-01	   2.0666800695076992e-01	   1.2303834837241541e-01	  -1.1246182449657349e-01	  -1.2765377976720621e-01	   0.0000000000000000e+00	   7.4652399376878176e-01	   7.5499658813014980e-01	   3.2937669260616781e-01	   5.2144822780253186e-01	   1.7358222016840846e-01	   7.5939286399161010e-01	   5.3802606692913701e-01	   8.2653984966528937e-01	   5.5039361390164676e-01	  -3.3659967081972532e-02	  -8.0312771152480228e-02	   6.4654627554322552e-01	   3.7503438499464814e-01	   6.1224345221128518e-01	   3.0729609422876708e-01	   1.5147302257898995e-01	  -9.1716904542367167e-02	   7.5050383474700477e-01	   5.9133440381072389e-01	   3.8411396380248258e-01	   2.4480643163914434e-01	   5.9770132277417909e-01	   4.3934611301952831e-01	   3.4189305680168058e-01	   4.7263100460007375e-02	  -5.1656771108775157e-01	  -2.8053798553653420e-01	  -2.6103399944147754e-01	   1.2316444611303773e-02	   1.9097059224365737e-01	   1.2229171415700618e-01	   1.3187676114694336e-01	   9.3116115734759197e-02	   2.1471412159017247e-01	   9.8560234809994193e-02	   1.8406319805686339e-01	   1.4031682018598182e-01	   5.1413072819951625e-02	   1.7830100734778806e-01	   1.9907821754549335e-01	   1.0953577576424807e-01	   3.8761897073984275e-01	   3.4947344810067721e-01	   2.1509757718563338e-01	   1.8711858751899413e-01	   4.5119412695045180e-01	   4.1456828149648750e-01	  -1.2485111060869178e-02	  -1.2306342469357116e-01	   2.6064525300682218e-01	   1.5750014619220251e-01	   8.4880486906255548e-01	   6.9669834726315938e-01	   3.9203310052028761e-01	  -1.2707209116312346e-01	   1.4139469228610747e-02	  -2.1762534529752942e-01	   4.9606234942728811e-01	   3.2590699218315283e-01	   1.0232314041818125e-01	   1.1427437524451764e-01	   6.1580098322924304e-01	   3.1743458851479145e-01	   7.5396331264890215e-01	   5.2660759743668706e-01	   5.1174205556990615e-01	   1.4865603763087570e-01	   7.7527653428483223e-01	   5.6618080421799233e-01	   8.8955380584113475e-01	   5.4703177848043494e-01	   3.7626403318253854e-01	   4.1150215439686422e-01	   5.1250219860157986e-01	  -3.4938310671404155e-02	   4.6870044348903996e-02	  -5.0196057669589407e-02	   1.2161117189214620e-02	   1.6750128163971606e-01	  -1.4132735381101280e-01	   4.3590753585192640e-02	  -4.7187188153248516e-02	   7.0208447999427423e-02	   5.1438558286085158e-02	  -5.6303993182382765e-02	   1.4166069803985984e-01	   1.7240618901990479e-01	   1.4111970176604788e-01	   1.9923767217059424e-01	  -1.8175933993659987e-01	  -4.4559164353951582e-02	  -6.6414881059421269e-02	  -1.1653518921554008e-02	  -3.6448152895310865e-01	  -2.0453540204822476e-01	  -1.7523538234456482e-01	  -2.7048266439076435e-01	  -1.6299564556748944e-01	  -6.1239513100362221e-02	   1.6191255904722884e-01	   9.7826856602804269e-02	   1.5596700238017258e-01	   2.7518542166058241e-01	   2.8353463961182912e-01	   1.1652694046465015e-01	
   4.7059237286505706e-01	   6.4498344493536441e-01	   1.7220832037508865e-01	   2.5056764636274076e-01	   2.8292376463109281e-01	   2.0841375476507332e-01	   8.0779449321303237e-02	   4.9039192582287650e-01	   1.4433343308144833e-03	  -1.0110975456221361e-01	   7.4652399376878176e-01	   0.0000000000000000e+00	   5.6708268923996319e-01	   7.1206246273697782e-01	   3.6511324941018497e-01	   4.5232054624363360e-01	   5.6913252387652302e-01	   5.4540466060267967e-01	   6.1835097329314859e-01	   7.1593970623868175e-01	  -2.2990083625187283e-01	  -1.9627837810122348e-01	   3.6145905704586512e-01	   4.3763177409246434e-01	   2.5070310854097799e-01	   2.1512103841395666e-01	   1.6532038953393965e-01	   7.2912466003168641e-02	   6.6033012255356049e-01	   1.1250967274953343e+00	   1.7331967687228880e-01	   1.5619688296830680e-01	   5.0792090133316736e-01	   5.6966240234482757e-01	   3.1022294438535664e-01	   1.2634903164612388e-01	  -3.3011443305465349e-01	  -4.1789027279695501e-01	  -4.5279031575137192e-02	   1.2739364182931348e-01	   2.7667063981976298e-01	   1.5366058638637972e-01	   1.3315601536600543e-02	   2.1376528055542593e-01	   1.5512388463977361e-01	   1.8287518823495211e-01	   1.2315631113092537e-01	   8.1674743738726019e-02	   1.2179660133611620e-02	   2.1256813342760608e-01	   2.0724715768031979e-01	   2.0047279157947576e-01	   3.8891521803685669e-01	   3.1016377892616193e-01	   1.5364302475798605e-01	   1.2546948573292210e-01	   4.0667379527821967e-01	   4.1954106138432434e-01	   2.8080781140790673e-02	   1.1264796412500273e-01	   2.3856902630794483e-01	   5.4479421500789038e-01	   7.5454767688360347e-01	   8.0873298311382125e-01	   2.5575361012660613e-01	   8.1102469933188689e-02	   3.1098868683749573e-02	   1.6458276256289359e-02	   4.2143546679767796e-01	   2.5976427821242187e-01	  -1.5542787730836827e-01	  -3.8797210991039541e-02	   3.2001468963362628e-01	   4.2514670412213934e-01	   3.9032570848195397e-01	   3.3299957638994410e-01	   2.3373528010234704e-01	   1.2525531105458654e-01	   7.2350951989567613e-01	   4.1804635528367085e-01	   7.4883858661408120e-01	   5.2957894828874486e-01	   1.1108251666688199e-01	   4.2549767139642308e-01	   2.9475274691049363e-01	   7.5002189160428029e-02	  -1.1227627244491031e-01	  -1.6341261869211882e-01	   7.7028052963361945e-02	   2.1352390998647777e-01	  -9.9286865730042459e-02	  -3.0199622880109762e-02	   8.6713415525253718e-02	   8.1342193481580127e-03	   1.5538897125746282e-01	   2.8682459218762713e-01	   1.9358344831899649e-01	   2.7139711888510348e-01	   1.4426317798868130e-01	   7.8270914202798664e-02	   1.1800977504900095e-01	   4.8181699305119119e-02	   1.9664279920825425e-01	   1.8103012889739714e-01	  -3.3692389113212606e-01	  -2.1751380327783879e-01	  -3.2991558874517546e-02	   9.5250638584046306e-03	  -1.6012705254014906e-01	  -1.5199213687419805e-01	   2.0318743301954617e-01	   2.8108795840444450e-01	   2.7922836607458240e-01	   2.6752854854275976e-01	   3.8702176477740546e-01	   2.1932950627402864e-01	
   4.9363828473948679e-01	   2.9329123512764610e-01	   2.8377424743046153e-01	   2.3444342341658642e-01	   4.0873255092330812e-01	   2.2388037662877402e-01	   2.1123678344914468e-01	   1.6477539011745740e-01	   2.6492795354992386e-02	  -1.1196820147021946e-01	   7.5499658813014980e-01	   5.6708268923996319e-01	   0.0000000000000000e+00	   5.9434538829017136e-01	   4.0613579307363101e-01	   1.5851469080998157e-01	   2.6761826035761799e-01	   1.2385743264618793e-01	   3.5702239885409703e-01	   3.0760879252011303e-01	  -1.6937757602295538e-02	  -5.9850621648976053e-02	   4.9153848210179685e-01	   5.2030274752157257e-01	   4.8358642564062637e-01	   3.9396610510967522e-01	   1.7256207902651602e-01	   1.8020081337472516e-01	   4.2809274246139367e-01	   4.4849795765522432e-01	   3.1060424114332758e-01	   2.3011048484136681e-01	   2.8155445357632242e-01	   2.5227578996475064e-01	   2.7769620167287573e-01	   1.3341071714800559e-01	  -2.9249628661875332e-01	  -1.0252020510658975e-01	  -1.6428904804782107e-01	   1.2186688273808565e-02	   2.4883331531135494e-01	   1.6736625915289710e-01	  -1.1801839391081691e-01	  -1.4178696882355293e-01	  -5.3898579270304080e-02	  -1.2190393300209458e-01	  -8.9042792555233813e-02	  -1.5347413321675360e-01	  -1.8795783301313027e-01	  -6.2262598430705383e-02	   1.5024605851890965e-01	   1.4008958426267383e-02	   2.8977200859932850e-01	   1.6215980899356905e-01	   7.2202863534918255e-02	  -6.6489084206138319e-02	   2.9249536534382903e-01	   2.1521927628702661e-01	   2.4896022883746376e-03	  -1.6470993572053091e-01	   3.0464488988975591e-01	   2.6219790986367852e-01	   4.4814703871577938e-01	   3.0023273094498765e-01	   4.4054549741595872e-01	   2.3675657515490556e-01	   1.1326626082140217e-03	  -1.5455723446606864e-01	   5.6116018481675756e-01	   3.1967194451835768e-01	   9.2655157446875705e-02	   1.0090493257033517e-01	   5.5933496990292608e-01	   3.4277040589555330e-01	   6.5400318411645186e-01	   4.9631537815093735e-01	   3.0539847680275717e-01	   1.6241200591637400e-01	   2.6971912909091633e-01	   2.4447484090000637e-01	   4.5038851588891576e-01	   4.5215329724756037e-01	   2.4969188077694962e-01	   1.7300073208444217e-01	   4.9721482274018486e-01	   1.6146483494269528e-01	   4.4630186250705507e-02	  -2.9839789139624866e-02	   2.4087958775502608e-01	   1.8454878075486095e-01	  -1.6125779448746191e-01	  -6.5857556378206922e-02	   1.3110504811575061e-01	   7.6395459383309383e-02	   6.3671091322662215e-02	   9.7456902940275605e-02	  -2.5066522444958023e-03	   1.1808692966390245e-01	  -1.3698760563645235e-01	   7.6115923851761413e-03	  -5.9119502105790533e-02	   8.0769735498451237e-03	  -3.3185616459095055e-02	  -2.1806081190388006e-03	  -3.2618365354699624e-01	  -3.4020593683991940e-01	  -9.0337599212288372e-02	  -3.2334212203755729e-02	  -2.7310804298806424e-01	  -1.0544920434311036e-01	   2.8389648726587037e-02	  -2.8454139248763756e-02	   1.1103637554909161e-01	   2.2019103685928323e-01	   4.2650435401552556e-01	   2.1892048931375760e-01	
